Datasets/Multi_Species/NEE535/ned535_2020_003.cnv
* Sea-Bird SBE19plus Data File:
* Filename = C:/AQUIRE/ned535_2020_003.hex
* Software Version AquireV2 AF V2.0
* Temperature SN =  4579
* Conductivity SN =  4579
* System UpLoad Time = Dec 04 2020 22:27:38
** VESSEL/TRIP/SEQ STN: ned535_2020_003
** LATITUDE: 50 38.85 N
** LONGITUDE: 50 45.45 W
** DATE/TIME: 2020-12-04 21:27
** SOUNDING DEPTH (M):  448
** PROBE TYPE: S4579
** CTD NUMBER: 003
** COMMENTS: 
# nquan = 7                                 
# nvalues = 3272                        
# units = specified
# name 0 = scan: Scan Count
# name 1 = prdM: Pressure, Strain Gauge [db]
# name 2 = tv290C: Temperature [ITS-90, deg C]
# name 3 = c0S/m: Conductivity [S/m]
# name 4 = sal00: Salinity, Practical [PSU]
# name 5 = sigma-t00: Density [sigma-t, kg/m^3 ]
# name 6 = flag: flag
# span 0 =          1,       3272       
# span 1 =     -0.171,    452.416       
# span 2 =     1.4781,     3.9228       
# span 3 =   0.005078,   3.245680       
# span 4 =     0.0400,    34.7495       
# span 5 =    -0.0374,    27.5967       
# span 6 = 0.0000e+00, 0.0000e+00       
# interval = seconds: 1
# start_time = Dec 04 2020 21:27:38 [Instrument's time stamp, header]
# bad_flag = -9.990e-29
*END*
[from data line 206]
        207      2.170     1.5080   2.901399    33.3062    26.6502 0.0000e+00
        208      2.185     1.5143   2.902442    33.3127    26.6550 0.0000e+00
        209      2.264     1.5241   2.904168    33.3241    26.6635 0.0000e+00
        210      2.339     1.5316   2.905273    33.3301    26.6678 0.0000e+00
        211      2.386     1.5343   2.905369    33.3284    26.6662 0.0000e+00
        212      2.385     1.5345   2.905003    33.3236    26.6623 0.0000e+00
        213      2.322     1.5339   2.904639    33.3197    26.6592 0.0000e+00
        214      2.257     1.5326   2.904392    33.3180    26.6579 0.0000e+00
        215      2.254     1.5286   2.903989    33.3171    26.6575 0.0000e+00
        216      2.307     1.5207   2.902999    33.3129    26.6547 0.0000e+00
        217      2.385     1.5147   2.902382    33.3114    26.6539 0.0000e+00
        218      2.483     1.5155   2.903172    33.3205    26.6612 0.0000e+00
        219      2.610     1.5169   2.903514    33.3233    26.6633 0.0000e+00
        220      2.743     1.5162   2.902857    33.3156    26.6572 0.0000e+00
        221      2.814     1.5198   2.903483    33.3197    26.6602 0.0000e+00
        222      2.803     1.5277   2.905003    33.3306    26.6684 0.0000e+00
        223      2.746     1.5334   2.905495    33.3308    26.6682 0.0000e+00
        224      2.680     1.5345   2.904902    33.3222    26.6612 0.0000e+00
        225      2.630     1.5324   2.904177    33.3152    26.6557 0.0000e+00
        226      2.608     1.5305   2.904160    33.3170    26.6573 0.0000e+00
        227      2.628     1.5299   2.904792    33.3257    26.6643 0.0000e+00
        228      2.724     1.5279   2.904760    33.3273    26.6658 0.0000e+00
        229      2.888     1.5247   2.904168    33.3231    26.6626 0.0000e+00
        230      3.045     1.5264   2.904781    33.3290    26.6672 0.0000e+00
        231      3.127     1.5318   2.905811    33.3363    26.6727 0.0000e+00
        232      3.104     1.5347   2.905985    33.3354    26.6718 0.0000e+00
        233      3.008     1.5352   2.905962    33.3346    26.6711 0.0000e+00
        234      2.904     1.5354   2.906017    33.3352    26.6716 0.0000e+00
        235      2.826     1.5355   2.905984    33.3347    26.6712 0.0000e+00
        236      2.784     1.5354   2.905927    33.3341    26.6707 0.0000e+00
        237      2.797     1.5337   2.905729    33.3334    26.6702 0.0000e+00
        238      2.880     1.5309   2.905158    33.3291    26.6670 0.0000e+00
        239      3.032     1.5371   2.906513    33.3396    26.6750 0.0000e+00
        240      3.218     1.5615   2.911917    33.3820    26.7073 0.0000e+00
        241      3.363     1.5909   2.917458    33.4207    26.7363 0.0000e+00
        242      3.415     1.6062   2.919487    33.4301    26.7427 0.0000e+00
        243      3.388     1.6063   2.919115    33.4253    26.7389 0.0000e+00
        244      3.338     1.5998   2.917866    33.4164    26.7322 0.0000e+00
        245      3.318     1.5927   2.916727    33.4096    26.7272 0.0000e+00
        246      3.355     1.5867   2.916062    33.4075    26.7260 0.0000e+00
        247      3.454     1.5806   2.915182    33.4028    26.7227 0.0000e+00
        248      3.599     1.5734   2.913719    33.3919    26.7144 0.0000e+00
        249      3.753     1.5662   2.912260    33.3810    26.7062 0.0000e+00
        250      3.902     1.5602   2.911243    33.3744    26.7013 0.0000e+00
        251      4.061     1.5517   2.909672    33.3635    26.6931 0.0000e+00
        252      4.227     1.5383   2.906923    33.3428    26.6775 0.0000e+00
        253      4.367     1.5259   2.904778    33.3288    26.6671 0.0000e+00
        254      4.453     1.5209   2.904393    33.3291    26.6677 0.0000e+00
        255      4.486     1.5213   2.904819    33.3341    26.6717 0.0000e+00
        256      4.497     1.5225   2.905147    33.3370    26.6739 0.0000e+00
        257      4.538     1.5259   2.905496    33.3378    26.6743 0.0000e+00
        258      4.650     1.5440   2.908447    33.3558    26.6875 0.0000e+00
        259      4.834     1.5831   2.915808    33.4073    26.7261 0.0000e+00
        260      5.044     1.6189   2.922193    33.4499    26.7577 0.0000e+00
        261      5.220     1.6248   2.922370    33.4457    26.7540 0.0000e+00
        262      5.330     1.6106   2.919125    33.4197    26.7341 0.0000e+00
        263      5.376     1.5961   2.916541    33.4025    26.7213 0.0000e+00
        264      5.381     1.5844   2.915079    33.3964    26.7172 0.0000e+00
        265      5.390     1.5763   2.913865    33.3897    26.7124 0.0000e+00
        266      5.447     1.5781   2.914348    33.3938    26.7156 0.0000e+00
        267      5.559     1.5898   2.917083    33.4159    26.7325 0.0000e+00
        268      5.694     1.6034   2.919221    33.4284    26.7416 0.0000e+00
        269      5.812     1.6101   2.919771    33.4282    26.7409 0.0000e+00
        270      5.902     1.6044   2.918252    33.4150    26.7307 0.0000e+00
        271      5.967     1.5956   2.915875    33.3942    26.7147 0.0000e+00
        272      6.002     1.5986   2.916676    33.4011    26.7201 0.0000e+00
        273      6.016     1.6084   2.919038    33.4206    26.7350 0.0000e+00
        274      6.040     1.6136   2.919745    33.4240    26.7373 0.0000e+00
        275      6.115     1.6184   2.920604    33.4297    26.7416 0.0000e+00
        276      6.251     1.6259   2.921999    33.4393    26.7487 0.0000e+00
        277      6.421     1.6267   2.921597    33.4332    26.7438 0.0000e+00
        278      6.594     1.6177   2.920048    33.4231    26.7363 0.0000e+00
        279      6.734     1.6038   2.918039    33.4124    26.7287 0.0000e+00
        280      6.792     1.5847   2.914248    33.3848    26.7079 0.0000e+00
        281      6.745     1.5646   2.910622    33.3603    26.6897 0.0000e+00
        282      6.622     1.5564   2.909857    33.3594    26.6895 0.0000e+00
        283      6.490     1.5647   2.912466    33.3837    26.7084 0.0000e+00
        284      6.412     1.5770   2.915674    33.4112    26.7296 0.0000e+00
        285      6.418     1.5745   2.914388    33.3976    26.7189 0.0000e+00
        286      6.485     1.5601   2.910754    33.3669    26.6953 0.0000e+00
        287      6.549     1.5556   2.910419    33.3674    26.6960 0.0000e+00
        288      6.553     1.5683   2.913646    33.3947    26.7170 0.0000e+00
        289      6.482     1.5865   2.917414    33.4231    26.7385 0.0000e+00
        290      6.359     1.5909   2.917402    33.4183    26.7344 0.0000e+00
        291      6.242     1.5761   2.913349    33.3829    26.7070 0.0000e+00
        292      6.162     1.5604   2.910572    33.3644    26.6933 0.0000e+00
        293      6.076     1.5553   2.910642    33.3708    26.6987 0.0000e+00
        294      5.933     1.5522   2.909878    33.3645    26.6939 0.0000e+00
        295      5.731     1.5491   2.908270    33.3476    26.6805 0.0000e+00
        296      5.524     1.5486   2.907804    33.3423    26.6763 0.0000e+00
        297      5.404     1.5482   2.907698    33.3415    26.6757 0.0000e+00
        298      5.362     1.5507   2.908818    33.3530    26.6848 0.0000e+00
        299      5.297     1.5602   2.911396    33.3756    26.7022 0.0000e+00
        300      5.183     1.5720   2.913288    33.3870    26.7106 0.0000e+00
        301      5.066     1.5814   2.914839    33.3967    26.7177 0.0000e+00
        302      4.968     1.5874   2.915708    33.4014    26.7210 0.0000e+00
        303      4.902     1.5939   2.916480    33.4043    26.7229 0.0000e+00
        304      4.935     1.6059   2.918718    33.4198    26.7345 0.0000e+00
        305      5.062     1.6132   2.919746    33.4250    26.7381 0.0000e+00
        306      5.148     1.6039   2.917756    33.4097    26.7265 0.0000e+00
        307      5.105     1.5905   2.915192    33.3915    26.7129 0.0000e+00
        308      5.010     1.5839   2.914087    33.3846    26.7078 0.0000e+00
        309      4.964     1.5717   2.911764    33.3682    26.6955 0.0000e+00
        310      4.949     1.5554   2.908414    33.3431    26.6765 0.0000e+00
        311      4.908     1.5564   2.908972    33.3492    26.6813 0.0000e+00
        312      4.833     1.5855   2.915157    33.3965    26.7173 0.0000e+00
        313      4.766     1.6316   2.923888    33.4579    26.7633 0.0000e+00
        314      4.760     1.6711   2.929777    33.4902    26.7864 0.0000e+00
        315      4.827     1.6884   2.931306    33.4911    26.7858 0.0000e+00
        316      4.940     1.6859   2.930273    33.4806    26.7776 0.0000e+00
        317      5.070     1.6786   2.928948    33.4716    26.7709 0.0000e+00
        318      5.224     1.6707   2.928118    33.4695    26.7697 0.0000e+00
        319      5.411     1.6525   2.925204    33.4519    26.7570 0.0000e+00
        320      5.592     1.6324   2.921961    33.4322    26.7426 0.0000e+00
        321      5.742     1.6218   2.920976    33.4310    26.7424 0.0000e+00
        322      5.905     1.6222   2.920874    33.4292    26.7409 0.0000e+00
        323      6.115     1.6434   2.924505    33.4524    26.7580 0.0000e+00
        324      6.343     1.6769   2.930650    33.4942    26.7891 0.0000e+00
        325      6.534     1.6871   2.931162    33.4897    26.7848 0.0000e+00
        326      6.690     1.6649   2.925994    33.4480    26.7529 0.0000e+00
        327      6.842     1.6427   2.922377    33.4258    26.7367 0.0000e+00
        328      6.987     1.6510   2.924861    33.4483    26.7542 0.0000e+00
        329      7.133     1.6838   2.931141    33.4926    26.7873 0.0000e+00
        330      7.313     1.7143   2.935544    33.5156    26.8036 0.0000e+00
        331      7.546     1.7289   2.936837    33.5162    26.8030 0.0000e+00
        332      7.833     1.7314   2.936913    33.5143    26.8013 0.0000e+00
        333      8.174     1.7270   2.935901    33.5060    26.7950 0.0000e+00
        334      8.558     1.7195   2.934669    33.4983    26.7893 0.0000e+00
        335      8.940     1.7147   2.934469    33.5006    26.7916 0.0000e+00
        336      9.268     1.7149   2.934416    33.4996    26.7907 0.0000e+00
        337      9.546     1.7190   2.934951    33.5018    26.7922 0.0000e+00
        338      9.826     1.7232   2.935828    33.5082    26.7971 0.0000e+00
        339     10.155     1.7243   2.935795    33.5065    26.7955 0.0000e+00
        340     10.547     1.7258   2.936082    33.5083    26.7969 0.0000e+00
        341     10.987     1.7287   2.936673    33.5124    26.8000 0.0000e+00
        342     11.433     1.7286   2.936486    33.5099    26.7980 0.0000e+00
        343     11.845     1.7272   2.936333    33.5092    26.7975 0.0000e+00
        344     12.227     1.7271   2.936415    33.5101    26.7983 0.0000e+00
        345     12.607     1.7287   2.936564    33.5101    26.7981 0.0000e+00
        346     12.993     1.7329   2.937319    33.5149    26.8017 0.0000e+00
        347     13.380     1.7374   2.938061    33.5192    26.8048 0.0000e+00
        348     13.779     1.7404   2.938416    33.5203    26.8055 0.0000e+00
        349     14.204     1.7423   2.938707    33.5217    26.8065 0.0000e+00
        350     14.657     1.7439   2.938945    33.5227    26.8072 0.0000e+00
        351     15.122     1.7455   2.939186    33.5238    26.8079 0.0000e+00
        352     15.569     1.7471   2.939403    33.5246    26.8084 0.0000e+00
        353     15.979     1.7481   2.939541    33.5250    26.8087 0.0000e+00
        354     16.371     1.7488   2.939634    33.5252    26.8088 0.0000e+00
        355     16.775     1.7496   2.939745    33.5255    26.8090 0.0000e+00
        356     17.200     1.7508   2.939915    33.5262    26.8094 0.0000e+00
        357     17.639     1.7521   2.940105    33.5269    26.8099 0.0000e+00
        358     18.082     1.7532   2.940253    33.5274    26.8102 0.0000e+00
        359     18.526     1.7536   2.940361    33.5280    26.8107 0.0000e+00
        360     18.976     1.7536   2.940452    33.5289    26.8114 0.0000e+00
        361     19.436     1.7538   2.940529    33.5294    26.8118 0.0000e+00
        362     19.902     1.7538   2.940585    33.5299    26.8122 0.0000e+00
        363     20.363     1.7538   2.940634    33.5302    26.8125 0.0000e+00
        364     20.809     1.7538   2.940677    33.5305    26.8127 0.0000e+00
        365     21.250     1.7539   2.940748    33.5311    26.8131 0.0000e+00
        366     21.710     1.7542   2.940887    33.5322    26.8140 0.0000e+00
        367     22.198     1.7546   2.941036    33.5334    26.8150 0.0000e+00
        368     22.692     1.7549   2.941134    33.5340    26.8154 0.0000e+00
        369     23.168     1.7551   2.941195    33.5343    26.8157 0.0000e+00
        370     23.618     1.7552   2.941276    33.5350    26.8162 0.0000e+00
        371     24.052     1.7556   2.941417    33.5361    26.8170 0.0000e+00
        372     24.480     1.7563   2.941621    33.5377    26.8182 0.0000e+00
        373     24.902     1.7571   2.941831    33.5392    26.8194 0.0000e+00
        374     25.335     1.7578   2.941965    33.5399    26.8199 0.0000e+00
        375     25.802     1.7582   2.942032    33.5401    26.8200 0.0000e+00
        376     26.298     1.7585   2.942083    33.5401    26.8200 0.0000e+00
        377     26.790     1.7588   2.942140    33.5402    26.8201 0.0000e+00
        378     27.260     1.7591   2.942200    33.5404    26.8202 0.0000e+00
        379     27.718     1.7595   2.942265    33.5405    26.8203 0.0000e+00
        380     28.170     1.7603   2.942374    33.5408    26.8205 0.0000e+00
        381     28.615     1.7616   2.942548    33.5413    26.8208 0.0000e+00
        382     29.060     1.7633   2.942773    33.5421    26.8213 0.0000e+00
        383     29.523     1.7648   2.942976    33.5428    26.8218 0.0000e+00
        384     30.001     1.7656   2.943081    33.5430    26.8219 0.0000e+00
        385     30.478     1.7656   2.943095    33.5429    26.8218 0.0000e+00
        386     30.950     1.7651   2.943075    33.5429    26.8218 0.0000e+00
        387     31.422     1.7644   2.943069    33.5433    26.8222 0.0000e+00
        388     31.887     1.7649   2.943185    33.5440    26.8227 0.0000e+00
        389     32.338     1.7667   2.943476    33.5455    26.8238 0.0000e+00
        390     32.778     1.7688   2.943760    33.5466    26.8245 0.0000e+00
        391     33.212     1.7698   2.943879    33.5468    26.8246 0.0000e+00
        392     33.647     1.7701   2.943936    33.5469    26.8247 0.0000e+00
        393     34.099     1.7709   2.944066    33.5474    26.8250 0.0000e+00
        394     34.571     1.7726   2.944292    33.5482    26.8255 0.0000e+00
        395     35.043     1.7746   2.944558    33.5492    26.8261 0.0000e+00
        396     35.508     1.7763   2.944781    33.5499    26.8266 0.0000e+00
        397     35.970     1.7777   2.944950    33.5503    26.8268 0.0000e+00
        398     36.426     1.7786   2.945065    33.5505    26.8269 0.0000e+00
        399     36.879     1.7788   2.945106    33.5505    26.8269 0.0000e+00
        400     37.336     1.7788   2.945114    33.5504    26.8268 0.0000e+00
        401     37.795     1.7790   2.945146    33.5503    26.8267 0.0000e+00
        402     38.247     1.7796   2.945250    33.5507    26.8270 0.0000e+00
        403     38.682     1.7808   2.945416    33.5513    26.8274 0.0000e+00
        404     39.104     1.7820   2.945562    33.5516    26.8276 0.0000e+00
        405     39.528     1.7830   2.945698    33.5520    26.8278 0.0000e+00
        406     39.963     1.7839   2.945847    33.5527    26.8283 0.0000e+00
        407     40.406     1.7845   2.945939    33.5530    26.8284 0.0000e+00
        408     40.851     1.7845   2.945981    33.5532    26.8287 0.0000e+00
        409     41.295     1.7845   2.946016    33.5534    26.8288 0.0000e+00
        410     41.744     1.7845   2.946045    33.5535    26.8289 0.0000e+00
