Datasets/Multi_Species/NEE535/ned535_2020_015.cnv
* Sea-Bird SBE19plus Data File:
* Filename = C:/AQUIRE/ned535_2020_015.hex
* Software Version AquireV2 AF V2.0
* Temperature SN =  4579
* Conductivity SN =  4579
* System UpLoad Time = Dec 08 2020 13:20:35
** VESSEL/TRIP/SEQ STN: ned535_2020_015
** LATITUDE: 50 57.79 N
** LONGITUDE: 49 46.09 W
** DATE/TIME: 2020-12-08 11:46
** SOUNDING DEPTH (M):  991
** PROBE TYPE: S4579
** CTD NUMBER:  15
** COMMENTS: 
# nquan = 7                                 
# nvalues = 5369                        
# units = specified
# name 0 = scan: Scan Count
# name 1 = prdM: Pressure, Strain Gauge [db]
# name 2 = tv290C: Temperature [ITS-90, deg C]
# name 3 = c0S/m: Conductivity [S/m]
# name 4 = sal00: Salinity, Practical [PSU]
# name 5 = sigma-t00: Density [sigma-t, kg/m^3 ]
# name 6 = flag: flag
# span 0 =          1,       5369       
# span 1 =     -0.393,    959.672       
# span 2 =     2.2765,     4.0305       
# span 3 =   0.012394,   3.251585       
# span 4 =     0.0990,    34.8734       
# span 5 =     0.0437,    27.7326       
# span 6 = 0.0000e+00, 0.0000e+00       
# interval = seconds: 1
# start_time = Dec 08 2020 11:46:22 [Instrument's time stamp, header]
# bad_flag = -9.990e-29
*END*
[from data line 1231]
       1232     63.991     3.4674   3.165764    34.4581    27.4085 0.0000e+00
       1233     64.423     3.4707   3.166149    34.4590    27.4089 0.0000e+00
       1234     64.868     3.4733   3.166483    34.4600    27.4094 0.0000e+00
       1235     65.326     3.4754   3.166770    34.4610    27.4100 0.0000e+00
       1236     65.782     3.4772   3.167044    34.4621    27.4107 0.0000e+00
       1237     66.225     3.4794   3.167378    34.4635    27.4117 0.0000e+00
       1238     66.655     3.4827   3.167802    34.4649    27.4124 0.0000e+00
       1239     67.083     3.4878   3.168417    34.4667    27.4133 0.0000e+00
       1240     67.514     3.4944   3.169191    34.4688    27.4144 0.0000e+00
       1241     67.948     3.5013   3.169966    34.4705    27.4151 0.0000e+00
       1242     68.382     3.5080   3.170707    34.4721    27.4157 0.0000e+00
       1243     68.816     3.5153   3.171489    34.4735    27.4161 0.0000e+00
       1244     69.253     3.5262   3.172709    34.4764    27.4174 0.0000e+00
       1245     69.700     3.5438   3.174893    34.4838    27.4215 0.0000e+00
       1246     70.149     3.5648   3.177464    34.4922    27.4261 0.0000e+00
       1247     70.592     3.5808   3.179126    34.4950    27.4268 0.0000e+00
       1248     71.027     3.5885   3.179795    34.4946    27.4257 0.0000e+00
       1249     71.463     3.5915   3.180217    34.4962    27.4267 0.0000e+00
       1250     71.911     3.5930   3.180562    34.4986    27.4284 0.0000e+00
       1251     72.368     3.5934   3.180678    34.4993    27.4290 0.0000e+00
       1252     72.825     3.5926   3.180627    34.4993    27.4290 0.0000e+00
       1253     73.287     3.5913   3.180566    34.4997    27.4295 0.0000e+00
       1254     73.759     3.5896   3.180531    34.5008    27.4305 0.0000e+00
       1255     74.233     3.5877   3.180474    34.5018    27.4316 0.0000e+00
       1256     74.701     3.5862   3.180406    34.5024    27.4321 0.0000e+00
       1257     75.164     3.5852   3.180370    34.5027    27.4325 0.0000e+00
       1258     75.627     3.5842   3.180335    34.5031    27.4329 0.0000e+00
       1259     76.097     3.5831   3.180283    34.5034    27.4333 0.0000e+00
       1260     76.573     3.5821   3.180258    34.5039    27.4338 0.0000e+00
       1261     77.046     3.5816   3.180289    34.5046    27.4343 0.0000e+00
       1262     77.514     3.5817   3.180395    34.5055    27.4351 0.0000e+00
       1263     77.980     3.5829   3.180629    34.5067    27.4360 0.0000e+00
       1264     78.449     3.5850   3.180933    34.5079    27.4367 0.0000e+00
       1265     78.922     3.5870   3.181181    34.5085    27.4370 0.0000e+00
       1266     79.395     3.5889   3.181408    34.5090    27.4371 0.0000e+00
       1267     79.864     3.5913   3.181731    34.5100    27.4378 0.0000e+00
       1268     80.329     3.5943   3.182154    34.5117    27.4388 0.0000e+00
       1269     80.791     3.5979   3.182587    34.5128    27.4393 0.0000e+00
       1270     81.249     3.6011   3.182973    34.5138    27.4398 0.0000e+00
       1271     81.704     3.6044   3.183380    34.5150    27.4404 0.0000e+00
       1272     82.158     3.6086   3.183941    34.5170    27.4416 0.0000e+00
       1273     82.616     3.6140   3.184673    34.5198    27.4433 0.0000e+00
       1274     83.082     3.6197   3.185373    34.5219    27.4444 0.0000e+00
       1275     83.552     3.6241   3.185856    34.5228    27.4447 0.0000e+00
       1276     84.013     3.6268   3.186181    34.5236    27.4450 0.0000e+00
       1277     84.467     3.6290   3.186477    34.5245    27.4456 0.0000e+00
       1278     84.922     3.6316   3.186826    34.5257    27.4463 0.0000e+00
       1279     85.379     3.6347   3.187262    34.5274    27.4473 0.0000e+00
       1280     85.840     3.6380   3.187726    34.5292    27.4484 0.0000e+00
       1281     86.312     3.6410   3.188141    34.5308    27.4493 0.0000e+00
       1282     86.794     3.6435   3.188471    34.5318    27.4499 0.0000e+00
       1283     87.277     3.6456   3.188719    34.5323    27.4501 0.0000e+00
       1284     87.754     3.6482   3.189031    34.5330    27.4504 0.0000e+00
       1285     88.229     3.6527   3.189621    34.5351    27.4516 0.0000e+00
       1286     88.700     3.6608   3.190657    34.5387    27.4537 0.0000e+00
       1287     89.163     3.6725   3.192217    34.5447    27.4573 0.0000e+00
       1288     89.619     3.6851   3.193841    34.5506    27.4607 0.0000e+00
       1289     90.075     3.6960   3.195104    34.5539    27.4623 0.0000e+00
       1290     90.540     3.7058   3.196310    34.5577    27.4643 0.0000e+00
       1291     91.015     3.7149   3.197492    34.5620    27.4668 0.0000e+00
       1292     91.490     3.7222   3.198362    34.5644    27.4680 0.0000e+00
       1293     91.961     3.7276   3.199004    34.5661    27.4688 0.0000e+00
       1294     92.430     3.7322   3.199610    34.5682    27.4701 0.0000e+00
       1295     92.902     3.7366   3.200263    34.5711    27.4719 0.0000e+00
       1296     93.380     3.7407   3.200879    34.5739    27.4737 0.0000e+00
       1297     93.859     3.7443   3.201349    34.5754    27.4746 0.0000e+00
       1298     94.327     3.7473   3.201761    34.5769    27.4755 0.0000e+00
       1299     94.791     3.7504   3.202266    34.5794    27.4772 0.0000e+00
       1300     95.260     3.7537   3.202747    34.5814    27.4784 0.0000e+00
       1301     95.730     3.7558   3.203024    34.5823    27.4789 0.0000e+00
       1302     96.194     3.7571   3.203209    34.5828    27.4792 0.0000e+00
       1303     96.656     3.7584   3.203450    34.5841    27.4801 0.0000e+00
       1304     97.123     3.7600   3.203744    34.5857    27.4811 0.0000e+00
       1305     97.598     3.7618   3.204035    34.5870    27.4820 0.0000e+00
       1306     98.079     3.7634   3.204281    34.5880    27.4826 0.0000e+00
       1307     98.558     3.7652   3.204566    34.5892    27.4834 0.0000e+00
       1308     99.029     3.7672   3.204935    34.5912    27.4849 0.0000e+00
       1309     99.496     3.7693   3.205270    34.5928    27.4859 0.0000e+00
       1310     99.966     3.7712   3.205570    34.5941    27.4867 0.0000e+00
       1311    100.434     3.7730   3.205862    34.5954    27.4876 0.0000e+00
       1312    100.896     3.7743   3.206053    34.5961    27.4880 0.0000e+00
       1313    101.357     3.7751   3.206177    34.5965    27.4882 0.0000e+00
       1314    101.824     3.7757   3.206299    34.5970    27.4886 0.0000e+00
       1315    102.300     3.7765   3.206421    34.5974    27.4888 0.0000e+00
       1316    102.775     3.7773   3.206530    34.5976    27.4889 0.0000e+00
       1317    103.244     3.7783   3.206679    34.5980    27.4891 0.0000e+00
       1318    103.713     3.7799   3.206968    34.5995    27.4902 0.0000e+00
       1319    104.187     3.7821   3.207344    34.6014    27.4915 0.0000e+00
       1320    104.664     3.7847   3.207701    34.6027    27.4922 0.0000e+00
       1321    105.139     3.7886   3.208216    34.6045    27.4932 0.0000e+00
       1322    105.615     3.7935   3.208934    34.6076    27.4952 0.0000e+00
       1323    106.096     3.7978   3.209508    34.6096    27.4964 0.0000e+00
       1324    106.581     3.8015   3.209929    34.6105    27.4967 0.0000e+00
       1325    107.066     3.8052   3.210438    34.6124    27.4978 0.0000e+00
       1326    107.541     3.8091   3.211015    34.6149    27.4994 0.0000e+00
       1327    108.006     3.8127   3.211558    34.6173    27.5010 0.0000e+00
       1328    108.474     3.8155   3.211942    34.6187    27.5018 0.0000e+00
       1329    108.944     3.8171   3.212147    34.6192    27.5020 0.0000e+00
       1330    109.409     3.8180   3.212276    34.6195    27.5022 0.0000e+00
       1331    109.869     3.8190   3.212402    34.6197    27.5023 0.0000e+00
       1332    110.329     3.8200   3.212567    34.6204    27.5027 0.0000e+00
       1333    110.790     3.8211   3.212773    34.6214    27.5034 0.0000e+00
       1334    111.251     3.8224   3.212986    34.6223    27.5040 0.0000e+00
       1335    111.712     3.8235   3.213161    34.6230    27.5044 0.0000e+00
       1336    112.180     3.8243   3.213292    34.6234    27.5047 0.0000e+00
       1337    112.659     3.8251   3.213421    34.6239    27.5050 0.0000e+00
       1338    113.145     3.8258   3.213567    34.6246    27.5055 0.0000e+00
       1339    113.632     3.8264   3.213716    34.6255    27.5061 0.0000e+00
       1340    114.112     3.8271   3.213858    34.6262    27.5066 0.0000e+00
       1341    114.580     3.8276   3.213975    34.6268    27.5070 0.0000e+00
       1342    115.038     3.8280   3.214065    34.6272    27.5073 0.0000e+00
       1343    115.493     3.8284   3.214156    34.6276    27.5076 0.0000e+00
       1344    115.949     3.8289   3.214253    34.6280    27.5079 0.0000e+00
       1345    116.406     3.8295   3.214351    34.6283    27.5080 0.0000e+00
       1346    116.866     3.8300   3.214452    34.6287    27.5083 0.0000e+00
       1347    117.330     3.8305   3.214556    34.6292    27.5086 0.0000e+00
       1348    117.803     3.8314   3.214697    34.6296    27.5089 0.0000e+00
       1349    118.279     3.8327   3.214914    34.6306    27.5095 0.0000e+00
       1350    118.750     3.8344   3.215178    34.6317    27.5102 0.0000e+00
       1351    119.210     3.8363   3.215455    34.6327    27.5109 0.0000e+00
       1352    119.665     3.8384   3.215737    34.6336    27.5114 0.0000e+00
       1353    120.130     3.8407   3.216061    34.6348    27.5121 0.0000e+00
       1354    120.606     3.8431   3.216443    34.6366    27.5132 0.0000e+00
       1355    121.078     3.8452   3.216753    34.6378    27.5140 0.0000e+00
       1356    121.543     3.8466   3.216933    34.6382    27.5142 0.0000e+00
       1357    122.008     3.8482   3.217153    34.6389    27.5145 0.0000e+00
       1358    122.475     3.8505   3.217529    34.6407    27.5157 0.0000e+00
       1359    122.940     3.8532   3.217944    34.6425    27.5169 0.0000e+00
       1360    123.402     3.8553   3.218247    34.6436    27.5176 0.0000e+00
       1361    123.866     3.8566   3.218423    34.6441    27.5179 0.0000e+00
       1362    124.339     3.8573   3.218506    34.6441    27.5178 0.0000e+00
       1363    124.815     3.8577   3.218564    34.6441    27.5177 0.0000e+00
       1364    125.292     3.8583   3.218679    34.6446    27.5181 0.0000e+00
       1365    125.772     3.8590   3.218814    34.6452    27.5185 0.0000e+00
       1366    126.255     3.8597   3.218924    34.6455    27.5187 0.0000e+00
       1367    126.738     3.8603   3.219022    34.6458    27.5188 0.0000e+00
       1368    127.218     3.8609   3.219123    34.6461    27.5190 0.0000e+00
       1369    127.688     3.8615   3.219229    34.6465    27.5192 0.0000e+00
       1370    128.149     3.8620   3.219348    34.6471    27.5197 0.0000e+00
       1371    128.608     3.8625   3.219466    34.6477    27.5201 0.0000e+00
       1372    129.070     3.8630   3.219554    34.6480    27.5203 0.0000e+00
       1373    129.536     3.8634   3.219623    34.6481    27.5204 0.0000e+00
       1374    130.000     3.8635   3.219688    34.6486    27.5207 0.0000e+00
       1375    130.460     3.8636   3.219761    34.6491    27.5211 0.0000e+00
       1376    130.925     3.8638   3.219880    34.6500    27.5218 0.0000e+00
       1377    131.402     3.8644   3.220147    34.6523    27.5236 0.0000e+00
       1378    131.887     3.8655   3.220534    34.6555    27.5260 0.0000e+00
       1379    132.362     3.8666   3.220871    34.6581    27.5280 0.0000e+00
       1380    132.823     3.8677   3.221162    34.6602    27.5295 0.0000e+00
       1381    133.291     3.8687   3.221463    34.6624    27.5312 0.0000e+00
       1382    133.783     3.8699   3.221732    34.6641    27.5324 0.0000e+00
       1383    134.294     3.8708   3.221927    34.6652    27.5332 0.0000e+00
       1384    134.801     3.8716   3.222051    34.6656    27.5334 0.0000e+00
       1385    135.290     3.8724   3.222225    34.6665    27.5341 0.0000e+00
       1386    135.763     3.8735   3.222508    34.6685    27.5355 0.0000e+00
       1387    136.231     3.8748   3.222771    34.6700    27.5366 0.0000e+00
       1388    136.700     3.8758   3.222973    34.6711    27.5373 0.0000e+00
       1389    137.171     3.8765   3.223155    34.6722    27.5382 0.0000e+00
       1390    137.648     3.8770   3.223304    34.6732    27.5389 0.0000e+00
       1391    138.136     3.8775   3.223400    34.6736    27.5392 0.0000e+00
       1392    138.633     3.8776   3.223434    34.6736    27.5392 0.0000e+00
       1393    139.132     3.8776   3.223452    34.6735    27.5391 0.0000e+00
       1394    139.627     3.8777   3.223515    34.6739    27.5394 0.0000e+00
       1395    140.112     3.8780   3.223600    34.6744    27.5397 0.0000e+00
       1396    140.591     3.8782   3.223669    34.6747    27.5400 0.0000e+00
       1397    141.069     3.8784   3.223733    34.6750    27.5402 0.0000e+00
       1398    141.550     3.8786   3.223793    34.6752    27.5404 0.0000e+00
       1399    142.039     3.8788   3.223842    34.6753    27.5404 0.0000e+00
       1400    142.534     3.8793   3.223916    34.6754    27.5405 0.0000e+00
       1401    143.024     3.8803   3.224077    34.6760    27.5408 0.0000e+00
       1402    143.504     3.8817   3.224321    34.6772    27.5416 0.0000e+00
       1403    143.978     3.8832   3.224573    34.6783    27.5424 0.0000e+00
       1404    144.457     3.8846   3.224796    34.6793    27.5430 0.0000e+00
       1405    144.940     3.8860   3.225006    34.6800    27.5434 0.0000e+00
       1406    145.426     3.8872   3.225212    34.6809    27.5440 0.0000e+00
       1407    145.919     3.8884   3.225412    34.6818    27.5446 0.0000e+00
       1408    146.422     3.8897   3.225614    34.6825    27.5451 0.0000e+00
       1409    146.923     3.8911   3.225853    34.6836    27.5458 0.0000e+00
       1410    147.413     3.8931   3.226194    34.6853    27.5469 0.0000e+00
       1411    147.895     3.8954   3.226574    34.6871    27.5481 0.0000e+00
       1412    148.375     3.8975   3.226874    34.6882    27.5488 0.0000e+00
       1413    148.850     3.8991   3.227122    34.6892    27.5494 0.0000e+00
       1414    149.316     3.9005   3.227325    34.6899    27.5498 0.0000e+00
       1415    149.778     3.9015   3.227480    34.6904    27.5501 0.0000e+00
       1416    150.247     3.9030   3.227711    34.6914    27.5507 0.0000e+00
       1417    150.723     3.9051   3.228038    34.6928    27.5516 0.0000e+00
       1418    151.203     3.9073   3.228365    34.6941    27.5524 0.0000e+00
       1419    151.683     3.9094   3.228688    34.6954    27.5533 0.0000e+00
       1420    152.165     3.9113   3.228994    34.6968    27.5542 0.0000e+00
       1421    152.650     3.9128   3.229224    34.6977    27.5547 0.0000e+00
       1422    153.139     3.9140   3.229393    34.6982    27.5550 0.0000e+00
       1423    153.631     3.9149   3.229538    34.6987    27.5553 0.0000e+00
       1424    154.128     3.9158   3.229691    34.6993    27.5557 0.0000e+00
       1425    154.621     3.9169   3.229845    34.6997    27.5559 0.0000e+00
       1426    155.097     3.9176   3.229959    34.7000    27.5561 0.0000e+00
       1427    155.560     3.9181   3.230044    34.7003    27.5562 0.0000e+00
       1428    156.028     3.9185   3.230121    34.7005    27.5564 0.0000e+00
       1429    156.513     3.9191   3.230213    34.7007    27.5565 0.0000e+00
       1430    157.011     3.9198   3.230325    34.7010    27.5567 0.0000e+00
       1431    157.506     3.9205   3.230440    34.7014    27.5569 0.0000e+00
       1432    157.991     3.9211   3.230547    34.7018    27.5571 0.0000e+00
       1433    158.477     3.9219   3.230663    34.7020    27.5572 0.0000e+00
       1434    158.968     3.9226   3.230793    34.7026    27.5576 0.0000e+00
       1435    159.462     3.9236   3.230952    34.7031    27.5580 0.0000e+00
