Datasets/Multi_Species/NEE535/ned535_2020_015.cnv
* Sea-Bird SBE19plus Data File:
* Filename = C:/AQUIRE/ned535_2020_015.hex
* Software Version AquireV2 AF V2.0
* Temperature SN =  4579
* Conductivity SN =  4579
* System UpLoad Time = Dec 08 2020 13:20:35
** VESSEL/TRIP/SEQ STN: ned535_2020_015
** LATITUDE: 50 57.79 N
** LONGITUDE: 49 46.09 W
** DATE/TIME: 2020-12-08 11:46
** SOUNDING DEPTH (M):  991
** PROBE TYPE: S4579
** CTD NUMBER:  15
** COMMENTS: 
# nquan = 7                                 
# nvalues = 5369                        
# units = specified
# name 0 = scan: Scan Count
# name 1 = prdM: Pressure, Strain Gauge [db]
# name 2 = tv290C: Temperature [ITS-90, deg C]
# name 3 = c0S/m: Conductivity [S/m]
# name 4 = sal00: Salinity, Practical [PSU]
# name 5 = sigma-t00: Density [sigma-t, kg/m^3 ]
# name 6 = flag: flag
# span 0 =          1,       5369       
# span 1 =     -0.393,    959.672       
# span 2 =     2.2765,     4.0305       
# span 3 =   0.012394,   3.251585       
# span 4 =     0.0990,    34.8734       
# span 5 =     0.0437,    27.7326       
# span 6 = 0.0000e+00, 0.0000e+00       
# interval = seconds: 1
# start_time = Dec 08 2020 11:46:22 [Instrument's time stamp, header]
# bad_flag = -9.990e-29
*END*
[from data line 411]
        412     -0.308     2.7916   0.013446     0.1077     0.0510 0.0000e+00
        413     -0.303     2.7917   0.013369     0.1071     0.0504 0.0000e+00
        414     -0.302     2.7919   0.013256     0.1061     0.0497 0.0000e+00
        415     -0.301     2.7919   0.013196     0.1056     0.0493 0.0000e+00
        416     -0.300     2.7919   0.013196     0.1056     0.0493 0.0000e+00
        417     -0.302     2.7919   0.013200     0.1057     0.0493 0.0000e+00
        418     -0.304     2.7919   0.013190     0.1056     0.0492 0.0000e+00
        419     -0.306     2.7920   0.013166     0.1054     0.0491 0.0000e+00
        420     -0.309     2.7920   0.013112     0.1049     0.0487 0.0000e+00
        421     -0.309     2.7921   0.013025     0.1042     0.0481 0.0000e+00
        422     -0.305     2.7923   0.012971     0.1038     0.0478 0.0000e+00
        423     -0.302     2.7923   0.013003     0.1040     0.0480 0.0000e+00
        424     -0.303     2.7923   0.013064     0.1045     0.0484 0.0000e+00
        425     -0.305     2.7924   0.013061     0.1045     0.0484 0.0000e+00
        426     -0.307     2.7925   0.013053     0.1045     0.0483 0.0000e+00
        427     -0.308     2.7926   0.013197     0.1057     0.0493 0.0000e+00
        428     -0.306     2.7927   0.013437     0.1076     0.0509 0.0000e+00
        429     -0.303     2.7927   0.013529     0.1084     0.0515 0.0000e+00
        430     -0.302     2.7927   0.013422     0.1075     0.0508 0.0000e+00
        431     -0.305     2.7929   0.013296     0.1065     0.0500 0.0000e+00
        432     -0.310     2.7929   0.013253     0.1061     0.0497 0.0000e+00
        433     -0.312     2.7927   0.013271     0.1063     0.0498 0.0000e+00
        434     -0.311     2.7927   0.013417     0.1075     0.0508 0.0000e+00
        435     -0.307     2.7927   0.013809     0.1107     0.0534 0.0000e+00
        436     -0.305     2.7928   0.014214     0.1141     0.0562 0.0000e+00
        437     -0.304     2.7929   0.014219     0.1142     0.0562 0.0000e+00
        438     -0.303     2.7929   0.013886     0.1114     0.0540 0.0000e+00
        439     -0.301     2.7929   0.013552     0.1086     0.0517 0.0000e+00
        440     -0.300     2.7929   0.013380     0.1072     0.0505 0.0000e+00
        441     -0.301     2.7930   0.013334     0.1068     0.0502 0.0000e+00
        442     -0.303     2.7930   0.013301     0.1065     0.0500 0.0000e+00
        443     -0.303     2.7931   0.013233     0.1059     0.0496 0.0000e+00
        444     -0.301     2.7931   0.013163     0.1054     0.0491 0.0000e+00
        445     -0.300     2.7931   0.013102     0.1049     0.0487 0.0000e+00
        446     -0.301     2.7931   0.013022     0.1042     0.0481 0.0000e+00
        447     -0.303     2.7931   0.012967     0.1037     0.0478 0.0000e+00
        448     -0.304     2.7931   0.013068     0.1046     0.0484 0.0000e+00
        449     -0.304     2.7931   0.013335     0.1068     0.0502 0.0000e+00
        450     -0.304     2.7933   0.013535     0.1085     0.0516 0.0000e+00
        451     -0.305     2.7933   0.013494     0.1081     0.0513 0.0000e+00
        452     -0.307     2.7933   0.013345     0.1069     0.0503 0.0000e+00
        453     -0.308     2.7933   0.013293     0.1064     0.0500 0.0000e+00
        454     -0.306     2.7932   0.013409     0.1074     0.0507 0.0000e+00
        455     -0.302     2.7931   0.013556     0.1086     0.0517 0.0000e+00
        456     -0.300     2.7931   0.013571     0.1088     0.0518 0.0000e+00
        457     -0.301     2.7933   0.013516     0.1083     0.0515 0.0000e+00
        458     -0.303     2.7934   0.013452     0.1078     0.0510 0.0000e+00
        459     -0.304     2.7934   0.013332     0.1068     0.0502 0.0000e+00
        460     -0.304     2.7934   0.013179     0.1055     0.0492 0.0000e+00
        461     -0.304     2.7934   0.013110     0.1049     0.0487 0.0000e+00
        462     -0.304     2.7934   0.013170     0.1054     0.0491 0.0000e+00
        463     -0.304     2.7934   0.013239     0.1060     0.0496 0.0000e+00
        464     -0.304     2.7935   0.013207     0.1057     0.0494 0.0000e+00
        465     -0.305     2.7935   0.013108     0.1049     0.0487 0.0000e+00
        466     -0.307     2.7935   0.013006     0.1041     0.0480 0.0000e+00
        467     -0.308     2.7935   0.012935     0.1035     0.0475 0.0000e+00
        468     -0.307     2.7935   0.012985     0.1039     0.0479 0.0000e+00
        469     -0.306     2.7935   0.013260     0.1062     0.0497 0.0000e+00
        470     -0.307     2.7935   0.013579     0.1088     0.0519 0.0000e+00
        471     -0.308     2.7935   0.013613     0.1091     0.0521 0.0000e+00
        472     -0.307     2.7935   0.013385     0.1072     0.0506 0.0000e+00
        473     -0.307     2.7935   0.013176     0.1055     0.0492 0.0000e+00
        474     -0.308     2.7935   0.013146     0.1052     0.0490 0.0000e+00
        475     -0.308     2.7937   0.013227     0.1059     0.0495 0.0000e+00
        476     -0.308     2.7938   0.013240     0.1060     0.0496 0.0000e+00
        477     -0.311     2.7938   0.013138     0.1052     0.0489 0.0000e+00
        478     -0.311     2.7938   0.013008     0.1041     0.0480 0.0000e+00
        479     -0.308     2.7938   0.012949     0.1036     0.0476 0.0000e+00
        480     -0.307     2.7938   0.013104     0.1049     0.0487 0.0000e+00
        481     -0.308     2.7938   0.013470     0.1079     0.0512 0.0000e+00
        482     -0.306     2.7939   0.013710     0.1099     0.0528 0.0000e+00
        483     -0.303     2.7939   0.013615     0.1091     0.0521 0.0000e+00
        484     -0.303     2.7939   0.013389     0.1072     0.0506 0.0000e+00
        485     -0.305     2.7939   0.013231     0.1059     0.0495 0.0000e+00
        486     -0.306     2.7939   0.013182     0.1055     0.0492 0.0000e+00
        487     -0.305     2.7939   0.013259     0.1062     0.0497 0.0000e+00
        488     -0.305     2.7939   0.013453     0.1078     0.0510 0.0000e+00
        489     -0.307     2.7939   0.013672     0.1096     0.0525 0.0000e+00
        490     -0.308     2.7939   0.013778     0.1105     0.0532 0.0000e+00
        491     -0.308     2.7939   0.013724     0.1100     0.0529 0.0000e+00
        492     -0.308     2.7939   0.013565     0.1087     0.0518 0.0000e+00
        493     -0.310     2.7939   0.013367     0.1071     0.0505 0.0000e+00
        494     -0.308     2.7939   0.013185     0.1055     0.0492 0.0000e+00
        495     -0.304     2.7939   0.013081     0.1047     0.0485 0.0000e+00
        496     -0.305     2.7939   0.013118     0.1050     0.0488 0.0000e+00
        497     -0.307     2.7939   0.013274     0.1063     0.0498 0.0000e+00
        498     -0.306     2.7938   0.013361     0.1070     0.0504 0.0000e+00
        499     -0.303     2.7938   0.013308     0.1066     0.0501 0.0000e+00
        500     -0.302     2.7938   0.013320     0.1067     0.0501 0.0000e+00
        501     -0.305     2.7938   0.013462     0.1079     0.0511 0.0000e+00
        502     -0.309     2.7939   0.013502     0.1082     0.0514 0.0000e+00
        503     -0.310     2.7940   0.013355     0.1070     0.0504 0.0000e+00
        504     -0.307     2.7940   0.013188     0.1056     0.0493 0.0000e+00
        505     -0.306     2.7940   0.013110     0.1049     0.0487 0.0000e+00
        506     -0.308     2.7940   0.013114     0.1050     0.0488 0.0000e+00
        507     -0.311     2.7940   0.013216     0.1058     0.0495 0.0000e+00
        508     -0.311     2.7941   0.013381     0.1072     0.0506 0.0000e+00
        509     -0.308     2.7942   0.013446     0.1077     0.0510 0.0000e+00
        510     -0.306     2.7942   0.013357     0.1070     0.0504 0.0000e+00
        511     -0.307     2.7942   0.013229     0.1059     0.0495 0.0000e+00
        512     -0.308     2.7942   0.013171     0.1054     0.0491 0.0000e+00
        513     -0.307     2.7942   0.013204     0.1057     0.0494 0.0000e+00
        514     -0.307     2.7942   0.013244     0.1060     0.0496 0.0000e+00
        515     -0.308     2.7942   0.013195     0.1056     0.0493 0.0000e+00
        516     -0.307     2.7942   0.013098     0.1048     0.0487 0.0000e+00
        517     -0.305     2.7942   0.013121     0.1050     0.0488 0.0000e+00
        518     -0.304     2.7942   0.013318     0.1067     0.0501 0.0000e+00
        519     -0.304     2.7942   0.013469     0.1079     0.0512 0.0000e+00
        520     -0.303     2.7942   0.013399     0.1073     0.0507 0.0000e+00
        521     -0.301     2.7942   0.013292     0.1064     0.0500 0.0000e+00
        522     -0.300     2.7942   0.013310     0.1066     0.0501 0.0000e+00
        523     -0.301     2.7942   0.013332     0.1068     0.0502 0.0000e+00
        524     -0.302     2.7942   0.013275     0.1063     0.0499 0.0000e+00
        525     -0.301     2.7942   0.013258     0.1062     0.0497 0.0000e+00
        526     -0.300     2.7942   0.013327     0.1067     0.0502 0.0000e+00
        527     -0.301     2.7942   0.013340     0.1068     0.0503 0.0000e+00
        528     -0.303     2.7942   0.013241     0.1060     0.0496 0.0000e+00
        529     -0.304     2.7942   0.013158     0.1053     0.0491 0.0000e+00
        530     -0.304     2.7942   0.013190     0.1056     0.0493 0.0000e+00
        531     -0.304     2.7942   0.013305     0.1065     0.0501 0.0000e+00
        532     -0.305     2.7942   0.013406     0.1074     0.0507 0.0000e+00
        533     -0.307     2.7942   0.013413     0.1074     0.0508 0.0000e+00
        534     -0.310     2.7942   0.013345     0.1069     0.0503 0.0000e+00
        535     -0.310     2.7942   0.013282     0.1064     0.0499 0.0000e+00
        536     -0.307     2.7942   0.013230     0.1059     0.0495 0.0000e+00
        537     -0.305     2.7942   0.013169     0.1054     0.0491 0.0000e+00
        538     -0.305     2.7942   0.013186     0.1056     0.0493 0.0000e+00
        539     -0.307     2.7942   0.013337     0.1068     0.0503 0.0000e+00
        540     -0.309     2.7942   0.013442     0.1077     0.0510 0.0000e+00
        541     -0.309     2.7942   0.013357     0.1070     0.0504 0.0000e+00
        542     -0.308     2.7942   0.013247     0.1061     0.0497 0.0000e+00
        543     -0.307     2.7942   0.013277     0.1063     0.0499 0.0000e+00
        544     -0.305     2.7942   0.013347     0.1069     0.0503 0.0000e+00
        545     -0.304     2.7942   0.013316     0.1066     0.0501 0.0000e+00
        546     -0.304     2.7942   0.013235     0.1060     0.0496 0.0000e+00
        547     -0.305     2.7940   0.013168     0.1054     0.0491 0.0000e+00
        548     -0.307     2.7940   0.013076     0.1046     0.0485 0.0000e+00
        549     -0.310     2.7941   0.013002     0.1040     0.0480 0.0000e+00
        550     -0.310     2.7942   0.013068     0.1046     0.0485 0.0000e+00
        551     -0.305     2.7942   0.013222     0.1059     0.0495 0.0000e+00
        552     -0.302     2.7942   0.013300     0.1065     0.0500 0.0000e+00
        553     -0.303     2.7942   0.013366     0.1071     0.0505 0.0000e+00
        554     -0.307     2.7942   0.013506     0.1082     0.0514 0.0000e+00
        555     -0.310     2.7942   0.013561     0.1087     0.0518 0.0000e+00
        556     -0.310     2.7942   0.013427     0.1076     0.0509 0.0000e+00
        557     -0.309     2.7942   0.013237     0.1060     0.0496 0.0000e+00
        558     -0.308     2.7940   0.013138     0.1052     0.0489 0.0000e+00
        559     -0.305     2.7940   0.013236     0.1060     0.0496 0.0000e+00
        560     -0.303     2.7940   0.013639     0.1093     0.0523 0.0000e+00
        561     -0.305     2.7940   0.014126     0.1134     0.0556 0.0000e+00
        562     -0.305     2.7941   0.014245     0.1144     0.0564 0.0000e+00
        563     -0.304     2.7941   0.013992     0.1123     0.0547 0.0000e+00
        564     -0.304     2.7940   0.013687     0.1097     0.0526 0.0000e+00
        565     -0.305     2.7940   0.013495     0.1081     0.0513 0.0000e+00
        566     -0.308     2.7940   0.013403     0.1074     0.0507 0.0000e+00
        567     -0.311     2.7940   0.013357     0.1070     0.0504 0.0000e+00
        568     -0.311     2.7940   0.013337     0.1068     0.0503 0.0000e+00
        569     -0.310     2.7941   0.013350     0.1069     0.0504 0.0000e+00
        570     -0.310     2.7942   0.013422     0.1075     0.0508 0.0000e+00
        571     -0.310     2.7941   0.013570     0.1088     0.0518 0.0000e+00
        572     -0.309     2.7940   0.013721     0.1100     0.0529 0.0000e+00
        573     -0.307     2.7939   0.013745     0.1102     0.0530 0.0000e+00
        574     -0.306     2.7939   0.013606     0.1091     0.0521 0.0000e+00
        575     -0.308     2.7939   0.013396     0.1073     0.0507 0.0000e+00
        576     -0.310     2.7939   0.013242     0.1060     0.0496 0.0000e+00
        577     -0.310     2.7939   0.013284     0.1064     0.0499 0.0000e+00
        578     -0.307     2.7939   0.013643     0.1094     0.0523 0.0000e+00
        579     -0.305     2.7940   0.014068     0.1129     0.0552 0.0000e+00
        580     -0.305     2.7941   0.014102     0.1132     0.0554 0.0000e+00
        581     -0.307     2.7940   0.013805     0.1107     0.0534 0.0000e+00
        582     -0.308     2.7940   0.013519     0.1083     0.0515 0.0000e+00
        583     -0.307     2.7940   0.013361     0.1070     0.0504 0.0000e+00
        584     -0.306     2.7940   0.013309     0.1066     0.0501 0.0000e+00
        585     -0.307     2.7940   0.013330     0.1068     0.0502 0.0000e+00
        586     -0.308     2.7940   0.013400     0.1073     0.0507 0.0000e+00
        587     -0.307     2.7940   0.013559     0.1087     0.0518 0.0000e+00
        588     -0.306     2.7940   0.013800     0.1107     0.0534 0.0000e+00
        589     -0.307     2.7941   0.013973     0.1121     0.0546 0.0000e+00
        590     -0.309     2.7942   0.013950     0.1119     0.0544 0.0000e+00
        591     -0.311     2.7942   0.013793     0.1106     0.0534 0.0000e+00
        592     -0.314     2.7942   0.013653     0.1094     0.0524 0.0000e+00
        593     -0.317     2.7942   0.013623     0.1092     0.0522 0.0000e+00
        594     -0.314     2.7942   0.013679     0.1097     0.0526 0.0000e+00
        595     -0.311     2.7940   0.013698     0.1098     0.0527 0.0000e+00
        596     -0.310     2.7940   0.013646     0.1094     0.0524 0.0000e+00
        597     -0.310     2.7940   0.013709     0.1099     0.0528 0.0000e+00
        598     -0.310     2.7940   0.013903     0.1115     0.0541 0.0000e+00
        599     -0.310     2.7940   0.013944     0.1119     0.0544 0.0000e+00
        600     -0.309     2.7939   0.013781     0.1105     0.0533 0.0000e+00
        601     -0.308     2.7939   0.013670     0.1096     0.0525 0.0000e+00
        602     -0.309     2.7939   0.013784     0.1105     0.0533 0.0000e+00
        603     -0.312     2.7939   0.014041     0.1127     0.0550 0.0000e+00
        604     -0.314     2.7939   0.014190     0.1139     0.0560 0.0000e+00
        605     -0.315     2.7940   0.014075     0.1130     0.0553 0.0000e+00
        606     -0.315     2.7939   0.013778     0.1105     0.0532 0.0000e+00
        607     -0.314     2.7939   0.013510     0.1083     0.0514 0.0000e+00
        608     -0.312     2.7939   0.013398     0.1073     0.0507 0.0000e+00
        609     -0.311     2.7939   0.013423     0.1075     0.0508 0.0000e+00
        610     -0.312     2.7941   0.013498     0.1082     0.0514 0.0000e+00
        611     -0.313     2.7942   0.013588     0.1089     0.0520 0.0000e+00
        612     -0.313     2.7942   0.013661     0.1095     0.0525 0.0000e+00
        613     -0.313     2.7942   0.013608     0.1091     0.0521 0.0000e+00
        614     -0.314     2.7942   0.013460     0.1078     0.0511 0.0000e+00
        615     -0.312     2.7942   0.013410     0.1074     0.0508 0.0000e+00
