Datasets/Multi_Species/NEE535/ned535_2020_012.cnv
* Sea-Bird SBE19plus Data File:
* Filename = C:/AQUIRE/ned535_2020_012.hex
* Software Version AquireV2 AF V2.0
* Temperature SN =  4579
* Conductivity SN =  4579
* System UpLoad Time = Dec 07 2020 13:24:27
** VESSEL/TRIP/SEQ STN: ned535_2020_012
** LATITUDE: 50 25.72 N
** LONGITUDE: 50 28.80 W
** DATE/TIME: 2020-12-07 11:58
** SOUNDING DEPTH (M):  846
** PROBE TYPE: S4579
** CTD NUMBER:  12
** COMMENTS: 
# nquan = 7                                 
# nvalues = 4884                        
# units = specified
# name 0 = scan: Scan Count
# name 1 = prdM: Pressure, Strain Gauge [db]
# name 2 = tv290C: Temperature [ITS-90, deg C]
# name 3 = c0S/m: Conductivity [S/m]
# name 4 = sal00: Salinity, Practical [PSU]
# name 5 = sigma-t00: Density [sigma-t, kg/m^3 ]
# name 6 = flag: flag
# span 0 =          1,       4884       
# span 1 =     -0.394,    876.750       
# span 2 =     1.7558,     3.9673       
# span 3 =   0.006191,   3.251482       
# span 4 =     0.0472,    34.8620       
# span 5 =     0.0123,    27.7235       
# span 6 = 0.0000e+00, 0.0000e+00       
# interval = seconds: 1
# start_time = Dec 07 2020 11:58:15 [Instrument's time stamp, header]
# bad_flag = -9.990e-29
*END*
[from data line 4103]
       4104    367.815     3.9665   3.251243    34.7868    27.6201 0.0000e+00
       4105    367.006     3.9645   3.250959    34.7860    27.6197 0.0000e+00
       4106    366.198     3.9623   3.250620    34.7847    27.6189 0.0000e+00
       4107    365.367     3.9610   3.250406    34.7840    27.6184 0.0000e+00
       4108    364.515     3.9605   3.250319    34.7840    27.6185 0.0000e+00
       4109    363.664     3.9594   3.250200    34.7842    27.6187 0.0000e+00
       4110    362.824     3.9540   3.249622    34.7835    27.6187 0.0000e+00
       4111    361.979     3.9402   3.248007    34.7794    27.6169 0.0000e+00
       4112    361.114     3.9174   3.245415    34.7732    27.6143 0.0000e+00
       4113    360.232     3.8886   3.242344    34.7676    27.6129 0.0000e+00
       4114    359.350     3.8602   3.239445    34.7637    27.6127 0.0000e+00
       4115    358.481     3.8397   3.237522    34.7630    27.6142 0.0000e+00
       4116    357.628     3.8286   3.236567    34.7639    27.6160 0.0000e+00
       4117    356.789     3.8234   3.236055    34.7637    27.6165 0.0000e+00
       4118    355.960     3.8219   3.235877    34.7636    27.6166 0.0000e+00
       4119    355.133     3.8233   3.235949    34.7635    27.6163 0.0000e+00
       4120    354.288     3.8258   3.236034    34.7623    27.6151 0.0000e+00
       4121    353.401     3.8309   3.236415    34.7619    27.6142 0.0000e+00
       4122    352.472     3.8419   3.237513    34.7638    27.6146 0.0000e+00
       4123    351.541     3.8550   3.238728    34.7649    27.6141 0.0000e+00
       4124    350.641     3.8642   3.239407    34.7637    27.6123 0.0000e+00
       4125    349.772     3.8699   3.239739    34.7620    27.6104 0.0000e+00
       4126    348.930     3.8749   3.240041    34.7608    27.6089 0.0000e+00
       4127    348.117     3.8803   3.240430    34.7601    27.6078 0.0000e+00
       4128    347.322     3.8857   3.240893    34.7603    27.6074 0.0000e+00
       4129    346.510     3.8914   3.241381    34.7605    27.6070 0.0000e+00
       4130    345.643     3.8973   3.241880    34.7607    27.6065 0.0000e+00
       4131    344.726     3.9025   3.242294    34.7606    27.6059 0.0000e+00
       4132    343.804     3.9053   3.242429    34.7597    27.6049 0.0000e+00
       4133    342.900     3.9050   3.242250    34.7584    27.6039 0.0000e+00
       4134    342.008     3.9012   3.241773    34.7572    27.6033 0.0000e+00
       4135    341.121     3.8921   3.240722    34.7549    27.6024 0.0000e+00
       4136    340.248     3.8770   3.239028    34.7512    27.6010 0.0000e+00
       4137    339.390     3.8563   3.236803    34.7471    27.5999 0.0000e+00
       4138    338.524     3.8287   3.233763    34.7406    27.5975 0.0000e+00
       4139    337.621     3.7969   3.230239    34.7328    27.5945 0.0000e+00
       4140    336.679     3.7691   3.227429    34.7292    27.5945 0.0000e+00
       4141    335.724     3.7511   3.225865    34.7302    27.5971 0.0000e+00
       4142    334.787     3.7413   3.225119    34.7322    27.5997 0.0000e+00
       4143    333.874     3.7352   3.224538    34.7322    27.6003 0.0000e+00
       4144    332.970     3.7291   3.223735    34.7296    27.5989 0.0000e+00
       4145    332.053     3.7214   3.222757    34.7266    27.5972 0.0000e+00
       4146    331.117     3.7132   3.221837    34.7248    27.5966 0.0000e+00
       4147    330.184     3.7058   3.221191    34.7254    27.5979 0.0000e+00
       4148    329.285     3.7003   3.220748    34.7264    27.5993 0.0000e+00
       4149    328.424     3.6974   3.220338    34.7251    27.5985 0.0000e+00
       4150    327.562     3.6993   3.220337    34.7235    27.5970 0.0000e+00
       4151    326.645     3.7012   3.220454    34.7234    27.5968 0.0000e+00
       4152    325.654     3.6925   3.219181    34.7179    27.5933 0.0000e+00
       4153    324.631     3.6751   3.216989    34.7107    27.5893 0.0000e+00
       4154    323.637     3.6612   3.215739    34.7111    27.5910 0.0000e+00
       4155    322.692     3.6533   3.215188    34.7134    27.5936 0.0000e+00
       4156    321.784     3.6467   3.214440    34.7119    27.5931 0.0000e+00
       4157    320.883     3.6396   3.213536    34.7092    27.5916 0.0000e+00
       4158    319.949     3.6328   3.212717    34.7071    27.5906 0.0000e+00
       4159    318.972     3.6271   3.212182    34.7073    27.5913 0.0000e+00
       4160    317.992     3.6233   3.212015    34.7098    27.5937 0.0000e+00
       4161    317.059     3.6212   3.211878    34.7109    27.5948 0.0000e+00
       4162    316.173     3.6197   3.211515    34.7086    27.5932 0.0000e+00
       4163    315.290     3.6180   3.211101    34.7060    27.5912 0.0000e+00
       4164    314.374     3.6143   3.210547    34.7038    27.5898 0.0000e+00
       4165    313.420     3.6085   3.209790    34.7014    27.5885 0.0000e+00
       4166    312.433     3.6016   3.209010    34.6999    27.5880 0.0000e+00
       4167    311.411     3.5951   3.208285    34.6987    27.5876 0.0000e+00
       4168    310.361     3.5904   3.207799    34.6984    27.5879 0.0000e+00
       4169    309.307     3.5869   3.207469    34.6987    27.5885 0.0000e+00
       4170    308.267     3.5828   3.206981    34.6978    27.5882 0.0000e+00
       4171    307.251     3.5774   3.206319    34.6961    27.5874 0.0000e+00
       4172    306.261     3.5706   3.205477    34.6938    27.5862 0.0000e+00
       4173    305.289     3.5640   3.204667    34.6916    27.5851 0.0000e+00
       4174    304.318     3.5599   3.204240    34.6914    27.5854 0.0000e+00
       4175    303.350     3.5585   3.204117    34.6919    27.5859 0.0000e+00
       4176    302.386     3.5580   3.204001    34.6916    27.5857 0.0000e+00
       4177    301.403     3.5568   3.203704    34.6898    27.5844 0.0000e+00
       4178    300.382     3.5563   3.203523    34.6888    27.5836 0.0000e+00
       4179    299.339     3.5572   3.203584    34.6891    27.5838 0.0000e+00
       4180    298.301     3.5564   3.203306    34.6872    27.5823 0.0000e+00
       4181    297.267     3.5526   3.202648    34.6839    27.5801 0.0000e+00
       4182    296.224     3.5479   3.202076    34.6826    27.5795 0.0000e+00
       4183    295.163     3.5442   3.201688    34.6824    27.5797 0.0000e+00
       4184    294.087     3.5410   3.201334    34.6822    27.5799 0.0000e+00
       4185    293.013     3.5360   3.200772    34.6813    27.5797 0.0000e+00
       4186    291.952     3.5272   3.199722    34.6786    27.5784 0.0000e+00
       4187    290.921     3.5148   3.198337    34.6757    27.5773 0.0000e+00
       4188    289.927     3.5006   3.196932    34.6745    27.5777 0.0000e+00
       4189    288.944     3.4843   3.195208    34.6717    27.5771 0.0000e+00
       4190    287.931     3.4673   3.193283    34.6672    27.5751 0.0000e+00
       4191    286.869     3.4539   3.191979    34.6663    27.5758 0.0000e+00
       4192    285.780     3.4421   3.190960    34.6672    27.5776 0.0000e+00
       4193    284.726     3.4265   3.189522    34.6671    27.5790 0.0000e+00
       4194    283.761     3.4091   3.188063    34.6686    27.5819 0.0000e+00
       4195    282.869     3.3929   3.186336    34.6655    27.5810 0.0000e+00
       4196    281.971     3.3761   3.184058    34.6564    27.5754 0.0000e+00
       4197    280.988     3.3601   3.182178    34.6514    27.5729 0.0000e+00
       4198    279.912     3.3483   3.181189    34.6526    27.5750 0.0000e+00
       4199    278.830     3.3417   3.181070    34.6588    27.5806 0.0000e+00
       4200    277.845     3.3390   3.181324    34.6653    27.5861 0.0000e+00
       4201    276.965     3.3385   3.181001    34.6624    27.5838 0.0000e+00
       4202    276.113     3.3396   3.180399    34.6544    27.5773 0.0000e+00
       4203    275.222     3.3423   3.180368    34.6516    27.5749 0.0000e+00
       4204    274.279     3.3456   3.180634    34.6518    27.5747 0.0000e+00
       4205    273.324     3.3485   3.180849    34.6519    27.5744 0.0000e+00
       4206    272.408     3.3513   3.181103    34.6524    27.5746 0.0000e+00
       4207    271.525     3.3541   3.181340    34.6528    27.5747 0.0000e+00
       4208    270.630     3.3578   3.181567    34.6521    27.5737 0.0000e+00
       4209    269.690     3.3642   3.182072    34.6519    27.5729 0.0000e+00
       4210    268.708     3.3734   3.182960    34.6533    27.5732 0.0000e+00
       4211    267.715     3.3789   3.183560    34.6552    27.5742 0.0000e+00
       4212    266.744     3.3719   3.182760    34.6536    27.5735 0.0000e+00
       4213    265.805     3.3526   3.180478    34.6471    27.5703 0.0000e+00
       4214    264.880     3.3321   3.178259    34.6427    27.5687 0.0000e+00
       4215    263.947     3.3193   3.177253    34.6447    27.5715 0.0000e+00
       4216    263.015     3.3129   3.176930    34.6481    27.5749 0.0000e+00
       4217    262.106     3.3079   3.176376    34.6473    27.5747 0.0000e+00
       4218    261.210     3.3022   3.175547    34.6438    27.5725 0.0000e+00
       4219    260.284     3.2954   3.174703    34.6414    27.5712 0.0000e+00
       4220    259.303     3.2877   3.173758    34.6387    27.5698 0.0000e+00
       4221    258.293     3.2797   3.172847    34.6368    27.5690 0.0000e+00
       4222    257.303     3.2739   3.172276    34.6366    27.5694 0.0000e+00
       4223    256.350     3.2714   3.172084    34.6375    27.5704 0.0000e+00
       4224    255.413     3.2711   3.172091    34.6384    27.5711 0.0000e+00
       4225    254.461     3.2717   3.172128    34.6387    27.5713 0.0000e+00
       4226    253.492     3.2725   3.172463    34.6425    27.5742 0.0000e+00
       4227    252.548     3.2732   3.172849    34.6469    27.5777 0.0000e+00
       4228    251.650     3.2735   3.172554    34.6435    27.5750 0.0000e+00
       4229    250.763     3.2748   3.172095    34.6371    27.5697 0.0000e+00
       4230    249.833     3.2780   3.172215    34.6356    27.5682 0.0000e+00
       4231    248.832     3.2822   3.172603    34.6364    27.5684 0.0000e+00
       4232    247.784     3.2870   3.172899    34.6354    27.5672 0.0000e+00
       4233    246.759     3.2941   3.173322    34.6335    27.5650 0.0000e+00
       4234    245.802     3.3049   3.174258    34.6338    27.5642 0.0000e+00
       4235    244.894     3.3184   3.175729    34.6377    27.5660 0.0000e+00
       4236    243.997     3.3304   3.177021    34.6410    27.5675 0.0000e+00
       4237    243.078     3.3373   3.177539    34.6404    27.5664 0.0000e+00
       4238    242.121     3.3396   3.177530    34.6383    27.5645 0.0000e+00
       4239    241.142     3.3400   3.177402    34.6369    27.5633 0.0000e+00
       4240    240.168     3.3434   3.177439    34.6342    27.5609 0.0000e+00
       4241    239.213     3.3598   3.178796    34.6337    27.5588 0.0000e+00
       4242    238.263     3.3943   3.182491    34.6420    27.5622 0.0000e+00
       4243    237.290     3.4329   3.186375    34.6482    27.5634 0.0000e+00
       4244    236.271     3.4600   3.188100    34.6407    27.5547 0.0000e+00
       4245    235.206     3.4762   3.188835    34.6328    27.5469 0.0000e+00
       4246    234.125     3.4888   3.189822    34.6319    27.5449 0.0000e+00
       4247    233.075     3.4992   3.190746    34.6325    27.5444 0.0000e+00
       4248    232.088     3.5076   3.191757    34.6363    27.5466 0.0000e+00
       4249    231.149     3.5157   3.193092    34.6442    27.5521 0.0000e+00
       4250    230.204     3.5249   3.194282    34.6493    27.5552 0.0000e+00
       4251    229.201     3.5361   3.195235    34.6494    27.5542 0.0000e+00
       4252    228.120     3.5473   3.196139    34.6489    27.5527 0.0000e+00
       4253    226.993     3.5558   3.196757    34.6479    27.5511 0.0000e+00
       4254    225.873     3.5615   3.197162    34.6473    27.5501 0.0000e+00
       4255    224.775     3.5663   3.197366    34.6453    27.5479 0.0000e+00
       4256    223.682     3.5701   3.197048    34.6380    27.5418 0.0000e+00
       4257    222.593     3.5748   3.197008    34.6331    27.5374 0.0000e+00
       4258    221.512     3.5863   3.198623    34.6409    27.5425 0.0000e+00
       4259    220.432     3.6077   3.201465    34.6528    27.5499 0.0000e+00
       4260    219.349     3.6330   3.204185    34.6591    27.5524 0.0000e+00
       4261    218.266     3.6521   3.206008    34.6613    27.5522 0.0000e+00
       4262    217.180     3.6622   3.206567    34.6578    27.5484 0.0000e+00
       4263    216.084     3.6761   3.207404    34.6537    27.5438 0.0000e+00
       4264    214.979     3.7086   3.210881    34.6614    27.5467 0.0000e+00
       4265    213.859     3.7468   3.215377    34.6753    27.5538 0.0000e+00
       4266    212.715     3.7537   3.215973    34.6757    27.5535 0.0000e+00
       4267    211.550     3.7106   3.210416    34.6556    27.5418 0.0000e+00
       4268    210.369     3.6387   3.201918    34.6308    27.5292 0.0000e+00
       4269    209.164     3.5719   3.195151    34.6212    27.5282 0.0000e+00
       4270    207.928     3.5262   3.191185    34.6228    27.5340 0.0000e+00
       4271    206.673     3.5004   3.188920    34.6237    27.5372 0.0000e+00
       4272    205.430     3.4901   3.187951    34.6237    27.5382 0.0000e+00
       4273    204.220     3.4928   3.188276    34.6254    27.5393 0.0000e+00
       4274    203.032     3.5046   3.189404    34.6270    27.5395 0.0000e+00
       4275    201.835     3.5203   3.190686    34.6264    27.5375 0.0000e+00
       4276    200.602     3.5360   3.191853    34.6244    27.5343 0.0000e+00
       4277    199.316     3.5491   3.192716    34.6215    27.5308 0.0000e+00
       4278    197.967     3.5562   3.192922    34.6172    27.5266 0.0000e+00
       4279    196.575     3.5533   3.192047    34.6105    27.5216 0.0000e+00
       4280    195.205     3.5419   3.190679    34.6070    27.5198 0.0000e+00
       4281    193.908     3.5256   3.189122    34.6063    27.5209 0.0000e+00
       4282    192.651     3.5065   3.186618    34.5971    27.5155 0.0000e+00
       4283    191.358     3.4962   3.184672    34.5854    27.5071 0.0000e+00
       4284    189.987     3.5097   3.185714    34.5843    27.5050 0.0000e+00
       4285    188.568     3.5440   3.189128    34.5897    27.5059 0.0000e+00
       4286    187.166     3.5802   3.192371    34.5910    27.5033 0.0000e+00
       4287    185.801     3.6007   3.193789    34.5870    27.4981 0.0000e+00
       4288    184.433     3.5979   3.192858    34.5795    27.4924 0.0000e+00
       4289    183.024     3.5758   3.190012    34.5696    27.4867 0.0000e+00
       4290    181.593     3.5456   3.186809    34.5639    27.4852 0.0000e+00
       4291    180.182     3.5178   3.184012    34.5606    27.4853 0.0000e+00
       4292    178.822     3.5020   3.182037    34.5543    27.4818 0.0000e+00
       4293    177.516     3.5077   3.182112    34.5499    27.4777 0.0000e+00
       4294    176.216     3.5419   3.185368    34.5535    27.4772 0.0000e+00
       4295    174.844     3.6038   3.192002    34.5682    27.4828 0.0000e+00
       4296    173.353     3.6727   3.198952    34.5793    27.4848 0.0000e+00
       4297    171.784     3.7203   3.202525    34.5725    27.4746 0.0000e+00
       4298    170.222     3.7401   3.203154    34.5599    27.4626 0.0000e+00
       4299    168.679     3.7433   3.202785    34.5529    27.4567 0.0000e+00
       4300    167.088     3.7358   3.201596    34.5475    27.4532 0.0000e+00
       4301    165.449     3.7196   3.199395    34.5392    27.4482 0.0000e+00
       4302    163.905     3.7027   3.197498    34.5352    27.4467 0.0000e+00
       4303    162.597     3.6919   3.196542    34.5359    27.4484 0.0000e+00
       4304    161.453     3.6789   3.195034    34.5322    27.4467 0.0000e+00
       4305    160.213     3.6472   3.191133    34.5197    27.4399 0.0000e+00
       4306    158.705     3.5960   3.185092    34.5023    27.4311 0.0000e+00
       4307    157.015     3.5400   3.179420    34.4944    27.4304 0.0000e+00
