Datasets/Multi_Species/NEE535/ned535_2020_002.cnv
* Sea-Bird SBE19plus Data File:
* Filename = C:/AQUIRE/ned535_2020_002.hex
* Software Version AquireV2 AF V2.0
* Temperature SN =  4579
* Conductivity SN =  4579
* System UpLoad Time = Dec 04 2020 19:35:13
** VESSEL/TRIP/SEQ STN: ned535_2020_002
** LATITUDE: 50 32.42 N
** LONGITUDE: 50 44.53 W
** DATE/TIME: 2020-12-04 18:31
** SOUNDING DEPTH (M):  490
** PROBE TYPE: S4579
** CTD NUMBER: 002
** COMMENTS: 
# nquan = 7                                 
# nvalues = 3681                        
# units = specified
# name 0 = scan: Scan Count
# name 1 = prdM: Pressure, Strain Gauge [db]
# name 2 = tv290C: Temperature [ITS-90, deg C]
# name 3 = c0S/m: Conductivity [S/m]
# name 4 = sal00: Salinity, Practical [PSU]
# name 5 = sigma-t00: Density [sigma-t, kg/m^3 ]
# name 6 = flag: flag
# span 0 =          1,       3681       
# span 1 =     -0.189,    493.149       
# span 2 =     1.5847,     3.9486       
# span 3 =   0.009437,   3.247655       
# span 4 =     0.0764,    34.7617       
# span 5 =     0.0005,    27.6066       
# span 6 = 0.0000e+00, 0.0000e+00       
# interval = seconds: 1
# start_time = Dec 04 2020 18:31:46 [Instrument's time stamp, header]
# bad_flag = -9.990e-29
*END*
[from data line 616]
        617     13.817     1.7340   2.917437    33.2628    26.5995 0.0000e+00
        618     14.314     1.7300   2.917680    33.2698    26.6054 0.0000e+00
        619     14.768     1.7239   2.918283    33.2836    26.6169 0.0000e+00
        620     15.170     1.7188   2.919028    33.2982    26.6289 0.0000e+00
        621     15.559     1.7169   2.919615    33.3073    26.6364 0.0000e+00
        622     15.973     1.7172   2.919999    33.3116    26.6398 0.0000e+00
        623     16.410     1.7174   2.920237    33.3142    26.6419 0.0000e+00
        624     16.845     1.7173   2.920407    33.3162    26.6435 0.0000e+00
        625     17.279     1.7174   2.920573    33.3179    26.6449 0.0000e+00
        626     17.734     1.7178   2.920739    33.3193    26.6460 0.0000e+00
        627     18.219     1.7177   2.920845    33.3205    26.6469 0.0000e+00
        628     18.719     1.7147   2.921026    33.3257    26.6513 0.0000e+00
        629     19.207     1.7074   2.921449    33.3384    26.6620 0.0000e+00
        630     19.679     1.6988   2.921838    33.3522    26.6737 0.0000e+00
        631     20.148     1.6934   2.922080    33.3607    26.6809 0.0000e+00
        632     20.610     1.6901   2.922217    33.3657    26.6851 0.0000e+00
        633     21.046     1.6841   2.922109    33.3704    26.6893 0.0000e+00
        634     21.461     1.6762   2.921900    33.3759    26.6943 0.0000e+00
        635     21.889     1.6721   2.921900    33.3800    26.6979 0.0000e+00
        636     22.358     1.6719   2.922001    33.3812    26.6989 0.0000e+00
        637     22.871     1.6704   2.921884    33.3811    26.6989 0.0000e+00
        638     23.394     1.6654   2.921622    33.3828    26.7006 0.0000e+00
        639     23.888     1.6595   2.921399    33.3859    26.7036 0.0000e+00
        640     24.353     1.6544   2.921211    33.3887    26.7061 0.0000e+00
        641     24.808     1.6505   2.921056    33.3906    26.7080 0.0000e+00
        642     25.255     1.6478   2.920941    33.3918    26.7091 0.0000e+00
        643     25.697     1.6461   2.920936    33.3933    26.7104 0.0000e+00
        644     26.151     1.6459   2.921134    33.3957    26.7124 0.0000e+00
        645     26.643     1.6461   2.921201    33.3961    26.7127 0.0000e+00
        646     27.168     1.6437   2.920808    33.3934    26.7106 0.0000e+00
        647     27.682     1.6386   2.920331    33.3925    26.7103 0.0000e+00
        648     28.162     1.6342   2.920112    33.3941    26.7119 0.0000e+00
        649     28.626     1.6318   2.920016    33.3952    26.7129 0.0000e+00
        650     29.087     1.6296   2.919864    33.3954    26.7132 0.0000e+00
        651     29.539     1.6265   2.919642    33.3956    26.7136 0.0000e+00
        652     29.981     1.6235   2.919436    33.3959    26.7141 0.0000e+00
        653     30.432     1.6214   2.919326    33.3965    26.7147 0.0000e+00
        654     30.911     1.6201   2.919266    33.3969    26.7151 0.0000e+00
        655     31.414     1.6179   2.919087    33.3966    26.7151 0.0000e+00
        656     31.924     1.6142   2.918782    33.3964    26.7152 0.0000e+00
        657     32.428     1.6103   2.918491    33.3966    26.7156 0.0000e+00
        658     32.929     1.6058   2.918193    33.3973    26.7165 0.0000e+00
        659     33.424     1.5982   2.917916    33.4016    26.7205 0.0000e+00
        660     33.894     1.5894   2.918052    33.4124    26.7298 0.0000e+00
        661     34.340     1.5847   2.918609    33.4242    26.7396 0.0000e+00
        662     34.795     1.5852   2.919175    33.4306    26.7446 0.0000e+00
        663     35.280     1.5885   2.919848    33.4353    26.7482 0.0000e+00
        664     35.771     1.5939   2.921087    33.4450    26.7555 0.0000e+00
        665     36.245     1.6021   2.922873    33.4586    26.7659 0.0000e+00
        666     36.705     1.6132   2.924849    33.4715    26.7754 0.0000e+00
        667     37.160     1.6273   2.927038    33.4838    26.7844 0.0000e+00
        668     37.609     1.6418   2.928920    33.4919    26.7898 0.0000e+00
        669     38.068     1.6514   2.929244    33.4855    26.7840 0.0000e+00
        670     38.557     1.6568   2.929151    33.4783    26.7778 0.0000e+00
        671     39.067     1.6637   2.931163    33.4961    26.7916 0.0000e+00
        672     39.581     1.6734   2.934052    33.5219    26.8116 0.0000e+00
        673     40.102     1.6819   2.934747    33.5213    26.8105 0.0000e+00
        674     40.640     1.6887   2.935190    33.5194    26.8085 0.0000e+00
        675     41.185     1.7077   2.939406    33.5520    26.8333 0.0000e+00
        676     41.712     1.7508   2.945775    33.5860    26.8574 0.0000e+00
        677     42.209     1.8049   2.950855    33.5921    26.8583 0.0000e+00
        678     42.683     1.8453   2.953740    33.5850    26.8497 0.0000e+00
        679     43.157     1.8633   2.954939    33.5807    26.8449 0.0000e+00
        680     43.645     1.8673   2.955693    33.5856    26.8485 0.0000e+00
        681     44.140     1.8724   2.956853    33.5945    26.8552 0.0000e+00
        682     44.626     1.8870   2.958793    33.6030    26.8610 0.0000e+00
        683     45.099     1.9056   2.960844    33.6087    26.8642 0.0000e+00
        684     45.565     1.9178   2.961890    33.6086    26.8631 0.0000e+00
        685     46.037     1.9211   2.962135    33.6079    26.8623 0.0000e+00
        686     46.519     1.9223   2.962584    33.6120    26.8655 0.0000e+00
        687     47.010     1.9273   2.963621    33.6194    26.8711 0.0000e+00
        688     47.504     1.9376   2.965117    33.6269    26.8763 0.0000e+00
        689     47.996     1.9497   2.966590    33.6322    26.8796 0.0000e+00
        690     48.490     1.9568   2.966399    33.6220    26.8709 0.0000e+00
        691     48.992     1.9560   2.964677    33.6010    26.8542 0.0000e+00
        692     49.498     1.9502   2.964368    33.6030    26.8562 0.0000e+00
        693     49.999     1.9489   2.966557    33.6315    26.8792 0.0000e+00
        694     50.488     1.9615   2.969542    33.6552    26.8972 0.0000e+00
        695     50.961     1.9806   2.971586    33.6602    26.8998 0.0000e+00
        696     51.425     1.9933   2.972556    33.6586    26.8975 0.0000e+00
        697     51.894     2.0010   2.973402    33.6607    26.8986 0.0000e+00
        698     52.367     2.0107   2.974873    33.6685    26.9041 0.0000e+00
        699     52.839     2.0260   2.977100    33.6798    26.9120 0.0000e+00
        700     53.304     2.0458   2.979520    33.6888    26.9176 0.0000e+00
        701     53.760     2.0642   2.981449    33.6930    26.9196 0.0000e+00
        702     54.215     2.0782   2.982917    33.6962    26.9211 0.0000e+00
        703     54.672     2.0899   2.984175    33.6992    26.9226 0.0000e+00
        704     55.131     2.0993   2.984992    33.6992    26.9218 0.0000e+00
        705     55.597     2.1050   2.985444    33.6985    26.9209 0.0000e+00
        706     56.068     2.1092   2.986104    33.7020    26.9233 0.0000e+00
        707     56.539     2.1155   2.987139    33.7080    26.9276 0.0000e+00
        708     57.006     2.1243   2.988294    33.7127    26.9308 0.0000e+00
        709     57.474     2.1333   2.989366    33.7163    26.9329 0.0000e+00
        710     57.946     2.1408   2.990251    33.7191    26.9345 0.0000e+00
        711     58.416     2.1477   2.991347    33.7251    26.9389 0.0000e+00
        712     58.870     2.1576   2.993158    33.7369    26.9475 0.0000e+00
        713     59.301     2.1702   2.995109    33.7476    26.9551 0.0000e+00
        714     59.726     2.1809   2.996441    33.7526    26.9582 0.0000e+00
        715     60.161     2.1882   2.997324    33.7556    26.9600 0.0000e+00
        716     60.606     2.1953   2.998360    33.7607    26.9635 0.0000e+00
        717     61.055     2.2045   2.999626    33.7664    26.9674 0.0000e+00
        718     61.500     2.2144   3.000832    33.7706    26.9700 0.0000e+00
        719     61.940     2.2233   3.002013    33.7756    26.9733 0.0000e+00
        720     62.383     2.2310   3.003162    33.7815    26.9774 0.0000e+00
        721     62.832     2.2388   3.004607    33.7909    26.9843 0.0000e+00
        722     63.282     2.2504   3.006825    33.8059    26.9954 0.0000e+00
        723     63.729     2.2679   3.009598    33.8215    27.0064 0.0000e+00
        724     64.175     2.2904   3.012524    33.8337    27.0144 0.0000e+00
        725     64.621     2.3151   3.015707    33.8466    27.0228 0.0000e+00
        726     65.069     2.3404   3.019161    33.8623    27.0333 0.0000e+00
        727     65.524     2.3670   3.022320    33.8730    27.0396 0.0000e+00
        728     65.985     2.3945   3.025253    33.8798    27.0428 0.0000e+00
        729     66.441     2.4207   3.028118    33.8872    27.0466 0.0000e+00
        730     66.893     2.4403   3.030239    33.8923    27.0491 0.0000e+00
        731     67.347     2.4478   3.031140    33.8953    27.0508 0.0000e+00
        732     67.807     2.4470   3.031441    33.8996    27.0543 0.0000e+00
        733     68.272     2.4503   3.032286    33.9063    27.0594 0.0000e+00
        734     68.744     2.4614   3.033763    33.9125    27.0634 0.0000e+00
        735     69.220     2.4751   3.035207    33.9155    27.0647 0.0000e+00
        736     69.697     2.4876   3.036419    33.9169    27.0648 0.0000e+00
        737     70.172     2.4983   3.037334    33.9166    27.0637 0.0000e+00
        738     70.646     2.5061   3.037870    33.9147    27.0615 0.0000e+00
        739     71.117     2.5109   3.038335    33.9150    27.0614 0.0000e+00
        740     71.584     2.5137   3.038742    33.9168    27.0626 0.0000e+00
        741     72.050     2.5158   3.039122    33.9190    27.0641 0.0000e+00
        742     72.520     2.5210   3.040202    33.9266    27.0697 0.0000e+00
        743     72.985     2.5324   3.042161    33.9384    27.0782 0.0000e+00
        744     73.438     2.5453   3.043976    33.9468    27.0839 0.0000e+00
        745     73.893     2.5533   3.044930    33.9498    27.0856 0.0000e+00
        746     74.366     2.5579   3.045545    33.9523    27.0872 0.0000e+00
        747     74.851     2.5645   3.046460    33.9563    27.0898 0.0000e+00
        748     75.334     2.5739   3.047792    33.9624    27.0940 0.0000e+00
        749     75.814     2.5835   3.049187    33.9692    27.0985 0.0000e+00
        750     76.298     2.5907   3.050051    33.9719    27.1001 0.0000e+00
        751     76.788     2.5937   3.050289    33.9714    27.0994 0.0000e+00
        752     77.283     2.5907   3.049813    33.9684    27.0973 0.0000e+00
        753     77.780     2.5793   3.048522    33.9643    27.0950 0.0000e+00
        754     78.269     2.5621   3.047016    33.9638    27.0960 0.0000e+00
        755     78.747     2.5454   3.045882    33.9673    27.1002 0.0000e+00
        756     79.230     2.5335   3.045222    33.9715    27.1046 0.0000e+00
        757     79.723     2.5260   3.044878    33.9750    27.1080 0.0000e+00
        758     80.218     2.5212   3.044646    33.9769    27.1100 0.0000e+00
        759     80.709     2.5174   3.044445    33.9782    27.1113 0.0000e+00
        760     81.191     2.5143   3.044306    33.9795    27.1126 0.0000e+00
        761     81.661     2.5128   3.044413    33.9822    27.1149 0.0000e+00
        762     82.128     2.5144   3.045141    33.9892    27.1204 0.0000e+00
        763     82.604     2.5224   3.046986    34.0032    27.1309 0.0000e+00
        764     83.085     2.5414   3.050129    34.0215    27.1439 0.0000e+00
        765     83.566     2.5730   3.054159    34.0373    27.1539 0.0000e+00
        766     84.054     2.6126   3.058414    34.0473    27.1585 0.0000e+00
        767     84.551     2.6526   3.062283    34.0521    27.1590 0.0000e+00
        768     85.046     2.6875   3.065314    34.0520    27.1559 0.0000e+00
        769     85.532     2.7121   3.067239    34.0492    27.1515 0.0000e+00
        770     86.018     2.7222   3.068055    34.0483    27.1499 0.0000e+00
        771     86.519     2.7218   3.068182    34.0500    27.1513 0.0000e+00
        772     87.040     2.7222   3.068466    34.0527    27.1535 0.0000e+00
        773     87.577     2.7285   3.069207    34.0549    27.1546 0.0000e+00
        774     88.112     2.7373   3.070078    34.0559    27.1547 0.0000e+00
        775     88.622     2.7460   3.070907    34.0566    27.1544 0.0000e+00
        776     89.107     2.7540   3.071601    34.0563    27.1535 0.0000e+00
        777     89.584     2.7599   3.072096    34.0559    27.1527 0.0000e+00
        778     90.060     2.7629   3.072359    34.0556    27.1522 0.0000e+00
        779     90.535     2.7623   3.072332    34.0557    27.1523 0.0000e+00
        780     91.023     2.7591   3.072186    34.0570    27.1537 0.0000e+00
        781     91.533     2.7573   3.072336    34.0605    27.1566 0.0000e+00
        782     92.043     2.7592   3.072746    34.0632    27.1586 0.0000e+00
        783     92.535     2.7616   3.072974    34.0632    27.1584 0.0000e+00
        784     93.025     2.7611   3.073033    34.0642    27.1592 0.0000e+00
        785     93.536     2.7592   3.073128    34.0671    27.1617 0.0000e+00
        786     94.062     2.7584   3.073279    34.0695    27.1637 0.0000e+00
        787     94.575     2.7586   3.073444    34.0710    27.1649 0.0000e+00
        788     95.057     2.7580   3.073386    34.0707    27.1647 0.0000e+00
        789     95.533     2.7554   3.072663    34.0643    27.1598 0.0000e+00
        790     96.036     2.7516   3.071761    34.0570    27.1543 0.0000e+00
        791     96.565     2.7489   3.072069    34.0633    27.1596 0.0000e+00
        792     97.099     2.7502   3.073473    34.0789    27.1719 0.0000e+00
        793     97.626     2.7565   3.074806    34.0882    27.1788 0.0000e+00
        794     98.150     2.7641   3.075748    34.0914    27.1807 0.0000e+00
        795     98.673     2.7700   3.076383    34.0927    27.1812 0.0000e+00
        796     99.190     2.7736   3.076739    34.0929    27.1811 0.0000e+00
        797     99.699     2.7748   3.076858    34.0928    27.1809 0.0000e+00
        798    100.206     2.7741   3.076805    34.0926    27.1808 0.0000e+00
        799    100.721     2.7721   3.076682    34.0930    27.1812 0.0000e+00
        800    101.244     2.7698   3.076552    34.0935    27.1819 0.0000e+00
        801    101.769     2.7674   3.076398    34.0939    27.1824 0.0000e+00
        802    102.294     2.7647   3.076237    34.0945    27.1831 0.0000e+00
        803    102.825     2.7620   3.076130    34.0958    27.1844 0.0000e+00
        804    103.357     2.7599   3.076131    34.0977    27.1861 0.0000e+00
        805    103.882     2.7592   3.076225    34.0993    27.1874 0.0000e+00
        806    104.407     2.7590   3.076335    34.1006    27.1885 0.0000e+00
        807    104.942     2.7583   3.076454    34.1025    27.1901 0.0000e+00
        808    105.485     2.7569   3.076511    34.1044    27.1917 0.0000e+00
        809    106.021     2.7543   3.076468    34.1063    27.1935 0.0000e+00
        810    106.548     2.7512   3.076560    34.1104    27.1970 0.0000e+00
        811    107.076     2.7497   3.076923    34.1162    27.2018 0.0000e+00
        812    107.608     2.7510   3.077476    34.1213    27.2057 0.0000e+00
        813    108.133     2.7542   3.078096    34.1252    27.2086 0.0000e+00
        814    108.646     2.7573   3.078573    34.1275    27.2101 0.0000e+00
        815    109.151     2.7584   3.078783    34.1286    27.2109 0.0000e+00
        816    109.658     2.7576   3.078790    34.1293    27.2115 0.0000e+00
        817    110.174     2.7553   3.078658    34.1298    27.2122 0.0000e+00
        818    110.700     2.7514   3.078376    34.1302    27.2128 0.0000e+00
        819    111.220     2.7455   3.077992    34.1315    27.2143 0.0000e+00
        820    111.724     2.7393   3.077726    34.1345    27.2173 0.0000e+00
