Datasets/Multi_Species/NEE535/ned535_2020_013.cnv
* Sea-Bird SBE19plus Data File:
* Filename = C:/AQUIRE/ned535_2020_013.hex
* Software Version AquireV2 AF V2.0
* Temperature SN =  4579
* Conductivity SN =  4579
* System UpLoad Time = Dec 07 2020 16:04:27
** VESSEL/TRIP/SEQ STN: ned535_2020_013
** LATITUDE: 50 13.61 N
** LONGITUDE: 50 14.81 W
** DATE/TIME: 2020-12-07 14:46
** SOUNDING DEPTH (M):  873
** PROBE TYPE: S4579
** CTD NUMBER:  13
** COMMENTS: 
# nquan = 7                                 
# nvalues = 4629                        
# units = specified
# name 0 = scan: Scan Count
# name 1 = prdM: Pressure, Strain Gauge [db]
# name 2 = tv290C: Temperature [ITS-90, deg C]
# name 3 = c0S/m: Conductivity [S/m]
# name 4 = sal00: Salinity, Practical [PSU]
# name 5 = sigma-t00: Density [sigma-t, kg/m^3 ]
# name 6 = flag: flag
# span 0 =          1,       4629       
# span 1 =     -0.397,    892.838       
# span 2 =     1.5939,     3.9506       
# span 3 =   0.013335,   3.250286       
# span 4 =     0.1059,    34.8645       
# span 5 =     0.0547,    27.7283       
# span 6 = 0.0000e+00, 0.0000e+00       
# interval = seconds: 1
# start_time = Dec 07 2020 14:46:12 [Instrument's time stamp, header]
# bad_flag = -9.990e-29
*END*
          1     -0.268     3.1075   0.014815     0.1181     0.0645 0.0000e+00
          2     -0.265     3.1075   0.014758     0.1176     0.0642 0.0000e+00
          3     -0.263     3.1077   0.014746     0.1175     0.0641 0.0000e+00
          4     -0.264     3.1078   0.014823     0.1182     0.0646 0.0000e+00
          5     -0.265     3.1079   0.014978     0.1194     0.0656 0.0000e+00
          6     -0.264     3.1081   0.014951     0.1192     0.0655 0.0000e+00
          7     -0.262     3.1083   0.014573     0.1161     0.0629 0.0000e+00
          8     -0.262     3.1083   0.014278     0.1136     0.0609 0.0000e+00
          9     -0.262     3.1083   0.014486     0.1154     0.0623 0.0000e+00
         10     -0.261     3.1084   0.014868     0.1185     0.0649 0.0000e+00
         11     -0.259     3.1084   0.014970     0.1194     0.0656 0.0000e+00
         12     -0.258     3.1086   0.014973     0.1194     0.0656 0.0000e+00
         13     -0.258     3.1086   0.014939     0.1191     0.0654 0.0000e+00
         14     -0.258     3.1086   0.014653     0.1167     0.0635 0.0000e+00
         15     -0.255     3.1087   0.014450     0.1151     0.0621 0.0000e+00
         16     -0.253     3.1089   0.014710     0.1172     0.0638 0.0000e+00
         17     -0.255     3.1090   0.014961     0.1193     0.0655 0.0000e+00
         18     -0.259     3.1090   0.014698     0.1171     0.0638 0.0000e+00
         19     -0.261     3.1091   0.014322     0.1140     0.0613 0.0000e+00
         20     -0.262     3.1093   0.014314     0.1139     0.0612 0.0000e+00
         21     -0.262     3.1094   0.014429     0.1149     0.0620 0.0000e+00
         22     -0.262     3.1094   0.014249     0.1134     0.0608 0.0000e+00
         23     -0.262     3.1094   0.013892     0.1105     0.0584 0.0000e+00
         24     -0.262     3.1094   0.013733     0.1091     0.0573 0.0000e+00
         25     -0.261     3.1096   0.013906     0.1106     0.0585 0.0000e+00
         26     -0.258     3.1097   0.014302     0.1138     0.0611 0.0000e+00
         27     -0.255     3.1097   0.014616     0.1164     0.0632 0.0000e+00
         28     -0.254     3.1098   0.014549     0.1159     0.0628 0.0000e+00
         29     -0.255     3.1098   0.014218     0.1131     0.0606 0.0000e+00
         30     -0.254     3.1099   0.013978     0.1112     0.0590 0.0000e+00
         31     -0.253     3.1100   0.013872     0.1103     0.0583 0.0000e+00
         32     -0.255     3.1101   0.013675     0.1087     0.0569 0.0000e+00
         33     -0.259     3.1102   0.013416     0.1065     0.0552 0.0000e+00
         34     -0.261     3.1102   0.013407     0.1065     0.0551 0.0000e+00
         35     -0.262     3.1102   0.013678     0.1087     0.0570 0.0000e+00
         36     -0.262     3.1102   0.013805     0.1097     0.0578 0.0000e+00
         37     -0.261     3.1102   0.013560     0.1077     0.0562 0.0000e+00
         38     -0.260     3.1104   0.013335     0.1059     0.0547 0.0000e+00
         39     -0.256     3.1105   0.013527     0.1074     0.0560 0.0000e+00
         40     -0.252     3.1105   0.013883     0.1104     0.0583 0.0000e+00
         41     -0.253     3.1105   0.013880     0.1104     0.0583 0.0000e+00
         42     -0.255     3.1107   0.013574     0.1078     0.0563 0.0000e+00
         43     -0.256     3.1109   0.013428     0.1066     0.0553 0.0000e+00
         44     -0.256     3.1111   0.013595     0.1080     0.0564 0.0000e+00
         45     -0.257     3.1113   0.013793     0.1096     0.0577 0.0000e+00
         46     -0.258     3.1115   0.013764     0.1094     0.0575 0.0000e+00
         47     -0.258     3.1117   0.013685     0.1087     0.0570 0.0000e+00
         48     -0.256     3.1117   0.013868     0.1103     0.0582 0.0000e+00
         49     -0.257     3.1118   0.014261     0.1135     0.0609 0.0000e+00
         50     -0.260     3.1120   0.014457     0.1151     0.0622 0.0000e+00
         51     -0.260     3.1121   0.014312     0.1139     0.0612 0.0000e+00
         52     -0.262     3.1121   0.014221     0.1132     0.0606 0.0000e+00
         53     -0.265     3.1121   0.014417     0.1148     0.0619 0.0000e+00
         54     -0.264     3.1122   0.014627     0.1165     0.0633 0.0000e+00
         55     -0.262     3.1124   0.014630     0.1165     0.0634 0.0000e+00
         56     -0.261     3.1124   0.014634     0.1166     0.0634 0.0000e+00
         57     -0.260     3.1124   0.014887     0.1187     0.0651 0.0000e+00
         58     -0.260     3.1125   0.015235     0.1216     0.0674 0.0000e+00
         59     -0.262     3.1126   0.015359     0.1226     0.0682 0.0000e+00
         60     -0.260     3.1128   0.015360     0.1226     0.0682 0.0000e+00
         61     -0.256     3.1128   0.015593     0.1245     0.0698 0.0000e+00
         62     -0.254     3.1128   0.016124     0.1289     0.0734 0.0000e+00
         63     -0.255     3.1129   0.016844     0.1349     0.0782 0.0000e+00
         64     -0.258     3.1131   0.017668     0.1418     0.0838 0.0000e+00
         65     -0.260     3.1131   0.018475     0.1485     0.0892 0.0000e+00
         66     -0.259     3.1132   0.018934     0.1523     0.0923 0.0000e+00
         67     -0.258     3.1132   0.018782     0.1510     0.0913 0.0000e+00
         68     -0.258     3.1132   0.018460     0.1484     0.0891 0.0000e+00
         69     -0.258     3.1133   0.018582     0.1494     0.0899 0.0000e+00
         70     -0.255     3.1135   0.018958     0.1525     0.0925 0.0000e+00
         71     -0.253     3.1136   0.019011     0.1530     0.0928 0.0000e+00
         72     -0.255     3.1137   0.018804     0.1512     0.0914 0.0000e+00
         73     -0.259     3.1139   0.018696     0.1503     0.0907 0.0000e+00
         74     -0.261     3.1140   0.018688     0.1503     0.0907 0.0000e+00
         75     -0.261     3.1140   0.018681     0.1502     0.0906 0.0000e+00
         76     -0.261     3.1140   0.018703     0.1504     0.0908 0.0000e+00
         77     -0.258     3.1142   0.018872     0.1518     0.0919 0.0000e+00
         78     -0.255     3.1144   0.019109     0.1538     0.0935 0.0000e+00
         79     -0.255     3.1144   0.019246     0.1549     0.0944 0.0000e+00
         80     -0.258     3.1144   0.019649     0.1583     0.0972 0.0000e+00
         81     -0.259     3.1146   0.020249     0.1633     0.1012 0.0000e+00
         82     -0.258     3.1147   0.020327     0.1640     0.1018 0.0000e+00
         83     -0.259     3.1148   0.020562     0.1659     0.1034 0.0000e+00
         84     -0.259     3.1150   0.025205     0.2050     0.1350 0.0000e+00
         85     -0.258     3.1153   0.031919     0.2620     0.1811 0.0000e+00
         86     -0.259     3.1156   0.035018     0.2885     0.2025 0.0000e+00
         87     -0.260     3.1158   0.039822     0.3298     0.2359 0.0000e+00
         88     -0.260     3.1159   0.045474     0.3786     0.2753 0.0000e+00
         89     -0.258     3.1159   0.046276     0.3856     0.2809 0.0000e+00
         90     -0.255     3.1161   0.045353     0.3775     0.2745 0.0000e+00
         91     -0.254     3.1163   0.046654     0.3888     0.2836 0.0000e+00
         92     -0.255     3.1164   0.058094     0.4887     0.3642 0.0000e+00
         93     -0.255     3.1167   0.083457     0.7133     0.5454 0.0000e+00
         94     -0.252     3.1170   0.103423     0.8928     0.6901 0.0000e+00
         95     -0.246     3.1172   0.096521     0.8305     0.6399 0.0000e+00
         96     -0.242     3.1174   0.073485     0.6245     0.4738 0.0000e+00
         97     -0.238     3.1174   0.074909     0.6371     0.4840 0.0000e+00
         98     -0.224     3.0908   0.300469     2.7495     2.1816 0.0000e+00
         99     -0.186     2.9499   1.137462    11.4747     9.1484 0.0000e+00
        100     -0.121     2.6729   2.150815    23.1122    18.4275 0.0000e+00
        101     -0.048     2.4139   2.617895    28.9004    23.0613 0.0000e+00
        102      0.034     2.2862   2.810856    31.3796    25.0517 0.0000e+00
        103      0.123     2.2397   2.923744    32.8209    26.2080 0.0000e+00
        104      0.192     2.2038   2.924391    32.8660    26.2468 0.0000e+00
        105      0.216     2.1475   2.927201    32.9593    26.3258 0.0000e+00
        106      0.203     2.0804   2.927914    33.0381    26.3939 0.0000e+00
        107      0.170     2.0297   2.930558    33.1240    26.4666 0.0000e+00
        108      0.128     1.9951   2.931365    33.1704    26.5063 0.0000e+00
        109      0.096     1.9777   2.928180    33.1488    26.4904 0.0000e+00
        110      0.096     1.9994   2.928929    33.1355    26.4780 0.0000e+00
        111      0.135     2.0548   2.934258    33.1440    26.4807 0.0000e+00
        112      0.191     2.1068   2.937332    33.1278    26.4638 0.0000e+00
        113      0.229     2.1363   2.937836    33.1033    26.4419 0.0000e+00
        114      0.247     2.1466   2.937060    33.0829    26.4248 0.0000e+00
        115      0.261     2.1464   2.935533    33.0641    26.4097 0.0000e+00
        116      0.278     2.1498   2.936875    33.0772    26.4200 0.0000e+00
        117      0.295     2.1454   2.938955    33.1077    26.4447 0.0000e+00
        118      0.288     2.0967   2.933957    33.0963    26.4393 0.0000e+00
        119      0.232     2.0221   2.925165    33.0646    26.4196 0.0000e+00
        120      0.157     1.9837   2.922213    33.0679    26.4251 0.0000e+00
        121      0.119     1.9764   2.920891    33.0591    26.4186 0.0000e+00
        122      0.120     1.9585   2.917670    33.0375    26.4026 0.0000e+00
        123      0.114     1.9343   2.916532    33.0486    26.4133 0.0000e+00
        124      0.072     1.9152   2.915717    33.0584    26.4225 0.0000e+00
        125      0.002     1.9028   2.913779    33.0472    26.4144 0.0000e+00
        126     -0.049     1.9034   2.913315    33.0408    26.4093 0.0000e+00
        127     -0.061     1.9114   2.914353    33.0454    26.4124 0.0000e+00
        128     -0.060     1.9165   2.915106    33.0495    26.4153 0.0000e+00
        129     -0.063     1.9211   2.915648    33.0515    26.4165 0.0000e+00
        130     -0.081     1.9275   2.890578    32.7312    26.1595 0.0000e+00
        131     -0.123     1.9312   2.622161    29.3959    23.4889 0.0000e+00
        132     -0.163     1.9290   2.303623    25.5037    20.3756 0.0000e+00
        133     -0.161     1.9180   2.470358    27.5435    22.0076 0.0000e+00
        134     -0.115     1.9047   2.813150    31.7884    25.4060 0.0000e+00
        135     -0.052     1.9033   2.914155    33.0514    26.4178 0.0000e+00
        136     -0.001     1.9098   2.915252    33.0583    26.4228 0.0000e+00
        137      0.024     1.9085   2.915468    33.0623    26.4262 0.0000e+00
        138      0.020     1.8968   2.913960    33.0557    26.4217 0.0000e+00
        139     -0.006     1.8846   2.912467    33.0498    26.4179 0.0000e+00
        140     -0.032     1.8798   2.912613    33.0567    26.4237 0.0000e+00
        141     -0.039     1.8842   2.913832    33.0673    26.4320 0.0000e+00
        142     -0.037     1.8900   2.914137    33.0651    26.4297 0.0000e+00
        143     -0.039     1.8886   2.913234    33.0552    26.4219 0.0000e+00
        144     -0.046     1.8851   2.913153    33.0579    26.4243 0.0000e+00
        145     -0.046     1.8860   2.914190    33.0699    26.4339 0.0000e+00
        146     -0.034     1.8864   2.913987    33.0670    26.4315 0.0000e+00
        147     -0.028     1.8807   2.912106    33.0494    26.4178 0.0000e+00
        148     -0.027     1.8732   2.910764    33.0404    26.4112 0.0000e+00
        149     -0.023     1.8691   2.910505    33.0414    26.4123 0.0000e+00
        150     -0.022     1.8674   2.910466    33.0427    26.4135 0.0000e+00
        151     -0.027     1.8658   2.910285    33.0421    26.4131 0.0000e+00
        152     -0.036     1.8644   2.910056    33.0407    26.4121 0.0000e+00
        153     -0.045     1.8638   2.910004    33.0407    26.4121 0.0000e+00
        154     -0.057     1.8633   2.909879    33.0397    26.4113 0.0000e+00
        155     -0.065     1.8630   2.909735    33.0382    26.4102 0.0000e+00
        156     -0.054     1.8641   2.909936    33.0396    26.4112 0.0000e+00
        157     -0.010     1.8673   2.910260    33.0402    26.4115 0.0000e+00
        158      0.064     1.8706   2.910492    33.0397    26.4108 0.0000e+00
        159      0.135     1.8725   2.910782    33.0413    26.4119 0.0000e+00
        160      0.173     1.8725   2.910894    33.0426    26.4130 0.0000e+00
        161      0.169     1.8713   2.910654    33.0409    26.4117 0.0000e+00
        162      0.142     1.8700   2.910624    33.0419    26.4126 0.0000e+00
        163      0.110     1.8699   2.910775    33.0439    26.4142 0.0000e+00
        164      0.067     1.8699   2.910630    33.0421    26.4128 0.0000e+00
        165      0.019     1.8691   2.910578    33.0423    26.4130 0.0000e+00
        166     -0.013     1.8684   2.910632    33.0438    26.4142 0.0000e+00
        167     -0.026     1.8694   2.910655    33.0430    26.4135 0.0000e+00
        168     -0.009     1.8724   2.910956    33.0436    26.4138 0.0000e+00
        169      0.023     1.8755   2.911211    33.0436    26.4135 0.0000e+00
        170      0.048     1.8764   2.911336    33.0442    26.4140 0.0000e+00
        171      0.068     1.8754   2.911298    33.0447    26.4145 0.0000e+00
        172      0.085     1.8732   2.910806    33.0409    26.4115 0.0000e+00
        173      0.102     1.8715   2.910470    33.0384    26.4097 0.0000e+00
        174      0.137     1.8730   2.910721    33.0400    26.4109 0.0000e+00
        175      0.211     1.8760   2.910983    33.0401    26.4107 0.0000e+00
        176      0.353     1.8754   2.910750    33.0377    26.4089 0.0000e+00
        177      0.592     1.8703   2.910146    33.0353    26.4073 0.0000e+00
        178      0.874     1.8647   2.909768    33.0363    26.4085 0.0000e+00
        179      1.074     1.8616   2.909676    33.0383    26.4103 0.0000e+00
        180      1.149     1.8590   2.909445    33.0381    26.4103 0.0000e+00
        181      1.158     1.8563   2.909255    33.0385    26.4109 0.0000e+00
        182      1.132     1.8561   2.909376    33.0403    26.4123 0.0000e+00
        183      1.048     1.8582   2.909546    33.0402    26.4121 0.0000e+00
        184      0.946     1.8598   2.909523    33.0383    26.4105 0.0000e+00
        185      0.908     1.8595   2.909431    33.0375    26.4099 0.0000e+00
        186      0.903     1.8571   2.909226    33.0375    26.4100 0.0000e+00
        187      0.845     1.8537   2.908891    33.0368    26.4097 0.0000e+00
        188      0.720     1.8516   2.908755    33.0374    26.4104 0.0000e+00
        189      0.581     1.8515   2.908805    33.0382    26.4110 0.0000e+00
        190      0.480     1.8519   2.908834    33.0382    26.4110 0.0000e+00
        191      0.421     1.8519   2.908878    33.0388    26.4114 0.0000e+00
        192      0.370     1.8517   2.908954    33.0400    26.4124 0.0000e+00
        193      0.309     1.8519   2.909000    33.0404    26.4127 0.0000e+00
        194      0.226     1.8526   2.908986    33.0395    26.4120 0.0000e+00
        195      0.147     1.8528   2.908929    33.0387    26.4113 0.0000e+00
        196      0.095     1.8513   2.908773    33.0383    26.4111 0.0000e+00
        197      0.067     1.8487   2.908542    33.0381    26.4111 0.0000e+00
        198      0.082     1.8472   2.908419    33.0382    26.4113 0.0000e+00
        199      0.119     1.8493   2.908638    33.0387    26.4115 0.0000e+00
        200      0.116     1.8553   2.909216    33.0397    26.4119 0.0000e+00
        201      0.088     1.8624   2.909823    33.0398    26.4115 0.0000e+00
        202      0.069     1.8671   2.910159    33.0391    26.4106 0.0000e+00
        203      0.035     1.8678   2.910141    33.0382    26.4098 0.0000e+00
        204     -0.006     1.8648   2.909813    33.0373    26.4093 0.0000e+00
        205     -0.012     1.8608   2.909438    33.0367    26.4092 0.0000e+00
