Datasets/Multi_Species/NEE535/ned535_2020_006.cnv
* Sea-Bird SBE19plus Data File:
* Filename = C:/AQUIRE/ned535_2020_006.hex
* Software Version AquireV2 AF V2.0
* Temperature SN =  4579
* Conductivity SN =  4579
* System UpLoad Time = Dec 05 2020 17:35:53
** VESSEL/TRIP/SEQ STN: ned535_2020_006
** LATITUDE: 51 10.40 N
** LONGITUDE: 51 02.08 W
** DATE/TIME: 2020-12-05 16:44
** SOUNDING DEPTH (M):  260
** PROBE TYPE: S4579
** CTD NUMBER:   6
** COMMENTS: 
# nquan = 7                                 
# nvalues = 2846                        
# units = specified
# name 0 = scan: Scan Count
# name 1 = prdM: Pressure, Strain Gauge [db]
# name 2 = tv290C: Temperature [ITS-90, deg C]
# name 3 = c0S/m: Conductivity [S/m]
# name 4 = sal00: Salinity, Practical [PSU]
# name 5 = sigma-t00: Density [sigma-t, kg/m^3 ]
# name 6 = flag: flag
# span 0 =          1,       2846       
# span 1 =     -0.226,    257.716       
# span 2 =     0.6092,     3.4223       
# span 3 =   0.006077,   3.132528       
# span 4 =     0.0465,    34.5029       
# span 5 =     0.0101,    27.4931       
# span 6 = 0.0000e+00, 0.0000e+00       
# interval = seconds: 1
# start_time = Dec 05 2020 16:44:41 [Instrument's time stamp, header]
# bad_flag = -9.990e-29
*END*
[from data line 1436]
       1437    256.678     2.9419   3.131780    34.4997    27.4910 0.0000e+00
       1438    256.751     2.9417   3.131784    34.4999    27.4912 0.0000e+00
       1439    256.805     2.9417   3.131793    34.5000    27.4913 0.0000e+00
       1440    256.828     2.9419   3.131791    34.4998    27.4911 0.0000e+00
       1441    256.844     2.9419   3.131793    34.4998    27.4911 0.0000e+00
       1442    256.883     2.9420   3.131802    34.4998    27.4910 0.0000e+00
       1443    256.949     2.9421   3.131810    34.4997    27.4910 0.0000e+00
       1444    257.012     2.9421   3.131817    34.4998    27.4910 0.0000e+00
       1445    257.052     2.9421   3.131813    34.4997    27.4910 0.0000e+00
       1446    257.092     2.9420   3.131803    34.4997    27.4910 0.0000e+00
       1447    257.159     2.9420   3.131809    34.4997    27.4910 0.0000e+00
       1448    257.238     2.9421   3.131828    34.4998    27.4910 0.0000e+00
       1449    257.302     2.9421   3.131836    34.4998    27.4911 0.0000e+00
       1450    257.350     2.9421   3.131825    34.4997    27.4910 0.0000e+00
       1451    257.400     2.9419   3.131813    34.4997    27.4910 0.0000e+00
       1452    257.457     2.9417   3.131802    34.4998    27.4911 0.0000e+00
       1453    257.504     2.9417   3.131787    34.4996    27.4909 0.0000e+00
       1454    257.521     2.9416   3.131779    34.4996    27.4909 0.0000e+00
       1455    257.520     2.9415   3.131778    34.4997    27.4910 0.0000e+00
       1456    257.536     2.9416   3.131785    34.4996    27.4910 0.0000e+00
       1457    257.584     2.9416   3.131797    34.4997    27.4911 0.0000e+00
       1458    257.641     2.9416   3.131804    34.4998    27.4911 0.0000e+00
       1459    257.673     2.9416   3.131804    34.4998    27.4911 0.0000e+00
       1460    257.677     2.9415   3.131796    34.4998    27.4911 0.0000e+00
       1461    257.680     2.9414   3.131786    34.4998    27.4911 0.0000e+00
       1462    257.698     2.9415   3.131790    34.4997    27.4910 0.0000e+00
       1463    257.716     2.9416   3.131804    34.4998    27.4911 0.0000e+00
       1464    257.713     2.9416   3.131807    34.4998    27.4911 0.0000e+00
       1465    257.686     2.9416   3.131804    34.4998    27.4911 0.0000e+00
       1466    257.661     2.9416   3.131798    34.4997    27.4910 0.0000e+00
       1467    257.657     2.9416   3.131789    34.4996    27.4910 0.0000e+00
       1468    257.666     2.9416   3.131788    34.4996    27.4909 0.0000e+00
       1469    257.675     2.9416   3.131791    34.4996    27.4910 0.0000e+00
       1470    257.679     2.9416   3.131793    34.4996    27.4910 0.0000e+00
       1471    257.681     2.9416   3.131798    34.4997    27.4910 0.0000e+00
       1472    257.679     2.9416   3.131797    34.4997    27.4910 0.0000e+00
       1473    257.668     2.9416   3.131790    34.4996    27.4910 0.0000e+00
       1474    257.649     2.9416   3.131796    34.4997    27.4910 0.0000e+00
       1475    257.627     2.9416   3.131797    34.4997    27.4910 0.0000e+00
       1476    257.602     2.9414   3.131782    34.4998    27.4911 0.0000e+00
       1477    257.570     2.9414   3.131772    34.4997    27.4910 0.0000e+00
       1478    257.525     2.9413   3.131764    34.4997    27.4910 0.0000e+00
       1479    257.464     2.9413   3.131748    34.4995    27.4909 0.0000e+00
       1480    257.396     2.9411   3.131727    34.4995    27.4909 0.0000e+00
       1481    257.334     2.9410   3.131709    34.4995    27.4909 0.0000e+00
       1482    257.279     2.9410   3.131703    34.4994    27.4908 0.0000e+00
       1483    257.220     2.9410   3.131695    34.4993    27.4908 0.0000e+00
       1484    257.164     2.9410   3.131689    34.4993    27.4908 0.0000e+00
       1485    257.127     2.9410   3.131696    34.4994    27.4908 0.0000e+00
       1486    257.099     2.9410   3.131710    34.4996    27.4910 0.0000e+00
       1487    257.055     2.9411   3.131714    34.4996    27.4910 0.0000e+00
       1488    256.993     2.9410   3.131697    34.4995    27.4909 0.0000e+00
       1489    256.930     2.9410   3.131685    34.4994    27.4908 0.0000e+00
       1490    256.874     2.9410   3.131691    34.4995    27.4909 0.0000e+00
       1491    256.811     2.9411   3.131701    34.4995    27.4909 0.0000e+00
       1492    256.729     2.9413   3.131707    34.4994    27.4908 0.0000e+00
       1493    256.634     2.9413   3.131707    34.4995    27.4909 0.0000e+00
       1494    256.538     2.9413   3.131702    34.4995    27.4909 0.0000e+00
       1495    256.445     2.9411   3.131686    34.4996    27.4910 0.0000e+00
       1496    256.349     2.9409   3.131655    34.4994    27.4909 0.0000e+00
       1497    256.245     2.9407   3.131627    34.4994    27.4908 0.0000e+00
       1498    256.133     2.9406   3.131607    34.4993    27.4908 0.0000e+00
       1499    256.020     2.9406   3.131595    34.4992    27.4907 0.0000e+00
       1500    255.914     2.9405   3.131586    34.4993    27.4908 0.0000e+00
       1501    255.808     2.9405   3.131578    34.4992    27.4907 0.0000e+00
       1502    255.685     2.9405   3.131566    34.4992    27.4907 0.0000e+00
       1503    255.526     2.9405   3.131556    34.4991    27.4907 0.0000e+00
       1504    255.340     2.9405   3.131548    34.4991    27.4907 0.0000e+00
       1505    255.175     2.9405   3.131540    34.4991    27.4907 0.0000e+00
       1506    255.066     2.9406   3.131541    34.4991    27.4906 0.0000e+00
       1507    255.001     2.9406   3.131552    34.4993    27.4908 0.0000e+00
       1508    254.941     2.9406   3.131560    34.4994    27.4909 0.0000e+00
       1509    254.871     2.9406   3.131551    34.4993    27.4908 0.0000e+00
       1510    254.808     2.9406   3.131531    34.4991    27.4906 0.0000e+00
       1511    254.757     2.9405   3.131512    34.4990    27.4906 0.0000e+00
       1512    254.693     2.9404   3.131505    34.4991    27.4906 0.0000e+00
       1513    254.578     2.9404   3.131506    34.4991    27.4907 0.0000e+00
       1514    254.393     2.9404   3.131497    34.4991    27.4907 0.0000e+00
       1515    254.196     2.9402   3.131479    34.4992    27.4908 0.0000e+00
       1516    254.074     2.9402   3.131466    34.4991    27.4907 0.0000e+00
       1517    254.026     2.9402   3.131461    34.4991    27.4907 0.0000e+00
       1518    254.012     2.9402   3.131463    34.4991    27.4907 0.0000e+00
       1519    254.031     2.9402   3.131472    34.4992    27.4908 0.0000e+00
       1520    254.077     2.9404   3.131483    34.4991    27.4907 0.0000e+00
       1521    254.113     2.9405   3.131491    34.4991    27.4906 0.0000e+00
       1522    254.115     2.9405   3.131494    34.4991    27.4907 0.0000e+00
       1523    254.092     2.9405   3.131492    34.4991    27.4907 0.0000e+00
       1524    254.076     2.9405   3.131487    34.4991    27.4906 0.0000e+00
       1525    254.087     2.9404   3.131490    34.4992    27.4907 0.0000e+00
       1526    254.120     2.9405   3.131501    34.4992    27.4907 0.0000e+00
       1527    254.162     2.9405   3.131504    34.4992    27.4908 0.0000e+00
       1528    254.208     2.9405   3.131499    34.4991    27.4907 0.0000e+00
       1529    254.247     2.9405   3.131494    34.4991    27.4906 0.0000e+00
       1530    254.280     2.9405   3.131492    34.4990    27.4906 0.0000e+00
       1531    254.329     2.9405   3.131491    34.4990    27.4906 0.0000e+00
       1532    254.406     2.9404   3.131498    34.4991    27.4907 0.0000e+00
       1533    254.496     2.9404   3.131512    34.4993    27.4908 0.0000e+00
       1534    254.588     2.9405   3.131520    34.4992    27.4907 0.0000e+00
       1535    254.682     2.9405   3.131521    34.4992    27.4907 0.0000e+00
       1536    254.776     2.9406   3.131525    34.4990    27.4906 0.0000e+00
       1537    254.868     2.9406   3.131534    34.4991    27.4906 0.0000e+00
       1538    254.952     2.9406   3.131540    34.4991    27.4907 0.0000e+00
       1539    255.021     2.9406   3.131536    34.4990    27.4906 0.0000e+00
       1540    255.076     2.9405   3.131532    34.4991    27.4906 0.0000e+00
       1541    255.121     2.9404   3.131530    34.4991    27.4907 0.0000e+00
       1542    255.163     2.9404   3.131531    34.4991    27.4907 0.0000e+00
       1543    255.207     2.9404   3.131539    34.4992    27.4907 0.0000e+00
       1544    255.256     2.9404   3.131546    34.4993    27.4908 0.0000e+00
       1545    255.303     2.9404   3.131544    34.4992    27.4907 0.0000e+00
       1546    255.343     2.9404   3.131538    34.4991    27.4907 0.0000e+00
       1547    255.384     2.9405   3.131544    34.4990    27.4906 0.0000e+00
       1548    255.440     2.9406   3.131558    34.4991    27.4906 0.0000e+00
       1549    255.502     2.9406   3.131567    34.4992    27.4907 0.0000e+00
       1550    255.554     2.9406   3.131567    34.4991    27.4907 0.0000e+00
       1551    255.595     2.9405   3.131566    34.4992    27.4907 0.0000e+00
       1552    255.642     2.9406   3.131575    34.4992    27.4907 0.0000e+00
       1553    255.693     2.9406   3.131589    34.4993    27.4908 0.0000e+00
       1554    255.719     2.9406   3.131596    34.4994    27.4909 0.0000e+00
       1555    255.707     2.9407   3.131592    34.4992    27.4907 0.0000e+00
       1556    255.686     2.9408   3.131590    34.4991    27.4906 0.0000e+00
       1557    255.692     2.9408   3.131598    34.4992    27.4907 0.0000e+00
       1558    255.715     2.9408   3.131610    34.4994    27.4908 0.0000e+00
       1559    255.712     2.9408   3.131616    34.4994    27.4909 0.0000e+00
       1560    255.664     2.9408   3.131611    34.4994    27.4909 0.0000e+00
       1561    255.603     2.9408   3.131597    34.4993    27.4907 0.0000e+00
       1562    255.575     2.9408   3.131590    34.4992    27.4907 0.0000e+00
       1563    255.583     2.9408   3.131592    34.4992    27.4907 0.0000e+00
       1564    255.604     2.9408   3.131595    34.4992    27.4907 0.0000e+00
       1565    255.620     2.9408   3.131596    34.4992    27.4907 0.0000e+00
       1566    255.637     2.9407   3.131595    34.4993    27.4908 0.0000e+00
       1567    255.663     2.9406   3.131597    34.4994    27.4909 0.0000e+00
       1568    255.684     2.9406   3.131599    34.4994    27.4909 0.0000e+00
       1569    255.683     2.9406   3.131591    34.4994    27.4908 0.0000e+00
       1570    255.664     2.9406   3.131578    34.4992    27.4907 0.0000e+00
       1571    255.656     2.9406   3.131566    34.4991    27.4906 0.0000e+00
       1572    255.675     2.9406   3.131562    34.4990    27.4906 0.0000e+00
       1573    255.702     2.9405   3.131563    34.4991    27.4906 0.0000e+00
       1574    255.717     2.9405   3.131565    34.4991    27.4907 0.0000e+00
       1575    255.722     2.9405   3.131565    34.4991    27.4907 0.0000e+00
       1576    255.726     2.9405   3.131572    34.4992    27.4907 0.0000e+00
       1577    255.721     2.9405   3.131579    34.4993    27.4908 0.0000e+00
       1578    255.687     2.9405   3.131575    34.4993    27.4908 0.0000e+00
       1579    255.628     2.9405   3.131563    34.4991    27.4907 0.0000e+00
       1580    255.580     2.9404   3.131550    34.4991    27.4907 0.0000e+00
       1581    255.561     2.9402   3.131539    34.4992    27.4908 0.0000e+00
       1582    255.556     2.9402   3.131530    34.4991    27.4907 0.0000e+00
       1583    255.554     2.9403   3.131530    34.4990    27.4906 0.0000e+00
       1584    255.560     2.9404   3.131534    34.4989    27.4905 0.0000e+00
       1585    255.579     2.9404   3.131540    34.4990    27.4906 0.0000e+00
       1586    255.603     2.9404   3.131546    34.4991    27.4906 0.0000e+00
       1587    255.615     2.9404   3.131544    34.4990    27.4906 0.0000e+00
       1588    255.606     2.9404   3.131547    34.4991    27.4906 0.0000e+00
       1589    255.584     2.9404   3.131549    34.4991    27.4907 0.0000e+00
       1590    255.568     2.9402   3.131538    34.4992    27.4907 0.0000e+00
       1591    255.563     2.9402   3.131537    34.4992    27.4907 0.0000e+00
       1592    255.558     2.9404   3.131546    34.4991    27.4906 0.0000e+00
       1593    255.538     2.9405   3.131555    34.4991    27.4906 0.0000e+00
       1594    255.514     2.9405   3.131559    34.4992    27.4907 0.0000e+00
       1595    255.510     2.9404   3.131543    34.4991    27.4906 0.0000e+00
       1596    255.521     2.9402   3.131517    34.4990    27.4906 0.0000e+00
       1597    255.522     2.9401   3.131508    34.4990    27.4906 0.0000e+00
       1598    255.502     2.9400   3.131498    34.4990    27.4906 0.0000e+00
       1599    255.486     2.9398   3.131474    34.4989    27.4905 0.0000e+00
       1600    255.498     2.9398   3.131463    34.4987    27.4904 0.0000e+00
       1601    255.530     2.9397   3.131472    34.4989    27.4906 0.0000e+00
       1602    255.558     2.9397   3.131475    34.4990    27.4906 0.0000e+00
       1603    255.578     2.9395   3.131458    34.4990    27.4906 0.0000e+00
       1604    255.599     2.9394   3.131445    34.4989    27.4906 0.0000e+00
       1605    255.625     2.9394   3.131449    34.4989    27.4906 0.0000e+00
       1606    255.651     2.9394   3.131462    34.4991    27.4907 0.0000e+00
       1607    255.669     2.9395   3.131472    34.4991    27.4907 0.0000e+00
       1608    255.673     2.9396   3.131467    34.4989    27.4906 0.0000e+00
       1609    255.669     2.9395   3.131456    34.4989    27.4906 0.0000e+00
       1610    255.664     2.9394   3.131452    34.4989    27.4906 0.0000e+00
       1611    255.659     2.9394   3.131448    34.4989    27.4906 0.0000e+00
       1612    255.652     2.9394   3.131440    34.4988    27.4905 0.0000e+00
       1613    255.649     2.9394   3.131435    34.4987    27.4905 0.0000e+00
       1614    255.659     2.9394   3.131439    34.4988    27.4905 0.0000e+00
       1615    255.681     2.9395   3.131455    34.4989    27.4906 0.0000e+00
       1616    255.700     2.9397   3.131470    34.4988    27.4905 0.0000e+00
       1617    255.708     2.9397   3.131462    34.4987    27.4904 0.0000e+00
       1618    255.719     2.9395   3.131443    34.4987    27.4904 0.0000e+00
       1619    255.739     2.9394   3.131434    34.4987    27.4904 0.0000e+00
       1620    255.756     2.9394   3.131437    34.4987    27.4904 0.0000e+00
       1621    255.754     2.9394   3.131444    34.4988    27.4905 0.0000e+00
       1622    255.731     2.9394   3.131441    34.4988    27.4905 0.0000e+00
       1623    255.698     2.9394   3.131433    34.4987    27.4904 0.0000e+00
       1624    255.661     2.9394   3.131434    34.4987    27.4904 0.0000e+00
       1625    255.623     2.9394   3.131432    34.4987    27.4904 0.0000e+00
       1626    255.602     2.9394   3.131429    34.4987    27.4904 0.0000e+00
       1627    255.611     2.9394   3.131434    34.4988    27.4905 0.0000e+00
       1628    255.638     2.9394   3.131443    34.4989    27.4905 0.0000e+00
       1629    255.663     2.9394   3.131443    34.4988    27.4905 0.0000e+00
       1630    255.680     2.9394   3.131436    34.4987    27.4905 0.0000e+00
       1631    255.686     2.9394   3.131436    34.4987    27.4905 0.0000e+00
       1632    255.676     2.9394   3.131435    34.4987    27.4905 0.0000e+00
       1633    255.643     2.9394   3.131422    34.4986    27.4903 0.0000e+00
       1634    255.592     2.9394   3.131404    34.4984    27.4902 0.0000e+00
       1635    255.547     2.9392   3.131387    34.4984    27.4902 0.0000e+00
       1636    255.522     2.9391   3.131382    34.4985    27.4903 0.0000e+00
       1637    255.512     2.9391   3.131390    34.4986    27.4904 0.0000e+00
       1638    255.507     2.9391   3.131396    34.4987    27.4904 0.0000e+00
       1639    255.502     2.9391   3.131396    34.4987    27.4904 0.0000e+00
       1640    255.489     2.9391   3.131398    34.4987    27.4905 0.0000e+00
       1641    255.463     2.9391   3.131399    34.4987    27.4905 0.0000e+00
