Datasets/Multi_Species/NEE535/ned535_2020_018.cnv
* Sea-Bird SBE19plus Data File:
* Filename = C:/AQUIRE/ned535_2020_018.hex
* Software Version AquireV2 AF V2.0
* Temperature SN =  4579
* Conductivity SN =  4579
* System UpLoad Time = Dec 08 2020 22:45:40
** VESSEL/TRIP/SEQ STN: ned535_2020_018
** LATITUDE: 51 24.32 N
** LONGITUDE: 51 19.00 W
** DATE/TIME: 2020-12-08 21:32
** SOUNDING DEPTH (M):  257
** PROBE TYPE: S4579
** CTD NUMBER:  17
** COMMENTS: 
# nquan = 7                                 
# nvalues = 3046                        
# units = specified
# name 0 = scan: Scan Count
# name 1 = prdM: Pressure, Strain Gauge [db]
# name 2 = tv290C: Temperature [ITS-90, deg C]
# name 3 = c0S/m: Conductivity [S/m]
# name 4 = sal00: Salinity, Practical [PSU]
# name 5 = sigma-t00: Density [sigma-t, kg/m^3 ]
# name 6 = flag: flag
# span 0 =          1,       3046       
# span 1 =     -0.298,    260.537       
# span 2 =     0.8088,     2.6838       
# span 3 =   0.006687,   3.102273       
# span 4 =     0.0540,    34.4135       
# span 5 =    -0.0439,    27.4452       
# span 6 = 0.0000e+00, 0.0000e+00       
# interval = seconds: 1
# start_time = Dec 08 2020 21:32:25 [Instrument's time stamp, header]
# bad_flag = -9.990e-29
*END*
[from data line 2462]
       2463     33.456     2.0177   2.900842    32.7474    26.1659 0.0000e+00
       2464     33.071     2.0246   2.902363    32.7594    26.1750 0.0000e+00
       2465     32.697     2.0332   2.903116    32.7601    26.1749 0.0000e+00
       2466     32.357     2.0408   2.903034    32.7514    26.1674 0.0000e+00
       2467     32.046     2.0465   2.902611    32.7404    26.1582 0.0000e+00
       2468     31.751     2.0517   2.902689    32.7362    26.1544 0.0000e+00
       2469     31.466     2.0574   2.903548    32.7411    26.1579 0.0000e+00
       2470     31.203     2.0633   2.904134    32.7425    26.1586 0.0000e+00
       2471     30.969     2.0688   2.903947    32.7346    26.1518 0.0000e+00
       2472     30.752     2.0730   2.903594    32.7260    26.1446 0.0000e+00
       2473     30.544     2.0750   2.903766    32.7262    26.1446 0.0000e+00
       2474     30.343     2.0756   2.904306    32.7324    26.1496 0.0000e+00
       2475     30.152     2.0764   2.904510    32.7342    26.1510 0.0000e+00
       2476     29.969     2.0786   2.904511    32.7320    26.1491 0.0000e+00
       2477     29.788     2.0820   2.904885    32.7333    26.1498 0.0000e+00
       2478     29.599     2.0863   2.905512    32.7367    26.1523 0.0000e+00
       2479     29.398     2.0915   2.905955    32.7370    26.1521 0.0000e+00
       2480     29.187     2.0964   2.906061    32.7334    26.1488 0.0000e+00
       2481     28.971     2.0995   2.905865    32.7278    26.1441 0.0000e+00
       2482     28.751     2.1008   2.905737    32.7250    26.1418 0.0000e+00
       2483     28.521     2.1011   2.905978    32.7278    26.1440 0.0000e+00
       2484     28.279     2.1023   2.906359    32.7315    26.1468 0.0000e+00
       2485     28.030     2.1052   2.906586    32.7314    26.1466 0.0000e+00
       2486     27.776     2.1078   2.906544    32.7284    26.1440 0.0000e+00
       2487     27.525     2.1084   2.906336    32.7253    26.1415 0.0000e+00
       2488     27.289     2.1079   2.906271    32.7252    26.1414 0.0000e+00
       2489     27.069     2.1075   2.906448    32.7279    26.1436 0.0000e+00
       2490     26.861     2.1082   2.906614    32.7293    26.1447 0.0000e+00
       2491     26.662     2.1094   2.906611    32.7282    26.1437 0.0000e+00
       2492     26.472     2.1102   2.906600    32.7273    26.1429 0.0000e+00
       2493     26.287     2.1108   2.906740    32.7285    26.1439 0.0000e+00
       2494     26.102     2.1121   2.906903    32.7293    26.1444 0.0000e+00
       2495     25.910     2.1135   2.906899    32.7279    26.1432 0.0000e+00
       2496     25.711     2.1138   2.906572    32.7237    26.1397 0.0000e+00
       2497     25.516     2.1127   2.906014    32.7180    26.1353 0.0000e+00
       2498     25.333     2.1113   2.905783    32.7167    26.1343 0.0000e+00
       2499     25.148     2.1112   2.906178    32.7218    26.1384 0.0000e+00
       2500     24.952     2.1129   2.906719    32.7268    26.1423 0.0000e+00
       2501     24.755     2.1149   2.906885    32.7270    26.1423 0.0000e+00
       2502     24.559     2.1157   2.906757    32.7246    26.1404 0.0000e+00
       2503     24.365     2.1155   2.906572    32.7227    26.1388 0.0000e+00
       2504     24.184     2.1151   2.906491    32.7222    26.1384 0.0000e+00
       2505     24.021     2.1147   2.906600    32.7240    26.1399 0.0000e+00
       2506     23.869     2.1147   2.906776    32.7263    26.1418 0.0000e+00
       2507     23.717     2.1154   2.906900    32.7272    26.1424 0.0000e+00
       2508     23.549     2.1163   2.906964    32.7272    26.1423 0.0000e+00
       2509     23.352     2.1170   2.906963    32.7265    26.1418 0.0000e+00
       2510     23.138     2.1172   2.906883    32.7254    26.1409 0.0000e+00
       2511     22.928     2.1169   2.906732    32.7240    26.1398 0.0000e+00
       2512     22.735     2.1164   2.906567    32.7226    26.1387 0.0000e+00
       2513     22.567     2.1161   2.906511    32.7223    26.1384 0.0000e+00
       2514     22.425     2.1159   2.906624    32.7240    26.1398 0.0000e+00
       2515     22.291     2.1162   2.906810    32.7260    26.1414 0.0000e+00
       2516     22.139     2.1169   2.906920    32.7268    26.1420 0.0000e+00
       2517     21.950     2.1177   2.906849    32.7252    26.1406 0.0000e+00
       2518     21.723     2.1180   2.906607    32.7220    26.1381 0.0000e+00
       2519     21.482     2.1178   2.906491    32.7209    26.1372 0.0000e+00
       2520     21.260     2.1178   2.906648    32.7229    26.1388 0.0000e+00
       2521     21.071     2.1179   2.906782    32.7246    26.1402 0.0000e+00
       2522     20.909     2.1181   2.906807    32.7248    26.1403 0.0000e+00
       2523     20.760     2.1183   2.906831    32.7250    26.1404 0.0000e+00
       2524     20.608     2.1185   2.906860    32.7252    26.1406 0.0000e+00
       2525     20.446     2.1189   2.906885    32.7252    26.1406 0.0000e+00
       2526     20.279     2.1195   2.906892    32.7248    26.1402 0.0000e+00
       2527     20.102     2.1199   2.906870    32.7242    26.1397 0.0000e+00
       2528     19.909     2.1201   2.906831    32.7236    26.1392 0.0000e+00
       2529     19.709     2.1202   2.906800    32.7232    26.1389 0.0000e+00
       2530     19.527     2.1204   2.906785    32.7229    26.1386 0.0000e+00
       2531     19.370     2.1204   2.906762    32.7227    26.1385 0.0000e+00
       2532     19.226     2.1205   2.906721    32.7222    26.1380 0.0000e+00
       2533     19.086     2.1206   2.906672    32.7215    26.1375 0.0000e+00
       2534     18.948     2.1205   2.906657    32.7215    26.1375 0.0000e+00
       2535     18.806     2.1204   2.906714    32.7224    26.1382 0.0000e+00
       2536     18.664     2.1205   2.906786    32.7233    26.1389 0.0000e+00
       2537     18.536     2.1208   2.906793    32.7231    26.1388 0.0000e+00
       2538     18.419     2.1210   2.906734    32.7223    26.1381 0.0000e+00
       2539     18.302     2.1208   2.906632    32.7213    26.1373 0.0000e+00
       2540     18.191     2.1204   2.906536    32.7206    26.1367 0.0000e+00
       2541     18.093     2.1203   2.906554    32.7209    26.1371 0.0000e+00
       2542     18.002     2.1204   2.906666    32.7223    26.1381 0.0000e+00
       2543     17.905     2.1209   2.906751    32.7229    26.1386 0.0000e+00
       2544     17.776     2.1216   2.906792    32.7227    26.1384 0.0000e+00
       2545     17.601     2.1221   2.906831    32.7228    26.1384 0.0000e+00
       2546     17.390     2.1223   2.906855    32.7230    26.1386 0.0000e+00
       2547     17.147     2.1221   2.906852    32.7233    26.1388 0.0000e+00
       2548     16.861     2.1220   2.906827    32.7233    26.1388 0.0000e+00
       2549     16.533     2.1220   2.906783    32.7229    26.1385 0.0000e+00
       2550     16.170     2.1219   2.906749    32.7228    26.1384 0.0000e+00
       2551     15.788     2.1219   2.906734    32.7228    26.1384 0.0000e+00
       2552     15.392     2.1220   2.906719    32.7227    26.1384 0.0000e+00
       2553     14.967     2.1223   2.906687    32.7222    26.1380 0.0000e+00
       2554     14.504     2.1220   2.906614    32.7219    26.1377 0.0000e+00
       2555     14.019     2.1213   2.906528    32.7218    26.1377 0.0000e+00
       2556     13.515     2.1210   2.906505    32.7221    26.1380 0.0000e+00
       2557     13.007     2.1218   2.906531    32.7219    26.1377 0.0000e+00
       2558     12.556     2.1227   2.906534    32.7213    26.1371 0.0000e+00
       2559     12.182     2.1235   2.906501    32.7202    26.1363 0.0000e+00
       2560     11.828     2.1239   2.906451    32.7194    26.1355 0.0000e+00
       2561     11.430     2.1239   2.906395    32.7189    26.1352 0.0000e+00
       2562     10.971     2.1239   2.906344    32.7185    26.1349 0.0000e+00
       2563     10.484     2.1239   2.906291    32.7181    26.1345 0.0000e+00
       2564     10.017     2.1237   2.906216    32.7177    26.1342 0.0000e+00
       2565      9.592     2.1235   2.906156    32.7174    26.1340 0.0000e+00
       2566      9.207     2.1235   2.906125    32.7172    26.1338 0.0000e+00
       2567      8.877     2.1237   2.906078    32.7166    26.1333 0.0000e+00
       2568      8.609     2.1235   2.906009    32.7161    26.1329 0.0000e+00
       2569      8.393     2.1231   2.905961    32.7160    26.1329 0.0000e+00
       2570      8.223     2.1227   2.905930    32.7161    26.1330 0.0000e+00
       2571      8.094     2.1224   2.905922    32.7164    26.1333 0.0000e+00
       2572      7.999     2.1227   2.905964    32.7167    26.1335 0.0000e+00
       2573      7.914     2.1232   2.906010    32.7168    26.1335 0.0000e+00
       2574      7.809     2.1237   2.906030    32.7166    26.1333 0.0000e+00
       2575      7.685     2.1239   2.906031    32.7165    26.1332 0.0000e+00
       2576      7.583     2.1239   2.905990    32.7160    26.1328 0.0000e+00
       2577      7.554     2.1235   2.905916    32.7155    26.1325 0.0000e+00
       2578      7.606     2.1227   2.905883    32.7159    26.1328 0.0000e+00
       2579      7.697     2.1222   2.905889    32.7164    26.1333 0.0000e+00
       2580      7.779     2.1222   2.905916    32.7167    26.1335 0.0000e+00
       2581      7.835     2.1229   2.905995    32.7170    26.1337 0.0000e+00
       2582      7.871     2.1238   2.906069    32.7169    26.1336 0.0000e+00
       2583      7.872     2.1242   2.906088    32.7167    26.1334 0.0000e+00
       2584      7.795     2.1243   2.906089    32.7167    26.1334 0.0000e+00
       2585      7.628     2.1242   2.906100    32.7170    26.1336 0.0000e+00
       2586      7.409     2.1240   2.906120    32.7176    26.1341 0.0000e+00
       2587      7.177     2.1239   2.906107    32.7177    26.1342 0.0000e+00
       2588      6.946     2.1239   2.906030    32.7168    26.1335 0.0000e+00
       2589      6.671     2.1238   2.905947    32.7161    26.1329 0.0000e+00
       2590      6.308     2.1237   2.905917    32.7160    26.1329 0.0000e+00
       2591      5.878     2.1237   2.905905    32.7161    26.1329 0.0000e+00
       2592      5.432     2.1237   2.905879    32.7160    26.1329 0.0000e+00
       2593      5.016     2.1237   2.905869    32.7161    26.1329 0.0000e+00
       2594      4.658     2.1237   2.905889    32.7166    26.1333 0.0000e+00
       2595      4.348     2.1238   2.905900    32.7168    26.1335 0.0000e+00
       2596      4.037     2.1238   2.905874    32.7166    26.1333 0.0000e+00
       2597      3.679     2.1238   2.905836    32.7163    26.1331 0.0000e+00
       2598      3.284     2.1238   2.905811    32.7162    26.1330 0.0000e+00
       2599      2.879     2.1238   2.905803    32.7164    26.1331 0.0000e+00
       2600      2.470     2.1238   2.905806    32.7166    26.1334 0.0000e+00
       2601      2.069     2.1237   2.905817    32.7171    26.1337 0.0000e+00
       2602      1.697     2.1234   2.905809    32.7175    26.1341 0.0000e+00
       2603      1.368     2.1231   2.905752    32.7173    26.1339 0.0000e+00
       2604      1.107     2.1230   2.905677    32.7166    26.1334 0.0000e+00
       2605      0.938     2.1231   2.905632    32.7160    26.1329 0.0000e+00
       2606      0.788     2.1231   2.905586    32.7155    26.1325 0.0000e+00
       2607      0.560     2.1233   2.905489    32.7143    26.1315 0.0000e+00
       2608      0.288     2.1232   2.905363    32.7130    26.1304 0.0000e+00
       2609      0.086     2.1229   2.905252    32.7120    26.1297 0.0000e+00
       2610     -0.000     2.1225   2.905129    32.7109    26.1289 0.0000e+00
       2611     -0.007     2.1224   2.905005    32.7095    26.1277 0.0000e+00
       2612      0.005     2.1224   2.904886    32.7080    26.1265 0.0000e+00
       2613     -0.002     2.1225   2.904852    32.7075    26.1261 0.0000e+00
       2614     -0.027     2.1227   2.904959    32.7086    26.1270 0.0000e+00
       2615     -0.051     2.1227   2.904636    32.7046    26.1238 0.0000e+00
       2616     -0.066     2.1227   2.904259    32.6999    26.1201 0.0000e+00
       2617     -0.063     2.1229   2.904581    32.7037    26.1231 0.0000e+00
       2618     -0.054     2.1234   2.898691    32.6300    26.0640 0.0000e+00
       2619     -0.069     2.1239   2.830030    31.7778    25.3820 0.0000e+00
       2620     -0.089     2.1240   2.688293    30.0290    23.9829 0.0000e+00
       2621     -0.087     2.1239   2.668929    29.7911    23.7927 0.0000e+00
       2622     -0.089     2.1239   2.810924    31.5414    25.1928 0.0000e+00
       2623     -0.098     2.1241   2.892635    32.5541    26.0032 0.0000e+00
       2624     -0.091     2.1246   2.887722    32.4925    25.9539 0.0000e+00
       2625     -0.094     2.1252   2.867208    32.2373    25.7496 0.0000e+00
       2626     -0.130     2.1258   2.712888    30.3298    24.2234 0.0000e+00
       2627     -0.167     2.1262   2.536803    28.1720    22.4978 0.0000e+00
       2628     -0.171     2.1261   2.611173    29.0809    23.2245 0.0000e+00
       2629     -0.176     2.1254   2.492812    27.6368    22.0700 0.0000e+00
       2630     -0.215     2.1235   1.679847    17.9632    14.3434 0.0000e+00
       2631     -0.253     2.1216   0.726876     7.2735     5.8003 0.0000e+00
       2632     -0.271     2.1206   0.299196     2.8217     2.2273 0.0000e+00
       2633     -0.276     2.1205   0.224999     2.0867     1.6352 0.0000e+00
       2634     -0.276     2.1206   0.198604     1.8290     1.4275 0.0000e+00
       2635     -0.278     2.1207   0.175434     1.6047     1.2465 0.0000e+00
       2636     -0.284     2.1208   0.173047     1.5817     1.2279 0.0000e+00
       2637     -0.291     2.1208   0.205331     1.8945     1.4803 0.0000e+00
       2638     -0.295     2.1209   0.222891     2.0660     1.6186 0.0000e+00
       2639     -0.293     2.1210   0.201968     1.8617     1.4538 0.0000e+00
       2640     -0.290     2.1211   0.167782     1.5311     1.1870 0.0000e+00
       2641     -0.289     2.1211   0.141117     1.2761     0.9811 0.0000e+00
       2642     -0.289     2.1211   0.124709     1.1207     0.8555 0.0000e+00
       2643     -0.290     2.1210   0.113350     1.0139     0.7691 0.0000e+00
       2644     -0.291     2.1211   0.104548     0.9315     0.7024 0.0000e+00
       2645     -0.289     2.1211   0.100511     0.8938     0.6719 0.0000e+00
       2646     -0.286     2.1211   0.100160     0.8905     0.6693 0.0000e+00
       2647     -0.286     2.1211   0.097968     0.8701     0.6528 0.0000e+00
       2648     -0.287     2.1209   0.095841     0.8504     0.6368 0.0000e+00
       2649     -0.288     2.1208   0.096581     0.8572     0.6423 0.0000e+00
       2650     -0.290     2.1208   0.096537     0.8568     0.6420 0.0000e+00
       2651     -0.292     2.1207   0.092580     0.8201     0.6123 0.0000e+00
       2652     -0.292     2.1205   0.085899     0.7583     0.5622 0.0000e+00
       2653     -0.292     2.1205   0.080845     0.7117     0.5245 0.0000e+00
       2654     -0.290     2.1205   0.079676     0.7009     0.5158 0.0000e+00
       2655     -0.288     2.1205   0.080191     0.7056     0.5196 0.0000e+00
       2656     -0.287     2.1204   0.079758     0.7017     0.5164 0.0000e+00
       2657     -0.286     2.1200   0.078845     0.6933     0.5096 0.0000e+00
       2658     -0.285     2.1189   0.078329     0.6886     0.5057 0.0000e+00
       2659     -0.286     2.1177   0.076445     0.6713     0.4917 0.0000e+00
       2660     -0.285     2.1170   0.071701     0.6278     0.4565 0.0000e+00
       2661     -0.285     2.1163   0.065859     0.5745     0.4132 0.0000e+00
       2662     -0.286     2.1153   0.061930     0.5388     0.3843 0.0000e+00
       2663     -0.285     2.1145   0.061546     0.5353     0.3814 0.0000e+00
       2664     -0.285     2.1144   0.063563     0.5536     0.3963 0.0000e+00
       2665     -0.289     2.1145   0.064538     0.5625     0.4035 0.0000e+00
       2666     -0.293     2.1145   0.062675     0.5456     0.3897 0.0000e+00
