Datasets/Multi_Species/NEE535/ned535_2020_006.cnv
* Sea-Bird SBE19plus Data File:
* Filename = C:/AQUIRE/ned535_2020_006.hex
* Software Version AquireV2 AF V2.0
* Temperature SN =  4579
* Conductivity SN =  4579
* System UpLoad Time = Dec 05 2020 17:35:53
** VESSEL/TRIP/SEQ STN: ned535_2020_006
** LATITUDE: 51 10.40 N
** LONGITUDE: 51 02.08 W
** DATE/TIME: 2020-12-05 16:44
** SOUNDING DEPTH (M):  260
** PROBE TYPE: S4579
** CTD NUMBER:   6
** COMMENTS: 
# nquan = 7                                 
# nvalues = 2846                        
# units = specified
# name 0 = scan: Scan Count
# name 1 = prdM: Pressure, Strain Gauge [db]
# name 2 = tv290C: Temperature [ITS-90, deg C]
# name 3 = c0S/m: Conductivity [S/m]
# name 4 = sal00: Salinity, Practical [PSU]
# name 5 = sigma-t00: Density [sigma-t, kg/m^3 ]
# name 6 = flag: flag
# span 0 =          1,       2846       
# span 1 =     -0.226,    257.716       
# span 2 =     0.6092,     3.4223       
# span 3 =   0.006077,   3.132528       
# span 4 =     0.0465,    34.5029       
# span 5 =     0.0101,    27.4931       
# span 6 = 0.0000e+00, 0.0000e+00       
# interval = seconds: 1
# start_time = Dec 05 2020 16:44:41 [Instrument's time stamp, header]
# bad_flag = -9.990e-29
*END*
[from data line 1847]
       1848    255.997     2.9384   3.131324    34.4983    27.4902 0.0000e+00
       1849    255.977     2.9383   3.131323    34.4984    27.4903 0.0000e+00
       1850    255.950     2.9383   3.131313    34.4983    27.4902 0.0000e+00
       1851    255.925     2.9383   3.131296    34.4981    27.4900 0.0000e+00
       1852    255.904     2.9383   3.131290    34.4980    27.4900 0.0000e+00
       1853    255.885     2.9383   3.131299    34.4981    27.4901 0.0000e+00
       1854    255.861     2.9383   3.131305    34.4982    27.4901 0.0000e+00
       1855    255.833     2.9383   3.131304    34.4982    27.4901 0.0000e+00
       1856    255.811     2.9383   3.131304    34.4982    27.4902 0.0000e+00
       1857    255.799     2.9383   3.131309    34.4983    27.4902 0.0000e+00
       1858    255.790     2.9383   3.131314    34.4984    27.4903 0.0000e+00
       1859    255.773     2.9385   3.131311    34.4981    27.4901 0.0000e+00
       1860    255.743     2.9384   3.131297    34.4981    27.4900 0.0000e+00
       1861    255.697     2.9383   3.131280    34.4980    27.4900 0.0000e+00
       1862    255.643     2.9383   3.131272    34.4979    27.4899 0.0000e+00
       1863    255.586     2.9382   3.131270    34.4981    27.4900 0.0000e+00
       1864    255.531     2.9381   3.131256    34.4980    27.4900 0.0000e+00
       1865    255.478     2.9381   3.131239    34.4978    27.4899 0.0000e+00
       1866    255.428     2.9379   3.131231    34.4980    27.4900 0.0000e+00
       1867    255.383     2.9379   3.131227    34.4980    27.4900 0.0000e+00
       1868    255.344     2.9379   3.131226    34.4980    27.4900 0.0000e+00
       1869    255.309     2.9379   3.131229    34.4980    27.4900 0.0000e+00
       1870    255.270     2.9379   3.131236    34.4981    27.4901 0.0000e+00
       1871    255.218     2.9381   3.131246    34.4981    27.4900 0.0000e+00
       1872    255.152     2.9381   3.131251    34.4982    27.4901 0.0000e+00
       1873    255.085     2.9381   3.131251    34.4982    27.4901 0.0000e+00
       1874    255.026     2.9381   3.131247    34.4982    27.4901 0.0000e+00
       1875    254.970     2.9381   3.131238    34.4981    27.4901 0.0000e+00
       1876    254.908     2.9381   3.131226    34.4980    27.4900 0.0000e+00
       1877    254.848     2.9379   3.131213    34.4981    27.4901 0.0000e+00
       1878    254.803     2.9379   3.131215    34.4981    27.4901 0.0000e+00
       1879    254.773     2.9381   3.131222    34.4980    27.4900 0.0000e+00
       1880    254.739     2.9381   3.131216    34.4980    27.4900 0.0000e+00
       1881    254.685     2.9379   3.131203    34.4981    27.4900 0.0000e+00
       1882    254.613     2.9379   3.131200    34.4981    27.4900 0.0000e+00
       1883    254.528     2.9379   3.131195    34.4980    27.4900 0.0000e+00
       1884    254.439     2.9379   3.131187    34.4980    27.4900 0.0000e+00
       1885    254.351     2.9379   3.131177    34.4979    27.4899 0.0000e+00
       1886    254.265     2.9379   3.131164    34.4978    27.4899 0.0000e+00
       1887    254.189     2.9378   3.131153    34.4978    27.4899 0.0000e+00
       1888    254.119     2.9378   3.131155    34.4979    27.4899 0.0000e+00
       1889    254.049     2.9379   3.131161    34.4979    27.4899 0.0000e+00
       1890    253.974     2.9379   3.131162    34.4979    27.4900 0.0000e+00
       1891    253.889     2.9379   3.131158    34.4979    27.4900 0.0000e+00
       1892    253.801     2.9379   3.131156    34.4980    27.4900 0.0000e+00
       1893    253.710     2.9379   3.131155    34.4980    27.4900 0.0000e+00
       1894    253.613     2.9379   3.131145    34.4979    27.4900 0.0000e+00
       1895    253.516     2.9379   3.131125    34.4977    27.4898 0.0000e+00
       1896    253.425     2.9378   3.131111    34.4977    27.4898 0.0000e+00
       1897    253.341     2.9377   3.131104    34.4978    27.4899 0.0000e+00
       1898    253.263     2.9377   3.131098    34.4978    27.4898 0.0000e+00
       1899    253.187     2.9377   3.131100    34.4978    27.4899 0.0000e+00
       1900    253.105     2.9377   3.131105    34.4979    27.4900 0.0000e+00
       1901    253.017     2.9377   3.131099    34.4979    27.4900 0.0000e+00
       1902    252.927     2.9377   3.131092    34.4979    27.4899 0.0000e+00
       1903    252.835     2.9377   3.131091    34.4979    27.4900 0.0000e+00
       1904    252.739     2.9378   3.131096    34.4979    27.4900 0.0000e+00
       1905    252.637     2.9379   3.131104    34.4980    27.4900 0.0000e+00
       1906    252.530     2.9379   3.131103    34.4980    27.4900 0.0000e+00
       1907    252.419     2.9379   3.131095    34.4980    27.4900 0.0000e+00
       1908    252.305     2.9379   3.131085    34.4979    27.4899 0.0000e+00
       1909    252.198     2.9377   3.131060    34.4979    27.4899 0.0000e+00
       1910    252.105     2.9375   3.131033    34.4978    27.4899 0.0000e+00
       1911    252.026     2.9374   3.131022    34.4978    27.4899 0.0000e+00
       1912    251.950     2.9373   3.131017    34.4979    27.4900 0.0000e+00
       1913    251.866     2.9373   3.131004    34.4978    27.4899 0.0000e+00
       1914    251.773     2.9372   3.130986    34.4978    27.4899 0.0000e+00
       1915    251.680     2.9372   3.130982    34.4978    27.4899 0.0000e+00
       1916    251.591     2.9373   3.131001    34.4979    27.4900 0.0000e+00
       1917    251.505     2.9377   3.131031    34.4979    27.4900 0.0000e+00
       1918    251.418     2.9379   3.131045    34.4979    27.4899 0.0000e+00
       1919    251.324     2.9379   3.131048    34.4980    27.4900 0.0000e+00
       1920    251.226     2.9379   3.131044    34.4980    27.4900 0.0000e+00
       1921    251.127     2.9379   3.131031    34.4979    27.4899 0.0000e+00
       1922    251.029     2.9378   3.131016    34.4979    27.4899 0.0000e+00
       1923    250.927     2.9378   3.131004    34.4978    27.4899 0.0000e+00
       1924    250.815     2.9375   3.130978    34.4979    27.4899 0.0000e+00
       1925    250.699     2.9373   3.130952    34.4978    27.4899 0.0000e+00
       1926    250.584     2.9372   3.130943    34.4979    27.4900 0.0000e+00
       1927    250.465     2.9371   3.130925    34.4978    27.4900 0.0000e+00
       1928    250.340     2.9371   3.130915    34.4978    27.4899 0.0000e+00
       1929    250.212     2.9373   3.130936    34.4979    27.4900 0.0000e+00
       1930    250.085     2.9376   3.130958    34.4979    27.4900 0.0000e+00
       1931    249.962     2.9377   3.130960    34.4979    27.4899 0.0000e+00
       1932    249.836     2.9377   3.130954    34.4979    27.4899 0.0000e+00
       1933    249.698     2.9376   3.130948    34.4980    27.4900 0.0000e+00
       1934    249.550     2.9375   3.130935    34.4980    27.4901 0.0000e+00
       1935    249.396     2.9375   3.130916    34.4979    27.4900 0.0000e+00
       1936    249.247     2.9374   3.130898    34.4979    27.4899 0.0000e+00
       1937    249.106     2.9372   3.130881    34.4980    27.4900 0.0000e+00
       1938    248.963     2.9372   3.130863    34.4978    27.4899 0.0000e+00
       1939    248.811     2.9372   3.130863    34.4979    27.4900 0.0000e+00
       1940    248.657     2.9374   3.130879    34.4980    27.4900 0.0000e+00
       1941    248.502     2.9375   3.130882    34.4980    27.4900 0.0000e+00
       1942    248.344     2.9375   3.130873    34.4980    27.4900 0.0000e+00
       1943    248.181     2.9375   3.130856    34.4978    27.4899 0.0000e+00
       1944    248.006     2.9373   3.130822    34.4977    27.4898 0.0000e+00
       1945    247.819     2.9371   3.130786    34.4976    27.4898 0.0000e+00
       1946    247.630     2.9371   3.130772    34.4975    27.4897 0.0000e+00
       1947    247.455     2.9369   3.130754    34.4976    27.4898 0.0000e+00
       1948    247.295     2.9366   3.130711    34.4975    27.4897 0.0000e+00
       1949    247.137     2.9360   3.130639    34.4974    27.4897 0.0000e+00
       1950    246.971     2.9352   3.130544    34.4972    27.4896 0.0000e+00
       1951    246.799     2.9348   3.130479    34.4969    27.4894 0.0000e+00
       1952    246.627     2.9348   3.130478    34.4970    27.4895 0.0000e+00
       1953    246.461     2.9349   3.130489    34.4971    27.4895 0.0000e+00
       1954    246.295     2.9349   3.130483    34.4971    27.4896 0.0000e+00
       1955    246.119     2.9352   3.130501    34.4971    27.4895 0.0000e+00
       1956    245.934     2.9356   3.130543    34.4973    27.4896 0.0000e+00
       1957    245.751     2.9355   3.130534    34.4974    27.4897 0.0000e+00
       1958    245.582     2.9352   3.130479    34.4971    27.4896 0.0000e+00
       1959    245.425     2.9350   3.130456    34.4971    27.4896 0.0000e+00
       1960    245.263     2.9353   3.130491    34.4973    27.4897 0.0000e+00
       1961    245.081     2.9358   3.130538    34.4975    27.4898 0.0000e+00
       1962    244.889     2.9356   3.130503    34.4974    27.4897 0.0000e+00
       1963    244.705     2.9349   3.130385    34.4968    27.4893 0.0000e+00
       1964    244.533     2.9341   3.130299    34.4967    27.4893 0.0000e+00
       1965    244.362     2.9338   3.130264    34.4967    27.4893 0.0000e+00
       1966    244.180     2.9336   3.130236    34.4966    27.4893 0.0000e+00
       1967    243.984     2.9333   3.130189    34.4965    27.4892 0.0000e+00
       1968    243.785     2.9328   3.130115    34.4962    27.4891 0.0000e+00
       1969    243.595     2.9322   3.130045    34.4961    27.4890 0.0000e+00
       1970    243.411     2.9319   3.130006    34.4961    27.4890 0.0000e+00
       1971    243.223     2.9318   3.129984    34.4960    27.4890 0.0000e+00
       1972    243.019     2.9319   3.129984    34.4960    27.4890 0.0000e+00
       1973    242.795     2.9322   3.130013    34.4962    27.4891 0.0000e+00
       1974    242.563     2.9326   3.130072    34.4966    27.4894 0.0000e+00
       1975    242.328     2.9333   3.130154    34.4970    27.4896 0.0000e+00
       1976    242.088     2.9341   3.130223    34.4971    27.4896 0.0000e+00
       1977    241.840     2.9345   3.130248    34.4971    27.4896 0.0000e+00
       1978    241.588     2.9347   3.130241    34.4970    27.4895 0.0000e+00
       1979    241.341     2.9348   3.130228    34.4968    27.4894 0.0000e+00
       1980    241.103     2.9349   3.130223    34.4968    27.4893 0.0000e+00
       1981    240.863     2.9349   3.130231    34.4970    27.4895 0.0000e+00
       1982    240.608     2.9349   3.130233    34.4972    27.4896 0.0000e+00
       1983    240.338     2.9343   3.130154    34.4970    27.4895 0.0000e+00
       1984    240.057     2.9326   3.129923    34.4962    27.4890 0.0000e+00
       1985    239.768     2.9314   3.129755    34.4956    27.4886 0.0000e+00
       1986    239.471     2.9318   3.129859    34.4966    27.4894 0.0000e+00
       1987    239.168     2.9326   3.129974    34.4973    27.4899 0.0000e+00
       1988    238.864     2.9322   3.129873    34.4967    27.4894 0.0000e+00
       1989    238.565     2.9310   3.129684    34.4958    27.4889 0.0000e+00
       1990    238.265     2.9295   3.129495    34.4953    27.4886 0.0000e+00
       1991    237.952     2.9276   3.129235    34.4943    27.4880 0.0000e+00
       1992    237.619     2.9256   3.128996    34.4937    27.4877 0.0000e+00
       1993    237.269     2.9244   3.128879    34.4937    27.4878 0.0000e+00
       1994    236.913     2.9238   3.128818    34.4938    27.4880 0.0000e+00
       1995    236.558     2.9237   3.128775    34.4936    27.4878 0.0000e+00
       1996    236.205     2.9237   3.128761    34.4936    27.4878 0.0000e+00
       1997    235.848     2.9241   3.128793    34.4938    27.4879 0.0000e+00
       1998    235.487     2.9246   3.128841    34.4940    27.4880 0.0000e+00
       1999    235.124     2.9252   3.128889    34.4942    27.4881 0.0000e+00
       2000    234.754     2.9249   3.128825    34.4939    27.4879 0.0000e+00
       2001    234.371     2.9226   3.128466    34.4922    27.4868 0.0000e+00
       2002    233.973     2.9192   3.128049    34.4910    27.4861 0.0000e+00
       2003    233.569     2.9176   3.127902    34.4911    27.4864 0.0000e+00
       2004    233.171     2.9174   3.127900    34.4915    27.4867 0.0000e+00
       2005    232.780     2.9177   3.127912    34.4916    27.4867 0.0000e+00
       2006    232.386     2.9181   3.127949    34.4918    27.4869 0.0000e+00
       2007    231.980     2.9184   3.127972    34.4920    27.4870 0.0000e+00
       2008    231.568     2.9181   3.127928    34.4920    27.4870 0.0000e+00
       2009    231.159     2.9173   3.127799    34.4915    27.4867 0.0000e+00
       2010    230.751     2.9161   3.127612    34.4908    27.4862 0.0000e+00
       2011    230.333     2.9145   3.127390    34.4900    27.4857 0.0000e+00
       2012    229.904     2.9129   3.127189    34.4895    27.4855 0.0000e+00
       2013    229.467     2.9117   3.127061    34.4894    27.4855 0.0000e+00
       2014    229.023     2.9107   3.126939    34.4893    27.4855 0.0000e+00
       2015    228.571     2.9093   3.126753    34.4887    27.4852 0.0000e+00
       2016    228.110     2.9077   3.126538    34.4881    27.4848 0.0000e+00
       2017    227.645     2.9058   3.126299    34.4875    27.4845 0.0000e+00
       2018    227.182     2.9037   3.126038    34.4868    27.4841 0.0000e+00
       2019    226.723     2.9018   3.125822    34.4864    27.4840 0.0000e+00
       2020    226.261     2.9003   3.125632    34.4860    27.4838 0.0000e+00
       2021    225.782     2.8988   3.125431    34.4854    27.4834 0.0000e+00
       2022    225.282     2.8974   3.125239    34.4848    27.4831 0.0000e+00
       2023    224.768     2.8962   3.125067    34.4843    27.4828 0.0000e+00
       2024    224.249     2.8951   3.124938    34.4842    27.4828 0.0000e+00
       2025    223.724     2.8941   3.124796    34.4838    27.4826 0.0000e+00
       2026    223.193     2.8927   3.124602    34.4832    27.4823 0.0000e+00
       2027    222.659     2.8910   3.124402    34.4829    27.4822 0.0000e+00
       2028    222.129     2.8891   3.124160    34.4822    27.4818 0.0000e+00
       2029    221.609     2.8870   3.123889    34.4815    27.4814 0.0000e+00
       2030    221.094     2.8851   3.123658    34.4810    27.4812 0.0000e+00
       2031    220.574     2.8826   3.123378    34.4805    27.4810 0.0000e+00
       2032    220.043     2.8773   3.122744    34.4787    27.4801 0.0000e+00
       2033    219.498     2.8682   3.121604    34.4748    27.4778 0.0000e+00
       2034    218.942     2.8577   3.120380    34.4714    27.4760 0.0000e+00
       2035    218.382     2.8453   3.119084    34.4691    27.4753 0.0000e+00
       2036    217.816     2.8260   3.116687    34.4608    27.4703 0.0000e+00
       2037    217.240     2.8021   3.113709    34.4502    27.4640 0.0000e+00
       2038    216.661     2.7831   3.111838    34.4480    27.4639 0.0000e+00
       2039    216.096     2.7716   3.110778    34.4476    27.4646 0.0000e+00
       2040    215.543     2.7639   3.109822    34.4444    27.4628 0.0000e+00
       2041    214.981     2.7567   3.108981    34.4422    27.4616 0.0000e+00
       2042    214.392     2.7477   3.107938    34.4393    27.4601 0.0000e+00
       2043    213.778     2.7370   3.106649    34.4353    27.4579 0.0000e+00
       2044    213.163     2.7270   3.105578    34.4332    27.4571 0.0000e+00
       2045    212.570     2.7176   3.104638    34.4321    27.4570 0.0000e+00
       2046    211.992     2.7045   3.103021    34.4266    27.4538 0.0000e+00
       2047    211.408     2.6871   3.100807    34.4184    27.4487 0.0000e+00
       2048    210.809     2.6708   3.099016    34.4142    27.4468 0.0000e+00
       2049    210.205     2.6589   3.097906    34.4136    27.4474 0.0000e+00
       2050    209.603     2.6495   3.096895    34.4116    27.4466 0.0000e+00
       2051    208.991     2.6400   3.095631    34.4066    27.4434 0.0000e+00
