Datasets/Multi_Species/NEE535/ned535_2020_007.cnv
* Sea-Bird SBE19plus Data File:
* Filename = C:/AQUIRE/ned535_2020_007.hex
* Software Version AquireV2 AF V2.0
* Temperature SN =  4579
* Conductivity SN =  4579
* System UpLoad Time = Dec 05 2020 22:41:35
** VESSEL/TRIP/SEQ STN: ned535_2020_007
** LATITUDE: 51 43.62 N
** LONGITUDE: 50 31.95 W
** DATE/TIME: 2020-12-05 21:41
** SOUNDING DEPTH (M): 0414
** PROBE TYPE: S4579
** CTD NUMBER:   7
** COMMENTS: 
# nquan = 7                                 
# nvalues = 3521                        
# units = specified
# name 0 = scan: Scan Count
# name 1 = prdM: Pressure, Strain Gauge [db]
# name 2 = tv290C: Temperature [ITS-90, deg C]
# name 3 = c0S/m: Conductivity [S/m]
# name 4 = sal00: Salinity, Practical [PSU]
# name 5 = sigma-t00: Density [sigma-t, kg/m^3 ]
# name 6 = flag: flag
# span 0 =          1,       3521       
# span 1 =     -0.300,    416.316       
# span 2 =     1.0434,     3.9953       
# span 3 =   0.011354,   3.251620       
# span 4 =     0.0892,    34.7703       
# span 5 =     0.0077,    27.6073       
# span 6 = 0.0000e+00, 0.0000e+00       
# interval = seconds: 1
# start_time = Dec 05 2020 21:41:16 [Instrument's time stamp, header]
# bad_flag = -9.990e-29
*END*
[from data line 206]
        207     -0.103     3.2575   0.011429     0.0898     0.0435 0.0000e+00
        208     -0.100     3.2573   0.011500     0.0904     0.0440 0.0000e+00
        209     -0.098     3.2573   0.011589     0.0911     0.0446 0.0000e+00
        210     -0.099     3.2573   0.011625     0.0914     0.0448 0.0000e+00
        211     -0.101     3.2573   0.011612     0.0913     0.0448 0.0000e+00
        212     -0.101     3.2572   0.011577     0.0911     0.0445 0.0000e+00
        213     -0.097     3.2570   0.011535     0.0907     0.0442 0.0000e+00
        214     -0.096     3.2569   0.011497     0.0904     0.0440 0.0000e+00
        215     -0.099     3.2569   0.011497     0.0904     0.0440 0.0000e+00
        216     -0.102     3.2569   0.011559     0.0909     0.0444 0.0000e+00
        217     -0.104     3.2569   0.011636     0.0915     0.0449 0.0000e+00
        218     -0.103     3.2568   0.011664     0.0918     0.0451 0.0000e+00
        219     -0.102     3.2567   0.011645     0.0916     0.0450 0.0000e+00
        220     -0.103     3.2567   0.011628     0.0915     0.0449 0.0000e+00
        221     -0.105     3.2566   0.011627     0.0915     0.0448 0.0000e+00
        222     -0.105     3.2565   0.011608     0.0913     0.0447 0.0000e+00
        223     -0.104     3.2565   0.011570     0.0910     0.0445 0.0000e+00
        224     -0.101     3.2565   0.011561     0.0909     0.0444 0.0000e+00
        225     -0.098     3.2565   0.011609     0.0913     0.0447 0.0000e+00
        226     -0.099     3.2565   0.011679     0.0919     0.0452 0.0000e+00
        227     -0.101     3.2564   0.011708     0.0921     0.0454 0.0000e+00
        228     -0.101     3.2563   0.011676     0.0919     0.0452 0.0000e+00
        229     -0.100     3.2563   0.011622     0.0914     0.0448 0.0000e+00
        230     -0.099     3.2562   0.011573     0.0910     0.0445 0.0000e+00
        231     -0.099     3.2561   0.011549     0.0908     0.0443 0.0000e+00
        232     -0.102     3.2561   0.011570     0.0910     0.0445 0.0000e+00
        233     -0.103     3.2560   0.011649     0.0916     0.0450 0.0000e+00
        234     -0.104     3.2558   0.011729     0.0923     0.0455 0.0000e+00
        235     -0.105     3.2558   0.011739     0.0924     0.0456 0.0000e+00
        236     -0.104     3.2558   0.011684     0.0919     0.0452 0.0000e+00
        237     -0.102     3.2557   0.011618     0.0914     0.0448 0.0000e+00
        238     -0.100     3.2557   0.011580     0.0911     0.0445 0.0000e+00
        239     -0.098     3.2557   0.011595     0.0912     0.0446 0.0000e+00
        240     -0.096     3.2557   0.011635     0.0915     0.0449 0.0000e+00
        241     -0.096     3.2555   0.011652     0.0917     0.0450 0.0000e+00
        242     -0.097     3.2554   0.011646     0.0916     0.0450 0.0000e+00
        243     -0.099     3.2554   0.011639     0.0916     0.0449 0.0000e+00
        244     -0.103     3.2554   0.011648     0.0916     0.0450 0.0000e+00
        245     -0.105     3.2554   0.011666     0.0918     0.0451 0.0000e+00
        246     -0.105     3.2554   0.011679     0.0919     0.0452 0.0000e+00
        247     -0.105     3.2552   0.011664     0.0918     0.0451 0.0000e+00
        248     -0.104     3.2550   0.011611     0.0913     0.0447 0.0000e+00
        249     -0.104     3.2550   0.011554     0.0909     0.0444 0.0000e+00
        250     -0.105     3.2550   0.011560     0.0909     0.0444 0.0000e+00
        251     -0.103     3.2549   0.011653     0.0917     0.0450 0.0000e+00
        252     -0.101     3.2548   0.011742     0.0924     0.0456 0.0000e+00
        253     -0.099     3.2546   0.011731     0.0923     0.0455 0.0000e+00
        254     -0.097     3.2546   0.011667     0.0918     0.0451 0.0000e+00
        255     -0.097     3.2546   0.011679     0.0919     0.0452 0.0000e+00
        256     -0.097     3.2544   0.011804     0.0929     0.0460 0.0000e+00
        257     -0.096     3.2542   0.011919     0.0939     0.0468 0.0000e+00
        258     -0.096     3.2542   0.011917     0.0938     0.0467 0.0000e+00
        259     -0.097     3.2541   0.011833     0.0931     0.0462 0.0000e+00
        260     -0.100     3.2539   0.011769     0.0926     0.0458 0.0000e+00
        261     -0.100     3.2538   0.011782     0.0927     0.0458 0.0000e+00
        262     -0.097     3.2538   0.011827     0.0931     0.0461 0.0000e+00
        263     -0.096     3.2536   0.011821     0.0931     0.0461 0.0000e+00
        264     -0.098     3.2535   0.011751     0.0925     0.0456 0.0000e+00
        265     -0.100     3.2534   0.011690     0.0920     0.0452 0.0000e+00
        266     -0.101     3.2532   0.011706     0.0921     0.0453 0.0000e+00
        267     -0.103     3.2531   0.011771     0.0926     0.0458 0.0000e+00
        268     -0.103     3.2530   0.011794     0.0928     0.0459 0.0000e+00
        269     -0.101     3.2529   0.011753     0.0925     0.0456 0.0000e+00
        270     -0.098     3.2527   0.011685     0.0919     0.0452 0.0000e+00
        271     -0.099     3.2527   0.011628     0.0915     0.0448 0.0000e+00
        272     -0.101     3.2525   0.011613     0.0914     0.0447 0.0000e+00
        273     -0.101     3.2523   0.011649     0.0917     0.0450 0.0000e+00
        274     -0.101     3.2521   0.011703     0.0921     0.0453 0.0000e+00
        275     -0.101     3.2519   0.011719     0.0922     0.0454 0.0000e+00
        276     -0.101     3.2518   0.011687     0.0920     0.0452 0.0000e+00
        277     -0.101     3.2516   0.011644     0.0916     0.0449 0.0000e+00
        278     -0.101     3.2515   0.011612     0.0914     0.0447 0.0000e+00
        279     -0.100     3.2514   0.011598     0.0912     0.0446 0.0000e+00
        280     -0.099     3.2512   0.011592     0.0912     0.0446 0.0000e+00
        281     -0.099     3.2510   0.011574     0.0910     0.0444 0.0000e+00
        282     -0.102     3.2508   0.011563     0.0910     0.0444 0.0000e+00
        283     -0.103     3.2506   0.011587     0.0911     0.0445 0.0000e+00
        284     -0.104     3.2504   0.011625     0.0915     0.0448 0.0000e+00
        285     -0.105     3.2504   0.011622     0.0914     0.0448 0.0000e+00
        286     -0.104     3.2502   0.011593     0.0912     0.0446 0.0000e+00
        287     -0.102     3.2500   0.011596     0.0912     0.0446 0.0000e+00
        288     -0.102     3.2499   0.011625     0.0915     0.0448 0.0000e+00
        289     -0.102     3.2497   0.011615     0.0914     0.0447 0.0000e+00
        290     -0.104     3.2495   0.011563     0.0910     0.0444 0.0000e+00
        291     -0.108     3.2493   0.011524     0.0906     0.0441 0.0000e+00
        292     -0.110     3.2491   0.011545     0.0908     0.0442 0.0000e+00
        293     -0.110     3.2489   0.011603     0.0913     0.0446 0.0000e+00
        294     -0.108     3.2488   0.011635     0.0915     0.0448 0.0000e+00
        295     -0.106     3.2486   0.011625     0.0915     0.0448 0.0000e+00
        296     -0.103     3.2485   0.011600     0.0913     0.0446 0.0000e+00
        297     -0.100     3.2484   0.011577     0.0911     0.0444 0.0000e+00
        298     -0.100     3.2482   0.011558     0.0909     0.0443 0.0000e+00
        299     -0.101     3.2480   0.011558     0.0909     0.0443 0.0000e+00
        300     -0.101     3.2477   0.011558     0.0909     0.0443 0.0000e+00
        301     -0.101     3.2475   0.011536     0.0907     0.0442 0.0000e+00
        302     -0.102     3.2474   0.011511     0.0905     0.0440 0.0000e+00
        303     -0.104     3.2472   0.011514     0.0906     0.0440 0.0000e+00
        304     -0.107     3.2470   0.011537     0.0908     0.0442 0.0000e+00
        305     -0.108     3.2468   0.011549     0.0908     0.0442 0.0000e+00
        306     -0.107     3.2466   0.011539     0.0908     0.0442 0.0000e+00
        307     -0.107     3.2466   0.011529     0.0907     0.0441 0.0000e+00
        308     -0.107     3.2464   0.011545     0.0908     0.0442 0.0000e+00
        309     -0.105     3.2462   0.011562     0.0910     0.0443 0.0000e+00
        310     -0.105     3.2460   0.011534     0.0907     0.0441 0.0000e+00
        311     -0.108     3.2458   0.011490     0.0904     0.0438 0.0000e+00
        312     -0.110     3.2457   0.011501     0.0905     0.0439 0.0000e+00
        313     -0.110     3.2455   0.011582     0.0911     0.0444 0.0000e+00
        314     -0.108     3.2453   0.011653     0.0917     0.0449 0.0000e+00
        315     -0.105     3.2451   0.011648     0.0917     0.0449 0.0000e+00
        316     -0.105     3.2451   0.011591     0.0912     0.0445 0.0000e+00
        317     -0.107     3.2449   0.011563     0.0910     0.0443 0.0000e+00
        318     -0.107     3.2447   0.011597     0.0912     0.0445 0.0000e+00
        319     -0.104     3.2445   0.011625     0.0915     0.0447 0.0000e+00
        320     -0.102     3.2443   0.011593     0.0912     0.0445 0.0000e+00
        321     -0.102     3.2443   0.011567     0.0910     0.0443 0.0000e+00
        322     -0.102     3.2441   0.011621     0.0914     0.0447 0.0000e+00
        323     -0.104     3.2439   0.011710     0.0922     0.0453 0.0000e+00
        324     -0.107     3.2437   0.011735     0.0924     0.0454 0.0000e+00
        325     -0.109     3.2435   0.011734     0.0924     0.0454 0.0000e+00
        326     -0.107     3.2435   0.011817     0.0930     0.0460 0.0000e+00
        327     -0.105     3.2432   0.012068     0.0951     0.0476 0.0000e+00
        328     -0.104     3.2430   0.012427     0.0980     0.0500 0.0000e+00
        329     -0.105     3.2428   0.012662     0.1000     0.0516 0.0000e+00
        330     -0.104     3.2426   0.012697     0.1002     0.0518 0.0000e+00
        331     -0.102     3.2424   0.012599     0.0994     0.0511 0.0000e+00
        332     -0.102     3.2422   0.012455     0.0983     0.0502 0.0000e+00
        333     -0.102     3.2420   0.012363     0.0975     0.0496 0.0000e+00
        334     -0.104     3.2420   0.012335     0.0973     0.0494 0.0000e+00
        335     -0.108     3.2418   0.012508     0.0987     0.0505 0.0000e+00
        336     -0.110     3.2416   0.013170     0.1041     0.0549 0.0000e+00
        337     -0.111     3.2413   0.014083     0.1116     0.0610 0.0000e+00
        338     -0.111     3.2409   0.014523     0.1152     0.0639 0.0000e+00
        339     -0.110     3.2405   0.014383     0.1141     0.0630 0.0000e+00
        340     -0.109     3.2403   0.014283     0.1133     0.0623 0.0000e+00
        341     -0.107     3.2401   0.014388     0.1141     0.0630 0.0000e+00
        342     -0.107     3.2397   0.014358     0.1139     0.0628 0.0000e+00
        343     -0.109     3.2395   0.014401     0.1142     0.0631 0.0000e+00
        344     -0.110     3.2393   0.014874     0.1181     0.0662 0.0000e+00
        345     -0.108     3.2390   0.015567     0.1239     0.0709 0.0000e+00
        346     -0.106     3.2387   0.017545     0.1402     0.0841 0.0000e+00
        347     -0.103     3.2382   0.026901     0.2185     0.1474 0.0000e+00
        348     -0.099     3.2371   0.043372     0.3591     0.2610 0.0000e+00
        349     -0.095     3.2355   0.061916     0.5203     0.3911 0.0000e+00
        350     -0.091     3.2098   0.102059     0.8780     0.6791 0.0000e+00
        351     -0.074     3.0145   0.296364     2.7161     2.1544 0.0000e+00
        352     -0.037     2.5158   1.071896    10.9097     8.7055 0.0000e+00
        353     -0.009     1.9233   2.028999    22.2037    17.7378 0.0000e+00
        354     -0.017     1.5590   2.117497    23.5338    18.8162 0.0000e+00
        355     -0.031     1.4415   2.048168    22.7790    18.2162 0.0000e+00
        356     -0.027     1.4079   2.531648    28.7570    23.0076 0.0000e+00
        357     -0.029     1.3635   2.550002    29.0272    23.2266 0.0000e+00
        358     -0.044     1.3310   1.721822    18.9223    15.1307 0.0000e+00
        359     -0.040     1.3461   1.344775    14.4661    11.5609 0.0000e+00
        360      0.002     1.3670   2.092146    23.3689    18.6915 0.0000e+00
        361      0.072     1.3461   2.767187    31.7760    25.4328 0.0000e+00
        362      0.157     1.3127   2.867714    33.0865    26.4870 0.0000e+00
        363      0.244     1.3024   2.868554    33.1081    26.5050 0.0000e+00
        364      0.310     1.2986   2.872829    33.1666    26.5522 0.0000e+00
        365      0.336     1.2836   2.876686    33.2316    26.6054 0.0000e+00
        366      0.312     1.2510   2.874541    33.2390    26.6135 0.0000e+00
        367      0.241     1.2069   2.867897    33.2011    26.5859 0.0000e+00
        368      0.161     1.1844   2.865257    33.1914    26.5795 0.0000e+00
        369      0.112     1.1969   2.867006    33.2005    26.5860 0.0000e+00
        370      0.084     1.2118   2.867936    33.1965    26.5819 0.0000e+00
        371      0.076     1.2147   2.864646    33.1514    26.5455 0.0000e+00
        372      0.120     1.2357   2.863595    33.1157    26.5154 0.0000e+00
        373      0.201     1.2733   2.870621    33.1653    26.5529 0.0000e+00
        374      0.249     1.2801   2.874484    33.2073    26.5861 0.0000e+00
        375      0.234     1.2406   2.870001    33.1922    26.5765 0.0000e+00
        376      0.181     1.1923   2.865537    33.1865    26.5751 0.0000e+00
        377      0.150     1.1789   2.865512    33.2005    26.5872 0.0000e+00
        378      0.177     1.2024   2.867909    33.2061    26.5902 0.0000e+00
        379      0.234     1.2248   2.870154    33.2109    26.5926 0.0000e+00
        380      0.287     1.2193   2.870300    33.2186    26.5992 0.0000e+00
        381      0.331     1.1974   2.867536    33.2066    26.5909 0.0000e+00
        382      0.353     1.1789   2.865784    33.2039    26.5899 0.0000e+00
        383      0.350     1.1694   2.867116    33.2310    26.6124 0.0000e+00
        384      0.341     1.1649   2.867178    33.2366    26.6171 0.0000e+00
        385      0.333     1.1635   2.863586    33.1922    26.5815 0.0000e+00
        386      0.337     1.1707   2.862553    33.1713    26.5643 0.0000e+00
        387      0.365     1.1909   2.867074    33.2076    26.5921 0.0000e+00
        388      0.401     1.2147   2.870260    33.2229    26.6029 0.0000e+00
        389      0.424     1.2233   2.869959    33.2099    26.5919 0.0000e+00
        390      0.405     1.2044   2.867460    33.1981    26.5837 0.0000e+00
        391      0.314     1.1683   2.863298    33.1834    26.5741 0.0000e+00
        392      0.191     1.1408   2.861297    33.1871    26.5789 0.0000e+00
        393      0.115     1.1347   2.862282    33.2063    26.5947 0.0000e+00
        394      0.108     1.1440   2.863722    33.2148    26.6009 0.0000e+00
        395      0.130     1.1545   2.864003    33.2072    26.5942 0.0000e+00
        396      0.135     1.1525   2.862795    33.1939    26.5836 0.0000e+00
        397      0.112     1.1403   2.861031    33.1843    26.5767 0.0000e+00
        398      0.086     1.1308   2.860169    33.1834    26.5766 0.0000e+00
        399      0.070     1.1285   2.860355    33.1882    26.5806 0.0000e+00
        400      0.063     1.1311   2.860550    33.1880    26.5802 0.0000e+00
        401      0.065     1.1375   2.860829    33.1847    26.5772 0.0000e+00
        402      0.075     1.1421   2.861339    33.1864    26.5782 0.0000e+00
        403      0.086     1.1387   2.861367    33.1903    26.5816 0.0000e+00
        404      0.092     1.1316   2.860884    33.1917    26.5832 0.0000e+00
        405      0.095     1.1298   2.860532    33.1891    26.5812 0.0000e+00
        406      0.121     1.1371   2.860807    33.1848    26.5773 0.0000e+00
        407      0.179     1.1483   2.861466    33.1813    26.5738 0.0000e+00
        408      0.246     1.1538   2.861648    33.1778    26.5705 0.0000e+00
        409      0.269     1.1483   2.860271    33.1660    26.5614 0.0000e+00
        410      0.222     1.1370   2.858353    33.1535    26.5521 0.0000e+00
