Datasets/Multi_Species/NEE535/ned535_2020_009.cnv
* Sea-Bird SBE19plus Data File:
* Filename = C:/AQUIRE/ned535_2020_009.hex
* Software Version AquireV2 AF V2.0
* Temperature SN =  4579
* Conductivity SN =  4579
* System UpLoad Time = Dec 06 2020 15:22:03
** VESSEL/TRIP/SEQ STN: ned535_2020_009
** LATITUDE: 51 22.15 N
** LONGITUDE: 50 15.32 W
** DATE/TIME: 2020-12-06 14:23
** SOUNDING DEPTH (M):  426
** PROBE TYPE: S4579
** CTD NUMBER:   9
** COMMENTS: 
# nquan = 7                                 
# nvalues = 3224                        
# units = specified
# name 0 = scan: Scan Count
# name 1 = prdM: Pressure, Strain Gauge [db]
# name 2 = tv290C: Temperature [ITS-90, deg C]
# name 3 = c0S/m: Conductivity [S/m]
# name 4 = sal00: Salinity, Practical [PSU]
# name 5 = sigma-t00: Density [sigma-t, kg/m^3 ]
# name 6 = flag: flag
# span 0 =          1,       3224       
# span 1 =     -0.296,    427.488       
# span 2 =     1.0667,     4.0039       
# span 3 =   0.017739,   3.248984       
# span 4 =     0.1466,    34.7644       
# span 5 =     0.0645,    27.6080       
# span 6 = 0.0000e+00, 0.0000e+00       
# interval = seconds: 1
# start_time = Dec 06 2020 14:23:28 [Instrument's time stamp, header]
# bad_flag = -9.990e-29
*END*
[from data line 1026]
       1027    244.799     3.8954   3.232846    34.7094    27.5658 0.0000e+00
       1028    245.499     3.8978   3.233105    34.7096    27.5657 0.0000e+00
       1029    246.210     3.9032   3.233874    34.7126    27.5676 0.0000e+00
       1030    246.942     3.9109   3.234924    34.7166    27.5700 0.0000e+00
       1031    247.681     3.9170   3.235604    34.7178    27.5703 0.0000e+00
       1032    248.414     3.9208   3.235962    34.7176    27.5698 0.0000e+00
       1033    249.138     3.9256   3.236602    34.7198    27.5710 0.0000e+00
       1034    249.865     3.9341   3.237735    34.7239    27.5734 0.0000e+00
       1035    250.600     3.9440   3.238901    34.7269    27.5747 0.0000e+00
       1036    251.334     3.9513   3.239656    34.7277    27.5746 0.0000e+00
       1037    252.060     3.9552   3.240041    34.7278    27.5743 0.0000e+00
       1038    252.773     3.9566   3.240225    34.7281    27.5744 0.0000e+00
       1039    253.477     3.9566   3.240286    34.7284    27.5747 0.0000e+00
       1040    254.176     3.9563   3.240319    34.7288    27.5750 0.0000e+00
       1041    254.868     3.9565   3.240413    34.7293    27.5754 0.0000e+00
       1042    255.545     3.9573   3.240572    34.7300    27.5758 0.0000e+00
       1043    256.207     3.9590   3.240830    34.7309    27.5764 0.0000e+00
       1044    256.868     3.9611   3.241146    34.7321    27.5771 0.0000e+00
       1045    257.540     3.9632   3.241408    34.7326    27.5773 0.0000e+00
       1046    258.225     3.9650   3.241607    34.7327    27.5772 0.0000e+00
       1047    258.915     3.9661   3.241748    34.7328    27.5772 0.0000e+00
       1048    259.600     3.9667   3.241817    34.7326    27.5770 0.0000e+00
       1049    260.275     3.9672   3.241903    34.7328    27.5770 0.0000e+00
       1050    260.950     3.9682   3.242073    34.7334    27.5774 0.0000e+00
       1051    261.637     3.9697   3.242314    34.7343    27.5780 0.0000e+00
       1052    262.339     3.9718   3.242637    34.7355    27.5787 0.0000e+00
       1053    263.043     3.9740   3.242954    34.7366    27.5793 0.0000e+00
       1054    263.725     3.9757   3.243166    34.7369    27.5794 0.0000e+00
       1055    264.373     3.9772   3.243367    34.7374    27.5796 0.0000e+00
       1056    265.007     3.9787   3.243608    34.7383    27.5802 0.0000e+00
       1057    265.670     3.9807   3.243895    34.7392    27.5808 0.0000e+00
       1058    266.368     3.9829   3.244217    34.7404    27.5814 0.0000e+00
       1059    267.069     3.9849   3.244473    34.7409    27.5817 0.0000e+00
       1060    267.746     3.9865   3.244684    34.7414    27.5819 0.0000e+00
       1061    268.406     3.9879   3.244911    34.7422    27.5824 0.0000e+00
       1062    269.073     3.9892   3.245102    34.7428    27.5827 0.0000e+00
       1063    269.750     3.9902   3.245256    34.7432    27.5829 0.0000e+00
       1064    270.419     3.9910   3.245394    34.7436    27.5832 0.0000e+00
       1065    271.071     3.9914   3.245483    34.7439    27.5833 0.0000e+00
       1066    271.719     3.9916   3.245521    34.7438    27.5832 0.0000e+00
       1067    272.384     3.9918   3.245571    34.7438    27.5832 0.0000e+00
       1068    273.061     3.9926   3.245722    34.7444    27.5836 0.0000e+00
       1069    273.728     3.9941   3.245979    34.7455    27.5843 0.0000e+00
       1070    274.384     3.9960   3.246266    34.7465    27.5850 0.0000e+00
       1071    275.047     3.9979   3.246540    34.7474    27.5855 0.0000e+00
       1072    275.722     3.9994   3.246758    34.7481    27.5858 0.0000e+00
       1073    276.397     4.0002   3.246873    34.7482    27.5859 0.0000e+00
       1074    277.064     4.0004   3.246920    34.7482    27.5858 0.0000e+00
       1075    277.727     3.9998   3.246914    34.7484    27.5861 0.0000e+00
       1076    278.383     3.9987   3.246870    34.7487    27.5864 0.0000e+00
       1077    279.017     3.9978   3.246855    34.7491    27.5869 0.0000e+00
       1078    279.632     3.9974   3.246886    34.7496    27.5873 0.0000e+00
       1079    280.253     3.9973   3.246970    34.7504    27.5879 0.0000e+00
       1080    280.898     3.9974   3.247096    34.7514    27.5887 0.0000e+00
       1081    281.555     3.9977   3.247223    34.7522    27.5893 0.0000e+00
       1082    282.197     3.9986   3.247381    34.7528    27.5897 0.0000e+00
       1083    282.821     3.9996   3.247560    34.7536    27.5902 0.0000e+00
       1084    283.448     4.0004   3.247725    34.7543    27.5907 0.0000e+00
       1085    284.085     4.0014   3.247887    34.7549    27.5910 0.0000e+00
       1086    284.719     4.0021   3.247999    34.7551    27.5912 0.0000e+00
       1087    285.346     4.0023   3.248050    34.7552    27.5912 0.0000e+00
       1088    285.973     4.0024   3.248092    34.7552    27.5912 0.0000e+00
       1089    286.604     4.0028   3.248180    34.7555    27.5914 0.0000e+00
       1090    287.231     4.0035   3.248347    34.7564    27.5920 0.0000e+00
       1091    287.845     4.0039   3.248488    34.7573    27.5927 0.0000e+00
       1092    288.451     4.0030   3.248440    34.7574    27.5929 0.0000e+00
       1093    289.061     4.0006   3.248221    34.7570    27.5928 0.0000e+00
       1094    289.677     3.9978   3.247997    34.7570    27.5931 0.0000e+00
       1095    290.287     3.9955   3.247843    34.7572    27.5936 0.0000e+00
       1096    290.884     3.9937   3.247729    34.7575    27.5939 0.0000e+00
       1097    291.478     3.9926   3.247665    34.7576    27.5941 0.0000e+00
       1098    292.082     3.9917   3.247638    34.7579    27.5944 0.0000e+00
       1099    292.706     3.9908   3.247583    34.7578    27.5945 0.0000e+00
       1100    293.343     3.9900   3.247548    34.7579    27.5947 0.0000e+00
       1101    293.982     3.9897   3.247582    34.7583    27.5950 0.0000e+00
       1102    294.618     3.9898   3.247617    34.7583    27.5950 0.0000e+00
       1103    295.254     3.9897   3.247622    34.7581    27.5948 0.0000e+00
       1104    295.888     3.9894   3.247634    34.7582    27.5950 0.0000e+00
       1105    296.516     3.9895   3.247687    34.7584    27.5951 0.0000e+00
       1106    297.146     3.9900   3.247780    34.7586    27.5952 0.0000e+00
       1107    297.787     3.9904   3.247836    34.7585    27.5951 0.0000e+00
       1108    298.441     3.9907   3.247887    34.7585    27.5950 0.0000e+00
       1109    299.106     3.9915   3.248046    34.7592    27.5955 0.0000e+00
       1110    299.793     3.9924   3.248222    34.7599    27.5960 0.0000e+00
       1111    300.510     3.9926   3.248267    34.7599    27.5959 0.0000e+00
       1112    301.241     3.9914   3.248163    34.7595    27.5958 0.0000e+00
       1113    301.961     3.9895   3.248015    34.7594    27.5959 0.0000e+00
       1114    302.657     3.9880   3.247938    34.7597    27.5963 0.0000e+00
       1115    303.327     3.9875   3.247964    34.7602    27.5967 0.0000e+00
       1116    303.974     3.9873   3.247990    34.7603    27.5969 0.0000e+00
       1117    304.601     3.9852   3.247810    34.7601    27.5969 0.0000e+00
       1118    305.212     3.9812   3.247446    34.7597    27.5970 0.0000e+00
       1119    305.807     3.9770   3.247141    34.7602    27.5978 0.0000e+00
       1120    306.394     3.9735   3.246929    34.7610    27.5989 0.0000e+00
       1121    306.986     3.9709   3.246752    34.7614    27.5994 0.0000e+00
       1122    307.598     3.9684   3.246565    34.7615    27.5997 0.0000e+00
       1123    308.228     3.9650   3.246237    34.7608    27.5996 0.0000e+00
       1124    308.858     3.9604   3.245815    34.7604    27.5997 0.0000e+00
       1125    309.478     3.9557   3.245446    34.7606    27.6004 0.0000e+00
       1126    310.104     3.9520   3.245162    34.7608    27.6009 0.0000e+00
       1127    310.744     3.9497   3.245004    34.7610    27.6013 0.0000e+00
       1128    311.385     3.9487   3.244969    34.7613    27.6017 0.0000e+00
       1129    312.013     3.9482   3.244952    34.7613    27.6017 0.0000e+00
       1130    312.628     3.9477   3.244933    34.7613    27.6018 0.0000e+00
       1131    313.243     3.9467   3.244879    34.7614    27.6019 0.0000e+00
       1132    313.864     3.9448   3.244697    34.7609    27.6017 0.0000e+00
       1133    314.487     3.9425   3.244490    34.7606    27.6017 0.0000e+00
       1134    315.102     3.9414   3.244473    34.7612    27.6023 0.0000e+00
       1135    315.705     3.9414   3.244556    34.7618    27.6028 0.0000e+00
       1136    316.297     3.9410   3.244519    34.7615    27.6026 0.0000e+00
       1137    316.883     3.9398   3.244422    34.7613    27.6026 0.0000e+00
       1138    317.462     3.9386   3.244333    34.7612    27.6026 0.0000e+00
       1139    318.035     3.9368   3.244163    34.7608    27.6025 0.0000e+00
       1140    318.610     3.9345   3.243928    34.7601    27.6022 0.0000e+00
       1141    319.200     3.9326   3.243758    34.7598    27.6021 0.0000e+00
       1142    319.799     3.9317   3.243728    34.7601    27.6024 0.0000e+00
       1143    320.385     3.9319   3.243810    34.7605    27.6028 0.0000e+00
       1144    320.942     3.9324   3.243902    34.7608    27.6029 0.0000e+00
       1145    321.478     3.9327   3.243946    34.7607    27.6028 0.0000e+00
       1146    322.008     3.9329   3.243982    34.7606    27.6028 0.0000e+00
       1147    322.529     3.9331   3.244045    34.7609    27.6029 0.0000e+00
       1148    323.040     3.9345   3.244232    34.7614    27.6032 0.0000e+00
       1149    323.556     3.9376   3.244623    34.7625    27.6037 0.0000e+00
       1150    324.090     3.9409   3.244979    34.7629    27.6037 0.0000e+00
       1151    324.634     3.9423   3.245094    34.7625    27.6033 0.0000e+00
       1152    325.172     3.9423   3.245081    34.7621    27.6029 0.0000e+00
       1153    325.713     3.9418   3.245060    34.7620    27.6030 0.0000e+00
       1154    326.272     3.9413   3.245047    34.7621    27.6031 0.0000e+00
       1155    326.844     3.9410   3.245059    34.7623    27.6032 0.0000e+00
       1156    327.404     3.9410   3.245083    34.7623    27.6032 0.0000e+00
       1157    327.930     3.9408   3.245079    34.7621    27.6031 0.0000e+00
       1158    328.423     3.9403   3.245055    34.7621    27.6032 0.0000e+00
       1159    328.906     3.9399   3.245047    34.7622    27.6033 0.0000e+00
       1160    329.405     3.9398   3.245063    34.7622    27.6033 0.0000e+00
       1161    329.928     3.9400   3.245097    34.7621    27.6032 0.0000e+00
       1162    330.465     3.9400   3.245125    34.7622    27.6032 0.0000e+00
       1163    331.012     3.9398   3.245128    34.7621    27.6032 0.0000e+00
       1164    331.569     3.9394   3.245121    34.7622    27.6033 0.0000e+00
       1165    332.126     3.9389   3.245096    34.7621    27.6033 0.0000e+00
       1166    332.669     3.9382   3.245043    34.7619    27.6032 0.0000e+00
       1167    333.194     3.9375   3.245008    34.7620    27.6033 0.0000e+00
       1168    333.711     3.9371   3.245018    34.7622    27.6036 0.0000e+00
       1169    334.229     3.9372   3.245060    34.7624    27.6037 0.0000e+00
       1170    334.754     3.9375   3.245115    34.7624    27.6037 0.0000e+00
       1171    335.279     3.9379   3.245172    34.7624    27.6036 0.0000e+00
       1172    335.796     3.9382   3.245216    34.7623    27.6035 0.0000e+00
       1173    336.307     3.9383   3.245247    34.7623    27.6035 0.0000e+00
       1174    336.826     3.9383   3.245269    34.7623    27.6035 0.0000e+00
       1175    337.361     3.9383   3.245288    34.7622    27.6035 0.0000e+00
       1176    337.907     3.9382   3.245303    34.7622    27.6035 0.0000e+00
       1177    338.448     3.9382   3.245318    34.7621    27.6034 0.0000e+00
       1178    338.972     3.9381   3.245340    34.7622    27.6035 0.0000e+00
       1179    339.491     3.9379   3.245353    34.7623    27.6035 0.0000e+00
       1180    340.023     3.9378   3.245356    34.7621    27.6034 0.0000e+00
       1181    340.566     3.9375   3.245347    34.7621    27.6034 0.0000e+00
       1182    341.099     3.9369   3.245313    34.7620    27.6034 0.0000e+00
       1183    341.603     3.9363   3.245273    34.7619    27.6034 0.0000e+00
       1184    342.089     3.9359   3.245258    34.7619    27.6034 0.0000e+00
       1185    342.591     3.9356   3.245269    34.7621    27.6036 0.0000e+00
       1186    343.124     3.9355   3.245286    34.7621    27.6036 0.0000e+00
       1187    343.676     3.9353   3.245300    34.7622    27.6037 0.0000e+00
       1188    344.230     3.9353   3.245318    34.7621    27.6037 0.0000e+00
       1189    344.785     3.9354   3.245351    34.7621    27.6036 0.0000e+00
       1190    345.341     3.9355   3.245385    34.7621    27.6036 0.0000e+00
       1191    345.886     3.9355   3.245407    34.7620    27.6036 0.0000e+00
       1192    346.410     3.9354   3.245421    34.7620    27.6036 0.0000e+00
       1193    346.926     3.9353   3.245437    34.7621    27.6036 0.0000e+00
       1194    347.453     3.9353   3.245459    34.7620    27.6036 0.0000e+00
       1195    347.999     3.9353   3.245482    34.7620    27.6036 0.0000e+00
       1196    348.560     3.9353   3.245512    34.7621    27.6036 0.0000e+00
       1197    349.126     3.9357   3.245580    34.7621    27.6037 0.0000e+00
       1198    349.691     3.9364   3.245701    34.7625    27.6039 0.0000e+00
       1199    350.248     3.9372   3.245831    34.7629    27.6041 0.0000e+00
       1200    350.795     3.9379   3.245926    34.7630    27.6041 0.0000e+00
       1201    351.336     3.9385   3.246008    34.7631    27.6041 0.0000e+00
       1202    351.885     3.9389   3.246067    34.7631    27.6041 0.0000e+00
       1203    352.450     3.9389   3.246067    34.7628    27.6038 0.0000e+00
       1204    353.021     3.9385   3.246047    34.7626    27.6038 0.0000e+00
       1205    353.588     3.9385   3.246084    34.7628    27.6039 0.0000e+00
       1206    354.148     3.9392   3.246200    34.7631    27.6041 0.0000e+00
       1207    354.702     3.9405   3.246358    34.7633    27.6041 0.0000e+00
       1208    355.257     3.9414   3.246487    34.7636    27.6042 0.0000e+00
       1209    355.812     3.9417   3.246536    34.7636    27.6042 0.0000e+00
       1210    356.362     3.9417   3.246540    34.7633    27.6040 0.0000e+00
       1211    356.915     3.9414   3.246533    34.7633    27.6040 0.0000e+00
       1212    357.480     3.9412   3.246534    34.7632    27.6039 0.0000e+00
       1213    358.055     3.9412   3.246573    34.7633    27.6041 0.0000e+00
       1214    358.634     3.9415   3.246648    34.7636    27.6042 0.0000e+00
       1215    359.214     3.9418   3.246694    34.7635    27.6041 0.0000e+00
       1216    359.795     3.9419   3.246710    34.7633    27.6039 0.0000e+00
       1217    360.371     3.9420   3.246749    34.7634    27.6040 0.0000e+00
       1218    360.931     3.9421   3.246795    34.7635    27.6041 0.0000e+00
       1219    361.468     3.9421   3.246820    34.7635    27.6041 0.0000e+00
       1220    361.990     3.9421   3.246833    34.7634    27.6040 0.0000e+00
       1221    362.520     3.9421   3.246853    34.7633    27.6039 0.0000e+00
       1222    363.077     3.9421   3.246887    34.7634    27.6040 0.0000e+00
       1223    363.660     3.9421   3.246927    34.7636    27.6042 0.0000e+00
       1224    364.250     3.9420   3.246941    34.7636    27.6041 0.0000e+00
       1225    364.833     3.9415   3.246908    34.7634    27.6041 0.0000e+00
       1226    365.410     3.9410   3.246872    34.7632    27.6039 0.0000e+00
       1227    365.980     3.9409   3.246898    34.7633    27.6040 0.0000e+00
       1228    366.541     3.9410   3.246966    34.7637    27.6043 0.0000e+00
       1229    367.101     3.9410   3.246983    34.7636    27.6043 0.0000e+00
       1230    367.686     3.9404   3.246923    34.7632    27.6040 0.0000e+00
