Datasets/Multi_Species/NEE535/ned535_2020_007.cnv
* Sea-Bird SBE19plus Data File:
* Filename = C:/AQUIRE/ned535_2020_007.hex
* Software Version AquireV2 AF V2.0
* Temperature SN =  4579
* Conductivity SN =  4579
* System UpLoad Time = Dec 05 2020 22:41:35
** VESSEL/TRIP/SEQ STN: ned535_2020_007
** LATITUDE: 51 43.62 N
** LONGITUDE: 50 31.95 W
** DATE/TIME: 2020-12-05 21:41
** SOUNDING DEPTH (M): 0414
** PROBE TYPE: S4579
** CTD NUMBER:   7
** COMMENTS: 
# nquan = 7                                 
# nvalues = 3521                        
# units = specified
# name 0 = scan: Scan Count
# name 1 = prdM: Pressure, Strain Gauge [db]
# name 2 = tv290C: Temperature [ITS-90, deg C]
# name 3 = c0S/m: Conductivity [S/m]
# name 4 = sal00: Salinity, Practical [PSU]
# name 5 = sigma-t00: Density [sigma-t, kg/m^3 ]
# name 6 = flag: flag
# span 0 =          1,       3521       
# span 1 =     -0.300,    416.316       
# span 2 =     1.0434,     3.9953       
# span 3 =   0.011354,   3.251620       
# span 4 =     0.0892,    34.7703       
# span 5 =     0.0077,    27.6073       
# span 6 = 0.0000e+00, 0.0000e+00       
# interval = seconds: 1
# start_time = Dec 05 2020 21:41:16 [Instrument's time stamp, header]
# bad_flag = -9.990e-29
*END*
[from data line 411]
        412      0.131     1.1289   2.859026    33.1708    26.5665 0.0000e+00
        413      0.149     1.1336   2.860157    33.1802    26.5738 0.0000e+00
        414      0.201     1.1384   2.861104    33.1872    26.5791 0.0000e+00
        415      0.232     1.1376   2.860996    33.1867    26.5787 0.0000e+00
        416      0.208     1.1322   2.860125    33.1813    26.5748 0.0000e+00
        417      0.169     1.1280   2.859717    33.1806    26.5744 0.0000e+00
        418      0.168     1.1282   2.859925    33.1830    26.5764 0.0000e+00
        419      0.206     1.1301   2.860065    33.1828    26.5761 0.0000e+00
        420      0.262     1.1313   2.860322    33.1847    26.5776 0.0000e+00
        421      0.309     1.1311   2.860575    33.1882    26.5804 0.0000e+00
        422      0.336     1.1288   2.860152    33.1852    26.5781 0.0000e+00
        423      0.389     1.1242   2.859315    33.1793    26.5737 0.0000e+00
        424      0.516     1.1177   2.858730    33.1787    26.5736 0.0000e+00
        425      0.669     1.1119   2.858478    33.1815    26.5763 0.0000e+00
        426      0.738     1.1087   2.858395    33.1839    26.5783 0.0000e+00
        427      0.715     1.1079   2.858396    33.1847    26.5791 0.0000e+00
        428      0.690     1.1077   2.858389    33.1849    26.5792 0.0000e+00
        429      0.679     1.1077   2.858360    33.1845    26.5789 0.0000e+00
        430      0.637     1.1077   2.858299    33.1838    26.5783 0.0000e+00
        431      0.596     1.1073   2.858182    33.1827    26.5775 0.0000e+00
        432      0.604     1.1063   2.858060    33.1822    26.5771 0.0000e+00
        433      0.625     1.1052   2.857979    33.1823    26.5773 0.0000e+00
        434      0.587     1.1047   2.857912    33.1820    26.5771 0.0000e+00
        435      0.474     1.1045   2.857844    33.1814    26.5766 0.0000e+00
        436      0.337     1.1044   2.857826    33.1814    26.5766 0.0000e+00
        437      0.231     1.1049   2.857867    33.1814    26.5766 0.0000e+00
        438      0.191     1.1063   2.858000    33.1817    26.5767 0.0000e+00
        439      0.205     1.1077   2.858109    33.1816    26.5765 0.0000e+00
        440      0.221     1.1072   2.858016    33.1809    26.5760 0.0000e+00
        441      0.216     1.1051   2.857914    33.1818    26.5769 0.0000e+00
        442      0.200     1.1034   2.857931    33.1839    26.5787 0.0000e+00
        443      0.174     1.1030   2.857978    33.1849    26.5795 0.0000e+00
        444      0.160     1.1032   2.857993    33.1849    26.5795 0.0000e+00
        445      0.178     1.1031   2.857953    33.1845    26.5792 0.0000e+00
        446      0.191     1.1028   2.857939    33.1846    26.5793 0.0000e+00
        447      0.173     1.1030   2.858021    33.1855    26.5800 0.0000e+00
        448      0.174     1.1041   2.858175    33.1863    26.5805 0.0000e+00
        449      0.223     1.1058   2.858366    33.1869    26.5809 0.0000e+00
        450      0.275     1.1070   2.858449    33.1866    26.5807 0.0000e+00
        451      0.271     1.1067   2.858314    33.1852    26.5795 0.0000e+00
        452      0.235     1.1054   2.858118    33.1841    26.5787 0.0000e+00
        453      0.222     1.1043   2.858019    33.1840    26.5787 0.0000e+00
        454      0.206     1.1037   2.857981    33.1842    26.5789 0.0000e+00
        455      0.174     1.1034   2.857941    33.1840    26.5788 0.0000e+00
        456      0.156     1.1031   2.857889    33.1837    26.5785 0.0000e+00
        457      0.149     1.1030   2.857889    33.1838    26.5786 0.0000e+00
        458      0.147     1.1036   2.857986    33.1844    26.5791 0.0000e+00
        459      0.164     1.1045   2.858127    33.1852    26.5797 0.0000e+00
        460      0.200     1.1054   2.858246    33.1858    26.5801 0.0000e+00
        461      0.234     1.1059   2.858289    33.1858    26.5800 0.0000e+00
        462      0.253     1.1060   2.858211    33.1847    26.5791 0.0000e+00
        463      0.279     1.1054   2.858012    33.1827    26.5776 0.0000e+00
        464      0.336     1.1040   2.857719    33.1804    26.5759 0.0000e+00
        465      0.407     1.1027   2.857504    33.1790    26.5748 0.0000e+00
        466      0.451     1.1025   2.857453    33.1786    26.5745 0.0000e+00
        467      0.472     1.1031   2.857410    33.1774    26.5734 0.0000e+00
        468      0.498     1.1035   2.857365    33.1763    26.5726 0.0000e+00
        469      0.511     1.1028   2.857346    33.1768    26.5730 0.0000e+00
        470      0.494     1.1018   2.857336    33.1778    26.5739 0.0000e+00
        471      0.469     1.1014   2.857359    33.1785    26.5745 0.0000e+00
        472      0.464     1.1017   2.857388    33.1786    26.5745 0.0000e+00
        473      0.521     1.1022   2.857339    33.1774    26.5735 0.0000e+00
        474      0.673     1.1026   2.857318    33.1766    26.5729 0.0000e+00
        475      0.888     1.1025   2.857429    33.1780    26.5740 0.0000e+00
        476      1.086     1.1014   2.857434    33.1791    26.5750 0.0000e+00
        477      1.205     1.0999   2.857277    33.1786    26.5747 0.0000e+00
        478      1.223     1.0989   2.857181    33.1785    26.5746 0.0000e+00
        479      1.171     1.0990   2.857220    33.1789    26.5749 0.0000e+00
        480      1.123     1.0997   2.857300    33.1792    26.5751 0.0000e+00
        481      1.118     1.1004   2.857367    33.1793    26.5752 0.0000e+00
        482      1.108     1.1007   2.857399    33.1794    26.5752 0.0000e+00
        483      1.048     1.1007   2.857344    33.1787    26.5747 0.0000e+00
        484      1.000     1.1003   2.857252    33.1780    26.5742 0.0000e+00
        485      1.069     1.0996   2.857176    33.1777    26.5740 0.0000e+00
        486      1.249     1.0987   2.857102    33.1777    26.5740 0.0000e+00
        487      1.436     1.0981   2.857039    33.1774    26.5738 0.0000e+00
        488      1.550     1.0977   2.857013    33.1774    26.5738 0.0000e+00
        489      1.571     1.0976   2.857015    33.1775    26.5739 0.0000e+00
        490      1.524     1.0978   2.857043    33.1777    26.5741 0.0000e+00
        491      1.455     1.0983   2.857096    33.1779    26.5742 0.0000e+00
        492      1.403     1.0989   2.857100    33.1773    26.5737 0.0000e+00
        493      1.383     1.0991   2.857072    33.1768    26.5732 0.0000e+00
        494      1.389     1.0991   2.857089    33.1770    26.5734 0.0000e+00
        495      1.418     1.0989   2.857117    33.1775    26.5739 0.0000e+00
        496      1.469     1.0982   2.857053    33.1774    26.5738 0.0000e+00
        497      1.544     1.0974   2.856978    33.1773    26.5737 0.0000e+00
        498      1.656     1.0974   2.857042    33.1780    26.5744 0.0000e+00
        499      1.787     1.0982   2.857194    33.1791    26.5751 0.0000e+00
        500      1.879     1.0991   2.857305    33.1795    26.5754 0.0000e+00
        501      1.897     1.0997   2.857343    33.1793    26.5752 0.0000e+00
        502      1.869     1.1002   2.857340    33.1787    26.5747 0.0000e+00
        503      1.831     1.1006   2.857349    33.1785    26.5745 0.0000e+00
        504      1.791     1.1006   2.857392    33.1790    26.5750 0.0000e+00
        505      1.774     1.1001   2.857368    33.1793    26.5752 0.0000e+00
        506      1.806     1.0989   2.857228    33.1787    26.5748 0.0000e+00
        507      1.873     1.0977   2.857099    33.1783    26.5746 0.0000e+00
        508      1.960     1.0970   2.857044    33.1783    26.5746 0.0000e+00
        509      2.066     1.0967   2.857028    33.1784    26.5747 0.0000e+00
        510      2.163     1.0966   2.857042    33.1786    26.5749 0.0000e+00
        511      2.184     1.0966   2.857098    33.1793    26.5754 0.0000e+00
        512      2.113     1.0968   2.857139    33.1797    26.5757 0.0000e+00
        513      1.998     1.0970   2.857118    33.1792    26.5753 0.0000e+00
        514      1.895     1.0972   2.857119    33.1791    26.5752 0.0000e+00
        515      1.847     1.0977   2.857178    33.1793    26.5754 0.0000e+00
        516      1.888     1.0981   2.857227    33.1795    26.5755 0.0000e+00
        517      2.001     1.0983   2.857259    33.1797    26.5756 0.0000e+00
        518      2.120     1.0983   2.857286    33.1799    26.5758 0.0000e+00
        519      2.214     1.0981   2.857294    33.1802    26.5760 0.0000e+00
        520      2.256     1.0977   2.857256    33.1801    26.5760 0.0000e+00
        521      2.187     1.0972   2.857203    33.1800    26.5759 0.0000e+00
        522      2.027     1.0969   2.857162    33.1799    26.5759 0.0000e+00
        523      1.892     1.0966   2.857100    33.1795    26.5756 0.0000e+00
        524      1.872     1.0961   2.857003    33.1788    26.5750 0.0000e+00
        525      1.944     1.0956   2.856924    33.1783    26.5747 0.0000e+00
        526      1.983     1.0952   2.856901    33.1784    26.5748 0.0000e+00
        527      1.947     1.0951   2.856907    33.1786    26.5749 0.0000e+00
        528      1.921     1.0951   2.856912    33.1787    26.5750 0.0000e+00
        529      1.907     1.0950   2.856897    33.1786    26.5750 0.0000e+00
        530      1.851     1.0948   2.856859    33.1783    26.5748 0.0000e+00
        531      1.771     1.0947   2.856810    33.1779    26.5744 0.0000e+00
        532      1.703     1.0945   2.856741    33.1772    26.5739 0.0000e+00
        533      1.679     1.0942   2.856688    33.1769    26.5736 0.0000e+00
        534      1.710     1.0941   2.856689    33.1770    26.5737 0.0000e+00
        535      1.731     1.0941   2.856693    33.1770    26.5738 0.0000e+00
        536      1.665     1.0942   2.856681    33.1768    26.5736 0.0000e+00
        537      1.572     1.0942   2.856670    33.1767    26.5735 0.0000e+00
        538      1.544     1.0942   2.856545    33.1751    26.5722 0.0000e+00
        539      1.563     1.0942   2.856402    33.1733    26.5707 0.0000e+00
        540      1.610     1.0942   2.856453    33.1739    26.5713 0.0000e+00
        541      1.673     1.0945   2.856590    33.1753    26.5724 0.0000e+00
        542      1.703     1.0949   2.856686    33.1761    26.5730 0.0000e+00
        543      1.717     1.0950   2.856722    33.1765    26.5732 0.0000e+00
        544      1.772     1.0955   2.856809    33.1770    26.5736 0.0000e+00
        545      1.864     1.0964   2.856978    33.1782    26.5745 0.0000e+00
        546      1.924     1.0967   2.857038    33.1786    26.5748 0.0000e+00
        547      1.965     1.0961   2.856990    33.1786    26.5749 0.0000e+00
        548      2.065     1.0953   2.856895    33.1782    26.5746 0.0000e+00
        549      2.183     1.0949   2.856747    33.1766    26.5734 0.0000e+00
        550      2.264     1.0949   2.856664    33.1755    26.5725 0.0000e+00
        551      2.344     1.0947   2.856729    33.1765    26.5733 0.0000e+00
        552      2.432     1.0945   2.856835    33.1780    26.5745 0.0000e+00
        553      2.535     1.0944   2.856880    33.1786    26.5750 0.0000e+00
        554      2.674     1.0943   2.856883    33.1787    26.5751 0.0000e+00
        555      2.828     1.0940   2.856872    33.1788    26.5752 0.0000e+00
        556      2.944     1.0939   2.856852    33.1786    26.5750 0.0000e+00
        557      2.977     1.0942   2.856878    33.1786    26.5750 0.0000e+00
        558      2.934     1.0945   2.856916    33.1788    26.5751 0.0000e+00
        559      2.891     1.0942   2.856885    33.1787    26.5751 0.0000e+00
        560      2.926     1.0935   2.856830    33.1787    26.5752 0.0000e+00
        561      3.046     1.0928   2.856762    33.1785    26.5751 0.0000e+00
        562      3.217     1.0922   2.856688    33.1781    26.5748 0.0000e+00
        563      3.418     1.0921   2.856695    33.1782    26.5748 0.0000e+00
        564      3.644     1.0922   2.856759    33.1788    26.5753 0.0000e+00
        565      3.905     1.0923   2.856790    33.1789    26.5754 0.0000e+00
        566      4.184     1.0921   2.856752    33.1785    26.5751 0.0000e+00
        567      4.413     1.0917   2.856676    33.1778    26.5745 0.0000e+00
        568      4.556     1.0913   2.856634    33.1776    26.5744 0.0000e+00
        569      4.661     1.0914   2.856664    33.1779    26.5746 0.0000e+00
        570      4.806     1.0918   2.856756    33.1785    26.5751 0.0000e+00
        571      5.016     1.0924   2.856878    33.1793    26.5757 0.0000e+00
        572      5.292     1.0932   2.857012    33.1800    26.5762 0.0000e+00
        573      5.601     1.0936   2.857076    33.1802    26.5764 0.0000e+00
        574      5.889     1.0938   2.857091    33.1801    26.5762 0.0000e+00
        575      6.162     1.0945   2.857241    33.1811    26.5770 0.0000e+00
        576      6.450     1.0955   2.857414    33.1821    26.5777 0.0000e+00
        577      6.747     1.0961   2.857515    33.1826    26.5781 0.0000e+00
        578      7.044     1.0961   2.857551    33.1828    26.5783 0.0000e+00
        579      7.349     1.0948   2.857315    33.1810    26.5769 0.0000e+00
        580      7.671     1.0925   2.856931    33.1784    26.5749 0.0000e+00
        581      8.012     1.0907   2.856716    33.1773    26.5742 0.0000e+00
        582      8.357     1.0899   2.856650    33.1771    26.5741 0.0000e+00
        583      8.690     1.0894   2.856613    33.1770    26.5740 0.0000e+00
        584      9.018     1.0892   2.856598    33.1768    26.5739 0.0000e+00
        585      9.361     1.0893   2.856631    33.1770    26.5740 0.0000e+00
        586      9.731     1.0897   2.856704    33.1773    26.5742 0.0000e+00
        587     10.125     1.0901   2.856782    33.1776    26.5745 0.0000e+00
        588     10.533     1.0907   2.856881    33.1780    26.5747 0.0000e+00
        589     10.956     1.0924   2.857171    33.1797    26.5760 0.0000e+00
        590     11.386     1.0969   2.857936    33.1844    26.5795 0.0000e+00
        591     11.813     1.1049   2.859242    33.1924    26.5854 0.0000e+00
        592     12.239     1.1159   2.860937    33.2021    26.5925 0.0000e+00
        593     12.664     1.1239   2.862076    33.2079    26.5967 0.0000e+00
        594     13.080     1.1228   2.861463    33.2010    26.5912 0.0000e+00
        595     13.475     1.1199   2.860676    33.1938    26.5856 0.0000e+00
        596     13.864     1.1300   2.862655    33.2082    26.5965 0.0000e+00
        597     14.268     1.1597   2.867518    33.2385    26.6190 0.0000e+00
        598     14.690     1.2084   2.874668    33.2777    26.6474 0.0000e+00
        599     15.127     1.2700   2.883695    33.3270    26.6829 0.0000e+00
        600     15.574     1.3326   2.892282    33.3694    26.7128 0.0000e+00
        601     16.025     1.3872   2.899124    33.3980    26.7321 0.0000e+00
        602     16.477     1.4297   2.904272    33.4178    26.7451 0.0000e+00
        603     16.923     1.4624   2.908217    33.4328    26.7549 0.0000e+00
        604     17.360     1.4962   2.912814    33.4548    26.7703 0.0000e+00
        605     17.803     1.5375   2.918766    33.4859    26.7924 0.0000e+00
        606     18.274     1.5789   2.924347    33.5122    26.8105 0.0000e+00
        607     18.761     1.6122   2.928237    33.5256    26.8189 0.0000e+00
        608     19.246     1.6439   2.932046    33.5396    26.8279 0.0000e+00
        609     19.731     1.7000   2.939598    33.5749    26.8522 0.0000e+00
        610     20.222     1.8084   2.955687    33.6616    26.9138 0.0000e+00
        611     20.710     1.9568   2.977874    33.7815    26.9987 0.0000e+00
        612     21.189     2.0867   2.994851    33.8549    27.0475 0.0000e+00
        613     21.656     2.1605   3.002478    33.8710    27.0547 0.0000e+00
        614     22.109     2.2005   3.006691    33.8806    27.0591 0.0000e+00
        615     22.559     2.2451   3.012706    33.9076    27.0772 0.0000e+00
