Datasets/Multi_Species/NEE535/ned535_2020_011.cnv
* Sea-Bird SBE19plus Data File:
* Filename = C:/AQUIRE/ned535_2020_011.hex
* Software Version AquireV2 AF V2.0
* Temperature SN =  4579
* Conductivity SN =  4579
* System UpLoad Time = Dec 06 2020 22:57:25
** VESSEL/TRIP/SEQ STN: ned535_2020_011
** LATITUDE: 51 01.45 N
** LONGITUDE: 49 55.79 W
** DATE/TIME: 2020-12-06 21:32
** SOUNDING DEPTH (M):  911
** PROBE TYPE: S4579
** CTD NUMBER:  11
** COMMENTS: 
# nquan = 7                                 
# nvalues = 4907                        
# units = specified
# name 0 = scan: Scan Count
# name 1 = prdM: Pressure, Strain Gauge [db]
# name 2 = tv290C: Temperature [ITS-90, deg C]
# name 3 = c0S/m: Conductivity [S/m]
# name 4 = sal00: Salinity, Practical [PSU]
# name 5 = sigma-t00: Density [sigma-t, kg/m^3 ]
# name 6 = flag: flag
# span 0 =          1,       4907       
# span 1 =     -0.306,    940.535       
# span 2 =     1.9013,     4.2016       
# span 3 =   0.001958,   3.255313       
# span 4 =     0.0145,    34.8669       
# span 5 =    -0.0135,    27.7236       
# span 6 = 0.0000e+00, 0.0000e+00       
# interval = seconds: 1
# start_time = Dec 06 2020 21:32:54 [Instrument's time stamp, header]
# bad_flag = -9.990e-29
*END*
[from data line 4103]
       4104    342.381     3.9250   3.246846    34.7922    27.6287 0.0000e+00
       4105    341.000     3.9253   3.246791    34.7919    27.6284 0.0000e+00
       4106    339.561     3.9251   3.246577    34.7904    27.6272 0.0000e+00
       4107    338.129     3.9249   3.246456    34.7899    27.6269 0.0000e+00
       4108    336.781     3.9250   3.246556    34.7917    27.6283 0.0000e+00
       4109    335.529     3.9257   3.246640    34.7926    27.6290 0.0000e+00
       4110    334.337     3.9263   3.246611    34.7923    27.6286 0.0000e+00
       4111    333.155     3.9265   3.246552    34.7920    27.6284 0.0000e+00
       4112    331.932     3.9265   3.246484    34.7919    27.6283 0.0000e+00
       4113    330.635     3.9266   3.246390    34.7913    27.6278 0.0000e+00
       4114    329.282     3.9268   3.246303    34.7908    27.6274 0.0000e+00
       4115    327.913     3.9270   3.246295    34.7912    27.6277 0.0000e+00
       4116    326.528     3.9274   3.246265    34.7912    27.6277 0.0000e+00
       4117    325.108     3.9276   3.246092    34.7897    27.6264 0.0000e+00
       4118    323.691     3.9275   3.245927    34.7886    27.6256 0.0000e+00
       4119    322.355     3.9273   3.245899    34.7892    27.6261 0.0000e+00
       4120    321.126     3.9272   3.245894    34.7899    27.6266 0.0000e+00
       4121    319.936     3.9273   3.245891    34.7904    27.6270 0.0000e+00
       4122    318.696     3.9276   3.245874    34.7905    27.6271 0.0000e+00
       4123    317.381     3.9281   3.245804    34.7899    27.6265 0.0000e+00
       4124    316.019     3.9284   3.245737    34.7895    27.6262 0.0000e+00
       4125    314.643     3.9287   3.245700    34.7895    27.6262 0.0000e+00
       4126    313.279     3.9290   3.245665    34.7895    27.6261 0.0000e+00
       4127    311.960     3.9295   3.245626    34.7892    27.6258 0.0000e+00
       4128    310.704     3.9298   3.245605    34.7893    27.6259 0.0000e+00
       4129    309.465     3.9301   3.245597    34.7896    27.6261 0.0000e+00
       4130    308.147     3.9304   3.245544    34.7893    27.6258 0.0000e+00
       4131    306.714     3.9306   3.245360    34.7877    27.6245 0.0000e+00
       4132    305.250     3.9302   3.245113    34.7860    27.6232 0.0000e+00
       4133    303.891     3.9293   3.244938    34.7856    27.6230 0.0000e+00
       4134    302.689     3.9280   3.244798    34.7859    27.6234 0.0000e+00
       4135    301.576     3.9271   3.244768    34.7871    27.6244 0.0000e+00
       4136    300.445     3.9280   3.244934    34.7887    27.6256 0.0000e+00
       4137    299.238     3.9301   3.245125    34.7894    27.6260 0.0000e+00
       4138    297.970     3.9320   3.245201    34.7890    27.6254 0.0000e+00
       4139    296.677     3.9333   3.245224    34.7886    27.6250 0.0000e+00
       4140    295.367     3.9343   3.245244    34.7885    27.6248 0.0000e+00
       4141    294.022     3.9352   3.245225    34.7880    27.6243 0.0000e+00
       4142    292.652     3.9363   3.245214    34.7875    27.6238 0.0000e+00
       4143    291.303     3.9375   3.245266    34.7875    27.6237 0.0000e+00
       4144    290.008     3.9387   3.245334    34.7878    27.6237 0.0000e+00
       4145    288.753     3.9398   3.245348    34.7874    27.6234 0.0000e+00
       4146    287.481     3.9406   3.245312    34.7869    27.6228 0.0000e+00
       4147    286.139     3.9411   3.245203    34.7857    27.6219 0.0000e+00
       4148    284.723     3.9415   3.244993    34.7836    27.6201 0.0000e+00
       4149    283.264     3.9418   3.244866    34.7825    27.6193 0.0000e+00
       4150    281.788     3.9425   3.244966    34.7838    27.6202 0.0000e+00
       4151    280.310     3.9434   3.245089    34.7851    27.6211 0.0000e+00
       4152    278.839     3.9444   3.245066    34.7845    27.6206 0.0000e+00
       4153    277.389     3.9451   3.245002    34.7838    27.6199 0.0000e+00
       4154    275.976     3.9464   3.245051    34.7838    27.6198 0.0000e+00
       4155    274.584     3.9481   3.245176    34.7842    27.6200 0.0000e+00
       4156    273.161     3.9494   3.245182    34.7837    27.6194 0.0000e+00
       4157    271.685     3.9501   3.245041    34.7821    27.6180 0.0000e+00
       4158    270.201     3.9505   3.244965    34.7815    27.6176 0.0000e+00
       4159    268.754     3.9510   3.245034    34.7826    27.6184 0.0000e+00
       4160    267.348     3.9521   3.245118    34.7832    27.6187 0.0000e+00
       4161    265.974     3.9543   3.245187    34.7824    27.6179 0.0000e+00
       4162    264.617     3.9568   3.245279    34.7816    27.6170 0.0000e+00
       4163    263.231     3.9588   3.245327    34.7808    27.6161 0.0000e+00
       4164    261.773     3.9601   3.245239    34.7791    27.6147 0.0000e+00
       4165    260.236     3.9608   3.244959    34.7759    27.6120 0.0000e+00
       4166    258.665     3.9614   3.244767    34.7738    27.6103 0.0000e+00
       4167    257.129     3.9629   3.245021    34.7761    27.6119 0.0000e+00
       4168    255.656     3.9653   3.245435    34.7793    27.6142 0.0000e+00
       4169    254.239     3.9677   3.245608    34.7795    27.6142 0.0000e+00
       4170    252.868     3.9695   3.245621    34.7785    27.6132 0.0000e+00
       4171    251.520     3.9712   3.245654    34.7778    27.6125 0.0000e+00
       4172    250.144     3.9728   3.245683    34.7772    27.6118 0.0000e+00
       4173    248.703     3.9740   3.245571    34.7754    27.6102 0.0000e+00
       4174    247.216     3.9758   3.245508    34.7735    27.6086 0.0000e+00
       4175    245.729     3.9800   3.245914    34.7747    27.6091 0.0000e+00
       4176    244.265     3.9857   3.246509    34.7765    27.6099 0.0000e+00
       4177    242.818     3.9901   3.246746    34.7755    27.6086 0.0000e+00
       4178    241.368     3.9920   3.246672    34.7734    27.6067 0.0000e+00
       4179    239.893     3.9925   3.246456    34.7711    27.6049 0.0000e+00
       4180    238.390     3.9924   3.246116    34.7679    27.6024 0.0000e+00
       4181    236.892     3.9920   3.245903    34.7666    27.6014 0.0000e+00
       4182    235.421     3.9915   3.245924    34.7682    27.6027 0.0000e+00
       4183    233.957     3.9911   3.245816    34.7681    27.6027 0.0000e+00
       4184    232.482     3.9906   3.245487    34.7656    27.6007 0.0000e+00
       4185    231.024     3.9900   3.245233    34.7640    27.5995 0.0000e+00
       4186    229.613     3.9894   3.245139    34.7642    27.5997 0.0000e+00
       4187    228.217     3.9884   3.244999    34.7644    27.6000 0.0000e+00
       4188    226.775     3.9873   3.244701    34.7628    27.5988 0.0000e+00
       4189    225.281     3.9834   3.244224    34.7621    27.5986 0.0000e+00
       4190    223.785     3.9669   3.242338    34.7579    27.5971 0.0000e+00
       4191    222.336     3.9324   3.238191    34.7460    27.5911 0.0000e+00
       4192    220.946     3.8966   3.234268    34.7380    27.5885 0.0000e+00
       4193    219.565     3.8773   3.232723    34.7408    27.5927 0.0000e+00
       4194    218.089     3.8720   3.232531    34.7449    27.5965 0.0000e+00
       4195    216.483     3.8716   3.232704    34.7483    27.5992 0.0000e+00
       4196    214.903     3.8736   3.233047    34.7511    27.6013 0.0000e+00
       4197    213.540     3.8761   3.233046    34.7492    27.5995 0.0000e+00
       4198    212.369     3.8772   3.232817    34.7459    27.5968 0.0000e+00
       4199    211.202     3.8794   3.232840    34.7445    27.5954 0.0000e+00
       4200    209.893     3.8843   3.233121    34.7433    27.5940 0.0000e+00
       4201    208.423     3.8898   3.233423    34.7419    27.5923 0.0000e+00
       4202    206.887     3.8967   3.233896    34.7410    27.5909 0.0000e+00
       4203    205.380     3.9097   3.235109    34.7425    27.5907 0.0000e+00
       4204    203.940     3.9271   3.236676    34.7435    27.5897 0.0000e+00
       4205    202.566     3.9433   3.238053    34.7434    27.5880 0.0000e+00
       4206    201.205     3.9571   3.239335    34.7448    27.5876 0.0000e+00
       4207    199.774     3.9673   3.239736    34.7395    27.5824 0.0000e+00
       4208    198.274     3.9724   3.239228    34.7289    27.5734 0.0000e+00
       4209    196.796     3.9736   3.239225    34.7284    27.5729 0.0000e+00
       4210    195.384     3.9730   3.239553    34.7337    27.5772 0.0000e+00
       4211    193.977     3.9707   3.239193    34.7326    27.5765 0.0000e+00
       4212    192.535     3.9668   3.238476    34.7290    27.5741 0.0000e+00
       4213    191.118     3.9638   3.238186    34.7295    27.5748 0.0000e+00
       4214    189.758     3.9658   3.238440    34.7311    27.5759 0.0000e+00
       4215    188.373     3.9714   3.238716    34.7292    27.5738 0.0000e+00
       4216    186.883     3.9749   3.238510    34.7239    27.5691 0.0000e+00
       4217    185.339     3.9743   3.238056    34.7199    27.5661 0.0000e+00
       4218    183.865     3.9722   3.237802    34.7199    27.5663 0.0000e+00
       4219    182.481     3.9699   3.237556    34.7202    27.5667 0.0000e+00
       4220    181.120     3.9650   3.236900    34.7183    27.5658 0.0000e+00
       4221    179.756     3.9546   3.235804    34.7170    27.5658 0.0000e+00
       4222    178.429     3.9383   3.233985    34.7134    27.5646 0.0000e+00
       4223    177.165     3.9206   3.231611    34.7046    27.5594 0.0000e+00
       4224    175.930     3.9101   3.230211    34.6997    27.5566 0.0000e+00
       4225    174.669     3.9108   3.230317    34.7009    27.5575 0.0000e+00
       4226    173.364     3.9181   3.230921    34.7011    27.5569 0.0000e+00
       4227    172.036     3.9269   3.231519    34.6996    27.5548 0.0000e+00
       4228    170.702     3.9358   3.232298    34.7001    27.5543 0.0000e+00
       4229    169.325     3.9427   3.232968    34.7015    27.5547 0.0000e+00
       4230    167.860     3.9449   3.232944    34.6997    27.5530 0.0000e+00
       4231    166.363     3.9428   3.232442    34.6968    27.5509 0.0000e+00
       4232    164.969     3.9377   3.231748    34.6947    27.5498 0.0000e+00
       4233    163.710     3.9239   3.230088    34.6902    27.5476 0.0000e+00
       4234    162.449     3.8954   3.226841    34.6824    27.5444 0.0000e+00
       4235    161.055     3.8670   3.224586    34.6864    27.5505 0.0000e+00
       4236    159.568     3.8580   3.224693    34.6980    27.5606 0.0000e+00
       4237    158.112     3.8600   3.224355    34.6927    27.5562 0.0000e+00
       4238    156.704     3.8555   3.222740    34.6789    27.5457 0.0000e+00
       4239    155.257     3.8462   3.221505    34.6748    27.5434 0.0000e+00
       4240    153.730     3.8415   3.221362    34.6790    27.5471 0.0000e+00
       4241    152.195     3.8417   3.221336    34.6793    27.5474 0.0000e+00
       4242    150.750     3.8425   3.220966    34.6748    27.5437 0.0000e+00
       4243    149.405     3.8407   3.220110    34.6672    27.5379 0.0000e+00
       4244    148.099     3.8339   3.218196    34.6523    27.5267 0.0000e+00
       4245    146.776     3.8239   3.216306    34.6410    27.5187 0.0000e+00
       4246    145.424     3.8157   3.215547    34.6414    27.5199 0.0000e+00
       4247    144.065     3.8114   3.215113    34.6415    27.5204 0.0000e+00
       4248    142.706     3.8087   3.214287    34.6352    27.5157 0.0000e+00
       4249    141.311     3.8070   3.213984    34.6342    27.5150 0.0000e+00
       4250    139.838     3.8079   3.214659    34.6421    27.5212 0.0000e+00
       4251    138.294     3.8115   3.215134    34.6448    27.5230 0.0000e+00
       4252    136.741     3.8127   3.214765    34.6400    27.5190 0.0000e+00
       4253    135.242     3.8037   3.213086    34.6303    27.5122 0.0000e+00
       4254    133.825     3.7837   3.209917    34.6144    27.5016 0.0000e+00
       4255    132.486     3.7616   3.206904    34.6025    27.4944 0.0000e+00
       4256    131.187     3.7445   3.204855    34.5968    27.4916 0.0000e+00
       4257    129.850     3.7321   3.203446    34.5938    27.4904 0.0000e+00
       4258    128.406     3.7233   3.202817    34.5964    27.4934 0.0000e+00
       4259    126.874     3.7201   3.203426    34.6079    27.5029 0.0000e+00
       4260    125.355     3.7209   3.204201    34.6172    27.5102 0.0000e+00
       4261    123.928     3.7110   3.201670    34.5982    27.4960 0.0000e+00
       4262    122.587     3.6818   3.196027    34.5622    27.4704 0.0000e+00
       4263    121.280     3.6482   3.191807    34.5480    27.4623 0.0000e+00
       4264    119.980     3.6241   3.189800    34.5502    27.4665 0.0000e+00
       4265    118.665     3.6063   3.187649    34.5440    27.4633 0.0000e+00
       4266    117.280     3.5912   3.185189    34.5312    27.4546 0.0000e+00
       4267    115.787     3.5838   3.183822    34.5234    27.4492 0.0000e+00
       4268    114.264     3.5869   3.184585    34.5302    27.4542 0.0000e+00
       4269    112.855     3.5964   3.186621    34.5453    27.4653 0.0000e+00
       4270    111.592     3.6079   3.187525    34.5447    27.4637 0.0000e+00
       4271    110.348     3.6197   3.187095    34.5276    27.4490 0.0000e+00
       4272    108.980     3.6302   3.186828    34.5141    27.4371 0.0000e+00
       4273    107.479     3.6383   3.186968    34.5080    27.4314 0.0000e+00
       4274    105.998     3.6437   3.187289    34.5069    27.4301 0.0000e+00
       4275    104.681     3.6466   3.187603    34.5083    27.4309 0.0000e+00
       4276    103.489     3.6468   3.187386    34.5062    27.4292 0.0000e+00
       4277    102.276     3.6453   3.186673    34.4999    27.4243 0.0000e+00
       4278    100.986     3.6440   3.186349    34.4981    27.4230 0.0000e+00
       4279     99.713     3.6441   3.186482    34.5002    27.4247 0.0000e+00
       4280     98.548     3.6431   3.186232    34.4989    27.4238 0.0000e+00
       4281     97.454     3.6378   3.185404    34.4952    27.4213 0.0000e+00
       4282     96.365     3.6292   3.184583    34.4951    27.4221 0.0000e+00
       4283     95.284     3.6206   3.184131    34.4993    27.4263 0.0000e+00
       4284     94.243     3.6113   3.183100    34.4974    27.4257 0.0000e+00
       4285     93.256     3.5994   3.180976    34.4850    27.4170 0.0000e+00
       4286     92.313     3.5879   3.179157    34.4759    27.4109 0.0000e+00
       4287     91.401     3.5797   3.178263    34.4743    27.4104 0.0000e+00
       4288     90.502     3.5740   3.177518    34.4719    27.4091 0.0000e+00
       4289     89.604     3.5687   3.176744    34.4687    27.4071 0.0000e+00
       4290     88.712     3.5622   3.175819    34.4650    27.4047 0.0000e+00
       4291     87.836     3.5545   3.174642    34.4595    27.4011 0.0000e+00
       4292     86.969     3.5469   3.173602    34.4555    27.3986 0.0000e+00
       4293     86.091     3.5408   3.172872    34.4536    27.3978 0.0000e+00
       4294     85.192     3.5365   3.172556    34.4549    27.3992 0.0000e+00
       4295     84.292     3.5332   3.172463    34.4578    27.4018 0.0000e+00
       4296     83.424     3.5286   3.172000    34.4576    27.4021 0.0000e+00
       4297     82.587     3.5218   3.170922    34.4522    27.3985 0.0000e+00
       4298     81.740     3.5137   3.169672    34.4463    27.3945 0.0000e+00
       4299     80.849     3.5055   3.168871    34.4458    27.3950 0.0000e+00
       4300     79.930     3.5008   3.169107    34.4541    27.4021 0.0000e+00
       4301     79.048     3.5049   3.170367    34.4654    27.4107 0.0000e+00
       4302     78.239     3.5126   3.170933    34.4645    27.4092 0.0000e+00
       4303     77.456     3.5076   3.168997    34.4469    27.3957 0.0000e+00
       4304     76.634     3.4878   3.165898    34.4311    27.3850 0.0000e+00
       4305     75.772     3.4724   3.164955    34.4365    27.3908 0.0000e+00
       4306     74.924     3.4720   3.165901    34.4488    27.4006 0.0000e+00
       4307     74.116     3.4758   3.165515    34.4406    27.3937 0.0000e+00
