Datasets/Multi_Species/NEE535/ned535_2020_004.cnv
* Sea-Bird SBE19plus Data File:
* Filename = C:/AQUIRE/ned535_2020_004.hex
* Software Version AquireV2 AF V2.0
* Temperature SN =  4579
* Conductivity SN =  4579
* System UpLoad Time = Dec 05 2020 13:13:36
** VESSEL/TRIP/SEQ STN: ned535_2020_004
** LATITUDE: 51 02.83 N
** LONGITUDE: 50 45.15 W
** DATE/TIME: 2020-12-05 12:18
** SOUNDING DEPTH (M):  306
** PROBE TYPE: S4579
** CTD NUMBER: 004
** COMMENTS: 
# nquan = 7                                 
# nvalues = 3187                        
# units = specified
# name 0 = scan: Scan Count
# name 1 = prdM: Pressure, Strain Gauge [db]
# name 2 = tv290C: Temperature [ITS-90, deg C]
# name 3 = c0S/m: Conductivity [S/m]
# name 4 = sal00: Salinity, Practical [PSU]
# name 5 = sigma-t00: Density [sigma-t, kg/m^3 ]
# name 6 = flag: flag
# span 0 =          1,       3187       
# span 1 =     -0.201,    317.662       
# span 2 =     1.4956,     3.1883       
# span 3 =   0.008907,   3.160341       
# span 4 =     0.0722,    34.5851       
# span 5 =    -0.0084,    27.5409       
# span 6 = 0.0000e+00, 0.0000e+00       
# interval = seconds: 1
# start_time = Dec 05 2020 12:18:05 [Instrument's time stamp, header]
# bad_flag = -9.990e-29
*END*
[from data line 1026]
       1027    278.372     3.0732   3.149368    34.5616    27.5284 0.0000e+00
       1028    278.839     3.0740   3.149485    34.5619    27.5286 0.0000e+00
       1029    279.314     3.0749   3.149644    34.5627    27.5291 0.0000e+00
       1030    279.812     3.0759   3.149783    34.5630    27.5293 0.0000e+00
       1031    280.338     3.0768   3.149883    34.5630    27.5291 0.0000e+00
       1032    280.891     3.0774   3.149956    34.5629    27.5290 0.0000e+00
       1033    281.457     3.0780   3.150028    34.5628    27.5289 0.0000e+00
       1034    282.012     3.0784   3.150113    34.5631    27.5291 0.0000e+00
       1035    282.539     3.0789   3.150196    34.5633    27.5292 0.0000e+00
       1036    283.037     3.0793   3.150281    34.5636    27.5295 0.0000e+00
       1037    283.515     3.0800   3.150383    34.5639    27.5296 0.0000e+00
       1038    283.988     3.0808   3.150520    34.5644    27.5299 0.0000e+00
       1039    284.468     3.0821   3.150706    34.5650    27.5303 0.0000e+00
       1040    284.967     3.0836   3.150917    34.5657    27.5307 0.0000e+00
       1041    285.493     3.0848   3.151079    34.5661    27.5309 0.0000e+00
       1042    286.033     3.0856   3.151156    34.5659    27.5307 0.0000e+00
       1043    286.571     3.0859   3.151197    34.5658    27.5306 0.0000e+00
       1044    287.100     3.0863   3.151279    34.5661    27.5307 0.0000e+00
       1045    287.621     3.0875   3.151436    34.5664    27.5309 0.0000e+00
       1046    288.138     3.0892   3.151644    34.5668    27.5311 0.0000e+00
       1047    288.645     3.0910   3.151874    34.5674    27.5314 0.0000e+00
       1048    289.138     3.0926   3.152098    34.5682    27.5318 0.0000e+00
       1049    289.626     3.0944   3.152309    34.5685    27.5320 0.0000e+00
       1050    290.116     3.0961   3.152524    34.5691    27.5322 0.0000e+00
       1051    290.606     3.0977   3.152721    34.5695    27.5324 0.0000e+00
       1052    291.101     3.0989   3.152872    34.5698    27.5325 0.0000e+00
       1053    291.614     3.0999   3.152998    34.5699    27.5326 0.0000e+00
       1054    292.144     3.1010   3.153140    34.5702    27.5327 0.0000e+00
       1055    292.677     3.1021   3.153279    34.5704    27.5328 0.0000e+00
       1056    293.193     3.1028   3.153351    34.5703    27.5326 0.0000e+00
       1057    293.685     3.1032   3.153390    34.5700    27.5324 0.0000e+00
       1058    294.164     3.1033   3.153449    34.5704    27.5326 0.0000e+00
       1059    294.651     3.1036   3.153529    34.5708    27.5329 0.0000e+00
       1060    295.152     3.1040   3.153615    34.5711    27.5331 0.0000e+00
       1061    295.650     3.1045   3.153699    34.5713    27.5333 0.0000e+00
       1062    296.138     3.1053   3.153814    34.5716    27.5334 0.0000e+00
       1063    296.628     3.1063   3.153965    34.5721    27.5337 0.0000e+00
       1064    297.133     3.1074   3.154095    34.5722    27.5337 0.0000e+00
       1065    297.643     3.1080   3.154171    34.5722    27.5337 0.0000e+00
       1066    298.146     3.1084   3.154239    34.5724    27.5337 0.0000e+00
       1067    298.644     3.1092   3.154361    34.5727    27.5339 0.0000e+00
       1068    299.148     3.1100   3.154494    34.5732    27.5342 0.0000e+00
       1069    299.658     3.1103   3.154557    34.5734    27.5343 0.0000e+00
       1070    300.159     3.1103   3.154568    34.5732    27.5342 0.0000e+00
       1071    300.643     3.1102   3.154576    34.5732    27.5342 0.0000e+00
       1072    301.120     3.1101   3.154599    34.5733    27.5343 0.0000e+00
       1073    301.599     3.1102   3.154642    34.5734    27.5344 0.0000e+00
       1074    302.082     3.1104   3.154691    34.5736    27.5345 0.0000e+00
       1075    302.564     3.1106   3.154735    34.5736    27.5345 0.0000e+00
       1076    303.047     3.1110   3.154795    34.5737    27.5345 0.0000e+00
       1077    303.543     3.1116   3.154900    34.5740    27.5347 0.0000e+00
       1078    304.054     3.1123   3.155006    34.5743    27.5349 0.0000e+00
       1079    304.575     3.1137   3.155177    34.5746    27.5350 0.0000e+00
       1080    305.099     3.1163   3.155524    34.5757    27.5357 0.0000e+00
       1081    305.610     3.1189   3.155859    34.5767    27.5362 0.0000e+00
       1082    306.086     3.1201   3.155964    34.5765    27.5359 0.0000e+00
       1083    306.522     3.1201   3.155930    34.5758    27.5354 0.0000e+00
       1084    306.931     3.1198   3.155893    34.5755    27.5351 0.0000e+00
       1085    307.331     3.1197   3.155738    34.5735    27.5335 0.0000e+00
       1086    307.732     3.1200   3.155610    34.5714    27.5318 0.0000e+00
       1087    308.126     3.1208   3.155860    34.5733    27.5333 0.0000e+00
       1088    308.508     3.1221   3.156246    34.5764    27.5357 0.0000e+00
       1089    308.882     3.1233   3.156468    34.5776    27.5365 0.0000e+00
       1090    309.248     3.1243   3.156570    34.5776    27.5364 0.0000e+00
       1091    309.604     3.1249   3.156633    34.5775    27.5363 0.0000e+00
       1092    309.944     3.1256   3.156722    34.5777    27.5364 0.0000e+00
       1093    310.268     3.1262   3.156811    34.5779    27.5365 0.0000e+00
       1094    310.585     3.1266   3.156890    34.5783    27.5368 0.0000e+00
       1095    310.908     3.1271   3.156962    34.5785    27.5368 0.0000e+00
       1096    311.238     3.1274   3.157004    34.5785    27.5368 0.0000e+00
       1097    311.569     3.1277   3.157052    34.5786    27.5369 0.0000e+00
       1098    311.890     3.1282   3.157132    34.5788    27.5370 0.0000e+00
       1099    312.188     3.1288   3.157215    34.5790    27.5371 0.0000e+00
       1100    312.464     3.1293   3.157295    34.5793    27.5373 0.0000e+00
       1101    312.736     3.1302   3.157423    34.5797    27.5376 0.0000e+00
       1102    313.015     3.1317   3.157634    34.5806    27.5381 0.0000e+00
       1103    313.291     3.1334   3.157858    34.5813    27.5385 0.0000e+00
       1104    313.545     3.1346   3.157999    34.5816    27.5386 0.0000e+00
       1105    313.776     3.1349   3.158019    34.5814    27.5385 0.0000e+00
       1106    313.997     3.1351   3.158000    34.5808    27.5380 0.0000e+00
       1107    314.212     3.1357   3.158094    34.5812    27.5382 0.0000e+00
       1108    314.421     3.1368   3.158257    34.5819    27.5387 0.0000e+00
       1109    314.630     3.1375   3.158345    34.5821    27.5388 0.0000e+00
       1110    314.838     3.1378   3.158364    34.5819    27.5386 0.0000e+00
       1111    315.031     3.1379   3.158372    34.5818    27.5385 0.0000e+00
       1112    315.198     3.1377   3.158366    34.5818    27.5385 0.0000e+00
       1113    315.350     3.1374   3.158349    34.5819    27.5386 0.0000e+00
       1114    315.508     3.1374   3.158385    34.5822    27.5389 0.0000e+00
       1115    315.681     3.1378   3.158450    34.5825    27.5391 0.0000e+00
       1116    315.859     3.1378   3.158415    34.5820    27.5386 0.0000e+00
       1117    316.034     3.1372   3.158343    34.5816    27.5384 0.0000e+00
       1118    316.199     3.1368   3.158325    34.5818    27.5386 0.0000e+00
       1119    316.346     3.1364   3.158291    34.5817    27.5385 0.0000e+00
       1120    316.470     3.1357   3.158212    34.5814    27.5384 0.0000e+00
       1121    316.575     3.1350   3.158135    34.5812    27.5383 0.0000e+00
       1122    316.668     3.1346   3.158106    34.5812    27.5383 0.0000e+00
       1123    316.756     3.1346   3.158116    34.5813    27.5384 0.0000e+00
       1124    316.840     3.1345   3.158098    34.5811    27.5383 0.0000e+00
       1125    316.922     3.1341   3.158035    34.5807    27.5380 0.0000e+00
       1126    317.000     3.1339   3.158004    34.5805    27.5378 0.0000e+00
       1127    317.067     3.1346   3.158114    34.5811    27.5382 0.0000e+00
       1128    317.124     3.1358   3.158307    34.5821    27.5389 0.0000e+00
       1129    317.178     3.1365   3.158365    34.5820    27.5388 0.0000e+00
       1130    317.233     3.1364   3.158315    34.5815    27.5384 0.0000e+00
       1131    317.288     3.1365   3.158337    34.5816    27.5385 0.0000e+00
       1132    317.336     3.1367   3.158382    34.5819    27.5387 0.0000e+00
       1133    317.378     3.1368   3.158384    34.5818    27.5386 0.0000e+00
       1134    317.425     3.1367   3.158380    34.5819    27.5387 0.0000e+00
       1135    317.480     3.1367   3.158381    34.5818    27.5386 0.0000e+00
       1136    317.535     3.1370   3.158408    34.5818    27.5386 0.0000e+00
       1137    317.580     3.1372   3.158437    34.5819    27.5387 0.0000e+00
       1138    317.610     3.1369   3.158400    34.5818    27.5386 0.0000e+00
       1139    317.624     3.1361   3.158305    34.5815    27.5384 0.0000e+00
       1140    317.625     3.1351   3.158169    34.5809    27.5380 0.0000e+00
       1141    317.620     3.1340   3.158032    34.5804    27.5378 0.0000e+00
       1142    317.612     3.1332   3.157965    34.5805    27.5379 0.0000e+00
       1143    317.606     3.1332   3.157983    34.5807    27.5380 0.0000e+00
       1144    317.614     3.1336   3.158036    34.5809    27.5382 0.0000e+00
       1145    317.635     3.1342   3.158105    34.5811    27.5383 0.0000e+00
       1146    317.655     3.1349   3.158201    34.5815    27.5385 0.0000e+00
       1147    317.662     3.1355   3.158273    34.5817    27.5387 0.0000e+00
       1148    317.650     3.1356   3.158267    34.5815    27.5385 0.0000e+00
       1149    317.622     3.1351   3.158193    34.5812    27.5383 0.0000e+00
       1150    317.588     3.1346   3.158128    34.5810    27.5381 0.0000e+00
       1151    317.562     3.1345   3.158128    34.5811    27.5382 0.0000e+00
       1152    317.543     3.1344   3.158112    34.5810    27.5382 0.0000e+00
       1153    317.528     3.1343   3.158087    34.5808    27.5380 0.0000e+00
       1154    317.515     3.1352   3.158224    34.5815    27.5385 0.0000e+00
       1155    317.497     3.1365   3.158419    34.5825    27.5392 0.0000e+00
       1156    317.468     3.1368   3.158408    34.5821    27.5388 0.0000e+00
       1157    317.426     3.1362   3.158288    34.5813    27.5382 0.0000e+00
       1158    317.370     3.1360   3.158281    34.5814    27.5384 0.0000e+00
       1159    317.310     3.1363   3.158351    34.5820    27.5388 0.0000e+00
       1160    317.251     3.1365   3.158348    34.5818    27.5386 0.0000e+00
       1161    317.193     3.1364   3.158319    34.5816    27.5385 0.0000e+00
       1162    317.142     3.1365   3.158356    34.5819    27.5387 0.0000e+00
       1163    317.106     3.1367   3.158395    34.5822    27.5389 0.0000e+00
       1164    317.081     3.1368   3.158398    34.5822    27.5389 0.0000e+00
       1165    317.058     3.1370   3.158408    34.5821    27.5388 0.0000e+00
       1166    317.030     3.1374   3.158442    34.5821    27.5388 0.0000e+00
       1167    316.998     3.1375   3.158456    34.5822    27.5388 0.0000e+00
       1168    316.958     3.1372   3.158422    34.5821    27.5388 0.0000e+00
       1169    316.905     3.1369   3.158385    34.5820    27.5387 0.0000e+00
       1170    316.841     3.1368   3.158375    34.5820    27.5388 0.0000e+00
       1171    316.780     3.1366   3.158345    34.5819    27.5387 0.0000e+00
       1172    316.730     3.1361   3.158264    34.5815    27.5384 0.0000e+00
       1173    316.692     3.1355   3.158198    34.5813    27.5383 0.0000e+00
       1174    316.659     3.1351   3.158178    34.5815    27.5385 0.0000e+00
       1175    316.625     3.1349   3.158161    34.5816    27.5386 0.0000e+00
       1176    316.587     3.1346   3.158128    34.5815    27.5386 0.0000e+00
       1177    316.546     3.1342   3.158063    34.5812    27.5383 0.0000e+00
       1178    316.503     3.1335   3.157978    34.5809    27.5382 0.0000e+00
       1179    316.453     3.1330   3.157918    34.5807    27.5381 0.0000e+00
       1180    316.395     3.1332   3.157948    34.5809    27.5382 0.0000e+00
       1181    316.335     3.1341   3.158063    34.5814    27.5385 0.0000e+00
       1182    316.283     3.1347   3.158129    34.5816    27.5386 0.0000e+00
       1183    316.247     3.1349   3.158122    34.5813    27.5384 0.0000e+00
       1184    316.222     3.1349   3.158123    34.5813    27.5384 0.0000e+00
       1185    316.200     3.1348   3.158116    34.5814    27.5384 0.0000e+00
       1186    316.175     3.1345   3.158073    34.5812    27.5383 0.0000e+00
       1187    316.145     3.1341   3.158023    34.5810    27.5382 0.0000e+00
       1188    316.111     3.1340   3.158012    34.5810    27.5382 0.0000e+00
       1189    316.070     3.1341   3.158029    34.5811    27.5383 0.0000e+00
       1190    316.020     3.1340   3.158018    34.5811    27.5383 0.0000e+00
       1191    315.967     3.1337   3.157965    34.5808    27.5381 0.0000e+00
       1192    315.915     3.1334   3.157911    34.5805    27.5379 0.0000e+00
       1193    315.862     3.1330   3.157878    34.5806    27.5380 0.0000e+00
       1194    315.809     3.1328   3.157860    34.5806    27.5380 0.0000e+00
       1195    315.764     3.1326   3.157847    34.5807    27.5381 0.0000e+00
       1196    315.729     3.1326   3.157846    34.5807    27.5381 0.0000e+00
       1197    315.699     3.1326   3.157845    34.5807    27.5381 0.0000e+00
       1198    315.675     3.1326   3.157834    34.5806    27.5380 0.0000e+00
       1199    315.654     3.1325   3.157815    34.5805    27.5379 0.0000e+00
       1200    315.629     3.1323   3.157800    34.5805    27.5380 0.0000e+00
       1201    315.594     3.1322   3.157786    34.5805    27.5380 0.0000e+00
       1202    315.550     3.1320   3.157764    34.5804    27.5380 0.0000e+00
       1203    315.499     3.1319   3.157749    34.5804    27.5379 0.0000e+00
       1204    315.440     3.1319   3.157747    34.5804    27.5379 0.0000e+00
       1205    315.373     3.1318   3.157740    34.5804    27.5380 0.0000e+00
       1206    315.307     3.1317   3.157719    34.5803    27.5379 0.0000e+00
       1207    315.253     3.1315   3.157697    34.5803    27.5379 0.0000e+00
       1208    315.214     3.1315   3.157699    34.5804    27.5379 0.0000e+00
       1209    315.185     3.1316   3.157700    34.5803    27.5379 0.0000e+00
       1210    315.156     3.1315   3.157673    34.5801    27.5377 0.0000e+00
       1211    315.116     3.1311   3.157644    34.5802    27.5378 0.0000e+00
       1212    315.062     3.1309   3.157618    34.5801    27.5378 0.0000e+00
       1213    315.003     3.1307   3.157594    34.5800    27.5378 0.0000e+00
       1214    314.951     3.1307   3.157588    34.5800    27.5377 0.0000e+00
       1215    314.908     3.1307   3.157599    34.5802    27.5379 0.0000e+00
       1216    314.867     3.1308   3.157625    34.5804    27.5380 0.0000e+00
       1217    314.826     3.1309   3.157640    34.5805    27.5381 0.0000e+00
       1218    314.787     3.1309   3.157634    34.5804    27.5381 0.0000e+00
       1219    314.748     3.1309   3.157625    34.5804    27.5380 0.0000e+00
       1220    314.706     3.1309   3.157614    34.5802    27.5379 0.0000e+00
       1221    314.663     3.1308   3.157601    34.5802    27.5379 0.0000e+00
       1222    314.621     3.1307   3.157581    34.5801    27.5378 0.0000e+00
       1223    314.581     3.1305   3.157552    34.5800    27.5377 0.0000e+00
       1224    314.545     3.1304   3.157530    34.5798    27.5376 0.0000e+00
       1225    314.514     3.1302   3.157518    34.5799    27.5377 0.0000e+00
       1226    314.482     3.1300   3.157510    34.5801    27.5379 0.0000e+00
       1227    314.446     3.1300   3.157503    34.5800    27.5378 0.0000e+00
       1228    314.406     3.1301   3.157504    34.5799    27.5377 0.0000e+00
       1229    314.364     3.1303   3.157522    34.5800    27.5377 0.0000e+00
       1230    314.329     3.1303   3.157535    34.5801    27.5379 0.0000e+00
