Datasets/Multi_Species/NEE535/ned535_2020_018.cnv
* Sea-Bird SBE19plus Data File:
* Filename = C:/AQUIRE/ned535_2020_018.hex
* Software Version AquireV2 AF V2.0
* Temperature SN =  4579
* Conductivity SN =  4579
* System UpLoad Time = Dec 08 2020 22:45:40
** VESSEL/TRIP/SEQ STN: ned535_2020_018
** LATITUDE: 51 24.32 N
** LONGITUDE: 51 19.00 W
** DATE/TIME: 2020-12-08 21:32
** SOUNDING DEPTH (M):  257
** PROBE TYPE: S4579
** CTD NUMBER:  17
** COMMENTS: 
# nquan = 7                                 
# nvalues = 3046                        
# units = specified
# name 0 = scan: Scan Count
# name 1 = prdM: Pressure, Strain Gauge [db]
# name 2 = tv290C: Temperature [ITS-90, deg C]
# name 3 = c0S/m: Conductivity [S/m]
# name 4 = sal00: Salinity, Practical [PSU]
# name 5 = sigma-t00: Density [sigma-t, kg/m^3 ]
# name 6 = flag: flag
# span 0 =          1,       3046       
# span 1 =     -0.298,    260.537       
# span 2 =     0.8088,     2.6838       
# span 3 =   0.006687,   3.102273       
# span 4 =     0.0540,    34.4135       
# span 5 =    -0.0439,    27.4452       
# span 6 = 0.0000e+00, 0.0000e+00       
# interval = seconds: 1
# start_time = Dec 08 2020 21:32:25 [Instrument's time stamp, header]
# bad_flag = -9.990e-29
*END*
[from data line 616]
        617      4.910     2.1551   2.907662    32.7061    26.1225 0.0000e+00
        618      5.035     2.1553   2.907687    32.7061    26.1225 0.0000e+00
        619      5.200     2.1555   2.907714    32.7061    26.1226 0.0000e+00
        620      5.402     2.1556   2.907751    32.7064    26.1227 0.0000e+00
        621      5.629     2.1558   2.907786    32.7065    26.1228 0.0000e+00
        622      5.712     2.1557   2.907805    32.7068    26.1231 0.0000e+00
        623      5.594     2.1551   2.907841    32.7079    26.1240 0.0000e+00
        624      5.447     2.1543   2.907879    32.7093    26.1252 0.0000e+00
        625      5.383     2.1537   2.907889    32.7101    26.1258 0.0000e+00
        626      5.422     2.1535   2.907853    32.7098    26.1256 0.0000e+00
        627      5.542     2.1539   2.907790    32.7085    26.1246 0.0000e+00
        628      5.683     2.1545   2.907743    32.7073    26.1235 0.0000e+00
        629      5.850     2.1549   2.907738    32.7067    26.1231 0.0000e+00
        630      6.097     2.1549   2.907758    32.7068    26.1231 0.0000e+00
        631      6.396     2.1548   2.907768    32.7069    26.1232 0.0000e+00
        632      6.644     2.1546   2.907758    32.7068    26.1232 0.0000e+00
        633      6.794     2.1544   2.907752    32.7069    26.1232 0.0000e+00
        634      6.923     2.1543   2.907754    32.7069    26.1233 0.0000e+00
        635      7.132     2.1544   2.907759    32.7068    26.1231 0.0000e+00
        636      7.421     2.1546   2.907774    32.7066    26.1230 0.0000e+00
        637      7.740     2.1550   2.907797    32.7063    26.1227 0.0000e+00
        638      8.063     2.1553   2.907830    32.7062    26.1226 0.0000e+00
        639      8.364     2.1548   2.907882    32.7072    26.1235 0.0000e+00
        640      8.619     2.1541   2.907892    32.7079    26.1241 0.0000e+00
        641      8.858     2.1537   2.907841    32.7076    26.1238 0.0000e+00
        642      9.142     2.1534   2.907846    32.7078    26.1240 0.0000e+00
        643      9.478     2.1529   2.907950    32.7094    26.1254 0.0000e+00
        644      9.830     2.1531   2.908140    32.7113    26.1269 0.0000e+00
        645     10.183     2.1548   2.908368    32.7122    26.1275 0.0000e+00
        646     10.552     2.1567   2.908514    32.7119    26.1271 0.0000e+00
        647     10.932     2.1570   2.908579    32.7122    26.1273 0.0000e+00
        648     11.293     2.1566   2.908552    32.7120    26.1272 0.0000e+00
        649     11.625     2.1572   2.908590    32.7117    26.1269 0.0000e+00
        650     11.944     2.1590   2.908789    32.7122    26.1271 0.0000e+00
        651     12.269     2.1602   2.908887    32.7120    26.1269 0.0000e+00
        652     12.612     2.1597   2.908831    32.7116    26.1266 0.0000e+00
        653     12.959     2.1586   2.908765    32.7117    26.1268 0.0000e+00
        654     13.297     2.1588   2.908854    32.7124    26.1273 0.0000e+00
        655     13.633     2.1601   2.909016    32.7129    26.1276 0.0000e+00
        656     13.977     2.1603   2.909006    32.7124    26.1272 0.0000e+00
        657     14.338     2.1589   2.908846    32.7117    26.1267 0.0000e+00
        658     14.721     2.1565   2.908644    32.7114    26.1267 0.0000e+00
        659     15.116     2.1542   2.908482    32.7116    26.1270 0.0000e+00
        660     15.518     2.1532   2.908435    32.7118    26.1272 0.0000e+00
        661     15.927     2.1546   2.908612    32.7123    26.1276 0.0000e+00
        662     16.341     2.1583   2.908986    32.7129    26.1278 0.0000e+00
        663     16.743     2.1616   2.909260    32.7127    26.1273 0.0000e+00
        664     17.124     2.1628   2.909329    32.7121    26.1268 0.0000e+00
        665     17.495     2.1623   2.909326    32.7124    26.1270 0.0000e+00
        666     17.869     2.1616   2.909315    32.7127    26.1274 0.0000e+00
        667     18.258     2.1611   2.909306    32.7129    26.1276 0.0000e+00
        668     18.654     2.1608   2.909305    32.7130    26.1277 0.0000e+00
        669     19.036     2.1608   2.909312    32.7129    26.1276 0.0000e+00
        670     19.405     2.1605   2.909310    32.7130    26.1277 0.0000e+00
        671     19.776     2.1597   2.909255    32.7129    26.1277 0.0000e+00
        672     20.164     2.1591   2.909225    32.7129    26.1277 0.0000e+00
        673     20.582     2.1589   2.909290    32.7137    26.1284 0.0000e+00
        674     21.022     2.1586   2.909330    32.7143    26.1289 0.0000e+00
        675     21.459     2.1572   2.909233    32.7143    26.1290 0.0000e+00
        676     21.879     2.1547   2.909025    32.7141    26.1290 0.0000e+00
        677     22.279     2.1517   2.908826    32.7145    26.1295 0.0000e+00
        678     22.663     2.1494   2.908720    32.7153    26.1304 0.0000e+00
        679     23.046     2.1485   2.908712    32.7159    26.1309 0.0000e+00
        680     23.437     2.1494   2.908800    32.7159    26.1308 0.0000e+00
        681     23.841     2.1514   2.908975    32.7158    26.1306 0.0000e+00
        682     24.268     2.1532   2.909099    32.7152    26.1300 0.0000e+00
        683     24.718     2.1541   2.909139    32.7145    26.1294 0.0000e+00
        684     25.174     2.1547   2.909187    32.7143    26.1291 0.0000e+00
        685     25.620     2.1559   2.909298    32.7142    26.1289 0.0000e+00
        686     26.053     2.1577   2.909500    32.7146    26.1291 0.0000e+00
        687     26.475     2.1594   2.909679    32.7148    26.1292 0.0000e+00
        688     26.897     2.1603   2.909746    32.7145    26.1289 0.0000e+00
        689     27.335     2.1601   2.909748    32.7145    26.1289 0.0000e+00
        690     27.787     2.1592   2.909729    32.7149    26.1293 0.0000e+00
        691     28.239     2.1582   2.909708    32.7154    26.1298 0.0000e+00
        692     28.676     2.1571   2.909674    32.7159    26.1303 0.0000e+00
        693     29.095     2.1555   2.909605    32.7165    26.1308 0.0000e+00
        694     29.504     2.1522   2.909443    32.7176    26.1320 0.0000e+00
        695     29.919     2.1472   2.909188    32.7194    26.1338 0.0000e+00
        696     30.351     2.1414   2.908913    32.7217    26.1361 0.0000e+00
        697     30.804     2.1337   2.908544    32.7248    26.1392 0.0000e+00
        698     31.267     2.1231   2.908009    32.7289    26.1432 0.0000e+00
        699     31.723     2.1124   2.907521    32.7336    26.1478 0.0000e+00
        700     32.161     2.1051   2.907239    32.7374    26.1514 0.0000e+00
        701     32.585     2.1003   2.907067    32.7400    26.1538 0.0000e+00
        702     33.007     2.0968   2.906948    32.7419    26.1556 0.0000e+00
        703     33.422     2.0938   2.906877    32.7439    26.1574 0.0000e+00
        704     33.824     2.0890   2.906767    32.7472    26.1605 0.0000e+00
        705     34.222     2.0802   2.906542    32.7533    26.1660 0.0000e+00
        706     34.635     2.0691   2.906284    32.7614    26.1732 0.0000e+00
        707     35.074     2.0606   2.906135    32.7680    26.1792 0.0000e+00
        708     35.538     2.0562   2.906085    32.7717    26.1825 0.0000e+00
        709     36.013     2.0526   2.906036    32.7746    26.1851 0.0000e+00
        710     36.496     2.0462   2.905951    32.7799    26.1898 0.0000e+00
        711     36.988     2.0364   2.905866    32.7887    26.1976 0.0000e+00
        712     37.475     2.0264   2.905803    32.7980    26.2057 0.0000e+00
        713     37.933     2.0186   2.905748    32.8051    26.2120 0.0000e+00
        714     38.357     2.0124   2.905695    32.8107    26.2169 0.0000e+00
        715     38.767     2.0069   2.905608    32.8151    26.2209 0.0000e+00
        716     39.184     2.0025   2.905488    32.8179    26.2235 0.0000e+00
        717     39.616     1.9989   2.905380    32.8200    26.2254 0.0000e+00
        718     40.058     1.9954   2.905261    32.8219    26.2272 0.0000e+00
        719     40.508     1.9910   2.905074    32.8239    26.2291 0.0000e+00
        720     40.972     1.9857   2.904828    32.8261    26.2313 0.0000e+00
        721     41.448     1.9798   2.904549    32.8285    26.2336 0.0000e+00
        722     41.922     1.9732   2.904231    32.8311    26.2362 0.0000e+00
        723     42.383     1.9662   2.903921    32.8342    26.2392 0.0000e+00
        724     42.835     1.9577   2.903540    32.8380    26.2429 0.0000e+00
        725     43.277     1.9457   2.902917    32.8425    26.2473 0.0000e+00
        726     43.713     1.9324   2.902227    32.8474    26.2523 0.0000e+00
        727     44.155     1.9211   2.901718    32.8526    26.2572 0.0000e+00
        728     44.603     1.9116   2.901297    32.8569    26.2614 0.0000e+00
        729     45.053     1.9025   2.900834    32.8604    26.2648 0.0000e+00
        730     45.505     1.8937   2.900349    32.8632    26.2677 0.0000e+00
        731     45.962     1.8845   2.899819    32.8659    26.2705 0.0000e+00
        732     46.434     1.8721   2.899026    32.8686    26.2736 0.0000e+00
        733     46.921     1.8558   2.897989    32.8723    26.2778 0.0000e+00
        734     47.407     1.8388   2.897053    32.8780    26.2836 0.0000e+00
        735     47.889     1.8232   2.896352    32.8852    26.2904 0.0000e+00
        736     48.370     1.8097   2.895832    32.8925    26.2973 0.0000e+00
        737     48.848     1.7993   2.895493    32.8988    26.3031 0.0000e+00
        738     49.317     1.7918   2.895280    32.9037    26.3075 0.0000e+00
        739     49.771     1.7851   2.895051    32.9076    26.3111 0.0000e+00
        740     50.215     1.7780   2.894758    32.9111    26.3144 0.0000e+00
        741     50.661     1.7717   2.894648    32.9160    26.3188 0.0000e+00
        742     51.116     1.7671   2.894890    32.9236    26.3252 0.0000e+00
        743     51.581     1.7633   2.895339    32.9330    26.3330 0.0000e+00
        744     52.058     1.7610   2.895942    32.9427    26.3409 0.0000e+00
        745     52.542     1.7610   2.896629    32.9510    26.3476 0.0000e+00
        746     53.028     1.7621   2.897186    32.9566    26.3520 0.0000e+00
        747     53.514     1.7632   2.897526    32.9594    26.3542 0.0000e+00
        748     54.000     1.7637   2.897714    32.9610    26.3554 0.0000e+00
        749     54.479     1.7640   2.897845    32.9621    26.3563 0.0000e+00
        750     54.941     1.7636   2.897897    32.9629    26.3570 0.0000e+00
        751     55.383     1.7620   2.897855    32.9638    26.3578 0.0000e+00
        752     55.813     1.7605   2.897938    32.9662    26.3598 0.0000e+00
        753     56.241     1.7613   2.898417    32.9711    26.3637 0.0000e+00
        754     56.680     1.7641   2.899212    32.9779    26.3690 0.0000e+00
        755     57.141     1.7666   2.899978    32.9847    26.3742 0.0000e+00
        756     57.619     1.7669   2.900464    32.9902    26.3786 0.0000e+00
        757     58.103     1.7653   2.900650    32.9939    26.3817 0.0000e+00
        758     58.588     1.7630   2.900663    32.9962    26.3837 0.0000e+00
        759     59.071     1.7607   2.900610    32.9977    26.3851 0.0000e+00
        760     59.546     1.7584   2.900531    32.9988    26.3861 0.0000e+00
        761     60.008     1.7561   2.900460    33.0001    26.3873 0.0000e+00
        762     60.451     1.7538   2.900414    33.0017    26.3887 0.0000e+00
        763     60.874     1.7512   2.900321    33.0030    26.3900 0.0000e+00
        764     61.291     1.7454   2.900031    33.0052    26.3922 0.0000e+00
        765     61.722     1.7312   2.899261    33.0102    26.3971 0.0000e+00
        766     62.175     1.7052   2.897976    33.0210    26.4077 0.0000e+00
        767     62.645     1.6722   2.897103    33.0444    26.4287 0.0000e+00
        768     63.121     1.6412   2.897483    33.0814    26.4606 0.0000e+00
        769     63.600     1.6125   2.898266    33.1213    26.4946 0.0000e+00
        770     64.086     1.5792   2.897994    33.1527    26.5221 0.0000e+00
        771     64.574     1.5411   2.896736    33.1767    26.5440 0.0000e+00
        772     65.046     1.5042   2.895421    33.1988    26.5643 0.0000e+00
        773     65.491     1.4729   2.894489    33.2199    26.5833 0.0000e+00
        774     65.918     1.4523   2.894638    33.2433    26.6036 0.0000e+00
        775     66.345     1.4448   2.896115    33.2698    26.6253 0.0000e+00
        776     66.779     1.4389   2.897588    33.2945    26.6455 0.0000e+00
        777     67.221     1.4076   2.896244    33.3104    26.6604 0.0000e+00
        778     67.676     1.3329   2.890522    33.3169    26.6706 0.0000e+00
        779     68.150     1.2348   2.883295    33.3291    26.6869 0.0000e+00
        780     68.640     1.1514   2.878209    33.3529    26.7114 0.0000e+00
        781     69.125     1.0997   2.875723    33.3761    26.7334 0.0000e+00
        782     69.595     1.0715   2.874278    33.3875    26.7444 0.0000e+00
        783     70.058     1.0518   2.872860    33.3902    26.7477 0.0000e+00
        784     70.521     1.0338   2.871747    33.3949    26.7527 0.0000e+00
        785     70.979     1.0168   2.870961    33.4028    26.7601 0.0000e+00
        786     71.427     0.9993   2.869915    33.4079    26.7653 0.0000e+00
        787     71.871     0.9814   2.868702    33.4113    26.7691 0.0000e+00
        788     72.323     0.9647   2.867827    33.4177    26.7753 0.0000e+00
        789     72.783     0.9458   2.866832    33.4250    26.7823 0.0000e+00
        790     73.241     0.9207   2.865198    33.4307    26.7885 0.0000e+00
        791     73.700     0.8921   2.863223    33.4357    26.7943 0.0000e+00
        792     74.173     0.8637   2.861116    33.4389    26.7986 0.0000e+00
        793     74.661     0.8381   2.859387    33.4439    26.8041 0.0000e+00
        794     75.145     0.8207   2.858706    33.4536    26.8130 0.0000e+00
        795     75.611     0.8118   2.858638    33.4620    26.8203 0.0000e+00
        796     76.072     0.8088   2.859024    33.4700    26.8269 0.0000e+00
        797     76.540     0.8138   2.860681    33.4857    26.8392 0.0000e+00
        798     77.009     0.8270   2.863215    33.5039    26.8531 0.0000e+00
        799     77.462     0.8402   2.865133    33.5142    26.8605 0.0000e+00
        800     77.897     0.8475   2.865942    33.5165    26.8619 0.0000e+00
        801     78.339     0.8488   2.866182    33.5179    26.8630 0.0000e+00
        802     78.806     0.8464   2.866311    33.5219    26.8664 0.0000e+00
        803     79.282     0.8422   2.866339    33.5265    26.8704 0.0000e+00
        804     79.747     0.8370   2.866317    33.5316    26.8747 0.0000e+00
        805     80.203     0.8297   2.866186    33.5375    26.8800 0.0000e+00
        806     80.657     0.8199   2.865852    33.5435    26.8854 0.0000e+00
        807     81.117     0.8126   2.865935    33.5522    26.8928 0.0000e+00
        808     81.583     0.8171   2.867132    33.5626    26.9009 0.0000e+00
        809     82.051     0.8439   2.870538    33.5773    26.9111 0.0000e+00
        810     82.519     0.8987   2.877036    33.6016    26.9273 0.0000e+00
        811     82.993     0.9687   2.884734    33.6248    26.9416 0.0000e+00
        812     83.472     1.0271   2.890313    33.6331    26.9446 0.0000e+00
        813     83.940     1.0614   2.892759    33.6272    26.9377 0.0000e+00
        814     84.386     1.0827   2.894292    33.6236    26.9334 0.0000e+00
        815     84.822     1.1025   2.896556    33.6311    26.9381 0.0000e+00
        816     85.278     1.1168   2.898299    33.6377    26.9425 0.0000e+00
        817     85.755     1.1204   2.898649    33.6380    26.9426 0.0000e+00
        818     86.226     1.1174   2.898416    33.6380    26.9427 0.0000e+00
        819     86.678     1.1144   2.898294    33.6394    26.9441 0.0000e+00
        820     87.128     1.1164   2.898869    33.6444    26.9479 0.0000e+00
