Datasets/Multi_Species/NEE535/ned535_2020_009.cnv
* Sea-Bird SBE19plus Data File:
* Filename = C:/AQUIRE/ned535_2020_009.hex
* Software Version AquireV2 AF V2.0
* Temperature SN =  4579
* Conductivity SN =  4579
* System UpLoad Time = Dec 06 2020 15:22:03
** VESSEL/TRIP/SEQ STN: ned535_2020_009
** LATITUDE: 51 22.15 N
** LONGITUDE: 50 15.32 W
** DATE/TIME: 2020-12-06 14:23
** SOUNDING DEPTH (M):  426
** PROBE TYPE: S4579
** CTD NUMBER:   9
** COMMENTS: 
# nquan = 7                                 
# nvalues = 3224                        
# units = specified
# name 0 = scan: Scan Count
# name 1 = prdM: Pressure, Strain Gauge [db]
# name 2 = tv290C: Temperature [ITS-90, deg C]
# name 3 = c0S/m: Conductivity [S/m]
# name 4 = sal00: Salinity, Practical [PSU]
# name 5 = sigma-t00: Density [sigma-t, kg/m^3 ]
# name 6 = flag: flag
# span 0 =          1,       3224       
# span 1 =     -0.296,    427.488       
# span 2 =     1.0667,     4.0039       
# span 3 =   0.017739,   3.248984       
# span 4 =     0.1466,    34.7644       
# span 5 =     0.0645,    27.6080       
# span 6 = 0.0000e+00, 0.0000e+00       
# interval = seconds: 1
# start_time = Dec 06 2020 14:23:28 [Instrument's time stamp, header]
# bad_flag = -9.990e-29
*END*
[from data line 1847]
       1848    421.371     3.9086   3.246240    34.7601    27.6049 0.0000e+00
       1849    421.382     3.9086   3.246246    34.7602    27.6049 0.0000e+00
       1850    421.422     3.9086   3.246248    34.7602    27.6049 0.0000e+00
       1851    421.473     3.9086   3.246248    34.7602    27.6049 0.0000e+00
       1852    421.521     3.9086   3.246252    34.7602    27.6049 0.0000e+00
       1853    421.569     3.9086   3.246249    34.7601    27.6049 0.0000e+00
       1854    421.618     3.9084   3.246235    34.7601    27.6049 0.0000e+00
       1855    421.657     3.9082   3.246219    34.7601    27.6049 0.0000e+00
       1856    421.669     3.9080   3.246199    34.7601    27.6049 0.0000e+00
       1857    421.654     3.9076   3.246161    34.7601    27.6049 0.0000e+00
       1858    421.630     3.9073   3.246122    34.7600    27.6049 0.0000e+00
       1859    421.612     3.9071   3.246108    34.7600    27.6049 0.0000e+00
       1860    421.608     3.9071   3.246117    34.7601    27.6050 0.0000e+00
       1861    421.623     3.9074   3.246147    34.7601    27.6050 0.0000e+00
       1862    421.658     3.9076   3.246174    34.7602    27.6051 0.0000e+00
       1863    421.704     3.9076   3.246175    34.7602    27.6050 0.0000e+00
       1864    421.741     3.9074   3.246149    34.7601    27.6050 0.0000e+00
       1865    421.763     3.9073   3.246124    34.7599    27.6048 0.0000e+00
       1866    421.781     3.9071   3.246120    34.7601    27.6050 0.0000e+00
       1867    421.806     3.9071   3.246123    34.7601    27.6050 0.0000e+00
       1868    421.830     3.9073   3.246128    34.7599    27.6048 0.0000e+00
       1869    421.846     3.9074   3.246137    34.7599    27.6048 0.0000e+00
       1870    421.860     3.9074   3.246146    34.7600    27.6049 0.0000e+00
       1871    421.881     3.9074   3.246145    34.7600    27.6049 0.0000e+00
       1872    421.921     3.9074   3.246142    34.7599    27.6048 0.0000e+00
       1873    421.982     3.9075   3.246156    34.7600    27.6048 0.0000e+00
       1874    422.049     3.9078   3.246188    34.7600    27.6048 0.0000e+00
       1875    422.099     3.9080   3.246209    34.7600    27.6048 0.0000e+00
       1876    422.129     3.9078   3.246190    34.7600    27.6048 0.0000e+00
       1877    422.148     3.9074   3.246146    34.7599    27.6048 0.0000e+00
       1878    422.162     3.9069   3.246106    34.7599    27.6049 0.0000e+00
       1879    422.175     3.9066   3.246075    34.7598    27.6048 0.0000e+00
       1880    422.190     3.9064   3.246058    34.7598    27.6049 0.0000e+00
       1881    422.213     3.9063   3.246053    34.7599    27.6049 0.0000e+00
       1882    422.253     3.9063   3.246059    34.7599    27.6049 0.0000e+00
       1883    422.311     3.9065   3.246075    34.7599    27.6049 0.0000e+00
       1884    422.369     3.9067   3.246087    34.7598    27.6048 0.0000e+00
       1885    422.409     3.9067   3.246091    34.7598    27.6048 0.0000e+00
       1886    422.425     3.9068   3.246100    34.7598    27.6048 0.0000e+00
       1887    422.428     3.9070   3.246111    34.7597    27.6047 0.0000e+00
       1888    422.438     3.9072   3.246126    34.7597    27.6046 0.0000e+00
       1889    422.467     3.9074   3.246150    34.7597    27.6047 0.0000e+00
       1890    422.509     3.9076   3.246173    34.7598    27.6047 0.0000e+00
       1891    422.550     3.9077   3.246178    34.7597    27.6046 0.0000e+00
       1892    422.584     3.9076   3.246166    34.7597    27.6046 0.0000e+00
       1893    422.611     3.9074   3.246156    34.7597    27.6047 0.0000e+00
       1894    422.635     3.9074   3.246159    34.7598    27.6047 0.0000e+00
       1895    422.660     3.9076   3.246170    34.7597    27.6046 0.0000e+00
       1896    422.687     3.9076   3.246169    34.7596    27.6046 0.0000e+00
       1897    422.709     3.9074   3.246155    34.7597    27.6046 0.0000e+00
       1898    422.715     3.9074   3.246149    34.7596    27.6046 0.0000e+00
       1899    422.709     3.9072   3.246144    34.7597    27.6047 0.0000e+00
       1900    422.696     3.9071   3.246135    34.7598    27.6047 0.0000e+00
       1901    422.676     3.9071   3.246134    34.7598    27.6047 0.0000e+00
       1902    422.651     3.9073   3.246138    34.7596    27.6046 0.0000e+00
       1903    422.623     3.9074   3.246140    34.7595    27.6045 0.0000e+00
       1904    422.599     3.9075   3.246156    34.7596    27.6046 0.0000e+00
       1905    422.591     3.9077   3.246182    34.7597    27.6046 0.0000e+00
       1906    422.604     3.9078   3.246199    34.7598    27.6047 0.0000e+00
       1907    422.620     3.9080   3.246210    34.7597    27.6046 0.0000e+00
       1908    422.612     3.9081   3.246217    34.7597    27.6046 0.0000e+00
       1909    422.574     3.9081   3.246217    34.7597    27.6046 0.0000e+00
       1910    422.526     3.9080   3.246213    34.7598    27.6047 0.0000e+00
       1911    422.491     3.9081   3.246225    34.7599    27.6047 0.0000e+00
       1912    422.473     3.9082   3.246249    34.7601    27.6049 0.0000e+00
       1913    422.461     3.9082   3.246254    34.7601    27.6049 0.0000e+00
       1914    422.437     3.9079   3.246225    34.7601    27.6049 0.0000e+00
       1915    422.387     3.9074   3.246165    34.7600    27.6048 0.0000e+00
       1916    422.322     3.9067   3.246095    34.7599    27.6049 0.0000e+00
       1917    422.268     3.9060   3.246037    34.7600    27.6050 0.0000e+00
       1918    422.240     3.9056   3.246010    34.7601    27.6051 0.0000e+00
       1919    422.229     3.9055   3.246011    34.7602    27.6053 0.0000e+00
       1920    422.213     3.9056   3.246027    34.7603    27.6053 0.0000e+00
       1921    422.178     3.9058   3.246043    34.7603    27.6053 0.0000e+00
       1922    422.127     3.9059   3.246048    34.7603    27.6053 0.0000e+00
       1923    422.073     3.9061   3.246047    34.7601    27.6051 0.0000e+00
       1924    422.021     3.9062   3.246047    34.7600    27.6050 0.0000e+00
       1925    421.965     3.9060   3.246036    34.7601    27.6051 0.0000e+00
       1926    421.900     3.9059   3.246023    34.7601    27.6051 0.0000e+00
       1927    421.833     3.9059   3.246022    34.7601    27.6051 0.0000e+00
       1928    421.777     3.9059   3.246022    34.7602    27.6052 0.0000e+00
       1929    421.735     3.9059   3.246014    34.7601    27.6051 0.0000e+00
       1930    421.699     3.9058   3.246002    34.7601    27.6051 0.0000e+00
       1931    421.657     3.9057   3.245987    34.7600    27.6051 0.0000e+00
       1932    421.603     3.9056   3.245973    34.7600    27.6051 0.0000e+00
       1933    421.548     3.9055   3.245959    34.7600    27.6051 0.0000e+00
       1934    421.504     3.9055   3.245950    34.7599    27.6050 0.0000e+00
       1935    421.464     3.9054   3.245947    34.7600    27.6051 0.0000e+00
       1936    421.419     3.9055   3.245946    34.7599    27.6050 0.0000e+00
       1937    421.372     3.9056   3.245953    34.7599    27.6050 0.0000e+00
       1938    421.339     3.9058   3.245966    34.7598    27.6049 0.0000e+00
       1939    421.326     3.9059   3.245976    34.7599    27.6049 0.0000e+00
       1940    421.322     3.9060   3.245992    34.7599    27.6050 0.0000e+00
       1941    421.312     3.9062   3.246015    34.7600    27.6050 0.0000e+00
       1942    421.292     3.9062   3.246018    34.7601    27.6051 0.0000e+00
       1943    421.269     3.9059   3.245986    34.7600    27.6050 0.0000e+00
       1944    421.262     3.9058   3.245963    34.7598    27.6049 0.0000e+00
       1945    421.275     3.9058   3.245963    34.7598    27.6049 0.0000e+00
       1946    421.294     3.9059   3.245979    34.7599    27.6050 0.0000e+00
       1947    421.313     3.9063   3.246014    34.7599    27.6049 0.0000e+00
       1948    421.332     3.9066   3.246042    34.7599    27.6049 0.0000e+00
       1949    421.353     3.9068   3.246062    34.7599    27.6049 0.0000e+00
       1950    421.367     3.9071   3.246080    34.7598    27.6048 0.0000e+00
       1951    421.363     3.9073   3.246095    34.7598    27.6047 0.0000e+00
       1952    421.348     3.9074   3.246106    34.7598    27.6047 0.0000e+00
       1953    421.342     3.9074   3.246109    34.7598    27.6048 0.0000e+00
       1954    421.369     3.9073   3.246101    34.7598    27.6048 0.0000e+00
       1955    421.428     3.9070   3.246082    34.7599    27.6048 0.0000e+00
       1956    421.494     3.9067   3.246068    34.7600    27.6050 0.0000e+00
       1957    421.542     3.9067   3.246073    34.7601    27.6050 0.0000e+00
       1958    421.568     3.9065   3.246056    34.7600    27.6050 0.0000e+00
       1959    421.587     3.9059   3.246005    34.7601    27.6051 0.0000e+00
       1960    421.617     3.9052   3.245959    34.7602    27.6053 0.0000e+00
       1961    421.662     3.9048   3.245938    34.7604    27.6055 0.0000e+00
       1962    421.711     3.9047   3.245932    34.7604    27.6055 0.0000e+00
       1963    421.751     3.9047   3.245935    34.7604    27.6055 0.0000e+00
       1964    421.781     3.9048   3.245937    34.7603    27.6054 0.0000e+00
       1965    421.815     3.9047   3.245925    34.7603    27.6054 0.0000e+00
       1966    421.857     3.9047   3.245919    34.7602    27.6053 0.0000e+00
       1967    421.900     3.9046   3.245921    34.7603    27.6054 0.0000e+00
       1968    421.938     3.9046   3.245928    34.7603    27.6054 0.0000e+00
       1969    421.973     3.9046   3.245935    34.7604    27.6055 0.0000e+00
       1970    422.003     3.9046   3.245938    34.7604    27.6055 0.0000e+00
       1971    422.028     3.9047   3.245941    34.7603    27.6054 0.0000e+00
       1972    422.059     3.9047   3.245945    34.7604    27.6055 0.0000e+00
       1973    422.111     3.9047   3.245949    34.7604    27.6055 0.0000e+00
       1974    422.176     3.9047   3.245946    34.7603    27.6054 0.0000e+00
       1975    422.234     3.9047   3.245939    34.7602    27.6053 0.0000e+00
       1976    422.276     3.9046   3.245935    34.7602    27.6054 0.0000e+00
       1977    422.306     3.9046   3.245946    34.7604    27.6055 0.0000e+00
       1978    422.326     3.9047   3.245960    34.7604    27.6055 0.0000e+00
       1979    422.339     3.9047   3.245961    34.7604    27.6055 0.0000e+00
       1980    422.344     3.9048   3.245961    34.7603    27.6054 0.0000e+00
       1981    422.346     3.9048   3.245965    34.7604    27.6054 0.0000e+00
       1982    422.364     3.9047   3.245960    34.7604    27.6055 0.0000e+00
       1983    422.404     3.9047   3.245947    34.7602    27.6053 0.0000e+00
       1984    422.451     3.9047   3.245938    34.7601    27.6052 0.0000e+00
       1985    422.490     3.9045   3.245933    34.7602    27.6054 0.0000e+00
       1986    422.516     3.9044   3.245930    34.7603    27.6054 0.0000e+00
       1987    422.534     3.9042   3.245923    34.7604    27.6055 0.0000e+00
       1988    422.553     3.9040   3.245916    34.7605    27.6056 0.0000e+00
       1989    422.578     3.9040   3.245913    34.7605    27.6056 0.0000e+00
       1990    422.602     3.9040   3.245917    34.7605    27.6056 0.0000e+00
       1991    422.613     3.9040   3.245917    34.7605    27.6056 0.0000e+00
       1992    422.614     3.9040   3.245912    34.7604    27.6056 0.0000e+00
       1993    422.627     3.9040   3.245908    34.7604    27.6055 0.0000e+00
       1994    422.660     3.9040   3.245914    34.7604    27.6056 0.0000e+00
       1995    422.694     3.9040   3.245924    34.7605    27.6057 0.0000e+00
       1996    422.712     3.9040   3.245923    34.7605    27.6056 0.0000e+00
       1997    422.711     3.9040   3.245917    34.7604    27.6056 0.0000e+00
       1998    422.704     3.9040   3.245917    34.7604    27.6056 0.0000e+00
       1999    422.703     3.9039   3.245915    34.7605    27.6057 0.0000e+00
       2000    422.711     3.9040   3.245912    34.7604    27.6055 0.0000e+00
       2001    422.728     3.9040   3.245913    34.7604    27.6055 0.0000e+00
       2002    422.753     3.9041   3.245921    34.7604    27.6055 0.0000e+00
       2003    422.782     3.9043   3.245925    34.7602    27.6053 0.0000e+00
       2004    422.813     3.9044   3.245911    34.7599    27.6051 0.0000e+00
       2005    422.841     3.9044   3.245907    34.7598    27.6051 0.0000e+00
       2006    422.858     3.9045   3.245933    34.7600    27.6052 0.0000e+00
       2007    422.856     3.9047   3.245962    34.7602    27.6053 0.0000e+00
       2008    422.835     3.9047   3.245974    34.7603    27.6054 0.0000e+00
       2009    422.813     3.9047   3.245967    34.7602    27.6053 0.0000e+00
       2010    422.810     3.9044   3.245937    34.7602    27.6054 0.0000e+00
       2011    422.827     3.9043   3.245919    34.7601    27.6053 0.0000e+00
       2012    422.860     3.9044   3.245928    34.7601    27.6052 0.0000e+00
       2013    422.903     3.9044   3.245947    34.7603    27.6054 0.0000e+00
       2014    422.947     3.9044   3.245949    34.7603    27.6054 0.0000e+00
       2015    422.982     3.9042   3.245937    34.7603    27.6055 0.0000e+00
       2016    423.005     3.9040   3.245923    34.7604    27.6055 0.0000e+00
       2017    423.022     3.9040   3.245911    34.7602    27.6054 0.0000e+00
       2018    423.040     3.9039   3.245904    34.7602    27.6054 0.0000e+00
       2019    423.060     3.9038   3.245899    34.7602    27.6055 0.0000e+00
       2020    423.070     3.9038   3.245893    34.7602    27.6054 0.0000e+00
       2021    423.064     3.9038   3.245886    34.7601    27.6053 0.0000e+00
       2022    423.057     3.9036   3.245880    34.7602    27.6055 0.0000e+00
       2023    423.062     3.9036   3.245879    34.7602    27.6055 0.0000e+00
       2024    423.082     3.9037   3.245886    34.7602    27.6054 0.0000e+00
       2025    423.108     3.9039   3.245901    34.7601    27.6054 0.0000e+00
       2026    423.132     3.9039   3.245903    34.7602    27.6054 0.0000e+00
       2027    423.157     3.9039   3.245891    34.7600    27.6052 0.0000e+00
       2028    423.184     3.9040   3.245898    34.7600    27.6052 0.0000e+00
       2029    423.204     3.9040   3.245919    34.7602    27.6054 0.0000e+00
       2030    423.208     3.9042   3.245926    34.7601    27.6053 0.0000e+00
       2031    423.201     3.9041   3.245919    34.7601    27.6053 0.0000e+00
       2032    423.194     3.9040   3.245918    34.7602    27.6054 0.0000e+00
       2033    423.194     3.9040   3.245926    34.7603    27.6055 0.0000e+00
       2034    423.203     3.9041   3.245935    34.7603    27.6054 0.0000e+00
       2035    423.219     3.9042   3.245934    34.7602    27.6053 0.0000e+00
       2036    423.228     3.9040   3.245915    34.7601    27.6053 0.0000e+00
       2037    423.219     3.9040   3.245896    34.7599    27.6052 0.0000e+00
       2038    423.196     3.9040   3.245889    34.7598    27.6051 0.0000e+00
       2039    423.172     3.9040   3.245889    34.7599    27.6051 0.0000e+00
       2040    423.154     3.9040   3.245890    34.7599    27.6051 0.0000e+00
       2041    423.142     3.9040   3.245895    34.7599    27.6052 0.0000e+00
       2042    423.132     3.9040   3.245906    34.7601    27.6053 0.0000e+00
       2043    423.123     3.9042   3.245917    34.7600    27.6052 0.0000e+00
       2044    423.120     3.9042   3.245913    34.7600    27.6052 0.0000e+00
       2045    423.115     3.9040   3.245897    34.7600    27.6052 0.0000e+00
       2046    423.091     3.9040   3.245891    34.7599    27.6052 0.0000e+00
       2047    423.032     3.9039   3.245889    34.7600    27.6053 0.0000e+00
       2048    422.950     3.9039   3.245876    34.7599    27.6052 0.0000e+00
       2049    422.881     3.9039   3.245869    34.7599    27.6051 0.0000e+00
       2050    422.846     3.9038   3.245867    34.7600    27.6052 0.0000e+00
       2051    422.836     3.9037   3.245864    34.7601    27.6053 0.0000e+00
