Datasets/Multi_Species/NEE535/ned535_2020_018.cnv
* Sea-Bird SBE19plus Data File:
* Filename = C:/AQUIRE/ned535_2020_018.hex
* Software Version AquireV2 AF V2.0
* Temperature SN =  4579
* Conductivity SN =  4579
* System UpLoad Time = Dec 08 2020 22:45:40
** VESSEL/TRIP/SEQ STN: ned535_2020_018
** LATITUDE: 51 24.32 N
** LONGITUDE: 51 19.00 W
** DATE/TIME: 2020-12-08 21:32
** SOUNDING DEPTH (M):  257
** PROBE TYPE: S4579
** CTD NUMBER:  17
** COMMENTS: 
# nquan = 7                                 
# nvalues = 3046                        
# units = specified
# name 0 = scan: Scan Count
# name 1 = prdM: Pressure, Strain Gauge [db]
# name 2 = tv290C: Temperature [ITS-90, deg C]
# name 3 = c0S/m: Conductivity [S/m]
# name 4 = sal00: Salinity, Practical [PSU]
# name 5 = sigma-t00: Density [sigma-t, kg/m^3 ]
# name 6 = flag: flag
# span 0 =          1,       3046       
# span 1 =     -0.298,    260.537       
# span 2 =     0.8088,     2.6838       
# span 3 =   0.006687,   3.102273       
# span 4 =     0.0540,    34.4135       
# span 5 =    -0.0439,    27.4452       
# span 6 = 0.0000e+00, 0.0000e+00       
# interval = seconds: 1
# start_time = Dec 08 2020 21:32:25 [Instrument's time stamp, header]
# bad_flag = -9.990e-29
*END*
[from data line 1847]
       1848    254.037     2.6155   3.093859    34.3860    27.4290 0.0000e+00
       1849    254.005     2.6154   3.093846    34.3860    27.4290 0.0000e+00
       1850    253.981     2.6152   3.093824    34.3859    27.4290 0.0000e+00
       1851    253.973     2.6151   3.093802    34.3858    27.4289 0.0000e+00
       1852    253.974     2.6151   3.093791    34.3856    27.4288 0.0000e+00
       1853    253.978     2.6150   3.093792    34.3858    27.4289 0.0000e+00
       1854    253.983     2.6150   3.093795    34.3858    27.4289 0.0000e+00
       1855    253.984     2.6150   3.093801    34.3859    27.4290 0.0000e+00
       1856    253.973     2.6151   3.093810    34.3859    27.4290 0.0000e+00
       1857    253.944     2.6151   3.093815    34.3860    27.4290 0.0000e+00
       1858    253.903     2.6151   3.093809    34.3859    27.4290 0.0000e+00
       1859    253.862     2.6151   3.093801    34.3858    27.4289 0.0000e+00
       1860    253.836     2.6151   3.093800    34.3858    27.4289 0.0000e+00
       1861    253.824     2.6151   3.093809    34.3860    27.4290 0.0000e+00
       1862    253.816     2.6151   3.093820    34.3861    27.4291 0.0000e+00
       1863    253.800     2.6151   3.093822    34.3861    27.4292 0.0000e+00
       1864    253.780     2.6153   3.093816    34.3858    27.4289 0.0000e+00
       1865    253.767     2.6153   3.093814    34.3858    27.4289 0.0000e+00
       1866    253.756     2.6153   3.093820    34.3859    27.4290 0.0000e+00
       1867    253.733     2.6153   3.093824    34.3860    27.4290 0.0000e+00
       1868    253.688     2.6153   3.093821    34.3860    27.4290 0.0000e+00
       1869    253.631     2.6153   3.093817    34.3859    27.4290 0.0000e+00
       1870    253.577     2.6153   3.093817    34.3860    27.4290 0.0000e+00
       1871    253.540     2.6152   3.093821    34.3862    27.4292 0.0000e+00
       1872    253.526     2.6151   3.093821    34.3863    27.4293 0.0000e+00
       1873    253.523     2.6151   3.093809    34.3861    27.4292 0.0000e+00
       1874    253.514     2.6151   3.093797    34.3860    27.4290 0.0000e+00
       1875    253.488     2.6151   3.093786    34.3859    27.4290 0.0000e+00
       1876    253.444     2.6151   3.093776    34.3858    27.4289 0.0000e+00
       1877    253.399     2.6150   3.093773    34.3859    27.4290 0.0000e+00
       1878    253.364     2.6148   3.093773    34.3861    27.4292 0.0000e+00
       1879    253.327     2.6148   3.093766    34.3860    27.4291 0.0000e+00
       1880    253.279     2.6148   3.093763    34.3860    27.4291 0.0000e+00
       1881    253.229     2.6148   3.093762    34.3860    27.4291 0.0000e+00
       1882    253.197     2.6150   3.093763    34.3858    27.4289 0.0000e+00
       1883    253.189     2.6150   3.093764    34.3859    27.4290 0.0000e+00
       1884    253.185     2.6150   3.093768    34.3859    27.4290 0.0000e+00
       1885    253.166     2.6150   3.093775    34.3860    27.4291 0.0000e+00
       1886    253.128     2.6150   3.093774    34.3860    27.4291 0.0000e+00
       1887    253.078     2.6148   3.093759    34.3861    27.4291 0.0000e+00
       1888    253.024     2.6148   3.093744    34.3859    27.4290 0.0000e+00
       1889    252.973     2.6148   3.093746    34.3860    27.4291 0.0000e+00
       1890    252.932     2.6148   3.093751    34.3861    27.4291 0.0000e+00
       1891    252.906     2.6148   3.093745    34.3860    27.4291 0.0000e+00
       1892    252.897     2.6148   3.093741    34.3860    27.4291 0.0000e+00
       1893    252.896     2.6148   3.093744    34.3860    27.4291 0.0000e+00
       1894    252.888     2.6149   3.093749    34.3859    27.4290 0.0000e+00
       1895    252.868     2.6150   3.093754    34.3859    27.4290 0.0000e+00
       1896    252.839     2.6150   3.093757    34.3860    27.4290 0.0000e+00
       1897    252.809     2.6151   3.093759    34.3859    27.4290 0.0000e+00
       1898    252.781     2.6151   3.093761    34.3859    27.4290 0.0000e+00
       1899    252.754     2.6151   3.093762    34.3860    27.4290 0.0000e+00
       1900    252.735     2.6151   3.093765    34.3860    27.4291 0.0000e+00
       1901    252.732     2.6151   3.093775    34.3861    27.4292 0.0000e+00
       1902    252.739     2.6151   3.093786    34.3863    27.4293 0.0000e+00
       1903    252.747     2.6153   3.093790    34.3861    27.4291 0.0000e+00
       1904    252.754     2.6153   3.093791    34.3861    27.4291 0.0000e+00
       1905    252.763     2.6153   3.093794    34.3861    27.4292 0.0000e+00
       1906    252.767     2.6154   3.093798    34.3861    27.4291 0.0000e+00
       1907    252.756     2.6154   3.093802    34.3861    27.4291 0.0000e+00
       1908    252.730     2.6154   3.093801    34.3861    27.4292 0.0000e+00
       1909    252.700     2.6154   3.093790    34.3860    27.4291 0.0000e+00
       1910    252.680     2.6152   3.093770    34.3860    27.4291 0.0000e+00
       1911    252.680     2.6151   3.093757    34.3859    27.4290 0.0000e+00
       1912    252.697     2.6150   3.093755    34.3860    27.4291 0.0000e+00
       1913    252.717     2.6150   3.093756    34.3860    27.4291 0.0000e+00
       1914    252.729     2.6150   3.093752    34.3860    27.4290 0.0000e+00
       1915    252.729     2.6148   3.093740    34.3860    27.4291 0.0000e+00
       1916    252.718     2.6147   3.093730    34.3860    27.4291 0.0000e+00
       1917    252.706     2.6147   3.093728    34.3860    27.4291 0.0000e+00
       1918    252.709     2.6147   3.093728    34.3860    27.4291 0.0000e+00
       1919    252.731     2.6148   3.093735    34.3860    27.4291 0.0000e+00
       1920    252.764     2.6150   3.093757    34.3860    27.4291 0.0000e+00
       1921    252.783     2.6151   3.093776    34.3861    27.4292 0.0000e+00
       1922    252.769     2.6151   3.093769    34.3860    27.4291 0.0000e+00
       1923    252.735     2.6150   3.093743    34.3859    27.4290 0.0000e+00
       1924    252.709     2.6148   3.093727    34.3859    27.4290 0.0000e+00
       1925    252.704     2.6147   3.093725    34.3860    27.4291 0.0000e+00
       1926    252.715     2.6147   3.093731    34.3860    27.4291 0.0000e+00
       1927    252.733     2.6148   3.093738    34.3860    27.4291 0.0000e+00
       1928    252.742     2.6150   3.093747    34.3859    27.4290 0.0000e+00
       1929    252.732     2.6150   3.093754    34.3860    27.4291 0.0000e+00
       1930    252.708     2.6150   3.093747    34.3859    27.4290 0.0000e+00
       1931    252.683     2.6148   3.093732    34.3860    27.4291 0.0000e+00
       1932    252.665     2.6148   3.093727    34.3859    27.4290 0.0000e+00
       1933    252.653     2.6148   3.093735    34.3860    27.4291 0.0000e+00
       1934    252.640     2.6148   3.093745    34.3861    27.4292 0.0000e+00
       1935    252.631     2.6148   3.093747    34.3862    27.4292 0.0000e+00
       1936    252.635     2.6149   3.093748    34.3861    27.4291 0.0000e+00
       1937    252.650     2.6151   3.093761    34.3860    27.4291 0.0000e+00
       1938    252.657     2.6151   3.093769    34.3861    27.4292 0.0000e+00
       1939    252.629     2.6151   3.093765    34.3861    27.4291 0.0000e+00
       1940    252.557     2.6151   3.093750    34.3859    27.4290 0.0000e+00
       1941    252.472     2.6151   3.093732    34.3858    27.4289 0.0000e+00
       1942    252.428     2.6150   3.093729    34.3859    27.4290 0.0000e+00
       1943    252.440     2.6150   3.093736    34.3859    27.4290 0.0000e+00
       1944    252.475     2.6150   3.093739    34.3859    27.4290 0.0000e+00
       1945    252.495     2.6149   3.093729    34.3859    27.4290 0.0000e+00
       1946    252.500     2.6147   3.093702    34.3858    27.4289 0.0000e+00
       1947    252.508     2.6145   3.093689    34.3858    27.4290 0.0000e+00
       1948    252.521     2.6145   3.093704    34.3860    27.4291 0.0000e+00
       1949    252.527     2.6145   3.093702    34.3860    27.4291 0.0000e+00
       1950    252.521     2.6144   3.093675    34.3858    27.4289 0.0000e+00
       1951    252.509     2.6144   3.093661    34.3856    27.4288 0.0000e+00
       1952    252.505     2.6144   3.093668    34.3857    27.4289 0.0000e+00
       1953    252.518     2.6144   3.093681    34.3859    27.4290 0.0000e+00
       1954    252.540     2.6145   3.093694    34.3859    27.4290 0.0000e+00
       1955    252.545     2.6147   3.093706    34.3858    27.4290 0.0000e+00
       1956    252.512     2.6147   3.093711    34.3859    27.4290 0.0000e+00
       1957    252.440     2.6147   3.093707    34.3859    27.4290 0.0000e+00
       1958    252.365     2.6147   3.093704    34.3859    27.4290 0.0000e+00
       1959    252.337     2.6147   3.093717    34.3861    27.4292 0.0000e+00
       1960    252.358     2.6149   3.093739    34.3861    27.4292 0.0000e+00
       1961    252.393     2.6150   3.093742    34.3860    27.4291 0.0000e+00
       1962    252.418     2.6149   3.093730    34.3860    27.4291 0.0000e+00
       1963    252.434     2.6147   3.093715    34.3860    27.4291 0.0000e+00
       1964    252.445     2.6146   3.093698    34.3859    27.4290 0.0000e+00
       1965    252.452     2.6144   3.093674    34.3858    27.4290 0.0000e+00
       1966    252.447     2.6143   3.093651    34.3856    27.4288 0.0000e+00
       1967    252.430     2.6141   3.093637    34.3857    27.4289 0.0000e+00
       1968    252.414     2.6140   3.093631    34.3857    27.4289 0.0000e+00
       1969    252.407     2.6140   3.093624    34.3856    27.4289 0.0000e+00
       1970    252.407     2.6140   3.093629    34.3857    27.4289 0.0000e+00
       1971    252.410     2.6142   3.093646    34.3857    27.4289 0.0000e+00
       1972    252.414     2.6144   3.093665    34.3857    27.4289 0.0000e+00
       1973    252.420     2.6144   3.093681    34.3859    27.4291 0.0000e+00
       1974    252.430     2.6144   3.093688    34.3860    27.4291 0.0000e+00
       1975    252.443     2.6145   3.093690    34.3859    27.4290 0.0000e+00
       1976    252.463     2.6145   3.093688    34.3859    27.4290 0.0000e+00
       1977    252.496     2.6145   3.093686    34.3858    27.4290 0.0000e+00
       1978    252.537     2.6145   3.093689    34.3858    27.4290 0.0000e+00
       1979    252.579     2.6147   3.093707    34.3858    27.4290 0.0000e+00
       1980    252.622     2.6149   3.093731    34.3859    27.4290 0.0000e+00
       1981    252.661     2.6151   3.093749    34.3859    27.4290 0.0000e+00
       1982    252.692     2.6151   3.093751    34.3859    27.4290 0.0000e+00
       1983    252.716     2.6151   3.093749    34.3858    27.4289 0.0000e+00
       1984    252.739     2.6150   3.093745    34.3859    27.4290 0.0000e+00
       1985    252.760     2.6150   3.093736    34.3858    27.4289 0.0000e+00
       1986    252.773     2.6149   3.093724    34.3857    27.4288 0.0000e+00
       1987    252.776     2.6147   3.093712    34.3858    27.4289 0.0000e+00
       1988    252.773     2.6147   3.093701    34.3856    27.4288 0.0000e+00
       1989    252.774     2.6147   3.093700    34.3856    27.4288 0.0000e+00
       1990    252.786     2.6147   3.093703    34.3857    27.4288 0.0000e+00
       1991    252.800     2.6147   3.093700    34.3856    27.4288 0.0000e+00
       1992    252.807     2.6147   3.093695    34.3855    27.4287 0.0000e+00
       1993    252.809     2.6147   3.093688    34.3855    27.4287 0.0000e+00
       1994    252.811     2.6146   3.093684    34.3855    27.4287 0.0000e+00
       1995    252.811     2.6145   3.093684    34.3856    27.4288 0.0000e+00
       1996    252.809     2.6145   3.093681    34.3856    27.4288 0.0000e+00
       1997    252.813     2.6145   3.093677    34.3855    27.4287 0.0000e+00
       1998    252.824     2.6145   3.093678    34.3855    27.4287 0.0000e+00
       1999    252.833     2.6144   3.093675    34.3856    27.4288 0.0000e+00
       2000    252.833     2.6144   3.093670    34.3855    27.4288 0.0000e+00
       2001    252.825     2.6144   3.093670    34.3855    27.4288 0.0000e+00
       2002    252.811     2.6144   3.093674    34.3856    27.4288 0.0000e+00
       2003    252.792     2.6144   3.093679    34.3857    27.4289 0.0000e+00
       2004    252.759     2.6144   3.093675    34.3856    27.4288 0.0000e+00
       2005    252.715     2.6143   3.093664    34.3856    27.4288 0.0000e+00
       2006    252.681     2.6143   3.093655    34.3855    27.4288 0.0000e+00
       2007    252.671     2.6144   3.093659    34.3855    27.4287 0.0000e+00
       2008    252.679     2.6144   3.093670    34.3856    27.4288 0.0000e+00
       2009    252.687     2.6145   3.093681    34.3857    27.4288 0.0000e+00
       2010    252.682     2.6147   3.093687    34.3855    27.4287 0.0000e+00
       2011    252.660     2.6147   3.093676    34.3854    27.4286 0.0000e+00
       2012    252.628     2.6145   3.093659    34.3854    27.4286 0.0000e+00
       2013    252.597     2.6144   3.093651    34.3854    27.4287 0.0000e+00
       2014    252.576     2.6144   3.093648    34.3854    27.4287 0.0000e+00
       2015    252.565     2.6143   3.093646    34.3855    27.4287 0.0000e+00
       2016    252.560     2.6142   3.093646    34.3856    27.4288 0.0000e+00
       2017    252.563     2.6142   3.093644    34.3856    27.4288 0.0000e+00
       2018    252.578     2.6143   3.093641    34.3854    27.4287 0.0000e+00
       2019    252.603     2.6144   3.093647    34.3854    27.4286 0.0000e+00
       2020    252.624     2.6144   3.093657    34.3855    27.4287 0.0000e+00
       2021    252.624     2.6144   3.093650    34.3854    27.4287 0.0000e+00
       2022    252.595     2.6142   3.093630    34.3854    27.4287 0.0000e+00
       2023    252.557     2.6140   3.093613    34.3854    27.4287 0.0000e+00
       2024    252.544     2.6140   3.093607    34.3854    27.4286 0.0000e+00
       2025    252.565     2.6140   3.093617    34.3855    27.4287 0.0000e+00
       2026    252.595     2.6140   3.093631    34.3856    27.4289 0.0000e+00
       2027    252.625     2.6140   3.093636    34.3857    27.4289 0.0000e+00
       2028    252.663     2.6141   3.093637    34.3856    27.4288 0.0000e+00
       2029    252.707     2.6141   3.093639    34.3856    27.4288 0.0000e+00
       2030    252.743     2.6141   3.093639    34.3855    27.4288 0.0000e+00
       2031    252.763     2.6141   3.093637    34.3855    27.4287 0.0000e+00
       2032    252.777     2.6141   3.093641    34.3855    27.4288 0.0000e+00
       2033    252.795     2.6141   3.093649    34.3856    27.4289 0.0000e+00
       2034    252.810     2.6140   3.093651    34.3858    27.4290 0.0000e+00
       2035    252.814     2.6140   3.093630    34.3855    27.4288 0.0000e+00
       2036    252.808     2.6140   3.093503    34.3839    27.4275 0.0000e+00
       2037    252.811     2.6140   3.093417    34.3829    27.4267 0.0000e+00
       2038    252.836     2.6142   3.093555    34.3843    27.4278 0.0000e+00
       2039    252.873     2.6143   3.093670    34.3856    27.4288 0.0000e+00
       2040    252.900     2.6143   3.093656    34.3854    27.4287 0.0000e+00
       2041    252.904     2.6142   3.093643    34.3854    27.4287 0.0000e+00
       2042    252.889     2.6141   3.093640    34.3855    27.4287 0.0000e+00
       2043    252.876     2.6140   3.093630    34.3855    27.4287 0.0000e+00
       2044    252.877     2.6140   3.093628    34.3854    27.4287 0.0000e+00
       2045    252.882     2.6140   3.093635    34.3855    27.4288 0.0000e+00
       2046    252.876     2.6140   3.093634    34.3855    27.4288 0.0000e+00
       2047    252.855     2.6140   3.093624    34.3854    27.4287 0.0000e+00
       2048    252.831     2.6139   3.093614    34.3854    27.4287 0.0000e+00
       2049    252.821     2.6139   3.093612    34.3854    27.4287 0.0000e+00
       2050    252.825     2.6140   3.093621    34.3854    27.4287 0.0000e+00
       2051    252.827     2.6140   3.093627    34.3854    27.4287 0.0000e+00
