Datasets/Multi_Species/NEE535/ned535_2020_002.cnv
* Sea-Bird SBE19plus Data File:
* Filename = C:/AQUIRE/ned535_2020_002.hex
* Software Version AquireV2 AF V2.0
* Temperature SN =  4579
* Conductivity SN =  4579
* System UpLoad Time = Dec 04 2020 19:35:13
** VESSEL/TRIP/SEQ STN: ned535_2020_002
** LATITUDE: 50 32.42 N
** LONGITUDE: 50 44.53 W
** DATE/TIME: 2020-12-04 18:31
** SOUNDING DEPTH (M):  490
** PROBE TYPE: S4579
** CTD NUMBER: 002
** COMMENTS: 
# nquan = 7                                 
# nvalues = 3681                        
# units = specified
# name 0 = scan: Scan Count
# name 1 = prdM: Pressure, Strain Gauge [db]
# name 2 = tv290C: Temperature [ITS-90, deg C]
# name 3 = c0S/m: Conductivity [S/m]
# name 4 = sal00: Salinity, Practical [PSU]
# name 5 = sigma-t00: Density [sigma-t, kg/m^3 ]
# name 6 = flag: flag
# span 0 =          1,       3681       
# span 1 =     -0.189,    493.149       
# span 2 =     1.5847,     3.9486       
# span 3 =   0.009437,   3.247655       
# span 4 =     0.0764,    34.7617       
# span 5 =     0.0005,    27.6066       
# span 6 = 0.0000e+00, 0.0000e+00       
# interval = seconds: 1
# start_time = Dec 04 2020 18:31:46 [Instrument's time stamp, header]
# bad_flag = -9.990e-29
*END*
[from data line 1642]
       1643    479.366     3.8663   3.244743    34.7563    27.6061 0.0000e+00
       1644    479.420     3.8663   3.244751    34.7563    27.6062 0.0000e+00
       1645    479.457     3.8664   3.244766    34.7564    27.6062 0.0000e+00
       1646    479.469     3.8666   3.244783    34.7564    27.6062 0.0000e+00
       1647    479.475     3.8667   3.244788    34.7563    27.6061 0.0000e+00
       1648    479.501     3.8668   3.244789    34.7562    27.6061 0.0000e+00
       1649    479.553     3.8668   3.244803    34.7564    27.6062 0.0000e+00
       1650    479.613     3.8670   3.244843    34.7566    27.6063 0.0000e+00
       1651    479.655     3.8674   3.244874    34.7565    27.6062 0.0000e+00
       1652    479.679     3.8676   3.244870    34.7562    27.6060 0.0000e+00
       1653    479.710     3.8676   3.244857    34.7561    27.6058 0.0000e+00
       1654    479.764     3.8676   3.244864    34.7561    27.6059 0.0000e+00
       1655    479.831     3.8676   3.244889    34.7564    27.6061 0.0000e+00
       1656    479.886     3.8677   3.244916    34.7566    27.6062 0.0000e+00
       1657    479.918     3.8678   3.244932    34.7566    27.6063 0.0000e+00
       1658    479.941     3.8678   3.244941    34.7567    27.6064 0.0000e+00
       1659    479.967     3.8678   3.244939    34.7567    27.6063 0.0000e+00
       1660    480.003     3.8678   3.244940    34.7567    27.6063 0.0000e+00
       1661    480.055     3.8678   3.244956    34.7568    27.6065 0.0000e+00
       1662    480.120     3.8680   3.244984    34.7569    27.6065 0.0000e+00
       1663    480.190     3.8682   3.245001    34.7569    27.6064 0.0000e+00
       1664    480.262     3.8684   3.245014    34.7568    27.6063 0.0000e+00
       1665    480.324     3.8686   3.245040    34.7569    27.6064 0.0000e+00
       1666    480.359     3.8689   3.245072    34.7569    27.6064 0.0000e+00
       1667    480.371     3.8691   3.245072    34.7567    27.6062 0.0000e+00
       1668    480.389     3.8691   3.245044    34.7563    27.6059 0.0000e+00
       1669    480.433     3.8691   3.245036    34.7562    27.6058 0.0000e+00
       1670    480.491     3.8692   3.245067    34.7565    27.6060 0.0000e+00
       1671    480.549     3.8693   3.245107    34.7568    27.6063 0.0000e+00
       1672    480.600     3.8695   3.245124    34.7568    27.6062 0.0000e+00
       1673    480.655     3.8695   3.245123    34.7567    27.6062 0.0000e+00
       1674    480.724     3.8695   3.245122    34.7567    27.6061 0.0000e+00
       1675    480.792     3.8693   3.245117    34.7568    27.6062 0.0000e+00
       1676    480.844     3.8693   3.245102    34.7566    27.6061 0.0000e+00
       1677    480.884     3.8693   3.245090    34.7564    27.6060 0.0000e+00
       1678    480.924     3.8692   3.245088    34.7565    27.6060 0.0000e+00
       1679    480.972     3.8692   3.245088    34.7564    27.6060 0.0000e+00
       1680    481.021     3.8690   3.245079    34.7565    27.6061 0.0000e+00
       1681    481.057     3.8687   3.245055    34.7565    27.6061 0.0000e+00
       1682    481.081     3.8685   3.245036    34.7565    27.6061 0.0000e+00
       1683    481.108     3.8685   3.245037    34.7565    27.6061 0.0000e+00
       1684    481.143     3.8685   3.245038    34.7565    27.6061 0.0000e+00
       1685    481.170     3.8684   3.245022    34.7564    27.6060 0.0000e+00
       1686    481.174     3.8682   3.244999    34.7563    27.6060 0.0000e+00
       1687    481.163     3.8682   3.244995    34.7563    27.6060 0.0000e+00
       1688    481.169     3.8681   3.245007    34.7565    27.6062 0.0000e+00
       1689    481.214     3.8681   3.245021    34.7567    27.6063 0.0000e+00
       1690    481.288     3.8681   3.245021    34.7566    27.6063 0.0000e+00
       1691    481.354     3.8681   3.245012    34.7565    27.6061 0.0000e+00
       1692    481.377     3.8681   3.245015    34.7565    27.6062 0.0000e+00
       1693    481.369     3.8682   3.245021    34.7565    27.6061 0.0000e+00
       1694    481.366     3.8682   3.245018    34.7565    27.6061 0.0000e+00
       1695    481.387     3.8683   3.245029    34.7565    27.6061 0.0000e+00
       1696    481.419     3.8685   3.245048    34.7565    27.6061 0.0000e+00
       1697    481.438     3.8685   3.245061    34.7566    27.6062 0.0000e+00
       1698    481.439     3.8685   3.245068    34.7567    27.6063 0.0000e+00
       1699    481.437     3.8686   3.245078    34.7567    27.6063 0.0000e+00
       1700    481.438     3.8686   3.245087    34.7568    27.6064 0.0000e+00
       1701    481.434     3.8686   3.245093    34.7569    27.6064 0.0000e+00
       1702    481.422     3.8688   3.245095    34.7567    27.6062 0.0000e+00
       1703    481.413     3.8689   3.245091    34.7566    27.6061 0.0000e+00
       1704    481.416     3.8689   3.245085    34.7565    27.6061 0.0000e+00
       1705    481.428     3.8689   3.245091    34.7566    27.6061 0.0000e+00
       1706    481.441     3.8689   3.245107    34.7567    27.6063 0.0000e+00
       1707    481.451     3.8689   3.245119    34.7569    27.6064 0.0000e+00
       1708    481.455     3.8689   3.245125    34.7569    27.6064 0.0000e+00
       1709    481.447     3.8689   3.245126    34.7570    27.6064 0.0000e+00
       1710    481.437     3.8690   3.245121    34.7568    27.6063 0.0000e+00
       1711    481.445     3.8690   3.245117    34.7568    27.6063 0.0000e+00
       1712    481.469     3.8691   3.245124    34.7567    27.6062 0.0000e+00
       1713    481.485     3.8692   3.245133    34.7567    27.6062 0.0000e+00
       1714    481.475     3.8693   3.245139    34.7567    27.6062 0.0000e+00
       1715    481.448     3.8693   3.245144    34.7568    27.6062 0.0000e+00
       1716    481.421     3.8693   3.245147    34.7568    27.6063 0.0000e+00
       1717    481.399     3.8693   3.245152    34.7569    27.6063 0.0000e+00
       1718    481.382     3.8693   3.245154    34.7569    27.6063 0.0000e+00
       1719    481.372     3.8694   3.245154    34.7568    27.6063 0.0000e+00
       1720    481.364     3.8694   3.245158    34.7569    27.6063 0.0000e+00
       1721    481.349     3.8695   3.245163    34.7568    27.6063 0.0000e+00
       1722    481.334     3.8695   3.245161    34.7568    27.6062 0.0000e+00
       1723    481.327     3.8695   3.245158    34.7568    27.6062 0.0000e+00
       1724    481.328     3.8695   3.245163    34.7568    27.6063 0.0000e+00
       1725    481.333     3.8695   3.245167    34.7569    27.6063 0.0000e+00
       1726    481.337     3.8695   3.245168    34.7569    27.6063 0.0000e+00
       1727    481.344     3.8695   3.245174    34.7570    27.6064 0.0000e+00
       1728    481.351     3.8695   3.245179    34.7570    27.6064 0.0000e+00
       1729    481.350     3.8695   3.245178    34.7570    27.6064 0.0000e+00
       1730    481.336     3.8695   3.245183    34.7571    27.6065 0.0000e+00
       1731    481.314     3.8696   3.245184    34.7570    27.6064 0.0000e+00
       1732    481.302     3.8696   3.245175    34.7569    27.6063 0.0000e+00
       1733    481.308     3.8696   3.245173    34.7569    27.6063 0.0000e+00
       1734    481.321     3.8696   3.245183    34.7570    27.6064 0.0000e+00
       1735    481.323     3.8696   3.245199    34.7572    27.6065 0.0000e+00
       1736    481.316     3.8697   3.245203    34.7571    27.6065 0.0000e+00
       1737    481.311     3.8697   3.245196    34.7570    27.6064 0.0000e+00
       1738    481.317     3.8697   3.245199    34.7571    27.6064 0.0000e+00
       1739    481.323     3.8697   3.245207    34.7571    27.6065 0.0000e+00
       1740    481.317     3.8697   3.245210    34.7572    27.6065 0.0000e+00
       1741    481.302     3.8697   3.245209    34.7572    27.6065 0.0000e+00
       1742    481.295     3.8697   3.245209    34.7572    27.6065 0.0000e+00
       1743    481.304     3.8697   3.245214    34.7572    27.6066 0.0000e+00
       1744    481.324     3.8697   3.245215    34.7572    27.6066 0.0000e+00
       1745    481.339     3.8697   3.245213    34.7572    27.6065 0.0000e+00
       1746    481.330     3.8697   3.245211    34.7572    27.6065 0.0000e+00
       1747    481.289     3.8697   3.245206    34.7572    27.6065 0.0000e+00
       1748    481.235     3.8697   3.245200    34.7571    27.6065 0.0000e+00
       1749    481.202     3.8697   3.245197    34.7571    27.6065 0.0000e+00
       1750    481.208     3.8697   3.245201    34.7571    27.6065 0.0000e+00
       1751    481.238     3.8697   3.245206    34.7572    27.6065 0.0000e+00
       1752    481.262     3.8697   3.245212    34.7572    27.6066 0.0000e+00
       1753    481.266     3.8697   3.245215    34.7573    27.6066 0.0000e+00
       1754    481.260     3.8697   3.245209    34.7572    27.6065 0.0000e+00
       1755    481.257     3.8697   3.245206    34.7572    27.6065 0.0000e+00
       1756    481.264     3.8697   3.245204    34.7571    27.6065 0.0000e+00
       1757    481.278     3.8697   3.245196    34.7570    27.6064 0.0000e+00
       1758    481.292     3.8697   3.245190    34.7570    27.6063 0.0000e+00
       1759    481.306     3.8696   3.245187    34.7570    27.6064 0.0000e+00
       1760    481.321     3.8695   3.245184    34.7571    27.6065 0.0000e+00
       1761    481.338     3.8696   3.245190    34.7570    27.6064 0.0000e+00
       1762    481.350     3.8697   3.245198    34.7570    27.6064 0.0000e+00
       1763    481.348     3.8697   3.245207    34.7571    27.6065 0.0000e+00
       1764    481.327     3.8697   3.245212    34.7572    27.6065 0.0000e+00
       1765    481.295     3.8697   3.245208    34.7572    27.6065 0.0000e+00
       1766    481.268     3.8697   3.245202    34.7571    27.6065 0.0000e+00
       1767    481.254     3.8697   3.245199    34.7571    27.6064 0.0000e+00
       1768    481.243     3.8697   3.245194    34.7570    27.6064 0.0000e+00
       1769    481.230     3.8697   3.245190    34.7570    27.6064 0.0000e+00
       1770    481.213     3.8697   3.245185    34.7569    27.6063 0.0000e+00
       1771    481.197     3.8696   3.245175    34.7569    27.6063 0.0000e+00
       1772    481.185     3.8696   3.245168    34.7569    27.6063 0.0000e+00
       1773    481.173     3.8695   3.245167    34.7570    27.6064 0.0000e+00
       1774    481.154     3.8695   3.245166    34.7570    27.6064 0.0000e+00
       1775    481.117     3.8693   3.245158    34.7571    27.6065 0.0000e+00
       1776    481.060     3.8693   3.245152    34.7571    27.6065 0.0000e+00
       1777    481.003     3.8693   3.245147    34.7570    27.6064 0.0000e+00
       1778    480.966     3.8693   3.245144    34.7570    27.6064 0.0000e+00
       1779    480.939     3.8693   3.245138    34.7570    27.6064 0.0000e+00
       1780    480.897     3.8693   3.245132    34.7569    27.6063 0.0000e+00
       1781    480.830     3.8693   3.245127    34.7569    27.6063 0.0000e+00
       1782    480.760     3.8693   3.245125    34.7569    27.6063 0.0000e+00
       1783    480.717     3.8693   3.245125    34.7569    27.6064 0.0000e+00
       1784    480.707     3.8693   3.245123    34.7569    27.6063 0.0000e+00
       1785    480.704     3.8693   3.245121    34.7569    27.6063 0.0000e+00
       1786    480.687     3.8693   3.245124    34.7569    27.6064 0.0000e+00
       1787    480.658     3.8692   3.245126    34.7571    27.6065 0.0000e+00
       1788    480.624     3.8692   3.245121    34.7570    27.6064 0.0000e+00
       1789    480.579     3.8692   3.245111    34.7569    27.6064 0.0000e+00
       1790    480.517     3.8692   3.245099    34.7568    27.6063 0.0000e+00
       1791    480.452     3.8691   3.245085    34.7568    27.6063 0.0000e+00
       1792    480.410     3.8691   3.245080    34.7568    27.6062 0.0000e+00
       1793    480.393     3.8691   3.245088    34.7569    27.6063 0.0000e+00
       1794    480.379     3.8691   3.245094    34.7569    27.6064 0.0000e+00
       1795    480.340     3.8689   3.245085    34.7571    27.6065 0.0000e+00
       1796    480.266     3.8689   3.245070    34.7569    27.6064 0.0000e+00
       1797    480.183     3.8689   3.245061    34.7569    27.6064 0.0000e+00
       1798    480.124     3.8689   3.245064    34.7569    27.6064 0.0000e+00
       1799    480.089     3.8689   3.245071    34.7570    27.6065 0.0000e+00
       1800    480.065     3.8689   3.245069    34.7570    27.6065 0.0000e+00
       1801    480.050     3.8689   3.245071    34.7571    27.6065 0.0000e+00
       1802    480.047     3.8689   3.245074    34.7571    27.6065 0.0000e+00
       1803    480.046     3.8689   3.245064    34.7570    27.6064 0.0000e+00
       1804    480.035     3.8689   3.245052    34.7568    27.6063 0.0000e+00
       1805    480.009     3.8689   3.245038    34.7567    27.6062 0.0000e+00
       1806    479.968     3.8687   3.245021    34.7567    27.6063 0.0000e+00
       1807    479.921     3.8687   3.245011    34.7566    27.6062 0.0000e+00
       1808    479.885     3.8686   3.245012    34.7568    27.6063 0.0000e+00
       1809    479.869     3.8685   3.245011    34.7569    27.6064 0.0000e+00
       1810    479.868     3.8685   3.245004    34.7568    27.6063 0.0000e+00
       1811    479.871     3.8685   3.244994    34.7567    27.6062 0.0000e+00
       1812    479.868     3.8684   3.244979    34.7566    27.6062 0.0000e+00
       1813    479.862     3.8684   3.244975    34.7565    27.6061 0.0000e+00
       1814    479.861     3.8684   3.244978    34.7566    27.6062 0.0000e+00
       1815    479.872     3.8684   3.244978    34.7566    27.6062 0.0000e+00
       1816    479.900     3.8684   3.244978    34.7566    27.6062 0.0000e+00
       1817    479.940     3.8684   3.244974    34.7565    27.6061 0.0000e+00
       1818    479.977     3.8682   3.244964    34.7566    27.6062 0.0000e+00
       1819    480.001     3.8682   3.244949    34.7564    27.6060 0.0000e+00
       1820    480.019     3.8681   3.244935    34.7563    27.6060 0.0000e+00
       1821    480.044     3.8680   3.244934    34.7564    27.6061 0.0000e+00
       1822    480.090     3.8679   3.244947    34.7566    27.6063 0.0000e+00
       1823    480.162     3.8679   3.244957    34.7567    27.6063 0.0000e+00
       1824    480.247     3.8678   3.244952    34.7567    27.6063 0.0000e+00
       1825    480.329     3.8678   3.244939    34.7565    27.6062 0.0000e+00
       1826    480.400     3.8678   3.244933    34.7564    27.6061 0.0000e+00
       1827    480.463     3.8678   3.244940    34.7564    27.6061 0.0000e+00
       1828    480.519     3.8678   3.244941    34.7564    27.6061 0.0000e+00
       1829    480.561     3.8677   3.244936    34.7564    27.6061 0.0000e+00
       1830    480.595     3.8677   3.244940    34.7565    27.6062 0.0000e+00
       1831    480.649     3.8678   3.244949    34.7564    27.6061 0.0000e+00
       1832    480.740     3.8678   3.244959    34.7565    27.6062 0.0000e+00
       1833    480.861     3.8678   3.244968    34.7566    27.6062 0.0000e+00
       1834    480.988     3.8678   3.244976    34.7566    27.6062 0.0000e+00
       1835    481.093     3.8678   3.244979    34.7566    27.6062 0.0000e+00
       1836    481.171     3.8678   3.244981    34.7566    27.6062 0.0000e+00
       1837    481.244     3.8678   3.244986    34.7566    27.6062 0.0000e+00
       1838    481.333     3.8678   3.244989    34.7566    27.6062 0.0000e+00
       1839    481.436     3.8679   3.244994    34.7565    27.6061 0.0000e+00
       1840    481.536     3.8679   3.245003    34.7565    27.6062 0.0000e+00
       1841    481.622     3.8679   3.245006    34.7565    27.6062 0.0000e+00
       1842    481.689     3.8679   3.245010    34.7565    27.6062 0.0000e+00
       1843    481.745     3.8680   3.245017    34.7565    27.6061 0.0000e+00
       1844    481.802     3.8680   3.245018    34.7564    27.6061 0.0000e+00
       1845    481.864     3.8680   3.245018    34.7564    27.6061 0.0000e+00
       1846    481.925     3.8680   3.245022    34.7564    27.6061 0.0000e+00
