Datasets/Multi_Species/NEE535/ned535_2020_002.cnv
* Sea-Bird SBE19plus Data File:
* Filename = C:/AQUIRE/ned535_2020_002.hex
* Software Version AquireV2 AF V2.0
* Temperature SN =  4579
* Conductivity SN =  4579
* System UpLoad Time = Dec 04 2020 19:35:13
** VESSEL/TRIP/SEQ STN: ned535_2020_002
** LATITUDE: 50 32.42 N
** LONGITUDE: 50 44.53 W
** DATE/TIME: 2020-12-04 18:31
** SOUNDING DEPTH (M):  490
** PROBE TYPE: S4579
** CTD NUMBER: 002
** COMMENTS: 
# nquan = 7                                 
# nvalues = 3681                        
# units = specified
# name 0 = scan: Scan Count
# name 1 = prdM: Pressure, Strain Gauge [db]
# name 2 = tv290C: Temperature [ITS-90, deg C]
# name 3 = c0S/m: Conductivity [S/m]
# name 4 = sal00: Salinity, Practical [PSU]
# name 5 = sigma-t00: Density [sigma-t, kg/m^3 ]
# name 6 = flag: flag
# span 0 =          1,       3681       
# span 1 =     -0.189,    493.149       
# span 2 =     1.5847,     3.9486       
# span 3 =   0.009437,   3.247655       
# span 4 =     0.0764,    34.7617       
# span 5 =     0.0005,    27.6066       
# span 6 = 0.0000e+00, 0.0000e+00       
# interval = seconds: 1
# start_time = Dec 04 2020 18:31:46 [Instrument's time stamp, header]
# bad_flag = -9.990e-29
*END*
[from data line 2052]
       2053    483.336     3.8632   3.244447    34.7539    27.6046 0.0000e+00
       2054    483.358     3.8632   3.244435    34.7538    27.6045 0.0000e+00
       2055    483.400     3.8630   3.244425    34.7538    27.6045 0.0000e+00
       2056    483.453     3.8628   3.244406    34.7538    27.6045 0.0000e+00
       2057    483.501     3.8624   3.244387    34.7540    27.6047 0.0000e+00
       2058    483.530     3.8621   3.244376    34.7541    27.6049 0.0000e+00
       2059    483.544     3.8621   3.244377    34.7541    27.6049 0.0000e+00
       2060    483.563     3.8621   3.244390    34.7543    27.6050 0.0000e+00
       2061    483.606     3.8621   3.244400    34.7544    27.6051 0.0000e+00
       2062    483.670     3.8621   3.244391    34.7542    27.6050 0.0000e+00
       2063    483.729     3.8621   3.244382    34.7541    27.6049 0.0000e+00
       2064    483.751     3.8620   3.244391    34.7543    27.6050 0.0000e+00
       2065    483.738     3.8621   3.244408    34.7544    27.6051 0.0000e+00
       2066    483.733     3.8621   3.244422    34.7546    27.6052 0.0000e+00
       2067    483.773     3.8621   3.244431    34.7547    27.6053 0.0000e+00
       2068    483.857     3.8621   3.244431    34.7546    27.6053 0.0000e+00
       2069    483.955     3.8621   3.244426    34.7545    27.6052 0.0000e+00
       2070    484.033     3.8622   3.244433    34.7544    27.6051 0.0000e+00
       2071    484.084     3.8623   3.244447    34.7545    27.6051 0.0000e+00
       2072    484.117     3.8624   3.244454    34.7544    27.6051 0.0000e+00
       2073    484.141     3.8624   3.244462    34.7545    27.6052 0.0000e+00
       2074    484.160     3.8625   3.244479    34.7546    27.6052 0.0000e+00
       2075    484.176     3.8627   3.244487    34.7545    27.6051 0.0000e+00
       2076    484.198     3.8628   3.244484    34.7543    27.6050 0.0000e+00
       2077    484.236     3.8628   3.244484    34.7543    27.6049 0.0000e+00
       2078    484.284     3.8628   3.244487    34.7543    27.6050 0.0000e+00
       2079    484.328     3.8626   3.244476    34.7544    27.6050 0.0000e+00
       2080    484.362     3.8624   3.244463    34.7544    27.6051 0.0000e+00
       2081    484.396     3.8624   3.244463    34.7544    27.6051 0.0000e+00
       2082    484.448     3.8624   3.244455    34.7543    27.6050 0.0000e+00
       2083    484.518     3.8622   3.244409    34.7539    27.6047 0.0000e+00
       2084    484.583     3.8617   3.244350    34.7537    27.6046 0.0000e+00
       2085    484.623     3.8612   3.244322    34.7539    27.6048 0.0000e+00
       2086    484.642     3.8609   3.244313    34.7541    27.6050 0.0000e+00
       2087    484.646     3.8609   3.244314    34.7541    27.6050 0.0000e+00
       2088    484.642     3.8609   3.244322    34.7542    27.6050 0.0000e+00
       2089    484.643     3.8609   3.244331    34.7543    27.6051 0.0000e+00
       2090    484.658     3.8611   3.244340    34.7542    27.6050 0.0000e+00
       2091    484.692     3.8612   3.244343    34.7541    27.6049 0.0000e+00
       2092    484.746     3.8612   3.244345    34.7541    27.6049 0.0000e+00
       2093    484.810     3.8612   3.244344    34.7540    27.6049 0.0000e+00
       2094    484.876     3.8612   3.244334    34.7539    27.6048 0.0000e+00
       2095    484.939     3.8612   3.244320    34.7537    27.6046 0.0000e+00
       2096    484.996     3.8609   3.244294    34.7537    27.6046 0.0000e+00
       2097    485.045     3.8606   3.244269    34.7537    27.6046 0.0000e+00
       2098    485.087     3.8605   3.244259    34.7536    27.6046 0.0000e+00
       2099    485.124     3.8603   3.244255    34.7538    27.6048 0.0000e+00
       2100    485.159     3.8602   3.244247    34.7538    27.6048 0.0000e+00
       2101    485.190     3.8602   3.244239    34.7536    27.6047 0.0000e+00
       2102    485.207     3.8601   3.244238    34.7537    27.6048 0.0000e+00
       2103    485.210     3.8601   3.244252    34.7539    27.6049 0.0000e+00
       2104    485.219     3.8602   3.244273    34.7540    27.6050 0.0000e+00
       2105    485.251     3.8602   3.244278    34.7541    27.6050 0.0000e+00
       2106    485.290     3.8602   3.244267    34.7539    27.6049 0.0000e+00
       2107    485.310     3.8602   3.244246    34.7537    27.6047 0.0000e+00
       2108    485.306     3.8600   3.244227    34.7536    27.6047 0.0000e+00
       2109    485.298     3.8600   3.244222    34.7536    27.6047 0.0000e+00
       2110    485.304     3.8601   3.244231    34.7536    27.6047 0.0000e+00
       2111    485.328     3.8601   3.244242    34.7537    27.6047 0.0000e+00
       2112    485.361     3.8601   3.244240    34.7537    27.6047 0.0000e+00
       2113    485.388     3.8600   3.244220    34.7535    27.6046 0.0000e+00
       2114    485.386     3.8598   3.244207    34.7536    27.6047 0.0000e+00
       2115    485.352     3.8598   3.244215    34.7537    27.6048 0.0000e+00
       2116    485.310     3.8598   3.244224    34.7538    27.6049 0.0000e+00
       2117    485.286     3.8598   3.244229    34.7539    27.6049 0.0000e+00
       2118    485.283     3.8600   3.244224    34.7536    27.6047 0.0000e+00
       2119    485.278     3.8600   3.244215    34.7535    27.6046 0.0000e+00
       2120    485.256     3.8600   3.244216    34.7535    27.6046 0.0000e+00
       2121    485.224     3.8601   3.244216    34.7535    27.6045 0.0000e+00
       2122    485.203     3.8601   3.244207    34.7534    27.6045 0.0000e+00
       2123    485.197     3.8601   3.244205    34.7533    27.6044 0.0000e+00
       2124    485.194     3.8599   3.244201    34.7535    27.6046 0.0000e+00
       2125    485.189     3.8598   3.244190    34.7535    27.6046 0.0000e+00
       2126    485.190     3.8598   3.244187    34.7534    27.6046 0.0000e+00
       2127    485.201     3.8598   3.244193    34.7535    27.6046 0.0000e+00
       2128    485.220     3.8598   3.244184    34.7534    27.6045 0.0000e+00
       2129    485.237     3.8597   3.244161    34.7532    27.6044 0.0000e+00
       2130    485.237     3.8595   3.244142    34.7532    27.6044 0.0000e+00
       2131    485.211     3.8594   3.244132    34.7532    27.6044 0.0000e+00
       2132    485.166     3.8593   3.244140    34.7534    27.6046 0.0000e+00
       2133    485.135     3.8594   3.244151    34.7535    27.6046 0.0000e+00
       2134    485.143     3.8594   3.244150    34.7535    27.6046 0.0000e+00
       2135    485.177     3.8593   3.244135    34.7534    27.6046 0.0000e+00
       2136    485.213     3.8591   3.244109    34.7532    27.6045 0.0000e+00
       2137    485.234     3.8590   3.244095    34.7532    27.6044 0.0000e+00
       2138    485.240     3.8590   3.244089    34.7531    27.6044 0.0000e+00
       2139    485.242     3.8590   3.244083    34.7530    27.6043 0.0000e+00
       2140    485.250     3.8590   3.244088    34.7531    27.6044 0.0000e+00
       2141    485.272     3.8590   3.244106    34.7533    27.6045 0.0000e+00
       2142    485.316     3.8590   3.244116    34.7534    27.6046 0.0000e+00
       2143    485.374     3.8590   3.244105    34.7532    27.6045 0.0000e+00
       2144    485.428     3.8588   3.244082    34.7531    27.6044 0.0000e+00
       2145    485.472     3.8587   3.244068    34.7530    27.6044 0.0000e+00
       2146    485.517     3.8587   3.244069    34.7530    27.6044 0.0000e+00
       2147    485.572     3.8587   3.244063    34.7529    27.6043 0.0000e+00
       2148    485.638     3.8586   3.244059    34.7530    27.6043 0.0000e+00
       2149    485.709     3.8586   3.244064    34.7530    27.6043 0.0000e+00
       2150    485.770     3.8584   3.244069    34.7532    27.6045 0.0000e+00
       2151    485.792     3.8583   3.244070    34.7533    27.6046 0.0000e+00
       2152    485.762     3.8583   3.244070    34.7533    27.6046 0.0000e+00
       2153    485.717     3.8583   3.244070    34.7534    27.6047 0.0000e+00
       2154    485.719     3.8583   3.244073    34.7534    27.6047 0.0000e+00
       2155    485.788     3.8583   3.244079    34.7534    27.6047 0.0000e+00
       2156    485.885     3.8584   3.244085    34.7533    27.6046 0.0000e+00
       2157    485.960     3.8583   3.244084    34.7534    27.6047 0.0000e+00
       2158    485.982     3.8583   3.244081    34.7534    27.6046 0.0000e+00
       2159    485.983     3.8583   3.244084    34.7534    27.6047 0.0000e+00
       2160    486.015     3.8583   3.244088    34.7534    27.6047 0.0000e+00
       2161    486.089     3.8584   3.244090    34.7533    27.6046 0.0000e+00
       2162    486.175     3.8584   3.244091    34.7533    27.6046 0.0000e+00
       2163    486.245     3.8584   3.244092    34.7532    27.6045 0.0000e+00
       2164    486.298     3.8584   3.244096    34.7533    27.6046 0.0000e+00
       2165    486.345     3.8583   3.244098    34.7534    27.6047 0.0000e+00
       2166    486.386     3.8583   3.244087    34.7532    27.6045 0.0000e+00
       2167    486.414     3.8583   3.244081    34.7531    27.6045 0.0000e+00
       2168    486.442     3.8583   3.244086    34.7532    27.6045 0.0000e+00
       2169    486.486     3.8583   3.244086    34.7531    27.6045 0.0000e+00
       2170    486.542     3.8583   3.244077    34.7530    27.6044 0.0000e+00
       2171    486.589     3.8583   3.244073    34.7529    27.6043 0.0000e+00
       2172    486.610     3.8583   3.244076    34.7530    27.6043 0.0000e+00
       2173    486.618     3.8583   3.244080    34.7530    27.6044 0.0000e+00
       2174    486.646     3.8583   3.244085    34.7530    27.6044 0.0000e+00
       2175    486.710     3.8583   3.244091    34.7531    27.6044 0.0000e+00
       2176    486.801     3.8584   3.244094    34.7530    27.6043 0.0000e+00
       2177    486.896     3.8584   3.244092    34.7529    27.6043 0.0000e+00
       2178    486.980     3.8584   3.244089    34.7528    27.6042 0.0000e+00
       2179    487.052     3.8584   3.244095    34.7528    27.6042 0.0000e+00
       2180    487.120     3.8584   3.244107    34.7530    27.6043 0.0000e+00
       2181    487.187     3.8586   3.244115    34.7528    27.6042 0.0000e+00
       2182    487.247     3.8586   3.244118    34.7528    27.6042 0.0000e+00
       2183    487.303     3.8586   3.244119    34.7528    27.6042 0.0000e+00
       2184    487.368     3.8587   3.244123    34.7527    27.6041 0.0000e+00
       2185    487.450     3.8587   3.244127    34.7527    27.6041 0.0000e+00
       2186    487.543     3.8587   3.244130    34.7527    27.6041 0.0000e+00
       2187    487.641     3.8587   3.244131    34.7526    27.6040 0.0000e+00
       2188    487.738     3.8587   3.244137    34.7527    27.6041 0.0000e+00
       2189    487.836     3.8587   3.244144    34.7527    27.6041 0.0000e+00
       2190    487.937     3.8587   3.244148    34.7527    27.6041 0.0000e+00
       2191    488.039     3.8587   3.244149    34.7526    27.6040 0.0000e+00
       2192    488.133     3.8587   3.244149    34.7526    27.6040 0.0000e+00
       2193    488.224     3.8588   3.244154    34.7525    27.6039 0.0000e+00
       2194    488.323     3.8587   3.244156    34.7526    27.6040 0.0000e+00
       2195    488.431     3.8586   3.244158    34.7527    27.6041 0.0000e+00
       2196    488.530     3.8586   3.244158    34.7526    27.6040 0.0000e+00
       2197    488.603     3.8585   3.244157    34.7527    27.6041 0.0000e+00
       2198    488.651     3.8584   3.244162    34.7528    27.6042 0.0000e+00
       2199    488.691     3.8584   3.244178    34.7530    27.6043 0.0000e+00
       2200    488.741     3.8585   3.244187    34.7529    27.6043 0.0000e+00
       2201    488.802     3.8586   3.244186    34.7528    27.6042 0.0000e+00
       2202    488.866     3.8586   3.244185    34.7527    27.6041 0.0000e+00
       2203    488.933     3.8587   3.244188    34.7526    27.6040 0.0000e+00
       2204    489.011     3.8588   3.244200    34.7526    27.6040 0.0000e+00
       2205    489.102     3.8589   3.244207    34.7526    27.6040 0.0000e+00
       2206    489.200     3.8590   3.244211    34.7525    27.6039 0.0000e+00
       2207    489.290     3.8590   3.244222    34.7525    27.6039 0.0000e+00
       2208    489.358     3.8590   3.244231    34.7526    27.6040 0.0000e+00
       2209    489.404     3.8591   3.244232    34.7525    27.6039 0.0000e+00
       2210    489.424     3.8593   3.244239    34.7523    27.6037 0.0000e+00
       2211    489.409     3.8593   3.244245    34.7524    27.6038 0.0000e+00
       2212    489.375     3.8593   3.244245    34.7524    27.6038 0.0000e+00
       2213    489.362     3.8593   3.244249    34.7525    27.6039 0.0000e+00
       2214    489.389     3.8594   3.244254    34.7524    27.6038 0.0000e+00
       2215    489.439     3.8594   3.244253    34.7524    27.6038 0.0000e+00
       2216    489.476     3.8594   3.244253    34.7524    27.6038 0.0000e+00
       2217    489.477     3.8594   3.244255    34.7524    27.6038 0.0000e+00
       2218    489.449     3.8594   3.244255    34.7524    27.6038 0.0000e+00
       2219    489.428     3.8594   3.244257    34.7525    27.6038 0.0000e+00
       2220    489.436     3.8594   3.244258    34.7525    27.6038 0.0000e+00
       2221    489.461     3.8594   3.244263    34.7525    27.6039 0.0000e+00
       2222    489.479     3.8596   3.244272    34.7524    27.6037 0.0000e+00
       2223    489.486     3.8597   3.244273    34.7523    27.6037 0.0000e+00
       2224    489.496     3.8597   3.244271    34.7523    27.6036 0.0000e+00
       2225    489.522     3.8596   3.244276    34.7524    27.6038 0.0000e+00
       2226    489.559     3.8597   3.244281    34.7524    27.6037 0.0000e+00
       2227    489.594     3.8598   3.244284    34.7523    27.6036 0.0000e+00
       2228    489.616     3.8598   3.244288    34.7523    27.6037 0.0000e+00
       2229    489.625     3.8598   3.244284    34.7522    27.6036 0.0000e+00
       2230    489.627     3.8598   3.244278    34.7522    27.6036 0.0000e+00
       2231    489.627     3.8597   3.244275    34.7522    27.6036 0.0000e+00
       2232    489.624     3.8597   3.244277    34.7523    27.6036 0.0000e+00
       2233    489.627     3.8597   3.244283    34.7523    27.6037 0.0000e+00
       2234    489.652     3.8598   3.244286    34.7523    27.6036 0.0000e+00
       2235    489.705     3.8598   3.244290    34.7523    27.6036 0.0000e+00
       2236    489.781     3.8599   3.244306    34.7523    27.6037 0.0000e+00
       2237    489.858     3.8601   3.244320    34.7522    27.6036 0.0000e+00
       2238    489.923     3.8602   3.244329    34.7522    27.6035 0.0000e+00
       2239    489.976     3.8602   3.244337    34.7523    27.6036 0.0000e+00
       2240    490.018     3.8602   3.244350    34.7524    27.6037 0.0000e+00
       2241    490.046     3.8602   3.244362    34.7525    27.6038 0.0000e+00
       2242    490.050     3.8603   3.244366    34.7525    27.6037 0.0000e+00
       2243    490.033     3.8603   3.244365    34.7525    27.6037 0.0000e+00
       2244    490.011     3.8603   3.244358    34.7524    27.6037 0.0000e+00
       2245    489.994     3.8603   3.244350    34.7523    27.6036 0.0000e+00
       2246    489.983     3.8603   3.244348    34.7523    27.6036 0.0000e+00
       2247    489.982     3.8603   3.244347    34.7523    27.6036 0.0000e+00
       2248    489.985     3.8602   3.244346    34.7524    27.6037 0.0000e+00
       2249    489.979     3.8602   3.244348    34.7524    27.6037 0.0000e+00
       2250    489.958     3.8602   3.244339    34.7523    27.6036 0.0000e+00
       2251    489.920     3.8602   3.244323    34.7521    27.6035 0.0000e+00
       2252    489.873     3.8602   3.244307    34.7520    27.6033 0.0000e+00
       2253    489.825     3.8602   3.244297    34.7519    27.6033 0.0000e+00
       2254    489.781     3.8601   3.244291    34.7519    27.6033 0.0000e+00
       2255    489.736     3.8599   3.244279    34.7520    27.6034 0.0000e+00
       2256    489.674     3.8597   3.244268    34.7521    27.6035 0.0000e+00
