Datasets/Multi_Species/NEE535/ned535_2020_007.cnv
* Sea-Bird SBE19plus Data File:
* Filename = C:/AQUIRE/ned535_2020_007.hex
* Software Version AquireV2 AF V2.0
* Temperature SN =  4579
* Conductivity SN =  4579
* System UpLoad Time = Dec 05 2020 22:41:35
** VESSEL/TRIP/SEQ STN: ned535_2020_007
** LATITUDE: 51 43.62 N
** LONGITUDE: 50 31.95 W
** DATE/TIME: 2020-12-05 21:41
** SOUNDING DEPTH (M): 0414
** PROBE TYPE: S4579
** CTD NUMBER:   7
** COMMENTS: 
# nquan = 7                                 
# nvalues = 3521                        
# units = specified
# name 0 = scan: Scan Count
# name 1 = prdM: Pressure, Strain Gauge [db]
# name 2 = tv290C: Temperature [ITS-90, deg C]
# name 3 = c0S/m: Conductivity [S/m]
# name 4 = sal00: Salinity, Practical [PSU]
# name 5 = sigma-t00: Density [sigma-t, kg/m^3 ]
# name 6 = flag: flag
# span 0 =          1,       3521       
# span 1 =     -0.300,    416.316       
# span 2 =     1.0434,     3.9953       
# span 3 =   0.011354,   3.251620       
# span 4 =     0.0892,    34.7703       
# span 5 =     0.0077,    27.6073       
# span 6 = 0.0000e+00, 0.0000e+00       
# interval = seconds: 1
# start_time = Dec 05 2020 21:41:16 [Instrument's time stamp, header]
# bad_flag = -9.990e-29
*END*
[from data line 821]
        822    126.917     3.6138   3.187912    34.5346    27.4551 0.0000e+00
        823    127.462     3.6494   3.191460    34.5392    27.4552 0.0000e+00
        824    128.013     3.6795   3.194475    34.5431    27.4553 0.0000e+00
        825    128.565     3.7058   3.197146    34.5470    27.4558 0.0000e+00
        826    129.110     3.7278   3.199425    34.5506    27.4565 0.0000e+00
        827    129.636     3.7444   3.201270    34.5549    27.4582 0.0000e+00
        828    130.144     3.7548   3.202346    34.5564    27.4584 0.0000e+00
        829    130.644     3.7610   3.202925    34.5565    27.4578 0.0000e+00
        830    131.148     3.7656   3.203438    34.5575    27.4582 0.0000e+00
        831    131.655     3.7693   3.203934    34.5593    27.4592 0.0000e+00
        832    132.170     3.7732   3.204551    34.5622    27.4611 0.0000e+00
        833    132.700     3.7775   3.205167    34.5647    27.4627 0.0000e+00
        834    133.245     3.7811   3.205595    34.5658    27.4632 0.0000e+00
        835    133.791     3.7832   3.205918    34.5671    27.4640 0.0000e+00
        836    134.326     3.7843   3.206157    34.5685    27.4650 0.0000e+00
        837    134.839     3.7841   3.206229    34.5693    27.4657 0.0000e+00
        838    135.329     3.7827   3.206147    34.5695    27.4660 0.0000e+00
        839    135.811     3.7803   3.206016    34.5702    27.4668 0.0000e+00
        840    136.299     3.7780   3.205930    34.5714    27.4680 0.0000e+00
        841    136.798     3.7766   3.205930    34.5726    27.4691 0.0000e+00
        842    137.313     3.7761   3.205992    34.5736    27.4699 0.0000e+00
        843    137.844     3.7763   3.206115    34.5745    27.4706 0.0000e+00
        844    138.381     3.7769   3.206305    34.5759    27.4717 0.0000e+00
        845    138.911     3.7779   3.206515    34.5771    27.4725 0.0000e+00
        846    139.434     3.7794   3.206752    34.5780    27.4731 0.0000e+00
        847    139.949     3.7811   3.207027    34.5792    27.4739 0.0000e+00
        848    140.449     3.7823   3.207254    34.5804    27.4747 0.0000e+00
        849    140.934     3.7829   3.207399    34.5812    27.4753 0.0000e+00
        850    141.411     3.7832   3.207517    34.5821    27.4759 0.0000e+00
        851    141.892     3.7833   3.207622    34.5829    27.4766 0.0000e+00
        852    142.381     3.7834   3.207693    34.5834    27.4770 0.0000e+00
        853    142.876     3.7832   3.207751    34.5841    27.4775 0.0000e+00
        854    143.375     3.7828   3.207790    34.5847    27.4781 0.0000e+00
        855    143.878     3.7824   3.207817    34.5852    27.4785 0.0000e+00
        856    144.389     3.7822   3.207919    34.5863    27.4794 0.0000e+00
        857    144.908     3.7824   3.208119    34.5882    27.4809 0.0000e+00
        858    145.428     3.7830   3.208341    34.5899    27.4822 0.0000e+00
        859    145.939     3.7836   3.208529    34.5913    27.4832 0.0000e+00
        860    146.440     3.7843   3.208669    34.5919    27.4837 0.0000e+00
        861    146.935     3.7850   3.208790    34.5924    27.4840 0.0000e+00
        862    147.429     3.7860   3.208943    34.5929    27.4842 0.0000e+00
        863    147.923     3.7873   3.209161    34.5938    27.4849 0.0000e+00
        864    148.418     3.7885   3.209435    34.5956    27.4861 0.0000e+00
        865    148.912     3.7892   3.209675    34.5974    27.4875 0.0000e+00
        866    149.402     3.7897   3.209842    34.5986    27.4885 0.0000e+00
        867    149.894     3.7901   3.210009    34.5999    27.4895 0.0000e+00
        868    150.397     3.7908   3.210209    34.6013    27.4905 0.0000e+00
        869    150.909     3.7912   3.210370    34.6025    27.4914 0.0000e+00
        870    151.419     3.7910   3.210435    34.6032    27.4920 0.0000e+00
        871    151.925     3.7900   3.210414    34.6038    27.4925 0.0000e+00
        872    152.427     3.7885   3.210334    34.6041    27.4930 0.0000e+00
        873    152.920     3.7868   3.210267    34.6049    27.4937 0.0000e+00
        874    153.406     3.7858   3.210294    34.6060    27.4947 0.0000e+00
        875    153.894     3.7857   3.210426    34.6074    27.4958 0.0000e+00
        876    154.381     3.7864   3.210646    34.6090    27.4971 0.0000e+00
        877    154.864     3.7878   3.210932    34.6107    27.4983 0.0000e+00
        878    155.348     3.7895   3.211233    34.6122    27.4993 0.0000e+00
        879    155.834     3.7908   3.211472    34.6134    27.5001 0.0000e+00
        880    156.320     3.7918   3.211640    34.6141    27.5006 0.0000e+00
        881    156.804     3.7926   3.211778    34.6147    27.5009 0.0000e+00
        882    157.294     3.7934   3.211909    34.6151    27.5012 0.0000e+00
        883    157.793     3.7942   3.212033    34.6155    27.5014 0.0000e+00
        884    158.292     3.7948   3.212148    34.6159    27.5017 0.0000e+00
        885    158.787     3.7952   3.212252    34.6165    27.5021 0.0000e+00
        886    159.285     3.7956   3.212347    34.6169    27.5024 0.0000e+00
        887    159.792     3.7959   3.212445    34.6175    27.5029 0.0000e+00
        888    160.302     3.7964   3.212554    34.6180    27.5032 0.0000e+00
        889    160.807     3.7968   3.212672    34.6187    27.5037 0.0000e+00
        890    161.301     3.7973   3.212836    34.6199    27.5046 0.0000e+00
        891    161.783     3.7978   3.213048    34.6216    27.5059 0.0000e+00
        892    162.257     3.7984   3.213244    34.6231    27.5070 0.0000e+00
        893    162.729     3.7992   3.213408    34.6239    27.5076 0.0000e+00
        894    163.207     3.8000   3.213575    34.6248    27.5083 0.0000e+00
        895    163.693     3.8011   3.213760    34.6256    27.5088 0.0000e+00
        896    164.186     3.8022   3.213943    34.6263    27.5093 0.0000e+00
        897    164.686     3.8037   3.214150    34.6269    27.5096 0.0000e+00
        898    165.188     3.8062   3.214503    34.6282    27.5104 0.0000e+00
        899    165.691     3.8104   3.215101    34.6307    27.5119 0.0000e+00
        900    166.189     3.8157   3.215839    34.6336    27.5137 0.0000e+00
        901    166.680     3.8207   3.216488    34.6358    27.5149 0.0000e+00
        902    167.162     3.8246   3.216971    34.6371    27.5156 0.0000e+00
        903    167.631     3.8274   3.217330    34.6382    27.5161 0.0000e+00
        904    168.098     3.8294   3.217577    34.6388    27.5164 0.0000e+00
        905    168.570     3.8305   3.217744    34.6394    27.5167 0.0000e+00
        906    169.041     3.8312   3.217884    34.6400    27.5172 0.0000e+00
        907    169.513     3.8316   3.218017    34.6409    27.5179 0.0000e+00
        908    169.993     3.8321   3.218153    34.6418    27.5185 0.0000e+00
        909    170.484     3.8324   3.218310    34.6431    27.5195 0.0000e+00
        910    170.978     3.8324   3.218474    34.6448    27.5208 0.0000e+00
        911    171.466     3.8323   3.218604    34.6461    27.5220 0.0000e+00
        912    171.943     3.8320   3.218688    34.6472    27.5228 0.0000e+00
        913    172.407     3.8317   3.218745    34.6480    27.5235 0.0000e+00
        914    172.858     3.8315   3.218771    34.6482    27.5237 0.0000e+00
        915    173.302     3.8313   3.218774    34.6482    27.5237 0.0000e+00
        916    173.750     3.8312   3.218791    34.6483    27.5238 0.0000e+00
        917    174.213     3.8310   3.218830    34.6487    27.5242 0.0000e+00
        918    174.693     3.8308   3.218870    34.6492    27.5245 0.0000e+00
        919    175.186     3.8307   3.218898    34.6493    27.5247 0.0000e+00
        920    175.683     3.8304   3.218904    34.6494    27.5248 0.0000e+00
        921    176.176     3.8299   3.218900    34.6497    27.5250 0.0000e+00
        922    176.652     3.8295   3.218900    34.6498    27.5252 0.0000e+00
        923    177.104     3.8290   3.218901    34.6501    27.5255 0.0000e+00
        924    177.542     3.8286   3.218896    34.6503    27.5256 0.0000e+00
        925    177.984     3.8282   3.218889    34.6504    27.5257 0.0000e+00
        926    178.438     3.8278   3.218891    34.6506    27.5259 0.0000e+00
        927    178.909     3.8274   3.218910    34.6509    27.5263 0.0000e+00
        928    179.397     3.8272   3.218931    34.6511    27.5265 0.0000e+00
        929    179.899     3.8269   3.218943    34.6513    27.5266 0.0000e+00
        930    180.409     3.8266   3.218955    34.6515    27.5268 0.0000e+00
        931    180.919     3.8263   3.218966    34.6517    27.5270 0.0000e+00
        932    181.421     3.8261   3.218977    34.6518    27.5271 0.0000e+00
        933    181.906     3.8258   3.218983    34.6519    27.5272 0.0000e+00
        934    182.375     3.8252   3.218974    34.6522    27.5275 0.0000e+00
        935    182.833     3.8246   3.218977    34.6526    27.5279 0.0000e+00
        936    183.289     3.8241   3.219047    34.6537    27.5288 0.0000e+00
        937    183.757     3.8240   3.219201    34.6554    27.5302 0.0000e+00
        938    184.248     3.8245   3.219409    34.6571    27.5315 0.0000e+00
        939    184.762     3.8255   3.219673    34.6589    27.5328 0.0000e+00
        940    185.285     3.8271   3.220019    34.6610    27.5344 0.0000e+00
        941    185.806     3.8289   3.220378    34.6631    27.5358 0.0000e+00
        942    186.327     3.8304   3.220649    34.6645    27.5368 0.0000e+00
        943    186.849     3.8318   3.220839    34.6650    27.5370 0.0000e+00
        944    187.356     3.8328   3.220997    34.6656    27.5374 0.0000e+00
        945    187.836     3.8338   3.221140    34.6659    27.5376 0.0000e+00
        946    188.297     3.8346   3.221266    34.6663    27.5378 0.0000e+00
        947    188.755     3.8352   3.221361    34.6666    27.5379 0.0000e+00
        948    189.220     3.8356   3.221417    34.6666    27.5379 0.0000e+00
        949    189.704     3.8358   3.221477    34.6668    27.5381 0.0000e+00
        950    190.203     3.8362   3.221568    34.6672    27.5383 0.0000e+00
        951    190.711     3.8369   3.221679    34.6675    27.5385 0.0000e+00
        952    191.229     3.8380   3.221851    34.6681    27.5389 0.0000e+00
        953    191.754     3.8393   3.222072    34.6691    27.5395 0.0000e+00
        954    192.279     3.8405   3.222267    34.6699    27.5400 0.0000e+00
        955    192.794     3.8415   3.222417    34.6703    27.5403 0.0000e+00
        956    193.298     3.8423   3.222542    34.6707    27.5405 0.0000e+00
        957    193.796     3.8430   3.222644    34.6709    27.5406 0.0000e+00
        958    194.290     3.8434   3.222718    34.6711    27.5407 0.0000e+00
        959    194.775     3.8439   3.222803    34.6713    27.5408 0.0000e+00
        960    195.252     3.8449   3.222968    34.6720    27.5412 0.0000e+00
        961    195.724     3.8465   3.223238    34.6732    27.5421 0.0000e+00
        962    196.199     3.8483   3.223532    34.6746    27.5430 0.0000e+00
        963    196.686     3.8499   3.223763    34.6754    27.5434 0.0000e+00
        964    197.199     3.8512   3.223951    34.6760    27.5438 0.0000e+00
        965    197.738     3.8523   3.224108    34.6764    27.5440 0.0000e+00
        966    198.291     3.8531   3.224229    34.6767    27.5441 0.0000e+00
        967    198.845     3.8539   3.224352    34.6770    27.5443 0.0000e+00
        968    199.390     3.8548   3.224506    34.6776    27.5447 0.0000e+00
        969    199.921     3.8556   3.224670    34.6784    27.5453 0.0000e+00
        970    200.429     3.8564   3.224806    34.6789    27.5456 0.0000e+00
        971    200.907     3.8571   3.224904    34.6791    27.5456 0.0000e+00
        972    201.366     3.8574   3.224969    34.6793    27.5458 0.0000e+00
        973    201.826     3.8576   3.225013    34.6793    27.5458 0.0000e+00
        974    202.299     3.8579   3.225070    34.6794    27.5459 0.0000e+00
        975    202.785     3.8583   3.225157    34.6798    27.5461 0.0000e+00
        976    203.285     3.8590   3.225272    34.6802    27.5463 0.0000e+00
        977    203.806     3.8598   3.225393    34.6805    27.5465 0.0000e+00
        978    204.350     3.8603   3.225494    34.6808    27.5467 0.0000e+00
        979    204.900     3.8609   3.225588    34.6810    27.5468 0.0000e+00
        980    205.440     3.8615   3.225696    34.6814    27.5470 0.0000e+00
        981    205.970     3.8621   3.225801    34.6817    27.5472 0.0000e+00
        982    206.496     3.8624   3.225884    34.6821    27.5475 0.0000e+00
        983    207.011     3.8628   3.225969    34.6824    27.5477 0.0000e+00
        984    207.503     3.8634   3.226065    34.6827    27.5478 0.0000e+00
        985    207.979     3.8639   3.226169    34.6831    27.5482 0.0000e+00
        986    208.461     3.8644   3.226288    34.6837    27.5486 0.0000e+00
        987    208.960     3.8652   3.226419    34.6842    27.5489 0.0000e+00
        988    209.469     3.8661   3.226557    34.6846    27.5491 0.0000e+00
        989    209.987     3.8670   3.226700    34.6851    27.5494 0.0000e+00
        990    210.514     3.8681   3.226873    34.6857    27.5498 0.0000e+00
        991    211.048     3.8695   3.227109    34.6867    27.5505 0.0000e+00
        992    211.585     3.8711   3.227366    34.6878    27.5512 0.0000e+00
        993    212.117     3.8728   3.227606    34.6886    27.5516 0.0000e+00
        994    212.642     3.8747   3.227876    34.6895    27.5521 0.0000e+00
        995    213.157     3.8770   3.228209    34.6907    27.5529 0.0000e+00
        996    213.659     3.8798   3.228615    34.6923    27.5539 0.0000e+00
        997    214.150     3.8826   3.229041    34.6942    27.5551 0.0000e+00
        998    214.641     3.8849   3.229355    34.6952    27.5556 0.0000e+00
        999    215.139     3.8863   3.229537    34.6956    27.5558 0.0000e+00
       1000    215.636     3.8872   3.229684    34.6962    27.5562 0.0000e+00
       1001    216.130     3.8880   3.229811    34.6966    27.5564 0.0000e+00
       1002    216.629     3.8886   3.229891    34.6966    27.5564 0.0000e+00
       1003    217.134     3.8889   3.229949    34.6967    27.5564 0.0000e+00
       1004    217.646     3.8894   3.230042    34.6970    27.5566 0.0000e+00
       1005    218.167     3.8902   3.230199    34.6978    27.5571 0.0000e+00
       1006    218.698     3.8910   3.230333    34.6982    27.5574 0.0000e+00
       1007    219.235     3.8913   3.230348    34.6978    27.5570 0.0000e+00
       1008    219.767     3.8911   3.230333    34.6975    27.5568 0.0000e+00
       1009    220.288     3.8910   3.230359    34.6977    27.5570 0.0000e+00
       1010    220.799     3.8910   3.230385    34.6977    27.5570 0.0000e+00
       1011    221.305     3.8912   3.230435    34.6978    27.5571 0.0000e+00
       1012    221.804     3.8918   3.230550    34.6983    27.5574 0.0000e+00
       1013    222.290     3.8927   3.230686    34.6987    27.5576 0.0000e+00
       1014    222.763     3.8935   3.230798    34.6989    27.5577 0.0000e+00
       1015    223.229     3.8943   3.230916    34.6992    27.5579 0.0000e+00
       1016    223.696     3.8956   3.231106    34.6999    27.5582 0.0000e+00
       1017    224.167     3.8972   3.231351    34.7008    27.5588 0.0000e+00
       1018    224.647     3.8990   3.231595    34.7016    27.5592 0.0000e+00
       1019    225.143     3.9006   3.231803    34.7021    27.5595 0.0000e+00
       1020    225.659     3.9022   3.232000    34.7025    27.5596 0.0000e+00
       1021    226.181     3.9044   3.232294    34.7033    27.5601 0.0000e+00
       1022    226.691     3.9073   3.232693    34.7047    27.5609 0.0000e+00
       1023    227.180     3.9097   3.233025    34.7059    27.5616 0.0000e+00
       1024    227.652     3.9115   3.233228    34.7061    27.5616 0.0000e+00
       1025    228.117     3.9126   3.233363    34.7063    27.5616 0.0000e+00
