Datasets/Multi_Species/NEE535/ned535_2020_004.cnv
* Sea-Bird SBE19plus Data File:
* Filename = C:/AQUIRE/ned535_2020_004.hex
* Software Version AquireV2 AF V2.0
* Temperature SN =  4579
* Conductivity SN =  4579
* System UpLoad Time = Dec 05 2020 13:13:36
** VESSEL/TRIP/SEQ STN: ned535_2020_004
** LATITUDE: 51 02.83 N
** LONGITUDE: 50 45.15 W
** DATE/TIME: 2020-12-05 12:18
** SOUNDING DEPTH (M):  306
** PROBE TYPE: S4579
** CTD NUMBER: 004
** COMMENTS: 
# nquan = 7                                 
# nvalues = 3187                        
# units = specified
# name 0 = scan: Scan Count
# name 1 = prdM: Pressure, Strain Gauge [db]
# name 2 = tv290C: Temperature [ITS-90, deg C]
# name 3 = c0S/m: Conductivity [S/m]
# name 4 = sal00: Salinity, Practical [PSU]
# name 5 = sigma-t00: Density [sigma-t, kg/m^3 ]
# name 6 = flag: flag
# span 0 =          1,       3187       
# span 1 =     -0.201,    317.662       
# span 2 =     1.4956,     3.1883       
# span 3 =   0.008907,   3.160341       
# span 4 =     0.0722,    34.5851       
# span 5 =    -0.0084,    27.5409       
# span 6 = 0.0000e+00, 0.0000e+00       
# interval = seconds: 1
# start_time = Dec 05 2020 12:18:05 [Instrument's time stamp, header]
# bad_flag = -9.990e-29
*END*
[from data line 1231]
       1232    314.279     3.1300   3.157482    34.5798    27.5377 0.0000e+00
       1233    314.250     3.1298   3.157457    34.5798    27.5376 0.0000e+00
       1234    314.224     3.1296   3.157439    34.5798    27.5377 0.0000e+00
       1235    314.197     3.1296   3.157430    34.5797    27.5376 0.0000e+00
       1236    314.164     3.1296   3.157437    34.5798    27.5377 0.0000e+00
       1237    314.132     3.1297   3.157455    34.5799    27.5378 0.0000e+00
       1238    314.104     3.1299   3.157478    34.5800    27.5378 0.0000e+00
       1239    314.077     3.1301   3.157499    34.5800    27.5378 0.0000e+00
       1240    314.046     3.1302   3.157497    34.5799    27.5377 0.0000e+00
       1241    314.013     3.1302   3.157488    34.5798    27.5377 0.0000e+00
       1242    313.982     3.1302   3.157486    34.5798    27.5376 0.0000e+00
       1243    313.952     3.1301   3.157484    34.5799    27.5377 0.0000e+00
       1244    313.916     3.1300   3.157467    34.5798    27.5377 0.0000e+00
       1245    313.871     3.1298   3.157433    34.5797    27.5376 0.0000e+00
       1246    313.816     3.1295   3.157394    34.5796    27.5375 0.0000e+00
       1247    313.759     3.1292   3.157358    34.5795    27.5375 0.0000e+00
       1248    313.710     3.1290   3.157340    34.5795    27.5375 0.0000e+00
       1249    313.670     3.1289   3.157345    34.5797    27.5376 0.0000e+00
       1250    313.631     3.1291   3.157349    34.5795    27.5375 0.0000e+00
       1251    313.589     3.1290   3.157333    34.5795    27.5375 0.0000e+00
       1252    313.552     3.1288   3.157303    34.5793    27.5374 0.0000e+00
       1253    313.522     3.1285   3.157278    34.5794    27.5374 0.0000e+00
       1254    313.495     3.1285   3.157265    34.5792    27.5373 0.0000e+00
       1255    313.467     3.1285   3.157264    34.5792    27.5373 0.0000e+00
       1256    313.439     3.1285   3.157269    34.5793    27.5374 0.0000e+00
       1257    313.407     3.1285   3.157270    34.5793    27.5374 0.0000e+00
       1258    313.369     3.1286   3.157279    34.5794    27.5374 0.0000e+00
       1259    313.321     3.1288   3.157304    34.5795    27.5375 0.0000e+00
       1260    313.265     3.1291   3.157333    34.5795    27.5375 0.0000e+00
       1261    313.213     3.1292   3.157343    34.5796    27.5375 0.0000e+00
       1262    313.169     3.1292   3.157343    34.5796    27.5376 0.0000e+00
       1263    313.127     3.1291   3.157340    34.5797    27.5376 0.0000e+00
       1264    313.086     3.1290   3.157322    34.5796    27.5376 0.0000e+00
       1265    313.058     3.1288   3.157287    34.5794    27.5374 0.0000e+00
       1266    313.047     3.1286   3.157267    34.5794    27.5374 0.0000e+00
       1267    313.045     3.1286   3.157269    34.5794    27.5375 0.0000e+00
       1268    313.041     3.1286   3.157269    34.5794    27.5375 0.0000e+00
       1269    313.020     3.1285   3.157264    34.5795    27.5375 0.0000e+00
       1270    312.978     3.1285   3.157251    34.5793    27.5374 0.0000e+00
       1271    312.923     3.1284   3.157226    34.5792    27.5373 0.0000e+00
       1272    312.871     3.1282   3.157199    34.5791    27.5372 0.0000e+00
       1273    312.829     3.1281   3.157190    34.5791    27.5373 0.0000e+00
       1274    312.792     3.1281   3.157193    34.5792    27.5373 0.0000e+00
       1275    312.756     3.1281   3.157195    34.5792    27.5373 0.0000e+00
       1276    312.729     3.1281   3.157192    34.5792    27.5373 0.0000e+00
       1277    312.716     3.1281   3.157188    34.5791    27.5373 0.0000e+00
       1278    312.711     3.1280   3.157182    34.5792    27.5373 0.0000e+00
       1279    312.707     3.1280   3.157171    34.5791    27.5372 0.0000e+00
       1280    312.697     3.1280   3.157171    34.5791    27.5372 0.0000e+00
       1281    312.670     3.1281   3.157181    34.5791    27.5373 0.0000e+00
       1282    312.624     3.1281   3.157182    34.5791    27.5373 0.0000e+00
       1283    312.563     3.1281   3.157174    34.5791    27.5372 0.0000e+00
       1284    312.504     3.1281   3.157170    34.5790    27.5372 0.0000e+00
       1285    312.462     3.1280   3.157166    34.5791    27.5373 0.0000e+00
       1286    312.438     3.1280   3.157163    34.5791    27.5373 0.0000e+00
       1287    312.425     3.1280   3.157155    34.5790    27.5372 0.0000e+00
       1288    312.416     3.1279   3.157144    34.5790    27.5372 0.0000e+00
       1289    312.409     3.1277   3.157142    34.5792    27.5374 0.0000e+00
       1290    312.403     3.1277   3.157139    34.5792    27.5373 0.0000e+00
       1291    312.389     3.1276   3.157116    34.5790    27.5372 0.0000e+00
       1292    312.364     3.1274   3.157096    34.5790    27.5372 0.0000e+00
       1293    312.337     3.1273   3.157092    34.5790    27.5373 0.0000e+00
       1294    312.310     3.1273   3.157091    34.5790    27.5373 0.0000e+00
       1295    312.283     3.1274   3.157093    34.5790    27.5372 0.0000e+00
       1296    312.256     3.1276   3.157103    34.5789    27.5371 0.0000e+00
       1297    312.232     3.1277   3.157113    34.5789    27.5372 0.0000e+00
       1298    312.217     3.1277   3.157114    34.5790    27.5372 0.0000e+00
       1299    312.211     3.1277   3.157114    34.5790    27.5372 0.0000e+00
       1300    312.210     3.1276   3.157106    34.5790    27.5372 0.0000e+00
       1301    312.202     3.1274   3.157082    34.5789    27.5372 0.0000e+00
       1302    312.182     3.1273   3.157063    34.5788    27.5371 0.0000e+00
       1303    312.156     3.1273   3.157058    34.5787    27.5370 0.0000e+00
       1304    312.123     3.1272   3.157056    34.5788    27.5371 0.0000e+00
       1305    312.083     3.1271   3.157047    34.5789    27.5372 0.0000e+00
       1306    312.049     3.1269   3.157030    34.5789    27.5372 0.0000e+00
       1307    312.017     3.1269   3.157023    34.5788    27.5371 0.0000e+00
       1308    311.978     3.1269   3.157022    34.5788    27.5371 0.0000e+00
       1309    311.940     3.1269   3.157022    34.5788    27.5372 0.0000e+00
       1310    311.916     3.1269   3.157019    34.5788    27.5371 0.0000e+00
       1311    311.903     3.1269   3.157019    34.5788    27.5372 0.0000e+00
       1312    311.889     3.1270   3.157025    34.5788    27.5371 0.0000e+00
       1313    311.868     3.1270   3.157032    34.5789    27.5372 0.0000e+00
       1314    311.841     3.1270   3.157030    34.5789    27.5372 0.0000e+00
       1315    311.802     3.1270   3.157023    34.5788    27.5371 0.0000e+00
       1316    311.747     3.1270   3.157013    34.5787    27.5371 0.0000e+00
       1317    311.687     3.1270   3.157012    34.5788    27.5371 0.0000e+00
       1318    311.627     3.1270   3.157014    34.5788    27.5371 0.0000e+00
       1319    311.564     3.1270   3.157007    34.5788    27.5371 0.0000e+00
       1320    311.501     3.1269   3.156997    34.5788    27.5371 0.0000e+00
       1321    311.443     3.1269   3.156988    34.5787    27.5371 0.0000e+00
       1322    311.390     3.1269   3.156983    34.5787    27.5370 0.0000e+00
       1323    311.341     3.1269   3.156986    34.5787    27.5371 0.0000e+00
       1324    311.300     3.1269   3.156986    34.5788    27.5371 0.0000e+00
       1325    311.268     3.1269   3.156983    34.5787    27.5371 0.0000e+00
       1326    311.239     3.1269   3.156980    34.5787    27.5371 0.0000e+00
       1327    311.207     3.1269   3.156982    34.5788    27.5371 0.0000e+00
       1328    311.167     3.1269   3.156982    34.5788    27.5371 0.0000e+00
       1329    311.118     3.1269   3.156980    34.5788    27.5371 0.0000e+00
       1330    311.063     3.1269   3.156975    34.5787    27.5371 0.0000e+00
       1331    311.002     3.1269   3.156964    34.5786    27.5370 0.0000e+00
       1332    310.937     3.1267   3.156947    34.5787    27.5371 0.0000e+00
       1333    310.876     3.1266   3.156940    34.5787    27.5371 0.0000e+00
       1334    310.824     3.1266   3.156939    34.5788    27.5371 0.0000e+00
       1335    310.776     3.1266   3.156940    34.5788    27.5372 0.0000e+00
       1336    310.721     3.1266   3.156942    34.5789    27.5372 0.0000e+00
       1337    310.656     3.1268   3.156954    34.5788    27.5372 0.0000e+00
       1338    310.589     3.1269   3.156968    34.5789    27.5372 0.0000e+00
       1339    310.540     3.1269   3.156967    34.5789    27.5372 0.0000e+00
       1340    310.521     3.1270   3.156963    34.5788    27.5371 0.0000e+00
       1341    310.521     3.1270   3.156961    34.5788    27.5371 0.0000e+00
       1342    310.519     3.1269   3.156950    34.5787    27.5371 0.0000e+00
       1343    310.500     3.1269   3.156942    34.5787    27.5370 0.0000e+00
       1344    310.465     3.1268   3.156940    34.5788    27.5371 0.0000e+00
       1345    310.427     3.1269   3.156953    34.5788    27.5372 0.0000e+00
       1346    310.393     3.1271   3.156979    34.5790    27.5372 0.0000e+00
       1347    310.358     3.1273   3.156993    34.5789    27.5372 0.0000e+00
       1348    310.316     3.1273   3.156988    34.5789    27.5372 0.0000e+00
       1349    310.274     3.1273   3.156980    34.5788    27.5371 0.0000e+00
       1350    310.241     3.1273   3.156979    34.5788    27.5371 0.0000e+00
       1351    310.223     3.1271   3.156975    34.5790    27.5373 0.0000e+00
       1352    310.213     3.1269   3.156958    34.5790    27.5373 0.0000e+00
       1353    310.199     3.1269   3.156943    34.5788    27.5372 0.0000e+00
       1354    310.173     3.1268   3.156922    34.5787    27.5371 0.0000e+00
       1355    310.130     3.1266   3.156893    34.5786    27.5370 0.0000e+00
       1356    310.085     3.1265   3.156875    34.5785    27.5369 0.0000e+00
       1357    310.061     3.1265   3.156882    34.5786    27.5370 0.0000e+00
       1358    310.061     3.1265   3.156903    34.5789    27.5372 0.0000e+00
       1359    310.068     3.1266   3.156916    34.5789    27.5372 0.0000e+00
       1360    310.065     3.1268   3.156922    34.5788    27.5371 0.0000e+00
       1361    310.051     3.1269   3.156928    34.5787    27.5371 0.0000e+00
       1362    310.034     3.1268   3.156922    34.5788    27.5371 0.0000e+00
       1363    310.015     3.1266   3.156902    34.5788    27.5371 0.0000e+00
       1364    309.996     3.1265   3.156888    34.5787    27.5371 0.0000e+00
       1365    309.981     3.1265   3.156886    34.5787    27.5371 0.0000e+00
       1366    309.973     3.1265   3.156888    34.5787    27.5371 0.0000e+00
       1367    309.962     3.1265   3.156879    34.5786    27.5370 0.0000e+00
       1368    309.940     3.1265   3.156866    34.5785    27.5369 0.0000e+00
       1369    309.914     3.1265   3.156865    34.5785    27.5369 0.0000e+00
       1370    309.896     3.1265   3.156874    34.5786    27.5370 0.0000e+00
       1371    309.889     3.1265   3.156890    34.5788    27.5372 0.0000e+00
       1372    309.887     3.1266   3.156904    34.5789    27.5372 0.0000e+00
       1373    309.885     3.1266   3.156900    34.5788    27.5372 0.0000e+00
       1374    309.888     3.1265   3.156886    34.5787    27.5371 0.0000e+00
       1375    309.899     3.1265   3.156877    34.5786    27.5370 0.0000e+00
       1376    309.910     3.1265   3.156874    34.5786    27.5370 0.0000e+00
       1377    309.920     3.1265   3.156880    34.5786    27.5370 0.0000e+00
       1378    309.931     3.1265   3.156893    34.5788    27.5372 0.0000e+00
       1379    309.941     3.1265   3.156902    34.5789    27.5373 0.0000e+00
       1380    309.953     3.1266   3.156907    34.5789    27.5372 0.0000e+00
       1381    309.964     3.1266   3.156909    34.5789    27.5372 0.0000e+00
       1382    309.958     3.1266   3.156904    34.5788    27.5372 0.0000e+00
       1383    309.935     3.1265   3.156889    34.5787    27.5371 0.0000e+00
       1384    309.911     3.1265   3.156874    34.5786    27.5370 0.0000e+00
       1385    309.895     3.1265   3.156866    34.5785    27.5369 0.0000e+00
       1386    309.886     3.1264   3.156866    34.5786    27.5370 0.0000e+00
       1387    309.881     3.1265   3.156871    34.5786    27.5370 0.0000e+00
       1388    309.887     3.1265   3.156880    34.5787    27.5371 0.0000e+00
       1389    309.903     3.1265   3.156886    34.5787    27.5371 0.0000e+00
       1390    309.922     3.1265   3.156887    34.5787    27.5371 0.0000e+00
       1391    309.936     3.1265   3.156884    34.5787    27.5371 0.0000e+00
       1392    309.945     3.1265   3.156874    34.5786    27.5370 0.0000e+00
       1393    309.948     3.1265   3.156867    34.5785    27.5369 0.0000e+00
       1394    309.946     3.1265   3.156880    34.5786    27.5370 0.0000e+00
       1395    309.940     3.1265   3.156900    34.5789    27.5372 0.0000e+00
       1396    309.930     3.1266   3.156907    34.5789    27.5372 0.0000e+00
       1397    309.915     3.1265   3.156899    34.5789    27.5372 0.0000e+00
       1398    309.899     3.1265   3.156884    34.5787    27.5371 0.0000e+00
       1399    309.881     3.1264   3.156865    34.5786    27.5370 0.0000e+00
       1400    309.858     3.1262   3.156847    34.5786    27.5370 0.0000e+00
       1401    309.831     3.1262   3.156845    34.5786    27.5370 0.0000e+00
       1402    309.811     3.1262   3.156857    34.5787    27.5372 0.0000e+00
       1403    309.801     3.1264   3.156881    34.5788    27.5372 0.0000e+00
       1404    309.787     3.1265   3.156899    34.5790    27.5373 0.0000e+00
       1405    309.755     3.1265   3.156899    34.5790    27.5373 0.0000e+00
       1406    309.708     3.1265   3.156881    34.5788    27.5372 0.0000e+00
       1407    309.662     3.1265   3.156868    34.5786    27.5370 0.0000e+00
       1408    309.635     3.1265   3.156875    34.5787    27.5371 0.0000e+00
       1409    309.625     3.1266   3.156900    34.5789    27.5373 0.0000e+00
       1410    309.618     3.1268   3.156919    34.5790    27.5373 0.0000e+00
       1411    309.600     3.1269   3.156925    34.5789    27.5372 0.0000e+00
       1412    309.563     3.1269   3.156919    34.5789    27.5372 0.0000e+00
       1413    309.510     3.1268   3.156907    34.5789    27.5372 0.0000e+00
       1414    309.453     3.1267   3.156897    34.5789    27.5372 0.0000e+00
       1415    309.401     3.1266   3.156887    34.5789    27.5372 0.0000e+00
       1416    309.355     3.1265   3.156881    34.5790    27.5373 0.0000e+00
       1417    309.314     3.1265   3.156877    34.5789    27.5373 0.0000e+00
       1418    309.279     3.1265   3.156873    34.5789    27.5373 0.0000e+00
       1419    309.244     3.1265   3.156873    34.5789    27.5373 0.0000e+00
       1420    309.202     3.1265   3.156874    34.5790    27.5373 0.0000e+00
       1421    309.147     3.1265   3.156871    34.5790    27.5373 0.0000e+00
       1422    309.076     3.1265   3.156861    34.5789    27.5372 0.0000e+00
       1423    309.003     3.1265   3.156855    34.5788    27.5372 0.0000e+00
       1424    308.948     3.1265   3.156855    34.5789    27.5372 0.0000e+00
       1425    308.910     3.1265   3.156855    34.5789    27.5372 0.0000e+00
       1426    308.872     3.1265   3.156853    34.5789    27.5372 0.0000e+00
       1427    308.825     3.1265   3.156853    34.5789    27.5373 0.0000e+00
       1428    308.768     3.1265   3.156854    34.5790    27.5373 0.0000e+00
       1429    308.695     3.1265   3.156851    34.5790    27.5373 0.0000e+00
       1430    308.607     3.1265   3.156836    34.5788    27.5372 0.0000e+00
       1431    308.515     3.1263   3.156807    34.5787    27.5371 0.0000e+00
       1432    308.434     3.1261   3.156778    34.5787    27.5371 0.0000e+00
       1433    308.372     3.1259   3.156758    34.5787    27.5371 0.0000e+00
       1434    308.329     3.1258   3.156749    34.5787    27.5371 0.0000e+00
       1435    308.302     3.1260   3.156760    34.5786    27.5371 0.0000e+00
