Datasets/Multi_Species/NEE535/ned535_2020_013.cnv
* Sea-Bird SBE19plus Data File:
* Filename = C:/AQUIRE/ned535_2020_013.hex
* Software Version AquireV2 AF V2.0
* Temperature SN =  4579
* Conductivity SN =  4579
* System UpLoad Time = Dec 07 2020 16:04:27
** VESSEL/TRIP/SEQ STN: ned535_2020_013
** LATITUDE: 50 13.61 N
** LONGITUDE: 50 14.81 W
** DATE/TIME: 2020-12-07 14:46
** SOUNDING DEPTH (M):  873
** PROBE TYPE: S4579
** CTD NUMBER:  13
** COMMENTS: 
# nquan = 7                                 
# nvalues = 4629                        
# units = specified
# name 0 = scan: Scan Count
# name 1 = prdM: Pressure, Strain Gauge [db]
# name 2 = tv290C: Temperature [ITS-90, deg C]
# name 3 = c0S/m: Conductivity [S/m]
# name 4 = sal00: Salinity, Practical [PSU]
# name 5 = sigma-t00: Density [sigma-t, kg/m^3 ]
# name 6 = flag: flag
# span 0 =          1,       4629       
# span 1 =     -0.397,    892.838       
# span 2 =     1.5939,     3.9506       
# span 3 =   0.013335,   3.250286       
# span 4 =     0.1059,    34.8645       
# span 5 =     0.0547,    27.7283       
# span 6 = 0.0000e+00, 0.0000e+00       
# interval = seconds: 1
# start_time = Dec 07 2020 14:46:12 [Instrument's time stamp, header]
# bad_flag = -9.990e-29
*END*
[from data line 4513]
       4514     -0.338     1.9483   0.023862     0.2005     0.1045 0.0000e+00
       4515     -0.340     1.9489   0.023670     0.1989     0.1032 0.0000e+00
       4516     -0.339     1.9495   0.023580     0.1981     0.1025 0.0000e+00
       4517     -0.337     1.9502   0.023480     0.1972     0.1018 0.0000e+00
       4518     -0.337     1.9508   0.023335     0.1959     0.1008 0.0000e+00
       4519     -0.337     1.9514   0.023126     0.1941     0.0994 0.0000e+00
       4520     -0.340     1.9520   0.022848     0.1917     0.0974 0.0000e+00
       4521     -0.343     1.9526   0.022574     0.1893     0.0955 0.0000e+00
       4522     -0.345     1.9532   0.022362     0.1874     0.0940 0.0000e+00
       4523     -0.343     1.9538   0.022274     0.1866     0.0934 0.0000e+00
       4524     -0.339     1.9545   0.022423     0.1879     0.0944 0.0000e+00
       4525     -0.337     1.9551   0.022768     0.1909     0.0969 0.0000e+00
       4526     -0.336     1.9557   0.023041     0.1933     0.0989 0.0000e+00
       4527     -0.336     1.9563   0.023044     0.1933     0.0989 0.0000e+00
       4528     -0.337     1.9569   0.022797     0.1912     0.0972 0.0000e+00
       4529     -0.339     1.9574   0.022404     0.1877     0.0944 0.0000e+00
       4530     -0.342     1.9580   0.021938     0.1837     0.0911 0.0000e+00
       4531     -0.340     1.9586   0.021537     0.1802     0.0883 0.0000e+00
       4532     -0.336     1.9592   0.021423     0.1792     0.0875 0.0000e+00
       4533     -0.335     1.9598   0.021543     0.1802     0.0884 0.0000e+00
       4534     -0.336     1.9605   0.021655     0.1812     0.0892 0.0000e+00
       4535     -0.336     1.9611   0.021724     0.1818     0.0897 0.0000e+00
       4536     -0.336     1.9617   0.021845     0.1828     0.0906 0.0000e+00
       4537     -0.336     1.9623   0.021964     0.1839     0.0914 0.0000e+00
       4538     -0.337     1.9629   0.021850     0.1829     0.0906 0.0000e+00
       4539     -0.338     1.9634   0.021366     0.1787     0.0872 0.0000e+00
       4540     -0.337     1.9640   0.020712     0.1730     0.0826 0.0000e+00
       4541     -0.333     1.9646   0.020343     0.1698     0.0800 0.0000e+00
       4542     -0.331     1.9652   0.020481     0.1710     0.0810 0.0000e+00
       4543     -0.333     1.9658   0.020743     0.1732     0.0829 0.0000e+00
       4544     -0.335     1.9664   0.020642     0.1724     0.0822 0.0000e+00
       4545     -0.336     1.9670   0.020268     0.1691     0.0795 0.0000e+00
       4546     -0.336     1.9674   0.020228     0.1688     0.0793 0.0000e+00
       4547     -0.337     1.9680   0.021533     0.1801     0.0885 0.0000e+00
       4548     -0.340     1.9686   0.027635     0.2335     0.1320 0.0000e+00
       4549     -0.343     1.9691   0.038333     0.3283     0.2090 0.0000e+00
       4550     -0.345     1.9696   0.044861     0.3867     0.2565 0.0000e+00
       4551     -0.343     1.9702   0.043443     0.3740     0.2461 0.0000e+00
       4552     -0.339     1.9708   0.039214     0.3361     0.2154 0.0000e+00
       4553     -0.337     1.9714   0.036978     0.3162     0.1992 0.0000e+00
       4554     -0.336     1.9720   0.038105     0.3262     0.2074 0.0000e+00
       4555     -0.336     1.9727   0.040552     0.3480     0.2252 0.0000e+00
       4556     -0.337     1.9733   0.041544     0.3569     0.2324 0.0000e+00
       4557     -0.340     1.9738   0.040392     0.3466     0.2240 0.0000e+00
       4558     -0.344     1.9744   0.038471     0.3294     0.2101 0.0000e+00
       4559     -0.346     1.9750   0.037320     0.3192     0.2018 0.0000e+00
       4560     -0.346     1.9756   0.036494     0.3118     0.1958 0.0000e+00
       4561     -0.346     1.9762   0.034776     0.2965     0.1834 0.0000e+00
       4562     -0.344     1.9769   0.032787     0.2789     0.1691 0.0000e+00
       4563     -0.343     1.9775   0.032303     0.2746     0.1657 0.0000e+00
       4564     -0.343     1.9781   0.033998     0.2896     0.1779 0.0000e+00
       4565     -0.342     1.9788   0.036378     0.3108     0.1951 0.0000e+00
       4566     -0.339     1.9794   0.037233     0.3184     0.2013 0.0000e+00
       4567     -0.335     1.9800   0.036222     0.3094     0.1940 0.0000e+00
       4568     -0.333     1.9807   0.034689     0.2957     0.1829 0.0000e+00
       4569     -0.334     1.9813   0.033589     0.2860     0.1750 0.0000e+00
       4570     -0.334     1.9819   0.032834     0.2793     0.1696 0.0000e+00
       4571     -0.335     1.9827   0.032019     0.2721     0.1638 0.0000e+00
       4572     -0.337     1.9833   0.031205     0.2649     0.1579 0.0000e+00
       4573     -0.337     1.9839   0.030855     0.2618     0.1554 0.0000e+00
       4574     -0.336     1.9846   0.030839     0.2616     0.1553 0.0000e+00
       4575     -0.336     1.9852   0.030509     0.2587     0.1530 0.0000e+00
       4576     -0.336     1.9859   0.029850     0.2529     0.1483 0.0000e+00
       4577     -0.336     1.9867   0.029456     0.2494     0.1455 0.0000e+00
       4578     -0.337     1.9873   0.029642     0.2510     0.1468 0.0000e+00
       4579     -0.339     1.9879   0.030137     0.2554     0.1504 0.0000e+00
       4580     -0.341     1.9885   0.030308     0.2569     0.1516 0.0000e+00
       4581     -0.342     1.9891   0.029574     0.2504     0.1464 0.0000e+00
       4582     -0.344     1.9897   0.028168     0.2380     0.1363 0.0000e+00
       4583     -0.346     1.9905   0.027138     0.2290     0.1290 0.0000e+00
       4584     -0.346     1.9911   0.027092     0.2286     0.1287 0.0000e+00
       4585     -0.346     1.9918   0.027429     0.2315     0.1311 0.0000e+00
       4586     -0.343     1.9924   0.027334     0.2307     0.1304 0.0000e+00
       4587     -0.340     1.9931   0.026963     0.2274     0.1278 0.0000e+00
       4588     -0.339     1.9937   0.026938     0.2272     0.1277 0.0000e+00
       4589     -0.339     1.9943   0.027245     0.2299     0.1299 0.0000e+00
       4590     -0.337     1.9950   0.027232     0.2298     0.1298 0.0000e+00
       4591     -0.333     1.9956   0.026642     0.2246     0.1256 0.0000e+00
       4592     -0.330     1.9964   0.025938     0.2184     0.1206 0.0000e+00
       4593     -0.332     1.9971   0.025618     0.2156     0.1183 0.0000e+00
       4594     -0.335     1.9977   0.027691     0.2338     0.1331 0.0000e+00
       4595     -0.338     1.9984   0.033318     0.2834     0.1735 0.0000e+00
       4596     -0.340     1.9993   0.036965     0.3158     0.1998 0.0000e+00
       4597     -0.339     2.0002   0.035416     0.3020     0.1886 0.0000e+00
       4598     -0.338     2.0010   0.033041     0.2809     0.1716 0.0000e+00
       4599     -0.338     2.0017   0.031421     0.2666     0.1599 0.0000e+00
       4600     -0.340     2.0025   0.029848     0.2527     0.1487 0.0000e+00
       4601     -0.344     2.0031   0.028694     0.2426     0.1404 0.0000e+00
       4602     -0.346     2.0038   0.027672     0.2336     0.1332 0.0000e+00
       4603     -0.346     2.0046   0.026942     0.2272     0.1280 0.0000e+00
       4604     -0.346     2.0052   0.026740     0.2254     0.1265 0.0000e+00
       4605     -0.343     2.0059   0.026204     0.2207     0.1227 0.0000e+00
       4606     -0.340     2.0065   0.024854     0.2089     0.1131 0.0000e+00
       4607     -0.340     2.0073   0.023652     0.1983     0.1046 0.0000e+00
       4608     -0.341     2.0079   0.023591     0.1978     0.1042 0.0000e+00
       4609     -0.341     2.0085   0.024254     0.2036     0.1089 0.0000e+00
       4610     -0.340     2.0092   0.024566     0.2063     0.1112 0.0000e+00
       4611     -0.339     2.0098   0.024368     0.2046     0.1098 0.0000e+00
       4612     -0.337     2.0105   0.024050     0.2018     0.1075 0.0000e+00
       4613     -0.336     2.0111   0.023693     0.1987     0.1050 0.0000e+00
       4614     -0.336     2.0118   0.023042     0.1930     0.1004 0.0000e+00
       4615     -0.336     2.0126   0.022092     0.1847     0.0937 0.0000e+00
       4616     -0.336     2.0132   0.021386     0.1786     0.0887 0.0000e+00
       4617     -0.335     2.0138   0.021530     0.1798     0.0898 0.0000e+00
       4618     -0.335     2.0145   0.022300     0.1865     0.0952 0.0000e+00
       4619     -0.337     2.0152   0.022746     0.1904     0.0984 0.0000e+00
       4620     -0.337     2.0158   0.022475     0.1880     0.0965 0.0000e+00
       4621     -0.336     2.0164   0.021858     0.1827     0.0922 0.0000e+00
       4622     -0.335     2.0172   0.021575     0.1802     0.0902 0.0000e+00
       4623     -0.334     2.0178   0.021855     0.1826     0.0922 0.0000e+00
       4624     -0.333     2.0184   0.022103     0.1848     0.0940 0.0000e+00
       4625     -0.335     2.0191   0.021885     0.1829     0.0924 0.0000e+00
       4626     -0.338     2.0198   0.021318     0.1779     0.0884 0.0000e+00
       4627     -0.340     2.0204   0.020822     0.1736     0.0850 0.0000e+00
       4628     -0.339     2.0210   0.020730     0.1728     0.0843 0.0000e+00
       4629     -0.338 -9.990e-29   0.020778 -9.990e-29 -9.990e-29 0.0000e+00
