Datasets/Multi_Species/NEE535/ned535_2020_006.cnv
* Sea-Bird SBE19plus Data File:
* Filename = C:/AQUIRE/ned535_2020_006.hex
* Software Version AquireV2 AF V2.0
* Temperature SN =  4579
* Conductivity SN =  4579
* System UpLoad Time = Dec 05 2020 17:35:53
** VESSEL/TRIP/SEQ STN: ned535_2020_006
** LATITUDE: 51 10.40 N
** LONGITUDE: 51 02.08 W
** DATE/TIME: 2020-12-05 16:44
** SOUNDING DEPTH (M):  260
** PROBE TYPE: S4579
** CTD NUMBER:   6
** COMMENTS: 
# nquan = 7                                 
# nvalues = 2846                        
# units = specified
# name 0 = scan: Scan Count
# name 1 = prdM: Pressure, Strain Gauge [db]
# name 2 = tv290C: Temperature [ITS-90, deg C]
# name 3 = c0S/m: Conductivity [S/m]
# name 4 = sal00: Salinity, Practical [PSU]
# name 5 = sigma-t00: Density [sigma-t, kg/m^3 ]
# name 6 = flag: flag
# span 0 =          1,       2846       
# span 1 =     -0.226,    257.716       
# span 2 =     0.6092,     3.4223       
# span 3 =   0.006077,   3.132528       
# span 4 =     0.0465,    34.5029       
# span 5 =     0.0101,    27.4931       
# span 6 = 0.0000e+00, 0.0000e+00       
# interval = seconds: 1
# start_time = Dec 05 2020 16:44:41 [Instrument's time stamp, header]
# bad_flag = -9.990e-29
*END*
[from data line 2667]
       2668     -0.202     1.6908   0.015603     0.1298     0.0379 0.0000e+00
       2669     -0.202     1.6921   0.015475     0.1287     0.0370 0.0000e+00
       2670     -0.205     1.6934   0.015458     0.1285     0.0369 0.0000e+00
       2671     -0.207     1.6947   0.015580     0.1296     0.0378 0.0000e+00
       2672     -0.208     1.6960   0.015709     0.1307     0.0388 0.0000e+00
       2673     -0.208     1.6974   0.015724     0.1308     0.0389 0.0000e+00
       2674     -0.207     1.6987   0.015693     0.1306     0.0388 0.0000e+00
       2675     -0.205     1.6999   0.015719     0.1308     0.0390 0.0000e+00
       2676     -0.204     1.7011   0.015802     0.1315     0.0396 0.0000e+00
       2677     -0.205     1.7025   0.015887     0.1322     0.0403 0.0000e+00
       2678     -0.207     1.7037   0.015942     0.1327     0.0407 0.0000e+00
       2679     -0.207     1.7051   0.015963     0.1329     0.0409 0.0000e+00
       2680     -0.207     1.7065   0.015918     0.1325     0.0406 0.0000e+00
       2681     -0.204     1.7077   0.015817     0.1316     0.0400 0.0000e+00
       2682     -0.201     1.7090   0.015691     0.1305     0.0391 0.0000e+00
       2683     -0.199     1.7103   0.015517     0.1290     0.0379 0.0000e+00
       2684     -0.201     1.7115   0.015321     0.1273     0.0366 0.0000e+00
       2685     -0.204     1.7127   0.015229     0.1265     0.0360 0.0000e+00
       2686     -0.204     1.7140   0.015312     0.1272     0.0366 0.0000e+00
       2687     -0.203     1.7152   0.015483     0.1287     0.0378 0.0000e+00
       2688     -0.203     1.7166   0.015576     0.1295     0.0386 0.0000e+00
       2689     -0.203     1.7178   0.015478     0.1286     0.0379 0.0000e+00
       2690     -0.203     1.7190   0.015292     0.1270     0.0366 0.0000e+00
       2691     -0.203     1.7201   0.015270     0.1268     0.0365 0.0000e+00
       2692     -0.202     1.7213   0.015485     0.1287     0.0381 0.0000e+00
       2693     -0.199     1.7226   0.015635     0.1300     0.0392 0.0000e+00
       2694     -0.196     1.7239   0.015479     0.1286     0.0381 0.0000e+00
       2695     -0.195     1.7251   0.015247     0.1266     0.0365 0.0000e+00
       2696     -0.198     1.7262   0.015192     0.1261     0.0362 0.0000e+00
       2697     -0.202     1.7273   0.015248     0.1266     0.0366 0.0000e+00
       2698     -0.203     1.7285   0.015296     0.1270     0.0370 0.0000e+00
       2699     -0.202     1.7296   0.015362     0.1276     0.0375 0.0000e+00
       2700     -0.199     1.7308   0.015451     0.1283     0.0381 0.0000e+00
       2701     -0.196     1.7320   0.015512     0.1289     0.0386 0.0000e+00
       2702     -0.196     1.7332   0.015515     0.1289     0.0387 0.0000e+00
       2703     -0.198     1.7344   0.015422     0.1281     0.0381 0.0000e+00
       2704     -0.202     1.7355   0.015268     0.1267     0.0370 0.0000e+00
       2705     -0.206     1.7367   0.015156     0.1258     0.0363 0.0000e+00
       2706     -0.205     1.7378   0.015127     0.1255     0.0361 0.0000e+00
       2707     -0.201     1.7389   0.015152     0.1257     0.0363 0.0000e+00
       2708     -0.199     1.7400   0.015258     0.1266     0.0371 0.0000e+00
       2709     -0.198     1.7412   0.015426     0.1281     0.0383 0.0000e+00
       2710     -0.198     1.7424   0.015502     0.1287     0.0389 0.0000e+00
       2711     -0.200     1.7434   0.015430     0.1281     0.0384 0.0000e+00
       2712     -0.202     1.7444   0.015399     0.1278     0.0382 0.0000e+00
       2713     -0.203     1.7454   0.015629     0.1298     0.0399 0.0000e+00
       2714     -0.205     1.7466   0.015958     0.1327     0.0423 0.0000e+00
       2715     -0.208     1.7477   0.015993     0.1330     0.0425 0.0000e+00
       2716     -0.208     1.7487   0.015815     0.1314     0.0413 0.0000e+00
       2717     -0.203     1.7497   0.015861     0.1318     0.0417 0.0000e+00
       2718     -0.200     1.7508   0.016420     0.1367     0.0457 0.0000e+00
       2719     -0.200     1.7519   0.017260     0.1440     0.0516 0.0000e+00
       2720     -0.201     1.7531   0.017608     0.1470     0.0542 0.0000e+00
       2721     -0.199     1.7540   0.017232     0.1437     0.0515 0.0000e+00
       2722     -0.196     1.7550   0.016704     0.1391     0.0478 0.0000e+00
       2723     -0.194     1.7560   0.016497     0.1373     0.0464 0.0000e+00
       2724     -0.197     1.7570   0.016550     0.1378     0.0468 0.0000e+00
       2725     -0.200     1.7580   0.016486     0.1372     0.0464 0.0000e+00
       2726     -0.201     1.7590   0.016277     0.1354     0.0449 0.0000e+00
       2727     -0.201     1.7601   0.016202     0.1347     0.0444 0.0000e+00
       2728     -0.200     1.7611   0.016312     0.1357     0.0452 0.0000e+00
       2729     -0.200     1.7620   0.016442     0.1368     0.0462 0.0000e+00
       2730     -0.201     1.7630   0.016525     0.1375     0.0468 0.0000e+00
       2731     -0.201     1.7640   0.016570     0.1379     0.0472 0.0000e+00
       2732     -0.201     1.7650   0.016607     0.1382     0.0475 0.0000e+00
       2733     -0.204     1.7660   0.016651     0.1386     0.0478 0.0000e+00
       2734     -0.204     1.7669   0.016586     0.1380     0.0474 0.0000e+00
       2735     -0.203     1.7677   0.016378     0.1362     0.0459 0.0000e+00
       2736     -0.202     1.7686   0.016209     0.1348     0.0448 0.0000e+00
       2737     -0.200     1.7696   0.016364     0.1361     0.0459 0.0000e+00
       2738     -0.198     1.7706   0.016904     0.1408     0.0497 0.0000e+00
       2739     -0.198     1.7716   0.017299     0.1442     0.0526 0.0000e+00
       2740     -0.198     1.7725   0.017141     0.1428     0.0515 0.0000e+00
       2741     -0.199     1.7734   0.016808     0.1399     0.0492 0.0000e+00
       2742     -0.200     1.7743   0.016984     0.1415     0.0504 0.0000e+00
       2743     -0.197     1.7753   0.017672     0.1474     0.0553 0.0000e+00
       2744     -0.195     1.7763   0.017994     0.1502     0.0576 0.0000e+00
       2745     -0.196     1.7772   0.017634     0.1471     0.0551 0.0000e+00
       2746     -0.198     1.7780   0.017224     0.1435     0.0522 0.0000e+00
       2747     -0.198     1.7789   0.017145     0.1428     0.0517 0.0000e+00
       2748     -0.197     1.7797   0.017417     0.1452     0.0537 0.0000e+00
       2749     -0.198     1.7807   0.017782     0.1484     0.0563 0.0000e+00
       2750     -0.201     1.7817   0.017759     0.1482     0.0562 0.0000e+00
       2751     -0.200     1.7826   0.017451     0.1455     0.0540 0.0000e+00
       2752     -0.198     1.7835   0.017363     0.1447     0.0534 0.0000e+00
       2753     -0.196     1.7844   0.017558     0.1464     0.0548 0.0000e+00
       2754     -0.194     1.7854   0.017679     0.1475     0.0557 0.0000e+00
       2755     -0.193     1.7863   0.017559     0.1464     0.0549 0.0000e+00
       2756     -0.195     1.7873   0.017476     0.1457     0.0543 0.0000e+00
       2757     -0.197     1.7881   0.017626     0.1470     0.0554 0.0000e+00
       2758     -0.199     1.7890   0.017797     0.1485     0.0567 0.0000e+00
       2759     -0.202     1.7900   0.017712     0.1477     0.0561 0.0000e+00
       2760     -0.202     1.7908   0.017387     0.1449     0.0538 0.0000e+00
       2761     -0.197     1.7917   0.017088     0.1423     0.0517 0.0000e+00
       2762     -0.194     1.7925   0.017009     0.1416     0.0512 0.0000e+00
       2763     -0.194     1.7935   0.017153     0.1429     0.0522 0.0000e+00
       2764     -0.193     1.7944   0.017528     0.1461     0.0549 0.0000e+00
       2765     -0.191     1.7953   0.018014     0.1503     0.0584 0.0000e+00
       2766     -0.191     1.7963   0.018250     0.1524     0.0601 0.0000e+00
       2767     -0.194     1.7971   0.018063     0.1507     0.0588 0.0000e+00
       2768     -0.196     1.7978   0.017722     0.1478     0.0564 0.0000e+00
       2769     -0.196     1.7987   0.017584     0.1466     0.0555 0.0000e+00
       2770     -0.196     1.7997   0.017769     0.1482     0.0568 0.0000e+00
       2771     -0.194     1.8007   0.017955     0.1498     0.0582 0.0000e+00
       2772     -0.193     1.8016   0.017750     0.1480     0.0567 0.0000e+00
       2773     -0.194     1.8025   0.017451     0.1454     0.0546 0.0000e+00
       2774     -0.195     1.8035   0.017514     0.1459     0.0551 0.0000e+00
       2775     -0.194     1.8045   0.017792     0.1484     0.0571 0.0000e+00
       2776     -0.193     1.8054   0.017921     0.1495     0.0581 0.0000e+00
       2777     -0.194     1.8062   0.017830     0.1487     0.0574 0.0000e+00
       2778     -0.196     1.8070   0.017738     0.1479     0.0568 0.0000e+00
       2779     -0.198     1.8079   0.017791     0.1483     0.0572 0.0000e+00
       2780     -0.200     1.8087   0.018003     0.1502     0.0587 0.0000e+00
       2781     -0.201     1.8097   0.018486     0.1544     0.0622 0.0000e+00
       2782     -0.199     1.8106   0.019266     0.1612     0.0678 0.0000e+00
       2783     -0.196     1.8117   0.020211     0.1694     0.0745 0.0000e+00
       2784     -0.195     1.8127   0.021016     0.1764     0.0803 0.0000e+00
       2785     -0.196     1.8137   0.021491     0.1806     0.0837 0.0000e+00
       2786     -0.195     1.8146   0.021949     0.1846     0.0870 0.0000e+00
       2787     -0.196     1.8155   0.022463     0.1891     0.0907 0.0000e+00
       2788     -0.198     1.8165   0.022717     0.1913     0.0925 0.0000e+00
       2789     -0.200     1.8174   0.022852     0.1925     0.0935 0.0000e+00
       2790     -0.203     1.8183   0.023309     0.1965     0.0968 0.0000e+00
       2791     -0.203     1.8193   0.023888     0.2016     0.1009 0.0000e+00
       2792     -0.200     1.8203   0.024057     0.2030     0.1022 0.0000e+00
       2793     -0.198     1.8213   0.024081     0.2032     0.1024 0.0000e+00
       2794     -0.196     1.8223   0.024639     0.2081     0.1064 0.0000e+00
       2795     -0.194     1.8234   0.025927     0.2195     0.1157 0.0000e+00
       2796     -0.193     1.8245   0.027199     0.2307     0.1248 0.0000e+00
       2797     -0.194     1.8256   0.027218     0.2308     0.1250 0.0000e+00
       2798     -0.196     1.8264   0.026217     0.2220     0.1178 0.0000e+00
       2799     -0.197     1.8273   0.025702     0.2175     0.1142 0.0000e+00
       2800     -0.197     1.8282   0.025901     0.2192     0.1156 0.0000e+00
       2801     -0.197     1.8292   0.025936     0.2195     0.1159 0.0000e+00
       2802     -0.197     1.8302   0.025643     0.2169     0.1138 0.0000e+00
       2803     -0.197     1.8312   0.025420     0.2150     0.1123 0.0000e+00
       2804     -0.196     1.8321   0.025499     0.2156     0.1129 0.0000e+00
       2805     -0.194     1.8332   0.025753     0.2179     0.1147 0.0000e+00
       2806     -0.193     1.8342   0.026004     0.2201     0.1165 0.0000e+00
       2807     -0.194     1.8354   0.026224     0.2220     0.1181 0.0000e+00
       2808     -0.194     1.8365   0.026055     0.2205     0.1170 0.0000e+00
       2809     -0.193     1.8374   0.025604     0.2165     0.1138 0.0000e+00
       2810     -0.194     1.8382   0.025609     0.2166     0.1138 0.0000e+00
       2811     -0.195     1.8393   0.025911     0.2192     0.1160 0.0000e+00
       2812     -0.196     1.8403   0.025958     0.2196     0.1164 0.0000e+00
       2813     -0.200     1.8415   0.025719     0.2175     0.1147 0.0000e+00
       2814     -0.201     1.8424   0.025375     0.2145     0.1123 0.0000e+00
       2815     -0.196     1.8434   0.025184     0.2128     0.1109 0.0000e+00
       2816     -0.190     1.8443   0.025120     0.2122     0.1105 0.0000e+00
       2817     -0.187     1.8453   0.024985     0.2110     0.1096 0.0000e+00
       2818     -0.186     1.8463   0.024813     0.2095     0.1084 0.0000e+00
       2819     -0.186     1.8473   0.024727     0.2088     0.1078 0.0000e+00
       2820     -0.187     1.8483   0.024723     0.2087     0.1078 0.0000e+00
       2821     -0.190     1.8493   0.024747     0.2089     0.1080 0.0000e+00
       2822     -0.193     1.8503   0.024781     0.2092     0.1083 0.0000e+00
       2823     -0.195     1.8513   0.024815     0.2095     0.1085 0.0000e+00
       2824     -0.193     1.8523   0.024838     0.2097     0.1087 0.0000e+00
       2825     -0.190     1.8534   0.024806     0.2094     0.1085 0.0000e+00
       2826     -0.190     1.8544   0.024681     0.2083     0.1077 0.0000e+00
       2827     -0.193     1.8555   0.024533     0.2070     0.1066 0.0000e+00
       2828     -0.195     1.8565   0.024529     0.2070     0.1066 0.0000e+00
       2829     -0.193     1.8577   0.024687     0.2083     0.1078 0.0000e+00
       2830     -0.189     1.8588   0.024791     0.2092     0.1086 0.0000e+00
       2831     -0.187     1.8598   0.024741     0.2088     0.1082 0.0000e+00
       2832     -0.187     1.8608   0.024647     0.2080     0.1076 0.0000e+00
       2833     -0.189     1.8619   0.024727     0.2087     0.1082 0.0000e+00
       2834     -0.191     1.8630   0.025037     0.2114     0.1105 0.0000e+00
       2835     -0.192     1.8641   0.025192     0.2127     0.1116 0.0000e+00
       2836     -0.194     1.8651   0.025103     0.2119     0.1110 0.0000e+00
       2837     -0.196     1.8661   0.025158     0.2124     0.1114 0.0000e+00
       2838     -0.197     1.8671   0.025251     0.2132     0.1121 0.0000e+00
       2839     -0.197     1.8683   0.025109     0.2120     0.1111 0.0000e+00
       2840     -0.197     1.8695   0.024889     0.2100     0.1096 0.0000e+00
       2841     -0.196     1.8706   0.024841     0.2096     0.1093 0.0000e+00
       2842     -0.193     1.8717   0.025018     0.2112     0.1106 0.0000e+00
       2843     -0.190     1.8729   0.025191     0.2127     0.1118 0.0000e+00
       2844     -0.188     1.8741   0.025184     0.2126     0.1118 0.0000e+00
       2845     -0.189     1.8749   0.025032     0.2113     0.1108 0.0000e+00
       2846     -0.190 -9.990e-29   0.024901 -9.990e-29 -9.990e-29 0.0000e+00
