Datasets/Multi_Species/NEE535/ned535_2020_017.cnv
* Sea-Bird SBE19plus Data File:
* Filename = C:/AQUIRE/ned535_2020_017.hex
* Software Version AquireV2 AF V2.0
* Temperature SN =  4579
* Conductivity SN =  4579
* System UpLoad Time = Dec 08 2020 19:43:23
** VESSEL/TRIP/SEQ STN: ned535_2020_017
** LATITUDE: 00 00.00 N
** LONGITUDE: 00 00.00 W
** DATE/TIME: 2020-12-08 18:56
** SOUNDING DEPTH (M): 9999
** PROBE TYPE: S4579
** CTD NUMBER:
** COMMENTS:
# nquan = 7                                 
# nvalues = 2707                        
# units = specified
# name 0 = scan: Scan Count
# name 1 = prdM: Pressure, Strain Gauge [db]
# name 2 = tv290C: Temperature [ITS-90, deg C]
# name 3 = c0S/m: Conductivity [S/m]
# name 4 = sal00: Salinity, Practical [PSU]
# name 5 = sigma-t00: Density [sigma-t, kg/m^3 ]
# name 6 = flag: flag
# span 0 =          1,       2707       
# span 1 =     -0.353,    242.574       
# span 2 =     0.9778,     2.9669       
# span 3 =   0.015509,   3.135104       
# span 4 =     0.1306,    34.5215       
# span 5 =     0.0210,    27.5061       
# span 6 = 0.0000e+00, 0.0000e+00       
# interval = seconds: 1
# start_time = Dec 08 2020 18:56:34 [Instrument's time stamp, header]
# bad_flag = -9.990e-29
*END*
[from data line 206]
        207      0.337     1.9655   2.898237    32.7873    26.2017 0.0000e+00
        208      0.345     1.9706   2.898229    32.7819    26.1970 0.0000e+00
        209      0.370     1.9695   2.897482    32.7737    26.1905 0.0000e+00
        210      0.417     1.9623   2.896833    32.7730    26.1905 0.0000e+00
        211      0.506     1.9551   2.897258    32.7858    26.2012 0.0000e+00
        212      0.643     1.9557   2.898304    32.7981    26.2111 0.0000e+00
        213      0.764     1.9670   2.899540    32.8018    26.2132 0.0000e+00
        214      0.780     1.9811   2.900914    32.8043    26.2141 0.0000e+00
        215      0.709     1.9863   2.900970    32.7996    26.2100 0.0000e+00
        216      0.650     1.9815   2.900456    32.7982    26.2093 0.0000e+00
        217      0.624     1.9765   2.900700    32.8065    26.2162 0.0000e+00
        218      0.568     1.9770   2.900808    32.8073    26.2169 0.0000e+00
        219      0.469     1.9800   2.900740    32.8034    26.2135 0.0000e+00
        220      0.402     1.9806   2.900534    32.8003    26.2110 0.0000e+00
        221      0.416     1.9775   2.900087    32.7979    26.2093 0.0000e+00
        222      0.460     1.9755   2.899887    32.7975    26.2091 0.0000e+00
        223      0.474     1.9786   2.900503    32.8019    26.2124 0.0000e+00
        224      0.461     1.9838   2.901338    32.8070    26.2161 0.0000e+00
        225      0.471     1.9860   2.901422    32.8057    26.2149 0.0000e+00
        226      0.512     1.9864   2.901338    32.8042    26.2137 0.0000e+00
        227      0.540     1.9891   2.901583    32.8045    26.2137 0.0000e+00
        228      0.543     1.9933   2.901790    32.8027    26.2120 0.0000e+00
        229      0.541     1.9962   2.901934    32.8015    26.2108 0.0000e+00
        230      0.552     1.9979   2.902103    32.8018    26.2109 0.0000e+00
        231      0.603     1.9988   2.902239    32.8026    26.2115 0.0000e+00
        232      0.678     1.9994   2.902563    32.8059    26.2141 0.0000e+00
        233      0.739     2.0004   2.902924    32.8094    26.2168 0.0000e+00
        234      0.747     2.0018   2.903122    32.8104    26.2175 0.0000e+00
        235      0.672     2.0025   2.903082    32.8092    26.2165 0.0000e+00
        236      0.554     2.0015   2.902251    32.7999    26.2092 0.0000e+00
        237      0.471     1.9996   2.901629    32.7942    26.2047 0.0000e+00
        238      0.452     1.9982   2.902324    32.8043    26.2129 0.0000e+00
        239      0.475     1.9970   2.902836    32.8120    26.2191 0.0000e+00
        240      0.495     1.9950   2.902602    32.8111    26.2186 0.0000e+00
        241      0.454     1.9935   2.902500    32.8114    26.2189 0.0000e+00
        242      0.316     1.9946   2.902715    32.8130    26.2201 0.0000e+00
        243      0.144     1.9969   2.902918    32.8133    26.2202 0.0000e+00
        244      0.049     1.9979   2.902781    32.8106    26.2179 0.0000e+00
        245      0.054     1.9971   2.902501    32.8079    26.2159 0.0000e+00
        246      0.109     1.9948   2.902334    32.8082    26.2162 0.0000e+00
        247      0.173     1.9922   2.902251    32.8098    26.2177 0.0000e+00
        248      0.232     1.9914   2.902254    32.8106    26.2185 0.0000e+00
        249      0.296     1.9934   2.902535    32.8120    26.2194 0.0000e+00
        250      0.379     1.9971   2.902992    32.8139    26.2206 0.0000e+00
        251      0.502     2.0003   2.903245    32.8136    26.2202 0.0000e+00
        252      0.679     2.0019   2.903265    32.8121    26.2189 0.0000e+00
        253      0.920     2.0024   2.903272    32.8115    26.2184 0.0000e+00
        254      1.236     2.0030   2.903361    32.8119    26.2186 0.0000e+00
        255      1.610     2.0042   2.903471    32.8118    26.2184 0.0000e+00
        256      1.975     2.0050   2.903531    32.8115    26.2181 0.0000e+00
        257      2.240     2.0044   2.903531    32.8120    26.2186 0.0000e+00
        258      2.364     2.0034   2.903510    32.8127    26.2192 0.0000e+00
        259      2.372     2.0030   2.903513    32.8131    26.2196 0.0000e+00
        260      2.325     2.0031   2.903521    32.8131    26.2196 0.0000e+00
        261      2.270     2.0020   2.903475    32.8137    26.2202 0.0000e+00
        262      2.228     1.9998   2.903384    32.8149    26.2213 0.0000e+00
        263      2.209     1.9983   2.903352    32.8161    26.2223 0.0000e+00
        264      2.192     1.9985   2.903394    32.8164    26.2226 0.0000e+00
        265      2.152     1.9989   2.903408    32.8162    26.2224 0.0000e+00
        266      2.115     1.9984   2.903369    32.8162    26.2224 0.0000e+00
        267      2.113     1.9977   2.903344    32.8167    26.2228 0.0000e+00
        268      2.138     1.9977   2.903365    32.8169    26.2230 0.0000e+00
        269      2.147     1.9986   2.903414    32.8166    26.2227 0.0000e+00
        270      2.090     1.9997   2.903457    32.8160    26.2222 0.0000e+00
        271      1.953     2.0002   2.903462    32.8156    26.2218 0.0000e+00
        272      1.772     1.9998   2.903414    32.8155    26.2218 0.0000e+00
        273      1.618     1.9993   2.903350    32.8153    26.2217 0.0000e+00
        274      1.554     1.9990   2.903326    32.8154    26.2217 0.0000e+00
        275      1.578     1.9995   2.903386    32.8156    26.2219 0.0000e+00
        276      1.646     2.0006   2.903504    32.8159    26.2220 0.0000e+00
        277      1.715     2.0012   2.903580    32.8162    26.2222 0.0000e+00
        278      1.713     2.0001   2.903545    32.8169    26.2228 0.0000e+00
        279      1.581     1.9975   2.903428    32.8182    26.2241 0.0000e+00
        280      1.367     1.9951   2.903335    32.8197    26.2254 0.0000e+00
        281      1.172     1.9940   2.903299    32.8205    26.2261 0.0000e+00
        282      1.044     1.9945   2.903294    32.8199    26.2257 0.0000e+00
        283      0.978     1.9958   2.903319    32.8189    26.2248 0.0000e+00
        284      0.943     1.9971   2.903367    32.8182    26.2241 0.0000e+00
        285      0.922     1.9980   2.903421    32.8180    26.2239 0.0000e+00
        286      0.920     1.9991   2.903465    32.8174    26.2233 0.0000e+00
        287      0.920     1.9999   2.903475    32.8167    26.2227 0.0000e+00
        288      0.887     2.0002   2.903449    32.8161    26.2222 0.0000e+00
        289      0.826     2.0000   2.903409    32.8158    26.2220 0.0000e+00
        290      0.771     1.9989   2.903370    32.8165    26.2226 0.0000e+00
        291      0.729     1.9962   2.903289    32.8183    26.2242 0.0000e+00
        292      0.700     1.9932   2.903184    32.8201    26.2259 0.0000e+00
        293      0.676     1.9922   2.903158    32.8208    26.2266 0.0000e+00
        294      0.629     1.9936   2.903220    32.8202    26.2260 0.0000e+00
        295      0.571     1.9951   2.903284    32.8195    26.2253 0.0000e+00
        296      0.577     1.9946   2.903265    32.8197    26.2255 0.0000e+00
        297      0.674     1.9928   2.903199    32.8207    26.2264 0.0000e+00
        298      0.768     1.9917   2.903157    32.8213    26.2270 0.0000e+00
        299      0.762     1.9922   2.903150    32.8207    26.2265 0.0000e+00
        300      0.675     1.9936   2.903177    32.8196    26.2255 0.0000e+00
        301      0.600     1.9943   2.903195    32.8192    26.2251 0.0000e+00
        302      0.604     1.9942   2.903209    32.8194    26.2253 0.0000e+00
        303      0.675     1.9946   2.903252    32.8195    26.2253 0.0000e+00
        304      0.756     1.9956   2.903311    32.8192    26.2250 0.0000e+00
        305      0.803     1.9962   2.903361    32.8192    26.2249 0.0000e+00
        306      0.790     1.9968   2.903382    32.8188    26.2246 0.0000e+00
        307      0.739     1.9973   2.903380    32.8183    26.2242 0.0000e+00
        308      0.696     1.9975   2.903358    32.8178    26.2238 0.0000e+00
        309      0.672     1.9975   2.903333    32.8175    26.2235 0.0000e+00
        310      0.675     1.9975   2.903344    32.8177    26.2236 0.0000e+00
        311      0.726     1.9977   2.903381    32.8179    26.2238 0.0000e+00
        312      0.820     1.9979   2.903399    32.8179    26.2238 0.0000e+00
        313      0.894     1.9977   2.903393    32.8179    26.2239 0.0000e+00
        314      0.896     1.9967   2.903354    32.8185    26.2244 0.0000e+00
        315      0.860     1.9945   2.903285    32.8199    26.2257 0.0000e+00
        316      0.853     1.9916   2.903181    32.8217    26.2273 0.0000e+00
        317      0.889     1.9882   2.903011    32.8230    26.2286 0.0000e+00
        318      0.952     1.9865   2.902929    32.8237    26.2293 0.0000e+00
        319      1.038     1.9878   2.903020    32.8235    26.2290 0.0000e+00
        320      1.123     1.9897   2.903093    32.8224    26.2280 0.0000e+00
        321      1.166     1.9900   2.903087    32.8220    26.2276 0.0000e+00
        322      1.150     1.9895   2.903080    32.8224    26.2280 0.0000e+00
        323      1.113     1.9895   2.903075    32.8224    26.2280 0.0000e+00
        324      1.118     1.9895   2.903100    32.8227    26.2282 0.0000e+00
        325      1.193     1.9865   2.902994    32.8244    26.2299 0.0000e+00
        326      1.303     1.9781   2.902575    32.8279    26.2332 0.0000e+00
        327      1.413     1.9692   2.902150    32.8317    26.2370 0.0000e+00
        328      1.500     1.9667   2.902148    32.8342    26.2392 0.0000e+00
        329      1.538     1.9712   2.902467    32.8335    26.2383 0.0000e+00
        330      1.515     1.9773   2.902725    32.8304    26.2354 0.0000e+00
        331      1.460     1.9808   2.902822    32.8280    26.2332 0.0000e+00
        332      1.406     1.9813   2.902816    32.8275    26.2327 0.0000e+00
        333      1.351     1.9809   2.902673    32.8261    26.2317 0.0000e+00
        334      1.295     1.9806   2.902309    32.8219    26.2283 0.0000e+00
        335      1.254     1.9816   2.902209    32.8197    26.2264 0.0000e+00
        336      1.223     1.9852   2.902709    32.8222    26.2282 0.0000e+00
        337      1.200     1.9901   2.903167    32.8228    26.2283 0.0000e+00
        338      1.198     1.9939   2.903305    32.8206    26.2263 0.0000e+00
        339      1.216     1.9963   2.903363    32.8188    26.2247 0.0000e+00
        340      1.249     1.9979   2.903399    32.8176    26.2236 0.0000e+00
        341      1.284     1.9990   2.903422    32.8167    26.2228 0.0000e+00
        342      1.289     1.9988   2.903410    32.8168    26.2229 0.0000e+00
        343      1.238     1.9980   2.903381    32.8173    26.2233 0.0000e+00
        344      1.172     1.9975   2.903350    32.8175    26.2235 0.0000e+00
        345      1.188     1.9969   2.903308    32.8176    26.2236 0.0000e+00
        346      1.326     1.9960   2.903289    32.8182    26.2242 0.0000e+00
        347      1.555     1.9949   2.903283    32.8191    26.2250 0.0000e+00
        348      1.815     1.9899   2.903026    32.8209    26.2268 0.0000e+00
        349      2.004     1.9782   2.902493    32.8263    26.2320 0.0000e+00
        350      2.049     1.9648   2.902025    32.8344    26.2394 0.0000e+00
        351      1.975     1.9559   2.901732    32.8400    26.2446 0.0000e+00
        352      1.860     1.9514   2.901537    32.8423    26.2468 0.0000e+00
        353      1.794     1.9471   2.901326    32.8442    26.2486 0.0000e+00
        354      1.870     1.9425   2.901132    32.8465    26.2508 0.0000e+00
        355      2.082     1.9431   2.901228    32.8470    26.2511 0.0000e+00
        356      2.317     1.9526   2.901636    32.8420    26.2465 0.0000e+00
        357      2.505     1.9657   2.902090    32.8340    26.2391 0.0000e+00
        358      2.629     1.9745   2.902471    32.8296    26.2349 0.0000e+00
        359      2.654     1.9735   2.902433    32.8301    26.2354 0.0000e+00
        360      2.605     1.9603   2.901789    32.8358    26.2409 0.0000e+00
        361      2.599     1.9402   2.900891    32.8455    26.2501 0.0000e+00
        362      2.687     1.9274   2.900456    32.8533    26.2573 0.0000e+00
        363      2.778     1.9262   2.900648    32.8569    26.2603 0.0000e+00
        364      2.779     1.9224   2.900513    32.8591    26.2624 0.0000e+00
        365      2.729     1.9102   2.899864    32.8638    26.2670 0.0000e+00
        366      2.721     1.9028   2.899601    32.8682    26.2710 0.0000e+00
        367      2.787     1.9075   2.899978    32.8680    26.2705 0.0000e+00
        368      2.923     1.9166   2.900381    32.8635    26.2663 0.0000e+00
        369      3.080     1.9244   2.900702    32.8593    26.2623 0.0000e+00
        370      3.178     1.9267   2.900795    32.8580    26.2611 0.0000e+00
        371      3.250     1.9190   2.900413    32.8612    26.2642 0.0000e+00
        372      3.395     1.9086   2.900027    32.8671    26.2697 0.0000e+00
        373      3.622     1.9078   2.900042    32.8680    26.2705 0.0000e+00
        374      3.860     1.9177   2.900513    32.8634    26.2662 0.0000e+00
        375      4.068     1.9238   2.900735    32.8598    26.2628 0.0000e+00
        376      4.254     1.9141   2.900113    32.8620    26.2652 0.0000e+00
        377      4.427     1.8925   2.899146    32.8722    26.2750 0.0000e+00
        378      4.614     1.8717   2.898240    32.8825    26.2847 0.0000e+00
        379      4.872     1.8639   2.897987    32.8873    26.2892 0.0000e+00
        380      5.215     1.8703   2.898541    32.8874    26.2888 0.0000e+00
        381      5.569     1.8784   2.898858    32.8827    26.2844 0.0000e+00
        382      5.880     1.8790   2.898737    32.8804    26.2825 0.0000e+00
        383      6.176     1.8728   2.898467    32.8833    26.2853 0.0000e+00
        384      6.493     1.8672   2.898204    32.8856    26.2876 0.0000e+00
        385      6.835     1.8708   2.898485    32.8852    26.2870 0.0000e+00
        386      7.203     1.8844   2.899251    32.8804    26.2822 0.0000e+00
        387      7.572     1.8981   2.899818    32.8731    26.2753 0.0000e+00
        388      7.900     1.8960   2.899616    32.8725    26.2750 0.0000e+00
        389      8.203     1.8674   2.898039    32.8824    26.2850 0.0000e+00
        390      8.532     1.8270   2.896197    32.9013    26.3030 0.0000e+00
        391      8.907     1.7988   2.895380    32.9202    26.3203 0.0000e+00
        392      9.302     1.7883   2.895112    32.9276    26.3269 0.0000e+00
        393      9.653     1.7857   2.895022    32.9290    26.3282 0.0000e+00
        394      9.935     1.7784   2.894658    32.9319    26.3311 0.0000e+00
        395     10.192     1.7661   2.894143    32.9382    26.3369 0.0000e+00
        396     10.478     1.7488   2.893427    32.9471    26.3453 0.0000e+00
        397     10.821     1.7237   2.892311    32.9591    26.3568 0.0000e+00
        398     11.224     1.7026   2.891562    32.9716    26.3682 0.0000e+00
        399     11.663     1.6926   2.891315    32.9787    26.3746 0.0000e+00
        400     12.105     1.6877   2.891185    32.9819    26.3776 0.0000e+00
        401     12.522     1.6830   2.891009    32.9844    26.3799 0.0000e+00
        402     12.906     1.6773   2.890756    32.9870    26.3824 0.0000e+00
        403     13.270     1.6715   2.890524    32.9900    26.3852 0.0000e+00
        404     13.631     1.6669   2.890365    32.9926    26.3876 0.0000e+00
        405     14.005     1.6631   2.890226    32.9946    26.3895 0.0000e+00
        406     14.406     1.6595   2.890065    32.9961    26.3909 0.0000e+00
        407     14.843     1.6560   2.889897    32.9974    26.3922 0.0000e+00
        408     15.311     1.6517   2.889701    32.9992    26.3940 0.0000e+00
        409     15.786     1.6468   2.889474    33.0012    26.3959 0.0000e+00
        410     16.238     1.6429   2.889330    33.0032    26.3978 0.0000e+00
