Datasets/Multi_Species/NEE535/ned535_2020_014.cnv
* Sea-Bird SBE19plus Data File:
* Filename = C:/AQUIRE/ned535_2020_014.hex
* Software Version AquireV2 AF V2.0
* Temperature SN =  4579
* Conductivity SN =  4579
* System UpLoad Time = Dec 07 2020 18:36:28
** VESSEL/TRIP/SEQ STN: ned535_2020_014
** LATITUDE: 50 13.69 N
** LONGITUDE: 50 08.68 W
** DATE/TIME: 2020-12-07 17:15
** SOUNDING DEPTH (M):  949
** PROBE TYPE: S4579
** CTD NUMBER:  14
** COMMENTS: 
# nquan = 7                                 
# nvalues = 4800                        
# units = specified
# name 0 = scan: Scan Count
# name 1 = prdM: Pressure, Strain Gauge [db]
# name 2 = tv290C: Temperature [ITS-90, deg C]
# name 3 = c0S/m: Conductivity [S/m]
# name 4 = sal00: Salinity, Practical [PSU]
# name 5 = sigma-t00: Density [sigma-t, kg/m^3 ]
# name 6 = flag: flag
# span 0 =          1,       4800       
# span 1 =     -0.394,    945.893       
# span 2 =     1.4890,     3.9511       
# span 3 =   0.011529,   3.251341       
# span 4 =     0.0904,    34.8652       
# span 5 =     0.0451,    27.7302       
# span 6 = 0.0000e+00, 0.0000e+00       
# interval = seconds: 1
# start_time = Dec 07 2020 17:15:41 [Instrument's time stamp, header]
# bad_flag = -9.990e-29
*END*
[from data line 2462]
       2463    933.335     3.4959   3.240794    34.8638    27.7291 0.0000e+00
       2464    933.358     3.4959   3.240797    34.8639    27.7291 0.0000e+00
       2465    933.375     3.4959   3.240794    34.8638    27.7291 0.0000e+00
       2466    933.392     3.4959   3.240791    34.8638    27.7290 0.0000e+00
       2467    933.415     3.4959   3.240792    34.8638    27.7290 0.0000e+00
       2468    933.450     3.4959   3.240795    34.8638    27.7291 0.0000e+00
       2469    933.491     3.4959   3.240803    34.8639    27.7291 0.0000e+00
       2470    933.520     3.4959   3.240805    34.8639    27.7291 0.0000e+00
       2471    933.528     3.4959   3.240798    34.8638    27.7291 0.0000e+00
       2472    933.524     3.4959   3.240791    34.8637    27.7290 0.0000e+00
       2473    933.533     3.4959   3.240791    34.8637    27.7290 0.0000e+00
       2474    933.562     3.4959   3.240797    34.8638    27.7290 0.0000e+00
       2475    933.595     3.4959   3.240803    34.8638    27.7291 0.0000e+00
       2476    933.613     3.4959   3.240806    34.8638    27.7291 0.0000e+00
       2477    933.616     3.4959   3.240800    34.8638    27.7290 0.0000e+00
       2478    933.628     3.4959   3.240791    34.8637    27.7289 0.0000e+00
       2479    933.659     3.4959   3.240791    34.8636    27.7289 0.0000e+00
       2480    933.697     3.4959   3.240803    34.8638    27.7290 0.0000e+00
       2481    933.725     3.4959   3.240811    34.8638    27.7291 0.0000e+00
       2482    933.738     3.4959   3.240806    34.8638    27.7290 0.0000e+00
       2483    933.745     3.4958   3.240799    34.8638    27.7291 0.0000e+00
       2484    933.757     3.4958   3.240799    34.8638    27.7291 0.0000e+00
       2485    933.774     3.4958   3.240799    34.8638    27.7291 0.0000e+00
       2486    933.796     3.4958   3.240803    34.8638    27.7291 0.0000e+00
       2487    933.822     3.4958   3.240810    34.8639    27.7291 0.0000e+00
       2488    933.853     3.4958   3.240811    34.8639    27.7291 0.0000e+00
       2489    933.884     3.4958   3.240812    34.8639    27.7291 0.0000e+00
       2490    933.906     3.4958   3.240819    34.8639    27.7292 0.0000e+00
       2491    933.909     3.4958   3.240816    34.8639    27.7292 0.0000e+00
       2492    933.892     3.4958   3.240810    34.8638    27.7291 0.0000e+00
       2493    933.873     3.4958   3.240811    34.8639    27.7291 0.0000e+00
       2494    933.872     3.4958   3.240806    34.8638    27.7291 0.0000e+00
       2495    933.895     3.4958   3.240803    34.8638    27.7290 0.0000e+00
       2496    933.933     3.4958   3.240804    34.8638    27.7290 0.0000e+00
       2497    933.974     3.4958   3.240800    34.8637    27.7290 0.0000e+00
       2498    934.009     3.4958   3.240804    34.8637    27.7290 0.0000e+00
       2499    934.033     3.4958   3.240810    34.8638    27.7291 0.0000e+00
       2500    934.047     3.4958   3.240805    34.8637    27.7290 0.0000e+00
       2501    934.057     3.4956   3.240799    34.8638    27.7291 0.0000e+00
       2502    934.072     3.4956   3.240798    34.8638    27.7291 0.0000e+00
       2503    934.090     3.4956   3.240797    34.8638    27.7291 0.0000e+00
       2504    934.107     3.4956   3.240801    34.8638    27.7291 0.0000e+00
       2505    934.122     3.4956   3.240806    34.8639    27.7292 0.0000e+00
       2506    934.142     3.4956   3.240810    34.8639    27.7292 0.0000e+00
       2507    934.169     3.4957   3.240809    34.8638    27.7291 0.0000e+00
       2508    934.197     3.4957   3.240805    34.8637    27.7290 0.0000e+00
       2509    934.214     3.4957   3.240806    34.8637    27.7290 0.0000e+00
       2510    934.214     3.4957   3.240806    34.8637    27.7290 0.0000e+00
       2511    934.210     3.4956   3.240799    34.8638    27.7291 0.0000e+00
       2512    934.222     3.4956   3.240797    34.8637    27.7290 0.0000e+00
       2513    934.255     3.4956   3.240801    34.8638    27.7291 0.0000e+00
       2514    934.298     3.4957   3.240804    34.8637    27.7290 0.0000e+00
       2515    934.333     3.4958   3.240810    34.8636    27.7289 0.0000e+00
       2516    934.355     3.4958   3.240817    34.8637    27.7290 0.0000e+00
       2517    934.374     3.4958   3.240816    34.8637    27.7290 0.0000e+00
       2518    934.395     3.4958   3.240813    34.8636    27.7289 0.0000e+00
       2519    934.421     3.4958   3.240817    34.8637    27.7290 0.0000e+00
       2520    934.445     3.4958   3.240822    34.8637    27.7290 0.0000e+00
       2521    934.466     3.4958   3.240827    34.8638    27.7290 0.0000e+00
       2522    934.489     3.4958   3.240833    34.8638    27.7291 0.0000e+00
       2523    934.519     3.4958   3.240834    34.8638    27.7291 0.0000e+00
       2524    934.554     3.4958   3.240832    34.8638    27.7290 0.0000e+00
       2525    934.589     3.4958   3.240836    34.8638    27.7291 0.0000e+00
       2526    934.622     3.4958   3.240834    34.8638    27.7290 0.0000e+00
       2527    934.648     3.4958   3.240831    34.8637    27.7290 0.0000e+00
       2528    934.660     3.4958   3.240836    34.8638    27.7290 0.0000e+00
       2529    934.666     3.4958   3.240835    34.8637    27.7290 0.0000e+00
       2530    934.675     3.4958   3.240831    34.8637    27.7290 0.0000e+00
       2531    934.691     3.4958   3.240830    34.8637    27.7290 0.0000e+00
       2532    934.714     3.4958   3.240834    34.8637    27.7290 0.0000e+00
       2533    934.748     3.4958   3.240838    34.8637    27.7290 0.0000e+00
       2534    934.792     3.4958   3.240838    34.8637    27.7290 0.0000e+00
       2535    934.835     3.4958   3.240842    34.8637    27.7290 0.0000e+00
       2536    934.865     3.4958   3.240850    34.8638    27.7291 0.0000e+00
       2537    934.880     3.4958   3.240852    34.8638    27.7291 0.0000e+00
       2538    934.887     3.4958   3.240844    34.8637    27.7290 0.0000e+00
       2539    934.893     3.4958   3.240842    34.8637    27.7290 0.0000e+00
       2540    934.905     3.4958   3.240843    34.8637    27.7290 0.0000e+00
       2541    934.926     3.4958   3.240844    34.8637    27.7290 0.0000e+00
       2542    934.955     3.4958   3.240855    34.8638    27.7291 0.0000e+00
       2543    934.986     3.4958   3.240863    34.8639    27.7292 0.0000e+00
       2544    935.016     3.4958   3.240858    34.8638    27.7291 0.0000e+00
       2545    935.046     3.4958   3.240850    34.8637    27.7290 0.0000e+00
       2546    935.071     3.4958   3.240851    34.8637    27.7290 0.0000e+00
       2547    935.085     3.4958   3.240862    34.8639    27.7291 0.0000e+00
       2548    935.089     3.4958   3.240867    34.8639    27.7292 0.0000e+00
       2549    935.092     3.4958   3.240866    34.8639    27.7291 0.0000e+00
       2550    935.108     3.4958   3.240863    34.8639    27.7291 0.0000e+00
       2551    935.143     3.4958   3.240863    34.8638    27.7291 0.0000e+00
       2552    935.185     3.4958   3.240869    34.8639    27.7291 0.0000e+00
       2553    935.220     3.4958   3.240868    34.8639    27.7291 0.0000e+00
       2554    935.240     3.4958   3.240861    34.8638    27.7290 0.0000e+00
       2555    935.252     3.4958   3.240861    34.8638    27.7290 0.0000e+00
       2556    935.270     3.4958   3.240864    34.8638    27.7291 0.0000e+00
       2557    935.301     3.4958   3.240866    34.8638    27.7291 0.0000e+00
       2558    935.337     3.4958   3.240867    34.8638    27.7291 0.0000e+00
       2559    935.355     3.4959   3.240867    34.8637    27.7290 0.0000e+00
       2560    935.349     3.4959   3.240867    34.8637    27.7290 0.0000e+00
       2561    935.344     3.4959   3.240868    34.8637    27.7290 0.0000e+00
       2562    935.360     3.4959   3.240871    34.8637    27.7290 0.0000e+00
       2563    935.398     3.4959   3.240879    34.8638    27.7291 0.0000e+00
       2564    935.441     3.4959   3.240888    34.8639    27.7291 0.0000e+00
       2565    935.464     3.4960   3.240898    34.8639    27.7291 0.0000e+00
       2566    935.456     3.4959   3.240895    34.8639    27.7292 0.0000e+00
       2567    935.441     3.4959   3.240882    34.8638    27.7291 0.0000e+00
       2568    935.456     3.4959   3.240881    34.8638    27.7290 0.0000e+00
       2569    935.504     3.4959   3.240892    34.8639    27.7291 0.0000e+00
       2570    935.557     3.4961   3.240897    34.8637    27.7290 0.0000e+00
       2571    935.589     3.4961   3.240900    34.8637    27.7290 0.0000e+00
       2572    935.598     3.4961   3.240896    34.8637    27.7289 0.0000e+00
       2573    935.607     3.4960   3.240889    34.8637    27.7290 0.0000e+00
       2574    935.633     3.4959   3.240892    34.8638    27.7291 0.0000e+00
       2575    935.665     3.4959   3.240895    34.8638    27.7291 0.0000e+00
       2576    935.688     3.4959   3.240893    34.8638    27.7291 0.0000e+00
       2577    935.705     3.4959   3.240893    34.8638    27.7291 0.0000e+00
       2578    935.724     3.4959   3.240888    34.8637    27.7290 0.0000e+00
       2579    935.749     3.4959   3.240886    34.8637    27.7290 0.0000e+00
       2580    935.777     3.4959   3.240892    34.8637    27.7290 0.0000e+00
       2581    935.801     3.4959   3.240898    34.8638    27.7291 0.0000e+00
       2582    935.816     3.4959   3.240901    34.8638    27.7291 0.0000e+00
       2583    935.832     3.4959   3.240901    34.8638    27.7291 0.0000e+00
       2584    935.858     3.4959   3.240900    34.8638    27.7291 0.0000e+00
       2585    935.892     3.4959   3.240903    34.8638    27.7291 0.0000e+00
       2586    935.916     3.4959   3.240906    34.8638    27.7291 0.0000e+00
       2587    935.924     3.4959   3.240902    34.8638    27.7291 0.0000e+00
       2588    935.931     3.4959   3.240898    34.8637    27.7290 0.0000e+00
       2589    935.954     3.4959   3.240900    34.8637    27.7290 0.0000e+00
       2590    935.987     3.4959   3.240912    34.8639    27.7291 0.0000e+00
       2591    936.011     3.4961   3.240922    34.8638    27.7290 0.0000e+00
       2592    936.016     3.4961   3.240920    34.8637    27.7290 0.0000e+00
       2593    936.013     3.4961   3.240913    34.8637    27.7289 0.0000e+00
       2594    936.015     3.4959   3.240908    34.8638    27.7291 0.0000e+00
       2595    936.025     3.4959   3.240907    34.8638    27.7291 0.0000e+00
       2596    936.051     3.4959   3.240906    34.8638    27.7290 0.0000e+00
       2597    936.092     3.4959   3.240911    34.8638    27.7291 0.0000e+00
       2598    936.134     3.4959   3.240917    34.8639    27.7291 0.0000e+00
       2599    936.160     3.4960   3.240920    34.8638    27.7290 0.0000e+00
       2600    936.161     3.4960   3.240920    34.8638    27.7290 0.0000e+00
       2601    936.156     3.4960   3.240915    34.8637    27.7290 0.0000e+00
       2602    936.171     3.4960   3.240914    34.8637    27.7290 0.0000e+00
       2603    936.204     3.4961   3.240919    34.8636    27.7289 0.0000e+00
       2604    936.232     3.4961   3.240924    34.8637    27.7289 0.0000e+00
       2605    936.239     3.4961   3.240921    34.8636    27.7289 0.0000e+00
       2606    936.240     3.4961   3.240915    34.8636    27.7289 0.0000e+00
       2607    936.263     3.4960   3.240920    34.8637    27.7290 0.0000e+00
       2608    936.309     3.4961   3.240926    34.8637    27.7289 0.0000e+00
       2609    936.358     3.4961   3.240931    34.8637    27.7290 0.0000e+00
       2610    936.386     3.4961   3.240936    34.8637    27.7290 0.0000e+00
       2611    936.384     3.4961   3.240937    34.8638    27.7290 0.0000e+00
       2612    936.369     3.4959   3.240935    34.8640    27.7292 0.0000e+00
       2613    936.369     3.4959   3.240932    34.8639    27.7292 0.0000e+00
       2614    936.396     3.4959   3.240927    34.8638    27.7291 0.0000e+00
       2615    936.437     3.4959   3.240928    34.8638    27.7291 0.0000e+00
       2616    936.481     3.4960   3.240934    34.8638    27.7290 0.0000e+00
       2617    936.521     3.4961   3.240939    34.8637    27.7290 0.0000e+00
       2618    936.560     3.4961   3.240947    34.8638    27.7290 0.0000e+00
       2619    936.597     3.4961   3.240953    34.8638    27.7291 0.0000e+00
       2620    936.618     3.4961   3.240950    34.8638    27.7290 0.0000e+00
       2621    936.613     3.4961   3.240950    34.8638    27.7290 0.0000e+00
       2622    936.595     3.4961   3.240949    34.8638    27.7290 0.0000e+00
       2623    936.595     3.4961   3.240938    34.8637    27.7289 0.0000e+00
       2624    936.623     3.4961   3.240935    34.8636    27.7289 0.0000e+00
       2625    936.665     3.4960   3.240941    34.8638    27.7290 0.0000e+00
       2626    936.707     3.4960   3.240944    34.8638    27.7290 0.0000e+00
       2627    936.744     3.4961   3.240945    34.8637    27.7289 0.0000e+00
       2628    936.779     3.4961   3.240950    34.8637    27.7290 0.0000e+00
       2629    936.809     3.4961   3.240953    34.8637    27.7290 0.0000e+00
       2630    936.828     3.4961   3.240955    34.8637    27.7290 0.0000e+00
       2631    936.840     3.4961   3.240955    34.8637    27.7290 0.0000e+00
       2632    936.853     3.4961   3.240953    34.8637    27.7290 0.0000e+00
       2633    936.875     3.4961   3.240956    34.8637    27.7290 0.0000e+00
       2634    936.908     3.4961   3.240960    34.8638    27.7290 0.0000e+00
       2635    936.941     3.4961   3.240962    34.8638    27.7290 0.0000e+00
       2636    936.966     3.4961   3.240963    34.8638    27.7290 0.0000e+00
       2637    936.984     3.4961   3.240963    34.8638    27.7290 0.0000e+00
       2638    937.002     3.4961   3.240964    34.8638    27.7290 0.0000e+00
       2639    937.024     3.4961   3.240966    34.8638    27.7290 0.0000e+00
       2640    937.051     3.4961   3.240966    34.8638    27.7290 0.0000e+00
       2641    937.079     3.4961   3.240968    34.8638    27.7290 0.0000e+00
       2642    937.104     3.4961   3.240971    34.8638    27.7290 0.0000e+00
       2643    937.124     3.4961   3.240971    34.8638    27.7290 0.0000e+00
       2644    937.145     3.4961   3.240970    34.8638    27.7290 0.0000e+00
       2645    937.172     3.4961   3.240971    34.8638    27.7290 0.0000e+00
       2646    937.204     3.4961   3.240975    34.8638    27.7290 0.0000e+00
       2647    937.235     3.4961   3.240978    34.8638    27.7290 0.0000e+00
       2648    937.264     3.4961   3.240975    34.8638    27.7290 0.0000e+00
       2649    937.286     3.4961   3.240972    34.8637    27.7290 0.0000e+00
       2650    937.298     3.4961   3.240972    34.8637    27.7290 0.0000e+00
       2651    937.307     3.4961   3.240971    34.8637    27.7290 0.0000e+00
       2652    937.321     3.4961   3.240970    34.8637    27.7289 0.0000e+00
       2653    937.346     3.4961   3.240973    34.8637    27.7290 0.0000e+00
       2654    937.378     3.4962   3.240978    34.8636    27.7289 0.0000e+00
       2655    937.409     3.4962   3.240984    34.8637    27.7289 0.0000e+00
       2656    937.430     3.4962   3.240989    34.8637    27.7290 0.0000e+00
       2657    937.442     3.4962   3.240985    34.8637    27.7289 0.0000e+00
       2658    937.460     3.4962   3.240987    34.8637    27.7289 0.0000e+00
       2659    937.492     3.4962   3.240991    34.8637    27.7290 0.0000e+00
       2660    937.536     3.4962   3.240997    34.8638    27.7290 0.0000e+00
       2661    937.581     3.4962   3.241010    34.8639    27.7291 0.0000e+00
       2662    937.620     3.4963   3.241013    34.8638    27.7290 0.0000e+00
       2663    937.645     3.4963   3.241009    34.8638    27.7290 0.0000e+00
       2664    937.649     3.4962   3.241009    34.8639    27.7291 0.0000e+00
       2665    937.639     3.4962   3.241013    34.8639    27.7291 0.0000e+00
       2666    937.628     3.4962   3.241015    34.8639    27.7291 0.0000e+00
