Datasets/Multi_Species/NEE535/ned535_2020_001.cnv
* Sea-Bird SBE19plus Data File:
* Filename = C:/AQUIRE/ned535_2020_001.hex
* Software Version AquireV2 AF V2.0
* Temperature SN =  4579
* Conductivity SN =  4579
* System UpLoad Time = Dec 04 2020 17:13:56
** VESSEL/TRIP/SEQ STN: ned535_2020_001
** LATITUDE: 50 27.27 N
** LONGITUDE: 50 40.88 W
** DATE/TIME: 2020-12-04 16:08
** SOUNDING DEPTH (M):  601
** PROBE TYPE: S4579
** CTD NUMBER: 001
** COMMENTS: 
# nquan = 7                                 
# nvalues = 3781                        
# units = specified
# name 0 = scan: Scan Count
# name 1 = prdM: Pressure, Strain Gauge [db]
# name 2 = tv290C: Temperature [ITS-90, deg C]
# name 3 = c0S/m: Conductivity [S/m]
# name 4 = sal00: Salinity, Practical [PSU]
# name 5 = sigma-t00: Density [sigma-t, kg/m^3 ]
# name 6 = flag: flag
# span 0 =          1,       3781       
# span 1 =     -0.217,    608.339       
# span 2 =     0.9210,     3.8704       
# span 3 =   0.002913,   3.249646       
# span 4 =     0.0219,    34.8238       
# span 5 =    -0.0249,    27.6743       
# span 6 = 0.0000e+00, 0.0000e+00       
# interval = seconds: 1
# start_time = Dec 04 2020 16:08:42 [Instrument's time stamp, header]
# bad_flag = -9.990e-29
*END*
[from data line 3283]
       3284     34.405     1.1657   2.883364    33.4232    26.7670 0.0000e+00
       3285     33.990     1.1565   2.884238    33.4445    26.7847 0.0000e+00
       3286     33.586     1.1562   2.882589    33.4240    26.7682 0.0000e+00
       3287     33.202     1.1621   2.882452    33.4161    26.7615 0.0000e+00
       3288     32.848     1.1774   2.885168    33.4347    26.7755 0.0000e+00
       3289     32.517     1.1976   2.886747    33.4334    26.7731 0.0000e+00
       3290     32.188     1.2134   2.886547    33.4141    26.7566 0.0000e+00
       3291     31.845     1.2229   2.886545    33.4041    26.7480 0.0000e+00
       3292     31.491     1.2293   2.886955    33.4027    26.7464 0.0000e+00
       3293     31.137     1.2338   2.887122    33.4002    26.7441 0.0000e+00
       3294     30.791     1.2324   2.886063    33.3884    26.7347 0.0000e+00
       3295     30.459     1.2169   2.883061    33.3668    26.7184 0.0000e+00
       3296     30.141     1.1898   2.879646    33.3523    26.7085 0.0000e+00
       3297     29.833     1.1685   2.878333    33.3585    26.7148 0.0000e+00
       3298     29.532     1.1563   2.879253    33.3835    26.7357 0.0000e+00
       3299     29.230     1.1326   2.877901    33.3917    26.7439 0.0000e+00
       3300     28.915     1.0916   2.872634    33.3684    26.7277 0.0000e+00
       3301     28.581     1.0571   2.869477    33.3650    26.7272 0.0000e+00
       3302     28.240     1.0496   2.870958    33.3923    26.7496 0.0000e+00
       3303     27.906     1.0653   2.873286    33.4055    26.7592 0.0000e+00
       3304     27.583     1.0831   2.873137    33.3847    26.7413 0.0000e+00
       3305     27.267     1.0890   2.870607    33.3461    26.7100 0.0000e+00
       3306     26.963     1.0906   2.868365    33.3158    26.6855 0.0000e+00
       3307     26.671     1.0963   2.867728    33.3017    26.6738 0.0000e+00
       3308     26.367     1.1046   2.867981    33.2963    26.6689 0.0000e+00
       3309     26.026     1.1153   2.868638    33.2935    26.6660 0.0000e+00
       3310     25.649     1.1279   2.869393    33.2899    26.6623 0.0000e+00
       3311     25.263     1.1410   2.869940    33.2831    26.6560 0.0000e+00
       3312     24.895     1.1578   2.870795    33.2763    26.6495 0.0000e+00
       3313     24.553     1.1801   2.872383    33.2731    26.6454 0.0000e+00
       3314     24.235     1.2073   2.874606    33.2726    26.6433 0.0000e+00
       3315     23.934     1.2400   2.877489    33.2748    26.6429 0.0000e+00
       3316     23.635     1.2725   2.880210    33.2750    26.6410 0.0000e+00
       3317     23.332     1.2960   2.881776    33.2701    26.6355 0.0000e+00
       3318     23.026     1.3125   2.882681    33.2643    26.6297 0.0000e+00
       3319     22.720     1.3272   2.883482    33.2590    26.6245 0.0000e+00
       3320     22.422     1.3380   2.883959    33.2538    26.6196 0.0000e+00
       3321     22.136     1.3447   2.884324    33.2515    26.6173 0.0000e+00
       3322     21.866     1.3560   2.885455    33.2540    26.6186 0.0000e+00
       3323     21.611     1.3744   2.887160    33.2563    26.6192 0.0000e+00
       3324     21.351     1.3908   2.887771    33.2468    26.6105 0.0000e+00
       3325     21.067     1.4001   2.887461    33.2331    26.5989 0.0000e+00
       3326     20.772     1.4098   2.888137    33.2316    26.5970 0.0000e+00
       3327     20.493     1.4263   2.889697    33.2341    26.5979 0.0000e+00
       3328     20.234     1.4455   2.890822    33.2281    26.5918 0.0000e+00
       3329     19.975     1.4602   2.891046    33.2155    26.5807 0.0000e+00
       3330     19.710     1.4683   2.890560    33.2009    26.5684 0.0000e+00
       3331     19.447     1.4718   2.890048    33.1909    26.5601 0.0000e+00
       3332     19.195     1.4747   2.890238    33.1904    26.5595 0.0000e+00
       3333     18.967     1.4814   2.891087    33.1942    26.5621 0.0000e+00
       3334     18.761     1.4928   2.891928    33.1929    26.5603 0.0000e+00
       3335     18.553     1.5041   2.892312    33.1859    26.5539 0.0000e+00
       3336     18.326     1.5109   2.892308    33.1788    26.5477 0.0000e+00
       3337     18.088     1.5113   2.891716    33.1710    26.5415 0.0000e+00
       3338     17.850     1.5048   2.890626    33.1642    26.5365 0.0000e+00
       3339     17.612     1.4966   2.889964    33.1646    26.5374 0.0000e+00
       3340     17.368     1.4942   2.890244    33.1708    26.5425 0.0000e+00
       3341     17.139     1.4970   2.890865    33.1759    26.5464 0.0000e+00
       3342     16.950     1.5000   2.890959    33.1740    26.5447 0.0000e+00
       3343     16.780     1.5001   2.890480    33.1679    26.5398 0.0000e+00
       3344     16.588     1.4951   2.889851    33.1654    26.5380 0.0000e+00
       3345     16.361     1.4874   2.889385    33.1677    26.5405 0.0000e+00
       3346     16.116     1.4823   2.889065    33.1692    26.5420 0.0000e+00
       3347     15.881     1.4808   2.888759    33.1670    26.5404 0.0000e+00
       3348     15.677     1.4802   2.888435    33.1637    26.5377 0.0000e+00
       3349     15.502     1.4776   2.888333    33.1652    26.5392 0.0000e+00
       3350     15.332     1.4678   2.888249    33.1746    26.5474 0.0000e+00
       3351     15.152     1.4482   2.887046    33.1802    26.5532 0.0000e+00
       3352     14.971     1.4217   2.884326    33.1739    26.5499 0.0000e+00
       3353     14.799     1.3956   2.881360    33.1640    26.5437 0.0000e+00
       3354     14.625     1.3809   2.880585    33.1698    26.5493 0.0000e+00
       3355     14.434     1.3842   2.882013    33.1845    26.5610 0.0000e+00
       3356     14.235     1.3943   2.882136    33.1755    26.5530 0.0000e+00
       3357     14.059     1.3953   2.880029    33.1478    26.5307 0.0000e+00
       3358     13.921     1.3901   2.878075    33.1286    26.5156 0.0000e+00
       3359     13.769     1.3882   2.877623    33.1249    26.5128 0.0000e+00
       3360     13.544     1.3906   2.878020    33.1275    26.5148 0.0000e+00
       3361     13.244     1.3996   2.878171    33.1201    26.5082 0.0000e+00
       3362     12.900     1.4209   2.878453    33.1014    26.4917 0.0000e+00
       3363     12.540     1.4572   2.879791    33.0802    26.4723 0.0000e+00
       3364     12.164     1.5072   2.882361    33.0602    26.4529 0.0000e+00
       3365     11.763     1.5644   2.885669    33.0421    26.4344 0.0000e+00
       3366     11.337     1.6228   2.888962    33.0225    26.4146 0.0000e+00
       3367     10.911     1.6898   2.891986    32.9905    26.3843 0.0000e+00
       3368     10.511     1.7699   2.894276    32.9357    26.3347 0.0000e+00
       3369     10.143     1.8412   2.895214    32.8732    26.2796 0.0000e+00
       3370      9.810     1.8822   2.895350    32.8324    26.2439 0.0000e+00
       3371      9.511     1.9027   2.895759    32.8164    26.2296 0.0000e+00
       3372      9.213     1.9211   2.896579    32.8077    26.2213 0.0000e+00
       3373      8.897     1.9404   2.897396    32.7981    26.2121 0.0000e+00
       3374      8.561     1.9577   2.898255    32.7910    26.2053 0.0000e+00
       3375      8.163     1.9694   2.898714    32.7849    26.1994 0.0000e+00
       3376      7.702     1.9703   2.898135    32.7770    26.1930 0.0000e+00
       3377      7.262     1.9623   2.897048    32.7719    26.1896 0.0000e+00
       3378      6.873     1.9538   2.896406    32.7729    26.1910 0.0000e+00
       3379      6.503     1.9494   2.896538    32.7794    26.1965 0.0000e+00
       3380      6.184     1.9505   2.897013    32.7843    26.2004 0.0000e+00
       3381      5.972     1.9597   2.897821    32.7850    26.2003 0.0000e+00
       3382      5.854     1.9750   2.898958    32.7834    26.1978 0.0000e+00
       3383      5.775     1.9873   2.899624    32.7790    26.1934 0.0000e+00
       3384      5.706     1.9942   2.899966    32.7761    26.1906 0.0000e+00
       3385      5.628     2.0002   2.900379    32.7751    26.1894 0.0000e+00
       3386      5.520     2.0042   2.900217    32.7690    26.1842 0.0000e+00
       3387      5.406     2.0033   2.899432    32.7602    26.1772 0.0000e+00
       3388      5.330     1.9993   2.898914    32.7579    26.1757 0.0000e+00
       3389      5.316     1.9965   2.899270    32.7653    26.1818 0.0000e+00
       3390      5.381     1.9989   2.900318    32.7758    26.1901 0.0000e+00
       3391      5.498     2.0070   2.901409    32.7810    26.1936 0.0000e+00
       3392      5.555     2.0143   2.901916    32.7797    26.1920 0.0000e+00
       3393      5.473     2.0166   2.901882    32.7770    26.1896 0.0000e+00
       3394      5.284     2.0198   2.902052    32.7759    26.1885 0.0000e+00
       3395      5.039     2.0273   2.902517    32.7740    26.1865 0.0000e+00
       3396      4.762     2.0328   2.902769    32.7716    26.1842 0.0000e+00
       3397      4.465     2.0317   2.902584    32.7706    26.1835 0.0000e+00
       3398      4.169     2.0274   2.902236    32.7709    26.1840 0.0000e+00
       3399      3.868     2.0256   2.902197    32.7725    26.1854 0.0000e+00
       3400      3.513     2.0278   2.902406    32.7730    26.1856 0.0000e+00
       3401      3.102     2.0313   2.902568    32.7716    26.1843 0.0000e+00
       3402      2.701     2.0340   2.902660    32.7702    26.1829 0.0000e+00
       3403      2.363     2.0355   2.902703    32.7693    26.1821 0.0000e+00
       3404      2.092     2.0364   2.902670    32.7682    26.1811 0.0000e+00
       3405      1.845     2.0379   2.902664    32.7667    26.1798 0.0000e+00
       3406      1.587     2.0393   2.902696    32.7658    26.1790 0.0000e+00
       3407      1.323     2.0396   2.902686    32.7655    26.1787 0.0000e+00
       3408      1.038     2.0393   2.902507    32.7637    26.1773 0.0000e+00
       3409      0.727     2.0373   2.902015    32.7598    26.1744 0.0000e+00
       3410      0.471     2.0343   2.901715    32.7593    26.1742 0.0000e+00
       3411      0.326     2.0351   2.902106    32.7635    26.1774 0.0000e+00
       3412      0.236     2.0382   2.902351    32.7633    26.1771 0.0000e+00
       3413      0.157     2.0378   2.902101    32.7607    26.1750 0.0000e+00
       3414      0.110     2.0355   2.902144    32.7636    26.1776 0.0000e+00
       3415      0.095     2.0364   2.902308    32.7648    26.1784 0.0000e+00
       3416      0.079     2.0391   2.902289    32.7617    26.1758 0.0000e+00
       3417      0.058     2.0419   2.902473    32.7611    26.1751 0.0000e+00
       3418      0.051     2.0452   2.902737    32.7610    26.1747 0.0000e+00
       3419      0.050     2.0480   2.900862    32.7348    26.1535 0.0000e+00
       3420      0.041     2.0488   2.896791    32.6832    26.1122 0.0000e+00
       3421      0.025     2.0486   2.896586    32.6809    26.1103 0.0000e+00
       3422      0.004     2.0488   2.900851    32.7338    26.1527 0.0000e+00
       3423     -0.024     2.0494   2.903344    32.7643    26.1770 0.0000e+00
       3424     -0.041     2.0496   2.903257    32.7630    26.1760 0.0000e+00
       3425     -0.038     2.0504   2.901896    32.7452    26.1617 0.0000e+00
       3426     -0.036     2.0527   2.898090    32.6954    26.1217 0.0000e+00
       3427     -0.047     2.0544   2.892491    32.6240    26.0643 0.0000e+00
       3428     -0.049     2.0541   2.886420    32.5487    26.0041 0.0000e+00
       3429     -0.020     2.0534   2.836703    31.9314    25.5100 0.0000e+00
       3430      0.026     2.0529   2.795532    31.4213    25.1017 0.0000e+00
       3431      0.046     2.0527   2.851387    32.1145    25.6566 0.0000e+00
       3432      0.033     2.0537   2.902670    32.7514    26.1664 0.0000e+00
       3433     -0.000     2.0555   2.898906    32.7027    26.1273 0.0000e+00
       3434     -0.052     2.0572   2.847738    32.0646    25.6163 0.0000e+00
       3435     -0.109     2.0581   2.753692    30.8985    24.6830 0.0000e+00
       3436     -0.155     2.0577   2.412407    26.7174    21.3390 0.0000e+00
       3437     -0.176     2.0564   2.060487    22.4853    17.9572 0.0000e+00
       3438     -0.181     2.0551   1.789918    19.2882    15.4036 0.0000e+00
       3439     -0.192     2.0538   1.051186    10.8394     8.6537 0.0000e+00
       3440     -0.201     2.0520   0.412077     3.9739     3.1528 0.0000e+00
       3441     -0.206     2.0500   0.258186     2.4190     1.9015 0.0000e+00
       3442     -0.212     2.0481   0.202588     1.8721     1.4604 0.0000e+00
       3443     -0.216     2.0463   0.178808     1.6411     1.2740 0.0000e+00
       3444     -0.217     2.0446   0.160747     1.4671     1.1333 0.0000e+00
       3445     -0.217     2.0428   0.148170     1.3466     1.0360 0.0000e+00
       3446     -0.214     2.0410   0.144215     1.3089     1.0054 0.0000e+00
       3447     -0.211     2.0392   0.142565     1.2932     0.9927 0.0000e+00
       3448     -0.210     2.0374   0.133758     1.2095     0.9250 0.0000e+00
       3449     -0.211     2.0358   0.117871     1.0592     0.8034 0.0000e+00
       3450     -0.210     2.0341   0.103253     0.9219     0.6922 0.0000e+00
       3451     -0.208     2.0324   0.096883     0.8624     0.6441 0.0000e+00
       3452     -0.208     2.0309   0.096890     0.8626     0.6441 0.0000e+00
       3453     -0.208     2.0294   0.093344     0.8296     0.6173 0.0000e+00
       3454     -0.210     2.0281   0.084402     0.7466     0.5501 0.0000e+00
       3455     -0.211     2.0267   0.074907     0.6590     0.4791 0.0000e+00
       3456     -0.209     2.0256   0.068344     0.5989     0.4303 0.0000e+00
       3457     -0.207     2.0248   0.065811     0.5757     0.4115 0.0000e+00
       3458     -0.205     2.0238   0.065467     0.5726     0.4090 0.0000e+00
       3459     -0.203     2.0229   0.065207     0.5702     0.4070 0.0000e+00
       3460     -0.203     2.0220   0.064131     0.5604     0.3990 0.0000e+00
       3461     -0.203     2.0213   0.062011     0.5411     0.3834 0.0000e+00
       3462     -0.202     2.0206   0.059089     0.5145     0.3618 0.0000e+00
       3463     -0.200     2.0201   0.056378     0.4899     0.3418 0.0000e+00
       3464     -0.197     2.0195   0.054745     0.4752     0.3298 0.0000e+00
       3465     -0.195     2.0189   0.053687     0.4656     0.3220 0.0000e+00
       3466     -0.197     2.0183   0.052365     0.4537     0.3123 0.0000e+00
       3467     -0.202     2.0179   0.050711     0.4387     0.3002 0.0000e+00
       3468     -0.204     2.0174   0.049081     0.4240     0.2883 0.0000e+00
       3469     -0.203     2.0171   0.047655     0.4112     0.2779 0.0000e+00
       3470     -0.199     2.0168   0.046392     0.3999     0.2686 0.0000e+00
       3471     -0.197     2.0166   0.045426     0.3912     0.2616 0.0000e+00
       3472     -0.197     2.0163   0.045188     0.3891     0.2598 0.0000e+00
       3473     -0.199     2.0160   0.045447     0.3914     0.2617 0.0000e+00
       3474     -0.200     2.0158   0.045204     0.3892     0.2600 0.0000e+00
       3475     -0.198     2.0156   0.044112     0.3794     0.2520 0.0000e+00
       3476     -0.196     2.0156   0.042761     0.3673     0.2422 0.0000e+00
       3477     -0.193     2.0155   0.041977     0.3603     0.2365 0.0000e+00
       3478     -0.190     2.0154   0.041918     0.3598     0.2361 0.0000e+00
       3479     -0.188     2.0153   0.041812     0.3588     0.2353 0.0000e+00
       3480     -0.189     2.0152   0.041235     0.3537     0.2311 0.0000e+00
       3481     -0.191     2.0151   0.040398     0.3462     0.2250 0.0000e+00
       3482     -0.191     2.0149   0.039579     0.3389     0.2191 0.0000e+00
       3483     -0.190     2.0149   0.039224     0.3357     0.2165 0.0000e+00
       3484     -0.189     2.0149   0.039481     0.3380     0.2184 0.0000e+00
       3485     -0.189     2.0149   0.039684     0.3398     0.2198 0.0000e+00
       3486     -0.190     2.0149   0.039287     0.3363     0.2170 0.0000e+00
       3487     -0.189     2.0149   0.038610     0.3303     0.2121 0.0000e+00
