Datasets/Multi_Species/NEE535/ned535_2020_001.cnv
* Sea-Bird SBE19plus Data File:
* Filename = C:/AQUIRE/ned535_2020_001.hex
* Software Version AquireV2 AF V2.0
* Temperature SN =  4579
* Conductivity SN =  4579
* System UpLoad Time = Dec 04 2020 17:13:56
** VESSEL/TRIP/SEQ STN: ned535_2020_001
** LATITUDE: 50 27.27 N
** LONGITUDE: 50 40.88 W
** DATE/TIME: 2020-12-04 16:08
** SOUNDING DEPTH (M):  601
** PROBE TYPE: S4579
** CTD NUMBER: 001
** COMMENTS: 
# nquan = 7                                 
# nvalues = 3781                        
# units = specified
# name 0 = scan: Scan Count
# name 1 = prdM: Pressure, Strain Gauge [db]
# name 2 = tv290C: Temperature [ITS-90, deg C]
# name 3 = c0S/m: Conductivity [S/m]
# name 4 = sal00: Salinity, Practical [PSU]
# name 5 = sigma-t00: Density [sigma-t, kg/m^3 ]
# name 6 = flag: flag
# span 0 =          1,       3781       
# span 1 =     -0.217,    608.339       
# span 2 =     0.9210,     3.8704       
# span 3 =   0.002913,   3.249646       
# span 4 =     0.0219,    34.8238       
# span 5 =    -0.0249,    27.6743       
# span 6 = 0.0000e+00, 0.0000e+00       
# interval = seconds: 1
# start_time = Dec 04 2020 16:08:42 [Instrument's time stamp, header]
# bad_flag = -9.990e-29
*END*
[from data line 2257]
       2258    607.064     3.7253   3.243517    34.8235    27.6741 0.0000e+00
       2259    607.071     3.7253   3.243520    34.8235    27.6741 0.0000e+00
       2260    607.096     3.7254   3.243536    34.8236    27.6741 0.0000e+00
       2261    607.127     3.7256   3.243553    34.8236    27.6741 0.0000e+00
       2262    607.150     3.7258   3.243572    34.8236    27.6741 0.0000e+00
       2263    607.165     3.7262   3.243601    34.8235    27.6740 0.0000e+00
       2264    607.168     3.7266   3.243625    34.8234    27.6738 0.0000e+00
       2265    607.158     3.7268   3.243635    34.8233    27.6737 0.0000e+00
       2266    607.144     3.7267   3.243621    34.8232    27.6737 0.0000e+00
       2267    607.139     3.7263   3.243583    34.8232    27.6737 0.0000e+00
       2268    607.153     3.7258   3.243556    34.8234    27.6739 0.0000e+00
       2269    607.181     3.7256   3.243549    34.8235    27.6740 0.0000e+00
       2270    607.195     3.7256   3.243549    34.8235    27.6740 0.0000e+00
       2271    607.178     3.7256   3.243550    34.8235    27.6740 0.0000e+00
       2272    607.137     3.7255   3.243546    34.8236    27.6741 0.0000e+00
       2273    607.092     3.7253   3.243532    34.8237    27.6742 0.0000e+00
       2274    607.063     3.7253   3.243522    34.8236    27.6741 0.0000e+00
       2275    607.060     3.7253   3.243528    34.8237    27.6742 0.0000e+00
       2276    607.075     3.7254   3.243537    34.8236    27.6742 0.0000e+00
       2277    607.092     3.7256   3.243541    34.8235    27.6740 0.0000e+00
       2278    607.106     3.7256   3.243549    34.8236    27.6741 0.0000e+00
       2279    607.128     3.7257   3.243558    34.8235    27.6740 0.0000e+00
       2280    607.166     3.7256   3.243559    34.8236    27.6741 0.0000e+00
       2281    607.198     3.7255   3.243550    34.8236    27.6741 0.0000e+00
       2282    607.197     3.7253   3.243538    34.8237    27.6742 0.0000e+00
       2283    607.165     3.7253   3.243532    34.8236    27.6742 0.0000e+00
       2284    607.127     3.7253   3.243532    34.8237    27.6742 0.0000e+00
       2285    607.104     3.7253   3.243534    34.8237    27.6742 0.0000e+00
       2286    607.097     3.7253   3.243536    34.8237    27.6742 0.0000e+00
       2287    607.097     3.7253   3.243536    34.8237    27.6742 0.0000e+00
       2288    607.097     3.7253   3.243535    34.8237    27.6742 0.0000e+00
       2289    607.093     3.7253   3.243535    34.8237    27.6742 0.0000e+00
       2290    607.085     3.7253   3.243532    34.8237    27.6742 0.0000e+00
       2291    607.081     3.7253   3.243528    34.8236    27.6742 0.0000e+00
       2292    607.090     3.7253   3.243533    34.8237    27.6742 0.0000e+00
       2293    607.114     3.7254   3.243546    34.8237    27.6742 0.0000e+00
       2294    607.141     3.7256   3.243555    34.8236    27.6741 0.0000e+00
       2295    607.154     3.7257   3.243560    34.8236    27.6741 0.0000e+00
       2296    607.146     3.7257   3.243565    34.8236    27.6741 0.0000e+00
       2297    607.128     3.7257   3.243561    34.8236    27.6741 0.0000e+00
       2298    607.109     3.7257   3.243556    34.8235    27.6740 0.0000e+00
       2299    607.094     3.7257   3.243558    34.8236    27.6741 0.0000e+00
       2300    607.088     3.7257   3.243558    34.8236    27.6741 0.0000e+00
       2301    607.088     3.7258   3.243557    34.8235    27.6740 0.0000e+00
       2302    607.090     3.7258   3.243560    34.8235    27.6740 0.0000e+00
       2303    607.106     3.7259   3.243564    34.8234    27.6739 0.0000e+00
       2304    607.140     3.7259   3.243571    34.8235    27.6740 0.0000e+00
       2305    607.178     3.7259   3.243576    34.8235    27.6740 0.0000e+00
       2306    607.204     3.7258   3.243573    34.8236    27.6741 0.0000e+00
       2307    607.215     3.7257   3.243570    34.8236    27.6741 0.0000e+00
       2308    607.222     3.7257   3.243570    34.8236    27.6741 0.0000e+00
       2309    607.234     3.7257   3.243567    34.8236    27.6741 0.0000e+00
       2310    607.246     3.7257   3.243565    34.8236    27.6741 0.0000e+00
       2311    607.250     3.7256   3.243565    34.8237    27.6742 0.0000e+00
       2312    607.237     3.7256   3.243560    34.8236    27.6741 0.0000e+00
       2313    607.206     3.7256   3.243555    34.8236    27.6741 0.0000e+00
       2314    607.174     3.7256   3.243549    34.8235    27.6740 0.0000e+00
       2315    607.163     3.7256   3.243547    34.8235    27.6740 0.0000e+00
       2316    607.186     3.7256   3.243553    34.8236    27.6741 0.0000e+00
       2317    607.233     3.7257   3.243556    34.8235    27.6740 0.0000e+00
       2318    607.280     3.7256   3.243553    34.8235    27.6740 0.0000e+00
       2319    607.312     3.7256   3.243557    34.8235    27.6741 0.0000e+00
       2320    607.338     3.7256   3.243561    34.8236    27.6741 0.0000e+00
       2321    607.363     3.7256   3.243563    34.8236    27.6741 0.0000e+00
       2322    607.376     3.7256   3.243567    34.8236    27.6741 0.0000e+00
       2323    607.359     3.7256   3.243567    34.8236    27.6741 0.0000e+00
       2324    607.317     3.7256   3.243559    34.8236    27.6741 0.0000e+00
       2325    607.282     3.7256   3.243556    34.8235    27.6741 0.0000e+00
       2326    607.282     3.7257   3.243562    34.8235    27.6740 0.0000e+00
       2327    607.322     3.7259   3.243575    34.8234    27.6739 0.0000e+00
       2328    607.388     3.7259   3.243584    34.8235    27.6740 0.0000e+00
       2329    607.464     3.7257   3.243582    34.8237    27.6741 0.0000e+00
       2330    607.544     3.7256   3.243577    34.8237    27.6741 0.0000e+00
       2331    607.618     3.7256   3.243577    34.8236    27.6741 0.0000e+00
       2332    607.678     3.7257   3.243580    34.8235    27.6740 0.0000e+00
       2333    607.730     3.7256   3.243583    34.8236    27.6741 0.0000e+00
       2334    607.786     3.7256   3.243583    34.8236    27.6741 0.0000e+00
       2335    607.851     3.7256   3.243589    34.8236    27.6741 0.0000e+00
       2336    607.917     3.7257   3.243605    34.8237    27.6742 0.0000e+00
       2337    607.978     3.7257   3.243615    34.8238    27.6742 0.0000e+00
       2338    608.040     3.7257   3.243620    34.8238    27.6743 0.0000e+00
       2339    608.101     3.7258   3.243625    34.8237    27.6742 0.0000e+00
       2340    608.146     3.7260   3.243632    34.8236    27.6740 0.0000e+00
       2341    608.161     3.7260   3.243633    34.8236    27.6740 0.0000e+00
       2342    608.151     3.7261   3.243636    34.8235    27.6740 0.0000e+00
       2343    608.141     3.7262   3.243645    34.8235    27.6740 0.0000e+00
       2344    608.147     3.7262   3.243646    34.8235    27.6740 0.0000e+00
       2345    608.168     3.7262   3.243645    34.8235    27.6740 0.0000e+00
       2346    608.196     3.7262   3.243641    34.8234    27.6739 0.0000e+00
       2347    608.231     3.7263   3.243642    34.8233    27.6738 0.0000e+00
       2348    608.275     3.7264   3.243654    34.8233    27.6738 0.0000e+00
       2349    608.317     3.7264   3.243674    34.8236    27.6740 0.0000e+00
       2350    608.339     3.7264   3.243683    34.8237    27.6741 0.0000e+00
       2351    608.327     3.7264   3.243667    34.8235    27.6739 0.0000e+00
       2352    608.292     3.7263   3.243654    34.8234    27.6739 0.0000e+00
       2353    608.266     3.7263   3.243667    34.8236    27.6740 0.0000e+00
       2354    608.268     3.7263   3.243677    34.8237    27.6741 0.0000e+00
       2355    608.284     3.7262   3.243664    34.8237    27.6741 0.0000e+00
       2356    608.297     3.7260   3.243647    34.8237    27.6741 0.0000e+00
       2357    608.304     3.7261   3.243649    34.8236    27.6740 0.0000e+00
       2358    608.311     3.7263   3.243659    34.8235    27.6739 0.0000e+00
       2359    608.315     3.7263   3.243665    34.8236    27.6740 0.0000e+00
       2360    608.307     3.7264   3.243670    34.8235    27.6740 0.0000e+00
       2361    608.288     3.7264   3.243674    34.8236    27.6740 0.0000e+00
       2362    608.264     3.7266   3.243677    34.8234    27.6738 0.0000e+00
       2363    608.240     3.7267   3.243678    34.8233    27.6738 0.0000e+00
       2364    608.217     3.7267   3.243679    34.8234    27.6738 0.0000e+00
       2365    608.198     3.7266   3.243672    34.8234    27.6738 0.0000e+00
       2366    608.183     3.7264   3.243662    34.8235    27.6739 0.0000e+00
       2367    608.165     3.7264   3.243657    34.8234    27.6739 0.0000e+00
       2368    608.133     3.7264   3.243650    34.8234    27.6738 0.0000e+00
       2369    608.083     3.7262   3.243641    34.8235    27.6740 0.0000e+00
       2370    608.031     3.7260   3.243631    34.8236    27.6741 0.0000e+00
       2371    607.996     3.7260   3.243628    34.8236    27.6741 0.0000e+00
       2372    607.980     3.7260   3.243632    34.8237    27.6741 0.0000e+00
       2373    607.967     3.7260   3.243631    34.8237    27.6741 0.0000e+00
       2374    607.943     3.7260   3.243630    34.8237    27.6741 0.0000e+00
       2375    607.912     3.7260   3.243635    34.8237    27.6742 0.0000e+00
       2376    607.885     3.7260   3.243632    34.8237    27.6741 0.0000e+00
       2377    607.869     3.7260   3.243626    34.8236    27.6741 0.0000e+00
       2378    607.853     3.7260   3.243626    34.8237    27.6741 0.0000e+00
       2379    607.824     3.7260   3.243628    34.8237    27.6741 0.0000e+00
       2380    607.784     3.7260   3.243621    34.8236    27.6741 0.0000e+00
       2381    607.742     3.7260   3.243610    34.8235    27.6740 0.0000e+00
       2382    607.701     3.7260   3.243607    34.8235    27.6740 0.0000e+00
       2383    607.660     3.7260   3.243609    34.8236    27.6740 0.0000e+00
       2384    607.624     3.7260   3.243610    34.8236    27.6740 0.0000e+00
       2385    607.595     3.7260   3.243611    34.8236    27.6741 0.0000e+00
       2386    607.572     3.7260   3.243608    34.8236    27.6741 0.0000e+00
       2387    607.552     3.7260   3.243606    34.8236    27.6740 0.0000e+00
       2388    607.527     3.7260   3.243611    34.8237    27.6741 0.0000e+00
       2389    607.500     3.7260   3.243620    34.8238    27.6742 0.0000e+00
       2390    607.477     3.7260   3.243621    34.8238    27.6742 0.0000e+00
       2391    607.460     3.7262   3.243617    34.8235    27.6740 0.0000e+00
       2392    607.443     3.7263   3.243616    34.8234    27.6739 0.0000e+00
       2393    607.422     3.7263   3.243613    34.8234    27.6739 0.0000e+00
       2394    607.394     3.7262   3.243605    34.8234    27.6739 0.0000e+00
       2395    607.362     3.7260   3.243601    34.8236    27.6741 0.0000e+00
       2396    607.332     3.7260   3.243599    34.8236    27.6741 0.0000e+00
       2397    607.304     3.7260   3.243599    34.8236    27.6741 0.0000e+00
       2398    607.272     3.7260   3.243599    34.8236    27.6741 0.0000e+00
       2399    607.241     3.7261   3.243601    34.8236    27.6740 0.0000e+00
       2400    607.214     3.7262   3.243603    34.8235    27.6740 0.0000e+00
       2401    607.189     3.7262   3.243605    34.8235    27.6740 0.0000e+00
       2402    607.171     3.7262   3.243605    34.8236    27.6740 0.0000e+00
       2403    607.172     3.7262   3.243598    34.8235    27.6739 0.0000e+00
       2404    607.194     3.7262   3.243590    34.8234    27.6738 0.0000e+00
       2405    607.218     3.7262   3.243598    34.8234    27.6739 0.0000e+00
       2406    607.212     3.7262   3.243609    34.8236    27.6740 0.0000e+00
       2407    607.165     3.7262   3.243608    34.8236    27.6740 0.0000e+00
       2408    607.100     3.7262   3.243603    34.8236    27.6740 0.0000e+00
       2409    607.051     3.7262   3.243599    34.8235    27.6740 0.0000e+00
       2410    607.044     3.7263   3.243603    34.8235    27.6739 0.0000e+00
       2411    607.066     3.7264   3.243619    34.8236    27.6740 0.0000e+00
       2412    607.073     3.7265   3.243623    34.8235    27.6739 0.0000e+00
       2413    607.052     3.7266   3.243618    34.8233    27.6738 0.0000e+00
       2414    607.023     3.7266   3.243622    34.8234    27.6738 0.0000e+00
       2415    607.010     3.7266   3.243628    34.8235    27.6739 0.0000e+00
       2416    607.016     3.7267   3.243629    34.8234    27.6738 0.0000e+00
       2417    607.026     3.7267   3.243632    34.8234    27.6738 0.0000e+00
       2418    607.031     3.7267   3.243635    34.8235    27.6739 0.0000e+00
       2419    607.030     3.7267   3.243629    34.8234    27.6738 0.0000e+00
       2420    607.022     3.7266   3.243621    34.8234    27.6738 0.0000e+00
       2421    607.010     3.7267   3.243625    34.8233    27.6738 0.0000e+00
       2422    607.000     3.7268   3.243625    34.8232    27.6737 0.0000e+00
       2423    606.987     3.7268   3.243623    34.8232    27.6737 0.0000e+00
       2424    606.974     3.7267   3.243622    34.8233    27.6738 0.0000e+00
       2425    606.964     3.7266   3.243624    34.8235    27.6739 0.0000e+00
       2426    606.955     3.7266   3.243629    34.8235    27.6739 0.0000e+00
       2427    606.942     3.7265   3.243624    34.8236    27.6740 0.0000e+00
       2428    606.925     3.7264   3.243608    34.8235    27.6739 0.0000e+00
       2429    606.913     3.7264   3.243599    34.8234    27.6739 0.0000e+00
       2430    606.915     3.7264   3.243596    34.8234    27.6738 0.0000e+00
       2431    606.926     3.7264   3.243605    34.8235    27.6739 0.0000e+00
       2432    606.927     3.7266   3.243625    34.8235    27.6739 0.0000e+00
       2433    606.905     3.7268   3.243640    34.8235    27.6739 0.0000e+00
       2434    606.870     3.7270   3.243645    34.8233    27.6738 0.0000e+00
       2435    606.839     3.7272   3.243649    34.8232    27.6736 0.0000e+00
       2436    606.819     3.7272   3.243655    34.8233    27.6737 0.0000e+00
       2437    606.802     3.7272   3.243664    34.8234    27.6738 0.0000e+00
       2438    606.773     3.7274   3.243668    34.8232    27.6736 0.0000e+00
       2439    606.732     3.7275   3.243669    34.8232    27.6736 0.0000e+00
       2440    606.699     3.7275   3.243672    34.8232    27.6736 0.0000e+00
       2441    606.691     3.7275   3.243669    34.8232    27.6736 0.0000e+00
       2442    606.701     3.7273   3.243664    34.8233    27.6737 0.0000e+00
       2443    606.707     3.7272   3.243656    34.8233    27.6737 0.0000e+00
       2444    606.697     3.7272   3.243645    34.8232    27.6736 0.0000e+00
       2445    606.678     3.7272   3.243626    34.8230    27.6735 0.0000e+00
       2446    606.656     3.7272   3.243497    34.8215    27.6722 0.0000e+00
       2447    606.629     3.7272   3.243396    34.8203    27.6713 0.0000e+00
       2448    606.595     3.7272   3.243537    34.8220    27.6727 0.0000e+00
       2449    606.558     3.7275   3.243672    34.8233    27.6737 0.0000e+00
       2450    606.526     3.7279   3.243687    34.8231    27.6734 0.0000e+00
       2451    606.499     3.7281   3.243698    34.8230    27.6734 0.0000e+00
       2452    606.471     3.7282   3.243701    34.8229    27.6733 0.0000e+00
       2453    606.440     3.7282   3.243700    34.8230    27.6733 0.0000e+00
       2454    606.410     3.7283   3.243705    34.8229    27.6733 0.0000e+00
       2455    606.389     3.7283   3.243706    34.8229    27.6733 0.0000e+00
       2456    606.377     3.7283   3.243712    34.8230    27.6734 0.0000e+00
       2457    606.362     3.7283   3.243715    34.8231    27.6734 0.0000e+00
       2458    606.333     3.7283   3.243707    34.8230    27.6733 0.0000e+00
       2459    606.299     3.7283   3.243701    34.8229    27.6733 0.0000e+00
       2460    606.272     3.7283   3.243699    34.8229    27.6733 0.0000e+00
       2461    606.251     3.7283   3.243703    34.8230    27.6733 0.0000e+00
