Datasets/Multi_Species/NEE535/ned535_2020_015.cnv
* Sea-Bird SBE19plus Data File:
* Filename = C:/AQUIRE/ned535_2020_015.hex
* Software Version AquireV2 AF V2.0
* Temperature SN =  4579
* Conductivity SN =  4579
* System UpLoad Time = Dec 08 2020 13:20:35
** VESSEL/TRIP/SEQ STN: ned535_2020_015
** LATITUDE: 50 57.79 N
** LONGITUDE: 49 46.09 W
** DATE/TIME: 2020-12-08 11:46
** SOUNDING DEPTH (M):  991
** PROBE TYPE: S4579
** CTD NUMBER:  15
** COMMENTS: 
# nquan = 7                                 
# nvalues = 5369                        
# units = specified
# name 0 = scan: Scan Count
# name 1 = prdM: Pressure, Strain Gauge [db]
# name 2 = tv290C: Temperature [ITS-90, deg C]
# name 3 = c0S/m: Conductivity [S/m]
# name 4 = sal00: Salinity, Practical [PSU]
# name 5 = sigma-t00: Density [sigma-t, kg/m^3 ]
# name 6 = flag: flag
# span 0 =          1,       5369       
# span 1 =     -0.393,    959.672       
# span 2 =     2.2765,     4.0305       
# span 3 =   0.012394,   3.251585       
# span 4 =     0.0990,    34.8734       
# span 5 =     0.0437,    27.7326       
# span 6 = 0.0000e+00, 0.0000e+00       
# interval = seconds: 1
# start_time = Dec 08 2020 11:46:22 [Instrument's time stamp, header]
# bad_flag = -9.990e-29
*END*
[from data line 3898]
       3899    940.072     3.5498   3.246535    34.8717    27.7300 0.0000e+00
       3900    939.910     3.5498   3.246530    34.8717    27.7300 0.0000e+00
       3901    939.746     3.5499   3.246540    34.8718    27.7301 0.0000e+00
       3902    939.578     3.5503   3.246579    34.8719    27.7302 0.0000e+00
       3903    939.403     3.5511   3.246631    34.8718    27.7300 0.0000e+00
       3904    939.221     3.5518   3.246670    34.8716    27.7298 0.0000e+00
       3905    939.043     3.5522   3.246693    34.8715    27.7297 0.0000e+00
       3906    938.872     3.5525   3.246709    34.8715    27.7296 0.0000e+00
       3907    938.705     3.5527   3.246720    34.8715    27.7296 0.0000e+00
       3908    938.537     3.5530   3.246734    34.8715    27.7295 0.0000e+00
       3909    938.364     3.5532   3.246750    34.8715    27.7295 0.0000e+00
       3910    938.187     3.5533   3.246751    34.8715    27.7295 0.0000e+00
       3911    938.007     3.5534   3.246748    34.8715    27.7295 0.0000e+00
       3912    937.820     3.5538   3.246780    34.8715    27.7295 0.0000e+00
       3913    937.625     3.5545   3.246843    34.8716    27.7295 0.0000e+00
       3914    937.427     3.5552   3.246884    34.8715    27.7293 0.0000e+00
       3915    937.230     3.5556   3.246891    34.8712    27.7291 0.0000e+00
       3916    937.033     3.5560   3.246911    34.8712    27.7290 0.0000e+00
       3917    936.837     3.5567   3.246976    34.8713    27.7290 0.0000e+00
       3918    936.641     3.5578   3.247073    34.8714    27.7290 0.0000e+00
       3919    936.442     3.5591   3.247175    34.8713    27.7288 0.0000e+00
       3920    936.241     3.5602   3.247252    34.8712    27.7286 0.0000e+00
       3921    936.036     3.5608   3.247274    34.8709    27.7283 0.0000e+00
       3922    935.828     3.5611   3.247269    34.8706    27.7281 0.0000e+00
       3923    935.616     3.5614   3.247293    34.8707    27.7281 0.0000e+00
       3924    935.404     3.5619   3.247348    34.8710    27.7282 0.0000e+00
       3925    935.193     3.5626   3.247408    34.8710    27.7282 0.0000e+00
       3926    934.980     3.5634   3.247451    34.8708    27.7280 0.0000e+00
       3927    934.765     3.5639   3.247472    34.8706    27.7278 0.0000e+00
       3928    934.549     3.5643   3.247501    34.8707    27.7278 0.0000e+00
       3929    934.335     3.5649   3.247540    34.8706    27.7277 0.0000e+00
       3930    934.124     3.5654   3.247574    34.8706    27.7276 0.0000e+00
       3931    933.918     3.5659   3.247616    34.8707    27.7276 0.0000e+00
       3932    933.714     3.5665   3.247670    34.8708    27.7276 0.0000e+00
       3933    933.508     3.5672   3.247711    34.8706    27.7275 0.0000e+00
       3934    933.299     3.5677   3.247724    34.8704    27.7272 0.0000e+00
       3935    933.092     3.5679   3.247734    34.8704    27.7272 0.0000e+00
       3936    932.889     3.5684   3.247770    34.8704    27.7271 0.0000e+00
       3937    932.687     3.5691   3.247829    34.8705    27.7271 0.0000e+00
       3938    932.482     3.5698   3.247882    34.8704    27.7270 0.0000e+00
       3939    932.270     3.5706   3.247936    34.8704    27.7269 0.0000e+00
       3940    932.052     3.5716   3.247999    34.8702    27.7266 0.0000e+00
       3941    931.832     3.5725   3.248063    34.8701    27.7265 0.0000e+00
       3942    931.610     3.5736   3.248129    34.8698    27.7262 0.0000e+00
       3943    931.392     3.5746   3.248178    34.8694    27.7258 0.0000e+00
       3944    931.186     3.5755   3.248228    34.8692    27.7255 0.0000e+00
       3945    930.995     3.5763   3.248326    34.8696    27.7257 0.0000e+00
       3946    930.816     3.5774   3.248451    34.8700    27.7260 0.0000e+00
       3947    930.640     3.5787   3.248543    34.8698    27.7257 0.0000e+00
       3948    930.460     3.5796   3.248591    34.8696    27.7254 0.0000e+00
       3949    930.272     3.5800   3.248601    34.8693    27.7252 0.0000e+00
       3950    930.075     3.5800   3.248592    34.8693    27.7251 0.0000e+00
       3951    929.871     3.5800   3.248593    34.8695    27.7252 0.0000e+00
       3952    929.670     3.5801   3.248590    34.8694    27.7252 0.0000e+00
       3953    929.475     3.5801   3.248577    34.8694    27.7252 0.0000e+00
       3954    929.283     3.5801   3.248566    34.8693    27.7251 0.0000e+00
       3955    929.095     3.5801   3.248567    34.8694    27.7252 0.0000e+00
       3956    928.913     3.5802   3.248584    34.8696    27.7254 0.0000e+00
       3957    928.734     3.5806   3.248603    34.8695    27.7252 0.0000e+00
       3958    928.553     3.5808   3.248612    34.8695    27.7252 0.0000e+00
       3959    928.363     3.5808   3.248603    34.8695    27.7252 0.0000e+00
       3960    928.163     3.5808   3.248583    34.8694    27.7251 0.0000e+00
       3961    927.960     3.5806   3.248561    34.8694    27.7252 0.0000e+00
       3962    927.763     3.5804   3.248543    34.8695    27.7253 0.0000e+00
       3963    927.570     3.5805   3.248539    34.8695    27.7252 0.0000e+00
       3964    927.379     3.5808   3.248565    34.8696    27.7252 0.0000e+00
       3965    927.187     3.5813   3.248604    34.8696    27.7252 0.0000e+00
       3966    926.994     3.5815   3.248613    34.8696    27.7252 0.0000e+00
       3967    926.801     3.5813   3.248580    34.8695    27.7252 0.0000e+00
       3968    926.606     3.5808   3.248536    34.8696    27.7253 0.0000e+00
       3969    926.409     3.5805   3.248513    34.8698    27.7254 0.0000e+00
       3970    926.210     3.5805   3.248504    34.8698    27.7254 0.0000e+00
       3971    926.007     3.5808   3.248509    34.8696    27.7253 0.0000e+00
       3972    925.800     3.5815   3.248554    34.8695    27.7251 0.0000e+00
       3973    925.592     3.5825   3.248638    34.8696    27.7251 0.0000e+00
       3974    925.389     3.5835   3.248721    34.8696    27.7250 0.0000e+00
       3975    925.191     3.5843   3.248775    34.8695    27.7248 0.0000e+00
       3976    924.998     3.5848   3.248805    34.8694    27.7247 0.0000e+00
       3977    924.809     3.5852   3.248824    34.8693    27.7246 0.0000e+00
       3978    924.617     3.5856   3.248841    34.8692    27.7245 0.0000e+00
       3979    924.416     3.5858   3.248852    34.8692    27.7245 0.0000e+00
       3980    924.205     3.5861   3.248858    34.8691    27.7243 0.0000e+00
       3981    923.986     3.5861   3.248863    34.8692    27.7245 0.0000e+00
       3982    923.763     3.5862   3.248861    34.8692    27.7244 0.0000e+00
       3983    923.542     3.5864   3.248855    34.8691    27.7243 0.0000e+00
       3984    923.325     3.5865   3.248862    34.8692    27.7244 0.0000e+00
       3985    923.113     3.5867   3.248872    34.8692    27.7243 0.0000e+00
       3986    922.907     3.5871   3.248888    34.8690    27.7242 0.0000e+00
       3987    922.706     3.5873   3.248911    34.8692    27.7243 0.0000e+00
       3988    922.503     3.5876   3.248930    34.8692    27.7243 0.0000e+00
       3989    922.291     3.5878   3.248932    34.8691    27.7242 0.0000e+00
       3990    922.068     3.5879   3.248926    34.8691    27.7242 0.0000e+00
       3991    921.836     3.5880   3.248915    34.8690    27.7241 0.0000e+00
       3992    921.600     3.5881   3.248904    34.8689    27.7240 0.0000e+00
       3993    921.365     3.5881   3.248903    34.8690    27.7240 0.0000e+00
       3994    921.133     3.5883   3.248908    34.8689    27.7240 0.0000e+00
       3995    920.905     3.5884   3.248905    34.8689    27.7240 0.0000e+00
       3996    920.680     3.5884   3.248899    34.8689    27.7240 0.0000e+00
       3997    920.456     3.5885   3.248903    34.8690    27.7240 0.0000e+00
       3998    920.232     3.5888   3.248916    34.8690    27.7240 0.0000e+00
       3999    920.002     3.5890   3.248922    34.8689    27.7239 0.0000e+00
       4000    919.763     3.5891   3.248914    34.8689    27.7239 0.0000e+00
       4001    919.516     3.5892   3.248913    34.8689    27.7239 0.0000e+00
       4002    919.268     3.5894   3.248925    34.8689    27.7239 0.0000e+00
       4003    919.027     3.5896   3.248930    34.8689    27.7238 0.0000e+00
       4004    918.790     3.5898   3.248935    34.8689    27.7238 0.0000e+00
       4005    918.555     3.5900   3.248949    34.8689    27.7238 0.0000e+00
       4006    918.320     3.5903   3.248968    34.8690    27.7238 0.0000e+00
       4007    918.080     3.5907   3.248990    34.8689    27.7238 0.0000e+00
       4008    917.836     3.5913   3.249020    34.8688    27.7236 0.0000e+00
       4009    917.588     3.5919   3.249061    34.8688    27.7235 0.0000e+00
       4010    917.331     3.5925   3.249105    34.8688    27.7235 0.0000e+00
       4011    917.070     3.5931   3.249148    34.8688    27.7234 0.0000e+00
       4012    916.812     3.5937   3.249170    34.8686    27.7232 0.0000e+00
       4013    916.562     3.5942   3.249186    34.8683    27.7229 0.0000e+00
       4014    916.317     3.5950   3.249236    34.8682    27.7228 0.0000e+00
       4015    916.071     3.5960   3.249305    34.8681    27.7226 0.0000e+00
       4016    915.819     3.5969   3.249362    34.8680    27.7224 0.0000e+00
       4017    915.561     3.5977   3.249394    34.8676    27.7220 0.0000e+00
       4018    915.301     3.5982   3.249403    34.8673    27.7217 0.0000e+00
       4019    915.045     3.5987   3.249414    34.8671    27.7215 0.0000e+00
       4020    914.795     3.5994   3.249459    34.8670    27.7214 0.0000e+00
       4021    914.548     3.6004   3.249522    34.8668    27.7211 0.0000e+00
       4022    914.300     3.6013   3.249569    34.8666    27.7208 0.0000e+00
       4023    914.049     3.6020   3.249595    34.8663    27.7205 0.0000e+00
       4024    913.791     3.6025   3.249620    34.8662    27.7204 0.0000e+00
       4025    913.524     3.6032   3.249650    34.8659    27.7201 0.0000e+00
       4026    913.250     3.6036   3.249671    34.8659    27.7200 0.0000e+00
       4027    912.972     3.6040   3.249662    34.8655    27.7197 0.0000e+00
       4028    912.696     3.6042   3.249628    34.8650    27.7193 0.0000e+00
       4029    912.429     3.6044   3.249619    34.8648    27.7191 0.0000e+00
       4030    912.175     3.6046   3.249655    34.8652    27.7194 0.0000e+00
       4031    911.928     3.6051   3.249707    34.8654    27.7195 0.0000e+00
       4032    911.682     3.6056   3.249746    34.8655    27.7195 0.0000e+00
       4033    911.430     3.6060   3.249762    34.8654    27.7194 0.0000e+00
       4034    911.168     3.6062   3.249770    34.8654    27.7194 0.0000e+00
       4035    910.894     3.6065   3.249778    34.8653    27.7193 0.0000e+00
       4036    910.611     3.6069   3.249768    34.8649    27.7189 0.0000e+00
       4037    910.329     3.6071   3.249727    34.8643    27.7185 0.0000e+00
       4038    910.050     3.6071   3.249705    34.8642    27.7184 0.0000e+00
       4039    909.777     3.6074   3.249745    34.8645    27.7186 0.0000e+00
       4040    909.509     3.6077   3.249804    34.8650    27.7190 0.0000e+00
       4041    909.243     3.6081   3.249827    34.8650    27.7189 0.0000e+00
       4042    908.974     3.6083   3.249806    34.8647    27.7186 0.0000e+00
       4043    908.701     3.6083   3.249768    34.8644    27.7184 0.0000e+00
       4044    908.424     3.6083   3.249760    34.8644    27.7184 0.0000e+00
       4045    908.147     3.6083   3.249769    34.8647    27.7186 0.0000e+00
       4046    907.870     3.6083   3.249768    34.8648    27.7187 0.0000e+00
       4047    907.591     3.6083   3.249762    34.8649    27.7188 0.0000e+00
       4048    907.307     3.6083   3.249753    34.8649    27.7188 0.0000e+00
       4049    907.017     3.6084   3.249742    34.8649    27.7187 0.0000e+00
       4050    906.722     3.6086   3.249743    34.8648    27.7187 0.0000e+00
       4051    906.426     3.6090   3.249761    34.8648    27.7186 0.0000e+00
       4052    906.132     3.6093   3.249775    34.8648    27.7186 0.0000e+00
       4053    905.839     3.6096   3.249780    34.8646    27.7185 0.0000e+00
       4054    905.543     3.6098   3.249790    34.8647    27.7185 0.0000e+00
       4055    905.247     3.6102   3.249805    34.8646    27.7184 0.0000e+00
       4056    904.952     3.6107   3.249819    34.8644    27.7182 0.0000e+00
       4057    904.651     3.6111   3.249838    34.8644    27.7181 0.0000e+00
       4058    904.338     3.6115   3.249862    34.8644    27.7181 0.0000e+00
       4059    904.017     3.6119   3.249877    34.8643    27.7180 0.0000e+00
       4060    903.696     3.6122   3.249874    34.8641    27.7178 0.0000e+00
       4061    903.383     3.6124   3.249858    34.8639    27.7176 0.0000e+00
       4062    903.077     3.6125   3.249859    34.8639    27.7176 0.0000e+00
       4063    902.776     3.6130   3.249902    34.8641    27.7177 0.0000e+00
       4064    902.477     3.6139   3.249964    34.8640    27.7175 0.0000e+00
       4065    902.174     3.6146   3.250009    34.8640    27.7174 0.0000e+00
       4066    901.866     3.6153   3.250046    34.8638    27.7172 0.0000e+00
       4067    901.550     3.6159   3.250078    34.8637    27.7171 0.0000e+00
       4068    901.225     3.6166   3.250103    34.8635    27.7168 0.0000e+00
       4069    900.899     3.6171   3.250117    34.8633    27.7166 0.0000e+00
       4070    900.577     3.6174   3.250113    34.8631    27.7164 0.0000e+00
       4071    900.256     3.6177   3.250115    34.8629    27.7163 0.0000e+00
       4072    899.935     3.6180   3.250134    34.8630    27.7163 0.0000e+00
       4073    899.613     3.6182   3.250146    34.8631    27.7164 0.0000e+00
       4074    899.288     3.6185   3.250143    34.8629    27.7162 0.0000e+00
       4075    898.959     3.6187   3.250146    34.8629    27.7162 0.0000e+00
       4076    898.624     3.6190   3.250155    34.8629    27.7161 0.0000e+00
       4077    898.285     3.6195   3.250171    34.8627    27.7159 0.0000e+00
       4078    897.944     3.6199   3.250182    34.8626    27.7158 0.0000e+00
       4079    897.605     3.6203   3.250177    34.8623    27.7155 0.0000e+00
       4080    897.270     3.6204   3.250172    34.8623    27.7155 0.0000e+00
       4081    896.938     3.6205   3.250177    34.8624    27.7156 0.0000e+00
       4082    896.606     3.6207   3.250180    34.8624    27.7156 0.0000e+00
       4083    896.270     3.6209   3.250180    34.8624    27.7155 0.0000e+00
       4084    895.926     3.6211   3.250181    34.8624    27.7155 0.0000e+00
       4085    895.570     3.6213   3.250181    34.8623    27.7154 0.0000e+00
       4086    895.206     3.6216   3.250174    34.8621    27.7152 0.0000e+00
       4087    894.838     3.6218   3.250160    34.8619    27.7151 0.0000e+00
       4088    894.475     3.6219   3.250144    34.8618    27.7150 0.0000e+00
       4089    894.121     3.6220   3.250127    34.8617    27.7149 0.0000e+00
       4090    893.776     3.6221   3.250118    34.8617    27.7148 0.0000e+00
       4091    893.442     3.6225   3.250149    34.8618    27.7149 0.0000e+00
       4092    893.107     3.6235   3.250226    34.8618    27.7148 0.0000e+00
       4093    892.757     3.6250   3.250322    34.8615    27.7144 0.0000e+00
       4094    892.397     3.6264   3.250384    34.8610    27.7139 0.0000e+00
       4095    892.034     3.6271   3.250394    34.8606    27.7134 0.0000e+00
       4096    891.668     3.6274   3.250390    34.8604    27.7133 0.0000e+00
       4097    891.299     3.6277   3.250399    34.8604    27.7132 0.0000e+00
       4098    890.927     3.6280   3.250418    34.8605    27.7133 0.0000e+00
       4099    890.556     3.6284   3.250428    34.8603    27.7132 0.0000e+00
       4100    890.189     3.6285   3.250420    34.8603    27.7131 0.0000e+00
       4101    889.820     3.6285   3.250403    34.8603    27.7131 0.0000e+00
       4102    889.447     3.6287   3.250401    34.8603    27.7131 0.0000e+00
