Datasets/Multi_Species/NEE535/ned535_2020_011.cnv
* Sea-Bird SBE19plus Data File:
* Filename = C:/AQUIRE/ned535_2020_011.hex
* Software Version AquireV2 AF V2.0
* Temperature SN =  4579
* Conductivity SN =  4579
* System UpLoad Time = Dec 06 2020 22:57:25
** VESSEL/TRIP/SEQ STN: ned535_2020_011
** LATITUDE: 51 01.45 N
** LONGITUDE: 49 55.79 W
** DATE/TIME: 2020-12-06 21:32
** SOUNDING DEPTH (M):  911
** PROBE TYPE: S4579
** CTD NUMBER:  11
** COMMENTS: 
# nquan = 7                                 
# nvalues = 4907                        
# units = specified
# name 0 = scan: Scan Count
# name 1 = prdM: Pressure, Strain Gauge [db]
# name 2 = tv290C: Temperature [ITS-90, deg C]
# name 3 = c0S/m: Conductivity [S/m]
# name 4 = sal00: Salinity, Practical [PSU]
# name 5 = sigma-t00: Density [sigma-t, kg/m^3 ]
# name 6 = flag: flag
# span 0 =          1,       4907       
# span 1 =     -0.306,    940.535       
# span 2 =     1.9013,     4.2016       
# span 3 =   0.001958,   3.255313       
# span 4 =     0.0145,    34.8669       
# span 5 =    -0.0135,    27.7236       
# span 6 = 0.0000e+00, 0.0000e+00       
# interval = seconds: 1
# start_time = Dec 06 2020 21:32:54 [Instrument's time stamp, header]
# bad_flag = -9.990e-29
*END*
[from data line 411]
        412      0.753     1.9756   2.966397    33.6290    26.8751 0.0000e+00
        413      0.814     1.9737   2.965982    33.6257    26.8727 0.0000e+00
        414      0.834     1.9722   2.965766    33.6246    26.8719 0.0000e+00
        415      0.849     1.9718   2.965716    33.6244    26.8718 0.0000e+00
        416      0.902     1.9720   2.965625    33.6230    26.8706 0.0000e+00
        417      0.995     1.9722   2.965476    33.6209    26.8689 0.0000e+00
        418      1.156     1.9726   2.965512    33.6208    26.8688 0.0000e+00
        419      1.399     1.9730   2.965535    33.6206    26.8686 0.0000e+00
        420      1.644     1.9734   2.965460    33.6191    26.8673 0.0000e+00
        421      1.793     1.9746   2.965686    33.6205    26.8684 0.0000e+00
        422      1.846     1.9779   2.966397    33.6259    26.8725 0.0000e+00
        423      1.882     1.9817   2.967241    33.6324    26.8774 0.0000e+00
        424      1.956     1.9824   2.967312    33.6325    26.8774 0.0000e+00
        425      2.079     1.9791   2.966525    33.6261    26.8725 0.0000e+00
        426      2.203     1.9761   2.965870    33.6210    26.8687 0.0000e+00
        427      2.266     1.9768   2.966061    33.6226    26.8699 0.0000e+00
        428      2.303     1.9804   2.966920    33.6295    26.8752 0.0000e+00
        429      2.402     1.9835   2.967533    33.6338    26.8784 0.0000e+00
        430      2.616     1.9853   2.967849    33.6358    26.8798 0.0000e+00
        431      2.904     1.9856   2.968024    33.6375    26.8812 0.0000e+00
        432      3.152     1.9849   2.967920    33.6368    26.8807 0.0000e+00
        433      3.329     1.9846   2.968075    33.6389    26.8824 0.0000e+00
        434      3.479     1.9844   2.968150    33.6400    26.8833 0.0000e+00
        435      3.613     1.9834   2.967893    33.6378    26.8816 0.0000e+00
        436      3.713     1.9821   2.967673    33.6363    26.8805 0.0000e+00
        437      3.744     1.9817   2.967490    33.6345    26.8791 0.0000e+00
        438      3.740     1.9836   2.967799    33.6363    26.8804 0.0000e+00
        439      3.803     1.9863   2.968313    33.6398    26.8830 0.0000e+00
        440      3.951     1.9863   2.968056    33.6365    26.8804 0.0000e+00
        441      4.160     1.9846   2.967556    33.6320    26.8768 0.0000e+00
        442      4.434     1.9835   2.967512    33.6324    26.8773 0.0000e+00
        443      4.752     1.9826   2.967517    33.6333    26.8780 0.0000e+00
        444      5.055     1.9813   2.967374    33.6327    26.8777 0.0000e+00
        445      5.331     1.9800   2.967198    33.6317    26.8770 0.0000e+00
        446      5.625     1.9787   2.966999    33.6304    26.8761 0.0000e+00
        447      5.955     1.9786   2.966998    33.6303    26.8760 0.0000e+00
        448      6.311     1.9802   2.967351    33.6329    26.8779 0.0000e+00
        449      6.672     1.9813   2.967508    33.6335    26.8783 0.0000e+00
        450      6.996     1.9804   2.967167    33.6300    26.8755 0.0000e+00
        451      7.268     1.9809   2.967226    33.6300    26.8755 0.0000e+00
        452      7.544     1.9845   2.968064    33.6365    26.8805 0.0000e+00
        453      7.859     1.9886   2.968707    33.6400    26.8830 0.0000e+00
        454      8.197     2.0029   2.971019    33.6536    26.8927 0.0000e+00
        455      8.552     2.0451   2.978224    33.6986    26.9256 0.0000e+00
        456      8.926     2.1051   2.987728    33.7533    26.9647 0.0000e+00
        457      9.307     2.1511   2.994645    33.7904    26.9908 0.0000e+00
        458      9.682     2.1587   2.994870    33.7849    26.9858 0.0000e+00
        459     10.048     2.1295   2.987871    33.7284    26.9429 0.0000e+00
        460     10.417     2.1107   2.984792    33.7098    26.9295 0.0000e+00
        461     10.811     2.1442   2.992834    33.7743    26.9785 0.0000e+00
        462     11.237     2.2016   3.002384    33.8319    27.0201 0.0000e+00
        463     11.677     2.2380   3.006395    33.8428    27.0259 0.0000e+00
        464     12.113     2.2515   3.007575    33.8429    27.0249 0.0000e+00
        465     12.537     2.2572   3.008314    33.8457    27.0267 0.0000e+00
        466     12.951     2.2616   3.008941    33.8486    27.0287 0.0000e+00
        467     13.357     2.2666   3.009689    33.8524    27.0313 0.0000e+00
        468     13.758     2.2737   3.010838    33.8589    27.0359 0.0000e+00
        469     14.163     2.2832   3.012332    33.8671    27.0417 0.0000e+00
        470     14.591     2.2935   3.013805    33.8742    27.0466 0.0000e+00
        471     15.043     2.3027   3.015020    33.8792    27.0498 0.0000e+00
        472     15.512     2.3133   3.016448    33.8854    27.0539 0.0000e+00
        473     15.986     2.3327   3.019298    33.8999    27.0639 0.0000e+00
        474     16.448     2.3676   3.024660    33.9289    27.0843 0.0000e+00
        475     16.886     2.4154   3.031883    33.9673    27.1111 0.0000e+00
        476     17.302     2.4642   3.038517    33.9972    27.1309 0.0000e+00
        477     17.706     2.5042   3.043487    34.0158    27.1425 0.0000e+00
        478     18.107     2.5345   3.047376    34.0313    27.1524 0.0000e+00
        479     18.504     2.5568   3.050206    34.0423    27.1592 0.0000e+00
        480     18.900     2.5732   3.052243    34.0497    27.1638 0.0000e+00
        481     19.305     2.5859   3.053938    34.0568    27.1684 0.0000e+00
        482     19.734     2.5957   3.055277    34.0627    27.1723 0.0000e+00
        483     20.197     2.6032   3.056324    34.0673    27.1753 0.0000e+00
        484     20.682     2.6100   3.057264    34.0714    27.1780 0.0000e+00
        485     21.171     2.6195   3.058773    34.0796    27.1838 0.0000e+00
        486     21.649     2.6330   3.061013    34.0926    27.1930 0.0000e+00
        487     22.104     2.6466   3.062919    34.1013    27.1988 0.0000e+00
        488     22.531     2.6559   3.064018    34.1047    27.2007 0.0000e+00
        489     22.941     2.6615   3.064776    34.1078    27.2027 0.0000e+00
        490     23.347     2.6659   3.065498    34.1118    27.2055 0.0000e+00
        491     23.757     2.6696   3.066074    34.1147    27.2075 0.0000e+00
        492     24.173     2.6721   3.066384    34.1156    27.2080 0.0000e+00
        493     24.596     2.6738   3.066570    34.1158    27.2081 0.0000e+00
        494     25.030     2.6749   3.066766    34.1168    27.2088 0.0000e+00
        495     25.475     2.6757   3.066973    34.1183    27.2099 0.0000e+00
        496     25.927     2.6765   3.067148    34.1193    27.2106 0.0000e+00
        497     26.378     2.6772   3.067290    34.1201    27.2112 0.0000e+00
        498     26.829     2.6780   3.067426    34.1206    27.2115 0.0000e+00
        499     27.282     2.6788   3.067558    34.1212    27.2119 0.0000e+00
        500     27.734     2.6794   3.067696    34.1220    27.2125 0.0000e+00
        501     28.179     2.6802   3.067867    34.1230    27.2132 0.0000e+00
        502     28.612     2.6815   3.068118    34.1244    27.2143 0.0000e+00
        503     29.033     2.6838   3.068482    34.1262    27.2155 0.0000e+00
        504     29.447     2.6868   3.068931    34.1283    27.2169 0.0000e+00
        505     29.861     2.6908   3.069503    34.1309    27.2186 0.0000e+00
        506     30.282     2.6974   3.070477    34.1356    27.2218 0.0000e+00
        507     30.720     2.7092   3.072222    34.1442    27.2277 0.0000e+00
        508     31.179     2.7264   3.074631    34.1552    27.2350 0.0000e+00
        509     31.650     2.7497   3.077608    34.1667    27.2421 0.0000e+00
        510     32.119     2.7786   3.081268    34.1806    27.2507 0.0000e+00
        511     32.576     2.8064   3.084622    34.1919    27.2572 0.0000e+00
        512     33.018     2.8266   3.086790    34.1967    27.2593 0.0000e+00
        513     33.446     2.8399   3.088301    34.2008    27.2614 0.0000e+00
        514     33.865     2.8497   3.089606    34.2061    27.2648 0.0000e+00
        515     34.285     2.8571   3.090558    34.2096    27.2670 0.0000e+00
        516     34.718     2.8621   3.091119    34.2109    27.2676 0.0000e+00
        517     35.169     2.8680   3.091896    34.2139    27.2694 0.0000e+00
        518     35.629     2.8781   3.093525    34.2228    27.2756 0.0000e+00
        519     36.093     2.8906   3.095415    34.2324    27.2822 0.0000e+00
        520     36.567     2.9021   3.096823    34.2371    27.2849 0.0000e+00
        521     37.046     2.9127   3.098122    34.2415    27.2874 0.0000e+00
        522     37.509     2.9234   3.099594    34.2478    27.2915 0.0000e+00
        523     37.947     2.9333   3.100839    34.2522    27.2942 0.0000e+00
        524     38.372     2.9416   3.101734    34.2541    27.2949 0.0000e+00
        525     38.800     2.9478   3.102468    34.2562    27.2961 0.0000e+00
        526     39.240     2.9526   3.103042    34.2579    27.2969 0.0000e+00
        527     39.687     2.9560   3.103442    34.2589    27.2974 0.0000e+00
        528     40.136     2.9583   3.103728    34.2597    27.2979 0.0000e+00
        529     40.588     2.9602   3.103960    34.2603    27.2981 0.0000e+00
        530     41.049     2.9626   3.104262    34.2611    27.2986 0.0000e+00
        531     41.525     2.9658   3.104711    34.2629    27.2998 0.0000e+00
        532     42.011     2.9695   3.105201    34.2647    27.3009 0.0000e+00
        533     42.491     2.9733   3.105674    34.2662    27.3017 0.0000e+00
        534     42.963     2.9779   3.106287    34.2685    27.3031 0.0000e+00
        535     43.434     2.9838   3.107131    34.2723    27.3056 0.0000e+00
        536     43.904     2.9903   3.108027    34.2760    27.3080 0.0000e+00
        537     44.366     2.9967   3.108773    34.2780    27.3091 0.0000e+00
        538     44.814     3.0030   3.109486    34.2798    27.3099 0.0000e+00
        539     45.258     3.0092   3.110291    34.2828    27.3117 0.0000e+00
        540     45.705     3.0152   3.111031    34.2852    27.3131 0.0000e+00
        541     46.156     3.0207   3.111633    34.2864    27.3135 0.0000e+00
        542     46.613     3.0261   3.112229    34.2877    27.3141 0.0000e+00
        543     47.083     3.0328   3.112990    34.2895    27.3150 0.0000e+00
        544     47.573     3.0414   3.114015    34.2926    27.3166 0.0000e+00
        545     48.075     3.0515   3.115291    34.2971    27.3193 0.0000e+00
        546     48.572     3.0617   3.116568    34.3016    27.3219 0.0000e+00
        547     49.057     3.0709   3.117599    34.3041    27.3231 0.0000e+00
        548     49.532     3.0799   3.118585    34.3062    27.3240 0.0000e+00
        549     50.000     3.0895   3.119720    34.3096    27.3257 0.0000e+00
        550     50.462     3.0999   3.120896    34.3126    27.3272 0.0000e+00
        551     50.914     3.1115   3.122184    34.3157    27.3286 0.0000e+00
        552     51.356     3.1243   3.123636    34.3195    27.3304 0.0000e+00
        553     51.801     3.1376   3.125040    34.3221    27.3313 0.0000e+00
        554     52.265     3.1523   3.126554    34.3247    27.3320 0.0000e+00
        555     52.750     3.1721   3.128738    34.3299    27.3343 0.0000e+00
        556     53.240     3.1986   3.131863    34.3394    27.3394 0.0000e+00
        557     53.719     3.2291   3.135297    34.3484    27.3437 0.0000e+00
        558     54.189     3.2595   3.138449    34.3540    27.3454 0.0000e+00
        559     54.655     3.2865   3.141290    34.3595    27.3472 0.0000e+00
        560     55.113     3.3080   3.143496    34.3632    27.3481 0.0000e+00
        561     55.562     3.3239   3.145076    34.3651    27.3482 0.0000e+00
        562     56.008     3.3350   3.146207    34.3668    27.3484 0.0000e+00
        563     56.457     3.3424   3.146940    34.3676    27.3483 0.0000e+00
        564     56.914     3.3474   3.147490    34.3687    27.3487 0.0000e+00
        565     57.386     3.3514   3.147972    34.3700    27.3494 0.0000e+00
        566     57.870     3.3550   3.148438    34.3715    27.3503 0.0000e+00
        567     58.358     3.3587   3.148934    34.3733    27.3514 0.0000e+00
        568     58.842     3.3628   3.149497    34.3755    27.3527 0.0000e+00
        569     59.324     3.3670   3.150144    34.3786    27.3548 0.0000e+00
        570     59.804     3.3707   3.150741    34.3816    27.3569 0.0000e+00
        571     60.275     3.3717   3.150985    34.3833    27.3581 0.0000e+00
        572     60.735     3.3689   3.150743    34.3831    27.3582 0.0000e+00
        573     61.189     3.3638   3.150268    34.3825    27.3582 0.0000e+00
        574     61.644     3.3593   3.149950    34.3832    27.3592 0.0000e+00
        575     62.106     3.3571   3.149967    34.3855    27.3612 0.0000e+00
        576     62.575     3.3575   3.150327    34.3891    27.3641 0.0000e+00
        577     63.042     3.3603   3.151050    34.3946    27.3682 0.0000e+00
        578     63.501     3.3644   3.151943    34.4008    27.3728 0.0000e+00
        579     63.957     3.3685   3.152743    34.4059    27.3764 0.0000e+00
        580     64.424     3.3729   3.153427    34.4092    27.3786 0.0000e+00
        581     64.907     3.3781   3.154112    34.4117    27.3801 0.0000e+00
        582     65.398     3.3834   3.154825    34.4144    27.3818 0.0000e+00
        583     65.891     3.3889   3.155503    34.4165    27.3829 0.0000e+00
        584     66.386     3.3947   3.156143    34.4178    27.3834 0.0000e+00
        585     66.882     3.4005   3.156794    34.4192    27.3840 0.0000e+00
        586     67.379     3.4062   3.157507    34.4215    27.3853 0.0000e+00
        587     67.872     3.4117   3.158160    34.4233    27.3861 0.0000e+00
        588     68.355     3.4169   3.158727    34.4244    27.3865 0.0000e+00
        589     68.822     3.4222   3.159345    34.4259    27.3872 0.0000e+00
        590     69.272     3.4272   3.159928    34.4274    27.3879 0.0000e+00
        591     69.711     3.4314   3.160389    34.4283    27.3882 0.0000e+00
        592     70.147     3.4349   3.160737    34.4285    27.3881 0.0000e+00
        593     70.586     3.4376   3.161015    34.4288    27.3880 0.0000e+00
        594     71.034     3.4406   3.161367    34.4296    27.3884 0.0000e+00
        595     71.494     3.4448   3.161925    34.4316    27.3896 0.0000e+00
        596     71.966     3.4501   3.162616    34.4341    27.3910 0.0000e+00
        597     72.443     3.4568   3.163427    34.4365    27.3923 0.0000e+00
        598     72.921     3.4676   3.164732    34.4405    27.3944 0.0000e+00
        599     73.400     3.4838   3.166713    34.4469    27.3980 0.0000e+00
        600     73.879     3.5022   3.168911    34.4536    27.4015 0.0000e+00
        601     74.356     3.5181   3.170812    34.4594    27.4046 0.0000e+00
        602     74.827     3.5293   3.172128    34.4631    27.4064 0.0000e+00
        603     75.288     3.5360   3.172812    34.4639    27.4065 0.0000e+00
        604     75.742     3.5401   3.173252    34.4646    27.4066 0.0000e+00
        605     76.202     3.5435   3.173717    34.4664    27.4077 0.0000e+00
        606     76.667     3.5476   3.174346    34.4693    27.4096 0.0000e+00
        607     77.130     3.5530   3.175289    34.4747    27.4134 0.0000e+00
        608     77.593     3.5589   3.176214    34.4793    27.4165 0.0000e+00
        609     78.062     3.5636   3.176803    34.4812    27.4175 0.0000e+00
        610     78.544     3.5669   3.177240    34.4827    27.4183 0.0000e+00
        611     79.035     3.5698   3.177663    34.4844    27.4194 0.0000e+00
        612     79.529     3.5726   3.178001    34.4852    27.4198 0.0000e+00
        613     80.020     3.5747   3.178295    34.4863    27.4204 0.0000e+00
        614     80.507     3.5763   3.178598    34.4879    27.4216 0.0000e+00
        615     80.987     3.5780   3.178899    34.4895    27.4227 0.0000e+00
