Datasets/Multi_Species/NEE535/ned535_2020_003.cnv
* Sea-Bird SBE19plus Data File:
* Filename = C:/AQUIRE/ned535_2020_003.hex
* Software Version AquireV2 AF V2.0
* Temperature SN =  4579
* Conductivity SN =  4579
* System UpLoad Time = Dec 04 2020 22:27:38
** VESSEL/TRIP/SEQ STN: ned535_2020_003
** LATITUDE: 50 38.85 N
** LONGITUDE: 50 45.45 W
** DATE/TIME: 2020-12-04 21:27
** SOUNDING DEPTH (M):  448
** PROBE TYPE: S4579
** CTD NUMBER: 003
** COMMENTS: 
# nquan = 7                                 
# nvalues = 3272                        
# units = specified
# name 0 = scan: Scan Count
# name 1 = prdM: Pressure, Strain Gauge [db]
# name 2 = tv290C: Temperature [ITS-90, deg C]
# name 3 = c0S/m: Conductivity [S/m]
# name 4 = sal00: Salinity, Practical [PSU]
# name 5 = sigma-t00: Density [sigma-t, kg/m^3 ]
# name 6 = flag: flag
# span 0 =          1,       3272       
# span 1 =     -0.171,    452.416       
# span 2 =     1.4781,     3.9228       
# span 3 =   0.005078,   3.245680       
# span 4 =     0.0400,    34.7495       
# span 5 =    -0.0374,    27.5967       
# span 6 = 0.0000e+00, 0.0000e+00       
# interval = seconds: 1
# start_time = Dec 04 2020 21:27:38 [Instrument's time stamp, header]
# bad_flag = -9.990e-29
*END*
[from data line 2462]
       2463    381.179     3.9130   3.243737    34.7471    27.5941 0.0000e+00
       2464    380.361     3.9114   3.243549    34.7470    27.5942 0.0000e+00
       2465    379.555     3.9105   3.243510    34.7480    27.5950 0.0000e+00
       2466    378.757     3.9081   3.243190    34.7471    27.5946 0.0000e+00
       2467    377.962     3.9036   3.242601    34.7453    27.5936 0.0000e+00
       2468    377.157     3.9002   3.242247    34.7451    27.5938 0.0000e+00
       2469    376.325     3.8971   3.241960    34.7454    27.5944 0.0000e+00
       2470    375.465     3.8889   3.241034    34.7436    27.5937 0.0000e+00
       2471    374.589     3.8762   3.239535    34.7397    27.5919 0.0000e+00
       2472    373.717     3.8682   3.238684    34.7385    27.5918 0.0000e+00
       2473    372.861     3.8700   3.239106    34.7420    27.5944 0.0000e+00
       2474    372.004     3.8758   3.239834    34.7450    27.5962 0.0000e+00
       2475    371.120     3.8789   3.240067    34.7450    27.5959 0.0000e+00
       2476    370.201     3.8739   3.239368    34.7424    27.5944 0.0000e+00
       2477    369.268     3.8603   3.237672    34.7372    27.5916 0.0000e+00
       2478    368.347     3.8473   3.236226    34.7342    27.5905 0.0000e+00
       2479    367.447     3.8434   3.236132    34.7377    27.5937 0.0000e+00
       2480    366.564     3.8439   3.236326    34.7400    27.5955 0.0000e+00
       2481    365.699     3.8405   3.235747    34.7371    27.5936 0.0000e+00
       2482    364.846     3.8342   3.235001    34.7354    27.5928 0.0000e+00
       2483    363.991     3.8273   3.234234    34.7340    27.5924 0.0000e+00
       2484    363.114     3.8203   3.233445    34.7325    27.5919 0.0000e+00
       2485    362.199     3.8152   3.232950    34.7325    27.5925 0.0000e+00
       2486    361.250     3.8135   3.232800    34.7330    27.5930 0.0000e+00
       2487    360.277     3.8144   3.232918    34.7340    27.5937 0.0000e+00
       2488    359.285     3.8159   3.233026    34.7342    27.5938 0.0000e+00
       2489    358.279     3.8170   3.233046    34.7338    27.5933 0.0000e+00
       2490    357.278     3.8181   3.233119    34.7341    27.5934 0.0000e+00
       2491    356.309     3.8193   3.233224    34.7346    27.5937 0.0000e+00
       2492    355.385     3.8205   3.233284    34.7345    27.5935 0.0000e+00
       2493    354.483     3.8216   3.233347    34.7346    27.5935 0.0000e+00
       2494    353.558     3.8198   3.233131    34.7344    27.5935 0.0000e+00
       2495    352.587     3.8097   3.231858    34.7305    27.5914 0.0000e+00
       2496    351.580     3.7923   3.229683    34.7235    27.5876 0.0000e+00
       2497    350.565     3.7754   3.227848    34.7201    27.5866 0.0000e+00
       2498    349.563     3.7636   3.226737    34.7199    27.5877 0.0000e+00
       2499    348.577     3.7568   3.226147    34.7206    27.5889 0.0000e+00
       2500    347.593     3.7539   3.225876    34.7210    27.5895 0.0000e+00
       2501    346.602     3.7575   3.226139    34.7208    27.5890 0.0000e+00
       2502    345.600     3.7734   3.227969    34.7263    27.5918 0.0000e+00
       2503    344.580     3.7980   3.230695    34.7333    27.5948 0.0000e+00
       2504    343.537     3.8191   3.232593    34.7341    27.5933 0.0000e+00
       2505    342.465     3.8308   3.233483    34.7329    27.5912 0.0000e+00
       2506    341.368     3.8348   3.233699    34.7318    27.5899 0.0000e+00
       2507    340.265     3.8335   3.233416    34.7304    27.5889 0.0000e+00
       2508    339.196     3.8296   3.232880    34.7287    27.5880 0.0000e+00
       2509    338.173     3.8266   3.232529    34.7283    27.5879 0.0000e+00
       2510    337.164     3.8236   3.232348    34.7298    27.5895 0.0000e+00
       2511    336.126     3.8141   3.231217    34.7270    27.5882 0.0000e+00
       2512    335.052     3.7997   3.229442    34.7217    27.5854 0.0000e+00
       2513    333.980     3.7899   3.228583    34.7224    27.5870 0.0000e+00
       2514    332.940     3.7866   3.228440    34.7247    27.5892 0.0000e+00
       2515    331.906     3.7858   3.228320    34.7247    27.5893 0.0000e+00
       2516    330.829     3.7847   3.228155    34.7245    27.5892 0.0000e+00
       2517    329.692     3.7813   3.227736    34.7237    27.5889 0.0000e+00
       2518    328.526     3.7731   3.226760    34.7214    27.5879 0.0000e+00
       2519    327.374     3.7600   3.225249    34.7179    27.5864 0.0000e+00
       2520    326.245     3.7473   3.223897    34.7158    27.5861 0.0000e+00
       2521    325.121     3.7394   3.223196    34.7164    27.5874 0.0000e+00
       2522    324.007     3.7361   3.222938    34.7174    27.5885 0.0000e+00
       2523    322.944     3.7359   3.222928    34.7181    27.5890 0.0000e+00
       2524    321.955     3.7381   3.223151    34.7190    27.5895 0.0000e+00
       2525    320.989     3.7418   3.223478    34.7195    27.5895 0.0000e+00
       2526    319.956     3.7458   3.223787    34.7195    27.5891 0.0000e+00
       2527    318.804     3.7501   3.224143    34.7198    27.5889 0.0000e+00
       2528    317.572     3.7557   3.224636    34.7204    27.5889 0.0000e+00
       2529    316.363     3.7619   3.225207    34.7213    27.5889 0.0000e+00
       2530    315.250     3.7672   3.225655    34.7216    27.5887 0.0000e+00
       2531    314.222     3.7703   3.225863    34.7214    27.5881 0.0000e+00
       2532    313.213     3.7723   3.225969    34.7210    27.5877 0.0000e+00
       2533    312.156     3.7758   3.226317    34.7221    27.5881 0.0000e+00
       2534    311.036     3.7817   3.226970    34.7242    27.5893 0.0000e+00
       2535    309.888     3.7870   3.227426    34.7246    27.5891 0.0000e+00
       2536    308.730     3.7873   3.227319    34.7237    27.5883 0.0000e+00
       2537    307.559     3.7747   3.225782    34.7193    27.5861 0.0000e+00
       2538    306.393     3.7427   3.221917    34.7077    27.5801 0.0000e+00
       2539    305.265     3.6978   3.216871    34.6957    27.5750 0.0000e+00
       2540    304.186     3.6578   3.212839    34.6905    27.5749 0.0000e+00
       2541    303.120     3.6331   3.210746    34.6922    27.5788 0.0000e+00
       2542    302.010     3.6206   3.209715    34.6938    27.5812 0.0000e+00
       2543    300.819     3.6133   3.208879    34.6922    27.5807 0.0000e+00
       2544    299.549     3.6071   3.208192    34.6912    27.5805 0.0000e+00
       2545    298.246     3.5991   3.207339    34.6902    27.5805 0.0000e+00
       2546    296.972     3.5889   3.206226    34.6884    27.5801 0.0000e+00
       2547    295.764     3.5789   3.205207    34.6874    27.5803 0.0000e+00
       2548    294.609     3.5698   3.204222    34.6859    27.5800 0.0000e+00
       2549    293.467     3.5606   3.203199    34.6840    27.5794 0.0000e+00
       2550    292.308     3.5511   3.202173    34.6825    27.5791 0.0000e+00
       2551    291.122     3.5418   3.201129    34.6805    27.5784 0.0000e+00
       2552    289.903     3.5335   3.200222    34.6791    27.5781 0.0000e+00
       2553    288.649     3.5255   3.199319    34.6774    27.5776 0.0000e+00
       2554    287.365     3.5177   3.198363    34.6749    27.5764 0.0000e+00
       2555    286.066     3.5137   3.197881    34.6741    27.5761 0.0000e+00
       2556    284.754     3.5148   3.198019    34.6753    27.5769 0.0000e+00
       2557    283.424     3.5168   3.198085    34.6747    27.5763 0.0000e+00
       2558    282.093     3.5168   3.197836    34.6724    27.5745 0.0000e+00
       2559    280.815     3.5156   3.197619    34.6718    27.5741 0.0000e+00
       2560    279.619     3.5132   3.197257    34.6706    27.5734 0.0000e+00
       2561    278.454     3.5097   3.196719    34.6685    27.5720 0.0000e+00
       2562    277.228     3.5046   3.196013    34.6661    27.5706 0.0000e+00
       2563    275.905     3.4952   3.194751    34.6617    27.5680 0.0000e+00
       2564    274.528     3.4872   3.193697    34.6582    27.5661 0.0000e+00
       2565    273.164     3.4939   3.194500    34.6615    27.5680 0.0000e+00
       2566    271.844     3.5160   3.197001    34.6688    27.5716 0.0000e+00
       2567    270.563     3.5410   3.199332    34.6709    27.5709 0.0000e+00
       2568    269.299     3.5645   3.201230    34.6694    27.5673 0.0000e+00
       2569    268.015     3.5936   3.203932    34.6715    27.5662 0.0000e+00
       2570    266.675     3.6275   3.207225    34.6757    27.5662 0.0000e+00
       2571    265.281     3.6555   3.209627    34.6755    27.5632 0.0000e+00
       2572    263.871     3.6722   3.210759    34.6721    27.5588 0.0000e+00
       2573    262.496     3.6815   3.211335    34.6699    27.5561 0.0000e+00
       2574    261.182     3.6896   3.211981    34.6697    27.5552 0.0000e+00
       2575    259.905     3.6999   3.212978    34.6714    27.5555 0.0000e+00
       2576    258.619     3.7123   3.214182    34.6733    27.5558 0.0000e+00
       2577    257.292     3.7248   3.215269    34.6738    27.5549 0.0000e+00
       2578    255.927     3.7383   3.216465    34.6745    27.5541 0.0000e+00
       2579    254.550     3.7548   3.218037    34.6765    27.5540 0.0000e+00
       2580    253.183     3.7747   3.219764    34.6768    27.5522 0.0000e+00
       2581    251.825     3.8004   3.222064    34.6777    27.5504 0.0000e+00
       2582    250.440     3.8275   3.224506    34.6789    27.5485 0.0000e+00
       2583    248.983     3.8461   3.225812    34.6756    27.5440 0.0000e+00
       2584    247.461     3.8560   3.226396    34.6728    27.5408 0.0000e+00
       2585    245.957     3.8624   3.226876    34.6726    27.5399 0.0000e+00
       2586    244.553     3.8659   3.227003    34.6712    27.5384 0.0000e+00
       2587    243.242     3.8653   3.226655    34.6684    27.5363 0.0000e+00
       2588    241.955     3.8620   3.226003    34.6648    27.5338 0.0000e+00
       2589    240.642     3.8576   3.225256    34.6612    27.5314 0.0000e+00
       2590    239.299     3.8508   3.224162    34.6561    27.5280 0.0000e+00
       2591    237.949     3.8404   3.222631    34.6496    27.5239 0.0000e+00
       2592    236.602     3.8282   3.221052    34.6444    27.5210 0.0000e+00
       2593    235.241     3.8168   3.219605    34.6400    27.5186 0.0000e+00
       2594    233.838     3.8089   3.218550    34.6365    27.5167 0.0000e+00
       2595    232.392     3.8057   3.217989    34.6340    27.5150 0.0000e+00
       2596    230.920     3.8064   3.217732    34.6310    27.5125 0.0000e+00
       2597    229.425     3.8110   3.217907    34.6290    27.5105 0.0000e+00
       2598    227.908     3.8174   3.218239    34.6270    27.5082 0.0000e+00
       2599    226.408     3.8222   3.218252    34.6229    27.5045 0.0000e+00
       2600    224.971     3.8245   3.218073    34.6191    27.5012 0.0000e+00
       2601    223.594     3.8246   3.217756    34.6159    27.4987 0.0000e+00
       2602    222.223     3.8224   3.217108    34.6113    27.4952 0.0000e+00
       2603    220.804     3.8186   3.216259    34.6059    27.4913 0.0000e+00
       2604    219.333     3.8150   3.215578    34.6024    27.4889 0.0000e+00
       2605    217.881     3.8118   3.215019    34.5999    27.4872 0.0000e+00
       2606    216.524     3.8076   3.214379    34.5975    27.4857 0.0000e+00
       2607    215.249     3.8022   3.213681    34.5955    27.4847 0.0000e+00
       2608    213.952     3.7932   3.212625    34.5931    27.4837 0.0000e+00
       2609    212.544     3.7739   3.210233    34.5858    27.4798 0.0000e+00
       2610    211.059     3.7412   3.206248    34.5735    27.4734 0.0000e+00
       2611    209.624     3.6902   3.201126    34.5670    27.4733 0.0000e+00
       2612    208.285     3.6006   3.191236    34.5442    27.4640 0.0000e+00
       2613    206.948     3.4823   3.176858    34.4976    27.4385 0.0000e+00
       2614    205.514     3.4016   3.168411    34.4822    27.4341 0.0000e+00
       2615    203.989     3.3967   3.169300    34.4990    27.4479 0.0000e+00
       2616    202.478     3.4307   3.172747    34.5053    27.4496 0.0000e+00
       2617    201.082     3.4579   3.174624    34.4998    27.4426 0.0000e+00
       2618    199.817     3.4711   3.175359    34.4953    27.4378 0.0000e+00
       2619    198.613     3.4798   3.175885    34.4931    27.4351 0.0000e+00
       2620    197.349     3.4907   3.176597    34.4908    27.4322 0.0000e+00
       2621    195.941     3.5023   3.177458    34.4896    27.4302 0.0000e+00
       2622    194.438     3.5096   3.177862    34.4875    27.4278 0.0000e+00
       2623    192.978     3.5101   3.177497    34.4834    27.4245 0.0000e+00
       2624    191.621     3.5092   3.176902    34.4779    27.4202 0.0000e+00
       2625    190.307     3.5170   3.177501    34.4776    27.4192 0.0000e+00
       2626    188.950     3.5322   3.179044    34.4808    27.4202 0.0000e+00
       2627    187.530     3.5389   3.179106    34.4752    27.4151 0.0000e+00
       2628    186.095     3.5305   3.177369    34.4640    27.4070 0.0000e+00
       2629    184.672     3.5175   3.175697    34.4584    27.4039 0.0000e+00
       2630    183.225     3.5087   3.174797    34.4577    27.4042 0.0000e+00
       2631    181.713     3.5042   3.174289    34.4572    27.4042 0.0000e+00
       2632    180.159     3.5013   3.173859    34.4559    27.4035 0.0000e+00
       2633    178.630     3.4979   3.173340    34.4541    27.4024 0.0000e+00
       2634    177.188     3.4938   3.172735    34.4520    27.4010 0.0000e+00
       2635    175.864     3.4894   3.172114    34.4499    27.3998 0.0000e+00
       2636    174.646     3.4852   3.171484    34.4474    27.3982 0.0000e+00
       2637    173.489     3.4796   3.170642    34.4439    27.3959 0.0000e+00
       2638    172.331     3.4707   3.169241    34.4370    27.3914 0.0000e+00
       2639    171.117     3.4596   3.167591    34.4296    27.3865 0.0000e+00
       2640    169.828     3.4498   3.166333    34.4255    27.3842 0.0000e+00
       2641    168.465     3.4407   3.165246    34.4228    27.3830 0.0000e+00
       2642    167.039     3.4273   3.163591    34.4179    27.3803 0.0000e+00
       2643    165.579     3.4050   3.161009    34.4112    27.3771 0.0000e+00
       2644    164.137     3.3712   3.157231    34.4022    27.3732 0.0000e+00
       2645    162.757     3.3327   3.152794    34.3902    27.3673 0.0000e+00
       2646    161.428     3.3180   3.151249    34.3878    27.3668 0.0000e+00
       2647    160.081     3.3525   3.155367    34.4017    27.3746 0.0000e+00
       2648    158.654     3.4098   3.160962    34.4093    27.3751 0.0000e+00
       2649    157.180     3.4443   3.162918    34.3971    27.3621 0.0000e+00
       2650    155.768     3.4497   3.162289    34.3846    27.3516 0.0000e+00
       2651    154.459     3.4437   3.161336    34.3802    27.3487 0.0000e+00
       2652    153.177     3.4328   3.160026    34.3766    27.3469 0.0000e+00
       2653    151.825     3.4097   3.157074    34.3662    27.3408 0.0000e+00
       2654    150.382     3.3703   3.152119    34.3489    27.3308 0.0000e+00
       2655    148.914     3.3278   3.147442    34.3383    27.3264 0.0000e+00
       2656    147.494     3.2975   3.144552    34.3362    27.3276 0.0000e+00
       2657    146.125     3.2799   3.142760    34.3339    27.3274 0.0000e+00
       2658    144.792     3.2704   3.141572    34.3304    27.3255 0.0000e+00
       2659    143.490     3.2642   3.140675    34.3268    27.3232 0.0000e+00
       2660    142.197     3.2563   3.139410    34.3206    27.3190 0.0000e+00
       2661    140.867     3.2456   3.137812    34.3133    27.3142 0.0000e+00
       2662    139.465     3.2344   3.136305    34.3077    27.3108 0.0000e+00
       2663    138.012     3.2237   3.134949    34.3034    27.3084 0.0000e+00
       2664    136.588     3.2135   3.133746    34.3004    27.3069 0.0000e+00
       2665    135.258     3.2003   3.132138    34.2956    27.3044 0.0000e+00
       2666    133.997     3.1790   3.129381    34.2855    27.2982 0.0000e+00
