Datasets/Multi_Species/NEE535/ned535_2020_009.cnv
* Sea-Bird SBE19plus Data File:
* Filename = C:/AQUIRE/ned535_2020_009.hex
* Software Version AquireV2 AF V2.0
* Temperature SN =  4579
* Conductivity SN =  4579
* System UpLoad Time = Dec 06 2020 15:22:03
** VESSEL/TRIP/SEQ STN: ned535_2020_009
** LATITUDE: 51 22.15 N
** LONGITUDE: 50 15.32 W
** DATE/TIME: 2020-12-06 14:23
** SOUNDING DEPTH (M):  426
** PROBE TYPE: S4579
** CTD NUMBER:   9
** COMMENTS: 
# nquan = 7                                 
# nvalues = 3224                        
# units = specified
# name 0 = scan: Scan Count
# name 1 = prdM: Pressure, Strain Gauge [db]
# name 2 = tv290C: Temperature [ITS-90, deg C]
# name 3 = c0S/m: Conductivity [S/m]
# name 4 = sal00: Salinity, Practical [PSU]
# name 5 = sigma-t00: Density [sigma-t, kg/m^3 ]
# name 6 = flag: flag
# span 0 =          1,       3224       
# span 1 =     -0.296,    427.488       
# span 2 =     1.0667,     4.0039       
# span 3 =   0.017739,   3.248984       
# span 4 =     0.1466,    34.7644       
# span 5 =     0.0645,    27.6080       
# span 6 = 0.0000e+00, 0.0000e+00       
# interval = seconds: 1
# start_time = Dec 06 2020 14:23:28 [Instrument's time stamp, header]
# bad_flag = -9.990e-29
*END*
[from data line 2667]
       2668    179.157     3.7043   3.203206    34.5936    27.4930 0.0000e+00
       2669    178.151     3.7060   3.203169    34.5919    27.4915 0.0000e+00
       2670    177.127     3.6974   3.202368    34.5919    27.4924 0.0000e+00
       2671    176.054     3.6867   3.201492    34.5934    27.4947 0.0000e+00
       2672    174.929     3.6846   3.201386    34.5950    27.4961 0.0000e+00
       2673    173.793     3.6892   3.201203    34.5885    27.4905 0.0000e+00
       2674    172.702     3.6814   3.200039    34.5834    27.4873 0.0000e+00
       2675    171.667     3.6369   3.194930    34.5699    27.4810 0.0000e+00
       2676    170.663     3.5589   3.185261    34.5372    27.4625 0.0000e+00
       2677    169.675     3.4802   3.176479    34.5156    27.4531 0.0000e+00
       2678    168.694     3.4238   3.170930    34.5092    27.4534 0.0000e+00
       2679    167.700     3.3895   3.167332    34.5028    27.4516 0.0000e+00
       2680    166.665     3.3687   3.165152    34.4991    27.4507 0.0000e+00
       2681    165.577     3.3548   3.164927    34.5118    27.4621 0.0000e+00
       2682    164.469     3.3457   3.166991    34.5470    27.4911 0.0000e+00
       2683    163.398     3.3412   3.167568    34.5594    27.5014 0.0000e+00
       2684    162.394     3.3390   3.164620    34.5267    27.4755 0.0000e+00
       2685    161.428     3.3354   3.161509    34.4934    27.4493 0.0000e+00
       2686    160.436     3.3264   3.159397    34.4780    27.4379 0.0000e+00
       2687    159.366     3.3119   3.157452    34.4705    27.4333 0.0000e+00
       2688    158.213     3.2985   3.157480    34.4857    27.4467 0.0000e+00
       2689    157.031     3.2937   3.160342    34.5261    27.4794 0.0000e+00
       2690    155.901     3.2980   3.163008    34.5544    27.5016 0.0000e+00
       2691    154.860     3.3038   3.161709    34.5331    27.4840 0.0000e+00
       2692    153.866     3.3045   3.157003    34.4759    27.4384 0.0000e+00
       2693    152.844     3.3045   3.153987    34.4400    27.4097 0.0000e+00
       2694    151.764     3.3110   3.154254    34.4369    27.4066 0.0000e+00
       2695    150.658     3.3214   3.156062    34.4483    27.4147 0.0000e+00
       2696    149.586     3.3303   3.157754    34.4599    27.4231 0.0000e+00
       2697    148.557     3.3318   3.156815    34.4475    27.4131 0.0000e+00
       2698    147.506     3.3227   3.153752    34.4207    27.3926 0.0000e+00
       2699    146.378     3.3077   3.151410    34.4090    27.3846 0.0000e+00
       2700    145.174     3.2940   3.150560    34.4139    27.3899 0.0000e+00
       2701    143.927     3.2852   3.151082    34.4303    27.4038 0.0000e+00
       2702    142.672     3.2858   3.152897    34.4523    27.4213 0.0000e+00
       2703    141.461     3.2968   3.153908    34.4535    27.4212 0.0000e+00
       2704    140.356     3.3054   3.152360    34.4262    27.3986 0.0000e+00
       2705    139.343     3.2996   3.150441    34.4097    27.3860 0.0000e+00
       2706    138.313     3.2775   3.148324    34.4081    27.3868 0.0000e+00
       2707    137.162     3.2416   3.143763    34.3917    27.3771 0.0000e+00
       2708    135.868     3.2073   3.140303    34.3869    27.3765 0.0000e+00
       2709    134.521     3.1925   3.140966    34.4114    27.3975 0.0000e+00
       2710    133.269     3.1993   3.142597    34.4247    27.4074 0.0000e+00
       2711    132.165     3.2134   3.142577    34.4100    27.3944 0.0000e+00
       2712    131.112     3.2121   3.141126    34.3944    27.3821 0.0000e+00
       2713    129.996     3.1849   3.138122    34.3875    27.3791 0.0000e+00
       2714    128.801     3.1452   3.134057    34.3810    27.3776 0.0000e+00
       2715    127.576     3.1132   3.131990    34.3907    27.3883 0.0000e+00
       2716    126.362     3.0930   3.131527    34.4072    27.4034 0.0000e+00
       2717    125.144     3.0763   3.128588    34.3899    27.3911 0.0000e+00
       2718    123.854     3.0579   3.123988    34.3542    27.3643 0.0000e+00
       2719    122.474     3.0445   3.122788    34.3547    27.3659 0.0000e+00
       2720    121.079     3.0483   3.125977    34.3902    27.3939 0.0000e+00
       2721    119.769     3.0640   3.128345    34.4031    27.4027 0.0000e+00
       2722    118.560     3.0633   3.125487    34.3697    27.3761 0.0000e+00
       2723    117.382     3.0353   3.119582    34.3282    27.3456 0.0000e+00
       2724    116.159     2.9996   3.114772    34.3083    27.3329 0.0000e+00
       2725    114.863     2.9751   3.112354    34.3056    27.3330 0.0000e+00
       2726    113.559     2.9701   3.112540    34.3139    27.3401 0.0000e+00
       2727    112.394     2.9763   3.112743    34.3104    27.3368 0.0000e+00
       2728    111.439     2.9738   3.110850    34.2905    27.3211 0.0000e+00
       2729    110.624     2.9624   3.109903    34.2915    27.3229 0.0000e+00
       2730    109.839     2.9542   3.110475    34.3077    27.3366 0.0000e+00
       2731    109.010     2.9470   3.109577    34.3049    27.3350 0.0000e+00
       2732    108.145     2.9383   3.107909    34.2942    27.3273 0.0000e+00
       2733    107.333     2.9362   3.107711    34.2945    27.3277 0.0000e+00
       2734    106.629     2.9401   3.107872    34.2927    27.3259 0.0000e+00
       2735    105.984     2.9415   3.107622    34.2885    27.3224 0.0000e+00
       2736    105.300     2.9369   3.106989    34.2861    27.3209 0.0000e+00
       2737    104.536     2.9264   3.104920    34.2724    27.3109 0.0000e+00
       2738    103.738     2.9146   3.102968    34.2616    27.3033 0.0000e+00
       2739    102.976     2.9109   3.103382    34.2710    27.3112 0.0000e+00
       2740    102.298     2.9190   3.104987    34.2823    27.3195 0.0000e+00
       2741    101.698     2.9312   3.105756    34.2791    27.3158 0.0000e+00
       2742    101.123     2.9381   3.105863    34.2734    27.3106 0.0000e+00
       2743    100.503     2.9363   3.105485    34.2710    27.3089 0.0000e+00
       2744     99.792     2.9274   3.103976    34.2624    27.3028 0.0000e+00
       2745     98.981     2.9181   3.102259    34.2518    27.2952 0.0000e+00
       2746     98.092     2.9147   3.101931    34.2519    27.2956 0.0000e+00
       2747     97.196     2.9185   3.102838    34.2594    27.3013 0.0000e+00
       2748     96.387     2.9263   3.103484    34.2595    27.3006 0.0000e+00
       2749     95.698     2.9322   3.103262    34.2509    27.2932 0.0000e+00
       2750     95.062     2.9331   3.103031    34.2474    27.2904 0.0000e+00
       2751     94.371     2.9341   3.102940    34.2456    27.2888 0.0000e+00
       2752     93.593     2.9399   3.102805    34.2383    27.2824 0.0000e+00
       2753     92.811     2.9473   3.103094    34.2343    27.2786 0.0000e+00
       2754     92.099     2.9503   3.103437    34.2357    27.2795 0.0000e+00
       2755     91.438     2.9496   3.103537    34.2381    27.2814 0.0000e+00
       2756     90.770     2.9493   3.103625    34.2398    27.2828 0.0000e+00
       2757     90.065     2.9508   3.103595    34.2383    27.2814 0.0000e+00
       2758     89.330     2.9524   3.103453    34.2352    27.2789 0.0000e+00
       2759     88.582     2.9530   3.103296    34.2331    27.2771 0.0000e+00
       2760     87.832     2.9518   3.102978    34.2309    27.2755 0.0000e+00
       2761     87.086     2.9497   3.102541    34.2282    27.2735 0.0000e+00
       2762     86.347     2.9482   3.102508    34.2298    27.2749 0.0000e+00
       2763     85.623     2.9477   3.102896    34.2355    27.2795 0.0000e+00
       2764     84.907     2.9474   3.102885    34.2361    27.2800 0.0000e+00
       2765     84.178     2.9457   3.102304    34.2312    27.2763 0.0000e+00
       2766     83.412     2.9388   3.101031    34.2234    27.2707 0.0000e+00
       2767     82.573     2.9224   3.098323    34.2082    27.2600 0.0000e+00
       2768     81.651     2.9010   3.095310    34.1947    27.2511 0.0000e+00
       2769     80.705     2.8873   3.094875    34.2044    27.2601 0.0000e+00
       2770     79.820     2.8898   3.097008    34.2284    27.2790 0.0000e+00
       2771     79.050     2.8998   3.097777    34.2276    27.2775 0.0000e+00
       2772     78.394     2.9002   3.095956    34.2052    27.2596 0.0000e+00
       2773     77.793     2.8907   3.094443    34.1972    27.2540 0.0000e+00
       2774     77.140     2.8814   3.093908    34.2009    27.2578 0.0000e+00
       2775     76.316     2.8689   3.092142    34.1930    27.2526 0.0000e+00
       2776     75.336     2.8525   3.089763    34.1819    27.2452 0.0000e+00
       2777     74.379     2.8456   3.088856    34.1787    27.2432 0.0000e+00
       2778     73.572     2.8491   3.088235    34.1678    27.2342 0.0000e+00
       2779     72.884     2.8497   3.087595    34.1597    27.2277 0.0000e+00
       2780     72.192     2.8428   3.087332    34.1642    27.2319 0.0000e+00
       2781     71.389     2.8315   3.085912    34.1593    27.2290 0.0000e+00
       2782     70.495     2.8214   3.084315    34.1509    27.2232 0.0000e+00
       2783     69.652     2.8199   3.084156    34.1511    27.2235 0.0000e+00
       2784     68.939     2.8232   3.084159    34.1480    27.2207 0.0000e+00
       2785     68.304     2.8240   3.083992    34.1454    27.2186 0.0000e+00
       2786     67.649     2.8220   3.083989    34.1479    27.2207 0.0000e+00
       2787     66.925     2.8197   3.083784    34.1482    27.2212 0.0000e+00
       2788     66.190     2.8194   3.083793    34.1491    27.2219 0.0000e+00
       2789     65.522     2.8219   3.083843    34.1474    27.2204 0.0000e+00
       2790     64.920     2.8240   3.083553    34.1419    27.2158 0.0000e+00
       2791     64.296     2.8230   3.083208    34.1391    27.2137 0.0000e+00
       2792     63.531     2.8188   3.082432    34.1345    27.2103 0.0000e+00
       2793     62.582     2.8137   3.081374    34.1275    27.2052 0.0000e+00
       2794     61.543     2.8112   3.081050    34.1268    27.2048 0.0000e+00
       2795     60.549     2.8115   3.081101    34.1276    27.2055 0.0000e+00
       2796     59.658     2.8118   3.080936    34.1258    27.2040 0.0000e+00
       2797     58.844     2.8118   3.080979    34.1268    27.2048 0.0000e+00
       2798     58.054     2.8126   3.081286    34.1301    27.2074 0.0000e+00
       2799     57.257     2.8139   3.081444    34.1311    27.2081 0.0000e+00
       2800     56.468     2.8156   3.081357    34.1287    27.2060 0.0000e+00
       2801     55.745     2.8186   3.081165    34.1235    27.2016 0.0000e+00
       2802     55.118     2.8217   3.080989    34.1184    27.1972 0.0000e+00
       2803     54.565     2.8231   3.080984    34.1172    27.1961 0.0000e+00
       2804     54.052     2.8234   3.081133    34.1190    27.1975 0.0000e+00
       2805     53.549     2.8234   3.081300    34.1213    27.1994 0.0000e+00
       2806     53.027     2.8217   3.081396    34.1246    27.2022 0.0000e+00
       2807     52.472     2.8173   3.081365    34.1292    27.2062 0.0000e+00
       2808     51.902     2.8137   3.081295    34.1325    27.2092 0.0000e+00
       2809     51.354     2.8146   3.081176    34.1304    27.2074 0.0000e+00
       2810     50.854     2.8171   3.080762    34.1229    27.2012 0.0000e+00
       2811     50.407     2.8161   3.079808    34.1125    27.1930 0.0000e+00
       2812     50.005     2.8106   3.078543    34.1031    27.1860 0.0000e+00
       2813     49.633     2.8041   3.077752    34.1005    27.1845 0.0000e+00
       2814     49.272     2.8011   3.077881    34.1055    27.1887 0.0000e+00
       2815     48.903     2.8016   3.078508    34.1128    27.1945 0.0000e+00
       2816     48.524     2.8032   3.078658    34.1132    27.1947 0.0000e+00
       2817     48.155     2.8030   3.078019    34.1058    27.1888 0.0000e+00
       2818     47.812     2.8000   3.077331    34.1007    27.1850 0.0000e+00
       2819     47.500     2.7953   3.076805    34.0994    27.1844 0.0000e+00
       2820     47.215     2.7896   3.076081    34.0968    27.1828 0.0000e+00
       2821     46.945     2.7836   3.075445    34.0955    27.1823 0.0000e+00
       2822     46.664     2.7797   3.075448    34.0998    27.1861 0.0000e+00
       2823     46.343     2.7794   3.076087    34.1082    27.1928 0.0000e+00
       2824     45.967     2.7813   3.076475    34.1111    27.1950 0.0000e+00
       2825     45.552     2.7827   3.075777    34.1013    27.1870 0.0000e+00
       2826     45.124     2.7815   3.074422    34.0862    27.1750 0.0000e+00
       2827     44.690     2.7775   3.072939    34.0725    27.1644 0.0000e+00
       2828     44.263     2.7666   3.070810    34.0582    27.1540 0.0000e+00
       2829     43.874     2.7431   3.067775    34.0461    27.1463 0.0000e+00
       2830     43.547     2.7127   3.065158    34.0465    27.1493 0.0000e+00
       2831     43.270     2.6906   3.064432    34.0612    27.1629 0.0000e+00
       2832     42.998     2.6836   3.065381    34.0805    27.1789 0.0000e+00
       2833     42.691     2.6849   3.066119    34.0883    27.1851 0.0000e+00
       2834     42.361     2.6877   3.065515    34.0781    27.1767 0.0000e+00
       2835     42.047     2.6894   3.064383    34.0625    27.1641 0.0000e+00
       2836     41.747     2.6871   3.063756    34.0574    27.1602 0.0000e+00
       2837     41.415     2.6747   3.062862    34.0598    27.1632 0.0000e+00
       2838     41.027     2.6490   3.060283    34.0556    27.1621 0.0000e+00
       2839     40.619     2.6258   3.058700    34.0611    27.1684 0.0000e+00
       2840     40.232     2.6257   3.059911    34.0763    27.1806 0.0000e+00
       2841     39.861     2.6407   3.060905    34.0728    27.1765 0.0000e+00
       2842     39.482     2.6468   3.060580    34.0625    27.1678 0.0000e+00
       2843     39.091     2.6383   3.059621    34.0600    27.1665 0.0000e+00
       2844     38.727     2.6265   3.057060    34.0412    27.1525 0.0000e+00
       2845     38.424     2.6147   3.053050    34.0045    27.1241 0.0000e+00
       2846     38.161     2.5995   3.050746    33.9924    27.1158 0.0000e+00
       2847     37.865     2.5837   3.049788    33.9976    27.1212 0.0000e+00
       2848     37.491     2.5716   3.047741    33.9854    27.1125 0.0000e+00
       2849     37.086     2.5682   3.046584    33.9750    27.1045 0.0000e+00
       2850     36.694     2.5749   3.046830    33.9711    27.1008 0.0000e+00
       2851     36.301     2.5817   3.047005    33.9663    27.0964 0.0000e+00
       2852     35.886     2.5812   3.047041    33.9675    27.0974 0.0000e+00
       2853     35.462     2.5769   3.046870    33.9702    27.0999 0.0000e+00
       2854     35.067     2.5755   3.046670    33.9694    27.0994 0.0000e+00
       2855     34.717     2.5768   3.046326    33.9640    27.0950 0.0000e+00
       2856     34.394     2.5768   3.046028    33.9605    27.0922 0.0000e+00
       2857     34.060     2.5741   3.045602    33.9583    27.0906 0.0000e+00
       2858     33.696     2.5697   3.044447    33.9489    27.0835 0.0000e+00
       2859     33.318     2.5661   3.043869    33.9458    27.0814 0.0000e+00
       2860     32.947     2.5675   3.044410    33.9512    27.0856 0.0000e+00
       2861     32.592     2.5729   3.044805    33.9506    27.0846 0.0000e+00
       2862     32.247     2.5752   3.044706    33.9471    27.0816 0.0000e+00
       2863     31.889     2.5652   3.043275    33.9403    27.0770 0.0000e+00
       2864     31.515     2.5410   3.039874    33.9242    27.0662 0.0000e+00
       2865     31.138     2.5137   3.037109    33.9193    27.0645 0.0000e+00
       2866     30.762     2.4961   3.037215    33.9395    27.0822 0.0000e+00
       2867     30.387     2.4889   3.038514    33.9635    27.1019 0.0000e+00
       2868     30.019     2.4836   3.038069    33.9638    27.1026 0.0000e+00
       2869     29.658     2.4715   3.035475    33.9448    27.0885 0.0000e+00
       2870     29.301     2.4504   3.032570    33.9315    27.0796 0.0000e+00
       2871     28.953     2.4242   3.029631    33.9232    27.0751 0.0000e+00
