Datasets/Multi_Species/NEE535/ned535_2020_001.cnv
* Sea-Bird SBE19plus Data File:
* Filename = C:/AQUIRE/ned535_2020_001.hex
* Software Version AquireV2 AF V2.0
* Temperature SN =  4579
* Conductivity SN =  4579
* System UpLoad Time = Dec 04 2020 17:13:56
** VESSEL/TRIP/SEQ STN: ned535_2020_001
** LATITUDE: 50 27.27 N
** LONGITUDE: 50 40.88 W
** DATE/TIME: 2020-12-04 16:08
** SOUNDING DEPTH (M):  601
** PROBE TYPE: S4579
** CTD NUMBER: 001
** COMMENTS: 
# nquan = 7                                 
# nvalues = 3781                        
# units = specified
# name 0 = scan: Scan Count
# name 1 = prdM: Pressure, Strain Gauge [db]
# name 2 = tv290C: Temperature [ITS-90, deg C]
# name 3 = c0S/m: Conductivity [S/m]
# name 4 = sal00: Salinity, Practical [PSU]
# name 5 = sigma-t00: Density [sigma-t, kg/m^3 ]
# name 6 = flag: flag
# span 0 =          1,       3781       
# span 1 =     -0.217,    608.339       
# span 2 =     0.9210,     3.8704       
# span 3 =   0.002913,   3.249646       
# span 4 =     0.0219,    34.8238       
# span 5 =    -0.0249,    27.6743       
# span 6 = 0.0000e+00, 0.0000e+00       
# interval = seconds: 1
# start_time = Dec 04 2020 16:08:42 [Instrument's time stamp, header]
# bad_flag = -9.990e-29
*END*
[from data line 3077]
       3078    268.763     3.1429   3.155547    34.5675    27.5266 0.0000e+00
       3079    267.193     3.1260   3.153234    34.5583    27.5209 0.0000e+00
       3080    265.670     3.1110   3.151484    34.5539    27.5188 0.0000e+00
       3081    264.201     3.1054   3.150920    34.5539    27.5192 0.0000e+00
       3082    262.780     3.1054   3.150681    34.5517    27.5175 0.0000e+00
       3083    261.403     3.1057   3.150393    34.5487    27.5151 0.0000e+00
       3084    260.074     3.1050   3.150093    34.5465    27.5134 0.0000e+00
       3085    258.777     3.1039   3.149852    34.5455    27.5127 0.0000e+00
       3086    257.461     3.1028   3.149666    34.5451    27.5125 0.0000e+00
       3087    256.100     3.1016   3.149466    34.5447    27.5123 0.0000e+00
       3088    254.733     3.0995   3.149143    34.5438    27.5117 0.0000e+00
       3089    253.417     3.0973   3.148757    34.5421    27.5106 0.0000e+00
       3090    252.132     3.0979   3.148676    34.5412    27.5098 0.0000e+00
       3091    250.769     3.1021   3.148986    34.5413    27.5095 0.0000e+00
       3092    249.227     3.1090   3.149475    34.5407    27.5084 0.0000e+00
       3093    247.533     3.1182   3.150123    34.5397    27.5067 0.0000e+00
       3094    245.844     3.1296   3.151040    34.5395    27.5056 0.0000e+00
       3095    244.278     3.1405   3.151930    34.5396    27.5046 0.0000e+00
       3096    242.852     3.1487   3.152516    34.5387    27.5031 0.0000e+00
       3097    241.560     3.1564   3.153124    34.5386    27.5023 0.0000e+00
       3098    240.389     3.1637   3.153613    34.5374    27.5006 0.0000e+00
       3099    239.308     3.1660   3.153452    34.5336    27.4974 0.0000e+00
       3100    238.264     3.1552   3.151973    34.5277    27.4937 0.0000e+00
       3101    237.184     3.1269   3.148419    34.5153    27.4865 0.0000e+00
       3102    235.998     3.0926   3.144293    34.5025    27.4794 0.0000e+00
       3103    234.659     3.0682   3.141904    34.5002    27.4798 0.0000e+00
       3104    233.161     3.0424   3.138961    34.4928    27.4763 0.0000e+00
       3105    231.558     2.9982   3.133388    34.4730    27.4645 0.0000e+00
       3106    229.944     2.9539   3.128753    34.4647    27.4620 0.0000e+00
       3107    228.378     2.9323   3.127082    34.4683    27.4668 0.0000e+00
       3108    226.891     2.9239   3.126356    34.4692    27.4683 0.0000e+00
       3109    225.530     2.9165   3.125212    34.4639    27.4647 0.0000e+00
       3110    224.326     2.9239   3.125627    34.4617    27.4623 0.0000e+00
       3111    223.230     2.9588   3.129219    34.4688    27.4648 0.0000e+00
       3112    222.130     2.9985   3.132545    34.4676    27.4602 0.0000e+00
       3113    220.930     3.0226   3.133786    34.4576    27.4501 0.0000e+00
       3114    219.611     3.0406   3.135131    34.4555    27.4467 0.0000e+00
       3115    218.214     3.0591   3.136761    34.4564    27.4457 0.0000e+00
       3116    216.786     3.0749   3.138000    34.4554    27.4435 0.0000e+00
       3117    215.344     3.0877   3.139063    34.4555    27.4423 0.0000e+00
       3118    213.899     3.0947   3.139307    34.4518    27.4387 0.0000e+00
       3119    212.483     3.0943   3.138574    34.4440    27.4326 0.0000e+00
       3120    211.119     3.0927   3.138132    34.4411    27.4304 0.0000e+00
       3121    209.774     3.0928   3.137987    34.4400    27.4295 0.0000e+00
       3122    208.379     3.0866   3.136916    34.4344    27.4256 0.0000e+00
       3123    206.908     3.0690   3.134499    34.4245    27.4194 0.0000e+00
       3124    205.409     3.0480   3.131960    34.4168    27.4152 0.0000e+00
       3125    203.956     3.0319   3.130483    34.4168    27.4166 0.0000e+00
       3126    202.581     3.0094   3.127868    34.4097    27.4130 0.0000e+00
       3127    201.273     2.9711   3.122992    34.3918    27.4022 0.0000e+00
       3128    200.014     2.9325   3.119010    34.3851    27.4004 0.0000e+00
       3129    198.780     2.9075   3.116984    34.3878    27.4047 0.0000e+00
       3130    197.530     2.8904   3.115274    34.3858    27.4047 0.0000e+00
       3131    196.224     2.8715   3.113119    34.3804    27.4020 0.0000e+00
       3132    194.849     2.8469   3.110357    34.3736    27.3989 0.0000e+00
       3133    193.392     2.8172   3.107072    34.3660    27.3954 0.0000e+00
       3134    191.850     2.7831   3.103293    34.3570    27.3912 0.0000e+00
       3135    190.263     2.7489   3.099639    34.3496    27.3883 0.0000e+00
       3136    188.716     2.7219   3.097070    34.3478    27.3893 0.0000e+00
       3137    187.270     2.6936   3.094494    34.3473    27.3913 0.0000e+00
       3138    185.902     2.6366   3.087980    34.3289    27.3816 0.0000e+00
       3139    184.527     2.5381   3.076174    34.2898    27.3587 0.0000e+00
       3140    183.093     2.4250   3.064106    34.2627    27.3466 0.0000e+00
       3141    181.658     2.3400   3.056572    34.2614    27.3526 0.0000e+00
       3142    180.359     2.2989   3.053987    34.2742    27.3663 0.0000e+00
       3143    179.224     2.2868   3.053583    34.2829    27.3742 0.0000e+00
       3144    178.102     2.2790   3.052461    34.2780    27.3709 0.0000e+00
       3145    176.837     2.2614   3.049876    34.2655    27.3623 0.0000e+00
       3146    175.385     2.2366   3.046659    34.2530    27.3543 0.0000e+00
       3147    173.838     2.2123   3.044153    34.2488    27.3530 0.0000e+00
       3148    172.344     2.1841   3.041352    34.2452    27.3523 0.0000e+00
       3149    170.928     2.1445   3.036519    34.2284    27.3420 0.0000e+00
       3150    169.503     2.1034   3.031556    34.2115    27.3318 0.0000e+00
       3151    168.026     2.0738   3.028700    34.2086    27.3318 0.0000e+00
       3152    166.554     2.0530   3.026950    34.2100    27.3345 0.0000e+00
       3153    165.162     2.0320   3.024541    34.2033    27.3308 0.0000e+00
       3154    163.831     2.0099   3.021500    34.1898    27.3218 0.0000e+00
       3155    162.502     1.9931   3.019410    34.1825    27.3172 0.0000e+00
       3156    161.185     1.9846   3.018657    34.1830    27.3183 0.0000e+00
       3157    159.924     1.9800   3.018046    34.1810    27.3171 0.0000e+00
       3158    158.705     1.9829   3.017867    34.1763    27.3131 0.0000e+00
       3159    157.435     2.0031   3.019640    34.1775    27.3124 0.0000e+00
       3160    156.032     2.0374   3.022708    34.1797    27.3115 0.0000e+00
       3161    154.520     2.0729   3.025568    34.1780    27.3074 0.0000e+00
       3162    153.029     2.1003   3.027784    34.1771    27.3045 0.0000e+00
       3163    151.646     2.1259   3.030054    34.1786    27.3037 0.0000e+00
       3164    150.318     2.1740   3.034738    34.1860    27.3058 0.0000e+00
       3165    148.956     2.2632   3.044011    34.2063    27.3148 0.0000e+00
       3166    147.540     2.3857   3.056594    34.2318    27.3251 0.0000e+00
       3167    146.116     2.5170   3.068724    34.2419    27.3222 0.0000e+00
       3168    144.760     2.6399   3.079674    34.2461    27.3151 0.0000e+00
       3169    143.495     2.7418   3.088674    34.2486    27.3082 0.0000e+00
       3170    142.259     2.8154   3.094189    34.2384    27.2936 0.0000e+00
       3171    140.984     2.8676   3.098322    34.2341    27.2856 0.0000e+00
       3172    139.643     2.9037   3.101825    34.2393    27.2865 0.0000e+00
       3173    138.247     2.9082   3.101054    34.2258    27.2753 0.0000e+00
       3174    136.822     2.8457   3.092785    34.1920    27.2539 0.0000e+00
       3175    135.394     2.7117   3.077635    34.1496    27.2318 0.0000e+00
       3176    134.005     2.5720   3.062968    34.1188    27.2192 0.0000e+00
       3177    132.697     2.5291   3.060712    34.1375    27.2377 0.0000e+00
       3178    131.442     2.6375   3.075003    34.1986    27.2773 0.0000e+00
       3179    130.167     2.8259   3.095149    34.2457    27.2985 0.0000e+00
       3180    128.823     2.9735   3.107556    34.2410    27.2816 0.0000e+00
       3181    127.416     3.0526   3.112841    34.2222    27.2594 0.0000e+00
       3182    125.978     3.0840   3.114747    34.2129    27.2491 0.0000e+00
       3183    124.517     3.0629   3.111049    34.1910    27.2336 0.0000e+00
       3184    123.004     2.9945   3.102609    34.1616    27.2163 0.0000e+00
       3185    121.420     2.8785   3.090837    34.1418    27.2109 0.0000e+00
       3186    119.787     2.6544   3.066026    34.0766    27.1784 0.0000e+00
       3187    118.154     2.3263   3.028941    33.9689    27.1197 0.0000e+00
       3188    116.577     2.0974   3.009095    33.9674    27.1368 0.0000e+00
       3189    115.108     2.1192   3.019112    34.0699    27.2172 0.0000e+00
       3190    113.762     2.2445   3.033236    34.1122    27.2410 0.0000e+00
       3191    112.475     2.2647   3.030065    34.0519    27.1911 0.0000e+00
       3192    111.146     2.1871   3.019819    34.0082    27.1623 0.0000e+00
       3193    109.702     2.1096   3.013043    34.0075    27.1679 0.0000e+00
       3194    108.124     2.0465   3.004014    33.9632    27.1374 0.0000e+00
       3195    106.463     2.0077   3.000429    33.9609    27.1386 0.0000e+00
       3196    104.821     1.9874   3.001208    33.9934    27.1661 0.0000e+00
       3197    103.332     1.8942   2.987600    33.9236    27.1174 0.0000e+00
       3198    102.099     1.7326   2.970236    33.8794    27.0940 0.0000e+00
       3199    101.075     1.5982   2.960369    33.9000    27.1203 0.0000e+00
       3200    100.094     1.4886   2.949721    33.8839    27.1151 0.0000e+00
       3201     99.057     1.3765   2.938410    33.8617    27.1052 0.0000e+00
       3202     97.996     1.2713   2.928322    33.8475    27.1009 0.0000e+00
       3203     96.987     1.1805   2.920021    33.8403    27.1012 0.0000e+00
       3204     96.068     1.1160   2.915122    33.8480    27.1116 0.0000e+00
       3205     95.207     1.0815   2.912440    33.8516    27.1167 0.0000e+00
       3206     94.347     1.0760   2.912012    33.8525    27.1179 0.0000e+00
       3207     93.458     1.0982   2.914371    33.8592    27.1218 0.0000e+00
       3208     92.538     1.1175   2.915420    33.8523    27.1149 0.0000e+00
       3209     91.611     1.1052   2.912595    33.8299    27.0978 0.0000e+00
       3210     90.702     1.0789   2.909210    33.8155    27.0879 0.0000e+00
       3211     89.815     1.0694   2.908425    33.8163    27.0891 0.0000e+00
       3212     88.923     1.0767   2.908926    33.8153    27.0879 0.0000e+00
       3213     87.989     1.0795   2.908329    33.8051    27.0795 0.0000e+00
       3214     87.020     1.0705   2.906745    33.7951    27.0721 0.0000e+00
       3215     86.071     1.0591   2.905342    33.7900    27.0687 0.0000e+00
       3216     85.189     1.0509   2.904439    33.7878    27.0675 0.0000e+00
       3217     84.360     1.0512   2.904013    33.7825    27.0632 0.0000e+00
       3218     83.535     1.0732   2.905611    33.7797    27.0595 0.0000e+00
       3219     82.682     1.1111   2.908975    33.7823    27.0591 0.0000e+00
       3220     81.815     1.1339   2.910421    33.7766    27.0531 0.0000e+00
       3221     80.984     1.1296   2.909170    33.7657    27.0446 0.0000e+00
       3222     80.203     1.1190   2.907948    33.7620    27.0423 0.0000e+00
       3223     79.420     1.1252   2.908693    33.7653    27.0445 0.0000e+00
       3224     78.580     1.1849   2.914570    33.7764    27.0496 0.0000e+00
       3225     77.659     1.3618   2.932921    33.8200    27.0727 0.0000e+00
       3226     76.661     1.6464   2.962014    33.8829    27.1031 0.0000e+00
       3227     75.626     1.9160   2.985508    33.8897    27.0886 0.0000e+00
       3228     74.625     2.0848   2.996477    33.8470    27.0414 0.0000e+00
       3229     73.718     2.1719   3.001386    33.8159    27.0096 0.0000e+00
       3230     72.905     2.2139   3.003538    33.7984    26.9923 0.0000e+00
       3231     72.126     2.2258   3.003531    33.7861    26.9815 0.0000e+00
       3232     71.333     2.2212   3.002384    33.7772    26.9747 0.0000e+00
       3233     70.511     2.2156   3.001307    33.7702    26.9696 0.0000e+00
       3234     69.678     2.2074   2.999985    33.7629    26.9644 0.0000e+00
       3235     68.859     2.1818   2.996292    33.7446    26.9518 0.0000e+00
       3236     68.033     2.1431   2.991413    33.7254    26.9395 0.0000e+00
       3237     67.143     2.1041   2.986861    33.7106    26.9306 0.0000e+00
       3238     66.166     2.0570   2.980555    33.6825    26.9118 0.0000e+00
       3239     65.134     1.9992   2.973058    33.6508    26.8908 0.0000e+00
       3240     64.120     1.9467   2.967355    33.6358    26.8828 0.0000e+00
       3241     63.179     1.9007   2.962788    33.6281    26.8800 0.0000e+00
       3242     62.301     1.8350   2.955848    33.6114    26.8716 0.0000e+00
       3243     61.462     1.7195   2.943600    33.5808    26.8555 0.0000e+00
       3244     60.643     1.5599   2.926914    33.5408    26.8348 0.0000e+00
       3245     59.829     1.3965   2.910856    33.5122    26.8231 0.0000e+00
       3246     59.007     1.2507   2.897541    33.4992    26.8225 0.0000e+00
       3247     58.165     1.1121   2.884460    33.4811    26.8170 0.0000e+00
       3248     57.289     0.9850   2.871967    33.4578    26.8063 0.0000e+00
       3249     56.382     0.9210   2.866380    33.4553    26.8083 0.0000e+00
       3250     55.459     0.9862   2.874456    33.4896    26.8318 0.0000e+00
       3251     54.520     1.1814   2.894507    33.5374    26.8577 0.0000e+00
       3252     53.559     1.4114   2.915432    33.5580    26.8589 0.0000e+00
       3253     52.581     1.5667   2.927035    33.5396    26.8334 0.0000e+00
       3254     51.617     1.6110   2.928345    33.5095    26.8061 0.0000e+00
       3255     50.709     1.5679   2.922613    33.4835    26.7882 0.0000e+00
       3256     49.878     1.4829   2.913744    33.4622    26.7771 0.0000e+00
       3257     49.110     1.4009   2.906423    33.4572    26.7787 0.0000e+00
       3258     48.384     1.3447   2.902064    33.4623    26.7866 0.0000e+00
       3259     47.680     1.3191   2.899933    33.4629    26.7888 0.0000e+00
       3260     46.991     1.3180   2.899914    33.4642    26.7899 0.0000e+00
       3261     46.311     1.3202   2.900078    33.4644    26.7899 0.0000e+00
       3262     45.631     1.3028   2.897713    33.4532    26.7821 0.0000e+00
       3263     44.954     1.2655   2.893485    33.4396    26.7737 0.0000e+00
       3264     44.285     1.2255   2.889489    33.4318    26.7700 0.0000e+00
       3265     43.631     1.2021   2.887147    33.4273    26.7679 0.0000e+00
       3266     43.001     1.2090   2.887859    33.4294    26.7691 0.0000e+00
       3267     42.414     1.2399   2.890825    33.4345    26.7713 0.0000e+00
       3268     41.892     1.2738   2.893518    33.4329    26.7677 0.0000e+00
       3269     41.426     1.2990   2.895262    33.4285    26.7625 0.0000e+00
       3270     40.962     1.3137   2.896292    33.4261    26.7596 0.0000e+00
       3271     40.452     1.3198   2.896537    33.4230    26.7567 0.0000e+00
       3272     39.893     1.3224   2.896507    33.4202    26.7543 0.0000e+00
       3273     39.311     1.3263   2.896801    33.4201    26.7540 0.0000e+00
       3274     38.741     1.3311   2.897254    33.4211    26.7544 0.0000e+00
       3275     38.220     1.3329   2.897428    33.4217    26.7548 0.0000e+00
       3276     37.754     1.3262   2.896848    33.4217    26.7552 0.0000e+00
       3277     37.318     1.3091   2.895121    33.4182    26.7536 0.0000e+00
       3278     36.900     1.2915   2.893818    33.4207    26.7567 0.0000e+00
       3279     36.501     1.2823   2.894270    33.4365    26.7700 0.0000e+00
       3280     36.109     1.2767   2.894153    33.4412    26.7742 0.0000e+00
       3281     35.701     1.2625   2.891347    33.4209    26.7588 0.0000e+00
       3282     35.270     1.2315   2.886590    33.3935    26.7389 0.0000e+00
