Datasets/Multi_Species/NEE535/ned535_2020_020.cnv
* Sea-Bird SBE25plus Data File
* Filename = ned535_2020_020
* Software Version AquireV2 AF V2.0
* System UpLoad Time = Dec 12 2020 15:51:56
** VESSEL/TRIP/SEQ STN: ned535_2020_020
** LATITUDE: 47 32.60 N
** LONGITUDE: 52 34.76 W
** DATE/TIME: 2020-12-12 15:13
** SOUNDING DEPTH (M):  174
** PROBE TYPE: S1098
** CTD NUMBER:    
** COMMENTS (14 CHAR): Stn 27
# nquan = 8
# nvalues = 17833                       
# units = specified
# name 0 = scan: Scan Count
# name 1 = prdM: Pressure, Strain Gauge [db]
# name 2 = t090C: Temperature [ITS-90, deg C]
# name 3 = c0S/m: Conductivity [S/m]
# name 4 = flECO-AFL: Fluorescence, WET Labs ECO-AFL/FL [mg/m^3]
# name 5 = sal00: Salinity, Practical [PSU]
# name 6 = sigma-t00: Density [sigma-t, kg/m^3 ]
# name 7 = flag: flag
# span 0 =          2,      35665       
# span 1 =      0.464,    169.889       
# span 2 =    -9.7790,     8.0454       
# span 3 =  -0.003758,   3.085490       
# span 4 =    -0.1261,    36.4669       
# span 5 =     0.0000,    33.1351       
# span 6 =    -1.7835,    26.6153       
# span 7 = 0.0000e+00, 0.0000e+00       
# interval = scans: 2                   
# start_time = Dec 12 2020 15:13:45 [Instrument's time stamp, header]
# bad_flag = -9.990e-29
*END*
[from data line 4495]
       8992      1.938     3.8106   2.937559     6.3915    31.4201    24.9571 0.0000e+00
       8994      1.942     3.8105   2.937549     6.3905    31.4201    24.9572 0.0000e+00
       8996      1.945     3.8106   2.937546     6.3895    31.4200    24.9571 0.0000e+00
       8998      1.948     3.8102   2.937543     6.3905    31.4203    24.9575 0.0000e+00
       9000      1.948     3.8098   2.937536     6.3905    31.4205    24.9577 0.0000e+00
       9002      1.946     3.8099   2.937530     6.4210    31.4203    24.9575 0.0000e+00
       9004      1.945     3.8099   2.937508     6.4220    31.4202    24.9573 0.0000e+00
       9006      1.942     3.8099   2.937521     6.4220    31.4203    24.9575 0.0000e+00
       9008      1.940     3.8099   2.937536     6.4220    31.4204    24.9575 0.0000e+00
       9010      1.938     3.8100   2.937545     6.4220    31.4204    24.9575 0.0000e+00
       9012      1.938     3.8100   2.937518     6.4210    31.4202    24.9573 0.0000e+00
       9014      1.941     3.8099   2.937531     6.4210    31.4203    24.9575 0.0000e+00
       9016      1.945     3.8102   2.937552     6.4210    31.4203    24.9575 0.0000e+00
       9018      1.950     3.8108   2.937551     6.4200    31.4198    24.9570 0.0000e+00
       9020      1.958     3.8112   2.937534     6.4220    31.4192    24.9565 0.0000e+00
       9022      1.970     3.8113   2.937531     6.4229    31.4192    24.9564 0.0000e+00
       9024      1.986     3.8114   2.937558     6.4220    31.4192    24.9565 0.0000e+00
       9026      2.006     3.8114   2.937587     6.4210    31.4196    24.9568 0.0000e+00
       9028      2.028     3.8113   2.937555     6.4210    31.4194    24.9566 0.0000e+00
       9030      2.051     3.8112   2.937574     6.4210    31.4196    24.9568 0.0000e+00
       9032      2.072     3.8114   2.937563     6.4220    31.4192    24.9564 0.0000e+00
       9034      2.091     3.8116   2.937574     6.4220    31.4192    24.9564 0.0000e+00
       9036      2.110     3.8116   2.937571     6.4067    31.4192    24.9564 0.0000e+00
       9038      2.131     3.8115   2.937588     6.3924    31.4194    24.9566 0.0000e+00
       9040      2.151     3.8114   2.937570     6.3905    31.4194    24.9565 0.0000e+00
       9042      2.170     3.8117   2.937570     6.3915    31.4190    24.9563 0.0000e+00
       9044      2.189     3.8116   2.937568     6.3905    31.4191    24.9564 0.0000e+00
       9046      2.207     3.8117   2.937564     6.3905    31.4190    24.9562 0.0000e+00
       9048      2.223     3.8116   2.937563     6.3924    31.4190    24.9562 0.0000e+00
       9050      2.238     3.8115   2.937575     6.3915    31.4192    24.9565 0.0000e+00
       9052      2.254     3.8114   2.937583     6.3915    31.4194    24.9567 0.0000e+00
       9054      2.269     3.8110   2.937587     6.4172    31.4198    24.9570 0.0000e+00
       9056      2.282     3.8106   2.937571     6.4220    31.4200    24.9571 0.0000e+00
       9058      2.295     3.8109   2.937584     6.4220    31.4200    24.9571 0.0000e+00
       9060      2.307     3.8106   2.937564     6.4220    31.4199    24.9571 0.0000e+00
       9062      2.317     3.8109   2.937570     6.4238    31.4198    24.9569 0.0000e+00
       9064      2.327     3.8110   2.937582     6.4200    31.4198    24.9570 0.0000e+00
       9066      2.336     3.8110   2.937590     6.4220    31.4198    24.9570 0.0000e+00
       9068      2.345     3.8110   2.937597     6.4200    31.4200    24.9571 0.0000e+00
       9070      2.353     3.8110   2.937591     6.4200    31.4199    24.9571 0.0000e+00
       9072      2.356     3.8108   2.937597     6.3895    31.4202    24.9573 0.0000e+00
       9074      2.356     3.8108   2.937577     6.3905    31.4199    24.9571 0.0000e+00
       9076      2.353     3.8110   2.937577     6.3905    31.4197    24.9569 0.0000e+00
       9078      2.345     3.8111   2.937589     6.3915    31.4198    24.9569 0.0000e+00
       9080      2.336     3.8113   2.937615     6.3905    31.4199    24.9570 0.0000e+00
       9082      2.325     3.8114   2.937623     6.3905    31.4199    24.9569 0.0000e+00
       9084      2.312     3.8116   2.937626     6.3895    31.4198    24.9569 0.0000e+00
       9086      2.300     3.8116   2.937629     6.3905    31.4198    24.9569 0.0000e+00
       9088      2.287     3.8117   2.937628     6.3895    31.4196    24.9568 0.0000e+00
       9090      2.273     3.8120   2.937663     6.3905    31.4198    24.9569 0.0000e+00
       9092      2.258     3.8122   2.937670     6.3915    31.4196    24.9567 0.0000e+00
       9094      2.247     3.8116   2.937606     6.3915    31.4196    24.9567 0.0000e+00
       9096      2.239     3.8115   2.937610     6.3905    31.4196    24.9568 0.0000e+00
       9098      2.235     3.8113   2.937598     6.3905    31.4198    24.9569 0.0000e+00
       9100      2.231     3.8111   2.937583     6.3905    31.4198    24.9569 0.0000e+00
       9102      2.227     3.8110   2.937567     6.3895    31.4196    24.9569 0.0000e+00
       9104      2.222     3.8110   2.937567     6.3905    31.4196    24.9568 0.0000e+00
       9106      2.218     3.8112   2.937594     6.4067    31.4198    24.9569 0.0000e+00
       9108      2.212     3.8112   2.937600     6.4210    31.4198    24.9569 0.0000e+00
       9110      2.206     3.8115   2.937632     6.4191    31.4200    24.9570 0.0000e+00
       9112      2.202     3.8113   2.937591     6.4220    31.4196    24.9568 0.0000e+00
       9114      2.199     3.8114   2.937626     6.4210    31.4200    24.9571 0.0000e+00
       9116      2.195     3.8112   2.937609     6.4210    31.4200    24.9571 0.0000e+00
       9118      2.192     3.8113   2.937621     6.4200    31.4201    24.9571 0.0000e+00
       9120      2.191     3.8115   2.937588     6.4220    31.4194    24.9566 0.0000e+00
       9122      2.192     3.8115   2.937599     6.4200    31.4196    24.9567 0.0000e+00
       9124      2.196     3.8115   2.937625     6.3924    31.4199    24.9569 0.0000e+00
       9126      2.203     3.8114   2.937597     6.3905    31.4196    24.9568 0.0000e+00
       9128      2.210     3.8113   2.937609     6.3895    31.4199    24.9570 0.0000e+00
       9130      2.222     3.8111   2.937610     6.3915    31.4201    24.9571 0.0000e+00
       9132      2.240     3.8096   2.937583     6.3905    31.4212    24.9582 0.0000e+00
       9134      2.260     3.8093   2.937563     6.3915    31.4212    24.9583 0.0000e+00
       9136      2.284     3.8096   2.937581     6.3905    31.4211    24.9582 0.0000e+00
       9138      2.313     3.8102   2.937576     6.3915    31.4205    24.9576 0.0000e+00
       9140      2.344     3.8098   2.937584     6.3953    31.4210    24.9580 0.0000e+00
       9142      2.375     3.8094   2.937610     6.4210    31.4217    24.9586 0.0000e+00
       9144      2.405     3.8093   2.937602     6.4210    31.4216    24.9585 0.0000e+00
       9146      2.431     3.8092   2.937609     6.4210    31.4218    24.9586 0.0000e+00
       9148      2.456     3.8094   2.937594     6.4200    31.4214    24.9584 0.0000e+00
       9150      2.479     3.8095   2.937588     6.4191    31.4213    24.9583 0.0000e+00
       9152      2.498     3.8097   2.937611     6.4210    31.4213    24.9583 0.0000e+00
       9154      2.515     3.8099   2.937609     6.4200    31.4211    24.9581 0.0000e+00
       9156      2.529     3.8100   2.937620     6.4210    31.4210    24.9580 0.0000e+00
       9158      2.538     3.8101   2.937589     6.4220    31.4206    24.9577 0.0000e+00
       9160      2.541     3.8101   2.937591     6.4210    31.4206    24.9577 0.0000e+00
       9162      2.538     3.8102   2.937598     6.4200    31.4206    24.9577 0.0000e+00
       9164      2.527     3.8102   2.937590     6.4220    31.4205    24.9576 0.0000e+00
       9166      2.508     3.8102   2.937613     6.4210    31.4207    24.9578 0.0000e+00
       9168      2.480     3.8102   2.937621     6.4210    31.4209    24.9579 0.0000e+00
       9170      2.446     3.8101   2.937628     6.4238    31.4211    24.9581 0.0000e+00
       9172      2.407     3.8098   2.937643     6.4220    31.4217    24.9586 0.0000e+00
       9174      2.364     3.8095   2.937634     6.4210    31.4218    24.9586 0.0000e+00
       9176      2.317     3.8095   2.937625     6.4191    31.4217    24.9586 0.0000e+00
       9178      2.268     3.8099   2.937629     6.4210    31.4214    24.9583 0.0000e+00
       9180      2.216     3.8100   2.937647     6.4210    31.4216    24.9584 0.0000e+00
       9182      2.163     3.8102   2.937697     6.4200    31.4219    24.9587 0.0000e+00
       9184      2.109     3.8103   2.937660     6.4210    31.4215    24.9584 0.0000e+00
       9186      2.056     3.8104   2.937678     6.4210    31.4216    24.9584 0.0000e+00
       9188      2.010     3.8106   2.937655     6.4229    31.4211    24.9581 0.0000e+00
       9190      1.970     3.8108   2.937669     6.4220    31.4212    24.9581 0.0000e+00
       9192      1.941     3.8106   2.937659     6.4191    31.4213    24.9582 0.0000e+00
       9194      1.921     3.8105   2.937645     6.4210    31.4212    24.9582 0.0000e+00
       9196      1.910     3.8102   2.937628     6.4200    31.4213    24.9582 0.0000e+00
       9198      1.910     3.8098   2.937619     6.4210    31.4217    24.9586 0.0000e+00
       9200      1.918     3.8093   2.937612     6.4220    31.4220    24.9588 0.0000e+00
       9202      1.934     3.8088   2.937558     6.4200    31.4218    24.9588 0.0000e+00
       9204      1.956     3.8086   2.937534     6.4200    31.4217    24.9586 0.0000e+00
       9206      1.981     3.8084   2.937531     6.4210    31.4218    24.9588 0.0000e+00
       9208      2.010     3.8083   2.937569     6.4210    31.4224    24.9592 0.0000e+00
       9210      2.043     3.8080   2.937575     6.4296    31.4227    24.9596 0.0000e+00
       9212      2.076     3.8080   2.937578     6.4505    31.4227    24.9596 0.0000e+00
       9214      2.109     3.8081   2.937564     6.4515    31.4224    24.9592 0.0000e+00
       9216      2.143     3.8080   2.937575     6.4534    31.4226    24.9595 0.0000e+00
       9218      2.175     3.8079   2.937549     6.4525    31.4224    24.9592 0.0000e+00
       9220      2.205     3.8076   2.937553     6.4515    31.4228    24.9597 0.0000e+00
       9222      2.235     3.8075   2.937575     6.4515    31.4231    24.9599 0.0000e+00
       9224      2.263     3.8076   2.937569     6.4515    31.4228    24.9598 0.0000e+00
       9226      2.289     3.8078   2.937554     6.4515    31.4226    24.9595 0.0000e+00
       9228      2.314     3.8079   2.937564     6.4515    31.4224    24.9594 0.0000e+00
       9230      2.336     3.8080   2.937570     6.4515    31.4225    24.9594 0.0000e+00
       9232      2.353     3.8079   2.937571     6.4525    31.4226    24.9594 0.0000e+00
       9234      2.367     3.8081   2.937584     6.4525    31.4226    24.9594 0.0000e+00
       9236      2.377     3.8083   2.937578     6.4525    31.4224    24.9592 0.0000e+00
       9238      2.385     3.8083   2.937555     6.4515    31.4221    24.9590 0.0000e+00
       9240      2.389     3.8083   2.937549     6.4525    31.4220    24.9590 0.0000e+00
       9242      2.391     3.8082   2.937572     6.4515    31.4224    24.9592 0.0000e+00
       9244      2.390     3.8080   2.937575     6.4515    31.4225    24.9594 0.0000e+00
       9246      2.382     3.8083   2.937577     6.3991    31.4222    24.9592 0.0000e+00
       9248      2.371     3.8081   2.937600     6.3924    31.4227    24.9596 0.0000e+00
       9250      2.359     3.8081   2.937592     6.3915    31.4227    24.9595 0.0000e+00
       9252      2.345     3.8083   2.937601     6.3905    31.4225    24.9594 0.0000e+00
       9254      2.329     3.8083   2.937572     6.3924    31.4223    24.9592 0.0000e+00
       9256      2.309     3.8084   2.937562     6.3905    31.4220    24.9590 0.0000e+00
       9258      2.289     3.8087   2.937561     6.3905    31.4218    24.9588 0.0000e+00
       9260      2.271     3.8089   2.937556     6.3924    31.4216    24.9586 0.0000e+00
       9262      2.254     3.8089   2.937564     6.3915    31.4216    24.9586 0.0000e+00
       9264      2.240     3.8094   2.937541     6.3915    31.4209    24.9579 0.0000e+00
       9266      2.227     3.8099   2.937558     6.3895    31.4207    24.9577 0.0000e+00
       9268      2.218     3.8101   2.937565     6.3924    31.4205    24.9576 0.0000e+00
       9270      2.213     3.8102   2.937588     6.3905    31.4206    24.9577 0.0000e+00
       9272      2.213     3.8103   2.937575     6.3905    31.4203    24.9575 0.0000e+00
       9274      2.220     3.8103   2.937588     6.3905    31.4205    24.9576 0.0000e+00
       9276      2.231     3.8105   2.937566     6.3924    31.4202    24.9573 0.0000e+00
       9278      2.247     3.8102   2.937564     6.3924    31.4203    24.9575 0.0000e+00
       9280      2.266     3.8104   2.937572     6.3905    31.4203    24.9573 0.0000e+00
       9282      2.285     3.8100   2.937575     6.3905    31.4207    24.9577 0.0000e+00
       9284      2.304     3.8100   2.937589     6.3905    31.4209    24.9579 0.0000e+00
       9286      2.322     3.8098   2.937589     6.3915    31.4210    24.9581 0.0000e+00
       9288      2.335     3.8099   2.937584     6.3895    31.4209    24.9579 0.0000e+00
       9290      2.344     3.8099   2.937572     6.3905    31.4207    24.9578 0.0000e+00
       9292      2.350     3.8095   2.937560     6.3905    31.4209    24.9579 0.0000e+00
       9294      2.351     3.8096   2.937571     6.3915    31.4209    24.9581 0.0000e+00
       9296      2.345     3.8097   2.937549     6.3915    31.4206    24.9577 0.0000e+00
       9298      2.335     3.8095   2.937561     6.4124    31.4209    24.9579 0.0000e+00
       9300      2.317     3.8099   2.937573     6.4200    31.4208    24.9579 0.0000e+00
       9302      2.293     3.8100   2.937581     6.4191    31.4207    24.9578 0.0000e+00
       9304      2.268     3.8102   2.937589     6.4210    31.4207    24.9577 0.0000e+00
       9306      2.240     3.8102   2.937599     6.4210    31.4207    24.9577 0.0000e+00
       9308      2.208     3.8105   2.937602     6.4191    31.4205    24.9576 0.0000e+00
       9310      2.175     3.8106   2.937615     6.4210    31.4207    24.9577 0.0000e+00
       9312      2.143     3.8108   2.937602     6.4200    31.4203    24.9573 0.0000e+00
       9314      2.111     3.8112   2.937626     6.4210    31.4203    24.9573 0.0000e+00
       9316      2.083     3.8112   2.937656     6.4200    31.4206    24.9575 0.0000e+00
       9318      2.061     3.8112   2.937642     6.4210    31.4205    24.9575 0.0000e+00
       9320      2.046     3.8112   2.937650     6.4210    31.4205    24.9575 0.0000e+00
       9322      2.040     3.8113   2.937632     6.4191    31.4202    24.9573 0.0000e+00
       9324      2.043     3.8110   2.937600     6.4182    31.4202    24.9573 0.0000e+00
       9326      2.054     3.8113   2.937625     6.4191    31.4202    24.9573 0.0000e+00
       9328      2.076     3.8113   2.937602     6.4200    31.4199    24.9570 0.0000e+00
       9330      2.107     3.8112   2.937591     6.4182    31.4199    24.9570 0.0000e+00
       9332      2.144     3.8109   2.937605     6.4182    31.4203    24.9573 0.0000e+00
       9334      2.189     3.8107   2.937575     6.4200    31.4200    24.9572 0.0000e+00
       9336      2.237     3.8105   2.937591     6.4191    31.4204    24.9575 0.0000e+00
       9338      2.287     3.8104   2.937578     6.4182    31.4203    24.9575 0.0000e+00
       9340      2.340     3.8105   2.937575     6.4182    31.4202    24.9573 0.0000e+00
       9342      2.390     3.8103   2.937570     6.4200    31.4203    24.9573 0.0000e+00
       9344      2.433     3.8105   2.937580     6.4200    31.4202    24.9573 0.0000e+00
       9346      2.471     3.8107   2.937590     6.4200    31.4201    24.9572 0.0000e+00
       9348      2.502     3.8112   2.937593     6.4200    31.4196    24.9569 0.0000e+00
