Datasets/Multi_Species/NEE535/ned535_2020_001.cnv
* Sea-Bird SBE19plus Data File:
* Filename = C:/AQUIRE/ned535_2020_001.hex
* Software Version AquireV2 AF V2.0
* Temperature SN =  4579
* Conductivity SN =  4579
* System UpLoad Time = Dec 04 2020 17:13:56
** VESSEL/TRIP/SEQ STN: ned535_2020_001
** LATITUDE: 50 27.27 N
** LONGITUDE: 50 40.88 W
** DATE/TIME: 2020-12-04 16:08
** SOUNDING DEPTH (M):  601
** PROBE TYPE: S4579
** CTD NUMBER: 001
** COMMENTS: 
# nquan = 7                                 
# nvalues = 3781                        
# units = specified
# name 0 = scan: Scan Count
# name 1 = prdM: Pressure, Strain Gauge [db]
# name 2 = tv290C: Temperature [ITS-90, deg C]
# name 3 = c0S/m: Conductivity [S/m]
# name 4 = sal00: Salinity, Practical [PSU]
# name 5 = sigma-t00: Density [sigma-t, kg/m^3 ]
# name 6 = flag: flag
# span 0 =          1,       3781       
# span 1 =     -0.217,    608.339       
# span 2 =     0.9210,     3.8704       
# span 3 =   0.002913,   3.249646       
# span 4 =     0.0219,    34.8238       
# span 5 =    -0.0249,    27.6743       
# span 6 = 0.0000e+00, 0.0000e+00       
# interval = seconds: 1
# start_time = Dec 04 2020 16:08:42 [Instrument's time stamp, header]
# bad_flag = -9.990e-29
*END*
[from data line 2667]
       2668    590.984     3.7467   3.244147    34.8168    27.6666 0.0000e+00
       2669    590.669     3.7469   3.244155    34.8169    27.6666 0.0000e+00
       2670    590.373     3.7477   3.244220    34.8169    27.6666 0.0000e+00
       2671    590.096     3.7487   3.244282    34.8168    27.6663 0.0000e+00
       2672    589.828     3.7492   3.244310    34.8167    27.6662 0.0000e+00
       2673    589.553     3.7493   3.244312    34.8168    27.6663 0.0000e+00
       2674    589.261     3.7493   3.244286    34.8166    27.6661 0.0000e+00
       2675    588.953     3.7500   3.244329    34.8166    27.6660 0.0000e+00
       2676    588.633     3.7514   3.244454    34.8167    27.6660 0.0000e+00
       2677    588.300     3.7523   3.244499    34.8165    27.6657 0.0000e+00
       2678    587.961     3.7526   3.244471    34.8160    27.6653 0.0000e+00
       2679    587.623     3.7537   3.244546    34.8159    27.6651 0.0000e+00
       2680    587.287     3.7560   3.244743    34.8160    27.6650 0.0000e+00
       2681    586.947     3.7596   3.245018    34.8156    27.6643 0.0000e+00
       2682    586.598     3.7642   3.245353    34.8149    27.6633 0.0000e+00
       2683    586.245     3.7683   3.245623    34.8140    27.6621 0.0000e+00
       2684    585.891     3.7708   3.245766    34.8132    27.6613 0.0000e+00
       2685    585.533     3.7725   3.245848    34.8126    27.6606 0.0000e+00
       2686    585.164     3.7737   3.245914    34.8123    27.6602 0.0000e+00
       2687    584.785     3.7752   3.245959    34.8114    27.6594 0.0000e+00
       2688    584.405     3.7763   3.245968    34.8106    27.6586 0.0000e+00
       2689    584.028     3.7771   3.245946    34.8097    27.6578 0.0000e+00
       2690    583.650     3.7778   3.245925    34.8089    27.6571 0.0000e+00
       2691    583.266     3.7786   3.245918    34.8081    27.6564 0.0000e+00
       2692    582.876     3.7793   3.245912    34.8075    27.6559 0.0000e+00
       2693    582.492     3.7796   3.245902    34.8073    27.6556 0.0000e+00
       2694    582.126     3.7798   3.245894    34.8072    27.6555 0.0000e+00
       2695    581.771     3.7801   3.245892    34.8070    27.6554 0.0000e+00
       2696    581.408     3.7803   3.245898    34.8071    27.6554 0.0000e+00
       2697    581.026     3.7805   3.245900    34.8071    27.6554 0.0000e+00
       2698    580.620     3.7809   3.245891    34.8068    27.6551 0.0000e+00
       2699    580.190     3.7815   3.245868    34.8061    27.6545 0.0000e+00
       2700    579.742     3.7825   3.245818    34.8047    27.6533 0.0000e+00
       2701    579.294     3.7832   3.245668    34.8024    27.6514 0.0000e+00
       2702    578.862     3.7827   3.245467    34.8008    27.6501 0.0000e+00
       2703    578.456     3.7817   3.245309    34.8002    27.6497 0.0000e+00
       2704    578.074     3.7803   3.245042    34.7987    27.6487 0.0000e+00
       2705    577.706     3.7788   3.244696    34.7963    27.6470 0.0000e+00
       2706    577.345     3.7776   3.244500    34.7955    27.6464 0.0000e+00
       2707    576.994     3.7771   3.244449    34.7956    27.6465 0.0000e+00
       2708    576.648     3.7771   3.244460    34.7959    27.6468 0.0000e+00
       2709    576.292     3.7771   3.244436    34.7958    27.6467 0.0000e+00
       2710    575.905     3.7767   3.244309    34.7949    27.6461 0.0000e+00
       2711    575.476     3.7760   3.244184    34.7944    27.6457 0.0000e+00
       2712    575.024     3.7756   3.244139    34.7945    27.6459 0.0000e+00
       2713    574.586     3.7756   3.244126    34.7946    27.6459 0.0000e+00
       2714    574.178     3.7756   3.244114    34.7946    27.6460 0.0000e+00
       2715    573.792     3.7756   3.244109    34.7948    27.6461 0.0000e+00
       2716    573.408     3.7756   3.244109    34.7950    27.6462 0.0000e+00
       2717    573.022     3.7757   3.244103    34.7950    27.6463 0.0000e+00
       2718    572.646     3.7756   3.244068    34.7949    27.6462 0.0000e+00
       2719    572.287     3.7752   3.243993    34.7946    27.6460 0.0000e+00
       2720    571.930     3.7749   3.243928    34.7944    27.6458 0.0000e+00
       2721    571.547     3.7748   3.243909    34.7944    27.6459 0.0000e+00
       2722    571.133     3.7746   3.243867    34.7944    27.6459 0.0000e+00
       2723    570.710     3.7739   3.243739    34.7938    27.6455 0.0000e+00
       2724    570.301     3.7732   3.243599    34.7931    27.6450 0.0000e+00
       2725    569.903     3.7727   3.243517    34.7929    27.6449 0.0000e+00
       2726    569.496     3.7725   3.243479    34.7928    27.6449 0.0000e+00
       2727    569.073     3.7723   3.243457    34.7930    27.6450 0.0000e+00
       2728    568.648     3.7721   3.243435    34.7932    27.6452 0.0000e+00
       2729    568.237     3.7721   3.243414    34.7932    27.6451 0.0000e+00
       2730    567.841     3.7722   3.243394    34.7930    27.6450 0.0000e+00
       2731    567.442     3.7725   3.243379    34.7927    27.6448 0.0000e+00
       2732    567.020     3.7730   3.243384    34.7925    27.6445 0.0000e+00
       2733    566.566     3.7743   3.243448    34.7921    27.6441 0.0000e+00
       2734    566.086     3.7763   3.243555    34.7915    27.6434 0.0000e+00
       2735    565.595     3.7785   3.243656    34.7907    27.6425 0.0000e+00
       2736    565.106     3.7802   3.243712    34.7898    27.6416 0.0000e+00
       2737    564.629     3.7811   3.243706    34.7890    27.6409 0.0000e+00
       2738    564.176     3.7813   3.243666    34.7886    27.6405 0.0000e+00
       2739    563.761     3.7814   3.243619    34.7881    27.6402 0.0000e+00
       2740    563.382     3.7817   3.243581    34.7875    27.6397 0.0000e+00
       2741    563.011     3.7820   3.243568    34.7873    27.6394 0.0000e+00
       2742    562.610     3.7824   3.243569    34.7871    27.6392 0.0000e+00
       2743    562.160     3.7828   3.243540    34.7865    27.6388 0.0000e+00
       2744    561.689     3.7831   3.243495    34.7859    27.6383 0.0000e+00
       2745    561.235     3.7832   3.243487    34.7860    27.6383 0.0000e+00
       2746    560.808     3.7837   3.243523    34.7861    27.6383 0.0000e+00
       2747    560.384     3.7843   3.243543    34.7859    27.6381 0.0000e+00
       2748    559.931     3.7850   3.243545    34.7854    27.6377 0.0000e+00
       2749    559.437     3.7855   3.243545    34.7852    27.6374 0.0000e+00
       2750    558.923     3.7858   3.243529    34.7849    27.6372 0.0000e+00
       2751    558.420     3.7859   3.243501    34.7848    27.6371 0.0000e+00
       2752    557.943     3.7860   3.243484    34.7847    27.6370 0.0000e+00
       2753    557.494     3.7862   3.243467    34.7845    27.6368 0.0000e+00
       2754    557.064     3.7863   3.243444    34.7844    27.6367 0.0000e+00
       2755    556.634     3.7865   3.243418    34.7841    27.6365 0.0000e+00
       2756    556.182     3.7866   3.243382    34.7838    27.6362 0.0000e+00
       2757    555.703     3.7868   3.243271    34.7825    27.6352 0.0000e+00
       2758    555.211     3.7869   3.243075    34.7803    27.6334 0.0000e+00
       2759    554.723     3.7883   3.243063    34.7790    27.6322 0.0000e+00
       2760    554.237     3.7921   3.243388    34.7791    27.6319 0.0000e+00
       2761    553.745     3.7967   3.243766    34.7789    27.6313 0.0000e+00
       2762    553.240     3.7995   3.243915    34.7780    27.6303 0.0000e+00
       2763    552.720     3.7995   3.243795    34.7769    27.6294 0.0000e+00
       2764    552.193     3.7975   3.243525    34.7761    27.6289 0.0000e+00
       2765    551.668     3.7954   3.243270    34.7755    27.6287 0.0000e+00
       2766    551.145     3.7940   3.243099    34.7752    27.6286 0.0000e+00
       2767    550.609     3.7930   3.242977    34.7751    27.6287 0.0000e+00
       2768    550.050     3.7919   3.242837    34.7749    27.6286 0.0000e+00
       2769    549.479     3.7908   3.242673    34.7744    27.6283 0.0000e+00
       2770    548.923     3.7904   3.242593    34.7742    27.6282 0.0000e+00
       2771    548.399     3.7919   3.242724    34.7745    27.6282 0.0000e+00
       2772    547.893     3.7958   3.243128    34.7754    27.6286 0.0000e+00
       2773    547.376     3.8008   3.243650    34.7766    27.6290 0.0000e+00
       2774    546.834     3.8050   3.243996    34.7765    27.6286 0.0000e+00
       2775    546.283     3.8077   3.244171    34.7761    27.6279 0.0000e+00
       2776    545.750     3.8103   3.244389    34.7762    27.6277 0.0000e+00
       2777    545.240     3.8137   3.244703    34.7766    27.6277 0.0000e+00
       2778    544.728     3.8178   3.245092    34.7771    27.6277 0.0000e+00
       2779    544.185     3.8222   3.245537    34.7781    27.6280 0.0000e+00
       2780    543.609     3.8268   3.245966    34.7786    27.6280 0.0000e+00
       2781    543.020     3.8335   3.246601    34.7794    27.6279 0.0000e+00
       2782    542.432     3.8434   3.247653    34.7817    27.6287 0.0000e+00
       2783    541.840     3.8537   3.248650    34.7830    27.6287 0.0000e+00
       2784    541.243     3.8602   3.249124    34.7820    27.6273 0.0000e+00
       2785    540.652     3.8627   3.249202    34.7806    27.6259 0.0000e+00
       2786    540.091     3.8633   3.249157    34.7798    27.6252 0.0000e+00
       2787    539.574     3.8636   3.249134    34.7794    27.6249 0.0000e+00
       2788    539.073     3.8648   3.249242    34.7797    27.6250 0.0000e+00
       2789    538.536     3.8671   3.249478    34.7804    27.6252 0.0000e+00
       2790    537.945     3.8695   3.249646    34.7801    27.6248 0.0000e+00
       2791    537.330     3.8704   3.249609    34.7791    27.6239 0.0000e+00
       2792    536.728     3.8693   3.249371    34.7777    27.6229 0.0000e+00
       2793    536.146     3.8653   3.248820    34.7757    27.6217 0.0000e+00
       2794    535.573     3.8599   3.248136    34.7736    27.6206 0.0000e+00
       2795    534.998     3.8565   3.247793    34.7734    27.6208 0.0000e+00
       2796    534.421     3.8548   3.247644    34.7738    27.6213 0.0000e+00
       2797    533.844     3.8524   3.247267    34.7721    27.6202 0.0000e+00
       2798    533.259     3.8483   3.246682    34.7698    27.6188 0.0000e+00
       2799    532.654     3.8434   3.246086    34.7682    27.6180 0.0000e+00
       2800    532.026     3.8393   3.245606    34.7672    27.6176 0.0000e+00
       2801    531.384     3.8358   3.245227    34.7667    27.6176 0.0000e+00
       2802    530.737     3.8302   3.244507    34.7645    27.6164 0.0000e+00
       2803    530.087     3.8205   3.243217    34.7597    27.6136 0.0000e+00
       2804    529.434     3.8106   3.242034    34.7565    27.6120 0.0000e+00
       2805    528.779     3.8044   3.241436    34.7563    27.6125 0.0000e+00
       2806    528.116     3.8014   3.241133    34.7562    27.6127 0.0000e+00
       2807    527.442     3.7997   3.240932    34.7560    27.6127 0.0000e+00
       2808    526.767     3.7990   3.240842    34.7560    27.6128 0.0000e+00
       2809    526.108     3.7990   3.240809    34.7559    27.6128 0.0000e+00
       2810    525.469     3.7995   3.240819    34.7559    27.6127 0.0000e+00
       2811    524.838     3.8001   3.240824    34.7556    27.6124 0.0000e+00
       2812    524.192     3.8010   3.240841    34.7552    27.6120 0.0000e+00
       2813    523.510     3.8024   3.240933    34.7552    27.6118 0.0000e+00
       2814    522.794     3.8049   3.241139    34.7554    27.6117 0.0000e+00
       2815    522.060     3.8104   3.241644    34.7559    27.6116 0.0000e+00
       2816    521.327     3.8209   3.242718    34.7580    27.6122 0.0000e+00
       2817    520.620     3.8335   3.244001    34.7603    27.6127 0.0000e+00
       2818    519.953     3.8415   3.244546    34.7587    27.6106 0.0000e+00
       2819    519.324     3.8421   3.244264    34.7550    27.6076 0.0000e+00
       2820    518.710     3.8389   3.243825    34.7535    27.6067 0.0000e+00
       2821    518.071     3.8361   3.243525    34.7532    27.6068 0.0000e+00
       2822    517.372     3.8345   3.243339    34.7531    27.6069 0.0000e+00
       2823    516.614     3.8333   3.243174    34.7528    27.6068 0.0000e+00
       2824    515.836     3.8319   3.242955    34.7521    27.6063 0.0000e+00
       2825    515.087     3.8301   3.242693    34.7513    27.6059 0.0000e+00
       2826    514.396     3.8277   3.242373    34.7504    27.6054 0.0000e+00
       2827    513.757     3.8239   3.241893    34.7490    27.6047 0.0000e+00
       2828    513.138     3.8190   3.241277    34.7472    27.6038 0.0000e+00
       2829    512.507     3.8140   3.240682    34.7457    27.6031 0.0000e+00
       2830    511.841     3.8100   3.240228    34.7449    27.6029 0.0000e+00
       2831    511.139     3.8082   3.240048    34.7451    27.6032 0.0000e+00
       2832    510.418     3.8079   3.240034    34.7456    27.6036 0.0000e+00
       2833    509.694     3.8068   3.239834    34.7448    27.6031 0.0000e+00
       2834    508.974     3.8041   3.239440    34.7433    27.6022 0.0000e+00
       2835    508.252     3.8018   3.239162    34.7428    27.6020 0.0000e+00
       2836    507.521     3.8002   3.238988    34.7428    27.6022 0.0000e+00
       2837    506.783     3.7984   3.238720    34.7419    27.6017 0.0000e+00
       2838    506.039     3.7949   3.238259    34.7406    27.6009 0.0000e+00
       2839    505.291     3.7889   3.237548    34.7388    27.6002 0.0000e+00
       2840    504.556     3.7820   3.236754    34.7371    27.5995 0.0000e+00
       2841    503.852     3.7765   3.236163    34.7362    27.5994 0.0000e+00
       2842    503.174     3.7733   3.235841    34.7361    27.5996 0.0000e+00
       2843    502.501     3.7705   3.235549    34.7360    27.5998 0.0000e+00
       2844    501.815     3.7649   3.234866    34.7341    27.5989 0.0000e+00
       2845    501.113     3.7571   3.233879    34.7310    27.5972 0.0000e+00
       2846    500.397     3.7507   3.233198    34.7301    27.5971 0.0000e+00
       2847    499.667     3.7474   3.232914    34.7306    27.5978 0.0000e+00
       2848    498.923     3.7459   3.232773    34.7309    27.5982 0.0000e+00
       2849    498.181     3.7446   3.232616    34.7308    27.5982 0.0000e+00
       2850    497.468     3.7421   3.232266    34.7296    27.5976 0.0000e+00
       2851    496.785     3.7376   3.231702    34.7280    27.5968 0.0000e+00
       2852    496.106     3.7310   3.230935    34.7262    27.5960 0.0000e+00
       2853    495.400     3.7237   3.230067    34.7240    27.5950 0.0000e+00
       2854    494.663     3.7169   3.229326    34.7227    27.5946 0.0000e+00
       2855    493.923     3.7085   3.228474    34.7219    27.5948 0.0000e+00
       2856    493.214     3.6948   3.226903    34.7180    27.5931 0.0000e+00
       2857    492.551     3.6784   3.225027    34.7133    27.5910 0.0000e+00
       2858    491.917     3.6645   3.223615    34.7115    27.5910 0.0000e+00
       2859    491.284     3.6539   3.222514    34.7100    27.5908 0.0000e+00
       2860    490.629     3.6467   3.221808    34.7095    27.5912 0.0000e+00
       2861    489.948     3.6432   3.221542    34.7104    27.5922 0.0000e+00
       2862    489.263     3.6401   3.221218    34.7102    27.5924 0.0000e+00
       2863    488.592     3.6309   3.220133    34.7073    27.5910 0.0000e+00
       2864    487.924     3.6089   3.217394    34.6983    27.5860 0.0000e+00
       2865    487.242     3.5759   3.213498    34.6870    27.5803 0.0000e+00
       2866    486.547     3.5449   3.210375    34.6829    27.5800 0.0000e+00
       2867    485.866     3.5248   3.208680    34.6842    27.5831 0.0000e+00
       2868    485.221     3.5113   3.207391    34.6835    27.5838 0.0000e+00
       2869    484.600     3.4983   3.205859    34.6792    27.5817 0.0000e+00
       2870    483.973     3.4863   3.204462    34.6755    27.5800 0.0000e+00
       2871    483.314     3.4766   3.203342    34.6728    27.5787 0.0000e+00
