Datasets/Multi_Species/NEE535/ned535_2020_011.cnv
* Sea-Bird SBE19plus Data File:
* Filename = C:/AQUIRE/ned535_2020_011.hex
* Software Version AquireV2 AF V2.0
* Temperature SN =  4579
* Conductivity SN =  4579
* System UpLoad Time = Dec 06 2020 22:57:25
** VESSEL/TRIP/SEQ STN: ned535_2020_011
** LATITUDE: 51 01.45 N
** LONGITUDE: 49 55.79 W
** DATE/TIME: 2020-12-06 21:32
** SOUNDING DEPTH (M):  911
** PROBE TYPE: S4579
** CTD NUMBER:  11
** COMMENTS: 
# nquan = 7                                 
# nvalues = 4907                        
# units = specified
# name 0 = scan: Scan Count
# name 1 = prdM: Pressure, Strain Gauge [db]
# name 2 = tv290C: Temperature [ITS-90, deg C]
# name 3 = c0S/m: Conductivity [S/m]
# name 4 = sal00: Salinity, Practical [PSU]
# name 5 = sigma-t00: Density [sigma-t, kg/m^3 ]
# name 6 = flag: flag
# span 0 =          1,       4907       
# span 1 =     -0.306,    940.535       
# span 2 =     1.9013,     4.2016       
# span 3 =   0.001958,   3.255313       
# span 4 =     0.0145,    34.8669       
# span 5 =    -0.0135,    27.7236       
# span 6 = 0.0000e+00, 0.0000e+00       
# interval = seconds: 1
# start_time = Dec 06 2020 21:32:54 [Instrument's time stamp, header]
# bad_flag = -9.990e-29
*END*
[from data line 4718]
       4719     -0.277     2.1397   0.033090     0.2802     0.1752 0.0000e+00
       4720     -0.275     2.1414   0.033325     0.2822     0.1769 0.0000e+00
       4721     -0.273     2.1432   0.034227     0.2902     0.1834 0.0000e+00
       4722     -0.271     2.1447   0.036027     0.3061     0.1963 0.0000e+00
       4723     -0.269     2.1462   0.037426     0.3184     0.2064 0.0000e+00
       4724     -0.268     2.1479   0.037255     0.3169     0.2052 0.0000e+00
       4725     -0.269     2.1498   0.035702     0.3031     0.1941 0.0000e+00
       4726     -0.270     2.1516   0.034268     0.2905     0.1839 0.0000e+00
       4727     -0.270     2.1532   0.034942     0.2964     0.1887 0.0000e+00
       4728     -0.268     2.1548   0.036628     0.3113     0.2009 0.0000e+00
       4729     -0.265     2.1566   0.036589     0.3109     0.2006 0.0000e+00
       4730     -0.263     2.1584   0.035904     0.3049     0.1957 0.0000e+00
       4731     -0.264     2.1601   0.036600     0.3110     0.2008 0.0000e+00
       4732     -0.265     2.1617   0.037761     0.3213     0.2091 0.0000e+00
       4733     -0.265     2.1635   0.038038     0.3237     0.2112 0.0000e+00
       4734     -0.265     2.1655   0.037029     0.3147     0.2040 0.0000e+00
       4735     -0.268     2.1675   0.035198     0.2985     0.1909 0.0000e+00
       4736     -0.268     2.1692   0.033975     0.2877     0.1822 0.0000e+00
       4737     -0.267     2.1708   0.033790     0.2861     0.1809 0.0000e+00
       4738     -0.265     2.1726   0.033856     0.2866     0.1814 0.0000e+00
       4739     -0.264     2.1745   0.033621     0.2846     0.1797 0.0000e+00
       4740     -0.266     2.1763   0.033065     0.2796     0.1758 0.0000e+00
       4741     -0.267     2.1781   0.033330     0.2820     0.1777 0.0000e+00
       4742     -0.264     2.1798   0.034985     0.2965     0.1896 0.0000e+00
       4743     -0.262     2.1815   0.036330     0.3084     0.1993 0.0000e+00
       4744     -0.262     2.1833   0.036352     0.3086     0.1995 0.0000e+00
       4745     -0.264     2.1852   0.035712     0.3029     0.1949 0.0000e+00
       4746     -0.267     2.1871   0.034991     0.2965     0.1898 0.0000e+00
       4747     -0.267     2.1889   0.034433     0.2916     0.1858 0.0000e+00
       4748     -0.264     2.1907   0.034037     0.2881     0.1831 0.0000e+00
       4749     -0.262     2.1925   0.034362     0.2909     0.1854 0.0000e+00
       4750     -0.262     2.1943   0.037884     0.3220     0.2107 0.0000e+00
       4751     -0.264     2.1959   0.043113     0.3684     0.2484 0.0000e+00
       4752     -0.265     2.1977   0.045527     0.3899     0.2659 0.0000e+00
       4753     -0.264     2.1995   0.045564     0.3902     0.2662 0.0000e+00
       4754     -0.263     2.2016   0.044350     0.3794     0.2574 0.0000e+00
       4755     -0.264     2.2035   0.042618     0.3639     0.2450 0.0000e+00
       4756     -0.265     2.2054   0.041562     0.3545     0.2374 0.0000e+00
       4757     -0.264     2.2072   0.040920     0.3488     0.2328 0.0000e+00
       4758     -0.264     2.2090   0.040604     0.3460     0.2305 0.0000e+00
       4759     -0.267     2.2108   0.040645     0.3463     0.2309 0.0000e+00
       4760     -0.270     2.2126   0.040790     0.3476     0.2320 0.0000e+00
       4761     -0.269     2.2144   0.041003     0.3495     0.2335 0.0000e+00
       4762     -0.265     2.2163   0.041289     0.3520     0.2356 0.0000e+00
       4763     -0.262     2.2181   0.041786     0.3564     0.2392 0.0000e+00
       4764     -0.261     2.2199   0.042482     0.3625     0.2443 0.0000e+00
       4765     -0.260     2.2218   0.042759     0.3650     0.2463 0.0000e+00
       4766     -0.257     2.2237   0.042493     0.3626     0.2444 0.0000e+00
       4767     -0.254     2.2255   0.042117     0.3592     0.2418 0.0000e+00
       4768     -0.254     2.2273   0.041719     0.3557     0.2389 0.0000e+00
       4769     -0.257     2.2291   0.041237     0.3514     0.2355 0.0000e+00
       4770     -0.258     2.2310   0.040980     0.3491     0.2337 0.0000e+00
       4771     -0.257     2.2328   0.041351     0.3523     0.2364 0.0000e+00
       4772     -0.258     2.2345   0.042087     0.3589     0.2417 0.0000e+00
       4773     -0.260     2.2362   0.042414     0.3617     0.2441 0.0000e+00
       4774     -0.260     2.2379   0.042089     0.3588     0.2418 0.0000e+00
       4775     -0.258     2.2397   0.041531     0.3539     0.2378 0.0000e+00
       4776     -0.256     2.2416   0.040958     0.3488     0.2337 0.0000e+00
       4777     -0.256     2.2434   0.040234     0.3423     0.2285 0.0000e+00
       4778     -0.255     2.2451   0.039528     0.3361     0.2235 0.0000e+00
       4779     -0.257     2.2468   0.039298     0.3340     0.2219 0.0000e+00
       4780     -0.261     2.2485   0.039725     0.3378     0.2250 0.0000e+00
       4781     -0.261     2.2500   0.040339     0.3432     0.2294 0.0000e+00
       4782     -0.260     2.2516   0.040388     0.3436     0.2298 0.0000e+00
       4783     -0.262     2.2534   0.039879     0.3391     0.2262 0.0000e+00
       4784     -0.261     2.2552   0.039488     0.3356     0.2234 0.0000e+00
       4785     -0.258     2.2568   0.039356     0.3344     0.2225 0.0000e+00
       4786     -0.254     2.2584   0.039024     0.3315     0.2201 0.0000e+00
       4787     -0.251     2.2600   0.038516     0.3269     0.2165 0.0000e+00
       4788     -0.250     2.2617   0.038155     0.3237     0.2140 0.0000e+00
       4789     -0.250     2.2634   0.037769     0.3203     0.2112 0.0000e+00
       4790     -0.251     2.2649   0.037425     0.3173     0.2088 0.0000e+00
       4791     -0.253     2.2664   0.037593     0.3187     0.2100 0.0000e+00
       4792     -0.254     2.2680   0.037982     0.3222     0.2128 0.0000e+00
       4793     -0.253     2.2696   0.037905     0.3215     0.2123 0.0000e+00
       4794     -0.251     2.2712   0.037508     0.3179     0.2095 0.0000e+00
       4795     -0.250     2.2727   0.037287     0.3160     0.2080 0.0000e+00
       4796     -0.250     2.2742   0.037170     0.3149     0.2071 0.0000e+00
       4797     -0.251     2.2757   0.036850     0.3121     0.2049 0.0000e+00
       4798     -0.253     2.2773   0.036445     0.3085     0.2020 0.0000e+00
       4799     -0.255     2.2788   0.036143     0.3058     0.1999 0.0000e+00
       4800     -0.256     2.2802   0.035868     0.3034     0.1980 0.0000e+00
       4801     -0.257     2.2817   0.035664     0.3016     0.1965 0.0000e+00
       4802     -0.258     2.2831   0.035574     0.3008     0.1959 0.0000e+00
       4803     -0.256     2.2845   0.035318     0.2985     0.1941 0.0000e+00
       4804     -0.252     2.2859   0.035047     0.2961     0.1922 0.0000e+00
       4805     -0.248     2.2874   0.035688     0.3017     0.1968 0.0000e+00
       4806     -0.245     2.2887   0.037541     0.3181     0.2101 0.0000e+00
       4807     -0.246     2.2900   0.040128     0.3409     0.2286 0.0000e+00
       4808     -0.251     2.2916   0.041818     0.3558     0.2408 0.0000e+00
       4809     -0.256     2.2931   0.041407     0.3522     0.2379 0.0000e+00
       4810     -0.258     2.2944   0.040547     0.3446     0.2317 0.0000e+00
       4811     -0.257     2.2956   0.040037     0.3400     0.2281 0.0000e+00
       4812     -0.253     2.2969   0.039408     0.3345     0.2236 0.0000e+00
       4813     -0.250     2.2984   0.039166     0.3323     0.2219 0.0000e+00
       4814     -0.247     2.2997   0.039043     0.3312     0.2210 0.0000e+00
       4815     -0.244     2.3010   0.038140     0.3232     0.2146 0.0000e+00
       4816     -0.244     2.3023   0.037034     0.3135     0.2067 0.0000e+00
       4817     -0.247     2.3037   0.037058     0.3137     0.2069 0.0000e+00
       4818     -0.248     2.3049   0.038263     0.3243     0.2155 0.0000e+00
       4819     -0.247     2.3062   0.038889     0.3298     0.2200 0.0000e+00
       4820     -0.245     2.3075   0.037781     0.3200     0.2121 0.0000e+00
       4821     -0.245     2.3088   0.036493     0.3086     0.2030 0.0000e+00
       4822     -0.245     2.3102   0.036249     0.3065     0.2012 0.0000e+00
       4823     -0.245     2.3114   0.036190     0.3059     0.2008 0.0000e+00
       4824     -0.246     2.3125   0.035550     0.3003     0.1963 0.0000e+00
       4825     -0.247     2.3138   0.034866     0.2943     0.1914 0.0000e+00
       4826     -0.248     2.3150   0.035057     0.2959     0.1928 0.0000e+00
       4827     -0.247     2.3161   0.035805     0.3025     0.1982 0.0000e+00
       4828     -0.246     2.3173   0.036008     0.3043     0.1997 0.0000e+00
       4829     -0.247     2.3185   0.035369     0.2987     0.1951 0.0000e+00
       4830     -0.248     2.3197   0.034402     0.2901     0.1883 0.0000e+00
       4831     -0.247     2.3209   0.033678     0.2838     0.1831 0.0000e+00
       4832     -0.245     2.3220   0.033314     0.2806     0.1806 0.0000e+00
       4833     -0.244     2.3232   0.032927     0.2772     0.1778 0.0000e+00
       4834     -0.242     2.3243   0.032327     0.2719     0.1736 0.0000e+00
       4835     -0.241     2.3255   0.032121     0.2701     0.1721 0.0000e+00
       4836     -0.242     2.3266   0.032803     0.2761     0.1770 0.0000e+00
       4837     -0.244     2.3278   0.033478     0.2820     0.1818 0.0000e+00
       4838     -0.245     2.3289   0.033210     0.2796     0.1799 0.0000e+00
       4839     -0.246     2.3299   0.032559     0.2739     0.1753 0.0000e+00
       4840     -0.246     2.3310   0.032180     0.2706     0.1727 0.0000e+00
       4841     -0.243     2.3321   0.031844     0.2676     0.1703 0.0000e+00
       4842     -0.242     2.3333   0.031459     0.2643     0.1676 0.0000e+00
       4843     -0.242     2.3343   0.031272     0.2626     0.1663 0.0000e+00
       4844     -0.239     2.3354   0.031218     0.2621     0.1659 0.0000e+00
       4845     -0.236     2.3365   0.031014     0.2603     0.1645 0.0000e+00
       4846     -0.236     2.3376   0.030667     0.2573     0.1621 0.0000e+00
       4847     -0.236     2.3386   0.030371     0.2547     0.1600 0.0000e+00
       4848     -0.235     2.3398   0.030146     0.2527     0.1584 0.0000e+00
       4849     -0.236     2.3409   0.029955     0.2511     0.1571 0.0000e+00
       4850     -0.237     2.3419   0.029751     0.2493     0.1557 0.0000e+00
       4851     -0.237     2.3430   0.029498     0.2471     0.1539 0.0000e+00
       4852     -0.238     2.3442   0.029423     0.2464     0.1534 0.0000e+00
       4853     -0.240     2.3452   0.029671     0.2486     0.1552 0.0000e+00
       4854     -0.240     2.3463   0.029876     0.2503     0.1566 0.0000e+00
       4855     -0.239     2.3475   0.029768     0.2494     0.1559 0.0000e+00
       4856     -0.239     2.3487   0.029540     0.2474     0.1543 0.0000e+00
       4857     -0.238     2.3498   0.029435     0.2465     0.1536 0.0000e+00
       4858     -0.237     2.3508   0.029410     0.2462     0.1534 0.0000e+00
       4859     -0.236     2.3520   0.029290     0.2452     0.1526 0.0000e+00
       4860     -0.237     2.3531   0.029196     0.2444     0.1520 0.0000e+00
       4861     -0.239     2.3541   0.029206     0.2444     0.1521 0.0000e+00
       4862     -0.239     2.3552   0.029140     0.2439     0.1516 0.0000e+00
       4863     -0.238     2.3563   0.028927     0.2420     0.1501 0.0000e+00
       4864     -0.237     2.3575   0.028662     0.2397     0.1483 0.0000e+00
       4865     -0.236     2.3586   0.028518     0.2384     0.1473 0.0000e+00
       4866     -0.237     2.3598   0.028576     0.2389     0.1477 0.0000e+00
       4867     -0.239     2.3610   0.028687     0.2399     0.1485 0.0000e+00
       4868     -0.239     2.3621   0.028699     0.2400     0.1486 0.0000e+00
       4869     -0.239     2.3633   0.028723     0.2402     0.1488 0.0000e+00
       4870     -0.238     2.3645   0.028914     0.2418     0.1502 0.0000e+00
       4871     -0.239     2.3655   0.029121     0.2436     0.1517 0.0000e+00
       4872     -0.243     2.3667   0.029090     0.2433     0.1515 0.0000e+00
       4873     -0.244     2.3679   0.028809     0.2409     0.1495 0.0000e+00
       4874     -0.242     2.3691   0.028416     0.2375     0.1468 0.0000e+00
       4875     -0.240     2.3703   0.028110     0.2348     0.1447 0.0000e+00
       4876     -0.239     2.3714   0.028050     0.2343     0.1442 0.0000e+00
       4877     -0.239     2.3726   0.028119     0.2349     0.1448 0.0000e+00
       4878     -0.239     2.3738   0.028089     0.2346     0.1446 0.0000e+00
       4879     -0.239     2.3750   0.028021     0.2340     0.1441 0.0000e+00
       4880     -0.238     2.3762   0.028158     0.2352     0.1451 0.0000e+00
       4881     -0.236     2.3774   0.028386     0.2371     0.1467 0.0000e+00
       4882     -0.233     2.3786   0.028316     0.2365     0.1463 0.0000e+00
       4883     -0.232     2.3798   0.027989     0.2337     0.1440 0.0000e+00
       4884     -0.233     2.3810   0.027931     0.2332     0.1436 0.0000e+00
       4885     -0.232     2.3822   0.028374     0.2370     0.1467 0.0000e+00
       4886     -0.232     2.3834   0.028740     0.2402     0.1493 0.0000e+00
       4887     -0.233     2.3845   0.028565     0.2386     0.1481 0.0000e+00
       4888     -0.232     2.3857   0.028229     0.2357     0.1458 0.0000e+00
       4889     -0.230     2.3869   0.028192     0.2354     0.1456 0.0000e+00
       4890     -0.229     2.3881   0.028283     0.2362     0.1462 0.0000e+00
       4891     -0.229     2.3894   0.028090     0.2345     0.1449 0.0000e+00
       4892     -0.230     2.3906   0.027681     0.2309     0.1420 0.0000e+00
       4893     -0.232     2.3918   0.027361     0.2281     0.1398 0.0000e+00
       4894     -0.235     2.3931   0.027273     0.2274     0.1392 0.0000e+00
       4895     -0.237     2.3943   0.027355     0.2281     0.1398 0.0000e+00
       4896     -0.237     2.3954   0.027431     0.2287     0.1404 0.0000e+00
       4897     -0.237     2.3967   0.027426     0.2287     0.1404 0.0000e+00
       4898     -0.239     2.3979   0.027381     0.2283     0.1401 0.0000e+00
       4899     -0.237     2.3992   0.027502     0.2293     0.1409 0.0000e+00
       4900     -0.231     2.4004   0.027853     0.2323     0.1434 0.0000e+00
       4901     -0.229     2.4017   0.028082     0.2343     0.1451 0.0000e+00
       4902     -0.231     2.4029   0.028158     0.2350     0.1456 0.0000e+00
       4903     -0.234     2.4042   0.028265     0.2359     0.1464 0.0000e+00
       4904     -0.236     2.4054   0.028165     0.2350     0.1457 0.0000e+00
       4905     -0.238     2.4066   0.027812     0.2319     0.1433 0.0000e+00
       4906     -0.239     2.4075   0.027523     0.2294     0.1412 0.0000e+00
       4907     -0.239 -9.990e-29   0.027400 -9.990e-29 -9.990e-29 0.0000e+00
