Datasets/Multi_Species/NEE535/ned535_2020_015.cnv
* Sea-Bird SBE19plus Data File:
* Filename = C:/AQUIRE/ned535_2020_015.hex
* Software Version AquireV2 AF V2.0
* Temperature SN =  4579
* Conductivity SN =  4579
* System UpLoad Time = Dec 08 2020 13:20:35
** VESSEL/TRIP/SEQ STN: ned535_2020_015
** LATITUDE: 50 57.79 N
** LONGITUDE: 49 46.09 W
** DATE/TIME: 2020-12-08 11:46
** SOUNDING DEPTH (M):  991
** PROBE TYPE: S4579
** CTD NUMBER:  15
** COMMENTS: 
# nquan = 7                                 
# nvalues = 5369                        
# units = specified
# name 0 = scan: Scan Count
# name 1 = prdM: Pressure, Strain Gauge [db]
# name 2 = tv290C: Temperature [ITS-90, deg C]
# name 3 = c0S/m: Conductivity [S/m]
# name 4 = sal00: Salinity, Practical [PSU]
# name 5 = sigma-t00: Density [sigma-t, kg/m^3 ]
# name 6 = flag: flag
# span 0 =          1,       5369       
# span 1 =     -0.393,    959.672       
# span 2 =     2.2765,     4.0305       
# span 3 =   0.012394,   3.251585       
# span 4 =     0.0990,    34.8734       
# span 5 =     0.0437,    27.7326       
# span 6 = 0.0000e+00, 0.0000e+00       
# interval = seconds: 1
# start_time = Dec 08 2020 11:46:22 [Instrument's time stamp, header]
# bad_flag = -9.990e-29
*END*
[from data line 4308]
       4309    770.339     3.6843   3.249433    34.8518    27.7007 0.0000e+00
       4310    769.573     3.6847   3.249403    34.8514    27.7003 0.0000e+00
       4311    768.806     3.6845   3.249338    34.8512    27.7002 0.0000e+00
       4312    768.044     3.6845   3.249314    34.8513    27.7003 0.0000e+00
       4313    767.277     3.6851   3.249336    34.8513    27.7003 0.0000e+00
       4314    766.501     3.6860   3.249391    34.8515    27.7003 0.0000e+00
       4315    765.723     3.6871   3.249434    34.8512    27.7000 0.0000e+00
       4316    764.951     3.6880   3.249462    34.8510    27.6997 0.0000e+00
       4317    764.182     3.6890   3.249507    34.8509    27.6995 0.0000e+00
       4318    763.417     3.6894   3.249506    34.8508    27.6994 0.0000e+00
       4319    762.663     3.6896   3.249466    34.8505    27.6992 0.0000e+00
       4320    761.917     3.6905   3.249511    34.8505    27.6991 0.0000e+00
       4321    761.166     3.6919   3.249608    34.8506    27.6990 0.0000e+00
       4322    760.399     3.6929   3.249641    34.8503    27.6987 0.0000e+00
       4323    759.619     3.6934   3.249613    34.8498    27.6983 0.0000e+00
       4324    758.836     3.6936   3.249593    34.8498    27.6982 0.0000e+00
       4325    758.052     3.6940   3.249589    34.8497    27.6981 0.0000e+00
       4326    757.278     3.6943   3.249564    34.8495    27.6979 0.0000e+00
       4327    756.532     3.6944   3.249519    34.8493    27.6977 0.0000e+00
       4328    755.818     3.6945   3.249490    34.8492    27.6976 0.0000e+00
       4329    755.111     3.6948   3.249516    34.8496    27.6979 0.0000e+00
       4330    754.383     3.6952   3.249554    34.8500    27.6982 0.0000e+00
       4331    753.627     3.6955   3.249540    34.8499    27.6981 0.0000e+00
       4332    752.849     3.6955   3.249483    34.8496    27.6979 0.0000e+00
       4333    752.067     3.6953   3.249425    34.8495    27.6978 0.0000e+00
       4334    751.304     3.6953   3.249383    34.8494    27.6977 0.0000e+00
       4335    750.570     3.6952   3.249335    34.8494    27.6977 0.0000e+00
       4336    749.857     3.6950   3.249281    34.8493    27.6977 0.0000e+00
       4337    749.145     3.6947   3.249232    34.8494    27.6978 0.0000e+00
       4338    748.416     3.6944   3.249197    34.8497    27.6980 0.0000e+00
       4339    747.670     3.6944   3.249174    34.8498    27.6981 0.0000e+00
       4340    746.915     3.6946   3.249161    34.8498    27.6981 0.0000e+00
       4341    746.154     3.6949   3.249149    34.8498    27.6980 0.0000e+00
       4342    745.395     3.6954   3.249144    34.8496    27.6978 0.0000e+00
       4343    744.649     3.6960   3.249158    34.8495    27.6977 0.0000e+00
       4344    743.915     3.6965   3.249172    34.8495    27.6977 0.0000e+00
       4345    743.175     3.6969   3.249174    34.8495    27.6976 0.0000e+00
       4346    742.417     3.6970   3.249147    34.8495    27.6976 0.0000e+00
       4347    741.653     3.6971   3.249088    34.8491    27.6973 0.0000e+00
       4348    740.907     3.6971   3.249032    34.8488    27.6970 0.0000e+00
       4349    740.181     3.6971   3.249002    34.8488    27.6971 0.0000e+00
       4350    739.452     3.6972   3.248987    34.8489    27.6971 0.0000e+00
       4351    738.706     3.6974   3.248957    34.8487    27.6970 0.0000e+00
       4352    737.954     3.6974   3.248915    34.8486    27.6969 0.0000e+00
       4353    737.209     3.6973   3.248877    34.8487    27.6969 0.0000e+00
       4354    736.469     3.6971   3.248837    34.8488    27.6970 0.0000e+00
       4355    735.725     3.6971   3.248795    34.8487    27.6969 0.0000e+00
       4356    734.972     3.6970   3.248741    34.8485    27.6968 0.0000e+00
       4357    734.212     3.6970   3.248672    34.8481    27.6965 0.0000e+00
       4358    733.447     3.6970   3.248608    34.8477    27.6962 0.0000e+00
       4359    732.685     3.6969   3.248559    34.8477    27.6962 0.0000e+00
       4360    731.937     3.6969   3.248513    34.8475    27.6960 0.0000e+00
       4361    731.200     3.6969   3.248470    34.8474    27.6959 0.0000e+00
       4362    730.455     3.6970   3.248452    34.8475    27.6960 0.0000e+00
       4363    729.695     3.6971   3.248446    34.8477    27.6962 0.0000e+00
       4364    728.927     3.6975   3.248434    34.8475    27.6960 0.0000e+00
       4365    728.162     3.6981   3.248443    34.8474    27.6958 0.0000e+00
       4366    727.401     3.6988   3.248466    34.8473    27.6957 0.0000e+00
       4367    726.642     3.6992   3.248448    34.8471    27.6955 0.0000e+00
       4368    725.887     3.6993   3.248397    34.8468    27.6952 0.0000e+00
       4369    725.138     3.6994   3.248348    34.8465    27.6949 0.0000e+00
       4370    724.395     3.6994   3.248301    34.8463    27.6948 0.0000e+00
       4371    723.651     3.6996   3.248258    34.8459    27.6945 0.0000e+00
       4372    722.897     3.7001   3.248225    34.8454    27.6941 0.0000e+00
       4373    722.128     3.7009   3.248199    34.8447    27.6934 0.0000e+00
       4374    721.334     3.7015   3.248186    34.8443    27.6930 0.0000e+00
       4375    720.515     3.7020   3.248172    34.8440    27.6927 0.0000e+00
       4376    719.703     3.7022   3.248111    34.8435    27.6923 0.0000e+00
       4377    718.945     3.7019   3.248005    34.8430    27.6919 0.0000e+00
       4378    718.253     3.7014   3.247923    34.8429    27.6919 0.0000e+00
       4379    717.589     3.7013   3.247919    34.8433    27.6922 0.0000e+00
       4380    716.902     3.7017   3.247951    34.8436    27.6924 0.0000e+00
       4381    716.170     3.7022   3.247960    34.8436    27.6924 0.0000e+00
       4382    715.409     3.7024   3.247937    34.8435    27.6923 0.0000e+00
       4383    714.655     3.7024   3.247886    34.8433    27.6921 0.0000e+00
       4384    713.920     3.7024   3.247828    34.8430    27.6919 0.0000e+00
       4385    713.198     3.7024   3.247791    34.8429    27.6918 0.0000e+00
       4386    712.472     3.7023   3.247773    34.8432    27.6920 0.0000e+00
       4387    711.735     3.7024   3.247745    34.8431    27.6920 0.0000e+00
       4388    711.000     3.7024   3.247700    34.8430    27.6919 0.0000e+00
       4389    710.269     3.7024   3.247653    34.8428    27.6917 0.0000e+00
       4390    709.535     3.7024   3.247617    34.8427    27.6917 0.0000e+00
       4391    708.797     3.7022   3.247572    34.8428    27.6918 0.0000e+00
       4392    708.057     3.7020   3.247516    34.8427    27.6917 0.0000e+00
       4393    707.315     3.7019   3.247470    34.8427    27.6917 0.0000e+00
       4394    706.564     3.7017   3.247429    34.8428    27.6918 0.0000e+00
       4395    705.798     3.7016   3.247382    34.8428    27.6918 0.0000e+00
       4396    705.024     3.7016   3.247336    34.8426    27.6917 0.0000e+00
       4397    704.249     3.7016   3.247292    34.8425    27.6916 0.0000e+00
       4398    703.475     3.7014   3.247246    34.8426    27.6916 0.0000e+00
       4399    702.697     3.7012   3.247197    34.8426    27.6917 0.0000e+00
       4400    701.917     3.7012   3.247151    34.8425    27.6916 0.0000e+00
       4401    701.141     3.7012   3.247103    34.8423    27.6915 0.0000e+00
       4402    700.377     3.7011   3.247048    34.8421    27.6913 0.0000e+00
       4403    699.627     3.7011   3.247006    34.8420    27.6913 0.0000e+00
       4404    698.881     3.7010   3.246977    34.8422    27.6914 0.0000e+00
       4405    698.123     3.7011   3.246944    34.8421    27.6913 0.0000e+00
       4406    697.340     3.7011   3.246909    34.8421    27.6913 0.0000e+00
       4407    696.536     3.7011   3.246866    34.8420    27.6912 0.0000e+00
       4408    695.733     3.7011   3.246804    34.8417    27.6910 0.0000e+00
       4409    694.949     3.7009   3.246739    34.8415    27.6909 0.0000e+00
       4410    694.187     3.7007   3.246684    34.8415    27.6909 0.0000e+00
       4411    693.434     3.7005   3.246645    34.8416    27.6910 0.0000e+00
       4412    692.675     3.7006   3.246618    34.8416    27.6910 0.0000e+00
       4413    691.905     3.7008   3.246589    34.8414    27.6908 0.0000e+00
       4414    691.120     3.7009   3.246562    34.8414    27.6908 0.0000e+00
       4415    690.318     3.7012   3.246542    34.8413    27.6907 0.0000e+00
       4416    689.509     3.7014   3.246517    34.8412    27.6906 0.0000e+00
       4417    688.705     3.7016   3.246484    34.8410    27.6904 0.0000e+00
       4418    687.910     3.7016   3.246448    34.8410    27.6904 0.0000e+00
       4419    687.119     3.7018   3.246414    34.8408    27.6902 0.0000e+00
       4420    686.327     3.7020   3.246383    34.8406    27.6901 0.0000e+00
       4421    685.532     3.7021   3.246353    34.8406    27.6900 0.0000e+00
       4422    684.735     3.7023   3.246325    34.8405    27.6899 0.0000e+00
       4423    683.931     3.7026   3.246307    34.8404    27.6898 0.0000e+00
       4424    683.122     3.7029   3.246293    34.8403    27.6897 0.0000e+00
       4425    682.313     3.7033   3.246277    34.8401    27.6895 0.0000e+00
       4426    681.500     3.7039   3.246271    34.8398    27.6892 0.0000e+00
       4427    680.680     3.7045   3.246272    34.8396    27.6890 0.0000e+00
       4428    679.856     3.7049   3.246261    34.8395    27.6889 0.0000e+00
       4429    679.038     3.7052   3.246240    34.8394    27.6887 0.0000e+00
       4430    678.228     3.7056   3.246220    34.8391    27.6885 0.0000e+00
       4431    677.413     3.7060   3.246204    34.8390    27.6883 0.0000e+00
       4432    676.582     3.7064   3.246187    34.8388    27.6881 0.0000e+00
       4433    675.745     3.7068   3.246154    34.8384    27.6878 0.0000e+00
       4434    674.918     3.7070   3.246109    34.8381    27.6875 0.0000e+00
       4435    674.108     3.7070   3.246072    34.8381    27.6875 0.0000e+00
       4436    673.310     3.7071   3.246044    34.8380    27.6875 0.0000e+00
       4437    672.503     3.7071   3.246015    34.8381    27.6875 0.0000e+00
       4438    671.670     3.7071   3.245982    34.8382    27.6876 0.0000e+00
       4439    670.818     3.7073   3.245945    34.8380    27.6874 0.0000e+00
       4440    669.968     3.7073   3.245899    34.8379    27.6873 0.0000e+00
       4441    669.134     3.7073   3.245858    34.8378    27.6873 0.0000e+00
       4442    668.318     3.7074   3.245826    34.8377    27.6872 0.0000e+00
       4443    667.510     3.7077   3.245812    34.8377    27.6871 0.0000e+00
       4444    666.694     3.7083   3.245827    34.8377    27.6870 0.0000e+00
       4445    665.864     3.7092   3.245853    34.8374    27.6868 0.0000e+00
       4446    665.025     3.7104   3.245869    34.8368    27.6862 0.0000e+00
       4447    664.183     3.7115   3.245892    34.8364    27.6857 0.0000e+00
       4448    663.332     3.7127   3.245947    34.8362    27.6854 0.0000e+00
       4449    662.464     3.7142   3.246029    34.8360    27.6851 0.0000e+00
       4450    661.588     3.7157   3.246096    34.8357    27.6847 0.0000e+00
       4451    660.728     3.7169   3.246111    34.8351    27.6841 0.0000e+00
       4452    659.894     3.7176   3.246110    34.8347    27.6838 0.0000e+00
       4453    659.068     3.7181   3.246133    34.8349    27.6839 0.0000e+00
       4454    658.230     3.7188   3.246158    34.8349    27.6838 0.0000e+00
       4455    657.376     3.7193   3.246163    34.8349    27.6837 0.0000e+00
       4456    656.506     3.7199   3.246163    34.8347    27.6835 0.0000e+00
       4457    655.609     3.7207   3.246182    34.8346    27.6833 0.0000e+00
       4458    654.685     3.7214   3.246201    34.8345    27.6832 0.0000e+00
       4459    653.761     3.7219   3.246168    34.8341    27.6828 0.0000e+00
       4460    652.872     3.7220   3.246098    34.8336    27.6824 0.0000e+00
       4461    652.029     3.7218   3.246049    34.8337    27.6825 0.0000e+00
       4462    651.205     3.7220   3.246048    34.8339    27.6827 0.0000e+00
       4463    650.363     3.7226   3.246081    34.8341    27.6828 0.0000e+00
       4464    649.490     3.7234   3.246125    34.8342    27.6828 0.0000e+00
       4465    648.596     3.7242   3.246139    34.8340    27.6825 0.0000e+00
       4466    647.692     3.7247   3.246109    34.8336    27.6822 0.0000e+00
       4467    646.782     3.7249   3.246076    34.8335    27.6820 0.0000e+00
       4468    645.866     3.7251   3.246061    34.8336    27.6821 0.0000e+00
       4469    644.947     3.7253   3.246038    34.8336    27.6821 0.0000e+00
       4470    644.039     3.7255   3.245987    34.8332    27.6818 0.0000e+00
       4471    643.151     3.7256   3.245945    34.8331    27.6817 0.0000e+00
       4472    642.268     3.7256   3.245936    34.8335    27.6819 0.0000e+00
       4473    641.360     3.7257   3.245928    34.8337    27.6822 0.0000e+00
       4474    640.410     3.7260   3.245900    34.8336    27.6820 0.0000e+00
       4475    639.436     3.7262   3.245846    34.8332    27.6817 0.0000e+00
       4476    638.478     3.7262   3.245765    34.8328    27.6813 0.0000e+00
       4477    637.570     3.7260   3.245673    34.8324    27.6810 0.0000e+00
       4478    636.706     3.7260   3.245621    34.8322    27.6809 0.0000e+00
       4479    635.842     3.7259   3.245634    34.8329    27.6815 0.0000e+00
       4480    634.941     3.7260   3.245652    34.8335    27.6820 0.0000e+00
       4481    634.006     3.7261   3.245622    34.8335    27.6820 0.0000e+00
       4482    633.060     3.7263   3.245576    34.8333    27.6817 0.0000e+00
       4483    632.100     3.7264   3.245547    34.8333    27.6818 0.0000e+00
       4484    631.123     3.7267   3.245523    34.8332    27.6817 0.0000e+00
       4485    630.154     3.7268   3.245466    34.8330    27.6814 0.0000e+00
       4486    629.222     3.7268   3.245396    34.8326    27.6812 0.0000e+00
       4487    628.319     3.7272   3.245385    34.8325    27.6811 0.0000e+00
       4488    627.404     3.7284   3.245474    34.8328    27.6812 0.0000e+00
       4489    626.452     3.7301   3.245584    34.8328    27.6810 0.0000e+00
       4490    625.480     3.7313   3.245616    34.8324    27.6806 0.0000e+00
       4491    624.520     3.7321   3.245582    34.8317    27.6799 0.0000e+00
       4492    623.585     3.7327   3.245548    34.8311    27.6794 0.0000e+00
       4493    622.667     3.7333   3.245549    34.8310    27.6792 0.0000e+00
       4494    621.746     3.7340   3.245577    34.8311    27.6792 0.0000e+00
       4495    620.793     3.7346   3.245597    34.8312    27.6792 0.0000e+00
       4496    619.786     3.7352   3.245601    34.8311    27.6791 0.0000e+00
       4497    618.734     3.7359   3.245591    34.8308    27.6788 0.0000e+00
       4498    617.687     3.7363   3.245520    34.8301    27.6782 0.0000e+00
       4499    616.710     3.7359   3.245383    34.8294    27.6777 0.0000e+00
       4500    615.817     3.7355   3.245287    34.8292    27.6775 0.0000e+00
       4501    614.950     3.7357   3.245302    34.8296    27.6778 0.0000e+00
       4502    614.044     3.7366   3.245375    34.8300    27.6781 0.0000e+00
       4503    613.076     3.7374   3.245414    34.8301    27.6781 0.0000e+00
       4504    612.070     3.7380   3.245394    34.8298    27.6778 0.0000e+00
       4505    611.074     3.7382   3.245324    34.8292    27.6773 0.0000e+00
       4506    610.114     3.7385   3.245268    34.8288    27.6769 0.0000e+00
       4507    609.173     3.7390   3.245300    34.8291    27.6771 0.0000e+00
       4508    608.222     3.7398   3.245376    34.8297    27.6775 0.0000e+00
       4509    607.250     3.7409   3.245438    34.8298    27.6775 0.0000e+00
       4510    606.258     3.7421   3.245489    34.8296    27.6772 0.0000e+00
       4511    605.247     3.7429   3.245505    34.8295    27.6770 0.0000e+00
       4512    604.221     3.7434   3.245473    34.8291    27.6767 0.0000e+00
