Datasets/Multi_Species/NEE535/ned535_2020_010.cnv
* Sea-Bird SBE19plus Data File:
* Filename = C:/AQUIRE/ned535_2020_010.hex
* Software Version AquireV2 AF V2.0
* Temperature SN =  4579
* Conductivity SN =  4579
* System UpLoad Time = Dec 06 2020 18:01:48
** VESSEL/TRIP/SEQ STN: ned535_2020_010
** LATITUDE: 51 12.31 N
** LONGITUDE: 50 14.77 W
** DATE/TIME: 2020-12-06 16:53
** SOUNDING DEPTH (M):  572
** PROBE TYPE: S4579
** CTD NUMBER:  10
** COMMENTS: 
# nquan = 7                                 
# nvalues = 3998                        
# units = specified
# name 0 = scan: Scan Count
# name 1 = prdM: Pressure, Strain Gauge [db]
# name 2 = tv290C: Temperature [ITS-90, deg C]
# name 3 = c0S/m: Conductivity [S/m]
# name 4 = sal00: Salinity, Practical [PSU]
# name 5 = sigma-t00: Density [sigma-t, kg/m^3 ]
# name 6 = flag: flag
# span 0 =          1,       3998       
# span 1 =     -0.362,    588.418       
# span 2 =     1.2803,     4.0256       
# span 3 =   0.003341,   3.262773       
# span 4 =     0.0251,    34.8154       
# span 5 =    -0.0120,    27.6503       
# span 6 = 0.0000e+00, 0.0000e+00       
# interval = seconds: 1
# start_time = Dec 06 2020 16:53:32 [Instrument's time stamp, header]
# bad_flag = -9.990e-29
*END*
[from data line 1642]
       1643    445.702     3.9973   3.257661    34.7889    27.6186 0.0000e+00
       1644    446.325     3.9964   3.257653    34.7894    27.6191 0.0000e+00
       1645    446.951     3.9955   3.257612    34.7896    27.6193 0.0000e+00
       1646    447.594     3.9953   3.257644    34.7898    27.6195 0.0000e+00
       1647    448.248     3.9966   3.257757    34.7894    27.6190 0.0000e+00
       1648    448.895     3.9988   3.257842    34.7878    27.6175 0.0000e+00
       1649    449.530     4.0004   3.257880    34.7862    27.6161 0.0000e+00
       1650    450.162     4.0004   3.257912    34.7862    27.6161 0.0000e+00
       1651    450.796     3.9995   3.257953    34.7873    27.6171 0.0000e+00
       1652    451.421     3.9987   3.258000    34.7884    27.6180 0.0000e+00
       1653    452.033     3.9978   3.258017    34.7892    27.6188 0.0000e+00
       1654    452.645     3.9968   3.257995    34.7897    27.6192 0.0000e+00
       1655    453.270     3.9959   3.258001    34.7904    27.6199 0.0000e+00
       1656    453.912     3.9955   3.258074    34.7913    27.6207 0.0000e+00
       1657    454.574     3.9955   3.258175    34.7922    27.6214 0.0000e+00
       1658    455.251     3.9958   3.258256    34.7925    27.6216 0.0000e+00
       1659    455.933     3.9970   3.258312    34.7915    27.6207 0.0000e+00
       1660    456.605     3.9989   3.258361    34.7897    27.6190 0.0000e+00
       1661    457.256     4.0004   3.258414    34.7884    27.6178 0.0000e+00
       1662    457.886     4.0005   3.258451    34.7884    27.6178 0.0000e+00
       1663    458.511     3.9995   3.258442    34.7890    27.6184 0.0000e+00
       1664    459.151     3.9978   3.258403    34.7900    27.6194 0.0000e+00
       1665    459.818     3.9964   3.258387    34.7910    27.6203 0.0000e+00
       1666    460.502     3.9954   3.258409    34.7919    27.6212 0.0000e+00
       1667    461.180     3.9951   3.258480    34.7927    27.6218 0.0000e+00
       1668    461.827     3.9954   3.258585    34.7933    27.6223 0.0000e+00
       1669    462.441     3.9959   3.258645    34.7932    27.6221 0.0000e+00
       1670    463.043     3.9954   3.258612    34.7930    27.6220 0.0000e+00
       1671    463.657     3.9939   3.258593    34.7940    27.6230 0.0000e+00
       1672    464.292     3.9927   3.258669    34.7959    27.6246 0.0000e+00
       1673    464.939     3.9921   3.258749    34.7971    27.6256 0.0000e+00
       1674    465.592     3.9912   3.258704    34.7972    27.6258 0.0000e+00
       1675    466.257     3.9894   3.258517    34.7965    27.6254 0.0000e+00
       1676    466.936     3.9875   3.258408    34.7969    27.6259 0.0000e+00
       1677    467.615     3.9867   3.258522    34.7987    27.6275 0.0000e+00
       1678    468.280     3.9865   3.258590    34.7994    27.6280 0.0000e+00
       1679    468.931     3.9856   3.258431    34.7981    27.6271 0.0000e+00
       1680    469.581     3.9843   3.258298    34.7975    27.6268 0.0000e+00
       1681    470.237     3.9833   3.258369    34.7991    27.6281 0.0000e+00
       1682    470.895     3.9830   3.258541    34.8011    27.6298 0.0000e+00
       1683    471.542     3.9833   3.258737    34.8028    27.6310 0.0000e+00
       1684    472.170     3.9844   3.258885    34.8030    27.6311 0.0000e+00
       1685    472.779     3.9853   3.258885    34.8018    27.6300 0.0000e+00
       1686    473.390     3.9851   3.258781    34.8004    27.6290 0.0000e+00
       1687    474.029     3.9840   3.258728    34.8006    27.6292 0.0000e+00
       1688    474.702     3.9833   3.258789    34.8017    27.6302 0.0000e+00
       1689    475.388     3.9836   3.258947    34.8029    27.6311 0.0000e+00
       1690    476.069     3.9850   3.259096    34.8028    27.6309 0.0000e+00
       1691    476.743     3.9859   3.259104    34.8016    27.6299 0.0000e+00
       1692    477.416     3.9853   3.258939    34.7999    27.6286 0.0000e+00
       1693    478.091     3.9838   3.258759    34.7990    27.6280 0.0000e+00
       1694    478.759     3.9828   3.258782    34.8000    27.6289 0.0000e+00
       1695    479.403     3.9824   3.258908    34.8016    27.6302 0.0000e+00
       1696    480.022     3.9821   3.258849    34.8009    27.6297 0.0000e+00
       1697    480.636     3.9815   3.258612    34.7984    27.6277 0.0000e+00
       1698    481.262     3.9808   3.258468    34.7971    27.6268 0.0000e+00
       1699    481.909     3.9805   3.258601    34.7986    27.6280 0.0000e+00
       1700    482.571     3.9815   3.258934    34.8012    27.6300 0.0000e+00
       1701    483.231     3.9841   3.259233    34.8016    27.6300 0.0000e+00
       1702    483.879     3.9870   3.259329    34.7993    27.6279 0.0000e+00
       1703    484.526     3.9882   3.259235    34.7966    27.6256 0.0000e+00
       1704    485.187     3.9875   3.259147    34.7960    27.6252 0.0000e+00
       1705    485.859     3.9864   3.259209    34.7975    27.6265 0.0000e+00
       1706    486.518     3.9857   3.259301    34.7990    27.6278 0.0000e+00
       1707    487.152     3.9848   3.259119    34.7974    27.6267 0.0000e+00
       1708    487.778     3.9832   3.258745    34.7944    27.6244 0.0000e+00
       1709    488.418     3.9817   3.258676    34.7948    27.6249 0.0000e+00
       1710    489.071     3.9814   3.258938    34.7979    27.6274 0.0000e+00
       1711    489.724     3.9819   3.259124    34.7992    27.6284 0.0000e+00
       1712    490.368     3.9826   3.259184    34.7988    27.6280 0.0000e+00
       1713    490.991     3.9829   3.259213    34.7985    27.6277 0.0000e+00
       1714    491.594     3.9824   3.259122    34.7977    27.6271 0.0000e+00
       1715    492.192     3.9814   3.258966    34.7966    27.6263 0.0000e+00
       1716    492.797     3.9806   3.258888    34.7962    27.6261 0.0000e+00
       1717    493.416     3.9798   3.258867    34.7964    27.6264 0.0000e+00
       1718    494.049     3.9794   3.258918    34.7971    27.6270 0.0000e+00
       1719    494.686     3.9795   3.259105    34.7989    27.6284 0.0000e+00
       1720    495.315     3.9804   3.259315    34.8001    27.6292 0.0000e+00
       1721    495.929     3.9815   3.259442    34.8001    27.6291 0.0000e+00
       1722    496.523     3.9824   3.259507    34.7996    27.6286 0.0000e+00
       1723    497.104     3.9827   3.259510    34.7990    27.6281 0.0000e+00
       1724    497.692     3.9821   3.259381    34.7978    27.6272 0.0000e+00
       1725    498.304     3.9810   3.259198    34.7965    27.6263 0.0000e+00
       1726    498.933     3.9803   3.259179    34.7967    27.6265 0.0000e+00
       1727    499.554     3.9806   3.259370    34.7983    27.6278 0.0000e+00
       1728    500.151     3.9821   3.259600    34.7991    27.6283 0.0000e+00
       1729    500.725     3.9834   3.259644    34.7980    27.6272 0.0000e+00
       1730    501.299     3.9833   3.259515    34.7962    27.6259 0.0000e+00
       1731    501.887     3.9821   3.259430    34.7962    27.6259 0.0000e+00
       1732    502.483     3.9813   3.259511    34.7977    27.6272 0.0000e+00
       1733    503.074     3.9812   3.259657    34.7992    27.6284 0.0000e+00
       1734    503.656     3.9812   3.259677    34.7991    27.6284 0.0000e+00
       1735    504.236     3.9806   3.259599    34.7985    27.6280 0.0000e+00
       1736    504.823     3.9798   3.259615    34.7993    27.6286 0.0000e+00
       1737    505.416     3.9794   3.259736    34.8008    27.6299 0.0000e+00
       1738    506.000     3.9791   3.259766    34.8012    27.6302 0.0000e+00
       1739    506.566     3.9786   3.259617    34.7996    27.6290 0.0000e+00
       1740    507.117     3.9779   3.259500    34.7987    27.6284 0.0000e+00
       1741    507.668     3.9773   3.259593    34.8001    27.6296 0.0000e+00
       1742    508.234     3.9772   3.259751    34.8018    27.6309 0.0000e+00
       1743    508.825     3.9772   3.259855    34.8027    27.6317 0.0000e+00
       1744    509.427     3.9775   3.259957    34.8033    27.6321 0.0000e+00
       1745    510.016     3.9786   3.260062    34.8031    27.6318 0.0000e+00
       1746    510.581     3.9807   3.260170    34.8019    27.6306 0.0000e+00
       1747    511.126     3.9836   3.260267    34.7996    27.6285 0.0000e+00
       1748    511.661     3.9866   3.260305    34.7966    27.6258 0.0000e+00
       1749    512.194     3.9882   3.260308    34.7947    27.6241 0.0000e+00
       1750    512.736     3.9882   3.260314    34.7945    27.6239 0.0000e+00
       1751    513.295     3.9870   3.260310    34.7954    27.6248 0.0000e+00
       1752    513.867     3.9853   3.260315    34.7970    27.6262 0.0000e+00
       1753    514.439     3.9846   3.260365    34.7980    27.6271 0.0000e+00
       1754    515.000     3.9852   3.260433    34.7979    27.6270 0.0000e+00
       1755    515.542     3.9862   3.260465    34.7969    27.6261 0.0000e+00
       1756    516.076     3.9857   3.260445    34.7969    27.6261 0.0000e+00
       1757    516.616     3.9837   3.260381    34.7980    27.6272 0.0000e+00
       1758    517.168     3.9820   3.260375    34.7994    27.6285 0.0000e+00
       1759    517.725     3.9823   3.260488    34.8002    27.6291 0.0000e+00
       1760    518.272     3.9844   3.260601    34.7990    27.6279 0.0000e+00
       1761    518.802     3.9865   3.260663    34.7972    27.6263 0.0000e+00
       1762    519.324     3.9880   3.260713    34.7960    27.6251 0.0000e+00
       1763    519.844     3.9889   3.260748    34.7951    27.6244 0.0000e+00
       1764    520.361     3.9894   3.260773    34.7946    27.6239 0.0000e+00
       1765    520.875     3.9896   3.260799    34.7945    27.6238 0.0000e+00
       1766    521.386     3.9896   3.260824    34.7945    27.6238 0.0000e+00
       1767    521.897     3.9887   3.260829    34.7952    27.6245 0.0000e+00
       1768    522.417     3.9867   3.260815    34.7969    27.6260 0.0000e+00
       1769    522.952     3.9850   3.260833    34.7986    27.6276 0.0000e+00
       1770    523.493     3.9846   3.260891    34.7995    27.6283 0.0000e+00
       1771    524.029     3.9849   3.260930    34.7993    27.6281 0.0000e+00
       1772    524.560     3.9846   3.260937    34.7994    27.6283 0.0000e+00
       1773    525.086     3.9836   3.260943    34.8003    27.6290 0.0000e+00
       1774    525.595     3.9834   3.260979    34.8007    27.6294 0.0000e+00
       1775    526.079     3.9843   3.261005    34.7998    27.6285 0.0000e+00
       1776    526.552     3.9844   3.260923    34.7984    27.6275 0.0000e+00
       1777    527.042     3.9824   3.260754    34.7983    27.6276 0.0000e+00
       1778    527.567     3.9799   3.260649    34.7994    27.6287 0.0000e+00
       1779    528.112     3.9786   3.260689    34.8010    27.6301 0.0000e+00
       1780    528.643     3.9790   3.260822    34.8018    27.6308 0.0000e+00
       1781    529.139     3.9805   3.260900    34.8009    27.6299 0.0000e+00
       1782    529.607     3.9813   3.260870    34.7995    27.6286 0.0000e+00
       1783    530.073     3.9810   3.260884    34.7997    27.6289 0.0000e+00
       1784    530.550     3.9808   3.260980    34.8008    27.6297 0.0000e+00
       1785    531.035     3.9812   3.261048    34.8009    27.6298 0.0000e+00
       1786    531.528     3.9815   3.261074    34.8007    27.6296 0.0000e+00
       1787    532.031     3.9817   3.261123    34.8008    27.6296 0.0000e+00
       1788    532.543     3.9820   3.261189    34.8010    27.6297 0.0000e+00
       1789    533.058     3.9829   3.261237    34.8003    27.6291 0.0000e+00
       1790    533.575     3.9842   3.261270    34.7991    27.6280 0.0000e+00
       1791    534.084     3.9856   3.261305    34.7977    27.6268 0.0000e+00
       1792    534.577     3.9866   3.261340    34.7968    27.6260 0.0000e+00
       1793    535.063     3.9872   3.261377    34.7964    27.6255 0.0000e+00
       1794    535.554     3.9875   3.261417    34.7963    27.6254 0.0000e+00
       1795    536.042     3.9878   3.261456    34.7962    27.6253 0.0000e+00
       1796    536.516     3.9882   3.261485    34.7958    27.6250 0.0000e+00
       1797    536.978     3.9886   3.261512    34.7955    27.6247 0.0000e+00
       1798    537.438     3.9889   3.261547    34.7953    27.6245 0.0000e+00
       1799    537.910     3.9890   3.261582    34.7954    27.6246 0.0000e+00
       1800    538.400     3.9892   3.261617    34.7953    27.6245 0.0000e+00
       1801    538.902     3.9895   3.261650    34.7951    27.6243 0.0000e+00
       1802    539.409     3.9893   3.261669    34.7953    27.6245 0.0000e+00
       1803    539.915     3.9870   3.261622    34.7969    27.6260 0.0000e+00
       1804    540.423     3.9822   3.261476    34.8000    27.6290 0.0000e+00
       1805    540.941     3.9775   3.261362    34.8033    27.6321 0.0000e+00
       1806    541.473     3.9749   3.261415    34.8064    27.6348 0.0000e+00
       1807    542.005     3.9739   3.261529    34.8086    27.6366 0.0000e+00
       1808    542.518     3.9730   3.261532    34.8093    27.6373 0.0000e+00
       1809    543.008     3.9722   3.261386    34.8081    27.6365 0.0000e+00
       1810    543.492     3.9716   3.261290    34.8074    27.6359 0.0000e+00
       1811    543.987     3.9715   3.261411    34.8087    27.6370 0.0000e+00
       1812    544.493     3.9722   3.261608    34.8100    27.6380 0.0000e+00
       1813    545.002     3.9737   3.261762    34.8100    27.6378 0.0000e+00
       1814    545.511     3.9759   3.261875    34.8087    27.6365 0.0000e+00
       1815    546.019     3.9781   3.261939    34.8069    27.6349 0.0000e+00
       1816    546.529     3.9794   3.261960    34.8055    27.6336 0.0000e+00
       1817    547.050     3.9796   3.261966    34.8051    27.6333 0.0000e+00
       1818    547.587     3.9794   3.261998    34.8054    27.6335 0.0000e+00
       1819    548.132     3.9799   3.262060    34.8053    27.6334 0.0000e+00
       1820    548.669     3.9810   3.262084    34.8041    27.6324 0.0000e+00
       1821    549.193     3.9801   3.262031    34.8042    27.6325 0.0000e+00
       1822    549.724     3.9774   3.262001    34.8064    27.6345 0.0000e+00
       1823    550.269     3.9756   3.262045    34.8085    27.6364 0.0000e+00
       1824    550.812     3.9749   3.262023    34.8087    27.6367 0.0000e+00
       1825    551.338     3.9733   3.261839    34.8080    27.6362 0.0000e+00
       1826    551.847     3.9706   3.261599    34.8077    27.6363 0.0000e+00
       1827    552.353     3.9680   3.261403    34.8079    27.6367 0.0000e+00
       1828    552.874     3.9663   3.261255    34.8076    27.6367 0.0000e+00
       1829    553.418     3.9652   3.261234    34.8083    27.6373 0.0000e+00
       1830    553.974     3.9648   3.261327    34.8095    27.6383 0.0000e+00
       1831    554.526     3.9645   3.261387    34.8102    27.6389 0.0000e+00
       1832    555.069     3.9642   3.261381    34.8102    27.6389 0.0000e+00
       1833    555.610     3.9641   3.261414    34.8104    27.6391 0.0000e+00
       1834    556.150     3.9640   3.261558    34.8119    27.6403 0.0000e+00
       1835    556.683     3.9641   3.261710    34.8133    27.6415 0.0000e+00
       1836    557.207     3.9642   3.261713    34.8130    27.6412 0.0000e+00
       1837    557.724     3.9642   3.261610    34.8115    27.6400 0.0000e+00
       1838    558.241     3.9642   3.261561    34.8107    27.6393 0.0000e+00
       1839    558.763     3.9642   3.261618    34.8111    27.6396 0.0000e+00
       1840    559.290     3.9642   3.261718    34.8120    27.6403 0.0000e+00
       1841    559.821     3.9642   3.261837    34.8131    27.6412 0.0000e+00
       1842    560.353     3.9642   3.261935    34.8140    27.6420 0.0000e+00
       1843    560.889     3.9642   3.261922    34.8135    27.6416 0.0000e+00
       1844    561.436     3.9643   3.261933    34.8133    27.6414 0.0000e+00
       1845    561.992     3.9654   3.262102    34.8138    27.6417 0.0000e+00
       1846    562.543     3.9676   3.262272    34.8132    27.6410 0.0000e+00
