Datasets/Multi_Species/NEE535/ned535_2020_011.cnv
* Sea-Bird SBE19plus Data File:
* Filename = C:/AQUIRE/ned535_2020_011.hex
* Software Version AquireV2 AF V2.0
* Temperature SN =  4579
* Conductivity SN =  4579
* System UpLoad Time = Dec 06 2020 22:57:25
** VESSEL/TRIP/SEQ STN: ned535_2020_011
** LATITUDE: 51 01.45 N
** LONGITUDE: 49 55.79 W
** DATE/TIME: 2020-12-06 21:32
** SOUNDING DEPTH (M):  911
** PROBE TYPE: S4579
** CTD NUMBER:  11
** COMMENTS: 
# nquan = 7                                 
# nvalues = 4907                        
# units = specified
# name 0 = scan: Scan Count
# name 1 = prdM: Pressure, Strain Gauge [db]
# name 2 = tv290C: Temperature [ITS-90, deg C]
# name 3 = c0S/m: Conductivity [S/m]
# name 4 = sal00: Salinity, Practical [PSU]
# name 5 = sigma-t00: Density [sigma-t, kg/m^3 ]
# name 6 = flag: flag
# span 0 =          1,       4907       
# span 1 =     -0.306,    940.535       
# span 2 =     1.9013,     4.2016       
# span 3 =   0.001958,   3.255313       
# span 4 =     0.0145,    34.8669       
# span 5 =    -0.0135,    27.7236       
# span 6 = 0.0000e+00, 0.0000e+00       
# interval = seconds: 1
# start_time = Dec 06 2020 21:32:54 [Instrument's time stamp, header]
# bad_flag = -9.990e-29
*END*
[from data line 3898]
       3899    600.485     3.8093   3.249977    34.8148    27.6586 0.0000e+00
       3900    599.409     3.8064   3.249620    34.8142    27.6584 0.0000e+00
       3901    598.325     3.8047   3.249427    34.8143    27.6587 0.0000e+00
       3902    597.262     3.8034   3.249253    34.8142    27.6587 0.0000e+00
       3903    596.206     3.8020   3.249035    34.8136    27.6584 0.0000e+00
       3904    595.134     3.8020   3.248937    34.8130    27.6579 0.0000e+00
       3905    594.049     3.8042   3.249132    34.8136    27.6581 0.0000e+00
       3906    592.958     3.8074   3.249419    34.8142    27.6583 0.0000e+00
       3907    591.860     3.8094   3.249522    34.8139    27.6578 0.0000e+00
       3908    590.775     3.8100   3.249468    34.8132    27.6572 0.0000e+00
       3909    589.725     3.8100   3.249377    34.8126    27.6568 0.0000e+00
       3910    588.695     3.8102   3.249327    34.8124    27.6565 0.0000e+00
       3911    587.631     3.8107   3.249338    34.8125    27.6566 0.0000e+00
       3912    586.494     3.8114   3.249343    34.8124    27.6565 0.0000e+00
       3913    585.295     3.8118   3.249287    34.8120    27.6561 0.0000e+00
       3914    584.077     3.8112   3.249160    34.8117    27.6560 0.0000e+00
       3915    582.872     3.8098   3.248944    34.8113    27.6557 0.0000e+00
       3916    581.703     3.8079   3.248685    34.8108    27.6556 0.0000e+00
       3917    580.585     3.8062   3.248451    34.8105    27.6554 0.0000e+00
       3918    579.507     3.8051   3.248284    34.8102    27.6554 0.0000e+00
       3919    578.441     3.8052   3.248235    34.8101    27.6552 0.0000e+00
       3920    577.364     3.8066   3.248317    34.8101    27.6551 0.0000e+00
       3921    576.268     3.8085   3.248457    34.8104    27.6551 0.0000e+00
       3922    575.147     3.8101   3.248531    34.8101    27.6548 0.0000e+00
       3923    573.985     3.8108   3.248477    34.8094    27.6541 0.0000e+00
       3924    572.779     3.8106   3.248353    34.8087    27.6536 0.0000e+00
       3925    571.563     3.8100   3.248232    34.8086    27.6536 0.0000e+00
       3926    570.384     3.8097   3.248131    34.8083    27.6534 0.0000e+00
       3927    569.245     3.8094   3.248051    34.8083    27.6534 0.0000e+00
       3928    568.108     3.8093   3.247993    34.8083    27.6534 0.0000e+00
       3929    566.939     3.8094   3.247947    34.8083    27.6534 0.0000e+00
       3930    565.736     3.8097   3.247901    34.8080    27.6532 0.0000e+00
       3931    564.534     3.8100   3.247871    34.8080    27.6531 0.0000e+00
       3932    563.380     3.8106   3.247852    34.8078    27.6528 0.0000e+00
       3933    562.292     3.8109   3.247817    34.8076    27.6527 0.0000e+00
       3934    561.240     3.8110   3.247783    34.8076    27.6527 0.0000e+00
       3935    560.164     3.8113   3.247766    34.8077    27.6527 0.0000e+00
       3936    559.015     3.8118   3.247739    34.8074    27.6525 0.0000e+00
       3937    557.798     3.8125   3.247709    34.8070    27.6520 0.0000e+00
       3938    556.572     3.8131   3.247710    34.8070    27.6520 0.0000e+00
       3939    555.395     3.8135   3.247719    34.8073    27.6522 0.0000e+00
       3940    554.277     3.8139   3.247707    34.8073    27.6522 0.0000e+00
       3941    553.171     3.8141   3.247688    34.8075    27.6523 0.0000e+00
       3942    552.008     3.8144   3.247638    34.8072    27.6520 0.0000e+00
       3943    550.766     3.8147   3.247509    34.8060    27.6510 0.0000e+00
       3944    549.506     3.8148   3.247347    34.8046    27.6499 0.0000e+00
       3945    548.308     3.8147   3.247307    34.8049    27.6501 0.0000e+00
       3946    547.176     3.8147   3.247376    34.8063    27.6513 0.0000e+00
       3947    546.060     3.8148   3.247407    34.8072    27.6519 0.0000e+00
       3948    544.939     3.8148   3.247365    34.8073    27.6520 0.0000e+00
       3949    543.822     3.8148   3.247310    34.8072    27.6520 0.0000e+00
       3950    542.701     3.8148   3.247273    34.8074    27.6521 0.0000e+00
       3951    541.542     3.8149   3.247234    34.8074    27.6521 0.0000e+00
       3952    540.321     3.8151   3.247153    34.8069    27.6517 0.0000e+00
       3953    539.054     3.8152   3.247070    34.8064    27.6513 0.0000e+00
       3954    537.780     3.8158   3.247097    34.8068    27.6516 0.0000e+00
       3955    536.533     3.8175   3.247273    34.8078    27.6521 0.0000e+00
       3956    535.319     3.8200   3.247493    34.8084    27.6524 0.0000e+00
       3957    534.115     3.8228   3.247700    34.8085    27.6522 0.0000e+00
       3958    532.889     3.8263   3.247928    34.8082    27.6515 0.0000e+00
       3959    531.636     3.8301   3.248131    34.8072    27.6504 0.0000e+00
       3960    530.369     3.8342   3.248360    34.8063    27.6492 0.0000e+00
       3961    529.104     3.8403   3.248979    34.8078    27.6499 0.0000e+00
       3962    527.844     3.8488   3.249987    34.8115    27.6519 0.0000e+00
       3963    526.582     3.8573   3.250848    34.8134    27.6525 0.0000e+00
       3964    525.306     3.8637   3.251314    34.8128    27.6514 0.0000e+00
       3965    523.996     3.8677   3.251474    34.8112    27.6497 0.0000e+00
       3966    522.651     3.8697   3.251454    34.8095    27.6482 0.0000e+00
       3967    521.318     3.8707   3.251401    34.8085    27.6473 0.0000e+00
       3968    520.062     3.8711   3.251352    34.8082    27.6470 0.0000e+00
       3969    518.877     3.8713   3.251333    34.8084    27.6471 0.0000e+00
       3970    517.672     3.8717   3.251348    34.8088    27.6474 0.0000e+00
       3971    516.389     3.8723   3.251260    34.8078    27.6465 0.0000e+00
       3972    515.076     3.8727   3.251144    34.8067    27.6456 0.0000e+00
       3973    513.800     3.8728   3.251145    34.8072    27.6461 0.0000e+00
       3974    512.548     3.8725   3.251132    34.8081    27.6467 0.0000e+00
       3975    511.259     3.8720   3.250982    34.8075    27.6463 0.0000e+00
       3976    509.914     3.8712   3.250735    34.8061    27.6453 0.0000e+00
       3977    508.572     3.8703   3.250511    34.8051    27.6446 0.0000e+00
       3978    507.289     3.8691   3.250362    34.8053    27.6449 0.0000e+00
       3979    506.020     3.8681   3.250231    34.8055    27.6451 0.0000e+00
       3980    504.672     3.8670   3.250021    34.8049    27.6448 0.0000e+00
       3981    503.265     3.8658   3.249755    34.8037    27.6440 0.0000e+00
       3982    501.946     3.8647   3.249654    34.8044    27.6446 0.0000e+00
       3983    500.788     3.8647   3.249701    34.8056    27.6455 0.0000e+00
       3984    499.673     3.8659   3.249741    34.8054    27.6453 0.0000e+00
       3985    498.463     3.8676   3.249752    34.8043    27.6443 0.0000e+00
       3986    497.155     3.8689   3.249666    34.8026    27.6428 0.0000e+00
       3987    495.826     3.8697   3.249620    34.8019    27.6421 0.0000e+00
       3988    494.530     3.8703   3.249705    34.8030    27.6429 0.0000e+00
       3989    493.260     3.8709   3.249757    34.8036    27.6434 0.0000e+00
       3990    491.993     3.8715   3.249749    34.8036    27.6433 0.0000e+00
       3991    490.731     3.8720   3.249735    34.8036    27.6432 0.0000e+00
       3992    489.488     3.8724   3.249743    34.8039    27.6434 0.0000e+00
       3993    488.265     3.8731   3.249756    34.8040    27.6434 0.0000e+00
       3994    487.048     3.8737   3.249737    34.8037    27.6432 0.0000e+00
       3995    485.807     3.8741   3.249708    34.8036    27.6430 0.0000e+00
       3996    484.505     3.8744   3.249673    34.8036    27.6430 0.0000e+00
       3997    483.127     3.8749   3.249639    34.8034    27.6428 0.0000e+00
       3998    481.695     3.8755   3.249616    34.8032    27.6426 0.0000e+00
       3999    480.260     3.8761   3.249595    34.8031    27.6424 0.0000e+00
       4000    478.867     3.8766   3.249549    34.8028    27.6421 0.0000e+00
       4001    477.521     3.8773   3.249512    34.8023    27.6417 0.0000e+00
       4002    476.182     3.8779   3.249518    34.8025    27.6417 0.0000e+00
       4003    474.814     3.8783   3.249487    34.8024    27.6416 0.0000e+00
       4004    473.440     3.8786   3.249418    34.8020    27.6413 0.0000e+00
       4005    472.124     3.8788   3.249395    34.8022    27.6414 0.0000e+00
       4006    470.870     3.8791   3.249417    34.8028    27.6419 0.0000e+00
       4007    469.577     3.8796   3.249422    34.8030    27.6420 0.0000e+00
       4008    468.149     3.8802   3.249302    34.8017    27.6409 0.0000e+00
       4009    466.648     3.8800   3.249052    34.7998    27.6393 0.0000e+00
       4010    465.289     3.8793   3.248944    34.7999    27.6396 0.0000e+00
       4011    464.227     3.8793   3.249053    34.8018    27.6410 0.0000e+00
       4012    463.331     3.8799   3.249106    34.8023    27.6414 0.0000e+00
       4013    462.347     3.8807   3.249096    34.8018    27.6409 0.0000e+00
       4014    461.198     3.8818   3.249066    34.8009    27.6401 0.0000e+00
       4015    459.990     3.8823   3.248921    34.7993    27.6388 0.0000e+00
       4016    458.834     3.8828   3.248908    34.7992    27.6386 0.0000e+00
       4017    457.717     3.8852   3.249266    34.8015    27.6402 0.0000e+00
       4018    456.541     3.8892   3.249720    34.8033    27.6412 0.0000e+00
       4019    455.278     3.8928   3.249938    34.8028    27.6404 0.0000e+00
       4020    454.023     3.8943   3.249825    34.8005    27.6385 0.0000e+00
       4021    452.887     3.8935   3.249570    34.7989    27.6373 0.0000e+00
       4022    451.844     3.8925   3.249550    34.8003    27.6385 0.0000e+00
       4023    450.757     3.8938   3.249796    34.8024    27.6401 0.0000e+00
       4024    449.542     3.8967   3.250063    34.8032    27.6403 0.0000e+00
       4025    448.236     3.8990   3.250181    34.8028    27.6398 0.0000e+00
       4026    446.932     3.9002   3.250196    34.8024    27.6394 0.0000e+00
       4027    445.672     3.9008   3.250199    34.8025    27.6394 0.0000e+00
       4028    444.426     3.9013   3.250193    34.8026    27.6394 0.0000e+00
       4029    443.161     3.9021   3.250189    34.8023    27.6391 0.0000e+00
       4030    441.889     3.9028   3.250199    34.8024    27.6391 0.0000e+00
       4031    440.622     3.9033   3.250194    34.8025    27.6391 0.0000e+00
       4032    439.342     3.9036   3.250165    34.8025    27.6391 0.0000e+00
       4033    438.024     3.9040   3.250131    34.8024    27.6390 0.0000e+00
       4034    436.673     3.9043   3.250061    34.8019    27.6386 0.0000e+00
       4035    435.346     3.9044   3.249979    34.8016    27.6383 0.0000e+00
       4036    434.088     3.9044   3.249940    34.8018    27.6384 0.0000e+00
       4037    432.876     3.9042   3.249904    34.8022    27.6388 0.0000e+00
       4038    431.661     3.9040   3.249834    34.8022    27.6388 0.0000e+00
       4039    430.412     3.9040   3.249768    34.8021    27.6388 0.0000e+00
       4040    429.117     3.9040   3.249726    34.8023    27.6389 0.0000e+00
       4041    427.757     3.9040   3.249649    34.8021    27.6388 0.0000e+00
       4042    426.327     3.9036   3.249496    34.8015    27.6383 0.0000e+00
       4043    424.875     3.9030   3.249344    34.8011    27.6380 0.0000e+00
       4044    423.465     3.9024   3.249232    34.8011    27.6381 0.0000e+00
       4045    422.098     3.9020   3.249138    34.8012    27.6382 0.0000e+00
       4046    420.735     3.9021   3.249072    34.8010    27.6381 0.0000e+00
       4047    419.389     3.9025   3.249038    34.8009    27.6379 0.0000e+00
       4048    418.104     3.9028   3.249031    34.8012    27.6381 0.0000e+00
       4049    416.842     3.9032   3.249018    34.8013    27.6382 0.0000e+00
       4050    415.495     3.9034   3.248916    34.8006    27.6376 0.0000e+00
       4051    414.026     3.9033   3.248726    34.7992    27.6365 0.0000e+00
       4052    412.540     3.9032   3.248616    34.7988    27.6362 0.0000e+00
       4053    411.155     3.9033   3.248644    34.7998    27.6370 0.0000e+00
       4054    409.875     3.9036   3.248688    34.8006    27.6376 0.0000e+00
       4055    408.634     3.9040   3.248700    34.8010    27.6379 0.0000e+00
       4056    407.372     3.9045   3.248671    34.8008    27.6377 0.0000e+00
       4057    406.074     3.9047   3.248597    34.8004    27.6373 0.0000e+00
       4058    404.737     3.9048   3.248533    34.8003    27.6372 0.0000e+00
       4059    403.343     3.9050   3.248490    34.8003    27.6372 0.0000e+00
       4060    401.896     3.9052   3.248448    34.8004    27.6372 0.0000e+00
       4061    400.454     3.9054   3.248399    34.8003    27.6372 0.0000e+00
       4062    399.072     3.9055   3.248335    34.8002    27.6371 0.0000e+00
       4063    397.748     3.9055   3.248278    34.8002    27.6371 0.0000e+00
       4064    396.432     3.9055   3.248229    34.8004    27.6372 0.0000e+00
       4065    395.085     3.9055   3.248153    34.8002    27.6371 0.0000e+00
       4066    393.721     3.9053   3.248046    34.7998    27.6368 0.0000e+00
       4067    392.365     3.9047   3.247906    34.7995    27.6366 0.0000e+00
       4068    391.003     3.9040   3.247738    34.7990    27.6363 0.0000e+00
       4069    389.584     3.9032   3.247566    34.7986    27.6360 0.0000e+00
       4070    388.098     3.9024   3.247388    34.7981    27.6357 0.0000e+00
       4071    386.627     3.9017   3.247208    34.7975    27.6353 0.0000e+00
       4072    385.284     3.9009   3.247076    34.7975    27.6354 0.0000e+00
       4073    384.068     3.9009   3.247044    34.7977    27.6356 0.0000e+00
       4074    382.845     3.9024   3.247167    34.7983    27.6359 0.0000e+00
       4075    381.499     3.9044   3.247228    34.7976    27.6351 0.0000e+00
       4076    380.067     3.9048   3.247011    34.7954    27.6333 0.0000e+00
       4077    378.684     3.9036   3.246773    34.7945    27.6328 0.0000e+00
       4078    377.409     3.9030   3.246739    34.7955    27.6336 0.0000e+00
       4079    376.184     3.9048   3.246969    34.7969    27.6346 0.0000e+00
       4080    374.935     3.9086   3.247361    34.7982    27.6352 0.0000e+00
       4081    373.614     3.9120   3.247561    34.7977    27.6344 0.0000e+00
       4082    372.211     3.9138   3.247418    34.7949    27.6320 0.0000e+00
       4083    370.782     3.9143   3.247175    34.7922    27.6298 0.0000e+00
       4084    369.430     3.9143   3.247033    34.7912    27.6290 0.0000e+00
       4085    368.181     3.9146   3.247057    34.7919    27.6295 0.0000e+00
       4086    366.935     3.9156   3.247263    34.7939    27.6310 0.0000e+00
       4087    365.600     3.9169   3.247282    34.7935    27.6306 0.0000e+00
       4088    364.189     3.9176   3.247058    34.7908    27.6284 0.0000e+00
       4089    362.755     3.9178   3.246986    34.7905    27.6281 0.0000e+00
       4090    361.325     3.9181   3.247077    34.7921    27.6293 0.0000e+00
       4091    359.923     3.9187   3.247186    34.7935    27.6304 0.0000e+00
       4092    358.578     3.9192   3.247264    34.7946    27.6312 0.0000e+00
       4093    357.281     3.9199   3.247283    34.7948    27.6313 0.0000e+00
       4094    355.993     3.9205   3.247271    34.7947    27.6311 0.0000e+00
       4095    354.691     3.9212   3.247259    34.7945    27.6309 0.0000e+00
       4096    353.370     3.9220   3.247234    34.7941    27.6305 0.0000e+00
       4097    352.028     3.9226   3.247157    34.7932    27.6298 0.0000e+00
       4098    350.684     3.9230   3.247085    34.7927    27.6293 0.0000e+00
       4099    349.353     3.9237   3.247104    34.7929    27.6294 0.0000e+00
       4100    348.000     3.9245   3.247125    34.7930    27.6294 0.0000e+00
       4101    346.584     3.9249   3.246982    34.7916    27.6282 0.0000e+00
       4102    345.138     3.9249   3.246781    34.7900    27.6270 0.0000e+00
