Datasets/Multi_Species/NEE535/ned535_2020_012.cnv
* Sea-Bird SBE19plus Data File:
* Filename = C:/AQUIRE/ned535_2020_012.hex
* Software Version AquireV2 AF V2.0
* Temperature SN =  4579
* Conductivity SN =  4579
* System UpLoad Time = Dec 07 2020 13:24:27
** VESSEL/TRIP/SEQ STN: ned535_2020_012
** LATITUDE: 50 25.72 N
** LONGITUDE: 50 28.80 W
** DATE/TIME: 2020-12-07 11:58
** SOUNDING DEPTH (M):  846
** PROBE TYPE: S4579
** CTD NUMBER:  12
** COMMENTS: 
# nquan = 7                                 
# nvalues = 4884                        
# units = specified
# name 0 = scan: Scan Count
# name 1 = prdM: Pressure, Strain Gauge [db]
# name 2 = tv290C: Temperature [ITS-90, deg C]
# name 3 = c0S/m: Conductivity [S/m]
# name 4 = sal00: Salinity, Practical [PSU]
# name 5 = sigma-t00: Density [sigma-t, kg/m^3 ]
# name 6 = flag: flag
# span 0 =          1,       4884       
# span 1 =     -0.394,    876.750       
# span 2 =     1.7558,     3.9673       
# span 3 =   0.006191,   3.251482       
# span 4 =     0.0472,    34.8620       
# span 5 =     0.0123,    27.7235       
# span 6 = 0.0000e+00, 0.0000e+00       
# interval = seconds: 1
# start_time = Dec 07 2020 11:58:15 [Instrument's time stamp, header]
# bad_flag = -9.990e-29
*END*
[from data line 821]
        822     44.468     2.5821   3.050064    33.9990    27.1225 0.0000e+00
        823     44.907     2.5801   3.049984    33.9999    27.1234 0.0000e+00
        824     45.332     2.5776   3.049796    34.0000    27.1237 0.0000e+00
        825     45.747     2.5759   3.049695    34.0003    27.1241 0.0000e+00
        826     46.156     2.5750   3.049643    34.0004    27.1242 0.0000e+00
        827     46.561     2.5747   3.049650    34.0006    27.1244 0.0000e+00
        828     46.962     2.5753   3.049831    34.0020    27.1254 0.0000e+00
        829     47.372     2.5766   3.050099    34.0036    27.1267 0.0000e+00
        830     47.799     2.5776   3.050276    34.0045    27.1273 0.0000e+00
        831     48.237     2.5783   3.050393    34.0050    27.1276 0.0000e+00
        832     48.682     2.5794   3.050640    34.0066    27.1288 0.0000e+00
        833     49.140     2.5818   3.051062    34.0090    27.1305 0.0000e+00
        834     49.617     2.5853   3.051511    34.0105    27.1315 0.0000e+00
        835     50.108     2.5901   3.052128    34.0128    27.1328 0.0000e+00
        836     50.602     2.5941   3.052774    34.0162    27.1352 0.0000e+00
        837     51.089     2.5936   3.052846    34.0174    27.1362 0.0000e+00
        838     51.557     2.5888   3.052422    34.0170    27.1363 0.0000e+00
        839     52.008     2.5831   3.051994    34.0175    27.1372 0.0000e+00
        840     52.448     2.5783   3.051732    34.0191    27.1389 0.0000e+00
        841     52.881     2.5744   3.051633    34.0218    27.1414 0.0000e+00
        842     53.308     2.5702   3.051598    34.0256    27.1448 0.0000e+00
        843     53.733     2.5648   3.051435    34.0291    27.1481 0.0000e+00
        844     54.156     2.5591   3.051200    34.0321    27.1509 0.0000e+00
        845     54.578     2.5545   3.051119    34.0357    27.1542 0.0000e+00
        846     55.002     2.5517   3.051224    34.0398    27.1577 0.0000e+00
        847     55.436     2.5503   3.051373    34.0429    27.1603 0.0000e+00
        848     55.885     2.5499   3.051474    34.0443    27.1614 0.0000e+00
        849     56.345     2.5523   3.051771    34.0451    27.1619 0.0000e+00
        850     56.809     2.5612   3.052991    34.0504    27.1654 0.0000e+00
        851     57.274     2.5786   3.055335    34.0606    27.1720 0.0000e+00
        852     57.740     2.6041   3.058671    34.0743    27.1808 0.0000e+00
        853     58.199     2.6319   3.062350    34.0897    27.1908 0.0000e+00
        854     58.642     2.6504   3.064480    34.0960    27.1942 0.0000e+00
        855     59.073     2.6544   3.064824    34.0957    27.1936 0.0000e+00
        856     59.495     2.6505   3.064705    34.0982    27.1959 0.0000e+00
        857     59.911     2.6452   3.064532    34.1014    27.1990 0.0000e+00
        858     60.324     2.6418   3.064433    34.1036    27.2010 0.0000e+00
        859     60.737     2.6430   3.064848    34.1072    27.2038 0.0000e+00
        860     61.158     2.6509   3.066037    34.1132    27.2079 0.0000e+00
        861     61.593     2.6625   3.067558    34.1193    27.2118 0.0000e+00
        862     62.039     2.6731   3.068869    34.1239    27.2146 0.0000e+00
        863     62.493     2.6801   3.069834    34.1281    27.2173 0.0000e+00
        864     62.953     2.6833   3.070345    34.1307    27.2191 0.0000e+00
        865     63.419     2.6839   3.070479    34.1314    27.2196 0.0000e+00
        866     63.889     2.6829   3.070445    34.1318    27.2200 0.0000e+00
        867     64.355     2.6795   3.070217    34.1324    27.2208 0.0000e+00
        868     64.812     2.6688   3.069424    34.1338    27.2228 0.0000e+00
        869     65.264     2.6346   3.066429    34.1331    27.2252 0.0000e+00
        870     65.713     2.5592   3.059144    34.1235    27.2240 0.0000e+00
        871     66.157     2.4581   3.049322    34.1099    27.2216 0.0000e+00
        872     66.590     2.3813   3.042296    34.1048    27.2239 0.0000e+00
        873     67.015     2.3774   3.043247    34.1205    27.2368 0.0000e+00
        874     67.448     2.4513   3.052774    34.1592    27.2616 0.0000e+00
        875     67.896     2.5511   3.063883    34.1895    27.2774 0.0000e+00
        876     68.346     2.6252   3.070541    34.1921    27.2732 0.0000e+00
        877     68.795     2.6667   3.073542    34.1845    27.2635 0.0000e+00
        878     69.253     2.6883   3.075167    34.1811    27.2590 0.0000e+00
        879     69.725     2.6997   3.076241    34.1819    27.2586 0.0000e+00
        880     70.205     2.7090   3.077118    34.1825    27.2583 0.0000e+00
        881     70.679     2.7221   3.078521    34.1855    27.2596 0.0000e+00
        882     71.140     2.7394   3.080549    34.1917    27.2630 0.0000e+00
        883     71.594     2.7568   3.082350    34.1950    27.2641 0.0000e+00
        884     72.045     2.7724   3.083960    34.1979    27.2651 0.0000e+00
        885     72.489     2.7847   3.085607    34.2048    27.2695 0.0000e+00
        886     72.928     2.7913   3.086561    34.2092    27.2724 0.0000e+00
        887     73.373     2.7944   3.086920    34.2100    27.2728 0.0000e+00
        888     73.828     2.7996   3.087733    34.2142    27.2757 0.0000e+00
        889     74.298     2.8097   3.089226    34.2215    27.2806 0.0000e+00
        890     74.783     2.8217   3.090863    34.2285    27.2852 0.0000e+00
        891     75.271     2.8268   3.091733    34.2334    27.2887 0.0000e+00
        892     75.758     2.8164   3.090880    34.2338    27.2899 0.0000e+00
        893     76.243     2.7931   3.088667    34.2313    27.2899 0.0000e+00
        894     76.716     2.7659   3.086195    34.2297    27.2910 0.0000e+00
        895     77.171     2.7407   3.084006    34.2294    27.2930 0.0000e+00
        896     77.618     2.7199   3.082331    34.2308    27.2959 0.0000e+00
        897     78.072     2.7049   3.081247    34.2333    27.2992 0.0000e+00
        898     78.540     2.6947   3.080536    34.2352    27.3016 0.0000e+00
        899     79.019     2.6886   3.080038    34.2353    27.3022 0.0000e+00
        900     79.505     2.6895   3.080257    34.2367    27.3033 0.0000e+00
        901     79.997     2.7026   3.081781    34.2412    27.3058 0.0000e+00
        902     80.490     2.7318   3.084956    34.2488    27.3092 0.0000e+00
        903     80.974     2.7766   3.090020    34.2628    27.3166 0.0000e+00
        904     81.448     2.8277   3.095632    34.2768    27.3232 0.0000e+00
        905     81.917     2.8762   3.100101    34.2796    27.3211 0.0000e+00
        906     82.380     2.9204   3.103760    34.2769    27.3151 0.0000e+00
        907     82.838     2.9602   3.107502    34.2800    27.3139 0.0000e+00
        908     83.303     2.9947   3.111185    34.2880    27.3171 0.0000e+00
        909     83.777     3.0259   3.114386    34.2935    27.3188 0.0000e+00
        910     84.253     3.0540   3.117110    34.2966    27.3186 0.0000e+00
        911     84.721     3.0766   3.119245    34.2983    27.3179 0.0000e+00
        912     85.178     3.0959   3.121103    34.3001    27.3176 0.0000e+00
        913     85.632     3.1156   3.123094    34.3031    27.3182 0.0000e+00
        914     86.092     3.1362   3.124932    34.3033    27.3164 0.0000e+00
        915     86.556     3.1572   3.126929    34.3050    27.3159 0.0000e+00
        916     87.019     3.1776   3.129382    34.3129    27.3202 0.0000e+00
        917     87.493     3.1937   3.131243    34.3181    27.3229 0.0000e+00
        918     87.990     3.2025   3.131855    34.3159    27.3203 0.0000e+00
        919     88.498     3.2036   3.131825    34.3141    27.3188 0.0000e+00
        920     89.002     3.1978   3.131418    34.3150    27.3201 0.0000e+00
        921     89.498     3.1872   3.130456    34.3144    27.3205 0.0000e+00
        922     89.988     3.1768   3.129421    34.3126    27.3201 0.0000e+00
        923     90.471     3.1711   3.128969    34.3129    27.3208 0.0000e+00
        924     90.949     3.1717   3.129155    34.3142    27.3219 0.0000e+00
        925     91.424     3.1767   3.129721    34.3155    27.3224 0.0000e+00
        926     91.892     3.1833   3.130527    34.3180    27.3238 0.0000e+00
        927     92.353     3.1898   3.131478    34.3224    27.3267 0.0000e+00
        928     92.817     3.1966   3.132320    34.3252    27.3283 0.0000e+00
        929     93.289     3.2047   3.133072    34.3254    27.3277 0.0000e+00
        930     93.767     3.2131   3.133933    34.3267    27.3279 0.0000e+00
        931     94.252     3.2202   3.134828    34.3297    27.3297 0.0000e+00
        932     94.745     3.2256   3.135450    34.3313    27.3304 0.0000e+00
        933     95.244     3.2309   3.135922    34.3311    27.3298 0.0000e+00
        934     95.745     3.2396   3.136815    34.3324    27.3300 0.0000e+00
        935     96.243     3.2529   3.138264    34.3356    27.3313 0.0000e+00
        936     96.742     3.2694   3.140022    34.3391    27.3325 0.0000e+00
        937     97.239     3.2879   3.141941    34.3424    27.3335 0.0000e+00
        938     97.728     3.3079   3.143862    34.3442    27.3330 0.0000e+00
        939     98.209     3.3277   3.145716    34.3453    27.3320 0.0000e+00
        940     98.686     3.3452   3.147512    34.3482    27.3327 0.0000e+00
        941     99.165     3.3598   3.149065    34.3513    27.3337 0.0000e+00
        942     99.648     3.3747   3.150671    34.3546    27.3349 0.0000e+00
        943    100.126     3.3918   3.152517    34.3585    27.3364 0.0000e+00
        944    100.592     3.4074   3.154045    34.3602    27.3362 0.0000e+00
        945    101.051     3.4177   3.155116    34.3619    27.3366 0.0000e+00
        946    101.514     3.4242   3.155976    34.3652    27.3386 0.0000e+00
        947    101.987     3.4294   3.156697    34.3681    27.3404 0.0000e+00
        948    102.470     3.4347   3.157336    34.3699    27.3414 0.0000e+00
        949    102.960     3.4406   3.157961    34.3710    27.3416 0.0000e+00
        950    103.457     3.4467   3.158549    34.3713    27.3413 0.0000e+00
        951    103.963     3.4525   3.159210    34.3729    27.3420 0.0000e+00
        952    104.474     3.4581   3.160011    34.3763    27.3442 0.0000e+00
        953    104.987     3.4629   3.160562    34.3776    27.3448 0.0000e+00
        954    105.493     3.4655   3.160515    34.3740    27.3416 0.0000e+00
        955    105.983     3.4662   3.160297    34.3704    27.3387 0.0000e+00
        956    106.453     3.4672   3.160518    34.3717    27.3396 0.0000e+00
        957    106.912     3.4690   3.160920    34.3744    27.3416 0.0000e+00
        958    107.368     3.4712   3.161186    34.3750    27.3419 0.0000e+00
        959    107.824     3.4744   3.161762    34.3783    27.3442 0.0000e+00
        960    108.282     3.4793   3.162818    34.3856    27.3495 0.0000e+00
        961    108.749     3.4846   3.163728    34.3907    27.3531 0.0000e+00
        962    109.228     3.4884   3.164121    34.3911    27.3531 0.0000e+00
        963    109.717     3.4906   3.164330    34.3911    27.3528 0.0000e+00
        964    110.210     3.4921   3.164501    34.3913    27.3528 0.0000e+00
        965    110.701     3.4932   3.164536    34.3902    27.3519 0.0000e+00
        966    111.185     3.4938   3.164462    34.3885    27.3504 0.0000e+00
        967    111.656     3.4949   3.164519    34.3877    27.3497 0.0000e+00
        968    112.115     3.4975   3.165142    34.3922    27.3531 0.0000e+00
        969    112.573     3.5012   3.166110    34.3997    27.3587 0.0000e+00
        970    113.040     3.5046   3.166834    34.4046    27.3622 0.0000e+00
        971    113.517     3.5076   3.167215    34.4057    27.3628 0.0000e+00
        972    113.995     3.5110   3.167515    34.4055    27.3623 0.0000e+00
        973    114.468     3.5167   3.168174    34.4071    27.3630 0.0000e+00
        974    114.937     3.5252   3.169220    34.4104    27.3649 0.0000e+00
        975    115.406     3.5346   3.170105    34.4109    27.3643 0.0000e+00
        976    115.870     3.5431   3.170624    34.4079    27.3611 0.0000e+00
        977    116.331     3.5526   3.171475    34.4078    27.3601 0.0000e+00
        978    116.789     3.5665   3.173174    34.4132    27.3631 0.0000e+00
        979    117.247     3.5842   3.175295    34.4198    27.3665 0.0000e+00
        980    117.706     3.5987   3.177007    34.4247    27.3691 0.0000e+00
        981    118.168     3.6065   3.177875    34.4266    27.3698 0.0000e+00
        982    118.634     3.6102   3.178316    34.4278    27.3703 0.0000e+00
        983    119.102     3.6136   3.178766    34.4293    27.3712 0.0000e+00
        984    119.574     3.6170   3.179252    34.4313    27.3725 0.0000e+00
        985    120.055     3.6191   3.179545    34.4323    27.3731 0.0000e+00
        986    120.538     3.6200   3.179686    34.4328    27.3734 0.0000e+00
        987    121.020     3.6216   3.180078    34.4356    27.3754 0.0000e+00
        988    121.501     3.6248   3.180755    34.4400    27.3787 0.0000e+00
        989    121.986     3.6291   3.181452    34.4436    27.3811 0.0000e+00
        990    122.476     3.6330   3.181833    34.4438    27.3808 0.0000e+00
        991    122.966     3.6357   3.181877    34.4412    27.3785 0.0000e+00
        992    123.447     3.6372   3.181874    34.4393    27.3769 0.0000e+00
        993    123.915     3.6386   3.182062    34.4398    27.3771 0.0000e+00
        994    124.375     3.6408   3.182543    34.4430    27.3795 0.0000e+00
        995    124.831     3.6451   3.183282    34.4471    27.3823 0.0000e+00
        996    125.287     3.6517   3.184148    34.4502    27.3841 0.0000e+00
        997    125.754     3.6607   3.185127    34.4522    27.3848 0.0000e+00
        998    126.236     3.6715   3.186377    34.4555    27.3864 0.0000e+00
        999    126.727     3.6816   3.187513    34.4582    27.3875 0.0000e+00
       1000    127.222     3.6890   3.188195    34.4582    27.3868 0.0000e+00
       1001    127.721     3.6943   3.188800    34.4596    27.3874 0.0000e+00
       1002    128.223     3.6985   3.189396    34.4620    27.3889 0.0000e+00
       1003    128.720     3.7019   3.189781    34.4628    27.3891 0.0000e+00
       1004    129.206     3.7045   3.190155    34.4642    27.3900 0.0000e+00
       1005    129.686     3.7066   3.190616    34.4673    27.3922 0.0000e+00
       1006    130.169     3.7085   3.190896    34.4684    27.3929 0.0000e+00
       1007    130.656     3.7100   3.190913    34.4667    27.3915 0.0000e+00
       1008    131.145     3.7114   3.190990    34.4659    27.3907 0.0000e+00
       1009    131.637     3.7126   3.191287    34.4679    27.3921 0.0000e+00
       1010    132.127     3.7138   3.191614    34.4703    27.3939 0.0000e+00
       1011    132.608     3.7153   3.191914    34.4720    27.3952 0.0000e+00
       1012    133.079     3.7169   3.192255    34.4742    27.3967 0.0000e+00
       1013    133.546     3.7184   3.192577    34.4762    27.3982 0.0000e+00
       1014    134.013     3.7198   3.192795    34.4771    27.3987 0.0000e+00
       1015    134.487     3.7207   3.192972    34.4780    27.3993 0.0000e+00
       1016    134.973     3.7212   3.193098    34.4787    27.3999 0.0000e+00
       1017    135.466     3.7218   3.193136    34.4782    27.3994 0.0000e+00
       1018    135.957     3.7226   3.193304    34.4791    27.4001 0.0000e+00
       1019    136.452     3.7233   3.193616    34.4819    27.4022 0.0000e+00
       1020    136.956     3.7240   3.193765    34.4826    27.4027 0.0000e+00
       1021    137.465     3.7246   3.193666    34.4805    27.4010 0.0000e+00
       1022    137.973     3.7252   3.193627    34.4792    27.3998 0.0000e+00
       1023    138.481     3.7257   3.193848    34.4810    27.4013 0.0000e+00
       1024    138.990     3.7264   3.194127    34.4833    27.4030 0.0000e+00
       1025    139.494     3.7274   3.194311    34.4842    27.4036 0.0000e+00
