Datasets/Multi_Species/NEE535/ned535_2020_010.cnv
* Sea-Bird SBE19plus Data File:
* Filename = C:/AQUIRE/ned535_2020_010.hex
* Software Version AquireV2 AF V2.0
* Temperature SN =  4579
* Conductivity SN =  4579
* System UpLoad Time = Dec 06 2020 18:01:48
** VESSEL/TRIP/SEQ STN: ned535_2020_010
** LATITUDE: 51 12.31 N
** LONGITUDE: 50 14.77 W
** DATE/TIME: 2020-12-06 16:53
** SOUNDING DEPTH (M):  572
** PROBE TYPE: S4579
** CTD NUMBER:  10
** COMMENTS: 
# nquan = 7                                 
# nvalues = 3998                        
# units = specified
# name 0 = scan: Scan Count
# name 1 = prdM: Pressure, Strain Gauge [db]
# name 2 = tv290C: Temperature [ITS-90, deg C]
# name 3 = c0S/m: Conductivity [S/m]
# name 4 = sal00: Salinity, Practical [PSU]
# name 5 = sigma-t00: Density [sigma-t, kg/m^3 ]
# name 6 = flag: flag
# span 0 =          1,       3998       
# span 1 =     -0.362,    588.418       
# span 2 =     1.2803,     4.0256       
# span 3 =   0.003341,   3.262773       
# span 4 =     0.0251,    34.8154       
# span 5 =    -0.0120,    27.6503       
# span 6 = 0.0000e+00, 0.0000e+00       
# interval = seconds: 1
# start_time = Dec 06 2020 16:53:32 [Instrument's time stamp, header]
# bad_flag = -9.990e-29
*END*
[from data line 1847]
       1848    563.613     3.9705   3.262340    34.8104    27.6384 0.0000e+00
       1849    564.152     3.9707   3.262376    34.8103    27.6384 0.0000e+00
       1850    564.694     3.9715   3.262394    34.8094    27.6376 0.0000e+00
       1851    565.222     3.9729   3.262308    34.8066    27.6352 0.0000e+00
       1852    565.724     3.9733   3.262238    34.8051    27.6340 0.0000e+00
       1853    566.207     3.9722   3.262298    34.8067    27.6354 0.0000e+00
       1854    566.687     3.9703   3.262363    34.8093    27.6376 0.0000e+00
       1855    567.177     3.9687   3.262390    34.8110    27.6391 0.0000e+00
       1856    567.683     3.9675   3.262437    34.8126    27.6405 0.0000e+00
       1857    568.203     3.9670   3.262511    34.8137    27.6414 0.0000e+00
       1858    568.729     3.9669   3.262579    34.8143    27.6420 0.0000e+00
       1859    569.254     3.9667   3.262619    34.8148    27.6423 0.0000e+00
       1860    569.790     3.9664   3.262624    34.8148    27.6424 0.0000e+00
       1861    570.344     3.9659   3.262617    34.8150    27.6426 0.0000e+00
       1862    570.908     3.9657   3.262657    34.8154    27.6429 0.0000e+00
       1863    571.462     3.9668   3.262732    34.8148    27.6424 0.0000e+00
       1864    571.985     3.9688   3.262773    34.8129    27.6406 0.0000e+00
       1865    572.467     3.9694   3.262717    34.8114    27.6393 0.0000e+00
       1866    572.914     3.9668   3.262381    34.8099    27.6384 0.0000e+00
       1867    573.342     3.9623   3.261805    34.8076    27.6371 0.0000e+00
       1868    573.764     3.9585   3.261393    34.8065    27.6366 0.0000e+00
       1869    574.185     3.9565   3.261259    34.8068    27.6371 0.0000e+00
       1870    574.600     3.9555   3.261206    34.8070    27.6373 0.0000e+00
       1871    575.005     3.9551   3.261160    34.8067    27.6371 0.0000e+00
       1872    575.412     3.9550   3.261145    34.8064    27.6369 0.0000e+00
       1873    575.841     3.9550   3.261151    34.8063    27.6368 0.0000e+00
       1874    576.302     3.9550   3.261170    34.8062    27.6368 0.0000e+00
       1875    576.777     3.9550   3.261207    34.8064    27.6369 0.0000e+00
       1876    577.234     3.9550   3.261243    34.8066    27.6371 0.0000e+00
       1877    577.652     3.9547   3.261240    34.8067    27.6371 0.0000e+00
       1878    578.030     3.9543   3.261187    34.8063    27.6369 0.0000e+00
       1879    578.384     3.9533   3.261100    34.8061    27.6368 0.0000e+00
       1880    578.729     3.9519   3.261000    34.8062    27.6371 0.0000e+00
       1881    579.074     3.9505   3.260941    34.8068    27.6377 0.0000e+00
       1882    579.427     3.9495   3.260921    34.8075    27.6383 0.0000e+00
       1883    579.793     3.9490   3.260876    34.8073    27.6382 0.0000e+00
       1884    580.175     3.9489   3.260846    34.8068    27.6378 0.0000e+00
       1885    580.570     3.9489   3.260857    34.8067    27.6378 0.0000e+00
       1886    580.963     3.9488   3.260872    34.8068    27.6379 0.0000e+00
       1887    581.338     3.9485   3.260876    34.8070    27.6380 0.0000e+00
       1888    581.681     3.9479   3.260850    34.8071    27.6382 0.0000e+00
       1889    581.987     3.9464   3.260735    34.8072    27.6384 0.0000e+00
       1890    582.269     3.9437   3.260506    34.8072    27.6387 0.0000e+00
       1891    582.541     3.9404   3.260218    34.8071    27.6390 0.0000e+00
       1892    582.803     3.9371   3.259962    34.8074    27.6396 0.0000e+00
       1893    583.043     3.9346   3.259808    34.8081    27.6404 0.0000e+00
       1894    583.264     3.9331   3.259717    34.8085    27.6408 0.0000e+00
       1895    583.493     3.9322   3.259639    34.8084    27.6409 0.0000e+00
       1896    583.753     3.9314   3.259596    34.8086    27.6411 0.0000e+00
       1897    584.034     3.9309   3.259586    34.8089    27.6414 0.0000e+00
       1898    584.308     3.9307   3.259582    34.8089    27.6414 0.0000e+00
       1899    584.556     3.9303   3.259574    34.8091    27.6416 0.0000e+00
       1900    584.783     3.9301   3.259557    34.8090    27.6415 0.0000e+00
       1901    584.998     3.9298   3.259550    34.8091    27.6417 0.0000e+00
       1902    585.200     3.9295   3.259550    34.8093    27.6419 0.0000e+00
       1903    585.386     3.9291   3.259523    34.8093    27.6419 0.0000e+00
       1904    585.553     3.9287   3.259467    34.8090    27.6417 0.0000e+00
       1905    585.705     3.9281   3.259406    34.8088    27.6416 0.0000e+00
       1906    585.853     3.9275   3.259367    34.8089    27.6417 0.0000e+00
       1907    586.000     3.9269   3.259331    34.8091    27.6419 0.0000e+00
       1908    586.140     3.9263   3.259269    34.8089    27.6418 0.0000e+00
       1909    586.266     3.9254   3.259203    34.8090    27.6420 0.0000e+00
       1910    586.387     3.9247   3.259151    34.8090    27.6421 0.0000e+00
       1911    586.516     3.9241   3.259109    34.8091    27.6422 0.0000e+00
       1912    586.658     3.9237   3.259085    34.8092    27.6423 0.0000e+00
       1913    586.806     3.9234   3.259076    34.8093    27.6425 0.0000e+00
       1914    586.953     3.9234   3.259080    34.8093    27.6424 0.0000e+00
       1915    587.098     3.9233   3.259093    34.8095    27.6426 0.0000e+00
       1916    587.240     3.9230   3.259098    34.8098    27.6429 0.0000e+00
       1917    587.370     3.9227   3.259082    34.8098    27.6430 0.0000e+00
       1918    587.481     3.9225   3.259046    34.8095    27.6428 0.0000e+00
       1919    587.570     3.9222   3.259002    34.8093    27.6426 0.0000e+00
       1920    587.641     3.9218   3.258954    34.8091    27.6425 0.0000e+00
       1921    587.703     3.9211   3.258905    34.8092    27.6427 0.0000e+00
       1922    587.767     3.9205   3.258852    34.8092    27.6427 0.0000e+00
       1923    587.833     3.9199   3.258803    34.8092    27.6428 0.0000e+00
       1924    587.896     3.9194   3.258772    34.8094    27.6429 0.0000e+00
       1925    587.958     3.9188   3.258735    34.8095    27.6431 0.0000e+00
       1926    588.025     3.9177   3.258643    34.8096    27.6433 0.0000e+00
       1927    588.098     3.9164   3.258535    34.8096    27.6434 0.0000e+00
       1928    588.170     3.9152   3.258468    34.8100    27.6439 0.0000e+00
       1929    588.238     3.9141   3.258379    34.8101    27.6441 0.0000e+00
       1930    588.305     3.9128   3.258260    34.8100    27.6442 0.0000e+00
       1931    588.364     3.9118   3.258184    34.8102    27.6444 0.0000e+00
       1932    588.404     3.9110   3.258153    34.8106    27.6448 0.0000e+00
       1933    588.418     3.9101   3.258086    34.8108    27.6450 0.0000e+00
       1934    588.405     3.9089   3.257972    34.8107    27.6451 0.0000e+00
       1935    588.367     3.9084   3.257936    34.8108    27.6452 0.0000e+00
       1936    588.315     3.9088   3.257987    34.8110    27.6454 0.0000e+00
       1937    588.273     3.9094   3.258036    34.8110    27.6453 0.0000e+00
       1938    588.263     3.9095   3.258023    34.8108    27.6451 0.0000e+00
       1939    588.278     3.9089   3.257962    34.8107    27.6450 0.0000e+00
       1940    588.297     3.9076   3.257866    34.8109    27.6454 0.0000e+00
       1941    588.304     3.9062   3.257743    34.8109    27.6455 0.0000e+00
       1942    588.299     3.9053   3.257682    34.8111    27.6458 0.0000e+00
       1943    588.288     3.9053   3.257700    34.8113    27.6460 0.0000e+00
       1944    588.275     3.9055   3.257733    34.8115    27.6461 0.0000e+00
       1945    588.260     3.9057   3.257738    34.8114    27.6460 0.0000e+00
       1946    588.250     3.9056   3.257716    34.8112    27.6459 0.0000e+00
       1947    588.243     3.9055   3.257697    34.8111    27.6458 0.0000e+00
       1948    588.230     3.9055   3.257700    34.8112    27.6458 0.0000e+00
       1949    588.206     3.9054   3.257693    34.8112    27.6458 0.0000e+00
       1950    588.168     3.9049   3.257643    34.8112    27.6459 0.0000e+00
       1951    588.119     3.9045   3.257599    34.8111    27.6458 0.0000e+00
       1952    588.068     3.9047   3.257624    34.8112    27.6459 0.0000e+00
       1953    588.022     3.9055   3.257701    34.8113    27.6459 0.0000e+00
       1954    587.984     3.9062   3.257757    34.8112    27.6458 0.0000e+00
       1955    587.953     3.9063   3.257739    34.8109    27.6455 0.0000e+00
       1956    587.927     3.9054   3.257642    34.8107    27.6455 0.0000e+00
       1957    587.903     3.9043   3.257547    34.8108    27.6456 0.0000e+00
       1958    587.877     3.9038   3.257524    34.8111    27.6459 0.0000e+00
       1959    587.844     3.9040   3.257556    34.8112    27.6460 0.0000e+00
       1960    587.804     3.9042   3.257572    34.8112    27.6460 0.0000e+00
       1961    587.761     3.9040   3.257533    34.8110    27.6458 0.0000e+00
       1962    587.718     3.9037   3.257492    34.8109    27.6458 0.0000e+00
       1963    587.669     3.9036   3.257498    34.8111    27.6459 0.0000e+00
       1964    587.617     3.9036   3.257500    34.8111    27.6460 0.0000e+00
       1965    587.568     3.9032   3.257469    34.8112    27.6461 0.0000e+00
       1966    587.523     3.9029   3.257449    34.8113    27.6462 0.0000e+00
       1967    587.484     3.9030   3.257457    34.8113    27.6462 0.0000e+00
       1968    587.446     3.9032   3.257462    34.8112    27.6461 0.0000e+00
       1969    587.405     3.9034   3.257476    34.8112    27.6460 0.0000e+00
       1970    587.366     3.9039   3.257515    34.8111    27.6459 0.0000e+00
       1971    587.334     3.9042   3.257542    34.8111    27.6459 0.0000e+00
       1972    587.307     3.9042   3.257534    34.8111    27.6459 0.0000e+00
       1973    587.275     3.9039   3.257495    34.8109    27.6458 0.0000e+00
       1974    587.236     3.9036   3.257465    34.8109    27.6458 0.0000e+00
       1975    587.193     3.9033   3.257452    34.8111    27.6460 0.0000e+00
       1976    587.144     3.9032   3.257440    34.8111    27.6460 0.0000e+00
       1977    587.090     3.9030   3.257426    34.8112    27.6461 0.0000e+00
       1978    587.034     3.9031   3.257431    34.8111    27.6460 0.0000e+00
       1979    586.981     3.9036   3.257464    34.8110    27.6459 0.0000e+00
       1980    586.932     3.9041   3.257501    34.8110    27.6458 0.0000e+00
       1981    586.891     3.9042   3.257507    34.8110    27.6458 0.0000e+00
       1982    586.858     3.9038   3.257468    34.8109    27.6458 0.0000e+00
       1983    586.827     3.9035   3.257430    34.8108    27.6457 0.0000e+00
       1984    586.791     3.9034   3.257434    34.8110    27.6459 0.0000e+00
       1985    586.746     3.9036   3.257454    34.8110    27.6459 0.0000e+00
       1986    586.696     3.9036   3.257455    34.8111    27.6459 0.0000e+00
       1987    586.653     3.9036   3.257443    34.8110    27.6458 0.0000e+00
       1988    586.619     3.9036   3.257438    34.8109    27.6458 0.0000e+00
       1989    586.586     3.9036   3.257441    34.8110    27.6458 0.0000e+00
       1990    586.545     3.9036   3.257438    34.8110    27.6458 0.0000e+00
       1991    586.499     3.9036   3.257433    34.8109    27.6458 0.0000e+00
       1992    586.453     3.9036   3.257439    34.8110    27.6459 0.0000e+00
       1993    586.408     3.9039   3.257455    34.8109    27.6458 0.0000e+00
       1994    586.364     3.9042   3.257473    34.8108    27.6457 0.0000e+00
       1995    586.323     3.9042   3.257473    34.8109    27.6457 0.0000e+00
       1996    586.287     3.9038   3.257442    34.8109    27.6458 0.0000e+00
       1997    586.258     3.9032   3.257386    34.8109    27.6458 0.0000e+00
       1998    586.231     3.9027   3.257349    34.8110    27.6460 0.0000e+00
       1999    586.199     3.9025   3.257342    34.8112    27.6461 0.0000e+00
       2000    586.163     3.9025   3.257343    34.8112    27.6461 0.0000e+00
       2001    586.129     3.9025   3.257349    34.8113    27.6462 0.0000e+00
       2002    586.095     3.9025   3.257354    34.8114    27.6463 0.0000e+00
       2003    586.054     3.9025   3.257345    34.8113    27.6462 0.0000e+00
       2004    586.006     3.9025   3.257333    34.8112    27.6461 0.0000e+00
       2005    585.955     3.9024   3.257316    34.8111    27.6461 0.0000e+00
       2006    585.905     3.9020   3.257287    34.8112    27.6462 0.0000e+00
       2007    585.859     3.9016   3.257255    34.8113    27.6463 0.0000e+00
       2008    585.821     3.9013   3.257226    34.8113    27.6463 0.0000e+00
       2009    585.787     3.9011   3.257224    34.8115    27.6465 0.0000e+00
       2010    585.752     3.9013   3.257250    34.8116    27.6466 0.0000e+00
       2011    585.718     3.9013   3.257254    34.8116    27.6466 0.0000e+00
       2012    585.691     3.9009   3.257211    34.8116    27.6466 0.0000e+00
       2013    585.666     3.9007   3.257182    34.8114    27.6465 0.0000e+00
       2014    585.638     3.9009   3.257201    34.8115    27.6465 0.0000e+00
       2015    585.610     3.9009   3.257211    34.8116    27.6466 0.0000e+00
       2016    585.587     3.9007   3.257182    34.8115    27.6466 0.0000e+00
       2017    585.574     3.9004   3.257154    34.8115    27.6466 0.0000e+00
       2018    585.565     3.9004   3.257159    34.8115    27.6466 0.0000e+00
       2019    585.540     3.9005   3.257169    34.8116    27.6466 0.0000e+00
       2020    585.490     3.9006   3.257169    34.8115    27.6466 0.0000e+00
       2021    585.428     3.9007   3.257174    34.8115    27.6465 0.0000e+00
       2022    585.365     3.9010   3.257194    34.8114    27.6465 0.0000e+00
       2023    585.306     3.9014   3.257223    34.8114    27.6464 0.0000e+00
       2024    585.242     3.9019   3.257242    34.8111    27.6461 0.0000e+00
       2025    585.176     3.9021   3.257250    34.8110    27.6460 0.0000e+00
       2026    585.125     3.9021   3.257267    34.8113    27.6462 0.0000e+00
       2027    585.100     3.9021   3.257281    34.8114    27.6464 0.0000e+00
       2028    585.094     3.9018   3.257250    34.8114    27.6464 0.0000e+00
       2029    585.093     3.9014   3.257206    34.8113    27.6463 0.0000e+00
       2030    585.090     3.9015   3.257213    34.8113    27.6463 0.0000e+00
       2031    585.077     3.9020   3.257251    34.8112    27.6462 0.0000e+00
       2032    585.054     3.9024   3.257274    34.8111    27.6460 0.0000e+00
       2033    585.033     3.9026   3.257286    34.8110    27.6460 0.0000e+00
       2034    585.021     3.9028   3.257300    34.8110    27.6459 0.0000e+00
       2035    585.011     3.9028   3.257303    34.8110    27.6460 0.0000e+00
       2036    584.991     3.9028   3.257297    34.8109    27.6459 0.0000e+00
       2037    584.962     3.9032   3.257322    34.8108    27.6458 0.0000e+00
       2038    584.928     3.9036   3.257370    34.8110    27.6459 0.0000e+00
       2039    584.893     3.9036   3.257369    34.8110    27.6459 0.0000e+00
       2040    584.857     3.9031   3.257305    34.8108    27.6458 0.0000e+00
       2041    584.818     3.9025   3.257257    34.8109    27.6459 0.0000e+00
       2042    584.784     3.9024   3.257257    34.8110    27.6460 0.0000e+00
       2043    584.770     3.9025   3.257282    34.8112    27.6461 0.0000e+00
       2044    584.776     3.9028   3.257305    34.8112    27.6461 0.0000e+00
       2045    584.785     3.9032   3.257317    34.8109    27.6458 0.0000e+00
       2046    584.784     3.9034   3.257328    34.8108    27.6457 0.0000e+00
       2047    584.770     3.9037   3.257349    34.8107    27.6456 0.0000e+00
       2048    584.752     3.9042   3.257394    34.8107    27.6456 0.0000e+00
       2049    584.736     3.9046   3.257428    34.8107    27.6456 0.0000e+00
       2050    584.724     3.9047   3.257432    34.8107    27.6455 0.0000e+00
       2051    584.709     3.9046   3.257408    34.8105    27.6454 0.0000e+00
