Datasets/Multi_Species/NEE535/ned535_2020_014.cnv
* Sea-Bird SBE19plus Data File:
* Filename = C:/AQUIRE/ned535_2020_014.hex
* Software Version AquireV2 AF V2.0
* Temperature SN =  4579
* Conductivity SN =  4579
* System UpLoad Time = Dec 07 2020 18:36:28
** VESSEL/TRIP/SEQ STN: ned535_2020_014
** LATITUDE: 50 13.69 N
** LONGITUDE: 50 08.68 W
** DATE/TIME: 2020-12-07 17:15
** SOUNDING DEPTH (M):  949
** PROBE TYPE: S4579
** CTD NUMBER:  14
** COMMENTS: 
# nquan = 7                                 
# nvalues = 4800                        
# units = specified
# name 0 = scan: Scan Count
# name 1 = prdM: Pressure, Strain Gauge [db]
# name 2 = tv290C: Temperature [ITS-90, deg C]
# name 3 = c0S/m: Conductivity [S/m]
# name 4 = sal00: Salinity, Practical [PSU]
# name 5 = sigma-t00: Density [sigma-t, kg/m^3 ]
# name 6 = flag: flag
# span 0 =          1,       4800       
# span 1 =     -0.394,    945.893       
# span 2 =     1.4890,     3.9511       
# span 3 =   0.011529,   3.251341       
# span 4 =     0.0904,    34.8652       
# span 5 =     0.0451,    27.7302       
# span 6 = 0.0000e+00, 0.0000e+00       
# interval = seconds: 1
# start_time = Dec 07 2020 17:15:41 [Instrument's time stamp, header]
# bad_flag = -9.990e-29
*END*
[from data line 3488]
       3489    859.123     3.5525   3.241024    34.8450    27.7085 0.0000e+00
       3490    858.625     3.5526   3.240970    34.8445    27.7081 0.0000e+00
       3491    858.135     3.5523   3.240962    34.8450    27.7085 0.0000e+00
       3492    857.649     3.5523   3.240941    34.8450    27.7085 0.0000e+00
       3493    857.159     3.5527   3.240927    34.8447    27.7082 0.0000e+00
       3494    856.662     3.5534   3.240984    34.8449    27.7083 0.0000e+00
       3495    856.159     3.5539   3.240978    34.8445    27.7080 0.0000e+00
       3496    855.651     3.5538   3.240907    34.8441    27.7076 0.0000e+00
       3497    855.140     3.5534   3.240910    34.8448    27.7082 0.0000e+00
       3498    854.629     3.5536   3.240965    34.8455    27.7088 0.0000e+00
       3499    854.118     3.5539   3.240964    34.8454    27.7087 0.0000e+00
       3500    853.606     3.5538   3.240885    34.8449    27.7082 0.0000e+00
       3501    853.092     3.5534   3.240808    34.8446    27.7081 0.0000e+00
       3502    852.576     3.5532   3.240796    34.8450    27.7084 0.0000e+00
       3503    852.056     3.5533   3.240809    34.8453    27.7086 0.0000e+00
       3504    851.532     3.5535   3.240806    34.8453    27.7086 0.0000e+00
       3505    851.000     3.5534   3.240764    34.8452    27.7086 0.0000e+00
       3506    850.458     3.5532   3.240701    34.8449    27.7084 0.0000e+00
       3507    849.915     3.5533   3.240694    34.8450    27.7084 0.0000e+00
       3508    849.378     3.5537   3.240729    34.8453    27.7086 0.0000e+00
       3509    848.844     3.5540   3.240716    34.8451    27.7084 0.0000e+00
       3510    848.303     3.5541   3.240637    34.8443    27.7078 0.0000e+00
       3511    847.750     3.5542   3.240558    34.8436    27.7072 0.0000e+00
       3512    847.191     3.5545   3.240529    34.8432    27.7069 0.0000e+00
       3513    846.639     3.5544   3.240526    34.8436    27.7072 0.0000e+00
       3514    846.100     3.5542   3.240507    34.8438    27.7074 0.0000e+00
       3515    845.567     3.5542   3.240462    34.8436    27.7072 0.0000e+00
       3516    845.024     3.5547   3.240452    34.8432    27.7068 0.0000e+00
       3517    844.468     3.5553   3.240456    34.8429    27.7065 0.0000e+00
       3518    843.913     3.5555   3.240409    34.8424    27.7061 0.0000e+00
       3519    843.363     3.5551   3.240338    34.8423    27.7061 0.0000e+00
       3520    842.813     3.5547   3.240282    34.8423    27.7061 0.0000e+00
       3521    842.258     3.5549   3.240268    34.8422    27.7060 0.0000e+00
       3522    841.700     3.5553   3.240257    34.8420    27.7058 0.0000e+00
       3523    841.146     3.5556   3.240213    34.8414    27.7053 0.0000e+00
       3524    840.599     3.5553   3.240176    34.8416    27.7055 0.0000e+00
       3525    840.053     3.5549   3.240163    34.8421    27.7060 0.0000e+00
       3526    839.503     3.5549   3.240134    34.8421    27.7059 0.0000e+00
       3527    838.945     3.5550   3.240060    34.8414    27.7053 0.0000e+00
       3528    838.380     3.5549   3.240003    34.8411    27.7051 0.0000e+00
       3529    837.814     3.5549   3.240042    34.8418    27.7057 0.0000e+00
       3530    837.251     3.5557   3.240198    34.8432    27.7067 0.0000e+00
       3531    836.696     3.5581   3.240480    34.8443    27.7073 0.0000e+00
       3532    836.155     3.5617   3.240778    34.8443    27.7070 0.0000e+00
       3533    835.625     3.5648   3.240941    34.8432    27.7058 0.0000e+00
       3534    835.097     3.5663   3.240928    34.8417    27.7045 0.0000e+00
       3535    834.564     3.5667   3.240777    34.8398    27.7029 0.0000e+00
       3536    834.025     3.5669   3.240629    34.8381    27.7016 0.0000e+00
       3537    833.493     3.5670   3.240625    34.8382    27.7016 0.0000e+00
       3538    832.974     3.5668   3.240725    34.8399    27.7030 0.0000e+00
       3539    832.463     3.5664   3.240782    34.8413    27.7041 0.0000e+00
       3540    831.955     3.5660   3.240715    34.8412    27.7041 0.0000e+00
       3541    831.445     3.5657   3.240579    34.8401    27.7033 0.0000e+00
       3542    830.936     3.5656   3.240529    34.8399    27.7031 0.0000e+00
       3543    830.433     3.5659   3.240591    34.8406    27.7036 0.0000e+00
       3544    829.934     3.5661   3.240603    34.8408    27.7038 0.0000e+00
       3545    829.430     3.5660   3.240512    34.8400    27.7032 0.0000e+00
       3546    828.926     3.5656   3.240421    34.8396    27.7029 0.0000e+00
       3547    828.434     3.5656   3.240418    34.8399    27.7031 0.0000e+00
       3548    827.960     3.5660   3.240455    34.8401    27.7033 0.0000e+00
       3549    827.497     3.5663   3.240426    34.8397    27.7029 0.0000e+00
       3550    827.036     3.5666   3.240379    34.8391    27.7024 0.0000e+00
       3551    826.569     3.5665   3.240341    34.8390    27.7023 0.0000e+00
       3552    826.104     3.5660   3.240247    34.8386    27.7021 0.0000e+00
       3553    825.653     3.5654   3.240162    34.8385    27.7020 0.0000e+00
       3554    825.215     3.5650   3.240116    34.8386    27.7021 0.0000e+00
       3555    824.779     3.5642   3.239996    34.8382    27.7019 0.0000e+00
       3556    824.336     3.5629   3.239787    34.8373    27.7013 0.0000e+00
       3557    823.885     3.5617   3.239608    34.8367    27.7010 0.0000e+00
       3558    823.431     3.5611   3.239561    34.8370    27.7013 0.0000e+00
       3559    822.979     3.5610   3.239568    34.8374    27.7016 0.0000e+00
       3560    822.537     3.5609   3.239505    34.8370    27.7013 0.0000e+00
       3561    822.112     3.5605   3.239406    34.8365    27.7009 0.0000e+00
       3562    821.700     3.5600   3.239340    34.8365    27.7009 0.0000e+00
       3563    821.293     3.5598   3.239292    34.8363    27.7008 0.0000e+00
       3564    820.883     3.5596   3.239241    34.8361    27.7007 0.0000e+00
       3565    820.469     3.5595   3.239193    34.8359    27.7005 0.0000e+00
       3566    820.054     3.5594   3.239153    34.8357    27.7004 0.0000e+00
       3567    819.637     3.5593   3.239114    34.8356    27.7003 0.0000e+00
       3568    819.215     3.5591   3.239080    34.8356    27.7003 0.0000e+00
       3569    818.788     3.5589   3.239048    34.8357    27.7004 0.0000e+00
       3570    818.363     3.5587   3.239017    34.8357    27.7005 0.0000e+00
       3571    817.947     3.5587   3.238993    34.8356    27.7004 0.0000e+00
       3572    817.538     3.5586   3.238973    34.8357    27.7005 0.0000e+00
       3573    817.129     3.5587   3.238962    34.8357    27.7005 0.0000e+00
       3574    816.716     3.5589   3.238962    34.8357    27.7004 0.0000e+00
       3575    816.303     3.5591   3.238941    34.8355    27.7002 0.0000e+00
       3576    815.898     3.5590   3.238903    34.8353    27.7001 0.0000e+00
       3577    815.500     3.5588   3.238869    34.8353    27.7002 0.0000e+00
       3578    815.105     3.5588   3.238848    34.8353    27.7001 0.0000e+00
       3579    814.704     3.5590   3.238845    34.8353    27.7001 0.0000e+00
       3580    814.303     3.5593   3.238840    34.8351    27.6999 0.0000e+00
       3581    813.907     3.5594   3.238808    34.8348    27.6997 0.0000e+00
       3582    813.516     3.5592   3.238759    34.8346    27.6996 0.0000e+00
       3583    813.123     3.5591   3.238730    34.8346    27.6995 0.0000e+00
       3584    812.724     3.5592   3.238731    34.8347    27.6996 0.0000e+00
       3585    812.317     3.5594   3.238732    34.8347    27.6996 0.0000e+00
       3586    811.911     3.5595   3.238708    34.8345    27.6995 0.0000e+00
       3587    811.517     3.5594   3.238678    34.8345    27.6994 0.0000e+00
       3588    811.134     3.5592   3.238659    34.8347    27.6996 0.0000e+00
       3589    810.756     3.5593   3.238659    34.8348    27.6997 0.0000e+00
       3590    810.382     3.5599   3.238687    34.8347    27.6995 0.0000e+00
       3591    810.008     3.5605   3.238714    34.8345    27.6994 0.0000e+00
       3592    809.630     3.5609   3.238718    34.8344    27.6992 0.0000e+00
       3593    809.245     3.5610   3.238699    34.8342    27.6991 0.0000e+00
       3594    808.850     3.5610   3.238650    34.8339    27.6988 0.0000e+00
       3595    808.450     3.5607   3.238585    34.8336    27.6986 0.0000e+00
       3596    808.047     3.5604   3.238543    34.8336    27.6986 0.0000e+00
       3597    807.644     3.5606   3.238560    34.8338    27.6988 0.0000e+00
       3598    807.240     3.5612   3.238615    34.8341    27.6989 0.0000e+00
       3599    806.836     3.5617   3.238606    34.8336    27.6985 0.0000e+00
       3600    806.433     3.5620   3.238573    34.8331    27.6981 0.0000e+00
       3601    806.031     3.5627   3.238643    34.8334    27.6983 0.0000e+00
       3602    805.630     3.5639   3.238767    34.8339    27.6985 0.0000e+00
       3603    805.228     3.5649   3.238814    34.8336    27.6981 0.0000e+00
       3604    804.826     3.5655   3.238745    34.8323    27.6971 0.0000e+00
       3605    804.425     3.5655   3.238680    34.8317    27.6966 0.0000e+00
       3606    804.026     3.5656   3.238732    34.8325    27.6972 0.0000e+00
       3607    803.622     3.5660   3.238821    34.8333    27.6978 0.0000e+00
       3608    803.211     3.5665   3.238857    34.8334    27.6979 0.0000e+00
       3609    802.794     3.5666   3.238820    34.8331    27.6976 0.0000e+00
       3610    802.378     3.5663   3.238731    34.8326    27.6972 0.0000e+00
       3611    801.972     3.5660   3.238682    34.8325    27.6972 0.0000e+00
       3612    801.574     3.5659   3.238675    34.8328    27.6974 0.0000e+00
       3613    801.179     3.5661   3.238690    34.8329    27.6975 0.0000e+00
       3614    800.782     3.5669   3.238775    34.8333    27.6977 0.0000e+00
       3615    800.381     3.5679   3.238870    34.8336    27.6979 0.0000e+00
       3616    799.973     3.5686   3.238885    34.8332    27.6975 0.0000e+00
       3617    799.560     3.5688   3.238811    34.8324    27.6968 0.0000e+00
       3618    799.147     3.5685   3.238696    34.8315    27.6961 0.0000e+00
       3619    798.737     3.5679   3.238606    34.8313    27.6960 0.0000e+00
       3620    798.333     3.5673   3.238554    34.8315    27.6963 0.0000e+00
       3621    797.940     3.5669   3.238534    34.8319    27.6966 0.0000e+00
       3622    797.550     3.5671   3.238578    34.8324    27.6970 0.0000e+00
       3623    797.156     3.5680   3.238699    34.8331    27.6975 0.0000e+00
       3624    796.757     3.5691   3.238787    34.8332    27.6974 0.0000e+00
       3625    796.353     3.5697   3.238763    34.8325    27.6968 0.0000e+00
       3626    795.945     3.5696   3.238673    34.8317    27.6962 0.0000e+00
       3627    795.538     3.5690   3.238601    34.8317    27.6963 0.0000e+00
       3628    795.132     3.5686   3.238583    34.8322    27.6967 0.0000e+00
       3629    794.719     3.5687   3.238608    34.8326    27.6970 0.0000e+00
       3630    794.298     3.5692   3.238625    34.8325    27.6968 0.0000e+00
       3631    793.877     3.5694   3.238591    34.8321    27.6965 0.0000e+00
       3632    793.463     3.5694   3.238537    34.8316    27.6962 0.0000e+00
       3633    793.053     3.5697   3.238551    34.8317    27.6962 0.0000e+00
       3634    792.642     3.5717   3.238766    34.8324    27.6965 0.0000e+00
       3635    792.226     3.5750   3.239105    34.8331    27.6968 0.0000e+00
       3636    791.806     3.5776   3.239232    34.8321    27.6957 0.0000e+00
       3637    791.385     3.5786   3.239084    34.8295    27.6935 0.0000e+00
       3638    790.965     3.5786   3.238972    34.8284    27.6926 0.0000e+00
       3639    790.546     3.5789   3.239109    34.8299    27.6938 0.0000e+00
       3640    790.126     3.5797   3.239341    34.8320    27.6955 0.0000e+00
       3641    789.704     3.5804   3.239433    34.8326    27.6958 0.0000e+00
       3642    789.280     3.5808   3.239403    34.8321    27.6954 0.0000e+00
       3643    788.857     3.5807   3.239356    34.8318    27.6952 0.0000e+00
       3644    788.437     3.5805   3.239331    34.8320    27.6953 0.0000e+00
       3645    788.014     3.5803   3.239316    34.8322    27.6955 0.0000e+00
       3646    787.581     3.5802   3.239294    34.8323    27.6956 0.0000e+00
       3647    787.139     3.5804   3.239254    34.8318    27.6952 0.0000e+00
       3648    786.698     3.5802   3.239162    34.8312    27.6947 0.0000e+00
       3649    786.264     3.5796   3.239057    34.8308    27.6945 0.0000e+00
       3650    785.835     3.5789   3.239010    34.8312    27.6949 0.0000e+00
       3651    785.410     3.5790   3.239035    34.8316    27.6952 0.0000e+00
       3652    784.988     3.5797   3.239101    34.8319    27.6953 0.0000e+00
       3653    784.572     3.5801   3.239128    34.8320    27.6954 0.0000e+00
       3654    784.161     3.5803   3.239107    34.8317    27.6951 0.0000e+00
       3655    783.753     3.5804   3.239084    34.8316    27.6950 0.0000e+00
       3656    783.346     3.5804   3.239077    34.8317    27.6951 0.0000e+00
       3657    782.938     3.5804   3.239075    34.8319    27.6953 0.0000e+00
       3658    782.532     3.5805   3.239048    34.8317    27.6951 0.0000e+00
       3659    782.127     3.5805   3.238977    34.8310    27.6946 0.0000e+00
       3660    781.719     3.5805   3.238934    34.8307    27.6943 0.0000e+00
       3661    781.310     3.5805   3.238966    34.8313    27.6948 0.0000e+00
       3662    780.897     3.5807   3.238994    34.8317    27.6951 0.0000e+00
       3663    780.476     3.5808   3.238973    34.8315    27.6949 0.0000e+00
       3664    780.051     3.5808   3.238907    34.8310    27.6945 0.0000e+00
       3665    779.627     3.5804   3.238822    34.8306    27.6942 0.0000e+00
       3666    779.209     3.5799   3.238779    34.8308    27.6945 0.0000e+00
       3667    778.803     3.5797   3.238776    34.8312    27.6948 0.0000e+00
       3668    778.405     3.5801   3.238815    34.8315    27.6950 0.0000e+00
       3669    778.013     3.5808   3.238875    34.8316    27.6950 0.0000e+00
       3670    777.624     3.5812   3.238896    34.8317    27.6950 0.0000e+00
       3671    777.232     3.5814   3.238875    34.8314    27.6948 0.0000e+00
       3672    776.835     3.5812   3.238838    34.8314    27.6948 0.0000e+00
       3673    776.435     3.5811   3.238805    34.8313    27.6947 0.0000e+00
       3674    776.032     3.5810   3.238780    34.8313    27.6948 0.0000e+00
       3675    775.629     3.5810   3.238754    34.8312    27.6947 0.0000e+00
       3676    775.229     3.5811   3.238737    34.8311    27.6946 0.0000e+00
       3677    774.837     3.5812   3.238747    34.8314    27.6948 0.0000e+00
       3678    774.456     3.5814   3.238757    34.8315    27.6948 0.0000e+00
       3679    774.079     3.5816   3.238757    34.8314    27.6948 0.0000e+00
       3680    773.700     3.5819   3.238763    34.8314    27.6947 0.0000e+00
       3681    773.316     3.5821   3.238787    34.8317    27.6949 0.0000e+00
       3682    772.927     3.5823   3.238785    34.8316    27.6949 0.0000e+00
       3683    772.539     3.5821   3.238722    34.8313    27.6946 0.0000e+00
       3684    772.156     3.5818   3.238628    34.8307    27.6942 0.0000e+00
       3685    771.781     3.5814   3.238575    34.8307    27.6942 0.0000e+00
       3686    771.412     3.5813   3.238590    34.8312    27.6946 0.0000e+00
       3687    771.042     3.5816   3.238633    34.8316    27.6949 0.0000e+00
       3688    770.670     3.5820   3.238653    34.8316    27.6948 0.0000e+00
       3689    770.293     3.5822   3.238620    34.8312    27.6945 0.0000e+00
       3690    769.912     3.5821   3.238552    34.8306    27.6941 0.0000e+00
       3691    769.533     3.5819   3.238516    34.8306    27.6941 0.0000e+00
       3692    769.159     3.5817   3.238529    34.8312    27.6946 0.0000e+00
