Datasets/Multi_Species/NEE535/ned535_2020_005.cnv
* Sea-Bird SBE19plus Data File:
* Filename = C:/AQUIRE/ned535_2020_005.hex
* Software Version AquireV2 AF V2.0
* Temperature SN =  4579
* Conductivity SN =  4579
* System UpLoad Time = Dec 05 2020 15:27:15
** VESSEL/TRIP/SEQ STN: ned535_2020_005
** LATITUDE: 51 13.76 N
** LONGITUDE: 50 57.87 W
** DATE/TIME: 2020-12-05 14:37
** SOUNDING DEPTH (M):  270
** PROBE TYPE: S4579
** CTD NUMBER:   5
** COMMENTS: 
# nquan = 7                                 
# nvalues = 2687                        
# units = specified
# name 0 = scan: Scan Count
# name 1 = prdM: Pressure, Strain Gauge [db]
# name 2 = tv290C: Temperature [ITS-90, deg C]
# name 3 = c0S/m: Conductivity [S/m]
# name 4 = sal00: Salinity, Practical [PSU]
# name 5 = sigma-t00: Density [sigma-t, kg/m^3 ]
# name 6 = flag: flag
# span 0 =          1,       2687       
# span 1 =     -0.270,    271.974       
# span 2 =     1.1364,     3.0196       
# span 3 =   0.005005,   3.139597       
# span 4 =     0.0383,    34.5279       
# span 5 =    -0.0015,    27.5081       
# span 6 = 0.0000e+00, 0.0000e+00       
# interval = seconds: 1
# start_time = Dec 05 2020 14:37:32 [Instrument's time stamp, header]
# bad_flag = -9.990e-29
*END*
[from data line 616]
        617    113.567     1.7436   2.988401    34.0901    27.2621 0.0000e+00
        618    114.045     1.7548   2.989729    34.0945    27.2648 0.0000e+00
        619    114.537     1.7669   2.991195    34.0996    27.2680 0.0000e+00
        620    115.041     1.7792   2.992642    34.1042    27.2708 0.0000e+00
        621    115.543     1.7906   2.993920    34.1077    27.2728 0.0000e+00
        622    116.035     1.7999   2.994871    34.1094    27.2734 0.0000e+00
        623    116.518     1.8062   2.995446    34.1095    27.2730 0.0000e+00
        624    116.993     1.8094   2.995729    34.1094    27.2727 0.0000e+00
        625    117.461     1.8109   2.995936    34.1101    27.2731 0.0000e+00
        626    117.938     1.8155   2.996337    34.1099    27.2726 0.0000e+00
        627    118.430     1.8293   2.997982    34.1154    27.2760 0.0000e+00
        628    118.928     1.8522   3.001135    34.1300    27.2860 0.0000e+00
        629    119.421     1.8751   3.003958    34.1405    27.2927 0.0000e+00
        630    119.908     1.8912   3.005506    34.1423    27.2929 0.0000e+00
        631    120.389     1.9011   3.006343    34.1419    27.2918 0.0000e+00
        632    120.857     1.9079   3.006996    34.1424    27.2917 0.0000e+00
        633    121.316     1.9135   3.007650    34.1444    27.2928 0.0000e+00
        634    121.777     1.9190   3.008272    34.1460    27.2937 0.0000e+00
        635    122.245     1.9240   3.008807    34.1470    27.2941 0.0000e+00
        636    122.721     1.9278   3.009204    34.1476    27.2943 0.0000e+00
        637    123.207     1.9304   3.009517    34.1485    27.2948 0.0000e+00
        638    123.701     1.9318   3.009726    34.1493    27.2954 0.0000e+00
        639    124.195     1.9318   3.009760    34.1494    27.2955 0.0000e+00
        640    124.683     1.9305   3.009692    34.1497    27.2958 0.0000e+00
        641    125.162     1.9282   3.009550    34.1501    27.2963 0.0000e+00
        642    125.634     1.9262   3.009388    34.1500    27.2964 0.0000e+00
        643    126.097     1.9260   3.009384    34.1499    27.2963 0.0000e+00
        644    126.545     1.9272   3.009590    34.1509    27.2970 0.0000e+00
        645    126.981     1.9285   3.009790    34.1518    27.2976 0.0000e+00
        646    127.419     1.9295   3.009915    34.1520    27.2977 0.0000e+00
        647    127.868     1.9311   3.010128    34.1527    27.2982 0.0000e+00
        648    128.320     1.9329   3.010421    34.1542    27.2992 0.0000e+00
        649    128.773     1.9345   3.010601    34.1545    27.2993 0.0000e+00
        650    129.234     1.9354   3.010660    34.1540    27.2988 0.0000e+00
        651    129.696     1.9369   3.010820    34.1541    27.2988 0.0000e+00
        652    130.150     1.9389   3.011084    34.1550    27.2994 0.0000e+00
        653    130.597     1.9409   3.011291    34.1552    27.2994 0.0000e+00
        654    131.043     1.9419   3.011453    34.1559    27.2999 0.0000e+00
        655    131.488     1.9410   3.011494    34.1571    27.3009 0.0000e+00
        656    131.936     1.9381   3.011263    34.1571    27.3011 0.0000e+00
        657    132.386     1.9345   3.010943    34.1567    27.3011 0.0000e+00
        658    132.837     1.9319   3.010785    34.1573    27.3018 0.0000e+00
        659    133.298     1.9309   3.010788    34.1581    27.3025 0.0000e+00
        660    133.781     1.9314   3.010916    34.1589    27.3031 0.0000e+00
        661    134.287     1.9336   3.011256    34.1605    27.3042 0.0000e+00
        662    134.808     1.9374   3.011812    34.1631    27.3060 0.0000e+00
        663    135.337     1.9417   3.012396    34.1655    27.3076 0.0000e+00
        664    135.869     1.9456   3.012878    34.1670    27.3085 0.0000e+00
        665    136.393     1.9489   3.013270    34.1681    27.3091 0.0000e+00
        666    136.906     1.9516   3.013613    34.1692    27.3098 0.0000e+00
        667    137.418     1.9541   3.013919    34.1700    27.3103 0.0000e+00
        668    137.938     1.9563   3.014175    34.1706    27.3105 0.0000e+00
        669    138.470     1.9584   3.014424    34.1711    27.3108 0.0000e+00
        670    139.017     1.9606   3.014715    34.1721    27.3114 0.0000e+00
        671    139.585     1.9632   3.015037    34.1730    27.3119 0.0000e+00
        672    140.168     1.9672   3.015472    34.1738    27.3123 0.0000e+00
        673    140.754     1.9740   3.016304    34.1765    27.3139 0.0000e+00
        674    141.340     1.9824   3.017416    34.1811    27.3169 0.0000e+00
        675    141.929     1.9893   3.018242    34.1837    27.3184 0.0000e+00
        676    142.528     1.9937   3.018686    34.1841    27.3185 0.0000e+00
        677    143.136     1.9971   3.019042    34.1846    27.3186 0.0000e+00
        678    143.749     2.0019   3.019583    34.1858    27.3192 0.0000e+00
        679    144.365     2.0088   3.020450    34.1889    27.3211 0.0000e+00
        680    144.985     2.0160   3.021362    34.1922    27.3232 0.0000e+00
        681    145.619     2.0218   3.022014    34.1937    27.3240 0.0000e+00
        682    146.279     2.0271   3.022537    34.1942    27.3239 0.0000e+00
        683    146.974     2.0332   3.023183    34.1953    27.3243 0.0000e+00
        684    147.691     2.0416   3.024018    34.1963    27.3245 0.0000e+00
        685    148.402     2.0527   3.025173    34.1983    27.3253 0.0000e+00
        686    149.093     2.0669   3.026865    34.2038    27.3285 0.0000e+00
        687    149.778     2.0838   3.028978    34.2116    27.3334 0.0000e+00
        688    150.464     2.1002   3.031007    34.2189    27.3380 0.0000e+00
        689    151.147     2.1131   3.032535    34.2237    27.3408 0.0000e+00
        690    151.828     2.1223   3.033525    34.2257    27.3417 0.0000e+00
        691    152.515     2.1300   3.034229    34.2258    27.3412 0.0000e+00
        692    153.215     2.1397   3.035219    34.2273    27.3416 0.0000e+00
        693    153.920     2.1520   3.036610    34.2310    27.3436 0.0000e+00
        694    154.613     2.1650   3.037980    34.2337    27.3447 0.0000e+00
        695    155.291     2.1774   3.039312    34.2366    27.3460 0.0000e+00
        696    155.969     2.1889   3.040698    34.2411    27.3487 0.0000e+00
        697    156.660     2.1997   3.042034    34.2457    27.3515 0.0000e+00
        698    157.360     2.2091   3.043240    34.2502    27.3543 0.0000e+00
        699    158.064     2.2162   3.044223    34.2544    27.3571 0.0000e+00
        700    158.770     2.2215   3.044884    34.2565    27.3584 0.0000e+00
        701    159.473     2.2259   3.045324    34.2569    27.3583 0.0000e+00
        702    160.170     2.2298   3.045758    34.2577    27.3586 0.0000e+00
        703    160.861     2.2336   3.046272    34.2596    27.3599 0.0000e+00
        704    161.551     2.2375   3.046816    34.2618    27.3613 0.0000e+00
        705    162.240     2.2413   3.047241    34.2626    27.3616 0.0000e+00
        706    162.925     2.2458   3.047577    34.2615    27.3604 0.0000e+00
        707    163.609     2.2546   3.048451    34.2625    27.3605 0.0000e+00
        708    164.303     2.2719   3.050655    34.2709    27.3658 0.0000e+00
        709    165.010     2.2956   3.053689    34.2827    27.3733 0.0000e+00
        710    165.725     2.3173   3.056222    34.2904    27.3777 0.0000e+00
        711    166.445     2.3330   3.057899    34.2940    27.3793 0.0000e+00
        712    167.173     2.3437   3.059109    34.2971    27.3808 0.0000e+00
        713    167.906     2.3520   3.060124    34.3003    27.3828 0.0000e+00
        714    168.630     2.3590   3.060963    34.3028    27.3842 0.0000e+00
        715    169.334     2.3644   3.061560    34.3040    27.3847 0.0000e+00
        716    170.023     2.3689   3.061987    34.3041    27.3844 0.0000e+00
        717    170.703     2.3733   3.062394    34.3040    27.3839 0.0000e+00
        718    171.371     2.3781   3.062931    34.3051    27.3844 0.0000e+00
        719    172.025     2.3834   3.063622    34.3076    27.3860 0.0000e+00
        720    172.682     2.3889   3.064337    34.3102    27.3876 0.0000e+00
        721    173.362     2.3946   3.065037    34.3123    27.3889 0.0000e+00
        722    174.065     2.3999   3.065784    34.3155    27.3909 0.0000e+00
        723    174.775     2.4043   3.066417    34.3182    27.3927 0.0000e+00
        724    175.480     2.4076   3.066861    34.3198    27.3937 0.0000e+00
        725    176.181     2.4103   3.067258    34.3214    27.3948 0.0000e+00
        726    176.892     2.4132   3.067563    34.3217    27.3947 0.0000e+00
        727    177.620     2.4167   3.067837    34.3209    27.3938 0.0000e+00
        728    178.346     2.4204   3.068270    34.3219    27.3943 0.0000e+00
        729    179.050     2.4240   3.068782    34.3239    27.3957 0.0000e+00
        730    179.732     2.4272   3.069272    34.3262    27.3972 0.0000e+00
        731    180.403     2.4305   3.069779    34.3285    27.3988 0.0000e+00
        732    181.077     2.4345   3.070261    34.3298    27.3995 0.0000e+00
        733    181.760     2.4406   3.070819    34.3298    27.3990 0.0000e+00
        734    182.443     2.4499   3.071911    34.3329    27.4007 0.0000e+00
        735    183.124     2.4615   3.073603    34.3410    27.4062 0.0000e+00
        736    183.817     2.4729   3.075061    34.3464    27.4095 0.0000e+00
        737    184.532     2.4815   3.075745    34.3452    27.4078 0.0000e+00
        738    185.253     2.4869   3.076150    34.3440    27.4064 0.0000e+00
        739    185.968     2.4901   3.076683    34.3467    27.4084 0.0000e+00
        740    186.683     2.4924   3.077187    34.3501    27.4108 0.0000e+00
        741    187.402     2.4948   3.077574    34.3519    27.4121 0.0000e+00
        742    188.115     2.4970   3.077913    34.3533    27.4130 0.0000e+00
        743    188.817     2.4986   3.078238    34.3552    27.4144 0.0000e+00
        744    189.525     2.5000   3.078449    34.3559    27.4149 0.0000e+00
        745    190.258     2.5014   3.078566    34.3555    27.4144 0.0000e+00
        746    191.013     2.5028   3.078762    34.3560    27.4147 0.0000e+00
        747    191.767     2.5046   3.079048    34.3571    27.4154 0.0000e+00
        748    192.507     2.5067   3.079390    34.3587    27.4165 0.0000e+00
        749    193.236     2.5092   3.079803    34.3607    27.4179 0.0000e+00
        750    193.972     2.5117   3.080185    34.3623    27.4190 0.0000e+00
        751    194.721     2.5141   3.080508    34.3633    27.4196 0.0000e+00
        752    195.478     2.5174   3.080905    34.3643    27.4200 0.0000e+00
        753    196.240     2.5226   3.081599    34.3668    27.4216 0.0000e+00
        754    197.016     2.5306   3.082643    34.3707    27.4241 0.0000e+00
        755    197.805     2.5405   3.083756    34.3733    27.4253 0.0000e+00
        756    198.600     2.5515   3.084992    34.3763    27.4268 0.0000e+00
        757    199.403     2.5644   3.086698    34.3831    27.4311 0.0000e+00
        758    200.206     2.5787   3.088473    34.3891    27.4347 0.0000e+00
        759    200.983     2.5897   3.089581    34.3906    27.4349 0.0000e+00
        760    201.713     2.5953   3.090069    34.3902    27.4341 0.0000e+00
        761    202.408     2.5987   3.090471    34.3911    27.4345 0.0000e+00
        762    203.084     2.6028   3.090993    34.3927    27.4355 0.0000e+00
        763    203.735     2.6071   3.091474    34.3937    27.4359 0.0000e+00
        764    204.352     2.6099   3.091782    34.3941    27.4360 0.0000e+00
        765    204.953     2.6127   3.092079    34.3944    27.4360 0.0000e+00
        766    205.564     2.6178   3.092690    34.3961    27.4369 0.0000e+00
        767    206.185     2.6252   3.093674    34.4000    27.4394 0.0000e+00
        768    206.792     2.6332   3.094733    34.4041    27.4420 0.0000e+00
        769    207.373     2.6414   3.095704    34.4069    27.4435 0.0000e+00
        770    207.936     2.6511   3.096806    34.4097    27.4449 0.0000e+00
        771    208.488     2.6637   3.098319    34.4145    27.4477 0.0000e+00
        772    209.029     2.6780   3.100032    34.4200    27.4508 0.0000e+00
        773    209.566     2.6916   3.101475    34.4228    27.4518 0.0000e+00
        774    210.101     2.7031   3.102658    34.4247    27.4524 0.0000e+00
        775    210.636     2.7128   3.103773    34.4277    27.4539 0.0000e+00
        776    211.175     2.7215   3.104829    34.4310    27.4558 0.0000e+00
        777    211.721     2.7302   3.105827    34.4337    27.4571 0.0000e+00
        778    212.268     2.7397   3.106826    34.4354    27.4577 0.0000e+00
        779    212.808     2.7514   3.108172    34.4391    27.4596 0.0000e+00
        780    213.345     2.7660   3.110054    34.4463    27.4641 0.0000e+00
        781    213.886     2.7817   3.111880    34.4515    27.4669 0.0000e+00
        782    214.420     2.7960   3.113212    34.4522    27.4662 0.0000e+00
        783    214.929     2.8087   3.114639    34.4558    27.4679 0.0000e+00
        784    215.417     2.8208   3.116404    34.4642    27.4735 0.0000e+00
        785    215.907     2.8316   3.117781    34.4692    27.4766 0.0000e+00
        786    216.416     2.8407   3.118736    34.4709    27.4771 0.0000e+00
        787    216.941     2.8487   3.119638    34.4731    27.4781 0.0000e+00
        788    217.475     2.8556   3.120444    34.4752    27.4792 0.0000e+00
        789    218.014     2.8616   3.121183    34.4776    27.4806 0.0000e+00
        790    218.549     2.8668   3.121809    34.4794    27.4815 0.0000e+00
        791    219.067     2.8722   3.122463    34.4813    27.4826 0.0000e+00
        792    219.571     2.8787   3.123370    34.4851    27.4851 0.0000e+00
        793    220.078     2.8865   3.124390    34.4890    27.4874 0.0000e+00
        794    220.593     2.8945   3.125327    34.4916    27.4888 0.0000e+00
        795    221.106     2.9019   3.126146    34.4934    27.4896 0.0000e+00
        796    221.608     2.9084   3.126899    34.4953    27.4905 0.0000e+00
        797    222.110     2.9141   3.127536    34.4967    27.4912 0.0000e+00
        798    222.628     2.9185   3.127993    34.4973    27.4912 0.0000e+00
        799    223.161     2.9222   3.128344    34.4974    27.4909 0.0000e+00
        800    223.693     2.9253   3.128741    34.4986    27.4916 0.0000e+00
        801    224.210     2.9280   3.129181    34.5008    27.4931 0.0000e+00
        802    224.716     2.9300   3.129512    34.5024    27.4942 0.0000e+00
        803    225.231     2.9318   3.129726    34.5028    27.4944 0.0000e+00
        804    225.761     2.9334   3.129884    34.5027    27.4942 0.0000e+00
        805    226.292     2.9351   3.130022    34.5023    27.4937 0.0000e+00
        806    226.809     2.9367   3.130229    34.5028    27.4940 0.0000e+00
        807    227.318     2.9383   3.130518    34.5044    27.4951 0.0000e+00
        808    227.832     2.9396   3.130716    34.5051    27.4955 0.0000e+00
        809    228.354     2.9405   3.130757    34.5044    27.4949 0.0000e+00
        810    228.870     2.9410   3.130792    34.5040    27.4945 0.0000e+00
        811    229.375     2.9410   3.130912    34.5052    27.4954 0.0000e+00
        812    229.887     2.9411   3.131029    34.5062    27.4963 0.0000e+00
        813    230.427     2.9417   3.131074    34.5058    27.4959 0.0000e+00
        814    230.987     2.9429   3.131150    34.5051    27.4953 0.0000e+00
        815    231.541     2.9453   3.131508    34.5066    27.4962 0.0000e+00
        816    232.076     2.9499   3.132200    34.5099    27.4984 0.0000e+00
        817    232.603     2.9556   3.132924    34.5123    27.4998 0.0000e+00
        818    233.134     2.9608   3.133504    34.5135    27.5003 0.0000e+00
        819    233.666     2.9648   3.133925    34.5141    27.5004 0.0000e+00
        820    234.197     2.9678   3.134241    34.5144    27.5004 0.0000e+00
