Datasets/Multi_Species/NEE535/ned535_2020_003.cnv
* Sea-Bird SBE19plus Data File:
* Filename = C:/AQUIRE/ned535_2020_003.hex
* Software Version AquireV2 AF V2.0
* Temperature SN =  4579
* Conductivity SN =  4579
* System UpLoad Time = Dec 04 2020 22:27:38
** VESSEL/TRIP/SEQ STN: ned535_2020_003
** LATITUDE: 50 38.85 N
** LONGITUDE: 50 45.45 W
** DATE/TIME: 2020-12-04 21:27
** SOUNDING DEPTH (M):  448
** PROBE TYPE: S4579
** CTD NUMBER: 003
** COMMENTS: 
# nquan = 7                                 
# nvalues = 3272                        
# units = specified
# name 0 = scan: Scan Count
# name 1 = prdM: Pressure, Strain Gauge [db]
# name 2 = tv290C: Temperature [ITS-90, deg C]
# name 3 = c0S/m: Conductivity [S/m]
# name 4 = sal00: Salinity, Practical [PSU]
# name 5 = sigma-t00: Density [sigma-t, kg/m^3 ]
# name 6 = flag: flag
# span 0 =          1,       3272       
# span 1 =     -0.171,    452.416       
# span 2 =     1.4781,     3.9228       
# span 3 =   0.005078,   3.245680       
# span 4 =     0.0400,    34.7495       
# span 5 =    -0.0374,    27.5967       
# span 6 = 0.0000e+00, 0.0000e+00       
# interval = seconds: 1
# start_time = Dec 04 2020 21:27:38 [Instrument's time stamp, header]
# bad_flag = -9.990e-29
*END*
[from data line 616]
        617    138.090     2.9261   3.102929    34.2298    27.2769 0.0000e+00
        618    138.585     2.9402   3.104564    34.2345    27.2794 0.0000e+00
        619    139.087     2.9596   3.106774    34.2406    27.2825 0.0000e+00
        620    139.584     2.9745   3.108094    34.2406    27.2811 0.0000e+00
        621    140.059     2.9825   3.108656    34.2386    27.2789 0.0000e+00
        622    140.507     2.9898   3.109456    34.2404    27.2796 0.0000e+00
        623    140.937     3.0039   3.111165    34.2460    27.2828 0.0000e+00
        624    141.361     3.0221   3.113160    34.2507    27.2850 0.0000e+00
        625    141.786     3.0361   3.114465    34.2515    27.2843 0.0000e+00
        626    142.219     3.0450   3.115265    34.2516    27.2835 0.0000e+00
        627    142.667     3.0530   3.116089    34.2529    27.2838 0.0000e+00
        628    143.133     3.0655   3.117478    34.2563    27.2854 0.0000e+00
        629    143.615     3.0870   3.119929    34.2630    27.2888 0.0000e+00
        630    144.106     3.1164   3.123208    34.2714    27.2928 0.0000e+00
        631    144.599     3.1460   3.126264    34.2768    27.2944 0.0000e+00
        632    145.093     3.1711   3.128651    34.2789    27.2937 0.0000e+00
        633    145.591     3.1963   3.131258    34.2835    27.2951 0.0000e+00
        634    146.089     3.2259   3.134591    34.2923    27.2993 0.0000e+00
        635    146.583     3.2538   3.137616    34.2991    27.3021 0.0000e+00
        636    147.073     3.2736   3.139493    34.3006    27.3014 0.0000e+00
        637    147.560     3.2860   3.140693    34.3017    27.3011 0.0000e+00
        638    148.040     3.2946   3.141654    34.3039    27.3021 0.0000e+00
        639    148.508     3.3001   3.142273    34.3053    27.3027 0.0000e+00
        640    148.966     3.3024   3.142511    34.3055    27.3027 0.0000e+00
        641    149.421     3.3026   3.142543    34.3055    27.3026 0.0000e+00
        642    149.879     3.3032   3.142710    34.3066    27.3034 0.0000e+00
        643    150.340     3.3078   3.143455    34.3105    27.3061 0.0000e+00
        644    150.802     3.3161   3.144676    34.3162    27.3099 0.0000e+00
        645    151.266     3.3245   3.145715    34.3196    27.3118 0.0000e+00
        646    151.737     3.3308   3.146438    34.3214    27.3126 0.0000e+00
        647    152.212     3.3356   3.147035    34.3233    27.3137 0.0000e+00
        648    152.694     3.3396   3.147530    34.3248    27.3145 0.0000e+00
        649    153.190     3.3432   3.147962    34.3259    27.3150 0.0000e+00
        650    153.695     3.3465   3.148384    34.3272    27.3158 0.0000e+00
        651    154.195     3.3495   3.148779    34.3286    27.3165 0.0000e+00
        652    154.684     3.3520   3.149090    34.3294    27.3170 0.0000e+00
        653    155.161     3.3540   3.149357    34.3302    27.3175 0.0000e+00
        654    155.628     3.3556   3.149664    34.3320    27.3187 0.0000e+00
        655    156.095     3.3574   3.149969    34.3335    27.3198 0.0000e+00
        656    156.570     3.3590   3.150228    34.3347    27.3205 0.0000e+00
        657    157.047     3.3608   3.150516    34.3360    27.3214 0.0000e+00
        658    157.518     3.3634   3.150879    34.3374    27.3223 0.0000e+00
        659    157.981     3.3669   3.151392    34.3396    27.3237 0.0000e+00
        660    158.445     3.3710   3.152000    34.3424    27.3255 0.0000e+00
        661    158.915     3.3742   3.152440    34.3440    27.3265 0.0000e+00
        662    159.396     3.3754   3.152631    34.3448    27.3270 0.0000e+00
        663    159.890     3.3754   3.152746    34.3459    27.3279 0.0000e+00
        664    160.389     3.3752   3.152905    34.3478    27.3294 0.0000e+00
        665    160.883     3.3755   3.153104    34.3496    27.3308 0.0000e+00
        666    161.371     3.3764   3.153340    34.3512    27.3321 0.0000e+00
        667    161.858     3.3779   3.153685    34.3535    27.3337 0.0000e+00
        668    162.338     3.3798   3.154066    34.3559    27.3354 0.0000e+00
        669    162.800     3.3817   3.154391    34.3575    27.3366 0.0000e+00
        670    163.248     3.3850   3.154925    34.3602    27.3384 0.0000e+00
        671    163.691     3.3918   3.155920    34.3648    27.3414 0.0000e+00
        672    164.133     3.4036   3.157487    34.3709    27.3452 0.0000e+00
        673    164.577     3.4185   3.159413    34.3781    27.3495 0.0000e+00
        674    165.033     3.4304   3.160810    34.3821    27.3515 0.0000e+00
        675    165.506     3.4345   3.161175    34.3819    27.3510 0.0000e+00
        676    165.995     3.4354   3.161297    34.3822    27.3511 0.0000e+00
        677    166.487     3.4414   3.162230    34.3868    27.3542 0.0000e+00
        678    166.970     3.4531   3.163722    34.3921    27.3573 0.0000e+00
        679    167.446     3.4646   3.164949    34.3945    27.3581 0.0000e+00
        680    167.929     3.4724   3.165742    34.3955    27.3581 0.0000e+00
        681    168.420     3.4750   3.166028    34.3959    27.3582 0.0000e+00
        682    168.905     3.4714   3.165662    34.3951    27.3579 0.0000e+00
        683    169.374     3.4623   3.164869    34.3949    27.3586 0.0000e+00
        684    169.823     3.4471   3.163583    34.3953    27.3604 0.0000e+00
        685    170.258     3.4265   3.161602    34.3930    27.3605 0.0000e+00
        686    170.689     3.4048   3.159588    34.3914    27.3614 0.0000e+00
        687    171.124     3.3826   3.157655    34.3914    27.3635 0.0000e+00
        688    171.564     3.3582   3.155293    34.3885    27.3635 0.0000e+00
        689    172.012     3.3358   3.153082    34.3853    27.3631 0.0000e+00
        690    172.475     3.3238   3.152205    34.3872    27.3657 0.0000e+00
        691    172.960     3.3210   3.152305    34.3911    27.3691 0.0000e+00
        692    173.466     3.3161   3.151725    34.3890    27.3679 0.0000e+00
        693    173.975     3.3057   3.150589    34.3860    27.3665 0.0000e+00
        694    174.470     3.2963   3.149841    34.3867    27.3680 0.0000e+00
        695    174.951     3.2900   3.149382    34.3876    27.3692 0.0000e+00
        696    175.429     3.2855   3.149046    34.3880    27.3700 0.0000e+00
        697    175.902     3.2845   3.149043    34.3888    27.3707 0.0000e+00
        698    176.368     3.2889   3.149714    34.3920    27.3729 0.0000e+00
        699    176.837     3.2939   3.150407    34.3948    27.3746 0.0000e+00
        700    177.314     3.2946   3.150333    34.3929    27.3731 0.0000e+00
        701    177.787     3.2946   3.150205    34.3911    27.3716 0.0000e+00
        702    178.243     3.2986   3.150802    34.3938    27.3734 0.0000e+00
        703    178.682     3.3068   3.151727    34.3960    27.3744 0.0000e+00
        704    179.122     3.3214   3.153327    34.3997    27.3759 0.0000e+00
        705    179.573     3.3446   3.156171    34.4092    27.3813 0.0000e+00
        706    180.030     3.3693   3.158896    34.4156    27.3841 0.0000e+00
        707    180.493     3.3874   3.160584    34.4165    27.3831 0.0000e+00
        708    180.974     3.3998   3.161784    34.4176    27.3827 0.0000e+00
        709    181.482     3.4099   3.162884    34.4199    27.3836 0.0000e+00
        710    182.007     3.4184   3.163822    34.4219    27.3844 0.0000e+00
        711    182.525     3.4245   3.164468    34.4229    27.3846 0.0000e+00
        712    183.021     3.4280   3.164820    34.4232    27.3845 0.0000e+00
        713    183.497     3.4297   3.164987    34.4232    27.3843 0.0000e+00
        714    183.958     3.4304   3.165117    34.4237    27.3847 0.0000e+00
        715    184.406     3.4307   3.165202    34.4242    27.3850 0.0000e+00
        716    184.848     3.4306   3.165235    34.4244    27.3852 0.0000e+00
        717    185.291     3.4304   3.165277    34.4249    27.3856 0.0000e+00
        718    185.739     3.4302   3.165339    34.4256    27.3862 0.0000e+00
        719    186.196     3.4301   3.165403    34.4263    27.3867 0.0000e+00
        720    186.668     3.4302   3.165505    34.4271    27.3874 0.0000e+00
        721    187.159     3.4314   3.165788    34.4290    27.3888 0.0000e+00
        722    187.662     3.4350   3.166417    34.4325    27.3912 0.0000e+00
        723    188.165     3.4402   3.167179    34.4359    27.3934 0.0000e+00
        724    188.670     3.4452   3.167767    34.4374    27.3941 0.0000e+00
        725    189.179     3.4506   3.168391    34.4389    27.3948 0.0000e+00
        726    189.681     3.4576   3.169331    34.4425    27.3970 0.0000e+00
        727    190.164     3.4650   3.170295    34.4461    27.3991 0.0000e+00
        728    190.634     3.4713   3.171031    34.4480    27.4000 0.0000e+00
        729    191.102     3.4768   3.171732    34.4503    27.4014 0.0000e+00
        730    191.571     3.4821   3.172411    34.4526    27.4027 0.0000e+00
        731    192.031     3.4869   3.172946    34.4537    27.4031 0.0000e+00
        732    192.480     3.4920   3.173539    34.4552    27.4038 0.0000e+00
        733    192.932     3.4988   3.174377    34.4579    27.4052 0.0000e+00
        734    193.400     3.5071   3.175334    34.4603    27.4064 0.0000e+00
        735    193.877     3.5157   3.176273    34.4622    27.4071 0.0000e+00
        736    194.353     3.5230   3.177041    34.4635    27.4074 0.0000e+00
        737    194.826     3.5278   3.177509    34.4638    27.4071 0.0000e+00
        738    195.302     3.5309   3.177796    34.4637    27.4067 0.0000e+00
        739    195.780     3.5345   3.178221    34.4647    27.4072 0.0000e+00
        740    196.257     3.5403   3.178940    34.4670    27.4084 0.0000e+00
        741    196.731     3.5477   3.179780    34.4690    27.4093 0.0000e+00
        742    197.210     3.5550   3.180589    34.4707    27.4100 0.0000e+00
        743    197.696     3.5617   3.181317    34.4721    27.4104 0.0000e+00
        744    198.184     3.5686   3.182089    34.4738    27.4111 0.0000e+00
        745    198.664     3.5772   3.183112    34.4767    27.4126 0.0000e+00
        746    199.140     3.5863   3.184165    34.4794    27.4139 0.0000e+00
        747    199.622     3.5945   3.184997    34.4805    27.4139 0.0000e+00
        748    200.111     3.6042   3.186065    34.4828    27.4147 0.0000e+00
        749    200.599     3.6187   3.187774    34.4876    27.4172 0.0000e+00
        750    201.082     3.6368   3.189844    34.4931    27.4197 0.0000e+00
        751    201.565     3.6557   3.191930    34.4978    27.4216 0.0000e+00
        752    202.040     3.6719   3.193650    34.5010    27.4226 0.0000e+00
        753    202.500     3.6819   3.194578    34.5013    27.4218 0.0000e+00
        754    202.953     3.6858   3.194854    34.5002    27.4206 0.0000e+00
        755    203.409     3.6871   3.194964    34.4999    27.4202 0.0000e+00
        756    203.871     3.6891   3.195271    34.5012    27.4210 0.0000e+00
        757    204.340     3.6917   3.195643    34.5027    27.4219 0.0000e+00
        758    204.816     3.6928   3.195730    34.5023    27.4215 0.0000e+00
        759    205.297     3.6923   3.195623    34.5013    27.4208 0.0000e+00
        760    205.787     3.6925   3.195692    34.5016    27.4210 0.0000e+00
        761    206.288     3.6956   3.196160    34.5037    27.4223 0.0000e+00
        762    206.791     3.7000   3.196759    34.5059    27.4237 0.0000e+00
        763    207.281     3.7032   3.197098    34.5063    27.4237 0.0000e+00
        764    207.755     3.7052   3.197324    34.5067    27.4238 0.0000e+00
        765    208.224     3.7070   3.197645    34.5084    27.4249 0.0000e+00
        766    208.701     3.7076   3.197825    34.5096    27.4259 0.0000e+00
        767    209.180     3.7060   3.197722    34.5098    27.4262 0.0000e+00
        768    209.649     3.7026   3.197472    34.5102    27.4268 0.0000e+00
        769    210.108     3.6967   3.197014    34.5107    27.4278 0.0000e+00
        770    210.566     3.6879   3.196248    34.5106    27.4286 0.0000e+00
        771    211.033     3.6780   3.195414    34.5108    27.4298 0.0000e+00
        772    211.507     3.6669   3.194481    34.5111    27.4311 0.0000e+00
        773    211.984     3.6527   3.193137    34.5098    27.4315 0.0000e+00
        774    212.466     3.6364   3.191618    34.5086    27.4321 0.0000e+00
        775    212.958     3.6203   3.190201    34.5084    27.4335 0.0000e+00
        776    213.458     3.6052   3.188876    34.5082    27.4349 0.0000e+00
        777    213.954     3.5922   3.187803    34.5088    27.4367 0.0000e+00
        778    214.435     3.5819   3.187000    34.5098    27.4385 0.0000e+00
        779    214.901     3.5727   3.186260    34.5104    27.4399 0.0000e+00
        780    215.370     3.5625   3.185391    34.5105    27.4410 0.0000e+00
        781    215.849     3.5501   3.184293    34.5102    27.4420 0.0000e+00
        782    216.322     3.5341   3.182882    34.5100    27.4433 0.0000e+00
        783    216.784     3.5143   3.181127    34.5096    27.4450 0.0000e+00
        784    217.246     3.4919   3.179163    34.5095    27.4471 0.0000e+00
        785    217.719     3.4711   3.177371    34.5098    27.4493 0.0000e+00
        786    218.198     3.4566   3.176297    34.5120    27.4525 0.0000e+00
        787    218.675     3.4490   3.175900    34.5150    27.4556 0.0000e+00
        788    219.152     3.4449   3.175669    34.5163    27.4571 0.0000e+00
        789    219.636     3.4411   3.175389    34.5167    27.4577 0.0000e+00
        790    220.125     3.4371   3.175104    34.5172    27.4586 0.0000e+00
        791    220.606     3.4338   3.174891    34.5179    27.4594 0.0000e+00
        792    221.076     3.4316   3.174740    34.5182    27.4599 0.0000e+00
        793    221.550     3.4297   3.174610    34.5184    27.4602 0.0000e+00
        794    222.036     3.4277   3.174508    34.5190    27.4609 0.0000e+00
        795    222.516     3.4257   3.174457    34.5203    27.4621 0.0000e+00
        796    222.979     3.4244   3.174489    34.5218    27.4634 0.0000e+00
        797    223.433     3.4246   3.174667    34.5235    27.4647 0.0000e+00
        798    223.888     3.4281   3.175147    34.5253    27.4658 0.0000e+00
        799    224.345     3.4375   3.176250    34.5283    27.4674 0.0000e+00
        800    224.797     3.4527   3.178011    34.5332    27.4697 0.0000e+00
        801    225.242     3.4701   3.179899    34.5372    27.4712 0.0000e+00
        802    225.693     3.4885   3.181740    34.5395    27.4713 0.0000e+00
        803    226.172     3.5112   3.184109    34.5437    27.4724 0.0000e+00
        804    226.679     3.5450   3.187625    34.5498    27.4740 0.0000e+00
        805    227.192     3.5937   3.192850    34.5606    27.4778 0.0000e+00
        806    227.696     3.6473   3.198769    34.5745    27.4835 0.0000e+00
        807    228.196     3.6901   3.203047    34.5801    27.4837 0.0000e+00
        808    228.705     3.7165   3.205273    34.5785    27.4798 0.0000e+00
        809    229.226     3.7300   3.206360    34.5769    27.4772 0.0000e+00
        810    229.757     3.7363   3.206985    34.5774    27.4770 0.0000e+00
        811    230.303     3.7405   3.207561    34.5796    27.4783 0.0000e+00
        812    230.876     3.7448   3.208114    34.5813    27.4792 0.0000e+00
        813    231.477     3.7491   3.208674    34.5831    27.4802 0.0000e+00
        814    232.093     3.7528   3.209195    34.5851    27.4814 0.0000e+00
        815    232.711     3.7553   3.209532    34.5862    27.4820 0.0000e+00
        816    233.327     3.7570   3.209793    34.5871    27.4826 0.0000e+00
        817    233.935     3.7594   3.210178    34.5889    27.4838 0.0000e+00
        818    234.524     3.7626   3.210660    34.5909    27.4851 0.0000e+00
        819    235.096     3.7660   3.211101    34.5923    27.4858 0.0000e+00
        820    235.672     3.7684   3.211430    34.5934    27.4864 0.0000e+00
