Datasets/Multi_Species/NEE535/ned535_2020_019.cnv
* Sea-Bird SBE19plus Data File:
* Filename = C:/AQUIRE/ned535_2020_019.hex
* Software Version AquireV2 AF V2.0
* Temperature SN =  4579
* Conductivity SN =  4579
* System UpLoad Time = Dec 10 2020 18:27:01
** VESSEL/TRIP/SEQ STN: ned535_2020_019
** LATITUDE: 50 23.95 N
** LONGITUDE: 55 19.43 W
** DATE/TIME: 2020-12-10 17:33
** SOUNDING DEPTH (M):  235
** PROBE TYPE: S4579
** CTD NUMBER:  18
** COMMENTS: 
# nquan = 7                                 
# nvalues = 3032                        
# units = specified
# name 0 = scan: Scan Count
# name 1 = prdM: Pressure, Strain Gauge [db]
# name 2 = tv290C: Temperature [ITS-90, deg C]
# name 3 = c0S/m: Conductivity [S/m]
# name 4 = sal00: Salinity, Practical [PSU]
# name 5 = sigma-t00: Density [sigma-t, kg/m^3 ]
# name 6 = flag: flag
# span 0 =          1,       3032       
# span 1 =     -0.243,    236.361       
# span 2 =     0.1093,     2.1210       
# span 3 =   0.005229,   2.884328       
# span 4 =     0.0410,    33.5751       
# span 5 =    -0.0257,    26.9051       
# span 6 = 0.0000e+00, 0.0000e+00       
# interval = seconds: 1
# start_time = Dec 10 2020 17:33:53 [Instrument's time stamp, header]
# bad_flag = -9.990e-29
*END*
[from data line 1231]
       1232    227.896     0.6698   2.852439    33.4469    26.8165 0.0000e+00
       1233    227.955     0.6701   2.852474    33.4470    26.8166 0.0000e+00
       1234    227.985     0.6703   2.852492    33.4470    26.8166 0.0000e+00
       1235    227.980     0.6704   2.852492    33.4469    26.8165 0.0000e+00
       1236    227.931     0.6704   2.852508    33.4471    26.8167 0.0000e+00
       1237    227.839     0.6704   2.852559    33.4478    26.8173 0.0000e+00
       1238    227.727     0.6709   2.852613    33.4481    26.8174 0.0000e+00
       1239    227.639     0.6729   2.852765    33.4479    26.8172 0.0000e+00
       1240    227.610     0.6765   2.853145    33.4490    26.8178 0.0000e+00
       1241    227.636     0.6802   2.853523    33.4499    26.8183 0.0000e+00
       1242    227.690     0.6827   2.853676    33.4491    26.8176 0.0000e+00
       1243    227.747     0.6839   2.853721    33.4484    26.8169 0.0000e+00
       1244    227.793     0.6842   2.853758    33.4485    26.8170 0.0000e+00
       1245    227.820     0.6839   2.853701    33.4481    26.8166 0.0000e+00
       1246    227.819     0.6829   2.853569    33.4474    26.8162 0.0000e+00
       1247    227.797     0.6818   2.853510    33.4479    26.8166 0.0000e+00
       1248    227.772     0.6810   2.853509    33.4487    26.8174 0.0000e+00
       1249    227.755     0.6809   2.853536    33.4492    26.8177 0.0000e+00
       1250    227.744     0.6815   2.853606    33.4495    26.8179 0.0000e+00
       1251    227.726     0.6820   2.853681    33.4499    26.8182 0.0000e+00
       1252    227.701     0.6823   2.853721    33.4501    26.8184 0.0000e+00
       1253    227.673     0.6824   2.853731    33.4502    26.8184 0.0000e+00
       1254    227.647     0.6825   2.853744    33.4502    26.8185 0.0000e+00
       1255    227.633     0.6825   2.853764    33.4505    26.8187 0.0000e+00
       1256    227.640     0.6825   2.853770    33.4506    26.8187 0.0000e+00
       1257    227.662     0.6824   2.853760    33.4505    26.8187 0.0000e+00
       1258    227.684     0.6823   2.853752    33.4505    26.8187 0.0000e+00
       1259    227.700     0.6821   2.853747    33.4507    26.8189 0.0000e+00
       1260    227.715     0.6818   2.853737    33.4509    26.8190 0.0000e+00
       1261    227.723     0.6813   2.853720    33.4512    26.8193 0.0000e+00
       1262    227.723     0.6809   2.853704    33.4514    26.8195 0.0000e+00
       1263    227.717     0.6807   2.853697    33.4515    26.8196 0.0000e+00
       1264    227.703     0.6807   2.853701    33.4516    26.8197 0.0000e+00
       1265    227.677     0.6808   2.853713    33.4516    26.8197 0.0000e+00
       1266    227.646     0.6810   2.853724    33.4516    26.8197 0.0000e+00
       1267    227.629     0.6814   2.853725    33.4512    26.8193 0.0000e+00
       1268    227.636     0.6818   2.853721    33.4507    26.8189 0.0000e+00
       1269    227.658     0.6821   2.853722    33.4504    26.8186 0.0000e+00
       1270    227.684     0.6821   2.853718    33.4503    26.8186 0.0000e+00
       1271    227.708     0.6819   2.853700    33.4503    26.8185 0.0000e+00
       1272    227.730     0.6815   2.853676    33.4504    26.8187 0.0000e+00
       1273    227.744     0.6813   2.853656    33.4503    26.8186 0.0000e+00
       1274    227.738     0.6811   2.853643    33.4504    26.8187 0.0000e+00
       1275    227.710     0.6810   2.853636    33.4504    26.8187 0.0000e+00
       1276    227.676     0.6809   2.853627    33.4504    26.8187 0.0000e+00
       1277    227.656     0.6805   2.853577    33.4502    26.8186 0.0000e+00
       1278    227.654     0.6799   2.853478    33.4496    26.8181 0.0000e+00
       1279    227.661     0.6792   2.853374    33.4490    26.8177 0.0000e+00
       1280    227.673     0.6787   2.853299    33.4486    26.8173 0.0000e+00
       1281    227.690     0.6783   2.853236    33.4482    26.8171 0.0000e+00
       1282    227.705     0.6778   2.853190    33.4481    26.8170 0.0000e+00
       1283    227.705     0.6775   2.853213    33.4487    26.8175 0.0000e+00
       1284    227.678     0.6779   2.853267    33.4490    26.8178 0.0000e+00
       1285    227.621     0.6782   2.853256    33.4486    26.8174 0.0000e+00
       1286    227.557     0.6782   2.853222    33.4482    26.8171 0.0000e+00
       1287    227.516     0.6775   2.853165    33.4482    26.8171 0.0000e+00
       1288    227.503     0.6760   2.853005    33.4478    26.8169 0.0000e+00
       1289    227.514     0.6743   2.852810    33.4471    26.8164 0.0000e+00
       1290    227.541     0.6733   2.852700    33.4467    26.8162 0.0000e+00
       1291    227.574     0.6733   2.852721    33.4470    26.8164 0.0000e+00
       1292    227.596     0.6739   2.852821    33.4476    26.8169 0.0000e+00
       1293    227.588     0.6744   2.852910    33.4482    26.8173 0.0000e+00
       1294    227.553     0.6749   2.852953    33.4482    26.8173 0.0000e+00
       1295    227.512     0.6753   2.852955    33.4479    26.8170 0.0000e+00
       1296    227.475     0.6754   2.852950    33.4477    26.8169 0.0000e+00
       1297    227.435     0.6755   2.852957    33.4477    26.8169 0.0000e+00
       1298    227.399     0.6754   2.852951    33.4478    26.8169 0.0000e+00
       1299    227.384     0.6747   2.852896    33.4478    26.8170 0.0000e+00
       1300    227.389     0.6734   2.852779    33.4477    26.8170 0.0000e+00
       1301    227.403     0.6718   2.852642    33.4476    26.8170 0.0000e+00
       1302    227.421     0.6704   2.852523    33.4476    26.8171 0.0000e+00
       1303    227.443     0.6694   2.852430    33.4475    26.8170 0.0000e+00
       1304    227.458     0.6686   2.852407    33.4480    26.8175 0.0000e+00
       1305    227.448     0.6689   2.852499    33.4489    26.8182 0.0000e+00
       1306    227.415     0.6701   2.852607    33.4490    26.8182 0.0000e+00
       1307    227.382     0.6708   2.852611    33.4483    26.8176 0.0000e+00
       1308    227.368     0.6705   2.852523    33.4475    26.8170 0.0000e+00
       1309    227.376     0.6698   2.852424    33.4470    26.8166 0.0000e+00
       1310    227.393     0.6694   2.852400    33.4471    26.8167 0.0000e+00
       1311    227.405     0.6697   2.852441    33.4473    26.8169 0.0000e+00
       1312    227.408     0.6700   2.852481    33.4475    26.8170 0.0000e+00
       1313    227.407     0.6702   2.852504    33.4476    26.8171 0.0000e+00
       1314    227.408     0.6704   2.852524    33.4476    26.8171 0.0000e+00
       1315    227.411     0.6706   2.852536    33.4476    26.8170 0.0000e+00
       1316    227.417     0.6711   2.852572    33.4475    26.8169 0.0000e+00
       1317    227.428     0.6719   2.852653    33.4477    26.8170 0.0000e+00
       1318    227.437     0.6725   2.852704    33.4477    26.8170 0.0000e+00
       1319    227.434     0.6726   2.852696    33.4475    26.8168 0.0000e+00
       1320    227.414     0.6725   2.852719    33.4479    26.8172 0.0000e+00
       1321    227.384     0.6725   2.852791    33.4488    26.8179 0.0000e+00
       1322    227.353     0.6727   2.852848    33.4494    26.8184 0.0000e+00
       1323    227.322     0.6729   2.852864    33.4494    26.8184 0.0000e+00
       1324    227.287     0.6729   2.852838    33.4491    26.8181 0.0000e+00
       1325    227.261     0.6723   2.852745    33.4485    26.8177 0.0000e+00
       1326    227.260     0.6710   2.852567    33.4476    26.8170 0.0000e+00
       1327    227.278     0.6699   2.852413    33.4468    26.8165 0.0000e+00
       1328    227.287     0.6694   2.852409    33.4473    26.8169 0.0000e+00
       1329    227.275     0.6695   2.852467    33.4479    26.8174 0.0000e+00
       1330    227.257     0.6698   2.852444    33.4473    26.8169 0.0000e+00
       1331    227.250     0.6702   2.852394    33.4463    26.8160 0.0000e+00
       1332    227.245     0.6704   2.852381    33.4459    26.8157 0.0000e+00
       1333    227.223     0.6704   2.852359    33.4456    26.8155 0.0000e+00
       1334    227.175     0.6704   2.852342    33.4454    26.8153 0.0000e+00
       1335    227.111     0.6706   2.852353    33.4454    26.8153 0.0000e+00
       1336    227.049     0.6707   2.852361    33.4454    26.8153 0.0000e+00
       1337    227.002     0.6706   2.852336    33.4452    26.8151 0.0000e+00
       1338    226.983     0.6700   2.852245    33.4447    26.8147 0.0000e+00
       1339    226.995     0.6691   2.852119    33.4440    26.8143 0.0000e+00
       1340    227.022     0.6687   2.852055    33.4436    26.8140 0.0000e+00
       1341    227.046     0.6688   2.852094    33.4440    26.8143 0.0000e+00
       1342    227.059     0.6692   2.852159    33.4444    26.8146 0.0000e+00
       1343    227.058     0.6694   2.852186    33.4445    26.8147 0.0000e+00
       1344    227.037     0.6695   2.852156    33.4440    26.8143 0.0000e+00
       1345    226.995     0.6694   2.852089    33.4433    26.8137 0.0000e+00
       1346    226.934     0.6693   2.852044    33.4429    26.8133 0.0000e+00
       1347    226.863     0.6690   2.852029    33.4430    26.8135 0.0000e+00
       1348    226.797     0.6679   2.851978    33.4436    26.8140 0.0000e+00
       1349    226.756     0.6647   2.851656    33.4429    26.8136 0.0000e+00
       1350    226.759     0.6598   2.850964    33.4392    26.8110 0.0000e+00
       1351    226.798     0.6552   2.850318    33.4358    26.8085 0.0000e+00
       1352    226.848     0.6529   2.850206    33.4368    26.8094 0.0000e+00
       1353    226.880     0.6531   2.850407    33.4392    26.8113 0.0000e+00
       1354    226.879     0.6537   2.850324    33.4375    26.8099 0.0000e+00
       1355    226.846     0.6532   2.850087    33.4350    26.8079 0.0000e+00
       1356    226.802     0.6526   2.850092    33.4357    26.8085 0.0000e+00
       1357    226.764     0.6527   2.850237    33.4375    26.8099 0.0000e+00
       1358    226.736     0.6534   2.850332    33.4380    26.8103 0.0000e+00
       1359    226.713     0.6545   2.850359    33.4372    26.8096 0.0000e+00
       1360    226.702     0.6562   2.850440    33.4364    26.8088 0.0000e+00
       1361    226.713     0.6581   2.850636    33.4369    26.8091 0.0000e+00
       1362    226.738     0.6598   2.850819    33.4374    26.8094 0.0000e+00
       1363    226.757     0.6607   2.850902    33.4375    26.8095 0.0000e+00
       1364    226.756     0.6611   2.850873    33.4367    26.8088 0.0000e+00
       1365    226.732     0.6609   2.850766    33.4355    26.8079 0.0000e+00
       1366    226.687     0.6605   2.850732    33.4355    26.8079 0.0000e+00
       1367    226.614     0.6603   2.850813    33.4368    26.8090 0.0000e+00
       1368    226.517     0.6604   2.850892    33.4378    26.8098 0.0000e+00
       1369    226.430     0.6606   2.850909    33.4379    26.8098 0.0000e+00
       1370    226.393     0.6609   2.850912    33.4376    26.8096 0.0000e+00
       1371    226.407     0.6615   2.850971    33.4377    26.8096 0.0000e+00
       1372    226.457     0.6624   2.851083    33.4382    26.8099 0.0000e+00
       1373    226.523     0.6636   2.851171    33.4380    26.8097 0.0000e+00
       1374    226.584     0.6643   2.851180    33.4373    26.8091 0.0000e+00
       1375    226.619     0.6644   2.851210    33.4375    26.8093 0.0000e+00
       1376    226.613     0.6648   2.851388    33.4394    26.8108 0.0000e+00
       1377    226.557     0.6664   2.851642    33.4410    26.8120 0.0000e+00
       1378    226.454     0.6681   2.851789    33.4411    26.8120 0.0000e+00
       1379    226.339     0.6689   2.851776    33.4402    26.8112 0.0000e+00
       1380    226.263     0.6696   2.851765    33.4393    26.8104 0.0000e+00
       1381    226.251     0.6712   2.851949    33.4400    26.8109 0.0000e+00
       1382    226.285     0.6734   2.852184    33.4406    26.8113 0.0000e+00
       1383    226.344     0.6754   2.852321    33.4402    26.8108 0.0000e+00
       1384    226.417     0.6769   2.852525    33.4412    26.8115 0.0000e+00
       1385    226.493     0.6783   2.852813    33.4434    26.8132 0.0000e+00
       1386    226.560     0.6789   2.852957    33.4446    26.8141 0.0000e+00
       1387    226.607     0.6787   2.852855    33.4434    26.8132 0.0000e+00
       1388    226.617     0.6783   2.852762    33.4426    26.8126 0.0000e+00
       1389    226.583     0.6783   2.852900    33.4444    26.8141 0.0000e+00
       1390    226.506     0.6786   2.853050    33.4461    26.8154 0.0000e+00
       1391    226.397     0.6786   2.853052    33.4462    26.8155 0.0000e+00
       1392    226.286     0.6781   2.853004    33.4462    26.8155 0.0000e+00
       1393    226.223     0.6772   2.852991    33.4470    26.8162 0.0000e+00
       1394    226.237     0.6765   2.853011    33.4480    26.8171 0.0000e+00
       1395    226.305     0.6759   2.853028    33.4489    26.8178 0.0000e+00
       1396    226.385     0.6754   2.853034    33.4494    26.8182 0.0000e+00
       1397    226.454     0.6749   2.853024    33.4498    26.8186 0.0000e+00
       1398    226.503     0.6746   2.853004    33.4498    26.8186 0.0000e+00
       1399    226.522     0.6746   2.852994    33.4497    26.8185 0.0000e+00
       1400    226.494     0.6748   2.853015    33.4498    26.8186 0.0000e+00
       1401    226.409     0.6751   2.853035    33.4497    26.8185 0.0000e+00
       1402    226.295     0.6753   2.853021    33.4494    26.8182 0.0000e+00
       1403    226.215     0.6759   2.853020    33.4488    26.8177 0.0000e+00
       1404    226.197     0.6771   2.853067    33.4481    26.8171 0.0000e+00
       1405    226.219     0.6787   2.853129    33.4472    26.8163 0.0000e+00
       1406    226.251     0.6800   2.853189    33.4465    26.8157 0.0000e+00
       1407    226.291     0.6809   2.853256    33.4464    26.8155 0.0000e+00
       1408    226.352     0.6815   2.853321    33.4466    26.8156 0.0000e+00
       1409    226.440     0.6819   2.853373    33.4468    26.8157 0.0000e+00
       1410    226.533     0.6823   2.853408    33.4467    26.8157 0.0000e+00
       1411    226.607     0.6825   2.853408    33.4465    26.8155 0.0000e+00
       1412    226.663     0.6825   2.853403    33.4464    26.8154 0.0000e+00
       1413    226.702     0.6827   2.853420    33.4464    26.8154 0.0000e+00
       1414    226.726     0.6831   2.853432    33.4461    26.8151 0.0000e+00
       1415    226.737     0.6838   2.853427    33.4452    26.8144 0.0000e+00
       1416    226.731     0.6842   2.853400    33.4445    26.8137 0.0000e+00
       1417    226.719     0.6842   2.853338    33.4437    26.8131 0.0000e+00
       1418    226.735     0.6838   2.853239    33.4428    26.8124 0.0000e+00
       1419    226.788     0.6835   2.853149    33.4419    26.8117 0.0000e+00
       1420    226.855     0.6835   2.853116    33.4415    26.8114 0.0000e+00
       1421    226.913     0.6841   2.853138    33.4411    26.8110 0.0000e+00
       1422    226.958     0.6849   2.853214    33.4412    26.8110 0.0000e+00
       1423    226.997     0.6859   2.853326    33.4415    26.8113 0.0000e+00
       1424    227.032     0.6867   2.853393    33.4415    26.8112 0.0000e+00
       1425    227.053     0.6871   2.853377    33.4409    26.8107 0.0000e+00
       1426    227.049     0.6867   2.853336    33.4408    26.8106 0.0000e+00
       1427    227.017     0.6861   2.853324    33.4413    26.8111 0.0000e+00
       1428    226.974     0.6858   2.853332    33.4417    26.8114 0.0000e+00
       1429    226.952     0.6861   2.853338    33.4415    26.8112 0.0000e+00
       1430    226.967     0.6864   2.853320    33.4409    26.8108 0.0000e+00
       1431    227.002     0.6865   2.853288    33.4404    26.8103 0.0000e+00
       1432    227.028     0.6864   2.853274    33.4403    26.8103 0.0000e+00
       1433    227.033     0.6861   2.853266    33.4405    26.8104 0.0000e+00
       1434    227.036     0.6857   2.853245    33.4407    26.8106 0.0000e+00
       1435    227.052     0.6854   2.853226    33.4407    26.8107 0.0000e+00
