Datasets/Multi_Species/NEE535/ned535_2020_013.cnv
* Sea-Bird SBE19plus Data File:
* Filename = C:/AQUIRE/ned535_2020_013.hex
* Software Version AquireV2 AF V2.0
* Temperature SN =  4579
* Conductivity SN =  4579
* System UpLoad Time = Dec 07 2020 16:04:27
** VESSEL/TRIP/SEQ STN: ned535_2020_013
** LATITUDE: 50 13.61 N
** LONGITUDE: 50 14.81 W
** DATE/TIME: 2020-12-07 14:46
** SOUNDING DEPTH (M):  873
** PROBE TYPE: S4579
** CTD NUMBER:  13
** COMMENTS: 
# nquan = 7                                 
# nvalues = 4629                        
# units = specified
# name 0 = scan: Scan Count
# name 1 = prdM: Pressure, Strain Gauge [db]
# name 2 = tv290C: Temperature [ITS-90, deg C]
# name 3 = c0S/m: Conductivity [S/m]
# name 4 = sal00: Salinity, Practical [PSU]
# name 5 = sigma-t00: Density [sigma-t, kg/m^3 ]
# name 6 = flag: flag
# span 0 =          1,       4629       
# span 1 =     -0.397,    892.838       
# span 2 =     1.5939,     3.9506       
# span 3 =   0.013335,   3.250286       
# span 4 =     0.1059,    34.8645       
# span 5 =     0.0547,    27.7283       
# span 6 = 0.0000e+00, 0.0000e+00       
# interval = seconds: 1
# start_time = Dec 07 2020 14:46:12 [Instrument's time stamp, header]
# bad_flag = -9.990e-29
*END*
[from data line 1026]
       1027    346.569     3.8482   3.235608    34.7376    27.5931 0.0000e+00
       1028    347.074     3.8484   3.235629    34.7373    27.5929 0.0000e+00
       1029    347.593     3.8487   3.235681    34.7374    27.5929 0.0000e+00
       1030    348.133     3.8495   3.235839    34.7381    27.5934 0.0000e+00
       1031    348.673     3.8514   3.236111    34.7390    27.5940 0.0000e+00
       1032    349.200     3.8566   3.236741    34.7408    27.5948 0.0000e+00
       1033    349.730     3.8652   3.237872    34.7448    27.5971 0.0000e+00
       1034    350.281     3.8752   3.239084    34.7484    27.5989 0.0000e+00
       1035    350.847     3.8837   3.239953    34.7494    27.5989 0.0000e+00
       1036    351.411     3.8892   3.240486    34.7496    27.5985 0.0000e+00
       1037    351.973     3.8928   3.240857    34.7499    27.5984 0.0000e+00
       1038    352.547     3.8956   3.241188    34.7506    27.5986 0.0000e+00
       1039    353.139     3.8986   3.241554    34.7514    27.5990 0.0000e+00
       1040    353.732     3.9015   3.241909    34.7523    27.5993 0.0000e+00
       1041    354.321     3.9039   3.242195    34.7528    27.5995 0.0000e+00
       1042    354.916     3.9059   3.242450    34.7534    27.5998 0.0000e+00
       1043    355.527     3.9085   3.242755    34.7539    27.6000 0.0000e+00
       1044    356.153     3.9115   3.243143    34.7550    27.6005 0.0000e+00
       1045    356.788     3.9145   3.243525    34.7561    27.6010 0.0000e+00
       1046    357.423     3.9168   3.243807    34.7566    27.6012 0.0000e+00
       1047    358.050     3.9183   3.243969    34.7567    27.6011 0.0000e+00
       1048    358.675     3.9192   3.244068    34.7565    27.6009 0.0000e+00
       1049    359.312     3.9199   3.244172    34.7567    27.6010 0.0000e+00
       1050    359.961     3.9204   3.244261    34.7569    27.6011 0.0000e+00
       1051    360.608     3.9209   3.244340    34.7569    27.6011 0.0000e+00
       1052    361.244     3.9219   3.244475    34.7571    27.6011 0.0000e+00
       1053    361.873     3.9236   3.244727    34.7580    27.6016 0.0000e+00
       1054    362.508     3.9266   3.245121    34.7592    27.6022 0.0000e+00
       1055    363.156     3.9307   3.245638    34.7606    27.6030 0.0000e+00
       1056    363.818     3.9354   3.246205    34.7620    27.6036 0.0000e+00
       1057    364.490     3.9393   3.246686    34.7633    27.6042 0.0000e+00
       1058    365.170     3.9419   3.246991    34.7638    27.6043 0.0000e+00
       1059    365.854     3.9433   3.247165    34.7640    27.6043 0.0000e+00
       1060    366.533     3.9440   3.247288    34.7643    27.6046 0.0000e+00
       1061    367.207     3.9444   3.247380    34.7647    27.6048 0.0000e+00
       1062    367.880     3.9446   3.247456    34.7650    27.6050 0.0000e+00
       1063    368.559     3.9447   3.247526    34.7654    27.6053 0.0000e+00
       1064    369.250     3.9447   3.247593    34.7658    27.6056 0.0000e+00
       1065    369.941     3.9442   3.247637    34.7665    27.6062 0.0000e+00
       1066    370.620     3.9430   3.247618    34.7671    27.6069 0.0000e+00
       1067    371.297     3.9413   3.247527    34.7675    27.6073 0.0000e+00
       1068    371.986     3.9394   3.247410    34.7678    27.6077 0.0000e+00
       1069    372.678     3.9370   3.247262    34.7682    27.6083 0.0000e+00
       1070    373.363     3.9343   3.247063    34.7683    27.6087 0.0000e+00
       1071    374.044     3.9311   3.246856    34.7689    27.6095 0.0000e+00
       1072    374.729     3.9276   3.246626    34.7695    27.6103 0.0000e+00
       1073    375.417     3.9240   3.246341    34.7695    27.6108 0.0000e+00
       1074    376.110     3.9213   3.246172    34.7700    27.6114 0.0000e+00
       1075    376.818     3.9205   3.246256    34.7715    27.6127 0.0000e+00
       1076    377.540     3.9215   3.246493    34.7728    27.6137 0.0000e+00
       1077    378.261     3.9230   3.246736    34.7738    27.6142 0.0000e+00
       1078    378.967     3.9243   3.246930    34.7743    27.6145 0.0000e+00
       1079    379.661     3.9257   3.247101    34.7745    27.6145 0.0000e+00
       1080    380.364     3.9274   3.247313    34.7748    27.6146 0.0000e+00
       1081    381.083     3.9294   3.247588    34.7756    27.6150 0.0000e+00
       1082    381.792     3.9315   3.247873    34.7764    27.6154 0.0000e+00
       1083    382.477     3.9332   3.248112    34.7771    27.6158 0.0000e+00
       1084    383.168     3.9344   3.248280    34.7774    27.6160 0.0000e+00
       1085    383.890     3.9352   3.248398    34.7776    27.6160 0.0000e+00
       1086    384.626     3.9358   3.248492    34.7777    27.6160 0.0000e+00
       1087    385.353     3.9360   3.248569    34.7780    27.6162 0.0000e+00
       1088    386.073     3.9362   3.248632    34.7781    27.6163 0.0000e+00
       1089    386.796     3.9364   3.248697    34.7783    27.6165 0.0000e+00
       1090    387.524     3.9366   3.248771    34.7786    27.6167 0.0000e+00
       1091    388.250     3.9368   3.248842    34.7788    27.6168 0.0000e+00
       1092    388.976     3.9369   3.248905    34.7791    27.6170 0.0000e+00
       1093    389.710     3.9371   3.248968    34.7792    27.6171 0.0000e+00
       1094    390.455     3.9372   3.249028    34.7794    27.6173 0.0000e+00
       1095    391.195     3.9374   3.249095    34.7796    27.6174 0.0000e+00
       1096    391.909     3.9375   3.249165    34.7800    27.6177 0.0000e+00
       1097    392.607     3.9375   3.249222    34.7803    27.6179 0.0000e+00
       1098    393.331     3.9374   3.249271    34.7806    27.6182 0.0000e+00
       1099    394.092     3.9372   3.249317    34.7809    27.6185 0.0000e+00
       1100    394.859     3.9371   3.249353    34.7811    27.6186 0.0000e+00
       1101    395.606     3.9369   3.249379    34.7812    27.6187 0.0000e+00
       1102    396.339     3.9366   3.249397    34.7813    27.6188 0.0000e+00
       1103    397.084     3.9358   3.249382    34.7816    27.6191 0.0000e+00
       1104    397.847     3.9344   3.249302    34.7817    27.6194 0.0000e+00
       1105    398.607     3.9326   3.249197    34.7820    27.6198 0.0000e+00
       1106    399.354     3.9309   3.249108    34.7823    27.6202 0.0000e+00
       1107    400.101     3.9288   3.248995    34.7828    27.6208 0.0000e+00
       1108    400.858     3.9264   3.248821    34.7829    27.6211 0.0000e+00
       1109    401.620     3.9238   3.248639    34.7831    27.6215 0.0000e+00
       1110    402.372     3.9215   3.248509    34.7836    27.6222 0.0000e+00
       1111    403.111     3.9194   3.248405    34.7841    27.6229 0.0000e+00
       1112    403.853     3.9175   3.248288    34.7844    27.6232 0.0000e+00
       1113    404.615     3.9156   3.248169    34.7846    27.6236 0.0000e+00
       1114    405.384     3.9139   3.248065    34.7847    27.6239 0.0000e+00
       1115    406.138     3.9120   3.247936    34.7848    27.6241 0.0000e+00
       1116    406.886     3.9095   3.247740    34.7847    27.6243 0.0000e+00
       1117    407.652     3.9066   3.247510    34.7846    27.6246 0.0000e+00
       1118    408.433     3.9036   3.247307    34.7850    27.6252 0.0000e+00
       1119    409.205     3.9009   3.247139    34.7854    27.6258 0.0000e+00
       1120    409.963     3.8985   3.246978    34.7857    27.6262 0.0000e+00
       1121    410.727     3.8957   3.246774    34.7858    27.6266 0.0000e+00
       1122    411.504     3.8921   3.246487    34.7858    27.6270 0.0000e+00
       1123    412.281     3.8884   3.246187    34.7857    27.6273 0.0000e+00
       1124    413.052     3.8854   3.245967    34.7859    27.6278 0.0000e+00
       1125    413.831     3.8834   3.245841    34.7861    27.6281 0.0000e+00
       1126    414.621     3.8820   3.245800    34.7867    27.6287 0.0000e+00
       1127    415.407     3.8807   3.245777    34.7874    27.6294 0.0000e+00
       1128    416.184     3.8792   3.245679    34.7874    27.6296 0.0000e+00
       1129    416.970     3.8770   3.245504    34.7872    27.6297 0.0000e+00
       1130    417.775     3.8744   3.245321    34.7873    27.6300 0.0000e+00
       1131    418.579     3.8720   3.245183    34.7878    27.6307 0.0000e+00
       1132    419.356     3.8704   3.245136    34.7885    27.6314 0.0000e+00
       1133    420.124     3.8697   3.245157    34.7891    27.6319 0.0000e+00
       1134    420.922     3.8691   3.245180    34.7896    27.6324 0.0000e+00
       1135    421.746     3.8682   3.245177    34.7901    27.6329 0.0000e+00
       1136    422.560     3.8671   3.245153    34.7905    27.6333 0.0000e+00
       1137    423.355     3.8662   3.245131    34.7908    27.6336 0.0000e+00
       1138    424.149     3.8655   3.245131    34.7911    27.6340 0.0000e+00
       1139    424.949     3.8649   3.245159    34.7917    27.6345 0.0000e+00
       1140    425.740     3.8648   3.245202    34.7919    27.6346 0.0000e+00
       1141    426.523     3.8650   3.245250    34.7918    27.6346 0.0000e+00
       1142    427.307     3.8653   3.245334    34.7921    27.6347 0.0000e+00
       1143    428.092     3.8658   3.245467    34.7927    27.6352 0.0000e+00
       1144    428.870     3.8663   3.245607    34.7934    27.6357 0.0000e+00
       1145    429.646     3.8667   3.245708    34.7938    27.6360 0.0000e+00
       1146    430.437     3.8670   3.245765    34.7937    27.6359 0.0000e+00
       1147    431.250     3.8670   3.245821    34.7939    27.6361 0.0000e+00
       1148    432.058     3.8673   3.245909    34.7942    27.6363 0.0000e+00
       1149    432.844     3.8677   3.246021    34.7947    27.6366 0.0000e+00
       1150    433.626     3.8682   3.246143    34.7952    27.6370 0.0000e+00
       1151    434.422     3.8686   3.246263    34.7958    27.6374 0.0000e+00
       1152    435.217     3.8690   3.246369    34.7962    27.6377 0.0000e+00
       1153    435.986     3.8694   3.246473    34.7966    27.6380 0.0000e+00
       1154    436.740     3.8697   3.246571    34.7971    27.6383 0.0000e+00
       1155    437.510     3.8700   3.246657    34.7974    27.6385 0.0000e+00
       1156    438.303     3.8702   3.246738    34.7977    27.6387 0.0000e+00
       1157    439.101     3.8704   3.246822    34.7981    27.6390 0.0000e+00
       1158    439.887     3.8706   3.246907    34.7984    27.6393 0.0000e+00
       1159    440.671     3.8708   3.246988    34.7988    27.6395 0.0000e+00
       1160    441.466     3.8712   3.247085    34.7991    27.6397 0.0000e+00
       1161    442.268     3.8715   3.247183    34.7995    27.6400 0.0000e+00
       1162    443.064     3.8716   3.247259    34.7999    27.6403 0.0000e+00
       1163    443.850     3.8715   3.247305    34.8001    27.6405 0.0000e+00
       1164    444.636     3.8713   3.247330    34.8002    27.6406 0.0000e+00
       1165    445.428     3.8713   3.247376    34.8003    27.6407 0.0000e+00
       1166    446.221     3.8716   3.247457    34.8006    27.6409 0.0000e+00
       1167    447.012     3.8719   3.247558    34.8010    27.6412 0.0000e+00
       1168    447.806     3.8723   3.247652    34.8013    27.6414 0.0000e+00
       1169    448.607     3.8724   3.247715    34.8015    27.6415 0.0000e+00
       1170    449.408     3.8724   3.247766    34.8017    27.6417 0.0000e+00
       1171    450.194     3.8726   3.247851    34.8021    27.6420 0.0000e+00
       1172    450.964     3.8731   3.247961    34.8024    27.6422 0.0000e+00
       1173    451.729     3.8737   3.248071    34.8027    27.6423 0.0000e+00
       1174    452.492     3.8743   3.248186    34.8030    27.6425 0.0000e+00
       1175    453.255     3.8750   3.248305    34.8033    27.6427 0.0000e+00
       1176    454.015     3.8757   3.248408    34.8034    27.6427 0.0000e+00
       1177    454.771     3.8761   3.248485    34.8035    27.6427 0.0000e+00
       1178    455.530     3.8762   3.248536    34.8036    27.6428 0.0000e+00
       1179    456.300     3.8759   3.248553    34.8037    27.6429 0.0000e+00
       1180    457.077     3.8754   3.248536    34.8036    27.6429 0.0000e+00
       1181    457.842     3.8746   3.248507    34.8037    27.6430 0.0000e+00
       1182    458.585     3.8740   3.248489    34.8037    27.6431 0.0000e+00
       1183    459.321     3.8735   3.248487    34.8038    27.6433 0.0000e+00
       1184    460.065     3.8730   3.248495    34.8041    27.6435 0.0000e+00
       1185    460.810     3.8725   3.248503    34.8043    27.6437 0.0000e+00
       1186    461.541     3.8720   3.248496    34.8043    27.6438 0.0000e+00
       1187    462.257     3.8712   3.248468    34.8045    27.6440 0.0000e+00
       1188    462.967     3.8701   3.248421    34.8047    27.6443 0.0000e+00
       1189    463.684     3.8689   3.248360    34.8049    27.6446 0.0000e+00
       1190    464.413     3.8677   3.248303    34.8051    27.6449 0.0000e+00
       1191    465.141     3.8666   3.248254    34.8053    27.6451 0.0000e+00
       1192    465.851     3.8658   3.248223    34.8054    27.6453 0.0000e+00
       1193    466.547     3.8651   3.248219    34.8057    27.6456 0.0000e+00
       1194    467.246     3.8647   3.248233    34.8059    27.6458 0.0000e+00
       1195    467.953     3.8644   3.248261    34.8062    27.6461 0.0000e+00
       1196    468.661     3.8643   3.248296    34.8063    27.6462 0.0000e+00
       1197    469.367     3.8641   3.248327    34.8065    27.6464 0.0000e+00
       1198    470.080     3.8640   3.248378    34.8069    27.6467 0.0000e+00
       1199    470.802     3.8643   3.248489    34.8075    27.6471 0.0000e+00
       1200    471.515     3.8648   3.248635    34.8083    27.6477 0.0000e+00
       1201    472.209     3.8651   3.248752    34.8090    27.6483 0.0000e+00
       1202    472.899     3.8651   3.248814    34.8094    27.6486 0.0000e+00
       1203    473.602     3.8647   3.248842    34.8098    27.6489 0.0000e+00
       1204    474.314     3.8643   3.248854    34.8100    27.6491 0.0000e+00
       1205    475.015     3.8640   3.248862    34.8100    27.6492 0.0000e+00
       1206    475.701     3.8636   3.248879    34.8103    27.6494 0.0000e+00
       1207    476.382     3.8632   3.248891    34.8105    27.6496 0.0000e+00
       1208    477.067     3.8630   3.248905    34.8105    27.6496 0.0000e+00
       1209    477.758     3.8626   3.248923    34.8108    27.6499 0.0000e+00
       1210    478.454     3.8624   3.248933    34.8107    27.6499 0.0000e+00
       1211    479.148     3.8621   3.248938    34.8107    27.6499 0.0000e+00
       1212    479.840     3.8617   3.248942    34.8108    27.6501 0.0000e+00
       1213    480.532     3.8613   3.248936    34.8108    27.6501 0.0000e+00
       1214    481.225     3.8608   3.248933    34.8109    27.6502 0.0000e+00
       1215    481.916     3.8605   3.248939    34.8110    27.6503 0.0000e+00
       1216    482.603     3.8601   3.248938    34.8110    27.6504 0.0000e+00
       1217    483.287     3.8594   3.248914    34.8111    27.6505 0.0000e+00
       1218    483.971     3.8583   3.248833    34.8109    27.6505 0.0000e+00
       1219    484.655     3.8567   3.248710    34.8108    27.6506 0.0000e+00
       1220    485.339     3.8551   3.248618    34.8111    27.6509 0.0000e+00
       1221    486.027     3.8537   3.248546    34.8113    27.6513 0.0000e+00
       1222    486.718     3.8520   3.248425    34.8113    27.6514 0.0000e+00
       1223    487.403     3.8499   3.248256    34.8112    27.6515 0.0000e+00
       1224    488.075     3.8474   3.248073    34.8113    27.6519 0.0000e+00
       1225    488.745     3.8449   3.247887    34.8114    27.6522 0.0000e+00
       1226    489.421     3.8423   3.247676    34.8113    27.6524 0.0000e+00
       1227    490.095     3.8394   3.247449    34.8113    27.6527 0.0000e+00
       1228    490.763     3.8369   3.247278    34.8115    27.6532 0.0000e+00
       1229    491.431     3.8352   3.247218    34.8123    27.6539 0.0000e+00
       1230    492.107     3.8342   3.247219    34.8130    27.6546 0.0000e+00
