Datasets/Multi_Species/NEE535/ned535_2020_014.cnv
* Sea-Bird SBE19plus Data File:
* Filename = C:/AQUIRE/ned535_2020_014.hex
* Software Version AquireV2 AF V2.0
* Temperature SN =  4579
* Conductivity SN =  4579
* System UpLoad Time = Dec 07 2020 18:36:28
** VESSEL/TRIP/SEQ STN: ned535_2020_014
** LATITUDE: 50 13.69 N
** LONGITUDE: 50 08.68 W
** DATE/TIME: 2020-12-07 17:15
** SOUNDING DEPTH (M):  949
** PROBE TYPE: S4579
** CTD NUMBER:  14
** COMMENTS: 
# nquan = 7                                 
# nvalues = 4800                        
# units = specified
# name 0 = scan: Scan Count
# name 1 = prdM: Pressure, Strain Gauge [db]
# name 2 = tv290C: Temperature [ITS-90, deg C]
# name 3 = c0S/m: Conductivity [S/m]
# name 4 = sal00: Salinity, Practical [PSU]
# name 5 = sigma-t00: Density [sigma-t, kg/m^3 ]
# name 6 = flag: flag
# span 0 =          1,       4800       
# span 1 =     -0.394,    945.893       
# span 2 =     1.4890,     3.9511       
# span 3 =   0.011529,   3.251341       
# span 4 =     0.0904,    34.8652       
# span 5 =     0.0451,    27.7302       
# span 6 = 0.0000e+00, 0.0000e+00       
# interval = seconds: 1
# start_time = Dec 07 2020 17:15:41 [Instrument's time stamp, header]
# bad_flag = -9.990e-29
*END*
[from data line 1642]
       1643    583.468     3.7672   3.246388    34.8257    27.6716 0.0000e+00
       1644    584.069     3.7670   3.246397    34.8257    27.6716 0.0000e+00
       1645    584.680     3.7666   3.246363    34.8254    27.6714 0.0000e+00
       1646    585.309     3.7660   3.246317    34.8252    27.6713 0.0000e+00
       1647    585.947     3.7653   3.246298    34.8254    27.6715 0.0000e+00
       1648    586.581     3.7650   3.246310    34.8255    27.6716 0.0000e+00
       1649    587.204     3.7648   3.246332    34.8256    27.6717 0.0000e+00
       1650    587.816     3.7646   3.246345    34.8257    27.6718 0.0000e+00
       1651    588.413     3.7645   3.246359    34.8256    27.6718 0.0000e+00
       1652    588.996     3.7642   3.246379    34.8259    27.6720 0.0000e+00
       1653    589.579     3.7636   3.246353    34.8259    27.6721 0.0000e+00
       1654    590.176     3.7624   3.246257    34.8257    27.6721 0.0000e+00
       1655    590.786     3.7609   3.246139    34.8256    27.6721 0.0000e+00
       1656    591.404     3.7595   3.246054    34.8257    27.6724 0.0000e+00
       1657    592.037     3.7583   3.245996    34.8260    27.6727 0.0000e+00
       1658    592.692     3.7573   3.245937    34.8260    27.6728 0.0000e+00
       1659    593.353     3.7562   3.245886    34.8262    27.6731 0.0000e+00
       1660    593.994     3.7554   3.245891    34.8268    27.6736 0.0000e+00
       1661    594.600     3.7549   3.245976    34.8280    27.6746 0.0000e+00
       1662    595.175     3.7548   3.246058    34.8288    27.6753 0.0000e+00
       1663    595.744     3.7546   3.246013    34.8281    27.6748 0.0000e+00
       1664    596.330     3.7539   3.245890    34.8271    27.6740 0.0000e+00
       1665    596.936     3.7531   3.245807    34.8267    27.6737 0.0000e+00
       1666    597.548     3.7525   3.245798    34.8269    27.6740 0.0000e+00
       1667    598.156     3.7521   3.245823    34.8273    27.6743 0.0000e+00
       1668    598.766     3.7517   3.245834    34.8275    27.6746 0.0000e+00
       1669    599.396     3.7515   3.245815    34.8272    27.6743 0.0000e+00
       1670    600.045     3.7512   3.245797    34.8269    27.6741 0.0000e+00
       1671    600.694     3.7508   3.245805    34.8271    27.6743 0.0000e+00
       1672    601.324     3.7506   3.245842    34.8274    27.6746 0.0000e+00
       1673    601.932     3.7504   3.245874    34.8277    27.6748 0.0000e+00
       1674    602.530     3.7503   3.245875    34.8275    27.6747 0.0000e+00
       1675    603.127     3.7500   3.245859    34.8273    27.6746 0.0000e+00
       1676    603.723     3.7496   3.245850    34.8273    27.6746 0.0000e+00
       1677    604.315     3.7493   3.245851    34.8273    27.6747 0.0000e+00
       1678    604.908     3.7491   3.245858    34.8273    27.6747 0.0000e+00
       1679    605.512     3.7489   3.245848    34.8271    27.6745 0.0000e+00
       1680    606.131     3.7484   3.245834    34.8271    27.6746 0.0000e+00
       1681    606.762     3.7478   3.245832    34.8274    27.6749 0.0000e+00
       1682    607.397     3.7473   3.245814    34.8274    27.6749 0.0000e+00
       1683    608.027     3.7465   3.245793    34.8276    27.6752 0.0000e+00
       1684    608.646     3.7457   3.245786    34.8281    27.6756 0.0000e+00
       1685    609.256     3.7449   3.245763    34.8283    27.6759 0.0000e+00
       1686    609.859     3.7440   3.245713    34.8284    27.6760 0.0000e+00
       1687    610.456     3.7431   3.245655    34.8283    27.6761 0.0000e+00
       1688    611.051     3.7423   3.245608    34.8283    27.6761 0.0000e+00
       1689    611.649     3.7416   3.245573    34.8283    27.6762 0.0000e+00
       1690    612.251     3.7410   3.245544    34.8283    27.6763 0.0000e+00
       1691    612.859     3.7404   3.245523    34.8283    27.6764 0.0000e+00
       1692    613.475     3.7398   3.245513    34.8285    27.6766 0.0000e+00
       1693    614.094     3.7394   3.245506    34.8285    27.6766 0.0000e+00
       1694    614.714     3.7390   3.245499    34.8286    27.6767 0.0000e+00
       1695    615.337     3.7384   3.245487    34.8287    27.6769 0.0000e+00
       1696    615.966     3.7378   3.245462    34.8287    27.6770 0.0000e+00
       1697    616.597     3.7372   3.245438    34.8288    27.6770 0.0000e+00
       1698    617.219     3.7366   3.245429    34.8290    27.6772 0.0000e+00
       1699    617.820     3.7359   3.245441    34.8295    27.6778 0.0000e+00
       1700    618.404     3.7355   3.245457    34.8298    27.6781 0.0000e+00
       1701    618.995     3.7352   3.245438    34.8296    27.6779 0.0000e+00
       1702    619.605     3.7347   3.245394    34.8293    27.6777 0.0000e+00
       1703    620.224     3.7342   3.245373    34.8292    27.6777 0.0000e+00
       1704    620.842     3.7339   3.245377    34.8293    27.6778 0.0000e+00
       1705    621.466     3.7336   3.245379    34.8293    27.6778 0.0000e+00
       1706    622.094     3.7333   3.245372    34.8292    27.6778 0.0000e+00
       1707    622.712     3.7331   3.245393    34.8293    27.6779 0.0000e+00
       1708    623.308     3.7329   3.245445    34.8299    27.6783 0.0000e+00
       1709    623.896     3.7329   3.245468    34.8298    27.6783 0.0000e+00
       1710    624.500     3.7328   3.245455    34.8295    27.6780 0.0000e+00
       1711    625.123     3.7326   3.245452    34.8293    27.6779 0.0000e+00
       1712    625.748     3.7325   3.245473    34.8293    27.6780 0.0000e+00
       1713    626.359     3.7325   3.245525    34.8296    27.6782 0.0000e+00
       1714    626.956     3.7324   3.245572    34.8300    27.6785 0.0000e+00
       1715    627.552     3.7324   3.245575    34.8297    27.6783 0.0000e+00
       1716    628.163     3.7321   3.245553    34.8294    27.6781 0.0000e+00
       1717    628.795     3.7318   3.245543    34.8293    27.6780 0.0000e+00
       1718    629.431     3.7315   3.245562    34.8295    27.6782 0.0000e+00
       1719    630.047     3.7313   3.245602    34.8299    27.6785 0.0000e+00
       1720    630.639     3.7312   3.245623    34.8299    27.6786 0.0000e+00
       1721    631.227     3.7309   3.245599    34.8296    27.6784 0.0000e+00
       1722    631.827     3.7305   3.245568    34.8294    27.6782 0.0000e+00
       1723    632.438     3.7298   3.245551    34.8296    27.6784 0.0000e+00
       1724    633.052     3.7293   3.245540    34.8297    27.6786 0.0000e+00
       1725    633.667     3.7286   3.245507    34.8297    27.6786 0.0000e+00
       1726    634.287     3.7274   3.245413    34.8295    27.6786 0.0000e+00
       1727    634.914     3.7259   3.245283    34.8292    27.6786 0.0000e+00
       1728    635.538     3.7245   3.245210    34.8295    27.6789 0.0000e+00
       1729    636.147     3.7237   3.245200    34.8299    27.6793 0.0000e+00
       1730    636.749     3.7233   3.245198    34.8300    27.6794 0.0000e+00
       1731    637.360     3.7229   3.245184    34.8299    27.6794 0.0000e+00
       1732    637.984     3.7224   3.245155    34.8298    27.6794 0.0000e+00
       1733    638.608     3.7221   3.245146    34.8297    27.6793 0.0000e+00
       1734    639.226     3.7218   3.245162    34.8299    27.6795 0.0000e+00
       1735    639.843     3.7214   3.245163    34.8300    27.6796 0.0000e+00
       1736    640.448     3.7207   3.245136    34.8301    27.6798 0.0000e+00
       1737    641.030     3.7199   3.245116    34.8304    27.6801 0.0000e+00
       1738    641.606     3.7189   3.245075    34.8307    27.6804 0.0000e+00
       1739    642.208     3.7176   3.244964    34.8304    27.6803 0.0000e+00
       1740    642.841     3.7164   3.244850    34.8300    27.6801 0.0000e+00
       1741    643.486     3.7155   3.244817    34.8302    27.6804 0.0000e+00
       1742    644.123     3.7151   3.244854    34.8307    27.6808 0.0000e+00
       1743    644.747     3.7150   3.244901    34.8311    27.6811 0.0000e+00
       1744    645.361     3.7149   3.244909    34.8309    27.6810 0.0000e+00
       1745    645.973     3.7146   3.244889    34.8307    27.6809 0.0000e+00
       1746    646.580     3.7142   3.244893    34.8309    27.6810 0.0000e+00
       1747    647.175     3.7140   3.244933    34.8312    27.6813 0.0000e+00
       1748    647.758     3.7137   3.244968    34.8317    27.6817 0.0000e+00
       1749    648.348     3.7136   3.244980    34.8316    27.6817 0.0000e+00
       1750    648.961     3.7138   3.244998    34.8313    27.6814 0.0000e+00
       1751    649.594     3.7140   3.245057    34.8314    27.6815 0.0000e+00
       1752    650.230     3.7142   3.245129    34.8317    27.6817 0.0000e+00
       1753    650.854     3.7142   3.245170    34.8319    27.6819 0.0000e+00
       1754    651.462     3.7141   3.245185    34.8319    27.6818 0.0000e+00
       1755    652.060     3.7136   3.245177    34.8320    27.6820 0.0000e+00
       1756    652.651     3.7129   3.245135    34.8319    27.6820 0.0000e+00
       1757    653.233     3.7119   3.245069    34.8319    27.6821 0.0000e+00
       1758    653.812     3.7107   3.244985    34.8319    27.6822 0.0000e+00
       1759    654.413     3.7092   3.244876    34.8318    27.6823 0.0000e+00
       1760    655.048     3.7080   3.244797    34.8318    27.6824 0.0000e+00
       1761    655.699     3.7073   3.244791    34.8322    27.6828 0.0000e+00
       1762    656.336     3.7070   3.244847    34.8328    27.6833 0.0000e+00
       1763    656.943     3.7071   3.244945    34.8335    27.6839 0.0000e+00
       1764    657.524     3.7073   3.245033    34.8341    27.6843 0.0000e+00
       1765    658.098     3.7073   3.245053    34.8340    27.6842 0.0000e+00
       1766    658.684     3.7072   3.245018    34.8334    27.6838 0.0000e+00
       1767    659.294     3.7070   3.244982    34.8329    27.6834 0.0000e+00
       1768    659.921     3.7068   3.244983    34.8328    27.6833 0.0000e+00
       1769    660.544     3.7066   3.245013    34.8330    27.6835 0.0000e+00
       1770    661.157     3.7066   3.245056    34.8332    27.6837 0.0000e+00
       1771    661.766     3.7066   3.245093    34.8333    27.6837 0.0000e+00
       1772    662.365     3.7066   3.245116    34.8333    27.6837 0.0000e+00
       1773    662.946     3.7065   3.245140    34.8333    27.6838 0.0000e+00
       1774    663.521     3.7063   3.245154    34.8334    27.6839 0.0000e+00
       1775    664.108     3.7061   3.245146    34.8332    27.6837 0.0000e+00
       1776    664.712     3.7058   3.245140    34.8332    27.6837 0.0000e+00
       1777    665.322     3.7056   3.245146    34.8331    27.6837 0.0000e+00
       1778    665.926     3.7054   3.245164    34.8332    27.6838 0.0000e+00
       1779    666.528     3.7053   3.245187    34.8333    27.6839 0.0000e+00
       1780    667.131     3.7051   3.245196    34.8333    27.6839 0.0000e+00
       1781    667.730     3.7046   3.245199    34.8336    27.6841 0.0000e+00
       1782    668.316     3.7038   3.245204    34.8342    27.6847 0.0000e+00
       1783    668.890     3.7026   3.245151    34.8345    27.6851 0.0000e+00
       1784    669.462     3.7009   3.244998    34.8342    27.6850 0.0000e+00
       1785    670.039     3.6990   3.244823    34.8338    27.6849 0.0000e+00
       1786    670.632     3.6976   3.244710    34.8336    27.6849 0.0000e+00
       1787    671.247     3.6966   3.244650    34.8336    27.6850 0.0000e+00
       1788    671.874     3.6959   3.244625    34.8338    27.6852 0.0000e+00
       1789    672.488     3.6955   3.244647    34.8341    27.6855 0.0000e+00
       1790    673.071     3.6953   3.244717    34.8349    27.6861 0.0000e+00
       1791    673.629     3.6955   3.244778    34.8351    27.6863 0.0000e+00
       1792    674.191     3.6954   3.244772    34.8348    27.6861 0.0000e+00
       1793    674.779     3.6951   3.244735    34.8344    27.6858 0.0000e+00
       1794    675.385     3.6949   3.244724    34.8342    27.6856 0.0000e+00
       1795    675.982     3.6947   3.244751    34.8344    27.6858 0.0000e+00
       1796    676.561     3.6946   3.244801    34.8348    27.6861 0.0000e+00
       1797    677.140     3.6946   3.244828    34.8348    27.6861 0.0000e+00
       1798    677.738     3.6947   3.244832    34.8344    27.6858 0.0000e+00
       1799    678.346     3.6948   3.244856    34.8343    27.6857 0.0000e+00
       1800    678.941     3.6948   3.244899    34.8345    27.6859 0.0000e+00
       1801    679.508     3.6949   3.244941    34.8346    27.6859 0.0000e+00
       1802    680.057     3.6949   3.244963    34.8345    27.6859 0.0000e+00
       1803    680.611     3.6945   3.244943    34.8344    27.6859 0.0000e+00
       1804    681.189     3.6934   3.244846    34.8342    27.6858 0.0000e+00
       1805    681.793     3.6920   3.244720    34.8338    27.6856 0.0000e+00
       1806    682.414     3.6910   3.244665    34.8339    27.6858 0.0000e+00
       1807    683.035     3.6904   3.244682    34.8344    27.6863 0.0000e+00
       1808    683.632     3.6900   3.244718    34.8349    27.6867 0.0000e+00
       1809    684.199     3.6896   3.244742    34.8354    27.6871 0.0000e+00
       1810    684.754     3.6890   3.244697    34.8352    27.6870 0.0000e+00
       1811    685.315     3.6883   3.244597    34.8344    27.6865 0.0000e+00
       1812    685.885     3.6874   3.244522    34.8342    27.6864 0.0000e+00
       1813    686.456     3.6866   3.244484    34.8343    27.6865 0.0000e+00
       1814    687.028     3.6861   3.244478    34.8344    27.6867 0.0000e+00
       1815    687.606     3.6857   3.244502    34.8348    27.6871 0.0000e+00
       1816    688.195     3.6850   3.244479    34.8350    27.6873 0.0000e+00
       1817    688.795     3.6838   3.244370    34.8347    27.6871 0.0000e+00
       1818    689.402     3.6824   3.244242    34.8343    27.6870 0.0000e+00
       1819    690.010     3.6812   3.244162    34.8343    27.6871 0.0000e+00
       1820    690.609     3.6803   3.244135    34.8346    27.6875 0.0000e+00
       1821    691.188     3.6798   3.244162    34.8352    27.6879 0.0000e+00
       1822    691.743     3.6797   3.244236    34.8359    27.6885 0.0000e+00
       1823    692.286     3.6795   3.244263    34.8361    27.6887 0.0000e+00
       1824    692.833     3.6789   3.244166    34.8353    27.6881 0.0000e+00
       1825    693.400     3.6778   3.244014    34.8344    27.6875 0.0000e+00
       1826    693.986     3.6769   3.243944    34.8342    27.6874 0.0000e+00
       1827    694.578     3.6762   3.243957    34.8348    27.6880 0.0000e+00
       1828    695.167     3.6753   3.243924    34.8350    27.6883 0.0000e+00
       1829    695.750     3.6741   3.243809    34.8346    27.6881 0.0000e+00
       1830    696.324     3.6727   3.243717    34.8347    27.6883 0.0000e+00
       1831    696.887     3.6713   3.243659    34.8352    27.6888 0.0000e+00
       1832    697.450     3.6699   3.243535    34.8349    27.6887 0.0000e+00
       1833    698.030     3.6681   3.243340    34.8342    27.6883 0.0000e+00
       1834    698.618     3.6664   3.243198    34.8340    27.6883 0.0000e+00
       1835    699.191     3.6651   3.243167    34.8347    27.6890 0.0000e+00
       1836    699.737     3.6645   3.243187    34.8353    27.6896 0.0000e+00
       1837    700.275     3.6639   3.243158    34.8353    27.6896 0.0000e+00
       1838    700.836     3.6631   3.243075    34.8349    27.6894 0.0000e+00
       1839    701.426     3.6624   3.242997    34.8344    27.6890 0.0000e+00
       1840    702.028     3.6618   3.242938    34.8340    27.6888 0.0000e+00
       1841    702.612     3.6614   3.242932    34.8340    27.6889 0.0000e+00
       1842    703.171     3.6611   3.242998    34.8348    27.6896 0.0000e+00
       1843    703.725     3.6609   3.243033    34.8352    27.6898 0.0000e+00
       1844    704.296     3.6608   3.243012    34.8347    27.6895 0.0000e+00
       1845    704.878     3.6608   3.243007    34.8344    27.6892 0.0000e+00
       1846    705.452     3.6607   3.243034    34.8345    27.6893 0.0000e+00
