Datasets/Multi_Species/NEE535/ned535_2020_008.cnv
* Sea-Bird SBE19plus Data File:
* Filename = C:/AQUIRE/ned535_2020_008.hex
* Software Version AquireV2 AF V2.0
* Temperature SN =  4579
* Conductivity SN =  4579
* System UpLoad Time = Dec 06 2020 12:56:10
** VESSEL/TRIP/SEQ STN: ned535_2020_008
** LATITUDE: 51 34.35 N
** LONGITUDE: 50 26.67 W
** DATE/TIME: 2020-12-06 12:07
** SOUNDING DEPTH (M):  338
** PROBE TYPE: S4579
** CTD NUMBER:   8
** COMMENTS: 
# nquan = 7                                 
# nvalues = 2893                        
# units = specified
# name 0 = scan: Scan Count
# name 1 = prdM: Pressure, Strain Gauge [db]
# name 2 = tv290C: Temperature [ITS-90, deg C]
# name 3 = c0S/m: Conductivity [S/m]
# name 4 = sal00: Salinity, Practical [PSU]
# name 5 = sigma-t00: Density [sigma-t, kg/m^3 ]
# name 6 = flag: flag
# span 0 =          1,       2893       
# span 1 =     -0.327,    337.937       
# span 2 =     1.0899,     3.9848       
# span 3 =   0.011213,   3.244747       
# span 4 =     0.0931,    34.7485       
# span 5 =    -0.0118,    27.5932       
# span 6 = 0.0000e+00, 0.0000e+00       
# interval = seconds: 1
# start_time = Dec 06 2020 12:07:15 [Instrument's time stamp, header]
# bad_flag = -9.990e-29
*END*
[from data line 206]
        207      0.940     1.0964   2.858061    33.1926    26.5861 0.0000e+00
        208      0.997     1.0966   2.858125    33.1931    26.5865 0.0000e+00
        209      1.028     1.0970   2.858216    33.1939    26.5871 0.0000e+00
        210      1.022     1.0974   2.858242    33.1938    26.5870 0.0000e+00
        211      1.002     1.0976   2.858243    33.1936    26.5868 0.0000e+00
        212      0.981     1.0975   2.858259    33.1939    26.5871 0.0000e+00
        213      0.908     1.0974   2.858264    33.1941    26.5873 0.0000e+00
        214      0.789     1.0977   2.858262    33.1938    26.5870 0.0000e+00
        215      0.741     1.0991   2.858441    33.1947    26.5876 0.0000e+00
        216      0.843     1.1016   2.858844    33.1971    26.5894 0.0000e+00
        217      1.040     1.1039   2.859135    33.1983    26.5902 0.0000e+00
        218      1.217     1.1041   2.859097    33.1975    26.5896 0.0000e+00
        219      1.281     1.1027   2.858898    33.1964    26.5888 0.0000e+00
        220      1.219     1.1020   2.858774    33.1956    26.5882 0.0000e+00
        221      1.126     1.1026   2.858778    33.1950    26.5877 0.0000e+00
        222      1.096     1.1039   2.858855    33.1947    26.5873 0.0000e+00
        223      1.117     1.1047   2.858919    33.1946    26.5872 0.0000e+00
        224      1.165     1.1043   2.858874    33.1944    26.5871 0.0000e+00
        225      1.266     1.1033   2.858670    33.1928    26.5859 0.0000e+00
        226      1.407     1.1023   2.858394    33.1903    26.5839 0.0000e+00
        227      1.530     1.1000   2.858135    33.1893    26.5833 0.0000e+00
        228      1.618     1.0967   2.857915    33.1900    26.5840 0.0000e+00
        229      1.689     1.0949   2.857898    33.1916    26.5855 0.0000e+00
        230      1.737     1.0948   2.857985    33.1928    26.5864 0.0000e+00
        231      1.783     1.0949   2.857967    33.1925    26.5861 0.0000e+00
        232      1.881     1.0951   2.857957    33.1921    26.5858 0.0000e+00
        233      2.025     1.0954   2.858008    33.1923    26.5860 0.0000e+00
        234      2.144     1.0957   2.858044    33.1924    26.5860 0.0000e+00
        235      2.210     1.0960   2.858054    33.1922    26.5858 0.0000e+00
        236      2.276     1.0965   2.858101    33.1922    26.5858 0.0000e+00
        237      2.399     1.0979   2.858306    33.1933    26.5866 0.0000e+00
        238      2.583     1.1002   2.858651    33.1951    26.5879 0.0000e+00
        239      2.794     1.1024   2.858920    33.1961    26.5886 0.0000e+00
        240      2.995     1.1039   2.859060    33.1962    26.5885 0.0000e+00
        241      3.200     1.1042   2.859102    33.1963    26.5886 0.0000e+00
        242      3.446     1.1038   2.859001    33.1953    26.5878 0.0000e+00
        243      3.718     1.1031   2.858696    33.1920    26.5852 0.0000e+00
        244      3.985     1.1021   2.858451    33.1897    26.5835 0.0000e+00
        245      4.255     1.1008   2.858583    33.1927    26.5859 0.0000e+00
        246      4.526     1.1004   2.858774    33.1954    26.5881 0.0000e+00
        247      4.785     1.1014   2.858853    33.1952    26.5879 0.0000e+00
        248      5.054     1.1037   2.859129    33.1961    26.5885 0.0000e+00
        249      5.338     1.1075   2.859660    33.1987    26.5903 0.0000e+00
        250      5.612     1.1169   2.860910    33.2045    26.5944 0.0000e+00
        251      5.843     1.1402   2.864438    33.2247    26.6092 0.0000e+00
        252      6.035     1.1720   2.869128    33.2507    26.6280 0.0000e+00
        253      6.239     1.1988   2.872361    33.2634    26.6364 0.0000e+00
        254      6.471     1.2224   2.875259    33.2751    26.6443 0.0000e+00
        255      6.714     1.2498   2.879308    33.2974    26.6605 0.0000e+00
        256      6.967     1.2739   2.883047    33.3193    26.6765 0.0000e+00
        257      7.201     1.2700   2.881490    33.3034    26.6640 0.0000e+00
        258      7.362     1.2352   2.874641    33.2530    26.6258 0.0000e+00
        259      7.484     1.2153   2.872479    33.2466    26.6219 0.0000e+00
        260      7.680     1.2435   2.878447    33.2926    26.6570 0.0000e+00
        261      7.981     1.3003   2.886782    33.3382    26.6899 0.0000e+00
        262      8.303     1.3485   2.893005    33.3658    26.7089 0.0000e+00
        263      8.585     1.3626   2.893803    33.3608    26.7039 0.0000e+00
        264      8.815     1.3463   2.890128    33.3313    26.6813 0.0000e+00
        265      9.023     1.3326   2.888037    33.3191    26.6724 0.0000e+00
        266      9.271     1.3434   2.890463    33.3384    26.6872 0.0000e+00
        267      9.579     1.3695   2.894711    33.3644    26.7064 0.0000e+00
        268      9.909     1.3929   2.897613    33.3762    26.7142 0.0000e+00
        269     10.227     1.4071   2.899091    33.3797    26.7161 0.0000e+00
        270     10.540     1.4155   2.899957    33.3815    26.7170 0.0000e+00
        271     10.869     1.4264   2.901557    33.3901    26.7231 0.0000e+00
        272     11.197     1.4468   2.904970    33.4115    26.7389 0.0000e+00
        273     11.492     1.4724   2.908242    33.4256    26.7484 0.0000e+00
        274     11.764     1.4965   2.911209    33.4373    26.7562 0.0000e+00
        275     12.059     1.5194   2.914731    33.4574    26.7707 0.0000e+00
        276     12.404     1.5383   2.917192    33.4682    26.7781 0.0000e+00
        277     12.780     1.5513   2.918545    33.4713    26.7797 0.0000e+00
        278     13.156     1.5595   2.919664    33.4765    26.7833 0.0000e+00
        279     13.531     1.5615   2.920086    33.4795    26.7855 0.0000e+00
        280     13.916     1.5556   2.919041    33.4723    26.7802 0.0000e+00
        281     14.299     1.5497   2.917890    33.4638    26.7738 0.0000e+00
        282     14.664     1.5603   2.919705    33.4753    26.7822 0.0000e+00
        283     15.021     1.5953   2.925156    33.5068    26.8050 0.0000e+00
        284     15.380     1.6436   2.931701    33.5378    26.8265 0.0000e+00
        285     15.720     1.6877   2.936660    33.5532    26.8357 0.0000e+00
        286     16.029     1.7226   2.940638    33.5660    26.8434 0.0000e+00
        287     16.338     1.7551   2.945515    33.5926    26.8624 0.0000e+00
        288     16.683     1.7907   2.951099    33.6248    26.8856 0.0000e+00
        289     17.069     1.8302   2.956658    33.6524    26.9048 0.0000e+00
        290     17.478     1.8730   2.962616    33.6813    26.9248 0.0000e+00
        291     17.886     1.9138   2.968713    33.7141    26.9480 0.0000e+00
        292     18.284     1.9461   2.973410    33.7383    26.9650 0.0000e+00
        293     18.681     1.9697   2.976577    33.7526    26.9746 0.0000e+00
        294     19.088     1.9866   2.978582    33.7595    26.9788 0.0000e+00
        295     19.490     1.9972   2.979526    33.7598    26.9782 0.0000e+00
        296     19.868     2.0050   2.980521    33.7637    26.9808 0.0000e+00
        297     20.234     2.0151   2.982325    33.7753    26.9893 0.0000e+00
        298     20.625     2.0307   2.984744    33.7887    26.9988 0.0000e+00
        299     21.052     2.0561   2.988013    33.8022    27.0077 0.0000e+00
        300     21.500     2.0959   2.993302    33.8256    27.0233 0.0000e+00
        301     21.948     2.1482   3.000557    33.8600    27.0468 0.0000e+00
        302     22.375     2.2050   3.008304    33.8957    27.0709 0.0000e+00
        303     22.780     2.2585   3.015569    33.9288    27.0931 0.0000e+00
        304     23.181     2.3023   3.020984    33.9492    27.1058 0.0000e+00
        305     23.589     2.3302   3.023627    33.9520    27.1058 0.0000e+00
        306     24.000     2.3427   3.024603    33.9505    27.1037 0.0000e+00
        307     24.412     2.3477   3.025473    33.9558    27.1074 0.0000e+00
        308     24.836     2.3520   3.026484    33.9635    27.1133 0.0000e+00
        309     25.275     2.3572   3.027074    33.9650    27.1141 0.0000e+00
        310     25.713     2.3639   3.027540    33.9634    27.1122 0.0000e+00
        311     26.138     2.3743   3.028915    33.9691    27.1159 0.0000e+00
        312     26.564     2.3879   3.031060    33.9810    27.1243 0.0000e+00
        313     27.004     2.3995   3.032675    33.9884    27.1293 0.0000e+00
        314     27.446     2.4066   3.033496    33.9907    27.1306 0.0000e+00
        315     27.882     2.4109   3.034089    33.9932    27.1322 0.0000e+00
        316     28.322     2.4153   3.034704    33.9959    27.1340 0.0000e+00
        317     28.773     2.4203   3.035466    33.9998    27.1367 0.0000e+00
        318     29.237     2.4252   3.036210    34.0035    27.1392 0.0000e+00
        319     29.704     2.4290   3.036677    34.0050    27.1401 0.0000e+00
        320     30.160     2.4315   3.037059    34.0068    27.1413 0.0000e+00
        321     30.601     2.4368   3.037882    34.0110    27.1443 0.0000e+00
        322     31.035     2.4532   3.040080    34.0205    27.1505 0.0000e+00
        323     31.458     2.4832   3.043981    34.0365    27.1608 0.0000e+00
        324     31.869     2.5190   3.048714    34.0566    27.1739 0.0000e+00
        325     32.287     2.5534   3.053299    34.0763    27.1868 0.0000e+00
        326     32.731     2.5835   3.056846    34.0877    27.1933 0.0000e+00
        327     33.195     2.6068   3.059210    34.0918    27.1946 0.0000e+00
        328     33.653     2.6229   3.061117    34.0979    27.1981 0.0000e+00
        329     34.102     2.6349   3.062899    34.1068    27.2042 0.0000e+00
        330     34.551     2.6470   3.064554    34.1140    27.2089 0.0000e+00
        331     35.005     2.6607   3.066242    34.1199    27.2125 0.0000e+00
        332     35.459     2.6733   3.067673    34.1239    27.2145 0.0000e+00
        333     35.905     2.6819   3.068679    34.1268    27.2161 0.0000e+00
        334     36.347     2.6876   3.069597    34.1318    27.2196 0.0000e+00
        335     36.796     2.6928   3.070384    34.1357    27.2223 0.0000e+00
        336     37.251     2.6988   3.071004    34.1367    27.2225 0.0000e+00
        337     37.701     2.7084   3.071929    34.1375    27.2224 0.0000e+00
        338     38.143     2.7253   3.073834    34.1427    27.2251 0.0000e+00
        339     38.588     2.7531   3.077099    34.1529    27.2308 0.0000e+00
        340     39.039     2.7897   3.081321    34.1655    27.2377 0.0000e+00
        341     39.486     2.8255   3.085095    34.1734    27.2408 0.0000e+00
        342     39.926     2.8513   3.087434    34.1744    27.2393 0.0000e+00
        343     40.366     2.8675   3.088846    34.1742    27.2377 0.0000e+00
        344     40.812     2.8808   3.090159    34.1759    27.2379 0.0000e+00
        345     41.263     2.8967   3.091917    34.1802    27.2399 0.0000e+00
        346     41.714     2.9153   3.094171    34.1877    27.2443 0.0000e+00
        347     42.161     2.9325   3.096254    34.1947    27.2483 0.0000e+00
        348     42.603     2.9439   3.097457    34.1970    27.2491 0.0000e+00
        349     43.035     2.9449   3.097671    34.1983    27.2501 0.0000e+00
        350     43.465     2.9345   3.097108    34.2023    27.2542 0.0000e+00
        351     43.906     2.9216   3.096304    34.2059    27.2582 0.0000e+00
        352     44.357     2.9211   3.096487    34.2084    27.2603 0.0000e+00
        353     44.805     2.9399   3.098517    34.2130    27.2622 0.0000e+00
        354     45.241     2.9734   3.102370    34.2242    27.2682 0.0000e+00
        355     45.679     3.0113   3.106950    34.2395    27.2770 0.0000e+00
        356     46.133     3.0436   3.110378    34.2467    27.2798 0.0000e+00
        357     46.584     3.0651   3.111987    34.2432    27.2750 0.0000e+00
        358     47.012     3.0778   3.112971    34.2415    27.2725 0.0000e+00
        359     47.430     3.0879   3.114354    34.2474    27.2762 0.0000e+00
        360     47.865     3.0987   3.115836    34.2537    27.2803 0.0000e+00
        361     48.320     3.1091   3.116959    34.2561    27.2812 0.0000e+00
        362     48.778     3.1170   3.117539    34.2545    27.2792 0.0000e+00
        363     49.225     3.1206   3.117876    34.2545    27.2789 0.0000e+00
        364     49.670     3.1217   3.118348    34.2588    27.2823 0.0000e+00
        365     50.128     3.1246   3.118873    34.2619    27.2845 0.0000e+00
        366     50.598     3.1325   3.119695    34.2632    27.2848 0.0000e+00
        367     51.064     3.1456   3.121182    34.2671    27.2867 0.0000e+00
        368     51.520     3.1614   3.123073    34.2731    27.2900 0.0000e+00
        369     51.971     3.1764   3.124848    34.2785    27.2929 0.0000e+00
        370     52.420     3.1868   3.126086    34.2822    27.2949 0.0000e+00
        371     52.870     3.1898   3.126507    34.2839    27.2960 0.0000e+00
        372     53.332     3.1858   3.126170    34.2838    27.2963 0.0000e+00
        373     53.802     3.1782   3.125403    34.2823    27.2958 0.0000e+00
        374     54.267     3.1683   3.124578    34.2825    27.2969 0.0000e+00
        375     54.738     3.1570   3.123771    34.2845    27.2995 0.0000e+00
        376     55.230     3.1473   3.123029    34.2855    27.3012 0.0000e+00
        377     55.728     3.1407   3.122563    34.2865    27.3026 0.0000e+00
        378     56.214     3.1351   3.122156    34.2873    27.3037 0.0000e+00
        379     56.699     3.1269   3.121418    34.2867    27.3041 0.0000e+00
        380     57.193     3.1151   3.120297    34.2854    27.3041 0.0000e+00
        381     57.683     3.1005   3.118957    34.2843    27.3046 0.0000e+00
        382     58.160     3.0835   3.117430    34.2835    27.3055 0.0000e+00
        383     58.627     3.0616   3.115505    34.2831    27.3072 0.0000e+00
        384     59.087     3.0309   3.112655    34.2808    27.3081 0.0000e+00
        385     59.538     2.9972   3.109377    34.2764    27.3077 0.0000e+00
        386     59.987     2.9750   3.107620    34.2784    27.3113 0.0000e+00
        387     60.448     2.9689   3.107654    34.2850    27.3172 0.0000e+00
        388     60.924     2.9710   3.108176    34.2889    27.3201 0.0000e+00
        389     61.403     2.9743   3.108568    34.2899    27.3206 0.0000e+00
        390     61.869     2.9776   3.108889    34.2901    27.3204 0.0000e+00
        391     62.329     2.9827   3.109444    34.2912    27.3208 0.0000e+00
        392     62.792     2.9905   3.110356    34.2937    27.3221 0.0000e+00
        393     63.257     2.9996   3.111346    34.2958    27.3230 0.0000e+00
        394     63.711     3.0082   3.112191    34.2967    27.3229 0.0000e+00
        395     64.156     3.0178   3.113259    34.2993    27.3241 0.0000e+00
        396     64.611     3.0303   3.114773    34.3042    27.3269 0.0000e+00
        397     65.087     3.0424   3.116152    34.3079    27.3287 0.0000e+00
        398     65.574     3.0503   3.116940    34.3088    27.3287 0.0000e+00
        399     66.052     3.0538   3.117278    34.3089    27.3285 0.0000e+00
        400     66.512     3.0553   3.117428    34.3089    27.3283 0.0000e+00
        401     66.969     3.0564   3.117598    34.3095    27.3288 0.0000e+00
        402     67.439     3.0583   3.117899    34.3109    27.3297 0.0000e+00
        403     67.918     3.0609   3.118271    34.3124    27.3306 0.0000e+00
        404     68.384     3.0631   3.118565    34.3134    27.3312 0.0000e+00
        405     68.826     3.0654   3.118807    34.3137    27.3312 0.0000e+00
        406     69.267     3.0707   3.119404    34.3150    27.3318 0.0000e+00
        407     69.736     3.0848   3.121086    34.3203    27.3347 0.0000e+00
        408     70.234     3.1099   3.124116    34.3301    27.3403 0.0000e+00
        409     70.739     3.1369   3.127146    34.3380    27.3440 0.0000e+00
        410     71.235     3.1555   3.128971    34.3401    27.3440 0.0000e+00
