Datasets/Multi_Species/NEE535/ned535_2020_019.cnv
* Sea-Bird SBE19plus Data File:
* Filename = C:/AQUIRE/ned535_2020_019.hex
* Software Version AquireV2 AF V2.0
* Temperature SN =  4579
* Conductivity SN =  4579
* System UpLoad Time = Dec 10 2020 18:27:01
** VESSEL/TRIP/SEQ STN: ned535_2020_019
** LATITUDE: 50 23.95 N
** LONGITUDE: 55 19.43 W
** DATE/TIME: 2020-12-10 17:33
** SOUNDING DEPTH (M):  235
** PROBE TYPE: S4579
** CTD NUMBER:  18
** COMMENTS: 
# nquan = 7                                 
# nvalues = 3032                        
# units = specified
# name 0 = scan: Scan Count
# name 1 = prdM: Pressure, Strain Gauge [db]
# name 2 = tv290C: Temperature [ITS-90, deg C]
# name 3 = c0S/m: Conductivity [S/m]
# name 4 = sal00: Salinity, Practical [PSU]
# name 5 = sigma-t00: Density [sigma-t, kg/m^3 ]
# name 6 = flag: flag
# span 0 =          1,       3032       
# span 1 =     -0.243,    236.361       
# span 2 =     0.1093,     2.1210       
# span 3 =   0.005229,   2.884328       
# span 4 =     0.0410,    33.5751       
# span 5 =    -0.0257,    26.9051       
# span 6 = 0.0000e+00, 0.0000e+00       
# interval = seconds: 1
# start_time = Dec 10 2020 17:33:53 [Instrument's time stamp, header]
# bad_flag = -9.990e-29
*END*
[from data line 1847]
       1848    233.526     0.9280   2.883207    33.5622    26.8938 0.0000e+00
       1849    233.505     0.9284   2.883179    33.5614    26.8931 0.0000e+00
       1850    233.528     0.9280   2.883168    33.5617    26.8934 0.0000e+00
       1851    233.586     0.9270   2.883147    33.5625    26.8941 0.0000e+00
       1852    233.654     0.9259   2.883100    33.5630    26.8946 0.0000e+00
       1853    233.719     0.9254   2.883109    33.5636    26.8951 0.0000e+00
       1854    233.780     0.9255   2.883145    33.5639    26.8954 0.0000e+00
       1855    233.826     0.9258   2.883116    33.5632    26.8948 0.0000e+00
       1856    233.843     0.9251   2.882977    33.5622    26.8940 0.0000e+00
       1857    233.838     0.9238   2.882826    33.5616    26.8936 0.0000e+00
       1858    233.840     0.9230   2.882827    33.5625    26.8944 0.0000e+00
       1859    233.868     0.9235   2.882905    33.5630    26.8947 0.0000e+00
       1860    233.908     0.9240   2.882897    33.5623    26.8941 0.0000e+00
       1861    233.932     0.9234   2.882845    33.5623    26.8941 0.0000e+00
       1862    233.935     0.9226   2.882847    33.5632    26.8949 0.0000e+00
       1863    233.940     0.9224   2.882884    33.5638    26.8955 0.0000e+00
       1864    233.969     0.9228   2.882944    33.5642    26.8957 0.0000e+00
       1865    234.018     0.9233   2.883030    33.5647    26.8961 0.0000e+00
       1866    234.077     0.9234   2.883084    33.5653    26.8965 0.0000e+00
       1867    234.138     0.9235   2.883072    33.5650    26.8963 0.0000e+00
       1868    234.188     0.9235   2.883074    33.5650    26.8963 0.0000e+00
       1869    234.214     0.9236   2.883141    33.5657    26.8969 0.0000e+00
       1870    234.213     0.9236   2.883175    33.5661    26.8972 0.0000e+00
       1871    234.206     0.9234   2.883158    33.5661    26.8972 0.0000e+00
       1872    234.213     0.9229   2.883150    33.5666    26.8976 0.0000e+00
       1873    234.239     0.9224   2.883154    33.5671    26.8981 0.0000e+00
       1874    234.276     0.9220   2.883153    33.5675    26.8985 0.0000e+00
       1875    234.309     0.9219   2.883141    33.5675    26.8984 0.0000e+00
       1876    234.334     0.9219   2.883135    33.5674    26.8983 0.0000e+00
       1877    234.361     0.9220   2.883146    33.5674    26.8984 0.0000e+00
       1878    234.399     0.9221   2.883185    33.5678    26.8986 0.0000e+00
       1879    234.453     0.9222   2.883227    33.5682    26.8990 0.0000e+00
       1880    234.506     0.9222   2.883239    33.5683    26.8991 0.0000e+00
       1881    234.530     0.9222   2.883257    33.5685    26.8992 0.0000e+00
       1882    234.525     0.9222   2.883287    33.5689    26.8995 0.0000e+00
       1883    234.518     0.9222   2.883299    33.5691    26.8997 0.0000e+00
       1884    234.526     0.9220   2.883292    33.5692    26.8998 0.0000e+00
       1885    234.540     0.9218   2.883290    33.5694    26.8999 0.0000e+00
       1886    234.554     0.9216   2.883293    33.5696    26.9002 0.0000e+00
       1887    234.577     0.9215   2.883306    33.5699    26.9004 0.0000e+00
       1888    234.617     0.9214   2.883345    33.5705    26.9008 0.0000e+00
       1889    234.670     0.9214   2.883386    33.5710    26.9012 0.0000e+00
       1890    234.721     0.9214   2.883386    33.5709    26.9012 0.0000e+00
       1891    234.753     0.9214   2.883372    33.5707    26.9011 0.0000e+00
       1892    234.754     0.9214   2.883381    33.5708    26.9012 0.0000e+00
       1893    234.729     0.9214   2.883399    33.5711    26.9014 0.0000e+00
       1894    234.697     0.9214   2.883399    33.5711    26.9014 0.0000e+00
       1895    234.675     0.9211   2.883389    33.5713    26.9016 0.0000e+00
       1896    234.668     0.9206   2.883372    33.5716    26.9018 0.0000e+00
       1897    234.682     0.9203   2.883353    33.5717    26.9019 0.0000e+00
       1898    234.711     0.9200   2.883345    33.5719    26.9021 0.0000e+00
       1899    234.743     0.9199   2.883358    33.5722    26.9023 0.0000e+00
       1900    234.770     0.9201   2.883376    33.5722    26.9023 0.0000e+00
       1901    234.788     0.9203   2.883381    33.5720    26.9022 0.0000e+00
       1902    234.799     0.9203   2.883368    33.5718    26.9020 0.0000e+00
       1903    234.802     0.9201   2.883354    33.5719    26.9021 0.0000e+00
       1904    234.790     0.9199   2.883343    33.5720    26.9021 0.0000e+00
       1905    234.767     0.9197   2.883338    33.5721    26.9023 0.0000e+00
       1906    234.753     0.9196   2.883341    33.5723    26.9024 0.0000e+00
       1907    234.767     0.9195   2.883348    33.5725    26.9026 0.0000e+00
       1908    234.805     0.9195   2.883351    33.5725    26.9026 0.0000e+00
       1909    234.853     0.9194   2.883352    33.5726    26.9027 0.0000e+00
       1910    234.903     0.9194   2.883355    33.5726    26.9027 0.0000e+00
       1911    234.947     0.9194   2.883356    33.5726    26.9027 0.0000e+00
       1912    234.975     0.9194   2.883341    33.5724    26.9025 0.0000e+00
       1913    234.975     0.9194   2.883315    33.5720    26.9022 0.0000e+00
       1914    234.934     0.9193   2.883301    33.5720    26.9022 0.0000e+00
       1915    234.874     0.9191   2.883301    33.5722    26.9024 0.0000e+00
       1916    234.841     0.9187   2.883300    33.5727    26.9028 0.0000e+00
       1917    234.854     0.9184   2.883286    33.5728    26.9029 0.0000e+00
       1918    234.899     0.9182   2.883268    33.5728    26.9029 0.0000e+00
       1919    234.956     0.9181   2.883258    33.5727    26.9029 0.0000e+00
       1920    235.016     0.9181   2.883270    33.5728    26.9030 0.0000e+00
       1921    235.070     0.9182   2.883288    33.5729    26.9030 0.0000e+00
       1922    235.107     0.9184   2.883291    33.5727    26.9029 0.0000e+00
       1923    235.133     0.9183   2.883290    33.5728    26.9029 0.0000e+00
       1924    235.170     0.9181   2.883286    33.5729    26.9030 0.0000e+00
       1925    235.226     0.9177   2.883269    33.5731    26.9032 0.0000e+00
       1926    235.295     0.9171   2.883247    33.5734    26.9035 0.0000e+00
       1927    235.368     0.9167   2.883240    33.5737    26.9038 0.0000e+00
       1928    235.443     0.9167   2.883257    33.5739    26.9039 0.0000e+00
       1929    235.516     0.9169   2.883260    33.5737    26.9037 0.0000e+00
       1930    235.579     0.9168   2.883238    33.5735    26.9036 0.0000e+00
       1931    235.633     0.9165   2.883236    33.5738    26.9038 0.0000e+00
       1932    235.683     0.9164   2.883235    33.5738    26.9039 0.0000e+00
       1933    235.729     0.9161   2.883203    33.5737    26.9038 0.0000e+00
       1934    235.760     0.9156   2.883174    33.5739    26.9039 0.0000e+00
       1935    235.775     0.9153   2.883179    33.5742    26.9043 0.0000e+00
       1936    235.786     0.9154   2.883216    33.5746    26.9045 0.0000e+00
       1937    235.804     0.9160   2.883298    33.5750    26.9048 0.0000e+00
       1938    235.826     0.9172   2.883407    33.5751    26.9048 0.0000e+00
       1939    235.848     0.9184   2.883493    33.5749    26.9046 0.0000e+00
       1940    235.862     0.9192   2.883545    33.5747    26.9044 0.0000e+00
       1941    235.867     0.9198   2.883588    33.5746    26.9043 0.0000e+00
       1942    235.873     0.9204   2.883625    33.5744    26.9041 0.0000e+00
       1943    235.887     0.9206   2.883631    33.5743    26.9040 0.0000e+00
       1944    235.904     0.9205   2.883569    33.5736    26.9034 0.0000e+00
       1945    235.916     0.9198   2.883444    33.5727    26.9028 0.0000e+00
       1946    235.923     0.9188   2.883335    33.5724    26.9026 0.0000e+00
       1947    235.928     0.9182   2.883291    33.5725    26.9027 0.0000e+00
       1948    235.935     0.9178   2.883264    33.5725    26.9027 0.0000e+00
       1949    235.947     0.9173   2.883211    33.5724    26.9027 0.0000e+00
       1950    235.961     0.9166   2.883139    33.5722    26.9026 0.0000e+00
       1951    235.976     0.9160   2.883087    33.5722    26.9026 0.0000e+00
       1952    235.995     0.9153   2.883030    33.5722    26.9026 0.0000e+00
       1953    236.017     0.9144   2.882920    33.5717    26.9023 0.0000e+00
       1954    236.031     0.9132   2.882813    33.5716    26.9023 0.0000e+00
       1955    236.032     0.9123   2.882768    33.5720    26.9027 0.0000e+00
       1956    236.028     0.9119   2.882763    33.5724    26.9030 0.0000e+00
       1957    236.032     0.9118   2.882772    33.5726    26.9032 0.0000e+00
       1958    236.045     0.9118   2.882785    33.5728    26.9033 0.0000e+00
       1959    236.059     0.9116   2.882790    33.5731    26.9035 0.0000e+00
       1960    236.073     0.9115   2.882795    33.5732    26.9037 0.0000e+00
       1961    236.090     0.9114   2.882793    33.5733    26.9037 0.0000e+00
       1962    236.110     0.9111   2.882756    33.5731    26.9036 0.0000e+00
       1963    236.128     0.9103   2.882664    33.5728    26.9034 0.0000e+00
       1964    236.140     0.9089   2.882546    33.5728    26.9035 0.0000e+00
       1965    236.142     0.9077   2.882466    33.5731    26.9038 0.0000e+00
       1966    236.129     0.9070   2.882451    33.5736    26.9043 0.0000e+00
       1967    236.111     0.9069   2.882492    33.5743    26.9048 0.0000e+00
       1968    236.108     0.9073   2.882557    33.5747    26.9051 0.0000e+00
       1969    236.125     0.9080   2.882612    33.5746    26.9050 0.0000e+00
       1970    236.148     0.9085   2.882633    33.5743    26.9048 0.0000e+00
       1971    236.162     0.9089   2.882635    33.5739    26.9044 0.0000e+00
       1972    236.174     0.9093   2.882678    33.5740    26.9045 0.0000e+00
       1973    236.195     0.9102   2.882794    33.5745    26.9048 0.0000e+00
       1974    236.218     0.9118   2.882935    33.5746    26.9048 0.0000e+00
       1975    236.224     0.9135   2.883051    33.5743    26.9044 0.0000e+00
       1976    236.215     0.9147   2.883123    33.5739    26.9040 0.0000e+00
       1977    236.207     0.9154   2.883142    33.5734    26.9036 0.0000e+00
       1978    236.212     0.9158   2.883152    33.5731    26.9033 0.0000e+00
       1979    236.224     0.9162   2.883190    33.5732    26.9033 0.0000e+00
       1980    236.226     0.9166   2.883236    33.5733    26.9034 0.0000e+00
       1981    236.216     0.9171   2.883255    33.5730    26.9032 0.0000e+00
       1982    236.208     0.9172   2.883229    33.5726    26.9028 0.0000e+00
       1983    236.218     0.9172   2.883206    33.5723    26.9026 0.0000e+00
       1984    236.246     0.9173   2.883234    33.5725    26.9028 0.0000e+00
       1985    236.271     0.9175   2.883285    33.5729    26.9031 0.0000e+00
       1986    236.276     0.9179   2.883320    33.5730    26.9031 0.0000e+00
       1987    236.265     0.9180   2.883334    33.5730    26.9031 0.0000e+00
       1988    236.252     0.9180   2.883334    33.5730    26.9031 0.0000e+00
       1989    236.248     0.9180   2.883332    33.5730    26.9031 0.0000e+00
       1990    236.254     0.9180   2.883335    33.5731    26.9031 0.0000e+00
       1991    236.266     0.9181   2.883340    33.5730    26.9031 0.0000e+00
       1992    236.284     0.9181   2.883343    33.5730    26.9031 0.0000e+00
       1993    236.301     0.9181   2.883348    33.5731    26.9032 0.0000e+00
       1994    236.309     0.9181   2.883347    33.5731    26.9032 0.0000e+00
       1995    236.310     0.9181   2.883338    33.5730    26.9031 0.0000e+00
       1996    236.313     0.9180   2.883331    33.5730    26.9031 0.0000e+00
       1997    236.320     0.9179   2.883328    33.5730    26.9031 0.0000e+00
       1998    236.321     0.9180   2.883337    33.5730    26.9031 0.0000e+00
       1999    236.318     0.9181   2.883344    33.5730    26.9031 0.0000e+00
       2000    236.319     0.9181   2.883340    33.5730    26.9031 0.0000e+00
       2001    236.325     0.9180   2.883324    33.5729    26.9030 0.0000e+00
       2002    236.333     0.9178   2.883311    33.5729    26.9031 0.0000e+00
       2003    236.338     0.9175   2.883305    33.5732    26.9033 0.0000e+00
       2004    236.341     0.9174   2.883307    33.5733    26.9034 0.0000e+00
       2005    236.339     0.9174   2.883311    33.5733    26.9034 0.0000e+00
       2006    236.325     0.9172   2.883304    33.5735    26.9035 0.0000e+00
       2007    236.306     0.9169   2.883283    33.5735    26.9036 0.0000e+00
       2008    236.291     0.9167   2.883265    33.5735    26.9036 0.0000e+00
       2009    236.282     0.9166   2.883269    33.5737    26.9038 0.0000e+00
       2010    236.280     0.9166   2.883277    33.5738    26.9038 0.0000e+00
       2011    236.282     0.9168   2.883280    33.5736    26.9037 0.0000e+00
       2012    236.283     0.9170   2.883288    33.5735    26.9036 0.0000e+00
       2013    236.284     0.9172   2.883300    33.5735    26.9035 0.0000e+00
       2014    236.289     0.9174   2.883320    33.5735    26.9035 0.0000e+00
       2015    236.294     0.9178   2.883361    33.5736    26.9036 0.0000e+00
       2016    236.290     0.9184   2.883425    33.5738    26.9037 0.0000e+00
       2017    236.273     0.9191   2.883486    33.5738    26.9037 0.0000e+00
       2018    236.257     0.9197   2.883529    33.5737    26.9036 0.0000e+00
       2019    236.260     0.9203   2.883574    33.5736    26.9035 0.0000e+00
       2020    236.283     0.9208   2.883635    33.5739    26.9036 0.0000e+00
       2021    236.305     0.9217   2.883714    33.5739    26.9036 0.0000e+00
       2022    236.314     0.9226   2.883796    33.5740    26.9036 0.0000e+00
       2023    236.318     0.9234   2.883866    33.5740    26.9036 0.0000e+00
       2024    236.329     0.9244   2.883950    33.5740    26.9035 0.0000e+00
       2025    236.346     0.9260   2.884082    33.5740    26.9034 0.0000e+00
       2026    236.350     0.9278   2.884225    33.5739    26.9032 0.0000e+00
       2027    236.332     0.9293   2.884302    33.5733    26.9026 0.0000e+00
       2028    236.306     0.9301   2.884315    33.5726    26.9020 0.0000e+00
       2029    236.295     0.9302   2.884310    33.5724    26.9019 0.0000e+00
       2030    236.308     0.9304   2.884317    33.5723    26.9018 0.0000e+00
       2031    236.331     0.9308   2.884328    33.5720    26.9015 0.0000e+00
       2032    236.349     0.9315   2.884321    33.5711    26.9008 0.0000e+00
       2033    236.357     0.9317   2.884294    33.5706    26.9003 0.0000e+00
       2034    236.361     0.9317   2.884256    33.5701    26.8999 0.0000e+00
       2035    236.361     0.9316   2.884218    33.5697    26.8996 0.0000e+00
       2036    236.354     0.9316   2.884193    33.5694    26.8993 0.0000e+00
       2037    236.339     0.9315   2.884174    33.5692    26.8992 0.0000e+00
       2038    236.318     0.9315   2.884152    33.5690    26.8990 0.0000e+00
       2039    236.298     0.9314   2.884138    33.5689    26.8990 0.0000e+00
       2040    236.286     0.9313   2.884141    33.5691    26.8991 0.0000e+00
       2041    236.279     0.9314   2.884148    33.5691    26.8991 0.0000e+00
       2042    236.265     0.9314   2.884140    33.5690    26.8990 0.0000e+00
       2043    236.249     0.9313   2.884120    33.5688    26.8989 0.0000e+00
       2044    236.243     0.9310   2.884109    33.5690    26.8991 0.0000e+00
       2045    236.242     0.9308   2.884099    33.5691    26.8992 0.0000e+00
       2046    236.230     0.9307   2.884056    33.5687    26.8988 0.0000e+00
       2047    236.207     0.9304   2.883998    33.5682    26.8985 0.0000e+00
       2048    236.184     0.9300   2.883944    33.5680    26.8983 0.0000e+00
       2049    236.158     0.9295   2.883873    33.5676    26.8981 0.0000e+00
       2050    236.127     0.9288   2.883782    33.5672    26.8978 0.0000e+00
       2051    236.095     0.9281   2.883668    33.5665    26.8973 0.0000e+00
