Datasets/Multi_Species/NEE535/ned535_2020_012.cnv
* Sea-Bird SBE19plus Data File:
* Filename = C:/AQUIRE/ned535_2020_012.hex
* Software Version AquireV2 AF V2.0
* Temperature SN =  4579
* Conductivity SN =  4579
* System UpLoad Time = Dec 07 2020 13:24:27
** VESSEL/TRIP/SEQ STN: ned535_2020_012
** LATITUDE: 50 25.72 N
** LONGITUDE: 50 28.80 W
** DATE/TIME: 2020-12-07 11:58
** SOUNDING DEPTH (M):  846
** PROBE TYPE: S4579
** CTD NUMBER:  12
** COMMENTS: 
# nquan = 7                                 
# nvalues = 4884                        
# units = specified
# name 0 = scan: Scan Count
# name 1 = prdM: Pressure, Strain Gauge [db]
# name 2 = tv290C: Temperature [ITS-90, deg C]
# name 3 = c0S/m: Conductivity [S/m]
# name 4 = sal00: Salinity, Practical [PSU]
# name 5 = sigma-t00: Density [sigma-t, kg/m^3 ]
# name 6 = flag: flag
# span 0 =          1,       4884       
# span 1 =     -0.394,    876.750       
# span 2 =     1.7558,     3.9673       
# span 3 =   0.006191,   3.251482       
# span 4 =     0.0472,    34.8620       
# span 5 =     0.0123,    27.7235       
# span 6 = 0.0000e+00, 0.0000e+00       
# interval = seconds: 1
# start_time = Dec 07 2020 11:58:15 [Instrument's time stamp, header]
# bad_flag = -9.990e-29
*END*
[from data line 2257]
       2258    830.010     3.6044   3.244781    34.8499    27.7073 0.0000e+00
       2259    830.380     3.6040   3.244794    34.8503    27.7076 0.0000e+00
       2260    830.742     3.6028   3.244734    34.8507    27.7080 0.0000e+00
       2261    831.102     3.6009   3.244563    34.8505    27.7080 0.0000e+00
       2262    831.474     3.5990   3.244396    34.8503    27.7081 0.0000e+00
       2263    831.866     3.5976   3.244334    34.8509    27.7087 0.0000e+00
       2264    832.268     3.5964   3.244318    34.8517    27.7095 0.0000e+00
       2265    832.655     3.5942   3.244170    34.8521    27.7100 0.0000e+00
       2266    833.015     3.5909   3.243849    34.8516    27.7099 0.0000e+00
       2267    833.356     3.5876   3.243544    34.8513    27.7100 0.0000e+00
       2268    833.693     3.5851   3.243348    34.8514    27.7104 0.0000e+00
       2269    834.041     3.5832   3.243208    34.8516    27.7107 0.0000e+00
       2270    834.401     3.5816   3.243115    34.8520    27.7112 0.0000e+00
       2271    834.761     3.5804   3.243060    34.8524    27.7116 0.0000e+00
       2272    835.113     3.5795   3.243015    34.8526    27.7119 0.0000e+00
       2273    835.460     3.5785   3.242961    34.8529    27.7122 0.0000e+00
       2274    835.813     3.5778   3.242911    34.8528    27.7122 0.0000e+00
       2275    836.179     3.5770   3.242887    34.8532    27.7126 0.0000e+00
       2276    836.554     3.5764   3.242851    34.8532    27.7127 0.0000e+00
       2277    836.932     3.5758   3.242806    34.8531    27.7126 0.0000e+00
       2278    837.315     3.5751   3.242778    34.8533    27.7129 0.0000e+00
       2279    837.709     3.5747   3.242782    34.8536    27.7131 0.0000e+00
       2280    838.104     3.5744   3.242893    34.8550    27.7143 0.0000e+00
       2281    838.474     3.5743   3.243067    34.8570    27.7159 0.0000e+00
       2282    838.802     3.5743   3.243064    34.8568    27.7157 0.0000e+00
       2283    839.107     3.5739   3.242877    34.8549    27.7142 0.0000e+00
       2284    839.428     3.5733   3.242725    34.8535    27.7132 0.0000e+00
       2285    839.781     3.5727   3.242672    34.8533    27.7131 0.0000e+00
       2286    840.143     3.5722   3.242673    34.8537    27.7135 0.0000e+00
       2287    840.493     3.5720   3.242679    34.8538    27.7136 0.0000e+00
       2288    840.832     3.5717   3.242662    34.8537    27.7135 0.0000e+00
       2289    841.182     3.5715   3.242638    34.8535    27.7134 0.0000e+00
       2290    841.557     3.5711   3.242635    34.8537    27.7135 0.0000e+00
       2291    841.949     3.5705   3.242625    34.8540    27.7139 0.0000e+00
       2292    842.333     3.5698   3.242585    34.8540    27.7140 0.0000e+00
       2293    842.698     3.5690   3.242531    34.8541    27.7141 0.0000e+00
       2294    843.052     3.5683   3.242477    34.8540    27.7141 0.0000e+00
       2295    843.402     3.5677   3.242435    34.8539    27.7141 0.0000e+00
       2296    843.747     3.5667   3.242376    34.8541    27.7143 0.0000e+00
       2297    844.090     3.5655   3.242268    34.8539    27.7143 0.0000e+00
       2298    844.440     3.5640   3.242163    34.8541    27.7146 0.0000e+00
       2299    844.801     3.5627   3.242113    34.8547    27.7152 0.0000e+00
       2300    845.159     3.5614   3.242062    34.8552    27.7158 0.0000e+00
       2301    845.505     3.5598   3.241954    34.8555    27.7161 0.0000e+00
       2302    845.847     3.5580   3.241821    34.8556    27.7164 0.0000e+00
       2303    846.199     3.5564   3.241707    34.8558    27.7167 0.0000e+00
       2304    846.564     3.5549   3.241652    34.8565    27.7174 0.0000e+00
       2305    846.936     3.5538   3.241705    34.8581    27.7188 0.0000e+00
       2306    847.301     3.5532   3.241766    34.8593    27.7198 0.0000e+00
       2307    847.647     3.5526   3.241701    34.8590    27.7196 0.0000e+00
       2308    847.979     3.5517   3.241582    34.8583    27.7192 0.0000e+00
       2309    848.314     3.5503   3.241489    34.8586    27.7195 0.0000e+00
       2310    848.661     3.5490   3.241434    34.8591    27.7201 0.0000e+00
       2311    849.014     3.5480   3.241436    34.8600    27.7209 0.0000e+00
       2312    849.362     3.5473   3.241429    34.8605    27.7213 0.0000e+00
       2313    849.704     3.5465   3.241368    34.8604    27.7214 0.0000e+00
       2314    850.048     3.5458   3.241329    34.8605    27.7215 0.0000e+00
       2315    850.394     3.5454   3.241355    34.8611    27.7220 0.0000e+00
       2316    850.732     3.5451   3.241367    34.8614    27.7223 0.0000e+00
       2317    851.061     3.5449   3.241344    34.8611    27.7221 0.0000e+00
       2318    851.390     3.5447   3.241339    34.8611    27.7221 0.0000e+00
       2319    851.726     3.5446   3.241342    34.8611    27.7221 0.0000e+00
       2320    852.071     3.5445   3.241343    34.8610    27.7220 0.0000e+00
       2321    852.419     3.5445   3.241356    34.8610    27.7220 0.0000e+00
       2322    852.760     3.5443   3.241364    34.8611    27.7221 0.0000e+00
       2323    853.088     3.5442   3.241355    34.8609    27.7220 0.0000e+00
       2324    853.412     3.5440   3.241346    34.8609    27.7220 0.0000e+00
       2325    853.746     3.5438   3.241354    34.8610    27.7221 0.0000e+00
       2326    854.090     3.5437   3.241380    34.8613    27.7223 0.0000e+00
       2327    854.426     3.5435   3.241405    34.8616    27.7226 0.0000e+00
       2328    854.747     3.5435   3.241395    34.8613    27.7224 0.0000e+00
       2329    855.065     3.5432   3.241361    34.8610    27.7222 0.0000e+00
       2330    855.394     3.5428   3.241345    34.8611    27.7223 0.0000e+00
       2331    855.735     3.5425   3.241361    34.8614    27.7226 0.0000e+00
       2332    856.077     3.5423   3.241385    34.8618    27.7229 0.0000e+00
       2333    856.409     3.5421   3.241380    34.8617    27.7229 0.0000e+00
       2334    856.737     3.5419   3.241342    34.8613    27.7226 0.0000e+00
       2335    857.074     3.5416   3.241322    34.8612    27.7225 0.0000e+00
       2336    857.423     3.5414   3.241335    34.8614    27.7227 0.0000e+00
       2337    857.773     3.5412   3.241354    34.8617    27.7229 0.0000e+00
       2338    858.104     3.5412   3.241359    34.8616    27.7228 0.0000e+00
       2339    858.413     3.5412   3.241357    34.8614    27.7227 0.0000e+00
       2340    858.720     3.5411   3.241360    34.8614    27.7227 0.0000e+00
       2341    859.047     3.5410   3.241377    34.8615    27.7228 0.0000e+00
       2342    859.389     3.5410   3.241398    34.8616    27.7228 0.0000e+00
       2343    859.725     3.5410   3.241417    34.8616    27.7229 0.0000e+00
       2344    860.047     3.5409   3.241420    34.8616    27.7229 0.0000e+00
       2345    860.364     3.5408   3.241410    34.8614    27.7227 0.0000e+00
       2346    860.684     3.5408   3.241411    34.8613    27.7226 0.0000e+00
       2347    861.007     3.5407   3.241429    34.8614    27.7227 0.0000e+00
       2348    861.333     3.5406   3.241449    34.8616    27.7229 0.0000e+00
       2349    861.664     3.5406   3.241456    34.8615    27.7228 0.0000e+00
       2350    861.995     3.5404   3.241456    34.8615    27.7229 0.0000e+00
       2351    862.319     3.5402   3.241466    34.8617    27.7230 0.0000e+00
       2352    862.630     3.5401   3.241480    34.8618    27.7231 0.0000e+00
       2353    862.931     3.5400   3.241483    34.8618    27.7231 0.0000e+00
       2354    863.232     3.5400   3.241480    34.8616    27.7230 0.0000e+00
       2355    863.535     3.5398   3.241476    34.8616    27.7230 0.0000e+00
       2356    863.844     3.5397   3.241477    34.8616    27.7230 0.0000e+00
       2357    864.166     3.5397   3.241484    34.8615    27.7229 0.0000e+00
       2358    864.503     3.5397   3.241507    34.8616    27.7230 0.0000e+00
       2359    864.843     3.5397   3.241544    34.8619    27.7232 0.0000e+00
       2360    865.169     3.5397   3.241570    34.8620    27.7233 0.0000e+00
       2361    865.473     3.5397   3.241576    34.8619    27.7232 0.0000e+00
       2362    865.764     3.5397   3.241574    34.8617    27.7231 0.0000e+00
       2363    866.060     3.5397   3.241578    34.8616    27.7230 0.0000e+00
       2364    866.369     3.5396   3.241586    34.8617    27.7231 0.0000e+00
       2365    866.682     3.5396   3.241608    34.8618    27.7231 0.0000e+00
       2366    866.981     3.5396   3.241631    34.8619    27.7232 0.0000e+00
       2367    867.260     3.5397   3.241639    34.8617    27.7231 0.0000e+00
       2368    867.535     3.5397   3.241640    34.8616    27.7230 0.0000e+00
       2369    867.819     3.5397   3.241649    34.8616    27.7230 0.0000e+00
       2370    868.106     3.5397   3.241669    34.8617    27.7230 0.0000e+00
       2371    868.387     3.5397   3.241682    34.8617    27.7230 0.0000e+00
       2372    868.659     3.5397   3.241686    34.8616    27.7230 0.0000e+00
       2373    868.924     3.5397   3.241688    34.8615    27.7229 0.0000e+00
       2374    869.188     3.5397   3.241696    34.8614    27.7228 0.0000e+00
       2375    869.446     3.5395   3.241704    34.8616    27.7230 0.0000e+00
       2376    869.686     3.5393   3.241694    34.8616    27.7230 0.0000e+00
       2377    869.909     3.5389   3.241667    34.8615    27.7230 0.0000e+00
       2378    870.131     3.5385   3.241652    34.8617    27.7232 0.0000e+00
       2379    870.363     3.5382   3.241659    34.8620    27.7234 0.0000e+00
       2380    870.597     3.5383   3.241674    34.8619    27.7234 0.0000e+00
       2381    870.820     3.5385   3.241685    34.8617    27.7232 0.0000e+00
       2382    871.039     3.5385   3.241694    34.8617    27.7232 0.0000e+00
       2383    871.267     3.5385   3.241709    34.8618    27.7232 0.0000e+00
       2384    871.502     3.5386   3.241723    34.8617    27.7232 0.0000e+00
       2385    871.729     3.5387   3.241737    34.8616    27.7231 0.0000e+00
       2386    871.944     3.5388   3.241755    34.8616    27.7231 0.0000e+00
       2387    872.152     3.5388   3.241765    34.8617    27.7231 0.0000e+00
       2388    872.358     3.5388   3.241772    34.8616    27.7231 0.0000e+00
       2389    872.563     3.5388   3.241783    34.8617    27.7231 0.0000e+00
       2390    872.768     3.5388   3.241786    34.8616    27.7231 0.0000e+00
       2391    872.965     3.5386   3.241778    34.8616    27.7231 0.0000e+00
       2392    873.145     3.5385   3.241767    34.8615    27.7230 0.0000e+00
       2393    873.320     3.5384   3.241769    34.8615    27.7230 0.0000e+00
       2394    873.512     3.5384   3.241783    34.8616    27.7231 0.0000e+00
       2395    873.715     3.5383   3.241794    34.8617    27.7232 0.0000e+00
       2396    873.906     3.5381   3.241795    34.8618    27.7233 0.0000e+00
       2397    874.064     3.5380   3.241789    34.8618    27.7233 0.0000e+00
       2398    874.197     3.5378   3.241779    34.8618    27.7233 0.0000e+00
       2399    874.337     3.5378   3.241776    34.8617    27.7233 0.0000e+00
       2400    874.499     3.5378   3.241785    34.8617    27.7233 0.0000e+00
       2401    874.670     3.5378   3.241793    34.8617    27.7233 0.0000e+00
       2402    874.831     3.5378   3.241793    34.8617    27.7232 0.0000e+00
       2403    874.968     3.5377   3.241792    34.8617    27.7232 0.0000e+00
       2404    875.087     3.5378   3.241803    34.8616    27.7232 0.0000e+00
       2405    875.208     3.5378   3.241815    34.8617    27.7233 0.0000e+00
       2406    875.337     3.5378   3.241823    34.8617    27.7233 0.0000e+00
       2407    875.466     3.5378   3.241828    34.8617    27.7233 0.0000e+00
       2408    875.587     3.5377   3.241825    34.8617    27.7233 0.0000e+00
       2409    875.698     3.5375   3.241812    34.8617    27.7233 0.0000e+00
       2410    875.796     3.5374   3.241806    34.8617    27.7233 0.0000e+00
       2411    875.877     3.5373   3.241806    34.8618    27.7234 0.0000e+00
       2412    875.942     3.5373   3.241802    34.8617    27.7233 0.0000e+00
       2413    876.005     3.5374   3.241807    34.8616    27.7232 0.0000e+00
       2414    876.073     3.5374   3.241821    34.8618    27.7233 0.0000e+00
       2415    876.142     3.5374   3.241838    34.8619    27.7235 0.0000e+00
       2416    876.204     3.5376   3.241849    34.8618    27.7234 0.0000e+00
       2417    876.259     3.5378   3.241857    34.8617    27.7232 0.0000e+00
       2418    876.312     3.5378   3.241866    34.8618    27.7233 0.0000e+00
       2419    876.368     3.5379   3.241879    34.8618    27.7233 0.0000e+00
       2420    876.423     3.5381   3.241894    34.8617    27.7232 0.0000e+00
       2421    876.469     3.5380   3.241895    34.8618    27.7233 0.0000e+00
       2422    876.501     3.5378   3.241877    34.8618    27.7233 0.0000e+00
       2423    876.525     3.5377   3.241862    34.8617    27.7233 0.0000e+00
       2424    876.548     3.5376   3.241854    34.8617    27.7233 0.0000e+00
       2425    876.574     3.5376   3.241858    34.8617    27.7233 0.0000e+00
       2426    876.602     3.5376   3.241864    34.8618    27.7233 0.0000e+00
       2427    876.630     3.5377   3.241866    34.8617    27.7233 0.0000e+00
       2428    876.660     3.5378   3.241873    34.8617    27.7232 0.0000e+00
       2429    876.691     3.5378   3.241882    34.8617    27.7233 0.0000e+00
       2430    876.713     3.5378   3.241876    34.8617    27.7232 0.0000e+00
       2431    876.721     3.5376   3.241860    34.8617    27.7233 0.0000e+00
       2432    876.721     3.5374   3.241844    34.8617    27.7233 0.0000e+00
       2433    876.727     3.5374   3.241839    34.8616    27.7232 0.0000e+00
       2434    876.742     3.5374   3.241844    34.8617    27.7233 0.0000e+00
       2435    876.750     3.5374   3.241851    34.8618    27.7233 0.0000e+00
       2436    876.738     3.5374   3.241853    34.8618    27.7234 0.0000e+00
       2437    876.715     3.5374   3.241851    34.8618    27.7234 0.0000e+00
       2438    876.700     3.5374   3.241851    34.8618    27.7234 0.0000e+00
       2439    876.700     3.5374   3.241852    34.8618    27.7234 0.0000e+00
       2440    876.703     3.5374   3.241849    34.8618    27.7233 0.0000e+00
       2441    876.703     3.5375   3.241846    34.8616    27.7232 0.0000e+00
       2442    876.705     3.5377   3.241853    34.8615    27.7231 0.0000e+00
       2443    876.713     3.5378   3.241865    34.8615    27.7231 0.0000e+00
       2444    876.727     3.5378   3.241873    34.8616    27.7232 0.0000e+00
       2445    876.739     3.5380   3.241883    34.8615    27.7231 0.0000e+00
       2446    876.740     3.5381   3.241900    34.8616    27.7232 0.0000e+00
       2447    876.730     3.5381   3.241901    34.8616    27.7232 0.0000e+00
       2448    876.716     3.5379   3.241881    34.8616    27.7232 0.0000e+00
       2449    876.706     3.5378   3.241863    34.8615    27.7231 0.0000e+00
       2450    876.700     3.5377   3.241854    34.8615    27.7231 0.0000e+00
       2451    876.695     3.5376   3.241850    34.8616    27.7232 0.0000e+00
       2452    876.684     3.5376   3.241854    34.8616    27.7232 0.0000e+00
       2453    876.664     3.5375   3.241848    34.8617    27.7233 0.0000e+00
       2454    876.641     3.5374   3.241836    34.8617    27.7233 0.0000e+00
       2455    876.625     3.5374   3.241833    34.8616    27.7232 0.0000e+00
       2456    876.617     3.5374   3.241834    34.8616    27.7232 0.0000e+00
       2457    876.615     3.5375   3.241841    34.8616    27.7232 0.0000e+00
       2458    876.615     3.5376   3.241846    34.8616    27.7232 0.0000e+00
       2459    876.607     3.5376   3.241842    34.8615    27.7231 0.0000e+00
       2460    876.588     3.5374   3.241835    34.8617    27.7233 0.0000e+00
       2461    876.570     3.5374   3.241833    34.8617    27.7233 0.0000e+00
