Datasets/Multi_Species/NEE535/ned535_2020_008.cnv
* Sea-Bird SBE19plus Data File:
* Filename = C:/AQUIRE/ned535_2020_008.hex
* Software Version AquireV2 AF V2.0
* Temperature SN =  4579
* Conductivity SN =  4579
* System UpLoad Time = Dec 06 2020 12:56:10
** VESSEL/TRIP/SEQ STN: ned535_2020_008
** LATITUDE: 51 34.35 N
** LONGITUDE: 50 26.67 W
** DATE/TIME: 2020-12-06 12:07
** SOUNDING DEPTH (M):  338
** PROBE TYPE: S4579
** CTD NUMBER:   8
** COMMENTS: 
# nquan = 7                                 
# nvalues = 2893                        
# units = specified
# name 0 = scan: Scan Count
# name 1 = prdM: Pressure, Strain Gauge [db]
# name 2 = tv290C: Temperature [ITS-90, deg C]
# name 3 = c0S/m: Conductivity [S/m]
# name 4 = sal00: Salinity, Practical [PSU]
# name 5 = sigma-t00: Density [sigma-t, kg/m^3 ]
# name 6 = flag: flag
# span 0 =          1,       2893       
# span 1 =     -0.327,    337.937       
# span 2 =     1.0899,     3.9848       
# span 3 =   0.011213,   3.244747       
# span 4 =     0.0931,    34.7485       
# span 5 =    -0.0118,    27.5932       
# span 6 = 0.0000e+00, 0.0000e+00       
# interval = seconds: 1
# start_time = Dec 06 2020 12:07:15 [Instrument's time stamp, header]
# bad_flag = -9.990e-29
*END*
[from data line 1026]
       1027    336.778     3.9250   3.242731    34.7462    27.5921 0.0000e+00
       1028    336.829     3.9250   3.242737    34.7463    27.5921 0.0000e+00
       1029    336.860     3.9250   3.242747    34.7464    27.5922 0.0000e+00
       1030    336.876     3.9251   3.242753    34.7463    27.5922 0.0000e+00
       1031    336.891     3.9253   3.242762    34.7462    27.5921 0.0000e+00
       1032    336.902     3.9253   3.242770    34.7463    27.5921 0.0000e+00
       1033    336.902     3.9254   3.242774    34.7462    27.5921 0.0000e+00
       1034    336.898     3.9253   3.242773    34.7463    27.5922 0.0000e+00
       1035    336.905     3.9253   3.242772    34.7463    27.5922 0.0000e+00
       1036    336.926     3.9253   3.242771    34.7463    27.5921 0.0000e+00
       1037    336.954     3.9253   3.242769    34.7463    27.5921 0.0000e+00
       1038    336.982     3.9253   3.242758    34.7461    27.5920 0.0000e+00
       1039    337.006     3.9253   3.242751    34.7460    27.5919 0.0000e+00
       1040    337.023     3.9252   3.242757    34.7462    27.5921 0.0000e+00
       1041    337.028     3.9252   3.242760    34.7462    27.5921 0.0000e+00
       1042    337.019     3.9251   3.242756    34.7463    27.5921 0.0000e+00
       1043    337.002     3.9250   3.242752    34.7464    27.5922 0.0000e+00
       1044    336.990     3.9250   3.242741    34.7462    27.5921 0.0000e+00
       1045    336.997     3.9251   3.242750    34.7462    27.5921 0.0000e+00
       1046    337.020     3.9253   3.242785    34.7464    27.5922 0.0000e+00
       1047    337.044     3.9257   3.242814    34.7463    27.5921 0.0000e+00
       1048    337.056     3.9258   3.242817    34.7462    27.5920 0.0000e+00
       1049    337.057     3.9257   3.242805    34.7462    27.5920 0.0000e+00
       1050    337.060     3.9255   3.242788    34.7462    27.5920 0.0000e+00
       1051    337.074     3.9253   3.242776    34.7463    27.5921 0.0000e+00
       1052    337.093     3.9253   3.242766    34.7462    27.5920 0.0000e+00
       1053    337.109     3.9252   3.242755    34.7461    27.5920 0.0000e+00
       1054    337.122     3.9250   3.242748    34.7462    27.5921 0.0000e+00
       1055    337.140     3.9249   3.242743    34.7463    27.5922 0.0000e+00
       1056    337.166     3.9248   3.242732    34.7462    27.5921 0.0000e+00
       1057    337.189     3.9246   3.242718    34.7463    27.5922 0.0000e+00
       1058    337.200     3.9246   3.242711    34.7462    27.5921 0.0000e+00
       1059    337.192     3.9244   3.242698    34.7462    27.5922 0.0000e+00
       1060    337.166     3.9243   3.242686    34.7462    27.5922 0.0000e+00
       1061    337.138     3.9245   3.242698    34.7462    27.5921 0.0000e+00
       1062    337.122     3.9248   3.242729    34.7462    27.5921 0.0000e+00
       1063    337.115     3.9251   3.242761    34.7463    27.5921 0.0000e+00
       1064    337.109     3.9255   3.242784    34.7461    27.5920 0.0000e+00
       1065    337.109     3.9257   3.242796    34.7461    27.5919 0.0000e+00
       1066    337.119     3.9257   3.242796    34.7461    27.5919 0.0000e+00
       1067    337.139     3.9257   3.242796    34.7461    27.5919 0.0000e+00
       1068    337.158     3.9259   3.242800    34.7459    27.5917 0.0000e+00
       1069    337.161     3.9264   3.242841    34.7458    27.5917 0.0000e+00
       1070    337.149     3.9274   3.242943    34.7460    27.5917 0.0000e+00
       1071    337.138     3.9287   3.243070    34.7461    27.5917 0.0000e+00
       1072    337.142     3.9297   3.243158    34.7461    27.5915 0.0000e+00
       1073    337.158     3.9303   3.243193    34.7459    27.5913 0.0000e+00
       1074    337.178     3.9306   3.243208    34.7457    27.5911 0.0000e+00
       1075    337.191     3.9309   3.243214    34.7455    27.5909 0.0000e+00
       1076    337.190     3.9312   3.243233    34.7454    27.5908 0.0000e+00
       1077    337.178     3.9312   3.243246    34.7456    27.5909 0.0000e+00
       1078    337.174     3.9306   3.243202    34.7457    27.5911 0.0000e+00
       1079    337.186     3.9300   3.243147    34.7457    27.5911 0.0000e+00
       1080    337.202     3.9298   3.243127    34.7456    27.5911 0.0000e+00
       1081    337.201     3.9299   3.243119    34.7454    27.5910 0.0000e+00
       1082    337.179     3.9304   3.243161    34.7454    27.5909 0.0000e+00
       1083    337.163     3.9313   3.243273    34.7458    27.5911 0.0000e+00
       1084    337.173     3.9323   3.243369    34.7459    27.5911 0.0000e+00
       1085    337.202     3.9328   3.243381    34.7455    27.5907 0.0000e+00
       1086    337.224     3.9328   3.243339    34.7450    27.5903 0.0000e+00
       1087    337.225     3.9325   3.243307    34.7449    27.5903 0.0000e+00
       1088    337.219     3.9321   3.243307    34.7453    27.5906 0.0000e+00
       1089    337.225     3.9316   3.243291    34.7457    27.5910 0.0000e+00
       1090    337.243     3.9309   3.243231    34.7457    27.5911 0.0000e+00
       1091    337.255     3.9303   3.243182    34.7457    27.5912 0.0000e+00
       1092    337.243     3.9302   3.243174    34.7457    27.5912 0.0000e+00
       1093    337.206     3.9307   3.243209    34.7456    27.5910 0.0000e+00
       1094    337.166     3.9314   3.243284    34.7458    27.5911 0.0000e+00
       1095    337.152     3.9320   3.243332    34.7458    27.5910 0.0000e+00
       1096    337.168     3.9321   3.243334    34.7457    27.5909 0.0000e+00
       1097    337.198     3.9318   3.243325    34.7459    27.5911 0.0000e+00
       1098    337.230     3.9314   3.243290    34.7458    27.5911 0.0000e+00
       1099    337.254     3.9309   3.243248    34.7459    27.5912 0.0000e+00
       1100    337.272     3.9310   3.243255    34.7458    27.5912 0.0000e+00
       1101    337.294     3.9315   3.243301    34.7458    27.5911 0.0000e+00
       1102    337.312     3.9320   3.243324    34.7456    27.5909 0.0000e+00
       1103    337.311     3.9322   3.243324    34.7454    27.5907 0.0000e+00
       1104    337.290     3.9325   3.243352    34.7454    27.5907 0.0000e+00
       1105    337.268     3.9329   3.243413    34.7457    27.5909 0.0000e+00
       1106    337.262     3.9336   3.243464    34.7456    27.5907 0.0000e+00
       1107    337.271     3.9340   3.243479    34.7453    27.5905 0.0000e+00
       1108    337.281     3.9341   3.243467    34.7451    27.5902 0.0000e+00
       1109    337.271     3.9341   3.243462    34.7450    27.5902 0.0000e+00
       1110    337.243     3.9341   3.243478    34.7452    27.5904 0.0000e+00
       1111    337.218     3.9341   3.243490    34.7454    27.5905 0.0000e+00
       1112    337.214     3.9341   3.243492    34.7454    27.5905 0.0000e+00
       1113    337.230     3.9341   3.243498    34.7455    27.5906 0.0000e+00
       1114    337.250     3.9341   3.243502    34.7455    27.5906 0.0000e+00
       1115    337.261     3.9341   3.243507    34.7456    27.5906 0.0000e+00
       1116    337.267     3.9339   3.243505    34.7457    27.5908 0.0000e+00
       1117    337.281     3.9337   3.243494    34.7458    27.5909 0.0000e+00
       1118    337.306     3.9338   3.243497    34.7457    27.5908 0.0000e+00
       1119    337.336     3.9339   3.243508    34.7457    27.5908 0.0000e+00
       1120    337.357     3.9338   3.243501    34.7457    27.5908 0.0000e+00
       1121    337.358     3.9336   3.243486    34.7458    27.5909 0.0000e+00
       1122    337.344     3.9334   3.243478    34.7459    27.5910 0.0000e+00
       1123    337.329     3.9333   3.243471    34.7459    27.5910 0.0000e+00
       1124    337.323     3.9334   3.243477    34.7459    27.5910 0.0000e+00
       1125    337.330     3.9337   3.243501    34.7459    27.5909 0.0000e+00
       1126    337.350     3.9339   3.243521    34.7459    27.5909 0.0000e+00
       1127    337.378     3.9340   3.243528    34.7458    27.5909 0.0000e+00
       1128    337.397     3.9340   3.243530    34.7459    27.5909 0.0000e+00
       1129    337.400     3.9340   3.243529    34.7458    27.5909 0.0000e+00
       1130    337.399     3.9340   3.243524    34.7458    27.5908 0.0000e+00
       1131    337.404     3.9339   3.243521    34.7459    27.5909 0.0000e+00
       1132    337.411     3.9339   3.243523    34.7459    27.5909 0.0000e+00
       1133    337.414     3.9339   3.243521    34.7458    27.5909 0.0000e+00
       1134    337.417     3.9337   3.243513    34.7460    27.5910 0.0000e+00
       1135    337.427     3.9337   3.243494    34.7457    27.5908 0.0000e+00
       1136    337.444     3.9337   3.243482    34.7456    27.5907 0.0000e+00
       1137    337.458     3.9337   3.243506    34.7459    27.5909 0.0000e+00
       1138    337.460     3.9337   3.243526    34.7461    27.5911 0.0000e+00
       1139    337.446     3.9337   3.243519    34.7460    27.5910 0.0000e+00
       1140    337.424     3.9336   3.243503    34.7459    27.5910 0.0000e+00
       1141    337.413     3.9334   3.243483    34.7459    27.5910 0.0000e+00
       1142    337.414     3.9334   3.243479    34.7459    27.5910 0.0000e+00
       1143    337.414     3.9336   3.243492    34.7458    27.5909 0.0000e+00
       1144    337.404     3.9337   3.243503    34.7459    27.5909 0.0000e+00
       1145    337.388     3.9337   3.243508    34.7459    27.5910 0.0000e+00
       1146    337.380     3.9337   3.243513    34.7460    27.5910 0.0000e+00
       1147    337.380     3.9338   3.243518    34.7459    27.5910 0.0000e+00
       1148    337.372     3.9339   3.243520    34.7459    27.5909 0.0000e+00
       1149    337.349     3.9338   3.243511    34.7459    27.5909 0.0000e+00
       1150    337.329     3.9335   3.243488    34.7459    27.5910 0.0000e+00
       1151    337.323     3.9330   3.243459    34.7461    27.5912 0.0000e+00
       1152    337.327     3.9326   3.243432    34.7462    27.5913 0.0000e+00
       1153    337.321     3.9324   3.243414    34.7462    27.5913 0.0000e+00
       1154    337.294     3.9322   3.243404    34.7463    27.5914 0.0000e+00
       1155    337.264     3.9322   3.243394    34.7462    27.5914 0.0000e+00
       1156    337.247     3.9322   3.243388    34.7462    27.5913 0.0000e+00
       1157    337.240     3.9322   3.243389    34.7462    27.5913 0.0000e+00
       1158    337.226     3.9322   3.243385    34.7461    27.5913 0.0000e+00
       1159    337.189     3.9322   3.243378    34.7461    27.5912 0.0000e+00
       1160    337.136     3.9320   3.243367    34.7462    27.5913 0.0000e+00
       1161    337.092     3.9318   3.243349    34.7462    27.5914 0.0000e+00
       1162    337.072     3.9316   3.243330    34.7462    27.5914 0.0000e+00
       1163    337.068     3.9314   3.243309    34.7462    27.5914 0.0000e+00
       1164    337.067     3.9311   3.243291    34.7463    27.5915 0.0000e+00
       1165    337.067     3.9310   3.243279    34.7462    27.5915 0.0000e+00
       1166    337.076     3.9309   3.243275    34.7463    27.5915 0.0000e+00
       1167    337.096     3.9307   3.243274    34.7465    27.5917 0.0000e+00
       1168    337.120     3.9307   3.243271    34.7464    27.5917 0.0000e+00
       1169    337.145     3.9306   3.243266    34.7465    27.5917 0.0000e+00
       1170    337.165     3.9304   3.243253    34.7465    27.5918 0.0000e+00
       1171    337.172     3.9303   3.243249    34.7466    27.5918 0.0000e+00
       1172    337.163     3.9303   3.243250    34.7466    27.5918 0.0000e+00
       1173    337.143     3.9303   3.243248    34.7466    27.5918 0.0000e+00
       1174    337.120     3.9307   3.243266    34.7464    27.5916 0.0000e+00
       1175    337.096     3.9312   3.243305    34.7463    27.5915 0.0000e+00
       1176    337.077     3.9316   3.243329    34.7462    27.5914 0.0000e+00
       1177    337.069     3.9315   3.243311    34.7461    27.5913 0.0000e+00
       1178    337.078     3.9312   3.243297    34.7462    27.5915 0.0000e+00
       1179    337.100     3.9313   3.243318    34.7464    27.5916 0.0000e+00
       1180    337.129     3.9313   3.243328    34.7465    27.5916 0.0000e+00
       1181    337.157     3.9310   3.243310    34.7466    27.5917 0.0000e+00
       1182    337.177     3.9308   3.243290    34.7465    27.5917 0.0000e+00
       1183    337.189     3.9309   3.243284    34.7463    27.5916 0.0000e+00
       1184    337.195     3.9312   3.243304    34.7462    27.5915 0.0000e+00
       1185    337.199     3.9316   3.243338    34.7462    27.5914 0.0000e+00
       1186    337.199     3.9318   3.243360    34.7463    27.5914 0.0000e+00
       1187    337.190     3.9318   3.243359    34.7463    27.5914 0.0000e+00
       1188    337.181     3.9318   3.243354    34.7462    27.5914 0.0000e+00
       1189    337.186     3.9318   3.243359    34.7463    27.5914 0.0000e+00
       1190    337.201     3.9318   3.243357    34.7462    27.5914 0.0000e+00
       1191    337.207     3.9318   3.243347    34.7461    27.5913 0.0000e+00
       1192    337.188     3.9318   3.243342    34.7461    27.5913 0.0000e+00
       1193    337.146     3.9316   3.243326    34.7461    27.5913 0.0000e+00
       1194    337.108     3.9310   3.243283    34.7463    27.5915 0.0000e+00
       1195    337.096     3.9305   3.243229    34.7461    27.5915 0.0000e+00
       1196    337.111     3.9299   3.243195    34.7464    27.5917 0.0000e+00
       1197    337.132     3.9296   3.243185    34.7466    27.5919 0.0000e+00
       1198    337.145     3.9295   3.243177    34.7466    27.5919 0.0000e+00
       1199    337.154     3.9295   3.243168    34.7465    27.5918 0.0000e+00
       1200    337.167     3.9293   3.243159    34.7465    27.5919 0.0000e+00
       1201    337.183     3.9291   3.243146    34.7466    27.5920 0.0000e+00
       1202    337.194     3.9291   3.243135    34.7465    27.5919 0.0000e+00
       1203    337.201     3.9290   3.243131    34.7465    27.5919 0.0000e+00
       1204    337.207     3.9289   3.243134    34.7467    27.5920 0.0000e+00
       1205    337.204     3.9288   3.243135    34.7468    27.5921 0.0000e+00
       1206    337.192     3.9286   3.243107    34.7467    27.5921 0.0000e+00
       1207    337.181     3.9282   3.243064    34.7466    27.5921 0.0000e+00
       1208    337.177     3.9281   3.243051    34.7465    27.5920 0.0000e+00
       1209    337.180     3.9284   3.243076    34.7465    27.5920 0.0000e+00
       1210    337.178     3.9292   3.243138    34.7464    27.5918 0.0000e+00
       1211    337.165     3.9302   3.243216    34.7463    27.5916 0.0000e+00
       1212    337.155     3.9309   3.243273    34.7462    27.5915 0.0000e+00
       1213    337.165     3.9314   3.243318    34.7462    27.5914 0.0000e+00
       1214    337.193     3.9318   3.243358    34.7463    27.5914 0.0000e+00
       1215    337.226     3.9320   3.243374    34.7462    27.5914 0.0000e+00
       1216    337.246     3.9321   3.243373    34.7461    27.5913 0.0000e+00
       1217    337.253     3.9320   3.243372    34.7462    27.5913 0.0000e+00
       1218    337.260     3.9318   3.243367    34.7463    27.5915 0.0000e+00
       1219    337.265     3.9318   3.243361    34.7463    27.5914 0.0000e+00
       1220    337.252     3.9318   3.243351    34.7461    27.5913 0.0000e+00
       1221    337.227     3.9317   3.243335    34.7461    27.5913 0.0000e+00
       1222    337.213     3.9314   3.243318    34.7462    27.5914 0.0000e+00
       1223    337.221     3.9311   3.243310    34.7464    27.5916 0.0000e+00
       1224    337.241     3.9311   3.243317    34.7465    27.5917 0.0000e+00
       1225    337.252     3.9311   3.243325    34.7466    27.5917 0.0000e+00
       1226    337.248     3.9310   3.243314    34.7465    27.5917 0.0000e+00
       1227    337.243     3.9309   3.243280    34.7463    27.5915 0.0000e+00
       1228    337.251     3.9306   3.243255    34.7463    27.5916 0.0000e+00
       1229    337.265     3.9303   3.243254    34.7466    27.5918 0.0000e+00
       1230    337.278     3.9303   3.243256    34.7466    27.5918 0.0000e+00
