Datasets/Multi_Species/NEE535/ned535_2020_008.cnv
* Sea-Bird SBE19plus Data File:
* Filename = C:/AQUIRE/ned535_2020_008.hex
* Software Version AquireV2 AF V2.0
* Temperature SN =  4579
* Conductivity SN =  4579
* System UpLoad Time = Dec 06 2020 12:56:10
** VESSEL/TRIP/SEQ STN: ned535_2020_008
** LATITUDE: 51 34.35 N
** LONGITUDE: 50 26.67 W
** DATE/TIME: 2020-12-06 12:07
** SOUNDING DEPTH (M):  338
** PROBE TYPE: S4579
** CTD NUMBER:   8
** COMMENTS: 
# nquan = 7                                 
# nvalues = 2893                        
# units = specified
# name 0 = scan: Scan Count
# name 1 = prdM: Pressure, Strain Gauge [db]
# name 2 = tv290C: Temperature [ITS-90, deg C]
# name 3 = c0S/m: Conductivity [S/m]
# name 4 = sal00: Salinity, Practical [PSU]
# name 5 = sigma-t00: Density [sigma-t, kg/m^3 ]
# name 6 = flag: flag
# span 0 =          1,       2893       
# span 1 =     -0.327,    337.937       
# span 2 =     1.0899,     3.9848       
# span 3 =   0.011213,   3.244747       
# span 4 =     0.0931,    34.7485       
# span 5 =    -0.0118,    27.5932       
# span 6 = 0.0000e+00, 0.0000e+00       
# interval = seconds: 1
# start_time = Dec 06 2020 12:07:15 [Instrument's time stamp, header]
# bad_flag = -9.990e-29
*END*
[from data line 1847]
       1848    337.683     3.9404   3.244296    34.7480    27.5919 0.0000e+00
       1849    337.686     3.9405   3.244297    34.7479    27.5919 0.0000e+00
       1850    337.680     3.9405   3.244297    34.7479    27.5919 0.0000e+00
       1851    337.658     3.9405   3.244300    34.7480    27.5919 0.0000e+00
       1852    337.624     3.9405   3.244309    34.7481    27.5920 0.0000e+00
       1853    337.581     3.9406   3.244320    34.7482    27.5920 0.0000e+00
       1854    337.531     3.9406   3.244330    34.7483    27.5921 0.0000e+00
       1855    337.483     3.9406   3.244329    34.7483    27.5922 0.0000e+00
       1856    337.440     3.9406   3.244308    34.7481    27.5920 0.0000e+00
       1857    337.393     3.9406   3.244285    34.7478    27.5918 0.0000e+00
       1858    337.343     3.9405   3.244276    34.7479    27.5918 0.0000e+00
       1859    337.293     3.9404   3.244273    34.7480    27.5919 0.0000e+00
       1860    337.249     3.9405   3.244274    34.7479    27.5918 0.0000e+00
       1861    337.213     3.9406   3.244287    34.7480    27.5919 0.0000e+00
       1862    337.178     3.9406   3.244305    34.7482    27.5921 0.0000e+00
       1863    337.138     3.9408   3.244318    34.7482    27.5920 0.0000e+00
       1864    337.090     3.9409   3.244323    34.7481    27.5920 0.0000e+00
       1865    337.033     3.9409   3.244328    34.7482    27.5921 0.0000e+00
       1866    336.966     3.9409   3.244324    34.7482    27.5920 0.0000e+00
       1867    336.892     3.9410   3.244313    34.7480    27.5919 0.0000e+00
       1868    336.813     3.9410   3.244318    34.7481    27.5920 0.0000e+00
       1869    336.731     3.9410   3.244336    34.7484    27.5922 0.0000e+00
       1870    336.645     3.9410   3.244341    34.7485    27.5923 0.0000e+00
       1871    336.551     3.9410   3.244324    34.7483    27.5921 0.0000e+00
       1872    336.454     3.9410   3.244310    34.7482    27.5920 0.0000e+00
       1873    336.368     3.9410   3.244318    34.7484    27.5922 0.0000e+00
       1874    336.296     3.9411   3.244322    34.7483    27.5921 0.0000e+00
       1875    336.220     3.9410   3.244287    34.7481    27.5919 0.0000e+00
       1876    336.123     3.9408   3.244226    34.7476    27.5916 0.0000e+00
       1877    336.011     3.9405   3.244180    34.7474    27.5915 0.0000e+00
       1878    335.897     3.9405   3.244172    34.7474    27.5914 0.0000e+00
       1879    335.789     3.9406   3.244196    34.7476    27.5916 0.0000e+00
       1880    335.680     3.9408   3.244217    34.7477    27.5917 0.0000e+00
       1881    335.561     3.9409   3.244219    34.7477    27.5917 0.0000e+00
       1882    335.436     3.9409   3.244217    34.7478    27.5917 0.0000e+00
       1883    335.305     3.9410   3.244217    34.7477    27.5916 0.0000e+00
       1884    335.166     3.9410   3.244225    34.7479    27.5918 0.0000e+00
       1885    335.022     3.9411   3.244244    34.7481    27.5919 0.0000e+00
       1886    334.877     3.9413   3.244262    34.7482    27.5920 0.0000e+00
       1887    334.727     3.9415   3.244280    34.7483    27.5920 0.0000e+00
       1888    334.565     3.9417   3.244289    34.7482    27.5920 0.0000e+00
       1889    334.391     3.9417   3.244271    34.7481    27.5919 0.0000e+00
       1890    334.210     3.9417   3.244249    34.7480    27.5918 0.0000e+00
       1891    334.022     3.9418   3.244246    34.7479    27.5917 0.0000e+00
       1892    333.828     3.9420   3.244256    34.7479    27.5917 0.0000e+00
       1893    333.629     3.9421   3.244263    34.7480    27.5918 0.0000e+00
       1894    333.425     3.9421   3.244258    34.7481    27.5918 0.0000e+00
       1895    333.217     3.9421   3.244230    34.7478    27.5916 0.0000e+00
       1896    333.006     3.9419   3.244184    34.7476    27.5915 0.0000e+00
       1897    332.789     3.9417   3.244155    34.7476    27.5915 0.0000e+00
       1898    332.564     3.9416   3.244148    34.7477    27.5916 0.0000e+00
       1899    332.330     3.9416   3.244143    34.7478    27.5916 0.0000e+00
       1900    332.092     3.9417   3.244143    34.7478    27.5917 0.0000e+00
       1901    331.851     3.9417   3.244143    34.7480    27.5918 0.0000e+00
       1902    331.603     3.9419   3.244138    34.7478    27.5916 0.0000e+00
       1903    331.344     3.9418   3.244115    34.7478    27.5916 0.0000e+00
       1904    331.069     3.9417   3.244084    34.7477    27.5915 0.0000e+00
       1905    330.785     3.9415   3.244056    34.7477    27.5916 0.0000e+00
       1906    330.499     3.9413   3.244032    34.7478    27.5917 0.0000e+00
       1907    330.215     3.9413   3.244007    34.7476    27.5915 0.0000e+00
       1908    329.927     3.9413   3.243988    34.7476    27.5915 0.0000e+00
       1909    329.635     3.9413   3.243981    34.7476    27.5915 0.0000e+00
       1910    329.346     3.9413   3.243970    34.7477    27.5916 0.0000e+00
       1911    329.064     3.9413   3.243952    34.7476    27.5915 0.0000e+00
       1912    328.787     3.9415   3.243960    34.7476    27.5915 0.0000e+00
       1913    328.510     3.9421   3.244021    34.7479    27.5917 0.0000e+00
       1914    328.231     3.9426   3.244077    34.7482    27.5918 0.0000e+00
       1915    327.945     3.9428   3.244065    34.7480    27.5916 0.0000e+00
       1916    327.642     3.9428   3.244025    34.7477    27.5914 0.0000e+00
       1917    327.326     3.9428   3.244002    34.7475    27.5913 0.0000e+00
       1918    327.004     3.9429   3.244000    34.7476    27.5913 0.0000e+00
       1919    326.680     3.9429   3.244006    34.7478    27.5915 0.0000e+00
       1920    326.355     3.9429   3.243990    34.7478    27.5915 0.0000e+00
       1921    326.024     3.9428   3.243950    34.7476    27.5914 0.0000e+00
       1922    325.684     3.9425   3.243905    34.7476    27.5914 0.0000e+00
       1923    325.341     3.9423   3.243876    34.7476    27.5914 0.0000e+00
       1924    325.005     3.9421   3.243843    34.7476    27.5915 0.0000e+00
       1925    324.678     3.9420   3.243809    34.7475    27.5914 0.0000e+00
       1926    324.352     3.9421   3.243799    34.7475    27.5913 0.0000e+00
       1927    324.017     3.9421   3.243788    34.7475    27.5914 0.0000e+00
       1928    323.670     3.9419   3.243748    34.7474    27.5913 0.0000e+00
       1929    323.315     3.9415   3.243696    34.7474    27.5914 0.0000e+00
       1930    322.956     3.9410   3.243631    34.7474    27.5914 0.0000e+00
       1931    322.592     3.9405   3.243558    34.7472    27.5913 0.0000e+00
       1932    322.222     3.9400   3.243489    34.7472    27.5913 0.0000e+00
       1933    321.844     3.9396   3.243434    34.7471    27.5913 0.0000e+00
       1934    321.456     3.9393   3.243391    34.7471    27.5913 0.0000e+00
       1935    321.055     3.9394   3.243380    34.7471    27.5913 0.0000e+00
       1936    320.644     3.9398   3.243430    34.7475    27.5916 0.0000e+00
       1937    320.220     3.9405   3.243503    34.7479    27.5918 0.0000e+00
       1938    319.784     3.9409   3.243513    34.7478    27.5917 0.0000e+00
       1939    319.345     3.9408   3.243466    34.7476    27.5915 0.0000e+00
       1940    318.917     3.9405   3.243419    34.7476    27.5916 0.0000e+00
       1941    318.505     3.9403   3.243387    34.7476    27.5916 0.0000e+00
       1942    318.103     3.9402   3.243363    34.7476    27.5917 0.0000e+00
       1943    317.701     3.9402   3.243341    34.7476    27.5916 0.0000e+00
       1944    317.292     3.9401   3.243307    34.7475    27.5916 0.0000e+00
       1945    316.874     3.9398   3.243253    34.7474    27.5915 0.0000e+00
       1946    316.446     3.9394   3.243182    34.7472    27.5914 0.0000e+00
       1947    316.004     3.9393   3.243144    34.7471    27.5913 0.0000e+00
       1948    315.547     3.9394   3.243152    34.7474    27.5915 0.0000e+00
       1949    315.074     3.9398   3.243172    34.7474    27.5915 0.0000e+00
       1950    314.593     3.9401   3.243170    34.7473    27.5914 0.0000e+00
       1951    314.114     3.9401   3.243143    34.7473    27.5914 0.0000e+00
       1952    313.635     3.9401   3.243108    34.7471    27.5913 0.0000e+00
       1953    313.153     3.9399   3.243079    34.7472    27.5914 0.0000e+00
       1954    312.672     3.9398   3.243054    34.7473    27.5914 0.0000e+00
       1955    312.200     3.9398   3.243030    34.7473    27.5914 0.0000e+00
       1956    311.734     3.9397   3.242997    34.7472    27.5914 0.0000e+00
       1957    311.261     3.9394   3.242943    34.7472    27.5914 0.0000e+00
       1958    310.766     3.9390   3.242885    34.7472    27.5914 0.0000e+00
       1959    310.250     3.9390   3.242852    34.7471    27.5913 0.0000e+00
       1960    309.742     3.9391   3.242850    34.7472    27.5914 0.0000e+00
       1961    309.258     3.9394   3.242854    34.7472    27.5914 0.0000e+00
       1962    308.785     3.9393   3.242820    34.7471    27.5914 0.0000e+00
       1963    308.307     3.9394   3.242786    34.7469    27.5911 0.0000e+00
       1964    307.813     3.9398   3.242801    34.7469    27.5911 0.0000e+00
       1965    307.305     3.9404   3.242820    34.7468    27.5909 0.0000e+00
       1966    306.789     3.9410   3.242840    34.7467    27.5908 0.0000e+00
       1967    306.274     3.9415   3.242862    34.7467    27.5907 0.0000e+00
       1968    305.764     3.9415   3.242839    34.7467    27.5907 0.0000e+00
       1969    305.256     3.9410   3.242766    34.7466    27.5907 0.0000e+00
       1970    304.741     3.9405   3.242687    34.7465    27.5907 0.0000e+00
       1971    304.211     3.9400   3.242628    34.7466    27.5908 0.0000e+00
       1972    303.671     3.9398   3.242593    34.7467    27.5909 0.0000e+00
       1973    303.113     3.9400   3.242595    34.7468    27.5910 0.0000e+00
       1974    302.529     3.9406   3.242630    34.7469    27.5910 0.0000e+00
       1975    301.927     3.9410   3.242650    34.7470    27.5911 0.0000e+00
       1976    301.325     3.9411   3.242624    34.7469    27.5910 0.0000e+00
       1977    300.735     3.9410   3.242562    34.7466    27.5907 0.0000e+00
       1978    300.151     3.9406   3.242491    34.7465    27.5907 0.0000e+00
       1979    299.564     3.9405   3.242453    34.7465    27.5907 0.0000e+00
       1980    298.980     3.9406   3.242450    34.7466    27.5908 0.0000e+00
       1981    298.409     3.9408   3.242440    34.7466    27.5908 0.0000e+00
       1982    297.844     3.9406   3.242406    34.7467    27.5909 0.0000e+00
       1983    297.261     3.9405   3.242381    34.7468    27.5910 0.0000e+00
       1984    296.643     3.9402   3.242336    34.7470    27.5911 0.0000e+00
       1985    296.000     3.9394   3.242220    34.7468    27.5910 0.0000e+00
       1986    295.361     3.9384   3.242088    34.7466    27.5910 0.0000e+00
       1987    294.743     3.9377   3.241998    34.7466    27.5911 0.0000e+00
       1988    294.143     3.9374   3.241947    34.7466    27.5912 0.0000e+00
       1989    293.551     3.9375   3.241936    34.7467    27.5912 0.0000e+00
       1990    292.947     3.9379   3.241959    34.7469    27.5913 0.0000e+00
       1991    292.321     3.9383   3.241964    34.7469    27.5912 0.0000e+00
       1992    291.678     3.9382   3.241916    34.7467    27.5912 0.0000e+00
       1993    291.027     3.9379   3.241848    34.7466    27.5911 0.0000e+00
       1994    290.379     3.9375   3.241786    34.7466    27.5911 0.0000e+00
       1995    289.728     3.9371   3.241729    34.7467    27.5913 0.0000e+00
       1996    289.058     3.9368   3.241670    34.7467    27.5913 0.0000e+00
       1997    288.365     3.9366   3.241623    34.7467    27.5913 0.0000e+00
       1998    287.669     3.9364   3.241588    34.7469    27.5915 0.0000e+00
       1999    286.992     3.9366   3.241561    34.7467    27.5913 0.0000e+00
       2000    286.342     3.9368   3.241534    34.7466    27.5911 0.0000e+00
       2001    285.700     3.9371   3.241541    34.7467    27.5912 0.0000e+00
       2002    285.038     3.9379   3.241609    34.7470    27.5914 0.0000e+00
       2003    284.341     3.9389   3.241674    34.7471    27.5913 0.0000e+00
       2004    283.625     3.9394   3.241669    34.7469    27.5911 0.0000e+00
       2005    282.926     3.9399   3.241664    34.7467    27.5909 0.0000e+00
       2006    282.251     3.9411   3.241756    34.7468    27.5909 0.0000e+00
       2007    281.576     3.9427   3.241904    34.7473    27.5911 0.0000e+00
       2008    280.881     3.9440   3.241992    34.7473    27.5910 0.0000e+00
       2009    280.161     3.9446   3.241995    34.7471    27.5908 0.0000e+00
       2010    279.437     3.9450   3.241968    34.7467    27.5904 0.0000e+00
       2011    278.738     3.9455   3.241959    34.7465    27.5902 0.0000e+00
       2012    278.073     3.9461   3.241969    34.7463    27.5900 0.0000e+00
       2013    277.424     3.9467   3.242010    34.7465    27.5901 0.0000e+00
       2014    276.756     3.9478   3.242104    34.7468    27.5902 0.0000e+00
       2015    276.040     3.9494   3.242240    34.7471    27.5903 0.0000e+00
       2016    275.276     3.9524   3.242501    34.7475    27.5903 0.0000e+00
       2017    274.510     3.9566   3.242865    34.7478    27.5901 0.0000e+00
       2018    273.795     3.9603   3.243097    34.7470    27.5891 0.0000e+00
       2019    273.133     3.9625   3.243208    34.7463    27.5883 0.0000e+00
       2020    272.490     3.9639   3.243321    34.7465    27.5883 0.0000e+00
       2021    271.827     3.9658   3.243487    34.7469    27.5884 0.0000e+00
       2022    271.117     3.9692   3.243809    34.7475    27.5885 0.0000e+00
       2023    270.377     3.9735   3.244154    34.7474    27.5880 0.0000e+00
       2024    269.650     3.9768   3.244316    34.7462    27.5867 0.0000e+00
       2025    268.948     3.9785   3.244375    34.7455    27.5860 0.0000e+00
       2026    268.236     3.9797   3.244467    34.7457    27.5860 0.0000e+00
       2027    267.485     3.9814   3.244621    34.7462    27.5862 0.0000e+00
       2028    266.704     3.9833   3.244747    34.7461    27.5859 0.0000e+00
       2029    265.927     3.9845   3.244732    34.7450    27.5850 0.0000e+00
       2030    265.179     3.9848   3.244638    34.7440    27.5841 0.0000e+00
       2031    264.448     3.9846   3.244531    34.7433    27.5836 0.0000e+00
       2032    263.712     3.9843   3.244400    34.7425    27.5830 0.0000e+00
       2033    262.960     3.9843   3.244271    34.7414    27.5821 0.0000e+00
       2034    262.193     3.9843   3.244147    34.7403    27.5812 0.0000e+00
       2035    261.412     3.9838   3.243991    34.7394    27.5806 0.0000e+00
       2036    260.613     3.9828   3.243766    34.7382    27.5797 0.0000e+00
       2037    259.796     3.9810   3.243441    34.7367    27.5787 0.0000e+00
       2038    258.977     3.9788   3.243073    34.7351    27.5777 0.0000e+00
       2039    258.172     3.9768   3.242773    34.7341    27.5771 0.0000e+00
       2040    257.369     3.9753   3.242549    34.7334    27.5767 0.0000e+00
       2041    256.543     3.9739   3.242348    34.7330    27.5765 0.0000e+00
       2042    255.680     3.9731   3.242200    34.7325    27.5762 0.0000e+00
       2043    254.783     3.9728   3.242107    34.7322    27.5760 0.0000e+00
       2044    253.879     3.9725   3.242016    34.7319    27.5758 0.0000e+00
       2045    253.002     3.9722   3.241929    34.7317    27.5756 0.0000e+00
       2046    252.154     3.9718   3.241846    34.7316    27.5756 0.0000e+00
       2047    251.300     3.9713   3.241745    34.7314    27.5755 0.0000e+00
       2048    250.410     3.9709   3.241622    34.7308    27.5751 0.0000e+00
       2049    249.494     3.9703   3.241487    34.7303    27.5748 0.0000e+00
       2050    248.586     3.9696   3.241365    34.7301    27.5747 0.0000e+00
       2051    247.702     3.9690   3.241262    34.7300    27.5746 0.0000e+00
