Datasets/Multi_Species/NEE535/ned535_2020_020.cnv
* Sea-Bird SBE25plus Data File
* Filename = ned535_2020_020
* Software Version AquireV2 AF V2.0
* System UpLoad Time = Dec 12 2020 15:51:56
** VESSEL/TRIP/SEQ STN: ned535_2020_020
** LATITUDE: 47 32.60 N
** LONGITUDE: 52 34.76 W
** DATE/TIME: 2020-12-12 15:13
** SOUNDING DEPTH (M):  174
** PROBE TYPE: S1098
** CTD NUMBER:    
** COMMENTS (14 CHAR): Stn 27
# nquan = 8
# nvalues = 17833                       
# units = specified
# name 0 = scan: Scan Count
# name 1 = prdM: Pressure, Strain Gauge [db]
# name 2 = t090C: Temperature [ITS-90, deg C]
# name 3 = c0S/m: Conductivity [S/m]
# name 4 = flECO-AFL: Fluorescence, WET Labs ECO-AFL/FL [mg/m^3]
# name 5 = sal00: Salinity, Practical [PSU]
# name 6 = sigma-t00: Density [sigma-t, kg/m^3 ]
# name 7 = flag: flag
# span 0 =          2,      35665       
# span 1 =      0.464,    169.889       
# span 2 =    -9.7790,     8.0454       
# span 3 =  -0.003758,   3.085490       
# span 4 =    -0.1261,    36.4669       
# span 5 =     0.0000,    33.1351       
# span 6 =    -1.7835,    26.6153       
# span 7 = 0.0000e+00, 0.0000e+00       
# interval = scans: 2                   
# start_time = Dec 12 2020 15:13:45 [Instrument's time stamp, header]
# bad_flag = -9.990e-29
*END*
[from data line 7911]
      15824    106.691    -0.3515   2.701464     6.4801    32.6352    26.2129 0.0000e+00
      15826    106.657    -0.3535   2.701325     6.4810    32.6356    26.2133 0.0000e+00
      15828    106.629    -0.3560   2.701132     6.4820    32.6358    26.2135 0.0000e+00
      15830    106.605    -0.3577   2.701030     6.4830    32.6363    26.2139 0.0000e+00
      15832    106.586    -0.3579   2.700992     6.4820    32.6360    26.2137 0.0000e+00
      15834    106.574    -0.3578   2.700997     6.4830    32.6359    26.2137 0.0000e+00
      15836    106.567    -0.3578   2.701015     6.4820    32.6362    26.2139 0.0000e+00
      15838    106.566    -0.3574   2.701001     6.4810    32.6354    26.2133 0.0000e+00
      15840    106.572    -0.3571   2.701027     6.5077    32.6355    26.2133 0.0000e+00
      15842    106.581    -0.3570   2.701055     6.5115    32.6358    26.2136 0.0000e+00
      15844    106.592    -0.3571   2.701032     6.5125    32.6356    26.2135 0.0000e+00
      15846    106.607    -0.3571   2.701035     6.5106    32.6356    26.2135 0.0000e+00
      15848    106.625    -0.3570   2.701040     6.5087    32.6356    26.2134 0.0000e+00
      15850    106.646    -0.3570   2.701041     6.5087    32.6356    26.2134 0.0000e+00
      15852    106.669    -0.3576   2.701029     6.5087    32.6360    26.2137 0.0000e+00
      15854    106.694    -0.3580   2.700974     6.5097    32.6358    26.2136 0.0000e+00
      15856    106.720    -0.3581   2.701001     6.5039    32.6363    26.2140 0.0000e+00
      15858    106.748    -0.3584   2.700976     6.4782    32.6362    26.2139 0.0000e+00
      15860    106.778    -0.3585   2.700965     6.4801    32.6361    26.2139 0.0000e+00
      15862    106.809    -0.3593   2.700915     6.4810    32.6363    26.2141 0.0000e+00
      15864    106.841    -0.3597   2.700915     6.4820    32.6367    26.2144 0.0000e+00
      15866    106.875    -0.3592   2.700939     6.4810    32.6365    26.2143 0.0000e+00
      15868    106.911    -0.3589   2.700962     6.4830    32.6364    26.2141 0.0000e+00
      15870    106.947    -0.3587   2.701005     6.4820    32.6367    26.2144 0.0000e+00
      15872    106.986    -0.3585   2.701046     6.4801    32.6371    26.2146 0.0000e+00
      15874    107.025    -0.3579   2.701130     6.4792    32.6375    26.2150 0.0000e+00
      15876    107.066    -0.3570   2.701221     6.4782    32.6377    26.2152 0.0000e+00
      15878    107.112    -0.3565   2.701262     6.4810    32.6377    26.2152 0.0000e+00
      15880    107.162    -0.3565   2.701279     6.4810    32.6379    26.2152 0.0000e+00
      15882    107.214    -0.3554   2.701399     6.4801    32.6382    26.2155 0.0000e+00
      15884    107.270    -0.3509   2.701791     6.4782    32.6386    26.2156 0.0000e+00
      15886    107.332    -0.3456   2.702275     6.4792    32.6394    26.2159 0.0000e+00
      15888    107.399    -0.3442   2.702418     6.4792    32.6397    26.2162 0.0000e+00
      15890    107.471    -0.3456   2.702310     6.4792    32.6397    26.2163 0.0000e+00
      15892    107.549    -0.3505   2.701935     6.4792    32.6399    26.2167 0.0000e+00
      15894    107.635    -0.3536   2.701734     6.4782    32.6406    26.2173 0.0000e+00
      15896    107.724    -0.3567   2.701554     6.4801    32.6414    26.2180 0.0000e+00
      15898    107.818    -0.3609   2.701294     6.4801    32.6424    26.2191 0.0000e+00
      15900    107.913    -0.3592   2.701511     6.4810    32.6435    26.2198 0.0000e+00
      15902    108.012    -0.3562   2.701803     6.4801    32.6441    26.2203 0.0000e+00
      15904    108.117    -0.3514   2.702280     6.4801    32.6452    26.2209 0.0000e+00
      15906    108.223    -0.3407   2.703171     6.4792    32.6454    26.2206 0.0000e+00
      15908    108.329    -0.3338   2.703764     6.4810    32.6459    26.2208 0.0000e+00
      15910    108.435    -0.3308   2.704126     6.4801    32.6475    26.2219 0.0000e+00
      15912    108.539    -0.3381   2.703629     6.4801    32.6486    26.2231 0.0000e+00
      15914    108.642    -0.3701   2.701390     6.4801    32.6531    26.2281 0.0000e+00
      15916    108.741    -0.3938   2.699773     6.4810    32.6570    26.2323 0.0000e+00
      15918    108.837    -0.4012   2.699346     6.4830    32.6592    26.2343 0.0000e+00
      15920    108.928    -0.4021   2.699297     6.4810    32.6594    26.2345 0.0000e+00
      15922    109.013    -0.4017   2.699355     6.4801    32.6598    26.2347 0.0000e+00
      15924    109.093    -0.3996   2.699521     6.4810    32.6596    26.2346 0.0000e+00
      15926    109.163    -0.3981   2.699615     6.4897    32.6592    26.2342 0.0000e+00
      15928    109.226    -0.3939   2.699816     6.5097    32.6574    26.2326 0.0000e+00
      15930    109.280    -0.3849   2.700314     6.5106    32.6543    26.2297 0.0000e+00
      15932    109.327    -0.3843   2.700455     6.5106    32.6555    26.2306 0.0000e+00
      15934    109.364    -0.3871   2.700309     6.5097    32.6565    26.2316 0.0000e+00
      15936    109.396    -0.3910   2.700075     6.5106    32.6576    26.2326 0.0000e+00
      15938    109.421    -0.3939   2.699912     6.5106    32.6585    26.2334 0.0000e+00
      15940    109.438    -0.3956   2.699788     6.5077    32.6587    26.2337 0.0000e+00
      15942    109.451    -0.3967   2.699718     6.5087    32.6590    26.2339 0.0000e+00
      15944    109.459    -0.3960   2.699769     6.5077    32.6589    26.2338 0.0000e+00
      15946    109.465    -0.3912   2.699998     6.5087    32.6568    26.2319 0.0000e+00
      15948    109.467    -0.3802   2.700620     6.5097    32.6533    26.2287 0.0000e+00
      15950    109.466    -0.3833   2.700506     6.5077    32.6550    26.2302 0.0000e+00
      15952    109.468    -0.3891   2.700152     6.5087    32.6565    26.2317 0.0000e+00
      15954    109.470    -0.3921   2.699991     6.5106    32.6577    26.2327 0.0000e+00
      15956    109.477    -0.3931   2.699962     6.5106    32.6583    26.2332 0.0000e+00
      15958    109.487    -0.3937   2.699939     6.5115    32.6587    26.2336 0.0000e+00
      15960    109.499    -0.3934   2.699954     6.5106    32.6586    26.2335 0.0000e+00
      15962    109.513    -0.3935   2.699943     6.4820    32.6585    26.2334 0.0000e+00
      15964    109.531    -0.3946   2.699909     6.4801    32.6592    26.2341 0.0000e+00
      15966    109.552    -0.3944   2.699921     6.4801    32.6591    26.2340 0.0000e+00
      15968    109.578    -0.3940   2.699926     6.4801    32.6587    26.2336 0.0000e+00
      15970    109.607    -0.3946   2.699888     6.4810    32.6588    26.2337 0.0000e+00
      15972    109.640    -0.3945   2.699905     6.4792    32.6590    26.2339 0.0000e+00
      15974    109.677    -0.3942   2.699960     6.4801    32.6594    26.2342 0.0000e+00
      15976    109.714    -0.3927   2.700113     6.4810    32.6597    26.2343 0.0000e+00
      15978    109.755    -0.3911   2.700297     6.4792    32.6604    26.2349 0.0000e+00
      15980    109.801    -0.3895   2.700456     6.4801    32.6608    26.2351 0.0000e+00
      15982    109.849    -0.3881   2.700609     6.4810    32.6613    26.2355 0.0000e+00
      15984    109.898    -0.3873   2.700689     6.4801    32.6615    26.2356 0.0000e+00
      15986    109.947    -0.3858   2.700838     6.4801    32.6619    26.2358 0.0000e+00
      15988    109.997    -0.3839   2.701014     6.4782    32.6621    26.2360 0.0000e+00
      15990    110.047    -0.3836   2.701058     6.4801    32.6624    26.2362 0.0000e+00
      15992    110.096    -0.3831   2.701090     6.4792    32.6622    26.2360 0.0000e+00
      15994    110.145    -0.3817   2.701221     6.4810    32.6624    26.2361 0.0000e+00
      15996    110.193    -0.3806   2.701289     6.4782    32.6622    26.2358 0.0000e+00
      15998    110.239    -0.3813   2.701243     6.4792    32.6623    26.2360 0.0000e+00
      16000    110.283    -0.3820   2.701192     6.4782    32.6623    26.2360 0.0000e+00
      16002    110.328    -0.3821   2.701189     6.4792    32.6624    26.2362 0.0000e+00
      16004    110.373    -0.3820   2.701219     6.4792    32.6625    26.2362 0.0000e+00
      16006    110.418    -0.3824   2.701184     6.4801    32.6625    26.2362 0.0000e+00
      16008    110.463    -0.3843   2.701033     6.4792    32.6625    26.2363 0.0000e+00
      16010    110.508    -0.3862   2.700854     6.4782    32.6621    26.2360 0.0000e+00
      16012    110.554    -0.3876   2.700749     6.4792    32.6623    26.2362 0.0000e+00
      16014    110.600    -0.3876   2.700793     6.5001    32.6628    26.2366 0.0000e+00
      16016    110.644    -0.3871   2.700811     6.5087    32.6625    26.2364 0.0000e+00
      16018    110.688    -0.3871   2.700817     6.5106    32.6625    26.2364 0.0000e+00
      16020    110.731    -0.3871   2.700820     6.5097    32.6626    26.2364 0.0000e+00
      16022    110.774    -0.3868   2.700858     6.5097    32.6626    26.2366 0.0000e+00
      16024    110.817    -0.3855   2.700986     6.5106    32.6629    26.2366 0.0000e+00
      16026    110.861    -0.3848   2.701061     6.5115    32.6633    26.2368 0.0000e+00
      16028    110.903    -0.3846   2.701071     6.5106    32.6630    26.2367 0.0000e+00
      16030    110.944    -0.3849   2.701083     6.5106    32.6636    26.2372 0.0000e+00
      16032    110.983    -0.3851   2.701078     6.4820    32.6637    26.2373 0.0000e+00
      16034    111.023    -0.3850   2.701078     6.4792    32.6636    26.2372 0.0000e+00
      16036    111.059    -0.3850   2.701069     6.4792    32.6634    26.2371 0.0000e+00
      16038    111.095    -0.3853   2.701079     6.4801    32.6638    26.2374 0.0000e+00
      16040    111.128    -0.3853   2.701061     6.4801    32.6637    26.2373 0.0000e+00
      16042    111.159    -0.3855   2.701039     6.4820    32.6635    26.2372 0.0000e+00
      16044    111.188    -0.3856   2.701041     6.4801    32.6637    26.2373 0.0000e+00
      16046    111.216    -0.3857   2.701031     6.4801    32.6636    26.2372 0.0000e+00
      16048    111.243    -0.3860   2.701005     6.4820    32.6636    26.2372 0.0000e+00
      16050    111.266    -0.3865   2.700968     6.4801    32.6635    26.2372 0.0000e+00
      16052    111.287    -0.3866   2.700946     6.4801    32.6634    26.2371 0.0000e+00
      16054    111.309    -0.3867   2.700973     6.4810    32.6638    26.2375 0.0000e+00
      16056    111.329    -0.3865   2.700987     6.4810    32.6638    26.2373 0.0000e+00
      16058    111.348    -0.3863   2.700997     6.4792    32.6638    26.2374 0.0000e+00
      16060    111.366    -0.3861   2.701023     6.4792    32.6638    26.2374 0.0000e+00
      16062    111.384    -0.3861   2.701005     6.4801    32.6635    26.2372 0.0000e+00
      16064    111.404    -0.3859   2.701041     6.4810    32.6638    26.2374 0.0000e+00
      16066    111.426    -0.3857   2.701075     6.4810    32.6641    26.2377 0.0000e+00
      16068    111.449    -0.3859   2.701064     6.4810    32.6641    26.2376 0.0000e+00
      16070    111.471    -0.3858   2.701061     6.4820    32.6640    26.2375 0.0000e+00
      16072    111.495    -0.3858   2.701058     6.4792    32.6638    26.2375 0.0000e+00
      16074    111.520    -0.3857   2.701068     6.4801    32.6639    26.2375 0.0000e+00
      16076    111.547    -0.3857   2.701079     6.4801    32.6641    26.2377 0.0000e+00
      16078    111.576    -0.3856   2.701100     6.4810    32.6642    26.2377 0.0000e+00
      16080    111.605    -0.3855   2.701115     6.4820    32.6642    26.2377 0.0000e+00
      16082    111.638    -0.3854   2.701106     6.4820    32.6641    26.2375 0.0000e+00
      16084    111.673    -0.3851   2.701151     6.5068    32.6642    26.2377 0.0000e+00
      16086    111.711    -0.3846   2.701236     6.5135    32.6649    26.2382 0.0000e+00
      16088    111.749    -0.3843   2.701248     6.5115    32.6647    26.2381 0.0000e+00
      16090    111.789    -0.3842   2.701269     6.5115    32.6649    26.2382 0.0000e+00
      16092    111.829    -0.3841   2.701277     6.5097    32.6648    26.2381 0.0000e+00
      16094    111.872    -0.3841   2.701286     6.5115    32.6649    26.2382 0.0000e+00
      16096    111.915    -0.3841   2.701315     6.5106    32.6653    26.2385 0.0000e+00
      16098    111.961    -0.3837   2.701377     6.5087    32.6656    26.2388 0.0000e+00
      16100    112.008    -0.3834   2.701410     6.5106    32.6657    26.2388 0.0000e+00
      16102    112.058    -0.3831   2.701417     6.5097    32.6654    26.2386 0.0000e+00
      16104    112.112    -0.3832   2.701434     6.5106    32.6658    26.2388 0.0000e+00
      16106    112.167    -0.3831   2.701436     6.5097    32.6655    26.2387 0.0000e+00
      16108    112.224    -0.3831   2.701446     6.5106    32.6656    26.2388 0.0000e+00
      16110    112.282    -0.3827   2.701459     6.5106    32.6655    26.2386 0.0000e+00
      16112    112.341    -0.3830   2.701481     6.5106    32.6660    26.2390 0.0000e+00
      16114    112.400    -0.3829   2.701485     6.5097    32.6659    26.2390 0.0000e+00
      16116    112.459    -0.3830   2.701487     6.5106    32.6660    26.2390 0.0000e+00
      16118    112.518    -0.3830   2.701509     6.5097    32.6662    26.2392 0.0000e+00
      16120    112.580    -0.3831   2.701497     6.5106    32.6662    26.2392 0.0000e+00
      16122    112.643    -0.3831   2.701497     6.5106    32.6662    26.2392 0.0000e+00
      16124    112.707    -0.3830   2.701524     6.5106    32.6663    26.2394 0.0000e+00
      16126    112.768    -0.3827   2.701614     6.5097    32.6672    26.2400 0.0000e+00
      16128    112.829    -0.3825   2.701681     6.5115    32.6679    26.2405 0.0000e+00
      16130    112.890    -0.3820   2.701758     6.5115    32.6683    26.2409 0.0000e+00
      16132    112.952    -0.3817   2.701812     6.5097    32.6687    26.2411 0.0000e+00
      16134    113.015    -0.3816   2.701845     6.5106    32.6689    26.2413 0.0000e+00
      16136    113.080    -0.3815   2.701859     6.5106    32.6689    26.2413 0.0000e+00
      16138    113.143    -0.3816   2.701875     6.5115    32.6692    26.2416 0.0000e+00
      16140    113.208    -0.3816   2.701905     6.5115    32.6696    26.2420 0.0000e+00
      16142    113.275    -0.3819   2.701919     6.5106    32.6701    26.2423 0.0000e+00
      16144    113.343    -0.3822   2.701881     6.5115    32.6699    26.2422 0.0000e+00
      16146    113.413    -0.3828   2.701860     6.5097    32.6702    26.2424 0.0000e+00
      16148    113.486    -0.3829   2.701880     6.5097    32.6705    26.2426 0.0000e+00
      16150    113.559    -0.3829   2.701910     6.5097    32.6709    26.2430 0.0000e+00
      16152    113.637    -0.3829   2.701914     6.5106    32.6709    26.2430 0.0000e+00
      16154    113.718    -0.3829   2.701914     6.5115    32.6709    26.2430 0.0000e+00
      16156    113.801    -0.3827   2.701942     6.5106    32.6710    26.2431 0.0000e+00
      16158    113.885    -0.3827   2.701957     6.5115    32.6711    26.2433 0.0000e+00
      16160    113.969    -0.3828   2.701947     6.5106    32.6710    26.2431 0.0000e+00
      16162    114.055    -0.3830   2.701943     6.5106    32.6711    26.2432 0.0000e+00
      16164    114.141    -0.3833   2.701927     6.5097    32.6713    26.2434 0.0000e+00
      16166    114.227    -0.3840   2.701909     6.5106    32.6717    26.2437 0.0000e+00
      16168    114.312    -0.3842   2.701936     6.5115    32.6722    26.2441 0.0000e+00
      16170    114.399    -0.3845   2.701913     6.5106    32.6721    26.2441 0.0000e+00
      16172    114.486    -0.3846   2.701899     6.5115    32.6720    26.2440 0.0000e+00
      16174    114.574    -0.3849   2.701888     6.5106    32.6722    26.2441 0.0000e+00
      16176    114.659    -0.3844   2.701947     6.5106    32.6724    26.2443 0.0000e+00
      16178    114.743    -0.3772   2.702556     6.5106    32.6727    26.2442 0.0000e+00
