Datasets/Multi_Species/NEE535/ned535_2020_008.cnv
* Sea-Bird SBE19plus Data File:
* Filename = C:/AQUIRE/ned535_2020_008.hex
* Software Version AquireV2 AF V2.0
* Temperature SN =  4579
* Conductivity SN =  4579
* System UpLoad Time = Dec 06 2020 12:56:10
** VESSEL/TRIP/SEQ STN: ned535_2020_008
** LATITUDE: 51 34.35 N
** LONGITUDE: 50 26.67 W
** DATE/TIME: 2020-12-06 12:07
** SOUNDING DEPTH (M):  338
** PROBE TYPE: S4579
** CTD NUMBER:   8
** COMMENTS: 
# nquan = 7                                 
# nvalues = 2893                        
# units = specified
# name 0 = scan: Scan Count
# name 1 = prdM: Pressure, Strain Gauge [db]
# name 2 = tv290C: Temperature [ITS-90, deg C]
# name 3 = c0S/m: Conductivity [S/m]
# name 4 = sal00: Salinity, Practical [PSU]
# name 5 = sigma-t00: Density [sigma-t, kg/m^3 ]
# name 6 = flag: flag
# span 0 =          1,       2893       
# span 1 =     -0.327,    337.937       
# span 2 =     1.0899,     3.9848       
# span 3 =   0.011213,   3.244747       
# span 4 =     0.0931,    34.7485       
# span 5 =    -0.0118,    27.5932       
# span 6 = 0.0000e+00, 0.0000e+00       
# interval = seconds: 1
# start_time = Dec 06 2020 12:07:15 [Instrument's time stamp, header]
# bad_flag = -9.990e-29
*END*
[from data line 2052]
       2053    245.946     3.9679   3.241039    34.7295    27.5743 0.0000e+00
       2054    245.066     3.9676   3.240952    34.7292    27.5742 0.0000e+00
       2055    244.211     3.9669   3.240833    34.7290    27.5741 0.0000e+00
       2056    243.362     3.9653   3.240563    34.7280    27.5734 0.0000e+00
       2057    242.459     3.9623   3.240080    34.7259    27.5720 0.0000e+00
       2058    241.481     3.9582   3.239433    34.7231    27.5702 0.0000e+00
       2059    240.475     3.9542   3.238867    34.7211    27.5691 0.0000e+00
       2060    239.511     3.9514   3.238553    34.7209    27.5692 0.0000e+00
       2061    238.600     3.9499   3.238378    34.7208    27.5693 0.0000e+00
       2062    237.706     3.9489   3.238237    34.7207    27.5693 0.0000e+00
       2063    236.805     3.9478   3.238089    34.7206    27.5694 0.0000e+00
       2064    235.886     3.9465   3.237881    34.7200    27.5690 0.0000e+00
       2065    234.949     3.9444   3.237576    34.7191    27.5685 0.0000e+00
       2066    234.007     3.9416   3.237207    34.7182    27.5681 0.0000e+00
       2067    233.076     3.9385   3.236816    34.7173    27.5677 0.0000e+00
       2068    232.145     3.9349   3.236291    34.7154    27.5665 0.0000e+00
       2069    231.187     3.9299   3.235557    34.7125    27.5647 0.0000e+00
       2070    230.192     3.9223   3.234516    34.7087    27.5625 0.0000e+00
       2071    229.174     3.9122   3.233147    34.7036    27.5595 0.0000e+00
       2072    228.154     3.9026   3.231949    34.7001    27.5577 0.0000e+00
       2073    227.153     3.8964   3.231334    34.6999    27.5581 0.0000e+00
       2074    226.189     3.8933   3.231033    34.7001    27.5586 0.0000e+00
       2075    225.249     3.8908   3.230655    34.6987    27.5578 0.0000e+00
       2076    224.283     3.8878   3.230147    34.6964    27.5563 0.0000e+00
       2077    223.255     3.8841   3.229597    34.6943    27.5550 0.0000e+00
       2078    222.176     3.8803   3.229108    34.6931    27.5544 0.0000e+00
       2079    221.093     3.8776   3.228808    34.6930    27.5546 0.0000e+00
       2080    220.049     3.8756   3.228607    34.6932    27.5550 0.0000e+00
       2081    219.048     3.8722   3.228145    34.6919    27.5543 0.0000e+00
       2082    218.057     3.8653   3.227118    34.6875    27.5515 0.0000e+00
       2083    217.046     3.8566   3.225862    34.6823    27.5482 0.0000e+00
       2084    216.017     3.8492   3.224923    34.6795    27.5468 0.0000e+00
       2085    214.986     3.8439   3.224253    34.6777    27.5459 0.0000e+00
       2086    213.955     3.8403   3.223702    34.6755    27.5445 0.0000e+00
       2087    212.904     3.8381   3.223301    34.6736    27.5432 0.0000e+00
       2088    211.819     3.8365   3.222984    34.6721    27.5422 0.0000e+00
       2089    210.709     3.8351   3.222662    34.6703    27.5409 0.0000e+00
       2090    209.591     3.8338   3.222362    34.6687    27.5398 0.0000e+00
       2091    208.486     3.8325   3.222129    34.6679    27.5393 0.0000e+00
       2092    207.394     3.8316   3.221925    34.6670    27.5387 0.0000e+00
       2093    206.292     3.8306   3.221686    34.6658    27.5378 0.0000e+00
       2094    205.158     3.8295   3.221408    34.6643    27.5367 0.0000e+00
       2095    204.005     3.8281   3.221147    34.6633    27.5360 0.0000e+00
       2096    202.865     3.8270   3.220944    34.6627    27.5357 0.0000e+00
       2097    201.752     3.8259   3.220745    34.6621    27.5353 0.0000e+00
       2098    200.650     3.8247   3.220470    34.6606    27.5343 0.0000e+00
       2099    199.534     3.8228   3.220069    34.6585    27.5327 0.0000e+00
       2100    198.386     3.8205   3.219574    34.6556    27.5307 0.0000e+00
       2101    197.214     3.8188   3.219134    34.6528    27.5286 0.0000e+00
       2102    196.029     3.8180   3.218787    34.6502    27.5266 0.0000e+00
       2103    194.824     3.8178   3.218436    34.6468    27.5240 0.0000e+00
       2104    193.605     3.8175   3.218149    34.6444    27.5221 0.0000e+00
       2105    192.412     3.8174   3.217971    34.6430    27.5210 0.0000e+00
       2106    191.270     3.8175   3.217781    34.6413    27.5196 0.0000e+00
       2107    190.151     3.8175   3.217499    34.6385    27.5174 0.0000e+00
       2108    189.000     3.8166   3.217038    34.6346    27.5143 0.0000e+00
       2109    187.798     3.8144   3.216441    34.6304    27.5113 0.0000e+00
       2110    186.578     3.8121   3.215985    34.6281    27.5096 0.0000e+00
       2111    185.384     3.8106   3.215737    34.6274    27.5092 0.0000e+00
       2112    184.215     3.8091   3.215450    34.6262    27.5084 0.0000e+00
       2113    183.031     3.8066   3.214930    34.6232    27.5063 0.0000e+00
       2114    181.802     3.8024   3.214122    34.6187    27.5032 0.0000e+00
       2115    180.545     3.7968   3.213099    34.6131    27.4993 0.0000e+00
       2116    179.299     3.7902   3.212018    34.6078    27.4958 0.0000e+00
       2117    178.078     3.7835   3.211029    34.6038    27.4932 0.0000e+00
       2118    176.863     3.7779   3.210243    34.6010    27.4915 0.0000e+00
       2119    175.636     3.7742   3.209695    34.5990    27.4903 0.0000e+00
       2120    174.400     3.7725   3.209353    34.5974    27.4892 0.0000e+00
       2121    173.164     3.7723   3.209140    34.5957    27.4879 0.0000e+00
       2122    171.923     3.7728   3.208990    34.5941    27.4866 0.0000e+00
       2123    170.672     3.7738   3.208883    34.5924    27.4851 0.0000e+00
       2124    169.423     3.7755   3.208847    34.5909    27.4837 0.0000e+00
       2125    168.198     3.7776   3.208890    34.5898    27.4827 0.0000e+00
       2126    167.005     3.7799   3.208948    34.5887    27.4816 0.0000e+00
       2127    165.824     3.7824   3.209011    34.5875    27.4803 0.0000e+00
       2128    164.625     3.7851   3.209093    34.5863    27.4791 0.0000e+00
       2129    163.384     3.7876   3.209156    34.5850    27.4779 0.0000e+00
       2130    162.086     3.7896   3.209178    34.5839    27.4767 0.0000e+00
       2131    160.743     3.7909   3.209148    34.5829    27.4758 0.0000e+00
       2132    159.440     3.7916   3.209080    34.5820    27.4751 0.0000e+00
       2133    158.270     3.7918   3.209004    34.5816    27.4747 0.0000e+00
       2134    157.238     3.7917   3.208895    34.5809    27.4742 0.0000e+00
       2135    156.262     3.7916   3.208716    34.5794    27.4730 0.0000e+00
       2136    155.247     3.7919   3.208508    34.5772    27.4712 0.0000e+00
       2137    154.145     3.7929   3.208337    34.5747    27.4691 0.0000e+00
       2138    152.989     3.7938   3.208213    34.5729    27.4675 0.0000e+00
       2139    151.854     3.7946   3.208104    34.5713    27.4662 0.0000e+00
       2140    150.787     3.7953   3.208002    34.5699    27.4651 0.0000e+00
       2141    149.769     3.7958   3.207886    34.5686    27.4639 0.0000e+00
       2142    148.736     3.7956   3.207697    34.5671    27.4628 0.0000e+00
       2143    147.635     3.7950   3.207462    34.5655    27.4616 0.0000e+00
       2144    146.482     3.7944   3.207230    34.5640    27.4604 0.0000e+00
       2145    145.353     3.7936   3.207014    34.5629    27.4596 0.0000e+00
       2146    144.303     3.7925   3.206783    34.5619    27.4589 0.0000e+00
       2147    143.316     3.7907   3.206473    34.5606    27.4581 0.0000e+00
       2148    142.318     3.7887   3.206165    34.5596    27.4575 0.0000e+00
       2149    141.244     3.7873   3.205967    34.5593    27.4574 0.0000e+00
       2150    140.107     3.7867   3.205849    34.5591    27.4573 0.0000e+00
       2151    138.996     3.7866   3.205768    34.5589    27.4571 0.0000e+00
       2152    137.988     3.7866   3.205711    34.5587    27.4570 0.0000e+00
       2153    137.076     3.7862   3.205588    34.5582    27.4566 0.0000e+00
       2154    136.186     3.7846   3.205233    34.5561    27.4551 0.0000e+00
       2155    135.235     3.7815   3.204694    34.5535    27.4533 0.0000e+00
       2156    134.183     3.7781   3.204235    34.5522    27.4526 0.0000e+00
       2157    133.081     3.7753   3.203945    34.5523    27.4530 0.0000e+00
       2158    132.023     3.7727   3.203696    34.5526    27.4535 0.0000e+00
       2159    131.045     3.7679   3.203089    34.5510    27.4527 0.0000e+00
       2160    130.116     3.7579   3.201763    34.5462    27.4499 0.0000e+00
       2161    129.175     3.7451   3.200193    34.5415    27.4475 0.0000e+00
       2162    128.174     3.7340   3.199103    34.5407    27.4480 0.0000e+00
       2163    127.105     3.7254   3.198353    34.5414    27.4494 0.0000e+00
       2164    125.987     3.7159   3.197374    34.5404    27.4495 0.0000e+00
       2165    124.845     3.7035   3.195996    34.5376    27.4486 0.0000e+00
       2166    123.713     3.6854   3.194337    34.5376    27.4503 0.0000e+00
       2167    122.634     3.6512   3.191043    34.5349    27.4516 0.0000e+00
       2168    121.607     3.5951   3.184565    34.5172    27.4431 0.0000e+00
       2169    120.580     3.5267   3.176672    34.4954    27.4325 0.0000e+00
       2170    119.529     3.4558   3.169240    34.4818    27.4285 0.0000e+00
       2171    118.463     3.3831   3.161411    34.4651    27.4222 0.0000e+00
       2172    117.370     3.3088   3.152656    34.4388    27.4084 0.0000e+00
       2173    116.203     3.2446   3.145233    34.4179    27.3977 0.0000e+00
       2174    114.963     3.2055   3.142433    34.4262    27.4080 0.0000e+00
       2175    113.752     3.1949   3.144959    34.4688    27.4430 0.0000e+00
       2176    112.679     3.2087   3.149630    34.5114    27.4757 0.0000e+00
       2177    111.726     3.2247   3.149301    34.4909    27.4578 0.0000e+00
       2178    110.752     3.2095   3.141780    34.4163    27.3998 0.0000e+00
       2179    109.650     3.1712   3.134502    34.3694    27.3659 0.0000e+00
       2180    108.441     3.1448   3.131944    34.3670    27.3665 0.0000e+00
       2181    107.244     3.1370   3.132808    34.3865    27.3828 0.0000e+00
       2182    106.183     3.1393   3.135012    34.4114    27.4024 0.0000e+00
       2183    105.291     3.1503   3.136290    34.4158    27.4049 0.0000e+00
       2184    104.490     3.1651   3.135866    34.3953    27.3871 0.0000e+00
       2185    103.673     3.1769   3.134842    34.3707    27.3664 0.0000e+00
       2186    102.829     3.1874   3.134949    34.3613    27.3580 0.0000e+00
       2187    102.044     3.1989   3.136161    34.3642    27.3592 0.0000e+00
       2188    101.368     3.2081   3.137093    34.3661    27.3599 0.0000e+00
       2189    100.760     3.2158   3.137416    34.3622    27.3560 0.0000e+00
       2190    100.167     3.2218   3.137500    34.3572    27.3514 0.0000e+00
       2191     99.581     3.2182   3.136679    34.3514    27.3471 0.0000e+00
       2192     99.005     3.2001   3.134157    34.3403    27.3400 0.0000e+00
       2193     98.438     3.1757   3.131233    34.3311    27.3349 0.0000e+00
       2194     97.876     3.1559   3.129330    34.3293    27.3354 0.0000e+00
       2195     97.315     3.1399   3.127792    34.3279    27.3357 0.0000e+00
       2196     96.757     3.1244   3.126064    34.3237    27.3338 0.0000e+00
       2197     96.206     3.1129   3.124948    34.3227    27.3341 0.0000e+00
       2198     95.669     3.1083   3.124732    34.3253    27.3365 0.0000e+00
       2199     95.154     3.1083   3.124979    34.3285    27.3391 0.0000e+00
       2200     94.671     3.1109   3.126089    34.3395    27.3477 0.0000e+00
       2201     94.224     3.1163   3.127985    34.3571    27.3612 0.0000e+00
       2202     93.784     3.1215   3.128630    34.3597    27.3628 0.0000e+00
       2203     93.275     3.1181   3.126562    34.3384    27.3461 0.0000e+00
       2204     92.634     3.1020   3.123028    34.3129    27.3272 0.0000e+00
       2205     91.887     3.0831   3.120658    34.3046    27.3223 0.0000e+00
       2206     91.147     3.0745   3.120771    34.3155    27.3319 0.0000e+00
       2207     90.511     3.0785   3.122068    34.3274    27.3410 0.0000e+00
       2208     89.986     3.0884   3.122864    34.3268    27.3396 0.0000e+00
       2209     89.514     3.0957   3.123121    34.3225    27.3355 0.0000e+00
       2210     89.029     3.0953   3.122684    34.3178    27.3318 0.0000e+00
       2211     88.504     3.0893   3.121943    34.3155    27.3305 0.0000e+00
       2212     87.983     3.0856   3.122244    34.3234    27.3371 0.0000e+00
       2213     87.512     3.0877   3.123135    34.3323    27.3440 0.0000e+00
       2214     87.095     3.0928   3.123645    34.3333    27.3443 0.0000e+00
       2215     86.716     3.0991   3.123706    34.3275    27.3392 0.0000e+00
       2216     86.353     3.1055   3.123716    34.3210    27.3334 0.0000e+00
       2217     85.975     3.1083   3.123788    34.3191    27.3316 0.0000e+00
       2218     85.554     3.1042   3.123312    34.3179    27.3311 0.0000e+00
       2219     85.091     3.0952   3.122475    34.3176    27.3316 0.0000e+00
       2220     84.607     3.0873   3.121942    34.3198    27.3341 0.0000e+00
       2221     84.123     3.0839   3.122073    34.3253    27.3388 0.0000e+00
       2222     83.664     3.0881   3.122936    34.3315    27.3434 0.0000e+00
       2223     83.243     3.0992   3.123670    34.3289    27.3403 0.0000e+00
       2224     82.839     3.1105   3.123744    34.3180    27.3305 0.0000e+00
       2225     82.406     3.1132   3.123282    34.3097    27.3237 0.0000e+00
       2226     81.895     3.0987   3.121316    34.3015    27.3185 0.0000e+00
       2227     81.303     3.0690   3.117736    34.2899    27.3119 0.0000e+00
       2228     80.700     3.0422   3.115820    34.2954    27.3187 0.0000e+00
       2229     80.159     3.0340   3.117171    34.3209    27.3398 0.0000e+00
       2230     79.693     3.0408   3.118912    34.3351    27.3506 0.0000e+00
       2231     79.279     3.0500   3.119512    34.3328    27.3479 0.0000e+00
       2232     78.891     3.0539   3.119636    34.3304    27.3456 0.0000e+00
       2233     78.490     3.0504   3.118718    34.3232    27.3402 0.0000e+00
       2234     78.040     3.0397   3.116438    34.3070    27.3283 0.0000e+00
       2235     77.545     3.0278   3.115256    34.3056    27.3282 0.0000e+00
       2236     77.034     3.0227   3.116385    34.3251    27.3442 0.0000e+00
       2237     76.508     3.0228   3.117050    34.3334    27.3508 0.0000e+00
       2238     75.939     3.0179   3.115296    34.3175    27.3386 0.0000e+00
       2239     75.312     3.0012   3.111784    34.2928    27.3204 0.0000e+00
       2240     74.648     2.9832   3.109405    34.2833    27.3145 0.0000e+00
       2241     74.021     2.9821   3.110107    34.2934    27.3226 0.0000e+00
       2242     73.497     2.9936   3.110743    34.2892    27.3182 0.0000e+00
       2243     73.068     2.9954   3.109314    34.2701    27.3028 0.0000e+00
       2244     72.683     2.9842   3.108157    34.2681    27.3022 0.0000e+00
       2245     72.284     2.9726   3.107962    34.2783    27.3114 0.0000e+00
       2246     71.778     2.9633   3.107026    34.2770    27.3113 0.0000e+00
       2247     71.165     2.9562   3.105703    34.2688    27.3053 0.0000e+00
       2248     70.588     2.9561   3.105482    34.2665    27.3035 0.0000e+00
       2249     70.076     2.9592   3.105655    34.2656    27.3025 0.0000e+00
       2250     69.523     2.9584   3.105171    34.2608    27.2988 0.0000e+00
       2251     68.870     2.9573   3.104242    34.2510    27.2911 0.0000e+00
       2252     68.144     2.9636   3.104102    34.2430    27.2841 0.0000e+00
       2253     67.385     2.9749   3.104869    34.2408    27.2813 0.0000e+00
       2254     66.608     2.9838   3.105444    34.2388    27.2789 0.0000e+00
       2255     65.844     2.9889   3.105678    34.2366    27.2767 0.0000e+00
       2256     65.145     2.9911   3.105791    34.2361    27.2760 0.0000e+00
