Datasets/Multi_Species/NEE535/ned535_2020_004.cnv
* Sea-Bird SBE19plus Data File:
* Filename = C:/AQUIRE/ned535_2020_004.hex
* Software Version AquireV2 AF V2.0
* Temperature SN =  4579
* Conductivity SN =  4579
* System UpLoad Time = Dec 05 2020 13:13:36
** VESSEL/TRIP/SEQ STN: ned535_2020_004
** LATITUDE: 51 02.83 N
** LONGITUDE: 50 45.15 W
** DATE/TIME: 2020-12-05 12:18
** SOUNDING DEPTH (M):  306
** PROBE TYPE: S4579
** CTD NUMBER: 004
** COMMENTS: 
# nquan = 7                                 
# nvalues = 3187                        
# units = specified
# name 0 = scan: Scan Count
# name 1 = prdM: Pressure, Strain Gauge [db]
# name 2 = tv290C: Temperature [ITS-90, deg C]
# name 3 = c0S/m: Conductivity [S/m]
# name 4 = sal00: Salinity, Practical [PSU]
# name 5 = sigma-t00: Density [sigma-t, kg/m^3 ]
# name 6 = flag: flag
# span 0 =          1,       3187       
# span 1 =     -0.201,    317.662       
# span 2 =     1.4956,     3.1883       
# span 3 =   0.008907,   3.160341       
# span 4 =     0.0722,    34.5851       
# span 5 =    -0.0084,    27.5409       
# span 6 = 0.0000e+00, 0.0000e+00       
# interval = seconds: 1
# start_time = Dec 05 2020 12:18:05 [Instrument's time stamp, header]
# bad_flag = -9.990e-29
*END*
[from data line 2257]
       2258    261.465     3.1867   3.160341    34.5829    27.5348 0.0000e+00
       2259    260.898     3.1882   3.160294    34.5810    27.5332 0.0000e+00
       2260    260.323     3.1883   3.160195    34.5800    27.5324 0.0000e+00
       2261    259.739     3.1883   3.160180    34.5802    27.5325 0.0000e+00
       2262    259.141     3.1875   3.160068    34.5800    27.5324 0.0000e+00
       2263    258.534     3.1833   3.159548    34.5785    27.5316 0.0000e+00
       2264    257.932     3.1754   3.158523    34.5748    27.5294 0.0000e+00
       2265    257.343     3.1683   3.157630    34.5719    27.5278 0.0000e+00
       2266    256.765     3.1661   3.157472    34.5727    27.5286 0.0000e+00
       2267    256.191     3.1669   3.157589    34.5735    27.5292 0.0000e+00
       2268    255.615     3.1655   3.157327    34.5722    27.5282 0.0000e+00
       2269    255.033     3.1602   3.156600    34.5693    27.5265 0.0000e+00
       2270    254.435     3.1528   3.155720    34.5669    27.5252 0.0000e+00
       2271    253.812     3.1468   3.155081    34.5659    27.5250 0.0000e+00
       2272    253.170     3.1422   3.154679    34.5663    27.5257 0.0000e+00
       2273    252.523     3.1329   3.153644    34.5640    27.5248 0.0000e+00
       2274    251.877     3.1140   3.151366    34.5569    27.5208 0.0000e+00
       2275    251.236     3.0926   3.149003    34.5514    27.5184 0.0000e+00
       2276    250.598     3.0778   3.147683    34.5515    27.5199 0.0000e+00
       2277    249.966     3.0690   3.146911    34.5519    27.5210 0.0000e+00
       2278    249.337     3.0608   3.145980    34.5496    27.5200 0.0000e+00
       2279    248.695     3.0517   3.144919    34.5468    27.5186 0.0000e+00
       2280    248.027     3.0425   3.143897    34.5446    27.5176 0.0000e+00
       2281    247.335     3.0343   3.142975    34.5425    27.5167 0.0000e+00
       2282    246.638     3.0251   3.142081    34.5418    27.5171 0.0000e+00
       2283    245.960     3.0083   3.140194    34.5372    27.5149 0.0000e+00
       2284    245.304     2.9797   3.136520    34.5234    27.5065 0.0000e+00
       2285    244.652     2.9467   3.132523    34.5103    27.4990 0.0000e+00
       2286    243.995     2.9218   3.130028    34.5068    27.4985 0.0000e+00
       2287    243.331     2.9088   3.128987    34.5084    27.5010 0.0000e+00
       2288    242.666     2.9028   3.128476    34.5090    27.5019 0.0000e+00
       2289    242.001     2.8991   3.128037    34.5079    27.5014 0.0000e+00
       2290    241.323     2.8963   3.127672    34.5068    27.5008 0.0000e+00
       2291    240.617     2.8941   3.127426    34.5066    27.5008 0.0000e+00
       2292    239.881     2.8926   3.127252    34.5065    27.5009 0.0000e+00
       2293    239.133     2.8909   3.127046    34.5062    27.5008 0.0000e+00
       2294    238.399     2.8883   3.126684    34.5050    27.5000 0.0000e+00
       2295    237.681     2.8840   3.126104    34.5029    27.4988 0.0000e+00
       2296    236.953     2.8769   3.125219    34.5001    27.4971 0.0000e+00
       2297    236.200     2.8674   3.124008    34.4958    27.4946 0.0000e+00
       2298    235.442     2.8577   3.122821    34.4921    27.4925 0.0000e+00
       2299    234.704     2.8507   3.122026    34.4903    27.4917 0.0000e+00
       2300    233.996     2.8468   3.121595    34.4896    27.4915 0.0000e+00
       2301    233.300     2.8443   3.121300    34.4891    27.4913 0.0000e+00
       2302    232.585     2.8429   3.121077    34.4882    27.4907 0.0000e+00
       2303    231.840     2.8423   3.120954    34.4878    27.4904 0.0000e+00
       2304    231.078     2.8419   3.120830    34.4871    27.4899 0.0000e+00
       2305    230.315     2.8405   3.120575    34.4859    27.4891 0.0000e+00
       2306    229.557     2.8379   3.120129    34.4837    27.4875 0.0000e+00
       2307    228.799     2.8342   3.119567    34.4812    27.4859 0.0000e+00
       2308    228.033     2.8301   3.119020    34.4793    27.4847 0.0000e+00
       2309    227.263     2.8262   3.118508    34.4776    27.4838 0.0000e+00
       2310    226.491     2.8226   3.118004    34.4757    27.4826 0.0000e+00
       2311    225.706     2.8190   3.117523    34.4741    27.4816 0.0000e+00
       2312    224.893     2.8151   3.117040    34.4729    27.4809 0.0000e+00
       2313    224.052     2.8089   3.116271    34.4705    27.4797 0.0000e+00
       2314    223.199     2.7990   3.114914    34.4650    27.4761 0.0000e+00
       2315    222.350     2.7878   3.113405    34.4590    27.4723 0.0000e+00
       2316    221.507     2.7786   3.112361    34.4565    27.4711 0.0000e+00
       2317    220.672     2.7704   3.111397    34.4539    27.4698 0.0000e+00
       2318    219.847     2.7595   3.109926    34.4480    27.4661 0.0000e+00
       2319    219.029     2.7450   3.108017    34.4406    27.4614 0.0000e+00
       2320    218.202     2.7293   3.106088    34.4342    27.4577 0.0000e+00
       2321    217.350     2.7149   3.104516    34.4308    27.4562 0.0000e+00
       2322    216.481     2.7028   3.103203    34.4282    27.4552 0.0000e+00
       2323    215.609     2.6934   3.102094    34.4251    27.4535 0.0000e+00
       2324    214.732     2.6868   3.101343    34.4235    27.4528 0.0000e+00
       2325    213.832     2.6818   3.100791    34.4225    27.4525 0.0000e+00
       2326    212.908     2.6771   3.100229    34.4212    27.4518 0.0000e+00
       2327    211.995     2.6709   3.099575    34.4203    27.4516 0.0000e+00
       2328    211.123     2.6605   3.098297    34.4162    27.4493 0.0000e+00
       2329    210.284     2.6448   3.096099    34.4065    27.4429 0.0000e+00
       2330    209.440     2.6286   3.094092    34.3997    27.4388 0.0000e+00
       2331    208.564     2.6178   3.093052    34.3989    27.4392 0.0000e+00
       2332    207.658     2.6105   3.092274    34.3977    27.4388 0.0000e+00
       2333    206.737     2.6023   3.091198    34.3937    27.4364 0.0000e+00
       2334    205.811     2.5930   3.090038    34.3900    27.4341 0.0000e+00
       2335    204.901     2.5839   3.088961    34.3870    27.4325 0.0000e+00
       2336    204.016     2.5743   3.087744    34.3828    27.4300 0.0000e+00
       2337    203.134     2.5632   3.086290    34.3772    27.4265 0.0000e+00
       2338    202.219     2.5519   3.084921    34.3730    27.4241 0.0000e+00
       2339    201.263     2.5425   3.084015    34.3724    27.4245 0.0000e+00
       2340    200.285     2.5340   3.083178    34.3718    27.4247 0.0000e+00
       2341    199.308     2.5251   3.081962    34.3669    27.4215 0.0000e+00
       2342    198.336     2.5167   3.080917    34.3636    27.4195 0.0000e+00
       2343    197.373     2.5088   3.080159    34.3632    27.4199 0.0000e+00
       2344    196.427     2.4981   3.078807    34.3585    27.4171 0.0000e+00
       2345    195.498     2.4830   3.076727    34.3496    27.4112 0.0000e+00
       2346    194.578     2.4661   3.074704    34.3432    27.4076 0.0000e+00
       2347    193.666     2.4496   3.072876    34.3389    27.4055 0.0000e+00
       2348    192.757     2.4339   3.070991    34.3329    27.4020 0.0000e+00
       2349    191.827     2.4184   3.069095    34.3267    27.3983 0.0000e+00
       2350    190.851     2.4029   3.067332    34.3220    27.3959 0.0000e+00
       2351    189.826     2.3883   3.065817    34.3195    27.3951 0.0000e+00
       2352    188.777     2.3735   3.064237    34.3165    27.3939 0.0000e+00
       2353    187.732     2.3567   3.062314    34.3113    27.3911 0.0000e+00
       2354    186.705     2.3376   3.060066    34.3045    27.3873 0.0000e+00
       2355    185.692     2.3178   3.057726    34.2973    27.3832 0.0000e+00
       2356    184.688     2.2996   3.055752    34.2930    27.3812 0.0000e+00
       2357    183.699     2.2852   3.054235    34.2902    27.3802 0.0000e+00
       2358    182.726     2.2745   3.052929    34.2860    27.3777 0.0000e+00
       2359    181.753     2.2664   3.051819    34.2815    27.3747 0.0000e+00
       2360    180.762     2.2618   3.051224    34.2796    27.3736 0.0000e+00
       2361    179.753     2.2607   3.051107    34.2799    27.3739 0.0000e+00
       2362    178.729     2.2613   3.051063    34.2793    27.3734 0.0000e+00
       2363    177.684     2.2614   3.050972    34.2786    27.3729 0.0000e+00
       2364    176.625     2.2608   3.050804    34.2778    27.3722 0.0000e+00
       2365    175.571     2.2595   3.050544    34.2766    27.3713 0.0000e+00
       2366    174.527     2.2568   3.050129    34.2749    27.3702 0.0000e+00
       2367    173.484     2.2514   3.049360    34.2717    27.3681 0.0000e+00
       2368    172.435     2.2432   3.048269    34.2676    27.3655 0.0000e+00
       2369    171.388     2.2336   3.047033    34.2631    27.3627 0.0000e+00
       2370    170.338     2.2246   3.045903    34.2593    27.3604 0.0000e+00
       2371    169.272     2.2183   3.045242    34.2585    27.3602 0.0000e+00
       2372    168.203     2.2151   3.044981    34.2593    27.3611 0.0000e+00
       2373    167.148     2.2129   3.044690    34.2586    27.3608 0.0000e+00
       2374    166.089     2.2091   3.044163    34.2568    27.3596 0.0000e+00
       2375    165.004     2.2036   3.043513    34.2552    27.3588 0.0000e+00
       2376    163.912     2.1980   3.042886    34.2541    27.3583 0.0000e+00
       2377    162.848     2.1921   3.042110    34.2513    27.3566 0.0000e+00
       2378    161.809     2.1837   3.040883    34.2457    27.3528 0.0000e+00
       2379    160.753     2.1709   3.039263    34.2399    27.3491 0.0000e+00
       2380    159.663     2.1551   3.037446    34.2349    27.3464 0.0000e+00
       2381    158.567     2.1383   3.035438    34.2285    27.3427 0.0000e+00
       2382    157.491     2.1224   3.033541    34.2226    27.3392 0.0000e+00
       2383    156.429     2.1097   3.032150    34.2195    27.3377 0.0000e+00
       2384    155.369     2.1012   3.031277    34.2184    27.3375 0.0000e+00
       2385    154.310     2.0954   3.030728    34.2184    27.3379 0.0000e+00
       2386    153.255     2.0865   3.029682    34.2155    27.3363 0.0000e+00
       2387    152.189     2.0686   3.027349    34.2063    27.3303 0.0000e+00
       2388    151.081     2.0463   3.024645    34.1971    27.3248 0.0000e+00
       2389    149.919     2.0290   3.022975    34.1955    27.3249 0.0000e+00
       2390    148.730     2.0188   3.022002    34.1950    27.3253 0.0000e+00
       2391    147.550     2.0123   3.021002    34.1902    27.3219 0.0000e+00
       2392    146.398     2.0073   3.020208    34.1863    27.3192 0.0000e+00
       2393    145.292     2.0038   3.019738    34.1848    27.3183 0.0000e+00
       2394    144.246     2.0005   3.019317    34.1837    27.3176 0.0000e+00
       2395    143.247     1.9949   3.018617    34.1816    27.3163 0.0000e+00
       2396    142.256     1.9848   3.017372    34.1774    27.3138 0.0000e+00
       2397    141.234     1.9704   3.015634    34.1718    27.3104 0.0000e+00
       2398    140.164     1.9547   3.013757    34.1658    27.3068 0.0000e+00
       2399    139.046     1.9472   3.012645    34.1606    27.3032 0.0000e+00
       2400    137.902     1.9610   3.013861    34.1616    27.3029 0.0000e+00
       2401    136.745     1.9909   3.016866    34.1676    27.3055 0.0000e+00
       2402    135.565     2.0084   3.018066    34.1645    27.3016 0.0000e+00
       2403    134.368     1.9979   3.015778    34.1478    27.2891 0.0000e+00
       2404    133.179     1.9726   3.012327    34.1325    27.2788 0.0000e+00
       2405    132.008     1.9488   3.009704    34.1260    27.2754 0.0000e+00
       2406    130.859     1.9329   3.007995    34.1223    27.2737 0.0000e+00
       2407    129.739     1.9263   3.007161    34.1196    27.2720 0.0000e+00
       2408    128.649     1.9249   3.006814    34.1174    27.2703 0.0000e+00
       2409    127.580     1.9259   3.006485    34.1128    27.2666 0.0000e+00
       2410    126.510     1.9376   3.007180    34.1095    27.2630 0.0000e+00
       2411    125.415     1.9765   3.010459    34.1093    27.2599 0.0000e+00
       2412    124.284     2.0551   3.017645    34.1153    27.2585 0.0000e+00
       2413    123.140     2.1738   3.028937    34.1293    27.2604 0.0000e+00
       2414    122.015     2.3211   3.042976    34.1465    27.2622 0.0000e+00
       2415    120.911     2.4722   3.057718    34.1679    27.2669 0.0000e+00
       2416    119.796     2.5903   3.068178    34.1714    27.2597 0.0000e+00
       2417    118.654     2.6571   3.072103    34.1491    27.2361 0.0000e+00
       2418    117.512     2.7049   3.075147    34.1363    27.2217 0.0000e+00
       2419    116.396     2.7788   3.082686    34.1508    27.2268 0.0000e+00
       2420    115.312     2.8734   3.092307    34.1686    27.2327 0.0000e+00
       2421    114.268     2.9440   3.098000    34.1638    27.2226 0.0000e+00
       2422    113.275     2.9711   3.098938    34.1470    27.2067 0.0000e+00
       2423    112.310     2.9693   3.097866    34.1364    27.1984 0.0000e+00
       2424    111.314     2.9585   3.096475    34.1314    27.1954 0.0000e+00
       2425    110.256     2.9494   3.095478    34.1295    27.1947 0.0000e+00
       2426    109.174     2.9433   3.094837    34.1287    27.1946 0.0000e+00
       2427    108.109     2.9378   3.094380    34.1295    27.1958 0.0000e+00
       2428    107.048     2.9336   3.094210    34.1325    27.1985 0.0000e+00
       2429    105.978     2.9293   3.093825    34.1330    27.1993 0.0000e+00
       2430    104.925     2.9185   3.092393    34.1275    27.1959 0.0000e+00
       2431    103.912     2.8964   3.089855    34.1205    27.1923 0.0000e+00
       2432    102.926     2.8605   3.086058    34.1127    27.1892 0.0000e+00
       2433    101.928     2.8001   3.080081    34.1042    27.1878 0.0000e+00
       2434    100.900     2.7016   3.069615    34.0810    27.1779 0.0000e+00
       2435     99.852     2.5840   3.056460    34.0449    27.1590 0.0000e+00
       2436     98.793     2.4918   3.047463    34.0326    27.1570 0.0000e+00
       2437     97.718     2.4396   3.043378    34.0384    27.1660 0.0000e+00
       2438     96.638     2.4114   3.040910    34.0385    27.1684 0.0000e+00
       2439     95.579     2.3984   3.039638    34.0372    27.1685 0.0000e+00
       2440     94.557     2.4041   3.040070    34.0371    27.1679 0.0000e+00
       2441     93.559     2.4284   3.042293    34.0392    27.1676 0.0000e+00
       2442     92.565     2.4547   3.044354    34.0372    27.1638 0.0000e+00
       2443     91.566     2.4636   3.043912    34.0228    27.1515 0.0000e+00
       2444     90.564     2.4581   3.042278    34.0091    27.1410 0.0000e+00
       2445     89.564     2.4532   3.041538    34.0057    27.1387 0.0000e+00
       2446     88.577     2.4528   3.041444    34.0055    27.1386 0.0000e+00
       2447     87.632     2.4531   3.041437    34.0056    27.1386 0.0000e+00
       2448     86.781     2.4530   3.041509    34.0071    27.1398 0.0000e+00
       2449     86.033     2.4518   3.041440    34.0079    27.1406 0.0000e+00
       2450     85.341     2.4484   3.040942    34.0058    27.1392 0.0000e+00
       2451     84.671     2.4408   3.039993    34.0025    27.1372 0.0000e+00
       2452     84.022     2.4295   3.038637    33.9982    27.1346 0.0000e+00
       2453     83.396     2.4181   3.037215    33.9931    27.1315 0.0000e+00
       2454     82.787     2.4101   3.036207    33.9894    27.1293 0.0000e+00
       2455     82.185     2.4049   3.035544    33.9871    27.1278 0.0000e+00
       2456     81.585     2.4002   3.034673    33.9817    27.1239 0.0000e+00
       2457     80.981     2.3963   3.033639    33.9734    27.1175 0.0000e+00
       2458     80.371     2.3955   3.033127    33.9682    27.1135 0.0000e+00
       2459     79.763     2.3960   3.032982    33.9662    27.1118 0.0000e+00
       2460     79.168     2.3941   3.032545    33.9632    27.1096 0.0000e+00
       2461     78.593     2.3880   3.031680    33.9593    27.1069 0.0000e+00
