Datasets/Multi_Species/NEE535/ned535_2020_017.cnv
* Sea-Bird SBE19plus Data File:
* Filename = C:/AQUIRE/ned535_2020_017.hex
* Software Version AquireV2 AF V2.0
* Temperature SN =  4579
* Conductivity SN =  4579
* System UpLoad Time = Dec 08 2020 19:43:23
** VESSEL/TRIP/SEQ STN: ned535_2020_017
** LATITUDE: 00 00.00 N
** LONGITUDE: 00 00.00 W
** DATE/TIME: 2020-12-08 18:56
** SOUNDING DEPTH (M): 9999
** PROBE TYPE: S4579
** CTD NUMBER:
** COMMENTS:
# nquan = 7                                 
# nvalues = 2707                        
# units = specified
# name 0 = scan: Scan Count
# name 1 = prdM: Pressure, Strain Gauge [db]
# name 2 = tv290C: Temperature [ITS-90, deg C]
# name 3 = c0S/m: Conductivity [S/m]
# name 4 = sal00: Salinity, Practical [PSU]
# name 5 = sigma-t00: Density [sigma-t, kg/m^3 ]
# name 6 = flag: flag
# span 0 =          1,       2707       
# span 1 =     -0.353,    242.574       
# span 2 =     0.9778,     2.9669       
# span 3 =   0.015509,   3.135104       
# span 4 =     0.1306,    34.5215       
# span 5 =     0.0210,    27.5061       
# span 6 = 0.0000e+00, 0.0000e+00       
# interval = seconds: 1
# start_time = Dec 08 2020 18:56:34 [Instrument's time stamp, header]
# bad_flag = -9.990e-29
*END*
[from data line 1026]
       1027    241.319     2.9641   3.134689    34.5199    27.5051 0.0000e+00
       1028    241.345     2.9641   3.134696    34.5200    27.5052 0.0000e+00
       1029    241.365     2.9638   3.134666    34.5200    27.5052 0.0000e+00
       1030    241.376     2.9637   3.134650    34.5199    27.5051 0.0000e+00
       1031    241.387     2.9638   3.134675    34.5200    27.5053 0.0000e+00
       1032    241.406     2.9640   3.134696    34.5201    27.5053 0.0000e+00
       1033    241.424     2.9642   3.134708    34.5200    27.5052 0.0000e+00
       1034    241.421     2.9642   3.134714    34.5201    27.5052 0.0000e+00
       1035    241.392     2.9642   3.134698    34.5199    27.5051 0.0000e+00
       1036    241.360     2.9641   3.134685    34.5199    27.5051 0.0000e+00
       1037    241.354     2.9642   3.134696    34.5199    27.5051 0.0000e+00
       1038    241.385     2.9642   3.134718    34.5201    27.5053 0.0000e+00
       1039    241.438     2.9644   3.134735    34.5201    27.5053 0.0000e+00
       1040    241.489     2.9643   3.134729    34.5201    27.5053 0.0000e+00
       1041    241.510     2.9640   3.134695    34.5200    27.5052 0.0000e+00
       1042    241.500     2.9636   3.134638    34.5197    27.5050 0.0000e+00
       1043    241.485     2.9633   3.134600    34.5196    27.5050 0.0000e+00
       1044    241.491     2.9631   3.134597    34.5198    27.5051 0.0000e+00
       1045    241.522     2.9631   3.134580    34.5196    27.5049 0.0000e+00
       1046    241.561     2.9630   3.134562    34.5194    27.5048 0.0000e+00
       1047    241.590     2.9631   3.134595    34.5197    27.5050 0.0000e+00
       1048    241.604     2.9634   3.134644    34.5200    27.5052 0.0000e+00
       1049    241.614     2.9637   3.134671    34.5200    27.5052 0.0000e+00
       1050    241.634     2.9638   3.134686    34.5200    27.5053 0.0000e+00
       1051    241.668     2.9637   3.134667    34.5199    27.5051 0.0000e+00
       1052    241.710     2.9631   3.134579    34.5194    27.5048 0.0000e+00
       1053    241.745     2.9626   3.134509    34.5191    27.5046 0.0000e+00
       1054    241.761     2.9626   3.134540    34.5195    27.5049 0.0000e+00
       1055    241.756     2.9629   3.134597    34.5199    27.5052 0.0000e+00
       1056    241.742     2.9631   3.134612    34.5198    27.5051 0.0000e+00
       1057    241.734     2.9630   3.134573    34.5195    27.5049 0.0000e+00
       1058    241.739     2.9627   3.134531    34.5193    27.5047 0.0000e+00
       1059    241.759     2.9628   3.134550    34.5194    27.5048 0.0000e+00
       1060    241.784     2.9630   3.134590    34.5196    27.5050 0.0000e+00
       1061    241.799     2.9631   3.134616    34.5199    27.5052 0.0000e+00
       1062    241.802     2.9631   3.134618    34.5199    27.5052 0.0000e+00
       1063    241.805     2.9631   3.134608    34.5198    27.5051 0.0000e+00
       1064    241.815     2.9631   3.134595    34.5196    27.5050 0.0000e+00
       1065    241.827     2.9629   3.134558    34.5193    27.5048 0.0000e+00
       1066    241.835     2.9623   3.134490    34.5192    27.5047 0.0000e+00
       1067    241.844     2.9618   3.134423    34.5189    27.5045 0.0000e+00
       1068    241.858     2.9619   3.134459    34.5192    27.5047 0.0000e+00
       1069    241.874     2.9627   3.134578    34.5198    27.5051 0.0000e+00
       1070    241.885     2.9632   3.134643    34.5200    27.5053 0.0000e+00
       1071    241.882     2.9635   3.134659    34.5199    27.5052 0.0000e+00
       1072    241.867     2.9637   3.134681    34.5200    27.5052 0.0000e+00
       1073    241.849     2.9637   3.134684    34.5200    27.5052 0.0000e+00
       1074    241.841     2.9634   3.134641    34.5198    27.5051 0.0000e+00
       1075    241.851     2.9631   3.134591    34.5195    27.5049 0.0000e+00
       1076    241.876     2.9630   3.134569    34.5193    27.5048 0.0000e+00
       1077    241.902     2.9627   3.134541    34.5193    27.5048 0.0000e+00
       1078    241.911     2.9625   3.134524    34.5193    27.5048 0.0000e+00
       1079    241.910     2.9628   3.134577    34.5196    27.5050 0.0000e+00
       1080    241.918     2.9634   3.134658    34.5200    27.5052 0.0000e+00
       1081    241.939     2.9636   3.134681    34.5200    27.5053 0.0000e+00
       1082    241.962     2.9635   3.134653    34.5198    27.5051 0.0000e+00
       1083    241.978     2.9636   3.134659    34.5197    27.5050 0.0000e+00
       1084    241.982     2.9639   3.134705    34.5200    27.5052 0.0000e+00
       1085    241.979     2.9642   3.134738    34.5201    27.5052 0.0000e+00
       1086    241.982     2.9640   3.134723    34.5201    27.5053 0.0000e+00
       1087    241.996     2.9634   3.134648    34.5198    27.5051 0.0000e+00
       1088    242.023     2.9629   3.134567    34.5193    27.5048 0.0000e+00
       1089    242.058     2.9629   3.134573    34.5194    27.5048 0.0000e+00
       1090    242.088     2.9631   3.134626    34.5198    27.5051 0.0000e+00
       1091    242.096     2.9630   3.134602    34.5196    27.5050 0.0000e+00
       1092    242.079     2.9624   3.134509    34.5191    27.5047 0.0000e+00
       1093    242.052     2.9621   3.134459    34.5189    27.5045 0.0000e+00
       1094    242.039     2.9622   3.134498    34.5192    27.5048 0.0000e+00
       1095    242.049     2.9622   3.134504    34.5193    27.5048 0.0000e+00
       1096    242.082     2.9617   3.134412    34.5187    27.5044 0.0000e+00
       1097    242.129     2.9615   3.134395    34.5187    27.5044 0.0000e+00
       1098    242.174     2.9618   3.134476    34.5193    27.5049 0.0000e+00
       1099    242.194     2.9622   3.134497    34.5191    27.5047 0.0000e+00
       1100    242.177     2.9622   3.134481    34.5190    27.5045 0.0000e+00
       1101    242.137     2.9620   3.134477    34.5191    27.5047 0.0000e+00
       1102    242.106     2.9620   3.134474    34.5191    27.5047 0.0000e+00
       1103    242.102     2.9621   3.134483    34.5191    27.5047 0.0000e+00
       1104    242.124     2.9618   3.134441    34.5189    27.5045 0.0000e+00
       1105    242.161     2.9613   3.134377    34.5187    27.5044 0.0000e+00
       1106    242.206     2.9615   3.134423    34.5190    27.5046 0.0000e+00
       1107    242.249     2.9621   3.134504    34.5193    27.5048 0.0000e+00
       1108    242.280     2.9623   3.134518    34.5192    27.5048 0.0000e+00
       1109    242.286     2.9624   3.134527    34.5192    27.5047 0.0000e+00
       1110    242.267     2.9626   3.134556    34.5194    27.5048 0.0000e+00
       1111    242.239     2.9629   3.134597    34.5196    27.5050 0.0000e+00
       1112    242.220     2.9634   3.134661    34.5198    27.5051 0.0000e+00
       1113    242.211     2.9637   3.134696    34.5200    27.5052 0.0000e+00
       1114    242.210     2.9637   3.134693    34.5199    27.5052 0.0000e+00
       1115    242.209     2.9634   3.134659    34.5198    27.5051 0.0000e+00
       1116    242.208     2.9631   3.134595    34.5194    27.5048 0.0000e+00
       1117    242.214     2.9629   3.134568    34.5193    27.5047 0.0000e+00
       1118    242.231     2.9630   3.134615    34.5197    27.5051 0.0000e+00
       1119    242.251     2.9631   3.134626    34.5197    27.5051 0.0000e+00
       1120    242.257     2.9629   3.134580    34.5194    27.5048 0.0000e+00
       1121    242.245     2.9626   3.134551    34.5193    27.5048 0.0000e+00
       1122    242.227     2.9624   3.134544    34.5195    27.5049 0.0000e+00
       1123    242.213     2.9624   3.134553    34.5196    27.5050 0.0000e+00
       1124    242.207     2.9624   3.134543    34.5195    27.5049 0.0000e+00
       1125    242.209     2.9622   3.134499    34.5192    27.5047 0.0000e+00
       1126    242.219     2.9623   3.134509    34.5192    27.5047 0.0000e+00
       1127    242.233     2.9627   3.134582    34.5196    27.5050 0.0000e+00
       1128    242.242     2.9630   3.134614    34.5197    27.5050 0.0000e+00
       1129    242.250     2.9630   3.134596    34.5195    27.5049 0.0000e+00
       1130    242.259     2.9628   3.134571    34.5194    27.5048 0.0000e+00
       1131    242.262     2.9625   3.134534    34.5192    27.5047 0.0000e+00
       1132    242.252     2.9621   3.134501    34.5193    27.5048 0.0000e+00
       1133    242.234     2.9617   3.134460    34.5192    27.5048 0.0000e+00
       1134    242.222     2.9617   3.134448    34.5191    27.5047 0.0000e+00
       1135    242.227     2.9619   3.134486    34.5193    27.5048 0.0000e+00
       1136    242.247     2.9619   3.134480    34.5192    27.5048 0.0000e+00
       1137    242.276     2.9615   3.134423    34.5189    27.5046 0.0000e+00
       1138    242.303     2.9611   3.134365    34.5187    27.5044 0.0000e+00
       1139    242.314     2.9605   3.134287    34.5183    27.5042 0.0000e+00
       1140    242.306     2.9603   3.134251    34.5181    27.5040 0.0000e+00
       1141    242.290     2.9608   3.134349    34.5188    27.5045 0.0000e+00
       1142    242.279     2.9615   3.134459    34.5194    27.5049 0.0000e+00
       1143    242.278     2.9617   3.134451    34.5191    27.5047 0.0000e+00
       1144    242.289     2.9611   3.134369    34.5187    27.5044 0.0000e+00
       1145    242.309     2.9605   3.134281    34.5183    27.5041 0.0000e+00
       1146    242.328     2.9602   3.134261    34.5183    27.5042 0.0000e+00
       1147    242.333     2.9604   3.134295    34.5185    27.5044 0.0000e+00
       1148    242.317     2.9607   3.134326    34.5186    27.5044 0.0000e+00
       1149    242.290     2.9608   3.134345    34.5187    27.5045 0.0000e+00
       1150    242.271     2.9604   3.134275    34.5183    27.5042 0.0000e+00
       1151    242.267     2.9592   3.134092    34.5174    27.5035 0.0000e+00
       1152    242.274     2.9579   3.133943    34.5169    27.5033 0.0000e+00
       1153    242.288     2.9573   3.133911    34.5172    27.5036 0.0000e+00
       1154    242.302     2.9576   3.133955    34.5174    27.5037 0.0000e+00
       1155    242.309     2.9580   3.133996    34.5175    27.5037 0.0000e+00
       1156    242.308     2.9580   3.133993    34.5174    27.5037 0.0000e+00
       1157    242.305     2.9575   3.133925    34.5171    27.5035 0.0000e+00
       1158    242.306     2.9569   3.133830    34.5166    27.5031 0.0000e+00
       1159    242.302     2.9565   3.133789    34.5165    27.5031 0.0000e+00
       1160    242.290     2.9562   3.133766    34.5166    27.5032 0.0000e+00
       1161    242.277     2.9557   3.133694    34.5163    27.5030 0.0000e+00
       1162    242.277     2.9550   3.133597    34.5158    27.5027 0.0000e+00
       1163    242.303     2.9545   3.133536    34.5156    27.5025 0.0000e+00
       1164    242.345     2.9543   3.133536    34.5158    27.5027 0.0000e+00
       1165    242.373     2.9545   3.133566    34.5159    27.5028 0.0000e+00
       1166    242.375     2.9546   3.133576    34.5159    27.5028 0.0000e+00
       1167    242.371     2.9547   3.133584    34.5159    27.5028 0.0000e+00
       1168    242.379     2.9555   3.133686    34.5163    27.5030 0.0000e+00
       1169    242.390     2.9569   3.133881    34.5172    27.5036 0.0000e+00
       1170    242.391     2.9580   3.134014    34.5176    27.5039 0.0000e+00
       1171    242.378     2.9581   3.134001    34.5174    27.5036 0.0000e+00
       1172    242.361     2.9576   3.133931    34.5171    27.5034 0.0000e+00
       1173    242.353     2.9571   3.133877    34.5170    27.5034 0.0000e+00
       1174    242.362     2.9569   3.133833    34.5166    27.5031 0.0000e+00
       1175    242.382     2.9565   3.133785    34.5165    27.5030 0.0000e+00
       1176    242.397     2.9564   3.133769    34.5164    27.5030 0.0000e+00
       1177    242.386     2.9570   3.133854    34.5168    27.5032 0.0000e+00
       1178    242.346     2.9577   3.133959    34.5173    27.5036 0.0000e+00
       1179    242.297     2.9579   3.133969    34.5172    27.5036 0.0000e+00
       1180    242.264     2.9579   3.133953    34.5171    27.5034 0.0000e+00
       1181    242.261     2.9581   3.134005    34.5175    27.5037 0.0000e+00
       1182    242.287     2.9584   3.134054    34.5178    27.5039 0.0000e+00
       1183    242.322     2.9585   3.134059    34.5177    27.5039 0.0000e+00
       1184    242.342     2.9589   3.134091    34.5176    27.5038 0.0000e+00
       1185    242.338     2.9596   3.134202    34.5182    27.5042 0.0000e+00
       1186    242.321     2.9604   3.134310    34.5187    27.5045 0.0000e+00
       1187    242.309     2.9606   3.134305    34.5185    27.5043 0.0000e+00
       1188    242.308     2.9599   3.134214    34.5181    27.5040 0.0000e+00
       1189    242.317     2.9591   3.134103    34.5176    27.5037 0.0000e+00
       1190    242.332     2.9588   3.134078    34.5176    27.5038 0.0000e+00
       1191    242.347     2.9590   3.134142    34.5182    27.5042 0.0000e+00
       1192    242.360     2.9592   3.134159    34.5181    27.5042 0.0000e+00
       1193    242.370     2.9592   3.134146    34.5180    27.5040 0.0000e+00
       1194    242.376     2.9596   3.134190    34.5181    27.5041 0.0000e+00
       1195    242.375     2.9603   3.134288    34.5185    27.5044 0.0000e+00
       1196    242.364     2.9608   3.134360    34.5189    27.5046 0.0000e+00
       1197    242.343     2.9608   3.134325    34.5185    27.5043 0.0000e+00
       1198    242.312     2.9606   3.134280    34.5181    27.5040 0.0000e+00
       1199    242.282     2.9601   3.134254    34.5184    27.5043 0.0000e+00
       1200    242.269     2.9593   3.134138    34.5178    27.5039 0.0000e+00
       1201    242.281     2.9585   3.134018    34.5172    27.5035 0.0000e+00
       1202    242.308     2.9581   3.133983    34.5172    27.5035 0.0000e+00
       1203    242.325     2.9579   3.133968    34.5172    27.5035 0.0000e+00
       1204    242.316     2.9575   3.133927    34.5172    27.5035 0.0000e+00
       1205    242.292     2.9575   3.133931    34.5172    27.5036 0.0000e+00
       1206    242.270     2.9581   3.134016    34.5176    27.5038 0.0000e+00
       1207    242.260     2.9589   3.134121    34.5181    27.5041 0.0000e+00
       1208    242.263     2.9594   3.134188    34.5183    27.5043 0.0000e+00
       1209    242.270     2.9594   3.134177    34.5182    27.5042 0.0000e+00
       1210    242.274     2.9589   3.134079    34.5175    27.5037 0.0000e+00
       1211    242.276     2.9581   3.133980    34.5172    27.5035 0.0000e+00
       1212    242.278     2.9579   3.133969    34.5173    27.5036 0.0000e+00
       1213    242.279     2.9579   3.133971    34.5173    27.5036 0.0000e+00
       1214    242.271     2.9576   3.133916    34.5169    27.5033 0.0000e+00
       1215    242.254     2.9571   3.133852    34.5167    27.5032 0.0000e+00
       1216    242.242     2.9569   3.133839    34.5168    27.5033 0.0000e+00
       1217    242.239     2.9569   3.133848    34.5169    27.5033 0.0000e+00
       1218    242.234     2.9566   3.133815    34.5168    27.5033 0.0000e+00
       1219    242.223     2.9568   3.133824    34.5167    27.5032 0.0000e+00
       1220    242.214     2.9581   3.134018    34.5177    27.5039 0.0000e+00
       1221    242.221     2.9598   3.134269    34.5189    27.5047 0.0000e+00
       1222    242.241     2.9608   3.134373    34.5191    27.5048 0.0000e+00
       1223    242.252     2.9609   3.134347    34.5187    27.5044 0.0000e+00
       1224    242.248     2.9604   3.134273    34.5183    27.5042 0.0000e+00
       1225    242.243     2.9603   3.134245    34.5181    27.5040 0.0000e+00
       1226    242.249     2.9605   3.134293    34.5184    27.5043 0.0000e+00
       1227    242.263     2.9607   3.134316    34.5185    27.5043 0.0000e+00
       1228    242.277     2.9605   3.134289    34.5184    27.5042 0.0000e+00
       1229    242.282     2.9600   3.134222    34.5181    27.5040 0.0000e+00
       1230    242.283     2.9592   3.134124    34.5178    27.5038 0.0000e+00
