Datasets/Multi_Species/NEE535/ned535_2020_003.cnv
* Sea-Bird SBE19plus Data File:
* Filename = C:/AQUIRE/ned535_2020_003.hex
* Software Version AquireV2 AF V2.0
* Temperature SN =  4579
* Conductivity SN =  4579
* System UpLoad Time = Dec 04 2020 22:27:38
** VESSEL/TRIP/SEQ STN: ned535_2020_003
** LATITUDE: 50 38.85 N
** LONGITUDE: 50 45.45 W
** DATE/TIME: 2020-12-04 21:27
** SOUNDING DEPTH (M):  448
** PROBE TYPE: S4579
** CTD NUMBER: 003
** COMMENTS: 
# nquan = 7                                 
# nvalues = 3272                        
# units = specified
# name 0 = scan: Scan Count
# name 1 = prdM: Pressure, Strain Gauge [db]
# name 2 = tv290C: Temperature [ITS-90, deg C]
# name 3 = c0S/m: Conductivity [S/m]
# name 4 = sal00: Salinity, Practical [PSU]
# name 5 = sigma-t00: Density [sigma-t, kg/m^3 ]
# name 6 = flag: flag
# span 0 =          1,       3272       
# span 1 =     -0.171,    452.416       
# span 2 =     1.4781,     3.9228       
# span 3 =   0.005078,   3.245680       
# span 4 =     0.0400,    34.7495       
# span 5 =    -0.0374,    27.5967       
# span 6 = 0.0000e+00, 0.0000e+00       
# interval = seconds: 1
# start_time = Dec 04 2020 21:27:38 [Instrument's time stamp, header]
# bad_flag = -9.990e-29
*END*
[from data line 411]
        412     42.681     1.7847   2.946096    33.5534    26.8288 0.0000e+00
        413     43.163     1.7848   2.946131    33.5535    26.8289 0.0000e+00
        414     43.637     1.7849   2.946163    33.5535    26.8289 0.0000e+00
        415     44.096     1.7847   2.946175    33.5536    26.8290 0.0000e+00
        416     44.548     1.7847   2.946198    33.5537    26.8290 0.0000e+00
        417     45.004     1.7847   2.946238    33.5539    26.8292 0.0000e+00
        418     45.457     1.7844   2.946255    33.5542    26.8294 0.0000e+00
        419     45.895     1.7839   2.946244    33.5543    26.8296 0.0000e+00
        420     46.318     1.7834   2.946220    33.5543    26.8296 0.0000e+00
        421     46.742     1.7826   2.946182    33.5544    26.8298 0.0000e+00
        422     47.176     1.7818   2.946140    33.5545    26.8299 0.0000e+00
        423     47.607     1.7809   2.946110    33.5549    26.8302 0.0000e+00
        424     48.022     1.7805   2.946131    33.5553    26.8306 0.0000e+00
        425     48.431     1.7815   2.946295    33.5561    26.8312 0.0000e+00
        426     48.855     1.7840   2.946658    33.5577    26.8323 0.0000e+00
        427     49.297     1.7870   2.947090    33.5597    26.8337 0.0000e+00
        428     49.756     1.7894   2.947461    33.5616    26.8350 0.0000e+00
        429     50.237     1.7914   2.947766    33.5630    26.8360 0.0000e+00
        430     50.735     1.7929   2.947996    33.5640    26.8367 0.0000e+00
        431     51.233     1.7936   2.948160    33.5651    26.8375 0.0000e+00
        432     51.725     1.7938   2.948290    33.5662    26.8384 0.0000e+00
        433     52.211     1.7938   2.948419    33.5676    26.8395 0.0000e+00
        434     52.681     1.7940   2.948588    33.5692    26.8408 0.0000e+00
        435     53.126     1.7947   2.948804    33.5709    26.8421 0.0000e+00
        436     53.542     1.7959   2.949036    33.5723    26.8431 0.0000e+00
        437     53.944     1.7976   2.949272    33.5733    26.8438 0.0000e+00
        438     54.352     1.7991   2.949485    33.5741    26.8443 0.0000e+00
        439     54.778     1.8003   2.949645    33.5746    26.8446 0.0000e+00
        440     55.225     1.8013   2.949757    33.5747    26.8446 0.0000e+00
        441     55.682     1.8019   2.949844    33.5749    26.8448 0.0000e+00
        442     56.136     1.8025   2.949924    33.5750    26.8448 0.0000e+00
        443     56.584     1.8045   2.950168    33.5757    26.8452 0.0000e+00
        444     57.039     1.8103   2.950979    33.5795    26.8478 0.0000e+00
        445     57.506     1.8200   2.952285    33.5853    26.8518 0.0000e+00
        446     57.971     1.8308   2.953639    33.5905    26.8552 0.0000e+00
        447     58.426     1.8413   2.955004    33.5963    26.8590 0.0000e+00
        448     58.885     1.8512   2.956287    33.6016    26.8625 0.0000e+00
        449     59.356     1.8593   2.957280    33.6052    26.8648 0.0000e+00
        450     59.824     1.8653   2.958000    33.6076    26.8662 0.0000e+00
        451     60.281     1.8701   2.958611    33.6099    26.8677 0.0000e+00
        452     60.730     1.8744   2.959200    33.6124    26.8695 0.0000e+00
        453     61.173     1.8786   2.959738    33.6145    26.8708 0.0000e+00
        454     61.608     1.8829   2.960288    33.6165    26.8721 0.0000e+00
        455     62.035     1.8896   2.961174    33.6203    26.8746 0.0000e+00
        456     62.460     1.9040   2.963275    33.6311    26.8822 0.0000e+00
        457     62.888     1.9283   2.966858    33.6499    26.8955 0.0000e+00
        458     63.322     1.9577   2.971043    33.6708    26.9100 0.0000e+00
        459     63.754     1.9850   2.974814    33.6887    26.9222 0.0000e+00
        460     64.188     2.0048   2.977299    33.6985    26.9286 0.0000e+00
        461     64.636     2.0180   2.978802    33.7030    26.9312 0.0000e+00
        462     65.104     2.0300   2.980479    33.7109    26.9366 0.0000e+00
        463     65.585     2.0424   2.982404    33.7215    26.9441 0.0000e+00
        464     66.067     2.0526   2.983856    33.7285    26.9489 0.0000e+00
        465     66.549     2.0591   2.984670    33.7315    26.9508 0.0000e+00
        466     67.026     2.0627   2.985146    33.7333    26.9520 0.0000e+00
        467     67.491     2.0644   2.985522    33.7360    26.9540 0.0000e+00
        468     67.939     2.0644   2.985767    33.7388    26.9563 0.0000e+00
        469     68.376     2.0636   2.985972    33.7419    26.9588 0.0000e+00
        470     68.811     2.0645   2.986455    33.7468    26.9626 0.0000e+00
        471     69.245     2.0682   2.987159    33.7514    26.9661 0.0000e+00
        472     69.676     2.0734   2.987927    33.7552    26.9687 0.0000e+00
        473     70.112     2.0790   2.988733    33.7590    26.9714 0.0000e+00
        474     70.565     2.0847   2.989491    33.7622    26.9734 0.0000e+00
        475     71.039     2.0927   2.990550    33.7666    26.9764 0.0000e+00
        476     71.529     2.1052   2.992284    33.7747    26.9818 0.0000e+00
        477     72.017     2.1191   2.994087    33.7821    26.9867 0.0000e+00
        478     72.494     2.1299   2.995297    33.7854    26.9885 0.0000e+00
        479     72.973     2.1379   2.996229    33.7882    26.9901 0.0000e+00
        480     73.463     2.1460   2.997246    33.7920    26.9925 0.0000e+00
        481     73.950     2.1565   2.998513    33.7963    26.9952 0.0000e+00
        482     74.425     2.1711   3.000254    33.8022    26.9987 0.0000e+00
        483     74.891     2.1935   3.002926    33.8114    27.0043 0.0000e+00
        484     75.351     2.2266   3.006909    33.8255    27.0129 0.0000e+00
        485     75.800     2.2646   3.011200    33.8381    27.0200 0.0000e+00
        486     76.244     2.2978   3.014551    33.8442    27.0222 0.0000e+00
        487     76.695     2.3224   3.016875    33.8466    27.0221 0.0000e+00
        488     77.158     2.3455   3.019157    33.8501    27.0231 0.0000e+00
        489     77.629     2.3842   3.023754    33.8657    27.0324 0.0000e+00
        490     78.106     2.4500   3.031952    33.8969    27.0520 0.0000e+00
        491     78.590     2.5299   3.041405    33.9286    27.0706 0.0000e+00
        492     79.082     2.5934   3.048361    33.9466    27.0797 0.0000e+00
        493     79.586     2.6175   3.050691    33.9495    27.0799 0.0000e+00
        494     80.104     2.6044   3.049158    33.9442    27.0768 0.0000e+00
        495     80.623     2.5846   3.047616    33.9460    27.0799 0.0000e+00
        496     81.130     2.5892   3.049456    33.9635    27.0935 0.0000e+00
        497     81.620     2.6141   3.053068    33.9812    27.1056 0.0000e+00
        498     82.094     2.6432   3.056548    33.9929    27.1124 0.0000e+00
        499     82.560     2.6760   3.060946    34.0119    27.1248 0.0000e+00
        500     83.025     2.7080   3.065323    34.0315    27.1377 0.0000e+00
        501     83.483     2.7298   3.068042    34.0414    27.1438 0.0000e+00
        502     83.930     2.7454   3.069956    34.0481    27.1478 0.0000e+00
        503     84.365     2.7607   3.071938    34.0560    27.1527 0.0000e+00
        504     84.803     2.7742   3.073602    34.0618    27.1562 0.0000e+00
        505     85.258     2.7839   3.074782    34.0657    27.1585 0.0000e+00
        506     85.730     2.7899   3.075610    34.0692    27.1607 0.0000e+00
        507     86.209     2.7930   3.076095    34.0716    27.1624 0.0000e+00
        508     86.680     2.7944   3.076336    34.0728    27.1632 0.0000e+00
        509     87.156     2.7949   3.076431    34.0732    27.1635 0.0000e+00
        510     87.658     2.7939   3.076395    34.0735    27.1638 0.0000e+00
        511     88.180     2.7934   3.076429    34.0742    27.1644 0.0000e+00
        512     88.698     2.7968   3.077055    34.0780    27.1671 0.0000e+00
        513     89.194     2.8032   3.078051    34.0831    27.1707 0.0000e+00
        514     89.675     2.8070   3.078474    34.0840    27.1710 0.0000e+00
        515     90.153     2.8070   3.078431    34.0832    27.1704 0.0000e+00
        516     90.630     2.8076   3.078638    34.0848    27.1716 0.0000e+00
        517     91.105     2.8148   3.079673    34.0896    27.1748 0.0000e+00
        518     91.578     2.8316   3.081934    34.0992    27.1810 0.0000e+00
        519     92.052     2.8517   3.084430    34.1082    27.1864 0.0000e+00
        520     92.529     2.8657   3.085901    34.1110    27.1874 0.0000e+00
        521     93.004     2.8720   3.086482    34.1112    27.1870 0.0000e+00
        522     93.477     2.8743   3.086766    34.1120    27.1874 0.0000e+00
        523     93.954     2.8756   3.087000    34.1132    27.1883 0.0000e+00
        524     94.441     2.8769   3.087252    34.1146    27.1893 0.0000e+00
        525     94.945     2.8785   3.087542    34.1162    27.1904 0.0000e+00
        526     95.463     2.8803   3.087850    34.1178    27.1915 0.0000e+00
        527     95.987     2.8819   3.088152    34.1195    27.1927 0.0000e+00
        528     96.510     2.8834   3.088414    34.1208    27.1937 0.0000e+00
        529     97.032     2.8851   3.088680    34.1219    27.1944 0.0000e+00
        530     97.553     2.8872   3.089020    34.1236    27.1956 0.0000e+00
        531     98.067     2.8891   3.089381    34.1257    27.1971 0.0000e+00
        532     98.567     2.8903   3.089649    34.1274    27.1983 0.0000e+00
        533     99.051     2.8908   3.089826    34.1288    27.1994 0.0000e+00
        534     99.526     2.8911   3.089964    34.1299    27.2002 0.0000e+00
        535     99.996     2.8913   3.090063    34.1306    27.2008 0.0000e+00
        536    100.460     2.8914   3.090126    34.1310    27.2011 0.0000e+00
        537    100.920     2.8913   3.090178    34.1315    27.2015 0.0000e+00
        538    101.384     2.8910   3.090224    34.1321    27.2021 0.0000e+00
        539    101.859     2.8909   3.090276    34.1326    27.2024 0.0000e+00
        540    102.349     2.8911   3.090388    34.1335    27.2031 0.0000e+00
        541    102.851     2.8918   3.090573    34.1347    27.2041 0.0000e+00
        542    103.354     2.8924   3.090778    34.1363    27.2053 0.0000e+00
        543    103.856     2.8922   3.090921    34.1380    27.2066 0.0000e+00
        544    104.363     2.8916   3.090986    34.1392    27.2076 0.0000e+00
        545    104.878     2.8907   3.091018    34.1402    27.2085 0.0000e+00
        546    105.392     2.8892   3.091004    34.1414    27.2096 0.0000e+00
        547    105.897     2.8861   3.090866    34.1427    27.2109 0.0000e+00
        548    106.390     2.8822   3.090640    34.1438    27.2121 0.0000e+00
        549    106.869     2.8786   3.090450    34.1450    27.2135 0.0000e+00
        550    107.340     2.8751   3.090252    34.1461    27.2146 0.0000e+00
        551    107.801     2.8705   3.089888    34.1462    27.2151 0.0000e+00
        552    108.253     2.8644   3.089351    34.1459    27.2154 0.0000e+00
        553    108.705     2.8580   3.088830    34.1461    27.2161 0.0000e+00
        554    109.167     2.8535   3.088524    34.1469    27.2171 0.0000e+00
        555    109.635     2.8508   3.088392    34.1479    27.2182 0.0000e+00
        556    110.101     2.8490   3.088289    34.1483    27.2186 0.0000e+00
        557    110.559     2.8469   3.088142    34.1484    27.2190 0.0000e+00
        558    111.011     2.8439   3.087899    34.1484    27.2192 0.0000e+00
        559    111.471     2.8393   3.087501    34.1482    27.2194 0.0000e+00
        560    111.944     2.8328   3.086923    34.1477    27.2197 0.0000e+00
        561    112.423     2.8255   3.086272    34.1472    27.2199 0.0000e+00
        562    112.900     2.8194   3.085799    34.1477    27.2208 0.0000e+00
        563    113.375     2.8155   3.085553    34.1485    27.2218 0.0000e+00
        564    113.857     2.8129   3.085387    34.1490    27.2224 0.0000e+00
        565    114.348     2.8100   3.085193    34.1494    27.2230 0.0000e+00
        566    114.834     2.8057   3.084839    34.1494    27.2234 0.0000e+00
        567    115.299     2.7999   3.084336    34.1492    27.2237 0.0000e+00
        568    115.744     2.7942   3.083839    34.1489    27.2240 0.0000e+00
        569    116.181     2.7887   3.083391    34.1490    27.2246 0.0000e+00
        570    116.616     2.7835   3.082992    34.1494    27.2253 0.0000e+00
        571    117.046     2.7786   3.082634    34.1500    27.2262 0.0000e+00
        572    117.474     2.7746   3.082355    34.1506    27.2271 0.0000e+00
        573    117.903     2.7712   3.082150    34.1514    27.2280 0.0000e+00
        574    118.331     2.7674   3.081886    34.1520    27.2288 0.0000e+00
        575    118.758     2.7635   3.081586    34.1522    27.2294 0.0000e+00
        576    119.199     2.7606   3.081398    34.1528    27.2300 0.0000e+00
        577    119.668     2.7592   3.081383    34.1538    27.2310 0.0000e+00
        578    120.152     2.7590   3.081535    34.1556    27.2325 0.0000e+00
        579    120.632     2.7596   3.081781    34.1577    27.2341 0.0000e+00
        580    121.108     2.7599   3.081955    34.1593    27.2353 0.0000e+00
        581    121.588     2.7584   3.081933    34.1604    27.2363 0.0000e+00
        582    122.070     2.7538   3.081658    34.1616    27.2377 0.0000e+00
        583    122.549     2.7475   3.081281    34.1634    27.2397 0.0000e+00
        584    123.020     2.7446   3.081321    34.1667    27.2426 0.0000e+00
        585    123.481     2.7477   3.081986    34.1713    27.2460 0.0000e+00
        586    123.930     2.7545   3.082847    34.1744    27.2479 0.0000e+00
        587    124.369     2.7619   3.083656    34.1762    27.2487 0.0000e+00
        588    124.804     2.7733   3.084855    34.1785    27.2495 0.0000e+00
        589    125.245     2.7939   3.087264    34.1859    27.2536 0.0000e+00
        590    125.686     2.8200   3.090354    34.1957    27.2591 0.0000e+00
        591    126.125     2.8419   3.092606    34.1998    27.2604 0.0000e+00
        592    126.569     2.8562   3.093954    34.2008    27.2600 0.0000e+00
        593    127.021     2.8649   3.094912    34.2030    27.2610 0.0000e+00
        594    127.476     2.8701   3.095563    34.2052    27.2623 0.0000e+00
        595    127.941     2.8732   3.095996    34.2069    27.2634 0.0000e+00
        596    128.421     2.8753   3.096333    34.2086    27.2645 0.0000e+00
        597    128.905     2.8769   3.096637    34.2103    27.2657 0.0000e+00
        598    129.387     2.8780   3.096861    34.2116    27.2667 0.0000e+00
        599    129.869     2.8788   3.097018    34.2124    27.2672 0.0000e+00
        600    130.346     2.8792   3.097128    34.2131    27.2677 0.0000e+00
        601    130.821     2.8786   3.097178    34.2141    27.2686 0.0000e+00
        602    131.298     2.8773   3.097182    34.2152    27.2696 0.0000e+00
        603    131.771     2.8764   3.097228    34.2165    27.2707 0.0000e+00
        604    132.233     2.8773   3.097477    34.2183    27.2721 0.0000e+00
        605    132.680     2.8804   3.097962    34.2207    27.2737 0.0000e+00
        606    133.117     2.8851   3.098552    34.2227    27.2749 0.0000e+00
        607    133.552     2.8898   3.099097    34.2241    27.2756 0.0000e+00
        608    133.985     2.8933   3.099454    34.2245    27.2756 0.0000e+00
        609    134.410     2.8953   3.099642    34.2244    27.2754 0.0000e+00
        610    134.830     2.8973   3.099876    34.2249    27.2756 0.0000e+00
        611    135.259     2.9021   3.100444    34.2265    27.2764 0.0000e+00
        612    135.707     2.9084   3.101165    34.2284    27.2774 0.0000e+00
        613    136.164     2.9120   3.101468    34.2280    27.2767 0.0000e+00
        614    136.628     2.9133   3.101507    34.2268    27.2757 0.0000e+00
        615    137.107     2.9158   3.101839    34.2280    27.2764 0.0000e+00
