Datasets/Multi_Species/NEE535/ned535_2020_020.cnv
* Sea-Bird SBE25plus Data File
* Filename = ned535_2020_020
* Software Version AquireV2 AF V2.0
* System UpLoad Time = Dec 12 2020 15:51:56
** VESSEL/TRIP/SEQ STN: ned535_2020_020
** LATITUDE: 47 32.60 N
** LONGITUDE: 52 34.76 W
** DATE/TIME: 2020-12-12 15:13
** SOUNDING DEPTH (M):  174
** PROBE TYPE: S1098
** CTD NUMBER:    
** COMMENTS (14 CHAR): Stn 27
# nquan = 8
# nvalues = 17833                       
# units = specified
# name 0 = scan: Scan Count
# name 1 = prdM: Pressure, Strain Gauge [db]
# name 2 = t090C: Temperature [ITS-90, deg C]
# name 3 = c0S/m: Conductivity [S/m]
# name 4 = flECO-AFL: Fluorescence, WET Labs ECO-AFL/FL [mg/m^3]
# name 5 = sal00: Salinity, Practical [PSU]
# name 6 = sigma-t00: Density [sigma-t, kg/m^3 ]
# name 7 = flag: flag
# span 0 =          2,      35665       
# span 1 =      0.464,    169.889       
# span 2 =    -9.7790,     8.0454       
# span 3 =  -0.003758,   3.085490       
# span 4 =    -0.1261,    36.4669       
# span 5 =     0.0000,    33.1351       
# span 6 =    -1.7835,    26.6153       
# span 7 = 0.0000e+00, 0.0000e+00       
# interval = scans: 2                   
# start_time = Dec 12 2020 15:13:45 [Instrument's time stamp, header]
# bad_flag = -9.990e-29
*END*
[from data line 13124]
      26250    141.322    -0.3828   2.719678     6.5975    32.8911    26.4210 0.0000e+00
      26252    141.328    -0.3826   2.719673     6.5965    32.8909    26.4208 0.0000e+00
      26254    141.332    -0.3826   2.719713     6.5975    32.8914    26.4213 0.0000e+00
      26256    141.334    -0.3827   2.719723     6.5984    32.8916    26.4214 0.0000e+00
      26258    141.328    -0.3826   2.719689     6.5975    32.8911    26.4209 0.0000e+00
      26260    141.314    -0.3827   2.719633     6.5984    32.8905    26.4205 0.0000e+00
      26262    141.292    -0.3827   2.719634     6.5965    32.8904    26.4205 0.0000e+00
      26264    141.266    -0.3826   2.719655     6.5975    32.8906    26.4205 0.0000e+00
      26266    141.233    -0.3826   2.719651     6.5965    32.8907    26.4206 0.0000e+00
      26268    141.191    -0.3825   2.719639     6.5975    32.8903    26.4203 0.0000e+00
      26270    141.144    -0.3822   2.719630     6.5955    32.8899    26.4200 0.0000e+00
      26272    141.092    -0.3822   2.719639     6.5669    32.8901    26.4202 0.0000e+00
      26274    141.034    -0.3823   2.719652     6.5649    32.8905    26.4205 0.0000e+00
      26276    140.971    -0.3822   2.719647     6.5669    32.8903    26.4203 0.0000e+00
      26278    140.904    -0.3826   2.719678     6.5679    32.8911    26.4209 0.0000e+00
      26280    140.832    -0.3826   2.719688     6.5669    32.8913    26.4211 0.0000e+00
      26282    140.757    -0.3826   2.719651     6.5669    32.8909    26.4208 0.0000e+00
      26284    140.678    -0.3827   2.719609     6.5679    32.8906    26.4205 0.0000e+00
      26286    140.598    -0.3827   2.719582     6.5688    32.8901    26.4202 0.0000e+00
      26288    140.514    -0.3828   2.719555     6.5774    32.8899    26.4201 0.0000e+00
      26290    140.430    -0.3829   2.719509     6.5975    32.8895    26.4196 0.0000e+00
      26292    140.346    -0.3830   2.719465     6.5984    32.8890    26.4194 0.0000e+00
      26294    140.261    -0.3833   2.719430     6.5965    32.8890    26.4192 0.0000e+00
      26296    140.177    -0.3832   2.719429     6.5965    32.8889    26.4192 0.0000e+00
      26298    140.094    -0.3832   2.719419     6.5975    32.8889    26.4192 0.0000e+00
      26300    140.011    -0.3833   2.719397     6.5965    32.8887    26.4191 0.0000e+00
      26302    139.927    -0.3835   2.719322     6.5965    32.8880    26.4185 0.0000e+00
      26304    139.842    -0.3840   2.719265     6.5975    32.8877    26.4183 0.0000e+00
      26306    139.755    -0.3838   2.719245     6.6146    32.8873    26.4180 0.0000e+00
      26308    139.668    -0.3842   2.719186     6.6270    32.8871    26.4177 0.0000e+00
      26310    139.582    -0.3842   2.719165     6.6270    32.8868    26.4176 0.0000e+00
      26312    139.495    -0.3845   2.719126     6.6280    32.8867    26.4175 0.0000e+00
      26314    139.407    -0.3846   2.719088     6.6270    32.8863    26.4171 0.0000e+00
      26316    139.319    -0.3844   2.719106     6.6289    32.8864    26.4173 0.0000e+00
      26318    139.230    -0.3845   2.719100     6.6289    32.8864    26.4173 0.0000e+00
      26320    139.140    -0.3846   2.719113     6.6280    32.8868    26.4175 0.0000e+00
      26322    139.048    -0.3846   2.719078     6.6280    32.8864    26.4172 0.0000e+00
      26324    138.955    -0.3848   2.719045     6.5993    32.8862    26.4171 0.0000e+00
      26326    138.861    -0.3845   2.719057     6.5965    32.8862    26.4171 0.0000e+00
      26328    138.765    -0.3846   2.719050     6.5975    32.8862    26.4171 0.0000e+00
      26330    138.665    -0.3846   2.719017     6.5975    32.8859    26.4168 0.0000e+00
      26332    138.565    -0.3849   2.718989     6.5965    32.8858    26.4168 0.0000e+00
      26334    138.463    -0.3849   2.718941     6.5984    32.8852    26.4163 0.0000e+00
      26336    138.359    -0.3851   2.718903     6.5975    32.8850    26.4162 0.0000e+00
      26338    138.253    -0.3850   2.718889     6.5975    32.8847    26.4159 0.0000e+00
      26340    138.145    -0.3852   2.718872     6.5993    32.8849    26.4160 0.0000e+00
      26342    138.036    -0.3854   2.718841     6.6289    32.8847    26.4159 0.0000e+00
      26344    137.925    -0.3854   2.718817     6.6270    32.8845    26.4157 0.0000e+00
      26346    137.814    -0.3856   2.718769     6.6270    32.8841    26.4155 0.0000e+00
      26348    137.702    -0.3860   2.718720     6.6280    32.8839    26.4153 0.0000e+00
      26350    137.591    -0.3860   2.718675     6.6270    32.8834    26.4149 0.0000e+00
      26352    137.480    -0.3861   2.718657     6.6280    32.8834    26.4149 0.0000e+00
      26354    137.370    -0.3863   2.718599     6.6280    32.8829    26.4145 0.0000e+00
      26356    137.265    -0.3868   2.718526     6.6270    32.8824    26.4141 0.0000e+00
      26358    137.164    -0.3870   2.718489     6.6289    32.8822    26.4141 0.0000e+00
      26360    137.065    -0.3866   2.718504     6.6280    32.8821    26.4139 0.0000e+00
      26362    136.967    -0.3866   2.718531     6.6270    32.8824    26.4141 0.0000e+00
      26364    136.870    -0.3870   2.718450     6.6289    32.8819    26.4137 0.0000e+00
      26366    136.780    -0.3882   2.718226     6.6280    32.8802    26.4124 0.0000e+00
      26368    136.693    -0.3897   2.717981     6.6270    32.8787    26.4113 0.0000e+00
      26370    136.608    -0.3911   2.717744     6.6280    32.8770    26.4100 0.0000e+00
      26372    136.531    -0.3910   2.717670     6.6289    32.8760    26.4091 0.0000e+00
      26374    136.460    -0.3908   2.717716     6.6289    32.8765    26.4095 0.0000e+00
      26376    136.393    -0.3909   2.717695     6.6069    32.8763    26.4094 0.0000e+00
      26378    136.331    -0.3911   2.717681     6.5984    32.8764    26.4094 0.0000e+00
      26380    136.274    -0.3914   2.717560     6.5975    32.8752    26.4085 0.0000e+00
      26382    136.225    -0.3919   2.717540     6.5975    32.8755    26.4087 0.0000e+00
      26384    136.184    -0.3923   2.717403     6.5975    32.8740    26.4077 0.0000e+00
      26386    136.146    -0.3928   2.717269     6.5975    32.8729    26.4066 0.0000e+00
      26388    136.114    -0.3932   2.717145     6.5984    32.8717    26.4057 0.0000e+00
      26390    136.088    -0.3936   2.717067     6.5984    32.8710    26.4052 0.0000e+00
      26392    136.068    -0.3938   2.716962     6.5984    32.8699    26.4043 0.0000e+00
      26394    136.053    -0.3944   2.716823     6.5984    32.8687    26.4034 0.0000e+00
      26396    136.041    -0.3947   2.716784     6.5975    32.8686    26.4033 0.0000e+00
      26398    136.034    -0.3951   2.716734     6.5975    32.8683    26.4031 0.0000e+00
      26400    136.029    -0.3952   2.716716     6.5975    32.8682    26.4029 0.0000e+00
      26402    136.026    -0.3952   2.716691     6.5975    32.8678    26.4027 0.0000e+00
      26404    136.024    -0.3951   2.716690     6.5975    32.8677    26.4026 0.0000e+00
      26406    136.024    -0.3956   2.716604     6.5975    32.8671    26.4021 0.0000e+00
      26408    136.023    -0.3960   2.716538     6.5984    32.8666    26.4018 0.0000e+00
      26410    136.024    -0.3959   2.716534     6.5975    32.8665    26.4016 0.0000e+00
      26412    136.025    -0.3957   2.716570     6.5975    32.8668    26.4019 0.0000e+00
      26414    136.024    -0.3956   2.716588     6.5965    32.8669    26.4019 0.0000e+00
      26416    136.022    -0.3956   2.716632     6.5955    32.8675    26.4024 0.0000e+00
      26418    136.018    -0.3956   2.716652     6.5975    32.8678    26.4027 0.0000e+00
      26420    136.013    -0.3955   2.716666     6.5975    32.8679    26.4027 0.0000e+00
      26422    136.006    -0.3956   2.716633     6.5975    32.8675    26.4024 0.0000e+00
      26424    135.995    -0.3956   2.716665     6.5975    32.8679    26.4027 0.0000e+00
      26426    135.983    -0.3955   2.716676     6.5965    32.8680    26.4029 0.0000e+00
      26428    135.970    -0.3957   2.716617     6.5955    32.8674    26.4023 0.0000e+00
      26430    135.955    -0.3958   2.716527     6.5975    32.8663    26.4016 0.0000e+00
      26432    135.939    -0.3957   2.716509     6.5946    32.8661    26.4012 0.0000e+00
      26434    135.919    -0.3958   2.716462     6.5975    32.8655    26.4009 0.0000e+00
      26436    135.897    -0.3961   2.716391     6.5965    32.8649    26.4003 0.0000e+00
      26438    135.873    -0.3960   2.716344     6.5965    32.8641    26.3997 0.0000e+00
      26440    135.848    -0.3960   2.716337     6.5965    32.8641    26.3997 0.0000e+00
      26442    135.820    -0.3961   2.716308     6.5984    32.8637    26.3995 0.0000e+00
      26444    135.788    -0.3964   2.716278     6.5975    32.8637    26.3995 0.0000e+00
      26446    135.754    -0.3963   2.716281     6.6241    32.8638    26.3995 0.0000e+00
      26448    135.720    -0.3966   2.716240     6.6289    32.8635    26.3993 0.0000e+00
      26450    135.684    -0.3967   2.716163     6.6308    32.8625    26.3985 0.0000e+00
      26452    135.644    -0.3969   2.716124     6.6289    32.8623    26.3983 0.0000e+00
      26454    135.602    -0.3970   2.716074     6.6289    32.8618    26.3978 0.0000e+00
      26456    135.557    -0.3970   2.716069     6.6280    32.8618    26.3978 0.0000e+00
      26458    135.506    -0.3972   2.716045     6.6289    32.8616    26.3978 0.0000e+00
      26460    135.451    -0.3973   2.715936     6.6280    32.8604    26.3968 0.0000e+00
      26462    135.395    -0.3974   2.715799     6.6251    32.8586    26.3954 0.0000e+00
      26464    135.337    -0.3976   2.715696     6.5975    32.8576    26.3944 0.0000e+00
      26466    135.275    -0.3980   2.715554     6.5984    32.8561    26.3933 0.0000e+00
      26468    135.211    -0.3984   2.715294     6.5993    32.8532    26.3911 0.0000e+00
      26470    135.142    -0.3990   2.715116     6.5975    32.8515    26.3896 0.0000e+00
      26472    135.068    -0.3998   2.714930     6.5984    32.8499    26.3884 0.0000e+00
      26474    134.989    -0.4004   2.714780     6.5984    32.8486    26.3873 0.0000e+00
      26476    134.907    -0.4010   2.714643     6.5993    32.8474    26.3865 0.0000e+00
      26478    134.822    -0.4011   2.714583     6.5993    32.8468    26.3859 0.0000e+00
      26480    134.736    -0.4012   2.714564     6.5984    32.8468    26.3859 0.0000e+00
      26482    134.645    -0.4011   2.714581     6.5993    32.8469    26.3860 0.0000e+00
      26484    134.553    -0.4018   2.714442     6.5984    32.8458    26.3852 0.0000e+00
      26486    134.459    -0.4018   2.714394     6.5984    32.8453    26.3848 0.0000e+00
      26488    134.365    -0.4035   2.713950     6.5993    32.8413    26.3816 0.0000e+00
      26490    134.269    -0.4037   2.713881     6.5984    32.8406    26.3809 0.0000e+00
      26492    134.173    -0.4038   2.713897     6.5965    32.8410    26.3813 0.0000e+00
      26494    134.078    -0.4047   2.713616     6.5965    32.8382    26.3791 0.0000e+00
      26496    133.987    -0.4065   2.713133     6.5975    32.8338    26.3757 0.0000e+00
      26498    133.895    -0.4072   2.712960     6.5975    32.8323    26.3744 0.0000e+00
      26500    133.802    -0.4073   2.712896     6.5975    32.8317    26.3740 0.0000e+00
      26502    133.711    -0.4084   2.712593     6.5984    32.8289    26.3717 0.0000e+00
      26504    133.622    -0.4092   2.712353     6.5984    32.8265    26.3699 0.0000e+00
      26506    133.539    -0.4093   2.712282     6.5975    32.8257    26.3693 0.0000e+00
      26508    133.458    -0.4095   2.712210     6.5975    32.8251    26.3687 0.0000e+00
      26510    133.380    -0.4091   2.712254     6.5975    32.8253    26.3689 0.0000e+00
      26512    133.310    -0.4098   2.712051     6.5993    32.8234    26.3674 0.0000e+00
      26514    133.243    -0.4104   2.711906     6.5984    32.8222    26.3664 0.0000e+00
      26516    133.180    -0.4107   2.711835     6.5984    32.8214    26.3659 0.0000e+00
      26518    133.122    -0.4106   2.711821     6.5984    32.8213    26.3657 0.0000e+00
      26520    133.069    -0.4107   2.711823     6.5984    32.8214    26.3659 0.0000e+00
      26522    133.021    -0.4108   2.711797     6.5993    32.8212    26.3657 0.0000e+00
      26524    132.980    -0.4109   2.711736     6.5975    32.8206    26.3652 0.0000e+00
      26526    132.942    -0.4111   2.711644     6.5975    32.8196    26.3644 0.0000e+00
      26528    132.909    -0.4114   2.711556     6.5975    32.8187    26.3637 0.0000e+00
      26530    132.882    -0.4117   2.711530     6.5984    32.8187    26.3637 0.0000e+00
      26532    132.858    -0.4115   2.711509     6.6041    32.8182    26.3633 0.0000e+00
      26534    132.839    -0.4116   2.711495     6.6280    32.8182    26.3632 0.0000e+00
      26536    132.822    -0.4116   2.711496     6.6280    32.8182    26.3633 0.0000e+00
      26538    132.808    -0.4116   2.711498     6.6270    32.8182    26.3633 0.0000e+00
      26540    132.795    -0.4115   2.711502     6.6280    32.8182    26.3633 0.0000e+00
      26542    132.781    -0.4117   2.711478     6.6280    32.8180    26.3631 0.0000e+00
      26544    132.767    -0.4117   2.711452     6.6289    32.8178    26.3629 0.0000e+00
      26546    132.750    -0.4117   2.711463     6.6289    32.8179    26.3630 0.0000e+00
      26548    132.733    -0.4118   2.711453     6.6289    32.8179    26.3630 0.0000e+00
      26550    132.714    -0.4118   2.711449     6.6146    32.8179    26.3630 0.0000e+00
      26552    132.696    -0.4119   2.711444     6.5993    32.8179    26.3631 0.0000e+00
      26554    132.675    -0.4119   2.711441     6.5984    32.8179    26.3630 0.0000e+00
      26556    132.647    -0.4118   2.711448     6.5975    32.8179    26.3630 0.0000e+00
      26558    132.616    -0.4118   2.711434     6.5984    32.8177    26.3629 0.0000e+00
      26560    132.581    -0.4117   2.711412     6.5965    32.8173    26.3625 0.0000e+00
      26562    132.542    -0.4115   2.711396     6.5984    32.8169    26.3622 0.0000e+00
      26564    132.500    -0.4114   2.711421     6.5975    32.8172    26.3624 0.0000e+00
      26566    132.453    -0.4114   2.711424     6.5984    32.8173    26.3625 0.0000e+00
      26568    132.399    -0.4114   2.711405     6.5736    32.8171    26.3623 0.0000e+00
      26570    132.339    -0.4113   2.711399     6.5669    32.8168    26.3621 0.0000e+00
      26572    132.275    -0.4112   2.711389     6.5679    32.8167    26.3620 0.0000e+00
      26574    132.206    -0.4111   2.711361     6.5669    32.8162    26.3616 0.0000e+00
      26576    132.132    -0.4108   2.711353     6.5679    32.8158    26.3613 0.0000e+00
      26578    132.054    -0.4105   2.711335     6.5679    32.8153    26.3608 0.0000e+00
      26580    131.975    -0.4102   2.711299     6.5669    32.8146    26.3603 0.0000e+00
      26582    131.894    -0.4098   2.711304     6.5679    32.8143    26.3601 0.0000e+00
      26584    131.811    -0.4095   2.711294     6.5679    32.8139    26.3597 0.0000e+00
      26586    131.726    -0.4093   2.711259     6.5984    32.8132    26.3592 0.0000e+00
      26588    131.639    -0.4091   2.711264     6.5975    32.8131    26.3590 0.0000e+00
      26590    131.549    -0.4074   2.711297     6.5984    32.8118    26.3580 0.0000e+00
      26592    131.459    -0.4055   2.711320     6.5984    32.8101    26.3565 0.0000e+00
      26594    131.368    -0.4046   2.711356     6.5975    32.8096    26.3561 0.0000e+00
      26596    131.280    -0.4033   2.711405     6.5975    32.8090    26.3555 0.0000e+00
      26598    131.192    -0.4031   2.711420     6.5975    32.8090    26.3554 0.0000e+00
      26600    131.104    -0.4027   2.711398     6.5984    32.8083    26.3548 0.0000e+00
      26602    131.012    -0.4027   2.711390     6.5993    32.8083    26.3548 0.0000e+00
      26604    130.919    -0.4029   2.711380     6.5984    32.8084    26.3550 0.0000e+00
      26606    130.826    -0.4028   2.711400     6.5984    32.8085    26.3550 0.0000e+00
