Datasets/Multi_Species/NEE535/ned535_2020_002.cnv
* Sea-Bird SBE19plus Data File:
* Filename = C:/AQUIRE/ned535_2020_002.hex
* Software Version AquireV2 AF V2.0
* Temperature SN =  4579
* Conductivity SN =  4579
* System UpLoad Time = Dec 04 2020 19:35:13
** VESSEL/TRIP/SEQ STN: ned535_2020_002
** LATITUDE: 50 32.42 N
** LONGITUDE: 50 44.53 W
** DATE/TIME: 2020-12-04 18:31
** SOUNDING DEPTH (M):  490
** PROBE TYPE: S4579
** CTD NUMBER: 002
** COMMENTS: 
# nquan = 7                                 
# nvalues = 3681                        
# units = specified
# name 0 = scan: Scan Count
# name 1 = prdM: Pressure, Strain Gauge [db]
# name 2 = tv290C: Temperature [ITS-90, deg C]
# name 3 = c0S/m: Conductivity [S/m]
# name 4 = sal00: Salinity, Practical [PSU]
# name 5 = sigma-t00: Density [sigma-t, kg/m^3 ]
# name 6 = flag: flag
# span 0 =          1,       3681       
# span 1 =     -0.189,    493.149       
# span 2 =     1.5847,     3.9486       
# span 3 =   0.009437,   3.247655       
# span 4 =     0.0764,    34.7617       
# span 5 =     0.0005,    27.6066       
# span 6 = 0.0000e+00, 0.0000e+00       
# interval = seconds: 1
# start_time = Dec 04 2020 18:31:46 [Instrument's time stamp, header]
# bad_flag = -9.990e-29
*END*
[from data line 2257]
       2258    489.508     3.8594   3.244267    34.7525    27.6039 0.0000e+00
       2259    489.448     3.8593   3.244271    34.7527    27.6040 0.0000e+00
       2260    489.412     3.8593   3.244262    34.7526    27.6040 0.0000e+00
       2261    489.380     3.8593   3.244239    34.7524    27.6038 0.0000e+00
       2262    489.328     3.8591   3.244210    34.7523    27.6037 0.0000e+00
       2263    489.252     3.8590   3.244201    34.7523    27.6037 0.0000e+00
       2264    489.165     3.8589   3.244212    34.7526    27.6040 0.0000e+00
       2265    489.078     3.8589   3.244211    34.7526    27.6040 0.0000e+00
       2266    488.984     3.8589   3.244199    34.7525    27.6039 0.0000e+00
       2267    488.892     3.8590   3.244199    34.7525    27.6039 0.0000e+00
       2268    488.832     3.8591   3.244208    34.7525    27.6039 0.0000e+00
       2269    488.809     3.8593   3.244216    34.7524    27.6038 0.0000e+00
       2270    488.803     3.8594   3.244214    34.7523    27.6037 0.0000e+00
       2271    488.788     3.8594   3.244215    34.7523    27.6037 0.0000e+00
       2272    488.751     3.8594   3.244225    34.7524    27.6038 0.0000e+00
       2273    488.702     3.8594   3.244230    34.7525    27.6039 0.0000e+00
       2274    488.658     3.8594   3.244227    34.7525    27.6039 0.0000e+00
       2275    488.630     3.8594   3.244231    34.7526    27.6039 0.0000e+00
       2276    488.618     3.8594   3.244233    34.7526    27.6039 0.0000e+00
       2277    488.614     3.8594   3.244215    34.7524    27.6038 0.0000e+00
       2278    488.614     3.8594   3.244194    34.7521    27.6036 0.0000e+00
       2279    488.623     3.8594   3.244187    34.7520    27.6035 0.0000e+00
       2280    488.644     3.8592   3.244182    34.7522    27.6036 0.0000e+00
       2281    488.669     3.8591   3.244193    34.7524    27.6038 0.0000e+00
       2282    488.688     3.8592   3.244218    34.7526    27.6039 0.0000e+00
       2283    488.694     3.8594   3.244235    34.7526    27.6039 0.0000e+00
       2284    488.686     3.8597   3.244242    34.7524    27.6037 0.0000e+00
       2285    488.667     3.8598   3.244242    34.7523    27.6036 0.0000e+00
       2286    488.651     3.8599   3.244240    34.7521    27.6035 0.0000e+00
       2287    488.647     3.8598   3.244237    34.7522    27.6036 0.0000e+00
       2288    488.651     3.8598   3.244242    34.7523    27.6036 0.0000e+00
       2289    488.652     3.8598   3.244256    34.7524    27.6038 0.0000e+00
       2290    488.641     3.8599   3.244270    34.7525    27.6038 0.0000e+00
       2291    488.613     3.8601   3.244275    34.7524    27.6037 0.0000e+00
       2292    488.568     3.8602   3.244277    34.7523    27.6036 0.0000e+00
       2293    488.515     3.8602   3.244271    34.7523    27.6036 0.0000e+00
       2294    488.464     3.8602   3.244257    34.7521    27.6035 0.0000e+00
       2295    488.417     3.8602   3.244256    34.7521    27.6035 0.0000e+00
       2296    488.362     3.8602   3.244264    34.7523    27.6036 0.0000e+00
       2297    488.287     3.8602   3.244262    34.7523    27.6036 0.0000e+00
       2298    488.202     3.8602   3.244254    34.7522    27.6035 0.0000e+00
       2299    488.126     3.8602   3.244252    34.7522    27.6036 0.0000e+00
       2300    488.061     3.8602   3.244255    34.7523    27.6036 0.0000e+00
       2301    487.991     3.8602   3.244257    34.7524    27.6037 0.0000e+00
       2302    487.907     3.8603   3.244260    34.7523    27.6036 0.0000e+00
       2303    487.818     3.8605   3.244255    34.7521    27.6034 0.0000e+00
       2304    487.745     3.8605   3.244243    34.7520    27.6034 0.0000e+00
       2305    487.709     3.8603   3.244238    34.7522    27.6035 0.0000e+00
       2306    487.718     3.8604   3.244246    34.7522    27.6035 0.0000e+00
       2307    487.760     3.8605   3.244264    34.7523    27.6035 0.0000e+00
       2308    487.816     3.8607   3.244289    34.7523    27.6036 0.0000e+00
       2309    487.865     3.8609   3.244310    34.7523    27.6036 0.0000e+00
       2310    487.887     3.8612   3.244322    34.7521    27.6034 0.0000e+00
       2311    487.883     3.8613   3.244317    34.7520    27.6032 0.0000e+00
       2312    487.887     3.8613   3.244300    34.7518    27.6031 0.0000e+00
       2313    487.935     3.8613   3.244291    34.7516    27.6030 0.0000e+00
       2314    488.030     3.8613   3.244306    34.7518    27.6031 0.0000e+00
       2315    488.143     3.8614   3.244339    34.7520    27.6032 0.0000e+00
       2316    488.244     3.8616   3.244367    34.7521    27.6033 0.0000e+00
       2317    488.337     3.8617   3.244382    34.7521    27.6033 0.0000e+00
       2318    488.438     3.8617   3.244391    34.7521    27.6033 0.0000e+00
       2319    488.546     3.8618   3.244399    34.7521    27.6033 0.0000e+00
       2320    488.652     3.8620   3.244410    34.7519    27.6031 0.0000e+00
       2321    488.755     3.8621   3.244426    34.7520    27.6031 0.0000e+00
       2322    488.853     3.8621   3.244442    34.7521    27.6033 0.0000e+00
       2323    488.945     3.8621   3.244446    34.7521    27.6033 0.0000e+00
       2324    489.040     3.8621   3.244436    34.7519    27.6031 0.0000e+00
       2325    489.144     3.8621   3.244434    34.7519    27.6031 0.0000e+00
       2326    489.255     3.8621   3.244442    34.7519    27.6031 0.0000e+00
       2327    489.363     3.8621   3.244452    34.7519    27.6031 0.0000e+00
       2328    489.469     3.8621   3.244451    34.7519    27.6031 0.0000e+00
       2329    489.582     3.8621   3.244447    34.7518    27.6030 0.0000e+00
       2330    489.696     3.8621   3.244466    34.7519    27.6031 0.0000e+00
       2331    489.783     3.8622   3.244492    34.7521    27.6032 0.0000e+00
       2332    489.820     3.8624   3.244498    34.7519    27.6031 0.0000e+00
       2333    489.822     3.8624   3.244492    34.7519    27.6030 0.0000e+00
       2334    489.841     3.8624   3.244492    34.7519    27.6030 0.0000e+00
       2335    489.917     3.8624   3.244498    34.7519    27.6031 0.0000e+00
       2336    490.040     3.8625   3.244506    34.7518    27.6030 0.0000e+00
       2337    490.171     3.8625   3.244512    34.7518    27.6030 0.0000e+00
       2338    490.282     3.8625   3.244518    34.7518    27.6030 0.0000e+00
       2339    490.387     3.8625   3.244525    34.7519    27.6030 0.0000e+00
       2340    490.511     3.8625   3.244531    34.7519    27.6030 0.0000e+00
       2341    490.658     3.8625   3.244540    34.7519    27.6030 0.0000e+00
       2342    490.814     3.8625   3.244551    34.7519    27.6031 0.0000e+00
       2343    490.966     3.8625   3.244563    34.7520    27.6031 0.0000e+00
       2344    491.112     3.8626   3.244573    34.7519    27.6031 0.0000e+00
       2345    491.256     3.8627   3.244588    34.7519    27.6031 0.0000e+00
       2346    491.397     3.8629   3.244616    34.7520    27.6031 0.0000e+00
       2347    491.530     3.8632   3.244643    34.7519    27.6030 0.0000e+00
       2348    491.650     3.8634   3.244659    34.7518    27.6029 0.0000e+00
       2349    491.758     3.8636   3.244668    34.7517    27.6028 0.0000e+00
       2350    491.860     3.8636   3.244672    34.7517    27.6027 0.0000e+00
       2351    491.957     3.8636   3.244670    34.7516    27.6027 0.0000e+00
       2352    492.051     3.8636   3.244671    34.7515    27.6027 0.0000e+00
       2353    492.151     3.8636   3.244675    34.7515    27.6027 0.0000e+00
       2354    492.257     3.8636   3.244682    34.7516    27.6027 0.0000e+00
       2355    492.360     3.8635   3.244688    34.7517    27.6028 0.0000e+00
       2356    492.451     3.8635   3.244706    34.7519    27.6029 0.0000e+00
       2357    492.528     3.8638   3.244741    34.7519    27.6029 0.0000e+00
       2358    492.590     3.8641   3.244774    34.7520    27.6029 0.0000e+00
       2359    492.643     3.8644   3.244787    34.7518    27.6028 0.0000e+00
       2360    492.691     3.8644   3.244791    34.7518    27.6028 0.0000e+00
       2361    492.726     3.8644   3.244791    34.7518    27.6028 0.0000e+00
       2362    492.749     3.8646   3.244792    34.7516    27.6026 0.0000e+00
       2363    492.762     3.8647   3.244800    34.7515    27.6025 0.0000e+00
       2364    492.760     3.8649   3.244815    34.7515    27.6025 0.0000e+00
       2365    492.741     3.8651   3.244830    34.7515    27.6025 0.0000e+00
       2366    492.704     3.8651   3.244832    34.7515    27.6025 0.0000e+00
       2367    492.654     3.8651   3.244820    34.7514    27.6024 0.0000e+00
       2368    492.605     3.8652   3.244815    34.7513    27.6023 0.0000e+00
       2369    492.568     3.8654   3.244820    34.7511    27.6021 0.0000e+00
       2370    492.538     3.8655   3.244816    34.7510    27.6020 0.0000e+00
       2371    492.506     3.8655   3.244806    34.7509    27.6019 0.0000e+00
       2372    492.468     3.8654   3.244807    34.7510    27.6021 0.0000e+00
       2373    492.425     3.8652   3.244807    34.7513    27.6023 0.0000e+00
       2374    492.377     3.8651   3.244797    34.7513    27.6023 0.0000e+00
       2375    492.327     3.8652   3.244798    34.7512    27.6022 0.0000e+00
       2376    492.270     3.8654   3.244811    34.7512    27.6022 0.0000e+00
       2377    492.205     3.8655   3.244818    34.7512    27.6022 0.0000e+00
       2378    492.137     3.8655   3.244806    34.7511    27.6021 0.0000e+00
       2379    492.074     3.8655   3.244789    34.7509    27.6020 0.0000e+00
       2380    492.015     3.8655   3.244786    34.7509    27.6020 0.0000e+00
       2381    491.956     3.8655   3.244785    34.7509    27.6020 0.0000e+00
       2382    491.895     3.8655   3.244769    34.7508    27.6019 0.0000e+00
       2383    491.825     3.8654   3.244753    34.7507    27.6018 0.0000e+00
       2384    491.746     3.8654   3.244751    34.7507    27.6018 0.0000e+00
       2385    491.662     3.8654   3.244755    34.7508    27.6019 0.0000e+00
       2386    491.579     3.8653   3.244754    34.7510    27.6020 0.0000e+00
       2387    491.502     3.8653   3.244747    34.7509    27.6020 0.0000e+00
       2388    491.427     3.8653   3.244744    34.7509    27.6020 0.0000e+00
       2389    491.350     3.8653   3.244741    34.7509    27.6020 0.0000e+00
       2390    491.272     3.8653   3.244733    34.7509    27.6020 0.0000e+00
       2391    491.199     3.8654   3.244728    34.7508    27.6019 0.0000e+00
       2392    491.133     3.8655   3.244728    34.7507    27.6018 0.0000e+00
       2393    491.070     3.8655   3.244734    34.7508    27.6019 0.0000e+00
       2394    491.005     3.8655   3.244741    34.7509    27.6020 0.0000e+00
       2395    490.935     3.8655   3.244736    34.7509    27.6019 0.0000e+00
       2396    490.861     3.8655   3.244725    34.7508    27.6019 0.0000e+00
       2397    490.792     3.8655   3.244722    34.7508    27.6019 0.0000e+00
       2398    490.732     3.8655   3.244721    34.7508    27.6019 0.0000e+00
       2399    490.681     3.8655   3.244717    34.7508    27.6019 0.0000e+00
       2400    490.635     3.8655   3.244713    34.7508    27.6019 0.0000e+00
       2401    490.590     3.8656   3.244715    34.7507    27.6018 0.0000e+00
       2402    490.543     3.8657   3.244715    34.7506    27.6017 0.0000e+00
       2403    490.495     3.8657   3.244709    34.7506    27.6017 0.0000e+00
       2404    490.453     3.8657   3.244703    34.7505    27.6017 0.0000e+00
       2405    490.417     3.8657   3.244707    34.7506    27.6017 0.0000e+00
       2406    490.384     3.8657   3.244714    34.7507    27.6018 0.0000e+00
       2407    490.349     3.8658   3.244720    34.7507    27.6018 0.0000e+00
       2408    490.307     3.8658   3.244719    34.7507    27.6018 0.0000e+00
       2409    490.267     3.8658   3.244713    34.7507    27.6017 0.0000e+00
       2410    490.243     3.8659   3.244710    34.7505    27.6016 0.0000e+00
       2411    490.236     3.8659   3.244708    34.7505    27.6016 0.0000e+00
       2412    490.234     3.8659   3.244700    34.7504    27.6015 0.0000e+00
       2413    490.226     3.8659   3.244692    34.7503    27.6015 0.0000e+00
       2414    490.209     3.8659   3.244696    34.7504    27.6015 0.0000e+00
       2415    490.182     3.8658   3.244705    34.7506    27.6017 0.0000e+00
       2416    490.152     3.8659   3.244705    34.7505    27.6016 0.0000e+00
       2417    490.135     3.8659   3.244701    34.7505    27.6016 0.0000e+00
       2418    490.138     3.8659   3.244706    34.7505    27.6016 0.0000e+00
       2419    490.148     3.8659   3.244711    34.7506    27.6017 0.0000e+00
       2420    490.150     3.8659   3.244717    34.7507    27.6017 0.0000e+00
       2421    490.146     3.8659   3.244724    34.7507    27.6018 0.0000e+00
       2422    490.150     3.8659   3.244723    34.7507    27.6018 0.0000e+00
       2423    490.176     3.8661   3.244729    34.7506    27.6016 0.0000e+00
       2424    490.225     3.8663   3.244741    34.7505    27.6015 0.0000e+00
       2425    490.286     3.8663   3.244742    34.7505    27.6015 0.0000e+00
       2426    490.342     3.8663   3.244744    34.7505    27.6015 0.0000e+00
       2427    490.386     3.8663   3.244754    34.7506    27.6016 0.0000e+00
       2428    490.424     3.8663   3.244757    34.7506    27.6016 0.0000e+00
       2429    490.467     3.8663   3.244752    34.7505    27.6015 0.0000e+00
       2430    490.515     3.8663   3.244755    34.7505    27.6016 0.0000e+00
       2431    490.560     3.8663   3.244769    34.7506    27.6017 0.0000e+00
       2432    490.594     3.8664   3.244786    34.7507    27.6017 0.0000e+00
       2433    490.618     3.8666   3.244795    34.7506    27.6016 0.0000e+00
       2434    490.641     3.8666   3.244795    34.7506    27.6016 0.0000e+00
       2435    490.673     3.8666   3.244793    34.7505    27.6016 0.0000e+00
       2436    490.717     3.8666   3.244807    34.7507    27.6017 0.0000e+00
       2437    490.770     3.8668   3.244830    34.7507    27.6017 0.0000e+00
       2438    490.829     3.8670   3.244838    34.7506    27.6015 0.0000e+00
       2439    490.887     3.8670   3.244838    34.7505    27.6015 0.0000e+00
       2440    490.935     3.8668   3.244840    34.7508    27.6017 0.0000e+00
       2441    490.976     3.8668   3.244844    34.7508    27.6017 0.0000e+00
       2442    491.024     3.8668   3.244848    34.7508    27.6017 0.0000e+00
       2443    491.087     3.8669   3.244852    34.7507    27.6017 0.0000e+00
       2444    491.158     3.8670   3.244858    34.7506    27.6016 0.0000e+00
       2445    491.225     3.8670   3.244861    34.7506    27.6016 0.0000e+00
       2446    491.286     3.8670   3.244865    34.7507    27.6016 0.0000e+00
       2447    491.344     3.8670   3.244872    34.7507    27.6016 0.0000e+00
       2448    491.401     3.8670   3.244876    34.7507    27.6017 0.0000e+00
       2449    491.461     3.8670   3.244879    34.7507    27.6017 0.0000e+00
       2450    491.529     3.8670   3.244883    34.7507    27.6017 0.0000e+00
       2451    491.596     3.8670   3.244884    34.7507    27.6017 0.0000e+00
       2452    491.652     3.8670   3.244884    34.7507    27.6016 0.0000e+00
       2453    491.694     3.8672   3.244889    34.7505    27.6015 0.0000e+00
       2454    491.728     3.8672   3.244894    34.7506    27.6015 0.0000e+00
       2455    491.758     3.8672   3.244898    34.7506    27.6015 0.0000e+00
       2456    491.789     3.8672   3.244900    34.7506    27.6015 0.0000e+00
       2457    491.822     3.8672   3.244899    34.7506    27.6015 0.0000e+00
       2458    491.856     3.8670   3.244897    34.7507    27.6017 0.0000e+00
       2459    491.885     3.8670   3.244897    34.7507    27.6017 0.0000e+00
       2460    491.905     3.8670   3.244895    34.7507    27.6016 0.0000e+00
       2461    491.917     3.8670   3.244886    34.7506    27.6015 0.0000e+00
