Datasets/Multi_Species/NEE535/ned535_2020_012.cnv
* Sea-Bird SBE19plus Data File:
* Filename = C:/AQUIRE/ned535_2020_012.hex
* Software Version AquireV2 AF V2.0
* Temperature SN =  4579
* Conductivity SN =  4579
* System UpLoad Time = Dec 07 2020 13:24:27
** VESSEL/TRIP/SEQ STN: ned535_2020_012
** LATITUDE: 50 25.72 N
** LONGITUDE: 50 28.80 W
** DATE/TIME: 2020-12-07 11:58
** SOUNDING DEPTH (M):  846
** PROBE TYPE: S4579
** CTD NUMBER:  12
** COMMENTS: 
# nquan = 7                                 
# nvalues = 4884                        
# units = specified
# name 0 = scan: Scan Count
# name 1 = prdM: Pressure, Strain Gauge [db]
# name 2 = tv290C: Temperature [ITS-90, deg C]
# name 3 = c0S/m: Conductivity [S/m]
# name 4 = sal00: Salinity, Practical [PSU]
# name 5 = sigma-t00: Density [sigma-t, kg/m^3 ]
# name 6 = flag: flag
# span 0 =          1,       4884       
# span 1 =     -0.394,    876.750       
# span 2 =     1.7558,     3.9673       
# span 3 =   0.006191,   3.251482       
# span 4 =     0.0472,    34.8620       
# span 5 =     0.0123,    27.7235       
# span 6 = 0.0000e+00, 0.0000e+00       
# interval = seconds: 1
# start_time = Dec 07 2020 11:58:15 [Instrument's time stamp, header]
# bad_flag = -9.990e-29
*END*
[from data line 2462]
       2463    876.555     3.5376   3.241854    34.8617    27.7233 0.0000e+00
       2464    876.547     3.5376   3.241855    34.8617    27.7233 0.0000e+00
       2465    876.526     3.5376   3.241850    34.8617    27.7232 0.0000e+00
       2466    876.495     3.5377   3.241847    34.8615    27.7231 0.0000e+00
       2467    876.466     3.5378   3.241849    34.8615    27.7231 0.0000e+00
       2468    876.449     3.5378   3.241856    34.8616    27.7231 0.0000e+00
       2469    876.440     3.5378   3.241863    34.8617    27.7232 0.0000e+00
       2470    876.432     3.5378   3.241858    34.8616    27.7232 0.0000e+00
       2471    876.423     3.5378   3.241848    34.8615    27.7231 0.0000e+00
       2472    876.414     3.5377   3.241850    34.8616    27.7232 0.0000e+00
       2473    876.406     3.5376   3.241851    34.8617    27.7233 0.0000e+00
       2474    876.394     3.5376   3.241840    34.8616    27.7232 0.0000e+00
       2475    876.380     3.5376   3.241834    34.8615    27.7232 0.0000e+00
       2476    876.371     3.5377   3.241842    34.8615    27.7231 0.0000e+00
       2477    876.363     3.5378   3.241857    34.8616    27.7232 0.0000e+00
       2478    876.344     3.5378   3.241860    34.8617    27.7232 0.0000e+00
       2479    876.315     3.5378   3.241843    34.8615    27.7231 0.0000e+00
       2480    876.285     3.5376   3.241829    34.8615    27.7231 0.0000e+00
       2481    876.266     3.5374   3.241829    34.8618    27.7233 0.0000e+00
       2482    876.256     3.5376   3.241833    34.8616    27.7232 0.0000e+00
       2483    876.247     3.5376   3.241833    34.8616    27.7232 0.0000e+00
       2484    876.238     3.5376   3.241833    34.8616    27.7232 0.0000e+00
       2485    876.234     3.5376   3.241833    34.8616    27.7232 0.0000e+00
       2486    876.231     3.5376   3.241831    34.8616    27.7232 0.0000e+00
       2487    876.220     3.5376   3.241828    34.8616    27.7232 0.0000e+00
       2488    876.197     3.5376   3.241827    34.8616    27.7232 0.0000e+00
       2489    876.173     3.5376   3.241829    34.8616    27.7232 0.0000e+00
       2490    876.159     3.5377   3.241833    34.8615    27.7231 0.0000e+00
       2491    876.151     3.5377   3.241836    34.8616    27.7232 0.0000e+00
       2492    876.141     3.5377   3.241836    34.8616    27.7232 0.0000e+00
       2493    876.127     3.5377   3.241832    34.8616    27.7231 0.0000e+00
       2494    876.109     3.5376   3.241825    34.8616    27.7232 0.0000e+00
       2495    876.091     3.5374   3.241821    34.8618    27.7233 0.0000e+00
       2496    876.076     3.5374   3.241822    34.8618    27.7234 0.0000e+00
       2497    876.061     3.5374   3.241820    34.8618    27.7233 0.0000e+00
       2498    876.040     3.5374   3.241814    34.8617    27.7233 0.0000e+00
       2499    876.015     3.5375   3.241808    34.8615    27.7231 0.0000e+00
       2500    875.996     3.5375   3.241808    34.8615    27.7232 0.0000e+00
       2501    875.986     3.5376   3.241816    34.8615    27.7231 0.0000e+00
       2502    875.980     3.5377   3.241824    34.8615    27.7231 0.0000e+00
       2503    875.971     3.5377   3.241826    34.8616    27.7232 0.0000e+00
       2504    875.957     3.5377   3.241823    34.8615    27.7231 0.0000e+00
       2505    875.936     3.5377   3.241816    34.8615    27.7231 0.0000e+00
       2506    875.916     3.5375   3.241805    34.8616    27.7232 0.0000e+00
       2507    875.901     3.5374   3.241800    34.8616    27.7232 0.0000e+00
       2508    875.891     3.5374   3.241801    34.8616    27.7232 0.0000e+00
       2509    875.880     3.5375   3.241807    34.8616    27.7232 0.0000e+00
       2510    875.862     3.5376   3.241814    34.8616    27.7232 0.0000e+00
       2511    875.843     3.5376   3.241815    34.8616    27.7232 0.0000e+00
       2512    875.825     3.5376   3.241816    34.8616    27.7232 0.0000e+00
       2513    875.806     3.5377   3.241817    34.8615    27.7231 0.0000e+00
       2514    875.787     3.5377   3.241813    34.8615    27.7231 0.0000e+00
       2515    875.771     3.5378   3.241813    34.8614    27.7230 0.0000e+00
       2516    875.760     3.5378   3.241820    34.8615    27.7231 0.0000e+00
       2517    875.753     3.5378   3.241828    34.8616    27.7232 0.0000e+00
       2518    875.741     3.5378   3.241828    34.8616    27.7232 0.0000e+00
       2519    875.716     3.5378   3.241821    34.8615    27.7231 0.0000e+00
       2520    875.688     3.5377   3.241805    34.8615    27.7231 0.0000e+00
       2521    875.670     3.5376   3.241795    34.8615    27.7231 0.0000e+00
       2522    875.665     3.5376   3.241795    34.8615    27.7231 0.0000e+00
       2523    875.670     3.5376   3.241803    34.8615    27.7232 0.0000e+00
       2524    875.676     3.5376   3.241809    34.8616    27.7232 0.0000e+00
       2525    875.670     3.5376   3.241809    34.8616    27.7232 0.0000e+00
       2526    875.654     3.5376   3.241805    34.8616    27.7232 0.0000e+00
       2527    875.637     3.5376   3.241805    34.8616    27.7232 0.0000e+00
       2528    875.624     3.5376   3.241807    34.8616    27.7232 0.0000e+00
       2529    875.612     3.5376   3.241802    34.8616    27.7232 0.0000e+00
       2530    875.596     3.5376   3.241801    34.8616    27.7232 0.0000e+00
       2531    875.572     3.5376   3.241804    34.8616    27.7232 0.0000e+00
       2532    875.541     3.5376   3.241801    34.8616    27.7232 0.0000e+00
       2533    875.514     3.5377   3.241800    34.8615    27.7231 0.0000e+00
       2534    875.506     3.5377   3.241803    34.8615    27.7231 0.0000e+00
       2535    875.513     3.5378   3.241809    34.8615    27.7231 0.0000e+00
       2536    875.517     3.5378   3.241809    34.8615    27.7231 0.0000e+00
       2537    875.504     3.5378   3.241807    34.8615    27.7231 0.0000e+00
       2538    875.479     3.5378   3.241807    34.8615    27.7231 0.0000e+00
       2539    875.458     3.5378   3.241804    34.8615    27.7231 0.0000e+00
       2540    875.453     3.5378   3.241803    34.8614    27.7231 0.0000e+00
       2541    875.456     3.5378   3.241808    34.8615    27.7231 0.0000e+00
       2542    875.450     3.5378   3.241810    34.8615    27.7231 0.0000e+00
       2543    875.427     3.5378   3.241806    34.8615    27.7231 0.0000e+00
       2544    875.397     3.5378   3.241801    34.8615    27.7231 0.0000e+00
       2545    875.375     3.5378   3.241801    34.8615    27.7231 0.0000e+00
       2546    875.369     3.5378   3.241809    34.8616    27.7231 0.0000e+00
       2547    875.370     3.5378   3.241811    34.8616    27.7232 0.0000e+00
       2548    875.366     3.5378   3.241809    34.8616    27.7231 0.0000e+00
       2549    875.353     3.5378   3.241809    34.8616    27.7232 0.0000e+00
       2550    875.341     3.5378   3.241809    34.8616    27.7232 0.0000e+00
       2551    875.331     3.5378   3.241808    34.8616    27.7231 0.0000e+00
       2552    875.318     3.5378   3.241811    34.8616    27.7232 0.0000e+00
       2553    875.301     3.5378   3.241816    34.8617    27.7232 0.0000e+00
       2554    875.279     3.5378   3.241818    34.8617    27.7233 0.0000e+00
       2555    875.259     3.5379   3.241818    34.8616    27.7232 0.0000e+00
       2556    875.244     3.5378   3.241815    34.8617    27.7233 0.0000e+00
       2557    875.233     3.5378   3.241815    34.8617    27.7233 0.0000e+00
       2558    875.224     3.5378   3.241813    34.8617    27.7232 0.0000e+00
       2559    875.211     3.5378   3.241811    34.8617    27.7232 0.0000e+00
       2560    875.192     3.5379   3.241816    34.8616    27.7232 0.0000e+00
       2561    875.172     3.5379   3.241820    34.8617    27.7232 0.0000e+00
       2562    875.153     3.5379   3.241817    34.8617    27.7232 0.0000e+00
       2563    875.137     3.5379   3.241809    34.8616    27.7231 0.0000e+00
       2564    875.129     3.5379   3.241808    34.8616    27.7231 0.0000e+00
       2565    875.128     3.5379   3.241816    34.8617    27.7232 0.0000e+00
       2566    875.127     3.5381   3.241821    34.8615    27.7231 0.0000e+00
       2567    875.118     3.5381   3.241819    34.8615    27.7231 0.0000e+00
       2568    875.102     3.5381   3.241818    34.8615    27.7231 0.0000e+00
       2569    875.090     3.5381   3.241818    34.8615    27.7231 0.0000e+00
       2570    875.088     3.5381   3.241816    34.8615    27.7230 0.0000e+00
       2571    875.088     3.5379   3.241811    34.8616    27.7232 0.0000e+00
       2572    875.081     3.5379   3.241807    34.8616    27.7231 0.0000e+00
       2573    875.066     3.5379   3.241808    34.8616    27.7232 0.0000e+00
       2574    875.054     3.5379   3.241814    34.8617    27.7232 0.0000e+00
       2575    875.045     3.5379   3.241815    34.8617    27.7232 0.0000e+00
       2576    875.035     3.5379   3.241811    34.8617    27.7232 0.0000e+00
       2577    875.021     3.5380   3.241809    34.8615    27.7231 0.0000e+00
       2578    875.007     3.5380   3.241810    34.8616    27.7231 0.0000e+00
       2579    875.002     3.5381   3.241815    34.8615    27.7231 0.0000e+00
       2580    875.013     3.5381   3.241820    34.8616    27.7231 0.0000e+00
       2581    875.029     3.5381   3.241823    34.8616    27.7231 0.0000e+00
       2582    875.032     3.5381   3.241824    34.8616    27.7231 0.0000e+00
       2583    875.023     3.5382   3.241827    34.8615    27.7231 0.0000e+00
       2584    875.013     3.5382   3.241828    34.8616    27.7231 0.0000e+00
       2585    875.003     3.5382   3.241830    34.8616    27.7231 0.0000e+00
       2586    874.990     3.5382   3.241832    34.8616    27.7231 0.0000e+00
       2587    874.975     3.5383   3.241831    34.8615    27.7230 0.0000e+00
       2588    874.957     3.5382   3.241828    34.8616    27.7231 0.0000e+00
       2589    874.943     3.5382   3.241824    34.8615    27.7231 0.0000e+00
       2590    874.942     3.5382   3.241823    34.8615    27.7231 0.0000e+00
       2591    874.954     3.5382   3.241827    34.8616    27.7231 0.0000e+00
       2592    874.965     3.5384   3.241834    34.8614    27.7230 0.0000e+00
       2593    874.964     3.5384   3.241838    34.8615    27.7230 0.0000e+00
       2594    874.953     3.5384   3.241838    34.8615    27.7230 0.0000e+00
       2595    874.946     3.5384   3.241835    34.8615    27.7230 0.0000e+00
       2596    874.952     3.5385   3.241836    34.8614    27.7229 0.0000e+00
       2597    874.965     3.5385   3.241844    34.8614    27.7230 0.0000e+00
       2598    874.973     3.5385   3.241854    34.8616    27.7231 0.0000e+00
       2599    874.969     3.5385   3.241853    34.8616    27.7231 0.0000e+00
       2600    874.958     3.5385   3.241841    34.8614    27.7230 0.0000e+00
       2601    874.950     3.5385   3.241829    34.8613    27.7228 0.0000e+00
       2602    874.946     3.5385   3.241827    34.8613    27.7228 0.0000e+00
       2603    874.941     3.5384   3.241829    34.8614    27.7229 0.0000e+00
       2604    874.931     3.5384   3.241830    34.8614    27.7230 0.0000e+00
       2605    874.922     3.5384   3.241830    34.8614    27.7230 0.0000e+00
       2606    874.924     3.5385   3.241838    34.8614    27.7229 0.0000e+00
       2607    874.934     3.5385   3.241850    34.8615    27.7231 0.0000e+00
       2608    874.945     3.5385   3.241852    34.8616    27.7231 0.0000e+00
       2609    874.955     3.5387   3.241852    34.8613    27.7229 0.0000e+00
       2610    874.957     3.5387   3.241856    34.8614    27.7229 0.0000e+00
       2611    874.941     3.5387   3.241857    34.8614    27.7229 0.0000e+00
       2612    874.908     3.5385   3.241851    34.8616    27.7231 0.0000e+00
       2613    874.880     3.5385   3.241843    34.8615    27.7230 0.0000e+00
       2614    874.878     3.5385   3.241843    34.8615    27.7230 0.0000e+00
       2615    874.892     3.5385   3.241851    34.8616    27.7231 0.0000e+00
       2616    874.897     3.5386   3.241856    34.8615    27.7230 0.0000e+00
       2617    874.881     3.5387   3.241859    34.8615    27.7230 0.0000e+00
       2618    874.857     3.5387   3.241855    34.8614    27.7229 0.0000e+00
       2619    874.845     3.5387   3.241848    34.8613    27.7229 0.0000e+00
       2620    874.850     3.5388   3.241852    34.8613    27.7228 0.0000e+00
       2621    874.861     3.5388   3.241862    34.8614    27.7229 0.0000e+00
       2622    874.871     3.5388   3.241867    34.8615    27.7230 0.0000e+00
       2623    874.879     3.5388   3.241863    34.8614    27.7229 0.0000e+00
       2624    874.886     3.5388   3.241864    34.8614    27.7229 0.0000e+00
       2625    874.892     3.5388   3.241868    34.8615    27.7230 0.0000e+00
       2626    874.888     3.5388   3.241865    34.8614    27.7229 0.0000e+00
       2627    874.872     3.5388   3.241861    34.8614    27.7229 0.0000e+00
       2628    874.855     3.5388   3.241860    34.8614    27.7229 0.0000e+00
       2629    874.848     3.5387   3.241860    34.8615    27.7230 0.0000e+00
       2630    874.851     3.5387   3.241866    34.8616    27.7230 0.0000e+00
       2631    874.862     3.5388   3.241871    34.8615    27.7230 0.0000e+00
       2632    874.873     3.5388   3.241872    34.8615    27.7230 0.0000e+00
       2633    874.875     3.5389   3.241873    34.8614    27.7229 0.0000e+00
       2634    874.864     3.5389   3.241869    34.8614    27.7229 0.0000e+00
       2635    874.845     3.5389   3.241869    34.8614    27.7229 0.0000e+00
       2636    874.830     3.5389   3.241868    34.8614    27.7229 0.0000e+00
       2637    874.826     3.5389   3.241868    34.8614    27.7229 0.0000e+00
       2638    874.834     3.5389   3.241871    34.8614    27.7229 0.0000e+00
       2639    874.846     3.5389   3.241872    34.8614    27.7229 0.0000e+00
       2640    874.856     3.5389   3.241874    34.8614    27.7229 0.0000e+00
       2641    874.856     3.5389   3.241881    34.8615    27.7230 0.0000e+00
       2642    874.843     3.5389   3.241880    34.8615    27.7230 0.0000e+00
       2643    874.826     3.5389   3.241871    34.8614    27.7229 0.0000e+00
       2644    874.820     3.5389   3.241869    34.8614    27.7229 0.0000e+00
       2645    874.828     3.5389   3.241878    34.8615    27.7230 0.0000e+00
       2646    874.844     3.5389   3.241888    34.8616    27.7231 0.0000e+00
       2647    874.856     3.5390   3.241892    34.8615    27.7230 0.0000e+00
       2648    874.860     3.5389   3.241893    34.8617    27.7231 0.0000e+00
       2649    874.863     3.5389   3.241894    34.8617    27.7231 0.0000e+00
       2650    874.867     3.5389   3.241896    34.8617    27.7231 0.0000e+00
       2651    874.871     3.5391   3.241899    34.8615    27.7230 0.0000e+00
       2652    874.872     3.5392   3.241904    34.8615    27.7229 0.0000e+00
       2653    874.869     3.5392   3.241904    34.8615    27.7229 0.0000e+00
       2654    874.866     3.5392   3.241895    34.8614    27.7228 0.0000e+00
       2655    874.865     3.5391   3.241890    34.8614    27.7229 0.0000e+00
       2656    874.865     3.5392   3.241894    34.8614    27.7228 0.0000e+00
       2657    874.859     3.5392   3.241900    34.8614    27.7229 0.0000e+00
       2658    874.843     3.5392   3.241897    34.8614    27.7229 0.0000e+00
       2659    874.822     3.5392   3.241890    34.8613    27.7228 0.0000e+00
       2660    874.802     3.5391   3.241890    34.8614    27.7229 0.0000e+00
       2661    874.789     3.5391   3.241896    34.8615    27.7230 0.0000e+00
       2662    874.787     3.5392   3.241899    34.8615    27.7229 0.0000e+00
       2663    874.794     3.5393   3.241901    34.8614    27.7228 0.0000e+00
       2664    874.801     3.5393   3.241902    34.8614    27.7228 0.0000e+00
       2665    874.803     3.5393   3.241897    34.8613    27.7228 0.0000e+00
       2666    874.802     3.5393   3.241896    34.8613    27.7228 0.0000e+00
