Datasets/Multi_Species/NEE535/ned535_2020_019.cnv
* Sea-Bird SBE19plus Data File:
* Filename = C:/AQUIRE/ned535_2020_019.hex
* Software Version AquireV2 AF V2.0
* Temperature SN =  4579
* Conductivity SN =  4579
* System UpLoad Time = Dec 10 2020 18:27:01
** VESSEL/TRIP/SEQ STN: ned535_2020_019
** LATITUDE: 50 23.95 N
** LONGITUDE: 55 19.43 W
** DATE/TIME: 2020-12-10 17:33
** SOUNDING DEPTH (M):  235
** PROBE TYPE: S4579
** CTD NUMBER:  18
** COMMENTS: 
# nquan = 7                                 
# nvalues = 3032                        
# units = specified
# name 0 = scan: Scan Count
# name 1 = prdM: Pressure, Strain Gauge [db]
# name 2 = tv290C: Temperature [ITS-90, deg C]
# name 3 = c0S/m: Conductivity [S/m]
# name 4 = sal00: Salinity, Practical [PSU]
# name 5 = sigma-t00: Density [sigma-t, kg/m^3 ]
# name 6 = flag: flag
# span 0 =          1,       3032       
# span 1 =     -0.243,    236.361       
# span 2 =     0.1093,     2.1210       
# span 3 =   0.005229,   2.884328       
# span 4 =     0.0410,    33.5751       
# span 5 =    -0.0257,    26.9051       
# span 6 = 0.0000e+00, 0.0000e+00       
# interval = seconds: 1
# start_time = Dec 10 2020 17:33:53 [Instrument's time stamp, header]
# bad_flag = -9.990e-29
*END*
[from data line 616]
        617      3.566     1.2520   2.780454    32.0383    25.6492 0.0000e+00
        618      3.795     1.2521   2.780509    32.0388    25.6496 0.0000e+00
        619      3.958     1.2523   2.780581    32.0394    25.6501 0.0000e+00
        620      3.930     1.2527   2.780616    32.0395    25.6501 0.0000e+00
        621      3.728     1.2529   2.780609    32.0393    25.6499 0.0000e+00
        622      3.466     1.2527   2.780554    32.0389    25.6497 0.0000e+00
        623      3.285     1.2525   2.780509    32.0387    25.6495 0.0000e+00
        624      3.240     1.2525   2.780533    32.0390    25.6497 0.0000e+00
        625      3.230     1.2532   2.780589    32.0390    25.6497 0.0000e+00
        626      3.219     1.2537   2.780611    32.0388    25.6495 0.0000e+00
        627      3.260     1.2540   2.780623    32.0386    25.6493 0.0000e+00
        628      3.299     1.2541   2.780645    32.0387    25.6494 0.0000e+00
        629      3.265     1.2542   2.780665    32.0389    25.6496 0.0000e+00
        630      3.178     1.2544   2.780674    32.0389    25.6495 0.0000e+00
        631      3.079     1.2544   2.780668    32.0389    25.6495 0.0000e+00
        632      3.025     1.2543   2.780654    32.0388    25.6495 0.0000e+00
        633      3.083     1.2540   2.780607    32.0385    25.6492 0.0000e+00
        634      3.194     1.2538   2.780580    32.0383    25.6491 0.0000e+00
        635      3.222     1.2536   2.780577    32.0384    25.6492 0.0000e+00
        636      3.153     1.2537   2.780549    32.0380    25.6489 0.0000e+00
        637      3.087     1.2540   2.780589    32.0383    25.6490 0.0000e+00
        638      3.097     1.2541   2.780689    32.0394    25.6500 0.0000e+00
        639      3.173     1.2540   2.780754    32.0403    25.6507 0.0000e+00
        640      3.281     1.2536   2.780636    32.0392    25.6498 0.0000e+00
        641      3.413     1.2533   2.780378    32.0361    25.6474 0.0000e+00
        642      3.555     1.2532   2.780258    32.0346    25.6462 0.0000e+00
        643      3.699     1.2533   2.780288    32.0348    25.6463 0.0000e+00
        644      3.869     1.2534   2.780337    32.0352    25.6466 0.0000e+00
        645      4.067     1.2536   2.780377    32.0354    25.6468 0.0000e+00
        646      4.259     1.2535   2.780415    32.0359    25.6472 0.0000e+00
        647      4.411     1.2533   2.780448    32.0364    25.6476 0.0000e+00
        648      4.536     1.2529   2.780453    32.0368    25.6480 0.0000e+00
        649      4.717     1.2527   2.780466    32.0371    25.6482 0.0000e+00
        650      5.013     1.2527   2.780518    32.0376    25.6486 0.0000e+00
        651      5.389     1.2527   2.780579    32.0382    25.6491 0.0000e+00
        652      5.749     1.2527   2.780645    32.0388    25.6496 0.0000e+00
        653      6.000     1.2523   2.780729    32.0402    25.6507 0.0000e+00
        654      6.133     1.2515   2.780826    32.0421    25.6523 0.0000e+00
        655      6.238     1.2505   2.780901    32.0441    25.6539 0.0000e+00
        656      6.397     1.2500   2.780949    32.0451    25.6548 0.0000e+00
        657      6.617     1.2500   2.781007    32.0457    25.6553 0.0000e+00
        658      6.884     1.2502   2.781068    32.0461    25.6556 0.0000e+00
        659      7.200     1.2505   2.781093    32.0460    25.6554 0.0000e+00
        660      7.531     1.2506   2.781092    32.0457    25.6552 0.0000e+00
        661      7.827     1.2504   2.781111    32.0459    25.6554 0.0000e+00
        662      8.092     1.2502   2.781151    32.0465    25.6559 0.0000e+00
        663      8.374     1.2502   2.781197    32.0469    25.6562 0.0000e+00
        664      8.692     1.2504   2.781237    32.0471    25.6563 0.0000e+00
        665      9.014     1.2505   2.781243    32.0469    25.6562 0.0000e+00
        666      9.309     1.2504   2.781237    32.0467    25.6561 0.0000e+00
        667      9.592     1.2501   2.781248    32.0470    25.6563 0.0000e+00
        668      9.899     1.2500   2.781273    32.0473    25.6565 0.0000e+00
        669     10.242     1.2498   2.781300    32.0476    25.6568 0.0000e+00
        670     10.625     1.2497   2.781329    32.0479    25.6570 0.0000e+00
        671     11.050     1.2496   2.781379    32.0484    25.6574 0.0000e+00
        672     11.479     1.2497   2.781441    32.0488    25.6578 0.0000e+00
        673     11.887     1.2499   2.781481    32.0489    25.6578 0.0000e+00
        674     12.299     1.2500   2.781507    32.0489    25.6578 0.0000e+00
        675     12.712     1.2498   2.781530    32.0492    25.6581 0.0000e+00
        676     13.097     1.2498   2.781562    32.0494    25.6582 0.0000e+00
        677     13.454     1.2498   2.781603    32.0497    25.6585 0.0000e+00
        678     13.804     1.2499   2.781635    32.0498    25.6585 0.0000e+00
        679     14.151     1.2501   2.781660    32.0497    25.6585 0.0000e+00
        680     14.482     1.2504   2.781683    32.0495    25.6583 0.0000e+00
        681     14.815     1.2504   2.781715    32.0497    25.6585 0.0000e+00
        682     15.198     1.2500   2.781740    32.0502    25.6589 0.0000e+00
        683     15.650     1.2493   2.781760    32.0510    25.6595 0.0000e+00
        684     16.146     1.2487   2.781804    32.0519    25.6603 0.0000e+00
        685     16.643     1.2487   2.781846    32.0521    25.6605 0.0000e+00
        686     17.104     1.2490   2.781878    32.0520    25.6603 0.0000e+00
        687     17.508     1.2490   2.781931    32.0524    25.6607 0.0000e+00
        688     17.875     1.2489   2.781995    32.0531    25.6613 0.0000e+00
        689     18.252     1.2490   2.782049    32.0535    25.6616 0.0000e+00
        690     18.660     1.2492   2.782089    32.0536    25.6616 0.0000e+00
        691     19.093     1.2494   2.782129    32.0536    25.6617 0.0000e+00
        692     19.547     1.2495   2.782190    32.0541    25.6620 0.0000e+00
        693     20.021     1.2498   2.782271    32.0545    25.6623 0.0000e+00
        694     20.511     1.2502   2.782357    32.0549    25.6627 0.0000e+00
        695     21.000     1.2500   2.782404    32.0555    25.6631 0.0000e+00
        696     21.469     1.2477   2.782303    32.0563    25.6639 0.0000e+00
        697     21.920     1.2428   2.782028    32.0576    25.6652 0.0000e+00
        698     22.371     1.2353   2.781604    32.0596    25.6673 0.0000e+00
        699     22.837     1.2239   2.780927    32.0625    25.6703 0.0000e+00
        700     23.321     1.2027   2.779890    32.0708    25.6783 0.0000e+00
        701     23.804     1.1623   2.778536    32.0948    25.7001 0.0000e+00
        702     24.267     1.1060   2.777515    32.1396    25.7394 0.0000e+00
        703     24.718     1.0576   2.777558    32.1899    25.7827 0.0000e+00
        704     25.184     1.0355   2.778448    32.2238    25.8113 0.0000e+00
        705     25.672     1.0294   2.779234    32.2399    25.8246 0.0000e+00
        706     26.155     1.0201   2.779784    32.2563    25.8383 0.0000e+00
        707     26.613     1.0089   2.780927    32.2823    25.8599 0.0000e+00
        708     27.064     1.0073   2.782410    32.3027    25.8764 0.0000e+00
        709     27.539     1.0138   2.783466    32.3092    25.8812 0.0000e+00
        710     28.049     1.0206   2.784154    32.3106    25.8820 0.0000e+00
        711     28.591     1.0274   2.785304    32.3180    25.8875 0.0000e+00
        712     29.145     1.0452   2.788365    32.3383    25.9027 0.0000e+00
        713     29.681     1.0775   2.792505    32.3574    25.9161 0.0000e+00
        714     30.177     1.1066   2.794905    32.3575    25.9145 0.0000e+00
        715     30.631     1.1184   2.795512    32.3527    25.9099 0.0000e+00
        716     31.058     1.1190   2.795838    32.3560    25.9125 0.0000e+00
        717     31.480     1.1181   2.796143    32.3606    25.9163 0.0000e+00
        718     31.929     1.1179   2.796358    32.3633    25.9185 0.0000e+00
        719     32.419     1.1179   2.796525    32.3652    25.9199 0.0000e+00
        720     32.942     1.1162   2.796562    32.3671    25.9216 0.0000e+00
        721     33.482     1.1104   2.796372    32.3704    25.9246 0.0000e+00
        722     34.015     1.1004   2.796081    32.3768    25.9303 0.0000e+00
        723     34.510     1.0894   2.795943    32.3862    25.9386 0.0000e+00
        724     34.955     1.0809   2.795996    32.3955    25.9465 0.0000e+00
        725     35.376     1.0758   2.796112    32.4020    25.9521 0.0000e+00
        726     35.810     1.0731   2.796208    32.4058    25.9553 0.0000e+00
        727     36.276     1.0718   2.796281    32.4078    25.9570 0.0000e+00
        728     36.780     1.0703   2.796356    32.4101    25.9589 0.0000e+00
        729     37.312     1.0673   2.796488    32.4146    25.9627 0.0000e+00
        730     37.850     1.0638   2.796874    32.4228    25.9695 0.0000e+00
        731     38.373     1.0621   2.797559    32.4331    25.9779 0.0000e+00
        732     38.873     1.0625   2.798238    32.4411    25.9843 0.0000e+00
        733     39.362     1.0637   2.798769    32.4463    25.9884 0.0000e+00
        734     39.856     1.0643   2.799248    32.4515    25.9926 0.0000e+00
        735     40.342     1.0640   2.799672    32.4570    25.9970 0.0000e+00
        736     40.806     1.0631   2.800011    32.4620    26.0011 0.0000e+00
        737     41.260     1.0625   2.800345    32.4666    26.0048 0.0000e+00
        738     41.724     1.0629   2.800748    32.4711    26.0084 0.0000e+00
        739     42.199     1.0642   2.801318    32.4768    26.0129 0.0000e+00
        740     42.676     1.0669   2.802050    32.4830    26.0177 0.0000e+00
        741     43.158     1.0702   2.802777    32.4886    26.0220 0.0000e+00
        742     43.653     1.0729   2.803382    32.4933    26.0256 0.0000e+00
        743     44.159     1.0744   2.803963    32.4988    26.0300 0.0000e+00
        744     44.669     1.0766   2.804801    32.5070    26.0364 0.0000e+00
        745     45.184     1.0813   2.806096    32.5183    26.0452 0.0000e+00
        746     45.700     1.0884   2.807570    32.5294    26.0537 0.0000e+00
        747     46.212     1.0962   2.808752    32.5361    26.0586 0.0000e+00
        748     46.715     1.1037   2.809707    32.5402    26.0614 0.0000e+00
        749     47.204     1.1109   2.810679    32.5448    26.0647 0.0000e+00
        750     47.682     1.1170   2.811482    32.5484    26.0672 0.0000e+00
        751     48.158     1.1203   2.811885    32.5499    26.0682 0.0000e+00
        752     48.639     1.1204   2.812175    32.5532    26.0708 0.0000e+00
        753     49.121     1.1210   2.812836    32.5607    26.0769 0.0000e+00
        754     49.593     1.1253   2.813880    32.5693    26.0835 0.0000e+00
        755     50.059     1.1327   2.814971    32.5752    26.0878 0.0000e+00
        756     50.542     1.1400   2.815793    32.5778    26.0894 0.0000e+00
        757     51.051     1.1454   2.816425    32.5800    26.0908 0.0000e+00
        758     51.574     1.1501   2.817127    32.5837    26.0935 0.0000e+00
        759     52.091     1.1544   2.817788    32.5874    26.0962 0.0000e+00
        760     52.589     1.1576   2.818260    32.5897    26.0979 0.0000e+00
        761     53.067     1.1593   2.818537    32.5912    26.0990 0.0000e+00
        762     53.544     1.1595   2.818613    32.5917    26.0994 0.0000e+00
        763     54.037     1.1581   2.818582    32.5925    26.1001 0.0000e+00
        764     54.538     1.1541   2.818479    32.5951    26.1024 0.0000e+00
        765     55.029     1.1469   2.818138    32.5980    26.1052 0.0000e+00
        766     55.503     1.1378   2.817640    32.6009    26.1081 0.0000e+00
        767     55.976     1.1290   2.817230    32.6046    26.1116 0.0000e+00
        768     56.461     1.1208   2.816860    32.6082    26.1150 0.0000e+00
        769     56.952     1.1129   2.816550    32.6122    26.1187 0.0000e+00
        770     57.433     1.1071   2.816443    32.6166    26.1226 0.0000e+00
        771     57.902     1.1039   2.816442    32.6197    26.1253 0.0000e+00
        772     58.376     1.1016   2.816402    32.6213    26.1267 0.0000e+00
        773     58.875     1.0993   2.816347    32.6227    26.1280 0.0000e+00
        774     59.388     1.0962   2.816272    32.6247    26.1298 0.0000e+00
        775     59.892     1.0916   2.816004    32.6259    26.1310 0.0000e+00
        776     60.393     1.0838   2.815451    32.6267    26.1321 0.0000e+00
        777     60.910     1.0722   2.814621    32.6279    26.1338 0.0000e+00
        778     61.433     1.0578   2.813566    32.6292    26.1357 0.0000e+00
        779     61.934     1.0419   2.812335    32.6298    26.1372 0.0000e+00
        780     62.403     1.0240   2.810705    32.6275    26.1364 0.0000e+00
        781     62.854     1.0004   2.808485    32.6235    26.1347 0.0000e+00
        782     63.301     0.9715   2.806072    32.6227    26.1357 0.0000e+00
        783     63.745     0.9449   2.804367    32.6285    26.1419 0.0000e+00
        784     64.197     0.9287   2.803739    32.6371    26.1499 0.0000e+00
        785     64.672     0.9212   2.803561    32.6425    26.1546 0.0000e+00
        786     65.169     0.9148   2.803213    32.6444    26.1566 0.0000e+00
        787     65.682     0.9043   2.802562    32.6468    26.1591 0.0000e+00
        788     66.203     0.8902   2.801743    32.6508    26.1631 0.0000e+00
        789     66.718     0.8777   2.801246    32.6573    26.1691 0.0000e+00
        790     67.222     0.8723   2.801467    32.6655    26.1760 0.0000e+00
        791     67.723     0.8740   2.802107    32.6717    26.1809 0.0000e+00
        792     68.222     0.8781   2.802671    32.6743    26.1828 0.0000e+00
        793     68.717     0.8806   2.802983    32.6754    26.1835 0.0000e+00
        794     69.214     0.8805   2.803016    32.6757    26.1837 0.0000e+00
        795     69.713     0.8776   2.802802    32.6757    26.1839 0.0000e+00
        796     70.211     0.8729   2.802506    32.6766    26.1848 0.0000e+00
        797     70.705     0.8685   2.802317    32.6785    26.1866 0.0000e+00
        798     71.198     0.8654   2.802240    32.6805    26.1884 0.0000e+00
        799     71.694     0.8625   2.802127    32.6818    26.1897 0.0000e+00
        800     72.192     0.8574   2.801790    32.6825    26.1906 0.0000e+00
        801     72.682     0.8497   2.801327    32.6844    26.1925 0.0000e+00
        802     73.169     0.8427   2.801108    32.6887    26.1964 0.0000e+00
        803     73.674     0.8388   2.801172    32.6933    26.2003 0.0000e+00
        804     74.203     0.8371   2.801320    32.6967    26.2032 0.0000e+00
        805     74.739     0.8355   2.801507    32.7005    26.2063 0.0000e+00
        806     75.257     0.8343   2.801726    32.7043    26.2094 0.0000e+00
        807     75.751     0.8335   2.801780    32.7056    26.2105 0.0000e+00
        808     76.233     0.8308   2.801466    32.7041    26.2094 0.0000e+00
        809     76.719     0.8244   2.800752    32.7014    26.2076 0.0000e+00
        810     77.216     0.8129   2.799666    32.6992    26.2066 0.0000e+00
        811     77.717     0.7963   2.798379    32.6999    26.2080 0.0000e+00
        812     78.204     0.7776   2.797161    32.7036    26.2121 0.0000e+00
        813     78.677     0.7616   2.796279    32.7088    26.2172 0.0000e+00
        814     79.170     0.7520   2.795981    32.7148    26.2226 0.0000e+00
        815     79.711     0.7488   2.796163    32.7203    26.2272 0.0000e+00
        816     80.287     0.7496   2.796739    32.7265    26.2322 0.0000e+00
        817     80.861     0.7538   2.797842    32.7360    26.2395 0.0000e+00
        818     81.411     0.7618   2.799103    32.7435    26.2451 0.0000e+00
        819     81.942     0.7727   2.800285    32.7469    26.2472 0.0000e+00
        820     82.452     0.7851   2.801566    32.7500    26.2491 0.0000e+00
