Datasets/Multi_Species/NEE535/ned535_2020_007.cnv
* Sea-Bird SBE19plus Data File:
* Filename = C:/AQUIRE/ned535_2020_007.hex
* Software Version AquireV2 AF V2.0
* Temperature SN =  4579
* Conductivity SN =  4579
* System UpLoad Time = Dec 05 2020 22:41:35
** VESSEL/TRIP/SEQ STN: ned535_2020_007
** LATITUDE: 51 43.62 N
** LONGITUDE: 50 31.95 W
** DATE/TIME: 2020-12-05 21:41
** SOUNDING DEPTH (M): 0414
** PROBE TYPE: S4579
** CTD NUMBER:   7
** COMMENTS: 
# nquan = 7                                 
# nvalues = 3521                        
# units = specified
# name 0 = scan: Scan Count
# name 1 = prdM: Pressure, Strain Gauge [db]
# name 2 = tv290C: Temperature [ITS-90, deg C]
# name 3 = c0S/m: Conductivity [S/m]
# name 4 = sal00: Salinity, Practical [PSU]
# name 5 = sigma-t00: Density [sigma-t, kg/m^3 ]
# name 6 = flag: flag
# span 0 =          1,       3521       
# span 1 =     -0.300,    416.316       
# span 2 =     1.0434,     3.9953       
# span 3 =   0.011354,   3.251620       
# span 4 =     0.0892,    34.7703       
# span 5 =     0.0077,    27.6073       
# span 6 = 0.0000e+00, 0.0000e+00       
# interval = seconds: 1
# start_time = Dec 05 2020 21:41:16 [Instrument's time stamp, header]
# bad_flag = -9.990e-29
*END*
[from data line 2052]
       2053    414.395     3.9400   3.248834    34.7614    27.6026 0.0000e+00
       2054    414.363     3.9401   3.248840    34.7614    27.6026 0.0000e+00
       2055    414.324     3.9402   3.248850    34.7614    27.6026 0.0000e+00
       2056    414.292     3.9402   3.248868    34.7617    27.6028 0.0000e+00
       2057    414.274     3.9404   3.248883    34.7616    27.6028 0.0000e+00
       2058    414.265     3.9406   3.248893    34.7616    27.6027 0.0000e+00
       2059    414.259     3.9406   3.248900    34.7616    27.6028 0.0000e+00
       2060    414.254     3.9407   3.248906    34.7616    27.6027 0.0000e+00
       2061    414.252     3.9406   3.248909    34.7617    27.6028 0.0000e+00
       2062    414.254     3.9406   3.248900    34.7616    27.6028 0.0000e+00
       2063    414.259     3.9406   3.248888    34.7615    27.6026 0.0000e+00
       2064    414.265     3.9406   3.248894    34.7616    27.6027 0.0000e+00
       2065    414.272     3.9405   3.248887    34.7616    27.6027 0.0000e+00
       2066    414.275     3.9402   3.248842    34.7614    27.6026 0.0000e+00
       2067    414.272     3.9397   3.248783    34.7612    27.6025 0.0000e+00
       2068    414.270     3.9390   3.248698    34.7609    27.6024 0.0000e+00
       2069    414.276     3.9383   3.248595    34.7604    27.6020 0.0000e+00
       2070    414.285     3.9377   3.248531    34.7603    27.6020 0.0000e+00
       2071    414.299     3.9375   3.248510    34.7603    27.6020 0.0000e+00
       2072    414.330     3.9375   3.248516    34.7603    27.6020 0.0000e+00
       2073    414.377     3.9377   3.248554    34.7605    27.6022 0.0000e+00
       2074    414.427     3.9381   3.248595    34.7606    27.6022 0.0000e+00
       2075    414.471     3.9383   3.248616    34.7606    27.6022 0.0000e+00
       2076    414.505     3.9383   3.248620    34.7606    27.6022 0.0000e+00
       2077    414.528     3.9383   3.248624    34.7607    27.6022 0.0000e+00
       2078    414.549     3.9384   3.248641    34.7607    27.6023 0.0000e+00
       2079    414.573     3.9386   3.248657    34.7607    27.6022 0.0000e+00
       2080    414.606     3.9387   3.248665    34.7607    27.6022 0.0000e+00
       2081    414.647     3.9387   3.248687    34.7609    27.6024 0.0000e+00
       2082    414.682     3.9388   3.248698    34.7609    27.6024 0.0000e+00
       2083    414.700     3.9387   3.248674    34.7607    27.6022 0.0000e+00
       2084    414.701     3.9386   3.248660    34.7607    27.6022 0.0000e+00
       2085    414.707     3.9386   3.248664    34.7607    27.6022 0.0000e+00
       2086    414.733     3.9387   3.248670    34.7607    27.6022 0.0000e+00
       2087    414.771     3.9387   3.248676    34.7607    27.6022 0.0000e+00
       2088    414.807     3.9387   3.248680    34.7607    27.6022 0.0000e+00
       2089    414.836     3.9387   3.248683    34.7608    27.6023 0.0000e+00
       2090    414.861     3.9387   3.248680    34.7607    27.6022 0.0000e+00
       2091    414.888     3.9387   3.248679    34.7607    27.6022 0.0000e+00
       2092    414.925     3.9387   3.248686    34.7608    27.6022 0.0000e+00
       2093    414.980     3.9387   3.248690    34.7608    27.6023 0.0000e+00
       2094    415.050     3.9387   3.248692    34.7608    27.6022 0.0000e+00
       2095    415.118     3.9387   3.248696    34.7608    27.6023 0.0000e+00
       2096    415.172     3.9387   3.248696    34.7607    27.6022 0.0000e+00
       2097    415.215     3.9387   3.248692    34.7607    27.6022 0.0000e+00
       2098    415.261     3.9387   3.248701    34.7608    27.6022 0.0000e+00
       2099    415.320     3.9387   3.248712    34.7609    27.6023 0.0000e+00
       2100    415.392     3.9387   3.248713    34.7608    27.6023 0.0000e+00
       2101    415.469     3.9387   3.248713    34.7608    27.6023 0.0000e+00
       2102    415.550     3.9387   3.248704    34.7606    27.6022 0.0000e+00
       2103    415.631     3.9385   3.248669    34.7604    27.6020 0.0000e+00
       2104    415.704     3.9382   3.248638    34.7603    27.6019 0.0000e+00
       2105    415.768     3.9382   3.248641    34.7603    27.6019 0.0000e+00
       2106    415.830     3.9383   3.248665    34.7604    27.6020 0.0000e+00
       2107    415.892     3.9384   3.248696    34.7607    27.6022 0.0000e+00
       2108    415.954     3.9385   3.248707    34.7607    27.6022 0.0000e+00
       2109    416.012     3.9383   3.248670    34.7604    27.6020 0.0000e+00
       2110    416.062     3.9378   3.248614    34.7602    27.6019 0.0000e+00
       2111    416.107     3.9376   3.248595    34.7602    27.6019 0.0000e+00
       2112    416.146     3.9378   3.248619    34.7603    27.6019 0.0000e+00
       2113    416.172     3.9381   3.248658    34.7604    27.6020 0.0000e+00
       2114    416.182     3.9383   3.248696    34.7606    27.6022 0.0000e+00
       2115    416.179     3.9385   3.248724    34.7607    27.6023 0.0000e+00
       2116    416.174     3.9386   3.248734    34.7608    27.6023 0.0000e+00
       2117    416.181     3.9386   3.248717    34.7606    27.6021 0.0000e+00
       2118    416.200     3.9384   3.248692    34.7605    27.6020 0.0000e+00
       2119    416.227     3.9383   3.248688    34.7605    27.6021 0.0000e+00
       2120    416.254     3.9383   3.248688    34.7605    27.6021 0.0000e+00
       2121    416.280     3.9381   3.248657    34.7603    27.6020 0.0000e+00
       2122    416.304     3.9378   3.248619    34.7602    27.6019 0.0000e+00
       2123    416.316     3.9375   3.248608    34.7604    27.6021 0.0000e+00
       2124    416.306     3.9375   3.248604    34.7603    27.6020 0.0000e+00
       2125    416.273     3.9375   3.248594    34.7602    27.6019 0.0000e+00
       2126    416.227     3.9374   3.248593    34.7603    27.6020 0.0000e+00
       2127    416.188     3.9372   3.248569    34.7603    27.6020 0.0000e+00
       2128    416.169     3.9370   3.248528    34.7600    27.6018 0.0000e+00
       2129    416.166     3.9369   3.248523    34.7601    27.6019 0.0000e+00
       2130    416.168     3.9371   3.248550    34.7602    27.6019 0.0000e+00
       2131    416.166     3.9373   3.248574    34.7602    27.6020 0.0000e+00
       2132    416.157     3.9375   3.248591    34.7602    27.6020 0.0000e+00
       2133    416.142     3.9375   3.248590    34.7602    27.6020 0.0000e+00
       2134    416.120     3.9375   3.248582    34.7602    27.6019 0.0000e+00
       2135    416.085     3.9375   3.248597    34.7603    27.6020 0.0000e+00
       2136    416.034     3.9377   3.248610    34.7603    27.6020 0.0000e+00
       2137    415.976     3.9376   3.248588    34.7602    27.6019 0.0000e+00
       2138    415.913     3.9374   3.248561    34.7601    27.6019 0.0000e+00
       2139    415.845     3.9373   3.248564    34.7603    27.6020 0.0000e+00
       2140    415.773     3.9375   3.248587    34.7604    27.6021 0.0000e+00
       2141    415.703     3.9377   3.248604    34.7604    27.6021 0.0000e+00
       2142    415.640     3.9379   3.248611    34.7603    27.6020 0.0000e+00
       2143    415.586     3.9379   3.248607    34.7603    27.6020 0.0000e+00
       2144    415.536     3.9379   3.248598    34.7602    27.6019 0.0000e+00
       2145    415.482     3.9379   3.248588    34.7601    27.6018 0.0000e+00
       2146    415.419     3.9378   3.248582    34.7602    27.6019 0.0000e+00
       2147    415.347     3.9378   3.248588    34.7603    27.6020 0.0000e+00
       2148    415.269     3.9378   3.248588    34.7604    27.6020 0.0000e+00
       2149    415.192     3.9378   3.248582    34.7603    27.6020 0.0000e+00
       2150    415.122     3.9378   3.248571    34.7602    27.6019 0.0000e+00
       2151    415.057     3.9377   3.248561    34.7603    27.6020 0.0000e+00
       2152    414.993     3.9376   3.248549    34.7603    27.6020 0.0000e+00
       2153    414.923     3.9373   3.248505    34.7601    27.6019 0.0000e+00
       2154    414.847     3.9368   3.248440    34.7599    27.6018 0.0000e+00
       2155    414.777     3.9365   3.248404    34.7598    27.6017 0.0000e+00
       2156    414.724     3.9364   3.248401    34.7599    27.6018 0.0000e+00
       2157    414.686     3.9366   3.248424    34.7600    27.6019 0.0000e+00
       2158    414.652     3.9369   3.248471    34.7602    27.6020 0.0000e+00
       2159    414.609     3.9372   3.248508    34.7604    27.6021 0.0000e+00
       2160    414.552     3.9375   3.248527    34.7603    27.6020 0.0000e+00
       2161    414.491     3.9375   3.248529    34.7604    27.6021 0.0000e+00
       2162    414.442     3.9375   3.248516    34.7603    27.6020 0.0000e+00
       2163    414.413     3.9375   3.248509    34.7602    27.6019 0.0000e+00
       2164    414.398     3.9372   3.248492    34.7603    27.6021 0.0000e+00
       2165    414.393     3.9368   3.248423    34.7599    27.6018 0.0000e+00
       2166    414.392     3.9363   3.248364    34.7598    27.6017 0.0000e+00
       2167    414.388     3.9363   3.248381    34.7600    27.6019 0.0000e+00
       2168    414.381     3.9366   3.248419    34.7601    27.6019 0.0000e+00
       2169    414.370     3.9368   3.248441    34.7601    27.6020 0.0000e+00
       2170    414.356     3.9368   3.248450    34.7603    27.6021 0.0000e+00
       2171    414.337     3.9367   3.248426    34.7601    27.6019 0.0000e+00
       2172    414.318     3.9364   3.248383    34.7599    27.6018 0.0000e+00
       2173    414.305     3.9363   3.248364    34.7598    27.6017 0.0000e+00
       2174    414.308     3.9363   3.248370    34.7599    27.6018 0.0000e+00
       2175    414.329     3.9363   3.248361    34.7597    27.6017 0.0000e+00
       2176    414.358     3.9360   3.248333    34.7597    27.6017 0.0000e+00
       2177    414.378     3.9358   3.248314    34.7597    27.6017 0.0000e+00
       2178    414.386     3.9356   3.248303    34.7598    27.6018 0.0000e+00
       2179    414.391     3.9356   3.248294    34.7597    27.6017 0.0000e+00
       2180    414.404     3.9356   3.248292    34.7596    27.6017 0.0000e+00
       2181    414.422     3.9356   3.248293    34.7596    27.6017 0.0000e+00
       2182    414.439     3.9356   3.248299    34.7597    27.6017 0.0000e+00
       2183    414.459     3.9358   3.248317    34.7597    27.6017 0.0000e+00
       2184    414.483     3.9360   3.248337    34.7597    27.6017 0.0000e+00
       2185    414.504     3.9361   3.248350    34.7597    27.6017 0.0000e+00
       2186    414.517     3.9362   3.248359    34.7597    27.6017 0.0000e+00
       2187    414.530     3.9363   3.248369    34.7597    27.6017 0.0000e+00
       2188    414.553     3.9364   3.248389    34.7599    27.6018 0.0000e+00
       2189    414.589     3.9364   3.248399    34.7600    27.6019 0.0000e+00
       2190    414.632     3.9364   3.248398    34.7599    27.6018 0.0000e+00
       2191    414.673     3.9364   3.248407    34.7600    27.6019 0.0000e+00
       2192    414.708     3.9364   3.248412    34.7600    27.6019 0.0000e+00
       2193    414.733     3.9364   3.248401    34.7599    27.6018 0.0000e+00
       2194    414.745     3.9364   3.248399    34.7599    27.6018 0.0000e+00
       2195    414.744     3.9364   3.248410    34.7600    27.6019 0.0000e+00
       2196    414.742     3.9364   3.248413    34.7600    27.6019 0.0000e+00
       2197    414.757     3.9365   3.248417    34.7600    27.6019 0.0000e+00
       2198    414.791     3.9367   3.248425    34.7598    27.6017 0.0000e+00
       2199    414.838     3.9363   3.248378    34.7597    27.6016 0.0000e+00
       2200    414.883     3.9349   3.248218    34.7592    27.6014 0.0000e+00
       2201    414.911     3.9335   3.248053    34.7587    27.6012 0.0000e+00
       2202    414.925     3.9329   3.247997    34.7587    27.6012 0.0000e+00
       2203    414.941     3.9329   3.248032    34.7591    27.6015 0.0000e+00
       2204    414.960     3.9333   3.248091    34.7594    27.6017 0.0000e+00
       2205    414.973     3.9339   3.248150    34.7594    27.6017 0.0000e+00
       2206    414.976     3.9345   3.248230    34.7598    27.6019 0.0000e+00
       2207    414.976     3.9349   3.248279    34.7599    27.6020 0.0000e+00
       2208    414.986     3.9349   3.248246    34.7595    27.6017 0.0000e+00
       2209    415.006     3.9349   3.248239    34.7594    27.6016 0.0000e+00
       2210    415.027     3.9353   3.248319    34.7599    27.6019 0.0000e+00
       2211    415.047     3.9360   3.248403    34.7602    27.6021 0.0000e+00
       2212    415.070     3.9364   3.248440    34.7602    27.6020 0.0000e+00
       2213    415.099     3.9364   3.248442    34.7602    27.6020 0.0000e+00
       2214    415.131     3.9364   3.248436    34.7601    27.6020 0.0000e+00
       2215    415.164     3.9364   3.248435    34.7601    27.6019 0.0000e+00
       2216    415.190     3.9365   3.248446    34.7601    27.6019 0.0000e+00
       2217    415.206     3.9367   3.248461    34.7600    27.6019 0.0000e+00
       2218    415.212     3.9366   3.248451    34.7600    27.6019 0.0000e+00
       2219    415.213     3.9364   3.248421    34.7599    27.6018 0.0000e+00
       2220    415.216     3.9362   3.248408    34.7599    27.6019 0.0000e+00
       2221    415.226     3.9358   3.248359    34.7598    27.6018 0.0000e+00
       2222    415.243     3.9349   3.248240    34.7593    27.6015 0.0000e+00
       2223    415.266     3.9341   3.248137    34.7589    27.6013 0.0000e+00
       2224    415.289     3.9335   3.248089    34.7590    27.6014 0.0000e+00
       2225    415.312     3.9334   3.248087    34.7590    27.6014 0.0000e+00
       2226    415.335     3.9337   3.248119    34.7591    27.6014 0.0000e+00
       2227    415.359     3.9337   3.248132    34.7592    27.6016 0.0000e+00
       2228    415.380     3.9334   3.248090    34.7590    27.6014 0.0000e+00
       2229    415.399     3.9328   3.248013    34.7587    27.6013 0.0000e+00
       2230    415.425     3.9321   3.247917    34.7583    27.6010 0.0000e+00
       2231    415.459     3.9314   3.247848    34.7582    27.6010 0.0000e+00
       2232    415.497     3.9311   3.247842    34.7585    27.6012 0.0000e+00
       2233    415.534     3.9315   3.247883    34.7585    27.6012 0.0000e+00
       2234    415.568     3.9322   3.247968    34.7588    27.6013 0.0000e+00
       2235    415.598     3.9330   3.248077    34.7592    27.6016 0.0000e+00
       2236    415.622     3.9337   3.248150    34.7593    27.6016 0.0000e+00
       2237    415.643     3.9339   3.248142    34.7590    27.6013 0.0000e+00
       2238    415.665     3.9331   3.248031    34.7585    27.6010 0.0000e+00
       2239    415.688     3.9318   3.247871    34.7580    27.6007 0.0000e+00
       2240    415.712     3.9313   3.247831    34.7580    27.6008 0.0000e+00
       2241    415.732     3.9319   3.247939    34.7586    27.6013 0.0000e+00
       2242    415.745     3.9326   3.248025    34.7589    27.6014 0.0000e+00
       2243    415.750     3.9328   3.248028    34.7587    27.6013 0.0000e+00
       2244    415.747     3.9327   3.248012    34.7587    27.6012 0.0000e+00
       2245    415.741     3.9329   3.248039    34.7588    27.6013 0.0000e+00
       2246    415.735     3.9332   3.248083    34.7590    27.6014 0.0000e+00
       2247    415.725     3.9334   3.248095    34.7589    27.6013 0.0000e+00
       2248    415.717     3.9333   3.248076    34.7588    27.6013 0.0000e+00
       2249    415.715     3.9333   3.248073    34.7588    27.6012 0.0000e+00
       2250    415.707     3.9332   3.248077    34.7589    27.6014 0.0000e+00
       2251    415.693     3.9330   3.248044    34.7587    27.6012 0.0000e+00
       2252    415.679     3.9329   3.248025    34.7586    27.6012 0.0000e+00
       2253    415.666     3.9329   3.248056    34.7590    27.6015 0.0000e+00
       2254    415.656     3.9328   3.248022    34.7587    27.6012 0.0000e+00
       2255    415.641     3.9324   3.247934    34.7581    27.6008 0.0000e+00
       2256    415.614     3.9321   3.247926    34.7583    27.6010 0.0000e+00
