Datasets/Multi_Species/NEE535/ned535_2020_005.cnv
* Sea-Bird SBE19plus Data File:
* Filename = C:/AQUIRE/ned535_2020_005.hex
* Software Version AquireV2 AF V2.0
* Temperature SN =  4579
* Conductivity SN =  4579
* System UpLoad Time = Dec 05 2020 15:27:15
** VESSEL/TRIP/SEQ STN: ned535_2020_005
** LATITUDE: 51 13.76 N
** LONGITUDE: 50 57.87 W
** DATE/TIME: 2020-12-05 14:37
** SOUNDING DEPTH (M):  270
** PROBE TYPE: S4579
** CTD NUMBER:   5
** COMMENTS: 
# nquan = 7                                 
# nvalues = 2687                        
# units = specified
# name 0 = scan: Scan Count
# name 1 = prdM: Pressure, Strain Gauge [db]
# name 2 = tv290C: Temperature [ITS-90, deg C]
# name 3 = c0S/m: Conductivity [S/m]
# name 4 = sal00: Salinity, Practical [PSU]
# name 5 = sigma-t00: Density [sigma-t, kg/m^3 ]
# name 6 = flag: flag
# span 0 =          1,       2687       
# span 1 =     -0.270,    271.974       
# span 2 =     1.1364,     3.0196       
# span 3 =   0.005005,   3.139597       
# span 4 =     0.0383,    34.5279       
# span 5 =    -0.0015,    27.5081       
# span 6 = 0.0000e+00, 0.0000e+00       
# interval = seconds: 1
# start_time = Dec 05 2020 14:37:32 [Instrument's time stamp, header]
# bad_flag = -9.990e-29
*END*
[from data line 2462]
       2463     -0.269     1.2145   0.173084     1.6284     1.2362 0.0000e+00
       2464     -0.269     1.2165   0.155951     1.4590     1.0990 0.0000e+00
       2465     -0.268     1.2180   0.150062     1.4010     1.0520 0.0000e+00
       2466     -0.265     1.2190   0.144576     1.3472     1.0084 0.0000e+00
       2467     -0.263     1.2196   0.139564     1.2981     0.9686 0.0000e+00
       2468     -0.263     1.2205   0.136949     1.2725     0.9478 0.0000e+00
       2469     -0.263     1.2216   0.136692     1.2699     0.9458 0.0000e+00
       2470     -0.265     1.2227   0.140434     1.3064     0.9755 0.0000e+00
       2471     -0.266     1.2233   0.142816     1.3297     0.9944 0.0000e+00
       2472     -0.265     1.2241   0.137890     1.2815     0.9553 0.0000e+00
       2473     -0.263     1.2250   0.137023     1.2730     0.9485 0.0000e+00
       2474     -0.262     1.2263   0.142108     1.3227     0.9888 0.0000e+00
       2475     -0.262     1.2279   0.142500     1.3264     0.9919 0.0000e+00
       2476     -0.262     1.2293   0.138733     1.2895     0.9620 0.0000e+00
       2477     -0.262     1.2308   0.130928     1.2134     0.9003 0.0000e+00
       2478     -0.262     1.2332   0.124844     1.1541     0.8523 0.0000e+00
       2479     -0.261     1.2353   0.128827     1.1927     0.8837 0.0000e+00
       2480     -0.259     1.2359   0.138566     1.2876     0.9608 0.0000e+00
       2481     -0.258     1.2364   0.140766     1.3091     0.9782 0.0000e+00
       2482     -0.259     1.2386   0.130735     1.2112     0.8988 0.0000e+00
       2483     -0.261     1.2413   0.124957     1.1549     0.8533 0.0000e+00
       2484     -0.262     1.2429   0.129170     1.1958     0.8865 0.0000e+00
       2485     -0.264     1.2441   0.133088     1.2339     0.9175 0.0000e+00
       2486     -0.265     1.2461   0.135522     1.2575     0.9367 0.0000e+00
       2487     -0.262     1.2487   0.134066     1.2432     0.9253 0.0000e+00
       2488     -0.260     1.2511   0.128394     1.1879     0.8805 0.0000e+00
       2489     -0.262     1.2523   0.126477     1.1693     0.8654 0.0000e+00
       2490     -0.264     1.2524   0.128719     1.1910     0.8831 0.0000e+00
       2491     -0.263     1.2534   0.131747     1.2204     0.9070 0.0000e+00
       2492     -0.261     1.2561   0.130477     1.2080     0.8970 0.0000e+00
       2493     -0.259     1.2587   0.126788     1.1720     0.8679 0.0000e+00
       2494     -0.257     1.2593   0.128581     1.1894     0.8820 0.0000e+00
       2495     -0.256     1.2584   0.130628     1.2094     0.8982 0.0000e+00
       2496     -0.254     1.2578   0.128128     1.1851     0.8785 0.0000e+00
       2497     -0.253     1.2583   0.123459     1.1398     0.8417 0.0000e+00
       2498     -0.254     1.2609   0.118398     1.0907     0.8020 0.0000e+00
       2499     -0.256     1.2665   0.115020     1.0578     0.7755 0.0000e+00
       2500     -0.258     1.2728   0.114458     1.0522     0.7712 0.0000e+00
       2501     -0.262     1.2768   0.115248     1.0597     0.7775 0.0000e+00
       2502     -0.265     1.2781   0.114727     1.0546     0.7734 0.0000e+00
       2503     -0.264     1.2778   0.115588     1.0629     0.7802 0.0000e+00
       2504     -0.263     1.2773   0.117141     1.0779     0.7923 0.0000e+00
       2505     -0.263     1.2773   0.114403     1.0515     0.7709 0.0000e+00
       2506     -0.262     1.2791   0.111372     1.0223     0.7472 0.0000e+00
       2507     -0.257     1.2821   0.111205     1.0206     0.7459 0.0000e+00
       2508     -0.254     1.2842   0.111323     1.0216     0.7469 0.0000e+00
       2509     -0.254     1.2843   0.110017     1.0091     0.7367 0.0000e+00
       2510     -0.255     1.2832   0.107939     0.9891     0.7204 0.0000e+00
       2511     -0.254     1.2824   0.105727     0.9679     0.7032 0.0000e+00
       2512     -0.254     1.2826   0.101935     0.9315     0.6736 0.0000e+00
       2513     -0.257     1.2834   0.098914     0.9026     0.6502 0.0000e+00
       2514     -0.259     1.2836   0.101752     0.9297     0.6722 0.0000e+00
       2515     -0.257     1.2832   0.109224     1.0015     0.7305 0.0000e+00
       2516     -0.255     1.2824   0.115122     1.0583     0.7766 0.0000e+00
       2517     -0.256     1.2826   0.115668     1.0635     0.7808 0.0000e+00
       2518     -0.256     1.2843   0.112727     1.0351     0.7578 0.0000e+00
       2519     -0.256     1.2864   0.111078     1.0192     0.7450 0.0000e+00
       2520     -0.256     1.2872   0.110963     1.0181     0.7441 0.0000e+00
       2521     -0.256     1.2868   0.110128     1.0100     0.7376 0.0000e+00
       2522     -0.255     1.2861   0.107345     0.9833     0.7158 0.0000e+00
       2523     -0.253     1.2856   0.102392     0.9358     0.6773 0.0000e+00
       2524     -0.251     1.2853   0.098904     0.9024     0.6501 0.0000e+00
       2525     -0.252     1.2855   0.101243     0.9248     0.6683 0.0000e+00
       2526     -0.255     1.2871   0.107246     0.9823     0.7151 0.0000e+00
       2527     -0.255     1.2904   0.111254     1.0208     0.7464 0.0000e+00
       2528     -0.254     1.2951   0.113147     1.0388     0.7613 0.0000e+00
       2529     -0.251     1.3003   0.112749     1.0348     0.7582 0.0000e+00
       2530     -0.249     1.3053   0.108916     0.9978     0.7284 0.0000e+00
       2531     -0.251     1.3089   0.105195     0.9620     0.6995 0.0000e+00
       2532     -0.254     1.3099   0.104390     0.9542     0.6932 0.0000e+00
       2533     -0.253     1.3089   0.106773     0.9771     0.7117 0.0000e+00
       2534     -0.251     1.3083   0.110044     1.0085     0.7372 0.0000e+00
       2535     -0.250     1.3100   0.110010     1.0082     0.7370 0.0000e+00
       2536     -0.248     1.3129   0.106572     0.9751     0.7102 0.0000e+00
       2537     -0.247     1.3153   0.102238     0.9335     0.6766 0.0000e+00
       2538     -0.249     1.3178   0.100170     0.9136     0.6605 0.0000e+00
       2539     -0.251     1.3202   0.103653     0.9469     0.6876 0.0000e+00
       2540     -0.254     1.3211   0.109338     1.0013     0.7319 0.0000e+00
       2541     -0.257     1.3212   0.110604     1.0135     0.7418 0.0000e+00
       2542     -0.257     1.3215   0.106934     0.9783     0.7132 0.0000e+00
       2543     -0.254     1.3213   0.104747     0.9573     0.6962 0.0000e+00
       2544     -0.252     1.3205   0.106523     0.9743     0.7100 0.0000e+00
       2545     -0.251     1.3218   0.106780     0.9768     0.7120 0.0000e+00
       2546     -0.251     1.3261   0.105565     0.9650     0.7026 0.0000e+00
       2547     -0.251     1.3312   0.104659     0.9561     0.6956 0.0000e+00
       2548     -0.251     1.3342   0.101101     0.9220     0.6680 0.0000e+00
       2549     -0.251     1.3347   0.099388     0.9056     0.6548 0.0000e+00
       2550     -0.251     1.3335   0.104502     0.9546     0.6945 0.0000e+00
       2551     -0.250     1.3317   0.109807     1.0055     0.7357 0.0000e+00
       2552     -0.248     1.3306   0.110788     1.0150     0.7434 0.0000e+00
       2553     -0.246     1.3306   0.114204     1.0478     0.7700 0.0000e+00
       2554     -0.246     1.3309   0.127656     1.1777     0.8755 0.0000e+00
       2555     -0.246     1.3309   0.141700     1.3143     0.9862 0.0000e+00
       2556     -0.247     1.3308   0.136386     1.2625     0.9442 0.0000e+00
       2557     -0.246     1.3306   0.117037     1.0751     0.7922 0.0000e+00
       2558     -0.241     1.3302   0.107077     0.9794     0.7144 0.0000e+00
       2559     -0.238     1.3298   0.107971     0.9879     0.7214 0.0000e+00
       2560     -0.240     1.3293   0.102806     0.9385     0.6812 0.0000e+00
       2561     -0.243     1.3291   0.088392     0.8011     0.5697 0.0000e+00
       2562     -0.244     1.3289   0.077050     0.6939     0.4825 0.0000e+00
       2563     -0.244     1.3289   0.074218     0.6673     0.4609 0.0000e+00
       2564     -0.242     1.3295   0.075397     0.6784     0.4699 0.0000e+00
       2565     -0.240     1.3311   0.075237     0.6768     0.4687 0.0000e+00
       2566     -0.238     1.3336   0.071729     0.6438     0.4420 0.0000e+00
       2567     -0.237     1.3355   0.068045     0.6093     0.4140 0.0000e+00
       2568     -0.237     1.3363   0.067326     0.6025     0.4085 0.0000e+00
       2569     -0.237     1.3366   0.067289     0.6022     0.4082 0.0000e+00
       2570     -0.236     1.3369   0.064782     0.5788     0.3892 0.0000e+00
       2571     -0.237     1.3378   0.061567     0.5488     0.3649 0.0000e+00
       2572     -0.237     1.3392   0.058772     0.5228     0.3438 0.0000e+00
       2573     -0.236     1.3407   0.055480     0.4922     0.3190 0.0000e+00
       2574     -0.236     1.3418   0.052931     0.4686     0.2998 0.0000e+00
       2575     -0.236     1.3422   0.052495     0.4646     0.2966 0.0000e+00
       2576     -0.235     1.3424   0.055352     0.4910     0.3181 0.0000e+00
       2577     -0.232     1.3428   0.059935     0.5335     0.3527 0.0000e+00
       2578     -0.229     1.3432   0.062125     0.5539     0.3692 0.0000e+00
       2579     -0.227     1.3438   0.060946     0.5429     0.3603 0.0000e+00
       2580     -0.228     1.3443   0.058779     0.5228     0.3440 0.0000e+00
       2581     -0.232     1.3447   0.057686     0.5126     0.3357 0.0000e+00
       2582     -0.234     1.3453   0.057066     0.5068     0.3311 0.0000e+00
       2583     -0.233     1.3461   0.054396     0.4821     0.3110 0.0000e+00
       2584     -0.231     1.3468   0.048970     0.4321     0.2703 0.0000e+00
       2585     -0.230     1.3478   0.043472     0.3816     0.2292 0.0000e+00
       2586     -0.229     1.3487   0.040732     0.3565     0.2089 0.0000e+00
       2587     -0.227     1.3496   0.040902     0.3581     0.2102 0.0000e+00
       2588     -0.226     1.3507   0.041854     0.3668     0.2173 0.0000e+00
       2589     -0.227     1.3521   0.041410     0.3627     0.2140 0.0000e+00
       2590     -0.229     1.3532   0.039119     0.3418     0.1970 0.0000e+00
       2591     -0.230     1.3540   0.036281     0.3160     0.1760 0.0000e+00
       2592     -0.230     1.3546   0.034275     0.2978     0.1613 0.0000e+00
       2593     -0.230     1.3554   0.033063     0.2868     0.1523 0.0000e+00
       2594     -0.230     1.3560   0.031968     0.2769     0.1443 0.0000e+00
       2595     -0.230     1.3567   0.030838     0.2667     0.1360 0.0000e+00
       2596     -0.229     1.3573   0.029977     0.2590     0.1297 0.0000e+00
       2597     -0.226     1.3581   0.029710     0.2566     0.1278 0.0000e+00
       2598     -0.222     1.3588   0.029950     0.2587     0.1296 0.0000e+00
       2599     -0.220     1.3598   0.030122     0.2603     0.1309 0.0000e+00
       2600     -0.220     1.3609   0.029713     0.2566     0.1279 0.0000e+00
       2601     -0.222     1.3620   0.028752     0.2479     0.1209 0.0000e+00
       2602     -0.225     1.3630   0.027678     0.2383     0.1131 0.0000e+00
       2603     -0.225     1.3638   0.026922     0.2315     0.1076 0.0000e+00
       2604     -0.222     1.3645   0.026501     0.2277     0.1046 0.0000e+00
       2605     -0.220     1.3653   0.026058     0.2237     0.1014 0.0000e+00
       2606     -0.220     1.3662   0.025393     0.2178     0.0965 0.0000e+00
       2607     -0.222     1.3670   0.024759     0.2121     0.0920 0.0000e+00
       2608     -0.223     1.3680   0.024726     0.2118     0.0918 0.0000e+00
       2609     -0.222     1.3687   0.025456     0.2183     0.0971 0.0000e+00
       2610     -0.220     1.3693   0.026284     0.2257     0.1032 0.0000e+00
       2611     -0.219     1.3701   0.026632     0.2289     0.1057 0.0000e+00
       2612     -0.219     1.3708   0.026558     0.2282     0.1052 0.0000e+00
       2613     -0.219     1.3716   0.026507     0.2277     0.1049 0.0000e+00
       2614     -0.219     1.3725   0.026951     0.2317     0.1081 0.0000e+00
       2615     -0.218     1.3733   0.028329     0.2440     0.1182 0.0000e+00
       2616     -0.215     1.3742   0.030931     0.2674     0.1373 0.0000e+00
       2617     -0.212     1.3751   0.034961     0.3038     0.1670 0.0000e+00
       2618     -0.210     1.3761   0.039245     0.3427     0.1987 0.0000e+00
       2619     -0.211     1.3771   0.041266     0.3611     0.2138 0.0000e+00
       2620     -0.212     1.3781   0.041680     0.3649     0.2169 0.0000e+00
       2621     -0.211     1.3791   0.042754     0.3747     0.2249 0.0000e+00
       2622     -0.210     1.3803   0.044076     0.3867     0.2348 0.0000e+00
       2623     -0.211     1.3816   0.044717     0.3926     0.2396 0.0000e+00
       2624     -0.212     1.3828   0.044582     0.3913     0.2386 0.0000e+00
       2625     -0.211     1.3840   0.043477     0.3812     0.2304 0.0000e+00
       2626     -0.209     1.3851   0.041340     0.3617     0.2146 0.0000e+00
       2627     -0.208     1.3860   0.039142     0.3417     0.1983 0.0000e+00
       2628     -0.208     1.3867   0.037753     0.3290     0.1880 0.0000e+00
       2629     -0.208     1.3875   0.036364     0.3164     0.1778 0.0000e+00
       2630     -0.208     1.3886   0.034127     0.2961     0.1613 0.0000e+00
       2631     -0.208     1.3897   0.031779     0.2749     0.1441 0.0000e+00
       2632     -0.208     1.3906   0.030396     0.2625     0.1340 0.0000e+00
       2633     -0.208     1.3915   0.029878     0.2578     0.1302 0.0000e+00
       2634     -0.208     1.3925   0.029279     0.2524     0.1259 0.0000e+00
       2635     -0.208     1.3935   0.028045     0.2413     0.1169 0.0000e+00
       2636     -0.208     1.3943   0.026673     0.2290     0.1069 0.0000e+00
       2637     -0.208     1.3948   0.025987     0.2229     0.1019 0.0000e+00
       2638     -0.207     1.3954   0.025847     0.2217     0.1009 0.0000e+00
       2639     -0.206     1.3960   0.025564     0.2191     0.0989 0.0000e+00
       2640     -0.205     1.3966   0.025019     0.2143     0.0949 0.0000e+00
       2641     -0.206     1.3973   0.024409     0.2088     0.0905 0.0000e+00
       2642     -0.207     1.3982   0.023707     0.2026     0.0855 0.0000e+00
       2643     -0.207     1.3991   0.022892     0.1953     0.0796 0.0000e+00
       2644     -0.206     1.4003   0.022213     0.1893     0.0747 0.0000e+00
       2645     -0.204     1.4017   0.021855     0.1861     0.0722 0.0000e+00
       2646     -0.204     1.4030   0.021568     0.1835     0.0702 0.0000e+00
       2647     -0.204     1.4040   0.020993     0.1784     0.0660 0.0000e+00
       2648     -0.205     1.4047   0.020310     0.1724     0.0611 0.0000e+00
       2649     -0.205     1.4053   0.020072     0.1703     0.0594 0.0000e+00
       2650     -0.205     1.4061   0.020247     0.1718     0.0607 0.0000e+00
       2651     -0.208     1.4071   0.020163     0.1710     0.0602 0.0000e+00
       2652     -0.210     1.4083   0.019590     0.1660     0.0561 0.0000e+00
       2653     -0.209     1.4095   0.019086     0.1615     0.0525 0.0000e+00
       2654     -0.207     1.4109   0.019041     0.1611     0.0522 0.0000e+00
       2655     -0.205     1.4125   0.019111     0.1617     0.0528 0.0000e+00
       2656     -0.202     1.4139   0.018748     0.1585     0.0502 0.0000e+00
       2657     -0.202     1.4148   0.017968     0.1516     0.0447 0.0000e+00
       2658     -0.205     1.4154   0.017358     0.1463     0.0403 0.0000e+00
       2659     -0.206     1.4162   0.017261     0.1454     0.0396 0.0000e+00
       2660     -0.205     1.4169   0.017392     0.1466     0.0406 0.0000e+00
       2661     -0.204     1.4179   0.017358     0.1463     0.0404 0.0000e+00
       2662     -0.205     1.4189   0.017104     0.1440     0.0386 0.0000e+00
       2663     -0.206     1.4198   0.016828     0.1416     0.0367 0.0000e+00
       2664     -0.205     1.4206   0.016733     0.1408     0.0360 0.0000e+00
       2665     -0.203     1.4213   0.016783     0.1412     0.0364 0.0000e+00
       2666     -0.203     1.4221   0.016710     0.1405     0.0359 0.0000e+00
