Datasets/Multi_Species/NEE535/ned535_2020_010.cnv
* Sea-Bird SBE19plus Data File:
* Filename = C:/AQUIRE/ned535_2020_010.hex
* Software Version AquireV2 AF V2.0
* Temperature SN =  4579
* Conductivity SN =  4579
* System UpLoad Time = Dec 06 2020 18:01:48
** VESSEL/TRIP/SEQ STN: ned535_2020_010
** LATITUDE: 51 12.31 N
** LONGITUDE: 50 14.77 W
** DATE/TIME: 2020-12-06 16:53
** SOUNDING DEPTH (M):  572
** PROBE TYPE: S4579
** CTD NUMBER:  10
** COMMENTS: 
# nquan = 7                                 
# nvalues = 3998                        
# units = specified
# name 0 = scan: Scan Count
# name 1 = prdM: Pressure, Strain Gauge [db]
# name 2 = tv290C: Temperature [ITS-90, deg C]
# name 3 = c0S/m: Conductivity [S/m]
# name 4 = sal00: Salinity, Practical [PSU]
# name 5 = sigma-t00: Density [sigma-t, kg/m^3 ]
# name 6 = flag: flag
# span 0 =          1,       3998       
# span 1 =     -0.362,    588.418       
# span 2 =     1.2803,     4.0256       
# span 3 =   0.003341,   3.262773       
# span 4 =     0.0251,    34.8154       
# span 5 =    -0.0120,    27.6503       
# span 6 = 0.0000e+00, 0.0000e+00       
# interval = seconds: 1
# start_time = Dec 06 2020 16:53:32 [Instrument's time stamp, header]
# bad_flag = -9.990e-29
*END*
[from data line 1436]
       1437    320.896     4.0029   3.249388    34.7513    27.5881 0.0000e+00
       1438    321.602     4.0038   3.249446    34.7507    27.5875 0.0000e+00
       1439    322.305     4.0046   3.249530    34.7505    27.5872 0.0000e+00
       1440    323.014     4.0054   3.249607    34.7502    27.5869 0.0000e+00
       1441    323.731     4.0062   3.249626    34.7492    27.5860 0.0000e+00
       1442    324.451     4.0071   3.249689    34.7486    27.5854 0.0000e+00
       1443    325.177     4.0085   3.249887    34.7491    27.5857 0.0000e+00
       1444    325.909     4.0107   3.250241    34.7505    27.5866 0.0000e+00
       1445    326.644     4.0130   3.250748    34.7537    27.5889 0.0000e+00
       1446    327.389     4.0151   3.251274    34.7573    27.5916 0.0000e+00
       1447    328.149     4.0168   3.251697    34.7602    27.5936 0.0000e+00
       1448    328.912     4.0182   3.252011    34.7620    27.5950 0.0000e+00
       1449    329.664     4.0190   3.252204    34.7630    27.5957 0.0000e+00
       1450    330.393     4.0193   3.252304    34.7635    27.5961 0.0000e+00
       1451    331.095     4.0192   3.252352    34.7638    27.5963 0.0000e+00
       1452    331.767     4.0192   3.252384    34.7638    27.5963 0.0000e+00
       1453    332.409     4.0191   3.252417    34.7640    27.5965 0.0000e+00
       1454    333.022     4.0191   3.252452    34.7641    27.5965 0.0000e+00
       1455    333.616     4.0191   3.252491    34.7642    27.5966 0.0000e+00
       1456    334.201     4.0191   3.252535    34.7644    27.5968 0.0000e+00
       1457    334.784     4.0189   3.252565    34.7647    27.5970 0.0000e+00
       1458    335.363     4.0185   3.252571    34.7649    27.5972 0.0000e+00
       1459    335.947     4.0176   3.252522    34.7649    27.5974 0.0000e+00
       1460    336.543     4.0160   3.252393    34.7648    27.5974 0.0000e+00
       1461    337.152     4.0138   3.252239    34.7649    27.5978 0.0000e+00
       1462    337.763     4.0122   3.252155    34.7653    27.5982 0.0000e+00
       1463    338.366     4.0111   3.252133    34.7659    27.5988 0.0000e+00
       1464    338.964     4.0106   3.252130    34.7661    27.5990 0.0000e+00
       1465    339.563     4.0099   3.252115    34.7663    27.5993 0.0000e+00
       1466    340.162     4.0093   3.252086    34.7663    27.5993 0.0000e+00
       1467    340.760     4.0088   3.252078    34.7664    27.5994 0.0000e+00
       1468    341.354     4.0084   3.252092    34.7667    27.5997 0.0000e+00
       1469    341.939     4.0082   3.252105    34.7667    27.5998 0.0000e+00
       1470    342.506     4.0079   3.252109    34.7668    27.5999 0.0000e+00
       1471    343.051     4.0076   3.252119    34.7669    27.6000 0.0000e+00
       1472    343.580     4.0076   3.252167    34.7672    27.6002 0.0000e+00
       1473    344.111     4.0078   3.252246    34.7677    27.6006 0.0000e+00
       1474    344.657     4.0082   3.252332    34.7680    27.6008 0.0000e+00
       1475    345.218     4.0086   3.252416    34.7682    27.6009 0.0000e+00
       1476    345.791     4.0090   3.252492    34.7684    27.6010 0.0000e+00
       1477    346.370     4.0094   3.252580    34.7687    27.6012 0.0000e+00
       1478    346.956     4.0099   3.252709    34.7694    27.6017 0.0000e+00
       1479    347.558     4.0105   3.252856    34.7702    27.6023 0.0000e+00
       1480    348.169     4.0107   3.252957    34.7709    27.6028 0.0000e+00
       1481    348.771     4.0107   3.253003    34.7711    27.6030 0.0000e+00
       1482    349.348     4.0105   3.253028    34.7713    27.6032 0.0000e+00
       1483    349.896     4.0103   3.253068    34.7717    27.6035 0.0000e+00
       1484    350.428     4.0103   3.253123    34.7720    27.6038 0.0000e+00
       1485    350.961     4.0103   3.253180    34.7724    27.6041 0.0000e+00
       1486    351.505     4.0105   3.253232    34.7726    27.6042 0.0000e+00
       1487    352.056     4.0107   3.253286    34.7727    27.6043 0.0000e+00
       1488    352.608     4.0107   3.253345    34.7731    27.6046 0.0000e+00
       1489    353.172     4.0108   3.253391    34.7732    27.6047 0.0000e+00
       1490    353.762     4.0107   3.253429    34.7735    27.6049 0.0000e+00
       1491    354.372     4.0107   3.253469    34.7736    27.6050 0.0000e+00
       1492    354.988     4.0106   3.253497    34.7737    27.6051 0.0000e+00
       1493    355.595     4.0103   3.253508    34.7739    27.6052 0.0000e+00
       1494    356.183     4.0100   3.253528    34.7741    27.6054 0.0000e+00
       1495    356.749     4.0099   3.253574    34.7744    27.6057 0.0000e+00
       1496    357.301     4.0098   3.253621    34.7748    27.6060 0.0000e+00
       1497    357.858     4.0094   3.253642    34.7752    27.6064 0.0000e+00
       1498    358.430     4.0090   3.253662    34.7755    27.6067 0.0000e+00
       1499    359.008     4.0084   3.253707    34.7764    27.6074 0.0000e+00
       1500    359.584     4.0079   3.253717    34.7767    27.6078 0.0000e+00
       1501    360.160     4.0070   3.253659    34.7767    27.6078 0.0000e+00
       1502    360.742     4.0061   3.253634    34.7770    27.6082 0.0000e+00
       1503    361.331     4.0056   3.253696    34.7780    27.6090 0.0000e+00
       1504    361.918     4.0055   3.253807    34.7791    27.6099 0.0000e+00
       1505    362.495     4.0061   3.253912    34.7794    27.6101 0.0000e+00
       1506    363.070     4.0069   3.253992    34.7792    27.6098 0.0000e+00
       1507    363.657     4.0076   3.254065    34.7790    27.6096 0.0000e+00
       1508    364.262     4.0080   3.254130    34.7790    27.6096 0.0000e+00
       1509    364.875     4.0083   3.254187    34.7791    27.6096 0.0000e+00
       1510    365.482     4.0085   3.254238    34.7791    27.6096 0.0000e+00
       1511    366.080     4.0087   3.254283    34.7791    27.6096 0.0000e+00
       1512    366.671     4.0090   3.254323    34.7790    27.6094 0.0000e+00
       1513    367.259     4.0097   3.254343    34.7782    27.6087 0.0000e+00
       1514    367.848     4.0107   3.254361    34.7770    27.6077 0.0000e+00
       1515    368.445     4.0115   3.254411    34.7764    27.6072 0.0000e+00
       1516    369.055     4.0108   3.254438    34.7772    27.6078 0.0000e+00
       1517    369.675     4.0088   3.254415    34.7787    27.6092 0.0000e+00
       1518    370.301     4.0069   3.254408    34.7803    27.6107 0.0000e+00
       1519    370.926     4.0058   3.254472    34.7819    27.6121 0.0000e+00
       1520    371.538     4.0057   3.254555    34.7826    27.6127 0.0000e+00
       1521    372.130     4.0063   3.254590    34.7821    27.6122 0.0000e+00
       1522    372.717     4.0061   3.254526    34.7812    27.6115 0.0000e+00
       1523    373.320     4.0048   3.254436    34.7812    27.6117 0.0000e+00
       1524    373.938     4.0038   3.254482    34.7825    27.6128 0.0000e+00
       1525    374.551     4.0039   3.254617    34.7837    27.6137 0.0000e+00
       1526    375.155     4.0044   3.254677    34.7835    27.6135 0.0000e+00
       1527    375.764     4.0044   3.254655    34.7829    27.6131 0.0000e+00
       1528    376.383     4.0038   3.254632    34.7830    27.6132 0.0000e+00
       1529    377.005     4.0030   3.254637    34.7835    27.6137 0.0000e+00
       1530    377.631     4.0023   3.254665    34.7843    27.6144 0.0000e+00
       1531    378.259     4.0016   3.254703    34.7851    27.6151 0.0000e+00
       1532    378.880     4.0009   3.254667    34.7851    27.6152 0.0000e+00
       1533    379.485     4.0001   3.254492    34.7836    27.6140 0.0000e+00
       1534    380.078     3.9995   3.254359    34.7823    27.6131 0.0000e+00
       1535    380.672     3.9992   3.254448    34.7834    27.6140 0.0000e+00
       1536    381.270     3.9990   3.254581    34.7848    27.6151 0.0000e+00
       1537    381.873     3.9989   3.254588    34.7847    27.6151 0.0000e+00
       1538    382.481     3.9986   3.254495    34.7836    27.6142 0.0000e+00
       1539    383.097     3.9981   3.254350    34.7821    27.6130 0.0000e+00
       1540    383.730     3.9977   3.254251    34.7810    27.6122 0.0000e+00
       1541    384.385     3.9973   3.254249    34.7810    27.6123 0.0000e+00
       1542    385.043     3.9968   3.254266    34.7814    27.6127 0.0000e+00
       1543    385.681     3.9964   3.254232    34.7811    27.6124 0.0000e+00
       1544    386.298     3.9958   3.254198    34.7810    27.6124 0.0000e+00
       1545    386.905     3.9954   3.254256    34.7818    27.6131 0.0000e+00
       1546    387.502     3.9952   3.254358    34.7829    27.6140 0.0000e+00
       1547    388.085     3.9950   3.254365    34.7829    27.6140 0.0000e+00
       1548    388.665     3.9947   3.254322    34.7824    27.6136 0.0000e+00
       1549    389.250     3.9946   3.254381    34.7829    27.6140 0.0000e+00
       1550    389.841     3.9944   3.254456    34.7837    27.6147 0.0000e+00
       1551    390.442     3.9940   3.254421    34.7833    27.6145 0.0000e+00
       1552    391.064     3.9936   3.254404    34.7832    27.6144 0.0000e+00
       1553    391.705     3.9932   3.254452    34.7839    27.6150 0.0000e+00
       1554    392.353     3.9930   3.254443    34.7836    27.6148 0.0000e+00
       1555    392.997     3.9926   3.254377    34.7829    27.6143 0.0000e+00
       1556    393.635     3.9924   3.254365    34.7827    27.6141 0.0000e+00
       1557    394.262     3.9924   3.254482    34.7837    27.6149 0.0000e+00
       1558    394.870     3.9926   3.254656    34.7853    27.6161 0.0000e+00
       1559    395.463     3.9928   3.254686    34.7851    27.6160 0.0000e+00
       1560    396.057     3.9927   3.254538    34.7831    27.6144 0.0000e+00
       1561    396.657     3.9923   3.254447    34.7821    27.6137 0.0000e+00
       1562    397.254     3.9920   3.254538    34.7832    27.6146 0.0000e+00
       1563    397.839     3.9920   3.254638    34.7841    27.6153 0.0000e+00
       1564    398.411     3.9920   3.254610    34.7835    27.6148 0.0000e+00
       1565    398.986     3.9918   3.254575    34.7830    27.6144 0.0000e+00
       1566    399.578     3.9916   3.254623    34.7834    27.6148 0.0000e+00
       1567    400.187     3.9916   3.254725    34.7843    27.6155 0.0000e+00
       1568    400.799     3.9917   3.254853    34.7854    27.6163 0.0000e+00
       1569    401.406     3.9920   3.254949    34.7859    27.6167 0.0000e+00
       1570    402.012     3.9921   3.254887    34.7847    27.6158 0.0000e+00
       1571    402.630     3.9916   3.254707    34.7828    27.6143 0.0000e+00
       1572    403.264     3.9909   3.254579    34.7817    27.6135 0.0000e+00
       1573    403.891     3.9903   3.254495    34.7810    27.6130 0.0000e+00
       1574    404.492     3.9897   3.254409    34.7803    27.6125 0.0000e+00
       1575    405.067     3.9892   3.254362    34.7799    27.6123 0.0000e+00
       1576    405.633     3.9890   3.254391    34.7802    27.6125 0.0000e+00
       1577    406.205     3.9889   3.254474    34.7810    27.6131 0.0000e+00
       1578    406.781     3.9890   3.254573    34.7817    27.6137 0.0000e+00
       1579    407.356     3.9890   3.254669    34.7826    27.6144 0.0000e+00
       1580    407.935     3.9891   3.254710    34.7826    27.6144 0.0000e+00
       1581    408.522     3.9893   3.254691    34.7819    27.6138 0.0000e+00
       1582    409.111     3.9894   3.254721    34.7818    27.6138 0.0000e+00
       1583    409.689     3.9895   3.254790    34.7822    27.6141 0.0000e+00
       1584    410.253     3.9898   3.254797    34.7817    27.6136 0.0000e+00
       1585    410.816     3.9903   3.254784    34.7807    27.6128 0.0000e+00
       1586    411.401     3.9908   3.254821    34.7803    27.6124 0.0000e+00
       1587    412.013     3.9912   3.254884    34.7803    27.6124 0.0000e+00
       1588    412.638     3.9913   3.254961    34.7808    27.6127 0.0000e+00
       1589    413.257     3.9913   3.255034    34.7813    27.6132 0.0000e+00
       1590    413.859     3.9913   3.255077    34.7815    27.6133 0.0000e+00
       1591    414.438     3.9913   3.255153    34.7821    27.6138 0.0000e+00
       1592    414.997     3.9914   3.255279    34.7832    27.6146 0.0000e+00
       1593    415.547     3.9917   3.255348    34.7834    27.6148 0.0000e+00
       1594    416.108     3.9917   3.255341    34.7830    27.6145 0.0000e+00
       1595    416.686     3.9916   3.255366    34.7831    27.6146 0.0000e+00
       1596    417.270     3.9916   3.255442    34.7837    27.6150 0.0000e+00
       1597    417.844     3.9916   3.255467    34.7837    27.6150 0.0000e+00
       1598    418.410     3.9916   3.255426    34.7829    27.6144 0.0000e+00
       1599    418.980     3.9914   3.255438    34.7830    27.6144 0.0000e+00
       1600    419.562     3.9914   3.255534    34.7838    27.6151 0.0000e+00
       1601    420.145     3.9916   3.255646    34.7846    27.6157 0.0000e+00
       1602    420.716     3.9920   3.255730    34.7849    27.6159 0.0000e+00
       1603    421.281     3.9923   3.255759    34.7846    27.6157 0.0000e+00
       1604    421.860     3.9924   3.255746    34.7840    27.6152 0.0000e+00
       1605    422.456     3.9923   3.255769    34.7841    27.6153 0.0000e+00
       1606    423.055     3.9926   3.255875    34.7847    27.6157 0.0000e+00
       1607    423.646     3.9933   3.255973    34.7848    27.6157 0.0000e+00
       1608    424.231     3.9942   3.255967    34.7835    27.6146 0.0000e+00
       1609    424.825     3.9947   3.255915    34.7820    27.6134 0.0000e+00
       1610    425.435     3.9948   3.255931    34.7818    27.6132 0.0000e+00
       1611    426.047     3.9950   3.256020    34.7823    27.6135 0.0000e+00
       1612    426.644     3.9951   3.256080    34.7826    27.6138 0.0000e+00
       1613    427.227     3.9953   3.256072    34.7820    27.6133 0.0000e+00
       1614    427.808     3.9955   3.256081    34.7816    27.6129 0.0000e+00
       1615    428.390     3.9957   3.256146    34.7818    27.6131 0.0000e+00
       1616    428.966     3.9958   3.256196    34.7820    27.6132 0.0000e+00
       1617    429.539     3.9960   3.256205    34.7816    27.6129 0.0000e+00
       1618    430.123     3.9962   3.256224    34.7813    27.6126 0.0000e+00
       1619    430.726     3.9963   3.256292    34.7817    27.6129 0.0000e+00
       1620    431.346     3.9965   3.256389    34.7823    27.6134 0.0000e+00
       1621    431.969     3.9968   3.256472    34.7826    27.6136 0.0000e+00
       1622    432.582     3.9970   3.256514    34.7826    27.6136 0.0000e+00
       1623    433.188     3.9974   3.256517    34.7819    27.6129 0.0000e+00
       1624    433.802     3.9981   3.256547    34.7812    27.6123 0.0000e+00
       1625    434.431     3.9988   3.256626    34.7810    27.6121 0.0000e+00
       1626    435.067     3.9993   3.256702    34.7811    27.6121 0.0000e+00
       1627    435.692     3.9996   3.256764    34.7811    27.6121 0.0000e+00
       1628    436.302     3.9998   3.256830    34.7814    27.6123 0.0000e+00
       1629    436.916     4.0002   3.256911    34.7816    27.6124 0.0000e+00
       1630    437.542     4.0007   3.256989    34.7817    27.6124 0.0000e+00
       1631    438.171     4.0008   3.257057    34.7820    27.6127 0.0000e+00
       1632    438.793     4.0008   3.257130    34.7826    27.6131 0.0000e+00
       1633    439.403     4.0008   3.257199    34.7831    27.6135 0.0000e+00
       1634    440.001     4.0008   3.257250    34.7833    27.6138 0.0000e+00
       1635    440.591     4.0008   3.257292    34.7835    27.6139 0.0000e+00
       1636    441.188     4.0006   3.257340    34.7840    27.6143 0.0000e+00
       1637    441.807     4.0002   3.257392    34.7847    27.6149 0.0000e+00
       1638    442.450     4.0000   3.257443    34.7852    27.6153 0.0000e+00
       1639    443.102     3.9999   3.257494    34.7855    27.6156 0.0000e+00
       1640    443.755     3.9996   3.257546    34.7861    27.6161 0.0000e+00
       1641    444.412     3.9989   3.257584    34.7870    27.6169 0.0000e+00
