Datasets/Multi_Species/NEE535/ned535_2020_017.cnv
* Sea-Bird SBE19plus Data File:
* Filename = C:/AQUIRE/ned535_2020_017.hex
* Software Version AquireV2 AF V2.0
* Temperature SN =  4579
* Conductivity SN =  4579
* System UpLoad Time = Dec 08 2020 19:43:23
** VESSEL/TRIP/SEQ STN: ned535_2020_017
** LATITUDE: 00 00.00 N
** LONGITUDE: 00 00.00 W
** DATE/TIME: 2020-12-08 18:56
** SOUNDING DEPTH (M): 9999
** PROBE TYPE: S4579
** CTD NUMBER:
** COMMENTS:
# nquan = 7                                 
# nvalues = 2707                        
# units = specified
# name 0 = scan: Scan Count
# name 1 = prdM: Pressure, Strain Gauge [db]
# name 2 = tv290C: Temperature [ITS-90, deg C]
# name 3 = c0S/m: Conductivity [S/m]
# name 4 = sal00: Salinity, Practical [PSU]
# name 5 = sigma-t00: Density [sigma-t, kg/m^3 ]
# name 6 = flag: flag
# span 0 =          1,       2707       
# span 1 =     -0.353,    242.574       
# span 2 =     0.9778,     2.9669       
# span 3 =   0.015509,   3.135104       
# span 4 =     0.1306,    34.5215       
# span 5 =     0.0210,    27.5061       
# span 6 = 0.0000e+00, 0.0000e+00       
# interval = seconds: 1
# start_time = Dec 08 2020 18:56:34 [Instrument's time stamp, header]
# bad_flag = -9.990e-29
*END*
[from data line 2667]
       2668     -0.336     1.7413   0.020704     0.1741     0.0758 0.0000e+00
       2669     -0.336     1.7393   0.020210     0.1698     0.0722 0.0000e+00
       2670     -0.337     1.7385   0.019946     0.1674     0.0703 0.0000e+00
       2671     -0.338     1.7376   0.019798     0.1662     0.0692 0.0000e+00
       2672     -0.339     1.7373   0.019597     0.1644     0.0678 0.0000e+00
       2673     -0.338     1.7379   0.019381     0.1625     0.0662 0.0000e+00
       2674     -0.338     1.7389   0.019310     0.1619     0.0658 0.0000e+00
       2675     -0.338     1.7399   0.019495     0.1635     0.0671 0.0000e+00
       2676     -0.336     1.7408   0.019837     0.1665     0.0696 0.0000e+00
       2677     -0.334     1.7415   0.020111     0.1689     0.0716 0.0000e+00
       2678     -0.333     1.7419   0.020119     0.1689     0.0716 0.0000e+00
       2679     -0.334     1.7419   0.019870     0.1668     0.0699 0.0000e+00
       2680     -0.336     1.7418   0.019572     0.1642     0.0677 0.0000e+00
       2681     -0.336     1.7418   0.019380     0.1625     0.0664 0.0000e+00
       2682     -0.335     1.7420   0.019333     0.1621     0.0660 0.0000e+00
       2683     -0.333     1.7424   0.019380     0.1625     0.0664 0.0000e+00
       2684     -0.330     1.7426   0.019388     0.1625     0.0664 0.0000e+00
       2685     -0.330     1.7426   0.019330     0.1620     0.0660 0.0000e+00
       2686     -0.331     1.7422   0.019278     0.1616     0.0657 0.0000e+00
       2687     -0.333     1.7403   0.019236     0.1612     0.0653 0.0000e+00
       2688     -0.336     1.7353   0.019142     0.1604     0.0645 0.0000e+00
       2689     -0.338     1.7269   0.018928     0.1586     0.0627 0.0000e+00
       2690     -0.335     1.7187   0.018607     0.1558     0.0601 0.0000e+00
       2691     -0.331     1.7151   0.018329     0.1534     0.0580 0.0000e+00
       2692     -0.330     1.7160   0.018174     0.1521     0.0569 0.0000e+00
       2693     -0.332     1.7182   0.018098     0.1514     0.0565 0.0000e+00
       2694     -0.333     1.7202   0.018150     0.1518     0.0569 0.0000e+00
       2695     -0.332     1.7221   0.018407     0.1541     0.0588 0.0000e+00
       2696     -0.333     1.7237   0.018782     0.1573     0.0615 0.0000e+00
       2697     -0.334     1.7250   0.019080     0.1599     0.0637 0.0000e+00
       2698     -0.333     1.7261   0.019106     0.1602     0.0639 0.0000e+00
       2699     -0.331     1.7269   0.018885     0.1582     0.0624 0.0000e+00
       2700     -0.331     1.7266   0.018637     0.1561     0.0606 0.0000e+00
       2701     -0.332     1.7244   0.018453     0.1545     0.0592 0.0000e+00
       2702     -0.335     1.7216   0.018290     0.1531     0.0580 0.0000e+00
       2703     -0.337     1.7203   0.018149     0.1518     0.0569 0.0000e+00
       2704     -0.335     1.7207   0.018054     0.1510     0.0562 0.0000e+00
       2705     -0.335     1.7218   0.018032     0.1508     0.0561 0.0000e+00
       2706     -0.338     1.7226   0.018064     0.1511     0.0564 0.0000e+00
       2707     -0.339 -9.990e-29   0.018092 -9.990e-29 -9.990e-29 0.0000e+00
