Datasets/Multi_Species/NEE535/ned535_2020_004.cnv
* Sea-Bird SBE19plus Data File:
* Filename = C:/AQUIRE/ned535_2020_004.hex
* Software Version AquireV2 AF V2.0
* Temperature SN =  4579
* Conductivity SN =  4579
* System UpLoad Time = Dec 05 2020 13:13:36
** VESSEL/TRIP/SEQ STN: ned535_2020_004
** LATITUDE: 51 02.83 N
** LONGITUDE: 50 45.15 W
** DATE/TIME: 2020-12-05 12:18
** SOUNDING DEPTH (M):  306
** PROBE TYPE: S4579
** CTD NUMBER: 004
** COMMENTS: 
# nquan = 7                                 
# nvalues = 3187                        
# units = specified
# name 0 = scan: Scan Count
# name 1 = prdM: Pressure, Strain Gauge [db]
# name 2 = tv290C: Temperature [ITS-90, deg C]
# name 3 = c0S/m: Conductivity [S/m]
# name 4 = sal00: Salinity, Practical [PSU]
# name 5 = sigma-t00: Density [sigma-t, kg/m^3 ]
# name 6 = flag: flag
# span 0 =          1,       3187       
# span 1 =     -0.201,    317.662       
# span 2 =     1.4956,     3.1883       
# span 3 =   0.008907,   3.160341       
# span 4 =     0.0722,    34.5851       
# span 5 =    -0.0084,    27.5409       
# span 6 = 0.0000e+00, 0.0000e+00       
# interval = seconds: 1
# start_time = Dec 05 2020 12:18:05 [Instrument's time stamp, header]
# bad_flag = -9.990e-29
*END*
[from data line 206]
        207     -0.101     2.3674   0.042238     0.3587     0.2451 0.0000e+00
        208     -0.098     2.3676   0.042708     0.3629     0.2485 0.0000e+00
        209     -0.097     2.3678   0.045428     0.3870     0.2680 0.0000e+00
        210     -0.098     2.3678   0.048095     0.4107     0.2872 0.0000e+00
        211     -0.101     2.3678   0.048155     0.4112     0.2876 0.0000e+00
        212     -0.102     2.3680   0.047104     0.4019     0.2801 0.0000e+00
        213     -0.101     2.3682   0.046793     0.3991     0.2778 0.0000e+00
        214     -0.103     2.3682   0.046457     0.3961     0.2754 0.0000e+00
        215     -0.102     2.3682   0.045984     0.3919     0.2720 0.0000e+00
        216     -0.097     2.3683   0.045746     0.3898     0.2703 0.0000e+00
        217     -0.096     2.3685   0.045099     0.3841     0.2656 0.0000e+00
        218     -0.098     2.3685   0.044322     0.3772     0.2601 0.0000e+00
        219     -0.097     2.3686   0.044362     0.3775     0.2604 0.0000e+00
        220     -0.096     2.3689   0.045158     0.3846     0.2661 0.0000e+00
        221     -0.096     2.3691   0.045883     0.3910     0.2713 0.0000e+00
        222     -0.097     2.3693   0.046577     0.3972     0.2763 0.0000e+00
        223     -0.098     2.3695   0.047480     0.4052     0.2828 0.0000e+00
        224     -0.096     2.3697   0.052737     0.4520     0.3208 0.0000e+00
        225     -0.094     2.3697   0.064217     0.5552     0.4043 0.0000e+00
        226     -0.094     2.3698   0.071542     0.6214     0.4579 0.0000e+00
        227     -0.097     2.3700   0.069819     0.6058     0.4453 0.0000e+00
        228     -0.099     2.3701   0.067448     0.5843     0.4279 0.0000e+00
        229     -0.099     2.3701   0.069508     0.6030     0.4430 0.0000e+00
        230     -0.099     2.3703   0.076330     0.6649     0.4932 0.0000e+00
        231     -0.097     2.3704   0.081858     0.7154     0.5340 0.0000e+00
        232     -0.095     2.3705   0.077135     0.6723     0.4991 0.0000e+00
        233     -0.095     2.3706   0.074400     0.6474     0.4789 0.0000e+00
        234     -0.093     2.3708   0.074284     0.6463     0.4781 0.0000e+00
        235     -0.088     2.3712   0.059829     0.5156     0.3723 0.0000e+00
        236     -0.085     2.3715   0.041662     0.3536     0.2410 0.0000e+00
        237     -0.081     2.3716   0.031482     0.2641     0.1685 0.0000e+00
        238     -0.071     2.3716   0.036621     0.3092     0.2050 0.0000e+00
        239     -0.047     2.3488   0.211307     1.9387     1.5209 0.0000e+00
        240      0.022     2.2317   1.088859    11.1958     8.9372 0.0000e+00
        241      0.157     2.0012   2.357911    26.1030    20.8509 0.0000e+00
        242      0.287     1.7768   2.914921    33.1936    26.5410 0.0000e+00
        243      0.334     1.6529   2.911223    33.2779    26.6174 0.0000e+00
        244      0.317     1.6031   2.907359    33.2818    26.6240 0.0000e+00
        245      0.283     1.5836   2.907083    33.2990    26.6392 0.0000e+00
        246      0.253     1.5736   2.906106    33.2973    26.6385 0.0000e+00
        247      0.241     1.5612   2.902985    33.2709    26.6182 0.0000e+00
        248      0.249     1.5466   2.899948    33.2480    26.6008 0.0000e+00
        249      0.256     1.5355   2.898100    33.2363    26.5922 0.0000e+00
        250      0.257     1.5301   2.897648    33.2363    26.5926 0.0000e+00
        251      0.273     1.5285   2.897946    33.2418    26.5971 0.0000e+00
        252      0.295     1.5295   2.897886    33.2400    26.5956 0.0000e+00
        253      0.299     1.5355   2.898195    33.2375    26.5932 0.0000e+00
        254      0.281     1.5443   2.898930    33.2375    26.5926 0.0000e+00
        255      0.240     1.5441   2.898358    33.2305    26.5870 0.0000e+00
        256      0.183     1.5326   2.896997    33.2255    26.5837 0.0000e+00
        257      0.137     1.5229   2.896573    33.2304    26.5884 0.0000e+00
        258      0.119     1.5202   2.896285    33.2296    26.5879 0.0000e+00
        259      0.120     1.5196   2.894915    33.2129    26.5745 0.0000e+00
        260      0.133     1.5188   2.893397    33.1945    26.5599 0.0000e+00
        261      0.157     1.5175   2.893519    33.1974    26.5623 0.0000e+00
        262      0.191     1.5163   2.894781    33.2147    26.5762 0.0000e+00
        263      0.231     1.5162   2.895169    33.2197    26.5802 0.0000e+00
        264      0.260     1.5167   2.894597    33.2119    26.5739 0.0000e+00
        265      0.266     1.5160   2.894063    33.2059    26.5691 0.0000e+00
        266      0.249     1.5143   2.893762    33.2039    26.5676 0.0000e+00
        267      0.213     1.5122   2.893467    33.2024    26.5666 0.0000e+00
        268      0.178     1.5105   2.893003    33.1983    26.5634 0.0000e+00
        269      0.156     1.5093   2.892828    33.1974    26.5628 0.0000e+00
        270      0.145     1.5088   2.893357    33.2046    26.5686 0.0000e+00
        271      0.148     1.5087   2.893870    33.2112    26.5739 0.0000e+00
        272      0.163     1.5088   2.893732    33.2094    26.5724 0.0000e+00
        273      0.175     1.5088   2.893306    33.2040    26.5681 0.0000e+00
        274      0.199     1.5112   2.893512    33.2040    26.5680 0.0000e+00
        275      0.245     1.5168   2.894480    33.2103    26.5726 0.0000e+00
        276      0.261     1.5198   2.894884    33.2122    26.5740 0.0000e+00
        277      0.220     1.5170   2.894584    33.2114    26.5735 0.0000e+00
        278      0.183     1.5135   2.894799    33.2179    26.5789 0.0000e+00
        279      0.187     1.5122   2.895353    33.2263    26.5858 0.0000e+00
        280      0.200     1.5115   2.895355    33.2270    26.5864 0.0000e+00
        281      0.203     1.5115   2.895032    33.2229    26.5831 0.0000e+00
        282      0.225     1.5152   2.895568    33.2258    26.5852 0.0000e+00
        283      0.283     1.5219   2.896548    33.2311    26.5890 0.0000e+00
        284      0.336     1.5239   2.896393    33.2270    26.5855 0.0000e+00
        285      0.331     1.5181   2.895107    33.2168    26.5778 0.0000e+00
        286      0.270     1.5113   2.894024    33.2103    26.5730 0.0000e+00
        287      0.198     1.5073   2.893970    33.2139    26.5762 0.0000e+00
        288      0.151     1.5049   2.892448    33.1972    26.5630 0.0000e+00
        289      0.131     1.5033   2.880959    33.0534    26.4477 0.0000e+00
        290      0.122     1.5025   2.872328    32.9450    26.3607 0.0000e+00
        291      0.115     1.5022   2.882600    33.0754    26.4654 0.0000e+00
        292      0.111     1.5018   2.891590    33.1897    26.5571 0.0000e+00
        293      0.106     1.5012   2.891706    33.1918    26.5588 0.0000e+00
        294      0.098     1.5008   2.892408    33.2011    26.5663 0.0000e+00
        295      0.095     1.5009   2.891061    33.1839    26.5526 0.0000e+00
        296      0.102     1.5008   2.888993    33.1578    26.5316 0.0000e+00
        297      0.104     1.5002   2.890073    33.1721    26.5431 0.0000e+00
        298      0.102     1.5000   2.891215    33.1868    26.5549 0.0000e+00
        299      0.098     1.5000   2.891576    33.1914    26.5586 0.0000e+00
        300      0.093     1.4999   2.892940    33.2088    26.5726 0.0000e+00
        301      0.099     1.4994   2.893314    33.2141    26.5768 0.0000e+00
        302      0.109     1.4991   2.890757    33.1820    26.5511 0.0000e+00
        303      0.110     1.4990   2.888946    33.1591    26.5328 0.0000e+00
        304      0.110     1.4992   2.891502    33.1913    26.5586 0.0000e+00
        305      0.121     1.4994   2.893633    33.2181    26.5801 0.0000e+00
        306      0.138     1.4997   2.893657    33.2181    26.5800 0.0000e+00
        307      0.142     1.4998   2.893842    33.2203    26.5818 0.0000e+00
        308      0.138     1.5002   2.894035    33.2223    26.5834 0.0000e+00
        309      0.158     1.5013   2.894277    33.2242    26.5849 0.0000e+00
        310      0.209     1.5025   2.894475    33.2254    26.5857 0.0000e+00
        311      0.270     1.5036   2.894583    33.2256    26.5858 0.0000e+00
        312      0.300     1.5039   2.894561    33.2250    26.5853 0.0000e+00
        313      0.276     1.5030   2.894385    33.2237    26.5843 0.0000e+00
        314      0.243     1.5023   2.894348    33.2240    26.5846 0.0000e+00
        315      0.229     1.5026   2.894435    33.2248    26.5852 0.0000e+00
        316      0.212     1.5029   2.894474    33.2250    26.5854 0.0000e+00
        317      0.202     1.5029   2.894520    33.2256    26.5858 0.0000e+00
        318      0.209     1.5032   2.894550    33.2256    26.5859 0.0000e+00
        319      0.223     1.5035   2.894570    33.2256    26.5858 0.0000e+00
        320      0.242     1.5036   2.894623    33.2261    26.5862 0.0000e+00
        321      0.271     1.5034   2.894680    33.2270    26.5870 0.0000e+00
        322      0.322     1.5037   2.894759    33.2277    26.5875 0.0000e+00
        323      0.380     1.5051   2.894851    33.2273    26.5871 0.0000e+00
        324      0.421     1.5066   2.894908    33.2264    26.5863 0.0000e+00
        325      0.449     1.5069   2.894851    33.2254    26.5854 0.0000e+00
        326      0.487     1.5054   2.894612    33.2239    26.5843 0.0000e+00
        327      0.584     1.5028   2.894273    33.2223    26.5832 0.0000e+00
        328      0.814     1.5002   2.894051    33.2221    26.5833 0.0000e+00
        329      1.142     1.4986   2.894054    33.2237    26.5846 0.0000e+00
        330      1.370     1.4981   2.894121    33.2249    26.5857 0.0000e+00
        331      1.392     1.4980   2.894104    33.2248    26.5856 0.0000e+00
        332      1.328     1.4978   2.894069    33.2246    26.5854 0.0000e+00
        333      1.309     1.4977   2.894109    33.2252    26.5859 0.0000e+00
        334      1.329     1.4979   2.894161    33.2257    26.5863 0.0000e+00
        335      1.361     1.4979   2.894147    33.2255    26.5861 0.0000e+00
        336      1.432     1.4976   2.894097    33.2251    26.5858 0.0000e+00
        337      1.541     1.4971   2.894071    33.2253    26.5860 0.0000e+00
        338      1.600     1.4966   2.894061    33.2256    26.5863 0.0000e+00
        339      1.545     1.4965   2.894042    33.2255    26.5862 0.0000e+00
        340      1.429     1.4968   2.894042    33.2253    26.5860 0.0000e+00
        341      1.316     1.4973   2.894086    33.2254    26.5861 0.0000e+00
        342      1.208     1.4977   2.894117    33.2254    26.5861 0.0000e+00
        343      1.106     1.4979   2.894102    33.2251    26.5858 0.0000e+00
        344      1.036     1.4981   2.894093    33.2248    26.5855 0.0000e+00
        345      0.989     1.4981   2.894112    33.2250    26.5857 0.0000e+00
        346      0.922     1.4982   2.894139    33.2253    26.5859 0.0000e+00
        347      0.820     1.4982   2.894121    33.2251    26.5858 0.0000e+00
        348      0.709     1.4979   2.894054    33.2247    26.5855 0.0000e+00
        349      0.648     1.4975   2.894018    33.2247    26.5855 0.0000e+00
        350      0.630     1.4974   2.894034    33.2250    26.5857 0.0000e+00
        351      0.616     1.4975   2.894036    33.2249    26.5857 0.0000e+00
        352      0.664     1.4977   2.894025    33.2245    26.5854 0.0000e+00
        353      0.765     1.4979   2.894063    33.2248    26.5855 0.0000e+00
        354      0.770     1.4983   2.894095    33.2247    26.5855 0.0000e+00
        355      0.670     1.4981   2.894064    33.2246    26.5854 0.0000e+00
        356      0.582     1.4975   2.894023    33.2248    26.5856 0.0000e+00
        357      0.525     1.4972   2.894001    33.2248    26.5856 0.0000e+00
        358      0.466     1.4971   2.894012    33.2251    26.5859 0.0000e+00
        359      0.412     1.4971   2.894032    33.2254    26.5861 0.0000e+00
        360      0.376     1.4971   2.894012    33.2252    26.5859 0.0000e+00
        361      0.358     1.4968   2.893976    33.2250    26.5858 0.0000e+00
        362      0.361     1.4965   2.893956    33.2251    26.5859 0.0000e+00
        363      0.398     1.4963   2.893943    33.2251    26.5859 0.0000e+00
        364      0.445     1.4962   2.893941    33.2252    26.5860 0.0000e+00
        365      0.468     1.4965   2.893966    33.2252    26.5860 0.0000e+00
        366      0.474     1.4973   2.894027    33.2251    26.5858 0.0000e+00
        367      0.480     1.4983   2.894097    33.2249    26.5856 0.0000e+00
        368      0.485     1.4993   2.894162    33.2247    26.5854 0.0000e+00
        369      0.456     1.5000   2.894208    33.2245    26.5852 0.0000e+00
        370      0.387     1.5000   2.894195    33.2244    26.5851 0.0000e+00
        371      0.324     1.4993   2.894123    33.2243    26.5850 0.0000e+00
        372      0.298     1.4983   2.894061    33.2246    26.5853 0.0000e+00
        373      0.314     1.4975   2.894023    33.2249    26.5857 0.0000e+00
        374      0.361     1.4972   2.894000    33.2249    26.5857 0.0000e+00
        375      0.395     1.4971   2.893998    33.2250    26.5858 0.0000e+00
        376      0.385     1.4972   2.894003    33.2250    26.5857 0.0000e+00
        377      0.356     1.4973   2.894010    33.2249    26.5857 0.0000e+00
        378      0.342     1.4975   2.894053    33.2253    26.5860 0.0000e+00
        379      0.364     1.4979   2.894109    33.2256    26.5862 0.0000e+00
        380      0.406     1.4979   2.894110    33.2256    26.5862 0.0000e+00
        381      0.426     1.4977   2.894066    33.2252    26.5859 0.0000e+00
        382      0.429     1.4976   2.894065    33.2253    26.5860 0.0000e+00
        383      0.449     1.4977   2.894106    33.2257    26.5863 0.0000e+00
        384      0.478     1.4981   2.894115    33.2254    26.5860 0.0000e+00
        385      0.491     1.4987   2.894117    33.2247    26.5855 0.0000e+00
        386      0.507     1.4992   2.894136    33.2244    26.5852 0.0000e+00
        387      0.547     1.4994   2.894156    33.2245    26.5852 0.0000e+00
        388      0.584     1.4996   2.894168    33.2244    26.5851 0.0000e+00
        389      0.580     1.4995   2.894166    33.2245    26.5852 0.0000e+00
        390      0.534     1.4994   2.894169    33.2246    26.5853 0.0000e+00
        391      0.484     1.4994   2.894195    33.2250    26.5856 0.0000e+00
        392      0.462     1.4996   2.894208    33.2250    26.5856 0.0000e+00
        393      0.471     1.4996   2.894178    33.2246    26.5853 0.0000e+00
        394      0.502     1.4994   2.894133    33.2242    26.5850 0.0000e+00
        395      0.551     1.4993   2.894108    33.2240    26.5848 0.0000e+00
        396      0.618     1.4993   2.894112    33.2240    26.5848 0.0000e+00
        397      0.702     1.4997   2.894153    33.2240    26.5848 0.0000e+00
        398      0.751     1.5002   2.894205    33.2241    26.5849 0.0000e+00
        399      0.703     1.5004   2.894218    33.2241    26.5848 0.0000e+00
        400      0.597     1.5003   2.894198    33.2240    26.5848 0.0000e+00
        401      0.513     1.5001   2.894170    33.2239    26.5847 0.0000e+00
        402      0.465     1.4999   2.894139    33.2238    26.5846 0.0000e+00
        403      0.423     1.4998   2.894110    33.2235    26.5844 0.0000e+00
        404      0.401     1.4999   2.894107    33.2234    26.5843 0.0000e+00
        405      0.445     1.5002   2.894127    33.2233    26.5842 0.0000e+00
        406      0.532     1.5004   2.894152    33.2234    26.5842 0.0000e+00
        407      0.590     1.5006   2.894172    33.2234    26.5842 0.0000e+00
        408      0.607     1.5006   2.894186    33.2235    26.5844 0.0000e+00
        409      0.619     1.5008   2.894192    33.2234    26.5842 0.0000e+00
        410      0.647     1.5007   2.894185    33.2234    26.5842 0.0000e+00
