Datasets/Multi_Species/NEE535/ned535_2020_019.cnv
* Sea-Bird SBE19plus Data File:
* Filename = C:/AQUIRE/ned535_2020_019.hex
* Software Version AquireV2 AF V2.0
* Temperature SN =  4579
* Conductivity SN =  4579
* System UpLoad Time = Dec 10 2020 18:27:01
** VESSEL/TRIP/SEQ STN: ned535_2020_019
** LATITUDE: 50 23.95 N
** LONGITUDE: 55 19.43 W
** DATE/TIME: 2020-12-10 17:33
** SOUNDING DEPTH (M):  235
** PROBE TYPE: S4579
** CTD NUMBER:  18
** COMMENTS: 
# nquan = 7                                 
# nvalues = 3032                        
# units = specified
# name 0 = scan: Scan Count
# name 1 = prdM: Pressure, Strain Gauge [db]
# name 2 = tv290C: Temperature [ITS-90, deg C]
# name 3 = c0S/m: Conductivity [S/m]
# name 4 = sal00: Salinity, Practical [PSU]
# name 5 = sigma-t00: Density [sigma-t, kg/m^3 ]
# name 6 = flag: flag
# span 0 =          1,       3032       
# span 1 =     -0.243,    236.361       
# span 2 =     0.1093,     2.1210       
# span 3 =   0.005229,   2.884328       
# span 4 =     0.0410,    33.5751       
# span 5 =    -0.0257,    26.9051       
# span 6 = 0.0000e+00, 0.0000e+00       
# interval = seconds: 1
# start_time = Dec 10 2020 17:33:53 [Instrument's time stamp, header]
# bad_flag = -9.990e-29
*END*
[from data line 2872]
       2873     -0.226     1.0315   0.017292     0.1474     0.0237 0.0000e+00
       2874     -0.228     1.0314   0.017307     0.1475     0.0238 0.0000e+00
       2875     -0.230     1.0312   0.017325     0.1477     0.0239 0.0000e+00
       2876     -0.230     1.0311   0.017623     0.1503     0.0261 0.0000e+00
       2877     -0.229     1.0311   0.019944     0.1711     0.0430 0.0000e+00
       2878     -0.228     1.0309   0.032314     0.2829     0.1344 0.0000e+00
       2879     -0.228     1.0307   0.057464     0.5157     0.3242 0.0000e+00
       2880     -0.230     1.0307   0.076203     0.6925     0.4682 0.0000e+00
       2881     -0.235     1.0305   0.075938     0.6900     0.4661 0.0000e+00
       2882     -0.236     1.0305   0.068896     0.6233     0.4118 0.0000e+00
       2883     -0.232     1.0306   0.065317     0.5895     0.3843 0.0000e+00
       2884     -0.230     1.0307   0.069394     0.6280     0.4156 0.0000e+00
       2885     -0.232     1.0307   0.080413     0.7326     0.5008 0.0000e+00
       2886     -0.237     1.0305   0.086863     0.7942     0.5509 0.0000e+00
       2887     -0.239     1.0305   0.084935     0.7757     0.5359 0.0000e+00
       2888     -0.237     1.0303   0.082528     0.7528     0.5172 0.0000e+00
       2889     -0.234     1.0301   0.082925     0.7566     0.5203 0.0000e+00
       2890     -0.233     1.0301   0.083274     0.7599     0.5230 0.0000e+00
       2891     -0.231     1.0301   0.080625     0.7346     0.5024 0.0000e+00
       2892     -0.228     1.0301   0.074736     0.6786     0.4568 0.0000e+00
       2893     -0.227     1.0301   0.068244     0.6171     0.4068 0.0000e+00
       2894     -0.227     1.0299   0.063788     0.5751     0.3725 0.0000e+00
       2895     -0.228     1.0299   0.061811     0.5565     0.3574 0.0000e+00
       2896     -0.230     1.0298   0.061102     0.5498     0.3519 0.0000e+00
       2897     -0.230     1.0297   0.060410     0.5433     0.3466 0.0000e+00
       2898     -0.228     1.0297   0.059393     0.5338     0.3389 0.0000e+00
       2899     -0.224     1.0297   0.058477     0.5252     0.3319 0.0000e+00
       2900     -0.222     1.0297   0.057572     0.5167     0.3249 0.0000e+00
       2901     -0.222     1.0297   0.056100     0.5029     0.3137 0.0000e+00
       2902     -0.223     1.0296   0.054486     0.4878     0.3014 0.0000e+00
       2903     -0.228     1.0295   0.053423     0.4779     0.2933 0.0000e+00
       2904     -0.235     1.0294   0.052341     0.4678     0.2851 0.0000e+00
       2905     -0.239     1.0294   0.050420     0.4499     0.2705 0.0000e+00
       2906     -0.241     1.0293   0.048209     0.4294     0.2537 0.0000e+00
       2907     -0.241     1.0293   0.046906     0.4173     0.2439 0.0000e+00
       2908     -0.239     1.0292   0.046743     0.4157     0.2426 0.0000e+00
       2909     -0.236     1.0291   0.046989     0.4180     0.2445 0.0000e+00
       2910     -0.234     1.0290   0.047003     0.4182     0.2446 0.0000e+00
       2911     -0.231     1.0290   0.046395     0.4125     0.2400 0.0000e+00
       2912     -0.232     1.0288   0.044908     0.3987     0.2288 0.0000e+00
       2913     -0.235     1.0288   0.043089     0.3819     0.2150 0.0000e+00
       2914     -0.234     1.0286   0.041811     0.3701     0.2054 0.0000e+00
       2915     -0.233     1.0286   0.041203     0.3645     0.2008 0.0000e+00
       2916     -0.234     1.0286   0.041013     0.3628     0.1994 0.0000e+00
       2917     -0.235     1.0286   0.041205     0.3645     0.2008 0.0000e+00
       2918     -0.234     1.0286   0.041579     0.3680     0.2037 0.0000e+00
       2919     -0.232     1.0286   0.041382     0.3662     0.2022 0.0000e+00
       2920     -0.231     1.0286   0.040198     0.3552     0.1933 0.0000e+00
       2921     -0.231     1.0286   0.038623     0.3407     0.1814 0.0000e+00
       2922     -0.231     1.0286   0.037501     0.3304     0.1730 0.0000e+00
       2923     -0.232     1.0285   0.037221     0.3279     0.1709 0.0000e+00
       2924     -0.234     1.0284   0.037637     0.3317     0.1740 0.0000e+00
       2925     -0.236     1.0284   0.038168     0.3366     0.1780 0.0000e+00
       2926     -0.236     1.0283   0.038181     0.3367     0.1781 0.0000e+00
       2927     -0.236     1.0283   0.037500     0.3304     0.1730 0.0000e+00
       2928     -0.236     1.0283   0.036402     0.3204     0.1648 0.0000e+00
       2929     -0.236     1.0283   0.035415     0.3113     0.1574 0.0000e+00
       2930     -0.235     1.0282   0.035077     0.3082     0.1549 0.0000e+00
       2931     -0.235     1.0282   0.035237     0.3097     0.1561 0.0000e+00
       2932     -0.238     1.0282   0.034979     0.3073     0.1541 0.0000e+00
       2933     -0.238     1.0282   0.033896     0.2974     0.1461 0.0000e+00
       2934     -0.235     1.0281   0.032599     0.2856     0.1364 0.0000e+00
       2935     -0.234     1.0280   0.031887     0.2791     0.1311 0.0000e+00
       2936     -0.235     1.0280   0.032785     0.2872     0.1378 0.0000e+00
       2937     -0.233     1.0280   0.042148     0.3732     0.2079 0.0000e+00
       2938     -0.231     1.0279   0.076186     0.6924     0.4680 0.0000e+00
       2939     -0.229     1.0278   0.115959     1.0751     0.7792 0.0000e+00
       2940     -0.228     1.0276   0.125065     1.1639     0.8514 0.0000e+00
       2941     -0.229     1.0275   0.123016     1.1439     0.8351 0.0000e+00
       2942     -0.231     1.0274   0.130966     1.2217     0.8983 0.0000e+00
       2943     -0.231     1.0273   0.135134     1.2626     0.9315 0.0000e+00
       2944     -0.232     1.0271   0.129432     1.2067     0.8861 0.0000e+00
       2945     -0.235     1.0270   0.119600     1.1106     0.8080 0.0000e+00
       2946     -0.238     1.0268   0.110224     1.0194     0.7339 0.0000e+00
       2947     -0.238     1.0266   0.102636     0.9460     0.6742 0.0000e+00
       2948     -0.237     1.0265   0.097351     0.8950     0.6327 0.0000e+00
       2949     -0.237     1.0264   0.092952     0.8527     0.5983 0.0000e+00
       2950     -0.237     1.0263   0.087226     0.7978     0.5536 0.0000e+00
       2951     -0.236     1.0263   0.080170     0.7304     0.4988 0.0000e+00
       2952     -0.234     1.0263   0.073514     0.6671     0.4473 0.0000e+00
       2953     -0.233     1.0263   0.068615     0.6207     0.4095 0.0000e+00
       2954     -0.234     1.0263   0.066100     0.5969     0.3902 0.0000e+00
       2955     -0.236     1.0263   0.065476     0.5911     0.3854 0.0000e+00
       2956     -0.237     1.0263   0.065434     0.5907     0.3850 0.0000e+00
       2957     -0.238     1.0263   0.064954     0.5861     0.3814 0.0000e+00
       2958     -0.238     1.0263   0.063393     0.5714     0.3694 0.0000e+00
       2959     -0.235     1.0263   0.060759     0.5467     0.3492 0.0000e+00
       2960     -0.234     1.0263   0.057953     0.5203     0.3277 0.0000e+00
       2961     -0.235     1.0263   0.056065     0.5026     0.3133 0.0000e+00
       2962     -0.234     1.0263   0.055376     0.4962     0.3081 0.0000e+00
       2963     -0.232     1.0265   0.054666     0.4896     0.3027 0.0000e+00
       2964     -0.231     1.0265   0.052776     0.4719     0.2883 0.0000e+00
       2965     -0.229     1.0265   0.050298     0.4488     0.2695 0.0000e+00
       2966     -0.228     1.0265   0.048545     0.4325     0.2562 0.0000e+00
       2967     -0.230     1.0265   0.048099     0.4284     0.2528 0.0000e+00
       2968     -0.232     1.0265   0.048322     0.4304     0.2545 0.0000e+00
       2969     -0.234     1.0265   0.048031     0.4277     0.2523 0.0000e+00
       2970     -0.235     1.0267   0.046839     0.4167     0.2433 0.0000e+00
       2971     -0.233     1.0267   0.045567     0.4049     0.2337 0.0000e+00
       2972     -0.229     1.0269   0.045426     0.4036     0.2326 0.0000e+00
       2973     -0.227     1.0269   0.046128     0.4101     0.2379 0.0000e+00
       2974     -0.228     1.0271   0.045852     0.4075     0.2358 0.0000e+00
       2975     -0.230     1.0271   0.044044     0.3908     0.2222 0.0000e+00
       2976     -0.232     1.0272   0.042136     0.3731     0.2078 0.0000e+00
       2977     -0.235     1.0272   0.041316     0.3656     0.2016 0.0000e+00
       2978     -0.239     1.0272   0.041238     0.3648     0.2010 0.0000e+00
       2979     -0.241     1.0272   0.041034     0.3630     0.1995 0.0000e+00
       2980     -0.242     1.0271   0.040183     0.3551     0.1931 0.0000e+00
       2981     -0.242     1.0271   0.038648     0.3410     0.1816 0.0000e+00
       2982     -0.241     1.0271   0.037368     0.3292     0.1720 0.0000e+00
       2983     -0.239     1.0273   0.037347     0.3290     0.1718 0.0000e+00
       2984     -0.238     1.0275   0.038173     0.3366     0.1780 0.0000e+00
       2985     -0.238     1.0277   0.038512     0.3397     0.1806 0.0000e+00
       2986     -0.239     1.0277   0.037723     0.3325     0.1747 0.0000e+00
       2987     -0.239     1.0277   0.036406     0.3204     0.1648 0.0000e+00
       2988     -0.237     1.0277   0.035511     0.3122     0.1581 0.0000e+00
       2989     -0.236     1.0276   0.035352     0.3107     0.1569 0.0000e+00
       2990     -0.239     1.0276   0.035364     0.3108     0.1570 0.0000e+00
       2991     -0.241     1.0275   0.034917     0.3067     0.1537 0.0000e+00
       2992     -0.241     1.0275   0.034070     0.2990     0.1473 0.0000e+00
       2993     -0.241     1.0275   0.033401     0.2929     0.1423 0.0000e+00
       2994     -0.238     1.0276   0.033360     0.2925     0.1420 0.0000e+00
       2995     -0.234     1.0277   0.033621     0.2949     0.1440 0.0000e+00
       2996     -0.232     1.0280   0.033445     0.2933     0.1427 0.0000e+00
       2997     -0.231     1.0282   0.032787     0.2873     0.1378 0.0000e+00
       2998     -0.231     1.0282   0.032384     0.2836     0.1348 0.0000e+00
       2999     -0.231     1.0282   0.032683     0.2863     0.1370 0.0000e+00
       3000     -0.232     1.0280   0.033154     0.2906     0.1405 0.0000e+00
       3001     -0.235     1.0280   0.032969     0.2889     0.1391 0.0000e+00
       3002     -0.238     1.0279   0.032116     0.2811     0.1328 0.0000e+00
       3003     -0.239     1.0278   0.031273     0.2735     0.1265 0.0000e+00
       3004     -0.238     1.0278   0.030885     0.2699     0.1236 0.0000e+00
       3005     -0.238     1.0278   0.030818     0.2693     0.1231 0.0000e+00
       3006     -0.237     1.0278   0.030657     0.2678     0.1219 0.0000e+00
       3007     -0.232     1.0278   0.030254     0.2642     0.1189 0.0000e+00
       3008     -0.229     1.0279   0.029889     0.2609     0.1162 0.0000e+00
       3009     -0.231     1.0279   0.029694     0.2591     0.1148 0.0000e+00
       3010     -0.237     1.0279   0.029469     0.2570     0.1131 0.0000e+00
       3011     -0.242     1.0280   0.029190     0.2545     0.1110 0.0000e+00
       3012     -0.243     1.0280   0.029166     0.2543     0.1109 0.0000e+00
       3013     -0.242     1.0280   0.029552     0.2578     0.1137 0.0000e+00
       3014     -0.242     1.0280   0.029934     0.2613     0.1166 0.0000e+00
       3015     -0.241     1.0280   0.029816     0.2602     0.1157 0.0000e+00
       3016     -0.238     1.0280   0.029179     0.2544     0.1110 0.0000e+00
       3017     -0.235     1.0280   0.028475     0.2480     0.1057 0.0000e+00
       3018     -0.235     1.0280   0.028268     0.2461     0.1042 0.0000e+00
       3019     -0.238     1.0280   0.028437     0.2477     0.1055 0.0000e+00
       3020     -0.240     1.0280   0.028306     0.2465     0.1045 0.0000e+00
       3021     -0.239     1.0282   0.027897     0.2428     0.1015 0.0000e+00
       3022     -0.238     1.0282   0.027739     0.2413     0.1003 0.0000e+00
       3023     -0.239     1.0282   0.027742     0.2414     0.1003 0.0000e+00
       3024     -0.241     1.0282   0.027540     0.2395     0.0988 0.0000e+00
       3025     -0.241     1.0282   0.027219     0.2366     0.0964 0.0000e+00
       3026     -0.239     1.0282   0.026969     0.2343     0.0946 0.0000e+00
       3027     -0.238     1.0282   0.026710     0.2320     0.0927 0.0000e+00
       3028     -0.239     1.0284   0.026370     0.2289     0.0902 0.0000e+00
       3029     -0.240     1.0284   0.026101     0.2265     0.0882 0.0000e+00
       3030     -0.238     1.0284   0.026125     0.2267     0.0884 0.0000e+00
       3031     -0.235     1.0284   0.026375     0.2290     0.0902 0.0000e+00
       3032     -0.233 -9.990e-29   0.026517 -9.990e-29 -9.990e-29 0.0000e+00
