Datasets/Multi_Species/NEE535/ned535_2020_005.cnv
* Sea-Bird SBE19plus Data File:
* Filename = C:/AQUIRE/ned535_2020_005.hex
* Software Version AquireV2 AF V2.0
* Temperature SN =  4579
* Conductivity SN =  4579
* System UpLoad Time = Dec 05 2020 15:27:15
** VESSEL/TRIP/SEQ STN: ned535_2020_005
** LATITUDE: 51 13.76 N
** LONGITUDE: 50 57.87 W
** DATE/TIME: 2020-12-05 14:37
** SOUNDING DEPTH (M):  270
** PROBE TYPE: S4579
** CTD NUMBER:   5
** COMMENTS: 
# nquan = 7                                 
# nvalues = 2687                        
# units = specified
# name 0 = scan: Scan Count
# name 1 = prdM: Pressure, Strain Gauge [db]
# name 2 = tv290C: Temperature [ITS-90, deg C]
# name 3 = c0S/m: Conductivity [S/m]
# name 4 = sal00: Salinity, Practical [PSU]
# name 5 = sigma-t00: Density [sigma-t, kg/m^3 ]
# name 6 = flag: flag
# span 0 =          1,       2687       
# span 1 =     -0.270,    271.974       
# span 2 =     1.1364,     3.0196       
# span 3 =   0.005005,   3.139597       
# span 4 =     0.0383,    34.5279       
# span 5 =    -0.0015,    27.5081       
# span 6 = 0.0000e+00, 0.0000e+00       
# interval = seconds: 1
# start_time = Dec 05 2020 14:37:32 [Instrument's time stamp, header]
# bad_flag = -9.990e-29
*END*
[from data line 1436]
       1437    267.574     2.9954   3.139000    34.5245    27.5060 0.0000e+00
       1438    267.573     2.9954   3.138999    34.5245    27.5059 0.0000e+00
       1439    267.572     2.9954   3.138999    34.5245    27.5059 0.0000e+00
       1440    267.583     2.9954   3.139006    34.5246    27.5060 0.0000e+00
       1441    267.605     2.9954   3.139009    34.5246    27.5060 0.0000e+00
       1442    267.626     2.9954   3.139003    34.5245    27.5060 0.0000e+00
       1443    267.638     2.9953   3.138982    34.5244    27.5059 0.0000e+00
       1444    267.649     2.9950   3.138945    34.5243    27.5058 0.0000e+00
       1445    267.668     2.9949   3.138929    34.5242    27.5057 0.0000e+00
       1446    267.683     2.9949   3.138938    34.5243    27.5058 0.0000e+00
       1447    267.683     2.9949   3.138933    34.5242    27.5057 0.0000e+00
       1448    267.684     2.9947   3.138910    34.5241    27.5057 0.0000e+00
       1449    267.706     2.9947   3.138901    34.5240    27.5056 0.0000e+00
       1450    267.741     2.9946   3.138907    34.5242    27.5057 0.0000e+00
       1451    267.770     2.9946   3.138911    34.5242    27.5058 0.0000e+00
       1452    267.798     2.9946   3.138909    34.5242    27.5057 0.0000e+00
       1453    267.837     2.9947   3.138908    34.5240    27.5056 0.0000e+00
       1454    267.876     2.9947   3.138913    34.5241    27.5056 0.0000e+00
       1455    267.904     2.9947   3.138919    34.5241    27.5057 0.0000e+00
       1456    267.924     2.9947   3.138925    34.5242    27.5057 0.0000e+00
       1457    267.945     2.9947   3.138926    34.5242    27.5057 0.0000e+00
       1458    267.968     2.9947   3.138930    34.5242    27.5058 0.0000e+00
       1459    267.985     2.9947   3.138948    34.5244    27.5059 0.0000e+00
       1460    267.981     2.9947   3.138945    34.5244    27.5059 0.0000e+00
       1461    267.957     2.9946   3.138910    34.5241    27.5057 0.0000e+00
       1462    267.940     2.9944   3.138889    34.5241    27.5057 0.0000e+00
       1463    267.948     2.9944   3.138899    34.5242    27.5058 0.0000e+00
       1464    267.974     2.9946   3.138909    34.5241    27.5057 0.0000e+00
       1465    268.011     2.9946   3.138902    34.5240    27.5056 0.0000e+00
       1466    268.055     2.9944   3.138903    34.5242    27.5057 0.0000e+00
       1467    268.098     2.9943   3.138904    34.5243    27.5058 0.0000e+00
       1468    268.121     2.9943   3.138907    34.5243    27.5059 0.0000e+00
       1469    268.119     2.9945   3.138915    34.5242    27.5057 0.0000e+00
       1470    268.111     2.9944   3.138898    34.5241    27.5057 0.0000e+00
       1471    268.109     2.9942   3.138865    34.5239    27.5055 0.0000e+00
       1472    268.109     2.9941   3.138845    34.5237    27.5054 0.0000e+00
       1473    268.108     2.9941   3.138846    34.5238    27.5055 0.0000e+00
       1474    268.110     2.9941   3.138860    34.5239    27.5056 0.0000e+00
       1475    268.119     2.9941   3.138861    34.5239    27.5056 0.0000e+00
       1476    268.132     2.9939   3.138842    34.5239    27.5056 0.0000e+00
       1477    268.142     2.9938   3.138823    34.5238    27.5055 0.0000e+00
       1478    268.145     2.9936   3.138806    34.5238    27.5055 0.0000e+00
       1479    268.146     2.9935   3.138792    34.5237    27.5055 0.0000e+00
       1480    268.158     2.9935   3.138793    34.5237    27.5055 0.0000e+00
       1481    268.184     2.9935   3.138800    34.5238    27.5055 0.0000e+00
       1482    268.213     2.9935   3.138795    34.5237    27.5055 0.0000e+00
       1483    268.235     2.9928   3.138715    34.5235    27.5054 0.0000e+00
       1484    268.249     2.9918   3.138577    34.5229    27.5049 0.0000e+00
       1485    268.259     2.9911   3.138483    34.5225    27.5047 0.0000e+00
       1486    268.274     2.9908   3.138461    34.5225    27.5048 0.0000e+00
       1487    268.291     2.9908   3.138472    34.5226    27.5049 0.0000e+00
       1488    268.301     2.9905   3.138450    34.5227    27.5049 0.0000e+00
       1489    268.304     2.9901   3.138391    34.5224    27.5047 0.0000e+00
       1490    268.312     2.9897   3.138354    34.5224    27.5047 0.0000e+00
       1491    268.334     2.9895   3.138343    34.5224    27.5048 0.0000e+00
       1492    268.366     2.9894   3.138323    34.5223    27.5047 0.0000e+00
       1493    268.400     2.9893   3.138294    34.5220    27.5045 0.0000e+00
       1494    268.429     2.9892   3.138281    34.5219    27.5044 0.0000e+00
       1495    268.456     2.9893   3.138281    34.5218    27.5043 0.0000e+00
       1496    268.490     2.9894   3.138295    34.5219    27.5044 0.0000e+00
       1497    268.532     2.9895   3.138327    34.5221    27.5046 0.0000e+00
       1498    268.570     2.9898   3.138371    34.5223    27.5047 0.0000e+00
       1499    268.593     2.9901   3.138405    34.5224    27.5047 0.0000e+00
       1500    268.602     2.9903   3.138426    34.5224    27.5047 0.0000e+00
       1501    268.608     2.9905   3.138445    34.5224    27.5047 0.0000e+00
       1502    268.626     2.9905   3.138458    34.5226    27.5049 0.0000e+00
       1503    268.663     2.9905   3.138453    34.5225    27.5048 0.0000e+00
       1504    268.706     2.9905   3.138451    34.5225    27.5048 0.0000e+00
       1505    268.746     2.9906   3.138471    34.5226    27.5048 0.0000e+00
       1506    268.782     2.9908   3.138493    34.5226    27.5048 0.0000e+00
       1507    268.809     2.9909   3.138504    34.5226    27.5048 0.0000e+00
       1508    268.816     2.9909   3.138508    34.5227    27.5049 0.0000e+00
       1509    268.804     2.9911   3.138520    34.5226    27.5048 0.0000e+00
       1510    268.793     2.9913   3.138535    34.5226    27.5048 0.0000e+00
       1511    268.798     2.9913   3.138545    34.5227    27.5049 0.0000e+00
       1512    268.814     2.9914   3.138561    34.5228    27.5049 0.0000e+00
       1513    268.834     2.9916   3.138589    34.5229    27.5050 0.0000e+00
       1514    268.859     2.9917   3.138611    34.5230    27.5051 0.0000e+00
       1515    268.892     2.9919   3.138627    34.5230    27.5051 0.0000e+00
       1516    268.919     2.9920   3.138638    34.5230    27.5051 0.0000e+00
       1517    268.921     2.9920   3.138634    34.5230    27.5050 0.0000e+00
       1518    268.906     2.9918   3.138604    34.5228    27.5049 0.0000e+00
       1519    268.899     2.9912   3.138528    34.5225    27.5048 0.0000e+00
       1520    268.905     2.9905   3.138437    34.5222    27.5045 0.0000e+00
       1521    268.905     2.9899   3.138379    34.5221    27.5045 0.0000e+00
       1522    268.891     2.9897   3.138356    34.5221    27.5045 0.0000e+00
       1523    268.881     2.9897   3.138351    34.5220    27.5045 0.0000e+00
       1524    268.889     2.9897   3.138364    34.5222    27.5046 0.0000e+00
       1525    268.907     2.9899   3.138398    34.5224    27.5047 0.0000e+00
       1526    268.921     2.9903   3.138438    34.5224    27.5047 0.0000e+00
       1527    268.927     2.9905   3.138460    34.5225    27.5047 0.0000e+00
       1528    268.932     2.9905   3.138454    34.5224    27.5047 0.0000e+00
       1529    268.932     2.9905   3.138435    34.5221    27.5045 0.0000e+00
       1530    268.925     2.9903   3.138422    34.5222    27.5046 0.0000e+00
       1531    268.916     2.9901   3.138411    34.5223    27.5046 0.0000e+00
       1532    268.911     2.9901   3.138407    34.5222    27.5046 0.0000e+00
       1533    268.915     2.9901   3.138409    34.5223    27.5046 0.0000e+00
       1534    268.926     2.9900   3.138398    34.5222    27.5046 0.0000e+00
       1535    268.935     2.9898   3.138382    34.5222    27.5046 0.0000e+00
       1536    268.938     2.9898   3.138372    34.5221    27.5045 0.0000e+00
       1537    268.930     2.9897   3.138353    34.5220    27.5045 0.0000e+00
       1538    268.908     2.9897   3.138340    34.5219    27.5043 0.0000e+00
       1539    268.872     2.9897   3.138341    34.5219    27.5044 0.0000e+00
       1540    268.833     2.9897   3.138340    34.5219    27.5044 0.0000e+00
       1541    268.802     2.9897   3.138343    34.5220    27.5044 0.0000e+00
       1542    268.781     2.9897   3.138349    34.5220    27.5045 0.0000e+00
       1543    268.765     2.9898   3.138353    34.5220    27.5044 0.0000e+00
       1544    268.761     2.9898   3.138360    34.5221    27.5045 0.0000e+00
       1545    268.772     2.9899   3.138369    34.5221    27.5045 0.0000e+00
       1546    268.789     2.9901   3.138371    34.5219    27.5043 0.0000e+00
       1547    268.798     2.9901   3.138372    34.5219    27.5043 0.0000e+00
       1548    268.800     2.9901   3.138381    34.5220    27.5044 0.0000e+00
       1549    268.805     2.9903   3.138385    34.5218    27.5043 0.0000e+00
       1550    268.812     2.9902   3.138376    34.5218    27.5043 0.0000e+00
       1551    268.812     2.9900   3.138355    34.5218    27.5042 0.0000e+00
       1552    268.802     2.9898   3.138335    34.5217    27.5042 0.0000e+00
       1553    268.783     2.9896   3.138320    34.5218    27.5043 0.0000e+00
       1554    268.763     2.9895   3.138302    34.5217    27.5042 0.0000e+00
       1555    268.752     2.9895   3.138302    34.5217    27.5042 0.0000e+00
       1556    268.754     2.9897   3.138322    34.5217    27.5042 0.0000e+00
       1557    268.766     2.9897   3.138338    34.5219    27.5044 0.0000e+00
       1558    268.785     2.9897   3.138342    34.5219    27.5044 0.0000e+00
       1559    268.809     2.9898   3.138352    34.5220    27.5044 0.0000e+00
       1560    268.831     2.9900   3.138366    34.5219    27.5043 0.0000e+00
       1561    268.850     2.9902   3.138387    34.5219    27.5043 0.0000e+00
       1562    268.875     2.9904   3.138413    34.5220    27.5044 0.0000e+00
       1563    268.903     2.9906   3.138436    34.5221    27.5044 0.0000e+00
       1564    268.930     2.9908   3.138458    34.5221    27.5044 0.0000e+00
       1565    268.954     2.9909   3.138468    34.5221    27.5044 0.0000e+00
       1566    268.973     2.9909   3.138470    34.5221    27.5044 0.0000e+00
       1567    268.985     2.9909   3.138472    34.5221    27.5045 0.0000e+00
       1568    268.997     2.9909   3.138471    34.5221    27.5044 0.0000e+00
       1569    269.014     2.9909   3.138477    34.5222    27.5045 0.0000e+00
       1570    269.037     2.9911   3.138492    34.5221    27.5044 0.0000e+00
       1571    269.063     2.9913   3.138511    34.5221    27.5044 0.0000e+00
       1572    269.093     2.9913   3.138526    34.5223    27.5046 0.0000e+00
       1573    269.124     2.9915   3.138541    34.5223    27.5045 0.0000e+00
       1574    269.145     2.9916   3.138546    34.5222    27.5044 0.0000e+00
       1575    269.154     2.9916   3.138545    34.5222    27.5044 0.0000e+00
       1576    269.160     2.9916   3.138543    34.5222    27.5044 0.0000e+00
       1577    269.170     2.9916   3.138551    34.5223    27.5045 0.0000e+00
       1578    269.181     2.9916   3.138566    34.5224    27.5046 0.0000e+00
       1579    269.200     2.9917   3.138574    34.5224    27.5046 0.0000e+00
       1580    269.239     2.9917   3.138579    34.5224    27.5046 0.0000e+00
       1581    269.295     2.9919   3.138591    34.5224    27.5045 0.0000e+00
       1582    269.345     2.9921   3.138608    34.5223    27.5045 0.0000e+00
       1583    269.377     2.9922   3.138624    34.5224    27.5045 0.0000e+00
       1584    269.394     2.9922   3.138633    34.5225    27.5046 0.0000e+00
       1585    269.400     2.9923   3.138635    34.5224    27.5045 0.0000e+00
       1586    269.398     2.9923   3.138632    34.5224    27.5045 0.0000e+00
       1587    269.390     2.9923   3.138630    34.5223    27.5045 0.0000e+00
       1588    269.382     2.9924   3.138636    34.5223    27.5045 0.0000e+00
       1589    269.379     2.9924   3.138657    34.5226    27.5047 0.0000e+00
       1590    269.397     2.9926   3.138683    34.5227    27.5047 0.0000e+00
       1591    269.437     2.9928   3.138713    34.5228    27.5048 0.0000e+00
       1592    269.481     2.9931   3.138751    34.5229    27.5049 0.0000e+00
       1593    269.519     2.9932   3.138774    34.5231    27.5050 0.0000e+00
       1594    269.559     2.9931   3.138751    34.5229    27.5048 0.0000e+00
       1595    269.604     2.9927   3.138683    34.5224    27.5045 0.0000e+00
       1596    269.643     2.9922   3.138623    34.5222    27.5044 0.0000e+00
       1597    269.667     2.9922   3.138618    34.5222    27.5043 0.0000e+00
       1598    269.678     2.9926   3.138677    34.5224    27.5045 0.0000e+00
       1599    269.678     2.9931   3.138754    34.5228    27.5048 0.0000e+00
       1600    269.672     2.9934   3.138805    34.5231    27.5050 0.0000e+00
       1601    269.660     2.9935   3.138818    34.5232    27.5051 0.0000e+00
       1602    269.652     2.9936   3.138818    34.5231    27.5050 0.0000e+00
       1603    269.663     2.9936   3.138823    34.5232    27.5050 0.0000e+00
       1604    269.700     2.9937   3.138831    34.5231    27.5050 0.0000e+00
       1605    269.755     2.9939   3.138847    34.5231    27.5049 0.0000e+00
       1606    269.807     2.9942   3.138875    34.5231    27.5049 0.0000e+00
       1607    269.834     2.9943   3.138890    34.5231    27.5049 0.0000e+00
       1608    269.835     2.9943   3.138888    34.5231    27.5049 0.0000e+00
       1609    269.832     2.9943   3.138892    34.5232    27.5050 0.0000e+00
       1610    269.837     2.9943   3.138904    34.5233    27.5051 0.0000e+00
       1611    269.846     2.9943   3.138907    34.5233    27.5051 0.0000e+00
       1612    269.852     2.9943   3.138909    34.5234    27.5051 0.0000e+00
       1613    269.861     2.9943   3.138912    34.5234    27.5051 0.0000e+00
       1614    269.879     2.9943   3.138905    34.5233    27.5051 0.0000e+00
       1615    269.901     2.9942   3.138891    34.5232    27.5050 0.0000e+00
       1616    269.916     2.9941   3.138866    34.5230    27.5049 0.0000e+00
       1617    269.925     2.9937   3.138819    34.5229    27.5048 0.0000e+00
       1618    269.936     2.9935   3.138795    34.5228    27.5047 0.0000e+00
       1619    269.955     2.9935   3.138819    34.5231    27.5049 0.0000e+00
       1620    269.974     2.9937   3.138845    34.5231    27.5050 0.0000e+00
       1621    269.986     2.9939   3.138858    34.5231    27.5049 0.0000e+00
       1622    269.994     2.9940   3.138880    34.5232    27.5051 0.0000e+00
       1623    270.001     2.9942   3.138899    34.5233    27.5050 0.0000e+00
       1624    270.010     2.9943   3.138902    34.5232    27.5050 0.0000e+00
       1625    270.021     2.9943   3.138903    34.5232    27.5050 0.0000e+00
       1626    270.028     2.9943   3.138918    34.5234    27.5051 0.0000e+00
       1627    270.029     2.9945   3.138941    34.5234    27.5052 0.0000e+00
       1628    270.040     2.9947   3.138963    34.5235    27.5052 0.0000e+00
       1629    270.069     2.9949   3.138991    34.5236    27.5052 0.0000e+00
       1630    270.100     2.9951   3.139013    34.5236    27.5053 0.0000e+00
       1631    270.116     2.9951   3.139013    34.5236    27.5053 0.0000e+00
       1632    270.122     2.9949   3.138993    34.5236    27.5052 0.0000e+00
       1633    270.133     2.9947   3.138978    34.5236    27.5053 0.0000e+00
       1634    270.154     2.9947   3.138984    34.5237    27.5053 0.0000e+00
       1635    270.175     2.9947   3.138992    34.5238    27.5054 0.0000e+00
       1636    270.191     2.9947   3.138985    34.5237    27.5053 0.0000e+00
       1637    270.200     2.9947   3.138971    34.5235    27.5052 0.0000e+00
       1638    270.206     2.9946   3.138952    34.5234    27.5051 0.0000e+00
       1639    270.217     2.9943   3.138925    34.5233    27.5051 0.0000e+00
       1640    270.237     2.9941   3.138903    34.5233    27.5051 0.0000e+00
       1641    270.264     2.9939   3.138898    34.5234    27.5052 0.0000e+00
