Datasets/Multi_Species/NEE535/ned535_2020_018.cnv
* Sea-Bird SBE19plus Data File:
* Filename = C:/AQUIRE/ned535_2020_018.hex
* Software Version AquireV2 AF V2.0
* Temperature SN =  4579
* Conductivity SN =  4579
* System UpLoad Time = Dec 08 2020 22:45:40
** VESSEL/TRIP/SEQ STN: ned535_2020_018
** LATITUDE: 51 24.32 N
** LONGITUDE: 51 19.00 W
** DATE/TIME: 2020-12-08 21:32
** SOUNDING DEPTH (M):  257
** PROBE TYPE: S4579
** CTD NUMBER:  17
** COMMENTS: 
# nquan = 7                                 
# nvalues = 3046                        
# units = specified
# name 0 = scan: Scan Count
# name 1 = prdM: Pressure, Strain Gauge [db]
# name 2 = tv290C: Temperature [ITS-90, deg C]
# name 3 = c0S/m: Conductivity [S/m]
# name 4 = sal00: Salinity, Practical [PSU]
# name 5 = sigma-t00: Density [sigma-t, kg/m^3 ]
# name 6 = flag: flag
# span 0 =          1,       3046       
# span 1 =     -0.298,    260.537       
# span 2 =     0.8088,     2.6838       
# span 3 =   0.006687,   3.102273       
# span 4 =     0.0540,    34.4135       
# span 5 =    -0.0439,    27.4452       
# span 6 = 0.0000e+00, 0.0000e+00       
# interval = seconds: 1
# start_time = Dec 08 2020 21:32:25 [Instrument's time stamp, header]
# bad_flag = -9.990e-29
*END*
[from data line 1642]
       1643    255.257     2.6506   3.098151    34.4005    27.4376 0.0000e+00
       1644    255.242     2.6512   3.098232    34.4009    27.4378 0.0000e+00
       1645    255.226     2.6515   3.098250    34.4008    27.4377 0.0000e+00
       1646    255.213     2.6513   3.098205    34.4004    27.4375 0.0000e+00
       1647    255.217     2.6509   3.098153    34.4002    27.4373 0.0000e+00
       1648    255.234     2.6507   3.098153    34.4004    27.4375 0.0000e+00
       1649    255.245     2.6506   3.098153    34.4005    27.4376 0.0000e+00
       1650    255.238     2.6505   3.098127    34.4003    27.4375 0.0000e+00
       1651    255.224     2.6500   3.098059    34.4000    27.4373 0.0000e+00
       1652    255.215     2.6491   3.097925    34.3994    27.4368 0.0000e+00
       1653    255.213     2.6486   3.097887    34.3994    27.4369 0.0000e+00
       1654    255.207     2.6490   3.097971    34.4000    27.4374 0.0000e+00
       1655    255.191     2.6496   3.098031    34.4001    27.4374 0.0000e+00
       1656    255.172     2.6500   3.098071    34.4002    27.4374 0.0000e+00
       1657    255.159     2.6500   3.098066    34.4002    27.4374 0.0000e+00
       1658    255.153     2.6494   3.097966    34.3996    27.4370 0.0000e+00
       1659    255.149     2.6482   3.097792    34.3987    27.4364 0.0000e+00
       1660    255.146     2.6468   3.097623    34.3982    27.4360 0.0000e+00
       1661    255.150     2.6460   3.097561    34.3982    27.4362 0.0000e+00
       1662    255.163     2.6458   3.097566    34.3985    27.4364 0.0000e+00
       1663    255.170     2.6457   3.097556    34.3985    27.4364 0.0000e+00
       1664    255.154     2.6456   3.097536    34.3984    27.4363 0.0000e+00
       1665    255.112     2.6456   3.097527    34.3983    27.4362 0.0000e+00
       1666    255.073     2.6456   3.097521    34.3982    27.4362 0.0000e+00
       1667    255.064     2.6455   3.097491    34.3980    27.4360 0.0000e+00
       1668    255.082     2.6453   3.097469    34.3979    27.4360 0.0000e+00
       1669    255.107     2.6452   3.097489    34.3982    27.4362 0.0000e+00
       1670    255.114     2.6454   3.097506    34.3982    27.4362 0.0000e+00
       1671    255.093     2.6452   3.097489    34.3983    27.4363 0.0000e+00
       1672    255.063     2.6448   3.097431    34.3980    27.4361 0.0000e+00
       1673    255.052     2.6441   3.097321    34.3974    27.4357 0.0000e+00
       1674    255.063     2.6434   3.097230    34.3970    27.4354 0.0000e+00
       1675    255.079     2.6435   3.097264    34.3973    27.4357 0.0000e+00
       1676    255.090     2.6441   3.097364    34.3979    27.4361 0.0000e+00
       1677    255.094     2.6446   3.097424    34.3981    27.4362 0.0000e+00
       1678    255.095     2.6445   3.097394    34.3978    27.4360 0.0000e+00
       1679    255.091     2.6436   3.097260    34.3972    27.4355 0.0000e+00
       1680    255.072     2.6425   3.097117    34.3966    27.4352 0.0000e+00
       1681    255.036     2.6418   3.097064    34.3967    27.4353 0.0000e+00
       1682    255.008     2.6411   3.096990    34.3966    27.4353 0.0000e+00
       1683    255.011     2.6398   3.096783    34.3954    27.4344 0.0000e+00
       1684    255.036     2.6387   3.096656    34.3950    27.4342 0.0000e+00
       1685    255.055     2.6387   3.096729    34.3959    27.4349 0.0000e+00
       1686    255.053     2.6388   3.096750    34.3960    27.4350 0.0000e+00
       1687    255.035     2.6382   3.096630    34.3952    27.4344 0.0000e+00
       1688    255.010     2.6372   3.096497    34.3947    27.4341 0.0000e+00
       1689    254.989     2.6362   3.096380    34.3943    27.4339 0.0000e+00
       1690    254.985     2.6350   3.096226    34.3937    27.4335 0.0000e+00
       1691    255.001     2.6337   3.096066    34.3931    27.4332 0.0000e+00
       1692    255.019     2.6327   3.095977    34.3931    27.4332 0.0000e+00
       1693    255.019     2.6326   3.095967    34.3931    27.4332 0.0000e+00
       1694    255.006     2.6327   3.096003    34.3934    27.4335 0.0000e+00
       1695    254.998     2.6325   3.095968    34.3932    27.4333 0.0000e+00
       1696    255.001     2.6315   3.095789    34.3921    27.4325 0.0000e+00
       1697    255.009     2.6301   3.095617    34.3915    27.4321 0.0000e+00
       1698    255.011     2.6295   3.095586    34.3917    27.4324 0.0000e+00
       1699    255.007     2.6296   3.095635    34.3922    27.4328 0.0000e+00
       1700    255.005     2.6299   3.095660    34.3922    27.4327 0.0000e+00
       1701    255.009     2.6300   3.095645    34.3919    27.4325 0.0000e+00
       1702    255.022     2.6296   3.095586    34.3916    27.4323 0.0000e+00
       1703    255.038     2.6287   3.095469    34.3911    27.4320 0.0000e+00
       1704    255.045     2.6278   3.095355    34.3907    27.4317 0.0000e+00
       1705    255.041     2.6272   3.095292    34.3906    27.4317 0.0000e+00
       1706    255.040     2.6266   3.095237    34.3905    27.4317 0.0000e+00
       1707    255.050     2.6260   3.095151    34.3901    27.4314 0.0000e+00
       1708    255.058     2.6252   3.095073    34.3900    27.4314 0.0000e+00
       1709    255.050     2.6247   3.095017    34.3898    27.4313 0.0000e+00
       1710    255.028     2.6243   3.094965    34.3896    27.4312 0.0000e+00
       1711    255.008     2.6242   3.094938    34.3894    27.4310 0.0000e+00
       1712    255.001     2.6242   3.094950    34.3896    27.4311 0.0000e+00
       1713    255.006     2.6243   3.094975    34.3898    27.4313 0.0000e+00
       1714    255.017     2.6243   3.094991    34.3900    27.4314 0.0000e+00
       1715    255.029     2.6240   3.094937    34.3896    27.4312 0.0000e+00
       1716    255.032     2.6233   3.094820    34.3889    27.4307 0.0000e+00
       1717    255.023     2.6228   3.094763    34.3888    27.4306 0.0000e+00
       1718    255.001     2.6229   3.094804    34.3892    27.4309 0.0000e+00
       1719    254.965     2.6231   3.094825    34.3892    27.4310 0.0000e+00
       1720    254.927     2.6227   3.094777    34.3891    27.4309 0.0000e+00
       1721    254.905     2.6224   3.094742    34.3890    27.4308 0.0000e+00
       1722    254.903     2.6224   3.094736    34.3889    27.4308 0.0000e+00
       1723    254.910     2.6224   3.094737    34.3889    27.4308 0.0000e+00
       1724    254.917     2.6224   3.094749    34.3891    27.4309 0.0000e+00
       1725    254.916     2.6224   3.094745    34.3890    27.4309 0.0000e+00
       1726    254.907     2.6224   3.094733    34.3889    27.4307 0.0000e+00
       1727    254.892     2.6223   3.094720    34.3889    27.4307 0.0000e+00
       1728    254.875     2.6220   3.094668    34.3885    27.4305 0.0000e+00
       1729    254.859     2.6217   3.094635    34.3885    27.4305 0.0000e+00
       1730    254.840     2.6219   3.094669    34.3887    27.4306 0.0000e+00
       1731    254.810     2.6221   3.094704    34.3889    27.4308 0.0000e+00
       1732    254.770     2.6219   3.094667    34.3887    27.4306 0.0000e+00
       1733    254.735     2.6209   3.094521    34.3880    27.4302 0.0000e+00
       1734    254.717     2.6198   3.094371    34.3873    27.4297 0.0000e+00
       1735    254.709     2.6196   3.094388    34.3878    27.4301 0.0000e+00
       1736    254.699     2.6201   3.094490    34.3885    27.4306 0.0000e+00
       1737    254.680     2.6202   3.094480    34.3883    27.4304 0.0000e+00
       1738    254.655     2.6195   3.094357    34.3875    27.4299 0.0000e+00
       1739    254.632     2.6186   3.094235    34.3870    27.4296 0.0000e+00
       1740    254.609     2.6179   3.094156    34.3868    27.4295 0.0000e+00
       1741    254.584     2.6173   3.094090    34.3866    27.4294 0.0000e+00
       1742    254.561     2.6168   3.094012    34.3862    27.4291 0.0000e+00
       1743    254.545     2.6166   3.093760    34.3833    27.4268 0.0000e+00
       1744    254.530     2.6166   3.093583    34.3812    27.4251 0.0000e+00
       1745    254.516     2.6166   3.093826    34.3842    27.4275 0.0000e+00
       1746    254.504     2.6166   3.094039    34.3868    27.4296 0.0000e+00
       1747    254.495     2.6166   3.094028    34.3867    27.4295 0.0000e+00
       1748    254.485     2.6166   3.094020    34.3866    27.4294 0.0000e+00
       1749    254.470     2.6168   3.094046    34.3867    27.4295 0.0000e+00
       1750    254.457     2.6174   3.094118    34.3869    27.4296 0.0000e+00
       1751    254.447     2.6182   3.094215    34.3873    27.4298 0.0000e+00
       1752    254.432     2.6185   3.094266    34.3876    27.4300 0.0000e+00
       1753    254.412     2.6184   3.094223    34.3872    27.4297 0.0000e+00
       1754    254.396     2.6178   3.094129    34.3867    27.4294 0.0000e+00
       1755    254.393     2.6174   3.094077    34.3865    27.4292 0.0000e+00
       1756    254.404     2.6171   3.094066    34.3866    27.4294 0.0000e+00
       1757    254.422     2.6170   3.094055    34.3866    27.4294 0.0000e+00
       1758    254.440     2.6168   3.094044    34.3867    27.4295 0.0000e+00
       1759    254.445     2.6169   3.094051    34.3867    27.4294 0.0000e+00
       1760    254.424     2.6170   3.094070    34.3868    27.4295 0.0000e+00
       1761    254.379     2.6172   3.094081    34.3867    27.4295 0.0000e+00
       1762    254.331     2.6174   3.094096    34.3867    27.4295 0.0000e+00
       1763    254.307     2.6174   3.094105    34.3869    27.4296 0.0000e+00
       1764    254.321     2.6174   3.094097    34.3868    27.4295 0.0000e+00
       1765    254.357     2.6172   3.094085    34.3868    27.4295 0.0000e+00
       1766    254.379     2.6170   3.094043    34.3865    27.4293 0.0000e+00
       1767    254.375     2.6170   3.093800    34.3835    27.4269 0.0000e+00
       1768    254.363     2.6172   3.093639    34.3813    27.4251 0.0000e+00
       1769    254.361     2.6174   3.093906    34.3844    27.4276 0.0000e+00
       1770    254.361     2.6174   3.094119    34.3870    27.4297 0.0000e+00
       1771    254.353     2.6171   3.094079    34.3868    27.4296 0.0000e+00
       1772    254.342     2.6165   3.094002    34.3865    27.4294 0.0000e+00
       1773    254.337     2.6160   3.093937    34.3863    27.4292 0.0000e+00
       1774    254.342     2.6158   3.093913    34.3862    27.4292 0.0000e+00
       1775    254.350     2.6157   3.093907    34.3862    27.4292 0.0000e+00
       1776    254.346     2.6157   3.093904    34.3862    27.4292 0.0000e+00
       1777    254.325     2.6157   3.093904    34.3862    27.4292 0.0000e+00
       1778    254.297     2.6157   3.093903    34.3862    27.4292 0.0000e+00
       1779    254.277     2.6157   3.093901    34.3862    27.4292 0.0000e+00
       1780    254.264     2.6155   3.093892    34.3863    27.4293 0.0000e+00
       1781    254.251     2.6155   3.093878    34.3861    27.4291 0.0000e+00
       1782    254.236     2.6155   3.093868    34.3860    27.4290 0.0000e+00
       1783    254.223     2.6154   3.093862    34.3861    27.4291 0.0000e+00
       1784    254.214     2.6154   3.093857    34.3860    27.4290 0.0000e+00
       1785    254.213     2.6154   3.093861    34.3861    27.4291 0.0000e+00
       1786    254.216     2.6154   3.093872    34.3862    27.4292 0.0000e+00
       1787    254.201     2.6154   3.093874    34.3862    27.4292 0.0000e+00
       1788    254.144     2.6154   3.093864    34.3861    27.4291 0.0000e+00
       1789    254.060     2.6154   3.093857    34.3861    27.4291 0.0000e+00
       1790    253.997     2.6154   3.093853    34.3861    27.4291 0.0000e+00
       1791    253.986     2.6155   3.093855    34.3860    27.4290 0.0000e+00
       1792    254.005     2.6155   3.093865    34.3861    27.4291 0.0000e+00
       1793    254.008     2.6155   3.093872    34.3862    27.4292 0.0000e+00
       1794    253.985     2.6155   3.093866    34.3861    27.4291 0.0000e+00
       1795    253.965     2.6155   3.093859    34.3861    27.4291 0.0000e+00
       1796    253.963     2.6154   3.093853    34.3861    27.4291 0.0000e+00
       1797    253.966     2.6154   3.093851    34.3861    27.4291 0.0000e+00
       1798    253.959     2.6154   3.093853    34.3861    27.4291 0.0000e+00
       1799    253.937     2.6154   3.093853    34.3861    27.4291 0.0000e+00
       1800    253.911     2.6154   3.093850    34.3861    27.4291 0.0000e+00
       1801    253.893     2.6154   3.093846    34.3860    27.4291 0.0000e+00
       1802    253.893     2.6154   3.093847    34.3861    27.4291 0.0000e+00
       1803    253.912     2.6154   3.093853    34.3861    27.4291 0.0000e+00
       1804    253.941     2.6154   3.093858    34.3862    27.4292 0.0000e+00
       1805    253.962     2.6155   3.093860    34.3861    27.4291 0.0000e+00
       1806    253.966     2.6155   3.093862    34.3861    27.4291 0.0000e+00
       1807    253.955     2.6155   3.093861    34.3861    27.4291 0.0000e+00
       1808    253.933     2.6155   3.093855    34.3860    27.4291 0.0000e+00
       1809    253.908     2.6154   3.093848    34.3861    27.4291 0.0000e+00
       1810    253.896     2.6155   3.093852    34.3860    27.4290 0.0000e+00
       1811    253.896     2.6155   3.093859    34.3861    27.4291 0.0000e+00
       1812    253.894     2.6155   3.093862    34.3861    27.4291 0.0000e+00
       1813    253.883     2.6155   3.093857    34.3861    27.4291 0.0000e+00
       1814    253.871     2.6155   3.093847    34.3860    27.4290 0.0000e+00
       1815    253.865     2.6154   3.093837    34.3860    27.4290 0.0000e+00
       1816    253.864     2.6153   3.093836    34.3860    27.4291 0.0000e+00
       1817    253.862     2.6153   3.093839    34.3861    27.4291 0.0000e+00
       1818    253.852     2.6154   3.093840    34.3860    27.4290 0.0000e+00
       1819    253.837     2.6154   3.093843    34.3860    27.4291 0.0000e+00
       1820    253.824     2.6154   3.093847    34.3861    27.4291 0.0000e+00
       1821    253.819     2.6154   3.093844    34.3861    27.4291 0.0000e+00
       1822    253.817     2.6154   3.093833    34.3859    27.4290 0.0000e+00
       1823    253.812     2.6154   3.093828    34.3859    27.4289 0.0000e+00
       1824    253.808     2.6154   3.093837    34.3860    27.4290 0.0000e+00
       1825    253.816     2.6155   3.093851    34.3860    27.4291 0.0000e+00
       1826    253.835     2.6155   3.093863    34.3862    27.4292 0.0000e+00
       1827    253.843     2.6155   3.093871    34.3863    27.4293 0.0000e+00
       1828    253.819     2.6155   3.093869    34.3863    27.4292 0.0000e+00
       1829    253.781     2.6155   3.093859    34.3862    27.4292 0.0000e+00
       1830    253.768     2.6155   3.093851    34.3861    27.4291 0.0000e+00
       1831    253.792     2.6155   3.093846    34.3860    27.4290 0.0000e+00
       1832    253.829     2.6155   3.093852    34.3861    27.4291 0.0000e+00
       1833    253.856     2.6155   3.093858    34.3861    27.4291 0.0000e+00
       1834    253.874     2.6155   3.093861    34.3861    27.4291 0.0000e+00
       1835    253.902     2.6155   3.093866    34.3862    27.4292 0.0000e+00
       1836    253.935     2.6155   3.093871    34.3862    27.4292 0.0000e+00
       1837    253.952     2.6155   3.093871    34.3862    27.4292 0.0000e+00
       1838    253.952     2.6155   3.093870    34.3862    27.4292 0.0000e+00
       1839    253.957     2.6155   3.093875    34.3863    27.4292 0.0000e+00
       1840    253.979     2.6155   3.093875    34.3862    27.4292 0.0000e+00
       1841    254.006     2.6155   3.093873    34.3862    27.4292 0.0000e+00
       1842    254.022     2.6155   3.093875    34.3862    27.4292 0.0000e+00
       1843    254.023     2.6155   3.093872    34.3862    27.4292 0.0000e+00
       1844    254.024     2.6155   3.093872    34.3862    27.4292 0.0000e+00
       1845    254.037     2.6155   3.093878    34.3863    27.4292 0.0000e+00
       1846    254.053     2.6155   3.093878    34.3862    27.4292 0.0000e+00
