Datasets/Multi_Species/NEE535/ned535_2020_010.cnv
* Sea-Bird SBE19plus Data File:
* Filename = C:/AQUIRE/ned535_2020_010.hex
* Software Version AquireV2 AF V2.0
* Temperature SN =  4579
* Conductivity SN =  4579
* System UpLoad Time = Dec 06 2020 18:01:48
** VESSEL/TRIP/SEQ STN: ned535_2020_010
** LATITUDE: 51 12.31 N
** LONGITUDE: 50 14.77 W
** DATE/TIME: 2020-12-06 16:53
** SOUNDING DEPTH (M):  572
** PROBE TYPE: S4579
** CTD NUMBER:  10
** COMMENTS: 
# nquan = 7                                 
# nvalues = 3998                        
# units = specified
# name 0 = scan: Scan Count
# name 1 = prdM: Pressure, Strain Gauge [db]
# name 2 = tv290C: Temperature [ITS-90, deg C]
# name 3 = c0S/m: Conductivity [S/m]
# name 4 = sal00: Salinity, Practical [PSU]
# name 5 = sigma-t00: Density [sigma-t, kg/m^3 ]
# name 6 = flag: flag
# span 0 =          1,       3998       
# span 1 =     -0.362,    588.418       
# span 2 =     1.2803,     4.0256       
# span 3 =   0.003341,   3.262773       
# span 4 =     0.0251,    34.8154       
# span 5 =    -0.0120,    27.6503       
# span 6 = 0.0000e+00, 0.0000e+00       
# interval = seconds: 1
# start_time = Dec 06 2020 16:53:32 [Instrument's time stamp, header]
# bad_flag = -9.990e-29
*END*
[from data line 2257]
       2258    582.636     3.8949   3.256602    34.8123    27.6478 0.0000e+00
       2259    582.618     3.8953   3.256618    34.8121    27.6476 0.0000e+00
       2260    582.595     3.8962   3.256677    34.8118    27.6473 0.0000e+00
       2261    582.573     3.8974   3.256777    34.8118    27.6471 0.0000e+00
       2262    582.554     3.8984   3.256853    34.8116    27.6469 0.0000e+00
       2263    582.538     3.8990   3.256872    34.8112    27.6465 0.0000e+00
       2264    582.525     3.8998   3.256953    34.8113    27.6465 0.0000e+00
       2265    582.517     3.9013   3.257087    34.8113    27.6464 0.0000e+00
       2266    582.510     3.9027   3.257183    34.8110    27.6460 0.0000e+00
       2267    582.499     3.9036   3.257250    34.8109    27.6458 0.0000e+00
       2268    582.484     3.9036   3.257236    34.8107    27.6456 0.0000e+00
       2269    582.469     3.9024   3.257119    34.8106    27.6457 0.0000e+00
       2270    582.459     3.9006   3.256975    34.8108    27.6460 0.0000e+00
       2271    582.451     3.8991   3.256870    34.8111    27.6464 0.0000e+00
       2272    582.434     3.8982   3.256819    34.8115    27.6468 0.0000e+00
       2273    582.405     3.8975   3.256768    34.8116    27.6470 0.0000e+00
       2274    582.369     3.8970   3.256721    34.8116    27.6471 0.0000e+00
       2275    582.337     3.8966   3.256697    34.8118    27.6472 0.0000e+00
       2276    582.311     3.8961   3.256658    34.8119    27.6473 0.0000e+00
       2277    582.285     3.8958   3.256633    34.8119    27.6474 0.0000e+00
       2278    582.254     3.8958   3.256645    34.8121    27.6475 0.0000e+00
       2279    582.222     3.8954   3.256613    34.8121    27.6476 0.0000e+00
       2280    582.200     3.8943   3.256520    34.8122    27.6478 0.0000e+00
       2281    582.187     3.8927   3.256394    34.8124    27.6481 0.0000e+00
       2282    582.170     3.8910   3.256270    34.8127    27.6485 0.0000e+00
       2283    582.149     3.8899   3.256196    34.8130    27.6489 0.0000e+00
       2284    582.139     3.8895   3.256165    34.8131    27.6490 0.0000e+00
       2285    582.140     3.8893   3.256151    34.8131    27.6490 0.0000e+00
       2286    582.137     3.8891   3.256149    34.8133    27.6492 0.0000e+00
       2287    582.117     3.8886   3.256104    34.8133    27.6493 0.0000e+00
       2288    582.082     3.8876   3.256005    34.8132    27.6493 0.0000e+00
       2289    582.045     3.8865   3.255916    34.8134    27.6495 0.0000e+00
       2290    582.014     3.8857   3.255863    34.8136    27.6498 0.0000e+00
       2291    581.989     3.8851   3.255841    34.8140    27.6501 0.0000e+00
       2292    581.966     3.8850   3.255842    34.8141    27.6503 0.0000e+00
       2293    581.946     3.8853   3.255851    34.8139    27.6501 0.0000e+00
       2294    581.930     3.8858   3.255884    34.8138    27.6499 0.0000e+00
       2295    581.918     3.8865   3.255946    34.8138    27.6498 0.0000e+00
       2296    581.905     3.8875   3.256020    34.8136    27.6496 0.0000e+00
       2297    581.882     3.8887   3.256111    34.8134    27.6493 0.0000e+00
       2298    581.849     3.8898   3.256185    34.8132    27.6490 0.0000e+00
       2299    581.816     3.8903   3.256205    34.8129    27.6487 0.0000e+00
       2300    581.794     3.8904   3.256205    34.8128    27.6487 0.0000e+00
       2301    581.784     3.8906   3.256222    34.8128    27.6486 0.0000e+00
       2302    581.776     3.8915   3.256300    34.8128    27.6485 0.0000e+00
       2303    581.768     3.8939   3.256494    34.8125    27.6481 0.0000e+00
       2304    581.763     3.8984   3.256868    34.8122    27.6474 0.0000e+00
       2305    581.759     3.9038   3.257305    34.8117    27.6464 0.0000e+00
       2306    581.748     3.9080   3.257572    34.8104    27.6449 0.0000e+00
       2307    581.718     3.9100   3.257642    34.8091    27.6437 0.0000e+00
       2308    581.662     3.9105   3.257646    34.8087    27.6433 0.0000e+00
       2309    581.595     3.9103   3.257629    34.8087    27.6434 0.0000e+00
       2310    581.552     3.9096   3.257584    34.8090    27.6436 0.0000e+00
       2311    581.543     3.9084   3.257505    34.8093    27.6440 0.0000e+00
       2312    581.551     3.9066   3.257365    34.8095    27.6444 0.0000e+00
       2313    581.560     3.9046   3.257214    34.8099    27.6449 0.0000e+00
       2314    581.568     3.9032   3.257122    34.8102    27.6453 0.0000e+00
       2315    581.573     3.9027   3.257099    34.8105    27.6456 0.0000e+00
       2316    581.567     3.9029   3.257119    34.8105    27.6456 0.0000e+00
       2317    581.553     3.9039   3.257195    34.8104    27.6453 0.0000e+00
       2318    581.535     3.9055   3.257331    34.8103    27.6451 0.0000e+00
       2319    581.514     3.9076   3.257489    34.8100    27.6446 0.0000e+00
       2320    581.492     3.9101   3.257667    34.8095    27.6440 0.0000e+00
       2321    581.466     3.9127   3.257868    34.8091    27.6434 0.0000e+00
       2322    581.440     3.9141   3.257968    34.8088    27.6430 0.0000e+00
       2323    581.417     3.9135   3.257891    34.8086    27.6429 0.0000e+00
       2324    581.400     3.9113   3.257705    34.8087    27.6432 0.0000e+00
       2325    581.389     3.9081   3.257452    34.8091    27.6439 0.0000e+00
       2326    581.385     3.9053   3.257243    34.8096    27.6445 0.0000e+00
       2327    581.387     3.9043   3.257210    34.8102    27.6452 0.0000e+00
       2328    581.392     3.9049   3.257295    34.8106    27.6454 0.0000e+00
       2329    581.397     3.9064   3.257409    34.8104    27.6451 0.0000e+00
       2330    581.398     3.9089   3.257584    34.8098    27.6444 0.0000e+00
       2331    581.391     3.9119   3.257815    34.8094    27.6437 0.0000e+00
       2332    581.373     3.9145   3.257997    34.8088    27.6430 0.0000e+00
       2333    581.340     3.9161   3.258082    34.8081    27.6423 0.0000e+00
       2334    581.303     3.9169   3.258128    34.8078    27.6420 0.0000e+00
       2335    581.275     3.9175   3.258165    34.8076    27.6418 0.0000e+00
       2336    581.259     3.9181   3.258186    34.8073    27.6414 0.0000e+00
       2337    581.249     3.9183   3.258201    34.8072    27.6414 0.0000e+00
       2338    581.239     3.9180   3.258194    34.8075    27.6416 0.0000e+00
       2339    581.231     3.9171   3.258131    34.8077    27.6418 0.0000e+00
       2340    581.222     3.9158   3.258039    34.8080    27.6422 0.0000e+00
       2341    581.208     3.9147   3.257953    34.8081    27.6424 0.0000e+00
       2342    581.190     3.9136   3.257876    34.8084    27.6428 0.0000e+00
       2343    581.173     3.9129   3.257838    34.8087    27.6431 0.0000e+00
       2344    581.157     3.9128   3.257837    34.8088    27.6432 0.0000e+00
       2345    581.136     3.9126   3.257817    34.8088    27.6432 0.0000e+00
       2346    581.109     3.9115   3.257722    34.8088    27.6433 0.0000e+00
       2347    581.086     3.9099   3.257592    34.8090    27.6436 0.0000e+00
       2348    581.073     3.9086   3.257514    34.8094    27.6441 0.0000e+00
       2349    581.066     3.9074   3.257445    34.8099    27.6446 0.0000e+00
       2350    581.060     3.9062   3.257352    34.8101    27.6449 0.0000e+00
       2351    581.048     3.9057   3.257311    34.8101    27.6450 0.0000e+00
       2352    581.024     3.9059   3.257341    34.8103    27.6451 0.0000e+00
       2353    580.989     3.9065   3.257387    34.8102    27.6449 0.0000e+00
       2354    580.950     3.9068   3.257407    34.8101    27.6449 0.0000e+00
       2355    580.913     3.9071   3.257418    34.8100    27.6447 0.0000e+00
       2356    580.880     3.9080   3.257468    34.8096    27.6443 0.0000e+00
       2357    580.852     3.9092   3.257564    34.8095    27.6441 0.0000e+00
       2358    580.837     3.9104   3.257665    34.8095    27.6439 0.0000e+00
       2359    580.830     3.9113   3.257731    34.8093    27.6437 0.0000e+00
       2360    580.820     3.9120   3.257767    34.8090    27.6434 0.0000e+00
       2361    580.801     3.9122   3.257776    34.8089    27.6433 0.0000e+00
       2362    580.776     3.9120   3.257754    34.8089    27.6433 0.0000e+00
       2363    580.745     3.9118   3.257726    34.8088    27.6432 0.0000e+00
       2364    580.705     3.9115   3.257704    34.8088    27.6433 0.0000e+00
       2365    580.663     3.9113   3.257687    34.8089    27.6434 0.0000e+00
       2366    580.631     3.9111   3.257677    34.8090    27.6435 0.0000e+00
       2367    580.612     3.9109   3.257666    34.8091    27.6436 0.0000e+00
       2368    580.600     3.9108   3.257653    34.8090    27.6435 0.0000e+00
       2369    580.589     3.9106   3.257641    34.8091    27.6436 0.0000e+00
       2370    580.575     3.9105   3.257636    34.8091    27.6437 0.0000e+00
       2371    580.553     3.9105   3.257630    34.8091    27.6436 0.0000e+00
       2372    580.522     3.9105   3.257624    34.8090    27.6436 0.0000e+00
       2373    580.481     3.9105   3.257627    34.8091    27.6436 0.0000e+00
       2374    580.433     3.9105   3.257627    34.8091    27.6437 0.0000e+00
       2375    580.385     3.9103   3.257613    34.8092    27.6437 0.0000e+00
       2376    580.339     3.9101   3.257588    34.8091    27.6437 0.0000e+00
       2377    580.300     3.9095   3.257549    34.8093    27.6439 0.0000e+00
       2378    580.268     3.9088   3.257498    34.8095    27.6441 0.0000e+00
       2379    580.240     3.9081   3.257445    34.8096    27.6443 0.0000e+00
       2380    580.211     3.9075   3.257400    34.8097    27.6444 0.0000e+00
       2381    580.179     3.9070   3.257368    34.8099    27.6446 0.0000e+00
       2382    580.148     3.9067   3.257349    34.8100    27.6447 0.0000e+00
       2383    580.115     3.9067   3.257333    34.8098    27.6446 0.0000e+00
       2384    580.076     3.9064   3.257308    34.8099    27.6447 0.0000e+00
       2385    580.035     3.9059   3.257259    34.8098    27.6447 0.0000e+00
       2386    579.995     3.9051   3.257202    34.8100    27.6449 0.0000e+00
       2387    579.948     3.9047   3.257180    34.8102    27.6451 0.0000e+00
       2388    579.892     3.9046   3.257178    34.8103    27.6452 0.0000e+00
       2389    579.843     3.9036   3.257111    34.8106    27.6456 0.0000e+00
       2390    579.807     3.9019   3.256972    34.8108    27.6459 0.0000e+00
       2391    579.767     3.9005   3.256863    34.8110    27.6462 0.0000e+00
       2392    579.711     3.9000   3.256851    34.8114    27.6466 0.0000e+00
       2393    579.640     3.9002   3.256883    34.8116    27.6467 0.0000e+00
       2394    579.570     3.9008   3.256913    34.8114    27.6464 0.0000e+00
       2395    579.516     3.9016   3.256964    34.8111    27.6462 0.0000e+00
       2396    579.479     3.9026   3.257036    34.8110    27.6459 0.0000e+00
       2397    579.449     3.9038   3.257119    34.8107    27.6456 0.0000e+00
       2398    579.416     3.9047   3.257182    34.8105    27.6454 0.0000e+00
       2399    579.381     3.9048   3.257177    34.8104    27.6452 0.0000e+00
       2400    579.345     3.9047   3.257149    34.8102    27.6451 0.0000e+00
       2401    579.309     3.9045   3.257138    34.8103    27.6452 0.0000e+00
       2402    579.267     3.9044   3.257129    34.8103    27.6452 0.0000e+00
       2403    579.211     3.9044   3.257118    34.8102    27.6451 0.0000e+00
       2404    579.142     3.9046   3.257126    34.8101    27.6450 0.0000e+00
       2405    579.069     3.9051   3.257160    34.8100    27.6449 0.0000e+00
       2406    579.000     3.9054   3.257188    34.8101    27.6449 0.0000e+00
       2407    578.941     3.9055   3.257184    34.8099    27.6448 0.0000e+00
       2408    578.886     3.9055   3.257169    34.8098    27.6447 0.0000e+00
       2409    578.825     3.9053   3.257161    34.8099    27.6448 0.0000e+00
       2410    578.763     3.9053   3.257164    34.8100    27.6449 0.0000e+00
       2411    578.713     3.9059   3.257207    34.8099    27.6448 0.0000e+00
       2412    578.679     3.9063   3.257244    34.8099    27.6447 0.0000e+00
       2413    578.648     3.9059   3.257200    34.8099    27.6447 0.0000e+00
       2414    578.601     3.9051   3.257116    34.8097    27.6447 0.0000e+00
       2415    578.535     3.9042   3.257044    34.8099    27.6449 0.0000e+00
       2416    578.468     3.9035   3.257002    34.8101    27.6452 0.0000e+00
       2417    578.415     3.9032   3.256996    34.8104    27.6454 0.0000e+00
       2418    578.370     3.9032   3.256997    34.8104    27.6455 0.0000e+00
       2419    578.317     3.9035   3.257000    34.8102    27.6452 0.0000e+00
       2420    578.247     3.9043   3.257067    34.8102    27.6451 0.0000e+00
       2421    578.172     3.9058   3.257199    34.8102    27.6450 0.0000e+00
       2422    578.106     3.9074   3.257308    34.8098    27.6445 0.0000e+00
       2423    578.053     3.9083   3.257359    34.8095    27.6442 0.0000e+00
       2424    578.011     3.9089   3.257389    34.8093    27.6439 0.0000e+00
       2425    577.973     3.9094   3.257422    34.8091    27.6438 0.0000e+00
       2426    577.934     3.9097   3.257445    34.8091    27.6437 0.0000e+00
       2427    577.897     3.9097   3.257442    34.8091    27.6437 0.0000e+00
       2428    577.861     3.9097   3.257436    34.8090    27.6437 0.0000e+00
       2429    577.824     3.9090   3.257399    34.8094    27.6440 0.0000e+00
       2430    577.776     3.9074   3.257258    34.8094    27.6442 0.0000e+00
       2431    577.708     3.9051   3.257075    34.8097    27.6447 0.0000e+00
       2432    577.636     3.9030   3.256911    34.8100    27.6452 0.0000e+00
       2433    577.581     3.9013   3.256785    34.8104    27.6456 0.0000e+00
       2434    577.544     3.9005   3.256749    34.8108    27.6460 0.0000e+00
       2435    577.511     3.9007   3.256794    34.8111    27.6463 0.0000e+00
       2436    577.472     3.9013   3.256843    34.8111    27.6462 0.0000e+00
       2437    577.425     3.9013   3.256827    34.8109    27.6461 0.0000e+00
       2438    577.376     3.9006   3.256765    34.8110    27.6462 0.0000e+00
       2439    577.334     3.8997   3.256685    34.8110    27.6463 0.0000e+00
       2440    577.301     3.8987   3.256606    34.8111    27.6465 0.0000e+00
       2441    577.271     3.8979   3.256543    34.8112    27.6467 0.0000e+00
       2442    577.246     3.8971   3.256490    34.8115    27.6469 0.0000e+00
       2443    577.231     3.8966   3.256447    34.8115    27.6470 0.0000e+00
       2444    577.224     3.8967   3.256449    34.8114    27.6469 0.0000e+00
       2445    577.210     3.8977   3.256534    34.8114    27.6468 0.0000e+00
       2446    577.181     3.8995   3.256684    34.8113    27.6465 0.0000e+00
       2447    577.143     3.9017   3.256849    34.8109    27.6460 0.0000e+00
       2448    577.104     3.9033   3.256960    34.8106    27.6456 0.0000e+00
       2449    577.069     3.9042   3.256998    34.8101    27.6451 0.0000e+00
       2450    577.029     3.9042   3.256980    34.8099    27.6449 0.0000e+00
       2451    576.978     3.9038   3.256942    34.8099    27.6450 0.0000e+00
       2452    576.926     3.9040   3.256971    34.8101    27.6451 0.0000e+00
       2453    576.881     3.9047   3.257037    34.8101    27.6451 0.0000e+00
       2454    576.845     3.9051   3.257049    34.8099    27.6448 0.0000e+00
       2455    576.819     3.9051   3.257036    34.8097    27.6447 0.0000e+00
       2456    576.805     3.9053   3.257054    34.8097    27.6447 0.0000e+00
       2457    576.798     3.9058   3.257089    34.8096    27.6445 0.0000e+00
       2458    576.794     3.9061   3.257115    34.8096    27.6445 0.0000e+00
       2459    576.789     3.9062   3.257117    34.8095    27.6444 0.0000e+00
       2460    576.775     3.9059   3.257095    34.8096    27.6445 0.0000e+00
       2461    576.752     3.9056   3.257065    34.8096    27.6445 0.0000e+00
