Datasets/Multi_Species/NEE535/ned535_2020_020.cnv
* Sea-Bird SBE25plus Data File
* Filename = ned535_2020_020
* Software Version AquireV2 AF V2.0
* System UpLoad Time = Dec 12 2020 15:51:56
** VESSEL/TRIP/SEQ STN: ned535_2020_020
** LATITUDE: 47 32.60 N
** LONGITUDE: 52 34.76 W
** DATE/TIME: 2020-12-12 15:13
** SOUNDING DEPTH (M):  174
** PROBE TYPE: S1098
** CTD NUMBER:    
** COMMENTS (14 CHAR): Stn 27
# nquan = 8
# nvalues = 17833                       
# units = specified
# name 0 = scan: Scan Count
# name 1 = prdM: Pressure, Strain Gauge [db]
# name 2 = t090C: Temperature [ITS-90, deg C]
# name 3 = c0S/m: Conductivity [S/m]
# name 4 = flECO-AFL: Fluorescence, WET Labs ECO-AFL/FL [mg/m^3]
# name 5 = sal00: Salinity, Practical [PSU]
# name 6 = sigma-t00: Density [sigma-t, kg/m^3 ]
# name 7 = flag: flag
# span 0 =          2,      35665       
# span 1 =      0.464,    169.889       
# span 2 =    -9.7790,     8.0454       
# span 3 =  -0.003758,   3.085490       
# span 4 =    -0.1261,    36.4669       
# span 5 =     0.0000,    33.1351       
# span 6 =    -1.7835,    26.6153       
# span 7 = 0.0000e+00, 0.0000e+00       
# interval = scans: 2                   
# start_time = Dec 12 2020 15:13:45 [Instrument's time stamp, header]
# bad_flag = -9.990e-29
*END*
[from data line 7731]
      15464    103.116    -0.1896   2.710695     6.4792    32.5864    26.1666 0.0000e+00
      15466    103.220    -0.1894   2.710732     6.4810    32.5866    26.1668 0.0000e+00
      15468    103.319    -0.1901   2.710668     6.4792    32.5866    26.1667 0.0000e+00
      15470    103.409    -0.1908   2.710643     6.4801    32.5870    26.1671 0.0000e+00
      15472    103.492    -0.1890   2.710832     6.4772    32.5874    26.1673 0.0000e+00
      15474    103.567    -0.1889   2.710833     6.4477    32.5872    26.1672 0.0000e+00
      15476    103.628    -0.1909   2.710664     6.4496    32.5872    26.1672 0.0000e+00
      15478    103.679    -0.1891   2.710775     6.4487    32.5867    26.1668 0.0000e+00
      15480    103.719    -0.1883   2.710857     6.4487    32.5869    26.1669 0.0000e+00
      15482    103.745    -0.1899   2.710757     6.4505    32.5872    26.1673 0.0000e+00
      15484    103.759    -0.1907   2.710662     6.4487    32.5870    26.1670 0.0000e+00
      15486    103.760    -0.1910   2.710675     6.4496    32.5872    26.1673 0.0000e+00
      15488    103.749    -0.1909   2.710655     6.4487    32.5870    26.1671 0.0000e+00
      15490    103.725    -0.1906   2.710691     6.4601    32.5872    26.1672 0.0000e+00
      15492    103.690    -0.1915   2.710604     6.4830    32.5870    26.1671 0.0000e+00
      15494    103.643    -0.1908   2.710619     6.4810    32.5865    26.1666 0.0000e+00
      15496    103.586    -0.1907   2.710631     6.4810    32.5866    26.1667 0.0000e+00
      15498    103.521    -0.1904   2.710608     6.4782    32.5859    26.1662 0.0000e+00
      15500    103.446    -0.1913   2.710517     6.4792    32.5858    26.1660 0.0000e+00
      15502    103.364    -0.1913   2.710469     6.4801    32.5852    26.1656 0.0000e+00
      15504    103.274    -0.1912   2.710468     6.4801    32.5851    26.1656 0.0000e+00
      15506    103.182    -0.1908   2.710471     6.4792    32.5848    26.1653 0.0000e+00
      15508    103.086    -0.1921   2.710420     6.4792    32.5855    26.1660 0.0000e+00
      15510    102.988    -0.1929   2.710377     6.4801    32.5859    26.1663 0.0000e+00
      15512    102.892    -0.1926   2.710444     6.4810    32.5866    26.1668 0.0000e+00
      15514    102.795    -0.1921   2.710444     6.4792    32.5860    26.1663 0.0000e+00
      15516    102.700    -0.1917   2.710454     6.4792    32.5858    26.1662 0.0000e+00
      15518    102.612    -0.1910   2.710504     6.4792    32.5857    26.1660 0.0000e+00
      15520    102.532    -0.1903   2.710574     6.4801    32.5859    26.1662 0.0000e+00
      15522    102.459    -0.1901   2.710589     6.4810    32.5860    26.1662 0.0000e+00
      15524    102.393    -0.1907   2.710560     6.4792    32.5863    26.1666 0.0000e+00
      15526    102.338    -0.1927   2.710410     6.5077    32.5865    26.1668 0.0000e+00
      15528    102.296    -0.1970   2.710068     6.5097    32.5865    26.1670 0.0000e+00
      15530    102.265    -0.2015   2.709674     6.5106    32.5862    26.1669 0.0000e+00
      15532    102.245    -0.2051   2.709330     6.5106    32.5855    26.1664 0.0000e+00
      15534    102.237    -0.2068   2.709169     6.5106    32.5852    26.1663 0.0000e+00
      15536    102.243    -0.2065   2.709119     6.5106    32.5842    26.1655 0.0000e+00
      15538    102.261    -0.2046   2.709318     6.5097    32.5848    26.1658 0.0000e+00
      15540    102.292    -0.2018   2.709530     6.5097    32.5846    26.1656 0.0000e+00
      15542    102.336    -0.2067   2.709048     6.5039    32.5833    26.1649 0.0000e+00
      15544    102.393    -0.2107   2.708749     6.4792    32.5837    26.1653 0.0000e+00
      15546    102.460    -0.2114   2.708761     6.4801    32.5846    26.1660 0.0000e+00
      15548    102.538    -0.2116   2.708766     6.4810    32.5848    26.1662 0.0000e+00
      15550    102.628    -0.2086   2.709039     6.4801    32.5851    26.1664 0.0000e+00
      15552    102.725    -0.2008   2.709721     6.4801    32.5858    26.1666 0.0000e+00
      15554    102.829    -0.1950   2.710226     6.4782    32.5862    26.1666 0.0000e+00
      15556    102.941    -0.1949   2.710236     6.4801    32.5862    26.1666 0.0000e+00
      15558    103.058    -0.1962   2.710127     6.4801    32.5861    26.1666 0.0000e+00
      15560    103.179    -0.1977   2.710053     6.4810    32.5866    26.1671 0.0000e+00
      15562    103.305    -0.1975   2.710099     6.4792    32.5870    26.1673 0.0000e+00
      15564    103.438    -0.1972   2.710131     6.4792    32.5870    26.1673 0.0000e+00
      15566    103.573    -0.1945   2.710388     6.4810    32.5874    26.1675 0.0000e+00
      15568    103.711    -0.1918   2.710622     6.4810    32.5876    26.1676 0.0000e+00
      15570    103.852    -0.1895   2.710870     6.4801    32.5883    26.1681 0.0000e+00
      15572    103.994    -0.1744   2.712359     6.4810    32.5918    26.1703 0.0000e+00
      15574    104.136    -0.1472   2.714927     6.4801    32.5966    26.1729 0.0000e+00
      15576    104.278    -0.1278   2.716700     6.4810    32.5992    26.1741 0.0000e+00
      15578    104.418    -0.1207   2.717523     6.5049    32.6024    26.1764 0.0000e+00
      15580    104.554    -0.1150   2.718450     6.5115    32.6085    26.1810 0.0000e+00
      15582    104.686    -0.1167   2.718450     6.5097    32.6103    26.1825 0.0000e+00
      15584    104.814    -0.1320   2.717283     6.5106    32.6111    26.1839 0.0000e+00
      15586    104.935    -0.1486   2.716417     6.5106    32.6173    26.1897 0.0000e+00
      15588    105.051    -0.1581   2.715969     6.5097    32.6215    26.1934 0.0000e+00
      15590    105.161    -0.1689   2.715376     6.5106    32.6251    26.1969 0.0000e+00
      15592    105.262    -0.1822   2.714505     6.5115    32.6278    26.1996 0.0000e+00
      15594    105.355    -0.1913   2.713857     6.5097    32.6289    26.2009 0.0000e+00
      15596    105.438    -0.1991   2.713357     6.4810    32.6305    26.2026 0.0000e+00
      15598    105.513    -0.1954   2.713356     6.4810    32.6265    26.1991 0.0000e+00
      15600    105.578    -0.1905   2.713717     6.4792    32.6260    26.1986 0.0000e+00
      15602    105.633    -0.1832   2.714261     6.4782    32.6253    26.1977 0.0000e+00
      15604    105.678    -0.1812   2.714408     6.4810    32.6253    26.1975 0.0000e+00
      15606    105.714    -0.1767   2.714743     6.4801    32.6247    26.1970 0.0000e+00
      15608    105.741    -0.1850   2.714150     6.4801    32.6259    26.1982 0.0000e+00
      15610    105.759    -0.2005   2.713178     6.4801    32.6295    26.2018 0.0000e+00
      15612    105.767    -0.2172   2.712169     6.4801    32.6340    26.2062 0.0000e+00
      15614    105.766    -0.2216   2.711716     6.4792    32.6326    26.2053 0.0000e+00
      15616    105.759    -0.2268   2.711396     6.4792    32.6340    26.2067 0.0000e+00
      15618    105.745    -0.2215   2.711567     6.4792    32.6306    26.2036 0.0000e+00
      15620    105.723    -0.2183   2.711786     6.4792    32.6300    26.2030 0.0000e+00
      15622    105.691    -0.2158   2.711873     6.4801    32.6286    26.2017 0.0000e+00
      15624    105.652    -0.2161   2.711821     6.4810    32.6283    26.2015 0.0000e+00
      15626    105.604    -0.2137   2.711886     6.4801    32.6266    26.2000 0.0000e+00
      15628    105.548    -0.2109   2.712086     6.4810    32.6263    26.1996 0.0000e+00
      15630    105.487    -0.2094   2.712218     6.4944    32.6264    26.1997 0.0000e+00
      15632    105.418    -0.2037   2.712455     6.5106    32.6236    26.1972 0.0000e+00
      15634    105.343    -0.2054   2.712476     6.5106    32.6257    26.1990 0.0000e+00
      15636    105.262    -0.2032   2.712604     6.5106    32.6251    26.1983 0.0000e+00
      15638    105.178    -0.1991   2.712809     6.5106    32.6235    26.1968 0.0000e+00
      15640    105.088    -0.1961   2.713020     6.5115    32.6230    26.1964 0.0000e+00
      15642    104.995    -0.1923   2.713415     6.5115    32.6243    26.1973 0.0000e+00
      15644    104.898    -0.1871   2.713934     6.5115    32.6257    26.1981 0.0000e+00
      15646    104.798    -0.1820   2.714350     6.5106    32.6257    26.1979 0.0000e+00
      15648    104.697    -0.1755   2.714721     6.5115    32.6238    26.1961 0.0000e+00
      15650    104.599    -0.1736   2.714861     6.5106    32.6237    26.1960 0.0000e+00
      15652    104.501    -0.1716   2.714970     6.5106    32.6230    26.1953 0.0000e+00
      15654    104.404    -0.1708   2.715002     6.5106    32.6226    26.1949 0.0000e+00
      15656    104.310    -0.1654   2.715340     6.5106    32.6215    26.1938 0.0000e+00
      15658    104.222    -0.1617   2.715538     6.5106    32.6201    26.1926 0.0000e+00
      15660    104.138    -0.1534   2.715923     6.5106    32.6164    26.1891 0.0000e+00
      15662    104.061    -0.1466   2.716398     6.5125    32.6154    26.1882 0.0000e+00
      15664    103.992    -0.1441   2.716612     6.5087    32.6156    26.1881 0.0000e+00
      15666    103.928    -0.1412   2.716873     6.4801    32.6161    26.1883 0.0000e+00
      15668    103.872    -0.1344   2.717085     6.4810    32.6116    26.1844 0.0000e+00
      15670    103.826    -0.1336   2.716816     6.4801    32.6072    26.1809 0.0000e+00
      15672    103.789    -0.1423   2.715692     6.4801    32.6017    26.1769 0.0000e+00
      15674    103.763    -0.1528   2.714472     6.4820    32.5967    26.1732 0.0000e+00
      15676    103.748    -0.1592   2.713757     6.4801    32.5941    26.1715 0.0000e+00
      15678    103.746    -0.1562   2.714120     6.4820    32.5958    26.1726 0.0000e+00
      15680    103.756    -0.1502   2.714949     6.4810    32.6004    26.1761 0.0000e+00
      15682    103.775    -0.1466   2.715271     6.4792    32.6008    26.1762 0.0000e+00
      15684    103.805    -0.1531   2.714394     6.4801    32.5960    26.1727 0.0000e+00
      15686    103.846    -0.1640   2.713232     6.4792    32.5923    26.1703 0.0000e+00
      15688    103.898    -0.1690   2.712746     6.4810    32.5911    26.1695 0.0000e+00
      15690    103.962    -0.1697   2.712658     6.4792    32.5908    26.1692 0.0000e+00
      15692    104.036    -0.1698   2.712661     6.4801    32.5908    26.1692 0.0000e+00
      15694    104.119    -0.1626   2.713394     6.4792    32.5927    26.1704 0.0000e+00
      15696    104.211    -0.1412   2.715478     6.4801    32.5974    26.1732 0.0000e+00
      15698    104.311    -0.1233   2.717062     6.4801    32.5991    26.1739 0.0000e+00
      15700    104.417    -0.1183   2.717670     6.4992    32.6018    26.1759 0.0000e+00
      15702    104.527    -0.1149   2.718373     6.5097    32.6073    26.1801 0.0000e+00
      15704    104.642    -0.1130   2.718817     6.5106    32.6112    26.1832 0.0000e+00
      15706    104.762    -0.1208   2.718335     6.5106    32.6131    26.1851 0.0000e+00
      15708    104.888    -0.1387   2.717153     6.5106    32.6165    26.1886 0.0000e+00
      15710    105.019    -0.1518   2.716365     6.5106    32.6200    26.1920 0.0000e+00
      15712    105.149    -0.1606   2.715917     6.5106    32.6234    26.1951 0.0000e+00
      15714    105.280    -0.1702   2.715374     6.5097    32.6264    26.1979 0.0000e+00
      15716    105.412    -0.1862   2.714270     6.5097    32.6289    26.2007 0.0000e+00
      15718    105.546    -0.2024   2.713059     6.4810    32.6301    26.2024 0.0000e+00
      15720    105.679    -0.2155   2.712082     6.4801    32.6310    26.2037 0.0000e+00
      15722    105.812    -0.2291   2.711003     6.4810    32.6313    26.2045 0.0000e+00
      15724    105.943    -0.2482   2.709426     6.4792    32.6307    26.2049 0.0000e+00
      15726    106.069    -0.2756   2.707172     6.4801    32.6301    26.2055 0.0000e+00
      15728    106.191    -0.3030   2.704979     6.4782    32.6302    26.2068 0.0000e+00
      15730    106.310    -0.3231   2.703485     6.4792    32.6319    26.2090 0.0000e+00
      15732    106.421    -0.3378   2.702506     6.4782    32.6346    26.2118 0.0000e+00
      15734    106.523    -0.3477   2.701819     6.4868    32.6360    26.2133 0.0000e+00
      15736    106.617    -0.3507   2.701669     6.5115    32.6372    26.2144 0.0000e+00
      15738    106.704    -0.3447   2.701995     6.5097    32.6351    26.2124 0.0000e+00
      15740    106.783    -0.3463   2.701922     6.5115    32.6358    26.2131 0.0000e+00
      15742    106.853    -0.3389   2.702552     6.5106    32.6362    26.2131 0.0000e+00
      15744    106.918    -0.3332   2.702878     6.5106    32.6343    26.2114 0.0000e+00
      15746    106.976    -0.3405   2.702406     6.5106    32.6358    26.2129 0.0000e+00
      15748    107.030    -0.3414   2.702215     6.5125    32.6342    26.2116 0.0000e+00
      15750    107.080    -0.3390   2.702476     6.5106    32.6351    26.2123 0.0000e+00
      15752    107.126    -0.3368   2.702686     6.4954    32.6355    26.2125 0.0000e+00
      15754    107.168    -0.3377   2.702615     6.4810    32.6354    26.2124 0.0000e+00
      15756    107.206    -0.3436   2.702272     6.4810    32.6372    26.2141 0.0000e+00
      15758    107.238    -0.3446   2.702265     6.4801    32.6381    26.2150 0.0000e+00
      15760    107.268    -0.3438   2.702427     6.4801    32.6394    26.2159 0.0000e+00
      15762    107.295    -0.3432   2.702495     6.4801    32.6397    26.2161 0.0000e+00
      15764    107.318    -0.3433   2.702528     6.4820    32.6402    26.2166 0.0000e+00
      15766    107.339    -0.3437   2.702502     6.4792    32.6403    26.2167 0.0000e+00
      15768    107.357    -0.3441   2.702459     6.4801    32.6402    26.2165 0.0000e+00
      15770    107.373    -0.3447   2.702425     6.5049    32.6403    26.2167 0.0000e+00
      15772    107.389    -0.3455   2.702359     6.5106    32.6403    26.2167 0.0000e+00
      15774    107.403    -0.3467   2.702281     6.5106    32.6406    26.2170 0.0000e+00
      15776    107.411    -0.3469   2.702271     6.5087    32.6407    26.2171 0.0000e+00
      15778    107.414    -0.3463   2.702220     6.5097    32.6394    26.2160 0.0000e+00
      15780    107.415    -0.3433   2.702359     6.5106    32.6380    26.2148 0.0000e+00
      15782    107.413    -0.3413   2.702441     6.5097    32.6369    26.2138 0.0000e+00
      15784    107.409    -0.3418   2.702518     6.5106    32.6384    26.2150 0.0000e+00
      15786    107.400    -0.3389   2.702637     6.5087    32.6369    26.2138 0.0000e+00
      15788    107.386    -0.3346   2.702864     6.5106    32.6354    26.2122 0.0000e+00
      15790    107.369    -0.3353   2.702920     6.5106    32.6368    26.2135 0.0000e+00
      15792    107.349    -0.3357   2.702973     6.5106    32.6381    26.2145 0.0000e+00
      15794    107.327    -0.3375   2.702863     6.5106    32.6384    26.2149 0.0000e+00
      15796    107.300    -0.3387   2.702821     6.5097    32.6392    26.2156 0.0000e+00
      15798    107.267    -0.3374   2.702910     6.5097    32.6390    26.2154 0.0000e+00
      15800    107.232    -0.3364   2.702946     6.5115    32.6384    26.2148 0.0000e+00
      15802    107.194    -0.3371   2.702878     6.5106    32.6383    26.2148 0.0000e+00
      15804    107.151    -0.3377   2.702837     6.5097    32.6385    26.2150 0.0000e+00
      15806    107.106    -0.3375   2.702807     6.5097    32.6378    26.2144 0.0000e+00
      15808    107.059    -0.3352   2.702921     6.5097    32.6370    26.2137 0.0000e+00
      15810    107.011    -0.3321   2.703048     6.5097    32.6353    26.2122 0.0000e+00
      15812    106.961    -0.3339   2.702838     6.5097    32.6345    26.2115 0.0000e+00
      15814    106.911    -0.3387   2.702458     6.5097    32.6346    26.2119 0.0000e+00
      15816    106.864    -0.3419   2.702246     6.5097    32.6352    26.2126 0.0000e+00
      15818    106.818    -0.3453   2.701970     6.5106    32.6352    26.2127 0.0000e+00
      15820    106.773    -0.3466   2.701881     6.5097    32.6354    26.2129 0.0000e+00
