Datasets/Multi_Species/NEE535/ned535_2020_009.cnv
* Sea-Bird SBE19plus Data File:
* Filename = C:/AQUIRE/ned535_2020_009.hex
* Software Version AquireV2 AF V2.0
* Temperature SN =  4579
* Conductivity SN =  4579
* System UpLoad Time = Dec 06 2020 15:22:03
** VESSEL/TRIP/SEQ STN: ned535_2020_009
** LATITUDE: 51 22.15 N
** LONGITUDE: 50 15.32 W
** DATE/TIME: 2020-12-06 14:23
** SOUNDING DEPTH (M):  426
** PROBE TYPE: S4579
** CTD NUMBER:   9
** COMMENTS: 
# nquan = 7                                 
# nvalues = 3224                        
# units = specified
# name 0 = scan: Scan Count
# name 1 = prdM: Pressure, Strain Gauge [db]
# name 2 = tv290C: Temperature [ITS-90, deg C]
# name 3 = c0S/m: Conductivity [S/m]
# name 4 = sal00: Salinity, Practical [PSU]
# name 5 = sigma-t00: Density [sigma-t, kg/m^3 ]
# name 6 = flag: flag
# span 0 =          1,       3224       
# span 1 =     -0.296,    427.488       
# span 2 =     1.0667,     4.0039       
# span 3 =   0.017739,   3.248984       
# span 4 =     0.1466,    34.7644       
# span 5 =     0.0645,    27.6080       
# span 6 = 0.0000e+00, 0.0000e+00       
# interval = seconds: 1
# start_time = Dec 06 2020 14:23:28 [Instrument's time stamp, header]
# bad_flag = -9.990e-29
*END*
          1     -0.133     2.0922   0.024933     0.2090     0.1159 0.0000e+00
          2     -0.135     2.0921   0.024572     0.2059     0.1134 0.0000e+00
          3     -0.136     2.0919   0.024538     0.2056     0.1131 0.0000e+00
          4     -0.135     2.0919   0.024980     0.2094     0.1163 0.0000e+00
          5     -0.135     2.0917   0.025366     0.2128     0.1190 0.0000e+00
          6     -0.136     2.0915   0.025064     0.2101     0.1168 0.0000e+00
          7     -0.134     2.0915   0.024162     0.2023     0.1104 0.0000e+00
          8     -0.130     2.0915   0.023658     0.1979     0.1069 0.0000e+00
          9     -0.128     2.0915   0.024138     0.2021     0.1103 0.0000e+00
         10     -0.127     2.0914   0.025042     0.2100     0.1167 0.0000e+00
         11     -0.127     2.0913   0.025344     0.2126     0.1188 0.0000e+00
         12     -0.126     2.0915   0.024915     0.2088     0.1158 0.0000e+00
         13     -0.125     2.0921   0.024918     0.2089     0.1158 0.0000e+00
         14     -0.126     2.0926   0.025836     0.2169     0.1223 0.0000e+00
         15     -0.129     2.0927   0.026537     0.2230     0.1273 0.0000e+00
         16     -0.131     2.0924   0.026191     0.2200     0.1249 0.0000e+00
         17     -0.131     2.0922   0.025550     0.2144     0.1203 0.0000e+00
         18     -0.129     2.0920   0.025503     0.2140     0.1200 0.0000e+00
         19     -0.128     2.0919   0.025787     0.2165     0.1220 0.0000e+00
         20     -0.129     2.0920   0.025787     0.2165     0.1220 0.0000e+00
         21     -0.131     2.0922   0.025401     0.2131     0.1192 0.0000e+00
         22     -0.131     2.0925   0.025030     0.2098     0.1166 0.0000e+00
         23     -0.130     2.0926   0.025196     0.2113     0.1178 0.0000e+00
         24     -0.129     2.0925   0.026020     0.2185     0.1236 0.0000e+00
         25     -0.132     2.0923   0.026908     0.2263     0.1300 0.0000e+00
         26     -0.134     2.0922   0.026872     0.2259     0.1297 0.0000e+00
         27     -0.132     2.0923   0.025999     0.2183     0.1235 0.0000e+00
         28     -0.129     2.0925   0.025572     0.2146     0.1205 0.0000e+00
         29     -0.128     2.0926   0.025985     0.2182     0.1234 0.0000e+00
         30     -0.129     2.0924   0.026419     0.2220     0.1265 0.0000e+00
         31     -0.132     2.0922   0.026299     0.2209     0.1256 0.0000e+00
         32     -0.135     2.0922   0.025815     0.2167     0.1222 0.0000e+00
         33     -0.134     2.0924   0.025418     0.2132     0.1194 0.0000e+00
         34     -0.132     2.0926   0.025294     0.2121     0.1185 0.0000e+00
         35     -0.131     2.0925   0.025275     0.2120     0.1184 0.0000e+00
         36     -0.129     2.0923   0.025041     0.2099     0.1167 0.0000e+00
         37     -0.127     2.0922   0.024563     0.2058     0.1133 0.0000e+00
         38     -0.127     2.0922   0.024205     0.2027     0.1108 0.0000e+00
         39     -0.128     2.0922   0.024168     0.2023     0.1105 0.0000e+00
         40     -0.129     2.0921   0.024190     0.2025     0.1107 0.0000e+00
         41     -0.130     2.0919   0.023979     0.2007     0.1092 0.0000e+00
         42     -0.129     2.0917   0.023566     0.1971     0.1062 0.0000e+00
         43     -0.128     2.0915   0.023213     0.1940     0.1037 0.0000e+00
         44     -0.129     2.0917   0.023061     0.1927     0.1027 0.0000e+00
         45     -0.131     2.0918   0.022992     0.1921     0.1022 0.0000e+00
         46     -0.132     2.0918   0.022834     0.1907     0.1011 0.0000e+00
         47     -0.132     2.0918   0.022591     0.1886     0.0993 0.0000e+00
         48     -0.132     2.0919   0.022410     0.1870     0.0981 0.0000e+00
         49     -0.132     2.0919   0.022318     0.1862     0.0974 0.0000e+00
         50     -0.132     2.0918   0.022233     0.1855     0.0968 0.0000e+00
         51     -0.131     2.0917   0.022160     0.1849     0.0963 0.0000e+00
         52     -0.129     2.0917   0.022067     0.1841     0.0956 0.0000e+00
         53     -0.127     2.0918   0.021813     0.1819     0.0939 0.0000e+00
         54     -0.129     2.0918   0.021440     0.1786     0.0912 0.0000e+00
         55     -0.135     2.0916   0.021200     0.1765     0.0895 0.0000e+00
         56     -0.137     2.0915   0.021172     0.1763     0.0893 0.0000e+00
         57     -0.135     2.0914   0.021145     0.1761     0.0891 0.0000e+00
         58     -0.133     2.0914   0.021066     0.1754     0.0886 0.0000e+00
         59     -0.132     2.0915   0.021118     0.1758     0.0889 0.0000e+00
         60     -0.132     2.0918   0.021251     0.1770     0.0899 0.0000e+00
         61     -0.131     2.0921   0.021138     0.1760     0.0891 0.0000e+00
         62     -0.129     2.0922   0.020806     0.1731     0.0868 0.0000e+00
         63     -0.126     2.0922   0.020703     0.1722     0.0860 0.0000e+00
         64     -0.126     2.0922   0.020976     0.1746     0.0880 0.0000e+00
         65     -0.129     2.0921   0.021212     0.1766     0.0896 0.0000e+00
         66     -0.132     2.0917   0.021010     0.1749     0.0882 0.0000e+00
         67     -0.134     2.0915   0.020479     0.1703     0.0844 0.0000e+00
         68     -0.136     2.0915   0.020039     0.1665     0.0814 0.0000e+00
         69     -0.137     2.0917   0.019862     0.1650     0.0801 0.0000e+00
         70     -0.138     2.0919   0.019808     0.1645     0.0797 0.0000e+00
         71     -0.139     2.0919   0.019785     0.1643     0.0796 0.0000e+00
         72     -0.143     2.0919   0.019910     0.1654     0.0805 0.0000e+00
         73     -0.147     2.0919   0.020257     0.1684     0.0829 0.0000e+00
         74     -0.148     2.0919   0.020506     0.1705     0.0846 0.0000e+00
         75     -0.144     2.0919   0.020285     0.1686     0.0831 0.0000e+00
         76     -0.138     2.0919   0.019891     0.1652     0.0803 0.0000e+00
         77     -0.134     2.0918   0.019833     0.1647     0.0799 0.0000e+00
         78     -0.134     2.0916   0.019916     0.1654     0.0805 0.0000e+00
         79     -0.134     2.0914   0.019684     0.1634     0.0789 0.0000e+00
         80     -0.133     2.0911   0.019198     0.1592     0.0754 0.0000e+00
         81     -0.133     2.0909   0.018949     0.1571     0.0737 0.0000e+00
         82     -0.136     2.0910   0.019136     0.1587     0.0750 0.0000e+00
         83     -0.139     2.0913   0.019407     0.1610     0.0769 0.0000e+00
         84     -0.141     2.0917   0.019504     0.1619     0.0776 0.0000e+00
         85     -0.141     2.0920   0.019520     0.1620     0.0777 0.0000e+00
         86     -0.139     2.0921   0.019559     0.1623     0.0780 0.0000e+00
         87     -0.135     2.0919   0.019638     0.1630     0.0785 0.0000e+00
         88     -0.132     2.0918   0.019682     0.1634     0.0789 0.0000e+00
         89     -0.130     2.0917   0.019555     0.1623     0.0780 0.0000e+00
         90     -0.128     2.0918   0.019327     0.1603     0.0764 0.0000e+00
         91     -0.129     2.0918   0.019301     0.1601     0.0762 0.0000e+00
         92     -0.131     2.0918   0.019540     0.1622     0.0779 0.0000e+00
         93     -0.132     2.0919   0.019735     0.1639     0.0792 0.0000e+00
         94     -0.133     2.0919   0.019645     0.1631     0.0786 0.0000e+00
         95     -0.135     2.0920   0.019418     0.1611     0.0770 0.0000e+00
         96     -0.137     2.0921   0.019397     0.1609     0.0769 0.0000e+00
         97     -0.138     2.0919   0.019696     0.1635     0.0790 0.0000e+00
         98     -0.139     2.0919   0.019995     0.1661     0.0811 0.0000e+00
         99     -0.139     2.0919   0.019907     0.1653     0.0804 0.0000e+00
        100     -0.136     2.0920   0.019606     0.1627     0.0783 0.0000e+00
        101     -0.134     2.0922   0.019607     0.1628     0.0783 0.0000e+00
        102     -0.134     2.0922   0.020033     0.1664     0.0813 0.0000e+00
        103     -0.136     2.0922   0.020471     0.1702     0.0844 0.0000e+00
        104     -0.139     2.0922   0.020530     0.1707     0.0848 0.0000e+00
        105     -0.139     2.0922   0.020481     0.1703     0.0845 0.0000e+00
        106     -0.136     2.0923   0.020790     0.1730     0.0867 0.0000e+00
        107     -0.135     2.0925   0.021125     0.1759     0.0890 0.0000e+00
        108     -0.135     2.0926   0.020911     0.1740     0.0875 0.0000e+00
        109     -0.133     2.0926   0.020530     0.1707     0.0848 0.0000e+00
        110     -0.131     2.0926   0.020837     0.1734     0.0870 0.0000e+00
        111     -0.133     2.0926   0.021792     0.1817     0.0937 0.0000e+00
        112     -0.133     2.0924   0.022423     0.1871     0.0982 0.0000e+00
        113     -0.132     2.0922   0.022082     0.1842     0.0958 0.0000e+00
        114     -0.132     2.0921   0.021451     0.1787     0.0913 0.0000e+00
        115     -0.132     2.0917   0.021434     0.1786     0.0912 0.0000e+00
        116     -0.132     2.0913   0.021694     0.1808     0.0930 0.0000e+00
        117     -0.132     2.0909   0.021544     0.1795     0.0919 0.0000e+00
        118     -0.132     2.0908   0.021060     0.1753     0.0885 0.0000e+00
        119     -0.133     2.0910   0.020769     0.1728     0.0865 0.0000e+00
        120     -0.135     2.0911   0.020947     0.1744     0.0877 0.0000e+00
        121     -0.136     2.0913   0.021378     0.1781     0.0908 0.0000e+00
        122     -0.135     2.0913   0.021533     0.1794     0.0919 0.0000e+00
        123     -0.133     2.0911   0.021099     0.1757     0.0888 0.0000e+00
        124     -0.131     2.0909   0.020499     0.1705     0.0846 0.0000e+00
        125     -0.131     2.0907   0.020363     0.1693     0.0836 0.0000e+00
        126     -0.134     2.0904   0.020606     0.1714     0.0853 0.0000e+00
        127     -0.136     2.0903   0.020705     0.1723     0.0860 0.0000e+00
        128     -0.136     2.0903   0.020402     0.1696     0.0839 0.0000e+00
        129     -0.134     2.0904   0.019940     0.1656     0.0806 0.0000e+00
        130     -0.130     2.0906   0.019823     0.1646     0.0798 0.0000e+00
        131     -0.128     2.0907   0.020229     0.1681     0.0827 0.0000e+00
        132     -0.129     2.0906   0.020772     0.1728     0.0865 0.0000e+00
        133     -0.131     2.0905   0.020960     0.1745     0.0878 0.0000e+00
        134     -0.133     2.0907   0.020817     0.1732     0.0868 0.0000e+00
        135     -0.135     2.0910   0.020706     0.1723     0.0860 0.0000e+00
        136     -0.136     2.0913   0.020686     0.1721     0.0859 0.0000e+00
        137     -0.135     2.0914   0.020682     0.1721     0.0859 0.0000e+00
        138     -0.134     2.0912   0.020834     0.1734     0.0869 0.0000e+00
        139     -0.133     2.0911   0.021057     0.1753     0.0885 0.0000e+00
        140     -0.131     2.0913   0.020986     0.1747     0.0880 0.0000e+00
        141     -0.131     2.0913   0.020661     0.1719     0.0857 0.0000e+00
        142     -0.132     2.0913   0.020566     0.1711     0.0851 0.0000e+00
        143     -0.134     2.0911   0.020809     0.1732     0.0868 0.0000e+00
        144     -0.135     2.0911   0.020972     0.1746     0.0879 0.0000e+00
        145     -0.131     2.0911   0.020875     0.1737     0.0872 0.0000e+00
        146     -0.127     2.0913   0.020804     0.1731     0.0867 0.0000e+00
        147     -0.128     2.0914   0.020837     0.1734     0.0870 0.0000e+00
        148     -0.133     2.0912   0.020787     0.1730     0.0866 0.0000e+00
        149     -0.138     2.0910   0.020756     0.1727     0.0864 0.0000e+00
        150     -0.141     2.0907   0.020889     0.1739     0.0873 0.0000e+00
        151     -0.140     2.0904   0.020849     0.1735     0.0870 0.0000e+00
        152     -0.138     2.0903   0.020370     0.1694     0.0836 0.0000e+00
        153     -0.137     2.0903   0.019895     0.1653     0.0803 0.0000e+00
        154     -0.135     2.0903   0.019841     0.1648     0.0799 0.0000e+00
        155     -0.134     2.0902   0.019901     0.1653     0.0803 0.0000e+00
        156     -0.135     2.0899   0.019737     0.1639     0.0792 0.0000e+00
        157     -0.136     2.0897   0.019465     0.1615     0.0773 0.0000e+00
        158     -0.135     2.0896   0.019269     0.1598     0.0759 0.0000e+00
        159     -0.133     2.0896   0.019211     0.1593     0.0755 0.0000e+00
        160     -0.133     2.0898   0.019274     0.1599     0.0759 0.0000e+00
        161     -0.133     2.0900   0.019289     0.1600     0.0760 0.0000e+00
        162     -0.136     2.0902   0.019151     0.1588     0.0751 0.0000e+00
        163     -0.139     2.0903   0.019006     0.1576     0.0741 0.0000e+00
        164     -0.139     2.0904   0.018966     0.1572     0.0738 0.0000e+00
        165     -0.136     2.0903   0.018978     0.1573     0.0739 0.0000e+00
        166     -0.136     2.0902   0.018928     0.1569     0.0735 0.0000e+00
        167     -0.139     2.0902   0.018713     0.1550     0.0720 0.0000e+00
        168     -0.139     2.0902   0.018507     0.1533     0.0706 0.0000e+00
        169     -0.136     2.0902   0.018632     0.1543     0.0714 0.0000e+00
        170     -0.135     2.0903   0.018953     0.1571     0.0737 0.0000e+00
        171     -0.136     2.0903   0.018946     0.1571     0.0736 0.0000e+00
        172     -0.135     2.0904   0.018626     0.1543     0.0714 0.0000e+00
        173     -0.134     2.0907   0.018625     0.1543     0.0714 0.0000e+00
        174     -0.136     2.0910   0.019115     0.1585     0.0748 0.0000e+00
        175     -0.139     2.0910   0.019551     0.1623     0.0779 0.0000e+00
        176     -0.139     2.0908   0.019508     0.1619     0.0776 0.0000e+00
        177     -0.138     2.0907   0.019205     0.1593     0.0755 0.0000e+00
        178     -0.137     2.0907   0.019005     0.1576     0.0741 0.0000e+00
        179     -0.135     2.0907   0.018889     0.1566     0.0733 0.0000e+00
        180     -0.133     2.0907   0.018818     0.1559     0.0728 0.0000e+00
        181     -0.133     2.0907   0.018897     0.1566     0.0733 0.0000e+00
        182     -0.134     2.0907   0.019069     0.1581     0.0745 0.0000e+00
        183     -0.134     2.0907   0.019165     0.1589     0.0752 0.0000e+00
        184     -0.133     2.0907   0.019108     0.1584     0.0748 0.0000e+00
        185     -0.134     2.0907   0.018991     0.1574     0.0740 0.0000e+00
        186     -0.134     2.0909   0.019005     0.1576     0.0741 0.0000e+00
        187     -0.132     2.0909   0.019120     0.1586     0.0749 0.0000e+00
        188     -0.132     2.0909   0.019085     0.1582     0.0746 0.0000e+00
        189     -0.132     2.0909   0.018897     0.1566     0.0733 0.0000e+00
        190     -0.132     2.0909   0.018808     0.1559     0.0727 0.0000e+00
        191     -0.132     2.0909   0.018849     0.1562     0.0730 0.0000e+00
        192     -0.132     2.0908   0.018845     0.1562     0.0729 0.0000e+00
        193     -0.132     2.0907   0.018799     0.1558     0.0726 0.0000e+00
        194     -0.132     2.0908   0.018848     0.1562     0.0730 0.0000e+00
        195     -0.132     2.0910   0.018882     0.1565     0.0732 0.0000e+00
        196     -0.132     2.0911   0.018725     0.1551     0.0721 0.0000e+00
        197     -0.133     2.0911   0.018566     0.1538     0.0710 0.0000e+00
        198     -0.136     2.0909   0.018633     0.1543     0.0715 0.0000e+00
        199     -0.139     2.0907   0.018747     0.1553     0.0723 0.0000e+00
        200     -0.141     2.0907   0.018630     0.1543     0.0714 0.0000e+00
        201     -0.139     2.0907   0.018471     0.1530     0.0703 0.0000e+00
        202     -0.137     2.0907   0.018602     0.1541     0.0712 0.0000e+00
        203     -0.135     2.0907   0.018767     0.1555     0.0724 0.0000e+00
        204     -0.134     2.0909   0.018540     0.1535     0.0708 0.0000e+00
        205     -0.134     2.0911   0.018226     0.1508     0.0686 0.0000e+00
