Datasets/Multi_Species/NEE535/ned535_2020_017.cnv
* Sea-Bird SBE19plus Data File:
* Filename = C:/AQUIRE/ned535_2020_017.hex
* Software Version AquireV2 AF V2.0
* Temperature SN =  4579
* Conductivity SN =  4579
* System UpLoad Time = Dec 08 2020 19:43:23
** VESSEL/TRIP/SEQ STN: ned535_2020_017
** LATITUDE: 00 00.00 N
** LONGITUDE: 00 00.00 W
** DATE/TIME: 2020-12-08 18:56
** SOUNDING DEPTH (M): 9999
** PROBE TYPE: S4579
** CTD NUMBER:
** COMMENTS:
# nquan = 7                                 
# nvalues = 2707                        
# units = specified
# name 0 = scan: Scan Count
# name 1 = prdM: Pressure, Strain Gauge [db]
# name 2 = tv290C: Temperature [ITS-90, deg C]
# name 3 = c0S/m: Conductivity [S/m]
# name 4 = sal00: Salinity, Practical [PSU]
# name 5 = sigma-t00: Density [sigma-t, kg/m^3 ]
# name 6 = flag: flag
# span 0 =          1,       2707       
# span 1 =     -0.353,    242.574       
# span 2 =     0.9778,     2.9669       
# span 3 =   0.015509,   3.135104       
# span 4 =     0.1306,    34.5215       
# span 5 =     0.0210,    27.5061       
# span 6 = 0.0000e+00, 0.0000e+00       
# interval = seconds: 1
# start_time = Dec 08 2020 18:56:34 [Instrument's time stamp, header]
# bad_flag = -9.990e-29
*END*
[from data line 1436]
       1437    241.984     2.9595   3.134157    34.5180    27.5040 0.0000e+00
       1438    241.964     2.9592   3.134116    34.5178    27.5039 0.0000e+00
       1439    241.948     2.9590   3.134092    34.5178    27.5039 0.0000e+00
       1440    241.942     2.9589   3.134084    34.5178    27.5039 0.0000e+00
       1441    241.945     2.9591   3.134106    34.5178    27.5039 0.0000e+00
       1442    241.952     2.9593   3.134147    34.5181    27.5041 0.0000e+00
       1443    241.957     2.9596   3.134164    34.5180    27.5040 0.0000e+00
       1444    241.947     2.9595   3.134158    34.5180    27.5040 0.0000e+00
       1445    241.917     2.9593   3.134139    34.5180    27.5041 0.0000e+00
       1446    241.886     2.9589   3.134090    34.5179    27.5040 0.0000e+00
       1447    241.869     2.9585   3.134028    34.5176    27.5038 0.0000e+00
       1448    241.867     2.9582   3.133996    34.5175    27.5037 0.0000e+00
       1449    241.868     2.9581   3.133979    34.5174    27.5037 0.0000e+00
       1450    241.859     2.9581   3.133986    34.5175    27.5037 0.0000e+00
       1451    241.843     2.9583   3.134015    34.5176    27.5038 0.0000e+00
       1452    241.828     2.9585   3.134048    34.5178    27.5040 0.0000e+00
       1453    241.826     2.9589   3.134086    34.5179    27.5040 0.0000e+00
       1454    241.833     2.9591   3.134105    34.5179    27.5040 0.0000e+00
       1455    241.837     2.9591   3.134098    34.5178    27.5039 0.0000e+00
       1456    241.833     2.9589   3.134066    34.5176    27.5038 0.0000e+00
       1457    241.818     2.9586   3.134033    34.5175    27.5037 0.0000e+00
       1458    241.791     2.9585   3.134023    34.5175    27.5037 0.0000e+00
       1459    241.762     2.9583   3.133999    34.5175    27.5037 0.0000e+00
       1460    241.745     2.9583   3.133988    34.5174    27.5036 0.0000e+00
       1461    241.743     2.9584   3.134023    34.5177    27.5039 0.0000e+00
       1462    241.754     2.9586   3.134055    34.5178    27.5040 0.0000e+00
       1463    241.775     2.9587   3.134054    34.5177    27.5039 0.0000e+00
       1464    241.800     2.9585   3.134041    34.5178    27.5039 0.0000e+00
       1465    241.818     2.9585   3.134050    34.5179    27.5040 0.0000e+00
       1466    241.822     2.9587   3.134082    34.5180    27.5041 0.0000e+00
       1467    241.821     2.9589   3.134102    34.5181    27.5041 0.0000e+00
       1468    241.824     2.9590   3.134099    34.5179    27.5040 0.0000e+00
       1469    241.830     2.9589   3.134086    34.5179    27.5040 0.0000e+00
       1470    241.836     2.9589   3.134070    34.5177    27.5038 0.0000e+00
       1471    241.845     2.9588   3.134056    34.5176    27.5038 0.0000e+00
       1472    241.862     2.9587   3.134062    34.5178    27.5039 0.0000e+00
       1473    241.886     2.9588   3.134080    34.5179    27.5040 0.0000e+00
       1474    241.905     2.9588   3.134079    34.5178    27.5039 0.0000e+00
       1475    241.912     2.9585   3.134046    34.5178    27.5039 0.0000e+00
       1476    241.918     2.9582   3.134010    34.5176    27.5038 0.0000e+00
       1477    241.935     2.9582   3.134008    34.5176    27.5038 0.0000e+00
       1478    241.961     2.9584   3.134037    34.5177    27.5039 0.0000e+00
       1479    241.981     2.9586   3.134061    34.5178    27.5039 0.0000e+00
       1480    241.988     2.9587   3.134069    34.5178    27.5039 0.0000e+00
       1481    241.987     2.9587   3.134071    34.5178    27.5039 0.0000e+00
       1482    241.989     2.9588   3.134074    34.5177    27.5039 0.0000e+00
       1483    241.992     2.9589   3.134083    34.5177    27.5039 0.0000e+00
       1484    241.995     2.9589   3.134094    34.5179    27.5040 0.0000e+00
       1485    241.999     2.9589   3.134102    34.5180    27.5040 0.0000e+00
       1486    242.006     2.9589   3.134110    34.5181    27.5041 0.0000e+00
       1487    242.015     2.9589   3.134102    34.5180    27.5040 0.0000e+00
       1488    242.022     2.9587   3.134072    34.5178    27.5039 0.0000e+00
       1489    242.020     2.9586   3.134053    34.5177    27.5038 0.0000e+00
       1490    242.011     2.9587   3.134071    34.5178    27.5039 0.0000e+00
       1491    242.000     2.9589   3.134106    34.5180    27.5041 0.0000e+00
       1492    241.989     2.9590   3.134118    34.5181    27.5041 0.0000e+00
       1493    241.977     2.9589   3.134094    34.5179    27.5040 0.0000e+00
       1494    241.956     2.9588   3.134066    34.5177    27.5038 0.0000e+00
       1495    241.927     2.9587   3.134057    34.5177    27.5038 0.0000e+00
       1496    241.903     2.9586   3.134052    34.5177    27.5039 0.0000e+00
       1497    241.893     2.9587   3.134053    34.5176    27.5038 0.0000e+00
       1498    241.897     2.9588   3.134068    34.5177    27.5038 0.0000e+00
       1499    241.896     2.9588   3.134078    34.5178    27.5039 0.0000e+00
       1500    241.876     2.9588   3.134076    34.5178    27.5039 0.0000e+00
       1501    241.850     2.9588   3.134075    34.5178    27.5039 0.0000e+00
       1502    241.836     2.9588   3.134067    34.5177    27.5039 0.0000e+00
       1503    241.831     2.9588   3.134060    34.5177    27.5038 0.0000e+00
       1504    241.823     2.9588   3.134061    34.5177    27.5038 0.0000e+00
       1505    241.815     2.9588   3.134062    34.5177    27.5038 0.0000e+00
       1506    241.816     2.9588   3.134076    34.5179    27.5040 0.0000e+00
       1507    241.821     2.9589   3.134098    34.5180    27.5041 0.0000e+00
       1508    241.818     2.9589   3.134101    34.5181    27.5041 0.0000e+00
       1509    241.805     2.9589   3.134094    34.5180    27.5040 0.0000e+00
       1510    241.794     2.9590   3.134097    34.5179    27.5040 0.0000e+00
       1511    241.793     2.9591   3.134107    34.5179    27.5040 0.0000e+00
       1512    241.801     2.9591   3.134106    34.5179    27.5040 0.0000e+00
       1513    241.815     2.9589   3.134080    34.5178    27.5039 0.0000e+00
       1514    241.827     2.9587   3.134054    34.5177    27.5038 0.0000e+00
       1515    241.833     2.9585   3.134056    34.5179    27.5040 0.0000e+00
       1516    241.832     2.9587   3.134065    34.5178    27.5039 0.0000e+00
       1517    241.829     2.9588   3.134067    34.5177    27.5039 0.0000e+00
       1518    241.835     2.9589   3.134094    34.5180    27.5040 0.0000e+00
       1519    241.854     2.9592   3.134131    34.5181    27.5041 0.0000e+00
       1520    241.874     2.9592   3.134129    34.5180    27.5041 0.0000e+00
       1521    241.873     2.9589   3.134081    34.5178    27.5039 0.0000e+00
       1522    241.855     2.9586   3.134039    34.5176    27.5038 0.0000e+00
       1523    241.842     2.9585   3.134039    34.5177    27.5039 0.0000e+00
       1524    241.846     2.9585   3.134049    34.5178    27.5040 0.0000e+00
       1525    241.859     2.9585   3.134051    34.5178    27.5040 0.0000e+00
       1526    241.867     2.9587   3.134060    34.5177    27.5039 0.0000e+00
       1527    241.865     2.9588   3.134072    34.5178    27.5039 0.0000e+00
       1528    241.859     2.9588   3.134079    34.5179    27.5040 0.0000e+00
       1529    241.859     2.9588   3.134075    34.5178    27.5039 0.0000e+00
       1530    241.866     2.9588   3.134063    34.5177    27.5038 0.0000e+00
       1531    241.869     2.9587   3.134050    34.5176    27.5038 0.0000e+00
       1532    241.864     2.9585   3.134039    34.5177    27.5039 0.0000e+00
       1533    241.853     2.9585   3.134032    34.5176    27.5038 0.0000e+00
       1534    241.846     2.9585   3.134033    34.5176    27.5038 0.0000e+00
       1535    241.842     2.9585   3.134036    34.5177    27.5038 0.0000e+00
       1536    241.836     2.9585   3.134043    34.5178    27.5039 0.0000e+00
       1537    241.828     2.9585   3.134052    34.5179    27.5040 0.0000e+00
       1538    241.821     2.9586   3.134053    34.5178    27.5039 0.0000e+00
       1539    241.818     2.9585   3.134047    34.5178    27.5040 0.0000e+00
       1540    241.825     2.9585   3.134047    34.5178    27.5040 0.0000e+00
       1541    241.838     2.9586   3.134066    34.5179    27.5040 0.0000e+00
       1542    241.848     2.9588   3.134083    34.5179    27.5040 0.0000e+00
       1543    241.846     2.9588   3.134079    34.5179    27.5040 0.0000e+00
       1544    241.841     2.9586   3.134056    34.5178    27.5039 0.0000e+00
       1545    241.845     2.9585   3.134036    34.5177    27.5038 0.0000e+00
       1546    241.855     2.9585   3.134035    34.5177    27.5038 0.0000e+00
       1547    241.862     2.9585   3.134046    34.5178    27.5039 0.0000e+00
       1548    241.862     2.9585   3.134050    34.5178    27.5040 0.0000e+00
       1549    241.859     2.9585   3.134034    34.5176    27.5038 0.0000e+00
       1550    241.857     2.9583   3.134009    34.5176    27.5038 0.0000e+00
       1551    241.855     2.9581   3.134000    34.5177    27.5039 0.0000e+00
       1552    241.848     2.9581   3.134001    34.5177    27.5039 0.0000e+00
       1553    241.836     2.9583   3.134007    34.5175    27.5038 0.0000e+00
       1554    241.830     2.9585   3.134023    34.5175    27.5037 0.0000e+00
       1555    241.834     2.9585   3.134046    34.5178    27.5039 0.0000e+00
       1556    241.842     2.9585   3.134059    34.5180    27.5041 0.0000e+00
       1557    241.846     2.9585   3.134046    34.5178    27.5039 0.0000e+00
       1558    241.840     2.9584   3.134017    34.5176    27.5038 0.0000e+00
       1559    241.828     2.9583   3.134000    34.5175    27.5037 0.0000e+00
       1560    241.820     2.9583   3.134002    34.5175    27.5037 0.0000e+00
       1561    241.817     2.9584   3.134021    34.5176    27.5038 0.0000e+00
       1562    241.813     2.9585   3.134036    34.5177    27.5039 0.0000e+00
       1563    241.807     2.9585   3.134028    34.5176    27.5038 0.0000e+00
       1564    241.806     2.9584   3.134018    34.5176    27.5038 0.0000e+00
       1565    241.819     2.9584   3.134020    34.5176    27.5038 0.0000e+00
       1566    241.844     2.9583   3.134008    34.5175    27.5038 0.0000e+00
       1567    241.865     2.9581   3.133977    34.5174    27.5036 0.0000e+00
       1568    241.875     2.9580   3.133964    34.5173    27.5036 0.0000e+00
       1569    241.874     2.9579   3.133972    34.5175    27.5038 0.0000e+00
       1570    241.863     2.9579   3.133963    34.5174    27.5037 0.0000e+00
       1571    241.850     2.9577   3.133930    34.5172    27.5036 0.0000e+00
       1572    241.839     2.9575   3.133912    34.5172    27.5036 0.0000e+00
       1573    241.826     2.9574   3.133906    34.5173    27.5036 0.0000e+00
       1574    241.808     2.9574   3.133903    34.5172    27.5036 0.0000e+00
       1575    241.791     2.9574   3.133910    34.5173    27.5037 0.0000e+00
       1576    241.787     2.9576   3.133922    34.5173    27.5036 0.0000e+00
       1577    241.795     2.9577   3.133935    34.5173    27.5036 0.0000e+00
       1578    241.807     2.9578   3.133950    34.5174    27.5037 0.0000e+00
       1579    241.811     2.9580   3.133965    34.5174    27.5036 0.0000e+00
       1580    241.804     2.9581   3.133981    34.5175    27.5037 0.0000e+00
       1581    241.790     2.9581   3.133994    34.5176    27.5038 0.0000e+00
       1582    241.777     2.9581   3.133989    34.5176    27.5038 0.0000e+00
       1583    241.764     2.9580   3.133960    34.5173    27.5036 0.0000e+00
       1584    241.747     2.9577   3.133928    34.5173    27.5036 0.0000e+00
       1585    241.735     2.9576   3.133916    34.5172    27.5036 0.0000e+00
       1586    241.731     2.9577   3.133925    34.5172    27.5036 0.0000e+00
       1587    241.736     2.9579   3.133866    34.5163    27.5028 0.0000e+00
       1588    241.748     2.9580   3.133750    34.5148    27.5016 0.0000e+00
       1589    241.757     2.9579   3.133766    34.5151    27.5018 0.0000e+00
       1590    241.757     2.9576   3.133858    34.5165    27.5030 0.0000e+00
       1591    241.755     2.9574   3.133893    34.5172    27.5035 0.0000e+00
       1592    241.758     2.9575   3.133925    34.5174    27.5037 0.0000e+00
       1593    241.765     2.9577   3.133951    34.5175    27.5038 0.0000e+00
       1594    241.770     2.9576   3.133934    34.5174    27.5037 0.0000e+00
       1595    241.771     2.9574   3.133910    34.5174    27.5037 0.0000e+00
       1596    241.772     2.9574   3.133908    34.5173    27.5037 0.0000e+00
       1597    241.774     2.9574   3.133920    34.5175    27.5038 0.0000e+00
       1598    241.775     2.9575   3.133932    34.5175    27.5038 0.0000e+00
       1599    241.778     2.9577   3.133952    34.5175    27.5038 0.0000e+00
       1600    241.784     2.9580   3.133980    34.5176    27.5038 0.0000e+00
       1601    241.790     2.9582   3.134010    34.5177    27.5039 0.0000e+00
       1602    241.791     2.9584   3.134024    34.5177    27.5038 0.0000e+00
       1603    241.782     2.9583   3.134005    34.5175    27.5038 0.0000e+00
       1604    241.775     2.9581   3.133973    34.5174    27.5036 0.0000e+00
       1605    241.779     2.9581   3.133969    34.5173    27.5036 0.0000e+00
       1606    241.786     2.9581   3.133984    34.5175    27.5037 0.0000e+00
       1607    241.779     2.9581   3.133979    34.5174    27.5037 0.0000e+00
       1608    241.758     2.9579   3.133955    34.5174    27.5037 0.0000e+00
       1609    241.735     2.9577   3.133945    34.5175    27.5038 0.0000e+00
       1610    241.720     2.9578   3.133955    34.5175    27.5038 0.0000e+00
       1611    241.718     2.9580   3.133965    34.5174    27.5037 0.0000e+00
       1612    241.723     2.9581   3.133974    34.5174    27.5037 0.0000e+00
       1613    241.731     2.9581   3.133987    34.5176    27.5038 0.0000e+00
       1614    241.739     2.9581   3.134001    34.5177    27.5039 0.0000e+00
       1615    241.744     2.9583   3.134007    34.5176    27.5038 0.0000e+00
       1616    241.746     2.9584   3.134012    34.5175    27.5037 0.0000e+00
       1617    241.746     2.9585   3.134037    34.5177    27.5039 0.0000e+00
       1618    241.741     2.9585   3.134043    34.5178    27.5040 0.0000e+00
       1619    241.723     2.9583   3.134005    34.5176    27.5038 0.0000e+00
       1620    241.690     2.9581   3.133969    34.5174    27.5036 0.0000e+00
       1621    241.663     2.9580   3.133970    34.5175    27.5038 0.0000e+00
       1622    241.660     2.9581   3.133992    34.5177    27.5039 0.0000e+00
       1623    241.680     2.9582   3.134003    34.5177    27.5039 0.0000e+00
       1624    241.709     2.9583   3.134009    34.5176    27.5038 0.0000e+00
       1625    241.724     2.9583   3.134005    34.5176    27.5038 0.0000e+00
       1626    241.715     2.9582   3.133989    34.5175    27.5037 0.0000e+00
       1627    241.696     2.9581   3.133971    34.5174    27.5037 0.0000e+00
       1628    241.687     2.9581   3.133976    34.5175    27.5037 0.0000e+00
       1629    241.694     2.9581   3.133995    34.5177    27.5039 0.0000e+00
       1630    241.707     2.9583   3.134011    34.5177    27.5038 0.0000e+00
       1631    241.713     2.9583   3.134008    34.5176    27.5038 0.0000e+00
       1632    241.713     2.9581   3.133978    34.5175    27.5037 0.0000e+00
       1633    241.715     2.9579   3.133957    34.5174    27.5037 0.0000e+00
       1634    241.720     2.9577   3.133943    34.5175    27.5037 0.0000e+00
       1635    241.725     2.9574   3.133905    34.5173    27.5037 0.0000e+00
       1636    241.727     2.9573   3.133893    34.5173    27.5036 0.0000e+00
       1637    241.727     2.9575   3.133933    34.5176    27.5038 0.0000e+00
       1638    241.728     2.9577   3.133936    34.5174    27.5037 0.0000e+00
       1639    241.728     2.9573   3.133866    34.5169    27.5034 0.0000e+00
       1640    241.727     2.9568   3.133795    34.5166    27.5032 0.0000e+00
       1641    241.731     2.9565   3.133789    34.5169    27.5034 0.0000e+00
