Datasets/Multi_Species/NEE535/ned535_2020_006.cnv
* Sea-Bird SBE19plus Data File:
* Filename = C:/AQUIRE/ned535_2020_006.hex
* Software Version AquireV2 AF V2.0
* Temperature SN =  4579
* Conductivity SN =  4579
* System UpLoad Time = Dec 05 2020 17:35:53
** VESSEL/TRIP/SEQ STN: ned535_2020_006
** LATITUDE: 51 10.40 N
** LONGITUDE: 51 02.08 W
** DATE/TIME: 2020-12-05 16:44
** SOUNDING DEPTH (M):  260
** PROBE TYPE: S4579
** CTD NUMBER:   6
** COMMENTS: 
# nquan = 7                                 
# nvalues = 2846                        
# units = specified
# name 0 = scan: Scan Count
# name 1 = prdM: Pressure, Strain Gauge [db]
# name 2 = tv290C: Temperature [ITS-90, deg C]
# name 3 = c0S/m: Conductivity [S/m]
# name 4 = sal00: Salinity, Practical [PSU]
# name 5 = sigma-t00: Density [sigma-t, kg/m^3 ]
# name 6 = flag: flag
# span 0 =          1,       2846       
# span 1 =     -0.226,    257.716       
# span 2 =     0.6092,     3.4223       
# span 3 =   0.006077,   3.132528       
# span 4 =     0.0465,    34.5029       
# span 5 =     0.0101,    27.4931       
# span 6 = 0.0000e+00, 0.0000e+00       
# interval = seconds: 1
# start_time = Dec 05 2020 16:44:41 [Instrument's time stamp, header]
# bad_flag = -9.990e-29
*END*
[from data line 2052]
       2053    207.689     2.6239   3.093759    34.4016    27.4408 0.0000e+00
       2054    207.033     2.6192   3.093272    34.4010    27.4407 0.0000e+00
       2055    206.392     2.6127   3.092362    34.3971    27.4382 0.0000e+00
       2056    205.750     2.6041   3.091209    34.3925    27.4352 0.0000e+00
       2057    205.100     2.5962   3.090357    34.3908    27.4346 0.0000e+00
       2058    204.455     2.5901   3.089699    34.3896    27.4341 0.0000e+00
       2059    203.818     2.5838   3.088819    34.3859    27.4317 0.0000e+00
       2060    203.171     2.5760   3.087776    34.3818    27.4291 0.0000e+00
       2061    202.492     2.5659   3.086494    34.3772    27.4263 0.0000e+00
       2062    201.777     2.5545   3.085010    34.3715    27.4227 0.0000e+00
       2063    201.046     2.5440   3.083820    34.3686    27.4212 0.0000e+00
       2064    200.328     2.5347   3.082788    34.3662    27.4201 0.0000e+00
       2065    199.638     2.5263   3.081767    34.3630    27.4183 0.0000e+00
       2066    198.967     2.5177   3.080735    34.3599    27.4165 0.0000e+00
       2067    198.297     2.5058   3.079162    34.3536    27.4125 0.0000e+00
       2068    197.611     2.4917   3.077342    34.3467    27.4081 0.0000e+00
       2069    196.904     2.4798   3.076091    34.3444    27.4073 0.0000e+00
       2070    196.184     2.4697   3.075044    34.3427    27.4068 0.0000e+00
       2071    195.453     2.4580   3.073557    34.3373    27.4035 0.0000e+00
       2072    194.699     2.4457   3.072044    34.3322    27.4005 0.0000e+00
       2073    193.916     2.4366   3.071092    34.3306    27.4000 0.0000e+00
       2074    193.120     2.4320   3.070699    34.3312    27.4008 0.0000e+00
       2075    192.347     2.4302   3.070573    34.3320    27.4016 0.0000e+00
       2076    191.617     2.4293   3.070401    34.3312    27.4011 0.0000e+00
       2077    190.908     2.4265   3.069931    34.3288    27.3994 0.0000e+00
       2078    190.185     2.4201   3.069056    34.3253    27.3971 0.0000e+00
       2079    189.429     2.4125   3.068157    34.3227    27.3957 0.0000e+00
       2080    188.645     2.4070   3.067616    34.3224    27.3958 0.0000e+00
       2081    187.844     2.4034   3.067206    34.3216    27.3955 0.0000e+00
       2082    187.032     2.3996   3.066721    34.3202    27.3947 0.0000e+00
       2083    186.219     2.3948   3.066226    34.3196    27.3947 0.0000e+00
       2084    185.421     2.3873   3.065421    34.3182    27.3941 0.0000e+00
       2085    184.643     2.3759   3.063963    34.3128    27.3908 0.0000e+00
       2086    183.875     2.3615   3.062133    34.3060    27.3866 0.0000e+00
       2087    183.101     2.3468   3.060447    34.3014    27.3840 0.0000e+00
       2088    182.325     2.3351   3.059252    34.2996    27.3836 0.0000e+00
       2089    181.557     2.3260   3.058353    34.2986    27.3836 0.0000e+00
       2090    180.790     2.3134   3.056800    34.2933    27.3804 0.0000e+00
       2091    180.004     2.2934   3.054202    34.2830    27.3738 0.0000e+00
       2092    179.194     2.2715   3.051668    34.2756    27.3696 0.0000e+00
       2093    178.377     2.2555   3.050154    34.2744    27.3700 0.0000e+00
       2094    177.575     2.2468   3.049413    34.2750    27.3712 0.0000e+00
       2095    176.797     2.2422   3.048923    34.2743    27.3710 0.0000e+00
       2096    176.032     2.2388   3.048453    34.2726    27.3698 0.0000e+00
       2097    175.269     2.2355   3.048031    34.2713    27.3691 0.0000e+00
       2098    174.512     2.2332   3.047773    34.2710    27.3690 0.0000e+00
       2099    173.760     2.2321   3.047597    34.2704    27.3687 0.0000e+00
       2100    173.006     2.2302   3.047277    34.2689    27.3676 0.0000e+00
       2101    172.250     2.2265   3.046801    34.2674    27.3667 0.0000e+00
       2102    171.499     2.2221   3.046353    34.2670    27.3667 0.0000e+00
       2103    170.769     2.2182   3.045985    34.2670    27.3671 0.0000e+00
       2104    170.061     2.2141   3.045468    34.2654    27.3661 0.0000e+00
       2105    169.354     2.2088   3.044698    34.2619    27.3637 0.0000e+00
       2106    168.631     2.2025   3.044009    34.2605    27.3631 0.0000e+00
       2107    167.903     2.1962   3.043573    34.2623    27.3651 0.0000e+00
       2108    167.201     2.1891   3.042886    34.2618    27.3652 0.0000e+00
       2109    166.523     2.1805   3.041580    34.2552    27.3606 0.0000e+00
       2110    165.833     2.1716   3.040254    34.2486    27.3561 0.0000e+00
       2111    165.110     2.1652   3.039546    34.2471    27.3554 0.0000e+00
       2112    164.371     2.1623   3.039475    34.2497    27.3577 0.0000e+00
       2113    163.663     2.1616   3.039718    34.2539    27.3611 0.0000e+00
       2114    163.016     2.1615   3.039692    34.2541    27.3613 0.0000e+00
       2115    162.413     2.1595   3.039135    34.2496    27.3579 0.0000e+00
       2116    161.817     2.1538   3.038117    34.2434    27.3533 0.0000e+00
       2117    161.198     2.1443   3.036843    34.2381    27.3499 0.0000e+00
       2118    160.548     2.1328   3.035597    34.2353    27.3485 0.0000e+00
       2119    159.882     2.1207   3.034171    34.2310    27.3460 0.0000e+00
       2120    159.218     2.1086   3.032580    34.2245    27.3418 0.0000e+00
       2121    158.559     2.0980   3.031329    34.2207    27.3396 0.0000e+00
       2122    157.900     2.0900   3.030481    34.2191    27.3389 0.0000e+00
       2123    157.241     2.0843   3.029881    34.2181    27.3386 0.0000e+00
       2124    156.580     2.0806   3.029502    34.2177    27.3386 0.0000e+00
       2125    155.913     2.0785   3.029232    34.2170    27.3382 0.0000e+00
       2126    155.235     2.0761   3.028842    34.2151    27.3368 0.0000e+00
       2127    154.537     2.0720   3.028234    34.2123    27.3349 0.0000e+00
       2128    153.818     2.0664   3.027582    34.2106    27.3340 0.0000e+00
       2129    153.090     2.0611   3.027089    34.2106    27.3344 0.0000e+00
       2130    152.366     2.0563   3.026631    34.2104    27.3347 0.0000e+00
       2131    151.648     2.0507   3.025878    34.2075    27.3327 0.0000e+00
       2132    150.925     2.0434   3.024868    34.2031    27.3298 0.0000e+00
       2133    150.183     2.0355   3.023930    34.2003    27.3282 0.0000e+00
       2134    149.417     2.0283   3.023112    34.1983    27.3271 0.0000e+00
       2135    148.644     2.0226   3.022419    34.1962    27.3259 0.0000e+00
       2136    147.889     2.0183   3.021944    34.1953    27.3255 0.0000e+00
       2137    147.149     2.0143   3.021472    34.1942    27.3249 0.0000e+00
       2138    146.406     2.0097   3.020860    34.1919    27.3235 0.0000e+00
       2139    145.640     2.0043   3.020171    34.1895    27.3220 0.0000e+00
       2140    144.842     1.9956   3.019216    34.1874    27.3210 0.0000e+00
       2141    144.019     1.9785   3.017200    34.1811    27.3172 0.0000e+00
       2142    143.176     1.9511   3.013623    34.1663    27.3075 0.0000e+00
       2143    142.306     1.9201   3.009711    34.1511    27.2977 0.0000e+00
       2144    141.404     1.8931   3.006760    34.1438    27.2939 0.0000e+00
       2145    140.485     1.8735   3.004929    34.1424    27.2943 0.0000e+00
       2146    139.583     1.8613   3.004122    34.1460    27.2981 0.0000e+00
       2147    138.720     1.8546   3.003543    34.1464    27.2990 0.0000e+00
       2148    137.872     1.8498   3.002505    34.1391    27.2934 0.0000e+00
       2149    136.999     1.8443   3.001463    34.1324    27.2885 0.0000e+00
       2150    136.094     1.8382   3.000737    34.1304    27.2873 0.0000e+00
       2151    135.176     1.8325   3.000121    34.1293    27.2869 0.0000e+00
       2152    134.256     1.8268   2.999303    34.1257    27.2844 0.0000e+00
       2153    133.317     1.8199   2.998252    34.1205    27.2808 0.0000e+00
       2154    132.345     1.8123   2.997368    34.1181    27.2795 0.0000e+00
       2155    131.363     1.8053   2.996963    34.1211    27.2824 0.0000e+00
       2156    130.413     1.7988   2.996733    34.1258    27.2866 0.0000e+00
       2157    129.504     1.7906   2.995665    34.1217    27.2840 0.0000e+00
       2158    128.594     1.7788   2.993651    34.1096    27.2752 0.0000e+00
       2159    127.635     1.7632   2.991630    34.1016    27.2699 0.0000e+00
       2160    126.622     1.7455   2.989952    34.1001    27.2700 0.0000e+00
       2161    125.593     1.7281   2.988211    34.0976    27.2693 0.0000e+00
       2162    124.564     1.7120   2.986069    34.0885    27.2632 0.0000e+00
       2163    123.519     1.6971   2.984156    34.0811    27.2584 0.0000e+00
       2164    122.450     1.6830   2.982917    34.0813    27.2596 0.0000e+00
       2165    121.377     1.6701   2.981956    34.0838    27.2625 0.0000e+00
       2166    120.328     1.6594   2.980798    34.0813    27.2613 0.0000e+00
       2167    119.303     1.6513   2.979414    34.0732    27.2553 0.0000e+00
       2168    118.280     1.6456   2.978334    34.0663    27.2502 0.0000e+00
       2169    117.237     1.6409   2.977704    34.0640    27.2487 0.0000e+00
       2170    116.167     1.6359   2.977226    34.0640    27.2491 0.0000e+00
       2171    115.084     1.6296   2.976803    34.0660    27.2512 0.0000e+00
       2172    114.003     1.6203   2.976204    34.0692    27.2544 0.0000e+00
       2173    112.920     1.6029   2.974286    34.0643    27.2518 0.0000e+00
       2174    111.813     1.5753   2.970469    34.0465    27.2395 0.0000e+00
       2175    110.670     1.5460   2.966796    34.0323    27.2302 0.0000e+00
       2176    109.495     1.5252   2.964882    34.0313    27.2308 0.0000e+00
       2177    108.302     1.5139   2.963910    34.0319    27.2321 0.0000e+00
       2178    107.102     1.5080   2.963469    34.0334    27.2337 0.0000e+00
       2179    105.900     1.5029   2.962995    34.0336    27.2343 0.0000e+00
       2180    104.690     1.4951   2.961405    34.0225    27.2260 0.0000e+00
       2181    103.448     1.4832   2.959280    34.0091    27.2161 0.0000e+00
       2182    102.183     1.4676   2.958218    34.0133    27.2205 0.0000e+00
       2183    100.959     1.4507   2.957955    34.0290    27.2343 0.0000e+00
       2184     99.832     1.4325   2.956772    34.0343    27.2399 0.0000e+00
       2185     98.778     1.4077   2.952994    34.0138    27.2251 0.0000e+00
       2186     97.720     1.3740   2.946946    33.9739    27.1954 0.0000e+00
       2187     96.591     1.3390   2.942340    33.9538    27.1817 0.0000e+00
       2188     95.407     1.3174   2.941573    33.9682    27.1947 0.0000e+00
       2189     94.288     1.3216   2.942996    33.9824    27.2059 0.0000e+00
       2190     93.324     1.3385   2.942945    33.9640    27.1899 0.0000e+00
       2191     92.460     1.3332   2.940731    33.9420    27.1726 0.0000e+00
       2192     91.604     1.2890   2.936002    33.9301    27.1660 0.0000e+00
       2193     90.740     1.2242   2.928669    33.9072    27.1520 0.0000e+00
       2194     89.911     1.1692   2.923759    33.9045    27.1535 0.0000e+00
       2195     89.170     1.1446   2.924831    33.9454    27.1881 0.0000e+00
       2196     88.530     1.1578   2.929077    33.9859    27.2197 0.0000e+00
       2197     87.924     1.1797   2.929472    33.9675    27.2034 0.0000e+00
       2198     87.261     1.1611   2.922818    33.9028    27.1527 0.0000e+00
       2199     86.511     1.1062   2.915392    33.8677    27.1281 0.0000e+00
       2200     85.717     1.0709   2.914406    33.8939    27.1514 0.0000e+00
       2201     84.956     1.0769   2.915610    33.9032    27.1586 0.0000e+00
       2202     84.263     1.0937   2.913481    33.8580    27.1211 0.0000e+00
       2203     83.592     1.0846   2.910850    33.8345    27.1028 0.0000e+00
       2204     82.892     1.0351   2.906162    33.8285    27.1012 0.0000e+00
       2205     82.174     0.9738   2.900349    33.8207    27.0988 0.0000e+00
       2206     81.503     0.9538   2.899317    33.8296    27.1072 0.0000e+00
       2207     80.923     0.9700   2.898725    33.8047    27.0862 0.0000e+00
       2208     80.388     0.9663   2.895912    33.7728    27.0607 0.0000e+00
       2209     79.785     0.9221   2.892281    33.7744    27.0648 0.0000e+00
       2210     79.053     0.8599   2.886224    33.7642    27.0605 0.0000e+00
       2211     78.257     0.8135   2.881582    33.7552    27.0561 0.0000e+00
       2212     77.511     0.8005   2.880525    33.7561    27.0576 0.0000e+00
       2213     76.848     0.8039   2.880550    33.7531    27.0550 0.0000e+00
       2214     76.184     0.8005   2.880605    33.7579    27.0591 0.0000e+00
       2215     75.439     0.7819   2.878698    33.7539    27.0570 0.0000e+00
       2216     74.666     0.7603   2.876302    33.7469    27.0526 0.0000e+00
       2217     73.983     0.7584   2.876208    33.7481    27.0538 0.0000e+00
       2218     73.420     0.7711   2.876105    33.7333    27.0411 0.0000e+00
       2219     72.891     0.7722   2.875540    33.7251    27.0344 0.0000e+00
       2220     72.287     0.7519   2.874176    33.7299    27.0395 0.0000e+00
       2221     71.596     0.7214   2.871323    33.7265    27.0386 0.0000e+00
       2222     70.918     0.7027   2.870331    33.7344    27.0461 0.0000e+00
       2223     70.291     0.7007   2.870825    33.7434    27.0534 0.0000e+00
       2224     69.650     0.6961   2.869376    33.7300    27.0429 0.0000e+00
       2225     68.958     0.6819   2.866967    33.7146    27.0313 0.0000e+00
       2226     68.270     0.6752   2.866726    33.7192    27.0354 0.0000e+00
       2227     67.661     0.6858   2.867877    33.7229    27.0378 0.0000e+00
       2228     67.120     0.6994   2.868188    33.7125    27.0286 0.0000e+00
       2229     66.563     0.7009   2.868256    33.7120    27.0281 0.0000e+00
       2230     65.938     0.6883   2.867369    33.7146    27.0310 0.0000e+00
       2231     65.272     0.6650   2.864439    33.7024    27.0225 0.0000e+00
       2232     64.610     0.6409   2.861633    33.6926    27.0160 0.0000e+00
       2233     63.960     0.6258   2.860382    33.6931    27.0174 0.0000e+00
       2234     63.307     0.6196   2.859942    33.6946    27.0189 0.0000e+00
       2235     62.634     0.6182   2.859687    33.6932    27.0178 0.0000e+00
       2236     61.945     0.6190   2.859605    33.6916    27.0165 0.0000e+00
       2237     61.254     0.6198   2.859699    33.6924    27.0171 0.0000e+00
       2238     60.557     0.6179   2.859396    33.6909    27.0160 0.0000e+00
       2239     59.836     0.6133   2.858548    33.6853    27.0118 0.0000e+00
       2240     59.100     0.6092   2.857909    33.6819    27.0093 0.0000e+00
       2241     58.381     0.6097   2.857963    33.6825    27.0097 0.0000e+00
       2242     57.693     0.6162   2.858820    33.6870    27.0130 0.0000e+00
       2243     57.055     0.6249   2.860273    33.6968    27.0203 0.0000e+00
       2244     56.495     0.6321   2.861536    33.7057    27.0271 0.0000e+00
       2245     56.016     0.6386   2.862178    33.7072    27.0279 0.0000e+00
       2246     55.590     0.6458   2.862555    33.7045    27.0253 0.0000e+00
       2247     55.188     0.6522   2.862998    33.7035    27.0242 0.0000e+00
       2248     54.785     0.6566   2.863438    33.7047    27.0248 0.0000e+00
       2249     54.364     0.6588   2.863662    33.7054    27.0253 0.0000e+00
       2250     53.934     0.6593   2.863760    33.7064    27.0261 0.0000e+00
       2251     53.513     0.6593   2.864094    33.7110    27.0298 0.0000e+00
       2252     53.107     0.6606   2.864625    33.7167    27.0343 0.0000e+00
       2253     52.709     0.6628   2.865019    33.7197    27.0366 0.0000e+00
       2254     52.315     0.6648   2.865240    33.7206    27.0372 0.0000e+00
       2255     51.934     0.6675   2.865352    33.7193    27.0360 0.0000e+00
       2256     51.578     0.6739   2.865306    33.7120    27.0297 0.0000e+00
