Datasets/Multi_Species/NEE535/ned535_2020_014.cnv
* Sea-Bird SBE19plus Data File:
* Filename = C:/AQUIRE/ned535_2020_014.hex
* Software Version AquireV2 AF V2.0
* Temperature SN =  4579
* Conductivity SN =  4579
* System UpLoad Time = Dec 07 2020 18:36:28
** VESSEL/TRIP/SEQ STN: ned535_2020_014
** LATITUDE: 50 13.69 N
** LONGITUDE: 50 08.68 W
** DATE/TIME: 2020-12-07 17:15
** SOUNDING DEPTH (M):  949
** PROBE TYPE: S4579
** CTD NUMBER:  14
** COMMENTS: 
# nquan = 7                                 
# nvalues = 4800                        
# units = specified
# name 0 = scan: Scan Count
# name 1 = prdM: Pressure, Strain Gauge [db]
# name 2 = tv290C: Temperature [ITS-90, deg C]
# name 3 = c0S/m: Conductivity [S/m]
# name 4 = sal00: Salinity, Practical [PSU]
# name 5 = sigma-t00: Density [sigma-t, kg/m^3 ]
# name 6 = flag: flag
# span 0 =          1,       4800       
# span 1 =     -0.394,    945.893       
# span 2 =     1.4890,     3.9511       
# span 3 =   0.011529,   3.251341       
# span 4 =     0.0904,    34.8652       
# span 5 =     0.0451,    27.7302       
# span 6 = 0.0000e+00, 0.0000e+00       
# interval = seconds: 1
# start_time = Dec 07 2020 17:15:41 [Instrument's time stamp, header]
# bad_flag = -9.990e-29
*END*
[from data line 3283]
       3284    930.162     3.4959   3.240634    34.8636    27.7289 0.0000e+00
       3285    929.959     3.4959   3.240628    34.8636    27.7289 0.0000e+00
       3286    929.758     3.4959   3.240621    34.8636    27.7289 0.0000e+00
       3287    929.560     3.4958   3.240608    34.8637    27.7290 0.0000e+00
       3288    929.367     3.4958   3.240595    34.8636    27.7289 0.0000e+00
       3289    929.173     3.4958   3.240583    34.8636    27.7289 0.0000e+00
       3290    928.975     3.4958   3.240569    34.8635    27.7288 0.0000e+00
       3291    928.773     3.4958   3.240553    34.8634    27.7288 0.0000e+00
       3292    928.567     3.4958   3.240546    34.8635    27.7288 0.0000e+00
       3293    928.357     3.4956   3.240536    34.8637    27.7290 0.0000e+00
       3294    928.148     3.4956   3.240517    34.8635    27.7289 0.0000e+00
       3295    927.945     3.4955   3.240507    34.8636    27.7290 0.0000e+00
       3296    927.746     3.4955   3.240507    34.8637    27.7290 0.0000e+00
       3297    927.545     3.4955   3.240499    34.8637    27.7291 0.0000e+00
       3298    927.339     3.4955   3.240485    34.8637    27.7290 0.0000e+00
       3299    927.130     3.4954   3.240470    34.8637    27.7290 0.0000e+00
       3300    926.917     3.4954   3.240455    34.8636    27.7290 0.0000e+00
       3301    926.697     3.4954   3.240447    34.8637    27.7290 0.0000e+00
       3302    926.475     3.4954   3.240434    34.8636    27.7290 0.0000e+00
       3303    926.255     3.4954   3.240417    34.8635    27.7289 0.0000e+00
       3304    926.037     3.4954   3.240408    34.8635    27.7289 0.0000e+00
       3305    925.817     3.4954   3.240406    34.8636    27.7290 0.0000e+00
       3306    925.594     3.4954   3.240394    34.8636    27.7290 0.0000e+00
       3307    925.370     3.4954   3.240372    34.8635    27.7288 0.0000e+00
       3308    925.145     3.4954   3.240350    34.8633    27.7287 0.0000e+00
       3309    924.919     3.4954   3.240329    34.8632    27.7286 0.0000e+00
       3310    924.690     3.4954   3.240309    34.8631    27.7285 0.0000e+00
       3311    924.456     3.4954   3.240298    34.8630    27.7285 0.0000e+00
       3312    924.219     3.4953   3.240299    34.8633    27.7287 0.0000e+00
       3313    923.980     3.4954   3.240314    34.8635    27.7289 0.0000e+00
       3314    923.741     3.4955   3.240323    34.8636    27.7290 0.0000e+00
       3315    923.505     3.4956   3.240310    34.8635    27.7288 0.0000e+00
       3316    923.269     3.4958   3.240280    34.8630    27.7285 0.0000e+00
       3317    923.029     3.4958   3.240258    34.8629    27.7283 0.0000e+00
       3318    922.785     3.4960   3.240256    34.8628    27.7282 0.0000e+00
       3319    922.539     3.4962   3.240269    34.8628    27.7283 0.0000e+00
       3320    922.296     3.4964   3.240276    34.8628    27.7283 0.0000e+00
       3321    922.058     3.4969   3.240283    34.8625    27.7279 0.0000e+00
       3322    921.822     3.4981   3.240372    34.8624    27.7278 0.0000e+00
       3323    921.583     3.4997   3.240499    34.8624    27.7276 0.0000e+00
       3324    921.341     3.5008   3.240509    34.8614    27.7267 0.0000e+00
       3325    921.099     3.5006   3.240446    34.8610    27.7264 0.0000e+00
       3326    920.854     3.5002   3.240422    34.8613    27.7266 0.0000e+00
       3327    920.606     3.5003   3.240428    34.8614    27.7267 0.0000e+00
       3328    920.359     3.5014   3.240492    34.8611    27.7264 0.0000e+00
       3329    920.113     3.5026   3.240548    34.8606    27.7259 0.0000e+00
       3330    919.863     3.5030   3.240508    34.8599    27.7252 0.0000e+00
       3331    919.608     3.5026   3.240484    34.8601    27.7255 0.0000e+00
       3332    919.347     3.5023   3.240542    34.8613    27.7264 0.0000e+00
       3333    919.079     3.5025   3.240590    34.8618    27.7268 0.0000e+00
       3334    918.807     3.5028   3.240603    34.8618    27.7268 0.0000e+00
       3335    918.534     3.5038   3.240711    34.8621    27.7270 0.0000e+00
       3336    918.263     3.5061   3.240932    34.8625    27.7270 0.0000e+00
       3337    917.995     3.5088   3.241061    34.8613    27.7258 0.0000e+00
       3338    917.735     3.5108   3.241089    34.8596    27.7243 0.0000e+00
       3339    917.479     3.5128   3.241223    34.8592    27.7238 0.0000e+00
       3340    917.221     3.5148   3.241379    34.8591    27.7235 0.0000e+00
       3341    916.957     3.5156   3.241365    34.8582    27.7227 0.0000e+00
       3342    916.683     3.5153   3.241279    34.8577    27.7223 0.0000e+00
       3343    916.400     3.5149   3.241284    34.8583    27.7228 0.0000e+00
       3344    916.113     3.5149   3.241314    34.8588    27.7232 0.0000e+00
       3345    915.829     3.5148   3.241283    34.8587    27.7231 0.0000e+00
       3346    915.547     3.5148   3.241273    34.8587    27.7231 0.0000e+00
       3347    915.263     3.5152   3.241334    34.8592    27.7235 0.0000e+00
       3348    914.979     3.5156   3.241360    34.8592    27.7235 0.0000e+00
       3349    914.692     3.5156   3.241263    34.8582    27.7226 0.0000e+00
       3350    914.402     3.5154   3.241117    34.8568    27.7216 0.0000e+00
       3351    914.109     3.5153   3.241088    34.8567    27.7215 0.0000e+00
       3352    913.814     3.5156   3.241230    34.8582    27.7227 0.0000e+00
       3353    913.516     3.5164   3.241396    34.8595    27.7236 0.0000e+00
       3354    913.216     3.5170   3.241407    34.8592    27.7233 0.0000e+00
       3355    912.917     3.5172   3.241310    34.8580    27.7223 0.0000e+00
       3356    912.617     3.5175   3.241344    34.8582    27.7225 0.0000e+00
       3357    912.315     3.5184   3.241505    34.8593    27.7233 0.0000e+00
       3358    912.008     3.5196   3.241581    34.8591    27.7230 0.0000e+00
       3359    911.697     3.5202   3.241486    34.8575    27.7217 0.0000e+00
       3360    911.385     3.5200   3.241347    34.8562    27.7207 0.0000e+00
       3361    911.075     3.5197   3.241355    34.8568    27.7211 0.0000e+00
       3362    910.765     3.5198   3.241487    34.8584    27.7224 0.0000e+00
       3363    910.451     3.5203   3.241564    34.8590    27.7228 0.0000e+00
       3364    910.130     3.5204   3.241524    34.8586    27.7225 0.0000e+00
       3365    909.807     3.5202   3.241477    34.8584    27.7224 0.0000e+00
       3366    909.481     3.5207   3.241530    34.8587    27.7225 0.0000e+00
       3367    909.153     3.5217   3.241596    34.8586    27.7223 0.0000e+00
       3368    908.827     3.5223   3.241578    34.8579    27.7217 0.0000e+00
       3369    908.507     3.5224   3.241470    34.8566    27.7207 0.0000e+00
       3370    908.190     3.5221   3.241340    34.8556    27.7199 0.0000e+00
       3371    907.868     3.5217   3.241321    34.8559    27.7203 0.0000e+00
       3372    907.541     3.5217   3.241408    34.8572    27.7212 0.0000e+00
       3373    907.209     3.5222   3.241490    34.8578    27.7217 0.0000e+00
       3374    906.876     3.5232   3.241531    34.8574    27.7212 0.0000e+00
       3375    906.541     3.5237   3.241525    34.8569    27.7209 0.0000e+00
       3376    906.202     3.5237   3.241461    34.8564    27.7204 0.0000e+00
       3377    905.855     3.5235   3.241369    34.8557    27.7198 0.0000e+00
       3378    905.502     3.5232   3.241335    34.8557    27.7200 0.0000e+00
       3379    905.151     3.5232   3.241389    34.8566    27.7206 0.0000e+00
       3380    904.806     3.5236   3.241446    34.8570    27.7209 0.0000e+00
       3381    904.469     3.5242   3.241456    34.8567    27.7206 0.0000e+00
       3382    904.138     3.5244   3.241424    34.8562    27.7202 0.0000e+00
       3383    903.804     3.5245   3.241380    34.8558    27.7199 0.0000e+00
       3384    903.464     3.5249   3.241388    34.8556    27.7197 0.0000e+00
       3385    903.117     3.5254   3.241412    34.8556    27.7196 0.0000e+00
       3386    902.762     3.5256   3.241397    34.8554    27.7194 0.0000e+00
       3387    902.403     3.5256   3.241392    34.8555    27.7195 0.0000e+00
       3388    902.048     3.5256   3.241401    34.8558    27.7197 0.0000e+00
       3389    901.700     3.5256   3.241376    34.8557    27.7196 0.0000e+00
       3390    901.358     3.5255   3.241309    34.8551    27.7192 0.0000e+00
       3391    901.017     3.5253   3.241252    34.8549    27.7190 0.0000e+00
       3392    900.671     3.5254   3.241277    34.8552    27.7193 0.0000e+00
       3393    900.319     3.5259   3.241352    34.8558    27.7197 0.0000e+00
       3394    899.964     3.5266   3.241407    34.8559    27.7197 0.0000e+00
       3395    899.608     3.5274   3.241436    34.8556    27.7194 0.0000e+00
       3396    899.247     3.5279   3.241462    34.8555    27.7193 0.0000e+00
       3397    898.883     3.5284   3.241477    34.8554    27.7191 0.0000e+00
       3398    898.514     3.5284   3.241455    34.8553    27.7191 0.0000e+00
       3399    898.140     3.5279   3.241403    34.8554    27.7192 0.0000e+00
       3400    897.763     3.5277   3.241367    34.8554    27.7192 0.0000e+00
       3401    897.386     3.5279   3.241376    34.8555    27.7193 0.0000e+00
       3402    897.011     3.5282   3.241383    34.8554    27.7192 0.0000e+00
       3403    896.635     3.5282   3.241348    34.8552    27.7190 0.0000e+00
       3404    896.259     3.5279   3.241297    34.8551    27.7190 0.0000e+00
       3405    895.881     3.5279   3.241290    34.8552    27.7191 0.0000e+00
       3406    895.501     3.5282   3.241320    34.8555    27.7192 0.0000e+00
       3407    895.117     3.5286   3.241326    34.8553    27.7191 0.0000e+00
       3408    894.727     3.5288   3.241307    34.8551    27.7188 0.0000e+00
       3409    894.333     3.5288   3.241278    34.8549    27.7187 0.0000e+00
       3410    893.934     3.5286   3.241222    34.8547    27.7186 0.0000e+00
       3411    893.534     3.5284   3.241188    34.8547    27.7186 0.0000e+00
       3412    893.136     3.5285   3.241218    34.8551    27.7189 0.0000e+00
       3413    892.740     3.5289   3.241244    34.8552    27.7190 0.0000e+00
       3414    892.347     3.5290   3.241222    34.8551    27.7188 0.0000e+00
       3415    891.954     3.5289   3.241174    34.8548    27.7186 0.0000e+00
       3416    891.557     3.5286   3.241135    34.8549    27.7187 0.0000e+00
       3417    891.154     3.5286   3.241122    34.8549    27.7188 0.0000e+00
       3418    890.748     3.5287   3.241110    34.8549    27.7187 0.0000e+00
       3419    890.337     3.5287   3.241068    34.8546    27.7185 0.0000e+00
       3420    889.922     3.5286   3.241028    34.8544    27.7184 0.0000e+00
       3421    889.510     3.5286   3.241027    34.8546    27.7185 0.0000e+00
       3422    889.105     3.5288   3.241038    34.8548    27.7186 0.0000e+00
       3423    888.705     3.5290   3.241009    34.8544    27.7183 0.0000e+00
       3424    888.305     3.5290   3.240931    34.8537    27.7177 0.0000e+00
       3425    887.902     3.5290   3.240875    34.8532    27.7174 0.0000e+00
       3426    887.495     3.5290   3.240866    34.8533    27.7175 0.0000e+00
       3427    887.086     3.5290   3.240868    34.8536    27.7176 0.0000e+00
       3428    886.679     3.5290   3.240893    34.8541    27.7181 0.0000e+00
       3429    886.275     3.5292   3.240929    34.8545    27.7184 0.0000e+00
       3430    885.873     3.5296   3.240926    34.8543    27.7181 0.0000e+00
       3431    885.470     3.5297   3.240870    34.8537    27.7177 0.0000e+00
       3432    885.062     3.5298   3.240813    34.8531    27.7172 0.0000e+00
       3433    884.653     3.5300   3.240809    34.8531    27.7171 0.0000e+00
       3434    884.244     3.5301   3.240842    34.8536    27.7175 0.0000e+00
       3435    883.832     3.5303   3.240867    34.8539    27.7178 0.0000e+00
       3436    883.417     3.5305   3.240843    34.8536    27.7175 0.0000e+00
       3437    882.996     3.5306   3.240789    34.8531    27.7171 0.0000e+00
       3438    882.568     3.5308   3.240769    34.8528    27.7169 0.0000e+00
       3439    882.140     3.5310   3.240786    34.8530    27.7170 0.0000e+00
       3440    881.717     3.5313   3.240831    34.8535    27.7173 0.0000e+00
       3441    881.300     3.5317   3.240863    34.8537    27.7174 0.0000e+00
       3442    880.885     3.5320   3.240825    34.8531    27.7170 0.0000e+00
       3443    880.469     3.5322   3.240746    34.8522    27.7162 0.0000e+00
       3444    880.053     3.5325   3.240697    34.8515    27.7156 0.0000e+00
       3445    879.637     3.5325   3.240700    34.8517    27.7158 0.0000e+00
       3446    879.219     3.5325   3.240756    34.8526    27.7165 0.0000e+00
       3447    878.795     3.5327   3.240796    34.8531    27.7169 0.0000e+00
       3448    878.361     3.5330   3.240764    34.8526    27.7165 0.0000e+00
       3449    877.916     3.5336   3.240737    34.8519    27.7158 0.0000e+00
       3450    877.464     3.5343   3.240751    34.8515    27.7155 0.0000e+00
       3451    877.017     3.5346   3.240761    34.8516    27.7155 0.0000e+00
       3452    876.578     3.5344   3.240766    34.8521    27.7159 0.0000e+00
       3453    876.145     3.5347   3.240774    34.8521    27.7159 0.0000e+00
       3454    875.710     3.5357   3.240824    34.8518    27.7156 0.0000e+00
       3455    875.273     3.5368   3.240877    34.8515    27.7153 0.0000e+00
       3456    874.839     3.5371   3.240866    34.8513    27.7150 0.0000e+00
       3457    874.406     3.5370   3.240844    34.8514    27.7151 0.0000e+00
       3458    873.968     3.5370   3.240820    34.8513    27.7151 0.0000e+00
       3459    873.521     3.5375   3.240799    34.8508    27.7146 0.0000e+00
       3460    873.065     3.5378   3.240781    34.8505    27.7143 0.0000e+00
       3461    872.602     3.5377   3.240742    34.8504    27.7142 0.0000e+00
       3462    872.134     3.5372   3.240717    34.8508    27.7147 0.0000e+00
       3463    871.669     3.5372   3.240768    34.8517    27.7153 0.0000e+00
       3464    871.212     3.5379   3.240887    34.8526    27.7160 0.0000e+00
       3465    870.762     3.5391   3.240956    34.8524    27.7157 0.0000e+00
       3466    870.309     3.5404   3.240951    34.8512    27.7146 0.0000e+00
       3467    869.847     3.5425   3.241023    34.8501    27.7135 0.0000e+00
       3468    869.375     3.5444   3.241097    34.8492    27.7126 0.0000e+00
       3469    868.899     3.5447   3.241043    34.8484    27.7120 0.0000e+00
       3470    868.422     3.5442   3.241038    34.8492    27.7126 0.0000e+00
       3471    867.944     3.5446   3.241166    34.8505    27.7137 0.0000e+00
       3472    867.471     3.5459   3.241289    34.8509    27.7138 0.0000e+00
       3473    866.998     3.5469   3.241274    34.8499    27.7129 0.0000e+00
       3474    866.518     3.5474   3.241150    34.8481    27.7115 0.0000e+00
       3475    866.034     3.5477   3.241068    34.8471    27.7106 0.0000e+00
       3476    865.550     3.5480   3.241057    34.8469    27.7104 0.0000e+00
       3477    865.065     3.5480   3.241074    34.8473    27.7108 0.0000e+00
       3478    864.581     3.5479   3.241118    34.8482    27.7115 0.0000e+00
       3479    864.096     3.5484   3.241146    34.8482    27.7115 0.0000e+00
       3480    863.608     3.5490   3.241120    34.8476    27.7109 0.0000e+00
       3481    863.116     3.5492   3.241053    34.8468    27.7102 0.0000e+00
       3482    862.615     3.5495   3.241009    34.8462    27.7098 0.0000e+00
       3483    862.107     3.5499   3.241007    34.8460    27.7096 0.0000e+00
       3484    861.602     3.5499   3.240991    34.8461    27.7096 0.0000e+00
       3485    861.107     3.5499   3.240986    34.8463    27.7098 0.0000e+00
       3486    860.619     3.5501   3.240964    34.8461    27.7096 0.0000e+00
       3487    860.127     3.5507   3.240946    34.8455    27.7090 0.0000e+00
