Datasets/Multi_Species/NEE535/ned535_2020_013.cnv
* Sea-Bird SBE19plus Data File:
* Filename = C:/AQUIRE/ned535_2020_013.hex
* Software Version AquireV2 AF V2.0
* Temperature SN =  4579
* Conductivity SN =  4579
* System UpLoad Time = Dec 07 2020 16:04:27
** VESSEL/TRIP/SEQ STN: ned535_2020_013
** LATITUDE: 50 13.61 N
** LONGITUDE: 50 14.81 W
** DATE/TIME: 2020-12-07 14:46
** SOUNDING DEPTH (M):  873
** PROBE TYPE: S4579
** CTD NUMBER:  13
** COMMENTS: 
# nquan = 7                                 
# nvalues = 4629                        
# units = specified
# name 0 = scan: Scan Count
# name 1 = prdM: Pressure, Strain Gauge [db]
# name 2 = tv290C: Temperature [ITS-90, deg C]
# name 3 = c0S/m: Conductivity [S/m]
# name 4 = sal00: Salinity, Practical [PSU]
# name 5 = sigma-t00: Density [sigma-t, kg/m^3 ]
# name 6 = flag: flag
# span 0 =          1,       4629       
# span 1 =     -0.397,    892.838       
# span 2 =     1.5939,     3.9506       
# span 3 =   0.013335,   3.250286       
# span 4 =     0.1059,    34.8645       
# span 5 =     0.0547,    27.7283       
# span 6 = 0.0000e+00, 0.0000e+00       
# interval = seconds: 1
# start_time = Dec 07 2020 14:46:12 [Instrument's time stamp, header]
# bad_flag = -9.990e-29
*END*
[from data line 1436]
       1437    608.381     3.7100   3.242034    34.8214    27.6739 0.0000e+00
       1438    608.912     3.7105   3.242095    34.8213    27.6738 0.0000e+00
       1439    609.419     3.7108   3.242142    34.8213    27.6737 0.0000e+00
       1440    609.905     3.7108   3.242172    34.8214    27.6738 0.0000e+00
       1441    610.389     3.7108   3.242186    34.8213    27.6737 0.0000e+00
       1442    610.887     3.7108   3.242219    34.8214    27.6739 0.0000e+00
       1443    611.404     3.7111   3.242283    34.8216    27.6740 0.0000e+00
       1444    611.930     3.7112   3.242327    34.8217    27.6741 0.0000e+00
       1445    612.442     3.7108   3.242295    34.8215    27.6739 0.0000e+00
       1446    612.935     3.7084   3.242064    34.8210    27.6738 0.0000e+00
       1447    613.433     3.7017   3.241338    34.8192    27.6730 0.0000e+00
       1448    613.954     3.6921   3.240275    34.8165    27.6718 0.0000e+00
       1449    614.484     3.6844   3.239609    34.8164    27.6725 0.0000e+00
       1450    614.997     3.6806   3.239419    34.8179    27.6741 0.0000e+00
       1451    615.488     3.6788   3.239299    34.8181    27.6745 0.0000e+00
       1452    615.977     3.6770   3.239132    34.8178    27.6744 0.0000e+00
       1453    616.486     3.6749   3.238947    34.8175    27.6744 0.0000e+00
       1454    617.015     3.6725   3.238757    34.8175    27.6746 0.0000e+00
       1455    617.540     3.6704   3.238574    34.8173    27.6746 0.0000e+00
       1456    618.050     3.6690   3.238452    34.8171    27.6746 0.0000e+00
       1457    618.554     3.6681   3.238396    34.8171    27.6747 0.0000e+00
       1458    619.064     3.6674   3.238368    34.8172    27.6749 0.0000e+00
       1459    619.586     3.6668   3.238344    34.8173    27.6750 0.0000e+00
       1460    620.120     3.6657   3.238250    34.8171    27.6749 0.0000e+00
       1461    620.660     3.6641   3.238094    34.8166    27.6747 0.0000e+00
       1462    621.195     3.6624   3.237951    34.8164    27.6748 0.0000e+00
       1463    621.717     3.6612   3.237855    34.8163    27.6748 0.0000e+00
       1464    622.228     3.6602   3.237799    34.8164    27.6750 0.0000e+00
       1465    622.731     3.6590   3.237714    34.8164    27.6751 0.0000e+00
       1466    623.226     3.6574   3.237559    34.8160    27.6749 0.0000e+00
       1467    623.717     3.6559   3.237419    34.8156    27.6748 0.0000e+00
       1468    624.215     3.6546   3.237337    34.8158    27.6750 0.0000e+00
       1469    624.725     3.6538   3.237283    34.8157    27.6751 0.0000e+00
       1470    625.247     3.6536   3.237285    34.8157    27.6750 0.0000e+00
       1471    625.773     3.6538   3.237349    34.8160    27.6752 0.0000e+00
       1472    626.297     3.6540   3.237398    34.8161    27.6753 0.0000e+00
       1473    626.821     3.6539   3.237404    34.8160    27.6752 0.0000e+00
       1474    627.345     3.6534   3.237374    34.8158    27.6752 0.0000e+00
       1475    627.859     3.6525   3.237319    34.8159    27.6753 0.0000e+00
       1476    628.357     3.6517   3.237267    34.8158    27.6754 0.0000e+00
       1477    628.844     3.6510   3.237232    34.8159    27.6755 0.0000e+00
       1478    629.330     3.6507   3.237220    34.8158    27.6755 0.0000e+00
       1479    629.817     3.6506   3.237242    34.8159    27.6756 0.0000e+00
       1480    630.303     3.6506   3.237280    34.8161    27.6757 0.0000e+00
       1481    630.791     3.6506   3.237318    34.8163    27.6759 0.0000e+00
       1482    631.289     3.6508   3.237363    34.8164    27.6759 0.0000e+00
       1483    631.800     3.6510   3.237420    34.8166    27.6760 0.0000e+00
       1484    632.315     3.6513   3.237481    34.8167    27.6761 0.0000e+00
       1485    632.823     3.6516   3.237547    34.8169    27.6762 0.0000e+00
       1486    633.326     3.6519   3.237606    34.8171    27.6763 0.0000e+00
       1487    633.833     3.6520   3.237643    34.8171    27.6764 0.0000e+00
       1488    634.344     3.6521   3.237674    34.8171    27.6763 0.0000e+00
       1489    634.852     3.6521   3.237702    34.8172    27.6764 0.0000e+00
       1490    635.351     3.6521   3.237736    34.8173    27.6765 0.0000e+00
       1491    635.838     3.6521   3.237768    34.8174    27.6766 0.0000e+00
       1492    636.316     3.6523   3.237791    34.8173    27.6764 0.0000e+00
       1493    636.790     3.6524   3.237815    34.8172    27.6764 0.0000e+00
       1494    637.268     3.6525   3.237846    34.8172    27.6764 0.0000e+00
       1495    637.756     3.6525   3.237875    34.8173    27.6764 0.0000e+00
       1496    638.249     3.6525   3.237894    34.8173    27.6764 0.0000e+00
       1497    638.736     3.6525   3.237907    34.8172    27.6763 0.0000e+00
       1498    639.214     3.6524   3.237921    34.8172    27.6764 0.0000e+00
       1499    639.694     3.6523   3.237934    34.8172    27.6764 0.0000e+00
       1500    640.189     3.6523   3.237962    34.8173    27.6764 0.0000e+00
       1501    640.700     3.6523   3.237995    34.8174    27.6765 0.0000e+00
       1502    641.213     3.6523   3.238019    34.8174    27.6765 0.0000e+00
       1503    641.711     3.6524   3.238044    34.8173    27.6765 0.0000e+00
       1504    642.192     3.6525   3.238070    34.8173    27.6764 0.0000e+00
       1505    642.664     3.6525   3.238087    34.8172    27.6764 0.0000e+00
       1506    643.137     3.6524   3.238099    34.8172    27.6764 0.0000e+00
       1507    643.618     3.6521   3.238109    34.8174    27.6766 0.0000e+00
       1508    644.109     3.6519   3.238117    34.8175    27.6766 0.0000e+00
       1509    644.606     3.6517   3.238128    34.8175    27.6767 0.0000e+00
       1510    645.100     3.6516   3.238129    34.8174    27.6766 0.0000e+00
       1511    645.589     3.6514   3.238120    34.8172    27.6765 0.0000e+00
       1512    646.078     3.6511   3.238114    34.8172    27.6765 0.0000e+00
       1513    646.570     3.6508   3.238122    34.8174    27.6767 0.0000e+00
       1514    647.057     3.6509   3.238172    34.8176    27.6769 0.0000e+00
       1515    647.538     3.6518   3.238310    34.8181    27.6771 0.0000e+00
       1516    648.025     3.6536   3.238539    34.8186    27.6774 0.0000e+00
       1517    648.525     3.6562   3.238856    34.8194    27.6777 0.0000e+00
       1518    649.025     3.6599   3.239297    34.8205    27.6782 0.0000e+00
       1519    649.517     3.6638   3.239743    34.8214    27.6786 0.0000e+00
       1520    650.006     3.6674   3.240101    34.8216    27.6784 0.0000e+00
       1521    650.496     3.6710   3.240494    34.8222    27.6785 0.0000e+00
       1522    650.971     3.6746   3.240901    34.8230    27.6787 0.0000e+00
       1523    651.427     3.6773   3.241182    34.8232    27.6787 0.0000e+00
       1524    651.891     3.6791   3.241365    34.8232    27.6785 0.0000e+00
       1525    652.388     3.6802   3.241525    34.8237    27.6788 0.0000e+00
       1526    652.906     3.6810   3.241644    34.8240    27.6789 0.0000e+00
       1527    653.416     3.6813   3.241692    34.8240    27.6789 0.0000e+00
       1528    653.903     3.6813   3.241705    34.8239    27.6788 0.0000e+00
       1529    654.372     3.6811   3.241726    34.8241    27.6790 0.0000e+00
       1530    654.846     3.6811   3.241771    34.8244    27.6792 0.0000e+00
       1531    655.342     3.6813   3.241837    34.8247    27.6795 0.0000e+00
       1532    655.849     3.6814   3.241899    34.8251    27.6797 0.0000e+00
       1533    656.348     3.6816   3.241948    34.8252    27.6798 0.0000e+00
       1534    656.835     3.6818   3.241989    34.8252    27.6798 0.0000e+00
       1535    657.323     3.6818   3.242028    34.8254    27.6800 0.0000e+00
       1536    657.812     3.6820   3.242065    34.8254    27.6799 0.0000e+00
       1537    658.296     3.6820   3.242085    34.8254    27.6799 0.0000e+00
       1538    658.773     3.6814   3.242051    34.8254    27.6800 0.0000e+00
       1539    659.250     3.6799   3.241916    34.8251    27.6799 0.0000e+00
       1540    659.738     3.6778   3.241703    34.8245    27.6797 0.0000e+00
       1541    660.243     3.6758   3.241532    34.8243    27.6797 0.0000e+00
       1542    660.752     3.6746   3.241462    34.8245    27.6800 0.0000e+00
       1543    661.246     3.6738   3.241434    34.8248    27.6802 0.0000e+00
       1544    661.723     3.6734   3.241414    34.8247    27.6802 0.0000e+00
       1545    662.200     3.6730   3.241395    34.8246    27.6802 0.0000e+00
       1546    662.682     3.6724   3.241355    34.8245    27.6802 0.0000e+00
       1547    663.156     3.6716   3.241296    34.8244    27.6802 0.0000e+00
       1548    663.620     3.6707   3.241227    34.8243    27.6802 0.0000e+00
       1549    664.087     3.6697   3.241151    34.8242    27.6802 0.0000e+00
       1550    664.569     3.6689   3.241113    34.8244    27.6804 0.0000e+00
       1551    665.067     3.6691   3.241171    34.8246    27.6806 0.0000e+00
       1552    665.567     3.6709   3.241392    34.8251    27.6808 0.0000e+00
       1553    666.059     3.6741   3.241788    34.8261    27.6813 0.0000e+00
       1554    666.544     3.6774   3.242182    34.8271    27.6817 0.0000e+00
       1555    667.024     3.6798   3.242416    34.8271    27.6815 0.0000e+00
       1556    667.497     3.6810   3.242531    34.8269    27.6812 0.0000e+00
       1557    667.965     3.6814   3.242602    34.8271    27.6813 0.0000e+00
       1558    668.432     3.6816   3.242641    34.8271    27.6813 0.0000e+00
       1559    668.902     3.6814   3.242652    34.8272    27.6814 0.0000e+00
       1560    669.379     3.6810   3.242649    34.8273    27.6816 0.0000e+00
       1561    669.854     3.6807   3.242654    34.8275    27.6817 0.0000e+00
       1562    670.317     3.6805   3.242665    34.8276    27.6818 0.0000e+00
       1563    670.775     3.6803   3.242664    34.8275    27.6818 0.0000e+00
       1564    671.246     3.6799   3.242649    34.8275    27.6818 0.0000e+00
       1565    671.739     3.6797   3.242654    34.8275    27.6819 0.0000e+00
       1566    672.240     3.6799   3.242714    34.8278    27.6820 0.0000e+00
       1567    672.732     3.6806   3.242827    34.8281    27.6822 0.0000e+00
       1568    673.207     3.6813   3.242930    34.8283    27.6823 0.0000e+00
       1569    673.665     3.6815   3.242968    34.8283    27.6823 0.0000e+00
       1570    674.108     3.6810   3.242943    34.8283    27.6824 0.0000e+00
       1571    674.552     3.6802   3.242859    34.8280    27.6822 0.0000e+00
       1572    675.009     3.6791   3.242755    34.8276    27.6820 0.0000e+00
       1573    675.476     3.6783   3.242700    34.8276    27.6821 0.0000e+00
       1574    675.944     3.6777   3.242687    34.8278    27.6823 0.0000e+00
       1575    676.412     3.6772   3.242656    34.8277    27.6823 0.0000e+00
       1576    676.883     3.6766   3.242615    34.8276    27.6823 0.0000e+00
       1577    677.363     3.6761   3.242594    34.8277    27.6823 0.0000e+00
       1578    677.852     3.6755   3.242571    34.8278    27.6825 0.0000e+00
       1579    678.341     3.6748   3.242524    34.8277    27.6825 0.0000e+00
       1580    678.812     3.6742   3.242478    34.8275    27.6824 0.0000e+00
       1581    679.254     3.6736   3.242453    34.8276    27.6826 0.0000e+00
       1582    679.685     3.6732   3.242438    34.8277    27.6826 0.0000e+00
       1583    680.131     3.6728   3.242425    34.8277    27.6827 0.0000e+00
       1584    680.593     3.6725   3.242409    34.8276    27.6826 0.0000e+00
       1585    681.054     3.6723   3.242401    34.8275    27.6825 0.0000e+00
       1586    681.507     3.6722   3.242423    34.8276    27.6827 0.0000e+00
       1587    681.961     3.6724   3.242480    34.8278    27.6828 0.0000e+00
       1588    682.427     3.6732   3.242582    34.8279    27.6828 0.0000e+00
       1589    682.905     3.6747   3.242797    34.8287    27.6833 0.0000e+00
       1590    683.386     3.6768   3.243067    34.8294    27.6836 0.0000e+00
       1591    683.859     3.6783   3.243227    34.8295    27.6835 0.0000e+00
       1592    684.320     3.6789   3.243275    34.8292    27.6832 0.0000e+00
       1593    684.773     3.6791   3.243296    34.8290    27.6831 0.0000e+00
       1594    685.223     3.6791   3.243331    34.8291    27.6832 0.0000e+00
       1595    685.671     3.6792   3.243371    34.8293    27.6833 0.0000e+00
       1596    686.120     3.6795   3.243418    34.8293    27.6833 0.0000e+00
       1597    686.571     3.6799   3.243478    34.8293    27.6833 0.0000e+00
       1598    687.027     3.6802   3.243535    34.8295    27.6833 0.0000e+00
       1599    687.490     3.6805   3.243590    34.8296    27.6834 0.0000e+00
       1600    687.956     3.6808   3.243651    34.8297    27.6835 0.0000e+00
       1601    688.420     3.6807   3.243678    34.8299    27.6836 0.0000e+00
       1602    688.878     3.6803   3.243647    34.8297    27.6835 0.0000e+00
       1603    689.337     3.6795   3.243592    34.8297    27.6836 0.0000e+00
       1604    689.802     3.6788   3.243554    34.8297    27.6837 0.0000e+00
       1605    690.267     3.6783   3.243540    34.8298    27.6838 0.0000e+00
       1606    690.720     3.6779   3.243536    34.8300    27.6840 0.0000e+00
       1607    691.158     3.6777   3.243531    34.8299    27.6839 0.0000e+00
       1608    691.594     3.6776   3.243535    34.8298    27.6839 0.0000e+00
       1609    692.036     3.6776   3.243550    34.8298    27.6839 0.0000e+00
       1610    692.486     3.6777   3.243590    34.8299    27.6839 0.0000e+00
       1611    692.938     3.6778   3.243649    34.8303    27.6842 0.0000e+00
       1612    693.387     3.6774   3.243661    34.8306    27.6845 0.0000e+00
       1613    693.836     3.6765   3.243588    34.8304    27.6845 0.0000e+00
       1614    694.291     3.6753   3.243491    34.8303    27.6845 0.0000e+00
       1615    694.751     3.6745   3.243452    34.8305    27.6847 0.0000e+00
       1616    695.211     3.6742   3.243481    34.8309    27.6851 0.0000e+00
       1617    695.664     3.6744   3.243534    34.8311    27.6852 0.0000e+00
       1618    696.106     3.6748   3.243595    34.8311    27.6852 0.0000e+00
       1619    696.538     3.6749   3.243643    34.8314    27.6854 0.0000e+00
       1620    696.970     3.6749   3.243665    34.8314    27.6854 0.0000e+00
       1621    697.408     3.6746   3.243661    34.8314    27.6855 0.0000e+00
       1622    697.852     3.6744   3.243656    34.8314    27.6855 0.0000e+00
       1623    698.302     3.6742   3.243661    34.8314    27.6855 0.0000e+00
       1624    698.756     3.6742   3.243673    34.8313    27.6854 0.0000e+00
       1625    699.208     3.6741   3.243690    34.8314    27.6855 0.0000e+00
       1626    699.653     3.6740   3.243712    34.8315    27.6856 0.0000e+00
       1627    700.103     3.6739   3.243734    34.8316    27.6857 0.0000e+00
       1628    700.567     3.6739   3.243755    34.8317    27.6857 0.0000e+00
       1629    701.029     3.6739   3.243776    34.8317    27.6857 0.0000e+00
       1630    701.464     3.6738   3.243791    34.8317    27.6858 0.0000e+00
       1631    701.870     3.6738   3.243802    34.8316    27.6857 0.0000e+00
       1632    702.277     3.6738   3.243820    34.8316    27.6857 0.0000e+00
       1633    702.717     3.6738   3.243842    34.8317    27.6858 0.0000e+00
       1634    703.183     3.6740   3.243869    34.8315    27.6856 0.0000e+00
       1635    703.644     3.6740   3.243896    34.8316    27.6857 0.0000e+00
       1636    704.086     3.6739   3.243915    34.8317    27.6858 0.0000e+00
       1637    704.529     3.6738   3.243932    34.8318    27.6858 0.0000e+00
       1638    704.992     3.6738   3.243954    34.8318    27.6859 0.0000e+00
       1639    705.474     3.6738   3.243983    34.8319    27.6859 0.0000e+00
       1640    705.955     3.6740   3.244014    34.8318    27.6858 0.0000e+00
       1641    706.417     3.6740   3.244036    34.8318    27.6859 0.0000e+00
