Datasets/Multi_Species/NEE535/ned535_2020_005.cnv
* Sea-Bird SBE19plus Data File:
* Filename = C:/AQUIRE/ned535_2020_005.hex
* Software Version AquireV2 AF V2.0
* Temperature SN =  4579
* Conductivity SN =  4579
* System UpLoad Time = Dec 05 2020 15:27:15
** VESSEL/TRIP/SEQ STN: ned535_2020_005
** LATITUDE: 51 13.76 N
** LONGITUDE: 50 57.87 W
** DATE/TIME: 2020-12-05 14:37
** SOUNDING DEPTH (M):  270
** PROBE TYPE: S4579
** CTD NUMBER:   5
** COMMENTS: 
# nquan = 7                                 
# nvalues = 2687                        
# units = specified
# name 0 = scan: Scan Count
# name 1 = prdM: Pressure, Strain Gauge [db]
# name 2 = tv290C: Temperature [ITS-90, deg C]
# name 3 = c0S/m: Conductivity [S/m]
# name 4 = sal00: Salinity, Practical [PSU]
# name 5 = sigma-t00: Density [sigma-t, kg/m^3 ]
# name 6 = flag: flag
# span 0 =          1,       2687       
# span 1 =     -0.270,    271.974       
# span 2 =     1.1364,     3.0196       
# span 3 =   0.005005,   3.139597       
# span 4 =     0.0383,    34.5279       
# span 5 =    -0.0015,    27.5081       
# span 6 = 0.0000e+00, 0.0000e+00       
# interval = seconds: 1
# start_time = Dec 05 2020 14:37:32 [Instrument's time stamp, header]
# bad_flag = -9.990e-29
*END*
[from data line 411]
        412     18.093     1.3958   2.892098    33.2983    26.6515 0.0000e+00
        413     18.480     1.4064   2.893626    33.3062    26.6572 0.0000e+00
        414     18.864     1.4112   2.893981    33.3054    26.6562 0.0000e+00
        415     19.248     1.4125   2.894030    33.3045    26.6553 0.0000e+00
        416     19.635     1.4149   2.894520    33.3079    26.6579 0.0000e+00
        417     20.029     1.4205   2.895421    33.3132    26.6618 0.0000e+00
        418     20.427     1.4283   2.896585    33.3194    26.6663 0.0000e+00
        419     20.823     1.4349   2.897396    33.3225    26.6683 0.0000e+00
        420     21.216     1.4389   2.897840    33.3236    26.6689 0.0000e+00
        421     21.611     1.4412   2.898184    33.3253    26.6701 0.0000e+00
        422     22.010     1.4436   2.898536    33.3270    26.6713 0.0000e+00
        423     22.409     1.4466   2.899120    33.3310    26.6743 0.0000e+00
        424     22.807     1.4491   2.899644    33.3348    26.6772 0.0000e+00
        425     23.209     1.4503   2.899917    33.3367    26.6786 0.0000e+00
        426     23.618     1.4505   2.900072    33.3383    26.6799 0.0000e+00
        427     24.020     1.4504   2.900139    33.3390    26.6804 0.0000e+00
        428     24.416     1.4501   2.900176    33.3396    26.6809 0.0000e+00
        429     24.830     1.4499   2.900230    33.3402    26.6815 0.0000e+00
        430     25.261     1.4496   2.900291    33.3411    26.6822 0.0000e+00
        431     25.685     1.4497   2.900417    33.3423    26.6832 0.0000e+00
        432     26.095     1.4524   2.900995    33.3465    26.6864 0.0000e+00
        433     26.511     1.4600   2.902440    33.3566    26.6939 0.0000e+00
        434     26.943     1.4709   2.904260    33.3678    26.7022 0.0000e+00
        435     27.369     1.4806   2.905593    33.3741    26.7066 0.0000e+00
        436     27.770     1.4881   2.906666    33.3795    26.7104 0.0000e+00
        437     28.164     1.4977   2.908367    33.3907    26.7187 0.0000e+00
        438     28.577     1.5150   2.911537    33.4122    26.7347 0.0000e+00
        439     29.011     1.5396   2.915773    33.4394    26.7549 0.0000e+00
        440     29.446     1.5636   2.919262    33.4578    26.7679 0.0000e+00
        441     29.865     1.5808   2.921420    33.4665    26.7737 0.0000e+00
        442     30.273     1.5907   2.922581    33.4704    26.7762 0.0000e+00
        443     30.683     1.5951   2.923021    33.4710    26.7764 0.0000e+00
        444     31.092     1.5981   2.923415    33.4726    26.7774 0.0000e+00
        445     31.490     1.6037   2.924294    33.4775    26.7810 0.0000e+00
        446     31.889     1.6137   2.925803    33.4857    26.7868 0.0000e+00
        447     32.313     1.6265   2.927576    33.4943    26.7928 0.0000e+00
        448     32.771     1.6402   2.929374    33.5021    26.7981 0.0000e+00
        449     33.244     1.6539   2.931228    33.5107    26.8040 0.0000e+00
        450     33.712     1.6657   2.932865    33.5185    26.8094 0.0000e+00
        451     34.171     1.6737   2.934012    33.5242    26.8134 0.0000e+00
        452     34.626     1.6781   2.934733    33.5283    26.8164 0.0000e+00
        453     35.080     1.6807   2.935313    33.5326    26.8197 0.0000e+00
        454     35.525     1.6829   2.935837    33.5366    26.8227 0.0000e+00
        455     35.960     1.6852   2.936293    33.5397    26.8250 0.0000e+00
        456     36.405     1.6879   2.936745    33.5423    26.8269 0.0000e+00
        457     36.873     1.6901   2.937103    33.5442    26.8283 0.0000e+00
        458     37.341     1.6922   2.937406    33.5455    26.8292 0.0000e+00
        459     37.789     1.6955   2.937918    33.5482    26.8311 0.0000e+00
        460     38.224     1.7003   2.938666    33.5523    26.8340 0.0000e+00
        461     38.654     1.7049   2.939321    33.5554    26.8362 0.0000e+00
        462     39.081     1.7084   2.939774    33.5571    26.8373 0.0000e+00
        463     39.514     1.7116   2.940277    33.5598    26.8392 0.0000e+00
        464     39.966     1.7154   2.940882    33.5631    26.8416 0.0000e+00
        465     40.445     1.7192   2.941411    33.5655    26.8432 0.0000e+00
        466     40.941     1.7228   2.941906    33.5676    26.8447 0.0000e+00
        467     41.449     1.7268   2.942480    33.5703    26.8465 0.0000e+00
        468     41.972     1.7315   2.943046    33.5721    26.8477 0.0000e+00
        469     42.494     1.7388   2.943922    33.5750    26.8495 0.0000e+00
        470     42.995     1.7517   2.945718    33.5836    26.8554 0.0000e+00
        471     43.485     1.7685   2.948024    33.5945    26.8629 0.0000e+00
        472     43.972     1.7828   2.949738    33.6006    26.8667 0.0000e+00
        473     44.444     1.7916   2.950616    33.6020    26.8672 0.0000e+00
        474     44.894     1.7979   2.951253    33.6030    26.8676 0.0000e+00
        475     45.338     1.8064   2.952289    33.6067    26.8699 0.0000e+00
        476     45.788     1.8170   2.953757    33.6136    26.8747 0.0000e+00
        477     46.242     1.8261   2.954936    33.6185    26.8779 0.0000e+00
        478     46.703     1.8316   2.955511    33.6196    26.8784 0.0000e+00
        479     47.176     1.8342   2.955796    33.6202    26.8787 0.0000e+00
        480     47.660     1.8358   2.956023    33.6210    26.8792 0.0000e+00
        481     48.158     1.8380   2.956362    33.6227    26.8804 0.0000e+00
        482     48.676     1.8414   2.956899    33.6255    26.8824 0.0000e+00
        483     49.209     1.8452   2.957430    33.6278    26.8840 0.0000e+00
        484     49.740     1.8483   2.957795    33.6288    26.8845 0.0000e+00
        485     50.253     1.8508   2.958108    33.6298    26.8851 0.0000e+00
        486     50.745     1.8533   2.958479    33.6315    26.8863 0.0000e+00
        487     51.226     1.8563   2.958903    33.6333    26.8876 0.0000e+00
        488     51.691     1.8599   2.959427    33.6358    26.8893 0.0000e+00
        489     52.140     1.8645   2.960057    33.6386    26.8912 0.0000e+00
        490     52.593     1.8707   2.960863    33.6418    26.8933 0.0000e+00
        491     53.063     1.8786   2.961983    33.6472    26.8970 0.0000e+00
        492     53.546     1.8866   2.963088    33.6523    26.9005 0.0000e+00
        493     54.035     1.8923   2.963777    33.6546    26.9019 0.0000e+00
        494     54.525     1.8954   2.964155    33.6558    26.9026 0.0000e+00
        495     55.013     1.8972   2.964426    33.6570    26.9035 0.0000e+00
        496     55.493     1.8984   2.964611    33.6577    26.9040 0.0000e+00
        497     55.967     1.8992   2.964706    33.6578    26.9040 0.0000e+00
        498     56.441     1.9001   2.964794    33.6577    26.9038 0.0000e+00
        499     56.911     1.9009   2.964941    33.6584    26.9043 0.0000e+00
        500     57.379     1.9017   2.965102    33.6593    26.9050 0.0000e+00
        501     57.846     1.9025   2.965239    33.6599    26.9054 0.0000e+00
        502     58.309     1.9033   2.965396    33.6608    26.9061 0.0000e+00
        503     58.766     1.9047   2.965594    33.6615    26.9065 0.0000e+00
        504     59.221     1.9063   2.965797    33.6621    26.9069 0.0000e+00
        505     59.679     1.9081   2.966057    33.6632    26.9076 0.0000e+00
        506     60.138     1.9106   2.966435    33.6650    26.9089 0.0000e+00
        507     60.602     1.9138   2.966888    33.6670    26.9103 0.0000e+00
        508     61.077     1.9177   2.967381    33.6688    26.9114 0.0000e+00
        509     61.553     1.9238   2.968130    33.6714    26.9130 0.0000e+00
        510     62.017     1.9339   2.969371    33.6759    26.9159 0.0000e+00
        511     62.469     1.9484   2.971043    33.6812    26.9190 0.0000e+00
        512     62.912     1.9683   2.973486    33.6903    26.9248 0.0000e+00
        513     63.351     1.9931   2.976692    33.7038    26.9337 0.0000e+00
        514     63.798     2.0161   2.979326    33.7120    26.9386 0.0000e+00
        515     64.256     2.0320   2.980887    33.7144    26.9392 0.0000e+00
        516     64.712     2.0434   2.982184    33.7182    26.9414 0.0000e+00
        517     65.167     2.0558   2.983682    33.7234    26.9446 0.0000e+00
        518     65.624     2.0732   2.985769    33.7307    26.9491 0.0000e+00
        519     66.076     2.0952   2.988732    33.7440    26.9581 0.0000e+00
        520     66.521     2.1163   2.991492    33.7558    26.9658 0.0000e+00
        521     66.969     2.1332   2.993209    33.7590    26.9671 0.0000e+00
        522     67.422     2.1488   2.995294    33.7681    26.9732 0.0000e+00
        523     67.876     2.1649   2.998134    33.7861    26.9863 0.0000e+00
        524     68.331     2.1782   3.000164    33.7970    26.9940 0.0000e+00
        525     68.792     2.1864   3.001228    33.8012    26.9967 0.0000e+00
        526     69.259     2.1914   3.002062    33.8060    27.0002 0.0000e+00
        527     69.730     2.1953   3.002716    33.8098    27.0028 0.0000e+00
        528     70.201     2.1982   3.003227    33.8128    27.0050 0.0000e+00
        529     70.672     2.1988   3.003663    33.8173    27.0086 0.0000e+00
        530     71.154     2.1959   3.003801    33.8218    27.0125 0.0000e+00
        531     71.650     2.1892   3.003631    33.8266    27.0168 0.0000e+00
        532     72.137     2.1781   3.003245    33.8333    27.0231 0.0000e+00
        533     72.603     2.1627   3.002484    33.8400    27.0296 0.0000e+00
        534     73.063     2.1481   3.001692    33.8454    27.0351 0.0000e+00
        535     73.523     2.1397   3.001565    33.8525    27.0415 0.0000e+00
        536     73.975     2.1349   3.001821    33.8606    27.0483 0.0000e+00
        537     74.422     2.1290   3.001707    33.8652    27.0525 0.0000e+00
        538     74.873     2.1217   3.001198    33.8664    27.0540 0.0000e+00
        539     75.341     2.1176   3.000957    33.8675    27.0552 0.0000e+00
        540     75.826     2.1212   3.001575    33.8711    27.0578 0.0000e+00
        541     76.322     2.1317   3.002890    33.8760    27.0609 0.0000e+00
        542     76.824     2.1438   3.004275    33.8801    27.0632 0.0000e+00
        543     77.322     2.1528   3.005208    33.8818    27.0639 0.0000e+00
        544     77.812     2.1556   3.005545    33.8828    27.0644 0.0000e+00
        545     78.293     2.1494   3.005179    33.8846    27.0664 0.0000e+00
        546     78.771     2.1333   3.003904    33.8856    27.0684 0.0000e+00
        547     79.248     2.1110   3.002006    33.8854    27.0701 0.0000e+00
        548     79.723     2.0882   3.000041    33.8850    27.0715 0.0000e+00
        549     80.198     2.0679   2.998404    33.8860    27.0739 0.0000e+00
        550     80.676     2.0488   2.996934    33.8878    27.0768 0.0000e+00
        551     81.159     2.0224   2.994874    33.8900    27.0806 0.0000e+00
        552     81.645     1.9756   2.990856    33.8895    27.0838 0.0000e+00
        553     82.135     1.9108   2.984926    33.8843    27.0846 0.0000e+00
        554     82.627     1.8465   2.979381    33.8833    27.0887 0.0000e+00
        555     83.122     1.7875   2.974469    33.8846    27.0941 0.0000e+00
        556     83.618     1.7173   2.968811    33.8884    27.1024 0.0000e+00
        557     84.112     1.6252   2.961417    33.8939    27.1135 0.0000e+00
        558     84.604     1.5228   2.952457    33.8906    27.1181 0.0000e+00
        559     85.092     1.4344   2.945012    33.8912    27.1248 0.0000e+00
        560     85.573     1.3736   2.940768    33.9027    27.1382 0.0000e+00
        561     86.050     1.3384   2.938436    33.9108    27.1472 0.0000e+00
        562     86.526     1.3226   2.937461    33.9152    27.1518 0.0000e+00
        563     87.006     1.3190   2.937734    33.9223    27.1578 0.0000e+00
        564     87.497     1.3217   2.938648    33.9308    27.1644 0.0000e+00
        565     87.996     1.3305   2.940196    33.9407    27.1717 0.0000e+00
        566     88.493     1.3453   2.942443    33.9530    27.1806 0.0000e+00
        567     88.993     1.3618   2.944751    33.9642    27.1885 0.0000e+00
        568     89.495     1.3758   2.946610    33.9725    27.1941 0.0000e+00
        569     89.987     1.3876   2.947987    33.9769    27.1969 0.0000e+00
        570     90.472     1.3977   2.949043    33.9791    27.1980 0.0000e+00
        571     90.967     1.4053   2.949869    33.9811    27.1990 0.0000e+00
        572     91.465     1.4101   2.950396    33.9823    27.1997 0.0000e+00
        573     91.953     1.4133   2.950702    33.9825    27.1996 0.0000e+00
        574     92.442     1.4164   2.951099    33.9839    27.2005 0.0000e+00
        575     92.942     1.4196   2.951641    33.9870    27.2028 0.0000e+00
        576     93.437     1.4227   2.952060    33.9887    27.2039 0.0000e+00
        577     93.925     1.4251   2.952262    33.9884    27.2035 0.0000e+00
        578     94.417     1.4269   2.952431    33.9883    27.2033 0.0000e+00
        579     94.919     1.4289   2.952683    33.9891    27.2038 0.0000e+00
        580     95.418     1.4327   2.953075    33.9896    27.2040 0.0000e+00
        581     95.903     1.4395   2.953897    33.9924    27.2057 0.0000e+00
        582     96.386     1.4484   2.955080    33.9976    27.2092 0.0000e+00
        583     96.881     1.4567   2.956070    34.0009    27.2113 0.0000e+00
        584     97.379     1.4632   2.956739    34.0020    27.2118 0.0000e+00
        585     97.875     1.4684   2.957290    34.0031    27.2123 0.0000e+00
        586     98.368     1.4726   2.957757    34.0042    27.2129 0.0000e+00
        587     98.855     1.4771   2.958264    34.0055    27.2136 0.0000e+00
        588     99.341     1.4828   2.958946    34.0077    27.2149 0.0000e+00
        589     99.830     1.4889   2.959689    34.0103    27.2165 0.0000e+00
        590    100.319     1.4954   2.960444    34.0125    27.2179 0.0000e+00
        591    100.802     1.5024   2.961259    34.0150    27.2194 0.0000e+00
        592    101.282     1.5090   2.962019    34.0172    27.2207 0.0000e+00
        593    101.767     1.5150   2.962667    34.0187    27.2215 0.0000e+00
        594    102.262     1.5216   2.963448    34.0211    27.2230 0.0000e+00
        595    102.770     1.5293   2.964458    34.0253    27.2258 0.0000e+00
        596    103.291     1.5375   2.965474    34.0290    27.2282 0.0000e+00
        597    103.816     1.5463   2.966477    34.0319    27.2299 0.0000e+00
        598    104.332     1.5559   2.967589    34.0353    27.2319 0.0000e+00
        599    104.836     1.5660   2.968704    34.0382    27.2335 0.0000e+00
        600    105.330     1.5768   2.969812    34.0403    27.2344 0.0000e+00
        601    105.813     1.5900   2.971328    34.0449    27.2372 0.0000e+00
        602    106.289     1.6060   2.973334    34.0527    27.2423 0.0000e+00
        603    106.762     1.6219   2.975185    34.0587    27.2459 0.0000e+00
        604    107.235     1.6361   2.976674    34.0619    27.2474 0.0000e+00
        605    107.711     1.6491   2.978094    34.0655    27.2494 0.0000e+00
        606    108.198     1.6616   2.979434    34.0686    27.2510 0.0000e+00
        607    108.706     1.6731   2.980659    34.0714    27.2523 0.0000e+00
        608    109.228     1.6831   2.981735    34.0739    27.2536 0.0000e+00
        609    109.745     1.6910   2.982567    34.0755    27.2543 0.0000e+00
        610    110.252     1.6968   2.983242    34.0775    27.2555 0.0000e+00
        611    110.754     1.7016   2.983823    34.0793    27.2566 0.0000e+00
        612    111.247     1.7068   2.984397    34.0807    27.2573 0.0000e+00
        613    111.720     1.7127   2.985099    34.0829    27.2587 0.0000e+00
        614    112.177     1.7192   2.985858    34.0852    27.2600 0.0000e+00
        615    112.633     1.7261   2.986571    34.0865    27.2605 0.0000e+00
