Datasets/Multi_Species/TEL214/tel214_2020_035.cnv
* Sea-Bird SBE19plus Data File:
* Filename = C:/AQUIRE/tel214_2020_035.hex
* Software Version AquireV2 AF V2.0
* Temperature SN =  8014
* Conductivity SN =  8014
* System UpLoad Time = Nov 16 2020 01:53:19
* <ApplicationData>
* <AQUIREV2>
** VESSEL/TRIP/SEQ STN: tel214_2020_035
** LATITUDE: 52 49.08 N
** LONGITUDE: 51 47.33 W
** DATE/TIME: 2020-11-15 23:37
** SOUNDING DEPTH (M): 0493
** PROBE TYPE: S8014
** CTD NUMBER: 035
** COMMENTS: 
# nquan = 7                                 
# nvalues = 5756                        
# units = specified
# name 0 = scan: Scan Count
# name 1 = prdM: Pressure, Strain Gauge [db]
# name 2 = tv290C: Temperature [ITS-90, deg C]
# name 3 = c0S/m: Conductivity [S/m]
# name 4 = sal00: Salinity, Practical [PSU]
# name 5 = sigma-t00: Density [sigma-t, kg/m^3 ]
# name 6 = flag: flag
# span 0 =          1,       5756       
# span 1 =     -0.484,    495.614       
# span 2 =     0.0594,     3.9722       
# span 3 =  -0.035847,   3.255970       
# span 4 =    -0.0019,    34.8080       
# span 5 =    -0.1534,    27.6407       
# span 6 = 0.0000e+00, 0.0000e+00       
# interval = seconds: 1
# start_time = Nov 15 2020 23:37:11 [Instrument's time stamp, header]
# bad_flag = -9.990e-29
*END*
[from data line 411]
        412     -0.472     0.3040   0.000028    -0.0016    -0.1376 0.0000e+00
        413     -0.472     0.3052   0.000031    -0.0016    -0.1375 0.0000e+00
        414     -0.469     0.3067   0.000034    -0.0016    -0.1374 0.0000e+00
        415     -0.468     0.3084   0.000037    -0.0015    -0.1373 0.0000e+00
        416     -0.468     0.3095   0.000036    -0.0015    -0.1372 0.0000e+00
        417     -0.465     0.3104   0.000037    -0.0015    -0.1372 0.0000e+00
        418     -0.463     0.3116   0.000038    -0.0015    -0.1371 0.0000e+00
        419     -0.464     0.3145   0.000046    -0.0015    -0.1369 0.0000e+00
        420     -0.467     0.3182   0.000054    -0.0014    -0.1367 0.0000e+00
        421     -0.469     0.3207   0.000057    -0.0014    -0.1365 0.0000e+00
        422     -0.468     0.3217   0.000054    -0.0014    -0.1365 0.0000e+00
        423     -0.467     0.3228   0.000053    -0.0014    -0.1364 0.0000e+00
        424     -0.467     0.3251   0.000056    -0.0014    -0.1363 0.0000e+00
        425     -0.471     0.3273   0.000058    -0.0014    -0.1361 0.0000e+00
        426     -0.476     0.3286   0.000057    -0.0014    -0.1361 0.0000e+00
        427     -0.479     0.3289   0.000053    -0.0014    -0.1360 0.0000e+00
        428     -0.478     0.3288   0.000047    -0.0015    -0.1360 0.0000e+00
        429     -0.472     0.3285   0.000041    -0.0015    -0.1361 0.0000e+00
        430     -0.465     0.3281   0.000036    -0.0015    -0.1361 0.0000e+00
        431     -0.462     0.3278   0.000032    -0.0015    -0.1361 0.0000e+00
        432     -0.461     0.3277   0.000030    -0.0016    -0.1361 0.0000e+00
        433     -0.462     0.3284   0.000031    -0.0016    -0.1361 0.0000e+00
        434     -0.462     0.3304   0.000035    -0.0015    -0.1359 0.0000e+00
        435     -0.461     0.3330   0.000041    -0.0015    -0.1358 0.0000e+00
        436     -0.462     0.3352   0.000045    -0.0015    -0.1356 0.0000e+00
        437     -0.464     0.3367   0.000046    -0.0015    -0.1356 0.0000e+00
        438     -0.466     0.3375   0.000045    -0.0015    -0.1355 0.0000e+00
        439     -0.468     0.3378   0.000042    -0.0015    -0.1355 0.0000e+00
        440     -0.470     0.3381   0.000039    -0.0015    -0.1355 0.0000e+00
        441     -0.471     0.3387   0.000038    -0.0015    -0.1354 0.0000e+00
        442     -0.473     0.3391   0.000035    -0.0015    -0.1354 0.0000e+00
        443     -0.474     0.3397   0.000036    -0.0015    -0.1354 0.0000e+00
        444     -0.474     0.3406   0.000035    -0.0015    -0.1353 0.0000e+00
        445     -0.472     0.3415   0.000034    -0.0015    -0.1353 0.0000e+00
        446     -0.469     0.3422   0.000034    -0.0015    -0.1352 0.0000e+00
        447     -0.468     0.3431   0.000035    -0.0015    -0.1352 0.0000e+00
        448     -0.469     0.3442   0.000036    -0.0015    -0.1351 0.0000e+00
        449     -0.468     0.3447   0.000034    -0.0015    -0.1351 0.0000e+00
        450     -0.467     0.3449   0.000032    -0.0015    -0.1350 0.0000e+00
        451     -0.469     0.3454   0.000031    -0.0015    -0.1350 0.0000e+00
        452     -0.472     0.3463   0.000032    -0.0015    -0.1350 0.0000e+00
        453     -0.472     0.3470   0.000032    -0.0015    -0.1349 0.0000e+00
        454     -0.469     0.3477   0.000033    -0.0015    -0.1349 0.0000e+00
        455     -0.469     0.3483   0.000032    -0.0015    -0.1348 0.0000e+00
        456     -0.470     0.3488   0.000032    -0.0015    -0.1348 0.0000e+00
        457     -0.470     0.3493   0.000031    -0.0015    -0.1348 0.0000e+00
        458     -0.470     0.3497   0.000030    -0.0015    -0.1347 0.0000e+00
        459     -0.470     0.3501   0.000029    -0.0015    -0.1347 0.0000e+00
        460     -0.469     0.3509   0.000030    -0.0015    -0.1347 0.0000e+00
        461     -0.467     0.3518   0.000031    -0.0015    -0.1346 0.0000e+00
        462     -0.464     0.3527   0.000032    -0.0015    -0.1346 0.0000e+00
        463     -0.462     0.3536   0.000031    -0.0015    -0.1345 0.0000e+00
        464     -0.464     0.3545   0.000032    -0.0015    -0.1345 0.0000e+00
        465     -0.466     0.3555   0.000032    -0.0015    -0.1344 0.0000e+00
        466     -0.465     0.3564   0.000032    -0.0015    -0.1343 0.0000e+00
        467     -0.468     0.3574   0.000033    -0.0015    -0.1343 0.0000e+00
        468     -0.474     0.3586   0.000035    -0.0015    -0.1342 0.0000e+00
        469     -0.478     0.3596   0.000036    -0.0015    -0.1341 0.0000e+00
        470     -0.477     0.3604   0.000036    -0.0015    -0.1341 0.0000e+00
        471     -0.474     0.3614   0.000037    -0.0015    -0.1340 0.0000e+00
        472     -0.472     0.3625   0.000038    -0.0015    -0.1340 0.0000e+00
        473     -0.473     0.3637   0.000038    -0.0015    -0.1339 0.0000e+00
        474     -0.473     0.3649   0.000039    -0.0015    -0.1338 0.0000e+00
        475     -0.472     0.3660   0.000040    -0.0015    -0.1337 0.0000e+00
        476     -0.473     0.3670   0.000039    -0.0015    -0.1337 0.0000e+00
        477     -0.474     0.3679   0.000038    -0.0015    -0.1336 0.0000e+00
        478     -0.473     0.3688   0.000038    -0.0015    -0.1336 0.0000e+00
        479     -0.471     0.3693   0.000037    -0.0015    -0.1335 0.0000e+00
        480     -0.470     0.3698   0.000035    -0.0015    -0.1335 0.0000e+00
        481     -0.468     0.3706   0.000035    -0.0015    -0.1335 0.0000e+00
        482     -0.467     0.3720   0.000037    -0.0015    -0.1334 0.0000e+00
        483     -0.468     0.3731   0.000037    -0.0015    -0.1333 0.0000e+00
        484     -0.469     0.3738   0.000037    -0.0015    -0.1333 0.0000e+00
        485     -0.468     0.3748   0.000038    -0.0015    -0.1332 0.0000e+00
        486     -0.466     0.3765   0.000041    -0.0015    -0.1331 0.0000e+00
        487     -0.464     0.3781   0.000043    -0.0014    -0.1330 0.0000e+00
        488     -0.462     0.3792   0.000043    -0.0014    -0.1329 0.0000e+00
        489     -0.461     0.3800   0.000041    -0.0015    -0.1329 0.0000e+00
        490     -0.463     0.3807   0.000041    -0.0015    -0.1328 0.0000e+00
        491     -0.467     0.3815   0.000040    -0.0015    -0.1328 0.0000e+00
        492     -0.469     0.3826   0.000040    -0.0015    -0.1327 0.0000e+00
        493     -0.468     0.3841   0.000041    -0.0014    -0.1326 0.0000e+00
        494     -0.467     0.3854   0.000043    -0.0014    -0.1326 0.0000e+00
        495     -0.467     0.3866   0.000043    -0.0014    -0.1325 0.0000e+00
        496     -0.469     0.3876   0.000043    -0.0014    -0.1324 0.0000e+00
        497     -0.474     0.3884   0.000042    -0.0014    -0.1324 0.0000e+00
        498     -0.475     0.3891   0.000041    -0.0014    -0.1323 0.0000e+00
        499     -0.471     0.3895   0.000040    -0.0015    -0.1323 0.0000e+00
        500     -0.468     0.3902   0.000039    -0.0015    -0.1323 0.0000e+00
        501     -0.468     0.3921   0.000041    -0.0014    -0.1322 0.0000e+00
        502     -0.469     0.3956   0.000049    -0.0014    -0.1319 0.0000e+00
        503     -0.468     0.4003   0.000060    -0.0013    -0.1317 0.0000e+00
        504     -0.467     0.4050   0.000069    -0.0013    -0.1314 0.0000e+00
        505     -0.469     0.4087   0.000075    -0.0012    -0.1311 0.0000e+00
        506     -0.472     0.4113   0.000076    -0.0012    -0.1310 0.0000e+00
        507     -0.474     0.4138   0.000078    -0.0012    -0.1308 0.0000e+00
        508     -0.473     0.4178   0.000084    -0.0011    -0.1306 0.0000e+00
        509     -0.472     0.4245   0.000098    -0.0010    -0.1302 0.0000e+00
        510     -0.472     0.4315   0.000110    -0.0010    -0.1298 0.0000e+00
        511     -0.473     0.4351   0.000111    -0.0009    -0.1296 0.0000e+00
        512     -0.476     0.4356   0.000101    -0.0010    -0.1295 0.0000e+00
        513     -0.479     0.4353   0.000089    -0.0011    -0.1295 0.0000e+00
        514     -0.478     0.4352   0.000080    -0.0012    -0.1295 0.0000e+00
        515     -0.476     0.4360   0.000075    -0.0012    -0.1295 0.0000e+00
        516     -0.475     0.4378   0.000072    -0.0012    -0.1294 0.0000e+00
        517     -0.473     0.4401   0.000073    -0.0012    -0.1293 0.0000e+00
        518     -0.469     0.4425   0.000073    -0.0012    -0.1291 0.0000e+00
        519     -0.467     0.4449   0.000074    -0.0012    -0.1290 0.0000e+00
        520     -0.468     0.4468   0.000073    -0.0012    -0.1289 0.0000e+00
        521     -0.470     0.4480   0.000070    -0.0012    -0.1288 0.0000e+00
        522     -0.471     0.4486   0.000066    -0.0012    -0.1287 0.0000e+00
        523     -0.472     0.4488   0.000060    -0.0013    -0.1287 0.0000e+00
        524     -0.472     0.4481   0.000051    -0.0013    -0.1288 0.0000e+00
        525     -0.471     0.4466   0.000040    -0.0014    -0.1289 0.0000e+00
        526     -0.470     0.4455   0.000034    -0.0014    -0.1289 0.0000e+00
        527     -0.468     0.4461   0.000034    -0.0014    -0.1289 0.0000e+00
        528     -0.466     0.4479   0.000038    -0.0014    -0.1288 0.0000e+00
        529     -0.466     0.4485   0.000036    -0.0014    -0.1287 0.0000e+00
        530     -0.466     0.4474   0.000029    -0.0015    -0.1288 0.0000e+00
        531     -0.468     0.4463   0.000023    -0.0015    -0.1289 0.0000e+00
        532     -0.470     0.4465   0.000024    -0.0015    -0.1289 0.0000e+00
        533     -0.471     0.4481   0.000029    -0.0015    -0.1288 0.0000e+00
        534     -0.473     0.4504   0.000035    -0.0014    -0.1286 0.0000e+00
        535     -0.475     0.4532   0.000042    -0.0014    -0.1285 0.0000e+00
        536     -0.475     0.4557   0.000047    -0.0014    -0.1283 0.0000e+00
        537     -0.475     0.4566   0.000045    -0.0014    -0.1283 0.0000e+00
        538     -0.473     0.4564   0.000040    -0.0014    -0.1283 0.0000e+00
        539     -0.471     0.4558   0.000034    -0.0014    -0.1283 0.0000e+00
        540     -0.471     0.4550   0.000028    -0.0015    -0.1284 0.0000e+00
        541     -0.471     0.4543   0.000024    -0.0015    -0.1284 0.0000e+00
        542     -0.470     0.4545   0.000023    -0.0015    -0.1284 0.0000e+00
        543     -0.468     0.4556   0.000026    -0.0015    -0.1283 0.0000e+00
        544     -0.467     0.4569   0.000029    -0.0015    -0.1282 0.0000e+00
        545     -0.468     0.4584   0.000032    -0.0014    -0.1282 0.0000e+00
        546     -0.470     0.4594   0.000032    -0.0014    -0.1281 0.0000e+00
        547     -0.471     0.4594   0.000030    -0.0015    -0.1281 0.0000e+00
        548     -0.472     0.4587  -0.001861     0.0000    -0.1281 0.0000e+00
        549     -0.473     0.4581  -0.020735     0.0000    -0.1282 0.0000e+00
        550     -0.472     0.4579  -0.035833     0.0000    -0.1282 0.0000e+00
        551     -0.473     0.4582  -0.016964     0.0000    -0.1282 0.0000e+00
        552     -0.475     0.4586   0.000020    -0.0015    -0.1281 0.0000e+00
        553     -0.476     0.4593   0.000022    -0.0015    -0.1281 0.0000e+00
        554     -0.476     0.4603   0.000025    -0.0015    -0.1280 0.0000e+00
        555     -0.475     0.4612   0.000028    -0.0015    -0.1280 0.0000e+00
        556     -0.473     0.4619   0.000028    -0.0015    -0.1279 0.0000e+00
        557     -0.469     0.4625   0.000029    -0.0015    -0.1279 0.0000e+00
        558     -0.467     0.4635   0.000029    -0.0015    -0.1279 0.0000e+00
        559     -0.465     0.4643   0.000029    -0.0015    -0.1278 0.0000e+00
        560     -0.466     0.4644   0.000026    -0.0015    -0.1278 0.0000e+00
        561     -0.469     0.4639   0.000024    -0.0015    -0.1278 0.0000e+00
        562     -0.471     0.4635   0.000021    -0.0015    -0.1279 0.0000e+00
        563     -0.471     0.4635   0.000020    -0.0015    -0.1279 0.0000e+00
        564     -0.471     0.4640   0.000020    -0.0015    -0.1278 0.0000e+00
        565     -0.472     0.4653   0.000023    -0.0015    -0.1277 0.0000e+00
        566     -0.473     0.4672   0.000029    -0.0014    -0.1276 0.0000e+00
        567     -0.474     0.4692   0.000034    -0.0014    -0.1275 0.0000e+00
        568     -0.472     0.4709   0.000037    -0.0014    -0.1274 0.0000e+00
        569     -0.469     0.4724   0.000038    -0.0014    -0.1273 0.0000e+00
        570     -0.467     0.4738   0.000040    -0.0014    -0.1272 0.0000e+00
        571     -0.466     0.4749   0.000041    -0.0014    -0.1272 0.0000e+00
        572     -0.466     0.4755   0.000039    -0.0014    -0.1271 0.0000e+00
        573     -0.467     0.4758   0.000036    -0.0014    -0.1271 0.0000e+00
        574     -0.468     0.4759   0.000034    -0.0014    -0.1271 0.0000e+00
        575     -0.469     0.4759   0.000032    -0.0014    -0.1271 0.0000e+00
        576     -0.468     0.4761   0.000030    -0.0014    -0.1271 0.0000e+00
        577     -0.467     0.4767   0.000031    -0.0014    -0.1271 0.0000e+00
        578     -0.467     0.4775   0.000033    -0.0014    -0.1270 0.0000e+00
        579     -0.468     0.4784   0.000032    -0.0014    -0.1270 0.0000e+00
        580     -0.468     0.4789   0.000031    -0.0014    -0.1269 0.0000e+00
        581     -0.468     0.4789   0.000028    -0.0014    -0.1269 0.0000e+00
        582     -0.470     0.4789   0.000026    -0.0015    -0.1269 0.0000e+00
        583     -0.472     0.4790   0.000024    -0.0015    -0.1269 0.0000e+00
        584     -0.470     0.4790   0.000023    -0.0015    -0.1269 0.0000e+00
        585     -0.470     0.4789   0.000021    -0.0015    -0.1269 0.0000e+00
        586     -0.473     0.4789   0.000020    -0.0015    -0.1269 0.0000e+00
        587     -0.475     0.4791   0.000019    -0.0015    -0.1269 0.0000e+00
        588     -0.473     0.4804   0.000023    -0.0015    -0.1268 0.0000e+00
        589     -0.470     0.4824   0.000029    -0.0014    -0.1267 0.0000e+00
        590     -0.468     0.4844   0.000034    -0.0014    -0.1266 0.0000e+00
        591     -0.468     0.4858   0.000036    -0.0014    -0.1265 0.0000e+00
        592     -0.468     0.4866   0.000036    -0.0014    -0.1265 0.0000e+00
        593     -0.466     0.4869   0.000034    -0.0014    -0.1265 0.0000e+00
        594     -0.467     0.4868   0.000031    -0.0014    -0.1265 0.0000e+00
        595     -0.469     0.4863   0.000027    -0.0014    -0.1265 0.0000e+00
        596     -0.466     0.4858   0.000023    -0.0015    -0.1265 0.0000e+00
        597     -0.464     0.4854   0.000021    -0.0015    -0.1266 0.0000e+00
        598     -0.466     0.4851   0.000020    -0.0015    -0.1266 0.0000e+00
        599     -0.469     0.4848   0.000018    -0.0015    -0.1266 0.0000e+00
        600     -0.468     0.4845   0.000015    -0.0015    -0.1266 0.0000e+00
        601     -0.466     0.4845   0.000013    -0.0015    -0.1266 0.0000e+00
        602     -0.466     0.4848   0.000015    -0.0015    -0.1266 0.0000e+00
        603     -0.466     0.4854   0.000017    -0.0015    -0.1266 0.0000e+00
        604     -0.466     0.4860   0.000019    -0.0015    -0.1265 0.0000e+00
        605     -0.466     0.4867   0.000020    -0.0015    -0.1265 0.0000e+00
        606     -0.467     0.4874   0.000022    -0.0015    -0.1264 0.0000e+00
        607     -0.470     0.4886   0.000024    -0.0015    -0.1264 0.0000e+00
        608     -0.473     0.4896   0.000026    -0.0014    -0.1263 0.0000e+00
        609     -0.473     0.4902   0.000027    -0.0014    -0.1263 0.0000e+00
        610     -0.472     0.4909   0.000027    -0.0014    -0.1262 0.0000e+00
        611     -0.472     0.4920   0.000029    -0.0014    -0.1262 0.0000e+00
        612     -0.472     0.4936   0.000032    -0.0014    -0.1261 0.0000e+00
        613     -0.472     0.4951   0.000035    -0.0014    -0.1260 0.0000e+00
        614     -0.472     0.4961   0.000036    -0.0014    -0.1259 0.0000e+00
        615     -0.473     0.4968   0.000035    -0.0014    -0.1259 0.0000e+00
