Datasets/Multi_Species/TEL214/tel214_2020_001.cnv
* Sea-Bird SBE19plus Data File:
* Filename = C:/AQUIRE/tel214_2020_001.hex
* Software Version AquireV2 AF V2.0
* Temperature SN =  7853
* Conductivity SN =  7853
* System UpLoad Time = Nov 06 2020 01:16:27
* <ApplicationData>
* <AQUIREV2>
** VESSEL/TRIP/SEQ STN: tel214_2020_001
** LATITUDE: 52 32.80 N
** LONGITUDE: 05 32.10 W
** DATE/TIME: 2020-11-06 00:07
** SOUNDING DEPTH (M): 0254
** PROBE TYPE: S7853
** CTD NUMBER: 001
** COMMENTS: 
# nquan = 7                                 
# nvalues = 3861                        
# units = specified
# name 0 = scan: Scan Count
# name 1 = prdM: Pressure, Strain Gauge [db]
# name 2 = tv290C: Temperature [ITS-90, deg C]
# name 3 = c0S/m: Conductivity [S/m]
# name 4 = sal00: Salinity, Practical [PSU]
# name 5 = sigma-t00: Density [sigma-t, kg/m^3 ]
# name 6 = flag: flag
# span 0 =          1,       3861       
# span 1 =     -0.894,    255.364       
# span 2 =     1.1242,     2.3691       
# span 3 =   0.000063,   3.058934       
# span 4 =    -0.0004,    34.2192       
# span 5 =    -0.0825,    27.3178       
# span 6 = 0.0000e+00, 0.0000e+00       
# interval = seconds: 1
# start_time = Nov 06 2020 00:07:30 [Instrument's time stamp, header]
# bad_flag = -9.990e-29
*END*
[from data line 411]
        412     -0.869     1.5155   0.000130    -0.0000    -0.0750 0.0000e+00
        413     -0.869     1.5163   0.000131     0.0000    -0.0749 0.0000e+00
        414     -0.870     1.5162   0.000129    -0.0000    -0.0749 0.0000e+00
        415     -0.872     1.5171   0.000128    -0.0000    -0.0749 0.0000e+00
        416     -0.874     1.5199   0.000135     0.0000    -0.0748 0.0000e+00
        417     -0.873     1.5228   0.000142     0.0001    -0.0746 0.0000e+00
        418     -0.868     1.5238   0.000143     0.0001    -0.0746 0.0000e+00
        419     -0.863     1.5244   0.000142     0.0001    -0.0745 0.0000e+00
        420     -0.861     1.5263   0.000145     0.0001    -0.0744 0.0000e+00
        421     -0.862     1.5282   0.000147     0.0001    -0.0744 0.0000e+00
        422     -0.866     1.5285   0.000144     0.0001    -0.0744 0.0000e+00
        423     -0.868     1.5279   0.000138     0.0001    -0.0744 0.0000e+00
        424     -0.869     1.5278   0.000136     0.0000    -0.0744 0.0000e+00
        425     -0.869     1.5282   0.000134     0.0000    -0.0744 0.0000e+00
        426     -0.869     1.5280   0.000131     0.0000    -0.0745 0.0000e+00
        427     -0.869     1.5273   0.000126    -0.0000    -0.0745 0.0000e+00
        428     -0.869     1.5267   0.000123    -0.0000    -0.0745 0.0000e+00
        429     -0.868     1.5262   0.000120    -0.0001    -0.0745 0.0000e+00
        430     -0.866     1.5255   0.000117    -0.0001    -0.0746 0.0000e+00
        431     -0.863     1.5245   0.000113    -0.0001    -0.0746 0.0000e+00
        432     -0.863     1.5235   0.000110    -0.0001    -0.0746 0.0000e+00
        433     -0.866     1.5224   0.000106    -0.0002    -0.0747 0.0000e+00
        434     -0.870     1.5216   0.000104    -0.0002    -0.0747 0.0000e+00
        435     -0.872     1.5209   0.000103    -0.0002    -0.0748 0.0000e+00
        436     -0.871     1.5212   0.000105    -0.0002    -0.0747 0.0000e+00
        437     -0.870     1.5234   0.000113    -0.0001    -0.0747 0.0000e+00
        438     -0.870     1.5261   0.000121    -0.0001    -0.0745 0.0000e+00
        439     -0.872     1.5272   0.000124    -0.0000    -0.0745 0.0000e+00
        440     -0.875     1.5269   0.000123    -0.0000    -0.0745 0.0000e+00
        441     -0.875     1.5271   0.000122    -0.0000    -0.0745 0.0000e+00
        442     -0.874     1.5285   0.000125    -0.0000    -0.0744 0.0000e+00
        443     -0.874     1.5311   0.000131     0.0000    -0.0743 0.0000e+00
        444     -0.873     1.5351   0.000142     0.0001    -0.0741 0.0000e+00
        445     -0.870     1.5401   0.000156     0.0002    -0.0738 0.0000e+00
        446     -0.866     1.5442   0.000166     0.0003    -0.0736 0.0000e+00
        447     -0.864     1.5468   0.000168     0.0003    -0.0735 0.0000e+00
        448     -0.862     1.5496   0.000170     0.0003    -0.0733 0.0000e+00
        449     -0.863     1.5553   0.000181     0.0004    -0.0731 0.0000e+00
        450     -0.868     1.5641   0.000202     0.0005    -0.0726 0.0000e+00
        451     -0.871     1.5726   0.000220     0.0007    -0.0721 0.0000e+00
        452     -0.870     1.5790   0.000229     0.0007    -0.0718 0.0000e+00
        453     -0.868     1.5837   0.000232     0.0007    -0.0716 0.0000e+00
        454     -0.867     1.5858   0.000226     0.0007    -0.0716 0.0000e+00
        455     -0.866     1.5852   0.000209     0.0006    -0.0717 0.0000e+00
        456     -0.864     1.5852   0.000197     0.0005    -0.0717 0.0000e+00
        457     -0.863     1.5872   0.000193     0.0005    -0.0717 0.0000e+00
        458     -0.863     1.5880   0.000187     0.0004    -0.0717 0.0000e+00
        459     -0.864     1.5856   0.000172     0.0003    -0.0719 0.0000e+00
        460     -0.863     1.5817   0.000151     0.0002    -0.0721 0.0000e+00
        461     -0.859     1.5790   0.000136     0.0001    -0.0723 0.0000e+00
        462     -0.856     1.5780   0.000130     0.0000    -0.0724 0.0000e+00
        463     -0.859     1.5765   0.000123    -0.0000    -0.0725 0.0000e+00
        464     -0.864     1.5731   0.000110    -0.0001    -0.0726 0.0000e+00
        465     -0.867     1.5689   0.000096    -0.0002    -0.0728 0.0000e+00
        466     -0.868     1.5655   0.000087    -0.0002    -0.0729 0.0000e+00
        467     -0.868     1.5631   0.000083    -0.0003    -0.0730 0.0000e+00
        468     -0.868     1.5615   0.000080    -0.0003    -0.0731 0.0000e+00
        469     -0.868     1.5599   0.000078    -0.0003    -0.0732 0.0000e+00
        470     -0.867     1.5580   0.000075    -0.0003    -0.0732 0.0000e+00
        471     -0.865     1.5561   0.000073    -0.0003    -0.0733 0.0000e+00
        472     -0.862     1.5547   0.000073    -0.0003    -0.0734 0.0000e+00
        473     -0.860     1.5543   0.000076    -0.0003    -0.0734 0.0000e+00
        474     -0.861     1.5541   0.000079    -0.0003    -0.0734 0.0000e+00
        475     -0.863     1.5536   0.000082    -0.0003    -0.0734 0.0000e+00
        476     -0.864     1.5532   0.000086    -0.0003    -0.0734 0.0000e+00
        477     -0.865     1.5532   0.000089    -0.0002    -0.0734 0.0000e+00
        478     -0.867     1.5530   0.000091    -0.0002    -0.0734 0.0000e+00
        479     -0.867     1.5522   0.000091    -0.0002    -0.0735 0.0000e+00
        480     -0.867     1.5515   0.000091    -0.0002    -0.0735 0.0000e+00
        481     -0.866     1.5510   0.000091    -0.0002    -0.0735 0.0000e+00
        482     -0.864     1.5511   0.000093    -0.0002    -0.0735 0.0000e+00
        483     -0.863     1.5520   0.000099    -0.0002    -0.0735 0.0000e+00
        484     -0.862     1.5540   0.000108    -0.0001    -0.0734 0.0000e+00
        485     -0.862     1.5570   0.000118    -0.0001    -0.0733 0.0000e+00
        486     -0.865     1.5600   0.000126     0.0000    -0.0732 0.0000e+00
        487     -0.867     1.5623   0.000132     0.0000    -0.0730 0.0000e+00
        488     -0.867     1.5639   0.000135     0.0001    -0.0730 0.0000e+00
        489     -0.866     1.5640   0.000132     0.0000    -0.0730 0.0000e+00
        490     -0.865     1.5624   0.000125    -0.0000    -0.0731 0.0000e+00
        491     -0.867     1.5608   0.000119    -0.0000    -0.0731 0.0000e+00
        492     -0.869     1.5615   0.000121    -0.0000    -0.0731 0.0000e+00
        493     -0.869     1.5638   0.000127     0.0000    -0.0730 0.0000e+00
        494     -0.867     1.5661   0.000132     0.0000    -0.0729 0.0000e+00
        495     -0.866     1.5679   0.000135     0.0001    -0.0728 0.0000e+00
        496     -0.865     1.5688   0.000135     0.0001    -0.0728 0.0000e+00
        497     -0.864     1.5689   0.000133     0.0001    -0.0728 0.0000e+00
        498     -0.866     1.5685   0.000130     0.0000    -0.0728 0.0000e+00
        499     -0.869     1.5682   0.000128     0.0000    -0.0728 0.0000e+00
        500     -0.870     1.5688   0.000127     0.0000    -0.0728 0.0000e+00
        501     -0.867     1.5694   0.000126     0.0000    -0.0728 0.0000e+00
        502     -0.863     1.5693   0.000122    -0.0000    -0.0728 0.0000e+00
        503     -0.863     1.5692   0.000119    -0.0000    -0.0728 0.0000e+00
        504     -0.865     1.5699   0.000120    -0.0000    -0.0728 0.0000e+00
        505     -0.866     1.5709   0.000123    -0.0000    -0.0727 0.0000e+00
        506     -0.865     1.5717   0.000126     0.0000    -0.0727 0.0000e+00
        507     -0.863     1.5712   0.000123    -0.0000    -0.0727 0.0000e+00
        508     -0.863     1.5695   0.000115    -0.0001    -0.0728 0.0000e+00
        509     -0.863     1.5680   0.000108    -0.0001    -0.0728 0.0000e+00
        510     -0.864     1.5673   0.000107    -0.0001    -0.0729 0.0000e+00
        511     -0.864     1.5664   0.000105    -0.0001    -0.0729 0.0000e+00
        512     -0.862     1.5653   0.000102    -0.0002    -0.0730 0.0000e+00
        513     -0.863     1.5652   0.000103    -0.0001    -0.0730 0.0000e+00
        514     -0.866     1.5663   0.000109    -0.0001    -0.0729 0.0000e+00
        515     -0.869     1.5674   0.000114    -0.0001    -0.0729 0.0000e+00
        516     -0.871     1.5679   0.000114    -0.0001    -0.0728 0.0000e+00
        517     -0.870     1.5680   0.000113    -0.0001    -0.0728 0.0000e+00
        518     -0.868     1.5674   0.000111    -0.0001    -0.0729 0.0000e+00
        519     -0.864     1.5655   0.000103    -0.0001    -0.0729 0.0000e+00
        520     -0.861     1.5629   0.000095    -0.0002    -0.0730 0.0000e+00
        521     -0.864     1.5608   0.000090    -0.0002    -0.0731 0.0000e+00
        522     -0.867     1.5598   0.000089    -0.0002    -0.0732 0.0000e+00
        523     -0.868     1.5600   0.000093    -0.0002    -0.0732 0.0000e+00
        524     -0.868     1.5608   0.000098    -0.0002    -0.0731 0.0000e+00
        525     -0.868     1.5616   0.000103    -0.0001    -0.0731 0.0000e+00
        526     -0.868     1.5621   0.000107    -0.0001    -0.0731 0.0000e+00
        527     -0.868     1.5624   0.000108    -0.0001    -0.0731 0.0000e+00
        528     -0.868     1.5619   0.000106    -0.0001    -0.0731 0.0000e+00
        529     -0.869     1.5600   0.000098    -0.0002    -0.0732 0.0000e+00
        530     -0.871     1.5579   0.000092    -0.0002    -0.0732 0.0000e+00
        531     -0.872     1.5563   0.000091    -0.0002    -0.0733 0.0000e+00
        532     -0.870     1.5548   0.000088    -0.0002    -0.0734 0.0000e+00
        533     -0.868     1.5533   0.000084    -0.0003    -0.0734 0.0000e+00
        534     -0.866     1.5525   0.000084    -0.0003    -0.0735 0.0000e+00
        535     -0.865     1.5524   0.000089    -0.0002    -0.0735 0.0000e+00
        536     -0.866     1.5519   0.000090    -0.0002    -0.0735 0.0000e+00
        537     -0.867     1.5507   0.000087    -0.0003    -0.0735 0.0000e+00
        538     -0.865     1.5495   0.000086    -0.0003    -0.0736 0.0000e+00
        539     -0.863     1.5486   0.000085    -0.0003    -0.0736 0.0000e+00
        540     -0.863     1.5476   0.000083    -0.0003    -0.0737 0.0000e+00
        541     -0.866     1.5456   0.000080    -0.0003    -0.0737 0.0000e+00
        542     -0.870     1.5429   0.000077    -0.0003    -0.0739 0.0000e+00
        543     -0.872     1.5400   0.000071    -0.0004    -0.0740 0.0000e+00
        544     -0.871     1.5374   0.000067    -0.0004    -0.0741 0.0000e+00
        545     -0.869     1.5349   0.000063    -0.0004    -0.0742 0.0000e+00
        546     -0.867     1.5330   0.000063    -0.0004    -0.0743 0.0000e+00
        547     -0.865     1.5318   0.000065    -0.0004    -0.0743 0.0000e+00
        548     -0.862     1.5311   0.000067    -0.0004    -0.0743 0.0000e+00
        549     -0.861     1.5301   0.000068    -0.0004    -0.0744 0.0000e+00
        550     -0.862     1.5296   0.000071    -0.0004    -0.0744 0.0000e+00
        551     -0.862     1.5304   0.000079    -0.0003    -0.0744 0.0000e+00
        552     -0.862     1.5321   0.000089    -0.0003    -0.0743 0.0000e+00
        553     -0.865     1.5337   0.000097    -0.0002    -0.0742 0.0000e+00
        554     -0.867     1.5351   0.000103    -0.0002    -0.0742 0.0000e+00
        555     -0.868     1.5361   0.000108    -0.0001    -0.0741 0.0000e+00
        556     -0.868     1.5374   0.000112    -0.0001    -0.0741 0.0000e+00
        557     -0.867     1.5386   0.000116    -0.0001    -0.0740 0.0000e+00
        558     -0.864     1.5385   0.000115    -0.0001    -0.0740 0.0000e+00
        559     -0.861     1.5377   0.000111    -0.0001    -0.0741 0.0000e+00
        560     -0.860     1.5368   0.000109    -0.0001    -0.0741 0.0000e+00
        561     -0.862     1.5355   0.000105    -0.0002    -0.0742 0.0000e+00
        562     -0.864     1.5349   0.000104    -0.0002    -0.0742 0.0000e+00
        563     -0.864     1.5359   0.000108    -0.0001    -0.0741 0.0000e+00
        564     -0.861     1.5377   0.000115    -0.0001    -0.0741 0.0000e+00
        565     -0.859     1.5390   0.000120    -0.0001    -0.0740 0.0000e+00
        566     -0.858     1.5390   0.000118    -0.0001    -0.0740 0.0000e+00
        567     -0.858     1.5379   0.000113    -0.0001    -0.0741 0.0000e+00
        568     -0.859     1.5371   0.000110    -0.0001    -0.0741 0.0000e+00
        569     -0.861     1.5362   0.000105    -0.0002    -0.0741 0.0000e+00
        570     -0.865     1.5352   0.000102    -0.0002    -0.0742 0.0000e+00
        571     -0.867     1.5355   0.000105    -0.0002    -0.0742 0.0000e+00
        572     -0.868     1.5372   0.000113    -0.0001    -0.0741 0.0000e+00
        573     -0.868     1.5398   0.000123    -0.0000    -0.0740 0.0000e+00
        574     -0.868     1.5421   0.000128     0.0000    -0.0739 0.0000e+00
        575     -0.867     1.5436   0.000130     0.0000    -0.0738 0.0000e+00
        576     -0.865     1.5438   0.000129     0.0000    -0.0738 0.0000e+00
        577     -0.863     1.5429   0.000124    -0.0000    -0.0739 0.0000e+00
        578     -0.863     1.5411   0.000116    -0.0001    -0.0739 0.0000e+00
        579     -0.868     1.5397   0.000111    -0.0001    -0.0740 0.0000e+00
        580     -0.872     1.5398   0.000111    -0.0001    -0.0740 0.0000e+00
        581     -0.875     1.5408   0.000115    -0.0001    -0.0739 0.0000e+00
        582     -0.875     1.5405   0.000113    -0.0001    -0.0740 0.0000e+00
        583     -0.870     1.5391   0.000107    -0.0001    -0.0740 0.0000e+00
        584     -0.864     1.5375   0.000103    -0.0002    -0.0741 0.0000e+00
        585     -0.862     1.5357   0.000099    -0.0002    -0.0741 0.0000e+00
        586     -0.862     1.5335   0.000092    -0.0002    -0.0742 0.0000e+00
        587     -0.863     1.5316   0.000087    -0.0003    -0.0743 0.0000e+00
        588     -0.865     1.5309   0.000087    -0.0003    -0.0743 0.0000e+00
        589     -0.867     1.5314   0.000092    -0.0002    -0.0743 0.0000e+00
        590     -0.868     1.5317   0.000095    -0.0002    -0.0743 0.0000e+00
        591     -0.868     1.5304   0.000093    -0.0002    -0.0744 0.0000e+00
        592     -0.869     1.5282   0.000088    -0.0003    -0.0745 0.0000e+00
        593     -0.871     1.5266   0.000085    -0.0003    -0.0745 0.0000e+00
        594     -0.872     1.5263   0.000087    -0.0003    -0.0745 0.0000e+00
        595     -0.871     1.5258   0.000089    -0.0003    -0.0746 0.0000e+00
        596     -0.871     1.5248   0.000087    -0.0003    -0.0746 0.0000e+00
        597     -0.872     1.5243   0.000089    -0.0003    -0.0746 0.0000e+00
        598     -0.871     1.5248   0.000093    -0.0002    -0.0746 0.0000e+00
        599     -0.870     1.5255   0.000098    -0.0002    -0.0746 0.0000e+00
        600     -0.871     1.5251   0.000097    -0.0002    -0.0746 0.0000e+00
        601     -0.871     1.5231   0.000092    -0.0002    -0.0747 0.0000e+00
        602     -0.868     1.5209   0.000085    -0.0003    -0.0748 0.0000e+00
        603     -0.866     1.5193   0.000084    -0.0003    -0.0748 0.0000e+00
        604     -0.867     1.5183   0.000085    -0.0003    -0.0749 0.0000e+00
        605     -0.870     1.5183   0.000088    -0.0003    -0.0749 0.0000e+00
        606     -0.872     1.5196   0.000095    -0.0002    -0.0748 0.0000e+00
        607     -0.873     1.5216   0.000103    -0.0002    -0.0747 0.0000e+00
        608     -0.872     1.5231   0.000109    -0.0001    -0.0747 0.0000e+00
        609     -0.871     1.5233   0.000110    -0.0001    -0.0747 0.0000e+00
        610     -0.869     1.5229   0.000108    -0.0001    -0.0747 0.0000e+00
        611     -0.868     1.5227   0.000108    -0.0001    -0.0747 0.0000e+00
        612     -0.866     1.5210   0.000102    -0.0002    -0.0747 0.0000e+00
        613     -0.864     1.5179   0.000094    -0.0002    -0.0749 0.0000e+00
        614     -0.864     1.5150   0.000086    -0.0003    -0.0750 0.0000e+00
        615     -0.865     1.5131   0.000082    -0.0003    -0.0751 0.0000e+00
