Datasets/Multi_Species/TEL214/tel214_2020_034.cnv
* Sea-Bird SBE19plus Data File:
* Filename = C:/AQUIRE/tel214_2020_034.hex
* Software Version AquireV2 AF V2.0
* Temperature SN =  8014
* Conductivity SN =  8014
* System UpLoad Time = Nov 15 2020 20:41:06
* <ApplicationData>
* <AQUIREV2>
** VESSEL/TRIP/SEQ STN: tel214_2020_034
** LATITUDE: 52 48.82 N
** LONGITUDE: 52 12.53 W
** DATE/TIME: 2020-11-15 19:38
** SOUNDING DEPTH (M): 0294
** PROBE TYPE: S8014
** CTD NUMBER: 034
** COMMENTS: 
# nquan = 7                                 
# nvalues = 3572                        
# units = specified
# name 0 = scan: Scan Count
# name 1 = prdM: Pressure, Strain Gauge [db]
# name 2 = tv290C: Temperature [ITS-90, deg C]
# name 3 = c0S/m: Conductivity [S/m]
# name 4 = sal00: Salinity, Practical [PSU]
# name 5 = sigma-t00: Density [sigma-t, kg/m^3 ]
# name 6 = flag: flag
# span 0 =          1,       3572       
# span 1 =     -0.500,    291.374       
# span 2 =     1.5362,     3.4368       
# span 3 =  -0.035943,   3.176060       
# span 4 =    -0.0006,    34.5634       
# span 5 =    -0.0741,    27.5020       
# span 6 = 0.0000e+00, 0.0000e+00       
# interval = seconds: 1
# start_time = Nov 15 2020 19:38:24 [Instrument's time stamp, header]
# bad_flag = -9.990e-29
*END*
[from data line 2667]
       2668    221.091     2.9528   3.121740    34.3852    27.3986 0.0000e+00
       2669    220.501     2.9447   3.120681    34.3812    27.3961 0.0000e+00
       2670    219.891     2.9354   3.119592    34.3782    27.3945 0.0000e+00
       2671    219.279     2.9314   3.119235    34.3784    27.3951 0.0000e+00
       2672    218.677     2.9306   3.118906    34.3756    27.3929 0.0000e+00
       2673    218.076     2.9288   3.118459    34.3724    27.3905 0.0000e+00
       2674    217.469     2.9260   3.118400    34.3750    27.3928 0.0000e+00
       2675    216.852     2.9219   3.118155    34.3767    27.3946 0.0000e+00
       2676    216.225     2.9185   3.117666    34.3747    27.3933 0.0000e+00
       2677    215.591     2.9184   3.117394    34.3718    27.3910 0.0000e+00
       2678    214.949     2.9190   3.116986    34.3666    27.3868 0.0000e+00
       2679    214.296     2.9179   3.116577    34.3631    27.3841 0.0000e+00
       2680    213.630     2.9160   3.116360    34.3629    27.3841 0.0000e+00
       2681    212.957     2.9131   3.115791    34.3594    27.3815 0.0000e+00
       2682    212.290     2.9083   3.114911    34.3541    27.3778 0.0000e+00
       2683    211.633     2.9033   3.114292    34.3522    27.3767 0.0000e+00
       2684    210.978     2.8989   3.113977    34.3535    27.3781 0.0000e+00
       2685    210.312     2.8926   3.113156    34.3505    27.3763 0.0000e+00
       2686    209.624     2.8855   3.111882    34.3429    27.3709 0.0000e+00
       2687    208.911     2.8820   3.111449    34.3417    27.3702 0.0000e+00
       2688    208.180     2.8830   3.111762    34.3449    27.3727 0.0000e+00
       2689    207.446     2.8846   3.111656    34.3423    27.3705 0.0000e+00
       2690    206.722     2.8836   3.111028    34.3361    27.3656 0.0000e+00
       2691    206.010     2.8808   3.110460    34.3325    27.3630 0.0000e+00
       2692    205.300     2.8785   3.110265    34.3330    27.3636 0.0000e+00
       2693    204.579     2.8765   3.110083    34.3333    27.3640 0.0000e+00
       2694    203.843     2.8748   3.109678    34.3306    27.3620 0.0000e+00
       2695    203.102     2.8746   3.109447    34.3284    27.3602 0.0000e+00
       2696    202.366     2.8749   3.109355    34.3273    27.3594 0.0000e+00
       2697    201.623     2.8748   3.109254    34.3266    27.3588 0.0000e+00
       2698    200.845     2.8743   3.109078    34.3254    27.3579 0.0000e+00
       2699    200.019     2.8737   3.108803    34.3231    27.3561 0.0000e+00
       2700    199.169     2.8735   3.108620    34.3216    27.3549 0.0000e+00
       2701    198.337     2.8727   3.108311    34.3191    27.3530 0.0000e+00
       2702    197.546     2.8702   3.107744    34.3153    27.3502 0.0000e+00
       2703    196.787     2.8669   3.107220    34.3128    27.3485 0.0000e+00
       2704    196.031     2.8642   3.107032    34.3138    27.3495 0.0000e+00
       2705    195.245     2.8612   3.106838    34.3151    27.3508 0.0000e+00
       2706    194.411     2.8577   3.106350    34.3133    27.3497 0.0000e+00
       2707    193.541     2.8557   3.105976    34.3113    27.3483 0.0000e+00
       2708    192.666     2.8546   3.105634    34.3088    27.3464 0.0000e+00
       2709    191.803     2.8523   3.105180    34.3062    27.3445 0.0000e+00
       2710    190.955     2.8499   3.104868    34.3054    27.3441 0.0000e+00
       2711    190.115     2.8487   3.104700    34.3051    27.3439 0.0000e+00
       2712    189.281     2.8483   3.104544    34.3041    27.3432 0.0000e+00
       2713    188.448     2.8478   3.104472    34.3042    27.3433 0.0000e+00
       2714    187.603     2.8468   3.104579    34.3070    27.3457 0.0000e+00
       2715    186.734     2.8441   3.104495    34.3094    27.3478 0.0000e+00
       2716    185.832     2.8388   3.103808    34.3071    27.3464 0.0000e+00
       2717    184.903     2.8337   3.103126    34.3047    27.3450 0.0000e+00
       2718    183.979     2.8323   3.102878    34.3037    27.3443 0.0000e+00
       2719    183.087     2.8320   3.102454    34.2993    27.3408 0.0000e+00
       2720    182.219     2.8308   3.102042    34.2960    27.3383 0.0000e+00
       2721    181.350     2.8297   3.102026    34.2975    27.3396 0.0000e+00
       2722    180.461     2.8299   3.102075    34.2984    27.3402 0.0000e+00
       2723    179.553     2.8304   3.101998    34.2974    27.3394 0.0000e+00
       2724    178.640     2.8308   3.101791    34.2949    27.3374 0.0000e+00
       2725    177.728     2.8304   3.101551    34.2929    27.3359 0.0000e+00
       2726    176.808     2.8290   3.101424    34.2934    27.3363 0.0000e+00
       2727    175.858     2.8250   3.101245    34.2960    27.3388 0.0000e+00
       2728    174.873     2.8197   3.100917    34.2982    27.3410 0.0000e+00
       2729    173.878     2.8168   3.100435    34.2959    27.3394 0.0000e+00
       2730    172.902     2.8139   3.099419    34.2871    27.3327 0.0000e+00
       2731    171.947     2.8072   3.098174    34.2795    27.3272 0.0000e+00
       2732    170.998     2.8005   3.097732    34.2818    27.3296 0.0000e+00
       2733    170.046     2.7969   3.098152    34.2913    27.3375 0.0000e+00
       2734    169.080     2.7944   3.098527    34.2991    27.3440 0.0000e+00
       2735    168.078     2.7906   3.098307    34.3010    27.3458 0.0000e+00
       2736    167.033     2.7846   3.097231    34.2948    27.3414 0.0000e+00
       2737    165.970     2.7792   3.095947    34.2854    27.3344 0.0000e+00
       2738    164.929     2.7765   3.095128    34.2788    27.3294 0.0000e+00
       2739    163.922     2.7742   3.094400    34.2729    27.3248 0.0000e+00
       2740    162.918     2.7713   3.094173    34.2738    27.3258 0.0000e+00
       2741    161.880     2.7685   3.094188    34.2775    27.3290 0.0000e+00
       2742    160.790     2.7660   3.093822    34.2763    27.3283 0.0000e+00
       2743    159.659     2.7654   3.093420    34.2727    27.3254 0.0000e+00
       2744    158.508     2.7645   3.092670    34.2651    27.3194 0.0000e+00
       2745    157.361     2.7605   3.091654    34.2575    27.3137 0.0000e+00
       2746    156.234     2.7555   3.091010    34.2556    27.3126 0.0000e+00
       2747    155.133     2.7523   3.090721    34.2560    27.3133 0.0000e+00
       2748    154.051     2.7508   3.090583    34.2566    27.3138 0.0000e+00
       2749    152.967     2.7494   3.090616    34.2591    27.3159 0.0000e+00
       2750    151.846     2.7446   3.090177    34.2594    27.3166 0.0000e+00
       2751    150.662     2.7371   3.089065    34.2544    27.3133 0.0000e+00
       2752    149.419     2.7332   3.088374    34.2508    27.3108 0.0000e+00
       2753    148.145     2.7325   3.087718    34.2442    27.3055 0.0000e+00
       2754    146.877     2.7275   3.086251    34.2322    27.2964 0.0000e+00
       2755    145.635     2.7186   3.084681    34.2231    27.2899 0.0000e+00
       2756    144.413     2.7108   3.083646    34.2194    27.2876 0.0000e+00
       2757    143.208     2.7060   3.083055    34.2180    27.2869 0.0000e+00
       2758    142.023     2.7027   3.082571    34.2162    27.2858 0.0000e+00
       2759    140.854     2.7000   3.082108    34.2140    27.2843 0.0000e+00
       2760    139.672     2.6980   3.081998    34.2155    27.2856 0.0000e+00
       2761    138.443     2.6967   3.082386    34.2223    27.2912 0.0000e+00
       2762    137.145     2.6953   3.082520    34.2262    27.2944 0.0000e+00
       2763    135.784     2.6925   3.081515    34.2176    27.2877 0.0000e+00
       2764    134.402     2.6856   3.079730    34.2038    27.2773 0.0000e+00
       2765    133.055     2.6753   3.078169    34.1963    27.2722 0.0000e+00
       2766    131.765     2.6665   3.077122    34.1935    27.2708 0.0000e+00
       2767    130.503     2.6616   3.076487    34.1917    27.2697 0.0000e+00
       2768    129.234     2.6616   3.076348    34.1907    27.2689 0.0000e+00
       2769    127.959     2.6702   3.077164    34.1922    27.2694 0.0000e+00
       2770    126.704     2.6928   3.079535    34.1980    27.2721 0.0000e+00
       2771    125.464     2.7232   3.082495    34.2026    27.2731 0.0000e+00
       2772    124.195     2.7454   3.083896    34.1968    27.2666 0.0000e+00
       2773    122.852     2.7580   3.084069    34.1863    27.2570 0.0000e+00
       2774    121.438     2.7778   3.085933    34.1888    27.2573 0.0000e+00
       2775    120.012     2.8122   3.089892    34.2015    27.2645 0.0000e+00
       2776    118.648     2.8476   3.093071    34.2035    27.2629 0.0000e+00
       2777    117.366     2.8692   3.094256    34.1958    27.2548 0.0000e+00
       2778    116.111     2.8852   3.094259    34.1795    27.2404 0.0000e+00
       2779    114.801     2.9231   3.096396    34.1661    27.2263 0.0000e+00
       2780    113.405     2.9767   3.100719    34.1627    27.2188 0.0000e+00
       2781    111.970     3.0130   3.104315    34.1689    27.2204 0.0000e+00
       2782    110.577     3.0511   3.110503    34.2046    27.2455 0.0000e+00
       2783    109.267     3.1104   3.117655    34.2294    27.2599 0.0000e+00
       2784    107.997     3.1640   3.119505    34.1958    27.2281 0.0000e+00
       2785    106.694     3.2184   3.121094    34.1583    27.1931 0.0000e+00
       2786    105.321     3.2828   3.126847    34.1607    27.1890 0.0000e+00
       2787    103.891     3.3175   3.129988    34.1628    27.1875 0.0000e+00
       2788    102.454     3.3217   3.131087    34.1725    27.1947 0.0000e+00
       2789    101.046     3.3361   3.134149    34.1951    27.2114 0.0000e+00
       2790     99.648     3.3566   3.135357    34.1888    27.2044 0.0000e+00
       2791     98.238     3.3622   3.134499    34.1733    27.1916 0.0000e+00
       2792     96.844     3.3567   3.133037    34.1622    27.1832 0.0000e+00
       2793     95.503     3.3437   3.130523    34.1463    27.1718 0.0000e+00
       2794     94.188     3.3255   3.127771    34.1329    27.1628 0.0000e+00
       2795     92.824     3.3001   3.124987    34.1268    27.1603 0.0000e+00
       2796     91.371     3.2671   3.122336    34.1303    27.1662 0.0000e+00
       2797     89.869     3.2484   3.121418    34.1397    27.1755 0.0000e+00
       2798     88.397     3.2464   3.120455    34.1310    27.1687 0.0000e+00
       2799     87.013     3.2260   3.115336    34.0913    27.1389 0.0000e+00
       2800     85.721     3.1836   3.108795    34.0574    27.1159 0.0000e+00
       2801     84.456     3.1431   3.105286    34.0582    27.1202 0.0000e+00
       2802     83.108     3.1004   3.101153    34.0538    27.1206 0.0000e+00
       2803     81.629     3.0547   3.094993    34.0279    27.1042 0.0000e+00
       2804     80.092     3.0293   3.092281    34.0226    27.1022 0.0000e+00
       2805     78.644     3.0184   3.090848    34.0174    27.0991 0.0000e+00
       2806     77.398     2.9997   3.086955    33.9904    27.0792 0.0000e+00
       2807     76.290     2.9648   3.083803    33.9895    27.0815 0.0000e+00
       2808     75.130     2.8969   3.077023    33.9791    27.0793 0.0000e+00
       2809     73.889     2.8089   3.065346    33.9299    27.0478 0.0000e+00
       2810     72.719     2.7466   3.057818    33.9041    27.0326 0.0000e+00
       2811     71.695     2.7040   3.052004    33.8784    27.0157 0.0000e+00
       2812     70.780     2.6549   3.046248    33.8601    27.0053 0.0000e+00
       2813     69.915     2.6149   3.045324    33.8916    27.0338 0.0000e+00
       2814     69.074     2.5945   3.045456    33.9153    27.0545 0.0000e+00
       2815     68.272     2.5860   3.043946    33.9061    27.0479 0.0000e+00
       2816     67.525     2.5830   3.041495    33.8795    27.0269 0.0000e+00
       2817     66.822     2.5769   3.039506    33.8619    27.0133 0.0000e+00
       2818     66.120     2.5670   3.039578    33.8736    27.0236 0.0000e+00
       2819     65.379     2.5504   3.038122    33.8737    27.0250 0.0000e+00
       2820     64.589     2.5256   3.034283    33.8531    27.0106 0.0000e+00
       2821     63.783     2.5106   3.032530    33.8478    27.0076 0.0000e+00
       2822     63.004     2.5129   3.032059    33.8400    27.0012 0.0000e+00
       2823     62.253     2.5178   3.030972    33.8218    26.9862 0.0000e+00
       2824     61.483     2.5111   3.030641    33.8252    26.9895 0.0000e+00
       2825     60.678     2.4852   3.028799    33.8304    26.9958 0.0000e+00
       2826     59.856     2.4497   3.024925    33.8206    26.9909 0.0000e+00
       2827     59.030     2.4289   3.024046    33.8322    27.0019 0.0000e+00
       2828     58.230     2.4355   3.026017    33.8501    27.0157 0.0000e+00
       2829     57.460     2.4493   3.026513    33.8420    27.0081 0.0000e+00
       2830     56.676     2.4350   3.023670    33.8224    26.9936 0.0000e+00
       2831     55.851     2.3924   3.018085    33.7989    26.9783 0.0000e+00
       2832     54.987     2.3558   3.013989    33.7875    26.9722 0.0000e+00
       2833     54.101     2.3470   3.014311    33.8013    26.9839 0.0000e+00
       2834     53.228     2.3561   3.015535    33.8073    26.9880 0.0000e+00
       2835     52.368     2.3632   3.015153    33.7955    26.9780 0.0000e+00
       2836     51.501     2.3607   3.014965    33.7964    26.9788 0.0000e+00
       2837     50.640     2.3470   3.014171    33.8015    26.9841 0.0000e+00
       2838     49.813     2.3255   3.011939    33.7971    26.9823 0.0000e+00
       2839     49.000     2.3045   3.009575    33.7906    26.9788 0.0000e+00
       2840     48.160     2.2860   3.007003    33.7788    26.9708 0.0000e+00
       2841     47.274     2.2705   2.997551    33.6783    26.8916 0.0000e+00
       2842     46.361     2.2676   2.925178    32.7844    26.1767 0.0000e+00
       2843     45.454     2.2819   2.868887    32.0748    25.6079 0.0000e+00
       2844     44.564     2.2969   2.942112    32.9647    26.3186 0.0000e+00
       2845     43.662     2.2945   3.006579    33.7670    26.9607 0.0000e+00
       2846     42.728     2.2756   3.004047    33.7561    26.9535 0.0000e+00
       2847     41.785     2.2552   3.001348    33.7448    26.9461 0.0000e+00
       2848     40.859     2.2485   3.001096    33.7493    26.9502 0.0000e+00
       2849     39.967     2.2546   3.001598    33.7495    26.9499 0.0000e+00
       2850     39.111     2.2606   3.001296    33.7399    26.9417 0.0000e+00
       2851     38.289     2.2622   3.001441    33.7405    26.9421 0.0000e+00
       2852     37.529     2.2604   3.001730    33.7464    26.9469 0.0000e+00
       2853     36.845     2.2510   3.001212    33.7503    26.9508 0.0000e+00
       2854     36.204     2.2386   3.000481    33.7548    26.9554 0.0000e+00
       2855     35.601     2.2355   2.999572    33.7471    26.9495 0.0000e+00
       2856     35.081     2.2320   2.996951    33.7185    26.9269 0.0000e+00
       2857     34.660     2.2137   2.993683    33.6975    26.9115 0.0000e+00
       2858     34.286     2.1929   2.993053    33.7120    26.9247 0.0000e+00
       2859     33.888     2.1801   2.993912    33.7365    26.9454 0.0000e+00
       2860     33.463     2.1704   2.993272    33.7391    26.9482 0.0000e+00
       2861     33.077     2.1682   2.991380    33.7180    26.9316 0.0000e+00
       2862     32.753     2.1744   2.989068    33.6828    26.9029 0.0000e+00
       2863     32.449     2.1720   2.988051    33.6729    26.8951 0.0000e+00
       2864     32.105     2.1434   2.986970    33.6900    26.9110 0.0000e+00
       2865     31.709     2.0907   2.981786    33.6815    26.9084 0.0000e+00
       2866     31.308     2.0436   2.976489    33.6656    26.8993 0.0000e+00
       2867     30.946     2.0273   2.975055    33.6652    26.9002 0.0000e+00
       2868     30.640     2.0332   2.975022    33.6587    26.8946 0.0000e+00
       2869     30.382     2.0420   2.975508    33.6556    26.8914 0.0000e+00
       2870     30.132     2.0458   2.976187    33.6602    26.8948 0.0000e+00
       2871     29.799     2.0405   2.975676    33.6596    26.8947 0.0000e+00
