Datasets/Multi_Species/TEL214/tel214_2020_028.cnv
* Sea-Bird SBE19plus Data File:
* Filename = C:/AQUIRE/tel214_2020_028.hex
* Software Version AquireV2 AF V2.0
* Temperature SN =  7853
* Conductivity SN =  7853
* System UpLoad Time = Nov 15 2020 01:57:06
* <ApplicationData>
* <AQUIREV2>
** VESSEL/TRIP/SEQ STN: tel214_2020_028
** LATITUDE: 53 30.76 N
** LONGITUDE: 52 34.09 W
** DATE/TIME: 2020-11-15 00:53
** SOUNDING DEPTH (M): 0343
** PROBE TYPE: S7853
** CTD NUMBER: 028
** COMMENTS: 
# nquan = 7                                 
# nvalues = 3646                        
# units = specified
# name 0 = scan: Scan Count
# name 1 = prdM: Pressure, Strain Gauge [db]
# name 2 = tv290C: Temperature [ITS-90, deg C]
# name 3 = c0S/m: Conductivity [S/m]
# name 4 = sal00: Salinity, Practical [PSU]
# name 5 = sigma-t00: Density [sigma-t, kg/m^3 ]
# name 6 = flag: flag
# span 0 =          1,       3646       
# span 1 =     -1.072,    344.650       
# span 2 =     0.2871,     4.0522       
# span 3 =   0.000030,   3.253040       
# span 4 =    -0.0015,    34.7557       
# span 5 =    -0.1386,    27.5895       
# span 6 = 0.0000e+00, 0.0000e+00       
# interval = seconds: 1
# start_time = Nov 15 2020 00:53:55 [Instrument's time stamp, header]
# bad_flag = -9.990e-29
*END*
[from data line 1847]
       1848    344.169     4.0243   3.251741    34.7442    27.5802 0.0000e+00
       1849    344.203     4.0243   3.251746    34.7442    27.5802 0.0000e+00
       1850    344.227     4.0244   3.251758    34.7443    27.5802 0.0000e+00
       1851    344.233     4.0244   3.251775    34.7445    27.5804 0.0000e+00
       1852    344.228     4.0244   3.251787    34.7446    27.5805 0.0000e+00
       1853    344.225     4.0245   3.251792    34.7446    27.5804 0.0000e+00
       1854    344.234     4.0247   3.251794    34.7444    27.5803 0.0000e+00
       1855    344.257     4.0247   3.251801    34.7444    27.5803 0.0000e+00
       1856    344.283     4.0247   3.251813    34.7446    27.5804 0.0000e+00
       1857    344.306     4.0247   3.251819    34.7446    27.5805 0.0000e+00
       1858    344.323     4.0248   3.251821    34.7445    27.5804 0.0000e+00
       1859    344.335     4.0248   3.251821    34.7445    27.5804 0.0000e+00
       1860    344.345     4.0248   3.251822    34.7445    27.5804 0.0000e+00
       1861    344.347     4.0248   3.251826    34.7446    27.5804 0.0000e+00
       1862    344.342     4.0249   3.251836    34.7446    27.5804 0.0000e+00
       1863    344.342     4.0250   3.251844    34.7446    27.5804 0.0000e+00
       1864    344.360     4.0250   3.251852    34.7447    27.5805 0.0000e+00
       1865    344.390     4.0251   3.251865    34.7447    27.5805 0.0000e+00
       1866    344.418     4.0252   3.251886    34.7448    27.5806 0.0000e+00
       1867    344.434     4.0253   3.251911    34.7450    27.5807 0.0000e+00
       1868    344.440     4.0257   3.251932    34.7448    27.5805 0.0000e+00
       1869    344.446     4.0259   3.251946    34.7448    27.5805 0.0000e+00
       1870    344.461     4.0259   3.251956    34.7449    27.5805 0.0000e+00
       1871    344.476     4.0259   3.251959    34.7449    27.5806 0.0000e+00
       1872    344.481     4.0259   3.251960    34.7449    27.5806 0.0000e+00
       1873    344.484     4.0259   3.251963    34.7450    27.5806 0.0000e+00
       1874    344.495     4.0259   3.251966    34.7450    27.5806 0.0000e+00
       1875    344.515     4.0259   3.251963    34.7449    27.5806 0.0000e+00
       1876    344.537     4.0259   3.251954    34.7448    27.5805 0.0000e+00
       1877    344.558     4.0259   3.251946    34.7447    27.5804 0.0000e+00
       1878    344.576     4.0261   3.251950    34.7445    27.5803 0.0000e+00
       1879    344.582     4.0264   3.251965    34.7444    27.5801 0.0000e+00
       1880    344.573     4.0265   3.251984    34.7445    27.5802 0.0000e+00
       1881    344.551     4.0265   3.251995    34.7447    27.5803 0.0000e+00
       1882    344.520     4.0263   3.251998    34.7449    27.5805 0.0000e+00
       1883    344.502     4.0263   3.252000    34.7450    27.5806 0.0000e+00
       1884    344.513     4.0261   3.252005    34.7452    27.5808 0.0000e+00
       1885    344.545     4.0261   3.252010    34.7453    27.5808 0.0000e+00
       1886    344.566     4.0261   3.252014    34.7453    27.5809 0.0000e+00
       1887    344.565     4.0261   3.252020    34.7454    27.5809 0.0000e+00
       1888    344.561     4.0263   3.252032    34.7453    27.5808 0.0000e+00
       1889    344.564     4.0263   3.252044    34.7455    27.5810 0.0000e+00
       1890    344.570     4.0263   3.252048    34.7455    27.5810 0.0000e+00
       1891    344.572     4.0263   3.252045    34.7455    27.5810 0.0000e+00
       1892    344.576     4.0263   3.252043    34.7454    27.5809 0.0000e+00
       1893    344.586     4.0263   3.252051    34.7455    27.5810 0.0000e+00
       1894    344.593     4.0265   3.252061    34.7454    27.5809 0.0000e+00
       1895    344.587     4.0265   3.252067    34.7455    27.5810 0.0000e+00
       1896    344.577     4.0266   3.252074    34.7455    27.5810 0.0000e+00
       1897    344.575     4.0267   3.252081    34.7455    27.5809 0.0000e+00
       1898    344.577     4.0267   3.252089    34.7456    27.5810 0.0000e+00
       1899    344.574     4.0267   3.252097    34.7457    27.5811 0.0000e+00
       1900    344.558     4.0267   3.252100    34.7457    27.5811 0.0000e+00
       1901    344.534     4.0267   3.252105    34.7458    27.5812 0.0000e+00
       1902    344.519     4.0267   3.252112    34.7459    27.5812 0.0000e+00
       1903    344.514     4.0267   3.252117    34.7459    27.5813 0.0000e+00
       1904    344.506     4.0267   3.252116    34.7459    27.5813 0.0000e+00
       1905    344.489     4.0268   3.252110    34.7457    27.5811 0.0000e+00
       1906    344.468     4.0269   3.252104    34.7456    27.5810 0.0000e+00
       1907    344.457     4.0268   3.252100    34.7456    27.5811 0.0000e+00
       1908    344.458     4.0267   3.252092    34.7457    27.5811 0.0000e+00
       1909    344.463     4.0267   3.252086    34.7456    27.5810 0.0000e+00
       1910    344.465     4.0267   3.252082    34.7455    27.5810 0.0000e+00
       1911    344.461     4.0267   3.252076    34.7455    27.5809 0.0000e+00
       1912    344.454     4.0267   3.252073    34.7454    27.5809 0.0000e+00
       1913    344.456     4.0267   3.252075    34.7455    27.5809 0.0000e+00
       1914    344.469     4.0267   3.252083    34.7455    27.5810 0.0000e+00
       1915    344.487     4.0269   3.252096    34.7455    27.5809 0.0000e+00
       1916    344.506     4.0271   3.252114    34.7455    27.5809 0.0000e+00
       1917    344.524     4.0271   3.252134    34.7457    27.5811 0.0000e+00
       1918    344.535     4.0271   3.252149    34.7459    27.5812 0.0000e+00
       1919    344.534     4.0271   3.252157    34.7460    27.5813 0.0000e+00
       1920    344.528     4.0271   3.252166    34.7461    27.5814 0.0000e+00
       1921    344.529     4.0271   3.252171    34.7461    27.5814 0.0000e+00
       1922    344.546     4.0272   3.252176    34.7461    27.5814 0.0000e+00
       1923    344.573     4.0274   3.252183    34.7459    27.5812 0.0000e+00
       1924    344.593     4.0275   3.252187    34.7459    27.5812 0.0000e+00
       1925    344.595     4.0275   3.252189    34.7459    27.5812 0.0000e+00
       1926    344.585     4.0275   3.252195    34.7460    27.5812 0.0000e+00
       1927    344.574     4.0275   3.252205    34.7461    27.5813 0.0000e+00
       1928    344.575     4.0275   3.252212    34.7462    27.5814 0.0000e+00
       1929    344.591     4.0275   3.252216    34.7462    27.5814 0.0000e+00
       1930    344.610     4.0275   3.252224    34.7463    27.5815 0.0000e+00
       1931    344.618     4.0275   3.252227    34.7463    27.5815 0.0000e+00
       1932    344.619     4.0276   3.252223    34.7462    27.5814 0.0000e+00
       1933    344.626     4.0276   3.252217    34.7461    27.5813 0.0000e+00
       1934    344.640     4.0276   3.252213    34.7460    27.5813 0.0000e+00
       1935    344.650     4.0277   3.252220    34.7460    27.5813 0.0000e+00
       1936    344.643     4.0278   3.252240    34.7462    27.5814 0.0000e+00
       1937    344.615     4.0278   3.252262    34.7464    27.5816 0.0000e+00
       1938    344.583     4.0278   3.252270    34.7465    27.5817 0.0000e+00
       1939    344.564     4.0278   3.252271    34.7466    27.5817 0.0000e+00
       1940    344.561     4.0278   3.252270    34.7466    27.5817 0.0000e+00
       1941    344.559     4.0279   3.252262    34.7464    27.5815 0.0000e+00
       1942    344.547     4.0280   3.252257    34.7462    27.5814 0.0000e+00
       1943    344.530     4.0281   3.252258    34.7461    27.5813 0.0000e+00
       1944    344.514     4.0281   3.252260    34.7461    27.5813 0.0000e+00
       1945    344.494     4.0281   3.252265    34.7462    27.5814 0.0000e+00
       1946    344.462     4.0281   3.252262    34.7462    27.5814 0.0000e+00
       1947    344.416     4.0279   3.252248    34.7463    27.5814 0.0000e+00
       1948    344.364     4.0278   3.252239    34.7463    27.5815 0.0000e+00
       1949    344.324     4.0278   3.252237    34.7463    27.5815 0.0000e+00
       1950    344.306     4.0278   3.252237    34.7463    27.5815 0.0000e+00
       1951    344.301     4.0279   3.252238    34.7462    27.5814 0.0000e+00
       1952    344.291     4.0281   3.252239    34.7460    27.5812 0.0000e+00
       1953    344.266     4.0281   3.252234    34.7460    27.5812 0.0000e+00
       1954    344.237     4.0279   3.252225    34.7461    27.5813 0.0000e+00
       1955    344.215     4.0278   3.252227    34.7462    27.5814 0.0000e+00
       1956    344.197     4.0278   3.252234    34.7463    27.5815 0.0000e+00
       1957    344.179     4.0278   3.252238    34.7464    27.5815 0.0000e+00
       1958    344.166     4.0278   3.252242    34.7464    27.5816 0.0000e+00
       1959    344.159     4.0279   3.252242    34.7463    27.5815 0.0000e+00
       1960    344.150     4.0280   3.252239    34.7462    27.5814 0.0000e+00
       1961    344.132     4.0281   3.252240    34.7461    27.5813 0.0000e+00
       1962    344.114     4.0281   3.252239    34.7461    27.5813 0.0000e+00
       1963    344.104     4.0281   3.252238    34.7461    27.5813 0.0000e+00
       1964    344.100     4.0280   3.252232    34.7461    27.5813 0.0000e+00
       1965    344.100     4.0279   3.252229    34.7462    27.5814 0.0000e+00
       1966    344.109     4.0279   3.252231    34.7462    27.5814 0.0000e+00
       1967    344.120     4.0279   3.252234    34.7463    27.5814 0.0000e+00
       1968    344.113     4.0280   3.252232    34.7461    27.5813 0.0000e+00
       1969    344.084     4.0282   3.252233    34.7459    27.5811 0.0000e+00
       1970    344.051     4.0282   3.252232    34.7460    27.5812 0.0000e+00
       1971    344.034     4.0282   3.252229    34.7459    27.5811 0.0000e+00
       1972    344.039     4.0282   3.252230    34.7459    27.5811 0.0000e+00
       1973    344.061     4.0282   3.252232    34.7459    27.5811 0.0000e+00
       1974    344.085     4.0280   3.252226    34.7461    27.5813 0.0000e+00
       1975    344.087     4.0279   3.252221    34.7461    27.5813 0.0000e+00
       1976    344.067     4.0279   3.252221    34.7461    27.5813 0.0000e+00
       1977    344.041     4.0280   3.252219    34.7460    27.5812 0.0000e+00
       1978    344.022     4.0281   3.252215    34.7459    27.5811 0.0000e+00
       1979    344.019     4.0281   3.252205    34.7458    27.5810 0.0000e+00
       1980    344.035     4.0281   3.252203    34.7457    27.5810 0.0000e+00
       1981    344.060     4.0281   3.252211    34.7458    27.5810 0.0000e+00
       1982    344.076     4.0280   3.252218    34.7460    27.5812 0.0000e+00
       1983    344.074     4.0279   3.252221    34.7461    27.5813 0.0000e+00
       1984    344.059     4.0279   3.252222    34.7461    27.5813 0.0000e+00
       1985    344.052     4.0281   3.252221    34.7459    27.5811 0.0000e+00
       1986    344.061     4.0281   3.252220    34.7459    27.5811 0.0000e+00
       1987    344.074     4.0281   3.252221    34.7459    27.5811 0.0000e+00
       1988    344.073     4.0281   3.252217    34.7459    27.5811 0.0000e+00
       1989    344.061     4.0281   3.252204    34.7457    27.5810 0.0000e+00
       1990    344.055     4.0281   3.252193    34.7456    27.5809 0.0000e+00
       1991    344.067     4.0279   3.252191    34.7458    27.5810 0.0000e+00
       1992    344.082     4.0278   3.252193    34.7459    27.5811 0.0000e+00
       1993    344.078     4.0278   3.252193    34.7459    27.5811 0.0000e+00
       1994    344.056     4.0278   3.252193    34.7459    27.5812 0.0000e+00
       1995    344.038     4.0278   3.252192    34.7459    27.5812 0.0000e+00
       1996    344.042     4.0279   3.252190    34.7458    27.5810 0.0000e+00
       1997    344.066     4.0280   3.252184    34.7456    27.5809 0.0000e+00
       1998    344.087     4.0279   3.252181    34.7456    27.5809 0.0000e+00
       1999    344.093     4.0278   3.252185    34.7458    27.5811 0.0000e+00
       2000    344.096     4.0278   3.252193    34.7459    27.5811 0.0000e+00
       2001    344.111     4.0278   3.252198    34.7459    27.5812 0.0000e+00
       2002    344.133     4.0278   3.252196    34.7459    27.5812 0.0000e+00
       2003    344.143     4.0278   3.252188    34.7458    27.5811 0.0000e+00
       2004    344.139     4.0278   3.252184    34.7458    27.5810 0.0000e+00
       2005    344.132     4.0279   3.252183    34.7456    27.5809 0.0000e+00
       2006    344.135     4.0281   3.252179    34.7454    27.5807 0.0000e+00
       2007    344.147     4.0281   3.252174    34.7453    27.5807 0.0000e+00
       2008    344.157     4.0281   3.252172    34.7453    27.5806 0.0000e+00
       2009    344.156     4.0279   3.252168    34.7455    27.5808 0.0000e+00
       2010    344.149     4.0278   3.252164    34.7455    27.5808 0.0000e+00
       2011    344.146     4.0278   3.252166    34.7455    27.5809 0.0000e+00
       2012    344.148     4.0278   3.252169    34.7456    27.5809 0.0000e+00
       2013    344.159     4.0278   3.252172    34.7456    27.5809 0.0000e+00
       2014    344.178     4.0280   3.252176    34.7454    27.5808 0.0000e+00
       2015    344.192     4.0281   3.252183    34.7454    27.5807 0.0000e+00
       2016    344.191     4.0281   3.252183    34.7454    27.5807 0.0000e+00
       2017    344.179     4.0281   3.252184    34.7454    27.5807 0.0000e+00
       2018    344.161     4.0281   3.252187    34.7455    27.5808 0.0000e+00
       2019    344.142     4.0281   3.252187    34.7455    27.5808 0.0000e+00
       2020    344.133     4.0281   3.252185    34.7455    27.5808 0.0000e+00
       2021    344.140     4.0281   3.252181    34.7454    27.5807 0.0000e+00
       2022    344.155     4.0281   3.252181    34.7454    27.5807 0.0000e+00
       2023    344.159     4.0281   3.252180    34.7454    27.5807 0.0000e+00
       2024    344.140     4.0281   3.252175    34.7453    27.5807 0.0000e+00
       2025    344.113     4.0281   3.252173    34.7453    27.5807 0.0000e+00
       2026    344.097     4.0281   3.252178    34.7454    27.5807 0.0000e+00
       2027    344.096     4.0282   3.252194    34.7455    27.5808 0.0000e+00
       2028    344.100     4.0282   3.252210    34.7457    27.5809 0.0000e+00
       2029    344.096     4.0282   3.252223    34.7458    27.5810 0.0000e+00
       2030    344.079     4.0282   3.252232    34.7459    27.5811 0.0000e+00
       2031    344.052     4.0282   3.252235    34.7460    27.5812 0.0000e+00
       2032    344.025     4.0283   3.252233    34.7459    27.5811 0.0000e+00
       2033    344.012     4.0283   3.252231    34.7459    27.5811 0.0000e+00
       2034    344.016     4.0284   3.252229    34.7457    27.5809 0.0000e+00
       2035    344.029     4.0283   3.252225    34.7458    27.5810 0.0000e+00
       2036    344.034     4.0282   3.252218    34.7458    27.5810 0.0000e+00
       2037    344.022     4.0282   3.252212    34.7457    27.5810 0.0000e+00
       2038    343.997     4.0282   3.252216    34.7458    27.5810 0.0000e+00
       2039    343.971     4.0282   3.252222    34.7459    27.5811 0.0000e+00
       2040    343.955     4.0282   3.252220    34.7459    27.5811 0.0000e+00
       2041    343.952     4.0282   3.252213    34.7458    27.5810 0.0000e+00
       2042    343.959     4.0282   3.252210    34.7457    27.5810 0.0000e+00
       2043    343.962     4.0282   3.252204    34.7457    27.5809 0.0000e+00
       2044    343.952     4.0282   3.252191    34.7455    27.5808 0.0000e+00
       2045    343.935     4.0282   3.252185    34.7455    27.5808 0.0000e+00
       2046    343.927     4.0282   3.252185    34.7455    27.5808 0.0000e+00
       2047    343.931     4.0282   3.252186    34.7455    27.5808 0.0000e+00
       2048    343.940     4.0282   3.252188    34.7455    27.5808 0.0000e+00
       2049    343.943     4.0282   3.252187    34.7455    27.5808 0.0000e+00
       2050    343.937     4.0282   3.252187    34.7455    27.5808 0.0000e+00
       2051    343.925     4.0282   3.252188    34.7455    27.5808 0.0000e+00
