Datasets/Multi_Species/TEL214/tel214_2020_002.cnv
* Sea-Bird SBE19plus Data File:
* Filename = C:/AQUIRE/tel214_2020_002.hex
* Software Version AquireV2 AF V2.0
* Temperature SN =  7853
* Conductivity SN =  7853
* System UpLoad Time = Nov 06 2020 14:15:41
* <ApplicationData>
* <AQUIREV2>
** VESSEL/TRIP/SEQ STN: tel214_2020_002
** LATITUDE: 52 44.30 N
** LONGITUDE: 52 37.60 W
** DATE/TIME: 2020-11-06 13:21
** SOUNDING DEPTH (M): 0238
** PROBE TYPE: S7853
** CTD NUMBER:   2
** COMMENTS: SET 2
# nquan = 7                                 
# nvalues = 3064                        
# units = specified
# name 0 = scan: Scan Count
# name 1 = prdM: Pressure, Strain Gauge [db]
# name 2 = tv290C: Temperature [ITS-90, deg C]
# name 3 = c0S/m: Conductivity [S/m]
# name 4 = sal00: Salinity, Practical [PSU]
# name 5 = sigma-t00: Density [sigma-t, kg/m^3 ]
# name 6 = flag: flag
# span 0 =          1,       3064       
# span 1 =     -1.062,    233.954       
# span 2 =     0.7081,     3.1206       
# span 3 =   0.000086,   3.048322       
# span 4 =    -0.0003,    34.1746       
# span 5 =    -0.0765,    27.2903       
# span 6 = 0.0000e+00, 0.0000e+00       
# interval = seconds: 1
# start_time = Nov 06 2020 13:21:37 [Instrument's time stamp, header]
# bad_flag = -9.990e-29
*END*
[from data line 2667]
       2668     -1.050     1.6035   0.000125     0.0000    -0.0714 0.0000e+00
       2669     -1.053     1.6041   0.000125     0.0000    -0.0714 0.0000e+00
       2670     -1.054     1.6046   0.000125     0.0000    -0.0714 0.0000e+00
       2671     -1.053     1.6052   0.000123     0.0000    -0.0714 0.0000e+00
       2672     -1.054     1.6060   0.000122     0.0000    -0.0713 0.0000e+00
       2673     -1.054     1.6067   0.000124     0.0000    -0.0713 0.0000e+00
       2674     -1.053     1.6073   0.000124     0.0000    -0.0713 0.0000e+00
       2675     -1.054     1.6079   0.000124     0.0000    -0.0712 0.0000e+00
       2676     -1.056     1.6084   0.000124     0.0000    -0.0712 0.0000e+00
       2677     -1.057     1.6090   0.000124     0.0000    -0.0712 0.0000e+00
       2678     -1.057     1.6096   0.000124     0.0000    -0.0712 0.0000e+00
       2679     -1.056     1.6102   0.000123     0.0000    -0.0712 0.0000e+00
       2680     -1.054     1.6108   0.000121     0.0000    -0.0711 0.0000e+00
       2681     -1.053     1.6114   0.000122     0.0000    -0.0711 0.0000e+00
       2682     -1.054     1.6120   0.000123     0.0000    -0.0711 0.0000e+00
       2683     -1.055     1.6126   0.000123     0.0000    -0.0711 0.0000e+00
       2684     -1.054     1.6132   0.000123     0.0000    -0.0710 0.0000e+00
       2685     -1.053     1.6138   0.000124     0.0000    -0.0710 0.0000e+00
       2686     -1.054     1.6144   0.000124     0.0000    -0.0710 0.0000e+00
       2687     -1.055     1.6149   0.000124     0.0000    -0.0710 0.0000e+00
       2688     -1.054     1.6155   0.000123     0.0000    -0.0709 0.0000e+00
       2689     -1.053     1.6162   0.000123     0.0000    -0.0709 0.0000e+00
       2690     -1.054     1.6167   0.000123     0.0000    -0.0709 0.0000e+00
       2691     -1.054     1.6172   0.000123     0.0000    -0.0709 0.0000e+00
       2692     -1.053     1.6178   0.000123     0.0000    -0.0708 0.0000e+00
       2693     -1.054     1.6184   0.000123     0.0000    -0.0708 0.0000e+00
       2694     -1.056     1.6190   0.000123     0.0000    -0.0708 0.0000e+00
       2695     -1.056     1.6196   0.000123     0.0000    -0.0708 0.0000e+00
       2696     -1.057     1.6202   0.000123     0.0000    -0.0708 0.0000e+00
       2697     -1.057     1.6206   0.000122     0.0000    -0.0707 0.0000e+00
       2698     -1.057     1.6212   0.000122     0.0000    -0.0707 0.0000e+00
       2699     -1.057     1.6218   0.000122     0.0000    -0.0707 0.0000e+00
       2700     -1.057     1.6224   0.000122     0.0000    -0.0707 0.0000e+00
       2701     -1.058     1.6230   0.000123     0.0000    -0.0706 0.0000e+00
       2702     -1.059     1.6235   0.000122     0.0000    -0.0706 0.0000e+00
       2703     -1.060     1.6241   0.000122     0.0000    -0.0706 0.0000e+00
       2704     -1.060     1.6246   0.000122     0.0000    -0.0706 0.0000e+00
       2705     -1.058     1.6252   0.000123     0.0000    -0.0706 0.0000e+00
       2706     -1.053     1.6258   0.000124     0.0000    -0.0705 0.0000e+00
       2707     -1.052     1.6264   0.000124     0.0000    -0.0705 0.0000e+00
       2708     -1.054     1.6269   0.000123     0.0000    -0.0705 0.0000e+00
       2709     -1.056     1.6275   0.000123     0.0000    -0.0705 0.0000e+00
       2710     -1.057     1.6281   0.000123     0.0000    -0.0704 0.0000e+00
       2711     -1.057     1.6286   0.000123     0.0000    -0.0704 0.0000e+00
       2712     -1.056     1.6290   0.000123     0.0000    -0.0704 0.0000e+00
       2713     -1.054     1.6295   0.000123     0.0000    -0.0704 0.0000e+00
       2714     -1.053     1.6301   0.000124     0.0000    -0.0704 0.0000e+00
       2715     -1.054     1.6307   0.000123     0.0000    -0.0703 0.0000e+00
       2716     -1.054     1.6313   0.000123     0.0000    -0.0703 0.0000e+00
       2717     -1.053     1.6318   0.000123     0.0000    -0.0703 0.0000e+00
       2718     -1.053     1.6324   0.000122     0.0000    -0.0703 0.0000e+00
       2719     -1.053     1.6329   0.000123     0.0000    -0.0702 0.0000e+00
       2720     -1.051     1.6334   0.000123     0.0000    -0.0702 0.0000e+00
       2721     -1.051     1.6340   0.000123     0.0000    -0.0702 0.0000e+00
       2722     -1.054     1.6345   0.000123     0.0000    -0.0702 0.0000e+00
       2723     -1.058     1.6351   0.000123     0.0000    -0.0702 0.0000e+00
       2724     -1.058     1.6355   0.000121     0.0000    -0.0702 0.0000e+00
       2725     -1.055     1.6361   0.000122     0.0000    -0.0701 0.0000e+00
       2726     -1.052     1.6366   0.000121     0.0000    -0.0701 0.0000e+00
       2727     -1.050     1.6371   0.000119     0.0000    -0.0701 0.0000e+00
       2728     -1.049     1.6378   0.000121     0.0000    -0.0701 0.0000e+00
       2729     -1.048     1.6384   0.000124     0.0000    -0.0700 0.0000e+00
       2730     -1.047     1.6389   0.000124     0.0000    -0.0700 0.0000e+00
       2731     -1.048     1.6393   0.000122     0.0000    -0.0700 0.0000e+00
       2732     -1.048     1.6397   0.000121     0.0000    -0.0700 0.0000e+00
       2733     -1.048     1.6403   0.000121     0.0000    -0.0700 0.0000e+00
       2734     -1.048     1.6409   0.000122     0.0000    -0.0699 0.0000e+00
       2735     -1.048     1.6415   0.000122     0.0000    -0.0699 0.0000e+00
       2736     -1.051     1.6421   0.000123     0.0000    -0.0699 0.0000e+00
       2737     -1.055     1.6425   0.000122     0.0000    -0.0699 0.0000e+00
       2738     -1.057     1.6429   0.000123     0.0000    -0.0699 0.0000e+00
       2739     -1.059     1.6435   0.000123     0.0000    -0.0698 0.0000e+00
       2740     -1.058     1.6442   0.000124     0.0000    -0.0698 0.0000e+00
       2741     -1.055     1.6446   0.000123     0.0000    -0.0698 0.0000e+00
       2742     -1.054     1.6450   0.000122     0.0000    -0.0698 0.0000e+00
       2743     -1.053     1.6456   0.000121     0.0000    -0.0698 0.0000e+00
       2744     -1.050     1.6462   0.000121     0.0000    -0.0697 0.0000e+00
       2745     -1.048     1.6467   0.000121     0.0000    -0.0697 0.0000e+00
       2746     -1.049     1.6473   0.000121     0.0000    -0.0697 0.0000e+00
       2747     -1.051     1.6479   0.000122     0.0000    -0.0697 0.0000e+00
       2748     -1.052     1.6483   0.000121     0.0000    -0.0696 0.0000e+00
       2749     -1.054     1.6488   0.000121     0.0000    -0.0696 0.0000e+00
       2750     -1.055     1.6492   0.000121     0.0000    -0.0696 0.0000e+00
       2751     -1.054     1.6498   0.000121     0.0000    -0.0696 0.0000e+00
       2752     -1.053     1.6505   0.000121     0.0000    -0.0696 0.0000e+00
       2753     -1.054     1.6511   0.000122     0.0000    -0.0695 0.0000e+00
       2754     -1.056     1.6515   0.000121     0.0000    -0.0695 0.0000e+00
       2755     -1.056     1.6519   0.000121     0.0000    -0.0695 0.0000e+00
       2756     -1.056     1.6525   0.000121     0.0000    -0.0695 0.0000e+00
       2757     -1.053     1.6530   0.000122     0.0000    -0.0695 0.0000e+00
       2758     -1.050     1.6536   0.000123     0.0001    -0.0694 0.0000e+00
       2759     -1.048     1.6542   0.000123     0.0001    -0.0694 0.0000e+00
       2760     -1.049     1.6547   0.000122     0.0000    -0.0694 0.0000e+00
       2761     -1.050     1.6551   0.000122     0.0000    -0.0694 0.0000e+00
       2762     -1.050     1.6556   0.000122     0.0000    -0.0694 0.0000e+00
       2763     -1.050     1.6562   0.000122     0.0000    -0.0693 0.0000e+00
       2764     -1.053     1.6568   0.000121     0.0000    -0.0693 0.0000e+00
       2765     -1.054     1.6574   0.000121     0.0000    -0.0693 0.0000e+00
       2766     -1.053     1.6578   0.000121     0.0000    -0.0693 0.0000e+00
       2767     -1.054     1.6584   0.000122     0.0000    -0.0692 0.0000e+00
       2768     -1.055     1.6589   0.000122     0.0000    -0.0692 0.0000e+00
       2769     -1.054     1.6594   0.000122     0.0000    -0.0692 0.0000e+00
       2770     -1.053     1.6600   0.000121     0.0000    -0.0692 0.0000e+00
       2771     -1.054     1.6606   0.000121     0.0000    -0.0692 0.0000e+00
       2772     -1.054     1.6610   0.000122     0.0000    -0.0691 0.0000e+00
       2773     -1.053     1.6615   0.000122     0.0000    -0.0691 0.0000e+00
       2774     -1.053     1.6621   0.000122     0.0000    -0.0691 0.0000e+00
       2775     -1.053     1.6626   0.000122     0.0001    -0.0691 0.0000e+00
       2776     -1.051     1.6632   0.000121     0.0000    -0.0691 0.0000e+00
       2777     -1.049     1.6639   0.000120     0.0000    -0.0690 0.0000e+00
       2778     -1.046     1.6645   0.000121     0.0000    -0.0690 0.0000e+00
       2779     -1.047     1.6650   0.000122     0.0001    -0.0690 0.0000e+00
       2780     -1.050     1.6654   0.000121     0.0000    -0.0690 0.0000e+00
       2781     -1.049     1.6658   0.000122     0.0001    -0.0690 0.0000e+00
       2782     -1.048     1.6664   0.000123     0.0001    -0.0689 0.0000e+00
       2783     -1.049     1.6670   0.000123     0.0001    -0.0689 0.0000e+00
       2784     -1.051     1.6677   0.000123     0.0001    -0.0689 0.0000e+00
       2785     -1.052     1.6683   0.000121     0.0000    -0.0689 0.0000e+00
       2786     -1.054     1.6688   0.000120     0.0000    -0.0689 0.0000e+00
       2787     -1.056     1.6692   0.000122     0.0001    -0.0688 0.0000e+00
       2788     -1.056     1.6697   0.000123     0.0001    -0.0688 0.0000e+00
       2789     -1.054     1.6703   0.000122     0.0001    -0.0688 0.0000e+00
       2790     -1.053     1.6709   0.000123     0.0001    -0.0688 0.0000e+00
       2791     -1.055     1.6716   0.000123     0.0001    -0.0687 0.0000e+00
       2792     -1.057     1.6722   0.000122     0.0001    -0.0687 0.0000e+00
       2793     -1.059     1.6726   0.000122     0.0001    -0.0687 0.0000e+00
       2794     -1.062     1.6731   0.000121     0.0001    -0.0687 0.0000e+00
       2795     -1.060     1.6737   0.000123     0.0001    -0.0686 0.0000e+00
       2796     -1.055     1.6743   0.000123     0.0001    -0.0686 0.0000e+00
       2797     -1.052     1.6749   0.000123     0.0001    -0.0686 0.0000e+00
       2798     -1.049     1.6755   0.000122     0.0001    -0.0686 0.0000e+00
       2799     -1.048     1.6759   0.000123     0.0001    -0.0686 0.0000e+00
       2800     -1.050     1.6765   0.000123     0.0001    -0.0685 0.0000e+00
       2801     -1.054     1.6770   0.000123     0.0001    -0.0685 0.0000e+00
       2802     -1.058     1.6776   0.000123     0.0001    -0.0685 0.0000e+00
       2803     -1.058     1.6783   0.000123     0.0001    -0.0685 0.0000e+00
       2804     -1.055     1.6789   0.000123     0.0001    -0.0684 0.0000e+00
       2805     -1.053     1.6793   0.000122     0.0001    -0.0684 0.0000e+00
       2806     -1.052     1.6799   0.000122     0.0001    -0.0684 0.0000e+00
       2807     -1.053     1.6805   0.000123     0.0001    -0.0684 0.0000e+00
       2808     -1.053     1.6810   0.000124     0.0001    -0.0684 0.0000e+00
       2809     -1.052     1.6816   0.000125     0.0001    -0.0683 0.0000e+00
       2810     -1.052     1.6823   0.000126     0.0001    -0.0683 0.0000e+00
       2811     -1.053     1.6829   0.000126     0.0001    -0.0683 0.0000e+00
       2812     -1.054     1.6833   0.000123     0.0001    -0.0683 0.0000e+00
       2813     -1.056     1.6839   0.000123     0.0001    -0.0682 0.0000e+00
       2814     -1.056     1.6845   0.000123     0.0001    -0.0682 0.0000e+00
       2815     -1.054     1.6851   0.000123     0.0001    -0.0682 0.0000e+00
       2816     -1.052     1.6858   0.000123     0.0001    -0.0682 0.0000e+00
       2817     -1.051     1.6864   0.000123     0.0001    -0.0682 0.0000e+00
       2818     -1.050     1.6870   0.000123     0.0001    -0.0681 0.0000e+00
       2819     -1.049     1.6876   0.000124     0.0001    -0.0681 0.0000e+00
       2820     -1.053     1.6882   0.000124     0.0001    -0.0681 0.0000e+00
       2821     -1.057     1.6888   0.000124     0.0001    -0.0681 0.0000e+00
       2822     -1.057     1.6894   0.000123     0.0001    -0.0680 0.0000e+00
       2823     -1.054     1.6900   0.000124     0.0001    -0.0680 0.0000e+00
       2824     -1.050     1.6907   0.000124     0.0001    -0.0680 0.0000e+00
       2825     -1.048     1.6913   0.000124     0.0001    -0.0680 0.0000e+00
       2826     -1.048     1.6919   0.000123     0.0001    -0.0679 0.0000e+00
       2827     -1.050     1.6926   0.000124     0.0001    -0.0679 0.0000e+00
       2828     -1.054     1.6932   0.000124     0.0001    -0.0679 0.0000e+00
       2829     -1.056     1.6938   0.000123     0.0001    -0.0679 0.0000e+00
       2830     -1.056     1.6944   0.000123     0.0001    -0.0678 0.0000e+00
       2831     -1.056     1.6950   0.000123     0.0001    -0.0678 0.0000e+00
       2832     -1.054     1.6957   0.000124     0.0001    -0.0678 0.0000e+00
       2833     -1.051     1.6965   0.000124     0.0001    -0.0678 0.0000e+00
       2834     -1.053     1.6970   0.000124     0.0001    -0.0677 0.0000e+00
       2835     -1.057     1.6976   0.000125     0.0001    -0.0677 0.0000e+00
       2836     -1.056     1.6984   0.000126     0.0001    -0.0677 0.0000e+00
       2837     -1.053     1.6990   0.000126     0.0001    -0.0676 0.0000e+00
       2838     -1.052     1.6997   0.000125     0.0001    -0.0676 0.0000e+00
       2839     -1.050     1.7005   0.000125     0.0001    -0.0676 0.0000e+00
       2840     -1.047     1.7011   0.000125     0.0001    -0.0676 0.0000e+00
       2841     -1.049     1.7018   0.000125     0.0001    -0.0675 0.0000e+00
       2842     -1.053     1.7024   0.000125     0.0001    -0.0675 0.0000e+00
       2843     -1.056     1.7031   0.000125     0.0001    -0.0675 0.0000e+00
       2844     -1.057     1.7038   0.000125     0.0001    -0.0675 0.0000e+00
       2845     -1.057     1.7046   0.000126     0.0001    -0.0674 0.0000e+00
       2846     -1.056     1.7053   0.000126     0.0001    -0.0674 0.0000e+00
       2847     -1.053     1.7060   0.000127     0.0001    -0.0674 0.0000e+00
       2848     -1.050     1.7067   0.000127     0.0001    -0.0673 0.0000e+00
       2849     -1.048     1.7073   0.000125     0.0001    -0.0673 0.0000e+00
       2850     -1.050     1.7081   0.000124     0.0001    -0.0673 0.0000e+00
       2851     -1.053     1.7089   0.000125     0.0001    -0.0673 0.0000e+00
       2852     -1.055     1.7096   0.000127     0.0001    -0.0672 0.0000e+00
       2853     -1.054     1.7104   0.000127     0.0001    -0.0672 0.0000e+00
       2854     -1.053     1.7111   0.000126     0.0001    -0.0672 0.0000e+00
       2855     -1.054     1.7117   0.000126     0.0001    -0.0672 0.0000e+00
       2856     -1.055     1.7125   0.000126     0.0001    -0.0671 0.0000e+00
       2857     -1.053     1.7133   0.000127     0.0001    -0.0671 0.0000e+00
       2858     -1.050     1.7141   0.000127     0.0001    -0.0671 0.0000e+00
       2859     -1.048     1.7149   0.000127     0.0001    -0.0670 0.0000e+00
       2860     -1.050     1.7157   0.000127     0.0001    -0.0670 0.0000e+00
       2861     -1.053     1.7163   0.000127     0.0001    -0.0670 0.0000e+00
       2862     -1.053     1.7171   0.000127     0.0001    -0.0670 0.0000e+00
       2863     -1.050     1.7178   0.000127     0.0001    -0.0669 0.0000e+00
       2864     -1.049     1.7187   0.000127     0.0001    -0.0669 0.0000e+00
       2865     -1.050     1.7195   0.000128     0.0001    -0.0669 0.0000e+00
       2866     -1.050     1.7203   0.000128     0.0001    -0.0668 0.0000e+00
       2867     -1.050     1.7211   0.000129     0.0001    -0.0668 0.0000e+00
       2868     -1.051     1.7219   0.000130     0.0001    -0.0668 0.0000e+00
       2869     -1.052     1.7227   0.000130     0.0001    -0.0667 0.0000e+00
       2870     -1.055     1.7235   0.000129     0.0001    -0.0667 0.0000e+00
       2871     -1.058     1.7243   0.000128     0.0001    -0.0667 0.0000e+00
