Datasets/Multi_Species/TEL214/tel214_2020_017.cnv
* Sea-Bird SBE19plus Data File:
* Filename = C:/AQUIRE/tel214_2020_017.hex
* Software Version AquireV2 AF V2.0
* Temperature SN =  7853
* Conductivity SN =  7853
* System UpLoad Time = Nov 10 2020 22:21:34
* <ApplicationData>
* <AQUIREV2>
** VESSEL/TRIP/SEQ STN: tel214_2020_017
** LATITUDE: 54 41.61 N
** LONGITUDE: 54 04.32 W
** DATE/TIME: 2020-11-10 21:02
** SOUNDING DEPTH (M): 0255
** PROBE TYPE: S7853
** CTD NUMBER: 017
** COMMENTS: 
# nquan = 7                                 
# nvalues = 4609                        
# units = specified
# name 0 = scan: Scan Count
# name 1 = prdM: Pressure, Strain Gauge [db]
# name 2 = tv290C: Temperature [ITS-90, deg C]
# name 3 = c0S/m: Conductivity [S/m]
# name 4 = sal00: Salinity, Practical [PSU]
# name 5 = sigma-t00: Density [sigma-t, kg/m^3 ]
# name 6 = flag: flag
# span 0 =          1,       4609       
# span 1 =     -1.338,    251.966       
# span 2 =     0.9037,     2.5586       
# span 3 =   0.000083,   3.048847       
# span 4 =    -0.0007,    33.8962       
# span 5 =    -0.0971,    27.0427       
# span 6 = 0.0000e+00, 0.0000e+00       
# interval = seconds: 1
# start_time = Nov 10 2020 21:02:33 [Instrument's time stamp, header]
# bad_flag = -9.990e-29
*END*
[from data line 206]
        207     -1.298     2.4526   0.000106     0.0005    -0.0436 0.0000e+00
        208     -1.302     2.4523   0.000107     0.0005    -0.0436 0.0000e+00
        209     -1.306     2.4521   0.000106     0.0005    -0.0436 0.0000e+00
        210     -1.309     2.4519   0.000106     0.0005    -0.0436 0.0000e+00
        211     -1.310     2.4516   0.000107     0.0005    -0.0436 0.0000e+00
        212     -1.310     2.4514   0.000108     0.0005    -0.0436 0.0000e+00
        213     -1.309     2.4512   0.000108     0.0005    -0.0436 0.0000e+00
        214     -1.308     2.4510   0.000108     0.0005    -0.0436 0.0000e+00
        215     -1.305     2.4508   0.000107     0.0005    -0.0437 0.0000e+00
        216     -1.300     2.4506   0.000106     0.0005    -0.0437 0.0000e+00
        217     -1.296     2.4504   0.000105     0.0005    -0.0437 0.0000e+00
        218     -1.295     2.4502   0.000105     0.0005    -0.0437 0.0000e+00
        219     -1.295     2.4500   0.000105     0.0005    -0.0437 0.0000e+00
        220     -1.297     2.4497   0.000105     0.0005    -0.0437 0.0000e+00
        221     -1.299     2.4493   0.000104     0.0005    -0.0437 0.0000e+00
        222     -1.302     2.4490   0.000105     0.0005    -0.0437 0.0000e+00
        223     -1.305     2.4488   0.000106     0.0005    -0.0437 0.0000e+00
        224     -1.305     2.4485   0.000105     0.0005    -0.0437 0.0000e+00
        225     -1.302     2.4483   0.000104     0.0005    -0.0437 0.0000e+00
        226     -1.300     2.4481   0.000104     0.0005    -0.0437 0.0000e+00
        227     -1.299     2.4478   0.000104     0.0005    -0.0437 0.0000e+00
        228     -1.298     2.4476   0.000104     0.0005    -0.0437 0.0000e+00
        229     -1.295     2.4474   0.000104     0.0005    -0.0438 0.0000e+00
        230     -1.292     2.4472   0.000104     0.0005    -0.0438 0.0000e+00
        231     -1.292     2.4470   0.000103     0.0005    -0.0438 0.0000e+00
        232     -1.294     2.4467   0.000104     0.0005    -0.0438 0.0000e+00
        233     -1.298     2.4465   0.000104     0.0005    -0.0438 0.0000e+00
        234     -1.304     2.4462   0.000104     0.0005    -0.0438 0.0000e+00
        235     -1.310     2.4459   0.000104     0.0005    -0.0438 0.0000e+00
        236     -1.312     2.4457   0.000104     0.0005    -0.0438 0.0000e+00
        237     -1.311     2.4454   0.000104     0.0005    -0.0438 0.0000e+00
        238     -1.308     2.4452   0.000104     0.0005    -0.0438 0.0000e+00
        239     -1.306     2.4450   0.000104     0.0005    -0.0438 0.0000e+00
        240     -1.305     2.4447   0.000104     0.0005    -0.0438 0.0000e+00
        241     -1.305     2.4445   0.000104     0.0005    -0.0438 0.0000e+00
        242     -1.304     2.4443   0.000104     0.0005    -0.0438 0.0000e+00
        243     -1.302     2.4440   0.000104     0.0005    -0.0438 0.0000e+00
        244     -1.300     2.4438   0.000105     0.0005    -0.0438 0.0000e+00
        245     -1.299     2.4434   0.000106     0.0005    -0.0438 0.0000e+00
        246     -1.299     2.4432   0.000106     0.0005    -0.0439 0.0000e+00
        247     -1.300     2.4430   0.000105     0.0005    -0.0439 0.0000e+00
        248     -1.301     2.4428   0.000105     0.0005    -0.0439 0.0000e+00
        249     -1.301     2.4425   0.000106     0.0005    -0.0439 0.0000e+00
        250     -1.300     2.4423   0.000105     0.0005    -0.0439 0.0000e+00
        251     -1.301     2.4420   0.000105     0.0005    -0.0439 0.0000e+00
        252     -1.301     2.4418   0.000106     0.0005    -0.0439 0.0000e+00
        253     -1.299     2.4415   0.000106     0.0005    -0.0439 0.0000e+00
        254     -1.297     2.4413   0.000106     0.0005    -0.0439 0.0000e+00
        255     -1.296     2.4411   0.000105     0.0005    -0.0439 0.0000e+00
        256     -1.299     2.4409   0.000104     0.0005    -0.0439 0.0000e+00
        257     -1.301     2.4406   0.000104     0.0005    -0.0439 0.0000e+00
        258     -1.299     2.4404   0.000104     0.0005    -0.0439 0.0000e+00
        259     -1.296     2.4402   0.000104     0.0005    -0.0439 0.0000e+00
        260     -1.297     2.4400   0.000105     0.0005    -0.0439 0.0000e+00
        261     -1.298     2.4397   0.000106     0.0005    -0.0439 0.0000e+00
        262     -1.298     2.4394   0.000105     0.0005    -0.0440 0.0000e+00
        263     -1.296     2.4392   0.000104     0.0005    -0.0440 0.0000e+00
        264     -1.295     2.4390   0.000105     0.0005    -0.0440 0.0000e+00
        265     -1.297     2.4387   0.000106     0.0005    -0.0440 0.0000e+00
        266     -1.301     2.4385   0.000105     0.0005    -0.0440 0.0000e+00
        267     -1.305     2.4382   0.000104     0.0005    -0.0440 0.0000e+00
        268     -1.306     2.4380   0.000104     0.0005    -0.0440 0.0000e+00
        269     -1.305     2.4378   0.000105     0.0005    -0.0440 0.0000e+00
        270     -1.306     2.4376   0.000106     0.0005    -0.0440 0.0000e+00
        271     -1.306     2.4373   0.000105     0.0005    -0.0440 0.0000e+00
        272     -1.303     2.4371   0.000104     0.0005    -0.0440 0.0000e+00
        273     -1.301     2.4369   0.000104     0.0005    -0.0440 0.0000e+00
        274     -1.302     2.4367   0.000105     0.0005    -0.0440 0.0000e+00
        275     -1.303     2.4364   0.000103     0.0005    -0.0440 0.0000e+00
        276     -1.302     2.4362   0.000103     0.0005    -0.0440 0.0000e+00
        277     -1.300     2.4359   0.000103     0.0005    -0.0441 0.0000e+00
        278     -1.299     2.4357   0.000104     0.0005    -0.0441 0.0000e+00
        279     -1.299     2.4355   0.000105     0.0005    -0.0441 0.0000e+00
        280     -1.299     2.4352   0.000105     0.0005    -0.0441 0.0000e+00
        281     -1.299     2.4350   0.000106     0.0005    -0.0441 0.0000e+00
        282     -1.300     2.4348   0.000105     0.0005    -0.0441 0.0000e+00
        283     -1.302     2.4345   0.000104     0.0005    -0.0441 0.0000e+00
        284     -1.305     2.4343   0.000104     0.0005    -0.0441 0.0000e+00
        285     -1.305     2.4341   0.000104     0.0005    -0.0441 0.0000e+00
        286     -1.302     2.4339   0.000105     0.0005    -0.0441 0.0000e+00
        287     -1.300     2.4337   0.000106     0.0005    -0.0441 0.0000e+00
        288     -1.298     2.4335   0.000107     0.0005    -0.0441 0.0000e+00
        289     -1.296     2.4333   0.000106     0.0005    -0.0441 0.0000e+00
        290     -1.293     2.4329   0.000104     0.0005    -0.0441 0.0000e+00
        291     -1.294     2.4327   0.000104     0.0005    -0.0441 0.0000e+00
        292     -1.299     2.4325   0.000103     0.0005    -0.0441 0.0000e+00
        293     -1.304     2.4323   0.000104     0.0005    -0.0441 0.0000e+00
        294     -1.305     2.4321   0.000105     0.0005    -0.0441 0.0000e+00
        295     -1.302     2.4318   0.000104     0.0005    -0.0442 0.0000e+00
        296     -1.301     2.4316   0.000104     0.0005    -0.0442 0.0000e+00
        297     -1.303     2.4314   0.000105     0.0005    -0.0442 0.0000e+00
        298     -1.306     2.4312   0.000105     0.0005    -0.0442 0.0000e+00
        299     -1.306     2.4310   0.000105     0.0005    -0.0442 0.0000e+00
        300     -1.305     2.4308   0.000105     0.0005    -0.0442 0.0000e+00
        301     -1.304     2.4306   0.000105     0.0005    -0.0442 0.0000e+00
        302     -1.301     2.4303   0.000105     0.0005    -0.0442 0.0000e+00
        303     -1.300     2.4301   0.000105     0.0005    -0.0442 0.0000e+00
        304     -1.304     2.4298   0.000103     0.0005    -0.0442 0.0000e+00
        305     -1.307     2.4296   0.000104     0.0005    -0.0442 0.0000e+00
        306     -1.306     2.4294   0.000105     0.0005    -0.0442 0.0000e+00
        307     -1.303     2.4292   0.000105     0.0005    -0.0442 0.0000e+00
        308     -1.303     2.4289   0.000104     0.0005    -0.0442 0.0000e+00
        309     -1.306     2.4287   0.000102     0.0005    -0.0442 0.0000e+00
        310     -1.306     2.4285   0.000103     0.0005    -0.0442 0.0000e+00
        311     -1.303     2.4283   0.000105     0.0005    -0.0442 0.0000e+00
        312     -1.303     2.4281   0.000105     0.0005    -0.0442 0.0000e+00
        313     -1.304     2.4279   0.000105     0.0005    -0.0443 0.0000e+00
        314     -1.304     2.4276   0.000105     0.0005    -0.0443 0.0000e+00
        315     -1.304     2.4274   0.000105     0.0005    -0.0443 0.0000e+00
        316     -1.303     2.4272   0.000104     0.0005    -0.0443 0.0000e+00
        317     -1.303     2.4269   0.000104     0.0005    -0.0443 0.0000e+00
        318     -1.304     2.4267   0.000105     0.0005    -0.0443 0.0000e+00
        319     -1.304     2.4264   0.000104     0.0005    -0.0443 0.0000e+00
        320     -1.303     2.4262   0.000104     0.0005    -0.0443 0.0000e+00
        321     -1.302     2.4260   0.000104     0.0005    -0.0443 0.0000e+00
        322     -1.301     2.4258   0.000105     0.0005    -0.0443 0.0000e+00
        323     -1.302     2.4255   0.000103     0.0005    -0.0443 0.0000e+00
        324     -1.304     2.4253   0.000101     0.0005    -0.0443 0.0000e+00
        325     -1.305     2.4251   0.000103     0.0005    -0.0443 0.0000e+00
        326     -1.306     2.4249   0.000105     0.0005    -0.0443 0.0000e+00
        327     -1.307     2.4246   0.000105     0.0005    -0.0443 0.0000e+00
        328     -1.306     2.4244   0.000105     0.0005    -0.0443 0.0000e+00
        329     -1.306     2.4242   0.000105     0.0005    -0.0443 0.0000e+00
        330     -1.305     2.4240   0.000105     0.0005    -0.0444 0.0000e+00
        331     -1.302     2.4237   0.000104     0.0005    -0.0444 0.0000e+00
        332     -1.300     2.4235   0.000103     0.0005    -0.0444 0.0000e+00
        333     -1.300     2.4232   0.000104     0.0005    -0.0444 0.0000e+00
        334     -1.300     2.4229   0.000104     0.0005    -0.0444 0.0000e+00
        335     -1.303     2.4227   0.000104     0.0005    -0.0444 0.0000e+00
        336     -1.306     2.4225   0.000105     0.0005    -0.0444 0.0000e+00
        337     -1.308     2.4223   0.000106     0.0005    -0.0444 0.0000e+00
        338     -1.306     2.4221   0.000108     0.0005    -0.0444 0.0000e+00
        339     -1.302     2.4219   0.000108     0.0005    -0.0444 0.0000e+00
        340     -1.300     2.4217   0.000107     0.0005    -0.0444 0.0000e+00
        341     -1.299     2.4213   0.000105     0.0005    -0.0444 0.0000e+00
        342     -1.299     2.4211   0.000104     0.0005    -0.0444 0.0000e+00
        343     -1.300     2.4208   0.000104     0.0005    -0.0444 0.0000e+00
        344     -1.302     2.4206   0.000104     0.0005    -0.0444 0.0000e+00
        345     -1.305     2.4203   0.000103     0.0005    -0.0445 0.0000e+00
        346     -1.305     2.4201   0.000104     0.0005    -0.0445 0.0000e+00
        347     -1.301     2.4199   0.000104     0.0005    -0.0445 0.0000e+00
        348     -1.299     2.4197   0.000104     0.0005    -0.0445 0.0000e+00
        349     -1.301     2.4194   0.000104     0.0005    -0.0445 0.0000e+00
        350     -1.302     2.4192   0.000105     0.0005    -0.0445 0.0000e+00
        351     -1.302     2.4189   0.000106     0.0005    -0.0445 0.0000e+00
        352     -1.302     2.4187   0.000107     0.0005    -0.0445 0.0000e+00
        353     -1.299     2.4185   0.000107     0.0005    -0.0445 0.0000e+00
        354     -1.297     2.4183   0.000107     0.0005    -0.0445 0.0000e+00
        355     -1.298     2.4180   0.000107     0.0005    -0.0445 0.0000e+00
        356     -1.300     2.4177   0.000107     0.0005    -0.0445 0.0000e+00
        357     -1.303     2.4175   0.000106     0.0005    -0.0445 0.0000e+00
        358     -1.307     2.4173   0.000105     0.0005    -0.0445 0.0000e+00
        359     -1.309     2.4171   0.000104     0.0005    -0.0445 0.0000e+00
        360     -1.309     2.4169   0.000104     0.0005    -0.0445 0.0000e+00
        361     -1.307     2.4166   0.000104     0.0005    -0.0446 0.0000e+00
        362     -1.306     2.4164   0.000106     0.0005    -0.0445 0.0000e+00
        363     -1.306     2.4161   0.000106     0.0005    -0.0446 0.0000e+00
        364     -1.306     2.4158   0.000105     0.0005    -0.0446 0.0000e+00
        365     -1.305     2.4156   0.000104     0.0005    -0.0446 0.0000e+00
        366     -1.305     2.4154   0.000104     0.0005    -0.0446 0.0000e+00
        367     -1.305     2.4151   0.000104     0.0005    -0.0446 0.0000e+00
        368     -1.305     2.4149   0.000105     0.0005    -0.0446 0.0000e+00
        369     -1.305     2.4147   0.000106     0.0005    -0.0446 0.0000e+00
        370     -1.304     2.4146   0.000106     0.0005    -0.0446 0.0000e+00
        371     -1.302     2.4143   0.000104     0.0005    -0.0446 0.0000e+00
        372     -1.301     2.4141   0.000105     0.0005    -0.0446 0.0000e+00
        373     -1.302     2.4138   0.000104     0.0005    -0.0446 0.0000e+00
        374     -1.303     2.4136   0.000104     0.0005    -0.0446 0.0000e+00
        375     -1.302     2.4134   0.000105     0.0005    -0.0446 0.0000e+00
        376     -1.300     2.4131   0.000104     0.0005    -0.0446 0.0000e+00
        377     -1.299     2.4129   0.000105     0.0005    -0.0446 0.0000e+00
        378     -1.299     2.4127   0.000106     0.0005    -0.0446 0.0000e+00
        379     -1.299     2.4125   0.000106     0.0005    -0.0447 0.0000e+00
        380     -1.300     2.4123   0.000105     0.0005    -0.0447 0.0000e+00
        381     -1.302     2.4120   0.000105     0.0005    -0.0447 0.0000e+00
        382     -1.304     2.4118   0.000107     0.0005    -0.0447 0.0000e+00
        383     -1.305     2.4116   0.000107     0.0005    -0.0447 0.0000e+00
        384     -1.306     2.4114   0.000107     0.0005    -0.0447 0.0000e+00
        385     -1.305     2.4112   0.000107     0.0005    -0.0447 0.0000e+00
        386     -1.302     2.4109   0.000105     0.0005    -0.0447 0.0000e+00
        387     -1.300     2.4108   0.000105     0.0005    -0.0447 0.0000e+00
        388     -1.299     2.4105   0.000105     0.0005    -0.0447 0.0000e+00
        389     -1.299     2.4103   0.000105     0.0005    -0.0447 0.0000e+00
        390     -1.299     2.4101   0.000105     0.0005    -0.0447 0.0000e+00
        391     -1.299     2.4099   0.000105     0.0005    -0.0447 0.0000e+00
        392     -1.300     2.4097   0.000106     0.0005    -0.0447 0.0000e+00
        393     -1.302     2.4095   0.000107     0.0005    -0.0447 0.0000e+00
        394     -1.303     2.4092   0.000107     0.0005    -0.0447 0.0000e+00
        395     -1.302     2.4090   0.000106     0.0005    -0.0447 0.0000e+00
        396     -1.302     2.4088   0.000106     0.0005    -0.0447 0.0000e+00
        397     -1.303     2.4086   0.000107     0.0005    -0.0447 0.0000e+00
        398     -1.302     2.4084   0.000107     0.0005    -0.0448 0.0000e+00
        399     -1.302     2.4082   0.000107     0.0005    -0.0448 0.0000e+00
        400     -1.303     2.4080   0.000107     0.0005    -0.0448 0.0000e+00
        401     -1.303     2.4078   0.000107     0.0005    -0.0448 0.0000e+00
        402     -1.303     2.4076   0.000107     0.0005    -0.0448 0.0000e+00
        403     -1.304     2.4074   0.000107     0.0005    -0.0448 0.0000e+00
        404     -1.304     2.4073   0.000107     0.0005    -0.0448 0.0000e+00
        405     -1.304     2.4070   0.000106     0.0005    -0.0448 0.0000e+00
        406     -1.303     2.4068   0.000105     0.0005    -0.0448 0.0000e+00
        407     -1.304     2.4067   0.000105     0.0005    -0.0448 0.0000e+00
        408     -1.307     2.4065   0.000107     0.0005    -0.0448 0.0000e+00
        409     -1.309     2.4062   0.000106     0.0005    -0.0448 0.0000e+00
        410     -1.310     2.4060   0.000105     0.0005    -0.0448 0.0000e+00
