Datasets/Multi_Species/TEL214/tel214_2020_038.cnv
* Sea-Bird SBE19plus Data File:
* Filename = C:/AQUIRE/tel214_2020_038.hex
* Software Version AquireV2 AF V2.0
* Temperature SN =  8014
* Conductivity SN =  8014
* System UpLoad Time = Nov 16 2020 13:27:39
* <ApplicationData>
* <AQUIREV2>
** VESSEL/TRIP/SEQ STN: tel214_2020_038
** LATITUDE: 52 17.67 N
** LONGITUDE: 51 32.72 W
** DATE/TIME: 2020-11-16 12:15
** SOUNDING DEPTH (M): 0341
** PROBE TYPE: S8014
** CTD NUMBER: 038
** COMMENTS: 
# nquan = 7                                 
# nvalues = 4095                        
# units = specified
# name 0 = scan: Scan Count
# name 1 = prdM: Pressure, Strain Gauge [db]
# name 2 = tv290C: Temperature [ITS-90, deg C]
# name 3 = c0S/m: Conductivity [S/m]
# name 4 = sal00: Salinity, Practical [PSU]
# name 5 = sigma-t00: Density [sigma-t, kg/m^3 ]
# name 6 = flag: flag
# span 0 =          1,       4095       
# span 1 =     -0.420,    340.310       
# span 2 =     0.4714,     3.6681       
# span 3 =  -0.035853,   3.211569       
# span 4 =    -0.0015,    34.6556       
# span 5 =    -0.1274,    27.5474       
# span 6 = 0.0000e+00, 0.0000e+00       
# interval = seconds: 1
# start_time = Nov 16 2020 12:15:39 [Instrument's time stamp, header]
# bad_flag = -9.990e-29
*END*
[from data line 206]
        207     -0.398     0.5174   0.000018    -0.0015    -0.1247 0.0000e+00
        208     -0.400     0.5176   0.000019    -0.0015    -0.1247 0.0000e+00
        209     -0.403     0.5179   0.000019    -0.0015    -0.1246 0.0000e+00
        210     -0.403     0.5181   0.000019    -0.0015    -0.1246 0.0000e+00
        211     -0.402     0.5183   0.000018    -0.0015    -0.1246 0.0000e+00
        212     -0.400     0.5187   0.000018    -0.0015    -0.1246 0.0000e+00
        213     -0.399     0.5189   0.000018    -0.0015    -0.1246 0.0000e+00
        214     -0.402     0.5191   0.000019    -0.0015    -0.1246 0.0000e+00
        215     -0.406     0.5193   0.000019    -0.0015    -0.1246 0.0000e+00
        216     -0.407     0.5195   0.000019    -0.0015    -0.1245 0.0000e+00
        217     -0.405     0.5197   0.000019    -0.0015    -0.1245 0.0000e+00
        218     -0.403     0.5200   0.000019    -0.0015    -0.1245 0.0000e+00
        219     -0.402     0.5202   0.000019    -0.0015    -0.1245 0.0000e+00
        220     -0.402     0.5204   0.000019    -0.0015    -0.1245 0.0000e+00
        221     -0.402     0.5207   0.000019    -0.0015    -0.1245 0.0000e+00
        222     -0.402     0.5209   0.000017    -0.0015    -0.1245 0.0000e+00
        223     -0.402     0.5211   0.000017    -0.0015    -0.1245 0.0000e+00
        224     -0.402     0.5213   0.000017    -0.0015    -0.1244 0.0000e+00
        225     -0.402     0.5215   0.000017    -0.0015    -0.1244 0.0000e+00
        226     -0.401     0.5217   0.000018    -0.0015    -0.1244 0.0000e+00
        227     -0.399     0.5220   0.000018    -0.0015    -0.1244 0.0000e+00
        228     -0.398     0.5222   0.000018    -0.0015    -0.1244 0.0000e+00
        229     -0.399     0.5224   0.000018    -0.0015    -0.1244 0.0000e+00
        230     -0.401     0.5227   0.000019    -0.0015    -0.1244 0.0000e+00
        231     -0.402     0.5230   0.000019    -0.0015    -0.1243 0.0000e+00
        232     -0.403     0.5232   0.000019    -0.0015    -0.1243 0.0000e+00
        233     -0.404     0.5234   0.000019    -0.0015    -0.1243 0.0000e+00
        234     -0.405     0.5236   0.000017    -0.0015    -0.1243 0.0000e+00
        235     -0.404     0.5239   0.000019    -0.0015    -0.1243 0.0000e+00
        236     -0.402     0.5241   0.000019    -0.0015    -0.1243 0.0000e+00
        237     -0.402     0.5243   0.000017    -0.0015    -0.1243 0.0000e+00
        238     -0.402     0.5246   0.000018    -0.0015    -0.1242 0.0000e+00
        239     -0.401     0.5248   0.000016    -0.0015    -0.1242 0.0000e+00
        240     -0.400     0.5250   0.000014    -0.0015    -0.1242 0.0000e+00
        241     -0.399     0.5252   0.000016    -0.0015    -0.1242 0.0000e+00
        242     -0.401     0.5254   0.000019    -0.0015    -0.1242 0.0000e+00
        243     -0.402     0.5256   0.000019    -0.0015    -0.1242 0.0000e+00
        244     -0.400     0.5260   0.000019    -0.0014    -0.1242 0.0000e+00
        245     -0.400     0.5262   0.000018    -0.0015    -0.1242 0.0000e+00
        246     -0.401     0.5264   0.000018    -0.0015    -0.1241 0.0000e+00
        247     -0.402     0.5267   0.000018    -0.0015    -0.1241 0.0000e+00
        248     -0.402     0.5270   0.000018    -0.0015    -0.1241 0.0000e+00
        249     -0.402     0.5272   0.000018    -0.0015    -0.1241 0.0000e+00
        250     -0.402     0.5274   0.000019    -0.0014    -0.1241 0.0000e+00
        251     -0.401     0.5276   0.000019    -0.0014    -0.1241 0.0000e+00
        252     -0.399     0.5280   0.000019    -0.0014    -0.1240 0.0000e+00
        253     -0.398     0.5282   0.000020    -0.0014    -0.1240 0.0000e+00
        254     -0.399     0.5284   0.000021    -0.0014    -0.1240 0.0000e+00
        255     -0.400     0.5287   0.000020    -0.0014    -0.1240 0.0000e+00
        256     -0.399     0.5290   0.000019    -0.0014    -0.1240 0.0000e+00
        257     -0.398     0.5292   0.000018    -0.0015    -0.1240 0.0000e+00
        258     -0.399     0.5294   0.000018    -0.0015    -0.1240 0.0000e+00
        259     -0.401     0.5296   0.000018    -0.0015    -0.1240 0.0000e+00
        260     -0.402     0.5300   0.000018    -0.0015    -0.1239 0.0000e+00
        261     -0.402     0.5302   0.000018    -0.0015    -0.1239 0.0000e+00
        262     -0.402     0.5304   0.000018    -0.0015    -0.1239 0.0000e+00
        263     -0.402     0.5308   0.000018    -0.0015    -0.1239 0.0000e+00
        264     -0.402     0.5311   0.000019    -0.0014    -0.1239 0.0000e+00
        265     -0.402     0.5313   0.000018    -0.0014    -0.1239 0.0000e+00
        266     -0.402     0.5315   0.000019    -0.0014    -0.1238 0.0000e+00
        267     -0.403     0.5317   0.000019    -0.0014    -0.1238 0.0000e+00
        268     -0.404     0.5321   0.000019    -0.0014    -0.1238 0.0000e+00
        269     -0.405     0.5323   0.000018    -0.0014    -0.1238 0.0000e+00
        270     -0.404     0.5326   0.000018    -0.0014    -0.1238 0.0000e+00
        271     -0.402     0.5330   0.000019    -0.0014    -0.1238 0.0000e+00
        272     -0.402     0.5332   0.000020    -0.0014    -0.1237 0.0000e+00
        273     -0.402     0.5334   0.000019    -0.0014    -0.1237 0.0000e+00
        274     -0.402     0.5336   0.000018    -0.0014    -0.1237 0.0000e+00
        275     -0.403     0.5340   0.000020    -0.0014    -0.1237 0.0000e+00
        276     -0.405     0.5343   0.000020    -0.0014    -0.1237 0.0000e+00
        277     -0.406     0.5345   0.000020    -0.0014    -0.1237 0.0000e+00
        278     -0.405     0.5349   0.000019    -0.0014    -0.1236 0.0000e+00
        279     -0.404     0.5351   0.000019    -0.0014    -0.1236 0.0000e+00
        280     -0.403     0.5353   0.000018    -0.0014    -0.1236 0.0000e+00
        281     -0.401     0.5356  -0.001868     0.0000    -0.1236 0.0000e+00
        282     -0.400     0.5360  -0.020739     0.0000    -0.1236 0.0000e+00
        283     -0.401     0.5363  -0.035835     0.0000    -0.1236 0.0000e+00
        284     -0.401     0.5365  -0.016965     0.0000    -0.1236 0.0000e+00
        285     -0.398     0.5368   0.000020    -0.0014    -0.1235 0.0000e+00
        286     -0.395     0.5371   0.000021    -0.0014    -0.1235 0.0000e+00
        287     -0.393     0.5373   0.000021    -0.0014    -0.1235 0.0000e+00
        288     -0.395     0.5375   0.000019    -0.0014    -0.1235 0.0000e+00
        289     -0.399     0.5379   0.000019    -0.0014    -0.1235 0.0000e+00
        290     -0.401     0.5382   0.000018    -0.0014    -0.1235 0.0000e+00
        291     -0.401     0.5384   0.000019    -0.0014    -0.1234 0.0000e+00
        292     -0.401     0.5388   0.000021    -0.0014    -0.1234 0.0000e+00
        293     -0.400     0.5392   0.000021    -0.0014    -0.1234 0.0000e+00
        294     -0.397     0.5394   0.000020    -0.0014    -0.1234 0.0000e+00
        295     -0.393     0.5396   0.000021    -0.0014    -0.1234 0.0000e+00
        296     -0.394     0.5399   0.000021    -0.0014    -0.1234 0.0000e+00
        297     -0.398     0.5403   0.000020    -0.0014    -0.1233 0.0000e+00
        298     -0.401     0.5405   0.000018    -0.0014    -0.1233 0.0000e+00
        299     -0.403     0.5408   0.000019    -0.0014    -0.1233 0.0000e+00
        300     -0.405     0.5411   0.000020    -0.0014    -0.1233 0.0000e+00
        301     -0.406     0.5414   0.000019    -0.0014    -0.1233 0.0000e+00
        302     -0.404     0.5416   0.000017    -0.0014    -0.1233 0.0000e+00
        303     -0.400     0.5420   0.000017    -0.0014    -0.1232 0.0000e+00
        304     -0.398     0.5423   0.000019    -0.0014    -0.1232 0.0000e+00
        305     -0.399     0.5425   0.000019    -0.0014    -0.1232 0.0000e+00
        306     -0.400     0.5429   0.000019    -0.0014    -0.1232 0.0000e+00
        307     -0.399     0.5432   0.000018    -0.0014    -0.1232 0.0000e+00
        308     -0.399     0.5434   0.000018    -0.0014    -0.1231 0.0000e+00
        309     -0.402     0.5436   0.000018    -0.0014    -0.1231 0.0000e+00
        310     -0.405     0.5440   0.000019    -0.0014    -0.1231 0.0000e+00
        311     -0.406     0.5443   0.000019    -0.0014    -0.1231 0.0000e+00
        312     -0.406     0.5446   0.000019    -0.0014    -0.1231 0.0000e+00
        313     -0.405     0.5450   0.000019    -0.0014    -0.1231 0.0000e+00
        314     -0.403     0.5452   0.000018    -0.0014    -0.1230 0.0000e+00
        315     -0.402     0.5454   0.000018    -0.0014    -0.1230 0.0000e+00
        316     -0.402     0.5457   0.000019    -0.0014    -0.1230 0.0000e+00
        317     -0.402     0.5461   0.000021    -0.0014    -0.1230 0.0000e+00
        318     -0.401     0.5464   0.000021    -0.0014    -0.1230 0.0000e+00
        319     -0.399     0.5466   0.000020    -0.0014    -0.1230 0.0000e+00
        320     -0.398     0.5470   0.000020    -0.0014    -0.1229 0.0000e+00
        321     -0.399     0.5473   0.000021    -0.0014    -0.1229 0.0000e+00
        322     -0.401     0.5475   0.000022    -0.0014    -0.1229 0.0000e+00
        323     -0.401     0.5478   0.000021    -0.0014    -0.1229 0.0000e+00
        324     -0.400     0.5482   0.000021    -0.0014    -0.1229 0.0000e+00
        325     -0.399     0.5484   0.000021    -0.0014    -0.1229 0.0000e+00
        326     -0.402     0.5488   0.000023    -0.0014    -0.1228 0.0000e+00
        327     -0.405     0.5491   0.000022    -0.0014    -0.1228 0.0000e+00
        328     -0.404     0.5493   0.000020    -0.0014    -0.1228 0.0000e+00
        329     -0.403     0.5495   0.000019    -0.0014    -0.1228 0.0000e+00
        330     -0.403     0.5499   0.000020    -0.0014    -0.1228 0.0000e+00
        331     -0.406     0.5503   0.000021    -0.0014    -0.1227 0.0000e+00
        332     -0.410     0.5505   0.000020    -0.0014    -0.1227 0.0000e+00
        333     -0.412     0.5509   0.000022    -0.0014    -0.1227 0.0000e+00
        334     -0.412     0.5513   0.000023    -0.0014    -0.1227 0.0000e+00
        335     -0.412     0.5515   0.000022    -0.0014    -0.1227 0.0000e+00
        336     -0.409     0.5517   0.000020    -0.0014    -0.1227 0.0000e+00
        337     -0.406     0.5520   0.000019    -0.0014    -0.1226 0.0000e+00
        338     -0.406     0.5524   0.000020    -0.0014    -0.1226 0.0000e+00
        339     -0.408     0.5527   0.000020    -0.0014    -0.1226 0.0000e+00
        340     -0.408     0.5531   0.000020    -0.0014    -0.1226 0.0000e+00
        341     -0.404     0.5533   0.000020    -0.0014    -0.1226 0.0000e+00
        342     -0.400     0.5535   0.000020    -0.0014    -0.1226 0.0000e+00
        343     -0.397     0.5537   0.000020    -0.0014    -0.1226 0.0000e+00
        344     -0.396     0.5540   0.000020    -0.0014    -0.1225 0.0000e+00
        345     -0.395     0.5544   0.000021    -0.0014    -0.1225 0.0000e+00
        346     -0.396     0.5547   0.000021    -0.0014    -0.1225 0.0000e+00
        347     -0.401     0.5551   0.000021    -0.0014    -0.1225 0.0000e+00
        348     -0.405     0.5555   0.000021    -0.0014    -0.1224 0.0000e+00
        349     -0.406     0.5557   0.000021    -0.0014    -0.1224 0.0000e+00
        350     -0.406     0.5560   0.000021    -0.0014    -0.1224 0.0000e+00
        351     -0.405     0.5564   0.000021    -0.0014    -0.1224 0.0000e+00
        352     -0.403     0.5566   0.000021    -0.0014    -0.1224 0.0000e+00
        353     -0.403     0.5570   0.000021    -0.0014    -0.1224 0.0000e+00
        354     -0.405     0.5573   0.000022    -0.0014    -0.1223 0.0000e+00
        355     -0.408     0.5575   0.000021    -0.0014    -0.1223 0.0000e+00
        356     -0.408     0.5577   0.000020    -0.0014    -0.1223 0.0000e+00
        357     -0.405     0.5580   0.000018    -0.0014    -0.1223 0.0000e+00
        358     -0.403     0.5584   0.000020    -0.0014    -0.1223 0.0000e+00
        359     -0.402     0.5586   0.000020    -0.0014    -0.1223 0.0000e+00
        360     -0.401     0.5589   0.000020    -0.0014    -0.1222 0.0000e+00
        361     -0.399     0.5592   0.000020    -0.0014    -0.1222 0.0000e+00
        362     -0.396     0.5594   0.000021    -0.0014    -0.1222 0.0000e+00
        363     -0.396     0.5596   0.000021    -0.0014    -0.1222 0.0000e+00
        364     -0.401     0.5599   0.000020    -0.0014    -0.1222 0.0000e+00
        365     -0.404     0.5603   0.000020    -0.0014    -0.1222 0.0000e+00
        366     -0.404     0.5605   0.000020    -0.0014    -0.1222 0.0000e+00
        367     -0.402     0.5609   0.000020    -0.0014    -0.1221 0.0000e+00
        368     -0.401     0.5611   0.000020    -0.0014    -0.1221 0.0000e+00
        369     -0.399     0.5614   0.000020    -0.0014    -0.1221 0.0000e+00
        370     -0.398     0.5616   0.000020    -0.0014    -0.1221 0.0000e+00
        371     -0.399     0.5618   0.000021    -0.0014    -0.1221 0.0000e+00
        372     -0.400     0.5622   0.000021    -0.0014    -0.1221 0.0000e+00
        373     -0.400     0.5624   0.000020    -0.0014    -0.1220 0.0000e+00
        374     -0.401     0.5626   0.000020    -0.0014    -0.1220 0.0000e+00
        375     -0.403     0.5630   0.000021    -0.0014    -0.1220 0.0000e+00
        376     -0.403     0.5633   0.000020    -0.0014    -0.1220 0.0000e+00
        377     -0.402     0.5635   0.000019    -0.0014    -0.1220 0.0000e+00
        378     -0.401     0.5637   0.000019    -0.0014    -0.1220 0.0000e+00
        379     -0.399     0.5639   0.000020    -0.0014    -0.1220 0.0000e+00
        380     -0.398     0.5643   0.000022    -0.0014    -0.1219 0.0000e+00
        381     -0.400     0.5646   0.000021    -0.0014    -0.1219 0.0000e+00
        382     -0.403     0.5648   0.000020    -0.0014    -0.1219 0.0000e+00
        383     -0.405     0.5651   0.000019    -0.0014    -0.1219 0.0000e+00
        384     -0.404     0.5654   0.000019    -0.0014    -0.1219 0.0000e+00
        385     -0.402     0.5656   0.000020    -0.0014    -0.1219 0.0000e+00
        386     -0.400     0.5658   0.000020    -0.0014    -0.1219 0.0000e+00
        387     -0.399     0.5661   0.000021    -0.0014    -0.1218 0.0000e+00
        388     -0.400     0.5664   0.000022    -0.0014    -0.1218 0.0000e+00
        389     -0.402     0.5666   0.000021    -0.0014    -0.1218 0.0000e+00
        390     -0.404     0.5668   0.000021    -0.0014    -0.1218 0.0000e+00
        391     -0.406     0.5672   0.000021    -0.0014    -0.1218 0.0000e+00
        392     -0.405     0.5674   0.000019    -0.0014    -0.1218 0.0000e+00
        393     -0.403     0.5676   0.000020    -0.0014    -0.1217 0.0000e+00
        394     -0.402     0.5678   0.000021    -0.0014    -0.1217 0.0000e+00
        395     -0.401     0.5681   0.000019    -0.0014    -0.1217 0.0000e+00
        396     -0.399     0.5684   0.000019    -0.0014    -0.1217 0.0000e+00
        397     -0.398     0.5686   0.000019    -0.0014    -0.1217 0.0000e+00
        398     -0.399     0.5688   0.000018    -0.0014    -0.1217 0.0000e+00
        399     -0.401     0.5692   0.000017    -0.0014    -0.1217 0.0000e+00
        400     -0.401     0.5694   0.000018    -0.0014    -0.1216 0.0000e+00
        401     -0.400     0.5696   0.000019    -0.0014    -0.1216 0.0000e+00
        402     -0.398     0.5698   0.000020    -0.0014    -0.1216 0.0000e+00
        403     -0.397     0.5701   0.000020    -0.0014    -0.1216 0.0000e+00
        404     -0.397     0.5704   0.000019    -0.0014    -0.1216 0.0000e+00
        405     -0.398     0.5706   0.000019    -0.0014    -0.1216 0.0000e+00
        406     -0.398     0.5708   0.000020    -0.0014    -0.1216 0.0000e+00
        407     -0.396     0.5712   0.000021    -0.0014    -0.1215 0.0000e+00
        408     -0.395     0.5715   0.000021    -0.0014    -0.1215 0.0000e+00
        409     -0.397     0.5717   0.000019    -0.0014    -0.1215 0.0000e+00
        410     -0.401     0.5719   0.000020    -0.0014    -0.1215 0.0000e+00
