Datasets/Multi_Species/TEL214/tel214_2020_009.cnv
* Sea-Bird SBE19plus Data File:
* Filename = C:/AQUIRE/tel214_2020_009.hex
* Software Version AquireV2 AF V2.0
* Temperature SN =  7853
* Conductivity SN =  7853
* System UpLoad Time = Nov 09 2020 11:52:29
* <ApplicationData>
* <AQUIREV2>
** VESSEL/TRIP/SEQ STN: tel214_2020_009
** LATITUDE: 55 06.10 N
** LONGITUDE: 55 37.03 W
** DATE/TIME: 2020-11-09 10:51
** SOUNDING DEPTH (M): 0268
** PROBE TYPE: S7853
** CTD NUMBER:   9
** COMMENTS: 
# nquan = 7                                 
# nvalues = 3553                        
# units = specified
# name 0 = scan: Scan Count
# name 1 = prdM: Pressure, Strain Gauge [db]
# name 2 = tv290C: Temperature [ITS-90, deg C]
# name 3 = c0S/m: Conductivity [S/m]
# name 4 = sal00: Salinity, Practical [PSU]
# name 5 = sigma-t00: Density [sigma-t, kg/m^3 ]
# name 6 = flag: flag
# span 0 =          1,       3553       
# span 1 =     -1.151,    265.331       
# span 2 =    -2.6635,     2.5596       
# span 3 =   0.000004,   3.062452       
# span 4 =    -0.0040,    34.1696       
# span 5 =    -0.4049,    27.2711       
# span 6 = 0.0000e+00, 0.0000e+00       
# interval = seconds: 1
# start_time = Nov 09 2020 10:51:23 [Instrument's time stamp, header]
# bad_flag = -9.990e-29
*END*
[from data line 2052]
       2053    262.899     2.3858   3.053314    34.1266    27.2410 0.0000e+00
       2054    262.916     2.3860   3.053350    34.1268    27.2411 0.0000e+00
       2055    262.938     2.3862   3.053406    34.1273    27.2415 0.0000e+00
       2056    262.971     2.3865   3.053451    34.1275    27.2416 0.0000e+00
       2057    263.015     2.3868   3.053472    34.1274    27.2416 0.0000e+00
       2058    263.056     2.3872   3.053513    34.1275    27.2416 0.0000e+00
       2059    263.084     2.3878   3.053586    34.1277    27.2417 0.0000e+00
       2060    263.095     2.3882   3.053646    34.1280    27.2419 0.0000e+00
       2061    263.085     2.3882   3.053655    34.1282    27.2420 0.0000e+00
       2062    263.055     2.3879   3.053595    34.1277    27.2417 0.0000e+00
       2063    263.015     2.3875   3.053539    34.1275    27.2416 0.0000e+00
       2064    262.982     2.3876   3.053577    34.1279    27.2419 0.0000e+00
       2065    262.968     2.3880   3.053664    34.1285    27.2424 0.0000e+00
       2066    262.975     2.3884   3.053726    34.1289    27.2426 0.0000e+00
       2067    263.000     2.3882   3.053728    34.1291    27.2428 0.0000e+00
       2068    263.037     2.3876   3.053654    34.1288    27.2426 0.0000e+00
       2069    263.074     2.3870   3.053575    34.1285    27.2424 0.0000e+00
       2070    263.100     2.3870   3.053602    34.1288    27.2426 0.0000e+00
       2071    263.101     2.3875   3.053689    34.1293    27.2430 0.0000e+00
       2072    263.067     2.3879   3.053721    34.1293    27.2430 0.0000e+00
       2073    262.998     2.3879   3.053715    34.1293    27.2429 0.0000e+00
       2074    262.903     2.3878   3.053713    34.1294    27.2431 0.0000e+00
       2075    262.813     2.3877   3.053705    34.1295    27.2431 0.0000e+00
       2076    262.771     2.3876   3.053697    34.1295    27.2431 0.0000e+00
       2077    262.793     2.3878   3.053742    34.1298    27.2434 0.0000e+00
       2078    262.849     2.3880   3.053817    34.1305    27.2439 0.0000e+00
       2079    262.896     2.3884   3.053862    34.1306    27.2440 0.0000e+00
       2080    262.923     2.3889   3.053876    34.1302    27.2436 0.0000e+00
       2081    262.940     2.3892   3.053878    34.1299    27.2434 0.0000e+00
       2082    262.958     2.3894   3.053896    34.1299    27.2433 0.0000e+00
       2083    262.968     2.3895   3.053944    34.1304    27.2437 0.0000e+00
       2084    262.952     2.3895   3.053977    34.1308    27.2441 0.0000e+00
       2085    262.907     2.3895   3.053990    34.1310    27.2442 0.0000e+00
       2086    262.846     2.3899   3.054035    34.1312    27.2443 0.0000e+00
       2087    262.791     2.3907   3.054128    34.1315    27.2445 0.0000e+00
       2088    262.765     2.3912   3.054198    34.1318    27.2447 0.0000e+00
       2089    262.769     2.3915   3.054230    34.1319    27.2448 0.0000e+00
       2090    262.792     2.3918   3.054287    34.1323    27.2450 0.0000e+00
       2091    262.824     2.3922   3.054361    34.1328    27.2454 0.0000e+00
       2092    262.849     2.3925   3.054424    34.1332    27.2457 0.0000e+00
       2093    262.855     2.3926   3.054456    34.1335    27.2459 0.0000e+00
       2094    262.843     2.3923   3.054430    34.1335    27.2460 0.0000e+00
       2095    262.816     2.3919   3.054371    34.1332    27.2458 0.0000e+00
       2096    262.773     2.3913   3.054284    34.1328    27.2455 0.0000e+00
       2097    262.728     2.3902   3.054131    34.1321    27.2450 0.0000e+00
       2098    262.703     2.3890   3.053971    34.1314    27.2446 0.0000e+00
       2099    262.704     2.3880   3.053835    34.1308    27.2442 0.0000e+00
       2100    262.720     2.3877   3.053789    34.1305    27.2440 0.0000e+00
       2101    262.741     2.3883   3.053928    34.1316    27.2448 0.0000e+00
       2102    262.754     2.3887   3.054021    34.1323    27.2453 0.0000e+00
       2103    262.752     2.3886   3.053971    34.1318    27.2449 0.0000e+00
       2104    262.745     2.3885   3.053964    34.1318    27.2450 0.0000e+00
       2105    262.742     2.3888   3.054050    34.1326    27.2455 0.0000e+00
       2106    262.744     2.3894   3.054121    34.1328    27.2457 0.0000e+00
       2107    262.740     2.3899   3.054164    34.1328    27.2456 0.0000e+00
       2108    262.716     2.3905   3.054231    34.1330    27.2457 0.0000e+00
       2109    262.674     2.3910   3.054268    34.1330    27.2456 0.0000e+00
       2110    262.627     2.3912   3.054276    34.1329    27.2456 0.0000e+00
       2111    262.593     2.3918   3.054319    34.1328    27.2454 0.0000e+00
       2112    262.580     2.3924   3.054387    34.1330    27.2456 0.0000e+00
       2113    262.587     2.3926   3.054439    34.1334    27.2459 0.0000e+00
       2114    262.611     2.3926   3.054483    34.1340    27.2463 0.0000e+00
       2115    262.647     2.3926   3.054517    34.1344    27.2466 0.0000e+00
       2116    262.688     2.3926   3.054528    34.1345    27.2467 0.0000e+00
       2117    262.723     2.3926   3.054526    34.1344    27.2467 0.0000e+00
       2118    262.751     2.3928   3.054540    34.1344    27.2466 0.0000e+00
       2119    262.776     2.3932   3.054577    34.1344    27.2466 0.0000e+00
       2120    262.797     2.3935   3.054615    34.1345    27.2467 0.0000e+00
       2121    262.807     2.3937   3.054662    34.1349    27.2470 0.0000e+00
       2122    262.813     2.3941   3.054749    34.1355    27.2474 0.0000e+00
       2123    262.823     2.3945   3.054857    34.1364    27.2481 0.0000e+00
       2124    262.837     2.3947   3.054926    34.1371    27.2486 0.0000e+00
       2125    262.852     2.3948   3.054929    34.1370    27.2485 0.0000e+00
       2126    262.870     2.3948   3.054917    34.1368    27.2484 0.0000e+00
       2127    262.889     2.3948   3.054942    34.1371    27.2487 0.0000e+00
       2128    262.895     2.3949   3.054993    34.1377    27.2491 0.0000e+00
       2129    262.878     2.3950   3.055018    34.1379    27.2492 0.0000e+00
       2130    262.844     2.3951   3.055010    34.1377    27.2491 0.0000e+00
       2131    262.810     2.3950   3.054990    34.1376    27.2490 0.0000e+00
       2132    262.793     2.3949   3.054963    34.1373    27.2488 0.0000e+00
       2133    262.795     2.3950   3.054943    34.1370    27.2485 0.0000e+00
       2134    262.791     2.3951   3.054939    34.1368    27.2484 0.0000e+00
       2135    262.758     2.3950   3.054944    34.1370    27.2486 0.0000e+00
       2136    262.700     2.3950   3.054948    34.1371    27.2486 0.0000e+00
       2137    262.624     2.3950   3.054945    34.1371    27.2486 0.0000e+00
       2138    262.532     2.3949   3.054939    34.1372    27.2487 0.0000e+00
       2139    262.432     2.3950   3.054943    34.1372    27.2487 0.0000e+00
       2140    262.340     2.3952   3.054963    34.1373    27.2487 0.0000e+00
       2141    262.294     2.3951   3.054989    34.1377    27.2491 0.0000e+00
       2142    262.325     2.3949   3.054999    34.1380    27.2494 0.0000e+00
       2143    262.406     2.3949   3.055032    34.1384    27.2497 0.0000e+00
       2144    262.484     2.3953   3.055131    34.1392    27.2502 0.0000e+00
       2145    262.541     2.3959   3.055227    34.1397    27.2506 0.0000e+00
       2146    262.595     2.3962   3.055279    34.1400    27.2508 0.0000e+00
       2147    262.653     2.3964   3.055300    34.1400    27.2508 0.0000e+00
       2148    262.698     2.3965   3.055306    34.1399    27.2508 0.0000e+00
       2149    262.716     2.3967   3.055313    34.1398    27.2506 0.0000e+00
       2150    262.707     2.3967   3.055321    34.1399    27.2507 0.0000e+00
       2151    262.680     2.3967   3.055320    34.1399    27.2507 0.0000e+00
       2152    262.664     2.3967   3.055316    34.1399    27.2507 0.0000e+00
       2153    262.689     2.3966   3.055324    34.1400    27.2508 0.0000e+00
       2154    262.745     2.3966   3.055348    34.1403    27.2511 0.0000e+00
       2155    262.793     2.3969   3.055415    34.1408    27.2514 0.0000e+00
       2156    262.817     2.3975   3.055521    34.1415    27.2519 0.0000e+00
       2157    262.822     2.3979   3.055598    34.1420    27.2523 0.0000e+00
       2158    262.834     2.3983   3.055671    34.1424    27.2526 0.0000e+00
       2159    262.867     2.3988   3.055763    34.1430    27.2530 0.0000e+00
       2160    262.908     2.3990   3.055792    34.1431    27.2531 0.0000e+00
       2161    262.939     2.3987   3.055758    34.1430    27.2531 0.0000e+00
       2162    262.951     2.3987   3.055760    34.1431    27.2531 0.0000e+00
       2163    262.956     2.3990   3.055806    34.1433    27.2532 0.0000e+00
       2164    262.978     2.3994   3.055867    34.1436    27.2535 0.0000e+00
       2165    263.023     2.3998   3.055932    34.1440    27.2537 0.0000e+00
       2166    263.066     2.4000   3.055988    34.1444    27.2541 0.0000e+00
       2167    263.078     2.4000   3.056022    34.1448    27.2544 0.0000e+00
       2168    263.069     2.4000   3.056037    34.1450    27.2545 0.0000e+00
       2169    263.068     2.4003   3.056114    34.1457    27.2550 0.0000e+00
       2170    263.093     2.4009   3.056235    34.1465    27.2556 0.0000e+00
       2171    263.128     2.4016   3.056305    34.1466    27.2557 0.0000e+00
       2172    263.145     2.4019   3.056329    34.1466    27.2556 0.0000e+00
       2173    263.149     2.4020   3.056336    34.1465    27.2556 0.0000e+00
       2174    263.163     2.4020   3.056357    34.1468    27.2558 0.0000e+00
       2175    263.189     2.4025   3.056417    34.1470    27.2559 0.0000e+00
       2176    263.215     2.4034   3.056578    34.1480    27.2566 0.0000e+00
       2177    263.235     2.4046   3.056801    34.1495    27.2577 0.0000e+00
       2178    263.255     2.4054   3.056922    34.1501    27.2582 0.0000e+00
       2179    263.279     2.4055   3.056921    34.1500    27.2580 0.0000e+00
       2180    263.298     2.4053   3.056882    34.1497    27.2578 0.0000e+00
       2181    263.311     2.4051   3.056860    34.1496    27.2578 0.0000e+00
       2182    263.317     2.4049   3.056832    34.1495    27.2577 0.0000e+00
       2183    263.301     2.4045   3.056734    34.1487    27.2571 0.0000e+00
       2184    263.261     2.4039   3.056604    34.1478    27.2564 0.0000e+00
       2185    263.210     2.4035   3.056547    34.1475    27.2562 0.0000e+00
       2186    263.146     2.4035   3.056554    34.1476    27.2563 0.0000e+00
       2187    263.079     2.4037   3.056603    34.1481    27.2567 0.0000e+00
       2188    263.025     2.4043   3.056693    34.1486    27.2570 0.0000e+00
       2189    263.003     2.4049   3.056809    34.1494    27.2576 0.0000e+00
       2190    263.026     2.4049   3.056811    34.1494    27.2576 0.0000e+00
       2191    263.083     2.4044   3.056666    34.1481    27.2566 0.0000e+00
       2192    263.138     2.4042   3.056628    34.1478    27.2564 0.0000e+00
       2193    263.165     2.4043   3.056698    34.1485    27.2570 0.0000e+00
       2194    263.165     2.4044   3.056733    34.1489    27.2573 0.0000e+00
       2195    263.144     2.4046   3.056754    34.1489    27.2573 0.0000e+00
       2196    263.107     2.4049   3.056810    34.1493    27.2576 0.0000e+00
       2197    263.075     2.4054   3.056909    34.1500    27.2581 0.0000e+00
       2198    263.067     2.4059   3.056989    34.1505    27.2584 0.0000e+00
       2199    263.084     2.4063   3.057033    34.1506    27.2585 0.0000e+00
       2200    263.098     2.4062   3.057048    34.1509    27.2587 0.0000e+00
       2201    263.089     2.4061   3.057034    34.1508    27.2587 0.0000e+00
       2202    263.065     2.4062   3.057050    34.1509    27.2588 0.0000e+00
       2203    263.046     2.4067   3.057148    34.1516    27.2593 0.0000e+00
       2204    263.041     2.4075   3.057287    34.1525    27.2599 0.0000e+00
       2205    263.042     2.4081   3.057349    34.1526    27.2599 0.0000e+00
       2206    263.037     2.4081   3.057317    34.1522    27.2596 0.0000e+00
       2207    263.024     2.4080   3.057296    34.1521    27.2595 0.0000e+00
       2208    263.009     2.4082   3.057320    34.1522    27.2596 0.0000e+00
       2209    263.010     2.4086   3.057387    34.1526    27.2599 0.0000e+00
       2210    263.031     2.4090   3.057493    34.1534    27.2605 0.0000e+00
       2211    263.050     2.4095   3.057563    34.1538    27.2607 0.0000e+00
       2212    263.045     2.4097   3.057566    34.1536    27.2606 0.0000e+00
       2213    263.014     2.4097   3.057576    34.1537    27.2607 0.0000e+00
       2214    262.959     2.4095   3.057589    34.1541    27.2610 0.0000e+00
       2215    262.893     2.4091   3.057571    34.1544    27.2613 0.0000e+00
       2216    262.832     2.4088   3.057539    34.1543    27.2613 0.0000e+00
       2217    262.783     2.4086   3.057510    34.1542    27.2612 0.0000e+00
       2218    262.744     2.4088   3.057552    34.1545    27.2614 0.0000e+00
       2219    262.720     2.4094   3.057661    34.1553    27.2619 0.0000e+00
       2220    262.729     2.4103   3.057751    34.1554    27.2620 0.0000e+00
       2221    262.778     2.4110   3.057837    34.1557    27.2622 0.0000e+00
       2222    262.835     2.4116   3.057944    34.1563    27.2626 0.0000e+00
       2223    262.866     2.4122   3.058016    34.1566    27.2628 0.0000e+00
       2224    262.868     2.4124   3.058032    34.1566    27.2627 0.0000e+00
       2225    262.848     2.4125   3.058049    34.1567    27.2628 0.0000e+00
       2226    262.808     2.4128   3.058093    34.1569    27.2630 0.0000e+00
       2227    262.757     2.4131   3.058139    34.1572    27.2632 0.0000e+00
       2228    262.715     2.4133   3.058181    34.1575    27.2634 0.0000e+00
       2229    262.705     2.4134   3.058213    34.1578    27.2637 0.0000e+00
       2230    262.731     2.4131   3.058188    34.1578    27.2637 0.0000e+00
       2231    262.778     2.4129   3.058121    34.1572    27.2632 0.0000e+00
       2232    262.835     2.4132   3.058151    34.1572    27.2632 0.0000e+00
       2233    262.893     2.4137   3.058282    34.1582    27.2640 0.0000e+00
       2234    262.934     2.4137   3.058318    34.1587    27.2643 0.0000e+00
       2235    262.953     2.4128   3.058183    34.1579    27.2638 0.0000e+00
       2236    262.962     2.4116   3.057967    34.1566    27.2628 0.0000e+00
       2237    262.970     2.4107   3.057842    34.1560    27.2624 0.0000e+00
       2238    262.982     2.4105   3.057846    34.1562    27.2626 0.0000e+00
       2239    262.997     2.4105   3.057847    34.1562    27.2626 0.0000e+00
       2240    263.013     2.4106   3.057831    34.1559    27.2624 0.0000e+00
       2241    263.040     2.4109   3.057881    34.1562    27.2626 0.0000e+00
       2242    263.081     2.4114   3.057992    34.1570    27.2632 0.0000e+00
       2243    263.117     2.4121   3.058090    34.1575    27.2635 0.0000e+00
       2244    263.127     2.4126   3.058142    34.1576    27.2635 0.0000e+00
       2245    263.109     2.4128   3.058150    34.1575    27.2634 0.0000e+00
       2246    263.081     2.4127   3.058137    34.1574    27.2634 0.0000e+00
       2247    263.075     2.4124   3.058077    34.1570    27.2631 0.0000e+00
       2248    263.102     2.4120   3.057951    34.1558    27.2622 0.0000e+00
       2249    263.154     2.4117   3.057893    34.1554    27.2619 0.0000e+00
       2250    263.212     2.4118   3.057975    34.1563    27.2626 0.0000e+00
       2251    263.261     2.4121   3.058098    34.1575    27.2635 0.0000e+00
       2252    263.298     2.4124   3.058181    34.1582    27.2640 0.0000e+00
       2253    263.332     2.4128   3.058278    34.1589    27.2646 0.0000e+00
       2254    263.371     2.4133   3.058375    34.1596    27.2651 0.0000e+00
       2255    263.420     2.4137   3.058419    34.1596    27.2651 0.0000e+00
       2256    263.475     2.4139   3.058447    34.1597    27.2652 0.0000e+00
