Datasets/Multi_Species/TEL214/tel214_2020_003.cnv
* Sea-Bird SBE19plus Data File:
* Filename = C:/AQUIRE/tel214_2020_003.hex
* Software Version AquireV2 AF V2.0
* Temperature SN =  7853
* Conductivity SN =  7853
* System UpLoad Time = Nov 06 2020 17:40:11
* <ApplicationData>
* <AQUIREV2>
** VESSEL/TRIP/SEQ STN: tel214_2020_003
** LATITUDE: 52 51.03 N
** LONGITUDE: 05 50.15 W
** DATE/TIME: 2020-11-06 16:34
** SOUNDING DEPTH (M): 0203
** PROBE TYPE: S7853
** CTD NUMBER: 003
** COMMENTS: 
# nquan = 7                                 
# nvalues = 3830                        
# units = specified
# name 0 = scan: Scan Count
# name 1 = prdM: Pressure, Strain Gauge [db]
# name 2 = tv290C: Temperature [ITS-90, deg C]
# name 3 = c0S/m: Conductivity [S/m]
# name 4 = sal00: Salinity, Practical [PSU]
# name 5 = sigma-t00: Density [sigma-t, kg/m^3 ]
# name 6 = flag: flag
# span 0 =          1,       3830       
# span 1 =     -1.061,    201.619       
# span 2 =     1.1127,     2.8981       
# span 3 =   0.000092,   3.083788       
# span 4 =    -0.0005,    34.0920       
# span 5 =    -0.0899,    27.2234       
# span 6 = 0.0000e+00, 0.0000e+00       
# interval = seconds: 1
# start_time = Nov 06 2020 16:34:27 [Instrument's time stamp, header]
# bad_flag = -9.990e-29
*END*
[from data line 1642]
       1643    200.982     1.8731   2.994276    33.9748    27.1600 0.0000e+00
       1644    200.974     1.8702   2.994045    33.9750    27.1604 0.0000e+00
       1645    200.951     1.8684   2.993938    33.9756    27.1610 0.0000e+00
       1646    200.917     1.8674   2.993898    33.9762    27.1615 0.0000e+00
       1647    200.887     1.8669   2.993888    33.9766    27.1619 0.0000e+00
       1648    200.876     1.8672   2.993964    33.9773    27.1624 0.0000e+00
       1649    200.884     1.8684   2.994134    33.9781    27.1630 0.0000e+00
       1650    200.890     1.8698   2.994271    33.9783    27.1631 0.0000e+00
       1651    200.874     1.8707   2.994330    33.9781    27.1628 0.0000e+00
       1652    200.844     1.8714   2.994404    33.9783    27.1629 0.0000e+00
       1653    200.819     1.8724   2.994543    33.9790    27.1634 0.0000e+00
       1654    200.807     1.8738   2.994689    33.9793    27.1636 0.0000e+00
       1655    200.802     1.8749   2.994776    33.9792    27.1634 0.0000e+00
       1656    200.797     1.8760   2.994874    33.9793    27.1634 0.0000e+00
       1657    200.789     1.8769   2.994980    33.9796    27.1636 0.0000e+00
       1658    200.780     1.8775   2.994990    33.9791    27.1631 0.0000e+00
       1659    200.769     1.8775   2.994949    33.9786    27.1627 0.0000e+00
       1660    200.761     1.8774   2.994956    33.9788    27.1629 0.0000e+00
       1661    200.762     1.8779   2.995067    33.9797    27.1635 0.0000e+00
       1662    200.772     1.8797   2.995366    33.9815    27.1649 0.0000e+00
       1663    200.777     1.8827   2.995741    33.9830    27.1658 0.0000e+00
       1664    200.767     1.8852   2.995872    33.9819    27.1648 0.0000e+00
       1665    200.740     1.8857   2.995703    33.9793    27.1626 0.0000e+00
       1666    200.707     1.8845   2.995478    33.9778    27.1615 0.0000e+00
       1667    200.686     1.8828   2.995342    33.9779    27.1618 0.0000e+00
       1668    200.687     1.8816   2.995287    33.9785    27.1623 0.0000e+00
       1669    200.693     1.8811   2.995295    33.9791    27.1629 0.0000e+00
       1670    200.685     1.8811   2.995339    33.9797    27.1633 0.0000e+00
       1671    200.674     1.8815   2.995371    33.9797    27.1633 0.0000e+00
       1672    200.674     1.8816   2.995367    33.9795    27.1631 0.0000e+00
       1673    200.677     1.8815   2.995355    33.9795    27.1631 0.0000e+00
       1674    200.667     1.8816   2.995382    33.9797    27.1633 0.0000e+00
       1675    200.643     1.8821   2.995485    33.9805    27.1639 0.0000e+00
       1676    200.613     1.8832   2.995663    33.9815    27.1646 0.0000e+00
       1677    200.581     1.8848   2.995861    33.9823    27.1651 0.0000e+00
       1678    200.557     1.8866   2.996059    33.9829    27.1655 0.0000e+00
       1679    200.555     1.8884   2.996268    33.9836    27.1659 0.0000e+00
       1680    200.574     1.8903   2.996430    33.9836    27.1657 0.0000e+00
       1681    200.595     1.8916   2.996441    33.9823    27.1646 0.0000e+00
       1682    200.601     1.8916   2.996303    33.9806    27.1632 0.0000e+00
       1683    200.598     1.8905   2.996130    33.9796    27.1625 0.0000e+00
       1684    200.592     1.8891   2.996002    33.9795    27.1625 0.0000e+00
       1685    200.582     1.8880   2.995912    33.9795    27.1627 0.0000e+00
       1686    200.570     1.8872   2.995829    33.9794    27.1626 0.0000e+00
       1687    200.564     1.8862   2.995715    33.9790    27.1624 0.0000e+00
       1688    200.572     1.8849   2.995584    33.9788    27.1623 0.0000e+00
       1689    200.589     1.8838   2.995480    33.9786    27.1622 0.0000e+00
       1690    200.602     1.8826   2.995375    33.9786    27.1623 0.0000e+00
       1691    200.603     1.8815   2.995252    33.9782    27.1621 0.0000e+00
       1692    200.597     1.8803   2.995133    33.9780    27.1620 0.0000e+00
       1693    200.589     1.8792   2.995045    33.9781    27.1622 0.0000e+00
       1694    200.583     1.8785   2.995007    33.9784    27.1625 0.0000e+00
       1695    200.594     1.8783   2.995005    33.9786    27.1626 0.0000e+00
       1696    200.620     1.8783   2.995031    33.9789    27.1629 0.0000e+00
       1697    200.638     1.8785   2.995077    33.9792    27.1631 0.0000e+00
       1698    200.635     1.8788   2.995116    33.9794    27.1632 0.0000e+00
       1699    200.617     1.8790   2.995135    33.9794    27.1633 0.0000e+00
       1700    200.597     1.8791   2.995142    33.9794    27.1632 0.0000e+00
       1701    200.588     1.8792   2.995146    33.9794    27.1632 0.0000e+00
       1702    200.600     1.8792   2.995152    33.9794    27.1633 0.0000e+00
       1703    200.630     1.8794   2.995170    33.9794    27.1632 0.0000e+00
       1704    200.651     1.8798   2.995208    33.9795    27.1632 0.0000e+00
       1705    200.626     1.8801   2.995246    33.9796    27.1633 0.0000e+00
       1706    200.544     1.8804   2.995272    33.9797    27.1634 0.0000e+00
       1707    200.418     1.8805   2.995278    33.9797    27.1634 0.0000e+00
       1708    200.289     1.8807   2.995268    33.9795    27.1632 0.0000e+00
       1709    200.224     1.8809   2.995288    33.9795    27.1632 0.0000e+00
       1710    200.248     1.8817   2.995440    33.9806    27.1640 0.0000e+00
       1711    200.312     1.8833   2.995660    33.9816    27.1647 0.0000e+00
       1712    200.352     1.8849   2.995776    33.9813    27.1643 0.0000e+00
       1713    200.341     1.8858   2.995817    33.9808    27.1639 0.0000e+00
       1714    200.290     1.8862   2.995821    33.9805    27.1636 0.0000e+00
       1715    200.232     1.8863   2.995779    33.9799    27.1631 0.0000e+00
       1716    200.203     1.8861   2.995739    33.9796    27.1629 0.0000e+00
       1717    200.221     1.8857   2.995713    33.9797    27.1630 0.0000e+00
       1718    200.267     1.8849   2.995629    33.9795    27.1629 0.0000e+00
       1719    200.290     1.8834   2.995404    33.9783    27.1620 0.0000e+00
       1720    200.262     1.8812   2.995141    33.9773    27.1614 0.0000e+00
       1721    200.208     1.8794   2.995008    33.9776    27.1618 0.0000e+00
       1722    200.173     1.8786   2.994973    33.9781    27.1622 0.0000e+00
       1723    200.180     1.8783   2.994919    33.9777    27.1619 0.0000e+00
       1724    200.214     1.8775   2.994832    33.9775    27.1618 0.0000e+00
       1725    200.244     1.8763   2.994736    33.9775    27.1619 0.0000e+00
       1726    200.248     1.8752   2.994641    33.9775    27.1620 0.0000e+00
       1727    200.238     1.8743   2.994573    33.9776    27.1622 0.0000e+00
       1728    200.242     1.8737   2.994535    33.9778    27.1624 0.0000e+00
       1729    200.272     1.8733   2.994494    33.9777    27.1623 0.0000e+00
       1730    200.305     1.8729   2.994475    33.9779    27.1625 0.0000e+00
       1731    200.318     1.8729   2.994521    33.9784    27.1629 0.0000e+00
       1732    200.310     1.8733   2.994605    33.9791    27.1634 0.0000e+00
       1733    200.293     1.8741   2.994699    33.9794    27.1636 0.0000e+00
       1734    200.272     1.8748   2.994789    33.9798    27.1639 0.0000e+00
       1735    200.259     1.8757   2.994862    33.9798    27.1638 0.0000e+00
       1736    200.273     1.8764   2.994919    33.9797    27.1637 0.0000e+00
       1737    200.309     1.8771   2.994990    33.9798    27.1637 0.0000e+00
       1738    200.338     1.8783   2.995136    33.9804    27.1641 0.0000e+00
       1739    200.340     1.8799   2.995344    33.9812    27.1646 0.0000e+00
       1740    200.324     1.8817   2.995518    33.9815    27.1647 0.0000e+00
       1741    200.293     1.8832   2.995626    33.9813    27.1644 0.0000e+00
       1742    200.243     1.8841   2.995681    33.9810    27.1641 0.0000e+00
       1743    200.193     1.8845   2.995693    33.9808    27.1639 0.0000e+00
       1744    200.168     1.8845   2.995709    33.9810    27.1641 0.0000e+00
       1745    200.180     1.8848   2.995784    33.9816    27.1646 0.0000e+00
       1746    200.216     1.8855   2.995843    33.9816    27.1645 0.0000e+00
       1747    200.243     1.8855   2.995724    33.9801    27.1633 0.0000e+00
       1748    200.235     1.8842   2.995485    33.9785    27.1621 0.0000e+00
       1749    200.189     1.8823   2.995312    33.9783    27.1621 0.0000e+00
       1750    200.118     1.8809   2.995248    33.9791    27.1628 0.0000e+00
       1751    200.057     1.8805   2.995254    33.9796    27.1633 0.0000e+00
       1752    200.042     1.8805   2.995259    33.9797    27.1634 0.0000e+00
       1753    200.074     1.8804   2.995235    33.9795    27.1632 0.0000e+00
       1754    200.119     1.8805   2.995293    33.9801    27.1637 0.0000e+00
       1755    200.139     1.8816   2.995485    33.9813    27.1646 0.0000e+00
       1756    200.133     1.8833   2.995670    33.9818    27.1648 0.0000e+00
       1757    200.126     1.8845   2.995754    33.9816    27.1646 0.0000e+00
       1758    200.132     1.8851   2.995766    33.9811    27.1641 0.0000e+00
       1759    200.152     1.8853   2.995745    33.9806    27.1637 0.0000e+00
       1760    200.178     1.8851   2.995736    33.9807    27.1638 0.0000e+00
       1761    200.198     1.8854   2.995812    33.9813    27.1643 0.0000e+00
       1762    200.211     1.8863   2.995953    33.9821    27.1648 0.0000e+00
       1763    200.226     1.8874   2.996054    33.9822    27.1648 0.0000e+00
       1764    200.241     1.8883   2.996113    33.9819    27.1646 0.0000e+00
       1765    200.247     1.8891   2.996209    33.9823    27.1648 0.0000e+00
       1766    200.237     1.8901   2.996335    33.9828    27.1651 0.0000e+00
       1767    200.220     1.8912   2.996440    33.9829    27.1651 0.0000e+00
       1768    200.215     1.8921   2.996492    33.9826    27.1648 0.0000e+00
       1769    200.228     1.8923   2.996456    33.9819    27.1643 0.0000e+00
       1770    200.251     1.8919   2.996380    33.9814    27.1639 0.0000e+00
       1771    200.269     1.8920   2.996447    33.9821    27.1644 0.0000e+00
       1772    200.269     1.8931   2.996628    33.9832    27.1652 0.0000e+00
       1773    200.249     1.8944   2.996715    33.9829    27.1649 0.0000e+00
       1774    200.213     1.8949   2.996708    33.9823    27.1644 0.0000e+00
       1775    200.179     1.8949   2.996677    33.9819    27.1641 0.0000e+00
       1776    200.168     1.8945   2.996621    33.9817    27.1639 0.0000e+00
       1777    200.189     1.8937   2.996525    33.9813    27.1637 0.0000e+00
       1778    200.221     1.8924   2.996357    33.9806    27.1632 0.0000e+00
       1779    200.239     1.8906   2.996145    33.9799    27.1627 0.0000e+00
       1780    200.235     1.8887   2.995957    33.9795    27.1626 0.0000e+00
       1781    200.211     1.8872   2.995826    33.9795    27.1627 0.0000e+00
       1782    200.179     1.8860   2.995733    33.9797    27.1629 0.0000e+00
       1783    200.161     1.8851   2.995658    33.9797    27.1630 0.0000e+00
       1784    200.166     1.8843   2.995564    33.9794    27.1628 0.0000e+00
       1785    200.183     1.8830   2.995407    33.9788    27.1624 0.0000e+00
       1786    200.197     1.8814   2.995201    33.9779    27.1619 0.0000e+00
       1787    200.203     1.8794   2.994997    33.9775    27.1617 0.0000e+00
       1788    200.210     1.8776   2.994835    33.9774    27.1617 0.0000e+00
       1789    200.227     1.8762   2.994717    33.9774    27.1619 0.0000e+00
       1790    200.248     1.8751   2.994632    33.9775    27.1620 0.0000e+00
       1791    200.257     1.8744   2.994592    33.9778    27.1623 0.0000e+00
       1792    200.246     1.8741   2.994601    33.9782    27.1626 0.0000e+00
       1793    200.232     1.8741   2.994632    33.9786    27.1630 0.0000e+00
       1794    200.238     1.8744   2.994676    33.9788    27.1631 0.0000e+00
       1795    200.266     1.8751   2.994777    33.9793    27.1635 0.0000e+00
       1796    200.294     1.8765   2.994983    33.9804    27.1642 0.0000e+00
       1797    200.302     1.8783   2.995207    33.9813    27.1648 0.0000e+00
       1798    200.291     1.8800   2.995333    33.9810    27.1645 0.0000e+00
       1799    200.271     1.8809   2.995387    33.9807    27.1642 0.0000e+00
       1800    200.258     1.8816   2.995433    33.9806    27.1640 0.0000e+00
       1801    200.265     1.8824   2.995534    33.9810    27.1642 0.0000e+00
       1802    200.287     1.8840   2.995789    33.9825    27.1653 0.0000e+00
       1803    200.310     1.8869   2.996177    33.9842    27.1665 0.0000e+00
       1804    200.323     1.8903   2.996483    33.9844    27.1664 0.0000e+00
       1805    200.328     1.8925   2.996592    33.9834    27.1654 0.0000e+00
       1806    200.333     1.8931   2.996549    33.9822    27.1644 0.0000e+00
       1807    200.341     1.8925   2.996384    33.9808    27.1633 0.0000e+00
       1808    200.352     1.8906   2.996143    33.9798    27.1627 0.0000e+00
       1809    200.359     1.8886   2.995941    33.9794    27.1625 0.0000e+00
       1810    200.355     1.8871   2.995858    33.9800    27.1631 0.0000e+00
       1811    200.341     1.8865   2.995862    33.9807    27.1637 0.0000e+00
       1812    200.332     1.8865   2.995873    33.9808    27.1638 0.0000e+00
       1813    200.343     1.8866   2.995882    33.9808    27.1638 0.0000e+00
       1814    200.367     1.8868   2.995909    33.9809    27.1639 0.0000e+00
       1815    200.379     1.8868   2.995910    33.9809    27.1639 0.0000e+00
       1816    200.362     1.8866   2.995867    33.9806    27.1636 0.0000e+00
       1817    200.319     1.8864   2.995834    33.9804    27.1635 0.0000e+00
       1818    200.276     1.8863   2.995826    33.9805    27.1635 0.0000e+00
       1819    200.264     1.8862   2.995816    33.9804    27.1635 0.0000e+00
       1820    200.287     1.8860   2.995797    33.9804    27.1635 0.0000e+00
       1821    200.319     1.8857   2.995762    33.9803    27.1634 0.0000e+00
       1822    200.335     1.8852   2.995699    33.9800    27.1633 0.0000e+00
       1823    200.332     1.8845   2.995630    33.9799    27.1632 0.0000e+00
       1824    200.319     1.8840   2.995586    33.9799    27.1632 0.0000e+00
       1825    200.313     1.8836   2.995566    33.9801    27.1634 0.0000e+00
       1826    200.322     1.8836   2.995599    33.9805    27.1638 0.0000e+00
       1827    200.338     1.8845   2.995746    33.9813    27.1644 0.0000e+00
       1828    200.342     1.8860   2.995956    33.9824    27.1651 0.0000e+00
       1829    200.336     1.8877   2.996108    33.9825    27.1650 0.0000e+00
       1830    200.342     1.8890   2.996226    33.9825    27.1650 0.0000e+00
       1831    200.364     1.8905   2.996417    33.9833    27.1655 0.0000e+00
       1832    200.386     1.8930   2.996766    33.9850    27.1667 0.0000e+00
       1833    200.390     1.8967   2.997215    33.9866    27.1677 0.0000e+00
       1834    200.372     1.9005   2.997563    33.9869    27.1676 0.0000e+00
       1835    200.351     1.9031   2.997733    33.9863    27.1669 0.0000e+00
       1836    200.351     1.9050   2.997860    33.9858    27.1664 0.0000e+00
       1837    200.370     1.9065   2.997946    33.9853    27.1659 0.0000e+00
       1838    200.389     1.9065   2.997773    33.9831    27.1641 0.0000e+00
       1839    200.396     1.9044   2.997411    33.9808    27.1625 0.0000e+00
       1840    200.401     1.9016   2.997151    33.9806    27.1625 0.0000e+00
       1841    200.415     1.8995   2.997005    33.9810    27.1630 0.0000e+00
       1842    200.432     1.8977   2.996855    33.9810    27.1631 0.0000e+00
       1843    200.433     1.8961   2.996714    33.9810    27.1632 0.0000e+00
       1844    200.412     1.8948   2.996622    33.9812    27.1635 0.0000e+00
       1845    200.385     1.8941   2.996570    33.9814    27.1637 0.0000e+00
       1846    200.376     1.8937   2.996530    33.9813    27.1636 0.0000e+00
