Datasets/Multi_Species/TEL214/tel214_2020_029.cnv
* Sea-Bird SBE19plus Data File:
* Filename = C:/AQUIRE/tel214_2020_029.hex
* Software Version AquireV2 AF V2.0
* Temperature SN =  7853
* Conductivity SN =  7853
* System UpLoad Time = Nov 15 2020 05:02:15
* <ApplicationData>
* <AQUIREV2>
** VESSEL/TRIP/SEQ STN: tel214_2020_029
** LATITUDE: 53 17.46 N
** LONGITUDE: 52 27.48 W
** DATE/TIME: 2020-11-15 03:55
** SOUNDING DEPTH (M): 0433
** PROBE TYPE: S7853
** CTD NUMBER: 029
** COMMENTS: 
# nquan = 7                                 
# nvalues = 3885                        
# units = specified
# name 0 = scan: Scan Count
# name 1 = prdM: Pressure, Strain Gauge [db]
# name 2 = tv290C: Temperature [ITS-90, deg C]
# name 3 = c0S/m: Conductivity [S/m]
# name 4 = sal00: Salinity, Practical [PSU]
# name 5 = sigma-t00: Density [sigma-t, kg/m^3 ]
# name 6 = flag: flag
# span 0 =          1,       3885       
# span 1 =     -1.084,    435.082       
# span 2 =     0.6583,     3.9697       
# span 3 =   0.000006,   3.249647       
# span 4 =    -0.0013,    34.8157       
# span 5 =    -0.1166,    27.6563       
# span 6 = 0.0000e+00, 0.0000e+00       
# interval = seconds: 1
# start_time = Nov 15 2020 03:55:29 [Instrument's time stamp, header]
# bad_flag = -9.990e-29
*END*
[from data line 1847]
       1848    433.180     3.5317   3.214330    34.7730    27.6531 0.0000e+00
       1849    433.173     3.5317   3.214328    34.7730    27.6531 0.0000e+00
       1850    433.162     3.5317   3.214304    34.7727    27.6529 0.0000e+00
       1851    433.153     3.5315   3.214272    34.7725    27.6528 0.0000e+00
       1852    433.146     3.5312   3.214241    34.7725    27.6528 0.0000e+00
       1853    433.144     3.5310   3.214220    34.7724    27.6528 0.0000e+00
       1854    433.155     3.5308   3.214202    34.7724    27.6528 0.0000e+00
       1855    433.174     3.5306   3.214192    34.7725    27.6529 0.0000e+00
       1856    433.165     3.5306   3.214204    34.7726    27.6530 0.0000e+00
       1857    433.089     3.5308   3.214225    34.7727    27.6530 0.0000e+00
       1858    432.955     3.5309   3.214232    34.7728    27.6531 0.0000e+00
       1859    432.835     3.5309   3.214231    34.7728    27.6531 0.0000e+00
       1860    432.794     3.5309   3.214228    34.7728    27.6531 0.0000e+00
       1861    432.824     3.5309   3.214221    34.7727    27.6530 0.0000e+00
       1862    432.872     3.5311   3.214218    34.7724    27.6528 0.0000e+00
       1863    432.897     3.5311   3.214226    34.7725    27.6528 0.0000e+00
       1864    432.893     3.5312   3.214235    34.7725    27.6528 0.0000e+00
       1865    432.877     3.5312   3.214232    34.7725    27.6528 0.0000e+00
       1866    432.867     3.5312   3.214230    34.7725    27.6528 0.0000e+00
       1867    432.876     3.5312   3.214233    34.7725    27.6528 0.0000e+00
       1868    432.904     3.5312   3.214230    34.7725    27.6528 0.0000e+00
       1869    432.937     3.5311   3.214208    34.7723    27.6527 0.0000e+00
       1870    432.957     3.5308   3.214184    34.7723    27.6527 0.0000e+00
       1871    432.963     3.5306   3.214179    34.7725    27.6528 0.0000e+00
       1872    432.964     3.5306   3.214197    34.7727    27.6530 0.0000e+00
       1873    432.970     3.5309   3.214230    34.7727    27.6530 0.0000e+00
       1874    432.979     3.5312   3.214244    34.7726    27.6529 0.0000e+00
       1875    432.981     3.5311   3.214217    34.7724    27.6527 0.0000e+00
       1876    432.969     3.5308   3.214178    34.7722    27.6526 0.0000e+00
       1877    432.948     3.5306   3.214169    34.7723    27.6527 0.0000e+00
       1878    432.932     3.5306   3.214195    34.7727    27.6530 0.0000e+00
       1879    432.926     3.5309   3.214224    34.7727    27.6530 0.0000e+00
       1880    432.916     3.5311   3.214211    34.7723    27.6527 0.0000e+00
       1881    432.890     3.5308   3.214147    34.7719    27.6524 0.0000e+00
       1882    432.845     3.5301   3.214074    34.7718    27.6524 0.0000e+00
       1883    432.792     3.5296   3.214038    34.7719    27.6525 0.0000e+00
       1884    432.745     3.5294   3.214039    34.7722    27.6527 0.0000e+00
       1885    432.707     3.5295   3.214058    34.7723    27.6528 0.0000e+00
       1886    432.659     3.5297   3.214080    34.7724    27.6529 0.0000e+00
       1887    432.596     3.5298   3.214098    34.7725    27.6530 0.0000e+00
       1888    432.541     3.5300   3.214111    34.7725    27.6529 0.0000e+00
       1889    432.522     3.5301   3.214120    34.7725    27.6529 0.0000e+00
       1890    432.548     3.5301   3.214122    34.7725    27.6529 0.0000e+00
       1891    432.599     3.5302   3.214125    34.7724    27.6529 0.0000e+00
       1892    432.636     3.5304   3.214151    34.7725    27.6529 0.0000e+00
       1893    432.626     3.5307   3.214191    34.7727    27.6530 0.0000e+00
       1894    432.576     3.5309   3.214213    34.7727    27.6530 0.0000e+00
       1895    432.530     3.5311   3.214219    34.7726    27.6529 0.0000e+00
       1896    432.525     3.5312   3.214228    34.7726    27.6529 0.0000e+00
       1897    432.562     3.5313   3.214252    34.7728    27.6530 0.0000e+00
       1898    432.612     3.5317   3.214282    34.7727    27.6529 0.0000e+00
       1899    432.652     3.5319   3.214305    34.7727    27.6529 0.0000e+00
       1900    432.681     3.5321   3.214332    34.7728    27.6530 0.0000e+00
       1901    432.704     3.5324   3.214371    34.7730    27.6531 0.0000e+00
       1902    432.717     3.5328   3.214401    34.7729    27.6530 0.0000e+00
       1903    432.723     3.5330   3.214405    34.7727    27.6528 0.0000e+00
       1904    432.729     3.5330   3.214394    34.7726    27.6527 0.0000e+00
       1905    432.746     3.5328   3.214391    34.7728    27.6529 0.0000e+00
       1906    432.778     3.5330   3.214406    34.7727    27.6528 0.0000e+00
       1907    432.817     3.5332   3.214429    34.7728    27.6528 0.0000e+00
       1908    432.846     3.5332   3.214434    34.7728    27.6529 0.0000e+00
       1909    432.844     3.5332   3.214424    34.7727    27.6528 0.0000e+00
       1910    432.815     3.5332   3.214413    34.7726    27.6527 0.0000e+00
       1911    432.784     3.5330   3.214399    34.7726    27.6527 0.0000e+00
       1912    432.772     3.5328   3.214386    34.7727    27.6528 0.0000e+00
       1913    432.783     3.5328   3.214391    34.7727    27.6529 0.0000e+00
       1914    432.811     3.5331   3.214425    34.7728    27.6529 0.0000e+00
       1915    432.851     3.5334   3.214462    34.7729    27.6529 0.0000e+00
       1916    432.889     3.5336   3.214479    34.7729    27.6529 0.0000e+00
       1917    432.911     3.5336   3.214483    34.7729    27.6529 0.0000e+00
       1918    432.917     3.5337   3.214488    34.7729    27.6529 0.0000e+00
       1919    432.919     3.5337   3.214489    34.7729    27.6529 0.0000e+00
       1920    432.927     3.5337   3.214486    34.7729    27.6529 0.0000e+00
       1921    432.939     3.5337   3.214487    34.7729    27.6529 0.0000e+00
       1922    432.954     3.5337   3.214498    34.7730    27.6530 0.0000e+00
       1923    432.974     3.5339   3.214519    34.7730    27.6530 0.0000e+00
       1924    432.997     3.5340   3.214546    34.7732    27.6531 0.0000e+00
       1925    433.016     3.5342   3.214567    34.7732    27.6531 0.0000e+00
       1926    433.023     3.5344   3.214579    34.7732    27.6530 0.0000e+00
       1927    433.019     3.5346   3.214585    34.7730    27.6529 0.0000e+00
       1928    433.014     3.5346   3.214584    34.7730    27.6529 0.0000e+00
       1929    433.014     3.5347   3.214586    34.7729    27.6528 0.0000e+00
       1930    433.016     3.5347   3.214602    34.7731    27.6530 0.0000e+00
       1931    433.021     3.5348   3.214628    34.7733    27.6531 0.0000e+00
       1932    433.037     3.5350   3.214649    34.7734    27.6531 0.0000e+00
       1933    433.065     3.5351   3.214649    34.7732    27.6530 0.0000e+00
       1934    433.090     3.5351   3.214628    34.7730    27.6528 0.0000e+00
       1935    433.092     3.5349   3.214597    34.7728    27.6527 0.0000e+00
       1936    433.057     3.5347   3.214576    34.7728    27.6527 0.0000e+00
       1937    432.991     3.5346   3.214569    34.7729    27.6528 0.0000e+00
       1938    432.930     3.5345   3.214570    34.7730    27.6529 0.0000e+00
       1939    432.913     3.5345   3.214583    34.7732    27.6530 0.0000e+00
       1940    432.945     3.5347   3.214623    34.7734    27.6532 0.0000e+00
       1941    432.993     3.5351   3.214675    34.7736    27.6533 0.0000e+00
       1942    433.023     3.5355   3.214709    34.7736    27.6532 0.0000e+00
       1943    433.030     3.5358   3.214719    34.7734    27.6530 0.0000e+00
       1944    433.037     3.5357   3.214705    34.7733    27.6530 0.0000e+00
       1945    433.059     3.5355   3.214665    34.7730    27.6528 0.0000e+00
       1946    433.084     3.5350   3.214602    34.7728    27.6527 0.0000e+00
       1947    433.094     3.5344   3.214547    34.7727    27.6527 0.0000e+00
       1948    433.095     3.5341   3.214535    34.7729    27.6529 0.0000e+00
       1949    433.107     3.5341   3.214558    34.7732    27.6531 0.0000e+00
       1950    433.132     3.5343   3.214575    34.7732    27.6530 0.0000e+00
       1951    433.154     3.5342   3.214550    34.7730    27.6529 0.0000e+00
       1952    433.153     3.5339   3.214492    34.7726    27.6526 0.0000e+00
       1953    433.125     3.5334   3.214443    34.7725    27.6526 0.0000e+00
       1954    433.082     3.5331   3.214424    34.7727    27.6528 0.0000e+00
       1955    433.044     3.5329   3.214413    34.7728    27.6529 0.0000e+00
       1956    433.032     3.5328   3.214411    34.7729    27.6529 0.0000e+00
       1957    433.053     3.5328   3.214413    34.7729    27.6530 0.0000e+00
       1958    433.087     3.5328   3.214417    34.7729    27.6530 0.0000e+00
       1959    433.109     3.5328   3.214421    34.7729    27.6530 0.0000e+00
       1960    433.113     3.5328   3.214428    34.7730    27.6531 0.0000e+00
       1961    433.109     3.5329   3.214438    34.7730    27.6531 0.0000e+00
       1962    433.113     3.5331   3.214452    34.7730    27.6530 0.0000e+00
       1963    433.130     3.5332   3.214464    34.7730    27.6530 0.0000e+00
       1964    433.145     3.5332   3.214466    34.7730    27.6530 0.0000e+00
       1965    433.146     3.5332   3.214459    34.7729    27.6530 0.0000e+00
       1966    433.141     3.5331   3.214444    34.7729    27.6529 0.0000e+00
       1967    433.141     3.5329   3.214433    34.7730    27.6530 0.0000e+00
       1968    433.150     3.5328   3.214431    34.7730    27.6531 0.0000e+00
       1969    433.159     3.5328   3.214443    34.7732    27.6532 0.0000e+00
       1970    433.150     3.5330   3.214465    34.7732    27.6532 0.0000e+00
       1971    433.112     3.5332   3.214486    34.7733    27.6532 0.0000e+00
       1972    433.046     3.5335   3.214498    34.7731    27.6531 0.0000e+00
       1973    432.969     3.5336   3.214499    34.7731    27.6531 0.0000e+00
       1974    432.918     3.5336   3.214496    34.7731    27.6530 0.0000e+00
       1975    432.918     3.5336   3.214498    34.7731    27.6531 0.0000e+00
       1976    432.952     3.5336   3.214508    34.7732    27.6531 0.0000e+00
       1977    432.965     3.5337   3.214514    34.7732    27.6531 0.0000e+00
       1978    432.912     3.5337   3.214510    34.7731    27.6531 0.0000e+00
       1979    432.812     3.5337   3.214501    34.7731    27.6530 0.0000e+00
       1980    432.729     3.5337   3.214496    34.7731    27.6530 0.0000e+00
       1981    432.706     3.5337   3.214494    34.7731    27.6530 0.0000e+00
       1982    432.734     3.5337   3.214494    34.7731    27.6530 0.0000e+00
       1983    432.776     3.5336   3.214493    34.7731    27.6531 0.0000e+00
       1984    432.801     3.5336   3.214494    34.7731    27.6531 0.0000e+00
       1985    432.804     3.5336   3.214495    34.7731    27.6531 0.0000e+00
       1986    432.800     3.5336   3.214495    34.7731    27.6531 0.0000e+00
       1987    432.803     3.5337   3.214494    34.7730    27.6530 0.0000e+00
       1988    432.813     3.5336   3.214489    34.7731    27.6530 0.0000e+00
       1989    432.819     3.5336   3.214471    34.7728    27.6528 0.0000e+00
       1990    432.813     3.5334   3.214441    34.7727    27.6528 0.0000e+00
       1991    432.800     3.5331   3.214413    34.7727    27.6528 0.0000e+00
       1992    432.790     3.5329   3.214397    34.7727    27.6528 0.0000e+00
       1993    432.796     3.5327   3.214375    34.7727    27.6528 0.0000e+00
       1994    432.811     3.5324   3.214336    34.7725    27.6527 0.0000e+00
       1995    432.816     3.5320   3.214292    34.7724    27.6527 0.0000e+00
       1996    432.816     3.5317   3.214261    34.7723    27.6526 0.0000e+00
       1997    432.822     3.5314   3.214256    34.7726    27.6529 0.0000e+00
       1998    432.826     3.5314   3.214278    34.7729    27.6531 0.0000e+00
       1999    432.817     3.5316   3.214307    34.7730    27.6532 0.0000e+00
       2000    432.798     3.5318   3.214326    34.7730    27.6532 0.0000e+00
       2001    432.786     3.5320   3.214341    34.7730    27.6531 0.0000e+00
       2002    432.792     3.5323   3.214350    34.7728    27.6529 0.0000e+00
       2003    432.804     3.5322   3.214344    34.7728    27.6530 0.0000e+00
       2004    432.810     3.5320   3.214320    34.7727    27.6529 0.0000e+00
       2005    432.806     3.5318   3.214304    34.7728    27.6530 0.0000e+00
       2006    432.794     3.5318   3.214319    34.7729    27.6531 0.0000e+00
       2007    432.771     3.5320   3.214352    34.7731    27.6532 0.0000e+00
       2008    432.735     3.5324   3.214379    34.7731    27.6531 0.0000e+00
       2009    432.698     3.5326   3.214387    34.7730    27.6530 0.0000e+00
       2010    432.673     3.5327   3.214389    34.7729    27.6530 0.0000e+00
       2011    432.672     3.5327   3.214387    34.7729    27.6530 0.0000e+00
       2012    432.693     3.5327   3.214384    34.7728    27.6529 0.0000e+00
       2013    432.716     3.5327   3.214362    34.7725    27.6527 0.0000e+00
       2014    432.723     3.5324   3.214323    34.7724    27.6526 0.0000e+00
       2015    432.710     3.5320   3.214301    34.7726    27.6528 0.0000e+00
       2016    432.684     3.5318   3.214301    34.7728    27.6530 0.0000e+00
       2017    432.652     3.5318   3.214301    34.7728    27.6530 0.0000e+00
       2018    432.623     3.5318   3.214293    34.7727    27.6529 0.0000e+00
       2019    432.609     3.5318   3.214286    34.7726    27.6529 0.0000e+00
       2020    432.616     3.5318   3.214291    34.7727    27.6529 0.0000e+00
       2021    432.629     3.5319   3.214290    34.7726    27.6528 0.0000e+00
       2022    432.627     3.5318   3.214264    34.7724    27.6527 0.0000e+00
       2023    432.606     3.5315   3.214225    34.7722    27.6526 0.0000e+00
       2024    432.581     3.5312   3.214192    34.7722    27.6526 0.0000e+00
       2025    432.569     3.5309   3.214183    34.7724    27.6528 0.0000e+00
       2026    432.576     3.5310   3.214197    34.7724    27.6528 0.0000e+00
       2027    432.590     3.5313   3.214234    34.7726    27.6529 0.0000e+00
       2028    432.593     3.5316   3.214282    34.7728    27.6530 0.0000e+00
       2029    432.566     3.5320   3.214317    34.7728    27.6530 0.0000e+00
       2030    432.511     3.5323   3.214325    34.7726    27.6528 0.0000e+00
       2031    432.452     3.5323   3.214321    34.7726    27.6528 0.0000e+00
       2032    432.420     3.5323   3.214318    34.7726    27.6528 0.0000e+00
       2033    432.428     3.5323   3.214315    34.7726    27.6528 0.0000e+00
       2034    432.462     3.5322   3.214291    34.7724    27.6526 0.0000e+00
       2035    432.490     3.5317   3.214226    34.7721    27.6524 0.0000e+00
       2036    432.491     3.5313   3.214165    34.7718    27.6522 0.0000e+00
       2037    432.469     3.5309   3.214166    34.7722    27.6526 0.0000e+00
       2038    432.431     3.5311   3.214214    34.7726    27.6529 0.0000e+00
       2039    432.387     3.5315   3.214248    34.7726    27.6529 0.0000e+00
       2040    432.362     3.5317   3.214256    34.7725    27.6528 0.0000e+00
       2041    432.376     3.5317   3.214250    34.7724    27.6527 0.0000e+00
       2042    432.421     3.5317   3.214236    34.7723    27.6526 0.0000e+00
       2043    432.469     3.5315   3.214213    34.7722    27.6525 0.0000e+00
       2044    432.495     3.5313   3.214173    34.7719    27.6523 0.0000e+00
       2045    432.494     3.5309   3.214124    34.7717    27.6522 0.0000e+00
       2046    432.473     3.5305   3.214089    34.7717    27.6523 0.0000e+00
       2047    432.444     3.5301   3.214069    34.7719    27.6525 0.0000e+00
       2048    432.423     3.5299   3.214058    34.7720    27.6526 0.0000e+00
       2049    432.425     3.5299   3.214061    34.7721    27.6526 0.0000e+00
       2050    432.451     3.5300   3.214075    34.7721    27.6526 0.0000e+00
       2051    432.488     3.5303   3.214113    34.7722    27.6527 0.0000e+00
