Datasets/Multi_Species/TEL214/tel214_2020_030.cnv
* Sea-Bird SBE19plus Data File:
* Filename = C:/AQUIRE/tel214_2020_030.hex
* Software Version AquireV2 AF V2.0
* Temperature SN =  7853
* Conductivity SN =  7853
* System UpLoad Time = Nov 15 2020 07:48:08
* <ApplicationData>
* <AQUIREV2>
** VESSEL/TRIP/SEQ STN: tel214_2020_030
** LATITUDE: 53 08.83 N
** LONGITUDE: 52 29.65 W
** DATE/TIME: 2020-11-15 06:24
** SOUNDING DEPTH (M): 0434
** PROBE TYPE: S7853
** CTD NUMBER: 030
** COMMENTS: 
# nquan = 7                                 
# nvalues = 4880                        
# units = specified
# name 0 = scan: Scan Count
# name 1 = prdM: Pressure, Strain Gauge [db]
# name 2 = tv290C: Temperature [ITS-90, deg C]
# name 3 = c0S/m: Conductivity [S/m]
# name 4 = sal00: Salinity, Practical [PSU]
# name 5 = sigma-t00: Density [sigma-t, kg/m^3 ]
# name 6 = flag: flag
# span 0 =          1,       4880       
# span 1 =     -1.083,    440.973       
# span 2 =     0.4658,     3.7550       
# span 3 =  -0.000109,   3.218792       
# span 4 =    -0.0010,    34.7809       
# span 5 =    -0.1277,    27.6623       
# span 6 = 0.0000e+00, 0.0000e+00       
# interval = seconds: 1
# start_time = Nov 15 2020 06:24:12 [Instrument's time stamp, header]
# bad_flag = -9.990e-29
*END*
[from data line 4308]
       4309      0.505     2.0232   2.973823    33.6714    26.9055 0.0000e+00
       4310      0.519     2.0240   2.973900    33.6715    26.9055 0.0000e+00
       4311      0.605     2.0244   2.973941    33.6716    26.9055 0.0000e+00
       4312      0.738     2.0247   2.973916    33.6709    26.9049 0.0000e+00
       4313      0.829     2.0253   2.973913    33.6701    26.9043 0.0000e+00
       4314      0.813     2.0264   2.973949    33.6694    26.9036 0.0000e+00
       4315      0.705     2.0274   2.973972    33.6687    26.9030 0.0000e+00
       4316      0.535     2.0275   2.974001    33.6691    26.9033 0.0000e+00
       4317      0.301     2.0271   2.973995    33.6695    26.9037 0.0000e+00
       4318      0.007     2.0263   2.973910    33.6695    26.9037 0.0000e+00
       4319     -0.293     2.0260   2.973855    33.6693    26.9036 0.0000e+00
       4320     -0.525     2.0263   2.973856    33.6691    26.9034 0.0000e+00
       4321     -0.662     2.0263   2.973793    33.6684    26.9028 0.0000e+00
       4322     -0.692     2.0257   2.973683    33.6677    26.9023 0.0000e+00
       4323     -0.649     2.0255   2.973674    33.6678    26.9024 0.0000e+00
       4324     -0.661     2.0262   2.973767    33.6682    26.9027 0.0000e+00
       4325     -0.760     2.0271   2.973806    33.6678    26.9023 0.0000e+00
       4326     -0.859     2.0273   2.973778    33.6673    26.9018 0.0000e+00
       4327     -0.917     2.0273   2.973769    33.6672    26.9018 0.0000e+00
       4328     -0.933     2.0273   2.973720    33.6666    26.9013 0.0000e+00
       4329     -0.916     2.0270   2.973134    33.6596    26.8957 0.0000e+00
       4330     -0.904     2.0261   2.971307    33.6377    26.8782 0.0000e+00
       4331     -0.910     2.0250   2.969976    33.6222    26.8659 0.0000e+00
       4332     -0.905     2.0240   2.965686    33.5696    26.8239 0.0000e+00
       4333     -0.888     2.0235   2.916720    32.9584    26.3344 0.0000e+00
       4334     -0.869     2.0238   2.876954    32.4624    25.9373 0.0000e+00
       4335     -0.849     2.0241   2.926586    33.0809    26.4325 0.0000e+00
       4336     -0.827     2.0238   2.971264    33.6395    26.8799 0.0000e+00
       4337     -0.805     2.0230   2.969604    33.6196    26.8640 0.0000e+00
       4338     -0.800     2.0224   2.953725    33.4217    26.7055 0.0000e+00
       4339     -0.804     2.0224   2.941106    33.2640    26.5792 0.0000e+00
       4340     -0.793     2.0225   2.956887    33.4611    26.7371 0.0000e+00
       4341     -0.776     2.0224   2.971012    33.6378    26.8786 0.0000e+00
       4342     -0.781     2.0222   2.970906    33.6367    26.8778 0.0000e+00
       4343     -0.803     2.0221   2.970839    33.6360    26.8772 0.0000e+00
       4344     -0.823     2.0221   2.968920    33.6120    26.8580 0.0000e+00
       4345     -0.852     2.0217   2.901754    32.7736    26.1866 0.0000e+00
       4346     -0.895     2.0211   2.372367    26.2624    20.9773 0.0000e+00
       4347     -0.917     2.0211   1.658192    17.7694    14.1916 0.0000e+00
       4348     -0.912     2.0223   1.611402    17.2249    13.7566 0.0000e+00
       4349     -0.907     2.0238   2.082552    22.7720    18.1877 0.0000e+00
       4350     -0.903     2.0248   2.609197    29.1501    23.2863 0.0000e+00
       4351     -0.902     2.0256   2.904335    32.8018    26.2088 0.0000e+00
       4352     -0.917     2.0259   2.836262    31.9542    25.5302 0.0000e+00
       4353     -0.940     2.0257   2.328339    25.7251    20.5476 0.0000e+00
       4354     -0.955     2.0259   1.699413    18.2471    14.5730 0.0000e+00
       4355     -0.963     2.0268   1.776243    19.1454    15.2904 0.0000e+00
       4356     -0.971     2.0278   2.160989    23.7076    18.9351 0.0000e+00
       4357     -0.984     2.0284   2.350639    25.9930    20.7615 0.0000e+00
       4358     -1.001     2.0288   2.660576    29.7783    23.7886 0.0000e+00
       4359     -1.013     2.0290   2.419008    26.8222    21.4245 0.0000e+00
       4360     -1.010     2.0297   1.529512    16.2732    12.9962 0.0000e+00
       4361     -0.997     2.0320   1.273546    13.3445    10.6563 0.0000e+00
       4362     -0.990     2.0348   1.298727    13.6288    10.8835 0.0000e+00
       4363     -0.998     2.0361   0.665834     6.6386     5.2911 0.0000e+00
       4364     -1.011     2.0360   0.112278     1.0065     0.7608 0.0000e+00
       4365     -1.020     2.0358   0.013841     0.1134     0.0365 0.0000e+00
       4366     -1.028     2.0356   0.000109     0.0002    -0.0558 0.0000e+00
       4367     -1.035     2.0354   0.000114     0.0003    -0.0557 0.0000e+00
       4368     -1.037     2.0351   0.000119     0.0003    -0.0557 0.0000e+00
       4369     -1.037     2.0349   0.000118     0.0003    -0.0557 0.0000e+00
       4370     -1.040     2.0347   0.000116     0.0003    -0.0558 0.0000e+00
       4371     -1.043     2.0347   0.000115     0.0003    -0.0558 0.0000e+00
       4372     -1.042     2.0345   0.000113     0.0003    -0.0558 0.0000e+00
       4373     -1.042     2.0342   0.000111     0.0003    -0.0558 0.0000e+00
       4374     -1.044     2.0336   0.000109     0.0002    -0.0558 0.0000e+00
       4375     -1.048     2.0326   0.000106     0.0002    -0.0559 0.0000e+00
       4376     -1.050     2.0312   0.000100     0.0002    -0.0559 0.0000e+00
       4377     -1.050     2.0266   0.000084     0.0001    -0.0562 0.0000e+00
       4378     -1.048     2.0159   0.000049    -0.0001    -0.0566 0.0000e+00
       4379     -1.046     2.0030   0.000013    -0.0003    -0.0570 0.0000e+00
       4380     -1.044     1.9944  -0.000006     0.0000    -0.0573 0.0000e+00
       4381     -1.043     1.9900  -0.000009     0.0000    -0.0574 0.0000e+00
       4382     -1.046     1.9868  -0.000006     0.0000    -0.0575 0.0000e+00
       4383     -1.050     1.9832  -0.000005     0.0000    -0.0577 0.0000e+00
       4384     -1.052     1.9801  -0.000003     0.0000    -0.0578 0.0000e+00
       4385     -1.051     1.9790   0.000007    -0.0003    -0.0578 0.0000e+00
       4386     -1.048     1.9793   0.000019    -0.0003    -0.0578 0.0000e+00
       4387     -1.046     1.9792   0.000030    -0.0002    -0.0578 0.0000e+00
       4388     -1.046     1.9773   0.000033    -0.0002    -0.0579 0.0000e+00
       4389     -1.045     1.9728   0.000027    -0.0003    -0.0580 0.0000e+00
       4390     -1.045     1.9644   0.000009    -0.0003    -0.0583 0.0000e+00
       4391     -1.047     1.9521  -0.000022     0.0000    -0.0587 0.0000e+00
       4392     -1.048     1.9393  -0.000052     0.0000    -0.0591 0.0000e+00
       4393     -1.048     1.9293  -0.000066     0.0000    -0.0595 0.0000e+00
       4394     -1.049     1.9213  -0.000070     0.0000    -0.0597 0.0000e+00
       4395     -1.050     1.9143  -0.000072     0.0000    -0.0600 0.0000e+00
       4396     -1.048     1.9094  -0.000069     0.0000    -0.0601 0.0000e+00
       4397     -1.045     1.9071  -0.000055     0.0000    -0.0602 0.0000e+00
       4398     -1.045     1.9056  -0.000041     0.0000    -0.0603 0.0000e+00
       4399     -1.046     1.9032  -0.000031     0.0000    -0.0604 0.0000e+00
       4400     -1.046     1.8990  -0.000029     0.0000    -0.0605 0.0000e+00
       4401     -1.045     1.8927  -0.000034     0.0000    -0.0607 0.0000e+00
       4402     -1.044     1.8859  -0.000041     0.0000    -0.0610 0.0000e+00
       4403     -1.043     1.8809  -0.000040     0.0000    -0.0611 0.0000e+00
       4404     -1.044     1.8778  -0.000033     0.0000    -0.0612 0.0000e+00
       4405     -1.046     1.8725  -0.000033     0.0000    -0.0614 0.0000e+00
       4406     -1.047     1.8632  -0.000046     0.0000    -0.0617 0.0000e+00
       4407     -1.048     1.8531  -0.000062     0.0000    -0.0621 0.0000e+00
       4408     -1.049     1.8446  -0.000069     0.0000    -0.0624 0.0000e+00
       4409     -1.048     1.8398  -0.000064     0.0000    -0.0626 0.0000e+00
       4410     -1.049     1.8420  -0.000038     0.0000    -0.0625 0.0000e+00
       4411     -1.050     1.8487   0.000002    -0.0004    -0.0623 0.0000e+00
       4412     -1.048     1.8541   0.000034    -0.0003    -0.0621 0.0000e+00
       4413     -1.045     1.8560   0.000049    -0.0002    -0.0620 0.0000e+00
       4414     -1.045     1.8532   0.000047    -0.0003    -0.0621 0.0000e+00
       4415     -1.046     1.8439   0.000022    -0.0004    -0.0624 0.0000e+00
       4416     -1.047     1.8308  -0.000012     0.0000    -0.0629 0.0000e+00
       4417     -1.050     1.8201  -0.000032     0.0000    -0.0633 0.0000e+00
       4418     -1.053     1.8108  -0.000047     0.0000    -0.0636 0.0000e+00
       4419     -1.054     1.7982  -0.000071     0.0000    -0.0641 0.0000e+00
       4420     -1.051     1.7839  -0.000097     0.0000    -0.0646 0.0000e+00
       4421     -1.047     1.7729  -0.000109     0.0000    -0.0650 0.0000e+00
       4422     -1.046     1.7668  -0.000103     0.0000    -0.0652 0.0000e+00
       4423     -1.049     1.7668  -0.000078     0.0000    -0.0652 0.0000e+00
       4424     -1.051     1.7731  -0.000036     0.0000    -0.0650 0.0000e+00
       4425     -1.052     1.7819   0.000012    -0.0005    -0.0647 0.0000e+00
       4426     -1.052     1.7895   0.000050    -0.0003    -0.0644 0.0000e+00
       4427     -1.051     1.7960   0.000078    -0.0001    -0.0641 0.0000e+00
       4428     -1.050     1.7997   0.000093    -0.0000    -0.0640 0.0000e+00
       4429     -1.048     1.7974   0.000089    -0.0001    -0.0641 0.0000e+00
       4430     -1.048     1.7912   0.000070    -0.0002    -0.0643 0.0000e+00
       4431     -1.048     1.7875   0.000063    -0.0002    -0.0644 0.0000e+00
       4432     -1.050     1.7898   0.000076    -0.0001    -0.0644 0.0000e+00
       4433     -1.052     1.7969   0.000104     0.0000    -0.0641 0.0000e+00
       4434     -1.052     1.8051   0.000132     0.0002    -0.0636 0.0000e+00
       4435     -1.050     1.8123   0.000154     0.0004    -0.0633 0.0000e+00
       4436     -1.049     1.8186   0.000170     0.0005    -0.0629 0.0000e+00
       4437     -1.050     1.8236   0.000180     0.0006    -0.0627 0.0000e+00
       4438     -1.052     1.8270   0.000183     0.0006    -0.0626 0.0000e+00
       4439     -1.052     1.8304   0.000188     0.0006    -0.0624 0.0000e+00
       4440     -1.050     1.8344   0.000192     0.0006    -0.0622 0.0000e+00
       4441     -1.049     1.8372   0.000191     0.0006    -0.0621 0.0000e+00
       4442     -1.051     1.8360   0.000177     0.0005    -0.0623 0.0000e+00
       4443     -1.050     1.8302   0.000150     0.0004    -0.0626 0.0000e+00
       4444     -1.046     1.8238   0.000124     0.0002    -0.0630 0.0000e+00
       4445     -1.046     1.8214   0.000114     0.0001    -0.0631 0.0000e+00
       4446     -1.052     1.8236   0.000121     0.0002    -0.0630 0.0000e+00
       4447     -1.056     1.8260   0.000130     0.0002    -0.0629 0.0000e+00
       4448     -1.057     1.8248   0.000123     0.0002    -0.0630 0.0000e+00
       4449     -1.057     1.8203   0.000106     0.0001    -0.0632 0.0000e+00
       4450     -1.055     1.8163   0.000093    -0.0000    -0.0634 0.0000e+00
       4451     -1.053     1.8158   0.000093    -0.0000    -0.0634 0.0000e+00
       4452     -1.050     1.8169   0.000099     0.0000    -0.0634 0.0000e+00
       4453     -1.046     1.8147   0.000093    -0.0000    -0.0635 0.0000e+00
       4454     -1.044     1.8090   0.000076    -0.0001    -0.0637 0.0000e+00
       4455     -1.044     1.8038   0.000063    -0.0002    -0.0639 0.0000e+00
       4456     -1.047     1.8024   0.000063    -0.0002    -0.0639 0.0000e+00
       4457     -1.053     1.8043   0.000076    -0.0001    -0.0638 0.0000e+00
       4458     -1.059     1.8052   0.000083    -0.0001    -0.0638 0.0000e+00
       4459     -1.061     1.8027   0.000078    -0.0001    -0.0639 0.0000e+00
       4460     -1.059     1.7981   0.000066    -0.0002    -0.0641 0.0000e+00
       4461     -1.054     1.7926   0.000052    -0.0003    -0.0643 0.0000e+00
       4462     -1.051     1.7877   0.000043    -0.0003    -0.0644 0.0000e+00
       4463     -1.053     1.7850   0.000042    -0.0003    -0.0645 0.0000e+00
       4464     -1.056     1.7840   0.000047    -0.0003    -0.0646 0.0000e+00
       4465     -1.055     1.7823   0.000049    -0.0003    -0.0646 0.0000e+00
       4466     -1.053     1.7805   0.000050    -0.0003    -0.0647 0.0000e+00
       4467     -1.053     1.7813   0.000059    -0.0002    -0.0647 0.0000e+00
       4468     -1.053     1.7845   0.000077    -0.0001    -0.0646 0.0000e+00
       4469     -1.053     1.7885   0.000094    -0.0000    -0.0644 0.0000e+00
       4470     -1.053     1.7930   0.000111     0.0001    -0.0642 0.0000e+00
       4471     -1.053     1.7980   0.000128     0.0002    -0.0639 0.0000e+00
       4472     -1.053     1.8027   0.000142     0.0003    -0.0637 0.0000e+00
       4473     -1.053     1.8058   0.000149     0.0003    -0.0635 0.0000e+00
       4474     -1.053     1.8059   0.000144     0.0003    -0.0635 0.0000e+00
       4475     -1.053     1.8039   0.000135     0.0002    -0.0637 0.0000e+00
       4476     -1.052     1.8018   0.000126     0.0002    -0.0638 0.0000e+00
       4477     -1.051     1.7979   0.000110     0.0001    -0.0640 0.0000e+00
       4478     -1.050     1.7917   0.000088    -0.0001    -0.0643 0.0000e+00
       4479     -1.051     1.7872   0.000074    -0.0002    -0.0645 0.0000e+00
       4480     -1.052     1.7879   0.000082    -0.0001    -0.0644 0.0000e+00
       4481     -1.051     1.7913   0.000098    -0.0000    -0.0643 0.0000e+00
       4482     -1.050     1.7936   0.000107     0.0001    -0.0642 0.0000e+00
       4483     -1.051     1.7947   0.000110     0.0001    -0.0641 0.0000e+00
       4484     -1.053     1.7952   0.000113     0.0001    -0.0641 0.0000e+00
       4485     -1.055     1.7950   0.000112     0.0001    -0.0641 0.0000e+00
       4486     -1.056     1.7939   0.000109     0.0001    -0.0642 0.0000e+00
       4487     -1.052     1.7913   0.000102     0.0000    -0.0643 0.0000e+00
       4488     -1.048     1.7869   0.000087    -0.0001    -0.0645 0.0000e+00
       4489     -1.048     1.7826   0.000074    -0.0002    -0.0646 0.0000e+00
       4490     -1.051     1.7815   0.000076    -0.0001    -0.0647 0.0000e+00
       4491     -1.055     1.7837   0.000089    -0.0001    -0.0646 0.0000e+00
       4492     -1.057     1.7863   0.000100     0.0000    -0.0645 0.0000e+00
       4493     -1.056     1.7866   0.000102     0.0000    -0.0645 0.0000e+00
       4494     -1.054     1.7852   0.000098    -0.0000    -0.0645 0.0000e+00
       4495     -1.054     1.7847   0.000099    -0.0000    -0.0645 0.0000e+00
       4496     -1.054     1.7860   0.000105     0.0000    -0.0645 0.0000e+00
       4497     -1.054     1.7858   0.000105     0.0000    -0.0645 0.0000e+00
       4498     -1.054     1.7816   0.000090    -0.0001    -0.0647 0.0000e+00
       4499     -1.054     1.7746   0.000069    -0.0002    -0.0649 0.0000e+00
       4500     -1.054     1.7683   0.000053    -0.0003    -0.0651 0.0000e+00
       4501     -1.054     1.7654   0.000049    -0.0003    -0.0653 0.0000e+00
       4502     -1.053     1.7657   0.000058    -0.0003    -0.0652 0.0000e+00
       4503     -1.052     1.7673   0.000071    -0.0002    -0.0652 0.0000e+00
       4504     -1.051     1.7680   0.000079    -0.0001    -0.0652 0.0000e+00
       4505     -1.054     1.7666   0.000079    -0.0001    -0.0652 0.0000e+00
       4506     -1.056     1.7624   0.000068    -0.0002    -0.0654 0.0000e+00
       4507     -1.053     1.7564   0.000052    -0.0003    -0.0656 0.0000e+00
       4508     -1.049     1.7507   0.000039    -0.0004    -0.0658 0.0000e+00
       4509     -1.049     1.7478   0.000038    -0.0004    -0.0659 0.0000e+00
       4510     -1.052     1.7485   0.000050    -0.0003    -0.0659 0.0000e+00
       4511     -1.055     1.7508   0.000066    -0.0002    -0.0658 0.0000e+00
       4512     -1.055     1.7525   0.000077    -0.0002    -0.0657 0.0000e+00
