Datasets/Multi_Species/TEL214/tel214_2020_004.cnv
* Sea-Bird SBE19plus Data File:
* Filename = C:/AQUIRE/tel214_2020_004.hex
* Software Version AquireV2 AF V2.0
* Temperature SN =  7853
* Conductivity SN =  7853
* System UpLoad Time = Nov 06 2020 20:47:14
* <ApplicationData>
* <AQUIREV2>
** VESSEL/TRIP/SEQ STN: tel214_2020_004
** LATITUDE: 52 51.35 N
** LONGITUDE: 05 06.39 W
** DATE/TIME: 2020-11-06 19:48
** SOUNDING DEPTH (M): 0253
** PROBE TYPE: S7853
** CTD NUMBER: 004
** COMMENTS: 
# nquan = 7                                 
# nvalues = 3370                        
# units = specified
# name 0 = scan: Scan Count
# name 1 = prdM: Pressure, Strain Gauge [db]
# name 2 = tv290C: Temperature [ITS-90, deg C]
# name 3 = c0S/m: Conductivity [S/m]
# name 4 = sal00: Salinity, Practical [PSU]
# name 5 = sigma-t00: Density [sigma-t, kg/m^3 ]
# name 6 = flag: flag
# span 0 =          1,       3370       
# span 1 =     -1.076,    250.832       
# span 2 =     1.0573,     3.0750       
# span 3 =   0.000087,   3.081516       
# span 4 =    -0.0004,    34.1509       
# span 5 =    -0.0882,    27.2660       
# span 6 = 0.0000e+00, 0.0000e+00       
# interval = seconds: 1
# start_time = Nov 06 2020 19:48:46 [Instrument's time stamp, header]
# bad_flag = -9.990e-29
*END*
[from data line 821]
        822     43.014     1.2934   2.871593    33.1320    26.5247 0.0000e+00
        823     43.661     1.3026   2.872503    33.1334    26.5253 0.0000e+00
        824     44.310     1.3087   2.873298    33.1367    26.5275 0.0000e+00
        825     44.962     1.3151   2.874174    33.1407    26.5303 0.0000e+00
        826     45.613     1.3230   2.875150    33.1444    26.5328 0.0000e+00
        827     46.254     1.3314   2.876114    33.1474    26.5346 0.0000e+00
        828     46.883     1.3383   2.877034    33.1514    26.5374 0.0000e+00
        829     47.509     1.3438   2.878354    33.1620    26.5456 0.0000e+00
        830     48.141     1.3498   2.880184    33.1786    26.5584 0.0000e+00
        831     48.784     1.3568   2.881860    33.1921    26.5688 0.0000e+00
        832     49.439     1.3624   2.883045    33.2008    26.5755 0.0000e+00
        833     50.101     1.3656   2.883854    33.2074    26.5805 0.0000e+00
        834     50.765     1.3665   2.884342    33.2122    26.5844 0.0000e+00
        835     51.428     1.3653   2.884636    33.2169    26.5882 0.0000e+00
        836     52.087     1.3628   2.884823    33.2215    26.5921 0.0000e+00
        837     52.740     1.3602   2.884863    33.2244    26.5946 0.0000e+00
        838     53.383     1.3569   2.884756    33.2262    26.5962 0.0000e+00
        839     54.021     1.3525   2.884615    33.2287    26.5985 0.0000e+00
        840     54.661     1.3476   2.884525    33.2324    26.6018 0.0000e+00
        841     55.306     1.3426   2.884496    33.2370    26.6058 0.0000e+00
        842     55.955     1.3378   2.884466    33.2413    26.6096 0.0000e+00
        843     56.610     1.3334   2.884391    33.2447    26.6126 0.0000e+00
        844     57.269     1.3296   2.884324    33.2475    26.6151 0.0000e+00
        845     57.930     1.3261   2.884324    33.2508    26.6180 0.0000e+00
        846     58.588     1.3233   2.884424    33.2547    26.6213 0.0000e+00
        847     59.238     1.3213   2.884619    33.2589    26.6249 0.0000e+00
        848     59.884     1.3196   2.884850    33.2633    26.6285 0.0000e+00
        849     60.531     1.3176   2.885062    33.2678    26.6322 0.0000e+00
        850     61.184     1.3151   2.885215    33.2720    26.6358 0.0000e+00
        851     61.848     1.3121   2.885274    33.2756    26.6388 0.0000e+00
        852     62.516     1.3085   2.885231    33.2785    26.6414 0.0000e+00
        853     63.186     1.3045   2.885093    33.2806    26.6434 0.0000e+00
        854     63.862     1.3001   2.884910    33.2825    26.6452 0.0000e+00
        855     64.541     1.2955   2.884767    33.2852    26.6477 0.0000e+00
        856     65.214     1.2912   2.884765    33.2894    26.6513 0.0000e+00
        857     65.879     1.2881   2.884941    33.2946    26.6557 0.0000e+00
        858     66.539     1.2870   2.885248    33.2993    26.6595 0.0000e+00
        859     67.199     1.2873   2.885645    33.3036    26.6630 0.0000e+00
        860     67.855     1.2884   2.886082    33.3077    26.6662 0.0000e+00
        861     68.510     1.2900   2.886490    33.3108    26.6686 0.0000e+00
        862     69.167     1.2919   2.886854    33.3130    26.6702 0.0000e+00
        863     69.829     1.2940   2.887188    33.3147    26.6714 0.0000e+00
        864     70.493     1.2961   2.887481    33.3158    26.6722 0.0000e+00
        865     71.160     1.2981   2.887763    33.3168    26.6729 0.0000e+00
        866     71.834     1.3001   2.888114    33.3188    26.6743 0.0000e+00
        867     72.517     1.3029   2.888643    33.3222    26.6769 0.0000e+00
        868     73.210     1.3086   2.889661    33.3287    26.6817 0.0000e+00
        869     73.908     1.3202   2.891442    33.3386    26.6889 0.0000e+00
        870     74.600     1.3375   2.893703    33.3485    26.6957 0.0000e+00
        871     75.278     1.3569   2.895949    33.3561    26.7005 0.0000e+00
        872     75.942     1.3763   2.898288    33.3647    26.7061 0.0000e+00
        873     76.597     1.3973   2.901314    33.3805    26.7173 0.0000e+00
        874     77.251     1.4238   2.904931    33.3978    26.7295 0.0000e+00
        875     77.907     1.4528   2.908002    33.4055    26.7337 0.0000e+00
        876     78.570     1.4771   2.910125    33.4062    26.7325 0.0000e+00
        877     79.248     1.4977   2.912302    33.4114    26.7353 0.0000e+00
        878     79.942     1.5220   2.915251    33.4225    26.7426 0.0000e+00
        879     80.643     1.5503   2.918546    33.4337    26.7496 0.0000e+00
        880     81.340     1.5799   2.921922    33.4445    26.7562 0.0000e+00
        881     82.029     1.6132   2.925663    33.4560    26.7630 0.0000e+00
        882     82.716     1.6491   2.929105    33.4609    26.7644 0.0000e+00
        883     83.405     1.6814   2.931870    33.4610    26.7622 0.0000e+00
        884     84.099     1.7142   2.935733    33.4745    26.7706 0.0000e+00
        885     84.791     1.7567   2.941191    33.4976    26.7861 0.0000e+00
        886     85.478     1.8045   2.946358    33.5115    26.7937 0.0000e+00
        887     86.161     1.8512   2.950995    33.5197    26.7969 0.0000e+00
        888     86.840     1.9014   2.956317    33.5328    26.8037 0.0000e+00
        889     87.514     1.9577   2.961971    33.5436    26.8081 0.0000e+00
        890     88.188     2.0076   2.966223    33.5435    26.8042 0.0000e+00
        891     88.869     2.0362   2.968401    33.5400    26.7993 0.0000e+00
        892     89.565     2.0453   2.969618    33.5452    26.8027 0.0000e+00
        893     90.272     2.0537   2.972031    33.5660    26.8187 0.0000e+00
        894     90.981     2.0802   2.976434    33.5925    26.8379 0.0000e+00
        895     91.694     2.1279   2.982331    33.6151    26.8523 0.0000e+00
        896     92.412     2.1911   2.989392    33.6357    26.8638 0.0000e+00
        897     93.122     2.2586   2.995842    33.6440    26.8652 0.0000e+00
        898     93.808     2.3126   2.999813    33.6358    26.8543 0.0000e+00
        899     94.472     2.3419   3.001035    33.6196    26.8390 0.0000e+00
        900     95.130     2.3464   3.000490    33.6078    26.8291 0.0000e+00
        901     95.801     2.3342   2.999612    33.6094    26.8314 0.0000e+00
        902     96.489     2.3134   2.998248    33.6141    26.8368 0.0000e+00
        903     97.174     2.2853   2.995446    33.6086    26.8347 0.0000e+00
        904     97.836     2.2497   2.991880    33.6016    26.8319 0.0000e+00
        905     98.478     2.2125   2.989201    33.6073    26.8394 0.0000e+00
        906     99.111     2.1845   2.988501    33.6278    26.8581 0.0000e+00
        907     99.739     2.1722   2.989293    33.6504    26.8771 0.0000e+00
        908    100.364     2.1704   2.990173    33.6629    26.8872 0.0000e+00
        909    100.985     2.1704   2.990731    33.6695    26.8925 0.0000e+00
        910    101.595     2.1681   2.991230    33.6778    26.8993 0.0000e+00
        911    102.194     2.1635   2.991757    33.6889    26.9086 0.0000e+00
        912    102.798     2.1582   2.992356    33.7016    26.9192 0.0000e+00
        913    103.420     2.1572   2.993776    33.7200    26.9340 0.0000e+00
        914    104.055     2.1681   2.996802    33.7458    26.9538 0.0000e+00
        915    104.679     2.1921   3.000415    33.7649    26.9672 0.0000e+00
        916    105.269     2.2201   3.003306    33.7708    26.9697 0.0000e+00
        917    105.837     2.2433   3.005409    33.7720    26.9688 0.0000e+00
        918    106.413     2.2591   3.006927    33.7737    26.9689 0.0000e+00
        919    107.012     2.2706   3.008277    33.7779    26.9714 0.0000e+00
        920    107.628     2.2829   3.009821    33.7837    26.9750 0.0000e+00
        921    108.242     2.2990   3.011589    33.7882    26.9773 0.0000e+00
        922    108.843     2.3179   3.013424    33.7906    26.9777 0.0000e+00
        923    109.429     2.3362   3.015086    33.7914    26.9769 0.0000e+00
        924    109.996     2.3540   3.017136    33.7976    26.9804 0.0000e+00
        925    110.541     2.3747   3.019756    33.8078    26.9869 0.0000e+00
        926    111.074     2.3960   3.022030    33.8131    26.9894 0.0000e+00
        927    111.609     2.4172   3.024582    33.8219    26.9947 0.0000e+00
        928    112.151     2.4501   3.029419    33.8465    27.0116 0.0000e+00
        929    112.705     2.5021   3.035642    33.8679    27.0244 0.0000e+00
        930    113.268     2.5576   3.040310    33.8664    27.0186 0.0000e+00
        931    113.836     2.5973   3.042662    33.8530    27.0045 0.0000e+00
        932    114.407     2.6128   3.042651    33.8362    26.9897 0.0000e+00
        933    114.982     2.5947   3.038475    33.8036    26.9652 0.0000e+00
        934    115.560     2.5270   3.028403    33.7507    26.9286 0.0000e+00
        935    116.135     2.4107   3.014989    33.7076    26.9038 0.0000e+00
        936    116.696     2.2810   3.003771    33.7056    26.9126 0.0000e+00
        937    117.239     2.1749   2.996758    33.7306    26.9411 0.0000e+00
        938    117.772     2.0989   2.992305    33.7556    26.9671 0.0000e+00
        939    118.304     2.0457   2.989636    33.7786    26.9896 0.0000e+00
        940    118.839     2.0146   2.988886    33.8021    27.0108 0.0000e+00
        941    119.373     2.0026   2.989151    33.8179    27.0244 0.0000e+00
        942    119.900     1.9987   2.989418    33.8252    27.0305 0.0000e+00
        943    120.425     1.9920   2.988589    33.8216    27.0282 0.0000e+00
        944    120.958     1.9741   2.986275    33.8115    27.0215 0.0000e+00
        945    121.507     1.9465   2.984259    33.8154    27.0267 0.0000e+00
        946    122.073     1.9215   2.983782    33.8359    27.0450 0.0000e+00
        947    122.644     1.9077   2.984136    33.8547    27.0612 0.0000e+00
        948    123.208     1.9024   2.984448    33.8640    27.0690 0.0000e+00
        949    123.760     1.8981   2.984353    33.8671    27.0718 0.0000e+00
        950    124.299     1.8908   2.983935    33.8694    27.0742 0.0000e+00
        951    124.824     1.8826   2.983625    33.8740    27.0785 0.0000e+00
        952    125.338     1.8771   2.983550    33.8786    27.0826 0.0000e+00
        953    125.846     1.8742   2.983503    33.8809    27.0846 0.0000e+00
        954    126.353     1.8721   2.983416    33.8817    27.0855 0.0000e+00
        955    126.866     1.8702   2.983328    33.8824    27.0861 0.0000e+00
        956    127.393     1.8687   2.983302    33.8834    27.0870 0.0000e+00
        957    127.938     1.8676   2.983401    33.8855    27.0888 0.0000e+00
        958    128.492     1.8668   2.983583    33.8883    27.0911 0.0000e+00
        959    129.046     1.8664   2.983757    33.8906    27.0930 0.0000e+00
        960    129.598     1.8657   2.983854    33.8923    27.0944 0.0000e+00
        961    130.145     1.8640   2.983849    33.8937    27.0957 0.0000e+00
        962    130.686     1.8616   2.983846    33.8959    27.0977 0.0000e+00
        963    131.222     1.8597   2.983926    33.8987    27.1000 0.0000e+00
        964    131.751     1.8584   2.984034    33.9011    27.1021 0.0000e+00
        965    132.273     1.8575   2.984176    33.9036    27.1041 0.0000e+00
        966    132.800     1.8575   2.984310    33.9050    27.1052 0.0000e+00
        967    133.349     1.8571   2.984267    33.9045    27.1049 0.0000e+00
        968    133.922     1.8546   2.984114    33.9050    27.1054 0.0000e+00
        969    134.510     1.8515   2.984302    33.9103    27.1100 0.0000e+00
        970    135.101     1.8522   2.985166    33.9201    27.1177 0.0000e+00
        971    135.686     1.8591   2.986517    33.9293    27.1246 0.0000e+00
        972    136.264     1.8699   2.987883    33.9346    27.1280 0.0000e+00
        973    136.836     1.8801   2.988869    33.9357    27.1281 0.0000e+00
        974    137.398     1.8871   2.989437    33.9350    27.1270 0.0000e+00
        975    137.946     1.8916   2.989841    33.9349    27.1266 0.0000e+00
        976    138.484     1.8954   2.990331    33.9367    27.1278 0.0000e+00
        977    139.018     1.8996   2.990876    33.9387    27.1291 0.0000e+00
        978    139.547     1.9038   2.991326    33.9395    27.1294 0.0000e+00
        979    140.063     1.9087   2.991978    33.9422    27.1312 0.0000e+00
        980    140.560     1.9178   2.993418    33.9502    27.1369 0.0000e+00
        981    141.034     1.9354   2.995929    33.9625    27.1454 0.0000e+00
        982    141.483     1.9615   2.999153    33.9747    27.1532 0.0000e+00
        983    141.909     1.9911   3.002405    33.9834    27.1579 0.0000e+00
        984    142.314     2.0193   3.005388    33.9902    27.1612 0.0000e+00
        985    142.698     2.0463   3.008157    33.9957    27.1634 0.0000e+00
        986    143.058     2.0726   3.010600    33.9978    27.1631 0.0000e+00
        987    143.396     2.0932   3.012248    33.9961    27.1601 0.0000e+00
        988    143.709     2.1029   3.012759    33.9920    27.1560 0.0000e+00
        989    143.994     2.1034   3.012522    33.9883    27.1530 0.0000e+00
        990    144.260     2.0999   3.012217    33.9881    27.1532 0.0000e+00
        991    144.512     2.0971   3.012138    33.9900    27.1549 0.0000e+00
        992    144.747     2.0961   3.012149    33.9910    27.1558 0.0000e+00
        993    144.963     2.0949   3.012011    33.9905    27.1555 0.0000e+00
        994    145.166     2.0917   3.011725    33.9902    27.1555 0.0000e+00
        995    145.355     2.0879   3.011506    33.9914    27.1568 0.0000e+00
        996    145.525     2.0857   3.011567    33.9945    27.1594 0.0000e+00
        997    145.676     2.0860   3.011862    33.9977    27.1620 0.0000e+00
        998    145.815     2.0874   3.012126    33.9995    27.1632 0.0000e+00
        999    145.944     2.0898   3.012424    34.0005    27.1639 0.0000e+00
       1000    146.062     2.0937   3.012961    34.0030    27.1656 0.0000e+00
       1001    146.172     2.0979   3.013445    34.0045    27.1664 0.0000e+00
       1002    146.273     2.1003   3.013595    34.0037    27.1656 0.0000e+00
       1003    146.354     2.1007   3.013618    34.0035    27.1655 0.0000e+00
       1004    146.416     2.0995   3.013641    34.0051    27.1668 0.0000e+00
       1005    146.471     2.0960   3.013592    34.0082    27.1696 0.0000e+00
       1006    146.521     2.0912   3.013531    34.0125    27.1734 0.0000e+00
       1007    146.564     2.0873   3.013520    34.0166    27.1769 0.0000e+00
       1008    146.598     2.0853   3.013532    34.0188    27.1789 0.0000e+00
       1009    146.616     2.0849   3.013558    34.0196    27.1795 0.0000e+00
       1010    146.620     2.0856   3.013594    34.0193    27.1793 0.0000e+00
       1011    146.616     2.0866   3.013630    34.0187    27.1787 0.0000e+00
       1012    146.611     2.0873   3.013685    34.0186    27.1786 0.0000e+00
       1013    146.609     2.0876   3.013763    34.0192    27.1791 0.0000e+00
       1014    146.606     2.0882   3.013786    34.0189    27.1787 0.0000e+00
       1015    146.592     2.0894   3.013678    34.0163    27.1765 0.0000e+00
       1016    146.567     2.0900   3.013459    34.0129    27.1738 0.0000e+00
       1017    146.542     2.0900   3.013264    34.0105    27.1719 0.0000e+00
       1018    146.524     2.0906   3.013197    34.0090    27.1706 0.0000e+00
       1019    146.511     2.0914   3.013172    34.0078    27.1696 0.0000e+00
       1020    146.496     2.0915   3.013106    34.0069    27.1689 0.0000e+00
       1021    146.480     2.0919   3.013119    34.0067    27.1687 0.0000e+00
       1022    146.467     2.0928   3.013148    34.0061    27.1681 0.0000e+00
       1023    146.452     2.0928   3.012848    34.0023    27.1651 0.0000e+00
       1024    146.435     2.0903   3.012229    33.9973    27.1613 0.0000e+00
       1025    146.423     2.0871   3.011772    33.9950    27.1597 0.0000e+00
