Datasets/Multi_Species/TEL214/tel214_2020_025.cnv
* Sea-Bird SBE19plus Data File:
* Filename = C:/AQUIRE/tel214_2020_025.hex
* Software Version AquireV2 AF V2.0
* Temperature SN =  7853
* Conductivity SN =  7853
* System UpLoad Time = Nov 14 2020 15:12:44
* <ApplicationData>
* <AQUIREV2>
** VESSEL/TRIP/SEQ STN: tel214_2020_025
** LATITUDE: 55 56.40 N
** LONGITUDE: 53 35.27 W
** DATE/TIME: 2020-11-14 14:07
** SOUNDING DEPTH (M): 0215
** PROBE TYPE: S7853
** CTD NUMBER:  25
** COMMENTS: 
# nquan = 7                                 
# nvalues = 3721                        
# units = specified
# name 0 = scan: Scan Count
# name 1 = prdM: Pressure, Strain Gauge [db]
# name 2 = tv290C: Temperature [ITS-90, deg C]
# name 3 = c0S/m: Conductivity [S/m]
# name 4 = sal00: Salinity, Practical [PSU]
# name 5 = sigma-t00: Density [sigma-t, kg/m^3 ]
# name 6 = flag: flag
# span 0 =          1,       3721       
# span 1 =     -1.047,    213.178       
# span 2 =    -0.5675,     2.8418       
# span 3 =   0.000091,   3.087044       
# span 4 =    -0.0019,    34.1033       
# span 5 =    -0.1989,    27.1850       
# span 6 = 0.0000e+00, 0.0000e+00       
# interval = seconds: 1
# start_time = Nov 14 2020 14:07:52 [Instrument's time stamp, header]
# bad_flag = -9.990e-29
*END*
[from data line 2667]
       2668    210.875     2.8321   3.086613    34.0900    27.1736 0.0000e+00
       2669    210.887     2.8321   3.086614    34.0900    27.1736 0.0000e+00
       2670    210.896     2.8321   3.086619    34.0901    27.1737 0.0000e+00
       2671    210.896     2.8322   3.086615    34.0899    27.1736 0.0000e+00
       2672    210.894     2.8323   3.086601    34.0897    27.1733 0.0000e+00
       2673    210.898     2.8323   3.086582    34.0894    27.1731 0.0000e+00
       2674    210.901     2.8323   3.086566    34.0892    27.1730 0.0000e+00
       2675    210.894     2.8324   3.086563    34.0891    27.1729 0.0000e+00
       2676    210.877     2.8325   3.086572    34.0891    27.1729 0.0000e+00
       2677    210.862     2.8324   3.086583    34.0893    27.1731 0.0000e+00
       2678    210.857     2.8324   3.086593    34.0895    27.1732 0.0000e+00
       2679    210.863     2.8323   3.086612    34.0898    27.1734 0.0000e+00
       2680    210.865     2.8323   3.086638    34.0901    27.1737 0.0000e+00
       2681    210.849     2.8323   3.086657    34.0904    27.1739 0.0000e+00
       2682    210.823     2.8322   3.086665    34.0906    27.1741 0.0000e+00
       2683    210.809     2.8322   3.086673    34.0907    27.1742 0.0000e+00
       2684    210.815     2.8322   3.086689    34.0909    27.1743 0.0000e+00
       2685    210.825     2.8322   3.086701    34.0910    27.1744 0.0000e+00
       2686    210.822     2.8323   3.086702    34.0909    27.1743 0.0000e+00
       2687    210.811     2.8323   3.086700    34.0909    27.1743 0.0000e+00
       2688    210.810     2.8323   3.086703    34.0909    27.1744 0.0000e+00
       2689    210.822     2.8323   3.086711    34.0910    27.1744 0.0000e+00
       2690    210.830     2.8323   3.086711    34.0910    27.1744 0.0000e+00
       2691    210.821     2.8322   3.086702    34.0910    27.1744 0.0000e+00
       2692    210.808     2.8321   3.086696    34.0911    27.1745 0.0000e+00
       2693    210.810     2.8321   3.086699    34.0911    27.1745 0.0000e+00
       2694    210.820     2.8321   3.086704    34.0912    27.1745 0.0000e+00
       2695    210.816     2.8321   3.086704    34.0912    27.1745 0.0000e+00
       2696    210.794     2.8321   3.086700    34.0911    27.1745 0.0000e+00
       2697    210.776     2.8321   3.086694    34.0911    27.1745 0.0000e+00
       2698    210.778     2.8322   3.086690    34.0909    27.1743 0.0000e+00
       2699    210.787     2.8323   3.086687    34.0908    27.1742 0.0000e+00
       2700    210.784     2.8323   3.086683    34.0907    27.1742 0.0000e+00
       2701    210.773     2.8323   3.086679    34.0907    27.1741 0.0000e+00
       2702    210.776     2.8323   3.086679    34.0907    27.1741 0.0000e+00
       2703    210.794     2.8323   3.086676    34.0906    27.1741 0.0000e+00
       2704    210.810     2.8323   3.086671    34.0906    27.1740 0.0000e+00
       2705    210.811     2.8323   3.086667    34.0905    27.1740 0.0000e+00
       2706    210.801     2.8323   3.086669    34.0905    27.1740 0.0000e+00
       2707    210.796     2.8323   3.086675    34.0906    27.1741 0.0000e+00
       2708    210.808     2.8324   3.086677    34.0905    27.1740 0.0000e+00
       2709    210.827     2.8324   3.086677    34.0905    27.1740 0.0000e+00
       2710    210.833     2.8324   3.086677    34.0905    27.1740 0.0000e+00
       2711    210.820     2.8324   3.086675    34.0905    27.1740 0.0000e+00
       2712    210.802     2.8324   3.086671    34.0905    27.1740 0.0000e+00
       2713    210.798     2.8326   3.086672    34.0903    27.1738 0.0000e+00
       2714    210.817     2.8327   3.086676    34.0902    27.1737 0.0000e+00
       2715    210.847     2.8327   3.086685    34.0903    27.1738 0.0000e+00
       2716    210.868     2.8325   3.086694    34.0906    27.1741 0.0000e+00
       2717    210.877     2.8324   3.086701    34.0908    27.1742 0.0000e+00
       2718    210.885     2.8324   3.086701    34.0908    27.1742 0.0000e+00
       2719    210.899     2.8324   3.086697    34.0907    27.1742 0.0000e+00
       2720    210.915     2.8325   3.086694    34.0906    27.1740 0.0000e+00
       2721    210.927     2.8327   3.086692    34.0903    27.1738 0.0000e+00
       2722    210.929     2.8327   3.086689    34.0903    27.1738 0.0000e+00
       2723    210.919     2.8329   3.086686    34.0900    27.1736 0.0000e+00
       2724    210.895     2.8331   3.086686    34.0898    27.1734 0.0000e+00
       2725    210.870     2.8331   3.086683    34.0898    27.1734 0.0000e+00
       2726    210.859     2.8331   3.086678    34.0898    27.1733 0.0000e+00
       2727    210.873     2.8331   3.086676    34.0897    27.1733 0.0000e+00
       2728    210.905     2.8331   3.086677    34.0897    27.1733 0.0000e+00
       2729    210.931     2.8331   3.086678    34.0897    27.1733 0.0000e+00
       2730    210.930     2.8331   3.086678    34.0897    27.1733 0.0000e+00
       2731    210.904     2.8331   3.086677    34.0897    27.1733 0.0000e+00
       2732    210.874     2.8331   3.086676    34.0897    27.1733 0.0000e+00
       2733    210.860     2.8330   3.086674    34.0898    27.1734 0.0000e+00
       2734    210.868     2.8329   3.086670    34.0899    27.1734 0.0000e+00
       2735    210.895     2.8328   3.086669    34.0900    27.1735 0.0000e+00
       2736    210.932     2.8327   3.086671    34.0901    27.1736 0.0000e+00
       2737    210.962     2.8327   3.086678    34.0901    27.1737 0.0000e+00
       2738    210.968     2.8327   3.086684    34.0902    27.1737 0.0000e+00
       2739    210.949     2.8327   3.086692    34.0903    27.1738 0.0000e+00
       2740    210.915     2.8327   3.086697    34.0904    27.1739 0.0000e+00
       2741    210.891     2.8327   3.086698    34.0904    27.1739 0.0000e+00
       2742    210.900     2.8327   3.086696    34.0904    27.1739 0.0000e+00
       2743    210.933     2.8327   3.086699    34.0904    27.1739 0.0000e+00
       2744    210.972     2.8326   3.086707    34.0906    27.1740 0.0000e+00
       2745    210.992     2.8325   3.086709    34.0907    27.1741 0.0000e+00
       2746    210.973     2.8325   3.086705    34.0907    27.1741 0.0000e+00
       2747    210.927     2.8326   3.086703    34.0906    27.1740 0.0000e+00
       2748    210.889     2.8327   3.086702    34.0905    27.1739 0.0000e+00
       2749    210.887     2.8327   3.086704    34.0905    27.1740 0.0000e+00
       2750    210.918     2.8327   3.086709    34.0905    27.1740 0.0000e+00
       2751    210.951     2.8327   3.086710    34.0905    27.1740 0.0000e+00
       2752    210.957     2.8327   3.086707    34.0905    27.1740 0.0000e+00
       2753    210.936     2.8327   3.086704    34.0905    27.1739 0.0000e+00
       2754    210.908     2.8327   3.086704    34.0905    27.1739 0.0000e+00
       2755    210.898     2.8327   3.086704    34.0905    27.1740 0.0000e+00
       2756    210.913     2.8327   3.086706    34.0905    27.1740 0.0000e+00
       2757    210.941     2.8327   3.086708    34.0905    27.1740 0.0000e+00
       2758    210.958     2.8327   3.086708    34.0905    27.1740 0.0000e+00
       2759    210.952     2.8327   3.086710    34.0905    27.1740 0.0000e+00
       2760    210.936     2.8327   3.086711    34.0906    27.1740 0.0000e+00
       2761    210.932     2.8329   3.086711    34.0903    27.1738 0.0000e+00
       2762    210.944     2.8330   3.086709    34.0902    27.1737 0.0000e+00
       2763    210.957     2.8331   3.086709    34.0901    27.1736 0.0000e+00
       2764    210.952     2.8331   3.086706    34.0901    27.1736 0.0000e+00
       2765    210.930     2.8331   3.086704    34.0900    27.1736 0.0000e+00
       2766    210.907     2.8331   3.086705    34.0901    27.1736 0.0000e+00
       2767    210.898     2.8331   3.086706    34.0901    27.1736 0.0000e+00
       2768    210.907     2.8331   3.086708    34.0901    27.1736 0.0000e+00
       2769    210.920     2.8331   3.086708    34.0901    27.1736 0.0000e+00
       2770    210.922     2.8332   3.086706    34.0900    27.1735 0.0000e+00
       2771    210.912     2.8334   3.086706    34.0898    27.1733 0.0000e+00
       2772    210.898     2.8335   3.086707    34.0897    27.1732 0.0000e+00
       2773    210.887     2.8335   3.086708    34.0897    27.1732 0.0000e+00
       2774    210.875     2.8335   3.086709    34.0897    27.1733 0.0000e+00
       2775    210.857     2.8335   3.086709    34.0897    27.1733 0.0000e+00
       2776    210.844     2.8335   3.086711    34.0898    27.1733 0.0000e+00
       2777    210.853     2.8337   3.086713    34.0896    27.1731 0.0000e+00
       2778    210.884     2.8337   3.086714    34.0896    27.1731 0.0000e+00
       2779    210.909     2.8337   3.086719    34.0896    27.1732 0.0000e+00
       2780    210.905     2.8337   3.086723    34.0897    27.1732 0.0000e+00
       2781    210.876     2.8337   3.086724    34.0897    27.1732 0.0000e+00
       2782    210.844     2.8337   3.086725    34.0897    27.1732 0.0000e+00
       2783    210.828     2.8337   3.086728    34.0898    27.1733 0.0000e+00
       2784    210.837     2.8337   3.086730    34.0898    27.1733 0.0000e+00
       2785    210.871     2.8338   3.086734    34.0897    27.1732 0.0000e+00
       2786    210.924     2.8339   3.086743    34.0897    27.1732 0.0000e+00
       2787    210.978     2.8339   3.086760    34.0899    27.1733 0.0000e+00
       2788    211.008     2.8339   3.086786    34.0902    27.1736 0.0000e+00
       2789    211.001     2.8339   3.086810    34.0905    27.1738 0.0000e+00
       2790    210.959     2.8341   3.086821    34.0904    27.1738 0.0000e+00
       2791    210.886     2.8341   3.086817    34.0904    27.1738 0.0000e+00
       2792    210.787     2.8342   3.086806    34.0902    27.1736 0.0000e+00
       2793    210.674     2.8343   3.086795    34.0900    27.1734 0.0000e+00
       2794    210.551     2.8346   3.086786    34.0897    27.1731 0.0000e+00
       2795    210.411     2.8349   3.086782    34.0894    27.1729 0.0000e+00
       2796    210.249     2.8349   3.086768    34.0893    27.1728 0.0000e+00
       2797    210.069     2.8349   3.086748    34.0892    27.1727 0.0000e+00
       2798    209.876     2.8349   3.086732    34.0891    27.1726 0.0000e+00
       2799    209.676     2.8347   3.086716    34.0892    27.1727 0.0000e+00
       2800    209.468     2.8346   3.086697    34.0892    27.1727 0.0000e+00
       2801    209.250     2.8346   3.086676    34.0890    27.1726 0.0000e+00
       2802    209.025     2.8347   3.086662    34.0889    27.1725 0.0000e+00
       2803    208.792     2.8350   3.086670    34.0888    27.1724 0.0000e+00
       2804    208.549     2.8354   3.086691    34.0888    27.1723 0.0000e+00
       2805    208.293     2.8358   3.086699    34.0886    27.1722 0.0000e+00
       2806    208.023     2.8360   3.086684    34.0883    27.1719 0.0000e+00
       2807    207.744     2.8359   3.086659    34.0883    27.1719 0.0000e+00
       2808    207.464     2.8357   3.086626    34.0882    27.1719 0.0000e+00
       2809    207.182     2.8354   3.086591    34.0883    27.1720 0.0000e+00
       2810    206.894     2.8350   3.086561    34.0885    27.1722 0.0000e+00
       2811    206.603     2.8347   3.086540    34.0887    27.1724 0.0000e+00
       2812    206.312     2.8347   3.086534    34.0888    27.1724 0.0000e+00
       2813    206.016     2.8350   3.086537    34.0887    27.1723 0.0000e+00
       2814    205.712     2.8353   3.086530    34.0885    27.1721 0.0000e+00
       2815    205.404     2.8354   3.086514    34.0883    27.1720 0.0000e+00
       2816    205.100     2.8354   3.086498    34.0883    27.1720 0.0000e+00
       2817    204.797     2.8354   3.086488    34.0883    27.1720 0.0000e+00
       2818    204.491     2.8356   3.086496    34.0884    27.1720 0.0000e+00
       2819    204.177     2.8361   3.086519    34.0883    27.1719 0.0000e+00
       2820    203.856     2.8367   3.086530    34.0880    27.1716 0.0000e+00
       2821    203.531     2.8370   3.086516    34.0877    27.1713 0.0000e+00
       2822    203.206     2.8370   3.086486    34.0875    27.1712 0.0000e+00
       2823    202.885     2.8367   3.086451    34.0876    27.1713 0.0000e+00
       2824    202.565     2.8364   3.086427    34.0878    27.1714 0.0000e+00
       2825    202.243     2.8364   3.086420    34.0879    27.1715 0.0000e+00
       2826    201.922     2.8367   3.086421    34.0877    27.1714 0.0000e+00
       2827    201.601     2.8369   3.086418    34.0877    27.1713 0.0000e+00
       2828    201.284     2.8372   3.086418    34.0875    27.1712 0.0000e+00
       2829    200.969     2.8375   3.086426    34.0875    27.1711 0.0000e+00
       2830    200.656     2.8377   3.086433    34.0875    27.1711 0.0000e+00
       2831    200.344     2.8380   3.086439    34.0874    27.1710 0.0000e+00
       2832    200.033     2.8382   3.086436    34.0874    27.1710 0.0000e+00
       2833    199.723     2.8384   3.086417    34.0871    27.1707 0.0000e+00
       2834    199.417     2.8384   3.086397    34.0870    27.1707 0.0000e+00
       2835    199.119     2.8384   3.086391    34.0871    27.1707 0.0000e+00
       2836    198.828     2.8385   3.086393    34.0872    27.1708 0.0000e+00
       2837    198.541     2.8388   3.086389    34.0870    27.1706 0.0000e+00
       2838    198.255     2.8389   3.086363    34.0867    27.1704 0.0000e+00
       2839    197.973     2.8386   3.086327    34.0867    27.1704 0.0000e+00
       2840    197.696     2.8384   3.086316    34.0870    27.1706 0.0000e+00
       2841    197.422     2.8385   3.086333    34.0872    27.1708 0.0000e+00
       2842    197.151     2.8389   3.086334    34.0870    27.1706 0.0000e+00
       2843    196.884     2.8391   3.086309    34.0866    27.1703 0.0000e+00
       2844    196.620     2.8392   3.086288    34.0864    27.1701 0.0000e+00
       2845    196.357     2.8394   3.086282    34.0862    27.1700 0.0000e+00
       2846    196.094     2.8396   3.086272    34.0860    27.1698 0.0000e+00
       2847    195.828     2.8396   3.086235    34.0857    27.1695 0.0000e+00
       2848    195.556     2.8394   3.086183    34.0855    27.1693 0.0000e+00
       2849    195.282     2.8388   3.086147    34.0858    27.1697 0.0000e+00
       2850    195.009     2.8381   3.086137    34.0866    27.1703 0.0000e+00
       2851    194.736     2.8378   3.086137    34.0870    27.1707 0.0000e+00
       2852    194.467     2.8377   3.086130    34.0872    27.1709 0.0000e+00
       2853    194.198     2.8377   3.086134    34.0874    27.1710 0.0000e+00
       2854    193.931     2.8382   3.086161    34.0874    27.1710 0.0000e+00
       2855    193.671     2.8389   3.086182    34.0870    27.1706 0.0000e+00
       2856    193.418     2.8395   3.086196    34.0867    27.1703 0.0000e+00
       2857    193.168     2.8400   3.086214    34.0865    27.1701 0.0000e+00
       2858    192.915     2.8407   3.086203    34.0858    27.1695 0.0000e+00
       2859    192.657     2.8413   3.086141    34.0845    27.1684 0.0000e+00
       2860    192.393     2.8414   3.086075    34.0838    27.1678 0.0000e+00
       2861    192.128     2.8415   3.086057    34.0836    27.1677 0.0000e+00
       2862    191.868     2.8414   3.086054    34.0838    27.1678 0.0000e+00
       2863    191.608     2.8411   3.086002    34.0836    27.1677 0.0000e+00
       2864    191.344     2.8408   3.085946    34.0834    27.1676 0.0000e+00
       2865    191.073     2.8407   3.085955    34.0838    27.1679 0.0000e+00
       2866    190.800     2.8409   3.086001    34.0843    27.1683 0.0000e+00
       2867    190.529     2.8413   3.086044    34.0845    27.1684 0.0000e+00
       2868    190.259     2.8417   3.086066    34.0845    27.1684 0.0000e+00
       2869    189.991     2.8418   3.086049    34.0843    27.1682 0.0000e+00
       2870    189.721     2.8417   3.085996    34.0839    27.1679 0.0000e+00
       2871    189.446     2.8413   3.085942    34.0839    27.1679 0.0000e+00
