Datasets/Multi_Species/TEL214/tel214_2020_020.cnv
* Sea-Bird SBE19plus Data File:
* Filename = C:/AQUIRE/tel214_2020_020.hex
* Software Version AquireV2 AF V2.0
* Temperature SN =  7853
* Conductivity SN =  7853
* System UpLoad Time = Nov 11 2020 20:36:02
* <ApplicationData>
* <AQUIREV2>
** VESSEL/TRIP/SEQ STN: tel214_2020_020
** LATITUDE: 54 28.73 N
** LONGITUDE: 53 25.22 W
** DATE/TIME: 2020-11-11 19:23
** SOUNDING DEPTH (M): 0440
** PROBE TYPE: S7853
** CTD NUMBER: 020
** COMMENTS: 
# nquan = 7                                 
# nvalues = 4188                        
# units = specified
# name 0 = scan: Scan Count
# name 1 = prdM: Pressure, Strain Gauge [db]
# name 2 = tv290C: Temperature [ITS-90, deg C]
# name 3 = c0S/m: Conductivity [S/m]
# name 4 = sal00: Salinity, Practical [PSU]
# name 5 = sigma-t00: Density [sigma-t, kg/m^3 ]
# name 6 = flag: flag
# span 0 =          1,       4188       
# span 1 =     -1.086,    441.240       
# span 2 =    -0.2009,     4.0881       
# span 3 =   0.000083,   3.265360       
# span 4 =    -0.0014,    34.7879       
# span 5 =    -0.1714,    27.6084       
# span 6 = 0.0000e+00, 0.0000e+00       
# interval = seconds: 1
# start_time = Nov 11 2020 19:23:31 [Instrument's time stamp, header]
# bad_flag = -9.990e-29
*END*
          1     -1.066    -0.1956   0.000126    -0.0013    -0.1710 0.0000e+00
          2     -1.071    -0.1956   0.000126    -0.0013    -0.1710 0.0000e+00
          3     -1.072    -0.1956   0.000125    -0.0013    -0.1710 0.0000e+00
          4     -1.070    -0.1956   0.000125    -0.0013    -0.1710 0.0000e+00
          5     -1.069    -0.1957   0.000125    -0.0013    -0.1711 0.0000e+00
          6     -1.070    -0.1959   0.000123    -0.0014    -0.1711 0.0000e+00
          7     -1.074    -0.1959   0.000123    -0.0014    -0.1711 0.0000e+00
          8     -1.078    -0.1960   0.000123    -0.0014    -0.1711 0.0000e+00
          9     -1.079    -0.1960   0.000123    -0.0014    -0.1711 0.0000e+00
         10     -1.076    -0.1960   0.000123    -0.0014    -0.1711 0.0000e+00
         11     -1.074    -0.1960   0.000124    -0.0013    -0.1711 0.0000e+00
         12     -1.074    -0.1960   0.000123    -0.0014    -0.1711 0.0000e+00
         13     -1.074    -0.1960   0.000122    -0.0014    -0.1711 0.0000e+00
         14     -1.075    -0.1960   0.000121    -0.0014    -0.1711 0.0000e+00
         15     -1.075    -0.1960   0.000122    -0.0014    -0.1711 0.0000e+00
         16     -1.074    -0.1961   0.000120    -0.0014    -0.1711 0.0000e+00
         17     -1.075    -0.1961   0.000121    -0.0014    -0.1711 0.0000e+00
         18     -1.075    -0.1961   0.000122    -0.0014    -0.1711 0.0000e+00
         19     -1.073    -0.1961   0.000123    -0.0014    -0.1711 0.0000e+00
         20     -1.072    -0.1961   0.000123    -0.0014    -0.1711 0.0000e+00
         21     -1.070    -0.1961   0.000123    -0.0014    -0.1711 0.0000e+00
         22     -1.068    -0.1961   0.000123    -0.0014    -0.1711 0.0000e+00
         23     -1.068    -0.1961   0.000123    -0.0014    -0.1711 0.0000e+00
         24     -1.068    -0.1961   0.000122    -0.0014    -0.1711 0.0000e+00
         25     -1.069    -0.1961   0.000123    -0.0014    -0.1711 0.0000e+00
         26     -1.069    -0.1961   0.000124    -0.0013    -0.1711 0.0000e+00
         27     -1.068    -0.1961   0.000124    -0.0013    -0.1711 0.0000e+00
         28     -1.068    -0.1961   0.000123    -0.0014    -0.1711 0.0000e+00
         29     -1.069    -0.1961   0.000123    -0.0014    -0.1711 0.0000e+00
         30     -1.070    -0.1961   0.000124    -0.0013    -0.1711 0.0000e+00
         31     -1.072    -0.1960   0.000125    -0.0013    -0.1711 0.0000e+00
         32     -1.073    -0.1960   0.000123    -0.0014    -0.1711 0.0000e+00
         33     -1.073    -0.1960   0.000123    -0.0014    -0.1711 0.0000e+00
         34     -1.073    -0.1960   0.000123    -0.0014    -0.1711 0.0000e+00
         35     -1.073    -0.1960   0.000123    -0.0014    -0.1711 0.0000e+00
         36     -1.074    -0.1959   0.000123    -0.0014    -0.1711 0.0000e+00
         37     -1.076    -0.1959   0.000123    -0.0014    -0.1711 0.0000e+00
         38     -1.077    -0.1959   0.000123    -0.0014    -0.1711 0.0000e+00
         39     -1.076    -0.1959   0.000124    -0.0013    -0.1711 0.0000e+00
         40     -1.074    -0.1959   0.000124    -0.0013    -0.1711 0.0000e+00
         41     -1.073    -0.1958   0.000124    -0.0013    -0.1711 0.0000e+00
         42     -1.073    -0.1956   0.000124    -0.0013    -0.1710 0.0000e+00
         43     -1.073    -0.1956   0.000125    -0.0013    -0.1710 0.0000e+00
         44     -1.073    -0.1956   0.000126    -0.0013    -0.1710 0.0000e+00
         45     -1.074    -0.1956   0.000127    -0.0013    -0.1710 0.0000e+00
         46     -1.075    -0.1955   0.000127    -0.0013    -0.1710 0.0000e+00
         47     -1.076    -0.1955   0.000127    -0.0013    -0.1710 0.0000e+00
         48     -1.072    -0.1955   0.000126    -0.0013    -0.1710 0.0000e+00
         49     -1.068    -0.1954   0.000126    -0.0013    -0.1710 0.0000e+00
         50     -1.067    -0.1954   0.000126    -0.0013    -0.1710 0.0000e+00
         51     -1.070    -0.1953   0.000126    -0.0013    -0.1710 0.0000e+00
         52     -1.072    -0.1953   0.000126    -0.0013    -0.1710 0.0000e+00
         53     -1.073    -0.1951   0.000126    -0.0013    -0.1710 0.0000e+00
         54     -1.073    -0.1951   0.000124    -0.0013    -0.1710 0.0000e+00
         55     -1.073    -0.1951   0.000124    -0.0013    -0.1710 0.0000e+00
         56     -1.073    -0.1950   0.000125    -0.0013    -0.1710 0.0000e+00
         57     -1.073    -0.1949   0.000127    -0.0013    -0.1710 0.0000e+00
         58     -1.073    -0.1947   0.000127    -0.0013    -0.1710 0.0000e+00
         59     -1.073    -0.1946   0.000127    -0.0013    -0.1710 0.0000e+00
         60     -1.072    -0.1946   0.000126    -0.0013    -0.1710 0.0000e+00
         61     -1.070    -0.1945   0.000125    -0.0013    -0.1710 0.0000e+00
         62     -1.068    -0.1943   0.000125    -0.0013    -0.1710 0.0000e+00
         63     -1.068    -0.1942   0.000125    -0.0013    -0.1709 0.0000e+00
         64     -1.069    -0.1941   0.000126    -0.0013    -0.1709 0.0000e+00
         65     -1.072    -0.1941   0.000126    -0.0013    -0.1709 0.0000e+00
         66     -1.073    -0.1941   0.000127    -0.0013    -0.1709 0.0000e+00
         67     -1.069    -0.1939   0.000127    -0.0013    -0.1709 0.0000e+00
         68     -1.067    -0.1938   0.000127    -0.0013    -0.1709 0.0000e+00
         69     -1.069    -0.1938   0.000127    -0.0013    -0.1709 0.0000e+00
         70     -1.069    -0.1936   0.000128    -0.0013    -0.1709 0.0000e+00
         71     -1.066    -0.1936   0.000127    -0.0013    -0.1709 0.0000e+00
         72     -1.065    -0.1935   0.000127    -0.0013    -0.1709 0.0000e+00
         73     -1.067    -0.1933   0.000129    -0.0013    -0.1709 0.0000e+00
         74     -1.071    -0.1933   0.000128    -0.0013    -0.1709 0.0000e+00
         75     -1.075    -0.1932   0.000128    -0.0013    -0.1709 0.0000e+00
         76     -1.077    -0.1931   0.000127    -0.0013    -0.1709 0.0000e+00
         77     -1.076    -0.1931   0.000128    -0.0013    -0.1709 0.0000e+00
         78     -1.074    -0.1929   0.000129    -0.0013    -0.1709 0.0000e+00
         79     -1.072    -0.1928   0.000129    -0.0013    -0.1708 0.0000e+00
         80     -1.070    -0.1926   0.000128    -0.0013    -0.1708 0.0000e+00
         81     -1.069    -0.1926   0.000128    -0.0013    -0.1708 0.0000e+00
         82     -1.070    -0.1925   0.000128    -0.0013    -0.1708 0.0000e+00
         83     -1.072    -0.1923   0.000127    -0.0013    -0.1708 0.0000e+00
         84     -1.072    -0.1923   0.000126    -0.0013    -0.1708 0.0000e+00
         85     -1.072    -0.1922   0.000127    -0.0013    -0.1708 0.0000e+00
         86     -1.069    -0.1921   0.000128    -0.0013    -0.1708 0.0000e+00
         87     -1.066    -0.1920   0.000129    -0.0013    -0.1708 0.0000e+00
         88     -1.065    -0.1918   0.000129    -0.0013    -0.1708 0.0000e+00
         89     -1.066    -0.1918   0.000129    -0.0013    -0.1708 0.0000e+00
         90     -1.065    -0.1916   0.000128    -0.0013    -0.1708 0.0000e+00
         91     -1.064    -0.1916   0.000127    -0.0013    -0.1708 0.0000e+00
         92     -1.064    -0.1915   0.000126    -0.0013    -0.1708 0.0000e+00
         93     -1.066    -0.1913   0.000127    -0.0013    -0.1707 0.0000e+00
         94     -1.069    -0.1913   0.000128    -0.0013    -0.1707 0.0000e+00
         95     -1.071    -0.1911   0.000128    -0.0013    -0.1707 0.0000e+00
         96     -1.071    -0.1911   0.000128    -0.0013    -0.1707 0.0000e+00
         97     -1.069    -0.1910   0.000127    -0.0013    -0.1707 0.0000e+00
         98     -1.065    -0.1908   0.000126    -0.0013    -0.1707 0.0000e+00
         99     -1.063    -0.1908   0.000126    -0.0013    -0.1707 0.0000e+00
        100     -1.063    -0.1906   0.000126    -0.0013    -0.1707 0.0000e+00
        101     -1.065    -0.1906   0.000126    -0.0013    -0.1707 0.0000e+00
        102     -1.067    -0.1906   0.000126    -0.0013    -0.1707 0.0000e+00
        103     -1.069    -0.1905   0.000127    -0.0013    -0.1707 0.0000e+00
        104     -1.073    -0.1903   0.000127    -0.0013    -0.1707 0.0000e+00
        105     -1.076    -0.1901   0.000126    -0.0013    -0.1707 0.0000e+00
        106     -1.075    -0.1901   0.000127    -0.0013    -0.1707 0.0000e+00
        107     -1.073    -0.1901   0.000127    -0.0013    -0.1707 0.0000e+00
        108     -1.072    -0.1899   0.000128    -0.0013    -0.1706 0.0000e+00
        109     -1.071    -0.1897   0.000128    -0.0013    -0.1706 0.0000e+00
        110     -1.067    -0.1896   0.000128    -0.0013    -0.1706 0.0000e+00
        111     -1.063    -0.1896   0.000128    -0.0013    -0.1706 0.0000e+00
        112     -1.062    -0.1895   0.000128    -0.0013    -0.1706 0.0000e+00
        113     -1.065    -0.1893   0.000128    -0.0013    -0.1706 0.0000e+00
        114     -1.069    -0.1891   0.000128    -0.0013    -0.1706 0.0000e+00
        115     -1.072    -0.1891   0.000128    -0.0013    -0.1706 0.0000e+00
        116     -1.073    -0.1891   0.000128    -0.0013    -0.1706 0.0000e+00
        117     -1.073    -0.1890   0.000128    -0.0013    -0.1706 0.0000e+00
        118     -1.073    -0.1889   0.000129    -0.0013    -0.1706 0.0000e+00
        119     -1.074    -0.1887   0.000129    -0.0013    -0.1706 0.0000e+00
        120     -1.076    -0.1886   0.000129    -0.0013    -0.1705 0.0000e+00
        121     -1.077    -0.1886   0.000128    -0.0013    -0.1705 0.0000e+00
        122     -1.075    -0.1884   0.000126    -0.0013    -0.1705 0.0000e+00
        123     -1.071    -0.1882   0.000126    -0.0013    -0.1705 0.0000e+00
        124     -1.068    -0.1880   0.000128    -0.0013    -0.1705 0.0000e+00
        125     -1.068    -0.1880   0.000127    -0.0013    -0.1705 0.0000e+00
        126     -1.071    -0.1880   0.000126    -0.0013    -0.1705 0.0000e+00
        127     -1.074    -0.1879   0.000127    -0.0013    -0.1705 0.0000e+00
        128     -1.076    -0.1878   0.000128    -0.0013    -0.1705 0.0000e+00
        129     -1.073    -0.1876   0.000128    -0.0013    -0.1705 0.0000e+00
        130     -1.070    -0.1875   0.000127    -0.0013    -0.1705 0.0000e+00
        131     -1.071    -0.1875   0.000126    -0.0013    -0.1705 0.0000e+00
        132     -1.072    -0.1873   0.000127    -0.0013    -0.1705 0.0000e+00
        133     -1.070    -0.1871   0.000128    -0.0013    -0.1704 0.0000e+00
        134     -1.069    -0.1870   0.000128    -0.0013    -0.1704 0.0000e+00
        135     -1.070    -0.1870   0.000128    -0.0013    -0.1704 0.0000e+00
        136     -1.071    -0.1868   0.000128    -0.0013    -0.1704 0.0000e+00
        137     -1.069    -0.1866   0.000128    -0.0013    -0.1704 0.0000e+00
        138     -1.066    -0.1865   0.000126    -0.0013    -0.1704 0.0000e+00
        139     -1.066    -0.1865   0.000127    -0.0013    -0.1704 0.0000e+00
        140     -1.069    -0.1864   0.000128    -0.0013    -0.1704 0.0000e+00
        141     -1.069    -0.1862   0.000128    -0.0013    -0.1704 0.0000e+00
        142     -1.067    -0.1860   0.000129    -0.0013    -0.1704 0.0000e+00
        143     -1.069    -0.1860   0.000128    -0.0013    -0.1704 0.0000e+00
        144     -1.072    -0.1858   0.000128    -0.0013    -0.1703 0.0000e+00
        145     -1.073    -0.1856   0.000129    -0.0013    -0.1703 0.0000e+00
        146     -1.074    -0.1855   0.000130    -0.0013    -0.1703 0.0000e+00
        147     -1.072    -0.1855   0.000129    -0.0013    -0.1703 0.0000e+00
        148     -1.067    -0.1855   0.000129    -0.0013    -0.1703 0.0000e+00
        149     -1.064    -0.1853   0.000128    -0.0013    -0.1703 0.0000e+00
        150     -1.065    -0.1851   0.000129    -0.0013    -0.1703 0.0000e+00
        151     -1.067    -0.1850   0.000129    -0.0013    -0.1703 0.0000e+00
        152     -1.068    -0.1850   0.000129    -0.0013    -0.1703 0.0000e+00
        153     -1.069    -0.1850   0.000129    -0.0013    -0.1703 0.0000e+00
        154     -1.070    -0.1848   0.000129    -0.0013    -0.1703 0.0000e+00
        155     -1.069    -0.1846   0.000129    -0.0013    -0.1703 0.0000e+00
        156     -1.070    -0.1845   0.000127    -0.0013    -0.1703 0.0000e+00
        157     -1.072    -0.1845   0.000126    -0.0013    -0.1703 0.0000e+00
        158     -1.073    -0.1844   0.000127    -0.0013    -0.1702 0.0000e+00
        159     -1.075    -0.1842   0.000129    -0.0013    -0.1702 0.0000e+00
        160     -1.076    -0.1840   0.000129    -0.0013    -0.1702 0.0000e+00
        161     -1.073    -0.1840   0.000128    -0.0013    -0.1702 0.0000e+00
        162     -1.071    -0.1840   0.000128    -0.0013    -0.1702 0.0000e+00
        163     -1.072    -0.1839   0.000129    -0.0013    -0.1702 0.0000e+00
        164     -1.074    -0.1839   0.000128    -0.0013    -0.1702 0.0000e+00
        165     -1.075    -0.1838   0.000128    -0.0013    -0.1702 0.0000e+00
        166     -1.070    -0.1836   0.000128    -0.0013    -0.1702 0.0000e+00
        167     -1.064    -0.1835   0.000127    -0.0013    -0.1702 0.0000e+00
        168     -1.064    -0.1835   0.000126    -0.0013    -0.1702 0.0000e+00
        169     -1.068    -0.1834   0.000129    -0.0013    -0.1702 0.0000e+00
        170     -1.068    -0.1834   0.000128    -0.0013    -0.1702 0.0000e+00
        171     -1.066    -0.1833   0.000128    -0.0013    -0.1702 0.0000e+00
        172     -1.067    -0.1832   0.000127    -0.0013    -0.1702 0.0000e+00
        173     -1.070    -0.1831   0.000127    -0.0013    -0.1702 0.0000e+00
        174     -1.072    -0.1830   0.000126    -0.0013    -0.1701 0.0000e+00
        175     -1.073    -0.1830   0.000125    -0.0013    -0.1701 0.0000e+00
        176     -1.073    -0.1830   0.000126    -0.0013    -0.1701 0.0000e+00
        177     -1.072    -0.1829   0.000127    -0.0013    -0.1701 0.0000e+00
        178     -1.070    -0.1829   0.000127    -0.0013    -0.1701 0.0000e+00
        179     -1.069    -0.1829   0.000128    -0.0013    -0.1701 0.0000e+00
        180     -1.070    -0.1828   0.000128    -0.0013    -0.1701 0.0000e+00
        181     -1.072    -0.1828   0.000128    -0.0013    -0.1701 0.0000e+00
        182     -1.072    -0.1827   0.000126    -0.0013    -0.1701 0.0000e+00
        183     -1.072    -0.1827   0.000124    -0.0013    -0.1701 0.0000e+00
        184     -1.070    -0.1827   0.000125    -0.0013    -0.1701 0.0000e+00
        185     -1.068    -0.1827   0.000127    -0.0013    -0.1701 0.0000e+00
        186     -1.068    -0.1827   0.000127    -0.0013    -0.1701 0.0000e+00
        187     -1.069    -0.1827   0.000127    -0.0013    -0.1701 0.0000e+00
        188     -1.070    -0.1827   0.000127    -0.0013    -0.1701 0.0000e+00
        189     -1.071    -0.1827   0.000126    -0.0013    -0.1701 0.0000e+00
        190     -1.070    -0.1828   0.000125    -0.0013    -0.1701 0.0000e+00
        191     -1.068    -0.1829   0.000125    -0.0013    -0.1701 0.0000e+00
        192     -1.068    -0.1829   0.000125    -0.0013    -0.1701 0.0000e+00
        193     -1.066    -0.1829   0.000126    -0.0013    -0.1701 0.0000e+00
        194     -1.063    -0.1830   0.000126    -0.0013    -0.1701 0.0000e+00
        195     -1.064    -0.1830   0.000126    -0.0013    -0.1701 0.0000e+00
        196     -1.069    -0.1830   0.000126    -0.0013    -0.1701 0.0000e+00
        197     -1.071    -0.1830   0.000126    -0.0013    -0.1701 0.0000e+00
        198     -1.070    -0.1832   0.000125    -0.0013    -0.1702 0.0000e+00
        199     -1.069    -0.1834   0.000125    -0.0013    -0.1702 0.0000e+00
        200     -1.069    -0.1835   0.000124    -0.0013    -0.1702 0.0000e+00
        201     -1.069    -0.1835   0.000125    -0.0013    -0.1702 0.0000e+00
        202     -1.066    -0.1835   0.000125    -0.0013    -0.1702 0.0000e+00
        203     -1.065    -0.1835   0.000125    -0.0013    -0.1702 0.0000e+00
        204     -1.066    -0.1837   0.000123    -0.0013    -0.1702 0.0000e+00
        205     -1.066    -0.1839   0.000123    -0.0013    -0.1702 0.0000e+00
