Datasets/Multi_Species/TEL214/tel214_2020_004.cnv
* Sea-Bird SBE19plus Data File:
* Filename = C:/AQUIRE/tel214_2020_004.hex
* Software Version AquireV2 AF V2.0
* Temperature SN =  7853
* Conductivity SN =  7853
* System UpLoad Time = Nov 06 2020 20:47:14
* <ApplicationData>
* <AQUIREV2>
** VESSEL/TRIP/SEQ STN: tel214_2020_004
** LATITUDE: 52 51.35 N
** LONGITUDE: 05 06.39 W
** DATE/TIME: 2020-11-06 19:48
** SOUNDING DEPTH (M): 0253
** PROBE TYPE: S7853
** CTD NUMBER: 004
** COMMENTS: 
# nquan = 7                                 
# nvalues = 3370                        
# units = specified
# name 0 = scan: Scan Count
# name 1 = prdM: Pressure, Strain Gauge [db]
# name 2 = tv290C: Temperature [ITS-90, deg C]
# name 3 = c0S/m: Conductivity [S/m]
# name 4 = sal00: Salinity, Practical [PSU]
# name 5 = sigma-t00: Density [sigma-t, kg/m^3 ]
# name 6 = flag: flag
# span 0 =          1,       3370       
# span 1 =     -1.076,    250.832       
# span 2 =     1.0573,     3.0750       
# span 3 =   0.000087,   3.081516       
# span 4 =    -0.0004,    34.1509       
# span 5 =    -0.0882,    27.2660       
# span 6 = 0.0000e+00, 0.0000e+00       
# interval = seconds: 1
# start_time = Nov 06 2020 19:48:46 [Instrument's time stamp, header]
# bad_flag = -9.990e-29
*END*
[from data line 1642]
       1643    244.831     2.1460   3.029012    34.0916    27.2324 0.0000e+00
       1644    244.820     2.1466   3.029070    34.0917    27.2324 0.0000e+00
       1645    244.796     2.1469   3.029097    34.0917    27.2324 0.0000e+00
       1646    244.773     2.1471   3.029100    34.0916    27.2323 0.0000e+00
       1647    244.760     2.1471   3.029092    34.0915    27.2322 0.0000e+00
       1648    244.757     2.1471   3.029076    34.0913    27.2321 0.0000e+00
       1649    244.758     2.1469   3.029055    34.0912    27.2320 0.0000e+00
       1650    244.763     2.1467   3.029033    34.0912    27.2320 0.0000e+00
       1651    244.775     2.1465   3.029019    34.0912    27.2320 0.0000e+00
       1652    244.792     2.1464   3.029027    34.0914    27.2322 0.0000e+00
       1653    244.807     2.1464   3.029058    34.0918    27.2325 0.0000e+00
       1654    244.816     2.1467   3.029101    34.0920    27.2327 0.0000e+00
       1655    244.813     2.1471   3.029150    34.0922    27.2328 0.0000e+00
       1656    244.793     2.1477   3.029202    34.0922    27.2327 0.0000e+00
       1657    244.767     2.1481   3.029243    34.0923    27.2328 0.0000e+00
       1658    244.751     2.1485   3.029282    34.0923    27.2328 0.0000e+00
       1659    244.752     2.1488   3.029338    34.0927    27.2331 0.0000e+00
       1660    244.756     2.1494   3.029405    34.0929    27.2332 0.0000e+00
       1661    244.750     2.1500   3.029456    34.0929    27.2331 0.0000e+00
       1662    244.736     2.1505   3.029507    34.0930    27.2332 0.0000e+00
       1663    244.724     2.1510   3.029575    34.0933    27.2334 0.0000e+00
       1664    244.720     2.1517   3.029661    34.0937    27.2336 0.0000e+00
       1665    244.718     2.1527   3.029806    34.0944    27.2341 0.0000e+00
       1666    244.707     2.1542   3.029986    34.0950    27.2345 0.0000e+00
       1667    244.683     2.1557   3.030098    34.0948    27.2342 0.0000e+00
       1668    244.653     2.1565   3.030111    34.0942    27.2336 0.0000e+00
       1669    244.626     2.1565   3.030069    34.0936    27.2332 0.0000e+00
       1670    244.609     2.1561   3.030024    34.0935    27.2331 0.0000e+00
       1671    244.603     2.1559   3.030019    34.0937    27.2333 0.0000e+00
       1672    244.602     2.1561   3.030095    34.0944    27.2338 0.0000e+00
       1673    244.592     2.1570   3.030293    34.0959    27.2350 0.0000e+00
       1674    244.568     2.1587   3.030519    34.0969    27.2357 0.0000e+00
       1675    244.529     2.1604   3.030640    34.0966    27.2353 0.0000e+00
       1676    244.474     2.1613   3.030670    34.0961    27.2348 0.0000e+00
       1677    244.408     2.1616   3.030686    34.0960    27.2347 0.0000e+00
       1678    244.346     2.1616   3.030710    34.0963    27.2349 0.0000e+00
       1679    244.301     2.1617   3.030746    34.0967    27.2352 0.0000e+00
       1680    244.268     2.1622   3.030801    34.0968    27.2353 0.0000e+00
       1681    244.233     2.1627   3.030843    34.0969    27.2353 0.0000e+00
       1682    244.192     2.1630   3.030876    34.0970    27.2353 0.0000e+00
       1683    244.159     2.1632   3.030907    34.0972    27.2355 0.0000e+00
       1684    244.139     2.1634   3.030914    34.0970    27.2354 0.0000e+00
       1685    244.119     2.1635   3.030889    34.0966    27.2350 0.0000e+00
       1686    244.086     2.1634   3.030839    34.0961    27.2346 0.0000e+00
       1687    244.043     2.1631   3.030795    34.0959    27.2345 0.0000e+00
       1688    244.003     2.1628   3.030769    34.0960    27.2346 0.0000e+00
       1689    243.975     2.1626   3.030751    34.0960    27.2346 0.0000e+00
       1690    243.965     2.1624   3.030763    34.0963    27.2349 0.0000e+00
       1691    243.968     2.1628   3.030833    34.0968    27.2352 0.0000e+00
       1692    243.961     2.1636   3.030950    34.0974    27.2356 0.0000e+00
       1693    243.932     2.1646   3.031053    34.0976    27.2357 0.0000e+00
       1694    243.896     2.1652   3.031095    34.0975    27.2356 0.0000e+00
       1695    243.877     2.1654   3.031112    34.0975    27.2356 0.0000e+00
       1696    243.882     2.1655   3.031145    34.0978    27.2358 0.0000e+00
       1697    243.896     2.1659   3.031203    34.0981    27.2360 0.0000e+00
       1698    243.899     2.1666   3.031300    34.0986    27.2363 0.0000e+00
       1699    243.885     2.1676   3.031420    34.0990    27.2366 0.0000e+00
       1700    243.862     2.1684   3.031522    34.0994    27.2369 0.0000e+00
       1701    243.847     2.1688   3.031599    34.0999    27.2373 0.0000e+00
       1702    243.852     2.1692   3.031697    34.1007    27.2379 0.0000e+00
       1703    243.872     2.1704   3.031862    34.1015    27.2384 0.0000e+00
       1704    243.886     2.1724   3.032054    34.1017    27.2384 0.0000e+00
       1705    243.877     2.1743   3.032202    34.1015    27.2381 0.0000e+00
       1706    243.854     2.1755   3.032275    34.1012    27.2377 0.0000e+00
       1707    243.841     2.1760   3.032301    34.1010    27.2375 0.0000e+00
       1708    243.845     2.1761   3.032310    34.1010    27.2375 0.0000e+00
       1709    243.861     2.1761   3.032312    34.1010    27.2375 0.0000e+00
       1710    243.887     2.1763   3.032299    34.1006    27.2372 0.0000e+00
       1711    243.916     2.1763   3.032267    34.1002    27.2369 0.0000e+00
       1712    243.934     2.1761   3.032227    34.0999    27.2366 0.0000e+00
       1713    243.929     2.1760   3.032197    34.0996    27.2364 0.0000e+00
       1714    243.914     2.1757   3.032181    34.0998    27.2366 0.0000e+00
       1715    243.914     2.1755   3.032177    34.0999    27.2367 0.0000e+00
       1716    243.943     2.1754   3.032199    34.1003    27.2370 0.0000e+00
       1717    243.990     2.1759   3.032272    34.1006    27.2372 0.0000e+00
       1718    244.030     2.1765   3.032311    34.1005    27.2371 0.0000e+00
       1719    244.055     2.1764   3.032197    34.0991    27.2360 0.0000e+00
       1720    244.068     2.1752   3.031971    34.0976    27.2349 0.0000e+00
       1721    244.082     2.1734   3.031750    34.0968    27.2344 0.0000e+00
       1722    244.112     2.1717   3.031594    34.0966    27.2344 0.0000e+00
       1723    244.163     2.1704   3.031494    34.0967    27.2346 0.0000e+00
       1724    244.218     2.1693   3.031468    34.0976    27.2353 0.0000e+00
       1725    244.253     2.1688   3.031509    34.0986    27.2362 0.0000e+00
       1726    244.256     2.1688   3.031528    34.0988    27.2364 0.0000e+00
       1727    244.238     2.1689   3.031514    34.0986    27.2362 0.0000e+00
       1728    244.227     2.1689   3.031500    34.0984    27.2360 0.0000e+00
       1729    244.250     2.1688   3.031474    34.0982    27.2358 0.0000e+00
       1730    244.307     2.1686   3.031456    34.0981    27.2358 0.0000e+00
       1731    244.364     2.1686   3.031506    34.0987    27.2363 0.0000e+00
       1732    244.399     2.1692   3.031633    34.0996    27.2370 0.0000e+00
       1733    244.418     2.1700   3.031767    34.1004    27.2376 0.0000e+00
       1734    244.445     2.1708   3.031853    34.1006    27.2377 0.0000e+00
       1735    244.497     2.1714   3.031912    34.1007    27.2377 0.0000e+00
       1736    244.571     2.1720   3.031968    34.1007    27.2376 0.0000e+00
       1737    244.637     2.1725   3.031974    34.1002    27.2372 0.0000e+00
       1738    244.670     2.1725   3.031879    34.0990    27.2362 0.0000e+00
       1739    244.676     2.1717   3.031742    34.0982    27.2356 0.0000e+00
       1740    244.677     2.1708   3.031657    34.0981    27.2356 0.0000e+00
       1741    244.691     2.1702   3.031619    34.0982    27.2358 0.0000e+00
       1742    244.730     2.1698   3.031576    34.0981    27.2357 0.0000e+00
       1743    244.800     2.1694   3.031569    34.0984    27.2360 0.0000e+00
       1744    244.880     2.1696   3.031692    34.0997    27.2370 0.0000e+00
       1745    244.944     2.1707   3.031901    34.1011    27.2380 0.0000e+00
       1746    244.995     2.1723   3.032103    34.1018    27.2385 0.0000e+00
       1747    245.044     2.1742   3.032299    34.1022    27.2386 0.0000e+00
       1748    245.087     2.1760   3.032494    34.1027    27.2389 0.0000e+00
       1749    245.120     2.1776   3.032673    34.1032    27.2391 0.0000e+00
       1750    245.153     2.1789   3.032819    34.1036    27.2394 0.0000e+00
       1751    245.198     2.1802   3.032994    34.1043    27.2399 0.0000e+00
       1752    245.250     2.1821   3.033246    34.1054    27.2406 0.0000e+00
       1753    245.294     2.1845   3.033508    34.1061    27.2409 0.0000e+00
       1754    245.329     2.1867   3.033755    34.1068    27.2413 0.0000e+00
       1755    245.367     2.1887   3.033949    34.1070    27.2413 0.0000e+00
       1756    245.417     2.1903   3.034067    34.1067    27.2410 0.0000e+00
       1757    245.475     2.1915   3.034187    34.1069    27.2410 0.0000e+00
       1758    245.529     2.1927   3.034317    34.1072    27.2412 0.0000e+00
       1759    245.573     2.1936   3.034408    34.1074    27.2412 0.0000e+00
       1760    245.618     2.1940   3.034452    34.1075    27.2413 0.0000e+00
       1761    245.670     2.1944   3.034470    34.1072    27.2410 0.0000e+00
       1762    245.724     2.1949   3.034477    34.1067    27.2406 0.0000e+00
       1763    245.775     2.1951   3.034478    34.1065    27.2404 0.0000e+00
       1764    245.821     2.1952   3.034524    34.1069    27.2408 0.0000e+00
       1765    245.865     2.1958   3.034639    34.1077    27.2413 0.0000e+00
       1766    245.913     2.1968   3.034761    34.1081    27.2416 0.0000e+00
       1767    245.963     2.1978   3.034840    34.1080    27.2414 0.0000e+00
       1768    246.015     2.1983   3.034819    34.1072    27.2407 0.0000e+00
       1769    246.072     2.1977   3.034644    34.1056    27.2395 0.0000e+00
       1770    246.131     2.1958   3.034354    34.1040    27.2384 0.0000e+00
       1771    246.180     2.1932   3.034027    34.1027    27.2375 0.0000e+00
       1772    246.212     2.1903   3.033707    34.1018    27.2370 0.0000e+00
       1773    246.233     2.1877   3.033435    34.1012    27.2368 0.0000e+00
       1774    246.258     2.1857   3.033261    34.1012    27.2369 0.0000e+00
       1775    246.301     2.1841   3.033105    34.1009    27.2368 0.0000e+00
       1776    246.366     2.1822   3.032894    34.1003    27.2365 0.0000e+00
       1777    246.441     2.1805   3.032791    34.1008    27.2370 0.0000e+00
       1778    246.503     2.1803   3.032980    34.1033    27.2391 0.0000e+00
       1779    246.535     2.1822   3.033328    34.1056    27.2407 0.0000e+00
       1780    246.536     2.1845   3.033540    34.1058    27.2407 0.0000e+00
       1781    246.532     2.1860   3.033578    34.1046    27.2397 0.0000e+00
       1782    246.556     2.1863   3.033565    34.1041    27.2392 0.0000e+00
       1783    246.621     2.1860   3.033483    34.1034    27.2387 0.0000e+00
       1784    246.707     2.1838   3.033031    34.1001    27.2362 0.0000e+00
       1785    246.779     2.1784   3.032169    34.0951    27.2326 0.0000e+00
       1786    246.816     2.1717   3.031495    34.0939    27.2322 0.0000e+00
       1787    246.829     2.1673   3.031303    34.0962    27.2344 0.0000e+00
       1788    246.846     2.1662   3.031299    34.0973    27.2354 0.0000e+00
       1789    246.893     2.1660   3.031204    34.0963    27.2346 0.0000e+00
       1790    246.973     2.1648   3.031022    34.0953    27.2339 0.0000e+00
       1791    247.059     2.1629   3.030905    34.0958    27.2344 0.0000e+00
       1792    247.118     2.1614   3.030856    34.0968    27.2353 0.0000e+00
       1793    247.154     2.1608   3.030837    34.0972    27.2357 0.0000e+00
       1794    247.194     2.1609   3.030838    34.0971    27.2356 0.0000e+00
       1795    247.249     2.1610   3.030820    34.0967    27.2353 0.0000e+00
       1796    247.308     2.1608   3.030825    34.0969    27.2355 0.0000e+00
       1797    247.357     2.1610   3.030893    34.0976    27.2360 0.0000e+00
       1798    247.403     2.1616   3.030989    34.0981    27.2363 0.0000e+00
       1799    247.458     2.1624   3.031121    34.0988    27.2369 0.0000e+00
       1800    247.516     2.1636   3.031312    34.0999    27.2376 0.0000e+00
       1801    247.571     2.1650   3.031466    34.1003    27.2378 0.0000e+00
       1802    247.624     2.1659   3.031503    34.0997    27.2373 0.0000e+00
       1803    247.677     2.1661   3.031457    34.0989    27.2367 0.0000e+00
       1804    247.727     2.1656   3.031396    34.0987    27.2365 0.0000e+00
       1805    247.772     2.1650   3.031350    34.0987    27.2366 0.0000e+00
       1806    247.820     2.1647   3.031316    34.0986    27.2365 0.0000e+00
       1807    247.883     2.1647   3.031296    34.0983    27.2363 0.0000e+00
       1808    247.958     2.1646   3.031283    34.0982    27.2362 0.0000e+00
       1809    248.032     2.1644   3.031288    34.0984    27.2364 0.0000e+00
       1810    248.093     2.1644   3.031346    34.0991    27.2370 0.0000e+00
       1811    248.139     2.1647   3.031436    34.0999    27.2376 0.0000e+00
       1812    248.181     2.1654   3.031521    34.1002    27.2377 0.0000e+00
       1813    248.234     2.1661   3.031588    34.1002    27.2377 0.0000e+00
       1814    248.305     2.1666   3.031637    34.1003    27.2377 0.0000e+00
       1815    248.381     2.1669   3.031653    34.1001    27.2376 0.0000e+00
       1816    248.438     2.1669   3.031621    34.0997    27.2372 0.0000e+00
       1817    248.464     2.1668   3.031576    34.0992    27.2368 0.0000e+00
       1818    248.467     2.1665   3.031531    34.0990    27.2367 0.0000e+00
       1819    248.471     2.1662   3.031497    34.0989    27.2366 0.0000e+00
       1820    248.490     2.1661   3.031495    34.0989    27.2367 0.0000e+00
       1821    248.520     2.1661   3.031517    34.0992    27.2369 0.0000e+00
       1822    248.548     2.1662   3.031570    34.0997    27.2373 0.0000e+00
       1823    248.572     2.1668   3.031679    34.1004    27.2378 0.0000e+00
       1824    248.605     2.1676   3.031775    34.1008    27.2380 0.0000e+00
       1825    248.654     2.1677   3.031647    34.0990    27.2366 0.0000e+00
       1826    248.723     2.1655   3.031184    34.0956    27.2340 0.0000e+00
       1827    248.807     2.1612   3.030632    34.0933    27.2325 0.0000e+00
       1828    248.890     2.1570   3.030295    34.0935    27.2331 0.0000e+00
       1829    248.957     2.1544   3.030174    34.0948    27.2343 0.0000e+00
       1830    249.005     2.1532   3.030142    34.0956    27.2351 0.0000e+00
       1831    249.041     2.1528   3.030124    34.0958    27.2352 0.0000e+00
       1832    249.070     2.1527   3.030109    34.0957    27.2352 0.0000e+00
       1833    249.096     2.1527   3.030117    34.0958    27.2352 0.0000e+00
       1834    249.133     2.1530   3.030134    34.0957    27.2351 0.0000e+00
       1835    249.187     2.1531   3.030130    34.0955    27.2350 0.0000e+00
       1836    249.244     2.1528   3.030123    34.0957    27.2351 0.0000e+00
       1837    249.284     2.1526   3.030110    34.0957    27.2352 0.0000e+00
       1838    249.300     2.1523   3.030083    34.0957    27.2352 0.0000e+00
       1839    249.294     2.1521   3.030072    34.0958    27.2353 0.0000e+00
       1840    249.278     2.1521   3.030083    34.0959    27.2354 0.0000e+00
       1841    249.273     2.1522   3.030104    34.0961    27.2355 0.0000e+00
       1842    249.307     2.1523   3.030079    34.0957    27.2351 0.0000e+00
       1843    249.379     2.1519   3.029975    34.0947    27.2344 0.0000e+00
       1844    249.454     2.1510   3.029879    34.0945    27.2343 0.0000e+00
       1845    249.500     2.1503   3.029845    34.0948    27.2346 0.0000e+00
       1846    249.519     2.1499   3.029841    34.0951    27.2349 0.0000e+00
