Datasets/Multi_Species/TEL214/tel214_2020_030.cnv
* Sea-Bird SBE19plus Data File:
* Filename = C:/AQUIRE/tel214_2020_030.hex
* Software Version AquireV2 AF V2.0
* Temperature SN =  7853
* Conductivity SN =  7853
* System UpLoad Time = Nov 15 2020 07:48:08
* <ApplicationData>
* <AQUIREV2>
** VESSEL/TRIP/SEQ STN: tel214_2020_030
** LATITUDE: 53 08.83 N
** LONGITUDE: 52 29.65 W
** DATE/TIME: 2020-11-15 06:24
** SOUNDING DEPTH (M): 0434
** PROBE TYPE: S7853
** CTD NUMBER: 030
** COMMENTS: 
# nquan = 7                                 
# nvalues = 4880                        
# units = specified
# name 0 = scan: Scan Count
# name 1 = prdM: Pressure, Strain Gauge [db]
# name 2 = tv290C: Temperature [ITS-90, deg C]
# name 3 = c0S/m: Conductivity [S/m]
# name 4 = sal00: Salinity, Practical [PSU]
# name 5 = sigma-t00: Density [sigma-t, kg/m^3 ]
# name 6 = flag: flag
# span 0 =          1,       4880       
# span 1 =     -1.083,    440.973       
# span 2 =     0.4658,     3.7550       
# span 3 =  -0.000109,   3.218792       
# span 4 =    -0.0010,    34.7809       
# span 5 =    -0.1277,    27.6623       
# span 6 = 0.0000e+00, 0.0000e+00       
# interval = seconds: 1
# start_time = Nov 15 2020 06:24:12 [Instrument's time stamp, header]
# bad_flag = -9.990e-29
*END*
[from data line 1847]
       1848     10.047     2.0802   2.979502    33.6764    26.9051 0.0000e+00
       1849     10.369     2.0815   2.979746    33.6779    26.9062 0.0000e+00
       1850     10.685     2.0836   2.980128    33.6802    26.9079 0.0000e+00
       1851     11.040     2.0861   2.980492    33.6819    26.9090 0.0000e+00
       1852     11.420     2.0881   2.980693    33.6821    26.9090 0.0000e+00
       1853     11.779     2.0897   2.980854    33.6822    26.9090 0.0000e+00
       1854     12.082     2.0921   2.981361    33.6858    26.9117 0.0000e+00
       1855     12.341     2.0961   2.982296    33.6931    26.9172 0.0000e+00
       1856     12.608     2.1016   2.983151    33.6978    26.9205 0.0000e+00
       1857     12.938     2.1067   2.983556    33.6972    26.9197 0.0000e+00
       1858     13.347     2.1100   2.983547    33.6933    26.9163 0.0000e+00
       1859     13.808     2.1112   2.983451    33.6906    26.9141 0.0000e+00
       1860     14.282     2.1123   2.983729    33.6926    26.9156 0.0000e+00
       1861     14.732     2.1155   2.984470    33.6982    26.9198 0.0000e+00
       1862     15.140     2.1211   2.985302    33.7024    26.9228 0.0000e+00
       1863     15.499     2.1268   2.985660    33.7006    26.9209 0.0000e+00
       1864     15.818     2.1286   2.985278    33.6938    26.9152 0.0000e+00
       1865     16.123     2.1252   2.984524    33.6878    26.9107 0.0000e+00
       1866     16.447     2.1192   2.983838    33.6854    26.9093 0.0000e+00
       1867     16.816     2.1136   2.983421    33.6860    26.9102 0.0000e+00
       1868     17.232     2.1108   2.983512    33.6899    26.9135 0.0000e+00
       1869     17.673     2.1136   2.984420    33.6980    26.9198 0.0000e+00
       1870     18.116     2.1223   2.985908    33.7070    26.9263 0.0000e+00
       1871     18.551     2.1342   2.987429    33.7131    26.9303 0.0000e+00
       1872     18.972     2.1474   2.988976    33.7181    26.9333 0.0000e+00
       1873     19.376     2.1607   2.990415    33.7217    26.9351 0.0000e+00
       1874     19.757     2.1720   2.991403    33.7218    26.9343 0.0000e+00
       1875     20.116     2.1797   2.991945    33.7202    26.9324 0.0000e+00
       1876     20.475     2.1837   2.992225    33.7192    26.9313 0.0000e+00
       1877     20.862     2.1851   2.992429    33.7200    26.9318 0.0000e+00
       1878     21.287     2.1863   2.992638    33.7211    26.9326 0.0000e+00
       1879     21.722     2.1883   2.992846    33.7213    26.9326 0.0000e+00
       1880     22.147     2.1902   2.993028    33.7213    26.9325 0.0000e+00
       1881     22.569     2.1917   2.993209    33.7218    26.9327 0.0000e+00
       1882     23.004     2.1933   2.993521    33.7237    26.9341 0.0000e+00
       1883     23.450     2.1962   2.993979    33.7261    26.9358 0.0000e+00
       1884     23.878     2.2001   2.994439    33.7274    26.9366 0.0000e+00
       1885     24.268     2.2041   2.994809    33.7276    26.9363 0.0000e+00
       1886     24.629     2.2074   2.995113    33.7276    26.9361 0.0000e+00
       1887     24.993     2.2096   2.995351    33.7281    26.9363 0.0000e+00
       1888     25.398     2.2103   2.995461    33.7285    26.9366 0.0000e+00
       1889     25.861     2.2103   2.995543    33.7292    26.9372 0.0000e+00
       1890     26.363     2.2108   2.995705    33.7304    26.9381 0.0000e+00
       1891     26.861     2.2126   2.995938    33.7311    26.9385 0.0000e+00
       1892     27.328     2.2150   2.996273    33.7325    26.9394 0.0000e+00
       1893     27.764     2.2182   2.996633    33.7333    26.9398 0.0000e+00
       1894     28.181     2.2212   2.996894    33.7331    26.9395 0.0000e+00
       1895     28.590     2.2235   2.997088    33.7329    26.9391 0.0000e+00
       1896     29.001     2.2251   2.997242    33.7329    26.9389 0.0000e+00
       1897     29.430     2.2262   2.997405    33.7335    26.9393 0.0000e+00
       1898     29.884     2.2276   2.997639    33.7347    26.9402 0.0000e+00
       1899     30.361     2.2294   2.997901    33.7357    26.9409 0.0000e+00
       1900     30.848     2.2313   2.998161    33.7367    26.9415 0.0000e+00
       1901     31.326     2.2333   2.998429    33.7376    26.9421 0.0000e+00
       1902     31.785     2.2354   2.998659    33.7380    26.9422 0.0000e+00
       1903     32.228     2.2371   2.998813    33.7379    26.9420 0.0000e+00
       1904     32.666     2.2383   2.998938    33.7379    26.9419 0.0000e+00
       1905     33.114     2.2393   2.999077    33.7383    26.9421 0.0000e+00
       1906     33.578     2.2401   2.999215    33.7389    26.9426 0.0000e+00
       1907     34.046     2.2409   2.999327    33.7392    26.9427 0.0000e+00
       1908     34.502     2.2415   2.999404    33.7392    26.9427 0.0000e+00
       1909     34.949     2.2417   2.999462    33.7395    26.9429 0.0000e+00
       1910     35.402     2.2417   2.999543    33.7403    26.9435 0.0000e+00
       1911     35.864     2.2423   2.999668    33.7409    26.9440 0.0000e+00
       1912     36.330     2.2434   2.999811    33.7413    26.9442 0.0000e+00
       1913     36.796     2.2446   2.999939    33.7413    26.9441 0.0000e+00
       1914     37.272     2.2455   3.000058    33.7416    26.9443 0.0000e+00
       1915     37.762     2.2465   3.000194    33.7419    26.9445 0.0000e+00
       1916     38.252     2.2475   3.000348    33.7425    26.9449 0.0000e+00
       1917     38.725     2.2485   3.000491    33.7430    26.9451 0.0000e+00
       1918     39.177     2.2493   3.000601    33.7432    26.9453 0.0000e+00
       1919     39.619     2.2500   3.000677    33.7432    26.9452 0.0000e+00
       1920     40.067     2.2506   3.000728    33.7429    26.9449 0.0000e+00
       1921     40.529     2.2510   3.000773    33.7428    26.9448 0.0000e+00
       1922     41.001     2.2512   3.000828    33.7430    26.9450 0.0000e+00
       1923     41.477     2.2515   3.000888    33.7432    26.9451 0.0000e+00
       1924     41.953     2.2519   3.000948    33.7432    26.9451 0.0000e+00
       1925     42.424     2.2523   3.001019    33.7434    26.9452 0.0000e+00
       1926     42.884     2.2529   3.001111    33.7437    26.9454 0.0000e+00
       1927     43.326     2.2535   3.001229    33.7442    26.9458 0.0000e+00
       1928     43.753     2.2545   3.001370    33.7447    26.9460 0.0000e+00
       1929     44.178     2.2555   3.001504    33.7451    26.9463 0.0000e+00
       1930     44.617     2.2564   3.001606    33.7451    26.9462 0.0000e+00
       1931     45.078     2.2572   3.001695    33.7451    26.9462 0.0000e+00
       1932     45.553     2.2578   3.001788    33.7454    26.9463 0.0000e+00
       1933     46.022     2.2586   3.001890    33.7455    26.9464 0.0000e+00
       1934     46.480     2.2594   3.001992    33.7457    26.9465 0.0000e+00
       1935     46.939     2.2601   3.002103    33.7461    26.9467 0.0000e+00
       1936     47.412     2.2612   3.002311    33.7472    26.9475 0.0000e+00
       1937     47.894     2.2634   3.002647    33.7488    26.9486 0.0000e+00
       1938     48.366     2.2666   3.003029    33.7499    26.9492 0.0000e+00
       1939     48.816     2.2698   3.003393    33.7507    26.9497 0.0000e+00
       1940     49.262     2.2727   3.003700    33.7512    26.9498 0.0000e+00
       1941     49.739     2.2753   3.003952    33.7513    26.9497 0.0000e+00
       1942     50.258     2.2777   3.004184    33.7514    26.9495 0.0000e+00
       1943     50.797     2.2801   3.004458    33.7519    26.9498 0.0000e+00
       1944     51.328     2.2830   3.004818    33.7530    26.9504 0.0000e+00
       1945     51.831     2.2864   3.005195    33.7538    26.9508 0.0000e+00
       1946     52.309     2.2896   3.005479    33.7537    26.9504 0.0000e+00
       1947     52.784     2.2920   3.005694    33.7535    26.9501 0.0000e+00
       1948     53.275     2.2938   3.005877    33.7536    26.9500 0.0000e+00
       1949     53.788     2.2952   3.006017    33.7536    26.9499 0.0000e+00
       1950     54.317     2.2962   3.006130    33.7536    26.9499 0.0000e+00
       1951     54.845     2.2973   3.006254    33.7537    26.9498 0.0000e+00
       1952     55.360     2.2983   3.006388    33.7540    26.9500 0.0000e+00
       1953     55.865     2.2990   3.006449    33.7537    26.9497 0.0000e+00
       1954     56.366     2.2990   3.006395    33.7528    26.9490 0.0000e+00
       1955     56.866     2.2983   3.006327    33.7524    26.9487 0.0000e+00
       1956     57.366     2.2976   3.006325    33.7529    26.9491 0.0000e+00
       1957     57.876     2.2974   3.006407    33.7538    26.9499 0.0000e+00
       1958     58.402     2.2980   3.006581    33.7550    26.9508 0.0000e+00
       1959     58.935     2.2992   3.006803    33.7562    26.9517 0.0000e+00
       1960     59.458     2.3010   3.007003    33.7565    26.9518 0.0000e+00
       1961     59.964     2.3026   3.007169    33.7566    26.9517 0.0000e+00
       1962     60.459     2.3039   3.007308    33.7566    26.9516 0.0000e+00
       1963     60.955     2.3049   3.007402    33.7565    26.9514 0.0000e+00
       1964     61.462     2.3056   3.007462    33.7562    26.9511 0.0000e+00
       1965     61.978     2.3061   3.007527    33.7562    26.9511 0.0000e+00
       1966     62.501     2.3067   3.007621    33.7564    26.9512 0.0000e+00
       1967     63.031     2.3073   3.007750    33.7571    26.9517 0.0000e+00
       1968     63.557     2.3081   3.007886    33.7576    26.9521 0.0000e+00
       1969     64.068     2.3091   3.007993    33.7576    26.9520 0.0000e+00
       1970     64.568     2.3099   3.008074    33.7575    26.9518 0.0000e+00
       1971     65.071     2.3105   3.008144    33.7574    26.9517 0.0000e+00
       1972     65.581     2.3109   3.008208    33.7575    26.9518 0.0000e+00
       1973     66.093     2.3112   3.008269    33.7577    26.9519 0.0000e+00
       1974     66.605     2.3116   3.008332    33.7577    26.9519 0.0000e+00
       1975     67.120     2.3118   3.008390    33.7579    26.9521 0.0000e+00
       1976     67.636     2.3121   3.008438    33.7579    26.9520 0.0000e+00
       1977     68.149     2.3123   3.008481    33.7580    26.9520 0.0000e+00
       1978     68.661     2.3125   3.008535    33.7581    26.9522 0.0000e+00
       1979     69.187     2.3129   3.008603    33.7583    26.9522 0.0000e+00
       1980     69.733     2.3132   3.008671    33.7585    26.9524 0.0000e+00
       1981     70.287     2.3136   3.008732    33.7585    26.9524 0.0000e+00
       1982     70.833     2.3139   3.008793    33.7586    26.9524 0.0000e+00
       1983     71.368     2.3142   3.008870    33.7590    26.9527 0.0000e+00
       1984     71.896     2.3147   3.008958    33.7592    26.9529 0.0000e+00
       1985     72.419     2.3153   3.009046    33.7594    26.9529 0.0000e+00
       1986     72.936     2.3160   3.009149    33.7597    26.9531 0.0000e+00
       1987     73.452     2.3167   3.009271    33.7601    26.9534 0.0000e+00
       1988     73.980     2.3176   3.009393    33.7604    26.9536 0.0000e+00
       1989     74.531     2.3184   3.009517    33.7608    26.9538 0.0000e+00
       1990     75.092     2.3193   3.009651    33.7612    26.9540 0.0000e+00
       1991     75.641     2.3203   3.009799    33.7616    26.9543 0.0000e+00
       1992     76.171     2.3215   3.009958    33.7620    26.9546 0.0000e+00
       1993     76.695     2.3225   3.010114    33.7626    26.9549 0.0000e+00
       1994     77.227     2.3236   3.010266    33.7630    26.9552 0.0000e+00
       1995     77.775     2.3249   3.010404    33.7631    26.9551 0.0000e+00
       1996     78.333     2.3259   3.010531    33.7633    26.9552 0.0000e+00
       1997     78.889     2.3268   3.010705    33.7642    26.9558 0.0000e+00
       1998     79.431     2.3287   3.011099    33.7667    26.9577 0.0000e+00
       1999     79.964     2.3332   3.011969    33.7725    26.9619 0.0000e+00
       2000     80.502     2.3410   3.013176    33.7788    26.9664 0.0000e+00
       2001     81.052     2.3504   3.014358    33.7832    26.9692 0.0000e+00
       2002     81.610     2.3602   3.015625    33.7882    26.9724 0.0000e+00
       2003     82.173     2.3717   3.017263    33.7960    26.9776 0.0000e+00
       2004     82.740     2.3866   3.019343    33.8056    26.9841 0.0000e+00
       2005     83.303     2.4064   3.021957    33.8167    26.9914 0.0000e+00
       2006     83.858     2.4309   3.025208    33.8306    27.0005 0.0000e+00
       2007     84.409     2.4576   3.028690    33.8450    27.0098 0.0000e+00
       2008     84.969     2.4845   3.032102    33.8583    27.0182 0.0000e+00
       2009     85.540     2.5132   3.035744    33.8726    27.0272 0.0000e+00
       2010     86.110     2.5437   3.039330    33.8841    27.0339 0.0000e+00
       2011     86.666     2.5713   3.042148    33.8893    27.0357 0.0000e+00
       2012     87.211     2.5927   3.044484    33.8951    27.0386 0.0000e+00
       2013     87.762     2.6117   3.046995    33.9056    27.0453 0.0000e+00
       2014     88.332     2.6319   3.049542    33.9152    27.0513 0.0000e+00
       2015     88.908     2.6527   3.051901    33.9219    27.0548 0.0000e+00
       2016     89.475     2.6736   3.054457    33.9308    27.0602 0.0000e+00
       2017     90.030     2.6970   3.057451    33.9425    27.0676 0.0000e+00
       2018     90.577     2.7218   3.060365    33.9517    27.0728 0.0000e+00
       2019     91.124     2.7453   3.063207    33.9614    27.0785 0.0000e+00
       2020     91.677     2.7696   3.066417    33.9748    27.0870 0.0000e+00
       2021     92.236     2.7961   3.069616    33.9856    27.0934 0.0000e+00
       2022     92.795     2.8224   3.072710    33.9953    27.0989 0.0000e+00
       2023     93.345     2.8486   3.075750    34.0045    27.1039 0.0000e+00
       2024     93.888     2.8720   3.077939    34.0062    27.1032 0.0000e+00
       2025     94.431     2.8870   3.079070    34.0039    27.1000 0.0000e+00
       2026     94.981     2.8943   3.079932    34.0064    27.1013 0.0000e+00
       2027     95.541     2.8998   3.080891    34.0120    27.1053 0.0000e+00
       2028     96.112     2.9057   3.081670    34.0149    27.1072 0.0000e+00
       2029     96.686     2.9105   3.082317    34.0174    27.1087 0.0000e+00
       2030     97.253     2.9143   3.082917    34.0204    27.1108 0.0000e+00
       2031     97.810     2.9177   3.083336    34.0217    27.1115 0.0000e+00
       2032     98.363     2.9204   3.083665    34.0225    27.1119 0.0000e+00
       2033     98.925     2.9228   3.084154    34.0256    27.1142 0.0000e+00
       2034     99.496     2.9277   3.085112    34.0318    27.1187 0.0000e+00
       2035    100.063     2.9371   3.086551    34.0391    27.1237 0.0000e+00
       2036    100.617     2.9507   3.088525    34.0485    27.1300 0.0000e+00
       2037    101.160     2.9671   3.090964    34.0606    27.1382 0.0000e+00
       2038    101.704     2.9855   3.093588    34.0729    27.1463 0.0000e+00
       2039    102.254     3.0069   3.096531    34.0858    27.1547 0.0000e+00
       2040    102.807     3.0320   3.099742    34.0981    27.1622 0.0000e+00
       2041    103.361     3.0586   3.103120    34.1107    27.1699 0.0000e+00
       2042    103.923     3.0847   3.106500    34.1239    27.1780 0.0000e+00
       2043    104.497     3.1097   3.109423    34.1327    27.1828 0.0000e+00
       2044    105.074     3.1330   3.111861    34.1374    27.1843 0.0000e+00
       2045    105.640     3.1537   3.113698    34.1375    27.1825 0.0000e+00
       2046    106.189     3.1695   3.114908    34.1352    27.1792 0.0000e+00
       2047    106.735     3.1801   3.116111    34.1383    27.1807 0.0000e+00
       2048    107.296     3.1891   3.117570    34.1462    27.1862 0.0000e+00
       2049    107.873     3.2010   3.119096    34.1518    27.1895 0.0000e+00
       2050    108.455     3.2158   3.120524    34.1531    27.1892 0.0000e+00
       2051    109.032     3.2295   3.121758    34.1533    27.1881 0.0000e+00
