Datasets/Multi_Species/TEL214/tel214_2020_028.cnv
* Sea-Bird SBE19plus Data File:
* Filename = C:/AQUIRE/tel214_2020_028.hex
* Software Version AquireV2 AF V2.0
* Temperature SN =  7853
* Conductivity SN =  7853
* System UpLoad Time = Nov 15 2020 01:57:06
* <ApplicationData>
* <AQUIREV2>
** VESSEL/TRIP/SEQ STN: tel214_2020_028
** LATITUDE: 53 30.76 N
** LONGITUDE: 52 34.09 W
** DATE/TIME: 2020-11-15 00:53
** SOUNDING DEPTH (M): 0343
** PROBE TYPE: S7853
** CTD NUMBER: 028
** COMMENTS: 
# nquan = 7                                 
# nvalues = 3646                        
# units = specified
# name 0 = scan: Scan Count
# name 1 = prdM: Pressure, Strain Gauge [db]
# name 2 = tv290C: Temperature [ITS-90, deg C]
# name 3 = c0S/m: Conductivity [S/m]
# name 4 = sal00: Salinity, Practical [PSU]
# name 5 = sigma-t00: Density [sigma-t, kg/m^3 ]
# name 6 = flag: flag
# span 0 =          1,       3646       
# span 1 =     -1.072,    344.650       
# span 2 =     0.2871,     4.0522       
# span 3 =   0.000030,   3.253040       
# span 4 =    -0.0015,    34.7557       
# span 5 =    -0.1386,    27.5895       
# span 6 = 0.0000e+00, 0.0000e+00       
# interval = seconds: 1
# start_time = Nov 15 2020 00:53:55 [Instrument's time stamp, header]
# bad_flag = -9.990e-29
*END*
[from data line 2052]
       2053    343.907     4.0282   3.252186    34.7455    27.5808 0.0000e+00
       2054    343.909     4.0282   3.252184    34.7455    27.5808 0.0000e+00
       2055    343.912     4.0282   3.252185    34.7455    27.5808 0.0000e+00
       2056    343.909     4.0281   3.252188    34.7456    27.5809 0.0000e+00
       2057    343.895     4.0282   3.252189    34.7455    27.5808 0.0000e+00
       2058    343.868     4.0282   3.252184    34.7455    27.5808 0.0000e+00
       2059    343.831     4.0282   3.252180    34.7455    27.5808 0.0000e+00
       2060    343.797     4.0282   3.252179    34.7455    27.5808 0.0000e+00
       2061    343.784     4.0282   3.252178    34.7455    27.5808 0.0000e+00
       2062    343.794     4.0282   3.252175    34.7454    27.5807 0.0000e+00
       2063    343.805     4.0282   3.252161    34.7452    27.5806 0.0000e+00
       2064    343.797     4.0280   3.252136    34.7452    27.5805 0.0000e+00
       2065    343.774     4.0278   3.252115    34.7451    27.5805 0.0000e+00
       2066    343.752     4.0277   3.252104    34.7451    27.5805 0.0000e+00
       2067    343.742     4.0276   3.252099    34.7452    27.5806 0.0000e+00
       2068    343.739     4.0277   3.252098    34.7451    27.5805 0.0000e+00
       2069    343.726     4.0278   3.252102    34.7450    27.5804 0.0000e+00
       2070    343.686     4.0278   3.252108    34.7451    27.5805 0.0000e+00
       2071    343.627     4.0278   3.252115    34.7452    27.5806 0.0000e+00
       2072    343.583     4.0278   3.252120    34.7453    27.5807 0.0000e+00
       2073    343.570     4.0278   3.252118    34.7453    27.5807 0.0000e+00
       2074    343.570     4.0277   3.252107    34.7453    27.5806 0.0000e+00
       2075    343.552     4.0277   3.252100    34.7452    27.5806 0.0000e+00
       2076    343.498     4.0278   3.252101    34.7451    27.5805 0.0000e+00
       2077    343.419     4.0278   3.252100    34.7451    27.5806 0.0000e+00
       2078    343.344     4.0278   3.252095    34.7451    27.5805 0.0000e+00
       2079    343.300     4.0278   3.252091    34.7451    27.5805 0.0000e+00
       2080    343.288     4.0278   3.252089    34.7451    27.5805 0.0000e+00
       2081    343.289     4.0277   3.252085    34.7451    27.5806 0.0000e+00
       2082    343.284     4.0275   3.252079    34.7453    27.5807 0.0000e+00
       2083    343.264     4.0275   3.252075    34.7452    27.5807 0.0000e+00
       2084    343.234     4.0275   3.252067    34.7452    27.5806 0.0000e+00
       2085    343.198     4.0275   3.252059    34.7451    27.5805 0.0000e+00
       2086    343.162     4.0275   3.252053    34.7450    27.5805 0.0000e+00
       2087    343.134     4.0275   3.252046    34.7450    27.5804 0.0000e+00
       2088    343.121     4.0275   3.252041    34.7449    27.5804 0.0000e+00
       2089    343.116     4.0275   3.252044    34.7450    27.5804 0.0000e+00
       2090    343.103     4.0275   3.252044    34.7450    27.5804 0.0000e+00
       2091    343.078     4.0274   3.252043    34.7451    27.5805 0.0000e+00
       2092    343.046     4.0273   3.252045    34.7452    27.5807 0.0000e+00
       2093    343.015     4.0274   3.252046    34.7451    27.5806 0.0000e+00
       2094    342.989     4.0274   3.252042    34.7451    27.5806 0.0000e+00
       2095    342.974     4.0274   3.252035    34.7450    27.5805 0.0000e+00
       2096    342.971     4.0274   3.252024    34.7449    27.5804 0.0000e+00
       2097    342.971     4.0272   3.252002    34.7449    27.5804 0.0000e+00
       2098    342.965     4.0269   3.251979    34.7449    27.5805 0.0000e+00
       2099    342.948     4.0267   3.251968    34.7450    27.5805 0.0000e+00
       2100    342.923     4.0267   3.251965    34.7450    27.5805 0.0000e+00
       2101    342.894     4.0266   3.251962    34.7451    27.5806 0.0000e+00
       2102    342.868     4.0266   3.251960    34.7450    27.5806 0.0000e+00
       2103    342.847     4.0266   3.251960    34.7451    27.5806 0.0000e+00
       2104    342.832     4.0267   3.251961    34.7450    27.5805 0.0000e+00
       2105    342.818     4.0267   3.251965    34.7450    27.5806 0.0000e+00
       2106    342.796     4.0267   3.251970    34.7451    27.5806 0.0000e+00
       2107    342.762     4.0267   3.251971    34.7451    27.5807 0.0000e+00
       2108    342.716     4.0267   3.251973    34.7452    27.5807 0.0000e+00
       2109    342.658     4.0267   3.251982    34.7453    27.5808 0.0000e+00
       2110    342.589     4.0267   3.251987    34.7454    27.5809 0.0000e+00
       2111    342.525     4.0267   3.251988    34.7455    27.5809 0.0000e+00
       2112    342.481     4.0268   3.251989    34.7454    27.5808 0.0000e+00
       2113    342.445     4.0270   3.251991    34.7452    27.5807 0.0000e+00
       2114    342.389     4.0271   3.251994    34.7452    27.5807 0.0000e+00
       2115    342.309     4.0271   3.251997    34.7453    27.5807 0.0000e+00
       2116    342.237     4.0271   3.251995    34.7453    27.5807 0.0000e+00
       2117    342.200     4.0271   3.251997    34.7453    27.5808 0.0000e+00
       2118    342.199     4.0271   3.252007    34.7454    27.5809 0.0000e+00
       2119    342.215     4.0271   3.252009    34.7454    27.5809 0.0000e+00
       2120    342.224     4.0271   3.252005    34.7454    27.5808 0.0000e+00
       2121    342.212     4.0271   3.251994    34.7453    27.5807 0.0000e+00
       2122    342.188     4.0271   3.251986    34.7452    27.5807 0.0000e+00
       2123    342.174     4.0271   3.251981    34.7451    27.5806 0.0000e+00
       2124    342.183     4.0271   3.251983    34.7452    27.5806 0.0000e+00
       2125    342.208     4.0271   3.251989    34.7452    27.5807 0.0000e+00
       2126    342.231     4.0271   3.252003    34.7454    27.5808 0.0000e+00
       2127    342.235     4.0272   3.252032    34.7456    27.5810 0.0000e+00
       2128    342.223     4.0274   3.252062    34.7458    27.5811 0.0000e+00
       2129    342.212     4.0275   3.252081    34.7459    27.5812 0.0000e+00
       2130    342.209     4.0277   3.252093    34.7458    27.5811 0.0000e+00
       2131    342.212     4.0280   3.252107    34.7457    27.5809 0.0000e+00
       2132    342.219     4.0281   3.252117    34.7457    27.5809 0.0000e+00
       2133    342.234     4.0281   3.252119    34.7457    27.5810 0.0000e+00
       2134    342.250     4.0281   3.252119    34.7457    27.5809 0.0000e+00
       2135    342.260     4.0281   3.252115    34.7456    27.5809 0.0000e+00
       2136    342.268     4.0279   3.252110    34.7458    27.5810 0.0000e+00
       2137    342.278     4.0278   3.252103    34.7458    27.5811 0.0000e+00
       2138    342.283     4.0278   3.252097    34.7457    27.5810 0.0000e+00
       2139    342.280     4.0278   3.252096    34.7457    27.5810 0.0000e+00
       2140    342.276     4.0278   3.252094    34.7457    27.5810 0.0000e+00
       2141    342.285     4.0279   3.252093    34.7456    27.5809 0.0000e+00
       2142    342.317     4.0279   3.252097    34.7456    27.5809 0.0000e+00
       2143    342.356     4.0279   3.252108    34.7457    27.5810 0.0000e+00
       2144    342.376     4.0279   3.252120    34.7458    27.5811 0.0000e+00
       2145    342.370     4.0279   3.252128    34.7459    27.5812 0.0000e+00
       2146    342.350     4.0279   3.252130    34.7460    27.5812 0.0000e+00
       2147    342.334     4.0281   3.252131    34.7458    27.5810 0.0000e+00
       2148    342.342     4.0282   3.252135    34.7457    27.5810 0.0000e+00
       2149    342.381     4.0282   3.252142    34.7458    27.5810 0.0000e+00
       2150    342.433     4.0282   3.252145    34.7458    27.5810 0.0000e+00
       2151    342.470     4.0282   3.252138    34.7457    27.5809 0.0000e+00
       2152    342.480     4.0282   3.252123    34.7455    27.5808 0.0000e+00
       2153    342.468     4.0280   3.252102    34.7455    27.5808 0.0000e+00
       2154    342.458     4.0278   3.252085    34.7455    27.5808 0.0000e+00
       2155    342.475     4.0277   3.252076    34.7455    27.5808 0.0000e+00
       2156    342.520     4.0276   3.252067    34.7454    27.5808 0.0000e+00
       2157    342.567     4.0276   3.252060    34.7453    27.5807 0.0000e+00
       2158    342.594     4.0275   3.252058    34.7454    27.5808 0.0000e+00
       2159    342.596     4.0275   3.252058    34.7454    27.5808 0.0000e+00
       2160    342.580     4.0275   3.252053    34.7454    27.5807 0.0000e+00
       2161    342.561     4.0274   3.252047    34.7454    27.5808 0.0000e+00
       2162    342.558     4.0273   3.252043    34.7455    27.5809 0.0000e+00
       2163    342.586     4.0273   3.252038    34.7454    27.5808 0.0000e+00
       2164    342.634     4.0271   3.252033    34.7455    27.5809 0.0000e+00
       2165    342.675     4.0271   3.252038    34.7455    27.5809 0.0000e+00
       2166    342.692     4.0272   3.252051    34.7456    27.5810 0.0000e+00
       2167    342.688     4.0274   3.252059    34.7455    27.5809 0.0000e+00
       2168    342.678     4.0274   3.252058    34.7455    27.5808 0.0000e+00
       2169    342.677     4.0274   3.252057    34.7455    27.5808 0.0000e+00
       2170    342.692     4.0274   3.252058    34.7455    27.5808 0.0000e+00
       2171    342.718     4.0273   3.252059    34.7456    27.5809 0.0000e+00
       2172    342.743     4.0271   3.252057    34.7457    27.5811 0.0000e+00
       2173    342.758     4.0271   3.252059    34.7458    27.5811 0.0000e+00
       2174    342.766     4.0271   3.252062    34.7458    27.5811 0.0000e+00
       2175    342.776     4.0272   3.252058    34.7456    27.5810 0.0000e+00
       2176    342.792     4.0272   3.252044    34.7455    27.5809 0.0000e+00
       2177    342.814     4.0271   3.252027    34.7453    27.5808 0.0000e+00
       2178    342.842     4.0271   3.252014    34.7452    27.5806 0.0000e+00
       2179    342.868     4.0270   3.252002    34.7451    27.5806 0.0000e+00
       2180    342.881     4.0268   3.251991    34.7452    27.5807 0.0000e+00
       2181    342.881     4.0267   3.251983    34.7452    27.5807 0.0000e+00
       2182    342.883     4.0267   3.251979    34.7452    27.5807 0.0000e+00
       2183    342.894     4.0267   3.251979    34.7452    27.5807 0.0000e+00
       2184    342.902     4.0267   3.251979    34.7451    27.5807 0.0000e+00
       2185    342.897     4.0267   3.251974    34.7451    27.5806 0.0000e+00
       2186    342.881     4.0267   3.251975    34.7451    27.5806 0.0000e+00
       2187    342.855     4.0268   3.251984    34.7451    27.5806 0.0000e+00
       2188    342.820     4.0268   3.251988    34.7452    27.5807 0.0000e+00
       2189    342.783     4.0268   3.251989    34.7452    27.5807 0.0000e+00
       2190    342.763     4.0268   3.251990    34.7452    27.5807 0.0000e+00
       2191    342.770     4.0270   3.251994    34.7451    27.5806 0.0000e+00
       2192    342.784     4.0270   3.251998    34.7451    27.5806 0.0000e+00
       2193    342.783     4.0271   3.251997    34.7450    27.5805 0.0000e+00
       2194    342.769     4.0271   3.251999    34.7450    27.5805 0.0000e+00
       2195    342.757     4.0271   3.252004    34.7451    27.5806 0.0000e+00
       2196    342.751     4.0271   3.252002    34.7451    27.5806 0.0000e+00
       2197    342.744     4.0270   3.252000    34.7452    27.5807 0.0000e+00
       2198    342.725     4.0270   3.252002    34.7452    27.5807 0.0000e+00
       2199    342.689     4.0270   3.252006    34.7453    27.5807 0.0000e+00
       2200    342.648     4.0271   3.252008    34.7452    27.5807 0.0000e+00
       2201    342.626     4.0271   3.252009    34.7452    27.5807 0.0000e+00
       2202    342.638     4.0272   3.252015    34.7452    27.5806 0.0000e+00
       2203    342.670     4.0274   3.252030    34.7451    27.5806 0.0000e+00
       2204    342.686     4.0275   3.252056    34.7453    27.5807 0.0000e+00
       2205    342.671     4.0275   3.252081    34.7456    27.5810 0.0000e+00
       2206    342.640     4.0276   3.252096    34.7457    27.5810 0.0000e+00
       2207    342.618     4.0277   3.252099    34.7457    27.5810 0.0000e+00
       2208    342.619     4.0278   3.252098    34.7455    27.5809 0.0000e+00
       2209    342.641     4.0278   3.252103    34.7456    27.5809 0.0000e+00
       2210    342.665     4.0278   3.252108    34.7456    27.5809 0.0000e+00
       2211    342.675     4.0278   3.252107    34.7456    27.5809 0.0000e+00
       2212    342.679     4.0279   3.252099    34.7454    27.5808 0.0000e+00
       2213    342.693     4.0279   3.252090    34.7453    27.5807 0.0000e+00
       2214    342.718     4.0278   3.252086    34.7454    27.5807 0.0000e+00
       2215    342.737     4.0278   3.252086    34.7453    27.5807 0.0000e+00
       2216    342.738     4.0278   3.252089    34.7454    27.5807 0.0000e+00
       2217    342.734     4.0278   3.252095    34.7455    27.5808 0.0000e+00
       2218    342.740     4.0278   3.252098    34.7455    27.5808 0.0000e+00
       2219    342.750     4.0280   3.252103    34.7453    27.5807 0.0000e+00
       2220    342.758     4.0281   3.252104    34.7452    27.5806 0.0000e+00
       2221    342.767     4.0281   3.252104    34.7452    27.5806 0.0000e+00
       2222    342.778     4.0282   3.252113    34.7452    27.5806 0.0000e+00
       2223    342.787     4.0282   3.252124    34.7453    27.5807 0.0000e+00
       2224    342.795     4.0282   3.252130    34.7454    27.5807 0.0000e+00
       2225    342.812     4.0282   3.252141    34.7455    27.5808 0.0000e+00
       2226    342.842     4.0282   3.252155    34.7457    27.5809 0.0000e+00
       2227    342.874     4.0284   3.252165    34.7456    27.5808 0.0000e+00
       2228    342.894     4.0286   3.252175    34.7455    27.5807 0.0000e+00
       2229    342.901     4.0286   3.252183    34.7456    27.5808 0.0000e+00
       2230    342.907     4.0288   3.252190    34.7454    27.5807 0.0000e+00
       2231    342.920     4.0288   3.252190    34.7454    27.5807 0.0000e+00
       2232    342.931     4.0288   3.252185    34.7454    27.5806 0.0000e+00
       2233    342.930     4.0286   3.252176    34.7455    27.5807 0.0000e+00
       2234    342.923     4.0286   3.252170    34.7454    27.5807 0.0000e+00
       2235    342.927     4.0286   3.252168    34.7454    27.5806 0.0000e+00
       2236    342.946     4.0286   3.252166    34.7453    27.5806 0.0000e+00
       2237    342.970     4.0285   3.252149    34.7452    27.5805 0.0000e+00
       2238    342.977     4.0283   3.252114    34.7450    27.5804 0.0000e+00
       2239    342.952     4.0280   3.252071    34.7448    27.5803 0.0000e+00
       2240    342.909     4.0276   3.252045    34.7450    27.5804 0.0000e+00
       2241    342.878     4.0275   3.252034    34.7450    27.5804 0.0000e+00
       2242    342.881     4.0275   3.252029    34.7449    27.5804 0.0000e+00
       2243    342.906     4.0273   3.252025    34.7451    27.5805 0.0000e+00
       2244    342.927     4.0271   3.252025    34.7453    27.5807 0.0000e+00
       2245    342.933     4.0271   3.252025    34.7453    27.5807 0.0000e+00
       2246    342.938     4.0271   3.252028    34.7453    27.5807 0.0000e+00
       2247    342.954     4.0272   3.252032    34.7452    27.5807 0.0000e+00
       2248    342.977     4.0273   3.252040    34.7452    27.5806 0.0000e+00
       2249    342.991     4.0273   3.252049    34.7453    27.5807 0.0000e+00
       2250    342.998     4.0273   3.252056    34.7454    27.5808 0.0000e+00
       2251    343.011     4.0273   3.252065    34.7455    27.5809 0.0000e+00
       2252    343.033     4.0273   3.252075    34.7456    27.5810 0.0000e+00
       2253    343.058     4.0274   3.252081    34.7455    27.5809 0.0000e+00
       2254    343.076     4.0275   3.252085    34.7455    27.5808 0.0000e+00
       2255    343.083     4.0275   3.252088    34.7455    27.5809 0.0000e+00
       2256    343.085     4.0275   3.252083    34.7454    27.5808 0.0000e+00
