Datasets/Multi_Species/TEL214/tel214_2020_018.cnv
* Sea-Bird SBE19plus Data File:
* Filename = C:/AQUIRE/tel214_2020_018.hex
* Software Version AquireV2 AF V2.0
* Temperature SN =  7853
* Conductivity SN =  7853
* System UpLoad Time = Nov 11 2020 13:11:45
* <ApplicationData>
* <AQUIREV2>
** VESSEL/TRIP/SEQ STN: tel214_2020_018
** LATITUDE: 54 29.61 N
** LONGITUDE: 53 55.60 W
** DATE/TIME: 2020-11-11 12:14
** SOUNDING DEPTH (M): 0235
** PROBE TYPE: S7853
** CTD NUMBER:  18
** COMMENTS: 
# nquan = 7                                 
# nvalues = 3290                        
# units = specified
# name 0 = scan: Scan Count
# name 1 = prdM: Pressure, Strain Gauge [db]
# name 2 = tv290C: Temperature [ITS-90, deg C]
# name 3 = c0S/m: Conductivity [S/m]
# name 4 = sal00: Salinity, Practical [PSU]
# name 5 = sigma-t00: Density [sigma-t, kg/m^3 ]
# name 6 = flag: flag
# span 0 =          1,       3290       
# span 1 =     -1.077,    234.197       
# span 2 =     0.7608,     2.9425       
# span 3 =   0.000012,   3.095544       
# span 4 =    -0.0012,    34.0738       
# span 5 =    -0.1109,    27.1553       
# span 6 = 0.0000e+00, 0.0000e+00       
# interval = seconds: 1
# start_time = Nov 11 2020 12:14:02 [Instrument's time stamp, header]
# bad_flag = -9.990e-29
*END*
[from data line 2872]
       2873     -0.874     0.9617   2.768693    32.1901    25.7885 0.0000e+00
       2874     -0.818     0.9621   2.778247    32.3121    25.8866 0.0000e+00
       2875     -0.771     0.9623   2.779315    32.3255    25.8974 0.0000e+00
       2876     -0.748     0.9625   2.777282    32.2993    25.8762 0.0000e+00
       2877     -0.751     0.9627   2.752234    31.9782    25.6182 0.0000e+00
       2878     -0.780     0.9629   2.730154    31.6955    25.3910 0.0000e+00
       2879     -0.778     0.9630   2.754838    32.0113    25.6447 0.0000e+00
       2880     -0.743     0.9634   2.780853    32.3441    25.9122 0.0000e+00
       2881     -0.763     0.9643   2.780778    32.3422    25.9107 0.0000e+00
       2882     -0.852     0.9657   2.741696    31.8403    25.5072 0.0000e+00
       2883     -0.942     0.9671   2.310599    26.3862    21.1263 0.0000e+00
       2884     -0.994     0.9674   1.292280    14.0263    11.2094 0.0000e+00
       2885     -1.019     0.9669   0.382123     3.7968     2.9809 0.0000e+00
       2886     -1.035     0.9667   0.063684     0.5753     0.3697 0.0000e+00
       2887     -1.041     0.9666   0.018637     0.1597     0.0306 0.0000e+00
       2888     -1.041     0.9664   0.002958     0.0225    -0.0817 0.0000e+00
       2889     -1.046     0.9662   0.000096    -0.0006    -0.1002 0.0000e+00
       2890     -1.054     0.9659   0.000101    -0.0006    -0.1002 0.0000e+00
       2891     -1.057     0.9657   0.000104    -0.0006    -0.1002 0.0000e+00
       2892     -1.057     0.9656   0.000104    -0.0006    -0.1002 0.0000e+00
       2893     -1.060     0.9653   0.000103    -0.0006    -0.1002 0.0000e+00
       2894     -1.063     0.9650   0.000103    -0.0006    -0.1002 0.0000e+00
       2895     -1.065     0.9646   0.000102    -0.0006    -0.1002 0.0000e+00
       2896     -1.063     0.9642   0.000102    -0.0006    -0.1003 0.0000e+00
       2897     -1.059     0.9638   0.000102    -0.0006    -0.1003 0.0000e+00
       2898     -1.056     0.9630   0.000100    -0.0006    -0.1003 0.0000e+00
       2899     -1.056     0.9615   0.000095    -0.0007    -0.1004 0.0000e+00
       2900     -1.061     0.9602   0.000091    -0.0007    -0.1005 0.0000e+00
       2901     -1.064     0.9599   0.000091    -0.0007    -0.1005 0.0000e+00
       2902     -1.064     0.9602   0.000094    -0.0007    -0.1005 0.0000e+00
       2903     -1.062     0.9602   0.000099    -0.0006    -0.1005 0.0000e+00
       2904     -1.061     0.9597   0.000098    -0.0006    -0.1005 0.0000e+00
       2905     -1.059     0.9590   0.000096    -0.0006    -0.1005 0.0000e+00
       2906     -1.057     0.9585   0.000097    -0.0006    -0.1005 0.0000e+00
       2907     -1.057     0.9583   0.000097    -0.0006    -0.1006 0.0000e+00
       2908     -1.057     0.9584   0.000098    -0.0006    -0.1005 0.0000e+00
       2909     -1.057     0.9585   0.000100    -0.0006    -0.1005 0.0000e+00
       2910     -1.057     0.9586   0.000101    -0.0006    -0.1005 0.0000e+00
       2911     -1.058     0.9587   0.000104    -0.0006    -0.1005 0.0000e+00
       2912     -1.060     0.9587   0.000105    -0.0006    -0.1005 0.0000e+00
       2913     -1.063     0.9587   0.000105    -0.0006    -0.1005 0.0000e+00
       2914     -1.065     0.9587   0.000105    -0.0006    -0.1005 0.0000e+00
       2915     -1.063     0.9586   0.000106    -0.0006    -0.1005 0.0000e+00
       2916     -1.059     0.9584   0.000105    -0.0006    -0.1005 0.0000e+00
       2917     -1.056     0.9582   0.000104    -0.0006    -0.1006 0.0000e+00
       2918     -1.054     0.9579   0.000104    -0.0006    -0.1006 0.0000e+00
       2919     -1.055     0.9575   0.000105    -0.0006    -0.1006 0.0000e+00
       2920     -1.059     0.9571   0.000105    -0.0006    -0.1006 0.0000e+00
       2921     -1.062     0.9569   0.000105    -0.0006    -0.1006 0.0000e+00
       2922     -1.061     0.9567   0.000105    -0.0006    -0.1006 0.0000e+00
       2923     -1.060     0.9566   0.000105    -0.0006    -0.1006 0.0000e+00
       2924     -1.062     0.9564   0.000105    -0.0006    -0.1006 0.0000e+00
       2925     -1.062     0.9562   0.000105    -0.0006    -0.1007 0.0000e+00
       2926     -1.058     0.9556   0.000104    -0.0006    -0.1007 0.0000e+00
       2927     -1.055     0.9547   0.000102    -0.0006    -0.1007 0.0000e+00
       2928     -1.057     0.9537   0.000100    -0.0006    -0.1008 0.0000e+00
       2929     -1.060     0.9529   0.000098    -0.0006    -0.1008 0.0000e+00
       2930     -1.060     0.9526   0.000097    -0.0006    -0.1008 0.0000e+00
       2931     -1.061     0.9524   0.000098    -0.0006    -0.1009 0.0000e+00
       2932     -1.064     0.9521   0.000101    -0.0006    -0.1009 0.0000e+00
       2933     -1.064     0.9516   0.000102    -0.0006    -0.1009 0.0000e+00
       2934     -1.061     0.9511   0.000100    -0.0006    -0.1009 0.0000e+00
       2935     -1.060     0.9507   0.000099    -0.0006    -0.1009 0.0000e+00
       2936     -1.061     0.9505   0.000100    -0.0006    -0.1009 0.0000e+00
       2937     -1.060     0.9501   0.000101    -0.0006    -0.1010 0.0000e+00
       2938     -1.060     0.9497   0.000102    -0.0006    -0.1010 0.0000e+00
       2939     -1.062     0.9492   0.000103    -0.0006    -0.1010 0.0000e+00
       2940     -1.067     0.9486   0.000101    -0.0006    -0.1010 0.0000e+00
       2941     -1.071     0.9482   0.000100    -0.0006    -0.1011 0.0000e+00
       2942     -1.071     0.9476   0.000099    -0.0006    -0.1011 0.0000e+00
       2943     -1.068     0.9470   0.000100    -0.0006    -0.1011 0.0000e+00
       2944     -1.061     0.9464   0.000099    -0.0006    -0.1012 0.0000e+00
       2945     -1.056     0.9459   0.000099    -0.0006    -0.1012 0.0000e+00
       2946     -1.056     0.9454   0.000100    -0.0006    -0.1012 0.0000e+00
       2947     -1.057     0.9448   0.000100    -0.0006    -0.1012 0.0000e+00
       2948     -1.058     0.9444   0.000099    -0.0006    -0.1013 0.0000e+00
       2949     -1.061     0.9439   0.000099    -0.0006    -0.1013 0.0000e+00
       2950     -1.064     0.9433   0.000099    -0.0006    -0.1013 0.0000e+00
       2951     -1.065     0.9427   0.000099    -0.0006    -0.1013 0.0000e+00
       2952     -1.063     0.9423   0.000099    -0.0006    -0.1014 0.0000e+00
       2953     -1.058     0.9418   0.000099    -0.0006    -0.1014 0.0000e+00
       2954     -1.054     0.9412   0.000100    -0.0006    -0.1014 0.0000e+00
       2955     -1.053     0.9406   0.000100    -0.0006    -0.1015 0.0000e+00
       2956     -1.053     0.9402   0.000101    -0.0006    -0.1015 0.0000e+00
       2957     -1.054     0.9396   0.000099    -0.0006    -0.1015 0.0000e+00
       2958     -1.056     0.9392   0.000100    -0.0006    -0.1015 0.0000e+00
       2959     -1.057     0.9388   0.000100    -0.0006    -0.1015 0.0000e+00
       2960     -1.057     0.9384   0.000100    -0.0006    -0.1016 0.0000e+00
       2961     -1.057     0.9380   0.000101    -0.0006    -0.1016 0.0000e+00
       2962     -1.057     0.9375   0.000102    -0.0006    -0.1016 0.0000e+00
       2963     -1.057     0.9370   0.000101    -0.0006    -0.1016 0.0000e+00
       2964     -1.057     0.9366   0.000102    -0.0006    -0.1017 0.0000e+00
       2965     -1.057     0.9362   0.000102    -0.0006    -0.1017 0.0000e+00
       2966     -1.058     0.9358   0.000102    -0.0006    -0.1017 0.0000e+00
       2967     -1.060     0.9351   0.000101    -0.0006    -0.1017 0.0000e+00
       2968     -1.061     0.9346   0.000101    -0.0006    -0.1018 0.0000e+00
       2969     -1.060     0.9342   0.000101    -0.0006    -0.1018 0.0000e+00
       2970     -1.058     0.9338   0.000102    -0.0006    -0.1018 0.0000e+00
       2971     -1.057     0.9333   0.000101    -0.0006    -0.1018 0.0000e+00
       2972     -1.057     0.9328   0.000100    -0.0006    -0.1019 0.0000e+00
       2973     -1.057     0.9324   0.000100    -0.0006    -0.1019 0.0000e+00
       2974     -1.058     0.9319   0.000101    -0.0006    -0.1019 0.0000e+00
       2975     -1.059     0.9314   0.000101    -0.0006    -0.1019 0.0000e+00
       2976     -1.059     0.9308   0.000100    -0.0006    -0.1020 0.0000e+00
       2977     -1.057     0.9304   0.000099    -0.0006    -0.1020 0.0000e+00
       2978     -1.058     0.9300   0.000100    -0.0006    -0.1020 0.0000e+00
       2979     -1.060     0.9296   0.000100    -0.0006    -0.1020 0.0000e+00
       2980     -1.059     0.9293   0.000102    -0.0006    -0.1020 0.0000e+00
       2981     -1.056     0.9289   0.000103    -0.0006    -0.1021 0.0000e+00
       2982     -1.055     0.9285   0.000103    -0.0006    -0.1021 0.0000e+00
       2983     -1.058     0.9282   0.000102    -0.0006    -0.1021 0.0000e+00
       2984     -1.060     0.9278   0.000102    -0.0006    -0.1021 0.0000e+00
       2985     -1.059     0.9274   0.000103    -0.0006    -0.1021 0.0000e+00
       2986     -1.055     0.9269   0.000103    -0.0006    -0.1022 0.0000e+00
       2987     -1.051     0.9264   0.000102    -0.0006    -0.1022 0.0000e+00
       2988     -1.051     0.9258   0.000100    -0.0006    -0.1022 0.0000e+00
       2989     -1.054     0.9254   0.000101    -0.0006    -0.1022 0.0000e+00
       2990     -1.056     0.9252   0.000104    -0.0006    -0.1022 0.0000e+00
       2991     -1.057     0.9249   0.000106    -0.0006    -0.1023 0.0000e+00
       2992     -1.055     0.9245   0.000107    -0.0006    -0.1023 0.0000e+00
       2993     -1.054     0.9242   0.000105    -0.0006    -0.1023 0.0000e+00
       2994     -1.056     0.9238   0.000103    -0.0006    -0.1023 0.0000e+00
       2995     -1.060     0.9234   0.000104    -0.0006    -0.1023 0.0000e+00
       2996     -1.062     0.9231   0.000104    -0.0006    -0.1024 0.0000e+00
       2997     -1.062     0.9227   0.000103    -0.0006    -0.1024 0.0000e+00
       2998     -1.062     0.9225   0.000103    -0.0006    -0.1024 0.0000e+00
       2999     -1.060     0.9224   0.000104    -0.0006    -0.1024 0.0000e+00
       3000     -1.058     0.9222   0.000105    -0.0006    -0.1024 0.0000e+00
       3001     -1.056     0.9219   0.000106    -0.0006    -0.1024 0.0000e+00
       3002     -1.053     0.9216   0.000106    -0.0006    -0.1024 0.0000e+00
       3003     -1.053     0.9212   0.000105    -0.0006    -0.1024 0.0000e+00
       3004     -1.056     0.9208   0.000106    -0.0006    -0.1025 0.0000e+00
       3005     -1.059     0.9204   0.000106    -0.0006    -0.1025 0.0000e+00
       3006     -1.060     0.9202   0.000106    -0.0006    -0.1025 0.0000e+00
       3007     -1.057     0.9198   0.000105    -0.0006    -0.1025 0.0000e+00
       3008     -1.052     0.9194   0.000105    -0.0006    -0.1025 0.0000e+00
       3009     -1.050     0.9192   0.000105    -0.0006    -0.1026 0.0000e+00
       3010     -1.052     0.9189   0.000104    -0.0006    -0.1026 0.0000e+00
       3011     -1.058     0.9187   0.000106    -0.0006    -0.1026 0.0000e+00
       3012     -1.065     0.9185   0.000107    -0.0006    -0.1026 0.0000e+00
       3013     -1.069     0.9184   0.000107    -0.0006    -0.1026 0.0000e+00
       3014     -1.071     0.9183   0.000109    -0.0006    -0.1026 0.0000e+00
       3015     -1.069     0.9182   0.000109    -0.0006    -0.1026 0.0000e+00
       3016     -1.063     0.9181   0.000109    -0.0006    -0.1026 0.0000e+00
       3017     -1.058     0.9181   0.000110    -0.0006    -0.1026 0.0000e+00
       3018     -1.057     0.9179   0.000110    -0.0006    -0.1026 0.0000e+00
       3019     -1.058     0.9176   0.000108    -0.0006    -0.1026 0.0000e+00
       3020     -1.058     0.9174   0.000108    -0.0006    -0.1026 0.0000e+00
       3021     -1.058     0.9174   0.000109    -0.0006    -0.1026 0.0000e+00
       3022     -1.059     0.9174   0.000109    -0.0006    -0.1026 0.0000e+00
       3023     -1.061     0.9173   0.000109    -0.0006    -0.1026 0.0000e+00
       3024     -1.062     0.9171   0.000109    -0.0006    -0.1027 0.0000e+00
       3025     -1.061     0.9168   0.000108    -0.0006    -0.1027 0.0000e+00
       3026     -1.060     0.9166   0.000109    -0.0006    -0.1027 0.0000e+00
       3027     -1.059     0.9165   0.000110    -0.0006    -0.1027 0.0000e+00
       3028     -1.057     0.9164   0.000110    -0.0006    -0.1027 0.0000e+00
       3029     -1.057     0.9163   0.000111    -0.0006    -0.1027 0.0000e+00
       3030     -1.058     0.9161   0.000110    -0.0006    -0.1027 0.0000e+00
       3031     -1.058     0.9159   0.000110    -0.0006    -0.1027 0.0000e+00
       3032     -1.057     0.9156   0.000110    -0.0006    -0.1027 0.0000e+00
       3033     -1.055     0.9154   0.000110    -0.0006    -0.1027 0.0000e+00
       3034     -1.054     0.9154   0.000111    -0.0006    -0.1027 0.0000e+00
       3035     -1.055     0.9153   0.000112    -0.0006    -0.1028 0.0000e+00
       3036     -1.057     0.9152   0.000111    -0.0006    -0.1028 0.0000e+00
       3037     -1.057     0.9151   0.000111    -0.0006    -0.1028 0.0000e+00
       3038     -1.057     0.9147   0.000110    -0.0006    -0.1028 0.0000e+00
       3039     -1.055     0.9145   0.000110    -0.0006    -0.1028 0.0000e+00
       3040     -1.054     0.9145   0.000112    -0.0006    -0.1028 0.0000e+00
       3041     -1.055     0.9146   0.000112    -0.0006    -0.1028 0.0000e+00
       3042     -1.057     0.9145   0.000113    -0.0006    -0.1028 0.0000e+00
       3043     -1.058     0.9144   0.000112    -0.0006    -0.1028 0.0000e+00
       3044     -1.059     0.9144   0.000112    -0.0006    -0.1028 0.0000e+00
       3045     -1.061     0.9144   0.000112    -0.0006    -0.1028 0.0000e+00
       3046     -1.062     0.9144   0.000113    -0.0006    -0.1028 0.0000e+00
       3047     -1.061     0.9144   0.000114    -0.0006    -0.1028 0.0000e+00
       3048     -1.059     0.9144   0.000114    -0.0006    -0.1028 0.0000e+00
       3049     -1.058     0.9143   0.000113    -0.0006    -0.1028 0.0000e+00
       3050     -1.058     0.9142   0.000113    -0.0006    -0.1028 0.0000e+00
       3051     -1.059     0.9141   0.000113    -0.0006    -0.1028 0.0000e+00
       3052     -1.061     0.9141   0.000113    -0.0006    -0.1028 0.0000e+00
       3053     -1.062     0.9140   0.000112    -0.0006    -0.1028 0.0000e+00
       3054     -1.060     0.9140   0.000113    -0.0006    -0.1028 0.0000e+00
       3055     -1.056     0.9139   0.000113    -0.0006    -0.1028 0.0000e+00
       3056     -1.052     0.9136   0.000112    -0.0006    -0.1028 0.0000e+00
       3057     -1.052     0.9134   0.000112    -0.0006    -0.1029 0.0000e+00
       3058     -1.055     0.9129   0.000111    -0.0006    -0.1029 0.0000e+00
       3059     -1.057     0.9125   0.000110    -0.0006    -0.1029 0.0000e+00
       3060     -1.058     0.9124   0.000109    -0.0006    -0.1029 0.0000e+00
       3061     -1.060     0.9124   0.000111    -0.0006    -0.1029 0.0000e+00
       3062     -1.061     0.9124   0.000112    -0.0006    -0.1029 0.0000e+00
       3063     -1.058     0.9123   0.000112    -0.0006    -0.1029 0.0000e+00
       3064     -1.055     0.9123   0.000112    -0.0006    -0.1029 0.0000e+00
       3065     -1.056     0.9123   0.000113    -0.0006    -0.1029 0.0000e+00
       3066     -1.058     0.9123   0.000115    -0.0006    -0.1029 0.0000e+00
       3067     -1.058     0.9122   0.000114    -0.0006    -0.1029 0.0000e+00
       3068     -1.058     0.9122   0.000114    -0.0006    -0.1029 0.0000e+00
       3069     -1.058     0.9123   0.000114    -0.0006    -0.1029 0.0000e+00
       3070     -1.057     0.9123   0.000114    -0.0006    -0.1029 0.0000e+00
       3071     -1.056     0.9123   0.000114    -0.0006    -0.1029 0.0000e+00
       3072     -1.055     0.9123   0.000116    -0.0005    -0.1029 0.0000e+00
       3073     -1.056     0.9123   0.000117    -0.0005    -0.1029 0.0000e+00
       3074     -1.058     0.9122   0.000115    -0.0006    -0.1029 0.0000e+00
       3075     -1.060     0.9121   0.000115    -0.0006    -0.1029 0.0000e+00
       3076     -1.060     0.9121   0.000115    -0.0006    -0.1029 0.0000e+00
