Datasets/Multi_Species/TEL214/tel214_2020_031.cnv
* Sea-Bird SBE19plus Data File:
* Filename = C:/AQUIRE/tel214_2020_031.hex
* Software Version AquireV2 AF V2.0
* Temperature SN =  7853
* Conductivity SN =  7853
* System UpLoad Time = Nov 15 2020 12:08:35
* <ApplicationData>
* <AQUIREV2>
** VESSEL/TRIP/SEQ STN: tel214_2020_031
** LATITUDE: 53 14.25 N
** LONGITUDE: 52 07.01 W
** DATE/TIME: 2020-11-15 10:23
** SOUNDING DEPTH (M): 0645
** PROBE TYPE: S7853
** CTD NUMBER: 031
** COMMENTS: 
# nquan = 7                                 
# nvalues = 6159                        
# units = specified
# name 0 = scan: Scan Count
# name 1 = prdM: Pressure, Strain Gauge [db]
# name 2 = tv290C: Temperature [ITS-90, deg C]
# name 3 = c0S/m: Conductivity [S/m]
# name 4 = sal00: Salinity, Practical [PSU]
# name 5 = sigma-t00: Density [sigma-t, kg/m^3 ]
# name 6 = flag: flag
# span 0 =          1,       6159       
# span 1 =     -1.060,    630.209       
# span 2 =     1.2493,     4.0815       
# span 3 =  -0.000031,   3.256960       
# span 4 =    -0.0009,    34.8398       
# span 5 =    -0.0865,    27.6891       
# span 6 = 0.0000e+00, 0.0000e+00       
# interval = seconds: 1
# start_time = Nov 15 2020 10:23:24 [Instrument's time stamp, header]
# bad_flag = -9.990e-29
*END*
[from data line 4513]
       4514    608.110     3.7053   3.243029    34.8384    27.6879 0.0000e+00
       4515    608.145     3.7054   3.243031    34.8383    27.6878 0.0000e+00
       4516    608.172     3.7054   3.243034    34.8383    27.6879 0.0000e+00
       4517    608.208     3.7054   3.243038    34.8383    27.6879 0.0000e+00
       4518    608.262     3.7054   3.243041    34.8383    27.6879 0.0000e+00
       4519    608.328     3.7054   3.243043    34.8383    27.6879 0.0000e+00
       4520    608.391     3.7053   3.243044    34.8384    27.6879 0.0000e+00
       4521    608.441     3.7054   3.243046    34.8383    27.6879 0.0000e+00
       4522    608.488     3.7054   3.243049    34.8383    27.6879 0.0000e+00
       4523    608.543     3.7054   3.243049    34.8383    27.6878 0.0000e+00
       4524    608.605     3.7052   3.243048    34.8385    27.6880 0.0000e+00
       4525    608.661     3.7052   3.243055    34.8385    27.6880 0.0000e+00
       4526    608.709     3.7053   3.243063    34.8385    27.6880 0.0000e+00
       4527    608.756     3.7054   3.243065    34.8384    27.6879 0.0000e+00
       4528    608.810     3.7054   3.243066    34.8383    27.6879 0.0000e+00
       4529    608.872     3.7054   3.243067    34.8383    27.6879 0.0000e+00
       4530    608.934     3.7052   3.243067    34.8385    27.6880 0.0000e+00
       4531    608.987     3.7052   3.243072    34.8385    27.6881 0.0000e+00
       4532    609.037     3.7052   3.243076    34.8386    27.6881 0.0000e+00
       4533    609.093     3.7052   3.243078    34.8386    27.6881 0.0000e+00
       4534    609.161     3.7051   3.243086    34.8387    27.6882 0.0000e+00
       4535    609.238     3.7051   3.243092    34.8388    27.6882 0.0000e+00
       4536    609.316     3.7051   3.243093    34.8387    27.6882 0.0000e+00
       4537    609.384     3.7051   3.243095    34.8387    27.6882 0.0000e+00
       4538    609.431     3.7052   3.243095    34.8386    27.6881 0.0000e+00
       4539    609.465     3.7051   3.243094    34.8387    27.6882 0.0000e+00
       4540    609.509     3.7051   3.243094    34.8386    27.6881 0.0000e+00
       4541    609.578     3.7051   3.243095    34.8386    27.6881 0.0000e+00
       4542    609.667     3.7053   3.243097    34.8384    27.6879 0.0000e+00
       4543    609.753     3.7054   3.243100    34.8383    27.6878 0.0000e+00
       4544    609.820     3.7054   3.243105    34.8383    27.6878 0.0000e+00
       4545    609.872     3.7054   3.243113    34.8383    27.6879 0.0000e+00
       4546    609.926     3.7054   3.243120    34.8384    27.6879 0.0000e+00
       4547    609.994     3.7054   3.243124    34.8384    27.6879 0.0000e+00
       4548    610.075     3.7054   3.243124    34.8384    27.6879 0.0000e+00
       4549    610.159     3.7052   3.243124    34.8385    27.6881 0.0000e+00
       4550    610.237     3.7051   3.243130    34.8387    27.6882 0.0000e+00
       4551    610.309     3.7052   3.243137    34.8386    27.6881 0.0000e+00
       4552    610.376     3.7054   3.243139    34.8384    27.6879 0.0000e+00
       4553    610.440     3.7054   3.243139    34.8384    27.6879 0.0000e+00
       4554    610.505     3.7053   3.243141    34.8385    27.6880 0.0000e+00
       4555    610.577     3.7052   3.243145    34.8386    27.6881 0.0000e+00
       4556    610.654     3.7052   3.243149    34.8386    27.6881 0.0000e+00
       4557    610.731     3.7052   3.243150    34.8385    27.6881 0.0000e+00
       4558    610.806     3.7052   3.243157    34.8386    27.6881 0.0000e+00
       4559    610.883     3.7052   3.243163    34.8386    27.6881 0.0000e+00
       4560    610.955     3.7052   3.243165    34.8386    27.6881 0.0000e+00
       4561    611.005     3.7053   3.243167    34.8385    27.6880 0.0000e+00
       4562    611.043     3.7054   3.243170    34.8384    27.6879 0.0000e+00
       4563    611.098     3.7054   3.243171    34.8384    27.6879 0.0000e+00
       4564    611.185     3.7054   3.243174    34.8384    27.6879 0.0000e+00
       4565    611.286     3.7054   3.243182    34.8384    27.6879 0.0000e+00
       4566    611.362     3.7054   3.243190    34.8385    27.6880 0.0000e+00
       4567    611.401     3.7054   3.243194    34.8385    27.6880 0.0000e+00
       4568    611.431     3.7054   3.243194    34.8385    27.6880 0.0000e+00
       4569    611.483     3.7054   3.243195    34.8385    27.6880 0.0000e+00
       4570    611.567     3.7054   3.243194    34.8384    27.6879 0.0000e+00
       4571    611.671     3.7054   3.243196    34.8384    27.6879 0.0000e+00
       4572    611.774     3.7054   3.243206    34.8385    27.6880 0.0000e+00
       4573    611.863     3.7054   3.243212    34.8385    27.6880 0.0000e+00
       4574    611.941     3.7054   3.243214    34.8385    27.6880 0.0000e+00
       4575    612.019     3.7054   3.243216    34.8384    27.6880 0.0000e+00
       4576    612.103     3.7054   3.243222    34.8385    27.6880 0.0000e+00
       4577    612.188     3.7054   3.243227    34.8385    27.6880 0.0000e+00
       4578    612.267     3.7054   3.243229    34.8385    27.6880 0.0000e+00
       4579    612.343     3.7054   3.243237    34.8385    27.6880 0.0000e+00
       4580    612.416     3.7054   3.243247    34.8386    27.6881 0.0000e+00
       4581    612.484     3.7054   3.243252    34.8386    27.6881 0.0000e+00
       4582    612.551     3.7054   3.243253    34.8386    27.6881 0.0000e+00
       4583    612.623     3.7054   3.243257    34.8386    27.6881 0.0000e+00
       4584    612.705     3.7054   3.243262    34.8386    27.6881 0.0000e+00
       4585    612.792     3.7054   3.243262    34.8386    27.6881 0.0000e+00
       4586    612.869     3.7054   3.243265    34.8386    27.6881 0.0000e+00
       4587    612.933     3.7054   3.243275    34.8387    27.6881 0.0000e+00
       4588    612.989     3.7054   3.243280    34.8387    27.6882 0.0000e+00
       4589    613.044     3.7054   3.243281    34.8387    27.6881 0.0000e+00
       4590    613.104     3.7054   3.243283    34.8387    27.6881 0.0000e+00
       4591    613.171     3.7054   3.243287    34.8387    27.6882 0.0000e+00
       4592    613.244     3.7054   3.243287    34.8386    27.6881 0.0000e+00
       4593    613.318     3.7055   3.243285    34.8385    27.6880 0.0000e+00
       4594    613.385     3.7055   3.243289    34.8385    27.6880 0.0000e+00
       4595    613.444     3.7054   3.243292    34.8386    27.6881 0.0000e+00
       4596    613.494     3.7054   3.243292    34.8386    27.6881 0.0000e+00
       4597    613.540     3.7054   3.243289    34.8385    27.6880 0.0000e+00
       4598    613.597     3.7054   3.243291    34.8385    27.6880 0.0000e+00
       4599    613.678     3.7054   3.243297    34.8385    27.6880 0.0000e+00
       4600    613.773     3.7054   3.243301    34.8385    27.6880 0.0000e+00
       4601    613.859     3.7054   3.243303    34.8385    27.6880 0.0000e+00
       4602    613.926     3.7054   3.243306    34.8385    27.6880 0.0000e+00
       4603    613.984     3.7054   3.243309    34.8385    27.6880 0.0000e+00
       4604    614.047     3.7054   3.243313    34.8385    27.6880 0.0000e+00
       4605    614.120     3.7054   3.243316    34.8385    27.6880 0.0000e+00
       4606    614.201     3.7054   3.243317    34.8385    27.6880 0.0000e+00
       4607    614.290     3.7054   3.243321    34.8385    27.6880 0.0000e+00
       4608    614.386     3.7054   3.243327    34.8385    27.6880 0.0000e+00
       4609    614.476     3.7054   3.243331    34.8385    27.6880 0.0000e+00
       4610    614.552     3.7054   3.243334    34.8385    27.6880 0.0000e+00
       4611    614.620     3.7054   3.243340    34.8385    27.6880 0.0000e+00
       4612    614.693     3.7054   3.243348    34.8386    27.6881 0.0000e+00
       4613    614.772     3.7054   3.243357    34.8387    27.6881 0.0000e+00
       4614    614.848     3.7054   3.243367    34.8387    27.6882 0.0000e+00
       4615    614.922     3.7054   3.243373    34.8388    27.6882 0.0000e+00
       4616    615.003     3.7054   3.243376    34.8388    27.6882 0.0000e+00
       4617    615.093     3.7054   3.243377    34.8387    27.6882 0.0000e+00
       4618    615.189     3.7054   3.243379    34.8387    27.6882 0.0000e+00
       4619    615.278     3.7054   3.243382    34.8387    27.6882 0.0000e+00
       4620    615.354     3.7054   3.243386    34.8387    27.6882 0.0000e+00
       4621    615.424     3.7052   3.243388    34.8389    27.6884 0.0000e+00
       4622    615.496     3.7052   3.243389    34.8389    27.6883 0.0000e+00
       4623    615.577     3.7054   3.243393    34.8387    27.6881 0.0000e+00
       4624    615.668     3.7054   3.243398    34.8387    27.6882 0.0000e+00
       4625    615.757     3.7054   3.243402    34.8387    27.6882 0.0000e+00
       4626    615.827     3.7054   3.243405    34.8387    27.6882 0.0000e+00
       4627    615.881     3.7054   3.243408    34.8387    27.6882 0.0000e+00
       4628    615.941     3.7054   3.243413    34.8387    27.6882 0.0000e+00
       4629    616.021     3.7054   3.243417    34.8387    27.6882 0.0000e+00
       4630    616.108     3.7054   3.243420    34.8387    27.6882 0.0000e+00
       4631    616.191     3.7054   3.243423    34.8387    27.6882 0.0000e+00
       4632    616.272     3.7054   3.243427    34.8387    27.6882 0.0000e+00
       4633    616.358     3.7054   3.243434    34.8387    27.6882 0.0000e+00
       4634    616.445     3.7054   3.243440    34.8388    27.6882 0.0000e+00
       4635    616.517     3.7054   3.243442    34.8388    27.6882 0.0000e+00
       4636    616.570     3.7054   3.243445    34.8388    27.6882 0.0000e+00
       4637    616.619     3.7054   3.243449    34.8388    27.6882 0.0000e+00
       4638    616.686     3.7055   3.243451    34.8387    27.6881 0.0000e+00
       4639    616.776     3.7057   3.243456    34.8385    27.6880 0.0000e+00
       4640    616.875     3.7056   3.243460    34.8386    27.6880 0.0000e+00
       4641    616.955     3.7054   3.243463    34.8388    27.6882 0.0000e+00
       4642    617.003     3.7054   3.243466    34.8388    27.6882 0.0000e+00
       4643    617.039     3.7054   3.243468    34.8388    27.6882 0.0000e+00
       4644    617.090     3.7054   3.243469    34.8388    27.6882 0.0000e+00
       4645    617.171     3.7054   3.243471    34.8388    27.6882 0.0000e+00
       4646    617.271     3.7054   3.243478    34.8388    27.6882 0.0000e+00
       4647    617.361     3.7054   3.243484    34.8388    27.6883 0.0000e+00
       4648    617.428     3.7054   3.243487    34.8388    27.6883 0.0000e+00
       4649    617.489     3.7054   3.243489    34.8388    27.6883 0.0000e+00
       4650    617.560     3.7054   3.243489    34.8388    27.6882 0.0000e+00
       4651    617.639     3.7054   3.243492    34.8388    27.6882 0.0000e+00
       4652    617.720     3.7054   3.243494    34.8387    27.6882 0.0000e+00
       4653    617.805     3.7054   3.243498    34.8387    27.6882 0.0000e+00
       4654    617.895     3.7054   3.243500    34.8387    27.6882 0.0000e+00
       4655    617.988     3.7055   3.243505    34.8386    27.6881 0.0000e+00
       4656    618.067     3.7054   3.243511    34.8388    27.6882 0.0000e+00
       4657    618.125     3.7054   3.243514    34.8388    27.6882 0.0000e+00
       4658    618.176     3.7054   3.243518    34.8388    27.6882 0.0000e+00
       4659    618.241     3.7054   3.243521    34.8388    27.6882 0.0000e+00
       4660    618.324     3.7055   3.243525    34.8387    27.6881 0.0000e+00
       4661    618.411     3.7054   3.243525    34.8387    27.6882 0.0000e+00
       4662    618.487     3.7054   3.243525    34.8387    27.6882 0.0000e+00
       4663    618.557     3.7054   3.243530    34.8387    27.6882 0.0000e+00
       4664    618.636     3.7054   3.243533    34.8387    27.6882 0.0000e+00
       4665    618.723     3.7055   3.243538    34.8386    27.6881 0.0000e+00
       4666    618.804     3.7054   3.243544    34.8388    27.6882 0.0000e+00
       4667    618.873     3.7054   3.243544    34.8387    27.6882 0.0000e+00
       4668    618.937     3.7054   3.243545    34.8387    27.6882 0.0000e+00
       4669    619.005     3.7054   3.243552    34.8388    27.6882 0.0000e+00
       4670    619.075     3.7054   3.243554    34.8387    27.6882 0.0000e+00
       4671    619.142     3.7054   3.243552    34.8387    27.6882 0.0000e+00
       4672    619.209     3.7054   3.243552    34.8386    27.6881 0.0000e+00
       4673    619.275     3.7054   3.243557    34.8387    27.6881 0.0000e+00
       4674    619.333     3.7054   3.243562    34.8387    27.6882 0.0000e+00
       4675    619.380     3.7054   3.243564    34.8387    27.6882 0.0000e+00
       4676    619.424     3.7054   3.243567    34.8387    27.6882 0.0000e+00
       4677    619.475     3.7054   3.243570    34.8387    27.6882 0.0000e+00
       4678    619.541     3.7054   3.243571    34.8387    27.6882 0.0000e+00
       4679    619.615     3.7054   3.243571    34.8387    27.6881 0.0000e+00
       4680    619.683     3.7054   3.243574    34.8387    27.6881 0.0000e+00
       4681    619.737     3.7054   3.243578    34.8387    27.6882 0.0000e+00
       4682    619.776     3.7054   3.243581    34.8387    27.6882 0.0000e+00
       4683    619.817     3.7054   3.243583    34.8387    27.6882 0.0000e+00
       4684    619.873     3.7054   3.243585    34.8387    27.6882 0.0000e+00
       4685    619.935     3.7054   3.243587    34.8387    27.6882 0.0000e+00
       4686    619.991     3.7054   3.243589    34.8387    27.6881 0.0000e+00
       4687    620.038     3.7052   3.243591    34.8389    27.6883 0.0000e+00
       4688    620.085     3.7052   3.243594    34.8389    27.6883 0.0000e+00
       4689    620.141     3.7053   3.243596    34.8388    27.6882 0.0000e+00
       4690    620.201     3.7054   3.243595    34.8386    27.6881 0.0000e+00
       4691    620.257     3.7054   3.243595    34.8386    27.6881 0.0000e+00
       4692    620.312     3.7052   3.243601    34.8389    27.6883 0.0000e+00
       4693    620.374     3.7051   3.243607    34.8390    27.6884 0.0000e+00
       4694    620.440     3.7051   3.243610    34.8390    27.6884 0.0000e+00
       4695    620.498     3.7052   3.243613    34.8389    27.6884 0.0000e+00
       4696    620.544     3.7052   3.243619    34.8390    27.6884 0.0000e+00
       4697    620.588     3.7051   3.243619    34.8390    27.6885 0.0000e+00
       4698    620.642     3.7051   3.243618    34.8390    27.6884 0.0000e+00
       4699    620.707     3.7051   3.243618    34.8390    27.6884 0.0000e+00
       4700    620.776     3.7051   3.243615    34.8389    27.6883 0.0000e+00
       4701    620.844     3.7051   3.243620    34.8389    27.6884 0.0000e+00
       4702    620.910     3.7051   3.243629    34.8390    27.6884 0.0000e+00
       4703    620.973     3.7051   3.243637    34.8390    27.6885 0.0000e+00
       4704    621.038     3.7051   3.243638    34.8390    27.6885 0.0000e+00
       4705    621.112     3.7051   3.243639    34.8390    27.6884 0.0000e+00
       4706    621.184     3.7051   3.243641    34.8390    27.6884 0.0000e+00
       4707    621.240     3.7051   3.243643    34.8390    27.6884 0.0000e+00
       4708    621.283     3.7051   3.243646    34.8390    27.6884 0.0000e+00
       4709    621.336     3.7051   3.243651    34.8390    27.6885 0.0000e+00
       4710    621.419     3.7051   3.243656    34.8390    27.6885 0.0000e+00
       4711    621.518     3.7051   3.243660    34.8390    27.6885 0.0000e+00
       4712    621.607     3.7051   3.243663    34.8390    27.6885 0.0000e+00
       4713    621.679     3.7051   3.243671    34.8391    27.6885 0.0000e+00
       4714    621.740     3.7050   3.243676    34.8392    27.6886 0.0000e+00
       4715    621.798     3.7051   3.243678    34.8391    27.6885 0.0000e+00
       4716    621.854     3.7051   3.243683    34.8391    27.6885 0.0000e+00
       4717    621.914     3.7051   3.243685    34.8391    27.6885 0.0000e+00
