Datasets/Multi_Species/TEL214/tel214_2020_035.cnv
* Sea-Bird SBE19plus Data File:
* Filename = C:/AQUIRE/tel214_2020_035.hex
* Software Version AquireV2 AF V2.0
* Temperature SN =  8014
* Conductivity SN =  8014
* System UpLoad Time = Nov 16 2020 01:53:19
* <ApplicationData>
* <AQUIREV2>
** VESSEL/TRIP/SEQ STN: tel214_2020_035
** LATITUDE: 52 49.08 N
** LONGITUDE: 51 47.33 W
** DATE/TIME: 2020-11-15 23:37
** SOUNDING DEPTH (M): 0493
** PROBE TYPE: S8014
** CTD NUMBER: 035
** COMMENTS: 
# nquan = 7                                 
# nvalues = 5756                        
# units = specified
# name 0 = scan: Scan Count
# name 1 = prdM: Pressure, Strain Gauge [db]
# name 2 = tv290C: Temperature [ITS-90, deg C]
# name 3 = c0S/m: Conductivity [S/m]
# name 4 = sal00: Salinity, Practical [PSU]
# name 5 = sigma-t00: Density [sigma-t, kg/m^3 ]
# name 6 = flag: flag
# span 0 =          1,       5756       
# span 1 =     -0.484,    495.614       
# span 2 =     0.0594,     3.9722       
# span 3 =  -0.035847,   3.255970       
# span 4 =    -0.0019,    34.8080       
# span 5 =    -0.1534,    27.6407       
# span 6 = 0.0000e+00, 0.0000e+00       
# interval = seconds: 1
# start_time = Nov 15 2020 23:37:11 [Instrument's time stamp, header]
# bad_flag = -9.990e-29
*END*
[from data line 4718]
       4719    466.321     3.9333   3.254464    34.8078    27.6402 0.0000e+00
       4720    466.106     3.9333   3.254450    34.8077    27.6402 0.0000e+00
       4721    465.903     3.9333   3.254435    34.8076    27.6401 0.0000e+00
       4722    465.713     3.9331   3.254419    34.8078    27.6402 0.0000e+00
       4723    465.527     3.9331   3.254409    34.8077    27.6402 0.0000e+00
       4724    465.338     3.9331   3.254404    34.8078    27.6403 0.0000e+00
       4725    465.142     3.9330   3.254391    34.8078    27.6403 0.0000e+00
       4726    464.940     3.9330   3.254372    34.8077    27.6402 0.0000e+00
       4727    464.740     3.9330   3.254356    34.8076    27.6401 0.0000e+00
       4728    464.548     3.9329   3.254344    34.8077    27.6402 0.0000e+00
       4729    464.364     3.9329   3.254335    34.8077    27.6402 0.0000e+00
       4730    464.185     3.9329   3.254330    34.8077    27.6402 0.0000e+00
       4731    464.011     3.9329   3.254324    34.8078    27.6403 0.0000e+00
       4732    463.839     3.9330   3.254317    34.8077    27.6402 0.0000e+00
       4733    463.670     3.9330   3.254311    34.8077    27.6402 0.0000e+00
       4734    463.505     3.9330   3.254305    34.8077    27.6402 0.0000e+00
       4735    463.345     3.9330   3.254296    34.8077    27.6402 0.0000e+00
       4736    463.190     3.9330   3.254286    34.8076    27.6401 0.0000e+00
       4737    463.033     3.9330   3.254280    34.8076    27.6402 0.0000e+00
       4738    462.873     3.9330   3.254276    34.8077    27.6402 0.0000e+00
       4739    462.713     3.9330   3.254273    34.8077    27.6402 0.0000e+00
       4740    462.556     3.9329   3.254264    34.8078    27.6403 0.0000e+00
       4741    462.401     3.9329   3.254249    34.8077    27.6402 0.0000e+00
       4742    462.244     3.9329   3.254237    34.8077    27.6402 0.0000e+00
       4743    462.092     3.9329   3.254229    34.8076    27.6402 0.0000e+00
       4744    461.949     3.9329   3.254219    34.8076    27.6401 0.0000e+00
       4745    461.807     3.9329   3.254215    34.8076    27.6402 0.0000e+00
       4746    461.663     3.9329   3.254214    34.8077    27.6402 0.0000e+00
       4747    461.514     3.9329   3.254207    34.8077    27.6402 0.0000e+00
       4748    461.362     3.9329   3.254195    34.8076    27.6402 0.0000e+00
       4749    461.221     3.9329   3.254184    34.8076    27.6401 0.0000e+00
       4750    461.096     3.9329   3.254170    34.8075    27.6400 0.0000e+00
       4751    460.979     3.9329   3.254160    34.8074    27.6400 0.0000e+00
       4752    460.858     3.9329   3.254157    34.8074    27.6400 0.0000e+00
       4753    460.727     3.9329   3.254155    34.8075    27.6400 0.0000e+00
       4754    460.586     3.9329   3.254148    34.8075    27.6400 0.0000e+00
       4755    460.442     3.9329   3.254136    34.8074    27.6400 0.0000e+00
       4756    460.300     3.9328   3.254124    34.8075    27.6400 0.0000e+00
       4757    460.160     3.9328   3.254118    34.8075    27.6400 0.0000e+00
       4758    460.022     3.9327   3.254115    34.8076    27.6402 0.0000e+00
       4759    459.887     3.9327   3.254113    34.8076    27.6402 0.0000e+00
       4760    459.753     3.9326   3.254104    34.8077    27.6403 0.0000e+00
       4761    459.623     3.9326   3.254092    34.8076    27.6402 0.0000e+00
       4762    459.498     3.9326   3.254083    34.8076    27.6402 0.0000e+00
       4763    459.379     3.9326   3.254073    34.8075    27.6401 0.0000e+00
       4764    459.266     3.9326   3.254063    34.8075    27.6401 0.0000e+00
       4765    459.154     3.9325   3.254056    34.8076    27.6401 0.0000e+00
       4766    459.033     3.9325   3.254053    34.8076    27.6402 0.0000e+00
       4767    458.898     3.9326   3.254052    34.8076    27.6401 0.0000e+00
       4768    458.749     3.9326   3.254049    34.8076    27.6402 0.0000e+00
       4769    458.587     3.9326   3.254041    34.8076    27.6402 0.0000e+00
       4770    458.422     3.9326   3.254027    34.8075    27.6401 0.0000e+00
       4771    458.275     3.9324   3.254016    34.8077    27.6402 0.0000e+00
       4772    458.157     3.9322   3.254007    34.8078    27.6404 0.0000e+00
       4773    458.062     3.9322   3.253998    34.8078    27.6403 0.0000e+00
       4774    457.970     3.9322   3.253993    34.8078    27.6403 0.0000e+00
       4775    457.859     3.9322   3.253984    34.8077    27.6403 0.0000e+00
       4776    457.722     3.9322   3.253975    34.8077    27.6403 0.0000e+00
       4777    457.569     3.9322   3.253970    34.8077    27.6403 0.0000e+00
       4778    457.416     3.9322   3.253968    34.8078    27.6403 0.0000e+00
       4779    457.273     3.9322   3.253963    34.8078    27.6403 0.0000e+00
       4780    457.138     3.9322   3.253953    34.8077    27.6403 0.0000e+00
       4781    457.006     3.9322   3.253945    34.8077    27.6403 0.0000e+00
       4782    456.870     3.9322   3.253939    34.8077    27.6403 0.0000e+00
       4783    456.722     3.9322   3.253933    34.8077    27.6403 0.0000e+00
       4784    456.561     3.9322   3.253924    34.8077    27.6403 0.0000e+00
       4785    456.399     3.9322   3.253914    34.8077    27.6403 0.0000e+00
       4786    456.250     3.9322   3.253905    34.8076    27.6402 0.0000e+00
       4787    456.117     3.9322   3.253894    34.8076    27.6402 0.0000e+00
       4788    455.988     3.9322   3.253888    34.8076    27.6402 0.0000e+00
       4789    455.849     3.9323   3.253886    34.8075    27.6401 0.0000e+00
       4790    455.692     3.9325   3.253882    34.8073    27.6400 0.0000e+00
       4791    455.521     3.9325   3.253872    34.8073    27.6399 0.0000e+00
       4792    455.348     3.9325   3.253863    34.8073    27.6399 0.0000e+00
       4793    455.184     3.9325   3.253852    34.8073    27.6399 0.0000e+00
       4794    455.025     3.9324   3.253842    34.8073    27.6400 0.0000e+00
       4795    454.865     3.9324   3.253836    34.8073    27.6400 0.0000e+00
       4796    454.700     3.9324   3.253826    34.8073    27.6400 0.0000e+00
       4797    454.531     3.9324   3.253813    34.8072    27.6399 0.0000e+00
       4798    454.360     3.9323   3.253805    34.8074    27.6400 0.0000e+00
       4799    454.183     3.9322   3.253797    34.8075    27.6401 0.0000e+00
       4800    453.995     3.9320   3.253784    34.8076    27.6402 0.0000e+00
       4801    453.794     3.9318   3.253765    34.8077    27.6403 0.0000e+00
       4802    453.582     3.9318   3.253751    34.8077    27.6403 0.0000e+00
       4803    453.362     3.9318   3.253739    34.8076    27.6403 0.0000e+00
       4804    453.138     3.9317   3.253723    34.8077    27.6403 0.0000e+00
       4805    452.906     3.9317   3.253715    34.8077    27.6403 0.0000e+00
       4806    452.667     3.9317   3.253707    34.8077    27.6404 0.0000e+00
       4807    452.426     3.9316   3.253693    34.8078    27.6404 0.0000e+00
       4808    452.187     3.9316   3.253673    34.8077    27.6403 0.0000e+00
       4809    451.953     3.9314   3.253651    34.8078    27.6404 0.0000e+00
       4810    451.720     3.9314   3.253639    34.8077    27.6404 0.0000e+00
       4811    451.477     3.9314   3.253631    34.8078    27.6404 0.0000e+00
       4812    451.221     3.9314   3.253619    34.8078    27.6404 0.0000e+00
       4813    450.957     3.9314   3.253607    34.8078    27.6404 0.0000e+00
       4814    450.682     3.9314   3.253593    34.8077    27.6404 0.0000e+00
       4815    450.399     3.9314   3.253580    34.8077    27.6404 0.0000e+00
       4816    450.113     3.9314   3.253569    34.8078    27.6404 0.0000e+00
       4817    449.828     3.9314   3.253552    34.8077    27.6404 0.0000e+00
       4818    449.550     3.9314   3.253531    34.8076    27.6403 0.0000e+00
       4819    449.281     3.9313   3.253511    34.8076    27.6403 0.0000e+00
       4820    449.013     3.9312   3.253496    34.8077    27.6404 0.0000e+00
       4821    448.736     3.9312   3.253488    34.8077    27.6404 0.0000e+00
       4822    448.444     3.9312   3.253482    34.8078    27.6405 0.0000e+00
       4823    448.138     3.9312   3.253473    34.8079    27.6405 0.0000e+00
       4824    447.818     3.9312   3.253455    34.8078    27.6405 0.0000e+00
       4825    447.489     3.9312   3.253434    34.8078    27.6404 0.0000e+00
       4826    447.159     3.9311   3.253414    34.8078    27.6405 0.0000e+00
       4827    446.833     3.9310   3.253399    34.8079    27.6406 0.0000e+00
       4828    446.507     3.9310   3.253381    34.8079    27.6405 0.0000e+00
       4829    446.179     3.9310   3.253357    34.8078    27.6405 0.0000e+00
       4830    445.850     3.9308   3.253336    34.8079    27.6406 0.0000e+00
       4831    445.524     3.9307   3.253318    34.8080    27.6406 0.0000e+00
       4832    445.202     3.9307   3.253305    34.8080    27.6407 0.0000e+00
       4833    444.874     3.9307   3.253291    34.8080    27.6407 0.0000e+00
       4834    444.535     3.9307   3.253273    34.8080    27.6406 0.0000e+00
       4835    444.187     3.9308   3.253257    34.8078    27.6405 0.0000e+00
       4836    443.834     3.9309   3.253242    34.8077    27.6405 0.0000e+00
       4837    443.479     3.9310   3.253223    34.8076    27.6403 0.0000e+00
       4838    443.128     3.9310   3.253208    34.8076    27.6403 0.0000e+00
       4839    442.778     3.9310   3.253188    34.8076    27.6403 0.0000e+00
       4840    442.426     3.9310   3.253164    34.8075    27.6402 0.0000e+00
       4841    442.071     3.9310   3.253143    34.8074    27.6402 0.0000e+00
       4842    441.713     3.9310   3.253122    34.8073    27.6401 0.0000e+00
       4843    441.352     3.9309   3.253106    34.8074    27.6402 0.0000e+00
       4844    440.984     3.9309   3.253090    34.8075    27.6402 0.0000e+00
       4845    440.612     3.9310   3.253073    34.8073    27.6401 0.0000e+00
       4846    440.236     3.9310   3.253056    34.8073    27.6401 0.0000e+00
       4847    439.855     3.9310   3.253037    34.8073    27.6401 0.0000e+00
       4848    439.469     3.9310   3.253017    34.8073    27.6401 0.0000e+00
       4849    439.078     3.9310   3.252998    34.8073    27.6401 0.0000e+00
       4850    438.685     3.9310   3.252975    34.8072    27.6400 0.0000e+00
       4851    438.296     3.9309   3.252950    34.8072    27.6400 0.0000e+00
       4852    437.914     3.9307   3.252925    34.8073    27.6402 0.0000e+00
       4853    437.534     3.9307   3.252902    34.8073    27.6401 0.0000e+00
       4854    437.150     3.9307   3.252879    34.8072    27.6400 0.0000e+00
       4855    436.755     3.9306   3.252860    34.8073    27.6401 0.0000e+00
       4856    436.349     3.9305   3.252843    34.8074    27.6402 0.0000e+00
       4857    435.939     3.9305   3.252827    34.8074    27.6402 0.0000e+00
       4858    435.531     3.9305   3.252811    34.8075    27.6403 0.0000e+00
       4859    435.128     3.9304   3.252790    34.8075    27.6403 0.0000e+00
       4860    434.729     3.9303   3.252764    34.8075    27.6404 0.0000e+00
       4861    434.328     3.9303   3.252742    34.8075    27.6403 0.0000e+00
       4862    433.921     3.9303   3.252723    34.8075    27.6403 0.0000e+00
       4863    433.506     3.9302   3.252701    34.8076    27.6404 0.0000e+00
       4864    433.088     3.9302   3.252677    34.8075    27.6403 0.0000e+00
       4865    432.669     3.9301   3.252654    34.8075    27.6404 0.0000e+00
       4866    432.250     3.9301   3.252634    34.8075    27.6404 0.0000e+00
       4867    431.831     3.9301   3.252611    34.8075    27.6403 0.0000e+00
       4868    431.407     3.9299   3.252583    34.8076    27.6404 0.0000e+00
       4869    430.980     3.9299   3.252561    34.8076    27.6404 0.0000e+00
       4870    430.548     3.9299   3.252542    34.8076    27.6404 0.0000e+00
       4871    430.110     3.9299   3.252520    34.8075    27.6404 0.0000e+00
       4872    429.666     3.9298   3.252493    34.8076    27.6404 0.0000e+00
       4873    429.217     3.9297   3.252465    34.8076    27.6404 0.0000e+00
       4874    428.762     3.9298   3.252441    34.8074    27.6403 0.0000e+00
       4875    428.299     3.9299   3.252420    34.8073    27.6402 0.0000e+00
       4876    427.825     3.9300   3.252401    34.8072    27.6401 0.0000e+00
       4877    427.341     3.9301   3.252385    34.8072    27.6401 0.0000e+00
       4878    426.851     3.9301   3.252367    34.8072    27.6401 0.0000e+00
       4879    426.365     3.9301   3.252342    34.8072    27.6401 0.0000e+00
       4880    425.880     3.9301   3.252310    34.8071    27.6400 0.0000e+00
       4881    425.389     3.9299   3.252279    34.8072    27.6401 0.0000e+00
       4882    424.891     3.9298   3.252253    34.8072    27.6402 0.0000e+00
       4883    424.386     3.9297   3.252230    34.8073    27.6403 0.0000e+00
       4884    423.875     3.9298   3.252204    34.8072    27.6401 0.0000e+00
       4885    423.359     3.9298   3.252178    34.8072    27.6401 0.0000e+00
       4886    422.841     3.9298   3.252158    34.8072    27.6401 0.0000e+00
       4887    422.322     3.9298   3.252136    34.8072    27.6402 0.0000e+00
       4888    421.795     3.9298   3.252111    34.8072    27.6401 0.0000e+00
       4889    421.258     3.9298   3.252082    34.8071    27.6401 0.0000e+00
       4890    420.710     3.9298   3.252048    34.8070    27.6400 0.0000e+00
       4891    420.151     3.9296   3.252018    34.8072    27.6401 0.0000e+00
       4892    419.586     3.9295   3.251990    34.8073    27.6402 0.0000e+00
       4893    419.025     3.9295   3.251962    34.8072    27.6402 0.0000e+00
       4894    418.475     3.9295   3.251932    34.8072    27.6401 0.0000e+00
       4895    417.929     3.9295   3.251899    34.8071    27.6401 0.0000e+00
       4896    417.377     3.9295   3.251867    34.8070    27.6400 0.0000e+00
       4897    416.816     3.9295   3.251841    34.8070    27.6400 0.0000e+00
       4898    416.249     3.9295   3.251820    34.8070    27.6400 0.0000e+00
       4899    415.679     3.9295   3.251799    34.8071    27.6401 0.0000e+00
       4900    415.098     3.9295   3.251768    34.8070    27.6400 0.0000e+00
       4901    414.503     3.9295   3.251732    34.8069    27.6399 0.0000e+00
       4902    413.894     3.9295   3.251701    34.8069    27.6399 0.0000e+00
       4903    413.269     3.9295   3.251676    34.8069    27.6399 0.0000e+00
       4904    412.630     3.9293   3.251646    34.8071    27.6401 0.0000e+00
       4905    411.986     3.9293   3.251612    34.8070    27.6401 0.0000e+00
       4906    411.348     3.9292   3.251575    34.8070    27.6401 0.0000e+00
       4907    410.723     3.9291   3.251541    34.8071    27.6401 0.0000e+00
       4908    410.110     3.9291   3.251504    34.8070    27.6400 0.0000e+00
       4909    409.500     3.9291   3.251467    34.8069    27.6399 0.0000e+00
       4910    408.880     3.9290   3.251434    34.8069    27.6400 0.0000e+00
       4911    408.245     3.9288   3.251399    34.8070    27.6401 0.0000e+00
       4912    407.594     3.9288   3.251364    34.8070    27.6400 0.0000e+00
       4913    406.930     3.9288   3.251334    34.8070    27.6400 0.0000e+00
       4914    406.258     3.9288   3.251306    34.8070    27.6401 0.0000e+00
       4915    405.586     3.9288   3.251271    34.8069    27.6400 0.0000e+00
       4916    404.918     3.9288   3.251234    34.8068    27.6400 0.0000e+00
       4917    404.251     3.9287   3.251199    34.8069    27.6400 0.0000e+00
       4918    403.576     3.9287   3.251157    34.8068    27.6399 0.0000e+00
       4919    402.876     3.9287   3.251118    34.8067    27.6398 0.0000e+00
       4920    402.142     3.9287   3.251085    34.8067    27.6398 0.0000e+00
       4921    401.389     3.9287   3.251054    34.8067    27.6398 0.0000e+00
       4922    400.660     3.9287   3.251026    34.8068    27.6399 0.0000e+00
       4923    399.989     3.9287   3.250991    34.8067    27.6398 0.0000e+00
