Datasets/Multi_Species/TEL214/tel214_2020_020.cnv
* Sea-Bird SBE19plus Data File:
* Filename = C:/AQUIRE/tel214_2020_020.hex
* Software Version AquireV2 AF V2.0
* Temperature SN =  7853
* Conductivity SN =  7853
* System UpLoad Time = Nov 11 2020 20:36:02
* <ApplicationData>
* <AQUIREV2>
** VESSEL/TRIP/SEQ STN: tel214_2020_020
** LATITUDE: 54 28.73 N
** LONGITUDE: 53 25.22 W
** DATE/TIME: 2020-11-11 19:23
** SOUNDING DEPTH (M): 0440
** PROBE TYPE: S7853
** CTD NUMBER: 020
** COMMENTS: 
# nquan = 7                                 
# nvalues = 4188                        
# units = specified
# name 0 = scan: Scan Count
# name 1 = prdM: Pressure, Strain Gauge [db]
# name 2 = tv290C: Temperature [ITS-90, deg C]
# name 3 = c0S/m: Conductivity [S/m]
# name 4 = sal00: Salinity, Practical [PSU]
# name 5 = sigma-t00: Density [sigma-t, kg/m^3 ]
# name 6 = flag: flag
# span 0 =          1,       4188       
# span 1 =     -1.086,    441.240       
# span 2 =    -0.2009,     4.0881       
# span 3 =   0.000083,   3.265360       
# span 4 =    -0.0014,    34.7879       
# span 5 =    -0.1714,    27.6084       
# span 6 = 0.0000e+00, 0.0000e+00       
# interval = seconds: 1
# start_time = Nov 11 2020 19:23:31 [Instrument's time stamp, header]
# bad_flag = -9.990e-29
*END*
[from data line 2872]
       2873    423.682     4.0818   3.263676    34.7825    27.6046 0.0000e+00
       2874    423.383     4.0813   3.263599    34.7823    27.6045 0.0000e+00
       2875    423.078     4.0808   3.263544    34.7823    27.6046 0.0000e+00
       2876    422.765     4.0806   3.263508    34.7823    27.6045 0.0000e+00
       2877    422.447     4.0804   3.263484    34.7824    27.6046 0.0000e+00
       2878    422.126     4.0804   3.263463    34.7823    27.6046 0.0000e+00
       2879    421.799     4.0804   3.263437    34.7821    27.6045 0.0000e+00
       2880    421.468     4.0804   3.263410    34.7820    27.6044 0.0000e+00
       2881    421.142     4.0804   3.263395    34.7820    27.6043 0.0000e+00
       2882    420.822     4.0804   3.263384    34.7820    27.6044 0.0000e+00
       2883    420.505     4.0804   3.263370    34.7820    27.6044 0.0000e+00
       2884    420.190     4.0804   3.263359    34.7821    27.6044 0.0000e+00
       2885    419.874     4.0804   3.263348    34.7821    27.6044 0.0000e+00
       2886    419.559     4.0804   3.263335    34.7821    27.6045 0.0000e+00
       2887    419.247     4.0805   3.263321    34.7820    27.6044 0.0000e+00
       2888    418.930     4.0807   3.263305    34.7818    27.6042 0.0000e+00
       2889    418.602     4.0808   3.263290    34.7817    27.6041 0.0000e+00
       2890    418.265     4.0808   3.263276    34.7817    27.6041 0.0000e+00
       2891    417.928     4.0808   3.263262    34.7817    27.6041 0.0000e+00
       2892    417.597     4.0807   3.263235    34.7817    27.6041 0.0000e+00
       2893    417.272     4.0807   3.263192    34.7813    27.6038 0.0000e+00
       2894    416.949     4.0804   3.263141    34.7812    27.6037 0.0000e+00
       2895    416.623     4.0802   3.263095    34.7811    27.6036 0.0000e+00
       2896    416.295     4.0801   3.263054    34.7809    27.6035 0.0000e+00
       2897    415.969     4.0801   3.263029    34.7807    27.6034 0.0000e+00
       2898    415.642     4.0801   3.263016    34.7808    27.6034 0.0000e+00
       2899    415.314     4.0800   3.263001    34.7809    27.6035 0.0000e+00
       2900    414.986     4.0800   3.262987    34.7809    27.6035 0.0000e+00
       2901    414.657     4.0800   3.262980    34.7810    27.6036 0.0000e+00
       2902    414.329     4.0800   3.262974    34.7811    27.6036 0.0000e+00
       2903    414.003     4.0800   3.262967    34.7811    27.6037 0.0000e+00
       2904    413.682     4.0801   3.262956    34.7811    27.6036 0.0000e+00
       2905    413.370     4.0801   3.262944    34.7811    27.6037 0.0000e+00
       2906    413.064     4.0801   3.262925    34.7810    27.6036 0.0000e+00
       2907    412.758     4.0800   3.262884    34.7808    27.6035 0.0000e+00
       2908    412.446     4.0798   3.262833    34.7806    27.6033 0.0000e+00
       2909    412.129     4.0796   3.262791    34.7805    27.6032 0.0000e+00
       2910    411.811     4.0794   3.262759    34.7805    27.6032 0.0000e+00
       2911    411.492     4.0793   3.262725    34.7804    27.6032 0.0000e+00
       2912    411.169     4.0791   3.262693    34.7804    27.6032 0.0000e+00
       2913    410.842     4.0789   3.262671    34.7805    27.6033 0.0000e+00
       2914    410.516     4.0789   3.262658    34.7805    27.6033 0.0000e+00
       2915    410.189     4.0789   3.262656    34.7807    27.6034 0.0000e+00
       2916    409.859     4.0789   3.262666    34.7809    27.6037 0.0000e+00
       2917    409.531     4.0791   3.262685    34.7811    27.6038 0.0000e+00
       2918    409.205     4.0793   3.262694    34.7812    27.6038 0.0000e+00
       2919    408.874     4.0793   3.262685    34.7813    27.6039 0.0000e+00
       2920    408.532     4.0793   3.262668    34.7812    27.6039 0.0000e+00
       2921    408.181     4.0793   3.262646    34.7812    27.6038 0.0000e+00
       2922    407.830     4.0793   3.262619    34.7810    27.6037 0.0000e+00
       2923    407.480     4.0793   3.262582    34.7808    27.6035 0.0000e+00
       2924    407.132     4.0791   3.262534    34.7806    27.6034 0.0000e+00
       2925    406.785     4.0789   3.262485    34.7804    27.6033 0.0000e+00
       2926    406.442     4.0789   3.262439    34.7801    27.6030 0.0000e+00
       2927    406.098     4.0789   3.262323    34.7789    27.6020 0.0000e+00
       2928    405.746     4.0789   3.262215    34.7778    27.6012 0.0000e+00
       2929    405.388     4.0791   3.262300    34.7788    27.6019 0.0000e+00
       2930    405.030     4.0794   3.262432    34.7802    27.6030 0.0000e+00
       2931    404.670     4.0798   3.262466    34.7804    27.6031 0.0000e+00
       2932    404.307     4.0800   3.262449    34.7802    27.6029 0.0000e+00
       2933    403.942     4.0800   3.262417    34.7800    27.6028 0.0000e+00
       2934    403.571     4.0799   3.262400    34.7801    27.6029 0.0000e+00
       2935    403.196     4.0799   3.262393    34.7802    27.6030 0.0000e+00
       2936    402.816     4.0799   3.262381    34.7803    27.6030 0.0000e+00
       2937    402.427     4.0799   3.262367    34.7803    27.6030 0.0000e+00
       2938    402.037     4.0801   3.262374    34.7804    27.6031 0.0000e+00
       2939    401.654     4.0805   3.262421    34.7807    27.6033 0.0000e+00
       2940    401.272     4.0813   3.262479    34.7808    27.6033 0.0000e+00
       2941    400.880     4.0820   3.262504    34.7805    27.6030 0.0000e+00
       2942    400.477     4.0823   3.262492    34.7803    27.6028 0.0000e+00
       2943    400.063     4.0824   3.262485    34.7803    27.6028 0.0000e+00
       2944    399.641     4.0828   3.262510    34.7804    27.6028 0.0000e+00
       2945    399.219     4.0835   3.262542    34.7803    27.6026 0.0000e+00
       2946    398.801     4.0841   3.262561    34.7801    27.6024 0.0000e+00
       2947    398.387     4.0846   3.262560    34.7798    27.6021 0.0000e+00
       2948    397.974     4.0849   3.262533    34.7793    27.6018 0.0000e+00
       2949    397.561     4.0850   3.262503    34.7791    27.6016 0.0000e+00
       2950    397.148     4.0849   3.262480    34.7792    27.6016 0.0000e+00
       2951    396.727     4.0847   3.262461    34.7794    27.6018 0.0000e+00
       2952    396.291     4.0847   3.262453    34.7795    27.6019 0.0000e+00
       2953    395.833     4.0848   3.262448    34.7796    27.6020 0.0000e+00
       2954    395.356     4.0850   3.262446    34.7796    27.6020 0.0000e+00
       2955    394.875     4.0852   3.262430    34.7795    27.6018 0.0000e+00
       2956    394.406     4.0853   3.262391    34.7791    27.6016 0.0000e+00
       2957    393.952     4.0852   3.262333    34.7788    27.6013 0.0000e+00
       2958    393.501     4.0850   3.262274    34.7785    27.6011 0.0000e+00
       2959    393.043     4.0846   3.262215    34.7785    27.6011 0.0000e+00
       2960    392.575     4.0841   3.262122    34.7782    27.6009 0.0000e+00
       2961    392.097     4.0835   3.261970    34.7773    27.6003 0.0000e+00
       2962    391.614     4.0824   3.261792    34.7766    27.5998 0.0000e+00
       2963    391.128     4.0814   3.261615    34.7758    27.5993 0.0000e+00
       2964    390.643     4.0805   3.261476    34.7754    27.5991 0.0000e+00
       2965    390.160     4.0801   3.261409    34.7753    27.5990 0.0000e+00
       2966    389.678     4.0798   3.261362    34.7753    27.5991 0.0000e+00
       2967    389.197     4.0794   3.261253    34.7747    27.5986 0.0000e+00
       2968    388.715     4.0785   3.261082    34.7738    27.5981 0.0000e+00
       2969    388.229     4.0772   3.260902    34.7733    27.5978 0.0000e+00
       2970    387.743     4.0759   3.260680    34.7724    27.5971 0.0000e+00
       2971    387.260     4.0741   3.260385    34.7710    27.5963 0.0000e+00
       2972    386.780     4.0720   3.260069    34.7698    27.5955 0.0000e+00
       2973    386.302     4.0697   3.259786    34.7691    27.5952 0.0000e+00
       2974    385.824     4.0679   3.259594    34.7690    27.5953 0.0000e+00
       2975    385.347     4.0667   3.259492    34.7693    27.5957 0.0000e+00
       2976    384.873     4.0658   3.259380    34.7692    27.5957 0.0000e+00
       2977    384.407     4.0648   3.259220    34.7686    27.5953 0.0000e+00
       2978    383.947     4.0635   3.259016    34.7678    27.5948 0.0000e+00
       2979    383.484     4.0621   3.258822    34.7672    27.5945 0.0000e+00
       2980    383.010     4.0609   3.258697    34.7672    27.5947 0.0000e+00
       2981    382.528     4.0599   3.258590    34.7673    27.5948 0.0000e+00
       2982    382.047     4.0587   3.258414    34.7667    27.5945 0.0000e+00
       2983    381.576     4.0570   3.258200    34.7662    27.5943 0.0000e+00
       2984    381.117     4.0555   3.258046    34.7662    27.5944 0.0000e+00
       2985    380.668     4.0546   3.257977    34.7666    27.5948 0.0000e+00
       2986    380.218     4.0542   3.257951    34.7670    27.5951 0.0000e+00
       2987    379.760     4.0541   3.257935    34.7671    27.5953 0.0000e+00
       2988    379.292     4.0541   3.257887    34.7668    27.5950 0.0000e+00
       2989    378.828     4.0536   3.257781    34.7663    27.5947 0.0000e+00
       2990    378.379     4.0526   3.257651    34.7661    27.5946 0.0000e+00
       2991    377.941     4.0517   3.257544    34.7660    27.5946 0.0000e+00
       2992    377.501     4.0512   3.257482    34.7660    27.5947 0.0000e+00
       2993    377.052     4.0511   3.257462    34.7661    27.5948 0.0000e+00
       2994    376.603     4.0509   3.257422    34.7661    27.5948 0.0000e+00
       2995    376.164     4.0505   3.257322    34.7656    27.5944 0.0000e+00
       2996    375.743     4.0497   3.257195    34.7652    27.5942 0.0000e+00
       2997    375.340     4.0488   3.257077    34.7649    27.5941 0.0000e+00
       2998    374.941     4.0482   3.257003    34.7649    27.5941 0.0000e+00
       2999    374.536     4.0480   3.256973    34.7650    27.5942 0.0000e+00
       3000    374.122     4.0479   3.256912    34.7646    27.5939 0.0000e+00
       3001    373.706     4.0472   3.256784    34.7640    27.5935 0.0000e+00
       3002    373.301     4.0461   3.256648    34.7638    27.5935 0.0000e+00
       3003    372.919     4.0452   3.256551    34.7638    27.5936 0.0000e+00
       3004    372.553     4.0446   3.256527    34.7643    27.5941 0.0000e+00
       3005    372.189     4.0444   3.256544    34.7649    27.5946 0.0000e+00
       3006    371.831     4.0445   3.256537    34.7649    27.5945 0.0000e+00
       3007    371.488     4.0446   3.256507    34.7647    27.5943 0.0000e+00
       3008    371.154     4.0445   3.256462    34.7644    27.5941 0.0000e+00
       3009    370.818     4.0443   3.256424    34.7643    27.5941 0.0000e+00
       3010    370.480     4.0441   3.256395    34.7644    27.5942 0.0000e+00
       3011    370.142     4.0438   3.256358    34.7645    27.5942 0.0000e+00
       3012    369.805     4.0436   3.256320    34.7644    27.5942 0.0000e+00
       3013    369.472     4.0435   3.256285    34.7643    27.5941 0.0000e+00
       3014    369.145     4.0435   3.256275    34.7643    27.5942 0.0000e+00
       3015    368.827     4.0436   3.256303    34.7647    27.5945 0.0000e+00
       3016    368.515     4.0441   3.256364    34.7651    27.5947 0.0000e+00
       3017    368.202     4.0447   3.256429    34.7654    27.5949 0.0000e+00
       3018    367.883     4.0450   3.256447    34.7654    27.5949 0.0000e+00
       3019    367.560     4.0450   3.256407    34.7651    27.5947 0.0000e+00
       3020    367.235     4.0447   3.256311    34.7645    27.5942 0.0000e+00
       3021    366.912     4.0440   3.256184    34.7639    27.5938 0.0000e+00
       3022    366.593     4.0431   3.256085    34.7639    27.5938 0.0000e+00
       3023    366.277     4.0426   3.256026    34.7638    27.5939 0.0000e+00
       3024    365.963     4.0421   3.255986    34.7641    27.5941 0.0000e+00
       3025    365.648     4.0419   3.255958    34.7641    27.5942 0.0000e+00
       3026    365.328     4.0419   3.255938    34.7641    27.5941 0.0000e+00
       3027    365.007     4.0419   3.255902    34.7638    27.5939 0.0000e+00
       3028    364.690     4.0417   3.255847    34.7635    27.5937 0.0000e+00
       3029    364.375     4.0414   3.255794    34.7634    27.5936 0.0000e+00
       3030    364.060     4.0412   3.255762    34.7634    27.5937 0.0000e+00
       3031    363.747     4.0410   3.255744    34.7635    27.5938 0.0000e+00
       3032    363.436     4.0408   3.255722    34.7637    27.5939 0.0000e+00
       3033    363.127     4.0408   3.255699    34.7636    27.5938 0.0000e+00
       3034    362.821     4.0406   3.255674    34.7636    27.5939 0.0000e+00
       3035    362.514     4.0404   3.255641    34.7636    27.5939 0.0000e+00
       3036    362.202     4.0403   3.255606    34.7635    27.5938 0.0000e+00
       3037    361.884     4.0401   3.255572    34.7635    27.5938 0.0000e+00
       3038    361.561     4.0399   3.255544    34.7635    27.5939 0.0000e+00
       3039    361.238     4.0398   3.255524    34.7635    27.5939 0.0000e+00
       3040    360.924     4.0397   3.255493    34.7635    27.5939 0.0000e+00
       3041    360.619     4.0397   3.255448    34.7631    27.5936 0.0000e+00
       3042    360.316     4.0395   3.255406    34.7630    27.5935 0.0000e+00
       3043    360.016     4.0391   3.255385    34.7633    27.5938 0.0000e+00
       3044    359.718     4.0386   3.255358    34.7637    27.5941 0.0000e+00
       3045    359.416     4.0382   3.255300    34.7636    27.5941 0.0000e+00
       3046    359.103     4.0381   3.255238    34.7631    27.5938 0.0000e+00
       3047    358.777     4.0380   3.255181    34.7627    27.5934 0.0000e+00
       3048    358.436     4.0378   3.255147    34.7627    27.5935 0.0000e+00
       3049    358.086     4.0377   3.255145    34.7630    27.5937 0.0000e+00
       3050    357.732     4.0375   3.255138    34.7633    27.5940 0.0000e+00
       3051    357.372     4.0375   3.255120    34.7632    27.5939 0.0000e+00
       3052    357.007     4.0376   3.255102    34.7631    27.5938 0.0000e+00
       3053    356.639     4.0377   3.255073    34.7629    27.5936 0.0000e+00
       3054    356.259     4.0376   3.255037    34.7628    27.5935 0.0000e+00
       3055    355.862     4.0374   3.255002    34.7628    27.5936 0.0000e+00
       3056    355.445     4.0374   3.254977    34.7627    27.5935 0.0000e+00
       3057    355.009     4.0374   3.254958    34.7627    27.5935 0.0000e+00
       3058    354.551     4.0373   3.254935    34.7628    27.5936 0.0000e+00
       3059    354.073     4.0373   3.254905    34.7627    27.5935 0.0000e+00
       3060    353.578     4.0371   3.254862    34.7626    27.5935 0.0000e+00
       3061    353.065     4.0368   3.254811    34.7626    27.5935 0.0000e+00
       3062    352.530     4.0366   3.254765    34.7626    27.5935 0.0000e+00
       3063    351.974     4.0366   3.254728    34.7624    27.5934 0.0000e+00
       3064    351.395     4.0365   3.254675    34.7622    27.5932 0.0000e+00
       3065    350.797     4.0362   3.254591    34.7619    27.5930 0.0000e+00
       3066    350.180     4.0358   3.254511    34.7617    27.5929 0.0000e+00
       3067    349.542     4.0356   3.254460    34.7616    27.5928 0.0000e+00
       3068    348.883     4.0353   3.254418    34.7618    27.5930 0.0000e+00
       3069    348.198     4.0351   3.254369    34.7618    27.5930 0.0000e+00
       3070    347.483     4.0349   3.254318    34.7618    27.5930 0.0000e+00
       3071    346.747     4.0347   3.254257    34.7616    27.5930 0.0000e+00
       3072    346.011     4.0344   3.254181    34.7615    27.5928 0.0000e+00
       3073    345.283     4.0341   3.254092    34.7611    27.5926 0.0000e+00
       3074    344.553     4.0336   3.254010    34.7611    27.5926 0.0000e+00
       3075    343.802     4.0334   3.253950    34.7610    27.5925 0.0000e+00
       3076    343.018     4.0331   3.253876    34.7608    27.5925 0.0000e+00
