Datasets/Multi_Species/TEL214/tel214_2020_006.cnv
* Sea-Bird SBE19plus Data File:
* Filename = C:/AQUIRE/tel214_2020_006.hex
* Software Version AquireV2 AF V2.0
* Temperature SN =  7853
* Conductivity SN =  7853
* System UpLoad Time = Nov 07 2020 03:08:08
* <ApplicationData>
* <AQUIREV2>
** VESSEL/TRIP/SEQ STN: tel214_2020_006
** LATITUDE: 53 23.98 N
** LONGITUDE: 05 14.25 W
** DATE/TIME: 2020-11-07 02:15
** SOUNDING DEPTH (M): 0320
** PROBE TYPE: S7853
** CTD NUMBER: 006
** COMMENTS: 
# nquan = 7                                 
# nvalues = 2963                        
# units = specified
# name 0 = scan: Scan Count
# name 1 = prdM: Pressure, Strain Gauge [db]
# name 2 = tv290C: Temperature [ITS-90, deg C]
# name 3 = c0S/m: Conductivity [S/m]
# name 4 = sal00: Salinity, Practical [PSU]
# name 5 = sigma-t00: Density [sigma-t, kg/m^3 ]
# name 6 = flag: flag
# span 0 =          1,       2963       
# span 1 =     -1.118,    319.123       
# span 2 =     0.9107,     3.5739       
# span 3 =   0.000097,   3.158219       
# span 4 =    -0.0006,    34.4059       
# span 5 =    -0.1030,    27.3830       
# span 6 = 0.0000e+00, 0.0000e+00       
# interval = seconds: 1
# start_time = Nov 07 2020 02:15:49 [Instrument's time stamp, header]
# bad_flag = -9.990e-29
*END*
[from data line 821]
        822    304.346     3.2837   3.155515    34.3978    27.3780 0.0000e+00
        823    304.751     3.2839   3.155549    34.3978    27.3780 0.0000e+00
        824    305.161     3.2839   3.155574    34.3979    27.3781 0.0000e+00
        825    305.561     3.2839   3.155585    34.3978    27.3780 0.0000e+00
        826    305.942     3.2839   3.155589    34.3976    27.3779 0.0000e+00
        827    306.304     3.2839   3.155598    34.3976    27.3778 0.0000e+00
        828    306.645     3.2839   3.155607    34.3975    27.3777 0.0000e+00
        829    306.969     3.2839   3.155615    34.3974    27.3777 0.0000e+00
        830    307.283     3.2839   3.155624    34.3973    27.3776 0.0000e+00
        831    307.585     3.2839   3.155635    34.3973    27.3776 0.0000e+00
        832    307.868     3.2839   3.155656    34.3974    27.3777 0.0000e+00
        833    308.136     3.2839   3.155685    34.3976    27.3778 0.0000e+00
        834    308.405     3.2840   3.155706    34.3976    27.3778 0.0000e+00
        835    308.689     3.2841   3.155722    34.3976    27.3778 0.0000e+00
        836    308.996     3.2842   3.155742    34.3975    27.3777 0.0000e+00
        837    309.319     3.2843   3.155770    34.3976    27.3778 0.0000e+00
        838    309.642     3.2843   3.155800    34.3978    27.3779 0.0000e+00
        839    309.938     3.2843   3.155820    34.3978    27.3780 0.0000e+00
        840    310.178     3.2843   3.155829    34.3978    27.3780 0.0000e+00
        841    310.359     3.2843   3.155840    34.3979    27.3780 0.0000e+00
        842    310.518     3.2843   3.155857    34.3980    27.3781 0.0000e+00
        843    310.707     3.2843   3.155871    34.3980    27.3782 0.0000e+00
        844    310.951     3.2844   3.155886    34.3980    27.3781 0.0000e+00
        845    311.236     3.2845   3.155902    34.3979    27.3780 0.0000e+00
        846    311.513     3.2845   3.155921    34.3980    27.3781 0.0000e+00
        847    311.746     3.2846   3.155941    34.3980    27.3781 0.0000e+00
        848    311.948     3.2847   3.155957    34.3980    27.3781 0.0000e+00
        849    312.142     3.2847   3.155970    34.3980    27.3781 0.0000e+00
        850    312.345     3.2847   3.155983    34.3981    27.3781 0.0000e+00
        851    312.563     3.2847   3.155992    34.3981    27.3781 0.0000e+00
        852    312.795     3.2847   3.156002    34.3981    27.3781 0.0000e+00
        853    313.030     3.2847   3.156017    34.3981    27.3782 0.0000e+00
        854    313.243     3.2847   3.156047    34.3984    27.3784 0.0000e+00
        855    313.415     3.2849   3.156096    34.3987    27.3786 0.0000e+00
        856    313.556     3.2851   3.156152    34.3990    27.3789 0.0000e+00
        857    313.690     3.2854   3.156192    34.3991    27.3789 0.0000e+00
        858    313.839     3.2855   3.156216    34.3992    27.3790 0.0000e+00
        859    314.004     3.2857   3.156239    34.3992    27.3790 0.0000e+00
        860    314.169     3.2858   3.156272    34.3994    27.3791 0.0000e+00
        861    314.315     3.2860   3.156315    34.3997    27.3793 0.0000e+00
        862    314.434     3.2862   3.156352    34.3998    27.3794 0.0000e+00
        863    314.539     3.2863   3.156379    34.4000    27.3795 0.0000e+00
        864    314.650     3.2865   3.156401    34.4000    27.3795 0.0000e+00
        865    314.772     3.2866   3.156412    34.3999    27.3794 0.0000e+00
        866    314.888     3.2866   3.156400    34.3997    27.3793 0.0000e+00
        867    314.978     3.2866   3.156379    34.3994    27.3790 0.0000e+00
        868    315.039     3.2866   3.156366    34.3992    27.3789 0.0000e+00
        869    315.089     3.2866   3.156361    34.3992    27.3788 0.0000e+00
        870    315.143     3.2865   3.156365    34.3993    27.3789 0.0000e+00
        871    315.207     3.2865   3.156376    34.3994    27.3790 0.0000e+00
        872    315.277     3.2865   3.156390    34.3995    27.3791 0.0000e+00
        873    315.351     3.2866   3.156404    34.3995    27.3791 0.0000e+00
        874    315.423     3.2866   3.156422    34.3997    27.3793 0.0000e+00
        875    315.487     3.2866   3.156433    34.3998    27.3793 0.0000e+00
        876    315.537     3.2866   3.156433    34.3998    27.3793 0.0000e+00
        877    315.574     3.2866   3.156436    34.3998    27.3793 0.0000e+00
        878    315.598     3.2866   3.156440    34.3998    27.3794 0.0000e+00
        879    315.621     3.2866   3.156435    34.3998    27.3793 0.0000e+00
        880    315.656     3.2866   3.156426    34.3996    27.3792 0.0000e+00
        881    315.710     3.2865   3.156416    34.3996    27.3792 0.0000e+00
        882    315.769     3.2865   3.156408    34.3995    27.3791 0.0000e+00
        883    315.810     3.2864   3.156399    34.3994    27.3791 0.0000e+00
        884    315.835     3.2862   3.156387    34.3995    27.3791 0.0000e+00
        885    315.864     3.2862   3.156370    34.3993    27.3789 0.0000e+00
        886    315.908     3.2862   3.156363    34.3992    27.3789 0.0000e+00
        887    315.958     3.2863   3.156396    34.3994    27.3791 0.0000e+00
        888    315.998     3.2866   3.156470    34.4000    27.3795 0.0000e+00
        889    316.024     3.2870   3.156533    34.4003    27.3797 0.0000e+00
        890    316.042     3.2873   3.156559    34.4003    27.3797 0.0000e+00
        891    316.057     3.2874   3.156562    34.4002    27.3796 0.0000e+00
        892    316.080     3.2874   3.156546    34.4000    27.3794 0.0000e+00
        893    316.118     3.2872   3.156518    34.3999    27.3793 0.0000e+00
        894    316.168     3.2869   3.156484    34.3997    27.3793 0.0000e+00
        895    316.217     3.2867   3.156455    34.3996    27.3791 0.0000e+00
        896    316.239     3.2866   3.156437    34.3994    27.3791 0.0000e+00
        897    316.219     3.2865   3.156428    34.3995    27.3791 0.0000e+00
        898    316.168     3.2864   3.156424    34.3995    27.3791 0.0000e+00
        899    316.119     3.2863   3.156426    34.3997    27.3793 0.0000e+00
        900    316.113     3.2864   3.156431    34.3997    27.3792 0.0000e+00
        901    316.157     3.2865   3.156459    34.3999    27.3794 0.0000e+00
        902    316.211     3.2869   3.156531    34.4003    27.3797 0.0000e+00
        903    316.227     3.2874   3.156610    34.4007    27.3800 0.0000e+00
        904    316.214     3.2878   3.156642    34.4007    27.3799 0.0000e+00
        905    316.221     3.2878   3.156646    34.4007    27.3799 0.0000e+00
        906    316.273     3.2879   3.156667    34.4008    27.3800 0.0000e+00
        907    316.340     3.2883   3.156719    34.4010    27.3801 0.0000e+00
        908    316.384     3.2888   3.156789    34.4013    27.3803 0.0000e+00
        909    316.397     3.2892   3.156834    34.4014    27.3804 0.0000e+00
        910    316.409     3.2893   3.156855    34.4015    27.3805 0.0000e+00
        911    316.441     3.2895   3.156880    34.4016    27.3805 0.0000e+00
        912    316.481     3.2897   3.156905    34.4017    27.3805 0.0000e+00
        913    316.503     3.2897   3.156923    34.4019    27.3807 0.0000e+00
        914    316.511     3.2898   3.156934    34.4019    27.3807 0.0000e+00
        915    316.530     3.2898   3.156934    34.4019    27.3807 0.0000e+00
        916    316.567     3.2897   3.156925    34.4019    27.3807 0.0000e+00
        917    316.605     3.2897   3.156914    34.4017    27.3806 0.0000e+00
        918    316.625     3.2897   3.156907    34.4016    27.3805 0.0000e+00
        919    316.637     3.2897   3.156901    34.4016    27.3804 0.0000e+00
        920    316.663     3.2897   3.156899    34.4015    27.3804 0.0000e+00
        921    316.704     3.2897   3.156905    34.4016    27.3804 0.0000e+00
        922    316.741     3.2897   3.156912    34.4016    27.3805 0.0000e+00
        923    316.765     3.2897   3.156906    34.4015    27.3804 0.0000e+00
        924    316.779     3.2897   3.156890    34.4013    27.3803 0.0000e+00
        925    316.792     3.2897   3.156876    34.4012    27.3801 0.0000e+00
        926    316.817     3.2895   3.156868    34.4013    27.3802 0.0000e+00
        927    316.867     3.2893   3.156853    34.4013    27.3803 0.0000e+00
        928    316.928     3.2893   3.156820    34.4008    27.3799 0.0000e+00
        929    316.970     3.2891   3.156782    34.4006    27.3797 0.0000e+00
        930    316.982     3.2889   3.156768    34.4006    27.3798 0.0000e+00
        931    316.980     3.2888   3.156778    34.4008    27.3799 0.0000e+00
        932    316.989     3.2889   3.156793    34.4009    27.3800 0.0000e+00
        933    317.023     3.2889   3.156814    34.4011    27.3802 0.0000e+00
        934    317.074     3.2891   3.156829    34.4011    27.3801 0.0000e+00
        935    317.115     3.2891   3.156816    34.4009    27.3800 0.0000e+00
        936    317.121     3.2889   3.156796    34.4009    27.3800 0.0000e+00
        937    317.094     3.2889   3.156788    34.4008    27.3799 0.0000e+00
        938    317.059     3.2888   3.156783    34.4009    27.3800 0.0000e+00
        939    317.048     3.2887   3.156778    34.4009    27.3800 0.0000e+00
        940    317.078     3.2887   3.156770    34.4008    27.3799 0.0000e+00
        941    317.127     3.2885   3.156743    34.4006    27.3798 0.0000e+00
        942    317.157     3.2883   3.156695    34.4003    27.3795 0.0000e+00
        943    317.161     3.2879   3.156653    34.4002    27.3795 0.0000e+00
        944    317.163     3.2878   3.156633    34.4000    27.3794 0.0000e+00
        945    317.189     3.2878   3.156624    34.3999    27.3793 0.0000e+00
        946    317.241     3.2877   3.156614    34.3999    27.3793 0.0000e+00
        947    317.287     3.2875   3.156598    34.3999    27.3793 0.0000e+00
        948    317.298     3.2874   3.156584    34.3998    27.3793 0.0000e+00
        949    317.275     3.2874   3.156578    34.3997    27.3792 0.0000e+00
        950    317.253     3.2873   3.156571    34.3998    27.3792 0.0000e+00
        951    317.257     3.2872   3.156563    34.3998    27.3793 0.0000e+00
        952    317.285     3.2872   3.156557    34.3997    27.3792 0.0000e+00
        953    317.320     3.2872   3.156553    34.3996    27.3791 0.0000e+00
        954    317.343     3.2872   3.156561    34.3997    27.3792 0.0000e+00
        955    317.354     3.2873   3.156587    34.3999    27.3794 0.0000e+00
        956    317.362     3.2874   3.156616    34.4002    27.3795 0.0000e+00
        957    317.374     3.2874   3.156637    34.4004    27.3797 0.0000e+00
        958    317.392     3.2876   3.156650    34.4003    27.3797 0.0000e+00
        959    317.413     3.2876   3.156655    34.4004    27.3797 0.0000e+00
        960    317.432     3.2876   3.156648    34.4003    27.3796 0.0000e+00
        961    317.446     3.2875   3.156634    34.4002    27.3796 0.0000e+00
        962    317.450     3.2874   3.156621    34.4002    27.3795 0.0000e+00
        963    317.446     3.2874   3.156609    34.4000    27.3794 0.0000e+00
        964    317.438     3.2874   3.156607    34.4000    27.3794 0.0000e+00
        965    317.428     3.2874   3.156618    34.4001    27.3795 0.0000e+00
        966    317.427     3.2876   3.156620    34.4000    27.3794 0.0000e+00
        967    317.446     3.2875   3.156604    34.3999    27.3793 0.0000e+00
        968    317.472     3.2874   3.156606    34.4000    27.3794 0.0000e+00
        969    317.479     3.2876   3.156659    34.4004    27.3797 0.0000e+00
        970    317.456     3.2880   3.156721    34.4007    27.3799 0.0000e+00
        971    317.414     3.2883   3.156746    34.4007    27.3799 0.0000e+00
        972    317.375     3.2884   3.156754    34.4008    27.3799 0.0000e+00
        973    317.361     3.2885   3.156765    34.4008    27.3799 0.0000e+00
        974    317.371     3.2885   3.156774    34.4009    27.3800 0.0000e+00
        975    317.381     3.2885   3.156769    34.4008    27.3800 0.0000e+00
        976    317.378     3.2885   3.156755    34.4007    27.3798 0.0000e+00
        977    317.373     3.2883   3.156739    34.4007    27.3799 0.0000e+00
        978    317.376     3.2881   3.156719    34.4006    27.3799 0.0000e+00
        979    317.384     3.2881   3.156706    34.4005    27.3797 0.0000e+00
        980    317.384     3.2881   3.156722    34.4007    27.3799 0.0000e+00
        981    317.368     3.2882   3.156753    34.4010    27.3801 0.0000e+00
        982    317.348     3.2884   3.156771    34.4010    27.3801 0.0000e+00
        983    317.338     3.2885   3.156770    34.4009    27.3800 0.0000e+00
        984    317.342     3.2885   3.156756    34.4007    27.3799 0.0000e+00
        985    317.349     3.2885   3.156732    34.4004    27.3796 0.0000e+00
        986    317.340     3.2883   3.156711    34.4004    27.3796 0.0000e+00
        987    317.312     3.2881   3.156704    34.4005    27.3798 0.0000e+00
        988    317.285     3.2881   3.156703    34.4005    27.3798 0.0000e+00
        989    317.278     3.2881   3.156698    34.4004    27.3797 0.0000e+00
        990    317.294     3.2881   3.156690    34.4003    27.3796 0.0000e+00
        991    317.324     3.2881   3.156677    34.4002    27.3795 0.0000e+00
        992    317.346     3.2879   3.156657    34.4001    27.3795 0.0000e+00
        993    317.348     3.2878   3.156649    34.4001    27.3795 0.0000e+00
        994    317.338     3.2878   3.156668    34.4004    27.3797 0.0000e+00
        995    317.330     3.2879   3.156705    34.4007    27.3799 0.0000e+00
        996    317.336     3.2881   3.156746    34.4010    27.3801 0.0000e+00
        997    317.352     3.2885   3.156789    34.4011    27.3802 0.0000e+00
        998    317.371     3.2888   3.156827    34.4012    27.3803 0.0000e+00
        999    317.390     3.2891   3.156861    34.4013    27.3803 0.0000e+00
       1000    317.406     3.2893   3.156881    34.4013    27.3803 0.0000e+00
       1001    317.415     3.2893   3.156888    34.4014    27.3804 0.0000e+00
       1002    317.421     3.2893   3.156899    34.4015    27.3805 0.0000e+00
       1003    317.436     3.2895   3.156914    34.4015    27.3804 0.0000e+00
       1004    317.463     3.2896   3.156918    34.4014    27.3803 0.0000e+00
       1005    317.493     3.2897   3.156912    34.4012    27.3802 0.0000e+00
       1006    317.518     3.2897   3.156918    34.4013    27.3802 0.0000e+00
       1007    317.536     3.2897   3.156930    34.4014    27.3803 0.0000e+00
       1008    317.548     3.2897   3.156929    34.4014    27.3803 0.0000e+00
       1009    317.554     3.2897   3.156919    34.4013    27.3802 0.0000e+00
       1010    317.562     3.2897   3.156917    34.4012    27.3802 0.0000e+00
       1011    317.581     3.2897   3.156920    34.4013    27.3802 0.0000e+00
       1012    317.613     3.2897   3.156926    34.4013    27.3803 0.0000e+00
       1013    317.648     3.2897   3.156942    34.4015    27.3804 0.0000e+00
       1014    317.673     3.2899   3.156968    34.4016    27.3804 0.0000e+00
       1015    317.693     3.2900   3.156984    34.4017    27.3805 0.0000e+00
       1016    317.721     3.2900   3.156985    34.4017    27.3805 0.0000e+00
       1017    317.751     3.2900   3.156972    34.4015    27.3804 0.0000e+00
       1018    317.765     3.2898   3.156964    34.4016    27.3805 0.0000e+00
       1019    317.759     3.2898   3.156973    34.4017    27.3806 0.0000e+00
       1020    317.751     3.2899   3.156993    34.4018    27.3807 0.0000e+00
       1021    317.763     3.2900   3.157007    34.4019    27.3807 0.0000e+00
       1022    317.798     3.2900   3.157015    34.4020    27.3808 0.0000e+00
       1023    317.827     3.2901   3.157012    34.4018    27.3806 0.0000e+00
       1024    317.828     3.2901   3.156999    34.4017    27.3805 0.0000e+00
       1025    317.815     3.2901   3.156992    34.4016    27.3804 0.0000e+00
