Datasets/Multi_Species/TEL214/tel214_2020_016.cnv
* Sea-Bird SBE19plus Data File:
* Filename = C:/AQUIRE/tel214_2020_016.hex
* Software Version AquireV2 AF V2.0
* Temperature SN =  7853
* Conductivity SN =  7853
* System UpLoad Time = Nov 10 2020 18:31:16
* <ApplicationData>
* <AQUIREV2>
** VESSEL/TRIP/SEQ STN: tel214_2020_016
** LATITUDE: 54 41.11 N
** LONGITUDE: 53 41.94 W
** DATE/TIME: 2020-11-10 17:06
** SOUNDING DEPTH (M): 0323
** PROBE TYPE: S7853
** CTD NUMBER: 016
** COMMENTS: 
# nquan = 7                                 
# nvalues = 4836                        
# units = specified
# name 0 = scan: Scan Count
# name 1 = prdM: Pressure, Strain Gauge [db]
# name 2 = tv290C: Temperature [ITS-90, deg C]
# name 3 = c0S/m: Conductivity [S/m]
# name 4 = sal00: Salinity, Practical [PSU]
# name 5 = sigma-t00: Density [sigma-t, kg/m^3 ]
# name 6 = flag: flag
# span 0 =          1,       4836       
# span 1 =     -1.322,    323.936       
# span 2 =     0.9404,     3.6647       
# span 3 =   0.000097,   3.183308       
# span 4 =    -0.0005,    34.5416       
# span 5 =    -0.0933,    27.4764       
# span 6 = 0.0000e+00, 0.0000e+00       
# interval = seconds: 1
# start_time = Nov 10 2020 17:06:01 [Instrument's time stamp, header]
# bad_flag = -9.990e-29
*END*
[from data line 4103]
       4104     -1.015     1.0989   2.834623    32.8909    26.3435 0.0000e+00
       4105     -1.002     1.0991   2.834664    32.8912    26.3437 0.0000e+00
       4106     -1.001     1.0994   2.834694    32.8913    26.3438 0.0000e+00
       4107     -0.995     1.0997   2.834696    32.8910    26.3435 0.0000e+00
       4108     -0.971     1.1003   2.834702    32.8904    26.3430 0.0000e+00
       4109     -0.943     1.1021   2.835157    32.8943    26.3460 0.0000e+00
       4110     -0.934     1.1051   2.835986    32.9017    26.3518 0.0000e+00
       4111     -0.927     1.1075   2.836520    32.9060    26.3551 0.0000e+00
       4112     -0.884     1.1089   2.836863    32.9089    26.3574 0.0000e+00
       4113     -0.794     1.1104   2.837177    32.9113    26.3592 0.0000e+00
       4114     -0.698     1.1118   2.837301    32.9113    26.3591 0.0000e+00
       4115     -0.671     1.1120   2.837266    32.9107    26.3586 0.0000e+00
       4116     -0.721     1.1109   2.836992    32.9084    26.3568 0.0000e+00
       4117     -0.765     1.1097   2.836695    32.9058    26.3549 0.0000e+00
       4118     -0.745     1.1092   2.836680    32.9062    26.3551 0.0000e+00
       4119     -0.694     1.1094   2.836769    32.9071    26.3559 0.0000e+00
       4120     -0.655     1.1096   2.836786    32.9071    26.3558 0.0000e+00
       4121     -0.630     1.1097   2.836781    32.9069    26.3557 0.0000e+00
       4122     -0.601     1.1099   2.836863    32.9077    26.3563 0.0000e+00
       4123     -0.564     1.1090   2.836876    32.9088    26.3573 0.0000e+00
       4124     -0.552     1.1058   2.836259    32.9043    26.3538 0.0000e+00
       4125     -0.557     1.1014   2.835164    32.8949    26.3466 0.0000e+00
       4126     -0.509     1.0991   2.834700    32.8914    26.3439 0.0000e+00
       4127     -0.384     1.0995   2.834979    32.8944    26.3463 0.0000e+00
       4128     -0.216     1.1008   2.835206    32.8959    26.3474 0.0000e+00
       4129     -0.030     1.1033   2.835588    32.8980    26.3490 0.0000e+00
       4130      0.141     1.1063   2.836329    32.9042    26.3538 0.0000e+00
       4131      0.232     1.1084   2.836790    32.9079    26.3566 0.0000e+00
       4132      0.244     1.1086   2.836750    32.9071    26.3560 0.0000e+00
       4133      0.254     1.1078   2.836539    32.9053    26.3545 0.0000e+00
       4134      0.280     1.1068   2.836428    32.9049    26.3543 0.0000e+00
       4135      0.247     1.1055   2.836274    32.9043    26.3539 0.0000e+00
       4136      0.131     1.1036   2.835882    32.9014    26.3516 0.0000e+00
       4137     -0.004     1.1015   2.835458    32.8982    26.3493 0.0000e+00
       4138     -0.091     1.1004   2.835263    32.8970    26.3483 0.0000e+00
       4139     -0.093     1.1004   2.835339    32.8979    26.3491 0.0000e+00
       4140      0.012     1.1014   2.835491    32.8988    26.3497 0.0000e+00
       4141      0.176     1.1029   2.835665    32.8993    26.3500 0.0000e+00
       4142      0.284     1.1043   2.835979    32.9018    26.3519 0.0000e+00
       4143      0.260     1.1051   2.836206    32.9039    26.3535 0.0000e+00
       4144      0.150     1.1047   2.836230    32.9047    26.3542 0.0000e+00
       4145      0.088     1.1037   2.836181    32.9051    26.3546 0.0000e+00
       4146      0.149     1.1028   2.836072    32.9046    26.3543 0.0000e+00
       4147      0.265     1.1027   2.835945    32.9031    26.3530 0.0000e+00
       4148      0.358     1.1043   2.835920    32.9010    26.3513 0.0000e+00
       4149      0.405     1.1097   2.836399    32.9014    26.3513 0.0000e+00
       4150      0.385     1.1193   2.838170    32.9139    26.3607 0.0000e+00
       4151      0.307     1.1300   2.840657    32.9345    26.3766 0.0000e+00
       4152      0.240     1.1367   2.842043    32.9451    26.3847 0.0000e+00
       4153      0.241     1.1381   2.842275    32.9466    26.3858 0.0000e+00
       4154      0.281     1.1367   2.842357    32.9491    26.3879 0.0000e+00
       4155      0.283     1.1367   2.842502    32.9510    26.3894 0.0000e+00
       4156      0.207     1.1401   2.843028    32.9542    26.3918 0.0000e+00
       4157      0.077     1.1462   2.844171    32.9624    26.3980 0.0000e+00
       4158     -0.046     1.1513   2.845070    32.9686    26.4026 0.0000e+00
       4159     -0.121     1.1530   2.845301    32.9698    26.4035 0.0000e+00
       4160     -0.132     1.1532   2.845760    32.9754    26.4080 0.0000e+00
       4161     -0.084     1.1541   2.846405    32.9827    26.4138 0.0000e+00
       4162     -0.008     1.1554   2.846572    32.9834    26.4143 0.0000e+00
       4163      0.077     1.1561   2.846563    32.9825    26.4135 0.0000e+00
       4164      0.185     1.1547   2.846342    32.9811    26.4125 0.0000e+00
       4165      0.318     1.1521   2.845875    32.9778    26.4100 0.0000e+00
       4166      0.432     1.1506   2.845629    32.9762    26.4088 0.0000e+00
       4167      0.481     1.1507   2.845740    32.9775    26.4098 0.0000e+00
       4168      0.430     1.1519   2.845977    32.9793    26.4112 0.0000e+00
       4169      0.264     1.1527   2.845902    32.9775    26.4098 0.0000e+00
       4170      0.037     1.1521   2.845579    32.9742    26.4071 0.0000e+00
       4171     -0.154     1.1491   2.844980    32.9698    26.4038 0.0000e+00
       4172     -0.229     1.1443   2.843972    32.9620    26.3978 0.0000e+00
       4173     -0.179     1.1410   2.843469    32.9591    26.3957 0.0000e+00
       4174     -0.094     1.1408   2.843680    32.9619    26.3980 0.0000e+00
       4175     -0.043     1.1418   2.843749    32.9617    26.3977 0.0000e+00
       4176      0.015     1.1418   2.843588    32.9596    26.3961 0.0000e+00
       4177      0.101     1.1394   2.843311    32.9586    26.3954 0.0000e+00
       4178      0.122     1.1326   2.842438    32.9546    26.3926 0.0000e+00
       4179      0.013     1.1246   2.841222    32.9476    26.3874 0.0000e+00
       4180     -0.121     1.1204   2.840313    32.9405    26.3820 0.0000e+00
       4181     -0.146     1.1193   2.839182    32.9272    26.3714 0.0000e+00
       4182     -0.081     1.1174   2.838134    32.9157    26.3623 0.0000e+00
       4183     -0.008     1.1146   2.837965    32.9165    26.3631 0.0000e+00
       4184      0.031     1.1130   2.837963    32.9181    26.3645 0.0000e+00
       4185      0.034     1.1128   2.837925    32.9178    26.3643 0.0000e+00
       4186      0.042     1.1132   2.838096    32.9196    26.3657 0.0000e+00
       4187      0.085     1.1143   2.838248    32.9204    26.3662 0.0000e+00
       4188      0.161     1.1159   2.838398    32.9206    26.3663 0.0000e+00
       4189      0.277     1.1176   2.838618    32.9215    26.3669 0.0000e+00
       4190      0.420     1.1200   2.839078    32.9248    26.3694 0.0000e+00
       4191      0.517     1.1250   2.840106    32.9326    26.3754 0.0000e+00
       4192      0.537     1.1310   2.841308    32.9416    26.3822 0.0000e+00
       4193      0.521     1.1346   2.841953    32.9461    26.3856 0.0000e+00
       4194      0.492     1.1353   2.842199    32.9485    26.3875 0.0000e+00
       4195      0.438     1.1353   2.842388    32.9509    26.3895 0.0000e+00
       4196      0.369     1.1353   2.842384    32.9509    26.3895 0.0000e+00
       4197      0.299     1.1346   2.842277    32.9503    26.3890 0.0000e+00
       4198      0.230     1.1323   2.841977    32.9490    26.3881 0.0000e+00
       4199      0.188     1.1284   2.841255    32.9439    26.3842 0.0000e+00
       4200      0.198     1.1252   2.840667    32.9397    26.3811 0.0000e+00
       4201      0.226     1.1243   2.840703    32.9411    26.3823 0.0000e+00
       4202      0.250     1.1252   2.840865    32.9422    26.3831 0.0000e+00
       4203      0.292     1.1264   2.840756    32.9395    26.3809 0.0000e+00
       4204      0.333     1.1270   2.840681    32.9379    26.3795 0.0000e+00
       4205      0.301     1.1273   2.840796    32.9391    26.3805 0.0000e+00
       4206      0.198     1.1267   2.840828    32.9402    26.3814 0.0000e+00
       4207      0.124     1.1248   2.840499    32.9380    26.3798 0.0000e+00
       4208      0.125     1.1224   2.839849    32.9323    26.3753 0.0000e+00
       4209      0.145     1.1209   2.839293    32.9267    26.3709 0.0000e+00
       4210      0.123     1.1198   2.839136    32.9259    26.3703 0.0000e+00
       4211      0.048     1.1181   2.839010    32.9261    26.3706 0.0000e+00
       4212     -0.041     1.1161   2.838669    32.9239    26.3690 0.0000e+00
       4213     -0.063     1.1149   2.838461    32.9225    26.3679 0.0000e+00
       4214      0.001     1.1147   2.838472    32.9229    26.3682 0.0000e+00
       4215      0.080     1.1143   2.838348    32.9216    26.3673 0.0000e+00
       4216      0.121     1.1129   2.838022    32.9189    26.3652 0.0000e+00
       4217      0.096     1.1117   2.837869    32.9183    26.3647 0.0000e+00
       4218      0.020     1.1117   2.837893    32.9186    26.3650 0.0000e+00
       4219     -0.038     1.1124   2.837829    32.9171    26.3637 0.0000e+00
       4220     -0.023     1.1128   2.837744    32.9156    26.3625 0.0000e+00
       4221      0.079     1.1126   2.837742    32.9157    26.3626 0.0000e+00
       4222      0.235     1.1122   2.837705    32.9156    26.3625 0.0000e+00
       4223      0.366     1.1118   2.837642    32.9151    26.3622 0.0000e+00
       4224      0.421     1.1119   2.837682    32.9155    26.3624 0.0000e+00
       4225      0.444     1.1126   2.837780    32.9160    26.3628 0.0000e+00
       4226      0.492     1.1136   2.837907    32.9165    26.3632 0.0000e+00
       4227      0.553     1.1152   2.838217    32.9188    26.3649 0.0000e+00
       4228      0.614     1.1170   2.838572    32.9214    26.3669 0.0000e+00
       4229      0.703     1.1179   2.838696    32.9219    26.3673 0.0000e+00
       4230      0.808     1.1176   2.838730    32.9226    26.3678 0.0000e+00
       4231      0.855     1.1166   2.838682    32.9230    26.3682 0.0000e+00
       4232      0.835     1.1156   2.838550    32.9224    26.3678 0.0000e+00
       4233      0.839     1.1153   2.838545    32.9227    26.3680 0.0000e+00
       4234      0.954     1.1161   2.838674    32.9234    26.3686 0.0000e+00
       4235      1.153     1.1179   2.839098    32.9268    26.3712 0.0000e+00
       4236      1.322     1.1191   2.839544    32.9312    26.3746 0.0000e+00
       4237      1.402     1.1183   2.839361    32.9296    26.3734 0.0000e+00
       4238      1.425     1.1158   2.838771    32.9247    26.3696 0.0000e+00
       4239      1.435     1.1137   2.838275    32.9206    26.3664 0.0000e+00
       4240      1.462     1.1139   2.838182    32.9192    26.3653 0.0000e+00
       4241      1.502     1.1160   2.838437    32.9202    26.3660 0.0000e+00
       4242      1.511     1.1178   2.838601    32.9204    26.3660 0.0000e+00
       4243      1.469     1.1165   2.838462    32.9200    26.3658 0.0000e+00
       4244      1.392     1.1112   2.837622    32.9149    26.3620 0.0000e+00
       4245      1.302     1.1052   2.836355    32.9051    26.3545 0.0000e+00
       4246      1.219     1.1046   2.836255    32.9045    26.3541 0.0000e+00
       4247      1.164     1.1092   2.837570    32.9165    26.3634 0.0000e+00
       4248      1.162     1.1122   2.838542    32.9257    26.3707 0.0000e+00
       4249      1.214     1.1107   2.838240    32.9234    26.3689 0.0000e+00
       4250      1.279     1.1075   2.837254    32.9142    26.3617 0.0000e+00
       4251      1.290     1.1052   2.836534    32.9074    26.3564 0.0000e+00
       4252      1.165     1.1034   2.836216    32.9053    26.3548 0.0000e+00
       4253      0.871     1.0998   2.835388    32.8986    26.3497 0.0000e+00
       4254      0.482     1.0961   2.834349    32.8895    26.3425 0.0000e+00
       4255      0.145     1.0951   2.834147    32.8881    26.3415 0.0000e+00
       4256     -0.044     1.0961   2.834447    32.8910    26.3438 0.0000e+00
       4257     -0.133     1.0969   2.834585    32.8920    26.3445 0.0000e+00
       4258     -0.241     1.0977   2.834609    32.8915    26.3441 0.0000e+00
       4259     -0.446     1.1001   2.834596    32.8889    26.3419 0.0000e+00
       4260     -0.732     1.1053   2.826739    32.7831    26.2565 0.0000e+00
       4261     -0.971     1.1115   2.782067    32.2061    25.7925 0.0000e+00
       4262     -1.077     1.1150   2.703720    31.2050    24.9882 0.0000e+00
       4263     -1.100     1.1147   2.530298    29.0117    23.2272 0.0000e+00
       4264     -1.105     1.1124   2.255156    25.5744    20.4690 0.0000e+00
       4265     -1.117     1.1107   1.897578    21.1827    16.9473 0.0000e+00
       4266     -1.141     1.1104   1.709304    18.9065    15.1224 0.0000e+00
       4267     -1.167     1.1103   1.999245    22.4230    17.9417 0.0000e+00
       4268     -1.180     1.1091   2.217734    25.1132    20.0992 0.0000e+00
       4269     -1.172     1.1069   2.218915    25.1296    20.1125 0.0000e+00
       4270     -1.159     1.1052   2.280686    25.8974    20.7284 0.0000e+00
       4271     -1.162     1.1048   2.362186    26.9129    21.5432 0.0000e+00
       4272     -1.185     1.1045   2.617769    30.1256    24.1219 0.0000e+00
       4273     -1.203     1.1025   2.779921    32.1881    25.7786 0.0000e+00
       4274     -1.194     1.0987   2.533728    29.0699    23.2747 0.0000e+00
       4275     -1.173     1.0960   2.323416    26.4369    21.1617 0.0000e+00
       4276     -1.159     1.0945   2.515573    28.8451    23.0944 0.0000e+00
       4277     -1.150     1.0916   2.706748    31.2670    25.0393 0.0000e+00
       4278     -1.137     1.0881   2.641775    30.4455    24.3797 0.0000e+00
       4279     -1.112     1.0867   2.548541    29.2679    23.4342 0.0000e+00
       4280     -1.065     1.0857   2.632775    30.3338    24.2901 0.0000e+00
       4281     -1.017     1.0840   2.745789    31.7717    25.4452 0.0000e+00
       4282     -1.028     1.0829   2.552094    29.3162    23.4732 0.0000e+00
       4283     -1.092     1.0834   1.851132    20.6368    16.5102 0.0000e+00
       4284     -1.125     1.0847   1.416994    15.4384    12.3420 0.0000e+00
       4285     -1.117     1.0865   1.911616    21.3701    17.0981 0.0000e+00
       4286     -1.083     1.0885   2.350770    26.7844    21.4408 0.0000e+00
       4287     -1.024     1.0900   2.329639    26.5195    21.2282 0.0000e+00
       4288     -0.967     1.0907   2.364821    26.9579    21.5799 0.0000e+00
       4289     -0.936     1.0909   2.473249    28.3160    22.6699 0.0000e+00
       4290     -0.982     1.0911   2.292081    26.0508    20.8521 0.0000e+00
       4291     -1.098     1.0916   1.590636    17.4959    13.9917 0.0000e+00
       4292     -1.180     1.0922   0.890090     9.3445     7.4515 0.0000e+00
       4293     -1.191     1.0922   1.012116    10.7308     8.5648 0.0000e+00
       4294     -1.170     1.0922   1.771987    19.6730    15.7373 0.0000e+00
       4295     -1.134     1.0922   2.400174    27.3987    21.9336 0.0000e+00
       4296     -1.088     1.0921   2.712121    31.3348    25.0938 0.0000e+00
       4297     -1.064     1.0917   2.811783    32.6063    26.1153 0.0000e+00
       4298     -1.076     1.0910   2.813721    32.6318    26.1358 0.0000e+00
       4299     -1.103     1.0905   2.814256    32.6392    26.1418 0.0000e+00
       4300     -1.129     1.0905   2.814428    32.6414    26.1436 0.0000e+00
       4301     -1.124     1.0908   2.815868    32.6595    26.1581 0.0000e+00
       4302     -1.063     1.0909   2.816926    32.6729    26.1688 0.0000e+00
       4303     -0.977     1.0911   2.813659    32.6309    26.1350 0.0000e+00
       4304     -0.937     1.0911   2.773331    32.1157    25.7211 0.0000e+00
       4305     -0.953     1.0911   2.711235    31.3245    25.0855 0.0000e+00
       4306     -0.987     1.0914   2.723312    31.4779    25.2087 0.0000e+00
       4307     -1.031     1.0919   2.789704    32.3239    25.8884 0.0000e+00
