Datasets/Multi_Species/TEL214/tel214_2020_033.cnv
* Sea-Bird SBE19plus Data File:
* Filename = C:/AQUIRE/tel214_2020_033.hex
* Software Version AquireV2 AF V2.0
* Temperature SN =  7853
* Conductivity SN =  7853
* System UpLoad Time = Nov 15 2020 19:15:47
* <ApplicationData>
* <AQUIREV2>
** VESSEL/TRIP/SEQ STN: tel214_2020_033
** LATITUDE: 52 58.89 N
** LONGITUDE: 51 57.42 W
** DATE/TIME: 2020-11-15 16:40
** SOUNDING DEPTH (M): 0603
** PROBE TYPE: S7853
** CTD NUMBER: 033
** COMMENTS: 
# nquan = 7                                 
# nvalues = 4553                        
# units = specified
# name 0 = scan: Scan Count
# name 1 = prdM: Pressure, Strain Gauge [db]
# name 2 = tv290C: Temperature [ITS-90, deg C]
# name 3 = c0S/m: Conductivity [S/m]
# name 4 = sal00: Salinity, Practical [PSU]
# name 5 = sigma-t00: Density [sigma-t, kg/m^3 ]
# name 6 = flag: flag
# span 0 =          1,       4553       
# span 1 =     -1.036,    613.601       
# span 2 =     1.5575,     3.9956       
# span 3 =  -0.000320,   3.256303       
# span 4 =    -0.0005,    34.8258       
# span 5 =    -0.0733,    27.6710       
# span 6 = 0.0000e+00, 0.0000e+00       
# interval = seconds: 1
# start_time = Nov 15 2020 16:40:30 [Instrument's time stamp, header]
# bad_flag = -9.990e-29
*END*
[from data line 2257]
       2258    592.751     3.7837   3.248145    34.8242    27.6687 0.0000e+00
       2259    593.034     3.7836   3.248159    34.8244    27.6688 0.0000e+00
       2260    593.333     3.7837   3.248189    34.8245    27.6689 0.0000e+00
       2261    593.655     3.7841   3.248242    34.8245    27.6689 0.0000e+00
       2262    593.978     3.7847   3.248324    34.8247    27.6690 0.0000e+00
       2263    594.266     3.7854   3.248402    34.8247    27.6689 0.0000e+00
       2264    594.521     3.7861   3.248455    34.8245    27.6686 0.0000e+00
       2265    594.781     3.7865   3.248491    34.8243    27.6685 0.0000e+00
       2266    595.070     3.7868   3.248513    34.8241    27.6683 0.0000e+00
       2267    595.379     3.7869   3.248524    34.8240    27.6682 0.0000e+00
       2268    595.682     3.7868   3.248518    34.8239    27.6681 0.0000e+00
       2269    595.967     3.7864   3.248502    34.8239    27.6682 0.0000e+00
       2270    596.250     3.7860   3.248488    34.8240    27.6683 0.0000e+00
       2271    596.547     3.7858   3.248472    34.8239    27.6682 0.0000e+00
       2272    596.851     3.7857   3.248455    34.8237    27.6680 0.0000e+00
       2273    597.140     3.7854   3.248448    34.8237    27.6681 0.0000e+00
       2274    597.400     3.7850   3.248442    34.8240    27.6683 0.0000e+00
       2275    597.646     3.7847   3.248438    34.8241    27.6685 0.0000e+00
       2276    597.905     3.7844   3.248436    34.8242    27.6686 0.0000e+00
       2277    598.182     3.7843   3.248448    34.8244    27.6687 0.0000e+00
       2278    598.468     3.7845   3.248480    34.8244    27.6687 0.0000e+00
       2279    598.755     3.7847   3.248512    34.8244    27.6687 0.0000e+00
       2280    599.034     3.7848   3.248513    34.8241    27.6685 0.0000e+00
       2281    599.295     3.7845   3.248488    34.8240    27.6685 0.0000e+00
       2282    599.536     3.7841   3.248466    34.8241    27.6685 0.0000e+00
       2283    599.772     3.7837   3.248467    34.8244    27.6688 0.0000e+00
       2284    600.021     3.7836   3.248482    34.8245    27.6689 0.0000e+00
       2285    600.280     3.7838   3.248498    34.8244    27.6688 0.0000e+00
       2286    600.530     3.7839   3.248519    34.8244    27.6688 0.0000e+00
       2287    600.765     3.7840   3.248540    34.8244    27.6688 0.0000e+00
       2288    600.998     3.7839   3.248551    34.8245    27.6689 0.0000e+00
       2289    601.236     3.7839   3.248556    34.8244    27.6689 0.0000e+00
       2290    601.469     3.7839   3.248555    34.8243    27.6687 0.0000e+00
       2291    601.693     3.7837   3.248557    34.8244    27.6689 0.0000e+00
       2292    601.921     3.7837   3.248567    34.8244    27.6689 0.0000e+00
       2293    602.160     3.7837   3.248574    34.8244    27.6688 0.0000e+00
       2294    602.405     3.7836   3.248570    34.8243    27.6688 0.0000e+00
       2295    602.648     3.7835   3.248558    34.8242    27.6687 0.0000e+00
       2296    602.877     3.7832   3.248553    34.8243    27.6688 0.0000e+00
       2297    603.086     3.7831   3.248578    34.8246    27.6690 0.0000e+00
       2298    603.279     3.7832   3.248620    34.8249    27.6693 0.0000e+00
       2299    603.472     3.7836   3.248651    34.8247    27.6691 0.0000e+00
       2300    603.675     3.7837   3.248650    34.8245    27.6689 0.0000e+00
       2301    603.888     3.7836   3.248613    34.8240    27.6686 0.0000e+00
       2302    604.105     3.7830   3.248552    34.8238    27.6685 0.0000e+00
       2303    604.318     3.7821   3.248508    34.8242    27.6688 0.0000e+00
       2304    604.516     3.7816   3.248504    34.8245    27.6692 0.0000e+00
       2305    604.688     3.7816   3.248526    34.8247    27.6693 0.0000e+00
       2306    604.828     3.7817   3.248559    34.8249    27.6695 0.0000e+00
       2307    604.941     3.7820   3.248593    34.8250    27.6694 0.0000e+00
       2308    605.052     3.7824   3.248615    34.8247    27.6692 0.0000e+00
       2309    605.185     3.7826   3.248630    34.8246    27.6691 0.0000e+00
       2310    605.334     3.7829   3.248665    34.8246    27.6691 0.0000e+00
       2311    605.475     3.7834   3.248716    34.8246    27.6691 0.0000e+00
       2312    605.590     3.7839   3.248762    34.8246    27.6690 0.0000e+00
       2313    605.683     3.7843   3.248799    34.8246    27.6689 0.0000e+00
       2314    605.776     3.7847   3.248828    34.8244    27.6688 0.0000e+00
       2315    605.880     3.7850   3.248847    34.8243    27.6686 0.0000e+00
       2316    605.994     3.7851   3.248855    34.8242    27.6686 0.0000e+00
       2317    606.102     3.7851   3.248857    34.8242    27.6685 0.0000e+00
       2318    606.192     3.7850   3.248860    34.8243    27.6686 0.0000e+00
       2319    606.267     3.7850   3.248860    34.8242    27.6686 0.0000e+00
       2320    606.341     3.7850   3.248851    34.8241    27.6685 0.0000e+00
       2321    606.423     3.7847   3.248810    34.8239    27.6683 0.0000e+00
       2322    606.505     3.7840   3.248747    34.8238    27.6684 0.0000e+00
       2323    606.569     3.7833   3.248707    34.8241    27.6686 0.0000e+00
       2324    606.612     3.7829   3.248701    34.8244    27.6689 0.0000e+00
       2325    606.655     3.7828   3.248707    34.8246    27.6691 0.0000e+00
       2326    606.712     3.7830   3.248725    34.8245    27.6690 0.0000e+00
       2327    606.778     3.7834   3.248760    34.8245    27.6689 0.0000e+00
       2328    606.837     3.7838   3.248801    34.8245    27.6689 0.0000e+00
       2329    606.880     3.7841   3.248832    34.8245    27.6689 0.0000e+00
       2330    606.914     3.7843   3.248846    34.8245    27.6688 0.0000e+00
       2331    606.953     3.7844   3.248851    34.8244    27.6688 0.0000e+00
       2332    606.994     3.7846   3.248859    34.8243    27.6686 0.0000e+00
       2333    607.026     3.7847   3.248866    34.8242    27.6686 0.0000e+00
       2334    607.053     3.7847   3.248869    34.8243    27.6686 0.0000e+00
       2335    607.082     3.7847   3.248864    34.8242    27.6686 0.0000e+00
       2336    607.107     3.7847   3.248863    34.8242    27.6685 0.0000e+00
       2337    607.115     3.7847   3.248874    34.8243    27.6686 0.0000e+00
       2338    607.108     3.7847   3.248888    34.8245    27.6688 0.0000e+00
       2339    607.107     3.7849   3.248898    34.8244    27.6687 0.0000e+00
       2340    607.122     3.7852   3.248921    34.8243    27.6686 0.0000e+00
       2341    607.140     3.7856   3.248954    34.8243    27.6685 0.0000e+00
       2342    607.147     3.7859   3.248980    34.8243    27.6685 0.0000e+00
       2343    607.147     3.7862   3.248996    34.8241    27.6684 0.0000e+00
       2344    607.157     3.7864   3.249004    34.8240    27.6682 0.0000e+00
       2345    607.175     3.7864   3.249001    34.8240    27.6682 0.0000e+00
       2346    607.184     3.7862   3.248991    34.8241    27.6683 0.0000e+00
       2347    607.168     3.7862   3.248978    34.8239    27.6682 0.0000e+00
       2348    607.128     3.7862   3.248967    34.8238    27.6681 0.0000e+00
       2349    607.089     3.7861   3.248962    34.8239    27.6682 0.0000e+00
       2350    607.076     3.7860   3.248959    34.8239    27.6682 0.0000e+00
       2351    607.084     3.7859   3.248959    34.8240    27.6683 0.0000e+00
       2352    607.092     3.7859   3.248968    34.8241    27.6684 0.0000e+00
       2353    607.086     3.7859   3.248977    34.8243    27.6685 0.0000e+00
       2354    607.071     3.7860   3.248978    34.8242    27.6684 0.0000e+00
       2355    607.062     3.7862   3.248977    34.8239    27.6682 0.0000e+00
       2356    607.065     3.7862   3.248970    34.8239    27.6682 0.0000e+00
       2357    607.070     3.7859   3.248952    34.8240    27.6683 0.0000e+00
       2358    607.058     3.7857   3.248931    34.8239    27.6683 0.0000e+00
       2359    607.017     3.7854   3.248913    34.8241    27.6684 0.0000e+00
       2360    606.957     3.7852   3.248901    34.8242    27.6685 0.0000e+00
       2361    606.907     3.7851   3.248893    34.8242    27.6685 0.0000e+00
       2362    606.892     3.7851   3.248879    34.8240    27.6684 0.0000e+00
       2363    606.901     3.7851   3.248861    34.8238    27.6682 0.0000e+00
       2364    606.900     3.7849   3.248850    34.8239    27.6683 0.0000e+00
       2365    606.870     3.7846   3.248844    34.8242    27.6686 0.0000e+00
       2366    606.831     3.7843   3.248836    34.8244    27.6688 0.0000e+00
       2367    606.812     3.7843   3.248831    34.8244    27.6687 0.0000e+00
       2368    606.814     3.7843   3.248823    34.8243    27.6687 0.0000e+00
       2369    606.815     3.7843   3.248813    34.8241    27.6686 0.0000e+00
       2370    606.800     3.7843   3.248808    34.8241    27.6685 0.0000e+00
       2371    606.774     3.7843   3.248808    34.8241    27.6685 0.0000e+00
       2372    606.755     3.7841   3.248804    34.8243    27.6687 0.0000e+00
       2373    606.750     3.7839   3.248787    34.8243    27.6687 0.0000e+00
       2374    606.749     3.7837   3.248763    34.8242    27.6687 0.0000e+00
       2375    606.743     3.7836   3.248752    34.8242    27.6687 0.0000e+00
       2376    606.730     3.7836   3.248756    34.8242    27.6687 0.0000e+00
       2377    606.716     3.7836   3.248766    34.8244    27.6688 0.0000e+00
       2378    606.705     3.7836   3.248773    34.8245    27.6689 0.0000e+00
       2379    606.697     3.7836   3.248767    34.8244    27.6688 0.0000e+00
       2380    606.684     3.7836   3.248748    34.8242    27.6687 0.0000e+00
       2381    606.649     3.7834   3.248728    34.8242    27.6687 0.0000e+00
       2382    606.586     3.7832   3.248717    34.8243    27.6688 0.0000e+00
       2383    606.519     3.7832   3.248713    34.8243    27.6688 0.0000e+00
       2384    606.478     3.7832   3.248705    34.8242    27.6687 0.0000e+00
       2385    606.472     3.7832   3.248700    34.8241    27.6687 0.0000e+00
       2386    606.481     3.7831   3.248697    34.8242    27.6687 0.0000e+00
       2387    606.471     3.7828   3.248686    34.8244    27.6689 0.0000e+00
       2388    606.432     3.7827   3.248672    34.8244    27.6689 0.0000e+00
       2389    606.390     3.7826   3.248664    34.8244    27.6689 0.0000e+00
       2390    606.372     3.7826   3.248659    34.8243    27.6689 0.0000e+00
       2391    606.380     3.7826   3.248646    34.8242    27.6688 0.0000e+00
       2392    606.398     3.7824   3.248630    34.8242    27.6688 0.0000e+00
       2393    606.406     3.7821   3.248622    34.8244    27.6690 0.0000e+00
       2394    606.391     3.7820   3.248620    34.8245    27.6691 0.0000e+00
       2395    606.366     3.7820   3.248620    34.8245    27.6691 0.0000e+00
       2396    606.352     3.7820   3.248623    34.8246    27.6691 0.0000e+00
       2397    606.360     3.7820   3.248624    34.8246    27.6691 0.0000e+00
       2398    606.376     3.7821   3.248625    34.8245    27.6691 0.0000e+00
       2399    606.373     3.7821   3.248630    34.8245    27.6691 0.0000e+00
       2400    606.342     3.7820   3.248631    34.8247    27.6692 0.0000e+00
       2401    606.306     3.7820   3.248631    34.8247    27.6692 0.0000e+00
       2402    606.295     3.7820   3.248631    34.8247    27.6692 0.0000e+00
       2403    606.315     3.7822   3.248638    34.8245    27.6691 0.0000e+00
       2404    606.343     3.7824   3.248645    34.8244    27.6690 0.0000e+00
       2405    606.358     3.7824   3.248651    34.8245    27.6690 0.0000e+00
       2406    606.356     3.7824   3.248658    34.8246    27.6691 0.0000e+00
       2407    606.353     3.7824   3.248664    34.8246    27.6691 0.0000e+00
       2408    606.363     3.7824   3.248664    34.8246    27.6691 0.0000e+00
       2409    606.384     3.7824   3.248663    34.8246    27.6691 0.0000e+00
       2410    606.404     3.7826   3.248665    34.8244    27.6689 0.0000e+00
       2411    606.411     3.7827   3.248666    34.8243    27.6689 0.0000e+00
       2412    606.404     3.7827   3.248665    34.8243    27.6689 0.0000e+00
       2413    606.399     3.7827   3.248665    34.8243    27.6689 0.0000e+00
       2414    606.411     3.7826   3.248665    34.8244    27.6689 0.0000e+00
       2415    606.435     3.7826   3.248661    34.8243    27.6689 0.0000e+00
       2416    606.454     3.7825   3.248655    34.8244    27.6689 0.0000e+00
       2417    606.458     3.7824   3.248650    34.8244    27.6690 0.0000e+00
       2418    606.454     3.7824   3.248644    34.8243    27.6689 0.0000e+00
       2419    606.451     3.7824   3.248640    34.8243    27.6689 0.0000e+00
       2420    606.456     3.7822   3.248639    34.8245    27.6691 0.0000e+00
       2421    606.470     3.7820   3.248638    34.8247    27.6692 0.0000e+00
       2422    606.483     3.7820   3.248638    34.8247    27.6692 0.0000e+00
       2423    606.488     3.7821   3.248643    34.8246    27.6692 0.0000e+00
       2424    606.490     3.7824   3.248658    34.8245    27.6690 0.0000e+00
       2425    606.498     3.7827   3.248674    34.8244    27.6689 0.0000e+00
       2426    606.514     3.7828   3.248686    34.8244    27.6689 0.0000e+00
       2427    606.533     3.7828   3.248698    34.8245    27.6690 0.0000e+00
       2428    606.552     3.7830   3.248714    34.8245    27.6690 0.0000e+00
       2429    606.571     3.7831   3.248733    34.8246    27.6690 0.0000e+00
       2430    606.583     3.7834   3.248750    34.8245    27.6689 0.0000e+00
       2431    606.580     3.7836   3.248755    34.8243    27.6688 0.0000e+00
       2432    606.572     3.7836   3.248753    34.8243    27.6688 0.0000e+00
       2433    606.577     3.7836   3.248751    34.8243    27.6687 0.0000e+00
       2434    606.600     3.7836   3.248742    34.8242    27.6686 0.0000e+00
       2435    606.629     3.7834   3.248729    34.8242    27.6687 0.0000e+00
       2436    606.646     3.7832   3.248725    34.8243    27.6688 0.0000e+00
       2437    606.647     3.7832   3.248725    34.8243    27.6688 0.0000e+00
       2438    606.650     3.7832   3.248718    34.8243    27.6688 0.0000e+00
       2439    606.669     3.7832   3.248714    34.8242    27.6687 0.0000e+00
       2440    606.699     3.7832   3.248720    34.8243    27.6688 0.0000e+00
       2441    606.724     3.7832   3.248729    34.8244    27.6689 0.0000e+00
       2442    606.743     3.7832   3.248733    34.8244    27.6689 0.0000e+00
       2443    606.762     3.7832   3.248731    34.8244    27.6689 0.0000e+00
       2444    606.784     3.7832   3.248727    34.8243    27.6688 0.0000e+00
       2445    606.805     3.7832   3.248723    34.8242    27.6688 0.0000e+00
       2446    606.819     3.7832   3.248723    34.8242    27.6688 0.0000e+00
       2447    606.835     3.7832   3.248718    34.8242    27.6687 0.0000e+00
       2448    606.865     3.7830   3.248708    34.8242    27.6688 0.0000e+00
       2449    606.900     3.7828   3.248700    34.8243    27.6689 0.0000e+00
       2450    606.922     3.7828   3.248694    34.8243    27.6688 0.0000e+00
       2451    606.926     3.7827   3.248689    34.8243    27.6689 0.0000e+00
       2452    606.929     3.7827   3.248685    34.8243    27.6688 0.0000e+00
       2453    606.945     3.7826   3.248683    34.8243    27.6689 0.0000e+00
       2454    606.970     3.7826   3.248685    34.8243    27.6689 0.0000e+00
       2455    606.980     3.7826   3.248687    34.8244    27.6689 0.0000e+00
       2456    606.965     3.7824   3.248684    34.8245    27.6691 0.0000e+00
       2457    606.950     3.7824   3.248682    34.8245    27.6691 0.0000e+00
       2458    606.963     3.7824   3.248678    34.8245    27.6690 0.0000e+00
       2459    606.995     3.7824   3.248677    34.8244    27.6690 0.0000e+00
       2460    607.020     3.7824   3.248675    34.8244    27.6690 0.0000e+00
       2461    607.027     3.7823   3.248666    34.8244    27.6690 0.0000e+00
