Datasets/Multi_Species/TEL214/tel214_2020_032.cnv
* Sea-Bird SBE19plus Data File:
* Filename = C:/AQUIRE/tel214_2020_032.hex
* Software Version AquireV2 AF V2.0
* Temperature SN =  7853
* Conductivity SN =  7853
* System UpLoad Time = Nov 15 2020 19:12:58
* <ApplicationData>
* <AQUIREV2>
** VESSEL/TRIP/SEQ STN: tel214_2020_032
** LATITUDE: 53 07.67 N
** LONGITUDE: 52 06.64 W
** DATE/TIME: 2020-11-15 13:52
** SOUNDING DEPTH (M): 0450
** PROBE TYPE: S7853
** CTD NUMBER: 032
** COMMENTS: tear up
# nquan = 7                                 
# nvalues = 10013                       
# units = specified
# name 0 = scan: Scan Count
# name 1 = prdM: Pressure, Strain Gauge [db]
# name 2 = tv290C: Temperature [ITS-90, deg C]
# name 3 = c0S/m: Conductivity [S/m]
# name 4 = sal00: Salinity, Practical [PSU]
# name 5 = sigma-t00: Density [sigma-t, kg/m^3 ]
# name 6 = flag: flag
# span 0 =          1,      10013       
# span 1 =     -1.046,    447.695       
# span 2 =     0.9158,     3.9973       
# span 3 =  -0.000075,   3.253915       
# span 4 =    -0.0006,    34.8002       
# span 5 =    -0.1027,    27.6341       
# span 6 = 0.0000e+00, 0.0000e+00       
# interval = seconds: 1
# start_time = Nov 15 2020 13:52:03 [Instrument's time stamp, header]
# bad_flag = -9.990e-29
*END*
[from data line 2257]
       2258    329.981     3.9734   3.247624    34.7568    27.5955 0.0000e+00
       2259    330.286     3.9735   3.247648    34.7568    27.5955 0.0000e+00
       2260    330.582     3.9737   3.247670    34.7567    27.5954 0.0000e+00
       2261    330.860     3.9737   3.247690    34.7568    27.5954 0.0000e+00
       2262    331.124     3.9737   3.247707    34.7568    27.5955 0.0000e+00
       2263    331.394     3.9736   3.247720    34.7569    27.5956 0.0000e+00
       2264    331.683     3.9735   3.247734    34.7571    27.5957 0.0000e+00
       2265    331.995     3.9735   3.247753    34.7571    27.5957 0.0000e+00
       2266    332.327     3.9736   3.247777    34.7571    27.5957 0.0000e+00
       2267    332.670     3.9737   3.247818    34.7573    27.5959 0.0000e+00
       2268    333.011     3.9739   3.247884    34.7577    27.5962 0.0000e+00
       2269    333.345     3.9741   3.247959    34.7582    27.5965 0.0000e+00
       2270    333.672     3.9743   3.248012    34.7584    27.5967 0.0000e+00
       2271    333.999     3.9745   3.248039    34.7584    27.5966 0.0000e+00
       2272    334.337     3.9747   3.248066    34.7583    27.5966 0.0000e+00
       2273    334.687     3.9749   3.248127    34.7586    27.5968 0.0000e+00
       2274    335.033     3.9753   3.248194    34.7588    27.5969 0.0000e+00
       2275    335.363     3.9755   3.248227    34.7588    27.5969 0.0000e+00
       2276    335.692     3.9756   3.248243    34.7587    27.5968 0.0000e+00
       2277    336.051     3.9756   3.248270    34.7589    27.5969 0.0000e+00
       2278    336.456     3.9757   3.248315    34.7591    27.5971 0.0000e+00
       2279    336.891     3.9761   3.248400    34.7594    27.5973 0.0000e+00
       2280    337.316     3.9767   3.248504    34.7598    27.5975 0.0000e+00
       2281    337.702     3.9771   3.248581    34.7601    27.5977 0.0000e+00
       2282    338.058     3.9773   3.248625    34.7602    27.5978 0.0000e+00
       2283    338.409     3.9775   3.248661    34.7602    27.5978 0.0000e+00
       2284    338.774     3.9775   3.248696    34.7604    27.5980 0.0000e+00
       2285    339.160     3.9777   3.248731    34.7604    27.5980 0.0000e+00
       2286    339.568     3.9779   3.248764    34.7604    27.5979 0.0000e+00
       2287    339.990     3.9781   3.248798    34.7604    27.5979 0.0000e+00
       2288    340.417     3.9782   3.248832    34.7604    27.5979 0.0000e+00
       2289    340.838     3.9783   3.248873    34.7606    27.5980 0.0000e+00
       2290    341.253     3.9783   3.248924    34.7610    27.5983 0.0000e+00
       2291    341.675     3.9785   3.248980    34.7612    27.5985 0.0000e+00
       2292    342.112     3.9787   3.249033    34.7614    27.5986 0.0000e+00
       2293    342.556     3.9789   3.249081    34.7615    27.5987 0.0000e+00
       2294    342.989     3.9791   3.249123    34.7616    27.5987 0.0000e+00
       2295    343.407     3.9791   3.249153    34.7617    27.5988 0.0000e+00
       2296    343.826     3.9792   3.249176    34.7616    27.5988 0.0000e+00
       2297    344.265     3.9793   3.249220    34.7618    27.5989 0.0000e+00
       2298    344.724     3.9794   3.249320    34.7627    27.5995 0.0000e+00
       2299    345.194     3.9799   3.249484    34.7638    27.6004 0.0000e+00
       2300    345.670     3.9806   3.249661    34.7649    27.6012 0.0000e+00
       2301    346.154     3.9812   3.249806    34.7658    27.6018 0.0000e+00
       2302    346.645     3.9818   3.249927    34.7663    27.6022 0.0000e+00
       2303    347.126     3.9823   3.250031    34.7667    27.6025 0.0000e+00
       2304    347.581     3.9827   3.250109    34.7670    27.6027 0.0000e+00
       2305    348.024     3.9829   3.250167    34.7672    27.6028 0.0000e+00
       2306    348.493     3.9830   3.250224    34.7676    27.6031 0.0000e+00
       2307    349.010     3.9832   3.250282    34.7678    27.6032 0.0000e+00
       2308    349.551     3.9834   3.250345    34.7680    27.6034 0.0000e+00
       2309    350.072     3.9838   3.250414    34.7681    27.6034 0.0000e+00
       2310    350.558     3.9842   3.250479    34.7682    27.6035 0.0000e+00
       2311    351.035     3.9844   3.250534    34.7684    27.6036 0.0000e+00
       2312    351.531     3.9845   3.250588    34.7687    27.6038 0.0000e+00
       2313    352.053     3.9847   3.250647    34.7689    27.6039 0.0000e+00
       2314    352.589     3.9848   3.250704    34.7692    27.6042 0.0000e+00
       2315    353.119     3.9849   3.250758    34.7694    27.6043 0.0000e+00
       2316    353.626     3.9851   3.250804    34.7695    27.6044 0.0000e+00
       2317    354.117     3.9852   3.250842    34.7696    27.6044 0.0000e+00
       2318    354.623     3.9852   3.250877    34.7697    27.6045 0.0000e+00
       2319    355.170     3.9853   3.250921    34.7698    27.6046 0.0000e+00
       2320    355.757     3.9853   3.250968    34.7701    27.6048 0.0000e+00
       2321    356.362     3.9854   3.251015    34.7702    27.6049 0.0000e+00
       2322    356.954     3.9855   3.251060    34.7703    27.6050 0.0000e+00
       2323    357.508     3.9855   3.251114    34.7707    27.6053 0.0000e+00
       2324    358.022     3.9857   3.251185    34.7710    27.6055 0.0000e+00
       2325    358.519     3.9859   3.251263    34.7715    27.6059 0.0000e+00
       2326    359.033     3.9861   3.251336    34.7719    27.6062 0.0000e+00
       2327    359.587     3.9863   3.251403    34.7721    27.6064 0.0000e+00
       2328    360.180     3.9863   3.251466    34.7726    27.6067 0.0000e+00
       2329    360.782     3.9864   3.251529    34.7729    27.6070 0.0000e+00
       2330    361.363     3.9866   3.251603    34.7733    27.6072 0.0000e+00
       2331    361.915     3.9868   3.251683    34.7737    27.6075 0.0000e+00
       2332    362.453     3.9870   3.251763    34.7741    27.6079 0.0000e+00
       2333    363.004     3.9873   3.251849    34.7746    27.6082 0.0000e+00
       2334    363.581     3.9876   3.251976    34.7754    27.6088 0.0000e+00
       2335    364.175     3.9882   3.252193    34.7771    27.6101 0.0000e+00
       2336    364.757     3.9892   3.252464    34.7789    27.6114 0.0000e+00
       2337    365.302     3.9901   3.252709    34.7806    27.6127 0.0000e+00
       2338    365.815     3.9909   3.252879    34.7815    27.6133 0.0000e+00
       2339    366.330     3.9916   3.252999    34.7819    27.6136 0.0000e+00
       2340    366.878     3.9920   3.253108    34.7825    27.6140 0.0000e+00
       2341    367.464     3.9926   3.253216    34.7828    27.6142 0.0000e+00
       2342    368.058     3.9932   3.253304    34.7829    27.6142 0.0000e+00
       2343    368.622     3.9935   3.253364    34.7830    27.6142 0.0000e+00
       2344    369.154     3.9935   3.253403    34.7832    27.6144 0.0000e+00
       2345    369.681     3.9935   3.253437    34.7833    27.6145 0.0000e+00
       2346    370.225     3.9935   3.253465    34.7833    27.6145 0.0000e+00
       2347    370.786     3.9932   3.253484    34.7836    27.6147 0.0000e+00
       2348    371.339     3.9927   3.253499    34.7840    27.6151 0.0000e+00
       2349    371.862     3.9922   3.253509    34.7843    27.6155 0.0000e+00
       2350    372.365     3.9918   3.253525    34.7847    27.6158 0.0000e+00
       2351    372.876     3.9914   3.253541    34.7850    27.6161 0.0000e+00
       2352    373.412     3.9911   3.253541    34.7851    27.6161 0.0000e+00
       2353    373.970     3.9906   3.253520    34.7850    27.6162 0.0000e+00
       2354    374.530     3.9898   3.253490    34.7852    27.6164 0.0000e+00
       2355    375.069     3.9890   3.253474    34.7856    27.6168 0.0000e+00
       2356    375.580     3.9884   3.253490    34.7862    27.6173 0.0000e+00
       2357    376.084     3.9882   3.253519    34.7864    27.6175 0.0000e+00
       2358    376.611     3.9880   3.253539    34.7866    27.6177 0.0000e+00
       2359    377.164     3.9876   3.253533    34.7867    27.6178 0.0000e+00
       2360    377.711     3.9870   3.253487    34.7865    27.6177 0.0000e+00
       2361    378.223     3.9861   3.253434    34.7865    27.6178 0.0000e+00
       2362    378.703     3.9852   3.253404    34.7869    27.6182 0.0000e+00
       2363    379.182     3.9846   3.253397    34.7872    27.6185 0.0000e+00
       2364    379.692     3.9840   3.253387    34.7874    27.6187 0.0000e+00
       2365    380.241     3.9834   3.253365    34.7875    27.6189 0.0000e+00
       2366    380.805     3.9828   3.253343    34.7875    27.6190 0.0000e+00
       2367    381.348     3.9821   3.253334    34.7879    27.6193 0.0000e+00
       2368    381.854     3.9816   3.253342    34.7882    27.6197 0.0000e+00
       2369    382.335     3.9813   3.253359    34.7885    27.6199 0.0000e+00
       2370    382.819     3.9812   3.253375    34.7885    27.6200 0.0000e+00
       2371    383.320     3.9810   3.253381    34.7886    27.6200 0.0000e+00
       2372    383.834     3.9809   3.253379    34.7884    27.6198 0.0000e+00
       2373    384.350     3.9806   3.253378    34.7884    27.6199 0.0000e+00
       2374    384.861     3.9804   3.253383    34.7884    27.6199 0.0000e+00
       2375    385.367     3.9801   3.253390    34.7885    27.6201 0.0000e+00
       2376    385.868     3.9798   3.253396    34.7887    27.6202 0.0000e+00
       2377    386.368     3.9795   3.253398    34.7887    27.6203 0.0000e+00
       2378    386.869     3.9793   3.253411    34.7888    27.6204 0.0000e+00
       2379    387.369     3.9790   3.253424    34.7890    27.6206 0.0000e+00
       2380    387.864     3.9787   3.253417    34.7890    27.6206 0.0000e+00
       2381    388.348     3.9785   3.253400    34.7888    27.6204 0.0000e+00
       2382    388.821     3.9781   3.253397    34.7889    27.6205 0.0000e+00
       2383    389.290     3.9777   3.253399    34.7891    27.6207 0.0000e+00
       2384    389.767     3.9775   3.253403    34.7891    27.6208 0.0000e+00
       2385    390.253     3.9774   3.253409    34.7890    27.6207 0.0000e+00
       2386    390.742     3.9772   3.253419    34.7891    27.6208 0.0000e+00
       2387    391.224     3.9772   3.253444    34.7891    27.6208 0.0000e+00
       2388    391.700     3.9772   3.253475    34.7892    27.6209 0.0000e+00
       2389    392.180     3.9772   3.253497    34.7892    27.6209 0.0000e+00
       2390    392.665     3.9771   3.253493    34.7890    27.6208 0.0000e+00
       2391    393.148     3.9765   3.253430    34.7887    27.6205 0.0000e+00
       2392    393.616     3.9749   3.253290    34.7885    27.6205 0.0000e+00
       2393    394.068     3.9725   3.253094    34.7884    27.6208 0.0000e+00
       2394    394.521     3.9696   3.252908    34.7890    27.6216 0.0000e+00
       2395    394.988     3.9669   3.252779    34.7901    27.6227 0.0000e+00
       2396    395.465     3.9649   3.252696    34.7910    27.6236 0.0000e+00
       2397    395.944     3.9633   3.252637    34.7917    27.6244 0.0000e+00
       2398    396.416     3.9619   3.252579    34.7923    27.6249 0.0000e+00
       2399    396.881     3.9604   3.252496    34.7926    27.6254 0.0000e+00
       2400    397.347     3.9587   3.252386    34.7929    27.6257 0.0000e+00
       2401    397.812     3.9566   3.252278    34.7936    27.6265 0.0000e+00
       2402    398.263     3.9546   3.252193    34.7944    27.6274 0.0000e+00
       2403    398.696     3.9528   3.252135    34.7954    27.6284 0.0000e+00
       2404    399.121     3.9516   3.252121    34.7963    27.6292 0.0000e+00
       2405    399.556     3.9511   3.252128    34.7967    27.6296 0.0000e+00
       2406    399.999     3.9508   3.252129    34.7968    27.6297 0.0000e+00
       2407    400.436     3.9505   3.252119    34.7968    27.6297 0.0000e+00
       2408    400.850     3.9499   3.252107    34.7970    27.6300 0.0000e+00
       2409    401.247     3.9491   3.252092    34.7975    27.6304 0.0000e+00
       2410    401.651     3.9485   3.252066    34.7976    27.6305 0.0000e+00
       2411    402.072     3.9480   3.252051    34.7977    27.6307 0.0000e+00
       2412    402.504     3.9474   3.252047    34.7981    27.6310 0.0000e+00
       2413    402.940     3.9470   3.252045    34.7982    27.6312 0.0000e+00
       2414    403.382     3.9467   3.252041    34.7983    27.6313 0.0000e+00
       2415    403.829     3.9463   3.252035    34.7984    27.6314 0.0000e+00
       2416    404.274     3.9459   3.252027    34.7985    27.6315 0.0000e+00
       2417    404.704     3.9455   3.252034    34.7988    27.6318 0.0000e+00
       2418    405.111     3.9452   3.252054    34.7991    27.6321 0.0000e+00
       2419    405.504     3.9452   3.252076    34.7992    27.6321 0.0000e+00
       2420    405.907     3.9452   3.252095    34.7992    27.6321 0.0000e+00
       2421    406.332     3.9454   3.252108    34.7989    27.6319 0.0000e+00
       2422    406.769     3.9455   3.252113    34.7986    27.6317 0.0000e+00
       2423    407.198     3.9453   3.252123    34.7987    27.6318 0.0000e+00
       2424    407.604     3.9451   3.252137    34.7989    27.6319 0.0000e+00
       2425    407.993     3.9449   3.252150    34.7990    27.6321 0.0000e+00
       2426    408.385     3.9448   3.252162    34.7991    27.6321 0.0000e+00
       2427    408.797     3.9448   3.252171    34.7990    27.6320 0.0000e+00
       2428    409.232     3.9448   3.252179    34.7988    27.6319 0.0000e+00
       2429    409.677     3.9446   3.252187    34.7989    27.6320 0.0000e+00
       2430    410.108     3.9444   3.252194    34.7990    27.6321 0.0000e+00
       2431    410.501     3.9443   3.252213    34.7991    27.6322 0.0000e+00
       2432    410.858     3.9441   3.252244    34.7995    27.6325 0.0000e+00
       2433    411.212     3.9440   3.252269    34.7997    27.6327 0.0000e+00
       2434    411.601     3.9442   3.252281    34.7994    27.6324 0.0000e+00
       2435    412.032     3.9442   3.252288    34.7993    27.6323 0.0000e+00
       2436    412.474     3.9440   3.252300    34.7994    27.6324 0.0000e+00
       2437    412.890     3.9440   3.252324    34.7994    27.6325 0.0000e+00
       2438    413.278     3.9440   3.252350    34.7995    27.6326 0.0000e+00
       2439    413.665     3.9440   3.252368    34.7995    27.6326 0.0000e+00
       2440    414.073     3.9440   3.252375    34.7994    27.6325 0.0000e+00
       2441    414.502     3.9440   3.252380    34.7992    27.6323 0.0000e+00
       2442    414.928     3.9438   3.252392    34.7994    27.6324 0.0000e+00
       2443    415.334     3.9436   3.252406    34.7995    27.6326 0.0000e+00
       2444    415.725     3.9436   3.252430    34.7996    27.6327 0.0000e+00
       2445    416.117     3.9437   3.252459    34.7996    27.6327 0.0000e+00
       2446    416.523     3.9439   3.252481    34.7995    27.6325 0.0000e+00
       2447    416.942     3.9440   3.252495    34.7993    27.6324 0.0000e+00
       2448    417.362     3.9440   3.252515    34.7993    27.6324 0.0000e+00
       2449    417.771     3.9440   3.252541    34.7994    27.6325 0.0000e+00
       2450    418.175     3.9440   3.252564    34.7995    27.6325 0.0000e+00
       2451    418.583     3.9439   3.252584    34.7996    27.6326 0.0000e+00
       2452    418.990     3.9439   3.252604    34.7996    27.6326 0.0000e+00
       2453    419.381     3.9439   3.252621    34.7996    27.6326 0.0000e+00
       2454    419.749     3.9439   3.252642    34.7997    27.6327 0.0000e+00
       2455    420.106     3.9440   3.252663    34.7996    27.6326 0.0000e+00
       2456    420.471     3.9440   3.252680    34.7996    27.6326 0.0000e+00
       2457    420.852     3.9442   3.252690    34.7993    27.6324 0.0000e+00
       2458    421.239     3.9442   3.252704    34.7993    27.6323 0.0000e+00
       2459    421.614     3.9442   3.252721    34.7993    27.6323 0.0000e+00
       2460    421.974     3.9443   3.252745    34.7993    27.6323 0.0000e+00
       2461    422.328     3.9444   3.252775    34.7993    27.6324 0.0000e+00
