Datasets/Multi_Species/TEL214/tel214_2020_038.cnv
* Sea-Bird SBE19plus Data File:
* Filename = C:/AQUIRE/tel214_2020_038.hex
* Software Version AquireV2 AF V2.0
* Temperature SN =  8014
* Conductivity SN =  8014
* System UpLoad Time = Nov 16 2020 13:27:39
* <ApplicationData>
* <AQUIREV2>
** VESSEL/TRIP/SEQ STN: tel214_2020_038
** LATITUDE: 52 17.67 N
** LONGITUDE: 51 32.72 W
** DATE/TIME: 2020-11-16 12:15
** SOUNDING DEPTH (M): 0341
** PROBE TYPE: S8014
** CTD NUMBER: 038
** COMMENTS: 
# nquan = 7                                 
# nvalues = 4095                        
# units = specified
# name 0 = scan: Scan Count
# name 1 = prdM: Pressure, Strain Gauge [db]
# name 2 = tv290C: Temperature [ITS-90, deg C]
# name 3 = c0S/m: Conductivity [S/m]
# name 4 = sal00: Salinity, Practical [PSU]
# name 5 = sigma-t00: Density [sigma-t, kg/m^3 ]
# name 6 = flag: flag
# span 0 =          1,       4095       
# span 1 =     -0.420,    340.310       
# span 2 =     0.4714,     3.6681       
# span 3 =  -0.035853,   3.211569       
# span 4 =    -0.0015,    34.6556       
# span 5 =    -0.1274,    27.5474       
# span 6 = 0.0000e+00, 0.0000e+00       
# interval = seconds: 1
# start_time = Nov 16 2020 12:15:39 [Instrument's time stamp, header]
# bad_flag = -9.990e-29
*END*
[from data line 2667]
       2668    322.958     3.6597   3.210846    34.6545    27.5460 0.0000e+00
       2669    322.738     3.6599   3.210840    34.6543    27.5459 0.0000e+00
       2670    322.515     3.6600   3.210839    34.6543    27.5459 0.0000e+00
       2671    322.296     3.6601   3.210838    34.6543    27.5458 0.0000e+00
       2672    322.088     3.6601   3.210836    34.6544    27.5459 0.0000e+00
       2673    321.888     3.6603   3.210838    34.6543    27.5458 0.0000e+00
       2674    321.684     3.6604   3.210837    34.6543    27.5458 0.0000e+00
       2675    321.481     3.6605   3.210830    34.6542    27.5457 0.0000e+00
       2676    321.290     3.6605   3.210821    34.6542    27.5457 0.0000e+00
       2677    321.103     3.6605   3.210806    34.6541    27.5457 0.0000e+00
       2678    320.910     3.6603   3.210775    34.6541    27.5456 0.0000e+00
       2679    320.708     3.6600   3.210736    34.6540    27.5456 0.0000e+00
       2680    320.500     3.6597   3.210713    34.6542    27.5458 0.0000e+00
       2681    320.294     3.6596   3.210710    34.6544    27.5460 0.0000e+00
       2682    320.090     3.6597   3.210706    34.6543    27.5459 0.0000e+00
       2683    319.886     3.6597   3.210696    34.6543    27.5459 0.0000e+00
       2684    319.688     3.6597   3.210685    34.6543    27.5459 0.0000e+00
       2685    319.501     3.6597   3.210673    34.6543    27.5458 0.0000e+00
       2686    319.324     3.6597   3.210657    34.6542    27.5458 0.0000e+00
       2687    319.155     3.6597   3.210643    34.6541    27.5457 0.0000e+00
       2688    318.991     3.6596   3.210636    34.6542    27.5458 0.0000e+00
       2689    318.827     3.6596   3.210635    34.6543    27.5459 0.0000e+00
       2690    318.655     3.6596   3.210623    34.6542    27.5458 0.0000e+00
       2691    318.470     3.6593   3.210599    34.6544    27.5460 0.0000e+00
       2692    318.270     3.6591   3.210574    34.6544    27.5460 0.0000e+00
       2693    318.061     3.6589   3.210553    34.6544    27.5461 0.0000e+00
       2694    317.856     3.6589   3.210533    34.6543    27.5460 0.0000e+00
       2695    317.665     3.6587   3.210518    34.6545    27.5461 0.0000e+00
       2696    317.488     3.6587   3.210514    34.6545    27.5461 0.0000e+00
       2697    317.318     3.6589   3.210509    34.6543    27.5460 0.0000e+00
       2698    317.143     3.6589   3.210497    34.6543    27.5459 0.0000e+00
       2699    316.954     3.6587   3.210485    34.6544    27.5461 0.0000e+00
       2700    316.754     3.6587   3.210477    34.6545    27.5461 0.0000e+00
       2701    316.544     3.6589   3.210489    34.6545    27.5461 0.0000e+00
       2702    316.324     3.6593   3.210511    34.6545    27.5460 0.0000e+00
       2703    316.099     3.6597   3.210523    34.6543    27.5459 0.0000e+00
       2704    315.876     3.6600   3.210527    34.6541    27.5457 0.0000e+00
       2705    315.655     3.6601   3.210532    34.6542    27.5458 0.0000e+00
       2706    315.437     3.6603   3.210532    34.6541    27.5457 0.0000e+00
       2707    315.218     3.6605   3.210527    34.6540    27.5455 0.0000e+00
       2708    314.992     3.6606   3.210531    34.6540    27.5456 0.0000e+00
       2709    314.755     3.6608   3.210542    34.6541    27.5456 0.0000e+00
       2710    314.507     3.6609   3.210545    34.6541    27.5456 0.0000e+00
       2711    314.250     3.6610   3.210532    34.6540    27.5455 0.0000e+00
       2712    313.992     3.6612   3.210520    34.6538    27.5453 0.0000e+00
       2713    313.737     3.6613   3.210531    34.6540    27.5455 0.0000e+00
       2714    313.486     3.6616   3.210549    34.6540    27.5455 0.0000e+00
       2715    313.234     3.6618   3.210545    34.6539    27.5453 0.0000e+00
       2716    312.981     3.6619   3.210518    34.6536    27.5451 0.0000e+00
       2717    312.730     3.6619   3.210498    34.6535    27.5450 0.0000e+00
       2718    312.475     3.6618   3.210497    34.6537    27.5452 0.0000e+00
       2719    312.217     3.6620   3.210506    34.6537    27.5452 0.0000e+00
       2720    311.958     3.6623   3.210516    34.6537    27.5451 0.0000e+00
       2721    311.693     3.6626   3.210523    34.6536    27.5450 0.0000e+00
       2722    311.420     3.6628   3.210531    34.6536    27.5450 0.0000e+00
       2723    311.143     3.6631   3.210548    34.6537    27.5450 0.0000e+00
       2724    310.868     3.6637   3.210580    34.6536    27.5449 0.0000e+00
       2725    310.594     3.6642   3.210603    34.6535    27.5448 0.0000e+00
       2726    310.318     3.6647   3.210614    34.6532    27.5445 0.0000e+00
       2727    310.038     3.6651   3.210626    34.6531    27.5444 0.0000e+00
       2728    309.754     3.6656   3.210639    34.6528    27.5441 0.0000e+00
       2729    309.466     3.6660   3.210647    34.6527    27.5440 0.0000e+00
       2730    309.174     3.6664   3.210651    34.6525    27.5437 0.0000e+00
       2731    308.880     3.6667   3.210644    34.6522    27.5435 0.0000e+00
       2732    308.584     3.6668   3.210629    34.6521    27.5434 0.0000e+00
       2733    308.279     3.6669   3.210613    34.6520    27.5433 0.0000e+00
       2734    307.963     3.6669   3.210596    34.6519    27.5433 0.0000e+00
       2735    307.639     3.6671   3.210577    34.6517    27.5430 0.0000e+00
       2736    307.311     3.6673   3.210555    34.6514    27.5428 0.0000e+00
       2737    306.985     3.6676   3.210525    34.6509    27.5423 0.0000e+00
       2738    306.660     3.6677   3.210486    34.6505    27.5420 0.0000e+00
       2739    306.332     3.6677   3.210445    34.6501    27.5418 0.0000e+00
       2740    306.005     3.6678   3.210413    34.6498    27.5415 0.0000e+00
       2741    305.677     3.6680   3.210381    34.6494    27.5412 0.0000e+00
       2742    305.340     3.6681   3.210304    34.6486    27.5405 0.0000e+00
       2743    304.991     3.6679   3.210171    34.6474    27.5395 0.0000e+00
       2744    304.633     3.6676   3.210031    34.6462    27.5386 0.0000e+00
       2745    304.271     3.6674   3.209935    34.6455    27.5381 0.0000e+00
       2746    303.913     3.6673   3.209878    34.6451    27.5378 0.0000e+00
       2747    303.562     3.6671   3.209822    34.6448    27.5376 0.0000e+00
       2748    303.210     3.6670   3.209753    34.6443    27.5372 0.0000e+00
       2749    302.854     3.6669   3.209679    34.6437    27.5367 0.0000e+00
       2750    302.487     3.6666   3.209604    34.6433    27.5364 0.0000e+00
       2751    302.102     3.6663   3.209529    34.6429    27.5362 0.0000e+00
       2752    301.708     3.6662   3.209459    34.6424    27.5358 0.0000e+00
       2753    301.311     3.6661   3.209395    34.6420    27.5354 0.0000e+00
       2754    300.909     3.6659   3.209331    34.6416    27.5352 0.0000e+00
       2755    300.502     3.6657   3.209272    34.6414    27.5350 0.0000e+00
       2756    300.095     3.6655   3.209213    34.6411    27.5348 0.0000e+00
       2757    299.692     3.6654   3.209154    34.6407    27.5345 0.0000e+00
       2758    299.291     3.6651   3.209089    34.6405    27.5343 0.0000e+00
       2759    298.885     3.6648   3.209003    34.6400    27.5340 0.0000e+00
       2760    298.467     3.6643   3.208881    34.6393    27.5335 0.0000e+00
       2761    298.037     3.6635   3.208729    34.6385    27.5329 0.0000e+00
       2762    297.601     3.6627   3.208576    34.6378    27.5324 0.0000e+00
       2763    297.163     3.6617   3.208435    34.6374    27.5322 0.0000e+00
       2764    296.725     3.6608   3.208294    34.6369    27.5319 0.0000e+00
       2765    296.287     3.6599   3.208130    34.6361    27.5314 0.0000e+00
       2766    295.845     3.6587   3.207917    34.6351    27.5307 0.0000e+00
       2767    295.398     3.6570   3.207651    34.6339    27.5299 0.0000e+00
       2768    294.945     3.6551   3.207330    34.6324    27.5289 0.0000e+00
       2769    294.488     3.6527   3.206943    34.6305    27.5276 0.0000e+00
       2770    294.027     3.6500   3.206542    34.6288    27.5266 0.0000e+00
       2771    293.568     3.6471   3.206126    34.6272    27.5255 0.0000e+00
       2772    293.108     3.6435   3.205589    34.6248    27.5240 0.0000e+00
       2773    292.641     3.6393   3.204987    34.6223    27.5224 0.0000e+00
       2774    292.168     3.6352   3.204454    34.6205    27.5214 0.0000e+00
       2775    291.699     3.6317   3.204015    34.6192    27.5207 0.0000e+00
       2776    291.241     3.6290   3.203666    34.6182    27.5202 0.0000e+00
       2777    290.789     3.6269   3.203403    34.6175    27.5198 0.0000e+00
       2778    290.332     3.6256   3.203199    34.6167    27.5193 0.0000e+00
       2779    289.865     3.6245   3.202998    34.6157    27.5186 0.0000e+00
       2780    289.383     3.6234   3.202774    34.6144    27.5177 0.0000e+00
       2781    288.882     3.6219   3.202543    34.6135    27.5172 0.0000e+00
       2782    288.363     3.6201   3.202273    34.6125    27.5165 0.0000e+00
       2783    287.837     3.6177   3.201894    34.6107    27.5154 0.0000e+00
       2784    287.317     3.6145   3.201438    34.6090    27.5143 0.0000e+00
       2785    286.802     3.6115   3.201033    34.6076    27.5134 0.0000e+00
       2786    286.293     3.6091   3.200712    34.6065    27.5129 0.0000e+00
       2787    285.791     3.6067   3.200410    34.6057    27.5125 0.0000e+00
       2788    285.290     3.6041   3.200093    34.6050    27.5121 0.0000e+00
       2789    284.778     3.6016   3.199778    34.6041    27.5117 0.0000e+00
       2790    284.245     3.5995   3.199490    34.6032    27.5111 0.0000e+00
       2791    283.691     3.5974   3.199223    34.6025    27.5108 0.0000e+00
       2792    283.128     3.5957   3.198996    34.6019    27.5105 0.0000e+00
       2793    282.560     3.5943   3.198832    34.6017    27.5105 0.0000e+00
       2794    281.986     3.5933   3.198693    34.6014    27.5104 0.0000e+00
       2795    281.408     3.5924   3.198528    34.6007    27.5099 0.0000e+00
       2796    280.830     3.5908   3.198275    34.5997    27.5092 0.0000e+00
       2797    280.255     3.5879   3.197821    34.5976    27.5079 0.0000e+00
       2798    279.682     3.5831   3.197109    34.5945    27.5058 0.0000e+00
       2799    279.110     3.5766   3.196243    34.5913    27.5039 0.0000e+00
       2800    278.537     3.5696   3.195388    34.5888    27.5026 0.0000e+00
       2801    277.963     3.5629   3.194619    34.5870    27.5018 0.0000e+00
       2802    277.384     3.5572   3.193943    34.5852    27.5010 0.0000e+00
       2803    276.795     3.5520   3.193376    34.5842    27.5007 0.0000e+00
       2804    276.191     3.5474   3.192879    34.5835    27.5006 0.0000e+00
       2805    275.571     3.5431   3.192382    34.5824    27.5002 0.0000e+00
       2806    274.941     3.5392   3.191881    34.5809    27.4993 0.0000e+00
       2807    274.305     3.5355   3.191460    34.5801    27.4991 0.0000e+00
       2808    273.667     3.5328   3.191163    34.5797    27.4990 0.0000e+00
       2809    273.027     3.5309   3.190919    34.5792    27.4988 0.0000e+00
       2810    272.385     3.5292   3.190637    34.5779    27.4980 0.0000e+00
       2811    271.746     3.5271   3.190283    34.5763    27.4968 0.0000e+00
       2812    271.111     3.5241   3.189894    34.5751    27.4962 0.0000e+00
       2813    270.470     3.5205   3.189488    34.5744    27.4960 0.0000e+00
       2814    269.815     3.5160   3.188949    34.5731    27.4954 0.0000e+00
       2815    269.142     3.5104   3.188180    34.5701    27.4936 0.0000e+00
       2816    268.452     3.5030   3.187164    34.5661    27.4911 0.0000e+00
       2817    267.751     3.4939   3.185967    34.5618    27.4885 0.0000e+00
       2818    267.043     3.4846   3.184882    34.5590    27.4872 0.0000e+00
       2819    266.332     3.4767   3.184045    34.5577    27.4870 0.0000e+00
       2820    265.631     3.4701   3.183351    34.5567    27.4868 0.0000e+00
       2821    264.948     3.4646   3.182782    34.5561    27.4869 0.0000e+00
       2822    264.272     3.4595   3.182060    34.5532    27.4851 0.0000e+00
       2823    263.583     3.4520   3.180843    34.5469    27.4808 0.0000e+00
       2824    262.866     3.4409   3.179319    34.5407    27.4769 0.0000e+00
       2825    262.124     3.4284   3.177819    34.5363    27.4746 0.0000e+00
       2826    261.371     3.4173   3.176515    34.5328    27.4729 0.0000e+00
       2827    260.622     3.4093   3.175643    34.5312    27.4724 0.0000e+00
       2828    259.882     3.4055   3.175319    34.5318    27.4732 0.0000e+00
       2829    259.148     3.4051   3.175232    34.5315    27.4730 0.0000e+00
       2830    258.415     3.4047   3.174937    34.5288    27.4709 0.0000e+00
       2831    257.679     3.4015   3.174335    34.5253    27.4685 0.0000e+00
       2832    256.945     3.3964   3.173634    34.5227    27.4668 0.0000e+00
       2833    256.213     3.3918   3.173012    34.5205    27.4655 0.0000e+00
       2834    255.478     3.3879   3.172357    34.5171    27.4632 0.0000e+00
       2835    254.733     3.3827   3.171519    34.5130    27.4604 0.0000e+00
       2836    253.975     3.3758   3.170645    34.5102    27.4588 0.0000e+00
       2837    253.204     3.3687   3.169873    34.5088    27.4584 0.0000e+00
       2838    252.432     3.3626   3.169171    34.5072    27.4578 0.0000e+00
       2839    251.677     3.3569   3.168504    34.5057    27.4571 0.0000e+00
       2840    250.937     3.3517   3.167914    34.5045    27.4566 0.0000e+00
       2841    250.199     3.3476   3.167375    34.5027    27.4556 0.0000e+00
       2842    249.450     3.3437   3.166712    34.4993    27.4532 0.0000e+00
       2843    248.684     3.3365   3.165662    34.4947    27.4502 0.0000e+00
       2844    247.904     3.3254   3.164283    34.4902    27.4478 0.0000e+00
       2845    247.122     3.3131   3.162924    34.4873    27.4466 0.0000e+00
       2846    246.342     3.3013   3.161591    34.4842    27.4452 0.0000e+00
       2847    245.561     3.2899   3.160254    34.4805    27.4434 0.0000e+00
       2848    244.780     3.2799   3.159183    34.4786    27.4429 0.0000e+00
       2849    244.002     3.2731   3.158438    34.4773    27.4424 0.0000e+00
       2850    243.227     3.2681   3.157709    34.4742    27.4404 0.0000e+00
       2851    242.448     3.2618   3.156713    34.4693    27.4371 0.0000e+00
       2852    241.657     3.2530   3.155528    34.4647    27.4343 0.0000e+00
       2853    240.861     3.2436   3.154427    34.4618    27.4329 0.0000e+00
       2854    240.076     3.2355   3.153535    34.4601    27.4322 0.0000e+00
       2855    239.308     3.2295   3.152904    34.4592    27.4321 0.0000e+00
       2856    238.549     3.2256   3.152303    34.4565    27.4303 0.0000e+00
       2857    237.776     3.2220   3.151446    34.4504    27.4258 0.0000e+00
       2858    236.977     3.2180   3.150530    34.4440    27.4211 0.0000e+00
       2859    236.157     3.2155   3.149873    34.4391    27.4174 0.0000e+00
       2860    235.332     3.2155   3.149561    34.4358    27.4148 0.0000e+00
       2861    234.518     3.2169   3.149473    34.4337    27.4129 0.0000e+00
       2862    233.715     3.2186   3.149464    34.4322    27.4116 0.0000e+00
       2863    232.916     3.2199   3.149454    34.4312    27.4106 0.0000e+00
       2864    232.123     3.2209   3.149373    34.4295    27.4093 0.0000e+00
       2865    231.335     3.2211   3.149207    34.4278    27.4078 0.0000e+00
       2866    230.545     3.2202   3.148817    34.4244    27.4052 0.0000e+00
       2867    229.746     3.2164   3.147922    34.4181    27.4005 0.0000e+00
       2868    228.942     3.2100   3.146842    34.4122    27.3964 0.0000e+00
       2869    228.140     3.2055   3.146291    34.4108    27.3957 0.0000e+00
       2870    227.345     3.2058   3.146299    34.4110    27.3958 0.0000e+00
       2871    226.560     3.2093   3.146485    34.4099    27.3947 0.0000e+00
