Datasets/Multi_Species/TEL214/tel214_2020_029.cnv
* Sea-Bird SBE19plus Data File:
* Filename = C:/AQUIRE/tel214_2020_029.hex
* Software Version AquireV2 AF V2.0
* Temperature SN =  7853
* Conductivity SN =  7853
* System UpLoad Time = Nov 15 2020 05:02:15
* <ApplicationData>
* <AQUIREV2>
** VESSEL/TRIP/SEQ STN: tel214_2020_029
** LATITUDE: 53 17.46 N
** LONGITUDE: 52 27.48 W
** DATE/TIME: 2020-11-15 03:55
** SOUNDING DEPTH (M): 0433
** PROBE TYPE: S7853
** CTD NUMBER: 029
** COMMENTS: 
# nquan = 7                                 
# nvalues = 3885                        
# units = specified
# name 0 = scan: Scan Count
# name 1 = prdM: Pressure, Strain Gauge [db]
# name 2 = tv290C: Temperature [ITS-90, deg C]
# name 3 = c0S/m: Conductivity [S/m]
# name 4 = sal00: Salinity, Practical [PSU]
# name 5 = sigma-t00: Density [sigma-t, kg/m^3 ]
# name 6 = flag: flag
# span 0 =          1,       3885       
# span 1 =     -1.084,    435.082       
# span 2 =     0.6583,     3.9697       
# span 3 =   0.000006,   3.249647       
# span 4 =    -0.0013,    34.8157       
# span 5 =    -0.1166,    27.6563       
# span 6 = 0.0000e+00, 0.0000e+00       
# interval = seconds: 1
# start_time = Nov 15 2020 03:55:29 [Instrument's time stamp, header]
# bad_flag = -9.990e-29
*END*
[from data line 1436]
       1437    422.034     3.5205   3.212613    34.7703    27.6521 0.0000e+00
       1438    422.320     3.5210   3.212705    34.7707    27.6524 0.0000e+00
       1439    422.601     3.5217   3.212789    34.7708    27.6524 0.0000e+00
       1440    422.892     3.5222   3.212863    34.7710    27.6525 0.0000e+00
       1441    423.204     3.5227   3.212919    34.7710    27.6525 0.0000e+00
       1442    423.527     3.5229   3.212935    34.7708    27.6523 0.0000e+00
       1443    423.842     3.5229   3.212910    34.7703    27.6519 0.0000e+00
       1444    424.140     3.5225   3.212887    34.7703    27.6519 0.0000e+00
       1445    424.427     3.5224   3.212890    34.7703    27.6519 0.0000e+00
       1446    424.711     3.5223   3.212903    34.7704    27.6520 0.0000e+00
       1447    425.005     3.5224   3.212922    34.7704    27.6520 0.0000e+00
       1448    425.314     3.5225   3.212949    34.7704    27.6520 0.0000e+00
       1449    425.634     3.5226   3.212984    34.7706    27.6521 0.0000e+00
       1450    425.955     3.5229   3.213030    34.7706    27.6521 0.0000e+00
       1451    426.260     3.5233   3.213089    34.7708    27.6522 0.0000e+00
       1452    426.536     3.5236   3.213148    34.7710    27.6524 0.0000e+00
       1453    426.785     3.5240   3.213195    34.7710    27.6523 0.0000e+00
       1454    427.028     3.5244   3.213234    34.7709    27.6522 0.0000e+00
       1455    427.287     3.5247   3.213265    34.7708    27.6521 0.0000e+00
       1456    427.561     3.5248   3.213295    34.7709    27.6522 0.0000e+00
       1457    427.826     3.5249   3.213325    34.7710    27.6523 0.0000e+00
       1458    428.050     3.5250   3.213336    34.7709    27.6522 0.0000e+00
       1459    428.225     3.5251   3.213349    34.7709    27.6521 0.0000e+00
       1460    428.378     3.5252   3.213381    34.7711    27.6523 0.0000e+00
       1461    428.547     3.5254   3.213410    34.7711    27.6523 0.0000e+00
       1462    428.754     3.5256   3.213428    34.7710    27.6522 0.0000e+00
       1463    428.985     3.5256   3.213431    34.7709    27.6521 0.0000e+00
       1464    429.207     3.5255   3.213416    34.7707    27.6520 0.0000e+00
       1465    429.397     3.5252   3.213390    34.7707    27.6519 0.0000e+00
       1466    429.555     3.5250   3.213382    34.7707    27.6520 0.0000e+00
       1467    429.691     3.5248   3.213397    34.7710    27.6523 0.0000e+00
       1468    429.821     3.5250   3.213424    34.7710    27.6523 0.0000e+00
       1469    429.960     3.5252   3.213461    34.7712    27.6524 0.0000e+00
       1470    430.108     3.5256   3.213499    34.7712    27.6523 0.0000e+00
       1471    430.256     3.5258   3.213519    34.7711    27.6522 0.0000e+00
       1472    430.400     3.5259   3.213514    34.7709    27.6520 0.0000e+00
       1473    430.536     3.5257   3.213486    34.7707    27.6519 0.0000e+00
       1474    430.654     3.5255   3.213470    34.7706    27.6519 0.0000e+00
       1475    430.740     3.5255   3.213490    34.7708    27.6520 0.0000e+00
       1476    430.804     3.5256   3.213529    34.7711    27.6523 0.0000e+00
       1477    430.875     3.5259   3.213565    34.7712    27.6523 0.0000e+00
       1478    430.975     3.5261   3.213601    34.7714    27.6524 0.0000e+00
       1479    431.094     3.5266   3.213650    34.7714    27.6524 0.0000e+00
       1480    431.200     3.5271   3.213712    34.7715    27.6524 0.0000e+00
       1481    431.276     3.5278   3.213778    34.7715    27.6524 0.0000e+00
       1482    431.339     3.5282   3.213815    34.7715    27.6523 0.0000e+00
       1483    431.408     3.5285   3.213831    34.7713    27.6522 0.0000e+00
       1484    431.482     3.5286   3.213845    34.7714    27.6522 0.0000e+00
       1485    431.543     3.5286   3.213854    34.7714    27.6522 0.0000e+00
       1486    431.588     3.5286   3.213851    34.7714    27.6522 0.0000e+00
       1487    431.634     3.5287   3.213859    34.7713    27.6521 0.0000e+00
       1488    431.690     3.5289   3.213889    34.7715    27.6522 0.0000e+00
       1489    431.743     3.5292   3.213921    34.7715    27.6522 0.0000e+00
       1490    431.770     3.5294   3.213935    34.7714    27.6522 0.0000e+00
       1491    431.765     3.5294   3.213937    34.7715    27.6522 0.0000e+00
       1492    431.747     3.5294   3.213931    34.7714    27.6521 0.0000e+00
       1493    431.741     3.5294   3.213920    34.7713    27.6520 0.0000e+00
       1494    431.752     3.5293   3.213919    34.7714    27.6521 0.0000e+00
       1495    431.767     3.5294   3.213940    34.7715    27.6522 0.0000e+00
       1496    431.769     3.5296   3.213958    34.7715    27.6522 0.0000e+00
       1497    431.753     3.5297   3.213962    34.7715    27.6521 0.0000e+00
       1498    431.724     3.5297   3.213957    34.7714    27.6521 0.0000e+00
       1499    431.699     3.5297   3.213954    34.7714    27.6521 0.0000e+00
       1500    431.686     3.5297   3.213963    34.7715    27.6522 0.0000e+00
       1501    431.683     3.5301   3.214013    34.7717    27.6523 0.0000e+00
       1502    431.676     3.5307   3.214105    34.7721    27.6526 0.0000e+00
       1503    431.658     3.5315   3.214190    34.7723    27.6526 0.0000e+00
       1504    431.629     3.5321   3.214231    34.7722    27.6525 0.0000e+00
       1505    431.591     3.5324   3.214232    34.7719    27.6522 0.0000e+00
       1506    431.556     3.5323   3.214211    34.7718    27.6521 0.0000e+00
       1507    431.536     3.5321   3.214180    34.7716    27.6520 0.0000e+00
       1508    431.536     3.5318   3.214154    34.7716    27.6521 0.0000e+00
       1509    431.543     3.5317   3.214158    34.7718    27.6522 0.0000e+00
       1510    431.541     3.5318   3.214185    34.7720    27.6524 0.0000e+00
       1511    431.529     3.5320   3.214196    34.7719    27.6523 0.0000e+00
       1512    431.520     3.5320   3.214191    34.7719    27.6522 0.0000e+00
       1513    431.521     3.5321   3.214195    34.7718    27.6522 0.0000e+00
       1514    431.531     3.5321   3.214199    34.7719    27.6522 0.0000e+00
       1515    431.546     3.5321   3.214185    34.7717    27.6521 0.0000e+00
       1516    431.557     3.5320   3.214159    34.7715    27.6519 0.0000e+00
       1517    431.553     3.5317   3.214134    34.7715    27.6520 0.0000e+00
       1518    431.541     3.5315   3.214116    34.7715    27.6520 0.0000e+00
       1519    431.538     3.5313   3.214099    34.7715    27.6520 0.0000e+00
       1520    431.552     3.5312   3.214083    34.7714    27.6520 0.0000e+00
       1521    431.573     3.5310   3.214072    34.7715    27.6520 0.0000e+00
       1522    431.588     3.5311   3.214097    34.7717    27.6522 0.0000e+00
       1523    431.597     3.5314   3.214142    34.7719    27.6523 0.0000e+00
       1524    431.607     3.5317   3.214171    34.7719    27.6523 0.0000e+00
       1525    431.620     3.5318   3.214183    34.7719    27.6523 0.0000e+00
       1526    431.634     3.5319   3.214197    34.7720    27.6523 0.0000e+00
       1527    431.648     3.5321   3.214210    34.7719    27.6523 0.0000e+00
       1528    431.665     3.5321   3.214209    34.7719    27.6523 0.0000e+00
       1529    431.689     3.5320   3.214197    34.7719    27.6522 0.0000e+00
       1530    431.730     3.5320   3.214199    34.7719    27.6522 0.0000e+00
       1531    431.786     3.5322   3.214215    34.7718    27.6522 0.0000e+00
       1532    431.841     3.5323   3.214219    34.7717    27.6521 0.0000e+00
       1533    431.893     3.5321   3.214209    34.7718    27.6522 0.0000e+00
       1534    431.955     3.5320   3.214212    34.7719    27.6523 0.0000e+00
       1535    432.031     3.5322   3.214248    34.7721    27.6524 0.0000e+00
       1536    432.110     3.5328   3.214317    34.7722    27.6524 0.0000e+00
       1537    432.180     3.5334   3.214377    34.7723    27.6524 0.0000e+00
       1538    432.237     3.5337   3.214404    34.7722    27.6524 0.0000e+00
       1539    432.293     3.5339   3.214414    34.7721    27.6522 0.0000e+00
       1540    432.362     3.5339   3.214412    34.7721    27.6522 0.0000e+00
       1541    432.445     3.5340   3.214428    34.7721    27.6522 0.0000e+00
       1542    432.539     3.5344   3.214499    34.7725    27.6525 0.0000e+00
       1543    432.641     3.5351   3.214588    34.7727    27.6526 0.0000e+00
       1544    432.744     3.5357   3.214651    34.7728    27.6526 0.0000e+00
       1545    432.837     3.5362   3.214688    34.7727    27.6525 0.0000e+00
       1546    432.916     3.5365   3.214706    34.7725    27.6523 0.0000e+00
       1547    432.988     3.5366   3.214705    34.7724    27.6522 0.0000e+00
       1548    433.061     3.5365   3.214692    34.7723    27.6521 0.0000e+00
       1549    433.144     3.5362   3.214679    34.7724    27.6522 0.0000e+00
       1550    433.240     3.5360   3.214675    34.7725    27.6523 0.0000e+00
       1551    433.344     3.5360   3.214673    34.7724    27.6523 0.0000e+00
       1552    433.453     3.5359   3.214672    34.7725    27.6523 0.0000e+00
       1553    433.562     3.5358   3.214666    34.7724    27.6523 0.0000e+00
       1554    433.657     3.5357   3.214653    34.7723    27.6522 0.0000e+00
       1555    433.732     3.5355   3.214639    34.7723    27.6523 0.0000e+00
       1556    433.795     3.5354   3.214627    34.7723    27.6522 0.0000e+00
       1557    433.861     3.5353   3.214624    34.7723    27.6523 0.0000e+00
       1558    433.927     3.5353   3.214626    34.7723    27.6522 0.0000e+00
       1559    433.992     3.5353   3.214628    34.7723    27.6522 0.0000e+00
       1560    434.064     3.5353   3.214633    34.7723    27.6523 0.0000e+00
       1561    434.149     3.5352   3.214633    34.7724    27.6523 0.0000e+00
       1562    434.242     3.5351   3.214626    34.7723    27.6523 0.0000e+00
       1563    434.328     3.5351   3.214616    34.7722    27.6522 0.0000e+00
       1564    434.393     3.5349   3.214607    34.7722    27.6522 0.0000e+00
       1565    434.439     3.5347   3.214601    34.7724    27.6524 0.0000e+00
       1566    434.479     3.5347   3.214597    34.7723    27.6523 0.0000e+00
       1567    434.520     3.5346   3.214593    34.7723    27.6523 0.0000e+00
       1568    434.556     3.5346   3.214596    34.7723    27.6524 0.0000e+00
       1569    434.582     3.5347   3.214606    34.7723    27.6523 0.0000e+00
       1570    434.606     3.5347   3.214615    34.7724    27.6524 0.0000e+00
       1571    434.646     3.5347   3.214623    34.7725    27.6525 0.0000e+00
       1572    434.705     3.5347   3.214623    34.7725    27.6525 0.0000e+00
       1573    434.769     3.5346   3.214600    34.7723    27.6523 0.0000e+00
       1574    434.817     3.5343   3.214554    34.7720    27.6521 0.0000e+00
       1575    434.839     3.5339   3.214510    34.7719    27.6521 0.0000e+00
       1576    434.843     3.5335   3.214475    34.7719    27.6521 0.0000e+00
       1577    434.844     3.5332   3.214444    34.7718    27.6521 0.0000e+00
       1578    434.848     3.5329   3.214423    34.7719    27.6522 0.0000e+00
       1579    434.865     3.5328   3.214411    34.7719    27.6522 0.0000e+00
       1580    434.895     3.5327   3.214410    34.7719    27.6522 0.0000e+00
       1581    434.921     3.5327   3.214429    34.7722    27.6524 0.0000e+00
       1582    434.925     3.5328   3.214457    34.7724    27.6526 0.0000e+00
       1583    434.911     3.5331   3.214471    34.7722    27.6524 0.0000e+00
       1584    434.906     3.5332   3.214426    34.7716    27.6519 0.0000e+00
       1585    434.928     3.5332   3.214170    34.7685    27.6494 0.0000e+00
       1586    434.965     3.5332   3.214002    34.7665    27.6478 0.0000e+00
       1587    434.988     3.5332   3.214243    34.7694    27.6501 0.0000e+00
       1588    434.984     3.5330   3.214432    34.7718    27.6521 0.0000e+00
       1589    434.968     3.5328   3.214413    34.7718    27.6521 0.0000e+00
       1590    434.963     3.5327   3.214407    34.7719    27.6522 0.0000e+00
       1591    434.975     3.5325   3.214400    34.7720    27.6523 0.0000e+00
       1592    435.000     3.5323   3.214373    34.7719    27.6522 0.0000e+00
       1593    435.028     3.5320   3.214336    34.7717    27.6521 0.0000e+00
       1594    435.054     3.5317   3.214304    34.7717    27.6521 0.0000e+00
       1595    435.076     3.5313   3.214283    34.7718    27.6523 0.0000e+00
       1596    435.082     3.5312   3.214277    34.7718    27.6523 0.0000e+00
       1597    435.063     3.5311   3.214272    34.7719    27.6524 0.0000e+00
       1598    435.030     3.5311   3.214268    34.7719    27.6523 0.0000e+00
       1599    435.004     3.5311   3.214264    34.7718    27.6523 0.0000e+00
       1600    434.991     3.5311   3.214258    34.7718    27.6522 0.0000e+00
       1601    434.980     3.5309   3.214252    34.7719    27.6524 0.0000e+00
       1602    434.962     3.5309   3.214254    34.7720    27.6524 0.0000e+00
       1603    434.943     3.5309   3.214272    34.7722    27.6526 0.0000e+00
       1604    434.936     3.5312   3.214297    34.7722    27.6526 0.0000e+00
       1605    434.933     3.5315   3.214322    34.7721    27.6525 0.0000e+00
       1606    434.915     3.5317   3.214340    34.7722    27.6525 0.0000e+00
       1607    434.856     3.5317   3.214329    34.7721    27.6524 0.0000e+00
       1608    434.751     3.5317   3.214312    34.7719    27.6523 0.0000e+00
       1609    434.636     3.5317   3.214309    34.7719    27.6523 0.0000e+00
       1610    434.558     3.5317   3.214312    34.7720    27.6524 0.0000e+00
       1611    434.529     3.5317   3.214313    34.7720    27.6524 0.0000e+00
       1612    434.519     3.5317   3.214312    34.7720    27.6524 0.0000e+00
       1613    434.493     3.5317   3.214306    34.7720    27.6524 0.0000e+00
       1614    434.443     3.5317   3.214299    34.7719    27.6523 0.0000e+00
       1615    434.387     3.5317   3.214292    34.7719    27.6523 0.0000e+00
       1616    434.341     3.5317   3.214289    34.7719    27.6523 0.0000e+00
       1617    434.303     3.5317   3.214304    34.7721    27.6524 0.0000e+00
       1618    434.257     3.5318   3.214316    34.7721    27.6525 0.0000e+00
       1619    434.196     3.5318   3.214300    34.7720    27.6523 0.0000e+00
       1620    434.130     3.5317   3.214276    34.7718    27.6522 0.0000e+00
       1621    434.081     3.5317   3.214265    34.7717    27.6521 0.0000e+00
       1622    434.062     3.5317   3.214269    34.7718    27.6522 0.0000e+00
       1623    434.054     3.5317   3.214293    34.7721    27.6524 0.0000e+00
       1624    434.025     3.5320   3.214335    34.7723    27.6525 0.0000e+00
       1625    433.961     3.5324   3.214380    34.7724    27.6526 0.0000e+00
       1626    433.875     3.5327   3.214412    34.7725    27.6527 0.0000e+00
       1627    433.802     3.5328   3.214431    34.7727    27.6528 0.0000e+00
       1628    433.772     3.5330   3.214449    34.7727    27.6528 0.0000e+00
       1629    433.783     3.5332   3.214476    34.7728    27.6529 0.0000e+00
       1630    433.809     3.5336   3.214505    34.7727    27.6527 0.0000e+00
       1631    433.817     3.5339   3.214527    34.7727    27.6527 0.0000e+00
       1632    433.791     3.5342   3.214534    34.7724    27.6525 0.0000e+00
       1633    433.740     3.5343   3.214526    34.7723    27.6523 0.0000e+00
       1634    433.689     3.5343   3.214512    34.7721    27.6522 0.0000e+00
       1635    433.667     3.5343   3.214504    34.7720    27.6521 0.0000e+00
       1636    433.676     3.5342   3.214513    34.7722    27.6523 0.0000e+00
       1637    433.689     3.5343   3.214545    34.7725    27.6525 0.0000e+00
       1638    433.678     3.5347   3.214577    34.7725    27.6525 0.0000e+00
       1639    433.639     3.5349   3.214573    34.7722    27.6522 0.0000e+00
       1640    433.596     3.5349   3.214543    34.7719    27.6520 0.0000e+00
       1641    433.577     3.5347   3.214521    34.7719    27.6520 0.0000e+00
