Datasets/Multi_Species/TEL214/tel214_2020_008.cnv
* Sea-Bird SBE19plus Data File:
* Filename = C:/AQUIRE/tel214_2020_008.hex
* Software Version AquireV2 AF V2.0
* Temperature SN =  7853
* Conductivity SN =  7853
* System UpLoad Time = Nov 07 2020 08:42:30
* <ApplicationData>
* <AQUIREV2>
** VESSEL/TRIP/SEQ STN: tel214_2020_008
** LATITUDE: 53 30.31 N
** LONGITUDE: 53 34.14 W
** DATE/TIME: 2020-11-07 07:49
** SOUNDING DEPTH (M): 0194
** PROBE TYPE: S7853
** CTD NUMBER:   8
** COMMENTS: 
# nquan = 7                                 
# nvalues = 3021                        
# units = specified
# name 0 = scan: Scan Count
# name 1 = prdM: Pressure, Strain Gauge [db]
# name 2 = tv290C: Temperature [ITS-90, deg C]
# name 3 = c0S/m: Conductivity [S/m]
# name 4 = sal00: Salinity, Practical [PSU]
# name 5 = sigma-t00: Density [sigma-t, kg/m^3 ]
# name 6 = flag: flag
# span 0 =          1,       3021       
# span 1 =     -1.188,    189.158       
# span 2 =     0.6482,     1.6854       
# span 3 =   0.000065,   2.938061       
# span 4 =    -0.0008,    33.6752       
# span 5 =    -0.1094,    26.9477       
# span 6 = 0.0000e+00, 0.0000e+00       
# interval = seconds: 1
# start_time = Nov 07 2020 07:49:42 [Instrument's time stamp, header]
# bad_flag = -9.990e-29
*END*
[from data line 411]
        412     -0.333     1.3620   2.824252    32.4828    25.9991 0.0000e+00
        413     -0.385     1.3586   2.823740    32.4799    25.9970 0.0000e+00
        414     -0.373     1.3489   2.822570    32.4751    25.9938 0.0000e+00
        415     -0.275     1.3380   2.822304    32.4830    26.0008 0.0000e+00
        416     -0.146     1.3321   2.822256    32.4885    26.0056 0.0000e+00
        417     -0.063     1.3282   2.821580    32.4839    26.0021 0.0000e+00
        418     -0.057     1.3259   2.821285    32.4825    26.0012 0.0000e+00
        419     -0.115     1.3309   2.821241    32.4768    25.9963 0.0000e+00
        420     -0.199     1.3410   2.821431    32.4688    25.9892 0.0000e+00
        421     -0.285     1.3483   2.822147    32.4703    25.9900 0.0000e+00
        422     -0.365     1.3464   2.822151    32.4724    25.9918 0.0000e+00
        423     -0.413     1.3366   2.821250    32.4712    25.9914 0.0000e+00
        424     -0.414     1.3289   2.820429    32.4687    25.9899 0.0000e+00
        425     -0.398     1.3281   2.819950    32.4635    25.9858 0.0000e+00
        426     -0.410     1.3322   2.819740    32.4566    25.9800 0.0000e+00
        427     -0.503     1.3411   2.816574    32.4072    25.9398 0.0000e+00
        428     -0.682     1.3523   2.814853    32.3739    25.9123 0.0000e+00
        429     -0.855     1.3603   2.822289    32.4600    25.9809 0.0000e+00
        430     -0.936     1.3632   2.829942    32.5541    26.0563 0.0000e+00
        431     -0.944     1.3619   2.831619    32.5767    26.0745 0.0000e+00
        432     -0.930     1.3601   2.831644    32.5789    26.0764 0.0000e+00
        433     -0.925     1.3601   2.831638    32.5788    26.0763 0.0000e+00
        434     -0.931     1.3600   2.831727    32.5801    26.0773 0.0000e+00
        435     -0.920     1.3584   2.831729    32.5818    26.0788 0.0000e+00
        436     -0.890     1.3578   2.831595    32.5807    26.0779 0.0000e+00
        437     -0.876     1.3591   2.831478    32.5778    26.0756 0.0000e+00
        438     -0.883     1.3603   2.831310    32.5744    26.0728 0.0000e+00
        439     -0.885     1.3588   2.831044    32.5726    26.0714 0.0000e+00
        440     -0.871     1.3553   2.831044    32.5763    26.0746 0.0000e+00
        441     -0.829     1.3531   2.831296    32.5817    26.0791 0.0000e+00
        442     -0.784     1.3538   2.831400    32.5823    26.0795 0.0000e+00
        443     -0.793     1.3563   2.831406    32.5798    26.0773 0.0000e+00
        444     -0.829     1.3573   2.831395    32.5786    26.0763 0.0000e+00
        445     -0.837     1.3557   2.831288    32.5789    26.0767 0.0000e+00
        446     -0.825     1.3545   2.831087    32.5776    26.0757 0.0000e+00
        447     -0.822     1.3558   2.831028    32.5755    26.0739 0.0000e+00
        448     -0.834     1.3578   2.831143    32.5749    26.0733 0.0000e+00
        449     -0.852     1.3595   2.831364    32.5759    26.0740 0.0000e+00
        450     -0.856     1.3616   2.831798    32.5793    26.0766 0.0000e+00
        451     -0.806     1.3637   2.832037    32.5801    26.0771 0.0000e+00
        452     -0.703     1.3651   2.832056    32.5788    26.0760 0.0000e+00
        453     -0.619     1.3662   2.832223    32.5797    26.0766 0.0000e+00
        454     -0.581     1.3668   2.832383    32.5811    26.0777 0.0000e+00
        455     -0.558     1.3672   2.832428    32.5813    26.0778 0.0000e+00
        456     -0.567     1.3670   2.832304    32.5799    26.0767 0.0000e+00
        457     -0.597     1.3659   2.832072    32.5781    26.0754 0.0000e+00
        458     -0.610     1.3641   2.832060    32.5799    26.0769 0.0000e+00
        459     -0.628     1.3632   2.832335    32.5843    26.0805 0.0000e+00
        460     -0.653     1.3643   2.832587    32.5864    26.0821 0.0000e+00
        461     -0.652     1.3655   2.832607    32.5854    26.0812 0.0000e+00
        462     -0.669     1.3661   2.832513    32.5836    26.0797 0.0000e+00
        463     -0.731     1.3664   2.832472    32.5828    26.0790 0.0000e+00
        464     -0.766     1.3664   2.832501    32.5831    26.0794 0.0000e+00
        465     -0.732     1.3663   2.832482    32.5830    26.0792 0.0000e+00
        466     -0.677     1.3666   2.832421    32.5819    26.0783 0.0000e+00
        467     -0.657     1.3676   2.832503    32.5819    26.0782 0.0000e+00
        468     -0.696     1.3685   2.832672    32.5831    26.0792 0.0000e+00
        469     -0.760     1.3690   2.832729    32.5833    26.0793 0.0000e+00
        470     -0.782     1.3688   2.832713    32.5833    26.0794 0.0000e+00
        471     -0.736     1.3683   2.832722    32.5840    26.0799 0.0000e+00
        472     -0.650     1.3680   2.832713    32.5841    26.0800 0.0000e+00
        473     -0.557     1.3681   2.832677    32.5835    26.0795 0.0000e+00
        474     -0.447     1.3683   2.832704    32.5836    26.0796 0.0000e+00
        475     -0.277     1.3682   2.832721    32.5838    26.0798 0.0000e+00
        476     -0.062     1.3672   2.832706    32.5845    26.0804 0.0000e+00
        477      0.096     1.3664   2.832734    32.5856    26.0813 0.0000e+00
        478      0.133     1.3664   2.832768    32.5860    26.0817 0.0000e+00
        479      0.110     1.3670   2.832805    32.5859    26.0815 0.0000e+00
        480      0.068     1.3670   2.832838    32.5863    26.0819 0.0000e+00
        481     -0.022     1.3669   2.832851    32.5866    26.0821 0.0000e+00
        482     -0.151     1.3670   2.832810    32.5861    26.0817 0.0000e+00
        483     -0.258     1.3672   2.832711    32.5847    26.0805 0.0000e+00
        484     -0.296     1.3675   2.832643    32.5835    26.0796 0.0000e+00
        485     -0.295     1.3676   2.832620    32.5831    26.0793 0.0000e+00
        486     -0.313     1.3676   2.832640    32.5834    26.0795 0.0000e+00
        487     -0.359     1.3676   2.832674    32.5839    26.0799 0.0000e+00
        488     -0.426     1.3669   2.832644    32.5842    26.0802 0.0000e+00
        489     -0.482     1.3663   2.832612    32.5845    26.0805 0.0000e+00
        490     -0.511     1.3666   2.832650    32.5847    26.0806 0.0000e+00
        491     -0.545     1.3675   2.832746    32.5850    26.0808 0.0000e+00
        492     -0.574     1.3682   2.832840    32.5855    26.0811 0.0000e+00
        493     -0.588     1.3685   2.832876    32.5856    26.0812 0.0000e+00
        494     -0.615     1.3684   2.832850    32.5854    26.0810 0.0000e+00
        495     -0.667     1.3681   2.832812    32.5853    26.0810 0.0000e+00
        496     -0.741     1.3678   2.832792    32.5854    26.0811 0.0000e+00
        497     -0.825     1.3681   2.832772    32.5848    26.0806 0.0000e+00
        498     -0.892     1.3687   2.832807    32.5847    26.0805 0.0000e+00
        499     -0.931     1.3695   2.832901    32.5851    26.0807 0.0000e+00
        500     -0.950     1.3701   2.832955    32.5852    26.0807 0.0000e+00
        501     -0.960     1.3702   2.832947    32.5850    26.0806 0.0000e+00
        502     -0.961     1.3702   2.832926    32.5847    26.0804 0.0000e+00
        503     -0.952     1.3702   2.832876    32.5840    26.0798 0.0000e+00
        504     -0.938     1.3704   2.832827    32.5832    26.0792 0.0000e+00
        505     -0.905     1.3708   2.833050    32.5856    26.0810 0.0000e+00
        506     -0.857     1.3712   2.833470    32.5905    26.0849 0.0000e+00
        507     -0.830     1.3714   2.833643    32.5925    26.0865 0.0000e+00
        508     -0.839     1.3712   2.833608    32.5922    26.0863 0.0000e+00
        509     -0.841     1.3710   2.833588    32.5922    26.0863 0.0000e+00
        510     -0.794     1.3708   2.833602    32.5925    26.0866 0.0000e+00
        511     -0.724     1.3707   2.833619    32.5928    26.0869 0.0000e+00
        512     -0.722     1.3708   2.833627    32.5928    26.0868 0.0000e+00
        513     -0.799     1.3711   2.833635    32.5927    26.0867 0.0000e+00
        514     -0.846     1.3712   2.833644    32.5927    26.0867 0.0000e+00
        515     -0.825     1.3712   2.833655    32.5928    26.0868 0.0000e+00
        516     -0.807     1.3712   2.833651    32.5928    26.0868 0.0000e+00
        517     -0.818     1.3712   2.833641    32.5926    26.0867 0.0000e+00
        518     -0.823     1.3710   2.833628    32.5927    26.0867 0.0000e+00
        519     -0.840     1.3710   2.833565    32.5919    26.0861 0.0000e+00
        520     -0.865     1.3712   2.833415    32.5898    26.0844 0.0000e+00
        521     -0.848     1.3716   2.833261    32.5874    26.0825 0.0000e+00
        522     -0.808     1.3719   2.833194    32.5862    26.0815 0.0000e+00
        523     -0.773     1.3720   2.833187    32.5860    26.0813 0.0000e+00
        524     -0.723     1.3718   2.833174    32.5860    26.0813 0.0000e+00
        525     -0.680     1.3718   2.833165    32.5859    26.0812 0.0000e+00
        526     -0.706     1.3719   2.833165    32.5858    26.0811 0.0000e+00
        527     -0.786     1.3720   2.833148    32.5855    26.0809 0.0000e+00
        528     -0.839     1.3718   2.833121    32.5854    26.0808 0.0000e+00
        529     -0.819     1.3716   2.833120    32.5856    26.0810 0.0000e+00
        530     -0.741     1.3716   2.833149    32.5859    26.0813 0.0000e+00
        531     -0.659     1.3718   2.833186    32.5861    26.0814 0.0000e+00
        532     -0.600     1.3720   2.833215    32.5863    26.0815 0.0000e+00
        533     -0.574     1.3722   2.833224    32.5862    26.0814 0.0000e+00
        534     -0.606     1.3723   2.833218    32.5860    26.0813 0.0000e+00
        535     -0.672     1.3724   2.833202    32.5857    26.0811 0.0000e+00
        536     -0.713     1.3723   2.833180    32.5856    26.0809 0.0000e+00
        537     -0.688     1.3720   2.833184    32.5859    26.0812 0.0000e+00
        538     -0.601     1.3718   2.833220    32.5865    26.0817 0.0000e+00
        539     -0.512     1.3720   2.833251    32.5867    26.0818 0.0000e+00
        540     -0.475     1.3722   2.833258    32.5865    26.0817 0.0000e+00
        541     -0.492     1.3722   2.833254    32.5865    26.0817 0.0000e+00
        542     -0.514     1.3722   2.833249    32.5864    26.0816 0.0000e+00
        543     -0.480     1.3722   2.833248    32.5864    26.0816 0.0000e+00
        544     -0.382     1.3723   2.833271    32.5866    26.0817 0.0000e+00
        545     -0.273     1.3725   2.833299    32.5866    26.0818 0.0000e+00
        546     -0.209     1.3724   2.833304    32.5868    26.0819 0.0000e+00
        547     -0.188     1.3722   2.833306    32.5870    26.0821 0.0000e+00
        548     -0.178     1.3721   2.833310    32.5871    26.0822 0.0000e+00
        549     -0.180     1.3720   2.833303    32.5872    26.0822 0.0000e+00
        550     -0.192     1.3720   2.833299    32.5871    26.0822 0.0000e+00
        551     -0.182     1.3720   2.833310    32.5872    26.0823 0.0000e+00
        552     -0.141     1.3721   2.833328    32.5873    26.0824 0.0000e+00
        553     -0.081     1.3722   2.833341    32.5874    26.0824 0.0000e+00
        554     -0.037     1.3723   2.833341    32.5872    26.0823 0.0000e+00
        555     -0.047     1.3725   2.833340    32.5870    26.0821 0.0000e+00
        556     -0.070     1.3726   2.833348    32.5870    26.0821 0.0000e+00
        557     -0.048     1.3725   2.833370    32.5874    26.0824 0.0000e+00
        558      0.002     1.3725   2.833406    32.5878    26.0827 0.0000e+00
        559      0.027     1.3727   2.833430    32.5879    26.0828 0.0000e+00
        560     -0.018     1.3728   2.833437    32.5879    26.0828 0.0000e+00
        561     -0.138     1.3731   2.833439    32.5877    26.0826 0.0000e+00
        562     -0.311     1.3733   2.833417    32.5873    26.0823 0.0000e+00
        563     -0.489     1.3735   2.833382    32.5868    26.0818 0.0000e+00
        564     -0.563     1.3738   2.833382    32.5865    26.0816 0.0000e+00
        565     -0.498     1.3740   2.833414    32.5867    26.0817 0.0000e+00
        566     -0.430     1.3740   2.833447    32.5870    26.0820 0.0000e+00
        567     -0.493     1.3740   2.833454    32.5872    26.0821 0.0000e+00
        568     -0.658     1.3742   2.833437    32.5868    26.0818 0.0000e+00
        569     -0.811     1.3748   2.833449    32.5864    26.0815 0.0000e+00
        570     -0.856     1.3756   2.833484    32.5861    26.0811 0.0000e+00
        571     -0.797     1.3761   2.833357    32.5839    26.0794 0.0000e+00
        572     -0.731     1.3761   2.833114    32.5808    26.0768 0.0000e+00
        573     -0.715     1.3759   2.833032    32.5800    26.0762 0.0000e+00
        574     -0.714     1.3758   2.833049    32.5803    26.0764 0.0000e+00
        575     -0.706     1.3757   2.833043    32.5803    26.0765 0.0000e+00
        576     -0.716     1.3755   2.833018    32.5802    26.0764 0.0000e+00
        577     -0.718     1.3754   2.832807    32.5776    26.0743 0.0000e+00
        578     -0.664     1.3756   2.832601    32.5748    26.0720 0.0000e+00
        579     -0.568     1.3756   2.832726    32.5763    26.0733 0.0000e+00
        580     -0.475     1.3756   2.832879    32.5782    26.0748 0.0000e+00
        581     -0.424     1.3755   2.832882    32.5783    26.0749 0.0000e+00
        582     -0.405     1.3754   2.832642    32.5754    26.0725 0.0000e+00
        583     -0.361     1.3752   2.830297    32.5458    26.0488 0.0000e+00
        584     -0.288     1.3752   2.828486    32.5228    26.0303 0.0000e+00
        585     -0.224     1.3754   2.830999    32.5544    26.0557 0.0000e+00
        586     -0.145     1.3758   2.833237    32.5823    26.0781 0.0000e+00
        587     -0.035     1.3762   2.833225    32.5817    26.0776 0.0000e+00
        588     -0.001     1.3767   2.833147    32.5802    26.0763 0.0000e+00
        589     -0.110     1.3769   2.832874    32.5766    26.0734 0.0000e+00
        590     -0.252     1.3767   2.832720    32.5749    26.0721 0.0000e+00
        591     -0.314     1.3765   2.833043    32.5792    26.0756 0.0000e+00
        592     -0.284     1.3765   2.833238    32.5817    26.0775 0.0000e+00
        593     -0.203     1.3762   2.833220    32.5817    26.0776 0.0000e+00
        594     -0.161     1.3759   2.833350    32.5837    26.0792 0.0000e+00
        595     -0.198     1.3758   2.833440    32.5849    26.0802 0.0000e+00
        596     -0.235     1.3758   2.833436    32.5849    26.0802 0.0000e+00
        597     -0.203     1.3758   2.833450    32.5851    26.0803 0.0000e+00
        598     -0.160     1.3759   2.833461    32.5851    26.0803 0.0000e+00
        599     -0.163     1.3762   2.833445    32.5846    26.0799 0.0000e+00
        600     -0.152     1.3764   2.833394    32.5837    26.0792 0.0000e+00
        601     -0.088     1.3765   2.833414    32.5838    26.0793 0.0000e+00
        602     -0.035     1.3765   2.833583    32.5859    26.0809 0.0000e+00
        603     -0.044     1.3767   2.833732    32.5876    26.0823 0.0000e+00
        604     -0.079     1.3767   2.833755    32.5879    26.0825 0.0000e+00
        605     -0.067     1.3766   2.833742    32.5879    26.0825 0.0000e+00
        606      0.056     1.3765   2.833752    32.5880    26.0826 0.0000e+00
        607      0.294     1.3764   2.833790    32.5885    26.0830 0.0000e+00
        608      0.538     1.3765   2.833851    32.5890    26.0834 0.0000e+00
        609      0.630     1.3769   2.833894    32.5891    26.0835 0.0000e+00
        610      0.554     1.3770   2.833882    32.5889    26.0833 0.0000e+00
        611      0.421     1.3769   2.833818    32.5882    26.0828 0.0000e+00
        612      0.279     1.3766   2.833756    32.5879    26.0825 0.0000e+00
        613      0.145     1.3765   2.833743    32.5879    26.0825 0.0000e+00
        614      0.087     1.3766   2.833748    32.5879    26.0825 0.0000e+00
        615      0.152     1.3765   2.833760    32.5881    26.0827 0.0000e+00
