Datasets/Multi_Species/TEL214/tel214_2020_005.cnv
* Sea-Bird SBE19plus Data File:
* Filename = C:/AQUIRE/tel214_2020_005.hex
* Software Version AquireV2 AF V2.0
* Temperature SN =  7853
* Conductivity SN =  7853
* System UpLoad Time = Nov 07 2020 00:35:58
* <ApplicationData>
* <AQUIREV2>
** VESSEL/TRIP/SEQ STN: tel214_2020_005
** LATITUDE: 53 16.25 N
** LONGITUDE: 05 14.95 W
** DATE/TIME: 2020-11-06 23:34
** SOUNDING DEPTH (M): 0510
** PROBE TYPE: S7853
** CTD NUMBER: 005
** COMMENTS: 
# nquan = 7                                 
# nvalues = 3522                        
# units = specified
# name 0 = scan: Scan Count
# name 1 = prdM: Pressure, Strain Gauge [db]
# name 2 = tv290C: Temperature [ITS-90, deg C]
# name 3 = c0S/m: Conductivity [S/m]
# name 4 = sal00: Salinity, Practical [PSU]
# name 5 = sigma-t00: Density [sigma-t, kg/m^3 ]
# name 6 = flag: flag
# span 0 =          1,       3522       
# span 1 =     -1.066,    509.700       
# span 2 =     1.0505,     3.9307       
# span 3 =   0.000086,   3.251026       
# span 4 =    -0.0006,    34.8200       
# span 5 =    -0.0920,    27.6764       
# span 6 = 0.0000e+00, 0.0000e+00       
# interval = seconds: 1
# start_time = Nov 06 2020 23:34:35 [Instrument's time stamp, header]
# bad_flag = -9.990e-29
*END*
[from data line 821]
        822    257.768     3.1353   3.144960    34.4531    27.4360 0.0000e+00
        823    258.366     3.1363   3.145171    34.4543    27.4369 0.0000e+00
        824    258.959     3.1381   3.145520    34.4562    27.4383 0.0000e+00
        825    259.544     3.1412   3.145980    34.4582    27.4396 0.0000e+00
        826    260.126     3.1447   3.146518    34.4607    27.4412 0.0000e+00
        827    260.713     3.1488   3.147233    34.4647    27.4440 0.0000e+00
        828    261.313     3.1541   3.148050    34.4686    27.4467 0.0000e+00
        829    261.928     3.1595   3.148662    34.4700    27.4472 0.0000e+00
        830    262.552     3.1637   3.149069    34.4701    27.4469 0.0000e+00
        831    263.168     3.1675   3.149543    34.4714    27.4477 0.0000e+00
        832    263.764     3.1718   3.150067    34.4729    27.4484 0.0000e+00
        833    264.342     3.1755   3.150463    34.4734    27.4485 0.0000e+00
        834    264.920     3.1774   3.150735    34.4744    27.4491 0.0000e+00
        835    265.513     3.1782   3.150974    34.4761    27.4504 0.0000e+00
        836    266.124     3.1794   3.151244    34.4778    27.4516 0.0000e+00
        837    266.739     3.1827   3.151814    34.4808    27.4538 0.0000e+00
        838    267.337     3.1904   3.153100    34.4879    27.4587 0.0000e+00
        839    267.917     3.2027   3.155040    34.4980    27.4656 0.0000e+00
        840    268.499     3.2172   3.156938    34.5052    27.4700 0.0000e+00
        841    269.099     3.2302   3.158254    34.5070    27.4702 0.0000e+00
        842    269.719     3.2407   3.159316    34.5084    27.4703 0.0000e+00
        843    270.347     3.2508   3.160465    34.5112    27.4715 0.0000e+00
        844    270.971     3.2615   3.161480    34.5117    27.4710 0.0000e+00
        845    271.585     3.2705   3.162331    34.5121    27.4704 0.0000e+00
        846    272.194     3.2779   3.163161    34.5139    27.4712 0.0000e+00
        847    272.802     3.2851   3.163926    34.5152    27.4715 0.0000e+00
        848    273.407     3.2920   3.164587    34.5155    27.4711 0.0000e+00
        849    274.009     3.2989   3.165298    34.5164    27.4712 0.0000e+00
        850    274.606     3.3063   3.166287    34.5202    27.4735 0.0000e+00
        851    275.192     3.3145   3.167411    34.5247    27.4763 0.0000e+00
        852    275.771     3.3224   3.168163    34.5251    27.4758 0.0000e+00
        853    276.354     3.3278   3.168584    34.5241    27.4746 0.0000e+00
        854    276.955     3.3319   3.169232    34.5273    27.4767 0.0000e+00
        855    277.574     3.3379   3.170283    34.5332    27.4809 0.0000e+00
        856    278.199     3.3469   3.171517    34.5382    27.4840 0.0000e+00
        857    278.812     3.3584   3.172928    34.5427    27.4864 0.0000e+00
        858    279.401     3.3720   3.174604    34.5481    27.4895 0.0000e+00
        859    279.971     3.3853   3.176040    34.5510    27.4905 0.0000e+00
        860    280.540     3.3945   3.176876    34.5510    27.4896 0.0000e+00
        861    281.127     3.3990   3.177455    34.5529    27.4906 0.0000e+00
        862    281.735     3.4028   3.178045    34.5556    27.4925 0.0000e+00
        863    282.345     3.4078   3.178529    34.5558    27.4921 0.0000e+00
        864    282.937     3.4130   3.178920    34.5546    27.4907 0.0000e+00
        865    283.513     3.4173   3.179438    34.5560    27.4914 0.0000e+00
        866    284.090     3.4204   3.180072    34.5600    27.4943 0.0000e+00
        867    284.683     3.4226   3.180713    34.5651    27.4981 0.0000e+00
        868    285.295     3.4248   3.181081    34.5669    27.4993 0.0000e+00
        869    285.918     3.4262   3.180763    34.5612    27.4947 0.0000e+00
        870    286.541     3.4241   3.179785    34.5513    27.4870 0.0000e+00
        871    287.156     3.4204   3.179564    34.5522    27.4881 0.0000e+00
        872    287.755     3.4238   3.181729    34.5744    27.5054 0.0000e+00
        873    288.340     3.4401   3.184823    34.5940    27.5195 0.0000e+00
        874    288.920     3.4596   3.186560    34.5939    27.5175 0.0000e+00
        875    289.510     3.4706   3.187175    34.5893    27.5127 0.0000e+00
        876    290.122     3.4742   3.187617    34.5904    27.5133 0.0000e+00
        877    290.750     3.4773   3.188073    34.5923    27.5145 0.0000e+00
        878    291.372     3.4840   3.188756    34.5930    27.5144 0.0000e+00
        879    291.973     3.4962   3.189917    34.5937    27.5138 0.0000e+00
        880    292.555     3.5109   3.191220    34.5934    27.5121 0.0000e+00
        881    293.134     3.5231   3.192337    34.5936    27.5110 0.0000e+00
        882    293.724     3.5297   3.192635    34.5898    27.5074 0.0000e+00
        883    294.332     3.5288   3.192033    34.5832    27.5022 0.0000e+00
        884    294.950     3.5241   3.192151    34.5893    27.5075 0.0000e+00
        885    295.561     3.5269   3.193592    34.6033    27.5184 0.0000e+00
        886    296.151     3.5393   3.195000    34.6067    27.5199 0.0000e+00
        887    296.723     3.5503   3.195492    34.6007    27.5140 0.0000e+00
        888    297.302     3.5532   3.195053    34.5920    27.5068 0.0000e+00
        889    297.909     3.5503   3.194104    34.5834    27.5002 0.0000e+00
        890    298.535     3.5481   3.194246    34.5871    27.5034 0.0000e+00
        891    299.151     3.5520   3.195735    34.6005    27.5137 0.0000e+00
        892    299.742     3.5597   3.196722    34.6038    27.5156 0.0000e+00
        893    300.316     3.5638   3.196836    34.6005    27.5126 0.0000e+00
        894    300.899     3.5621   3.196741    34.6009    27.5130 0.0000e+00
        895    301.513     3.5573   3.196514    34.6029    27.5151 0.0000e+00
        896    302.158     3.5532   3.195863    34.5991    27.5125 0.0000e+00
        897    302.808     3.5513   3.195088    34.5915    27.5066 0.0000e+00
        898    303.434     3.5502   3.195348    34.5954    27.5098 0.0000e+00
        899    304.030     3.5497   3.196428    34.6086    27.5204 0.0000e+00
        900    304.619     3.5504   3.197154    34.6162    27.5264 0.0000e+00
        901    305.230     3.5503   3.197124    34.6157    27.5259 0.0000e+00
        902    305.864     3.5495   3.196932    34.6139    27.5246 0.0000e+00
        903    306.498     3.5508   3.197363    34.6173    27.5272 0.0000e+00
        904    307.115     3.5539   3.198058    34.6220    27.5307 0.0000e+00
        905    307.720     3.5569   3.198427    34.6229    27.5311 0.0000e+00
        906    308.320     3.5591   3.198587    34.6222    27.5303 0.0000e+00
        907    308.923     3.5612   3.198687    34.6208    27.5290 0.0000e+00
        908    309.530     3.5622   3.198357    34.6155    27.5246 0.0000e+00
        909    310.140     3.5616   3.197816    34.6093    27.5198 0.0000e+00
        910    310.751     3.5609   3.198104    34.6132    27.5229 0.0000e+00
        911    311.367     3.5633   3.199087    34.6221    27.5298 0.0000e+00
        912    311.988     3.5679   3.199221    34.6185    27.5265 0.0000e+00
        913    312.608     3.5708   3.198796    34.6100    27.5194 0.0000e+00
        914    313.219     3.5724   3.199613    34.6177    27.5254 0.0000e+00
        915    313.824     3.5775   3.201206    34.6311    27.5356 0.0000e+00
        916    314.434     3.5867   3.202333    34.6345    27.5374 0.0000e+00
        917    315.055     3.5956   3.202984    34.6326    27.5349 0.0000e+00
        918    315.683     3.6014   3.203304    34.6299    27.5322 0.0000e+00
        919    316.314     3.6040   3.203209    34.6257    27.5286 0.0000e+00
        920    316.949     3.6050   3.202537    34.6162    27.5210 0.0000e+00
        921    317.580     3.6063   3.201899    34.6068    27.5134 0.0000e+00
        922    318.198     3.6066   3.202352    34.6116    27.5172 0.0000e+00
        923    318.805     3.6063   3.203540    34.6258    27.5285 0.0000e+00
        924    319.415     3.6093   3.204546    34.6344    27.5350 0.0000e+00
        925    320.036     3.6160   3.204857    34.6307    27.5314 0.0000e+00
        926    320.667     3.6219   3.204263    34.6170    27.5199 0.0000e+00
        927    321.299     3.6239   3.203894    34.6101    27.5142 0.0000e+00
        928    321.917     3.6264   3.205109    34.6216    27.5232 0.0000e+00
        929    322.517     3.6341   3.207187    34.6380    27.5355 0.0000e+00
        930    323.115     3.6437   3.208445    34.6426    27.5382 0.0000e+00
        931    323.727     3.6502   3.208870    34.6405    27.5358 0.0000e+00
        932    324.358     3.6538   3.208677    34.6340    27.5303 0.0000e+00
        933    324.999     3.6548   3.207969    34.6241    27.5223 0.0000e+00
        934    325.636     3.6532   3.208032    34.6262    27.5242 0.0000e+00
        935    326.260     3.6541   3.209282    34.6399    27.5350 0.0000e+00
        936    326.867     3.6624   3.210757    34.6484    27.5409 0.0000e+00
        937    327.465     3.6737   3.211608    34.6463    27.5381 0.0000e+00
        938    328.072     3.6799   3.211633    34.6397    27.5322 0.0000e+00
        939    328.696     3.6807   3.210954    34.6304    27.5247 0.0000e+00
        940    329.330     3.6803   3.210142    34.6208    27.5171 0.0000e+00
        941    329.958     3.6802   3.209833    34.6168    27.5140 0.0000e+00
        942    330.568     3.6792   3.210354    34.6238    27.5196 0.0000e+00
        943    331.165     3.6786   3.211732    34.6406    27.5331 0.0000e+00
        944    331.765     3.6803   3.212852    34.6519    27.5419 0.0000e+00
        945    332.380     3.6825   3.212963    34.6505    27.5406 0.0000e+00
        946    333.008     3.6836   3.212464    34.6431    27.5345 0.0000e+00
        947    333.633     3.6841   3.212201    34.6390    27.5313 0.0000e+00
        948    334.243     3.6853   3.213188    34.6493    27.5393 0.0000e+00
        949    334.835     3.6906   3.214880    34.6636    27.5502 0.0000e+00
        950    335.427     3.6997   3.216080    34.6679    27.5527 0.0000e+00
        951    336.042     3.7070   3.216662    34.6668    27.5511 0.0000e+00
        952    336.687     3.7097   3.216474    34.6614    27.5465 0.0000e+00
        953    337.352     3.7101   3.216195    34.6572    27.5432 0.0000e+00
        954    338.007     3.7130   3.217179    34.6656    27.5495 0.0000e+00
        955    338.631     3.7192   3.218646    34.6762    27.5574 0.0000e+00
        956    339.242     3.7242   3.219475    34.6805    27.5603 0.0000e+00
        957    339.875     3.7268   3.219809    34.6814    27.5607 0.0000e+00
        958    340.540     3.7293   3.219318    34.6725    27.5534 0.0000e+00
        959    341.215     3.7328   3.218334    34.6567    27.5404 0.0000e+00
        960    341.876     3.7365   3.218037    34.6488    27.5338 0.0000e+00
        961    342.522     3.7381   3.219037    34.6588    27.5416 0.0000e+00
        962    343.159     3.7395   3.220828    34.6783    27.5570 0.0000e+00
        963    343.789     3.7430   3.222059    34.6890    27.5651 0.0000e+00
        964    344.413     3.7464   3.222381    34.6889    27.5647 0.0000e+00
        965    345.036     3.7492   3.222584    34.6880    27.5637 0.0000e+00
        966    345.655     3.7545   3.223215    34.6896    27.5644 0.0000e+00
        967    346.262     3.7621   3.223885    34.6892    27.5634 0.0000e+00
        968    346.850     3.7685   3.224239    34.6863    27.5604 0.0000e+00
        969    347.427     3.7724   3.224503    34.6850    27.5590 0.0000e+00
        970    348.015     3.7744   3.224786    34.6860    27.5596 0.0000e+00
        971    348.624     3.7755   3.225055    34.6877    27.5608 0.0000e+00
        972    349.242     3.7769   3.225276    34.6885    27.5613 0.0000e+00
        973    349.855     3.7789   3.225448    34.6881    27.5608 0.0000e+00
        974    350.455     3.7803   3.225635    34.6885    27.5610 0.0000e+00
        975    351.048     3.7806   3.225879    34.6908    27.5628 0.0000e+00
        976    351.645     3.7816   3.226330    34.6948    27.5659 0.0000e+00
        977    352.240     3.7853   3.227096    34.6997    27.5694 0.0000e+00
        978    352.818     3.7895   3.227699    34.7022    27.5709 0.0000e+00
        979    353.371     3.7916   3.228026    34.7035    27.5718 0.0000e+00
        980    353.898     3.7940   3.228465    34.7059    27.5735 0.0000e+00
        981    354.409     3.7977   3.228952    34.7076    27.5744 0.0000e+00
        982    354.915     3.8005   3.229255    34.7079    27.5744 0.0000e+00
        983    355.419     3.8011   3.229366    34.7083    27.5747 0.0000e+00
        984    355.919     3.8003   3.229513    34.7107    27.5766 0.0000e+00
        985    356.409     3.7998   3.229606    34.7121    27.5777 0.0000e+00
        986    356.883     3.8012   3.229772    34.7123    27.5778 0.0000e+00
        987    357.345     3.8080   3.230382    34.7121    27.5770 0.0000e+00
        988    357.798     3.8233   3.231663    34.7109    27.5745 0.0000e+00
        989    358.241     3.8385   3.232977    34.7102    27.5724 0.0000e+00
        990    358.667     3.8423   3.233194    34.7086    27.5706 0.0000e+00
        991    359.071     3.8385   3.233131    34.7116    27.5735 0.0000e+00
        992    359.461     3.8392   3.233414    34.7141    27.5753 0.0000e+00
        993    359.845     3.8483   3.234034    34.7116    27.5724 0.0000e+00
        994    360.229     3.8597   3.234966    34.7104    27.5703 0.0000e+00
        995    360.623     3.8682   3.235924    34.7126    27.5712 0.0000e+00
        996    361.024     3.8739   3.237044    34.7197    27.5763 0.0000e+00
        997    361.419     3.8771   3.237579    34.7225    27.5781 0.0000e+00
        998    361.795     3.8778   3.237287    34.7180    27.5745 0.0000e+00
        999    362.151     3.8773   3.236990    34.7149    27.5720 0.0000e+00
       1000    362.498     3.8777   3.237205    34.7168    27.5736 0.0000e+00
       1001    362.846     3.8792   3.237662    34.7205    27.5763 0.0000e+00
       1002    363.203     3.8802   3.237891    34.7219    27.5774 0.0000e+00
       1003    363.569     3.8802   3.237819    34.7209    27.5766 0.0000e+00
       1004    363.938     3.8792   3.237531    34.7183    27.5746 0.0000e+00
       1005    364.304     3.8787   3.237520    34.7185    27.5748 0.0000e+00
       1006    364.667     3.8796   3.237916    34.7221    27.5776 0.0000e+00
       1007    365.026     3.8815   3.238317    34.7247    27.5794 0.0000e+00
       1008    365.385     3.8835   3.238507    34.7246    27.5792 0.0000e+00
       1009    365.747     3.8853   3.238634    34.7240    27.5785 0.0000e+00
       1010    366.111     3.8876   3.239000    34.7257    27.5797 0.0000e+00
       1011    366.477     3.8902   3.239434    34.7280    27.5812 0.0000e+00
       1012    366.845     3.8920   3.239663    34.7286    27.5815 0.0000e+00
       1013    367.218     3.8929   3.239785    34.7289    27.5816 0.0000e+00
       1014    367.592     3.8934   3.239794    34.7283    27.5811 0.0000e+00
       1015    367.960     3.8933   3.239628    34.7262    27.5794 0.0000e+00
       1016    368.326     3.8932   3.239539    34.7250    27.5785 0.0000e+00
       1017    368.705     3.8939   3.239781    34.7270    27.5800 0.0000e+00
       1018    369.099     3.8948   3.240103    34.7296    27.5820 0.0000e+00
       1019    369.501     3.8941   3.240078    34.7299    27.5823 0.0000e+00
       1020    369.900     3.8918   3.239844    34.7293    27.5821 0.0000e+00
       1021    370.286     3.8903   3.239754    34.7296    27.5825 0.0000e+00
       1022    370.660     3.8913   3.239881    34.7299    27.5826 0.0000e+00
       1023    371.030     3.8926   3.240025    34.7300    27.5825 0.0000e+00
       1024    371.409     3.8916   3.240004    34.7306    27.5831 0.0000e+00
       1025    371.800     3.8902   3.240001    34.7319    27.5843 0.0000e+00
