Datasets/Multi_Species/TEL214/tel214_2020_001.cnv
* Sea-Bird SBE19plus Data File:
* Filename = C:/AQUIRE/tel214_2020_001.hex
* Software Version AquireV2 AF V2.0
* Temperature SN =  7853
* Conductivity SN =  7853
* System UpLoad Time = Nov 06 2020 01:16:27
* <ApplicationData>
* <AQUIREV2>
** VESSEL/TRIP/SEQ STN: tel214_2020_001
** LATITUDE: 52 32.80 N
** LONGITUDE: 05 32.10 W
** DATE/TIME: 2020-11-06 00:07
** SOUNDING DEPTH (M): 0254
** PROBE TYPE: S7853
** CTD NUMBER: 001
** COMMENTS: 
# nquan = 7                                 
# nvalues = 3861                        
# units = specified
# name 0 = scan: Scan Count
# name 1 = prdM: Pressure, Strain Gauge [db]
# name 2 = tv290C: Temperature [ITS-90, deg C]
# name 3 = c0S/m: Conductivity [S/m]
# name 4 = sal00: Salinity, Practical [PSU]
# name 5 = sigma-t00: Density [sigma-t, kg/m^3 ]
# name 6 = flag: flag
# span 0 =          1,       3861       
# span 1 =     -0.894,    255.364       
# span 2 =     1.1242,     2.3691       
# span 3 =   0.000063,   3.058934       
# span 4 =    -0.0004,    34.2192       
# span 5 =    -0.0825,    27.3178       
# span 6 = 0.0000e+00, 0.0000e+00       
# interval = seconds: 1
# start_time = Nov 06 2020 00:07:30 [Instrument's time stamp, header]
# bad_flag = -9.990e-29
*END*
[from data line 3693]
       3694     -0.888     1.3489   0.000107    -0.0003    -0.0821 0.0000e+00
       3695     -0.889     1.3489   0.000107    -0.0003    -0.0821 0.0000e+00
       3696     -0.888     1.3489   0.000106    -0.0003    -0.0821 0.0000e+00
       3697     -0.886     1.3489   0.000107    -0.0003    -0.0821 0.0000e+00
       3698     -0.884     1.3489   0.000107    -0.0003    -0.0821 0.0000e+00
       3699     -0.882     1.3489   0.000107    -0.0003    -0.0821 0.0000e+00
       3700     -0.880     1.3489   0.000107    -0.0003    -0.0821 0.0000e+00
       3701     -0.882     1.3489   0.000107    -0.0003    -0.0821 0.0000e+00
       3702     -0.888     1.3489   0.000107    -0.0003    -0.0821 0.0000e+00
       3703     -0.890     1.3487   0.000105    -0.0003    -0.0821 0.0000e+00
       3704     -0.888     1.3487   0.000105    -0.0003    -0.0821 0.0000e+00
       3705     -0.886     1.3487   0.000106    -0.0003    -0.0821 0.0000e+00
       3706     -0.885     1.3487   0.000106    -0.0003    -0.0821 0.0000e+00
       3707     -0.884     1.3487   0.000107    -0.0003    -0.0821 0.0000e+00
       3708     -0.882     1.3487   0.000107    -0.0003    -0.0821 0.0000e+00
       3709     -0.881     1.3487   0.000107    -0.0003    -0.0821 0.0000e+00
       3710     -0.882     1.3487   0.000107    -0.0003    -0.0821 0.0000e+00
       3711     -0.884     1.3487   0.000106    -0.0003    -0.0821 0.0000e+00
       3712     -0.885     1.3486   0.000106    -0.0003    -0.0821 0.0000e+00
       3713     -0.886     1.3485   0.000106    -0.0003    -0.0821 0.0000e+00
       3714     -0.888     1.3485   0.000106    -0.0003    -0.0821 0.0000e+00
       3715     -0.889     1.3485   0.000106    -0.0003    -0.0821 0.0000e+00
       3716     -0.887     1.3485   0.000106    -0.0003    -0.0821 0.0000e+00
       3717     -0.885     1.3485   0.000106    -0.0003    -0.0821 0.0000e+00
       3718     -0.883     1.3485   0.000106    -0.0003    -0.0821 0.0000e+00
       3719     -0.882     1.3485   0.000106    -0.0003    -0.0821 0.0000e+00
       3720     -0.883     1.3484   0.000105    -0.0003    -0.0821 0.0000e+00
       3721     -0.885     1.3483   0.000105    -0.0003    -0.0821 0.0000e+00
       3722     -0.887     1.3483   0.000106    -0.0003    -0.0821 0.0000e+00
       3723     -0.889     1.3483   0.000107    -0.0003    -0.0821 0.0000e+00
       3724     -0.888     1.3483   0.000107    -0.0003    -0.0821 0.0000e+00
       3725     -0.886     1.3483   0.000107    -0.0003    -0.0821 0.0000e+00
       3726     -0.885     1.3482   0.000106    -0.0003    -0.0821 0.0000e+00
       3727     -0.884     1.3482   0.000105    -0.0003    -0.0821 0.0000e+00
       3728     -0.882     1.3482   0.000106    -0.0003    -0.0821 0.0000e+00
       3729     -0.881     1.3482   0.000107    -0.0003    -0.0821 0.0000e+00
       3730     -0.882     1.3482   0.000107    -0.0003    -0.0821 0.0000e+00
       3731     -0.884     1.3481   0.000106    -0.0003    -0.0821 0.0000e+00
       3732     -0.885     1.3480   0.000105    -0.0003    -0.0821 0.0000e+00
       3733     -0.885     1.3480   0.000105    -0.0003    -0.0821 0.0000e+00
       3734     -0.885     1.3480   0.000105    -0.0003    -0.0821 0.0000e+00
       3735     -0.885     1.3480   0.000105    -0.0003    -0.0821 0.0000e+00
       3736     -0.886     1.3480   0.000105    -0.0003    -0.0821 0.0000e+00
       3737     -0.888     1.3479   0.000105    -0.0003    -0.0821 0.0000e+00
       3738     -0.889     1.3478   0.000105    -0.0003    -0.0821 0.0000e+00
       3739     -0.888     1.3478   0.000105    -0.0003    -0.0821 0.0000e+00
       3740     -0.886     1.3478   0.000105    -0.0003    -0.0821 0.0000e+00
       3741     -0.885     1.3477   0.000105    -0.0003    -0.0821 0.0000e+00
       3742     -0.885     1.3476   0.000105    -0.0003    -0.0821 0.0000e+00
       3743     -0.885     1.3476   0.000106    -0.0003    -0.0821 0.0000e+00
       3744     -0.885     1.3476   0.000106    -0.0003    -0.0821 0.0000e+00
       3745     -0.885     1.3475   0.000106    -0.0003    -0.0821 0.0000e+00
       3746     -0.885     1.3474   0.000106    -0.0003    -0.0821 0.0000e+00
       3747     -0.885     1.3474   0.000106    -0.0003    -0.0821 0.0000e+00
       3748     -0.885     1.3474   0.000106    -0.0003    -0.0821 0.0000e+00
       3749     -0.885     1.3473   0.000107    -0.0003    -0.0821 0.0000e+00
       3750     -0.885     1.3472   0.000107    -0.0003    -0.0821 0.0000e+00
       3751     -0.884     1.3472   0.000107    -0.0003    -0.0821 0.0000e+00
       3752     -0.883     1.3472   0.000106    -0.0003    -0.0821 0.0000e+00
       3753     -0.882     1.3471   0.000105    -0.0003    -0.0821 0.0000e+00
       3754     -0.883     1.3470   0.000104    -0.0003    -0.0821 0.0000e+00
       3755     -0.885     1.3470   0.000105    -0.0003    -0.0821 0.0000e+00
       3756     -0.885     1.3470   0.000105    -0.0003    -0.0821 0.0000e+00
       3757     -0.884     1.3470   0.000105    -0.0003    -0.0821 0.0000e+00
       3758     -0.884     1.3468   0.000105    -0.0003    -0.0821 0.0000e+00
       3759     -0.886     1.3468   0.000107    -0.0003    -0.0821 0.0000e+00
       3760     -0.885     1.3468   0.000107    -0.0003    -0.0821 0.0000e+00
       3761     -0.882     1.3466   0.000106    -0.0003    -0.0822 0.0000e+00
       3762     -0.883     1.3466   0.000105    -0.0003    -0.0822 0.0000e+00
       3763     -0.885     1.3466   0.000107    -0.0003    -0.0822 0.0000e+00
       3764     -0.885     1.3466   0.000107    -0.0003    -0.0822 0.0000e+00
       3765     -0.885     1.3464   0.000106    -0.0003    -0.0822 0.0000e+00
       3766     -0.885     1.3464   0.000105    -0.0003    -0.0822 0.0000e+00
       3767     -0.885     1.3464   0.000105    -0.0003    -0.0822 0.0000e+00
       3768     -0.885     1.3464   0.000106    -0.0003    -0.0822 0.0000e+00
       3769     -0.885     1.3463   0.000107    -0.0003    -0.0822 0.0000e+00
       3770     -0.885     1.3462   0.000106    -0.0003    -0.0822 0.0000e+00
       3771     -0.886     1.3462   0.000106    -0.0003    -0.0822 0.0000e+00
       3772     -0.889     1.3461   0.000105    -0.0003    -0.0822 0.0000e+00
       3773     -0.892     1.3461   0.000106    -0.0003    -0.0822 0.0000e+00
       3774     -0.894     1.3460   0.000105    -0.0003    -0.0822 0.0000e+00
       3775     -0.892     1.3459   0.000105    -0.0003    -0.0822 0.0000e+00
       3776     -0.888     1.3459   0.000106    -0.0003    -0.0822 0.0000e+00
       3777     -0.885     1.3459   0.000106    -0.0003    -0.0822 0.0000e+00
       3778     -0.882     1.3459   0.000105    -0.0003    -0.0822 0.0000e+00
       3779     -0.879     1.3459   0.000105    -0.0003    -0.0822 0.0000e+00
       3780     -0.879     1.3458   0.000105    -0.0003    -0.0822 0.0000e+00
       3781     -0.881     1.3457   0.000105    -0.0003    -0.0822 0.0000e+00
       3782     -0.882     1.3456   0.000104    -0.0003    -0.0822 0.0000e+00
       3783     -0.882     1.3455   0.000104    -0.0003    -0.0822 0.0000e+00
       3784     -0.883     1.3455   0.000104    -0.0003    -0.0822 0.0000e+00
       3785     -0.885     1.3454   0.000105    -0.0003    -0.0822 0.0000e+00
       3786     -0.886     1.3453   0.000105    -0.0003    -0.0822 0.0000e+00
       3787     -0.886     1.3453   0.000105    -0.0003    -0.0822 0.0000e+00
       3788     -0.886     1.3453   0.000106    -0.0003    -0.0822 0.0000e+00
       3789     -0.886     1.3453   0.000106    -0.0003    -0.0822 0.0000e+00
       3790     -0.885     1.3453   0.000106    -0.0003    -0.0822 0.0000e+00
       3791     -0.883     1.3451   0.000105    -0.0003    -0.0822 0.0000e+00
       3792     -0.882     1.3451   0.000107    -0.0003    -0.0822 0.0000e+00
       3793     -0.883     1.3451   0.000107    -0.0003    -0.0822 0.0000e+00
       3794     -0.885     1.3449   0.000106    -0.0003    -0.0822 0.0000e+00
       3795     -0.886     1.3449   0.000106    -0.0003    -0.0822 0.0000e+00
       3796     -0.886     1.3449   0.000106    -0.0003    -0.0822 0.0000e+00
       3797     -0.887     1.3449   0.000106    -0.0003    -0.0822 0.0000e+00
       3798     -0.888     1.3447   0.000105    -0.0003    -0.0822 0.0000e+00
       3799     -0.890     1.3447   0.000104    -0.0003    -0.0822 0.0000e+00
       3800     -0.891     1.3446   0.000104    -0.0003    -0.0822 0.0000e+00
       3801     -0.893     1.3445   0.000104    -0.0003    -0.0822 0.0000e+00
       3802     -0.894     1.3445   0.000104    -0.0003    -0.0822 0.0000e+00
       3803     -0.892     1.3445   0.000105    -0.0003    -0.0822 0.0000e+00
       3804     -0.888     1.3445   0.000105    -0.0003    -0.0822 0.0000e+00
       3805     -0.884     1.3445   0.000106    -0.0003    -0.0822 0.0000e+00
       3806     -0.880     1.3445   0.000107    -0.0003    -0.0822 0.0000e+00
       3807     -0.879     1.3443   0.000106    -0.0003    -0.0823 0.0000e+00
       3808     -0.882     1.3443   0.000106    -0.0003    -0.0823 0.0000e+00
       3809     -0.888     1.3443   0.000106    -0.0003    -0.0823 0.0000e+00
       3810     -0.892     1.3442   0.000107    -0.0003    -0.0823 0.0000e+00
       3811     -0.892     1.3442   0.000107    -0.0003    -0.0823 0.0000e+00
       3812     -0.889     1.3441   0.000107    -0.0003    -0.0823 0.0000e+00
       3813     -0.887     1.3440   0.000105    -0.0003    -0.0823 0.0000e+00
       3814     -0.886     1.3440   0.000106    -0.0003    -0.0823 0.0000e+00
       3815     -0.886     1.3440   0.000106    -0.0003    -0.0823 0.0000e+00
       3816     -0.886     1.3439   0.000106    -0.0003    -0.0823 0.0000e+00
       3817     -0.886     1.3439   0.000107    -0.0003    -0.0823 0.0000e+00
       3818     -0.885     1.3438   0.000107    -0.0003    -0.0823 0.0000e+00
       3819     -0.883     1.3436   0.000105    -0.0003    -0.0823 0.0000e+00
       3820     -0.882     1.3436   0.000104    -0.0003    -0.0823 0.0000e+00
       3821     -0.883     1.3435   0.000104    -0.0003    -0.0823 0.0000e+00
       3822     -0.884     1.3434   0.000104    -0.0003    -0.0823 0.0000e+00
       3823     -0.884     1.3434   0.000105    -0.0003    -0.0823 0.0000e+00
       3824     -0.884     1.3434   0.000105    -0.0003    -0.0823 0.0000e+00
       3825     -0.886     1.3433   0.000105    -0.0003    -0.0823 0.0000e+00
       3826     -0.885     1.3432   0.000105    -0.0003    -0.0823 0.0000e+00
       3827     -0.882     1.3432   0.000105    -0.0003    -0.0823 0.0000e+00
       3828     -0.883     1.3431   0.000106    -0.0003    -0.0823 0.0000e+00
       3829     -0.884     1.3430   0.000106    -0.0003    -0.0823 0.0000e+00
       3830     -0.883     1.3430   0.000106    -0.0003    -0.0823 0.0000e+00
       3831     -0.882     1.3430   0.000107    -0.0003    -0.0823 0.0000e+00
       3832     -0.882     1.3430   0.000106    -0.0003    -0.0823 0.0000e+00
       3833     -0.883     1.3428   0.000105    -0.0003    -0.0823 0.0000e+00
       3834     -0.886     1.3428   0.000105    -0.0003    -0.0823 0.0000e+00
       3835     -0.890     1.3426   0.000106    -0.0003    -0.0823 0.0000e+00
       3836     -0.891     1.3425   0.000106    -0.0003    -0.0823 0.0000e+00
       3837     -0.893     1.3424   0.000106    -0.0003    -0.0823 0.0000e+00
       3838     -0.892     1.3424   0.000105    -0.0003    -0.0823 0.0000e+00
       3839     -0.888     1.3422   0.000105    -0.0003    -0.0823 0.0000e+00
       3840     -0.885     1.3422   0.000105    -0.0003    -0.0823 0.0000e+00
       3841     -0.884     1.3422   0.000105    -0.0003    -0.0823 0.0000e+00
       3842     -0.883     1.3422   0.000105    -0.0003    -0.0823 0.0000e+00
       3843     -0.881     1.3420   0.000106    -0.0003    -0.0824 0.0000e+00
       3844     -0.881     1.3419   0.000106    -0.0003    -0.0824 0.0000e+00
       3845     -0.882     1.3417   0.000105    -0.0003    -0.0824 0.0000e+00
       3846     -0.883     1.3415   0.000104    -0.0003    -0.0824 0.0000e+00
       3847     -0.887     1.3414   0.000103    -0.0003    -0.0824 0.0000e+00
       3848     -0.891     1.3413   0.000103    -0.0003    -0.0824 0.0000e+00
       3849     -0.892     1.3411   0.000103    -0.0003    -0.0824 0.0000e+00
       3850     -0.889     1.3409   0.000102    -0.0003    -0.0824 0.0000e+00
       3851     -0.887     1.3409   0.000104    -0.0003    -0.0824 0.0000e+00
       3852     -0.885     1.3407   0.000103    -0.0003    -0.0824 0.0000e+00
       3853     -0.884     1.3405   0.000100    -0.0003    -0.0824 0.0000e+00
       3854     -0.887     1.3404   0.000101    -0.0003    -0.0824 0.0000e+00
       3855     -0.891     1.3403   0.000103    -0.0003    -0.0824 0.0000e+00
       3856     -0.891     1.3401   0.000103    -0.0003    -0.0824 0.0000e+00
       3857     -0.887     1.3399   0.000103    -0.0003    -0.0825 0.0000e+00
       3858     -0.884     1.3397   0.000102    -0.0003    -0.0825 0.0000e+00
       3859     -0.887     1.3395   0.000102    -0.0003    -0.0825 0.0000e+00
       3860     -0.892     1.3394   0.000102    -0.0003    -0.0825 0.0000e+00
       3861     -0.894 -9.990e-29   0.000106 -9.990e-29 -9.990e-29 0.0000e+00
