Datasets/Multi_Species/TEL214/tel214_2020_002.cnv
* Sea-Bird SBE19plus Data File:
* Filename = C:/AQUIRE/tel214_2020_002.hex
* Software Version AquireV2 AF V2.0
* Temperature SN =  7853
* Conductivity SN =  7853
* System UpLoad Time = Nov 06 2020 14:15:41
* <ApplicationData>
* <AQUIREV2>
** VESSEL/TRIP/SEQ STN: tel214_2020_002
** LATITUDE: 52 44.30 N
** LONGITUDE: 52 37.60 W
** DATE/TIME: 2020-11-06 13:21
** SOUNDING DEPTH (M): 0238
** PROBE TYPE: S7853
** CTD NUMBER:   2
** COMMENTS: SET 2
# nquan = 7                                 
# nvalues = 3064                        
# units = specified
# name 0 = scan: Scan Count
# name 1 = prdM: Pressure, Strain Gauge [db]
# name 2 = tv290C: Temperature [ITS-90, deg C]
# name 3 = c0S/m: Conductivity [S/m]
# name 4 = sal00: Salinity, Practical [PSU]
# name 5 = sigma-t00: Density [sigma-t, kg/m^3 ]
# name 6 = flag: flag
# span 0 =          1,       3064       
# span 1 =     -1.062,    233.954       
# span 2 =     0.7081,     3.1206       
# span 3 =   0.000086,   3.048322       
# span 4 =    -0.0003,    34.1746       
# span 5 =    -0.0765,    27.2903       
# span 6 = 0.0000e+00, 0.0000e+00       
# interval = seconds: 1
# start_time = Nov 06 2020 13:21:37 [Instrument's time stamp, header]
# bad_flag = -9.990e-29
*END*
[from data line 616]
        617    128.546     1.2424   2.912446    33.6584    26.9509 0.0000e+00
        618    129.092     1.2869   2.916452    33.6613    26.9503 0.0000e+00
        619    129.647     1.3253   2.919418    33.6575    26.9446 0.0000e+00
        620    130.188     1.3531   2.921264    33.6508    26.9374 0.0000e+00
        621    130.710     1.3708   2.922329    33.6451    26.9316 0.0000e+00
        622    131.230     1.3823   2.923232    33.6439    26.9299 0.0000e+00
        623    131.759     1.3914   2.924030    33.6440    26.9293 0.0000e+00
        624    132.291     1.3982   2.924457    33.6418    26.9271 0.0000e+00
        625    132.815     1.4009   2.924371    33.6375    26.9235 0.0000e+00
        626    133.339     1.3989   2.923958    33.6341    26.9209 0.0000e+00
        627    133.875     1.3950   2.923728    33.6351    26.9219 0.0000e+00
        628    134.417     1.3937   2.924092    33.6408    26.9266 0.0000e+00
        629    134.938     1.3980   2.925011    33.6475    26.9317 0.0000e+00
        630    135.435     1.4059   2.926050    33.6520    26.9347 0.0000e+00
        631    135.941     1.4109   2.926419    33.6510    26.9336 0.0000e+00
        632    136.485     1.4065   2.925457    33.6432    26.9277 0.0000e+00
        633    137.058     1.3925   2.923732    33.6360    26.9228 0.0000e+00
        634    137.623     1.3698   2.921155    33.6273    26.9173 0.0000e+00
        635    138.155     1.3340   2.916946    33.6118    26.9074 0.0000e+00
        636    138.665     1.2876   2.912606    33.6060    26.9059 0.0000e+00
        637    139.179     1.2442   2.909546    33.6133    26.9146 0.0000e+00
        638    139.708     1.2105   2.907360    33.6214    26.9233 0.0000e+00
        639    140.248     1.1837   2.905433    33.6253    26.9282 0.0000e+00
        640    140.794     1.1585   2.903206    33.6236    26.9285 0.0000e+00
        641    141.345     1.1301   2.900510    33.6194    26.9269 0.0000e+00
        642    141.890     1.0995   2.897874    33.6183    26.9280 0.0000e+00
        643    142.418     1.0728   2.896003    33.6228    26.9334 0.0000e+00
        644    142.934     1.0535   2.895031    33.6308    26.9411 0.0000e+00
        645    143.453     1.0406   2.894459    33.6371    26.9469 0.0000e+00
        646    143.981     1.0320   2.894040    33.6407    26.9504 0.0000e+00
        647    144.516     1.0271   2.893982    33.6449    26.9541 0.0000e+00
        648    145.059     1.0266   2.894390    33.6504    26.9585 0.0000e+00
        649    145.607     1.0314   2.895304    33.6566    26.9632 0.0000e+00
        650    146.147     1.0410   2.896631    33.6630    26.9677 0.0000e+00
        651    146.674     1.0541   2.898095    33.6673    26.9704 0.0000e+00
        652    147.197     1.0688   2.899546    33.6698    26.9714 0.0000e+00
        653    147.729     1.0837   2.901008    33.6721    26.9723 0.0000e+00
        654    148.276     1.1026   2.903304    33.6808    26.9781 0.0000e+00
        655    148.829     1.1382   2.908318    33.7063    26.9963 0.0000e+00
        656    149.362     1.1977   2.915624    33.7352    27.0156 0.0000e+00
        657    149.861     1.2671   2.921943    33.7407    27.0154 0.0000e+00
        658    150.341     1.3257   2.925975    33.7287    27.0018 0.0000e+00
        659    150.831     1.3669   2.928604    33.7176    26.9901 0.0000e+00
        660    151.352     1.3964   2.930947    33.7153    26.9863 0.0000e+00
        661    151.899     1.4236   2.933806    33.7221    26.9898 0.0000e+00
        662    152.448     1.4527   2.936634    33.7264    26.9913 0.0000e+00
        663    152.970     1.4802   2.938810    33.7242    26.9876 0.0000e+00
        664    153.454     1.5044   2.940699    33.7219    26.9840 0.0000e+00
        665    153.929     1.5262   2.942632    33.7227    26.9832 0.0000e+00
        666    154.431     1.5449   2.944333    33.7239    26.9828 0.0000e+00
        667    154.968     1.5579   2.945459    33.7239    26.9819 0.0000e+00
        668    155.512     1.5623   2.945539    33.7199    26.9783 0.0000e+00
        669    156.025     1.5548   2.944250    33.7113    26.9720 0.0000e+00
        670    156.486     1.5397   2.942786    33.7087    26.9710 0.0000e+00
        671    156.919     1.5281   2.942399    33.7160    26.9777 0.0000e+00
        672    157.383     1.5248   2.942869    33.7253    26.9853 0.0000e+00
        673    157.912     1.5288   2.943965    33.7345    26.9925 0.0000e+00
        674    158.475     1.5413   2.946063    33.7474    27.0019 0.0000e+00
        675    159.022     1.5650   2.949308    33.7627    27.0125 0.0000e+00
        676    159.532     1.5978   2.952928    33.7730    27.0184 0.0000e+00
        677    160.029     1.6322   2.955944    33.7739    27.0167 0.0000e+00
        678    160.541     1.6610   2.958174    33.7709    27.0122 0.0000e+00
        679    161.074     1.6820   2.959726    33.7677    27.0081 0.0000e+00
        680    161.609     1.6959   2.960719    33.7650    27.0049 0.0000e+00
        681    162.128     1.7043   2.961351    33.7637    27.0033 0.0000e+00
        682    162.637     1.7078   2.961644    33.7633    27.0027 0.0000e+00
        683    163.146     1.7065   2.961549    33.7632    27.0027 0.0000e+00
        684    163.660     1.7000   2.960878    33.7615    27.0018 0.0000e+00
        685    164.176     1.6871   2.959536    33.7581    27.0000 0.0000e+00
        686    164.698     1.6696   2.958049    33.7577    27.0010 0.0000e+00
        687    165.231     1.6514   2.956761    33.7607    27.0047 0.0000e+00
        688    165.769     1.6316   2.954936    33.7586    27.0044 0.0000e+00
        689    166.295     1.6038   2.951797    33.7484    26.9983 0.0000e+00
        690    166.799     1.5648   2.947592    33.7368    26.9917 0.0000e+00
        691    167.297     1.5194   2.943322    33.7312    26.9904 0.0000e+00
        692    167.805     1.4749   2.939682    33.7325    26.9946 0.0000e+00
        693    168.326     1.4349   2.936598    33.7361    27.0002 0.0000e+00
        694    168.853     1.3989   2.933722    33.7379    27.0042 0.0000e+00
        695    169.372     1.3651   2.930870    33.7377    27.0064 0.0000e+00
        696    169.878     1.3339   2.928455    33.7403    27.0106 0.0000e+00
        697    170.375     1.3090   2.926902    33.7471    27.0177 0.0000e+00
        698    170.868     1.2921   2.925985    33.7533    27.0238 0.0000e+00
        699    171.360     1.2808   2.925351    33.7571    27.0277 0.0000e+00
        700    171.859     1.2721   2.924843    33.7597    27.0303 0.0000e+00
        701    172.375     1.2649   2.924420    33.7618    27.0325 0.0000e+00
        702    172.905     1.2593   2.924186    33.7646    27.0351 0.0000e+00
        703    173.429     1.2566   2.924320    33.7689    27.0387 0.0000e+00
        704    173.931     1.2570   2.924745    33.7736    27.0425 0.0000e+00
        705    174.427     1.2592   2.925143    33.7760    27.0443 0.0000e+00
        706    174.944     1.2614   2.925341    33.7759    27.0440 0.0000e+00
        707    175.487     1.2629   2.925446    33.7753    27.0434 0.0000e+00
        708    176.036     1.2642   2.925596    33.7755    27.0435 0.0000e+00
        709    176.568     1.2657   2.925814    33.7763    27.0441 0.0000e+00
        710    177.073     1.2671   2.926040    33.7774    27.0449 0.0000e+00
        711    177.557     1.2683   2.926242    33.7784    27.0456 0.0000e+00
        712    178.042     1.2693   2.926412    33.7792    27.0462 0.0000e+00
        713    178.545     1.2705   2.926551    33.7794    27.0463 0.0000e+00
        714    179.058     1.2720   2.926700    33.7794    27.0461 0.0000e+00
        715    179.562     1.2737   2.926903    33.7799    27.0464 0.0000e+00
        716    180.041     1.2755   2.927141    33.7807    27.0469 0.0000e+00
        717    180.497     1.2769   2.927332    33.7813    27.0474 0.0000e+00
        718    180.946     1.2777   2.927441    33.7816    27.0475 0.0000e+00
        719    181.404     1.2782   2.927484    33.7814    27.0473 0.0000e+00
        720    181.870     1.2785   2.927476    33.7807    27.0467 0.0000e+00
        721    182.331     1.2782   2.927405    33.7798    27.0461 0.0000e+00
        722    182.775     1.2769   2.927272    33.7793    27.0457 0.0000e+00
        723    183.199     1.2752   2.927143    33.7792    27.0458 0.0000e+00
        724    183.609     1.2738   2.927164    33.7808    27.0471 0.0000e+00
        725    184.010     1.2746   2.927579    33.7850    27.0504 0.0000e+00
        726    184.394     1.2781   2.928402    33.7915    27.0554 0.0000e+00
        727    184.753     1.2842   2.929395    33.7973    27.0597 0.0000e+00
        728    185.088     1.2923   2.930519    33.8027    27.0635 0.0000e+00
        729    185.402     1.3019   2.931753    33.8079    27.0670 0.0000e+00
        730    185.695     1.3119   2.932955    33.8123    27.0699 0.0000e+00
        731    185.971     1.3221   2.934200    33.8170    27.0729 0.0000e+00
        732    186.241     1.3330   2.935521    33.8219    27.0761 0.0000e+00
        733    186.505     1.3445   2.936858    33.8263    27.0789 0.0000e+00
        734    186.751     1.3559   2.938146    33.8303    27.0813 0.0000e+00
        735    186.964     1.3653   2.939118    33.8324    27.0824 0.0000e+00
        736    187.145     1.3724   2.939814    33.8335    27.0828 0.0000e+00
        737    187.309     1.3787   2.940512    33.8355    27.0839 0.0000e+00
        738    187.463     1.3851   2.941173    33.8369    27.0846 0.0000e+00
        739    187.605     1.3912   2.941809    33.8383    27.0853 0.0000e+00
        740    187.735     1.3981   2.942676    33.8418    27.0877 0.0000e+00
        741    187.849     1.4067   2.943846    33.8473    27.0915 0.0000e+00
        742    187.935     1.4163   2.945048    33.8522    27.0948 0.0000e+00
        743    187.999     1.4258   2.946156    33.8560    27.0971 0.0000e+00
        744    188.055     1.4362   2.947393    33.8605    27.1000 0.0000e+00
        745    188.112     1.4478   2.948842    33.8663    27.1039 0.0000e+00
        746    188.174     1.4590   2.950091    33.8701    27.1061 0.0000e+00
        747    188.232     1.4672   2.950760    33.8697    27.1052 0.0000e+00
        748    188.270     1.4718   2.951020    33.8680    27.1036 0.0000e+00
        749    188.289     1.4742   2.951210    33.8678    27.1032 0.0000e+00
        750    188.307     1.4758   2.951433    33.8689    27.1040 0.0000e+00
        751    188.337     1.4777   2.951648    33.8696    27.1044 0.0000e+00
        752    188.371     1.4800   2.951789    33.8688    27.1037 0.0000e+00
        753    188.398     1.4818   2.951870    33.8679    27.1028 0.0000e+00
        754    188.414     1.4829   2.951924    33.8674    27.1023 0.0000e+00
        755    188.419     1.4830   2.951851    33.8664    27.1015 0.0000e+00
        756    188.415     1.4821   2.951639    33.8647    27.1002 0.0000e+00
        757    188.401     1.4804   2.951400    33.8635    27.0993 0.0000e+00
        758    188.384     1.4787   2.951205    33.8628    27.0989 0.0000e+00
        759    188.376     1.4773   2.951091    33.8629    27.0991 0.0000e+00
        760    188.379     1.4765   2.951037    33.8631    27.0993 0.0000e+00
        761    188.388     1.4762   2.951004    33.8630    27.0992 0.0000e+00
        762    188.390     1.4760   2.950994    33.8631    27.0993 0.0000e+00
        763    188.375     1.4761   2.951012    33.8632    27.0994 0.0000e+00
        764    188.350     1.4764   2.951043    33.8633    27.0995 0.0000e+00
        765    188.324     1.4766   2.951072    33.8634    27.0996 0.0000e+00
        766    188.305     1.4768   2.951092    33.8635    27.0996 0.0000e+00
        767    188.300     1.4770   2.951097    33.8633    27.0995 0.0000e+00
        768    188.303     1.4770   2.951055    33.8628    27.0990 0.0000e+00
        769    188.298     1.4766   2.950984    33.8623    27.0987 0.0000e+00
        770    188.279     1.4763   2.950950    33.8622    27.0986 0.0000e+00
        771    188.245     1.4760   2.950918    33.8622    27.0986 0.0000e+00
        772    188.204     1.4754   2.950814    33.8615    27.0981 0.0000e+00
        773    188.173     1.4737   2.950547    33.8600    27.0970 0.0000e+00
        774    188.160     1.4707   2.950094    33.8575    27.0952 0.0000e+00
        775    188.148     1.4671   2.949612    33.8553    27.0937 0.0000e+00
        776    188.120     1.4638   2.949245    33.8542    27.0930 0.0000e+00
        777    188.084     1.4609   2.948935    33.8534    27.0926 0.0000e+00
        778    188.055     1.4579   2.948565    33.8519    27.0917 0.0000e+00
        779    188.031     1.4546   2.948188    33.8507    27.0909 0.0000e+00
        780    188.007     1.4517   2.947913    33.8504    27.0908 0.0000e+00
        781    187.979     1.4496   2.947693    33.8499    27.0906 0.0000e+00
        782    187.950     1.4481   2.947544    33.8496    27.0905 0.0000e+00
        783    187.921     1.4472   2.947530    33.8504    27.0912 0.0000e+00
        784    187.889     1.4472   2.947594    33.8512    27.0918 0.0000e+00
        785    187.858     1.4477   2.947677    33.8518    27.0922 0.0000e+00
        786    187.839     1.4483   2.947751    33.8521    27.0924 0.0000e+00
        787    187.841     1.4486   2.947750    33.8517    27.0921 0.0000e+00
        788    187.855     1.4483   2.947682    33.8512    27.0917 0.0000e+00
        789    187.861     1.4478   2.947656    33.8514    27.0919 0.0000e+00
        790    187.851     1.4476   2.947679    33.8519    27.0924 0.0000e+00
        791    187.842     1.4476   2.947662    33.8517    27.0922 0.0000e+00
        792    187.852     1.4472   2.947537    33.8505    27.0913 0.0000e+00
        793    187.886     1.4459   2.947341    33.8494    27.0905 0.0000e+00
        794    187.934     1.4447   2.947217    33.8491    27.0903 0.0000e+00
        795    187.991     1.4442   2.947244    33.8500    27.0910 0.0000e+00
        796    188.043     1.4444   2.947307    33.8505    27.0915 0.0000e+00
        797    188.077     1.4446   2.947303    33.8502    27.0912 0.0000e+00
        798    188.106     1.4444   2.947255    33.8498    27.0909 0.0000e+00
        799    188.162     1.4439   2.947194    33.8496    27.0907 0.0000e+00
        800    188.259     1.4434   2.947135    33.8493    27.0906 0.0000e+00
        801    188.381     1.4428   2.947050    33.8488    27.0902 0.0000e+00
        802    188.502     1.4419   2.946930    33.8482    27.0898 0.0000e+00
        803    188.606     1.4409   2.946842    33.8481    27.0897 0.0000e+00
        804    188.705     1.4402   2.946815    33.8484    27.0901 0.0000e+00
        805    188.815     1.4400   2.946837    33.8489    27.0904 0.0000e+00
        806    188.945     1.4407   2.947001    33.8501    27.0914 0.0000e+00
        807    189.096     1.4427   2.947363    33.8525    27.0931 0.0000e+00
        808    189.259     1.4458   2.947841    33.8551    27.0950 0.0000e+00
        809    189.418     1.4495   2.948306    33.8569    27.0962 0.0000e+00
        810    189.562     1.4528   2.948637    33.8575    27.0965 0.0000e+00
        811    189.704     1.4553   2.948852    33.8574    27.0963 0.0000e+00
        812    189.869     1.4573   2.949050    33.8577    27.0963 0.0000e+00
        813    190.067     1.4591   2.949274    33.8585    27.0968 0.0000e+00
        814    190.282     1.4613   2.949585    33.8600    27.0978 0.0000e+00
        815    190.488     1.4644   2.950018    33.8620    27.0993 0.0000e+00
        816    190.665     1.4678   2.950474    33.8640    27.1006 0.0000e+00
        817    190.829     1.4712   2.950887    33.8655    27.1016 0.0000e+00
        818    191.020     1.4750   2.951401    33.8678    27.1032 0.0000e+00
        819    191.256     1.4806   2.952221    33.8720    27.1062 0.0000e+00
        820    191.520     1.4890   2.953397    33.8777    27.1102 0.0000e+00
