Datasets/Multi_Species/TEL214/tel214_2020_012.cnv
* Sea-Bird SBE19plus Data File:
* Filename = C:/AQUIRE/tel214_2020_012.hex
* Software Version AquireV2 AF V2.0
* Temperature SN =  7853
* Conductivity SN =  7853
* System UpLoad Time = Nov 10 2020 00:00:59
* <ApplicationData>
* <AQUIREV2>
** VESSEL/TRIP/SEQ STN: tel214_2020_012
** LATITUDE: 55 03.37 N
** LONGITUDE: 54 19.09 W
** DATE/TIME: 2020-11-09 22:17
** SOUNDING DEPTH (M): 0560
** PROBE TYPE: S7853
** CTD NUMBER: 012
** COMMENTS: 
# nquan = 7                                 
# nvalues = 5899                        
# units = specified
# name 0 = scan: Scan Count
# name 1 = prdM: Pressure, Strain Gauge [db]
# name 2 = tv290C: Temperature [ITS-90, deg C]
# name 3 = c0S/m: Conductivity [S/m]
# name 4 = sal00: Salinity, Practical [PSU]
# name 5 = sigma-t00: Density [sigma-t, kg/m^3 ]
# name 6 = flag: flag
# span 0 =          1,       5899       
# span 1 =     -1.113,    577.231       
# span 2 =    -1.4720,     4.0456       
# span 3 =   0.000045,   3.263091       
# span 4 =    -0.0027,    34.8060       
# span 5 =    -0.2775,    27.6345       
# span 6 = 0.0000e+00, 0.0000e+00       
# interval = seconds: 1
# start_time = Nov 09 2020 22:17:04 [Instrument's time stamp, header]
# bad_flag = -9.990e-29
*END*
[from data line 5744]
       5745     -1.047     0.2292   0.000049    -0.0015    -0.1423 0.0000e+00
       5746     -1.051     0.2269   0.000047    -0.0015    -0.1425 0.0000e+00
       5747     -1.054     0.2247   0.000046    -0.0015    -0.1426 0.0000e+00
       5748     -1.055     0.2224   0.000046    -0.0016    -0.1427 0.0000e+00
       5749     -1.055     0.2202   0.000046    -0.0016    -0.1429 0.0000e+00
       5750     -1.055     0.2180   0.000046    -0.0016    -0.1430 0.0000e+00
       5751     -1.055     0.2158   0.000047    -0.0016    -0.1432 0.0000e+00
       5752     -1.054     0.2136   0.000048    -0.0015    -0.1433 0.0000e+00
       5753     -1.052     0.2113   0.000047    -0.0016    -0.1435 0.0000e+00
       5754     -1.051     0.2092   0.000049    -0.0015    -0.1436 0.0000e+00
       5755     -1.052     0.2070   0.000049    -0.0015    -0.1437 0.0000e+00
       5756     -1.054     0.2047   0.000048    -0.0016    -0.1439 0.0000e+00
       5757     -1.055     0.2025   0.000048    -0.0016    -0.1440 0.0000e+00
       5758     -1.055     0.2002   0.000046    -0.0016    -0.1442 0.0000e+00
       5759     -1.055     0.1981   0.000046    -0.0016    -0.1443 0.0000e+00
       5760     -1.054     0.1959   0.000047    -0.0016    -0.1444 0.0000e+00
       5761     -1.052     0.1936   0.000048    -0.0016    -0.1446 0.0000e+00
       5762     -1.050     0.1914   0.000048    -0.0016    -0.1447 0.0000e+00
       5763     -1.049     0.1891   0.000047    -0.0016    -0.1449 0.0000e+00
       5764     -1.048     0.1870   0.000049    -0.0016    -0.1450 0.0000e+00
       5765     -1.049     0.1848   0.000049    -0.0016    -0.1452 0.0000e+00
       5766     -1.052     0.1826   0.000049    -0.0016    -0.1453 0.0000e+00
       5767     -1.055     0.1805   0.000048    -0.0016    -0.1454 0.0000e+00
       5768     -1.057     0.1783   0.000048    -0.0016    -0.1456 0.0000e+00
       5769     -1.059     0.1760   0.000047    -0.0016    -0.1457 0.0000e+00
       5770     -1.058     0.1738   0.000046    -0.0016    -0.1459 0.0000e+00
       5771     -1.057     0.1715   0.000046    -0.0016    -0.1460 0.0000e+00
       5772     -1.058     0.1693   0.000049    -0.0016    -0.1462 0.0000e+00
       5773     -1.060     0.1671   0.000049    -0.0016    -0.1463 0.0000e+00
       5774     -1.060     0.1649   0.000048    -0.0016    -0.1464 0.0000e+00
       5775     -1.059     0.1627   0.000048    -0.0016    -0.1466 0.0000e+00
       5776     -1.058     0.1604   0.000047    -0.0016    -0.1467 0.0000e+00
       5777     -1.056     0.1582   0.000048    -0.0016    -0.1469 0.0000e+00
       5778     -1.055     0.1559   0.000048    -0.0016    -0.1470 0.0000e+00
       5779     -1.054     0.1537   0.000048    -0.0016    -0.1472 0.0000e+00
       5780     -1.052     0.1515   0.000048    -0.0016    -0.1473 0.0000e+00
       5781     -1.051     0.1492   0.000047    -0.0016    -0.1475 0.0000e+00
       5782     -1.052     0.1470   0.000049    -0.0016    -0.1476 0.0000e+00
       5783     -1.054     0.1447   0.000050    -0.0016    -0.1478 0.0000e+00
       5784     -1.055     0.1425   0.000049    -0.0016    -0.1479 0.0000e+00
       5785     -1.056     0.1403   0.000048    -0.0016    -0.1480 0.0000e+00
       5786     -1.057     0.1381   0.000048    -0.0016    -0.1482 0.0000e+00
       5787     -1.058     0.1359   0.000047    -0.0016    -0.1483 0.0000e+00
       5788     -1.055     0.1336   0.000048    -0.0016    -0.1485 0.0000e+00
       5789     -1.053     0.1312   0.000048    -0.0016    -0.1486 0.0000e+00
       5790     -1.055     0.1290   0.000047    -0.0016    -0.1488 0.0000e+00
       5791     -1.058     0.1268   0.000047    -0.0016    -0.1489 0.0000e+00
       5792     -1.057     0.1246   0.000046    -0.0016    -0.1491 0.0000e+00
       5793     -1.056     0.1224   0.000045    -0.0016    -0.1492 0.0000e+00
       5794     -1.056     0.1202   0.000046    -0.0016    -0.1494 0.0000e+00
       5795     -1.055     0.1181   0.000049    -0.0016    -0.1495 0.0000e+00
       5796     -1.052     0.1159   0.000049    -0.0016    -0.1497 0.0000e+00
       5797     -1.049     0.1137   0.000049    -0.0016    -0.1498 0.0000e+00
       5798     -1.047     0.1115   0.000049    -0.0016    -0.1499 0.0000e+00
       5799     -1.049     0.1093   0.000048    -0.0016    -0.1501 0.0000e+00
       5800     -1.053     0.1071   0.000049    -0.0016    -0.1502 0.0000e+00
       5801     -1.055     0.1049   0.000049    -0.0016    -0.1504 0.0000e+00
       5802     -1.057     0.1026   0.000048    -0.0016    -0.1505 0.0000e+00
       5803     -1.059     0.1005   0.000049    -0.0016    -0.1507 0.0000e+00
       5804     -1.063     0.0982   0.000049    -0.0016    -0.1508 0.0000e+00
       5805     -1.065     0.0960   0.000048    -0.0016    -0.1510 0.0000e+00
       5806     -1.065     0.0938   0.000048    -0.0016    -0.1511 0.0000e+00
       5807     -1.062     0.0916   0.000048    -0.0016    -0.1513 0.0000e+00
       5808     -1.057     0.0895   0.000049    -0.0016    -0.1514 0.0000e+00
       5809     -1.054     0.0873   0.000049    -0.0016    -0.1515 0.0000e+00
       5810     -1.055     0.0852   0.000048    -0.0017    -0.1517 0.0000e+00
       5811     -1.057     0.0830   0.000049    -0.0016    -0.1518 0.0000e+00
       5812     -1.059     0.0809   0.000050    -0.0016    -0.1520 0.0000e+00
       5813     -1.061     0.0787   0.000049    -0.0017    -0.1521 0.0000e+00
       5814     -1.061     0.0765   0.000050    -0.0016    -0.1523 0.0000e+00
       5815     -1.060     0.0743   0.000050    -0.0016    -0.1524 0.0000e+00
       5816     -1.058     0.0723   0.000052    -0.0016    -0.1525 0.0000e+00
       5817     -1.054     0.0701   0.000051    -0.0016    -0.1527 0.0000e+00
       5818     -1.052     0.0680   0.000050    -0.0017    -0.1528 0.0000e+00
       5819     -1.053     0.0659   0.000050    -0.0017    -0.1530 0.0000e+00
       5820     -1.055     0.0638   0.000051    -0.0016    -0.1531 0.0000e+00
       5821     -1.056     0.0617   0.000050    -0.0017    -0.1532 0.0000e+00
       5822     -1.057     0.0595   0.000050    -0.0017    -0.1534 0.0000e+00
       5823     -1.060     0.0573   0.000050    -0.0017    -0.1535 0.0000e+00
       5824     -1.064     0.0553   0.000052    -0.0017    -0.1537 0.0000e+00
       5825     -1.066     0.0531   0.000053    -0.0016    -0.1538 0.0000e+00
       5826     -1.066     0.0509   0.000051    -0.0017    -0.1540 0.0000e+00
       5827     -1.064     0.0489   0.000051    -0.0017    -0.1541 0.0000e+00
       5828     -1.062     0.0467   0.000051    -0.0017    -0.1543 0.0000e+00
       5829     -1.061     0.0446   0.000051    -0.0017    -0.1544 0.0000e+00
       5830     -1.060     0.0426   0.000051    -0.0017    -0.1545 0.0000e+00
       5831     -1.060     0.0404   0.000051    -0.0017    -0.1547 0.0000e+00
       5832     -1.063     0.0383   0.000051    -0.0017    -0.1548 0.0000e+00
       5833     -1.063     0.0362   0.000051    -0.0017    -0.1550 0.0000e+00
       5834     -1.060     0.0340   0.000053    -0.0017    -0.1551 0.0000e+00
       5835     -1.059     0.0319   0.000053    -0.0017    -0.1552 0.0000e+00
       5836     -1.060     0.0299   0.000053    -0.0017    -0.1554 0.0000e+00
       5837     -1.059     0.0278   0.000053    -0.0017    -0.1555 0.0000e+00
       5838     -1.058     0.0256   0.000051    -0.0017    -0.1557 0.0000e+00
       5839     -1.059     0.0234   0.000051    -0.0017    -0.1558 0.0000e+00
       5840     -1.061     0.0214   0.000050    -0.0017    -0.1560 0.0000e+00
       5841     -1.062     0.0193   0.000051    -0.0017    -0.1561 0.0000e+00
       5842     -1.064     0.0173   0.000052    -0.0017    -0.1562 0.0000e+00
       5843     -1.066     0.0152   0.000052    -0.0017    -0.1564 0.0000e+00
       5844     -1.067     0.0130   0.000052    -0.0017    -0.1565 0.0000e+00
       5845     -1.067     0.0109   0.000052    -0.0017    -0.1567 0.0000e+00
       5846     -1.068     0.0087   0.000051    -0.0017    -0.1568 0.0000e+00
       5847     -1.069     0.0066   0.000050    -0.0017    -0.1570 0.0000e+00
       5848     -1.070     0.0045   0.000051    -0.0017    -0.1571 0.0000e+00
       5849     -1.069     0.0023   0.000051    -0.0017    -0.1572 0.0000e+00
       5850     -1.070     0.0002   0.000051    -0.0017    -0.1574 0.0000e+00
       5851     -1.072    -0.0021   0.000051    -0.0017    -0.1575 0.0000e+00
       5852     -1.072    -0.0043   0.000050    -0.0017    -0.1577 0.0000e+00
       5853     -1.072    -0.0065   0.000049    -0.0017    -0.1578 0.0000e+00
       5854     -1.072    -0.0087   0.000050    -0.0017    -0.1580 0.0000e+00
       5855     -1.075    -0.0109   0.000050    -0.0017    -0.1581 0.0000e+00
       5856     -1.076    -0.0131   0.000050    -0.0017    -0.1583 0.0000e+00
       5857     -1.074    -0.0153   0.000050    -0.0017    -0.1584 0.0000e+00
       5858     -1.070    -0.0175   0.000050    -0.0017    -0.1586 0.0000e+00
       5859     -1.066    -0.0195   0.000049    -0.0017    -0.1587 0.0000e+00
       5860     -1.064    -0.0217   0.000049    -0.0017    -0.1589 0.0000e+00
       5861     -1.065    -0.0238   0.000049    -0.0017    -0.1590 0.0000e+00
       5862     -1.066    -0.0258   0.000051    -0.0017    -0.1592 0.0000e+00
       5863     -1.066    -0.0279   0.000051    -0.0017    -0.1593 0.0000e+00
       5864     -1.064    -0.0301   0.000051    -0.0017    -0.1595 0.0000e+00
       5865     -1.061    -0.0321   0.000050    -0.0017    -0.1596 0.0000e+00
       5866     -1.060    -0.0343   0.000051    -0.0017    -0.1597 0.0000e+00
       5867     -1.062    -0.0364   0.000051    -0.0017    -0.1599 0.0000e+00
       5868     -1.068    -0.0384   0.000051    -0.0017    -0.1600 0.0000e+00
       5869     -1.073    -0.0405   0.000052    -0.0017    -0.1602 0.0000e+00
       5870     -1.074    -0.0425   0.000051    -0.0017    -0.1603 0.0000e+00
       5871     -1.071    -0.0445   0.000053    -0.0017    -0.1604 0.0000e+00
       5872     -1.069    -0.0466   0.000054    -0.0017    -0.1606 0.0000e+00
       5873     -1.068    -0.0486   0.000053    -0.0017    -0.1607 0.0000e+00
       5874     -1.068    -0.0505   0.000053    -0.0017    -0.1609 0.0000e+00
       5875     -1.067    -0.0525   0.000053    -0.0017    -0.1610 0.0000e+00
       5876     -1.065    -0.0544   0.000054    -0.0017    -0.1611 0.0000e+00
       5877     -1.062    -0.0563   0.000054    -0.0017    -0.1613 0.0000e+00
       5878     -1.062    -0.0582   0.000055    -0.0017    -0.1614 0.0000e+00
       5879     -1.066    -0.0602   0.000055    -0.0017    -0.1615 0.0000e+00
       5880     -1.070    -0.0621   0.000055    -0.0017    -0.1617 0.0000e+00
       5881     -1.072    -0.0639   0.000056    -0.0017    -0.1618 0.0000e+00
       5882     -1.072    -0.0658   0.000056    -0.0017    -0.1619 0.0000e+00
       5883     -1.069    -0.0676   0.000055    -0.0017    -0.1620 0.0000e+00
       5884     -1.065    -0.0694   0.000056    -0.0017    -0.1622 0.0000e+00
       5885     -1.063    -0.0712   0.000056    -0.0017    -0.1623 0.0000e+00
       5886     -1.065    -0.0730   0.000058    -0.0017    -0.1624 0.0000e+00
       5887     -1.065    -0.0747   0.000058    -0.0017    -0.1625 0.0000e+00
       5888     -1.064    -0.0765   0.000057    -0.0017    -0.1627 0.0000e+00
       5889     -1.065    -0.0783   0.000059    -0.0017    -0.1628 0.0000e+00
       5890     -1.067    -0.0800   0.000059    -0.0017    -0.1629 0.0000e+00
       5891     -1.068    -0.0817   0.000061    -0.0017    -0.1630 0.0000e+00
       5892     -1.068    -0.0834   0.000061    -0.0017    -0.1631 0.0000e+00
       5893     -1.067    -0.0851   0.000060    -0.0017    -0.1633 0.0000e+00
       5894     -1.066    -0.0867   0.000061    -0.0017    -0.1634 0.0000e+00
       5895     -1.064    -0.0883   0.000062    -0.0017    -0.1635 0.0000e+00
       5896     -1.064    -0.0899   0.000061    -0.0017    -0.1636 0.0000e+00
       5897     -1.064    -0.0915   0.000063    -0.0017    -0.1637 0.0000e+00
       5898     -1.065    -0.0926   0.000065    -0.0017    -0.1638 0.0000e+00
       5899     -1.066 -9.990e-29   0.000111 -9.990e-29 -9.990e-29 0.0000e+00
