Datasets/Multi_Species/TEL214/tel214_2020_027.cnv
* Sea-Bird SBE19plus Data File:
* Filename = C:/AQUIRE/tel214_2020_027.hex
* Software Version AquireV2 AF V2.0
* Temperature SN =  7853
* Conductivity SN =  7853
* System UpLoad Time = Nov 14 2020 23:46:46
* <ApplicationData>
* <AQUIREV2>
** VESSEL/TRIP/SEQ STN: tel214_2020_027
** LATITUDE: 53 33.33 N
** LONGITUDE: 52 28.01 W
** DATE/TIME: 2020-11-14 22:21
** SOUNDING DEPTH (M): 0464
** PROBE TYPE: S7853
** CTD NUMBER: 027
** COMMENTS: 
# nquan = 7                                 
# nvalues = 4954                        
# units = specified
# name 0 = scan: Scan Count
# name 1 = prdM: Pressure, Strain Gauge [db]
# name 2 = tv290C: Temperature [ITS-90, deg C]
# name 3 = c0S/m: Conductivity [S/m]
# name 4 = sal00: Salinity, Practical [PSU]
# name 5 = sigma-t00: Density [sigma-t, kg/m^3 ]
# name 6 = flag: flag
# span 0 =          1,       4954       
# span 1 =     -1.092,    465.984       
# span 2 =     0.3270,     4.0926       
# span 3 =   0.000090,   3.261839       
# span 4 =    -0.0012,    34.8099       
# span 5 =    -0.1362,    27.6449       
# span 6 = 0.0000e+00, 0.0000e+00       
# interval = seconds: 1
# start_time = Nov 14 2020 22:21:23 [Instrument's time stamp, header]
# bad_flag = -9.990e-29
*END*
[from data line 3488]
       3489    465.255     3.9285   3.253756    34.8050    27.6385 0.0000e+00
       3490    465.251     3.9286   3.253761    34.8050    27.6385 0.0000e+00
       3491    465.241     3.9285   3.253755    34.8050    27.6385 0.0000e+00
       3492    465.240     3.9284   3.253751    34.8051    27.6386 0.0000e+00
       3493    465.251     3.9284   3.253749    34.8050    27.6386 0.0000e+00
       3494    465.263     3.9284   3.253750    34.8050    27.6386 0.0000e+00
       3495    465.268     3.9284   3.253755    34.8051    27.6386 0.0000e+00
       3496    465.269     3.9284   3.253757    34.8051    27.6386 0.0000e+00
       3497    465.273     3.9284   3.253757    34.8051    27.6386 0.0000e+00
       3498    465.286     3.9284   3.253756    34.8051    27.6386 0.0000e+00
       3499    465.303     3.9285   3.253758    34.8050    27.6385 0.0000e+00
       3500    465.313     3.9286   3.253762    34.8049    27.6385 0.0000e+00
       3501    465.313     3.9285   3.253763    34.8051    27.6386 0.0000e+00
       3502    465.307     3.9284   3.253765    34.8052    27.6387 0.0000e+00
       3503    465.298     3.9284   3.253770    34.8053    27.6387 0.0000e+00
       3504    465.280     3.9284   3.253772    34.8053    27.6388 0.0000e+00
       3505    465.254     3.9286   3.253773    34.8051    27.6386 0.0000e+00
       3506    465.234     3.9287   3.253775    34.8050    27.6385 0.0000e+00
       3507    465.228     3.9288   3.253776    34.8049    27.6384 0.0000e+00
       3508    465.229     3.9288   3.253783    34.8050    27.6385 0.0000e+00
       3509    465.220     3.9288   3.253793    34.8051    27.6386 0.0000e+00
       3510    465.180     3.9289   3.253795    34.8051    27.6385 0.0000e+00
       3511    465.118     3.9289   3.253790    34.8051    27.6385 0.0000e+00
       3512    465.069     3.9288   3.253785    34.8051    27.6386 0.0000e+00
       3513    465.056     3.9288   3.253784    34.8051    27.6386 0.0000e+00
       3514    465.070     3.9288   3.253785    34.8051    27.6386 0.0000e+00
       3515    465.086     3.9288   3.253788    34.8052    27.6386 0.0000e+00
       3516    465.078     3.9290   3.253799    34.8051    27.6385 0.0000e+00
       3517    465.036     3.9291   3.253803    34.8050    27.6385 0.0000e+00
       3518    464.969     3.9291   3.253799    34.8050    27.6385 0.0000e+00
       3519    464.907     3.9292   3.253795    34.8049    27.6384 0.0000e+00
       3520    464.876     3.9292   3.253791    34.8049    27.6383 0.0000e+00
       3521    464.881     3.9292   3.253792    34.8049    27.6384 0.0000e+00
       3522    464.904     3.9292   3.253801    34.8050    27.6384 0.0000e+00
       3523    464.923     3.9292   3.253809    34.8051    27.6385 0.0000e+00
       3524    464.926     3.9292   3.253814    34.8051    27.6385 0.0000e+00
       3525    464.911     3.9292   3.253818    34.8052    27.6386 0.0000e+00
       3526    464.880     3.9293   3.253815    34.8051    27.6385 0.0000e+00
       3527    464.843     3.9295   3.253810    34.8048    27.6383 0.0000e+00
       3528    464.812     3.9295   3.253805    34.8048    27.6382 0.0000e+00
       3529    464.799     3.9295   3.253802    34.8047    27.6382 0.0000e+00
       3530    464.806     3.9295   3.253802    34.8047    27.6382 0.0000e+00
       3531    464.825     3.9294   3.253799    34.8048    27.6383 0.0000e+00
       3532    464.848     3.9292   3.253795    34.8049    27.6384 0.0000e+00
       3533    464.868     3.9291   3.253796    34.8051    27.6385 0.0000e+00
       3534    464.879     3.9291   3.253798    34.8051    27.6385 0.0000e+00
       3535    464.874     3.9291   3.253797    34.8051    27.6385 0.0000e+00
       3536    464.850     3.9291   3.253795    34.8050    27.6385 0.0000e+00
       3537    464.819     3.9291   3.253797    34.8051    27.6385 0.0000e+00
       3538    464.803     3.9292   3.253799    34.8050    27.6385 0.0000e+00
       3539    464.817     3.9293   3.253800    34.8049    27.6384 0.0000e+00
       3540    464.856     3.9293   3.253810    34.8050    27.6384 0.0000e+00
       3541    464.904     3.9295   3.253836    34.8051    27.6385 0.0000e+00
       3542    464.949     3.9298   3.253872    34.8052    27.6385 0.0000e+00
       3543    464.984     3.9300   3.253900    34.8053    27.6386 0.0000e+00
       3544    465.005     3.9301   3.253909    34.8053    27.6386 0.0000e+00
       3545    465.018     3.9301   3.253906    34.8052    27.6385 0.0000e+00
       3546    465.029     3.9301   3.253901    34.8052    27.6385 0.0000e+00
       3547    465.040     3.9301   3.253899    34.8051    27.6384 0.0000e+00
       3548    465.059     3.9301   3.253901    34.8051    27.6385 0.0000e+00
       3549    465.092     3.9302   3.253901    34.8050    27.6384 0.0000e+00
       3550    465.135     3.9302   3.253896    34.8049    27.6383 0.0000e+00
       3551    465.173     3.9301   3.253888    34.8049    27.6383 0.0000e+00
       3552    465.195     3.9299   3.253875    34.8050    27.6383 0.0000e+00
       3553    465.203     3.9298   3.253868    34.8050    27.6384 0.0000e+00
       3554    465.203     3.9296   3.253860    34.8051    27.6385 0.0000e+00
       3555    465.211     3.9295   3.253849    34.8051    27.6385 0.0000e+00
       3556    465.237     3.9295   3.253841    34.8050    27.6384 0.0000e+00
       3557    465.275     3.9293   3.253834    34.8051    27.6385 0.0000e+00
       3558    465.313     3.9293   3.253823    34.8049    27.6384 0.0000e+00
       3559    465.335     3.9293   3.253815    34.8048    27.6383 0.0000e+00
       3560    465.341     3.9293   3.253811    34.8048    27.6382 0.0000e+00
       3561    465.349     3.9293   3.253809    34.8047    27.6382 0.0000e+00
       3562    465.372     3.9292   3.253810    34.8048    27.6383 0.0000e+00
       3563    465.411     3.9291   3.253803    34.8048    27.6383 0.0000e+00
       3564    465.453     3.9290   3.253788    34.8048    27.6383 0.0000e+00
       3565    465.486     3.9288   3.253779    34.8048    27.6384 0.0000e+00
       3566    465.510     3.9288   3.253773    34.8048    27.6383 0.0000e+00
       3567    465.533     3.9287   3.253771    34.8048    27.6384 0.0000e+00
       3568    465.559     3.9287   3.253772    34.8048    27.6384 0.0000e+00
       3569    465.588     3.9287   3.253772    34.8048    27.6383 0.0000e+00
       3570    465.625     3.9288   3.253772    34.8047    27.6382 0.0000e+00
       3571    465.668     3.9288   3.253773    34.8047    27.6382 0.0000e+00
       3572    465.716     3.9288   3.253777    34.8047    27.6382 0.0000e+00
       3573    465.765     3.9288   3.253781    34.8047    27.6383 0.0000e+00
       3574    465.809     3.9288   3.253784    34.8047    27.6383 0.0000e+00
       3575    465.845     3.9288   3.253787    34.8047    27.6383 0.0000e+00
       3576    465.882     3.9288   3.253795    34.8048    27.6383 0.0000e+00
       3577    465.925     3.9288   3.253802    34.8049    27.6384 0.0000e+00
       3578    465.963     3.9288   3.253811    34.8050    27.6385 0.0000e+00
       3579    465.983     3.9289   3.253818    34.8049    27.6384 0.0000e+00
       3580    465.984     3.9291   3.253822    34.8048    27.6383 0.0000e+00
       3581    465.970     3.9291   3.253825    34.8048    27.6383 0.0000e+00
       3582    465.943     3.9292   3.253831    34.8048    27.6383 0.0000e+00
       3583    465.908     3.9293   3.253826    34.8046    27.6381 0.0000e+00
       3584    465.867     3.9292   3.253810    34.8046    27.6381 0.0000e+00
       3585    465.816     3.9291   3.253800    34.8046    27.6381 0.0000e+00
       3586    465.747     3.9291   3.253798    34.8046    27.6381 0.0000e+00
       3587    465.659     3.9291   3.253798    34.8047    27.6382 0.0000e+00
       3588    465.556     3.9291   3.253793    34.8046    27.6382 0.0000e+00
       3589    465.442     3.9291   3.253785    34.8046    27.6381 0.0000e+00
       3590    465.319     3.9291   3.253778    34.8046    27.6381 0.0000e+00
       3591    465.182     3.9291   3.253769    34.8046    27.6381 0.0000e+00
       3592    465.025     3.9291   3.253757    34.8045    27.6381 0.0000e+00
       3593    464.853     3.9292   3.253747    34.8044    27.6379 0.0000e+00
       3594    464.673     3.9291   3.253739    34.8045    27.6380 0.0000e+00
       3595    464.489     3.9291   3.253734    34.8045    27.6381 0.0000e+00
       3596    464.299     3.9291   3.253735    34.8046    27.6382 0.0000e+00
       3597    464.103     3.9291   3.253732    34.8047    27.6382 0.0000e+00
       3598    463.906     3.9291   3.253720    34.8047    27.6382 0.0000e+00
       3599    463.709     3.9291   3.253700    34.8045    27.6381 0.0000e+00
       3600    463.506     3.9291   3.253680    34.8044    27.6380 0.0000e+00
       3601    463.294     3.9291   3.253670    34.8044    27.6380 0.0000e+00
       3602    463.066     3.9291   3.253658    34.8044    27.6380 0.0000e+00
       3603    462.826     3.9291   3.253640    34.8043    27.6379 0.0000e+00
       3604    462.587     3.9289   3.253620    34.8044    27.6380 0.0000e+00
       3605    462.350     3.9288   3.253597    34.8043    27.6380 0.0000e+00
       3606    462.113     3.9287   3.253584    34.8044    27.6380 0.0000e+00
       3607    461.872     3.9285   3.253574    34.8046    27.6382 0.0000e+00
       3608    461.624     3.9284   3.253558    34.8047    27.6383 0.0000e+00
       3609    461.371     3.9284   3.253541    34.8046    27.6382 0.0000e+00
       3610    461.118     3.9284   3.253525    34.8046    27.6382 0.0000e+00
       3611    460.867     3.9284   3.253504    34.8044    27.6381 0.0000e+00
       3612    460.613     3.9284   3.253479    34.8043    27.6380 0.0000e+00
       3613    460.349     3.9284   3.253462    34.8042    27.6379 0.0000e+00
       3614    460.077     3.9285   3.253457    34.8042    27.6379 0.0000e+00
       3615    459.803     3.9287   3.253455    34.8041    27.6378 0.0000e+00
       3616    459.532     3.9287   3.253448    34.8042    27.6378 0.0000e+00
       3617    459.262     3.9287   3.253438    34.8042    27.6379 0.0000e+00
       3618    458.993     3.9287   3.253426    34.8042    27.6379 0.0000e+00
       3619    458.730     3.9288   3.253416    34.8041    27.6378 0.0000e+00
       3620    458.470     3.9288   3.253412    34.8042    27.6379 0.0000e+00
       3621    458.210     3.9291   3.253423    34.8042    27.6378 0.0000e+00
       3622    457.941     3.9295   3.253442    34.8041    27.6377 0.0000e+00
       3623    457.657     3.9298   3.253450    34.8040    27.6376 0.0000e+00
       3624    457.365     3.9299   3.253432    34.8039    27.6375 0.0000e+00
       3625    457.074     3.9298   3.253395    34.8037    27.6373 0.0000e+00
       3626    456.784     3.9295   3.253363    34.8038    27.6374 0.0000e+00
       3627    456.491     3.9293   3.253338    34.8038    27.6375 0.0000e+00
       3628    456.196     3.9291   3.253313    34.8039    27.6376 0.0000e+00
       3629    455.902     3.9290   3.253287    34.8039    27.6376 0.0000e+00
       3630    455.609     3.9289   3.253270    34.8039    27.6376 0.0000e+00
       3631    455.315     3.9291   3.253267    34.8038    27.6375 0.0000e+00
       3632    455.020     3.9293   3.253286    34.8040    27.6376 0.0000e+00
       3633    454.720     3.9297   3.253310    34.8040    27.6376 0.0000e+00
       3634    454.411     3.9300   3.253308    34.8039    27.6375 0.0000e+00
       3635    454.095     3.9300   3.253276    34.8036    27.6373 0.0000e+00
       3636    453.779     3.9298   3.253236    34.8035    27.6372 0.0000e+00
       3637    453.467     3.9295   3.253197    34.8036    27.6373 0.0000e+00
       3638    453.156     3.9291   3.253164    34.8038    27.6375 0.0000e+00
       3639    452.843     3.9289   3.253136    34.8038    27.6375 0.0000e+00
       3640    452.527     3.9288   3.253116    34.8038    27.6376 0.0000e+00
       3641    452.214     3.9288   3.253098    34.8038    27.6375 0.0000e+00
       3642    451.903     3.9288   3.253086    34.8038    27.6375 0.0000e+00
       3643    451.590     3.9290   3.253078    34.8037    27.6374 0.0000e+00
       3644    451.274     3.9291   3.253065    34.8036    27.6373 0.0000e+00
       3645    450.952     3.9290   3.253046    34.8036    27.6374 0.0000e+00
       3646    450.627     3.9289   3.253040    34.8039    27.6376 0.0000e+00
       3647    450.301     3.9291   3.253055    34.8040    27.6377 0.0000e+00
       3648    449.972     3.9295   3.253076    34.8040    27.6376 0.0000e+00
       3649    449.639     3.9298   3.253071    34.8038    27.6374 0.0000e+00
       3650    449.302     3.9299   3.253032    34.8034    27.6371 0.0000e+00
       3651    448.962     3.9297   3.252984    34.8032    27.6370 0.0000e+00
       3652    448.620     3.9293   3.252947    34.8034    27.6372 0.0000e+00
       3653    448.274     3.9291   3.252926    34.8035    27.6373 0.0000e+00
       3654    447.921     3.9291   3.252917    34.8036    27.6374 0.0000e+00
       3655    447.557     3.9291   3.252908    34.8037    27.6374 0.0000e+00
       3656    447.190     3.9291   3.252895    34.8037    27.6375 0.0000e+00
       3657    446.828     3.9291   3.252879    34.8037    27.6375 0.0000e+00
       3658    446.470     3.9291   3.252861    34.8037    27.6374 0.0000e+00
       3659    446.114     3.9291   3.252839    34.8037    27.6374 0.0000e+00
       3660    445.757     3.9292   3.252833    34.8037    27.6374 0.0000e+00
       3661    445.398     3.9295   3.252846    34.8037    27.6374 0.0000e+00
       3662    445.037     3.9299   3.252860    34.8036    27.6373 0.0000e+00
       3663    444.673     3.9301   3.252861    34.8036    27.6373 0.0000e+00
       3664    444.303     3.9302   3.252854    34.8036    27.6372 0.0000e+00
       3665    443.926     3.9302   3.252840    34.8037    27.6373 0.0000e+00
       3666    443.543     3.9302   3.252818    34.8036    27.6372 0.0000e+00
       3667    443.156     3.9301   3.252795    34.8036    27.6373 0.0000e+00
       3668    442.767     3.9299   3.252765    34.8037    27.6373 0.0000e+00
       3669    442.379     3.9299   3.252729    34.8035    27.6372 0.0000e+00
       3670    441.992     3.9299   3.252694    34.8033    27.6370 0.0000e+00
       3671    441.604     3.9297   3.252658    34.8033    27.6370 0.0000e+00
       3672    441.216     3.9294   3.252628    34.8034    27.6372 0.0000e+00
       3673    440.829     3.9293   3.252611    34.8035    27.6373 0.0000e+00
       3674    440.438     3.9293   3.252599    34.8036    27.6373 0.0000e+00
       3675    440.041     3.9293   3.252585    34.8037    27.6374 0.0000e+00
       3676    439.641     3.9293   3.252566    34.8036    27.6374 0.0000e+00
       3677    439.240     3.9293   3.252549    34.8037    27.6374 0.0000e+00
       3678    438.839     3.9295   3.252539    34.8035    27.6372 0.0000e+00
       3679    438.436     3.9298   3.252528    34.8033    27.6370 0.0000e+00
       3680    438.028     3.9298   3.252509    34.8033    27.6370 0.0000e+00
       3681    437.617     3.9298   3.252485    34.8032    27.6370 0.0000e+00
       3682    437.208     3.9299   3.252472    34.8032    27.6369 0.0000e+00
       3683    436.801     3.9300   3.252478    34.8034    27.6371 0.0000e+00
       3684    436.391     3.9302   3.252487    34.8035    27.6371 0.0000e+00
       3685    435.979     3.9305   3.252482    34.8033    27.6370 0.0000e+00
       3686    435.566     3.9307   3.252471    34.8032    27.6369 0.0000e+00
       3687    435.153     3.9308   3.252462    34.8032    27.6368 0.0000e+00
       3688    434.739     3.9310   3.252457    34.8032    27.6368 0.0000e+00
       3689    434.320     3.9310   3.252452    34.8033    27.6369 0.0000e+00
       3690    433.897     3.9312   3.252440    34.8032    27.6368 0.0000e+00
       3691    433.473     3.9314   3.252425    34.8030    27.6366 0.0000e+00
       3692    433.050     3.9314   3.252404    34.8030    27.6366 0.0000e+00
