Datasets/Multi_Species/TEL214/tel214_2020_027.cnv
* Sea-Bird SBE19plus Data File:
* Filename = C:/AQUIRE/tel214_2020_027.hex
* Software Version AquireV2 AF V2.0
* Temperature SN =  7853
* Conductivity SN =  7853
* System UpLoad Time = Nov 14 2020 23:46:46
* <ApplicationData>
* <AQUIREV2>
** VESSEL/TRIP/SEQ STN: tel214_2020_027
** LATITUDE: 53 33.33 N
** LONGITUDE: 52 28.01 W
** DATE/TIME: 2020-11-14 22:21
** SOUNDING DEPTH (M): 0464
** PROBE TYPE: S7853
** CTD NUMBER: 027
** COMMENTS: 
# nquan = 7                                 
# nvalues = 4954                        
# units = specified
# name 0 = scan: Scan Count
# name 1 = prdM: Pressure, Strain Gauge [db]
# name 2 = tv290C: Temperature [ITS-90, deg C]
# name 3 = c0S/m: Conductivity [S/m]
# name 4 = sal00: Salinity, Practical [PSU]
# name 5 = sigma-t00: Density [sigma-t, kg/m^3 ]
# name 6 = flag: flag
# span 0 =          1,       4954       
# span 1 =     -1.092,    465.984       
# span 2 =     0.3270,     4.0926       
# span 3 =   0.000090,   3.261839       
# span 4 =    -0.0012,    34.8099       
# span 5 =    -0.1362,    27.6449       
# span 6 = 0.0000e+00, 0.0000e+00       
# interval = seconds: 1
# start_time = Nov 14 2020 22:21:23 [Instrument's time stamp, header]
# bad_flag = -9.990e-29
*END*
[from data line 3693]
       3694    432.200     3.9312   3.252362    34.8032    27.6368 0.0000e+00
       3695    431.768     3.9312   3.252342    34.8032    27.6368 0.0000e+00
       3696    431.332     3.9313   3.252327    34.8031    27.6367 0.0000e+00
       3697    430.891     3.9315   3.252324    34.8031    27.6367 0.0000e+00
       3698    430.447     3.9318   3.252336    34.8032    27.6367 0.0000e+00
       3699    430.003     3.9322   3.252362    34.8033    27.6368 0.0000e+00
       3700    429.560     3.9327   3.252390    34.8033    27.6367 0.0000e+00
       3701    429.118     3.9330   3.252400    34.8033    27.6367 0.0000e+00
       3702    428.672     3.9333   3.252384    34.8031    27.6365 0.0000e+00
       3703    428.221     3.9331   3.252351    34.8031    27.6366 0.0000e+00
       3704    427.768     3.9329   3.252303    34.8030    27.6365 0.0000e+00
       3705    427.314     3.9327   3.252253    34.8029    27.6364 0.0000e+00
       3706    426.860     3.9326   3.252224    34.8029    27.6364 0.0000e+00
       3707    426.410     3.9326   3.252205    34.8029    27.6364 0.0000e+00
       3708    425.959     3.9326   3.252188    34.8029    27.6364 0.0000e+00
       3709    425.505     3.9328   3.252185    34.8029    27.6364 0.0000e+00
       3710    425.049     3.9330   3.252210    34.8033    27.6367 0.0000e+00
       3711    424.590     3.9334   3.252245    34.8035    27.6368 0.0000e+00
       3712    424.132     3.9339   3.252262    34.8034    27.6367 0.0000e+00
       3713    423.674     3.9343   3.252275    34.8034    27.6366 0.0000e+00
       3714    423.216     3.9348   3.252300    34.8034    27.6366 0.0000e+00
       3715    422.760     3.9352   3.252307    34.8033    27.6365 0.0000e+00
       3716    422.302     3.9355   3.252286    34.8030    27.6362 0.0000e+00
       3717    421.838     3.9356   3.252268    34.8029    27.6361 0.0000e+00
       3718    421.373     3.9357   3.252257    34.8029    27.6361 0.0000e+00
       3719    420.912     3.9357   3.252221    34.8027    27.6360 0.0000e+00
       3720    420.456     3.9353   3.252146    34.8025    27.6358 0.0000e+00
       3721    419.999     3.9347   3.252065    34.8024    27.6358 0.0000e+00
       3722    419.537     3.9342   3.252008    34.8025    27.6360 0.0000e+00
       3723    419.067     3.9339   3.251961    34.8025    27.6360 0.0000e+00
       3724    418.590     3.9337   3.251911    34.8024    27.6359 0.0000e+00
       3725    418.105     3.9334   3.251876    34.8026    27.6361 0.0000e+00
       3726    417.614     3.9336   3.251904    34.8029    27.6364 0.0000e+00
       3727    417.127     3.9346   3.252015    34.8035    27.6367 0.0000e+00
       3728    416.652     3.9360   3.252133    34.8036    27.6367 0.0000e+00
       3729    416.189     3.9372   3.252183    34.8032    27.6362 0.0000e+00
       3730    415.736     3.9378   3.252181    34.8028    27.6358 0.0000e+00
       3731    415.288     3.9379   3.252156    34.8026    27.6357 0.0000e+00
       3732    414.830     3.9380   3.252142    34.8026    27.6356 0.0000e+00
       3733    414.354     3.9386   3.252213    34.8031    27.6359 0.0000e+00
       3734    413.863     3.9397   3.252323    34.8035    27.6361 0.0000e+00
       3735    413.365     3.9405   3.252315    34.8028    27.6355 0.0000e+00
       3736    412.866     3.9402   3.252207    34.8021    27.6350 0.0000e+00
       3737    412.371     3.9395   3.252136    34.8022    27.6352 0.0000e+00
       3738    411.881     3.9394   3.252141    34.8027    27.6355 0.0000e+00
       3739    411.392     3.9396   3.252161    34.8030    27.6357 0.0000e+00
       3740    410.902     3.9396   3.252118    34.8027    27.6355 0.0000e+00
       3741    410.411     3.9392   3.252016    34.8022    27.6352 0.0000e+00
       3742    409.913     3.9386   3.251925    34.8020    27.6351 0.0000e+00
       3743    409.403     3.9381   3.251871    34.8022    27.6353 0.0000e+00
       3744    408.876     3.9381   3.251880    34.8026    27.6356 0.0000e+00
       3745    408.334     3.9387   3.251933    34.8028    27.6357 0.0000e+00
       3746    407.786     3.9393   3.251971    34.8029    27.6358 0.0000e+00
       3747    407.243     3.9398   3.251993    34.8030    27.6357 0.0000e+00
       3748    406.714     3.9404   3.252020    34.8029    27.6356 0.0000e+00
       3749    406.199     3.9409   3.252043    34.8029    27.6356 0.0000e+00
       3750    405.691     3.9413   3.252060    34.8030    27.6356 0.0000e+00
       3751    405.186     3.9419   3.252102    34.8031    27.6356 0.0000e+00
       3752    404.678     3.9432   3.252251    34.8038    27.6360 0.0000e+00
       3753    404.163     3.9457   3.252530    34.8047    27.6365 0.0000e+00
       3754    403.637     3.9486   3.252799    34.8051    27.6365 0.0000e+00
       3755    403.098     3.9511   3.252940    34.8044    27.6357 0.0000e+00
       3756    402.552     3.9524   3.252972    34.8037    27.6350 0.0000e+00
       3757    402.001     3.9531   3.252982    34.8034    27.6347 0.0000e+00
       3758    401.451     3.9538   3.253026    34.8035    27.6347 0.0000e+00
       3759    400.905     3.9546   3.253073    34.8035    27.6346 0.0000e+00
       3760    400.361     3.9552   3.253097    34.8034    27.6345 0.0000e+00
       3761    399.813     3.9555   3.253103    34.8035    27.6345 0.0000e+00
       3762    399.256     3.9558   3.253103    34.8035    27.6345 0.0000e+00
       3763    398.692     3.9562   3.253113    34.8035    27.6344 0.0000e+00
       3764    398.121     3.9565   3.253104    34.8033    27.6343 0.0000e+00
       3765    397.543     3.9566   3.253057    34.8030    27.6340 0.0000e+00
       3766    396.958     3.9566   3.253032    34.8030    27.6340 0.0000e+00
       3767    396.368     3.9570   3.253089    34.8036    27.6344 0.0000e+00
       3768    395.781     3.9581   3.253212    34.8042    27.6348 0.0000e+00
       3769    395.200     3.9596   3.253306    34.8040    27.6345 0.0000e+00
       3770    394.624     3.9607   3.253325    34.8034    27.6339 0.0000e+00
       3771    394.049     3.9615   3.253355    34.8032    27.6336 0.0000e+00
       3772    393.471     3.9624   3.253475    34.8040    27.6342 0.0000e+00
       3773    392.884     3.9638   3.253630    34.8046    27.6346 0.0000e+00
       3774    392.290     3.9652   3.253686    34.8041    27.6340 0.0000e+00
       3775    391.690     3.9655   3.253599    34.8031    27.6332 0.0000e+00
       3776    391.084     3.9650   3.253483    34.8026    27.6328 0.0000e+00
       3777    390.473     3.9644   3.253418    34.8028    27.6330 0.0000e+00
       3778    389.864     3.9639   3.253354    34.8029    27.6331 0.0000e+00
       3779    389.258     3.9634   3.253276    34.8028    27.6331 0.0000e+00
       3780    388.653     3.9636   3.253306    34.8033    27.6335 0.0000e+00
       3781    388.047     3.9654   3.253581    34.8049    27.6346 0.0000e+00
       3782    387.436     3.9695   3.254106    34.8072    27.6360 0.0000e+00
       3783    386.817     3.9753   3.254705    34.8085    27.6364 0.0000e+00
       3784    386.195     3.9812   3.255203    34.8084    27.6358 0.0000e+00
       3785    385.573     3.9863   3.255523    34.8072    27.6342 0.0000e+00
       3786    384.948     3.9900   3.255520    34.8036    27.6310 0.0000e+00
       3787    384.316     3.9924   3.255474    34.8008    27.6285 0.0000e+00
       3788    383.674     3.9938   3.255744    34.8029    27.6300 0.0000e+00
       3789    383.021     3.9951   3.256043    34.8054    27.6319 0.0000e+00
       3790    382.364     3.9976   3.256344    34.8067    27.6326 0.0000e+00
       3791    381.709     4.0015   3.256750    34.8077    27.6331 0.0000e+00
       3792    381.061     4.0059   3.257107    34.8076    27.6325 0.0000e+00
       3793    380.419     4.0098   3.257377    34.8070    27.6317 0.0000e+00
       3794    379.771     4.0132   3.257622    34.8067    27.6310 0.0000e+00
       3795    379.113     4.0164   3.257906    34.8070    27.6310 0.0000e+00
       3796    378.449     4.0198   3.258220    34.8075    27.6310 0.0000e+00
       3797    377.777     4.0232   3.258532    34.8080    27.6310 0.0000e+00
       3798    377.094     4.0269   3.258816    34.8078    27.6305 0.0000e+00
       3799    376.400     4.0305   3.259073    34.8074    27.6298 0.0000e+00
       3800    375.704     4.0339   3.259320    34.8071    27.6292 0.0000e+00
       3801    375.020     4.0372   3.259584    34.8071    27.6288 0.0000e+00
       3802    374.354     4.0408   3.259872    34.8070    27.6284 0.0000e+00
       3803    373.696     4.0443   3.260111    34.8065    27.6276 0.0000e+00
       3804    373.029     4.0471   3.260313    34.8063    27.6272 0.0000e+00
       3805    372.342     4.0492   3.260576    34.8076    27.6280 0.0000e+00
       3806    371.641     4.0520   3.260873    34.8085    27.6284 0.0000e+00
       3807    370.944     4.0556   3.261098    34.8077    27.6274 0.0000e+00
       3808    370.262     4.0587   3.261229    34.8063    27.6260 0.0000e+00
       3809    369.586     4.0609   3.261275    34.8049    27.6246 0.0000e+00
       3810    368.903     4.0619   3.261267    34.8041    27.6239 0.0000e+00
       3811    368.209     4.0624   3.261255    34.8038    27.6236 0.0000e+00
       3812    367.507     4.0625   3.261239    34.8039    27.6237 0.0000e+00
       3813    366.797     4.0625   3.261175    34.8035    27.6234 0.0000e+00
       3814    366.078     4.0625   3.261049    34.8024    27.6225 0.0000e+00
       3815    365.354     4.0625   3.260930    34.8014    27.6217 0.0000e+00
       3816    364.630     4.0625   3.260849    34.8008    27.6212 0.0000e+00
       3817    363.903     4.0629   3.260788    34.8001    27.6206 0.0000e+00
       3818    363.176     4.0632   3.260748    34.7997    27.6202 0.0000e+00
       3819    362.450     4.0633   3.260718    34.7996    27.6201 0.0000e+00
       3820    361.725     4.0637   3.260677    34.7991    27.6197 0.0000e+00
       3821    360.990     4.0642   3.260656    34.7987    27.6193 0.0000e+00
       3822    360.240     4.0648   3.260691    34.7989    27.6194 0.0000e+00
       3823    359.476     4.0658   3.260757    34.7990    27.6194 0.0000e+00
       3824    358.706     4.0673   3.260845    34.7989    27.6191 0.0000e+00
       3825    357.938     4.0693   3.260942    34.7983    27.6185 0.0000e+00
       3826    357.170     4.0713   3.261053    34.7979    27.6180 0.0000e+00
       3827    356.401     4.0739   3.261221    34.7976    27.6174 0.0000e+00
       3828    355.634     4.0770   3.261402    34.7968    27.6165 0.0000e+00
       3829    354.870     4.0795   3.261511    34.7959    27.6155 0.0000e+00
       3830    354.108     4.0815   3.261588    34.7951    27.6146 0.0000e+00
       3831    353.347     4.0835   3.261684    34.7945    27.6140 0.0000e+00
       3832    352.588     4.0857   3.261767    34.7936    27.6130 0.0000e+00
       3833    351.831     4.0877   3.261820    34.7925    27.6119 0.0000e+00
       3834    351.070     4.0893   3.261839    34.7914    27.6109 0.0000e+00
       3835    350.297     4.0906   3.261828    34.7903    27.6099 0.0000e+00
       3836    349.508     4.0913   3.261801    34.7897    27.6093 0.0000e+00
       3837    348.706     4.0919   3.261760    34.7890    27.6087 0.0000e+00
       3838    347.899     4.0923   3.261701    34.7883    27.6081 0.0000e+00
       3839    347.103     4.0926   3.261623    34.7875    27.6074 0.0000e+00
       3840    346.330     4.0926   3.261533    34.7869    27.6069 0.0000e+00
       3841    345.579     4.0922   3.261407    34.7862    27.6064 0.0000e+00
       3842    344.831     4.0912   3.261151    34.7846    27.6053 0.0000e+00
       3843    344.066     4.0890   3.260722    34.7823    27.6037 0.0000e+00
       3844    343.285     4.0858   3.260201    34.7799    27.6021 0.0000e+00
       3845    342.492     4.0823   3.259714    34.7782    27.6012 0.0000e+00
       3846    341.696     4.0796   3.259359    34.7773    27.6007 0.0000e+00
       3847    340.904     4.0778   3.259137    34.7770    27.6007 0.0000e+00
       3848    340.111     4.0764   3.258978    34.7770    27.6008 0.0000e+00
       3849    339.315     4.0755   3.258839    34.7768    27.6007 0.0000e+00
       3850    338.518     4.0748   3.258731    34.7767    27.6007 0.0000e+00
       3851    337.723     4.0744   3.258689    34.7770    27.6010 0.0000e+00
       3852    336.926     4.0744   3.258699    34.7776    27.6014 0.0000e+00
       3853    336.125     4.0747   3.258718    34.7779    27.6017 0.0000e+00
       3854    335.317     4.0753   3.258727    34.7778    27.6015 0.0000e+00
       3855    334.503     4.0755   3.258683    34.7775    27.6013 0.0000e+00
       3856    333.679     4.0749   3.258529    34.7767    27.6007 0.0000e+00
       3857    332.849     4.0738   3.258315    34.7758    27.6001 0.0000e+00
       3858    332.024     4.0724   3.258108    34.7753    27.5998 0.0000e+00
       3859    331.211     4.0708   3.257841    34.7742    27.5992 0.0000e+00
       3860    330.414     4.0686   3.257501    34.7730    27.5984 0.0000e+00
       3861    329.629     4.0661   3.257157    34.7720    27.5979 0.0000e+00
       3862    328.849     4.0635   3.256815    34.7711    27.5974 0.0000e+00
       3863    328.072     4.0611   3.256524    34.7706    27.5973 0.0000e+00
       3864    327.296     4.0591   3.256329    34.7708    27.5977 0.0000e+00
       3865    326.520     4.0577   3.256166    34.7708    27.5978 0.0000e+00
       3866    325.749     4.0564   3.255983    34.7704    27.5976 0.0000e+00
       3867    324.986     4.0551   3.255810    34.7701    27.5975 0.0000e+00
       3868    324.237     4.0541   3.255671    34.7699    27.5975 0.0000e+00
       3869    323.507     4.0534   3.255560    34.7697    27.5974 0.0000e+00
       3870    322.792     4.0530   3.255485    34.7696    27.5974 0.0000e+00
       3871    322.083     4.0530   3.255473    34.7699    27.5976 0.0000e+00
       3872    321.376     4.0537   3.255519    34.7701    27.5977 0.0000e+00
       3873    320.673     4.0547   3.255581    34.7701    27.5976 0.0000e+00
       3874    319.975     4.0557   3.255618    34.7699    27.5973 0.0000e+00
       3875    319.284     4.0563   3.255618    34.7696    27.5970 0.0000e+00
       3876    318.601     4.0565   3.255582    34.7693    27.5968 0.0000e+00
       3877    317.928     4.0564   3.255521    34.7691    27.5966 0.0000e+00
       3878    317.263     4.0564   3.255455    34.7687    27.5963 0.0000e+00
       3879    316.612     4.0562   3.255396    34.7685    27.5962 0.0000e+00
       3880    315.981     4.0561   3.255343    34.7683    27.5960 0.0000e+00
       3881    315.372     4.0563   3.255268    34.7676    27.5954 0.0000e+00
       3882    314.777     4.0560   3.255120    34.7664    27.5945 0.0000e+00
       3883    314.189     4.0553   3.254901    34.7649    27.5934 0.0000e+00
       3884    313.595     4.0542   3.254648    34.7634    27.5923 0.0000e+00
       3885    312.986     4.0529   3.254376    34.7619    27.5912 0.0000e+00
       3886    312.370     4.0515   3.254108    34.7605    27.5903 0.0000e+00
       3887    311.757     4.0502   3.253901    34.7597    27.5898 0.0000e+00
       3888    311.159     4.0492   3.253774    34.7596    27.5898 0.0000e+00
       3889    310.585     4.0486   3.253693    34.7596    27.5899 0.0000e+00
       3890    310.034     4.0481   3.253630    34.7597    27.5900 0.0000e+00
       3891    309.502     4.0480   3.253579    34.7595    27.5898 0.0000e+00
       3892    308.987     4.0479   3.253526    34.7592    27.5896 0.0000e+00
       3893    308.480     4.0475   3.253468    34.7592    27.5897 0.0000e+00
       3894    307.970     4.0473   3.253410    34.7590    27.5895 0.0000e+00
       3895    307.453     4.0472   3.253345    34.7586    27.5892 0.0000e+00
       3896    306.932     4.0468   3.253274    34.7585    27.5892 0.0000e+00
       3897    306.408     4.0465   3.253209    34.7583    27.5891 0.0000e+00
