Datasets/Multi_Species/TEL214/tel214_2020_024.cnv
* Sea-Bird SBE19plus Data File:
* Filename = C:/AQUIRE/tel214_2020_024.hex
* Software Version AquireV2 AF V2.0
* Temperature SN =  7853
* Conductivity SN =  7853
* System UpLoad Time = Nov 14 2020 12:54:42
* <ApplicationData>
* <AQUIREV2>
** VESSEL/TRIP/SEQ STN: tel214_2020_024
** LATITUDE: 54 00.56 N
** LONGITUDE: 53 49.78 W
** DATE/TIME: 2020-11-14 11:51
** SOUNDING DEPTH (M): 0208
** PROBE TYPE: S7853
** CTD NUMBER:  24
** COMMENTS: 
# nquan = 7                                 
# nvalues = 3679                        
# units = specified
# name 0 = scan: Scan Count
# name 1 = prdM: Pressure, Strain Gauge [db]
# name 2 = tv290C: Temperature [ITS-90, deg C]
# name 3 = c0S/m: Conductivity [S/m]
# name 4 = sal00: Salinity, Practical [PSU]
# name 5 = sigma-t00: Density [sigma-t, kg/m^3 ]
# name 6 = flag: flag
# span 0 =          1,       3679       
# span 1 =     -1.080,    205.346       
# span 2 =    -1.4151,     3.2073       
# span 3 =   0.000055,   3.124016       
# span 4 =    -0.0026,    34.1531       
# span 5 =    -0.2721,    27.1908       
# span 6 = 0.0000e+00, 0.0000e+00       
# interval = seconds: 1
# start_time = Nov 14 2020 11:51:18 [Instrument's time stamp, header]
# bad_flag = -9.990e-29
*END*
[from data line 2872]
       2873    202.940     3.1965   3.122616    34.1472    27.1863 0.0000e+00
       2874    202.800     3.1958   3.122354    34.1448    27.1845 0.0000e+00
       2875    202.654     3.1936   3.122012    34.1431    27.1833 0.0000e+00
       2876    202.526     3.1920   3.121894    34.1434    27.1837 0.0000e+00
       2877    202.419     3.1920   3.122034    34.1452    27.1851 0.0000e+00
       2878    202.318     3.1919   3.121945    34.1442    27.1844 0.0000e+00
       2879    202.209     3.1887   3.121262    34.1394    27.1808 0.0000e+00
       2880    202.083     3.1838   3.120601    34.1366    27.1791 0.0000e+00
       2881    201.949     3.1801   3.120293    34.1369    27.1796 0.0000e+00
       2882    201.821     3.1772   3.119937    34.1357    27.1789 0.0000e+00
       2883    201.704     3.1728   3.119260    34.1322    27.1765 0.0000e+00
       2884    201.596     3.1667   3.118476    34.1292    27.1747 0.0000e+00
       2885    201.484     3.1620   3.118111    34.1298    27.1756 0.0000e+00
       2886    201.359     3.1607   3.118150    34.1317    27.1773 0.0000e+00
       2887    201.233     3.1597   3.117874    34.1295    27.1756 0.0000e+00
       2888    201.125     3.1513   3.116008    34.1158    27.1654 0.0000e+00
       2889    201.037     3.1315   3.112511    34.0943    27.1501 0.0000e+00
       2890    200.956     3.1132   3.110639    34.0909    27.1491 0.0000e+00
       2891    200.864     3.1086   3.111427    34.1054    27.1611 0.0000e+00
       2892    200.751     3.1113   3.112088    34.1106    27.1650 0.0000e+00
       2893    200.625     3.1123   3.112002    34.1086    27.1633 0.0000e+00
       2894    200.502     3.1101   3.111450    34.1043    27.1600 0.0000e+00
       2895    200.394     3.0995   3.109123    34.0873    27.1474 0.0000e+00
       2896    200.300     3.0671   3.102813    34.0449    27.1165 0.0000e+00
       2897    200.214     3.0069   3.093219    33.9917    27.0796 0.0000e+00
       2898    200.128     2.9398   3.085545    33.9690    27.0675 0.0000e+00
       2899    200.037     2.8941   3.082331    33.9781    27.0788 0.0000e+00
       2900    199.940     2.8742   3.081516    33.9892    27.0894 0.0000e+00
       2901    199.838     2.8678   3.081190    33.9920    27.0922 0.0000e+00
       2902    199.740     2.8640   3.080625    33.9892    27.0903 0.0000e+00
       2903    199.648     2.8577   3.079823    33.9861    27.0884 0.0000e+00
       2904    199.556     2.8516   3.079511    33.9888    27.0911 0.0000e+00
       2905    199.460     2.8503   3.079894    33.9949    27.0961 0.0000e+00
       2906    199.363     2.8525   3.080303    33.9976    27.0980 0.0000e+00
       2907    199.269     2.8540   3.080046    33.9929    27.0942 0.0000e+00
       2908    199.180     2.8506   3.079050    33.9844    27.0877 0.0000e+00
       2909    199.088     2.8425   3.077862    33.9785    27.0836 0.0000e+00
       2910    198.987     2.8336   3.077048    33.9780    27.0840 0.0000e+00
       2911    198.879     2.8272   3.076732    33.9810    27.0870 0.0000e+00
       2912    198.771     2.8237   3.076590    33.9830    27.0889 0.0000e+00
       2913    198.672     2.8224   3.076365    33.9817    27.0879 0.0000e+00
       2914    198.583     2.8214   3.076084    33.9793    27.0862 0.0000e+00
       2915    198.488     2.8201   3.075860    33.9780    27.0852 0.0000e+00
       2916    198.369     2.8191   3.075777    33.9781    27.0854 0.0000e+00
       2917    198.224     2.8186   3.075819    33.9793    27.0863 0.0000e+00
       2918    198.079     2.8188   3.075866    33.9797    27.0867 0.0000e+00
       2919    197.958     2.8204   3.075872    33.9781    27.0853 0.0000e+00
       2920    197.856     2.8234   3.075897    33.9753    27.0828 0.0000e+00
       2921    197.752     2.8262   3.075971    33.9733    27.0810 0.0000e+00
       2922    197.629     2.8276   3.076053    33.9729    27.0805 0.0000e+00
       2923    197.490     2.8284   3.076111    33.9729    27.0804 0.0000e+00
       2924    197.350     2.8299   3.076123    33.9715    27.0792 0.0000e+00
       2925    197.219     2.8326   3.076124    33.9687    27.0767 0.0000e+00
       2926    197.088     2.8356   3.076159    33.9661    27.0743 0.0000e+00
       2927    196.942     2.8376   3.076201    33.9646    27.0729 0.0000e+00
       2928    196.779     2.8382   3.076223    33.9643    27.0727 0.0000e+00
       2929    196.613     2.8381   3.076193    33.9641    27.0725 0.0000e+00
       2930    196.456     2.8381   3.076002    33.9619    27.0707 0.0000e+00
       2931    196.308     2.8373   3.075401    33.9554    27.0657 0.0000e+00
       2932    196.164     2.8339   3.074057    33.9427    27.0558 0.0000e+00
       2933    196.019     2.8245   3.071785    33.9249    27.0424 0.0000e+00
       2934    195.869     2.8085   3.069100    33.9090    27.0311 0.0000e+00
       2935    195.707     2.7919   3.067178    33.9031    27.0279 0.0000e+00
       2936    195.528     2.7809   3.066352    33.9047    27.0301 0.0000e+00
       2937    195.338     2.7754   3.065942    33.9056    27.0313 0.0000e+00
       2938    195.154     2.7713   3.065440    33.9039    27.0303 0.0000e+00
       2939    194.975     2.7663   3.064802    33.9015    27.0288 0.0000e+00
       2940    194.793     2.7611   3.064278    33.9006    27.0286 0.0000e+00
       2941    194.606     2.7573   3.063991    33.9012    27.0294 0.0000e+00
       2942    194.421     2.7546   3.063690    33.9005    27.0290 0.0000e+00
       2943    194.243     2.7503   3.062909    33.8956    27.0254 0.0000e+00
       2944    194.062     2.7396   3.061186    33.8858    27.0186 0.0000e+00
       2945    193.868     2.7224   3.058946    33.8767    27.0127 0.0000e+00
       2946    193.652     2.7056   3.057333    33.8747    27.0127 0.0000e+00
       2947    193.411     2.6948   3.056612    33.8774    27.0157 0.0000e+00
       2948    193.159     2.6887   3.056191    33.8788    27.0174 0.0000e+00
       2949    192.912     2.6837   3.055462    33.8753    27.0150 0.0000e+00
       2950    192.673     2.6725   3.053657    33.8651    27.0078 0.0000e+00
       2951    192.436     2.6515   3.050879    33.8533    27.0002 0.0000e+00
       2952    192.192     2.6281   3.048444    33.8483    26.9981 0.0000e+00
       2953    191.933     2.6110   3.046998    33.8487    26.9999 0.0000e+00
       2954    191.654     2.5999   3.046208    33.8509    27.0026 0.0000e+00
       2955    191.367     2.5910   3.045339    33.8497    27.0024 0.0000e+00
       2956    191.084     2.5778   3.043395    33.8399    26.9957 0.0000e+00
       2957    190.806     2.5555   3.040506    33.8281    26.9881 0.0000e+00
       2958    190.523     2.5313   3.038331    33.8270    26.9893 0.0000e+00
       2959    190.228     2.5158   3.037614    33.8348    26.9968 0.0000e+00
       2960    189.927     2.5099   3.037526    33.8401    27.0015 0.0000e+00
       2961    189.627     2.5081   3.037330    33.8397    27.0014 0.0000e+00
       2962    189.326     2.5058   3.036740    33.8351    26.9979 0.0000e+00
       2963    189.014     2.4990   3.035527    33.8275    26.9923 0.0000e+00
       2964    188.685     2.4867   3.033858    33.8201    26.9875 0.0000e+00
       2965    188.342     2.4730   3.032388    33.8166    26.9858 0.0000e+00
       2966    187.990     2.4628   3.031384    33.8152    26.9856 0.0000e+00
       2967    187.630     2.4550   3.030629    33.8144    26.9855 0.0000e+00
       2968    187.264     2.4482   3.030046    33.8146    26.9862 0.0000e+00
       2969    186.899     2.4436   3.029332    33.8108    26.9836 0.0000e+00
       2970    186.533     2.4325   3.027301    33.7977    26.9740 0.0000e+00
       2971    186.159     2.3992   3.022689    33.7761    26.9595 0.0000e+00
       2972    185.782     2.3497   3.017108    33.7597    26.9504 0.0000e+00
       2973    185.397     2.3095   3.013821    33.7618    26.9553 0.0000e+00
       2974    184.998     2.2893   3.012824    33.7711    26.9644 0.0000e+00
       2975    184.584     2.2799   3.012117    33.7725    26.9663 0.0000e+00
       2976    184.164     2.2695   3.010449    33.7630    26.9595 0.0000e+00
       2977    183.742     2.2514   3.007812    33.7497    26.9503 0.0000e+00
       2978    183.322     2.2296   3.005537    33.7449    26.9482 0.0000e+00
       2979    182.903     2.2135   3.004289    33.7467    26.9509 0.0000e+00
       2980    182.477     2.2052   3.003525    33.7462    26.9512 0.0000e+00
       2981    182.039     2.1991   3.002669    33.7423    26.9485 0.0000e+00
       2982    181.579     2.1886   3.000910    33.7318    26.9410 0.0000e+00
       2983    181.088     2.1700   2.997609    33.7108    26.9256 0.0000e+00
       2984    180.569     2.1445   2.993879    33.6917    26.9123 0.0000e+00
       2985    180.044     2.1185   2.991320    33.6877    26.9111 0.0000e+00
       2986    179.527     2.1002   2.990051    33.6916    26.9157 0.0000e+00
       2987    179.014     2.0909   2.989575    33.6958    26.9198 0.0000e+00
       2988    178.499     2.0873   2.989482    33.6987    26.9224 0.0000e+00
       2989    177.981     2.0862   2.989277    33.6976    26.9216 0.0000e+00
       2990    177.451     2.0834   2.988287    33.6886    26.9146 0.0000e+00
       2991    176.892     2.0712   2.985701    33.6696    26.9003 0.0000e+00
       2992    176.302     2.0466   2.981932    33.6490    26.8857 0.0000e+00
       2993    175.698     2.0196   2.978888    33.6400    26.8806 0.0000e+00
       2994    175.090     2.0006   2.977363    33.6414    26.8832 0.0000e+00
       2995    174.475     1.9886   2.976522    33.6440    26.8862 0.0000e+00
       2996    173.852     1.9797   2.975494    33.6410    26.8844 0.0000e+00
       2997    173.233     1.9710   2.974000    33.6319    26.8778 0.0000e+00
       2998    172.621     1.9591   2.972420    33.6251    26.8733 0.0000e+00
       2999    172.010     1.9452   2.971202    33.6249    26.8742 0.0000e+00
       3000    171.388     1.9326   2.970118    33.6251    26.8753 0.0000e+00
       3001    170.745     1.9197   2.968201    33.6152    26.8683 0.0000e+00
       3002    170.083     1.8996   2.965036    33.5973    26.8554 0.0000e+00
       3003    169.412     1.8733   2.962019    33.5878    26.8498 0.0000e+00
       3004    168.732     1.8515   2.960397    33.5910    26.8540 0.0000e+00
       3005    168.031     1.8394   2.959535    33.5934    26.8568 0.0000e+00
       3006    167.306     1.8319   2.958618    33.5903    26.8549 0.0000e+00
       3007    166.568     1.8248   2.957659    33.5862    26.8521 0.0000e+00
       3008    165.831     1.8188   2.956912    33.5836    26.8505 0.0000e+00
       3009    165.107     1.8151   2.956452    33.5822    26.8496 0.0000e+00
       3010    164.399     1.8130   2.956249    33.5822    26.8498 0.0000e+00
       3011    163.690     1.8118   2.956150    33.5827    26.8503 0.0000e+00
       3012    162.952     1.8115   2.955871    33.5799    26.8481 0.0000e+00
       3013    162.165     1.8105   2.955204    33.5730    26.8426 0.0000e+00
       3014    161.334     1.8060   2.953927    33.5622    26.8343 0.0000e+00
       3015    160.495     1.7974   2.952253    33.5508    26.8258 0.0000e+00
       3016    159.686     1.7886   2.950970    33.5445    26.8214 0.0000e+00
       3017    158.912     1.7833   2.950454    33.5441    26.8214 0.0000e+00
       3018    158.137     1.7814   2.950315    33.5448    26.8221 0.0000e+00
       3019    157.327     1.7803   2.949896    33.5412    26.8193 0.0000e+00
       3020    156.470     1.7761   2.948824    33.5326    26.8128 0.0000e+00
       3021    155.577     1.7666   2.947280    33.5238    26.8064 0.0000e+00
       3022    154.675     1.7553   2.945806    33.5178    26.8024 0.0000e+00
       3023    153.785     1.7466   2.944636    33.5128    26.7990 0.0000e+00
       3024    152.912     1.7401   2.943609    33.5073    26.7951 0.0000e+00
       3025    152.051     1.7343   2.942627    33.5016    26.7909 0.0000e+00
       3026    151.182     1.7295   2.941684    33.4953    26.7862 0.0000e+00
       3027    150.284     1.7266   2.940824    33.4881    26.7806 0.0000e+00
       3028    149.351     1.7262   2.940078    33.4796    26.7739 0.0000e+00
       3029    148.391     1.7283   2.939387    33.4693    26.7654 0.0000e+00
       3030    147.431     1.7308   2.938573    33.4569    26.7553 0.0000e+00
       3031    146.495     1.7313   2.937687    33.4457    26.7464 0.0000e+00
       3032    145.584     1.7290   2.936939    33.4393    26.7414 0.0000e+00
       3033    144.679     1.7251   2.936295    33.4358    26.7389 0.0000e+00
       3034    143.761     1.7184   2.935016    33.4274    26.7325 0.0000e+00
       3035    142.828     1.6999   2.931129    33.3986    26.7108 0.0000e+00
       3036    141.893     1.6625   2.924508    33.3553    26.6788 0.0000e+00
       3037    140.955     1.6164   2.918720    33.3317    26.6631 0.0000e+00
       3038    140.007     1.5804   2.915729    33.3326    26.6663 0.0000e+00
       3039    139.044     1.5591   2.913930    33.3330    26.6681 0.0000e+00
       3040    138.073     1.5431   2.911810    33.3237    26.6618 0.0000e+00
       3041    137.104     1.5257   2.909435    33.3126    26.6541 0.0000e+00
       3042    136.146     1.5086   2.907480    33.3066    26.6505 0.0000e+00
       3043    135.194     1.4945   2.906026    33.3037    26.6491 0.0000e+00
       3044    134.231     1.4817   2.904205    33.2947    26.6428 0.0000e+00
       3045    133.245     1.4659   2.901010    33.2716    26.6253 0.0000e+00
       3046    132.236     1.4434   2.896773    33.2423    26.6033 0.0000e+00
       3047    131.208     1.4175   2.893142    33.2243    26.5906 0.0000e+00
       3048    130.157     1.3950   2.890789    33.2189    26.5878 0.0000e+00
       3049    129.097     1.3752   2.888423    33.2104    26.5823 0.0000e+00
       3050    128.063     1.3504   2.884944    33.1931    26.5701 0.0000e+00
       3051    127.064     1.3205   2.881092    33.1764    26.5586 0.0000e+00
       3052    126.065     1.2935   2.877936    33.1654    26.5516 0.0000e+00
       3053    125.019     1.2700   2.874973    33.1532    26.5433 0.0000e+00
       3054    123.909     1.2397   2.870450    33.1283    26.5253 0.0000e+00
       3055    122.759     1.1990   2.864452    33.0956    26.5017 0.0000e+00
       3056    121.619     1.1600   2.859547    33.0750    26.4876 0.0000e+00
       3057    120.537     1.1349   2.856947    33.0690    26.4844 0.0000e+00
       3058    119.530     1.1222   2.855954    33.0704    26.4863 0.0000e+00
       3059    118.555     1.1168   2.855739    33.0739    26.4894 0.0000e+00
       3060    117.548     1.1149   2.855372    33.0718    26.4879 0.0000e+00
       3061    116.475     1.1095   2.854270    33.0640    26.4820 0.0000e+00
       3062    115.337     1.0974   2.852717    33.0576    26.4776 0.0000e+00
       3063    114.155     1.0805   2.850674    33.0501    26.4726 0.0000e+00
       3064    112.949     1.0591   2.847884    33.0378    26.4640 0.0000e+00
       3065    111.752     1.0341   2.844881    33.0265    26.4565 0.0000e+00
       3066    110.612     1.0106   2.842326    33.0193    26.4522 0.0000e+00
       3067    109.558     0.9916   2.840603    33.0180    26.4523 0.0000e+00
       3068    108.566     0.9785   2.839716    33.0210    26.4555 0.0000e+00
       3069    107.575     0.9722   2.839218    33.0219    26.4566 0.0000e+00
       3070    106.518     0.9708   2.838603    33.0161    26.4520 0.0000e+00
       3071    105.363     0.9688   2.837545    33.0053    26.4435 0.0000e+00
       3072    104.135     0.9629   2.836158    32.9945    26.4351 0.0000e+00
       3073    102.898     0.9555   2.834797    32.9855    26.4284 0.0000e+00
       3074    101.713     0.9498   2.833748    32.9788    26.4233 0.0000e+00
       3075    100.596     0.9465   2.833240    32.9764    26.4216 0.0000e+00
       3076     99.502     0.9464   2.833129    32.9757    26.4210 0.0000e+00
