Datasets/Multi_Species/TEL214/tel214_2020_037.cnv
* Sea-Bird SBE19plus Data File:
* Filename = C:/AQUIRE/tel214_2020_037.hex
* Software Version AquireV2 AF V2.0
* Temperature SN =  8014
* Conductivity SN =  8014
* System UpLoad Time = Nov 16 2020 10:42:01
* <ApplicationData>
* <AQUIREV2>
** VESSEL/TRIP/SEQ STN: tel214_2020_037
** LATITUDE: 52 21.43 N
** LONGITUDE: 51 20.27 W
** DATE/TIME: 2020-11-16 09:27
** SOUNDING DEPTH (M): 0388
** PROBE TYPE: S8014
** CTD NUMBER: 037
** COMMENTS: 
# nquan = 7                                 
# nvalues = 4157                        
# units = specified
# name 0 = scan: Scan Count
# name 1 = prdM: Pressure, Strain Gauge [db]
# name 2 = tv290C: Temperature [ITS-90, deg C]
# name 3 = c0S/m: Conductivity [S/m]
# name 4 = sal00: Salinity, Practical [PSU]
# name 5 = sigma-t00: Density [sigma-t, kg/m^3 ]
# name 6 = flag: flag
# span 0 =          1,       4157       
# span 1 =     -0.422,    391.287       
# span 2 =     0.2353,     3.7771       
# span 3 =  -0.035871,   3.230996       
# span 4 =    -0.0017,    34.7352       
# span 5 =    -0.1419,    27.5985       
# span 6 = 0.0000e+00, 0.0000e+00       
# interval = seconds: 1
# start_time = Nov 16 2020 09:27:16 [Instrument's time stamp, header]
# bad_flag = -9.990e-29
*END*
[from data line 206]
        207     -0.398     0.6876   0.000013    -0.0013    -0.1149 0.0000e+00
        208     -0.401     0.6877   0.000013    -0.0013    -0.1149 0.0000e+00
        209     -0.403     0.6878   0.000013    -0.0013    -0.1149 0.0000e+00
        210     -0.402     0.6879   0.000013    -0.0013    -0.1149 0.0000e+00
        211     -0.401     0.6881   0.000013    -0.0013    -0.1149 0.0000e+00
        212     -0.402     0.6882   0.000014    -0.0013    -0.1149 0.0000e+00
        213     -0.404     0.6882   0.000015    -0.0013    -0.1149 0.0000e+00
        214     -0.405     0.6883   0.000015    -0.0013    -0.1149 0.0000e+00
        215     -0.405     0.6883   0.000015    -0.0013    -0.1149 0.0000e+00
        216     -0.405     0.6884   0.000014    -0.0013    -0.1149 0.0000e+00
        217     -0.404     0.6884   0.000013    -0.0013    -0.1149 0.0000e+00
        218     -0.402     0.6884   0.000013    -0.0013    -0.1149 0.0000e+00
        219     -0.401     0.6884   0.000013    -0.0013    -0.1149 0.0000e+00
        220     -0.402     0.6884   0.000013    -0.0013    -0.1149 0.0000e+00
        221     -0.402     0.6884   0.000012    -0.0013    -0.1149 0.0000e+00
        222     -0.401     0.6884   0.000011    -0.0013    -0.1149 0.0000e+00
        223     -0.402     0.6884   0.000012    -0.0013    -0.1149 0.0000e+00
        224     -0.404     0.6884   0.000012    -0.0013    -0.1149 0.0000e+00
        225     -0.404     0.6884   0.000012    -0.0013    -0.1149 0.0000e+00
        226     -0.404     0.6884   0.000012    -0.0013    -0.1149 0.0000e+00
        227     -0.401     0.6884   0.000011    -0.0013    -0.1149 0.0000e+00
        228     -0.398     0.6883   0.000011    -0.0013    -0.1149 0.0000e+00
        229     -0.396     0.6882   0.000011    -0.0013    -0.1149 0.0000e+00
        230     -0.398     0.6882   0.000011    -0.0013    -0.1149 0.0000e+00
        231     -0.402     0.6880   0.000010    -0.0013    -0.1149 0.0000e+00
        232     -0.404     0.6879   0.000010    -0.0013    -0.1149 0.0000e+00
        233     -0.406     0.6878   0.000010    -0.0013    -0.1149 0.0000e+00
        234     -0.407     0.6878   0.000010    -0.0013    -0.1149 0.0000e+00
        235     -0.403     0.6877   0.000010    -0.0013    -0.1149 0.0000e+00
        236     -0.397     0.6876   0.000011    -0.0013    -0.1149 0.0000e+00
        237     -0.395     0.6875   0.000010    -0.0013    -0.1150 0.0000e+00
        238     -0.397     0.6875   0.000010    -0.0013    -0.1150 0.0000e+00
        239     -0.399     0.6874   0.000008    -0.0014    -0.1150 0.0000e+00
        240     -0.401     0.6873   0.000009    -0.0014    -0.1150 0.0000e+00
        241     -0.401     0.6872   0.000009    -0.0014    -0.1150 0.0000e+00
        242     -0.398     0.6871   0.000009    -0.0014    -0.1150 0.0000e+00
        243     -0.398     0.6869   0.000009    -0.0014    -0.1150 0.0000e+00
        244     -0.399     0.6867   0.000008    -0.0014    -0.1150 0.0000e+00
        245     -0.400     0.6865   0.000008    -0.0014    -0.1150 0.0000e+00
        246     -0.402     0.6865   0.000009    -0.0014    -0.1150 0.0000e+00
        247     -0.403     0.6865   0.000010    -0.0014    -0.1150 0.0000e+00
        248     -0.401     0.6864   0.000009    -0.0014    -0.1150 0.0000e+00
        249     -0.397     0.6863   0.000008    -0.0014    -0.1150 0.0000e+00
        250     -0.393     0.6861   0.000009    -0.0014    -0.1150 0.0000e+00
        251     -0.392     0.6859   0.000009    -0.0014    -0.1150 0.0000e+00
        252     -0.397     0.6857   0.000008    -0.0014    -0.1151 0.0000e+00
        253     -0.402     0.6855   0.000008    -0.0014    -0.1151 0.0000e+00
        254     -0.402     0.6855   0.000009    -0.0014    -0.1151 0.0000e+00
        255     -0.403     0.6854   0.000008    -0.0014    -0.1151 0.0000e+00
        256     -0.403     0.6852   0.000007    -0.0014    -0.1151 0.0000e+00
        257     -0.401     0.6850   0.000009    -0.0014    -0.1151 0.0000e+00
        258     -0.396     0.6848   0.000010    -0.0014    -0.1151 0.0000e+00
        259     -0.394     0.6846   0.000009    -0.0014    -0.1151 0.0000e+00
        260     -0.396     0.6845   0.000008    -0.0014    -0.1151 0.0000e+00
        261     -0.397     0.6844   0.000007    -0.0014    -0.1151 0.0000e+00
        262     -0.398     0.6843  -0.001880     0.0000    -0.1151 0.0000e+00
        263     -0.401     0.6842  -0.020748     0.0000    -0.1151 0.0000e+00
        264     -0.401     0.6840  -0.035845     0.0000    -0.1151 0.0000e+00
        265     -0.398     0.6838  -0.016977     0.0000    -0.1152 0.0000e+00
        266     -0.397     0.6836   0.000007    -0.0014    -0.1152 0.0000e+00
        267     -0.398     0.6835   0.000007    -0.0014    -0.1152 0.0000e+00
        268     -0.398     0.6833   0.000007    -0.0014    -0.1152 0.0000e+00
        269     -0.399     0.6831   0.000008    -0.0014    -0.1152 0.0000e+00
        270     -0.403     0.6829   0.000008    -0.0014    -0.1152 0.0000e+00
        271     -0.407     0.6827   0.000009    -0.0014    -0.1152 0.0000e+00
        272     -0.409     0.6826   0.000008    -0.0014    -0.1152 0.0000e+00
        273     -0.408     0.6825   0.000008    -0.0014    -0.1152 0.0000e+00
        274     -0.406     0.6823   0.000008    -0.0014    -0.1152 0.0000e+00
        275     -0.405     0.6821   0.000007    -0.0014    -0.1153 0.0000e+00
        276     -0.404     0.6818   0.000006    -0.0014    -0.1153 0.0000e+00
        277     -0.402     0.6816   0.000005    -0.0014    -0.1153 0.0000e+00
        278     -0.401     0.6815  -0.001881     0.0000    -0.1153 0.0000e+00
        279     -0.402     0.6814  -0.020751     0.0000    -0.1153 0.0000e+00
        280     -0.403     0.6812  -0.035847     0.0000    -0.1153 0.0000e+00
        281     -0.401     0.6809  -0.016979     0.0000    -0.1153 0.0000e+00
        282     -0.398     0.6807   0.000004    -0.0014    -0.1153 0.0000e+00
        283     -0.398     0.6805   0.000006    -0.0014    -0.1153 0.0000e+00
        284     -0.401     0.6804   0.000007    -0.0014    -0.1153 0.0000e+00
        285     -0.403     0.6802   0.000007    -0.0014    -0.1154 0.0000e+00
        286     -0.402     0.6800   0.000007    -0.0014    -0.1154 0.0000e+00
        287     -0.401     0.6797   0.000006    -0.0014    -0.1154 0.0000e+00
        288     -0.402     0.6795   0.000006    -0.0014    -0.1154 0.0000e+00
        289     -0.404     0.6793   0.000006    -0.0014    -0.1154 0.0000e+00
        290     -0.405     0.6791   0.000006    -0.0014    -0.1154 0.0000e+00
        291     -0.405     0.6789   0.000005    -0.0014    -0.1154 0.0000e+00
        292     -0.405     0.6787   0.000005    -0.0014    -0.1154 0.0000e+00
        293     -0.404     0.6785   0.000005    -0.0014    -0.1155 0.0000e+00
        294     -0.402     0.6783   0.000005    -0.0014    -0.1155 0.0000e+00
        295     -0.401     0.6781   0.000006    -0.0014    -0.1155 0.0000e+00
        296     -0.403     0.6779   0.000006    -0.0014    -0.1155 0.0000e+00
        297     -0.406     0.6776   0.000006    -0.0014    -0.1155 0.0000e+00
        298     -0.406     0.6774   0.000005    -0.0014    -0.1155 0.0000e+00
        299     -0.403     0.6772   0.000005    -0.0014    -0.1155 0.0000e+00
        300     -0.401     0.6770   0.000006    -0.0014    -0.1155 0.0000e+00
        301     -0.401     0.6768   0.000006    -0.0014    -0.1156 0.0000e+00
        302     -0.401     0.6766   0.000006    -0.0014    -0.1156 0.0000e+00
        303     -0.401     0.6765   0.000006    -0.0014    -0.1156 0.0000e+00
        304     -0.400     0.6763   0.000007    -0.0014    -0.1156 0.0000e+00
        305     -0.400     0.6761   0.000006    -0.0014    -0.1156 0.0000e+00
        306     -0.399     0.6759   0.000006    -0.0014    -0.1156 0.0000e+00
        307     -0.401     0.6757   0.000007    -0.0014    -0.1156 0.0000e+00
        308     -0.405     0.6755   0.000007    -0.0014    -0.1156 0.0000e+00
        309     -0.404     0.6754   0.000007    -0.0014    -0.1156 0.0000e+00
        310     -0.401     0.6753   0.000006    -0.0014    -0.1156 0.0000e+00
        311     -0.401     0.6751   0.000007    -0.0014    -0.1156 0.0000e+00
        312     -0.401     0.6749   0.000007    -0.0014    -0.1157 0.0000e+00
        313     -0.399     0.6747   0.000007    -0.0014    -0.1157 0.0000e+00
        314     -0.399     0.6745   0.000008    -0.0014    -0.1157 0.0000e+00
        315     -0.402     0.6744   0.000009    -0.0014    -0.1157 0.0000e+00
        316     -0.404     0.6742   0.000009    -0.0014    -0.1157 0.0000e+00
        317     -0.405     0.6741   0.000009    -0.0014    -0.1157 0.0000e+00
        318     -0.405     0.6739   0.000008    -0.0014    -0.1157 0.0000e+00
        319     -0.404     0.6737   0.000007    -0.0014    -0.1157 0.0000e+00
        320     -0.402     0.6735   0.000007    -0.0014    -0.1157 0.0000e+00
        321     -0.400     0.6734   0.000008    -0.0014    -0.1157 0.0000e+00
        322     -0.399     0.6734   0.000009    -0.0014    -0.1157 0.0000e+00
        323     -0.398     0.6732   0.000008    -0.0014    -0.1158 0.0000e+00
        324     -0.397     0.6730   0.000007    -0.0014    -0.1158 0.0000e+00
        325     -0.398     0.6728   0.000008    -0.0014    -0.1158 0.0000e+00
        326     -0.399     0.6726   0.000009    -0.0014    -0.1158 0.0000e+00
        327     -0.398     0.6725   0.000009    -0.0014    -0.1158 0.0000e+00
        328     -0.397     0.6724   0.000009    -0.0014    -0.1158 0.0000e+00
        329     -0.398     0.6724   0.000008    -0.0014    -0.1158 0.0000e+00
        330     -0.398     0.6724   0.000009    -0.0014    -0.1158 0.0000e+00
        331     -0.398     0.6723   0.000009    -0.0014    -0.1158 0.0000e+00
        332     -0.400     0.6722   0.000009    -0.0014    -0.1158 0.0000e+00
        333     -0.400     0.6721   0.000010    -0.0014    -0.1158 0.0000e+00
        334     -0.400     0.6719   0.000010    -0.0014    -0.1158 0.0000e+00
        335     -0.401     0.6717   0.000009    -0.0014    -0.1158 0.0000e+00
        336     -0.402     0.6715   0.000009    -0.0014    -0.1158 0.0000e+00
        337     -0.404     0.6714   0.000009    -0.0014    -0.1159 0.0000e+00
        338     -0.404     0.6714   0.000009    -0.0014    -0.1159 0.0000e+00
        339     -0.404     0.6714   0.000009    -0.0014    -0.1159 0.0000e+00
        340     -0.402     0.6713   0.000009    -0.0014    -0.1159 0.0000e+00
        341     -0.399     0.6713   0.000008    -0.0014    -0.1159 0.0000e+00
        342     -0.399     0.6712   0.000009    -0.0014    -0.1159 0.0000e+00
        343     -0.401     0.6711   0.000009    -0.0014    -0.1159 0.0000e+00
        344     -0.401     0.6711   0.000010    -0.0014    -0.1159 0.0000e+00
        345     -0.399     0.6709   0.000008    -0.0014    -0.1159 0.0000e+00
        346     -0.399     0.6707   0.000008    -0.0014    -0.1159 0.0000e+00
        347     -0.400     0.6707   0.000008    -0.0014    -0.1159 0.0000e+00
        348     -0.401     0.6706   0.000009    -0.0014    -0.1159 0.0000e+00
        349     -0.403     0.6705   0.000010    -0.0014    -0.1159 0.0000e+00
        350     -0.406     0.6705   0.000011    -0.0014    -0.1159 0.0000e+00
        351     -0.408     0.6705   0.000010    -0.0014    -0.1159 0.0000e+00
        352     -0.406     0.6704   0.000011    -0.0014    -0.1159 0.0000e+00
        353     -0.402     0.6704   0.000011    -0.0014    -0.1159 0.0000e+00
        354     -0.398     0.6704   0.000009    -0.0014    -0.1159 0.0000e+00
        355     -0.396     0.6704   0.000008    -0.0014    -0.1159 0.0000e+00
        356     -0.396     0.6704   0.000010    -0.0014    -0.1159 0.0000e+00
        357     -0.397     0.6704   0.000011    -0.0014    -0.1159 0.0000e+00
        358     -0.398     0.6703   0.000011    -0.0014    -0.1159 0.0000e+00
        359     -0.398     0.6703   0.000011    -0.0014    -0.1159 0.0000e+00
        360     -0.398     0.6703   0.000010    -0.0014    -0.1159 0.0000e+00
        361     -0.400     0.6703   0.000011    -0.0014    -0.1159 0.0000e+00
        362     -0.401     0.6703   0.000011    -0.0014    -0.1159 0.0000e+00
        363     -0.402     0.6703   0.000011    -0.0014    -0.1159 0.0000e+00
        364     -0.403     0.6703   0.000011    -0.0014    -0.1159 0.0000e+00
        365     -0.401     0.6703   0.000011    -0.0014    -0.1159 0.0000e+00
        366     -0.399     0.6704   0.000012    -0.0014    -0.1159 0.0000e+00
        367     -0.398     0.6704   0.000013    -0.0014    -0.1159 0.0000e+00
        368     -0.399     0.6704   0.000013    -0.0014    -0.1159 0.0000e+00
        369     -0.398     0.6704   0.000012    -0.0014    -0.1159 0.0000e+00
        370     -0.398     0.6704   0.000012    -0.0014    -0.1159 0.0000e+00
        371     -0.400     0.6704   0.000012    -0.0014    -0.1159 0.0000e+00
        372     -0.402     0.6704   0.000012    -0.0014    -0.1159 0.0000e+00
        373     -0.400     0.6704   0.000011    -0.0014    -0.1159 0.0000e+00
        374     -0.399     0.6704   0.000012    -0.0014    -0.1159 0.0000e+00
        375     -0.398     0.6704   0.000013    -0.0014    -0.1159 0.0000e+00
        376     -0.395     0.6705   0.000014    -0.0014    -0.1159 0.0000e+00
        377     -0.393     0.6706   0.000014    -0.0014    -0.1159 0.0000e+00
        378     -0.396     0.6706   0.000013    -0.0014    -0.1159 0.0000e+00
        379     -0.401     0.6707   0.000012    -0.0014    -0.1159 0.0000e+00
        380     -0.404     0.6707   0.000013    -0.0014    -0.1159 0.0000e+00
        381     -0.403     0.6707   0.000013    -0.0014    -0.1159 0.0000e+00
        382     -0.402     0.6707   0.000013    -0.0014    -0.1159 0.0000e+00
        383     -0.403     0.6709   0.000014    -0.0014    -0.1159 0.0000e+00
        384     -0.404     0.6710   0.000015    -0.0013    -0.1159 0.0000e+00
        385     -0.404     0.6711   0.000016    -0.0013    -0.1159 0.0000e+00
        386     -0.403     0.6712   0.000016    -0.0013    -0.1159 0.0000e+00
        387     -0.402     0.6712   0.000015    -0.0013    -0.1159 0.0000e+00
        388     -0.402     0.6712   0.000014    -0.0013    -0.1159 0.0000e+00
        389     -0.401     0.6713   0.000015    -0.0013    -0.1159 0.0000e+00
        390     -0.399     0.6714   0.000018    -0.0013    -0.1159 0.0000e+00
        391     -0.399     0.6714   0.000015    -0.0013    -0.1159 0.0000e+00
        392     -0.400     0.6714   0.000013    -0.0014    -0.1159 0.0000e+00
        393     -0.401     0.6714   0.000012    -0.0014    -0.1159 0.0000e+00
        394     -0.404     0.6715   0.000012    -0.0014    -0.1158 0.0000e+00
        395     -0.407     0.6715   0.000013    -0.0014    -0.1158 0.0000e+00
        396     -0.409     0.6715   0.000014    -0.0013    -0.1158 0.0000e+00
        397     -0.408     0.6717   0.000016    -0.0013    -0.1158 0.0000e+00
        398     -0.404     0.6719   0.000015    -0.0013    -0.1158 0.0000e+00
        399     -0.400     0.6720   0.000014    -0.0013    -0.1158 0.0000e+00
        400     -0.400     0.6721   0.000013    -0.0014    -0.1158 0.0000e+00
        401     -0.403     0.6722   0.000014    -0.0013    -0.1158 0.0000e+00
        402     -0.405     0.6723   0.000014    -0.0013    -0.1158 0.0000e+00
        403     -0.405     0.6723   0.000014    -0.0013    -0.1158 0.0000e+00
        404     -0.403     0.6724   0.000013    -0.0014    -0.1158 0.0000e+00
        405     -0.402     0.6724   0.000014    -0.0013    -0.1158 0.0000e+00
        406     -0.403     0.6724   0.000015    -0.0013    -0.1158 0.0000e+00
        407     -0.404     0.6724   0.000015    -0.0013    -0.1158 0.0000e+00
        408     -0.403     0.6725   0.000016    -0.0013    -0.1158 0.0000e+00
        409     -0.403     0.6725   0.000015    -0.0013    -0.1158 0.0000e+00
        410     -0.404     0.6726   0.000015    -0.0013    -0.1158 0.0000e+00
