Datasets/Multi_Species/TEL214/tel214_2020_013.cnv
* Sea-Bird SBE19plus Data File:
* Filename = C:/AQUIRE/tel214_2020_013.hex
* Software Version AquireV2 AF V2.0
* Temperature SN =  7853
* Conductivity SN =  7853
* System UpLoad Time = Nov 10 2020 02:43:05
* <ApplicationData>
* <AQUIREV2>
** VESSEL/TRIP/SEQ STN: tel214_2020_013
** LATITUDE: 54 57.51 N
** LONGITUDE: 54 04.10 W
** DATE/TIME: 2020-11-10 01:17
** SOUNDING DEPTH (M): 0458
** PROBE TYPE: S7853
** CTD NUMBER: 013
** COMMENTS: 
# nquan = 7                                 
# nvalues = 4976                        
# units = specified
# name 0 = scan: Scan Count
# name 1 = prdM: Pressure, Strain Gauge [db]
# name 2 = tv290C: Temperature [ITS-90, deg C]
# name 3 = c0S/m: Conductivity [S/m]
# name 4 = sal00: Salinity, Practical [PSU]
# name 5 = sigma-t00: Density [sigma-t, kg/m^3 ]
# name 6 = flag: flag
# span 0 =          1,       4976       
# span 1 =     -1.123,    454.419       
# span 2 =    -1.6656,     3.9406       
# span 3 =  -0.000266,   3.243802       
# span 4 =    -0.0026,    34.7227       
# span 5 =    -0.2963,    27.5760       
# span 6 = 0.0000e+00, 0.0000e+00       
# interval = seconds: 1
# start_time = Nov 10 2020 01:17:23 [Instrument's time stamp, header]
# bad_flag = -9.990e-29
*END*
[from data line 2462]
       2463    378.796     3.8937   3.239146    34.7142    27.5699 0.0000e+00
       2464    379.128     3.8940   3.239194    34.7143    27.5699 0.0000e+00
       2465    379.482     3.8941   3.239222    34.7144    27.5699 0.0000e+00
       2466    379.835     3.8941   3.239245    34.7144    27.5700 0.0000e+00
       2467    380.173     3.8941   3.239248    34.7143    27.5699 0.0000e+00
       2468    380.506     3.8939   3.239232    34.7141    27.5698 0.0000e+00
       2469    380.850     3.8935   3.239208    34.7141    27.5698 0.0000e+00
       2470    381.204     3.8929   3.239183    34.7142    27.5700 0.0000e+00
       2471    381.554     3.8926   3.239166    34.7142    27.5699 0.0000e+00
       2472    381.895     3.8923   3.239161    34.7143    27.5700 0.0000e+00
       2473    382.234     3.8921   3.239154    34.7142    27.5700 0.0000e+00
       2474    382.586     3.8918   3.239136    34.7141    27.5700 0.0000e+00
       2475    382.958     3.8914   3.239111    34.7140    27.5700 0.0000e+00
       2476    383.350     3.8908   3.239087    34.7142    27.5701 0.0000e+00
       2477    383.760     3.8904   3.239077    34.7143    27.5702 0.0000e+00
       2478    384.172     3.8901   3.239077    34.7144    27.5703 0.0000e+00
       2479    384.568     3.8899   3.239066    34.7142    27.5703 0.0000e+00
       2480    384.942     3.8896   3.239036    34.7140    27.5701 0.0000e+00
       2481    385.311     3.8891   3.239010    34.7140    27.5702 0.0000e+00
       2482    385.698     3.8887   3.238991    34.7140    27.5702 0.0000e+00
       2483    386.103     3.8880   3.238945    34.7140    27.5703 0.0000e+00
       2484    386.507     3.8872   3.238883    34.7139    27.5703 0.0000e+00
       2485    386.902     3.8865   3.238838    34.7139    27.5703 0.0000e+00
       2486    387.301     3.8860   3.238813    34.7139    27.5704 0.0000e+00
       2487    387.724     3.8857   3.238802    34.7139    27.5704 0.0000e+00
       2488    388.176     3.8853   3.238775    34.7137    27.5703 0.0000e+00
       2489    388.638     3.8845   3.238715    34.7136    27.5703 0.0000e+00
       2490    389.087     3.8835   3.238661    34.7138    27.5706 0.0000e+00
       2491    389.519     3.8827   3.238646    34.7142    27.5710 0.0000e+00
       2492    389.949     3.8823   3.238649    34.7144    27.5712 0.0000e+00
       2493    390.385     3.8820   3.238654    34.7146    27.5714 0.0000e+00
       2494    390.820     3.8816   3.238657    34.7148    27.5716 0.0000e+00
       2495    391.245     3.8813   3.238653    34.7149    27.5716 0.0000e+00
       2496    391.671     3.8810   3.238648    34.7149    27.5717 0.0000e+00
       2497    392.113     3.8808   3.238638    34.7147    27.5716 0.0000e+00
       2498    392.582     3.8804   3.238609    34.7146    27.5715 0.0000e+00
       2499    393.074     3.8798   3.238579    34.7146    27.5716 0.0000e+00
       2500    393.575     3.8790   3.238560    34.7149    27.5719 0.0000e+00
       2501    394.083     3.8784   3.238546    34.7151    27.5722 0.0000e+00
       2502    394.598     3.8780   3.238530    34.7151    27.5722 0.0000e+00
       2503    395.107     3.8773   3.238500    34.7152    27.5723 0.0000e+00
       2504    395.588     3.8765   3.238456    34.7153    27.5725 0.0000e+00
       2505    396.038     3.8760   3.238427    34.7152    27.5725 0.0000e+00
       2506    396.482     3.8757   3.238435    34.7154    27.5726 0.0000e+00
       2507    396.945     3.8757   3.238467    34.7155    27.5728 0.0000e+00
       2508    397.439     3.8757   3.238488    34.7155    27.5727 0.0000e+00
       2509    397.952     3.8756   3.238492    34.7154    27.5727 0.0000e+00
       2510    398.462     3.8753   3.238491    34.7154    27.5727 0.0000e+00
       2511    398.959     3.8750   3.238500    34.7156    27.5729 0.0000e+00
       2512    399.450     3.8748   3.238531    34.7159    27.5731 0.0000e+00
       2513    399.938     3.8750   3.238587    34.7161    27.5733 0.0000e+00
       2514    400.421     3.8753   3.238650    34.7163    27.5734 0.0000e+00
       2515    400.895     3.8756   3.238719    34.7165    27.5736 0.0000e+00
       2516    401.358     3.8758   3.238788    34.7169    27.5738 0.0000e+00
       2517    401.812     3.8762   3.238847    34.7169    27.5738 0.0000e+00
       2518    402.267     3.8765   3.238900    34.7170    27.5738 0.0000e+00
       2519    402.731     3.8767   3.238953    34.7172    27.5740 0.0000e+00
       2520    403.207     3.8769   3.239004    34.7173    27.5740 0.0000e+00
       2521    403.688     3.8773   3.239074    34.7175    27.5741 0.0000e+00
       2522    404.162     3.8781   3.239217    34.7181    27.5745 0.0000e+00
       2523    404.619     3.8793   3.239454    34.7194    27.5754 0.0000e+00
       2524    405.059     3.8811   3.239697    34.7201    27.5759 0.0000e+00
       2525    405.480     3.8827   3.239828    34.7198    27.5754 0.0000e+00
       2526    405.889     3.8836   3.239859    34.7190    27.5747 0.0000e+00
       2527    406.300     3.8838   3.239846    34.7184    27.5742 0.0000e+00
       2528    406.725     3.8836   3.239819    34.7180    27.5739 0.0000e+00
       2529    407.171     3.8832   3.239798    34.7180    27.5739 0.0000e+00
       2530    407.629     3.8828   3.239781    34.7179    27.5739 0.0000e+00
       2531    408.085     3.8824   3.239757    34.7178    27.5739 0.0000e+00
       2532    408.527     3.8820   3.239742    34.7179    27.5740 0.0000e+00
       2533    408.951     3.8817   3.239744    34.7180    27.5741 0.0000e+00
       2534    409.357     3.8815   3.239751    34.7180    27.5742 0.0000e+00
       2535    409.756     3.8815   3.239759    34.7179    27.5741 0.0000e+00
       2536    410.171     3.8815   3.239772    34.7179    27.5740 0.0000e+00
       2537    410.619     3.8814   3.239779    34.7178    27.5740 0.0000e+00
       2538    411.086     3.8812   3.239775    34.7177    27.5739 0.0000e+00
       2539    411.539     3.8809   3.239774    34.7178    27.5740 0.0000e+00
       2540    411.961     3.8807   3.239795    34.7180    27.5742 0.0000e+00
       2541    412.367     3.8807   3.239839    34.7183    27.5745 0.0000e+00
       2542    412.784     3.8808   3.239881    34.7185    27.5746 0.0000e+00
       2543    413.217     3.8810   3.239910    34.7184    27.5745 0.0000e+00
       2544    413.653     3.8811   3.239930    34.7183    27.5744 0.0000e+00
       2545    414.084     3.8811   3.239959    34.7184    27.5745 0.0000e+00
       2546    414.508     3.8813   3.240018    34.7187    27.5747 0.0000e+00
       2547    414.921     3.8817   3.240105    34.7191    27.5750 0.0000e+00
       2548    415.326     3.8823   3.240193    34.7193    27.5751 0.0000e+00
       2549    415.729     3.8829   3.240275    34.7194    27.5751 0.0000e+00
       2550    416.134     3.8834   3.240354    34.7196    27.5752 0.0000e+00
       2551    416.534     3.8838   3.240425    34.7198    27.5753 0.0000e+00
       2552    416.920     3.8844   3.240498    34.7198    27.5753 0.0000e+00
       2553    417.294     3.8849   3.240560    34.7198    27.5752 0.0000e+00
       2554    417.661     3.8852   3.240600    34.7198    27.5752 0.0000e+00
       2555    418.026     3.8854   3.240641    34.7199    27.5752 0.0000e+00
       2556    418.397     3.8857   3.240696    34.7200    27.5753 0.0000e+00
       2557    418.779     3.8863   3.240755    34.7199    27.5751 0.0000e+00
       2558    419.157     3.8866   3.240809    34.7200    27.5752 0.0000e+00
       2559    419.509     3.8869   3.240858    34.7201    27.5752 0.0000e+00
       2560    419.833     3.8872   3.240898    34.7201    27.5752 0.0000e+00
       2561    420.149     3.8875   3.240928    34.7199    27.5751 0.0000e+00
       2562    420.485     3.8876   3.240953    34.7200    27.5751 0.0000e+00
       2563    420.851     3.8876   3.240975    34.7200    27.5751 0.0000e+00
       2564    421.227     3.8876   3.240991    34.7200    27.5751 0.0000e+00
       2565    421.591     3.8877   3.241006    34.7199    27.5750 0.0000e+00
       2566    421.942     3.8879   3.241024    34.7197    27.5748 0.0000e+00
       2567    422.291     3.8879   3.241040    34.7197    27.5748 0.0000e+00
       2568    422.648     3.8879   3.241060    34.7198    27.5749 0.0000e+00
       2569    423.015     3.8879   3.241081    34.7198    27.5749 0.0000e+00
       2570    423.377     3.8880   3.241096    34.7197    27.5748 0.0000e+00
       2571    423.725     3.8880   3.241112    34.7197    27.5748 0.0000e+00
       2572    424.061     3.8880   3.241133    34.7198    27.5749 0.0000e+00
       2573    424.395     3.8880   3.241153    34.7198    27.5749 0.0000e+00
       2574    424.730     3.8880   3.241171    34.7199    27.5749 0.0000e+00
       2575    425.069     3.8881   3.241190    34.7198    27.5749 0.0000e+00
       2576    425.410     3.8882   3.241206    34.7197    27.5748 0.0000e+00
       2577    425.755     3.8882   3.241221    34.7197    27.5748 0.0000e+00
       2578    426.095     3.8882   3.241238    34.7197    27.5748 0.0000e+00
       2579    426.417     3.8882   3.241250    34.7197    27.5748 0.0000e+00
       2580    426.718     3.8881   3.241237    34.7195    27.5746 0.0000e+00
       2581    427.018     3.8879   3.241211    34.7192    27.5744 0.0000e+00
       2582    427.337     3.8876   3.241192    34.7192    27.5744 0.0000e+00
       2583    427.674     3.8873   3.241179    34.7191    27.5744 0.0000e+00
       2584    428.004     3.8871   3.241166    34.7190    27.5744 0.0000e+00
       2585    428.314     3.8868   3.241149    34.7190    27.5743 0.0000e+00
       2586    428.612     3.8865   3.241143    34.7191    27.5744 0.0000e+00
       2587    428.918     3.8864   3.241158    34.7192    27.5746 0.0000e+00
       2588    429.241     3.8864   3.241178    34.7192    27.5746 0.0000e+00
       2589    429.581     3.8865   3.241194    34.7191    27.5745 0.0000e+00
       2590    429.928     3.8865   3.241206    34.7191    27.5745 0.0000e+00
       2591    430.269     3.8864   3.241213    34.7191    27.5745 0.0000e+00
       2592    430.593     3.8862   3.241215    34.7192    27.5746 0.0000e+00
       2593    430.902     3.8861   3.241228    34.7193    27.5747 0.0000e+00
       2594    431.215     3.8863   3.241251    34.7192    27.5746 0.0000e+00
       2595    431.545     3.8863   3.241275    34.7193    27.5746 0.0000e+00
       2596    431.889     3.8863   3.241294    34.7193    27.5747 0.0000e+00
       2597    432.233     3.8864   3.241313    34.7193    27.5746 0.0000e+00
       2598    432.565     3.8865   3.241337    34.7193    27.5746 0.0000e+00
       2599    432.881     3.8865   3.241362    34.7194    27.5747 0.0000e+00
       2600    433.191     3.8865   3.241385    34.7195    27.5748 0.0000e+00
       2601    433.509     3.8866   3.241414    34.7196    27.5748 0.0000e+00
       2602    433.842     3.8868   3.241450    34.7196    27.5749 0.0000e+00
       2603    434.182     3.8870   3.241480    34.7196    27.5748 0.0000e+00
       2604    434.522     3.8872   3.241507    34.7195    27.5747 0.0000e+00
       2605    434.857     3.8872   3.241538    34.7197    27.5749 0.0000e+00
       2606    435.174     3.8874   3.241568    34.7197    27.5748 0.0000e+00
       2607    435.474     3.8876   3.241592    34.7196    27.5748 0.0000e+00
       2608    435.771     3.8878   3.241610    34.7194    27.5746 0.0000e+00
       2609    436.073     3.8878   3.241623    34.7194    27.5746 0.0000e+00
       2610    436.384     3.8878   3.241634    34.7194    27.5746 0.0000e+00
       2611    436.700     3.8878   3.241645    34.7193    27.5745 0.0000e+00
       2612    437.014     3.8876   3.241653    34.7195    27.5747 0.0000e+00
       2613    437.322     3.8876   3.241658    34.7194    27.5746 0.0000e+00
       2614    437.627     3.8875   3.241662    34.7194    27.5746 0.0000e+00
       2615    437.931     3.8873   3.241668    34.7195    27.5747 0.0000e+00
       2616    438.229     3.8872   3.241675    34.7195    27.5748 0.0000e+00
       2617    438.521     3.8872   3.241681    34.7194    27.5747 0.0000e+00
       2618    438.822     3.8872   3.241684    34.7193    27.5746 0.0000e+00
       2619    439.142     3.8872   3.241696    34.7193    27.5746 0.0000e+00
       2620    439.475     3.8872   3.241710    34.7193    27.5746 0.0000e+00
       2621    439.802     3.8872   3.241721    34.7192    27.5745 0.0000e+00
       2622    440.104     3.8872   3.241740    34.7193    27.5746 0.0000e+00
       2623    440.380     3.8873   3.241772    34.7194    27.5747 0.0000e+00
       2624    440.647     3.8875   3.241809    34.7195    27.5747 0.0000e+00
       2625    440.922     3.8876   3.241834    34.7196    27.5747 0.0000e+00
       2626    441.206     3.8877   3.241852    34.7195    27.5747 0.0000e+00
       2627    441.496     3.8879   3.241868    34.7193    27.5745 0.0000e+00
       2628    441.792     3.8879   3.241881    34.7193    27.5745 0.0000e+00
       2629    442.094     3.8879   3.241894    34.7193    27.5745 0.0000e+00
       2630    442.396     3.8879   3.241912    34.7194    27.5746 0.0000e+00
       2631    442.682     3.8880   3.241926    34.7193    27.5745 0.0000e+00
       2632    442.951     3.8880   3.241939    34.7193    27.5745 0.0000e+00
       2633    443.223     3.8880   3.241955    34.7194    27.5745 0.0000e+00
       2634    443.505     3.8879   3.241968    34.7195    27.5746 0.0000e+00
       2635    443.779     3.8880   3.241979    34.7193    27.5745 0.0000e+00
       2636    444.022     3.8880   3.242000    34.7195    27.5746 0.0000e+00
       2637    444.229     3.8881   3.242028    34.7196    27.5747 0.0000e+00
       2638    444.424     3.8883   3.242056    34.7196    27.5747 0.0000e+00
       2639    444.649     3.8884   3.242080    34.7197    27.5747 0.0000e+00
       2640    444.929     3.8885   3.242099    34.7196    27.5747 0.0000e+00
       2641    445.248     3.8887   3.242114    34.7194    27.5745 0.0000e+00
       2642    445.564     3.8887   3.242117    34.7193    27.5744 0.0000e+00
       2643    445.854     3.8884   3.242110    34.7194    27.5745 0.0000e+00
       2644    446.134     3.8883   3.242109    34.7193    27.5745 0.0000e+00
       2645    446.421     3.8883   3.242122    34.7193    27.5745 0.0000e+00
       2646    446.705     3.8884   3.242142    34.7193    27.5745 0.0000e+00
       2647    446.966     3.8884   3.242155    34.7193    27.5745 0.0000e+00
       2648    447.198     3.8883   3.242160    34.7194    27.5745 0.0000e+00
       2649    447.414     3.8882   3.242167    34.7194    27.5746 0.0000e+00
       2650    447.634     3.8882   3.242180    34.7195    27.5746 0.0000e+00
       2651    447.872     3.8882   3.242196    34.7195    27.5747 0.0000e+00
       2652    448.128     3.8882   3.242204    34.7195    27.5746 0.0000e+00
       2653    448.388     3.8880   3.242210    34.7196    27.5748 0.0000e+00
       2654    448.637     3.8881   3.242226    34.7196    27.5747 0.0000e+00
       2655    448.876     3.8882   3.242244    34.7196    27.5747 0.0000e+00
       2656    449.113     3.8882   3.242260    34.7196    27.5747 0.0000e+00
       2657    449.340     3.8882   3.242273    34.7197    27.5748 0.0000e+00
       2658    449.539     3.8882   3.242283    34.7197    27.5748 0.0000e+00
       2659    449.708     3.8883   3.242294    34.7196    27.5747 0.0000e+00
       2660    449.860     3.8884   3.242306    34.7196    27.5747 0.0000e+00
       2661    450.016     3.8884   3.242312    34.7196    27.5747 0.0000e+00
       2662    450.180     3.8884   3.242316    34.7195    27.5746 0.0000e+00
       2663    450.331     3.8884   3.242323    34.7195    27.5746 0.0000e+00
       2664    450.450     3.8884   3.242343    34.7197    27.5748 0.0000e+00
       2665    450.549     3.8885   3.242371    34.7199    27.5749 0.0000e+00
       2666    450.660     3.8887   3.242393    34.7199    27.5749 0.0000e+00
