Datasets/Multi_Species/TEL214/tel214_2020_010.cnv
* Sea-Bird SBE19plus Data File:
* Filename = C:/AQUIRE/tel214_2020_010.hex
* Software Version AquireV2 AF V2.0
* Temperature SN =  7853
* Conductivity SN =  7853
* System UpLoad Time = Nov 09 2020 14:58:55
* <ApplicationData>
* <AQUIREV2>
** VESSEL/TRIP/SEQ STN: tel214_2020_010
** LATITUDE: 54 58.53 N
** LONGITUDE: 55 13.34 W
** DATE/TIME: 2020-11-09 14:01
** SOUNDING DEPTH (M): 0247
** PROBE TYPE: S7853
** CTD NUMBER:  10
** COMMENTS: 
# nquan = 7                                 
# nvalues = 3285                        
# units = specified
# name 0 = scan: Scan Count
# name 1 = prdM: Pressure, Strain Gauge [db]
# name 2 = tv290C: Temperature [ITS-90, deg C]
# name 3 = c0S/m: Conductivity [S/m]
# name 4 = sal00: Salinity, Practical [PSU]
# name 5 = sigma-t00: Density [sigma-t, kg/m^3 ]
# name 6 = flag: flag
# span 0 =          1,       3285       
# span 1 =     -1.170,    242.922       
# span 2 =    -2.3942,     2.7249       
# span 3 =   0.000055,   3.077072       
# span 4 =    -0.0033,    34.0722       
# span 5 =    -0.3736,    27.1712       
# span 6 = 0.0000e+00, 0.0000e+00       
# interval = seconds: 1
# start_time = Nov 09 2020 14:01:10 [Instrument's time stamp, header]
# bad_flag = -9.990e-29
*END*
[from data line 2462]
       2463     78.957     0.9204   2.812271    32.7470    26.2387 0.0000e+00
       2464     77.938     0.9171   2.811703    32.7438    26.2363 0.0000e+00
       2465     76.889     0.9140   2.811215    32.7414    26.2346 0.0000e+00
       2466     75.839     0.9113   2.810927    32.7411    26.2345 0.0000e+00
       2467     74.817     0.9098   2.810793    32.7416    26.2350 0.0000e+00
       2468     73.847     0.9090   2.810681    32.7415    26.2350 0.0000e+00
       2469     72.914     0.9085   2.810582    32.7413    26.2348 0.0000e+00
       2470     71.962     0.9087   2.810526    32.7409    26.2345 0.0000e+00
       2471     70.949     0.9095   2.810459    32.7398    26.2336 0.0000e+00
       2472     69.897     0.9096   2.810288    32.7381    26.2322 0.0000e+00
       2473     68.889     0.9083   2.810002    32.7364    26.2309 0.0000e+00
       2474     67.998     0.9061   2.809737    32.7358    26.2305 0.0000e+00
       2475     67.218     0.9043   2.809624    32.7367    26.2313 0.0000e+00
       2476     66.471     0.9033   2.809725    32.7395    26.2336 0.0000e+00
       2477     65.696     0.9030   2.809867    32.7420    26.2357 0.0000e+00
       2478     64.927     0.9028   2.809834    32.7423    26.2359 0.0000e+00
       2479     64.237     0.9032   2.809711    32.7407    26.2346 0.0000e+00
       2480     63.638     0.9036   2.809536    32.7383    26.2327 0.0000e+00
       2481     63.095     0.9034   2.809363    32.7366    26.2314 0.0000e+00
       2482     62.575     0.9028   2.809357    32.7375    26.2321 0.0000e+00
       2483     62.063     0.9024   2.809459    32.7395    26.2337 0.0000e+00
       2484     61.561     0.9021   2.809464    32.7402    26.2343 0.0000e+00
       2485     61.072     0.9020   2.809360    32.7392    26.2335 0.0000e+00
       2486     60.594     0.9022   2.809220    32.7375    26.2321 0.0000e+00
       2487     60.116     0.9022   2.809092    32.7361    26.2310 0.0000e+00
       2488     59.630     0.9018   2.809065    32.7365    26.2313 0.0000e+00
       2489     59.138     0.9014   2.809117    32.7378    26.2324 0.0000e+00
       2490     58.648     0.9009   2.809090    32.7383    26.2328 0.0000e+00
       2491     58.167     0.9006   2.808952    32.7371    26.2319 0.0000e+00
       2492     57.702     0.9007   2.808822    32.7356    26.2307 0.0000e+00
       2493     57.257     0.9005   2.808718    32.7347    26.2300 0.0000e+00
       2494     56.823     0.8999   2.808653    32.7348    26.2301 0.0000e+00
       2495     56.362     0.8993   2.808665    32.7358    26.2309 0.0000e+00
       2496     55.855     0.8993   2.808679    32.7363    26.2313 0.0000e+00
       2497     55.345     0.8997   2.808625    32.7355    26.2306 0.0000e+00
       2498     54.872     0.9001   2.808538    32.7342    26.2296 0.0000e+00
       2499     54.447     0.9003   2.808437    32.7329    26.2286 0.0000e+00
       2500     54.055     0.9004   2.808348    32.7319    26.2277 0.0000e+00
       2501     53.662     0.9005   2.808302    32.7314    26.2273 0.0000e+00
       2502     53.236     0.9005   2.808313    32.7318    26.2277 0.0000e+00
       2503     52.760     0.9006   2.808359    32.7326    26.2283 0.0000e+00
       2504     52.247     0.9008   2.808357    32.7326    26.2283 0.0000e+00
       2505     51.732     0.9010   2.808306    32.7320    26.2278 0.0000e+00
       2506     51.227     0.9008   2.808267    32.7320    26.2278 0.0000e+00
       2507     50.710     0.9002   2.808207    32.7322    26.2280 0.0000e+00
       2508     50.158     0.8995   2.808116    32.7321    26.2279 0.0000e+00
       2509     49.566     0.8994   2.808071    32.7319    26.2278 0.0000e+00
       2510     48.941     0.8999   2.808060    32.7316    26.2275 0.0000e+00
       2511     48.292     0.9000   2.808026    32.7315    26.2274 0.0000e+00
       2512     47.629     0.8994   2.807956    32.7316    26.2275 0.0000e+00
       2513     46.974     0.8989   2.807856    32.7312    26.2272 0.0000e+00
       2514     46.363     0.8989   2.807692    32.7294    26.2258 0.0000e+00
       2515     45.824     0.8987   2.807474    32.7271    26.2240 0.0000e+00
       2516     45.333     0.8980   2.807356    32.7266    26.2236 0.0000e+00
       2517     44.822     0.8970   2.807324    32.7276    26.2245 0.0000e+00
       2518     44.280     0.8963   2.807258    32.7278    26.2247 0.0000e+00
       2519     43.776     0.8964   2.807123    32.7262    26.2234 0.0000e+00
       2520     43.347     0.8965   2.806876    32.7232    26.2210 0.0000e+00
       2521     42.982     0.8959   2.806553    32.7199    26.2183 0.0000e+00
       2522     42.650     0.8949   2.806300    32.7179    26.2168 0.0000e+00
       2523     42.311     0.8944   2.806268    32.7182    26.2171 0.0000e+00
       2524     41.956     0.8946   2.806274    32.7182    26.2171 0.0000e+00
       2525     41.626     0.8947   2.806037    32.7153    26.2147 0.0000e+00
       2526     41.352     0.8941   2.805687    32.7116    26.2118 0.0000e+00
       2527     41.122     0.8928   2.805459    32.7101    26.2107 0.0000e+00
       2528     40.875     0.8916   2.805469    32.7117    26.2120 0.0000e+00
       2529     40.561     0.8903   2.805481    32.7134    26.2134 0.0000e+00
       2530     40.211     0.8897   2.805244    32.7112    26.2117 0.0000e+00
       2531     39.888     0.8898   2.804908    32.7069    26.2083 0.0000e+00
       2532     39.618     0.8897   2.804615    32.7034    26.2055 0.0000e+00
       2533     39.384     0.8891   2.804436    32.7019    26.2043 0.0000e+00
       2534     39.146     0.8889   2.804447    32.7024    26.2047 0.0000e+00
       2535     38.859     0.8891   2.804601    32.7043    26.2062 0.0000e+00
       2536     38.505     0.8893   2.804668    32.7051    26.2069 0.0000e+00
       2537     38.118     0.8897   2.804508    32.7029    26.2050 0.0000e+00
       2538     37.753     0.8899   2.804254    32.6996    26.2024 0.0000e+00
       2539     37.436     0.8896   2.803993    32.6968    26.2001 0.0000e+00
       2540     37.151     0.8889   2.803808    32.6953    26.1990 0.0000e+00
       2541     36.849     0.8885   2.803855    32.6965    26.2000 0.0000e+00
       2542     36.486     0.8885   2.803952    32.6979    26.2011 0.0000e+00
       2543     36.049     0.8886   2.803781    32.6959    26.1995 0.0000e+00
       2544     35.549     0.8886   2.803515    32.6927    26.1969 0.0000e+00
       2545     35.006     0.8886   2.803393    32.6915    26.1959 0.0000e+00
       2546     34.450     0.8888   2.803304    32.6904    26.1951 0.0000e+00
       2547     33.929     0.8889   2.803205    32.6894    26.1942 0.0000e+00
       2548     33.440     0.8889   2.803174    32.6892    26.1941 0.0000e+00
       2549     32.941     0.8890   2.803177    32.6895    26.1943 0.0000e+00
       2550     32.456     0.8892   2.803152    32.6892    26.1941 0.0000e+00
       2551     32.035     0.8893   2.803118    32.6889    26.1938 0.0000e+00
       2552     31.670     0.8893   2.803095    32.6888    26.1937 0.0000e+00
       2553     31.321     0.8896   2.803024    32.6878    26.1929 0.0000e+00
       2554     30.954     0.8901   2.802894    32.6858    26.1913 0.0000e+00
       2555     30.543     0.8908   2.802777    32.6838    26.1896 0.0000e+00
       2556     30.076     0.8918   2.802644    32.6813    26.1875 0.0000e+00
       2557     29.551     0.8929   2.802467    32.6782    26.1850 0.0000e+00
       2558     28.976     0.8935   2.802362    32.6765    26.1836 0.0000e+00
       2559     28.375     0.8935   2.802281    32.6758    26.1830 0.0000e+00
       2560     27.789     0.8938   2.802006    32.6723    26.1802 0.0000e+00
       2561     27.243     0.8947   2.801641    32.6670    26.1759 0.0000e+00
       2562     26.711     0.8959   2.801459    32.6637    26.1731 0.0000e+00
       2563     26.169     0.8976   2.801164    32.6584    26.1688 0.0000e+00
       2564     25.659     0.8999   2.800518    32.6480    26.1603 0.0000e+00
       2565     25.217     0.9013   2.800034    32.6405    26.1542 0.0000e+00
       2566     24.808     0.9015   2.799904    32.6389    26.1529 0.0000e+00
       2567     24.380     0.9016   2.799825    32.6380    26.1522 0.0000e+00
       2568     23.921     0.9022   2.799686    32.6358    26.1504 0.0000e+00
       2569     23.438     0.9028   2.799543    32.6336    26.1486 0.0000e+00
       2570     22.932     0.9028   2.799462    32.6329    26.1480 0.0000e+00
       2571     22.403     0.9025   2.799310    32.6316    26.1469 0.0000e+00
       2572     21.860     0.9029   2.798953    32.6269    26.1431 0.0000e+00
       2573     21.309     0.9039   2.798658    32.6223    26.1394 0.0000e+00
       2574     20.740     0.9045   2.798599    32.6213    26.1385 0.0000e+00
       2575     20.165     0.9046   2.798524    32.6205    26.1379 0.0000e+00
       2576     19.622     0.9046   2.798338    32.6184    26.1363 0.0000e+00
       2577     19.095     0.9048   2.798127    32.6158    26.1341 0.0000e+00
       2578     18.542     0.9053   2.797936    32.6132    26.1320 0.0000e+00
       2579     17.960     0.9056   2.797847    32.6120    26.1310 0.0000e+00
       2580     17.394     0.9058   2.797786    32.6114    26.1305 0.0000e+00
       2581     16.904     0.9059   2.797644    32.6097    26.1292 0.0000e+00
       2582     16.473     0.9057   2.797532    32.6087    26.1284 0.0000e+00
       2583     15.987     0.9052   2.797482    32.6089    26.1285 0.0000e+00
       2584     15.375     0.9049   2.797429    32.6089    26.1285 0.0000e+00
       2585     14.694     0.9051   2.797392    32.6086    26.1283 0.0000e+00
       2586     14.014     0.9058   2.797365    32.6079    26.1277 0.0000e+00
       2587     13.333     0.9063   2.797328    32.6073    26.1272 0.0000e+00
       2588     12.661     0.9067   2.797302    32.6069    26.1268 0.0000e+00
       2589     12.028     0.9071   2.797279    32.6065    26.1265 0.0000e+00
       2590     11.439     0.9072   2.797221    32.6060    26.1261 0.0000e+00
       2591     10.911     0.9069   2.797145    32.6057    26.1258 0.0000e+00
       2592     10.485     0.9065   2.797101    32.6058    26.1259 0.0000e+00
       2593     10.141     0.9063   2.797079    32.6059    26.1261 0.0000e+00
       2594      9.777     0.9063   2.797047    32.6057    26.1259 0.0000e+00
       2595      9.343     0.9064   2.797007    32.6053    26.1256 0.0000e+00
       2596      8.884     0.9063   2.796963    32.6051    26.1254 0.0000e+00
       2597      8.426     0.9061   2.796918    32.6050    26.1254 0.0000e+00
       2598      7.938     0.9059   2.796869    32.6049    26.1253 0.0000e+00
       2599      7.413     0.9056   2.796813    32.6048    26.1252 0.0000e+00
       2600      6.883     0.9052   2.796758    32.6048    26.1252 0.0000e+00
       2601      6.349     0.9048   2.796694    32.6047    26.1252 0.0000e+00
       2602      5.779     0.9044   2.796614    32.6044    26.1250 0.0000e+00
       2603      5.188     0.9040   2.796544    32.6042    26.1249 0.0000e+00
       2604      4.642     0.9035   2.796519    32.6048    26.1253 0.0000e+00
       2605      4.207     0.9033   2.796514    32.6052    26.1256 0.0000e+00
       2606      3.891     0.9033   2.796499    32.6051    26.1256 0.0000e+00
       2607      3.616     0.9033   2.796481    32.6051    26.1256 0.0000e+00
       2608      3.298     0.9035   2.796472    32.6049    26.1254 0.0000e+00
       2609      2.934     0.9038   2.796461    32.6047    26.1252 0.0000e+00
       2610      2.571     0.9039   2.796445    32.6046    26.1251 0.0000e+00
       2611      2.240     0.9039   2.796442    32.6047    26.1253 0.0000e+00
       2612      1.952     0.9037   2.796430    32.6049    26.1255 0.0000e+00
       2613      1.722     0.9034   2.796399    32.6050    26.1255 0.0000e+00
       2614      1.510     0.9033   2.796372    32.6049    26.1254 0.0000e+00
       2615      1.223     0.9033   2.796351    32.6048    26.1253 0.0000e+00
       2616      0.854     0.9033   2.796346    32.6049    26.1254 0.0000e+00
       2617      0.530     0.9033   2.796377    32.6055    26.1259 0.0000e+00
       2618      0.302     0.9036   2.796412    32.6058    26.1261 0.0000e+00
       2619      0.076     0.9044   2.796455    32.6056    26.1259 0.0000e+00
       2620     -0.170     0.9054   2.796508    32.6054    26.1257 0.0000e+00
       2621     -0.408     0.9061   2.796512    32.6048    26.1252 0.0000e+00
       2622     -0.642     0.9063   2.796483    32.6044    26.1248 0.0000e+00
       2623     -0.820     0.9063   2.796474    32.6044    26.1248 0.0000e+00
       2624     -0.909     0.9061   2.796473    32.6046    26.1250 0.0000e+00
       2625     -0.946     0.9057   2.796468    32.6050    26.1254 0.0000e+00
       2626     -0.956     0.9054   2.796450    32.6051    26.1255 0.0000e+00
       2627     -0.959     0.9052   2.796345    32.6039    26.1246 0.0000e+00
       2628     -0.965     0.9052   2.796017    32.5997    26.1212 0.0000e+00
       2629     -0.976     0.9055   2.743056    31.9196    25.5743 0.0000e+00
       2630     -1.002     0.9057   2.174814    24.7436    19.8099 0.0000e+00
       2631     -1.025     0.9052   1.200943    12.9840    10.3725 0.0000e+00
       2632     -1.017     0.9045   0.899814     9.5119     7.5830 0.0000e+00
       2633     -0.983     0.9043   1.470013    16.1589    12.9210 0.0000e+00
       2634     -0.935     0.9046   2.234540    25.4884    20.4079 0.0000e+00
       2635     -0.894     0.9053   2.676605    31.0695    24.8909 0.0000e+00
       2636     -0.893     0.9060   2.767262    32.2295    25.8235 0.0000e+00
       2637     -0.933     0.9065   2.771189    32.2794    25.8636 0.0000e+00
       2638     -0.978     0.9070   2.777030    32.3539    25.9234 0.0000e+00
       2639     -0.995     0.9068   2.731987    31.7765    25.4592 0.0000e+00
       2640     -1.003     0.9060   2.216570    25.2632    20.2271 0.0000e+00
       2641     -1.023     0.9048   1.180025    12.7400    10.1767 0.0000e+00
       2642     -1.029     0.9042   0.424577     4.2562     3.3497 0.0000e+00
       2643     -1.013     0.9040   0.176664     1.6807     1.2654 0.0000e+00
       2644     -0.995     0.9041   0.077245     0.7053     0.4725 0.0000e+00
       2645     -0.982     0.9041   0.020348     0.1754     0.0402 0.0000e+00
       2646     -0.982     0.9041   0.018263     0.1566     0.0249 0.0000e+00
       2647     -0.991     0.9041   0.091138     0.8386     0.5810 0.0000e+00
       2648     -0.996     0.9042   0.131866     1.2354     0.9038 0.0000e+00
       2649     -0.996     0.9043   0.057924     0.5221     0.3232 0.0000e+00
       2650     -1.000     0.9043   0.007869     0.0647    -0.0503 0.0000e+00
       2651     -1.002     0.9043   0.119454     1.1136     0.8047 0.0000e+00
       2652     -0.991     0.9043   0.546657     5.5739     4.4129 0.0000e+00
       2653     -0.975     0.9045   1.097400    11.7800     9.4056 0.0000e+00
       2654     -0.971     0.9046   1.561684    17.2542    13.8000 0.0000e+00
       2655     -0.971     0.9046   1.963655    22.1340    17.7156 0.0000e+00
       2656     -0.948     0.9047   2.246449    25.6370    20.5272 0.0000e+00
       2657     -0.908     0.9051   2.562891    29.6213    23.7272 0.0000e+00
       2658     -0.897     0.9056   2.759881    32.1352    25.7477 0.0000e+00
       2659     -0.917     0.9060   2.737875    31.8527    25.5205 0.0000e+00
       2660     -0.945     0.9061   2.718690    31.6069    25.3229 0.0000e+00
       2661     -0.984     0.9059   2.726945    31.7128    25.4080 0.0000e+00
       2662     -1.023     0.9051   2.739533    31.8749    25.5384 0.0000e+00
       2663     -1.036     0.9044   2.740277    31.8852    25.5467 0.0000e+00
       2664     -1.022     0.9044   2.736630    31.8384    25.5091 0.0000e+00
       2665     -1.003     0.9045   2.735244    31.8205    25.4947 0.0000e+00
       2666     -0.999     0.9041   2.550035    29.4591    23.5969 0.0000e+00
