Datasets/Multi_Species/TEL214/tel214_2020_009.cnv
* Sea-Bird SBE19plus Data File:
* Filename = C:/AQUIRE/tel214_2020_009.hex
* Software Version AquireV2 AF V2.0
* Temperature SN =  7853
* Conductivity SN =  7853
* System UpLoad Time = Nov 09 2020 11:52:29
* <ApplicationData>
* <AQUIREV2>
** VESSEL/TRIP/SEQ STN: tel214_2020_009
** LATITUDE: 55 06.10 N
** LONGITUDE: 55 37.03 W
** DATE/TIME: 2020-11-09 10:51
** SOUNDING DEPTH (M): 0268
** PROBE TYPE: S7853
** CTD NUMBER:   9
** COMMENTS: 
# nquan = 7                                 
# nvalues = 3553                        
# units = specified
# name 0 = scan: Scan Count
# name 1 = prdM: Pressure, Strain Gauge [db]
# name 2 = tv290C: Temperature [ITS-90, deg C]
# name 3 = c0S/m: Conductivity [S/m]
# name 4 = sal00: Salinity, Practical [PSU]
# name 5 = sigma-t00: Density [sigma-t, kg/m^3 ]
# name 6 = flag: flag
# span 0 =          1,       3553       
# span 1 =     -1.151,    265.331       
# span 2 =    -2.6635,     2.5596       
# span 3 =   0.000004,   3.062452       
# span 4 =    -0.0040,    34.1696       
# span 5 =    -0.4049,    27.2711       
# span 6 = 0.0000e+00, 0.0000e+00       
# interval = seconds: 1
# start_time = Nov 09 2020 10:51:23 [Instrument's time stamp, header]
# bad_flag = -9.990e-29
*END*
[from data line 616]
        617     -1.116    -2.6406   0.000138    -0.0033    -0.4022 0.0000e+00
        618     -1.121    -2.6435   0.000130    -0.0033    -0.4025 0.0000e+00
        619     -1.124    -2.6450   0.000127    -0.0034    -0.4027 0.0000e+00
        620     -1.123    -2.6443   0.000132    -0.0033    -0.4026 0.0000e+00
        621     -1.120    -2.6442   0.000133    -0.0033    -0.4026 0.0000e+00
        622     -1.118    -2.6464   0.000126    -0.0034    -0.4029 0.0000e+00
        623     -1.119    -2.6485   0.000119    -0.0034    -0.4031 0.0000e+00
        624     -1.119    -2.6491   0.000120    -0.0034    -0.4032 0.0000e+00
        625     -1.118    -2.6491   0.000122    -0.0034    -0.4032 0.0000e+00
        626     -1.119    -2.6488   0.000126    -0.0034    -0.4032 0.0000e+00
        627     -1.120    -2.6471   0.000134    -0.0033    -0.4030 0.0000e+00
        628     -1.119    -2.6443   0.000143    -0.0032    -0.4026 0.0000e+00
        629     -1.118    -2.6415   0.000149    -0.0032    -0.4023 0.0000e+00
        630     -1.120    -2.6393   0.000155    -0.0031    -0.4020 0.0000e+00
        631     -1.122    -2.6374   0.000159    -0.0031    -0.4018 0.0000e+00
        632     -1.124    -2.6354   0.000164    -0.0030    -0.4016 0.0000e+00
        633     -1.125    -2.6342   0.000165    -0.0030    -0.4014 0.0000e+00
        634     -1.124    -2.6340   0.000162    -0.0030    -0.4014 0.0000e+00
        635     -1.122    -2.6336   0.000160    -0.0031    -0.4014 0.0000e+00
        636     -1.122    -2.6326   0.000160    -0.0030    -0.4013 0.0000e+00
        637     -1.122    -2.6314   0.000161    -0.0030    -0.4011 0.0000e+00
        638     -1.122    -2.6292   0.000166    -0.0030    -0.4009 0.0000e+00
        639     -1.122    -2.6273   0.000169    -0.0030    -0.4006 0.0000e+00
        640     -1.123    -2.6262   0.000170    -0.0030    -0.4005 0.0000e+00
        641     -1.124    -2.6254   0.000170    -0.0030    -0.4004 0.0000e+00
        642     -1.125    -2.6243   0.000170    -0.0030    -0.4003 0.0000e+00
        643     -1.123    -2.6246   0.000166    -0.0030    -0.4003 0.0000e+00
        644     -1.120    -2.6260   0.000158    -0.0031    -0.4005 0.0000e+00
        645     -1.118    -2.6262   0.000156    -0.0031    -0.4005 0.0000e+00
        646     -1.117    -2.6244   0.000160    -0.0030    -0.4003 0.0000e+00
        647     -1.118    -2.6221   0.000164    -0.0030    -0.4000 0.0000e+00
        648     -1.119    -2.6209   0.000164    -0.0030    -0.3999 0.0000e+00
        649     -1.121    -2.6216   0.000158    -0.0031    -0.4000 0.0000e+00
        650     -1.122    -2.6239   0.000149    -0.0031    -0.4002 0.0000e+00
        651     -1.122    -2.6257   0.000144    -0.0032    -0.4004 0.0000e+00
        652     -1.122    -2.6269   0.000140    -0.0032    -0.4006 0.0000e+00
        653     -1.121    -2.6284   0.000133    -0.0033    -0.4008 0.0000e+00
        654     -1.119    -2.6302   0.000127    -0.0033    -0.4010 0.0000e+00
        655     -1.116    -2.6328   0.000121    -0.0034    -0.4013 0.0000e+00
        656     -1.116    -2.6359   0.000114    -0.0035    -0.4016 0.0000e+00
        657     -1.119    -2.6364   0.000114    -0.0035    -0.4017 0.0000e+00
        658     -1.121    -2.6347   0.000121    -0.0034    -0.4015 0.0000e+00
        659     -1.122    -2.6345   0.000123    -0.0034    -0.4015 0.0000e+00
        660     -1.122    -2.6361   0.000122    -0.0034    -0.4017 0.0000e+00
        661     -1.122    -2.6365   0.000124    -0.0034    -0.4017 0.0000e+00
        662     -1.122    -2.6342   0.000132    -0.0033    -0.4014 0.0000e+00
        663     -1.122    -2.6313   0.000142    -0.0032    -0.4011 0.0000e+00
        664     -1.122    -2.6286   0.000152    -0.0031    -0.4008 0.0000e+00
        665     -1.122    -2.6265   0.000156    -0.0031    -0.4005 0.0000e+00
        666     -1.122    -2.6252   0.000156    -0.0031    -0.4004 0.0000e+00
        667     -1.122    -2.6241   0.000158    -0.0031    -0.4003 0.0000e+00
        668     -1.121    -2.6227   0.000160    -0.0030    -0.4001 0.0000e+00
        669     -1.119    -2.6217   0.000161    -0.0030    -0.4000 0.0000e+00
        670     -1.117    -2.6218   0.000158    -0.0031    -0.4000 0.0000e+00
        671     -1.115    -2.6227   0.000154    -0.0031    -0.4001 0.0000e+00
        672     -1.112    -2.6256   0.000143    -0.0032    -0.4004 0.0000e+00
        673     -1.110    -2.6318   0.000122    -0.0034    -0.4012 0.0000e+00
        674     -1.113    -2.6381   0.000104    -0.0035    -0.4019 0.0000e+00
        675     -1.118    -2.6402   0.000101    -0.0036    -0.4022 0.0000e+00
        676     -1.121    -2.6386   0.000110    -0.0035    -0.4020 0.0000e+00
        677     -1.122    -2.6370   0.000118    -0.0034    -0.4018 0.0000e+00
        678     -1.122    -2.6381   0.000116    -0.0034    -0.4019 0.0000e+00
        679     -1.121    -2.6426   0.000104    -0.0035    -0.4024 0.0000e+00
        680     -1.118    -2.6485   0.000089    -0.0037    -0.4031 0.0000e+00
        681     -1.115    -2.6513   0.000087    -0.0037    -0.4035 0.0000e+00
        682     -1.115    -2.6494   0.000099    -0.0036    -0.4032 0.0000e+00
        683     -1.116    -2.6451   0.000116    -0.0034    -0.4027 0.0000e+00
        684     -1.117    -2.6414   0.000132    -0.0033    -0.4023 0.0000e+00
        685     -1.119    -2.6389   0.000142    -0.0032    -0.4020 0.0000e+00
        686     -1.121    -2.6371   0.000148    -0.0032    -0.4018 0.0000e+00
        687     -1.122    -2.6355   0.000150    -0.0031    -0.4016 0.0000e+00
        688     -1.123    -2.6344   0.000151    -0.0031    -0.4015 0.0000e+00
        689     -1.124    -2.6349   0.000150    -0.0031    -0.4015 0.0000e+00
        690     -1.124    -2.6384   0.000138    -0.0032    -0.4019 0.0000e+00
        691     -1.121    -2.6429   0.000124    -0.0034    -0.4025 0.0000e+00
        692     -1.116    -2.6450   0.000120    -0.0034    -0.4027 0.0000e+00
        693     -1.114    -2.6449   0.000123    -0.0034    -0.4027 0.0000e+00
        694     -1.115    -2.6449   0.000123    -0.0034    -0.4027 0.0000e+00
        695     -1.119    -2.6451   0.000123    -0.0034    -0.4027 0.0000e+00
        696     -1.121    -2.6454   0.000124    -0.0034    -0.4028 0.0000e+00
        697     -1.121    -2.6455   0.000125    -0.0034    -0.4028 0.0000e+00
        698     -1.121    -2.6445   0.000131    -0.0033    -0.4027 0.0000e+00
        699     -1.119    -2.6420   0.000142    -0.0032    -0.4024 0.0000e+00
        700     -1.118    -2.6392   0.000151    -0.0031    -0.4020 0.0000e+00
        701     -1.119    -2.6372   0.000154    -0.0031    -0.4018 0.0000e+00
        702     -1.121    -2.6365   0.000154    -0.0031    -0.4017 0.0000e+00
        703     -1.123    -2.6368   0.000151    -0.0031    -0.4018 0.0000e+00
        704     -1.124    -2.6365   0.000150    -0.0031    -0.4017 0.0000e+00
        705     -1.122    -2.6344   0.000157    -0.0031    -0.4015 0.0000e+00
        706     -1.119    -2.6322   0.000163    -0.0030    -0.4012 0.0000e+00
        707     -1.120    -2.6311   0.000163    -0.0030    -0.4011 0.0000e+00
        708     -1.122    -2.6313   0.000157    -0.0031    -0.4011 0.0000e+00
        709     -1.122    -2.6330   0.000149    -0.0031    -0.4013 0.0000e+00
        710     -1.121    -2.6357   0.000139    -0.0032    -0.4016 0.0000e+00
        711     -1.119    -2.6376   0.000133    -0.0033    -0.4018 0.0000e+00
        712     -1.117    -2.6372   0.000134    -0.0033    -0.4018 0.0000e+00
        713     -1.117    -2.6359   0.000139    -0.0032    -0.4016 0.0000e+00
        714     -1.117    -2.6365   0.000137    -0.0033    -0.4017 0.0000e+00
        715     -1.117    -2.6393   0.000130    -0.0033    -0.4020 0.0000e+00
        716     -1.118    -2.6409   0.000128    -0.0033    -0.4022 0.0000e+00
        717     -1.119    -2.6398   0.000132    -0.0033    -0.4021 0.0000e+00
        718     -1.121    -2.6386   0.000135    -0.0033    -0.4020 0.0000e+00
        719     -1.123    -2.6384   0.000135    -0.0033    -0.4019 0.0000e+00
        720     -1.123    -2.6379   0.000139    -0.0032    -0.4019 0.0000e+00
        721     -1.120    -2.6365   0.000144    -0.0032    -0.4017 0.0000e+00
        722     -1.117    -2.6344   0.000151    -0.0031    -0.4015 0.0000e+00
        723     -1.115    -2.6322   0.000157    -0.0031    -0.4012 0.0000e+00
        724     -1.115    -2.6319   0.000156    -0.0031    -0.4012 0.0000e+00
        725     -1.118    -2.6338   0.000146    -0.0032    -0.4014 0.0000e+00
        726     -1.120    -2.6361   0.000137    -0.0033    -0.4017 0.0000e+00
        727     -1.119    -2.6393   0.000127    -0.0033    -0.4020 0.0000e+00
        728     -1.118    -2.6425   0.000118    -0.0034    -0.4024 0.0000e+00
        729     -1.119    -2.6425   0.000119    -0.0034    -0.4024 0.0000e+00
        730     -1.120    -2.6397   0.000130    -0.0033    -0.4021 0.0000e+00
        731     -1.119    -2.6369   0.000140    -0.0032    -0.4018 0.0000e+00
        732     -1.118    -2.6347   0.000149    -0.0031    -0.4015 0.0000e+00
        733     -1.119    -2.6334   0.000154    -0.0031    -0.4013 0.0000e+00
        734     -1.121    -2.6337   0.000152    -0.0031    -0.4014 0.0000e+00
        735     -1.121    -2.6354   0.000144    -0.0032    -0.4016 0.0000e+00
        736     -1.119    -2.6364   0.000140    -0.0032    -0.4017 0.0000e+00
        737     -1.116    -2.6357   0.000141    -0.0032    -0.4016 0.0000e+00
        738     -1.116    -2.6345   0.000144    -0.0032    -0.4015 0.0000e+00
        739     -1.119    -2.6338   0.000147    -0.0032    -0.4014 0.0000e+00
        740     -1.121    -2.6345   0.000143    -0.0032    -0.4015 0.0000e+00
        741     -1.121    -2.6361   0.000136    -0.0033    -0.4017 0.0000e+00
        742     -1.119    -2.6371   0.000133    -0.0033    -0.4018 0.0000e+00
        743     -1.116    -2.6373   0.000133    -0.0033    -0.4018 0.0000e+00
        744     -1.116    -2.6376   0.000132    -0.0033    -0.4018 0.0000e+00
        745     -1.120    -2.6382   0.000131    -0.0033    -0.4019 0.0000e+00
        746     -1.124    -2.6388   0.000129    -0.0033    -0.4020 0.0000e+00
        747     -1.128    -2.6389   0.000131    -0.0033    -0.4020 0.0000e+00
        748     -1.128    -2.6382   0.000134    -0.0033    -0.4019 0.0000e+00
        749     -1.125    -2.6366   0.000140    -0.0032    -0.4017 0.0000e+00
        750     -1.123    -2.6345   0.000147    -0.0032    -0.4015 0.0000e+00
        751     -1.122    -2.6325   0.000154    -0.0031    -0.4012 0.0000e+00
        752     -1.122    -2.6312   0.000157    -0.0031    -0.4011 0.0000e+00
        753     -1.122    -2.6308   0.000156    -0.0031    -0.4010 0.0000e+00
        754     -1.123    -2.6309   0.000154    -0.0031    -0.4011 0.0000e+00
        755     -1.124    -2.6319   0.000148    -0.0032    -0.4012 0.0000e+00
        756     -1.125    -2.6336   0.000140    -0.0032    -0.4014 0.0000e+00
        757     -1.123    -2.6341   0.000137    -0.0033    -0.4014 0.0000e+00
        758     -1.121    -2.6332   0.000141    -0.0032    -0.4013 0.0000e+00
        759     -1.121    -2.6321   0.000145    -0.0032    -0.4012 0.0000e+00
        760     -1.123    -2.6314   0.000148    -0.0032    -0.4011 0.0000e+00
        761     -1.123    -2.6311   0.000147    -0.0032    -0.4011 0.0000e+00
        762     -1.122    -2.6303   0.000148    -0.0032    -0.4010 0.0000e+00
        763     -1.122    -2.6286   0.000152    -0.0031    -0.4008 0.0000e+00
        764     -1.123    -2.6273   0.000156    -0.0031    -0.4006 0.0000e+00
        765     -1.125    -2.6272   0.000155    -0.0031    -0.4006 0.0000e+00
        766     -1.128    -2.6276   0.000151    -0.0031    -0.4007 0.0000e+00
        767     -1.128    -2.6273   0.000149    -0.0031    -0.4006 0.0000e+00
        768     -1.125    -2.6268   0.000149    -0.0031    -0.4006 0.0000e+00
        769     -1.123    -2.6277   0.000144    -0.0032    -0.4007 0.0000e+00
        770     -1.122    -2.6300   0.000136    -0.0033    -0.4009 0.0000e+00
        771     -1.122    -2.6315   0.000131    -0.0033    -0.4011 0.0000e+00
        772     -1.121    -2.6311   0.000134    -0.0033    -0.4011 0.0000e+00
        773     -1.120    -2.6312   0.000134    -0.0033    -0.4011 0.0000e+00
        774     -1.119    -2.6330   0.000129    -0.0033    -0.4013 0.0000e+00
        775     -1.120    -2.6342   0.000126    -0.0034    -0.4014 0.0000e+00
        776     -1.120    -2.6343   0.000126    -0.0034    -0.4015 0.0000e+00
        777     -1.120    -2.6345   0.000127    -0.0033    -0.4015 0.0000e+00
        778     -1.122    -2.6342   0.000129    -0.0033    -0.4014 0.0000e+00
        779     -1.122    -2.6334   0.000135    -0.0033    -0.4013 0.0000e+00
        780     -1.122    -2.6336   0.000136    -0.0033    -0.4014 0.0000e+00
        781     -1.123    -2.6342   0.000135    -0.0033    -0.4014 0.0000e+00
        782     -1.124    -2.6341   0.000134    -0.0033    -0.4014 0.0000e+00
        783     -1.125    -2.6331   0.000137    -0.0033    -0.4013 0.0000e+00
        784     -1.123    -2.6320   0.000141    -0.0032    -0.4012 0.0000e+00
        785     -1.121    -2.6319   0.000141    -0.0032    -0.4012 0.0000e+00
        786     -1.119    -2.6342   0.000133    -0.0033    -0.4014 0.0000e+00
        787     -1.116    -2.6378   0.000123    -0.0034    -0.4019 0.0000e+00
        788     -1.116    -2.6397   0.000119    -0.0034    -0.4021 0.0000e+00
        789     -1.119    -2.6398   0.000121    -0.0034    -0.4021 0.0000e+00
        790     -1.121    -2.6395   0.000123    -0.0034    -0.4021 0.0000e+00
        791     -1.121    -2.6389   0.000126    -0.0034    -0.4020 0.0000e+00
        792     -1.121    -2.6377   0.000131    -0.0033    -0.4019 0.0000e+00
        793     -1.119    -2.6361   0.000137    -0.0033    -0.4017 0.0000e+00
        794     -1.118    -2.6349   0.000141    -0.0032    -0.4015 0.0000e+00
        795     -1.119    -2.6353   0.000140    -0.0032    -0.4016 0.0000e+00
        796     -1.120    -2.6372   0.000133    -0.0033    -0.4018 0.0000e+00
        797     -1.119    -2.6380   0.000131    -0.0033    -0.4019 0.0000e+00
        798     -1.118    -2.6362   0.000138    -0.0032    -0.4017 0.0000e+00
        799     -1.118    -2.6333   0.000147    -0.0032    -0.4013 0.0000e+00
        800     -1.119    -2.6307   0.000155    -0.0031    -0.4010 0.0000e+00
        801     -1.122    -2.6289   0.000158    -0.0031    -0.4008 0.0000e+00
        802     -1.126    -2.6283   0.000157    -0.0031    -0.4007 0.0000e+00
        803     -1.124    -2.6285   0.000154    -0.0031    -0.4008 0.0000e+00
        804     -1.120    -2.6284   0.000153    -0.0031    -0.4008 0.0000e+00
        805     -1.118    -2.6268   0.000158    -0.0031    -0.4006 0.0000e+00
        806     -1.118    -2.6245   0.000164    -0.0030    -0.4003 0.0000e+00
        807     -1.119    -2.6230   0.000165    -0.0030    -0.4001 0.0000e+00
        808     -1.121    -2.6224   0.000162    -0.0030    -0.4001 0.0000e+00
        809     -1.122    -2.6223   0.000160    -0.0030    -0.4000 0.0000e+00
        810     -1.122    -2.6230   0.000157    -0.0031    -0.4001 0.0000e+00
        811     -1.123    -2.6253   0.000147    -0.0032    -0.4004 0.0000e+00
        812     -1.125    -2.6290   0.000133    -0.0033    -0.4008 0.0000e+00
        813     -1.128    -2.6321   0.000123    -0.0034    -0.4012 0.0000e+00
        814     -1.129    -2.6332   0.000122    -0.0034    -0.4013 0.0000e+00
        815     -1.125    -2.6336   0.000123    -0.0034    -0.4014 0.0000e+00
        816     -1.119    -2.6354   0.000119    -0.0034    -0.4016 0.0000e+00
        817     -1.117    -2.6380   0.000112    -0.0035    -0.4019 0.0000e+00
        818     -1.119    -2.6387   0.000112    -0.0035    -0.4020 0.0000e+00
        819     -1.121    -2.6367   0.000122    -0.0034    -0.4017 0.0000e+00
        820     -1.122    -2.6350   0.000130    -0.0033    -0.4015 0.0000e+00
