Datasets/Multi_Species/TEL214/tel214_2020_037.cnv
* Sea-Bird SBE19plus Data File:
* Filename = C:/AQUIRE/tel214_2020_037.hex
* Software Version AquireV2 AF V2.0
* Temperature SN =  8014
* Conductivity SN =  8014
* System UpLoad Time = Nov 16 2020 10:42:01
* <ApplicationData>
* <AQUIREV2>
** VESSEL/TRIP/SEQ STN: tel214_2020_037
** LATITUDE: 52 21.43 N
** LONGITUDE: 51 20.27 W
** DATE/TIME: 2020-11-16 09:27
** SOUNDING DEPTH (M): 0388
** PROBE TYPE: S8014
** CTD NUMBER: 037
** COMMENTS: 
# nquan = 7                                 
# nvalues = 4157                        
# units = specified
# name 0 = scan: Scan Count
# name 1 = prdM: Pressure, Strain Gauge [db]
# name 2 = tv290C: Temperature [ITS-90, deg C]
# name 3 = c0S/m: Conductivity [S/m]
# name 4 = sal00: Salinity, Practical [PSU]
# name 5 = sigma-t00: Density [sigma-t, kg/m^3 ]
# name 6 = flag: flag
# span 0 =          1,       4157       
# span 1 =     -0.422,    391.287       
# span 2 =     0.2353,     3.7771       
# span 3 =  -0.035871,   3.230996       
# span 4 =    -0.0017,    34.7352       
# span 5 =    -0.1419,    27.5985       
# span 6 = 0.0000e+00, 0.0000e+00       
# interval = seconds: 1
# start_time = Nov 16 2020 09:27:16 [Instrument's time stamp, header]
# bad_flag = -9.990e-29
*END*
[from data line 2462]
       2463    389.261     3.7634   3.228958    34.7253    27.5920 0.0000e+00
       2464    389.264     3.7635   3.228971    34.7254    27.5920 0.0000e+00
       2465    389.281     3.7637   3.229021    34.7257    27.5923 0.0000e+00
       2466    389.305     3.7641   3.229094    34.7262    27.5926 0.0000e+00
       2467    389.318     3.7646   3.229155    34.7264    27.5927 0.0000e+00
       2468    389.316     3.7649   3.229181    34.7263    27.5927 0.0000e+00
       2469    389.315     3.7649   3.229186    34.7264    27.5927 0.0000e+00
       2470    389.328     3.7649   3.229187    34.7264    27.5927 0.0000e+00
       2471    389.352     3.7649   3.229178    34.7263    27.5926 0.0000e+00
       2472    389.370     3.7649   3.229160    34.7261    27.5925 0.0000e+00
       2473    389.375     3.7648   3.229145    34.7260    27.5924 0.0000e+00
       2474    389.369     3.7648   3.229135    34.7259    27.5923 0.0000e+00
       2475    389.354     3.7648   3.229127    34.7258    27.5922 0.0000e+00
       2476    389.334     3.7647   3.229114    34.7258    27.5922 0.0000e+00
       2477    389.316     3.7645   3.229092    34.7257    27.5922 0.0000e+00
       2478    389.311     3.7644   3.229054    34.7254    27.5919 0.0000e+00
       2479    389.316     3.7640   3.228985    34.7250    27.5917 0.0000e+00
       2480    389.319     3.7634   3.228917    34.7248    27.5916 0.0000e+00
       2481    389.314     3.7632   3.228918    34.7250    27.5918 0.0000e+00
       2482    389.304     3.7634   3.228982    34.7256    27.5922 0.0000e+00
       2483    389.293     3.7638   3.229055    34.7260    27.5925 0.0000e+00
       2484    389.279     3.7644   3.229119    34.7262    27.5926 0.0000e+00
       2485    389.254     3.7648   3.229164    34.7263    27.5926 0.0000e+00
       2486    389.215     3.7650   3.229182    34.7263    27.5926 0.0000e+00
       2487    389.177     3.7651   3.229186    34.7263    27.5926 0.0000e+00
       2488    389.153     3.7651   3.229191    34.7263    27.5926 0.0000e+00
       2489    389.145     3.7651   3.229203    34.7265    27.5928 0.0000e+00
       2490    389.142     3.7651   3.229205    34.7265    27.5928 0.0000e+00
       2491    389.125     3.7651   3.229196    34.7264    27.5927 0.0000e+00
       2492    389.088     3.7651   3.229182    34.7263    27.5926 0.0000e+00
       2493    389.048     3.7650   3.229159    34.7261    27.5925 0.0000e+00
       2494    389.015     3.7648   3.229128    34.7260    27.5924 0.0000e+00
       2495    388.993     3.7646   3.229099    34.7259    27.5923 0.0000e+00
       2496    388.977     3.7645   3.229075    34.7257    27.5922 0.0000e+00
       2497    388.953     3.7644   3.229057    34.7256    27.5921 0.0000e+00
       2498    388.919     3.7643   3.229046    34.7256    27.5921 0.0000e+00
       2499    388.889     3.7642   3.229042    34.7257    27.5922 0.0000e+00
       2500    388.879     3.7642   3.229037    34.7256    27.5922 0.0000e+00
       2501    388.885     3.7641   3.229027    34.7256    27.5921 0.0000e+00
       2502    388.891     3.7640   3.229006    34.7254    27.5920 0.0000e+00
       2503    388.872     3.7637   3.228966    34.7253    27.5920 0.0000e+00
       2504    388.812     3.7635   3.228928    34.7251    27.5918 0.0000e+00
       2505    388.730     3.7634   3.228920    34.7251    27.5919 0.0000e+00
       2506    388.672     3.7634   3.228908    34.7250    27.5918 0.0000e+00
       2507    388.663     3.7634   3.228877    34.7247    27.5915 0.0000e+00
       2508    388.682     3.7632   3.228850    34.7245    27.5914 0.0000e+00
       2509    388.697     3.7630   3.228840    34.7246    27.5915 0.0000e+00
       2510    388.695     3.7630   3.228833    34.7245    27.5914 0.0000e+00
       2511    388.676     3.7629   3.228826    34.7246    27.5915 0.0000e+00
       2512    388.650     3.7628   3.228823    34.7247    27.5915 0.0000e+00
       2513    388.632     3.7628   3.228820    34.7246    27.5915 0.0000e+00
       2514    388.622     3.7628   3.228805    34.7245    27.5914 0.0000e+00
       2515    388.608     3.7626   3.228775    34.7243    27.5913 0.0000e+00
       2516    388.579     3.7624   3.228743    34.7242    27.5912 0.0000e+00
       2517    388.545     3.7622   3.228717    34.7241    27.5911 0.0000e+00
       2518    388.523     3.7622   3.228698    34.7239    27.5910 0.0000e+00
       2519    388.529     3.7621   3.228683    34.7238    27.5909 0.0000e+00
       2520    388.556     3.7619   3.228674    34.7239    27.5910 0.0000e+00
       2521    388.576     3.7618   3.228667    34.7239    27.5910 0.0000e+00
       2522    388.563     3.7617   3.228645    34.7238    27.5909 0.0000e+00
       2523    388.516     3.7615   3.228623    34.7237    27.5909 0.0000e+00
       2524    388.464     3.7615   3.228613    34.7236    27.5909 0.0000e+00
       2525    388.435     3.7615   3.228603    34.7235    27.5908 0.0000e+00
       2526    388.437     3.7615   3.228591    34.7234    27.5907 0.0000e+00
       2527    388.449     3.7614   3.228578    34.7233    27.5906 0.0000e+00
       2528    388.445     3.7613   3.228573    34.7234    27.5907 0.0000e+00
       2529    388.423     3.7613   3.228573    34.7234    27.5907 0.0000e+00
       2530    388.400     3.7614   3.228578    34.7234    27.5906 0.0000e+00
       2531    388.397     3.7614   3.228580    34.7234    27.5907 0.0000e+00
       2532    388.418     3.7614   3.228572    34.7233    27.5906 0.0000e+00
       2533    388.443     3.7613   3.228562    34.7232    27.5906 0.0000e+00
       2534    388.447     3.7611   3.228549    34.7233    27.5906 0.0000e+00
       2535    388.434     3.7611   3.228532    34.7231    27.5905 0.0000e+00
       2536    388.424     3.7610   3.228518    34.7231    27.5904 0.0000e+00
       2537    388.426     3.7609   3.228509    34.7230    27.5904 0.0000e+00
       2538    388.439     3.7607   3.228502    34.7232    27.5906 0.0000e+00
       2539    388.454     3.7607   3.228489    34.7230    27.5904 0.0000e+00
       2540    388.459     3.7606   3.228471    34.7229    27.5904 0.0000e+00
       2541    388.450     3.7604   3.228452    34.7229    27.5904 0.0000e+00
       2542    388.436     3.7603   3.228437    34.7228    27.5903 0.0000e+00
       2543    388.433     3.7602   3.228412    34.7226    27.5902 0.0000e+00
       2544    388.441     3.7600   3.228385    34.7225    27.5901 0.0000e+00
       2545    388.451     3.7599   3.228369    34.7224    27.5901 0.0000e+00
       2546    388.459     3.7597   3.228357    34.7225    27.5901 0.0000e+00
       2547    388.466     3.7596   3.228347    34.7225    27.5901 0.0000e+00
       2548    388.476     3.7596   3.228338    34.7224    27.5900 0.0000e+00
       2549    388.490     3.7595   3.228330    34.7224    27.5900 0.0000e+00
       2550    388.509     3.7595   3.228323    34.7223    27.5900 0.0000e+00
       2551    388.533     3.7595   3.228318    34.7222    27.5899 0.0000e+00
       2552    388.564     3.7595   3.228316    34.7222    27.5899 0.0000e+00
       2553    388.599     3.7595   3.228309    34.7221    27.5898 0.0000e+00
       2554    388.625     3.7592   3.228283    34.7220    27.5898 0.0000e+00
       2555    388.625     3.7590   3.228246    34.7218    27.5897 0.0000e+00
       2556    388.603     3.7588   3.228220    34.7217    27.5896 0.0000e+00
       2557    388.577     3.7588   3.228215    34.7217    27.5896 0.0000e+00
       2558    388.563     3.7588   3.228221    34.7218    27.5896 0.0000e+00
       2559    388.572     3.7588   3.228224    34.7218    27.5897 0.0000e+00
       2560    388.605     3.7588   3.228211    34.7216    27.5895 0.0000e+00
       2561    388.646     3.7587   3.228183    34.7214    27.5893 0.0000e+00
       2562    388.675     3.7584   3.228156    34.7214    27.5894 0.0000e+00
       2563    388.682     3.7583   3.228142    34.7213    27.5893 0.0000e+00
       2564    388.673     3.7582   3.228140    34.7214    27.5894 0.0000e+00
       2565    388.660     3.7583   3.228148    34.7214    27.5894 0.0000e+00
       2566    388.651     3.7584   3.228157    34.7214    27.5894 0.0000e+00
       2567    388.652     3.7584   3.228162    34.7214    27.5894 0.0000e+00
       2568    388.673     3.7584   3.228154    34.7213    27.5893 0.0000e+00
       2569    388.716     3.7583   3.228130    34.7211    27.5892 0.0000e+00
       2570    388.765     3.7580   3.228101    34.7211    27.5892 0.0000e+00
       2571    388.804     3.7578   3.228081    34.7210    27.5892 0.0000e+00
       2572    388.830     3.7577   3.228072    34.7210    27.5892 0.0000e+00
       2573    388.848     3.7577   3.228074    34.7210    27.5892 0.0000e+00
       2574    388.866     3.7577   3.228086    34.7212    27.5893 0.0000e+00
       2575    388.890     3.7577   3.228104    34.7214    27.5894 0.0000e+00
       2576    388.918     3.7579   3.228123    34.7214    27.5894 0.0000e+00
       2577    388.947     3.7580   3.228146    34.7215    27.5895 0.0000e+00
       2578    388.971     3.7582   3.228168    34.7216    27.5895 0.0000e+00
       2579    388.983     3.7584   3.228178    34.7215    27.5894 0.0000e+00
       2580    388.982     3.7584   3.228182    34.7215    27.5895 0.0000e+00
       2581    388.986     3.7584   3.228182    34.7215    27.5895 0.0000e+00
       2582    389.009     3.7584   3.228170    34.7213    27.5893 0.0000e+00
       2583    389.045     3.7583   3.228136    34.7210    27.5891 0.0000e+00
       2584    389.080     3.7580   3.228095    34.7208    27.5890 0.0000e+00
       2585    389.107     3.7577   3.228084    34.7210    27.5891 0.0000e+00
       2586    389.128     3.7577   3.228102    34.7212    27.5893 0.0000e+00
       2587    389.146     3.7578   3.228122    34.7213    27.5894 0.0000e+00
       2588    389.165     3.7580   3.228142    34.7213    27.5894 0.0000e+00
       2589    389.188     3.7582   3.228165    34.7214    27.5894 0.0000e+00
       2590    389.206     3.7583   3.228172    34.7214    27.5894 0.0000e+00
       2591    389.208     3.7582   3.228153    34.7212    27.5893 0.0000e+00
       2592    389.201     3.7580   3.228142    34.7213    27.5894 0.0000e+00
       2593    389.209     3.7580   3.228143    34.7213    27.5894 0.0000e+00
       2594    389.248     3.7580   3.228135    34.7212    27.5893 0.0000e+00
       2595    389.302     3.7580   3.228116    34.7210    27.5891 0.0000e+00
       2596    389.341     3.7578   3.228097    34.7209    27.5891 0.0000e+00
       2597    389.350     3.7577   3.228095    34.7210    27.5891 0.0000e+00
       2598    389.347     3.7577   3.228110    34.7212    27.5893 0.0000e+00
       2599    389.360     3.7580   3.228155    34.7214    27.5894 0.0000e+00
       2600    389.391     3.7584   3.228223    34.7218    27.5897 0.0000e+00
       2601    389.424     3.7589   3.228281    34.7219    27.5897 0.0000e+00
       2602    389.448     3.7592   3.228308    34.7219    27.5897 0.0000e+00
       2603    389.468     3.7592   3.228311    34.7219    27.5897 0.0000e+00
       2604    389.493     3.7592   3.228316    34.7220    27.5898 0.0000e+00
       2605    389.523     3.7592   3.228326    34.7221    27.5899 0.0000e+00
       2606    389.552     3.7592   3.228330    34.7221    27.5899 0.0000e+00
       2607    389.575     3.7592   3.228317    34.7219    27.5897 0.0000e+00
       2608    389.595     3.7591   3.228282    34.7216    27.5895 0.0000e+00
       2609    389.613     3.7589   3.228249    34.7214    27.5894 0.0000e+00
       2610    389.628     3.7588   3.228239    34.7214    27.5894 0.0000e+00
       2611    389.638     3.7588   3.228251    34.7215    27.5895 0.0000e+00
       2612    389.639     3.7588   3.228266    34.7217    27.5896 0.0000e+00
       2613    389.629     3.7588   3.228273    34.7218    27.5897 0.0000e+00
       2614    389.610     3.7589   3.228274    34.7217    27.5896 0.0000e+00
       2615    389.583     3.7590   3.228278    34.7217    27.5896 0.0000e+00
       2616    389.555     3.7590   3.228282    34.7217    27.5896 0.0000e+00
       2617    389.532     3.7590   3.228280    34.7217    27.5896 0.0000e+00
       2618    389.525     3.7589   3.228273    34.7218    27.5896 0.0000e+00
       2619    389.530     3.7588   3.228276    34.7219    27.5898 0.0000e+00
       2620    389.533     3.7590   3.228301    34.7220    27.5898 0.0000e+00
       2621    389.518     3.7592   3.228344    34.7223    27.5900 0.0000e+00
       2622    389.470     3.7595   3.228380    34.7224    27.5901 0.0000e+00
       2623    389.388     3.7597   3.228391    34.7224    27.5901 0.0000e+00
       2624    389.288     3.7597   3.228382    34.7223    27.5900 0.0000e+00
       2625    389.206     3.7596   3.228373    34.7224    27.5901 0.0000e+00
       2626    389.164     3.7595   3.228366    34.7224    27.5901 0.0000e+00
       2627    389.150     3.7595   3.228348    34.7222    27.5899 0.0000e+00
       2628    389.141     3.7595   3.228328    34.7220    27.5897 0.0000e+00
       2629    389.130     3.7593   3.228303    34.7219    27.5897 0.0000e+00
       2630    389.120     3.7591   3.228276    34.7218    27.5896 0.0000e+00
       2631    389.108     3.7590   3.228268    34.7218    27.5897 0.0000e+00
       2632    389.086     3.7591   3.228274    34.7218    27.5896 0.0000e+00
       2633    389.053     3.7591   3.228276    34.7218    27.5897 0.0000e+00
       2634    389.015     3.7591   3.228282    34.7219    27.5897 0.0000e+00
       2635    388.976     3.7592   3.228295    34.7220    27.5898 0.0000e+00
       2636    388.938     3.7592   3.228307    34.7222    27.5899 0.0000e+00
       2637    388.913     3.7592   3.228318    34.7223    27.5900 0.0000e+00
       2638    388.912     3.7594   3.228325    34.7222    27.5899 0.0000e+00
       2639    388.918     3.7593   3.228301    34.7220    27.5898 0.0000e+00
       2640    388.901     3.7590   3.228234    34.7215    27.5894 0.0000e+00
       2641    388.861     3.7586   3.228154    34.7210    27.5891 0.0000e+00
       2642    388.820     3.7582   3.228093    34.7207    27.5889 0.0000e+00
       2643    388.794     3.7579   3.228053    34.7206    27.5888 0.0000e+00
       2644    388.792     3.7576   3.228006    34.7203    27.5886 0.0000e+00
       2645    388.809     3.7571   3.227944    34.7201    27.5885 0.0000e+00
       2646    388.816     3.7567   3.227906    34.7201    27.5885 0.0000e+00
       2647    388.788     3.7565   3.227911    34.7204    27.5888 0.0000e+00
       2648    388.730     3.7565   3.227933    34.7207    27.5890 0.0000e+00
       2649    388.672     3.7567   3.227948    34.7207    27.5890 0.0000e+00
       2650    388.642     3.7569   3.227965    34.7207    27.5890 0.0000e+00
       2651    388.652     3.7572   3.227995    34.7207    27.5890 0.0000e+00
       2652    388.687     3.7575   3.228035    34.7209    27.5890 0.0000e+00
       2653    388.711     3.7576   3.228068    34.7211    27.5893 0.0000e+00
       2654    388.703     3.7578   3.228100    34.7213    27.5894 0.0000e+00
       2655    388.663     3.7580   3.228118    34.7213    27.5894 0.0000e+00
       2656    388.605     3.7580   3.228118    34.7214    27.5894 0.0000e+00
       2657    388.546     3.7580   3.228114    34.7213    27.5894 0.0000e+00
       2658    388.496     3.7582   3.228120    34.7212    27.5893 0.0000e+00
       2659    388.461     3.7582   3.228128    34.7213    27.5894 0.0000e+00
       2660    388.451     3.7582   3.228111    34.7211    27.5892 0.0000e+00
       2661    388.461     3.7580   3.228056    34.7207    27.5889 0.0000e+00
       2662    388.484     3.7576   3.227986    34.7203    27.5886 0.0000e+00
       2663    388.515     3.7569   3.227916    34.7202    27.5886 0.0000e+00
       2664    388.547     3.7563   3.227844    34.7199    27.5884 0.0000e+00
       2665    388.570     3.7557   3.227775    34.7197    27.5883 0.0000e+00
       2666    388.571     3.7554   3.227732    34.7195    27.5882 0.0000e+00
