Datasets/Multi_Species/TEL214/tel214_2020_027.cnv
* Sea-Bird SBE19plus Data File:
* Filename = C:/AQUIRE/tel214_2020_027.hex
* Software Version AquireV2 AF V2.0
* Temperature SN =  7853
* Conductivity SN =  7853
* System UpLoad Time = Nov 14 2020 23:46:46
* <ApplicationData>
* <AQUIREV2>
** VESSEL/TRIP/SEQ STN: tel214_2020_027
** LATITUDE: 53 33.33 N
** LONGITUDE: 52 28.01 W
** DATE/TIME: 2020-11-14 22:21
** SOUNDING DEPTH (M): 0464
** PROBE TYPE: S7853
** CTD NUMBER: 027
** COMMENTS: 
# nquan = 7                                 
# nvalues = 4954                        
# units = specified
# name 0 = scan: Scan Count
# name 1 = prdM: Pressure, Strain Gauge [db]
# name 2 = tv290C: Temperature [ITS-90, deg C]
# name 3 = c0S/m: Conductivity [S/m]
# name 4 = sal00: Salinity, Practical [PSU]
# name 5 = sigma-t00: Density [sigma-t, kg/m^3 ]
# name 6 = flag: flag
# span 0 =          1,       4954       
# span 1 =     -1.092,    465.984       
# span 2 =     0.3270,     4.0926       
# span 3 =   0.000090,   3.261839       
# span 4 =    -0.0012,    34.8099       
# span 5 =    -0.1362,    27.6449       
# span 6 = 0.0000e+00, 0.0000e+00       
# interval = seconds: 1
# start_time = Nov 14 2020 22:21:23 [Instrument's time stamp, header]
# bad_flag = -9.990e-29
*END*
[from data line 3077]
       3078    460.542     3.9135   3.252423    34.8076    27.6421 0.0000e+00
       3079    460.576     3.9135   3.252425    34.8076    27.6421 0.0000e+00
       3080    460.614     3.9134   3.252432    34.8077    27.6423 0.0000e+00
       3081    460.661     3.9135   3.252439    34.8077    27.6422 0.0000e+00
       3082    460.706     3.9135   3.252445    34.8077    27.6422 0.0000e+00
       3083    460.734     3.9136   3.252452    34.8077    27.6422 0.0000e+00
       3084    460.745     3.9138   3.252456    34.8075    27.6421 0.0000e+00
       3085    460.756     3.9138   3.252456    34.8075    27.6420 0.0000e+00
       3086    460.790     3.9138   3.252461    34.8076    27.6421 0.0000e+00
       3087    460.847     3.9139   3.252478    34.8076    27.6421 0.0000e+00
       3088    460.910     3.9141   3.252492    34.8076    27.6420 0.0000e+00
       3089    460.962     3.9143   3.252506    34.8075    27.6420 0.0000e+00
       3090    461.004     3.9143   3.252518    34.8076    27.6421 0.0000e+00
       3091    461.041     3.9143   3.252528    34.8077    27.6421 0.0000e+00
       3092    461.077     3.9145   3.252536    34.8076    27.6420 0.0000e+00
       3093    461.117     3.9147   3.252542    34.8074    27.6419 0.0000e+00
       3094    461.162     3.9147   3.252544    34.8074    27.6419 0.0000e+00
       3095    461.215     3.9147   3.252549    34.8074    27.6419 0.0000e+00
       3096    461.272     3.9147   3.252554    34.8075    27.6419 0.0000e+00
       3097    461.317     3.9147   3.252560    34.8075    27.6419 0.0000e+00
       3098    461.346     3.9147   3.252561    34.8075    27.6419 0.0000e+00
       3099    461.375     3.9147   3.252562    34.8075    27.6419 0.0000e+00
       3100    461.417     3.9147   3.252574    34.8076    27.6420 0.0000e+00
       3101    461.468     3.9148   3.252590    34.8077    27.6421 0.0000e+00
       3102    461.516     3.9151   3.252610    34.8076    27.6420 0.0000e+00
       3103    461.548     3.9154   3.252628    34.8075    27.6418 0.0000e+00
       3104    461.566     3.9157   3.252634    34.8072    27.6416 0.0000e+00
       3105    461.581     3.9157   3.252631    34.8072    27.6416 0.0000e+00
       3106    461.600     3.9157   3.252634    34.8072    27.6416 0.0000e+00
       3107    461.633     3.9157   3.252646    34.8073    27.6417 0.0000e+00
       3108    461.683     3.9158   3.252658    34.8073    27.6417 0.0000e+00
       3109    461.738     3.9158   3.252663    34.8073    27.6417 0.0000e+00
       3110    461.785     3.9160   3.252671    34.8072    27.6416 0.0000e+00
       3111    461.806     3.9162   3.252685    34.8071    27.6415 0.0000e+00
       3112    461.778     3.9163   3.252691    34.8071    27.6415 0.0000e+00
       3113    461.702     3.9164   3.252685    34.8070    27.6414 0.0000e+00
       3114    461.627     3.9164   3.252679    34.8070    27.6413 0.0000e+00
       3115    461.611     3.9162   3.252669    34.8071    27.6414 0.0000e+00
       3116    461.660     3.9162   3.252666    34.8070    27.6414 0.0000e+00
       3117    461.741     3.9162   3.252689    34.8072    27.6416 0.0000e+00
       3118    461.807     3.9165   3.252725    34.8073    27.6416 0.0000e+00
       3119    461.837     3.9168   3.252754    34.8073    27.6416 0.0000e+00
       3120    461.840     3.9170   3.252766    34.8072    27.6415 0.0000e+00
       3121    461.835     3.9170   3.252762    34.8072    27.6415 0.0000e+00
       3122    461.852     3.9170   3.252756    34.8071    27.6414 0.0000e+00
       3123    461.907     3.9173   3.252776    34.8070    27.6413 0.0000e+00
       3124    461.978     3.9176   3.252808    34.8070    27.6413 0.0000e+00
       3125    462.037     3.9177   3.252816    34.8070    27.6412 0.0000e+00
       3126    462.080     3.9177   3.252809    34.8069    27.6411 0.0000e+00
       3127    462.116     3.9177   3.252816    34.8069    27.6412 0.0000e+00
       3128    462.149     3.9177   3.252838    34.8072    27.6414 0.0000e+00
       3129    462.176     3.9180   3.252864    34.8072    27.6413 0.0000e+00
       3130    462.195     3.9183   3.252887    34.8071    27.6413 0.0000e+00
       3131    462.214     3.9185   3.252906    34.8071    27.6412 0.0000e+00
       3132    462.244     3.9187   3.252924    34.8071    27.6412 0.0000e+00
       3133    462.283     3.9188   3.252940    34.8072    27.6412 0.0000e+00
       3134    462.316     3.9189   3.252953    34.8072    27.6413 0.0000e+00
       3135    462.331     3.9190   3.252958    34.8071    27.6412 0.0000e+00
       3136    462.332     3.9191   3.252958    34.8070    27.6411 0.0000e+00
       3137    462.328     3.9190   3.252953    34.8071    27.6412 0.0000e+00
       3138    462.331     3.9190   3.252951    34.8071    27.6411 0.0000e+00
       3139    462.355     3.9190   3.252947    34.8070    27.6411 0.0000e+00
       3140    462.404     3.9190   3.252951    34.8070    27.6411 0.0000e+00
       3141    462.461     3.9192   3.252968    34.8070    27.6411 0.0000e+00
       3142    462.498     3.9194   3.252988    34.8070    27.6410 0.0000e+00
       3143    462.506     3.9196   3.252992    34.8068    27.6409 0.0000e+00
       3144    462.505     3.9196   3.252991    34.8068    27.6409 0.0000e+00
       3145    462.511     3.9196   3.252997    34.8069    27.6409 0.0000e+00
       3146    462.532     3.9196   3.253001    34.8069    27.6410 0.0000e+00
       3147    462.571     3.9195   3.253002    34.8070    27.6410 0.0000e+00
       3148    462.618     3.9195   3.252997    34.8069    27.6410 0.0000e+00
       3149    462.656     3.9195   3.252990    34.8068    27.6409 0.0000e+00
       3150    462.672     3.9195   3.252985    34.8068    27.6408 0.0000e+00
       3151    462.668     3.9195   3.252981    34.8067    27.6408 0.0000e+00
       3152    462.656     3.9194   3.252977    34.8068    27.6409 0.0000e+00
       3153    462.656     3.9193   3.252975    34.8069    27.6409 0.0000e+00
       3154    462.691     3.9192   3.252981    34.8070    27.6411 0.0000e+00
       3155    462.752     3.9192   3.252988    34.8071    27.6411 0.0000e+00
       3156    462.805     3.9192   3.252993    34.8071    27.6411 0.0000e+00
       3157    462.834     3.9193   3.252998    34.8070    27.6411 0.0000e+00
       3158    462.849     3.9193   3.252997    34.8070    27.6411 0.0000e+00
       3159    462.865     3.9195   3.252995    34.8068    27.6409 0.0000e+00
       3160    462.897     3.9195   3.252996    34.8068    27.6409 0.0000e+00
       3161    462.955     3.9195   3.253000    34.8068    27.6409 0.0000e+00
       3162    463.028     3.9195   3.253005    34.8068    27.6409 0.0000e+00
       3163    463.079     3.9195   3.253011    34.8068    27.6409 0.0000e+00
       3164    463.084     3.9195   3.253012    34.8069    27.6409 0.0000e+00
       3165    463.056     3.9195   3.253010    34.8068    27.6409 0.0000e+00
       3166    463.033     3.9195   3.253009    34.8068    27.6409 0.0000e+00
       3167    463.050     3.9195   3.253007    34.8068    27.6409 0.0000e+00
       3168    463.117     3.9195   3.253008    34.8068    27.6409 0.0000e+00
       3169    463.200     3.9196   3.253014    34.8067    27.6408 0.0000e+00
       3170    463.259     3.9196   3.253019    34.8067    27.6408 0.0000e+00
       3171    463.287     3.9196   3.253020    34.8067    27.6408 0.0000e+00
       3172    463.304     3.9196   3.253024    34.8068    27.6409 0.0000e+00
       3173    463.330     3.9196   3.253031    34.8068    27.6409 0.0000e+00
       3174    463.377     3.9196   3.253036    34.8069    27.6409 0.0000e+00
       3175    463.443     3.9196   3.253037    34.8069    27.6409 0.0000e+00
       3176    463.513     3.9196   3.253044    34.8069    27.6410 0.0000e+00
       3177    463.562     3.9196   3.253055    34.8070    27.6410 0.0000e+00
       3178    463.583     3.9197   3.253065    34.8070    27.6410 0.0000e+00
       3179    463.602     3.9199   3.253068    34.8068    27.6409 0.0000e+00
       3180    463.640     3.9200   3.253071    34.8067    27.6408 0.0000e+00
       3181    463.696     3.9202   3.253084    34.8066    27.6407 0.0000e+00
       3182    463.753     3.9204   3.253102    34.8066    27.6406 0.0000e+00
       3183    463.791     3.9205   3.253115    34.8066    27.6407 0.0000e+00
       3184    463.808     3.9206   3.253119    34.8066    27.6406 0.0000e+00
       3185    463.820     3.9204   3.253117    34.8068    27.6408 0.0000e+00
       3186    463.845     3.9204   3.253123    34.8068    27.6408 0.0000e+00
       3187    463.883     3.9206   3.253135    34.8067    27.6407 0.0000e+00
       3188    463.920     3.9208   3.253147    34.8066    27.6406 0.0000e+00
       3189    463.947     3.9208   3.253155    34.8067    27.6407 0.0000e+00
       3190    463.965     3.9209   3.253163    34.8067    27.6407 0.0000e+00
       3191    463.987     3.9211   3.253179    34.8067    27.6406 0.0000e+00
       3192    464.017     3.9213   3.253206    34.8068    27.6407 0.0000e+00
       3193    464.043     3.9217   3.253240    34.8067    27.6406 0.0000e+00
       3194    464.052     3.9219   3.253264    34.8068    27.6406 0.0000e+00
       3195    464.046     3.9222   3.253270    34.8065    27.6404 0.0000e+00
       3196    464.037     3.9222   3.253264    34.8065    27.6403 0.0000e+00
       3197    464.046     3.9222   3.253259    34.8064    27.6403 0.0000e+00
       3198    464.082     3.9221   3.253262    34.8065    27.6404 0.0000e+00
       3199    464.131     3.9223   3.253284    34.8066    27.6404 0.0000e+00
       3200    464.168     3.9226   3.253322    34.8067    27.6405 0.0000e+00
       3201    464.181     3.9230   3.253358    34.8067    27.6404 0.0000e+00
       3202    464.179     3.9231   3.253375    34.8068    27.6405 0.0000e+00
       3203    464.182     3.9232   3.253380    34.8067    27.6404 0.0000e+00
       3204    464.199     3.9232   3.253386    34.8068    27.6405 0.0000e+00
       3205    464.230     3.9234   3.253385    34.8065    27.6403 0.0000e+00
       3206    464.264     3.9234   3.253377    34.8064    27.6402 0.0000e+00
       3207    464.294     3.9232   3.253367    34.8065    27.6403 0.0000e+00
       3208    464.317     3.9231   3.253358    34.8065    27.6403 0.0000e+00
       3209    464.335     3.9231   3.253355    34.8065    27.6402 0.0000e+00
       3210    464.353     3.9231   3.253356    34.8065    27.6402 0.0000e+00
       3211    464.375     3.9231   3.253358    34.8065    27.6402 0.0000e+00
       3212    464.396     3.9231   3.253364    34.8065    27.6403 0.0000e+00
       3213    464.413     3.9231   3.253374    34.8066    27.6404 0.0000e+00
       3214    464.424     3.9233   3.253389    34.8066    27.6403 0.0000e+00
       3215    464.433     3.9234   3.253403    34.8067    27.6404 0.0000e+00
       3216    464.455     3.9235   3.253421    34.8067    27.6404 0.0000e+00
       3217    464.498     3.9238   3.253446    34.8067    27.6404 0.0000e+00
       3218    464.543     3.9242   3.253467    34.8065    27.6402 0.0000e+00
       3219    464.570     3.9245   3.253482    34.8064    27.6400 0.0000e+00
       3220    464.581     3.9247   3.253500    34.8063    27.6400 0.0000e+00
       3221    464.584     3.9249   3.253513    34.8063    27.6399 0.0000e+00
       3222    464.588     3.9249   3.253503    34.8062    27.6398 0.0000e+00
       3223    464.606     3.9248   3.253493    34.8061    27.6398 0.0000e+00
       3224    464.646     3.9246   3.253502    34.8064    27.6401 0.0000e+00
       3225    464.704     3.9246   3.253516    34.8066    27.6402 0.0000e+00
       3226    464.762     3.9246   3.253517    34.8066    27.6402 0.0000e+00
       3227    464.802     3.9246   3.253508    34.8064    27.6401 0.0000e+00
       3228    464.825     3.9246   3.253503    34.8064    27.6400 0.0000e+00
       3229    464.845     3.9248   3.253501    34.8061    27.6398 0.0000e+00
       3230    464.871     3.9248   3.253496    34.8060    27.6397 0.0000e+00
       3231    464.904     3.9246   3.253489    34.8062    27.6398 0.0000e+00
       3232    464.937     3.9246   3.253487    34.8061    27.6398 0.0000e+00
       3233    464.965     3.9246   3.253495    34.8062    27.6399 0.0000e+00
       3234    464.996     3.9246   3.253504    34.8063    27.6399 0.0000e+00
       3235    465.030     3.9246   3.253510    34.8063    27.6400 0.0000e+00
       3236    465.057     3.9246   3.253506    34.8063    27.6399 0.0000e+00
       3237    465.065     3.9245   3.253490    34.8062    27.6399 0.0000e+00
       3238    465.057     3.9244   3.253476    34.8061    27.6398 0.0000e+00
       3239    465.048     3.9243   3.253467    34.8061    27.6399 0.0000e+00
       3240    465.057     3.9242   3.253458    34.8061    27.6399 0.0000e+00
       3241    465.094     3.9242   3.253462    34.8062    27.6399 0.0000e+00
       3242    465.141     3.9244   3.253488    34.8062    27.6399 0.0000e+00
       3243    465.173     3.9246   3.253514    34.8063    27.6400 0.0000e+00
       3244    465.185     3.9246   3.253520    34.8064    27.6400 0.0000e+00
       3245    465.191     3.9246   3.253520    34.8064    27.6400 0.0000e+00
       3246    465.203     3.9246   3.253525    34.8064    27.6401 0.0000e+00
       3247    465.232     3.9247   3.253537    34.8064    27.6401 0.0000e+00
       3248    465.271     3.9249   3.253558    34.8065    27.6401 0.0000e+00
       3249    465.305     3.9251   3.253580    34.8065    27.6401 0.0000e+00
       3250    465.326     3.9253   3.253588    34.8064    27.6399 0.0000e+00
       3251    465.336     3.9254   3.253581    34.8062    27.6398 0.0000e+00
       3252    465.338     3.9253   3.253569    34.8061    27.6397 0.0000e+00
       3253    465.333     3.9253   3.253561    34.8060    27.6397 0.0000e+00
       3254    465.329     3.9251   3.253550    34.8061    27.6398 0.0000e+00
       3255    465.336     3.9249   3.253539    34.8062    27.6398 0.0000e+00
       3256    465.356     3.9249   3.253531    34.8061    27.6398 0.0000e+00
       3257    465.384     3.9249   3.253528    34.8060    27.6397 0.0000e+00
       3258    465.408     3.9249   3.253532    34.8061    27.6397 0.0000e+00
       3259    465.424     3.9249   3.253533    34.8061    27.6397 0.0000e+00
       3260    465.434     3.9249   3.253530    34.8060    27.6397 0.0000e+00
       3261    465.445     3.9249   3.253531    34.8060    27.6397 0.0000e+00
       3262    465.457     3.9249   3.253539    34.8061    27.6398 0.0000e+00
       3263    465.465     3.9249   3.253544    34.8062    27.6398 0.0000e+00
       3264    465.465     3.9249   3.253542    34.8062    27.6398 0.0000e+00
       3265    465.455     3.9249   3.253538    34.8061    27.6398 0.0000e+00
       3266    465.441     3.9249   3.253534    34.8061    27.6398 0.0000e+00
       3267    465.436     3.9249   3.253537    34.8061    27.6398 0.0000e+00
       3268    465.447     3.9249   3.253541    34.8062    27.6398 0.0000e+00
       3269    465.465     3.9249   3.253544    34.8062    27.6398 0.0000e+00
       3270    465.475     3.9250   3.253542    34.8061    27.6397 0.0000e+00
       3271    465.468     3.9249   3.253539    34.8061    27.6398 0.0000e+00
       3272    465.445     3.9249   3.253534    34.8061    27.6397 0.0000e+00
       3273    465.418     3.9249   3.253533    34.8061    27.6398 0.0000e+00
       3274    465.406     3.9249   3.253540    34.8062    27.6398 0.0000e+00
       3275    465.415     3.9249   3.253546    34.8062    27.6399 0.0000e+00
       3276    465.427     3.9249   3.253547    34.8062    27.6399 0.0000e+00
       3277    465.426     3.9249   3.253549    34.8063    27.6399 0.0000e+00
       3278    465.417     3.9250   3.253550    34.8062    27.6398 0.0000e+00
       3279    465.414     3.9250   3.253549    34.8062    27.6398 0.0000e+00
       3280    465.424     3.9251   3.253547    34.8060    27.6397 0.0000e+00
       3281    465.442     3.9251   3.253547    34.8060    27.6397 0.0000e+00
       3282    465.455     3.9252   3.253551    34.8060    27.6396 0.0000e+00
