Datasets/Multi_Species/TEL214/tel214_2020_018.cnv
* Sea-Bird SBE19plus Data File:
* Filename = C:/AQUIRE/tel214_2020_018.hex
* Software Version AquireV2 AF V2.0
* Temperature SN =  7853
* Conductivity SN =  7853
* System UpLoad Time = Nov 11 2020 13:11:45
* <ApplicationData>
* <AQUIREV2>
** VESSEL/TRIP/SEQ STN: tel214_2020_018
** LATITUDE: 54 29.61 N
** LONGITUDE: 53 55.60 W
** DATE/TIME: 2020-11-11 12:14
** SOUNDING DEPTH (M): 0235
** PROBE TYPE: S7853
** CTD NUMBER:  18
** COMMENTS: 
# nquan = 7                                 
# nvalues = 3290                        
# units = specified
# name 0 = scan: Scan Count
# name 1 = prdM: Pressure, Strain Gauge [db]
# name 2 = tv290C: Temperature [ITS-90, deg C]
# name 3 = c0S/m: Conductivity [S/m]
# name 4 = sal00: Salinity, Practical [PSU]
# name 5 = sigma-t00: Density [sigma-t, kg/m^3 ]
# name 6 = flag: flag
# span 0 =          1,       3290       
# span 1 =     -1.077,    234.197       
# span 2 =     0.7608,     2.9425       
# span 3 =   0.000012,   3.095544       
# span 4 =    -0.0012,    34.0738       
# span 5 =    -0.1109,    27.1553       
# span 6 = 0.0000e+00, 0.0000e+00       
# interval = seconds: 1
# start_time = Nov 11 2020 12:14:02 [Instrument's time stamp, header]
# bad_flag = -9.990e-29
*END*
[from data line 1436]
       1437    231.285     2.9381   3.095142    34.0708    27.1488 0.0000e+00
       1438    231.361     2.9382   3.095136    34.0705    27.1487 0.0000e+00
       1439    231.456     2.9380   3.095137    34.0707    27.1488 0.0000e+00
       1440    231.562     2.9379   3.095155    34.0710    27.1490 0.0000e+00
       1441    231.656     2.9380   3.095170    34.0710    27.1491 0.0000e+00
       1442    231.739     2.9382   3.095178    34.0709    27.1489 0.0000e+00
       1443    231.821     2.9383   3.095187    34.0708    27.1489 0.0000e+00
       1444    231.886     2.9385   3.095197    34.0707    27.1487 0.0000e+00
       1445    231.910     2.9386   3.095199    34.0706    27.1487 0.0000e+00
       1446    231.910     2.9383   3.095186    34.0707    27.1488 0.0000e+00
       1447    231.932     2.9380   3.095169    34.0708    27.1489 0.0000e+00
       1448    231.992     2.9379   3.095163    34.0708    27.1489 0.0000e+00
       1449    232.067     2.9380   3.095169    34.0708    27.1489 0.0000e+00
       1450    232.134     2.9383   3.095186    34.0706    27.1487 0.0000e+00
       1451    232.179     2.9385   3.095208    34.0707    27.1487 0.0000e+00
       1452    232.196     2.9387   3.095222    34.0706    27.1487 0.0000e+00
       1453    232.197     2.9387   3.095224    34.0706    27.1487 0.0000e+00
       1454    232.214     2.9387   3.095223    34.0706    27.1487 0.0000e+00
       1455    232.261     2.9386   3.095235    34.0708    27.1489 0.0000e+00
       1456    232.317     2.9387   3.095252    34.0709    27.1489 0.0000e+00
       1457    232.361     2.9390   3.095263    34.0707    27.1487 0.0000e+00
       1458    232.390     2.9390   3.095263    34.0707    27.1487 0.0000e+00
       1459    232.404     2.9390   3.095253    34.0706    27.1486 0.0000e+00
       1460    232.404     2.9390   3.095240    34.0704    27.1485 0.0000e+00
       1461    232.403     2.9389   3.095230    34.0704    27.1485 0.0000e+00
       1462    232.421     2.9387   3.095227    34.0705    27.1486 0.0000e+00
       1463    232.464     2.9387   3.095236    34.0706    27.1487 0.0000e+00
       1464    232.513     2.9388   3.095260    34.0708    27.1488 0.0000e+00
       1465    232.538     2.9391   3.095294    34.0709    27.1488 0.0000e+00
       1466    232.504     2.9394   3.095312    34.0708    27.1488 0.0000e+00
       1467    232.386     2.9397   3.095284    34.0702    27.1483 0.0000e+00
       1468    232.224     2.9396   3.095230    34.0697    27.1479 0.0000e+00
       1469    232.126     2.9393   3.095213    34.0699    27.1481 0.0000e+00
       1470    232.138     2.9391   3.095231    34.0703    27.1484 0.0000e+00
       1471    232.213     2.9391   3.095262    34.0707    27.1487 0.0000e+00
       1472    232.270     2.9393   3.095293    34.0708    27.1488 0.0000e+00
       1473    232.265     2.9394   3.095294    34.0707    27.1487 0.0000e+00
       1474    232.224     2.9394   3.095276    34.0705    27.1485 0.0000e+00
       1475    232.206     2.9394   3.095278    34.0705    27.1486 0.0000e+00
       1476    232.235     2.9394   3.095275    34.0705    27.1485 0.0000e+00
       1477    232.297     2.9394   3.095266    34.0704    27.1484 0.0000e+00
       1478    232.364     2.9394   3.095299    34.0707    27.1487 0.0000e+00
       1479    232.407     2.9396   3.095346    34.0711    27.1489 0.0000e+00
       1480    232.417     2.9400   3.095376    34.0710    27.1489 0.0000e+00
       1481    232.413     2.9402   3.095384    34.0709    27.1488 0.0000e+00
       1482    232.426     2.9402   3.095378    34.0708    27.1487 0.0000e+00
       1483    232.463     2.9402   3.095379    34.0708    27.1487 0.0000e+00
       1484    232.514     2.9402   3.095386    34.0708    27.1487 0.0000e+00
       1485    232.569     2.9402   3.095394    34.0709    27.1488 0.0000e+00
       1486    232.623     2.9403   3.095404    34.0709    27.1488 0.0000e+00
       1487    232.668     2.9405   3.095414    34.0708    27.1487 0.0000e+00
       1488    232.699     2.9405   3.095418    34.0708    27.1487 0.0000e+00
       1489    232.719     2.9405   3.095417    34.0708    27.1487 0.0000e+00
       1490    232.725     2.9403   3.095412    34.0709    27.1488 0.0000e+00
       1491    232.711     2.9402   3.095404    34.0710    27.1488 0.0000e+00
       1492    232.688     2.9402   3.095395    34.0709    27.1487 0.0000e+00
       1493    232.681     2.9402   3.095387    34.0708    27.1487 0.0000e+00
       1494    232.704     2.9401   3.095390    34.0709    27.1488 0.0000e+00
       1495    232.736     2.9401   3.095401    34.0710    27.1489 0.0000e+00
       1496    232.749     2.9402   3.095408    34.0710    27.1488 0.0000e+00
       1497    232.742     2.9404   3.095410    34.0708    27.1487 0.0000e+00
       1498    232.737     2.9404   3.095411    34.0708    27.1487 0.0000e+00
       1499    232.752     2.9402   3.095410    34.0710    27.1489 0.0000e+00
       1500    232.783     2.9402   3.095411    34.0710    27.1489 0.0000e+00
       1501    232.809     2.9403   3.095420    34.0710    27.1488 0.0000e+00
       1502    232.824     2.9405   3.095427    34.0709    27.1487 0.0000e+00
       1503    232.836     2.9406   3.095424    34.0707    27.1486 0.0000e+00
       1504    232.853     2.9406   3.095423    34.0707    27.1486 0.0000e+00
       1505    232.875     2.9405   3.095429    34.0709    27.1487 0.0000e+00
       1506    232.890     2.9405   3.095437    34.0709    27.1488 0.0000e+00
       1507    232.893     2.9406   3.095439    34.0709    27.1487 0.0000e+00
       1508    232.899     2.9406   3.095440    34.0709    27.1487 0.0000e+00
       1509    232.918     2.9406   3.095442    34.0709    27.1487 0.0000e+00
       1510    232.936     2.9406   3.095442    34.0709    27.1487 0.0000e+00
       1511    232.946     2.9406   3.095443    34.0709    27.1487 0.0000e+00
       1512    232.959     2.9406   3.095445    34.0709    27.1487 0.0000e+00
       1513    232.978     2.9406   3.095440    34.0708    27.1487 0.0000e+00
       1514    232.992     2.9406   3.095429    34.0707    27.1486 0.0000e+00
       1515    232.989     2.9406   3.095419    34.0706    27.1485 0.0000e+00
       1516    232.975     2.9405   3.095414    34.0706    27.1485 0.0000e+00
       1517    232.973     2.9405   3.095416    34.0706    27.1485 0.0000e+00
       1518    232.989     2.9406   3.095423    34.0706    27.1485 0.0000e+00
       1519    233.009     2.9406   3.095431    34.0707    27.1486 0.0000e+00
       1520    233.023     2.9406   3.095435    34.0707    27.1486 0.0000e+00
       1521    233.037     2.9406   3.095437    34.0708    27.1486 0.0000e+00
       1522    233.054     2.9406   3.095436    34.0707    27.1486 0.0000e+00
       1523    233.063     2.9406   3.095438    34.0708    27.1486 0.0000e+00
       1524    233.037     2.9407   3.095443    34.0707    27.1486 0.0000e+00
       1525    232.968     2.9408   3.095440    34.0706    27.1485 0.0000e+00
       1526    232.883     2.9406   3.095423    34.0707    27.1486 0.0000e+00
       1527    232.833     2.9406   3.095403    34.0705    27.1484 0.0000e+00
       1528    232.839     2.9405   3.095394    34.0705    27.1484 0.0000e+00
       1529    232.873     2.9404   3.095395    34.0706    27.1485 0.0000e+00
       1530    232.902     2.9403   3.095393    34.0706    27.1485 0.0000e+00
       1531    232.922     2.9402   3.095390    34.0707    27.1486 0.0000e+00
       1532    232.940     2.9402   3.095388    34.0706    27.1486 0.0000e+00
       1533    232.956     2.9402   3.095384    34.0706    27.1485 0.0000e+00
       1534    232.969     2.9402   3.095389    34.0706    27.1486 0.0000e+00
       1535    232.980     2.9402   3.095401    34.0708    27.1487 0.0000e+00
       1536    232.981     2.9404   3.095421    34.0708    27.1487 0.0000e+00
       1537    232.965     2.9406   3.095437    34.0708    27.1487 0.0000e+00
       1538    232.943     2.9406   3.095440    34.0708    27.1487 0.0000e+00
       1539    232.940     2.9406   3.095437    34.0708    27.1487 0.0000e+00
       1540    232.965     2.9406   3.095443    34.0709    27.1487 0.0000e+00
       1541    232.997     2.9408   3.095461    34.0709    27.1487 0.0000e+00
       1542    233.006     2.9410   3.095476    34.0708    27.1486 0.0000e+00
       1543    232.976     2.9410   3.095474    34.0708    27.1486 0.0000e+00
       1544    232.918     2.9410   3.095465    34.0707    27.1486 0.0000e+00
       1545    232.863     2.9409   3.095449    34.0707    27.1485 0.0000e+00
       1546    232.843     2.9408   3.095432    34.0706    27.1485 0.0000e+00
       1547    232.866     2.9408   3.095426    34.0705    27.1484 0.0000e+00
       1548    232.899     2.9408   3.095440    34.0707    27.1485 0.0000e+00
       1549    232.898     2.9409   3.095460    34.0708    27.1486 0.0000e+00
       1550    232.828     2.9410   3.095459    34.0707    27.1486 0.0000e+00
       1551    232.697     2.9410   3.095444    34.0706    27.1485 0.0000e+00
       1552    232.578     2.9410   3.095430    34.0705    27.1484 0.0000e+00
       1553    232.545     2.9409   3.095416    34.0705    27.1484 0.0000e+00
       1554    232.589     2.9407   3.095408    34.0705    27.1484 0.0000e+00
       1555    232.643     2.9406   3.095399    34.0705    27.1484 0.0000e+00
       1556    232.658     2.9406   3.095391    34.0704    27.1483 0.0000e+00
       1557    232.647     2.9406   3.095386    34.0704    27.1483 0.0000e+00
       1558    232.653     2.9406   3.095385    34.0703    27.1483 0.0000e+00
       1559    232.680     2.9406   3.095394    34.0704    27.1484 0.0000e+00
       1560    232.704     2.9405   3.095405    34.0707    27.1485 0.0000e+00
       1561    232.719     2.9406   3.095414    34.0707    27.1485 0.0000e+00
       1562    232.744     2.9406   3.095418    34.0707    27.1486 0.0000e+00
       1563    232.787     2.9408   3.095422    34.0705    27.1484 0.0000e+00
       1564    232.826     2.9407   3.095419    34.0706    27.1484 0.0000e+00
       1565    232.839     2.9406   3.095416    34.0706    27.1485 0.0000e+00
       1566    232.833     2.9406   3.095416    34.0706    27.1485 0.0000e+00
       1567    232.830     2.9406   3.095408    34.0705    27.1484 0.0000e+00
       1568    232.836     2.9406   3.095396    34.0704    27.1483 0.0000e+00
       1569    232.848     2.9406   3.095396    34.0704    27.1483 0.0000e+00
       1570    232.863     2.9406   3.095408    34.0705    27.1484 0.0000e+00
       1571    232.875     2.9406   3.095425    34.0707    27.1486 0.0000e+00
       1572    232.881     2.9408   3.095443    34.0707    27.1486 0.0000e+00
       1573    232.879     2.9410   3.095454    34.0706    27.1485 0.0000e+00
       1574    232.873     2.9410   3.095451    34.0706    27.1485 0.0000e+00
       1575    232.874     2.9409   3.095442    34.0706    27.1485 0.0000e+00
       1576    232.887     2.9408   3.095437    34.0706    27.1485 0.0000e+00
       1577    232.901     2.9408   3.095435    34.0706    27.1485 0.0000e+00
       1578    232.904     2.9408   3.095430    34.0705    27.1484 0.0000e+00
       1579    232.905     2.9407   3.095429    34.0706    27.1485 0.0000e+00
       1580    232.918     2.9406   3.095432    34.0708    27.1486 0.0000e+00
       1581    232.938     2.9406   3.095421    34.0706    27.1485 0.0000e+00
       1582    232.944     2.9405   3.095375    34.0702    27.1482 0.0000e+00
       1583    232.927     2.9402   3.095310    34.0697    27.1478 0.0000e+00
       1584    232.906     2.9398   3.095263    34.0696    27.1477 0.0000e+00
       1585    232.906     2.9396   3.095244    34.0695    27.1477 0.0000e+00
       1586    232.923     2.9394   3.095252    34.0698    27.1480 0.0000e+00
       1587    232.931     2.9395   3.095285    34.0701    27.1482 0.0000e+00
       1588    232.920     2.9398   3.095323    34.0703    27.1483 0.0000e+00
       1589    232.913     2.9400   3.095341    34.0703    27.1483 0.0000e+00
       1590    232.925     2.9402   3.095346    34.0701    27.1482 0.0000e+00
       1591    232.948     2.9402   3.095357    34.0703    27.1483 0.0000e+00
       1592    232.965     2.9402   3.095377    34.0705    27.1484 0.0000e+00
       1593    232.978     2.9402   3.095377    34.0705    27.1484 0.0000e+00
       1594    232.994     2.9402   3.095346    34.0701    27.1481 0.0000e+00
       1595    233.012     2.9402   3.095317    34.0697    27.1478 0.0000e+00
       1596    233.022     2.9402   3.095314    34.0697    27.1478 0.0000e+00
       1597    233.018     2.9401   3.095334    34.0700    27.1481 0.0000e+00
       1598    233.002     2.9401   3.095354    34.0703    27.1483 0.0000e+00
       1599    232.993     2.9402   3.095360    34.0703    27.1483 0.0000e+00
       1600    233.003     2.9402   3.095366    34.0703    27.1483 0.0000e+00
       1601    233.020     2.9404   3.095382    34.0703    27.1483 0.0000e+00
       1602    233.023     2.9406   3.095400    34.0703    27.1483 0.0000e+00
       1603    233.004     2.9406   3.095410    34.0705    27.1484 0.0000e+00
       1604    232.975     2.9406   3.095408    34.0704    27.1484 0.0000e+00
       1605    232.956     2.9406   3.095399    34.0703    27.1483 0.0000e+00
       1606    232.963     2.9406   3.095389    34.0702    27.1482 0.0000e+00
       1607    232.986     2.9406   3.095371    34.0700    27.1480 0.0000e+00
       1608    233.006     2.9404   3.095352    34.0700    27.1480 0.0000e+00
       1609    233.016     2.9402   3.095344    34.0701    27.1481 0.0000e+00
       1610    233.019     2.9402   3.095335    34.0700    27.1480 0.0000e+00
       1611    233.018     2.9401   3.095323    34.0699    27.1480 0.0000e+00
       1612    233.024     2.9401   3.095315    34.0698    27.1479 0.0000e+00
       1613    233.040     2.9400   3.095310    34.0698    27.1479 0.0000e+00
       1614    233.053     2.9398   3.095305    34.0700    27.1481 0.0000e+00
       1615    233.048     2.9398   3.095306    34.0700    27.1481 0.0000e+00
       1616    233.033     2.9400   3.095308    34.0698    27.1479 0.0000e+00
       1617    233.026     2.9401   3.095310    34.0697    27.1479 0.0000e+00
       1618    233.036     2.9401   3.095296    34.0696    27.1477 0.0000e+00
       1619    233.059     2.9398   3.095262    34.0695    27.1477 0.0000e+00
       1620    233.075     2.9395   3.095233    34.0694    27.1476 0.0000e+00
       1621    233.072     2.9394   3.095237    34.0696    27.1478 0.0000e+00
       1622    233.072     2.9396   3.095257    34.0696    27.1478 0.0000e+00
       1623    233.091     2.9398   3.095275    34.0696    27.1478 0.0000e+00
       1624    233.112     2.9398   3.095275    34.0696    27.1478 0.0000e+00
       1625    233.107     2.9396   3.095244    34.0694    27.1476 0.0000e+00
       1626    233.075     2.9394   3.095209    34.0692    27.1475 0.0000e+00
       1627    233.048     2.9394   3.095187    34.0690    27.1473 0.0000e+00
       1628    233.053     2.9394   3.095176    34.0688    27.1472 0.0000e+00
       1629    233.078     2.9392   3.095179    34.0691    27.1474 0.0000e+00
       1630    233.089     2.9391   3.095192    34.0693    27.1476 0.0000e+00
       1631    233.082     2.9391   3.095203    34.0695    27.1477 0.0000e+00
       1632    233.078     2.9391   3.095209    34.0695    27.1478 0.0000e+00
       1633    233.090     2.9392   3.095212    34.0695    27.1477 0.0000e+00
       1634    233.109     2.9394   3.095225    34.0694    27.1476 0.0000e+00
       1635    233.116     2.9394   3.095242    34.0696    27.1478 0.0000e+00
       1636    233.101     2.9396   3.095256    34.0696    27.1478 0.0000e+00
       1637    233.073     2.9398   3.095263    34.0695    27.1477 0.0000e+00
       1638    233.058     2.9398   3.095268    34.0695    27.1477 0.0000e+00
       1639    233.066     2.9398   3.095278    34.0697    27.1478 0.0000e+00
       1640    233.088     2.9398   3.095293    34.0698    27.1479 0.0000e+00
       1641    233.100     2.9398   3.095306    34.0700    27.1481 0.0000e+00
