Datasets/Multi_Species/TEL214/tel214_2020_033.cnv
* Sea-Bird SBE19plus Data File:
* Filename = C:/AQUIRE/tel214_2020_033.hex
* Software Version AquireV2 AF V2.0
* Temperature SN =  7853
* Conductivity SN =  7853
* System UpLoad Time = Nov 15 2020 19:15:47
* <ApplicationData>
* <AQUIREV2>
** VESSEL/TRIP/SEQ STN: tel214_2020_033
** LATITUDE: 52 58.89 N
** LONGITUDE: 51 57.42 W
** DATE/TIME: 2020-11-15 16:40
** SOUNDING DEPTH (M): 0603
** PROBE TYPE: S7853
** CTD NUMBER: 033
** COMMENTS: 
# nquan = 7                                 
# nvalues = 4553                        
# units = specified
# name 0 = scan: Scan Count
# name 1 = prdM: Pressure, Strain Gauge [db]
# name 2 = tv290C: Temperature [ITS-90, deg C]
# name 3 = c0S/m: Conductivity [S/m]
# name 4 = sal00: Salinity, Practical [PSU]
# name 5 = sigma-t00: Density [sigma-t, kg/m^3 ]
# name 6 = flag: flag
# span 0 =          1,       4553       
# span 1 =     -1.036,    613.601       
# span 2 =     1.5575,     3.9956       
# span 3 =  -0.000320,   3.256303       
# span 4 =    -0.0005,    34.8258       
# span 5 =    -0.0733,    27.6710       
# span 6 = 0.0000e+00, 0.0000e+00       
# interval = seconds: 1
# start_time = Nov 15 2020 16:40:30 [Instrument's time stamp, header]
# bad_flag = -9.990e-29
*END*
[from data line 2462]
       2463    607.044     3.7821   3.248667    34.8246    27.6692 0.0000e+00
       2464    607.064     3.7823   3.248681    34.8246    27.6691 0.0000e+00
       2465    607.073     3.7825   3.248692    34.8245    27.6690 0.0000e+00
       2466    607.072     3.7827   3.248697    34.8243    27.6689 0.0000e+00
       2467    607.079     3.7827   3.248700    34.8244    27.6689 0.0000e+00
       2468    607.100     3.7827   3.248700    34.8243    27.6689 0.0000e+00
       2469    607.120     3.7827   3.248702    34.8244    27.6689 0.0000e+00
       2470    607.131     3.7825   3.248699    34.8245    27.6691 0.0000e+00
       2471    607.139     3.7824   3.248692    34.8245    27.6691 0.0000e+00
       2472    607.149     3.7824   3.248687    34.8245    27.6690 0.0000e+00
       2473    607.156     3.7824   3.248681    34.8244    27.6690 0.0000e+00
       2474    607.155     3.7824   3.248674    34.8243    27.6689 0.0000e+00
       2475    607.147     3.7823   3.248665    34.8243    27.6689 0.0000e+00
       2476    607.140     3.7821   3.248661    34.8245    27.6691 0.0000e+00
       2477    607.138     3.7820   3.248660    34.8246    27.6692 0.0000e+00
       2478    607.137     3.7820   3.248656    34.8245    27.6691 0.0000e+00
       2479    607.133     3.7820   3.248649    34.8245    27.6691 0.0000e+00
       2480    607.129     3.7820   3.248643    34.8244    27.6690 0.0000e+00
       2481    607.131     3.7820   3.248636    34.8243    27.6689 0.0000e+00
       2482    607.133     3.7818   3.248632    34.8245    27.6691 0.0000e+00
       2483    607.125     3.7817   3.248629    34.8245    27.6692 0.0000e+00
       2484    607.105     3.7817   3.248625    34.8245    27.6691 0.0000e+00
       2485    607.083     3.7817   3.248617    34.8244    27.6691 0.0000e+00
       2486    607.067     3.7817   3.248608    34.8243    27.6690 0.0000e+00
       2487    607.056     3.7816   3.248596    34.8243    27.6690 0.0000e+00
       2488    607.051     3.7813   3.248579    34.8244    27.6691 0.0000e+00
       2489    607.050     3.7811   3.248562    34.8244    27.6691 0.0000e+00
       2490    607.045     3.7809   3.248553    34.8245    27.6692 0.0000e+00
       2491    607.026     3.7808   3.248549    34.8246    27.6693 0.0000e+00
       2492    606.999     3.7807   3.248546    34.8247    27.6694 0.0000e+00
       2493    606.982     3.7807   3.248536    34.8246    27.6693 0.0000e+00
       2494    606.977     3.7806   3.248520    34.8245    27.6692 0.0000e+00
       2495    606.974     3.7804   3.248502    34.8245    27.6692 0.0000e+00
       2496    606.965     3.7802   3.248487    34.8245    27.6693 0.0000e+00
       2497    606.946     3.7800   3.248478    34.8246    27.6694 0.0000e+00
       2498    606.923     3.7798   3.248470    34.8248    27.6695 0.0000e+00
       2499    606.908     3.7797   3.248457    34.8247    27.6695 0.0000e+00
       2500    606.890     3.7797   3.248449    34.8246    27.6694 0.0000e+00
       2501    606.860     3.7797   3.248450    34.8247    27.6695 0.0000e+00
       2502    606.829     3.7797   3.248450    34.8247    27.6695 0.0000e+00
       2503    606.815     3.7796   3.248441    34.8247    27.6695 0.0000e+00
       2504    606.816     3.7794   3.248423    34.8247    27.6695 0.0000e+00
       2505    606.810     3.7792   3.248401    34.8246    27.6695 0.0000e+00
       2506    606.780     3.7790   3.248385    34.8247    27.6695 0.0000e+00
       2507    606.735     3.7790   3.248382    34.8247    27.6695 0.0000e+00
       2508    606.696     3.7790   3.248377    34.8246    27.6695 0.0000e+00
       2509    606.675     3.7789   3.248368    34.8246    27.6695 0.0000e+00
       2510    606.665     3.7787   3.248364    34.8248    27.6697 0.0000e+00
       2511    606.660     3.7786   3.248363    34.8249    27.6698 0.0000e+00
       2512    606.658     3.7786   3.248357    34.8248    27.6697 0.0000e+00
       2513    606.649     3.7785   3.248339    34.8247    27.6696 0.0000e+00
       2514    606.625     3.7783   3.248320    34.8247    27.6697 0.0000e+00
       2515    606.596     3.7782   3.248312    34.8248    27.6697 0.0000e+00
       2516    606.577     3.7782   3.248314    34.8248    27.6697 0.0000e+00
       2517    606.570     3.7782   3.248321    34.8249    27.6698 0.0000e+00
       2518    606.566     3.7782   3.248329    34.8250    27.6699 0.0000e+00
       2519    606.561     3.7783   3.248342    34.8250    27.6699 0.0000e+00
       2520    606.555     3.7785   3.248354    34.8250    27.6698 0.0000e+00
       2521    606.542     3.7786   3.248350    34.8248    27.6697 0.0000e+00
       2522    606.510     3.7786   3.248335    34.8247    27.6696 0.0000e+00
       2523    606.457     3.7784   3.248323    34.8248    27.6697 0.0000e+00
       2524    606.404     3.7782   3.248322    34.8250    27.6699 0.0000e+00
       2525    606.380     3.7782   3.248319    34.8250    27.6698 0.0000e+00
       2526    606.382     3.7782   3.248307    34.8248    27.6697 0.0000e+00
       2527    606.380     3.7782   3.248298    34.8247    27.6696 0.0000e+00
       2528    606.347     3.7782   3.248294    34.8247    27.6696 0.0000e+00
       2529    606.286     3.7780   3.248291    34.8249    27.6698 0.0000e+00
       2530    606.221     3.7778   3.248287    34.8251    27.6700 0.0000e+00
       2531    606.182     3.7778   3.248283    34.8251    27.6700 0.0000e+00
       2532    606.178     3.7778   3.248278    34.8250    27.6699 0.0000e+00
       2533    606.198     3.7778   3.248269    34.8249    27.6698 0.0000e+00
       2534    606.213     3.7778   3.248260    34.8248    27.6697 0.0000e+00
       2535    606.196     3.7777   3.248252    34.8248    27.6698 0.0000e+00
       2536    606.147     3.7775   3.248244    34.8249    27.6699 0.0000e+00
       2537    606.098     3.7775   3.248244    34.8250    27.6699 0.0000e+00
       2538    606.081     3.7775   3.248246    34.8250    27.6699 0.0000e+00
       2539    606.099     3.7776   3.248253    34.8250    27.6699 0.0000e+00
       2540    606.123     3.7778   3.248269    34.8249    27.6699 0.0000e+00
       2541    606.120     3.7780   3.248285    34.8249    27.6698 0.0000e+00
       2542    606.091     3.7782   3.248297    34.8248    27.6698 0.0000e+00
       2543    606.061     3.7782   3.248306    34.8250    27.6699 0.0000e+00
       2544    606.051     3.7782   3.248311    34.8250    27.6699 0.0000e+00
       2545    606.062     3.7782   3.248317    34.8251    27.6700 0.0000e+00
       2546    606.083     3.7784   3.248325    34.8250    27.6698 0.0000e+00
       2547    606.094     3.7786   3.248336    34.8249    27.6697 0.0000e+00
       2548    606.094     3.7789   3.248344    34.8247    27.6695 0.0000e+00
       2549    606.098     3.7789   3.248343    34.8247    27.6695 0.0000e+00
       2550    606.117     3.7788   3.248344    34.8248    27.6696 0.0000e+00
       2551    606.145     3.7789   3.248360    34.8248    27.6697 0.0000e+00
       2552    606.150     3.7790   3.248389    34.8251    27.6698 0.0000e+00
       2553    606.101     3.7794   3.248407    34.8249    27.6697 0.0000e+00
       2554    606.003     3.7797   3.248400    34.8245    27.6693 0.0000e+00
       2555    605.912     3.7797   3.248383    34.8244    27.6692 0.0000e+00
       2556    605.882     3.7797   3.248384    34.8244    27.6692 0.0000e+00
       2557    605.913     3.7797   3.248403    34.8246    27.6694 0.0000e+00
       2558    605.960     3.7798   3.248433    34.8248    27.6696 0.0000e+00
       2559    605.977     3.7801   3.248459    34.8248    27.6695 0.0000e+00
       2560    605.962     3.7804   3.248471    34.8247    27.6694 0.0000e+00
       2561    605.950     3.7805   3.248473    34.8246    27.6693 0.0000e+00
       2562    605.968     3.7806   3.248479    34.8245    27.6693 0.0000e+00
       2563    606.009     3.7808   3.248494    34.8245    27.6692 0.0000e+00
       2564    606.056     3.7809   3.248516    34.8246    27.6693 0.0000e+00
       2565    606.089     3.7809   3.248531    34.8248    27.6694 0.0000e+00
       2566    606.108     3.7811   3.248543    34.8247    27.6693 0.0000e+00
       2567    606.125     3.7813   3.248560    34.8247    27.6693 0.0000e+00
       2568    606.151     3.7817   3.248584    34.8245    27.6691 0.0000e+00
       2569    606.187     3.7818   3.248588    34.8244    27.6691 0.0000e+00
       2570    606.226     3.7817   3.248572    34.8243    27.6690 0.0000e+00
       2571    606.264     3.7815   3.248560    34.8244    27.6691 0.0000e+00
       2572    606.302     3.7813   3.248555    34.8245    27.6692 0.0000e+00
       2573    606.336     3.7813   3.248547    34.8244    27.6691 0.0000e+00
       2574    606.359     3.7812   3.248541    34.8244    27.6691 0.0000e+00
       2575    606.371     3.7812   3.248535    34.8244    27.6691 0.0000e+00
       2576    606.383     3.7811   3.248527    34.8244    27.6691 0.0000e+00
       2577    606.413     3.7809   3.248519    34.8245    27.6692 0.0000e+00
       2578    606.462     3.7807   3.248507    34.8245    27.6692 0.0000e+00
       2579    606.512     3.7805   3.248496    34.8246    27.6693 0.0000e+00
       2580    606.538     3.7805   3.248493    34.8245    27.6692 0.0000e+00
       2581    606.540     3.7805   3.248492    34.8245    27.6692 0.0000e+00
       2582    606.543     3.7805   3.248493    34.8245    27.6692 0.0000e+00
       2583    606.571     3.7805   3.248498    34.8246    27.6693 0.0000e+00
       2584    606.624     3.7805   3.248506    34.8246    27.6693 0.0000e+00
       2585    606.679     3.7804   3.248509    34.8247    27.6694 0.0000e+00
       2586    606.714     3.7804   3.248502    34.8246    27.6694 0.0000e+00
       2587    606.724     3.7805   3.248497    34.8245    27.6692 0.0000e+00
       2588    606.718     3.7805   3.248492    34.8244    27.6692 0.0000e+00
       2589    606.720     3.7805   3.248488    34.8244    27.6691 0.0000e+00
       2590    606.753     3.7803   3.248482    34.8245    27.6692 0.0000e+00
       2591    606.813     3.7801   3.248470    34.8245    27.6693 0.0000e+00
       2592    606.881     3.7799   3.248452    34.8245    27.6693 0.0000e+00
       2593    606.936     3.7797   3.248438    34.8245    27.6693 0.0000e+00
       2594    606.970     3.7797   3.248434    34.8244    27.6693 0.0000e+00
       2595    606.992     3.7796   3.248434    34.8245    27.6694 0.0000e+00
       2596    607.014     3.7796   3.248437    34.8245    27.6694 0.0000e+00
       2597    607.039     3.7794   3.248440    34.8248    27.6696 0.0000e+00
       2598    607.071     3.7794   3.248440    34.8248    27.6696 0.0000e+00
       2599    607.114     3.7794   3.248440    34.8247    27.6695 0.0000e+00
       2600    607.167     3.7794   3.248440    34.8247    27.6695 0.0000e+00
       2601    607.220     3.7794   3.248436    34.8246    27.6695 0.0000e+00
       2602    607.264     3.7794   3.248424    34.8245    27.6693 0.0000e+00
       2603    607.298     3.7792   3.248410    34.8245    27.6694 0.0000e+00
       2604    607.327     3.7789   3.248397    34.8246    27.6695 0.0000e+00
       2605    607.356     3.7787   3.248387    34.8247    27.6696 0.0000e+00
       2606    607.390     3.7786   3.248384    34.8248    27.6697 0.0000e+00
       2607    607.431     3.7786   3.248380    34.8247    27.6696 0.0000e+00
       2608    607.475     3.7786   3.248378    34.8247    27.6696 0.0000e+00
       2609    607.512     3.7786   3.248381    34.8247    27.6696 0.0000e+00
       2610    607.547     3.7786   3.248385    34.8247    27.6696 0.0000e+00
       2611    607.586     3.7785   3.248385    34.8248    27.6697 0.0000e+00
       2612    607.625     3.7783   3.248376    34.8249    27.6698 0.0000e+00
       2613    607.658     3.7782   3.248372    34.8249    27.6698 0.0000e+00
       2614    607.690     3.7782   3.248370    34.8249    27.6698 0.0000e+00
       2615    607.729     3.7782   3.248357    34.8247    27.6696 0.0000e+00
       2616    607.767     3.7781   3.248344    34.8246    27.6696 0.0000e+00
       2617    607.786     3.7779   3.248344    34.8248    27.6698 0.0000e+00
       2618    607.785     3.7778   3.248343    34.8249    27.6699 0.0000e+00
       2619    607.784     3.7778   3.248338    34.8249    27.6698 0.0000e+00
       2620    607.803     3.7777   3.248333    34.8249    27.6699 0.0000e+00
       2621    607.846     3.7777   3.248332    34.8249    27.6698 0.0000e+00
       2622    607.898     3.7777   3.248326    34.8248    27.6697 0.0000e+00
       2623    607.937     3.7776   3.248312    34.8247    27.6697 0.0000e+00
       2624    607.954     3.7774   3.248295    34.8247    27.6697 0.0000e+00
       2625    607.951     3.7771   3.248280    34.8248    27.6699 0.0000e+00
       2626    607.941     3.7770   3.248275    34.8249    27.6699 0.0000e+00
       2627    607.940     3.7770   3.248280    34.8249    27.6700 0.0000e+00
       2628    607.954     3.7770   3.248280    34.8249    27.6699 0.0000e+00
       2629    607.978     3.7771   3.248279    34.8248    27.6698 0.0000e+00
       2630    608.000     3.7771   3.248289    34.8249    27.6699 0.0000e+00
       2631    608.018     3.7771   3.248302    34.8251    27.6700 0.0000e+00
       2632    608.036     3.7771   3.248301    34.8250    27.6700 0.0000e+00
       2633    608.060     3.7771   3.248284    34.8248    27.6698 0.0000e+00
       2634    608.086     3.7769   3.248255    34.8247    27.6697 0.0000e+00
       2635    608.098     3.7765   3.248224    34.8247    27.6698 0.0000e+00
       2636    608.087     3.7761   3.248208    34.8250    27.6701 0.0000e+00
       2637    608.065     3.7759   3.248203    34.8251    27.6702 0.0000e+00
       2638    608.055     3.7759   3.248196    34.8251    27.6701 0.0000e+00
       2639    608.074     3.7759   3.248189    34.8250    27.6701 0.0000e+00
       2640    608.106     3.7759   3.248184    34.8249    27.6700 0.0000e+00
       2641    608.118     3.7759   3.248188    34.8249    27.6700 0.0000e+00
       2642    608.086     3.7759   3.248193    34.8250    27.6701 0.0000e+00
       2643    608.020     3.7759   3.248193    34.8250    27.6701 0.0000e+00
       2644    607.960     3.7759   3.248193    34.8251    27.6702 0.0000e+00
       2645    607.944     3.7759   3.248195    34.8251    27.6702 0.0000e+00
       2646    607.979     3.7759   3.248192    34.8250    27.6701 0.0000e+00
       2647    608.034     3.7759   3.248190    34.8250    27.6701 0.0000e+00
       2648    608.060     3.7760   3.248200    34.8250    27.6701 0.0000e+00
       2649    608.038     3.7761   3.248213    34.8250    27.6701 0.0000e+00
       2650    607.991     3.7762   3.248215    34.8250    27.6701 0.0000e+00
       2651    607.961     3.7761   3.248210    34.8251    27.6701 0.0000e+00
       2652    607.971     3.7760   3.248200    34.8250    27.6701 0.0000e+00
       2653    608.018     3.7759   3.248190    34.8250    27.6701 0.0000e+00
       2654    608.077     3.7759   3.248195    34.8250    27.6701 0.0000e+00
       2655    608.121     3.7760   3.248220    34.8252    27.6703 0.0000e+00
       2656    608.149     3.7762   3.248238    34.8252    27.6702 0.0000e+00
       2657    608.175     3.7763   3.248246    34.8252    27.6702 0.0000e+00
       2658    608.211     3.7763   3.248250    34.8252    27.6702 0.0000e+00
       2659    608.258     3.7763   3.248245    34.8251    27.6701 0.0000e+00
       2660    608.302     3.7761   3.248232    34.8251    27.6702 0.0000e+00
       2661    608.333     3.7760   3.248227    34.8252    27.6702 0.0000e+00
       2662    608.356     3.7762   3.248237    34.8251    27.6701 0.0000e+00
       2663    608.381     3.7763   3.248248    34.8251    27.6701 0.0000e+00
       2664    608.415     3.7763   3.248257    34.8252    27.6702 0.0000e+00
       2665    608.453     3.7764   3.248283    34.8253    27.6703 0.0000e+00
       2666    608.489     3.7767   3.248317    34.8254    27.6704 0.0000e+00
