Datasets/Multi_Species/TEL214/tel214_2020_025.cnv
* Sea-Bird SBE19plus Data File:
* Filename = C:/AQUIRE/tel214_2020_025.hex
* Software Version AquireV2 AF V2.0
* Temperature SN =  7853
* Conductivity SN =  7853
* System UpLoad Time = Nov 14 2020 15:12:44
* <ApplicationData>
* <AQUIREV2>
** VESSEL/TRIP/SEQ STN: tel214_2020_025
** LATITUDE: 55 56.40 N
** LONGITUDE: 53 35.27 W
** DATE/TIME: 2020-11-14 14:07
** SOUNDING DEPTH (M): 0215
** PROBE TYPE: S7853
** CTD NUMBER:  25
** COMMENTS: 
# nquan = 7                                 
# nvalues = 3721                        
# units = specified
# name 0 = scan: Scan Count
# name 1 = prdM: Pressure, Strain Gauge [db]
# name 2 = tv290C: Temperature [ITS-90, deg C]
# name 3 = c0S/m: Conductivity [S/m]
# name 4 = sal00: Salinity, Practical [PSU]
# name 5 = sigma-t00: Density [sigma-t, kg/m^3 ]
# name 6 = flag: flag
# span 0 =          1,       3721       
# span 1 =     -1.047,    213.178       
# span 2 =    -0.5675,     2.8418       
# span 3 =   0.000091,   3.087044       
# span 4 =    -0.0019,    34.1033       
# span 5 =    -0.1989,    27.1850       
# span 6 = 0.0000e+00, 0.0000e+00       
# interval = seconds: 1
# start_time = Nov 14 2020 14:07:52 [Instrument's time stamp, header]
# bad_flag = -9.990e-29
*END*
[from data line 1436]
       1437     30.635     0.9123   2.801706    32.6474    26.1590 0.0000e+00
       1438     31.134     0.9128   2.801792    32.6476    26.1593 0.0000e+00
       1439     31.641     0.9133   2.801871    32.6479    26.1594 0.0000e+00
       1440     32.166     0.9135   2.801954    32.6484    26.1598 0.0000e+00
       1441     32.704     0.9139   2.802066    32.6491    26.1604 0.0000e+00
       1442     33.242     0.9144   2.802231    32.6504    26.1614 0.0000e+00
       1443     33.772     0.9152   2.802452    32.6521    26.1627 0.0000e+00
       1444     34.288     0.9163   2.802696    32.6538    26.1640 0.0000e+00
       1445     34.786     0.9170   2.802902    32.6554    26.1653 0.0000e+00
       1446     35.278     0.9178   2.803060    32.6563    26.1659 0.0000e+00
       1447     35.783     0.9183   2.803212    32.6575    26.1668 0.0000e+00
       1448     36.306     0.9187   2.803353    32.6586    26.1677 0.0000e+00
       1449     36.836     0.9192   2.803455    32.6590    26.1680 0.0000e+00
       1450     37.353     0.9195   2.803551    32.6597    26.1685 0.0000e+00
       1451     37.851     0.9200   2.803711    32.6609    26.1695 0.0000e+00
       1452     38.342     0.9205   2.803873    32.6622    26.1705 0.0000e+00
       1453     38.839     0.9210   2.803930    32.6621    26.1704 0.0000e+00
       1454     39.344     0.9213   2.803995    32.6623    26.1706 0.0000e+00
       1455     39.851     0.9219   2.804295    32.6653    26.1729 0.0000e+00
       1456     40.349     0.9233   2.804829    32.6704    26.1769 0.0000e+00
       1457     40.841     0.9253   2.805413    32.6755    26.1809 0.0000e+00
       1458     41.337     0.9274   2.805937    32.6797    26.1842 0.0000e+00
       1459     41.839     0.9295   2.806373    32.6828    26.1866 0.0000e+00
       1460     42.343     0.9316   2.806736    32.6850    26.1882 0.0000e+00
       1461     42.847     0.9341   2.807341    32.6899    26.1919 0.0000e+00
       1462     43.349     0.9376   2.808561    32.7015    26.2011 0.0000e+00
       1463     43.849     0.9425   2.810194    32.7171    26.2133 0.0000e+00
       1464     44.346     0.9478   2.811841    32.7324    26.2253 0.0000e+00
       1465     44.837     0.9527   2.813192    32.7443    26.2346 0.0000e+00
       1466     45.323     0.9562   2.813955    32.7501    26.2390 0.0000e+00
       1467     45.817     0.9574   2.814296    32.7529    26.2412 0.0000e+00
       1468     46.337     0.9574   2.814817    32.7593    26.2464 0.0000e+00
       1469     46.883     0.9586   2.815720    32.7693    26.2544 0.0000e+00
       1470     47.424     0.9614   2.816484    32.7759    26.2595 0.0000e+00
       1471     47.935     0.9636   2.816825    32.7776    26.2607 0.0000e+00
       1472     48.433     0.9638   2.816976    32.7791    26.2619 0.0000e+00
       1473     48.949     0.9632   2.817397    32.7848    26.2665 0.0000e+00
       1474     49.494     0.9645   2.818599    32.7986    26.2775 0.0000e+00
       1475     50.048     0.9678   2.820102    32.8140    26.2898 0.0000e+00
       1476     50.581     0.9710   2.821073    32.8228    26.2966 0.0000e+00
       1477     51.088     0.9726   2.821577    32.8273    26.3001 0.0000e+00
       1478     51.580     0.9727   2.822003    32.8324    26.3042 0.0000e+00
       1479     52.077     0.9722   2.822461    32.8385    26.3092 0.0000e+00
       1480     52.592     0.9719   2.822834    32.8433    26.3131 0.0000e+00
       1481     53.122     0.9721   2.823111    32.8464    26.3155 0.0000e+00
       1482     53.644     0.9725   2.823390    32.8492    26.3178 0.0000e+00
       1483     54.138     0.9725   2.823679    32.8527    26.3205 0.0000e+00
       1484     54.609     0.9720   2.823896    32.8557    26.3230 0.0000e+00
       1485     55.080     0.9712   2.824021    32.8579    26.3248 0.0000e+00
       1486     55.571     0.9707   2.824149    32.8598    26.3264 0.0000e+00
       1487     56.071     0.9707   2.824279    32.8612    26.3275 0.0000e+00
       1488     56.551     0.9708   2.824371    32.8620    26.3281 0.0000e+00
       1489     57.009     0.9707   2.824486    32.8633    26.3292 0.0000e+00
       1490     57.477     0.9702   2.824644    32.8656    26.3310 0.0000e+00
       1491     57.970     0.9698   2.824792    32.8676    26.3327 0.0000e+00
       1492     58.465     0.9697   2.824900    32.8688    26.3337 0.0000e+00
       1493     58.937     0.9697   2.824965    32.8694    26.3341 0.0000e+00
       1494     59.390     0.9694   2.825002    32.8699    26.3346 0.0000e+00
       1495     59.851     0.9690   2.825047    32.8707    26.3352 0.0000e+00
       1496     60.332     0.9688   2.825099    32.8713    26.3357 0.0000e+00
       1497     60.822     0.9688   2.825148    32.8716    26.3360 0.0000e+00
       1498     61.306     0.9689   2.825187    32.8717    26.3361 0.0000e+00
       1499     61.781     0.9688   2.825213    32.8719    26.3362 0.0000e+00
       1500     62.251     0.9688   2.825234    32.8719    26.3362 0.0000e+00
       1501     62.718     0.9687   2.825247    32.8719    26.3362 0.0000e+00
       1502     63.186     0.9686   2.825260    32.8719    26.3362 0.0000e+00
       1503     63.661     0.9684   2.825275    32.8720    26.3364 0.0000e+00
       1504     64.144     0.9682   2.825294    32.8722    26.3365 0.0000e+00
       1505     64.622     0.9680   2.825321    32.8725    26.3368 0.0000e+00
       1506     65.087     0.9679   2.825370    32.8730    26.3371 0.0000e+00
       1507     65.546     0.9678   2.825438    32.8737    26.3377 0.0000e+00
       1508     66.011     0.9678   2.825515    32.8744    26.3383 0.0000e+00
       1509     66.478     0.9677   2.825616    32.8756    26.3392 0.0000e+00
       1510     66.939     0.9676   2.825770    32.8774    26.3407 0.0000e+00
       1511     67.393     0.9676   2.825989    32.8799    26.3427 0.0000e+00
       1512     67.845     0.9677   2.826235    32.8827    26.3450 0.0000e+00
       1513     68.308     0.9678   2.826445    32.8850    26.3468 0.0000e+00
       1514     68.781     0.9679   2.826613    32.8868    26.3483 0.0000e+00
       1515     69.254     0.9682   2.826787    32.8885    26.3496 0.0000e+00
       1516     69.724     0.9685   2.826996    32.8906    26.3512 0.0000e+00
       1517     70.199     0.9688   2.827309    32.8940    26.3540 0.0000e+00
       1518     70.685     0.9693   2.827761    32.8990    26.3580 0.0000e+00
       1519     71.175     0.9702   2.828306    32.9048    26.3625 0.0000e+00
       1520     71.654     0.9712   2.829007    32.9124    26.3686 0.0000e+00
       1521     72.118     0.9731   2.829910    32.9217    26.3760 0.0000e+00
       1522     72.570     0.9758   2.830834    32.9305    26.3829 0.0000e+00
       1523     73.021     0.9783   2.831573    32.9371    26.3880 0.0000e+00
       1524     73.480     0.9803   2.832147    32.9420    26.3919 0.0000e+00
       1525     73.951     0.9821   2.832676    32.9466    26.3955 0.0000e+00
       1526     74.433     0.9839   2.833257    32.9519    26.3996 0.0000e+00
       1527     74.922     0.9861   2.833984    32.9586    26.4049 0.0000e+00
       1528     75.410     0.9888   2.834780    32.9657    26.4104 0.0000e+00
       1529     75.891     0.9915   2.835465    32.9714    26.4148 0.0000e+00
       1530     76.365     0.9939   2.836017    32.9756    26.4181 0.0000e+00
       1531     76.843     0.9957   2.836491    32.9795    26.4211 0.0000e+00
       1532     77.331     0.9972   2.836953    32.9836    26.4243 0.0000e+00
       1533     77.825     0.9990   2.837527    32.9888    26.4283 0.0000e+00
       1534     78.314     1.0012   2.838235    32.9952    26.4334 0.0000e+00
       1535     78.792     1.0035   2.838925    33.0014    26.4382 0.0000e+00
       1536     79.260     1.0055   2.839478    33.0061    26.4419 0.0000e+00
       1537     79.728     1.0070   2.839955    33.0103    26.4452 0.0000e+00
       1538     80.206     1.0086   2.840457    33.0148    26.4487 0.0000e+00
       1539     80.695     1.0104   2.840955    33.0190    26.4519 0.0000e+00
       1540     81.192     1.0125   2.841505    33.0235    26.4555 0.0000e+00
       1541     81.691     1.0146   2.842324    33.0315    26.4618 0.0000e+00
       1542     82.180     1.0166   2.843322    33.0419    26.4700 0.0000e+00
       1543     82.657     1.0186   2.844260    33.0516    26.4776 0.0000e+00
       1544     83.140     1.0211   2.845222    33.0610    26.4850 0.0000e+00
       1545     83.638     1.0244   2.846210    33.0698    26.4920 0.0000e+00
       1546     84.134     1.0282   2.847051    33.0763    26.4969 0.0000e+00
       1547     84.609     1.0317   2.847739    33.0811    26.5006 0.0000e+00
       1548     85.069     1.0347   2.848372    33.0858    26.5041 0.0000e+00
       1549     85.538     1.0381   2.849082    33.0910    26.5081 0.0000e+00
       1550     86.029     1.0431   2.850024    33.0975    26.5130 0.0000e+00
       1551     86.532     1.0511   2.851501    33.1076    26.5207 0.0000e+00
       1552     87.032     1.0623   2.853465    33.1206    26.5304 0.0000e+00
       1553     87.520     1.0755   2.855342    33.1303    26.5374 0.0000e+00
       1554     88.000     1.0881   2.856803    33.1354    26.5407 0.0000e+00
       1555     88.480     1.0989   2.857942    33.1382    26.5422 0.0000e+00
       1556     88.972     1.1083   2.859036    33.1419    26.5446 0.0000e+00
       1557     89.472     1.1177   2.860229    33.1469    26.5481 0.0000e+00
       1558     89.965     1.1280   2.861585    33.1530    26.5523 0.0000e+00
       1559     90.444     1.1396   2.863109    33.1599    26.5571 0.0000e+00
       1560     90.915     1.1524   2.864729    33.1667    26.5618 0.0000e+00
       1561     91.386     1.1660   2.866564    33.1755    26.5679 0.0000e+00
       1562     91.865     1.1812   2.868528    33.1841    26.5739 0.0000e+00
       1563     92.356     1.1966   2.870128    33.1879    26.5760 0.0000e+00
       1564     92.855     1.2096   2.871445    33.1906    26.5773 0.0000e+00
       1565     93.352     1.2212   2.872910    33.1967    26.5814 0.0000e+00
       1566     93.837     1.2338   2.874321    33.2010    26.5841 0.0000e+00
       1567     94.318     1.2456   2.875389    33.2018    26.5840 0.0000e+00
       1568     94.808     1.2546   2.876170    33.2019    26.5835 0.0000e+00
       1569     95.308     1.2610   2.876852    33.2035    26.5843 0.0000e+00
       1570     95.803     1.2665   2.877541    33.2062    26.5861 0.0000e+00
       1571     96.273     1.2715   2.878031    33.2069    26.5863 0.0000e+00
       1572     96.730     1.2744   2.878269    33.2066    26.5859 0.0000e+00
       1573     97.206     1.2755   2.878636    33.2098    26.5884 0.0000e+00
       1574     97.709     1.2780   2.879265    33.2149    26.5923 0.0000e+00
       1575     98.217     1.2832   2.880019    33.2187    26.5950 0.0000e+00
       1576     98.711     1.2887   2.880759    33.2220    26.5973 0.0000e+00
       1577     99.197     1.2929   2.881356    33.2248    26.5993 0.0000e+00
       1578     99.686     1.2967   2.881980    33.2285    26.6020 0.0000e+00
       1579    100.176     1.3019   2.882695    33.2318    26.6043 0.0000e+00
       1580    100.658     1.3072   2.883235    33.2327    26.6047 0.0000e+00
       1581    101.142     1.3109   2.883641    33.2337    26.6053 0.0000e+00
       1582    101.642     1.3145   2.884175    33.2364    26.6072 0.0000e+00
       1583    102.152     1.3199   2.884871    33.2392    26.6091 0.0000e+00
       1584    102.653     1.3259   2.885586    33.2416    26.6107 0.0000e+00
       1585    103.142     1.3312   2.886283    33.2446    26.6127 0.0000e+00
       1586    103.627     1.3369   2.887023    33.2477    26.6148 0.0000e+00
       1587    104.116     1.3440   2.887652    33.2479    26.6145 0.0000e+00
       1588    104.607     1.3500   2.888019    33.2459    26.6125 0.0000e+00
       1589    105.108     1.3530   2.888202    33.2447    26.6114 0.0000e+00
       1590    105.623     1.3540   2.888391    33.2458    26.6121 0.0000e+00
       1591    106.144     1.3554   2.888746    33.2485    26.6142 0.0000e+00
       1592    106.657     1.3586   2.889206    33.2507    26.6157 0.0000e+00
       1593    107.151     1.3624   2.889540    33.2506    26.6154 0.0000e+00
       1594    107.627     1.3649   2.889696    33.2497    26.6145 0.0000e+00
       1595    108.096     1.3663   2.889785    33.2490    26.6139 0.0000e+00
       1596    108.572     1.3670   2.889892    33.2494    26.6142 0.0000e+00
       1597    109.064     1.3680   2.890220    33.2522    26.6164 0.0000e+00
       1598    109.570     1.3714   2.890854    33.2564    26.6195 0.0000e+00
       1599    110.083     1.3778   2.891600    33.2588    26.6210 0.0000e+00
       1600    110.595     1.3851   2.892294    33.2595    26.6211 0.0000e+00
       1601    111.102     1.3915   2.892870    33.2598    26.6209 0.0000e+00
       1602    111.604     1.3969   2.893380    33.2602    26.6209 0.0000e+00
       1603    112.099     1.4021   2.893890    33.2609    26.6211 0.0000e+00
       1604    112.594     1.4062   2.894272    33.2611    26.6209 0.0000e+00
       1605    113.098     1.4081   2.894543    33.2623    26.6217 0.0000e+00
       1606    113.614     1.4098   2.894893    33.2646    26.6235 0.0000e+00
       1607    114.132     1.4141   2.895480    33.2672    26.6253 0.0000e+00
       1608    114.645     1.4215   2.896388    33.2706    26.6275 0.0000e+00
       1609    115.159     1.4307   2.897409    33.2735    26.6292 0.0000e+00
       1610    115.683     1.4394   2.898263    33.2748    26.6297 0.0000e+00
       1611    116.214     1.4465   2.898850    33.2744    26.6289 0.0000e+00
       1612    116.740     1.4516   2.899226    33.2735    26.6278 0.0000e+00
       1613    117.254     1.4547   2.899547    33.2739    26.6280 0.0000e+00
       1614    117.764     1.4570   2.899900    33.2757    26.6292 0.0000e+00
       1615    118.282     1.4593   2.900295    33.2780    26.6309 0.0000e+00
       1616    118.808     1.4617   2.900712    33.2804    26.6327 0.0000e+00
       1617    119.334     1.4647   2.901245    33.2837    26.6351 0.0000e+00
       1618    119.860     1.4700   2.902103    33.2886    26.6387 0.0000e+00
       1619    120.388     1.4784   2.903286    33.2944    26.6428 0.0000e+00
       1620    120.914     1.4891   2.904571    33.2990    26.6457 0.0000e+00
       1621    121.430     1.4998   2.905644    33.3010    26.6466 0.0000e+00
       1622    121.941     1.5076   2.906373    33.3017    26.6466 0.0000e+00
       1623    122.458     1.5120   2.906917    33.3036    26.6478 0.0000e+00
       1624    122.985     1.5154   2.907395    33.3057    26.6493 0.0000e+00
       1625    123.522     1.5195   2.907869    33.3071    26.6501 0.0000e+00
       1626    124.061     1.5235   2.908270    33.3076    26.6502 0.0000e+00
       1627    124.590     1.5258   2.908540    33.3083    26.6506 0.0000e+00
       1628    125.099     1.5269   2.908798    33.3101    26.6520 0.0000e+00
       1629    125.598     1.5275   2.908984    33.3115    26.6531 0.0000e+00
       1630    126.107     1.5277   2.909112    33.3126    26.6540 0.0000e+00
       1631    126.643     1.5284   2.909519    33.3167    26.6572 0.0000e+00
       1632    127.205     1.5317   2.910276    33.3225    26.6616 0.0000e+00
       1633    127.764     1.5382   2.911248    33.3276    26.6653 0.0000e+00
       1634    128.290     1.5464   2.912374    33.3328    26.6689 0.0000e+00
       1635    128.784     1.5541   2.913383    33.3371    26.6718 0.0000e+00
       1636    129.279     1.5600   2.914099    33.3397    26.6734 0.0000e+00
       1637    129.801     1.5654   2.914754    33.3419    26.6749 0.0000e+00
       1638    130.349     1.5719   2.915493    33.3441    26.6761 0.0000e+00
       1639    130.904     1.5786   2.916132    33.3447    26.6762 0.0000e+00
       1640    131.453     1.5835   2.916606    33.3452    26.6762 0.0000e+00
       1641    131.991     1.5860   2.916966    33.3468    26.6773 0.0000e+00
