Datasets/Multi_Species/TEL214/tel214_2020_035.cnv
* Sea-Bird SBE19plus Data File:
* Filename = C:/AQUIRE/tel214_2020_035.hex
* Software Version AquireV2 AF V2.0
* Temperature SN =  8014
* Conductivity SN =  8014
* System UpLoad Time = Nov 16 2020 01:53:19
* <ApplicationData>
* <AQUIREV2>
** VESSEL/TRIP/SEQ STN: tel214_2020_035
** LATITUDE: 52 49.08 N
** LONGITUDE: 51 47.33 W
** DATE/TIME: 2020-11-15 23:37
** SOUNDING DEPTH (M): 0493
** PROBE TYPE: S8014
** CTD NUMBER: 035
** COMMENTS: 
# nquan = 7                                 
# nvalues = 5756                        
# units = specified
# name 0 = scan: Scan Count
# name 1 = prdM: Pressure, Strain Gauge [db]
# name 2 = tv290C: Temperature [ITS-90, deg C]
# name 3 = c0S/m: Conductivity [S/m]
# name 4 = sal00: Salinity, Practical [PSU]
# name 5 = sigma-t00: Density [sigma-t, kg/m^3 ]
# name 6 = flag: flag
# span 0 =          1,       5756       
# span 1 =     -0.484,    495.614       
# span 2 =     0.0594,     3.9722       
# span 3 =  -0.035847,   3.255970       
# span 4 =    -0.0019,    34.8080       
# span 5 =    -0.1534,    27.6407       
# span 6 = 0.0000e+00, 0.0000e+00       
# interval = seconds: 1
# start_time = Nov 15 2020 23:37:11 [Instrument's time stamp, header]
# bad_flag = -9.990e-29
*END*
[from data line 1436]
       1437     -0.474     1.0671   0.000017    -0.0010    -0.0951 0.0000e+00
       1438     -0.474     1.0671   0.000016    -0.0010    -0.0951 0.0000e+00
       1439     -0.473     1.0674   0.000015    -0.0010    -0.0951 0.0000e+00
       1440     -0.472     1.0677   0.000018    -0.0010    -0.0951 0.0000e+00
       1441     -0.471     1.0678   0.000020    -0.0010    -0.0951 0.0000e+00
       1442     -0.474     1.0680   0.000019    -0.0010    -0.0951 0.0000e+00
       1443     -0.476     1.0681   0.000017    -0.0010    -0.0951 0.0000e+00
       1444     -0.475     1.0682   0.000015    -0.0010    -0.0951 0.0000e+00
       1445     -0.473     1.0683   0.000016    -0.0010    -0.0951 0.0000e+00
       1446     -0.471     1.0684   0.000017    -0.0010    -0.0951 0.0000e+00
       1447     -0.469     1.0683   0.000016    -0.0010    -0.0951 0.0000e+00
       1448     -0.469     1.0681   0.000016    -0.0010    -0.0951 0.0000e+00
       1449     -0.470     1.0680   0.000017    -0.0010    -0.0951 0.0000e+00
       1450     -0.471     1.0681   0.000017    -0.0010    -0.0951 0.0000e+00
       1451     -0.472     1.0682   0.000017    -0.0010    -0.0951 0.0000e+00
       1452     -0.470     1.0683   0.000017    -0.0010    -0.0951 0.0000e+00
       1453     -0.467     1.0682   0.000015    -0.0010    -0.0951 0.0000e+00
       1454     -0.467     1.0683   0.000016    -0.0010    -0.0951 0.0000e+00
       1455     -0.468     1.0686   0.000019    -0.0010    -0.0951 0.0000e+00
       1456     -0.469     1.0690   0.000020    -0.0010    -0.0950 0.0000e+00
       1457     -0.472     1.0696   0.000020    -0.0010    -0.0950 0.0000e+00
       1458     -0.475     1.0703   0.000021    -0.0010    -0.0950 0.0000e+00
       1459     -0.477     1.0715   0.000025    -0.0010    -0.0949 0.0000e+00
       1460     -0.476     1.0728   0.000029    -0.0010    -0.0949 0.0000e+00
       1461     -0.472     1.0735   0.000029    -0.0010    -0.0948 0.0000e+00
       1462     -0.468     1.0738   0.000027    -0.0010    -0.0948 0.0000e+00
       1463     -0.468     1.0738   0.000026    -0.0010    -0.0948 0.0000e+00
       1464     -0.469     1.0738   0.000024    -0.0010    -0.0948 0.0000e+00
       1465     -0.471     1.0737   0.000023    -0.0010    -0.0948 0.0000e+00
       1466     -0.474     1.0735   0.000021    -0.0010    -0.0948 0.0000e+00
       1467     -0.473     1.0732   0.000020    -0.0010    -0.0948 0.0000e+00
       1468     -0.471     1.0730   0.000020    -0.0010    -0.0948 0.0000e+00
       1469     -0.472     1.0728   0.000019    -0.0010    -0.0949 0.0000e+00
       1470     -0.473     1.0726   0.000018    -0.0010    -0.0949 0.0000e+00
       1471     -0.472     1.0724   0.000016    -0.0010    -0.0949 0.0000e+00
       1472     -0.471     1.0725   0.000015    -0.0010    -0.0949 0.0000e+00
       1473     -0.472     1.0726   0.000015    -0.0010    -0.0949 0.0000e+00
       1474     -0.474     1.0724   0.000015    -0.0010    -0.0949 0.0000e+00
       1475     -0.475     1.0724   0.000014    -0.0010    -0.0949 0.0000e+00
       1476     -0.477     1.0724   0.000014    -0.0010    -0.0949 0.0000e+00
       1477     -0.478     1.0724   0.000014    -0.0010    -0.0949 0.0000e+00
       1478     -0.478     1.0733   0.000017    -0.0010    -0.0948 0.0000e+00
       1479     -0.478     1.0746   0.000021    -0.0010    -0.0948 0.0000e+00
       1480     -0.480     1.0755   0.000023    -0.0010    -0.0947 0.0000e+00
       1481     -0.478     1.0755   0.000022    -0.0010    -0.0947 0.0000e+00
       1482     -0.473     1.0752   0.000020    -0.0010    -0.0947 0.0000e+00
       1483     -0.471     1.0750   0.000020    -0.0010    -0.0947 0.0000e+00
       1484     -0.470     1.0749   0.000020    -0.0010    -0.0948 0.0000e+00
       1485     -0.470     1.0748   0.000020    -0.0010    -0.0948 0.0000e+00
       1486     -0.470     1.0747   0.000018    -0.0010    -0.0948 0.0000e+00
       1487     -0.471     1.0751   0.000020    -0.0010    -0.0947 0.0000e+00
       1488     -0.471     1.0760   0.000021    -0.0010    -0.0947 0.0000e+00
       1489     -0.470     1.0768   0.000023    -0.0010    -0.0947 0.0000e+00
       1490     -0.471     1.0776   0.000026    -0.0010    -0.0946 0.0000e+00
       1491     -0.472     1.0778   0.000024    -0.0010    -0.0946 0.0000e+00
       1492     -0.471     1.0776   0.000023    -0.0010    -0.0946 0.0000e+00
       1493     -0.468     1.0772   0.000021    -0.0010    -0.0946 0.0000e+00
       1494     -0.468     1.0769   0.000019    -0.0010    -0.0947 0.0000e+00
       1495     -0.471     1.0772   0.000018    -0.0010    -0.0946 0.0000e+00
       1496     -0.473     1.0787   0.000023    -0.0010    -0.0946 0.0000e+00
       1497     -0.473     1.0810   0.000029    -0.0010    -0.0945 0.0000e+00
       1498     -0.474     1.0827   0.000033    -0.0009    -0.0944 0.0000e+00
       1499     -0.476     1.0830   0.000032    -0.0009    -0.0944 0.0000e+00
       1500     -0.476     1.0829   0.000030    -0.0009    -0.0944 0.0000e+00
       1501     -0.473     1.0829   0.000028    -0.0010    -0.0944 0.0000e+00
       1502     -0.470     1.0831   0.000028    -0.0010    -0.0944 0.0000e+00
       1503     -0.469     1.0835   0.000029    -0.0009    -0.0943 0.0000e+00
       1504     -0.467     1.0836   0.000027    -0.0010    -0.0943 0.0000e+00
       1505     -0.466     1.0831   0.000024    -0.0010    -0.0944 0.0000e+00
       1506     -0.467     1.0824   0.000020    -0.0010    -0.0944 0.0000e+00
       1507     -0.469     1.0820   0.000017    -0.0010    -0.0944 0.0000e+00
       1508     -0.470     1.0818   0.000016    -0.0010    -0.0944 0.0000e+00
       1509     -0.472     1.0819   0.000017    -0.0010    -0.0944 0.0000e+00
       1510     -0.474     1.0819   0.000018    -0.0010    -0.0944 0.0000e+00
       1511     -0.475     1.0817   0.000016    -0.0010    -0.0944 0.0000e+00
       1512     -0.475     1.0814   0.000014    -0.0010    -0.0944 0.0000e+00
       1513     -0.474     1.0810   0.000014    -0.0010    -0.0945 0.0000e+00
       1514     -0.471     1.0806   0.000013    -0.0010    -0.0945 0.0000e+00
       1515     -0.468     1.0804   0.000012    -0.0010    -0.0945 0.0000e+00
       1516     -0.468     1.0804   0.000011    -0.0010    -0.0945 0.0000e+00
       1517     -0.471     1.0806   0.000012    -0.0010    -0.0945 0.0000e+00
       1518     -0.471     1.0809   0.000013    -0.0010    -0.0945 0.0000e+00
       1519     -0.469     1.0809   0.000014    -0.0010    -0.0945 0.0000e+00
       1520     -0.469     1.0807   0.000015    -0.0010    -0.0945 0.0000e+00
       1521     -0.472     1.0805   0.000013    -0.0010    -0.0945 0.0000e+00
       1522     -0.475     1.0804   0.000012    -0.0010    -0.0945 0.0000e+00
       1523     -0.475     1.0804   0.000012    -0.0010    -0.0945 0.0000e+00
       1524     -0.471     1.0804   0.000013    -0.0010    -0.0945 0.0000e+00
       1525     -0.470     1.0803   0.000014    -0.0010    -0.0945 0.0000e+00
       1526     -0.472     1.0801   0.000014    -0.0010    -0.0945 0.0000e+00
       1527     -0.473     1.0800   0.000015    -0.0010    -0.0945 0.0000e+00
       1528     -0.472     1.0801   0.000015    -0.0010    -0.0945 0.0000e+00
       1529     -0.470     1.0802   0.000014    -0.0010    -0.0945 0.0000e+00
       1530     -0.470     1.0800   0.000012    -0.0010    -0.0945 0.0000e+00
       1531     -0.470     1.0800   0.000013    -0.0010    -0.0945 0.0000e+00
       1532     -0.471     1.0804   0.000014    -0.0010    -0.0945 0.0000e+00
       1533     -0.471     1.0810   0.000016    -0.0010    -0.0945 0.0000e+00
       1534     -0.469     1.0820   0.000019    -0.0010    -0.0944 0.0000e+00
       1535     -0.469     1.0839   0.000025    -0.0010    -0.0943 0.0000e+00
       1536     -0.472     1.0873   0.000034    -0.0009    -0.0941 0.0000e+00
       1537     -0.474     1.0917   0.000046    -0.0009    -0.0939 0.0000e+00
       1538     -0.474     1.0953   0.000054    -0.0008    -0.0938 0.0000e+00
       1539     -0.474     1.0976   0.000056    -0.0008    -0.0936 0.0000e+00
       1540     -0.473     1.0987   0.000056    -0.0008    -0.0936 0.0000e+00
       1541     -0.472     1.0996   0.000055    -0.0008    -0.0936 0.0000e+00
       1542     -0.475     1.1004   0.000052    -0.0008    -0.0935 0.0000e+00
       1543     -0.477     1.1008   0.000049    -0.0008    -0.0935 0.0000e+00
       1544     -0.476     1.1005   0.000044    -0.0009    -0.0935 0.0000e+00
       1545     -0.474     1.0999   0.000039    -0.0009    -0.0935 0.0000e+00
       1546     -0.471     1.0993   0.000034    -0.0009    -0.0936 0.0000e+00
       1547     -0.468     1.0989   0.000031    -0.0009    -0.0936 0.0000e+00
       1548     -0.466     1.0982   0.000028    -0.0009    -0.0936 0.0000e+00
       1549     -0.468     1.0973   0.000022    -0.0010    -0.0937 0.0000e+00
       1550     -0.472     1.0964   0.000018    -0.0010    -0.0937 0.0000e+00
       1551     -0.474     1.0960   0.000016    -0.0010    -0.0937 0.0000e+00
       1552     -0.474     1.0960   0.000015    -0.0010    -0.0937 0.0000e+00
       1553     -0.472     1.0964   0.000015    -0.0010    -0.0937 0.0000e+00
       1554     -0.471     1.0970   0.000017    -0.0010    -0.0937 0.0000e+00
       1555     -0.472     1.0971   0.000018    -0.0010    -0.0937 0.0000e+00
       1556     -0.474     1.0970   0.000017    -0.0010    -0.0937 0.0000e+00
       1557     -0.475     1.0973   0.000018    -0.0010    -0.0937 0.0000e+00
       1558     -0.476     1.0980   0.000020    -0.0010    -0.0936 0.0000e+00
       1559     -0.479     1.0983   0.000020    -0.0010    -0.0936 0.0000e+00
       1560     -0.482     1.0982   0.000020    -0.0010    -0.0936 0.0000e+00
       1561     -0.482     1.0977   0.000017    -0.0010    -0.0936 0.0000e+00
       1562     -0.479     1.0970   0.000012    -0.0010    -0.0937 0.0000e+00
       1563     -0.477     1.0964   0.000011    -0.0010    -0.0937 0.0000e+00
       1564     -0.478     1.0959   0.000011    -0.0010    -0.0937 0.0000e+00
       1565     -0.478     1.0949   0.000007    -0.0010    -0.0938 0.0000e+00
       1566     -0.475     1.0932   0.000003    -0.0010    -0.0939 0.0000e+00
       1567     -0.472     1.0917   0.000001    -0.0010    -0.0939 0.0000e+00
       1568     -0.471     1.0910 -4.641e-07     0.0000    -0.0940 0.0000e+00
       1569     -0.471     1.0908 -3.123e-07     0.0000    -0.0940 0.0000e+00
       1570     -0.472     1.0905   0.000001    -0.0010    -0.0940 0.0000e+00
       1571     -0.473     1.0899   0.000002    -0.0010    -0.0940 0.0000e+00
       1572     -0.474     1.0892 2.8535e-07    -0.0010    -0.0941 0.0000e+00
       1573     -0.476     1.0888 6.8147e-07    -0.0010    -0.0941 0.0000e+00
       1574     -0.476     1.0888   0.000004    -0.0010    -0.0941 0.0000e+00
       1575     -0.475     1.0884   0.000005    -0.0010    -0.0941 0.0000e+00
       1576     -0.475     1.0871  -0.000001     0.0000    -0.0942 0.0000e+00
       1577     -0.476     1.0856  -0.000007     0.0000    -0.0942 0.0000e+00
       1578     -0.478     1.0847  -0.000006     0.0000    -0.0943 0.0000e+00
       1579     -0.479     1.0838  -0.000006     0.0000    -0.0943 0.0000e+00
       1580     -0.478     1.0823  -0.000009     0.0000    -0.0944 0.0000e+00
       1581     -0.476     1.0807  -0.000011     0.0000    -0.0945 0.0000e+00
       1582     -0.476     1.0796  -0.000012     0.0000    -0.0945 0.0000e+00
       1583     -0.475     1.0791  -0.000011     0.0000    -0.0945 0.0000e+00
       1584     -0.473     1.0790  -0.000008     0.0000    -0.0946 0.0000e+00
       1585     -0.473     1.0787  -0.000008     0.0000    -0.0946 0.0000e+00
       1586     -0.475     1.0792  -0.000004     0.0000    -0.0945 0.0000e+00
       1587     -0.478     1.0807   0.000005    -0.0010    -0.0945 0.0000e+00
       1588     -0.476     1.0818   0.000011    -0.0010    -0.0944 0.0000e+00
       1589     -0.474     1.0823   0.000014    -0.0010    -0.0944 0.0000e+00
       1590     -0.476     1.0832   0.000018    -0.0010    -0.0943 0.0000e+00
       1591     -0.478     1.0842   0.000021    -0.0010    -0.0943 0.0000e+00
       1592     -0.475     1.0847   0.000020    -0.0010    -0.0943 0.0000e+00
       1593     -0.472     1.0844   0.000018    -0.0010    -0.0943 0.0000e+00
       1594     -0.471     1.0821   0.000010    -0.0010    -0.0944 0.0000e+00
       1595     -0.469     1.0783  -0.000002     0.0000    -0.0946 0.0000e+00
       1596     -0.469     1.0761  -0.000008     0.0000    -0.0947 0.0000e+00
       1597     -0.470     1.0762  -0.000007     0.0000    -0.0947 0.0000e+00
       1598     -0.470     1.0769  -0.000002     0.0000    -0.0947 0.0000e+00
       1599     -0.470     1.0775   0.000003    -0.0010    -0.0946 0.0000e+00
       1600     -0.471     1.0781   0.000006    -0.0010    -0.0946 0.0000e+00
       1601     -0.473     1.0787   0.000010    -0.0010    -0.0946 0.0000e+00
       1602     -0.475     1.0791   0.000013    -0.0010    -0.0945 0.0000e+00
       1603     -0.475     1.0793   0.000012    -0.0010    -0.0945 0.0000e+00
       1604     -0.475     1.0798   0.000012    -0.0010    -0.0945 0.0000e+00
       1605     -0.473     1.0807   0.000017    -0.0010    -0.0945 0.0000e+00
       1606     -0.472     1.0820   0.000023    -0.0010    -0.0944 0.0000e+00
       1607     -0.473     1.0833   0.000026    -0.0010    -0.0943 0.0000e+00
       1608     -0.475     1.0842   0.000026    -0.0010    -0.0943 0.0000e+00
       1609     -0.477     1.0852   0.000030    -0.0009    -0.0942 0.0000e+00
       1610     -0.479     1.0860   0.000031    -0.0009    -0.0942 0.0000e+00
       1611     -0.480     1.0866   0.000031    -0.0009    -0.0942 0.0000e+00
       1612     -0.480     1.0871   0.000030    -0.0009    -0.0942 0.0000e+00
       1613     -0.479     1.0875   0.000029    -0.0009    -0.0941 0.0000e+00
       1614     -0.475     1.0878   0.000028    -0.0010    -0.0941 0.0000e+00
       1615     -0.471     1.0879   0.000026    -0.0010    -0.0941 0.0000e+00
       1616     -0.470     1.0882   0.000026    -0.0010    -0.0941 0.0000e+00
       1617     -0.473     1.0892   0.000030    -0.0009    -0.0941 0.0000e+00
       1618     -0.474     1.0916   0.000036    -0.0009    -0.0939 0.0000e+00
       1619     -0.473     1.0945   0.000042    -0.0009    -0.0938 0.0000e+00
       1620     -0.472     1.0961   0.000042    -0.0009    -0.0937 0.0000e+00
       1621     -0.472     1.0961   0.000038    -0.0009    -0.0937 0.0000e+00
       1622     -0.474     1.0942   0.000031    -0.0009    -0.0938 0.0000e+00
       1623     -0.476     1.0900   0.000017    -0.0010    -0.0940 0.0000e+00
       1624     -0.474     1.0842  -0.000004     0.0000    -0.0943 0.0000e+00
       1625     -0.470     1.0800  -0.000015     0.0000    -0.0945 0.0000e+00
       1626     -0.469     1.0786  -0.000016     0.0000    -0.0946 0.0000e+00
       1627     -0.470     1.0795  -0.000010     0.0000    -0.0945 0.0000e+00
       1628     -0.471     1.0808  -0.000005     0.0000    -0.0945 0.0000e+00
       1629     -0.473     1.0808  -0.000003     0.0000    -0.0945 0.0000e+00
       1630     -0.474     1.0793  -0.000006     0.0000    -0.0945 0.0000e+00
       1631     -0.472     1.0766  -0.000011     0.0000    -0.0947 0.0000e+00
       1632     -0.469     1.0732  -0.000020     0.0000    -0.0948 0.0000e+00
       1633     -0.469     1.0692  -0.000029     0.0000    -0.0950 0.0000e+00
       1634     -0.471     1.0648  -0.000039     0.0000    -0.0952 0.0000e+00
       1635     -0.469     1.0608  -0.000046     0.0000    -0.0954 0.0000e+00
       1636     -0.466     1.0583  -0.000046     0.0000    -0.0956 0.0000e+00
       1637     -0.467     1.0556  -0.000047     0.0000    -0.0957 0.0000e+00
       1638     -0.469     1.0511  -0.000056     0.0000    -0.0959 0.0000e+00
       1639     -0.468     1.0467  -0.000063     0.0000    -0.0961 0.0000e+00
       1640     -0.466     1.0444  -0.000062     0.0000    -0.0962 0.0000e+00
       1641     -0.466     1.0422  -0.000060     0.0000    -0.0964 0.0000e+00
