Datasets/Multi_Species/TEL214/tel214_2020_013.cnv
* Sea-Bird SBE19plus Data File:
* Filename = C:/AQUIRE/tel214_2020_013.hex
* Software Version AquireV2 AF V2.0
* Temperature SN =  7853
* Conductivity SN =  7853
* System UpLoad Time = Nov 10 2020 02:43:05
* <ApplicationData>
* <AQUIREV2>
** VESSEL/TRIP/SEQ STN: tel214_2020_013
** LATITUDE: 54 57.51 N
** LONGITUDE: 54 04.10 W
** DATE/TIME: 2020-11-10 01:17
** SOUNDING DEPTH (M): 0458
** PROBE TYPE: S7853
** CTD NUMBER: 013
** COMMENTS: 
# nquan = 7                                 
# nvalues = 4976                        
# units = specified
# name 0 = scan: Scan Count
# name 1 = prdM: Pressure, Strain Gauge [db]
# name 2 = tv290C: Temperature [ITS-90, deg C]
# name 3 = c0S/m: Conductivity [S/m]
# name 4 = sal00: Salinity, Practical [PSU]
# name 5 = sigma-t00: Density [sigma-t, kg/m^3 ]
# name 6 = flag: flag
# span 0 =          1,       4976       
# span 1 =     -1.123,    454.419       
# span 2 =    -1.6656,     3.9406       
# span 3 =  -0.000266,   3.243802       
# span 4 =    -0.0026,    34.7227       
# span 5 =    -0.2963,    27.5760       
# span 6 = 0.0000e+00, 0.0000e+00       
# interval = seconds: 1
# start_time = Nov 10 2020 01:17:23 [Instrument's time stamp, header]
# bad_flag = -9.990e-29
*END*
[from data line 2257]
       2258    343.049     3.8786   3.234191    34.6904    27.5524 0.0000e+00
       2259    343.166     3.8788   3.234237    34.6907    27.5526 0.0000e+00
       2260    343.287     3.8792   3.234272    34.6906    27.5525 0.0000e+00
       2261    343.412     3.8794   3.234276    34.6904    27.5523 0.0000e+00
       2262    343.530     3.8792   3.234261    34.6903    27.5523 0.0000e+00
       2263    343.634     3.8791   3.234227    34.6900    27.5521 0.0000e+00
       2264    343.730     3.8789   3.234203    34.6898    27.5520 0.0000e+00
       2265    343.827     3.8788   3.234209    34.6900    27.5521 0.0000e+00
       2266    343.918     3.8789   3.234216    34.6899    27.5520 0.0000e+00
       2267    343.997     3.8791   3.234213    34.6896    27.5518 0.0000e+00
       2268    344.076     3.8790   3.234232    34.6899    27.5520 0.0000e+00
       2269    344.171     3.8789   3.234255    34.6902    27.5523 0.0000e+00
       2270    344.283     3.8789   3.234256    34.6902    27.5522 0.0000e+00
       2271    344.397     3.8788   3.234241    34.6900    27.5522 0.0000e+00
       2272    344.500     3.8788   3.234224    34.6898    27.5519 0.0000e+00
       2273    344.593     3.8788   3.234201    34.6895    27.5517 0.0000e+00
       2274    344.687     3.8786   3.234168    34.6892    27.5515 0.0000e+00
       2275    344.788     3.8784   3.234154    34.6892    27.5515 0.0000e+00
       2276    344.891     3.8784   3.234208    34.6898    27.5520 0.0000e+00
       2277    344.987     3.8790   3.234332    34.6906    27.5526 0.0000e+00
       2278    345.070     3.8800   3.234447    34.6909    27.5527 0.0000e+00
       2279    345.146     3.8807   3.234502    34.6907    27.5525 0.0000e+00
       2280    345.230     3.8813   3.234525    34.6903    27.5521 0.0000e+00
       2281    345.322     3.8815   3.234542    34.6903    27.5521 0.0000e+00
       2282    345.417     3.8815   3.234562    34.6905    27.5522 0.0000e+00
       2283    345.511     3.8818   3.234597    34.6905    27.5522 0.0000e+00
       2284    345.601     3.8822   3.234641    34.6906    27.5522 0.0000e+00
       2285    345.691     3.8825   3.234675    34.6906    27.5522 0.0000e+00
       2286    345.793     3.8826   3.234682    34.6905    27.5521 0.0000e+00
       2287    345.912     3.8826   3.234676    34.6904    27.5520 0.0000e+00
       2288    346.036     3.8825   3.234677    34.6904    27.5521 0.0000e+00
       2289    346.149     3.8826   3.234677    34.6903    27.5519 0.0000e+00
       2290    346.247     3.8826   3.234695    34.6904    27.5521 0.0000e+00
       2291    346.339     3.8828   3.234732    34.6906    27.5522 0.0000e+00
       2292    346.432     3.8832   3.234771    34.6906    27.5521 0.0000e+00
       2293    346.522     3.8834   3.234805    34.6908    27.5522 0.0000e+00
       2294    346.610     3.8837   3.234816    34.6905    27.5520 0.0000e+00
       2295    346.704     3.8837   3.234796    34.6902    27.5518 0.0000e+00
       2296    346.818     3.8834   3.234759    34.6900    27.5517 0.0000e+00
       2297    346.954     3.8829   3.234702    34.6898    27.5516 0.0000e+00
       2298    347.100     3.8824   3.234644    34.6896    27.5514 0.0000e+00
       2299    347.243     3.8821   3.234623    34.6896    27.5514 0.0000e+00
       2300    347.371     3.8819   3.234631    34.6898    27.5516 0.0000e+00
       2301    347.488     3.8818   3.234629    34.6898    27.5517 0.0000e+00
       2302    347.605     3.8818   3.234613    34.6896    27.5515 0.0000e+00
       2303    347.721     3.8816   3.234602    34.6896    27.5515 0.0000e+00
       2304    347.832     3.8815   3.234604    34.6897    27.5516 0.0000e+00
       2305    347.945     3.8815   3.234585    34.6894    27.5513 0.0000e+00
       2306    348.070     3.8813   3.234554    34.6892    27.5512 0.0000e+00
       2307    348.205     3.8811   3.234570    34.6895    27.5515 0.0000e+00
       2308    348.344     3.8813   3.234629    34.6899    27.5518 0.0000e+00
       2309    348.488     3.8817   3.234693    34.6902    27.5519 0.0000e+00
       2310    348.634     3.8823   3.234789    34.6906    27.5522 0.0000e+00
       2311    348.776     3.8832   3.234928    34.6912    27.5526 0.0000e+00
       2312    348.910     3.8844   3.235041    34.6912    27.5525 0.0000e+00
       2313    349.040     3.8852   3.235095    34.6910    27.5522 0.0000e+00
       2314    349.172     3.8856   3.235131    34.6909    27.5521 0.0000e+00
       2315    349.300     3.8858   3.235155    34.6909    27.5521 0.0000e+00
       2316    349.421     3.8860   3.235169    34.6908    27.5520 0.0000e+00
       2317    349.541     3.8864   3.235266    34.6915    27.5525 0.0000e+00
       2318    349.671     3.8880   3.235637    34.6941    27.5544 0.0000e+00
       2319    349.812     3.8924   3.236377    34.6982    27.5572 0.0000e+00
       2320    349.956     3.8986   3.237187    34.7012    27.5590 0.0000e+00
       2321    350.091     3.9044   3.237717    34.7013    27.5585 0.0000e+00
       2322    350.217     3.9079   3.237995    34.7008    27.5577 0.0000e+00
       2323    350.347     3.9096   3.238105    34.7002    27.5571 0.0000e+00
       2324    350.488     3.9100   3.238106    34.6998    27.5567 0.0000e+00
       2325    350.629     3.9098   3.238091    34.6997    27.5567 0.0000e+00
       2326    350.761     3.9093   3.238087    34.7001    27.5570 0.0000e+00
       2327    350.889     3.9089   3.238085    34.7005    27.5573 0.0000e+00
       2328    351.020     3.9086   3.238076    34.7006    27.5575 0.0000e+00
       2329    351.148     3.9085   3.238045    34.7003    27.5572 0.0000e+00
       2330    351.268     3.9082   3.237997    34.7000    27.5570 0.0000e+00
       2331    351.387     3.9076   3.237957    34.7000    27.5571 0.0000e+00
       2332    351.516     3.9070   3.237937    34.7004    27.5575 0.0000e+00
       2333    351.662     3.9067   3.237932    34.7006    27.5576 0.0000e+00
       2334    351.820     3.9065   3.237934    34.7007    27.5578 0.0000e+00
       2335    351.975     3.9063   3.237935    34.7008    27.5579 0.0000e+00
       2336    352.119     3.9062   3.237922    34.7007    27.5578 0.0000e+00
       2337    352.257     3.9059   3.237907    34.7008    27.5579 0.0000e+00
       2338    352.397     3.9057   3.237899    34.7008    27.5580 0.0000e+00
       2339    352.536     3.9055   3.237888    34.7008    27.5580 0.0000e+00
       2340    352.671     3.9053   3.237863    34.7007    27.5579 0.0000e+00
       2341    352.811     3.9049   3.237827    34.7006    27.5579 0.0000e+00
       2342    352.968     3.9044   3.237803    34.7008    27.5580 0.0000e+00
       2343    353.141     3.9042   3.237812    34.7010    27.5582 0.0000e+00
       2344    353.319     3.9042   3.237840    34.7012    27.5584 0.0000e+00
       2345    353.491     3.9043   3.237844    34.7011    27.5583 0.0000e+00
       2346    353.652     3.9041   3.237814    34.7008    27.5581 0.0000e+00
       2347    353.810     3.9036   3.237783    34.7009    27.5582 0.0000e+00
       2348    353.973     3.9034   3.237796    34.7012    27.5585 0.0000e+00
       2349    354.137     3.9035   3.237842    34.7015    27.5588 0.0000e+00
       2350    354.294     3.9037   3.237869    34.7016    27.5588 0.0000e+00
       2351    354.440     3.9039   3.237882    34.7014    27.5586 0.0000e+00
       2352    354.585     3.9040   3.237918    34.7017    27.5588 0.0000e+00
       2353    354.740     3.9044   3.237980    34.7019    27.5590 0.0000e+00
       2354    354.909     3.9050   3.238038    34.7019    27.5589 0.0000e+00
       2355    355.083     3.9055   3.238077    34.7017    27.5587 0.0000e+00
       2356    355.247     3.9057   3.238078    34.7014    27.5584 0.0000e+00
       2357    355.406     3.9055   3.238043    34.7011    27.5582 0.0000e+00
       2358    355.575     3.9050   3.238001    34.7011    27.5582 0.0000e+00
       2359    355.759     3.9044   3.237968    34.7012    27.5584 0.0000e+00
       2360    355.947     3.9040   3.237945    34.7013    27.5585 0.0000e+00
       2361    356.122     3.9036   3.237909    34.7012    27.5585 0.0000e+00
       2362    356.282     3.9029   3.237836    34.7010    27.5584 0.0000e+00
       2363    356.438     3.9021   3.237762    34.7008    27.5583 0.0000e+00
       2364    356.598     3.9013   3.237713    34.7010    27.5586 0.0000e+00
       2365    356.765     3.9007   3.237664    34.7010    27.5586 0.0000e+00
       2366    356.943     3.9001   3.237608    34.7009    27.5586 0.0000e+00
       2367    357.132     3.8995   3.237564    34.7009    27.5586 0.0000e+00
       2368    357.324     3.8990   3.237535    34.7010    27.5588 0.0000e+00
       2369    357.506     3.8986   3.237525    34.7012    27.5590 0.0000e+00
       2370    357.688     3.8985   3.237548    34.7014    27.5592 0.0000e+00
       2371    357.888     3.8986   3.237598    34.7018    27.5595 0.0000e+00
       2372    358.101     3.8991   3.237659    34.7019    27.5595 0.0000e+00
       2373    358.301     3.8995   3.237693    34.7018    27.5594 0.0000e+00
       2374    358.476     3.8994   3.237672    34.7015    27.5592 0.0000e+00
       2375    358.635     3.8990   3.237634    34.7014    27.5591 0.0000e+00
       2376    358.798     3.8986   3.237606    34.7014    27.5592 0.0000e+00
       2377    358.983     3.8984   3.237595    34.7014    27.5592 0.0000e+00
       2378    359.190     3.8982   3.237581    34.7013    27.5592 0.0000e+00
       2379    359.405     3.8978   3.237551    34.7013    27.5592 0.0000e+00
       2380    359.620     3.8974   3.237536    34.7014    27.5593 0.0000e+00
       2381    359.839     3.8974   3.237551    34.7015    27.5593 0.0000e+00
       2382    360.061     3.8975   3.237574    34.7015    27.5594 0.0000e+00
       2383    360.271     3.8974   3.237583    34.7016    27.5595 0.0000e+00
       2384    360.464     3.8971   3.237571    34.7017    27.5596 0.0000e+00
       2385    360.657     3.8969   3.237555    34.7016    27.5595 0.0000e+00
       2386    360.865     3.8967   3.237541    34.7016    27.5595 0.0000e+00
       2387    361.082     3.8964   3.237520    34.7015    27.5595 0.0000e+00
       2388    361.287     3.8960   3.237501    34.7016    27.5596 0.0000e+00
       2389    361.484     3.8956   3.237505    34.7020    27.5599 0.0000e+00
       2390    361.686     3.8953   3.237543    34.7026    27.5605 0.0000e+00
       2391    361.896     3.8953   3.237597    34.7032    27.5609 0.0000e+00
       2392    362.103     3.8955   3.237631    34.7032    27.5609 0.0000e+00
       2393    362.303     3.8956   3.237642    34.7032    27.5609 0.0000e+00
       2394    362.501     3.8956   3.237651    34.7032    27.5609 0.0000e+00
       2395    362.702     3.8958   3.237671    34.7031    27.5608 0.0000e+00
       2396    362.904     3.8959   3.237704    34.7033    27.5609 0.0000e+00
       2397    363.106     3.8962   3.237756    34.7035    27.5610 0.0000e+00
       2398    363.312     3.8964   3.237816    34.7038    27.5613 0.0000e+00
       2399    363.526     3.8968   3.237873    34.7040    27.5614 0.0000e+00
       2400    363.743     3.8973   3.237933    34.7041    27.5614 0.0000e+00
       2401    363.947     3.8979   3.237993    34.7040    27.5613 0.0000e+00
       2402    364.134     3.8983   3.238036    34.7040    27.5613 0.0000e+00
       2403    364.321     3.8984   3.238052    34.7040    27.5612 0.0000e+00
       2404    364.523     3.8981   3.238038    34.7040    27.5613 0.0000e+00
       2405    364.736     3.8973   3.237988    34.7042    27.5615 0.0000e+00
       2406    364.949     3.8962   3.237931    34.7045    27.5619 0.0000e+00
       2407    365.157     3.8952   3.237902    34.7052    27.5625 0.0000e+00
       2408    365.366     3.8946   3.237893    34.7056    27.5629 0.0000e+00
       2409    365.579     3.8943   3.237883    34.7057    27.5630 0.0000e+00
       2410    365.785     3.8939   3.237885    34.7060    27.5633 0.0000e+00
       2411    365.977     3.8936   3.237895    34.7063    27.5636 0.0000e+00
       2412    366.166     3.8933   3.237902    34.7066    27.5639 0.0000e+00
       2413    366.367     3.8934   3.237922    34.7066    27.5639 0.0000e+00
       2414    366.578     3.8936   3.237965    34.7068    27.5640 0.0000e+00
       2415    366.784     3.8937   3.238018    34.7072    27.5643 0.0000e+00
       2416    366.976     3.8941   3.238058    34.7072    27.5642 0.0000e+00
       2417    367.167     3.8944   3.238082    34.7071    27.5641 0.0000e+00
       2418    367.373     3.8945   3.238117    34.7073    27.5642 0.0000e+00
       2419    367.591     3.8948   3.238185    34.7076    27.5645 0.0000e+00
       2420    367.803     3.8954   3.238272    34.7079    27.5647 0.0000e+00
       2421    368.005     3.8961   3.238347    34.7080    27.5646 0.0000e+00
       2422    368.204     3.8966   3.238390    34.7078    27.5645 0.0000e+00
       2423    368.410     3.8969   3.238411    34.7077    27.5643 0.0000e+00
       2424    368.622     3.8972   3.238460    34.7078    27.5644 0.0000e+00
       2425    368.832     3.8979   3.238544    34.7080    27.5644 0.0000e+00
       2426    369.038     3.8984   3.238617    34.7082    27.5646 0.0000e+00
       2427    369.250     3.8987   3.238666    34.7083    27.5647 0.0000e+00
       2428    369.473     3.8990   3.238698    34.7083    27.5646 0.0000e+00
       2429    369.698     3.8993   3.238725    34.7082    27.5645 0.0000e+00
       2430    369.908     3.8996   3.238766    34.7082    27.5645 0.0000e+00
       2431    370.104     3.8998   3.238820    34.7086    27.5647 0.0000e+00
       2432    370.308     3.9000   3.238871    34.7088    27.5649 0.0000e+00
       2433    370.536     3.9003   3.238925    34.7090    27.5651 0.0000e+00
       2434    370.781     3.9007   3.239005    34.7094    27.5653 0.0000e+00
       2435    371.021     3.9013   3.239095    34.7098    27.5655 0.0000e+00
       2436    371.243     3.9017   3.239163    34.7100    27.5657 0.0000e+00
       2437    371.459     3.9021   3.239216    34.7101    27.5657 0.0000e+00
       2438    371.691     3.9024   3.239260    34.7102    27.5658 0.0000e+00
       2439    371.938     3.9025   3.239293    34.7103    27.5659 0.0000e+00
       2440    372.184     3.9025   3.239318    34.7105    27.5660 0.0000e+00
       2441    372.414     3.9027   3.239336    34.7104    27.5659 0.0000e+00
       2442    372.639     3.9028   3.239346    34.7103    27.5658 0.0000e+00
       2443    372.883     3.9025   3.239354    34.7106    27.5660 0.0000e+00
       2444    373.161     3.9021   3.239333    34.7106    27.5661 0.0000e+00
       2445    373.457     3.9012   3.239211    34.7099    27.5657 0.0000e+00
       2446    373.735     3.8994   3.239016    34.7094    27.5654 0.0000e+00
       2447    373.985     3.8974   3.238877    34.7097    27.5659 0.0000e+00
       2448    374.228     3.8959   3.238815    34.7104    27.5666 0.0000e+00
       2449    374.488     3.8948   3.238804    34.7113    27.5674 0.0000e+00
       2450    374.770     3.8944   3.238830    34.7119    27.5679 0.0000e+00
       2451    375.073     3.8943   3.238859    34.7122    27.5682 0.0000e+00
       2452    375.387     3.8942   3.238874    34.7123    27.5683 0.0000e+00
       2453    375.693     3.8940   3.238885    34.7125    27.5684 0.0000e+00
       2454    375.972     3.8938   3.238908    34.7128    27.5687 0.0000e+00
       2455    376.231     3.8937   3.238939    34.7132    27.5690 0.0000e+00
       2456    376.497     3.8937   3.238965    34.7133    27.5691 0.0000e+00
       2457    376.796     3.8937   3.238981    34.7134    27.5692 0.0000e+00
       2458    377.134     3.8937   3.238981    34.7132    27.5690 0.0000e+00
       2459    377.493     3.8937   3.238972    34.7129    27.5688 0.0000e+00
       2460    377.847     3.8935   3.238973    34.7129    27.5688 0.0000e+00
       2461    378.178     3.8933   3.239006    34.7133    27.5692 0.0000e+00
