Datasets/Multi_Species/TEL214/tel214_2020_030.cnv
* Sea-Bird SBE19plus Data File:
* Filename = C:/AQUIRE/tel214_2020_030.hex
* Software Version AquireV2 AF V2.0
* Temperature SN =  7853
* Conductivity SN =  7853
* System UpLoad Time = Nov 15 2020 07:48:08
* <ApplicationData>
* <AQUIREV2>
** VESSEL/TRIP/SEQ STN: tel214_2020_030
** LATITUDE: 53 08.83 N
** LONGITUDE: 52 29.65 W
** DATE/TIME: 2020-11-15 06:24
** SOUNDING DEPTH (M): 0434
** PROBE TYPE: S7853
** CTD NUMBER: 030
** COMMENTS: 
# nquan = 7                                 
# nvalues = 4880                        
# units = specified
# name 0 = scan: Scan Count
# name 1 = prdM: Pressure, Strain Gauge [db]
# name 2 = tv290C: Temperature [ITS-90, deg C]
# name 3 = c0S/m: Conductivity [S/m]
# name 4 = sal00: Salinity, Practical [PSU]
# name 5 = sigma-t00: Density [sigma-t, kg/m^3 ]
# name 6 = flag: flag
# span 0 =          1,       4880       
# span 1 =     -1.083,    440.973       
# span 2 =     0.4658,     3.7550       
# span 3 =  -0.000109,   3.218792       
# span 4 =    -0.0010,    34.7809       
# span 5 =    -0.1277,    27.6623       
# span 6 = 0.0000e+00, 0.0000e+00       
# interval = seconds: 1
# start_time = Nov 15 2020 06:24:12 [Instrument's time stamp, header]
# bad_flag = -9.990e-29
*END*
[from data line 206]
        207     -1.063     0.4953   0.000122    -0.0008    -0.1260 0.0000e+00
        208     -1.064     0.4955   0.000123    -0.0008    -0.1260 0.0000e+00
        209     -1.061     0.4955   0.000124    -0.0008    -0.1260 0.0000e+00
        210     -1.059     0.4957   0.000126    -0.0008    -0.1259 0.0000e+00
        211     -1.059     0.4959   0.000126    -0.0008    -0.1259 0.0000e+00
        212     -1.060     0.4961   0.000125    -0.0008    -0.1259 0.0000e+00
        213     -1.061     0.4965   0.000124    -0.0008    -0.1259 0.0000e+00
        214     -1.057     0.4968   0.000125    -0.0008    -0.1259 0.0000e+00
        215     -1.052     0.4970   0.000127    -0.0008    -0.1259 0.0000e+00
        216     -1.051     0.4970   0.000126    -0.0008    -0.1259 0.0000e+00
        217     -1.052     0.4970   0.000126    -0.0008    -0.1259 0.0000e+00
        218     -1.052     0.4970   0.000123    -0.0008    -0.1259 0.0000e+00
        219     -1.053     0.4970   0.000122    -0.0008    -0.1259 0.0000e+00
        220     -1.054     0.4972   0.000124    -0.0008    -0.1259 0.0000e+00
        221     -1.056     0.4974   0.000124    -0.0008    -0.1258 0.0000e+00
        222     -1.060     0.4975   0.000124    -0.0008    -0.1258 0.0000e+00
        223     -1.062     0.4975   0.000125    -0.0008    -0.1258 0.0000e+00
        224     -1.061     0.4975   0.000125    -0.0008    -0.1258 0.0000e+00
        225     -1.061     0.4976   0.000125    -0.0008    -0.1258 0.0000e+00
        226     -1.061     0.4976   0.000124    -0.0008    -0.1258 0.0000e+00
        227     -1.058     0.4978   0.000126    -0.0008    -0.1258 0.0000e+00
        228     -1.056     0.4980   0.000126    -0.0008    -0.1258 0.0000e+00
        229     -1.057     0.4980   0.000126    -0.0008    -0.1258 0.0000e+00
        230     -1.060     0.4980   0.000125    -0.0008    -0.1258 0.0000e+00
        231     -1.062     0.4981   0.000125    -0.0008    -0.1258 0.0000e+00
        232     -1.061     0.4982   0.000125    -0.0008    -0.1258 0.0000e+00
        233     -1.059     0.4984   0.000124    -0.0008    -0.1258 0.0000e+00
        234     -1.058     0.4985   0.000125    -0.0008    -0.1258 0.0000e+00
        235     -1.058     0.4985   0.000125    -0.0008    -0.1258 0.0000e+00
        236     -1.058     0.4985   0.000124    -0.0008    -0.1258 0.0000e+00
        237     -1.058     0.4986   0.000124    -0.0008    -0.1258 0.0000e+00
        238     -1.058     0.4988   0.000125    -0.0008    -0.1258 0.0000e+00
        239     -1.058     0.4987   0.000122    -0.0008    -0.1258 0.0000e+00
        240     -1.058     0.4985   0.000121    -0.0008    -0.1258 0.0000e+00
        241     -1.058     0.4982   0.000122    -0.0008    -0.1258 0.0000e+00
        242     -1.058     0.4982   0.000122    -0.0008    -0.1258 0.0000e+00
        243     -1.058     0.4984   0.000123    -0.0008    -0.1258 0.0000e+00
        244     -1.058     0.4986   0.000123    -0.0008    -0.1258 0.0000e+00
        245     -1.059     0.4988   0.000124    -0.0008    -0.1258 0.0000e+00
        246     -1.061     0.4990   0.000123    -0.0008    -0.1257 0.0000e+00
        247     -1.062     0.4990   0.000124    -0.0008    -0.1257 0.0000e+00
        248     -1.061     0.4989   0.000123    -0.0008    -0.1258 0.0000e+00
        249     -1.059     0.4983   0.000121    -0.0008    -0.1258 0.0000e+00
        250     -1.059     0.4974   0.000119    -0.0008    -0.1258 0.0000e+00
        251     -1.061     0.4963   0.000115    -0.0009    -0.1259 0.0000e+00
        252     -1.062     0.4941   0.000108    -0.0009    -0.1260 0.0000e+00
        253     -1.061     0.4913   0.000101    -0.0010    -0.1262 0.0000e+00
        254     -1.061     0.4899   0.000099    -0.0010    -0.1263 0.0000e+00
        255     -1.062     0.4903   0.000101    -0.0010    -0.1263 0.0000e+00
        256     -1.060     0.4914   0.000106    -0.0009    -0.1262 0.0000e+00
        257     -1.056     0.4917   0.000109    -0.0009    -0.1262 0.0000e+00
        258     -1.052     0.4905   0.000109    -0.0009    -0.1263 0.0000e+00
        259     -1.050     0.4889   0.000104    -0.0010    -0.1263 0.0000e+00
        260     -1.052     0.4887   0.000104    -0.0010    -0.1264 0.0000e+00
        261     -1.056     0.4897   0.000110    -0.0009    -0.1263 0.0000e+00
        262     -1.060     0.4908   0.000116    -0.0009    -0.1262 0.0000e+00
        263     -1.062     0.4912   0.000116    -0.0009    -0.1262 0.0000e+00
        264     -1.061     0.4914   0.000117    -0.0009    -0.1262 0.0000e+00
        265     -1.060     0.4918   0.000120    -0.0008    -0.1262 0.0000e+00
        266     -1.060     0.4922   0.000121    -0.0008    -0.1261 0.0000e+00
        267     -1.059     0.4927   0.000123    -0.0008    -0.1261 0.0000e+00
        268     -1.056     0.4931   0.000123    -0.0008    -0.1261 0.0000e+00
        269     -1.054     0.4936   0.000124    -0.0008    -0.1261 0.0000e+00
        270     -1.054     0.4940   0.000125    -0.0008    -0.1260 0.0000e+00
        271     -1.055     0.4944   0.000126    -0.0008    -0.1260 0.0000e+00
        272     -1.056     0.4947   0.000127    -0.0008    -0.1260 0.0000e+00
        273     -1.055     0.4949   0.000128    -0.0008    -0.1260 0.0000e+00
        274     -1.054     0.4951   0.000127    -0.0008    -0.1260 0.0000e+00
        275     -1.056     0.4953   0.000128    -0.0008    -0.1260 0.0000e+00
        276     -1.059     0.4955   0.000128    -0.0008    -0.1260 0.0000e+00
        277     -1.061     0.4955   0.000128    -0.0008    -0.1260 0.0000e+00
        278     -1.058     0.4956   0.000128    -0.0008    -0.1259 0.0000e+00
        279     -1.055     0.4958   0.000127    -0.0008    -0.1259 0.0000e+00
        280     -1.056     0.4958   0.000124    -0.0008    -0.1259 0.0000e+00
        281     -1.057     0.4958   0.000124    -0.0008    -0.1259 0.0000e+00
        282     -1.057     0.4957   0.000125    -0.0008    -0.1259 0.0000e+00
        283     -1.055     0.4951   0.000123    -0.0008    -0.1260 0.0000e+00
        284     -1.052     0.4944   0.000119    -0.0008    -0.1260 0.0000e+00
        285     -1.052     0.4940   0.000119    -0.0008    -0.1260 0.0000e+00
        286     -1.055     0.4941   0.000119    -0.0008    -0.1260 0.0000e+00
        287     -1.059     0.4945   0.000119    -0.0008    -0.1260 0.0000e+00
        288     -1.060     0.4947   0.000121    -0.0008    -0.1260 0.0000e+00
        289     -1.057     0.4949   0.000123    -0.0008    -0.1260 0.0000e+00
        290     -1.053     0.4950   0.000121    -0.0008    -0.1260 0.0000e+00
        291     -1.052     0.4950   0.000120    -0.0008    -0.1260 0.0000e+00
        292     -1.055     0.4949   0.000120    -0.0008    -0.1260 0.0000e+00
        293     -1.056     0.4949   0.000118    -0.0009    -0.1260 0.0000e+00
        294     -1.055     0.4950   0.000119    -0.0008    -0.1260 0.0000e+00
        295     -1.054     0.4950   0.000120    -0.0008    -0.1260 0.0000e+00
        296     -1.056     0.4950   0.000122    -0.0008    -0.1260 0.0000e+00
        297     -1.060     0.4950   0.000120    -0.0008    -0.1260 0.0000e+00
        298     -1.064     0.4950   0.000119    -0.0008    -0.1260 0.0000e+00
        299     -1.064     0.4950   0.000119    -0.0008    -0.1260 0.0000e+00
        300     -1.061     0.4950   0.000118    -0.0009    -0.1260 0.0000e+00
        301     -1.059     0.4950   0.000118    -0.0009    -0.1260 0.0000e+00
        302     -1.059     0.4950   0.000118    -0.0009    -0.1260 0.0000e+00
        303     -1.061     0.4949   0.000118    -0.0009    -0.1260 0.0000e+00
        304     -1.062     0.4949   0.000118    -0.0009    -0.1260 0.0000e+00
        305     -1.062     0.4949   0.000119    -0.0008    -0.1260 0.0000e+00
        306     -1.061     0.4949   0.000120    -0.0008    -0.1260 0.0000e+00
        307     -1.058     0.4949   0.000120    -0.0008    -0.1260 0.0000e+00
        308     -1.056     0.4949   0.000120    -0.0008    -0.1260 0.0000e+00
        309     -1.058     0.4949   0.000121    -0.0008    -0.1260 0.0000e+00
        310     -1.060     0.4949   0.000120    -0.0008    -0.1260 0.0000e+00
        311     -1.059     0.4949   0.000118    -0.0009    -0.1260 0.0000e+00
        312     -1.057     0.4949   0.000119    -0.0008    -0.1260 0.0000e+00
        313     -1.055     0.4948   0.000122    -0.0008    -0.1260 0.0000e+00
        314     -1.054     0.4948   0.000120    -0.0008    -0.1260 0.0000e+00
        315     -1.056     0.4948   0.000118    -0.0009    -0.1260 0.0000e+00
        316     -1.059     0.4948   0.000118    -0.0009    -0.1260 0.0000e+00
        317     -1.063     0.4948   0.000118    -0.0009    -0.1260 0.0000e+00
        318     -1.068     0.4946   0.000119    -0.0008    -0.1260 0.0000e+00
        319     -1.068     0.4945   0.000120    -0.0008    -0.1260 0.0000e+00
        320     -1.063     0.4945   0.000119    -0.0008    -0.1260 0.0000e+00
        321     -1.058     0.4945   0.000118    -0.0009    -0.1260 0.0000e+00
        322     -1.057     0.4945   0.000117    -0.0009    -0.1260 0.0000e+00
        323     -1.058     0.4944   0.000117    -0.0009    -0.1260 0.0000e+00
        324     -1.058     0.4944   0.000116    -0.0009    -0.1260 0.0000e+00
        325     -1.058     0.4944   0.000115    -0.0009    -0.1260 0.0000e+00
        326     -1.058     0.4944   0.000116    -0.0009    -0.1260 0.0000e+00
        327     -1.058     0.4944   0.000118    -0.0009    -0.1260 0.0000e+00
        328     -1.059     0.4942   0.000118    -0.0009    -0.1260 0.0000e+00
        329     -1.061     0.4942   0.000116    -0.0009    -0.1260 0.0000e+00
        330     -1.064     0.4941   0.000116    -0.0009    -0.1260 0.0000e+00
        331     -1.063     0.4940   0.000119    -0.0008    -0.1260 0.0000e+00
        332     -1.061     0.4940   0.000121    -0.0008    -0.1260 0.0000e+00
        333     -1.064     0.4940   0.000120    -0.0008    -0.1260 0.0000e+00
        334     -1.066     0.4940   0.000117    -0.0009    -0.1260 0.0000e+00
        335     -1.065     0.4940   0.000116    -0.0009    -0.1260 0.0000e+00
        336     -1.061     0.4939   0.000117    -0.0009    -0.1260 0.0000e+00
        337     -1.059     0.4939   0.000118    -0.0009    -0.1260 0.0000e+00
        338     -1.057     0.4939   0.000118    -0.0009    -0.1260 0.0000e+00
        339     -1.055     0.4939   0.000119    -0.0008    -0.1260 0.0000e+00
        340     -1.054     0.4938   0.000120    -0.0008    -0.1261 0.0000e+00
        341     -1.056     0.4938   0.000119    -0.0008    -0.1261 0.0000e+00
        342     -1.058     0.4937   0.000118    -0.0009    -0.1261 0.0000e+00
        343     -1.061     0.4933   0.000118    -0.0009    -0.1261 0.0000e+00
        344     -1.064     0.4930   0.000118    -0.0009    -0.1261 0.0000e+00
        345     -1.064     0.4930   0.000117    -0.0009    -0.1261 0.0000e+00
        346     -1.061     0.4930   0.000117    -0.0009    -0.1261 0.0000e+00
        347     -1.060     0.4932   0.000118    -0.0009    -0.1261 0.0000e+00
        348     -1.062     0.4934   0.000117    -0.0009    -0.1261 0.0000e+00
        349     -1.065     0.4934   0.000118    -0.0009    -0.1261 0.0000e+00
        350     -1.065     0.4934   0.000119    -0.0008    -0.1261 0.0000e+00
        351     -1.062     0.4934   0.000119    -0.0008    -0.1261 0.0000e+00
        352     -1.062     0.4934   0.000121    -0.0008    -0.1261 0.0000e+00
        353     -1.063     0.4934   0.000120    -0.0008    -0.1261 0.0000e+00
        354     -1.063     0.4934   0.000120    -0.0008    -0.1261 0.0000e+00
        355     -1.062     0.4935   0.000120    -0.0008    -0.1261 0.0000e+00
        356     -1.061     0.4935   0.000119    -0.0008    -0.1261 0.0000e+00
        357     -1.059     0.4935   0.000118    -0.0009    -0.1261 0.0000e+00
        358     -1.059     0.4935   0.000118    -0.0009    -0.1261 0.0000e+00
        359     -1.061     0.4935   0.000118    -0.0009    -0.1261 0.0000e+00
        360     -1.063     0.4935   0.000119    -0.0008    -0.1261 0.0000e+00
        361     -1.064     0.4935   0.000121    -0.0008    -0.1261 0.0000e+00
        362     -1.065     0.4935   0.000122    -0.0008    -0.1261 0.0000e+00
        363     -1.065     0.4937   0.000123    -0.0008    -0.1261 0.0000e+00
        364     -1.062     0.4937   0.000123    -0.0008    -0.1261 0.0000e+00
        365     -1.062     0.4936   0.000122    -0.0008    -0.1261 0.0000e+00
        366     -1.063     0.4935   0.000120    -0.0008    -0.1261 0.0000e+00
        367     -1.064     0.4935   0.000119    -0.0008    -0.1261 0.0000e+00
        368     -1.065     0.4935   0.000121    -0.0008    -0.1261 0.0000e+00
        369     -1.066     0.4937   0.000122    -0.0008    -0.1261 0.0000e+00
        370     -1.065     0.4936   0.000118    -0.0009    -0.1261 0.0000e+00
        371     -1.065     0.4931   0.000115    -0.0009    -0.1261 0.0000e+00
        372     -1.065     0.4927   0.000115    -0.0009    -0.1261 0.0000e+00
        373     -1.062     0.4925   0.000115    -0.0009    -0.1261 0.0000e+00
        374     -1.061     0.4925   0.000115    -0.0009    -0.1261 0.0000e+00
        375     -1.062     0.4927   0.000117    -0.0009    -0.1261 0.0000e+00
        376     -1.061     0.4928   0.000119    -0.0008    -0.1261 0.0000e+00
        377     -1.060     0.4929   0.000120    -0.0008    -0.1261 0.0000e+00
        378     -1.061     0.4930   0.000120    -0.0008    -0.1261 0.0000e+00
        379     -1.062     0.4930   0.000119    -0.0008    -0.1261 0.0000e+00
        380     -1.061     0.4930   0.000119    -0.0008    -0.1261 0.0000e+00
        381     -1.059     0.4930   0.000118    -0.0009    -0.1261 0.0000e+00
        382     -1.059     0.4930   0.000119    -0.0008    -0.1261 0.0000e+00
        383     -1.059     0.4930   0.000120    -0.0008    -0.1261 0.0000e+00
        384     -1.061     0.4930   0.000120    -0.0008    -0.1261 0.0000e+00
        385     -1.064     0.4930   0.000118    -0.0009    -0.1261 0.0000e+00
        386     -1.064     0.4930   0.000119    -0.0008    -0.1261 0.0000e+00
        387     -1.059     0.4930   0.000121    -0.0008    -0.1261 0.0000e+00
        388     -1.056     0.4930   0.000121    -0.0008    -0.1261 0.0000e+00
        389     -1.058     0.4930   0.000121    -0.0008    -0.1261 0.0000e+00
        390     -1.061     0.4930   0.000121    -0.0008    -0.1261 0.0000e+00
        391     -1.062     0.4930   0.000122    -0.0008    -0.1261 0.0000e+00
        392     -1.064     0.4930   0.000122    -0.0008    -0.1261 0.0000e+00
        393     -1.067     0.4930   0.000122    -0.0008    -0.1261 0.0000e+00
        394     -1.066     0.4930   0.000122    -0.0008    -0.1261 0.0000e+00
        395     -1.066     0.4930   0.000122    -0.0008    -0.1261 0.0000e+00
        396     -1.066     0.4927   0.000120    -0.0008    -0.1261 0.0000e+00
        397     -1.064     0.4922   0.000116    -0.0009    -0.1261 0.0000e+00
        398     -1.063     0.4920   0.000117    -0.0009    -0.1262 0.0000e+00
        399     -1.062     0.4920   0.000118    -0.0009    -0.1262 0.0000e+00
        400     -1.062     0.4920   0.000119    -0.0008    -0.1262 0.0000e+00
        401     -1.065     0.4920   0.000120    -0.0008    -0.1262 0.0000e+00
        402     -1.065     0.4921   0.000121    -0.0008    -0.1262 0.0000e+00
        403     -1.062     0.4922   0.000121    -0.0008    -0.1261 0.0000e+00
        404     -1.060     0.4922   0.000121    -0.0008    -0.1261 0.0000e+00
        405     -1.061     0.4923   0.000122    -0.0008    -0.1261 0.0000e+00
        406     -1.063     0.4923   0.000122    -0.0008    -0.1261 0.0000e+00
        407     -1.063     0.4924   0.000122    -0.0008    -0.1261 0.0000e+00
        408     -1.063     0.4924   0.000121    -0.0008    -0.1261 0.0000e+00
        409     -1.064     0.4923   0.000121    -0.0008    -0.1261 0.0000e+00
        410     -1.065     0.4920   0.000119    -0.0008    -0.1262 0.0000e+00
