Datasets/Multi_Species/TEL214/tel214_2020_014.cnv
* Sea-Bird SBE19plus Data File:
* Filename = C:/AQUIRE/tel214_2020_014.hex
* Software Version AquireV2 AF V2.0
* Temperature SN =  7853
* Conductivity SN =  7853
* System UpLoad Time = Nov 10 2020 07:13:58
* <ApplicationData>
* <AQUIREV2>
** VESSEL/TRIP/SEQ STN: tel214_2020_014
** LATITUDE: 54 49.65 N
** LONGITUDE: 53 31.18 W
** DATE/TIME: 2020-11-10 05:49
** SOUNDING DEPTH (M): 0605
** PROBE TYPE: S7853
** CTD NUMBER:  14
** COMMENTS: 
# nquan = 7                                 
# nvalues = 4838                        
# units = specified
# name 0 = scan: Scan Count
# name 1 = prdM: Pressure, Strain Gauge [db]
# name 2 = tv290C: Temperature [ITS-90, deg C]
# name 3 = c0S/m: Conductivity [S/m]
# name 4 = sal00: Salinity, Practical [PSU]
# name 5 = sigma-t00: Density [sigma-t, kg/m^3 ]
# name 6 = flag: flag
# span 0 =          1,       4838       
# span 1 =     -1.178,    609.588       
# span 2 =    -1.7786,     4.0831       
# span 3 =  -0.000049,   3.267132       
# span 4 =    -0.0028,    34.8072       
# span 5 =    -0.3076,    27.6329       
# span 6 = 0.0000e+00, 0.0000e+00       
# interval = seconds: 1
# start_time = Nov 10 2020 05:49:18 [Instrument's time stamp, header]
# bad_flag = -9.990e-29
*END*
[from data line 4718]
       4719     -1.114     2.3905   0.000096     0.0004    -0.0453 0.0000e+00
       4720     -1.110     2.3898   0.000095     0.0004    -0.0453 0.0000e+00
       4721     -1.108     2.3889   0.000094     0.0004    -0.0453 0.0000e+00
       4722     -1.107     2.3881   0.000091     0.0004    -0.0454 0.0000e+00
       4723     -1.106     2.3876   0.000091     0.0004    -0.0454 0.0000e+00
       4724     -1.103     2.3871   0.000091     0.0004    -0.0454 0.0000e+00
       4725     -1.100     2.3863   0.000090     0.0004    -0.0454 0.0000e+00
       4726     -1.099     2.3853   0.000090     0.0004    -0.0455 0.0000e+00
       4727     -1.101     2.3845   0.000092     0.0004    -0.0455 0.0000e+00
       4728     -1.106     2.3840   0.000092     0.0004    -0.0455 0.0000e+00
       4729     -1.109     2.3834   0.000092     0.0004    -0.0455 0.0000e+00
       4730     -1.109     2.3830   0.000093     0.0004    -0.0455 0.0000e+00
       4731     -1.108     2.3826   0.000093     0.0004    -0.0455 0.0000e+00
       4732     -1.110     2.3822   0.000095     0.0004    -0.0455 0.0000e+00
       4733     -1.113     2.3815   0.000094     0.0004    -0.0455 0.0000e+00
       4734     -1.113     2.3808   0.000093     0.0004    -0.0456 0.0000e+00
       4735     -1.110     2.3804   0.000095     0.0004    -0.0456 0.0000e+00
       4736     -1.108     2.3797   0.000094     0.0004    -0.0456 0.0000e+00
       4737     -1.107     2.3785   0.000092     0.0004    -0.0456 0.0000e+00
       4738     -1.107     2.3771   0.000090     0.0004    -0.0457 0.0000e+00
       4739     -1.107     2.3762   0.000088     0.0004    -0.0457 0.0000e+00
       4740     -1.107     2.3758   0.000090     0.0004    -0.0457 0.0000e+00
       4741     -1.107     2.3754   0.000092     0.0004    -0.0457 0.0000e+00
       4742     -1.107     2.3748   0.000092     0.0004    -0.0457 0.0000e+00
       4743     -1.107     2.3741   0.000091     0.0004    -0.0457 0.0000e+00
       4744     -1.108     2.3735   0.000090     0.0004    -0.0458 0.0000e+00
       4745     -1.110     2.3730   0.000089     0.0004    -0.0458 0.0000e+00
       4746     -1.111     2.3723   0.000089     0.0004    -0.0458 0.0000e+00
       4747     -1.110     2.3713   0.000088     0.0004    -0.0458 0.0000e+00
       4748     -1.109     2.3704   0.000087     0.0004    -0.0459 0.0000e+00
       4749     -1.110     2.3695   0.000088     0.0004    -0.0459 0.0000e+00
       4750     -1.111     2.3682   0.000088     0.0004    -0.0459 0.0000e+00
       4751     -1.110     2.3668   0.000086     0.0003    -0.0460 0.0000e+00
       4752     -1.108     2.3660   0.000086     0.0003    -0.0460 0.0000e+00
       4753     -1.108     2.3654   0.000086     0.0003    -0.0460 0.0000e+00
       4754     -1.108     2.3643   0.000086     0.0003    -0.0460 0.0000e+00
       4755     -1.108     2.3626   0.000083     0.0003    -0.0461 0.0000e+00
       4756     -1.109     2.3609   0.000081     0.0003    -0.0462 0.0000e+00
       4757     -1.109     2.3598   0.000081     0.0003    -0.0462 0.0000e+00
       4758     -1.106     2.3592   0.000082     0.0003    -0.0462 0.0000e+00
       4759     -1.106     2.3586   0.000084     0.0003    -0.0462 0.0000e+00
       4760     -1.108     2.3581   0.000085     0.0003    -0.0462 0.0000e+00
       4761     -1.110     2.3576   0.000086     0.0003    -0.0462 0.0000e+00
       4762     -1.112     2.3570   0.000086     0.0003    -0.0462 0.0000e+00
       4763     -1.113     2.3565   0.000086     0.0003    -0.0462 0.0000e+00
       4764     -1.114     2.3562   0.000088     0.0003    -0.0462 0.0000e+00
       4765     -1.113     2.3558   0.000091     0.0004    -0.0462 0.0000e+00
       4766     -1.110     2.3553   0.000094     0.0004    -0.0462 0.0000e+00
       4767     -1.108     2.3550   0.000094     0.0004    -0.0463 0.0000e+00
       4768     -1.107     2.3545   0.000092     0.0004    -0.0463 0.0000e+00
       4769     -1.105     2.3539   0.000091     0.0004    -0.0463 0.0000e+00
       4770     -1.102     2.3531   0.000091     0.0004    -0.0463 0.0000e+00
       4771     -1.102     2.3525   0.000093     0.0004    -0.0463 0.0000e+00
       4772     -1.105     2.3520   0.000093     0.0004    -0.0463 0.0000e+00
       4773     -1.107     2.3513   0.000091     0.0004    -0.0464 0.0000e+00
       4774     -1.109     2.3505   0.000090     0.0004    -0.0464 0.0000e+00
       4775     -1.110     2.3498   0.000090     0.0004    -0.0464 0.0000e+00
       4776     -1.108     2.3491   0.000092     0.0004    -0.0464 0.0000e+00
       4777     -1.105     2.3483   0.000092     0.0004    -0.0464 0.0000e+00
       4778     -1.106     2.3472   0.000090     0.0004    -0.0465 0.0000e+00
       4779     -1.108     2.3461   0.000089     0.0003    -0.0465 0.0000e+00
       4780     -1.110     2.3452   0.000089     0.0003    -0.0465 0.0000e+00
       4781     -1.111     2.3443   0.000088     0.0003    -0.0466 0.0000e+00
       4782     -1.110     2.3437   0.000088     0.0003    -0.0466 0.0000e+00
       4783     -1.108     2.3430   0.000089     0.0003    -0.0466 0.0000e+00
       4784     -1.108     2.3422   0.000089     0.0003    -0.0466 0.0000e+00
       4785     -1.107     2.3415   0.000088     0.0003    -0.0466 0.0000e+00
       4786     -1.106     2.3409   0.000090     0.0003    -0.0467 0.0000e+00
       4787     -1.105     2.3402   0.000090     0.0003    -0.0467 0.0000e+00
       4788     -1.109     2.3393   0.000087     0.0003    -0.0467 0.0000e+00
       4789     -1.113     2.3382   0.000085     0.0003    -0.0468 0.0000e+00
       4790     -1.114     2.3370   0.000084     0.0003    -0.0468 0.0000e+00
       4791     -1.111     2.3356   0.000083     0.0003    -0.0468 0.0000e+00
       4792     -1.109     2.3342   0.000082     0.0003    -0.0469 0.0000e+00
       4793     -1.109     2.3331   0.000081     0.0003    -0.0469 0.0000e+00
       4794     -1.109     2.3326   0.000083     0.0003    -0.0469 0.0000e+00
       4795     -1.111     2.3314   0.000084     0.0003    -0.0469 0.0000e+00
       4796     -1.112     2.3266   0.000071     0.0002    -0.0471 0.0000e+00
       4797     -1.111     2.3149   0.000036     0.0000    -0.0476 0.0000e+00
       4798     -1.111     2.2992  -0.000010     0.0000    -0.0481 0.0000e+00
       4799     -1.111     2.2878  -0.000034     0.0000    -0.0484 0.0000e+00
       4800     -1.107     2.2845  -0.000028     0.0000    -0.0485 0.0000e+00
       4801     -1.102     2.2854  -0.000009     0.0000    -0.0485 0.0000e+00
       4802     -1.101     2.2849   0.000002    -0.0001    -0.0485 0.0000e+00
       4803     -1.104     2.2809 9.0514e-07    -0.0000    -0.0486 0.0000e+00
       4804     -1.109     2.2758  -0.000004     0.0000    -0.0487 0.0000e+00
       4805     -1.110     2.2729  -0.000001     0.0000    -0.0488 0.0000e+00
       4806     -1.109     2.2722   0.000010    -0.0001    -0.0488 0.0000e+00
       4807     -1.109     2.2729   0.000025    -0.0000    -0.0488 0.0000e+00
       4808     -1.111     2.2744   0.000041     0.0000    -0.0487 0.0000e+00
       4809     -1.112     2.2759   0.000053     0.0001    -0.0486 0.0000e+00
       4810     -1.111     2.2773   0.000063     0.0001    -0.0486 0.0000e+00
       4811     -1.109     2.2784   0.000073     0.0002    -0.0485 0.0000e+00
       4812     -1.108     2.2791   0.000082     0.0003    -0.0484 0.0000e+00
       4813     -1.108     2.2787   0.000084     0.0003    -0.0484 0.0000e+00
       4814     -1.109     2.2778   0.000082     0.0003    -0.0485 0.0000e+00
       4815     -1.112     2.2770   0.000082     0.0003    -0.0485 0.0000e+00
       4816     -1.115     2.2754   0.000079     0.0002    -0.0485 0.0000e+00
       4817     -1.116     2.2718   0.000071     0.0002    -0.0487 0.0000e+00
       4818     -1.115     2.2664   0.000057     0.0001    -0.0489 0.0000e+00
       4819     -1.115     2.2615   0.000047     0.0001    -0.0491 0.0000e+00
       4820     -1.115     2.2592   0.000049     0.0001    -0.0491 0.0000e+00
       4821     -1.114     2.2586   0.000054     0.0001    -0.0491 0.0000e+00
       4822     -1.114     2.2582   0.000060     0.0001    -0.0491 0.0000e+00
       4823     -1.115     2.2562   0.000060     0.0001    -0.0492 0.0000e+00
       4824     -1.116     2.2531   0.000055     0.0001    -0.0493 0.0000e+00
       4825     -1.118     2.2515   0.000055     0.0001    -0.0493 0.0000e+00
       4826     -1.119     2.2515   0.000061     0.0001    -0.0493 0.0000e+00
       4827     -1.119     2.2510   0.000065     0.0001    -0.0493 0.0000e+00
       4828     -1.118     2.2492   0.000064     0.0001    -0.0494 0.0000e+00
       4829     -1.115     2.2473   0.000061     0.0001    -0.0494 0.0000e+00
       4830     -1.112     2.2454   0.000061     0.0001    -0.0495 0.0000e+00
       4831     -1.111     2.2439   0.000062     0.0001    -0.0495 0.0000e+00
       4832     -1.112     2.2426   0.000064     0.0001    -0.0496 0.0000e+00
       4833     -1.111     2.2412   0.000064     0.0001    -0.0496 0.0000e+00
       4834     -1.109     2.2397   0.000064     0.0001    -0.0497 0.0000e+00
       4835     -1.108     2.2376   0.000063     0.0001    -0.0497 0.0000e+00
       4836     -1.106     2.2333   0.000053     0.0001    -0.0499 0.0000e+00
       4837     -1.104     2.2289   0.000043     0.0000    -0.0501 0.0000e+00
       4838     -1.104 -9.990e-29   0.000106 -9.990e-29 -9.990e-29 0.0000e+00
