Datasets/Multi_Species/TEL214/tel214_2020_017.cnv
* Sea-Bird SBE19plus Data File:
* Filename = C:/AQUIRE/tel214_2020_017.hex
* Software Version AquireV2 AF V2.0
* Temperature SN =  7853
* Conductivity SN =  7853
* System UpLoad Time = Nov 10 2020 22:21:34
* <ApplicationData>
* <AQUIREV2>
** VESSEL/TRIP/SEQ STN: tel214_2020_017
** LATITUDE: 54 41.61 N
** LONGITUDE: 54 04.32 W
** DATE/TIME: 2020-11-10 21:02
** SOUNDING DEPTH (M): 0255
** PROBE TYPE: S7853
** CTD NUMBER: 017
** COMMENTS: 
# nquan = 7                                 
# nvalues = 4609                        
# units = specified
# name 0 = scan: Scan Count
# name 1 = prdM: Pressure, Strain Gauge [db]
# name 2 = tv290C: Temperature [ITS-90, deg C]
# name 3 = c0S/m: Conductivity [S/m]
# name 4 = sal00: Salinity, Practical [PSU]
# name 5 = sigma-t00: Density [sigma-t, kg/m^3 ]
# name 6 = flag: flag
# span 0 =          1,       4609       
# span 1 =     -1.338,    251.966       
# span 2 =     0.9037,     2.5586       
# span 3 =   0.000083,   3.048847       
# span 4 =    -0.0007,    33.8962       
# span 5 =    -0.0971,    27.0427       
# span 6 = 0.0000e+00, 0.0000e+00       
# interval = seconds: 1
# start_time = Nov 10 2020 21:02:33 [Instrument's time stamp, header]
# bad_flag = -9.990e-29
*END*
[from data line 411]
        412     -1.310     2.4056   0.000107     0.0005    -0.0448 0.0000e+00
        413     -1.309     2.4055   0.000106     0.0005    -0.0448 0.0000e+00
        414     -1.306     2.4053   0.000105     0.0005    -0.0448 0.0000e+00
        415     -1.303     2.4051   0.000105     0.0005    -0.0449 0.0000e+00
        416     -1.301     2.4049   0.000105     0.0005    -0.0449 0.0000e+00
        417     -1.302     2.4047   0.000106     0.0005    -0.0449 0.0000e+00
        418     -1.304     2.4046   0.000108     0.0005    -0.0448 0.0000e+00
        419     -1.304     2.4043   0.000106     0.0005    -0.0449 0.0000e+00
        420     -1.304     2.4041   0.000105     0.0005    -0.0449 0.0000e+00
        421     -1.305     2.4040   0.000106     0.0005    -0.0449 0.0000e+00
        422     -1.306     2.4038   0.000106     0.0005    -0.0449 0.0000e+00
        423     -1.306     2.4036   0.000105     0.0005    -0.0449 0.0000e+00
        424     -1.303     2.4034   0.000107     0.0005    -0.0449 0.0000e+00
        425     -1.302     2.4031   0.000107     0.0005    -0.0449 0.0000e+00
        426     -1.305     2.4029   0.000106     0.0005    -0.0449 0.0000e+00
        427     -1.307     2.4028   0.000105     0.0005    -0.0449 0.0000e+00
        428     -1.305     2.4026   0.000106     0.0005    -0.0449 0.0000e+00
        429     -1.303     2.4024   0.000106     0.0005    -0.0449 0.0000e+00
        430     -1.304     2.4022   0.000107     0.0005    -0.0449 0.0000e+00
        431     -1.304     2.4020   0.000106     0.0005    -0.0449 0.0000e+00
        432     -1.304     2.4018   0.000105     0.0005    -0.0449 0.0000e+00
        433     -1.304     2.4017   0.000106     0.0005    -0.0449 0.0000e+00
        434     -1.304     2.4015   0.000107     0.0005    -0.0449 0.0000e+00
        435     -1.303     2.4012   0.000107     0.0005    -0.0449 0.0000e+00
        436     -1.304     2.4010   0.000107     0.0005    -0.0449 0.0000e+00
        437     -1.307     2.4009   0.000107     0.0005    -0.0450 0.0000e+00
        438     -1.309     2.4007   0.000107     0.0005    -0.0450 0.0000e+00
        439     -1.309     2.4005   0.000108     0.0005    -0.0450 0.0000e+00
        440     -1.307     2.4003   0.000109     0.0005    -0.0450 0.0000e+00
        441     -1.306     2.4001   0.000107     0.0005    -0.0450 0.0000e+00
        442     -1.307     2.3999   0.000107     0.0005    -0.0450 0.0000e+00
        443     -1.308     2.3997   0.000107     0.0005    -0.0450 0.0000e+00
        444     -1.307     2.3995   0.000107     0.0005    -0.0450 0.0000e+00
        445     -1.305     2.3994   0.000108     0.0005    -0.0450 0.0000e+00
        446     -1.304     2.3992   0.000108     0.0005    -0.0450 0.0000e+00
        447     -1.302     2.3990   0.000108     0.0005    -0.0450 0.0000e+00
        448     -1.301     2.3987   0.000106     0.0005    -0.0450 0.0000e+00
        449     -1.303     2.3986   0.000107     0.0005    -0.0450 0.0000e+00
        450     -1.307     2.3984   0.000108     0.0005    -0.0450 0.0000e+00
        451     -1.309     2.3982   0.000108     0.0005    -0.0450 0.0000e+00
        452     -1.309     2.3980   0.000107     0.0005    -0.0450 0.0000e+00
        453     -1.309     2.3978   0.000106     0.0005    -0.0450 0.0000e+00
        454     -1.307     2.3976   0.000105     0.0005    -0.0450 0.0000e+00
        455     -1.305     2.3974   0.000105     0.0005    -0.0451 0.0000e+00
        456     -1.305     2.3972   0.000105     0.0005    -0.0451 0.0000e+00
        457     -1.305     2.3970   0.000105     0.0005    -0.0451 0.0000e+00
        458     -1.306     2.3968   0.000105     0.0005    -0.0451 0.0000e+00
        459     -1.306     2.3967   0.000106     0.0005    -0.0451 0.0000e+00
        460     -1.303     2.3965   0.000106     0.0005    -0.0451 0.0000e+00
        461     -1.301     2.3963   0.000107     0.0005    -0.0451 0.0000e+00
        462     -1.302     2.3960   0.000107     0.0005    -0.0451 0.0000e+00
        463     -1.304     2.3958   0.000106     0.0005    -0.0451 0.0000e+00
        464     -1.304     2.3956   0.000105     0.0005    -0.0451 0.0000e+00
        465     -1.304     2.3955   0.000106     0.0005    -0.0451 0.0000e+00
        466     -1.305     2.3953   0.000107     0.0005    -0.0451 0.0000e+00
        467     -1.307     2.3950   0.000107     0.0005    -0.0451 0.0000e+00
        468     -1.309     2.3948   0.000107     0.0005    -0.0451 0.0000e+00
        469     -1.309     2.3946   0.000107     0.0005    -0.0451 0.0000e+00
        470     -1.309     2.3945   0.000108     0.0005    -0.0451 0.0000e+00
        471     -1.306     2.3943   0.000108     0.0005    -0.0451 0.0000e+00
        472     -1.302     2.3941   0.000107     0.0005    -0.0451 0.0000e+00
        473     -1.300     2.3940   0.000107     0.0005    -0.0451 0.0000e+00
        474     -1.299     2.3937   0.000104     0.0005    -0.0452 0.0000e+00
        475     -1.299     2.3935   0.000104     0.0005    -0.0452 0.0000e+00
        476     -1.299     2.3933   0.000104     0.0005    -0.0452 0.0000e+00
        477     -1.299     2.3932   0.000106     0.0005    -0.0452 0.0000e+00
        478     -1.299     2.3929   0.000105     0.0005    -0.0452 0.0000e+00
        479     -1.300     2.3927   0.000105     0.0005    -0.0452 0.0000e+00
        480     -1.303     2.3925   0.000105     0.0005    -0.0452 0.0000e+00
        481     -1.306     2.3923   0.000105     0.0005    -0.0452 0.0000e+00
        482     -1.308     2.3922   0.000105     0.0005    -0.0452 0.0000e+00
        483     -1.306     2.3920   0.000105     0.0005    -0.0452 0.0000e+00
        484     -1.303     2.3918   0.000105     0.0005    -0.0452 0.0000e+00
        485     -1.303     2.3916   0.000106     0.0005    -0.0452 0.0000e+00
        486     -1.306     2.3913   0.000105     0.0005    -0.0452 0.0000e+00
        487     -1.308     2.3911   0.000105     0.0005    -0.0452 0.0000e+00
        488     -1.307     2.3909   0.000105     0.0005    -0.0452 0.0000e+00
        489     -1.306     2.3907   0.000106     0.0005    -0.0452 0.0000e+00
        490     -1.307     2.3905   0.000107     0.0005    -0.0452 0.0000e+00
        491     -1.309     2.3903   0.000106     0.0005    -0.0452 0.0000e+00
        492     -1.311     2.3901   0.000106     0.0005    -0.0452 0.0000e+00
        493     -1.310     2.3899   0.000107     0.0005    -0.0452 0.0000e+00
        494     -1.305     2.3897   0.000106     0.0005    -0.0453 0.0000e+00
        495     -1.301     2.3895   0.000105     0.0005    -0.0453 0.0000e+00
        496     -1.300     2.3893   0.000106     0.0005    -0.0453 0.0000e+00
        497     -1.302     2.3891   0.000107     0.0005    -0.0453 0.0000e+00
        498     -1.303     2.3889   0.000106     0.0005    -0.0453 0.0000e+00
        499     -1.302     2.3887   0.000106     0.0005    -0.0453 0.0000e+00
        500     -1.301     2.3884   0.000107     0.0005    -0.0453 0.0000e+00
        501     -1.302     2.3882   0.000107     0.0005    -0.0453 0.0000e+00
        502     -1.303     2.3880   0.000106     0.0005    -0.0453 0.0000e+00
        503     -1.303     2.3878   0.000106     0.0005    -0.0453 0.0000e+00
        504     -1.304     2.3876   0.000107     0.0005    -0.0453 0.0000e+00
        505     -1.309     2.3874   0.000106     0.0005    -0.0453 0.0000e+00
        506     -1.312     2.3871   0.000105     0.0005    -0.0453 0.0000e+00
        507     -1.310     2.3869   0.000105     0.0005    -0.0453 0.0000e+00
        508     -1.307     2.3868   0.000106     0.0005    -0.0453 0.0000e+00
        509     -1.307     2.3866   0.000107     0.0005    -0.0453 0.0000e+00
        510     -1.306     2.3864   0.000107     0.0005    -0.0453 0.0000e+00
        511     -1.303     2.3861   0.000107     0.0005    -0.0453 0.0000e+00
        512     -1.301     2.3859   0.000107     0.0005    -0.0454 0.0000e+00
        513     -1.303     2.3857   0.000106     0.0005    -0.0454 0.0000e+00
        514     -1.306     2.3855   0.000106     0.0005    -0.0454 0.0000e+00
        515     -1.307     2.3852   0.000107     0.0005    -0.0454 0.0000e+00
        516     -1.306     2.3850   0.000106     0.0005    -0.0454 0.0000e+00
        517     -1.307     2.3847   0.000105     0.0005    -0.0454 0.0000e+00
        518     -1.309     2.3845   0.000107     0.0005    -0.0454 0.0000e+00
        519     -1.310     2.3843   0.000106     0.0005    -0.0454 0.0000e+00
        520     -1.310     2.3841   0.000105     0.0005    -0.0454 0.0000e+00
        521     -1.309     2.3839   0.000105     0.0005    -0.0454 0.0000e+00
        522     -1.306     2.3837   0.000107     0.0005    -0.0454 0.0000e+00
        523     -1.303     2.3835   0.000107     0.0005    -0.0454 0.0000e+00
        524     -1.301     2.3833   0.000107     0.0005    -0.0454 0.0000e+00
        525     -1.302     2.3830   0.000107     0.0005    -0.0454 0.0000e+00
        526     -1.303     2.3828   0.000107     0.0005    -0.0454 0.0000e+00
        527     -1.303     2.3826   0.000109     0.0005    -0.0454 0.0000e+00
        528     -1.304     2.3824   0.000108     0.0005    -0.0454 0.0000e+00
        529     -1.308     2.3822   0.000107     0.0005    -0.0455 0.0000e+00
        530     -1.310     2.3820   0.000107     0.0005    -0.0455 0.0000e+00
        531     -1.308     2.3818   0.000106     0.0005    -0.0455 0.0000e+00
        532     -1.308     2.3816   0.000104     0.0005    -0.0455 0.0000e+00
        533     -1.309     2.3814   0.000106     0.0005    -0.0455 0.0000e+00
        534     -1.308     2.3811   0.000107     0.0005    -0.0455 0.0000e+00
        535     -1.307     2.3808   0.000105     0.0005    -0.0455 0.0000e+00
        536     -1.310     2.3806   0.000105     0.0005    -0.0455 0.0000e+00
        537     -1.313     2.3804   0.000105     0.0005    -0.0455 0.0000e+00
        538     -1.314     2.3803   0.000105     0.0005    -0.0455 0.0000e+00
        539     -1.314     2.3801   0.000104     0.0005    -0.0455 0.0000e+00
        540     -1.312     2.3799   0.000105     0.0005    -0.0455 0.0000e+00
        541     -1.310     2.3797   0.000105     0.0005    -0.0455 0.0000e+00
        542     -1.307     2.3795   0.000106     0.0005    -0.0455 0.0000e+00
        543     -1.304     2.3793   0.000107     0.0005    -0.0455 0.0000e+00
        544     -1.304     2.3791   0.000107     0.0005    -0.0455 0.0000e+00
        545     -1.306     2.3789   0.000106     0.0005    -0.0455 0.0000e+00
        546     -1.307     2.3786   0.000105     0.0005    -0.0456 0.0000e+00
        547     -1.306     2.3784   0.000105     0.0005    -0.0456 0.0000e+00
        548     -1.307     2.3782   0.000105     0.0005    -0.0456 0.0000e+00
        549     -1.307     2.3781   0.000105     0.0005    -0.0456 0.0000e+00
        550     -1.306     2.3779   0.000105     0.0005    -0.0456 0.0000e+00
        551     -1.306     2.3777   0.000105     0.0005    -0.0456 0.0000e+00
        552     -1.306     2.3775   0.000105     0.0005    -0.0456 0.0000e+00
        553     -1.303     2.3772   0.000105     0.0005    -0.0456 0.0000e+00
        554     -1.302     2.3770   0.000105     0.0005    -0.0456 0.0000e+00
        555     -1.303     2.3768   0.000105     0.0005    -0.0456 0.0000e+00
        556     -1.303     2.3766   0.000105     0.0005    -0.0456 0.0000e+00
        557     -1.304     2.3764   0.000106     0.0005    -0.0456 0.0000e+00
        558     -1.308     2.3762   0.000107     0.0005    -0.0456 0.0000e+00
        559     -1.312     2.3760   0.000106     0.0005    -0.0456 0.0000e+00
        560     -1.314     2.3758   0.000105     0.0005    -0.0456 0.0000e+00
        561     -1.313     2.3756   0.000105     0.0005    -0.0456 0.0000e+00
        562     -1.311     2.3754   0.000105     0.0005    -0.0456 0.0000e+00
        563     -1.309     2.3752   0.000105     0.0005    -0.0456 0.0000e+00
        564     -1.307     2.3750   0.000105     0.0005    -0.0457 0.0000e+00
        565     -1.305     2.3748   0.000105     0.0005    -0.0457 0.0000e+00
        566     -1.304     2.3746   0.000106     0.0005    -0.0457 0.0000e+00
        567     -1.303     2.3744   0.000107     0.0005    -0.0457 0.0000e+00
        568     -1.304     2.3742   0.000106     0.0005    -0.0457 0.0000e+00
        569     -1.307     2.3740   0.000105     0.0005    -0.0457 0.0000e+00
        570     -1.309     2.3738   0.000105     0.0005    -0.0457 0.0000e+00
        571     -1.309     2.3736   0.000105     0.0005    -0.0457 0.0000e+00
        572     -1.309     2.3734   0.000106     0.0005    -0.0457 0.0000e+00
        573     -1.308     2.3732   0.000107     0.0005    -0.0457 0.0000e+00
        574     -1.308     2.3730   0.000107     0.0005    -0.0457 0.0000e+00
        575     -1.309     2.3728   0.000107     0.0005    -0.0457 0.0000e+00
        576     -1.307     2.3726   0.000106     0.0005    -0.0457 0.0000e+00
        577     -1.305     2.3724   0.000105     0.0005    -0.0457 0.0000e+00
        578     -1.303     2.3722   0.000105     0.0005    -0.0457 0.0000e+00
        579     -1.304     2.3720   0.000105     0.0005    -0.0457 0.0000e+00
        580     -1.307     2.3718   0.000106     0.0005    -0.0457 0.0000e+00
        581     -1.309     2.3716   0.000107     0.0005    -0.0457 0.0000e+00
        582     -1.309     2.3714   0.000106     0.0005    -0.0457 0.0000e+00
        583     -1.309     2.3712   0.000105     0.0005    -0.0458 0.0000e+00
        584     -1.306     2.3710   0.000103     0.0004    -0.0458 0.0000e+00
        585     -1.303     2.3708   0.000103     0.0004    -0.0458 0.0000e+00
        586     -1.303     2.3706   0.000105     0.0005    -0.0458 0.0000e+00
        587     -1.304     2.3704   0.000105     0.0005    -0.0458 0.0000e+00
        588     -1.304     2.3703   0.000106     0.0005    -0.0458 0.0000e+00
        589     -1.305     2.3701   0.000106     0.0005    -0.0458 0.0000e+00
        590     -1.306     2.3699   0.000107     0.0005    -0.0458 0.0000e+00
        591     -1.310     2.3696   0.000106     0.0005    -0.0458 0.0000e+00
        592     -1.315     2.3694   0.000105     0.0005    -0.0458 0.0000e+00
        593     -1.315     2.3692   0.000105     0.0005    -0.0458 0.0000e+00
        594     -1.312     2.3690   0.000105     0.0005    -0.0458 0.0000e+00
        595     -1.308     2.3688   0.000105     0.0005    -0.0458 0.0000e+00
        596     -1.306     2.3686   0.000105     0.0005    -0.0458 0.0000e+00
        597     -1.307     2.3684   0.000105     0.0005    -0.0458 0.0000e+00
        598     -1.309     2.3682   0.000105     0.0005    -0.0458 0.0000e+00
        599     -1.309     2.3680   0.000107     0.0005    -0.0458 0.0000e+00
        600     -1.309     2.3678   0.000106     0.0005    -0.0458 0.0000e+00
        601     -1.306     2.3676   0.000106     0.0005    -0.0458 0.0000e+00
        602     -1.303     2.3673   0.000107     0.0005    -0.0459 0.0000e+00
        603     -1.303     2.3671   0.000107     0.0005    -0.0459 0.0000e+00
        604     -1.306     2.3669   0.000107     0.0005    -0.0459 0.0000e+00
        605     -1.307     2.3667   0.000107     0.0005    -0.0459 0.0000e+00
        606     -1.306     2.3665   0.000106     0.0005    -0.0459 0.0000e+00
        607     -1.307     2.3663   0.000106     0.0005    -0.0459 0.0000e+00
        608     -1.307     2.3662   0.000107     0.0005    -0.0459 0.0000e+00
        609     -1.306     2.3660   0.000106     0.0005    -0.0459 0.0000e+00
        610     -1.307     2.3658   0.000105     0.0005    -0.0459 0.0000e+00
        611     -1.309     2.3655   0.000105     0.0005    -0.0459 0.0000e+00
        612     -1.309     2.3653   0.000105     0.0005    -0.0459 0.0000e+00
        613     -1.309     2.3651   0.000105     0.0005    -0.0459 0.0000e+00
        614     -1.307     2.3649   0.000105     0.0005    -0.0459 0.0000e+00
        615     -1.306     2.3647   0.000105     0.0005    -0.0459 0.0000e+00
