Datasets/Multi_Species/TEL214/tel214_2020_025.cnv
* Sea-Bird SBE19plus Data File:
* Filename = C:/AQUIRE/tel214_2020_025.hex
* Software Version AquireV2 AF V2.0
* Temperature SN =  7853
* Conductivity SN =  7853
* System UpLoad Time = Nov 14 2020 15:12:44
* <ApplicationData>
* <AQUIREV2>
** VESSEL/TRIP/SEQ STN: tel214_2020_025
** LATITUDE: 55 56.40 N
** LONGITUDE: 53 35.27 W
** DATE/TIME: 2020-11-14 14:07
** SOUNDING DEPTH (M): 0215
** PROBE TYPE: S7853
** CTD NUMBER:  25
** COMMENTS: 
# nquan = 7                                 
# nvalues = 3721                        
# units = specified
# name 0 = scan: Scan Count
# name 1 = prdM: Pressure, Strain Gauge [db]
# name 2 = tv290C: Temperature [ITS-90, deg C]
# name 3 = c0S/m: Conductivity [S/m]
# name 4 = sal00: Salinity, Practical [PSU]
# name 5 = sigma-t00: Density [sigma-t, kg/m^3 ]
# name 6 = flag: flag
# span 0 =          1,       3721       
# span 1 =     -1.047,    213.178       
# span 2 =    -0.5675,     2.8418       
# span 3 =   0.000091,   3.087044       
# span 4 =    -0.0019,    34.1033       
# span 5 =    -0.1989,    27.1850       
# span 6 = 0.0000e+00, 0.0000e+00       
# interval = seconds: 1
# start_time = Nov 14 2020 14:07:52 [Instrument's time stamp, header]
# bad_flag = -9.990e-29
*END*
          1     -1.022    -0.4102   0.000122    -0.0015    -0.1868 0.0000e+00
          2     -1.024    -0.4100   0.000123    -0.0015    -0.1868 0.0000e+00
          3     -1.025    -0.4097   0.000124    -0.0015    -0.1868 0.0000e+00
          4     -1.025    -0.4095   0.000125    -0.0015    -0.1868 0.0000e+00
          5     -1.025    -0.4093   0.000125    -0.0015    -0.1868 0.0000e+00
          6     -1.026    -0.4092   0.000125    -0.0015    -0.1867 0.0000e+00
          7     -1.027    -0.4090   0.000125    -0.0015    -0.1867 0.0000e+00
          8     -1.029    -0.4088   0.000125    -0.0015    -0.1867 0.0000e+00
          9     -1.030    -0.4086   0.000125    -0.0015    -0.1867 0.0000e+00
         10     -1.029    -0.4084   0.000126    -0.0015    -0.1867 0.0000e+00
         11     -1.027    -0.4083   0.000127    -0.0015    -0.1867 0.0000e+00
         12     -1.026    -0.4081   0.000127    -0.0015    -0.1867 0.0000e+00
         13     -1.025    -0.4078   0.000127    -0.0015    -0.1866 0.0000e+00
         14     -1.025    -0.4077   0.000126    -0.0015    -0.1866 0.0000e+00
         15     -1.026    -0.4075   0.000126    -0.0015    -0.1866 0.0000e+00
         16     -1.026    -0.4073   0.000127    -0.0015    -0.1866 0.0000e+00
         17     -1.026    -0.4072   0.000126    -0.0015    -0.1866 0.0000e+00
         18     -1.026    -0.4070   0.000127    -0.0015    -0.1866 0.0000e+00
         19     -1.026    -0.4068   0.000128    -0.0015    -0.1866 0.0000e+00
         20     -1.025    -0.4066   0.000128    -0.0015    -0.1865 0.0000e+00
         21     -1.025    -0.4064   0.000127    -0.0015    -0.1865 0.0000e+00
         22     -1.028    -0.4062   0.000127    -0.0015    -0.1865 0.0000e+00
         23     -1.028    -0.4060   0.000127    -0.0015    -0.1865 0.0000e+00
         24     -1.027    -0.4058   0.000127    -0.0015    -0.1865 0.0000e+00
         25     -1.026    -0.4057   0.000128    -0.0015    -0.1865 0.0000e+00
         26     -1.025    -0.4054   0.000128    -0.0015    -0.1865 0.0000e+00
         27     -1.025    -0.4053   0.000128    -0.0015    -0.1864 0.0000e+00
         28     -1.028    -0.4052   0.000127    -0.0015    -0.1864 0.0000e+00
         29     -1.028    -0.4050   0.000127    -0.0015    -0.1864 0.0000e+00
         30     -1.027    -0.4048   0.000127    -0.0015    -0.1864 0.0000e+00
         31     -1.027    -0.4045   0.000126    -0.0015    -0.1864 0.0000e+00
         32     -1.028    -0.4043   0.000127    -0.0015    -0.1864 0.0000e+00
         33     -1.029    -0.4042   0.000129    -0.0015    -0.1864 0.0000e+00
         34     -1.030    -0.4040   0.000128    -0.0015    -0.1864 0.0000e+00
         35     -1.029    -0.4038   0.000126    -0.0015    -0.1863 0.0000e+00
         36     -1.029    -0.4037   0.000125    -0.0015    -0.1863 0.0000e+00
         37     -1.030    -0.4035   0.000127    -0.0015    -0.1863 0.0000e+00
         38     -1.030    -0.4033   0.000127    -0.0015    -0.1863 0.0000e+00
         39     -1.030    -0.4032   0.000128    -0.0015    -0.1863 0.0000e+00
         40     -1.032    -0.4030   0.000128    -0.0015    -0.1863 0.0000e+00
         41     -1.033    -0.4028   0.000128    -0.0015    -0.1863 0.0000e+00
         42     -1.033    -0.4027   0.000128    -0.0015    -0.1863 0.0000e+00
         43     -1.030    -0.4025   0.000128    -0.0015    -0.1862 0.0000e+00
         44     -1.028    -0.4023   0.000128    -0.0015    -0.1862 0.0000e+00
         45     -1.027    -0.4022   0.000128    -0.0015    -0.1862 0.0000e+00
         46     -1.028    -0.4020   0.000128    -0.0015    -0.1862 0.0000e+00
         47     -1.028    -0.4018   0.000127    -0.0015    -0.1862 0.0000e+00
         48     -1.027    -0.4017   0.000126    -0.0015    -0.1862 0.0000e+00
         49     -1.026    -0.4015   0.000127    -0.0015    -0.1862 0.0000e+00
         50     -1.025    -0.4013   0.000127    -0.0015    -0.1861 0.0000e+00
         51     -1.024    -0.4013   0.000126    -0.0015    -0.1861 0.0000e+00
         52     -1.023    -0.4012   0.000126    -0.0015    -0.1861 0.0000e+00
         53     -1.022    -0.4010   0.000126    -0.0015    -0.1861 0.0000e+00
         54     -1.023    -0.4008   0.000126    -0.0015    -0.1861 0.0000e+00
         55     -1.024    -0.4008   0.000126    -0.0015    -0.1861 0.0000e+00
         56     -1.025    -0.4006   0.000125    -0.0015    -0.1861 0.0000e+00
         57     -1.028    -0.4004   0.000123    -0.0015    -0.1861 0.0000e+00
         58     -1.030    -0.4002   0.000124    -0.0015    -0.1861 0.0000e+00
         59     -1.028    -0.4002   0.000126    -0.0015    -0.1861 0.0000e+00
         60     -1.025    -0.4002   0.000125    -0.0015    -0.1861 0.0000e+00
         61     -1.023    -0.4000   0.000126    -0.0015    -0.1860 0.0000e+00
         62     -1.024    -0.3998   0.000126    -0.0015    -0.1860 0.0000e+00
         63     -1.025    -0.3997   0.000126    -0.0015    -0.1860 0.0000e+00
         64     -1.025    -0.3997   0.000125    -0.0015    -0.1860 0.0000e+00
         65     -1.026    -0.3996   0.000125    -0.0015    -0.1860 0.0000e+00
         66     -1.031    -0.3994   0.000126    -0.0015    -0.1860 0.0000e+00
         67     -1.034    -0.3992   0.000125    -0.0015    -0.1860 0.0000e+00
         68     -1.034    -0.3992   0.000125    -0.0015    -0.1860 0.0000e+00
         69     -1.032    -0.3992   0.000125    -0.0015    -0.1860 0.0000e+00
         70     -1.032    -0.3991   0.000126    -0.0015    -0.1860 0.0000e+00
         71     -1.031    -0.3990   0.000126    -0.0015    -0.1860 0.0000e+00
         72     -1.029    -0.3988   0.000125    -0.0015    -0.1860 0.0000e+00
         73     -1.028    -0.3988   0.000125    -0.0015    -0.1860 0.0000e+00
         74     -1.029    -0.3987   0.000125    -0.0015    -0.1860 0.0000e+00
         75     -1.031    -0.3987   0.000125    -0.0015    -0.1860 0.0000e+00
         76     -1.032    -0.3987   0.000124    -0.0015    -0.1860 0.0000e+00
         77     -1.032    -0.3987   0.000124    -0.0015    -0.1860 0.0000e+00
         78     -1.031    -0.3986   0.000125    -0.0015    -0.1859 0.0000e+00
         79     -1.028    -0.3984   0.000125    -0.0015    -0.1859 0.0000e+00
         80     -1.025    -0.3983   0.000125    -0.0015    -0.1859 0.0000e+00
         81     -1.025    -0.3982   0.000125    -0.0015    -0.1859 0.0000e+00
         82     -1.028    -0.3982   0.000125    -0.0015    -0.1859 0.0000e+00
         83     -1.029    -0.3982   0.000125    -0.0015    -0.1859 0.0000e+00
         84     -1.028    -0.3982   0.000125    -0.0015    -0.1859 0.0000e+00
         85     -1.029    -0.3982   0.000124    -0.0015    -0.1859 0.0000e+00
         86     -1.030    -0.3982   0.000123    -0.0015    -0.1859 0.0000e+00
         87     -1.028    -0.3982   0.000124    -0.0015    -0.1859 0.0000e+00
         88     -1.024    -0.3982   0.000124    -0.0015    -0.1859 0.0000e+00
         89     -1.022    -0.3982   0.000124    -0.0015    -0.1859 0.0000e+00
         90     -1.022    -0.3982   0.000124    -0.0015    -0.1859 0.0000e+00
         91     -1.022    -0.3981   0.000124    -0.0015    -0.1859 0.0000e+00
         92     -1.024    -0.3981   0.000124    -0.0015    -0.1859 0.0000e+00
         93     -1.026    -0.3981   0.000124    -0.0015    -0.1859 0.0000e+00
         94     -1.027    -0.3981   0.000123    -0.0015    -0.1859 0.0000e+00
         95     -1.028    -0.3981   0.000122    -0.0015    -0.1859 0.0000e+00
         96     -1.029    -0.3981   0.000123    -0.0015    -0.1859 0.0000e+00
         97     -1.028    -0.3981   0.000124    -0.0015    -0.1859 0.0000e+00
         98     -1.028    -0.3980   0.000124    -0.0015    -0.1859 0.0000e+00
         99     -1.027    -0.3980   0.000124    -0.0015    -0.1859 0.0000e+00
        100     -1.024    -0.3980   0.000124    -0.0015    -0.1859 0.0000e+00
        101     -1.022    -0.3980   0.000124    -0.0015    -0.1859 0.0000e+00
        102     -1.022    -0.3981   0.000123    -0.0015    -0.1859 0.0000e+00
        103     -1.022    -0.3981   0.000122    -0.0015    -0.1859 0.0000e+00
        104     -1.025    -0.3982   0.000123    -0.0015    -0.1859 0.0000e+00
        105     -1.028    -0.3982   0.000124    -0.0015    -0.1859 0.0000e+00
        106     -1.029    -0.3982   0.000126    -0.0015    -0.1859 0.0000e+00
        107     -1.025    -0.3982   0.000124    -0.0015    -0.1859 0.0000e+00
        108     -1.021    -0.3982   0.000123    -0.0015    -0.1859 0.0000e+00
        109     -1.020    -0.3982   0.000123    -0.0015    -0.1859 0.0000e+00
        110     -1.023    -0.3982   0.000123    -0.0015    -0.1859 0.0000e+00
        111     -1.025    -0.3982   0.000122    -0.0015    -0.1859 0.0000e+00
        112     -1.027    -0.3982   0.000123    -0.0015    -0.1859 0.0000e+00
        113     -1.029    -0.3983   0.000123    -0.0015    -0.1859 0.0000e+00
        114     -1.030    -0.3983   0.000123    -0.0015    -0.1859 0.0000e+00
        115     -1.029    -0.3984   0.000122    -0.0015    -0.1859 0.0000e+00
        116     -1.028    -0.3986   0.000123    -0.0015    -0.1859 0.0000e+00
        117     -1.029    -0.3987   0.000123    -0.0015    -0.1860 0.0000e+00
        118     -1.030    -0.3987   0.000122    -0.0015    -0.1860 0.0000e+00
        119     -1.028    -0.3987   0.000123    -0.0015    -0.1860 0.0000e+00
        120     -1.025    -0.3987   0.000123    -0.0015    -0.1860 0.0000e+00
        121     -1.023    -0.3987   0.000122    -0.0015    -0.1860 0.0000e+00
        122     -1.024    -0.3988   0.000123    -0.0015    -0.1860 0.0000e+00
        123     -1.026    -0.3990   0.000123    -0.0015    -0.1860 0.0000e+00
        124     -1.026    -0.3992   0.000123    -0.0015    -0.1860 0.0000e+00
        125     -1.026    -0.3992   0.000123    -0.0015    -0.1860 0.0000e+00
        126     -1.027    -0.3992   0.000122    -0.0015    -0.1860 0.0000e+00
        127     -1.029    -0.3992   0.000121    -0.0015    -0.1860 0.0000e+00
        128     -1.030    -0.3993   0.000120    -0.0015    -0.1860 0.0000e+00
        129     -1.030    -0.3994   0.000121    -0.0015    -0.1860 0.0000e+00
        130     -1.028    -0.3996   0.000121    -0.0015    -0.1860 0.0000e+00
        131     -1.024    -0.3997   0.000122    -0.0015    -0.1860 0.0000e+00
        132     -1.022    -0.3997   0.000122    -0.0015    -0.1860 0.0000e+00
        133     -1.021    -0.3998   0.000122    -0.0015    -0.1860 0.0000e+00
        134     -1.021    -0.4000   0.000123    -0.0015    -0.1860 0.0000e+00
        135     -1.021    -0.4000   0.000122    -0.0015    -0.1860 0.0000e+00
        136     -1.022    -0.4001   0.000121    -0.0015    -0.1861 0.0000e+00
        137     -1.024    -0.4002   0.000120    -0.0015    -0.1861 0.0000e+00
        138     -1.025    -0.4002   0.000120    -0.0015    -0.1861 0.0000e+00
        139     -1.024    -0.4002   0.000121    -0.0015    -0.1861 0.0000e+00
        140     -1.022    -0.4002   0.000121    -0.0015    -0.1861 0.0000e+00
        141     -1.021    -0.4004   0.000121    -0.0015    -0.1861 0.0000e+00
        142     -1.021    -0.4006   0.000121    -0.0015    -0.1861 0.0000e+00
        143     -1.021    -0.4007   0.000120    -0.0015    -0.1861 0.0000e+00
        144     -1.021    -0.4008   0.000120    -0.0015    -0.1861 0.0000e+00
        145     -1.022    -0.4008   0.000122    -0.0015    -0.1861 0.0000e+00
        146     -1.025    -0.4008   0.000123    -0.0015    -0.1861 0.0000e+00
        147     -1.028    -0.4010   0.000122    -0.0015    -0.1861 0.0000e+00
        148     -1.029    -0.4011   0.000121    -0.0015    -0.1861 0.0000e+00
        149     -1.025    -0.4012   0.000119    -0.0015    -0.1861 0.0000e+00
        150     -1.021    -0.4013   0.000119    -0.0015    -0.1861 0.0000e+00
        151     -1.020    -0.4013   0.000121    -0.0015    -0.1861 0.0000e+00
        152     -1.021    -0.4013   0.000122    -0.0015    -0.1861 0.0000e+00
        153     -1.021    -0.4013   0.000123    -0.0015    -0.1861 0.0000e+00
        154     -1.022    -0.4013   0.000123    -0.0015    -0.1861 0.0000e+00
        155     -1.025    -0.4015   0.000123    -0.0015    -0.1862 0.0000e+00
        156     -1.028    -0.4017   0.000122    -0.0015    -0.1862 0.0000e+00
        157     -1.030    -0.4017   0.000121    -0.0015    -0.1862 0.0000e+00
        158     -1.028    -0.4018   0.000122    -0.0015    -0.1862 0.0000e+00
        159     -1.024    -0.4018   0.000121    -0.0015    -0.1862 0.0000e+00
        160     -1.022    -0.4018   0.000121    -0.0015    -0.1862 0.0000e+00
        161     -1.022    -0.4018   0.000122    -0.0015    -0.1862 0.0000e+00
        162     -1.024    -0.4018   0.000124    -0.0015    -0.1862 0.0000e+00
        163     -1.027    -0.4018   0.000124    -0.0015    -0.1862 0.0000e+00
        164     -1.027    -0.4018   0.000123    -0.0015    -0.1862 0.0000e+00
        165     -1.024    -0.4019   0.000122    -0.0015    -0.1862 0.0000e+00
        166     -1.022    -0.4019   0.000121    -0.0015    -0.1862 0.0000e+00
        167     -1.021    -0.4019   0.000121    -0.0015    -0.1862 0.0000e+00
        168     -1.021    -0.4019   0.000122    -0.0015    -0.1862 0.0000e+00
        169     -1.022    -0.4019   0.000123    -0.0015    -0.1862 0.0000e+00
        170     -1.025    -0.4018   0.000125    -0.0015    -0.1862 0.0000e+00
        171     -1.028    -0.4018   0.000124    -0.0015    -0.1862 0.0000e+00
        172     -1.029    -0.4018   0.000123    -0.0015    -0.1862 0.0000e+00
        173     -1.028    -0.4018   0.000123    -0.0015    -0.1862 0.0000e+00
        174     -1.028    -0.4018   0.000124    -0.0015    -0.1862 0.0000e+00
        175     -1.028    -0.4018   0.000125    -0.0015    -0.1862 0.0000e+00
        176     -1.027    -0.4018   0.000125    -0.0015    -0.1862 0.0000e+00
        177     -1.026    -0.4018   0.000125    -0.0015    -0.1862 0.0000e+00
        178     -1.024    -0.4017   0.000125    -0.0015    -0.1862 0.0000e+00
        179     -1.022    -0.4017   0.000125    -0.0015    -0.1862 0.0000e+00
        180     -1.022    -0.4015   0.000125    -0.0015    -0.1862 0.0000e+00
        181     -1.022    -0.4014   0.000124    -0.0015    -0.1862 0.0000e+00
        182     -1.025    -0.4013   0.000124    -0.0015    -0.1861 0.0000e+00
        183     -1.029    -0.4013   0.000124    -0.0015    -0.1861 0.0000e+00
        184     -1.031    -0.4013   0.000124    -0.0015    -0.1861 0.0000e+00
        185     -1.031    -0.4013   0.000124    -0.0015    -0.1861 0.0000e+00
        186     -1.029    -0.4011   0.000124    -0.0015    -0.1861 0.0000e+00
        187     -1.026    -0.4009   0.000125    -0.0015    -0.1861 0.0000e+00
        188     -1.026    -0.4008   0.000125    -0.0015    -0.1861 0.0000e+00
        189     -1.029    -0.4007   0.000126    -0.0015    -0.1861 0.0000e+00
        190     -1.031    -0.4005   0.000127    -0.0015    -0.1861 0.0000e+00
        191     -1.032    -0.4003   0.000126    -0.0015    -0.1861 0.0000e+00
        192     -1.032    -0.4002   0.000127    -0.0015    -0.1861 0.0000e+00
        193     -1.032    -0.4002   0.000128    -0.0015    -0.1861 0.0000e+00
        194     -1.031    -0.4000   0.000127    -0.0015    -0.1860 0.0000e+00
        195     -1.029    -0.3998   0.000126    -0.0015    -0.1860 0.0000e+00
        196     -1.028    -0.3997   0.000126    -0.0015    -0.1860 0.0000e+00
        197     -1.029    -0.3995   0.000127    -0.0015    -0.1860 0.0000e+00
        198     -1.030    -0.3993   0.000128    -0.0015    -0.1860 0.0000e+00
        199     -1.028    -0.3991   0.000127    -0.0015    -0.1860 0.0000e+00
        200     -1.025    -0.3989   0.000126    -0.0015    -0.1860 0.0000e+00
        201     -1.023    -0.3986   0.000128    -0.0015    -0.1859 0.0000e+00
        202     -1.025    -0.3984   0.000129    -0.0015    -0.1859 0.0000e+00
        203     -1.029    -0.3982   0.000129    -0.0015    -0.1859 0.0000e+00
        204     -1.028    -0.3980   0.000128    -0.0015    -0.1859 0.0000e+00
        205     -1.023    -0.3977   0.000128    -0.0015    -0.1859 0.0000e+00
