Datasets/Multi_Species/TEL214/tel214_2020_015.cnv
* Sea-Bird SBE19plus Data File:
* Filename = C:/AQUIRE/tel214_2020_015.hex
* Software Version AquireV2 AF V2.0
* Temperature SN =  7853
* Conductivity SN =  7853
* System UpLoad Time = Nov 10 2020 09:38:07
* <ApplicationData>
* <AQUIREV2>
** VESSEL/TRIP/SEQ STN: tel214_2020_015
** LATITUDE: 54 47.79 N
** LONGITUDE: 53 39.33 W
** DATE/TIME: 2020-11-10 08:27
** SOUNDING DEPTH (M): 0478
** PROBE TYPE: S7853
** CTD NUMBER:  15
** COMMENTS: 
# nquan = 7                                 
# nvalues = 4050                        
# units = specified
# name 0 = scan: Scan Count
# name 1 = prdM: Pressure, Strain Gauge [db]
# name 2 = tv290C: Temperature [ITS-90, deg C]
# name 3 = c0S/m: Conductivity [S/m]
# name 4 = sal00: Salinity, Practical [PSU]
# name 5 = sigma-t00: Density [sigma-t, kg/m^3 ]
# name 6 = flag: flag
# span 0 =          1,       4050       
# span 1 =     -1.193,    479.230       
# span 2 =    -1.3893,     4.0134       
# span 3 =  -0.000091,   3.257628       
# span 4 =    -0.0028,    34.7675       
# span 5 =    -0.2697,    27.6012       
# span 6 = 0.0000e+00, 0.0000e+00       
# interval = seconds: 1
# start_time = Nov 10 2020 08:27:57 [Instrument's time stamp, header]
# bad_flag = -9.990e-29
*END*
[from data line 1642]
       1643    433.051     3.9965   3.254893    34.7636    27.5985 0.0000e+00
       1644    433.427     3.9965   3.254904    34.7636    27.5985 0.0000e+00
       1645    433.822     3.9966   3.254934    34.7636    27.5985 0.0000e+00
       1646    434.214     3.9966   3.254974    34.7639    27.5987 0.0000e+00
       1647    434.585     3.9966   3.255004    34.7640    27.5988 0.0000e+00
       1648    434.928     3.9966   3.255019    34.7640    27.5988 0.0000e+00
       1649    435.255     3.9966   3.255021    34.7639    27.5987 0.0000e+00
       1650    435.580     3.9965   3.255009    34.7637    27.5986 0.0000e+00
       1651    435.907     3.9964   3.255005    34.7636    27.5985 0.0000e+00
       1652    436.240     3.9962   3.255026    34.7638    27.5987 0.0000e+00
       1653    436.584     3.9962   3.255060    34.7641    27.5989 0.0000e+00
       1654    436.932     3.9964   3.255098    34.7641    27.5989 0.0000e+00
       1655    437.273     3.9966   3.255136    34.7642    27.5990 0.0000e+00
       1656    437.605     3.9966   3.255167    34.7644    27.5991 0.0000e+00
       1657    437.936     3.9968   3.255186    34.7642    27.5990 0.0000e+00
       1658    438.278     3.9968   3.255196    34.7641    27.5989 0.0000e+00
       1659    438.634     3.9968   3.255205    34.7641    27.5988 0.0000e+00
       1660    438.995     3.9967   3.255212    34.7641    27.5988 0.0000e+00
       1661    439.349     3.9966   3.255217    34.7640    27.5988 0.0000e+00
       1662    439.687     3.9966   3.255222    34.7639    27.5987 0.0000e+00
       1663    440.003     3.9966   3.255231    34.7639    27.5987 0.0000e+00
       1664    440.308     3.9966   3.255247    34.7639    27.5987 0.0000e+00
       1665    440.627     3.9967   3.255265    34.7638    27.5987 0.0000e+00
       1666    440.977     3.9968   3.255282    34.7637    27.5986 0.0000e+00
       1667    441.352     3.9969   3.255311    34.7638    27.5986 0.0000e+00
       1668    441.728     3.9969   3.255350    34.7640    27.5988 0.0000e+00
       1669    442.086     3.9970   3.255390    34.7642    27.5989 0.0000e+00
       1670    442.433     3.9970   3.255434    34.7645    27.5992 0.0000e+00
       1671    442.782     3.9970   3.255469    34.7648    27.5994 0.0000e+00
       1672    443.135     3.9971   3.255479    34.7646    27.5992 0.0000e+00
       1673    443.485     3.9970   3.255477    34.7645    27.5992 0.0000e+00
       1674    443.824     3.9968   3.255472    34.7645    27.5992 0.0000e+00
       1675    444.152     3.9966   3.255473    34.7645    27.5992 0.0000e+00
       1676    444.478     3.9966   3.255482    34.7645    27.5992 0.0000e+00
       1677    444.808     3.9966   3.255490    34.7644    27.5991 0.0000e+00
       1678    445.139     3.9965   3.255499    34.7644    27.5991 0.0000e+00
       1679    445.465     3.9964   3.255508    34.7644    27.5992 0.0000e+00
       1680    445.783     3.9964   3.255522    34.7644    27.5992 0.0000e+00
       1681    446.096     3.9965   3.255551    34.7645    27.5992 0.0000e+00
       1682    446.412     3.9966   3.255588    34.7647    27.5994 0.0000e+00
       1683    446.736     3.9968   3.255622    34.7647    27.5994 0.0000e+00
       1684    447.072     3.9970   3.255649    34.7646    27.5993 0.0000e+00
       1685    447.417     3.9970   3.255670    34.7647    27.5993 0.0000e+00
       1686    447.761     3.9970   3.255689    34.7647    27.5994 0.0000e+00
       1687    448.103     3.9970   3.255714    34.7649    27.5995 0.0000e+00
       1688    448.452     3.9970   3.255742    34.7650    27.5996 0.0000e+00
       1689    448.815     3.9972   3.255763    34.7649    27.5994 0.0000e+00
       1690    449.180     3.9973   3.255777    34.7647    27.5993 0.0000e+00
       1691    449.525     3.9974   3.255799    34.7647    27.5993 0.0000e+00
       1692    449.850     3.9974   3.255826    34.7648    27.5994 0.0000e+00
       1693    450.165     3.9975   3.255855    34.7649    27.5994 0.0000e+00
       1694    450.476     3.9977   3.255877    34.7648    27.5993 0.0000e+00
       1695    450.787     3.9977   3.255892    34.7648    27.5993 0.0000e+00
       1696    451.109     3.9978   3.255899    34.7646    27.5992 0.0000e+00
       1697    451.454     3.9977   3.255890    34.7644    27.5990 0.0000e+00
       1698    451.822     3.9975   3.255871    34.7642    27.5989 0.0000e+00
       1699    452.190     3.9973   3.255854    34.7640    27.5988 0.0000e+00
       1700    452.537     3.9970   3.255850    34.7641    27.5989 0.0000e+00
       1701    452.869     3.9969   3.255857    34.7641    27.5989 0.0000e+00
       1702    453.202     3.9968   3.255863    34.7641    27.5989 0.0000e+00
       1703    453.548     3.9966   3.255870    34.7642    27.5990 0.0000e+00
       1704    453.905     3.9966   3.255886    34.7642    27.5990 0.0000e+00
       1705    454.262     3.9966   3.255906    34.7643    27.5990 0.0000e+00
       1706    454.614     3.9966   3.255922    34.7643    27.5990 0.0000e+00
       1707    454.960     3.9966   3.255935    34.7643    27.5990 0.0000e+00
       1708    455.295     3.9968   3.255951    34.7641    27.5988 0.0000e+00
       1709    455.624     3.9968   3.255969    34.7641    27.5989 0.0000e+00
       1710    455.953     3.9968   3.255989    34.7642    27.5989 0.0000e+00
       1711    456.277     3.9968   3.256010    34.7642    27.5990 0.0000e+00
       1712    456.593     3.9968   3.256029    34.7643    27.5990 0.0000e+00
       1713    456.911     3.9968   3.256047    34.7643    27.5991 0.0000e+00
       1714    457.246     3.9968   3.256063    34.7644    27.5991 0.0000e+00
       1715    457.605     3.9968   3.256075    34.7643    27.5990 0.0000e+00
       1716    457.977     3.9968   3.256090    34.7643    27.5990 0.0000e+00
       1717    458.344     3.9968   3.256112    34.7644    27.5991 0.0000e+00
       1718    458.698     3.9969   3.256134    34.7643    27.5990 0.0000e+00
       1719    459.043     3.9969   3.256150    34.7643    27.5990 0.0000e+00
       1720    459.384     3.9970   3.256163    34.7642    27.5989 0.0000e+00
       1721    459.726     3.9970   3.256176    34.7642    27.5989 0.0000e+00
       1722    460.072     3.9970   3.256191    34.7642    27.5989 0.0000e+00
       1723    460.422     3.9970   3.256207    34.7642    27.5989 0.0000e+00
       1724    460.769     3.9970   3.256222    34.7642    27.5989 0.0000e+00
       1725    461.092     3.9970   3.256233    34.7641    27.5989 0.0000e+00
       1726    461.386     3.9970   3.256247    34.7641    27.5989 0.0000e+00
       1727    461.675     3.9970   3.256267    34.7642    27.5989 0.0000e+00
       1728    461.993     3.9970   3.256285    34.7643    27.5990 0.0000e+00
       1729    462.354     3.9971   3.256305    34.7642    27.5989 0.0000e+00
       1730    462.751     3.9972   3.256319    34.7641    27.5988 0.0000e+00
       1731    463.154     3.9970   3.256332    34.7642    27.5989 0.0000e+00
       1732    463.544     3.9970   3.256353    34.7643    27.5990 0.0000e+00
       1733    463.924     3.9970   3.256374    34.7643    27.5990 0.0000e+00
       1734    464.297     3.9972   3.256395    34.7641    27.5989 0.0000e+00
       1735    464.655     3.9974   3.256421    34.7640    27.5988 0.0000e+00
       1736    464.986     3.9974   3.256452    34.7642    27.5989 0.0000e+00
       1737    465.301     3.9974   3.256476    34.7644    27.5990 0.0000e+00
       1738    465.622     3.9974   3.256492    34.7644    27.5990 0.0000e+00
       1739    465.961     3.9974   3.256505    34.7644    27.5990 0.0000e+00
       1740    466.311     3.9974   3.256505    34.7642    27.5989 0.0000e+00
       1741    466.644     3.9974   3.256500    34.7639    27.5987 0.0000e+00
       1742    466.945     3.9973   3.256504    34.7639    27.5987 0.0000e+00
       1743    467.237     3.9972   3.256512    34.7640    27.5987 0.0000e+00
       1744    467.547     3.9972   3.256524    34.7639    27.5987 0.0000e+00
       1745    467.872     3.9972   3.256538    34.7639    27.5987 0.0000e+00
       1746    468.198     3.9972   3.256548    34.7639    27.5987 0.0000e+00
       1747    468.521     3.9972   3.256563    34.7639    27.5987 0.0000e+00
       1748    468.846     3.9972   3.256580    34.7639    27.5987 0.0000e+00
       1749    469.171     3.9972   3.256590    34.7639    27.5986 0.0000e+00
       1750    469.483     3.9972   3.256597    34.7638    27.5986 0.0000e+00
       1751    469.773     3.9972   3.256612    34.7638    27.5986 0.0000e+00
       1752    470.036     3.9972   3.256635    34.7639    27.5987 0.0000e+00
       1753    470.273     3.9972   3.256655    34.7641    27.5988 0.0000e+00
       1754    470.493     3.9972   3.256669    34.7641    27.5988 0.0000e+00
       1755    470.715     3.9972   3.256676    34.7641    27.5988 0.0000e+00
       1756    470.953     3.9972   3.256686    34.7641    27.5988 0.0000e+00
       1757    471.203     3.9972   3.256693    34.7640    27.5988 0.0000e+00
       1758    471.441     3.9972   3.256696    34.7639    27.5987 0.0000e+00
       1759    471.652     3.9972   3.256703    34.7639    27.5987 0.0000e+00
       1760    471.848     3.9972   3.256716    34.7639    27.5987 0.0000e+00
       1761    472.052     3.9972   3.256726    34.7640    27.5987 0.0000e+00
       1762    472.266     3.9972   3.256731    34.7639    27.5987 0.0000e+00
       1763    472.468     3.9973   3.256735    34.7637    27.5985 0.0000e+00
       1764    472.651     3.9973   3.256740    34.7637    27.5985 0.0000e+00
       1765    472.825     3.9973   3.256748    34.7637    27.5985 0.0000e+00
       1766    473.002     3.9973   3.256756    34.7637    27.5985 0.0000e+00
       1767    473.174     3.9973   3.256762    34.7637    27.5985 0.0000e+00
       1768    473.323     3.9973   3.256769    34.7637    27.5985 0.0000e+00
       1769    473.452     3.9973   3.256781    34.7638    27.5986 0.0000e+00
       1770    473.585     3.9973   3.256797    34.7639    27.5986 0.0000e+00
       1771    473.735     3.9973   3.256806    34.7639    27.5987 0.0000e+00
       1772    473.886     3.9973   3.256806    34.7638    27.5986 0.0000e+00
       1773    474.005     3.9973   3.256812    34.7638    27.5986 0.0000e+00
       1774    474.081     3.9973   3.256825    34.7640    27.5987 0.0000e+00
       1775    474.138     3.9973   3.256845    34.7642    27.5989 0.0000e+00
       1776    474.211     3.9974   3.256867    34.7643    27.5989 0.0000e+00
       1777    474.319     3.9974   3.256874    34.7643    27.5990 0.0000e+00
       1778    474.447     3.9974   3.256863    34.7641    27.5988 0.0000e+00
       1779    474.558     3.9974   3.256849    34.7639    27.5986 0.0000e+00
       1780    474.626     3.9974   3.256848    34.7638    27.5986 0.0000e+00
       1781    474.657     3.9974   3.256857    34.7639    27.5987 0.0000e+00
       1782    474.681     3.9974   3.256867    34.7640    27.5988 0.0000e+00
       1783    474.729     3.9974   3.256879    34.7641    27.5988 0.0000e+00
       1784    474.817     3.9975   3.256887    34.7641    27.5988 0.0000e+00
       1785    474.932     3.9975   3.256879    34.7639    27.5987 0.0000e+00
       1786    475.040     3.9974   3.256868    34.7638    27.5986 0.0000e+00
       1787    475.113     3.9974   3.256864    34.7638    27.5985 0.0000e+00
       1788    475.145     3.9973   3.256864    34.7639    27.5986 0.0000e+00
       1789    475.149     3.9973   3.256863    34.7638    27.5986 0.0000e+00
       1790    475.152     3.9974   3.256863    34.7637    27.5985 0.0000e+00
       1791    475.180     3.9974   3.256864    34.7637    27.5985 0.0000e+00
       1792    475.241     3.9974   3.256863    34.7637    27.5985 0.0000e+00
       1793    475.312     3.9974   3.256858    34.7636    27.5984 0.0000e+00
       1794    475.362     3.9974   3.256858    34.7636    27.5984 0.0000e+00
       1795    475.393     3.9973   3.256866    34.7637    27.5985 0.0000e+00
       1796    475.429     3.9974   3.256875    34.7637    27.5985 0.0000e+00
       1797    475.487     3.9974   3.256876    34.7637    27.5985 0.0000e+00
       1798    475.561     3.9974   3.256875    34.7637    27.5985 0.0000e+00
       1799    475.623     3.9974   3.256878    34.7637    27.5985 0.0000e+00
       1800    475.657     3.9973   3.256878    34.7637    27.5985 0.0000e+00
       1801    475.675     3.9973   3.256880    34.7638    27.5985 0.0000e+00
       1802    475.701     3.9973   3.256883    34.7638    27.5986 0.0000e+00
       1803    475.743     3.9973   3.256885    34.7638    27.5986 0.0000e+00
       1804    475.792     3.9973   3.256887    34.7638    27.5986 0.0000e+00
       1805    475.829     3.9973   3.256888    34.7638    27.5986 0.0000e+00
       1806    475.844     3.9974   3.256889    34.7637    27.5985 0.0000e+00
       1807    475.841     3.9974   3.256890    34.7637    27.5985 0.0000e+00
       1808    475.835     3.9974   3.256892    34.7637    27.5985 0.0000e+00
       1809    475.849     3.9974   3.256893    34.7637    27.5985 0.0000e+00
       1810    475.892     3.9974   3.256892    34.7637    27.5985 0.0000e+00
       1811    475.943     3.9974   3.256891    34.7636    27.5984 0.0000e+00
       1812    475.980     3.9974   3.256895    34.7637    27.5985 0.0000e+00
       1813    476.001     3.9974   3.256898    34.7637    27.5985 0.0000e+00
       1814    476.012     3.9974   3.256899    34.7637    27.5985 0.0000e+00
       1815    476.015     3.9974   3.256899    34.7637    27.5985 0.0000e+00
       1816    476.009     3.9974   3.256899    34.7637    27.5985 0.0000e+00
       1817    476.004     3.9973   3.256896    34.7638    27.5986 0.0000e+00
       1818    476.011     3.9973   3.256891    34.7637    27.5985 0.0000e+00
       1819    476.032     3.9973   3.256890    34.7637    27.5985 0.0000e+00
       1820    476.061     3.9974   3.256894    34.7636    27.5984 0.0000e+00
       1821    476.090     3.9974   3.256899    34.7637    27.5985 0.0000e+00
       1822    476.110     3.9974   3.256906    34.7637    27.5985 0.0000e+00
       1823    476.125     3.9974   3.256908    34.7637    27.5985 0.0000e+00
       1824    476.144     3.9974   3.256908    34.7637    27.5985 0.0000e+00
       1825    476.165     3.9974   3.256907    34.7637    27.5985 0.0000e+00
       1826    476.178     3.9974   3.256905    34.7637    27.5985 0.0000e+00
       1827    476.186     3.9974   3.256906    34.7637    27.5985 0.0000e+00
       1828    476.199     3.9974   3.256907    34.7637    27.5985 0.0000e+00
       1829    476.214     3.9974   3.256909    34.7637    27.5985 0.0000e+00
       1830    476.218     3.9974   3.256908    34.7637    27.5985 0.0000e+00
       1831    476.202     3.9974   3.256901    34.7636    27.5984 0.0000e+00
       1832    476.177     3.9974   3.256899    34.7636    27.5984 0.0000e+00
       1833    476.164     3.9973   3.256901    34.7638    27.5985 0.0000e+00
       1834    476.170     3.9973   3.256899    34.7637    27.5985 0.0000e+00
       1835    476.185     3.9973   3.256893    34.7636    27.5985 0.0000e+00
       1836    476.195     3.9973   3.256893    34.7636    27.5985 0.0000e+00
       1837    476.198     3.9973   3.256897    34.7637    27.5985 0.0000e+00
       1838    476.204     3.9974   3.256901    34.7636    27.5984 0.0000e+00
       1839    476.213     3.9974   3.256904    34.7637    27.5985 0.0000e+00
       1840    476.210     3.9974   3.256904    34.7637    27.5985 0.0000e+00
       1841    476.184     3.9974   3.256899    34.7636    27.5984 0.0000e+00
       1842    476.142     3.9974   3.256894    34.7636    27.5984 0.0000e+00
       1843    476.105     3.9974   3.256890    34.7635    27.5984 0.0000e+00
       1844    476.099     3.9974   3.256889    34.7635    27.5984 0.0000e+00
       1845    476.129     3.9973   3.256891    34.7637    27.5985 0.0000e+00
       1846    476.172     3.9972   3.256891    34.7637    27.5985 0.0000e+00
