Datasets/Multi_Species/TEL214/tel214_2020_008.cnv
* Sea-Bird SBE19plus Data File:
* Filename = C:/AQUIRE/tel214_2020_008.hex
* Software Version AquireV2 AF V2.0
* Temperature SN =  7853
* Conductivity SN =  7853
* System UpLoad Time = Nov 07 2020 08:42:30
* <ApplicationData>
* <AQUIREV2>
** VESSEL/TRIP/SEQ STN: tel214_2020_008
** LATITUDE: 53 30.31 N
** LONGITUDE: 53 34.14 W
** DATE/TIME: 2020-11-07 07:49
** SOUNDING DEPTH (M): 0194
** PROBE TYPE: S7853
** CTD NUMBER:   8
** COMMENTS: 
# nquan = 7                                 
# nvalues = 3021                        
# units = specified
# name 0 = scan: Scan Count
# name 1 = prdM: Pressure, Strain Gauge [db]
# name 2 = tv290C: Temperature [ITS-90, deg C]
# name 3 = c0S/m: Conductivity [S/m]
# name 4 = sal00: Salinity, Practical [PSU]
# name 5 = sigma-t00: Density [sigma-t, kg/m^3 ]
# name 6 = flag: flag
# span 0 =          1,       3021       
# span 1 =     -1.188,    189.158       
# span 2 =     0.6482,     1.6854       
# span 3 =   0.000065,   2.938061       
# span 4 =    -0.0008,    33.6752       
# span 5 =    -0.1094,    26.9477       
# span 6 = 0.0000e+00, 0.0000e+00       
# interval = seconds: 1
# start_time = Nov 07 2020 07:49:42 [Instrument's time stamp, header]
# bad_flag = -9.990e-29
*END*
[from data line 2052]
       2053    186.356     1.4993   2.938040    33.6750    26.9467 0.0000e+00
       2054    186.204     1.4994   2.938040    33.6750    26.9467 0.0000e+00
       2055    186.043     1.4994   2.938027    33.6749    26.9466 0.0000e+00
       2056    185.878     1.4994   2.938023    33.6749    26.9467 0.0000e+00
       2057    185.714     1.4994   2.938035    33.6752    26.9469 0.0000e+00
       2058    185.542     1.4996   2.938046    33.6752    26.9469 0.0000e+00
       2059    185.363     1.4998   2.938049    33.6751    26.9468 0.0000e+00
       2060    185.188     1.5000   2.938052    33.6750    26.9467 0.0000e+00
       2061    185.016     1.5000   2.938057    33.6752    26.9469 0.0000e+00
       2062    184.839     1.5001   2.938061    33.6752    26.9469 0.0000e+00
       2063    184.657     1.5002   2.938057    33.6752    26.9468 0.0000e+00
       2064    184.471     1.5002   2.938049    33.6752    26.9468 0.0000e+00
       2065    184.285     1.5002   2.938029    33.6750    26.9467 0.0000e+00
       2066    184.103     1.5001   2.937997    33.6749    26.9466 0.0000e+00
       2067    183.928     1.4999   2.937971    33.6748    26.9466 0.0000e+00
       2068    183.757     1.4998   2.937957    33.6749    26.9466 0.0000e+00
       2069    183.587     1.4998   2.937953    33.6749    26.9466 0.0000e+00
       2070    183.414     1.4998   2.937957    33.6751    26.9468 0.0000e+00
       2071    183.239     1.4999   2.937965    33.6752    26.9468 0.0000e+00
       2072    183.067     1.5000   2.937966    33.6752    26.9468 0.0000e+00
       2073    182.901     1.5000   2.937957    33.6751    26.9468 0.0000e+00
       2074    182.737     1.5002   2.937951    33.6749    26.9466 0.0000e+00
       2075    182.573     1.5002   2.937947    33.6750    26.9467 0.0000e+00
       2076    182.406     1.5002   2.937946    33.6751    26.9467 0.0000e+00
       2077    182.233     1.5002   2.937947    33.6752    26.9468 0.0000e+00
       2078    182.060     1.5003   2.937950    33.6752    26.9468 0.0000e+00
       2079    181.895     1.5004   2.937952    33.6752    26.9468 0.0000e+00
       2080    181.730     1.5004   2.937941    33.6752    26.9468 0.0000e+00
       2081    181.558     1.5004   2.937914    33.6749    26.9466 0.0000e+00
       2082    181.383     1.5004   2.937889    33.6747    26.9464 0.0000e+00
       2083    181.205     1.5004   2.937887    33.6748    26.9465 0.0000e+00
       2084    181.022     1.5006   2.937904    33.6749    26.9466 0.0000e+00
       2085    180.836     1.5006   2.937915    33.6751    26.9468 0.0000e+00
       2086    180.653     1.5006   2.937896    33.6750    26.9467 0.0000e+00
       2087    180.471     1.5005   2.937855    33.6747    26.9464 0.0000e+00
       2088    180.290     1.5004   2.937824    33.6745    26.9463 0.0000e+00
       2089    180.106     1.5004   2.937820    33.6746    26.9463 0.0000e+00
       2090    179.914     1.5006   2.937824    33.6745    26.9463 0.0000e+00
       2091    179.712     1.5006   2.937816    33.6745    26.9463 0.0000e+00
       2092    179.505     1.5005   2.937795    33.6745    26.9462 0.0000e+00
       2093    179.298     1.5004   2.937779    33.6745    26.9463 0.0000e+00
       2094    179.093     1.5005   2.937791    33.6747    26.9464 0.0000e+00
       2095    178.886     1.5009   2.937840    33.6750    26.9466 0.0000e+00
       2096    178.672     1.5014   2.937889    33.6752    26.9467 0.0000e+00
       2097    178.450     1.5017   2.937899    33.6751    26.9467 0.0000e+00
       2098    178.222     1.5016   2.937867    33.6749    26.9465 0.0000e+00
       2099    177.994     1.5013   2.937804    33.6746    26.9463 0.0000e+00
       2100    177.767     1.5010   2.937743    33.6743    26.9460 0.0000e+00
       2101    177.539     1.5006   2.937705    33.6743    26.9461 0.0000e+00
       2102    177.314     1.5004   2.937664    33.6742    26.9460 0.0000e+00
       2103    177.089     1.5002   2.937608    33.6738    26.9457 0.0000e+00
       2104    176.855     1.4998   2.937561    33.6738    26.9457 0.0000e+00
       2105    176.610     1.4997   2.937548    33.6738    26.9458 0.0000e+00
       2106    176.362     1.4998   2.937556    33.6740    26.9459 0.0000e+00
       2107    176.111     1.5000   2.937564    33.6740    26.9459 0.0000e+00
       2108    175.857     1.5001   2.937573    33.6742    26.9460 0.0000e+00
       2109    175.602     1.5003   2.937591    33.6743    26.9461 0.0000e+00
       2110    175.348     1.5006   2.937615    33.6744    26.9462 0.0000e+00
       2111    175.095     1.5008   2.937611    33.6743    26.9461 0.0000e+00
       2112    174.836     1.5007   2.937566    33.6740    26.9459 0.0000e+00
       2113    174.572     1.5004   2.937491    33.6735    26.9455 0.0000e+00
       2114    174.304     1.4999   2.937403    33.6731    26.9452 0.0000e+00
       2115    174.033     1.4994   2.937332    33.6729    26.9450 0.0000e+00
       2116    173.760     1.4991   2.937315    33.6732    26.9453 0.0000e+00
       2117    173.484     1.4993   2.937345    33.6735    26.9455 0.0000e+00
       2118    173.204     1.4995   2.937360    33.6736    26.9456 0.0000e+00
       2119    172.916     1.4996   2.937329    33.6733    26.9453 0.0000e+00
       2120    172.617     1.4994   2.937271    33.6729    26.9451 0.0000e+00
       2121    172.317     1.4989   2.937191    33.6726    26.9449 0.0000e+00
       2122    172.027     1.4980   2.937054    33.6720    26.9444 0.0000e+00
       2123    171.742     1.4965   2.936797    33.6705    26.9434 0.0000e+00
       2124    171.449     1.4941   2.936446    33.6688    26.9421 0.0000e+00
       2125    171.150     1.4920   2.936228    33.6685    26.9420 0.0000e+00
       2126    170.850     1.4915   2.936288    33.6699    26.9432 0.0000e+00
       2127    170.544     1.4924   2.936447    33.6712    26.9441 0.0000e+00
       2128    170.235     1.4931   2.936496    33.6712    26.9441 0.0000e+00
       2129    169.924     1.4934   2.936494    33.6710    26.9440 0.0000e+00
       2130    169.609     1.4939   2.936569    33.6716    26.9444 0.0000e+00
       2131    169.291     1.4947   2.936658    33.6721    26.9447 0.0000e+00
       2132    168.976     1.4953   2.936668    33.6717    26.9444 0.0000e+00
       2133    168.669     1.4954   2.936641    33.6715    26.9442 0.0000e+00
       2134    168.361     1.4952   2.936621    33.6716    26.9443 0.0000e+00
       2135    168.043     1.4945   2.936495    33.6709    26.9438 0.0000e+00
       2136    167.719     1.4925   2.936135    33.6687    26.9422 0.0000e+00
       2137    167.403     1.4893   2.935607    33.6656    26.9399 0.0000e+00
       2138    167.088     1.4829   2.934531    33.6590    26.9351 0.0000e+00
       2139    166.760     1.4671   2.931761    33.6410    26.9217 0.0000e+00
       2140    166.425     1.4407   2.927829    33.6196    26.9064 0.0000e+00
       2141    166.090     1.4139   2.925019    33.6128    26.9028 0.0000e+00
       2142    165.753     1.3959   2.923835    33.6173    26.9076 0.0000e+00
       2143    165.409     1.3861   2.923133    33.6191    26.9097 0.0000e+00
       2144    165.057     1.3769   2.921838    33.6127    26.9052 0.0000e+00
       2145    164.700     1.3615   2.919657    33.6017    26.8974 0.0000e+00
       2146    164.346     1.3412   2.917271    33.5933    26.8920 0.0000e+00
       2147    163.997     1.3220   2.915180    33.5874    26.8886 0.0000e+00
       2148    163.648     1.3050   2.913235    33.5811    26.8847 0.0000e+00
       2149    163.289     1.2856   2.910766    33.5707    26.8776 0.0000e+00
       2150    162.920     1.2536   2.906005    33.5445    26.8587 0.0000e+00
       2151    162.555     1.2054   2.899345    33.5114    26.8353 0.0000e+00
       2152    162.196     1.1587   2.894712    33.5025    26.8312 0.0000e+00
       2153    161.835     1.1318   2.893161    33.5117    26.8403 0.0000e+00
       2154    161.463     1.1201   2.892527    33.5164    26.8448 0.0000e+00
       2155    161.079     1.1107   2.891190    33.5096    26.8400 0.0000e+00
       2156    160.687     1.0951   2.888731    33.4951    26.8293 0.0000e+00
       2157    160.295     1.0715   2.885567    33.4801    26.8188 0.0000e+00
       2158    159.904     1.0432   2.881947    33.4643    26.8079 0.0000e+00
       2159    159.507     1.0155   2.878750    33.4533    26.8008 0.0000e+00
       2160    159.104     0.9933   2.876575    33.4494    26.7990 0.0000e+00
       2161    158.696     0.9767   2.874794    33.4446    26.7962 0.0000e+00
       2162    158.285     0.9624   2.873177    33.4394    26.7929 0.0000e+00
       2163    157.870     0.9481   2.871679    33.4358    26.7909 0.0000e+00
       2164    157.452     0.9336   2.869970    33.4296    26.7868 0.0000e+00
       2165    157.028     0.9212   2.868508    33.4244    26.7834 0.0000e+00
       2166    156.593     0.9118   2.867548    33.4224    26.7824 0.0000e+00
       2167    156.143     0.9035   2.866533    33.4185    26.7797 0.0000e+00
       2168    155.678     0.8932   2.864965    33.4097    26.7732 0.0000e+00
       2169    155.208     0.8794   2.863002    33.3995    26.7659 0.0000e+00
       2170    154.738     0.8653   2.861462    33.3951    26.7632 0.0000e+00
       2171    154.265     0.8552   2.860596    33.3950    26.7638 0.0000e+00
       2172    153.792     0.8496   2.860085    33.3947    26.7639 0.0000e+00
       2173    153.313     0.8473   2.859753    33.3932    26.7628 0.0000e+00
       2174    152.817     0.8475   2.859540    33.3905    26.7606 0.0000e+00
       2175    152.301     0.8492   2.859417    33.3874    26.7580 0.0000e+00
       2176    151.771     0.8517   2.859323    33.3838    26.7550 0.0000e+00
       2177    151.243     0.8534   2.859228    33.3811    26.7527 0.0000e+00
       2178    150.725     0.8539   2.859236    33.3809    26.7525 0.0000e+00
       2179    150.208     0.8539   2.859314    33.3822    26.7536 0.0000e+00
       2180    149.681     0.8538   2.859233    33.3816    26.7531 0.0000e+00
       2181    149.133     0.8516   2.858665    33.3770    26.7495 0.0000e+00
       2182    148.564     0.8430   2.857306    33.3690    26.7436 0.0000e+00
       2183    147.989     0.8273   2.855319    33.3606    26.7378 0.0000e+00
       2184    147.423     0.8108   2.853655    33.3572    26.7360 0.0000e+00
       2185    146.871     0.8014   2.853075    33.3601    26.7389 0.0000e+00
       2186    146.318     0.7996   2.853206    33.3641    26.7422 0.0000e+00
       2187    145.747     0.8024   2.853567    33.3660    26.7436 0.0000e+00
       2188    145.156     0.8083   2.853991    33.3655    26.7429 0.0000e+00
       2189    144.551     0.8170   2.854597    33.3643    26.7414 0.0000e+00
       2190    143.947     0.8284   2.855670    33.3663    26.7423 0.0000e+00
       2191    143.352     0.8417   2.856875    33.3679    26.7427 0.0000e+00
       2192    142.757     0.8553   2.858087    33.3692    26.7430 0.0000e+00
       2193    142.155     0.8717   2.859715    33.3729    26.7450 0.0000e+00
       2194    141.551     0.8939   2.861847    33.3769    26.7469 0.0000e+00
       2195    140.942     0.9187   2.863626    33.3735    26.7426 0.0000e+00
       2196    140.325     0.9409   2.864871    33.3661    26.7353 0.0000e+00
       2197    139.693     0.9617   2.866557    33.3658    26.7338 0.0000e+00
       2198    139.045     0.9844   2.868433    33.3659    26.7325 0.0000e+00
       2199    138.390     1.0095   2.870328    33.3638    26.7292 0.0000e+00
       2200    137.735     1.0362   2.872547    33.3640    26.7277 0.0000e+00
       2201    137.076     1.0619   2.874460    33.3614    26.7240 0.0000e+00
       2202    136.402     1.0842   2.875979    33.3574    26.7193 0.0000e+00
       2203    135.710     1.1061   2.877763    33.3572    26.7178 0.0000e+00
       2204    135.004     1.1324   2.880108    33.3595    26.7179 0.0000e+00
       2205    134.293     1.1640   2.882833    33.3610    26.7171 0.0000e+00
       2206    133.582     1.1951   2.885214    33.3586    26.7132 0.0000e+00
       2207    132.876     1.2191   2.886829    33.3540    26.7079 0.0000e+00
       2208    132.172     1.2387   2.888436    33.3540    26.7066 0.0000e+00
       2209    131.461     1.2622   2.890613    33.3570    26.7076 0.0000e+00
       2210    130.737     1.2933   2.893201    33.3573    26.7057 0.0000e+00
       2211    129.997     1.3277   2.895775    33.3538    26.7006 0.0000e+00
       2212    129.244     1.3597   2.898157    33.3504    26.6958 0.0000e+00
       2213    128.488     1.3888   2.900368    33.3480    26.6918 0.0000e+00
       2214    127.735     1.4164   2.902264    33.3431    26.6861 0.0000e+00
       2215    126.980     1.4416   2.904037    33.3393    26.6813 0.0000e+00
       2216    126.213     1.4624   2.905468    33.3357    26.6770 0.0000e+00
       2217    125.427     1.4750   2.905754    33.3264    26.6687 0.0000e+00
       2218    124.625     1.4736   2.904270    33.3096    26.6553 0.0000e+00
       2219    123.818     1.4527   2.900524    33.2847    26.6367 0.0000e+00
       2220    123.016     1.4135   2.895232    33.2597    26.6193 0.0000e+00
       2221    122.213     1.3677   2.890345    33.2467    26.6119 0.0000e+00
       2222    121.397     1.3272   2.886920    33.2466    26.6146 0.0000e+00
       2223    120.552     1.2937   2.884305    33.2494    26.6190 0.0000e+00
       2224    119.674     1.2559   2.880360    33.2398    26.6138 0.0000e+00
       2225    118.773     1.2030   2.874068    33.2163    26.5984 0.0000e+00
       2226    117.875     1.1388   2.867209    33.1975    26.5874 0.0000e+00
       2227    117.007     1.0796   2.861993    33.1943    26.5885 0.0000e+00
       2228    116.157     1.0372   2.858886    33.2001    26.5959 0.0000e+00
       2229    115.289     1.0087   2.856666    33.2025    26.5996 0.0000e+00
       2230    114.382     0.9874   2.854781    33.2016    26.6002 0.0000e+00
       2231    113.451     0.9730   2.853552    33.2017    26.6011 0.0000e+00
       2232    112.520     0.9664   2.852984    33.2020    26.6018 0.0000e+00
       2233    111.605     0.9658   2.852927    33.2024    26.6021 0.0000e+00
       2234    110.705     0.9682   2.853126    33.2029    26.6024 0.0000e+00
       2235    109.805     0.9728   2.853504    33.2034    26.6025 0.0000e+00
       2236    108.891     0.9829   2.854458    33.2054    26.6035 0.0000e+00
       2237    107.953     1.0065   2.857106    33.2147    26.6095 0.0000e+00
       2238    106.990     1.0512   2.862100    33.2316    26.6203 0.0000e+00
       2239    106.009     1.1104   2.867678    33.2405    26.6238 0.0000e+00
       2240    105.032     1.1602   2.870727    33.2270    26.6097 0.0000e+00
       2241    104.079     1.1802   2.870270    33.2005    26.5871 0.0000e+00
       2242    103.151     1.1739   2.868126    33.1803    26.5713 0.0000e+00
       2243    102.232     1.1555   2.865666    33.1690    26.5634 0.0000e+00
       2244    101.300     1.1323   2.862995    33.1600    26.5577 0.0000e+00
       2245    100.337     1.1048   2.860052    33.1522    26.5531 0.0000e+00
       2246     99.339     1.0743   2.856721    33.1425    26.5473 0.0000e+00
       2247     98.318     1.0529   2.854605    33.1388    26.5456 0.0000e+00
       2248     97.296     1.0554   2.855458    33.1476    26.5525 0.0000e+00
       2249     96.290     1.0760   2.857573    33.1534    26.5559 0.0000e+00
       2250     95.308     1.0968   2.858970    33.1497    26.5516 0.0000e+00
       2251     94.354     1.1118   2.859843    33.1455    26.5473 0.0000e+00
       2252     93.425     1.1232   2.860422    33.1413    26.5432 0.0000e+00
       2253     92.512     1.1314   2.860592    33.1353    26.5378 0.0000e+00
       2254     91.588     1.1358   2.860457    33.1294    26.5328 0.0000e+00
       2255     90.617     1.1367   2.859891    33.1217    26.5266 0.0000e+00
       2256     89.591     1.1338   2.858827    33.1118    26.5188 0.0000e+00
