Datasets/Multi_Species/TEL214/tel214_2020_032.cnv
* Sea-Bird SBE19plus Data File:
* Filename = C:/AQUIRE/tel214_2020_032.hex
* Software Version AquireV2 AF V2.0
* Temperature SN =  7853
* Conductivity SN =  7853
* System UpLoad Time = Nov 15 2020 19:12:58
* <ApplicationData>
* <AQUIREV2>
** VESSEL/TRIP/SEQ STN: tel214_2020_032
** LATITUDE: 53 07.67 N
** LONGITUDE: 52 06.64 W
** DATE/TIME: 2020-11-15 13:52
** SOUNDING DEPTH (M): 0450
** PROBE TYPE: S7853
** CTD NUMBER: 032
** COMMENTS: tear up
# nquan = 7                                 
# nvalues = 10013                       
# units = specified
# name 0 = scan: Scan Count
# name 1 = prdM: Pressure, Strain Gauge [db]
# name 2 = tv290C: Temperature [ITS-90, deg C]
# name 3 = c0S/m: Conductivity [S/m]
# name 4 = sal00: Salinity, Practical [PSU]
# name 5 = sigma-t00: Density [sigma-t, kg/m^3 ]
# name 6 = flag: flag
# span 0 =          1,      10013       
# span 1 =     -1.046,    447.695       
# span 2 =     0.9158,     3.9973       
# span 3 =  -0.000075,   3.253915       
# span 4 =    -0.0006,    34.8002       
# span 5 =    -0.1027,    27.6341       
# span 6 = 0.0000e+00, 0.0000e+00       
# interval = seconds: 1
# start_time = Nov 15 2020 13:52:03 [Instrument's time stamp, header]
# bad_flag = -9.990e-29
*END*
[from data line 1847]
       1848    195.922     3.5256   3.181773    34.5168    27.4496 0.0000e+00
       1849    196.604     3.5309   3.182788    34.5230    27.4540 0.0000e+00
       1850    197.284     3.5370   3.183764    34.5279    27.4573 0.0000e+00
       1851    197.959     3.5433   3.184703    34.5321    27.4601 0.0000e+00
       1852    198.631     3.5495   3.185529    34.5351    27.4618 0.0000e+00
       1853    199.305     3.5553   3.186309    34.5380    27.4635 0.0000e+00
       1854    199.986     3.5610   3.187160    34.5418    27.4660 0.0000e+00
       1855    200.677     3.5679   3.188112    34.5455    27.4683 0.0000e+00
       1856    201.375     3.5766   3.189281    34.5499    27.4710 0.0000e+00
       1857    202.073     3.5871   3.190652    34.5549    27.4739 0.0000e+00
       1858    202.761     3.5982   3.191889    34.5576    27.4749 0.0000e+00
       1859    203.435     3.6082   3.192828    34.5579    27.4742 0.0000e+00
       1860    204.101     3.6161   3.193511    34.5573    27.4730 0.0000e+00
       1861    204.771     3.6220   3.194026    34.5569    27.4720 0.0000e+00
       1862    205.450     3.6265   3.194467    34.5570    27.4717 0.0000e+00
       1863    206.135     3.6307   3.195223    34.5613    27.4747 0.0000e+00
       1864    206.822     3.6386   3.196779    34.5712    27.4818 0.0000e+00
       1865    207.510     3.6530   3.199046    34.5827    27.4895 0.0000e+00
       1866    208.201     3.6726   3.201480    34.5907    27.4939 0.0000e+00
       1867    208.896     3.6924   3.203437    34.5928    27.4936 0.0000e+00
       1868    209.594     3.7084   3.204869    34.5926    27.4919 0.0000e+00
       1869    210.287     3.7210   3.206160    34.5943    27.4920 0.0000e+00
       1870    210.966     3.7325   3.207394    34.5965    27.4926 0.0000e+00
       1871    211.633     3.7429   3.208356    34.5966    27.4916 0.0000e+00
       1872    212.294     3.7504   3.208934    34.5953    27.4897 0.0000e+00
       1873    212.957     3.7549   3.209355    34.5952    27.4892 0.0000e+00
       1874    213.627     3.7580   3.209781    34.5966    27.4901 0.0000e+00
       1875    214.302     3.7612   3.210144    34.5972    27.4902 0.0000e+00
       1876    214.979     3.7638   3.210402    34.5972    27.4899 0.0000e+00
       1877    215.659     3.7656   3.210637    34.5977    27.4902 0.0000e+00
       1878    216.342     3.7671   3.210945    34.5994    27.4914 0.0000e+00
       1879    217.026     3.7690   3.211386    34.6023    27.4935 0.0000e+00
       1880    217.708     3.7716   3.211961    34.6060    27.4962 0.0000e+00
       1881    218.382     3.7748   3.212557    34.6094    27.4986 0.0000e+00
       1882    219.048     3.7782   3.213114    34.6121    27.5004 0.0000e+00
       1883    219.708     3.7817   3.213694    34.6150    27.5023 0.0000e+00
       1884    220.368     3.7854   3.214306    34.6180    27.5043 0.0000e+00
       1885    221.029     3.7889   3.214861    34.6206    27.5060 0.0000e+00
       1886    221.686     3.7922   3.215365    34.6227    27.5074 0.0000e+00
       1887    222.343     3.7957   3.215972    34.6259    27.5096 0.0000e+00
       1888    223.006     3.8001   3.216766    34.6304    27.5127 0.0000e+00
       1889    223.679     3.8065   3.217787    34.6354    27.5161 0.0000e+00
       1890    224.359     3.8152   3.219099    34.6415    27.5200 0.0000e+00
       1891    225.039     3.8257   3.220552    34.6474    27.5236 0.0000e+00
       1892    225.710     3.8365   3.221875    34.6513    27.5257 0.0000e+00
       1893    226.376     3.8464   3.222948    34.6533    27.5262 0.0000e+00
       1894    227.041     3.8541   3.223777    34.6547    27.5265 0.0000e+00
       1895    227.704     3.8600   3.224430    34.6558    27.5269 0.0000e+00
       1896    228.365     3.8645   3.224962    34.6571    27.5274 0.0000e+00
       1897    229.022     3.8682   3.225406    34.6581    27.5278 0.0000e+00
       1898    229.671     3.8712   3.225814    34.6594    27.5285 0.0000e+00
       1899    230.317     3.8739   3.226278    34.6617    27.5301 0.0000e+00
       1900    230.973     3.8769   3.226796    34.6644    27.5319 0.0000e+00
       1901    231.644     3.8804   3.227332    34.6667    27.5334 0.0000e+00
       1902    232.324     3.8842   3.227917    34.6693    27.5351 0.0000e+00
       1903    232.997     3.8885   3.228563    34.6721    27.5368 0.0000e+00
       1904    233.652     3.8932   3.229240    34.6748    27.5385 0.0000e+00
       1905    234.289     3.8975   3.229836    34.6770    27.5398 0.0000e+00
       1906    234.919     3.9009   3.230244    34.6779    27.5402 0.0000e+00
       1907    235.556     3.9027   3.230534    34.6791    27.5410 0.0000e+00
       1908    236.205     3.9038   3.230841    34.6813    27.5426 0.0000e+00
       1909    236.861     3.9051   3.231164    34.6834    27.5441 0.0000e+00
       1910    237.520     3.9067   3.231482    34.6851    27.5454 0.0000e+00
       1911    238.182     3.9085   3.231802    34.6867    27.5464 0.0000e+00
       1912    238.852     3.9097   3.232053    34.6880    27.5474 0.0000e+00
       1913    239.534     3.9102   3.232240    34.6893    27.5484 0.0000e+00
       1914    240.218     3.9107   3.232401    34.6904    27.5491 0.0000e+00
       1915    240.892     3.9115   3.232514    34.6905    27.5491 0.0000e+00
       1916    241.548     3.9122   3.232596    34.6904    27.5490 0.0000e+00
       1917    242.191     3.9120   3.232651    34.6909    27.5494 0.0000e+00
       1918    242.831     3.9111   3.232649    34.6915    27.5500 0.0000e+00
       1919    243.475     3.9093   3.232570    34.6921    27.5506 0.0000e+00
       1920    244.123     3.9068   3.232429    34.6927    27.5514 0.0000e+00
       1921    244.773     3.9038   3.232280    34.6938    27.5525 0.0000e+00
       1922    245.427     3.9007   3.232178    34.6955    27.5542 0.0000e+00
       1923    246.091     3.8984   3.232125    34.6969    27.5556 0.0000e+00
       1924    246.761     3.8967   3.232096    34.6980    27.5567 0.0000e+00
       1925    247.429     3.8956   3.232092    34.6988    27.5574 0.0000e+00
       1926    248.088     3.8948   3.232102    34.6994    27.5579 0.0000e+00
       1927    248.731     3.8943   3.232119    34.6998    27.5583 0.0000e+00
       1928    249.361     3.8940   3.232136    34.7000    27.5585 0.0000e+00
       1929    249.991     3.8937   3.232161    34.7002    27.5587 0.0000e+00
       1930    250.634     3.8933   3.232192    34.7007    27.5591 0.0000e+00
       1931    251.291     3.8930   3.232226    34.7011    27.5595 0.0000e+00
       1932    251.948     3.8927   3.232262    34.7014    27.5598 0.0000e+00
       1933    252.598     3.8926   3.232296    34.7016    27.5599 0.0000e+00
       1934    253.245     3.8925   3.232323    34.7017    27.5600 0.0000e+00
       1935    253.900     3.8922   3.232349    34.7020    27.5603 0.0000e+00
       1936    254.567     3.8917   3.232381    34.7025    27.5607 0.0000e+00
       1937    255.236     3.8911   3.232418    34.7032    27.5614 0.0000e+00
       1938    255.896     3.8906   3.232455    34.7038    27.5619 0.0000e+00
       1939    256.541     3.8901   3.232499    34.7045    27.5625 0.0000e+00
       1940    257.170     3.8895   3.232541    34.7053    27.5632 0.0000e+00
       1941    257.799     3.8889   3.232577    34.7061    27.5639 0.0000e+00
       1942    258.447     3.8884   3.232617    34.7067    27.5644 0.0000e+00
       1943    259.120     3.8881   3.232656    34.7071    27.5648 0.0000e+00
       1944    259.803     3.8880   3.232690    34.7073    27.5649 0.0000e+00
       1945    260.476     3.8879   3.232718    34.7074    27.5650 0.0000e+00
       1946    261.134     3.8875   3.232729    34.7076    27.5652 0.0000e+00
       1947    261.786     3.8868   3.232719    34.7078    27.5655 0.0000e+00
       1948    262.440     3.8861   3.232698    34.7080    27.5657 0.0000e+00
       1949    263.100     3.8853   3.232678    34.7082    27.5660 0.0000e+00
       1950    263.761     3.8845   3.232659    34.7085    27.5662 0.0000e+00
       1951    264.415     3.8839   3.232645    34.7086    27.5664 0.0000e+00
       1952    265.064     3.8834   3.232658    34.7089    27.5667 0.0000e+00
       1953    265.717     3.8830   3.232750    34.7101    27.5677 0.0000e+00
       1954    266.382     3.8836   3.233018    34.7123    27.5694 0.0000e+00
       1955    267.056     3.8856   3.233455    34.7150    27.5713 0.0000e+00
       1956    267.728     3.8887   3.233918    34.7169    27.5725 0.0000e+00
       1957    268.394     3.8918   3.234310    34.7179    27.5730 0.0000e+00
       1958    269.053     3.8945   3.234629    34.7185    27.5732 0.0000e+00
       1959    269.713     3.8968   3.234882    34.7187    27.5731 0.0000e+00
       1960    270.381     3.8986   3.235077    34.7188    27.5730 0.0000e+00
       1961    271.053     3.8997   3.235238    34.7192    27.5732 0.0000e+00
       1962    271.729     3.9006   3.235390    34.7197    27.5735 0.0000e+00
       1963    272.409     3.9014   3.235537    34.7202    27.5738 0.0000e+00
       1964    273.089     3.9021   3.235666    34.7206    27.5741 0.0000e+00
       1965    273.757     3.9027   3.235763    34.7208    27.5742 0.0000e+00
       1966    274.412     3.9030   3.235840    34.7210    27.5743 0.0000e+00
       1967    275.064     3.9032   3.235902    34.7212    27.5744 0.0000e+00
       1968    275.720     3.9031   3.235935    34.7214    27.5746 0.0000e+00
       1969    276.387     3.9028   3.235946    34.7214    27.5747 0.0000e+00
       1970    277.062     3.9024   3.235938    34.7214    27.5747 0.0000e+00
       1971    277.732     3.9015   3.235905    34.7216    27.5749 0.0000e+00
       1972    278.389     3.9004   3.235874    34.7221    27.5754 0.0000e+00
       1973    279.039     3.8993   3.235947    34.7237    27.5769 0.0000e+00
       1974    279.696     3.8994   3.236272    34.7271    27.5796 0.0000e+00
       1975    280.368     3.9019   3.236913    34.7318    27.5830 0.0000e+00
       1976    281.051     3.9067   3.237709    34.7358    27.5857 0.0000e+00
       1977    281.732     3.9129   3.238516    34.7385    27.5872 0.0000e+00
       1978    282.400     3.9194   3.239278    34.7403    27.5879 0.0000e+00
       1979    283.056     3.9251   3.239865    34.7409    27.5878 0.0000e+00
       1980    283.713     3.9291   3.240249    34.7408    27.5874 0.0000e+00
       1981    284.377     3.9317   3.240521    34.7410    27.5872 0.0000e+00
       1982    285.045     3.9337   3.240723    34.7409    27.5870 0.0000e+00
       1983    285.714     3.9353   3.240857    34.7404    27.5864 0.0000e+00
       1984    286.386     3.9363   3.240962    34.7403    27.5862 0.0000e+00
       1985    287.064     3.9370   3.241077    34.7405    27.5863 0.0000e+00
       1986    287.751     3.9379   3.241219    34.7409    27.5865 0.0000e+00
       1987    288.443     3.9391   3.241388    34.7413    27.5867 0.0000e+00
       1988    289.132     3.9405   3.241556    34.7414    27.5867 0.0000e+00
       1989    289.810     3.9416   3.241711    34.7417    27.5868 0.0000e+00
       1990    290.473     3.9427   3.241858    34.7419    27.5869 0.0000e+00
       1991    291.129     3.9438   3.241984    34.7419    27.5867 0.0000e+00
       1992    291.786     3.9447   3.242089    34.7419    27.5866 0.0000e+00
       1993    292.444     3.9452   3.242185    34.7421    27.5867 0.0000e+00
       1994    293.101     3.9457   3.242275    34.7423    27.5868 0.0000e+00
       1995    293.757     3.9462   3.242345    34.7423    27.5868 0.0000e+00
       1996    294.412     3.9467   3.242401    34.7420    27.5865 0.0000e+00
       1997    295.070     3.9470   3.242464    34.7421    27.5866 0.0000e+00
       1998    295.735     3.9472   3.242545    34.7425    27.5869 0.0000e+00
       1999    296.407     3.9477   3.242640    34.7428    27.5870 0.0000e+00
       2000    297.081     3.9482   3.242736    34.7430    27.5871 0.0000e+00
       2001    297.754     3.9489   3.242825    34.7430    27.5870 0.0000e+00
       2002    298.417     3.9493   3.242918    34.7433    27.5872 0.0000e+00
       2003    299.067     3.9499   3.243025    34.7436    27.5874 0.0000e+00
       2004    299.706     3.9505   3.243143    34.7440    27.5877 0.0000e+00
       2005    300.343     3.9512   3.243265    34.7444    27.5879 0.0000e+00
       2006    300.989     3.9520   3.243382    34.7446    27.5880 0.0000e+00
       2007    301.644     3.9527   3.243477    34.7446    27.5879 0.0000e+00
       2008    302.303     3.9531   3.243546    34.7446    27.5879 0.0000e+00
       2009    302.959     3.9533   3.243599    34.7447    27.5880 0.0000e+00
       2010    303.615     3.9535   3.243639    34.7446    27.5879 0.0000e+00
       2011    304.275     3.9535   3.243672    34.7447    27.5879 0.0000e+00
       2012    304.939     3.9535   3.243716    34.7448    27.5880 0.0000e+00
       2013    305.606     3.9535   3.243777    34.7452    27.5883 0.0000e+00
       2014    306.269     3.9537   3.243854    34.7455    27.5886 0.0000e+00
       2015    306.919     3.9543   3.243958    34.7458    27.5887 0.0000e+00
       2016    307.554     3.9550   3.244078    34.7461    27.5889 0.0000e+00
       2017    308.183     3.9558   3.244184    34.7462    27.5889 0.0000e+00
       2018    308.816     3.9563   3.244275    34.7464    27.5890 0.0000e+00
       2019    309.459     3.9566   3.244352    34.7467    27.5892 0.0000e+00
       2020    310.109     3.9569   3.244415    34.7468    27.5892 0.0000e+00
       2021    310.762     3.9571   3.244470    34.7468    27.5893 0.0000e+00
       2022    311.411     3.9575   3.244526    34.7467    27.5891 0.0000e+00
       2023    312.056     3.9579   3.244593    34.7468    27.5891 0.0000e+00
       2024    312.702     3.9582   3.244687    34.7472    27.5895 0.0000e+00
       2025    313.351     3.9588   3.244801    34.7476    27.5897 0.0000e+00
       2026    313.999     3.9594   3.244917    34.7480    27.5899 0.0000e+00
       2027    314.643     3.9602   3.245048    34.7484    27.5901 0.0000e+00
       2028    315.289     3.9611   3.245188    34.7487    27.5903 0.0000e+00
       2029    315.937     3.9619   3.245315    34.7490    27.5905 0.0000e+00
       2030    316.587     3.9626   3.245417    34.7492    27.5905 0.0000e+00
       2031    317.240     3.9631   3.245491    34.7492    27.5905 0.0000e+00
       2032    317.896     3.9634   3.245549    34.7492    27.5905 0.0000e+00
       2033    318.557     3.9637   3.245600    34.7491    27.5904 0.0000e+00
       2034    319.225     3.9638   3.245648    34.7492    27.5905 0.0000e+00
       2035    319.902     3.9638   3.245691    34.7494    27.5906 0.0000e+00
       2036    320.586     3.9638   3.245728    34.7494    27.5906 0.0000e+00
       2037    321.276     3.9638   3.245761    34.7495    27.5907 0.0000e+00
       2038    321.970     3.9638   3.245790    34.7494    27.5906 0.0000e+00
       2039    322.674     3.9638   3.245823    34.7494    27.5906 0.0000e+00
       2040    323.391     3.9638   3.245861    34.7495    27.5907 0.0000e+00
       2041    324.110     3.9638   3.245906    34.7497    27.5908 0.0000e+00
       2042    324.814     3.9638   3.245963    34.7500    27.5911 0.0000e+00
       2043    325.492     3.9639   3.246034    34.7503    27.5913 0.0000e+00
       2044    326.155     3.9641   3.246104    34.7506    27.5915 0.0000e+00
       2045    326.819     3.9644   3.246168    34.7507    27.5916 0.0000e+00
       2046    327.489     3.9646   3.246248    34.7511    27.5919 0.0000e+00
       2047    328.153     3.9650   3.246346    34.7515    27.5921 0.0000e+00
       2048    328.800     3.9656   3.246447    34.7517    27.5922 0.0000e+00
       2049    329.439     3.9661   3.246546    34.7520    27.5924 0.0000e+00
       2050    330.089     3.9666   3.246659    34.7524    27.5927 0.0000e+00
       2051    330.750     3.9674   3.246838    34.7534    27.5934 0.0000e+00
