Datasets/Multi_Species/TEL214/tel214_2020_019.cnv
* Sea-Bird SBE19plus Data File:
* Filename = C:/AQUIRE/tel214_2020_019.hex
* Software Version AquireV2 AF V2.0
* Temperature SN =  7853
* Conductivity SN =  7853
* System UpLoad Time = Nov 11 2020 17:51:07
* <ApplicationData>
* <AQUIREV2>
** VESSEL/TRIP/SEQ STN: tel214_2020_019
** LATITUDE: 54 29.98 N
** LONGITUDE: 53 41.33 W
** DATE/TIME: 2020-11-11 16:51
** SOUNDING DEPTH (M): 0257
** PROBE TYPE: S7853
** CTD NUMBER: 019
** COMMENTS: 
# nquan = 7                                 
# nvalues = 3403                        
# units = specified
# name 0 = scan: Scan Count
# name 1 = prdM: Pressure, Strain Gauge [db]
# name 2 = tv290C: Temperature [ITS-90, deg C]
# name 3 = c0S/m: Conductivity [S/m]
# name 4 = sal00: Salinity, Practical [PSU]
# name 5 = sigma-t00: Density [sigma-t, kg/m^3 ]
# name 6 = flag: flag
# span 0 =          1,       3403       
# span 1 =     -1.105,    253.778       
# span 2 =     0.3863,     3.5419       
# span 3 =   0.000015,   3.167856       
# span 4 =    -0.0016,    34.3573       
# span 5 =    -0.1325,    27.3415       
# span 6 = 0.0000e+00, 0.0000e+00       
# interval = seconds: 1
# start_time = Nov 11 2020 16:51:29 [Instrument's time stamp, header]
# bad_flag = -9.990e-29
*END*
          1     -1.098     0.4350   0.000119    -0.0009    -0.1296 0.0000e+00
          2     -1.095     0.4368   0.000126    -0.0008    -0.1294 0.0000e+00
          3     -1.094     0.4390   0.000133    -0.0008    -0.1293 0.0000e+00
          4     -1.094     0.4400   0.000134    -0.0008    -0.1293 0.0000e+00
          5     -1.091     0.4403   0.000135    -0.0008    -0.1292 0.0000e+00
          6     -1.088     0.4403   0.000134    -0.0008    -0.1292 0.0000e+00
          7     -1.089     0.4405   0.000133    -0.0008    -0.1292 0.0000e+00
          8     -1.091     0.4415   0.000135    -0.0008    -0.1292 0.0000e+00
          9     -1.091     0.4410   0.000130    -0.0008    -0.1292 0.0000e+00
         10     -1.091     0.4364   0.000114    -0.0009    -0.1295 0.0000e+00
         11     -1.091     0.4303   0.000094    -0.0011    -0.1298 0.0000e+00
         12     -1.091     0.4265   0.000084    -0.0011    -0.1301 0.0000e+00
         13     -1.091     0.4244   0.000080    -0.0012    -0.1302 0.0000e+00
         14     -1.091     0.4221   0.000078    -0.0012    -0.1303 0.0000e+00
         15     -1.091     0.4214   0.000082    -0.0012    -0.1304 0.0000e+00
         16     -1.092     0.4242   0.000096    -0.0011    -0.1302 0.0000e+00
         17     -1.093     0.4289   0.000115    -0.0009    -0.1299 0.0000e+00
         18     -1.094     0.4337   0.000130    -0.0008    -0.1296 0.0000e+00
         19     -1.093     0.4362   0.000136    -0.0008    -0.1295 0.0000e+00
         20     -1.091     0.4322   0.000121    -0.0009    -0.1297 0.0000e+00
         21     -1.091     0.4224   0.000088    -0.0011    -0.1303 0.0000e+00
         22     -1.091     0.4151   0.000067    -0.0013    -0.1308 0.0000e+00
         23     -1.091     0.4153   0.000073    -0.0012    -0.1307 0.0000e+00
         24     -1.091     0.4199   0.000094    -0.0011    -0.1305 0.0000e+00
         25     -1.091     0.4245   0.000113    -0.0009    -0.1302 0.0000e+00
         26     -1.092     0.4263   0.000120    -0.0009    -0.1301 0.0000e+00
         27     -1.095     0.4233   0.000108    -0.0010    -0.1303 0.0000e+00
         28     -1.097     0.4167   0.000087    -0.0011    -0.1307 0.0000e+00
         29     -1.092     0.4103   0.000071    -0.0012    -0.1310 0.0000e+00
         30     -1.086     0.4088   0.000073    -0.0012    -0.1311 0.0000e+00
         31     -1.085     0.4124   0.000090    -0.0011    -0.1309 0.0000e+00
         32     -1.086     0.4171   0.000110    -0.0010    -0.1306 0.0000e+00
         33     -1.087     0.4203   0.000123    -0.0009    -0.1304 0.0000e+00
         34     -1.090     0.4233   0.000133    -0.0008    -0.1303 0.0000e+00
         35     -1.093     0.4265   0.000141    -0.0007    -0.1301 0.0000e+00
         36     -1.093     0.4275   0.000143    -0.0007    -0.1300 0.0000e+00
         37     -1.091     0.4275   0.000140    -0.0007    -0.1300 0.0000e+00
         38     -1.091     0.4288   0.000141    -0.0007    -0.1299 0.0000e+00
         39     -1.092     0.4310   0.000147    -0.0007    -0.1298 0.0000e+00
         40     -1.093     0.4334   0.000153    -0.0007    -0.1297 0.0000e+00
         41     -1.093     0.4368   0.000160    -0.0006    -0.1294 0.0000e+00
         42     -1.091     0.4406   0.000168    -0.0005    -0.1292 0.0000e+00
         43     -1.088     0.4435   0.000171    -0.0005    -0.1290 0.0000e+00
         44     -1.087     0.4455   0.000172    -0.0005    -0.1289 0.0000e+00
         45     -1.087     0.4463   0.000168    -0.0005    -0.1289 0.0000e+00
         46     -1.088     0.4446   0.000157    -0.0006    -0.1290 0.0000e+00
         47     -1.090     0.4413   0.000143    -0.0007    -0.1292 0.0000e+00
         48     -1.092     0.4393   0.000134    -0.0008    -0.1293 0.0000e+00
         49     -1.092     0.4397   0.000134    -0.0008    -0.1293 0.0000e+00
         50     -1.090     0.4408   0.000134    -0.0008    -0.1292 0.0000e+00
         51     -1.089     0.4393   0.000127    -0.0008    -0.1293 0.0000e+00
         52     -1.088     0.4349   0.000111    -0.0009    -0.1296 0.0000e+00
         53     -1.087     0.4322   0.000105    -0.0010    -0.1297 0.0000e+00
         54     -1.089     0.4332   0.000111    -0.0010    -0.1297 0.0000e+00
         55     -1.092     0.4342   0.000114    -0.0009    -0.1296 0.0000e+00
         56     -1.094     0.4294   0.000098    -0.0010    -0.1299 0.0000e+00
         57     -1.092     0.4176   0.000060    -0.0013    -0.1306 0.0000e+00
         58     -1.088     0.4063   0.000029    -0.0015    -0.1313 0.0000e+00
         59     -1.085     0.4028   0.000029    -0.0015    -0.1315 0.0000e+00
         60     -1.083     0.4051   0.000048    -0.0014    -0.1314 0.0000e+00
         61     -1.085     0.4091   0.000071    -0.0012    -0.1311 0.0000e+00
         62     -1.091     0.4141   0.000096    -0.0011    -0.1308 0.0000e+00
         63     -1.096     0.4202   0.000119    -0.0009    -0.1304 0.0000e+00
         64     -1.098     0.4262   0.000138    -0.0008    -0.1301 0.0000e+00
         65     -1.096     0.4310   0.000151    -0.0007    -0.1298 0.0000e+00
         66     -1.091     0.4346   0.000159    -0.0006    -0.1296 0.0000e+00
         67     -1.088     0.4375   0.000163    -0.0006    -0.1294 0.0000e+00
         68     -1.087     0.4396   0.000164    -0.0006    -0.1293 0.0000e+00
         69     -1.089     0.4404   0.000162    -0.0006    -0.1292 0.0000e+00
         70     -1.092     0.4401   0.000156    -0.0006    -0.1293 0.0000e+00
         71     -1.092     0.4393   0.000149    -0.0007    -0.1293 0.0000e+00
         72     -1.090     0.4374   0.000141    -0.0007    -0.1294 0.0000e+00
         73     -1.089     0.4352   0.000131    -0.0008    -0.1295 0.0000e+00
         74     -1.090     0.4343   0.000126    -0.0008    -0.1296 0.0000e+00
         75     -1.089     0.4341   0.000126    -0.0008    -0.1296 0.0000e+00
         76     -1.089     0.4350   0.000128    -0.0008    -0.1296 0.0000e+00
         77     -1.091     0.4377   0.000133    -0.0008    -0.1294 0.0000e+00
         78     -1.093     0.4411   0.000141    -0.0007    -0.1292 0.0000e+00
         79     -1.094     0.4435   0.000147    -0.0007    -0.1290 0.0000e+00
         80     -1.093     0.4442   0.000148    -0.0007    -0.1290 0.0000e+00
         81     -1.092     0.4422   0.000140    -0.0007    -0.1291 0.0000e+00
         82     -1.092     0.4389   0.000128    -0.0008    -0.1293 0.0000e+00
         83     -1.093     0.4380   0.000122    -0.0009    -0.1294 0.0000e+00
         84     -1.094     0.4401   0.000128    -0.0008    -0.1293 0.0000e+00
         85     -1.094     0.4428   0.000135    -0.0008    -0.1291 0.0000e+00
         86     -1.094     0.4446   0.000141    -0.0007    -0.1290 0.0000e+00
         87     -1.096     0.4459   0.000145    -0.0007    -0.1289 0.0000e+00
         88     -1.093     0.4476   0.000148    -0.0007    -0.1288 0.0000e+00
         89     -1.088     0.4491   0.000147    -0.0007    -0.1287 0.0000e+00
         90     -1.086     0.4496   0.000145    -0.0007    -0.1287 0.0000e+00
         91     -1.088     0.4491   0.000140    -0.0007    -0.1287 0.0000e+00
         92     -1.090     0.4488   0.000139    -0.0007    -0.1287 0.0000e+00
         93     -1.091     0.4493   0.000139    -0.0007    -0.1287 0.0000e+00
         94     -1.091     0.4501   0.000139    -0.0007    -0.1287 0.0000e+00
         95     -1.091     0.4511   0.000141    -0.0007    -0.1286 0.0000e+00
         96     -1.091     0.4521   0.000141    -0.0007    -0.1285 0.0000e+00
         97     -1.091     0.4526   0.000138    -0.0007    -0.1285 0.0000e+00
         98     -1.092     0.4517   0.000134    -0.0008    -0.1286 0.0000e+00
         99     -1.093     0.4495   0.000126    -0.0008    -0.1287 0.0000e+00
        100     -1.094     0.4480   0.000121    -0.0009    -0.1288 0.0000e+00
        101     -1.093     0.4489   0.000125    -0.0008    -0.1287 0.0000e+00
        102     -1.091     0.4516   0.000133    -0.0008    -0.1286 0.0000e+00
        103     -1.090     0.4541   0.000140    -0.0007    -0.1284 0.0000e+00
        104     -1.088     0.4556   0.000143    -0.0007    -0.1283 0.0000e+00
        105     -1.087     0.4564   0.000141    -0.0007    -0.1283 0.0000e+00
        106     -1.089     0.4574   0.000141    -0.0007    -0.1282 0.0000e+00
        107     -1.092     0.4585   0.000142    -0.0007    -0.1282 0.0000e+00
        108     -1.094     0.4592   0.000142    -0.0007    -0.1281 0.0000e+00
        109     -1.093     0.4599   0.000141    -0.0007    -0.1281 0.0000e+00
        110     -1.092     0.4609   0.000144    -0.0007    -0.1280 0.0000e+00
        111     -1.093     0.4618   0.000143    -0.0007    -0.1280 0.0000e+00
        112     -1.094     0.4621   0.000142    -0.0007    -0.1279 0.0000e+00
        113     -1.094     0.4616   0.000139    -0.0007    -0.1280 0.0000e+00
        114     -1.094     0.4609   0.000135    -0.0008    -0.1280 0.0000e+00
        115     -1.095     0.4609   0.000135    -0.0008    -0.1280 0.0000e+00
        116     -1.094     0.4612   0.000134    -0.0008    -0.1280 0.0000e+00
        117     -1.092     0.4607   0.000131    -0.0008    -0.1280 0.0000e+00
        118     -1.091     0.4599   0.000127    -0.0008    -0.1281 0.0000e+00
        119     -1.091     0.4600   0.000126    -0.0008    -0.1281 0.0000e+00
        120     -1.091     0.4610   0.000129    -0.0008    -0.1280 0.0000e+00
        121     -1.091     0.4624   0.000132    -0.0008    -0.1279 0.0000e+00
        122     -1.091     0.4635   0.000135    -0.0008    -0.1279 0.0000e+00
        123     -1.091     0.4638   0.000137    -0.0007    -0.1278 0.0000e+00
        124     -1.091     0.4636   0.000135    -0.0008    -0.1278 0.0000e+00
        125     -1.090     0.4627   0.000129    -0.0008    -0.1279 0.0000e+00
        126     -1.089     0.4617   0.000124    -0.0008    -0.1280 0.0000e+00
        127     -1.089     0.4616   0.000124    -0.0008    -0.1280 0.0000e+00
        128     -1.091     0.4617   0.000124    -0.0008    -0.1280 0.0000e+00
        129     -1.090     0.4614   0.000123    -0.0008    -0.1280 0.0000e+00
        130     -1.087     0.4611   0.000122    -0.0009    -0.1280 0.0000e+00
        131     -1.088     0.4611   0.000122    -0.0009    -0.1280 0.0000e+00
        132     -1.089     0.4607   0.000120    -0.0009    -0.1280 0.0000e+00
        133     -1.088     0.4589   0.000115    -0.0009    -0.1281 0.0000e+00
        134     -1.087     0.4569   0.000109    -0.0009    -0.1282 0.0000e+00
        135     -1.088     0.4562   0.000108    -0.0010    -0.1283 0.0000e+00
        136     -1.088     0.4562   0.000110    -0.0009    -0.1283 0.0000e+00
        137     -1.087     0.4559   0.000110    -0.0009    -0.1283 0.0000e+00
        138     -1.088     0.4558   0.000111    -0.0009    -0.1283 0.0000e+00
        139     -1.089     0.4565   0.000115    -0.0009    -0.1283 0.0000e+00
        140     -1.087     0.4580   0.000121    -0.0009    -0.1282 0.0000e+00
        141     -1.085     0.4601   0.000128    -0.0008    -0.1281 0.0000e+00
        142     -1.085     0.4622   0.000134    -0.0008    -0.1279 0.0000e+00
        143     -1.090     0.4640   0.000139    -0.0007    -0.1278 0.0000e+00
        144     -1.093     0.4657   0.000142    -0.0007    -0.1277 0.0000e+00
        145     -1.092     0.4667   0.000144    -0.0007    -0.1277 0.0000e+00
        146     -1.089     0.4673   0.000144    -0.0007    -0.1276 0.0000e+00
        147     -1.087     0.4682   0.000144    -0.0007    -0.1276 0.0000e+00
        148     -1.088     0.4693   0.000146    -0.0007    -0.1275 0.0000e+00
        149     -1.089     0.4703   0.000147    -0.0007    -0.1274 0.0000e+00
        150     -1.088     0.4709   0.000145    -0.0007    -0.1274 0.0000e+00
        151     -1.087     0.4707   0.000140    -0.0007    -0.1274 0.0000e+00
        152     -1.088     0.4700   0.000135    -0.0008    -0.1275 0.0000e+00
        153     -1.089     0.4698   0.000133    -0.0008    -0.1275 0.0000e+00
        154     -1.088     0.4700   0.000132    -0.0008    -0.1275 0.0000e+00
        155     -1.088     0.4705   0.000134    -0.0008    -0.1274 0.0000e+00
        156     -1.091     0.4711   0.000134    -0.0008    -0.1274 0.0000e+00
        157     -1.095     0.4714   0.000134    -0.0008    -0.1274 0.0000e+00
        158     -1.096     0.4703   0.000129    -0.0008    -0.1274 0.0000e+00
        159     -1.098     0.4668   0.000116    -0.0009    -0.1277 0.0000e+00
        160     -1.097     0.4606   0.000096    -0.0010    -0.1280 0.0000e+00
        161     -1.094     0.4538   0.000077    -0.0012    -0.1284 0.0000e+00
        162     -1.091     0.4497   0.000070    -0.0012    -0.1287 0.0000e+00
        163     -1.089     0.4495   0.000076    -0.0012    -0.1287 0.0000e+00
        164     -1.086     0.4506   0.000085    -0.0011    -0.1286 0.0000e+00
        165     -1.086     0.4502   0.000088    -0.0011    -0.1286 0.0000e+00
        166     -1.089     0.4491   0.000087    -0.0011    -0.1287 0.0000e+00
        167     -1.092     0.4491   0.000090    -0.0011    -0.1287 0.0000e+00
        168     -1.094     0.4501   0.000096    -0.0010    -0.1287 0.0000e+00
        169     -1.093     0.4512   0.000104    -0.0010    -0.1286 0.0000e+00
        170     -1.091     0.4522   0.000110    -0.0009    -0.1285 0.0000e+00
        171     -1.091     0.4533   0.000115    -0.0009    -0.1285 0.0000e+00
        172     -1.091     0.4543   0.000120    -0.0009    -0.1284 0.0000e+00
        173     -1.091     0.4542   0.000120    -0.0009    -0.1284 0.0000e+00
        174     -1.090     0.4528   0.000116    -0.0009    -0.1285 0.0000e+00
        175     -1.088     0.4522   0.000115    -0.0009    -0.1285 0.0000e+00
        176     -1.086     0.4528   0.000115    -0.0009    -0.1285 0.0000e+00
        177     -1.085     0.4541   0.000119    -0.0009    -0.1284 0.0000e+00
        178     -1.084     0.4547   0.000124    -0.0008    -0.1284 0.0000e+00
        179     -1.085     0.4524   0.000117    -0.0009    -0.1285 0.0000e+00
        180     -1.088     0.4467   0.000099    -0.0010    -0.1289 0.0000e+00
        181     -1.090     0.4419   0.000086    -0.0011    -0.1291 0.0000e+00
        182     -1.090     0.4411   0.000087    -0.0011    -0.1292 0.0000e+00
        183     -1.090     0.4433   0.000097    -0.0010    -0.1291 0.0000e+00
        184     -1.088     0.4456   0.000106    -0.0010    -0.1289 0.0000e+00
        185     -1.087     0.4447   0.000107    -0.0010    -0.1290 0.0000e+00
        186     -1.088     0.4381   0.000087    -0.0011    -0.1294 0.0000e+00
        187     -1.089     0.4290   0.000061    -0.0013    -0.1299 0.0000e+00
        188     -1.088     0.4240   0.000051    -0.0014    -0.1302 0.0000e+00
        189     -1.087     0.4244   0.000062    -0.0013    -0.1302 0.0000e+00
        190     -1.088     0.4246   0.000071    -0.0012    -0.1302 0.0000e+00
        191     -1.090     0.4211   0.000065    -0.0013    -0.1304 0.0000e+00
        192     -1.091     0.4180   0.000060    -0.0013    -0.1306 0.0000e+00
        193     -1.091     0.4194   0.000069    -0.0012    -0.1305 0.0000e+00
        194     -1.091     0.4234   0.000090    -0.0011    -0.1303 0.0000e+00
        195     -1.091     0.4278   0.000110    -0.0010    -0.1300 0.0000e+00
        196     -1.091     0.4315   0.000124    -0.0009    -0.1298 0.0000e+00
        197     -1.091     0.4334   0.000130    -0.0008    -0.1297 0.0000e+00
        198     -1.091     0.4342   0.000132    -0.0008    -0.1296 0.0000e+00
        199     -1.091     0.4354   0.000134    -0.0008    -0.1295 0.0000e+00
        200     -1.091     0.4374   0.000138    -0.0008    -0.1294 0.0000e+00
        201     -1.091     0.4401   0.000146    -0.0007    -0.1293 0.0000e+00
        202     -1.092     0.4415   0.000148    -0.0007    -0.1292 0.0000e+00
        203     -1.094     0.4363   0.000128    -0.0008    -0.1295 0.0000e+00
        204     -1.095     0.4225   0.000081    -0.0012    -0.1303 0.0000e+00
        205     -1.094     0.4073   0.000035    -0.0015    -0.1312 0.0000e+00
