Datasets/Multi_Species/TEL214/tel214_2020_036.cnv
* Sea-Bird SBE19plus Data File:
* Filename = C:/AQUIRE/tel214_2020_036.hex
* Software Version AquireV2 AF V2.0
* Temperature SN =  8014
* Conductivity SN =  8014
* System UpLoad Time = Nov 16 2020 06:53:52
* <ApplicationData>
* <AQUIREV2>
** VESSEL/TRIP/SEQ STN: tel214_2020_036
** LATITUDE: 52 35.95 N
** LONGITUDE: 51 35.31 W
** DATE/TIME: 2020-11-16 05:02
** SOUNDING DEPTH (M): 0432
** PROBE TYPE: S8014
** CTD NUMBER: 036
** COMMENTS: 
# nquan = 7                                 
# nvalues = 6370                        
# units = specified
# name 0 = scan: Scan Count
# name 1 = prdM: Pressure, Strain Gauge [db]
# name 2 = tv290C: Temperature [ITS-90, deg C]
# name 3 = c0S/m: Conductivity [S/m]
# name 4 = sal00: Salinity, Practical [PSU]
# name 5 = sigma-t00: Density [sigma-t, kg/m^3 ]
# name 6 = flag: flag
# span 0 =          1,       6370       
# span 1 =     -0.473,    447.602       
# span 2 =     0.4948,     3.9923       
# span 3 =  -0.035906,   3.251875       
# span 4 =    -0.0015,    34.8152       
# span 5 =    -0.1260,    27.6531       
# span 6 = 0.0000e+00, 0.0000e+00       
# interval = seconds: 1
# start_time = Nov 16 2020 05:02:25 [Instrument's time stamp, header]
# bad_flag = -9.990e-29
*END*
[from data line 1847]
       1848     -0.461     1.1560 2.3505e-07    -0.0009    -0.0909 0.0000e+00
       1849     -0.462     1.1551 -5.624e-07     0.0000    -0.0909 0.0000e+00
       1850     -0.463     1.1544 -5.983e-07     0.0000    -0.0909 0.0000e+00
       1851     -0.462     1.1537 -6.299e-07     0.0000    -0.0910 0.0000e+00
       1852     -0.462     1.1530 -6.578e-07     0.0000    -0.0910 0.0000e+00
       1853     -0.464     1.1523  -0.000002     0.0000    -0.0910 0.0000e+00
       1854     -0.464     1.1515  -0.000002     0.0000    -0.0911 0.0000e+00
       1855     -0.464     1.1509 3.1607e-07    -0.0009    -0.0911 0.0000e+00
       1856     -0.463     1.1502 2.9458e-07    -0.0009    -0.0911 0.0000e+00
       1857     -0.462     1.1494  -0.000002     0.0000    -0.0912 0.0000e+00
       1858     -0.462     1.1487  -0.000003     0.0000    -0.0912 0.0000e+00
       1859     -0.464     1.1481  -0.000003     0.0000    -0.0912 0.0000e+00
       1860     -0.463     1.1475 -3.697e-07     0.0000    -0.0913 0.0000e+00
       1861     -0.461     1.1469 9.0580e-07    -0.0010    -0.0913 0.0000e+00
       1862     -0.462     1.1462 8.1500e-07    -0.0010    -0.0913 0.0000e+00
       1863     -0.464     1.1454 4.0100e-07    -0.0010    -0.0914 0.0000e+00
       1864     -0.466     1.1447 3.6961e-07    -0.0010    -0.0914 0.0000e+00
       1865     -0.467     1.1440 3.4192e-07    -0.0010    -0.0914 0.0000e+00
       1866     -0.464     1.1429  -0.000002     0.0000    -0.0915 0.0000e+00
       1867     -0.461     1.1420  -0.000003     0.0000    -0.0915 0.0000e+00
       1868     -0.462     1.1413  -0.000002     0.0000    -0.0916 0.0000e+00
       1869     -0.463     1.1408  -0.001889     0.0000    -0.0916 0.0000e+00
       1870     -0.461     1.1402  -0.020757     0.0000    -0.0916 0.0000e+00
       1871     -0.460     1.1396  -0.035853     0.0000    -0.0916 0.0000e+00
       1872     -0.461     1.1390  -0.016983     0.0000    -0.0917 0.0000e+00
       1873     -0.463     1.1384  -0.000002     0.0000    -0.0917 0.0000e+00
       1874     -0.464     1.1378 -8.895e-07     0.0000    -0.0917 0.0000e+00
       1875     -0.464     1.1373 6.6346e-07    -0.0010    -0.0917 0.0000e+00
       1876     -0.465     1.1366 4.8367e-07    -0.0010    -0.0918 0.0000e+00
       1877     -0.467     1.1360 6.5890e-07    -0.0010    -0.0918 0.0000e+00
       1878     -0.468     1.1354 8.1353e-07    -0.0010    -0.0918 0.0000e+00
       1879     -0.467     1.1349   0.000002    -0.0010    -0.0919 0.0000e+00
       1880     -0.465     1.1344   0.000003    -0.0010    -0.0919 0.0000e+00
       1881     -0.464     1.1339   0.000003    -0.0010    -0.0919 0.0000e+00
       1882     -0.464     1.1334   0.000003    -0.0010    -0.0919 0.0000e+00
       1883     -0.464     1.1328   0.000003    -0.0010    -0.0920 0.0000e+00
       1884     -0.464     1.1324   0.000003    -0.0010    -0.0920 0.0000e+00
       1885     -0.464     1.1320   0.000005    -0.0010    -0.0920 0.0000e+00
       1886     -0.463     1.1314   0.000004    -0.0010    -0.0920 0.0000e+00
       1887     -0.461     1.1308   0.000002    -0.0010    -0.0921 0.0000e+00
       1888     -0.460     1.1303   0.000001    -0.0010    -0.0921 0.0000e+00
       1889     -0.461     1.1297   0.000002    -0.0010    -0.0921 0.0000e+00
       1890     -0.463     1.1292   0.000003    -0.0010    -0.0921 0.0000e+00
       1891     -0.464     1.1286   0.000002    -0.0010    -0.0922 0.0000e+00
       1892     -0.464     1.1281   0.000001    -0.0010    -0.0922 0.0000e+00
       1893     -0.464     1.1275   0.000003    -0.0010    -0.0922 0.0000e+00
       1894     -0.464     1.1269   0.000004    -0.0010    -0.0922 0.0000e+00
       1895     -0.464     1.1265   0.000005    -0.0010    -0.0923 0.0000e+00
       1896     -0.465     1.1259   0.000004    -0.0010    -0.0923 0.0000e+00
       1897     -0.467     1.1253   0.000004    -0.0010    -0.0923 0.0000e+00
       1898     -0.470     1.1247   0.000004    -0.0010    -0.0923 0.0000e+00
       1899     -0.470     1.1242   0.000003    -0.0010    -0.0924 0.0000e+00
       1900     -0.467     1.1237   0.000003    -0.0010    -0.0924 0.0000e+00
       1901     -0.465     1.1231   0.000003    -0.0010    -0.0924 0.0000e+00
       1902     -0.464     1.1225   0.000004    -0.0010    -0.0925 0.0000e+00
       1903     -0.464     1.1220   0.000004    -0.0010    -0.0925 0.0000e+00
       1904     -0.464     1.1216   0.000005    -0.0010    -0.0925 0.0000e+00
       1905     -0.463     1.1212   0.000003    -0.0010    -0.0925 0.0000e+00
       1906     -0.461     1.1210   0.000003    -0.0010    -0.0925 0.0000e+00
       1907     -0.459     1.1206   0.000005    -0.0010    -0.0925 0.0000e+00
       1908     -0.459     1.1203   0.000006    -0.0010    -0.0926 0.0000e+00
       1909     -0.460     1.1200   0.000005    -0.0010    -0.0926 0.0000e+00
       1910     -0.463     1.1195   0.000003    -0.0010    -0.0926 0.0000e+00
       1911     -0.464     1.1190   0.000004    -0.0010    -0.0926 0.0000e+00
       1912     -0.460     1.1184   0.000004    -0.0010    -0.0926 0.0000e+00
       1913     -0.458     1.1177   0.000005    -0.0010    -0.0927 0.0000e+00
       1914     -0.460     1.1173   0.000007    -0.0010    -0.0927 0.0000e+00
       1915     -0.460     1.1170   0.000006    -0.0010    -0.0927 0.0000e+00
       1916     -0.459     1.1164   0.000003    -0.0010    -0.0927 0.0000e+00
       1917     -0.458     1.1159   0.000005    -0.0010    -0.0928 0.0000e+00
       1918     -0.456     1.1155   0.000007    -0.0010    -0.0928 0.0000e+00
       1919     -0.455     1.1153   0.000008    -0.0010    -0.0928 0.0000e+00
       1920     -0.455     1.1151   0.000007    -0.0010    -0.0928 0.0000e+00
       1921     -0.457     1.1149   0.000006    -0.0010    -0.0928 0.0000e+00
       1922     -0.460     1.1147   0.000007    -0.0010    -0.0928 0.0000e+00
       1923     -0.461     1.1145   0.000009    -0.0010    -0.0928 0.0000e+00
       1924     -0.460     1.1141   0.000009    -0.0010    -0.0929 0.0000e+00
       1925     -0.460     1.1136   0.000010    -0.0010    -0.0929 0.0000e+00
       1926     -0.461     1.1132   0.000009    -0.0010    -0.0929 0.0000e+00
       1927     -0.461     1.1128   0.000009    -0.0010    -0.0929 0.0000e+00
       1928     -0.459     1.1126   0.000009    -0.0010    -0.0929 0.0000e+00
       1929     -0.459     1.1123   0.000010    -0.0010    -0.0929 0.0000e+00
       1930     -0.464     1.1121   0.000011    -0.0010    -0.0929 0.0000e+00
       1931     -0.468     1.1119   0.000010    -0.0010    -0.0930 0.0000e+00
       1932     -0.469     1.1115   0.000008    -0.0010    -0.0930 0.0000e+00
       1933     -0.469     1.1111   0.000008    -0.0010    -0.0930 0.0000e+00
       1934     -0.469     1.1107   0.000009    -0.0010    -0.0930 0.0000e+00
       1935     -0.469     1.1103   0.000009    -0.0010    -0.0930 0.0000e+00
       1936     -0.469     1.1100   0.000007    -0.0010    -0.0931 0.0000e+00
       1937     -0.469     1.1092   0.000006    -0.0010    -0.0931 0.0000e+00
       1938     -0.469     1.1085   0.000004    -0.0010    -0.0931 0.0000e+00
       1939     -0.469     1.1080   0.000005    -0.0010    -0.0931 0.0000e+00
       1940     -0.469     1.1077   0.000009    -0.0010    -0.0932 0.0000e+00
       1941     -0.468     1.1074   0.000009    -0.0010    -0.0932 0.0000e+00
       1942     -0.467     1.1073   0.000009    -0.0010    -0.0932 0.0000e+00
       1943     -0.466     1.1073   0.000010    -0.0010    -0.0932 0.0000e+00
       1944     -0.467     1.1073   0.000011    -0.0010    -0.0932 0.0000e+00
       1945     -0.468     1.1073   0.000012    -0.0010    -0.0932 0.0000e+00
       1946     -0.467     1.1073   0.000014    -0.0010    -0.0932 0.0000e+00
       1947     -0.465     1.1071   0.000014    -0.0010    -0.0932 0.0000e+00
       1948     -0.465     1.1069   0.000014    -0.0010    -0.0932 0.0000e+00
       1949     -0.467     1.1067   0.000014    -0.0010    -0.0932 0.0000e+00
       1950     -0.469     1.1067   0.000013    -0.0010    -0.0932 0.0000e+00
       1951     -0.469     1.1065   0.000013    -0.0010    -0.0932 0.0000e+00
       1952     -0.469     1.1063   0.000014    -0.0010    -0.0932 0.0000e+00
       1953     -0.469     1.1061   0.000015    -0.0010    -0.0932 0.0000e+00
       1954     -0.468     1.1058   0.000013    -0.0010    -0.0933 0.0000e+00
       1955     -0.467     1.1054   0.000010    -0.0010    -0.0933 0.0000e+00
       1956     -0.465     1.1052   0.000012    -0.0010    -0.0933 0.0000e+00
       1957     -0.464     1.1049   0.000012    -0.0010    -0.0933 0.0000e+00
       1958     -0.463     1.1046   0.000012    -0.0010    -0.0933 0.0000e+00
       1959     -0.462     1.1043   0.000012    -0.0010    -0.0933 0.0000e+00
       1960     -0.461     1.1040   0.000012    -0.0010    -0.0933 0.0000e+00
       1961     -0.465     1.1037   0.000012    -0.0010    -0.0934 0.0000e+00
       1962     -0.470     1.1034   0.000010    -0.0010    -0.0934 0.0000e+00
       1963     -0.471     1.1033   0.000010    -0.0010    -0.0934 0.0000e+00
       1964     -0.468     1.1033   0.000013    -0.0010    -0.0934 0.0000e+00
       1965     -0.463     1.1031   0.000014    -0.0010    -0.0934 0.0000e+00
       1966     -0.462     1.1027   0.000013    -0.0010    -0.0934 0.0000e+00
       1967     -0.463     1.1025   0.000012    -0.0010    -0.0934 0.0000e+00
       1968     -0.463     1.1023   0.000012    -0.0010    -0.0934 0.0000e+00
       1969     -0.462     1.1021   0.000012    -0.0010    -0.0934 0.0000e+00
       1970     -0.462     1.1015   0.000012    -0.0010    -0.0935 0.0000e+00
       1971     -0.464     1.1002   0.000009    -0.0010    -0.0935 0.0000e+00
       1972     -0.462     1.0980   0.000002    -0.0010    -0.0936 0.0000e+00
       1973     -0.457     1.0952  -0.000005     0.0000    -0.0938 0.0000e+00
       1974     -0.453     1.0927  -0.000012     0.0000    -0.0939 0.0000e+00
       1975     -0.453     1.0902  -0.000017     0.0000    -0.0940 0.0000e+00
       1976     -0.458     1.0873  -0.000020     0.0000    -0.0941 0.0000e+00
       1977     -0.461     1.0843  -0.000026     0.0000    -0.0943 0.0000e+00
       1978     -0.460     1.0818  -0.000030     0.0000    -0.0944 0.0000e+00
       1979     -0.457     1.0795  -0.000032     0.0000    -0.0945 0.0000e+00
       1980     -0.453     1.0767   0.003598     0.0279    -0.0718 0.0000e+00
       1981     -0.442     1.0848   0.111506     1.0300     0.7451 0.0000e+00
       1982     -0.412     1.1387   0.927226     9.7499     7.7777 0.0000e+00
       1983     -0.356     1.2420   2.246068    25.3557    20.2885 0.0000e+00
       1984     -0.288     1.3303   2.849502    32.8365    26.2851 0.0000e+00
       1985     -0.230     1.3628   2.844583    32.7399    26.2055 0.0000e+00
       1986     -0.196     1.3673   2.842493    32.7087    26.1801 0.0000e+00
       1987     -0.182     1.3743   2.841624    32.6903    26.1649 0.0000e+00
       1988     -0.152     1.3931   2.842035    32.6759    26.1521 0.0000e+00
       1989     -0.077     1.4234   2.851177    32.7601    26.2177 0.0000e+00
       1990      0.024     1.4591   2.872486    32.9927    26.4019 0.0000e+00
       1991      0.113     1.4901   2.888261    33.1599    26.5340 0.0000e+00
       1992      0.157     1.5085   2.896176    33.2406    26.5975 0.0000e+00
       1993      0.145     1.5145   2.903746    33.3302    26.6690 0.0000e+00
       1994      0.126     1.5113   2.896639    33.2436    26.5997 0.0000e+00
       1995      0.163     1.5010   2.798076    32.0084    25.6095 0.0000e+00
       1996      0.257     1.4884   2.703419    30.8300    24.6651 0.0000e+00
       1997      0.378     1.4801   2.785029    31.8651    25.4958 0.0000e+00
       1998      0.494     1.4769   2.888433    33.1758    26.5477 0.0000e+00
       1999      0.579     1.4749   2.903157    33.3646    26.6993 0.0000e+00
       2000      0.644     1.4739   2.902102    33.3522    26.6895 0.0000e+00
       2001      0.705     1.4788   2.902561    33.3528    26.6896 0.0000e+00
       2002      0.753     1.4909   2.904308    33.3621    26.6962 0.0000e+00
       2003      0.806     1.5027   2.905520    33.3649    26.6976 0.0000e+00
       2004      0.887     1.5076   2.905505    33.3594    26.6929 0.0000e+00
       2005      0.974     1.5082   2.904889    33.3509    26.6861 0.0000e+00
       2006      1.033     1.5086   2.904643    33.3473    26.6832 0.0000e+00
       2007      1.057     1.5097   2.905141    33.3525    26.6872 0.0000e+00
       2008      1.048     1.5115   2.905919    33.3604    26.6935 0.0000e+00
       2009      1.007     1.5137   2.906727    33.3683    26.6997 0.0000e+00
       2010      0.949     1.5162   2.907222    33.3720    26.7024 0.0000e+00
       2011      0.867     1.5171   2.906948    33.3676    26.6988 0.0000e+00
       2012      0.730     1.5160   2.906474    33.3628    26.6951 0.0000e+00
       2013      0.556     1.5156   2.906699    33.3662    26.6978 0.0000e+00
       2014      0.416     1.5158   2.907000    33.3699    26.7008 0.0000e+00
       2015      0.365     1.5132   2.906847    33.3708    26.7016 0.0000e+00
       2016      0.401     1.5080   2.906866    33.3765    26.7066 0.0000e+00
       2017      0.481     1.5045   2.906849    33.3800    26.7096 0.0000e+00
       2018      0.548     1.5028   2.906393    33.3760    26.7065 0.0000e+00
       2019      0.586     1.4996   2.906142    33.3762    26.7069 0.0000e+00
       2020      0.634     1.4952   2.906430    33.3845    26.7139 0.0000e+00
       2021      0.747     1.4932   2.906947    33.3931    26.7209 0.0000e+00
       2022      0.948     1.4951   2.907470    33.3976    26.7244 0.0000e+00
       2023      1.167     1.4991   2.907609    33.3950    26.7220 0.0000e+00
       2024      1.292     1.5053   2.907566    33.3878    26.7158 0.0000e+00
       2025      1.294     1.5124   2.907716    33.3821    26.7108 0.0000e+00
       2026      1.272     1.5153   2.907542    33.3768    26.7063 0.0000e+00
       2027      1.309     1.5127   2.907081    33.3737    26.7040 0.0000e+00
       2028      1.401     1.5083   2.906969    33.3769    26.7069 0.0000e+00
       2029      1.539     1.5062   2.907347    33.3839    26.7126 0.0000e+00
       2030      1.721     1.5091   2.907800    33.3864    26.7145 0.0000e+00
       2031      1.900     1.5141   2.908015    33.3837    26.7120 0.0000e+00
       2032      2.029     1.5179   2.908302    33.3833    26.7113 0.0000e+00
       2033      2.144     1.5207   2.908703    33.3853    26.7128 0.0000e+00
       2034      2.301     1.5222   2.908823    33.3851    26.7125 0.0000e+00
       2035      2.493     1.5224   2.908738    33.3837    26.7114 0.0000e+00
       2036      2.682     1.5224   2.908768    33.3840    26.7116 0.0000e+00
       2037      2.814     1.5231   2.908938    33.3853    26.7126 0.0000e+00
       2038      2.851     1.5244   2.909110    33.3861    26.7132 0.0000e+00
       2039      2.818     1.5255   2.909173    33.3858    26.7128 0.0000e+00
       2040      2.752     1.5262   2.909197    33.3853    26.7124 0.0000e+00
       2041      2.652     1.5271   2.909274    33.3854    26.7124 0.0000e+00
       2042      2.516     1.5280   2.909345    33.3854    26.7124 0.0000e+00
       2043      2.371     1.5284   2.909361    33.3853    26.7122 0.0000e+00
       2044      2.244     1.5282   2.909344    33.3854    26.7123 0.0000e+00
       2045      2.138     1.5278   2.909317    33.3855    26.7125 0.0000e+00
       2046      2.024     1.5276   2.909312    33.3857    26.7126 0.0000e+00
       2047      1.871     1.5280   2.909346    33.3858    26.7127 0.0000e+00
       2048      1.689     1.5283   2.909372    33.3859    26.7128 0.0000e+00
       2049      1.485     1.5285   2.909388    33.3860    26.7128 0.0000e+00
       2050      1.260     1.5288   2.909405    33.3861    26.7128 0.0000e+00
       2051      1.038     1.5294   2.909426    33.3858    26.7126 0.0000e+00
