Datasets/Multi_Species/TEL214/tel214_2020_023.cnv
* Sea-Bird SBE19plus Data File:
* Filename = C:/AQUIRE/tel214_2020_023.hex
* Software Version AquireV2 AF V2.0
* Temperature SN =  7853
* Conductivity SN =  7853
* System UpLoad Time = Nov 13 2020 11:48:47
* <ApplicationData>
* <AQUIREV2>
** VESSEL/TRIP/SEQ STN: tel214_2020_023
** LATITUDE: 54 06.73 N
** LONGITUDE: 53 24.60 W
** DATE/TIME: 2020-11-13 10:38
** SOUNDING DEPTH (M): 0252
** PROBE TYPE: S7853
** CTD NUMBER: 023
** COMMENTS: 
# nquan = 7                                 
# nvalues = 4090                        
# units = specified
# name 0 = scan: Scan Count
# name 1 = prdM: Pressure, Strain Gauge [db]
# name 2 = tv290C: Temperature [ITS-90, deg C]
# name 3 = c0S/m: Conductivity [S/m]
# name 4 = sal00: Salinity, Practical [PSU]
# name 5 = sigma-t00: Density [sigma-t, kg/m^3 ]
# name 6 = flag: flag
# span 0 =          1,       4090       
# span 1 =     -1.119,    251.506       
# span 2 =     0.8539,     3.7786       
# span 3 =   0.000022,   3.219407       
# span 4 =    -0.0010,    34.6726       
# span 5 =    -0.1060,    27.5532       
# span 6 = 0.0000e+00, 0.0000e+00       
# interval = seconds: 1
# start_time = Nov 13 2020 10:38:40 [Instrument's time stamp, header]
# bad_flag = -9.990e-29
*END*
[from data line 821]
        822     -1.105     1.0993   0.000118    -0.0004    -0.0936 0.0000e+00
        823     -1.105     1.0992   0.000119    -0.0004    -0.0936 0.0000e+00
        824     -1.105     1.0990   0.000119    -0.0004    -0.0936 0.0000e+00
        825     -1.102     1.0989   0.000119    -0.0004    -0.0936 0.0000e+00
        826     -1.102     1.0987   0.000118    -0.0004    -0.0936 0.0000e+00
        827     -1.103     1.0986   0.000119    -0.0004    -0.0936 0.0000e+00
        828     -1.104     1.0984   0.000120    -0.0004    -0.0936 0.0000e+00
        829     -1.105     1.0983   0.000120    -0.0004    -0.0936 0.0000e+00
        830     -1.105     1.0981   0.000119    -0.0004    -0.0936 0.0000e+00
        831     -1.104     1.0979   0.000119    -0.0004    -0.0936 0.0000e+00
        832     -1.103     1.0977   0.000119    -0.0004    -0.0936 0.0000e+00
        833     -1.100     1.0975   0.000119    -0.0004    -0.0937 0.0000e+00
        834     -1.097     1.0973   0.000119    -0.0004    -0.0937 0.0000e+00
        835     -1.096     1.0972   0.000118    -0.0004    -0.0937 0.0000e+00
        836     -1.099     1.0970   0.000117    -0.0004    -0.0937 0.0000e+00
        837     -1.104     1.0968   0.000118    -0.0004    -0.0937 0.0000e+00
        838     -1.107     1.0966   0.000119    -0.0004    -0.0937 0.0000e+00
        839     -1.108     1.0964   0.000119    -0.0004    -0.0937 0.0000e+00
        840     -1.108     1.0963   0.000118    -0.0004    -0.0937 0.0000e+00
        841     -1.106     1.0962   0.000119    -0.0004    -0.0937 0.0000e+00
        842     -1.105     1.0960   0.000119    -0.0004    -0.0937 0.0000e+00
        843     -1.107     1.0958   0.000118    -0.0004    -0.0937 0.0000e+00
        844     -1.110     1.0956   0.000118    -0.0004    -0.0937 0.0000e+00
        845     -1.112     1.0954   0.000119    -0.0004    -0.0938 0.0000e+00
        846     -1.110     1.0953   0.000120    -0.0004    -0.0938 0.0000e+00
        847     -1.106     1.0951   0.000120    -0.0004    -0.0938 0.0000e+00
        848     -1.103     1.0949   0.000119    -0.0004    -0.0938 0.0000e+00
        849     -1.103     1.0947   0.000118    -0.0004    -0.0938 0.0000e+00
        850     -1.106     1.0945   0.000118    -0.0004    -0.0938 0.0000e+00
        851     -1.108     1.0944   0.000118    -0.0004    -0.0938 0.0000e+00
        852     -1.109     1.0942   0.000118    -0.0004    -0.0938 0.0000e+00
        853     -1.109     1.0940   0.000119    -0.0004    -0.0938 0.0000e+00
        854     -1.109     1.0938   0.000120    -0.0004    -0.0938 0.0000e+00
        855     -1.109     1.0936   0.000119    -0.0004    -0.0938 0.0000e+00
        856     -1.109     1.0934   0.000118    -0.0004    -0.0939 0.0000e+00
        857     -1.109     1.0932   0.000118    -0.0004    -0.0939 0.0000e+00
        858     -1.108     1.0931   0.000119    -0.0004    -0.0939 0.0000e+00
        859     -1.106     1.0930   0.000119    -0.0004    -0.0939 0.0000e+00
        860     -1.104     1.0928   0.000118    -0.0004    -0.0939 0.0000e+00
        861     -1.103     1.0926   0.000118    -0.0004    -0.0939 0.0000e+00
        862     -1.102     1.0924   0.000118    -0.0004    -0.0939 0.0000e+00
        863     -1.103     1.0922   0.000117    -0.0004    -0.0939 0.0000e+00
        864     -1.106     1.0921   0.000118    -0.0004    -0.0939 0.0000e+00
        865     -1.110     1.0920   0.000118    -0.0004    -0.0939 0.0000e+00
        866     -1.110     1.0918   0.000118    -0.0004    -0.0939 0.0000e+00
        867     -1.108     1.0916   0.000118    -0.0004    -0.0939 0.0000e+00
        868     -1.108     1.0914   0.000118    -0.0004    -0.0939 0.0000e+00
        869     -1.109     1.0912   0.000118    -0.0004    -0.0940 0.0000e+00
        870     -1.109     1.0910   0.000117    -0.0004    -0.0940 0.0000e+00
        871     -1.109     1.0909   0.000118    -0.0004    -0.0940 0.0000e+00
        872     -1.109     1.0907   0.000118    -0.0004    -0.0940 0.0000e+00
        873     -1.108     1.0905   0.000118    -0.0004    -0.0940 0.0000e+00
        874     -1.107     1.0904   0.000119    -0.0004    -0.0940 0.0000e+00
        875     -1.105     1.0903   0.000119    -0.0004    -0.0940 0.0000e+00
        876     -1.102     1.0901   0.000118    -0.0004    -0.0940 0.0000e+00
        877     -1.102     1.0899   0.000118    -0.0004    -0.0940 0.0000e+00
        878     -1.105     1.0897   0.000119    -0.0004    -0.0940 0.0000e+00
        879     -1.107     1.0895   0.000120    -0.0004    -0.0940 0.0000e+00
        880     -1.106     1.0894   0.000120    -0.0004    -0.0940 0.0000e+00
        881     -1.104     1.0892   0.000120    -0.0004    -0.0941 0.0000e+00
        882     -1.104     1.0890   0.000120    -0.0004    -0.0941 0.0000e+00
        883     -1.102     1.0890   0.000120    -0.0004    -0.0941 0.0000e+00
        884     -1.098     1.0888   0.000118    -0.0004    -0.0941 0.0000e+00
        885     -1.098     1.0886   0.000118    -0.0004    -0.0941 0.0000e+00
        886     -1.101     1.0884   0.000118    -0.0004    -0.0941 0.0000e+00
        887     -1.106     1.0882   0.000118    -0.0004    -0.0941 0.0000e+00
        888     -1.108     1.0882   0.000119    -0.0004    -0.0941 0.0000e+00
        889     -1.107     1.0880   0.000119    -0.0004    -0.0941 0.0000e+00
        890     -1.106     1.0879   0.000118    -0.0004    -0.0941 0.0000e+00
        891     -1.107     1.0877   0.000118    -0.0004    -0.0941 0.0000e+00
        892     -1.107     1.0875   0.000117    -0.0004    -0.0941 0.0000e+00
        893     -1.106     1.0873   0.000117    -0.0004    -0.0941 0.0000e+00
        894     -1.105     1.0872   0.000118    -0.0004    -0.0942 0.0000e+00
        895     -1.106     1.0871   0.000119    -0.0004    -0.0942 0.0000e+00
        896     -1.106     1.0869   0.000119    -0.0004    -0.0942 0.0000e+00
        897     -1.105     1.0867   0.000118    -0.0004    -0.0942 0.0000e+00
        898     -1.106     1.0865   0.000118    -0.0004    -0.0942 0.0000e+00
        899     -1.108     1.0863   0.000119    -0.0004    -0.0942 0.0000e+00
        900     -1.108     1.0863   0.000121    -0.0004    -0.0942 0.0000e+00
        901     -1.108     1.0861   0.000121    -0.0004    -0.0942 0.0000e+00
        902     -1.108     1.0860   0.000120    -0.0004    -0.0942 0.0000e+00
        903     -1.108     1.0858   0.000119    -0.0004    -0.0942 0.0000e+00
        904     -1.107     1.0856   0.000119    -0.0004    -0.0942 0.0000e+00
        905     -1.106     1.0854   0.000119    -0.0004    -0.0942 0.0000e+00
        906     -1.105     1.0852   0.000118    -0.0004    -0.0942 0.0000e+00
        907     -1.107     1.0850   0.000118    -0.0004    -0.0943 0.0000e+00
        908     -1.110     1.0849   0.000118    -0.0004    -0.0943 0.0000e+00
        909     -1.111     1.0848   0.000120    -0.0004    -0.0943 0.0000e+00
        910     -1.110     1.0846   0.000119    -0.0004    -0.0943 0.0000e+00
        911     -1.106     1.0844   0.000118    -0.0004    -0.0943 0.0000e+00
        912     -1.103     1.0844   0.000118    -0.0004    -0.0943 0.0000e+00
        913     -1.103     1.0842   0.000119    -0.0004    -0.0943 0.0000e+00
        914     -1.106     1.0840   0.000118    -0.0004    -0.0943 0.0000e+00
        915     -1.110     1.0839   0.000119    -0.0004    -0.0943 0.0000e+00
        916     -1.112     1.0838   0.000119    -0.0004    -0.0943 0.0000e+00
        917     -1.113     1.0836   0.000120    -0.0004    -0.0943 0.0000e+00
        918     -1.113     1.0835   0.000121    -0.0004    -0.0943 0.0000e+00
        919     -1.113     1.0833   0.000120    -0.0004    -0.0943 0.0000e+00
        920     -1.113     1.0833   0.000119    -0.0004    -0.0943 0.0000e+00
        921     -1.113     1.0831   0.000118    -0.0004    -0.0944 0.0000e+00
        922     -1.112     1.0831   0.000119    -0.0004    -0.0944 0.0000e+00
        923     -1.110     1.0829   0.000120    -0.0004    -0.0944 0.0000e+00
        924     -1.106     1.0827   0.000121    -0.0004    -0.0944 0.0000e+00
        925     -1.104     1.0827   0.000120    -0.0004    -0.0944 0.0000e+00
        926     -1.103     1.0825   0.000119    -0.0004    -0.0944 0.0000e+00
        927     -1.103     1.0825   0.000119    -0.0004    -0.0944 0.0000e+00
        928     -1.103     1.0824   0.000118    -0.0004    -0.0944 0.0000e+00
        929     -1.102     1.0823   0.000119    -0.0004    -0.0944 0.0000e+00
        930     -1.100     1.0823   0.000121    -0.0004    -0.0944 0.0000e+00
        931     -1.099     1.0821   0.000120    -0.0004    -0.0944 0.0000e+00
        932     -1.101     1.0821   0.000120    -0.0004    -0.0944 0.0000e+00
        933     -1.103     1.0821   0.000121    -0.0004    -0.0944 0.0000e+00
        934     -1.105     1.0820   0.000120    -0.0004    -0.0944 0.0000e+00
        935     -1.107     1.0819   0.000120    -0.0004    -0.0944 0.0000e+00
        936     -1.107     1.0819   0.000121    -0.0004    -0.0944 0.0000e+00
        937     -1.106     1.0819   0.000122    -0.0004    -0.0944 0.0000e+00
        938     -1.104     1.0818   0.000122    -0.0004    -0.0944 0.0000e+00
        939     -1.104     1.0817   0.000121    -0.0004    -0.0944 0.0000e+00
        940     -1.104     1.0817   0.000121    -0.0004    -0.0944 0.0000e+00
        941     -1.105     1.0816   0.000121    -0.0004    -0.0944 0.0000e+00
        942     -1.107     1.0815   0.000121    -0.0004    -0.0944 0.0000e+00
        943     -1.107     1.0814   0.000121    -0.0004    -0.0944 0.0000e+00
        944     -1.107     1.0814   0.000121    -0.0004    -0.0944 0.0000e+00
        945     -1.105     1.0814   0.000122    -0.0004    -0.0944 0.0000e+00
        946     -1.102     1.0814   0.000122    -0.0004    -0.0944 0.0000e+00
        947     -1.102     1.0814   0.000120    -0.0004    -0.0944 0.0000e+00
        948     -1.103     1.0813   0.000118    -0.0004    -0.0944 0.0000e+00
        949     -1.103     1.0812   0.000120    -0.0004    -0.0944 0.0000e+00
        950     -1.103     1.0812   0.000122    -0.0004    -0.0944 0.0000e+00
        951     -1.104     1.0812   0.000122    -0.0004    -0.0944 0.0000e+00
        952     -1.105     1.0811   0.000122    -0.0004    -0.0944 0.0000e+00
        953     -1.107     1.0810   0.000121    -0.0004    -0.0945 0.0000e+00
        954     -1.107     1.0810   0.000122    -0.0004    -0.0945 0.0000e+00
        955     -1.106     1.0810   0.000122    -0.0004    -0.0945 0.0000e+00
        956     -1.104     1.0808   0.000121    -0.0004    -0.0945 0.0000e+00
        957     -1.103     1.0808   0.000121    -0.0004    -0.0945 0.0000e+00
        958     -1.103     1.0808   0.000122    -0.0004    -0.0945 0.0000e+00
        959     -1.103     1.0807   0.000121    -0.0004    -0.0945 0.0000e+00
        960     -1.104     1.0806   0.000120    -0.0004    -0.0945 0.0000e+00
        961     -1.105     1.0806   0.000121    -0.0004    -0.0945 0.0000e+00
        962     -1.106     1.0805   0.000122    -0.0004    -0.0945 0.0000e+00
        963     -1.104     1.0804   0.000122    -0.0004    -0.0945 0.0000e+00
        964     -1.101     1.0804   0.000120    -0.0004    -0.0945 0.0000e+00
        965     -1.099     1.0802   0.000119    -0.0004    -0.0945 0.0000e+00
        966     -1.099     1.0802   0.000120    -0.0004    -0.0945 0.0000e+00
        967     -1.101     1.0802   0.000120    -0.0004    -0.0945 0.0000e+00
        968     -1.104     1.0801   0.000120    -0.0004    -0.0945 0.0000e+00
        969     -1.105     1.0800   0.000120    -0.0004    -0.0945 0.0000e+00
        970     -1.104     1.0799   0.000120    -0.0004    -0.0945 0.0000e+00
        971     -1.105     1.0797   0.000121    -0.0004    -0.0945 0.0000e+00
        972     -1.106     1.0795   0.000120    -0.0004    -0.0945 0.0000e+00
        973     -1.105     1.0794   0.000120    -0.0004    -0.0945 0.0000e+00
        974     -1.103     1.0793   0.000119    -0.0004    -0.0945 0.0000e+00
        975     -1.103     1.0791   0.000119    -0.0004    -0.0945 0.0000e+00
        976     -1.102     1.0790   0.000119    -0.0004    -0.0946 0.0000e+00
        977     -1.102     1.0788   0.000119    -0.0004    -0.0946 0.0000e+00
        978     -1.105     1.0786   0.000119    -0.0004    -0.0946 0.0000e+00
        979     -1.107     1.0785   0.000119    -0.0004    -0.0946 0.0000e+00
        980     -1.107     1.0783   0.000119    -0.0004    -0.0946 0.0000e+00
        981     -1.107     1.0782   0.000119    -0.0004    -0.0946 0.0000e+00
        982     -1.106     1.0781   0.000119    -0.0004    -0.0946 0.0000e+00
        983     -1.105     1.0779   0.000119    -0.0004    -0.0946 0.0000e+00
        984     -1.106     1.0777   0.000119    -0.0004    -0.0946 0.0000e+00
        985     -1.108     1.0774   0.000117    -0.0004    -0.0946 0.0000e+00
        986     -1.108     1.0772   0.000118    -0.0004    -0.0946 0.0000e+00
        987     -1.108     1.0770   0.000119    -0.0004    -0.0946 0.0000e+00
        988     -1.107     1.0768   0.000120    -0.0004    -0.0947 0.0000e+00
        989     -1.105     1.0766   0.000120    -0.0004    -0.0947 0.0000e+00
        990     -1.103     1.0764   0.000120    -0.0004    -0.0947 0.0000e+00
        991     -1.103     1.0762   0.000119    -0.0004    -0.0947 0.0000e+00
        992     -1.106     1.0760   0.000117    -0.0004    -0.0947 0.0000e+00
        993     -1.109     1.0757   0.000116    -0.0004    -0.0947 0.0000e+00
        994     -1.109     1.0754   0.000116    -0.0004    -0.0947 0.0000e+00
        995     -1.106     1.0751   0.000115    -0.0004    -0.0947 0.0000e+00
        996     -1.103     1.0749   0.000114    -0.0004    -0.0948 0.0000e+00
        997     -1.099     1.0747   0.000114    -0.0004    -0.0948 0.0000e+00
        998     -1.096     1.0743   0.000116    -0.0004    -0.0948 0.0000e+00
        999     -1.099     1.0741   0.000117    -0.0004    -0.0948 0.0000e+00
       1000     -1.104     1.0739   0.000116    -0.0004    -0.0948 0.0000e+00
       1001     -1.107     1.0736   0.000116    -0.0004    -0.0948 0.0000e+00
       1002     -1.108     1.0732   0.000116    -0.0004    -0.0948 0.0000e+00
       1003     -1.108     1.0728   0.000115    -0.0004    -0.0949 0.0000e+00
       1004     -1.108     1.0726   0.000115    -0.0004    -0.0949 0.0000e+00
       1005     -1.108     1.0722   0.000115    -0.0004    -0.0949 0.0000e+00
       1006     -1.108     1.0719   0.000115    -0.0004    -0.0949 0.0000e+00
       1007     -1.108     1.0715   0.000116    -0.0004    -0.0949 0.0000e+00
       1008     -1.107     1.0711   0.000117    -0.0004    -0.0949 0.0000e+00
       1009     -1.105     1.0708   0.000115    -0.0004    -0.0950 0.0000e+00
       1010     -1.104     1.0705   0.000113    -0.0004    -0.0950 0.0000e+00
       1011     -1.105     1.0701   0.000113    -0.0004    -0.0950 0.0000e+00
       1012     -1.107     1.0698   0.000114    -0.0004    -0.0950 0.0000e+00
       1013     -1.107     1.0694   0.000115    -0.0004    -0.0950 0.0000e+00
       1014     -1.105     1.0690   0.000115    -0.0004    -0.0950 0.0000e+00
       1015     -1.103     1.0686   0.000114    -0.0004    -0.0951 0.0000e+00
       1016     -1.101     1.0682   0.000114    -0.0004    -0.0951 0.0000e+00
       1017     -1.098     1.0678   0.000115    -0.0004    -0.0951 0.0000e+00
       1018     -1.099     1.0674   0.000115    -0.0004    -0.0951 0.0000e+00
       1019     -1.101     1.0669   0.000113    -0.0005    -0.0951 0.0000e+00
       1020     -1.100     1.0665   0.000112    -0.0005    -0.0952 0.0000e+00
       1021     -1.099     1.0662   0.000113    -0.0005    -0.0952 0.0000e+00
       1022     -1.101     1.0658   0.000113    -0.0005    -0.0952 0.0000e+00
       1023     -1.104     1.0652   0.000113    -0.0005    -0.0952 0.0000e+00
       1024     -1.104     1.0648   0.000112    -0.0005    -0.0952 0.0000e+00
       1025     -1.101     1.0644   0.000110    -0.0005    -0.0953 0.0000e+00
