Datasets/Multi_Species/TEL214/tel214_2020_012.cnv
* Sea-Bird SBE19plus Data File:
* Filename = C:/AQUIRE/tel214_2020_012.hex
* Software Version AquireV2 AF V2.0
* Temperature SN =  7853
* Conductivity SN =  7853
* System UpLoad Time = Nov 10 2020 00:00:59
* <ApplicationData>
* <AQUIREV2>
** VESSEL/TRIP/SEQ STN: tel214_2020_012
** LATITUDE: 55 03.37 N
** LONGITUDE: 54 19.09 W
** DATE/TIME: 2020-11-09 22:17
** SOUNDING DEPTH (M): 0560
** PROBE TYPE: S7853
** CTD NUMBER: 012
** COMMENTS: 
# nquan = 7                                 
# nvalues = 5899                        
# units = specified
# name 0 = scan: Scan Count
# name 1 = prdM: Pressure, Strain Gauge [db]
# name 2 = tv290C: Temperature [ITS-90, deg C]
# name 3 = c0S/m: Conductivity [S/m]
# name 4 = sal00: Salinity, Practical [PSU]
# name 5 = sigma-t00: Density [sigma-t, kg/m^3 ]
# name 6 = flag: flag
# span 0 =          1,       5899       
# span 1 =     -1.113,    577.231       
# span 2 =    -1.4720,     4.0456       
# span 3 =   0.000045,   3.263091       
# span 4 =    -0.0027,    34.8060       
# span 5 =    -0.2775,    27.6345       
# span 6 = 0.0000e+00, 0.0000e+00       
# interval = seconds: 1
# start_time = Nov 09 2020 22:17:04 [Instrument's time stamp, header]
# bad_flag = -9.990e-29
*END*
[from data line 1642]
       1643     -0.591     0.7810   2.769420    32.3874    25.9575 0.0000e+00
       1644     -0.719     0.8633   2.778041    32.4124    25.9729 0.0000e+00
       1645     -0.831     0.8809   2.779240    32.4095    25.9696 0.0000e+00
       1646     -0.890     0.8642   2.776790    32.3955    25.9593 0.0000e+00
       1647     -0.885     0.8487   2.775878    32.3999    25.9638 0.0000e+00
       1648     -0.822     0.8455   2.779215    32.4462    26.0011 0.0000e+00
       1649     -0.714     0.8520   2.781578    32.4697    26.0197 0.0000e+00
       1650     -0.620     0.8662   2.779874    32.4329    25.9893 0.0000e+00
       1651     -0.638     0.8939   2.778935    32.3919    25.9547 0.0000e+00
       1652     -0.788     0.9305   2.769877    32.2376    25.8285 0.0000e+00
       1653     -0.946     0.9567   2.750558    31.9630    25.6063 0.0000e+00
       1654     -1.012     0.9657   2.736401    31.7727    25.4528 0.0000e+00
       1655     -1.021     0.9656   2.740286    31.8225    25.4928 0.0000e+00
       1656     -1.021     0.9620   2.727810    31.6666    25.3678 0.0000e+00
       1657     -1.006     0.9592   2.699942    31.3134    25.0841 0.0000e+00
       1658     -0.989     0.9610   2.647291    30.6403    24.5431 0.0000e+00
       1659     -0.987     0.9636   2.320348    26.5112    21.2267 0.0000e+00
       1660     -0.990     0.9628   2.037647    23.0020    18.4105 0.0000e+00
       1661     -0.989     0.9637   1.922679    21.5900    17.2776 0.0000e+00
       1662     -0.981     0.9639   1.458205    15.9875    12.7832 0.0000e+00
       1663     -0.964     0.9572   1.165303    12.5472    10.0221 0.0000e+00
       1664     -0.945     0.9479   1.339932    14.5958    11.6664 0.0000e+00
       1665     -0.935     0.9392   1.742821    19.4165    15.5344 0.0000e+00
       1666     -0.924     0.9389   2.311819    26.4254    21.1589 0.0000e+00
       1667     -0.912     0.9528   2.578083    29.7686    23.8431 0.0000e+00
       1668     -0.902     0.9670   2.534302    29.2003    23.3859 0.0000e+00
       1669     -0.888     0.9682   2.379239    27.2451    21.8157 0.0000e+00
       1670     -0.861     0.9588   2.177366    24.7329    19.7996 0.0000e+00
       1671     -0.807     0.9494   2.060403    23.2924    18.6439 0.0000e+00
       1672     -0.739     0.9430   1.929935    21.6931    17.3608 0.0000e+00
       1673     -0.680     0.9352   2.086661    23.6274    18.9131 0.0000e+00
       1674     -0.613     0.9314   2.552985    29.4705    23.6047 0.0000e+00
       1675     -0.536     0.9389   2.777431    32.3256    25.8988 0.0000e+00
       1676     -0.480     0.9520   2.780253    32.3481    25.9161 0.0000e+00
       1677     -0.462     0.9621   2.781214    32.3499    25.9170 0.0000e+00
       1678     -0.500     0.9692   2.782206    32.3553    25.9209 0.0000e+00
       1679     -0.604     0.9747   2.782630    32.3550    25.9203 0.0000e+00
       1680     -0.721     0.9748   2.782191    32.3494    25.9158 0.0000e+00
       1681     -0.786     0.9692   2.781787    32.3500    25.9167 0.0000e+00
       1682     -0.790     0.9642   2.781675    32.3538    25.9200 0.0000e+00
       1683     -0.745     0.9610   2.781530    32.3553    25.9213 0.0000e+00
       1684     -0.641     0.9568   2.781843    32.3636    25.9283 0.0000e+00
       1685     -0.516     0.9557   2.782088    32.3678    25.9317 0.0000e+00
       1686     -0.504     0.9623   2.772330    32.2359    25.8253 0.0000e+00
       1687     -0.655     0.9723   2.665922    30.8662    24.7240 0.0000e+00
       1688     -0.834     0.9778   2.478510    28.4854    22.8112 0.0000e+00
       1689     -0.915     0.9762   2.453462    28.1712    22.5590 0.0000e+00
       1690     -0.905     0.9723   2.617177    30.2462    24.2258 0.0000e+00
       1691     -0.853     0.9690   2.738914    31.8014    25.4757 0.0000e+00
       1692     -0.778     0.9659   2.763928    32.1247    25.7357 0.0000e+00
       1693     -0.695     0.9636   2.772109    32.2318    25.8219 0.0000e+00
       1694     -0.632     0.9627   2.778705    32.3172    25.8907 0.0000e+00
       1695     -0.621     0.9649   2.778486    32.3121    25.8864 0.0000e+00
       1696     -0.668     0.9706   2.778246    32.3031    25.8789 0.0000e+00
       1697     -0.757     0.9771   2.779130    32.3078    25.8822 0.0000e+00
       1698     -0.858     0.9812   2.780582    32.3222    25.8935 0.0000e+00
       1699     -0.917     0.9814   2.780722    32.3238    25.8948 0.0000e+00
       1700     -0.910     0.9790   2.781482    32.3360    25.9048 0.0000e+00
       1701     -0.845     0.9767   2.782593    32.3526    25.9183 0.0000e+00
       1702     -0.728     0.9751   2.782730    32.3560    25.9211 0.0000e+00
       1703     -0.577     0.9748   2.782762    32.3566    25.9216 0.0000e+00
       1704     -0.433     0.9769   2.782720    32.3538    25.9192 0.0000e+00
       1705     -0.355     0.9807   2.780051    32.3156    25.8883 0.0000e+00
       1706     -0.374     0.9848   2.779470    32.3039    25.8787 0.0000e+00
       1707     -0.367     0.9884   2.786113    32.3852    25.9438 0.0000e+00
       1708     -0.208     0.9907   2.791313    32.4494    25.9953 0.0000e+00
       1709     -0.036     0.9913   2.792174    32.4597    26.0035 0.0000e+00
       1710      0.004     0.9901   2.792335    32.4630    26.0062 0.0000e+00
       1711     -0.057     0.9879   2.792135    32.4628    26.0062 0.0000e+00
       1712     -0.167     0.9859   2.791987    32.4630    26.0065 0.0000e+00
       1713     -0.322     0.9853   2.791737    32.4605    26.0045 0.0000e+00
       1714     -0.535     0.9868   2.791623    32.4576    26.0021 0.0000e+00
       1715     -0.740     0.9888   2.791795    32.4579    26.0022 0.0000e+00
       1716     -0.828     0.9899   2.791917    32.4583    26.0025 0.0000e+00
       1717     -0.803     0.9901   2.791952    32.4585    26.0026 0.0000e+00
       1718     -0.735     0.9897   2.791947    32.4589    26.0029 0.0000e+00
       1719     -0.690     0.9885   2.791815    32.4584    26.0026 0.0000e+00
       1720     -0.732     0.9866   2.791617    32.4579    26.0023 0.0000e+00
       1721     -0.823     0.9856   2.791497    32.4574    26.0020 0.0000e+00
       1722     -0.880     0.9857   2.791481    32.4571    26.0018 0.0000e+00
       1723     -0.891     0.9853   2.791429    32.4569    26.0016 0.0000e+00
       1724     -0.881     0.9843   2.791341    32.4568    26.0016 0.0000e+00
       1725     -0.873     0.9841   2.791339    32.4570    26.0018 0.0000e+00
       1726     -0.873     0.9849   2.791412    32.4571    26.0018 0.0000e+00
       1727     -0.862     0.9856   2.791450    32.4568    26.0015 0.0000e+00
       1728     -0.850     0.9856   2.791360    32.4557    26.0006 0.0000e+00
       1729     -0.834     0.9852   2.791269    32.4549    26.0000 0.0000e+00
       1730     -0.790     0.9845   2.791311    32.4562    26.0011 0.0000e+00
       1731     -0.772     0.9834   2.791295    32.4571    26.0019 0.0000e+00
       1732     -0.815     0.9828   2.791133    32.4557    26.0008 0.0000e+00
       1733     -0.858     0.9826   2.791017    32.4544    25.9998 0.0000e+00
       1734     -0.867     0.9829   2.791031    32.4543    25.9997 0.0000e+00
       1735     -0.846     0.9833   2.791102    32.4548    26.0000 0.0000e+00
       1736     -0.806     0.9831   2.791159    32.4557    26.0008 0.0000e+00
       1737     -0.795     0.9828   2.791160    32.4560    26.0010 0.0000e+00
       1738     -0.828     0.9835   2.791179    32.4555    26.0006 0.0000e+00
       1739     -0.844     0.9851   2.791305    32.4555    26.0005 0.0000e+00
       1740     -0.825     0.9858   2.791383    32.4558    26.0007 0.0000e+00
       1741     -0.818     0.9852   2.791285    32.4551    26.0002 0.0000e+00
       1742     -0.829     0.9843   2.791162    32.4545    25.9997 0.0000e+00
       1743     -0.836     0.9833   2.791124    32.4550    26.0002 0.0000e+00
       1744     -0.833     0.9825   2.791107    32.4557    26.0008 0.0000e+00
       1745     -0.833     0.9819   2.791098    32.4562    26.0012 0.0000e+00
       1746     -0.838     0.9818   2.791132    32.4567    26.0017 0.0000e+00
       1747     -0.832     0.9822   2.791193    32.4571    26.0019 0.0000e+00
       1748     -0.823     0.9827   2.791237    32.4571    26.0019 0.0000e+00
       1749     -0.833     0.9830   2.791212    32.4565    26.0014 0.0000e+00
       1750     -0.864     0.9835   2.791170    32.4554    26.0006 0.0000e+00
       1751     -0.884     0.9843   2.791199    32.4550    26.0001 0.0000e+00
       1752     -0.877     0.9847   2.791269    32.4555    26.0005 0.0000e+00
       1753     -0.867     0.9846   2.791275    32.4556    26.0006 0.0000e+00
       1754     -0.867     0.9842   2.791248    32.4557    26.0007 0.0000e+00
       1755     -0.868     0.9845   2.791279    32.4558    26.0008 0.0000e+00
       1756     -0.862     0.9848   2.791334    32.4562    26.0011 0.0000e+00
       1757     -0.853     0.9845   2.791326    32.4564    26.0013 0.0000e+00
       1758     -0.846     0.9840   2.791252    32.4560    26.0009 0.0000e+00
       1759     -0.833     0.9841   2.791220    32.4554    26.0005 0.0000e+00
       1760     -0.793     0.9846   2.791302    32.4559    26.0009 0.0000e+00
       1761     -0.747     0.9847   2.791387    32.4569    26.0017 0.0000e+00
       1762     -0.751     0.9842   2.791366    32.4572    26.0019 0.0000e+00
       1763     -0.797     0.9838   2.791292    32.4567    26.0015 0.0000e+00
       1764     -0.834     0.9839   2.791238    32.4559    26.0009 0.0000e+00
       1765     -0.853     0.9842   2.791208    32.4552    26.0003 0.0000e+00
       1766     -0.863     0.9847   2.791210    32.4547    25.9999 0.0000e+00
       1767     -0.875     0.9854   2.791249    32.4545    25.9997 0.0000e+00
       1768     -0.897     0.9865   2.791274    32.4537    25.9989 0.0000e+00
       1769     -0.915     0.9873   2.791303    32.4532    25.9985 0.0000e+00
       1770     -0.904     0.9880   2.791392    32.4536    25.9988 0.0000e+00
       1771     -0.882     0.9885   2.791464    32.4540    25.9991 0.0000e+00
       1772     -0.879     0.9886   2.791459    32.4538    25.9990 0.0000e+00
       1773     -0.887     0.9887   2.791434    32.4534    25.9986 0.0000e+00
       1774     -0.900     0.9888   2.791413    32.4530    25.9983 0.0000e+00
       1775     -0.916     0.9889   2.791381    32.4525    25.9979 0.0000e+00
       1776     -0.916     0.9890   2.791385    32.4525    25.9978 0.0000e+00
       1777     -0.896     0.9891   2.791435    32.4530    25.9983 0.0000e+00
       1778     -0.888     0.9890   2.791445    32.4532    25.9985 0.0000e+00
       1779     -0.913     0.9890   2.791434    32.4531    25.9984 0.0000e+00
       1780     -0.938     0.9893   2.791449    32.4530    25.9982 0.0000e+00
       1781     -0.940     0.9896   2.791444    32.4526    25.9979 0.0000e+00
       1782     -0.932     0.9895   2.791401    32.4522    25.9976 0.0000e+00
       1783     -0.921     0.9892   2.791367    32.4521    25.9975 0.0000e+00
       1784     -0.920     0.9890   2.791312    32.4516    25.9971 0.0000e+00
       1785     -0.940     0.9888   2.791213    32.4505    25.9963 0.0000e+00
       1786     -0.966     0.9889   2.791121    32.4492    25.9952 0.0000e+00
       1787     -0.977     0.9892   2.791127    32.4490    25.9950 0.0000e+00
       1788     -0.965     0.9896   2.791157    32.4490    25.9950 0.0000e+00
       1789     -0.954     0.9901   2.791098    32.4477    25.9939 0.0000e+00
       1790     -0.938     0.9905   2.791116    32.4475    25.9937 0.0000e+00
       1791     -0.903     0.9906   2.791201    32.4485    25.9945 0.0000e+00
       1792     -0.883     0.9903   2.791143    32.4480    25.9942 0.0000e+00
       1793     -0.894     0.9900   2.791018    32.4467    25.9932 0.0000e+00
       1794     -0.906     0.9900   2.790954    32.4459    25.9925 0.0000e+00
       1795     -0.889     0.9895   2.790917    32.4460    25.9926 0.0000e+00
       1796     -0.858     0.9888   2.790876    32.4461    25.9928 0.0000e+00
       1797     -0.849     0.9882   2.790817    32.4460    25.9927 0.0000e+00
       1798     -0.869     0.9884   2.790582    32.4428    25.9901 0.0000e+00
       1799     -0.879     0.9892   2.790500    32.4409    25.9885 0.0000e+00
       1800     -0.852     0.9899   2.790883    32.4451    25.9918 0.0000e+00
       1801     -0.825     0.9900   2.791130    32.4481    25.9943 0.0000e+00
       1802     -0.820     0.9900   2.791109    32.4479    25.9941 0.0000e+00
       1803     -0.804     0.9900   2.791138    32.4482    25.9944 0.0000e+00
       1804     -0.784     0.9903   2.791176    32.4484    25.9945 0.0000e+00
       1805     -0.775     0.9907   2.791198    32.4482    25.9943 0.0000e+00
       1806     -0.750     0.9909   2.791223    32.4483    25.9944 0.0000e+00
       1807     -0.683     0.9909   2.791294    32.4492    25.9951 0.0000e+00
       1808     -0.583     0.9909   2.791414    32.4507    25.9963 0.0000e+00
       1809     -0.494     0.9908   2.791495    32.4518    25.9972 0.0000e+00
       1810     -0.464     0.9907   2.791512    32.4521    25.9974 0.0000e+00
       1811     -0.484     0.9906   2.791481    32.4518    25.9972 0.0000e+00
       1812     -0.463     0.9906   2.791519    32.4523    25.9976 0.0000e+00
       1813     -0.354     0.9906   2.791676    32.4542    25.9992 0.0000e+00
       1814     -0.260     0.9905   2.791755    32.4553    26.0000 0.0000e+00
       1815     -0.253     0.9903   2.791705    32.4549    25.9997 0.0000e+00
       1816     -0.271     0.9901   2.791626    32.4541    25.9990 0.0000e+00
       1817     -0.196     0.9898   2.791651    32.4547    25.9995 0.0000e+00
       1818     -0.009     0.9894   2.791692    32.4555    26.0002 0.0000e+00
       1819      0.157     0.9891   2.791618    32.4548    25.9997 0.0000e+00
       1820      0.227     0.9891   2.791924    32.4586    26.0028 0.0000e+00
       1821      0.263     0.9893   2.792616    32.4673    26.0097 0.0000e+00
       1822      0.275     0.9897   2.792952    32.4712    26.0128 0.0000e+00
       1823      0.183     0.9900   2.792859    32.4697    26.0116 0.0000e+00
       1824     -0.021     0.9900   2.792619    32.4668    26.0093 0.0000e+00
       1825     -0.169     0.9900   2.792472    32.4650    26.0078 0.0000e+00
       1826     -0.121     0.9900   2.792587    32.4664    26.0090 0.0000e+00
       1827      0.030     0.9899   2.792771    32.4688    26.0109 0.0000e+00
       1828      0.173     0.9898   2.792882    32.4702    26.0121 0.0000e+00
       1829      0.332     0.9897   2.793018    32.4720    26.0135 0.0000e+00
       1830      0.532     0.9898   2.793207    32.4742    26.0152 0.0000e+00
       1831      0.720     0.9899   2.793361    32.4759    26.0166 0.0000e+00
       1832      0.863     0.9899   2.793452    32.4770    26.0175 0.0000e+00
       1833      0.987     0.9897   2.793521    32.4781    26.0184 0.0000e+00
       1834      1.107     0.9894   2.793586    32.4791    26.0192 0.0000e+00
       1835      1.254     0.9893   2.793693    32.4805    26.0204 0.0000e+00
       1836      1.465     0.9894   2.793886    32.4828    26.0222 0.0000e+00
       1837      1.727     0.9898   2.794111    32.4851    26.0240 0.0000e+00
       1838      2.005     0.9900   2.794322    32.4874    26.0259 0.0000e+00
       1839      2.254     0.9901   2.794494    32.4894    26.0274 0.0000e+00
       1840      2.475     0.9903   2.794647    32.4910    26.0287 0.0000e+00
       1841      2.686     0.9905   2.794790    32.4925    26.0299 0.0000e+00
       1842      2.839     0.9907   2.794864    32.4932    26.0304 0.0000e+00
       1843      2.955     0.9908   2.794893    32.4934    26.0306 0.0000e+00
       1844      3.177     0.9908   2.795015    32.4948    26.0318 0.0000e+00
       1845      3.522     0.9906   2.795223    32.4975    26.0339 0.0000e+00
       1846      3.818     0.9904   2.795377    32.4995    26.0356 0.0000e+00
