Datasets/Multi_Species/TEL214/tel214_2020_032.cnv
* Sea-Bird SBE19plus Data File:
* Filename = C:/AQUIRE/tel214_2020_032.hex
* Software Version AquireV2 AF V2.0
* Temperature SN =  7853
* Conductivity SN =  7853
* System UpLoad Time = Nov 15 2020 19:12:58
* <ApplicationData>
* <AQUIREV2>
** VESSEL/TRIP/SEQ STN: tel214_2020_032
** LATITUDE: 53 07.67 N
** LONGITUDE: 52 06.64 W
** DATE/TIME: 2020-11-15 13:52
** SOUNDING DEPTH (M): 0450
** PROBE TYPE: S7853
** CTD NUMBER: 032
** COMMENTS: tear up
# nquan = 7                                 
# nvalues = 10013                       
# units = specified
# name 0 = scan: Scan Count
# name 1 = prdM: Pressure, Strain Gauge [db]
# name 2 = tv290C: Temperature [ITS-90, deg C]
# name 3 = c0S/m: Conductivity [S/m]
# name 4 = sal00: Salinity, Practical [PSU]
# name 5 = sigma-t00: Density [sigma-t, kg/m^3 ]
# name 6 = flag: flag
# span 0 =          1,      10013       
# span 1 =     -1.046,    447.695       
# span 2 =     0.9158,     3.9973       
# span 3 =  -0.000075,   3.253915       
# span 4 =    -0.0006,    34.8002       
# span 5 =    -0.1027,    27.6341       
# span 6 = 0.0000e+00, 0.0000e+00       
# interval = seconds: 1
# start_time = Nov 15 2020 13:52:03 [Instrument's time stamp, header]
# bad_flag = -9.990e-29
*END*
[from data line 3693]
       3694     74.929     2.8582   3.071441    33.9518    27.0610 0.0000e+00
       3695     74.122     2.8404   3.072315    33.9818    27.0865 0.0000e+00
       3696     73.321     2.8336   3.075083    34.0233    27.1202 0.0000e+00
       3697     72.521     2.8339   3.076784    34.0443    27.1369 0.0000e+00
       3698     71.753     2.8338   3.077059    34.0482    27.1401 0.0000e+00
       3699     71.003     2.8278   3.075953    34.0414    27.1352 0.0000e+00
       3700     70.226     2.8177   3.073300    34.0201    27.1190 0.0000e+00
       3701     69.394     2.8084   3.071108    34.0035    27.1066 0.0000e+00
       3702     68.500     2.8034   3.070356    34.0001    27.1043 0.0000e+00
       3703     67.565     2.8045   3.070828    34.0052    27.1083 0.0000e+00
       3704     66.621     2.8116   3.071413    34.0054    27.1078 0.0000e+00
       3705     65.685     2.8197   3.071015    33.9925    27.0968 0.0000e+00
       3706     64.753     2.8185   3.070530    33.9883    27.0936 0.0000e+00
       3707     63.832     2.8013   3.069244    33.9913    27.0975 0.0000e+00
       3708     62.943     2.7763   3.066433    33.9838    27.0937 0.0000e+00
       3709     62.095     2.7569   3.064052    33.9756    27.0888 0.0000e+00
       3710     61.263     2.7430   3.061995    33.9656    27.0820 0.0000e+00
       3711     60.393     2.7282   3.059161    33.9469    27.0684 0.0000e+00
       3712     59.432     2.7153   3.057011    33.9347    27.0598 0.0000e+00
       3713     58.380     2.7121   3.056082    33.9273    27.0541 0.0000e+00
       3714     57.303     2.7140   3.054857    33.9108    27.0408 0.0000e+00
       3715     56.260     2.7071   3.052070    33.8845    27.0203 0.0000e+00
       3716     55.247     2.6911   3.049566    33.8712    27.0111 0.0000e+00
       3717     54.241     2.6696   3.049868    33.8982    27.0345 0.0000e+00
       3718     53.244     2.6270   3.047422    33.9138    27.0506 0.0000e+00
       3719     52.260     2.5625   3.039275    33.8824    27.0310 0.0000e+00
       3720     51.250     2.5066   3.032307    33.8563    27.0147 0.0000e+00
       3721     50.173     2.4792   3.029673    33.8534    27.0147 0.0000e+00
       3722     49.081     2.4783   3.030030    33.8594    27.0196 0.0000e+00
       3723     48.073     2.4905   3.030106    33.8479    27.0094 0.0000e+00
       3724     47.159     2.4937   3.027823    33.8168    26.9843 0.0000e+00
       3725     46.265     2.4824   3.026844    33.8172    26.9855 0.0000e+00
       3726     45.314     2.4650   3.027274    33.8415    27.0064 0.0000e+00
       3727     44.246     2.4441   3.025414    33.8413    27.0079 0.0000e+00
       3728     43.056     2.4284   3.022700    33.8250    26.9962 0.0000e+00
       3729     41.868     2.4248   3.021102    33.8098    26.9843 0.0000e+00
       3730     40.821     2.4241   3.019953    33.7969    26.9741 0.0000e+00
       3731     39.912     2.4210   3.019459    33.7945    26.9725 0.0000e+00
       3732     39.065     2.4186   3.019863    33.8026    26.9791 0.0000e+00
       3733     38.225     2.4169   3.020785    33.8162    26.9902 0.0000e+00
       3734     37.398     2.4154   3.021345    33.8252    26.9975 0.0000e+00
       3735     36.661     2.4169   3.021230    33.8226    26.9953 0.0000e+00
       3736     36.090     2.4213   3.020628    33.8108    26.9855 0.0000e+00
       3737     35.679     2.4238   3.019903    33.7994    26.9761 0.0000e+00
       3738     35.336     2.4231   3.020134    33.8032    26.9792 0.0000e+00
       3739     34.932     2.4215   3.020904    33.8147    26.9885 0.0000e+00
       3740     34.401     2.4183   3.020966    33.8191    26.9924 0.0000e+00
       3741     33.797     2.4139   3.020503    33.8184    26.9921 0.0000e+00
       3742     33.204     2.4139   3.020477    33.8184    26.9922 0.0000e+00
       3743     32.648     2.4215   3.020822    33.8150    26.9887 0.0000e+00
       3744     32.117     2.4298   3.020605    33.8038    26.9791 0.0000e+00
       3745     31.606     2.4304   3.020165    33.7980    26.9744 0.0000e+00
       3746     31.121     2.4241   3.020209    33.8055    26.9809 0.0000e+00
       3747     30.664     2.4154   3.020216    33.8150    26.9893 0.0000e+00
       3748     30.244     2.4080   3.019911    33.8193    26.9934 0.0000e+00
       3749     29.860     2.4067   3.019845    33.8201    26.9941 0.0000e+00
       3750     29.505     2.4116   3.019675    33.8130    26.9880 0.0000e+00
       3751     29.181     2.4143   3.018848    33.8001    26.9775 0.0000e+00
       3752     28.865     2.4100   3.018338    33.7985    26.9765 0.0000e+00
       3753     28.504     2.4002   3.017927    33.8040    26.9818 0.0000e+00
       3754     28.082     2.3894   3.016889    33.8029    26.9817 0.0000e+00
       3755     27.631     2.3845   3.016463    33.8030    26.9822 0.0000e+00
       3756     27.156     2.3868   3.016485    33.8011    26.9805 0.0000e+00
       3757     26.652     2.3902   3.016061    33.7926    26.9734 0.0000e+00
       3758     26.164     2.3904   3.015826    33.7897    26.9711 0.0000e+00
       3759     25.747     2.3892   3.015887    33.7920    26.9730 0.0000e+00
       3760     25.395     2.3880   3.015978    33.7946    26.9752 0.0000e+00
       3761     25.041     2.3861   3.016101    33.7983    26.9783 0.0000e+00
       3762     24.649     2.3828   3.015870    33.7992    26.9793 0.0000e+00
       3763     24.253     2.3795   3.015530    33.7987    26.9792 0.0000e+00
       3764     23.862     2.3791   3.015497    33.7989    26.9794 0.0000e+00
       3765     23.423     2.3811   3.015349    33.7952    26.9763 0.0000e+00
       3766     22.907     2.3829   3.015023    33.7896    26.9716 0.0000e+00
       3767     22.332     2.3828   3.015054    33.7904    26.9722 0.0000e+00
       3768     21.744     2.3795   3.015365    33.7981    26.9787 0.0000e+00
       3769     21.208     2.3741   3.015321    33.8035    26.9835 0.0000e+00
       3770     20.758     2.3708   3.015017    33.8035    26.9838 0.0000e+00
       3771     20.371     2.3713   3.014454    33.7962    26.9779 0.0000e+00
       3772     20.006     2.3707   3.013346    33.7833    26.9676 0.0000e+00
       3773     19.644     2.3653   3.012435    33.7780    26.9638 0.0000e+00
       3774     19.283     2.3581   3.012355    33.7848    26.9698 0.0000e+00
       3775     18.935     2.3504   3.012317    33.7927    26.9768 0.0000e+00
       3776     18.618     2.3420   3.011559    33.7924    26.9772 0.0000e+00
       3777     18.314     2.3372   3.011022    33.7910    26.9765 0.0000e+00
       3778     17.963     2.3386   3.011023    33.7898    26.9754 0.0000e+00
       3779     17.519     2.3410   3.010657    33.7829    26.9697 0.0000e+00
       3780     17.002     2.3403   3.010180    33.7780    26.9658 0.0000e+00
       3781     16.487     2.3393   3.010007    33.7772    26.9653 0.0000e+00
       3782     16.049     2.3404   3.009922    33.7753    26.9636 0.0000e+00
       3783     15.702     2.3411   3.009691    33.7719    26.9608 0.0000e+00
       3784     15.406     2.3379   3.009245    33.7699    26.9595 0.0000e+00
       3785     15.119     2.3323   3.008966    33.7725    26.9621 0.0000e+00
       3786     14.825     2.3288   3.009274    33.7802    26.9685 0.0000e+00
       3787     14.529     2.3276   3.009717    33.7872    26.9742 0.0000e+00
       3788     14.238     2.3270   3.009566    33.7861    26.9734 0.0000e+00
       3789     13.943     2.3272   3.009247    33.7821    26.9701 0.0000e+00
       3790     13.619     2.3290   3.009182    33.7796    26.9680 0.0000e+00
       3791     13.245     2.3305   3.009002    33.7759    26.9649 0.0000e+00
       3792     12.837     2.3302   3.008811    33.7741    26.9635 0.0000e+00
       3793     12.440     2.3291   3.008947    33.7772    26.9661 0.0000e+00
       3794     12.085     2.3270   3.009061    33.7810    26.9693 0.0000e+00
       3795     11.759     2.3237   3.008776    33.7812    26.9697 0.0000e+00
       3796     11.446     2.3211   3.008514    33.7809    26.9697 0.0000e+00
       3797     11.157     2.3216   3.008618    33.7818    26.9704 0.0000e+00
       3798     10.897     2.3245   3.008713    33.7800    26.9687 0.0000e+00
       3799     10.648     2.3262   3.008483    33.7755    26.9650 0.0000e+00
       3800     10.415     2.3250   3.008117    33.7724    26.9626 0.0000e+00
       3801     10.198     2.3234   3.007912    33.7717    26.9621 0.0000e+00
       3802      9.951     2.3228   3.007891    33.7722    26.9626 0.0000e+00
       3803      9.655     2.3222   3.007910    33.7732    26.9634 0.0000e+00
       3804      9.309     2.3216   3.007908    33.7740    26.9641 0.0000e+00
       3805      8.870     2.3211   3.007876    33.7744    26.9645 0.0000e+00
       3806      8.317     2.3217   3.007845    33.7737    26.9639 0.0000e+00
       3807      7.716     2.3232   3.007789    33.7717    26.9622 0.0000e+00
       3808      7.145     2.3241   3.007731    33.7704    26.9610 0.0000e+00
       3809      6.638     2.3236   3.007767    33.7717    26.9621 0.0000e+00
       3810      6.224     2.3216   3.007720    33.7734    26.9637 0.0000e+00
       3811      5.868     2.3187   3.007468    33.7736    26.9640 0.0000e+00
       3812      5.467     2.3170   3.007343    33.7741    26.9645 0.0000e+00
       3813      4.979     2.3171   3.007428    33.7753    26.9655 0.0000e+00
       3814      4.443     2.3180   3.007477    33.7752    26.9654 0.0000e+00
       3815      3.892     2.3197   3.007451    33.7734    26.9638 0.0000e+00
       3816      3.364     2.3216   3.007397    33.7710    26.9617 0.0000e+00
       3817      2.896     2.3225   3.007252    33.7685    26.9597 0.0000e+00
       3818      2.478     2.3216   3.006851    33.7647    26.9567 0.0000e+00
       3819      2.091     2.3185   3.006311    33.7616    26.9544 0.0000e+00
       3820      1.669     2.3148   3.005961    33.7614    26.9546 0.0000e+00
       3821      1.136     2.3125   3.005871    33.7630    26.9560 0.0000e+00
       3822      0.600     2.3104   3.005873    33.7656    26.9583 0.0000e+00
       3823      0.241     2.3084   3.005863    33.7678    26.9602 0.0000e+00
       3824      0.064     2.3075   3.005871    33.7689    26.9612 0.0000e+00
       3825     -0.048     2.3075   3.005837    33.7686    26.9609 0.0000e+00
       3826     -0.140     2.3077   3.005750    33.7673    26.9599 0.0000e+00
       3827     -0.193     2.3081   3.005734    33.7667    26.9594 0.0000e+00
       3828     -0.236     2.3089   3.005807    33.7668    26.9594 0.0000e+00
       3829     -0.311     2.3101   3.005889    33.7666    26.9591 0.0000e+00
       3830     -0.419     2.3113   3.005930    33.7659    26.9585 0.0000e+00
       3831     -0.558     2.3125   3.006002    33.7656    26.9581 0.0000e+00
       3832     -0.692     2.3137   3.006146    33.7662    26.9585 0.0000e+00
       3833     -0.773     2.3148   3.006256    33.7664    26.9586 0.0000e+00
       3834     -0.803     2.3156   3.006334    33.7665    26.9586 0.0000e+00
       3835     -0.814     2.3165   3.006452    33.7671    26.9590 0.0000e+00
       3836     -0.822     2.3179   3.006590    33.7673    26.9591 0.0000e+00
       3837     -0.841     2.3191   3.006684    33.7672    26.9589 0.0000e+00
       3838     -0.869     2.3195   3.006713    33.7671    26.9588 0.0000e+00
       3839     -0.888     2.3187   3.006672    33.7675    26.9592 0.0000e+00
       3840     -0.895     2.3171   3.006503    33.7671    26.9590 0.0000e+00
       3841     -0.892     2.3160   3.006287    33.7656    26.9578 0.0000e+00
       3842     -0.882     2.3156   3.006100    33.7637    26.9563 0.0000e+00
       3843     -0.878     2.3152   2.966513    33.2730    26.5638 0.0000e+00
       3844     -0.887     2.3142   2.503908    27.6076    22.0352 0.0000e+00
       3845     -0.909     2.3135   1.483424    15.6017    12.4533 0.0000e+00
       3846     -0.929     2.3144   1.097270    11.2599     8.9875 0.0000e+00
       3847     -0.934     2.3164   1.806206    19.3198    15.4196 0.0000e+00
       3848     -0.930     2.3179   2.230971    24.3250    19.4138 0.0000e+00
       3849     -0.926     2.3180   1.671931    17.7623    14.1770 0.0000e+00
       3850     -0.914     2.3179   0.858374     8.6421     6.8958 0.0000e+00
       3851     -0.883     2.3180   0.913442     9.2400     7.3737 0.0000e+00
       3852     -0.818     2.3183   1.900713    20.4218    16.2988 0.0000e+00
       3853     -0.722     2.3188   2.740592    30.4856    24.3345 0.0000e+00
       3854     -0.633     2.3192   2.975834    33.3842    26.6525 0.0000e+00
       3855     -0.581     2.3198   2.969733    33.3080    26.5914 0.0000e+00
       3856     -0.608     2.3209   2.966444    33.2661    26.5578 0.0000e+00
       3857     -0.713     2.3224   2.981007    33.4450    26.7009 0.0000e+00
       3858     -0.804     2.3241   2.996001    33.6293    26.8481 0.0000e+00
       3859     -0.843     2.3262   2.999420    33.6695    26.8801 0.0000e+00
       3860     -0.856     2.3283   2.995766    33.6220    26.8419 0.0000e+00
       3861     -0.861     2.3301   2.988518    33.5302    26.7683 0.0000e+00
       3862     -0.860     2.3316   2.979283    33.4141    26.6754 0.0000e+00
       3863     -0.847     2.3325   2.974810    33.3577    26.6302 0.0000e+00
       3864     -0.811     2.3327   2.983853    33.4696    26.7196 0.0000e+00
       3865     -0.763     2.3330   2.992485    33.5762    26.8050 0.0000e+00
       3866     -0.745     2.3333   2.987178    33.5101    26.7520 0.0000e+00
       3867     -0.771     2.3336   2.954965    33.1107    26.4325 0.0000e+00
       3868     -0.813     2.3341   2.935200    32.8657    26.2365 0.0000e+00
       3869     -0.846     2.3344   2.968167    33.2734    26.5626 0.0000e+00
       3870     -0.863     2.3339   2.993481    33.5877    26.8141 0.0000e+00
       3871     -0.860     2.3321   2.991975    33.5709    26.8008 0.0000e+00
       3872     -0.854     2.3295   2.993124    33.5879    26.8146 0.0000e+00
       3873     -0.865     2.3268   2.994360    33.6061    26.8294 0.0000e+00
       3874     -0.889     2.3241   2.994178    33.6067    26.8301 0.0000e+00
       3875     -0.900     2.3220   2.977566    33.4029    26.6672 0.0000e+00
       3876     -0.883     2.3208   2.782227    30.9943    24.7410 0.0000e+00
       3877     -0.862     2.3202   2.341094    25.6405    20.4639 0.0000e+00
       3878     -0.871     2.3198   2.117796    22.9779    18.3385 0.0000e+00
       3879     -0.912     2.3188   2.101807    22.7892    18.1879 0.0000e+00
       3880     -0.956     2.3180   1.702785    18.1188    14.4614 0.0000e+00
       3881     -0.977     2.3179   1.135414    11.6817     9.3243 0.0000e+00
       3882     -0.981     2.3179   0.844557     8.4927     6.7763 0.0000e+00
       3883     -0.980     2.3181   0.631479     6.2166     4.9550 0.0000e+00
       3884     -0.979     2.3182   0.290997     2.7227     2.1515 0.0000e+00
       3885     -0.978     2.3184   0.050297     0.4310     0.3024 0.0000e+00
       3886     -0.981     2.3188   0.002284     0.0169    -0.0338 0.0000e+00
       3887     -0.988     2.3192   0.000051     0.0001    -0.0474 0.0000e+00
       3888     -0.998     2.3194   0.000071     0.0002    -0.0473 0.0000e+00
       3889     -1.006     2.3196   0.000090     0.0003    -0.0472 0.0000e+00
       3890     -1.008     2.3198   0.000091     0.0003    -0.0472 0.0000e+00
       3891     -1.006     2.3198   0.000090     0.0003    -0.0472 0.0000e+00
       3892     -1.004     2.3199   0.000090     0.0003    -0.0472 0.0000e+00
       3893     -1.004     2.3201   0.000092     0.0003    -0.0472 0.0000e+00
       3894     -1.004     2.3201   0.000091     0.0003    -0.0472 0.0000e+00
       3895     -1.007     2.3201   0.000085     0.0003    -0.0473 0.0000e+00
       3896     -1.012     2.3201   0.000083     0.0003    -0.0473 0.0000e+00
       3897     -1.013     2.3201   0.000084     0.0003    -0.0473 0.0000e+00
