Datasets/Multi_Species/TEL214/tel214_2020_024.cnv
* Sea-Bird SBE19plus Data File:
* Filename = C:/AQUIRE/tel214_2020_024.hex
* Software Version AquireV2 AF V2.0
* Temperature SN =  7853
* Conductivity SN =  7853
* System UpLoad Time = Nov 14 2020 12:54:42
* <ApplicationData>
* <AQUIREV2>
** VESSEL/TRIP/SEQ STN: tel214_2020_024
** LATITUDE: 54 00.56 N
** LONGITUDE: 53 49.78 W
** DATE/TIME: 2020-11-14 11:51
** SOUNDING DEPTH (M): 0208
** PROBE TYPE: S7853
** CTD NUMBER:  24
** COMMENTS: 
# nquan = 7                                 
# nvalues = 3679                        
# units = specified
# name 0 = scan: Scan Count
# name 1 = prdM: Pressure, Strain Gauge [db]
# name 2 = tv290C: Temperature [ITS-90, deg C]
# name 3 = c0S/m: Conductivity [S/m]
# name 4 = sal00: Salinity, Practical [PSU]
# name 5 = sigma-t00: Density [sigma-t, kg/m^3 ]
# name 6 = flag: flag
# span 0 =          1,       3679       
# span 1 =     -1.080,    205.346       
# span 2 =    -1.4151,     3.2073       
# span 3 =   0.000055,   3.124016       
# span 4 =    -0.0026,    34.1531       
# span 5 =    -0.2721,    27.1908       
# span 6 = 0.0000e+00, 0.0000e+00       
# interval = seconds: 1
# start_time = Nov 14 2020 11:51:18 [Instrument's time stamp, header]
# bad_flag = -9.990e-29
*END*
[from data line 1642]
       1643     72.759     0.9194   2.803301    32.6364    26.1498 0.0000e+00
       1644     73.260     0.9200   2.803402    32.6368    26.1501 0.0000e+00
       1645     73.745     0.9204   2.803485    32.6372    26.1504 0.0000e+00
       1646     74.224     0.9207   2.803560    32.6376    26.1507 0.0000e+00
       1647     74.707     0.9211   2.803636    32.6378    26.1509 0.0000e+00
       1648     75.203     0.9214   2.803715    32.6383    26.1512 0.0000e+00
       1649     75.717     0.9219   2.803807    32.6386    26.1515 0.0000e+00
       1650     76.245     0.9224   2.803969    32.6399    26.1524 0.0000e+00
       1651     76.780     0.9234   2.804252    32.6422    26.1542 0.0000e+00
       1652     77.316     0.9248   2.804646    32.6454    26.1568 0.0000e+00
       1653     77.845     0.9266   2.805091    32.6490    26.1595 0.0000e+00
       1654     78.353     0.9285   2.805557    32.6527    26.1624 0.0000e+00
       1655     78.836     0.9303   2.806089    32.6573    26.1660 0.0000e+00
       1656     79.308     0.9320   2.806759    32.6639    26.1712 0.0000e+00
       1657     79.785     0.9336   2.807627    32.6731    26.1785 0.0000e+00
       1658     80.277     0.9354   2.808649    32.6840    26.1871 0.0000e+00
       1659     80.787     0.9371   2.809808    32.6968    26.1973 0.0000e+00
       1660     81.311     0.9387   2.811331    32.7144    26.2114 0.0000e+00
       1661     81.839     0.9403   2.813163    32.7359    26.2286 0.0000e+00
       1662     82.365     0.9416   2.814750    32.7546    26.2435 0.0000e+00
       1663     82.893     0.9426   2.815775    32.7664    26.2530 0.0000e+00
       1664     83.422     0.9429   2.816506    32.7752    26.2600 0.0000e+00
       1665     83.944     0.9431   2.817259    32.7843    26.2673 0.0000e+00
       1666     84.457     0.9432   2.817992    32.7933    26.2746 0.0000e+00
       1667     84.964     0.9428   2.818569    32.8009    26.2807 0.0000e+00
       1668     85.470     0.9423   2.819007    32.8067    26.2854 0.0000e+00
       1669     85.981     0.9412   2.819465    32.8135    26.2909 0.0000e+00
       1670     86.500     0.9397   2.820025    32.8220    26.2978 0.0000e+00
       1671     87.030     0.9376   2.820576    32.8309    26.3052 0.0000e+00
       1672     87.566     0.9351   2.821085    32.8398    26.3125 0.0000e+00
       1673     88.103     0.9318   2.821580    32.8494    26.3203 0.0000e+00
       1674     88.634     0.9275   2.821986    32.8588    26.3282 0.0000e+00
       1675     89.154     0.9228   2.822266    32.8671    26.3351 0.0000e+00
       1676     89.666     0.9186   2.822451    32.8736    26.3406 0.0000e+00
       1677     90.175     0.9153   2.822591    32.8786    26.3448 0.0000e+00
       1678     90.678     0.9122   2.822735    32.8834    26.3489 0.0000e+00
       1679     91.165     0.9090   2.822865    32.8882    26.3529 0.0000e+00
       1680     91.639     0.9066   2.822953    32.8916    26.3558 0.0000e+00
       1681     92.119     0.9053   2.823040    32.8938    26.3577 0.0000e+00
       1682     92.626     0.9044   2.823183    32.8964    26.3597 0.0000e+00
       1683     93.170     0.9033   2.823428    32.9004    26.3630 0.0000e+00
       1684     93.745     0.9027   2.823842    32.9060    26.3676 0.0000e+00
       1685     94.326     0.9044   2.824508    32.9124    26.3727 0.0000e+00
       1686     94.892     0.9087   2.825400    32.9190    26.3777 0.0000e+00
       1687     95.445     0.9145   2.826270    32.9237    26.3812 0.0000e+00
       1688     95.990     0.9204   2.826961    32.9260    26.3827 0.0000e+00
       1689     96.536     0.9258   2.827551    32.9276    26.3836 0.0000e+00
       1690     97.092     0.9307   2.828068    32.9287    26.3842 0.0000e+00
       1691     97.656     0.9352   2.828510    32.9293    26.3844 0.0000e+00
       1692     98.228     0.9389   2.828928    32.9304    26.3851 0.0000e+00
       1693     98.808     0.9425   2.829403    32.9324    26.3864 0.0000e+00
       1694     99.393     0.9465   2.829955    32.9349    26.3882 0.0000e+00
       1695     99.982     0.9511   2.830513    32.9369    26.3895 0.0000e+00
       1696    100.575     0.9562   2.831058    32.9381    26.3902 0.0000e+00
       1697    101.168     0.9607   2.831543    32.9393    26.3909 0.0000e+00
       1698    101.752     0.9645   2.831969    32.9404    26.3915 0.0000e+00
       1699    102.325     0.9681   2.832425    32.9421    26.3927 0.0000e+00
       1700    102.893     0.9721   2.832880    32.9434    26.3935 0.0000e+00
       1701    103.461     0.9755   2.833240    32.9440    26.3938 0.0000e+00
       1702    104.034     0.9781   2.833540    32.9448    26.3943 0.0000e+00
       1703    104.617     0.9804   2.833866    32.9462    26.3953 0.0000e+00
       1704    105.208     0.9826   2.834240    32.9484    26.3969 0.0000e+00
       1705    105.805     0.9847   2.834574    32.9501    26.3981 0.0000e+00
       1706    106.409     0.9864   2.834830    32.9512    26.3989 0.0000e+00
       1707    107.021     0.9880   2.835167    32.9535    26.4007 0.0000e+00
       1708    107.634     0.9903   2.835660    32.9570    26.4034 0.0000e+00
       1709    108.243     0.9933   2.836179    32.9602    26.4057 0.0000e+00
       1710    108.843     0.9967   2.836722    32.9632    26.4079 0.0000e+00
       1711    109.435     1.0002   2.837445    32.9684    26.4119 0.0000e+00
       1712    110.021     1.0041   2.838253    32.9743    26.4164 0.0000e+00
       1713    110.602     1.0076   2.838893    32.9785    26.4195 0.0000e+00
       1714    111.185     1.0103   2.839401    32.9818    26.4220 0.0000e+00
       1715    111.780     1.0123   2.839871    32.9854    26.4248 0.0000e+00
       1716    112.390     1.0146   2.840299    32.9881    26.4268 0.0000e+00
       1717    113.008     1.0173   2.840702    32.9900    26.4282 0.0000e+00
       1718    113.629     1.0200   2.841097    32.9919    26.4295 0.0000e+00
       1719    114.248     1.0221   2.841474    32.9941    26.4312 0.0000e+00
       1720    114.864     1.0239   2.841862    32.9968    26.4333 0.0000e+00
       1721    115.477     1.0261   2.842339    33.0003    26.4359 0.0000e+00
       1722    116.082     1.0288   2.842838    33.0035    26.4383 0.0000e+00
       1723    116.677     1.0315   2.843268    33.0058    26.4400 0.0000e+00
       1724    117.262     1.0335   2.843629    33.0079    26.4416 0.0000e+00
       1725    117.846     1.0352   2.843947    33.0099    26.4431 0.0000e+00
       1726    118.433     1.0368   2.844217    33.0113    26.4441 0.0000e+00
       1727    119.021     1.0382   2.844474    33.0128    26.4452 0.0000e+00
       1728    119.608     1.0398   2.844754    33.0143    26.4464 0.0000e+00
       1729    120.189     1.0416   2.845013    33.0154    26.4471 0.0000e+00
       1730    120.765     1.0430   2.845223    33.0163    26.4478 0.0000e+00
       1731    121.339     1.0440   2.845464    33.0180    26.4491 0.0000e+00
       1732    121.912     1.0455   2.845809    33.0205    26.4510 0.0000e+00
       1733    122.490     1.0477   2.846178    33.0226    26.4525 0.0000e+00
       1734    123.075     1.0501   2.846582    33.0249    26.4542 0.0000e+00
       1735    123.664     1.0528   2.847187    33.0294    26.4577 0.0000e+00
       1736    124.259     1.0566   2.848065    33.0363    26.4630 0.0000e+00
       1737    124.864     1.0622   2.849297    33.0458    26.4703 0.0000e+00
       1738    125.479     1.0702   2.850903    33.0575    26.4792 0.0000e+00
       1739    126.098     1.0801   2.852818    33.0712    26.4895 0.0000e+00
       1740    126.719     1.0924   2.855440    33.0913    26.5050 0.0000e+00
       1741    127.340     1.1115   2.859194    33.1187    26.5258 0.0000e+00
       1742    127.954     1.1382   2.863335    33.1429    26.5436 0.0000e+00
       1743    128.561     1.1659   2.866643    33.1554    26.5518 0.0000e+00
       1744    129.165     1.1881   2.868922    33.1606    26.5546 0.0000e+00
       1745    129.771     1.2041   2.870741    33.1665    26.5583 0.0000e+00
       1746    130.387     1.2161   2.872249    33.1726    26.5624 0.0000e+00
       1747    131.017     1.2267   2.873614    33.1784    26.5664 0.0000e+00
       1748    131.663     1.2387   2.875490    33.1892    26.5743 0.0000e+00
       1749    132.318     1.2540   2.877730    33.2011    26.5829 0.0000e+00
       1750    132.969     1.2706   2.879631    33.2074    26.5868 0.0000e+00
       1751    133.609     1.2836   2.880922    33.2096    26.5878 0.0000e+00
       1752    134.240     1.2914   2.881763    33.2117    26.5889 0.0000e+00
       1753    134.871     1.2958   2.882335    33.2140    26.5904 0.0000e+00
       1754    135.512     1.2990   2.882821    33.2164    26.5922 0.0000e+00
       1755    136.160     1.3021   2.883660    33.2234    26.5976 0.0000e+00
       1756    136.810     1.3073   2.884853    33.2327    26.6047 0.0000e+00
       1757    137.459     1.3146   2.885888    33.2377    26.6083 0.0000e+00
       1758    138.108     1.3208   2.886626    33.2402    26.6098 0.0000e+00
       1759    138.763     1.3253   2.887438    33.2454    26.6137 0.0000e+00
       1760    139.431     1.3306   2.888578    33.2538    26.6202 0.0000e+00
       1761    140.112     1.3389   2.889979    33.2625    26.6265 0.0000e+00
       1762    140.793     1.3510   2.891579    33.2696    26.6314 0.0000e+00
       1763    141.460     1.3655   2.893260    33.2751    26.6349 0.0000e+00
       1764    142.105     1.3792   2.894856    33.2805    26.6383 0.0000e+00
       1765    142.733     1.3908   2.896293    33.2861    26.6420 0.0000e+00
       1766    143.356     1.4006   2.897494    33.2905    26.6449 0.0000e+00
       1767    143.991     1.4081   2.898488    33.2948    26.6479 0.0000e+00
       1768    144.642     1.4146   2.899577    33.3014    26.6527 0.0000e+00
       1769    145.309     1.4229   2.900886    33.3088    26.6581 0.0000e+00
       1770    145.987     1.4333   2.902181    33.3138    26.6614 0.0000e+00
       1771    146.674     1.4427   2.903314    33.3178    26.6640 0.0000e+00
       1772    147.371     1.4506   2.904387    33.3226    26.6673 0.0000e+00
       1773    148.071     1.4596   2.905684    33.3291    26.6719 0.0000e+00
       1774    148.760     1.4717   2.907258    33.3358    26.6764 0.0000e+00
       1775    149.427     1.4849   2.908785    33.3407    26.6795 0.0000e+00
       1776    150.079     1.4962   2.910047    33.3444    26.6816 0.0000e+00
       1777    150.727     1.5043   2.911048    33.3481    26.6840 0.0000e+00
       1778    151.386     1.5093   2.911731    33.3510    26.6861 0.0000e+00
       1779    152.066     1.5122   2.912297    33.3547    26.6888 0.0000e+00
       1780    152.766     1.5152   2.913099    33.3613    26.6939 0.0000e+00
       1781    153.481     1.5201   2.914118    33.3686    26.6994 0.0000e+00
       1782    154.207     1.5263   2.915246    33.3759    26.7048 0.0000e+00
       1783    154.939     1.5325   2.916457    33.3842    26.7111 0.0000e+00
       1784    155.669     1.5390   2.917838    33.3943    26.7188 0.0000e+00
       1785    156.380     1.5469   2.919472    33.4062    26.7277 0.0000e+00
       1786    157.058     1.5566   2.921280    33.4184    26.7368 0.0000e+00
       1787    157.705     1.5682   2.923140    33.4292    26.7447 0.0000e+00
       1788    158.335     1.5808   2.924921    33.4379    26.7508 0.0000e+00
       1789    158.959     1.5921   2.926374    33.4439    26.7548 0.0000e+00
       1790    159.582     1.5999   2.927263    33.4465    26.7563 0.0000e+00
       1791    160.207     1.6040   2.927834    33.4490    26.7581 0.0000e+00
       1792    160.829     1.6062   2.928455    33.4541    26.7620 0.0000e+00
       1793    161.443     1.6079   2.929110    33.4603    26.7668 0.0000e+00
       1794    162.055     1.6099   2.929783    33.4663    26.7715 0.0000e+00
       1795    162.677     1.6131   2.930602    33.4729    26.7766 0.0000e+00
       1796    163.312     1.6178   2.931715    33.4816    26.7832 0.0000e+00
       1797    163.951     1.6253   2.933413    33.4946    26.7932 0.0000e+00
       1798    164.573     1.6375   2.935557    33.5084    26.8033 0.0000e+00
       1799    165.161     1.6534   2.937698    33.5181    26.8100 0.0000e+00
       1800    165.706     1.6714   2.940008    33.5278    26.8165 0.0000e+00
       1801    166.211     1.6926   2.942767    33.5397    26.8245 0.0000e+00
       1802    166.684     1.7156   2.945583    33.5504    26.8314 0.0000e+00
       1803    167.133     1.7362   2.947927    33.5578    26.8358 0.0000e+00
       1804    167.574     1.7525   2.949965    33.5658    26.8411 0.0000e+00
       1805    168.011     1.7676   2.952173    33.5773    26.8492 0.0000e+00
       1806    168.430     1.7854   2.954504    33.5874    26.8560 0.0000e+00
       1807    168.827     1.8039   2.956533    33.5930    26.8591 0.0000e+00
       1808    169.207     1.8197   2.958296    33.5981    26.8621 0.0000e+00
       1809    169.565     1.8339   2.959878    33.6027    26.8647 0.0000e+00
       1810    169.890     1.8459   2.960959    33.6033    26.8643 0.0000e+00
       1811    170.183     1.8539   2.961612    33.6028    26.8633 0.0000e+00
       1812    170.456     1.8592   2.962183    33.6042    26.8640 0.0000e+00
       1813    170.717     1.8631   2.962737    33.6069    26.8659 0.0000e+00
       1814    170.966     1.8662   2.963231    33.6096    26.8678 0.0000e+00
       1815    171.204     1.8689   2.963701    33.6125    26.8699 0.0000e+00
       1816    171.434     1.8713   2.964136    33.6153    26.8720 0.0000e+00
       1817    171.653     1.8738   2.964466    33.6166    26.8729 0.0000e+00
       1818    171.860     1.8767   2.964731    33.6168    26.8728 0.0000e+00
       1819    172.060     1.8800   2.965010    33.6166    26.8724 0.0000e+00
       1820    172.255     1.8834   2.965296    33.6165    26.8721 0.0000e+00
       1821    172.448     1.8865   2.965565    33.6165    26.8718 0.0000e+00
       1822    172.640     1.8895   2.965898    33.6173    26.8723 0.0000e+00
       1823    172.829     1.8930   2.966396    33.6198    26.8740 0.0000e+00
       1824    173.016     1.8977   2.966984    33.6220    26.8754 0.0000e+00
       1825    173.200     1.9031   2.967507    33.6227    26.8756 0.0000e+00
       1826    173.374     1.9084   2.967987    33.6230    26.8754 0.0000e+00
       1827    173.535     1.9128   2.968538    33.6252    26.8768 0.0000e+00
       1828    173.691     1.9169   2.969082    33.6275    26.8784 0.0000e+00
       1829    173.851     1.9212   2.969544    33.6287    26.8790 0.0000e+00
       1830    174.018     1.9251   2.970035    33.6306    26.8802 0.0000e+00
       1831    174.193     1.9288   2.970591    33.6335    26.8823 0.0000e+00
       1832    174.375     1.9327   2.971129    33.6360    26.8840 0.0000e+00
       1833    174.559     1.9367   2.971538    33.6368    26.8843 0.0000e+00
       1834    174.742     1.9394   2.971786    33.6369    26.8842 0.0000e+00
       1835    174.928     1.9405   2.971943    33.6376    26.8847 0.0000e+00
       1836    175.127     1.9402   2.972015    33.6387    26.8856 0.0000e+00
       1837    175.337     1.9391   2.971964    33.6391    26.8860 0.0000e+00
       1838    175.542     1.9375   2.971792    33.6385    26.8857 0.0000e+00
       1839    175.725     1.9358   2.971591    33.6377    26.8851 0.0000e+00
       1840    175.887     1.9339   2.971428    33.6376    26.8852 0.0000e+00
       1841    176.045     1.9319   2.971301    33.6381    26.8857 0.0000e+00
       1842    176.215     1.9302   2.971213    33.6387    26.8863 0.0000e+00
       1843    176.409     1.9289   2.971182    33.6395    26.8871 0.0000e+00
       1844    176.632     1.9280   2.971255    33.6413    26.8886 0.0000e+00
       1845    176.872     1.9274   2.971442    33.6441    26.8909 0.0000e+00
       1846    177.109     1.9277   2.971691    33.6468    26.8930 0.0000e+00
