Datasets/Multi_Species/TEL214/tel214_2020_033.cnv
* Sea-Bird SBE19plus Data File:
* Filename = C:/AQUIRE/tel214_2020_033.hex
* Software Version AquireV2 AF V2.0
* Temperature SN =  7853
* Conductivity SN =  7853
* System UpLoad Time = Nov 15 2020 19:15:47
* <ApplicationData>
* <AQUIREV2>
** VESSEL/TRIP/SEQ STN: tel214_2020_033
** LATITUDE: 52 58.89 N
** LONGITUDE: 51 57.42 W
** DATE/TIME: 2020-11-15 16:40
** SOUNDING DEPTH (M): 0603
** PROBE TYPE: S7853
** CTD NUMBER: 033
** COMMENTS: 
# nquan = 7                                 
# nvalues = 4553                        
# units = specified
# name 0 = scan: Scan Count
# name 1 = prdM: Pressure, Strain Gauge [db]
# name 2 = tv290C: Temperature [ITS-90, deg C]
# name 3 = c0S/m: Conductivity [S/m]
# name 4 = sal00: Salinity, Practical [PSU]
# name 5 = sigma-t00: Density [sigma-t, kg/m^3 ]
# name 6 = flag: flag
# span 0 =          1,       4553       
# span 1 =     -1.036,    613.601       
# span 2 =     1.5575,     3.9956       
# span 3 =  -0.000320,   3.256303       
# span 4 =    -0.0005,    34.8258       
# span 5 =    -0.0733,    27.6710       
# span 6 = 0.0000e+00, 0.0000e+00       
# interval = seconds: 1
# start_time = Nov 15 2020 16:40:30 [Instrument's time stamp, header]
# bad_flag = -9.990e-29
*END*
[from data line 4103]
       4104     -1.002     1.7948   0.000087    -0.0001    -0.0642 0.0000e+00
       4105     -1.002     1.7941   0.000086    -0.0001    -0.0642 0.0000e+00
       4106     -1.002     1.7935   0.000087    -0.0001    -0.0642 0.0000e+00
       4107     -1.003     1.7927   0.000088    -0.0001    -0.0643 0.0000e+00
       4108     -1.004     1.7919   0.000088    -0.0001    -0.0643 0.0000e+00
       4109     -1.006     1.7913   0.000089    -0.0001    -0.0643 0.0000e+00
       4110     -1.006     1.7907   0.000090    -0.0001    -0.0643 0.0000e+00
       4111     -1.006     1.7901   0.000090    -0.0001    -0.0644 0.0000e+00
       4112     -1.004     1.7895   0.000091    -0.0001    -0.0644 0.0000e+00
       4113     -1.000     1.7889   0.000091    -0.0001    -0.0644 0.0000e+00
       4114     -0.997     1.7883   0.000091    -0.0001    -0.0644 0.0000e+00
       4115     -0.995     1.7879   0.000091    -0.0001    -0.0644 0.0000e+00
       4116     -0.994     1.7873   0.000090    -0.0001    -0.0645 0.0000e+00
       4117     -0.997     1.7867   0.000091    -0.0001    -0.0645 0.0000e+00
       4118     -1.000     1.7861   0.000092    -0.0000    -0.0645 0.0000e+00
       4119     -1.001     1.7856   0.000092    -0.0000    -0.0645 0.0000e+00
       4120     -1.001     1.7850   0.000092    -0.0000    -0.0645 0.0000e+00
       4121     -1.000     1.7845   0.000092    -0.0000    -0.0646 0.0000e+00
       4122     -1.000     1.7841   0.000092    -0.0000    -0.0646 0.0000e+00
       4123     -1.001     1.7837   0.000094    -0.0000    -0.0646 0.0000e+00
       4124     -1.000     1.7832   0.000092    -0.0001    -0.0646 0.0000e+00
       4125     -0.999     1.7826   0.000092    -0.0001    -0.0646 0.0000e+00
       4126     -1.001     1.7822   0.000093    -0.0000    -0.0646 0.0000e+00
       4127     -1.004     1.7818   0.000093    -0.0000    -0.0647 0.0000e+00
       4128     -1.004     1.7814   0.000095    -0.0000    -0.0647 0.0000e+00
       4129     -1.001     1.7809   0.000096    -0.0000    -0.0647 0.0000e+00
       4130     -0.999     1.7805   0.000095    -0.0000    -0.0647 0.0000e+00
       4131     -1.001     1.7801   0.000095    -0.0000    -0.0647 0.0000e+00
       4132     -1.005     1.7797   0.000098    -0.0000    -0.0647 0.0000e+00
       4133     -1.004     1.7795   0.000099    -0.0000    -0.0647 0.0000e+00
       4134     -0.999     1.7792   0.000098    -0.0000    -0.0648 0.0000e+00
       4135     -0.997     1.7788   0.000097    -0.0000    -0.0648 0.0000e+00
       4136     -0.998     1.7784   0.000099    -0.0000    -0.0648 0.0000e+00
       4137     -1.000     1.7780   0.000099    -0.0000    -0.0648 0.0000e+00
       4138     -1.001     1.7777   0.000100    -0.0000    -0.0648 0.0000e+00
       4139     -1.000     1.7774   0.000099    -0.0000    -0.0648 0.0000e+00
       4140     -0.998     1.7771   0.000100    -0.0000    -0.0648 0.0000e+00
       4141     -0.996     1.7767   0.000100    -0.0000    -0.0648 0.0000e+00
       4142     -0.995     1.7764   0.000100    -0.0000    -0.0649 0.0000e+00
       4143     -0.998     1.7761   0.000101 -1.444e-07    -0.0649 0.0000e+00
       4144     -1.002     1.7759   0.000100    -0.0000    -0.0649 0.0000e+00
       4145     -1.002     1.7757   0.000101 -4.401e-07    -0.0649 0.0000e+00
       4146     -0.999     1.7755   0.000100    -0.0000    -0.0649 0.0000e+00
       4147     -0.995     1.7752   0.000099    -0.0000    -0.0649 0.0000e+00
       4148     -0.991     1.7749   0.000099    -0.0000    -0.0649 0.0000e+00
       4149     -0.991     1.7746   0.000099    -0.0000    -0.0649 0.0000e+00
       4150     -0.994     1.7744   0.000100    -0.0000    -0.0649 0.0000e+00
       4151     -0.996     1.7742   0.000100    -0.0000    -0.0649 0.0000e+00
       4152     -0.997     1.7740   0.000101    -0.0000    -0.0649 0.0000e+00
       4153     -0.997     1.7738   0.000103     0.0000    -0.0649 0.0000e+00
       4154     -0.996     1.7736   0.000104     0.0000    -0.0649 0.0000e+00
       4155     -0.997     1.7734   0.000102     0.0000    -0.0650 0.0000e+00
       4156     -1.001     1.7731   0.000102     0.0000    -0.0650 0.0000e+00
       4157     -1.003     1.7729   0.000103     0.0000    -0.0650 0.0000e+00
       4158     -1.001     1.7728   0.000102     0.0000    -0.0650 0.0000e+00
       4159     -0.999     1.7727   0.000102     0.0000    -0.0650 0.0000e+00
       4160     -0.999     1.7725   0.000103     0.0000    -0.0650 0.0000e+00
       4161     -0.999     1.7723   0.000104     0.0000    -0.0650 0.0000e+00
       4162     -1.000     1.7720   0.000104     0.0000    -0.0650 0.0000e+00
       4163     -1.002     1.7718   0.000104     0.0000    -0.0650 0.0000e+00
       4164     -1.002     1.7717   0.000105     0.0000    -0.0650 0.0000e+00
       4165     -1.001     1.7717   0.000106     0.0000    -0.0650 0.0000e+00
       4166     -0.997     1.7717   0.000105     0.0000    -0.0650 0.0000e+00
       4167     -0.992     1.7715   0.000104     0.0000    -0.0650 0.0000e+00
       4168     -0.990     1.7713   0.000105     0.0000    -0.0650 0.0000e+00
       4169     -0.991     1.7711   0.000104     0.0000    -0.0650 0.0000e+00
       4170     -0.995     1.7710   0.000103     0.0000    -0.0650 0.0000e+00
       4171     -0.997     1.7709   0.000103     0.0000    -0.0650 0.0000e+00
       4172     -0.998     1.7708   0.000104     0.0000    -0.0650 0.0000e+00
       4173     -0.998     1.7707   0.000104     0.0000    -0.0650 0.0000e+00
       4174     -0.997     1.7706   0.000105     0.0000    -0.0650 0.0000e+00
       4175     -0.995     1.7704   0.000106     0.0000    -0.0651 0.0000e+00
       4176     -0.992     1.7703   0.000105     0.0000    -0.0651 0.0000e+00
       4177     -0.992     1.7702   0.000104     0.0000    -0.0651 0.0000e+00
       4178     -0.996     1.7702   0.000106     0.0000    -0.0651 0.0000e+00
       4179     -1.000     1.7701   0.000108     0.0000    -0.0651 0.0000e+00
       4180     -1.002     1.7700   0.000108     0.0000    -0.0651 0.0000e+00
       4181     -1.002     1.7698   0.000106     0.0000    -0.0651 0.0000e+00
       4182     -1.002     1.7698   0.000107     0.0000    -0.0651 0.0000e+00
       4183     -1.005     1.7698   0.000105     0.0000    -0.0651 0.0000e+00
       4184     -1.005     1.7698   0.000106     0.0000    -0.0651 0.0000e+00
       4185     -1.002     1.7698   0.000106     0.0000    -0.0651 0.0000e+00
       4186     -1.001     1.7697   0.000106     0.0000    -0.0651 0.0000e+00
       4187     -1.000     1.7696   0.000106     0.0000    -0.0651 0.0000e+00
       4188     -0.998     1.7696   0.000106     0.0000    -0.0651 0.0000e+00
       4189     -0.998     1.7695   0.000106     0.0000    -0.0651 0.0000e+00
       4190     -0.999     1.7695   0.000106     0.0000    -0.0651 0.0000e+00
       4191     -0.997     1.7694   0.000106     0.0000    -0.0651 0.0000e+00
       4192     -0.997     1.7694   0.000107     0.0000    -0.0651 0.0000e+00
       4193     -0.998     1.7693   0.000108     0.0000    -0.0651 0.0000e+00
       4194     -0.998     1.7693   0.000107     0.0000    -0.0651 0.0000e+00
       4195     -0.996     1.7693   0.000106     0.0000    -0.0651 0.0000e+00
       4196     -0.995     1.7692   0.000106     0.0000    -0.0651 0.0000e+00
       4197     -0.995     1.7692   0.000107     0.0000    -0.0651 0.0000e+00
       4198     -0.995     1.7692   0.000108     0.0000    -0.0651 0.0000e+00
       4199     -0.992     1.7691   0.000109     0.0000    -0.0651 0.0000e+00
       4200     -0.990     1.7691   0.000108     0.0000    -0.0651 0.0000e+00
       4201     -0.992     1.7691   0.000107     0.0000    -0.0651 0.0000e+00
       4202     -0.996     1.7689   0.000107     0.0000    -0.0651 0.0000e+00
       4203     -0.998     1.7689   0.000110     0.0001    -0.0651 0.0000e+00
       4204     -0.999     1.7689   0.000110     0.0001    -0.0651 0.0000e+00
       4205     -0.999     1.7689   0.000108     0.0000    -0.0651 0.0000e+00
       4206     -0.999     1.7689   0.000107     0.0000    -0.0651 0.0000e+00
       4207     -0.999     1.7689   0.000107     0.0000    -0.0651 0.0000e+00
       4208     -0.999     1.7689   0.000106     0.0000    -0.0651 0.0000e+00
       4209     -0.999     1.7689   0.000107     0.0000    -0.0651 0.0000e+00
       4210     -0.999     1.7689   0.000107     0.0000    -0.0651 0.0000e+00
       4211     -0.998     1.7688   0.000107     0.0000    -0.0651 0.0000e+00
       4212     -0.996     1.7688   0.000107     0.0000    -0.0651 0.0000e+00
       4213     -0.994     1.7688   0.000107     0.0000    -0.0651 0.0000e+00
       4214     -0.994     1.7687   0.000107     0.0000    -0.0651 0.0000e+00
       4215     -0.994     1.7687   0.000106     0.0000    -0.0651 0.0000e+00
       4216     -0.994     1.7687   0.000107     0.0000    -0.0651 0.0000e+00
       4217     -0.995     1.7687   0.000108     0.0000    -0.0651 0.0000e+00
       4218     -0.996     1.7687   0.000109     0.0000    -0.0651 0.0000e+00
       4219     -0.996     1.7687   0.000108     0.0000    -0.0651 0.0000e+00
       4220     -0.995     1.7687   0.000108     0.0000    -0.0651 0.0000e+00
       4221     -0.996     1.7687   0.000109     0.0000    -0.0651 0.0000e+00
       4222     -0.997     1.7687   0.000110     0.0001    -0.0651 0.0000e+00
       4223     -0.996     1.7687   0.000110     0.0001    -0.0651 0.0000e+00
       4224     -0.995     1.7687   0.000110     0.0001    -0.0651 0.0000e+00
       4225     -0.996     1.7687   0.000109     0.0000    -0.0651 0.0000e+00
       4226     -0.998     1.7687   0.000108     0.0000    -0.0651 0.0000e+00
       4227     -0.999     1.7687   0.000108     0.0000    -0.0651 0.0000e+00
       4228     -0.999     1.7687   0.000109     0.0000    -0.0651 0.0000e+00
       4229     -0.998     1.7687   0.000110     0.0001    -0.0651 0.0000e+00
       4230     -0.996     1.7687   0.000110     0.0001    -0.0651 0.0000e+00
       4231     -0.993     1.7687   0.000110     0.0001    -0.0651 0.0000e+00
       4232     -0.993     1.7687   0.000108     0.0000    -0.0651 0.0000e+00
       4233     -0.996     1.7687   0.000107     0.0000    -0.0651 0.0000e+00
       4234     -0.999     1.7687   0.000107     0.0000    -0.0651 0.0000e+00
       4235     -1.000     1.7687   0.000109     0.0000    -0.0651 0.0000e+00
       4236     -1.000     1.7686   0.000110     0.0001    -0.0651 0.0000e+00
       4237     -1.001     1.7685   0.000108     0.0000    -0.0651 0.0000e+00
       4238     -1.002     1.7685   0.000108     0.0000    -0.0651 0.0000e+00
       4239     -1.004     1.7686   0.000110     0.0001    -0.0651 0.0000e+00
       4240     -1.005     1.7687   0.000109     0.0000    -0.0651 0.0000e+00
       4241     -1.005     1.7687   0.000108     0.0000    -0.0651 0.0000e+00
       4242     -1.003     1.7686   0.000108     0.0000    -0.0651 0.0000e+00
       4243     -0.999     1.7685   0.000107     0.0000    -0.0651 0.0000e+00
       4244     -0.999     1.7685   0.000108     0.0000    -0.0651 0.0000e+00
       4245     -1.000     1.7685   0.000109     0.0000    -0.0651 0.0000e+00
       4246     -1.000     1.7685   0.000110     0.0001    -0.0651 0.0000e+00
       4247     -1.001     1.7685   0.000109     0.0000    -0.0651 0.0000e+00
       4248     -1.003     1.7685   0.000108     0.0000    -0.0651 0.0000e+00
       4249     -1.004     1.7685   0.000108     0.0000    -0.0651 0.0000e+00
       4250     -1.003     1.7685   0.000108     0.0000    -0.0651 0.0000e+00
       4251     -1.001     1.7684   0.000107     0.0000    -0.0651 0.0000e+00
       4252     -1.000     1.7683   0.000107     0.0000    -0.0651 0.0000e+00
       4253     -1.000     1.7683   0.000107     0.0000    -0.0651 0.0000e+00
       4254     -1.001     1.7683   0.000107     0.0000    -0.0651 0.0000e+00
       4255     -1.003     1.7683   0.000107     0.0000    -0.0651 0.0000e+00
       4256     -1.004     1.7683   0.000109     0.0000    -0.0651 0.0000e+00
       4257     -1.002     1.7683   0.000110     0.0001    -0.0651 0.0000e+00
       4258     -1.000     1.7683   0.000109     0.0000    -0.0651 0.0000e+00
       4259     -0.998     1.7683   0.000108     0.0000    -0.0651 0.0000e+00
       4260     -0.996     1.7683   0.000108     0.0000    -0.0651 0.0000e+00
       4261     -0.997     1.7683   0.000108     0.0000    -0.0651 0.0000e+00
       4262     -0.999     1.7683   0.000108     0.0000    -0.0651 0.0000e+00
       4263     -1.000     1.7683   0.000108     0.0000    -0.0651 0.0000e+00
       4264     -1.000     1.7683   0.000108     0.0000    -0.0651 0.0000e+00
       4265     -1.000     1.7683   0.000107     0.0000    -0.0651 0.0000e+00
       4266     -1.000     1.7683   0.000108     0.0000    -0.0651 0.0000e+00
       4267     -1.000     1.7682   0.000108     0.0000    -0.0651 0.0000e+00
       4268     -1.000     1.7681   0.000108     0.0000    -0.0651 0.0000e+00
       4269     -1.001     1.7682   0.000110     0.0001    -0.0651 0.0000e+00
       4270     -1.003     1.7683   0.000109     0.0000    -0.0651 0.0000e+00
       4271     -1.004     1.7683   0.000109     0.0000    -0.0651 0.0000e+00
       4272     -1.003     1.7683   0.000110     0.0001    -0.0651 0.0000e+00
       4273     -1.001     1.7683   0.000110     0.0001    -0.0651 0.0000e+00
       4274     -1.000     1.7683   0.000111     0.0001    -0.0651 0.0000e+00
       4275     -1.000     1.7683   0.000111     0.0001    -0.0651 0.0000e+00
       4276     -1.000     1.7683   0.000111     0.0001    -0.0651 0.0000e+00
       4277     -1.000     1.7683   0.000109     0.0000    -0.0651 0.0000e+00
       4278     -1.000     1.7683   0.000108     0.0000    -0.0651 0.0000e+00
       4279     -1.000     1.7683   0.000109     0.0000    -0.0651 0.0000e+00
       4280     -1.000     1.7683   0.000111     0.0001    -0.0651 0.0000e+00
       4281     -1.001     1.7683   0.000111     0.0001    -0.0651 0.0000e+00
       4282     -1.002     1.7683   0.000111     0.0001    -0.0651 0.0000e+00
       4283     -1.002     1.7684   0.000110     0.0001    -0.0651 0.0000e+00
       4284     -1.000     1.7685   0.000112     0.0001    -0.0651 0.0000e+00
       4285     -1.000     1.7685   0.000112     0.0001    -0.0651 0.0000e+00
       4286     -1.001     1.7685   0.000109     0.0000    -0.0651 0.0000e+00
       4287     -1.001     1.7685   0.000109     0.0000    -0.0651 0.0000e+00
       4288     -1.000     1.7685   0.000110     0.0001    -0.0651 0.0000e+00
       4289     -0.997     1.7686   0.000110     0.0001    -0.0651 0.0000e+00
       4290     -0.994     1.7687   0.000109     0.0000    -0.0651 0.0000e+00
       4291     -0.994     1.7687   0.000109     0.0000    -0.0651 0.0000e+00
       4292     -0.997     1.7687   0.000109     0.0000    -0.0651 0.0000e+00
       4293     -0.999     1.7687   0.000110     0.0001    -0.0651 0.0000e+00
       4294     -0.998     1.7688   0.000111     0.0001    -0.0651 0.0000e+00
       4295     -0.997     1.7689   0.000110     0.0001    -0.0651 0.0000e+00
       4296     -0.998     1.7689   0.000109     0.0000    -0.0651 0.0000e+00
       4297     -1.000     1.7689   0.000109     0.0000    -0.0651 0.0000e+00
       4298     -1.001     1.7691   0.000110     0.0001    -0.0651 0.0000e+00
       4299     -1.001     1.7693   0.000113     0.0001    -0.0651 0.0000e+00
       4300     -1.001     1.7694   0.000113     0.0001    -0.0651 0.0000e+00
       4301     -1.001     1.7696   0.000112     0.0001    -0.0650 0.0000e+00
       4302     -1.002     1.7698   0.000113     0.0001    -0.0650 0.0000e+00
       4303     -1.004     1.7700   0.000112     0.0001    -0.0650 0.0000e+00
       4304     -1.005     1.7702   0.000112     0.0001    -0.0650 0.0000e+00
       4305     -1.004     1.7703   0.000113     0.0001    -0.0650 0.0000e+00
       4306     -1.002     1.7705   0.000113     0.0001    -0.0650 0.0000e+00
       4307     -1.000     1.7707   0.000112     0.0001    -0.0650 0.0000e+00
