Datasets/Multi_Species/TEL214/tel214_2020_024.cnv
* Sea-Bird SBE19plus Data File:
* Filename = C:/AQUIRE/tel214_2020_024.hex
* Software Version AquireV2 AF V2.0
* Temperature SN =  7853
* Conductivity SN =  7853
* System UpLoad Time = Nov 14 2020 12:54:42
* <ApplicationData>
* <AQUIREV2>
** VESSEL/TRIP/SEQ STN: tel214_2020_024
** LATITUDE: 54 00.56 N
** LONGITUDE: 53 49.78 W
** DATE/TIME: 2020-11-14 11:51
** SOUNDING DEPTH (M): 0208
** PROBE TYPE: S7853
** CTD NUMBER:  24
** COMMENTS: 
# nquan = 7                                 
# nvalues = 3679                        
# units = specified
# name 0 = scan: Scan Count
# name 1 = prdM: Pressure, Strain Gauge [db]
# name 2 = tv290C: Temperature [ITS-90, deg C]
# name 3 = c0S/m: Conductivity [S/m]
# name 4 = sal00: Salinity, Practical [PSU]
# name 5 = sigma-t00: Density [sigma-t, kg/m^3 ]
# name 6 = flag: flag
# span 0 =          1,       3679       
# span 1 =     -1.080,    205.346       
# span 2 =    -1.4151,     3.2073       
# span 3 =   0.000055,   3.124016       
# span 4 =    -0.0026,    34.1531       
# span 5 =    -0.2721,    27.1908       
# span 6 = 0.0000e+00, 0.0000e+00       
# interval = seconds: 1
# start_time = Nov 14 2020 11:51:18 [Instrument's time stamp, header]
# bad_flag = -9.990e-29
*END*
[from data line 2462]
       2463    205.063     3.1171   3.114627    34.1330    27.1823 0.0000e+00
       2464    205.061     3.1178   3.114544    34.1312    27.1808 0.0000e+00
       2465    205.072     3.1170   3.114335    34.1295    27.1795 0.0000e+00
       2466    205.093     3.1161   3.114308    34.1301    27.1801 0.0000e+00
       2467    205.103     3.1170   3.114705    34.1340    27.1831 0.0000e+00
       2468    205.088     3.1203   3.115291    34.1376    27.1857 0.0000e+00
       2469    205.066     3.1239   3.115674    34.1385    27.1861 0.0000e+00
       2470    205.058     3.1262   3.115803    34.1376    27.1852 0.0000e+00
       2471    205.072     3.1273   3.115852    34.1371    27.1846 0.0000e+00
       2472    205.097     3.1281   3.115894    34.1367    27.1843 0.0000e+00
       2473    205.111     3.1283   3.115803    34.1354    27.1832 0.0000e+00
       2474    205.108     3.1273   3.115547    34.1333    27.1816 0.0000e+00
       2475    205.096     3.1256   3.115289    34.1320    27.1807 0.0000e+00
       2476    205.086     3.1239   3.115103    34.1316    27.1805 0.0000e+00
       2477    205.091     3.1223   3.114903    34.1308    27.1801 0.0000e+00
       2478    205.108     3.1204   3.114660    34.1299    27.1795 0.0000e+00
       2479    205.129     3.1184   3.114469    34.1297    27.1795 0.0000e+00
       2480    205.146     3.1174   3.114500    34.1311    27.1807 0.0000e+00
       2481    205.150     3.1182   3.114760    34.1334    27.1825 0.0000e+00
       2482    205.133     3.1199   3.114952    34.1339    27.1828 0.0000e+00
       2483    205.103     3.1208   3.114950    34.1330    27.1819 0.0000e+00
       2484    205.071     3.1209   3.114923    34.1326    27.1816 0.0000e+00
       2485    205.051     3.1208   3.114955    34.1331    27.1820 0.0000e+00
       2486    205.055     3.1210   3.115021    34.1336    27.1825 0.0000e+00
       2487    205.081     3.1215   3.115075    34.1338    27.1825 0.0000e+00
       2488    205.105     3.1219   3.115063    34.1332    27.1820 0.0000e+00
       2489    205.109     3.1217   3.114958    34.1321    27.1812 0.0000e+00
       2490    205.092     3.1208   3.114792    34.1311    27.1804 0.0000e+00
       2491    205.066     3.1198   3.114661    34.1305    27.1801 0.0000e+00
       2492    205.054     3.1191   3.114623    34.1308    27.1804 0.0000e+00
       2493    205.069     3.1189   3.114635    34.1312    27.1807 0.0000e+00
       2494    205.101     3.1189   3.114654    34.1314    27.1808 0.0000e+00
       2495    205.129     3.1189   3.114648    34.1313    27.1808 0.0000e+00
       2496    205.141     3.1187   3.114631    34.1313    27.1808 0.0000e+00
       2497    205.144     3.1188   3.114682    34.1318    27.1812 0.0000e+00
       2498    205.155     3.1199   3.114918    34.1335    27.1824 0.0000e+00
       2499    205.176     3.1224   3.115318    34.1357    27.1840 0.0000e+00
       2500    205.186     3.1252   3.115643    34.1367    27.1845 0.0000e+00
       2501    205.172     3.1273   3.115775    34.1361    27.1838 0.0000e+00
       2502    205.150     3.1283   3.115763    34.1349    27.1828 0.0000e+00
       2503    205.146     3.1283   3.115719    34.1344    27.1824 0.0000e+00
       2504    205.163     3.1282   3.115757    34.1349    27.1828 0.0000e+00
       2505    205.185     3.1286   3.115850    34.1356    27.1833 0.0000e+00
       2506    205.193     3.1291   3.115846    34.1350    27.1828 0.0000e+00
       2507    205.182     3.1288   3.115687    34.1334    27.1816 0.0000e+00
       2508    205.166     3.1279   3.115531    34.1325    27.1809 0.0000e+00
       2509    205.154     3.1270   3.115536    34.1335    27.1818 0.0000e+00
       2510    205.146     3.1271   3.115682    34.1352    27.1831 0.0000e+00
       2511    205.140     3.1280   3.115820    34.1359    27.1836 0.0000e+00
       2512    205.137     3.1289   3.115953    34.1366    27.1841 0.0000e+00
       2513    205.145     3.1302   3.116163    34.1377    27.1849 0.0000e+00
       2514    205.162     3.1319   3.116373    34.1385    27.1853 0.0000e+00
       2515    205.175     3.1333   3.116468    34.1381    27.1849 0.0000e+00
       2516    205.170     3.1338   3.116428    34.1371    27.1841 0.0000e+00
       2517    205.142     3.1336   3.116318    34.1360    27.1832 0.0000e+00
       2518    205.096     3.1330   3.116241    34.1358    27.1830 0.0000e+00
       2519    205.041     3.1326   3.116230    34.1361    27.1833 0.0000e+00
       2520    204.991     3.1323   3.116233    34.1365    27.1837 0.0000e+00
       2521    204.970     3.1322   3.116222    34.1364    27.1837 0.0000e+00
       2522    204.989     3.1323   3.116258    34.1368    27.1839 0.0000e+00
       2523    205.031     3.1326   3.116314    34.1371    27.1841 0.0000e+00
       2524    205.063     3.1326   3.116209    34.1358    27.1831 0.0000e+00
       2525    205.070     3.1315   3.115910    34.1333    27.1812 0.0000e+00
       2526    205.069     3.1294   3.115582    34.1316    27.1800 0.0000e+00
       2527    205.076     3.1273   3.115338    34.1308    27.1796 0.0000e+00
       2528    205.084     3.1260   3.115364    34.1325    27.1811 0.0000e+00
       2529    205.088     3.1267   3.115747    34.1364    27.1841 0.0000e+00
       2530    205.090     3.1294   3.116204    34.1391    27.1860 0.0000e+00
       2531    205.091     3.1326   3.116522    34.1396    27.1861 0.0000e+00
       2532    205.095     3.1348   3.116692    34.1393    27.1857 0.0000e+00
       2533    205.108     3.1361   3.116762    34.1388    27.1852 0.0000e+00
       2534    205.124     3.1368   3.116817    34.1387    27.1851 0.0000e+00
       2535    205.135     3.1376   3.116876    34.1386    27.1849 0.0000e+00
       2536    205.139     3.1380   3.116902    34.1385    27.1847 0.0000e+00
       2537    205.142     3.1383   3.116929    34.1385    27.1847 0.0000e+00
       2538    205.141     3.1384   3.116932    34.1384    27.1847 0.0000e+00
       2539    205.129     3.1383   3.116842    34.1374    27.1839 0.0000e+00
       2540    205.110     3.1378   3.116796    34.1374    27.1839 0.0000e+00
       2541    205.091     3.1377   3.116877    34.1385    27.1848 0.0000e+00
       2542    205.083     3.1380   3.116982    34.1395    27.1855 0.0000e+00
       2543    205.095     3.1387   3.117063    34.1397    27.1857 0.0000e+00
       2544    205.123     3.1395   3.117119    34.1395    27.1855 0.0000e+00
       2545    205.142     3.1401   3.117131    34.1390    27.1850 0.0000e+00
       2546    205.138     3.1403   3.117098    34.1384    27.1845 0.0000e+00
       2547    205.124     3.1402   3.117087    34.1384    27.1845 0.0000e+00
       2548    205.119     3.1403   3.117174    34.1394    27.1852 0.0000e+00
       2549    205.130     3.1410   3.117307    34.1402    27.1859 0.0000e+00
       2550    205.145     3.1419   3.117378    34.1401    27.1857 0.0000e+00
       2551    205.147     3.1424   3.117357    34.1393    27.1850 0.0000e+00
       2552    205.144     3.1421   3.117274    34.1387    27.1845 0.0000e+00
       2553    205.153     3.1414   3.117153    34.1379    27.1840 0.0000e+00
       2554    205.170     3.1405   3.117040    34.1375    27.1837 0.0000e+00
       2555    205.173     3.1397   3.116978    34.1376    27.1839 0.0000e+00
       2556    205.158     3.1394   3.116991    34.1381    27.1843 0.0000e+00
       2557    205.143     3.1395   3.117068    34.1389    27.1849 0.0000e+00
       2558    205.147     3.1399   3.117148    34.1394    27.1853 0.0000e+00
       2559    205.166     3.1406   3.117189    34.1392    27.1851 0.0000e+00
       2560    205.178     3.1409   3.117192    34.1389    27.1848 0.0000e+00
       2561    205.167     3.1410   3.117166    34.1385    27.1845 0.0000e+00
       2562    205.130     3.1409   3.117112    34.1380    27.1841 0.0000e+00
       2563    205.080     3.1406   3.117040    34.1374    27.1837 0.0000e+00
       2564    205.045     3.1403   3.116995    34.1372    27.1835 0.0000e+00
       2565    205.043     3.1399   3.116981    34.1375    27.1838 0.0000e+00
       2566    205.069     3.1398   3.116991    34.1377    27.1840 0.0000e+00
       2567    205.102     3.1398   3.117029    34.1381    27.1843 0.0000e+00
       2568    205.122     3.1402   3.117104    34.1386    27.1847 0.0000e+00
       2569    205.126     3.1410   3.117228    34.1393    27.1851 0.0000e+00
       2570    205.118     3.1420   3.117338    34.1395    27.1852 0.0000e+00
       2571    205.107     3.1426   3.117337    34.1389    27.1847 0.0000e+00
       2572    205.107     3.1425   3.117245    34.1379    27.1839 0.0000e+00
       2573    205.125     3.1417   3.117132    34.1374    27.1835 0.0000e+00
       2574    205.148     3.1406   3.116996    34.1369    27.1832 0.0000e+00
       2575    205.156     3.1393   3.116854    34.1365    27.1831 0.0000e+00
       2576    205.147     3.1385   3.116788    34.1366    27.1832 0.0000e+00
       2577    205.138     3.1382   3.116822    34.1373    27.1838 0.0000e+00
       2578    205.146     3.1384   3.116918    34.1382    27.1845 0.0000e+00
       2579    205.168     3.1393   3.117027    34.1386    27.1847 0.0000e+00
       2580    205.176     3.1403   3.117143    34.1389    27.1849 0.0000e+00
       2581    205.155     3.1412   3.117238    34.1392    27.1850 0.0000e+00
       2582    205.125     3.1417   3.117260    34.1389    27.1848 0.0000e+00
       2583    205.118     3.1418   3.117260    34.1388    27.1847 0.0000e+00
       2584    205.136     3.1421   3.117321    34.1392    27.1850 0.0000e+00
       2585    205.149     3.1430   3.117498    34.1404    27.1858 0.0000e+00
       2586    205.133     3.1446   3.117732    34.1416    27.1866 0.0000e+00
       2587    205.103     3.1460   3.117868    34.1418    27.1866 0.0000e+00
       2588    205.087     3.1467   3.117887    34.1413    27.1862 0.0000e+00
       2589    205.099     3.1468   3.117875    34.1410    27.1860 0.0000e+00
       2590    205.129     3.1467   3.117829    34.1405    27.1856 0.0000e+00
       2591    205.154     3.1461   3.117676    34.1393    27.1847 0.0000e+00
       2592    205.156     3.1448   3.117448    34.1379    27.1837 0.0000e+00
       2593    205.139     3.1433   3.117243    34.1370    27.1831 0.0000e+00
       2594    205.122     3.1421   3.117103    34.1366    27.1829 0.0000e+00
       2595    205.127     3.1411   3.117032    34.1368    27.1831 0.0000e+00
       2596    205.151     3.1406   3.117016    34.1371    27.1834 0.0000e+00
       2597    205.172     3.1407   3.117113    34.1382    27.1843 0.0000e+00
       2598    205.170     3.1419   3.117372    34.1400    27.1856 0.0000e+00
       2599    205.148     3.1438   3.117617    34.1410    27.1862 0.0000e+00
       2600    205.123     3.1453   3.117705    34.1405    27.1857 0.0000e+00
       2601    205.113     3.1460   3.117731    34.1401    27.1853 0.0000e+00
       2602    205.126     3.1466   3.117823    34.1406    27.1856 0.0000e+00
       2603    205.150     3.1475   3.117961    34.1413    27.1861 0.0000e+00
       2604    205.159     3.1486   3.118052    34.1412    27.1860 0.0000e+00
       2605    205.141     3.1493   3.118097    34.1410    27.1857 0.0000e+00
       2606    205.105     3.1498   3.118160    34.1413    27.1859 0.0000e+00
       2607    205.073     3.1502   3.118234    34.1418    27.1863 0.0000e+00
       2608    205.062     3.1505   3.118319    34.1425    27.1868 0.0000e+00
       2609    205.080     3.1513   3.118464    34.1434    27.1875 0.0000e+00
       2610    205.116     3.1528   3.118626    34.1438    27.1876 0.0000e+00
       2611    205.148     3.1540   3.118659    34.1429    27.1868 0.0000e+00
       2612    205.160     3.1538   3.118477    34.1409    27.1852 0.0000e+00
       2613    205.153     3.1524   3.118209    34.1391    27.1839 0.0000e+00
       2614    205.138     3.1509   3.118062    34.1389    27.1839 0.0000e+00
       2615    205.130     3.1501   3.118061    34.1398    27.1847 0.0000e+00
       2616    205.137     3.1501   3.118126    34.1405    27.1853 0.0000e+00
       2617    205.148     3.1506   3.118216    34.1411    27.1857 0.0000e+00
       2618    205.145     3.1513   3.118261    34.1409    27.1855 0.0000e+00
       2619    205.129     3.1513   3.118218    34.1404    27.1851 0.0000e+00
       2620    205.118     3.1509   3.118150    34.1400    27.1848 0.0000e+00
       2621    205.121     3.1507   3.118142    34.1401    27.1849 0.0000e+00
       2622    205.127     3.1508   3.118180    34.1405    27.1852 0.0000e+00
       2623    205.124     3.1506   3.118113    34.1399    27.1847 0.0000e+00
       2624    205.111     3.1498   3.117944    34.1387    27.1838 0.0000e+00
       2625    205.093     3.1487   3.117809    34.1382    27.1835 0.0000e+00
       2626    205.079     3.1480   3.117797    34.1388    27.1841 0.0000e+00
       2627    205.073     3.1483   3.117969    34.1406    27.1855 0.0000e+00
       2628    205.072     3.1498   3.118277    34.1427    27.1871 0.0000e+00
       2629    205.069     3.1521   3.118528    34.1433    27.1873 0.0000e+00
       2630    205.058     3.1537   3.118560    34.1420    27.1862 0.0000e+00
       2631    205.044     3.1539   3.118430    34.1403    27.1847 0.0000e+00
       2632    205.037     3.1531   3.118299    34.1395    27.1842 0.0000e+00
       2633    205.041     3.1521   3.118221    34.1396    27.1844 0.0000e+00
       2634    205.048     3.1519   3.118279    34.1405    27.1851 0.0000e+00
       2635    205.038     3.1532   3.118622    34.1433    27.1872 0.0000e+00
       2636    204.994     3.1563   3.119072    34.1455    27.1887 0.0000e+00
       2637    204.915     3.1589   3.119257    34.1451    27.1881 0.0000e+00
       2638    204.819     3.1600   3.119161    34.1428    27.1862 0.0000e+00
       2639    204.754     3.1599   3.119009    34.1411    27.1848 0.0000e+00
       2640    204.762     3.1594   3.119011    34.1417    27.1853 0.0000e+00
       2641    204.817     3.1590   3.119084    34.1429    27.1864 0.0000e+00
       2642    204.852     3.1584   3.118954    34.1420    27.1857 0.0000e+00
       2643    204.839     3.1568   3.118656    34.1401    27.1843 0.0000e+00
       2644    204.800     3.1551   3.118409    34.1389    27.1835 0.0000e+00
       2645    204.770     3.1537   3.118257    34.1385    27.1833 0.0000e+00
       2646    204.770     3.1528   3.118167    34.1384    27.1833 0.0000e+00
       2647    204.799     3.1523   3.118171    34.1389    27.1838 0.0000e+00
       2648    204.832     3.1521   3.118269    34.1403    27.1849 0.0000e+00
       2649    204.836     3.1525   3.118370    34.1411    27.1855 0.0000e+00
       2650    204.815     3.1528   3.118421    34.1414    27.1858 0.0000e+00
       2651    204.804     3.1532   3.118440    34.1413    27.1856 0.0000e+00
       2652    204.832     3.1536   3.118473    34.1412    27.1855 0.0000e+00
       2653    204.885     3.1537   3.118418    34.1404    27.1849 0.0000e+00
       2654    204.919     3.1520   3.117977    34.1368    27.1822 0.0000e+00
       2655    204.909     3.1480   3.117355    34.1335    27.1799 0.0000e+00
       2656    204.864     3.1443   3.117080    34.1341    27.1807 0.0000e+00
       2657    204.812     3.1427   3.117118    34.1363    27.1826 0.0000e+00
       2658    204.783     3.1427   3.117202    34.1373    27.1834 0.0000e+00
       2659    204.789     3.1435   3.117323    34.1380    27.1838 0.0000e+00
       2660    204.822     3.1452   3.117580    34.1393    27.1847 0.0000e+00
       2661    204.863     3.1477   3.117905    34.1405    27.1855 0.0000e+00
       2662    204.891     3.1502   3.118204    34.1415    27.1861 0.0000e+00
       2663    204.905     3.1529   3.118559    34.1430    27.1870 0.0000e+00
       2664    204.915     3.1557   3.118891    34.1440    27.1875 0.0000e+00
       2665    204.932     3.1580   3.119094    34.1441    27.1874 0.0000e+00
       2666    204.957     3.1592   3.119101    34.1429    27.1863 0.0000e+00
