Datasets/Multi_Species/TEL214/tel214_2020_037.cnv
* Sea-Bird SBE19plus Data File:
* Filename = C:/AQUIRE/tel214_2020_037.hex
* Software Version AquireV2 AF V2.0
* Temperature SN =  8014
* Conductivity SN =  8014
* System UpLoad Time = Nov 16 2020 10:42:01
* <ApplicationData>
* <AQUIREV2>
** VESSEL/TRIP/SEQ STN: tel214_2020_037
** LATITUDE: 52 21.43 N
** LONGITUDE: 51 20.27 W
** DATE/TIME: 2020-11-16 09:27
** SOUNDING DEPTH (M): 0388
** PROBE TYPE: S8014
** CTD NUMBER: 037
** COMMENTS: 
# nquan = 7                                 
# nvalues = 4157                        
# units = specified
# name 0 = scan: Scan Count
# name 1 = prdM: Pressure, Strain Gauge [db]
# name 2 = tv290C: Temperature [ITS-90, deg C]
# name 3 = c0S/m: Conductivity [S/m]
# name 4 = sal00: Salinity, Practical [PSU]
# name 5 = sigma-t00: Density [sigma-t, kg/m^3 ]
# name 6 = flag: flag
# span 0 =          1,       4157       
# span 1 =     -0.422,    391.287       
# span 2 =     0.2353,     3.7771       
# span 3 =  -0.035871,   3.230996       
# span 4 =    -0.0017,    34.7352       
# span 5 =    -0.1419,    27.5985       
# span 6 = 0.0000e+00, 0.0000e+00       
# interval = seconds: 1
# start_time = Nov 16 2020 09:27:16 [Instrument's time stamp, header]
# bad_flag = -9.990e-29
*END*
          1     -0.413     0.6788   0.000014    -0.0013    -0.1154 0.0000e+00
          2     -0.413     0.6786   0.000012    -0.0014    -0.1154 0.0000e+00
          3     -0.413     0.6784   0.000011    -0.0014    -0.1155 0.0000e+00
          4     -0.411     0.6782   0.000009    -0.0014    -0.1155 0.0000e+00
          5     -0.409     0.6778   0.000007    -0.0014    -0.1155 0.0000e+00
          6     -0.407     0.6775   0.000006    -0.0014    -0.1155 0.0000e+00
          7     -0.404     0.6772   0.000006    -0.0014    -0.1155 0.0000e+00
          8     -0.401     0.6768   0.000005    -0.0014    -0.1156 0.0000e+00
          9     -0.402     0.6766   0.000004    -0.0014    -0.1156 0.0000e+00
         10     -0.403     0.6764   0.000003    -0.0014    -0.1156 0.0000e+00
         11     -0.404     0.6762   0.000004    -0.0014    -0.1156 0.0000e+00
         12     -0.405     0.6759   0.000004    -0.0014    -0.1156 0.0000e+00
         13     -0.406     0.6755   0.000003    -0.0014    -0.1156 0.0000e+00
         14     -0.407     0.6753   0.000003    -0.0014    -0.1156 0.0000e+00
         15     -0.405     0.6751   0.000004    -0.0014    -0.1156 0.0000e+00
         16     -0.402     0.6747   0.000003    -0.0014    -0.1157 0.0000e+00
         17     -0.400     0.6745   0.000001    -0.0014    -0.1157 0.0000e+00
         18     -0.401     0.6743 -4.947e-07     0.0000    -0.1157 0.0000e+00
         19     -0.403     0.6741 6.0377e-07    -0.0014    -0.1157 0.0000e+00
         20     -0.404     0.6738   0.000002    -0.0014    -0.1157 0.0000e+00
         21     -0.404     0.6736   0.000004    -0.0014    -0.1157 0.0000e+00
         22     -0.404     0.6734   0.000005    -0.0014    -0.1157 0.0000e+00
         23     -0.404     0.6733   0.000002    -0.0014    -0.1157 0.0000e+00
         24     -0.404     0.6731   0.000001    -0.0014    -0.1158 0.0000e+00
         25     -0.404     0.6729   0.000001    -0.0014    -0.1158 0.0000e+00
         26     -0.405     0.6727   0.000002    -0.0014    -0.1158 0.0000e+00
         27     -0.407     0.6725   0.000003    -0.0014    -0.1158 0.0000e+00
         28     -0.408     0.6724   0.000004    -0.0014    -0.1158 0.0000e+00
         29     -0.407     0.6723   0.000004    -0.0014    -0.1158 0.0000e+00
         30     -0.405     0.6722   0.000003    -0.0014    -0.1158 0.0000e+00
         31     -0.403     0.6721   0.000003    -0.0014    -0.1158 0.0000e+00
         32     -0.401     0.6719   0.000003    -0.0014    -0.1158 0.0000e+00
         33     -0.398     0.6717   0.000004    -0.0014    -0.1158 0.0000e+00
         34     -0.398     0.6715   0.000006    -0.0014    -0.1158 0.0000e+00
         35     -0.401     0.6714   0.000006    -0.0014    -0.1159 0.0000e+00
         36     -0.404     0.6714   0.000005    -0.0014    -0.1159 0.0000e+00
         37     -0.406     0.6714   0.000005    -0.0014    -0.1159 0.0000e+00
         38     -0.407     0.6713   0.000006    -0.0014    -0.1159 0.0000e+00
         39     -0.406     0.6712   0.000005    -0.0014    -0.1159 0.0000e+00
         40     -0.403     0.6712   0.000004    -0.0014    -0.1159 0.0000e+00
         41     -0.401     0.6711   0.000004    -0.0014    -0.1159 0.0000e+00
         42     -0.404     0.6711   0.000004    -0.0014    -0.1159 0.0000e+00
         43     -0.407     0.6709   0.000005    -0.0014    -0.1159 0.0000e+00
         44     -0.406     0.6708   0.000007    -0.0014    -0.1159 0.0000e+00
         45     -0.404     0.6708   0.000007    -0.0014    -0.1159 0.0000e+00
         46     -0.404     0.6708   0.000008    -0.0014    -0.1159 0.0000e+00
         47     -0.404     0.6707   0.000007    -0.0014    -0.1159 0.0000e+00
         48     -0.404     0.6707   0.000006    -0.0014    -0.1159 0.0000e+00
         49     -0.403     0.6707   0.000006    -0.0014    -0.1159 0.0000e+00
         50     -0.401     0.6707   0.000007    -0.0014    -0.1159 0.0000e+00
         51     -0.399     0.6707   0.000009    -0.0014    -0.1159 0.0000e+00
         52     -0.399     0.6707   0.000009    -0.0014    -0.1159 0.0000e+00
         53     -0.400     0.6707   0.000010    -0.0014    -0.1159 0.0000e+00
         54     -0.401     0.6707   0.000010    -0.0014    -0.1159 0.0000e+00
         55     -0.401     0.6707   0.000008    -0.0014    -0.1159 0.0000e+00
         56     -0.400     0.6707   0.000008    -0.0014    -0.1159 0.0000e+00
         57     -0.401     0.6707   0.000009    -0.0014    -0.1159 0.0000e+00
         58     -0.401     0.6708   0.000010    -0.0014    -0.1159 0.0000e+00
         59     -0.401     0.6708   0.000011    -0.0014    -0.1159 0.0000e+00
         60     -0.404     0.6708   0.000011    -0.0014    -0.1159 0.0000e+00
         61     -0.406     0.6709   0.000011    -0.0014    -0.1159 0.0000e+00
         62     -0.405     0.6710   0.000009    -0.0014    -0.1159 0.0000e+00
         63     -0.403     0.6711   0.000009    -0.0014    -0.1159 0.0000e+00
         64     -0.403     0.6711   0.000010    -0.0014    -0.1159 0.0000e+00
         65     -0.404     0.6712   0.000012    -0.0014    -0.1159 0.0000e+00
         66     -0.403     0.6712   0.000012    -0.0014    -0.1159 0.0000e+00
         67     -0.400     0.6713   0.000011    -0.0014    -0.1159 0.0000e+00
         68     -0.401     0.6713   0.000009    -0.0014    -0.1159 0.0000e+00
         69     -0.403     0.6713   0.000011    -0.0014    -0.1159 0.0000e+00
         70     -0.404     0.6714   0.000012    -0.0014    -0.1159 0.0000e+00
         71     -0.404     0.6714   0.000011    -0.0014    -0.1159 0.0000e+00
         72     -0.403     0.6714   0.000011    -0.0014    -0.1159 0.0000e+00
         73     -0.401     0.6714   0.000011    -0.0014    -0.1159 0.0000e+00
         74     -0.400     0.6715   0.000012    -0.0014    -0.1158 0.0000e+00
         75     -0.401     0.6716   0.000012    -0.0014    -0.1158 0.0000e+00
         76     -0.402     0.6717   0.000012    -0.0014    -0.1158 0.0000e+00
         77     -0.403     0.6717   0.000011    -0.0014    -0.1158 0.0000e+00
         78     -0.406     0.6719   0.000012    -0.0014    -0.1158 0.0000e+00
         79     -0.409     0.6720   0.000012    -0.0014    -0.1158 0.0000e+00
         80     -0.411     0.6720   0.000013    -0.0014    -0.1158 0.0000e+00
         81     -0.410     0.6721   0.000014    -0.0013    -0.1158 0.0000e+00
         82     -0.406     0.6722   0.000013    -0.0014    -0.1158 0.0000e+00
         83     -0.402     0.6723   0.000012    -0.0014    -0.1158 0.0000e+00
         84     -0.400     0.6724   0.000013    -0.0014    -0.1158 0.0000e+00
         85     -0.401     0.6724   0.000013    -0.0014    -0.1158 0.0000e+00
         86     -0.402     0.6724   0.000012    -0.0014    -0.1158 0.0000e+00
         87     -0.402     0.6724   0.000011    -0.0014    -0.1158 0.0000e+00
         88     -0.402     0.6724   0.000010    -0.0014    -0.1158 0.0000e+00
         89     -0.404     0.6725   0.000009    -0.0014    -0.1158 0.0000e+00
         90     -0.403     0.6726   0.000011    -0.0014    -0.1158 0.0000e+00
         91     -0.400     0.6726   0.000011    -0.0014    -0.1158 0.0000e+00
         92     -0.399     0.6728   0.000011    -0.0014    -0.1158 0.0000e+00
         93     -0.399     0.6730   0.000011    -0.0014    -0.1158 0.0000e+00
         94     -0.399     0.6732   0.000013    -0.0014    -0.1158 0.0000e+00
         95     -0.399     0.6733   0.000012    -0.0014    -0.1157 0.0000e+00
         96     -0.399     0.6733   0.000011    -0.0014    -0.1157 0.0000e+00
         97     -0.398     0.6733   0.000012    -0.0014    -0.1157 0.0000e+00
         98     -0.398     0.6734   0.000012    -0.0014    -0.1157 0.0000e+00
         99     -0.401     0.6734   0.000013    -0.0014    -0.1157 0.0000e+00
        100     -0.402     0.6734   0.000013    -0.0014    -0.1157 0.0000e+00
        101     -0.401     0.6735   0.000011    -0.0014    -0.1157 0.0000e+00
        102     -0.398     0.6737   0.000011    -0.0014    -0.1157 0.0000e+00
        103     -0.398     0.6739   0.000013    -0.0014    -0.1157 0.0000e+00
        104     -0.400     0.6740   0.000012    -0.0014    -0.1157 0.0000e+00
        105     -0.400     0.6741   0.000012    -0.0014    -0.1157 0.0000e+00
        106     -0.398     0.6742   0.000013    -0.0014    -0.1157 0.0000e+00
        107     -0.398     0.6743   0.000013    -0.0014    -0.1157 0.0000e+00
        108     -0.400     0.6744   0.000014    -0.0013    -0.1157 0.0000e+00
        109     -0.401     0.6744   0.000013    -0.0014    -0.1157 0.0000e+00
        110     -0.400     0.6744   0.000013    -0.0014    -0.1157 0.0000e+00
        111     -0.401     0.6745   0.000011    -0.0014    -0.1157 0.0000e+00
        112     -0.402     0.6746   0.000010    -0.0014    -0.1157 0.0000e+00
        113     -0.401     0.6747   0.000010    -0.0014    -0.1157 0.0000e+00
        114     -0.399     0.6748   0.000010    -0.0014    -0.1157 0.0000e+00
        115     -0.398     0.6750   0.000012    -0.0014    -0.1157 0.0000e+00
        116     -0.397     0.6752   0.000013    -0.0014    -0.1156 0.0000e+00
        117     -0.397     0.6753   0.000013    -0.0014    -0.1156 0.0000e+00
        118     -0.398     0.6754   0.000014    -0.0013    -0.1156 0.0000e+00
        119     -0.398     0.6754   0.000015    -0.0013    -0.1156 0.0000e+00
        120     -0.398     0.6754   0.000012    -0.0014    -0.1156 0.0000e+00
        121     -0.399     0.6755   0.000009    -0.0014    -0.1156 0.0000e+00
        122     -0.399     0.6755   0.000010    -0.0014    -0.1156 0.0000e+00
        123     -0.399     0.6756   0.000013    -0.0013    -0.1156 0.0000e+00
        124     -0.400     0.6757   0.000013    -0.0013    -0.1156 0.0000e+00
        125     -0.403     0.6759  -0.001873     0.0000    -0.1156 0.0000e+00
        126     -0.404     0.6761  -0.020743     0.0000    -0.1156 0.0000e+00
        127     -0.400     0.6762  -0.035839     0.0000    -0.1156 0.0000e+00
        128     -0.396     0.6764  -0.016971     0.0000    -0.1156 0.0000e+00
        129     -0.395     0.6765   0.000011    -0.0014    -0.1156 0.0000e+00
        130     -0.395     0.6765   0.000012    -0.0014    -0.1156 0.0000e+00
        131     -0.397     0.6765   0.000014    -0.0013    -0.1156 0.0000e+00
        132     -0.399     0.6766   0.000014    -0.0013    -0.1156 0.0000e+00
        133     -0.400     0.6766   0.000013    -0.0013    -0.1156 0.0000e+00
        134     -0.401     0.6768   0.000015    -0.0013    -0.1156 0.0000e+00
        135     -0.402     0.6770   0.000014    -0.0013    -0.1155 0.0000e+00
        136     -0.401     0.6772   0.000013    -0.0013    -0.1155 0.0000e+00
        137     -0.402     0.6774   0.000014    -0.0013    -0.1155 0.0000e+00
        138     -0.404     0.6775   0.000014    -0.0013    -0.1155 0.0000e+00
        139     -0.404     0.6775   0.000014    -0.0013    -0.1155 0.0000e+00
        140     -0.402     0.6776   0.000014    -0.0013    -0.1155 0.0000e+00
        141     -0.400     0.6778   0.000014    -0.0013    -0.1155 0.0000e+00
        142     -0.399     0.6780   0.000014    -0.0013    -0.1155 0.0000e+00
        143     -0.398     0.6782   0.000015    -0.0013    -0.1155 0.0000e+00
        144     -0.397     0.6783   0.000016    -0.0013    -0.1155 0.0000e+00
        145     -0.398     0.6784   0.000016    -0.0013    -0.1155 0.0000e+00
        146     -0.397     0.6785   0.000015    -0.0013    -0.1155 0.0000e+00
        147     -0.396     0.6785   0.000013    -0.0013    -0.1155 0.0000e+00
        148     -0.396     0.6786   0.000013    -0.0013    -0.1154 0.0000e+00
        149     -0.396     0.6788   0.000013    -0.0013    -0.1154 0.0000e+00
        150     -0.395     0.6790   0.000015    -0.0013    -0.1154 0.0000e+00
        151     -0.397     0.6792   0.000015    -0.0013    -0.1154 0.0000e+00
        152     -0.400     0.6794   0.000013    -0.0013    -0.1154 0.0000e+00
        153     -0.402     0.6795   0.000014    -0.0013    -0.1154 0.0000e+00
        154     -0.404     0.6795   0.000015    -0.0013    -0.1154 0.0000e+00
        155     -0.405     0.6797   0.000016    -0.0013    -0.1154 0.0000e+00
        156     -0.405     0.6799   0.000016    -0.0013    -0.1154 0.0000e+00
        157     -0.405     0.6801   0.000016    -0.0013    -0.1154 0.0000e+00
        158     -0.404     0.6803   0.000015    -0.0013    -0.1154 0.0000e+00
        159     -0.402     0.6804   0.000015    -0.0013    -0.1153 0.0000e+00
        160     -0.400     0.6805   0.000015    -0.0013    -0.1153 0.0000e+00
        161     -0.399     0.6806   0.000015    -0.0013    -0.1153 0.0000e+00
        162     -0.397     0.6808   0.000015    -0.0013    -0.1153 0.0000e+00
        163     -0.396     0.6810   0.000014    -0.0013    -0.1153 0.0000e+00
        164     -0.398     0.6812   0.000015    -0.0013    -0.1153 0.0000e+00
        165     -0.401     0.6814   0.000016    -0.0013    -0.1153 0.0000e+00
        166     -0.403     0.6815   0.000015    -0.0013    -0.1153 0.0000e+00
        167     -0.401     0.6816   0.000015    -0.0013    -0.1153 0.0000e+00
        168     -0.398     0.6818   0.000013    -0.0013    -0.1153 0.0000e+00
        169     -0.396     0.6820   0.000014    -0.0013    -0.1153 0.0000e+00
        170     -0.397     0.6822   0.000016    -0.0013    -0.1152 0.0000e+00
        171     -0.398     0.6824   0.000016    -0.0013    -0.1152 0.0000e+00
        172     -0.398     0.6825   0.000017    -0.0013    -0.1152 0.0000e+00
        173     -0.398     0.6826   0.000016    -0.0013    -0.1152 0.0000e+00
        174     -0.401     0.6827   0.000016    -0.0013    -0.1152 0.0000e+00
        175     -0.403     0.6829   0.000015    -0.0013    -0.1152 0.0000e+00
        176     -0.403     0.6832   0.000015    -0.0013    -0.1152 0.0000e+00
        177     -0.401     0.6834   0.000016    -0.0013    -0.1152 0.0000e+00
        178     -0.398     0.6835   0.000016    -0.0013    -0.1152 0.0000e+00
        179     -0.396     0.6836   0.000015    -0.0013    -0.1152 0.0000e+00
        180     -0.397     0.6838   0.000015    -0.0013    -0.1152 0.0000e+00
        181     -0.399     0.6840   0.000016    -0.0013    -0.1151 0.0000e+00
        182     -0.400     0.6842   0.000016    -0.0013    -0.1151 0.0000e+00
        183     -0.402     0.6843   0.000016    -0.0013    -0.1151 0.0000e+00
        184     -0.403     0.6845   0.000016    -0.0013    -0.1151 0.0000e+00
        185     -0.401     0.6845   0.000015    -0.0013    -0.1151 0.0000e+00
        186     -0.397     0.6847   0.000015    -0.0013    -0.1151 0.0000e+00
        187     -0.395     0.6849   0.000015    -0.0013    -0.1151 0.0000e+00
        188     -0.395     0.6851   0.000016    -0.0013    -0.1151 0.0000e+00
        189     -0.395     0.6853   0.000017    -0.0013    -0.1151 0.0000e+00
        190     -0.398     0.6855   0.000017    -0.0013    -0.1151 0.0000e+00
        191     -0.401     0.6855   0.000015    -0.0013    -0.1151 0.0000e+00
        192     -0.401     0.6856   0.000015    -0.0013    -0.1151 0.0000e+00
        193     -0.398     0.6858   0.000016    -0.0013    -0.1150 0.0000e+00
        194     -0.396     0.6860   0.000016    -0.0013    -0.1150 0.0000e+00
        195     -0.398     0.6862   0.000015    -0.0013    -0.1150 0.0000e+00
        196     -0.401     0.6864   0.000015    -0.0013    -0.1150 0.0000e+00
        197     -0.403     0.6865   0.000015    -0.0013    -0.1150 0.0000e+00
        198     -0.404     0.6865   0.000015    -0.0013    -0.1150 0.0000e+00
        199     -0.406     0.6867   0.000017    -0.0013    -0.1150 0.0000e+00
        200     -0.406     0.6869   0.000017    -0.0013    -0.1150 0.0000e+00
        201     -0.405     0.6871   0.000016    -0.0013    -0.1150 0.0000e+00
        202     -0.404     0.6873   0.000016    -0.0013    -0.1150 0.0000e+00
        203     -0.402     0.6874   0.000015    -0.0013    -0.1150 0.0000e+00
        204     -0.400     0.6875   0.000015    -0.0013    -0.1150 0.0000e+00
        205     -0.399     0.6875   0.000014    -0.0013    -0.1150 0.0000e+00
