Datasets/Multi_Species/TEL214/tel214_2020_006.cnv
* Sea-Bird SBE19plus Data File:
* Filename = C:/AQUIRE/tel214_2020_006.hex
* Software Version AquireV2 AF V2.0
* Temperature SN =  7853
* Conductivity SN =  7853
* System UpLoad Time = Nov 07 2020 03:08:08
* <ApplicationData>
* <AQUIREV2>
** VESSEL/TRIP/SEQ STN: tel214_2020_006
** LATITUDE: 53 23.98 N
** LONGITUDE: 05 14.25 W
** DATE/TIME: 2020-11-07 02:15
** SOUNDING DEPTH (M): 0320
** PROBE TYPE: S7853
** CTD NUMBER: 006
** COMMENTS: 
# nquan = 7                                 
# nvalues = 2963                        
# units = specified
# name 0 = scan: Scan Count
# name 1 = prdM: Pressure, Strain Gauge [db]
# name 2 = tv290C: Temperature [ITS-90, deg C]
# name 3 = c0S/m: Conductivity [S/m]
# name 4 = sal00: Salinity, Practical [PSU]
# name 5 = sigma-t00: Density [sigma-t, kg/m^3 ]
# name 6 = flag: flag
# span 0 =          1,       2963       
# span 1 =     -1.118,    319.123       
# span 2 =     0.9107,     3.5739       
# span 3 =   0.000097,   3.158219       
# span 4 =    -0.0006,    34.4059       
# span 5 =    -0.1030,    27.3830       
# span 6 = 0.0000e+00, 0.0000e+00       
# interval = seconds: 1
# start_time = Nov 07 2020 02:15:49 [Instrument's time stamp, header]
# bad_flag = -9.990e-29
*END*
[from data line 2257]
       2258     36.131     1.1260   2.829372    32.7740    26.2479 0.0000e+00
       2259     35.968     1.1288   2.829794    32.7766    26.2498 0.0000e+00
       2260     35.781     1.1307   2.829419    32.7699    26.2443 0.0000e+00
       2261     35.598     1.1295   2.828638    32.7613    26.2374 0.0000e+00
       2262     35.436     1.1258   2.828157    32.7591    26.2359 0.0000e+00
       2263     35.289     1.1226   2.828195    32.7630    26.2393 0.0000e+00
       2264     35.130     1.1218   2.828680    32.7702    26.2451 0.0000e+00
       2265     34.933     1.1227   2.829009    32.7735    26.2477 0.0000e+00
       2266     34.704     1.1242   2.828663    32.7677    26.2429 0.0000e+00
       2267     34.463     1.1239   2.828056    32.7604    26.2371 0.0000e+00
       2268     34.224     1.1212   2.827680    32.7585    26.2358 0.0000e+00
       2269     33.987     1.1186   2.827539    32.7596    26.2368 0.0000e+00
       2270     33.733     1.1180   2.827659    32.7619    26.2387 0.0000e+00
       2271     33.429     1.1179   2.828074    32.7675    26.2432 0.0000e+00
       2272     33.040     1.1164   2.828222    32.7712    26.2462 0.0000e+00
       2273     32.557     1.1143   2.827767    32.7678    26.2437 0.0000e+00
       2274     31.996     1.1132   2.827342    32.7639    26.2406 0.0000e+00
       2275     31.367     1.1133   2.827270    32.7632    26.2400 0.0000e+00
       2276     30.665     1.1140   2.827348    32.7639    26.2405 0.0000e+00
       2277     29.884     1.1155   2.827394    32.7633    26.2400 0.0000e+00
       2278     29.025     1.1178   2.827268    32.7598    26.2370 0.0000e+00
       2279     28.119     1.1190   2.826991    32.7555    26.2335 0.0000e+00
       2280     27.200     1.1185   2.826759    32.7536    26.2320 0.0000e+00
       2281     26.263     1.1178   2.826771    32.7550    26.2331 0.0000e+00
       2282     25.283     1.1180   2.826871    32.7566    26.2344 0.0000e+00
       2283     24.274     1.1189   2.826814    32.7555    26.2335 0.0000e+00
       2284     23.285     1.1200   2.826714    32.7537    26.2319 0.0000e+00
       2285     22.347     1.1210   2.826624    32.7520    26.2305 0.0000e+00
       2286     21.470     1.1217   2.826477    32.7499    26.2288 0.0000e+00
       2287     20.681     1.1222   2.826357    32.7483    26.2275 0.0000e+00
       2288     19.978     1.1224   2.826293    32.7476    26.2269 0.0000e+00
       2289     19.332     1.1225   2.826222    32.7470    26.2264 0.0000e+00
       2290     18.763     1.1228   2.826142    32.7460    26.2256 0.0000e+00
       2291     18.284     1.1229   2.826108    32.7457    26.2254 0.0000e+00
       2292     17.864     1.1230   2.826172    32.7467    26.2261 0.0000e+00
       2293     17.459     1.1235   2.826259    32.7475    26.2267 0.0000e+00
       2294     17.055     1.1246   2.826252    32.7465    26.2259 0.0000e+00
       2295     16.682     1.1261   2.826214    32.7446    26.2243 0.0000e+00
       2296     16.369     1.1268   2.826196    32.7438    26.2236 0.0000e+00
       2297     16.115     1.1267   2.826175    32.7438    26.2236 0.0000e+00
       2298     15.893     1.1264   2.826165    32.7441    26.2239 0.0000e+00
       2299     15.674     1.1263   2.826185    32.7446    26.2243 0.0000e+00
       2300     15.445     1.1265   2.826174    32.7444    26.2241 0.0000e+00
       2301     15.207     1.1269   2.826118    32.7434    26.2232 0.0000e+00
       2302     14.968     1.1273   2.826102    32.7429    26.2228 0.0000e+00
       2303     14.731     1.1277   2.826099    32.7426    26.2225 0.0000e+00
       2304     14.499     1.1284   2.826037    32.7412    26.2214 0.0000e+00
       2305     14.281     1.1290   2.825990    32.7401    26.2204 0.0000e+00
       2306     14.096     1.1294   2.825979    32.7396    26.2201 0.0000e+00
       2307     13.947     1.1294   2.825956    32.7394    26.2199 0.0000e+00
       2308     13.781     1.1294   2.825947    32.7394    26.2199 0.0000e+00
       2309     13.545     1.1294   2.825949    32.7395    26.2200 0.0000e+00
       2310     13.267     1.1294   2.825916    32.7393    26.2198 0.0000e+00
       2311     13.006     1.1294   2.825826    32.7383    26.2190 0.0000e+00
       2312     12.787     1.1292   2.825697    32.7370    26.2179 0.0000e+00
       2313     12.599     1.1292   2.825592    32.7357    26.2169 0.0000e+00
       2314     12.429     1.1292   2.825559    32.7354    26.2167 0.0000e+00
       2315     12.274     1.1292   2.825581    32.7358    26.2170 0.0000e+00
       2316     12.127     1.1292   2.825599    32.7361    26.2172 0.0000e+00
       2317     11.975     1.1295   2.825566    32.7354    26.2167 0.0000e+00
       2318     11.814     1.1301   2.825467    32.7336    26.2152 0.0000e+00
       2319     11.648     1.1308   2.825350    32.7315    26.2134 0.0000e+00
       2320     11.468     1.1311   2.825286    32.7305    26.2126 0.0000e+00
       2321     11.263     1.1313   2.825260    32.7300    26.2122 0.0000e+00
       2322     11.049     1.1314   2.825233    32.7297    26.2120 0.0000e+00
       2323     10.858     1.1319   2.825202    32.7289    26.2113 0.0000e+00
       2324     10.700     1.1324   2.825179    32.7282    26.2107 0.0000e+00
       2325     10.556     1.1328   2.825170    32.7277    26.2103 0.0000e+00
       2326     10.411     1.1330   2.825161    32.7275    26.2101 0.0000e+00
       2327     10.259     1.1336   2.825166    32.7270    26.2097 0.0000e+00
       2328     10.090     1.1345   2.825179    32.7263    26.2090 0.0000e+00
       2329      9.909     1.1360   2.825159    32.7246    26.2076 0.0000e+00
       2330      9.741     1.1372   2.825105    32.7227    26.2060 0.0000e+00
       2331      9.611     1.1379   2.825052    32.7214    26.2049 0.0000e+00
       2332      9.515     1.1386   2.824986    32.7199    26.2036 0.0000e+00
       2333      9.433     1.1393   2.824892    32.7180    26.2021 0.0000e+00
       2334      9.348     1.1398   2.824804    32.7164    26.2007 0.0000e+00
       2335      9.242     1.1401   2.824748    32.7154    26.1999 0.0000e+00
       2336      9.096     1.1401   2.824718    32.7151    26.1997 0.0000e+00
       2337      8.908     1.1401   2.824701    32.7150    26.1996 0.0000e+00
       2338      8.698     1.1401   2.824697    32.7151    26.1997 0.0000e+00
       2339      8.499     1.1399   2.824723    32.7157    26.2002 0.0000e+00
       2340      8.334     1.1395   2.824790    32.7171    26.2013 0.0000e+00
       2341      8.215     1.1387   2.824875    32.7191    26.2030 0.0000e+00
       2342      8.133     1.1380   2.824944    32.7207    26.2044 0.0000e+00
       2343      8.046     1.1374   2.824976    32.7218    26.2053 0.0000e+00
       2344      7.910     1.1372   2.824992    32.7223    26.2057 0.0000e+00
       2345      7.728     1.1369   2.825010    32.7230    26.2062 0.0000e+00
       2346      7.528     1.1368   2.825019    32.7233    26.2065 0.0000e+00
       2347      7.342     1.1368   2.825003    32.7232    26.2064 0.0000e+00
       2348      7.200     1.1370   2.824945    32.7223    26.2057 0.0000e+00
       2349      7.103     1.1374   2.824842    32.7206    26.2043 0.0000e+00
       2350      7.028     1.1380   2.824745    32.7188    26.2028 0.0000e+00
       2351      6.946     1.1383   2.824698    32.7180    26.2021 0.0000e+00
       2352      6.835     1.1384   2.824688    32.7178    26.2020 0.0000e+00
       2353      6.686     1.1381   2.824694    32.7183    26.2024 0.0000e+00
       2354      6.516     1.1374   2.824714    32.7193    26.2033 0.0000e+00
       2355      6.352     1.1368   2.824690    32.7198    26.2037 0.0000e+00
       2356      6.214     1.1365   2.824588    32.7189    26.2029 0.0000e+00
       2357      6.116     1.1365   2.824508    32.7179    26.2022 0.0000e+00
       2358      6.054     1.1366   2.824491    32.7176    26.2019 0.0000e+00
       2359      5.980     1.1368   2.824444    32.7168    26.2013 0.0000e+00
       2360      5.853     1.1374   2.824361    32.7152    26.2000 0.0000e+00
       2361      5.646     1.1377   2.824317    32.7145    26.1993 0.0000e+00
       2362      5.352     1.1378   2.824307    32.7144    26.1993 0.0000e+00
       2363      5.014     1.1379   2.824295    32.7143    26.1992 0.0000e+00
       2364      4.669     1.1382   2.824325    32.7146    26.1994 0.0000e+00
       2365      4.316     1.1384   2.824365    32.7151    26.1998 0.0000e+00
       2366      3.953     1.1385   2.824348    32.7150    26.1997 0.0000e+00
       2367      3.607     1.1385   2.824321    32.7148    26.1996 0.0000e+00
       2368      3.344     1.1384   2.824302    32.7148    26.1996 0.0000e+00
       2369      3.208     1.1385   2.824278    32.7145    26.1993 0.0000e+00
       2370      3.188     1.1386   2.824264    32.7142    26.1991 0.0000e+00
       2371      3.266     1.1389   2.824252    32.7137    26.1987 0.0000e+00
       2372      3.410     1.1393   2.824238    32.7130    26.1981 0.0000e+00
       2373      3.542     1.1396   2.824222    32.7124    26.1976 0.0000e+00
       2374      3.606     1.1397   2.824204    32.7121    26.1973 0.0000e+00
       2375      3.623     1.1399   2.824179    32.7115    26.1968 0.0000e+00
       2376      3.629     1.1401   2.824155    32.7110    26.1964 0.0000e+00
       2377      3.597     1.1400   2.824113    32.7106    26.1961 0.0000e+00
       2378      3.491     1.1397   2.824013    32.7097    26.1954 0.0000e+00
       2379      3.365     1.1394   2.823909    32.7088    26.1946 0.0000e+00
       2380      3.239     1.1393   2.823873    32.7085    26.1944 0.0000e+00
       2381      3.032     1.1393   2.823859    32.7084    26.1944 0.0000e+00
       2382      2.702     1.1393   2.823831    32.7082    26.1942 0.0000e+00
       2383      2.263     1.1395   2.823802    32.7079    26.1940 0.0000e+00
       2384      1.755     1.1395   2.823776    32.7079    26.1939 0.0000e+00
       2385      1.252     1.1395   2.823749    32.7078    26.1939 0.0000e+00
       2386      0.811     1.1392   2.823715    32.7079    26.1940 0.0000e+00
       2387      0.411     1.1387   2.823675    32.7082    26.1942 0.0000e+00
       2388      0.007     1.1381   2.823605    32.7081    26.1942 0.0000e+00
       2389     -0.360     1.1378   2.823484    32.7071    26.1934 0.0000e+00
       2390     -0.622     1.1375   2.823368    32.7061    26.1926 0.0000e+00
       2391     -0.794     1.1368   2.823313    32.7062    26.1928 0.0000e+00
       2392     -0.899     1.1365   2.823199    32.7051    26.1919 0.0000e+00
       2393     -0.951     1.1363   2.795288    32.3491    25.9059 0.0000e+00
       2394     -0.974     1.1356   2.508315    28.7158    22.9886 0.0000e+00
       2395     -0.975     1.1344   2.179956    24.6257    19.7073 0.0000e+00
       2396     -0.967     1.1332   2.278157    25.8426    20.6834 0.0000e+00
       2397     -0.963     1.1324   2.263341    25.6594    20.5365 0.0000e+00
       2398     -0.962     1.1315   1.995258    22.3589    17.8897 0.0000e+00
       2399     -0.964     1.1302   2.102626    23.6761    18.9459 0.0000e+00
       2400     -0.960     1.1287   2.379327    27.1061    21.6972 0.0000e+00
       2401     -0.953     1.1272   2.491144    28.5077    22.8220 0.0000e+00
       2402     -0.964     1.1261   2.599641    29.8755    23.9200 0.0000e+00
       2403     -0.991     1.1262   2.683279    30.9343    24.7701 0.0000e+00
       2404     -1.020     1.1272   2.346092    26.6928    21.3657 0.0000e+00
       2405     -1.046     1.1277   1.599407    17.5802    14.0588 0.0000e+00
       2406     -1.067     1.1277   1.087759    11.5846     9.2505 0.0000e+00
       2407     -1.078     1.1277   0.889410     9.3261     7.4372 0.0000e+00
       2408     -1.080     1.1277   0.657223     6.7397     5.3579 0.0000e+00
       2409     -1.079     1.1279   0.455910     4.5587     3.6013 0.0000e+00
       2410     -1.079     1.1279   0.314546     3.0714     2.4007 0.0000e+00
       2411     -1.079     1.1280   0.149767     1.4022     1.0492 0.0000e+00
       2412     -1.079     1.1282   0.038192     0.3357     0.1821 0.0000e+00
       2413     -1.078     1.1284   0.005980     0.0481    -0.0528 0.0000e+00
       2414     -1.078     1.1285   0.000097    -0.0005    -0.0922 0.0000e+00
       2415     -1.084     1.1286   0.000101    -0.0005    -0.0922 0.0000e+00
       2416     -1.093     1.1288   0.000100    -0.0005    -0.0921 0.0000e+00
       2417     -1.097     1.1291   0.000101    -0.0005    -0.0921 0.0000e+00
       2418     -1.097     1.1294   0.000102    -0.0005    -0.0921 0.0000e+00
       2419     -1.095     1.1296   0.000104    -0.0005    -0.0921 0.0000e+00
       2420     -1.093     1.1298   0.000105    -0.0005    -0.0921 0.0000e+00
       2421     -1.090     1.1299   0.000105    -0.0005    -0.0921 0.0000e+00
       2422     -1.090     1.1301   0.000106    -0.0005    -0.0921 0.0000e+00
       2423     -1.093     1.1302   0.000108    -0.0004    -0.0921 0.0000e+00
       2424     -1.097     1.1305   0.000110    -0.0004    -0.0921 0.0000e+00
       2425     -1.099     1.1311   0.000112    -0.0004    -0.0920 0.0000e+00
       2426     -1.098     1.1315   0.000114    -0.0004    -0.0920 0.0000e+00
       2427     -1.096     1.1318   0.000115    -0.0004    -0.0920 0.0000e+00
       2428     -1.094     1.1319   0.000116    -0.0004    -0.0920 0.0000e+00
       2429     -1.093     1.1319   0.000115    -0.0004    -0.0920 0.0000e+00
       2430     -1.096     1.1319   0.000115    -0.0004    -0.0920 0.0000e+00
       2431     -1.098     1.1321   0.000116    -0.0004    -0.0920 0.0000e+00
       2432     -1.097     1.1322   0.000114    -0.0004    -0.0920 0.0000e+00
       2433     -1.094     1.1322   0.000112    -0.0004    -0.0920 0.0000e+00
       2434     -1.093     1.1323   0.000112    -0.0004    -0.0920 0.0000e+00
       2435     -1.095     1.1323   0.000111    -0.0004    -0.0920 0.0000e+00
       2436     -1.098     1.1323   0.000111    -0.0004    -0.0920 0.0000e+00
       2437     -1.101     1.1324   0.000111    -0.0004    -0.0920 0.0000e+00
       2438     -1.102     1.1325   0.000111    -0.0004    -0.0920 0.0000e+00
       2439     -1.104     1.1326   0.000111    -0.0004    -0.0920 0.0000e+00
       2440     -1.105     1.1326   0.000112    -0.0004    -0.0920 0.0000e+00
       2441     -1.103     1.1327   0.000113    -0.0004    -0.0920 0.0000e+00
       2442     -1.101     1.1328   0.000112    -0.0004    -0.0920 0.0000e+00
       2443     -1.098     1.1328   0.000109    -0.0004    -0.0920 0.0000e+00
       2444     -1.095     1.1330   0.000111    -0.0004    -0.0919 0.0000e+00
       2445     -1.095     1.1330   0.000110    -0.0004    -0.0919 0.0000e+00
       2446     -1.098     1.1330   0.000109    -0.0004    -0.0919 0.0000e+00
       2447     -1.098     1.1331   0.000109    -0.0004    -0.0919 0.0000e+00
       2448     -1.095     1.1332   0.000109    -0.0004    -0.0919 0.0000e+00
       2449     -1.095     1.1332   0.000109    -0.0004    -0.0919 0.0000e+00
       2450     -1.098     1.1332   0.000109    -0.0004    -0.0919 0.0000e+00
       2451     -1.100     1.1334   0.000110    -0.0004    -0.0919 0.0000e+00
       2452     -1.099     1.1334   0.000111    -0.0004    -0.0919 0.0000e+00
       2453     -1.098     1.1335   0.000111    -0.0004    -0.0919 0.0000e+00
       2454     -1.099     1.1336   0.000110    -0.0004    -0.0919 0.0000e+00
       2455     -1.101     1.1336   0.000110    -0.0004    -0.0919 0.0000e+00
       2456     -1.101     1.1336   0.000110    -0.0004    -0.0919 0.0000e+00
       2457     -1.099     1.1338   0.000109    -0.0004    -0.0919 0.0000e+00
       2458     -1.098     1.1338   0.000108    -0.0004    -0.0919 0.0000e+00
       2459     -1.098     1.1338   0.000109    -0.0004    -0.0919 0.0000e+00
       2460     -1.098     1.1340   0.000110    -0.0004    -0.0919 0.0000e+00
       2461     -1.096     1.1342   0.000111    -0.0004    -0.0919 0.0000e+00
