Datasets/Multi_Species/TEL214/tel214_2020_002.cnv
* Sea-Bird SBE19plus Data File:
* Filename = C:/AQUIRE/tel214_2020_002.hex
* Software Version AquireV2 AF V2.0
* Temperature SN =  7853
* Conductivity SN =  7853
* System UpLoad Time = Nov 06 2020 14:15:41
* <ApplicationData>
* <AQUIREV2>
** VESSEL/TRIP/SEQ STN: tel214_2020_002
** LATITUDE: 52 44.30 N
** LONGITUDE: 52 37.60 W
** DATE/TIME: 2020-11-06 13:21
** SOUNDING DEPTH (M): 0238
** PROBE TYPE: S7853
** CTD NUMBER:   2
** COMMENTS: SET 2
# nquan = 7                                 
# nvalues = 3064                        
# units = specified
# name 0 = scan: Scan Count
# name 1 = prdM: Pressure, Strain Gauge [db]
# name 2 = tv290C: Temperature [ITS-90, deg C]
# name 3 = c0S/m: Conductivity [S/m]
# name 4 = sal00: Salinity, Practical [PSU]
# name 5 = sigma-t00: Density [sigma-t, kg/m^3 ]
# name 6 = flag: flag
# span 0 =          1,       3064       
# span 1 =     -1.062,    233.954       
# span 2 =     0.7081,     3.1206       
# span 3 =   0.000086,   3.048322       
# span 4 =    -0.0003,    34.1746       
# span 5 =    -0.0765,    27.2903       
# span 6 = 0.0000e+00, 0.0000e+00       
# interval = seconds: 1
# start_time = Nov 06 2020 13:21:37 [Instrument's time stamp, header]
# bad_flag = -9.990e-29
*END*
[from data line 1642]
       1643    232.903     2.2828   3.045948    34.1622    27.2780 0.0000e+00
       1644    232.906     2.2831   3.045970    34.1622    27.2779 0.0000e+00
       1645    232.894     2.2832   3.045972    34.1621    27.2778 0.0000e+00
       1646    232.879     2.2832   3.045963    34.1620    27.2777 0.0000e+00
       1647    232.869     2.2832   3.045960    34.1620    27.2777 0.0000e+00
       1648    232.866     2.2832   3.045967    34.1621    27.2778 0.0000e+00
       1649    232.866     2.2832   3.045971    34.1621    27.2778 0.0000e+00
       1650    232.865     2.2832   3.045956    34.1619    27.2777 0.0000e+00
       1651    232.872     2.2832   3.045940    34.1617    27.2775 0.0000e+00
       1652    232.904     2.2830   3.045917    34.1616    27.2775 0.0000e+00
       1653    232.958     2.2827   3.045879    34.1615    27.2773 0.0000e+00
       1654    232.993     2.2825   3.045853    34.1613    27.2772 0.0000e+00
       1655    232.950     2.2824   3.045858    34.1615    27.2774 0.0000e+00
       1656    232.796     2.2824   3.045861    34.1617    27.2775 0.0000e+00
       1657    232.587     2.2824   3.045856    34.1617    27.2776 0.0000e+00
       1658    232.446     2.2823   3.045850    34.1618    27.2777 0.0000e+00
       1659    232.437     2.2822   3.045833    34.1617    27.2776 0.0000e+00
       1660    232.516     2.2819   3.045780    34.1613    27.2773 0.0000e+00
       1661    232.600     2.2814   3.045683    34.1606    27.2768 0.0000e+00
       1662    232.627     2.2808   3.045593    34.1601    27.2764 0.0000e+00
       1663    232.588     2.2803   3.045562    34.1603    27.2766 0.0000e+00
       1664    232.530     2.2801   3.045578    34.1608    27.2770 0.0000e+00
       1665    232.513     2.2803   3.045586    34.1607    27.2769 0.0000e+00
       1666    232.558     2.2804   3.045576    34.1604    27.2767 0.0000e+00
       1667    232.645     2.2802   3.045566    34.1604    27.2767 0.0000e+00
       1668    232.721     2.2800   3.045544    34.1603    27.2766 0.0000e+00
       1669    232.738     2.2797   3.045502    34.1601    27.2765 0.0000e+00
       1670    232.706     2.2795   3.045476    34.1600    27.2764 0.0000e+00
       1671    232.677     2.2794   3.045468    34.1601    27.2765 0.0000e+00
       1672    232.687     2.2794   3.045462    34.1600    27.2764 0.0000e+00
       1673    232.737     2.2794   3.045459    34.1599    27.2764 0.0000e+00
       1674    232.807     2.2793   3.045461    34.1600    27.2764 0.0000e+00
       1675    232.870     2.2792   3.045469    34.1602    27.2766 0.0000e+00
       1676    232.907     2.2793   3.045488    34.1603    27.2767 0.0000e+00
       1677    232.908     2.2794   3.045509    34.1604    27.2768 0.0000e+00
       1678    232.880     2.2794   3.045521    34.1606    27.2769 0.0000e+00
       1679    232.856     2.2795   3.045532    34.1606    27.2769 0.0000e+00
       1680    232.864     2.2797   3.045544    34.1606    27.2769 0.0000e+00
       1681    232.906     2.2797   3.045560    34.1608    27.2770 0.0000e+00
       1682    232.950     2.2798   3.045572    34.1608    27.2770 0.0000e+00
       1683    232.938     2.2797   3.045560    34.1607    27.2770 0.0000e+00
       1684    232.844     2.2797   3.045541    34.1606    27.2768 0.0000e+00
       1685    232.721     2.2797   3.045537    34.1606    27.2769 0.0000e+00
       1686    232.652     2.2797   3.045535    34.1606    27.2769 0.0000e+00
       1687    232.659     2.2797   3.045516    34.1603    27.2767 0.0000e+00
       1688    232.715     2.2794   3.045462    34.1600    27.2764 0.0000e+00
       1689    232.789     2.2790   3.045364    34.1591    27.2758 0.0000e+00
       1690    232.847     2.2780   3.045234    34.1586    27.2754 0.0000e+00
       1691    232.863     2.2770   3.045128    34.1583    27.2753 0.0000e+00
       1692    232.838     2.2763   3.045096    34.1587    27.2756 0.0000e+00
       1693    232.801     2.2761   3.045099    34.1589    27.2759 0.0000e+00
       1694    232.789     2.2763   3.045102    34.1588    27.2757 0.0000e+00
       1695    232.820     2.2765   3.045106    34.1586    27.2755 0.0000e+00
       1696    232.884     2.2765   3.045117    34.1587    27.2756 0.0000e+00
       1697    232.952     2.2764   3.045127    34.1589    27.2758 0.0000e+00
       1698    232.994     2.2763   3.045129    34.1590    27.2759 0.0000e+00
       1699    232.994     2.2763   3.045138    34.1591    27.2760 0.0000e+00
       1700    232.964     2.2764   3.045166    34.1594    27.2762 0.0000e+00
       1701    232.940     2.2766   3.045194    34.1595    27.2763 0.0000e+00
       1702    232.950     2.2769   3.045217    34.1595    27.2762 0.0000e+00
       1703    232.995     2.2771   3.045248    34.1596    27.2763 0.0000e+00
       1704    233.050     2.2774   3.045271    34.1595    27.2762 0.0000e+00
       1705    233.075     2.2774   3.045280    34.1596    27.2763 0.0000e+00
       1706    233.057     2.2775   3.045290    34.1597    27.2763 0.0000e+00
       1707    233.018     2.2775   3.045302    34.1598    27.2765 0.0000e+00
       1708    232.993     2.2776   3.045312    34.1599    27.2765 0.0000e+00
       1709    233.003     2.2778   3.045328    34.1599    27.2764 0.0000e+00
       1710    233.038     2.2778   3.045341    34.1600    27.2766 0.0000e+00
       1711    233.070     2.2778   3.045336    34.1599    27.2765 0.0000e+00
       1712    233.077     2.2778   3.045322    34.1597    27.2764 0.0000e+00
       1713    233.063     2.2778   3.045314    34.1596    27.2763 0.0000e+00
       1714    233.050     2.2777   3.045315    34.1598    27.2764 0.0000e+00
       1715    233.058     2.2778   3.045331    34.1599    27.2764 0.0000e+00
       1716    233.083     2.2778   3.045344    34.1600    27.2766 0.0000e+00
       1717    233.105     2.2778   3.045311    34.1596    27.2762 0.0000e+00
       1718    233.104     2.2775   3.045252    34.1592    27.2759 0.0000e+00
       1719    233.083     2.2772   3.045211    34.1590    27.2758 0.0000e+00
       1720    233.071     2.2770   3.045181    34.1588    27.2757 0.0000e+00
       1721    233.086     2.2767   3.045139    34.1586    27.2756 0.0000e+00
       1722    233.121     2.2762   3.045055    34.1581    27.2752 0.0000e+00
       1723    233.158     2.2754   3.044932    34.1574    27.2747 0.0000e+00
       1724    233.188     2.2744   3.044815    34.1570    27.2745 0.0000e+00
       1725    233.220     2.2736   3.044708    34.1565    27.2741 0.0000e+00
       1726    233.259     2.2727   3.044595    34.1561    27.2738 0.0000e+00
       1727    233.301     2.2716   3.044469    34.1557    27.2736 0.0000e+00
       1728    233.335     2.2706   3.044352    34.1553    27.2734 0.0000e+00
       1729    233.351     2.2698   3.044278    34.1552    27.2734 0.0000e+00
       1730    233.342     2.2692   3.044248    34.1555    27.2736 0.0000e+00
       1731    233.310     2.2690   3.044240    34.1556    27.2738 0.0000e+00
       1732    233.269     2.2690   3.044248    34.1557    27.2739 0.0000e+00
       1733    233.251     2.2691   3.044247    34.1556    27.2738 0.0000e+00
       1734    233.280     2.2690   3.044199    34.1551    27.2734 0.0000e+00
       1735    233.336     2.2685   3.044131    34.1548    27.2731 0.0000e+00
       1736    233.370     2.2680   3.044101    34.1549    27.2733 0.0000e+00
       1737    233.344     2.2677   3.044139    34.1557    27.2740 0.0000e+00
       1738    233.269     2.2678   3.044194    34.1563    27.2744 0.0000e+00
       1739    233.208     2.2681   3.044204    34.1562    27.2743 0.0000e+00
       1740    233.208     2.2685   3.044200    34.1557    27.2739 0.0000e+00
       1741    233.255     2.2687   3.044232    34.1559    27.2740 0.0000e+00
       1742    233.313     2.2692   3.044320    34.1564    27.2744 0.0000e+00
       1743    233.353     2.2699   3.044448    34.1572    27.2750 0.0000e+00
       1744    233.362     2.2709   3.044573    34.1577    27.2753 0.0000e+00
       1745    233.329     2.2717   3.044656    34.1579    27.2753 0.0000e+00
       1746    233.273     2.2723   3.044700    34.1578    27.2752 0.0000e+00
       1747    233.237     2.2725   3.044730    34.1580    27.2754 0.0000e+00
       1748    233.248     2.2729   3.044778    34.1581    27.2755 0.0000e+00
       1749    233.297     2.2736   3.044869    34.1585    27.2757 0.0000e+00
       1750    233.341     2.2744   3.044982    34.1590    27.2760 0.0000e+00
       1751    233.338     2.2751   3.045042    34.1590    27.2760 0.0000e+00
       1752    233.300     2.2753   3.045034    34.1587    27.2757 0.0000e+00
       1753    233.279     2.2752   3.045018    34.1586    27.2757 0.0000e+00
       1754    233.301     2.2751   3.045006    34.1586    27.2756 0.0000e+00
       1755    233.344     2.2749   3.044973    34.1584    27.2755 0.0000e+00
       1756    233.376     2.2747   3.044934    34.1581    27.2753 0.0000e+00
       1757    233.388     2.2744   3.044917    34.1582    27.2754 0.0000e+00
       1758    233.391     2.2744   3.044924    34.1583    27.2754 0.0000e+00
       1759    233.395     2.2744   3.044944    34.1585    27.2756 0.0000e+00
       1760    233.396     2.2747   3.044983    34.1587    27.2758 0.0000e+00
       1761    233.384     2.2750   3.045028    34.1589    27.2759 0.0000e+00
       1762    233.360     2.2753   3.045054    34.1589    27.2759 0.0000e+00
       1763    233.338     2.2755   3.045062    34.1588    27.2758 0.0000e+00
       1764    233.330     2.2756   3.045076    34.1589    27.2759 0.0000e+00
       1765    233.347     2.2757   3.045125    34.1594    27.2762 0.0000e+00
       1766    233.386     2.2763   3.045215    34.1598    27.2766 0.0000e+00
       1767    233.423     2.2772   3.045336    34.1604    27.2769 0.0000e+00
       1768    233.416     2.2781   3.045427    34.1605    27.2770 0.0000e+00
       1769    233.334     2.2786   3.045420    34.1600    27.2765 0.0000e+00
       1770    233.200     2.2786   3.045361    34.1593    27.2759 0.0000e+00
       1771    233.087     2.2784   3.045344    34.1594    27.2760 0.0000e+00
       1772    233.044     2.2781   3.045358    34.1599    27.2764 0.0000e+00
       1773    233.072     2.2779   3.045352    34.1600    27.2766 0.0000e+00
       1774    233.150     2.2775   3.045258    34.1592    27.2760 0.0000e+00
       1775    233.231     2.2762   3.045007    34.1575    27.2747 0.0000e+00
       1776    233.255     2.2743   3.044761    34.1564    27.2740 0.0000e+00
       1777    233.180     2.2731   3.044701    34.1570    27.2745 0.0000e+00
       1778    233.033     2.2725   3.044729    34.1581    27.2755 0.0000e+00
       1779    232.908     2.2717   3.044719    34.1589    27.2762 0.0000e+00
       1780    232.880     2.2705   3.044634    34.1591    27.2765 0.0000e+00
       1781    232.945     2.2691   3.044285    34.1563    27.2743 0.0000e+00
       1782    233.047     2.2672   3.043799    34.1522    27.2712 0.0000e+00
       1783    233.123     2.2650   3.043526    34.1511    27.2705 0.0000e+00
       1784    233.131     2.2633   3.043369    34.1510    27.2705 0.0000e+00
       1785    233.087     2.2625   3.043283    34.1508    27.2704 0.0000e+00
       1786    233.052     2.2625   3.043321    34.1513    27.2708 0.0000e+00
       1787    233.064     2.2625   3.043348    34.1516    27.2711 0.0000e+00
       1788    233.126     2.2622   3.043305    34.1514    27.2709 0.0000e+00
       1789    233.213     2.2617   3.043254    34.1512    27.2709 0.0000e+00
       1790    233.286     2.2613   3.043247    34.1515    27.2711 0.0000e+00
       1791    233.322     2.2612   3.043321    34.1525    27.2719 0.0000e+00
       1792    233.326     2.2616   3.043465    34.1539    27.2730 0.0000e+00
       1793    233.322     2.2626   3.043599    34.1545    27.2734 0.0000e+00
       1794    233.331     2.2637   3.043692    34.1545    27.2733 0.0000e+00
       1795    233.357     2.2645   3.043770    34.1546    27.2733 0.0000e+00
       1796    233.384     2.2653   3.043871    34.1549    27.2735 0.0000e+00
       1797    233.387     2.2660   3.043963    34.1553    27.2738 0.0000e+00
       1798    233.361     2.2666   3.044002    34.1552    27.2736 0.0000e+00
       1799    233.333     2.2668   3.044007    34.1551    27.2735 0.0000e+00
       1800    233.331     2.2668   3.044011    34.1551    27.2735 0.0000e+00
       1801    233.367     2.2670   3.044027    34.1551    27.2735 0.0000e+00
       1802    233.430     2.2670   3.044003    34.1547    27.2732 0.0000e+00
       1803    233.478     2.2664   3.043910    34.1542    27.2728 0.0000e+00
       1804    233.461     2.2658   3.043841    34.1540    27.2727 0.0000e+00
       1805    233.371     2.2655   3.043841    34.1544    27.2731 0.0000e+00
       1806    233.270     2.2654   3.043848    34.1546    27.2733 0.0000e+00
       1807    233.230     2.2655   3.043827    34.1543    27.2730 0.0000e+00
       1808    233.264     2.2651   3.043675    34.1528    27.2718 0.0000e+00
       1809    233.333     2.2635   3.043339    34.1503    27.2700 0.0000e+00
       1810    233.373     2.2606   3.042936    34.1484    27.2687 0.0000e+00
       1811    233.335     2.2576   3.042665    34.1482    27.2688 0.0000e+00
       1812    233.225     2.2558   3.042667    34.1503    27.2706 0.0000e+00
       1813    233.119     2.2552   3.042767    34.1522    27.2722 0.0000e+00
       1814    233.092     2.2550   3.042761    34.1524    27.2723 0.0000e+00
       1815    233.148     2.2548   3.042540    34.1498    27.2703 0.0000e+00
       1816    233.234     2.2536   3.042119    34.1458    27.2672 0.0000e+00
       1817    233.293     2.2511   3.041679    34.1430    27.2651 0.0000e+00
       1818    233.294     2.2480   3.041352    34.1423    27.2648 0.0000e+00
       1819    233.260     2.2462   3.041253    34.1430    27.2655 0.0000e+00
       1820    233.235     2.2459   3.041287    34.1437    27.2661 0.0000e+00
       1821    233.248     2.2462   3.041265    34.1431    27.2656 0.0000e+00
       1822    233.301     2.2460   3.041195    34.1424    27.2651 0.0000e+00
       1823    233.373     2.2451   3.041074    34.1419    27.2647 0.0000e+00
       1824    233.425     2.2436   3.040850    34.1407    27.2638 0.0000e+00
       1825    233.436     2.2419   3.040649    34.1400    27.2634 0.0000e+00
       1826    233.423     2.2407   3.040598    34.1406    27.2641 0.0000e+00
       1827    233.420     2.2405   3.040619    34.1411    27.2645 0.0000e+00
       1828    233.444     2.2408   3.040637    34.1410    27.2644 0.0000e+00
       1829    233.489     2.2411   3.040691    34.1413    27.2646 0.0000e+00
       1830    233.539     2.2416   3.040818    34.1423    27.2654 0.0000e+00
       1831    233.562     2.2424   3.040975    34.1434    27.2662 0.0000e+00
       1832    233.544     2.2433   3.041104    34.1441    27.2666 0.0000e+00
       1833    233.501     2.2439   3.041182    34.1444    27.2668 0.0000e+00
       1834    233.468     2.2443   3.041226    34.1446    27.2669 0.0000e+00
       1835    233.477     2.2447   3.041254    34.1445    27.2668 0.0000e+00
       1836    233.524     2.2452   3.041267    34.1441    27.2665 0.0000e+00
       1837    233.549     2.2454   3.041264    34.1438    27.2662 0.0000e+00
       1838    233.487     2.2452   3.041258    34.1440    27.2664 0.0000e+00
       1839    233.335     2.2450   3.041262    34.1443    27.2667 0.0000e+00
       1840    233.181     2.2446   3.041252    34.1447    27.2670 0.0000e+00
       1841    233.114     2.2439   3.041225    34.1452    27.2674 0.0000e+00
       1842    233.141     2.2435   3.041160    34.1448    27.2672 0.0000e+00
       1843    233.219     2.2434   3.040999    34.1428    27.2656 0.0000e+00
       1844    233.295     2.2427   3.040789    34.1409    27.2641 0.0000e+00
       1845    233.322     2.2415   3.040611    34.1400    27.2635 0.0000e+00
       1846    233.283     2.2405   3.040521    34.1400    27.2636 0.0000e+00
