Datasets/Multi_Species/TEL214/tel214_2020_005.cnv
* Sea-Bird SBE19plus Data File:
* Filename = C:/AQUIRE/tel214_2020_005.hex
* Software Version AquireV2 AF V2.0
* Temperature SN =  7853
* Conductivity SN =  7853
* System UpLoad Time = Nov 07 2020 00:35:58
* <ApplicationData>
* <AQUIREV2>
** VESSEL/TRIP/SEQ STN: tel214_2020_005
** LATITUDE: 53 16.25 N
** LONGITUDE: 05 14.95 W
** DATE/TIME: 2020-11-06 23:34
** SOUNDING DEPTH (M): 0510
** PROBE TYPE: S7853
** CTD NUMBER: 005
** COMMENTS: 
# nquan = 7                                 
# nvalues = 3522                        
# units = specified
# name 0 = scan: Scan Count
# name 1 = prdM: Pressure, Strain Gauge [db]
# name 2 = tv290C: Temperature [ITS-90, deg C]
# name 3 = c0S/m: Conductivity [S/m]
# name 4 = sal00: Salinity, Practical [PSU]
# name 5 = sigma-t00: Density [sigma-t, kg/m^3 ]
# name 6 = flag: flag
# span 0 =          1,       3522       
# span 1 =     -1.066,    509.700       
# span 2 =     1.0505,     3.9307       
# span 3 =   0.000086,   3.251026       
# span 4 =    -0.0006,    34.8200       
# span 5 =    -0.0920,    27.6764       
# span 6 = 0.0000e+00, 0.0000e+00       
# interval = seconds: 1
# start_time = Nov 06 2020 23:34:35 [Instrument's time stamp, header]
# bad_flag = -9.990e-29
*END*
[from data line 3488]
       3489     -1.063     1.1849   0.000110    -0.0004    -0.0895 0.0000e+00
       3490     -1.062     1.1850   0.000110    -0.0004    -0.0895 0.0000e+00
       3491     -1.060     1.1850   0.000110    -0.0004    -0.0895 0.0000e+00
       3492     -1.059     1.1850   0.000110    -0.0004    -0.0895 0.0000e+00
       3493     -1.057     1.1850   0.000110    -0.0004    -0.0895 0.0000e+00
       3494     -1.056     1.1852   0.000109    -0.0004    -0.0895 0.0000e+00
       3495     -1.057     1.1852   0.000110    -0.0004    -0.0895 0.0000e+00
       3496     -1.059     1.1852   0.000110    -0.0004    -0.0895 0.0000e+00
       3497     -1.059     1.1852   0.000109    -0.0004    -0.0895 0.0000e+00
       3498     -1.059     1.1853   0.000110    -0.0004    -0.0895 0.0000e+00
       3499     -1.059     1.1854   0.000110    -0.0004    -0.0895 0.0000e+00
       3500     -1.058     1.1854   0.000110    -0.0004    -0.0895 0.0000e+00
       3501     -1.057     1.1854   0.000110    -0.0004    -0.0895 0.0000e+00
       3502     -1.056     1.1856   0.000113    -0.0004    -0.0895 0.0000e+00
       3503     -1.058     1.1856   0.000113    -0.0004    -0.0895 0.0000e+00
       3504     -1.061     1.1856   0.000111    -0.0004    -0.0895 0.0000e+00
       3505     -1.063     1.1857   0.000112    -0.0004    -0.0895 0.0000e+00
       3506     -1.062     1.1858   0.000111    -0.0004    -0.0895 0.0000e+00
       3507     -1.061     1.1858   0.000110    -0.0004    -0.0895 0.0000e+00
       3508     -1.062     1.1858   0.000109    -0.0004    -0.0895 0.0000e+00
       3509     -1.064     1.1858   0.000109    -0.0004    -0.0895 0.0000e+00
       3510     -1.064     1.1859   0.000109    -0.0004    -0.0894 0.0000e+00
       3511     -1.062     1.1860   0.000110    -0.0004    -0.0894 0.0000e+00
       3512     -1.061     1.1861   0.000110    -0.0004    -0.0894 0.0000e+00
       3513     -1.062     1.1862   0.000110    -0.0004    -0.0894 0.0000e+00
       3514     -1.064     1.1862   0.000111    -0.0004    -0.0894 0.0000e+00
       3515     -1.064     1.1862   0.000111    -0.0004    -0.0894 0.0000e+00
       3516     -1.064     1.1862   0.000110    -0.0004    -0.0894 0.0000e+00
       3517     -1.062     1.1863   0.000110    -0.0004    -0.0894 0.0000e+00
       3518     -1.059     1.1864   0.000113    -0.0004    -0.0894 0.0000e+00
       3519     -1.059     1.1864   0.000111    -0.0004    -0.0894 0.0000e+00
       3520     -1.062     1.1864   0.000109    -0.0004    -0.0894 0.0000e+00
       3521     -1.064     1.1864   0.000108    -0.0004    -0.0894 0.0000e+00
       3522     -1.064 -9.990e-29   0.000107 -9.990e-29 -9.990e-29 0.0000e+00
