Datasets/Multi_Species/TEL214/tel214_2020_022.cnv
* Sea-Bird SBE19plus Data File:
* Filename = C:/AQUIRE/tel214_2020_022.hex
* Software Version AquireV2 AF V2.0
* Temperature SN =  7853
* Conductivity SN =  7853
* System UpLoad Time = Nov 12 2020 11:26:05
* <ApplicationData>
* <AQUIREV2>
** VESSEL/TRIP/SEQ STN: tel214_2020_022
** LATITUDE: 54 16.13 N
** LONGITUDE: 53 15.80 W
** DATE/TIME: 2020-11-12 02:06
** SOUNDING DEPTH (M): 0427
** PROBE TYPE: S7853
** CTD NUMBER:  22
** COMMENTS: SET 22, TEARUP
# nquan = 7                                 
# nvalues = 5033                        
# units = specified
# name 0 = scan: Scan Count
# name 1 = prdM: Pressure, Strain Gauge [db]
# name 2 = tv290C: Temperature [ITS-90, deg C]
# name 3 = c0S/m: Conductivity [S/m]
# name 4 = sal00: Salinity, Practical [PSU]
# name 5 = sigma-t00: Density [sigma-t, kg/m^3 ]
# name 6 = flag: flag
# span 0 =          1,       5033       
# span 1 =     -1.180,    437.520       
# span 2 =    -0.5538,     4.0883       
# span 3 =   0.000083,   3.263553       
# span 4 =    -0.0016,    34.8038       
# span 5 =    -0.1978,    27.6245       
# span 6 = 0.0000e+00, 0.0000e+00       
# interval = seconds: 1
# start_time = Nov 12 2020 02:06:21 [Instrument's time stamp, header]
# bad_flag = -9.990e-29
*END*
[from data line 4718]
       4719     -1.148     1.5507   0.000099    -0.0002    -0.0735 0.0000e+00
       4720     -1.147     1.5502   0.000099    -0.0002    -0.0736 0.0000e+00
       4721     -1.144     1.5498   0.000100    -0.0002    -0.0736 0.0000e+00
       4722     -1.142     1.5493   0.000100    -0.0002    -0.0736 0.0000e+00
       4723     -1.142     1.5488   0.000101    -0.0002    -0.0736 0.0000e+00
       4724     -1.143     1.5482   0.000101    -0.0002    -0.0736 0.0000e+00
       4725     -1.145     1.5478   0.000101    -0.0002    -0.0737 0.0000e+00
       4726     -1.146     1.5474   0.000100    -0.0002    -0.0737 0.0000e+00
       4727     -1.146     1.5469   0.000099    -0.0002    -0.0737 0.0000e+00
       4728     -1.147     1.5464   0.000099    -0.0002    -0.0737 0.0000e+00
       4729     -1.150     1.5459   0.000100    -0.0002    -0.0737 0.0000e+00
       4730     -1.153     1.5455   0.000100    -0.0002    -0.0738 0.0000e+00
       4731     -1.154     1.5450   0.000100    -0.0002    -0.0738 0.0000e+00
       4732     -1.150     1.5446   0.000101    -0.0002    -0.0738 0.0000e+00
       4733     -1.146     1.5442   0.000101    -0.0002    -0.0738 0.0000e+00
       4734     -1.145     1.5438   0.000100    -0.0002    -0.0738 0.0000e+00
       4735     -1.148     1.5432   0.000100    -0.0002    -0.0738 0.0000e+00
       4736     -1.150     1.5427   0.000100    -0.0002    -0.0739 0.0000e+00
       4737     -1.149     1.5423   0.000102    -0.0002    -0.0739 0.0000e+00
       4738     -1.148     1.5419   0.000102    -0.0002    -0.0739 0.0000e+00
       4739     -1.150     1.5415   0.000101    -0.0002    -0.0739 0.0000e+00
       4740     -1.153     1.5410   0.000101    -0.0002    -0.0739 0.0000e+00
       4741     -1.155     1.5406   0.000101    -0.0002    -0.0739 0.0000e+00
       4742     -1.154     1.5402   0.000101    -0.0002    -0.0740 0.0000e+00
       4743     -1.152     1.5398   0.000102    -0.0002    -0.0740 0.0000e+00
       4744     -1.151     1.5394   0.000102    -0.0002    -0.0740 0.0000e+00
       4745     -1.149     1.5389   0.000102    -0.0002    -0.0740 0.0000e+00
       4746     -1.147     1.5385   0.000103    -0.0002    -0.0740 0.0000e+00
       4747     -1.145     1.5381   0.000102    -0.0002    -0.0741 0.0000e+00
       4748     -1.144     1.5377   0.000101    -0.0002    -0.0741 0.0000e+00
       4749     -1.147     1.5373   0.000101    -0.0002    -0.0741 0.0000e+00
       4750     -1.150     1.5368   0.000101    -0.0002    -0.0741 0.0000e+00
       4751     -1.151     1.5364   0.000100    -0.0002    -0.0741 0.0000e+00
       4752     -1.151     1.5360   0.000100    -0.0002    -0.0741 0.0000e+00
       4753     -1.151     1.5356   0.000101    -0.0002    -0.0742 0.0000e+00
       4754     -1.151     1.5352   0.000102    -0.0002    -0.0742 0.0000e+00
       4755     -1.151     1.5348   0.000102    -0.0002    -0.0742 0.0000e+00
       4756     -1.151     1.5344   0.000103    -0.0002    -0.0742 0.0000e+00
       4757     -1.152     1.5340   0.000102    -0.0002    -0.0742 0.0000e+00
       4758     -1.153     1.5336   0.000101    -0.0002    -0.0742 0.0000e+00
       4759     -1.153     1.5332   0.000101    -0.0002    -0.0743 0.0000e+00
       4760     -1.152     1.5328   0.000102    -0.0002    -0.0743 0.0000e+00
       4761     -1.152     1.5324   0.000102    -0.0002    -0.0743 0.0000e+00
       4762     -1.152     1.5320   0.000103    -0.0002    -0.0743 0.0000e+00
       4763     -1.153     1.5316   0.000102    -0.0002    -0.0743 0.0000e+00
       4764     -1.153     1.5312   0.000100    -0.0002    -0.0743 0.0000e+00
       4765     -1.150     1.5308   0.000100    -0.0002    -0.0743 0.0000e+00
       4766     -1.148     1.5304   0.000101    -0.0002    -0.0744 0.0000e+00
       4767     -1.147     1.5300   0.000102    -0.0002    -0.0744 0.0000e+00
       4768     -1.148     1.5296   0.000102    -0.0002    -0.0744 0.0000e+00
       4769     -1.149     1.5292   0.000102    -0.0002    -0.0744 0.0000e+00
       4770     -1.150     1.5288   0.000102    -0.0002    -0.0744 0.0000e+00
       4771     -1.149     1.5284   0.000101    -0.0002    -0.0744 0.0000e+00
       4772     -1.148     1.5280   0.000101    -0.0002    -0.0745 0.0000e+00
       4773     -1.150     1.5276   0.000103    -0.0002    -0.0745 0.0000e+00
       4774     -1.153     1.5272   0.000104    -0.0002    -0.0745 0.0000e+00
       4775     -1.154     1.5267   0.000103    -0.0002    -0.0745 0.0000e+00
       4776     -1.153     1.5263   0.000103    -0.0002    -0.0745 0.0000e+00
       4777     -1.153     1.5259   0.000103    -0.0002    -0.0745 0.0000e+00
       4778     -1.153     1.5256   0.000104    -0.0002    -0.0746 0.0000e+00
       4779     -1.151     1.5252   0.000103    -0.0002    -0.0746 0.0000e+00
       4780     -1.151     1.5248   0.000102    -0.0002    -0.0746 0.0000e+00
       4781     -1.154     1.5242   0.000101    -0.0002    -0.0746 0.0000e+00
       4782     -1.154     1.5238   0.000101    -0.0002    -0.0746 0.0000e+00
       4783     -1.153     1.5235   0.000102    -0.0002    -0.0746 0.0000e+00
       4784     -1.152     1.5231   0.000103    -0.0002    -0.0747 0.0000e+00
       4785     -1.151     1.5226   0.000103    -0.0002    -0.0747 0.0000e+00
       4786     -1.152     1.5221   0.000102    -0.0002    -0.0747 0.0000e+00
       4787     -1.155     1.5217   0.000102    -0.0002    -0.0747 0.0000e+00
       4788     -1.157     1.5214   0.000102    -0.0002    -0.0747 0.0000e+00
       4789     -1.157     1.5210   0.000102    -0.0002    -0.0747 0.0000e+00
       4790     -1.157     1.5205   0.000101    -0.0002    -0.0748 0.0000e+00
       4791     -1.154     1.5201   0.000101    -0.0002    -0.0748 0.0000e+00
       4792     -1.151     1.5197   0.000101    -0.0002    -0.0748 0.0000e+00
       4793     -1.149     1.5193   0.000102    -0.0002    -0.0748 0.0000e+00
       4794     -1.149     1.5189   0.000102    -0.0002    -0.0748 0.0000e+00
       4795     -1.151     1.5185   0.000101    -0.0002    -0.0749 0.0000e+00
       4796     -1.155     1.5179   0.000101    -0.0002    -0.0749 0.0000e+00
       4797     -1.159     1.5175   0.000101    -0.0002    -0.0749 0.0000e+00
       4798     -1.161     1.5171   0.000102    -0.0002    -0.0749 0.0000e+00
       4799     -1.159     1.5166   0.000103    -0.0002    -0.0749 0.0000e+00
       4800     -1.155     1.5162   0.000103    -0.0002    -0.0749 0.0000e+00
       4801     -1.149     1.5158   0.000103    -0.0002    -0.0750 0.0000e+00
       4802     -1.146     1.5154   0.000102    -0.0002    -0.0750 0.0000e+00
       4803     -1.148     1.5150   0.000102    -0.0002    -0.0750 0.0000e+00
       4804     -1.152     1.5144   0.000100    -0.0002    -0.0750 0.0000e+00
       4805     -1.153     1.5139   0.000100    -0.0002    -0.0750 0.0000e+00
       4806     -1.151     1.5135   0.000101    -0.0002    -0.0751 0.0000e+00
       4807     -1.151     1.5130   0.000102    -0.0002    -0.0751 0.0000e+00
       4808     -1.154     1.5125   0.000101    -0.0002    -0.0751 0.0000e+00
       4809     -1.156     1.5120   0.000102    -0.0002    -0.0751 0.0000e+00
       4810     -1.154     1.5116   0.000102    -0.0002    -0.0751 0.0000e+00
       4811     -1.151     1.5112   0.000101    -0.0002    -0.0752 0.0000e+00
       4812     -1.149     1.5107   0.000101    -0.0002    -0.0752 0.0000e+00
       4813     -1.150     1.5101   0.000101    -0.0002    -0.0752 0.0000e+00
       4814     -1.152     1.5095   0.000100    -0.0002    -0.0752 0.0000e+00
       4815     -1.153     1.5091   0.000100    -0.0002    -0.0752 0.0000e+00
       4816     -1.155     1.5085   0.000100    -0.0002    -0.0753 0.0000e+00
       4817     -1.158     1.5079   0.000101    -0.0002    -0.0753 0.0000e+00
       4818     -1.160     1.5074   0.000101    -0.0002    -0.0753 0.0000e+00
       4819     -1.161     1.5069   0.000101    -0.0002    -0.0753 0.0000e+00
       4820     -1.160     1.5063   0.000100    -0.0002    -0.0754 0.0000e+00
       4821     -1.156     1.5059   0.000102    -0.0002    -0.0754 0.0000e+00
       4822     -1.154     1.5054   0.000102    -0.0002    -0.0754 0.0000e+00
       4823     -1.155     1.5048   0.000100    -0.0002    -0.0754 0.0000e+00
       4824     -1.157     1.5042   0.000100    -0.0002    -0.0754 0.0000e+00
       4825     -1.157     1.5036   0.000100    -0.0002    -0.0755 0.0000e+00
       4826     -1.157     1.5031   0.000100    -0.0002    -0.0755 0.0000e+00
       4827     -1.154     1.5025   0.000099    -0.0002    -0.0755 0.0000e+00
       4828     -1.151     1.5019   0.000099    -0.0002    -0.0755 0.0000e+00
       4829     -1.151     1.5014   0.000099    -0.0002    -0.0756 0.0000e+00
       4830     -1.154     1.5008   0.000097    -0.0002    -0.0756 0.0000e+00
       4831     -1.154     1.5002   0.000097    -0.0002    -0.0756 0.0000e+00
       4832     -1.151     1.4998   0.000100    -0.0002    -0.0756 0.0000e+00
       4833     -1.149     1.4992   0.000100    -0.0002    -0.0756 0.0000e+00
       4834     -1.150     1.4986   0.000098    -0.0002    -0.0757 0.0000e+00
       4835     -1.152     1.4980   0.000097    -0.0002    -0.0757 0.0000e+00
       4836     -1.153     1.4974   0.000097    -0.0002    -0.0757 0.0000e+00
       4837     -1.153     1.4968   0.000098    -0.0002    -0.0757 0.0000e+00
       4838     -1.153     1.4962   0.000098    -0.0002    -0.0758 0.0000e+00
       4839     -1.154     1.4956   0.000098    -0.0002    -0.0758 0.0000e+00
       4840     -1.154     1.4951   0.000098    -0.0002    -0.0758 0.0000e+00
       4841     -1.151     1.4945   0.000098    -0.0002    -0.0758 0.0000e+00
       4842     -1.149     1.4939   0.000099    -0.0002    -0.0759 0.0000e+00
       4843     -1.151     1.4933   0.000099    -0.0002    -0.0759 0.0000e+00
       4844     -1.155     1.4927   0.000099    -0.0002    -0.0759 0.0000e+00
       4845     -1.157     1.4920   0.000098    -0.0002    -0.0759 0.0000e+00
       4846     -1.158     1.4913   0.000098    -0.0002    -0.0760 0.0000e+00
       4847     -1.158     1.4907   0.000098    -0.0002    -0.0760 0.0000e+00
       4848     -1.157     1.4901   0.000097    -0.0002    -0.0760 0.0000e+00
       4849     -1.156     1.4894   0.000097    -0.0002    -0.0761 0.0000e+00
       4850     -1.154     1.4888   0.000098    -0.0002    -0.0761 0.0000e+00
       4851     -1.153     1.4882   0.000098    -0.0002    -0.0761 0.0000e+00
       4852     -1.152     1.4876   0.000098    -0.0002    -0.0761 0.0000e+00
       4853     -1.152     1.4870   0.000098    -0.0002    -0.0762 0.0000e+00
       4854     -1.154     1.4863   0.000096    -0.0002    -0.0762 0.0000e+00
       4855     -1.155     1.4855   0.000095    -0.0003    -0.0762 0.0000e+00
       4856     -1.154     1.4849   0.000095    -0.0003    -0.0762 0.0000e+00
       4857     -1.155     1.4842   0.000096    -0.0002    -0.0763 0.0000e+00
       4858     -1.157     1.4836   0.000097    -0.0002    -0.0763 0.0000e+00
       4859     -1.156     1.4830   0.000097    -0.0002    -0.0763 0.0000e+00
       4860     -1.155     1.4823   0.000097    -0.0002    -0.0763 0.0000e+00
       4861     -1.156     1.4815   0.000096    -0.0003    -0.0764 0.0000e+00
       4862     -1.156     1.4809   0.000096    -0.0003    -0.0764 0.0000e+00
       4863     -1.155     1.4802   0.000095    -0.0003    -0.0764 0.0000e+00
       4864     -1.155     1.4796   0.000096    -0.0003    -0.0765 0.0000e+00
       4865     -1.155     1.4789   0.000096    -0.0003    -0.0765 0.0000e+00
       4866     -1.153     1.4781   0.000096    -0.0003    -0.0765 0.0000e+00
       4867     -1.153     1.4775   0.000095    -0.0003    -0.0765 0.0000e+00
       4868     -1.154     1.4768   0.000095    -0.0003    -0.0766 0.0000e+00
       4869     -1.156     1.4761   0.000095    -0.0003    -0.0766 0.0000e+00
       4870     -1.158     1.4754   0.000095    -0.0003    -0.0766 0.0000e+00
       4871     -1.158     1.4748   0.000096    -0.0003    -0.0767 0.0000e+00
       4872     -1.156     1.4741   0.000096    -0.0003    -0.0767 0.0000e+00
       4873     -1.155     1.4734   0.000096    -0.0003    -0.0767 0.0000e+00
       4874     -1.156     1.4728   0.000095    -0.0003    -0.0767 0.0000e+00
       4875     -1.157     1.4720   0.000095    -0.0003    -0.0768 0.0000e+00
       4876     -1.156     1.4714   0.000095    -0.0003    -0.0768 0.0000e+00
       4877     -1.155     1.4708   0.000095    -0.0003    -0.0768 0.0000e+00
       4878     -1.155     1.4701   0.000095    -0.0003    -0.0769 0.0000e+00
       4879     -1.156     1.4693   0.000095    -0.0003    -0.0769 0.0000e+00
       4880     -1.159     1.4686   0.000095    -0.0003    -0.0769 0.0000e+00
       4881     -1.161     1.4678   0.000094    -0.0003    -0.0770 0.0000e+00
       4882     -1.160     1.4672   0.000094    -0.0003    -0.0770 0.0000e+00
       4883     -1.158     1.4666   0.000095    -0.0003    -0.0770 0.0000e+00
       4884     -1.155     1.4659   0.000096    -0.0003    -0.0770 0.0000e+00
       4885     -1.152     1.4653   0.000096    -0.0003    -0.0771 0.0000e+00
       4886     -1.150     1.4647   0.000096    -0.0003    -0.0771 0.0000e+00
       4887     -1.150     1.4640   0.000095    -0.0003    -0.0771 0.0000e+00
       4888     -1.153     1.4632   0.000095    -0.0003    -0.0771 0.0000e+00
       4889     -1.158     1.4626   0.000095    -0.0003    -0.0772 0.0000e+00
       4890     -1.161     1.4619   0.000095    -0.0003    -0.0772 0.0000e+00
       4891     -1.160     1.4611   0.000094    -0.0003    -0.0772 0.0000e+00
       4892     -1.158     1.4605   0.000094    -0.0003    -0.0773 0.0000e+00
       4893     -1.155     1.4599   0.000094    -0.0003    -0.0773 0.0000e+00
       4894     -1.152     1.4592   0.000094    -0.0003    -0.0773 0.0000e+00
       4895     -1.150     1.4586   0.000094    -0.0003    -0.0773 0.0000e+00
       4896     -1.152     1.4579   0.000094    -0.0003    -0.0774 0.0000e+00
       4897     -1.155     1.4572   0.000094    -0.0003    -0.0774 0.0000e+00
       4898     -1.156     1.4566   0.000095    -0.0003    -0.0774 0.0000e+00
       4899     -1.152     1.4558   0.000095    -0.0003    -0.0775 0.0000e+00
       4900     -1.148     1.4552   0.000095    -0.0003    -0.0775 0.0000e+00
       4901     -1.148     1.4545   0.000095    -0.0003    -0.0775 0.0000e+00
       4902     -1.151     1.4537   0.000095    -0.0003    -0.0775 0.0000e+00
       4903     -1.155     1.4531   0.000096    -0.0003    -0.0776 0.0000e+00
       4904     -1.158     1.4524   0.000096    -0.0003    -0.0776 0.0000e+00
       4905     -1.159     1.4517   0.000096    -0.0003    -0.0776 0.0000e+00
       4906     -1.159     1.4511   0.000096    -0.0003    -0.0777 0.0000e+00
       4907     -1.159     1.4505   0.000096    -0.0003    -0.0777 0.0000e+00
       4908     -1.159     1.4497   0.000095    -0.0003    -0.0777 0.0000e+00
       4909     -1.158     1.4491   0.000096    -0.0003    -0.0777 0.0000e+00
       4910     -1.156     1.4484   0.000096    -0.0003    -0.0778 0.0000e+00
       4911     -1.153     1.4476   0.000095    -0.0003    -0.0778 0.0000e+00
       4912     -1.153     1.4470   0.000096    -0.0003    -0.0778 0.0000e+00
       4913     -1.157     1.4464   0.000096    -0.0003    -0.0779 0.0000e+00
       4914     -1.161     1.4456   0.000096    -0.0003    -0.0779 0.0000e+00
       4915     -1.163     1.4449   0.000096    -0.0003    -0.0779 0.0000e+00
       4916     -1.162     1.4442   0.000094    -0.0003    -0.0779 0.0000e+00
       4917     -1.160     1.4434   0.000093    -0.0003    -0.0780 0.0000e+00
       4918     -1.158     1.4427   0.000093    -0.0003    -0.0780 0.0000e+00
       4919     -1.156     1.4421   0.000094    -0.0003    -0.0780 0.0000e+00
       4920     -1.155     1.4413   0.000094    -0.0003    -0.0781 0.0000e+00
       4921     -1.156     1.4406   0.000094    -0.0003    -0.0781 0.0000e+00
       4922     -1.158     1.4398   0.000093    -0.0003    -0.0781 0.0000e+00
       4923     -1.160     1.4392   0.000093    -0.0003    -0.0782 0.0000e+00
