Datasets/Multi_Species/TEL214/tel214_2020_036.cnv
* Sea-Bird SBE19plus Data File:
* Filename = C:/AQUIRE/tel214_2020_036.hex
* Software Version AquireV2 AF V2.0
* Temperature SN =  8014
* Conductivity SN =  8014
* System UpLoad Time = Nov 16 2020 06:53:52
* <ApplicationData>
* <AQUIREV2>
** VESSEL/TRIP/SEQ STN: tel214_2020_036
** LATITUDE: 52 35.95 N
** LONGITUDE: 51 35.31 W
** DATE/TIME: 2020-11-16 05:02
** SOUNDING DEPTH (M): 0432
** PROBE TYPE: S8014
** CTD NUMBER: 036
** COMMENTS: 
# nquan = 7                                 
# nvalues = 6370                        
# units = specified
# name 0 = scan: Scan Count
# name 1 = prdM: Pressure, Strain Gauge [db]
# name 2 = tv290C: Temperature [ITS-90, deg C]
# name 3 = c0S/m: Conductivity [S/m]
# name 4 = sal00: Salinity, Practical [PSU]
# name 5 = sigma-t00: Density [sigma-t, kg/m^3 ]
# name 6 = flag: flag
# span 0 =          1,       6370       
# span 1 =     -0.473,    447.602       
# span 2 =     0.4948,     3.9923       
# span 3 =  -0.035906,   3.251875       
# span 4 =    -0.0015,    34.8152       
# span 5 =    -0.1260,    27.6531       
# span 6 = 0.0000e+00, 0.0000e+00       
# interval = seconds: 1
# start_time = Nov 16 2020 05:02:25 [Instrument's time stamp, header]
# bad_flag = -9.990e-29
*END*
[from data line 4513]
       4514    236.445     3.6380   3.206499    34.6723    27.5624 0.0000e+00
       4515    235.356     3.6363   3.206401    34.6735    27.5635 0.0000e+00
       4516    234.309     3.6378   3.206527    34.6740    27.5637 0.0000e+00
       4517    233.269     3.6414   3.206844    34.6745    27.5638 0.0000e+00
       4518    232.186     3.6460   3.207216    34.6747    27.5635 0.0000e+00
       4519    231.043     3.6495   3.207301    34.6726    27.5615 0.0000e+00
       4520    229.864     3.6494   3.206787    34.6672    27.5572 0.0000e+00
       4521    228.673     3.6453   3.205782    34.6601    27.5520 0.0000e+00
       4522    227.468     3.6397   3.204713    34.6539    27.5476 0.0000e+00
       4523    226.252     3.6343   3.203806    34.6494    27.5445 0.0000e+00
       4524    225.049     3.6296   3.203013    34.6456    27.5419 0.0000e+00
       4525    223.863     3.6251   3.202175    34.6410    27.5387 0.0000e+00
       4526    222.668     3.6200   3.201277    34.6363    27.5355 0.0000e+00
       4527    221.449     3.6139   3.200319    34.6319    27.5326 0.0000e+00
       4528    220.235     3.6051   3.199109    34.6274    27.5299 0.0000e+00
       4529    219.064     3.5942   3.197723    34.6230    27.5274 0.0000e+00
       4530    217.930     3.5856   3.196658    34.6200    27.5259 0.0000e+00
       4531    216.798     3.5807   3.195986    34.6177    27.5246 0.0000e+00
       4532    215.653     3.5770   3.195259    34.6135    27.5216 0.0000e+00
       4533    214.497     3.5707   3.194269    34.6090    27.5186 0.0000e+00
       4534    213.311     3.5603   3.193295    34.6090    27.5196 0.0000e+00
       4535    212.050     3.5452   3.192078    34.6111    27.5228 0.0000e+00
       4536    210.707     3.5273   3.190224    34.6085    27.5225 0.0000e+00
       4537    209.347     3.5077   3.187513    34.5975    27.5157 0.0000e+00
       4538    208.060     3.4809   3.183529    34.5788    27.5034 0.0000e+00
       4539    206.873     3.4511   3.180484    34.5744    27.5028 0.0000e+00
       4540    205.733     3.4278   3.179633    34.5896    27.5171 0.0000e+00
       4541    204.572     3.4063   3.177739    34.5903    27.5198 0.0000e+00
       4542    203.383     3.3875   3.174746    34.5748    27.5093 0.0000e+00
       4543    202.220     3.3770   3.172904    34.5644    27.5020 0.0000e+00
       4544    201.102     3.3681   3.172049    34.5642    27.5027 0.0000e+00
       4545    199.958     3.3467   3.170105    34.5641    27.5047 0.0000e+00
       4546    198.706     3.3037   3.164136    34.5385    27.4883 0.0000e+00
       4547    197.345     3.2611   3.158138    34.5120    27.4712 0.0000e+00
       4548    195.950     3.2477   3.157275    34.5166    27.4762 0.0000e+00
       4549    194.614     3.2492   3.157517    34.5187    27.4777 0.0000e+00
       4550    193.376     3.2440   3.156033    34.5069    27.4688 0.0000e+00
       4551    192.198     3.2355   3.155151    34.5059    27.4688 0.0000e+00
       4552    191.014     3.2218   3.153820    34.5050    27.4694 0.0000e+00
       4553    189.792     3.1999   3.151333    34.4989    27.4666 0.0000e+00
       4554    188.551     3.1837   3.149840    34.4987    27.4680 0.0000e+00
       4555    187.319     3.1761   3.148601    34.4925    27.4637 0.0000e+00
       4556    186.095     3.1677   3.146970    34.4823    27.4563 0.0000e+00
       4557    184.849     3.1619   3.146049    34.4780    27.4534 0.0000e+00
       4558    183.555     3.1628   3.146021    34.4774    27.4529 0.0000e+00
       4559    182.221     3.1624   3.145754    34.4753    27.4513 0.0000e+00
       4560    180.866     3.1553   3.144950    34.4739    27.4508 0.0000e+00
       4561    179.498     3.1470   3.144265    34.4752    27.4526 0.0000e+00
       4562    178.142     3.1388   3.143074    34.4702    27.4494 0.0000e+00
       4563    176.820     3.1300   3.141877    34.4658    27.4467 0.0000e+00
       4564    175.533     3.1243   3.141421    34.4670    27.4482 0.0000e+00
       4565    174.257     3.1226   3.141191    34.4667    27.4481 0.0000e+00
       4566    172.965     3.1237   3.141039    34.4644    27.4462 0.0000e+00
       4567    171.640     3.1260   3.140991    34.4621    27.4441 0.0000e+00
       4568    170.275     3.1248   3.140512    34.4583    27.4412 0.0000e+00
       4569    168.885     3.1141   3.138979    34.4519    27.4370 0.0000e+00
       4570    167.507     3.0943   3.136299    34.4412    27.4303 0.0000e+00
       4571    166.161     3.0707   3.133115    34.4283    27.4223 0.0000e+00
       4572    164.831     3.0499   3.130591    34.4205    27.4179 0.0000e+00
       4573    163.481     3.0381   3.129345    34.4187    27.4176 0.0000e+00
       4574    162.083     3.0363   3.129461    34.4228    27.4210 0.0000e+00
       4575    160.648     3.0331   3.129164    34.4234    27.4218 0.0000e+00
       4576    159.236     3.0140   3.126368    34.4105    27.4132 0.0000e+00
       4577    157.905     2.9854   3.122936    34.3999    27.4073 0.0000e+00
       4578    156.645     2.9664   3.121724    34.4061    27.4140 0.0000e+00
       4579    155.373     2.9537   3.120686    34.4077    27.4164 0.0000e+00
       4580    154.013     2.9347   3.117601    34.3910    27.4049 0.0000e+00
       4581    152.568     2.9181   3.115508    34.3840    27.4008 0.0000e+00
       4582    151.109     2.9131   3.115239    34.3869    27.4035 0.0000e+00
       4583    149.701     2.9112   3.114620    34.3821    27.3999 0.0000e+00
       4584    148.353     2.9075   3.113993    34.3791    27.3978 0.0000e+00
       4585    147.025     2.9048   3.113941    34.3821    27.4005 0.0000e+00
       4586    145.674     2.9028   3.113636    34.3813    27.4000 0.0000e+00
       4587    144.298     2.9009   3.112989    34.3762    27.3961 0.0000e+00
       4588    142.925     2.8994   3.112333    34.3705    27.3917 0.0000e+00
       4589    141.567     2.8979   3.111640    34.3644    27.3869 0.0000e+00
       4590    140.190     2.8977   3.110955    34.3570    27.3810 0.0000e+00
       4591    138.766     2.8990   3.109520    34.3389    27.3664 0.0000e+00
       4592    137.318     2.9002   3.107955    34.3192    27.3506 0.0000e+00
       4593    135.906     2.9006   3.106916    34.3069    27.3407 0.0000e+00
       4594    134.566     2.9017   3.105782    34.2926    27.3292 0.0000e+00
       4595    133.258     2.9262   3.106702    34.2785    27.3157 0.0000e+00
       4596    131.888     3.0049   3.113079    34.2733    27.3045 0.0000e+00
       4597    130.408     3.1044   3.121123    34.2663    27.2898 0.0000e+00
       4598    128.865     3.1542   3.123086    34.2382    27.2628 0.0000e+00
       4599    127.343     3.1586   3.122444    34.2266    27.2531 0.0000e+00
       4600    125.903     3.1707   3.124916    34.2445    27.2664 0.0000e+00
       4601    124.538     3.1999   3.127024    34.2399    27.2600 0.0000e+00
       4602    123.173     3.2308   3.128234    34.2226    27.2433 0.0000e+00
       4603    121.756     3.2599   3.130525    34.2204    27.2388 0.0000e+00
       4604    120.318     3.2779   3.131691    34.2163    27.2338 0.0000e+00
       4605    118.922     3.2799   3.131385    34.2112    27.2296 0.0000e+00
       4606    117.558     3.2723   3.130383    34.2079    27.2276 0.0000e+00
       4607    116.140     3.2544   3.126878    34.1851    27.2111 0.0000e+00
       4608    114.620     3.2296   3.121824    34.1509    27.1862 0.0000e+00
       4609    113.053     3.2146   3.119468    34.1391    27.1781 0.0000e+00
       4610    111.534     3.2142   3.119540    34.1412    27.1799 0.0000e+00
       4611    110.106     3.2137   3.118692    34.1322    27.1728 0.0000e+00
       4612    108.716     3.2031   3.116733    34.1205    27.1644 0.0000e+00
       4613    107.272     3.1834   3.114155    34.1108    27.1585 0.0000e+00
       4614    105.750     3.1610   3.111176    34.0991    27.1512 0.0000e+00
       4615    104.199     3.1472   3.109613    34.0956    27.1497 0.0000e+00
       4616    102.667     3.1458   3.109816    34.1004    27.1536 0.0000e+00
       4617    101.165     3.1475   3.110015    34.1018    27.1546 0.0000e+00
       4618     99.694     3.1461   3.109557    34.0985    27.1521 0.0000e+00
       4619     98.254     3.1406   3.108464    34.0919    27.1473 0.0000e+00
       4620     96.829     3.1229   3.106167    34.0834    27.1422 0.0000e+00
       4621     95.384     3.0865   3.101895    34.0707    27.1354 0.0000e+00
       4622     93.899     3.0484   3.097247    34.0553    27.1265 0.0000e+00
       4623     92.391     3.0278   3.095212    34.0531    27.1267 0.0000e+00
       4624     90.883     3.0202   3.094871    34.0578    27.1311 0.0000e+00
       4625     89.380     3.0137   3.094365    34.0593    27.1329 0.0000e+00
       4626     87.885     3.0088   3.094362    34.0653    27.1381 0.0000e+00
       4627     86.423     3.0102   3.094591    34.0674    27.1397 0.0000e+00
       4628     85.021     3.0130   3.093536    34.0524    27.1274 0.0000e+00
       4629     83.653     3.0080   3.091795    34.0372    27.1158 0.0000e+00
       4630     82.239     2.9929   3.089642    34.0277    27.1095 0.0000e+00
       4631     80.758     2.9745   3.086683    34.0119    27.0986 0.0000e+00
       4632     79.273     2.9626   3.084976    34.0044    27.0937 0.0000e+00
       4633     77.849     2.9581   3.084673    34.0063    27.0956 0.0000e+00
       4634     76.464     2.9577   3.084552    34.0060    27.0954 0.0000e+00
       4635     75.057     2.9625   3.084681    34.0033    27.0928 0.0000e+00
       4636     73.695     2.9702   3.084684    33.9959    27.0862 0.0000e+00
       4637     72.545     2.9743   3.084587    33.9911    27.0820 0.0000e+00
       4638     71.623     2.9754   3.084806    33.9931    27.0835 0.0000e+00
       4639     70.775     2.9770   3.085163    33.9962    27.0858 0.0000e+00
       4640     69.902     2.9775   3.085189    33.9965    27.0860 0.0000e+00
       4641     69.019     2.9757   3.084879    33.9951    27.0851 0.0000e+00
       4642     68.169     2.9743   3.084788    33.9959    27.0859 0.0000e+00
       4643     67.365     2.9765   3.084934    33.9958    27.0856 0.0000e+00
       4644     66.587     2.9804   3.084843    33.9910    27.0814 0.0000e+00
       4645     65.817     2.9823   3.084461    33.9848    27.0762 0.0000e+00
       4646     65.049     2.9809   3.083668    33.9770    27.0702 0.0000e+00
       4647     64.284     2.9765   3.082532    33.9682    27.0635 0.0000e+00
       4648     63.525     2.9711   3.081594    33.9629    27.0598 0.0000e+00
       4649     62.777     2.9666   3.081027    33.9612    27.0588 0.0000e+00
       4650     62.043     2.9640   3.080867    33.9623    27.0600 0.0000e+00
       4651     61.310     2.9652   3.081300    33.9668    27.0634 0.0000e+00
       4652     60.556     2.9718   3.081844    33.9669    27.0629 0.0000e+00
       4653     59.780     2.9813   3.081867    33.9575    27.0546 0.0000e+00
       4654     59.002     2.9861   3.081538    33.9489    27.0473 0.0000e+00
       4655     58.215     2.9846   3.081296    33.9480    27.0466 0.0000e+00
       4656     57.389     2.9809   3.081095    33.9499    27.0485 0.0000e+00
       4657     56.528     2.9763   3.080513    33.9481    27.0475 0.0000e+00
       4658     55.675     2.9726   3.079697    33.9425    27.0434 0.0000e+00
       4659     54.868     2.9699   3.078991    33.9372    27.0394 0.0000e+00
       4660     54.101     2.9531   3.077031    33.9314    27.0363 0.0000e+00
       4661     53.326     2.9020   3.070961    33.9116    27.0250 0.0000e+00
       4662     52.503     2.8327   3.063229    33.8907    27.0144 0.0000e+00
       4663     51.644     2.7927   3.061553    33.9129    27.0356 0.0000e+00
       4664     50.796     2.7969   3.063976    33.9386    27.0558 0.0000e+00
       4665     49.982     2.8125   3.063658    33.9187    27.0385 0.0000e+00
       4666     49.194     2.8189   3.062779    33.9016    27.0243 0.0000e+00
       4667     48.414     2.8151   3.062958    33.9082    27.0299 0.0000e+00
       4668     47.610     2.7822   3.060177    33.9094    27.0337 0.0000e+00
       4669     46.744     2.7120   3.053012    33.8962    27.0292 0.0000e+00
       4670     45.816     2.6372   3.047982    33.9141    27.0499 0.0000e+00
       4671     44.878     2.6025   3.049920    33.9753    27.1018 0.0000e+00
       4672     43.972     2.6269   3.054387    34.0049    27.1234 0.0000e+00
       4673     43.089     2.6740   3.056327    33.9792    27.0989 0.0000e+00
       4674     42.207     2.6607   3.050569    33.9230    27.0551 0.0000e+00
       4675     41.311     2.5534   3.035247    33.8485    27.0046 0.0000e+00
       4676     40.386     2.4269   3.023100    33.8331    27.0028 0.0000e+00
       4677     39.456     2.3709   3.023931    33.9034    27.0637 0.0000e+00
       4678     38.603     2.3901   3.025327    33.9008    27.0600 0.0000e+00
       4679     37.890     2.4220   3.019031    33.7893    26.9682 0.0000e+00
       4680     37.284     2.4292   3.014128    33.7214    26.9133 0.0000e+00
       4681     36.715     2.4275   3.015298    33.7380    26.9267 0.0000e+00
       4682     36.167     2.4314   3.018224    33.7703    26.9522 0.0000e+00
       4683     35.657     2.4394   3.019095    33.7729    26.9536 0.0000e+00
       4684     35.185     2.4475   3.019748    33.7727    26.9528 0.0000e+00
       4685     34.740     2.4458   3.021693    33.7988    26.9738 0.0000e+00
       4686     34.319     2.4247   3.021476    33.8187    26.9915 0.0000e+00
       4687     33.928     2.4012   3.018721    33.8098    26.9863 0.0000e+00
       4688     33.567     2.3959   3.015621    33.7772    26.9606 0.0000e+00
       4689     33.231     2.3921   3.012069    33.7374    26.9291 0.0000e+00
       4690     32.913     2.3803   3.009870    33.7229    26.9184 0.0000e+00
       4691     32.600     2.3776   3.010571    33.7346    26.9280 0.0000e+00
       4692     32.285     2.3724   3.012118    33.7594    26.9483 0.0000e+00
       4693     31.960     2.3288   3.009533    33.7738    26.9634 0.0000e+00
       4694     31.612     2.2452   3.000433    33.7497    26.9508 0.0000e+00
       4695     31.222     2.1623   2.990406    33.7132    26.9282 0.0000e+00
       4696     30.793     2.1079   2.984126    33.6930    26.9162 0.0000e+00
       4697     30.349     2.0770   2.980805    33.6846    26.9119 0.0000e+00
       4698     29.913     2.0580   2.978681    33.6785    26.9085 0.0000e+00
       4699     29.496     2.0453   2.977264    33.6745    26.9063 0.0000e+00
       4700     29.110     2.0398   2.978469    33.6957    26.9236 0.0000e+00
       4701     28.774     2.0533   2.983249    33.7412    26.9591 0.0000e+00
       4702     28.496     2.0919   2.987794    33.7571    26.9688 0.0000e+00
       4703     28.252     2.1240   2.988327    33.7297    26.9443 0.0000e+00
       4704     28.001     2.1105   2.983875    33.6886    26.9125 0.0000e+00
       4705     27.715     2.0624   2.976373    33.6462    26.8823 0.0000e+00
       4706     27.364     2.0195   2.971261    33.6281    26.8711 0.0000e+00
       4707     26.940     1.9989   2.970103    33.6358    26.8788 0.0000e+00
       4708     26.484     1.9926   2.969788    33.6388    26.8817 0.0000e+00
       4709     26.042     1.9897   2.968954    33.6317    26.8762 0.0000e+00
       4710     25.641     1.9873   2.968671    33.6309    26.8758 0.0000e+00
       4711     25.302     1.9905   2.970609    33.6519    26.8924 0.0000e+00
       4712     25.032     2.0031   2.973655    33.6768    26.9114 0.0000e+00
       4713     24.816     2.0116   2.973685    33.6683    26.9039 0.0000e+00
       4714     24.617     2.0011   2.969803    33.6310    26.8748 0.0000e+00
       4715     24.402     1.9802   2.965825    33.6035    26.8544 0.0000e+00
       4716     24.143     1.9667   2.965019    33.6079    26.8589 0.0000e+00
       4717     23.810     1.9684   2.967173    33.6333    26.8791 0.0000e+00
