Datasets/Multi_Species/TEL214/tel214_2020_016.cnv
* Sea-Bird SBE19plus Data File:
* Filename = C:/AQUIRE/tel214_2020_016.hex
* Software Version AquireV2 AF V2.0
* Temperature SN =  7853
* Conductivity SN =  7853
* System UpLoad Time = Nov 10 2020 18:31:16
* <ApplicationData>
* <AQUIREV2>
** VESSEL/TRIP/SEQ STN: tel214_2020_016
** LATITUDE: 54 41.11 N
** LONGITUDE: 53 41.94 W
** DATE/TIME: 2020-11-10 17:06
** SOUNDING DEPTH (M): 0323
** PROBE TYPE: S7853
** CTD NUMBER: 016
** COMMENTS: 
# nquan = 7                                 
# nvalues = 4836                        
# units = specified
# name 0 = scan: Scan Count
# name 1 = prdM: Pressure, Strain Gauge [db]
# name 2 = tv290C: Temperature [ITS-90, deg C]
# name 3 = c0S/m: Conductivity [S/m]
# name 4 = sal00: Salinity, Practical [PSU]
# name 5 = sigma-t00: Density [sigma-t, kg/m^3 ]
# name 6 = flag: flag
# span 0 =          1,       4836       
# span 1 =     -1.322,    323.936       
# span 2 =     0.9404,     3.6647       
# span 3 =   0.000097,   3.183308       
# span 4 =    -0.0005,    34.5416       
# span 5 =    -0.0933,    27.4764       
# span 6 = 0.0000e+00, 0.0000e+00       
# interval = seconds: 1
# start_time = Nov 10 2020 17:06:01 [Instrument's time stamp, header]
# bad_flag = -9.990e-29
*END*
[from data line 2667]
       2668    316.788     3.4344   3.180502    34.5326    27.4711 0.0000e+00
       2669    316.798     3.4345   3.180524    34.5328    27.4712 0.0000e+00
       2670    316.804     3.4348   3.180563    34.5329    27.4713 0.0000e+00
       2671    316.791     3.4350   3.180591    34.5330    27.4714 0.0000e+00
       2672    316.765     3.4350   3.180588    34.5330    27.4713 0.0000e+00
       2673    316.743     3.4349   3.180577    34.5330    27.4713 0.0000e+00
       2674    316.736     3.4348   3.180578    34.5331    27.4714 0.0000e+00
       2675    316.744     3.4348   3.180597    34.5333    27.4716 0.0000e+00
       2676    316.760     3.4350   3.180643    34.5337    27.4719 0.0000e+00
       2677    316.769     3.4355   3.180693    34.5337    27.4719 0.0000e+00
       2678    316.769     3.4359   3.180709    34.5335    27.4717 0.0000e+00
       2679    316.764     3.4360   3.180684    34.5331    27.4713 0.0000e+00
       2680    316.758     3.4358   3.180643    34.5328    27.4711 0.0000e+00
       2681    316.760     3.4354   3.180597    34.5327    27.4711 0.0000e+00
       2682    316.769     3.4350   3.180548    34.5325    27.4710 0.0000e+00
       2683    316.776     3.4348   3.180541    34.5327    27.4711 0.0000e+00
       2684    316.777     3.4349   3.180589    34.5331    27.4714 0.0000e+00
       2685    316.782     3.4352   3.180641    34.5334    27.4717 0.0000e+00
       2686    316.805     3.4356   3.180693    34.5336    27.4718 0.0000e+00
       2687    316.832     3.4360   3.180758    34.5340    27.4720 0.0000e+00
       2688    316.838     3.4366   3.180817    34.5340    27.4720 0.0000e+00
       2689    316.822     3.4369   3.180843    34.5340    27.4720 0.0000e+00
       2690    316.805     3.4371   3.180836    34.5338    27.4717 0.0000e+00
       2691    316.809     3.4369   3.180821    34.5338    27.4718 0.0000e+00
       2692    316.838     3.4368   3.180803    34.5337    27.4717 0.0000e+00
       2693    316.873     3.4365   3.180726    34.5330    27.4712 0.0000e+00
       2694    316.886     3.4359   3.180596    34.5321    27.4705 0.0000e+00
       2695    316.869     3.4352   3.180498    34.5317    27.4702 0.0000e+00
       2696    316.842     3.4345   3.180425    34.5315    27.4702 0.0000e+00
       2697    316.830     3.4340   3.180327    34.5309    27.4698 0.0000e+00
       2698    316.843     3.4332   3.180222    34.5305    27.4695 0.0000e+00
       2699    316.876     3.4325   3.180144    34.5303    27.4694 0.0000e+00
       2700    316.907     3.4320   3.180128    34.5306    27.4697 0.0000e+00
       2701    316.903     3.4321   3.180187    34.5312    27.4702 0.0000e+00
       2702    316.859     3.4324   3.180244    34.5316    27.4705 0.0000e+00
       2703    316.800     3.4326   3.180259    34.5316    27.4704 0.0000e+00
       2704    316.757     3.4326   3.180259    34.5316    27.4705 0.0000e+00
       2705    316.752     3.4326   3.180267    34.5317    27.4705 0.0000e+00
       2706    316.785     3.4329   3.180323    34.5320    27.4708 0.0000e+00
       2707    316.829     3.4336   3.180465    34.5330    27.4715 0.0000e+00
       2708    316.840     3.4349   3.180660    34.5339    27.4721 0.0000e+00
       2709    316.779     3.4361   3.180799    34.5344    27.4723 0.0000e+00
       2710    316.648     3.4368   3.180826    34.5340    27.4720 0.0000e+00
       2711    316.490     3.4371   3.180778    34.5332    27.4713 0.0000e+00
       2712    316.378     3.4371   3.180729    34.5327    27.4709 0.0000e+00
       2713    316.363     3.4370   3.180723    34.5327    27.4709 0.0000e+00
       2714    316.420     3.4368   3.180757    34.5333    27.4714 0.0000e+00
       2715    316.486     3.4368   3.180784    34.5336    27.4716 0.0000e+00
       2716    316.523     3.4368   3.180777    34.5335    27.4716 0.0000e+00
       2717    316.538     3.4367   3.180743    34.5332    27.4713 0.0000e+00
       2718    316.555     3.4364   3.180704    34.5330    27.4712 0.0000e+00
       2719    316.589     3.4362   3.180691    34.5331    27.4713 0.0000e+00
       2720    316.640     3.4360   3.180700    34.5334    27.4715 0.0000e+00
       2721    316.684     3.4362   3.180723    34.5334    27.4715 0.0000e+00
       2722    316.697     3.4364   3.180767    34.5337    27.4718 0.0000e+00
       2723    316.678     3.4367   3.180801    34.5338    27.4718 0.0000e+00
       2724    316.654     3.4368   3.180823    34.5340    27.4719 0.0000e+00
       2725    316.653     3.4369   3.180847    34.5342    27.4721 0.0000e+00
       2726    316.681     3.4371   3.180867    34.5342    27.4721 0.0000e+00
       2727    316.724     3.4371   3.180865    34.5341    27.4720 0.0000e+00
       2728    316.763     3.4372   3.180852    34.5339    27.4718 0.0000e+00
       2729    316.797     3.4372   3.180848    34.5338    27.4717 0.0000e+00
       2730    316.831     3.4372   3.180858    34.5339    27.4718 0.0000e+00
       2731    316.862     3.4372   3.180883    34.5342    27.4721 0.0000e+00
       2732    316.887     3.4375   3.180924    34.5343    27.4722 0.0000e+00
       2733    316.897     3.4379   3.180958    34.5343    27.4721 0.0000e+00
       2734    316.889     3.4381   3.180968    34.5342    27.4720 0.0000e+00
       2735    316.869     3.4381   3.180959    34.5341    27.4719 0.0000e+00
       2736    316.856     3.4379   3.180944    34.5342    27.4720 0.0000e+00
       2737    316.865     3.4379   3.180937    34.5341    27.4719 0.0000e+00
       2738    316.895     3.4379   3.180957    34.5343    27.4721 0.0000e+00
       2739    316.921     3.4381   3.181002    34.5346    27.4723 0.0000e+00
       2740    316.919     3.4384   3.181038    34.5347    27.4724 0.0000e+00
       2741    316.888     3.4386   3.181050    34.5347    27.4723 0.0000e+00
       2742    316.857     3.4387   3.181049    34.5346    27.4722 0.0000e+00
       2743    316.852     3.4387   3.181047    34.5346    27.4722 0.0000e+00
       2744    316.879     3.4387   3.181042    34.5345    27.4722 0.0000e+00
       2745    316.913     3.4386   3.181020    34.5343    27.4720 0.0000e+00
       2746    316.907     3.4383   3.180983    34.5342    27.4720 0.0000e+00
       2747    316.830     3.4382   3.180973    34.5342    27.4720 0.0000e+00
       2748    316.683     3.4383   3.180995    34.5345    27.4722 0.0000e+00
       2749    316.499     3.4385   3.180995    34.5343    27.4721 0.0000e+00
       2750    316.359     3.4383   3.180967    34.5343    27.4720 0.0000e+00
       2751    316.324     3.4379   3.180942    34.5344    27.4722 0.0000e+00
       2752    316.362     3.4379   3.180942    34.5344    27.4722 0.0000e+00
       2753    316.408     3.4379   3.180937    34.5343    27.4721 0.0000e+00
       2754    316.443     3.4379   3.180894    34.5338    27.4717 0.0000e+00
       2755    316.486     3.4376   3.180841    34.5335    27.4714 0.0000e+00
       2756    316.548     3.4372   3.180794    34.5333    27.4713 0.0000e+00
       2757    316.619     3.4368   3.180726    34.5328    27.4710 0.0000e+00
       2758    316.681     3.4363   3.180677    34.5328    27.4710 0.0000e+00
       2759    316.726     3.4360   3.180676    34.5330    27.4713 0.0000e+00
       2760    316.756     3.4360   3.180668    34.5329    27.4712 0.0000e+00
       2761    316.769     3.4358   3.180630    34.5327    27.4710 0.0000e+00
       2762    316.766     3.4354   3.180584    34.5325    27.4709 0.0000e+00
       2763    316.751     3.4350   3.180556    34.5326    27.4710 0.0000e+00
       2764    316.734     3.4349   3.180550    34.5327    27.4711 0.0000e+00
       2765    316.731     3.4349   3.180538    34.5325    27.4710 0.0000e+00
       2766    316.754     3.4349   3.180528    34.5324    27.4709 0.0000e+00
       2767    316.798     3.4350   3.180576    34.5329    27.4712 0.0000e+00
       2768    316.845     3.4353   3.180677    34.5337    27.4719 0.0000e+00
       2769    316.882     3.4360   3.180776    34.5342    27.4722 0.0000e+00
       2770    316.909     3.4367   3.180846    34.5342    27.4722 0.0000e+00
       2771    316.930     3.4370   3.180868    34.5342    27.4721 0.0000e+00
       2772    316.946     3.4371   3.180855    34.5339    27.4718 0.0000e+00
       2773    316.960     3.4371   3.180843    34.5338    27.4717 0.0000e+00
       2774    316.970     3.4371   3.180839    34.5337    27.4717 0.0000e+00
       2775    316.979     3.4371   3.180839    34.5337    27.4717 0.0000e+00
       2776    316.985     3.4371   3.180849    34.5338    27.4718 0.0000e+00
       2777    316.988     3.4371   3.180853    34.5339    27.4718 0.0000e+00
       2778    316.996     3.4370   3.180832    34.5337    27.4717 0.0000e+00
       2779    317.018     3.4368   3.180784    34.5333    27.4714 0.0000e+00
       2780    317.043     3.4364   3.180725    34.5330    27.4712 0.0000e+00
       2781    317.055     3.4362   3.180700    34.5329    27.4712 0.0000e+00
       2782    317.055     3.4360   3.180726    34.5335    27.4716 0.0000e+00
       2783    317.062     3.4362   3.180777    34.5339    27.4719 0.0000e+00
       2784    317.084     3.4366   3.180841    34.5342    27.4721 0.0000e+00
       2785    317.110     3.4372   3.180937    34.5347    27.4725 0.0000e+00
       2786    317.119     3.4381   3.181047    34.5351    27.4727 0.0000e+00
       2787    317.101     3.4387   3.181120    34.5353    27.4728 0.0000e+00
       2788    317.074     3.4391   3.181144    34.5352    27.4727 0.0000e+00
       2789    317.064     3.4391   3.181146    34.5352    27.4727 0.0000e+00
       2790    317.085     3.4391   3.181152    34.5353    27.4727 0.0000e+00
       2791    317.140     3.4393   3.181184    34.5354    27.4728 0.0000e+00
       2792    317.206     3.4398   3.181253    34.5357    27.4730 0.0000e+00
       2793    317.239     3.4405   3.181317    34.5357    27.4729 0.0000e+00
       2794    317.211     3.4408   3.181334    34.5356    27.4728 0.0000e+00
       2795    317.134     3.4409   3.181311    34.5353    27.4726 0.0000e+00
       2796    317.059     3.4408   3.181278    34.5350    27.4724 0.0000e+00
       2797    317.036     3.4405   3.181270    34.5352    27.4726 0.0000e+00
       2798    317.083     3.4403   3.181271    34.5354    27.4728 0.0000e+00
       2799    317.174     3.4402   3.181270    34.5355    27.4728 0.0000e+00
       2800    317.266     3.4402   3.181266    34.5354    27.4727 0.0000e+00
       2801    317.325     3.4404   3.181270    34.5352    27.4726 0.0000e+00
       2802    317.355     3.4405   3.181279    34.5352    27.4725 0.0000e+00
       2803    317.388     3.4405   3.181285    34.5352    27.4726 0.0000e+00
       2804    317.447     3.4405   3.181294    34.5353    27.4726 0.0000e+00
       2805    317.529     3.4406   3.181307    34.5353    27.4726 0.0000e+00
       2806    317.613     3.4406   3.181317    34.5354    27.4727 0.0000e+00
       2807    317.682     3.4406   3.181316    34.5353    27.4727 0.0000e+00
       2808    317.735     3.4406   3.181312    34.5353    27.4726 0.0000e+00
       2809    317.787     3.4406   3.181313    34.5352    27.4726 0.0000e+00
       2810    317.854     3.4406   3.181313    34.5352    27.4725 0.0000e+00
       2811    317.935     3.4406   3.181303    34.5350    27.4724 0.0000e+00
       2812    318.015     3.4404   3.181283    34.5350    27.4724 0.0000e+00
       2813    318.077     3.4402   3.181273    34.5350    27.4724 0.0000e+00
       2814    318.106     3.4403   3.181291    34.5351    27.4725 0.0000e+00
       2815    318.107     3.4405   3.181321    34.5353    27.4726 0.0000e+00
       2816    318.107     3.4406   3.181339    34.5354    27.4727 0.0000e+00
       2817    318.136     3.4406   3.181344    34.5354    27.4727 0.0000e+00
       2818    318.199     3.4406   3.181328    34.5352    27.4725 0.0000e+00
       2819    318.265     3.4404   3.181277    34.5348    27.4722 0.0000e+00
       2820    318.302     3.4399   3.181205    34.5344    27.4720 0.0000e+00
       2821    318.310     3.4394   3.181154    34.5343    27.4720 0.0000e+00
       2822    318.310     3.4391   3.181124    34.5343    27.4720 0.0000e+00
       2823    318.324     3.4389   3.181095    34.5341    27.4719 0.0000e+00
       2824    318.358     3.4387   3.181079    34.5341    27.4719 0.0000e+00
       2825    318.404     3.4387   3.181099    34.5344    27.4720 0.0000e+00
       2826    318.443     3.4389   3.181150    34.5347    27.4723 0.0000e+00
       2827    318.458     3.4392   3.181210    34.5351    27.4726 0.0000e+00
       2828    318.437     3.4396   3.181243    34.5351    27.4726 0.0000e+00
       2829    318.390     3.4398   3.181244    34.5349    27.4724 0.0000e+00
       2830    318.346     3.4398   3.181234    34.5348    27.4723 0.0000e+00
       2831    318.336     3.4398   3.181221    34.5347    27.4722 0.0000e+00
       2832    318.363     3.4396   3.181200    34.5346    27.4722 0.0000e+00
       2833    318.403     3.4394   3.181178    34.5346    27.4721 0.0000e+00
       2834    318.428     3.4392   3.181169    34.5347    27.4722 0.0000e+00
       2835    318.435     3.4393   3.181174    34.5346    27.4722 0.0000e+00
       2836    318.442     3.4394   3.181189    34.5347    27.4722 0.0000e+00
       2837    318.454     3.4393   3.181185    34.5347    27.4723 0.0000e+00
       2838    318.460     3.4390   3.181107    34.5341    27.4718 0.0000e+00
       2839    318.452     3.4383   3.180978    34.5333    27.4712 0.0000e+00
       2840    318.433     3.4377   3.180916    34.5332    27.4712 0.0000e+00
       2841    318.421     3.4375   3.180923    34.5335    27.4715 0.0000e+00
       2842    318.428     3.4375   3.180936    34.5337    27.4716 0.0000e+00
       2843    318.450     3.4375   3.180942    34.5337    27.4717 0.0000e+00
       2844    318.470     3.4375   3.180957    34.5339    27.4718 0.0000e+00
       2845    318.470     3.4377   3.180994    34.5341    27.4720 0.0000e+00
       2846    318.456     3.4379   3.181037    34.5344    27.4722 0.0000e+00
       2847    318.450     3.4383   3.181074    34.5345    27.4722 0.0000e+00
       2848    318.466     3.4385   3.181095    34.5345    27.4722 0.0000e+00
       2849    318.492     3.4385   3.181079    34.5343    27.4720 0.0000e+00
       2850    318.510     3.4383   3.181017    34.5337    27.4716 0.0000e+00
       2851    318.512     3.4378   3.180944    34.5334    27.4714 0.0000e+00
       2852    318.498     3.4373   3.180913    34.5335    27.4715 0.0000e+00
       2853    318.475     3.4371   3.180929    34.5340    27.4719 0.0000e+00
       2854    318.455     3.4371   3.180952    34.5343    27.4721 0.0000e+00
       2855    318.453     3.4373   3.180957    34.5341    27.4720 0.0000e+00
       2856    318.472     3.4375   3.180958    34.5339    27.4718 0.0000e+00
       2857    318.506     3.4375   3.180952    34.5338    27.4717 0.0000e+00
       2858    318.541     3.4373   3.180936    34.5338    27.4717 0.0000e+00
       2859    318.568     3.4372   3.180950    34.5341    27.4720 0.0000e+00
       2860    318.580     3.4375   3.180992    34.5342    27.4721 0.0000e+00
       2861    318.575     3.4378   3.181011    34.5342    27.4720 0.0000e+00
       2862    318.556     3.4379   3.180998    34.5339    27.4718 0.0000e+00
       2863    318.525     3.4377   3.180984    34.5340    27.4718 0.0000e+00
       2864    318.490     3.4375   3.180986    34.5342    27.4721 0.0000e+00
       2865    318.460     3.4376   3.181003    34.5343    27.4721 0.0000e+00
       2866    318.444     3.4378   3.181030    34.5345    27.4722 0.0000e+00
       2867    318.448     3.4381   3.181083    34.5348    27.4724 0.0000e+00
       2868    318.466     3.4385   3.181147    34.5351    27.4727 0.0000e+00
       2869    318.483     3.4389   3.181197    34.5353    27.4728 0.0000e+00
       2870    318.481     3.4393   3.181235    34.5353    27.4728 0.0000e+00
       2871    318.458     3.4396   3.181264    34.5354    27.4728 0.0000e+00
