Datasets/Multi_Species/TEL214/tel214_2020_034.cnv
* Sea-Bird SBE19plus Data File:
* Filename = C:/AQUIRE/tel214_2020_034.hex
* Software Version AquireV2 AF V2.0
* Temperature SN =  8014
* Conductivity SN =  8014
* System UpLoad Time = Nov 15 2020 20:41:06
* <ApplicationData>
* <AQUIREV2>
** VESSEL/TRIP/SEQ STN: tel214_2020_034
** LATITUDE: 52 48.82 N
** LONGITUDE: 52 12.53 W
** DATE/TIME: 2020-11-15 19:38
** SOUNDING DEPTH (M): 0294
** PROBE TYPE: S8014
** CTD NUMBER: 034
** COMMENTS: 
# nquan = 7                                 
# nvalues = 3572                        
# units = specified
# name 0 = scan: Scan Count
# name 1 = prdM: Pressure, Strain Gauge [db]
# name 2 = tv290C: Temperature [ITS-90, deg C]
# name 3 = c0S/m: Conductivity [S/m]
# name 4 = sal00: Salinity, Practical [PSU]
# name 5 = sigma-t00: Density [sigma-t, kg/m^3 ]
# name 6 = flag: flag
# span 0 =          1,       3572       
# span 1 =     -0.500,    291.374       
# span 2 =     1.5362,     3.4368       
# span 3 =  -0.035943,   3.176060       
# span 4 =    -0.0006,    34.5634       
# span 5 =    -0.0741,    27.5020       
# span 6 = 0.0000e+00, 0.0000e+00       
# interval = seconds: 1
# start_time = Nov 15 2020 19:38:24 [Instrument's time stamp, header]
# bad_flag = -9.990e-29
*END*
[from data line 2052]
       2053    291.144     3.3639   3.174856    34.5534    27.4944 0.0000e+00
       2054    291.104     3.3638   3.174820    34.5531    27.4942 0.0000e+00
       2055    291.087     3.3635   3.174776    34.5529    27.4941 0.0000e+00
       2056    291.100     3.3633   3.174774    34.5531    27.4942 0.0000e+00
       2057    291.119     3.3632   3.174788    34.5533    27.4945 0.0000e+00
       2058    291.114     3.3632   3.174762    34.5530    27.4942 0.0000e+00
       2059    291.093     3.3630   3.174718    34.5527    27.4940 0.0000e+00
       2060    291.086     3.3626   3.174695    34.5529    27.4941 0.0000e+00
       2061    291.102     3.3622   3.174659    34.5528    27.4942 0.0000e+00
       2062    291.117     3.3617   3.174585    34.5525    27.4939 0.0000e+00
       2063    291.103     3.3613   3.174514    34.5520    27.4936 0.0000e+00
       2064    291.066     3.3610   3.174488    34.5521    27.4937 0.0000e+00
       2065    291.039     3.3611   3.174509    34.5522    27.4938 0.0000e+00
       2066    291.045     3.3615   3.174548    34.5523    27.4938 0.0000e+00
       2067    291.073     3.3616   3.174546    34.5521    27.4937 0.0000e+00
       2068    291.100     3.3615   3.174539    34.5521    27.4937 0.0000e+00
       2069    291.115     3.3616   3.174595    34.5527    27.4941 0.0000e+00
       2070    291.119     3.3621   3.174666    34.5530    27.4943 0.0000e+00
       2071    291.118     3.3624   3.174697    34.5531    27.4943 0.0000e+00
       2072    291.118     3.3625   3.174702    34.5530    27.4943 0.0000e+00
       2073    291.122     3.3624   3.174697    34.5531    27.4943 0.0000e+00
       2074    291.132     3.3624   3.174685    34.5529    27.4942 0.0000e+00
       2075    291.145     3.3624   3.174671    34.5527    27.4941 0.0000e+00
       2076    291.149     3.3622   3.174652    34.5527    27.4941 0.0000e+00
       2077    291.142     3.3621   3.174634    34.5526    27.4940 0.0000e+00
       2078    291.137     3.3620   3.174622    34.5526    27.4940 0.0000e+00
       2079    291.139     3.3619   3.174605    34.5525    27.4939 0.0000e+00
       2080    291.134     3.3617   3.174581    34.5524    27.4939 0.0000e+00
       2081    291.116     3.3614   3.174558    34.5525    27.4939 0.0000e+00
       2082    291.098     3.3613   3.174549    34.5525    27.4940 0.0000e+00
       2083    291.093     3.3612   3.174552    34.5526    27.4941 0.0000e+00
       2084    291.097     3.3612   3.174539    34.5525    27.4940 0.0000e+00
       2085    291.100     3.3609   3.174506    34.5524    27.4939 0.0000e+00
       2086    291.099     3.3606   3.174466    34.5522    27.4938 0.0000e+00
       2087    291.095     3.3603   3.174424    34.5520    27.4937 0.0000e+00
       2088    291.088     3.3600   3.174365    34.5516    27.4934 0.0000e+00
       2089    291.071     3.3596   3.174302    34.5513    27.4932 0.0000e+00
       2090    291.049     3.3593   3.174274    34.5513    27.4932 0.0000e+00
       2091    291.037     3.3590   3.174291    34.5518    27.4937 0.0000e+00
       2092    291.045     3.3590   3.174299    34.5519    27.4937 0.0000e+00
       2093    291.060     3.3586   3.174210    34.5513    27.4933 0.0000e+00
       2094    291.058     3.3577   3.174032    34.5501    27.4924 0.0000e+00
       2095    291.035     3.3565   3.173869    34.5494    27.4920 0.0000e+00
       2096    291.016     3.3557   3.173776    34.5491    27.4918 0.0000e+00
       2097    291.017     3.3552   3.173737    34.5492    27.4919 0.0000e+00
       2098    291.029     3.3551   3.173734    34.5493    27.4920 0.0000e+00
       2099    291.033     3.3552   3.173800    34.5500    27.4925 0.0000e+00
       2100    291.019     3.3559   3.173909    34.5505    27.4929 0.0000e+00
       2101    290.995     3.3565   3.173982    34.5508    27.4931 0.0000e+00
       2102    290.978     3.3569   3.174014    34.5508    27.4930 0.0000e+00
       2103    290.981     3.3571   3.174030    34.5507    27.4930 0.0000e+00
       2104    290.995     3.3571   3.174034    34.5508    27.4930 0.0000e+00
       2105    290.998     3.3571   3.174010    34.5505    27.4928 0.0000e+00
       2106    290.984     3.3567   3.173952    34.5502    27.4926 0.0000e+00
       2107    290.967     3.3563   3.173894    34.5500    27.4924 0.0000e+00
       2108    290.959     3.3561   3.173872    34.5499    27.4924 0.0000e+00
       2109    290.962     3.3560   3.173877    34.5501    27.4926 0.0000e+00
       2110    290.972     3.3561   3.173878    34.5500    27.4925 0.0000e+00
       2111    290.981     3.3560   3.173858    34.5498    27.4924 0.0000e+00
       2112    290.979     3.3558   3.173820    34.5496    27.4922 0.0000e+00
       2113    290.965     3.3554   3.173776    34.5495    27.4921 0.0000e+00
       2114    290.951     3.3552   3.173774    34.5497    27.4923 0.0000e+00
       2115    290.947     3.3552   3.173806    34.5501    27.4926 0.0000e+00
       2116    290.955     3.3552   3.173792    34.5499    27.4925 0.0000e+00
       2117    290.964     3.3551   3.173739    34.5494    27.4921 0.0000e+00
       2118    290.961     3.3549   3.173719    34.5493    27.4921 0.0000e+00
       2119    290.945     3.3548   3.173728    34.5496    27.4923 0.0000e+00
       2120    290.926     3.3546   3.173715    34.5496    27.4923 0.0000e+00
       2121    290.915     3.3541   3.173661    34.5495    27.4923 0.0000e+00
       2122    290.924     3.3537   3.173615    34.5494    27.4922 0.0000e+00
       2123    290.941     3.3536   3.173600    34.5493    27.4922 0.0000e+00
       2124    290.940     3.3535   3.173551    34.5488    27.4918 0.0000e+00
       2125    290.921     3.3530   3.173477    34.5485    27.4916 0.0000e+00
       2126    290.899     3.3526   3.173428    34.5483    27.4915 0.0000e+00
       2127    290.876     3.3523   3.173416    34.5485    27.4916 0.0000e+00
       2128    290.844     3.3523   3.173423    34.5486    27.4917 0.0000e+00
       2129    290.802     3.3524   3.173423    34.5485    27.4917 0.0000e+00
       2130    290.769     3.3524   3.173394    34.5482    27.4914 0.0000e+00
       2131    290.757     3.3521   3.173333    34.5478    27.4911 0.0000e+00
       2132    290.746     3.3515   3.173254    34.5475    27.4909 0.0000e+00
       2133    290.698     3.3508   3.173174    34.5473    27.4908 0.0000e+00
       2134    290.623     3.3501   3.173149    34.5477    27.4913 0.0000e+00
       2135    290.570     3.3493   3.173128    34.5484    27.4918 0.0000e+00
       2136    290.569     3.3486   3.173043    34.5481    27.4917 0.0000e+00
       2137    290.605     3.3483   3.172964    34.5474    27.4912 0.0000e+00
       2138    290.635     3.3483   3.172902    34.5467    27.4906 0.0000e+00
       2139    290.636     3.3483   3.172883    34.5464    27.4904 0.0000e+00
       2140    290.616     3.3484   3.172955    34.5472    27.4910 0.0000e+00
       2141    290.591     3.3489   3.173031    34.5476    27.4913 0.0000e+00
       2142    290.582     3.3491   3.173042    34.5475    27.4912 0.0000e+00
       2143    290.608     3.3492   3.173039    34.5474    27.4911 0.0000e+00
       2144    290.654     3.3494   3.173053    34.5473    27.4910 0.0000e+00
       2145    290.681     3.3493   3.173021    34.5470    27.4908 0.0000e+00
       2146    290.670     3.3487   3.172913    34.5464    27.4903 0.0000e+00
       2147    290.640     3.3481   3.172830    34.5460    27.4901 0.0000e+00
       2148    290.626     3.3479   3.172846    34.5464    27.4904 0.0000e+00
       2149    290.645     3.3479   3.172872    34.5467    27.4907 0.0000e+00
       2150    290.680     3.3478   3.172841    34.5464    27.4904 0.0000e+00
       2151    290.699     3.3476   3.172833    34.5466    27.4906 0.0000e+00
       2152    290.703     3.3477   3.172854    34.5467    27.4907 0.0000e+00
       2153    290.722     3.3479   3.172862    34.5466    27.4905 0.0000e+00
       2154    290.765     3.3480   3.172862    34.5464    27.4904 0.0000e+00
       2155    290.797     3.3480   3.172858    34.5464    27.4904 0.0000e+00
       2156    290.786     3.3480   3.172860    34.5464    27.4904 0.0000e+00
       2157    290.738     3.3480   3.172870    34.5466    27.4905 0.0000e+00
       2158    290.691     3.3477   3.172866    34.5468    27.4908 0.0000e+00
       2159    290.675     3.3473   3.172829    34.5468    27.4908 0.0000e+00
       2160    290.690     3.3471   3.172796    34.5466    27.4907 0.0000e+00
       2161    290.710     3.3472   3.172805    34.5466    27.4907 0.0000e+00
       2162    290.710     3.3474   3.172809    34.5465    27.4905 0.0000e+00
       2163    290.699     3.3474   3.172804    34.5464    27.4905 0.0000e+00
       2164    290.702     3.3474   3.172814    34.5465    27.4906 0.0000e+00
       2165    290.729     3.3475   3.172823    34.5465    27.4905 0.0000e+00
       2166    290.767     3.3475   3.172829    34.5466    27.4906 0.0000e+00
       2167    290.789     3.3475   3.172833    34.5466    27.4906 0.0000e+00
       2168    290.786     3.3475   3.172834    34.5466    27.4906 0.0000e+00
       2169    290.768     3.3475   3.172836    34.5467    27.4906 0.0000e+00
       2170    290.749     3.3475   3.172840    34.5467    27.4907 0.0000e+00
       2171    290.738     3.3474   3.172832    34.5467    27.4907 0.0000e+00
       2172    290.747     3.3471   3.172814    34.5468    27.4908 0.0000e+00
       2173    290.773     3.3468   3.172800    34.5470    27.4910 0.0000e+00
       2174    290.793     3.3468   3.172774    34.5466    27.4907 0.0000e+00
       2175    290.785     3.3466   3.172730    34.5463    27.4905 0.0000e+00
       2176    290.758     3.3464   3.172712    34.5463    27.4905 0.0000e+00
       2177    290.738     3.3464   3.172724    34.5465    27.4906 0.0000e+00
       2178    290.744     3.3464   3.172735    34.5466    27.4907 0.0000e+00
       2179    290.765     3.3465   3.172726    34.5464    27.4905 0.0000e+00
       2180    290.775     3.3464   3.172704    34.5462    27.4904 0.0000e+00
       2181    290.760     3.3464   3.172688    34.5460    27.4903 0.0000e+00
       2182    290.734     3.3464   3.172695    34.5461    27.4903 0.0000e+00
       2183    290.725     3.3464   3.172708    34.5463    27.4905 0.0000e+00
       2184    290.736     3.3464   3.172710    34.5463    27.4905 0.0000e+00
       2185    290.749     3.3464   3.172699    34.5462    27.4904 0.0000e+00
       2186    290.753     3.3464   3.172678    34.5459    27.4902 0.0000e+00
       2187    290.751     3.3462   3.172646    34.5458    27.4901 0.0000e+00
       2188    290.752     3.3461   3.172612    34.5454    27.4898 0.0000e+00
       2189    290.758     3.3458   3.172603    34.5457    27.4900 0.0000e+00
       2190    290.770     3.3453   3.172599    34.5461    27.4904 0.0000e+00
       2191    290.787     3.3447   3.172545    34.5461    27.4905 0.0000e+00
       2192    290.799     3.3443   3.172456    34.5455    27.4900 0.0000e+00
       2193    290.800     3.3440   3.172390    34.5450    27.4896 0.0000e+00
       2194    290.794     3.3438   3.172357    34.5448    27.4895 0.0000e+00
       2195    290.793     3.3438   3.172339    34.5446    27.4893 0.0000e+00
       2196    290.800     3.3437   3.172315    34.5444    27.4892 0.0000e+00
       2197    290.811     3.3433   3.172274    34.5443    27.4892 0.0000e+00
       2198    290.819     3.3427   3.172226    34.5444    27.4893 0.0000e+00
       2199    290.822     3.3423   3.172189    34.5443    27.4893 0.0000e+00
       2200    290.823     3.3422   3.172183    34.5444    27.4893 0.0000e+00
       2201    290.828     3.3423   3.172210    34.5446    27.4895 0.0000e+00
       2202    290.836     3.3423   3.172240    34.5450    27.4898 0.0000e+00
       2203    290.838     3.3421   3.172188    34.5445    27.4895 0.0000e+00
       2204    290.828     3.3415   3.172059    34.5436    27.4888 0.0000e+00
       2205    290.810     3.3408   3.171999    34.5437    27.4889 0.0000e+00
       2206    290.802     3.3403   3.172005    34.5443    27.4894 0.0000e+00
       2207    290.814     3.3398   3.171958    34.5442    27.4894 0.0000e+00
       2208    290.816     3.3395   3.171874    34.5435    27.4889 0.0000e+00
       2209    290.779     3.3393   3.171809    34.5430    27.4885 0.0000e+00
       2210    290.719     3.3392   3.171801    34.5430    27.4885 0.0000e+00
       2211    290.678     3.3392   3.171828    34.5434    27.4888 0.0000e+00
       2212    290.676     3.3390   3.171825    34.5435    27.4890 0.0000e+00
       2213    290.697     3.3388   3.171786    34.5433    27.4888 0.0000e+00
       2214    290.711     3.3386   3.171738    34.5429    27.4885 0.0000e+00
       2215    290.708     3.3385   3.171715    34.5427    27.4884 0.0000e+00
       2216    290.703     3.3386   3.171718    34.5427    27.4883 0.0000e+00
       2217    290.710     3.3388   3.171722    34.5425    27.4882 0.0000e+00
       2218    290.722     3.3386   3.171704    34.5425    27.4882 0.0000e+00
       2219    290.725     3.3382   3.171683    34.5427    27.4883 0.0000e+00
       2220    290.719     3.3381   3.171696    34.5429    27.4886 0.0000e+00
       2221    290.720     3.3382   3.171730    34.5432    27.4888 0.0000e+00
       2222    290.736     3.3384   3.171746    34.5432    27.4888 0.0000e+00
       2223    290.754     3.3385   3.171741    34.5430    27.4886 0.0000e+00
       2224    290.762     3.3385   3.171738    34.5430    27.4886 0.0000e+00
       2225    290.755     3.3385   3.171751    34.5431    27.4887 0.0000e+00
       2226    290.742     3.3386   3.171776    34.5433    27.4889 0.0000e+00
       2227    290.744     3.3388   3.171791    34.5433    27.4888 0.0000e+00
       2228    290.770     3.3388   3.171791    34.5433    27.4888 0.0000e+00
       2229    290.799     3.3387   3.171779    34.5432    27.4888 0.0000e+00
       2230    290.801     3.3385   3.171750    34.5431    27.4887 0.0000e+00
       2231    290.772     3.3384   3.171719    34.5428    27.4885 0.0000e+00
       2232    290.747     3.3383   3.171713    34.5429    27.4885 0.0000e+00
       2233    290.755     3.3381   3.171728    34.5433    27.4889 0.0000e+00
       2234    290.790     3.3380   3.171722    34.5433    27.4889 0.0000e+00
       2235    290.818     3.3379   3.171684    34.5429    27.4886 0.0000e+00
       2236    290.814     3.3377   3.171628    34.5425    27.4882 0.0000e+00
       2237    290.784     3.3373   3.171573    34.5422    27.4881 0.0000e+00
       2238    290.757     3.3370   3.171558    34.5424    27.4883 0.0000e+00
       2239    290.760     3.3367   3.171554    34.5427    27.4885 0.0000e+00
       2240    290.797     3.3363   3.171513    34.5426    27.4885 0.0000e+00
       2241    290.839     3.3358   3.171429    34.5421    27.4881 0.0000e+00
       2242    290.846     3.3353   3.171334    34.5415    27.4877 0.0000e+00
       2243    290.807     3.3348   3.171294    34.5415    27.4878 0.0000e+00
       2244    290.758     3.3346   3.171319    34.5421    27.4882 0.0000e+00
       2245    290.746     3.3348   3.171360    34.5424    27.4884 0.0000e+00
       2246    290.784     3.3350   3.171369    34.5422    27.4883 0.0000e+00
       2247    290.834     3.3350   3.171335    34.5418    27.4880 0.0000e+00
       2248    290.852     3.3350   3.171285    34.5412    27.4875 0.0000e+00
       2249    290.837     3.3348   3.171249    34.5410    27.4873 0.0000e+00
       2250    290.822     3.3346   3.171253    34.5412    27.4876 0.0000e+00
       2251    290.833     3.3346   3.171283    34.5416    27.4878 0.0000e+00
       2252    290.867     3.3346   3.171283    34.5416    27.4878 0.0000e+00
       2253    290.898     3.3344   3.171243    34.5413    27.4876 0.0000e+00
       2254    290.908     3.3342   3.171218    34.5412    27.4876 0.0000e+00
       2255    290.902     3.3342   3.171223    34.5413    27.4876 0.0000e+00
       2256    290.900     3.3340   3.171225    34.5415    27.4878 0.0000e+00
