Datasets/Multi_Species/TEL214/tel214_2020_028.cnv
* Sea-Bird SBE19plus Data File:
* Filename = C:/AQUIRE/tel214_2020_028.hex
* Software Version AquireV2 AF V2.0
* Temperature SN =  7853
* Conductivity SN =  7853
* System UpLoad Time = Nov 15 2020 01:57:06
* <ApplicationData>
* <AQUIREV2>
** VESSEL/TRIP/SEQ STN: tel214_2020_028
** LATITUDE: 53 30.76 N
** LONGITUDE: 52 34.09 W
** DATE/TIME: 2020-11-15 00:53
** SOUNDING DEPTH (M): 0343
** PROBE TYPE: S7853
** CTD NUMBER: 028
** COMMENTS: 
# nquan = 7                                 
# nvalues = 3646                        
# units = specified
# name 0 = scan: Scan Count
# name 1 = prdM: Pressure, Strain Gauge [db]
# name 2 = tv290C: Temperature [ITS-90, deg C]
# name 3 = c0S/m: Conductivity [S/m]
# name 4 = sal00: Salinity, Practical [PSU]
# name 5 = sigma-t00: Density [sigma-t, kg/m^3 ]
# name 6 = flag: flag
# span 0 =          1,       3646       
# span 1 =     -1.072,    344.650       
# span 2 =     0.2871,     4.0522       
# span 3 =   0.000030,   3.253040       
# span 4 =    -0.0015,    34.7557       
# span 5 =    -0.1386,    27.5895       
# span 6 = 0.0000e+00, 0.0000e+00       
# interval = seconds: 1
# start_time = Nov 15 2020 00:53:55 [Instrument's time stamp, header]
# bad_flag = -9.990e-29
*END*
[from data line 2462]
       2463    343.431     4.0295   3.252927    34.7531    27.5867 0.0000e+00
       2464    343.420     4.0294   3.252925    34.7532    27.5868 0.0000e+00
       2465    343.421     4.0294   3.252930    34.7533    27.5869 0.0000e+00
       2466    343.432     4.0294   3.252935    34.7533    27.5869 0.0000e+00
       2467    343.438     4.0296   3.252938    34.7532    27.5867 0.0000e+00
       2468    343.426     4.0296   3.252938    34.7532    27.5868 0.0000e+00
       2469    343.400     4.0296   3.252939    34.7532    27.5868 0.0000e+00
       2470    343.382     4.0295   3.252937    34.7533    27.5869 0.0000e+00
       2471    343.389     4.0294   3.252935    34.7534    27.5869 0.0000e+00
       2472    343.410     4.0294   3.252937    34.7534    27.5869 0.0000e+00
       2473    343.421     4.0294   3.252940    34.7534    27.5870 0.0000e+00
       2474    343.412     4.0294   3.252941    34.7534    27.5870 0.0000e+00
       2475    343.394     4.0294   3.252940    34.7534    27.5870 0.0000e+00
       2476    343.384     4.0294   3.252940    34.7534    27.5870 0.0000e+00
       2477    343.389     4.0294   3.252943    34.7535    27.5870 0.0000e+00
       2478    343.402     4.0295   3.252946    34.7534    27.5869 0.0000e+00
       2479    343.408     4.0295   3.252949    34.7534    27.5870 0.0000e+00
       2480    343.404     4.0295   3.252954    34.7535    27.5870 0.0000e+00
       2481    343.396     4.0294   3.252953    34.7536    27.5871 0.0000e+00
       2482    343.391     4.0294   3.252947    34.7535    27.5870 0.0000e+00
       2483    343.392     4.0294   3.252947    34.7535    27.5870 0.0000e+00
       2484    343.395     4.0294   3.252956    34.7536    27.5871 0.0000e+00
       2485    343.398     4.0294   3.252963    34.7537    27.5872 0.0000e+00
       2486    343.396     4.0296   3.252965    34.7535    27.5870 0.0000e+00
       2487    343.373     4.0297   3.252967    34.7534    27.5870 0.0000e+00
       2488    343.316     4.0297   3.252966    34.7535    27.5870 0.0000e+00
       2489    343.244     4.0296   3.252957    34.7535    27.5870 0.0000e+00
       2490    343.198     4.0296   3.252956    34.7535    27.5870 0.0000e+00
       2491    343.196     4.0296   3.252960    34.7536    27.5871 0.0000e+00
       2492    343.225     4.0296   3.252959    34.7535    27.5870 0.0000e+00
       2493    343.254     4.0294   3.252956    34.7537    27.5872 0.0000e+00
       2494    343.254     4.0294   3.252956    34.7537    27.5872 0.0000e+00
       2495    343.219     4.0294   3.252955    34.7537    27.5872 0.0000e+00
       2496    343.166     4.0294   3.252952    34.7537    27.5872 0.0000e+00
       2497    343.121     4.0295   3.252948    34.7536    27.5871 0.0000e+00
       2498    343.106     4.0296   3.252946    34.7534    27.5870 0.0000e+00
       2499    343.125     4.0296   3.252947    34.7534    27.5870 0.0000e+00
       2500    343.164     4.0295   3.252954    34.7536    27.5871 0.0000e+00
       2501    343.206     4.0294   3.252961    34.7538    27.5873 0.0000e+00
       2502    343.238     4.0294   3.252962    34.7538    27.5872 0.0000e+00
       2503    343.240     4.0294   3.252966    34.7538    27.5873 0.0000e+00
       2504    343.198     4.0294   3.252967    34.7539    27.5873 0.0000e+00
       2505    343.122     4.0294   3.252962    34.7538    27.5873 0.0000e+00
       2506    343.055     4.0294   3.252956    34.7538    27.5873 0.0000e+00
       2507    343.029     4.0294   3.252952    34.7538    27.5872 0.0000e+00
       2508    343.045     4.0294   3.252949    34.7537    27.5872 0.0000e+00
       2509    343.088     4.0294   3.252949    34.7537    27.5872 0.0000e+00
       2510    343.138     4.0294   3.252954    34.7537    27.5872 0.0000e+00
       2511    343.171     4.0294   3.252956    34.7537    27.5872 0.0000e+00
       2512    343.162     4.0294   3.252956    34.7537    27.5872 0.0000e+00
       2513    343.104     4.0293   3.252956    34.7539    27.5873 0.0000e+00
       2514    343.027     4.0294   3.252952    34.7538    27.5872 0.0000e+00
       2515    342.973     4.0294   3.252946    34.7537    27.5872 0.0000e+00
       2516    342.959     4.0294   3.252944    34.7537    27.5872 0.0000e+00
       2517    342.974     4.0293   3.252947    34.7538    27.5873 0.0000e+00
       2518    343.000     4.0293   3.252946    34.7538    27.5873 0.0000e+00
       2519    343.024     4.0293   3.252943    34.7538    27.5873 0.0000e+00
       2520    343.040     4.0291   3.252943    34.7540    27.5874 0.0000e+00
       2521    343.041     4.0290   3.252944    34.7541    27.5875 0.0000e+00
       2522    343.020     4.0290   3.252946    34.7541    27.5876 0.0000e+00
       2523    342.981     4.0290   3.252946    34.7541    27.5876 0.0000e+00
       2524    342.939     4.0290   3.252943    34.7541    27.5876 0.0000e+00
       2525    342.903     4.0290   3.252938    34.7541    27.5875 0.0000e+00
       2526    342.884     4.0290   3.252932    34.7540    27.5875 0.0000e+00
       2527    342.885     4.0290   3.252931    34.7540    27.5875 0.0000e+00
       2528    342.894     4.0290   3.252941    34.7541    27.5876 0.0000e+00
       2529    342.893     4.0291   3.252951    34.7541    27.5876 0.0000e+00
       2530    342.883     4.0292   3.252957    34.7541    27.5875 0.0000e+00
       2531    342.877     4.0293   3.252965    34.7541    27.5875 0.0000e+00
       2532    342.873     4.0293   3.252967    34.7541    27.5875 0.0000e+00
       2533    342.854     4.0293   3.252960    34.7541    27.5875 0.0000e+00
       2534    342.807     4.0293   3.252953    34.7540    27.5874 0.0000e+00
       2535    342.746     4.0293   3.252948    34.7540    27.5874 0.0000e+00
       2536    342.708     4.0292   3.252946    34.7541    27.5875 0.0000e+00
       2537    342.711     4.0293   3.252947    34.7540    27.5874 0.0000e+00
       2538    342.736     4.0293   3.252950    34.7540    27.5874 0.0000e+00
       2539    342.740     4.0293   3.252953    34.7540    27.5875 0.0000e+00
       2540    342.702     4.0293   3.252952    34.7540    27.5875 0.0000e+00
       2541    342.644     4.0291   3.252951    34.7543    27.5877 0.0000e+00
       2542    342.609     4.0290   3.252951    34.7544    27.5878 0.0000e+00
       2543    342.616     4.0290   3.252952    34.7544    27.5878 0.0000e+00
       2544    342.653     4.0290   3.252951    34.7544    27.5878 0.0000e+00
       2545    342.703     4.0291   3.252953    34.7543    27.5877 0.0000e+00
       2546    342.761     4.0293   3.252961    34.7541    27.5875 0.0000e+00
       2547    342.825     4.0294   3.252969    34.7541    27.5875 0.0000e+00
       2548    342.889     4.0294   3.252960    34.7539    27.5874 0.0000e+00
       2549    342.953     4.0294   3.252944    34.7537    27.5872 0.0000e+00
       2550    343.008     4.0296   3.252968    34.7538    27.5872 0.0000e+00
       2551    343.039     4.0297   3.253017    34.7542    27.5876 0.0000e+00
       2552    343.038     4.0298   3.253039    34.7544    27.5877 0.0000e+00
       2553    343.012     4.0299   3.253040    34.7543    27.5876 0.0000e+00
       2554    342.978     4.0299   3.253039    34.7543    27.5876 0.0000e+00
       2555    342.941     4.0300   3.253037    34.7542    27.5875 0.0000e+00
       2556    342.894     4.0301   3.253034    34.7541    27.5874 0.0000e+00
       2557    342.832     4.0301   3.253030    34.7541    27.5874 0.0000e+00
       2558    342.755     4.0301   3.253022    34.7540    27.5874 0.0000e+00
       2559    342.663     4.0299   3.253014    34.7542    27.5875 0.0000e+00
       2560    342.561     4.0297   3.252999    34.7543    27.5876 0.0000e+00
       2561    342.460     4.0297   3.252984    34.7541    27.5875 0.0000e+00
       2562    342.365     4.0295   3.252974    34.7543    27.5876 0.0000e+00
       2563    342.272     4.0294   3.252963    34.7543    27.5877 0.0000e+00
       2564    342.176     4.0294   3.252945    34.7541    27.5875 0.0000e+00
       2565    342.078     4.0293   3.252924    34.7540    27.5875 0.0000e+00
       2566    341.970     4.0291   3.252903    34.7541    27.5875 0.0000e+00
       2567    341.848     4.0290   3.252885    34.7540    27.5875 0.0000e+00
       2568    341.718     4.0289   3.252870    34.7540    27.5875 0.0000e+00
       2569    341.588     4.0287   3.252858    34.7542    27.5876 0.0000e+00
       2570    341.461     4.0286   3.252853    34.7543    27.5877 0.0000e+00
       2571    341.334     4.0286   3.252850    34.7543    27.5878 0.0000e+00
       2572    341.205     4.0286   3.252843    34.7543    27.5877 0.0000e+00
       2573    341.069     4.0286   3.252836    34.7543    27.5877 0.0000e+00
       2574    340.925     4.0286   3.252832    34.7543    27.5878 0.0000e+00
       2575    340.777     4.0286   3.252831    34.7544    27.5878 0.0000e+00
       2576    340.630     4.0286   3.252832    34.7545    27.5879 0.0000e+00
       2577    340.483     4.0286   3.252827    34.7545    27.5879 0.0000e+00
       2578    340.335     4.0286   3.252819    34.7545    27.5879 0.0000e+00
       2579    340.185     4.0286   3.252818    34.7545    27.5879 0.0000e+00
       2580    340.032     4.0286   3.252825    34.7547    27.5881 0.0000e+00
       2581    339.874     4.0287   3.252835    34.7548    27.5881 0.0000e+00
       2582    339.710     4.0289   3.252835    34.7547    27.5880 0.0000e+00
       2583    339.548     4.0289   3.252817    34.7546    27.5879 0.0000e+00
       2584    339.390     4.0289   3.252797    34.7544    27.5878 0.0000e+00
       2585    339.232     4.0288   3.252795    34.7546    27.5879 0.0000e+00
       2586    339.074     4.0289   3.252810    34.7547    27.5881 0.0000e+00
       2587    338.917     4.0290   3.252825    34.7549    27.5882 0.0000e+00
       2588    338.759     4.0292   3.252830    34.7548    27.5881 0.0000e+00
       2589    338.597     4.0292   3.252817    34.7547    27.5880 0.0000e+00
       2590    338.429     4.0290   3.252783    34.7546    27.5880 0.0000e+00
       2591    338.259     4.0287   3.252740    34.7545    27.5879 0.0000e+00
       2592    338.088     4.0283   3.252702    34.7546    27.5880 0.0000e+00
       2593    337.916     4.0282   3.252680    34.7545    27.5880 0.0000e+00
       2594    337.742     4.0282   3.252673    34.7545    27.5880 0.0000e+00
       2595    337.566     4.0281   3.252666    34.7547    27.5881 0.0000e+00
       2596    337.389     4.0281   3.252655    34.7546    27.5881 0.0000e+00
       2597    337.212     4.0281   3.252653    34.7547    27.5881 0.0000e+00
       2598    337.037     4.0281   3.252654    34.7548    27.5882 0.0000e+00
       2599    336.862     4.0281   3.252640    34.7547    27.5881 0.0000e+00
       2600    336.682     4.0279   3.252614    34.7547    27.5882 0.0000e+00
       2601    336.498     4.0277   3.252588    34.7547    27.5882 0.0000e+00
       2602    336.313     4.0275   3.252559    34.7547    27.5882 0.0000e+00
       2603    336.131     4.0274   3.252523    34.7545    27.5880 0.0000e+00
       2604    335.954     4.0269   3.252476    34.7545    27.5881 0.0000e+00
       2605    335.778     4.0266   3.252437    34.7545    27.5881 0.0000e+00
       2606    335.601     4.0264   3.252413    34.7545    27.5882 0.0000e+00
       2607    335.424     4.0261   3.252398    34.7547    27.5884 0.0000e+00
       2608    335.250     4.0259   3.252388    34.7549    27.5885 0.0000e+00
       2609    335.073     4.0259   3.252375    34.7549    27.5885 0.0000e+00
       2610    334.888     4.0258   3.252351    34.7548    27.5884 0.0000e+00
       2611    334.699     4.0256   3.252317    34.7547    27.5884 0.0000e+00
       2612    334.509     4.0253   3.252284    34.7547    27.5884 0.0000e+00
       2613    334.320     4.0252   3.252263    34.7547    27.5884 0.0000e+00
       2614    334.138     4.0251   3.252254    34.7548    27.5885 0.0000e+00
       2615    333.959     4.0250   3.252251    34.7550    27.5886 0.0000e+00
       2616    333.779     4.0249   3.252250    34.7551    27.5888 0.0000e+00
       2617    333.597     4.0248   3.252243    34.7553    27.5889 0.0000e+00
       2618    333.412     4.0248   3.252223    34.7551    27.5888 0.0000e+00
       2619    333.226     4.0248   3.252194    34.7549    27.5886 0.0000e+00
       2620    333.042     4.0247   3.252164    34.7547    27.5885 0.0000e+00
       2621    332.861     4.0247   3.252164    34.7548    27.5886 0.0000e+00
       2622    332.681     4.0250   3.252185    34.7549    27.5886 0.0000e+00
       2623    332.496     4.0252   3.252189    34.7548    27.5885 0.0000e+00
       2624    332.309     4.0252   3.252182    34.7548    27.5885 0.0000e+00
       2625    332.128     4.0251   3.252172    34.7549    27.5886 0.0000e+00
       2626    331.957     4.0249   3.252158    34.7550    27.5887 0.0000e+00
       2627    331.796     4.0248   3.252147    34.7551    27.5888 0.0000e+00
       2628    331.636     4.0248   3.252142    34.7551    27.5888 0.0000e+00
       2629    331.468     4.0248   3.252129    34.7550    27.5887 0.0000e+00
       2630    331.284     4.0248   3.252114    34.7550    27.5887 0.0000e+00
       2631    331.087     4.0248   3.252102    34.7549    27.5887 0.0000e+00
       2632    330.891     4.0248   3.252084    34.7548    27.5886 0.0000e+00
       2633    330.704     4.0246   3.252065    34.7549    27.5887 0.0000e+00
       2634    330.527     4.0244   3.252049    34.7550    27.5888 0.0000e+00
       2635    330.354     4.0243   3.252032    34.7550    27.5888 0.0000e+00
       2636    330.173     4.0241   3.252007    34.7550    27.5888 0.0000e+00
       2637    329.978     4.0238   3.251981    34.7551    27.5889 0.0000e+00
       2638    329.773     4.0236   3.251949    34.7551    27.5889 0.0000e+00
       2639    329.564     4.0234   3.251919    34.7551    27.5889 0.0000e+00
       2640    329.350     4.0233   3.251904    34.7551    27.5889 0.0000e+00
       2641    329.138     4.0233   3.251899    34.7552    27.5890 0.0000e+00
       2642    328.933     4.0234   3.251899    34.7552    27.5890 0.0000e+00
       2643    328.731     4.0235   3.251903    34.7552    27.5890 0.0000e+00
       2644    328.524     4.0235   3.251897    34.7552    27.5890 0.0000e+00
       2645    328.311     4.0233   3.251888    34.7555    27.5892 0.0000e+00
       2646    328.095     4.0234   3.251888    34.7555    27.5892 0.0000e+00
       2647    327.876     4.0236   3.251906    34.7556    27.5893 0.0000e+00
       2648    327.650     4.0240   3.251929    34.7556    27.5892 0.0000e+00
       2649    327.419     4.0243   3.251937    34.7555    27.5891 0.0000e+00
       2650    327.189     4.0244   3.251930    34.7554    27.5891 0.0000e+00
       2651    326.959     4.0244   3.251912    34.7553    27.5890 0.0000e+00
       2652    326.717     4.0244   3.251881    34.7551    27.5888 0.0000e+00
       2653    326.464     4.0242   3.251853    34.7551    27.5888 0.0000e+00
       2654    326.213     4.0240   3.251832    34.7552    27.5889 0.0000e+00
       2655    325.972     4.0240   3.251815    34.7551    27.5889 0.0000e+00
       2656    325.733     4.0239   3.251799    34.7552    27.5889 0.0000e+00
       2657    325.484     4.0238   3.251782    34.7552    27.5890 0.0000e+00
       2658    325.217     4.0237   3.251763    34.7552    27.5890 0.0000e+00
       2659    324.942     4.0236   3.251745    34.7552    27.5890 0.0000e+00
       2660    324.673     4.0236   3.251732    34.7552    27.5890 0.0000e+00
       2661    324.408     4.0235   3.251718    34.7553    27.5891 0.0000e+00
       2662    324.142     4.0233   3.251695    34.7554    27.5892 0.0000e+00
       2663    323.871     4.0232   3.251666    34.7553    27.5891 0.0000e+00
       2664    323.599     4.0230   3.251644    34.7554    27.5892 0.0000e+00
       2665    323.333     4.0230   3.251631    34.7554    27.5892 0.0000e+00
       2666    323.073     4.0232   3.251624    34.7552    27.5891 0.0000e+00
