Datasets/Multi_Species/TEL214/tel214_2020_036.cnv
* Sea-Bird SBE19plus Data File:
* Filename = C:/AQUIRE/tel214_2020_036.hex
* Software Version AquireV2 AF V2.0
* Temperature SN =  8014
* Conductivity SN =  8014
* System UpLoad Time = Nov 16 2020 06:53:52
* <ApplicationData>
* <AQUIREV2>
** VESSEL/TRIP/SEQ STN: tel214_2020_036
** LATITUDE: 52 35.95 N
** LONGITUDE: 51 35.31 W
** DATE/TIME: 2020-11-16 05:02
** SOUNDING DEPTH (M): 0432
** PROBE TYPE: S8014
** CTD NUMBER: 036
** COMMENTS: 
# nquan = 7                                 
# nvalues = 6370                        
# units = specified
# name 0 = scan: Scan Count
# name 1 = prdM: Pressure, Strain Gauge [db]
# name 2 = tv290C: Temperature [ITS-90, deg C]
# name 3 = c0S/m: Conductivity [S/m]
# name 4 = sal00: Salinity, Practical [PSU]
# name 5 = sigma-t00: Density [sigma-t, kg/m^3 ]
# name 6 = flag: flag
# span 0 =          1,       6370       
# span 1 =     -0.473,    447.602       
# span 2 =     0.4948,     3.9923       
# span 3 =  -0.035906,   3.251875       
# span 4 =    -0.0015,    34.8152       
# span 5 =    -0.1260,    27.6531       
# span 6 = 0.0000e+00, 0.0000e+00       
# interval = seconds: 1
# start_time = Nov 16 2020 05:02:25 [Instrument's time stamp, header]
# bad_flag = -9.990e-29
*END*
[from data line 2257]
       2258     21.990     1.6719   2.920899    33.3675    26.6879 0.0000e+00
       2259     22.509     1.6715   2.922165    33.3837    26.7009 0.0000e+00
       2260     23.007     1.6734   2.926532    33.4365    26.7431 0.0000e+00
       2261     23.455     1.6861   2.931150    33.4810    26.7779 0.0000e+00
       2262     23.865     1.6950   2.932347    33.4864    26.7815 0.0000e+00
       2263     24.286     1.6906   2.930622    33.4690    26.7680 0.0000e+00
       2264     24.752     1.6835   2.929685    33.4645    26.7648 0.0000e+00
       2265     25.257     1.6858   2.931490    33.4845    26.7808 0.0000e+00
       2266     25.770     1.7011   2.934558    33.5067    26.7974 0.0000e+00
       2267     26.273     1.7224   2.936860    33.5127    26.8007 0.0000e+00
       2268     26.767     1.7394   2.938104    33.5100    26.7973 0.0000e+00
       2269     27.255     1.7490   2.938722    33.5073    26.7945 0.0000e+00
       2270     27.733     1.7517   2.938842    33.5057    26.7930 0.0000e+00
       2271     28.198     1.7487   2.938686    33.5067    26.7939 0.0000e+00
       2272     28.659     1.7443   2.938713    33.5114    26.7981 0.0000e+00
       2273     29.134     1.7416   2.938941    33.5169    26.8027 0.0000e+00
       2274     29.627     1.7411   2.939375    33.5226    26.8073 0.0000e+00
       2275     30.129     1.7435   2.940074    33.5286    26.8119 0.0000e+00
       2276     30.640     1.7505   2.940936    33.5317    26.8139 0.0000e+00
       2277     31.159     1.7636   2.942126    33.5325    26.8135 0.0000e+00
       2278     31.676     1.7815   2.943546    33.5310    26.8111 0.0000e+00
       2279     32.179     1.7979   2.944788    33.5289    26.8082 0.0000e+00
       2280     32.663     1.8076   2.945432    33.5264    26.8055 0.0000e+00
       2281     33.131     1.8102   2.945550    33.5249    26.8040 0.0000e+00
       2282     33.591     1.8091   2.945255    33.5221    26.8019 0.0000e+00
       2283     34.053     1.8062   2.945042    33.5222    26.8022 0.0000e+00
       2284     34.522     1.8035   2.945679    33.5328    26.8109 0.0000e+00
       2285     35.005     1.8014   2.946249    33.5419    26.8184 0.0000e+00
       2286     35.499     1.8021   2.946678    33.5463    26.8218 0.0000e+00
       2287     35.991     1.8110   2.948095    33.5544    26.8276 0.0000e+00
       2288     36.468     1.8235   2.949517    33.5587    26.8302 0.0000e+00
       2289     36.931     1.8287   2.949682    33.5550    26.8268 0.0000e+00
       2290     37.395     1.8257   2.949337    33.5536    26.8259 0.0000e+00
       2291     37.875     1.8232   2.949684    33.5603    26.8315 0.0000e+00
       2292     38.365     1.8321   2.951494    33.5733    26.8413 0.0000e+00
       2293     38.843     1.8536   2.954252    33.5848    26.8489 0.0000e+00
       2294     39.297     1.8730   2.955834    33.5838    26.8466 0.0000e+00
       2295     39.744     1.8795   2.954761    33.5632    26.8296 0.0000e+00
       2296     40.208     1.8792   2.952384    33.5334    26.8058 0.0000e+00
       2297     40.703     1.8797   2.951775    33.5249    26.7990 0.0000e+00
       2298     41.223     1.8830   2.954278    33.5525    26.8208 0.0000e+00
       2299     41.745     1.8939   2.958194    33.5898    26.8499 0.0000e+00
       2300     42.243     1.9095   2.960691    33.6042    26.8603 0.0000e+00
       2301     42.713     1.9180   2.960664    33.5946    26.8519 0.0000e+00
       2302     43.173     1.9166   2.959300    33.5787    26.8393 0.0000e+00
       2303     43.639     1.9122   2.958596    33.5743    26.8361 0.0000e+00
       2304     44.114     1.9108   2.959420    33.5859    26.8455 0.0000e+00
       2305     44.595     1.9181   2.961574    33.6048    26.8601 0.0000e+00
       2306     45.079     1.9345   2.964012    33.6177    26.8692 0.0000e+00
       2307     45.568     1.9517   2.965582    33.6188    26.8688 0.0000e+00
       2308     46.069     1.9645   2.966654    33.6183    26.8674 0.0000e+00
       2309     46.581     1.9719   2.967307    33.6184    26.8669 0.0000e+00
       2310     47.098     1.9724   2.967391    33.6186    26.8670 0.0000e+00
       2311     47.617     1.9724   2.967764    33.6230    26.8705 0.0000e+00
       2312     48.135     1.9811   2.968773    33.6261    26.8724 0.0000e+00
       2313     48.640     1.9954   2.969846    33.6240    26.8696 0.0000e+00
       2314     49.122     2.0052   2.970413    33.6204    26.8660 0.0000e+00
       2315     49.587     2.0076   2.970584    33.6197    26.8653 0.0000e+00
       2316     50.059     2.0057   2.970039    33.6147    26.8614 0.0000e+00
       2317     50.557     2.0029   2.968519    33.5983    26.8485 0.0000e+00
       2318     51.084     2.0008   2.967727    33.5904    26.8423 0.0000e+00
       2319     51.613     2.0000   2.969029    33.6072    26.8558 0.0000e+00
       2320     52.116     2.0034   2.971157    33.6299    26.8738 0.0000e+00
       2321     52.601     2.0092   2.972404    33.6391    26.8807 0.0000e+00
       2322     53.097     2.0147   2.973110    33.6418    26.8824 0.0000e+00
       2323     53.605     2.0246   2.974360    33.6466    26.8855 0.0000e+00
       2324     54.106     2.0373   2.975458    33.6466    26.8845 0.0000e+00
       2325     54.594     2.0445   2.974812    33.6306    26.8711 0.0000e+00
       2326     55.084     2.0477   2.973235    33.6072    26.8522 0.0000e+00
       2327     55.596     2.0491   2.973302    33.6063    26.8513 0.0000e+00
       2328     56.133     2.0477   2.975106    33.6300    26.8704 0.0000e+00
       2329     56.679     2.0485   2.976760    33.6495    26.8860 0.0000e+00
       2330     57.218     2.0529   2.977603    33.6551    26.8901 0.0000e+00
       2331     57.741     2.0582   2.978302    33.6579    26.8919 0.0000e+00
       2332     58.251     2.0660   2.979372    33.6626    26.8952 0.0000e+00
       2333     58.753     2.0751   2.980204    33.6631    26.8948 0.0000e+00
       2334     59.252     2.0813   2.980679    33.6622    26.8936 0.0000e+00
       2335     59.750     2.0877   2.981628    33.6669    26.8969 0.0000e+00
       2336     60.243     2.0965   2.982815    33.6721    26.9004 0.0000e+00
       2337     60.730     2.1021   2.983310    33.6721    26.8999 0.0000e+00
       2338     61.228     2.1006   2.983096    33.6707    26.8989 0.0000e+00
       2339     61.752     2.0962   2.982937    33.6731    26.9012 0.0000e+00
       2340     62.299     2.0968   2.983400    33.6779    26.9050 0.0000e+00
       2341     62.843     2.1045   2.984239    33.6799    26.9060 0.0000e+00
       2342     63.362     2.1132   2.984821    33.6776    26.9035 0.0000e+00
       2343     63.856     2.1177   2.985142    33.6766    26.9023 0.0000e+00
       2344     64.341     2.1193   2.985471    33.6787    26.9039 0.0000e+00
       2345     64.837     2.1213   2.985862    33.6812    26.9057 0.0000e+00
       2346     65.358     2.1252   2.986437    33.6839    26.9076 0.0000e+00
       2347     65.897     2.1311   2.987199    33.6869    26.9095 0.0000e+00
       2348     66.430     2.1372   2.987716    33.6865    26.9088 0.0000e+00
       2349     66.943     2.1397   2.987530    33.6813    26.9044 0.0000e+00
       2350     67.446     2.1380   2.987189    33.6785    26.9023 0.0000e+00
       2351     67.960     2.1366   2.987579    33.6846    26.9073 0.0000e+00
       2352     68.489     2.1387   2.988438    33.6928    26.9136 0.0000e+00
       2353     69.018     2.1426   2.989089    33.6965    26.9163 0.0000e+00
       2354     69.534     2.1468   2.989774    33.7002    26.9190 0.0000e+00
       2355     70.040     2.1550   2.991126    33.7081    26.9246 0.0000e+00
       2356     70.546     2.1678   2.992614    33.7127    26.9274 0.0000e+00
       2357     71.057     2.1772   2.993125    33.7088    26.9235 0.0000e+00
       2358     71.568     2.1753   2.992488    33.7026    26.9187 0.0000e+00
       2359     72.073     2.1624   2.991103    33.6988    26.9166 0.0000e+00
       2360     72.571     2.1446   2.989552    33.6981    26.9174 0.0000e+00
       2361     73.071     2.1261   2.988261    33.7014    26.9215 0.0000e+00
       2362     73.578     2.1067   2.987373    33.7106    26.9304 0.0000e+00
       2363     74.087     2.0912   2.987758    33.7316    26.9485 0.0000e+00
       2364     74.593     2.0916   2.990325    33.7630    26.9735 0.0000e+00
       2365     75.095     2.1109   2.994207    33.7906    26.9941 0.0000e+00
       2366     75.593     2.1352   2.997657    33.8074    27.0057 0.0000e+00
       2367     76.093     2.1521   2.999880    33.8169    27.0119 0.0000e+00
       2368     76.596     2.1673   3.001823    33.8246    27.0169 0.0000e+00
       2369     77.104     2.1880   3.003841    33.8274    27.0175 0.0000e+00
       2370     77.618     2.2085   3.005399    33.8247    27.0137 0.0000e+00
       2371     78.131     2.2300   3.007704    33.8302    27.0164 0.0000e+00
       2372     78.635     2.2586   3.010720    33.8369    27.0196 0.0000e+00
       2373     79.132     2.2855   3.013033    33.8368    27.0173 0.0000e+00
       2374     79.638     2.3019   3.014566    33.8381    27.0170 0.0000e+00
       2375     80.162     2.3142   3.015974    33.8422    27.0193 0.0000e+00
       2376     80.699     2.3358   3.018046    33.8446    27.0195 0.0000e+00
       2377     81.228     2.3672   3.020687    33.8437    27.0162 0.0000e+00
       2378     81.730     2.3967   3.023482    33.8467    27.0162 0.0000e+00
       2379     82.202     2.4168   3.026110    33.8576    27.0233 0.0000e+00
       2380     82.673     2.4276   3.028165    33.8713    27.0333 0.0000e+00
       2381     83.176     2.4341   3.029739    33.8836    27.0426 0.0000e+00
       2382     83.718     2.4490   3.031979    33.8952    27.0507 0.0000e+00
       2383     84.269     2.4825   3.035543    33.9034    27.0544 0.0000e+00
       2384     84.795     2.5185   3.038137    33.8969    27.0462 0.0000e+00
       2385     85.294     2.5317   3.037480    33.8745    27.0272 0.0000e+00
       2386     85.795     2.5247   3.034758    33.8481    27.0067 0.0000e+00
       2387     86.320     2.5138   3.033451    33.8432    27.0037 0.0000e+00
       2388     86.868     2.5118   3.035696    33.8727    27.0274 0.0000e+00
       2389     87.419     2.5255   3.039450    33.9042    27.0515 0.0000e+00
       2390     87.960     2.5447   3.041543    33.9093    27.0540 0.0000e+00
       2391     88.499     2.5532   3.041881    33.9042    27.0491 0.0000e+00
       2392     89.056     2.5515   3.041764    33.9042    27.0493 0.0000e+00
       2393     89.633     2.5506   3.041924    33.9068    27.0515 0.0000e+00
       2394     90.210     2.5544   3.042401    33.9084    27.0524 0.0000e+00
       2395     90.762     2.5584   3.042599    33.9063    27.0504 0.0000e+00
       2396     91.287     2.5588   3.042397    33.9031    27.0478 0.0000e+00
       2397     91.805     2.5548   3.042137    33.9038    27.0487 0.0000e+00
       2398     92.341     2.5482   3.042015    33.9090    27.0534 0.0000e+00
       2399     92.897     2.5424   3.042018    33.9149    27.0586 0.0000e+00
       2400     93.455     2.5382   3.041988    33.9187    27.0620 0.0000e+00
       2401     94.000     2.5344   3.041922    33.9216    27.0646 0.0000e+00
       2402     94.534     2.5309   3.041977    33.9257    27.0682 0.0000e+00
       2403     95.070     2.5294   3.042175    33.9294    27.0713 0.0000e+00
       2404     95.619     2.5305   3.042428    33.9311    27.0725 0.0000e+00
       2405     96.180     2.5330   3.042675    33.9311    27.0724 0.0000e+00
       2406     96.739     2.5349   3.042859    33.9311    27.0722 0.0000e+00
       2407     97.288     2.5352   3.042989    33.9321    27.0729 0.0000e+00
       2408     97.839     2.5354   3.043273    33.9350    27.0753 0.0000e+00
       2409     98.403     2.5395   3.044091    33.9405    27.0793 0.0000e+00
       2410     98.971     2.5496   3.045589    33.9479    27.0844 0.0000e+00
       2411     99.527     2.5634   3.047480    33.9562    27.0899 0.0000e+00
       2412    100.062     2.5777   3.049501    33.9657    27.0962 0.0000e+00
       2413    100.588     2.5954   3.051791    33.9748    27.1020 0.0000e+00
       2414    101.121     2.6237   3.054969    33.9836    27.1066 0.0000e+00
       2415    101.663     2.6608   3.058652    33.9892    27.1080 0.0000e+00
       2416    102.207     2.6929   3.061274    33.9871    27.1035 0.0000e+00
       2417    102.757     2.7103   3.062397    33.9821    27.0980 0.0000e+00
       2418    103.313     2.7150   3.062623    33.9796    27.0956 0.0000e+00
       2419    103.866     2.7127   3.062438    33.9795    27.0957 0.0000e+00
       2420    104.407     2.7065   3.062157    33.9823    27.0985 0.0000e+00
       2421    104.950     2.6995   3.061995    33.9874    27.1032 0.0000e+00
       2422    105.509     2.6950   3.061960    33.9914    27.1068 0.0000e+00
       2423    106.071     2.6934   3.061907    33.9922    27.1075 0.0000e+00
       2424    106.611     2.6921   3.061787    33.9918    27.1073 0.0000e+00
       2425    107.130     2.6894   3.061547    33.9914    27.1073 0.0000e+00
       2426    107.655     2.6849   3.061271    33.9925    27.1085 0.0000e+00
       2427    108.201     2.6804   3.061131    33.9952    27.1111 0.0000e+00
       2428    108.758     2.6770   3.061096    33.9981    27.1137 0.0000e+00
       2429    109.308     2.6741   3.061042    34.0002    27.1156 0.0000e+00
       2430    109.841     2.6711   3.060963    34.0021    27.1174 0.0000e+00
       2431    110.360     2.6684   3.060829    34.0031    27.1184 0.0000e+00
       2432    110.878     2.6648   3.060548    34.0032    27.1188 0.0000e+00
       2433    111.414     2.6597   3.060171    34.0036    27.1196 0.0000e+00
       2434    111.971     2.6539   3.059814    34.0051    27.1213 0.0000e+00
       2435    112.535     2.6488   3.059566    34.0071    27.1233 0.0000e+00
       2436    113.080     2.6448   3.059413    34.0092    27.1253 0.0000e+00
       2437    113.594     2.6417   3.059297    34.0108    27.1269 0.0000e+00
       2438    114.093     2.6387   3.059197    34.0125    27.1285 0.0000e+00
       2439    114.605     2.6356   3.059069    34.0139    27.1299 0.0000e+00
       2440    115.134     2.6315   3.058894    34.0158    27.1317 0.0000e+00
       2441    115.670     2.6272   3.058731    34.0181    27.1339 0.0000e+00
       2442    116.207     2.6237   3.058628    34.0202    27.1359 0.0000e+00
       2443    116.742     2.6212   3.058578    34.0220    27.1375 0.0000e+00
       2444    117.273     2.6190   3.058576    34.0240    27.1393 0.0000e+00
       2445    117.804     2.6172   3.058676    34.0268    27.1418 0.0000e+00
       2446    118.341     2.6164   3.058968    34.0310    27.1452 0.0000e+00
       2447    118.890     2.6177   3.059545    34.0364    27.1494 0.0000e+00
       2448    119.444     2.6218   3.060372    34.0419    27.1534 0.0000e+00
       2449    119.989     2.6273   3.061176    34.0457    27.1560 0.0000e+00
       2450    120.522     2.6327   3.061829    34.0477    27.1571 0.0000e+00
       2451    121.049     2.6387   3.062619    34.0507    27.1590 0.0000e+00
       2452    121.577     2.6468   3.063679    34.0548    27.1616 0.0000e+00
       2453    122.115     2.6556   3.064694    34.0577    27.1631 0.0000e+00
       2454    122.662     2.6635   3.065575    34.0598    27.1642 0.0000e+00
       2455    123.210     2.6715   3.066476    34.0621    27.1653 0.0000e+00
       2456    123.748     2.6789   3.067253    34.0634    27.1657 0.0000e+00
       2457    124.269     2.6845   3.067850    34.0645    27.1661 0.0000e+00
       2458    124.786     2.6892   3.068531    34.0676    27.1682 0.0000e+00
       2459    125.318     2.6948   3.069319    34.0711    27.1705 0.0000e+00
       2460    125.871     2.7020   3.070174    34.0736    27.1719 0.0000e+00
       2461    126.436     2.7119   3.071265    34.0762    27.1731 0.0000e+00
