Datasets/Multi_Species/TEL214/tel214_2020_011.cnv
* Sea-Bird SBE19plus Data File:
* Filename = C:/AQUIRE/tel214_2020_011.hex
* Software Version AquireV2 AF V2.0
* Temperature SN =  7853
* Conductivity SN =  7853
* System UpLoad Time = Nov 09 2020 23:58:08
* <ApplicationData>
* <AQUIREV2>
** VESSEL/TRIP/SEQ STN: tel214_2020_011
** LATITUDE: 54 53.38 N
** LONGITUDE: 54 33.20 W
** DATE/TIME: 2020-11-09 17:50
** SOUNDING DEPTH (M): 0263
** PROBE TYPE: S7853
** CTD NUMBER: 011
** COMMENTS: TEAR-UP
# nquan = 7                                 
# nvalues = 11339                       
# units = specified
# name 0 = scan: Scan Count
# name 1 = prdM: Pressure, Strain Gauge [db]
# name 2 = tv290C: Temperature [ITS-90, deg C]
# name 3 = c0S/m: Conductivity [S/m]
# name 4 = sal00: Salinity, Practical [PSU]
# name 5 = sigma-t00: Density [sigma-t, kg/m^3 ]
# name 6 = flag: flag
# span 0 =          1,      11339       
# span 1 =     -1.130,    259.813       
# span 2 =    -1.8893,     2.3888       
# span 3 =   0.000022,   3.025149       
# span 4 =    -0.0028,    33.7780       
# span 5 =    -0.3190,    26.9621       
# span 6 = 0.0000e+00, 0.0000e+00       
# interval = seconds: 1
# start_time = Nov 09 2020 17:50:07 [Instrument's time stamp, header]
# bad_flag = -9.990e-29
*END*
[from data line 9642]
       9643     -1.116    -1.5077   0.000121    -0.0024    -0.2809 0.0000e+00
       9644     -1.113    -1.5080   0.000120    -0.0024    -0.2809 0.0000e+00
       9645     -1.111    -1.5079   0.000119    -0.0024    -0.2809 0.0000e+00
       9646     -1.112    -1.5077   0.000120    -0.0024    -0.2809 0.0000e+00
       9647     -1.114    -1.5076   0.000121    -0.0024    -0.2809 0.0000e+00
       9648     -1.115    -1.5075   0.000122    -0.0024    -0.2809 0.0000e+00
       9649     -1.117    -1.5075   0.000121    -0.0024    -0.2809 0.0000e+00
       9650     -1.119    -1.5076   0.000122    -0.0024    -0.2809 0.0000e+00
       9651     -1.119    -1.5079   0.000122    -0.0024    -0.2809 0.0000e+00
       9652     -1.117    -1.5079   0.000122    -0.0024    -0.2809 0.0000e+00
       9653     -1.116    -1.5077   0.000122    -0.0024    -0.2809 0.0000e+00
       9654     -1.116    -1.5075   0.000123    -0.0024    -0.2809 0.0000e+00
       9655     -1.117    -1.5074   0.000124    -0.0024    -0.2809 0.0000e+00
       9656     -1.121    -1.5074   0.000125    -0.0024    -0.2809 0.0000e+00
       9657     -1.125    -1.5076   0.000123    -0.0024    -0.2809 0.0000e+00
       9658     -1.126    -1.5078   0.000122    -0.0024    -0.2809 0.0000e+00
       9659     -1.123    -1.5081   0.000122    -0.0024    -0.2809 0.0000e+00
       9660     -1.120    -1.5081   0.000124    -0.0024    -0.2809 0.0000e+00
       9661     -1.117    -1.5079   0.000125    -0.0024    -0.2809 0.0000e+00
       9662     -1.114    -1.5077   0.000124    -0.0024    -0.2809 0.0000e+00
       9663     -1.114    -1.5077   0.000123    -0.0024    -0.2809 0.0000e+00
       9664     -1.117    -1.5079   0.000123    -0.0024    -0.2809 0.0000e+00
       9665     -1.118    -1.5080   0.000124    -0.0024    -0.2809 0.0000e+00
       9666     -1.116    -1.5080   0.000124    -0.0024    -0.2809 0.0000e+00
       9667     -1.112    -1.5080   0.000123    -0.0024    -0.2809 0.0000e+00
       9668     -1.109    -1.5078   0.000123    -0.0024    -0.2809 0.0000e+00
       9669     -1.109    -1.5078   0.000124    -0.0024    -0.2809 0.0000e+00
       9670     -1.114    -1.5079   0.000125    -0.0024    -0.2809 0.0000e+00
       9671     -1.117    -1.5081   0.000123    -0.0024    -0.2809 0.0000e+00
       9672     -1.116    -1.5082   0.000122    -0.0024    -0.2809 0.0000e+00
       9673     -1.113    -1.5080   0.000124    -0.0024    -0.2809 0.0000e+00
       9674     -1.113    -1.5077   0.000127    -0.0024    -0.2809 0.0000e+00
       9675     -1.116    -1.5075   0.000127    -0.0024    -0.2809 0.0000e+00
       9676     -1.118    -1.5072   0.000127    -0.0024    -0.2808 0.0000e+00
       9677     -1.118    -1.5069   0.000128    -0.0024    -0.2808 0.0000e+00
       9678     -1.116    -1.5071   0.000128    -0.0024    -0.2808 0.0000e+00
       9679     -1.112    -1.5074   0.000127    -0.0024    -0.2809 0.0000e+00
       9680     -1.110    -1.5079   0.000123    -0.0024    -0.2809 0.0000e+00
       9681     -1.109    -1.5084   0.000120    -0.0024    -0.2810 0.0000e+00
       9682     -1.109    -1.5085   0.000119    -0.0025    -0.2810 0.0000e+00
       9683     -1.110    -1.5084   0.000121    -0.0024    -0.2810 0.0000e+00
       9684     -1.112    -1.5082   0.000122    -0.0024    -0.2809 0.0000e+00
       9685     -1.115    -1.5082   0.000122    -0.0024    -0.2809 0.0000e+00
       9686     -1.118    -1.5082   0.000122    -0.0024    -0.2809 0.0000e+00
       9687     -1.123    -1.5082   0.000122    -0.0024    -0.2809 0.0000e+00
       9688     -1.123    -1.5082   0.000122    -0.0024    -0.2809 0.0000e+00
       9689     -1.119    -1.5082   0.000122    -0.0024    -0.2809 0.0000e+00
       9690     -1.118    -1.5082   0.000123    -0.0024    -0.2809 0.0000e+00
       9691     -1.117    -1.5080   0.000124    -0.0024    -0.2809 0.0000e+00
       9692     -1.116    -1.5078   0.000124    -0.0024    -0.2809 0.0000e+00
       9693     -1.117    -1.5078   0.000124    -0.0024    -0.2809 0.0000e+00
       9694     -1.118    -1.5079   0.000123    -0.0024    -0.2809 0.0000e+00
       9695     -1.118    -1.5080   0.000123    -0.0024    -0.2809 0.0000e+00
       9696     -1.116    -1.5079   0.000122    -0.0024    -0.2809 0.0000e+00
       9697     -1.113    -1.5078   0.000124    -0.0024    -0.2809 0.0000e+00
       9698     -1.113    -1.5080   0.000123    -0.0024    -0.2809 0.0000e+00
       9699     -1.115    -1.5084   0.000122    -0.0024    -0.2810 0.0000e+00
       9700     -1.117    -1.5086   0.000121    -0.0024    -0.2810 0.0000e+00
       9701     -1.120    -1.5088   0.000122    -0.0024    -0.2810 0.0000e+00
       9702     -1.118    -1.5093   0.000120    -0.0024    -0.2811 0.0000e+00
       9703     -1.114    -1.5096   0.000119    -0.0025    -0.2811 0.0000e+00
       9704     -1.114    -1.5097   0.000118    -0.0025    -0.2811 0.0000e+00
       9705     -1.117    -1.5095   0.000120    -0.0024    -0.2811 0.0000e+00
       9706     -1.118    -1.5092   0.000122    -0.0024    -0.2810 0.0000e+00
       9707     -1.116    -1.5089   0.000124    -0.0024    -0.2810 0.0000e+00
       9708     -1.113    -1.5088   0.000123    -0.0024    -0.2810 0.0000e+00
       9709     -1.113    -1.5088   0.000123    -0.0024    -0.2810 0.0000e+00
       9710     -1.114    -1.5087   0.000124    -0.0024    -0.2810 0.0000e+00
       9711     -1.116    -1.5085   0.000126    -0.0024    -0.2810 0.0000e+00
       9712     -1.120    -1.5084   0.000126    -0.0024    -0.2810 0.0000e+00
       9713     -1.123    -1.5086   0.000125    -0.0024    -0.2810 0.0000e+00
       9714     -1.122    -1.5091   0.000124    -0.0024    -0.2810 0.0000e+00
       9715     -1.120    -1.5100   0.000121    -0.0024    -0.2811 0.0000e+00
       9716     -1.120    -1.5108   0.000120    -0.0024    -0.2812 0.0000e+00
       9717     -1.120    -1.5110   0.000120    -0.0024    -0.2812 0.0000e+00
       9718     -1.119    -1.5107   0.000122    -0.0024    -0.2812 0.0000e+00
       9719     -1.117    -1.5102   0.000123    -0.0024    -0.2811 0.0000e+00
       9720     -1.116    -1.5099   0.000124    -0.0024    -0.2811 0.0000e+00
       9721     -1.117    -1.5097   0.000125    -0.0024    -0.2811 0.0000e+00
       9722     -1.117    -1.5095   0.000124    -0.0024    -0.2811 0.0000e+00
       9723     -1.117    -1.5094   0.000124    -0.0024    -0.2811 0.0000e+00
       9724     -1.120    -1.5093   0.000125    -0.0024    -0.2811 0.0000e+00
       9725     -1.122    -1.5092   0.000126    -0.0024    -0.2810 0.0000e+00
       9726     -1.120    -1.5092   0.000125    -0.0024    -0.2810 0.0000e+00
       9727     -1.117    -1.5092   0.000124    -0.0024    -0.2810 0.0000e+00
       9728     -1.118    -1.5092   0.000124    -0.0024    -0.2810 0.0000e+00
       9729     -1.120    -1.5091   0.000124    -0.0024    -0.2810 0.0000e+00
       9730     -1.120    -1.5089   0.000126    -0.0024    -0.2810 0.0000e+00
       9731     -1.120    -1.5088   0.000128    -0.0024    -0.2810 0.0000e+00
       9732     -1.120    -1.5089   0.000127    -0.0024    -0.2810 0.0000e+00
       9733     -1.120    -1.5091   0.000124    -0.0024    -0.2810 0.0000e+00
       9734     -1.120    -1.5093   0.000123    -0.0024    -0.2811 0.0000e+00
       9735     -1.119    -1.5094   0.000122    -0.0024    -0.2811 0.0000e+00
       9736     -1.117    -1.5093   0.000124    -0.0024    -0.2811 0.0000e+00
       9737     -1.116    -1.5092   0.000124    -0.0024    -0.2810 0.0000e+00
       9738     -1.117    -1.5090   0.000124    -0.0024    -0.2810 0.0000e+00
       9739     -1.119    -1.5088   0.000124    -0.0024    -0.2810 0.0000e+00
       9740     -1.119    -1.5088   0.000124    -0.0024    -0.2810 0.0000e+00
       9741     -1.119    -1.5088   0.000125    -0.0024    -0.2810 0.0000e+00
       9742     -1.117    -1.5086   0.000127    -0.0024    -0.2810 0.0000e+00
       9743     -1.115    -1.5085   0.000126    -0.0024    -0.2810 0.0000e+00
       9744     -1.115    -1.5083   0.000126    -0.0024    -0.2810 0.0000e+00
       9745     -1.115    -1.5082   0.000128    -0.0024    -0.2809 0.0000e+00
       9746     -1.115    -1.5082   0.000128    -0.0024    -0.2809 0.0000e+00
       9747     -1.115    -1.5082   0.000127    -0.0024    -0.2809 0.0000e+00
       9748     -1.115    -1.5082   0.000127    -0.0024    -0.2809 0.0000e+00
       9749     -1.115    -1.5082   0.000126    -0.0024    -0.2809 0.0000e+00
       9750     -1.115    -1.5084   0.000126    -0.0024    -0.2810 0.0000e+00
       9751     -1.115    -1.5086   0.000125    -0.0024    -0.2810 0.0000e+00
       9752     -1.116    -1.5090   0.000124    -0.0024    -0.2810 0.0000e+00
       9753     -1.116    -1.5091   0.000122    -0.0024    -0.2810 0.0000e+00
       9754     -1.113    -1.5091   0.000122    -0.0024    -0.2810 0.0000e+00
       9755     -1.113    -1.5091   0.000123    -0.0024    -0.2810 0.0000e+00
       9756     -1.116    -1.5091   0.000124    -0.0024    -0.2810 0.0000e+00
       9757     -1.118    -1.5091   0.000123    -0.0024    -0.2810 0.0000e+00
       9758     -1.117    -1.5091   0.000122    -0.0024    -0.2810 0.0000e+00
       9759     -1.115    -1.5091   0.000123    -0.0024    -0.2810 0.0000e+00
       9760     -1.114    -1.5091   0.000124    -0.0024    -0.2810 0.0000e+00
       9761     -1.112    -1.5091   0.000123    -0.0024    -0.2810 0.0000e+00
       9762     -1.111    -1.5091   0.000122    -0.0024    -0.2810 0.0000e+00
       9763     -1.110    -1.5091   0.000124    -0.0024    -0.2810 0.0000e+00
       9764     -1.108    -1.5091   0.000125    -0.0024    -0.2810 0.0000e+00
       9765     -1.108    -1.5091   0.000126    -0.0024    -0.2810 0.0000e+00
       9766     -1.110    -1.5091   0.000125    -0.0024    -0.2810 0.0000e+00
       9767     -1.112    -1.5091   0.000124    -0.0024    -0.2810 0.0000e+00
       9768     -1.114    -1.5091   0.000124    -0.0024    -0.2810 0.0000e+00
       9769     -1.115    -1.5089   0.000124    -0.0024    -0.2810 0.0000e+00
       9770     -1.117    -1.5087   0.000124    -0.0024    -0.2810 0.0000e+00
       9771     -1.119    -1.5086   0.000125    -0.0024    -0.2810 0.0000e+00
       9772     -1.121    -1.5089   0.000124    -0.0024    -0.2810 0.0000e+00
       9773     -1.121    -1.5094   0.000124    -0.0024    -0.2811 0.0000e+00
       9774     -1.118    -1.5102   0.000122    -0.0024    -0.2811 0.0000e+00
       9775     -1.116    -1.5111   0.000120    -0.0024    -0.2812 0.0000e+00
       9776     -1.116    -1.5114   0.000117    -0.0025    -0.2813 0.0000e+00
       9777     -1.117    -1.5113   0.000117    -0.0025    -0.2812 0.0000e+00
       9778     -1.118    -1.5110   0.000120    -0.0024    -0.2812 0.0000e+00
       9779     -1.116    -1.5107   0.000123    -0.0024    -0.2812 0.0000e+00
       9780     -1.112    -1.5105   0.000122    -0.0024    -0.2812 0.0000e+00
       9781     -1.109    -1.5105   0.000122    -0.0024    -0.2812 0.0000e+00
       9782     -1.107    -1.5106   0.000122    -0.0024    -0.2812 0.0000e+00
       9783     -1.105    -1.5105   0.000124    -0.0024    -0.2812 0.0000e+00
       9784     -1.104    -1.5103   0.000125    -0.0024    -0.2811 0.0000e+00
       9785     -1.105    -1.5101   0.000124    -0.0024    -0.2811 0.0000e+00
       9786     -1.107    -1.5099   0.000124    -0.0024    -0.2811 0.0000e+00
       9787     -1.111    -1.5097   0.000126    -0.0024    -0.2811 0.0000e+00
       9788     -1.113    -1.5095   0.000127    -0.0024    -0.2811 0.0000e+00
       9789     -1.114    -1.5095   0.000126    -0.0024    -0.2811 0.0000e+00
       9790     -1.113    -1.5097   0.000124    -0.0024    -0.2811 0.0000e+00
       9791     -1.112    -1.5097   0.000125    -0.0024    -0.2811 0.0000e+00
       9792     -1.110    -1.5097   0.000126    -0.0024    -0.2811 0.0000e+00
       9793     -1.110    -1.5098   0.000125    -0.0024    -0.2811 0.0000e+00
       9794     -1.112    -1.5099   0.000125    -0.0024    -0.2811 0.0000e+00
       9795     -1.113    -1.5100   0.000125    -0.0024    -0.2811 0.0000e+00
       9796     -1.111    -1.5101   0.000124    -0.0024    -0.2811 0.0000e+00
       9797     -1.109    -1.5100   0.000124    -0.0024    -0.2811 0.0000e+00
       9798     -1.109    -1.5099   0.000123    -0.0024    -0.2811 0.0000e+00
       9799     -1.114    -1.5097   0.000125    -0.0024    -0.2811 0.0000e+00
       9800     -1.118    -1.5097   0.000126    -0.0024    -0.2811 0.0000e+00
       9801     -1.119    -1.5099   0.000125    -0.0024    -0.2811 0.0000e+00
       9802     -1.117    -1.5099   0.000126    -0.0024    -0.2811 0.0000e+00
       9803     -1.115    -1.5099   0.000126    -0.0024    -0.2811 0.0000e+00
       9804     -1.115    -1.5099   0.000126    -0.0024    -0.2811 0.0000e+00
       9805     -1.115    -1.5098   0.000125    -0.0024    -0.2811 0.0000e+00
       9806     -1.116    -1.5096   0.000126    -0.0024    -0.2811 0.0000e+00
       9807     -1.116    -1.5094   0.000125    -0.0024    -0.2811 0.0000e+00
       9808     -1.115    -1.5093   0.000125    -0.0024    -0.2811 0.0000e+00
       9809     -1.115    -1.5094   0.000123    -0.0024    -0.2811 0.0000e+00
       9810     -1.116    -1.5095   0.000124    -0.0024    -0.2811 0.0000e+00
       9811     -1.117    -1.5097   0.000124    -0.0024    -0.2811 0.0000e+00
       9812     -1.118    -1.5099   0.000123    -0.0024    -0.2811 0.0000e+00
       9813     -1.117    -1.5102   0.000122    -0.0024    -0.2811 0.0000e+00
       9814     -1.115    -1.5103   0.000124    -0.0024    -0.2811 0.0000e+00
       9815     -1.114    -1.5104   0.000122    -0.0024    -0.2812 0.0000e+00
       9816     -1.113    -1.5103   0.000122    -0.0024    -0.2811 0.0000e+00
       9817     -1.114    -1.5102   0.000122    -0.0024    -0.2811 0.0000e+00
       9818     -1.117    -1.5100   0.000124    -0.0024    -0.2811 0.0000e+00
       9819     -1.119    -1.5101   0.000125    -0.0024    -0.2811 0.0000e+00
       9820     -1.119    -1.5105   0.000122    -0.0024    -0.2812 0.0000e+00
       9821     -1.117    -1.5111   0.000120    -0.0024    -0.2812 0.0000e+00
       9822     -1.115    -1.5114   0.000119    -0.0025    -0.2813 0.0000e+00
       9823     -1.114    -1.5116   0.000120    -0.0024    -0.2813 0.0000e+00
       9824     -1.113    -1.5116   0.000121    -0.0024    -0.2813 0.0000e+00
       9825     -1.112    -1.5117   0.000121    -0.0024    -0.2813 0.0000e+00
       9826     -1.113    -1.5118   0.000121    -0.0024    -0.2813 0.0000e+00
       9827     -1.112    -1.5118   0.000122    -0.0024    -0.2813 0.0000e+00
       9828     -1.111    -1.5118   0.000122    -0.0024    -0.2813 0.0000e+00
       9829     -1.112    -1.5117   0.000122    -0.0024    -0.2813 0.0000e+00
       9830     -1.114    -1.5116   0.000121    -0.0024    -0.2813 0.0000e+00
       9831     -1.115    -1.5115   0.000123    -0.0024    -0.2813 0.0000e+00
       9832     -1.117    -1.5114   0.000125    -0.0024    -0.2813 0.0000e+00
       9833     -1.120    -1.5113   0.000126    -0.0024    -0.2812 0.0000e+00
       9834     -1.122    -1.5113   0.000126    -0.0024    -0.2812 0.0000e+00
       9835     -1.123    -1.5112   0.000125    -0.0024    -0.2812 0.0000e+00
       9836     -1.121    -1.5111   0.000126    -0.0024    -0.2812 0.0000e+00
       9837     -1.117    -1.5114   0.000124    -0.0024    -0.2813 0.0000e+00
       9838     -1.111    -1.5117   0.000123    -0.0024    -0.2813 0.0000e+00
       9839     -1.107    -1.5118   0.000121    -0.0024    -0.2813 0.0000e+00
       9840     -1.109    -1.5118   0.000123    -0.0024    -0.2813 0.0000e+00
       9841     -1.112    -1.5116   0.000124    -0.0024    -0.2813 0.0000e+00
       9842     -1.111    -1.5116   0.000124    -0.0024    -0.2813 0.0000e+00
       9843     -1.110    -1.5116   0.000125    -0.0024    -0.2813 0.0000e+00
       9844     -1.110    -1.5114   0.000125    -0.0024    -0.2813 0.0000e+00
       9845     -1.113    -1.5111   0.000125    -0.0024    -0.2812 0.0000e+00
       9846     -1.117    -1.5109   0.000125    -0.0024    -0.2812 0.0000e+00
