Datasets/Multi_Species/TEL214/tel214_2020_008.cnv
* Sea-Bird SBE19plus Data File:
* Filename = C:/AQUIRE/tel214_2020_008.hex
* Software Version AquireV2 AF V2.0
* Temperature SN =  7853
* Conductivity SN =  7853
* System UpLoad Time = Nov 07 2020 08:42:30
* <ApplicationData>
* <AQUIREV2>
** VESSEL/TRIP/SEQ STN: tel214_2020_008
** LATITUDE: 53 30.31 N
** LONGITUDE: 53 34.14 W
** DATE/TIME: 2020-11-07 07:49
** SOUNDING DEPTH (M): 0194
** PROBE TYPE: S7853
** CTD NUMBER:   8
** COMMENTS: 
# nquan = 7                                 
# nvalues = 3021                        
# units = specified
# name 0 = scan: Scan Count
# name 1 = prdM: Pressure, Strain Gauge [db]
# name 2 = tv290C: Temperature [ITS-90, deg C]
# name 3 = c0S/m: Conductivity [S/m]
# name 4 = sal00: Salinity, Practical [PSU]
# name 5 = sigma-t00: Density [sigma-t, kg/m^3 ]
# name 6 = flag: flag
# span 0 =          1,       3021       
# span 1 =     -1.188,    189.158       
# span 2 =     0.6482,     1.6854       
# span 3 =   0.000065,   2.938061       
# span 4 =    -0.0008,    33.6752       
# span 5 =    -0.1094,    26.9477       
# span 6 = 0.0000e+00, 0.0000e+00       
# interval = seconds: 1
# start_time = Nov 07 2020 07:49:42 [Instrument's time stamp, header]
# bad_flag = -9.990e-29
*END*
[from data line 1436]
       1437    187.873     1.4519   2.933255    33.6643    26.9414 0.0000e+00
       1438    187.876     1.4516   2.933222    33.6642    26.9414 0.0000e+00
       1439    187.863     1.4512   2.933185    33.6641    26.9414 0.0000e+00
       1440    187.839     1.4511   2.933165    33.6640    26.9413 0.0000e+00
       1441    187.814     1.4510   2.933163    33.6641    26.9414 0.0000e+00
       1442    187.803     1.4509   2.933166    33.6642    26.9415 0.0000e+00
       1443    187.814     1.4509   2.933170    33.6643    26.9415 0.0000e+00
       1444    187.842     1.4509   2.933175    33.6643    26.9416 0.0000e+00
       1445    187.867     1.4510   2.933184    33.6643    26.9415 0.0000e+00
       1446    187.874     1.4511   2.933205    33.6645    26.9417 0.0000e+00
       1447    187.861     1.4513   2.933226    33.6645    26.9417 0.0000e+00
       1448    187.836     1.4514   2.933235    33.6646    26.9417 0.0000e+00
       1449    187.814     1.4516   2.933244    33.6645    26.9416 0.0000e+00
       1450    187.807     1.4516   2.933257    33.6646    26.9418 0.0000e+00
       1451    187.820     1.4517   2.933270    33.6647    26.9418 0.0000e+00
       1452    187.843     1.4519   2.933289    33.6647    26.9418 0.0000e+00
       1453    187.864     1.4521   2.933318    33.6649    26.9419 0.0000e+00
       1454    187.881     1.4523   2.933351    33.6650    26.9420 0.0000e+00
       1455    187.891     1.4526   2.933373    33.6650    26.9420 0.0000e+00
       1456    187.888     1.4529   2.933381    33.6648    26.9418 0.0000e+00
       1457    187.871     1.4529   2.933375    33.6647    26.9417 0.0000e+00
       1458    187.852     1.4528   2.933371    33.6648    26.9418 0.0000e+00
       1459    187.848     1.4528   2.933375    33.6648    26.9418 0.0000e+00
       1460    187.863     1.4528   2.933377    33.6649    26.9418 0.0000e+00
       1461    187.883     1.4529   2.933383    33.6648    26.9418 0.0000e+00
       1462    187.900     1.4530   2.933405    33.6650    26.9419 0.0000e+00
       1463    187.907     1.4531   2.933431    33.6652    26.9421 0.0000e+00
       1464    187.901     1.4534   2.933443    33.6650    26.9419 0.0000e+00
       1465    187.895     1.4535   2.933449    33.6650    26.9419 0.0000e+00
       1466    187.900     1.4536   2.933459    33.6650    26.9419 0.0000e+00
       1467    187.916     1.4537   2.933467    33.6650    26.9419 0.0000e+00
       1468    187.923     1.4537   2.933464    33.6650    26.9419 0.0000e+00
       1469    187.905     1.4537   2.933454    33.6648    26.9418 0.0000e+00
       1470    187.874     1.4537   2.933449    33.6648    26.9417 0.0000e+00
       1471    187.850     1.4537   2.933448    33.6648    26.9417 0.0000e+00
       1472    187.843     1.4537   2.933451    33.6648    26.9418 0.0000e+00
       1473    187.855     1.4537   2.933464    33.6650    26.9419 0.0000e+00
       1474    187.871     1.4538   2.933486    33.6652    26.9420 0.0000e+00
       1475    187.872     1.4540   2.933503    33.6652    26.9420 0.0000e+00
       1476    187.855     1.4541   2.933504    33.6651    26.9419 0.0000e+00
       1477    187.837     1.4541   2.933501    33.6650    26.9419 0.0000e+00
       1478    187.832     1.4541   2.933505    33.6651    26.9419 0.0000e+00
       1479    187.842     1.4541   2.933512    33.6652    26.9420 0.0000e+00
       1480    187.852     1.4543   2.933524    33.6651    26.9419 0.0000e+00
       1481    187.845     1.4543   2.933538    33.6653    26.9421 0.0000e+00
       1482    187.822     1.4545   2.933549    33.6652    26.9420 0.0000e+00
       1483    187.798     1.4547   2.933552    33.6651    26.9419 0.0000e+00
       1484    187.788     1.4547   2.933554    33.6651    26.9419 0.0000e+00
       1485    187.794     1.4547   2.933566    33.6653    26.9420 0.0000e+00
       1486    187.805     1.4548   2.933580    33.6653    26.9421 0.0000e+00
       1487    187.811     1.4550   2.933595    33.6653    26.9420 0.0000e+00
       1488    187.811     1.4551   2.933611    33.6654    26.9421 0.0000e+00
       1489    187.811     1.4552   2.933619    33.6654    26.9421 0.0000e+00
       1490    187.819     1.4552   2.933618    33.6654    26.9421 0.0000e+00
       1491    187.831     1.4552   2.933620    33.6654    26.9421 0.0000e+00
       1492    187.835     1.4552   2.933624    33.6654    26.9421 0.0000e+00
       1493    187.823     1.4552   2.933627    33.6655    26.9422 0.0000e+00
       1494    187.800     1.4553   2.933634    33.6655    26.9422 0.0000e+00
       1495    187.773     1.4554   2.933640    33.6655    26.9421 0.0000e+00
       1496    187.755     1.4554   2.933643    33.6655    26.9422 0.0000e+00
       1497    187.755     1.4554   2.933652    33.6656    26.9423 0.0000e+00
       1498    187.762     1.4556   2.933668    33.6656    26.9422 0.0000e+00
       1499    187.753     1.4558   2.933681    33.6656    26.9422 0.0000e+00
       1500    187.725     1.4558   2.933687    33.6656    26.9423 0.0000e+00
       1501    187.693     1.4560   2.933689    33.6655    26.9421 0.0000e+00
       1502    187.668     1.4560   2.933689    33.6655    26.9421 0.0000e+00
       1503    187.654     1.4560   2.933688    33.6655    26.9421 0.0000e+00
       1504    187.649     1.4559   2.933684    33.6655    26.9422 0.0000e+00
       1505    187.651     1.4558   2.933681    33.6656    26.9422 0.0000e+00
       1506    187.654     1.4558   2.933675    33.6655    26.9422 0.0000e+00
       1507    187.646     1.4558   2.933657    33.6653    26.9420 0.0000e+00
       1508    187.622     1.4556   2.933629    33.6652    26.9419 0.0000e+00
       1509    187.599     1.4554   2.933610    33.6652    26.9419 0.0000e+00
       1510    187.589     1.4553   2.933606    33.6652    26.9420 0.0000e+00
       1511    187.586     1.4552   2.933615    33.6655    26.9422 0.0000e+00
       1512    187.579     1.4552   2.933624    33.6656    26.9422 0.0000e+00
       1513    187.564     1.4554   2.933630    33.6654    26.9421 0.0000e+00
       1514    187.550     1.4554   2.933630    33.6655    26.9421 0.0000e+00
       1515    187.546     1.4554   2.933631    33.6655    26.9421 0.0000e+00
       1516    187.547     1.4555   2.933642    33.6655    26.9422 0.0000e+00
       1517    187.538     1.4556   2.933663    33.6657    26.9423 0.0000e+00
       1518    187.506     1.4558   2.933689    33.6658    26.9424 0.0000e+00
       1519    187.447     1.4561   2.933700    33.6656    26.9422 0.0000e+00
       1520    187.381     1.4562   2.933697    33.6655    26.9421 0.0000e+00
       1521    187.339     1.4562   2.933695    33.6655    26.9421 0.0000e+00
       1522    187.331     1.4562   2.933708    33.6657    26.9423 0.0000e+00
       1523    187.344     1.4564   2.933743    33.6659    26.9424 0.0000e+00
       1524    187.353     1.4569   2.933792    33.6660    26.9425 0.0000e+00
       1525    187.338     1.4573   2.933824    33.6660    26.9424 0.0000e+00
       1526    187.297     1.4575   2.933827    33.6658    26.9423 0.0000e+00
       1527    187.252     1.4575   2.933813    33.6657    26.9422 0.0000e+00
       1528    187.234     1.4575   2.933824    33.6658    26.9423 0.0000e+00
       1529    187.247     1.4575   2.933839    33.6660    26.9424 0.0000e+00
       1530    187.270     1.4575   2.933840    33.6660    26.9424 0.0000e+00
       1531    187.278     1.4575   2.933830    33.6659    26.9423 0.0000e+00
       1532    187.266     1.4575   2.933817    33.6657    26.9422 0.0000e+00
       1533    187.244     1.4573   2.933804    33.6658    26.9423 0.0000e+00
       1534    187.227     1.4573   2.933803    33.6658    26.9423 0.0000e+00
       1535    187.220     1.4573   2.933805    33.6658    26.9423 0.0000e+00
       1536    187.218     1.4573   2.933811    33.6659    26.9424 0.0000e+00
       1537    187.220     1.4573   2.933820    33.6660    26.9425 0.0000e+00
       1538    187.222     1.4575   2.933827    33.6659    26.9423 0.0000e+00
       1539    187.219     1.4575   2.933826    33.6659    26.9423 0.0000e+00
       1540    187.212     1.4575   2.933815    33.6657    26.9422 0.0000e+00
       1541    187.208     1.4575   2.933803    33.6656    26.9421 0.0000e+00
       1542    187.208     1.4573   2.933801    33.6658    26.9423 0.0000e+00
       1543    187.199     1.4573   2.933803    33.6658    26.9423 0.0000e+00
       1544    187.157     1.4573   2.933799    33.6658    26.9423 0.0000e+00
       1545    187.083     1.4573   2.933792    33.6657    26.9422 0.0000e+00
       1546    187.020     1.4573   2.933787    33.6657    26.9422 0.0000e+00
       1547    187.007     1.4573   2.933785    33.6657    26.9422 0.0000e+00
       1548    187.038     1.4573   2.933794    33.6658    26.9423 0.0000e+00
       1549    187.077     1.4573   2.933810    33.6660    26.9424 0.0000e+00
       1550    187.096     1.4575   2.933836    33.6661    26.9425 0.0000e+00
       1551    187.084     1.4577   2.933866    33.6662    26.9426 0.0000e+00
       1552    187.056     1.4579   2.933887    33.6663    26.9427 0.0000e+00
       1553    187.029     1.4581   2.933898    33.6663    26.9426 0.0000e+00
       1554    187.015     1.4581   2.933912    33.6664    26.9427 0.0000e+00
       1555    187.013     1.4583   2.933937    33.6665    26.9428 0.0000e+00
       1556    187.013     1.4587   2.933975    33.6666    26.9428 0.0000e+00
       1557    187.009     1.4591   2.934011    33.6666    26.9428 0.0000e+00
       1558    187.002     1.4594   2.934042    33.6667    26.9429 0.0000e+00
       1559    186.995     1.4597   2.934067    33.6667    26.9428 0.0000e+00
       1560    186.991     1.4599   2.934085    33.6667    26.9428 0.0000e+00
       1561    186.988     1.4602   2.934102    33.6666    26.9427 0.0000e+00
       1562    186.980     1.4604   2.934117    33.6666    26.9427 0.0000e+00
       1563    186.970     1.4604   2.934132    33.6668    26.9429 0.0000e+00
       1564    186.964     1.4606   2.934148    33.6668    26.9428 0.0000e+00
       1565    186.966     1.4608   2.934158    33.6667    26.9428 0.0000e+00
       1566    186.973     1.4609   2.934164    33.6667    26.9427 0.0000e+00
       1567    186.983     1.4609   2.934164    33.6666    26.9427 0.0000e+00
       1568    186.986     1.4609   2.934166    33.6667    26.9427 0.0000e+00
       1569    186.979     1.4609   2.934171    33.6667    26.9428 0.0000e+00
       1570    186.972     1.4610   2.934172    33.6666    26.9427 0.0000e+00
       1571    186.972     1.4610   2.934170    33.6666    26.9427 0.0000e+00
       1572    186.975     1.4610   2.934162    33.6665    26.9426 0.0000e+00
       1573    186.979     1.4608   2.934145    33.6665    26.9426 0.0000e+00
       1574    186.990     1.4606   2.934125    33.6665    26.9426 0.0000e+00
       1575    187.010     1.4604   2.934093    33.6663    26.9424 0.0000e+00
       1576    187.035     1.4601   2.934052    33.6661    26.9423 0.0000e+00
       1577    187.054     1.4599   2.934034    33.6660    26.9423 0.0000e+00
       1578    187.060     1.4598   2.934052    33.6664    26.9426 0.0000e+00
       1579    187.051     1.4599   2.934078    33.6666    26.9427 0.0000e+00
       1580    187.036     1.4600   2.934091    33.6667    26.9428 0.0000e+00
       1581    187.037     1.4600   2.934098    33.6667    26.9429 0.0000e+00
       1582    187.061     1.4602   2.934107    33.6666    26.9428 0.0000e+00
       1583    187.081     1.4603   2.934118    33.6667    26.9428 0.0000e+00
       1584    187.068     1.4604   2.934132    33.6667    26.9428 0.0000e+00
       1585    187.011     1.4606   2.934135    33.6666    26.9427 0.0000e+00
       1586    186.923     1.4607   2.934126    33.6664    26.9425 0.0000e+00
       1587    186.848     1.4607   2.934121    33.6664    26.9425 0.0000e+00
       1588    186.835     1.4607   2.934134    33.6666    26.9427 0.0000e+00
       1589    186.878     1.4608   2.934164    33.6668    26.9429 0.0000e+00
       1590    186.939     1.4610   2.934202    33.6670    26.9430 0.0000e+00
       1591    186.987     1.4613   2.934223    33.6670    26.9429 0.0000e+00
       1592    187.009     1.4615   2.934225    33.6668    26.9428 0.0000e+00
       1593    187.004     1.4615   2.934226    33.6668    26.9428 0.0000e+00
       1594    186.990     1.4615   2.934225    33.6668    26.9428 0.0000e+00
       1595    186.993     1.4614   2.934222    33.6668    26.9428 0.0000e+00
       1596    187.021     1.4613   2.934220    33.6669    26.9429 0.0000e+00
       1597    187.061     1.4615   2.934230    33.6668    26.9428 0.0000e+00
       1598    187.095     1.4615   2.934249    33.6670    26.9430 0.0000e+00
       1599    187.112     1.4617   2.934273    33.6671    26.9430 0.0000e+00
       1600    187.115     1.4619   2.934296    33.6672    26.9431 0.0000e+00
       1601    187.112     1.4621   2.934312    33.6672    26.9430 0.0000e+00
       1602    187.116     1.4622   2.934321    33.6672    26.9430 0.0000e+00
       1603    187.137     1.4623   2.934330    33.6672    26.9430 0.0000e+00
       1604    187.166     1.4624   2.934346    33.6672    26.9431 0.0000e+00
       1605    187.189     1.4627   2.934379    33.6673    26.9431 0.0000e+00
       1606    187.202     1.4630   2.934415    33.6675    26.9432 0.0000e+00
       1607    187.210     1.4632   2.934435    33.6675    26.9432 0.0000e+00
       1608    187.224     1.4634   2.934440    33.6673    26.9431 0.0000e+00
       1609    187.249     1.4634   2.934445    33.6674    26.9431 0.0000e+00
       1610    187.280     1.4634   2.934455    33.6675    26.9432 0.0000e+00
       1611    187.307     1.4636   2.934462    33.6673    26.9431 0.0000e+00
       1612    187.321     1.4636   2.934442    33.6671    26.9429 0.0000e+00
       1613    187.319     1.4634   2.934416    33.6670    26.9428 0.0000e+00
       1614    187.311     1.4632   2.934407    33.6671    26.9429 0.0000e+00
       1615    187.314     1.4632   2.934407    33.6671    26.9429 0.0000e+00
       1616    187.337     1.4632   2.934408    33.6671    26.9429 0.0000e+00
       1617    187.368     1.4632   2.934411    33.6671    26.9429 0.0000e+00
       1618    187.390     1.4632   2.934415    33.6671    26.9429 0.0000e+00
       1619    187.401     1.4632   2.934418    33.6672    26.9430 0.0000e+00
       1620    187.413     1.4632   2.934417    33.6671    26.9430 0.0000e+00
       1621    187.433     1.4632   2.934419    33.6672    26.9430 0.0000e+00
       1622    187.459     1.4632   2.934430    33.6673    26.9431 0.0000e+00
       1623    187.486     1.4634   2.934455    33.6674    26.9431 0.0000e+00
       1624    187.506     1.4636   2.934487    33.6676    26.9433 0.0000e+00
       1625    187.510     1.4638   2.934513    33.6677    26.9433 0.0000e+00
       1626    187.500     1.4640   2.934528    33.6676    26.9433 0.0000e+00
       1627    187.496     1.4640   2.934535    33.6677    26.9434 0.0000e+00
       1628    187.510     1.4642   2.934543    33.6676    26.9433 0.0000e+00
       1629    187.528     1.4642   2.934552    33.6677    26.9433 0.0000e+00
       1630    187.530     1.4644   2.934562    33.6676    26.9433 0.0000e+00
       1631    187.521     1.4645   2.934570    33.6676    26.9433 0.0000e+00
       1632    187.511     1.4646   2.934576    33.6676    26.9432 0.0000e+00
       1633    187.510     1.4646   2.934578    33.6676    26.9432 0.0000e+00
       1634    187.527     1.4646   2.934579    33.6676    26.9433 0.0000e+00
       1635    187.557     1.4646   2.934584    33.6677    26.9433 0.0000e+00
       1636    187.584     1.4647   2.934594    33.6677    26.9433 0.0000e+00
       1637    187.604     1.4649   2.934612    33.6677    26.9433 0.0000e+00
       1638    187.612     1.4650   2.934629    33.6678    26.9433 0.0000e+00
       1639    187.618     1.4652   2.934641    33.6677    26.9433 0.0000e+00
       1640    187.634     1.4653   2.934655    33.6678    26.9433 0.0000e+00
       1641    187.654     1.4654   2.934673    33.6679    26.9434 0.0000e+00
