Datasets/Multi_Species/TEL214/tel214_2020_015.cnv
* Sea-Bird SBE19plus Data File:
* Filename = C:/AQUIRE/tel214_2020_015.hex
* Software Version AquireV2 AF V2.0
* Temperature SN =  7853
* Conductivity SN =  7853
* System UpLoad Time = Nov 10 2020 09:38:07
* <ApplicationData>
* <AQUIREV2>
** VESSEL/TRIP/SEQ STN: tel214_2020_015
** LATITUDE: 54 47.79 N
** LONGITUDE: 53 39.33 W
** DATE/TIME: 2020-11-10 08:27
** SOUNDING DEPTH (M): 0478
** PROBE TYPE: S7853
** CTD NUMBER:  15
** COMMENTS: 
# nquan = 7                                 
# nvalues = 4050                        
# units = specified
# name 0 = scan: Scan Count
# name 1 = prdM: Pressure, Strain Gauge [db]
# name 2 = tv290C: Temperature [ITS-90, deg C]
# name 3 = c0S/m: Conductivity [S/m]
# name 4 = sal00: Salinity, Practical [PSU]
# name 5 = sigma-t00: Density [sigma-t, kg/m^3 ]
# name 6 = flag: flag
# span 0 =          1,       4050       
# span 1 =     -1.193,    479.230       
# span 2 =    -1.3893,     4.0134       
# span 3 =  -0.000091,   3.257628       
# span 4 =    -0.0028,    34.7675       
# span 5 =    -0.2697,    27.6012       
# span 6 = 0.0000e+00, 0.0000e+00       
# interval = seconds: 1
# start_time = Nov 10 2020 08:27:57 [Instrument's time stamp, header]
# bad_flag = -9.990e-29
*END*
[from data line 1231]
       1232    273.045     3.6696   3.206852    34.6231    27.5200 0.0000e+00
       1233    273.709     3.6746   3.207501    34.6252    27.5212 0.0000e+00
       1234    274.388     3.6799   3.208196    34.6275    27.5225 0.0000e+00
       1235    275.076     3.6853   3.208792    34.6286    27.5228 0.0000e+00
       1236    275.763     3.6904   3.209270    34.6285    27.5223 0.0000e+00
       1237    276.436     3.6947   3.209629    34.6279    27.5213 0.0000e+00
       1238    277.097     3.6977   3.209905    34.6276    27.5208 0.0000e+00
       1239    277.755     3.7001   3.210226    34.6286    27.5214 0.0000e+00
       1240    278.419     3.7026   3.210589    34.6299    27.5222 0.0000e+00
       1241    279.083     3.7054   3.210940    34.6308    27.5226 0.0000e+00
       1242    279.739     3.7085   3.211297    34.6314    27.5228 0.0000e+00
       1243    280.386     3.7115   3.211645    34.6321    27.5230 0.0000e+00
       1244    281.034     3.7145   3.211974    34.6325    27.5230 0.0000e+00
       1245    281.688     3.7174   3.212275    34.6326    27.5228 0.0000e+00
       1246    282.346     3.7195   3.212517    34.6329    27.5229 0.0000e+00
       1247    283.009     3.7211   3.212745    34.6336    27.5233 0.0000e+00
       1248    283.682     3.7230   3.213023    34.6346    27.5238 0.0000e+00
       1249    284.359     3.7256   3.213319    34.6350    27.5239 0.0000e+00
       1250    285.033     3.7283   3.213588    34.6350    27.5236 0.0000e+00
       1251    285.706     3.7306   3.213830    34.6351    27.5234 0.0000e+00
       1252    286.379     3.7323   3.214059    34.6356    27.5237 0.0000e+00
       1253    287.053     3.7340   3.214311    34.6365    27.5242 0.0000e+00
       1254    287.723     3.7360   3.214561    34.6370    27.5244 0.0000e+00
       1255    288.388     3.7379   3.214759    34.6370    27.5242 0.0000e+00
       1256    289.052     3.7394   3.214922    34.6370    27.5241 0.0000e+00
       1257    289.715     3.7406   3.215121    34.6377    27.5246 0.0000e+00
       1258    290.377     3.7422   3.215377    34.6387    27.5252 0.0000e+00
       1259    291.036     3.7443   3.215678    34.6398    27.5258 0.0000e+00
       1260    291.693     3.7469   3.216003    34.6405    27.5262 0.0000e+00
       1261    292.351     3.7495   3.216270    34.6406    27.5260 0.0000e+00
       1262    293.011     3.7516   3.216452    34.6402    27.5254 0.0000e+00
       1263    293.670     3.7531   3.216625    34.6403    27.5254 0.0000e+00
       1264    294.323     3.7544   3.216813    34.6408    27.5257 0.0000e+00
       1265    294.971     3.7554   3.216974    34.6414    27.5260 0.0000e+00
       1266    295.620     3.7566   3.217123    34.6415    27.5260 0.0000e+00
       1267    296.271     3.7580   3.217287    34.6416    27.5259 0.0000e+00
       1268    296.929     3.7591   3.217449    34.6421    27.5261 0.0000e+00
       1269    297.595     3.7600   3.217607    34.6426    27.5265 0.0000e+00
       1270    298.269     3.7615   3.217891    34.6441    27.5275 0.0000e+00
       1271    298.942     3.7647   3.218398    34.6464    27.5290 0.0000e+00
       1272    299.612     3.7695   3.219016    34.6483    27.5301 0.0000e+00
       1273    300.279     3.7748   3.219679    34.6503    27.5311 0.0000e+00
       1274    300.944     3.7804   3.220375    34.6523    27.5321 0.0000e+00
       1275    301.604     3.7859   3.221011    34.6537    27.5327 0.0000e+00
       1276    302.262     3.7913   3.221579    34.6544    27.5327 0.0000e+00
       1277    302.917     3.7961   3.222045    34.6545    27.5323 0.0000e+00
       1278    303.573     3.7999   3.222288    34.6530    27.5307 0.0000e+00
       1279    304.234     3.8024   3.222193    34.6489    27.5272 0.0000e+00
       1280    304.902     3.8037   3.222179    34.6470    27.5256 0.0000e+00
       1281    305.574     3.8052   3.222839    34.6529    27.5301 0.0000e+00
       1282    306.244     3.8086   3.223721    34.6595    27.5350 0.0000e+00
       1283    306.911     3.8137   3.224302    34.6607    27.5354 0.0000e+00
       1284    307.578     3.8188   3.224785    34.6607    27.5349 0.0000e+00
       1285    308.245     3.8234   3.225279    34.6613    27.5349 0.0000e+00
       1286    308.913     3.8274   3.225723    34.6620    27.5351 0.0000e+00
       1287    309.577     3.8308   3.226091    34.6624    27.5351 0.0000e+00
       1288    310.239     3.8338   3.226412    34.6627    27.5350 0.0000e+00
       1289    310.901     3.8367   3.226781    34.6637    27.5355 0.0000e+00
       1290    311.556     3.8399   3.227226    34.6653    27.5364 0.0000e+00
       1291    312.195     3.8432   3.227665    34.6667    27.5372 0.0000e+00
       1292    312.825     3.8463   3.228044    34.6676    27.5376 0.0000e+00
       1293    313.462     3.8489   3.228444    34.6692    27.5387 0.0000e+00
       1294    314.117     3.8518   3.228974    34.6721    27.5407 0.0000e+00
       1295    314.785     3.8563   3.229621    34.6747    27.5423 0.0000e+00
       1296    315.455     3.8625   3.230303    34.6759    27.5426 0.0000e+00
       1297    316.118     3.8693   3.230994    34.6766    27.5424 0.0000e+00
       1298    316.766     3.8761   3.231708    34.6776    27.5425 0.0000e+00
       1299    317.404     3.8822   3.232366    34.6786    27.5427 0.0000e+00
       1300    318.042     3.8868   3.232854    34.6792    27.5427 0.0000e+00
       1301    318.684     3.8901   3.233205    34.6795    27.5426 0.0000e+00
       1302    319.331     3.8926   3.233457    34.6795    27.5424 0.0000e+00
       1303    319.982     3.8941   3.233618    34.6795    27.5422 0.0000e+00
       1304    320.632     3.8948   3.233793    34.6805    27.5429 0.0000e+00
       1305    321.277     3.8964   3.234076    34.6818    27.5438 0.0000e+00
       1306    321.915     3.8990   3.234409    34.6827    27.5442 0.0000e+00
       1307    322.549     3.9019   3.234739    34.6832    27.5444 0.0000e+00
       1308    323.183     3.9050   3.235111    34.6840    27.5447 0.0000e+00
       1309    323.821     3.9084   3.235496    34.6847    27.5448 0.0000e+00
       1310    324.465     3.9114   3.235841    34.6853    27.5450 0.0000e+00
       1311    325.114     3.9141   3.236228    34.6867    27.5458 0.0000e+00
       1312    325.770     3.9176   3.236815    34.6896    27.5478 0.0000e+00
       1313    326.436     3.9231   3.237630    34.6931    27.5500 0.0000e+00
       1314    327.105     3.9299   3.238484    34.6957    27.5514 0.0000e+00
       1315    327.776     3.9366   3.239225    34.6971    27.5518 0.0000e+00
       1316    328.449     3.9424   3.239888    34.6985    27.5523 0.0000e+00
       1317    329.116     3.9472   3.240471    34.7000    27.5530 0.0000e+00
       1318    329.765     3.9512   3.240991    34.7016    27.5539 0.0000e+00
       1319    330.392     3.9547   3.241412    34.7025    27.5543 0.0000e+00
       1320    331.009     3.9572   3.241647    34.7024    27.5539 0.0000e+00
       1321    331.633     3.9583   3.241788    34.7025    27.5539 0.0000e+00
       1322    332.269     3.9586   3.241922    34.7035    27.5546 0.0000e+00
       1323    332.915     3.9589   3.242045    34.7043    27.5552 0.0000e+00
       1324    333.565     3.9596   3.242154    34.7045    27.5553 0.0000e+00
       1325    334.214     3.9603   3.242238    34.7044    27.5551 0.0000e+00
       1326    334.866     3.9607   3.242317    34.7045    27.5552 0.0000e+00
       1327    335.531     3.9610   3.242426    34.7052    27.5557 0.0000e+00
       1328    336.206     3.9613   3.242551    34.7060    27.5563 0.0000e+00
       1329    336.887     3.9617   3.242678    34.7067    27.5568 0.0000e+00
       1330    337.566     3.9623   3.242842    34.7076    27.5575 0.0000e+00
       1331    338.230     3.9633   3.243022    34.7084    27.5580 0.0000e+00
       1332    338.874     3.9646   3.243220    34.7090    27.5584 0.0000e+00
       1333    339.505     3.9657   3.243423    34.7099    27.5590 0.0000e+00
       1334    340.136     3.9664   3.243603    34.7110    27.5598 0.0000e+00
       1335    340.773     3.9669   3.243768    34.7121    27.5606 0.0000e+00
       1336    341.412     3.9676   3.243946    34.7131    27.5613 0.0000e+00
       1337    342.049     3.9685   3.244148    34.7142    27.5621 0.0000e+00
       1338    342.690     3.9697   3.244337    34.7148    27.5625 0.0000e+00
       1339    343.338     3.9708   3.244486    34.7151    27.5626 0.0000e+00
       1340    343.993     3.9716   3.244598    34.7152    27.5626 0.0000e+00
       1341    344.650     3.9721   3.244680    34.7153    27.5626 0.0000e+00
       1342    345.309     3.9722   3.244754    34.7158    27.5630 0.0000e+00
       1343    345.973     3.9721   3.244832    34.7164    27.5635 0.0000e+00
       1344    346.639     3.9721   3.244929    34.7172    27.5641 0.0000e+00
       1345    347.308     3.9726   3.245062    34.7179    27.5646 0.0000e+00
       1346    347.985     3.9734   3.245197    34.7183    27.5649 0.0000e+00
       1347    348.666     3.9743   3.245326    34.7185    27.5650 0.0000e+00
       1348    349.339     3.9750   3.245454    34.7189    27.5652 0.0000e+00
       1349    349.998     3.9756   3.245585    34.7195    27.5656 0.0000e+00
       1350    350.647     3.9762   3.245715    34.7201    27.5660 0.0000e+00
       1351    351.288     3.9767   3.245820    34.7205    27.5662 0.0000e+00
       1352    351.931     3.9770   3.245909    34.7209    27.5665 0.0000e+00
       1353    352.586     3.9772   3.246006    34.7214    27.5670 0.0000e+00
       1354    353.253     3.9775   3.246125    34.7222    27.5675 0.0000e+00
       1355    353.928     3.9778   3.246287    34.7234    27.5685 0.0000e+00
       1356    354.608     3.9783   3.246481    34.7248    27.5696 0.0000e+00
       1357    355.298     3.9788   3.246687    34.7264    27.5707 0.0000e+00
       1358    356.003     3.9796   3.246921    34.7279    27.5719 0.0000e+00
       1359    356.714     3.9809   3.247221    34.7297    27.5732 0.0000e+00
       1360    357.412     3.9824   3.247609    34.7324    27.5751 0.0000e+00
       1361    358.086     3.9842   3.248002    34.7348    27.5769 0.0000e+00
       1362    358.737     3.9859   3.248301    34.7362    27.5778 0.0000e+00
       1363    359.374     3.9873   3.248525    34.7370    27.5783 0.0000e+00
       1364    360.006     3.9882   3.248695    34.7378    27.5788 0.0000e+00
       1365    360.641     3.9888   3.248814    34.7382    27.5791 0.0000e+00
       1366    361.291     3.9893   3.248905    34.7384    27.5792 0.0000e+00
       1367    361.960     3.9897   3.248981    34.7385    27.5793 0.0000e+00
       1368    362.644     3.9899   3.249072    34.7390    27.5796 0.0000e+00
       1369    363.335     3.9901   3.249188    34.7398    27.5803 0.0000e+00
       1370    364.009     3.9903   3.249317    34.7408    27.5810 0.0000e+00
       1371    364.641     3.9908   3.249451    34.7415    27.5815 0.0000e+00
       1372    365.226     3.9916   3.249569    34.7418    27.5816 0.0000e+00
       1373    365.779     3.9921   3.249651    34.7419    27.5817 0.0000e+00
       1374    366.316     3.9926   3.249725    34.7420    27.5817 0.0000e+00
       1375    366.836     3.9928   3.249818    34.7426    27.5822 0.0000e+00
       1376    367.335     3.9932   3.249914    34.7430    27.5825 0.0000e+00
       1377    367.812     3.9936   3.250000    34.7434    27.5827 0.0000e+00
       1378    368.260     3.9942   3.250087    34.7435    27.5828 0.0000e+00
       1379    368.683     3.9947   3.250172    34.7438    27.5829 0.0000e+00
       1380    369.092     3.9951   3.250257    34.7442    27.5832 0.0000e+00
       1381    369.490     3.9958   3.250348    34.7443    27.5832 0.0000e+00
       1382    369.866     3.9965   3.250418    34.7442    27.5831 0.0000e+00
       1383    370.210     3.9968   3.250461    34.7442    27.5830 0.0000e+00
       1384    370.523     3.9970   3.250512    34.7444    27.5832 0.0000e+00
       1385    370.816     3.9974   3.250581    34.7447    27.5833 0.0000e+00
       1386    371.096     3.9977   3.250648    34.7450    27.5836 0.0000e+00
       1387    371.360     3.9983   3.250705    34.7449    27.5834 0.0000e+00
       1388    371.606     3.9987   3.250742    34.7448    27.5833 0.0000e+00
       1389    371.836     3.9989   3.250766    34.7447    27.5832 0.0000e+00
       1390    372.055     3.9990   3.250797    34.7449    27.5833 0.0000e+00
       1391    372.266     3.9993   3.250847    34.7450    27.5834 0.0000e+00
       1392    372.473     3.9996   3.250908    34.7453    27.5836 0.0000e+00
       1393    372.670     3.9999   3.250955    34.7455    27.5837 0.0000e+00
       1394    372.851     4.0001   3.250971    34.7453    27.5836 0.0000e+00
       1395    373.008     4.0003   3.250990    34.7453    27.5835 0.0000e+00
       1396    373.145     4.0006   3.251028    34.7453    27.5835 0.0000e+00
       1397    373.267     4.0008   3.251064    34.7455    27.5836 0.0000e+00
       1398    373.380     4.0010   3.251089    34.7455    27.5836 0.0000e+00
       1399    373.486     4.0012   3.251117    34.7456    27.5837 0.0000e+00
       1400    373.589     4.0013   3.251145    34.7457    27.5838 0.0000e+00
       1401    373.690     4.0015   3.251167    34.7457    27.5838 0.0000e+00
       1402    373.789     4.0016   3.251196    34.7459    27.5839 0.0000e+00
       1403    373.885     4.0018   3.251229    34.7461    27.5840 0.0000e+00
       1404    373.976     4.0022   3.251261    34.7460    27.5839 0.0000e+00
       1405    374.060     4.0024   3.251283    34.7460    27.5839 0.0000e+00
       1406    374.139     4.0026   3.251297    34.7459    27.5838 0.0000e+00
       1407    374.215     4.0027   3.251308    34.7459    27.5837 0.0000e+00
       1408    374.290     4.0026   3.251304    34.7459    27.5838 0.0000e+00
       1409    374.363     4.0024   3.251298    34.7460    27.5839 0.0000e+00
       1410    374.434     4.0024   3.251307    34.7461    27.5839 0.0000e+00
       1411    374.504     4.0027   3.251377    34.7465    27.5843 0.0000e+00
       1412    374.574     4.0034   3.251525    34.7475    27.5850 0.0000e+00
       1413    374.641     4.0042   3.251645    34.7480    27.5853 0.0000e+00
       1414    374.704     4.0048   3.251672    34.7477    27.5850 0.0000e+00
       1415    374.767     4.0049   3.251651    34.7473    27.5847 0.0000e+00
       1416    374.835     4.0047   3.251629    34.7472    27.5846 0.0000e+00
       1417    374.909     4.0046   3.251630    34.7473    27.5847 0.0000e+00
       1418    374.992     4.0046   3.251644    34.7474    27.5848 0.0000e+00
       1419    375.081     4.0046   3.251660    34.7476    27.5849 0.0000e+00
       1420    375.167     4.0047   3.251675    34.7476    27.5849 0.0000e+00
       1421    375.246     4.0049   3.251675    34.7473    27.5847 0.0000e+00
       1422    375.318     4.0049   3.251660    34.7471    27.5845 0.0000e+00
       1423    375.389     4.0049   3.251651    34.7470    27.5844 0.0000e+00
       1424    375.465     4.0048   3.251657    34.7471    27.5845 0.0000e+00
       1425    375.546     4.0046   3.251649    34.7472    27.5846 0.0000e+00
       1426    375.628     4.0045   3.251609    34.7468    27.5843 0.0000e+00
       1427    375.710     4.0041   3.251545    34.7464    27.5840 0.0000e+00
       1428    375.790     4.0037   3.251498    34.7462    27.5839 0.0000e+00
       1429    375.866     4.0035   3.251482    34.7462    27.5839 0.0000e+00
       1430    375.941     4.0034   3.251468    34.7461    27.5839 0.0000e+00
       1431    376.019     4.0032   3.251427    34.7458    27.5836 0.0000e+00
       1432    376.100     4.0030   3.251365    34.7452    27.5832 0.0000e+00
       1433    376.188     4.0025   3.251309    34.7450    27.5831 0.0000e+00
       1434    376.281     4.0022   3.251266    34.7448    27.5829 0.0000e+00
       1435    376.376     4.0018   3.251233    34.7448    27.5830 0.0000e+00
