Datasets/Multi_Species/TEL214/tel214_2020_014.cnv
* Sea-Bird SBE19plus Data File:
* Filename = C:/AQUIRE/tel214_2020_014.hex
* Software Version AquireV2 AF V2.0
* Temperature SN =  7853
* Conductivity SN =  7853
* System UpLoad Time = Nov 10 2020 07:13:58
* <ApplicationData>
* <AQUIREV2>
** VESSEL/TRIP/SEQ STN: tel214_2020_014
** LATITUDE: 54 49.65 N
** LONGITUDE: 53 31.18 W
** DATE/TIME: 2020-11-10 05:49
** SOUNDING DEPTH (M): 0605
** PROBE TYPE: S7853
** CTD NUMBER:  14
** COMMENTS: 
# nquan = 7                                 
# nvalues = 4838                        
# units = specified
# name 0 = scan: Scan Count
# name 1 = prdM: Pressure, Strain Gauge [db]
# name 2 = tv290C: Temperature [ITS-90, deg C]
# name 3 = c0S/m: Conductivity [S/m]
# name 4 = sal00: Salinity, Practical [PSU]
# name 5 = sigma-t00: Density [sigma-t, kg/m^3 ]
# name 6 = flag: flag
# span 0 =          1,       4838       
# span 1 =     -1.178,    609.588       
# span 2 =    -1.7786,     4.0831       
# span 3 =  -0.000049,   3.267132       
# span 4 =    -0.0028,    34.8072       
# span 5 =    -0.3076,    27.6329       
# span 6 = 0.0000e+00, 0.0000e+00       
# interval = seconds: 1
# start_time = Nov 10 2020 05:49:18 [Instrument's time stamp, header]
# bad_flag = -9.990e-29
*END*
[from data line 3077]
       3078    607.481     4.0047   3.266833    34.8044    27.6301 0.0000e+00
       3079    607.484     4.0048   3.266836    34.8044    27.6301 0.0000e+00
       3080    607.484     4.0050   3.266839    34.8042    27.6299 0.0000e+00
       3081    607.466     4.0050   3.266836    34.8042    27.6299 0.0000e+00
       3082    607.419     4.0050   3.266829    34.8041    27.6298 0.0000e+00
       3083    607.349     4.0050   3.266824    34.8041    27.6298 0.0000e+00
       3084    607.281     4.0049   3.266819    34.8042    27.6299 0.0000e+00
       3085    607.246     4.0047   3.266816    34.8043    27.6301 0.0000e+00
       3086    607.258     4.0047   3.266816    34.8043    27.6301 0.0000e+00
       3087    607.299     4.0047   3.266817    34.8043    27.6301 0.0000e+00
       3088    607.339     4.0047   3.266819    34.8043    27.6301 0.0000e+00
       3089    607.367     4.0048   3.266826    34.8043    27.6300 0.0000e+00
       3090    607.389     4.0051   3.266840    34.8041    27.6299 0.0000e+00
       3091    607.403     4.0053   3.266848    34.8040    27.6297 0.0000e+00
       3092    607.398     4.0053   3.266846    34.8040    27.6297 0.0000e+00
       3093    607.365     4.0052   3.266837    34.8040    27.6297 0.0000e+00
       3094    607.307     4.0050   3.266823    34.8041    27.6298 0.0000e+00
       3095    607.240     4.0047   3.266811    34.8043    27.6300 0.0000e+00
       3096    607.189     4.0046   3.266804    34.8043    27.6301 0.0000e+00
       3097    607.175     4.0046   3.266800    34.8043    27.6300 0.0000e+00
       3098    607.205     4.0045   3.266797    34.8044    27.6301 0.0000e+00
       3099    607.259     4.0043   3.266792    34.8045    27.6302 0.0000e+00
       3100    607.294     4.0040   3.266787    34.8047    27.6304 0.0000e+00
       3101    607.286     4.0040   3.266791    34.8048    27.6305 0.0000e+00
       3102    607.244     4.0040   3.266797    34.8049    27.6306 0.0000e+00
       3103    607.193     4.0042   3.266798    34.8047    27.6304 0.0000e+00
       3104    607.159     4.0042   3.266799    34.8047    27.6304 0.0000e+00
       3105    607.155     4.0043   3.266801    34.8046    27.6303 0.0000e+00
       3106    607.177     4.0045   3.266804    34.8045    27.6302 0.0000e+00
       3107    607.215     4.0046   3.266809    34.8044    27.6301 0.0000e+00
       3108    607.255     4.0046   3.266819    34.8045    27.6302 0.0000e+00
       3109    607.289     4.0048   3.266827    34.8044    27.6301 0.0000e+00
       3110    607.317     4.0050   3.266833    34.8042    27.6299 0.0000e+00
       3111    607.345     4.0050   3.266839    34.8043    27.6300 0.0000e+00
       3112    607.364     4.0052   3.266842    34.8041    27.6298 0.0000e+00
       3113    607.358     4.0052   3.266842    34.8041    27.6298 0.0000e+00
       3114    607.328     4.0051   3.266839    34.8042    27.6299 0.0000e+00
       3115    607.291     4.0050   3.266831    34.8042    27.6299 0.0000e+00
       3116    607.273     4.0050   3.266817    34.8040    27.6298 0.0000e+00
       3117    607.284     4.0049   3.266805    34.8040    27.6298 0.0000e+00
       3118    607.306     4.0047   3.266795    34.8041    27.6298 0.0000e+00
       3119    607.309     4.0044   3.266786    34.8043    27.6300 0.0000e+00
       3120    607.283     4.0041   3.266780    34.8045    27.6303 0.0000e+00
       3121    607.252     4.0039   3.266774    34.8047    27.6304 0.0000e+00
       3122    607.250     4.0038   3.266770    34.8048    27.6305 0.0000e+00
       3123    607.286     4.0038   3.266768    34.8047    27.6305 0.0000e+00
       3124    607.335     4.0038   3.266773    34.8047    27.6305 0.0000e+00
       3125    607.364     4.0038   3.266781    34.8048    27.6305 0.0000e+00
       3126    607.362     4.0038   3.266783    34.8048    27.6306 0.0000e+00
       3127    607.351     4.0038   3.266775    34.8048    27.6305 0.0000e+00
       3128    607.362     4.0036   3.266766    34.8049    27.6306 0.0000e+00
       3129    607.399     4.0035   3.266759    34.8049    27.6306 0.0000e+00
       3130    607.432     4.0035   3.266755    34.8048    27.6306 0.0000e+00
       3131    607.433     4.0034   3.266761    34.8050    27.6307 0.0000e+00
       3132    607.401     4.0034   3.266766    34.8050    27.6308 0.0000e+00
       3133    607.362     4.0034   3.266767    34.8051    27.6308 0.0000e+00
       3134    607.352     4.0035   3.266769    34.8050    27.6307 0.0000e+00
       3135    607.392     4.0035   3.266770    34.8050    27.6307 0.0000e+00
       3136    607.469     4.0035   3.266772    34.8050    27.6307 0.0000e+00
       3137    607.551     4.0035   3.266773    34.8049    27.6307 0.0000e+00
       3138    607.610     4.0035   3.266778    34.8050    27.6307 0.0000e+00
       3139    607.641     4.0035   3.266785    34.8050    27.6307 0.0000e+00
       3140    607.649     4.0037   3.266790    34.8049    27.6306 0.0000e+00
       3141    607.647     4.0038   3.266796    34.8049    27.6306 0.0000e+00
       3142    607.649     4.0038   3.266800    34.8049    27.6306 0.0000e+00
       3143    607.659     4.0038   3.266802    34.8049    27.6306 0.0000e+00
       3144    607.669     4.0039   3.266800    34.8048    27.6305 0.0000e+00
       3145    607.666     4.0038   3.266790    34.8048    27.6305 0.0000e+00
       3146    607.647     4.0038   3.266781    34.8047    27.6304 0.0000e+00
       3147    607.626     4.0038   3.266777    34.8046    27.6304 0.0000e+00
       3148    607.625     4.0036   3.266779    34.8049    27.6306 0.0000e+00
       3149    607.658     4.0035   3.266776    34.8049    27.6307 0.0000e+00
       3150    607.721     4.0035   3.266773    34.8049    27.6306 0.0000e+00
       3151    607.799     4.0035   3.266775    34.8048    27.6306 0.0000e+00
       3152    607.871     4.0035   3.266780    34.8049    27.6306 0.0000e+00
       3153    607.922     4.0035   3.266788    34.8049    27.6307 0.0000e+00
       3154    607.953     4.0037   3.266797    34.8048    27.6305 0.0000e+00
       3155    607.973     4.0038   3.266805    34.8048    27.6305 0.0000e+00
       3156    607.993     4.0038   3.266810    34.8048    27.6306 0.0000e+00
       3157    608.023     4.0038   3.266813    34.8049    27.6306 0.0000e+00
       3158    608.056     4.0038   3.266813    34.8048    27.6306 0.0000e+00
       3159    608.081     4.0038   3.266812    34.8048    27.6305 0.0000e+00
       3160    608.094     4.0039   3.266815    34.8047    27.6305 0.0000e+00
       3161    608.103     4.0040   3.266821    34.8047    27.6304 0.0000e+00
       3162    608.119     4.0040   3.266828    34.8048    27.6305 0.0000e+00
       3163    608.141     4.0042   3.266830    34.8046    27.6303 0.0000e+00
       3164    608.148     4.0042   3.266828    34.8045    27.6303 0.0000e+00
       3165    608.125     4.0041   3.266822    34.8046    27.6303 0.0000e+00
       3166    608.092     4.0040   3.266817    34.8047    27.6304 0.0000e+00
       3167    608.086     4.0040   3.266817    34.8047    27.6304 0.0000e+00
       3168    608.121     4.0040   3.266821    34.8047    27.6304 0.0000e+00
       3169    608.184     4.0039   3.266823    34.8048    27.6305 0.0000e+00
       3170    608.250     4.0038   3.266821    34.8048    27.6305 0.0000e+00
       3171    608.304     4.0038   3.266821    34.8048    27.6305 0.0000e+00
       3172    608.349     4.0038   3.266824    34.8048    27.6305 0.0000e+00
       3173    608.390     4.0038   3.266833    34.8049    27.6306 0.0000e+00
       3174    608.416     4.0038   3.266840    34.8050    27.6307 0.0000e+00
       3175    608.411     4.0040   3.266843    34.8048    27.6305 0.0000e+00
       3176    608.368     4.0042   3.266843    34.8046    27.6303 0.0000e+00
       3177    608.306     4.0042   3.266837    34.8046    27.6303 0.0000e+00
       3178    608.254     4.0042   3.266828    34.8045    27.6302 0.0000e+00
       3179    608.218     4.0040   3.266823    34.8047    27.6304 0.0000e+00
       3180    608.195     4.0040   3.266824    34.8047    27.6304 0.0000e+00
       3181    608.186     4.0040   3.266827    34.8047    27.6304 0.0000e+00
       3182    608.195     4.0042   3.266838    34.8046    27.6304 0.0000e+00
       3183    608.233     4.0045   3.266849    34.8044    27.6302 0.0000e+00
       3184    608.302     4.0047   3.266860    34.8043    27.6300 0.0000e+00
       3185    608.388     4.0049   3.266864    34.8041    27.6299 0.0000e+00
       3186    608.465     4.0047   3.266855    34.8042    27.6299 0.0000e+00
       3187    608.508     4.0045   3.266845    34.8042    27.6300 0.0000e+00
       3188    608.501     4.0043   3.266842    34.8044    27.6302 0.0000e+00
       3189    608.442     4.0042   3.266842    34.8046    27.6303 0.0000e+00
       3190    608.362     4.0042   3.266840    34.8046    27.6303 0.0000e+00
       3191    608.313     4.0042   3.266837    34.8046    27.6303 0.0000e+00
       3192    608.321     4.0042   3.266828    34.8045    27.6302 0.0000e+00
       3193    608.363     4.0040   3.266820    34.8046    27.6303 0.0000e+00
       3194    608.396     4.0038   3.266816    34.8047    27.6304 0.0000e+00
       3195    608.391     4.0037   3.266808    34.8047    27.6305 0.0000e+00
       3196    608.365     4.0035   3.266802    34.8049    27.6306 0.0000e+00
       3197    608.362     4.0035   3.266800    34.8048    27.6306 0.0000e+00
       3198    608.405     4.0034   3.266799    34.8049    27.6307 0.0000e+00
       3199    608.487     4.0032   3.266798    34.8051    27.6308 0.0000e+00
       3200    608.589     4.0031   3.266795    34.8051    27.6308 0.0000e+00
       3201    608.695     4.0030   3.266803    34.8052    27.6310 0.0000e+00
       3202    608.796     4.0031   3.266821    34.8053    27.6310 0.0000e+00
       3203    608.889     4.0031   3.266836    34.8054    27.6311 0.0000e+00
       3204    608.974     4.0033   3.266851    34.8053    27.6310 0.0000e+00
       3205    609.048     4.0034   3.266860    34.8053    27.6310 0.0000e+00
       3206    609.112     4.0034   3.266864    34.8053    27.6310 0.0000e+00
       3207    609.162     4.0035   3.266868    34.8052    27.6309 0.0000e+00
       3208    609.196     4.0035   3.266872    34.8053    27.6309 0.0000e+00
       3209    609.223     4.0035   3.266873    34.8053    27.6309 0.0000e+00
       3210    609.249     4.0035   3.266867    34.8052    27.6309 0.0000e+00
       3211    609.274     4.0034   3.266858    34.8052    27.6308 0.0000e+00
       3212    609.295     4.0032   3.266854    34.8053    27.6310 0.0000e+00
       3213    609.308     4.0032   3.266862    34.8054    27.6311 0.0000e+00
       3214    609.312     4.0034   3.266874    34.8053    27.6310 0.0000e+00
       3215    609.310     4.0036   3.266889    34.8053    27.6309 0.0000e+00
       3216    609.300     4.0038   3.266905    34.8053    27.6309 0.0000e+00
       3217    609.278     4.0042   3.266916    34.8050    27.6306 0.0000e+00
       3218    609.247     4.0045   3.266918    34.8047    27.6304 0.0000e+00
       3219    609.212     4.0045   3.266911    34.8047    27.6303 0.0000e+00
       3220    609.179     4.0042   3.266897    34.8048    27.6305 0.0000e+00
       3221    609.153     4.0039   3.266885    34.8050    27.6307 0.0000e+00
       3222    609.131     4.0039   3.266879    34.8050    27.6306 0.0000e+00
       3223    609.112     4.0039   3.266878    34.8050    27.6306 0.0000e+00
       3224    609.099     4.0039   3.266875    34.8049    27.6306 0.0000e+00
       3225    609.092     4.0039   3.266871    34.8049    27.6306 0.0000e+00
       3226    609.082     4.0039   3.266869    34.8049    27.6306 0.0000e+00
       3227    609.063     4.0038   3.266865    34.8049    27.6306 0.0000e+00
       3228    609.035     4.0038   3.266860    34.8049    27.6306 0.0000e+00
       3229    608.997     4.0037   3.266856    34.8050    27.6307 0.0000e+00
       3230    608.949     4.0035   3.266854    34.8052    27.6309 0.0000e+00
       3231    608.895     4.0035   3.266851    34.8052    27.6308 0.0000e+00
       3232    608.843     4.0036   3.266850    34.8051    27.6308 0.0000e+00
       3233    608.799     4.0038   3.266854    34.8049    27.6306 0.0000e+00
       3234    608.761     4.0038   3.266851    34.8049    27.6306 0.0000e+00
       3235    608.726     4.0038   3.266844    34.8049    27.6306 0.0000e+00
       3236    608.686     4.0037   3.266844    34.8050    27.6307 0.0000e+00
       3237    608.637     4.0038   3.266847    34.8049    27.6306 0.0000e+00
       3238    608.584     4.0039   3.266846    34.8048    27.6306 0.0000e+00
       3239    608.529     4.0040   3.266845    34.8048    27.6305 0.0000e+00
       3240    608.476     4.0041   3.266850    34.8047    27.6304 0.0000e+00
       3241    608.428     4.0044   3.266860    34.8046    27.6303 0.0000e+00
       3242    608.380     4.0046   3.266870    34.8045    27.6302 0.0000e+00
       3243    608.330     4.0048   3.266874    34.8044    27.6301 0.0000e+00
       3244    608.274     4.0046   3.266859    34.8044    27.6301 0.0000e+00
       3245    608.211     4.0043   3.266840    34.8046    27.6303 0.0000e+00
       3246    608.151     4.0040   3.266824    34.8047    27.6304 0.0000e+00
       3247    608.102     4.0038   3.266816    34.8049    27.6306 0.0000e+00
       3248    608.066     4.0038   3.266815    34.8049    27.6306 0.0000e+00
       3249    608.040     4.0038   3.266814    34.8049    27.6306 0.0000e+00
       3250    608.011     4.0038   3.266805    34.8048    27.6305 0.0000e+00
       3251    607.968     4.0036   3.266795    34.8049    27.6306 0.0000e+00
       3252    607.915     4.0035   3.266790    34.8050    27.6307 0.0000e+00
       3253    607.859     4.0034   3.266787    34.8051    27.6308 0.0000e+00
       3254    607.805     4.0034   3.266781    34.8050    27.6307 0.0000e+00
       3255    607.752     4.0035   3.266781    34.8049    27.6307 0.0000e+00
       3256    607.694     4.0036   3.266784    34.8049    27.6306 0.0000e+00
       3257    607.634     4.0037   3.266784    34.8048    27.6306 0.0000e+00
       3258    607.585     4.0038   3.266781    34.8047    27.6305 0.0000e+00
       3259    607.547     4.0038   3.266780    34.8047    27.6305 0.0000e+00
       3260    607.506     4.0037   3.266775    34.8048    27.6305 0.0000e+00
       3261    607.460     4.0035   3.266763    34.8049    27.6306 0.0000e+00
       3262    607.416     4.0035   3.266756    34.8048    27.6306 0.0000e+00
       3263    607.381     4.0035   3.266754    34.8048    27.6306 0.0000e+00
       3264    607.346     4.0035   3.266760    34.8049    27.6306 0.0000e+00
       3265    607.297     4.0035   3.266771    34.8051    27.6308 0.0000e+00
       3266    607.225     4.0035   3.266776    34.8052    27.6308 0.0000e+00
       3267    607.137     4.0035   3.266767    34.8051    27.6308 0.0000e+00
       3268    607.050     4.0035   3.266754    34.8050    27.6307 0.0000e+00
       3269    606.985     4.0035   3.266749    34.8050    27.6307 0.0000e+00
       3270    606.944     4.0036   3.266750    34.8049    27.6306 0.0000e+00
       3271    606.915     4.0038   3.266755    34.8048    27.6305 0.0000e+00
       3272    606.883     4.0041   3.266759    34.8045    27.6303 0.0000e+00
       3273    606.841     4.0042   3.266756    34.8044    27.6301 0.0000e+00
       3274    606.793     4.0040   3.266751    34.8046    27.6303 0.0000e+00
       3275    606.743     4.0038   3.266742    34.8047    27.6304 0.0000e+00
       3276    606.690     4.0037   3.266731    34.8047    27.6304 0.0000e+00
       3277    606.626     4.0035   3.266727    34.8049    27.6306 0.0000e+00
       3278    606.541     4.0035   3.266733    34.8050    27.6307 0.0000e+00
       3279    606.431     4.0037   3.266735    34.8049    27.6306 0.0000e+00
       3280    606.309     4.0038   3.266728    34.8047    27.6305 0.0000e+00
       3281    606.194     4.0036   3.266715    34.8049    27.6306 0.0000e+00
       3282    606.103     4.0035   3.266701    34.8049    27.6306 0.0000e+00
