Datasets/Multi_Species/TEL214/tel214_2020_023.cnv
* Sea-Bird SBE19plus Data File:
* Filename = C:/AQUIRE/tel214_2020_023.hex
* Software Version AquireV2 AF V2.0
* Temperature SN =  7853
* Conductivity SN =  7853
* System UpLoad Time = Nov 13 2020 11:48:47
* <ApplicationData>
* <AQUIREV2>
** VESSEL/TRIP/SEQ STN: tel214_2020_023
** LATITUDE: 54 06.73 N
** LONGITUDE: 53 24.60 W
** DATE/TIME: 2020-11-13 10:38
** SOUNDING DEPTH (M): 0252
** PROBE TYPE: S7853
** CTD NUMBER: 023
** COMMENTS: 
# nquan = 7                                 
# nvalues = 4090                        
# units = specified
# name 0 = scan: Scan Count
# name 1 = prdM: Pressure, Strain Gauge [db]
# name 2 = tv290C: Temperature [ITS-90, deg C]
# name 3 = c0S/m: Conductivity [S/m]
# name 4 = sal00: Salinity, Practical [PSU]
# name 5 = sigma-t00: Density [sigma-t, kg/m^3 ]
# name 6 = flag: flag
# span 0 =          1,       4090       
# span 1 =     -1.119,    251.506       
# span 2 =     0.8539,     3.7786       
# span 3 =   0.000022,   3.219407       
# span 4 =    -0.0010,    34.6726       
# span 5 =    -0.1060,    27.5532       
# span 6 = 0.0000e+00, 0.0000e+00       
# interval = seconds: 1
# start_time = Nov 13 2020 10:38:40 [Instrument's time stamp, header]
# bad_flag = -9.990e-29
*END*
[from data line 2667]
       2668    250.469     3.7779   3.219311    34.6695    27.5460 0.0000e+00
       2669    250.455     3.7779   3.219313    34.6695    27.5461 0.0000e+00
       2670    250.465     3.7779   3.219318    34.6695    27.5461 0.0000e+00
       2671    250.501     3.7781   3.219333    34.6695    27.5461 0.0000e+00
       2672    250.540     3.7782   3.219354    34.6696    27.5461 0.0000e+00
       2673    250.561     3.7784   3.219373    34.6696    27.5461 0.0000e+00
       2674    250.562     3.7785   3.219370    34.6695    27.5460 0.0000e+00
       2675    250.560     3.7784   3.219343    34.6693    27.5458 0.0000e+00
       2676    250.567     3.7781   3.219314    34.6692    27.5458 0.0000e+00
       2677    250.582     3.7779   3.219308    34.6694    27.5460 0.0000e+00
       2678    250.597     3.7779   3.219321    34.6695    27.5461 0.0000e+00
       2679    250.609     3.7782   3.219350    34.6695    27.5461 0.0000e+00
       2680    250.621     3.7784   3.219384    34.6697    27.5462 0.0000e+00
       2681    250.631     3.7786   3.219406    34.6698    27.5462 0.0000e+00
       2682    250.636     3.7786   3.219407    34.6698    27.5462 0.0000e+00
       2683    250.630     3.7786   3.219394    34.6696    27.5461 0.0000e+00
       2684    250.608     3.7786   3.219383    34.6695    27.5460 0.0000e+00
       2685    250.579     3.7786   3.219375    34.6694    27.5459 0.0000e+00
       2686    250.560     3.7785   3.219368    34.6694    27.5460 0.0000e+00
       2687    250.561     3.7785   3.219359    34.6693    27.5459 0.0000e+00
       2688    250.569     3.7783   3.219342    34.6693    27.5459 0.0000e+00
       2689    250.552     3.7781   3.219320    34.6693    27.5459 0.0000e+00
       2690    250.500     3.7779   3.219307    34.6694    27.5460 0.0000e+00
       2691    250.452     3.7779   3.219302    34.6694    27.5460 0.0000e+00
       2692    250.444     3.7779   3.219304    34.6694    27.5460 0.0000e+00
       2693    250.465     3.7780   3.219310    34.6693    27.5459 0.0000e+00
       2694    250.475     3.7780   3.219319    34.6694    27.5460 0.0000e+00
       2695    250.460     3.7781   3.219331    34.6695    27.5461 0.0000e+00
       2696    250.446     3.7782   3.219338    34.6695    27.5460 0.0000e+00
       2697    250.454     3.7782   3.219340    34.6695    27.5460 0.0000e+00
       2698    250.476     3.7782   3.219337    34.6694    27.5460 0.0000e+00
       2699    250.490     3.7782   3.219325    34.6693    27.5459 0.0000e+00
       2700    250.486     3.7780   3.219306    34.6693    27.5459 0.0000e+00
       2701    250.475     3.7778   3.219290    34.6693    27.5459 0.0000e+00
       2702    250.470     3.7778   3.219282    34.6692    27.5459 0.0000e+00
       2703    250.476     3.7778   3.219285    34.6692    27.5459 0.0000e+00
       2704    250.499     3.7778   3.219285    34.6692    27.5459 0.0000e+00
       2705    250.522     3.7778   3.219275    34.6691    27.5458 0.0000e+00
       2706    250.518     3.7777   3.219269    34.6691    27.5458 0.0000e+00
       2707    250.482     3.7777   3.219268    34.6691    27.5458 0.0000e+00
       2708    250.439     3.7777   3.219265    34.6691    27.5458 0.0000e+00
       2709    250.419     3.7777   3.219270    34.6692    27.5459 0.0000e+00
       2710    250.435     3.7777   3.219265    34.6691    27.5458 0.0000e+00
       2711    250.469     3.7775   3.219223    34.6688    27.5456 0.0000e+00
       2712    250.484     3.7771   3.219162    34.6685    27.5454 0.0000e+00
       2713    250.459     3.7768   3.219126    34.6684    27.5453 0.0000e+00
       2714    250.408     3.7767   3.219114    34.6684    27.5453 0.0000e+00
       2715    250.373     3.7767   3.219119    34.6685    27.5454 0.0000e+00
       2716    250.377     3.7767   3.219135    34.6687    27.5455 0.0000e+00
       2717    250.410     3.7769   3.219155    34.6687    27.5455 0.0000e+00
       2718    250.440     3.7771   3.219180    34.6688    27.5456 0.0000e+00
       2719    250.448     3.7771   3.219200    34.6690    27.5458 0.0000e+00
       2720    250.441     3.7771   3.219203    34.6690    27.5458 0.0000e+00
       2721    250.436     3.7771   3.219193    34.6689    27.5457 0.0000e+00
       2722    250.444     3.7771   3.219181    34.6688    27.5456 0.0000e+00
       2723    250.464     3.7771   3.219172    34.6686    27.5455 0.0000e+00
       2724    250.487     3.7770   3.219168    34.6687    27.5455 0.0000e+00
       2725    250.503     3.7770   3.219175    34.6688    27.5456 0.0000e+00
       2726    250.509     3.7770   3.219187    34.6689    27.5457 0.0000e+00
       2727    250.508     3.7771   3.219195    34.6689    27.5457 0.0000e+00
       2728    250.513     3.7771   3.219190    34.6688    27.5456 0.0000e+00
       2729    250.536     3.7771   3.219173    34.6686    27.5455 0.0000e+00
       2730    250.566     3.7769   3.219149    34.6685    27.5454 0.0000e+00
       2731    250.583     3.7767   3.219110    34.6683    27.5452 0.0000e+00
       2732    250.578     3.7763   3.219066    34.6682    27.5452 0.0000e+00
       2733    250.561     3.7760   3.219049    34.6683    27.5453 0.0000e+00
       2734    250.558     3.7759   3.219030    34.6682    27.5452 0.0000e+00
       2735    250.583     3.7757   3.218982    34.6678    27.5450 0.0000e+00
       2736    250.620     3.7755   3.218949    34.6676    27.5448 0.0000e+00
       2737    250.651     3.7753   3.218940    34.6677    27.5449 0.0000e+00
       2738    250.678     3.7751   3.218902    34.6674    27.5447 0.0000e+00
       2739    250.705     3.7748   3.218844    34.6670    27.5444 0.0000e+00
       2740    250.726     3.7747   3.218843    34.6671    27.5445 0.0000e+00
       2741    250.742     3.7750   3.218916    34.6677    27.5449 0.0000e+00
       2742    250.765     3.7755   3.219011    34.6683    27.5453 0.0000e+00
       2743    250.797     3.7760   3.219092    34.6687    27.5456 0.0000e+00
       2744    250.830     3.7765   3.219143    34.6687    27.5456 0.0000e+00
       2745    250.859     3.7767   3.219161    34.6687    27.5456 0.0000e+00
       2746    250.882     3.7767   3.219162    34.6687    27.5456 0.0000e+00
       2747    250.898     3.7767   3.219149    34.6686    27.5455 0.0000e+00
       2748    250.905     3.7766   3.219132    34.6685    27.5454 0.0000e+00
       2749    250.911     3.7765   3.219125    34.6685    27.5454 0.0000e+00
       2750    250.925     3.7765   3.219125    34.6685    27.5454 0.0000e+00
       2751    250.950     3.7765   3.219127    34.6685    27.5454 0.0000e+00
       2752    250.976     3.7765   3.219132    34.6685    27.5455 0.0000e+00
       2753    250.991     3.7766   3.219130    34.6684    27.5453 0.0000e+00
       2754    250.992     3.7766   3.219133    34.6684    27.5454 0.0000e+00
       2755    250.995     3.7767   3.219146    34.6685    27.5454 0.0000e+00
       2756    251.011     3.7767   3.219149    34.6685    27.5454 0.0000e+00
       2757    251.029     3.7767   3.219144    34.6684    27.5454 0.0000e+00
       2758    251.036     3.7767   3.219153    34.6685    27.5454 0.0000e+00
       2759    251.038     3.7766   3.219165    34.6688    27.5456 0.0000e+00
       2760    251.050     3.7766   3.219167    34.6688    27.5457 0.0000e+00
       2761    251.073     3.7765   3.219139    34.6686    27.5455 0.0000e+00
       2762    251.092     3.7762   3.219061    34.6679    27.5450 0.0000e+00
       2763    251.087     3.7756   3.218975    34.6675    27.5448 0.0000e+00
       2764    251.055     3.7753   3.218948    34.6676    27.5448 0.0000e+00
       2765    251.016     3.7752   3.218970    34.6679    27.5451 0.0000e+00
       2766    250.998     3.7754   3.219002    34.6681    27.5452 0.0000e+00
       2767    251.015     3.7757   3.219034    34.6682    27.5453 0.0000e+00
       2768    251.042     3.7760   3.219073    34.6683    27.5453 0.0000e+00
       2769    251.038     3.7763   3.219114    34.6685    27.5454 0.0000e+00
       2770    250.985     3.7765   3.219131    34.6685    27.5454 0.0000e+00
       2771    250.910     3.7764   3.219121    34.6685    27.5455 0.0000e+00
       2772    250.866     3.7763   3.219114    34.6686    27.5455 0.0000e+00
       2773    250.878     3.7763   3.219116    34.6686    27.5455 0.0000e+00
       2774    250.926     3.7765   3.219123    34.6684    27.5454 0.0000e+00
       2775    250.962     3.7765   3.219131    34.6685    27.5454 0.0000e+00
       2776    250.962     3.7765   3.219131    34.6685    27.5454 0.0000e+00
       2777    250.942     3.7764   3.219116    34.6685    27.5454 0.0000e+00
       2778    250.931     3.7763   3.219093    34.6683    27.5453 0.0000e+00
       2779    250.941     3.7761   3.219067    34.6682    27.5452 0.0000e+00
       2780    250.973     3.7759   3.219048    34.6682    27.5452 0.0000e+00
       2781    251.012     3.7759   3.219036    34.6680    27.5451 0.0000e+00
       2782    251.032     3.7757   3.219039    34.6682    27.5453 0.0000e+00
       2783    251.025     3.7757   3.219057    34.6685    27.5455 0.0000e+00
       2784    251.007     3.7758   3.219068    34.6685    27.5455 0.0000e+00
       2785    251.001     3.7759   3.219073    34.6684    27.5454 0.0000e+00
       2786    251.014     3.7759   3.219078    34.6685    27.5455 0.0000e+00
       2787    251.027     3.7759   3.219085    34.6686    27.5456 0.0000e+00
       2788    251.023     3.7760   3.219093    34.6686    27.5455 0.0000e+00
       2789    251.012     3.7760   3.219095    34.6686    27.5456 0.0000e+00
       2790    251.014     3.7761   3.219089    34.6684    27.5454 0.0000e+00
       2791    251.031     3.7761   3.219084    34.6683    27.5454 0.0000e+00
       2792    251.040     3.7760   3.219081    34.6684    27.5454 0.0000e+00
       2793    251.030     3.7759   3.219073    34.6684    27.5454 0.0000e+00
       2794    251.013     3.7758   3.219050    34.6683    27.5453 0.0000e+00
       2795    251.006     3.7756   3.219017    34.6681    27.5452 0.0000e+00
       2796    251.012     3.7754   3.218982    34.6679    27.5451 0.0000e+00
       2797    251.020     3.7752   3.218963    34.6679    27.5451 0.0000e+00
       2798    251.020     3.7752   3.218968    34.6679    27.5451 0.0000e+00
       2799    251.011     3.7752   3.218978    34.6680    27.5452 0.0000e+00
       2800    251.001     3.7752   3.218981    34.6681    27.5452 0.0000e+00
       2801    250.996     3.7752   3.218983    34.6681    27.5453 0.0000e+00
       2802    250.997     3.7752   3.218986    34.6681    27.5453 0.0000e+00
       2803    250.990     3.7754   3.218993    34.6680    27.5452 0.0000e+00
       2804    250.963     3.7754   3.218996    34.6681    27.5452 0.0000e+00
       2805    250.921     3.7754   3.218992    34.6680    27.5452 0.0000e+00
       2806    250.887     3.7754   3.218989    34.6680    27.5452 0.0000e+00
       2807    250.878     3.7753   3.218984    34.6681    27.5452 0.0000e+00
       2808    250.887     3.7752   3.218963    34.6679    27.5451 0.0000e+00
       2809    250.888     3.7750   3.218934    34.6678    27.5450 0.0000e+00
       2810    250.871     3.7748   3.218918    34.6678    27.5451 0.0000e+00
       2811    250.845     3.7748   3.218920    34.6679    27.5451 0.0000e+00
       2812    250.823     3.7748   3.218925    34.6679    27.5452 0.0000e+00
       2813    250.817     3.7750   3.218935    34.6678    27.5451 0.0000e+00
       2814    250.821     3.7751   3.218941    34.6678    27.5450 0.0000e+00
       2815    250.822     3.7749   3.218908    34.6676    27.5449 0.0000e+00
       2816    250.816     3.7744   3.218842    34.6674    27.5447 0.0000e+00
       2817    250.802     3.7741   3.218808    34.6673    27.5447 0.0000e+00
       2818    250.775     3.7740   3.218836    34.6677    27.5451 0.0000e+00
       2819    250.741     3.7742   3.218876    34.6680    27.5453 0.0000e+00
       2820    250.711     3.7744   3.218880    34.6679    27.5452 0.0000e+00
       2821    250.694     3.7744   3.218857    34.6676    27.5449 0.0000e+00
       2822    250.687     3.7742   3.218820    34.6674    27.5448 0.0000e+00
       2823    250.669     3.7738   3.218743    34.6669    27.5444 0.0000e+00
       2824    250.635     3.7733   3.218626    34.6661    27.5438 0.0000e+00
       2825    250.601     3.7725   3.218526    34.6657    27.5436 0.0000e+00
       2826    250.584     3.7719   3.218455    34.6655    27.5435 0.0000e+00
       2827    250.583     3.7714   3.218419    34.6656    27.5437 0.0000e+00
       2828    250.590     3.7714   3.218463    34.6661    27.5441 0.0000e+00
       2829    250.595     3.7717   3.218543    34.6668    27.5446 0.0000e+00
       2830    250.584     3.7720   3.218576    34.6669    27.5446 0.0000e+00
       2831    250.541     3.7721   3.218580    34.6668    27.5446 0.0000e+00
       2832    250.473     3.7723   3.218592    34.6668    27.5445 0.0000e+00
       2833    250.415     3.7724   3.218604    34.6669    27.5445 0.0000e+00
       2834    250.398     3.7725   3.218610    34.6668    27.5445 0.0000e+00
       2835    250.415     3.7725   3.218611    34.6668    27.5445 0.0000e+00
       2836    250.429     3.7725   3.218595    34.6666    27.5444 0.0000e+00
       2837    250.409     3.7723   3.218566    34.6665    27.5443 0.0000e+00
       2838    250.367     3.7721   3.218558    34.6667    27.5444 0.0000e+00
       2839    250.340     3.7721   3.218569    34.6668    27.5445 0.0000e+00
       2840    250.346     3.7723   3.218581    34.6667    27.5445 0.0000e+00
       2841    250.373     3.7725   3.218596    34.6667    27.5444 0.0000e+00
       2842    250.387     3.7725   3.218622    34.6670    27.5446 0.0000e+00
       2843    250.361     3.7727   3.218648    34.6671    27.5447 0.0000e+00
       2844    250.303     3.7729   3.218654    34.6670    27.5446 0.0000e+00
       2845    250.253     3.7729   3.218648    34.6670    27.5446 0.0000e+00
       2846    250.240     3.7729   3.218642    34.6669    27.5445 0.0000e+00
       2847    250.259     3.7728   3.218621    34.6667    27.5444 0.0000e+00
       2848    250.285     3.7725   3.218553    34.6662    27.5440 0.0000e+00
       2849    250.302     3.7719   3.218455    34.6657    27.5437 0.0000e+00
       2850    250.308     3.7713   3.218384    34.6655    27.5435 0.0000e+00
       2851    250.304     3.7710   3.218372    34.6656    27.5437 0.0000e+00
       2852    250.296     3.7710   3.218412    34.6661    27.5441 0.0000e+00
       2853    250.298     3.7712   3.218465    34.6665    27.5444 0.0000e+00
       2854    250.317     3.7714   3.218496    34.6667    27.5445 0.0000e+00
       2855    250.344     3.7717   3.218522    34.6667    27.5445 0.0000e+00
       2856    250.359     3.7719   3.218550    34.6668    27.5445 0.0000e+00
       2857    250.345     3.7721   3.218560    34.6667    27.5444 0.0000e+00
       2858    250.301     3.7721   3.218558    34.6667    27.5444 0.0000e+00
       2859    250.244     3.7721   3.218553    34.6667    27.5444 0.0000e+00
       2860    250.205     3.7721   3.218548    34.6666    27.5444 0.0000e+00
       2861    250.209     3.7721   3.218544    34.6666    27.5444 0.0000e+00
       2862    250.248     3.7720   3.218531    34.6665    27.5443 0.0000e+00
       2863    250.282     3.7717   3.218483    34.6662    27.5441 0.0000e+00
       2864    250.277     3.7714   3.218433    34.6660    27.5439 0.0000e+00
       2865    250.232     3.7713   3.218435    34.6661    27.5441 0.0000e+00
       2866    250.175     3.7714   3.218463    34.6664    27.5443 0.0000e+00
       2867    250.140     3.7714   3.218478    34.6666    27.5444 0.0000e+00
       2868    250.149     3.7715   3.218473    34.6664    27.5443 0.0000e+00
       2869    250.188     3.7714   3.218430    34.6660    27.5439 0.0000e+00
       2870    250.219     3.7709   3.218351    34.6655    27.5436 0.0000e+00
       2871    250.214     3.7703   3.218269    34.6652    27.5434 0.0000e+00
