Datasets/Multi_Species/TEL214/tel214_2020_028.cnv
* Sea-Bird SBE19plus Data File:
* Filename = C:/AQUIRE/tel214_2020_028.hex
* Software Version AquireV2 AF V2.0
* Temperature SN =  7853
* Conductivity SN =  7853
* System UpLoad Time = Nov 15 2020 01:57:06
* <ApplicationData>
* <AQUIREV2>
** VESSEL/TRIP/SEQ STN: tel214_2020_028
** LATITUDE: 53 30.76 N
** LONGITUDE: 52 34.09 W
** DATE/TIME: 2020-11-15 00:53
** SOUNDING DEPTH (M): 0343
** PROBE TYPE: S7853
** CTD NUMBER: 028
** COMMENTS: 
# nquan = 7                                 
# nvalues = 3646                        
# units = specified
# name 0 = scan: Scan Count
# name 1 = prdM: Pressure, Strain Gauge [db]
# name 2 = tv290C: Temperature [ITS-90, deg C]
# name 3 = c0S/m: Conductivity [S/m]
# name 4 = sal00: Salinity, Practical [PSU]
# name 5 = sigma-t00: Density [sigma-t, kg/m^3 ]
# name 6 = flag: flag
# span 0 =          1,       3646       
# span 1 =     -1.072,    344.650       
# span 2 =     0.2871,     4.0522       
# span 3 =   0.000030,   3.253040       
# span 4 =    -0.0015,    34.7557       
# span 5 =    -0.1386,    27.5895       
# span 6 = 0.0000e+00, 0.0000e+00       
# interval = seconds: 1
# start_time = Nov 15 2020 00:53:55 [Instrument's time stamp, header]
# bad_flag = -9.990e-29
*END*
[from data line 821]
        822     -0.706     1.7881   2.929628    33.3672    26.6793 0.0000e+00
        823     -0.637     1.7881   2.935874    33.4458    26.7423 0.0000e+00
        824     -0.593     1.7876   2.941440    33.5163    26.7989 0.0000e+00
        825     -0.626     1.7869   2.941393    33.5165    26.7990 0.0000e+00
        826     -0.704     1.7865   2.941347    33.5164    26.7990 0.0000e+00
        827     -0.778     1.7863   2.941288    33.5159    26.7986 0.0000e+00
        828     -0.818     1.7859   2.941281    33.5163    26.7989 0.0000e+00
        829     -0.830     1.7858   2.941329    33.5170    26.7995 0.0000e+00
        830     -0.840     1.7867   2.941374    33.5166    26.7991 0.0000e+00
        831     -0.852     1.7881   2.941447    33.5160    26.7986 0.0000e+00
        832     -0.857     1.7894   2.941552    33.5160    26.7984 0.0000e+00
        833     -0.854     1.7900   2.941634    33.5164    26.7987 0.0000e+00
        834     -0.846     1.7904   2.941685    33.5166    26.7989 0.0000e+00
        835     -0.843     1.7904   2.941711    33.5169    26.7991 0.0000e+00
        836     -0.846     1.7903   2.941702    33.5169    26.7991 0.0000e+00
        837     -0.843     1.7900   2.941654    33.5166    26.7989 0.0000e+00
        838     -0.846     1.7900   2.941623    33.5162    26.7986 0.0000e+00
        839     -0.854     1.7901   2.941640    33.5163    26.7987 0.0000e+00
        840     -0.844     1.7900   2.941663    33.5167    26.7990 0.0000e+00
        841     -0.826     1.7898   2.941678    33.5171    26.7993 0.0000e+00
        842     -0.827     1.7900   2.941700    33.5172    26.7994 0.0000e+00
        843     -0.836     1.7905   2.941745    33.5172    26.7994 0.0000e+00
        844     -0.842     1.7914   2.941826    33.5173    26.7993 0.0000e+00
        845     -0.843     1.7920   2.941896    33.5175    26.7995 0.0000e+00
        846     -0.843     1.7919   2.941885    33.5175    26.7995 0.0000e+00
        847     -0.843     1.7914   2.941839    33.5174    26.7995 0.0000e+00
        848     -0.832     1.7914   2.941849    33.5176    26.7996 0.0000e+00
        849     -0.813     1.7917   2.941874    33.5176    26.7995 0.0000e+00
        850     -0.800     1.7916   2.941858    33.5175    26.7995 0.0000e+00
        851     -0.797     1.7912   2.941841    33.5177    26.7997 0.0000e+00
        852     -0.814     1.7911   2.941859    33.5180    26.7999 0.0000e+00
        853     -0.843     1.7915   2.941909    33.5182    26.8001 0.0000e+00
        854     -0.859     1.7918   2.941963    33.5186    26.8004 0.0000e+00
        855     -0.860     1.7916   2.941957    33.5187    26.8005 0.0000e+00
        856     -0.857     1.7912   2.941909    33.5186    26.8004 0.0000e+00
        857     -0.853     1.7910   2.941897    33.5186    26.8004 0.0000e+00
        858     -0.842     1.7913   2.941937    33.5188    26.8006 0.0000e+00
        859     -0.822     1.7921   2.942022    33.5190    26.8007 0.0000e+00
        860     -0.801     1.7933   2.942132    33.5191    26.8007 0.0000e+00
        861     -0.794     1.7941   2.942205    33.5192    26.8006 0.0000e+00
        862     -0.803     1.7945   2.942222    33.5189    26.8005 0.0000e+00
        863     -0.813     1.7947   2.942216    33.5187    26.8002 0.0000e+00
        864     -0.825     1.7948   2.942221    33.5186    26.8002 0.0000e+00
        865     -0.837     1.7950   2.942268    33.5190    26.8005 0.0000e+00
        866     -0.832     1.7953   2.942332    33.5195    26.8008 0.0000e+00
        867     -0.823     1.7957   2.942361    33.5194    26.8008 0.0000e+00
        868     -0.819     1.7959   2.942377    33.5194    26.8007 0.0000e+00
        869     -0.812     1.7960   2.942408    33.5197    26.8009 0.0000e+00
        870     -0.813     1.7959   2.942414    33.5199    26.8011 0.0000e+00
        871     -0.827     1.7956   2.942389    33.5199    26.8011 0.0000e+00
        872     -0.839     1.7955   2.942383    33.5199    26.8012 0.0000e+00
        873     -0.842     1.7959   2.942436    33.5202    26.8013 0.0000e+00
        874     -0.824     1.7966   2.942507    33.5203    26.8014 0.0000e+00
        875     -0.796     1.7971   2.942528    33.5200    26.8011 0.0000e+00
        876     -0.795     1.7975   2.942510    33.5194    26.8006 0.0000e+00
        877     -0.808     1.7978   2.942338    33.5169    26.7986 0.0000e+00
        878     -0.808     1.7979   2.942192    33.5150    26.7970 0.0000e+00
        879     -0.812     1.7978   2.942355    33.5171    26.7987 0.0000e+00
        880     -0.838     1.7979   2.942531    33.5192    26.8004 0.0000e+00
        881     -0.855     1.7984   2.942518    33.5186    26.7999 0.0000e+00
        882     -0.816     1.7987   2.941867    33.5100    26.7930 0.0000e+00
        883     -0.729     1.7991   2.941469    33.5045    26.7886 0.0000e+00
        884     -0.629     1.7997   2.942449    33.5162    26.7979 0.0000e+00
        885     -0.529     1.7999   2.943205    33.5254    26.8052 0.0000e+00
        886     -0.457     1.7998   2.943180    33.5252    26.8051 0.0000e+00
        887     -0.414     1.7996   2.943155    33.5250    26.8050 0.0000e+00
        888     -0.365     1.7995   2.943165    33.5252    26.8051 0.0000e+00
        889     -0.286     1.7999   2.943231    33.5256    26.8054 0.0000e+00
        890     -0.173     1.8007   2.943322    33.5258    26.8055 0.0000e+00
        891     -0.027     1.8011   2.943384    33.5261    26.8057 0.0000e+00
        892      0.158     1.8012   2.943412    33.5263    26.8058 0.0000e+00
        893      0.317     1.8009   2.943410    33.5265    26.8060 0.0000e+00
        894      0.396     1.8006   2.943390    33.5265    26.8060 0.0000e+00
        895      0.433     1.8004   2.943380    33.5265    26.8061 0.0000e+00
        896      0.459     1.8002   2.943374    33.5267    26.8062 0.0000e+00
        897      0.545     1.8001   2.943380    33.5268    26.8063 0.0000e+00
        898      0.723     1.8003   2.943446    33.5273    26.8067 0.0000e+00
        899      0.888     1.8009   2.943544    33.5278    26.8071 0.0000e+00
        900      0.981     1.8016   2.943605    33.5278    26.8070 0.0000e+00
        901      1.047     1.8019   2.943623    33.5277    26.8069 0.0000e+00
        902      1.100     1.8020   2.943618    33.5275    26.8067 0.0000e+00
        903      1.134     1.8018   2.943606    33.5275    26.8068 0.0000e+00
        904      1.217     1.8015   2.943613    33.5279    26.8071 0.0000e+00
        905      1.358     1.8016   2.943648    33.5281    26.8073 0.0000e+00
        906      1.416     1.8019   2.943675    33.5281    26.8072 0.0000e+00
        907      1.311     1.8020   2.943661    33.5279    26.8071 0.0000e+00
        908      1.161     1.8018   2.943645    33.5280    26.8072 0.0000e+00
        909      1.101     1.8015   2.943666    33.5286    26.8077 0.0000e+00
        910      1.133     1.8015   2.943699    33.5290    26.8080 0.0000e+00
        911      1.191     1.8016   2.943727    33.5292    26.8082 0.0000e+00
        912      1.239     1.8018   2.943753    33.5293    26.8082 0.0000e+00
        913      1.292     1.8020   2.943760    33.5291    26.8081 0.0000e+00
        914      1.422     1.8022   2.943757    33.5288    26.8078 0.0000e+00
        915      1.657     1.8028   2.943776    33.5283    26.8073 0.0000e+00
        916      1.920     1.8035   2.943815    33.5279    26.8069 0.0000e+00
        917      2.177     1.8039   2.943859    33.5279    26.8069 0.0000e+00
        918      2.490     1.8039   2.943938    33.5287    26.8076 0.0000e+00
        919      2.845     1.8038   2.944052    33.5300    26.8086 0.0000e+00
        920      3.176     1.8038   2.944127    33.5308    26.8092 0.0000e+00
        921      3.461     1.8036   2.944118    33.5307    26.8092 0.0000e+00
        922      3.680     1.8028   2.944075    33.5309    26.8094 0.0000e+00
        923      3.836     1.8022   2.944063    33.5313    26.8098 0.0000e+00
        924      3.991     1.8020   2.944097    33.5318    26.8102 0.0000e+00
        925      4.229     1.8023   2.944167    33.5323    26.8106 0.0000e+00
        926      4.583     1.8037   2.944331    33.5326    26.8108 0.0000e+00
        927      4.966     1.8057   2.944557    33.5331    26.8110 0.0000e+00
        928      5.277     1.8070   2.944673    33.5330    26.8108 0.0000e+00
        929      5.544     1.8075   2.944696    33.5326    26.8105 0.0000e+00
        930      5.830     1.8076   2.944706    33.5325    26.8104 0.0000e+00
        931      6.143     1.8074   2.944700    33.5325    26.8103 0.0000e+00
        932      6.479     1.8070   2.944715    33.5329    26.8107 0.0000e+00
        933      6.857     1.8069   2.944779    33.5336    26.8113 0.0000e+00
        934      7.288     1.8070   2.944849    33.5341    26.8117 0.0000e+00
        935      7.738     1.8073   2.944879    33.5339    26.8115 0.0000e+00
        936      8.185     1.8075   2.944895    33.5336    26.8113 0.0000e+00
        937      8.615     1.8077   2.944951    33.5339    26.8115 0.0000e+00
        938      8.973     1.8078   2.945013    33.5344    26.8118 0.0000e+00
        939      9.268     1.8078   2.945035    33.5345    26.8119 0.0000e+00
        940      9.565     1.8078   2.945051    33.5345    26.8119 0.0000e+00
        941      9.900     1.8077   2.945081    33.5348    26.8122 0.0000e+00
        942     10.284     1.8077   2.945110    33.5349    26.8123 0.0000e+00
        943     10.708     1.8078   2.945153    33.5351    26.8125 0.0000e+00
        944     11.139     1.8079   2.945215    33.5356    26.8128 0.0000e+00
        945     11.558     1.8085   2.945363    33.5366    26.8135 0.0000e+00
        946     11.972     1.8110   2.945891    33.5403    26.8164 0.0000e+00
        947     12.389     1.8181   2.947146    33.5483    26.8222 0.0000e+00
        948     12.808     1.8304   2.948837    33.5562    26.8277 0.0000e+00
        949     13.226     1.8438   2.950198    33.5588    26.8288 0.0000e+00
        950     13.639     1.8542   2.950991    33.5575    26.8270 0.0000e+00
        951     14.058     1.8609   2.951519    33.5568    26.8259 0.0000e+00
        952     14.510     1.8652   2.952021    33.5583    26.8267 0.0000e+00
        953     14.998     1.8682   2.952385    33.5594    26.8274 0.0000e+00
        954     15.477     1.8691   2.952149    33.5552    26.8240 0.0000e+00
        955     15.905     1.8657   2.951225    33.5469    26.8176 0.0000e+00
        956     16.293     1.8590   2.950422    33.5438    26.8156 0.0000e+00
        957     16.678     1.8535   2.950206    33.5467    26.8183 0.0000e+00
        958     17.081     1.8512   2.950202    33.5488    26.8202 0.0000e+00
        959     17.508     1.8519   2.950562    33.5524    26.8230 0.0000e+00
        960     17.963     1.8582   2.951885    33.5620    26.8303 0.0000e+00
        961     18.451     1.8716   2.953915    33.5730    26.8381 0.0000e+00
        962     18.962     1.8887   2.955911    33.5796    26.8421 0.0000e+00
        963     19.471     1.9055   2.957703    33.5839    26.8443 0.0000e+00
        964     19.955     1.9208   2.959374    33.5883    26.8467 0.0000e+00
        965     20.407     1.9343   2.960847    33.5922    26.8488 0.0000e+00
        966     20.839     1.9455   2.962028    33.5948    26.8501 0.0000e+00
        967     21.264     1.9540   2.962952    33.5971    26.8513 0.0000e+00
        968     21.694     1.9601   2.963759    33.6005    26.8535 0.0000e+00
        969     22.134     1.9653   2.964541    33.6046    26.8563 0.0000e+00
        970     22.580     1.9711   2.965394    33.6088    26.8593 0.0000e+00
        971     23.026     1.9771   2.966254    33.6130    26.8622 0.0000e+00
        972     23.475     1.9826   2.966964    33.6157    26.8640 0.0000e+00
        973     23.936     1.9872   2.967591    33.6184    26.8658 0.0000e+00
        974     24.409     1.9911   2.968167    33.6212    26.8677 0.0000e+00
        975     24.881     1.9947   2.968690    33.6237    26.8694 0.0000e+00
        976     25.349     1.9991   2.969437    33.6281    26.8726 0.0000e+00
        977     25.818     2.0050   2.970554    33.6355    26.8781 0.0000e+00
        978     26.297     2.0126   2.971789    33.6426    26.8833 0.0000e+00
        979     26.782     2.0202   2.972863    33.6477    26.8867 0.0000e+00
        980     27.249     2.0266   2.973589    33.6497    26.8879 0.0000e+00
        981     27.684     2.0314   2.974039    33.6500    26.8877 0.0000e+00
        982     28.110     2.0348   2.974428    33.6510    26.8883 0.0000e+00
        983     28.563     2.0374   2.974787    33.6525    26.8892 0.0000e+00
        984     29.059     2.0402   2.975121    33.6534    26.8898 0.0000e+00
        985     29.578     2.0438   2.975539    33.6545    26.8904 0.0000e+00
        986     30.086     2.0490   2.976295    33.6582    26.8929 0.0000e+00
        987     30.561     2.0565   2.977357    33.6632    26.8963 0.0000e+00
        988     31.013     2.0647   2.978313    33.6662    26.8981 0.0000e+00
        989     31.466     2.0717   2.979025    33.6674    26.8985 0.0000e+00
        990     31.936     2.0772   2.979641    33.6689    26.8993 0.0000e+00
        991     32.420     2.0820   2.980280    33.6716    26.9011 0.0000e+00
        992     32.909     2.0868   2.980852    33.6733    26.9021 0.0000e+00
        993     33.395     2.0913   2.981357    33.6746    26.9028 0.0000e+00
        994     33.878     2.0964   2.982157    33.6789    26.9058 0.0000e+00
        995     34.355     2.1038   2.983391    33.6861    26.9110 0.0000e+00
        996     34.829     2.1134   2.984685    33.6918    26.9148 0.0000e+00
        997     35.306     2.1229   2.985680    33.6939    26.9157 0.0000e+00
        998     35.789     2.1304   2.986346    33.6939    26.9152 0.0000e+00
        999     36.273     2.1353   2.986786    33.6939    26.9148 0.0000e+00
       1000     36.748     2.1384   2.987042    33.6936    26.9143 0.0000e+00
       1001     37.205     2.1401   2.987121    33.6925    26.9133 0.0000e+00
       1002     37.657     2.1409   2.987145    33.6917    26.9126 0.0000e+00
       1003     38.123     2.1413   2.987220    33.6919    26.9128 0.0000e+00
       1004     38.609     2.1413   2.987306    33.6927    26.9134 0.0000e+00
       1005     39.101     2.1414   2.987375    33.6932    26.9138 0.0000e+00
       1006     39.586     2.1420   2.987514    33.6940    26.9144 0.0000e+00
       1007     40.074     2.1437   2.987965    33.6976    26.9171 0.0000e+00
       1008     40.573     2.1479   2.988899    33.7045    26.9223 0.0000e+00
       1009     41.077     2.1557   2.990168    33.7117    26.9275 0.0000e+00
       1010     41.576     2.1666   2.991670    33.7186    26.9321 0.0000e+00
       1011     42.072     2.1803   2.993560    33.7273    26.9380 0.0000e+00
       1012     42.572     2.1965   2.995654    33.7358    26.9436 0.0000e+00
       1013     43.073     2.2129   2.997484    33.7409    26.9463 0.0000e+00
       1014     43.567     2.2268   2.998962    33.7443    26.9479 0.0000e+00
       1015     44.043     2.2382   3.000213    33.7474    26.9496 0.0000e+00
       1016     44.503     2.2477   3.001189    33.7492    26.9502 0.0000e+00
       1017     44.960     2.2552   3.001938    33.7503    26.9505 0.0000e+00
       1018     45.429     2.2612   3.002615    33.7521    26.9515 0.0000e+00
       1019     45.918     2.2668   3.003275    33.7541    26.9526 0.0000e+00
       1020     46.431     2.2725   3.003960    33.7563    26.9539 0.0000e+00
       1021     46.960     2.2780   3.004639    33.7586    26.9553 0.0000e+00
       1022     47.487     2.2832   3.005267    33.7605    26.9564 0.0000e+00
       1023     47.997     2.2881   3.005812    33.7618    26.9571 0.0000e+00
       1024     48.489     2.2920   3.006266    33.7630    26.9577 0.0000e+00
       1025     48.970     2.2957   3.006782    33.7653    26.9592 0.0000e+00
