Datasets/Multi_Species/TEL214/tel214_2020_029.cnv
* Sea-Bird SBE19plus Data File:
* Filename = C:/AQUIRE/tel214_2020_029.hex
* Software Version AquireV2 AF V2.0
* Temperature SN =  7853
* Conductivity SN =  7853
* System UpLoad Time = Nov 15 2020 05:02:15
* <ApplicationData>
* <AQUIREV2>
** VESSEL/TRIP/SEQ STN: tel214_2020_029
** LATITUDE: 53 17.46 N
** LONGITUDE: 52 27.48 W
** DATE/TIME: 2020-11-15 03:55
** SOUNDING DEPTH (M): 0433
** PROBE TYPE: S7853
** CTD NUMBER: 029
** COMMENTS: 
# nquan = 7                                 
# nvalues = 3885                        
# units = specified
# name 0 = scan: Scan Count
# name 1 = prdM: Pressure, Strain Gauge [db]
# name 2 = tv290C: Temperature [ITS-90, deg C]
# name 3 = c0S/m: Conductivity [S/m]
# name 4 = sal00: Salinity, Practical [PSU]
# name 5 = sigma-t00: Density [sigma-t, kg/m^3 ]
# name 6 = flag: flag
# span 0 =          1,       3885       
# span 1 =     -1.084,    435.082       
# span 2 =     0.6583,     3.9697       
# span 3 =   0.000006,   3.249647       
# span 4 =    -0.0013,    34.8157       
# span 5 =    -0.1166,    27.6563       
# span 6 = 0.0000e+00, 0.0000e+00       
# interval = seconds: 1
# start_time = Nov 15 2020 03:55:29 [Instrument's time stamp, header]
# bad_flag = -9.990e-29
*END*
[from data line 2462]
       2463    412.102     3.5378   3.214046    34.7744    27.6537 0.0000e+00
       2464    411.788     3.5378   3.213978    34.7738    27.6532 0.0000e+00
       2465    411.464     3.5373   3.213891    34.7734    27.6530 0.0000e+00
       2466    411.133     3.5365   3.213790    34.7733    27.6529 0.0000e+00
       2467    410.800     3.5354   3.213638    34.7728    27.6526 0.0000e+00
       2468    410.468     3.5340   3.213466    34.7724    27.6524 0.0000e+00
       2469    410.134     3.5328   3.213320    34.7721    27.6523 0.0000e+00
       2470    409.791     3.5319   3.213214    34.7720    27.6523 0.0000e+00
       2471    409.439     3.5312   3.213148    34.7721    27.6525 0.0000e+00
       2472    409.084     3.5311   3.213155    34.7725    27.6528 0.0000e+00
       2473    408.729     3.5315   3.213193    34.7727    27.6530 0.0000e+00
       2474    408.373     3.5315   3.213138    34.7722    27.6526 0.0000e+00
       2475    408.015     3.5309   3.213013    34.7716    27.6521 0.0000e+00
       2476    407.657     3.5305   3.213003    34.7721    27.6525 0.0000e+00
       2477    407.298     3.5313   3.213171    34.7734    27.6535 0.0000e+00
       2478    406.934     3.5326   3.213312    34.7739    27.6538 0.0000e+00
       2479    406.562     3.5328   3.213194    34.7725    27.6527 0.0000e+00
       2480    406.184     3.5305   3.212762    34.7700    27.6509 0.0000e+00
       2481    405.808     3.5266   3.212231    34.7680    27.6496 0.0000e+00
       2482    405.437     3.5233   3.211869    34.7673    27.6495 0.0000e+00
       2483    405.065     3.5213   3.211692    34.7675    27.6498 0.0000e+00
       2484    404.684     3.5203   3.211587    34.7675    27.6499 0.0000e+00
       2485    404.295     3.5199   3.211509    34.7672    27.6497 0.0000e+00
       2486    403.907     3.5204   3.211518    34.7670    27.6495 0.0000e+00
       2487    403.519     3.5222   3.211663    34.7671    27.6494 0.0000e+00
       2488    403.124     3.5249   3.211870    34.7669    27.6490 0.0000e+00
       2489    402.718     3.5275   3.212021    34.7661    27.6481 0.0000e+00
       2490    402.300     3.5296   3.212102    34.7651    27.6471 0.0000e+00
       2491    401.874     3.5313   3.212160    34.7642    27.6462 0.0000e+00
       2492    401.443     3.5330   3.212260    34.7638    27.6457 0.0000e+00
       2493    401.011     3.5353   3.212435    34.7637    27.6454 0.0000e+00
       2494    400.585     3.5381   3.212635    34.7634    27.6449 0.0000e+00
       2495    400.164     3.5409   3.212792    34.7625    27.6439 0.0000e+00
       2496    399.737     3.5431   3.212896    34.7616    27.6430 0.0000e+00
       2497    399.299     3.5447   3.212972    34.7611    27.6424 0.0000e+00
       2498    398.858     3.5461   3.213034    34.7606    27.6418 0.0000e+00
       2499    398.424     3.5472   3.213072    34.7601    27.6413 0.0000e+00
       2500    397.990     3.5479   3.213073    34.7596    27.6409 0.0000e+00
       2501    397.549     3.5482   3.213053    34.7593    27.6406 0.0000e+00
       2502    397.105     3.5484   3.213050    34.7592    27.6406 0.0000e+00
       2503    396.664     3.5486   3.213059    34.7594    27.6406 0.0000e+00
       2504    396.230     3.5490   3.213058    34.7592    27.6404 0.0000e+00
       2505    395.804     3.5494   3.213044    34.7588    27.6401 0.0000e+00
       2506    395.376     3.5495   3.213017    34.7586    27.6399 0.0000e+00
       2507    394.938     3.5494   3.212982    34.7585    27.6399 0.0000e+00
       2508    394.491     3.5492   3.212946    34.7586    27.6399 0.0000e+00
       2509    394.040     3.5491   3.212894    34.7583    27.6397 0.0000e+00
       2510    393.585     3.5492   3.212810    34.7574    27.6390 0.0000e+00
       2511    393.124     3.5492   3.212703    34.7564    27.6382 0.0000e+00
       2512    392.656     3.5492   3.212589    34.7553    27.6373 0.0000e+00
       2513    392.182     3.5490   3.212483    34.7545    27.6367 0.0000e+00
       2514    391.704     3.5488   3.212396    34.7539    27.6362 0.0000e+00
       2515    391.226     3.5488   3.212337    34.7534    27.6359 0.0000e+00
       2516    390.751     3.5492   3.212313    34.7530    27.6355 0.0000e+00
       2517    390.274     3.5498   3.212333    34.7528    27.6353 0.0000e+00
       2518    389.787     3.5507   3.212381    34.7527    27.6351 0.0000e+00
       2519    389.286     3.5517   3.212444    34.7527    27.6350 0.0000e+00
       2520    388.773     3.5528   3.212522    34.7527    27.6349 0.0000e+00
       2521    388.253     3.5540   3.212595    34.7526    27.6347 0.0000e+00
       2522    387.733     3.5551   3.212635    34.7522    27.6343 0.0000e+00
       2523    387.214     3.5557   3.212630    34.7518    27.6339 0.0000e+00
       2524    386.692     3.5561   3.212591    34.7512    27.6333 0.0000e+00
       2525    386.160     3.5564   3.212561    34.7508    27.6330 0.0000e+00
       2526    385.613     3.5571   3.212615    34.7510    27.6331 0.0000e+00
       2527    385.056     3.5587   3.212811    34.7519    27.6337 0.0000e+00
       2528    384.500     3.5621   3.213214    34.7534    27.6346 0.0000e+00
       2529    383.953     3.5671   3.213787    34.7553    27.6355 0.0000e+00
       2530    383.413     3.5725   3.214283    34.7558    27.6354 0.0000e+00
       2531    382.874     3.5771   3.214610    34.7551    27.6344 0.0000e+00
       2532    382.327     3.5812   3.215001    34.7557    27.6345 0.0000e+00
       2533    381.765     3.5873   3.215720    34.7581    27.6358 0.0000e+00
       2534    381.190     3.5976   3.216993    34.7627    27.6385 0.0000e+00
       2535    380.611     3.6122   3.218679    34.7677    27.6410 0.0000e+00
       2536    380.038     3.6276   3.220191    34.7697    27.6410 0.0000e+00
       2537    379.470     3.6403   3.221255    34.7693    27.6394 0.0000e+00
       2538    378.892     3.6496   3.221973    34.7683    27.6377 0.0000e+00
       2539    378.295     3.6577   3.222679    34.7684    27.6370 0.0000e+00
       2540    377.685     3.6690   3.223893    34.7713    27.6381 0.0000e+00
       2541    377.076     3.6854   3.225707    34.7759    27.6401 0.0000e+00
       2542    376.472     3.7042   3.227759    34.7807    27.6421 0.0000e+00
       2543    375.870     3.7240   3.230106    34.7881    27.6460 0.0000e+00
       2544    375.263     3.7475   3.232955    34.7974    27.6510 0.0000e+00
       2545    374.650     3.7774   3.236277    34.8056    27.6545 0.0000e+00
       2546    374.034     3.8150   3.240187    34.8126    27.6563 0.0000e+00
       2547    373.415     3.8555   3.244028    34.8157    27.6546 0.0000e+00
       2548    372.792     3.8871   3.246478    34.8117    27.6481 0.0000e+00
       2549    372.160     3.9042   3.247523    34.8063    27.6421 0.0000e+00
       2550    371.515     3.9126   3.248058    34.8041    27.6395 0.0000e+00
       2551    370.860     3.9185   3.248375    34.8020    27.6371 0.0000e+00
       2552    370.194     3.9225   3.248518    34.7998    27.6350 0.0000e+00
       2553    369.525     3.9244   3.248609    34.7992    27.6343 0.0000e+00
       2554    368.863     3.9249   3.248578    34.7987    27.6339 0.0000e+00
       2555    368.205     3.9248   3.248422    34.7973    27.6328 0.0000e+00
       2556    367.546     3.9248   3.248375    34.7971    27.6326 0.0000e+00
       2557    366.885     3.9259   3.248558    34.7984    27.6336 0.0000e+00
       2558    366.211     3.9284   3.248838    34.7995    27.6341 0.0000e+00
       2559    365.521     3.9316   3.249100    34.7996    27.6339 0.0000e+00
       2560    364.825     3.9348   3.249272    34.7986    27.6328 0.0000e+00
       2561    364.145     3.9371   3.249306    34.7969    27.6312 0.0000e+00
       2562    363.490     3.9382   3.249225    34.7951    27.6297 0.0000e+00
       2563    362.845     3.9382   3.249115    34.7942    27.6289 0.0000e+00
       2564    362.185     3.9375   3.249084    34.7949    27.6295 0.0000e+00
       2565    361.501     3.9371   3.249169    34.7967    27.6310 0.0000e+00
       2566    360.799     3.9379   3.249307    34.7979    27.6319 0.0000e+00
       2567    360.094     3.9396   3.249386    34.7974    27.6313 0.0000e+00
       2568    359.394     3.9403   3.249367    34.7968    27.6308 0.0000e+00
       2569    358.698     3.9401   3.249306    34.7967    27.6307 0.0000e+00
       2570    358.006     3.9398   3.249259    34.7968    27.6308 0.0000e+00
       2571    357.313     3.9400   3.249251    34.7968    27.6308 0.0000e+00
       2572    356.617     3.9403   3.249259    34.7970    27.6309 0.0000e+00
       2573    355.909     3.9408   3.249265    34.7969    27.6308 0.0000e+00
       2574    355.179     3.9415   3.249291    34.7969    27.6307 0.0000e+00
       2575    354.427     3.9428   3.249370    34.7968    27.6305 0.0000e+00
       2576    353.664     3.9449   3.249494    34.7965    27.6300 0.0000e+00
       2577    352.903     3.9474   3.249612    34.7957    27.6291 0.0000e+00
       2578    352.149     3.9490   3.249647    34.7948    27.6283 0.0000e+00
       2579    351.395     3.9497   3.249615    34.7941    27.6276 0.0000e+00
       2580    350.631     3.9499   3.249564    34.7936    27.6273 0.0000e+00
       2581    349.855     3.9502   3.249514    34.7932    27.6268 0.0000e+00
       2582    349.075     3.9499   3.249300    34.7913    27.6254 0.0000e+00
       2583    348.305     3.9459   3.248405    34.7854    27.6211 0.0000e+00
       2584    347.551     3.9364   3.246884    34.7778    27.6160 0.0000e+00
       2585    346.796     3.9252   3.245630    34.7751    27.6151 0.0000e+00
       2586    346.022     3.9158   3.244835    34.7760    27.6168 0.0000e+00
       2587    345.224     3.9066   3.243854    34.7746    27.6165 0.0000e+00
       2588    344.410     3.8940   3.242291    34.7697    27.6140 0.0000e+00
       2589    343.596     3.8771   3.240162    34.7628    27.6102 0.0000e+00
       2590    342.794     3.8536   3.236986    34.7503    27.6027 0.0000e+00
       2591    342.005     3.8214   3.232739    34.7342    27.5932 0.0000e+00
       2592    341.218     3.7886   3.229423    34.7299    27.5931 0.0000e+00
       2593    340.419     3.7710   3.228742    34.7409    27.6036 0.0000e+00
       2594    339.607     3.7763   3.230525    34.7570    27.6159 0.0000e+00
       2595    338.794     3.8003   3.233922    34.7725    27.6258 0.0000e+00
       2596    337.991     3.8327   3.237656    34.7830    27.6309 0.0000e+00
       2597    337.190     3.8620   3.240453    34.7857    27.6300 0.0000e+00
       2598    336.371     3.8838   3.242204    34.7838    27.6263 0.0000e+00
       2599    335.526     3.9017   3.243716    34.7833    27.6240 0.0000e+00
       2600    334.667     3.9200   3.245470    34.7852    27.6237 0.0000e+00
       2601    333.818     3.9379   3.247152    34.7867    27.6230 0.0000e+00
       2602    332.996     3.9515   3.248249    34.7858    27.6208 0.0000e+00
       2603    332.191     3.9598   3.248796    34.7839    27.6185 0.0000e+00
       2604    331.380     3.9650   3.249101    34.7825    27.6168 0.0000e+00
       2605    330.547     3.9690   3.249221    34.7801    27.6145 0.0000e+00
       2606    329.692     3.9697   3.248827    34.7751    27.6105 0.0000e+00
       2607    328.828     3.9638   3.247543    34.7666    27.6043 0.0000e+00
       2608    327.970     3.9507   3.245508    34.7567    27.5978 0.0000e+00
       2609    327.125     3.9335   3.243333    34.7496    27.5939 0.0000e+00
       2610    326.289     3.9154   3.241316    34.7452    27.5923 0.0000e+00
       2611    325.449     3.8938   3.238677    34.7371    27.5881 0.0000e+00
       2612    324.593     3.8636   3.234906    34.7247    27.5813 0.0000e+00
       2613    323.721     3.8269   3.230778    34.7149    27.5772 0.0000e+00
       2614    322.839     3.7926   3.227325    34.7105    27.5772 0.0000e+00
       2615    321.948     3.7671   3.224984    34.7101    27.5795 0.0000e+00
       2616    321.056     3.7504   3.223505    34.7106    27.5816 0.0000e+00
       2617    320.173     3.7397   3.222561    34.7112    27.5831 0.0000e+00
       2618    319.302     3.7338   3.222132    34.7128    27.5850 0.0000e+00
       2619    318.432     3.7327   3.222173    34.7149    27.5868 0.0000e+00
       2620    317.549     3.7350   3.222419    34.7159    27.5874 0.0000e+00
       2621    316.647     3.7392   3.222710    34.7154    27.5866 0.0000e+00
       2622    315.737     3.7444   3.223108    34.7151    27.5858 0.0000e+00
       2623    314.833     3.7500   3.223569    34.7152    27.5853 0.0000e+00
       2624    313.935     3.7555   3.224063    34.7157    27.5852 0.0000e+00
       2625    313.032     3.7621   3.224726    34.7171    27.5856 0.0000e+00
       2626    312.117     3.7697   3.225434    34.7180    27.5855 0.0000e+00
       2627    311.197     3.7759   3.225860    34.7170    27.5841 0.0000e+00
       2628    310.284     3.7788   3.225881    34.7147    27.5820 0.0000e+00
       2629    309.387     3.7775   3.225413    34.7109    27.5791 0.0000e+00
       2630    308.509     3.7738   3.224782    34.7078    27.5770 0.0000e+00
       2631    307.637     3.7729   3.224944    34.7112    27.5798 0.0000e+00
       2632    306.746     3.7792   3.226017    34.7178    27.5844 0.0000e+00
       2633    305.821     3.7922   3.227451    34.7216    27.5861 0.0000e+00
       2634    304.870     3.8102   3.229403    34.7263    27.5880 0.0000e+00
       2635    303.911     3.8312   3.231581    34.7305    27.5892 0.0000e+00
       2636    302.961     3.8489   3.232995    34.7291    27.5863 0.0000e+00
       2637    302.034     3.8587   3.233449    34.7246    27.5817 0.0000e+00
       2638    301.127     3.8605   3.233055    34.7185    27.5767 0.0000e+00
       2639    300.222     3.8519   3.231371    34.7081    27.5692 0.0000e+00
       2640    299.308     3.8317   3.228673    34.6978    27.5631 0.0000e+00
       2641    298.388     3.8074   3.226101    34.6934    27.5621 0.0000e+00
       2642    297.473     3.7856   3.223921    34.6910    27.5624 0.0000e+00
       2643    296.559     3.7672   3.222045    34.6886    27.5624 0.0000e+00
       2644    295.633     3.7524   3.220603    34.6875    27.5630 0.0000e+00
       2645    294.685     3.7398   3.219352    34.6865    27.5635 0.0000e+00
       2646    293.720     3.7321   3.218858    34.6893    27.5665 0.0000e+00
       2647    292.756     3.7374   3.220225    34.7005    27.5749 0.0000e+00
       2648    291.817     3.7549   3.222442    34.7089    27.5798 0.0000e+00
       2649    290.909     3.7725   3.223881    34.7079    27.5772 0.0000e+00
       2650    290.013     3.7854   3.224837    34.7061    27.5745 0.0000e+00
       2651    289.108     3.7976   3.225906    34.7064    27.5735 0.0000e+00
       2652    288.179     3.8124   3.227246    34.7072    27.5726 0.0000e+00
       2653    287.228     3.8308   3.229007    34.7092    27.5723 0.0000e+00
       2654    286.266     3.8518   3.231048    34.7118    27.5723 0.0000e+00
       2655    285.307     3.8714   3.232753    34.7119    27.5703 0.0000e+00
       2656    284.355     3.8853   3.233706    34.7090    27.5666 0.0000e+00
       2657    283.407     3.8939   3.234393    34.7086    27.5654 0.0000e+00
       2658    282.456     3.9018   3.235176    34.7101    27.5657 0.0000e+00
       2659    281.489     3.9105   3.235938    34.7104    27.5651 0.0000e+00
       2660    280.504     3.9192   3.236658    34.7103    27.5641 0.0000e+00
       2661    279.517     3.9276   3.237281    34.7094    27.5625 0.0000e+00
       2662    278.560     3.9344   3.237679    34.7074    27.5603 0.0000e+00
       2663    277.646     3.9385   3.237775    34.7047    27.5577 0.0000e+00
       2664    276.757     3.9406   3.237711    34.7022    27.5555 0.0000e+00
       2665    275.853     3.9417   3.237703    34.7014    27.5547 0.0000e+00
       2666    274.905     3.9434   3.237773    34.7010    27.5542 0.0000e+00
