Datasets/Multi_Species/TEL214/tel214_2020_004.cnv
* Sea-Bird SBE19plus Data File:
* Filename = C:/AQUIRE/tel214_2020_004.hex
* Software Version AquireV2 AF V2.0
* Temperature SN =  7853
* Conductivity SN =  7853
* System UpLoad Time = Nov 06 2020 20:47:14
* <ApplicationData>
* <AQUIREV2>
** VESSEL/TRIP/SEQ STN: tel214_2020_004
** LATITUDE: 52 51.35 N
** LONGITUDE: 05 06.39 W
** DATE/TIME: 2020-11-06 19:48
** SOUNDING DEPTH (M): 0253
** PROBE TYPE: S7853
** CTD NUMBER: 004
** COMMENTS: 
# nquan = 7                                 
# nvalues = 3370                        
# units = specified
# name 0 = scan: Scan Count
# name 1 = prdM: Pressure, Strain Gauge [db]
# name 2 = tv290C: Temperature [ITS-90, deg C]
# name 3 = c0S/m: Conductivity [S/m]
# name 4 = sal00: Salinity, Practical [PSU]
# name 5 = sigma-t00: Density [sigma-t, kg/m^3 ]
# name 6 = flag: flag
# span 0 =          1,       3370       
# span 1 =     -1.076,    250.832       
# span 2 =     1.0573,     3.0750       
# span 3 =   0.000087,   3.081516       
# span 4 =    -0.0004,    34.1509       
# span 5 =    -0.0882,    27.2660       
# span 6 = 0.0000e+00, 0.0000e+00       
# interval = seconds: 1
# start_time = Nov 06 2020 19:48:46 [Instrument's time stamp, header]
# bad_flag = -9.990e-29
*END*
[from data line 411]
        412     -1.040     2.1595   0.000109     0.0003    -0.0518 0.0000e+00
        413     -1.042     2.1593   0.000109     0.0003    -0.0518 0.0000e+00
        414     -1.042     2.1591   0.000108     0.0003    -0.0519 0.0000e+00
        415     -1.040     2.1589   0.000110     0.0003    -0.0518 0.0000e+00
        416     -1.039     2.1588   0.000110     0.0003    -0.0519 0.0000e+00
        417     -1.040     2.1586   0.000108     0.0003    -0.0519 0.0000e+00
        418     -1.041     2.1584   0.000109     0.0003    -0.0519 0.0000e+00
        419     -1.040     2.1582   0.000110     0.0003    -0.0519 0.0000e+00
        420     -1.038     2.1580   0.000110     0.0003    -0.0519 0.0000e+00
        421     -1.037     2.1578   0.000109     0.0003    -0.0519 0.0000e+00
        422     -1.036     2.1576   0.000109     0.0003    -0.0519 0.0000e+00
        423     -1.036     2.1573   0.000108     0.0003    -0.0519 0.0000e+00
        424     -1.037     2.1571   0.000108     0.0003    -0.0519 0.0000e+00
        425     -1.037     2.1568   0.000109     0.0003    -0.0519 0.0000e+00
        426     -1.037     2.1566   0.000109     0.0003    -0.0519 0.0000e+00
        427     -1.036     2.1564   0.000108     0.0003    -0.0519 0.0000e+00
        428     -1.036     2.1562   0.000107     0.0003    -0.0519 0.0000e+00
        429     -1.039     2.1559   0.000107     0.0003    -0.0520 0.0000e+00
        430     -1.040     2.1557   0.000108     0.0003    -0.0520 0.0000e+00
        431     -1.039     2.1553   0.000107     0.0003    -0.0520 0.0000e+00
        432     -1.040     2.1551   0.000108     0.0003    -0.0520 0.0000e+00
        433     -1.041     2.1548   0.000108     0.0003    -0.0520 0.0000e+00
        434     -1.039     2.1546   0.000108     0.0003    -0.0520 0.0000e+00
        435     -1.036     2.1543   0.000107     0.0003    -0.0520 0.0000e+00
        436     -1.035     2.1540   0.000108     0.0003    -0.0520 0.0000e+00
        437     -1.036     2.1538   0.000109     0.0003    -0.0520 0.0000e+00
        438     -1.035     2.1535   0.000109     0.0003    -0.0520 0.0000e+00
        439     -1.034     2.1532   0.000108     0.0003    -0.0520 0.0000e+00
        440     -1.036     2.1528   0.000106     0.0003    -0.0521 0.0000e+00
        441     -1.039     2.1525   0.000106     0.0003    -0.0521 0.0000e+00
        442     -1.041     2.1523   0.000106     0.0003    -0.0521 0.0000e+00
        443     -1.041     2.1519   0.000106     0.0003    -0.0521 0.0000e+00
        444     -1.039     2.1516   0.000106     0.0003    -0.0521 0.0000e+00
        445     -1.036     2.1513   0.000107     0.0003    -0.0521 0.0000e+00
        446     -1.036     2.1509   0.000106     0.0003    -0.0521 0.0000e+00
        447     -1.037     2.1506   0.000106     0.0003    -0.0521 0.0000e+00
        448     -1.038     2.1504   0.000106     0.0003    -0.0521 0.0000e+00
        449     -1.039     2.1500   0.000105     0.0003    -0.0521 0.0000e+00
        450     -1.040     2.1497   0.000105     0.0003    -0.0522 0.0000e+00
        451     -1.039     2.1494   0.000105     0.0003    -0.0522 0.0000e+00
        452     -1.040     2.1490   0.000105     0.0003    -0.0522 0.0000e+00
        453     -1.041     2.1486   0.000105     0.0003    -0.0522 0.0000e+00
        454     -1.039     2.1483   0.000105     0.0003    -0.0522 0.0000e+00
        455     -1.036     2.1479   0.000105     0.0003    -0.0522 0.0000e+00
        456     -1.036     2.1475   0.000105     0.0003    -0.0522 0.0000e+00
        457     -1.039     2.1472   0.000105     0.0003    -0.0522 0.0000e+00
        458     -1.040     2.1468   0.000105     0.0003    -0.0522 0.0000e+00
        459     -1.039     2.1466   0.000105     0.0003    -0.0523 0.0000e+00
        460     -1.039     2.1462   0.000104     0.0003    -0.0523 0.0000e+00
        461     -1.039     2.1458   0.000104     0.0003    -0.0523 0.0000e+00
        462     -1.038     2.1454   0.000104     0.0003    -0.0523 0.0000e+00
        463     -1.038     2.1450   0.000105     0.0003    -0.0523 0.0000e+00
        464     -1.038     2.1448   0.000106     0.0003    -0.0523 0.0000e+00
        465     -1.038     2.1445   0.000107     0.0003    -0.0523 0.0000e+00
        466     -1.039     2.1441   0.000104     0.0003    -0.0523 0.0000e+00
        467     -1.040     2.1437   0.000103     0.0003    -0.0524 0.0000e+00
        468     -1.041     2.1433   0.000105     0.0003    -0.0524 0.0000e+00
        469     -1.039     2.1429   0.000105     0.0003    -0.0524 0.0000e+00
        470     -1.037     2.1426   0.000105     0.0003    -0.0524 0.0000e+00
        471     -1.037     2.1422   0.000106     0.0003    -0.0524 0.0000e+00
        472     -1.040     2.1420   0.000106     0.0003    -0.0524 0.0000e+00
        473     -1.044     2.1416   0.000106     0.0003    -0.0524 0.0000e+00
        474     -1.046     2.1412   0.000105     0.0003    -0.0524 0.0000e+00
        475     -1.045     2.1408   0.000104     0.0003    -0.0524 0.0000e+00
        476     -1.042     2.1405   0.000105     0.0003    -0.0524 0.0000e+00
        477     -1.040     2.1401   0.000105     0.0003    -0.0525 0.0000e+00
        478     -1.043     2.1397   0.000104     0.0003    -0.0525 0.0000e+00
        479     -1.045     2.1394   0.000105     0.0003    -0.0525 0.0000e+00
        480     -1.044     2.1390   0.000105     0.0003    -0.0525 0.0000e+00
        481     -1.041     2.1386   0.000105     0.0003    -0.0525 0.0000e+00
        482     -1.039     2.1383   0.000105     0.0003    -0.0525 0.0000e+00
        483     -1.040     2.1380   0.000106     0.0003    -0.0525 0.0000e+00
        484     -1.040     2.1376   0.000106     0.0003    -0.0525 0.0000e+00
        485     -1.037     2.1372   0.000105     0.0003    -0.0525 0.0000e+00
        486     -1.033     2.1368   0.000104     0.0003    -0.0526 0.0000e+00
        487     -1.034     2.1365   0.000105     0.0003    -0.0526 0.0000e+00
        488     -1.037     2.1361   0.000106     0.0003    -0.0526 0.0000e+00
        489     -1.039     2.1357   0.000106     0.0003    -0.0526 0.0000e+00
        490     -1.043     2.1353   0.000104     0.0003    -0.0526 0.0000e+00
        491     -1.046     2.1349   0.000104     0.0003    -0.0526 0.0000e+00
        492     -1.045     2.1345   0.000104     0.0003    -0.0526 0.0000e+00
        493     -1.043     2.1342   0.000104     0.0003    -0.0526 0.0000e+00
        494     -1.042     2.1338   0.000104     0.0003    -0.0527 0.0000e+00
        495     -1.040     2.1334   0.000105     0.0003    -0.0527 0.0000e+00
        496     -1.039     2.1330   0.000105     0.0003    -0.0527 0.0000e+00
        497     -1.040     2.1326   0.000104     0.0003    -0.0527 0.0000e+00
        498     -1.042     2.1323   0.000104     0.0003    -0.0527 0.0000e+00
        499     -1.042     2.1319   0.000104     0.0003    -0.0527 0.0000e+00
        500     -1.042     2.1315   0.000104     0.0003    -0.0527 0.0000e+00
        501     -1.039     2.1311   0.000104     0.0003    -0.0527 0.0000e+00
        502     -1.032     2.1304   0.000103     0.0003    -0.0528 0.0000e+00
        503     -1.020     2.1298   0.000101     0.0003    -0.0528 0.0000e+00
        504     -1.010     2.1292   0.000100     0.0003    -0.0528 0.0000e+00
        505     -1.000     2.1287   0.000098     0.0002    -0.0528 0.0000e+00
        506     -0.983     2.1283   0.020269     0.1683     0.0839 0.0000e+00
        507     -0.950     2.0741   0.291842     2.7523     2.1705 0.0000e+00
        508     -0.868     1.8659   1.222544    12.8351    10.2510 0.0000e+00
        509     -0.721     1.5585   2.350357    26.3796    21.0949 0.0000e+00
        510     -0.563     1.3462   2.801253    32.2077    25.7793 0.0000e+00
        511     -0.441     1.2826   2.805476    32.3269    25.8790 0.0000e+00
        512     -0.334     1.2834   2.806073    32.3335    25.8843 0.0000e+00
        513     -0.213     1.2894   2.802053    32.2762    25.8379 0.0000e+00
        514     -0.107     1.2769   2.784708    32.0688    25.6722 0.0000e+00
        515     -0.091     1.2340   2.758483    31.7798    25.4427 0.0000e+00
        516     -0.192     1.1716   2.766075    31.9401    25.5752 0.0000e+00
        517     -0.323     1.1225   2.803511    32.4680    26.0023 0.0000e+00
        518     -0.374     1.1052   2.822943    32.7345    26.2174 0.0000e+00
        519     -0.343     1.1041   2.824491    32.7554    26.2343 0.0000e+00
        520     -0.299     1.1009   2.823681    32.7484    26.2289 0.0000e+00
        521     -0.283     1.0952   2.822143    32.7347    26.2182 0.0000e+00
        522     -0.296     1.0902   2.820924    32.7243    26.2102 0.0000e+00
        523     -0.345     1.0851   2.819354    32.7096    26.1987 0.0000e+00
        524     -0.415     1.0802   2.818320    32.7016    26.1926 0.0000e+00
        525     -0.461     1.0768   2.817922    32.7001    26.1916 0.0000e+00
        526     -0.457     1.0768   2.817686    32.6971    26.1891 0.0000e+00
        527     -0.406     1.0841   2.817858    32.6916    26.1843 0.0000e+00
        528     -0.322     1.0981   2.818935    32.6906    26.1826 0.0000e+00
        529     -0.244     1.1068   2.820007    32.6952    26.1857 0.0000e+00
        530     -0.223     1.1004   2.819240    32.6921    26.1836 0.0000e+00
        531     -0.259     1.0861   2.817615    32.6863    26.1799 0.0000e+00
        532     -0.315     1.0763   2.816772    32.6858    26.1801 0.0000e+00
        533     -0.380     1.0726   2.816014    32.6801    26.1757 0.0000e+00
        534     -0.438     1.0718   2.815523    32.6746    26.1714 0.0000e+00
        535     -0.458     1.0735   2.815945    32.6783    26.1742 0.0000e+00
        536     -0.434     1.0800   2.816696    32.6810    26.1761 0.0000e+00
        537     -0.384     1.0918   2.817285    32.6762    26.1714 0.0000e+00
        538     -0.336     1.1046   2.817919    32.6708    26.1663 0.0000e+00
        539     -0.315     1.1121   2.818761    32.6737    26.1682 0.0000e+00
        540     -0.333     1.1086   2.818769    32.6775    26.1714 0.0000e+00
        541     -0.419     1.0947   2.818184    32.6846    26.1780 0.0000e+00
        542     -0.547     1.0812   2.817999    32.6965    26.1884 0.0000e+00
        543     -0.633     1.0774   2.816792    32.6851    26.1795 0.0000e+00
        544     -0.644     1.0804   2.816766    32.6816    26.1765 0.0000e+00
        545     -0.586     1.0842   2.819926    32.7181    26.2055 0.0000e+00
        546     -0.485     1.0872   2.822354    32.7459    26.2277 0.0000e+00
        547     -0.405     1.0894   2.823106    32.7532    26.2334 0.0000e+00
        548     -0.392     1.0895   2.823493    32.7580    26.2373 0.0000e+00
        549     -0.440     1.0853   2.823272    32.7596    26.2389 0.0000e+00
        550     -0.498     1.0792   2.822625    32.7578    26.2378 0.0000e+00
        551     -0.524     1.0745   2.822016    32.7550    26.2358 0.0000e+00
        552     -0.494     1.0719   2.821983    32.7573    26.2378 0.0000e+00
        553     -0.397     1.0714   2.822607    32.7657    26.2446 0.0000e+00
        554     -0.274     1.0734   2.823326    32.7727    26.2501 0.0000e+00
        555     -0.151     1.0788   2.823687    32.7716    26.2489 0.0000e+00
        556     -0.013     1.0856   2.823551    32.7626    26.2413 0.0000e+00
        557      0.122     1.0883   2.823381    32.7575    26.2370 0.0000e+00
        558      0.183     1.0850   2.823373    32.7609    26.2399 0.0000e+00
        559      0.101     1.0791   2.822784    32.7596    26.2392 0.0000e+00
        560     -0.058     1.0745   2.822044    32.7551    26.2359 0.0000e+00
        561     -0.142     1.0724   2.821860    32.7550    26.2359 0.0000e+00
        562     -0.125     1.0717   2.821832    32.7553    26.2362 0.0000e+00
        563     -0.068     1.0709   2.821863    32.7565    26.2373 0.0000e+00
        564      0.014     1.0704   2.821984    32.7586    26.2389 0.0000e+00
        565      0.081     1.0701   2.821993    32.7590    26.2393 0.0000e+00
        566      0.044     1.0695   2.821816    32.7573    26.2380 0.0000e+00
        567     -0.128     1.0688   2.821536    32.7546    26.2358 0.0000e+00
        568     -0.334     1.0682   2.821313    32.7525    26.2342 0.0000e+00
        569     -0.431     1.0676   2.820984    32.7490    26.2314 0.0000e+00
        570     -0.397     1.0667   2.820207    32.7399    26.2242 0.0000e+00
        571     -0.361     1.0663   2.820386    32.7426    26.2264 0.0000e+00
        572     -0.449     1.0669   2.822141    32.7645    26.2439 0.0000e+00
        573     -0.628     1.0680   2.823199    32.7770    26.2539 0.0000e+00
        574     -0.755     1.0688   2.823155    32.7757    26.2528 0.0000e+00
        575     -0.775     1.0694   2.823162    32.7751    26.2523 0.0000e+00
        576     -0.747     1.0697   2.823273    32.7762    26.2532 0.0000e+00
        577     -0.710     1.0699   2.823418    32.7779    26.2545 0.0000e+00
        578     -0.655     1.0709   2.823572    32.7787    26.2551 0.0000e+00
        579     -0.570     1.0729   2.823621    32.7772    26.2538 0.0000e+00
        580     -0.458     1.0747   2.823672    32.7759    26.2526 0.0000e+00
        581     -0.357     1.0749   2.823829    32.7777    26.2540 0.0000e+00
        582     -0.312     1.0741   2.823869    32.7790    26.2551 0.0000e+00
        583     -0.311     1.0740   2.823797    32.7782    26.2545 0.0000e+00
        584     -0.297     1.0753   2.823852    32.7775    26.2538 0.0000e+00
        585     -0.256     1.0772   2.824036    32.7778    26.2540 0.0000e+00
        586     -0.231     1.0780   2.824168    32.7787    26.2546 0.0000e+00
        587     -0.282     1.0766   2.823935    32.7772    26.2535 0.0000e+00
        588     -0.422     1.0736   2.822218    32.7584    26.2386 0.0000e+00
        589     -0.525     1.0712   2.820109    32.7340    26.2192 0.0000e+00
        590     -0.461     1.0707   2.820640    32.7413    26.2250 0.0000e+00
        591     -0.312     1.0711   2.822558    32.7654    26.2443 0.0000e+00
        592     -0.233     1.0709   2.823319    32.7753    26.2523 0.0000e+00
        593     -0.251     1.0695   2.823262    32.7760    26.2530 0.0000e+00
        594     -0.321     1.0681   2.823154    32.7762    26.2532 0.0000e+00
        595     -0.419     1.0678   2.823122    32.7761    26.2532 0.0000e+00
        596     -0.478     1.0688   2.823102    32.7748    26.2521 0.0000e+00
        597     -0.410     1.0705   2.823194    32.7742    26.2515 0.0000e+00
        598     -0.290     1.0718   2.823319    32.7744    26.2515 0.0000e+00
        599     -0.276     1.0720   2.823814    32.7805    26.2564 0.0000e+00
        600     -0.397     1.0707   2.824737    32.7937    26.2672 0.0000e+00
        601     -0.555     1.0688   2.825120    32.8007    26.2729 0.0000e+00
        602     -0.656     1.0675   2.825046    32.8012    26.2734 0.0000e+00
        603     -0.660     1.0674   2.825081    32.8018    26.2738 0.0000e+00
        604     -0.594     1.0675   2.825109    32.8020    26.2740 0.0000e+00
        605     -0.534     1.0669   2.825008    32.8013    26.2735 0.0000e+00
        606     -0.506     1.0663   2.824920    32.8008    26.2731 0.0000e+00
        607     -0.490     1.0664   2.824955    32.8011    26.2734 0.0000e+00
        608     -0.510     1.0673   2.824971    32.8004    26.2727 0.0000e+00
        609     -0.585     1.0680   2.824954    32.7995    26.2719 0.0000e+00
        610     -0.677     1.0682   2.825006    32.8000    26.2723 0.0000e+00
        611     -0.746     1.0684   2.825062    32.8005    26.2728 0.0000e+00
        612     -0.793     1.0686   2.825029    32.7999    26.2723 0.0000e+00
        613     -0.820     1.0686   2.824969    32.7991    26.2717 0.0000e+00
        614     -0.824     1.0687   2.824943    32.7987    26.2713 0.0000e+00
        615     -0.813     1.0690   2.824913    32.7980    26.2707 0.0000e+00
