Datasets/Multi_Species/TEL214/tel214_2020_035.cnv
* Sea-Bird SBE19plus Data File:
* Filename = C:/AQUIRE/tel214_2020_035.hex
* Software Version AquireV2 AF V2.0
* Temperature SN =  8014
* Conductivity SN =  8014
* System UpLoad Time = Nov 16 2020 01:53:19
* <ApplicationData>
* <AQUIREV2>
** VESSEL/TRIP/SEQ STN: tel214_2020_035
** LATITUDE: 52 49.08 N
** LONGITUDE: 51 47.33 W
** DATE/TIME: 2020-11-15 23:37
** SOUNDING DEPTH (M): 0493
** PROBE TYPE: S8014
** CTD NUMBER: 035
** COMMENTS: 
# nquan = 7                                 
# nvalues = 5756                        
# units = specified
# name 0 = scan: Scan Count
# name 1 = prdM: Pressure, Strain Gauge [db]
# name 2 = tv290C: Temperature [ITS-90, deg C]
# name 3 = c0S/m: Conductivity [S/m]
# name 4 = sal00: Salinity, Practical [PSU]
# name 5 = sigma-t00: Density [sigma-t, kg/m^3 ]
# name 6 = flag: flag
# span 0 =          1,       5756       
# span 1 =     -0.484,    495.614       
# span 2 =     0.0594,     3.9722       
# span 3 =  -0.035847,   3.255970       
# span 4 =    -0.0019,    34.8080       
# span 5 =    -0.1534,    27.6407       
# span 6 = 0.0000e+00, 0.0000e+00       
# interval = seconds: 1
# start_time = Nov 15 2020 23:37:11 [Instrument's time stamp, header]
# bad_flag = -9.990e-29
*END*
[from data line 616]
        617     -0.472     0.4976   0.000033    -0.0014    -0.1258 0.0000e+00
        618     -0.472     0.4985   0.000033    -0.0014    -0.1258 0.0000e+00
        619     -0.472     0.4994   0.000035    -0.0014    -0.1257 0.0000e+00
        620     -0.471     0.5001   0.000035    -0.0014    -0.1257 0.0000e+00
        621     -0.469     0.5009   0.000035    -0.0014    -0.1256 0.0000e+00
        622     -0.467     0.5017   0.000034    -0.0014    -0.1256 0.0000e+00
        623     -0.467     0.5022   0.000033    -0.0014    -0.1256 0.0000e+00
        624     -0.467     0.5026   0.000033    -0.0014    -0.1255 0.0000e+00
        625     -0.469     0.5032   0.000033    -0.0014    -0.1255 0.0000e+00
        626     -0.471     0.5043   0.000035    -0.0014    -0.1254 0.0000e+00
        627     -0.472     0.5052   0.000035    -0.0014    -0.1254 0.0000e+00
        628     -0.473     0.5058   0.000034    -0.0014    -0.1253 0.0000e+00
        629     -0.474     0.5061   0.000031    -0.0014    -0.1253 0.0000e+00
        630     -0.470     0.5065   0.000030    -0.0014    -0.1253 0.0000e+00
        631     -0.466     0.5069   0.000030    -0.0014    -0.1253 0.0000e+00
        632     -0.467     0.5071   0.000028    -0.0014    -0.1253 0.0000e+00
        633     -0.470     0.5071   0.000026    -0.0014    -0.1253 0.0000e+00
        634     -0.469     0.5070   0.000025    -0.0014    -0.1253 0.0000e+00
        635     -0.469     0.5068   0.000023    -0.0014    -0.1253 0.0000e+00
        636     -0.470     0.5067   0.000021    -0.0015    -0.1253 0.0000e+00
        637     -0.470     0.5066   0.000019    -0.0015    -0.1253 0.0000e+00
        638     -0.470     0.5068   0.000019    -0.0015    -0.1253 0.0000e+00
        639     -0.473     0.5072   0.000020    -0.0015    -0.1253 0.0000e+00
        640     -0.473     0.5084   0.000023    -0.0014    -0.1252 0.0000e+00
        641     -0.470     0.5100   0.000027    -0.0014    -0.1251 0.0000e+00
        642     -0.468     0.5111   0.000029    -0.0014    -0.1250 0.0000e+00
        643     -0.469     0.5116   0.000028    -0.0014    -0.1250 0.0000e+00
        644     -0.469     0.5120   0.000029    -0.0014    -0.1250 0.0000e+00
        645     -0.466     0.5121   0.000028    -0.0014    -0.1250 0.0000e+00
        646     -0.464     0.5122   0.000026    -0.0014    -0.1250 0.0000e+00
        647     -0.467     0.5122   0.000023    -0.0014    -0.1250 0.0000e+00
        648     -0.472     0.5124   0.000023    -0.0014    -0.1250 0.0000e+00
        649     -0.474     0.5129   0.000023    -0.0014    -0.1249 0.0000e+00
        650     -0.473     0.5137   0.000024    -0.0014    -0.1249 0.0000e+00
        651     -0.469     0.5148   0.000027    -0.0014    -0.1248 0.0000e+00
        652     -0.467     0.5158   0.000028    -0.0014    -0.1248 0.0000e+00
        653     -0.467     0.5167   0.000029    -0.0014    -0.1247 0.0000e+00
        654     -0.467     0.5172   0.000029    -0.0014    -0.1247 0.0000e+00
        655     -0.469     0.5173   0.000028    -0.0014    -0.1247 0.0000e+00
        656     -0.470     0.5172   0.000027    -0.0014    -0.1247 0.0000e+00
        657     -0.470     0.5172   0.000026    -0.0014    -0.1247 0.0000e+00
        658     -0.470     0.5177   0.000026    -0.0014    -0.1246 0.0000e+00
        659     -0.471     0.5189   0.000028    -0.0014    -0.1246 0.0000e+00
        660     -0.472     0.5203   0.000030    -0.0014    -0.1245 0.0000e+00
        661     -0.473     0.5211   0.000030    -0.0014    -0.1245 0.0000e+00
        662     -0.473     0.5212   0.000029    -0.0014    -0.1244 0.0000e+00
        663     -0.470     0.5213   0.000028    -0.0014    -0.1244 0.0000e+00
        664     -0.470     0.5212   0.000025    -0.0014    -0.1244 0.0000e+00
        665     -0.473     0.5212   0.000023    -0.0014    -0.1244 0.0000e+00
        666     -0.473     0.5214   0.000023    -0.0014    -0.1244 0.0000e+00
        667     -0.471     0.5221   0.000025    -0.0014    -0.1244 0.0000e+00
        668     -0.473     0.5232   0.000026    -0.0014    -0.1243 0.0000e+00
        669     -0.476     0.5244   0.000029    -0.0014    -0.1243 0.0000e+00
        670     -0.475     0.5250   0.000029    -0.0014    -0.1242 0.0000e+00
        671     -0.470     0.5253   0.000027    -0.0014    -0.1242 0.0000e+00
        672     -0.468     0.5254   0.000027    -0.0014    -0.1242 0.0000e+00
        673     -0.469     0.5255   0.000027    -0.0014    -0.1242 0.0000e+00
        674     -0.471     0.5255   0.000024    -0.0014    -0.1242 0.0000e+00
        675     -0.471     0.5255   0.000022    -0.0014    -0.1242 0.0000e+00
        676     -0.470     0.5260   0.000023    -0.0014    -0.1242 0.0000e+00
        677     -0.469     0.5269   0.000025    -0.0014    -0.1241 0.0000e+00
        678     -0.467     0.5274   0.000024    -0.0014    -0.1241 0.0000e+00
        679     -0.467     0.5276   0.000025    -0.0014    -0.1241 0.0000e+00
        680     -0.469     0.5276   0.000023    -0.0014    -0.1241 0.0000e+00
        681     -0.470     0.5278   0.000022    -0.0014    -0.1241 0.0000e+00
        682     -0.470     0.5282   0.000022    -0.0014    -0.1240 0.0000e+00
        683     -0.470     0.5285   0.000022    -0.0014    -0.1240 0.0000e+00
        684     -0.471     0.5288   0.000022    -0.0014    -0.1240 0.0000e+00
        685     -0.471     0.5289   0.000021    -0.0014    -0.1240 0.0000e+00
        686     -0.470     0.5289   0.000020    -0.0014    -0.1240 0.0000e+00
        687     -0.469     0.5290   0.000019    -0.0014    -0.1240 0.0000e+00
        688     -0.467     0.5292   0.000020    -0.0014    -0.1240 0.0000e+00
        689     -0.467     0.5294   0.000020    -0.0014    -0.1240 0.0000e+00
        690     -0.467     0.5299   0.000020    -0.0014    -0.1239 0.0000e+00
        691     -0.467     0.5302   0.000021    -0.0014    -0.1239 0.0000e+00
        692     -0.466     0.5297   0.000019    -0.0014    -0.1239 0.0000e+00
        693     -0.466     0.5291   0.000017    -0.0015    -0.1240 0.0000e+00
        694     -0.466     0.5289   0.000016    -0.0015    -0.1240 0.0000e+00
        695     -0.466     0.5288   0.000014    -0.0015    -0.1240 0.0000e+00
        696     -0.466     0.5286   0.000012    -0.0015    -0.1240 0.0000e+00
        697     -0.467     0.5286   0.000012    -0.0015    -0.1240 0.0000e+00
        698     -0.469     0.5289   0.000013    -0.0015    -0.1240 0.0000e+00
        699     -0.470     0.5293   0.000015    -0.0015    -0.1240 0.0000e+00
        700     -0.470     0.5300   0.000018    -0.0015    -0.1239 0.0000e+00
        701     -0.470     0.5309   0.000020    -0.0014    -0.1239 0.0000e+00
        702     -0.471     0.5313   0.000019    -0.0014    -0.1239 0.0000e+00
        703     -0.470     0.5315   0.000020    -0.0014    -0.1238 0.0000e+00
        704     -0.469     0.5319  -0.001865     0.0000    -0.1238 0.0000e+00
        705     -0.470     0.5327  -0.020734     0.0000    -0.1238 0.0000e+00
        706     -0.471     0.5337  -0.035828     0.0000    -0.1237 0.0000e+00
        707     -0.470     0.5344  -0.016959     0.0000    -0.1237 0.0000e+00
        708     -0.470     0.5343   0.000022    -0.0014    -0.1237 0.0000e+00
        709     -0.471     0.5342   0.000020    -0.0014    -0.1237 0.0000e+00
        710     -0.471     0.5340   0.000018    -0.0014    -0.1237 0.0000e+00
        711     -0.471     0.5336   0.000017    -0.0015    -0.1237 0.0000e+00
        712     -0.472     0.5331   0.000016    -0.0015    -0.1237 0.0000e+00
        713     -0.472     0.5331   0.000017    -0.0015    -0.1237 0.0000e+00
        714     -0.471     0.5335   0.000017    -0.0015    -0.1237 0.0000e+00
        715     -0.470     0.5340   0.000017    -0.0015    -0.1237 0.0000e+00
        716     -0.468     0.5340   0.000017    -0.0015    -0.1237 0.0000e+00
        717     -0.468     0.5339   0.000017    -0.0015    -0.1237 0.0000e+00
        718     -0.468     0.5342   0.000017    -0.0015    -0.1237 0.0000e+00
        719     -0.469     0.5351   0.000019    -0.0014    -0.1236 0.0000e+00
        720     -0.470     0.5359   0.000021    -0.0014    -0.1236 0.0000e+00
        721     -0.469     0.5363   0.000023    -0.0014    -0.1236 0.0000e+00
        722     -0.468     0.5362   0.000020    -0.0014    -0.1236 0.0000e+00
        723     -0.469     0.5358   0.000017    -0.0015    -0.1236 0.0000e+00
        724     -0.470     0.5358   0.000017    -0.0015    -0.1236 0.0000e+00
        725     -0.469     0.5362   0.000018    -0.0014    -0.1236 0.0000e+00
        726     -0.467     0.5365   0.000020    -0.0014    -0.1236 0.0000e+00
        727     -0.467     0.5371   0.000020    -0.0014    -0.1235 0.0000e+00
        728     -0.467     0.5379   0.000021    -0.0014    -0.1235 0.0000e+00
        729     -0.466     0.5389   0.000023    -0.0014    -0.1234 0.0000e+00
        730     -0.464     0.5392   0.000023    -0.0014    -0.1234 0.0000e+00
        731     -0.461     0.5391   0.000021    -0.0014    -0.1234 0.0000e+00
        732     -0.461     0.5390   0.000021    -0.0014    -0.1234 0.0000e+00
        733     -0.465     0.5391   0.000021    -0.0014    -0.1234 0.0000e+00
        734     -0.469     0.5391   0.000021    -0.0014    -0.1234 0.0000e+00
        735     -0.473     0.5391   0.000022    -0.0014    -0.1234 0.0000e+00
        736     -0.474     0.5392   0.000020    -0.0014    -0.1234 0.0000e+00
        737     -0.473     0.5397   0.000020    -0.0014    -0.1234 0.0000e+00
        738     -0.472     0.5404   0.000022    -0.0014    -0.1233 0.0000e+00
        739     -0.470     0.5410   0.000022    -0.0014    -0.1233 0.0000e+00
        740     -0.469     0.5413   0.000021    -0.0014    -0.1233 0.0000e+00
        741     -0.470     0.5414   0.000020    -0.0014    -0.1233 0.0000e+00
        742     -0.471     0.5415   0.000021    -0.0014    -0.1233 0.0000e+00
        743     -0.471     0.5418   0.000021    -0.0014    -0.1232 0.0000e+00
        744     -0.471     0.5428   0.000022    -0.0014    -0.1232 0.0000e+00
        745     -0.474     0.5441   0.000026    -0.0014    -0.1231 0.0000e+00
        746     -0.474     0.5453   0.000030    -0.0014    -0.1230 0.0000e+00
        747     -0.471     0.5462   0.000031    -0.0014    -0.1230 0.0000e+00
        748     -0.470     0.5470   0.000032    -0.0014    -0.1229 0.0000e+00
        749     -0.471     0.5475   0.000031    -0.0014    -0.1229 0.0000e+00
        750     -0.470     0.5484   0.000031    -0.0014    -0.1229 0.0000e+00
        751     -0.468     0.5495   0.000032    -0.0014    -0.1228 0.0000e+00
        752     -0.468     0.5502   0.000032    -0.0014    -0.1228 0.0000e+00
        753     -0.470     0.5504   0.000030    -0.0014    -0.1227 0.0000e+00
        754     -0.471     0.5504   0.000028    -0.0014    -0.1227 0.0000e+00
        755     -0.471     0.5506   0.000028    -0.0014    -0.1227 0.0000e+00
        756     -0.471     0.5511   0.000028    -0.0014    -0.1227 0.0000e+00
        757     -0.473     0.5514   0.000026    -0.0014    -0.1227 0.0000e+00
        758     -0.472     0.5516   0.000025    -0.0014    -0.1227 0.0000e+00
        759     -0.467     0.5519   0.000024    -0.0014    -0.1227 0.0000e+00
        760     -0.462     0.5519   0.000023    -0.0014    -0.1227 0.0000e+00
        761     -0.462     0.5516   0.000021    -0.0014    -0.1227 0.0000e+00
        762     -0.467     0.5510   0.000017    -0.0014    -0.1227 0.0000e+00
        763     -0.472     0.5505   0.000015    -0.0014    -0.1227 0.0000e+00
        764     -0.473     0.5506   0.000015    -0.0014    -0.1227 0.0000e+00
        765     -0.472     0.5512   0.000017    -0.0014    -0.1227 0.0000e+00
        766     -0.471     0.5514   0.000016    -0.0014    -0.1227 0.0000e+00
        767     -0.467     0.5514   0.000016    -0.0014    -0.1227 0.0000e+00
        768     -0.462     0.5516   0.000018    -0.0014    -0.1227 0.0000e+00
        769     -0.463     0.5521   0.000020    -0.0014    -0.1226 0.0000e+00
        770     -0.467     0.5526   0.000020    -0.0014    -0.1226 0.0000e+00
        771     -0.468     0.5531   0.000020    -0.0014    -0.1226 0.0000e+00
        772     -0.466     0.5534   0.000020    -0.0014    -0.1226 0.0000e+00
        773     -0.466     0.5536   0.000019    -0.0014    -0.1226 0.0000e+00
        774     -0.468     0.5540   0.000020    -0.0014    -0.1225 0.0000e+00
        775     -0.469     0.5543   0.000019    -0.0014    -0.1225 0.0000e+00
        776     -0.470     0.5541   0.000016    -0.0014    -0.1225 0.0000e+00
        777     -0.472     0.5538   0.000016    -0.0014    -0.1225 0.0000e+00
        778     -0.472     0.5541   0.000016    -0.0014    -0.1225 0.0000e+00
        779     -0.472     0.5548   0.000018    -0.0014    -0.1225 0.0000e+00
        780     -0.471     0.5554   0.000019    -0.0014    -0.1225 0.0000e+00
        781     -0.471     0.5560   0.000020    -0.0014    -0.1224 0.0000e+00
        782     -0.472     0.5565   0.000021    -0.0014    -0.1224 0.0000e+00
        783     -0.472     0.5566   0.000020    -0.0014    -0.1224 0.0000e+00
        784     -0.471     0.5566   0.000020    -0.0014    -0.1224 0.0000e+00
        785     -0.470     0.5566   0.000019    -0.0014    -0.1224 0.0000e+00
        786     -0.468     0.5567   0.000018    -0.0014    -0.1224 0.0000e+00
        787     -0.467     0.5566   0.000016    -0.0014    -0.1224 0.0000e+00
        788     -0.467     0.5565   0.000015    -0.0014    -0.1224 0.0000e+00
        789     -0.467     0.5565   0.000016    -0.0014    -0.1224 0.0000e+00
        790     -0.468     0.5566   0.000016    -0.0014    -0.1224 0.0000e+00
        791     -0.471     0.5571   0.000017    -0.0014    -0.1224 0.0000e+00
        792     -0.474     0.5580   0.000018    -0.0014    -0.1223 0.0000e+00
        793     -0.474     0.5595   0.000023    -0.0014    -0.1222 0.0000e+00
        794     -0.471     0.5615   0.000030    -0.0014    -0.1221 0.0000e+00
        795     -0.469     0.5632   0.000034    -0.0013    -0.1220 0.0000e+00
        796     -0.470     0.5642   0.000035    -0.0013    -0.1219 0.0000e+00
        797     -0.471     0.5646   0.000034    -0.0013    -0.1219 0.0000e+00
        798     -0.471     0.5646   0.000031    -0.0014    -0.1219 0.0000e+00
        799     -0.470     0.5643   0.000027    -0.0014    -0.1219 0.0000e+00
        800     -0.470     0.5639   0.000024    -0.0014    -0.1220 0.0000e+00
        801     -0.472     0.5637   0.000022    -0.0014    -0.1220 0.0000e+00
        802     -0.473     0.5636   0.000020    -0.0014    -0.1220 0.0000e+00
        803     -0.472     0.5635   0.000019    -0.0014    -0.1220 0.0000e+00
        804     -0.471     0.5634   0.000018    -0.0014    -0.1220 0.0000e+00
        805     -0.467     0.5636   0.000019    -0.0014    -0.1220 0.0000e+00
        806     -0.464     0.5645   0.000022    -0.0014    -0.1219 0.0000e+00
        807     -0.465     0.5657   0.000024    -0.0014    -0.1219 0.0000e+00
        808     -0.467     0.5665   0.000024    -0.0014    -0.1218 0.0000e+00
        809     -0.467     0.5671   0.000025    -0.0014    -0.1218 0.0000e+00
        810     -0.467     0.5675   0.000025    -0.0014    -0.1218 0.0000e+00
        811     -0.468     0.5677   0.000025    -0.0014    -0.1217 0.0000e+00
        812     -0.471     0.5677   0.000025    -0.0014    -0.1217 0.0000e+00
        813     -0.475     0.5677   0.000022    -0.0014    -0.1217 0.0000e+00
        814     -0.477     0.5679   0.000021    -0.0014    -0.1217 0.0000e+00
        815     -0.477     0.5684   0.000022    -0.0014    -0.1217 0.0000e+00
        816     -0.477     0.5687   0.000023    -0.0014    -0.1217 0.0000e+00
        817     -0.477     0.5691   0.000023    -0.0014    -0.1217 0.0000e+00
        818     -0.479     0.5696   0.000022    -0.0014    -0.1216 0.0000e+00
        819     -0.479     0.5705   0.000024    -0.0014    -0.1216 0.0000e+00
        820     -0.477     0.5725   0.000029    -0.0014    -0.1215 0.0000e+00
