Datasets/Multi_Species/TEL214/tel214_2020_031.cnv
* Sea-Bird SBE19plus Data File:
* Filename = C:/AQUIRE/tel214_2020_031.hex
* Software Version AquireV2 AF V2.0
* Temperature SN =  7853
* Conductivity SN =  7853
* System UpLoad Time = Nov 15 2020 12:08:35
* <ApplicationData>
* <AQUIREV2>
** VESSEL/TRIP/SEQ STN: tel214_2020_031
** LATITUDE: 53 14.25 N
** LONGITUDE: 52 07.01 W
** DATE/TIME: 2020-11-15 10:23
** SOUNDING DEPTH (M): 0645
** PROBE TYPE: S7853
** CTD NUMBER: 031
** COMMENTS: 
# nquan = 7                                 
# nvalues = 6159                        
# units = specified
# name 0 = scan: Scan Count
# name 1 = prdM: Pressure, Strain Gauge [db]
# name 2 = tv290C: Temperature [ITS-90, deg C]
# name 3 = c0S/m: Conductivity [S/m]
# name 4 = sal00: Salinity, Practical [PSU]
# name 5 = sigma-t00: Density [sigma-t, kg/m^3 ]
# name 6 = flag: flag
# span 0 =          1,       6159       
# span 1 =     -1.060,    630.209       
# span 2 =     1.2493,     4.0815       
# span 3 =  -0.000031,   3.256960       
# span 4 =    -0.0009,    34.8398       
# span 5 =    -0.0865,    27.6891       
# span 6 = 0.0000e+00, 0.0000e+00       
# interval = seconds: 1
# start_time = Nov 15 2020 10:23:24 [Instrument's time stamp, header]
# bad_flag = -9.990e-29
*END*
[from data line 1231]
       1232     -1.049     1.3825   0.000110    -0.0002    -0.0806 0.0000e+00
       1233     -1.048     1.3826   0.000110    -0.0002    -0.0806 0.0000e+00
       1234     -1.048     1.3825   0.000110    -0.0002    -0.0806 0.0000e+00
       1235     -1.048     1.3823   0.000109    -0.0002    -0.0806 0.0000e+00
       1236     -1.047     1.3824   0.000110    -0.0002    -0.0806 0.0000e+00
       1237     -1.045     1.3826   0.000111    -0.0002    -0.0806 0.0000e+00
       1238     -1.042     1.3824   0.000111    -0.0002    -0.0806 0.0000e+00
       1239     -1.041     1.3809   0.000106    -0.0003    -0.0807 0.0000e+00
       1240     -1.042     1.3787   0.000100    -0.0003    -0.0808 0.0000e+00
       1241     -1.042     1.3763   0.000095    -0.0003    -0.0809 0.0000e+00
       1242     -1.042     1.3737   0.000088    -0.0004    -0.0810 0.0000e+00
       1243     -1.045     1.3723   0.000087    -0.0004    -0.0810 0.0000e+00
       1244     -1.046     1.3737   0.000095    -0.0003    -0.0810 0.0000e+00
       1245     -1.044     1.3764   0.000106    -0.0003    -0.0809 0.0000e+00
       1246     -1.042     1.3773   0.000110    -0.0002    -0.0808 0.0000e+00
       1247     -1.042     1.3757   0.000104    -0.0003    -0.0809 0.0000e+00
       1248     -1.045     1.3746   0.000101    -0.0003    -0.0809 0.0000e+00
       1249     -1.047     1.3752   0.000105    -0.0003    -0.0809 0.0000e+00
       1250     -1.047     1.3761   0.000110    -0.0002    -0.0809 0.0000e+00
       1251     -1.045     1.3763   0.000112    -0.0002    -0.0809 0.0000e+00
       1252     -1.042     1.3763   0.000112    -0.0002    -0.0809 0.0000e+00
       1253     -1.040     1.3764   0.000114    -0.0002    -0.0809 0.0000e+00
       1254     -1.042     1.3764   0.000114    -0.0002    -0.0809 0.0000e+00
       1255     -1.044     1.3760   0.000113    -0.0002    -0.0809 0.0000e+00
       1256     -1.045     1.3752   0.000109    -0.0002    -0.0809 0.0000e+00
       1257     -1.044     1.3741   0.000104    -0.0003    -0.0810 0.0000e+00
       1258     -1.044     1.3730   0.000104    -0.0003    -0.0810 0.0000e+00
       1259     -1.044     1.3724   0.000106    -0.0003    -0.0810 0.0000e+00
       1260     -1.041     1.3717   0.000104    -0.0003    -0.0811 0.0000e+00
       1261     -1.040     1.3707   0.000101    -0.0003    -0.0811 0.0000e+00
       1262     -1.040     1.3702   0.000100    -0.0003    -0.0811 0.0000e+00
       1263     -1.044     1.3702   0.000101    -0.0003    -0.0811 0.0000e+00
       1264     -1.048     1.3699   0.000103    -0.0003    -0.0811 0.0000e+00
       1265     -1.048     1.3686   0.000101    -0.0003    -0.0812 0.0000e+00
       1266     -1.045     1.3672   0.000098    -0.0003    -0.0813 0.0000e+00
       1267     -1.042     1.3666   0.000098    -0.0003    -0.0813 0.0000e+00
       1268     -1.041     1.3669   0.000102    -0.0003    -0.0813 0.0000e+00
       1269     -1.042     1.3670   0.000104    -0.0003    -0.0813 0.0000e+00
       1270     -1.042     1.3662   0.000102    -0.0003    -0.0813 0.0000e+00
       1271     -1.042     1.3651   0.000098    -0.0003    -0.0813 0.0000e+00
       1272     -1.045     1.3647   0.000100    -0.0003    -0.0814 0.0000e+00
       1273     -1.046     1.3649   0.000103    -0.0003    -0.0814 0.0000e+00
       1274     -1.045     1.3652   0.000106    -0.0003    -0.0813 0.0000e+00
       1275     -1.044     1.3652   0.000107    -0.0003    -0.0813 0.0000e+00
       1276     -1.045     1.3649   0.000106    -0.0003    -0.0814 0.0000e+00
       1277     -1.046     1.3642   0.000105    -0.0003    -0.0814 0.0000e+00
       1278     -1.044     1.3630   0.000103    -0.0003    -0.0814 0.0000e+00
       1279     -1.042     1.3619   0.000101    -0.0003    -0.0815 0.0000e+00
       1280     -1.042     1.3606   0.000097    -0.0003    -0.0815 0.0000e+00
       1281     -1.044     1.3591   0.000093    -0.0004    -0.0816 0.0000e+00
       1282     -1.045     1.3579   0.000093    -0.0004    -0.0817 0.0000e+00
       1283     -1.044     1.3568   0.000093    -0.0004    -0.0817 0.0000e+00
       1284     -1.045     1.3567   0.000095    -0.0004    -0.0817 0.0000e+00
       1285     -1.046     1.3584   0.000102    -0.0003    -0.0816 0.0000e+00
       1286     -1.045     1.3613   0.000113    -0.0002    -0.0815 0.0000e+00
       1287     -1.044     1.3640   0.000123    -0.0002    -0.0814 0.0000e+00
       1288     -1.044     1.3657   0.000127    -0.0001    -0.0813 0.0000e+00
       1289     -1.044     1.3653   0.000125    -0.0001    -0.0813 0.0000e+00
       1290     -1.042     1.3618   0.000111    -0.0002    -0.0815 0.0000e+00
       1291     -1.042     1.3578   0.000097    -0.0003    -0.0817 0.0000e+00
       1292     -1.045     1.3567   0.000095    -0.0004    -0.0817 0.0000e+00
       1293     -1.047     1.3585   0.000103    -0.0003    -0.0816 0.0000e+00
       1294     -1.048     1.3602   0.000111    -0.0002    -0.0816 0.0000e+00
       1295     -1.048     1.3594   0.000109    -0.0003    -0.0816 0.0000e+00
       1296     -1.047     1.3562   0.000099    -0.0003    -0.0817 0.0000e+00
       1297     -1.045     1.3530   0.000091    -0.0004    -0.0819 0.0000e+00
       1298     -1.042     1.3521   0.000092    -0.0004    -0.0819 0.0000e+00
       1299     -1.042     1.3535   0.000099    -0.0003    -0.0819 0.0000e+00
       1300     -1.045     1.3557   0.000107    -0.0003    -0.0818 0.0000e+00
       1301     -1.047     1.3571   0.000113    -0.0002    -0.0817 0.0000e+00
       1302     -1.047     1.3562   0.000111    -0.0002    -0.0817 0.0000e+00
       1303     -1.046     1.3535   0.000103    -0.0003    -0.0819 0.0000e+00
       1304     -1.045     1.3516   0.000096    -0.0003    -0.0819 0.0000e+00
       1305     -1.046     1.3514   0.000096    -0.0003    -0.0819 0.0000e+00
       1306     -1.048     1.3513   0.000098    -0.0003    -0.0819 0.0000e+00
       1307     -1.048     1.3506   0.000099    -0.0003    -0.0820 0.0000e+00
       1308     -1.048     1.3506   0.000102    -0.0003    -0.0820 0.0000e+00
       1309     -1.047     1.3519   0.000107    -0.0003    -0.0819 0.0000e+00
       1310     -1.045     1.3540   0.000114    -0.0002    -0.0818 0.0000e+00
       1311     -1.042     1.3566   0.000124    -0.0002    -0.0817 0.0000e+00
       1312     -1.041     1.3592   0.000133    -0.0001    -0.0816 0.0000e+00
       1313     -1.043     1.3613   0.000138    -0.0001    -0.0815 0.0000e+00
       1314     -1.047     1.3623   0.000138    -0.0001    -0.0815 0.0000e+00
       1315     -1.049     1.3609   0.000131    -0.0001    -0.0815 0.0000e+00
       1316     -1.047     1.3579   0.000118    -0.0002    -0.0817 0.0000e+00
       1317     -1.046     1.3548   0.000107    -0.0003    -0.0818 0.0000e+00
       1318     -1.047     1.3524   0.000099    -0.0003    -0.0819 0.0000e+00
       1319     -1.047     1.3512   0.000098    -0.0003    -0.0820 0.0000e+00
       1320     -1.045     1.3514   0.000101    -0.0003    -0.0819 0.0000e+00
       1321     -1.042     1.3524   0.000106    -0.0003    -0.0819 0.0000e+00
       1322     -1.042     1.3536   0.000111    -0.0003    -0.0818 0.0000e+00
       1323     -1.045     1.3544   0.000115    -0.0002    -0.0818 0.0000e+00
       1324     -1.046     1.3553   0.000118    -0.0002    -0.0818 0.0000e+00
       1325     -1.045     1.3561   0.000121    -0.0002    -0.0817 0.0000e+00
       1326     -1.046     1.3560   0.000119    -0.0002    -0.0817 0.0000e+00
       1327     -1.048     1.3552   0.000116    -0.0002    -0.0818 0.0000e+00
       1328     -1.049     1.3546   0.000114    -0.0002    -0.0818 0.0000e+00
       1329     -1.050     1.3541   0.000112    -0.0002    -0.0818 0.0000e+00
       1330     -1.051     1.3526   0.000107    -0.0003    -0.0819 0.0000e+00
       1331     -1.049     1.3510   0.000104    -0.0003    -0.0820 0.0000e+00
       1332     -1.046     1.3506   0.000104    -0.0003    -0.0820 0.0000e+00
       1333     -1.046     1.3515   0.000108    -0.0003    -0.0819 0.0000e+00
       1334     -1.048     1.3527   0.000112    -0.0002    -0.0819 0.0000e+00
       1335     -1.048     1.3539   0.000118    -0.0002    -0.0818 0.0000e+00
       1336     -1.048     1.3550   0.000121    -0.0002    -0.0818 0.0000e+00
       1337     -1.049     1.3558   0.000122    -0.0002    -0.0818 0.0000e+00
       1338     -1.051     1.3556   0.000120    -0.0002    -0.0818 0.0000e+00
       1339     -1.052     1.3545   0.000115    -0.0002    -0.0818 0.0000e+00
       1340     -1.051     1.3535   0.000112    -0.0002    -0.0819 0.0000e+00
       1341     -1.050     1.3532   0.000112    -0.0002    -0.0819 0.0000e+00
       1342     -1.051     1.3531   0.000113    -0.0002    -0.0819 0.0000e+00
       1343     -1.052     1.3531   0.000113    -0.0002    -0.0819 0.0000e+00
       1344     -1.051     1.3533   0.000114    -0.0002    -0.0819 0.0000e+00
       1345     -1.049     1.3540   0.000116    -0.0002    -0.0818 0.0000e+00
       1346     -1.048     1.3546   0.000117    -0.0002    -0.0818 0.0000e+00
       1347     -1.046     1.3545   0.000117    -0.0002    -0.0818 0.0000e+00
       1348     -1.044     1.3539   0.000115    -0.0002    -0.0818 0.0000e+00
       1349     -1.043     1.3530   0.000112    -0.0002    -0.0819 0.0000e+00
       1350     -1.043     1.3525   0.000110    -0.0003    -0.0819 0.0000e+00
       1351     -1.043     1.3523   0.000109    -0.0003    -0.0819 0.0000e+00
       1352     -1.044     1.3525   0.000111    -0.0003    -0.0819 0.0000e+00
       1353     -1.046     1.3528   0.000112    -0.0002    -0.0819 0.0000e+00
       1354     -1.047     1.3528   0.000113    -0.0002    -0.0819 0.0000e+00
       1355     -1.046     1.3524   0.000113    -0.0002    -0.0819 0.0000e+00
       1356     -1.044     1.3520   0.000112    -0.0002    -0.0819 0.0000e+00
       1357     -1.044     1.3518   0.000110    -0.0003    -0.0819 0.0000e+00
       1358     -1.045     1.3510   0.000107    -0.0003    -0.0820 0.0000e+00
       1359     -1.046     1.3494   0.000102    -0.0003    -0.0820 0.0000e+00
       1360     -1.046     1.3473   0.000098    -0.0003    -0.0821 0.0000e+00
       1361     -1.045     1.3462   0.000098    -0.0003    -0.0822 0.0000e+00
       1362     -1.046     1.3464   0.000098    -0.0003    -0.0822 0.0000e+00
       1363     -1.047     1.3476   0.000103    -0.0003    -0.0821 0.0000e+00
       1364     -1.045     1.3492   0.000111    -0.0003    -0.0820 0.0000e+00
       1365     -1.042     1.3505   0.000117    -0.0002    -0.0820 0.0000e+00
       1366     -1.040     1.3515   0.000120    -0.0002    -0.0819 0.0000e+00
       1367     -1.040     1.3522   0.000120    -0.0002    -0.0819 0.0000e+00
       1368     -1.042     1.3529   0.000123    -0.0002    -0.0819 0.0000e+00
       1369     -1.046     1.3541   0.000127    -0.0001    -0.0818 0.0000e+00
       1370     -1.050     1.3554   0.000130    -0.0001    -0.0818 0.0000e+00
       1371     -1.050     1.3569   0.000132    -0.0001    -0.0817 0.0000e+00
       1372     -1.047     1.3583   0.000133    -0.0001    -0.0816 0.0000e+00
       1373     -1.047     1.3597   0.000135    -0.0001    -0.0816 0.0000e+00
       1374     -1.048     1.3609   0.000138    -0.0001    -0.0815 0.0000e+00
       1375     -1.049     1.3623   0.000141    -0.0000    -0.0815 0.0000e+00
       1376     -1.051     1.3634   0.000141    -0.0000    -0.0814 0.0000e+00
       1377     -1.052     1.3637   0.000138    -0.0001    -0.0814 0.0000e+00
       1378     -1.051     1.3633   0.000135    -0.0001    -0.0814 0.0000e+00
       1379     -1.049     1.3625   0.000131    -0.0001    -0.0815 0.0000e+00
       1380     -1.048     1.3612   0.000124    -0.0002    -0.0815 0.0000e+00
       1381     -1.046     1.3597   0.000118    -0.0002    -0.0816 0.0000e+00
       1382     -1.045     1.3593   0.000116    -0.0002    -0.0816 0.0000e+00
       1383     -1.046     1.3602   0.000118    -0.0002    -0.0816 0.0000e+00
       1384     -1.048     1.3609   0.000119    -0.0002    -0.0815 0.0000e+00
       1385     -1.048     1.3608   0.000118    -0.0002    -0.0815 0.0000e+00
       1386     -1.048     1.3606   0.000117    -0.0002    -0.0815 0.0000e+00
       1387     -1.046     1.3607   0.000117    -0.0002    -0.0815 0.0000e+00
       1388     -1.044     1.3607   0.000118    -0.0002    -0.0815 0.0000e+00
       1389     -1.044     1.3609   0.000119    -0.0002    -0.0815 0.0000e+00
       1390     -1.045     1.3616   0.000121    -0.0002    -0.0815 0.0000e+00
       1391     -1.046     1.3622   0.000123    -0.0002    -0.0815 0.0000e+00
       1392     -1.047     1.3624   0.000123    -0.0002    -0.0815 0.0000e+00
       1393     -1.045     1.3624   0.000121    -0.0002    -0.0815 0.0000e+00
       1394     -1.041     1.3626   0.000120    -0.0002    -0.0815 0.0000e+00
       1395     -1.039     1.3630   0.000121    -0.0002    -0.0814 0.0000e+00
       1396     -1.039     1.3629   0.000121    -0.0002    -0.0814 0.0000e+00
       1397     -1.039     1.3621   0.000118    -0.0002    -0.0815 0.0000e+00
       1398     -1.040     1.3612   0.000114    -0.0002    -0.0815 0.0000e+00
       1399     -1.041     1.3610   0.000112    -0.0002    -0.0815 0.0000e+00
       1400     -1.040     1.3614   0.000115    -0.0002    -0.0815 0.0000e+00
       1401     -1.039     1.3617   0.000116    -0.0002    -0.0815 0.0000e+00
       1402     -1.039     1.3613   0.000113    -0.0002    -0.0815 0.0000e+00
       1403     -1.041     1.3601   0.000108    -0.0003    -0.0816 0.0000e+00
       1404     -1.042     1.3584   0.000103    -0.0003    -0.0816 0.0000e+00
       1405     -1.042     1.3571   0.000101    -0.0003    -0.0817 0.0000e+00
       1406     -1.042     1.3559   0.000099    -0.0003    -0.0817 0.0000e+00
       1407     -1.043     1.3542   0.000095    -0.0004    -0.0818 0.0000e+00
       1408     -1.043     1.3528   0.000093    -0.0004    -0.0819 0.0000e+00
       1409     -1.043     1.3533   0.000098    -0.0003    -0.0819 0.0000e+00
       1410     -1.044     1.3550   0.000105    -0.0003    -0.0818 0.0000e+00
       1411     -1.047     1.3569   0.000113    -0.0002    -0.0817 0.0000e+00
       1412     -1.050     1.3586   0.000119    -0.0002    -0.0816 0.0000e+00
       1413     -1.052     1.3599   0.000123    -0.0002    -0.0816 0.0000e+00
       1414     -1.050     1.3606   0.000124    -0.0002    -0.0815 0.0000e+00
       1415     -1.047     1.3608   0.000124    -0.0002    -0.0815 0.0000e+00
       1416     -1.043     1.3607   0.000122    -0.0002    -0.0815 0.0000e+00
       1417     -1.038     1.3602   0.000118    -0.0002    -0.0816 0.0000e+00
       1418     -1.037     1.3593   0.000114    -0.0002    -0.0816 0.0000e+00
       1419     -1.039     1.3580   0.000112    -0.0002    -0.0817 0.0000e+00
       1420     -1.041     1.3561   0.000106    -0.0003    -0.0817 0.0000e+00
       1421     -1.043     1.3537   0.000099    -0.0003    -0.0818 0.0000e+00
       1422     -1.044     1.3513   0.000093    -0.0004    -0.0819 0.0000e+00
       1423     -1.046     1.3486   0.000086    -0.0004    -0.0821 0.0000e+00
       1424     -1.047     1.3440   0.000073    -0.0005    -0.0823 0.0000e+00
       1425     -1.046     1.3365   0.000054    -0.0006    -0.0826 0.0000e+00
       1426     -1.045     1.3254   0.000024    -0.0008    -0.0831 0.0000e+00
       1427     -1.045     1.3123  -0.000009     0.0000    -0.0837 0.0000e+00
       1428     -1.045     1.3033  -0.000024     0.0000    -0.0841 0.0000e+00
       1429     -1.043     1.3019  -0.000012     0.0000    -0.0841 0.0000e+00
       1430     -1.043     1.3049   0.000012    -0.0008    -0.0840 0.0000e+00
       1431     -1.046     1.3091   0.000038    -0.0007    -0.0838 0.0000e+00
       1432     -1.048     1.3119   0.000057    -0.0006    -0.0837 0.0000e+00
       1433     -1.048     1.3112   0.000060    -0.0006    -0.0837 0.0000e+00
       1434     -1.048     1.3094   0.000062    -0.0006    -0.0838 0.0000e+00
       1435     -1.046     1.3091   0.000068    -0.0006    -0.0838 0.0000e+00
