Datasets/Multi_Species/TEL214/tel214_2020_021.cnv
* Sea-Bird SBE19plus Data File:
* Filename = C:/AQUIRE/tel214_2020_021.hex
* Software Version AquireV2 AF V2.0
* Temperature SN =  7853
* Conductivity SN =  7853
* System UpLoad Time = Nov 12 2020 00:30:57
* <ApplicationData>
* <AQUIREV2>
** VESSEL/TRIP/SEQ STN: tel214_2020_021
** LATITUDE: 54 18.71 N
** LONGITUDE: 53 10.39 W
** DATE/TIME: 2020-11-11 22:50
** SOUNDING DEPTH (M): 0651
** PROBE TYPE: S7853
** CTD NUMBER: 021
** COMMENTS: 
# nquan = 7                                 
# nvalues = 5891                        
# units = specified
# name 0 = scan: Scan Count
# name 1 = prdM: Pressure, Strain Gauge [db]
# name 2 = tv290C: Temperature [ITS-90, deg C]
# name 3 = c0S/m: Conductivity [S/m]
# name 4 = sal00: Salinity, Practical [PSU]
# name 5 = sigma-t00: Density [sigma-t, kg/m^3 ]
# name 6 = flag: flag
# span 0 =          1,       5891       
# span 1 =     -1.093,    662.403       
# span 2 =    -0.2040,     4.0852       
# span 3 =   0.000028,   3.262985       
# span 4 =    -0.0020,    34.8229       
# span 5 =    -0.1716,    27.6536       
# span 6 = 0.0000e+00, 0.0000e+00       
# interval = seconds: 1
# start_time = Nov 11 2020 22:50:14 [Instrument's time stamp, header]
# bad_flag = -9.990e-29
*END*
[from data line 3898]
       3899    638.870     3.8910   3.259158    34.8172    27.6521 0.0000e+00
       3900    638.901     3.8908   3.259154    34.8174    27.6522 0.0000e+00
       3901    638.931     3.8908   3.259154    34.8173    27.6522 0.0000e+00
       3902    638.977     3.8907   3.259149    34.8174    27.6523 0.0000e+00
       3903    639.042     3.8907   3.259151    34.8174    27.6523 0.0000e+00
       3904    639.108     3.8907   3.259163    34.8175    27.6523 0.0000e+00
       3905    639.152     3.8908   3.259174    34.8175    27.6523 0.0000e+00
       3906    639.171     3.8910   3.259177    34.8173    27.6522 0.0000e+00
       3907    639.183     3.8910   3.259175    34.8172    27.6521 0.0000e+00
       3908    639.215     3.8910   3.259187    34.8174    27.6522 0.0000e+00
       3909    639.276     3.8910   3.259202    34.8175    27.6524 0.0000e+00
       3910    639.350     3.8912   3.259208    34.8173    27.6522 0.0000e+00
       3911    639.420     3.8913   3.259209    34.8172    27.6521 0.0000e+00
       3912    639.478     3.8914   3.259219    34.8172    27.6521 0.0000e+00
       3913    639.526     3.8914   3.259234    34.8173    27.6522 0.0000e+00
       3914    639.569     3.8916   3.259247    34.8173    27.6521 0.0000e+00
       3915    639.611     3.8918   3.259262    34.8172    27.6520 0.0000e+00
       3916    639.653     3.8918   3.259279    34.8174    27.6522 0.0000e+00
       3917    639.693     3.8920   3.259287    34.8172    27.6520 0.0000e+00
       3918    639.728     3.8920   3.259289    34.8173    27.6520 0.0000e+00
       3919    639.755     3.8920   3.259289    34.8172    27.6520 0.0000e+00
       3920    639.780     3.8920   3.259291    34.8173    27.6520 0.0000e+00
       3921    639.810     3.8920   3.259297    34.8173    27.6521 0.0000e+00
       3922    639.850     3.8920   3.259304    34.8174    27.6521 0.0000e+00
       3923    639.897     3.8920   3.259307    34.8174    27.6521 0.0000e+00
       3924    639.937     3.8921   3.259311    34.8173    27.6521 0.0000e+00
       3925    639.963     3.8922   3.259325    34.8173    27.6521 0.0000e+00
       3926    639.986     3.8922   3.259341    34.8175    27.6522 0.0000e+00
       3927    640.022     3.8922   3.259346    34.8176    27.6523 0.0000e+00
       3928    640.069     3.8922   3.259347    34.8176    27.6523 0.0000e+00
       3929    640.103     3.8922   3.259348    34.8175    27.6523 0.0000e+00
       3930    640.106     3.8923   3.259347    34.8174    27.6522 0.0000e+00
       3931    640.084     3.8923   3.259346    34.8174    27.6521 0.0000e+00
       3932    640.063     3.8924   3.259344    34.8173    27.6520 0.0000e+00
       3933    640.071     3.8924   3.259344    34.8173    27.6520 0.0000e+00
       3934    640.113     3.8924   3.259347    34.8173    27.6521 0.0000e+00
       3935    640.169     3.8924   3.259342    34.8172    27.6520 0.0000e+00
       3936    640.209     3.8922   3.259326    34.8172    27.6520 0.0000e+00
       3937    640.222     3.8922   3.259316    34.8171    27.6519 0.0000e+00
       3938    640.222     3.8922   3.259322    34.8172    27.6520 0.0000e+00
       3939    640.243     3.8922   3.259329    34.8172    27.6520 0.0000e+00
       3940    640.296     3.8922   3.259328    34.8172    27.6520 0.0000e+00
       3941    640.345     3.8922   3.259326    34.8172    27.6519 0.0000e+00
       3942    640.353     3.8922   3.259325    34.8171    27.6519 0.0000e+00
       3943    640.323     3.8922   3.259323    34.8171    27.6519 0.0000e+00
       3944    640.301     3.8921   3.259323    34.8173    27.6520 0.0000e+00
       3945    640.324     3.8921   3.259327    34.8173    27.6521 0.0000e+00
       3946    640.384     3.8921   3.259332    34.8173    27.6521 0.0000e+00
       3947    640.443     3.8921   3.259333    34.8173    27.6521 0.0000e+00
       3948    640.473     3.8920   3.259328    34.8173    27.6521 0.0000e+00
       3949    640.483     3.8918   3.259323    34.8175    27.6522 0.0000e+00
       3950    640.501     3.8918   3.259325    34.8175    27.6523 0.0000e+00
       3951    640.540     3.8918   3.259327    34.8175    27.6523 0.0000e+00
       3952    640.596     3.8919   3.259329    34.8174    27.6522 0.0000e+00
       3953    640.647     3.8920   3.259332    34.8173    27.6521 0.0000e+00
       3954    640.660     3.8919   3.259330    34.8174    27.6521 0.0000e+00
       3955    640.623     3.8918   3.259326    34.8174    27.6522 0.0000e+00
       3956    640.573     3.8918   3.259326    34.8175    27.6522 0.0000e+00
       3957    640.564     3.8920   3.259328    34.8173    27.6521 0.0000e+00
       3958    640.612     3.8920   3.259328    34.8173    27.6520 0.0000e+00
       3959    640.685     3.8920   3.259328    34.8172    27.6520 0.0000e+00
       3960    640.734     3.8920   3.259329    34.8172    27.6520 0.0000e+00
       3961    640.739     3.8920   3.259330    34.8172    27.6520 0.0000e+00
       3962    640.724     3.8920   3.259332    34.8172    27.6520 0.0000e+00
       3963    640.727     3.8920   3.259333    34.8173    27.6520 0.0000e+00
       3964    640.765     3.8920   3.259335    34.8173    27.6520 0.0000e+00
       3965    640.826     3.8920   3.259334    34.8172    27.6520 0.0000e+00
       3966    640.878     3.8920   3.259333    34.8172    27.6520 0.0000e+00
       3967    640.913     3.8918   3.259333    34.8174    27.6522 0.0000e+00
       3968    640.948     3.8918   3.259336    34.8174    27.6522 0.0000e+00
       3969    640.995     3.8918   3.259337    34.8174    27.6522 0.0000e+00
       3970    641.055     3.8918   3.259331    34.8173    27.6521 0.0000e+00
       3971    641.107     3.8917   3.259326    34.8173    27.6521 0.0000e+00
       3972    641.131     3.8916   3.259327    34.8174    27.6522 0.0000e+00
       3973    641.132     3.8915   3.259335    34.8176    27.6524 0.0000e+00
       3974    641.142     3.8915   3.259345    34.8177    27.6525 0.0000e+00
       3975    641.186     3.8916   3.259347    34.8176    27.6524 0.0000e+00
       3976    641.258     3.8916   3.259347    34.8176    27.6523 0.0000e+00
       3977    641.317     3.8916   3.259341    34.8175    27.6522 0.0000e+00
       3978    641.334     3.8916   3.259332    34.8173    27.6522 0.0000e+00
       3979    641.322     3.8917   3.259329    34.8172    27.6520 0.0000e+00
       3980    641.314     3.8917   3.259334    34.8173    27.6521 0.0000e+00
       3981    641.336     3.8917   3.259343    34.8174    27.6522 0.0000e+00
       3982    641.396     3.8918   3.259351    34.8173    27.6521 0.0000e+00
       3983    641.476     3.8918   3.259349    34.8173    27.6521 0.0000e+00
       3984    641.542     3.8918   3.259343    34.8172    27.6520 0.0000e+00
       3985    641.581     3.8918   3.259343    34.8171    27.6520 0.0000e+00
       3986    641.606     3.8918   3.259352    34.8172    27.6520 0.0000e+00
       3987    641.635     3.8918   3.259364    34.8174    27.6521 0.0000e+00
       3988    641.679     3.8919   3.259372    34.8173    27.6521 0.0000e+00
       3989    641.734     3.8920   3.259377    34.8172    27.6520 0.0000e+00
       3990    641.791     3.8918   3.259379    34.8175    27.6522 0.0000e+00
       3991    641.843     3.8918   3.259379    34.8174    27.6522 0.0000e+00
       3992    641.891     3.8918   3.259378    34.8174    27.6522 0.0000e+00
       3993    641.939     3.8918   3.259377    34.8174    27.6521 0.0000e+00
       3994    641.990     3.8918   3.259376    34.8173    27.6521 0.0000e+00
       3995    642.038     3.8918   3.259374    34.8173    27.6521 0.0000e+00
       3996    642.075     3.8917   3.259374    34.8174    27.6522 0.0000e+00
       3997    642.096     3.8916   3.259371    34.8174    27.6522 0.0000e+00
       3998    642.106     3.8916   3.259369    34.8174    27.6522 0.0000e+00
       3999    642.118     3.8916   3.259370    34.8174    27.6522 0.0000e+00
       4000    642.153     3.8916   3.259374    34.8174    27.6522 0.0000e+00
       4001    642.217     3.8916   3.259377    34.8174    27.6522 0.0000e+00
       4002    642.283     3.8917   3.259377    34.8173    27.6521 0.0000e+00
       4003    642.322     3.8917   3.259374    34.8172    27.6520 0.0000e+00
       4004    642.324     3.8917   3.259366    34.8171    27.6520 0.0000e+00
       4005    642.311     3.8916   3.259359    34.8172    27.6520 0.0000e+00
       4006    642.320     3.8916   3.259359    34.8171    27.6520 0.0000e+00
       4007    642.364     3.8916   3.259360    34.8171    27.6520 0.0000e+00
       4008    642.423     3.8916   3.259355    34.8170    27.6519 0.0000e+00
       4009    642.473     3.8915   3.259353    34.8171    27.6520 0.0000e+00
       4010    642.512     3.8914   3.259358    34.8172    27.6521 0.0000e+00
       4011    642.553     3.8914   3.259359    34.8172    27.6521 0.0000e+00
       4012    642.603     3.8914   3.259364    34.8173    27.6521 0.0000e+00
       4013    642.652     3.8914   3.259371    34.8173    27.6522 0.0000e+00
       4014    642.685     3.8914   3.259376    34.8174    27.6522 0.0000e+00
       4015    642.699     3.8914   3.259377    34.8174    27.6522 0.0000e+00
       4016    642.712     3.8914   3.259377    34.8174    27.6522 0.0000e+00
       4017    642.740     3.8914   3.259377    34.8174    27.6522 0.0000e+00
       4018    642.782     3.8914   3.259376    34.8173    27.6522 0.0000e+00
       4019    642.827     3.8914   3.259376    34.8173    27.6521 0.0000e+00
       4020    642.859     3.8914   3.259384    34.8174    27.6522 0.0000e+00
       4021    642.885     3.8914   3.259393    34.8175    27.6523 0.0000e+00
       4022    642.923     3.8914   3.259398    34.8175    27.6523 0.0000e+00
       4023    642.972     3.8914   3.259399    34.8175    27.6523 0.0000e+00
       4024    643.022     3.8914   3.259398    34.8175    27.6523 0.0000e+00
       4025    643.056     3.8914   3.259397    34.8174    27.6522 0.0000e+00
       4026    643.052     3.8914   3.259400    34.8175    27.6523 0.0000e+00
       4027    643.004     3.8915   3.259401    34.8174    27.6522 0.0000e+00
       4028    642.941     3.8914   3.259393    34.8174    27.6523 0.0000e+00
       4029    642.913     3.8914   3.259384    34.8173    27.6522 0.0000e+00
       4030    642.947     3.8914   3.259381    34.8173    27.6521 0.0000e+00
       4031    643.025     3.8914   3.259384    34.8173    27.6521 0.0000e+00
       4032    643.104     3.8914   3.259382    34.8172    27.6521 0.0000e+00
       4033    643.158     3.8914   3.259383    34.8172    27.6521 0.0000e+00
       4034    643.189     3.8914   3.259389    34.8173    27.6521 0.0000e+00
       4035    643.215     3.8914   3.259391    34.8173    27.6521 0.0000e+00
       4036    643.250     3.8914   3.259390    34.8172    27.6521 0.0000e+00
       4037    643.292     3.8914   3.259387    34.8172    27.6520 0.0000e+00
       4038    643.335     3.8913   3.259387    34.8173    27.6521 0.0000e+00
       4039    643.380     3.8911   3.259386    34.8174    27.6523 0.0000e+00
       4040    643.428     3.8911   3.259386    34.8174    27.6523 0.0000e+00
       4041    643.477     3.8911   3.259391    34.8175    27.6523 0.0000e+00
       4042    643.524     3.8910   3.259393    34.8176    27.6524 0.0000e+00
       4043    643.564     3.8910   3.259394    34.8175    27.6524 0.0000e+00
       4044    643.589     3.8910   3.259395    34.8175    27.6524 0.0000e+00
       4045    643.605     3.8910   3.259397    34.8176    27.6524 0.0000e+00
       4046    643.627     3.8911   3.259398    34.8175    27.6523 0.0000e+00
       4047    643.662     3.8911   3.259394    34.8174    27.6522 0.0000e+00
       4048    643.702     3.8911   3.259394    34.8174    27.6522 0.0000e+00
       4049    643.729     3.8911   3.259402    34.8175    27.6523 0.0000e+00
       4050    643.738     3.8912   3.259413    34.8175    27.6523 0.0000e+00
       4051    643.746     3.8914   3.259427    34.8174    27.6522 0.0000e+00
       4052    643.774     3.8915   3.259438    34.8174    27.6522 0.0000e+00
       4053    643.821     3.8917   3.259442    34.8172    27.6521 0.0000e+00
       4054    643.867     3.8917   3.259436    34.8171    27.6520 0.0000e+00
       4055    643.895     3.8917   3.259434    34.8171    27.6520 0.0000e+00
       4056    643.903     3.8916   3.259434    34.8172    27.6520 0.0000e+00
       4057    643.903     3.8916   3.259433    34.8172    27.6520 0.0000e+00
       4058    643.915     3.8916   3.259434    34.8172    27.6520 0.0000e+00
       4059    643.951     3.8916   3.259435    34.8172    27.6520 0.0000e+00
       4060    644.007     3.8916   3.259435    34.8172    27.6520 0.0000e+00
       4061    644.064     3.8915   3.259443    34.8173    27.6522 0.0000e+00
       4062    644.103     3.8915   3.259449    34.8174    27.6522 0.0000e+00
       4063    644.119     3.8914   3.259451    34.8175    27.6523 0.0000e+00
       4064    644.127     3.8914   3.259452    34.8175    27.6523 0.0000e+00
       4065    644.144     3.8914   3.259453    34.8175    27.6523 0.0000e+00
       4066    644.176     3.8914   3.259455    34.8175    27.6523 0.0000e+00
       4067    644.217     3.8916   3.259461    34.8174    27.6522 0.0000e+00
       4068    644.253     3.8916   3.259464    34.8174    27.6522 0.0000e+00
       4069    644.273     3.8916   3.259461    34.8173    27.6521 0.0000e+00
       4070    644.276     3.8916   3.259457    34.8173    27.6521 0.0000e+00
       4071    644.275     3.8916   3.259461    34.8173    27.6521 0.0000e+00
       4072    644.281     3.8916   3.259461    34.8173    27.6521 0.0000e+00
       4073    644.296     3.8916   3.259456    34.8173    27.6521 0.0000e+00
       4074    644.316     3.8916   3.259453    34.8172    27.6521 0.0000e+00
       4075    644.342     3.8916   3.259454    34.8172    27.6521 0.0000e+00
       4076    644.382     3.8916   3.259452    34.8172    27.6520 0.0000e+00
       4077    644.432     3.8916   3.259451    34.8171    27.6520 0.0000e+00
       4078    644.477     3.8915   3.259451    34.8172    27.6521 0.0000e+00
       4079    644.506     3.8914   3.259449    34.8173    27.6521 0.0000e+00
       4080    644.522     3.8914   3.259448    34.8173    27.6521 0.0000e+00
       4081    644.534     3.8914   3.259450    34.8173    27.6521 0.0000e+00
       4082    644.550     3.8914   3.259451    34.8173    27.6521 0.0000e+00
       4083    644.573     3.8914   3.259449    34.8172    27.6521 0.0000e+00
       4084    644.600     3.8914   3.259444    34.8172    27.6520 0.0000e+00
       4085    644.626     3.8912   3.259442    34.8173    27.6522 0.0000e+00
       4086    644.647     3.8911   3.259442    34.8174    27.6523 0.0000e+00
       4087    644.665     3.8911   3.259445    34.8175    27.6523 0.0000e+00
       4088    644.689     3.8911   3.259449    34.8175    27.6523 0.0000e+00
       4089    644.717     3.8910   3.259446    34.8176    27.6524 0.0000e+00
       4090    644.736     3.8910   3.259442    34.8175    27.6523 0.0000e+00
       4091    644.731     3.8910   3.259439    34.8175    27.6523 0.0000e+00
       4092    644.710     3.8910   3.259435    34.8174    27.6523 0.0000e+00
       4093    644.699     3.8910   3.259439    34.8175    27.6523 0.0000e+00
       4094    644.713     3.8910   3.259449    34.8176    27.6524 0.0000e+00
       4095    644.758     3.8911   3.259460    34.8176    27.6524 0.0000e+00
       4096    644.824     3.8913   3.259461    34.8174    27.6522 0.0000e+00
       4097    644.886     3.8912   3.259454    34.8174    27.6522 0.0000e+00
       4098    644.925     3.8911   3.259451    34.8174    27.6523 0.0000e+00
       4099    644.947     3.8911   3.259450    34.8174    27.6522 0.0000e+00
       4100    644.969     3.8912   3.259453    34.8173    27.6522 0.0000e+00
       4101    645.010     3.8913   3.259462    34.8173    27.6521 0.0000e+00
       4102    645.074     3.8914   3.259469    34.8172    27.6521 0.0000e+00
