Datasets/Multi_Species/TEL214/tel214_2020_005.cnv
* Sea-Bird SBE19plus Data File:
* Filename = C:/AQUIRE/tel214_2020_005.hex
* Software Version AquireV2 AF V2.0
* Temperature SN =  7853
* Conductivity SN =  7853
* System UpLoad Time = Nov 07 2020 00:35:58
* <ApplicationData>
* <AQUIREV2>
** VESSEL/TRIP/SEQ STN: tel214_2020_005
** LATITUDE: 53 16.25 N
** LONGITUDE: 05 14.95 W
** DATE/TIME: 2020-11-06 23:34
** SOUNDING DEPTH (M): 0510
** PROBE TYPE: S7853
** CTD NUMBER: 005
** COMMENTS: 
# nquan = 7                                 
# nvalues = 3522                        
# units = specified
# name 0 = scan: Scan Count
# name 1 = prdM: Pressure, Strain Gauge [db]
# name 2 = tv290C: Temperature [ITS-90, deg C]
# name 3 = c0S/m: Conductivity [S/m]
# name 4 = sal00: Salinity, Practical [PSU]
# name 5 = sigma-t00: Density [sigma-t, kg/m^3 ]
# name 6 = flag: flag
# span 0 =          1,       3522       
# span 1 =     -1.066,    509.700       
# span 2 =     1.0505,     3.9307       
# span 3 =   0.000086,   3.251026       
# span 4 =    -0.0006,    34.8200       
# span 5 =    -0.0920,    27.6764       
# span 6 = 0.0000e+00, 0.0000e+00       
# interval = seconds: 1
# start_time = Nov 06 2020 23:34:35 [Instrument's time stamp, header]
# bad_flag = -9.990e-29
*END*
[from data line 2667]
       2668    286.522     3.3904   3.171922    34.4923    27.4432 0.0000e+00
       2669    285.525     3.3941   3.171854    34.4881    27.4395 0.0000e+00
       2670    284.500     3.3945   3.171259    34.4811    27.4339 0.0000e+00
       2671    283.473     3.3936   3.170726    34.4762    27.4300 0.0000e+00
       2672    282.469     3.3930   3.170430    34.4738    27.4282 0.0000e+00
       2673    281.504     3.3918   3.170064    34.4712    27.4262 0.0000e+00
       2674    280.575     3.3883   3.169400    34.4674    27.4235 0.0000e+00
       2675    279.651     3.3811   3.168164    34.4606    27.4188 0.0000e+00
       2676    278.688     3.3711   3.166550    34.4523    27.4132 0.0000e+00
       2677    277.679     3.3626   3.165378    34.4477    27.4103 0.0000e+00
       2678    276.669     3.3580   3.164885    34.4472    27.4103 0.0000e+00
       2679    275.702     3.3557   3.164666    34.4475    27.4108 0.0000e+00
       2680    274.781     3.3532   3.164325    34.4466    27.4103 0.0000e+00
       2681    273.862     3.3472   3.163587    34.4445    27.4092 0.0000e+00
       2682    272.901     3.3290   3.161275    34.4364    27.4045 0.0000e+00
       2683    271.887     3.2944   3.156131    34.4116    27.3880 0.0000e+00
       2684    270.851     3.2591   3.150746    34.3845    27.3697 0.0000e+00
       2685    269.843     3.2385   3.148134    34.3753    27.3643 0.0000e+00
       2686    268.881     3.2287   3.147006    34.3725    27.3630 0.0000e+00
       2687    267.937     3.2217   3.145843    34.3664    27.3588 0.0000e+00
       2688    266.966     3.2157   3.144771    34.3603    27.3545 0.0000e+00
       2689    265.948     3.2104   3.143791    34.3546    27.3505 0.0000e+00
       2690    264.904     3.2050   3.142830    34.3493    27.3467 0.0000e+00
       2691    263.877     3.1993   3.141985    34.3456    27.3443 0.0000e+00
       2692    262.891     3.1924   3.140983    34.3414    27.3416 0.0000e+00
       2693    261.922     3.1807   3.139133    34.3319    27.3351 0.0000e+00
       2694    260.936     3.1631   3.136188    34.3154    27.3236 0.0000e+00
       2695    259.917     3.1455   3.133121    34.2974    27.3109 0.0000e+00
       2696    258.882     3.1335   3.130956    34.2844    27.3016 0.0000e+00
       2697    257.859     3.1246   3.129261    34.2738    27.2940 0.0000e+00
       2698    256.844     3.1134   3.127210    34.2614    27.2851 0.0000e+00
       2699    255.816     3.1011   3.125050    34.2487    27.2761 0.0000e+00
       2700    254.771     3.0923   3.123509    34.2399    27.2699 0.0000e+00
       2701    253.721     3.0873   3.122388    34.2322    27.2642 0.0000e+00
       2702    252.683     3.0857   3.121473    34.2233    27.2573 0.0000e+00
       2703    251.664     3.0869   3.120976    34.2166    27.2518 0.0000e+00
       2704    250.649     3.0888   3.120681    34.2115    27.2476 0.0000e+00
       2705    249.617     3.0899   3.120404    34.2076    27.2443 0.0000e+00
       2706    248.561     3.0904   3.120176    34.2048    27.2421 0.0000e+00
       2707    247.499     3.0911   3.119992    34.2024    27.2401 0.0000e+00
       2708    246.443     3.0919   3.119848    34.2004    27.2384 0.0000e+00
       2709    245.386     3.0933   3.119746    34.1983    27.2366 0.0000e+00
       2710    244.314     3.0947   3.119590    34.1955    27.2342 0.0000e+00
       2711    243.225     3.0955   3.119327    34.1920    27.2314 0.0000e+00
       2712    242.134     3.0960   3.119073    34.1890    27.2289 0.0000e+00
       2713    241.061     3.0961   3.118868    34.1870    27.2273 0.0000e+00
       2714    240.014     3.0949   3.118486    34.1842    27.2252 0.0000e+00
       2715    238.979     3.0913   3.117641    34.1783    27.2208 0.0000e+00
       2716    237.931     3.0865   3.116550    34.1707    27.2152 0.0000e+00
       2717    236.849     3.0820   3.115683    34.1655    27.2115 0.0000e+00
       2718    235.736     3.0752   3.114686    34.1612    27.2087 0.0000e+00
       2719    234.616     3.0641   3.113062    34.1538    27.2038 0.0000e+00
       2720    233.510     3.0520   3.111385    34.1469    27.1993 0.0000e+00
       2721    232.429     3.0428   3.110304    34.1440    27.1979 0.0000e+00
       2722    231.373     3.0353   3.109428    34.1419    27.1969 0.0000e+00
       2723    230.333     3.0271   3.108272    34.1371    27.1938 0.0000e+00
       2724    229.287     3.0190   3.107084    34.1318    27.1903 0.0000e+00
       2725    228.223     3.0118   3.106091    34.1279    27.1878 0.0000e+00
       2726    227.142     3.0054   3.105198    34.1244    27.1856 0.0000e+00
       2727    226.041     3.0004   3.104478    34.1215    27.1837 0.0000e+00
       2728    224.925     2.9973   3.104044    34.1201    27.1829 0.0000e+00
       2729    223.821     2.9954   3.103775    34.1194    27.1826 0.0000e+00
       2730    222.755     2.9932   3.103505    34.1191    27.1825 0.0000e+00
       2731    221.727     2.9899   3.103048    34.1175    27.1815 0.0000e+00
       2732    220.709     2.9839   3.102179    34.1139    27.1791 0.0000e+00
       2733    219.657     2.9737   3.100738    34.1077    27.1751 0.0000e+00
       2734    218.549     2.9606   3.098879    34.0995    27.1698 0.0000e+00
       2735    217.417     2.9476   3.097095    34.0921    27.1650 0.0000e+00
       2736    216.314     2.9379   3.095788    34.0870    27.1619 0.0000e+00
       2737    215.274     2.9321   3.095115    34.0855    27.1612 0.0000e+00
       2738    214.282     2.9252   3.094141    34.0815    27.1586 0.0000e+00
       2739    213.289     2.9073   3.091344    34.0669    27.1485 0.0000e+00
       2740    212.246     2.8578   3.085504    34.0485    27.1382 0.0000e+00
       2741    211.132     2.7414   3.072097    34.0083    27.1163 0.0000e+00
       2742    209.982     2.5532   3.050072    33.9377    27.0760 0.0000e+00
       2743    208.853     2.3503   3.028621    33.8888    27.0536 0.0000e+00
       2744    207.777     2.1933   3.014347    33.8793    27.0587 0.0000e+00
       2745    206.748     2.0898   3.005521    33.8803    27.0676 0.0000e+00
       2746    205.733     2.0195   2.998506    33.8683    27.0635 0.0000e+00
       2747    204.698     1.9713   2.992923    33.8506    27.0530 0.0000e+00
       2748    203.630     1.9394   2.989612    33.8438    27.0500 0.0000e+00
       2749    202.538     1.9200   2.987462    33.8382    27.0470 0.0000e+00
       2750    201.426     1.9245   2.987555    33.8352    27.0442 0.0000e+00
       2751    200.298     1.9653   2.991945    33.8472    27.0507 0.0000e+00
       2752    199.169     2.0297   2.998466    33.8606    27.0565 0.0000e+00
       2753    198.049     2.0946   3.004185    33.8634    27.0537 0.0000e+00
       2754    196.937     2.1540   3.009318    33.8646    27.0500 0.0000e+00
       2755    195.823     2.2135   3.014491    33.8662    27.0466 0.0000e+00
       2756    194.699     2.2603   3.018970    33.8727    27.0480 0.0000e+00
       2757    193.555     2.2492   3.016976    33.8604    27.0391 0.0000e+00
       2758    192.394     2.1708   3.006996    33.8204    27.0133 0.0000e+00
       2759    191.235     2.0853   2.998291    33.8036    27.0065 0.0000e+00
       2760    190.094     2.0233   2.993280    33.8077    27.0147 0.0000e+00
       2761    188.967     1.9585   2.987033    33.7994    27.0129 0.0000e+00
       2762    187.833     1.8812   2.978989    33.7817    27.0047 0.0000e+00
       2763    186.676     1.8009   2.970877    33.7664    26.9983 0.0000e+00
       2764    185.495     1.7253   2.963439    33.7543    26.9942 0.0000e+00
       2765    184.301     1.6687   2.957903    33.7458    26.9915 0.0000e+00
       2766    183.115     1.6382   2.955328    33.7466    26.9944 0.0000e+00
       2767    181.941     1.6244   2.954056    33.7460    26.9949 0.0000e+00
       2768    180.776     1.6178   2.952776    33.7376    26.9886 0.0000e+00
       2769    179.626     1.6185   2.952357    33.7322    26.9842 0.0000e+00
       2770    178.494     1.6261   2.952750    33.7296    26.9816 0.0000e+00
       2771    177.370     1.6377   2.953198    33.7235    26.9759 0.0000e+00
       2772    176.235     1.6546   2.953774    33.7133    26.9665 0.0000e+00
       2773    175.071     1.6817   2.955254    33.7037    26.9568 0.0000e+00
       2774    173.881     1.7157   2.957387    33.6949    26.9473 0.0000e+00
       2775    172.682     1.7452   2.958601    33.6794    26.9327 0.0000e+00
       2776    171.485     1.7697   2.959522    33.6655    26.9197 0.0000e+00
       2777    170.276     1.7938   2.961097    33.6603    26.9138 0.0000e+00
       2778    169.037     1.8165   2.962548    33.6550    26.9079 0.0000e+00
       2779    167.774     1.8422   2.964333    33.6508    26.9026 0.0000e+00
       2780    166.529     1.8740   2.966923    33.6501    26.8997 0.0000e+00
       2781    165.360     1.9012   2.968981    33.6476    26.8957 0.0000e+00
       2782    164.273     1.9183   2.969518    33.6368    26.8857 0.0000e+00
       2783    163.202     1.9427   2.971109    33.6314    26.8795 0.0000e+00
       2784    162.071     1.9884   2.975791    33.6420    26.8846 0.0000e+00
       2785    160.855     2.0379   2.980348    33.6471    26.8849 0.0000e+00
       2786    159.610     2.0698   2.982358    33.6390    26.8760 0.0000e+00
       2787    158.412     2.0841   2.982728    33.6292    26.8670 0.0000e+00
       2788    157.283     2.0911   2.982480    33.6193    26.8585 0.0000e+00
       2789    156.192     2.1023   2.982958    33.6140    26.8534 0.0000e+00
       2790    155.091     2.1208   2.984417    33.6132    26.8513 0.0000e+00
       2791    153.959     2.1350   2.985149    33.6079    26.8460 0.0000e+00
       2792    152.797     2.1332   2.984234    33.5991    26.8390 0.0000e+00
       2793    151.599     2.1144   2.981716    33.5883    26.8319 0.0000e+00
       2794    150.361     2.0854   2.978312    33.5772    26.8253 0.0000e+00
       2795    149.097     2.0546   2.974865    33.5675    26.8199 0.0000e+00
       2796    147.829     2.0295   2.971912    33.5580    26.8141 0.0000e+00
       2797    146.577     2.0159   2.970317    33.5531    26.8113 0.0000e+00
       2798    145.367     2.0084   2.969487    33.5514    26.8105 0.0000e+00
       2799    144.208     1.9931   2.967601    33.5447    26.8063 0.0000e+00
       2800    143.066     1.9632   2.963846    33.5300    26.7968 0.0000e+00
       2801    141.883     1.9223   2.958865    33.5117    26.7852 0.0000e+00
       2802    140.628     1.8782   2.953930    33.4973    26.7769 0.0000e+00
       2803    139.322     1.8361   2.949563    33.4879    26.7725 0.0000e+00
       2804    138.023     1.7947   2.945299    33.4790    26.7684 0.0000e+00
       2805    136.787     1.7566   2.942017    33.4788    26.7711 0.0000e+00
       2806    135.617     1.7239   2.939462    33.4821    26.7760 0.0000e+00
       2807    134.457     1.6905   2.935397    33.4670    26.7663 0.0000e+00
       2808    133.253     1.6570   2.931034    33.4483    26.7537 0.0000e+00
       2809    131.996     1.6305   2.928167    33.4409    26.7497 0.0000e+00
       2810    130.711     1.6096   2.925939    33.4358    26.7470 0.0000e+00
       2811    129.417     1.5907   2.923750    33.4289    26.7429 0.0000e+00
       2812    128.119     1.5755   2.921949    33.4231    26.7393 0.0000e+00
       2813    126.824     1.5661   2.920805    33.4193    26.7369 0.0000e+00
       2814    125.549     1.5619   2.920188    33.4167    26.7351 0.0000e+00
       2815    124.318     1.5581   2.919496    33.4127    26.7322 0.0000e+00
       2816    123.125     1.5501   2.918098    33.4042    26.7259 0.0000e+00
       2817    121.926     1.5372   2.916071    33.3929    26.7178 0.0000e+00
       2818    120.669     1.5220   2.913794    33.3810    26.7092 0.0000e+00
       2819    119.345     1.5085   2.911753    33.3703    26.7016 0.0000e+00
       2820    117.997     1.4996   2.910492    33.3645    26.6976 0.0000e+00
       2821    116.707     1.4962   2.910197    33.3651    26.6983 0.0000e+00
       2822    115.529     1.4977   2.910646    33.3699    26.7020 0.0000e+00
       2823    114.422     1.5022   2.910976    33.3699    26.7017 0.0000e+00
       2824    113.290     1.5067   2.910235    33.3564    26.6905 0.0000e+00
       2825    112.077     1.5074   2.908657    33.3364    26.6744 0.0000e+00
       2826    110.790     1.5052   2.907344    33.3228    26.6637 0.0000e+00
       2827    109.472     1.5027   2.906641    33.3173    26.6595 0.0000e+00
       2828    108.167     1.4909   2.904786    33.3071    26.6521 0.0000e+00
       2829    106.900     1.4600   2.900525    33.2866    26.6377 0.0000e+00
       2830    105.684     1.4176   2.895568    33.2694    26.6268 0.0000e+00
       2831    104.512     1.3758   2.891193    33.2589    26.6212 0.0000e+00
       2832    103.340     1.3363   2.886845    33.2462    26.6137 0.0000e+00
       2833    102.118     1.3005   2.882692    33.2321    26.6047 0.0000e+00
       2834    100.818     1.2715   2.879582    33.2240    26.6001 0.0000e+00
       2835     99.458     1.2468   2.877116    33.2196    26.5982 0.0000e+00
       2836     98.104     1.2218   2.874471    33.2132    26.5947 0.0000e+00
       2837     96.813     1.2001   2.872337    33.2098    26.5933 0.0000e+00
       2838     95.594     1.1873   2.871425    33.2125    26.5963 0.0000e+00
       2839     94.414     1.1818   2.870779    33.2108    26.5953 0.0000e+00
       2840     93.228     1.1803   2.870061    33.2039    26.5898 0.0000e+00
       2841     92.007     1.1821   2.869679    33.1978    26.5848 0.0000e+00
       2842     90.743     1.1793   2.868915    33.1917    26.5801 0.0000e+00
       2843     89.439     1.1712   2.867181    33.1789    26.5704 0.0000e+00
       2844     88.097     1.1819   2.867411    33.1713    26.5635 0.0000e+00
       2845     86.734     1.2184   2.870700    33.1752    26.5644 0.0000e+00
       2846     85.385     1.2490   2.872446    33.1658    26.5548 0.0000e+00
       2847     84.090     1.2583   2.872008    33.1511    26.5424 0.0000e+00
       2848     82.861     1.2594   2.871761    33.1475    26.5394 0.0000e+00
       2849     81.655     1.2591   2.871363    33.1434    26.5362 0.0000e+00
       2850     80.409     1.2580   2.870580    33.1353    26.5297 0.0000e+00
       2851     79.105     1.2595   2.870176    33.1293    26.5248 0.0000e+00
       2852     77.787     1.2665   2.870654    33.1287    26.5239 0.0000e+00
       2853     76.512     1.2763   2.871510    33.1300    26.5242 0.0000e+00
       2854     75.297     1.2835   2.871812    33.1269    26.5213 0.0000e+00
       2855     74.104     1.2909   2.872060    33.1229    26.5176 0.0000e+00
       2856     72.880     1.3047   2.873190    33.1233    26.5171 0.0000e+00
       2857     71.601     1.3220   2.874563    33.1232    26.5158 0.0000e+00
       2858     70.280     1.3350   2.875442    33.1214    26.5135 0.0000e+00
       2859     68.961     1.3392   2.875507    33.1185    26.5109 0.0000e+00
       2860     67.684     1.3355   2.874749    33.1135    26.5072 0.0000e+00
       2861     66.463     1.3324   2.874000    33.1080    26.5029 0.0000e+00
       2862     65.289     1.3340   2.873804    33.1044    26.5000 0.0000e+00
       2863     64.144     1.3263   2.872342    33.0946    26.4926 0.0000e+00
       2864     63.026     1.3017   2.868699    33.0749    26.4784 0.0000e+00
       2865     61.981     1.2809   2.866672    33.0717    26.4772 0.0000e+00
       2866     61.046     1.2820   2.867715    33.0844    26.4873 0.0000e+00
       2867     60.191     1.2937   2.868504    33.0825    26.4850 0.0000e+00
       2868     59.393     1.2996   2.867811    33.0679    26.4729 0.0000e+00
       2869     58.661     1.2982   2.866721    33.0560    26.4634 0.0000e+00
       2870     57.990     1.2919   2.865566    33.0483    26.4576 0.0000e+00
       2871     57.366     1.2789   2.864025    33.0428    26.4541 0.0000e+00
