Datasets/Multi_Species/TEL214/tel214_2020_024.cnv
* Sea-Bird SBE19plus Data File:
* Filename = C:/AQUIRE/tel214_2020_024.hex
* Software Version AquireV2 AF V2.0
* Temperature SN =  7853
* Conductivity SN =  7853
* System UpLoad Time = Nov 14 2020 12:54:42
* <ApplicationData>
* <AQUIREV2>
** VESSEL/TRIP/SEQ STN: tel214_2020_024
** LATITUDE: 54 00.56 N
** LONGITUDE: 53 49.78 W
** DATE/TIME: 2020-11-14 11:51
** SOUNDING DEPTH (M): 0208
** PROBE TYPE: S7853
** CTD NUMBER:  24
** COMMENTS: 
# nquan = 7                                 
# nvalues = 3679                        
# units = specified
# name 0 = scan: Scan Count
# name 1 = prdM: Pressure, Strain Gauge [db]
# name 2 = tv290C: Temperature [ITS-90, deg C]
# name 3 = c0S/m: Conductivity [S/m]
# name 4 = sal00: Salinity, Practical [PSU]
# name 5 = sigma-t00: Density [sigma-t, kg/m^3 ]
# name 6 = flag: flag
# span 0 =          1,       3679       
# span 1 =     -1.080,    205.346       
# span 2 =    -1.4151,     3.2073       
# span 3 =   0.000055,   3.124016       
# span 4 =    -0.0026,    34.1531       
# span 5 =    -0.2721,    27.1908       
# span 6 = 0.0000e+00, 0.0000e+00       
# interval = seconds: 1
# start_time = Nov 14 2020 11:51:18 [Instrument's time stamp, header]
# bad_flag = -9.990e-29
*END*
[from data line 206]
        207     -1.065    -1.3694   0.000140    -0.0022    -0.2678 0.0000e+00
        208     -1.063    -1.3708   0.000135    -0.0022    -0.2679 0.0000e+00
        209     -1.060    -1.3722   0.000132    -0.0022    -0.2681 0.0000e+00
        210     -1.058    -1.3735   0.000128    -0.0023    -0.2682 0.0000e+00
        211     -1.058    -1.3742   0.000124    -0.0023    -0.2682 0.0000e+00
        212     -1.060    -1.3740   0.000126    -0.0023    -0.2682 0.0000e+00
        213     -1.063    -1.3734   0.000129    -0.0023    -0.2682 0.0000e+00
        214     -1.065    -1.3730   0.000131    -0.0022    -0.2681 0.0000e+00
        215     -1.063    -1.3727   0.000133    -0.0022    -0.2681 0.0000e+00
        216     -1.060    -1.3718   0.000136    -0.0022    -0.2680 0.0000e+00
        217     -1.058    -1.3704   0.000138    -0.0022    -0.2679 0.0000e+00
        218     -1.059    -1.3704   0.000137    -0.0022    -0.2679 0.0000e+00
        219     -1.060    -1.3730   0.000129    -0.0023    -0.2681 0.0000e+00
        220     -1.058    -1.3756   0.000120    -0.0023    -0.2684 0.0000e+00
        221     -1.055    -1.3753   0.000122    -0.0023    -0.2683 0.0000e+00
        222     -1.054    -1.3727   0.000133    -0.0022    -0.2681 0.0000e+00
        223     -1.057    -1.3702   0.000140    -0.0022    -0.2679 0.0000e+00
        224     -1.062    -1.3687   0.000143    -0.0021    -0.2677 0.0000e+00
        225     -1.063    -1.3683   0.000144    -0.0021    -0.2677 0.0000e+00
        226     -1.062    -1.3685   0.000142    -0.0021    -0.2677 0.0000e+00
        227     -1.063    -1.3687   0.000140    -0.0022    -0.2677 0.0000e+00
        228     -1.063    -1.3680   0.000140    -0.0022    -0.2677 0.0000e+00
        229     -1.062    -1.3668   0.000143    -0.0021    -0.2675 0.0000e+00
        230     -1.061    -1.3661   0.000143    -0.0021    -0.2675 0.0000e+00
        231     -1.060    -1.3652   0.000146    -0.0021    -0.2674 0.0000e+00
        232     -1.059    -1.3633   0.000151    -0.0021    -0.2672 0.0000e+00
        233     -1.060    -1.3615   0.000155    -0.0020    -0.2671 0.0000e+00
        234     -1.058    -1.3611   0.000154    -0.0020    -0.2670 0.0000e+00
        235     -1.055    -1.3618   0.000148    -0.0021    -0.2671 0.0000e+00
        236     -1.053    -1.3624   0.000144    -0.0021    -0.2671 0.0000e+00
        237     -1.054    -1.3639   0.000138    -0.0022    -0.2673 0.0000e+00
        238     -1.056    -1.3664   0.000128    -0.0023    -0.2675 0.0000e+00
        239     -1.059    -1.3686   0.000120    -0.0023    -0.2677 0.0000e+00
        240     -1.063    -1.3684   0.000122    -0.0023    -0.2677 0.0000e+00
        241     -1.065    -1.3665   0.000129    -0.0023    -0.2675 0.0000e+00
        242     -1.064    -1.3645   0.000136    -0.0022    -0.2673 0.0000e+00
        243     -1.063    -1.3634   0.000139    -0.0022    -0.2672 0.0000e+00
        244     -1.064    -1.3639   0.000136    -0.0022    -0.2673 0.0000e+00
        245     -1.065    -1.3658   0.000129    -0.0023    -0.2675 0.0000e+00
        246     -1.063    -1.3677   0.000123    -0.0023    -0.2676 0.0000e+00
        247     -1.059    -1.3680   0.000123    -0.0023    -0.2677 0.0000e+00
        248     -1.057    -1.3672   0.000126    -0.0023    -0.2676 0.0000e+00
        249     -1.057    -1.3672   0.000128    -0.0023    -0.2676 0.0000e+00
        250     -1.057    -1.3689   0.000124    -0.0023    -0.2677 0.0000e+00
        251     -1.059    -1.3711   0.000116    -0.0024    -0.2679 0.0000e+00
        252     -1.060    -1.3718   0.000115    -0.0024    -0.2680 0.0000e+00
        253     -1.059    -1.3707   0.000120    -0.0023    -0.2679 0.0000e+00
        254     -1.058    -1.3693   0.000126    -0.0023    -0.2678 0.0000e+00
        255     -1.058    -1.3687   0.000128    -0.0023    -0.2677 0.0000e+00
        256     -1.061    -1.3689   0.000128    -0.0023    -0.2677 0.0000e+00
        257     -1.066    -1.3704   0.000123    -0.0023    -0.2679 0.0000e+00
        258     -1.069    -1.3721   0.000119    -0.0023    -0.2680 0.0000e+00
        259     -1.068    -1.3717   0.000124    -0.0023    -0.2680 0.0000e+00
        260     -1.064    -1.3691   0.000134    -0.0022    -0.2678 0.0000e+00
        261     -1.061    -1.3661   0.000143    -0.0021    -0.2675 0.0000e+00
        262     -1.061    -1.3647   0.000146    -0.0021    -0.2674 0.0000e+00
        263     -1.064    -1.3659   0.000140    -0.0022    -0.2675 0.0000e+00
        264     -1.065    -1.3683   0.000130    -0.0022    -0.2677 0.0000e+00
        265     -1.063    -1.3710   0.000121    -0.0023    -0.2679 0.0000e+00
        266     -1.059    -1.3737   0.000113    -0.0024    -0.2682 0.0000e+00
        267     -1.057    -1.3752   0.000110    -0.0024    -0.2683 0.0000e+00
        268     -1.057    -1.3748   0.000114    -0.0024    -0.2683 0.0000e+00
        269     -1.059    -1.3734   0.000120    -0.0023    -0.2682 0.0000e+00
        270     -1.060    -1.3731   0.000123    -0.0023    -0.2681 0.0000e+00
        271     -1.060    -1.3750   0.000120    -0.0023    -0.2683 0.0000e+00
        272     -1.062    -1.3781   0.000111    -0.0024    -0.2686 0.0000e+00
        273     -1.063    -1.3815   0.000103    -0.0025    -0.2689 0.0000e+00
        274     -1.059    -1.3843   0.000096    -0.0025    -0.2692 0.0000e+00
        275     -1.054    -1.3848   0.000099    -0.0025    -0.2692 0.0000e+00
        276     -1.055    -1.3815   0.000112    -0.0024    -0.2689 0.0000e+00
        277     -1.059    -1.3758   0.000133    -0.0022    -0.2684 0.0000e+00
        278     -1.062    -1.3706   0.000151    -0.0021    -0.2679 0.0000e+00
        279     -1.064    -1.3679   0.000157    -0.0020    -0.2676 0.0000e+00
        280     -1.063    -1.3681   0.000152    -0.0021    -0.2677 0.0000e+00
        281     -1.059    -1.3703   0.000142    -0.0022    -0.2679 0.0000e+00
        282     -1.055    -1.3729   0.000132    -0.0022    -0.2681 0.0000e+00
        283     -1.055    -1.3751   0.000124    -0.0023    -0.2683 0.0000e+00
        284     -1.057    -1.3759   0.000121    -0.0023    -0.2684 0.0000e+00
        285     -1.058    -1.3744   0.000129    -0.0023    -0.2683 0.0000e+00
        286     -1.058    -1.3709   0.000143    -0.0021    -0.2679 0.0000e+00
        287     -1.060    -1.3680   0.000152    -0.0021    -0.2677 0.0000e+00
        288     -1.064    -1.3678   0.000150    -0.0021    -0.2676 0.0000e+00
        289     -1.066    -1.3698   0.000139    -0.0022    -0.2678 0.0000e+00
        290     -1.066    -1.3717   0.000131    -0.0022    -0.2680 0.0000e+00
        291     -1.064    -1.3723   0.000129    -0.0023    -0.2681 0.0000e+00
        292     -1.061    -1.3719   0.000131    -0.0022    -0.2680 0.0000e+00
        293     -1.059    -1.3716   0.000133    -0.0022    -0.2680 0.0000e+00
        294     -1.056    -1.3726   0.000129    -0.0023    -0.2681 0.0000e+00
        295     -1.056    -1.3752   0.000120    -0.0023    -0.2683 0.0000e+00
        296     -1.061    -1.3781   0.000111    -0.0024    -0.2686 0.0000e+00
        297     -1.064    -1.3805   0.000106    -0.0024    -0.2688 0.0000e+00
        298     -1.064    -1.3822   0.000103    -0.0025    -0.2690 0.0000e+00
        299     -1.062    -1.3823   0.000106    -0.0024    -0.2690 0.0000e+00
        300     -1.062    -1.3804   0.000115    -0.0024    -0.2688 0.0000e+00
        301     -1.062    -1.3778   0.000125    -0.0023    -0.2686 0.0000e+00
        302     -1.063    -1.3758   0.000132    -0.0022    -0.2684 0.0000e+00
        303     -1.064    -1.3744   0.000137    -0.0022    -0.2683 0.0000e+00
        304     -1.064    -1.3737   0.000138    -0.0022    -0.2682 0.0000e+00
        305     -1.063    -1.3742   0.000136    -0.0022    -0.2682 0.0000e+00
        306     -1.063    -1.3762   0.000128    -0.0023    -0.2684 0.0000e+00
        307     -1.063    -1.3782   0.000123    -0.0023    -0.2686 0.0000e+00
        308     -1.062    -1.3788   0.000122    -0.0023    -0.2687 0.0000e+00
        309     -1.061    -1.3785   0.000122    -0.0023    -0.2686 0.0000e+00
        310     -1.059    -1.3789   0.000121    -0.0023    -0.2687 0.0000e+00
        311     -1.057    -1.3804   0.000116    -0.0024    -0.2688 0.0000e+00
        312     -1.057    -1.3813   0.000115    -0.0024    -0.2689 0.0000e+00
        313     -1.059    -1.3805   0.000120    -0.0023    -0.2688 0.0000e+00
        314     -1.060    -1.3792   0.000126    -0.0023    -0.2687 0.0000e+00
        315     -1.059    -1.3788   0.000128    -0.0023    -0.2687 0.0000e+00
        316     -1.058    -1.3792   0.000126    -0.0023    -0.2687 0.0000e+00
        317     -1.060    -1.3796   0.000124    -0.0023    -0.2687 0.0000e+00
        318     -1.063    -1.3800   0.000122    -0.0023    -0.2688 0.0000e+00
        319     -1.064    -1.3802   0.000123    -0.0023    -0.2688 0.0000e+00
        320     -1.063    -1.3801   0.000125    -0.0023    -0.2688 0.0000e+00
        321     -1.064    -1.3794   0.000129    -0.0023    -0.2687 0.0000e+00
        322     -1.065    -1.3786   0.000132    -0.0022    -0.2687 0.0000e+00
        323     -1.063    -1.3779   0.000134    -0.0022    -0.2686 0.0000e+00
        324     -1.060    -1.3778   0.000134    -0.0022    -0.2686 0.0000e+00
        325     -1.060    -1.3779   0.000133    -0.0022    -0.2686 0.0000e+00
        326     -1.061    -1.3772   0.000134    -0.0022    -0.2685 0.0000e+00
        327     -1.062    -1.3756   0.000137    -0.0022    -0.2684 0.0000e+00
        328     -1.064    -1.3743   0.000141    -0.0022    -0.2682 0.0000e+00
        329     -1.065    -1.3748   0.000137    -0.0022    -0.2683 0.0000e+00
        330     -1.064    -1.3767   0.000129    -0.0023    -0.2685 0.0000e+00
        331     -1.063    -1.3783   0.000124    -0.0023    -0.2686 0.0000e+00
        332     -1.063    -1.3787   0.000124    -0.0023    -0.2687 0.0000e+00
        333     -1.063    -1.3779   0.000128    -0.0023    -0.2686 0.0000e+00
        334     -1.062    -1.3757   0.000136    -0.0022    -0.2684 0.0000e+00
        335     -1.062    -1.3722   0.000147    -0.0021    -0.2681 0.0000e+00
        336     -1.062    -1.3677   0.000159    -0.0020    -0.2676 0.0000e+00
        337     -1.063    -1.3634   0.000168    -0.0019    -0.2672 0.0000e+00
        338     -1.063    -1.3608   0.000172    -0.0019    -0.2670 0.0000e+00
        339     -1.060    -1.3614   0.000166    -0.0019    -0.2670 0.0000e+00
        340     -1.060    -1.3645   0.000151    -0.0021    -0.2673 0.0000e+00
        341     -1.062    -1.3677   0.000137    -0.0022    -0.2676 0.0000e+00
        342     -1.062    -1.3704   0.000128    -0.0023    -0.2679 0.0000e+00
        343     -1.059    -1.3723   0.000123    -0.0023    -0.2681 0.0000e+00
        344     -1.057    -1.3724   0.000124    -0.0023    -0.2681 0.0000e+00
        345     -1.057    -1.3710   0.000129    -0.0023    -0.2679 0.0000e+00
        346     -1.059    -1.3691   0.000134    -0.0022    -0.2678 0.0000e+00
        347     -1.062    -1.3667   0.000141    -0.0022    -0.2675 0.0000e+00
        348     -1.065    -1.3645   0.000148    -0.0021    -0.2673 0.0000e+00
        349     -1.068    -1.3636   0.000151    -0.0021    -0.2672 0.0000e+00
        350     -1.068    -1.3641   0.000145    -0.0021    -0.2673 0.0000e+00
        351     -1.065    -1.3649   0.000139    -0.0022    -0.2674 0.0000e+00
        352     -1.063    -1.3665   0.000133    -0.0022    -0.2675 0.0000e+00
        353     -1.062    -1.3686   0.000126    -0.0023    -0.2677 0.0000e+00
        354     -1.063    -1.3701   0.000120    -0.0023    -0.2679 0.0000e+00
        355     -1.064    -1.3710   0.000118    -0.0023    -0.2679 0.0000e+00
        356     -1.064    -1.3719   0.000116    -0.0024    -0.2680 0.0000e+00
        357     -1.063    -1.3728   0.000116    -0.0024    -0.2681 0.0000e+00
        358     -1.064    -1.3745   0.000113    -0.0024    -0.2683 0.0000e+00
        359     -1.065    -1.3776   0.000105    -0.0025    -0.2686 0.0000e+00
        360     -1.063    -1.3811   0.000096    -0.0025    -0.2689 0.0000e+00
        361     -1.060    -1.3835   0.000091    -0.0026    -0.2691 0.0000e+00
        362     -1.058    -1.3835   0.000095    -0.0025    -0.2691 0.0000e+00
        363     -1.058    -1.3817   0.000105    -0.0025    -0.2689 0.0000e+00
        364     -1.060    -1.3798   0.000115    -0.0024    -0.2688 0.0000e+00
        365     -1.063    -1.3784   0.000122    -0.0023    -0.2686 0.0000e+00
        366     -1.065    -1.3781   0.000125    -0.0023    -0.2686 0.0000e+00
        367     -1.065    -1.3792   0.000122    -0.0023    -0.2687 0.0000e+00
        368     -1.063    -1.3808   0.000118    -0.0024    -0.2689 0.0000e+00
        369     -1.060    -1.3825   0.000115    -0.0024    -0.2690 0.0000e+00
        370     -1.060    -1.3845   0.000111    -0.0024    -0.2692 0.0000e+00
        371     -1.063    -1.3860   0.000107    -0.0024    -0.2693 0.0000e+00
        372     -1.065    -1.3857   0.000110    -0.0024    -0.2693 0.0000e+00
        373     -1.065    -1.3837   0.000119    -0.0023    -0.2691 0.0000e+00
        374     -1.063    -1.3809   0.000130    -0.0023    -0.2689 0.0000e+00
        375     -1.059    -1.3785   0.000139    -0.0022    -0.2686 0.0000e+00
        376     -1.057    -1.3773   0.000141    -0.0022    -0.2685 0.0000e+00
        377     -1.056    -1.3775   0.000138    -0.0022    -0.2685 0.0000e+00
        378     -1.056    -1.3781   0.000135    -0.0022    -0.2686 0.0000e+00
        379     -1.056    -1.3773   0.000137    -0.0022    -0.2685 0.0000e+00
        380     -1.056    -1.3759   0.000142    -0.0022    -0.2684 0.0000e+00
        381     -1.057    -1.3755   0.000143    -0.0021    -0.2684 0.0000e+00
        382     -1.058    -1.3756   0.000140    -0.0022    -0.2684 0.0000e+00
        383     -1.061    -1.3756   0.000138    -0.0022    -0.2684 0.0000e+00
        384     -1.065    -1.3771   0.000132    -0.0022    -0.2685 0.0000e+00
        385     -1.065    -1.3803   0.000122    -0.0023    -0.2688 0.0000e+00
        386     -1.065    -1.3832   0.000113    -0.0024    -0.2691 0.0000e+00
        387     -1.066    -1.3845   0.000111    -0.0024    -0.2692 0.0000e+00
        388     -1.066    -1.3842   0.000114    -0.0024    -0.2692 0.0000e+00
        389     -1.063    -1.3833   0.000119    -0.0023    -0.2691 0.0000e+00
        390     -1.060    -1.3827   0.000122    -0.0023    -0.2690 0.0000e+00
        391     -1.058    -1.3813   0.000128    -0.0023    -0.2689 0.0000e+00
        392     -1.060    -1.3792   0.000136    -0.0022    -0.2687 0.0000e+00
        393     -1.063    -1.3781   0.000141    -0.0022    -0.2686 0.0000e+00
        394     -1.065    -1.3781   0.000139    -0.0022    -0.2686 0.0000e+00
        395     -1.065    -1.3788   0.000133    -0.0022    -0.2687 0.0000e+00
        396     -1.065    -1.3801   0.000128    -0.0023    -0.2688 0.0000e+00
        397     -1.066    -1.3810   0.000126    -0.0023    -0.2689 0.0000e+00
        398     -1.065    -1.3817   0.000125    -0.0023    -0.2689 0.0000e+00
        399     -1.064    -1.3825   0.000124    -0.0023    -0.2690 0.0000e+00
        400     -1.064    -1.3827   0.000123    -0.0023    -0.2690 0.0000e+00
        401     -1.063    -1.3826   0.000122    -0.0023    -0.2690 0.0000e+00
        402     -1.065    -1.3833   0.000121    -0.0023    -0.2691 0.0000e+00
        403     -1.067    -1.3843   0.000120    -0.0023    -0.2692 0.0000e+00
        404     -1.069    -1.3853   0.000117    -0.0024    -0.2693 0.0000e+00
        405     -1.071    -1.3865   0.000113    -0.0024    -0.2694 0.0000e+00
        406     -1.071    -1.3873   0.000113    -0.0024    -0.2695 0.0000e+00
        407     -1.069    -1.3869   0.000119    -0.0023    -0.2694 0.0000e+00
        408     -1.066    -1.3858   0.000125    -0.0023    -0.2693 0.0000e+00
        409     -1.066    -1.3847   0.000128    -0.0023    -0.2692 0.0000e+00
        410     -1.067    -1.3834   0.000132    -0.0022    -0.2691 0.0000e+00
