Datasets/Multi_Species/TEL214/tel214_2020_019.cnv
* Sea-Bird SBE19plus Data File:
* Filename = C:/AQUIRE/tel214_2020_019.hex
* Software Version AquireV2 AF V2.0
* Temperature SN =  7853
* Conductivity SN =  7853
* System UpLoad Time = Nov 11 2020 17:51:07
* <ApplicationData>
* <AQUIREV2>
** VESSEL/TRIP/SEQ STN: tel214_2020_019
** LATITUDE: 54 29.98 N
** LONGITUDE: 53 41.33 W
** DATE/TIME: 2020-11-11 16:51
** SOUNDING DEPTH (M): 0257
** PROBE TYPE: S7853
** CTD NUMBER: 019
** COMMENTS: 
# nquan = 7                                 
# nvalues = 3403                        
# units = specified
# name 0 = scan: Scan Count
# name 1 = prdM: Pressure, Strain Gauge [db]
# name 2 = tv290C: Temperature [ITS-90, deg C]
# name 3 = c0S/m: Conductivity [S/m]
# name 4 = sal00: Salinity, Practical [PSU]
# name 5 = sigma-t00: Density [sigma-t, kg/m^3 ]
# name 6 = flag: flag
# span 0 =          1,       3403       
# span 1 =     -1.105,    253.778       
# span 2 =     0.3863,     3.5419       
# span 3 =   0.000015,   3.167856       
# span 4 =    -0.0016,    34.3573       
# span 5 =    -0.1325,    27.3415       
# span 6 = 0.0000e+00, 0.0000e+00       
# interval = seconds: 1
# start_time = Nov 11 2020 16:51:29 [Instrument's time stamp, header]
# bad_flag = -9.990e-29
*END*
[from data line 1642]
       1643    253.191     3.3483   3.154859    34.3493    27.3332 0.0000e+00
       1644    253.188     3.3485   3.154868    34.3492    27.3331 0.0000e+00
       1645    253.168     3.3487   3.154866    34.3489    27.3329 0.0000e+00
       1646    253.141     3.3487   3.154860    34.3489    27.3328 0.0000e+00
       1647    253.122     3.3487   3.154858    34.3489    27.3328 0.0000e+00
       1648    253.129     3.3487   3.154862    34.3489    27.3329 0.0000e+00
       1649    253.155     3.3487   3.154856    34.3488    27.3328 0.0000e+00
       1650    253.174     3.3487   3.154835    34.3486    27.3326 0.0000e+00
       1651    253.178     3.3485   3.154813    34.3485    27.3325 0.0000e+00
       1652    253.180     3.3484   3.154810    34.3486    27.3326 0.0000e+00
       1653    253.188     3.3484   3.154814    34.3486    27.3326 0.0000e+00
       1654    253.197     3.3484   3.154809    34.3485    27.3326 0.0000e+00
       1655    253.199     3.3484   3.154803    34.3485    27.3325 0.0000e+00
       1656    253.195     3.3484   3.154804    34.3485    27.3325 0.0000e+00
       1657    253.191     3.3484   3.154809    34.3486    27.3326 0.0000e+00
       1658    253.192     3.3484   3.154819    34.3487    27.3327 0.0000e+00
       1659    253.199     3.3484   3.154832    34.3488    27.3328 0.0000e+00
       1660    253.210     3.3486   3.154841    34.3487    27.3327 0.0000e+00
       1661    253.218     3.3487   3.154849    34.3487    27.3327 0.0000e+00
       1662    253.212     3.3487   3.154854    34.3488    27.3327 0.0000e+00
       1663    253.191     3.3487   3.154856    34.3488    27.3328 0.0000e+00
       1664    253.161     3.3489   3.154857    34.3486    27.3326 0.0000e+00
       1665    253.123     3.3489   3.154849    34.3485    27.3325 0.0000e+00
       1666    253.089     3.3488   3.154840    34.3486    27.3326 0.0000e+00
       1667    253.074     3.3487   3.154830    34.3485    27.3326 0.0000e+00
       1668    253.080     3.3487   3.154826    34.3485    27.3325 0.0000e+00
       1669    253.092     3.3486   3.154827    34.3486    27.3326 0.0000e+00
       1670    253.091     3.3485   3.154834    34.3488    27.3328 0.0000e+00
       1671    253.081     3.3486   3.154850    34.3489    27.3329 0.0000e+00
       1672    253.080     3.3488   3.154874    34.3490    27.3329 0.0000e+00
       1673    253.094     3.3491   3.154906    34.3490    27.3329 0.0000e+00
       1674    253.107     3.3495   3.154937    34.3490    27.3328 0.0000e+00
       1675    253.088     3.3498   3.154946    34.3488    27.3326 0.0000e+00
       1676    253.030     3.3499   3.154935    34.3486    27.3325 0.0000e+00
       1677    252.964     3.3499   3.154919    34.3484    27.3323 0.0000e+00
       1678    252.928     3.3499   3.154910    34.3483    27.3323 0.0000e+00
       1679    252.935     3.3498   3.154906    34.3484    27.3323 0.0000e+00
       1680    252.963     3.3497   3.154903    34.3484    27.3324 0.0000e+00
       1681    252.978     3.3496   3.154899    34.3485    27.3324 0.0000e+00
       1682    252.963     3.3495   3.154897    34.3486    27.3325 0.0000e+00
       1683    252.924     3.3495   3.154896    34.3486    27.3325 0.0000e+00
       1684    252.888     3.3495   3.154895    34.3486    27.3325 0.0000e+00
       1685    252.879     3.3495   3.154897    34.3486    27.3325 0.0000e+00
       1686    252.900     3.3495   3.154901    34.3487    27.3326 0.0000e+00
       1687    252.932     3.3495   3.154905    34.3487    27.3326 0.0000e+00
       1688    252.950     3.3495   3.154915    34.3488    27.3327 0.0000e+00
       1689    252.945     3.3497   3.154921    34.3487    27.3326 0.0000e+00
       1690    252.931     3.3498   3.154919    34.3485    27.3325 0.0000e+00
       1691    252.926     3.3499   3.154915    34.3484    27.3323 0.0000e+00
       1692    252.929     3.3499   3.154914    34.3484    27.3323 0.0000e+00
       1693    252.924     3.3499   3.154916    34.3484    27.3323 0.0000e+00
       1694    252.903     3.3499   3.154915    34.3484    27.3323 0.0000e+00
       1695    252.887     3.3499   3.154913    34.3484    27.3323 0.0000e+00
       1696    252.903     3.3499   3.154920    34.3485    27.3324 0.0000e+00
       1697    252.942     3.3502   3.154935    34.3483    27.3322 0.0000e+00
       1698    252.965     3.3504   3.154948    34.3482    27.3322 0.0000e+00
       1699    252.936     3.3506   3.154948    34.3480    27.3320 0.0000e+00
       1700    252.853     3.3506   3.154935    34.3479    27.3319 0.0000e+00
       1701    252.754     3.3506   3.154922    34.3478    27.3318 0.0000e+00
       1702    252.698     3.3506   3.154916    34.3478    27.3318 0.0000e+00
       1703    252.707     3.3506   3.154922    34.3478    27.3318 0.0000e+00
       1704    252.747     3.3506   3.154929    34.3479    27.3319 0.0000e+00
       1705    252.785     3.3505   3.154923    34.3479    27.3319 0.0000e+00
       1706    252.811     3.3503   3.154907    34.3479    27.3319 0.0000e+00
       1707    252.819     3.3500   3.154896    34.3481    27.3321 0.0000e+00
       1708    252.812     3.3499   3.154894    34.3482    27.3322 0.0000e+00
       1709    252.805     3.3498   3.154891    34.3483    27.3322 0.0000e+00
       1710    252.808     3.3498   3.154884    34.3482    27.3322 0.0000e+00
       1711    252.820     3.3497   3.154881    34.3482    27.3322 0.0000e+00
       1712    252.830     3.3495   3.154869    34.3483    27.3323 0.0000e+00
       1713    252.831     3.3493   3.154849    34.3483    27.3323 0.0000e+00
       1714    252.824     3.3491   3.154832    34.3483    27.3323 0.0000e+00
       1715    252.813     3.3490   3.154825    34.3483    27.3324 0.0000e+00
       1716    252.806     3.3489   3.154818    34.3483    27.3324 0.0000e+00
       1717    252.804     3.3488   3.154810    34.3483    27.3324 0.0000e+00
       1718    252.802     3.3487   3.154797    34.3483    27.3324 0.0000e+00
       1719    252.798     3.3486   3.154762    34.3480    27.3321 0.0000e+00
       1720    252.789     3.3483   3.154700    34.3476    27.3318 0.0000e+00
       1721    252.763     3.3476   3.154625    34.3474    27.3318 0.0000e+00
       1722    252.719     3.3468   3.154559    34.3475    27.3319 0.0000e+00
       1723    252.672     3.3463   3.154517    34.3475    27.3320 0.0000e+00
       1724    252.640     3.3458   3.154469    34.3475    27.3320 0.0000e+00
       1725    252.622     3.3450   3.154403    34.3476    27.3321 0.0000e+00
       1726    252.605     3.3441   3.154342    34.3478    27.3324 0.0000e+00
       1727    252.581     3.3433   3.154301    34.3481    27.3328 0.0000e+00
       1728    252.556     3.3427   3.154267    34.3484    27.3330 0.0000e+00
       1729    252.536     3.3423   3.154229    34.3484    27.3330 0.0000e+00
       1730    252.515     3.3420   3.154204    34.3484    27.3331 0.0000e+00
       1731    252.480     3.3419   3.154189    34.3483    27.3330 0.0000e+00
       1732    252.425     3.3419   3.154176    34.3482    27.3329 0.0000e+00
       1733    252.363     3.3419   3.154164    34.3481    27.3329 0.0000e+00
       1734    252.321     3.3418   3.154139    34.3479    27.3327 0.0000e+00
       1735    252.306     3.3415   3.154104    34.3478    27.3327 0.0000e+00
       1736    252.298     3.3411   3.154071    34.3479    27.3327 0.0000e+00
       1737    252.273     3.3408   3.154049    34.3479    27.3328 0.0000e+00
       1738    252.230     3.3407   3.154040    34.3479    27.3328 0.0000e+00
       1739    252.190     3.3407   3.154034    34.3479    27.3328 0.0000e+00
       1740    252.171     3.3407   3.154020    34.3477    27.3327 0.0000e+00
       1741    252.174     3.3406   3.154000    34.3476    27.3326 0.0000e+00
       1742    252.187     3.3404   3.153981    34.3476    27.3326 0.0000e+00
       1743    252.192     3.3401   3.153955    34.3476    27.3326 0.0000e+00
       1744    252.168     3.3398   3.153928    34.3476    27.3326 0.0000e+00
       1745    252.099     3.3396   3.153924    34.3478    27.3328 0.0000e+00
       1746    251.996     3.3395   3.153942    34.3482    27.3331 0.0000e+00
       1747    251.914     3.3396   3.153955    34.3482    27.3332 0.0000e+00
       1748    251.904     3.3396   3.153946    34.3481    27.3331 0.0000e+00
       1749    251.945     3.3397   3.153924    34.3478    27.3328 0.0000e+00
       1750    251.982     3.3400   3.153925    34.3474    27.3325 0.0000e+00
       1751    251.984     3.3405   3.153956    34.3473    27.3323 0.0000e+00
       1752    251.944     3.3411   3.153974    34.3469    27.3320 0.0000e+00
       1753    251.887     3.3415   3.153972    34.3465    27.3316 0.0000e+00
       1754    251.845     3.3415   3.153968    34.3464    27.3316 0.0000e+00
       1755    251.840     3.3415   3.153959    34.3463    27.3315 0.0000e+00
       1756    251.867     3.3413   3.153946    34.3464    27.3315 0.0000e+00
       1757    251.901     3.3410   3.153933    34.3465    27.3317 0.0000e+00
       1758    251.911     3.3408   3.153922    34.3466    27.3318 0.0000e+00
       1759    251.884     3.3408   3.153922    34.3466    27.3318 0.0000e+00
       1760    251.832     3.3410   3.153930    34.3465    27.3317 0.0000e+00
       1761    251.798     3.3411   3.153933    34.3465    27.3316 0.0000e+00
       1762    251.814     3.3411   3.153924    34.3463    27.3315 0.0000e+00
       1763    251.862     3.3411   3.153910    34.3461    27.3314 0.0000e+00
       1764    251.892     3.3409   3.153891    34.3461    27.3314 0.0000e+00
       1765    251.865     3.3404   3.153857    34.3462    27.3315 0.0000e+00
       1766    251.769     3.3400   3.153828    34.3464    27.3317 0.0000e+00
       1767    251.641     3.3399   3.153820    34.3465    27.3317 0.0000e+00
       1768    251.565     3.3400   3.153820    34.3464    27.3317 0.0000e+00
       1769    251.580     3.3400   3.153818    34.3464    27.3316 0.0000e+00
       1770    251.632     3.3401   3.153823    34.3463    27.3316 0.0000e+00
       1771    251.662     3.3405   3.153862    34.3463    27.3316 0.0000e+00
       1772    251.657     3.3413   3.153927    34.3463    27.3314 0.0000e+00
       1773    251.631     3.3419   3.153955    34.3460    27.3312 0.0000e+00
       1774    251.609     3.3422   3.153955    34.3457    27.3309 0.0000e+00
       1775    251.612     3.3423   3.153968    34.3457    27.3309 0.0000e+00
       1776    251.641     3.3426   3.153985    34.3456    27.3308 0.0000e+00
       1777    251.681     3.3429   3.153986    34.3453    27.3305 0.0000e+00
       1778    251.711     3.3429   3.153964    34.3450    27.3303 0.0000e+00
       1779    251.717     3.3426   3.153926    34.3448    27.3302 0.0000e+00
       1780    251.702     3.3422   3.153898    34.3449    27.3303 0.0000e+00
       1781    251.681     3.3419   3.153885    34.3451    27.3305 0.0000e+00
       1782    251.667     3.3419   3.153875    34.3450    27.3304 0.0000e+00
       1783    251.671     3.3419   3.153865    34.3449    27.3303 0.0000e+00
       1784    251.694     3.3417   3.153855    34.3449    27.3304 0.0000e+00
       1785    251.723     3.3415   3.153841    34.3450    27.3304 0.0000e+00
       1786    251.741     3.3414   3.153822    34.3448    27.3303 0.0000e+00
       1787    251.739     3.3410   3.153793    34.3449    27.3304 0.0000e+00
       1788    251.714     3.3406   3.153762    34.3450    27.3305 0.0000e+00
       1789    251.667     3.3403   3.153743    34.3451    27.3306 0.0000e+00
       1790    251.614     3.3403   3.153741    34.3451    27.3306 0.0000e+00
       1791    251.589     3.3403   3.153739    34.3451    27.3306 0.0000e+00
       1792    251.612     3.3402   3.153713    34.3449    27.3304 0.0000e+00
       1793    251.660     3.3398   3.153660    34.3446    27.3303 0.0000e+00
       1794    251.689     3.3392   3.153612    34.3447    27.3304 0.0000e+00
       1795    251.667     3.3388   3.153593    34.3449    27.3306 0.0000e+00
       1796    251.575     3.3384   3.153594    34.3453    27.3310 0.0000e+00
       1797    251.439     3.3382   3.153602    34.3457    27.3313 0.0000e+00
       1798    251.351     3.3381   3.153600    34.3459    27.3314 0.0000e+00
       1799    251.366     3.3381   3.153590    34.3457    27.3313 0.0000e+00
       1800    251.436     3.3381   3.153570    34.3454    27.3311 0.0000e+00
       1801    251.479     3.3377   3.153530    34.3454    27.3311 0.0000e+00
       1802    251.451     3.3373   3.153504    34.3455    27.3312 0.0000e+00
       1803    251.356     3.3370   3.153503    34.3458    27.3315 0.0000e+00
       1804    251.259     3.3369   3.153513    34.3461    27.3318 0.0000e+00
       1805    251.239     3.3369   3.153517    34.3462    27.3318 0.0000e+00
       1806    251.297     3.3371   3.153513    34.3459    27.3316 0.0000e+00
       1807    251.370     3.3371   3.153492    34.3456    27.3313 0.0000e+00
       1808    251.410     3.3369   3.153452    34.3453    27.3311 0.0000e+00
       1809    251.402     3.3366   3.153428    34.3453    27.3312 0.0000e+00
       1810    251.355     3.3365   3.153435    34.3456    27.3313 0.0000e+00
       1811    251.322     3.3365   3.153444    34.3457    27.3314 0.0000e+00
       1812    251.351     3.3365   3.153439    34.3456    27.3314 0.0000e+00
       1813    251.422     3.3365   3.153418    34.3453    27.3312 0.0000e+00
       1814    251.489     3.3363   3.153382    34.3451    27.3310 0.0000e+00
       1815    251.525     3.3361   3.153375    34.3452    27.3311 0.0000e+00
       1816    251.530     3.3363   3.153428    34.3456    27.3314 0.0000e+00
       1817    251.522     3.3368   3.153485    34.3458    27.3315 0.0000e+00
       1818    251.530     3.3374   3.153556    34.3460    27.3316 0.0000e+00
       1819    251.569     3.3384   3.153695    34.3466    27.3320 0.0000e+00
       1820    251.627     3.3401   3.153857    34.3467    27.3319 0.0000e+00
       1821    251.675     3.3417   3.153959    34.3462    27.3314 0.0000e+00
       1822    251.698     3.3427   3.153992    34.3455    27.3307 0.0000e+00
       1823    251.696     3.3430   3.153991    34.3452    27.3304 0.0000e+00
       1824    251.686     3.3430   3.153982    34.3451    27.3304 0.0000e+00
       1825    251.689     3.3430   3.153994    34.3452    27.3305 0.0000e+00
       1826    251.718     3.3432   3.154023    34.3454    27.3306 0.0000e+00
       1827    251.759     3.3432   3.153964    34.3446    27.3300 0.0000e+00
       1828    251.797     3.3420   3.153751    34.3433    27.3290 0.0000e+00
       1829    251.829     3.3398   3.153503    34.3426    27.3287 0.0000e+00
       1830    251.860     3.3376   3.153336    34.3429    27.3291 0.0000e+00
       1831    251.897     3.3360   3.153231    34.3433    27.3296 0.0000e+00
       1832    251.936     3.3350   3.153166    34.3436    27.3299 0.0000e+00
       1833    251.963     3.3344   3.153160    34.3441    27.3304 0.0000e+00
       1834    251.966     3.3344   3.153190    34.3445    27.3307 0.0000e+00
       1835    251.955     3.3347   3.153216    34.3445    27.3307 0.0000e+00
       1836    251.956     3.3349   3.153217    34.3443    27.3305 0.0000e+00
       1837    251.987     3.3349   3.153192    34.3440    27.3302 0.0000e+00
       1838    252.027     3.3346   3.153157    34.3438    27.3302 0.0000e+00
       1839    252.044     3.3342   3.153123    34.3439    27.3302 0.0000e+00
       1840    252.023     3.3339   3.153094    34.3438    27.3302 0.0000e+00
       1841    251.977     3.3338   3.153082    34.3438    27.3302 0.0000e+00
       1842    251.939     3.3338   3.153093    34.3440    27.3303 0.0000e+00
       1843    251.940     3.3339   3.153120    34.3442    27.3305 0.0000e+00
       1844    251.976     3.3343   3.153161    34.3442    27.3305 0.0000e+00
       1845    252.004     3.3350   3.153216    34.3441    27.3304 0.0000e+00
       1846    251.992     3.3356   3.153269    34.3442    27.3303 0.0000e+00
