Datasets/Multi_Species/TEL214/tel214_2020_015.cnv
* Sea-Bird SBE19plus Data File:
* Filename = C:/AQUIRE/tel214_2020_015.hex
* Software Version AquireV2 AF V2.0
* Temperature SN =  7853
* Conductivity SN =  7853
* System UpLoad Time = Nov 10 2020 09:38:07
* <ApplicationData>
* <AQUIREV2>
** VESSEL/TRIP/SEQ STN: tel214_2020_015
** LATITUDE: 54 47.79 N
** LONGITUDE: 53 39.33 W
** DATE/TIME: 2020-11-10 08:27
** SOUNDING DEPTH (M): 0478
** PROBE TYPE: S7853
** CTD NUMBER:  15
** COMMENTS: 
# nquan = 7                                 
# nvalues = 4050                        
# units = specified
# name 0 = scan: Scan Count
# name 1 = prdM: Pressure, Strain Gauge [db]
# name 2 = tv290C: Temperature [ITS-90, deg C]
# name 3 = c0S/m: Conductivity [S/m]
# name 4 = sal00: Salinity, Practical [PSU]
# name 5 = sigma-t00: Density [sigma-t, kg/m^3 ]
# name 6 = flag: flag
# span 0 =          1,       4050       
# span 1 =     -1.193,    479.230       
# span 2 =    -1.3893,     4.0134       
# span 3 =  -0.000091,   3.257628       
# span 4 =    -0.0028,    34.7675       
# span 5 =    -0.2697,    27.6012       
# span 6 = 0.0000e+00, 0.0000e+00       
# interval = seconds: 1
# start_time = Nov 10 2020 08:27:57 [Instrument's time stamp, header]
# bad_flag = -9.990e-29
*END*
[from data line 3283]
       3284     42.792     2.8003   3.063580    33.9346    27.0523 0.0000e+00
       3285     42.089     2.7628   3.060306    33.9345    27.0555 0.0000e+00
       3286     41.452     2.7437   3.060356    33.9557    27.0741 0.0000e+00
       3287     40.807     2.7411   3.061447    33.9722    27.0875 0.0000e+00
       3288     40.172     2.7434   3.061432    33.9700    27.0855 0.0000e+00
       3289     39.568     2.7365   3.060580    33.9672    27.0838 0.0000e+00
       3290     38.960     2.7161   3.058901    33.9685    27.0867 0.0000e+00
       3291     38.349     2.6993   3.056975    33.9630    27.0837 0.0000e+00
       3292     37.780     2.6960   3.055507    33.9488    27.0726 0.0000e+00
       3293     37.280     2.6961   3.054702    33.9391    27.0649 0.0000e+00
       3294     36.836     2.6944   3.055075    33.9457    27.0703 0.0000e+00
       3295     36.395     2.6910   3.055867    33.9593    27.0815 0.0000e+00
       3296     35.912     2.6841   3.055746    33.9654    27.0869 0.0000e+00
       3297     35.416     2.6792   3.055247    33.9647    27.0868 0.0000e+00
       3298     34.966     2.6828   3.055346    33.9624    27.0846 0.0000e+00
       3299     34.571     2.6912   3.055665    33.9576    27.0801 0.0000e+00
       3300     34.198     2.6941   3.055943    33.9581    27.0803 0.0000e+00
       3301     33.810     2.6846   3.055468    33.9626    27.0847 0.0000e+00
       3302     33.407     2.6681   3.054246    33.9653    27.0882 0.0000e+00
       3303     33.014     2.6570   3.054043    33.9748    27.0968 0.0000e+00
       3304     32.642     2.6576   3.054750    33.9831    27.1034 0.0000e+00
       3305     32.287     2.6669   3.054984    33.9763    27.0971 0.0000e+00
       3306     31.930     2.6716   3.054424    33.9646    27.0874 0.0000e+00
       3307     31.540     2.6609   3.052747    33.9555    27.0811 0.0000e+00
       3308     31.103     2.6463   3.050931    33.9489    27.0770 0.0000e+00
       3309     30.624     2.6426   3.050630    33.9494    27.0777 0.0000e+00
       3310     30.126     2.6463   3.050525    33.9445    27.0735 0.0000e+00
       3311     29.643     2.6469   3.049614    33.9329    27.0642 0.0000e+00
       3312     29.190     2.6444   3.049201    33.9307    27.0626 0.0000e+00
       3313     28.775     2.6436   3.049403    33.9343    27.0656 0.0000e+00
       3314     28.403     2.6443   3.049374    33.9334    27.0648 0.0000e+00
       3315     28.071     2.6445   3.049091    33.9299    27.0620 0.0000e+00
       3316     27.765     2.6430   3.049211    33.9331    27.0647 0.0000e+00
       3317     27.465     2.6375   3.049161    33.9385    27.0695 0.0000e+00
       3318     27.154     2.6291   3.048241    33.9363    27.0684 0.0000e+00
       3319     26.813     2.6236   3.047705    33.9357    27.0684 0.0000e+00
       3320     26.419     2.6241   3.047846    33.9371    27.0695 0.0000e+00
       3321     25.984     2.6271   3.047776    33.9333    27.0662 0.0000e+00
       3322     25.536     2.6287   3.047642    33.9302    27.0636 0.0000e+00
       3323     25.096     2.6294   3.047709    33.9306    27.0638 0.0000e+00
       3324     24.678     2.6307   3.047699    33.9293    27.0627 0.0000e+00
       3325     24.299     2.6322   3.047495    33.9254    27.0594 0.0000e+00
       3326     23.970     2.6336   3.047472    33.9238    27.0580 0.0000e+00
       3327     23.688     2.6326   3.047702    33.9279    27.0614 0.0000e+00
       3328     23.430     2.6263   3.047394    33.9309    27.0643 0.0000e+00
       3329     23.176     2.6182   3.046543    33.9292    27.0636 0.0000e+00
       3330     22.912     2.6142   3.046263    33.9301    27.0647 0.0000e+00
       3331     22.628     2.6145   3.046657    33.9348    27.0684 0.0000e+00
       3332     22.317     2.6155   3.046877    33.9366    27.0698 0.0000e+00
       3333     21.986     2.6135   3.046453    33.9337    27.0676 0.0000e+00
       3334     21.653     2.6092   3.045751    33.9298    27.0649 0.0000e+00
       3335     21.330     2.6071   3.045461    33.9286    27.0641 0.0000e+00
       3336     21.020     2.6085   3.045368    33.9262    27.0621 0.0000e+00
       3337     20.717     2.6103   3.045185    33.9222    27.0587 0.0000e+00
       3338     20.404     2.6102   3.045288    33.9237    27.0600 0.0000e+00
       3339     20.076     2.6079   3.045442    33.9283    27.0638 0.0000e+00
       3340     19.751     2.6050   3.045230    33.9289    27.0645 0.0000e+00
       3341     19.447     2.6037   3.045062    33.9284    27.0642 0.0000e+00
       3342     19.159     2.6050   3.045216    33.9291    27.0647 0.0000e+00
       3343     18.874     2.6079   3.045406    33.9285    27.0640 0.0000e+00
       3344     18.587     2.6111   3.045555    33.9271    27.0626 0.0000e+00
       3345     18.312     2.6124   3.045670    33.9273    27.0626 0.0000e+00
       3346     18.058     2.6111   3.045504    33.9267    27.0623 0.0000e+00
       3347     17.806     2.6083   3.045055    33.9243    27.0606 0.0000e+00
       3348     17.512     2.6063   3.044775    33.9232    27.0598 0.0000e+00
       3349     17.156     2.6063   3.044752    33.9231    27.0598 0.0000e+00
       3350     16.756     2.6070   3.044663    33.9215    27.0584 0.0000e+00
       3351     16.330     2.6071   3.044596    33.9208    27.0579 0.0000e+00
       3352     15.890     2.6068   3.044663    33.9222    27.0590 0.0000e+00
       3353     15.451     2.6062   3.044674    33.9232    27.0599 0.0000e+00
       3354     15.010     2.6044   3.044469    33.9228    27.0597 0.0000e+00
       3355     14.577     2.6022   3.044155    33.9215    27.0589 0.0000e+00
       3356     14.182     2.6007   3.043959    33.9209    27.0585 0.0000e+00
       3357     13.841     2.5999   3.043856    33.9207    27.0584 0.0000e+00
       3358     13.553     2.5994   3.043771    33.9203    27.0582 0.0000e+00
       3359     13.305     2.6003   3.043806    33.9199    27.0578 0.0000e+00
       3360     13.070     2.6023   3.044020    33.9206    27.0581 0.0000e+00
       3361     12.818     2.6029   3.044068    33.9207    27.0581 0.0000e+00
       3362     12.526     2.6013   3.043802    33.9193    27.0571 0.0000e+00
       3363     12.185     2.6001   3.043674    33.9192    27.0572 0.0000e+00
       3364     11.806     2.6002   3.043770    33.9204    27.0582 0.0000e+00
       3365     11.424     2.6005   3.043864    33.9215    27.0590 0.0000e+00
       3366     11.076     2.6003   3.043888    33.9222    27.0596 0.0000e+00
       3367     10.781     2.5983   3.043663    33.9217    27.0594 0.0000e+00
       3368     10.548     2.5942   3.043177    33.9202    27.0585 0.0000e+00
       3369     10.386     2.5901   3.042810    33.9201    27.0588 0.0000e+00
       3370     10.226     2.5882   3.042684    33.9207    27.0594 0.0000e+00
       3371      9.942     2.5881   3.042605    33.9200    27.0588 0.0000e+00
       3372      9.500     2.5884   3.042553    33.9193    27.0582 0.0000e+00
       3373      8.955     2.5888   3.042563    33.9193    27.0582 0.0000e+00
       3374      8.347     2.5893   3.042593    33.9194    27.0583 0.0000e+00
       3375      7.705     2.5900   3.042623    33.9194    27.0582 0.0000e+00
       3376      7.054     2.5909   3.042672    33.9194    27.0582 0.0000e+00
       3377      6.423     2.5918   3.042702    33.9192    27.0579 0.0000e+00
       3378      5.857     2.5923   3.042683    33.9188    27.0575 0.0000e+00
       3379      5.382     2.5927   3.042664    33.9184    27.0572 0.0000e+00
       3380      4.979     2.5930   3.042687    33.9186    27.0573 0.0000e+00
       3381      4.608     2.5933   3.042721    33.9189    27.0575 0.0000e+00
       3382      4.231     2.5936   3.042725    33.9188    27.0574 0.0000e+00
       3383      3.819     2.5938   3.042710    33.9187    27.0573 0.0000e+00
       3384      3.337     2.5938   3.042666    33.9184    27.0571 0.0000e+00
       3385      2.753     2.5938   3.042605    33.9180    27.0567 0.0000e+00
       3386      2.118     2.5947   3.042618    33.9175    27.0563 0.0000e+00
       3387      1.554     2.5978   3.042838    33.9173    27.0558 0.0000e+00
       3388      1.125     2.6014   3.043115    33.9171    27.0554 0.0000e+00
       3389      0.808     2.6029   3.043231    33.9171    27.0553 0.0000e+00
       3390      0.526     2.6024   3.043269    33.9183    27.0562 0.0000e+00
       3391      0.229     2.6010   3.043177    33.9188    27.0568 0.0000e+00
       3392     -0.024     2.5993   3.042985    33.9184    27.0566 0.0000e+00
       3393     -0.161     2.5983   3.042896    33.9184    27.0567 0.0000e+00
       3394     -0.228     2.5980   3.042890    33.9187    27.0570 0.0000e+00
       3395     -0.316     2.5980   3.042891    33.9187    27.0570 0.0000e+00
       3396     -0.431     2.5982   3.042897    33.9187    27.0569 0.0000e+00
       3397     -0.546     2.5983   3.042897    33.9186    27.0569 0.0000e+00
       3398     -0.681     2.5980   3.042868    33.9187    27.0569 0.0000e+00
       3399     -0.823     2.5975   3.042811    33.9186    27.0569 0.0000e+00
       3400     -0.912     2.5970   3.042752    33.9184    27.0568 0.0000e+00
       3401     -0.948     2.5966   3.042647    33.9176    27.0562 0.0000e+00
       3402     -0.951     2.5962   3.042455    33.9156    27.0547 0.0000e+00
       3403     -0.940     2.5962   3.041930    33.9092    27.0495 0.0000e+00
       3404     -0.944     2.5968   3.037788    33.8575    27.0081 0.0000e+00
       3405     -0.966     2.5972   3.028391    33.7412    26.9152 0.0000e+00
       3406     -0.983     2.5971   3.006381    33.4703    26.6987 0.0000e+00
       3407     -0.991     2.5969   2.975868    33.0953    26.3989 0.0000e+00
       3408     -1.009     2.5965   2.760811    30.4671    24.2995 0.0000e+00
       3409     -1.041     2.5957   2.148465    23.1407    18.4544 0.0000e+00
       3410     -1.060     2.5952   1.920238    20.4720    16.3271 0.0000e+00
       3411     -1.056     2.5953   2.400306    26.1258    20.8349 0.0000e+00
       3412     -1.038     2.5956   2.421066    26.3734    21.0324 0.0000e+00
       3413     -1.019     2.5959   2.031089    21.7636    17.3565 0.0000e+00
       3414     -1.009     2.5964   2.136407    22.9983    18.3408 0.0000e+00
       3415     -1.009     2.5964   2.144127    23.0892    18.4133 0.0000e+00
       3416     -1.006     2.5955   1.516805    15.8419    12.6370 0.0000e+00
       3417     -0.992     2.5945   1.100892    11.2009     8.9367 0.0000e+00
       3418     -0.979     2.5942   1.186112    12.1400     9.6858 0.0000e+00
       3419     -0.973     2.5941   1.358240    14.0561    11.2135 0.0000e+00
       3420     -0.981     2.5936   1.598345    16.7691    13.3760 0.0000e+00
       3421     -1.009     2.5925   1.904820    20.2946    16.1858 0.0000e+00
       3422     -1.033     2.5912   1.989011    21.2753    16.9675 0.0000e+00
       3423     -1.030     2.5905   1.537893    16.0835    12.8297 0.0000e+00
       3424     -1.016     2.5907   0.993583    10.0295     8.0020 0.0000e+00
       3425     -1.006     2.5907   1.420994    14.7623    11.7766 0.0000e+00
       3426     -0.997     2.5899   2.499729    27.3199    21.7879 0.0000e+00
       3427     -0.993     2.5892   2.991232    33.2922    26.5569 0.0000e+00
       3428     -0.998     2.5907   2.973430    33.0717    26.3806 0.0000e+00
       3429     -1.009     2.5936   2.954176    32.8323    26.1890 0.0000e+00
       3430     -1.009     2.5955   2.981454    33.1654    26.4551 0.0000e+00
       3431     -1.000     2.5957   3.011464    33.5344    26.7500 0.0000e+00
       3432     -0.999     2.5951   3.018832    33.6257    26.8230 0.0000e+00
       3433     -0.998     2.5948   3.024328    33.6937    26.8774 0.0000e+00
       3434     -0.995     2.5949   3.026045    33.7148    26.8942 0.0000e+00
       3435     -0.994     2.5956   3.025917    33.7125    26.8923 0.0000e+00
       3436     -0.996     2.5972   3.025722    33.7084    26.8889 0.0000e+00
       3437     -1.012     2.5995   3.025376    33.7017    26.8834 0.0000e+00
       3438     -1.037     2.6014   2.983101    33.1795    26.4659 0.0000e+00
       3439     -1.057     2.6020   2.532309    27.7007    22.0909 0.0000e+00
       3440     -1.058     2.6014   1.820963    19.3182    15.4072 0.0000e+00
       3441     -1.050     2.6004   1.797528    19.0483    15.1922 0.0000e+00
       3442     -1.065     2.5991   1.990146    21.2833    16.9735 0.0000e+00
       3443     -1.096     2.5982   1.411609    14.6533    11.6895 0.0000e+00
       3444     -1.115     2.5977   0.697767     6.8578     5.4687 0.0000e+00
       3445     -1.119     2.5976   0.429983     4.0872     3.2508 0.0000e+00
       3446     -1.117     2.5977   0.373756     3.5207     2.7964 0.0000e+00
       3447     -1.113     2.5975   0.389825     3.6820     2.9258 0.0000e+00
       3448     -1.110     2.5952   0.346613     3.2497     2.5789 0.0000e+00
       3449     -1.110     2.5906   0.161857     1.4526     1.1337 0.0000e+00
       3450     -1.114     2.5868   0.023366     0.1925     0.1155 0.0000e+00
       3451     -1.118     2.5858   0.000055     0.0003    -0.0406 0.0000e+00
       3452     -1.122     2.5861   0.000081     0.0005    -0.0405 0.0000e+00
       3453     -1.130     2.5861   0.000085     0.0005    -0.0404 0.0000e+00
       3454     -1.135     2.5859   0.000079     0.0005    -0.0405 0.0000e+00
       3455     -1.138     2.5858   0.000078     0.0005    -0.0405 0.0000e+00
       3456     -1.138     2.5860   0.000080     0.0005    -0.0405 0.0000e+00
       3457     -1.136     2.5862   0.000082     0.0005    -0.0404 0.0000e+00
       3458     -1.133     2.5865   0.000085     0.0005    -0.0404 0.0000e+00
       3459     -1.130     2.5865   0.000087     0.0005    -0.0404 0.0000e+00
       3460     -1.130     2.5854   0.000086     0.0005    -0.0404 0.0000e+00
       3461     -1.133     2.5834   0.000082     0.0005    -0.0405 0.0000e+00
       3462     -1.136     2.5810   0.000075     0.0004    -0.0406 0.0000e+00
       3463     -1.137     2.5788   0.000069     0.0004    -0.0407 0.0000e+00
       3464     -1.140     2.5769   0.000068     0.0004    -0.0407 0.0000e+00
       3465     -1.144     2.5759   0.000069     0.0004    -0.0407 0.0000e+00
       3466     -1.146     2.5759   0.000072     0.0004    -0.0407 0.0000e+00
       3467     -1.145     2.5760   0.000076     0.0004    -0.0407 0.0000e+00
       3468     -1.144     2.5757   0.000077     0.0004    -0.0407 0.0000e+00
       3469     -1.144     2.5755   0.000080     0.0005    -0.0407 0.0000e+00
       3470     -1.143     2.5755   0.000082     0.0005    -0.0407 0.0000e+00
       3471     -1.138     2.5759   0.000086     0.0005    -0.0407 0.0000e+00
       3472     -1.134     2.5762   0.000088     0.0005    -0.0407 0.0000e+00
       3473     -1.132     2.5760   0.000091     0.0005    -0.0406 0.0000e+00
       3474     -1.132     2.5740   0.000087     0.0005    -0.0407 0.0000e+00
       3475     -1.133     2.5700   0.000075     0.0004    -0.0409 0.0000e+00
       3476     -1.135     2.5650   0.000062     0.0004    -0.0410 0.0000e+00
       3477     -1.139     2.5610   0.000054     0.0003    -0.0412 0.0000e+00
       3478     -1.142     2.5575   0.000049     0.0003    -0.0413 0.0000e+00
       3479     -1.144     2.5529   0.000041     0.0002    -0.0414 0.0000e+00
       3480     -1.146     2.5465   0.000028     0.0002    -0.0416 0.0000e+00
       3481     -1.145     2.5385   0.000009     0.0001    -0.0418 0.0000e+00
       3482     -1.144     2.5311  -0.000005     0.0000    -0.0421 0.0000e+00
       3483     -1.143     2.5271  -0.000006     0.0000    -0.0422 0.0000e+00
       3484     -1.138     2.5263   0.000006     0.0001    -0.0421 0.0000e+00
       3485     -1.134     2.5263   0.000019     0.0001    -0.0421 0.0000e+00
       3486     -1.132     2.5255   0.000027     0.0002    -0.0421 0.0000e+00
       3487     -1.132     2.5228   0.000028     0.0002    -0.0422 0.0000e+00
