Datasets/Multi_Species/TEL214/tel214_2020_023.cnv
* Sea-Bird SBE19plus Data File:
* Filename = C:/AQUIRE/tel214_2020_023.hex
* Software Version AquireV2 AF V2.0
* Temperature SN =  7853
* Conductivity SN =  7853
* System UpLoad Time = Nov 13 2020 11:48:47
* <ApplicationData>
* <AQUIREV2>
** VESSEL/TRIP/SEQ STN: tel214_2020_023
** LATITUDE: 54 06.73 N
** LONGITUDE: 53 24.60 W
** DATE/TIME: 2020-11-13 10:38
** SOUNDING DEPTH (M): 0252
** PROBE TYPE: S7853
** CTD NUMBER: 023
** COMMENTS: 
# nquan = 7                                 
# nvalues = 4090                        
# units = specified
# name 0 = scan: Scan Count
# name 1 = prdM: Pressure, Strain Gauge [db]
# name 2 = tv290C: Temperature [ITS-90, deg C]
# name 3 = c0S/m: Conductivity [S/m]
# name 4 = sal00: Salinity, Practical [PSU]
# name 5 = sigma-t00: Density [sigma-t, kg/m^3 ]
# name 6 = flag: flag
# span 0 =          1,       4090       
# span 1 =     -1.119,    251.506       
# span 2 =     0.8539,     3.7786       
# span 3 =   0.000022,   3.219407       
# span 4 =    -0.0010,    34.6726       
# span 5 =    -0.1060,    27.5532       
# span 6 = 0.0000e+00, 0.0000e+00       
# interval = seconds: 1
# start_time = Nov 13 2020 10:38:40 [Instrument's time stamp, header]
# bad_flag = -9.990e-29
*END*
[from data line 3077]
       3078    251.259     3.7602   3.217096    34.6613    27.5414 0.0000e+00
       3079    251.121     3.7593   3.217012    34.6614    27.5415 0.0000e+00
       3080    250.963     3.7586   3.216912    34.6610    27.5413 0.0000e+00
       3081    250.790     3.7583   3.216832    34.6604    27.5409 0.0000e+00
       3082    250.602     3.7578   3.216710    34.6596    27.5403 0.0000e+00
       3083    250.398     3.7568   3.216505    34.6583    27.5393 0.0000e+00
       3084    250.179     3.7555   3.216325    34.6577    27.5389 0.0000e+00
       3085    249.948     3.7546   3.216208    34.6574    27.5388 0.0000e+00
       3086    249.706     3.7537   3.216087    34.6570    27.5386 0.0000e+00
       3087    249.453     3.7527   3.215954    34.6566    27.5384 0.0000e+00
       3088    249.193     3.7517   3.215793    34.6559    27.5379 0.0000e+00
       3089    248.926     3.7502   3.215531    34.6545    27.5369 0.0000e+00
       3090    248.654     3.7481   3.215202    34.6529    27.5359 0.0000e+00
       3091    248.375     3.7460   3.214937    34.6521    27.5355 0.0000e+00
       3092    248.086     3.7447   3.214809    34.6522    27.5356 0.0000e+00
       3093    247.793     3.7435   3.214644    34.6516    27.5353 0.0000e+00
       3094    247.501     3.7414   3.214273    34.6496    27.5339 0.0000e+00
       3095    247.210     3.7388   3.213888    34.6479    27.5328 0.0000e+00
       3096    246.913     3.7366   3.213651    34.6475    27.5328 0.0000e+00
       3097    246.608     3.7344   3.213315    34.6460    27.5318 0.0000e+00
       3098    246.301     3.7293   3.212365    34.6402    27.5277 0.0000e+00
       3099    245.996     3.7202   3.210930    34.6329    27.5228 0.0000e+00
       3100    245.687     3.7115   3.209872    34.6296    27.5210 0.0000e+00
       3101    245.369     3.7055   3.209225    34.6284    27.5207 0.0000e+00
       3102    245.049     3.7004   3.208490    34.6252    27.5186 0.0000e+00
       3103    244.733     3.6955   3.207860    34.6230    27.5174 0.0000e+00
       3104    244.419     3.6915   3.207412    34.6221    27.5170 0.0000e+00
       3105    244.102     3.6875   3.206841    34.6196    27.5155 0.0000e+00
       3106    243.787     3.6824   3.206128    34.6167    27.5137 0.0000e+00
       3107    243.475     3.6770   3.205407    34.6140    27.5120 0.0000e+00
       3108    243.165     3.6728   3.204782    34.6111    27.5102 0.0000e+00
       3109    242.855     3.6683   3.203984    34.6065    27.5069 0.0000e+00
       3110    242.545     3.6578   3.202262    34.5971    27.5005 0.0000e+00
       3111    242.243     3.6347   3.198591    34.5778    27.4874 0.0000e+00
       3112    241.954     3.5994   3.193180    34.5505    27.4692 0.0000e+00
       3113    241.668     3.5636   3.188484    34.5322    27.4582 0.0000e+00
       3114    241.380     3.5355   3.185993    34.5323    27.4610 0.0000e+00
       3115    241.092     3.5133   3.184640    34.5397    27.4691 0.0000e+00
       3116    240.809     3.4942   3.181841    34.5265    27.4604 0.0000e+00
       3117    240.541     3.4657   3.175697    34.4829    27.4284 0.0000e+00
       3118    240.289     3.4211   3.168624    34.4452    27.4026 0.0000e+00
       3119    240.042     3.3805   3.164160    34.4345    27.3981 0.0000e+00
       3120    239.793     3.3592   3.162218    34.4338    27.3995 0.0000e+00
       3121    239.546     3.3520   3.162079    34.4399    27.4051 0.0000e+00
       3122    239.309     3.3520   3.162694    34.4475    27.4111 0.0000e+00
       3123    239.085     3.3502   3.161545    34.4356    27.4019 0.0000e+00
       3124    238.870     3.3384   3.159042    34.4180    27.3890 0.0000e+00
       3125    238.657     3.3224   3.157425    34.4156    27.3885 0.0000e+00
       3126    238.438     3.3132   3.156894    34.4191    27.3922 0.0000e+00
       3127    238.215     3.3126   3.157010    34.4212    27.3939 0.0000e+00
       3128    238.003     3.3169   3.157617    34.4241    27.3958 0.0000e+00
       3129    237.809     3.3195   3.157682    34.4222    27.3941 0.0000e+00
       3130    237.624     3.3142   3.156612    34.4150    27.3889 0.0000e+00
       3131    237.437     3.3041   3.155532    34.4128    27.3880 0.0000e+00
       3132    237.242     3.2973   3.155145    34.4154    27.3908 0.0000e+00
       3133    237.041     3.2956   3.155249    34.4186    27.3935 0.0000e+00
       3134    236.838     3.2962   3.155317    34.4189    27.3937 0.0000e+00
       3135    236.635     3.2959   3.154945    34.4148    27.3905 0.0000e+00
       3136    236.437     3.2935   3.154588    34.4132    27.3894 0.0000e+00
       3137    236.245     3.2912   3.154727    34.4174    27.3929 0.0000e+00
       3138    236.049     3.2908   3.154819    34.4191    27.3943 0.0000e+00
       3139    235.846     3.2889   3.154082    34.4123    27.3891 0.0000e+00
       3140    235.639     3.2835   3.153087    34.4061    27.3846 0.0000e+00
       3141    235.430     3.2778   3.152898    34.4100    27.3883 0.0000e+00
       3142    235.215     3.2750   3.153308    34.4180    27.3950 0.0000e+00
       3143    234.997     3.2745   3.153098    34.4161    27.3935 0.0000e+00
       3144    234.783     3.2721   3.151950    34.4049    27.3848 0.0000e+00
       3145    234.569     3.2658   3.150723    34.3969    27.3790 0.0000e+00
       3146    234.347     3.2592   3.150010    34.3954    27.3784 0.0000e+00
       3147    234.123     3.2557   3.149743    34.3960    27.3792 0.0000e+00
       3148    233.904     3.2549   3.149823    34.3979    27.3808 0.0000e+00
       3149    233.687     3.2558   3.150103    34.4005    27.3828 0.0000e+00
       3150    233.473     3.2561   3.149817    34.3968    27.3798 0.0000e+00
       3151    233.265     3.2519   3.148722    34.3881    27.3733 0.0000e+00
       3152    233.057     3.2447   3.147680    34.3833    27.3701 0.0000e+00
       3153    232.842     3.2401   3.147205    34.3825    27.3699 0.0000e+00
       3154    232.623     3.2394   3.147162    34.3828    27.3703 0.0000e+00
       3155    232.405     3.2384   3.147061    34.3828    27.3703 0.0000e+00
       3156    232.188     3.2309   3.145560    34.3727    27.3630 0.0000e+00
       3157    231.969     3.2138   3.142620    34.3554    27.3507 0.0000e+00
       3158    231.746     3.1938   3.140052    34.3456    27.3448 0.0000e+00
       3159    231.518     3.1785   3.138459    34.3426    27.3439 0.0000e+00
       3160    231.286     3.1688   3.137502    34.3415    27.3438 0.0000e+00
       3161    231.050     3.1635   3.137142    34.3428    27.3454 0.0000e+00
       3162    230.816     3.1624   3.137319    34.3463    27.3483 0.0000e+00
       3163    230.587     3.1616   3.137246    34.3464    27.3484 0.0000e+00
       3164    230.358     3.1574   3.136366    34.3403    27.3440 0.0000e+00
       3165    230.122     3.1509   3.135454    34.3363    27.3414 0.0000e+00
       3166    229.874     3.1460   3.134950    34.3355    27.3412 0.0000e+00
       3167    229.618     3.1434   3.134635    34.3346    27.3407 0.0000e+00
       3168    229.359     3.1423   3.134433    34.3334    27.3399 0.0000e+00
       3169    229.103     3.1412   3.134254    34.3325    27.3393 0.0000e+00
       3170    228.850     3.1391   3.134047    34.3324    27.3394 0.0000e+00
       3171    228.594     3.1372   3.133935    34.3332    27.3402 0.0000e+00
       3172    228.327     3.1368   3.134069    34.3354    27.3420 0.0000e+00
       3173    228.051     3.1376   3.134372    34.3384    27.3443 0.0000e+00
       3174    227.774     3.1370   3.134245    34.3376    27.3437 0.0000e+00
       3175    227.498     3.1338   3.133563    34.3329    27.3403 0.0000e+00
       3176    227.217     3.1300   3.133139    34.3319    27.3398 0.0000e+00
       3177    226.923     3.1288   3.133292    34.3352    27.3426 0.0000e+00
       3178    226.618     3.1299   3.133647    34.3385    27.3451 0.0000e+00
       3179    226.312     3.1312   3.133673    34.3376    27.3443 0.0000e+00
       3180    226.011     3.1303   3.133173    34.3327    27.3404 0.0000e+00
       3181    225.712     3.1270   3.132610    34.3295    27.3382 0.0000e+00
       3182    225.403     3.1244   3.132472    34.3308    27.3394 0.0000e+00
       3183    225.080     3.1233   3.132698    34.3349    27.3428 0.0000e+00
       3184    224.751     3.1220   3.132849    34.3383    27.3456 0.0000e+00
       3185    224.422     3.1205   3.132711    34.3384    27.3459 0.0000e+00
       3186    224.093     3.1197   3.132321    34.3347    27.3430 0.0000e+00
       3187    223.764     3.1192   3.131812    34.3292    27.3387 0.0000e+00
       3188    223.434     3.1178   3.131463    34.3266    27.3367 0.0000e+00
       3189    223.096     3.1168   3.131384    34.3269    27.3371 0.0000e+00
       3190    222.749     3.1163   3.131493    34.3289    27.3387 0.0000e+00
       3191    222.398     3.1147   3.131506    34.3310    27.3405 0.0000e+00
       3192    222.042     3.1119   3.131245    34.3310    27.3408 0.0000e+00
       3193    221.686     3.1100   3.130822    34.3281    27.3386 0.0000e+00
       3194    221.332     3.1081   3.130322    34.3242    27.3357 0.0000e+00
       3195    220.971     3.1056   3.130003    34.3232    27.3351 0.0000e+00
       3196    220.595     3.1035   3.130040    34.3261    27.3376 0.0000e+00
       3197    220.207     3.1019   3.130108    34.3288    27.3399 0.0000e+00
       3198    219.818     3.1003   3.129878    34.3279    27.3394 0.0000e+00
       3199    219.436     3.0990   3.129456    34.3244    27.3367 0.0000e+00
       3200    219.054     3.0974   3.129057    34.3214    27.3345 0.0000e+00
       3201    218.665     3.0960   3.128924    34.3215    27.3347 0.0000e+00
       3202    218.267     3.0958   3.129083    34.3239    27.3366 0.0000e+00
       3203    217.858     3.0967   3.129199    34.3246    27.3371 0.0000e+00
       3204    217.442     3.0979   3.129157    34.3230    27.3357 0.0000e+00
       3205    217.025     3.0988   3.129041    34.3209    27.3339 0.0000e+00
       3206    216.610     3.0991   3.128919    34.3193    27.3326 0.0000e+00
       3207    216.195     3.0991   3.128894    34.3192    27.3326 0.0000e+00
       3208    215.779     3.0994   3.128960    34.3199    27.3331 0.0000e+00
       3209    215.356     3.1000   3.129045    34.3206    27.3336 0.0000e+00
       3210    214.923     3.1006   3.129122    34.3211    27.3339 0.0000e+00
       3211    214.486     3.1013   3.129157    34.3210    27.3338 0.0000e+00
       3212    214.044     3.1016   3.129078    34.3200    27.3329 0.0000e+00
       3213    213.600     3.1014   3.128898    34.3183    27.3316 0.0000e+00
       3214    213.163     3.1010   3.128758    34.3172    27.3308 0.0000e+00
       3215    212.737     3.1005   3.128683    34.3171    27.3307 0.0000e+00
       3216    212.317     3.1001   3.128621    34.3170    27.3307 0.0000e+00
       3217    211.890     3.0995   3.128595    34.3175    27.3312 0.0000e+00
       3218    211.450     3.0990   3.128600    34.3184    27.3319 0.0000e+00
       3219    211.002     3.0989   3.128567    34.3183    27.3319 0.0000e+00
       3220    210.558     3.0989   3.128475    34.3174    27.3312 0.0000e+00
       3221    210.125     3.0986   3.128335    34.3163    27.3303 0.0000e+00
       3222    209.697     3.0980   3.128222    34.3158    27.3299 0.0000e+00
       3223    209.262     3.0976   3.128184    34.3160    27.3301 0.0000e+00
       3224    208.811     3.0977   3.128206    34.3164    27.3304 0.0000e+00
       3225    208.344     3.0980   3.128218    34.3165    27.3305 0.0000e+00
       3226    207.872     3.0980   3.128142    34.3158    27.3299 0.0000e+00
       3227    207.406     3.0973   3.128013    34.3153    27.3296 0.0000e+00
       3228    206.943     3.0964   3.127919    34.3153    27.3297 0.0000e+00
       3229    206.470     3.0960   3.127876    34.3155    27.3299 0.0000e+00
       3230    205.976     3.0957   3.127871    34.3160    27.3303 0.0000e+00
       3231    205.470     3.0957   3.127879    34.3164    27.3306 0.0000e+00
       3232    204.965     3.0957   3.127824    34.3160    27.3303 0.0000e+00
       3233    204.464     3.0954   3.127709    34.3152    27.3297 0.0000e+00
       3234    203.965     3.0949   3.127609    34.3148    27.3294 0.0000e+00
       3235    203.461     3.0943   3.127545    34.3149    27.3296 0.0000e+00
       3236    202.943     3.0941   3.127527    34.3152    27.3298 0.0000e+00
       3237    202.411     3.0938   3.127527    34.3158    27.3303 0.0000e+00
       3238    201.871     3.0936   3.127443    34.3153    27.3299 0.0000e+00
       3239    201.328     3.0930   3.127274    34.3142    27.3291 0.0000e+00
       3240    200.781     3.0923   3.127131    34.3135    27.3286 0.0000e+00
       3241    200.230     3.0915   3.127028    34.3134    27.3286 0.0000e+00
       3242    199.675     3.0910   3.126954    34.3133    27.3286 0.0000e+00
       3243    199.108     3.0907   3.126932    34.3137    27.3289 0.0000e+00
       3244    198.527     3.0905   3.126890    34.3137    27.3289 0.0000e+00
       3245    197.938     3.0898   3.126718    34.3127    27.3282 0.0000e+00
       3246    197.348     3.0887   3.126489    34.3114    27.3273 0.0000e+00
       3247    196.755     3.0877   3.126329    34.3108    27.3269 0.0000e+00
       3248    196.153     3.0869   3.126228    34.3108    27.3269 0.0000e+00
       3249    195.545     3.0861   3.126114    34.3106    27.3269 0.0000e+00
       3250    194.933     3.0855   3.125993    34.3101    27.3265 0.0000e+00
       3251    194.311     3.0851   3.125919    34.3100    27.3264 0.0000e+00
       3252    193.671     3.0849   3.125843    34.3096    27.3262 0.0000e+00
       3253    193.016     3.0845   3.125723    34.3089    27.3257 0.0000e+00
       3254    192.359     3.0839   3.125600    34.3084    27.3253 0.0000e+00
       3255    191.710     3.0831   3.125486    34.3082    27.3253 0.0000e+00
       3256    191.070     3.0825   3.125385    34.3080    27.3251 0.0000e+00
       3257    190.424     3.0821   3.125305    34.3078    27.3250 0.0000e+00
       3258    189.765     3.0819   3.125227    34.3074    27.3247 0.0000e+00
       3259    189.090     3.0813   3.125091    34.3068    27.3243 0.0000e+00
       3260    188.403     3.0803   3.124879    34.3057    27.3235 0.0000e+00
       3261    187.715     3.0789   3.124660    34.3049    27.3229 0.0000e+00
       3262    187.036     3.0775   3.124408    34.3036    27.3221 0.0000e+00
       3263    186.360     3.0758   3.124124    34.3024    27.3213 0.0000e+00
       3264    185.672     3.0743   3.123938    34.3021    27.3212 0.0000e+00
       3265    184.972     3.0730   3.123737    34.3014    27.3207 0.0000e+00
       3266    184.272     3.0709   3.123359    34.2994    27.3193 0.0000e+00
       3267    183.580     3.0682   3.122982    34.2981    27.3185 0.0000e+00
       3268    182.887     3.0663   3.122763    34.2978    27.3185 0.0000e+00
       3269    182.176     3.0651   3.122644    34.2980    27.3188 0.0000e+00
       3270    181.450     3.0632   3.122316    34.2965    27.3177 0.0000e+00
       3271    180.738     3.0584   3.121543    34.2926    27.3150 0.0000e+00
       3272    180.052     3.0508   3.120529    34.2887    27.3126 0.0000e+00
       3273    179.373     3.0433   3.119650    34.2863    27.3114 0.0000e+00
       3274    178.675     3.0387   3.119199    34.2861    27.3117 0.0000e+00
       3275    177.947     3.0370   3.119103    34.2871    27.3126 0.0000e+00
       3276    177.206     3.0366   3.119146    34.2885    27.3138 0.0000e+00
       3277    176.484     3.0364   3.119186    34.2896    27.3147 0.0000e+00
       3278    175.789     3.0358   3.119087    34.2894    27.3146 0.0000e+00
       3279    175.098     3.0345   3.118857    34.2884    27.3139 0.0000e+00
       3280    174.386     3.0330   3.118628    34.2876    27.3133 0.0000e+00
       3281    173.647     3.0313   3.118399    34.2870    27.3130 0.0000e+00
       3282    172.899     3.0289   3.117978    34.2848    27.3115 0.0000e+00
