Datasets/Multi_Species/TEL214/tel214_2020_012.cnv
* Sea-Bird SBE19plus Data File:
* Filename = C:/AQUIRE/tel214_2020_012.hex
* Software Version AquireV2 AF V2.0
* Temperature SN =  7853
* Conductivity SN =  7853
* System UpLoad Time = Nov 10 2020 00:00:59
* <ApplicationData>
* <AQUIREV2>
** VESSEL/TRIP/SEQ STN: tel214_2020_012
** LATITUDE: 55 03.37 N
** LONGITUDE: 54 19.09 W
** DATE/TIME: 2020-11-09 22:17
** SOUNDING DEPTH (M): 0560
** PROBE TYPE: S7853
** CTD NUMBER: 012
** COMMENTS: 
# nquan = 7                                 
# nvalues = 5899                        
# units = specified
# name 0 = scan: Scan Count
# name 1 = prdM: Pressure, Strain Gauge [db]
# name 2 = tv290C: Temperature [ITS-90, deg C]
# name 3 = c0S/m: Conductivity [S/m]
# name 4 = sal00: Salinity, Practical [PSU]
# name 5 = sigma-t00: Density [sigma-t, kg/m^3 ]
# name 6 = flag: flag
# span 0 =          1,       5899       
# span 1 =     -1.113,    577.231       
# span 2 =    -1.4720,     4.0456       
# span 3 =   0.000045,   3.263091       
# span 4 =    -0.0027,    34.8060       
# span 5 =    -0.2775,    27.6345       
# span 6 = 0.0000e+00, 0.0000e+00       
# interval = seconds: 1
# start_time = Nov 09 2020 22:17:04 [Instrument's time stamp, header]
# bad_flag = -9.990e-29
*END*
[from data line 1026]
       1027     -1.107    -1.4179   0.000128    -0.0023    -0.2723 0.0000e+00
       1028     -1.109    -1.4178   0.000127    -0.0023    -0.2723 0.0000e+00
       1029     -1.109    -1.4179   0.000128    -0.0023    -0.2723 0.0000e+00
       1030     -1.109    -1.4178   0.000128    -0.0023    -0.2723 0.0000e+00
       1031     -1.106    -1.4177   0.000127    -0.0023    -0.2723 0.0000e+00
       1032     -1.102    -1.4177   0.000127    -0.0023    -0.2723 0.0000e+00
       1033     -1.098    -1.4178   0.000126    -0.0023    -0.2723 0.0000e+00
       1034     -1.096    -1.4178   0.000124    -0.0023    -0.2723 0.0000e+00
       1035     -1.099    -1.4179   0.000125    -0.0023    -0.2723 0.0000e+00
       1036     -1.103    -1.4179   0.000126    -0.0023    -0.2723 0.0000e+00
       1037     -1.102    -1.4180   0.000125    -0.0023    -0.2724 0.0000e+00
       1038     -1.096    -1.4187   0.000123    -0.0023    -0.2724 0.0000e+00
       1039     -1.093    -1.4200   0.000119    -0.0024    -0.2725 0.0000e+00
       1040     -1.094    -1.4212   0.000115    -0.0024    -0.2727 0.0000e+00
       1041     -1.095    -1.4217   0.000113    -0.0024    -0.2727 0.0000e+00
       1042     -1.100    -1.4214   0.000116    -0.0024    -0.2727 0.0000e+00
       1043     -1.105    -1.4208   0.000121    -0.0024    -0.2726 0.0000e+00
       1044     -1.108    -1.4201   0.000124    -0.0023    -0.2726 0.0000e+00
       1045     -1.107    -1.4196   0.000126    -0.0023    -0.2725 0.0000e+00
       1046     -1.105    -1.4192   0.000126    -0.0023    -0.2725 0.0000e+00
       1047     -1.104    -1.4188   0.000127    -0.0023    -0.2724 0.0000e+00
       1048     -1.101    -1.4188   0.000127    -0.0023    -0.2724 0.0000e+00
       1049     -1.097    -1.4190   0.000127    -0.0023    -0.2724 0.0000e+00
       1050     -1.095    -1.4189   0.000127    -0.0023    -0.2724 0.0000e+00
       1051     -1.094    -1.4185   0.000129    -0.0023    -0.2724 0.0000e+00
       1052     -1.095    -1.4181   0.000129    -0.0023    -0.2724 0.0000e+00
       1053     -1.096    -1.4179   0.000129    -0.0023    -0.2723 0.0000e+00
       1054     -1.096    -1.4178   0.000129    -0.0023    -0.2723 0.0000e+00
       1055     -1.096    -1.4187   0.000125    -0.0023    -0.2724 0.0000e+00
       1056     -1.099    -1.4205   0.000119    -0.0024    -0.2726 0.0000e+00
       1057     -1.102    -1.4222   0.000114    -0.0024    -0.2728 0.0000e+00
       1058     -1.101    -1.4228   0.000114    -0.0024    -0.2728 0.0000e+00
       1059     -1.099    -1.4225   0.000116    -0.0024    -0.2728 0.0000e+00
       1060     -1.099    -1.4217   0.000120    -0.0024    -0.2727 0.0000e+00
       1061     -1.100    -1.4213   0.000121    -0.0024    -0.2727 0.0000e+00
       1062     -1.102    -1.4213   0.000120    -0.0024    -0.2727 0.0000e+00
       1063     -1.105    -1.4223   0.000118    -0.0024    -0.2728 0.0000e+00
       1064     -1.105    -1.4240   0.000114    -0.0024    -0.2729 0.0000e+00
       1065     -1.102    -1.4250   0.000112    -0.0024    -0.2730 0.0000e+00
       1066     -1.100    -1.4249   0.000114    -0.0024    -0.2730 0.0000e+00
       1067     -1.099    -1.4242   0.000117    -0.0024    -0.2729 0.0000e+00
       1068     -1.099    -1.4234   0.000119    -0.0024    -0.2729 0.0000e+00
       1069     -1.100    -1.4227   0.000121    -0.0024    -0.2728 0.0000e+00
       1070     -1.103    -1.4220   0.000124    -0.0023    -0.2727 0.0000e+00
       1071     -1.107    -1.4215   0.000127    -0.0023    -0.2727 0.0000e+00
       1072     -1.109    -1.4211   0.000129    -0.0023    -0.2726 0.0000e+00
       1073     -1.110    -1.4208   0.000129    -0.0023    -0.2726 0.0000e+00
       1074     -1.110    -1.4206   0.000129    -0.0023    -0.2726 0.0000e+00
       1075     -1.109    -1.4204   0.000130    -0.0023    -0.2726 0.0000e+00
       1076     -1.106    -1.4202   0.000130    -0.0023    -0.2726 0.0000e+00
       1077     -1.101    -1.4204   0.000128    -0.0023    -0.2726 0.0000e+00
       1078     -1.097    -1.4213   0.000125    -0.0023    -0.2727 0.0000e+00
       1079     -1.094    -1.4232   0.000118    -0.0024    -0.2728 0.0000e+00
       1080     -1.095    -1.4249   0.000112    -0.0024    -0.2730 0.0000e+00
       1081     -1.100    -1.4253   0.000113    -0.0024    -0.2730 0.0000e+00
       1082     -1.106    -1.4249   0.000118    -0.0024    -0.2730 0.0000e+00
       1083     -1.109    -1.4243   0.000121    -0.0024    -0.2729 0.0000e+00
       1084     -1.110    -1.4239   0.000122    -0.0024    -0.2729 0.0000e+00
       1085     -1.111    -1.4237   0.000123    -0.0023    -0.2729 0.0000e+00
       1086     -1.110    -1.4234   0.000124    -0.0023    -0.2729 0.0000e+00
       1087     -1.106    -1.4233   0.000124    -0.0023    -0.2729 0.0000e+00
       1088     -1.103    -1.4238   0.000123    -0.0023    -0.2729 0.0000e+00
       1089     -1.103    -1.4245   0.000121    -0.0024    -0.2730 0.0000e+00
       1090     -1.102    -1.4245   0.000121    -0.0024    -0.2730 0.0000e+00
       1091     -1.101    -1.4238   0.000124    -0.0023    -0.2729 0.0000e+00
       1092     -1.101    -1.4234   0.000126    -0.0023    -0.2729 0.0000e+00
       1093     -1.103    -1.4236   0.000125    -0.0023    -0.2729 0.0000e+00
       1094     -1.106    -1.4238   0.000123    -0.0023    -0.2729 0.0000e+00
       1095     -1.107    -1.4238   0.000123    -0.0023    -0.2729 0.0000e+00
       1096     -1.107    -1.4238   0.000124    -0.0023    -0.2729 0.0000e+00
       1097     -1.110    -1.4240   0.000124    -0.0023    -0.2729 0.0000e+00
       1098     -1.112    -1.4239   0.000124    -0.0023    -0.2729 0.0000e+00
       1099     -1.109    -1.4236   0.000125    -0.0023    -0.2729 0.0000e+00
       1100     -1.104    -1.4232   0.000127    -0.0023    -0.2728 0.0000e+00
       1101     -1.101    -1.4228   0.000128    -0.0023    -0.2728 0.0000e+00
       1102     -1.100    -1.4226   0.000128    -0.0023    -0.2728 0.0000e+00
       1103     -1.102    -1.4223   0.000129    -0.0023    -0.2728 0.0000e+00
       1104     -1.103    -1.4221   0.000129    -0.0023    -0.2727 0.0000e+00
       1105     -1.101    -1.4219   0.000129    -0.0023    -0.2727 0.0000e+00
       1106     -1.099    -1.4221   0.000128    -0.0023    -0.2727 0.0000e+00
       1107     -1.097    -1.4226   0.000127    -0.0023    -0.2728 0.0000e+00
       1108     -1.096    -1.4236   0.000124    -0.0023    -0.2729 0.0000e+00
       1109     -1.097    -1.4246   0.000121    -0.0024    -0.2730 0.0000e+00
       1110     -1.099    -1.4251   0.000120    -0.0024    -0.2730 0.0000e+00
       1111     -1.102    -1.4253   0.000119    -0.0024    -0.2730 0.0000e+00
       1112     -1.106    -1.4253   0.000119    -0.0024    -0.2730 0.0000e+00
       1113     -1.108    -1.4255   0.000120    -0.0024    -0.2731 0.0000e+00
       1114     -1.108    -1.4259   0.000120    -0.0024    -0.2731 0.0000e+00
       1115     -1.104    -1.4260   0.000120    -0.0024    -0.2731 0.0000e+00
       1116     -1.099    -1.4256   0.000121    -0.0024    -0.2731 0.0000e+00
       1117     -1.098    -1.4251   0.000123    -0.0023    -0.2730 0.0000e+00
       1118     -1.099    -1.4247   0.000125    -0.0023    -0.2730 0.0000e+00
       1119     -1.099    -1.4243   0.000126    -0.0023    -0.2729 0.0000e+00
       1120     -1.099    -1.4238   0.000129    -0.0023    -0.2729 0.0000e+00
       1121     -1.100    -1.4235   0.000129    -0.0023    -0.2729 0.0000e+00
       1122     -1.102    -1.4233   0.000130    -0.0023    -0.2729 0.0000e+00
       1123     -1.104    -1.4230   0.000129    -0.0023    -0.2728 0.0000e+00
       1124     -1.105    -1.4227   0.000130    -0.0023    -0.2728 0.0000e+00
       1125     -1.106    -1.4227   0.000129    -0.0023    -0.2728 0.0000e+00
       1126     -1.106    -1.4230   0.000128    -0.0023    -0.2728 0.0000e+00
       1127     -1.103    -1.4238   0.000125    -0.0023    -0.2729 0.0000e+00
       1128     -1.103    -1.4243   0.000123    -0.0023    -0.2729 0.0000e+00
       1129     -1.104    -1.4242   0.000123    -0.0023    -0.2729 0.0000e+00
       1130     -1.104    -1.4238   0.000123    -0.0023    -0.2729 0.0000e+00
       1131     -1.104    -1.4243   0.000122    -0.0024    -0.2729 0.0000e+00
       1132     -1.104    -1.4264   0.000117    -0.0024    -0.2731 0.0000e+00
       1133     -1.106    -1.4295   0.000108    -0.0025    -0.2734 0.0000e+00
       1134     -1.110    -1.4319   0.000102    -0.0025    -0.2737 0.0000e+00
       1135     -1.110    -1.4333   0.000100    -0.0025    -0.2738 0.0000e+00
       1136     -1.108    -1.4335   0.000102    -0.0025    -0.2738 0.0000e+00
       1137     -1.106    -1.4329   0.000107    -0.0025    -0.2738 0.0000e+00
       1138     -1.105    -1.4321   0.000112    -0.0024    -0.2737 0.0000e+00
       1139     -1.105    -1.4312   0.000116    -0.0024    -0.2736 0.0000e+00
       1140     -1.104    -1.4306   0.000119    -0.0024    -0.2735 0.0000e+00
       1141     -1.102    -1.4300   0.000123    -0.0024    -0.2735 0.0000e+00
       1142     -1.101    -1.4296   0.000124    -0.0023    -0.2734 0.0000e+00
       1143     -1.102    -1.4293   0.000126    -0.0023    -0.2734 0.0000e+00
       1144     -1.104    -1.4288   0.000126    -0.0023    -0.2734 0.0000e+00
       1145     -1.105    -1.4282   0.000128    -0.0023    -0.2733 0.0000e+00
       1146     -1.107    -1.4278   0.000129    -0.0023    -0.2733 0.0000e+00
       1147     -1.109    -1.4276   0.000128    -0.0023    -0.2733 0.0000e+00
       1148     -1.111    -1.4276   0.000127    -0.0023    -0.2733 0.0000e+00
       1149     -1.112    -1.4276   0.000127    -0.0023    -0.2733 0.0000e+00
       1150     -1.109    -1.4274   0.000128    -0.0023    -0.2732 0.0000e+00
       1151     -1.106    -1.4270   0.000127    -0.0023    -0.2732 0.0000e+00
       1152     -1.104    -1.4267   0.000127    -0.0023    -0.2732 0.0000e+00
       1153     -1.102    -1.4264   0.000127    -0.0023    -0.2731 0.0000e+00
       1154     -1.099    -1.4261   0.000129    -0.0023    -0.2731 0.0000e+00
       1155     -1.099    -1.4259   0.000129    -0.0023    -0.2731 0.0000e+00
       1156     -1.104    -1.4259   0.000128    -0.0023    -0.2731 0.0000e+00
       1157     -1.108    -1.4257   0.000127    -0.0023    -0.2731 0.0000e+00
       1158     -1.109    -1.4256   0.000127    -0.0023    -0.2731 0.0000e+00
       1159     -1.109    -1.4253   0.000127    -0.0023    -0.2730 0.0000e+00
       1160     -1.107    -1.4250   0.000129    -0.0023    -0.2730 0.0000e+00
       1161     -1.105    -1.4251   0.000128    -0.0023    -0.2730 0.0000e+00
       1162     -1.105    -1.4259   0.000124    -0.0023    -0.2731 0.0000e+00
       1163     -1.104    -1.4275   0.000119    -0.0024    -0.2733 0.0000e+00
       1164     -1.102    -1.4291   0.000114    -0.0024    -0.2734 0.0000e+00
       1165     -1.099    -1.4297   0.000113    -0.0024    -0.2735 0.0000e+00
       1166     -1.099    -1.4293   0.000116    -0.0024    -0.2734 0.0000e+00
       1167     -1.102    -1.4286   0.000119    -0.0024    -0.2734 0.0000e+00
       1168     -1.105    -1.4281   0.000121    -0.0024    -0.2733 0.0000e+00
       1169     -1.105    -1.4278   0.000122    -0.0024    -0.2733 0.0000e+00
       1170     -1.103    -1.4276   0.000123    -0.0024    -0.2733 0.0000e+00
       1171     -1.103    -1.4272   0.000124    -0.0023    -0.2732 0.0000e+00
       1172     -1.104    -1.4267   0.000126    -0.0023    -0.2732 0.0000e+00
       1173     -1.105    -1.4264   0.000126    -0.0023    -0.2731 0.0000e+00
       1174     -1.106    -1.4264   0.000127    -0.0023    -0.2731 0.0000e+00
       1175     -1.105    -1.4264   0.000127    -0.0023    -0.2731 0.0000e+00
       1176     -1.102    -1.4261   0.000126    -0.0023    -0.2731 0.0000e+00
       1177     -1.100    -1.4259   0.000128    -0.0023    -0.2731 0.0000e+00
       1178     -1.100    -1.4261   0.000128    -0.0023    -0.2731 0.0000e+00
       1179     -1.100    -1.4266   0.000125    -0.0023    -0.2732 0.0000e+00
       1180     -1.103    -1.4272   0.000122    -0.0024    -0.2732 0.0000e+00
       1181     -1.106    -1.4275   0.000121    -0.0024    -0.2733 0.0000e+00
       1182     -1.106    -1.4274   0.000121    -0.0024    -0.2732 0.0000e+00
       1183     -1.104    -1.4270   0.000123    -0.0024    -0.2732 0.0000e+00
       1184     -1.104    -1.4266   0.000125    -0.0023    -0.2732 0.0000e+00
       1185     -1.107    -1.4263   0.000127    -0.0023    -0.2731 0.0000e+00
       1186     -1.109    -1.4259   0.000127    -0.0023    -0.2731 0.0000e+00
       1187     -1.109    -1.4257   0.000126    -0.0023    -0.2731 0.0000e+00
       1188     -1.109    -1.4258   0.000125    -0.0023    -0.2731 0.0000e+00
       1189     -1.106    -1.4264   0.000123    -0.0023    -0.2731 0.0000e+00
       1190     -1.102    -1.4274   0.000120    -0.0024    -0.2732 0.0000e+00
       1191     -1.100    -1.4280   0.000117    -0.0024    -0.2733 0.0000e+00
       1192     -1.099    -1.4282   0.000116    -0.0024    -0.2733 0.0000e+00
       1193     -1.099    -1.4280   0.000119    -0.0024    -0.2733 0.0000e+00
       1194     -1.100    -1.4277   0.000121    -0.0024    -0.2733 0.0000e+00
       1195     -1.103    -1.4277   0.000121    -0.0024    -0.2733 0.0000e+00
       1196     -1.106    -1.4281   0.000120    -0.0024    -0.2733 0.0000e+00
       1197     -1.108    -1.4284   0.000120    -0.0024    -0.2733 0.0000e+00
       1198     -1.107    -1.4280   0.000122    -0.0024    -0.2733 0.0000e+00
       1199     -1.106    -1.4276   0.000123    -0.0024    -0.2733 0.0000e+00
       1200     -1.107    -1.4272   0.000125    -0.0023    -0.2732 0.0000e+00
       1201     -1.108    -1.4269   0.000126    -0.0023    -0.2732 0.0000e+00
       1202     -1.107    -1.4265   0.000126    -0.0023    -0.2732 0.0000e+00
       1203     -1.105    -1.4261   0.000128    -0.0023    -0.2731 0.0000e+00
       1204     -1.105    -1.4261   0.000128    -0.0023    -0.2731 0.0000e+00
       1205     -1.105    -1.4263   0.000126    -0.0023    -0.2731 0.0000e+00
       1206     -1.104    -1.4266   0.000124    -0.0023    -0.2732 0.0000e+00
       1207     -1.102    -1.4268   0.000123    -0.0024    -0.2732 0.0000e+00
       1208     -1.100    -1.4267   0.000124    -0.0023    -0.2732 0.0000e+00
       1209     -1.098    -1.4264   0.000126    -0.0023    -0.2731 0.0000e+00
       1210     -1.099    -1.4261   0.000127    -0.0023    -0.2731 0.0000e+00
       1211     -1.103    -1.4261   0.000127    -0.0023    -0.2731 0.0000e+00
       1212     -1.105    -1.4261   0.000127    -0.0023    -0.2731 0.0000e+00
       1213     -1.105    -1.4263   0.000125    -0.0023    -0.2731 0.0000e+00
       1214     -1.104    -1.4266   0.000123    -0.0024    -0.2732 0.0000e+00
       1215     -1.102    -1.4268   0.000123    -0.0024    -0.2732 0.0000e+00
       1216     -1.100    -1.4270   0.000124    -0.0023    -0.2732 0.0000e+00
       1217     -1.098    -1.4279   0.000121    -0.0024    -0.2733 0.0000e+00
       1218     -1.096    -1.4300   0.000113    -0.0024    -0.2735 0.0000e+00
       1219     -1.095    -1.4324   0.000106    -0.0025    -0.2737 0.0000e+00
       1220     -1.096    -1.4333   0.000105    -0.0025    -0.2738 0.0000e+00
       1221     -1.098    -1.4329   0.000108    -0.0025    -0.2738 0.0000e+00
       1222     -1.099    -1.4323   0.000112    -0.0024    -0.2737 0.0000e+00
       1223     -1.100    -1.4319   0.000116    -0.0024    -0.2737 0.0000e+00
       1224     -1.103    -1.4319   0.000117    -0.0024    -0.2737 0.0000e+00
       1225     -1.106    -1.4324   0.000115    -0.0024    -0.2737 0.0000e+00
       1226     -1.108    -1.4337   0.000111    -0.0025    -0.2738 0.0000e+00
       1227     -1.106    -1.4358   0.000106    -0.0025    -0.2740 0.0000e+00
       1228     -1.102    -1.4371   0.000105    -0.0025    -0.2742 0.0000e+00
       1229     -1.100    -1.4375   0.000107    -0.0025    -0.2742 0.0000e+00
       1230     -1.099    -1.4373   0.000108    -0.0025    -0.2742 0.0000e+00
