Datasets/Multi_Species/TEL214/tel214_2020_020.cnv
* Sea-Bird SBE19plus Data File:
* Filename = C:/AQUIRE/tel214_2020_020.hex
* Software Version AquireV2 AF V2.0
* Temperature SN =  7853
* Conductivity SN =  7853
* System UpLoad Time = Nov 11 2020 20:36:02
* <ApplicationData>
* <AQUIREV2>
** VESSEL/TRIP/SEQ STN: tel214_2020_020
** LATITUDE: 54 28.73 N
** LONGITUDE: 53 25.22 W
** DATE/TIME: 2020-11-11 19:23
** SOUNDING DEPTH (M): 0440
** PROBE TYPE: S7853
** CTD NUMBER: 020
** COMMENTS: 
# nquan = 7                                 
# nvalues = 4188                        
# units = specified
# name 0 = scan: Scan Count
# name 1 = prdM: Pressure, Strain Gauge [db]
# name 2 = tv290C: Temperature [ITS-90, deg C]
# name 3 = c0S/m: Conductivity [S/m]
# name 4 = sal00: Salinity, Practical [PSU]
# name 5 = sigma-t00: Density [sigma-t, kg/m^3 ]
# name 6 = flag: flag
# span 0 =          1,       4188       
# span 1 =     -1.086,    441.240       
# span 2 =    -0.2009,     4.0881       
# span 3 =   0.000083,   3.265360       
# span 4 =    -0.0014,    34.7879       
# span 5 =    -0.1714,    27.6084       
# span 6 = 0.0000e+00, 0.0000e+00       
# interval = seconds: 1
# start_time = Nov 11 2020 19:23:31 [Instrument's time stamp, header]
# bad_flag = -9.990e-29
*END*
[from data line 2667]
       2668    439.719     4.0870   3.265267    34.7873    27.6079 0.0000e+00
       2669    439.786     4.0870   3.265280    34.7875    27.6080 0.0000e+00
       2670    439.827     4.0870   3.265283    34.7875    27.6080 0.0000e+00
       2671    439.796     4.0871   3.265282    34.7874    27.6079 0.0000e+00
       2672    439.709     4.0870   3.265277    34.7875    27.6080 0.0000e+00
       2673    439.639     4.0869   3.265266    34.7875    27.6080 0.0000e+00
       2674    439.634     4.0869   3.265255    34.7873    27.6079 0.0000e+00
       2675    439.680     4.0868   3.265256    34.7874    27.6080 0.0000e+00
       2676    439.730     4.0869   3.265264    34.7874    27.6080 0.0000e+00
       2677    439.749     4.0869   3.265265    34.7874    27.6080 0.0000e+00
       2678    439.740     4.0869   3.265261    34.7874    27.6079 0.0000e+00
       2679    439.727     4.0869   3.265257    34.7873    27.6079 0.0000e+00
       2680    439.727     4.0869   3.265254    34.7873    27.6079 0.0000e+00
       2681    439.742     4.0869   3.265251    34.7872    27.6078 0.0000e+00
       2682    439.765     4.0868   3.265251    34.7873    27.6079 0.0000e+00
       2683    439.788     4.0867   3.265240    34.7873    27.6079 0.0000e+00
       2684    439.814     4.0867   3.265221    34.7871    27.6077 0.0000e+00
       2685    439.836     4.0867   3.265210    34.7869    27.6076 0.0000e+00
       2686    439.832     4.0867   3.265203    34.7868    27.6075 0.0000e+00
       2687    439.792     4.0866   3.265190    34.7868    27.6075 0.0000e+00
       2688    439.722     4.0866   3.265186    34.7868    27.6075 0.0000e+00
       2689    439.649     4.0865   3.265195    34.7870    27.6077 0.0000e+00
       2690    439.615     4.0865   3.265206    34.7872    27.6078 0.0000e+00
       2691    439.639     4.0865   3.265214    34.7873    27.6079 0.0000e+00
       2692    439.696     4.0867   3.265219    34.7871    27.6077 0.0000e+00
       2693    439.737     4.0867   3.265217    34.7871    27.6077 0.0000e+00
       2694    439.730     4.0866   3.265210    34.7871    27.6077 0.0000e+00
       2695    439.688     4.0865   3.265206    34.7872    27.6078 0.0000e+00
       2696    439.649     4.0865   3.265213    34.7873    27.6079 0.0000e+00
       2697    439.643     4.0866   3.265219    34.7872    27.6079 0.0000e+00
       2698    439.674     4.0867   3.265222    34.7871    27.6078 0.0000e+00
       2699    439.724     4.0867   3.265229    34.7872    27.6078 0.0000e+00
       2700    439.768     4.0868   3.265234    34.7871    27.6078 0.0000e+00
       2701    439.795     4.0868   3.265231    34.7871    27.6077 0.0000e+00
       2702    439.814     4.0868   3.265229    34.7870    27.6077 0.0000e+00
       2703    439.833     4.0868   3.265227    34.7870    27.6077 0.0000e+00
       2704    439.859     4.0868   3.265230    34.7870    27.6077 0.0000e+00
       2705    439.887     4.0869   3.265236    34.7870    27.6076 0.0000e+00
       2706    439.906     4.0869   3.265237    34.7870    27.6076 0.0000e+00
       2707    439.914     4.0869   3.265235    34.7870    27.6076 0.0000e+00
       2708    439.920     4.0869   3.265236    34.7870    27.6076 0.0000e+00
       2709    439.941     4.0869   3.265238    34.7870    27.6076 0.0000e+00
       2710    439.974     4.0869   3.265237    34.7870    27.6076 0.0000e+00
       2711    439.993     4.0870   3.265238    34.7868    27.6075 0.0000e+00
       2712    439.983     4.0870   3.265235    34.7868    27.6075 0.0000e+00
       2713    439.956     4.0870   3.265226    34.7867    27.6074 0.0000e+00
       2714    439.938     4.0870   3.265220    34.7867    27.6074 0.0000e+00
       2715    439.939     4.0869   3.265219    34.7868    27.6074 0.0000e+00
       2716    439.953     4.0869   3.265223    34.7868    27.6075 0.0000e+00
       2717    439.979     4.0869   3.265226    34.7868    27.6075 0.0000e+00
       2718    440.019     4.0869   3.265226    34.7868    27.6075 0.0000e+00
       2719    440.059     4.0869   3.265228    34.7868    27.6075 0.0000e+00
       2720    440.071     4.0869   3.265237    34.7869    27.6076 0.0000e+00
       2721    440.059     4.0869   3.265243    34.7870    27.6076 0.0000e+00
       2722    440.056     4.0869   3.265246    34.7870    27.6077 0.0000e+00
       2723    440.092     4.0869   3.265255    34.7871    27.6077 0.0000e+00
       2724    440.156     4.0869   3.265268    34.7872    27.6078 0.0000e+00
       2725    440.206     4.0870   3.265276    34.7872    27.6078 0.0000e+00
       2726    440.214     4.0870   3.265274    34.7872    27.6078 0.0000e+00
       2727    440.198     4.0870   3.265269    34.7871    27.6077 0.0000e+00
       2728    440.186     4.0870   3.265267    34.7871    27.6077 0.0000e+00
       2729    440.188     4.0869   3.265267    34.7872    27.6078 0.0000e+00
       2730    440.208     4.0869   3.265268    34.7872    27.6078 0.0000e+00
       2731    440.250     4.0869   3.265269    34.7872    27.6078 0.0000e+00
       2732    440.308     4.0869   3.265274    34.7872    27.6078 0.0000e+00
       2733    440.356     4.0869   3.265276    34.7872    27.6078 0.0000e+00
       2734    440.355     4.0869   3.265271    34.7872    27.6078 0.0000e+00
       2735    440.280     4.0869   3.265264    34.7871    27.6077 0.0000e+00
       2736    440.162     4.0869   3.265260    34.7871    27.6077 0.0000e+00
       2737    440.080     4.0869   3.265251    34.7871    27.6077 0.0000e+00
       2738    440.079     4.0868   3.265242    34.7871    27.6077 0.0000e+00
       2739    440.146     4.0868   3.265245    34.7871    27.6077 0.0000e+00
       2740    440.235     4.0869   3.265255    34.7870    27.6077 0.0000e+00
       2741    440.276     4.0869   3.265258    34.7870    27.6077 0.0000e+00
       2742    440.215     4.0869   3.265257    34.7871    27.6077 0.0000e+00
       2743    440.041     4.0869   3.265249    34.7871    27.6077 0.0000e+00
       2744    439.825     4.0869   3.265241    34.7871    27.6077 0.0000e+00
       2745    439.699     4.0869   3.265241    34.7871    27.6078 0.0000e+00
       2746    439.718     4.0869   3.265252    34.7873    27.6078 0.0000e+00
       2747    439.824     4.0869   3.265264    34.7873    27.6079 0.0000e+00
       2748    439.924     4.0869   3.265272    34.7874    27.6080 0.0000e+00
       2749    439.954     4.0869   3.265270    34.7874    27.6079 0.0000e+00
       2750    439.908     4.0869   3.265267    34.7873    27.6079 0.0000e+00
       2751    439.838     4.0869   3.265261    34.7873    27.6079 0.0000e+00
       2752    439.799     4.0869   3.265248    34.7872    27.6078 0.0000e+00
       2753    439.815     4.0868   3.265236    34.7871    27.6078 0.0000e+00
       2754    439.880     4.0867   3.265230    34.7871    27.6078 0.0000e+00
       2755    439.971     4.0867   3.265237    34.7872    27.6078 0.0000e+00
       2756    440.069     4.0868   3.265241    34.7871    27.6077 0.0000e+00
       2757    440.157     4.0868   3.265240    34.7870    27.6076 0.0000e+00
       2758    440.229     4.0868   3.265239    34.7869    27.6076 0.0000e+00
       2759    440.295     4.0867   3.265235    34.7870    27.6076 0.0000e+00
       2760    440.355     4.0867   3.265231    34.7869    27.6076 0.0000e+00
       2761    440.378     4.0867   3.265225    34.7868    27.6075 0.0000e+00
       2762    440.333     4.0867   3.265219    34.7868    27.6075 0.0000e+00
       2763    440.242     4.0867   3.265218    34.7868    27.6075 0.0000e+00
       2764    440.180     4.0867   3.265219    34.7868    27.6075 0.0000e+00
       2765    440.197     4.0868   3.265220    34.7867    27.6074 0.0000e+00
       2766    440.278     4.0869   3.265225    34.7866    27.6074 0.0000e+00
       2767    440.381     4.0869   3.265230    34.7867    27.6074 0.0000e+00
       2768    440.468     4.0869   3.265238    34.7867    27.6074 0.0000e+00
       2769    440.518     4.0869   3.265244    34.7867    27.6074 0.0000e+00
       2770    440.527     4.0869   3.265245    34.7868    27.6074 0.0000e+00
       2771    440.501     4.0869   3.265245    34.7868    27.6075 0.0000e+00
       2772    440.472     4.0869   3.265244    34.7868    27.6075 0.0000e+00
       2773    440.472     4.0869   3.265241    34.7867    27.6074 0.0000e+00
       2774    440.506     4.0869   3.265239    34.7867    27.6074 0.0000e+00
       2775    440.550     4.0869   3.265242    34.7867    27.6074 0.0000e+00
       2776    440.589     4.0869   3.265244    34.7867    27.6074 0.0000e+00
       2777    440.628     4.0869   3.265245    34.7867    27.6074 0.0000e+00
       2778    440.677     4.0869   3.265251    34.7867    27.6074 0.0000e+00
       2779    440.733     4.0869   3.265257    34.7868    27.6075 0.0000e+00
       2780    440.778     4.0869   3.265257    34.7868    27.6075 0.0000e+00
       2781    440.795     4.0869   3.265248    34.7866    27.6074 0.0000e+00
       2782    440.790     4.0869   3.265236    34.7865    27.6072 0.0000e+00
       2783    440.787     4.0868   3.265233    34.7866    27.6073 0.0000e+00
       2784    440.820     4.0869   3.265249    34.7866    27.6074 0.0000e+00
       2785    440.901     4.0871   3.265277    34.7867    27.6074 0.0000e+00
       2786    441.006     4.0873   3.265302    34.7868    27.6074 0.0000e+00
       2787    441.098     4.0874   3.265322    34.7868    27.6075 0.0000e+00
       2788    441.162     4.0876   3.265333    34.7867    27.6073 0.0000e+00
       2789    441.201     4.0877   3.265345    34.7867    27.6073 0.0000e+00
       2790    441.223     4.0877   3.265360    34.7869    27.6075 0.0000e+00
       2791    441.234     4.0878   3.265357    34.7868    27.6073 0.0000e+00
       2792    441.237     4.0877   3.265336    34.7866    27.6072 0.0000e+00
       2793    441.234     4.0877   3.265320    34.7864    27.6071 0.0000e+00
       2794    441.224     4.0877   3.265315    34.7864    27.6071 0.0000e+00
       2795    441.204     4.0877   3.265319    34.7864    27.6071 0.0000e+00
       2796    441.172     4.0877   3.265325    34.7865    27.6072 0.0000e+00
       2797    441.127     4.0877   3.265322    34.7865    27.6072 0.0000e+00
       2798    441.072     4.0877   3.265315    34.7864    27.6071 0.0000e+00
       2799    441.012     4.0877   3.265306    34.7864    27.6071 0.0000e+00
       2800    440.950     4.0877   3.265296    34.7863    27.6070 0.0000e+00
       2801    440.881     4.0876   3.265286    34.7863    27.6070 0.0000e+00
       2802    440.796     4.0876   3.265282    34.7863    27.6070 0.0000e+00
       2803    440.692     4.0875   3.265281    34.7865    27.6071 0.0000e+00
       2804    440.576     4.0874   3.265277    34.7866    27.6073 0.0000e+00
       2805    440.455     4.0873   3.265271    34.7867    27.6073 0.0000e+00
       2806    440.332     4.0873   3.265264    34.7867    27.6073 0.0000e+00
       2807    440.203     4.0873   3.265259    34.7867    27.6073 0.0000e+00
       2808    440.062     4.0873   3.265253    34.7867    27.6073 0.0000e+00
       2809    439.906     4.0873   3.265241    34.7866    27.6073 0.0000e+00
       2810    439.737     4.0873   3.265231    34.7866    27.6073 0.0000e+00
       2811    439.561     4.0873   3.265220    34.7865    27.6072 0.0000e+00
       2812    439.382     4.0872   3.265207    34.7866    27.6073 0.0000e+00
       2813    439.200     4.0870   3.265191    34.7867    27.6074 0.0000e+00
       2814    439.014     4.0869   3.265173    34.7867    27.6074 0.0000e+00
       2815    438.823     4.0869   3.265159    34.7866    27.6074 0.0000e+00
       2816    438.622     4.0869   3.265144    34.7866    27.6073 0.0000e+00
       2817    438.412     4.0869   3.265124    34.7864    27.6072 0.0000e+00
       2818    438.196     4.0868   3.265100    34.7864    27.6072 0.0000e+00
       2819    437.974     4.0866   3.265075    34.7864    27.6072 0.0000e+00
       2820    437.749     4.0865   3.265061    34.7865    27.6073 0.0000e+00
       2821    437.524     4.0865   3.265045    34.7864    27.6072 0.0000e+00
       2822    437.302     4.0864   3.265008    34.7862    27.6070 0.0000e+00
       2823    437.076     4.0862   3.264956    34.7859    27.6068 0.0000e+00
       2824    436.838     4.0861   3.264913    34.7856    27.6066 0.0000e+00
       2825    436.592     4.0861   3.264898    34.7856    27.6066 0.0000e+00
       2826    436.346     4.0861   3.264903    34.7858    27.6067 0.0000e+00
       2827    436.100     4.0861   3.264917    34.7861    27.6070 0.0000e+00
       2828    435.849     4.0862   3.264932    34.7863    27.6071 0.0000e+00
       2829    435.594     4.0864   3.264938    34.7863    27.6071 0.0000e+00
       2830    435.341     4.0865   3.264932    34.7862    27.6071 0.0000e+00
       2831    435.089     4.0865   3.264927    34.7863    27.6071 0.0000e+00
       2832    434.834     4.0865   3.264923    34.7864    27.6072 0.0000e+00
       2833    434.574     4.0865   3.264914    34.7864    27.6072 0.0000e+00
       2834    434.313     4.0865   3.264900    34.7864    27.6072 0.0000e+00
       2835    434.054     4.0865   3.264877    34.7862    27.6071 0.0000e+00
       2836    433.795     4.0865   3.264853    34.7861    27.6070 0.0000e+00
       2837    433.539     4.0864   3.264835    34.7861    27.6070 0.0000e+00
       2838    433.287     4.0862   3.264824    34.7863    27.6072 0.0000e+00
       2839    433.035     4.0862   3.264818    34.7864    27.6072 0.0000e+00
       2840    432.777     4.0862   3.264808    34.7864    27.6073 0.0000e+00
       2841    432.514     4.0861   3.264779    34.7863    27.6072 0.0000e+00
       2842    432.250     4.0861   3.264721    34.7858    27.6068 0.0000e+00
       2843    431.987     4.0858   3.264641    34.7853    27.6064 0.0000e+00
       2844    431.725     4.0854   3.264574    34.7851    27.6063 0.0000e+00
       2845    431.468     4.0852   3.264536    34.7850    27.6062 0.0000e+00
       2846    431.215     4.0850   3.264514    34.7850    27.6063 0.0000e+00
       2847    430.958     4.0850   3.264510    34.7851    27.6064 0.0000e+00
       2848    430.701     4.0850   3.264509    34.7853    27.6065 0.0000e+00
       2849    430.443     4.0850   3.264509    34.7854    27.6066 0.0000e+00
       2850    430.182     4.0852   3.264511    34.7853    27.6065 0.0000e+00
       2851    429.918     4.0853   3.264489    34.7851    27.6063 0.0000e+00
       2852    429.651     4.0851   3.264441    34.7849    27.6062 0.0000e+00
       2853    429.386     4.0849   3.264398    34.7847    27.6061 0.0000e+00
       2854    429.128     4.0847   3.264352    34.7845    27.6059 0.0000e+00
       2855    428.872     4.0844   3.264277    34.7841    27.6056 0.0000e+00
       2856    428.607     4.0839   3.264184    34.7837    27.6053 0.0000e+00
       2857    428.325     4.0835   3.264100    34.7833    27.6050 0.0000e+00
       2858    428.033     4.0831   3.264039    34.7831    27.6050 0.0000e+00
       2859    427.740     4.0830   3.264026    34.7832    27.6050 0.0000e+00
       2860    427.451     4.0831   3.264051    34.7836    27.6053 0.0000e+00
       2861    427.164     4.0831   3.264074    34.7840    27.6056 0.0000e+00
       2862    426.880     4.0832   3.264076    34.7841    27.6057 0.0000e+00
       2863    426.596     4.0833   3.264061    34.7839    27.6056 0.0000e+00
       2864    426.312     4.0834   3.264048    34.7838    27.6055 0.0000e+00
       2865    426.030     4.0834   3.264040    34.7839    27.6055 0.0000e+00
       2866    425.748     4.0834   3.264030    34.7839    27.6055 0.0000e+00
       2867    425.459     4.0833   3.263997    34.7838    27.6055 0.0000e+00
       2868    425.166     4.0831   3.263937    34.7834    27.6052 0.0000e+00
       2869    424.872     4.0828   3.263882    34.7833    27.6051 0.0000e+00
       2870    424.576     4.0825   3.263852    34.7834    27.6052 0.0000e+00
       2871    424.279     4.0823   3.263824    34.7834    27.6053 0.0000e+00
