Datasets/Multi_Species/TEL214/tel214_2020_017.cnv
* Sea-Bird SBE19plus Data File:
* Filename = C:/AQUIRE/tel214_2020_017.hex
* Software Version AquireV2 AF V2.0
* Temperature SN =  7853
* Conductivity SN =  7853
* System UpLoad Time = Nov 10 2020 22:21:34
* <ApplicationData>
* <AQUIREV2>
** VESSEL/TRIP/SEQ STN: tel214_2020_017
** LATITUDE: 54 41.61 N
** LONGITUDE: 54 04.32 W
** DATE/TIME: 2020-11-10 21:02
** SOUNDING DEPTH (M): 0255
** PROBE TYPE: S7853
** CTD NUMBER: 017
** COMMENTS: 
# nquan = 7                                 
# nvalues = 4609                        
# units = specified
# name 0 = scan: Scan Count
# name 1 = prdM: Pressure, Strain Gauge [db]
# name 2 = tv290C: Temperature [ITS-90, deg C]
# name 3 = c0S/m: Conductivity [S/m]
# name 4 = sal00: Salinity, Practical [PSU]
# name 5 = sigma-t00: Density [sigma-t, kg/m^3 ]
# name 6 = flag: flag
# span 0 =          1,       4609       
# span 1 =     -1.338,    251.966       
# span 2 =     0.9037,     2.5586       
# span 3 =   0.000083,   3.048847       
# span 4 =    -0.0007,    33.8962       
# span 5 =    -0.0971,    27.0427       
# span 6 = 0.0000e+00, 0.0000e+00       
# interval = seconds: 1
# start_time = Nov 10 2020 21:02:33 [Instrument's time stamp, header]
# bad_flag = -9.990e-29
*END*
[from data line 3283]
       3284    251.730     2.5492   3.046906    33.8800    27.0301 0.0000e+00
       3285    251.739     2.5492   3.046900    33.8799    27.0301 0.0000e+00
       3286    251.754     2.5491   3.046891    33.8799    27.0301 0.0000e+00
       3287    251.774     2.5491   3.046883    33.8798    27.0300 0.0000e+00
       3288    251.788     2.5490   3.046877    33.8798    27.0300 0.0000e+00
       3289    251.778     2.5490   3.046873    33.8798    27.0300 0.0000e+00
       3290    251.747     2.5490   3.046869    33.8797    27.0299 0.0000e+00
       3291    251.716     2.5489   3.046868    33.8798    27.0300 0.0000e+00
       3292    251.705     2.5490   3.046874    33.8798    27.0300 0.0000e+00
       3293    251.718     2.5491   3.046882    33.8798    27.0300 0.0000e+00
       3294    251.746     2.5491   3.046892    33.8799    27.0301 0.0000e+00
       3295    251.777     2.5492   3.046894    33.8798    27.0300 0.0000e+00
       3296    251.794     2.5492   3.046889    33.8797    27.0299 0.0000e+00
       3297    251.784     2.5492   3.046883    33.8797    27.0299 0.0000e+00
       3298    251.755     2.5491   3.046882    33.8798    27.0300 0.0000e+00
       3299    251.732     2.5491   3.046882    33.8798    27.0300 0.0000e+00
       3300    251.734     2.5491   3.046882    33.8798    27.0300 0.0000e+00
       3301    251.761     2.5491   3.046881    33.8798    27.0300 0.0000e+00
       3302    251.796     2.5491   3.046876    33.8797    27.0299 0.0000e+00
       3303    251.820     2.5491   3.046872    33.8796    27.0299 0.0000e+00
       3304    251.822     2.5491   3.046866    33.8795    27.0298 0.0000e+00
       3305    251.817     2.5489   3.046856    33.8796    27.0299 0.0000e+00
       3306    251.822     2.5488   3.046844    33.8796    27.0299 0.0000e+00
       3307    251.833     2.5488   3.046834    33.8795    27.0298 0.0000e+00
       3308    251.837     2.5488   3.046835    33.8795    27.0298 0.0000e+00
       3309    251.836     2.5488   3.046842    33.8796    27.0298 0.0000e+00
       3310    251.838     2.5488   3.046841    33.8795    27.0298 0.0000e+00
       3311    251.845     2.5488   3.046838    33.8795    27.0298 0.0000e+00
       3312    251.859     2.5488   3.046843    33.8796    27.0298 0.0000e+00
       3313    251.881     2.5488   3.046854    33.8797    27.0299 0.0000e+00
       3314    251.900     2.5489   3.046864    33.8797    27.0299 0.0000e+00
       3315    251.899     2.5490   3.046868    33.8796    27.0299 0.0000e+00
       3316    251.869     2.5490   3.046864    33.8796    27.0298 0.0000e+00
       3317    251.825     2.5490   3.046857    33.8795    27.0298 0.0000e+00
       3318    251.795     2.5489   3.046856    33.8796    27.0299 0.0000e+00
       3319    251.796     2.5488   3.046855    33.8797    27.0300 0.0000e+00
       3320    251.821     2.5489   3.046857    33.8796    27.0299 0.0000e+00
       3321    251.854     2.5490   3.046869    33.8797    27.0299 0.0000e+00
       3322    251.886     2.5490   3.046870    33.8797    27.0299 0.0000e+00
       3323    251.910     2.5490   3.046854    33.8795    27.0297 0.0000e+00
       3324    251.917     2.5490   3.046844    33.8793    27.0296 0.0000e+00
       3325    251.903     2.5489   3.046842    33.8794    27.0297 0.0000e+00
       3326    251.867     2.5488   3.046841    33.8795    27.0298 0.0000e+00
       3327    251.823     2.5488   3.046836    33.8795    27.0298 0.0000e+00
       3328    251.795     2.5488   3.046832    33.8795    27.0297 0.0000e+00
       3329    251.801     2.5488   3.046835    33.8795    27.0298 0.0000e+00
       3330    251.831     2.5489   3.046849    33.8795    27.0298 0.0000e+00
       3331    251.853     2.5491   3.046869    33.8796    27.0298 0.0000e+00
       3332    251.844     2.5492   3.046880    33.8796    27.0298 0.0000e+00
       3333    251.817     2.5492   3.046880    33.8796    27.0298 0.0000e+00
       3334    251.807     2.5492   3.046878    33.8796    27.0298 0.0000e+00
       3335    251.830     2.5492   3.046877    33.8796    27.0298 0.0000e+00
       3336    251.868     2.5492   3.046874    33.8795    27.0298 0.0000e+00
       3337    251.884     2.5492   3.046864    33.8794    27.0297 0.0000e+00
       3338    251.861     2.5491   3.046849    33.8793    27.0296 0.0000e+00
       3339    251.821     2.5491   3.046838    33.8792    27.0295 0.0000e+00
       3340    251.792     2.5490   3.046830    33.8792    27.0295 0.0000e+00
       3341    251.790     2.5490   3.046823    33.8791    27.0295 0.0000e+00
       3342    251.808     2.5489   3.046815    33.8791    27.0295 0.0000e+00
       3343    251.826     2.5488   3.046805    33.8791    27.0295 0.0000e+00
       3344    251.838     2.5488   3.046797    33.8790    27.0294 0.0000e+00
       3345    251.849     2.5487   3.046797    33.8791    27.0295 0.0000e+00
       3346    251.858     2.5487   3.046802    33.8792    27.0295 0.0000e+00
       3347    251.863     2.5488   3.046809    33.8791    27.0295 0.0000e+00
       3348    251.863     2.5488   3.046812    33.8792    27.0295 0.0000e+00
       3349    251.855     2.5488   3.046818    33.8793    27.0296 0.0000e+00
       3350    251.843     2.5488   3.046819    33.8793    27.0296 0.0000e+00
       3351    251.840     2.5488   3.046815    33.8792    27.0296 0.0000e+00
       3352    251.851     2.5488   3.046814    33.8792    27.0295 0.0000e+00
       3353    251.870     2.5488   3.046811    33.8792    27.0295 0.0000e+00
       3354    251.887     2.5488   3.046800    33.8790    27.0294 0.0000e+00
       3355    251.899     2.5487   3.046789    33.8790    27.0294 0.0000e+00
       3356    251.909     2.5487   3.046787    33.8789    27.0293 0.0000e+00
       3357    251.910     2.5486   3.046792    33.8791    27.0295 0.0000e+00
       3358    251.896     2.5486   3.046798    33.8792    27.0296 0.0000e+00
       3359    251.876     2.5487   3.046800    33.8791    27.0295 0.0000e+00
       3360    251.866     2.5487   3.046799    33.8791    27.0295 0.0000e+00
       3361    251.873     2.5487   3.046799    33.8791    27.0295 0.0000e+00
       3362    251.891     2.5486   3.046798    33.8792    27.0296 0.0000e+00
       3363    251.907     2.5486   3.046796    33.8792    27.0295 0.0000e+00
       3364    251.915     2.5486   3.046794    33.8791    27.0295 0.0000e+00
       3365    251.921     2.5485   3.046792    33.8792    27.0296 0.0000e+00
       3366    251.931     2.5486   3.046794    33.8791    27.0295 0.0000e+00
       3367    251.948     2.5486   3.046794    33.8791    27.0295 0.0000e+00
       3368    251.964     2.5486   3.046796    33.8791    27.0295 0.0000e+00
       3369    251.966     2.5487   3.046799    33.8791    27.0294 0.0000e+00
       3370    251.958     2.5487   3.046796    33.8790    27.0294 0.0000e+00
       3371    251.950     2.5487   3.046796    33.8790    27.0294 0.0000e+00
       3372    251.942     2.5486   3.046801    33.8792    27.0296 0.0000e+00
       3373    251.931     2.5486   3.046797    33.8792    27.0295 0.0000e+00
       3374    251.921     2.5486   3.046774    33.8789    27.0293 0.0000e+00
       3375    251.912     2.5484   3.046741    33.8787    27.0292 0.0000e+00
       3376    251.899     2.5481   3.046720    33.8788    27.0293 0.0000e+00
       3377    251.888     2.5480   3.046715    33.8788    27.0293 0.0000e+00
       3378    251.892     2.5480   3.046706    33.8787    27.0292 0.0000e+00
       3379    251.914     2.5480   3.046697    33.8786    27.0291 0.0000e+00
       3380    251.945     2.5479   3.046703    33.8787    27.0293 0.0000e+00
       3381    251.965     2.5480   3.046718    33.8788    27.0293 0.0000e+00
       3382    251.957     2.5480   3.046712    33.8787    27.0292 0.0000e+00
       3383    251.916     2.5480   3.046700    33.8786    27.0291 0.0000e+00
       3384    251.853     2.5480   3.046697    33.8786    27.0291 0.0000e+00
       3385    251.802     2.5480   3.046691    33.8786    27.0291 0.0000e+00
       3386    251.782     2.5478   3.046681    33.8787    27.0292 0.0000e+00
       3387    251.794     2.5478   3.046676    33.8786    27.0291 0.0000e+00
       3388    251.817     2.5479   3.046680    33.8785    27.0291 0.0000e+00
       3389    251.829     2.5480   3.046688    33.8785    27.0291 0.0000e+00
       3390    251.829     2.5480   3.046690    33.8785    27.0291 0.0000e+00
       3391    251.832     2.5480   3.046686    33.8785    27.0290 0.0000e+00
       3392    251.846     2.5479   3.046680    33.8785    27.0291 0.0000e+00
       3393    251.867     2.5478   3.046679    33.8786    27.0291 0.0000e+00
       3394    251.885     2.5478   3.046690    33.8787    27.0292 0.0000e+00
       3395    251.885     2.5479   3.046701    33.8787    27.0293 0.0000e+00
       3396    251.855     2.5480   3.046704    33.8787    27.0292 0.0000e+00
       3397    251.804     2.5480   3.046701    33.8787    27.0292 0.0000e+00
       3398    251.757     2.5480   3.046699    33.8787    27.0292 0.0000e+00
       3399    251.737     2.5480   3.046703    33.8787    27.0292 0.0000e+00
       3400    251.746     2.5480   3.046701    33.8787    27.0292 0.0000e+00
       3401    251.763     2.5480   3.046697    33.8787    27.0292 0.0000e+00
       3402    251.767     2.5480   3.046692    33.8786    27.0291 0.0000e+00
       3403    251.751     2.5480   3.046680    33.8785    27.0290 0.0000e+00
       3404    251.730     2.5478   3.046666    33.8785    27.0291 0.0000e+00
       3405    251.735     2.5478   3.046664    33.8785    27.0291 0.0000e+00
       3406    251.772     2.5478   3.046666    33.8785    27.0291 0.0000e+00
       3407    251.814     2.5478   3.046663    33.8784    27.0290 0.0000e+00
       3408    251.832     2.5477   3.046652    33.8784    27.0290 0.0000e+00
       3409    251.818     2.5477   3.046642    33.8783    27.0289 0.0000e+00
       3410    251.785     2.5477   3.046632    33.8782    27.0288 0.0000e+00
       3411    251.749     2.5477   3.046619    33.8780    27.0287 0.0000e+00
       3412    251.723     2.5475   3.046601    33.8780    27.0287 0.0000e+00
       3413    251.711     2.5473   3.046590    33.8781    27.0288 0.0000e+00
       3414    251.706     2.5473   3.046586    33.8781    27.0288 0.0000e+00
       3415    251.698     2.5473   3.046583    33.8780    27.0287 0.0000e+00
       3416    251.694     2.5473   3.046587    33.8781    27.0288 0.0000e+00
       3417    251.700     2.5473   3.046591    33.8781    27.0288 0.0000e+00
       3418    251.717     2.5473   3.046594    33.8782    27.0288 0.0000e+00
       3419    251.738     2.5474   3.046601    33.8781    27.0288 0.0000e+00
       3420    251.749     2.5476   3.046612    33.8780    27.0287 0.0000e+00
       3421    251.741     2.5476   3.046621    33.8782    27.0288 0.0000e+00
       3422    251.714     2.5476   3.046623    33.8782    27.0288 0.0000e+00
       3423    251.687     2.5476   3.046625    33.8782    27.0289 0.0000e+00
       3424    251.675     2.5476   3.046626    33.8783    27.0289 0.0000e+00
       3425    251.678     2.5476   3.046623    33.8782    27.0289 0.0000e+00
       3426    251.682     2.5476   3.046620    33.8782    27.0288 0.0000e+00
       3427    251.674     2.5476   3.046618    33.8782    27.0288 0.0000e+00
       3428    251.658     2.5476   3.046620    33.8782    27.0288 0.0000e+00
       3429    251.650     2.5476   3.046621    33.8782    27.0289 0.0000e+00
       3430    251.660     2.5476   3.046611    33.8781    27.0287 0.0000e+00
       3431    251.686     2.5475   3.046585    33.8779    27.0286 0.0000e+00
       3432    251.713     2.5473   3.046560    33.8777    27.0285 0.0000e+00
       3433    251.723     2.5472   3.046539    33.8776    27.0284 0.0000e+00
       3434    251.711     2.5471   3.046514    33.8774    27.0282 0.0000e+00
       3435    251.684     2.5469   3.046495    33.8774    27.0282 0.0000e+00
       3436    251.651     2.5469   3.046486    33.8773    27.0282 0.0000e+00
       3437    251.626     2.5468   3.046479    33.8773    27.0282 0.0000e+00
       3438    251.621     2.5468   3.046486    33.8774    27.0283 0.0000e+00
       3439    251.635     2.5469   3.046504    33.8775    27.0284 0.0000e+00
       3440    251.659     2.5469   3.046510    33.8776    27.0284 0.0000e+00
       3441    251.681     2.5469   3.046497    33.8774    27.0283 0.0000e+00
       3442    251.694     2.5469   3.046487    33.8773    27.0282 0.0000e+00
       3443    251.691     2.5469   3.046494    33.8774    27.0282 0.0000e+00
       3444    251.658     2.5469   3.046506    33.8775    27.0284 0.0000e+00
       3445    251.594     2.5469   3.046515    33.8777    27.0285 0.0000e+00
       3446    251.528     2.5469   3.046514    33.8777    27.0285 0.0000e+00
       3447    251.489     2.5469   3.046507    33.8776    27.0285 0.0000e+00
       3448    251.486     2.5469   3.046504    33.8776    27.0284 0.0000e+00
       3449    251.517     2.5469   3.046507    33.8776    27.0284 0.0000e+00
       3450    251.570     2.5469   3.046508    33.8776    27.0284 0.0000e+00
       3451    251.616     2.5469   3.046492    33.8774    27.0282 0.0000e+00
       3452    251.625     2.5469   3.046461    33.8770    27.0279 0.0000e+00
       3453    251.579     2.5467   3.046436    33.8769    27.0279 0.0000e+00
       3454    251.494     2.5465   3.046422    33.8770    27.0280 0.0000e+00
       3455    251.421     2.5465   3.046408    33.8769    27.0279 0.0000e+00
       3456    251.397     2.5464   3.046397    33.8769    27.0279 0.0000e+00
       3457    251.417     2.5463   3.046388    33.8768    27.0279 0.0000e+00
       3458    251.459     2.5463   3.046396    33.8769    27.0279 0.0000e+00
       3459    251.499     2.5464   3.046417    33.8771    27.0280 0.0000e+00
       3460    251.529     2.5465   3.046434    33.8771    27.0281 0.0000e+00
       3461    251.558     2.5465   3.046437    33.8772    27.0281 0.0000e+00
       3462    251.596     2.5465   3.046437    33.8771    27.0281 0.0000e+00
       3463    251.648     2.5465   3.046432    33.8770    27.0280 0.0000e+00
       3464    251.714     2.5465   3.046428    33.8770    27.0279 0.0000e+00
       3465    251.787     2.5466   3.046438    33.8769    27.0279 0.0000e+00
       3466    251.852     2.5468   3.046458    33.8769    27.0279 0.0000e+00
       3467    251.899     2.5471   3.046472    33.8768    27.0277 0.0000e+00
       3468    251.922     2.5473   3.046489    33.8768    27.0277 0.0000e+00
       3469    251.920     2.5474   3.046515    33.8770    27.0279 0.0000e+00
       3470    251.890     2.5476   3.046529    33.8769    27.0278 0.0000e+00
       3471    251.832     2.5476   3.046523    33.8769    27.0278 0.0000e+00
       3472    251.748     2.5477   3.046522    33.8768    27.0277 0.0000e+00
       3473    251.636     2.5477   3.046523    33.8769    27.0278 0.0000e+00
       3474    251.501     2.5477   3.046516    33.8769    27.0278 0.0000e+00
       3475    251.356     2.5477   3.046503    33.8768    27.0277 0.0000e+00
       3476    251.207     2.5477   3.046479    33.8766    27.0276 0.0000e+00
       3477    251.050     2.5475   3.046440    33.8764    27.0274 0.0000e+00
       3478    250.882     2.5473   3.046398    33.8762    27.0273 0.0000e+00
       3479    250.710     2.5471   3.046370    33.8762    27.0273 0.0000e+00
       3480    250.535     2.5469   3.046353    33.8763    27.0274 0.0000e+00
       3481    250.358     2.5469   3.046333    33.8761    27.0272 0.0000e+00
       3482    250.182     2.5469   3.046309    33.8759    27.0271 0.0000e+00
       3483    250.004     2.5469   3.046289    33.8758    27.0270 0.0000e+00
       3484    249.816     2.5468   3.046277    33.8758    27.0270 0.0000e+00
       3485    249.619     2.5468   3.046272    33.8759    27.0271 0.0000e+00
       3486    249.420     2.5468   3.046269    33.8760    27.0271 0.0000e+00
       3487    249.216     2.5468   3.046253    33.8759    27.0270 0.0000e+00
