Datasets/Multi_Species/TEL214/tel214_2020_019.cnv
* Sea-Bird SBE19plus Data File:
* Filename = C:/AQUIRE/tel214_2020_019.hex
* Software Version AquireV2 AF V2.0
* Temperature SN =  7853
* Conductivity SN =  7853
* System UpLoad Time = Nov 11 2020 17:51:07
* <ApplicationData>
* <AQUIREV2>
** VESSEL/TRIP/SEQ STN: tel214_2020_019
** LATITUDE: 54 29.98 N
** LONGITUDE: 53 41.33 W
** DATE/TIME: 2020-11-11 16:51
** SOUNDING DEPTH (M): 0257
** PROBE TYPE: S7853
** CTD NUMBER: 019
** COMMENTS: 
# nquan = 7                                 
# nvalues = 3403                        
# units = specified
# name 0 = scan: Scan Count
# name 1 = prdM: Pressure, Strain Gauge [db]
# name 2 = tv290C: Temperature [ITS-90, deg C]
# name 3 = c0S/m: Conductivity [S/m]
# name 4 = sal00: Salinity, Practical [PSU]
# name 5 = sigma-t00: Density [sigma-t, kg/m^3 ]
# name 6 = flag: flag
# span 0 =          1,       3403       
# span 1 =     -1.105,    253.778       
# span 2 =     0.3863,     3.5419       
# span 3 =   0.000015,   3.167856       
# span 4 =    -0.0016,    34.3573       
# span 5 =    -0.1325,    27.3415       
# span 6 = 0.0000e+00, 0.0000e+00       
# interval = seconds: 1
# start_time = Nov 11 2020 16:51:29 [Instrument's time stamp, header]
# bad_flag = -9.990e-29
*END*
[from data line 821]
        822     17.644     0.9499   2.816183    32.8011    26.2805 0.0000e+00
        823     18.015     0.9502   2.816271    32.8017    26.2809 0.0000e+00
        824     18.392     0.9503   2.816332    32.8022    26.2813 0.0000e+00
        825     18.771     0.9504   2.816433    32.8032    26.2821 0.0000e+00
        826     19.148     0.9507   2.816631    32.8052    26.2837 0.0000e+00
        827     19.515     0.9511   2.816906    32.8081    26.2860 0.0000e+00
        828     19.876     0.9517   2.817211    32.8112    26.2884 0.0000e+00
        829     20.250     0.9524   2.817573    32.8149    26.2913 0.0000e+00
        830     20.648     0.9531   2.818024    32.8197    26.2952 0.0000e+00
        831     21.066     0.9542   2.818532    32.8248    26.2992 0.0000e+00
        832     21.486     0.9552   2.819006    32.8296    26.3030 0.0000e+00
        833     21.904     0.9561   2.819424    32.8338    26.3063 0.0000e+00
        834     22.330     0.9569   2.819877    32.8385    26.3101 0.0000e+00
        835     22.766     0.9579   2.820345    32.8432    26.3138 0.0000e+00
        836     23.201     0.9589   2.820694    32.8464    26.3163 0.0000e+00
        837     23.615     0.9599   2.820941    32.8483    26.3178 0.0000e+00
        838     23.997     0.9606   2.821227    32.8510    26.3199 0.0000e+00
        839     24.364     0.9612   2.821610    32.8550    26.3231 0.0000e+00
        840     24.742     0.9621   2.822055    32.8596    26.3267 0.0000e+00
        841     25.150     0.9630   2.822506    32.8642    26.3304 0.0000e+00
        842     25.588     0.9642   2.822920    32.8680    26.3334 0.0000e+00
        843     26.042     0.9652   2.823256    32.8710    26.3357 0.0000e+00
        844     26.494     0.9659   2.823492    32.8730    26.3373 0.0000e+00
        845     26.937     0.9663   2.823671    32.8747    26.3386 0.0000e+00
        846     27.373     0.9664   2.823827    32.8763    26.3399 0.0000e+00
        847     27.808     0.9666   2.823961    32.8776    26.3409 0.0000e+00
        848     28.245     0.9668   2.824073    32.8785    26.3417 0.0000e+00
        849     28.680     0.9670   2.824166    32.8793    26.3423 0.0000e+00
        850     29.104     0.9673   2.824243    32.8797    26.3426 0.0000e+00
        851     29.520     0.9674   2.824307    32.8802    26.3430 0.0000e+00
        852     29.944     0.9674   2.824370    32.8807    26.3434 0.0000e+00
        853     30.392     0.9675   2.824441    32.8813    26.3438 0.0000e+00
        854     30.862     0.9676   2.824515    32.8819    26.3443 0.0000e+00
        855     31.345     0.9678   2.824621    32.8827    26.3450 0.0000e+00
        856     31.832     0.9682   2.824815    32.8845    26.3464 0.0000e+00
        857     32.315     0.9691   2.825148    32.8876    26.3488 0.0000e+00
        858     32.784     0.9712   2.825720    32.8924    26.3526 0.0000e+00
        859     33.239     0.9747   2.826560    32.8993    26.3579 0.0000e+00
        860     33.688     0.9791   2.827506    32.9065    26.3634 0.0000e+00
        861     34.140     0.9841   2.828423    32.9127    26.3681 0.0000e+00
        862     34.599     0.9891   2.829323    32.9187    26.3726 0.0000e+00
        863     35.061     0.9958   2.830664    32.9285    26.3801 0.0000e+00
        864     35.523     1.0062   2.832535    32.9413    26.3897 0.0000e+00
        865     35.985     1.0181   2.834211    32.9499    26.3959 0.0000e+00
        866     36.450     1.0288   2.835629    32.9565    26.4006 0.0000e+00
        867     36.928     1.0390   2.837144    32.9648    26.4066 0.0000e+00
        868     37.425     1.0491   2.838656    32.9732    26.4128 0.0000e+00
        869     37.929     1.0571   2.840061    32.9825    26.4197 0.0000e+00
        870     38.423     1.0623   2.841491    32.9950    26.4294 0.0000e+00
        871     38.897     1.0661   2.842984    33.0098    26.4411 0.0000e+00
        872     39.359     1.0703   2.844548    33.0251    26.4532 0.0000e+00
        873     39.816     1.0762   2.846161    33.0393    26.4642 0.0000e+00
        874     40.278     1.0834   2.847551    33.0492    26.4717 0.0000e+00
        875     40.748     1.0908   2.848699    33.0558    26.4765 0.0000e+00
        876     41.222     1.0983   2.849857    33.0624    26.4813 0.0000e+00
        877     41.698     1.1058   2.851135    33.0705    26.4874 0.0000e+00
        878     42.179     1.1142   2.852604    33.0801    26.4946 0.0000e+00
        879     42.662     1.1249   2.854463    33.0922    26.5037 0.0000e+00
        880     43.138     1.1381   2.856568    33.1049    26.5130 0.0000e+00
        881     43.599     1.1517   2.858300    33.1123    26.5181 0.0000e+00
        882     44.052     1.1634   2.859502    33.1150    26.5195 0.0000e+00
        883     44.504     1.1722   2.860366    33.1164    26.5201 0.0000e+00
        884     44.962     1.1777   2.860906    33.1172    26.5204 0.0000e+00
        885     45.430     1.1805   2.861286    33.1189    26.5215 0.0000e+00
        886     45.907     1.1826   2.861726    33.1220    26.5239 0.0000e+00
        887     46.387     1.1851   2.862147    33.1244    26.5257 0.0000e+00
        888     46.862     1.1875   2.862434    33.1253    26.5262 0.0000e+00
        889     47.331     1.1890   2.862738    33.1273    26.5278 0.0000e+00
        890     47.794     1.1906   2.863156    33.1307    26.5304 0.0000e+00
        891     48.247     1.1927   2.863541    33.1331    26.5322 0.0000e+00
        892     48.688     1.1949   2.863841    33.1343    26.5330 0.0000e+00
        893     49.130     1.1966   2.864135    33.1360    26.5343 0.0000e+00
        894     49.589     1.1980   2.864378    33.1374    26.5353 0.0000e+00
        895     50.062     1.1989   2.864514    33.1379    26.5356 0.0000e+00
        896     50.540     1.1997   2.864600    33.1379    26.5356 0.0000e+00
        897     51.022     1.2005   2.864686    33.1379    26.5355 0.0000e+00
        898     51.512     1.2009   2.864770    33.1382    26.5358 0.0000e+00
        899     52.006     1.2010   2.864822    33.1385    26.5360 0.0000e+00
        900     52.491     1.2005   2.864812    33.1386    26.5361 0.0000e+00
        901     52.965     1.1995   2.864751    33.1386    26.5362 0.0000e+00
        902     53.438     1.1982   2.864677    33.1388    26.5364 0.0000e+00
        903     53.917     1.1966   2.864597    33.1392    26.5368 0.0000e+00
        904     54.401     1.1948   2.864470    33.1392    26.5370 0.0000e+00
        905     54.885     1.1926   2.864309    33.1392    26.5371 0.0000e+00
        906     55.362     1.1901   2.864192    33.1401    26.5380 0.0000e+00
        907     55.832     1.1881   2.864171    33.1417    26.5394 0.0000e+00
        908     56.303     1.1869   2.864227    33.1434    26.5408 0.0000e+00
        909     56.780     1.1860   2.864313    33.1452    26.5423 0.0000e+00
        910     57.263     1.1854   2.864435    33.1471    26.5439 0.0000e+00
        911     57.752     1.1852   2.864663    33.1500    26.5462 0.0000e+00
        912     58.238     1.1863   2.865106    33.1542    26.5495 0.0000e+00
        913     58.718     1.1887   2.865739    33.1594    26.5536 0.0000e+00
        914     59.202     1.1925   2.866486    33.1647    26.5576 0.0000e+00
        915     59.697     1.1991   2.867678    33.1726    26.5635 0.0000e+00
        916     60.202     1.2113   2.869778    33.1861    26.5736 0.0000e+00
        917     60.713     1.2298   2.872485    33.2007    26.5841 0.0000e+00
        918     61.222     1.2519   2.875188    33.2114    26.5913 0.0000e+00
        919     61.721     1.2745   2.877731    33.2195    26.5963 0.0000e+00
        920     62.208     1.2954   2.880098    33.2272    26.6011 0.0000e+00
        921     62.688     1.3142   2.882434    33.2367    26.6075 0.0000e+00
        922     63.166     1.3321   2.884864    33.2483    26.6156 0.0000e+00
        923     63.647     1.3496   2.887318    33.2607    26.6244 0.0000e+00
        924     64.137     1.3666   2.889893    33.2751    26.6348 0.0000e+00
        925     64.637     1.3849   2.892782    33.2921    26.6472 0.0000e+00
        926     65.146     1.4055   2.895736    33.3074    26.6581 0.0000e+00
        927     65.663     1.4257   2.898172    33.3166    26.6641 0.0000e+00
        928     66.184     1.4426   2.900109    33.3229    26.6680 0.0000e+00
        929     66.706     1.4565   2.901909    33.3306    26.6733 0.0000e+00
        930     67.224     1.4690   2.903413    33.3361    26.6769 0.0000e+00
        931     67.734     1.4789   2.904397    33.3378    26.6775 0.0000e+00
        932     68.233     1.4846   2.905007    33.3392    26.6783 0.0000e+00
        933     68.722     1.4865   2.905399    33.3419    26.6803 0.0000e+00
        934     69.203     1.4861   2.905597    33.3445    26.6824 0.0000e+00
        935     69.680     1.4843   2.905656    33.3469    26.6845 0.0000e+00
        936     70.159     1.4817   2.905679    33.3497    26.6869 0.0000e+00
        937     70.653     1.4783   2.905745    33.3539    26.6905 0.0000e+00
        938     71.175     1.4753   2.905843    33.3580    26.6940 0.0000e+00
        939     71.722     1.4731   2.905940    33.3613    26.6968 0.0000e+00
        940     72.277     1.4717   2.906090    33.3643    26.6993 0.0000e+00
        941     72.817     1.4708   2.906378    33.3686    26.7028 0.0000e+00
        942     73.334     1.4708   2.906835    33.3741    26.7073 0.0000e+00
        943     73.843     1.4716   2.907445    33.3807    26.7125 0.0000e+00
        944     74.354     1.4739   2.908231    33.3880    26.7181 0.0000e+00
        945     74.865     1.4781   2.909150    33.3948    26.7234 0.0000e+00
        946     75.369     1.4833   2.909958    33.3993    26.7266 0.0000e+00
        947     75.869     1.4871   2.910459    33.4013    26.7279 0.0000e+00
        948     76.372     1.4886   2.910770    33.4033    26.7295 0.0000e+00
        949     76.884     1.4893   2.911066    33.4061    26.7316 0.0000e+00
        950     77.405     1.4908   2.911355    33.4078    26.7329 0.0000e+00
        951     77.923     1.4928   2.911594    33.4084    26.7333 0.0000e+00
        952     78.435     1.4943   2.911793    33.4091    26.7337 0.0000e+00
        953     78.946     1.4952   2.912003    33.4105    26.7348 0.0000e+00
        954     79.463     1.4961   2.912253    33.4124    26.7362 0.0000e+00
        955     79.991     1.4974   2.912575    33.4148    26.7381 0.0000e+00
        956     80.524     1.4998   2.913029    33.4177    26.7402 0.0000e+00
        957     81.053     1.5039   2.913562    33.4198    26.7416 0.0000e+00
        958     81.577     1.5080   2.914061    33.4214    26.7427 0.0000e+00
        959     82.100     1.5110   2.914548    33.4241    26.7446 0.0000e+00
        960     82.626     1.5140   2.915083    33.4274    26.7470 0.0000e+00
        961     83.158     1.5177   2.915579    33.4294    26.7484 0.0000e+00
        962     83.699     1.5211   2.916040    33.4313    26.7497 0.0000e+00
        963     84.252     1.5240   2.916696    33.4363    26.7534 0.0000e+00
        964     84.818     1.5286   2.917615    33.4427    26.7583 0.0000e+00
        965     85.392     1.5358   2.918674    33.4481    26.7621 0.0000e+00
        966     85.968     1.5453   2.919827    33.4522    26.7648 0.0000e+00
        967     86.546     1.5551   2.920988    33.4562    26.7672 0.0000e+00
        968     87.130     1.5639   2.922015    33.4594    26.7693 0.0000e+00
        969     87.719     1.5709   2.922831    33.4620    26.7708 0.0000e+00
        970     88.303     1.5764   2.923437    33.4635    26.7716 0.0000e+00
        971     88.873     1.5808   2.923846    33.4636    26.7714 0.0000e+00
        972     89.430     1.5835   2.924125    33.4640    26.7715 0.0000e+00
        973     89.982     1.5848   2.924438    33.4662    26.7732 0.0000e+00
        974     90.542     1.5864   2.924805    33.4688    26.7752 0.0000e+00
        975     91.116     1.5884   2.925093    33.4700    26.7760 0.0000e+00
        976     91.697     1.5899   2.925289    33.4706    26.7764 0.0000e+00
        977     92.281     1.5907   2.925454    33.4715    26.7770 0.0000e+00
        978     92.869     1.5913   2.925605    33.4724    26.7777 0.0000e+00
        979     93.463     1.5922   2.925753    33.4730    26.7781 0.0000e+00
        980     94.061     1.5932   2.925920    33.4737    26.7786 0.0000e+00
        981     94.660     1.5945   2.926114    33.4744    26.7791 0.0000e+00
        982     95.259     1.5957   2.926351    33.4758    26.7801 0.0000e+00
        983     95.857     1.5972   2.926761    33.4790    26.7826 0.0000e+00
        984     96.455     1.6008   2.927764    33.4875    26.7892 0.0000e+00
        985     97.055     1.6095   2.929636    33.5016    26.7999 0.0000e+00
        986     97.653     1.6236   2.931857    33.5143    26.8090 0.0000e+00
        987     98.244     1.6398   2.933937    33.5230    26.8149 0.0000e+00
        988     98.823     1.6557   2.935950    33.5311    26.8202 0.0000e+00
        989     99.392     1.6698   2.937550    33.5359    26.8231 0.0000e+00
        990     99.959     1.6798   2.938459    33.5364    26.8228 0.0000e+00
        991    100.533     1.6864   2.939241    33.5390    26.8243 0.0000e+00
        992    101.118     1.6929   2.940204    33.5438    26.8278 0.0000e+00
        993    101.714     1.7000   2.941104    33.5473    26.8300 0.0000e+00
        994    102.318     1.7067   2.941935    33.5503    26.8320 0.0000e+00
        995    102.931     1.7131   2.942869    33.5549    26.8352 0.0000e+00
        996    103.554     1.7201   2.943983    33.5611    26.8397 0.0000e+00
        997    104.181     1.7287   2.945297    33.5682    26.8447 0.0000e+00
        998    104.800     1.7384   2.946788    33.5762    26.8505 0.0000e+00
        999    105.403     1.7487   2.948352    33.5846    26.8565 0.0000e+00
       1000    105.989     1.7584   2.949718    33.5912    26.8610 0.0000e+00
       1001    106.561     1.7673   2.950853    33.5956    26.8639 0.0000e+00
       1002    107.123     1.7755   2.951978    33.6007    26.8674 0.0000e+00
       1003    107.682     1.7832   2.953048    33.6057    26.8708 0.0000e+00
       1004    108.250     1.7891   2.953907    33.6099    26.8737 0.0000e+00
       1005    108.834     1.7931   2.954632    33.6144    26.8771 0.0000e+00
       1006    109.437     1.7971   2.955349    33.6188    26.8803 0.0000e+00
       1007    110.053     1.8026   2.956099    33.6220    26.8825 0.0000e+00
       1008    110.676     1.8088   2.956800    33.6239    26.8835 0.0000e+00
       1009    111.300     1.8144   2.957425    33.6254    26.8843 0.0000e+00
       1010    111.910     1.8193   2.958095    33.6283    26.8863 0.0000e+00
       1011    112.497     1.8241   2.958783    33.6315    26.8885 0.0000e+00
       1012    113.066     1.8289   2.959394    33.6337    26.8899 0.0000e+00
       1013    113.629     1.8333   2.959976    33.6360    26.8914 0.0000e+00
       1014    114.191     1.8376   2.960563    33.6385    26.8931 0.0000e+00
       1015    114.752     1.8420   2.961103    33.6403    26.8942 0.0000e+00
       1016    115.313     1.8462   2.961622    33.6420    26.8953 0.0000e+00
       1017    115.880     1.8502   2.962278    33.6457    26.8979 0.0000e+00
       1018    116.462     1.8560   2.963389    33.6531    26.9034 0.0000e+00
       1019    117.066     1.8673   2.965190    33.6633    26.9108 0.0000e+00
       1020    117.684     1.8848   2.967519    33.6736    26.9177 0.0000e+00
       1021    118.297     1.9045   2.969802    33.6809    26.9221 0.0000e+00
       1022    118.894     1.9217   2.971521    33.6838    26.9231 0.0000e+00
       1023    119.481     1.9353   2.972832    33.6854    26.9234 0.0000e+00
       1024    120.067     1.9467   2.974187    33.6899    26.9261 0.0000e+00
       1025    120.651     1.9573   2.975624    33.6962    26.9304 0.0000e+00
