Datasets/Multi_Species/TEL214/tel214_2020_029.cnv
* Sea-Bird SBE19plus Data File:
* Filename = C:/AQUIRE/tel214_2020_029.hex
* Software Version AquireV2 AF V2.0
* Temperature SN =  7853
* Conductivity SN =  7853
* System UpLoad Time = Nov 15 2020 05:02:15
* <ApplicationData>
* <AQUIREV2>
** VESSEL/TRIP/SEQ STN: tel214_2020_029
** LATITUDE: 53 17.46 N
** LONGITUDE: 52 27.48 W
** DATE/TIME: 2020-11-15 03:55
** SOUNDING DEPTH (M): 0433
** PROBE TYPE: S7853
** CTD NUMBER: 029
** COMMENTS: 
# nquan = 7                                 
# nvalues = 3885                        
# units = specified
# name 0 = scan: Scan Count
# name 1 = prdM: Pressure, Strain Gauge [db]
# name 2 = tv290C: Temperature [ITS-90, deg C]
# name 3 = c0S/m: Conductivity [S/m]
# name 4 = sal00: Salinity, Practical [PSU]
# name 5 = sigma-t00: Density [sigma-t, kg/m^3 ]
# name 6 = flag: flag
# span 0 =          1,       3885       
# span 1 =     -1.084,    435.082       
# span 2 =     0.6583,     3.9697       
# span 3 =   0.000006,   3.249647       
# span 4 =    -0.0013,    34.8157       
# span 5 =    -0.1166,    27.6563       
# span 6 = 0.0000e+00, 0.0000e+00       
# interval = seconds: 1
# start_time = Nov 15 2020 03:55:29 [Instrument's time stamp, header]
# bad_flag = -9.990e-29
*END*
[from data line 1231]
       1232    372.429     3.5688   3.212698    34.7466    27.6285 0.0000e+00
       1233    372.749     3.5690   3.212782    34.7472    27.6289 0.0000e+00
       1234    373.084     3.5691   3.212848    34.7477    27.6293 0.0000e+00
       1235    373.438     3.5693   3.212895    34.7479    27.6294 0.0000e+00
       1236    373.794     3.5693   3.212936    34.7482    27.6297 0.0000e+00
       1237    374.129     3.5693   3.212978    34.7485    27.6299 0.0000e+00
       1238    374.449     3.5693   3.213024    34.7489    27.6302 0.0000e+00
       1239    374.781     3.5694   3.213086    34.7494    27.6306 0.0000e+00
       1240    375.139     3.5697   3.213203    34.7502    27.6313 0.0000e+00
       1241    375.509     3.5703   3.213414    34.7519    27.6326 0.0000e+00
       1242    375.868     3.5712   3.213659    34.7537    27.6339 0.0000e+00
       1243    376.209     3.5720   3.213833    34.7548    27.6347 0.0000e+00
       1244    376.548     3.5726   3.213929    34.7551    27.6349 0.0000e+00
       1245    376.899     3.5724   3.213964    34.7556    27.6352 0.0000e+00
       1246    377.263     3.5712   3.213941    34.7564    27.6360 0.0000e+00
       1247    377.634     3.5694   3.213878    34.7573    27.6369 0.0000e+00
       1248    378.004     3.5677   3.213817    34.7582    27.6378 0.0000e+00
       1249    378.365     3.5663   3.213777    34.7590    27.6386 0.0000e+00
       1250    378.720     3.5650   3.213734    34.7597    27.6393 0.0000e+00
       1251    379.078     3.5637   3.213656    34.7599    27.6396 0.0000e+00
       1252    379.443     3.5619   3.213491    34.7597    27.6396 0.0000e+00
       1253    379.814     3.5590   3.213231    34.7595    27.6397 0.0000e+00
       1254    380.186     3.5553   3.212957    34.7599    27.6404 0.0000e+00
       1255    380.548     3.5513   3.212680    34.7607    27.6414 0.0000e+00
       1256    380.890     3.5472   3.212420    34.7617    27.6426 0.0000e+00
       1257    381.220     3.5438   3.212240    34.7630    27.6440 0.0000e+00
       1258    381.567     3.5414   3.212113    34.7638    27.6449 0.0000e+00
       1259    381.945     3.5396   3.212003    34.7642    27.6454 0.0000e+00
       1260    382.331     3.5379   3.211912    34.7647    27.6460 0.0000e+00
       1261    382.688     3.5363   3.211859    34.7656    27.6468 0.0000e+00
       1262    383.002     3.5353   3.211859    34.7665    27.6476 0.0000e+00
       1263    383.302     3.5349   3.211890    34.7672    27.6482 0.0000e+00
       1264    383.634     3.5350   3.211903    34.7670    27.6481 0.0000e+00
       1265    384.019     3.5349   3.211876    34.7666    27.6478 0.0000e+00
       1266    384.436     3.5343   3.211809    34.7662    27.6475 0.0000e+00
       1267    384.848     3.5334   3.211731    34.7660    27.6474 0.0000e+00
       1268    385.237     3.5322   3.211676    34.7664    27.6479 0.0000e+00
       1269    385.609     3.5313   3.211636    34.7667    27.6482 0.0000e+00
       1270    385.972     3.5306   3.211605    34.7669    27.6484 0.0000e+00
       1271    386.337     3.5300   3.211585    34.7671    27.6486 0.0000e+00
       1272    386.721     3.5296   3.211571    34.7671    27.6487 0.0000e+00
       1273    387.130     3.5294   3.211546    34.7668    27.6485 0.0000e+00
       1274    387.543     3.5290   3.211510    34.7666    27.6483 0.0000e+00
       1275    387.940     3.5282   3.211468    34.7667    27.6485 0.0000e+00
       1276    388.316     3.5275   3.211446    34.7670    27.6488 0.0000e+00
       1277    388.683     3.5270   3.211448    34.7674    27.6491 0.0000e+00
       1278    389.058     3.5267   3.211456    34.7676    27.6493 0.0000e+00
       1279    389.450     3.5269   3.211468    34.7673    27.6491 0.0000e+00
       1280    389.848     3.5271   3.211492    34.7672    27.6490 0.0000e+00
       1281    390.226     3.5273   3.211532    34.7672    27.6490 0.0000e+00
       1282    390.577     3.5273   3.211566    34.7674    27.6492 0.0000e+00
       1283    390.927     3.5271   3.211583    34.7677    27.6494 0.0000e+00
       1284    391.305     3.5271   3.211586    34.7675    27.6492 0.0000e+00
       1285    391.707     3.5270   3.211582    34.7673    27.6491 0.0000e+00
       1286    392.104     3.5268   3.211584    34.7674    27.6492 0.0000e+00
       1287    392.478     3.5266   3.211596    34.7675    27.6493 0.0000e+00
       1288    392.836     3.5263   3.211599    34.7677    27.6495 0.0000e+00
       1289    393.193     3.5261   3.211597    34.7677    27.6495 0.0000e+00
       1290    393.561     3.5259   3.211606    34.7678    27.6496 0.0000e+00
       1291    393.950     3.5259   3.211613    34.7677    27.6495 0.0000e+00
       1292    394.353     3.5258   3.211619    34.7676    27.6495 0.0000e+00
       1293    394.742     3.5257   3.211638    34.7678    27.6496 0.0000e+00
       1294    395.099     3.5257   3.211670    34.7680    27.6497 0.0000e+00
       1295    395.440     3.5258   3.211697    34.7680    27.6498 0.0000e+00
       1296    395.794     3.5259   3.211717    34.7679    27.6497 0.0000e+00
       1297    396.169     3.5259   3.211731    34.7679    27.6497 0.0000e+00
       1298    396.542     3.5259   3.211746    34.7679    27.6497 0.0000e+00
       1299    396.892     3.5257   3.211769    34.7682    27.6499 0.0000e+00
       1300    397.226     3.5256   3.211784    34.7683    27.6500 0.0000e+00
       1301    397.569     3.5256   3.211778    34.7680    27.6498 0.0000e+00
       1302    397.929     3.5251   3.211732    34.7678    27.6497 0.0000e+00
       1303    398.291     3.5241   3.211665    34.7679    27.6498 0.0000e+00
       1304    398.644     3.5234   3.211623    34.7679    27.6499 0.0000e+00
       1305    398.986     3.5229   3.211606    34.7681    27.6501 0.0000e+00
       1306    399.311     3.5225   3.211597    34.7682    27.6503 0.0000e+00
       1307    399.614     3.5221   3.211592    34.7684    27.6505 0.0000e+00
       1308    399.901     3.5218   3.211599    34.7687    27.6507 0.0000e+00
       1309    400.195     3.5217   3.211613    34.7688    27.6508 0.0000e+00
       1310    400.512     3.5217   3.211623    34.7687    27.6508 0.0000e+00
       1311    400.838     3.5217   3.211627    34.7686    27.6506 0.0000e+00
       1312    401.148     3.5217   3.211633    34.7685    27.6506 0.0000e+00
       1313    401.439     3.5215   3.211642    34.7687    27.6507 0.0000e+00
       1314    401.727     3.5214   3.211650    34.7687    27.6508 0.0000e+00
       1315    402.021     3.5214   3.211648    34.7685    27.6506 0.0000e+00
       1316    402.314     3.5212   3.211641    34.7685    27.6506 0.0000e+00
       1317    402.587     3.5210   3.211643    34.7686    27.6507 0.0000e+00
       1318    402.838     3.5209   3.211651    34.7687    27.6508 0.0000e+00
       1319    403.086     3.5207   3.211656    34.7688    27.6509 0.0000e+00
       1320    403.351     3.5206   3.211659    34.7688    27.6509 0.0000e+00
       1321    403.626     3.5206   3.211663    34.7687    27.6508 0.0000e+00
       1322    403.894     3.5206   3.211666    34.7686    27.6508 0.0000e+00
       1323    404.141     3.5206   3.211671    34.7685    27.6507 0.0000e+00
       1324    404.369     3.5205   3.211677    34.7686    27.6507 0.0000e+00
       1325    404.584     3.5204   3.211681    34.7686    27.6508 0.0000e+00
       1326    404.796     3.5203   3.211686    34.7687    27.6508 0.0000e+00
       1327    405.014     3.5203   3.211695    34.7687    27.6508 0.0000e+00
       1328    405.240     3.5202   3.211704    34.7688    27.6509 0.0000e+00
       1329    405.465     3.5202   3.211711    34.7687    27.6509 0.0000e+00
       1330    405.681     3.5202   3.211717    34.7687    27.6508 0.0000e+00
       1331    405.881     3.5202   3.211723    34.7686    27.6508 0.0000e+00
       1332    406.066     3.5202   3.211728    34.7686    27.6508 0.0000e+00
       1333    406.243     3.5201   3.211730    34.7686    27.6508 0.0000e+00
       1334    406.417     3.5199   3.211732    34.7688    27.6510 0.0000e+00
       1335    406.593     3.5198   3.211734    34.7688    27.6510 0.0000e+00
       1336    406.771     3.5198   3.211740    34.7688    27.6510 0.0000e+00
       1337    406.948     3.5198   3.211749    34.7688    27.6510 0.0000e+00
       1338    407.111     3.5198   3.211756    34.7688    27.6510 0.0000e+00
       1339    407.254     3.5198   3.211759    34.7688    27.6510 0.0000e+00
       1340    407.381     3.5198   3.211761    34.7687    27.6509 0.0000e+00
       1341    407.504     3.5198   3.211768    34.7687    27.6509 0.0000e+00
       1342    407.629     3.5198   3.211775    34.7687    27.6509 0.0000e+00
       1343    407.755     3.5198   3.211782    34.7688    27.6510 0.0000e+00
       1344    407.877     3.5198   3.211789    34.7688    27.6510 0.0000e+00
       1345    407.994     3.5198   3.211793    34.7688    27.6510 0.0000e+00
       1346    408.108     3.5198   3.211794    34.7687    27.6509 0.0000e+00
       1347    408.217     3.5198   3.211796    34.7687    27.6509 0.0000e+00
       1348    408.317     3.5198   3.211800    34.7687    27.6509 0.0000e+00
       1349    408.407     3.5196   3.211802    34.7689    27.6511 0.0000e+00
       1350    408.491     3.5196   3.211801    34.7688    27.6510 0.0000e+00
       1351    408.572     3.5195   3.211800    34.7689    27.6511 0.0000e+00
       1352    408.658     3.5195   3.211799    34.7688    27.6510 0.0000e+00
       1353    408.752     3.5195   3.211798    34.7687    27.6510 0.0000e+00
       1354    408.847     3.5195   3.211790    34.7686    27.6509 0.0000e+00
       1355    408.931     3.5195   3.211783    34.7685    27.6507 0.0000e+00
       1356    409.003     3.5193   3.211783    34.7686    27.6509 0.0000e+00
       1357    409.067     3.5191   3.211785    34.7688    27.6511 0.0000e+00
       1358    409.123     3.5191   3.211784    34.7688    27.6511 0.0000e+00
       1359    409.170     3.5191   3.211784    34.7688    27.6510 0.0000e+00
       1360    409.212     3.5191   3.211787    34.7688    27.6510 0.0000e+00
       1361    409.257     3.5191   3.211790    34.7688    27.6511 0.0000e+00
       1362    409.306     3.5191   3.211792    34.7688    27.6511 0.0000e+00
       1363    409.354     3.5191   3.211793    34.7688    27.6510 0.0000e+00
       1364    409.393     3.5191   3.211791    34.7687    27.6510 0.0000e+00
       1365    409.425     3.5191   3.211787    34.7687    27.6510 0.0000e+00
       1366    409.459     3.5191   3.211783    34.7686    27.6509 0.0000e+00
       1367    409.497     3.5190   3.211780    34.7686    27.6510 0.0000e+00
       1368    409.534     3.5188   3.211779    34.7688    27.6511 0.0000e+00
       1369    409.564     3.5187   3.211775    34.7689    27.6512 0.0000e+00
       1370    409.589     3.5187   3.211777    34.7689    27.6512 0.0000e+00
       1371    409.614     3.5187   3.211780    34.7689    27.6512 0.0000e+00
       1372    409.642     3.5187   3.211780    34.7689    27.6512 0.0000e+00
       1373    409.680     3.5187   3.211782    34.7689    27.6512 0.0000e+00
       1374    409.729     3.5187   3.211786    34.7689    27.6512 0.0000e+00
       1375    409.786     3.5187   3.211786    34.7689    27.6512 0.0000e+00
       1376    409.851     3.5187   3.211777    34.7687    27.6511 0.0000e+00
       1377    409.923     3.5187   3.211773    34.7687    27.6510 0.0000e+00
       1378    409.993     3.5187   3.211781    34.7687    27.6510 0.0000e+00
       1379    410.054     3.5187   3.211789    34.7688    27.6511 0.0000e+00
       1380    410.104     3.5187   3.211792    34.7688    27.6511 0.0000e+00
       1381    410.149     3.5186   3.211791    34.7689    27.6512 0.0000e+00
       1382    410.203     3.5186   3.211787    34.7688    27.6511 0.0000e+00
       1383    410.278     3.5186   3.211786    34.7687    27.6511 0.0000e+00
       1384    410.376     3.5186   3.211789    34.7687    27.6510 0.0000e+00
       1385    410.485     3.5185   3.211798    34.7689    27.6512 0.0000e+00
       1386    410.600     3.5185   3.211817    34.7690    27.6513 0.0000e+00
       1387    410.711     3.5186   3.211835    34.7691    27.6513 0.0000e+00
       1388    410.815     3.5187   3.211843    34.7690    27.6513 0.0000e+00
       1389    410.912     3.5187   3.211843    34.7690    27.6512 0.0000e+00
       1390    411.012     3.5187   3.211840    34.7689    27.6512 0.0000e+00
       1391    411.128     3.5187   3.211843    34.7688    27.6511 0.0000e+00
       1392    411.267     3.5186   3.211848    34.7689    27.6512 0.0000e+00
       1393    411.412     3.5186   3.211844    34.7688    27.6511 0.0000e+00
       1394    411.545     3.5185   3.211837    34.7688    27.6511 0.0000e+00
       1395    411.661     3.5183   3.211839    34.7689    27.6512 0.0000e+00
       1396    411.781     3.5183   3.211842    34.7689    27.6512 0.0000e+00
       1397    411.925     3.5183   3.211849    34.7689    27.6512 0.0000e+00
       1398    412.095     3.5183   3.211859    34.7689    27.6513 0.0000e+00
       1399    412.277     3.5184   3.211861    34.7688    27.6511 0.0000e+00
       1400    412.458     3.5183   3.211860    34.7688    27.6511 0.0000e+00
       1401    412.627     3.5183   3.211868    34.7688    27.6511 0.0000e+00
       1402    412.781     3.5181   3.211879    34.7690    27.6513 0.0000e+00
       1403    412.929     3.5180   3.211889    34.7692    27.6515 0.0000e+00
       1404    413.092     3.5180   3.211898    34.7692    27.6515 0.0000e+00
       1405    413.288     3.5180   3.211911    34.7692    27.6515 0.0000e+00
       1406    413.512     3.5182   3.211929    34.7691    27.6514 0.0000e+00
       1407    413.746     3.5183   3.211945    34.7691    27.6514 0.0000e+00
       1408    413.965     3.5183   3.211961    34.7692    27.6514 0.0000e+00
       1409    414.155     3.5183   3.211975    34.7692    27.6515 0.0000e+00
       1410    414.328     3.5183   3.211985    34.7693    27.6515 0.0000e+00
       1411    414.520     3.5183   3.211993    34.7692    27.6515 0.0000e+00
       1412    414.754     3.5183   3.212003    34.7692    27.6515 0.0000e+00
       1413    415.027     3.5182   3.212011    34.7693    27.6515 0.0000e+00
       1414    415.317     3.5182   3.212017    34.7692    27.6515 0.0000e+00
       1415    415.597     3.5181   3.212024    34.7693    27.6515 0.0000e+00
       1416    415.856     3.5180   3.212035    34.7693    27.6516 0.0000e+00
       1417    416.107     3.5180   3.212049    34.7694    27.6516 0.0000e+00
       1418    416.363     3.5180   3.212063    34.7694    27.6517 0.0000e+00
       1419    416.627     3.5180   3.212079    34.7695    27.6517 0.0000e+00
       1420    416.893     3.5181   3.212104    34.7695    27.6517 0.0000e+00
       1421    417.157     3.5183   3.212132    34.7695    27.6517 0.0000e+00
       1422    417.430     3.5183   3.212161    34.7697    27.6519 0.0000e+00
       1423    417.724     3.5185   3.212195    34.7697    27.6519 0.0000e+00
       1424    418.037     3.5187   3.212241    34.7699    27.6520 0.0000e+00
       1425    418.351     3.5191   3.212305    34.7701    27.6521 0.0000e+00
       1426    418.648     3.5195   3.212376    34.7703    27.6522 0.0000e+00
       1427    418.928     3.5200   3.212435    34.7704    27.6522 0.0000e+00
       1428    419.207     3.5204   3.212469    34.7702    27.6520 0.0000e+00
       1429    419.504     3.5205   3.212476    34.7700    27.6519 0.0000e+00
       1430    419.822     3.5204   3.212476    34.7700    27.6518 0.0000e+00
       1431    420.157     3.5202   3.212480    34.7700    27.6519 0.0000e+00
       1432    420.496     3.5202   3.212495    34.7700    27.6519 0.0000e+00
       1433    420.821     3.5202   3.212501    34.7699    27.6518 0.0000e+00
       1434    421.131     3.5201   3.212490    34.7697    27.6517 0.0000e+00
       1435    421.434     3.5199   3.212489    34.7698    27.6518 0.0000e+00
