Datasets/Multi_Species/TEL214/tel214_2020_001.cnv
* Sea-Bird SBE19plus Data File:
* Filename = C:/AQUIRE/tel214_2020_001.hex
* Software Version AquireV2 AF V2.0
* Temperature SN =  7853
* Conductivity SN =  7853
* System UpLoad Time = Nov 06 2020 01:16:27
* <ApplicationData>
* <AQUIREV2>
** VESSEL/TRIP/SEQ STN: tel214_2020_001
** LATITUDE: 52 32.80 N
** LONGITUDE: 05 32.10 W
** DATE/TIME: 2020-11-06 00:07
** SOUNDING DEPTH (M): 0254
** PROBE TYPE: S7853
** CTD NUMBER: 001
** COMMENTS: 
# nquan = 7                                 
# nvalues = 3861                        
# units = specified
# name 0 = scan: Scan Count
# name 1 = prdM: Pressure, Strain Gauge [db]
# name 2 = tv290C: Temperature [ITS-90, deg C]
# name 3 = c0S/m: Conductivity [S/m]
# name 4 = sal00: Salinity, Practical [PSU]
# name 5 = sigma-t00: Density [sigma-t, kg/m^3 ]
# name 6 = flag: flag
# span 0 =          1,       3861       
# span 1 =     -0.894,    255.364       
# span 2 =     1.1242,     2.3691       
# span 3 =   0.000063,   3.058934       
# span 4 =    -0.0004,    34.2192       
# span 5 =    -0.0825,    27.3178       
# span 6 = 0.0000e+00, 0.0000e+00       
# interval = seconds: 1
# start_time = Nov 06 2020 00:07:30 [Instrument's time stamp, header]
# bad_flag = -9.990e-29
*END*
[from data line 2462]
       2463    252.703     2.3511   3.056895    34.2138    27.3136 0.0000e+00
       2464    252.662     2.3513   3.056915    34.2138    27.3136 0.0000e+00
       2465    252.629     2.3514   3.056918    34.2138    27.3136 0.0000e+00
       2466    252.628     2.3514   3.056912    34.2137    27.3135 0.0000e+00
       2467    252.656     2.3514   3.056897    34.2135    27.3133 0.0000e+00
       2468    252.682     2.3514   3.056878    34.2132    27.3131 0.0000e+00
       2469    252.679     2.3513   3.056866    34.2132    27.3131 0.0000e+00
       2470    252.652     2.3512   3.056866    34.2133    27.3132 0.0000e+00
       2471    252.636     2.3513   3.056878    34.2134    27.3132 0.0000e+00
       2472    252.653     2.3514   3.056904    34.2136    27.3134 0.0000e+00
       2473    252.694     2.3516   3.056937    34.2137    27.3135 0.0000e+00
       2474    252.730     2.3518   3.056973    34.2140    27.3137 0.0000e+00
       2475    252.746     2.3522   3.057016    34.2140    27.3137 0.0000e+00
       2476    252.754     2.3525   3.057046    34.2141    27.3137 0.0000e+00
       2477    252.771     2.3526   3.057049    34.2140    27.3137 0.0000e+00
       2478    252.804     2.3527   3.057039    34.2138    27.3135 0.0000e+00
       2479    252.841     2.3526   3.057014    34.2135    27.3133 0.0000e+00
       2480    252.868     2.3523   3.056983    34.2135    27.3132 0.0000e+00
       2481    252.892     2.3522   3.056967    34.2134    27.3132 0.0000e+00
       2482    252.926     2.3521   3.056961    34.2134    27.3132 0.0000e+00
       2483    252.965     2.3520   3.056953    34.2134    27.3132 0.0000e+00
       2484    252.994     2.3518   3.056930    34.2133    27.3131 0.0000e+00
       2485    253.012     2.3516   3.056893    34.2130    27.3129 0.0000e+00
       2486    253.030     2.3512   3.056859    34.2130    27.3130 0.0000e+00
       2487    253.057     2.3509   3.056842    34.2131    27.3131 0.0000e+00
       2488    253.094     2.3507   3.056829    34.2131    27.3131 0.0000e+00
       2489    253.143     2.3506   3.056826    34.2132    27.3132 0.0000e+00
       2490    253.192     2.3506   3.056849    34.2134    27.3134 0.0000e+00
       2491    253.233     2.3508   3.056897    34.2138    27.3136 0.0000e+00
       2492    253.269     2.3512   3.056929    34.2138    27.3136 0.0000e+00
       2493    253.314     2.3514   3.056939    34.2136    27.3135 0.0000e+00
       2494    253.372     2.3514   3.056946    34.2137    27.3135 0.0000e+00
       2495    253.425     2.3514   3.056947    34.2137    27.3135 0.0000e+00
       2496    253.457     2.3514   3.056940    34.2136    27.3134 0.0000e+00
       2497    253.476     2.3514   3.056932    34.2135    27.3133 0.0000e+00
       2498    253.511     2.3514   3.056925    34.2134    27.3132 0.0000e+00
       2499    253.571     2.3514   3.056922    34.2133    27.3132 0.0000e+00
       2500    253.636     2.3514   3.056938    34.2134    27.3133 0.0000e+00
       2501    253.683     2.3516   3.056983    34.2138    27.3135 0.0000e+00
       2502    253.702     2.3519   3.057026    34.2140    27.3137 0.0000e+00
       2503    253.716     2.3522   3.057050    34.2139    27.3136 0.0000e+00
       2504    253.752     2.3523   3.057065    34.2140    27.3137 0.0000e+00
       2505    253.802     2.3525   3.057082    34.2140    27.3136 0.0000e+00
       2506    253.840     2.3526   3.057097    34.2140    27.3137 0.0000e+00
       2507    253.854     2.3528   3.057109    34.2139    27.3136 0.0000e+00
       2508    253.859     2.3529   3.057116    34.2139    27.3136 0.0000e+00
       2509    253.881     2.3529   3.057115    34.2139    27.3135 0.0000e+00
       2510    253.922     2.3527   3.057093    34.2138    27.3135 0.0000e+00
       2511    253.955     2.3524   3.057044    34.2135    27.3133 0.0000e+00
       2512    253.964     2.3520   3.056975    34.2131    27.3130 0.0000e+00
       2513    253.967     2.3514   3.056915    34.2130    27.3129 0.0000e+00
       2514    253.976     2.3510   3.056882    34.2130    27.3130 0.0000e+00
       2515    253.985     2.3507   3.056886    34.2134    27.3133 0.0000e+00
       2516    253.987     2.3508   3.056923    34.2137    27.3136 0.0000e+00
       2517    253.996     2.3512   3.056977    34.2139    27.3137 0.0000e+00
       2518    254.019     2.3517   3.057031    34.2141    27.3138 0.0000e+00
       2519    254.040     2.3520   3.057029    34.2137    27.3135 0.0000e+00
       2520    254.045     2.3518   3.056976    34.2133    27.3131 0.0000e+00
       2521    254.039     2.3516   3.056942    34.2131    27.3130 0.0000e+00
       2522    254.041     2.3513   3.056934    34.2133    27.3132 0.0000e+00
       2523    254.060     2.3513   3.056940    34.2133    27.3132 0.0000e+00
       2524    254.086     2.3514   3.056960    34.2135    27.3133 0.0000e+00
       2525    254.103     2.3515   3.056985    34.2137    27.3135 0.0000e+00
       2526    254.109     2.3517   3.057009    34.2137    27.3135 0.0000e+00
       2527    254.114     2.3519   3.057032    34.2138    27.3135 0.0000e+00
       2528    254.127     2.3521   3.057044    34.2137    27.3135 0.0000e+00
       2529    254.139     2.3521   3.057037    34.2136    27.3134 0.0000e+00
       2530    254.141     2.3521   3.057024    34.2135    27.3133 0.0000e+00
       2531    254.135     2.3519   3.056997    34.2134    27.3132 0.0000e+00
       2532    254.123     2.3516   3.056948    34.2131    27.3130 0.0000e+00
       2533    254.090     2.3512   3.056897    34.2129    27.3129 0.0000e+00
       2534    254.038     2.3508   3.056875    34.2131    27.3131 0.0000e+00
       2535    253.990     2.3507   3.056879    34.2133    27.3132 0.0000e+00
       2536    253.965     2.3508   3.056900    34.2134    27.3133 0.0000e+00
       2537    253.962     2.3512   3.056940    34.2135    27.3134 0.0000e+00
       2538    253.964     2.3514   3.056983    34.2138    27.3136 0.0000e+00
       2539    253.957     2.3516   3.057000    34.2138    27.3136 0.0000e+00
       2540    253.937     2.3518   3.056990    34.2135    27.3133 0.0000e+00
       2541    253.907     2.3517   3.056965    34.2133    27.3132 0.0000e+00
       2542    253.869     2.3514   3.056938    34.2133    27.3132 0.0000e+00
       2543    253.826     2.3513   3.056919    34.2132    27.3131 0.0000e+00
       2544    253.779     2.3512   3.056915    34.2133    27.3132 0.0000e+00
       2545    253.724     2.3512   3.056919    34.2134    27.3133 0.0000e+00
       2546    253.665     2.3513   3.056921    34.2133    27.3132 0.0000e+00
       2547    253.616     2.3513   3.056922    34.2134    27.3132 0.0000e+00
       2548    253.590     2.3513   3.056918    34.2133    27.3132 0.0000e+00
       2549    253.573     2.3512   3.056903    34.2133    27.3132 0.0000e+00
       2550    253.539     2.3510   3.056889    34.2133    27.3132 0.0000e+00
       2551    253.489     2.3509   3.056877    34.2133    27.3132 0.0000e+00
       2552    253.446     2.3507   3.056865    34.2134    27.3133 0.0000e+00
       2553    253.421     2.3507   3.056850    34.2132    27.3132 0.0000e+00
       2554    253.400     2.3506   3.056839    34.2132    27.3132 0.0000e+00
       2555    253.361     2.3506   3.056835    34.2132    27.3132 0.0000e+00
       2556    253.300     2.3506   3.056836    34.2132    27.3132 0.0000e+00
       2557    253.240     2.3506   3.056835    34.2132    27.3132 0.0000e+00
       2558    253.208     2.3506   3.056835    34.2133    27.3132 0.0000e+00
       2559    253.206     2.3506   3.056842    34.2134    27.3133 0.0000e+00
       2560    253.210     2.3506   3.056845    34.2134    27.3133 0.0000e+00
       2561    253.201     2.3506   3.056827    34.2132    27.3131 0.0000e+00
       2562    253.177     2.3504   3.056790    34.2129    27.3130 0.0000e+00
       2563    253.151     2.3503   3.056758    34.2127    27.3128 0.0000e+00
       2564    253.149     2.3501   3.056737    34.2126    27.3127 0.0000e+00
       2565    253.182     2.3498   3.056716    34.2127    27.3128 0.0000e+00
       2566    253.216     2.3497   3.056733    34.2130    27.3131 0.0000e+00
       2567    253.209     2.3498   3.056785    34.2135    27.3135 0.0000e+00
       2568    253.158     2.3501   3.056814    34.2136    27.3135 0.0000e+00
       2569    253.112     2.3503   3.056822    34.2135    27.3134 0.0000e+00
       2570    253.117     2.3503   3.056830    34.2136    27.3135 0.0000e+00
       2571    253.165     2.3505   3.056837    34.2134    27.3134 0.0000e+00
       2572    253.213     2.3505   3.056828    34.2133    27.3132 0.0000e+00
       2573    253.224     2.3503   3.056805    34.2132    27.3132 0.0000e+00
       2574    253.195     2.3502   3.056789    34.2131    27.3131 0.0000e+00
       2575    253.155     2.3501   3.056788    34.2132    27.3133 0.0000e+00
       2576    253.137     2.3502   3.056792    34.2132    27.3132 0.0000e+00
       2577    253.155     2.3502   3.056796    34.2132    27.3132 0.0000e+00
       2578    253.203     2.3502   3.056804    34.2133    27.3133 0.0000e+00
       2579    253.265     2.3503   3.056815    34.2133    27.3133 0.0000e+00
       2580    253.321     2.3503   3.056834    34.2135    27.3134 0.0000e+00
       2581    253.356     2.3505   3.056850    34.2135    27.3134 0.0000e+00
       2582    253.368     2.3506   3.056843    34.2133    27.3132 0.0000e+00
       2583    253.368     2.3504   3.056822    34.2132    27.3132 0.0000e+00
       2584    253.366     2.3503   3.056801    34.2131    27.3131 0.0000e+00
       2585    253.369     2.3501   3.056777    34.2130    27.3130 0.0000e+00
       2586    253.371     2.3499   3.056767    34.2131    27.3131 0.0000e+00
       2587    253.366     2.3499   3.056778    34.2132    27.3132 0.0000e+00
       2588    253.352     2.3499   3.056794    34.2134    27.3134 0.0000e+00
       2589    253.337     2.3501   3.056811    34.2134    27.3134 0.0000e+00
       2590    253.321     2.3503   3.056831    34.2135    27.3134 0.0000e+00
       2591    253.298     2.3504   3.056851    34.2136    27.3135 0.0000e+00
       2592    253.264     2.3506   3.056859    34.2135    27.3134 0.0000e+00
       2593    253.225     2.3506   3.056864    34.2136    27.3135 0.0000e+00
       2594    253.201     2.3506   3.056883    34.2139    27.3137 0.0000e+00
       2595    253.201     2.3508   3.056916    34.2141    27.3138 0.0000e+00
       2596    253.209     2.3513   3.056951    34.2140    27.3137 0.0000e+00
       2597    253.201     2.3516   3.056967    34.2138    27.3136 0.0000e+00
       2598    253.162     2.3517   3.056957    34.2136    27.3134 0.0000e+00
       2599    253.103     2.3515   3.056929    34.2135    27.3134 0.0000e+00
       2600    253.046     2.3513   3.056895    34.2133    27.3132 0.0000e+00
       2601    253.009     2.3511   3.056875    34.2133    27.3132 0.0000e+00
       2602    252.996     2.3510   3.056874    34.2134    27.3133 0.0000e+00
       2603    252.984     2.3510   3.056886    34.2136    27.3135 0.0000e+00
       2604    252.946     2.3512   3.056907    34.2137    27.3135 0.0000e+00
       2605    252.887     2.3514   3.056922    34.2137    27.3135 0.0000e+00
       2606    252.838     2.3514   3.056928    34.2138    27.3136 0.0000e+00
       2607    252.824     2.3515   3.056936    34.2138    27.3135 0.0000e+00
       2608    252.844     2.3516   3.056938    34.2137    27.3135 0.0000e+00
       2609    252.880     2.3514   3.056895    34.2133    27.3132 0.0000e+00
       2610    252.903     2.3509   3.056817    34.2129    27.3129 0.0000e+00
       2611    252.901     2.3503   3.056759    34.2128    27.3129 0.0000e+00
       2612    252.892     2.3500   3.056743    34.2129    27.3130 0.0000e+00
       2613    252.902     2.3499   3.056743    34.2130    27.3131 0.0000e+00
       2614    252.928     2.3499   3.056745    34.2131    27.3131 0.0000e+00
       2615    252.946     2.3499   3.056761    34.2132    27.3133 0.0000e+00
       2616    252.927     2.3501   3.056790    34.2134    27.3134 0.0000e+00
       2617    252.863     2.3503   3.056807    34.2134    27.3134 0.0000e+00
       2618    252.785     2.3503   3.056812    34.2135    27.3135 0.0000e+00
       2619    252.733     2.3505   3.056814    34.2134    27.3133 0.0000e+00
       2620    252.716     2.3506   3.056811    34.2132    27.3132 0.0000e+00
       2621    252.718     2.3505   3.056801    34.2132    27.3132 0.0000e+00
       2622    252.724     2.3503   3.056784    34.2132    27.3132 0.0000e+00
       2623    252.741     2.3503   3.056763    34.2130    27.3130 0.0000e+00
       2624    252.784     2.3501   3.056749    34.2130    27.3130 0.0000e+00
       2625    252.852     2.3499   3.056748    34.2131    27.3132 0.0000e+00
       2626    252.917     2.3500   3.056772    34.2133    27.3133 0.0000e+00
       2627    252.952     2.3502   3.056797    34.2134    27.3133 0.0000e+00
       2628    252.956     2.3503   3.056789    34.2132    27.3132 0.0000e+00
       2629    252.944     2.3502   3.056768    34.2130    27.3131 0.0000e+00
       2630    252.937     2.3500   3.056763    34.2132    27.3132 0.0000e+00
       2631    252.951     2.3500   3.056781    34.2134    27.3134 0.0000e+00
       2632    252.984     2.3502   3.056811    34.2135    27.3135 0.0000e+00
       2633    253.015     2.3504   3.056835    34.2136    27.3135 0.0000e+00
       2634    253.025     2.3506   3.056840    34.2134    27.3134 0.0000e+00
       2635    253.014     2.3506   3.056834    34.2134    27.3133 0.0000e+00
       2636    253.007     2.3506   3.056834    34.2134    27.3133 0.0000e+00
       2637    253.032     2.3506   3.056845    34.2135    27.3134 0.0000e+00
       2638    253.089     2.3506   3.056853    34.2136    27.3135 0.0000e+00
       2639    253.154     2.3508   3.056867    34.2135    27.3134 0.0000e+00
       2640    253.203     2.3510   3.056892    34.2135    27.3134 0.0000e+00
       2641    253.237     2.3510   3.056917    34.2138    27.3136 0.0000e+00
       2642    253.282     2.3512   3.056937    34.2138    27.3136 0.0000e+00
       2643    253.349     2.3514   3.056954    34.2138    27.3136 0.0000e+00
       2644    253.421     2.3515   3.056950    34.2136    27.3134 0.0000e+00
       2645    253.464     2.3514   3.056910    34.2132    27.3131 0.0000e+00
       2646    253.458     2.3510   3.056865    34.2131    27.3130 0.0000e+00
       2647    253.409     2.3507   3.056849    34.2132    27.3132 0.0000e+00
       2648    253.350     2.3506   3.056852    34.2134    27.3133 0.0000e+00
       2649    253.323     2.3506   3.056864    34.2136    27.3135 0.0000e+00
       2650    253.355     2.3508   3.056887    34.2136    27.3135 0.0000e+00
       2651    253.436     2.3510   3.056923    34.2138    27.3136 0.0000e+00
       2652    253.525     2.3514   3.056981    34.2140    27.3138 0.0000e+00
       2653    253.603     2.3520   3.057047    34.2142    27.3138 0.0000e+00
       2654    253.684     2.3523   3.057096    34.2144    27.3140 0.0000e+00
       2655    253.782     2.3527   3.057133    34.2144    27.3139 0.0000e+00
       2656    253.886     2.3531   3.057161    34.2142    27.3138 0.0000e+00
       2657    253.963     2.3533   3.057176    34.2142    27.3137 0.0000e+00
       2658    253.991     2.3533   3.057188    34.2143    27.3138 0.0000e+00
       2659    253.991     2.3535   3.057197    34.2142    27.3137 0.0000e+00
       2660    254.001     2.3536   3.057203    34.2142    27.3137 0.0000e+00
       2661    254.035     2.3536   3.057206    34.2142    27.3137 0.0000e+00
       2662    254.087     2.3537   3.057215    34.2142    27.3137 0.0000e+00
       2663    254.139     2.3537   3.057225    34.2143    27.3138 0.0000e+00
       2664    254.187     2.3537   3.057227    34.2143    27.3138 0.0000e+00
       2665    254.243     2.3537   3.057230    34.2143    27.3138 0.0000e+00
       2666    254.319     2.3537   3.057237    34.2143    27.3138 0.0000e+00
