Datasets/Multi_Species/TEL214/tel214_2020_011.cnv
* Sea-Bird SBE19plus Data File:
* Filename = C:/AQUIRE/tel214_2020_011.hex
* Software Version AquireV2 AF V2.0
* Temperature SN =  7853
* Conductivity SN =  7853
* System UpLoad Time = Nov 09 2020 23:58:08
* <ApplicationData>
* <AQUIREV2>
** VESSEL/TRIP/SEQ STN: tel214_2020_011
** LATITUDE: 54 53.38 N
** LONGITUDE: 54 33.20 W
** DATE/TIME: 2020-11-09 17:50
** SOUNDING DEPTH (M): 0263
** PROBE TYPE: S7853
** CTD NUMBER: 011
** COMMENTS: TEAR-UP
# nquan = 7                                 
# nvalues = 11339                       
# units = specified
# name 0 = scan: Scan Count
# name 1 = prdM: Pressure, Strain Gauge [db]
# name 2 = tv290C: Temperature [ITS-90, deg C]
# name 3 = c0S/m: Conductivity [S/m]
# name 4 = sal00: Salinity, Practical [PSU]
# name 5 = sigma-t00: Density [sigma-t, kg/m^3 ]
# name 6 = flag: flag
# span 0 =          1,      11339       
# span 1 =     -1.130,    259.813       
# span 2 =    -1.8893,     2.3888       
# span 3 =   0.000022,   3.025149       
# span 4 =    -0.0028,    33.7780       
# span 5 =    -0.3190,    26.9621       
# span 6 = 0.0000e+00, 0.0000e+00       
# interval = seconds: 1
# start_time = Nov 09 2020 17:50:07 [Instrument's time stamp, header]
# bad_flag = -9.990e-29
*END*
[from data line 11283]
      11284     -1.113    -1.5206   0.000129    -0.0024    -0.2821 0.0000e+00
      11285     -1.112    -1.5206   0.000127    -0.0024    -0.2821 0.0000e+00
      11286     -1.113    -1.5206   0.000126    -0.0024    -0.2821 0.0000e+00
      11287     -1.113    -1.5204   0.000126    -0.0024    -0.2821 0.0000e+00
      11288     -1.112    -1.5200   0.000126    -0.0024    -0.2821 0.0000e+00
      11289     -1.108    -1.5198   0.000126    -0.0024    -0.2821 0.0000e+00
      11290     -1.103    -1.5198   0.000125    -0.0024    -0.2821 0.0000e+00
      11291     -1.099    -1.5197   0.000125    -0.0024    -0.2821 0.0000e+00
      11292     -1.095    -1.5196   0.000126    -0.0024    -0.2820 0.0000e+00
      11293     -1.089    -1.5195   0.000127    -0.0024    -0.2820 0.0000e+00
      11294     -1.085    -1.5193   0.000127    -0.0024    -0.2820 0.0000e+00
      11295     -1.083    -1.5191   0.000127    -0.0024    -0.2820 0.0000e+00
      11296     -1.081    -1.5189   0.000128    -0.0024    -0.2820 0.0000e+00
      11297     -1.080    -1.5186   0.000129    -0.0024    -0.2819 0.0000e+00
      11298     -1.081    -1.5184   0.000130    -0.0024    -0.2819 0.0000e+00
      11299     -1.081    -1.5183   0.000129    -0.0024    -0.2819 0.0000e+00
      11300     -1.082    -1.5181   0.000130    -0.0024    -0.2819 0.0000e+00
      11301     -1.087    -1.5180   0.000129    -0.0024    -0.2819 0.0000e+00
      11302     -1.090    -1.5178   0.000129    -0.0024    -0.2819 0.0000e+00
      11303     -1.090    -1.5176   0.000130    -0.0024    -0.2818 0.0000e+00
      11304     -1.089    -1.5174   0.000130    -0.0024    -0.2818 0.0000e+00
      11305     -1.090    -1.5172   0.000130    -0.0024    -0.2818 0.0000e+00
      11306     -1.094    -1.5170   0.000130    -0.0024    -0.2818 0.0000e+00
      11307     -1.100    -1.5170   0.000129    -0.0024    -0.2818 0.0000e+00
      11308     -1.105    -1.5168   0.000129    -0.0024    -0.2818 0.0000e+00
      11309     -1.110    -1.5168   0.000130    -0.0024    -0.2818 0.0000e+00
      11310     -1.115    -1.5168   0.000129    -0.0024    -0.2818 0.0000e+00
      11311     -1.118    -1.5168   0.000129    -0.0024    -0.2818 0.0000e+00
      11312     -1.117    -1.5166   0.000129    -0.0024    -0.2818 0.0000e+00
      11313     -1.116    -1.5164   0.000129    -0.0024    -0.2817 0.0000e+00
      11314     -1.117    -1.5162   0.000129    -0.0024    -0.2817 0.0000e+00
      11315     -1.118    -1.5162   0.000128    -0.0024    -0.2817 0.0000e+00
      11316     -1.116    -1.5162   0.000128    -0.0024    -0.2817 0.0000e+00
      11317     -1.114    -1.5160   0.000129    -0.0024    -0.2817 0.0000e+00
      11318     -1.114    -1.5158   0.000130    -0.0024    -0.2817 0.0000e+00
      11319     -1.117    -1.5156   0.000128    -0.0024    -0.2817 0.0000e+00
      11320     -1.119    -1.5156   0.000126    -0.0024    -0.2817 0.0000e+00
      11321     -1.120    -1.5155   0.000126    -0.0024    -0.2816 0.0000e+00
      11322     -1.120    -1.5155   0.000126    -0.0024    -0.2816 0.0000e+00
      11323     -1.120    -1.5155   0.000127    -0.0024    -0.2816 0.0000e+00
      11324     -1.120    -1.5154   0.000128    -0.0024    -0.2816 0.0000e+00
      11325     -1.120    -1.5152   0.000128    -0.0024    -0.2816 0.0000e+00
      11326     -1.121    -1.5149   0.000129    -0.0024    -0.2816 0.0000e+00
      11327     -1.124    -1.5149   0.000128    -0.0024    -0.2816 0.0000e+00
      11328     -1.127    -1.5149   0.000128    -0.0024    -0.2816 0.0000e+00
      11329     -1.128    -1.5147   0.000128    -0.0024    -0.2816 0.0000e+00
      11330     -1.126    -1.5145   0.000128    -0.0024    -0.2816 0.0000e+00
      11331     -1.121    -1.5145   0.000128    -0.0024    -0.2816 0.0000e+00
      11332     -1.118    -1.5147   0.000127    -0.0024    -0.2816 0.0000e+00
      11333     -1.118    -1.5149   0.000126    -0.0024    -0.2816 0.0000e+00
      11334     -1.119    -1.5148   0.000126    -0.0024    -0.2816 0.0000e+00
      11335     -1.119    -1.5145   0.000127    -0.0024    -0.2816 0.0000e+00
      11336     -1.118    -1.5143   0.000129    -0.0024    -0.2815 0.0000e+00
      11337     -1.117    -1.5139   0.000130    -0.0024    -0.2815 0.0000e+00
      11338     -1.120    -1.5137   0.000129    -0.0024    -0.2815 0.0000e+00
      11339     -1.122 -9.990e-29   0.000124 -9.990e-29 -9.990e-29 0.0000e+00
