Datasets/Multi_Species/TEL214/tel214_2020_003.cnv
* Sea-Bird SBE19plus Data File:
* Filename = C:/AQUIRE/tel214_2020_003.hex
* Software Version AquireV2 AF V2.0
* Temperature SN =  7853
* Conductivity SN =  7853
* System UpLoad Time = Nov 06 2020 17:40:11
* <ApplicationData>
* <AQUIREV2>
** VESSEL/TRIP/SEQ STN: tel214_2020_003
** LATITUDE: 52 51.03 N
** LONGITUDE: 05 50.15 W
** DATE/TIME: 2020-11-06 16:34
** SOUNDING DEPTH (M): 0203
** PROBE TYPE: S7853
** CTD NUMBER: 003
** COMMENTS: 
# nquan = 7                                 
# nvalues = 3830                        
# units = specified
# name 0 = scan: Scan Count
# name 1 = prdM: Pressure, Strain Gauge [db]
# name 2 = tv290C: Temperature [ITS-90, deg C]
# name 3 = c0S/m: Conductivity [S/m]
# name 4 = sal00: Salinity, Practical [PSU]
# name 5 = sigma-t00: Density [sigma-t, kg/m^3 ]
# name 6 = flag: flag
# span 0 =          1,       3830       
# span 1 =     -1.061,    201.619       
# span 2 =     1.1127,     2.8981       
# span 3 =   0.000092,   3.083788       
# span 4 =    -0.0005,    34.0920       
# span 5 =    -0.0899,    27.2234       
# span 6 = 0.0000e+00, 0.0000e+00       
# interval = seconds: 1
# start_time = Nov 06 2020 16:34:27 [Instrument's time stamp, header]
# bad_flag = -9.990e-29
*END*
[from data line 3488]
       3489     -1.036     1.3590   0.000127    -0.0001    -0.0816 0.0000e+00
       3490     -1.037     1.3594   0.000127    -0.0001    -0.0816 0.0000e+00
       3491     -1.041     1.3600   0.000129    -0.0001    -0.0816 0.0000e+00
       3492     -1.042     1.3605   0.000130    -0.0001    -0.0815 0.0000e+00
       3493     -1.038     1.3609   0.000129    -0.0001    -0.0815 0.0000e+00
       3494     -1.035     1.3614   0.000128    -0.0001    -0.0815 0.0000e+00
       3495     -1.036     1.3620   0.000128    -0.0001    -0.0815 0.0000e+00
       3496     -1.037     1.3624   0.000127    -0.0001    -0.0815 0.0000e+00
       3497     -1.035     1.3628   0.000126    -0.0001    -0.0814 0.0000e+00
       3498     -1.034     1.3632   0.000128    -0.0001    -0.0814 0.0000e+00
       3499     -1.035     1.3636   0.000128    -0.0001    -0.0814 0.0000e+00
       3500     -1.037     1.3642   0.000127    -0.0001    -0.0814 0.0000e+00
       3501     -1.037     1.3647   0.000127    -0.0001    -0.0814 0.0000e+00
       3502     -1.035     1.3652   0.000128    -0.0001    -0.0813 0.0000e+00
       3503     -1.032     1.3657   0.000128    -0.0001    -0.0813 0.0000e+00
       3504     -1.032     1.3661   0.000127    -0.0001    -0.0813 0.0000e+00
       3505     -1.035     1.3666   0.000127    -0.0001    -0.0813 0.0000e+00
       3506     -1.037     1.3670   0.000127    -0.0001    -0.0813 0.0000e+00
       3507     -1.037     1.3675   0.000128    -0.0001    -0.0812 0.0000e+00
       3508     -1.035     1.3680   0.000129    -0.0001    -0.0812 0.0000e+00
       3509     -1.034     1.3685   0.000130    -0.0001    -0.0812 0.0000e+00
       3510     -1.036     1.3689   0.000128    -0.0001    -0.0812 0.0000e+00
       3511     -1.040     1.3693   0.000128    -0.0001    -0.0812 0.0000e+00
       3512     -1.042     1.3698   0.000129    -0.0001    -0.0811 0.0000e+00
       3513     -1.041     1.3702   0.000129    -0.0001    -0.0811 0.0000e+00
       3514     -1.039     1.3706   0.000129    -0.0001    -0.0811 0.0000e+00
       3515     -1.037     1.3712   0.000129    -0.0001    -0.0811 0.0000e+00
       3516     -1.037     1.3716   0.000128    -0.0001    -0.0811 0.0000e+00
       3517     -1.040     1.3721   0.000126    -0.0001    -0.0810 0.0000e+00
       3518     -1.043     1.3725   0.000126    -0.0001    -0.0810 0.0000e+00
       3519     -1.046     1.3729   0.000128    -0.0001    -0.0810 0.0000e+00
       3520     -1.048     1.3735   0.000128    -0.0001    -0.0810 0.0000e+00
       3521     -1.049     1.3741   0.000128    -0.0001    -0.0810 0.0000e+00
       3522     -1.049     1.3746   0.000128    -0.0001    -0.0809 0.0000e+00
       3523     -1.048     1.3752   0.000129    -0.0001    -0.0809 0.0000e+00
       3524     -1.046     1.3756   0.000130    -0.0001    -0.0809 0.0000e+00
       3525     -1.045     1.3762   0.000130    -0.0001    -0.0809 0.0000e+00
       3526     -1.046     1.3767   0.000130    -0.0001    -0.0808 0.0000e+00
       3527     -1.047     1.3773   0.000131    -0.0001    -0.0808 0.0000e+00
       3528     -1.046     1.3779   0.000130    -0.0001    -0.0808 0.0000e+00
       3529     -1.044     1.3785   0.000131    -0.0001    -0.0808 0.0000e+00
       3530     -1.044     1.3790   0.000131    -0.0001    -0.0807 0.0000e+00
       3531     -1.045     1.3794   0.000130    -0.0001    -0.0807 0.0000e+00
       3532     -1.046     1.3800   0.000130    -0.0001    -0.0807 0.0000e+00
       3533     -1.048     1.3805   0.000130    -0.0001    -0.0807 0.0000e+00
       3534     -1.049     1.3811   0.000129    -0.0001    -0.0806 0.0000e+00
       3535     -1.049     1.3817   0.000130    -0.0001    -0.0806 0.0000e+00
       3536     -1.049     1.3823   0.000130    -0.0001    -0.0806 0.0000e+00
       3537     -1.048     1.3828   0.000129    -0.0001    -0.0806 0.0000e+00
       3538     -1.046     1.3832   0.000128    -0.0001    -0.0806 0.0000e+00
       3539     -1.044     1.3838   0.000128    -0.0001    -0.0805 0.0000e+00
       3540     -1.044     1.3844   0.000129    -0.0001    -0.0805 0.0000e+00
       3541     -1.044     1.3849   0.000130    -0.0001    -0.0805 0.0000e+00
       3542     -1.043     1.3855   0.000130    -0.0001    -0.0805 0.0000e+00
       3543     -1.042     1.3861   0.000131    -0.0001    -0.0804 0.0000e+00
       3544     -1.043     1.3866   0.000129    -0.0001    -0.0804 0.0000e+00
       3545     -1.046     1.3872   0.000130    -0.0001    -0.0804 0.0000e+00
       3546     -1.048     1.3878   0.000130    -0.0001    -0.0804 0.0000e+00
       3547     -1.048     1.3884   0.000130    -0.0001    -0.0803 0.0000e+00
       3548     -1.048     1.3889   0.000130    -0.0001    -0.0803 0.0000e+00
       3549     -1.046     1.3894   0.000131    -0.0001    -0.0803 0.0000e+00
       3550     -1.045     1.3900   0.000132    -0.0001    -0.0803 0.0000e+00
       3551     -1.047     1.3906   0.000132    -0.0001    -0.0802 0.0000e+00
       3552     -1.049     1.3912   0.000131    -0.0001    -0.0802 0.0000e+00
       3553     -1.051     1.3919   0.000131    -0.0001    -0.0802 0.0000e+00
       3554     -1.052     1.3925   0.000132    -0.0001    -0.0802 0.0000e+00
       3555     -1.051     1.3931   0.000132    -0.0001    -0.0801 0.0000e+00
       3556     -1.049     1.3937   0.000132    -0.0001    -0.0801 0.0000e+00
       3557     -1.048     1.3943   0.000133    -0.0001    -0.0801 0.0000e+00
       3558     -1.046     1.3950   0.000135    -0.0001    -0.0800 0.0000e+00
       3559     -1.044     1.3956   0.000134    -0.0001    -0.0800 0.0000e+00
       3560     -1.044     1.3962   0.000133    -0.0001    -0.0800 0.0000e+00
       3561     -1.045     1.3968   0.000133    -0.0001    -0.0800 0.0000e+00
       3562     -1.047     1.3975   0.000132    -0.0001    -0.0799 0.0000e+00
       3563     -1.049     1.3981   0.000131    -0.0001    -0.0799 0.0000e+00
       3564     -1.051     1.3987   0.000131    -0.0001    -0.0799 0.0000e+00
       3565     -1.053     1.3993   0.000131    -0.0001    -0.0799 0.0000e+00
       3566     -1.053     1.4000   0.000132    -0.0001    -0.0798 0.0000e+00
       3567     -1.052     1.4007   0.000133    -0.0001    -0.0798 0.0000e+00
       3568     -1.049     1.4013   0.000134    -0.0001    -0.0798 0.0000e+00
       3569     -1.046     1.4021   0.000134    -0.0001    -0.0797 0.0000e+00
       3570     -1.045     1.4027   0.000134    -0.0001    -0.0797 0.0000e+00
       3571     -1.045     1.4033   0.000134    -0.0001    -0.0797 0.0000e+00
       3572     -1.046     1.4040   0.000134    -0.0001    -0.0797 0.0000e+00
       3573     -1.047     1.4046   0.000134    -0.0001    -0.0796 0.0000e+00
       3574     -1.046     1.4053   0.000133    -0.0001    -0.0796 0.0000e+00
       3575     -1.045     1.4061   0.000133    -0.0001    -0.0796 0.0000e+00
       3576     -1.046     1.4067   0.000133    -0.0001    -0.0795 0.0000e+00
       3577     -1.046     1.4074   0.000134    -0.0001    -0.0795 0.0000e+00
       3578     -1.045     1.4081   0.000134    -0.0001    -0.0795 0.0000e+00
       3579     -1.046     1.4087   0.000134    -0.0001    -0.0795 0.0000e+00
       3580     -1.048     1.4095   0.000134    -0.0001    -0.0794 0.0000e+00
       3581     -1.049     1.4103   0.000135    -0.0000    -0.0794 0.0000e+00
       3582     -1.049     1.4109   0.000135    -0.0000    -0.0794 0.0000e+00
       3583     -1.049     1.4116   0.000135    -0.0000    -0.0793 0.0000e+00
       3584     -1.049     1.4124   0.000136    -0.0000    -0.0793 0.0000e+00
       3585     -1.049     1.4131   0.000135    -0.0000    -0.0793 0.0000e+00
       3586     -1.050     1.4139   0.000136    -0.0000    -0.0792 0.0000e+00
       3587     -1.052     1.4145   0.000138    -0.0000    -0.0792 0.0000e+00
       3588     -1.053     1.4152   0.000137    -0.0000    -0.0792 0.0000e+00
       3589     -1.052     1.4160   0.000136    -0.0000    -0.0791 0.0000e+00
       3590     -1.050     1.4168   0.000136    -0.0000    -0.0791 0.0000e+00
       3591     -1.050     1.4175   0.000136    -0.0000    -0.0791 0.0000e+00
       3592     -1.051     1.4183   0.000136    -0.0000    -0.0790 0.0000e+00
       3593     -1.052     1.4189   0.000134    -0.0000    -0.0790 0.0000e+00
       3594     -1.050     1.4196   0.000134    -0.0000    -0.0790 0.0000e+00
       3595     -1.047     1.4204   0.000134    -0.0000    -0.0790 0.0000e+00
       3596     -1.045     1.4211   0.000134    -0.0000    -0.0789 0.0000e+00
       3597     -1.046     1.4219   0.000136    -0.0000    -0.0789 0.0000e+00
       3598     -1.047     1.4227   0.000136    -0.0000    -0.0789 0.0000e+00
       3599     -1.046     1.4234   0.000136    -0.0000    -0.0788 0.0000e+00
       3600     -1.046     1.4242   0.000136    -0.0000    -0.0788 0.0000e+00
       3601     -1.049     1.4249   0.000136    -0.0000    -0.0788 0.0000e+00
       3602     -1.051     1.4257   0.000137    -0.0000    -0.0787 0.0000e+00
       3603     -1.048     1.4265   0.000137    -0.0000    -0.0787 0.0000e+00
       3604     -1.043     1.4272   0.000137    -0.0000    -0.0787 0.0000e+00
       3605     -1.042     1.4280   0.000136    -0.0000    -0.0786 0.0000e+00
       3606     -1.042     1.4288   0.000136    -0.0000    -0.0786 0.0000e+00
       3607     -1.041     1.4295   0.000136    -0.0000    -0.0786 0.0000e+00
       3608     -1.040     1.4303   0.000136    -0.0000    -0.0785 0.0000e+00
       3609     -1.040     1.4310   0.000136    -0.0000    -0.0785 0.0000e+00
       3610     -1.044     1.4318   0.000136    -0.0000    -0.0785 0.0000e+00
       3611     -1.049     1.4326   0.000137    -0.0000    -0.0784 0.0000e+00
       3612     -1.051     1.4333   0.000136    -0.0000    -0.0784 0.0000e+00
       3613     -1.052     1.4341   0.000137    -0.0000    -0.0784 0.0000e+00
       3614     -1.052     1.4349   0.000136    -0.0000    -0.0783 0.0000e+00
       3615     -1.048     1.4356   0.000135    -0.0000    -0.0783 0.0000e+00
       3616     -1.044     1.4364   0.000137    -0.0000    -0.0783 0.0000e+00
       3617     -1.043     1.4371   0.000136    -0.0000    -0.0782 0.0000e+00
       3618     -1.046     1.4379   0.000137    -0.0000    -0.0782 0.0000e+00
       3619     -1.048     1.4387   0.000137    -0.0000    -0.0782 0.0000e+00
       3620     -1.050     1.4394   0.000137    -0.0000    -0.0781 0.0000e+00
       3621     -1.052     1.4402   0.000137    -0.0000    -0.0781 0.0000e+00
       3622     -1.053     1.4410   0.000137    -0.0000    -0.0781 0.0000e+00
       3623     -1.052     1.4417   0.000137    -0.0000    -0.0781 0.0000e+00
       3624     -1.050     1.4425   0.000137    -0.0000    -0.0780 0.0000e+00
       3625     -1.050     1.4432   0.000136    -0.0000    -0.0780 0.0000e+00
       3626     -1.052     1.4440   0.000137    -0.0000    -0.0780 0.0000e+00
       3627     -1.055     1.4448   0.000137    -0.0000    -0.0779 0.0000e+00
       3628     -1.055     1.4455   0.000137    -0.0000    -0.0779 0.0000e+00
       3629     -1.052     1.4464   0.000138    -0.0000    -0.0779 0.0000e+00
       3630     -1.050     1.4472   0.000138    -0.0000    -0.0778 0.0000e+00
       3631     -1.050     1.4480   0.000137    -0.0000    -0.0778 0.0000e+00
       3632     -1.052     1.4487   0.000137    -0.0000    -0.0778 0.0000e+00
       3633     -1.056     1.4493   0.000136    -0.0000    -0.0777 0.0000e+00
       3634     -1.058     1.4501   0.000137    -0.0000    -0.0777 0.0000e+00
       3635     -1.058     1.4510   0.000136    -0.0000    -0.0777 0.0000e+00
       3636     -1.056     1.4518   0.000135    -0.0000    -0.0776 0.0000e+00
       3637     -1.052     1.4526   0.000136    -0.0000    -0.0776 0.0000e+00
       3638     -1.050     1.4533   0.000137    -0.0000    -0.0776 0.0000e+00
       3639     -1.050     1.4541   0.000137    -0.0000    -0.0775 0.0000e+00
       3640     -1.050     1.4548   0.000136    -0.0000    -0.0775 0.0000e+00
       3641     -1.052     1.4556   0.000137    -0.0000    -0.0775 0.0000e+00
       3642     -1.054     1.4564   0.000137    -0.0000    -0.0774 0.0000e+00
       3643     -1.054     1.4572   0.000137    -0.0000    -0.0774 0.0000e+00
       3644     -1.053     1.4580   0.000137 -7.073e-07    -0.0774 0.0000e+00
       3645     -1.052     1.4588   0.000137 -1.218e-07    -0.0773 0.0000e+00
       3646     -1.050     1.4596   0.000137 4.6371e-07    -0.0773 0.0000e+00
       3647     -1.050     1.4603   0.000137 9.7601e-07    -0.0773 0.0000e+00
       3648     -1.050     1.4611   0.000137     0.0000    -0.0772 0.0000e+00
       3649     -1.053     1.4619   0.000137     0.0000    -0.0772 0.0000e+00
       3650     -1.056     1.4627   0.000137     0.0000    -0.0772 0.0000e+00
       3651     -1.058     1.4634   0.000137     0.0000    -0.0771 0.0000e+00
       3652     -1.058     1.4642   0.000138     0.0000    -0.0771 0.0000e+00
       3653     -1.056     1.4650   0.000138     0.0000    -0.0771 0.0000e+00
       3654     -1.053     1.4658   0.000137     0.0000    -0.0770 0.0000e+00
       3655     -1.052     1.4666   0.000136    -0.0000    -0.0770 0.0000e+00
       3656     -1.053     1.4674   0.000136 -5.171e-07    -0.0770 0.0000e+00
       3657     -1.052     1.4681   0.000137     0.0000    -0.0769 0.0000e+00
       3658     -1.052     1.4689   0.000137     0.0000    -0.0769 0.0000e+00
       3659     -1.053     1.4697   0.000137     0.0000    -0.0769 0.0000e+00
       3660     -1.052     1.4705   0.000137     0.0000    -0.0768 0.0000e+00
       3661     -1.051     1.4712   0.000137     0.0000    -0.0768 0.0000e+00
       3662     -1.052     1.4720   0.000137     0.0000    -0.0768 0.0000e+00
       3663     -1.054     1.4728   0.000137     0.0000    -0.0767 0.0000e+00
       3664     -1.055     1.4736   0.000137     0.0000    -0.0767 0.0000e+00
       3665     -1.056     1.4744   0.000137     0.0000    -0.0767 0.0000e+00
       3666     -1.056     1.4752   0.000138     0.0000    -0.0766 0.0000e+00
       3667     -1.053     1.4760   0.000138     0.0000    -0.0766 0.0000e+00
       3668     -1.053     1.4769   0.000138     0.0000    -0.0766 0.0000e+00
       3669     -1.056     1.4777   0.000138     0.0000    -0.0765 0.0000e+00
       3670     -1.056     1.4785   0.000138     0.0000    -0.0765 0.0000e+00
       3671     -1.055     1.4793   0.000138     0.0000    -0.0765 0.0000e+00
       3672     -1.055     1.4800   0.000137     0.0000    -0.0764 0.0000e+00
       3673     -1.055     1.4808   0.000139     0.0000    -0.0764 0.0000e+00
       3674     -1.054     1.4816   0.000141     0.0000    -0.0763 0.0000e+00
       3675     -1.053     1.4824   0.000140     0.0000    -0.0763 0.0000e+00
       3676     -1.053     1.4832   0.000138     0.0000    -0.0763 0.0000e+00
       3677     -1.056     1.4840   0.000139     0.0000    -0.0763 0.0000e+00
       3678     -1.058     1.4849   0.000139     0.0000    -0.0762 0.0000e+00
       3679     -1.056     1.4857   0.000139     0.0000    -0.0762 0.0000e+00
       3680     -1.053     1.4866   0.000138     0.0000    -0.0761 0.0000e+00
       3681     -1.052     1.4873   0.000138     0.0000    -0.0761 0.0000e+00
       3682     -1.053     1.4880   0.000137     0.0000    -0.0761 0.0000e+00
       3683     -1.053     1.4889   0.000139     0.0000    -0.0760 0.0000e+00
       3684     -1.053     1.4897   0.000139     0.0000    -0.0760 0.0000e+00
       3685     -1.056     1.4905   0.000138     0.0000    -0.0760 0.0000e+00
       3686     -1.058     1.4913   0.000139     0.0000    -0.0759 0.0000e+00
       3687     -1.056     1.4921   0.000139     0.0000    -0.0759 0.0000e+00
       3688     -1.053     1.4929   0.000137     0.0000    -0.0759 0.0000e+00
       3689     -1.053     1.4937   0.000136     0.0000    -0.0759 0.0000e+00
       3690     -1.054     1.4946   0.000137     0.0000    -0.0758 0.0000e+00
       3691     -1.054     1.4954   0.000138     0.0000    -0.0758 0.0000e+00
       3692     -1.053     1.4962   0.000138     0.0000    -0.0757 0.0000e+00
