Datasets/Multi_Species/TEL214/tel214_2020_015.cnv
* Sea-Bird SBE19plus Data File:
* Filename = C:/AQUIRE/tel214_2020_015.hex
* Software Version AquireV2 AF V2.0
* Temperature SN =  7853
* Conductivity SN =  7853
* System UpLoad Time = Nov 10 2020 09:38:07
* <ApplicationData>
* <AQUIREV2>
** VESSEL/TRIP/SEQ STN: tel214_2020_015
** LATITUDE: 54 47.79 N
** LONGITUDE: 53 39.33 W
** DATE/TIME: 2020-11-10 08:27
** SOUNDING DEPTH (M): 0478
** PROBE TYPE: S7853
** CTD NUMBER:  15
** COMMENTS: 
# nquan = 7                                 
# nvalues = 4050                        
# units = specified
# name 0 = scan: Scan Count
# name 1 = prdM: Pressure, Strain Gauge [db]
# name 2 = tv290C: Temperature [ITS-90, deg C]
# name 3 = c0S/m: Conductivity [S/m]
# name 4 = sal00: Salinity, Practical [PSU]
# name 5 = sigma-t00: Density [sigma-t, kg/m^3 ]
# name 6 = flag: flag
# span 0 =          1,       4050       
# span 1 =     -1.193,    479.230       
# span 2 =    -1.3893,     4.0134       
# span 3 =  -0.000091,   3.257628       
# span 4 =    -0.0028,    34.7675       
# span 5 =    -0.2697,    27.6012       
# span 6 = 0.0000e+00, 0.0000e+00       
# interval = seconds: 1
# start_time = Nov 10 2020 08:27:57 [Instrument's time stamp, header]
# bad_flag = -9.990e-29
*END*
[from data line 2872]
       2873    458.598     3.9964   3.256108    34.7646    27.5993 0.0000e+00
       2874    458.432     3.9964   3.256090    34.7645    27.5992 0.0000e+00
       2875    458.259     3.9962   3.256045    34.7642    27.5990 0.0000e+00
       2876    458.081     3.9961   3.256004    34.7640    27.5988 0.0000e+00
       2877    457.907     3.9958   3.255977    34.7640    27.5989 0.0000e+00
       2878    457.736     3.9956   3.255971    34.7643    27.5991 0.0000e+00
       2879    457.563     3.9956   3.255982    34.7645    27.5993 0.0000e+00
       2880    457.381     3.9956   3.255983    34.7646    27.5994 0.0000e+00
       2881    457.185     3.9956   3.255969    34.7645    27.5994 0.0000e+00
       2882    456.968     3.9955   3.255949    34.7645    27.5994 0.0000e+00
       2883    456.727     3.9955   3.255925    34.7644    27.5992 0.0000e+00
       2884    456.474     3.9954   3.255891    34.7642    27.5991 0.0000e+00
       2885    456.233     3.9954   3.255829    34.7636    27.5986 0.0000e+00
       2886    456.012     3.9951   3.255755    34.7632    27.5983 0.0000e+00
       2887    455.803     3.9947   3.255704    34.7631    27.5983 0.0000e+00
       2888    455.594     3.9946   3.255674    34.7630    27.5982 0.0000e+00
       2889    455.378     3.9945   3.255670    34.7631    27.5983 0.0000e+00
       2890    455.151     3.9946   3.255683    34.7633    27.5985 0.0000e+00
       2891    454.904     3.9946   3.255671    34.7633    27.5984 0.0000e+00
       2892    454.646     3.9945   3.255640    34.7632    27.5984 0.0000e+00
       2893    454.397     3.9943   3.255612    34.7632    27.5984 0.0000e+00
       2894    454.166     3.9943   3.255594    34.7631    27.5983 0.0000e+00
       2895    453.948     3.9942   3.255579    34.7631    27.5984 0.0000e+00
       2896    453.727     3.9940   3.255547    34.7631    27.5983 0.0000e+00
       2897    453.493     3.9938   3.255500    34.7628    27.5982 0.0000e+00
       2898    453.246     3.9936   3.255461    34.7627    27.5981 0.0000e+00
       2899    452.986     3.9935   3.255435    34.7627    27.5981 0.0000e+00
       2900    452.719     3.9935   3.255412    34.7625    27.5980 0.0000e+00
       2901    452.456     3.9934   3.255387    34.7625    27.5979 0.0000e+00
       2902    452.199     3.9933   3.255362    34.7624    27.5979 0.0000e+00
       2903    451.943     3.9932   3.255340    34.7624    27.5979 0.0000e+00
       2904    451.683     3.9931   3.255316    34.7624    27.5979 0.0000e+00
       2905    451.414     3.9929   3.255291    34.7624    27.5979 0.0000e+00
       2906    451.142     3.9928   3.255269    34.7624    27.5979 0.0000e+00
       2907    450.871     3.9928   3.255250    34.7623    27.5979 0.0000e+00
       2908    450.600     3.9927   3.255231    34.7624    27.5979 0.0000e+00
       2909    450.324     3.9926   3.255215    34.7624    27.5980 0.0000e+00
       2910    450.035     3.9926   3.255200    34.7624    27.5979 0.0000e+00
       2911    449.745     3.9926   3.255182    34.7623    27.5979 0.0000e+00
       2912    449.471     3.9926   3.255163    34.7623    27.5978 0.0000e+00
       2913    449.209     3.9926   3.255144    34.7622    27.5978 0.0000e+00
       2914    448.948     3.9926   3.255123    34.7621    27.5977 0.0000e+00
       2915    448.671     3.9924   3.255112    34.7623    27.5979 0.0000e+00
       2916    448.367     3.9924   3.255104    34.7623    27.5979 0.0000e+00
       2917    448.046     3.9924   3.255088    34.7623    27.5979 0.0000e+00
       2918    447.722     3.9924   3.255067    34.7623    27.5979 0.0000e+00
       2919    447.401     3.9924   3.255040    34.7621    27.5977 0.0000e+00
       2920    447.086     3.9922   3.255016    34.7622    27.5978 0.0000e+00
       2921    446.775     3.9920   3.254999    34.7624    27.5980 0.0000e+00
       2922    446.467     3.9920   3.254985    34.7624    27.5980 0.0000e+00
       2923    446.162     3.9920   3.254968    34.7623    27.5980 0.0000e+00
       2924    445.860     3.9921   3.254951    34.7622    27.5978 0.0000e+00
       2925    445.563     3.9920   3.254932    34.7622    27.5979 0.0000e+00
       2926    445.266     3.9920   3.254912    34.7621    27.5978 0.0000e+00
       2927    444.965     3.9920   3.254887    34.7620    27.5977 0.0000e+00
       2928    444.654     3.9918   3.254857    34.7620    27.5977 0.0000e+00
       2929    444.331     3.9916   3.254828    34.7621    27.5978 0.0000e+00
       2930    443.999     3.9916   3.254803    34.7619    27.5977 0.0000e+00
       2931    443.667     3.9914   3.254780    34.7621    27.5978 0.0000e+00
       2932    443.339     3.9913   3.254756    34.7621    27.5978 0.0000e+00
       2933    443.014     3.9913   3.254737    34.7620    27.5978 0.0000e+00
       2934    442.687     3.9913   3.254724    34.7620    27.5978 0.0000e+00
       2935    442.356     3.9914   3.254714    34.7620    27.5977 0.0000e+00
       2936    442.019     3.9914   3.254702    34.7620    27.5978 0.0000e+00
       2937    441.676     3.9914   3.254693    34.7621    27.5978 0.0000e+00
       2938    441.331     3.9914   3.254678    34.7621    27.5978 0.0000e+00
       2939    440.985     3.9913   3.254656    34.7621    27.5979 0.0000e+00
       2940    440.635     3.9913   3.254630    34.7620    27.5978 0.0000e+00
       2941    440.277     3.9913   3.254601    34.7618    27.5976 0.0000e+00
       2942    439.910     3.9911   3.254573    34.7619    27.5977 0.0000e+00
       2943    439.533     3.9909   3.254535    34.7619    27.5977 0.0000e+00
       2944    439.151     3.9907   3.254489    34.7617    27.5976 0.0000e+00
       2945    438.770     3.9905   3.254446    34.7616    27.5976 0.0000e+00
       2946    438.392     3.9905   3.254412    34.7614    27.5974 0.0000e+00
       2947    438.015     3.9905   3.254383    34.7613    27.5973 0.0000e+00
       2948    437.627     3.9905   3.254359    34.7612    27.5972 0.0000e+00
       2949    437.220     3.9904   3.254339    34.7613    27.5973 0.0000e+00
       2950    436.795     3.9905   3.254326    34.7613    27.5973 0.0000e+00
       2951    436.362     3.9905   3.254321    34.7614    27.5974 0.0000e+00
       2952    435.924     3.9905   3.254312    34.7616    27.5975 0.0000e+00
       2953    435.482     3.9905   3.254289    34.7615    27.5975 0.0000e+00
       2954    435.039     3.9905   3.254267    34.7615    27.5975 0.0000e+00
       2955    434.600     3.9904   3.254248    34.7616    27.5976 0.0000e+00
       2956    434.167     3.9904   3.254230    34.7616    27.5976 0.0000e+00
       2957    433.733     3.9904   3.254211    34.7616    27.5976 0.0000e+00
       2958    433.289     3.9905   3.254196    34.7616    27.5975 0.0000e+00
       2959    432.827     3.9906   3.254190    34.7617    27.5976 0.0000e+00
       2960    432.346     3.9909   3.254196    34.7617    27.5976 0.0000e+00
       2961    431.848     3.9912   3.254216    34.7619    27.5977 0.0000e+00
       2962    431.336     3.9916   3.254235    34.7619    27.5977 0.0000e+00
       2963    430.810     3.9918   3.254236    34.7620    27.5977 0.0000e+00
       2964    430.274     3.9920   3.254219    34.7619    27.5976 0.0000e+00
       2965    429.741     3.9920   3.254196    34.7619    27.5976 0.0000e+00
       2966    429.222     3.9920   3.254172    34.7619    27.5976 0.0000e+00
       2967    428.720     3.9921   3.254147    34.7617    27.5975 0.0000e+00
       2968    428.225     3.9922   3.254115    34.7615    27.5973 0.0000e+00
       2969    427.718     3.9920   3.254082    34.7616    27.5974 0.0000e+00
       2970    427.192     3.9920   3.254060    34.7616    27.5974 0.0000e+00
       2971    426.653     3.9920   3.254040    34.7617    27.5974 0.0000e+00
       2972    426.095     3.9920   3.254015    34.7617    27.5974 0.0000e+00
       2973    425.498     3.9920   3.253977    34.7615    27.5973 0.0000e+00
       2974    424.852     3.9918   3.253933    34.7616    27.5974 0.0000e+00
       2975    424.177     3.9917   3.253901    34.7617    27.5975 0.0000e+00
       2976    423.513     3.9917   3.253887    34.7618    27.5976 0.0000e+00
       2977    422.888     3.9919   3.253878    34.7619    27.5976 0.0000e+00
       2978    422.293     3.9920   3.253855    34.7618    27.5975 0.0000e+00
       2979    421.705     3.9920   3.253803    34.7615    27.5973 0.0000e+00
       2980    421.107     3.9919   3.253741    34.7612    27.5971 0.0000e+00
       2981    420.494     3.9919   3.253738    34.7615    27.5973 0.0000e+00
       2982    419.872     3.9924   3.253816    34.7622    27.5978 0.0000e+00
       2983    419.246     3.9931   3.253886    34.7626    27.5981 0.0000e+00
       2984    418.603     3.9936   3.253883    34.7624    27.5979 0.0000e+00
       2985    417.921     3.9935   3.253828    34.7622    27.5977 0.0000e+00
       2986    417.181     3.9932   3.253760    34.7621    27.5977 0.0000e+00
       2987    416.379     3.9930   3.253695    34.7620    27.5976 0.0000e+00
       2988    415.538     3.9928   3.253634    34.7619    27.5976 0.0000e+00
       2989    414.684     3.9926   3.253578    34.7619    27.5976 0.0000e+00
       2990    413.823     3.9924   3.253518    34.7619    27.5976 0.0000e+00
       2991    412.960     3.9924   3.253465    34.7617    27.5974 0.0000e+00
       2992    412.130     3.9923   3.253428    34.7618    27.5975 0.0000e+00
       2993    411.368     3.9922   3.253403    34.7620    27.5977 0.0000e+00
       2994    410.661     3.9922   3.253359    34.7619    27.5976 0.0000e+00
       2995    409.949     3.9922   3.253296    34.7615    27.5973 0.0000e+00
       2996    409.170     3.9922   3.253248    34.7614    27.5972 0.0000e+00
       2997    408.301     3.9922   3.253227    34.7616    27.5973 0.0000e+00
       2998    407.359     3.9924   3.253242    34.7620    27.5977 0.0000e+00
       2999    406.381     3.9928   3.253285    34.7627    27.5981 0.0000e+00
       3000    405.420     3.9935   3.253319    34.7628    27.5982 0.0000e+00
       3001    404.510     3.9941   3.253320    34.7627    27.5980 0.0000e+00
       3002    403.637     3.9944   3.253298    34.7626    27.5979 0.0000e+00
       3003    402.769     3.9945   3.253266    34.7626    27.5979 0.0000e+00
       3004    401.872     3.9945   3.253244    34.7628    27.5981 0.0000e+00
       3005    400.925     3.9947   3.253235    34.7630    27.5982 0.0000e+00
       3006    399.938     3.9951   3.253235    34.7631    27.5982 0.0000e+00
       3007    398.949     3.9956   3.253237    34.7631    27.5982 0.0000e+00
       3008    397.987     3.9960   3.253225    34.7630    27.5981 0.0000e+00
       3009    397.036     3.9964   3.253191    34.7627    27.5978 0.0000e+00
       3010    396.063     3.9967   3.253173    34.7627    27.5978 0.0000e+00
       3011    395.045     3.9974   3.253224    34.7631    27.5980 0.0000e+00
       3012    393.980     3.9987   3.253325    34.7635    27.5982 0.0000e+00
       3013    392.875     4.0001   3.253393    34.7634    27.5980 0.0000e+00
       3014    391.729     4.0013   3.253411    34.7630    27.5975 0.0000e+00
       3015    390.548     4.0024   3.253452    34.7629    27.5973 0.0000e+00
       3016    389.364     4.0040   3.253545    34.7629    27.5972 0.0000e+00
       3017    388.219     4.0059   3.253619    34.7624    27.5966 0.0000e+00
       3018    387.136     4.0072   3.253622    34.7617    27.5958 0.0000e+00
       3019    386.094     4.0080   3.253567    34.7607    27.5950 0.0000e+00
       3020    385.035     4.0086   3.253502    34.7599    27.5943 0.0000e+00
       3021    383.916     4.0092   3.253468    34.7594    27.5939 0.0000e+00
       3022    382.750     4.0101   3.253447    34.7589    27.5933 0.0000e+00
       3023    381.587     4.0110   3.253397    34.7579    27.5925 0.0000e+00
       3024    380.458     4.0115   3.253304    34.7569    27.5916 0.0000e+00
       3025    379.357     4.0115   3.253193    34.7562    27.5910 0.0000e+00
       3026    378.260     4.0115   3.253113    34.7558    27.5907 0.0000e+00
       3027    377.149     4.0115   3.253027    34.7554    27.5904 0.0000e+00
       3028    376.015     4.0114   3.252848    34.7540    27.5893 0.0000e+00
       3029    374.838     4.0113   3.252582    34.7515    27.5874 0.0000e+00
       3030    373.593     4.0106   3.252269    34.7492    27.5856 0.0000e+00
       3031    372.296     4.0096   3.251928    34.7469    27.5839 0.0000e+00
       3032    371.016     4.0085   3.251631    34.7453    27.5827 0.0000e+00
       3033    369.822     4.0077   3.251434    34.7444    27.5821 0.0000e+00
       3034    368.716     4.0071   3.251309    34.7442    27.5819 0.0000e+00
       3035    367.641     4.0068   3.251220    34.7440    27.5818 0.0000e+00
       3036    366.525     4.0067   3.251131    34.7436    27.5816 0.0000e+00
       3037    365.328     4.0067   3.251001    34.7427    27.5808 0.0000e+00
       3038    364.064     4.0066   3.250794    34.7411    27.5795 0.0000e+00
       3039    362.781     4.0061   3.250543    34.7393    27.5782 0.0000e+00
       3040    361.530     4.0054   3.250303    34.7378    27.5771 0.0000e+00
       3041    360.318     4.0046   3.250088    34.7368    27.5763 0.0000e+00
       3042    359.108     4.0038   3.249899    34.7360    27.5758 0.0000e+00
       3043    357.855     4.0030   3.249712    34.7353    27.5753 0.0000e+00
       3044    356.544     4.0021   3.249521    34.7347    27.5749 0.0000e+00
       3045    355.201     4.0013   3.249353    34.7343    27.5747 0.0000e+00
       3046    353.872     4.0008   3.249211    34.7338    27.5744 0.0000e+00
       3047    352.585     4.0004   3.249072    34.7333    27.5740 0.0000e+00
       3048    351.338     3.9998   3.248919    34.7328    27.5736 0.0000e+00
       3049    350.105     3.9991   3.248725    34.7319    27.5730 0.0000e+00
       3050    348.861     3.9978   3.248394    34.7300    27.5716 0.0000e+00
       3051    347.595     3.9955   3.247865    34.7268    27.5693 0.0000e+00
       3052    346.301     3.9920   3.247138    34.7226    27.5663 0.0000e+00
       3053    344.965     3.9876   3.246316    34.7182    27.5633 0.0000e+00
       3054    343.574     3.9829   3.245628    34.7157    27.5618 0.0000e+00
       3055    342.135     3.9789   3.245144    34.7150    27.5617 0.0000e+00
       3056    340.692     3.9753   3.244622    34.7134    27.5607 0.0000e+00
       3057    339.305     3.9713   3.243962    34.7105    27.5589 0.0000e+00
       3058    338.016     3.9674   3.243421    34.7089    27.5580 0.0000e+00
       3059    336.798     3.9645   3.243106    34.7089    27.5583 0.0000e+00
       3060    335.566     3.9627   3.242863    34.7085    27.5582 0.0000e+00
       3061    334.249     3.9608   3.242550    34.7075    27.5576 0.0000e+00
       3062    332.848     3.9585   3.242157    34.7061    27.5567 0.0000e+00
       3063    331.431     3.9562   3.241790    34.7049    27.5560 0.0000e+00
       3064    330.078     3.9543   3.241520    34.7044    27.5558 0.0000e+00
       3065    328.797     3.9529   3.241322    34.7042    27.5558 0.0000e+00
       3066    327.509     3.9518   3.241145    34.7040    27.5557 0.0000e+00
       3067    326.129     3.9506   3.240933    34.7035    27.5554 0.0000e+00
       3068    324.665     3.9492   3.240651    34.7024    27.5547 0.0000e+00
       3069    323.206     3.9473   3.240303    34.7010    27.5538 0.0000e+00
       3070    321.849     3.9451   3.239959    34.7000    27.5532 0.0000e+00
       3071    320.613     3.9432   3.239721    34.6998    27.5533 0.0000e+00
       3072    319.418     3.9423   3.239606    34.7001    27.5536 0.0000e+00
       3073    318.166     3.9419   3.239521    34.7001    27.5537 0.0000e+00
       3074    316.814     3.9413   3.239376    34.6998    27.5535 0.0000e+00
       3075    315.385     3.9402   3.239080    34.6982    27.5523 0.0000e+00
       3076    313.938     3.9380   3.238647    34.6961    27.5509 0.0000e+00
