Datasets/Multi_Species/TEL214/tel214_2020_001.cnv
* Sea-Bird SBE19plus Data File:
* Filename = C:/AQUIRE/tel214_2020_001.hex
* Software Version AquireV2 AF V2.0
* Temperature SN =  7853
* Conductivity SN =  7853
* System UpLoad Time = Nov 06 2020 01:16:27
* <ApplicationData>
* <AQUIREV2>
** VESSEL/TRIP/SEQ STN: tel214_2020_001
** LATITUDE: 52 32.80 N
** LONGITUDE: 05 32.10 W
** DATE/TIME: 2020-11-06 00:07
** SOUNDING DEPTH (M): 0254
** PROBE TYPE: S7853
** CTD NUMBER: 001
** COMMENTS: 
# nquan = 7                                 
# nvalues = 3861                        
# units = specified
# name 0 = scan: Scan Count
# name 1 = prdM: Pressure, Strain Gauge [db]
# name 2 = tv290C: Temperature [ITS-90, deg C]
# name 3 = c0S/m: Conductivity [S/m]
# name 4 = sal00: Salinity, Practical [PSU]
# name 5 = sigma-t00: Density [sigma-t, kg/m^3 ]
# name 6 = flag: flag
# span 0 =          1,       3861       
# span 1 =     -0.894,    255.364       
# span 2 =     1.1242,     2.3691       
# span 3 =   0.000063,   3.058934       
# span 4 =    -0.0004,    34.2192       
# span 5 =    -0.0825,    27.3178       
# span 6 = 0.0000e+00, 0.0000e+00       
# interval = seconds: 1
# start_time = Nov 06 2020 00:07:30 [Instrument's time stamp, header]
# bad_flag = -9.990e-29
*END*
[from data line 1436]
       1437     97.040     1.4118   2.913957    33.5139    26.8235 0.0000e+00
       1438     97.569     1.4305   2.915885    33.5181    26.8256 0.0000e+00
       1439     98.091     1.4486   2.917670    33.5212    26.8268 0.0000e+00
       1440     98.605     1.4633   2.918730    33.5186    26.8237 0.0000e+00
       1441     99.122     1.4719   2.919172    33.5147    26.8200 0.0000e+00
       1442     99.655     1.4758   2.919489    33.5143    26.8194 0.0000e+00
       1443    100.208     1.4782   2.919857    33.5161    26.8207 0.0000e+00
       1444    100.770     1.4804   2.920196    33.5177    26.8218 0.0000e+00
       1445    101.315     1.4824   2.920431    33.5182    26.8221 0.0000e+00
       1446    101.831     1.4849   2.920883    33.5210    26.8242 0.0000e+00
       1447    102.337     1.4918   2.922271    33.5309    26.8316 0.0000e+00
       1448    102.853     1.5111   2.925409    33.5498    26.8454 0.0000e+00
       1449    103.374     1.5483   2.930217    33.5706    26.8596 0.0000e+00
       1450    103.884     1.5981   2.935410    33.5828    26.8658 0.0000e+00
       1451    104.378     1.6484   2.939805    33.5844    26.8635 0.0000e+00
       1452    104.863     1.6883   2.942791    33.5792    26.8565 0.0000e+00
       1453    105.353     1.7132   2.944447    33.5733    26.8499 0.0000e+00
       1454    105.859     1.7279   2.945694    33.5731    26.8487 0.0000e+00
       1455    106.382     1.7411   2.947023    33.5754    26.8496 0.0000e+00
       1456    106.917     1.7546   2.948264    33.5764    26.8494 0.0000e+00
       1457    107.461     1.7687   2.949930    33.5820    26.8529 0.0000e+00
       1458    108.010     1.7892   2.952900    33.5972    26.8636 0.0000e+00
       1459    108.556     1.8228   2.957527    33.6193    26.8788 0.0000e+00
       1460    109.090     1.8714   2.963437    33.6415    26.8930 0.0000e+00
       1461    109.604     1.9274   2.969149    33.6532    26.8982 0.0000e+00
       1462    110.102     1.9765   2.973364    33.6535    26.8947 0.0000e+00
       1463    110.593     2.0126   2.976357    33.6523    26.8910 0.0000e+00
       1464    111.075     2.0427   2.978679    33.6490    26.8861 0.0000e+00
       1465    111.547     2.0686   2.980463    33.6436    26.8797 0.0000e+00
       1466    112.021     2.0861   2.982144    33.6457    26.8800 0.0000e+00
       1467    112.515     2.0988   2.984051    33.6557    26.8871 0.0000e+00
       1468    113.026     2.1136   2.985918    33.6630    26.8918 0.0000e+00
       1469    113.537     2.1292   2.987272    33.6631    26.8906 0.0000e+00
       1470    114.036     2.1401   2.987839    33.6583    26.8859 0.0000e+00
       1471    114.542     2.1441   2.988023    33.6561    26.8838 0.0000e+00
       1472    115.070     2.1453   2.988513    33.6606    26.8874 0.0000e+00
       1473    115.610     2.1492   2.989270    33.6656    26.8911 0.0000e+00
       1474    116.145     2.1561   2.989817    33.6648    26.8899 0.0000e+00
       1475    116.667     2.1612   2.990133    33.6630    26.8881 0.0000e+00
       1476    117.180     2.1631   2.990450    33.6647    26.8892 0.0000e+00
       1477    117.685     2.1635   2.990622    33.6661    26.8903 0.0000e+00
       1478    118.177     2.1614   2.990271    33.6637    26.8886 0.0000e+00
       1479    118.657     2.1536   2.989189    33.6582    26.8848 0.0000e+00
       1480    119.129     2.1386   2.987648    33.6546    26.8831 0.0000e+00
       1481    119.599     2.1198   2.986198    33.6563    26.8859 0.0000e+00
       1482    120.078     2.1018   2.985141    33.6619    26.8918 0.0000e+00
       1483    120.572     2.0871   2.984390    33.6679    26.8977 0.0000e+00
       1484    121.082     2.0754   2.983801    33.6726    26.9024 0.0000e+00
       1485    121.604     2.0647   2.983112    33.6751    26.9053 0.0000e+00
       1486    122.131     2.0523   2.982020    33.6744    26.9056 0.0000e+00
       1487    122.661     2.0369   2.980627    33.6730    26.9057 0.0000e+00
       1488    123.194     2.0183   2.978958    33.6716    26.9060 0.0000e+00
       1489    123.729     1.9965   2.976941    33.6693    26.9058 0.0000e+00
       1490    124.262     1.9699   2.974322    33.6645    26.9040 0.0000e+00
       1491    124.788     1.9356   2.970560    33.6536    26.8979 0.0000e+00
       1492    125.304     1.8921   2.965968    33.6420    26.8919 0.0000e+00
       1493    125.816     1.8414   2.961187    33.6357    26.8906 0.0000e+00
       1494    126.333     1.7860   2.956406    33.6344    26.8936 0.0000e+00
       1495    126.854     1.7298   2.952040    33.6391    26.9015 0.0000e+00
       1496    127.372     1.6791   2.948489    33.6482    26.9124 0.0000e+00
       1497    127.882     1.6381   2.945979    33.6600    26.9249 0.0000e+00
       1498    128.388     1.6090   2.944467    33.6717    26.9364 0.0000e+00
       1499    128.894     1.5899   2.943406    33.6785    26.9432 0.0000e+00
       1500    129.400     1.5746   2.942343    33.6811    26.9464 0.0000e+00
       1501    129.905     1.5599   2.941445    33.6852    26.9507 0.0000e+00
       1502    130.419     1.5490   2.941055    33.6917    26.9566 0.0000e+00
       1503    130.958     1.5445   2.940913    33.6944    26.9591 0.0000e+00
       1504    131.524     1.5428   2.940625    33.6923    26.9575 0.0000e+00
       1505    132.095     1.5396   2.940277    33.6910    26.9567 0.0000e+00
       1506    132.648     1.5348   2.940084    33.6933    26.9590 0.0000e+00
       1507    133.183     1.5302   2.940126    33.6985    26.9634 0.0000e+00
       1508    133.715     1.5270   2.940173    33.7022    26.9667 0.0000e+00
       1509    134.247     1.5248   2.940143    33.7039    26.9682 0.0000e+00
       1510    134.767     1.5234   2.940352    33.7078    26.9713 0.0000e+00
       1511    135.271     1.5246   2.940890    33.7130    26.9755 0.0000e+00
       1512    135.773     1.5285   2.941543    33.7168    26.9782 0.0000e+00
       1513    136.283     1.5328   2.942019    33.7179    26.9788 0.0000e+00
       1514    136.805     1.5349   2.942160    33.7172    26.9781 0.0000e+00
       1515    137.333     1.5337   2.942025    33.7164    26.9776 0.0000e+00
       1516    137.863     1.5301   2.941811    33.7173    26.9785 0.0000e+00
       1517    138.401     1.5260   2.941669    33.7196    26.9806 0.0000e+00
       1518    138.957     1.5232   2.941566    33.7210    26.9820 0.0000e+00
       1519    139.531     1.5211   2.941499    33.7220    26.9830 0.0000e+00
       1520    140.111     1.5190   2.941688    33.7264    26.9866 0.0000e+00
       1521    140.678     1.5179   2.942220    33.7340    26.9928 0.0000e+00
       1522    141.221     1.5188   2.942952    33.7420    26.9991 0.0000e+00
       1523    141.743     1.5219   2.943879    33.7501    27.0054 0.0000e+00
       1524    142.256     1.5280   2.944946    33.7567    27.0103 0.0000e+00
       1525    142.772     1.5356   2.945876    33.7601    27.0125 0.0000e+00
       1526    143.296     1.5431   2.946672    33.7618    27.0133 0.0000e+00
       1527    143.819     1.5516   2.947816    33.7669    27.0168 0.0000e+00
       1528    144.328     1.5638   2.949600    33.7760    27.0233 0.0000e+00
       1529    144.818     1.5787   2.951443    33.7831    27.0279 0.0000e+00
       1530    145.307     1.5915   2.952644    33.7843    27.0279 0.0000e+00
       1531    145.824     1.6008   2.953448    33.7841    27.0271 0.0000e+00
       1532    146.376     1.6087   2.954266    33.7857    27.0278 0.0000e+00
       1533    146.942     1.6159   2.954967    33.7865    27.0279 0.0000e+00
       1534    147.504     1.6212   2.955422    33.7862    27.0274 0.0000e+00
       1535    148.059     1.6247   2.955774    33.7866    27.0274 0.0000e+00
       1536    148.611     1.6281   2.956229    33.7884    27.0286 0.0000e+00
       1537    149.158     1.6324   2.956857    33.7914    27.0307 0.0000e+00
       1538    149.694     1.6378   2.957568    33.7943    27.0326 0.0000e+00
       1539    150.219     1.6430   2.958231    33.7968    27.0343 0.0000e+00
       1540    150.743     1.6469   2.958727    33.7986    27.0354 0.0000e+00
       1541    151.265     1.6488   2.959024    33.8000    27.0364 0.0000e+00
       1542    151.777     1.6494   2.959187    33.8011    27.0373 0.0000e+00
       1543    152.279     1.6493   2.959272    33.8020    27.0380 0.0000e+00
       1544    152.788     1.6491   2.959356    33.8030    27.0388 0.0000e+00
       1545    153.316     1.6496   2.959613    33.8054    27.0407 0.0000e+00
       1546    153.862     1.6532   2.960526    33.8127    27.0463 0.0000e+00
       1547    154.408     1.6628   2.962259    33.8240    27.0547 0.0000e+00
       1548    154.945     1.6766   2.964165    33.8329    27.0608 0.0000e+00
       1549    155.483     1.6913   2.966012    33.8401    27.0655 0.0000e+00
       1550    156.031     1.7086   2.968262    33.8496    27.0719 0.0000e+00
       1551    156.581     1.7302   2.970846    33.8587    27.0776 0.0000e+00
       1552    157.124     1.7534   2.973246    33.8637    27.0799 0.0000e+00
       1553    157.659     1.7740   2.975274    33.8669    27.0809 0.0000e+00
       1554    158.193     1.7916   2.977081    33.8704    27.0824 0.0000e+00
       1555    158.731     1.8076   2.978661    33.8728    27.0832 0.0000e+00
       1556    159.269     1.8216   2.979860    33.8726    27.0819 0.0000e+00
       1557    159.807     1.8327   2.980830    33.8726    27.0811 0.0000e+00
       1558    160.348     1.8418   2.981750    33.8740    27.0816 0.0000e+00
       1559    160.884     1.8491   2.982460    33.8748    27.0817 0.0000e+00
       1560    161.414     1.8540   2.982778    33.8733    27.0801 0.0000e+00
       1561    161.946     1.8561   2.982911    33.8724    27.0792 0.0000e+00
       1562    162.490     1.8570   2.983195    33.8747    27.0810 0.0000e+00
       1563    163.047     1.8592   2.983622    33.8774    27.0830 0.0000e+00
       1564    163.610     1.8634   2.984120    33.8788    27.0838 0.0000e+00
       1565    164.171     1.8691   2.984822    33.8812    27.0853 0.0000e+00
       1566    164.728     1.8762   2.985755    33.8850    27.0878 0.0000e+00
       1567    165.282     1.8846   2.986700    33.8875    27.0892 0.0000e+00
       1568    165.834     1.8928   2.987544    33.8890    27.0898 0.0000e+00
       1569    166.389     1.8992   2.988322    33.8916    27.0914 0.0000e+00
       1570    166.954     1.9033   2.989121    33.8969    27.0953 0.0000e+00
       1571    167.520     1.9059   2.989989    33.9047    27.1013 0.0000e+00
       1572    168.073     1.9074   2.990760    33.9125    27.1074 0.0000e+00
       1573    168.625     1.9074   2.991234    33.9181    27.1119 0.0000e+00
       1574    169.196     1.9057   2.991478    33.9226    27.1157 0.0000e+00
       1575    169.782     1.9025   2.991656    33.9280    27.1202 0.0000e+00
       1576    170.354     1.8981   2.991700    33.9329    27.1245 0.0000e+00
       1577    170.895     1.8925   2.991577    33.9371    27.1283 0.0000e+00
       1578    171.422     1.8865   2.991582    33.9433    27.1337 0.0000e+00
       1579    171.955     1.8822   2.992212    33.9555    27.1438 0.0000e+00
       1580    172.491     1.8832   2.993658    33.9723    27.1572 0.0000e+00
       1581    173.011     1.8908   2.995573    33.9879    27.1691 0.0000e+00
       1582    173.510     1.9029   2.997606    34.0001    27.1780 0.0000e+00
       1583    173.996     1.9156   2.999416    34.0089    27.1841 0.0000e+00
       1584    174.479     1.9264   3.000738    34.0136    27.1870 0.0000e+00
       1585    174.964     1.9342   3.001655    34.0164    27.1887 0.0000e+00
       1586    175.444     1.9394   3.002299    34.0186    27.1901 0.0000e+00
       1587    175.902     1.9430   3.002747    34.0201    27.1910 0.0000e+00
       1588    176.335     1.9459   3.003113    34.0213    27.1917 0.0000e+00
       1589    176.753     1.9481   3.003463    34.0231    27.1930 0.0000e+00
       1590    177.167     1.9499   3.003783    34.0250    27.1943 0.0000e+00
       1591    177.569     1.9512   3.004032    34.0264    27.1954 0.0000e+00
       1592    177.947     1.9523   3.004208    34.0273    27.1960 0.0000e+00
       1593    178.294     1.9529   3.004391    34.0287    27.1971 0.0000e+00
       1594    178.615     1.9532   3.004645    34.0314    27.1992 0.0000e+00
       1595    178.920     1.9537   3.004947    34.0345    27.2017 0.0000e+00
       1596    179.225     1.9547   3.005299    34.0376    27.2041 0.0000e+00
       1597    179.542     1.9562   3.005750    34.0415    27.2071 0.0000e+00
       1598    179.858     1.9588   3.006350    34.0460    27.2105 0.0000e+00
       1599    180.143     1.9625   3.006963    34.0496    27.2131 0.0000e+00
       1600    180.392     1.9660   3.007392    34.0510    27.2140 0.0000e+00
       1601    180.634     1.9686   3.007776    34.0529    27.2153 0.0000e+00
       1602    180.891     1.9716   3.008330    34.0565    27.2179 0.0000e+00
       1603    181.152     1.9764   3.009068    34.0604    27.2207 0.0000e+00
       1604    181.394     1.9825   3.009854    34.0636    27.2228 0.0000e+00
       1605    181.621     1.9885   3.010524    34.0654    27.2237 0.0000e+00
       1606    181.852     1.9934   3.011119    34.0674    27.2250 0.0000e+00
       1607    182.088     1.9982   3.011714    34.0696    27.2264 0.0000e+00
       1608    182.315     2.0035   3.012314    34.0713    27.2273 0.0000e+00
       1609    182.523     2.0086   3.012876    34.0727    27.2281 0.0000e+00
       1610    182.720     2.0124   3.013297    34.0738    27.2286 0.0000e+00
       1611    182.918     2.0152   3.013571    34.0741    27.2286 0.0000e+00
       1612    183.115     2.0172   3.013730    34.0738    27.2283 0.0000e+00
       1613    183.307     2.0185   3.013833    34.0736    27.2280 0.0000e+00
       1614    183.494     2.0194   3.013926    34.0737    27.2280 0.0000e+00
       1615    183.682     2.0200   3.013983    34.0736    27.2279 0.0000e+00
       1616    183.875     2.0202   3.014009    34.0736    27.2279 0.0000e+00
       1617    184.076     2.0205   3.014050    34.0737    27.2279 0.0000e+00
       1618    184.281     2.0209   3.014091    34.0737    27.2279 0.0000e+00
       1619    184.485     2.0214   3.014111    34.0733    27.2275 0.0000e+00
       1620    184.687     2.0217   3.014132    34.0731    27.2274 0.0000e+00
       1621    184.891     2.0221   3.014215    34.0736    27.2277 0.0000e+00
       1622    185.106     2.0228   3.014430    34.0754    27.2291 0.0000e+00
       1623    185.328     2.0244   3.014802    34.0782    27.2313 0.0000e+00
       1624    185.540     2.0271   3.015220    34.0804    27.2328 0.0000e+00
       1625    185.734     2.0304   3.015595    34.0815    27.2334 0.0000e+00
       1626    185.924     2.0342   3.016103    34.0836    27.2348 0.0000e+00
       1627    186.130     2.0412   3.017173    34.0894    27.2389 0.0000e+00
       1628    186.351     2.0551   3.019149    34.0990    27.2455 0.0000e+00
       1629    186.576     2.0751   3.021365    34.1051    27.2488 0.0000e+00
       1630    186.802     2.0938   3.022705    34.1016    27.2445 0.0000e+00
       1631    187.029     2.1037   3.022938    34.0937    27.2374 0.0000e+00
       1632    187.260     2.1044   3.022530    34.0877    27.2326 0.0000e+00
       1633    187.501     2.0999   3.022067    34.0867    27.2321 0.0000e+00
       1634    187.761     2.0951   3.021830    34.0887    27.2341 0.0000e+00
       1635    188.045     2.0916   3.021729    34.0911    27.2363 0.0000e+00
       1636    188.348     2.0887   3.021584    34.0922    27.2374 0.0000e+00
       1637    188.654     2.0850   3.021230    34.0916    27.2372 0.0000e+00
       1638    188.939     2.0801   3.020727    34.0904    27.2366 0.0000e+00
       1639    189.193     2.0754   3.020341    34.0905    27.2371 0.0000e+00
       1640    189.431     2.0722   3.020184    34.0918    27.2384 0.0000e+00
       1641    189.675     2.0706   3.020220    34.0938    27.2402 0.0000e+00
