Datasets/Multi_Species/TEL214/tel214_2020_027.cnv
* Sea-Bird SBE19plus Data File:
* Filename = C:/AQUIRE/tel214_2020_027.hex
* Software Version AquireV2 AF V2.0
* Temperature SN =  7853
* Conductivity SN =  7853
* System UpLoad Time = Nov 14 2020 23:46:46
* <ApplicationData>
* <AQUIREV2>
** VESSEL/TRIP/SEQ STN: tel214_2020_027
** LATITUDE: 53 33.33 N
** LONGITUDE: 52 28.01 W
** DATE/TIME: 2020-11-14 22:21
** SOUNDING DEPTH (M): 0464
** PROBE TYPE: S7853
** CTD NUMBER: 027
** COMMENTS: 
# nquan = 7                                 
# nvalues = 4954                        
# units = specified
# name 0 = scan: Scan Count
# name 1 = prdM: Pressure, Strain Gauge [db]
# name 2 = tv290C: Temperature [ITS-90, deg C]
# name 3 = c0S/m: Conductivity [S/m]
# name 4 = sal00: Salinity, Practical [PSU]
# name 5 = sigma-t00: Density [sigma-t, kg/m^3 ]
# name 6 = flag: flag
# span 0 =          1,       4954       
# span 1 =     -1.092,    465.984       
# span 2 =     0.3270,     4.0926       
# span 3 =   0.000090,   3.261839       
# span 4 =    -0.0012,    34.8099       
# span 5 =    -0.1362,    27.6449       
# span 6 = 0.0000e+00, 0.0000e+00       
# interval = seconds: 1
# start_time = Nov 14 2020 22:21:23 [Instrument's time stamp, header]
# bad_flag = -9.990e-29
*END*
[from data line 411]
        412     -1.067     0.3873   0.000120    -0.0009    -0.1324 0.0000e+00
        413     -1.065     0.3873   0.000119    -0.0009    -0.1324 0.0000e+00
        414     -1.065     0.3873   0.000116    -0.0010    -0.1324 0.0000e+00
        415     -1.066     0.3873   0.000116    -0.0010    -0.1324 0.0000e+00
        416     -1.067     0.3873   0.000117    -0.0009    -0.1324 0.0000e+00
        417     -1.067     0.3873   0.000118    -0.0009    -0.1324 0.0000e+00
        418     -1.068     0.3873   0.000119    -0.0009    -0.1324 0.0000e+00
        419     -1.069     0.3872   0.000118    -0.0009    -0.1325 0.0000e+00
        420     -1.068     0.3872   0.000118    -0.0009    -0.1325 0.0000e+00
        421     -1.068     0.3872   0.000118    -0.0009    -0.1325 0.0000e+00
        422     -1.069     0.3871   0.000118    -0.0009    -0.1325 0.0000e+00
        423     -1.068     0.3871   0.000120    -0.0009    -0.1325 0.0000e+00
        424     -1.067     0.3871   0.000121    -0.0009    -0.1325 0.0000e+00
        425     -1.067     0.3871   0.000121    -0.0009    -0.1325 0.0000e+00
        426     -1.067     0.3871   0.000120    -0.0009    -0.1325 0.0000e+00
        427     -1.066     0.3871   0.000119    -0.0009    -0.1325 0.0000e+00
        428     -1.066     0.3871   0.000121    -0.0009    -0.1325 0.0000e+00
        429     -1.068     0.3871   0.000120    -0.0009    -0.1325 0.0000e+00
        430     -1.071     0.3871   0.000119    -0.0009    -0.1325 0.0000e+00
        431     -1.070     0.3871   0.000119    -0.0009    -0.1325 0.0000e+00
        432     -1.068     0.3871   0.000119    -0.0009    -0.1325 0.0000e+00
        433     -1.069     0.3871   0.000118    -0.0009    -0.1325 0.0000e+00
        434     -1.072     0.3870   0.000118    -0.0009    -0.1325 0.0000e+00
        435     -1.074     0.3870   0.000119    -0.0009    -0.1325 0.0000e+00
        436     -1.073     0.3869   0.000118    -0.0009    -0.1325 0.0000e+00
        437     -1.071     0.3869   0.000117    -0.0009    -0.1325 0.0000e+00
        438     -1.070     0.3869   0.000118    -0.0009    -0.1325 0.0000e+00
        439     -1.070     0.3869   0.000118    -0.0009    -0.1325 0.0000e+00
        440     -1.070     0.3869   0.000117    -0.0009    -0.1325 0.0000e+00
        441     -1.070     0.3869   0.000116    -0.0010    -0.1325 0.0000e+00
        442     -1.070     0.3869   0.000117    -0.0009    -0.1325 0.0000e+00
        443     -1.070     0.3867   0.000118    -0.0009    -0.1325 0.0000e+00
        444     -1.069     0.3867   0.000119    -0.0009    -0.1325 0.0000e+00
        445     -1.068     0.3867   0.000120    -0.0009    -0.1325 0.0000e+00
        446     -1.067     0.3867   0.000120    -0.0009    -0.1325 0.0000e+00
        447     -1.069     0.3867   0.000119    -0.0009    -0.1325 0.0000e+00
        448     -1.071     0.3867   0.000117    -0.0009    -0.1325 0.0000e+00
        449     -1.073     0.3867   0.000118    -0.0009    -0.1325 0.0000e+00
        450     -1.074     0.3867   0.000119    -0.0009    -0.1325 0.0000e+00
        451     -1.073     0.3867   0.000118    -0.0009    -0.1325 0.0000e+00
        452     -1.073     0.3866   0.000118    -0.0009    -0.1325 0.0000e+00
        453     -1.074     0.3866   0.000120    -0.0009    -0.1325 0.0000e+00
        454     -1.073     0.3866   0.000120    -0.0009    -0.1325 0.0000e+00
        455     -1.071     0.3866   0.000122    -0.0009    -0.1325 0.0000e+00
        456     -1.070     0.3867   0.000121    -0.0009    -0.1325 0.0000e+00
        457     -1.068     0.3867   0.000120    -0.0009    -0.1325 0.0000e+00
        458     -1.067     0.3867   0.000121    -0.0009    -0.1325 0.0000e+00
        459     -1.069     0.3866   0.000122    -0.0009    -0.1325 0.0000e+00
        460     -1.071     0.3866   0.000122    -0.0009    -0.1325 0.0000e+00
        461     -1.069     0.3866   0.000120    -0.0009    -0.1325 0.0000e+00
        462     -1.069     0.3866   0.000119    -0.0009    -0.1325 0.0000e+00
        463     -1.070     0.3867   0.000120    -0.0009    -0.1325 0.0000e+00
        464     -1.070     0.3867   0.000122    -0.0009    -0.1325 0.0000e+00
        465     -1.070     0.3867   0.000122    -0.0009    -0.1325 0.0000e+00
        466     -1.069     0.3868   0.000120    -0.0009    -0.1325 0.0000e+00
        467     -1.067     0.3867   0.000119    -0.0009    -0.1325 0.0000e+00
        468     -1.064     0.3867   0.000119    -0.0009    -0.1325 0.0000e+00
        469     -1.064     0.3867   0.000118    -0.0009    -0.1325 0.0000e+00
        470     -1.067     0.3867   0.000119    -0.0009    -0.1325 0.0000e+00
        471     -1.069     0.3867   0.000120    -0.0009    -0.1325 0.0000e+00
        472     -1.069     0.3867   0.000122    -0.0009    -0.1325 0.0000e+00
        473     -1.069     0.3869   0.000123    -0.0009    -0.1325 0.0000e+00
        474     -1.067     0.3869   0.000123    -0.0009    -0.1325 0.0000e+00
        475     -1.066     0.3869   0.000121    -0.0009    -0.1325 0.0000e+00
        476     -1.068     0.3869   0.000120    -0.0009    -0.1325 0.0000e+00
        477     -1.070     0.3869   0.000120    -0.0009    -0.1325 0.0000e+00
        478     -1.072     0.3869   0.000119    -0.0009    -0.1325 0.0000e+00
        479     -1.074     0.3869   0.000120    -0.0009    -0.1325 0.0000e+00
        480     -1.073     0.3869   0.000122    -0.0009    -0.1325 0.0000e+00
        481     -1.071     0.3869   0.000121    -0.0009    -0.1325 0.0000e+00
        482     -1.069     0.3869   0.000119    -0.0009    -0.1325 0.0000e+00
        483     -1.067     0.3868   0.000119    -0.0009    -0.1325 0.0000e+00
        484     -1.064     0.3868   0.000120    -0.0009    -0.1325 0.0000e+00
        485     -1.064     0.3868   0.000121    -0.0009    -0.1325 0.0000e+00
        486     -1.067     0.3869   0.000120    -0.0009    -0.1325 0.0000e+00
        487     -1.069     0.3869   0.000120    -0.0009    -0.1325 0.0000e+00
        488     -1.070     0.3869   0.000122    -0.0009    -0.1325 0.0000e+00
        489     -1.070     0.3869   0.000122    -0.0009    -0.1325 0.0000e+00
        490     -1.070     0.3869   0.000122    -0.0009    -0.1325 0.0000e+00
        491     -1.070     0.3869   0.000122    -0.0009    -0.1325 0.0000e+00
        492     -1.069     0.3869   0.000121    -0.0009    -0.1325 0.0000e+00
        493     -1.066     0.3869   0.000121    -0.0009    -0.1325 0.0000e+00
        494     -1.063     0.3869   0.000121    -0.0009    -0.1325 0.0000e+00
        495     -1.062     0.3869   0.000120    -0.0009    -0.1325 0.0000e+00
        496     -1.063     0.3869   0.000119    -0.0009    -0.1325 0.0000e+00
        497     -1.067     0.3869   0.000120    -0.0009    -0.1325 0.0000e+00
        498     -1.069     0.3869   0.000122    -0.0009    -0.1325 0.0000e+00
        499     -1.069     0.3869   0.000122    -0.0009    -0.1325 0.0000e+00
        500     -1.067     0.3870   0.000122    -0.0009    -0.1325 0.0000e+00
        501     -1.066     0.3870   0.000120    -0.0009    -0.1325 0.0000e+00
        502     -1.067     0.3870   0.000119    -0.0009    -0.1325 0.0000e+00
        503     -1.069     0.3870   0.000119    -0.0009    -0.1325 0.0000e+00
        504     -1.070     0.3870   0.000119    -0.0009    -0.1325 0.0000e+00
        505     -1.070     0.3870   0.000119    -0.0009    -0.1325 0.0000e+00
        506     -1.070     0.3870   0.000120    -0.0009    -0.1325 0.0000e+00
        507     -1.069     0.3870   0.000121    -0.0009    -0.1325 0.0000e+00
        508     -1.067     0.3870   0.000120    -0.0009    -0.1325 0.0000e+00
        509     -1.066     0.3870   0.000120    -0.0009    -0.1325 0.0000e+00
        510     -1.067     0.3870   0.000122    -0.0009    -0.1325 0.0000e+00
        511     -1.068     0.3870   0.000122    -0.0009    -0.1325 0.0000e+00
        512     -1.068     0.3870   0.000121    -0.0009    -0.1325 0.0000e+00
        513     -1.066     0.3870   0.000121    -0.0009    -0.1325 0.0000e+00
        514     -1.063     0.3870   0.000121    -0.0009    -0.1325 0.0000e+00
        515     -1.062     0.3870   0.000121    -0.0009    -0.1325 0.0000e+00
        516     -1.063     0.3870   0.000121    -0.0009    -0.1325 0.0000e+00
        517     -1.062     0.3870   0.000121    -0.0009    -0.1325 0.0000e+00
        518     -1.061     0.3870   0.000120    -0.0009    -0.1325 0.0000e+00
        519     -1.063     0.3870   0.000120    -0.0009    -0.1325 0.0000e+00
        520     -1.066     0.3870   0.000122    -0.0009    -0.1325 0.0000e+00
        521     -1.068     0.3870   0.000122    -0.0009    -0.1325 0.0000e+00
        522     -1.067     0.3870   0.000120    -0.0009    -0.1325 0.0000e+00
        523     -1.066     0.3870   0.000120    -0.0009    -0.1325 0.0000e+00
        524     -1.068     0.3870   0.000121    -0.0009    -0.1325 0.0000e+00
        525     -1.072     0.3870   0.000120    -0.0009    -0.1325 0.0000e+00
        526     -1.074     0.3870   0.000119    -0.0009    -0.1325 0.0000e+00
        527     -1.075     0.3871   0.000119    -0.0009    -0.1325 0.0000e+00
        528     -1.074     0.3871   0.000121    -0.0009    -0.1325 0.0000e+00
        529     -1.073     0.3871   0.000120    -0.0009    -0.1325 0.0000e+00
        530     -1.071     0.3871   0.000119    -0.0009    -0.1325 0.0000e+00
        531     -1.070     0.3870   0.000119    -0.0009    -0.1325 0.0000e+00
        532     -1.070     0.3871   0.000119    -0.0009    -0.1325 0.0000e+00
        533     -1.070     0.3871   0.000119    -0.0009    -0.1325 0.0000e+00
        534     -1.070     0.3871   0.000120    -0.0009    -0.1325 0.0000e+00
        535     -1.070     0.3871   0.000122    -0.0009    -0.1325 0.0000e+00
        536     -1.070     0.3871   0.000122    -0.0009    -0.1325 0.0000e+00
        537     -1.070     0.3871   0.000121    -0.0009    -0.1325 0.0000e+00
        538     -1.070     0.3871   0.000120    -0.0009    -0.1325 0.0000e+00
        539     -1.069     0.3871   0.000119    -0.0009    -0.1325 0.0000e+00
        540     -1.067     0.3871   0.000118    -0.0009    -0.1325 0.0000e+00
        541     -1.066     0.3871   0.000119    -0.0009    -0.1325 0.0000e+00
        542     -1.067     0.3872   0.000121    -0.0009    -0.1325 0.0000e+00
        543     -1.067     0.3872   0.000122    -0.0009    -0.1325 0.0000e+00
        544     -1.066     0.3872   0.000120    -0.0009    -0.1325 0.0000e+00
        545     -1.067     0.3871   0.000118    -0.0009    -0.1325 0.0000e+00
        546     -1.069     0.3871   0.000119    -0.0009    -0.1325 0.0000e+00
        547     -1.070     0.3871   0.000121    -0.0009    -0.1325 0.0000e+00
        548     -1.071     0.3871   0.000120    -0.0009    -0.1325 0.0000e+00
        549     -1.073     0.3871   0.000120    -0.0009    -0.1325 0.0000e+00
        550     -1.074     0.3871   0.000121    -0.0009    -0.1325 0.0000e+00
        551     -1.073     0.3871   0.000120    -0.0009    -0.1325 0.0000e+00
        552     -1.071     0.3871   0.000119    -0.0009    -0.1325 0.0000e+00
        553     -1.070     0.3870   0.000119    -0.0009    -0.1325 0.0000e+00
        554     -1.069     0.3870   0.000119    -0.0009    -0.1325 0.0000e+00
        555     -1.067     0.3870   0.000121    -0.0009    -0.1325 0.0000e+00
        556     -1.064     0.3870   0.000122    -0.0009    -0.1325 0.0000e+00
        557     -1.064     0.3870   0.000120    -0.0009    -0.1325 0.0000e+00
        558     -1.067     0.3868   0.000118    -0.0009    -0.1325 0.0000e+00
        559     -1.069     0.3866   0.000120    -0.0009    -0.1325 0.0000e+00
        560     -1.069     0.3866   0.000119    -0.0009    -0.1325 0.0000e+00
        561     -1.067     0.3865   0.000119    -0.0009    -0.1325 0.0000e+00
        562     -1.066     0.3865   0.000120    -0.0009    -0.1325 0.0000e+00
        563     -1.067     0.3865   0.000119    -0.0009    -0.1325 0.0000e+00
        564     -1.069     0.3865   0.000116    -0.0010    -0.1325 0.0000e+00
        565     -1.069     0.3865   0.000116    -0.0010    -0.1325 0.0000e+00
        566     -1.067     0.3866   0.000118    -0.0009    -0.1325 0.0000e+00
        567     -1.066     0.3869   0.000120    -0.0009    -0.1325 0.0000e+00
        568     -1.066     0.3869   0.000121    -0.0009    -0.1325 0.0000e+00
        569     -1.067     0.3869   0.000121    -0.0009    -0.1325 0.0000e+00
        570     -1.070     0.3868   0.000122    -0.0009    -0.1325 0.0000e+00
        571     -1.073     0.3867   0.000121    -0.0009    -0.1325 0.0000e+00
        572     -1.074     0.3867   0.000121    -0.0009    -0.1325 0.0000e+00
        573     -1.074     0.3866   0.000119    -0.0009    -0.1325 0.0000e+00
        574     -1.073     0.3866   0.000120    -0.0009    -0.1325 0.0000e+00
        575     -1.071     0.3866   0.000122    -0.0009    -0.1325 0.0000e+00
        576     -1.071     0.3868   0.000122    -0.0009    -0.1325 0.0000e+00
        577     -1.071     0.3870   0.000122    -0.0009    -0.1325 0.0000e+00
        578     -1.073     0.3872   0.000120    -0.0009    -0.1325 0.0000e+00
        579     -1.074     0.3875   0.000121    -0.0009    -0.1324 0.0000e+00
        580     -1.073     0.3876   0.000122    -0.0009    -0.1324 0.0000e+00
        581     -1.071     0.3876   0.000124    -0.0009    -0.1324 0.0000e+00
        582     -1.070     0.3876   0.000124    -0.0009    -0.1324 0.0000e+00
        583     -1.070     0.3875   0.000123    -0.0009    -0.1324 0.0000e+00
        584     -1.070     0.3875   0.000122    -0.0009    -0.1324 0.0000e+00
        585     -1.069     0.3874   0.000122    -0.0009    -0.1324 0.0000e+00
        586     -1.067     0.3872   0.000121    -0.0009    -0.1325 0.0000e+00
        587     -1.066     0.3871   0.000120    -0.0009    -0.1325 0.0000e+00
        588     -1.068     0.3871   0.000119    -0.0009    -0.1325 0.0000e+00
        589     -1.070     0.3871   0.000120    -0.0009    -0.1325 0.0000e+00
        590     -1.072     0.3871   0.000122    -0.0009    -0.1325 0.0000e+00
        591     -1.074     0.3871   0.000121    -0.0009    -0.1325 0.0000e+00
        592     -1.073     0.3871   0.000120    -0.0009    -0.1325 0.0000e+00
        593     -1.071     0.3871   0.000121    -0.0009    -0.1325 0.0000e+00
        594     -1.070     0.3871   0.000120    -0.0009    -0.1325 0.0000e+00
        595     -1.070     0.3871   0.000120    -0.0009    -0.1325 0.0000e+00
        596     -1.070     0.3870   0.000122    -0.0009    -0.1325 0.0000e+00
        597     -1.070     0.3870   0.000122    -0.0009    -0.1325 0.0000e+00
        598     -1.071     0.3869   0.000120    -0.0009    -0.1325 0.0000e+00
        599     -1.073     0.3869   0.000119    -0.0009    -0.1325 0.0000e+00
        600     -1.074     0.3869   0.000118    -0.0009    -0.1325 0.0000e+00
        601     -1.073     0.3869   0.000120    -0.0009    -0.1325 0.0000e+00
        602     -1.072     0.3868   0.000121    -0.0009    -0.1325 0.0000e+00
        603     -1.073     0.3869   0.000122    -0.0009    -0.1325 0.0000e+00
        604     -1.073     0.3869   0.000121    -0.0009    -0.1325 0.0000e+00
        605     -1.070     0.3869   0.000122    -0.0009    -0.1325 0.0000e+00
        606     -1.067     0.3869   0.000122    -0.0009    -0.1325 0.0000e+00
        607     -1.068     0.3870   0.000121    -0.0009    -0.1325 0.0000e+00
        608     -1.069     0.3871   0.000121    -0.0009    -0.1325 0.0000e+00
        609     -1.067     0.3871   0.000120    -0.0009    -0.1325 0.0000e+00
        610     -1.066     0.3871   0.000117    -0.0009    -0.1325 0.0000e+00
        611     -1.067     0.3871   0.000116    -0.0010    -0.1325 0.0000e+00
        612     -1.069     0.3872   0.000118    -0.0009    -0.1325 0.0000e+00
        613     -1.069     0.3873   0.000119    -0.0009    -0.1324 0.0000e+00
        614     -1.067     0.3873   0.000120    -0.0009    -0.1324 0.0000e+00
        615     -1.066     0.3875   0.000119    -0.0009    -0.1324 0.0000e+00
