Datasets/Multi_Species/TEL214/tel214_2020_010.cnv
* Sea-Bird SBE19plus Data File:
* Filename = C:/AQUIRE/tel214_2020_010.hex
* Software Version AquireV2 AF V2.0
* Temperature SN =  7853
* Conductivity SN =  7853
* System UpLoad Time = Nov 09 2020 14:58:55
* <ApplicationData>
* <AQUIREV2>
** VESSEL/TRIP/SEQ STN: tel214_2020_010
** LATITUDE: 54 58.53 N
** LONGITUDE: 55 13.34 W
** DATE/TIME: 2020-11-09 14:01
** SOUNDING DEPTH (M): 0247
** PROBE TYPE: S7853
** CTD NUMBER:  10
** COMMENTS: 
# nquan = 7                                 
# nvalues = 3285                        
# units = specified
# name 0 = scan: Scan Count
# name 1 = prdM: Pressure, Strain Gauge [db]
# name 2 = tv290C: Temperature [ITS-90, deg C]
# name 3 = c0S/m: Conductivity [S/m]
# name 4 = sal00: Salinity, Practical [PSU]
# name 5 = sigma-t00: Density [sigma-t, kg/m^3 ]
# name 6 = flag: flag
# span 0 =          1,       3285       
# span 1 =     -1.170,    242.922       
# span 2 =    -2.3942,     2.7249       
# span 3 =   0.000055,   3.077072       
# span 4 =    -0.0033,    34.0722       
# span 5 =    -0.3736,    27.1712       
# span 6 = 0.0000e+00, 0.0000e+00       
# interval = seconds: 1
# start_time = Nov 09 2020 14:01:10 [Instrument's time stamp, header]
# bad_flag = -9.990e-29
*END*
[from data line 821]
        822     50.487     0.8562   2.805804    32.7478    26.2431 0.0000e+00
        823     51.021     0.8561   2.805897    32.7488    26.2439 0.0000e+00
        824     51.543     0.8560   2.805992    32.7498    26.2448 0.0000e+00
        825     52.038     0.8560   2.806098    32.7509    26.2456 0.0000e+00
        826     52.500     0.8559   2.806226    32.7524    26.2469 0.0000e+00
        827     52.939     0.8559   2.806355    32.7538    26.2480 0.0000e+00
        828     53.372     0.8559   2.806456    32.7549    26.2488 0.0000e+00
        829     53.813     0.8560   2.806545    32.7557    26.2495 0.0000e+00
        830     54.261     0.8559   2.806626    32.7566    26.2502 0.0000e+00
        831     54.711     0.8559   2.806685    32.7571    26.2506 0.0000e+00
        832     55.175     0.8558   2.806729    32.7575    26.2509 0.0000e+00
        833     55.673     0.8559   2.806761    32.7575    26.2509 0.0000e+00
        834     56.202     0.8558   2.806783    32.7576    26.2510 0.0000e+00
        835     56.731     0.8554   2.806816    32.7581    26.2515 0.0000e+00
        836     57.240     0.8549   2.806864    32.7590    26.2522 0.0000e+00
        837     57.724     0.8546   2.806915    32.7597    26.2528 0.0000e+00
        838     58.186     0.8542   2.806958    32.7604    26.2534 0.0000e+00
        839     58.632     0.8540   2.806992    32.7608    26.2537 0.0000e+00
        840     59.072     0.8539   2.807020    32.7610    26.2539 0.0000e+00
        841     59.508     0.8538   2.807043    32.7611    26.2540 0.0000e+00
        842     59.940     0.8537   2.807063    32.7613    26.2541 0.0000e+00
        843     60.376     0.8537   2.807093    32.7614    26.2542 0.0000e+00
        844     60.848     0.8538   2.807122    32.7614    26.2542 0.0000e+00
        845     61.377     0.8539   2.807137    32.7612    26.2540 0.0000e+00
        846     61.948     0.8539   2.807155    32.7611    26.2539 0.0000e+00
        847     62.514     0.8535   2.807216    32.7620    26.2547 0.0000e+00
        848     63.041     0.8531   2.807320    32.7634    26.2559 0.0000e+00
        849     63.529     0.8529   2.807422    32.7647    26.2569 0.0000e+00
        850     64.000     0.8529   2.807490    32.7653    26.2574 0.0000e+00
        851     64.474     0.8529   2.807533    32.7656    26.2576 0.0000e+00
        852     64.962     0.8530   2.807571    32.7657    26.2577 0.0000e+00
        853     65.465     0.8530   2.807614    32.7659    26.2579 0.0000e+00
        854     65.978     0.8530   2.807664    32.7663    26.2582 0.0000e+00
        855     66.492     0.8531   2.807720    32.7666    26.2584 0.0000e+00
        856     67.002     0.8534   2.807776    32.7667    26.2585 0.0000e+00
        857     67.505     0.8536   2.807824    32.7668    26.2586 0.0000e+00
        858     67.994     0.8538   2.807869    32.7669    26.2587 0.0000e+00
        859     68.469     0.8539   2.807917    32.7672    26.2588 0.0000e+00
        860     68.942     0.8539   2.807975    32.7677    26.2592 0.0000e+00
        861     69.423     0.8542   2.808041    32.7679    26.2594 0.0000e+00
        862     69.906     0.8546   2.808113    32.7681    26.2596 0.0000e+00
        863     70.393     0.8550   2.808203    32.7686    26.2599 0.0000e+00
        864     70.890     0.8555   2.808324    32.7693    26.2605 0.0000e+00
        865     71.396     0.8560   2.808469    32.7704    26.2613 0.0000e+00
        866     71.897     0.8569   2.808625    32.7712    26.2619 0.0000e+00
        867     72.379     0.8577   2.808767    32.7719    26.2624 0.0000e+00
        868     72.852     0.8583   2.808880    32.7724    26.2628 0.0000e+00
        869     73.333     0.8590   2.808973    32.7726    26.2629 0.0000e+00
        870     73.826     0.8596   2.809057    32.7728    26.2630 0.0000e+00
        871     74.314     0.8599   2.809132    32.7731    26.2633 0.0000e+00
        872     74.783     0.8602   2.809197    32.7734    26.2635 0.0000e+00
        873     75.243     0.8606   2.809252    32.7734    26.2635 0.0000e+00
        874     75.716     0.8608   2.809298    32.7735    26.2635 0.0000e+00
        875     76.209     0.8610   2.809356    32.7738    26.2637 0.0000e+00
        876     76.708     0.8614   2.809438    32.7741    26.2640 0.0000e+00
        877     77.199     0.8619   2.809531    32.7745    26.2643 0.0000e+00
        878     77.680     0.8624   2.809615    32.7748    26.2645 0.0000e+00
        879     78.158     0.8629   2.809683    32.7749    26.2645 0.0000e+00
        880     78.640     0.8632   2.809740    32.7750    26.2646 0.0000e+00
        881     79.131     0.8636   2.809803    32.7751    26.2647 0.0000e+00
        882     79.627     0.8638   2.809868    32.7755    26.2649 0.0000e+00
        883     80.117     0.8640   2.809925    32.7757    26.2651 0.0000e+00
        884     80.594     0.8641   2.809985    32.7761    26.2654 0.0000e+00
        885     81.063     0.8642   2.810041    32.7764    26.2657 0.0000e+00
        886     81.533     0.8643   2.810089    32.7767    26.2659 0.0000e+00
        887     82.004     0.8643   2.810144    32.7771    26.2662 0.0000e+00
        888     82.468     0.8644   2.810213    32.7776    26.2666 0.0000e+00
        889     82.927     0.8647   2.810290    32.7781    26.2670 0.0000e+00
        890     83.399     0.8650   2.810371    32.7785    26.2673 0.0000e+00
        891     83.893     0.8654   2.810464    32.7790    26.2677 0.0000e+00
        892     84.400     0.8660   2.810570    32.7795    26.2680 0.0000e+00
        893     84.903     0.8666   2.810687    32.7800    26.2684 0.0000e+00
        894     85.387     0.8674   2.810802    32.7804    26.2687 0.0000e+00
        895     85.858     0.8680   2.810896    32.7807    26.2689 0.0000e+00
        896     86.332     0.8683   2.810978    32.7812    26.2693 0.0000e+00
        897     86.816     0.8687   2.811052    32.7814    26.2694 0.0000e+00
        898     87.306     0.8689   2.811123    32.7818    26.2698 0.0000e+00
        899     87.792     0.8691   2.811228    32.7827    26.2704 0.0000e+00
        900     88.261     0.8697   2.811402    32.7840    26.2715 0.0000e+00
        901     88.720     0.8706   2.811645    32.7860    26.2730 0.0000e+00
        902     89.188     0.8723   2.811988    32.7883    26.2748 0.0000e+00
        903     89.679     0.8749   2.812546    32.7925    26.2779 0.0000e+00
        904     90.183     0.8786   2.813347    32.7986    26.2826 0.0000e+00
        905     90.682     0.8834   2.814365    32.8063    26.2886 0.0000e+00
        906     91.166     0.8894   2.815643    32.8161    26.2961 0.0000e+00
        907     91.649     0.8969   2.817101    32.8267    26.3041 0.0000e+00
        908     92.139     0.9065   2.818836    32.8385    26.3131 0.0000e+00
        909     92.626     0.9182   2.820810    32.8513    26.3227 0.0000e+00
        910     93.106     0.9296   2.822432    32.8598    26.3288 0.0000e+00
        911     93.593     0.9386   2.823558    32.8644    26.3320 0.0000e+00
        912     94.102     0.9460   2.824596    32.8697    26.3358 0.0000e+00
        913     94.633     0.9538   2.825682    32.8750    26.3397 0.0000e+00
        914     95.173     0.9619   2.826601    32.8780    26.3415 0.0000e+00
        915     95.703     0.9683   2.827212    32.8787    26.3418 0.0000e+00
        916     96.223     0.9724   2.827652    32.8798    26.3423 0.0000e+00
        917     96.754     0.9753   2.828074    32.8818    26.3438 0.0000e+00
        918     97.310     0.9786   2.828607    32.8848    26.3460 0.0000e+00
        919     97.884     0.9827   2.829321    32.8893    26.3494 0.0000e+00
        920     98.448     0.9875   2.830186    32.8950    26.3537 0.0000e+00
        921     98.988     0.9927   2.831023    32.9000    26.3573 0.0000e+00
        922     99.518     0.9966   2.831596    32.9029    26.3594 0.0000e+00
        923    100.067     0.9987   2.832014    32.9057    26.3616 0.0000e+00
        924    100.652     1.0005   2.832491    32.9096    26.3646 0.0000e+00
        925    101.260     1.0034   2.832983    32.9125    26.3668 0.0000e+00
        926    101.857     1.0065   2.833427    32.9146    26.3682 0.0000e+00
        927    102.417     1.0092   2.833876    32.9171    26.3701 0.0000e+00
        928    102.943     1.0115   2.834343    32.9204    26.3726 0.0000e+00
        929    103.468     1.0131   2.834851    32.9249    26.3761 0.0000e+00
        930    104.025     1.0143   2.835495    32.9316    26.3814 0.0000e+00
        931    104.623     1.0166   2.836245    32.9384    26.3868 0.0000e+00
        932    105.241     1.0201   2.837007    32.9441    26.3912 0.0000e+00
        933    105.850     1.0238   2.837764    32.9496    26.3953 0.0000e+00
        934    106.437     1.0267   2.838555    32.9563    26.4005 0.0000e+00
        935    107.019     1.0291   2.839415    32.9644    26.4069 0.0000e+00
        936    107.617     1.0318   2.840312    32.9727    26.4134 0.0000e+00
        937    108.224     1.0353   2.841208    32.9802    26.4192 0.0000e+00
        938    108.816     1.0389   2.842049    32.9868    26.4243 0.0000e+00
        939    109.382     1.0417   2.842731    32.9922    26.4285 0.0000e+00
        940    109.938     1.0434   2.843229    32.9965    26.4318 0.0000e+00
        941    110.503     1.0445   2.843640    33.0003    26.4348 0.0000e+00
        942    111.085     1.0458   2.844070    33.0041    26.4378 0.0000e+00
        943    111.678     1.0476   2.844550    33.0080    26.4408 0.0000e+00
        944    112.260     1.0498   2.844992    33.0110    26.4431 0.0000e+00
        945    112.821     1.0516   2.845299    33.0127    26.4443 0.0000e+00
        946    113.382     1.0522   2.845571    33.0152    26.4463 0.0000e+00
        947    113.974     1.0522   2.845972    33.0200    26.4502 0.0000e+00
        948    114.600     1.0532   2.846528    33.0257    26.4547 0.0000e+00
        949    115.224     1.0554   2.847111    33.0305    26.4584 0.0000e+00
        950    115.810     1.0574   2.847578    33.0340    26.4611 0.0000e+00
        951    116.370     1.0581   2.847946    33.0377    26.4640 0.0000e+00
        952    116.947     1.0578   2.848247    33.0415    26.4671 0.0000e+00
        953    117.560     1.0574   2.848516    33.0450    26.4700 0.0000e+00
        954    118.194     1.0575   2.848795    33.0481    26.4724 0.0000e+00
        955    118.816     1.0585   2.849107    33.0507    26.4745 0.0000e+00
        956    119.407     1.0600   2.849474    33.0535    26.4766 0.0000e+00
        957    119.975     1.0622   2.849861    33.0558    26.4783 0.0000e+00
        958    120.534     1.0648   2.850287    33.0582    26.4801 0.0000e+00
        959    121.094     1.0677   2.850733    33.0605    26.4817 0.0000e+00
        960    121.665     1.0706   2.851099    33.0618    26.4826 0.0000e+00
        961    122.262     1.0737   2.851455    33.0627    26.4831 0.0000e+00
        962    122.883     1.0775   2.851882    33.0638    26.4838 0.0000e+00
        963    123.505     1.0814   2.852243    33.0639    26.4836 0.0000e+00
        964    124.113     1.0844   2.852464    33.0632    26.4829 0.0000e+00
        965    124.716     1.0864   2.852657    33.0632    26.4828 0.0000e+00
        966    125.327     1.0883   2.852914    33.0641    26.4834 0.0000e+00
        967    125.940     1.0910   2.853235    33.0650    26.4839 0.0000e+00
        968    126.530     1.0943   2.853528    33.0649    26.4837 0.0000e+00
        969    127.078     1.0971   2.853715    33.0640    26.4828 0.0000e+00
        970    127.600     1.0989   2.853844    33.0635    26.4822 0.0000e+00
        971    128.128     1.0998   2.853976    33.0639    26.4825 0.0000e+00
        972    128.683     1.1004   2.854160    33.0653    26.4836 0.0000e+00
        973    129.268     1.1018   2.854377    33.0663    26.4843 0.0000e+00
        974    129.870     1.1036   2.854524    33.0659    26.4839 0.0000e+00
        975    130.480     1.1048   2.854619    33.0655    26.4835 0.0000e+00
        976    131.102     1.1058   2.854828    33.0668    26.4844 0.0000e+00
        977    131.734     1.1078   2.855243    33.0696    26.4866 0.0000e+00
        978    132.359     1.1113   2.855735    33.0718    26.4881 0.0000e+00
        979    132.964     1.1152   2.856142    33.0725    26.4885 0.0000e+00
        980    133.547     1.1181   2.856453    33.0731    26.4887 0.0000e+00
        981    134.123     1.1198   2.856735    33.0746    26.4898 0.0000e+00
        982    134.704     1.1216   2.857042    33.0763    26.4911 0.0000e+00
        983    135.288     1.1240   2.857342    33.0772    26.4917 0.0000e+00
        984    135.877     1.1260   2.857609    33.0782    26.4923 0.0000e+00
        985    136.487     1.1274   2.857915    33.0803    26.4939 0.0000e+00
        986    137.129     1.1294   2.858347    33.0833    26.4962 0.0000e+00
        987    137.794     1.1329   2.858930    33.0867    26.4987 0.0000e+00
        988    138.459     1.1380   2.859756    33.0914    26.5022 0.0000e+00
        989    139.110     1.1444   2.860902    33.0989    26.5078 0.0000e+00
        990    139.746     1.1515   2.862023    33.1054    26.5125 0.0000e+00
        991    140.370     1.1574   2.862805    33.1087    26.5149 0.0000e+00
        992    140.994     1.1622   2.863469    33.1118    26.5170 0.0000e+00
        993    141.623     1.1671   2.864143    33.1148    26.5191 0.0000e+00
        994    142.241     1.1721   2.864622    33.1153    26.5192 0.0000e+00
        995    142.842     1.1754   2.864911    33.1151    26.5189 0.0000e+00
        996    143.444     1.1770   2.865207    33.1169    26.5201 0.0000e+00
        997    144.068     1.1782   2.865522    33.1193    26.5220 0.0000e+00
        998    144.714     1.1791   2.865782    33.1213    26.5235 0.0000e+00
        999    145.364     1.1796   2.865961    33.1226    26.5246 0.0000e+00
       1000    146.002     1.1795   2.866085    33.1240    26.5257 0.0000e+00
       1001    146.630     1.1790   2.866200    33.1256    26.5270 0.0000e+00
       1002    147.265     1.1782   2.866318    33.1276    26.5287 0.0000e+00
       1003    147.921     1.1775   2.866451    33.1297    26.5304 0.0000e+00
       1004    148.592     1.1774   2.866634    33.1317    26.5321 0.0000e+00
       1005    149.253     1.1781   2.866933    33.1344    26.5342 0.0000e+00
       1006    149.890     1.1796   2.867449    33.1391    26.5378 0.0000e+00
       1007    150.505     1.1821   2.868198    33.1456    26.5429 0.0000e+00
       1008    151.115     1.1852   2.869019    33.1525    26.5482 0.0000e+00
       1009    151.730     1.1889   2.869898    33.1594    26.5536 0.0000e+00
       1010    152.354     1.1937   2.870942    33.1673    26.5596 0.0000e+00
       1011    152.987     1.1995   2.871976    33.1739    26.5646 0.0000e+00
       1012    153.632     1.2048   2.872853    33.1791    26.5684 0.0000e+00
       1013    154.297     1.2100   2.873875    33.1863    26.5738 0.0000e+00
       1014    154.978     1.2173   2.875245    33.1956    26.5808 0.0000e+00
       1015    155.646     1.2264   2.876567    33.2024    26.5857 0.0000e+00
       1016    156.276     1.2343   2.877470    33.2052    26.5874 0.0000e+00
       1017    156.878     1.2395   2.878050    33.2067    26.5883 0.0000e+00
       1018    157.479     1.2432   2.878642    33.2100    26.5907 0.0000e+00
       1019    158.091     1.2482   2.879564    33.2161    26.5952 0.0000e+00
       1020    158.704     1.2563   2.880681    33.2213    26.5989 0.0000e+00
       1021    159.303     1.2651   2.881588    33.2232    26.5999 0.0000e+00
       1022    159.894     1.2716   2.882241    33.2243    26.6003 0.0000e+00
       1023    160.490     1.2763   2.882876    33.2270    26.6022 0.0000e+00
       1024    161.097     1.2815   2.883603    33.2304    26.6046 0.0000e+00
       1025    161.708     1.2879   2.884406    33.2335    26.6066 0.0000e+00
