Datasets/Multi_Species/TEL214/tel214_2020_008.cnv
* Sea-Bird SBE19plus Data File:
* Filename = C:/AQUIRE/tel214_2020_008.hex
* Software Version AquireV2 AF V2.0
* Temperature SN =  7853
* Conductivity SN =  7853
* System UpLoad Time = Nov 07 2020 08:42:30
* <ApplicationData>
* <AQUIREV2>
** VESSEL/TRIP/SEQ STN: tel214_2020_008
** LATITUDE: 53 30.31 N
** LONGITUDE: 53 34.14 W
** DATE/TIME: 2020-11-07 07:49
** SOUNDING DEPTH (M): 0194
** PROBE TYPE: S7853
** CTD NUMBER:   8
** COMMENTS: 
# nquan = 7                                 
# nvalues = 3021                        
# units = specified
# name 0 = scan: Scan Count
# name 1 = prdM: Pressure, Strain Gauge [db]
# name 2 = tv290C: Temperature [ITS-90, deg C]
# name 3 = c0S/m: Conductivity [S/m]
# name 4 = sal00: Salinity, Practical [PSU]
# name 5 = sigma-t00: Density [sigma-t, kg/m^3 ]
# name 6 = flag: flag
# span 0 =          1,       3021       
# span 1 =     -1.188,    189.158       
# span 2 =     0.6482,     1.6854       
# span 3 =   0.000065,   2.938061       
# span 4 =    -0.0008,    33.6752       
# span 5 =    -0.1094,    26.9477       
# span 6 = 0.0000e+00, 0.0000e+00       
# interval = seconds: 1
# start_time = Nov 07 2020 07:49:42 [Instrument's time stamp, header]
# bad_flag = -9.990e-29
*END*
[from data line 1026]
       1027    162.803     0.9178   2.869489    33.4373    26.7940 0.0000e+00
       1028    163.137     0.9141   2.869215    33.4376    26.7944 0.0000e+00
       1029    163.491     0.9095   2.869020    33.4398    26.7965 0.0000e+00
       1030    163.861     0.9050   2.868975    33.4439    26.8001 0.0000e+00
       1031    164.227     0.9020   2.869222    33.4501    26.8052 0.0000e+00
       1032    164.570     0.9019   2.869793    33.4573    26.8111 0.0000e+00
       1033    164.886     0.9044   2.870404    33.4623    26.8149 0.0000e+00
       1034    165.195     0.9075   2.870984    33.4663    26.8179 0.0000e+00
       1035    165.520     0.9117   2.872003    33.4747    26.8244 0.0000e+00
       1036    165.866     0.9213   2.873854    33.4880    26.8345 0.0000e+00
       1037    166.220     0.9381   2.876343    33.5017    26.8445 0.0000e+00
       1038    166.558     0.9577   2.878729    33.5111    26.8509 0.0000e+00
       1039    166.870     0.9748   2.880264    33.5122    26.8507 0.0000e+00
       1040    167.169     0.9871   2.881121    33.5098    26.8480 0.0000e+00
       1041    167.480     0.9958   2.881935    33.5108    26.8482 0.0000e+00
       1042    167.812     1.0029   2.882861    33.5148    26.8510 0.0000e+00
       1043    168.157     1.0097   2.883882    33.5204    26.8551 0.0000e+00
       1044    168.498     1.0171   2.885020    33.5269    26.8598 0.0000e+00
       1045    168.821     1.0253   2.886157    33.5324    26.8638 0.0000e+00
       1046    169.120     1.0336   2.887008    33.5343    26.8647 0.0000e+00
       1047    169.408     1.0402   2.887494    33.5332    26.8635 0.0000e+00
       1048    169.705     1.0446   2.887880    33.5333    26.8632 0.0000e+00
       1049    170.022     1.0482   2.888439    33.5364    26.8655 0.0000e+00
       1050    170.354     1.0533   2.889388    33.5429    26.8704 0.0000e+00
       1051    170.687     1.0619   2.890875    33.5525    26.8776 0.0000e+00
       1052    171.003     1.0743   2.892583    33.5609    26.8835 0.0000e+00
       1053    171.298     1.0875   2.894007    33.5647    26.8858 0.0000e+00
       1054    171.585     1.0991   2.895072    33.5657    26.8858 0.0000e+00
       1055    171.887     1.1101   2.896281    33.5692    26.8879 0.0000e+00
       1056    172.211     1.1270   2.898936    33.5848    26.8994 0.0000e+00
       1057    172.537     1.1582   2.903950    33.6152    26.9218 0.0000e+00
       1058    172.840     1.2039   2.910194    33.6457    26.9433 0.0000e+00
       1059    173.118     1.2513   2.914945    33.6552    26.9477 0.0000e+00
       1060    173.386     1.2854   2.917106    33.6459    26.9380 0.0000e+00
       1061    173.657     1.3052   2.918287    33.6395    26.9316 0.0000e+00
       1062    173.941     1.3190   2.919692    33.6424    26.9330 0.0000e+00
       1063    174.235     1.3315   2.921369    33.6502    26.9384 0.0000e+00
       1064    174.531     1.3449   2.923083    33.6574    26.9433 0.0000e+00
       1065    174.816     1.3587   2.924320    33.6582    26.9429 0.0000e+00
       1066    175.082     1.3678   2.924569    33.6514    26.9369 0.0000e+00
       1067    175.340     1.3679   2.923884    33.6425    26.9297 0.0000e+00
       1068    175.604     1.3643   2.923729    33.6442    26.9313 0.0000e+00
       1069    175.873     1.3670   2.924859    33.6555    26.9402 0.0000e+00
       1070    176.136     1.3755   2.925904    33.6595    26.9429 0.0000e+00
       1071    176.391     1.3826   2.926315    33.6570    26.9404 0.0000e+00
       1072    176.644     1.3871   2.926577    33.6554    26.9387 0.0000e+00
       1073    176.904     1.3906   2.926803    33.6543    26.9377 0.0000e+00
       1074    177.170     1.3931   2.927000    33.6540    26.9372 0.0000e+00
       1075    177.438     1.3942   2.927159    33.6547    26.9377 0.0000e+00
       1076    177.698     1.3948   2.927262    33.6552    26.9381 0.0000e+00
       1077    177.938     1.3960   2.927293    33.6542    26.9372 0.0000e+00
       1078    178.168     1.3975   2.927276    33.6522    26.9355 0.0000e+00
       1079    178.406     1.3982   2.927268    33.6512    26.9347 0.0000e+00
       1080    178.654     1.3981   2.927336    33.6521    26.9353 0.0000e+00
       1081    178.909     1.3983   2.927471    33.6534    26.9364 0.0000e+00
       1082    179.172     1.3992   2.927593    33.6539    26.9367 0.0000e+00
       1083    179.442     1.4004   2.927686    33.6536    26.9364 0.0000e+00
       1084    179.719     1.4013   2.927792    33.6538    26.9365 0.0000e+00
       1085    180.003     1.4024   2.927915    33.6540    26.9366 0.0000e+00
       1086    180.295     1.4036   2.928046    33.6542    26.9367 0.0000e+00
       1087    180.592     1.4046   2.928166    33.6545    26.9369 0.0000e+00
       1088    180.891     1.4052   2.928240    33.6547    26.9369 0.0000e+00
       1089    181.184     1.4056   2.928269    33.6544    26.9367 0.0000e+00
       1090    181.469     1.4061   2.928280    33.6539    26.9362 0.0000e+00
       1091    181.746     1.4066   2.928283    33.6532    26.9357 0.0000e+00
       1092    182.020     1.4067   2.928324    33.6535    26.9359 0.0000e+00
       1093    182.295     1.4070   2.928448    33.6546    26.9367 0.0000e+00
       1094    182.570     1.4076   2.928594    33.6556    26.9375 0.0000e+00
       1095    182.847     1.4085   2.928702    33.6559    26.9377 0.0000e+00
       1096    183.128     1.4093   2.928762    33.6556    26.9374 0.0000e+00
       1097    183.410     1.4099   2.928812    33.6554    26.9372 0.0000e+00
       1098    183.690     1.4105   2.928912    33.6559    26.9376 0.0000e+00
       1099    183.966     1.4111   2.929032    33.6566    26.9381 0.0000e+00
       1100    184.235     1.4119   2.929124    33.6568    26.9382 0.0000e+00
       1101    184.495     1.4127   2.929210    33.6569    26.9382 0.0000e+00
       1102    184.755     1.4135   2.929299    33.6570    26.9382 0.0000e+00
       1103    185.015     1.4142   2.929381    33.6571    26.9383 0.0000e+00
       1104    185.274     1.4148   2.929433    33.6570    26.9382 0.0000e+00
       1105    185.525     1.4152   2.929460    33.6568    26.9380 0.0000e+00
       1106    185.764     1.4156   2.929489    33.6566    26.9378 0.0000e+00
       1107    185.985     1.4158   2.929509    33.6565    26.9377 0.0000e+00
       1108    186.183     1.4161   2.929518    33.6562    26.9374 0.0000e+00
       1109    186.364     1.4161   2.929518    33.6561    26.9373 0.0000e+00
       1110    186.543     1.4158   2.929519    33.6563    26.9375 0.0000e+00
       1111    186.727     1.4156   2.929561    33.6570    26.9381 0.0000e+00
       1112    186.910     1.4161   2.929640    33.6573    26.9383 0.0000e+00
       1113    187.079     1.4169   2.929723    33.6574    26.9383 0.0000e+00
       1114    187.223     1.4176   2.929792    33.6575    26.9383 0.0000e+00
       1115    187.345     1.4179   2.929832    33.6576    26.9384 0.0000e+00
       1116    187.457     1.4178   2.929848    33.6578    26.9386 0.0000e+00
       1117    187.576     1.4177   2.929857    33.6580    26.9387 0.0000e+00
       1118    187.706     1.4180   2.929884    33.6579    26.9387 0.0000e+00
       1119    187.830     1.4185   2.929933    33.6579    26.9387 0.0000e+00
       1120    187.924     1.4189   2.929964    33.6579    26.9386 0.0000e+00
       1121    187.985     1.4192   2.929967    33.6575    26.9383 0.0000e+00
       1122    188.030     1.4192   2.929942    33.6572    26.9380 0.0000e+00
       1123    188.085     1.4184   2.929900    33.6575    26.9383 0.0000e+00
       1124    188.164     1.4175   2.929916    33.6586    26.9393 0.0000e+00
       1125    188.259     1.4178   2.930013    33.6595    26.9399 0.0000e+00
       1126    188.338     1.4190   2.930096    33.6592    26.9396 0.0000e+00
       1127    188.377     1.4202   2.930119    33.6582    26.9387 0.0000e+00
       1128    188.383     1.4207   2.930103    33.6574    26.9381 0.0000e+00
       1129    188.389     1.4205   2.930053    33.6570    26.9378 0.0000e+00
       1130    188.427     1.4198   2.930036    33.6575    26.9382 0.0000e+00
       1131    188.498     1.4196   2.930115    33.6587    26.9392 0.0000e+00
       1132    188.574     1.4204   2.930224    33.6592    26.9395 0.0000e+00
       1133    188.627     1.4215   2.930299    33.6589    26.9392 0.0000e+00
       1134    188.650     1.4225   2.930344    33.6584    26.9388 0.0000e+00
       1135    188.654     1.4230   2.930354    33.6580    26.9384 0.0000e+00
       1136    188.662     1.4230   2.930343    33.6578    26.9383 0.0000e+00
       1137    188.695     1.4227   2.930371    33.6585    26.9388 0.0000e+00
       1138    188.749     1.4230   2.930471    33.6594    26.9395 0.0000e+00
       1139    188.805     1.4240   2.930571    33.6596    26.9396 0.0000e+00
       1140    188.843     1.4249   2.930618    33.6592    26.9392 0.0000e+00
       1141    188.865     1.4255   2.930630    33.6587    26.9388 0.0000e+00
       1142    188.880     1.4257   2.930631    33.6585    26.9386 0.0000e+00
       1143    188.900     1.4257   2.930645    33.6587    26.9387 0.0000e+00
       1144    188.929     1.4258   2.930685    33.6590    26.9390 0.0000e+00
       1145    188.956     1.4261   2.930725    33.6592    26.9391 0.0000e+00
       1146    188.968     1.4266   2.930746    33.6589    26.9389 0.0000e+00
       1147    188.973     1.4269   2.930759    33.6588    26.9387 0.0000e+00
       1148    188.981     1.4270   2.930777    33.6589    26.9388 0.0000e+00
       1149    188.994     1.4272   2.930794    33.6589    26.9388 0.0000e+00
       1150    189.013     1.4272   2.930801    33.6590    26.9389 0.0000e+00
       1151    189.034     1.4274   2.930806    33.6588    26.9387 0.0000e+00
       1152    189.051     1.4274   2.930813    33.6589    26.9388 0.0000e+00
       1153    189.060     1.4274   2.930804    33.6588    26.9387 0.0000e+00
       1154    189.055     1.4272   2.930779    33.6587    26.9386 0.0000e+00
       1155    189.041     1.4270   2.930760    33.6586    26.9386 0.0000e+00
       1156    189.030     1.4270   2.930756    33.6586    26.9386 0.0000e+00
       1157    189.035     1.4270   2.930771    33.6588    26.9387 0.0000e+00
       1158    189.050     1.4271   2.930798    33.6590    26.9389 0.0000e+00
       1159    189.061     1.4274   2.930824    33.6590    26.9389 0.0000e+00
       1160    189.059     1.4276   2.930843    33.6590    26.9389 0.0000e+00
       1161    189.046     1.4278   2.930853    33.6590    26.9388 0.0000e+00
       1162    189.029     1.4280   2.930856    33.6588    26.9387 0.0000e+00
       1163    189.017     1.4279   2.930849    33.6588    26.9387 0.0000e+00
       1164    189.018     1.4278   2.930851    33.6589    26.9388 0.0000e+00
       1165    189.034     1.4278   2.930876    33.6593    26.9391 0.0000e+00
       1166    189.058     1.4281   2.930901    33.6592    26.9390 0.0000e+00
       1167    189.073     1.4283   2.930915    33.6592    26.9390 0.0000e+00
       1168    189.068     1.4285   2.930922    33.6591    26.9389 0.0000e+00
       1169    189.045     1.4286   2.930915    33.6589    26.9387 0.0000e+00
       1170    189.029     1.4285   2.930904    33.6589    26.9387 0.0000e+00
       1171    189.041     1.4284   2.930911    33.6591    26.9389 0.0000e+00
       1172    189.071     1.4285   2.930949    33.6594    26.9391 0.0000e+00
       1173    189.093     1.4289   2.930983    33.6594    26.9391 0.0000e+00
       1174    189.098     1.4291   2.930997    33.6594    26.9391 0.0000e+00
       1175    189.092     1.4293   2.931002    33.6592    26.9389 0.0000e+00
       1176    189.082     1.4295   2.931003    33.6590    26.9388 0.0000e+00
       1177    189.077     1.4295   2.931007    33.6591    26.9388 0.0000e+00
       1178    189.088     1.4295   2.931019    33.6592    26.9389 0.0000e+00
       1179    189.111     1.4296   2.931034    33.6593    26.9390 0.0000e+00
       1180    189.131     1.4297   2.931041    33.6593    26.9389 0.0000e+00
       1181    189.137     1.4298   2.931042    33.6592    26.9389 0.0000e+00
       1182    189.139     1.4299   2.931041    33.6590    26.9388 0.0000e+00
       1183    189.148     1.4297   2.931030    33.6591    26.9388 0.0000e+00
       1184    189.158     1.4295   2.931006    33.6590    26.9388 0.0000e+00
       1185    189.155     1.4294   2.930973    33.6587    26.9385 0.0000e+00
       1186    189.130     1.4292   2.930951    33.6587    26.9385 0.0000e+00
       1187    189.087     1.4291   2.930952    33.6588    26.9386 0.0000e+00
       1188    189.050     1.4289   2.930957    33.6591    26.9389 0.0000e+00
       1189    189.040     1.4289   2.930958    33.6591    26.9389 0.0000e+00
       1190    189.052     1.4291   2.930999    33.6594    26.9391 0.0000e+00
       1191    189.067     1.4298   2.931110    33.6601    26.9396 0.0000e+00
       1192    189.068     1.4309   2.931224    33.6603    26.9397 0.0000e+00
       1193    189.050     1.4317   2.931289    33.6603    26.9396 0.0000e+00
       1194    189.031     1.4322   2.931324    33.6602    26.9395 0.0000e+00
       1195    189.028     1.4326   2.931360    33.6603    26.9395 0.0000e+00
       1196    189.040     1.4329   2.931401    33.6604    26.9397 0.0000e+00
       1197    189.050     1.4333   2.931427    33.6603    26.9396 0.0000e+00
       1198    189.042     1.4335   2.931435    33.6602    26.9395 0.0000e+00
       1199    189.017     1.4336   2.931429    33.6601    26.9393 0.0000e+00
       1200    188.991     1.4335   2.931424    33.6601    26.9394 0.0000e+00
       1201    188.981     1.4335   2.931419    33.6601    26.9393 0.0000e+00
       1202    188.983     1.4335   2.931411    33.6600    26.9392 0.0000e+00
       1203    188.989     1.4333   2.931411    33.6602    26.9394 0.0000e+00
       1204    188.997     1.4334   2.931429    33.6603    26.9395 0.0000e+00
       1205    188.995     1.4336   2.931447    33.6603    26.9395 0.0000e+00
       1206    188.977     1.4338   2.931454    33.6602    26.9394 0.0000e+00
       1207    188.957     1.4339   2.931456    33.6601    26.9393 0.0000e+00
       1208    188.951     1.4339   2.931465    33.6602    26.9394 0.0000e+00
       1209    188.960     1.4339   2.931481    33.6604    26.9396 0.0000e+00
       1210    188.969     1.4340   2.931497    33.6605    26.9397 0.0000e+00
       1211    188.965     1.4342   2.931507    33.6604    26.9396 0.0000e+00
       1212    188.949     1.4343   2.931516    33.6605    26.9396 0.0000e+00
       1213    188.932     1.4345   2.931534    33.6605    26.9396 0.0000e+00
       1214    188.927     1.4348   2.931571    33.6606    26.9397 0.0000e+00
       1215    188.932     1.4352   2.931619    33.6608    26.9398 0.0000e+00
       1216    188.930     1.4355   2.931646    33.6608    26.9398 0.0000e+00
       1217    188.916     1.4356   2.931650    33.6608    26.9398 0.0000e+00
       1218    188.893     1.4356   2.931647    33.6608    26.9397 0.0000e+00
       1219    188.864     1.4356   2.931638    33.6607    26.9397 0.0000e+00
       1220    188.838     1.4356   2.931630    33.6606    26.9396 0.0000e+00
       1221    188.824     1.4356   2.931629    33.6606    26.9396 0.0000e+00
       1222    188.821     1.4356   2.931642    33.6607    26.9397 0.0000e+00
       1223    188.814     1.4358   2.931675    33.6609    26.9399 0.0000e+00
       1224    188.794     1.4363   2.931725    33.6611    26.9399 0.0000e+00
       1225    188.770     1.4368   2.931774    33.6612    26.9400 0.0000e+00
       1226    188.754     1.4373   2.931820    33.6612    26.9400 0.0000e+00
       1227    188.745     1.4377   2.931870    33.6614    26.9401 0.0000e+00
       1228    188.734     1.4381   2.931912    33.6615    26.9402 0.0000e+00
       1229    188.719     1.4384   2.931927    33.6614    26.9401 0.0000e+00
       1230    188.710     1.4385   2.931925    33.6613    26.9400 0.0000e+00
