Datasets/Multi_Species/TEL214/tel214_2020_011.cnv
* Sea-Bird SBE19plus Data File:
* Filename = C:/AQUIRE/tel214_2020_011.hex
* Software Version AquireV2 AF V2.0
* Temperature SN =  7853
* Conductivity SN =  7853
* System UpLoad Time = Nov 09 2020 23:58:08
* <ApplicationData>
* <AQUIREV2>
** VESSEL/TRIP/SEQ STN: tel214_2020_011
** LATITUDE: 54 53.38 N
** LONGITUDE: 54 33.20 W
** DATE/TIME: 2020-11-09 17:50
** SOUNDING DEPTH (M): 0263
** PROBE TYPE: S7853
** CTD NUMBER: 011
** COMMENTS: TEAR-UP
# nquan = 7                                 
# nvalues = 11339                       
# units = specified
# name 0 = scan: Scan Count
# name 1 = prdM: Pressure, Strain Gauge [db]
# name 2 = tv290C: Temperature [ITS-90, deg C]
# name 3 = c0S/m: Conductivity [S/m]
# name 4 = sal00: Salinity, Practical [PSU]
# name 5 = sigma-t00: Density [sigma-t, kg/m^3 ]
# name 6 = flag: flag
# span 0 =          1,      11339       
# span 1 =     -1.130,    259.813       
# span 2 =    -1.8893,     2.3888       
# span 3 =   0.000022,   3.025149       
# span 4 =    -0.0028,    33.7780       
# span 5 =    -0.3190,    26.9621       
# span 6 = 0.0000e+00, 0.0000e+00       
# interval = seconds: 1
# start_time = Nov 09 2020 17:50:07 [Instrument's time stamp, header]
# bad_flag = -9.990e-29
*END*
[from data line 5129]
       5130     -1.090    -0.5530   0.000113    -0.0017    -0.1978 0.0000e+00
       5131     -1.089    -0.5531   0.000114    -0.0017    -0.1978 0.0000e+00
       5132     -1.091    -0.5537   0.000113    -0.0017    -0.1978 0.0000e+00
       5133     -1.094    -0.5549   0.000109    -0.0017    -0.1979 0.0000e+00
       5134     -1.096    -0.5558   0.000106    -0.0018    -0.1980 0.0000e+00
       5135     -1.095    -0.5563   0.000105    -0.0018    -0.1980 0.0000e+00
       5136     -1.094    -0.5562   0.000107    -0.0018    -0.1980 0.0000e+00
       5137     -1.094    -0.5557   0.000110    -0.0017    -0.1980 0.0000e+00
       5138     -1.096    -0.5553   0.000111    -0.0017    -0.1980 0.0000e+00
       5139     -1.099    -0.5552   0.000113    -0.0017    -0.1980 0.0000e+00
       5140     -1.099    -0.5554   0.000112    -0.0017    -0.1980 0.0000e+00
       5141     -1.096    -0.5555   0.000112    -0.0017    -0.1980 0.0000e+00
       5142     -1.093    -0.5554   0.000113    -0.0017    -0.1980 0.0000e+00
       5143     -1.093    -0.5551   0.000115    -0.0017    -0.1979 0.0000e+00
       5144     -1.097    -0.5546   0.000115    -0.0017    -0.1979 0.0000e+00
       5145     -1.100    -0.5545   0.000117    -0.0017    -0.1979 0.0000e+00
       5146     -1.100    -0.5550   0.000115    -0.0017    -0.1979 0.0000e+00
       5147     -1.098    -0.5562   0.000111    -0.0017    -0.1980 0.0000e+00
       5148     -1.097    -0.5574   0.000109    -0.0017    -0.1981 0.0000e+00
       5149     -1.095    -0.5581   0.000108    -0.0018    -0.1982 0.0000e+00
       5150     -1.093    -0.5585   0.000109    -0.0017    -0.1982 0.0000e+00
       5151     -1.091    -0.5584   0.000111    -0.0017    -0.1982 0.0000e+00
       5152     -1.090    -0.5580   0.000112    -0.0017    -0.1982 0.0000e+00
       5153     -1.091    -0.5575   0.000112    -0.0017    -0.1981 0.0000e+00
       5154     -1.095    -0.5573   0.000113    -0.0017    -0.1981 0.0000e+00
       5155     -1.098    -0.5578   0.000112    -0.0017    -0.1982 0.0000e+00
       5156     -1.096    -0.5595   0.000107    -0.0018    -0.1983 0.0000e+00
       5157     -1.092    -0.5616   0.000101    -0.0018    -0.1985 0.0000e+00
       5158     -1.092    -0.5626   0.000100    -0.0018    -0.1985 0.0000e+00
       5159     -1.093    -0.5626   0.000101    -0.0018    -0.1985 0.0000e+00
       5160     -1.093    -0.5627   0.000102    -0.0018    -0.1985 0.0000e+00
       5161     -1.093    -0.5628   0.000104    -0.0018    -0.1986 0.0000e+00
       5162     -1.093    -0.5628   0.000105    -0.0018    -0.1986 0.0000e+00
       5163     -1.093    -0.5626   0.000108    -0.0018    -0.1985 0.0000e+00
       5164     -1.093    -0.5629   0.000109    -0.0018    -0.1986 0.0000e+00
       5165     -1.093    -0.5640   0.000106    -0.0018    -0.1986 0.0000e+00
       5166     -1.093    -0.5657   0.000101    -0.0018    -0.1988 0.0000e+00
       5167     -1.093    -0.5669   0.000100    -0.0018    -0.1989 0.0000e+00
       5168     -1.093    -0.5671   0.000101    -0.0018    -0.1989 0.0000e+00
       5169     -1.093    -0.5672   0.000102    -0.0018    -0.1989 0.0000e+00
       5170     -1.093    -0.5673   0.000105    -0.0018    -0.1989 0.0000e+00
       5171     -1.093    -0.5674   0.000105    -0.0018    -0.1989 0.0000e+00
       5172     -1.094    -0.5675   0.000104    -0.0018    -0.1989 0.0000e+00
       5173     -1.095    -0.5678   0.000105    -0.0018    -0.1989 0.0000e+00
       5174     -1.096    -0.5682   0.000105    -0.0018    -0.1990 0.0000e+00
       5175     -1.095    -0.5686   0.000106    -0.0018    -0.1990 0.0000e+00
       5176     -1.093    -0.5690   0.000107    -0.0018    -0.1990 0.0000e+00
       5177     -1.093    -0.5692   0.000107    -0.0018    -0.1991 0.0000e+00
       5178     -1.093    -0.5689   0.000108    -0.0018    -0.1990 0.0000e+00
       5179     -1.093    -0.5684   0.000111    -0.0017    -0.1990 0.0000e+00
       5180     -1.094    -0.5682   0.000112    -0.0017    -0.1990 0.0000e+00
       5181     -1.095    -0.5692   0.000110    -0.0017    -0.1991 0.0000e+00
       5182     -1.096    -0.5713   0.000105    -0.0018    -0.1992 0.0000e+00
       5183     -1.094    -0.5735   0.000098    -0.0018    -0.1994 0.0000e+00
       5184     -1.092    -0.5751   0.000095    -0.0019    -0.1995 0.0000e+00
       5185     -1.090    -0.5758   0.000096    -0.0019    -0.1996 0.0000e+00
       5186     -1.089    -0.5758   0.000098    -0.0018    -0.1996 0.0000e+00
       5187     -1.089    -0.5754   0.000101    -0.0018    -0.1995 0.0000e+00
       5188     -1.092    -0.5748   0.000104    -0.0018    -0.1995 0.0000e+00
       5189     -1.097    -0.5743   0.000107    -0.0018    -0.1995 0.0000e+00
       5190     -1.100    -0.5741   0.000109    -0.0018    -0.1994 0.0000e+00
       5191     -1.100    -0.5744   0.000110    -0.0018    -0.1995 0.0000e+00
       5192     -1.099    -0.5752   0.000109    -0.0018    -0.1995 0.0000e+00
       5193     -1.097    -0.5763   0.000105    -0.0018    -0.1996 0.0000e+00
       5194     -1.093    -0.5773   0.000103    -0.0018    -0.1997 0.0000e+00
       5195     -1.090    -0.5778   0.000102    -0.0018    -0.1997 0.0000e+00
       5196     -1.089    -0.5777   0.000104    -0.0018    -0.1997 0.0000e+00
       5197     -1.089    -0.5773   0.000107    -0.0018    -0.1997 0.0000e+00
       5198     -1.090    -0.5765   0.000112    -0.0017    -0.1996 0.0000e+00
       5199     -1.092    -0.5758   0.000116    -0.0017    -0.1996 0.0000e+00
       5200     -1.093    -0.5754   0.000116    -0.0017    -0.1995 0.0000e+00
       5201     -1.093    -0.5750   0.000117    -0.0017    -0.1995 0.0000e+00
       5202     -1.094    -0.5749   0.000117    -0.0017    -0.1995 0.0000e+00
       5203     -1.097    -0.5754   0.000115    -0.0017    -0.1995 0.0000e+00
       5204     -1.100    -0.5767   0.000111    -0.0017    -0.1996 0.0000e+00
       5205     -1.100    -0.5787   0.000105    -0.0018    -0.1998 0.0000e+00
       5206     -1.096    -0.5807   0.000100    -0.0018    -0.2000 0.0000e+00
       5207     -1.090    -0.5822   0.000096    -0.0019    -0.2001 0.0000e+00
       5208     -1.086    -0.5827   0.000098    -0.0019    -0.2001 0.0000e+00
       5209     -1.087    -0.5823   0.000103    -0.0018    -0.2001 0.0000e+00
       5210     -1.090    -0.5815   0.000106    -0.0018    -0.2000 0.0000e+00
       5211     -1.094    -0.5808   0.000109    -0.0018    -0.2000 0.0000e+00
       5212     -1.094    -0.5806   0.000111    -0.0018    -0.1999 0.0000e+00
       5213     -1.092    -0.5807   0.000113    -0.0017    -0.2000 0.0000e+00
       5214     -1.092    -0.5809   0.000111    -0.0018    -0.2000 0.0000e+00
       5215     -1.095    -0.5809   0.000112    -0.0017    -0.2000 0.0000e+00
       5216     -1.097    -0.5807   0.000114    -0.0017    -0.2000 0.0000e+00
       5217     -1.097    -0.5808   0.000114    -0.0017    -0.2000 0.0000e+00
       5218     -1.097    -0.5812   0.000112    -0.0017    -0.2000 0.0000e+00
       5219     -1.098    -0.5816   0.000111    -0.0018    -0.2000 0.0000e+00
       5220     -1.098    -0.5820   0.000109    -0.0018    -0.2001 0.0000e+00
       5221     -1.097    -0.5824   0.000110    -0.0018    -0.2001 0.0000e+00
       5222     -1.096    -0.5827   0.000111    -0.0018    -0.2001 0.0000e+00
       5223     -1.094    -0.5830   0.000110    -0.0018    -0.2001 0.0000e+00
       5224     -1.093    -0.5834   0.000109    -0.0018    -0.2002 0.0000e+00
       5225     -1.093    -0.5837   0.000108    -0.0018    -0.2002 0.0000e+00
       5226     -1.093    -0.5838   0.000110    -0.0018    -0.2002 0.0000e+00
       5227     -1.093    -0.5840   0.000111    -0.0018    -0.2002 0.0000e+00
       5228     -1.093    -0.5843   0.000112    -0.0017    -0.2002 0.0000e+00
       5229     -1.094    -0.5849   0.000110    -0.0018    -0.2003 0.0000e+00
       5230     -1.096    -0.5857   0.000106    -0.0018    -0.2003 0.0000e+00
       5231     -1.097    -0.5864   0.000105    -0.0018    -0.2004 0.0000e+00
       5232     -1.097    -0.5870   0.000104    -0.0018    -0.2005 0.0000e+00
       5233     -1.096    -0.5875   0.000104    -0.0018    -0.2005 0.0000e+00
       5234     -1.096    -0.5884   0.000102    -0.0018    -0.2006 0.0000e+00
       5235     -1.098    -0.5897   0.000099    -0.0018    -0.2007 0.0000e+00
       5236     -1.099    -0.5906   0.000098    -0.0019    -0.2007 0.0000e+00
       5237     -1.096    -0.5908   0.000099    -0.0018    -0.2008 0.0000e+00
       5238     -1.095    -0.5905   0.000103    -0.0018    -0.2007 0.0000e+00
       5239     -1.097    -0.5900   0.000106    -0.0018    -0.2007 0.0000e+00
       5240     -1.100    -0.5898   0.000108    -0.0018    -0.2007 0.0000e+00
       5241     -1.101    -0.5898   0.000109    -0.0018    -0.2007 0.0000e+00
       5242     -1.097    -0.5901   0.000109    -0.0018    -0.2007 0.0000e+00
       5243     -1.093    -0.5906   0.000108    -0.0018    -0.2007 0.0000e+00
       5244     -1.092    -0.5909   0.000109    -0.0018    -0.2008 0.0000e+00
       5245     -1.095    -0.5910   0.000111    -0.0018    -0.2008 0.0000e+00
       5246     -1.097    -0.5913   0.000108    -0.0018    -0.2008 0.0000e+00
       5247     -1.096    -0.5916   0.000107    -0.0018    -0.2008 0.0000e+00
       5248     -1.095    -0.5918   0.000109    -0.0018    -0.2008 0.0000e+00
       5249     -1.095    -0.5918   0.000110    -0.0018    -0.2008 0.0000e+00
       5250     -1.097    -0.5916   0.000113    -0.0017    -0.2008 0.0000e+00
       5251     -1.100    -0.5918   0.000112    -0.0018    -0.2008 0.0000e+00
       5252     -1.100    -0.5930   0.000107    -0.0018    -0.2009 0.0000e+00
       5253     -1.098    -0.5950   0.000103    -0.0018    -0.2011 0.0000e+00
       5254     -1.095    -0.5968   0.000100    -0.0018    -0.2012 0.0000e+00
       5255     -1.091    -0.5976   0.000098    -0.0019    -0.2013 0.0000e+00
       5256     -1.089    -0.5975   0.000101    -0.0018    -0.2013 0.0000e+00
       5257     -1.089    -0.5969   0.000107    -0.0018    -0.2012 0.0000e+00
       5258     -1.091    -0.5962   0.000110    -0.0018    -0.2012 0.0000e+00
       5259     -1.095    -0.5966   0.000109    -0.0018    -0.2012 0.0000e+00
       5260     -1.099    -0.5978   0.000105    -0.0018    -0.2013 0.0000e+00
       5261     -1.099    -0.5989   0.000102    -0.0018    -0.2014 0.0000e+00
       5262     -1.096    -0.5995   0.000102    -0.0018    -0.2014 0.0000e+00
       5263     -1.094    -0.5997   0.000103    -0.0018    -0.2015 0.0000e+00
       5264     -1.094    -0.5995   0.000106    -0.0018    -0.2014 0.0000e+00
       5265     -1.096    -0.5991   0.000109    -0.0018    -0.2014 0.0000e+00
       5266     -1.097    -0.5988   0.000110    -0.0018    -0.2014 0.0000e+00
       5267     -1.096    -0.5988   0.000111    -0.0018    -0.2014 0.0000e+00
       5268     -1.094    -0.5989   0.000113    -0.0018    -0.2014 0.0000e+00
       5269     -1.094    -0.5990   0.000111    -0.0018    -0.2014 0.0000e+00
       5270     -1.096    -0.5989   0.000112    -0.0018    -0.2014 0.0000e+00
       5271     -1.098    -0.5987   0.000113    -0.0018    -0.2014 0.0000e+00
       5272     -1.098    -0.5987   0.000113    -0.0018    -0.2014 0.0000e+00
       5273     -1.098    -0.5989   0.000113    -0.0018    -0.2014 0.0000e+00
       5274     -1.097    -0.5994   0.000112    -0.0018    -0.2014 0.0000e+00
       5275     -1.096    -0.5997   0.000111    -0.0018    -0.2015 0.0000e+00
       5276     -1.095    -0.5998   0.000111    -0.0018    -0.2015 0.0000e+00
       5277     -1.095    -0.5997   0.000112    -0.0018    -0.2015 0.0000e+00
       5278     -1.093    -0.5994   0.000115    -0.0017    -0.2014 0.0000e+00
       5279     -1.090    -0.5995   0.000116    -0.0017    -0.2014 0.0000e+00
       5280     -1.089    -0.5998   0.000114    -0.0017    -0.2015 0.0000e+00
       5281     -1.089    -0.6000   0.000114    -0.0017    -0.2015 0.0000e+00
       5282     -1.091    -0.6000   0.000115    -0.0017    -0.2015 0.0000e+00
       5283     -1.093    -0.5998   0.000115    -0.0017    -0.2015 0.0000e+00
       5284     -1.095    -0.5997   0.000116    -0.0017    -0.2015 0.0000e+00
       5285     -1.097    -0.5999   0.000116    -0.0017    -0.2015 0.0000e+00
       5286     -1.096    -0.6005   0.000112    -0.0018    -0.2015 0.0000e+00
       5287     -1.094    -0.6017   0.000109    -0.0018    -0.2016 0.0000e+00
       5288     -1.093    -0.6032   0.000105    -0.0018    -0.2017 0.0000e+00
       5289     -1.093    -0.6045   0.000101    -0.0018    -0.2018 0.0000e+00
       5290     -1.093    -0.6051   0.000102    -0.0018    -0.2019 0.0000e+00
       5291     -1.093    -0.6053   0.000105    -0.0018    -0.2019 0.0000e+00
       5292     -1.093    -0.6061   0.000102    -0.0018    -0.2020 0.0000e+00
       5293     -1.093    -0.6072   0.000101    -0.0018    -0.2020 0.0000e+00
       5294     -1.093    -0.6076   0.000102    -0.0018    -0.2021 0.0000e+00
       5295     -1.094    -0.6074   0.000104    -0.0018    -0.2021 0.0000e+00
       5296     -1.097    -0.6068   0.000108    -0.0018    -0.2020 0.0000e+00
       5297     -1.102    -0.6065   0.000109    -0.0018    -0.2020 0.0000e+00
       5298     -1.105    -0.6071   0.000107    -0.0018    -0.2020 0.0000e+00
       5299     -1.103    -0.6083   0.000105    -0.0018    -0.2021 0.0000e+00
       5300     -1.098    -0.6096   0.000103    -0.0018    -0.2022 0.0000e+00
       5301     -1.096    -0.6106   0.000102    -0.0018    -0.2023 0.0000e+00
       5302     -1.097    -0.6117   0.000100    -0.0019    -0.2024 0.0000e+00
       5303     -1.099    -0.6125   0.000099    -0.0019    -0.2025 0.0000e+00
       5304     -1.099    -0.6129   0.000098    -0.0019    -0.2025 0.0000e+00
       5305     -1.096    -0.6130   0.000099    -0.0019    -0.2025 0.0000e+00
       5306     -1.094    -0.6134   0.000101    -0.0019    -0.2025 0.0000e+00
       5307     -1.094    -0.6139   0.000101    -0.0019    -0.2026 0.0000e+00
       5308     -1.096    -0.6138   0.000104    -0.0018    -0.2026 0.0000e+00
       5309     -1.097    -0.6132   0.000108    -0.0018    -0.2025 0.0000e+00
       5310     -1.096    -0.6125   0.000113    -0.0018    -0.2025 0.0000e+00
       5311     -1.094    -0.6125   0.000113    -0.0018    -0.2025 0.0000e+00
       5312     -1.094    -0.6132   0.000109    -0.0018    -0.2025 0.0000e+00
       5313     -1.094    -0.6140   0.000106    -0.0018    -0.2026 0.0000e+00
       5314     -1.096    -0.6145   0.000107    -0.0018    -0.2026 0.0000e+00
       5315     -1.097    -0.6144   0.000109    -0.0018    -0.2026 0.0000e+00
       5316     -1.096    -0.6142   0.000113    -0.0018    -0.2026 0.0000e+00
       5317     -1.094    -0.6140   0.000115    -0.0017    -0.2026 0.0000e+00
       5318     -1.092    -0.6140   0.000114    -0.0018    -0.2026 0.0000e+00
       5319     -1.093    -0.6137   0.000114    -0.0018    -0.2026 0.0000e+00
       5320     -1.098    -0.6132   0.000117    -0.0017    -0.2025 0.0000e+00
       5321     -1.102    -0.6133   0.000116    -0.0017    -0.2025 0.0000e+00
       5322     -1.102    -0.6141   0.000113    -0.0018    -0.2026 0.0000e+00
       5323     -1.100    -0.6156   0.000110    -0.0018    -0.2027 0.0000e+00
       5324     -1.095    -0.6166   0.000107    -0.0018    -0.2028 0.0000e+00
       5325     -1.094    -0.6170   0.000107    -0.0018    -0.2028 0.0000e+00
       5326     -1.098    -0.6166   0.000109    -0.0018    -0.2028 0.0000e+00
       5327     -1.101    -0.6162   0.000109    -0.0018    -0.2028 0.0000e+00
       5328     -1.101    -0.6161   0.000111    -0.0018    -0.2028 0.0000e+00
       5329     -1.100    -0.6165   0.000110    -0.0018    -0.2028 0.0000e+00
       5330     -1.101    -0.6173   0.000109    -0.0018    -0.2028 0.0000e+00
       5331     -1.102    -0.6179   0.000109    -0.0018    -0.2029 0.0000e+00
       5332     -1.100    -0.6180   0.000108    -0.0018    -0.2029 0.0000e+00
       5333     -1.096    -0.6177   0.000111    -0.0018    -0.2029 0.0000e+00
