Datasets/Multi_Species/TEL214/tel214_2020_003.cnv
* Sea-Bird SBE19plus Data File:
* Filename = C:/AQUIRE/tel214_2020_003.hex
* Software Version AquireV2 AF V2.0
* Temperature SN =  7853
* Conductivity SN =  7853
* System UpLoad Time = Nov 06 2020 17:40:11
* <ApplicationData>
* <AQUIREV2>
** VESSEL/TRIP/SEQ STN: tel214_2020_003
** LATITUDE: 52 51.03 N
** LONGITUDE: 05 50.15 W
** DATE/TIME: 2020-11-06 16:34
** SOUNDING DEPTH (M): 0203
** PROBE TYPE: S7853
** CTD NUMBER: 003
** COMMENTS: 
# nquan = 7                                 
# nvalues = 3830                        
# units = specified
# name 0 = scan: Scan Count
# name 1 = prdM: Pressure, Strain Gauge [db]
# name 2 = tv290C: Temperature [ITS-90, deg C]
# name 3 = c0S/m: Conductivity [S/m]
# name 4 = sal00: Salinity, Practical [PSU]
# name 5 = sigma-t00: Density [sigma-t, kg/m^3 ]
# name 6 = flag: flag
# span 0 =          1,       3830       
# span 1 =     -1.061,    201.619       
# span 2 =     1.1127,     2.8981       
# span 3 =   0.000092,   3.083788       
# span 4 =    -0.0005,    34.0920       
# span 5 =    -0.0899,    27.2234       
# span 6 = 0.0000e+00, 0.0000e+00       
# interval = seconds: 1
# start_time = Nov 06 2020 16:34:27 [Instrument's time stamp, header]
# bad_flag = -9.990e-29
*END*
[from data line 2462]
       2463    200.458     1.9322   3.000811    33.9936    27.1705 0.0000e+00
       2464    200.445     1.9326   3.000840    33.9935    27.1705 0.0000e+00
       2465    200.407     1.9329   3.000865    33.9935    27.1705 0.0000e+00
       2466    200.339     1.9332   3.000882    33.9935    27.1704 0.0000e+00
       2467    200.244     1.9333   3.000878    33.9934    27.1703 0.0000e+00
       2468    200.127     1.9333   3.000863    33.9932    27.1702 0.0000e+00
       2469    199.993     1.9331   3.000847    33.9933    27.1703 0.0000e+00
       2470    199.854     1.9331   3.000829    33.9932    27.1702 0.0000e+00
       2471    199.714     1.9329   3.000807    33.9932    27.1702 0.0000e+00
       2472    199.567     1.9329   3.000786    33.9930    27.1700 0.0000e+00
       2473    199.407     1.9327   3.000765    33.9931    27.1701 0.0000e+00
       2474    199.232     1.9326   3.000740    33.9929    27.1700 0.0000e+00
       2475    199.052     1.9324   3.000714    33.9929    27.1700 0.0000e+00
       2476    198.877     1.9322   3.000689    33.9929    27.1700 0.0000e+00
       2477    198.700     1.9321   3.000673    33.9929    27.1700 0.0000e+00
       2478    198.515     1.9320   3.000656    33.9929    27.1701 0.0000e+00
       2479    198.318     1.9318   3.000625    33.9929    27.1700 0.0000e+00
       2480    198.113     1.9316   3.000574    33.9926    27.1698 0.0000e+00
       2481    197.906     1.9312   3.000525    33.9925    27.1698 0.0000e+00
       2482    197.698     1.9310   3.000505    33.9926    27.1698 0.0000e+00
       2483    197.492     1.9312   3.000532    33.9928    27.1700 0.0000e+00
       2484    197.286     1.9318   3.000611    33.9933    27.1703 0.0000e+00
       2485    197.072     1.9327   3.000716    33.9938    27.1707 0.0000e+00
       2486    196.852     1.9335   3.000786    33.9939    27.1707 0.0000e+00
       2487    196.634     1.9339   3.000780    33.9935    27.1704 0.0000e+00
       2488    196.415     1.9336   3.000701    33.9930    27.1700 0.0000e+00
       2489    196.191     1.9328   3.000586    33.9925    27.1697 0.0000e+00
       2490    195.959     1.9318   3.000474    33.9923    27.1696 0.0000e+00
       2491    195.716     1.9310   3.000378    33.9921    27.1695 0.0000e+00
       2492    195.471     1.9303   3.000306    33.9921    27.1695 0.0000e+00
       2493    195.235     1.9299   3.000288    33.9924    27.1698 0.0000e+00
       2494    195.004     1.9299   3.000300    33.9927    27.1700 0.0000e+00
       2495    194.767     1.9298   3.000282    33.9927    27.1701 0.0000e+00
       2496    194.528     1.9295   3.000224    33.9925    27.1699 0.0000e+00
       2497    194.297     1.9291   3.000157    33.9922    27.1697 0.0000e+00
       2498    194.071     1.9286   3.000108    33.9922    27.1697 0.0000e+00
       2499    193.842     1.9284   3.000085    33.9923    27.1698 0.0000e+00
       2500    193.609     1.9285   3.000097    33.9925    27.1699 0.0000e+00
       2501    193.371     1.9292   3.000200    33.9931    27.1704 0.0000e+00
       2502    193.134     1.9309   3.000411    33.9941    27.1711 0.0000e+00
       2503    192.903     1.9326   3.000562    33.9943    27.1711 0.0000e+00
       2504    192.680     1.9332   3.000552    33.9936    27.1705 0.0000e+00
       2505    192.459     1.9331   3.000492    33.9931    27.1701 0.0000e+00
       2506    192.237     1.9327   3.000439    33.9930    27.1701 0.0000e+00
       2507    192.012     1.9323   3.000375    33.9928    27.1699 0.0000e+00
       2508    191.784     1.9316   3.000310    33.9928    27.1700 0.0000e+00
       2509    191.557     1.9312   3.000265    33.9928    27.1700 0.0000e+00
       2510    191.331     1.9310   3.000242    33.9929    27.1701 0.0000e+00
       2511    191.106     1.9309   3.000223    33.9929    27.1701 0.0000e+00
       2512    190.879     1.9308   3.000202    33.9928    27.1701 0.0000e+00
       2513    190.648     1.9310   3.000242    33.9933    27.1704 0.0000e+00
       2514    190.418     1.9321   3.000409    33.9943    27.1711 0.0000e+00
       2515    190.189     1.9342   3.000645    33.9951    27.1716 0.0000e+00
       2516    189.959     1.9361   3.000802    33.9952    27.1715 0.0000e+00
       2517    189.729     1.9369   3.000782    33.9942    27.1707 0.0000e+00
       2518    189.502     1.9362   3.000597    33.9928    27.1696 0.0000e+00
       2519    189.275     1.9345   3.000394    33.9922    27.1693 0.0000e+00
       2520    189.043     1.9332   3.000312    33.9927    27.1698 0.0000e+00
       2521    188.809     1.9333   3.000373    33.9935    27.1704 0.0000e+00
       2522    188.580     1.9344   3.000519    33.9943    27.1709 0.0000e+00
       2523    188.354     1.9358   3.000654    33.9946    27.1711 0.0000e+00
       2524    188.128     1.9373   3.000787    33.9948    27.1711 0.0000e+00
       2525    187.902     1.9399   3.001075    33.9957    27.1717 0.0000e+00
       2526    187.674     1.9442   3.001524    33.9968    27.1722 0.0000e+00
       2527    187.445     1.9479   3.001794    33.9964    27.1716 0.0000e+00
       2528    187.213     1.9487   3.001708    33.9946    27.1701 0.0000e+00
       2529    186.975     1.9475   3.001515    33.9936    27.1694 0.0000e+00
       2530    186.731     1.9462   3.001404    33.9937    27.1696 0.0000e+00
       2531    186.487     1.9455   3.001383    33.9943    27.1701 0.0000e+00
       2532    186.248     1.9452   3.001338    33.9942    27.1701 0.0000e+00
       2533    186.011     1.9441   3.001150    33.9932    27.1693 0.0000e+00
       2534    185.768     1.9421   3.000911    33.9925    27.1689 0.0000e+00
       2535    185.515     1.9403   3.000755    33.9926    27.1692 0.0000e+00
       2536    185.259     1.9392   3.000690    33.9931    27.1696 0.0000e+00
       2537    185.004     1.9392   3.000750    33.9940    27.1704 0.0000e+00
       2538    184.745     1.9407   3.000997    33.9956    27.1716 0.0000e+00
       2539    184.482     1.9434   3.001297    33.9967    27.1722 0.0000e+00
       2540    184.213     1.9455   3.001408    33.9959    27.1714 0.0000e+00
       2541    183.934     1.9461   3.001345    33.9947    27.1704 0.0000e+00
       2542    183.643     1.9455   3.001234    33.9941    27.1699 0.0000e+00
       2543    183.343     1.9443   3.001080    33.9936    27.1697 0.0000e+00
       2544    183.038     1.9428   3.000894    33.9931    27.1693 0.0000e+00
       2545    182.734     1.9411   3.000717    33.9928    27.1693 0.0000e+00
       2546    182.432     1.9398   3.000580    33.9927    27.1693 0.0000e+00
       2547    182.132     1.9388   3.000475    33.9926    27.1693 0.0000e+00
       2548    181.835     1.9379   3.000402    33.9928    27.1695 0.0000e+00
       2549    181.538     1.9374   3.000375    33.9932    27.1699 0.0000e+00
       2550    181.238     1.9375   3.000396    33.9935    27.1701 0.0000e+00
       2551    180.939     1.9383   3.000489    33.9940    27.1704 0.0000e+00
       2552    180.637     1.9394   3.000608    33.9945    27.1707 0.0000e+00
       2553    180.333     1.9404   3.000649    33.9941    27.1703 0.0000e+00
       2554    180.032     1.9404   3.000613    33.9938    27.1701 0.0000e+00
       2555    179.737     1.9400   3.000554    33.9937    27.1700 0.0000e+00
       2556    179.443     1.9394   3.000472    33.9935    27.1699 0.0000e+00
       2557    179.151     1.9387   3.000371    33.9931    27.1697 0.0000e+00
       2558    178.859     1.9377   3.000276    33.9932    27.1698 0.0000e+00
       2559    178.565     1.9371   3.000222    33.9933    27.1699 0.0000e+00
       2560    178.268     1.9371   3.000232    33.9936    27.1702 0.0000e+00
       2561    177.970     1.9374   3.000256    33.9937    27.1703 0.0000e+00
       2562    177.670     1.9375   3.000215    33.9933    27.1699 0.0000e+00
       2563    177.366     1.9369   3.000109    33.9928    27.1695 0.0000e+00
       2564    177.058     1.9362   3.000032    33.9927    27.1696 0.0000e+00
       2565    176.746     1.9366   3.000133    33.9937    27.1703 0.0000e+00
       2566    176.438     1.9403   3.000651    33.9964    27.1722 0.0000e+00
       2567    176.139     1.9484   3.001650    34.0004    27.1748 0.0000e+00
       2568    175.838     1.9584   3.002617    34.0020    27.1753 0.0000e+00
       2569    175.526     1.9651   3.002958    33.9992    27.1726 0.0000e+00
       2570    175.206     1.9660   3.002684    33.9950    27.1691 0.0000e+00
       2571    174.884     1.9625   3.002160    33.9924    27.1673 0.0000e+00
       2572    174.556     1.9590   3.001951    33.9937    27.1686 0.0000e+00
       2573    174.219     1.9599   3.002353    33.9980    27.1719 0.0000e+00
       2574    173.873     1.9644   3.002842    33.9995    27.1728 0.0000e+00
       2575    173.520     1.9676   3.002932    33.9973    27.1709 0.0000e+00
       2576    173.162     1.9678   3.002730    33.9948    27.1688 0.0000e+00
       2577    172.802     1.9660   3.002471    33.9937    27.1681 0.0000e+00
       2578    172.440     1.9642   3.002306    33.9938    27.1682 0.0000e+00
       2579    172.076     1.9638   3.002394    33.9955    27.1697 0.0000e+00
       2580    171.712     1.9674   3.002985    33.9992    27.1724 0.0000e+00
       2581    171.348     1.9770   3.004210    34.0045    27.1759 0.0000e+00
       2582    170.981     1.9905   3.005665    34.0084    27.1780 0.0000e+00
       2583    170.601     2.0048   3.007044    34.0105    27.1786 0.0000e+00
       2584    170.206     2.0252   3.009436    34.0188    27.1836 0.0000e+00
       2585    169.798     2.0716   3.015369    34.0434    27.1997 0.0000e+00
       2586    169.377     2.1570   3.025458    34.0779    27.2205 0.0000e+00
       2587    168.945     2.2622   3.035633    34.0920    27.2234 0.0000e+00
       2588    168.503     2.3514   3.041915    34.0748    27.2024 0.0000e+00
       2589    168.050     2.4093   3.044827    34.0493    27.1772 0.0000e+00
       2590    167.592     2.4428   3.046255    34.0315    27.1602 0.0000e+00
       2591    167.134     2.4611   3.046793    34.0189    27.1486 0.0000e+00
       2592    166.675     2.4698   3.046639    34.0080    27.1391 0.0000e+00
       2593    166.206     2.4726   3.046129    33.9990    27.1317 0.0000e+00
       2594    165.723     2.4725   3.045625    33.9931    27.1270 0.0000e+00
       2595    165.222     2.4728   3.045480    33.9913    27.1255 0.0000e+00
       2596    164.707     2.4753   3.045590    33.9903    27.1245 0.0000e+00
       2597    164.183     2.4782   3.045617    33.9878    27.1223 0.0000e+00
       2598    163.655     2.4796   3.045556    33.9859    27.1206 0.0000e+00
       2599    163.118     2.4806   3.045506    33.9845    27.1194 0.0000e+00
       2600    162.565     2.4826   3.045559    33.9833    27.1183 0.0000e+00
       2601    161.999     2.4871   3.045926    33.9834    27.1180 0.0000e+00
       2602    161.427     2.4954   3.046572    33.9829    27.1169 0.0000e+00
       2603    160.855     2.5049   3.047071    33.9792    27.1132 0.0000e+00
       2604    160.279     2.5116   3.047300    33.9753    27.1095 0.0000e+00
       2605    159.689     2.5153   3.047414    33.9731    27.1074 0.0000e+00
       2606    159.079     2.5168   3.047381    33.9714    27.1059 0.0000e+00
       2607    158.448     2.5182   3.047445    33.9710    27.1055 0.0000e+00
       2608    157.795     2.5227   3.047965    33.9730    27.1068 0.0000e+00
       2609    157.121     2.5310   3.048751    33.9743    27.1071 0.0000e+00
       2610    156.433     2.5412   3.049565    33.9739    27.1059 0.0000e+00
       2611    155.735     2.5540   3.050763    33.9754    27.1060 0.0000e+00
       2612    155.031     2.5713   3.052543    33.9794    27.1077 0.0000e+00
       2613    154.322     2.5916   3.054410    33.9812    27.1075 0.0000e+00
       2614    153.604     2.6115   3.056114    33.9815    27.1060 0.0000e+00
       2615    152.876     2.6300   3.057665    33.9813    27.1043 0.0000e+00
       2616    152.140     2.6466   3.058806    33.9782    27.1004 0.0000e+00
       2617    151.400     2.6578   3.059123    33.9706    27.0933 0.0000e+00
       2618    150.659     2.6605   3.058392    33.9591    27.0840 0.0000e+00
       2619    149.912     2.6544   3.056789    33.9463    27.0743 0.0000e+00
       2620    149.147     2.6407   3.054600    33.9344    27.0659 0.0000e+00
       2621    148.358     2.6225   3.052206    33.9246    27.0596 0.0000e+00
       2622    147.555     2.6037   3.049847    33.9160    27.0543 0.0000e+00
       2623    146.751     2.5874   3.047775    33.9082    27.0495 0.0000e+00
       2624    145.955     2.5755   3.046446    33.9049    27.0478 0.0000e+00
       2625    145.168     2.5688   3.045826    33.9048    27.0483 0.0000e+00
       2626    144.381     2.5651   3.045395    33.9038    27.0479 0.0000e+00
       2627    143.594     2.5604   3.044565    33.8990    27.0444 0.0000e+00
       2628    142.811     2.5525   3.043155    33.8904    27.0382 0.0000e+00
       2629    142.034     2.5428   3.041676    33.8829    27.0330 0.0000e+00
       2630    141.253     2.5343   3.040562    33.8786    27.0303 0.0000e+00
       2631    140.458     2.5274   3.039678    33.8755    27.0284 0.0000e+00
       2632    139.651     2.5182   3.038336    33.8691    27.0241 0.0000e+00
       2633    138.841     2.5006   3.035720    33.8560    27.0150 0.0000e+00
       2634    138.037     2.4754   3.032557    33.8441    27.0076 0.0000e+00
       2635    137.250     2.4522   3.030330    33.8416    27.0075 0.0000e+00
       2636    136.483     2.4378   3.029225    33.8436    27.0103 0.0000e+00
       2637    135.731     2.4320   3.028781    33.8447    27.0117 0.0000e+00
       2638    134.992     2.4321   3.028653    33.8434    27.0106 0.0000e+00
       2639    134.271     2.4368   3.028700    33.8394    27.0071 0.0000e+00
       2640    133.563     2.4459   3.029022    33.8341    27.0021 0.0000e+00
       2641    132.860     2.4580   3.029592    33.8288    26.9968 0.0000e+00
       2642    132.151     2.4741   3.030593    33.8245    26.9920 0.0000e+00
       2643    131.426     2.5004   3.032642    33.8223    26.9881 0.0000e+00
       2644    130.688     2.5379   3.035421    33.8173    26.9810 0.0000e+00
       2645    129.955     2.5740   3.037340    33.8032    26.9667 0.0000e+00
       2646    129.240     2.5957   3.037418    33.7816    26.9476 0.0000e+00
       2647    128.549     2.6018   3.036246    33.7612    26.9307 0.0000e+00
       2648    127.880     2.5986   3.034965    33.7491    26.9214 0.0000e+00
       2649    127.224     2.5915   3.033765    33.7422    26.9165 0.0000e+00
       2650    126.573     2.5806   3.031994    33.7323    26.9094 0.0000e+00
       2651    125.922     2.5626   3.029235    33.7177    26.8992 0.0000e+00
       2652    125.274     2.5368   3.025727    33.7020    26.8889 0.0000e+00
       2653    124.632     2.5084   3.022442    33.6918    26.8831 0.0000e+00
       2654    123.988     2.4849   3.020198    33.6893    26.8830 0.0000e+00
       2655    123.334     2.4685   3.018826    33.6900    26.8849 0.0000e+00
       2656    122.671     2.4571   3.017824    33.6900    26.8859 0.0000e+00
       2657    122.010     2.4482   3.016874    33.6881    26.8851 0.0000e+00
       2658    121.359     2.4402   3.015929    33.6852    26.8834 0.0000e+00
       2659    120.713     2.4333   3.015142    33.6831    26.8823 0.0000e+00
       2660    120.063     2.4277   3.014572    33.6823    26.8822 0.0000e+00
       2661    119.403     2.4238   3.014106    33.6811    26.8815 0.0000e+00
       2662    118.728     2.4207   3.013623    33.6787    26.8799 0.0000e+00
       2663    118.034     2.4181   3.013184    33.6764    26.8782 0.0000e+00
       2664    117.320     2.4164   3.012945    33.6757    26.8778 0.0000e+00
       2665    116.596     2.4160   3.012867    33.6755    26.8777 0.0000e+00
       2666    115.866     2.4164   3.012831    33.6751    26.8773 0.0000e+00
