Datasets/Multi_Species/TEL214/tel214_2020_032.cnv
* Sea-Bird SBE19plus Data File:
* Filename = C:/AQUIRE/tel214_2020_032.hex
* Software Version AquireV2 AF V2.0
* Temperature SN =  7853
* Conductivity SN =  7853
* System UpLoad Time = Nov 15 2020 19:12:58
* <ApplicationData>
* <AQUIREV2>
** VESSEL/TRIP/SEQ STN: tel214_2020_032
** LATITUDE: 53 07.67 N
** LONGITUDE: 52 06.64 W
** DATE/TIME: 2020-11-15 13:52
** SOUNDING DEPTH (M): 0450
** PROBE TYPE: S7853
** CTD NUMBER: 032
** COMMENTS: tear up
# nquan = 7                                 
# nvalues = 10013                       
# units = specified
# name 0 = scan: Scan Count
# name 1 = prdM: Pressure, Strain Gauge [db]
# name 2 = tv290C: Temperature [ITS-90, deg C]
# name 3 = c0S/m: Conductivity [S/m]
# name 4 = sal00: Salinity, Practical [PSU]
# name 5 = sigma-t00: Density [sigma-t, kg/m^3 ]
# name 6 = flag: flag
# span 0 =          1,      10013       
# span 1 =     -1.046,    447.695       
# span 2 =     0.9158,     3.9973       
# span 3 =  -0.000075,   3.253915       
# span 4 =    -0.0006,    34.8002       
# span 5 =    -0.1027,    27.6341       
# span 6 = 0.0000e+00, 0.0000e+00       
# interval = seconds: 1
# start_time = Nov 15 2020 13:52:03 [Instrument's time stamp, header]
# bad_flag = -9.990e-29
*END*
[from data line 5334]
       5335     -1.019     1.8809   0.000109     0.0001    -0.0610 0.0000e+00
       5336     -1.020     1.8810   0.000110     0.0001    -0.0610 0.0000e+00
       5337     -1.020     1.8812   0.000111     0.0001    -0.0610 0.0000e+00
       5338     -1.019     1.8812   0.000110     0.0001    -0.0610 0.0000e+00
       5339     -1.017     1.8809   0.000109     0.0001    -0.0610 0.0000e+00
       5340     -1.014     1.8806   0.000109     0.0001    -0.0610 0.0000e+00
       5341     -1.011     1.8805   0.000108     0.0001    -0.0610 0.0000e+00
       5342     -1.008     1.8805   0.000110     0.0001    -0.0610 0.0000e+00
       5343     -1.008     1.8807   0.000112     0.0001    -0.0610 0.0000e+00
       5344     -1.010     1.8809   0.000112     0.0001    -0.0610 0.0000e+00
       5345     -1.012     1.8811   0.000112     0.0001    -0.0610 0.0000e+00
       5346     -1.014     1.8813   0.000114     0.0002    -0.0610 0.0000e+00
       5347     -1.014     1.8814   0.000115     0.0002    -0.0610 0.0000e+00
       5348     -1.014     1.8815   0.000115     0.0002    -0.0610 0.0000e+00
       5349     -1.015     1.8817   0.000116     0.0002    -0.0610 0.0000e+00
       5350     -1.017     1.8817   0.000116     0.0002    -0.0610 0.0000e+00
       5351     -1.019     1.8817   0.000114     0.0002    -0.0610 0.0000e+00
       5352     -1.019     1.8817   0.000114     0.0002    -0.0610 0.0000e+00
       5353     -1.019     1.8817   0.000114     0.0002    -0.0610 0.0000e+00
       5354     -1.017     1.8817   0.000115     0.0002    -0.0610 0.0000e+00
       5355     -1.015     1.8819   0.000115     0.0002    -0.0610 0.0000e+00
       5356     -1.015     1.8819   0.000113     0.0002    -0.0610 0.0000e+00
       5357     -1.016     1.8815   0.000112     0.0001    -0.0610 0.0000e+00
       5358     -1.017     1.8809   0.000111     0.0001    -0.0610 0.0000e+00
       5359     -1.018     1.8801   0.000108     0.0001    -0.0611 0.0000e+00
       5360     -1.016     1.8798   0.000107     0.0001    -0.0611 0.0000e+00
       5361     -1.013     1.8798   0.000106     0.0001    -0.0611 0.0000e+00
       5362     -1.011     1.8801   0.000108     0.0001    -0.0611 0.0000e+00
       5363     -1.012     1.8803   0.000109     0.0001    -0.0610 0.0000e+00
       5364     -1.014     1.8804   0.000110     0.0001    -0.0610 0.0000e+00
       5365     -1.015     1.8804   0.000111     0.0001    -0.0610 0.0000e+00
       5366     -1.017     1.8802   0.000111     0.0001    -0.0610 0.0000e+00
       5367     -1.018     1.8800   0.000110     0.0001    -0.0611 0.0000e+00
       5368     -1.017     1.8798   0.000109     0.0001    -0.0611 0.0000e+00
       5369     -1.016     1.8798   0.000111     0.0001    -0.0611 0.0000e+00
       5370     -1.016     1.8799   0.000112     0.0001    -0.0610 0.0000e+00
       5371     -1.016     1.8802   0.000113     0.0002    -0.0610 0.0000e+00
       5372     -1.015     1.8804   0.000112     0.0001    -0.0610 0.0000e+00
       5373     -1.015     1.8806   0.000113     0.0002    -0.0610 0.0000e+00
       5374     -1.015     1.8808   0.000114     0.0002    -0.0610 0.0000e+00
       5375     -1.014     1.8810   0.000115     0.0002    -0.0610 0.0000e+00
       5376     -1.013     1.8813   0.000116     0.0002    -0.0610 0.0000e+00
       5377     -1.013     1.8815   0.000116     0.0002    -0.0610 0.0000e+00
       5378     -1.014     1.8815   0.000116     0.0002    -0.0610 0.0000e+00
       5379     -1.015     1.8813   0.000115     0.0002    -0.0610 0.0000e+00
       5380     -1.016     1.8809   0.000113     0.0002    -0.0610 0.0000e+00
       5381     -1.017     1.8806   0.000112     0.0001    -0.0610 0.0000e+00
       5382     -1.016     1.8805   0.000112     0.0001    -0.0610 0.0000e+00
       5383     -1.016     1.8804   0.000111     0.0001    -0.0610 0.0000e+00
       5384     -1.015     1.8805   0.000111     0.0001    -0.0610 0.0000e+00
       5385     -1.012     1.8805   0.000112     0.0001    -0.0610 0.0000e+00
       5386     -1.008     1.8805   0.000112     0.0001    -0.0610 0.0000e+00
       5387     -1.006     1.8805   0.000111     0.0001    -0.0610 0.0000e+00
       5388     -1.006     1.8805   0.000110     0.0001    -0.0610 0.0000e+00
       5389     -1.010     1.8804   0.000111     0.0001    -0.0610 0.0000e+00
       5390     -1.014     1.8800   0.000111     0.0001    -0.0610 0.0000e+00
       5391     -1.014     1.8796   0.000109     0.0001    -0.0611 0.0000e+00
       5392     -1.014     1.8794   0.000108     0.0001    -0.0611 0.0000e+00
       5393     -1.016     1.8793   0.000109     0.0001    -0.0611 0.0000e+00
       5394     -1.016     1.8792   0.000110     0.0001    -0.0611 0.0000e+00
       5395     -1.013     1.8792   0.000110     0.0001    -0.0611 0.0000e+00
       5396     -1.012     1.8794   0.000111     0.0001    -0.0611 0.0000e+00
       5397     -1.013     1.8797   0.000112     0.0001    -0.0611 0.0000e+00
       5398     -1.012     1.8798   0.000113     0.0002    -0.0610 0.0000e+00
       5399     -1.011     1.8798   0.000113     0.0002    -0.0610 0.0000e+00
       5400     -1.011     1.8797   0.000111     0.0001    -0.0611 0.0000e+00
       5401     -1.013     1.8795   0.000111     0.0001    -0.0611 0.0000e+00
       5402     -1.016     1.8792   0.000111     0.0001    -0.0611 0.0000e+00
       5403     -1.018     1.8790   0.000111     0.0001    -0.0611 0.0000e+00
       5404     -1.016     1.8786   0.000109     0.0001    -0.0611 0.0000e+00
       5405     -1.013     1.8780   0.000108     0.0001    -0.0611 0.0000e+00
       5406     -1.012     1.8775   0.000107     0.0001    -0.0612 0.0000e+00
       5407     -1.013     1.8772   0.000107     0.0001    -0.0612 0.0000e+00
       5408     -1.013     1.8773   0.000107     0.0001    -0.0612 0.0000e+00
       5409     -1.013     1.8775   0.000108     0.0001    -0.0611 0.0000e+00
       5410     -1.014     1.8774   0.000109     0.0001    -0.0611 0.0000e+00
       5411     -1.014     1.8772   0.000109     0.0001    -0.0612 0.0000e+00
       5412     -1.016     1.8770   0.000108     0.0001    -0.0612 0.0000e+00
       5413     -1.020     1.8767   0.000106     0.0001    -0.0612 0.0000e+00
       5414     -1.021     1.8763   0.000106     0.0001    -0.0612 0.0000e+00
       5415     -1.020     1.8760   0.000107     0.0001    -0.0612 0.0000e+00
       5416     -1.020     1.8758   0.000106     0.0001    -0.0612 0.0000e+00
       5417     -1.019     1.8760   0.000106     0.0001    -0.0612 0.0000e+00
       5418     -1.018     1.8763   0.000107     0.0001    -0.0612 0.0000e+00
       5419     -1.017     1.8767   0.000110     0.0001    -0.0612 0.0000e+00
       5420     -1.017     1.8771   0.000112     0.0001    -0.0611 0.0000e+00
       5421     -1.016     1.8772   0.000112     0.0001    -0.0611 0.0000e+00
       5422     -1.014     1.8771   0.000112     0.0001    -0.0611 0.0000e+00
       5423     -1.014     1.8769   0.000112     0.0001    -0.0611 0.0000e+00
       5424     -1.015     1.8765   0.000111     0.0001    -0.0612 0.0000e+00
       5425     -1.015     1.8764   0.000111     0.0001    -0.0612 0.0000e+00
       5426     -1.015     1.8764   0.000111     0.0001    -0.0612 0.0000e+00
       5427     -1.015     1.8765   0.000112     0.0001    -0.0612 0.0000e+00
       5428     -1.016     1.8767   0.000113     0.0001    -0.0612 0.0000e+00
       5429     -1.016     1.8769   0.000112     0.0001    -0.0611 0.0000e+00
       5430     -1.014     1.8769   0.000112     0.0001    -0.0611 0.0000e+00
       5431     -1.014     1.8770   0.000114     0.0002    -0.0611 0.0000e+00
       5432     -1.017     1.8770   0.000115     0.0002    -0.0611 0.0000e+00
       5433     -1.019     1.8771   0.000114     0.0002    -0.0611 0.0000e+00
       5434     -1.020     1.8771   0.000113     0.0001    -0.0611 0.0000e+00
       5435     -1.020     1.8773   0.000112     0.0001    -0.0611 0.0000e+00
       5436     -1.019     1.8773   0.000113     0.0001    -0.0611 0.0000e+00
       5437     -1.018     1.8775   0.000115     0.0002    -0.0611 0.0000e+00
       5438     -1.016     1.8777   0.000115     0.0002    -0.0611 0.0000e+00
       5439     -1.015     1.8779   0.000116     0.0002    -0.0611 0.0000e+00
       5440     -1.015     1.8777   0.000115     0.0002    -0.0611 0.0000e+00
       5441     -1.016     1.8766   0.000110     0.0001    -0.0612 0.0000e+00
       5442     -1.016     1.8749   0.000103     0.0001    -0.0613 0.0000e+00
       5443     -1.015     1.8735   0.000098     0.0001    -0.0613 0.0000e+00
       5444     -1.015     1.8728   0.000098     0.0001    -0.0614 0.0000e+00
       5445     -1.015     1.8729   0.000101     0.0001    -0.0613 0.0000e+00
       5446     -1.014     1.8733   0.000105     0.0001    -0.0613 0.0000e+00
       5447     -1.013     1.8739   0.000107     0.0001    -0.0613 0.0000e+00
       5448     -1.012     1.8742   0.000107     0.0001    -0.0613 0.0000e+00
       5449     -1.013     1.8744   0.000110     0.0001    -0.0612 0.0000e+00
       5450     -1.011     1.8748   0.000112     0.0001    -0.0612 0.0000e+00
       5451     -1.009     1.8750   0.000113     0.0001    -0.0612 0.0000e+00
       5452     -1.009     1.8752   0.000114     0.0002    -0.0612 0.0000e+00
       5453     -1.012     1.8752   0.000113     0.0001    -0.0612 0.0000e+00
       5454     -1.015     1.8750   0.000111     0.0001    -0.0612 0.0000e+00
       5455     -1.017     1.8746   0.000111     0.0001    -0.0612 0.0000e+00
       5456     -1.019     1.8744   0.000111     0.0001    -0.0612 0.0000e+00
       5457     -1.020     1.8745   0.000111     0.0001    -0.0612 0.0000e+00
       5458     -1.020     1.8748   0.000111     0.0001    -0.0612 0.0000e+00
       5459     -1.019     1.8752   0.000114     0.0002    -0.0612 0.0000e+00
       5460     -1.019     1.8755   0.000115     0.0002    -0.0612 0.0000e+00
       5461     -1.020     1.8756   0.000117     0.0002    -0.0612 0.0000e+00
       5462     -1.019     1.8758   0.000117     0.0002    -0.0612 0.0000e+00
       5463     -1.015     1.8760   0.000116     0.0002    -0.0612 0.0000e+00
       5464     -1.014     1.8759   0.000115     0.0002    -0.0612 0.0000e+00
       5465     -1.015     1.8756   0.000113     0.0001    -0.0612 0.0000e+00
       5466     -1.016     1.8753   0.000111     0.0001    -0.0612 0.0000e+00
       5467     -1.017     1.8750   0.000111     0.0001    -0.0612 0.0000e+00
       5468     -1.018     1.8748   0.000111     0.0001    -0.0612 0.0000e+00
       5469     -1.017     1.8748   0.000111     0.0001    -0.0612 0.0000e+00
       5470     -1.016     1.8750   0.000111     0.0001    -0.0612 0.0000e+00
       5471     -1.017     1.8752   0.000113     0.0001    -0.0612 0.0000e+00
       5472     -1.018     1.8754   0.000114     0.0002    -0.0612 0.0000e+00
       5473     -1.017     1.8756   0.000114     0.0002    -0.0612 0.0000e+00
       5474     -1.015     1.8758   0.000115     0.0002    -0.0612 0.0000e+00
       5475     -1.017     1.8761   0.000116     0.0002    -0.0612 0.0000e+00
       5476     -1.021     1.8757   0.000114     0.0002    -0.0612 0.0000e+00
       5477     -1.021     1.8743   0.000109     0.0001    -0.0613 0.0000e+00
       5478     -1.020     1.8724   0.000102     0.0001    -0.0614 0.0000e+00
       5479     -1.020     1.8713   0.000099     0.0001    -0.0614 0.0000e+00
       5480     -1.020     1.8708   0.000099     0.0001    -0.0614 0.0000e+00
       5481     -1.020     1.8704   0.000101     0.0001    -0.0614 0.0000e+00
       5482     -1.019     1.8699   0.000100     0.0001    -0.0615 0.0000e+00
       5483     -1.018     1.8699   0.000102     0.0001    -0.0614 0.0000e+00
       5484     -1.018     1.8704   0.000105     0.0001    -0.0614 0.0000e+00
       5485     -1.020     1.8708   0.000106     0.0001    -0.0614 0.0000e+00
       5486     -1.022     1.8712   0.000108     0.0001    -0.0614 0.0000e+00
       5487     -1.019     1.8718   0.000112     0.0001    -0.0613 0.0000e+00
       5488     -1.016     1.8722   0.000113     0.0001    -0.0613 0.0000e+00
       5489     -1.015     1.8724   0.000114     0.0002    -0.0613 0.0000e+00
       5490     -1.014     1.8725   0.000115     0.0002    -0.0613 0.0000e+00
       5491     -1.014     1.8725   0.000114     0.0002    -0.0613 0.0000e+00
       5492     -1.017     1.8724   0.000113     0.0001    -0.0613 0.0000e+00
       5493     -1.018     1.8720   0.000112     0.0001    -0.0613 0.0000e+00
       5494     -1.016     1.8713   0.000111     0.0001    -0.0614 0.0000e+00
       5495     -1.014     1.8710   0.000109     0.0001    -0.0614 0.0000e+00
       5496     -1.014     1.8710   0.000109     0.0001    -0.0614 0.0000e+00
       5497     -1.016     1.8709   0.000108     0.0001    -0.0614 0.0000e+00
       5498     -1.016     1.8708   0.000108     0.0001    -0.0614 0.0000e+00
       5499     -1.015     1.8710   0.000110     0.0001    -0.0614 0.0000e+00
       5500     -1.013     1.8714   0.000112     0.0001    -0.0613 0.0000e+00
       5501     -1.012     1.8718   0.000114     0.0002    -0.0613 0.0000e+00
       5502     -1.015     1.8719   0.000114     0.0002    -0.0613 0.0000e+00
       5503     -1.018     1.8712   0.000112     0.0001    -0.0614 0.0000e+00
       5504     -1.019     1.8704   0.000108     0.0001    -0.0614 0.0000e+00
       5505     -1.017     1.8695   0.000105     0.0001    -0.0614 0.0000e+00
       5506     -1.014     1.8689   0.000103     0.0001    -0.0615 0.0000e+00
       5507     -1.014     1.8684   0.000102     0.0001    -0.0615 0.0000e+00
       5508     -1.017     1.8683   0.000103     0.0001    -0.0615 0.0000e+00
       5509     -1.017     1.8685   0.000105     0.0001    -0.0615 0.0000e+00
       5510     -1.016     1.8688   0.000106     0.0001    -0.0615 0.0000e+00
       5511     -1.015     1.8691   0.000108     0.0001    -0.0614 0.0000e+00
       5512     -1.014     1.8695   0.000111     0.0001    -0.0614 0.0000e+00
       5513     -1.014     1.8699   0.000113     0.0001    -0.0614 0.0000e+00
       5514     -1.015     1.8704   0.000114     0.0002    -0.0614 0.0000e+00
       5515     -1.016     1.8708   0.000114     0.0002    -0.0614 0.0000e+00
       5516     -1.018     1.8711   0.000115     0.0002    -0.0613 0.0000e+00
       5517     -1.020     1.8710   0.000114     0.0002    -0.0613 0.0000e+00
       5518     -1.020     1.8706   0.000113     0.0001    -0.0614 0.0000e+00
       5519     -1.020     1.8702   0.000113     0.0001    -0.0614 0.0000e+00
       5520     -1.018     1.8699   0.000111     0.0001    -0.0614 0.0000e+00
       5521     -1.017     1.8700   0.000110     0.0001    -0.0614 0.0000e+00
       5522     -1.018     1.8703   0.000112     0.0001    -0.0614 0.0000e+00
       5523     -1.020     1.8705   0.000114     0.0002    -0.0614 0.0000e+00
       5524     -1.020     1.8707   0.000114     0.0002    -0.0614 0.0000e+00
       5525     -1.018     1.8709   0.000114     0.0002    -0.0614 0.0000e+00
       5526     -1.016     1.8711   0.000115     0.0002    -0.0613 0.0000e+00
       5527     -1.016     1.8714   0.000117     0.0002    -0.0613 0.0000e+00
       5528     -1.016     1.8716   0.000117     0.0002    -0.0613 0.0000e+00
       5529     -1.017     1.8716   0.000117     0.0002    -0.0613 0.0000e+00
       5530     -1.017     1.8716   0.000116     0.0002    -0.0613 0.0000e+00
       5531     -1.015     1.8715   0.000114     0.0002    -0.0613 0.0000e+00
       5532     -1.015     1.8713   0.000111     0.0001    -0.0614 0.0000e+00
       5533     -1.018     1.8712   0.000113     0.0001    -0.0613 0.0000e+00
       5534     -1.020     1.8712   0.000114     0.0002    -0.0613 0.0000e+00
       5535     -1.020     1.8713   0.000114     0.0002    -0.0613 0.0000e+00
       5536     -1.020     1.8714   0.000113     0.0001    -0.0613 0.0000e+00
       5537     -1.017     1.8713   0.000112     0.0001    -0.0613 0.0000e+00
       5538     -1.014     1.8712   0.000111     0.0001    -0.0614 0.0000e+00
