Datasets/Multi_Species/TEL214/tel214_2020_025.cnv
* Sea-Bird SBE19plus Data File:
* Filename = C:/AQUIRE/tel214_2020_025.hex
* Software Version AquireV2 AF V2.0
* Temperature SN =  7853
* Conductivity SN =  7853
* System UpLoad Time = Nov 14 2020 15:12:44
* <ApplicationData>
* <AQUIREV2>
** VESSEL/TRIP/SEQ STN: tel214_2020_025
** LATITUDE: 55 56.40 N
** LONGITUDE: 53 35.27 W
** DATE/TIME: 2020-11-14 14:07
** SOUNDING DEPTH (M): 0215
** PROBE TYPE: S7853
** CTD NUMBER:  25
** COMMENTS: 
# nquan = 7                                 
# nvalues = 3721                        
# units = specified
# name 0 = scan: Scan Count
# name 1 = prdM: Pressure, Strain Gauge [db]
# name 2 = tv290C: Temperature [ITS-90, deg C]
# name 3 = c0S/m: Conductivity [S/m]
# name 4 = sal00: Salinity, Practical [PSU]
# name 5 = sigma-t00: Density [sigma-t, kg/m^3 ]
# name 6 = flag: flag
# span 0 =          1,       3721       
# span 1 =     -1.047,    213.178       
# span 2 =    -0.5675,     2.8418       
# span 3 =   0.000091,   3.087044       
# span 4 =    -0.0019,    34.1033       
# span 5 =    -0.1989,    27.1850       
# span 6 = 0.0000e+00, 0.0000e+00       
# interval = seconds: 1
# start_time = Nov 14 2020 14:07:52 [Instrument's time stamp, header]
# bad_flag = -9.990e-29
*END*
[from data line 3283]
       3284     -1.014     0.8763   0.000107    -0.0006    -0.1048 0.0000e+00
       3285     -1.014     0.8764   0.000108    -0.0006    -0.1048 0.0000e+00
       3286     -1.014     0.8765   0.000108    -0.0006    -0.1048 0.0000e+00
       3287     -1.011     0.8767   0.000108    -0.0006    -0.1048 0.0000e+00
       3288     -1.008     0.8768   0.000109    -0.0006    -0.1048 0.0000e+00
       3289     -1.008     0.8769   0.000109    -0.0006    -0.1047 0.0000e+00
       3290     -1.008     0.8769   0.000109    -0.0006    -0.1047 0.0000e+00
       3291     -1.007     0.8770   0.000109    -0.0006    -0.1047 0.0000e+00
       3292     -1.008     0.8770   0.000110    -0.0006    -0.1047 0.0000e+00
       3293     -1.010     0.8770   0.000110    -0.0006    -0.1047 0.0000e+00
       3294     -1.011     0.8770   0.000110    -0.0006    -0.1047 0.0000e+00
       3295     -1.011     0.8769   0.000109    -0.0006    -0.1047 0.0000e+00
       3296     -1.012     0.8769   0.000109    -0.0006    -0.1047 0.0000e+00
       3297     -1.014     0.8769   0.000109    -0.0006    -0.1047 0.0000e+00
       3298     -1.015     0.8769   0.000109    -0.0006    -0.1047 0.0000e+00
       3299     -1.015     0.8769   0.000110    -0.0006    -0.1047 0.0000e+00
       3300     -1.014     0.8769   0.000113    -0.0006    -0.1047 0.0000e+00
       3301     -1.011     0.8768   0.000113    -0.0006    -0.1048 0.0000e+00
       3302     -1.008     0.8767   0.000112    -0.0006    -0.1048 0.0000e+00
       3303     -1.009     0.8765   0.000110    -0.0006    -0.1048 0.0000e+00
       3304     -1.009     0.8763   0.000110    -0.0006    -0.1048 0.0000e+00
       3305     -1.007     0.8763   0.000110    -0.0006    -0.1048 0.0000e+00
       3306     -1.004     0.8762   0.000110    -0.0006    -0.1048 0.0000e+00
       3307     -1.004     0.8761   0.000109    -0.0006    -0.1048 0.0000e+00
       3308     -1.005     0.8761   0.000110    -0.0006    -0.1048 0.0000e+00
       3309     -1.006     0.8759   0.000109    -0.0006    -0.1048 0.0000e+00
       3310     -1.008     0.8757   0.000110    -0.0006    -0.1048 0.0000e+00
       3311     -1.011     0.8755   0.000110    -0.0006    -0.1048 0.0000e+00
       3312     -1.013     0.8753   0.000109    -0.0006    -0.1048 0.0000e+00
       3313     -1.016     0.8751   0.000108    -0.0006    -0.1048 0.0000e+00
       3314     -1.017     0.8749   0.000107    -0.0006    -0.1048 0.0000e+00
       3315     -1.018     0.8747   0.000107    -0.0006    -0.1049 0.0000e+00
       3316     -1.017     0.8743   0.000106    -0.0006    -0.1049 0.0000e+00
       3317     -1.014     0.8741   0.000107    -0.0006    -0.1049 0.0000e+00
       3318     -1.012     0.8739   0.000108    -0.0006    -0.1049 0.0000e+00
       3319     -1.011     0.8737   0.000108    -0.0006    -0.1049 0.0000e+00
       3320     -1.011     0.8734   0.000108    -0.0006    -0.1049 0.0000e+00
       3321     -1.011     0.8731   0.000108    -0.0006    -0.1049 0.0000e+00
       3322     -1.010     0.8729   0.000108    -0.0006    -0.1050 0.0000e+00
       3323     -1.009     0.8726   0.000107    -0.0006    -0.1050 0.0000e+00
       3324     -1.008     0.8722   0.000105    -0.0007    -0.1050 0.0000e+00
       3325     -1.009     0.8720   0.000105    -0.0007    -0.1050 0.0000e+00
       3326     -1.011     0.8718   0.000107    -0.0006    -0.1050 0.0000e+00
       3327     -1.011     0.8714   0.000105    -0.0007    -0.1050 0.0000e+00
       3328     -1.011     0.8710   0.000104    -0.0007    -0.1051 0.0000e+00
       3329     -1.011     0.8706   0.000105    -0.0007    -0.1051 0.0000e+00
       3330     -1.011     0.8702   0.000106    -0.0006    -0.1051 0.0000e+00
       3331     -1.012     0.8699   0.000106    -0.0006    -0.1051 0.0000e+00
       3332     -1.012     0.8694   0.000105    -0.0007    -0.1051 0.0000e+00
       3333     -1.012     0.8689   0.000103    -0.0007    -0.1052 0.0000e+00
       3334     -1.012     0.8684   0.000103    -0.0007    -0.1052 0.0000e+00
       3335     -1.013     0.8680   0.000103    -0.0007    -0.1052 0.0000e+00
       3336     -1.014     0.8678   0.000104    -0.0007    -0.1052 0.0000e+00
       3337     -1.015     0.8674   0.000104    -0.0007    -0.1052 0.0000e+00
       3338     -1.014     0.8670   0.000104    -0.0007    -0.1053 0.0000e+00
       3339     -1.012     0.8667   0.000104    -0.0007    -0.1053 0.0000e+00
       3340     -1.012     0.8663   0.000105    -0.0007    -0.1053 0.0000e+00
       3341     -1.012     0.8660   0.000105    -0.0007    -0.1053 0.0000e+00
       3342     -1.013     0.8658   0.000106    -0.0007    -0.1053 0.0000e+00
       3343     -1.015     0.8654   0.000104    -0.0007    -0.1053 0.0000e+00
       3344     -1.018     0.8650   0.000104    -0.0007    -0.1054 0.0000e+00
       3345     -1.018     0.8646   0.000104    -0.0007    -0.1054 0.0000e+00
       3346     -1.015     0.8642   0.000103    -0.0007    -0.1054 0.0000e+00
       3347     -1.013     0.8639   0.000103    -0.0007    -0.1054 0.0000e+00
       3348     -1.012     0.8635   0.000103    -0.0007    -0.1054 0.0000e+00
       3349     -1.010     0.8631   0.000103    -0.0007    -0.1055 0.0000e+00
       3350     -1.010     0.8628   0.000103    -0.0007    -0.1055 0.0000e+00
       3351     -1.013     0.8624   0.000104    -0.0007    -0.1055 0.0000e+00
       3352     -1.014     0.8620   0.000105    -0.0007    -0.1055 0.0000e+00
       3353     -1.013     0.8616   0.000106    -0.0007    -0.1055 0.0000e+00
       3354     -1.014     0.8612   0.000105    -0.0007    -0.1056 0.0000e+00
       3355     -1.015     0.8608   0.000105    -0.0007    -0.1056 0.0000e+00
       3356     -1.011     0.8604   0.000104    -0.0007    -0.1056 0.0000e+00
       3357     -1.007     0.8600   0.000103    -0.0007    -0.1056 0.0000e+00
       3358     -1.006     0.8598   0.000104    -0.0007    -0.1056 0.0000e+00
       3359     -1.009     0.8594   0.000104    -0.0007    -0.1057 0.0000e+00
       3360     -1.011     0.8590   0.000104    -0.0007    -0.1057 0.0000e+00
       3361     -1.012     0.8586   0.000102    -0.0007    -0.1057 0.0000e+00
       3362     -1.012     0.8582   0.000101    -0.0007    -0.1057 0.0000e+00
       3363     -1.012     0.8579   0.000102    -0.0007    -0.1057 0.0000e+00
       3364     -1.012     0.8577   0.000103    -0.0007    -0.1058 0.0000e+00
       3365     -1.011     0.8573   0.000104    -0.0007    -0.1058 0.0000e+00
       3366     -1.009     0.8569   0.000103    -0.0007    -0.1058 0.0000e+00
       3367     -1.008     0.8566   0.000103    -0.0007    -0.1058 0.0000e+00
       3368     -1.010     0.8562   0.000105    -0.0007    -0.1058 0.0000e+00
       3369     -1.012     0.8559   0.000105    -0.0007    -0.1058 0.0000e+00
       3370     -1.014     0.8557   0.000106    -0.0007    -0.1059 0.0000e+00
       3371     -1.016     0.8554   0.000106    -0.0007    -0.1059 0.0000e+00
       3372     -1.015     0.8550   0.000105    -0.0007    -0.1059 0.0000e+00
       3373     -1.014     0.8548   0.000105    -0.0007    -0.1059 0.0000e+00
       3374     -1.014     0.8544   0.000104    -0.0007    -0.1059 0.0000e+00
       3375     -1.016     0.8541   0.000104    -0.0007    -0.1059 0.0000e+00
       3376     -1.019     0.8539   0.000105    -0.0007    -0.1060 0.0000e+00
       3377     -1.019     0.8537   0.000106    -0.0007    -0.1060 0.0000e+00
       3378     -1.016     0.8534   0.000106    -0.0007    -0.1060 0.0000e+00
       3379     -1.015     0.8530   0.000105    -0.0007    -0.1060 0.0000e+00
       3380     -1.016     0.8528   0.000106    -0.0007    -0.1060 0.0000e+00
       3381     -1.016     0.8525   0.000105    -0.0007    -0.1060 0.0000e+00
       3382     -1.016     0.8522   0.000105    -0.0007    -0.1060 0.0000e+00
       3383     -1.019     0.8520   0.000105    -0.0007    -0.1061 0.0000e+00
       3384     -1.019     0.8518   0.000106    -0.0007    -0.1061 0.0000e+00
       3385     -1.017     0.8516   0.000105    -0.0007    -0.1061 0.0000e+00
       3386     -1.015     0.8513   0.000105    -0.0007    -0.1061 0.0000e+00
       3387     -1.013     0.8510   0.000105    -0.0007    -0.1061 0.0000e+00
       3388     -1.012     0.8508   0.000104    -0.0007    -0.1061 0.0000e+00
       3389     -1.011     0.8505   0.000104    -0.0007    -0.1061 0.0000e+00
       3390     -1.011     0.8502   0.000106    -0.0007    -0.1061 0.0000e+00
       3391     -1.012     0.8500   0.000107    -0.0007    -0.1062 0.0000e+00
       3392     -1.013     0.8498   0.000108    -0.0007    -0.1062 0.0000e+00
       3393     -1.016     0.8496   0.000106    -0.0007    -0.1062 0.0000e+00
       3394     -1.020     0.8494   0.000106    -0.0007    -0.1062 0.0000e+00
       3395     -1.022     0.8492   0.000106    -0.0007    -0.1062 0.0000e+00
       3396     -1.023     0.8490   0.000107    -0.0007    -0.1062 0.0000e+00
       3397     -1.023     0.8488   0.000107    -0.0007    -0.1062 0.0000e+00
       3398     -1.022     0.8485   0.000106    -0.0007    -0.1062 0.0000e+00
       3399     -1.020     0.8481   0.000106    -0.0007    -0.1063 0.0000e+00
       3400     -1.016     0.8478   0.000106    -0.0007    -0.1063 0.0000e+00
       3401     -1.013     0.8477   0.000107    -0.0007    -0.1063 0.0000e+00
       3402     -1.011     0.8476   0.000108    -0.0007    -0.1063 0.0000e+00
       3403     -1.010     0.8475   0.000108    -0.0007    -0.1063 0.0000e+00
       3404     -1.011     0.8473   0.000108    -0.0007    -0.1063 0.0000e+00
       3405     -1.015     0.8471   0.000108    -0.0007    -0.1063 0.0000e+00
       3406     -1.017     0.8469   0.000108    -0.0007    -0.1063 0.0000e+00
       3407     -1.017     0.8468   0.000109    -0.0006    -0.1063 0.0000e+00
       3408     -1.017     0.8468   0.000110    -0.0006    -0.1063 0.0000e+00
       3409     -1.016     0.8468   0.000111    -0.0006    -0.1063 0.0000e+00
       3410     -1.014     0.8467   0.000110    -0.0006    -0.1063 0.0000e+00
       3411     -1.013     0.8466   0.000109    -0.0006    -0.1063 0.0000e+00
       3412     -1.013     0.8465   0.000109    -0.0006    -0.1063 0.0000e+00
       3413     -1.014     0.8463   0.000110    -0.0006    -0.1064 0.0000e+00
       3414     -1.016     0.8461   0.000111    -0.0006    -0.1064 0.0000e+00
       3415     -1.017     0.8460   0.000111    -0.0006    -0.1064 0.0000e+00
       3416     -1.015     0.8459   0.000110    -0.0006    -0.1064 0.0000e+00
       3417     -1.011     0.8458   0.000111    -0.0006    -0.1064 0.0000e+00
       3418     -1.009     0.8458   0.000112    -0.0006    -0.1064 0.0000e+00
       3419     -1.010     0.8458   0.000112    -0.0006    -0.1064 0.0000e+00
       3420     -1.012     0.8457   0.000111    -0.0006    -0.1064 0.0000e+00
       3421     -1.014     0.8457   0.000111    -0.0006    -0.1064 0.0000e+00
       3422     -1.016     0.8456   0.000111    -0.0006    -0.1064 0.0000e+00
       3423     -1.017     0.8455   0.000111    -0.0006    -0.1064 0.0000e+00
       3424     -1.015     0.8455   0.000112    -0.0006    -0.1064 0.0000e+00
       3425     -1.013     0.8453   0.000111    -0.0006    -0.1064 0.0000e+00
       3426     -1.010     0.8451   0.000111    -0.0006    -0.1064 0.0000e+00
       3427     -1.007     0.8450   0.000110    -0.0006    -0.1064 0.0000e+00
       3428     -1.005     0.8449   0.000110    -0.0006    -0.1064 0.0000e+00
       3429     -1.006     0.8448   0.000110    -0.0006    -0.1064 0.0000e+00
       3430     -1.009     0.8448   0.000111    -0.0006    -0.1064 0.0000e+00
       3431     -1.009     0.8448   0.000113    -0.0006    -0.1064 0.0000e+00
       3432     -1.008     0.8448   0.000114    -0.0006    -0.1064 0.0000e+00
       3433     -1.007     0.8448   0.000112    -0.0006    -0.1064 0.0000e+00
       3434     -1.006     0.8447   0.000111    -0.0006    -0.1064 0.0000e+00
       3435     -1.007     0.8446   0.000112    -0.0006    -0.1064 0.0000e+00
       3436     -1.012     0.8445   0.000113    -0.0006    -0.1064 0.0000e+00
       3437     -1.015     0.8445   0.000112    -0.0006    -0.1064 0.0000e+00
       3438     -1.015     0.8444   0.000111    -0.0006    -0.1065 0.0000e+00
       3439     -1.013     0.8444   0.000111    -0.0006    -0.1065 0.0000e+00
       3440     -1.013     0.8444   0.000113    -0.0006    -0.1065 0.0000e+00
       3441     -1.014     0.8444   0.000114    -0.0006    -0.1065 0.0000e+00
       3442     -1.016     0.8442   0.000112    -0.0006    -0.1065 0.0000e+00
       3443     -1.019     0.8442   0.000111    -0.0006    -0.1065 0.0000e+00
       3444     -1.019     0.8441   0.000111    -0.0006    -0.1065 0.0000e+00
       3445     -1.016     0.8441   0.000111    -0.0006    -0.1065 0.0000e+00
       3446     -1.014     0.8440   0.000111    -0.0006    -0.1065 0.0000e+00
       3447     -1.013     0.8440   0.000112    -0.0006    -0.1065 0.0000e+00
       3448     -1.013     0.8440   0.000113    -0.0006    -0.1065 0.0000e+00
       3449     -1.013     0.8440   0.000114    -0.0006    -0.1065 0.0000e+00
       3450     -1.013     0.8441   0.000114    -0.0006    -0.1065 0.0000e+00
       3451     -1.013     0.8440   0.000114    -0.0006    -0.1065 0.0000e+00
       3452     -1.013     0.8440   0.000114    -0.0006    -0.1065 0.0000e+00
       3453     -1.014     0.8440   0.000115    -0.0006    -0.1065 0.0000e+00
       3454     -1.016     0.8439   0.000115    -0.0006    -0.1065 0.0000e+00
       3455     -1.018     0.8439   0.000114    -0.0006    -0.1065 0.0000e+00
       3456     -1.018     0.8439   0.000113    -0.0006    -0.1065 0.0000e+00
       3457     -1.017     0.8438   0.000112    -0.0006    -0.1065 0.0000e+00
       3458     -1.016     0.8438   0.000112    -0.0006    -0.1065 0.0000e+00
       3459     -1.014     0.8438   0.000113    -0.0006    -0.1065 0.0000e+00
       3460     -1.014     0.8438   0.000114    -0.0006    -0.1065 0.0000e+00
       3461     -1.013     0.8438   0.000114    -0.0006    -0.1065 0.0000e+00
       3462     -1.011     0.8438   0.000113    -0.0006    -0.1065 0.0000e+00
       3463     -1.010     0.8438   0.000115    -0.0006    -0.1065 0.0000e+00
       3464     -1.011     0.8438   0.000115    -0.0006    -0.1065 0.0000e+00
       3465     -1.011     0.8438   0.000115    -0.0006    -0.1065 0.0000e+00
       3466     -1.010     0.8438   0.000114    -0.0006    -0.1065 0.0000e+00
       3467     -1.010     0.8438   0.000114    -0.0006    -0.1065 0.0000e+00
       3468     -1.010     0.8438   0.000114    -0.0006    -0.1065 0.0000e+00
       3469     -1.009     0.8438   0.000114    -0.0006    -0.1065 0.0000e+00
       3470     -1.009     0.8438   0.000114    -0.0006    -0.1065 0.0000e+00
       3471     -1.010     0.8438   0.000114    -0.0006    -0.1065 0.0000e+00
       3472     -1.011     0.8438   0.000114    -0.0006    -0.1065 0.0000e+00
       3473     -1.013     0.8438   0.000113    -0.0006    -0.1065 0.0000e+00
       3474     -1.014     0.8438   0.000113    -0.0006    -0.1065 0.0000e+00
       3475     -1.014     0.8438   0.000115    -0.0006    -0.1065 0.0000e+00
       3476     -1.014     0.8438   0.000115    -0.0006    -0.1065 0.0000e+00
       3477     -1.014     0.8438   0.000115    -0.0006    -0.1065 0.0000e+00
       3478     -1.013     0.8438   0.000116    -0.0006    -0.1065 0.0000e+00
       3479     -1.011     0.8438   0.000116    -0.0006    -0.1065 0.0000e+00
       3480     -1.008     0.8438   0.000115    -0.0006    -0.1065 0.0000e+00
       3481     -1.008     0.8438   0.000114    -0.0006    -0.1065 0.0000e+00
       3482     -1.013     0.8438   0.000114    -0.0006    -0.1065 0.0000e+00
       3483     -1.016     0.8438   0.000114    -0.0006    -0.1065 0.0000e+00
       3484     -1.016     0.8438   0.000114    -0.0006    -0.1065 0.0000e+00
       3485     -1.016     0.8438   0.000115    -0.0006    -0.1065 0.0000e+00
       3486     -1.014     0.8438   0.000115    -0.0006    -0.1065 0.0000e+00
       3487     -1.010     0.8438   0.000115    -0.0006    -0.1065 0.0000e+00
