Datasets/Multi_Species/TEL214/tel214_2020_007.cnv
* Sea-Bird SBE19plus Data File:
* Filename = C:/AQUIRE/tel214_2020_007.hex
* Software Version AquireV2 AF V2.0
* Temperature SN =  7853
* Conductivity SN =  7853
* System UpLoad Time = Nov 07 2020 05:59:37
* <ApplicationData>
* <AQUIREV2>
** VESSEL/TRIP/SEQ STN: tel214_2020_007
** LATITUDE: 53 30.33 N
** LONGITUDE: 053 11.05 W
** DATE/TIME: 2020-11-07 05:05
** SOUNDING DEPTH (M): 0243
** PROBE TYPE: S7853
** CTD NUMBER: 007
** COMMENTS: 
# nquan = 7                                 
# nvalues = 3101                        
# units = specified
# name 0 = scan: Scan Count
# name 1 = prdM: Pressure, Strain Gauge [db]
# name 2 = tv290C: Temperature [ITS-90, deg C]
# name 3 = c0S/m: Conductivity [S/m]
# name 4 = sal00: Salinity, Practical [PSU]
# name 5 = sigma-t00: Density [sigma-t, kg/m^3 ]
# name 6 = flag: flag
# span 0 =          1,       3101       
# span 1 =     -1.090,    240.536       
# span 2 =    -0.3579,     3.9697       
# span 3 =   0.000062,   3.198469       
# span 4 =    -0.0015,    34.2757       
# span 5 =    -0.1829,    27.2296       
# span 6 = 0.0000e+00, 0.0000e+00       
# interval = seconds: 1
# start_time = Nov 07 2020 05:05:41 [Instrument's time stamp, header]
# bad_flag = -9.990e-29
*END*
[from data line 1847]
       1848    239.953     3.3128   3.138866    34.2009    27.2182 0.0000e+00
       1849    239.867     3.3125   3.138851    34.2011    27.2184 0.0000e+00
       1850    239.790     3.3125   3.138839    34.2010    27.2183 0.0000e+00
       1851    239.766     3.3123   3.138789    34.2006    27.2181 0.0000e+00
       1852    239.792     3.3113   3.138641    34.1999    27.2176 0.0000e+00
       1853    239.814     3.3088   3.138365    34.1991    27.2172 0.0000e+00
       1854    239.780     3.3059   3.138159    34.1997    27.2180 0.0000e+00
       1855    239.697     3.3044   3.138193    34.2018    27.2197 0.0000e+00
       1856    239.631     3.3043   3.138228    34.2023    27.2202 0.0000e+00
       1857    239.625     3.3038   3.138012    34.2003    27.2186 0.0000e+00
       1858    239.641     3.3017   3.137706    34.1988    27.2176 0.0000e+00
       1859    239.603     3.2994   3.137577    34.1997    27.2185 0.0000e+00
       1860    239.477     3.2982   3.137641    34.2018    27.2203 0.0000e+00
       1861    239.318     3.2984   3.137735    34.2028    27.2211 0.0000e+00
       1862    239.224     3.2991   3.137756    34.2023    27.2207 0.0000e+00
       1863    239.229     3.2998   3.137739    34.2014    27.2199 0.0000e+00
       1864    239.279     3.3000   3.137726    34.2010    27.2195 0.0000e+00
       1865    239.313     3.3000   3.137750    34.2013    27.2197 0.0000e+00
       1866    239.320     3.3003   3.137787    34.2014    27.2198 0.0000e+00
       1867    239.326     3.3007   3.137777    34.2009    27.2193 0.0000e+00
       1868    239.351     3.3006   3.137738    34.2005    27.2191 0.0000e+00
       1869    239.388     3.3006   3.137760    34.2007    27.2192 0.0000e+00
       1870    239.419     3.3010   3.137847    34.2013    27.2197 0.0000e+00
       1871    239.441     3.3018   3.137936    34.2015    27.2198 0.0000e+00
       1872    239.460     3.3025   3.137977    34.2013    27.2195 0.0000e+00
       1873    239.476     3.3027   3.137951    34.2008    27.2191 0.0000e+00
       1874    239.479     3.3022   3.137883    34.2005    27.2189 0.0000e+00
       1875    239.468     3.3015   3.137815    34.2004    27.2189 0.0000e+00
       1876    239.457     3.3009   3.137772    34.2005    27.2191 0.0000e+00
       1877    239.461     3.3005   3.137733    34.2005    27.2191 0.0000e+00
       1878    239.477     3.3000   3.137676    34.2003    27.2190 0.0000e+00
       1879    239.483     3.2995   3.137639    34.2004    27.2191 0.0000e+00
       1880    239.468     3.2992   3.137640    34.2007    27.2194 0.0000e+00
       1881    239.436     3.2992   3.137657    34.2009    27.2195 0.0000e+00
       1882    239.401     3.2994   3.137671    34.2009    27.2195 0.0000e+00
       1883    239.384     3.2996   3.137665    34.2006    27.2193 0.0000e+00
       1884    239.400     3.2994   3.137623    34.2003    27.2190 0.0000e+00
       1885    239.435     3.2985   3.137495    34.1997    27.2186 0.0000e+00
       1886    239.458     3.2968   3.137280    34.1989    27.2181 0.0000e+00
       1887    239.449     3.2948   3.137098    34.1988    27.2183 0.0000e+00
       1888    239.418     3.2934   3.137021    34.1994    27.2189 0.0000e+00
       1889    239.393     3.2927   3.136966    34.1995    27.2190 0.0000e+00
       1890    239.392     3.2919   3.136859    34.1990    27.2187 0.0000e+00
       1891    239.408     3.2904   3.136738    34.1991    27.2189 0.0000e+00
       1892    239.419     3.2889   3.136650    34.1996    27.2195 0.0000e+00
       1893    239.418     3.2878   3.136593    34.2001    27.2200 0.0000e+00
       1894    239.414     3.2873   3.136540    34.2000    27.2199 0.0000e+00
       1895    239.417     3.2866   3.136454    34.1997    27.2197 0.0000e+00
       1896    239.423     3.2855   3.136330    34.1994    27.2196 0.0000e+00
       1897    239.417     3.2841   3.136192    34.1992    27.2196 0.0000e+00
       1898    239.387     3.2828   3.136108    34.1995    27.2200 0.0000e+00
       1899    239.348     3.2821   3.136076    34.1999    27.2203 0.0000e+00
       1900    239.333     3.2817   3.136005    34.1995    27.2200 0.0000e+00
       1901    239.352     3.2810   3.135899    34.1989    27.2197 0.0000e+00
       1902    239.385     3.2798   3.135790    34.1989    27.2197 0.0000e+00
       1903    239.401     3.2784   3.135667    34.1988    27.2198 0.0000e+00
       1904    239.384     3.2771   3.135551    34.1988    27.2199 0.0000e+00
       1905    239.346     3.2762   3.135482    34.1990    27.2201 0.0000e+00
       1906    239.320     3.2757   3.135425    34.1988    27.2201 0.0000e+00
       1907    239.322     3.2751   3.135350    34.1985    27.2199 0.0000e+00
       1908    239.340     3.2744   3.135347    34.1992    27.2205 0.0000e+00
       1909    239.354     3.2744   3.135438    34.2003    27.2214 0.0000e+00
       1910    239.355     3.2751   3.135513    34.2005    27.2215 0.0000e+00
       1911    239.343     3.2755   3.135533    34.2003    27.2213 0.0000e+00
       1912    239.325     3.2756   3.135547    34.2004    27.2213 0.0000e+00
       1913    239.312     3.2759   3.135574    34.2004    27.2213 0.0000e+00
       1914    239.318     3.2764   3.135590    34.2001    27.2210 0.0000e+00
       1915    239.340     3.2766   3.135578    34.1997    27.2207 0.0000e+00
       1916    239.357     3.2763   3.135544    34.1996    27.2206 0.0000e+00
       1917    239.357     3.2757   3.135488    34.1996    27.2207 0.0000e+00
       1918    239.344     3.2749   3.135400    34.1993    27.2206 0.0000e+00
       1919    239.332     3.2738   3.135296    34.1992    27.2206 0.0000e+00
       1920    239.336     3.2726   3.135161    34.1989    27.2204 0.0000e+00
       1921    239.353     3.2711   3.134995    34.1984    27.2202 0.0000e+00
       1922    239.368     3.2695   3.134849    34.1984    27.2203 0.0000e+00
       1923    239.372     3.2681   3.134741    34.1985    27.2206 0.0000e+00
       1924    239.373     3.2670   3.134659    34.1987    27.2208 0.0000e+00
       1925    239.385     3.2661   3.134620    34.1992    27.2213 0.0000e+00
       1926    239.412     3.2660   3.134650    34.1996    27.2216 0.0000e+00
       1927    239.439     3.2664   3.134738    34.2003    27.2221 0.0000e+00
       1928    239.454     3.2672   3.134816    34.2003    27.2221 0.0000e+00
       1929    239.455     3.2677   3.134855    34.2003    27.2220 0.0000e+00
       1930    239.452     3.2679   3.134861    34.2002    27.2219 0.0000e+00
       1931    239.456     3.2678   3.134809    34.1996    27.2215 0.0000e+00
       1932    239.473     3.2670   3.134691    34.1990    27.2211 0.0000e+00
       1933    239.498     3.2657   3.134571    34.1989    27.2211 0.0000e+00
       1934    239.511     3.2649   3.134541    34.1994    27.2216 0.0000e+00
       1935    239.496     3.2648   3.134591    34.2001    27.2221 0.0000e+00
       1936    239.464     3.2652   3.134650    34.2004    27.2224 0.0000e+00
       1937    239.442     3.2656   3.134679    34.2004    27.2223 0.0000e+00
       1938    239.446     3.2656   3.134618    34.1996    27.2217 0.0000e+00
       1939    239.465     3.2645   3.134464    34.1989    27.2212 0.0000e+00
       1940    239.470     3.2630   3.134328    34.1989    27.2213 0.0000e+00
       1941    239.448     3.2618   3.134262    34.1993    27.2218 0.0000e+00
       1942    239.416     3.2612   3.134257    34.1999    27.2223 0.0000e+00
       1943    239.402     3.2614   3.134292    34.2002    27.2225 0.0000e+00
       1944    239.423     3.2620   3.134332    34.2000    27.2223 0.0000e+00
       1945    239.466     3.2625   3.134350    34.1997    27.2220 0.0000e+00
       1946    239.504     3.2626   3.134352    34.1996    27.2219 0.0000e+00
       1947    239.523     3.2626   3.134363    34.1997    27.2220 0.0000e+00
       1948    239.530     3.2628   3.134380    34.1997    27.2220 0.0000e+00
       1949    239.536     3.2630   3.134409    34.1998    27.2221 0.0000e+00
       1950    239.549     3.2634   3.134469    34.2001    27.2223 0.0000e+00
       1951    239.572     3.2641   3.134542    34.2002    27.2223 0.0000e+00
       1952    239.609     3.2645   3.134546    34.1998    27.2219 0.0000e+00
       1953    239.649     3.2637   3.134378    34.1986    27.2211 0.0000e+00
       1954    239.676     3.2616   3.134104    34.1975    27.2204 0.0000e+00
       1955    239.690     3.2589   3.133856    34.1974    27.2205 0.0000e+00
       1956    239.707     3.2563   3.133642    34.1975    27.2209 0.0000e+00
       1957    239.735     3.2540   3.133474    34.1979    27.2214 0.0000e+00
       1958    239.768     3.2524   3.133388    34.1985    27.2220 0.0000e+00
       1959    239.796     3.2517   3.133370    34.1990    27.2225 0.0000e+00
       1960    239.819     3.2517   3.133398    34.1994    27.2228 0.0000e+00
       1961    239.846     3.2521   3.133446    34.1995    27.2228 0.0000e+00
       1962    239.879     3.2524   3.133471    34.1995    27.2228 0.0000e+00
       1963    239.907     3.2523   3.133458    34.1994    27.2227 0.0000e+00
       1964    239.925     3.2522   3.133461    34.1995    27.2229 0.0000e+00
       1965    239.937     3.2526   3.133517    34.1998    27.2230 0.0000e+00
       1966    239.947     3.2533   3.133589    34.1999    27.2230 0.0000e+00
       1967    239.959     3.2539   3.133631    34.1998    27.2229 0.0000e+00
       1968    239.966     3.2544   3.133664    34.1996    27.2227 0.0000e+00
       1969    239.961     3.2548   3.133706    34.1997    27.2228 0.0000e+00
       1970    239.953     3.2550   3.133719    34.1997    27.2227 0.0000e+00
       1971    239.950     3.2548   3.133682    34.1994    27.2225 0.0000e+00
       1972    239.940     3.2545   3.133654    34.1994    27.2226 0.0000e+00
       1973    239.910     3.2545   3.133667    34.1996    27.2227 0.0000e+00
       1974    239.867     3.2546   3.133689    34.1998    27.2228 0.0000e+00
       1975    239.824     3.2548   3.133710    34.1999    27.2229 0.0000e+00
       1976    239.792     3.2550   3.133732    34.1999    27.2229 0.0000e+00
       1977    239.778     3.2554   3.133751    34.1997    27.2227 0.0000e+00
       1978    239.781     3.2557   3.133769    34.1996    27.2226 0.0000e+00
       1979    239.797     3.2560   3.133801    34.1997    27.2226 0.0000e+00
       1980    239.812     3.2565   3.133854    34.1998    27.2227 0.0000e+00
       1981    239.810     3.2571   3.133895    34.1997    27.2225 0.0000e+00
       1982    239.784     3.2574   3.133910    34.1996    27.2224 0.0000e+00
       1983    239.744     3.2576   3.133914    34.1994    27.2222 0.0000e+00
       1984    239.705     3.2575   3.133886    34.1992    27.2221 0.0000e+00
       1985    239.683     3.2569   3.133807    34.1989    27.2219 0.0000e+00
       1986    239.687     3.2562   3.133745    34.1989    27.2220 0.0000e+00
       1987    239.704     3.2562   3.133808    34.1996    27.2226 0.0000e+00
       1988    239.715     3.2571   3.133944    34.2003    27.2230 0.0000e+00
       1989    239.716     3.2580   3.134011    34.2002    27.2228 0.0000e+00
       1990    239.712     3.2585   3.133996    34.1995    27.2222 0.0000e+00
       1991    239.705     3.2583   3.133938    34.1990    27.2218 0.0000e+00
       1992    239.698     3.2576   3.133846    34.1986    27.2216 0.0000e+00
       1993    239.695     3.2566   3.133737    34.1984    27.2215 0.0000e+00
       1994    239.699     3.2554   3.133644    34.1985    27.2217 0.0000e+00
       1995    239.706     3.2546   3.133585    34.1986    27.2219 0.0000e+00
       1996    239.706     3.2539   3.133552    34.1990    27.2222 0.0000e+00
       1997    239.698     3.2535   3.133525    34.1991    27.2224 0.0000e+00
       1998    239.691     3.2533   3.133499    34.1990    27.2223 0.0000e+00
       1999    239.684     3.2531   3.133486    34.1990    27.2224 0.0000e+00
       2000    239.676     3.2529   3.133470    34.1990    27.2224 0.0000e+00
       2001    239.676     3.2526   3.133424    34.1988    27.2222 0.0000e+00
       2002    239.688     3.2518   3.133333    34.1985    27.2221 0.0000e+00
       2003    239.696     3.2508   3.133246    34.1985    27.2222 0.0000e+00
       2004    239.686     3.2502   3.133225    34.1989    27.2226 0.0000e+00
       2005    239.663     3.2501   3.133257    34.1994    27.2230 0.0000e+00
       2006    239.641     3.2504   3.133301    34.1997    27.2231 0.0000e+00
       2007    239.629     3.2510   3.133342    34.1995    27.2230 0.0000e+00
       2008    239.623     3.2515   3.133384    34.1995    27.2229 0.0000e+00
       2009    239.619     3.2519   3.133406    34.1994    27.2227 0.0000e+00
       2010    239.615     3.2519   3.133374    34.1990    27.2224 0.0000e+00
       2011    239.615     3.2515   3.133300    34.1985    27.2221 0.0000e+00
       2012    239.617     3.2506   3.133216    34.1984    27.2221 0.0000e+00
       2013    239.617     3.2497   3.133146    34.1985    27.2223 0.0000e+00
       2014    239.612     3.2490   3.133096    34.1987    27.2225 0.0000e+00
       2015    239.602     3.2485   3.133062    34.1988    27.2226 0.0000e+00
       2016    239.593     3.2484   3.133068    34.1990    27.2228 0.0000e+00
       2017    239.586     3.2486   3.133117    34.1994    27.2230 0.0000e+00
       2018    239.580     3.2491   3.133174    34.1995    27.2231 0.0000e+00
       2019    239.577     3.2495   3.133209    34.1995    27.2231 0.0000e+00
       2020    239.590     3.2498   3.133219    34.1993    27.2229 0.0000e+00
       2021    239.635     3.2500   3.133216    34.1991    27.2227 0.0000e+00
       2022    239.704     3.2499   3.133210    34.1990    27.2227 0.0000e+00
       2023    239.780     3.2496   3.133180    34.1990    27.2226 0.0000e+00
       2024    239.849     3.2492   3.133123    34.1987    27.2224 0.0000e+00
       2025    239.901     3.2488   3.133085    34.1986    27.2224 0.0000e+00
       2026    239.925     3.2485   3.133071    34.1987    27.2226 0.0000e+00
       2027    239.913     3.2485   3.133075    34.1988    27.2226 0.0000e+00
       2028    239.871     3.2485   3.133084    34.1989    27.2227 0.0000e+00
       2029    239.811     3.2482   3.133034    34.1987    27.2225 0.0000e+00
       2030    239.739     3.2473   3.132896    34.1980    27.2221 0.0000e+00
       2031    239.649     3.2459   3.132762    34.1979    27.2221 0.0000e+00
       2032    239.534     3.2450   3.132717    34.1983    27.2226 0.0000e+00
       2033    239.398     3.2450   3.132735    34.1986    27.2228 0.0000e+00
       2034    239.253     3.2454   3.132784    34.1989    27.2230 0.0000e+00
       2035    239.112     3.2462   3.132860    34.1990    27.2230 0.0000e+00
       2036    238.973     3.2466   3.132870    34.1988    27.2228 0.0000e+00
       2037    238.831     3.2457   3.132722    34.1981    27.2223 0.0000e+00
       2038    238.683     3.2438   3.132519    34.1977    27.2222 0.0000e+00
       2039    238.529     3.2421   3.132377    34.1978    27.2224 0.0000e+00
       2040    238.369     3.2409   3.132272    34.1979    27.2226 0.0000e+00
       2041    238.211     3.2398   3.132177    34.1980    27.2228 0.0000e+00
       2042    238.054     3.2390   3.132106    34.1981    27.2229 0.0000e+00
       2043    237.893     3.2385   3.132065    34.1982    27.2231 0.0000e+00
       2044    237.732     3.2382   3.132040    34.1983    27.2232 0.0000e+00
       2045    237.574     3.2378   3.131999    34.1983    27.2232 0.0000e+00
       2046    237.414     3.2370   3.131891    34.1980    27.2230 0.0000e+00
       2047    237.252     3.2356   3.131739    34.1977    27.2229 0.0000e+00
       2048    237.086     3.2343   3.131635    34.1979    27.2232 0.0000e+00
       2049    236.917     3.2336   3.131582    34.1981    27.2234 0.0000e+00
       2050    236.748     3.2331   3.131536    34.1981    27.2235 0.0000e+00
       2051    236.584     3.2327   3.131496    34.1982    27.2236 0.0000e+00
