Datasets/Multi_Species/TEL214/tel214_2020_023.cnv
* Sea-Bird SBE19plus Data File:
* Filename = C:/AQUIRE/tel214_2020_023.hex
* Software Version AquireV2 AF V2.0
* Temperature SN =  7853
* Conductivity SN =  7853
* System UpLoad Time = Nov 13 2020 11:48:47
* <ApplicationData>
* <AQUIREV2>
** VESSEL/TRIP/SEQ STN: tel214_2020_023
** LATITUDE: 54 06.73 N
** LONGITUDE: 53 24.60 W
** DATE/TIME: 2020-11-13 10:38
** SOUNDING DEPTH (M): 0252
** PROBE TYPE: S7853
** CTD NUMBER: 023
** COMMENTS: 
# nquan = 7                                 
# nvalues = 4090                        
# units = specified
# name 0 = scan: Scan Count
# name 1 = prdM: Pressure, Strain Gauge [db]
# name 2 = tv290C: Temperature [ITS-90, deg C]
# name 3 = c0S/m: Conductivity [S/m]
# name 4 = sal00: Salinity, Practical [PSU]
# name 5 = sigma-t00: Density [sigma-t, kg/m^3 ]
# name 6 = flag: flag
# span 0 =          1,       4090       
# span 1 =     -1.119,    251.506       
# span 2 =     0.8539,     3.7786       
# span 3 =   0.000022,   3.219407       
# span 4 =    -0.0010,    34.6726       
# span 5 =    -0.1060,    27.5532       
# span 6 = 0.0000e+00, 0.0000e+00       
# interval = seconds: 1
# start_time = Nov 13 2020 10:38:40 [Instrument's time stamp, header]
# bad_flag = -9.990e-29
*END*
          1     -1.102     1.0027   0.000126    -0.0004    -0.0983 0.0000e+00
          2     -1.104     1.0028   0.000126    -0.0004    -0.0983 0.0000e+00
          3     -1.104     1.0029   0.000127    -0.0004    -0.0983 0.0000e+00
          4     -1.104     1.0030   0.000127    -0.0004    -0.0983 0.0000e+00
          5     -1.103     1.0032   0.000126    -0.0004    -0.0983 0.0000e+00
          6     -1.102     1.0034   0.000127    -0.0004    -0.0983 0.0000e+00
          7     -1.103     1.0035   0.000127    -0.0004    -0.0983 0.0000e+00
          8     -1.102     1.0036   0.000127    -0.0004    -0.0983 0.0000e+00
          9     -1.100     1.0038   0.000128    -0.0004    -0.0983 0.0000e+00
         10     -1.099     1.0038   0.000127    -0.0004    -0.0983 0.0000e+00
         11     -1.097     1.0038   0.000127    -0.0004    -0.0983 0.0000e+00
         12     -1.096     1.0040   0.000127    -0.0004    -0.0982 0.0000e+00
         13     -1.097     1.0040   0.000127    -0.0004    -0.0982 0.0000e+00
         14     -1.099     1.0042   0.000128    -0.0004    -0.0982 0.0000e+00
         15     -1.099     1.0042   0.000127    -0.0004    -0.0982 0.0000e+00
         16     -1.100     1.0044   0.000128    -0.0004    -0.0982 0.0000e+00
         17     -1.101     1.0044   0.000127    -0.0004    -0.0982 0.0000e+00
         18     -1.102     1.0046   0.000128    -0.0004    -0.0982 0.0000e+00
         19     -1.099     1.0046   0.000127    -0.0004    -0.0982 0.0000e+00
         20     -1.096     1.0048   0.000128    -0.0004    -0.0982 0.0000e+00
         21     -1.097     1.0049   0.000128    -0.0004    -0.0982 0.0000e+00
         22     -1.099     1.0051   0.000128    -0.0004    -0.0982 0.0000e+00
         23     -1.101     1.0052   0.000128    -0.0004    -0.0982 0.0000e+00
         24     -1.100     1.0053   0.000128    -0.0004    -0.0982 0.0000e+00
         25     -1.095     1.0054   0.000127    -0.0004    -0.0982 0.0000e+00
         26     -1.092     1.0055   0.000126    -0.0004    -0.0982 0.0000e+00
         27     -1.092     1.0055   0.000127    -0.0004    -0.0982 0.0000e+00
         28     -1.094     1.0055   0.000127    -0.0004    -0.0982 0.0000e+00
         29     -1.095     1.0056   0.000127    -0.0004    -0.0982 0.0000e+00
         30     -1.096     1.0057   0.000127    -0.0004    -0.0982 0.0000e+00
         31     -1.098     1.0057   0.000127    -0.0004    -0.0982 0.0000e+00
         32     -1.099     1.0059   0.000128    -0.0004    -0.0982 0.0000e+00
         33     -1.099     1.0059   0.000127    -0.0004    -0.0982 0.0000e+00
         34     -1.099     1.0061   0.000127    -0.0004    -0.0981 0.0000e+00
         35     -1.098     1.0061   0.000125    -0.0004    -0.0981 0.0000e+00
         36     -1.096     1.0062   0.000126    -0.0004    -0.0981 0.0000e+00
         37     -1.095     1.0063   0.000127    -0.0004    -0.0981 0.0000e+00
         38     -1.096     1.0063   0.000128    -0.0004    -0.0981 0.0000e+00
         39     -1.098     1.0065   0.000129    -0.0004    -0.0981 0.0000e+00
         40     -1.099     1.0065   0.000128    -0.0004    -0.0981 0.0000e+00
         41     -1.099     1.0067   0.000128    -0.0004    -0.0981 0.0000e+00
         42     -1.099     1.0067   0.000127    -0.0004    -0.0981 0.0000e+00
         43     -1.100     1.0068   0.000127    -0.0004    -0.0981 0.0000e+00
         44     -1.102     1.0069   0.000127    -0.0004    -0.0981 0.0000e+00
         45     -1.103     1.0069   0.000127    -0.0004    -0.0981 0.0000e+00
         46     -1.102     1.0070   0.000127    -0.0004    -0.0981 0.0000e+00
         47     -1.100     1.0072   0.000128    -0.0004    -0.0981 0.0000e+00
         48     -1.099     1.0073   0.000128    -0.0004    -0.0981 0.0000e+00
         49     -1.097     1.0074   0.000127    -0.0004    -0.0981 0.0000e+00
         50     -1.096     1.0075   0.000126    -0.0004    -0.0981 0.0000e+00
         51     -1.097     1.0076   0.000127    -0.0004    -0.0981 0.0000e+00
         52     -1.099     1.0076   0.000127    -0.0004    -0.0981 0.0000e+00
         53     -1.099     1.0076   0.000127    -0.0004    -0.0981 0.0000e+00
         54     -1.099     1.0078   0.000128    -0.0004    -0.0981 0.0000e+00
         55     -1.099     1.0078   0.000127    -0.0004    -0.0981 0.0000e+00
         56     -1.099     1.0080   0.000127    -0.0004    -0.0981 0.0000e+00
         57     -1.098     1.0080   0.000125    -0.0004    -0.0981 0.0000e+00
         58     -1.096     1.0082   0.000127    -0.0004    -0.0980 0.0000e+00
         59     -1.095     1.0083   0.000128    -0.0004    -0.0980 0.0000e+00
         60     -1.096     1.0084   0.000128    -0.0004    -0.0980 0.0000e+00
         61     -1.098     1.0085   0.000127    -0.0004    -0.0980 0.0000e+00
         62     -1.099     1.0086   0.000126    -0.0004    -0.0980 0.0000e+00
         63     -1.099     1.0087   0.000127    -0.0004    -0.0980 0.0000e+00
         64     -1.099     1.0088   0.000128    -0.0004    -0.0980 0.0000e+00
         65     -1.099     1.0090   0.000128    -0.0004    -0.0980 0.0000e+00
         66     -1.098     1.0092   0.000128    -0.0004    -0.0980 0.0000e+00
         67     -1.097     1.0093   0.000128    -0.0004    -0.0980 0.0000e+00
         68     -1.097     1.0094   0.000128    -0.0004    -0.0980 0.0000e+00
         69     -1.099     1.0095   0.000128    -0.0004    -0.0980 0.0000e+00
         70     -1.102     1.0095   0.000128    -0.0004    -0.0980 0.0000e+00
         71     -1.101     1.0097   0.000128    -0.0004    -0.0980 0.0000e+00
         72     -1.099     1.0097   0.000128    -0.0004    -0.0980 0.0000e+00
         73     -1.098     1.0099   0.000128    -0.0004    -0.0980 0.0000e+00
         74     -1.096     1.0099   0.000127    -0.0004    -0.0980 0.0000e+00
         75     -1.093     1.0101   0.000126    -0.0004    -0.0979 0.0000e+00
         76     -1.093     1.0103   0.000127    -0.0004    -0.0979 0.0000e+00
         77     -1.096     1.0103   0.000127    -0.0004    -0.0979 0.0000e+00
         78     -1.098     1.0105   0.000126    -0.0004    -0.0979 0.0000e+00
         79     -1.099     1.0107   0.000128    -0.0004    -0.0979 0.0000e+00
         80     -1.101     1.0108   0.000129    -0.0004    -0.0979 0.0000e+00
         81     -1.100     1.0109   0.000128    -0.0004    -0.0979 0.0000e+00
         82     -1.098     1.0111   0.000129    -0.0004    -0.0979 0.0000e+00
         83     -1.098     1.0113   0.000129    -0.0004    -0.0979 0.0000e+00
         84     -1.101     1.0114   0.000129    -0.0004    -0.0979 0.0000e+00
         85     -1.103     1.0116   0.000129    -0.0004    -0.0979 0.0000e+00
         86     -1.102     1.0116   0.000129    -0.0004    -0.0979 0.0000e+00
         87     -1.100     1.0118   0.000129    -0.0004    -0.0979 0.0000e+00
         88     -1.099     1.0119   0.000128    -0.0004    -0.0979 0.0000e+00
         89     -1.099     1.0120   0.000127    -0.0004    -0.0979 0.0000e+00
         90     -1.099     1.0122   0.000128    -0.0004    -0.0978 0.0000e+00
         91     -1.099     1.0124   0.000129    -0.0004    -0.0978 0.0000e+00
         92     -1.099     1.0126   0.000129    -0.0004    -0.0978 0.0000e+00
         93     -1.098     1.0128   0.000129    -0.0004    -0.0978 0.0000e+00
         94     -1.096     1.0128   0.000128    -0.0004    -0.0978 0.0000e+00
         95     -1.095     1.0130   0.000127    -0.0004    -0.0978 0.0000e+00
         96     -1.097     1.0132   0.000127    -0.0004    -0.0978 0.0000e+00
         97     -1.101     1.0134   0.000127    -0.0004    -0.0978 0.0000e+00
         98     -1.103     1.0136   0.000129    -0.0004    -0.0978 0.0000e+00
         99     -1.104     1.0137   0.000128    -0.0004    -0.0978 0.0000e+00
        100     -1.103     1.0139   0.000128    -0.0004    -0.0978 0.0000e+00
        101     -1.101     1.0141   0.000129    -0.0004    -0.0977 0.0000e+00
        102     -1.099     1.0143   0.000130    -0.0004    -0.0977 0.0000e+00
        103     -1.097     1.0144   0.000130    -0.0004    -0.0977 0.0000e+00
        104     -1.096     1.0146   0.000130    -0.0004    -0.0977 0.0000e+00
        105     -1.097     1.0148   0.000130    -0.0004    -0.0977 0.0000e+00
        106     -1.101     1.0149   0.000130    -0.0004    -0.0977 0.0000e+00
        107     -1.103     1.0151   0.000130    -0.0004    -0.0977 0.0000e+00
        108     -1.102     1.0153   0.000130    -0.0004    -0.0977 0.0000e+00
        109     -1.102     1.0154   0.000130    -0.0004    -0.0977 0.0000e+00
        110     -1.103     1.0156   0.000130    -0.0004    -0.0977 0.0000e+00
        111     -1.101     1.0158   0.000129    -0.0004    -0.0977 0.0000e+00
        112     -1.097     1.0160   0.000128    -0.0004    -0.0977 0.0000e+00
        113     -1.095     1.0162   0.000129    -0.0004    -0.0976 0.0000e+00
        114     -1.096     1.0164   0.000129    -0.0004    -0.0976 0.0000e+00
        115     -1.098     1.0165   0.000128    -0.0004    -0.0976 0.0000e+00
        116     -1.098     1.0166   0.000129    -0.0004    -0.0976 0.0000e+00
        117     -1.096     1.0168   0.000131    -0.0004    -0.0976 0.0000e+00
        118     -1.094     1.0170   0.000131    -0.0004    -0.0976 0.0000e+00
        119     -1.094     1.0172   0.000130    -0.0004    -0.0976 0.0000e+00
        120     -1.095     1.0174   0.000129    -0.0004    -0.0976 0.0000e+00
        121     -1.096     1.0176   0.000129    -0.0004    -0.0976 0.0000e+00
        122     -1.098     1.0177   0.000129    -0.0004    -0.0976 0.0000e+00
        123     -1.098     1.0179   0.000128    -0.0004    -0.0976 0.0000e+00
        124     -1.096     1.0181   0.000129    -0.0004    -0.0975 0.0000e+00
        125     -1.095     1.0183   0.000131    -0.0004    -0.0975 0.0000e+00
        126     -1.097     1.0185   0.000131    -0.0004    -0.0975 0.0000e+00
        127     -1.100     1.0187   0.000129    -0.0004    -0.0975 0.0000e+00
        128     -1.102     1.0188   0.000130    -0.0004    -0.0975 0.0000e+00
        129     -1.101     1.0190   0.000131    -0.0004    -0.0975 0.0000e+00
        130     -1.097     1.0192   0.000129    -0.0004    -0.0975 0.0000e+00
        131     -1.095     1.0194   0.000128    -0.0004    -0.0975 0.0000e+00
        132     -1.096     1.0196   0.000129    -0.0004    -0.0975 0.0000e+00
        133     -1.098     1.0198   0.000130    -0.0004    -0.0975 0.0000e+00
        134     -1.099     1.0200   0.000130    -0.0004    -0.0975 0.0000e+00
        135     -1.099     1.0202   0.000130    -0.0004    -0.0974 0.0000e+00
        136     -1.098     1.0204   0.000131    -0.0004    -0.0974 0.0000e+00
        137     -1.096     1.0205   0.000131    -0.0004    -0.0974 0.0000e+00
        138     -1.095     1.0206   0.000131    -0.0004    -0.0974 0.0000e+00
        139     -1.096     1.0208   0.000129    -0.0004    -0.0974 0.0000e+00
        140     -1.097     1.0210   0.000128    -0.0004    -0.0974 0.0000e+00
        141     -1.097     1.0212   0.000129    -0.0004    -0.0974 0.0000e+00
        142     -1.097     1.0214   0.000130    -0.0004    -0.0974 0.0000e+00
        143     -1.098     1.0215   0.000131    -0.0004    -0.0974 0.0000e+00
        144     -1.097     1.0217   0.000131    -0.0004    -0.0974 0.0000e+00
        145     -1.097     1.0219   0.000131    -0.0004    -0.0974 0.0000e+00
        146     -1.098     1.0221   0.000130    -0.0004    -0.0973 0.0000e+00
        147     -1.098     1.0223   0.000131    -0.0004    -0.0973 0.0000e+00
        148     -1.096     1.0225   0.000132    -0.0004    -0.0973 0.0000e+00
        149     -1.095     1.0225   0.000133    -0.0003    -0.0973 0.0000e+00
        150     -1.096     1.0227   0.000131    -0.0004    -0.0973 0.0000e+00
        151     -1.098     1.0229   0.000128    -0.0004    -0.0973 0.0000e+00
        152     -1.100     1.0232   0.000129    -0.0004    -0.0973 0.0000e+00
        153     -1.102     1.0234   0.000130    -0.0004    -0.0973 0.0000e+00
        154     -1.103     1.0236   0.000130    -0.0004    -0.0973 0.0000e+00
        155     -1.102     1.0237   0.000130    -0.0004    -0.0973 0.0000e+00
        156     -1.100     1.0239   0.000129    -0.0004    -0.0973 0.0000e+00
        157     -1.100     1.0240   0.000128    -0.0004    -0.0973 0.0000e+00
        158     -1.100     1.0242   0.000129    -0.0004    -0.0972 0.0000e+00
        159     -1.102     1.0244   0.000130    -0.0004    -0.0972 0.0000e+00
        160     -1.103     1.0246   0.000129    -0.0004    -0.0972 0.0000e+00
        161     -1.102     1.0248   0.000128    -0.0004    -0.0972 0.0000e+00
        162     -1.101     1.0250   0.000129    -0.0004    -0.0972 0.0000e+00
        163     -1.102     1.0251   0.000131    -0.0004    -0.0972 0.0000e+00
        164     -1.103     1.0253   0.000131    -0.0004    -0.0972 0.0000e+00
        165     -1.102     1.0255   0.000130    -0.0004    -0.0972 0.0000e+00
        166     -1.100     1.0256   0.000130    -0.0004    -0.0972 0.0000e+00
        167     -1.098     1.0258   0.000129    -0.0004    -0.0972 0.0000e+00
        168     -1.096     1.0260   0.000128    -0.0004    -0.0972 0.0000e+00
        169     -1.094     1.0261   0.000129    -0.0004    -0.0971 0.0000e+00
        170     -1.093     1.0263   0.000130    -0.0004    -0.0971 0.0000e+00
        171     -1.091     1.0265   0.000130    -0.0004    -0.0971 0.0000e+00
        172     -1.090     1.0267   0.000130    -0.0004    -0.0971 0.0000e+00
        173     -1.092     1.0268   0.000131    -0.0004    -0.0971 0.0000e+00
        174     -1.096     1.0270   0.000131    -0.0004    -0.0971 0.0000e+00
        175     -1.098     1.0271   0.000129    -0.0004    -0.0971 0.0000e+00
        176     -1.099     1.0274   0.000128    -0.0004    -0.0971 0.0000e+00
        177     -1.100     1.0276   0.000129    -0.0004    -0.0971 0.0000e+00
        178     -1.102     1.0278   0.000130    -0.0004    -0.0971 0.0000e+00
        179     -1.105     1.0279   0.000130    -0.0004    -0.0971 0.0000e+00
        180     -1.105     1.0281   0.000130    -0.0004    -0.0971 0.0000e+00
        181     -1.101     1.0283   0.000130    -0.0004    -0.0970 0.0000e+00
        182     -1.097     1.0284   0.000131    -0.0004    -0.0970 0.0000e+00
        183     -1.095     1.0286   0.000131    -0.0004    -0.0970 0.0000e+00
        184     -1.096     1.0288   0.000131    -0.0004    -0.0970 0.0000e+00
        185     -1.097     1.0289   0.000131    -0.0004    -0.0970 0.0000e+00
        186     -1.096     1.0290   0.000129    -0.0004    -0.0970 0.0000e+00
        187     -1.095     1.0292   0.000128    -0.0004    -0.0970 0.0000e+00
        188     -1.095     1.0294   0.000128    -0.0004    -0.0970 0.0000e+00
        189     -1.095     1.0296   0.000128    -0.0004    -0.0970 0.0000e+00
        190     -1.093     1.0298   0.000129    -0.0004    -0.0970 0.0000e+00
        191     -1.093     1.0300   0.000130    -0.0004    -0.0970 0.0000e+00
        192     -1.097     1.0301   0.000130    -0.0004    -0.0970 0.0000e+00
        193     -1.101     1.0303   0.000130    -0.0004    -0.0969 0.0000e+00
        194     -1.103     1.0305   0.000129    -0.0004    -0.0969 0.0000e+00
        195     -1.104     1.0306   0.000128    -0.0004    -0.0969 0.0000e+00
        196     -1.103     1.0307   0.000129    -0.0004    -0.0969 0.0000e+00
        197     -1.102     1.0309   0.000130    -0.0004    -0.0969 0.0000e+00
        198     -1.100     1.0311   0.000130    -0.0004    -0.0969 0.0000e+00
        199     -1.099     1.0312   0.000130    -0.0004    -0.0969 0.0000e+00
        200     -1.099     1.0314   0.000130    -0.0004    -0.0969 0.0000e+00
        201     -1.099     1.0316   0.000130    -0.0004    -0.0969 0.0000e+00
        202     -1.100     1.0318   0.000130    -0.0004    -0.0969 0.0000e+00
        203     -1.102     1.0320   0.000130    -0.0004    -0.0969 0.0000e+00
        204     -1.103     1.0321   0.000130    -0.0004    -0.0969 0.0000e+00
        205     -1.102     1.0323   0.000130    -0.0004    -0.0968 0.0000e+00
