Datasets/Multi_Species/TEL214/tel214_2020_004.cnv
* Sea-Bird SBE19plus Data File:
* Filename = C:/AQUIRE/tel214_2020_004.hex
* Software Version AquireV2 AF V2.0
* Temperature SN =  7853
* Conductivity SN =  7853
* System UpLoad Time = Nov 06 2020 20:47:14
* <ApplicationData>
* <AQUIREV2>
** VESSEL/TRIP/SEQ STN: tel214_2020_004
** LATITUDE: 52 51.35 N
** LONGITUDE: 05 06.39 W
** DATE/TIME: 2020-11-06 19:48
** SOUNDING DEPTH (M): 0253
** PROBE TYPE: S7853
** CTD NUMBER: 004
** COMMENTS: 
# nquan = 7                                 
# nvalues = 3370                        
# units = specified
# name 0 = scan: Scan Count
# name 1 = prdM: Pressure, Strain Gauge [db]
# name 2 = tv290C: Temperature [ITS-90, deg C]
# name 3 = c0S/m: Conductivity [S/m]
# name 4 = sal00: Salinity, Practical [PSU]
# name 5 = sigma-t00: Density [sigma-t, kg/m^3 ]
# name 6 = flag: flag
# span 0 =          1,       3370       
# span 1 =     -1.076,    250.832       
# span 2 =     1.0573,     3.0750       
# span 3 =   0.000087,   3.081516       
# span 4 =    -0.0004,    34.1509       
# span 5 =    -0.0882,    27.2660       
# span 6 = 0.0000e+00, 0.0000e+00       
# interval = seconds: 1
# start_time = Nov 06 2020 19:48:46 [Instrument's time stamp, header]
# bad_flag = -9.990e-29
*END*
[from data line 1231]
       1232    205.960     2.0993   3.021851    34.0742    27.2222 0.0000e+00
       1233    206.353     2.0989   3.021834    34.0742    27.2222 0.0000e+00
       1234    206.726     2.0987   3.021856    34.0745    27.2225 0.0000e+00
       1235    207.081     2.0987   3.021908    34.0750    27.2228 0.0000e+00
       1236    207.431     2.0989   3.021963    34.0752    27.2230 0.0000e+00
       1237    207.793     2.0991   3.022011    34.0754    27.2231 0.0000e+00
       1238    208.177     2.0994   3.022059    34.0755    27.2232 0.0000e+00
       1239    208.573     2.0997   3.022108    34.0755    27.2232 0.0000e+00
       1240    208.963     2.0999   3.022149    34.0756    27.2233 0.0000e+00
       1241    209.336     2.0999   3.022185    34.0759    27.2234 0.0000e+00
       1242    209.697     2.1001   3.022230    34.0760    27.2235 0.0000e+00
       1243    210.052     2.1003   3.022286    34.0763    27.2238 0.0000e+00
       1244    210.416     2.1006   3.022346    34.0765    27.2239 0.0000e+00
       1245    210.796     2.1009   3.022400    34.0766    27.2240 0.0000e+00
       1246    211.183     2.1013   3.022434    34.0764    27.2238 0.0000e+00
       1247    211.558     2.1014   3.022465    34.0765    27.2238 0.0000e+00
       1248    211.908     2.1015   3.022520    34.0769    27.2241 0.0000e+00
       1249    212.243     2.1018   3.022589    34.0772    27.2244 0.0000e+00
       1250    212.586     2.1023   3.022660    34.0774    27.2245 0.0000e+00
       1251    212.950     2.1027   3.022736    34.0777    27.2247 0.0000e+00
       1252    213.323     2.1032   3.022816    34.0779    27.2249 0.0000e+00
       1253    213.689     2.1037   3.022874    34.0779    27.2248 0.0000e+00
       1254    214.041     2.1039   3.022878    34.0776    27.2245 0.0000e+00
       1255    214.382     2.1037   3.022836    34.0771    27.2241 0.0000e+00
       1256    214.724     2.1033   3.022785    34.0767    27.2238 0.0000e+00
       1257    215.076     2.1029   3.022761    34.0766    27.2238 0.0000e+00
       1258    215.432     2.1027   3.022796    34.0771    27.2242 0.0000e+00
       1259    215.783     2.1030   3.022910    34.0780    27.2249 0.0000e+00
       1260    216.123     2.1039   3.023072    34.0788    27.2255 0.0000e+00
       1261    216.458     2.1049   3.023223    34.0794    27.2259 0.0000e+00
       1262    216.797     2.1059   3.023349    34.0798    27.2261 0.0000e+00
       1263    217.143     2.1068   3.023456    34.0799    27.2262 0.0000e+00
       1264    217.488     2.1075   3.023521    34.0798    27.2260 0.0000e+00
       1265    217.831     2.1079   3.023535    34.0793    27.2256 0.0000e+00
       1266    218.173     2.1079   3.023530    34.0791    27.2254 0.0000e+00
       1267    218.512     2.1079   3.023527    34.0789    27.2252 0.0000e+00
       1268    218.845     2.1078   3.023503    34.0785    27.2249 0.0000e+00
       1269    219.169     2.1075   3.023462    34.0781    27.2246 0.0000e+00
       1270    219.486     2.1071   3.023407    34.0777    27.2243 0.0000e+00
       1271    219.808     2.1065   3.023357    34.0775    27.2243 0.0000e+00
       1272    220.142     2.1063   3.023364    34.0776    27.2244 0.0000e+00
       1273    220.483     2.1063   3.023434    34.0783    27.2249 0.0000e+00
       1274    220.819     2.1066   3.023508    34.0787    27.2252 0.0000e+00
       1275    221.144     2.1069   3.023544    34.0787    27.2251 0.0000e+00
       1276    221.462     2.1071   3.023544    34.0783    27.2248 0.0000e+00
       1277    221.780     2.1069   3.023537    34.0782    27.2248 0.0000e+00
       1278    222.103     2.1068   3.023552    34.0783    27.2249 0.0000e+00
       1279    222.435     2.1069   3.023612    34.0788    27.2252 0.0000e+00
       1280    222.770     2.1073   3.023699    34.0793    27.2256 0.0000e+00
       1281    223.100     2.1078   3.023781    34.0796    27.2258 0.0000e+00
       1282    223.421     2.1083   3.023847    34.0797    27.2258 0.0000e+00
       1283    223.732     2.1088   3.023896    34.0796    27.2257 0.0000e+00
       1284    224.035     2.1090   3.023930    34.0796    27.2257 0.0000e+00
       1285    224.338     2.1092   3.023955    34.0795    27.2257 0.0000e+00
       1286    224.645     2.1094   3.023979    34.0794    27.2256 0.0000e+00
       1287    224.958     2.1094   3.024008    34.0796    27.2257 0.0000e+00
       1288    225.272     2.1095   3.024037    34.0797    27.2258 0.0000e+00
       1289    225.582     2.1097   3.024056    34.0796    27.2256 0.0000e+00
       1290    225.883     2.1098   3.024066    34.0794    27.2255 0.0000e+00
       1291    226.175     2.1098   3.024077    34.0794    27.2255 0.0000e+00
       1292    226.460     2.1098   3.024096    34.0795    27.2255 0.0000e+00
       1293    226.750     2.1098   3.024119    34.0796    27.2256 0.0000e+00
       1294    227.046     2.1100   3.024145    34.0795    27.2256 0.0000e+00
       1295    227.343     2.1101   3.024172    34.0796    27.2256 0.0000e+00
       1296    227.645     2.1102   3.024204    34.0797    27.2257 0.0000e+00
       1297    227.956     2.1103   3.024239    34.0799    27.2258 0.0000e+00
       1298    228.270     2.1105   3.024270    34.0799    27.2258 0.0000e+00
       1299    228.578     2.1106   3.024295    34.0799    27.2258 0.0000e+00
       1300    228.872     2.1106   3.024307    34.0799    27.2258 0.0000e+00
       1301    229.158     2.1105   3.024304    34.0798    27.2258 0.0000e+00
       1302    229.450     2.1105   3.024295    34.0795    27.2255 0.0000e+00
       1303    229.747     2.1103   3.024283    34.0794    27.2255 0.0000e+00
       1304    230.038     2.1101   3.024268    34.0793    27.2254 0.0000e+00
       1305    230.321     2.1099   3.024255    34.0792    27.2253 0.0000e+00
       1306    230.601     2.1098   3.024244    34.0790    27.2252 0.0000e+00
       1307    230.887     2.1097   3.024250    34.0790    27.2252 0.0000e+00
       1308    231.180     2.1097   3.024264    34.0790    27.2252 0.0000e+00
       1309    231.474     2.1097   3.024266    34.0789    27.2251 0.0000e+00
       1310    231.764     2.1096   3.024253    34.0787    27.2249 0.0000e+00
       1311    232.046     2.1094   3.024229    34.0784    27.2247 0.0000e+00
       1312    232.316     2.1090   3.024203    34.0784    27.2247 0.0000e+00
       1313    232.577     2.1086   3.024202    34.0786    27.2250 0.0000e+00
       1314    232.843     2.1085   3.024224    34.0789    27.2252 0.0000e+00
       1315    233.121     2.1086   3.024251    34.0789    27.2252 0.0000e+00
       1316    233.405     2.1087   3.024278    34.0790    27.2253 0.0000e+00
       1317    233.688     2.1089   3.024311    34.0791    27.2253 0.0000e+00
       1318    233.970     2.1090   3.024348    34.0793    27.2254 0.0000e+00
       1319    234.247     2.1092   3.024377    34.0792    27.2254 0.0000e+00
       1320    234.518     2.1094   3.024403    34.0792    27.2254 0.0000e+00
       1321    234.784     2.1094   3.024426    34.0793    27.2255 0.0000e+00
       1322    235.053     2.1094   3.024446    34.0794    27.2256 0.0000e+00
       1323    235.333     2.1097   3.024485    34.0794    27.2255 0.0000e+00
       1324    235.622     2.1100   3.024566    34.0800    27.2259 0.0000e+00
       1325    235.905     2.1105   3.024667    34.0805    27.2264 0.0000e+00
       1326    236.169     2.1112   3.024759    34.0808    27.2265 0.0000e+00
       1327    236.417     2.1117   3.024812    34.0808    27.2264 0.0000e+00
       1328    236.665     2.1121   3.024835    34.0805    27.2262 0.0000e+00
       1329    236.920     2.1121   3.024851    34.0805    27.2262 0.0000e+00
       1330    237.174     2.1121   3.024861    34.0805    27.2262 0.0000e+00
       1331    237.425     2.1121   3.024871    34.0805    27.2262 0.0000e+00
       1332    237.676     2.1121   3.024902    34.0808    27.2264 0.0000e+00
       1333    237.921     2.1124   3.024946    34.0808    27.2265 0.0000e+00
       1334    238.148     2.1125   3.024974    34.0810    27.2265 0.0000e+00
       1335    238.353     2.1126   3.024994    34.0810    27.2265 0.0000e+00
       1336    238.546     2.1128   3.025017    34.0810    27.2265 0.0000e+00
       1337    238.743     2.1128   3.025038    34.0811    27.2266 0.0000e+00
       1338    238.953     2.1129   3.025069    34.0813    27.2267 0.0000e+00
       1339    239.165     2.1132   3.025116    34.0814    27.2268 0.0000e+00
       1340    239.358     2.1135   3.025157    34.0815    27.2269 0.0000e+00
       1341    239.532     2.1136   3.025174    34.0815    27.2269 0.0000e+00
       1342    239.701     2.1138   3.025181    34.0813    27.2267 0.0000e+00
       1343    239.877     2.1139   3.025192    34.0812    27.2266 0.0000e+00
       1344    240.059     2.1137   3.025196    34.0814    27.2268 0.0000e+00
       1345    240.235     2.1136   3.025191    34.0813    27.2267 0.0000e+00
       1346    240.389     2.1136   3.025182    34.0811    27.2266 0.0000e+00
       1347    240.515     2.1136   3.025185    34.0811    27.2265 0.0000e+00
       1348    240.627     2.1135   3.025196    34.0813    27.2267 0.0000e+00
       1349    240.741     2.1135   3.025200    34.0813    27.2267 0.0000e+00
       1350    240.867     2.1135   3.025196    34.0811    27.2266 0.0000e+00
       1351    240.999     2.1135   3.025182    34.0809    27.2264 0.0000e+00
       1352    241.114     2.1133   3.025155    34.0807    27.2263 0.0000e+00
       1353    241.194     2.1131   3.025142    34.0807    27.2263 0.0000e+00
       1354    241.246     2.1129   3.025142    34.0809    27.2264 0.0000e+00
       1355    241.291     2.1129   3.025143    34.0809    27.2264 0.0000e+00
       1356    241.352     2.1129   3.025143    34.0808    27.2264 0.0000e+00
       1357    241.429     2.1128   3.025140    34.0809    27.2264 0.0000e+00
       1358    241.501     2.1128   3.025129    34.0807    27.2263 0.0000e+00
       1359    241.540     2.1128   3.025119    34.0805    27.2262 0.0000e+00
       1360    241.545     2.1128   3.025116    34.0805    27.2261 0.0000e+00
       1361    241.542     2.1128   3.025119    34.0805    27.2262 0.0000e+00
       1362    241.563     2.1128   3.025126    34.0806    27.2262 0.0000e+00
       1363    241.621     2.1128   3.025131    34.0807    27.2263 0.0000e+00
       1364    241.695     2.1128   3.025135    34.0807    27.2263 0.0000e+00
       1365    241.757     2.1128   3.025139    34.0807    27.2263 0.0000e+00
       1366    241.796     2.1128   3.025145    34.0807    27.2263 0.0000e+00
       1367    241.815     2.1128   3.025150    34.0808    27.2264 0.0000e+00
       1368    241.825     2.1128   3.025151    34.0808    27.2264 0.0000e+00
       1369    241.843     2.1128   3.025149    34.0808    27.2263 0.0000e+00
       1370    241.875     2.1128   3.025140    34.0806    27.2262 0.0000e+00
       1371    241.918     2.1128   3.025132    34.0805    27.2261 0.0000e+00
       1372    241.966     2.1126   3.025119    34.0805    27.2262 0.0000e+00
       1373    242.012     2.1124   3.025099    34.0805    27.2261 0.0000e+00
       1374    242.054     2.1124   3.025083    34.0802    27.2260 0.0000e+00
       1375    242.092     2.1123   3.025082    34.0803    27.2260 0.0000e+00
       1376    242.132     2.1123   3.025090    34.0804    27.2261 0.0000e+00
       1377    242.185     2.1123   3.025090    34.0804    27.2261 0.0000e+00
       1378    242.251     2.1122   3.025080    34.0803    27.2260 0.0000e+00
       1379    242.323     2.1121   3.025071    34.0803    27.2260 0.0000e+00
       1380    242.386     2.1120   3.025070    34.0803    27.2261 0.0000e+00
       1381    242.425     2.1119   3.025072    34.0804    27.2262 0.0000e+00
       1382    242.439     2.1119   3.025074    34.0804    27.2262 0.0000e+00
       1383    242.450     2.1119   3.025075    34.0805    27.2262 0.0000e+00
       1384    242.482     2.1119   3.025073    34.0804    27.2261 0.0000e+00
       1385    242.540     2.1119   3.025078    34.0804    27.2262 0.0000e+00
       1386    242.608     2.1120   3.025099    34.0806    27.2263 0.0000e+00
       1387    242.665     2.1120   3.025119    34.0808    27.2264 0.0000e+00
       1388    242.714     2.1120   3.025128    34.0809    27.2265 0.0000e+00
       1389    242.764     2.1120   3.025126    34.0808    27.2265 0.0000e+00
       1390    242.808     2.1120   3.025126    34.0808    27.2264 0.0000e+00
       1391    242.843     2.1120   3.025130    34.0808    27.2265 0.0000e+00
       1392    242.873     2.1121   3.025132    34.0807    27.2264 0.0000e+00
       1393    242.907     2.1121   3.025131    34.0807    27.2263 0.0000e+00
       1394    242.946     2.1121   3.025141    34.0808    27.2264 0.0000e+00
       1395    242.978     2.1124   3.025183    34.0810    27.2265 0.0000e+00
       1396    242.993     2.1127   3.025234    34.0813    27.2268 0.0000e+00
       1397    242.991     2.1129   3.025247    34.0812    27.2267 0.0000e+00
       1398    242.986     2.1129   3.025233    34.0811    27.2266 0.0000e+00
       1399    242.995     2.1128   3.025217    34.0810    27.2265 0.0000e+00
       1400    243.020     2.1128   3.025204    34.0808    27.2264 0.0000e+00
       1401    243.050     2.1128   3.025196    34.0807    27.2263 0.0000e+00
       1402    243.074     2.1128   3.025200    34.0807    27.2263 0.0000e+00
       1403    243.089     2.1128   3.025216    34.0809    27.2265 0.0000e+00
       1404    243.100     2.1129   3.025232    34.0810    27.2265 0.0000e+00
       1405    243.109     2.1131   3.025246    34.0809    27.2265 0.0000e+00
       1406    243.125     2.1132   3.025258    34.0810    27.2265 0.0000e+00
       1407    243.156     2.1133   3.025273    34.0810    27.2265 0.0000e+00
       1408    243.194     2.1135   3.025292    34.0810    27.2265 0.0000e+00
       1409    243.221     2.1137   3.025312    34.0810    27.2265 0.0000e+00
       1410    243.233     2.1139   3.025322    34.0809    27.2264 0.0000e+00
       1411    243.244     2.1140   3.025325    34.0809    27.2263 0.0000e+00
       1412    243.264     2.1140   3.025335    34.0810    27.2264 0.0000e+00
       1413    243.286     2.1141   3.025353    34.0811    27.2265 0.0000e+00
       1414    243.298     2.1143   3.025363    34.0810    27.2264 0.0000e+00
       1415    243.303     2.1143   3.025366    34.0810    27.2264 0.0000e+00
       1416    243.319     2.1143   3.025373    34.0811    27.2265 0.0000e+00
       1417    243.350     2.1144   3.025393    34.0812    27.2266 0.0000e+00
       1418    243.381     2.1144   3.025426    34.0816    27.2269 0.0000e+00
       1419    243.396     2.1146   3.025457    34.0818    27.2270 0.0000e+00
       1420    243.398     2.1147   3.025474    34.0819    27.2271 0.0000e+00
       1421    243.405     2.1148   3.025477    34.0818    27.2270 0.0000e+00
       1422    243.425     2.1148   3.025476    34.0818    27.2270 0.0000e+00
       1423    243.451     2.1149   3.025492    34.0819    27.2271 0.0000e+00
       1424    243.476     2.1151   3.025525    34.0821    27.2272 0.0000e+00
       1425    243.495     2.1154   3.025553    34.0821    27.2272 0.0000e+00
       1426    243.511     2.1157   3.025565    34.0819    27.2270 0.0000e+00
       1427    243.525     2.1158   3.025554    34.0816    27.2268 0.0000e+00
       1428    243.543     2.1156   3.025532    34.0816    27.2268 0.0000e+00
       1429    243.567     2.1155   3.025512    34.0814    27.2267 0.0000e+00
       1430    243.594     2.1153   3.025492    34.0814    27.2266 0.0000e+00
       1431    243.622     2.1151   3.025470    34.0813    27.2266 0.0000e+00
       1432    243.649     2.1150   3.025465    34.0813    27.2266 0.0000e+00
       1433    243.675     2.1151   3.025504    34.0817    27.2269 0.0000e+00
       1434    243.701     2.1155   3.025582    34.0822    27.2273 0.0000e+00
       1435    243.725     2.1161   3.025652    34.0824    27.2274 0.0000e+00
