Datasets/Multi_Species/TEL214/tel214_2020_003.cnv
* Sea-Bird SBE19plus Data File:
* Filename = C:/AQUIRE/tel214_2020_003.hex
* Software Version AquireV2 AF V2.0
* Temperature SN =  7853
* Conductivity SN =  7853
* System UpLoad Time = Nov 06 2020 17:40:11
* <ApplicationData>
* <AQUIREV2>
** VESSEL/TRIP/SEQ STN: tel214_2020_003
** LATITUDE: 52 51.03 N
** LONGITUDE: 05 50.15 W
** DATE/TIME: 2020-11-06 16:34
** SOUNDING DEPTH (M): 0203
** PROBE TYPE: S7853
** CTD NUMBER: 003
** COMMENTS: 
# nquan = 7                                 
# nvalues = 3830                        
# units = specified
# name 0 = scan: Scan Count
# name 1 = prdM: Pressure, Strain Gauge [db]
# name 2 = tv290C: Temperature [ITS-90, deg C]
# name 3 = c0S/m: Conductivity [S/m]
# name 4 = sal00: Salinity, Practical [PSU]
# name 5 = sigma-t00: Density [sigma-t, kg/m^3 ]
# name 6 = flag: flag
# span 0 =          1,       3830       
# span 1 =     -1.061,    201.619       
# span 2 =     1.1127,     2.8981       
# span 3 =   0.000092,   3.083788       
# span 4 =    -0.0005,    34.0920       
# span 5 =    -0.0899,    27.2234       
# span 6 = 0.0000e+00, 0.0000e+00       
# interval = seconds: 1
# start_time = Nov 06 2020 16:34:27 [Instrument's time stamp, header]
# bad_flag = -9.990e-29
*END*
[from data line 3693]
       3694     -1.052     1.4977   0.000138     0.0000    -0.0757 0.0000e+00
       3695     -1.053     1.4985   0.000138     0.0000    -0.0756 0.0000e+00
       3696     -1.053     1.4993   0.000138     0.0000    -0.0756 0.0000e+00
       3697     -1.053     1.5002   0.000138     0.0000    -0.0756 0.0000e+00
       3698     -1.054     1.5010   0.000139     0.0000    -0.0755 0.0000e+00
       3699     -1.055     1.5017   0.000139     0.0000    -0.0755 0.0000e+00
       3700     -1.057     1.5025   0.000139     0.0000    -0.0755 0.0000e+00
       3701     -1.059     1.5034   0.000137     0.0000    -0.0754 0.0000e+00
       3702     -1.059     1.5042   0.000136     0.0000    -0.0754 0.0000e+00
       3703     -1.059     1.5050   0.000138     0.0000    -0.0754 0.0000e+00
       3704     -1.057     1.5057   0.000137     0.0000    -0.0754 0.0000e+00
       3705     -1.056     1.5065   0.000136     0.0000    -0.0753 0.0000e+00
       3706     -1.057     1.5073   0.000138     0.0000    -0.0753 0.0000e+00
       3707     -1.057     1.5080   0.000137     0.0000    -0.0753 0.0000e+00
       3708     -1.058     1.5089   0.000138     0.0000    -0.0752 0.0000e+00
       3709     -1.061     1.5097   0.000138     0.0000    -0.0752 0.0000e+00
       3710     -1.061     1.5105   0.000138     0.0000    -0.0751 0.0000e+00
       3711     -1.060     1.5113   0.000139     0.0001    -0.0751 0.0000e+00
       3712     -1.059     1.5120   0.000140     0.0001    -0.0751 0.0000e+00
       3713     -1.057     1.5128   0.000139     0.0001    -0.0750 0.0000e+00
       3714     -1.055     1.5136   0.000138     0.0000    -0.0750 0.0000e+00
       3715     -1.055     1.5143   0.000137     0.0000    -0.0750 0.0000e+00
       3716     -1.056     1.5151   0.000137     0.0000    -0.0750 0.0000e+00
       3717     -1.057     1.5158   0.000137     0.0000    -0.0749 0.0000e+00
       3718     -1.058     1.5166   0.000137     0.0000    -0.0749 0.0000e+00
       3719     -1.057     1.5174   0.000137     0.0000    -0.0749 0.0000e+00
       3720     -1.057     1.5181   0.000137     0.0000    -0.0748 0.0000e+00
       3721     -1.059     1.5189   0.000137     0.0000    -0.0748 0.0000e+00
       3722     -1.059     1.5196   0.000137     0.0000    -0.0748 0.0000e+00
       3723     -1.056     1.5204   0.000137     0.0000    -0.0747 0.0000e+00
       3724     -1.054     1.5212   0.000136     0.0000    -0.0747 0.0000e+00
       3725     -1.056     1.5219   0.000136     0.0000    -0.0747 0.0000e+00
       3726     -1.056     1.5227   0.000136     0.0000    -0.0746 0.0000e+00
       3727     -1.053     1.5233   0.000136     0.0000    -0.0746 0.0000e+00
       3728     -1.053     1.5240   0.000137     0.0000    -0.0746 0.0000e+00
       3729     -1.054     1.5248   0.000137     0.0000    -0.0746 0.0000e+00
       3730     -1.055     1.5256   0.000137     0.0000    -0.0745 0.0000e+00
       3731     -1.057     1.5263   0.000137     0.0000    -0.0745 0.0000e+00
       3732     -1.059     1.5271   0.000135     0.0000    -0.0745 0.0000e+00
       3733     -1.060     1.5278   0.000134     0.0000    -0.0744 0.0000e+00
       3734     -1.060     1.5284   0.000134     0.0000    -0.0744 0.0000e+00
       3735     -1.059     1.5292   0.000135     0.0000    -0.0744 0.0000e+00
       3736     -1.057     1.5299   0.000135     0.0000    -0.0744 0.0000e+00
       3737     -1.055     1.5307   0.000136     0.0000    -0.0743 0.0000e+00
       3738     -1.054     1.5315   0.000136     0.0000    -0.0743 0.0000e+00
       3739     -1.052     1.5322   0.000136     0.0000    -0.0743 0.0000e+00
       3740     -1.050     1.5330   0.000136     0.0000    -0.0742 0.0000e+00
       3741     -1.050     1.5337   0.000135     0.0000    -0.0742 0.0000e+00
       3742     -1.052     1.5343   0.000134     0.0000    -0.0742 0.0000e+00
       3743     -1.053     1.5351   0.000135     0.0000    -0.0741 0.0000e+00
       3744     -1.052     1.5358   0.000137     0.0001    -0.0741 0.0000e+00
       3745     -1.052     1.5365   0.000137     0.0001    -0.0741 0.0000e+00
       3746     -1.053     1.5372   0.000136     0.0001    -0.0740 0.0000e+00
       3747     -1.052     1.5379   0.000135     0.0000    -0.0740 0.0000e+00
       3748     -1.052     1.5387   0.000135     0.0000    -0.0740 0.0000e+00
       3749     -1.053     1.5394   0.000136     0.0001    -0.0740 0.0000e+00
       3750     -1.052     1.5401   0.000136     0.0001    -0.0739 0.0000e+00
       3751     -1.050     1.5408   0.000136     0.0001    -0.0739 0.0000e+00
       3752     -1.050     1.5416   0.000135     0.0000    -0.0739 0.0000e+00
       3753     -1.050     1.5423   0.000135     0.0000    -0.0738 0.0000e+00
       3754     -1.052     1.5429   0.000134     0.0000    -0.0738 0.0000e+00
       3755     -1.054     1.5437   0.000136     0.0001    -0.0738 0.0000e+00
       3756     -1.054     1.5443   0.000135     0.0000    -0.0738 0.0000e+00
       3757     -1.053     1.5450   0.000135     0.0000    -0.0737 0.0000e+00
       3758     -1.052     1.5458   0.000135     0.0001    -0.0737 0.0000e+00
       3759     -1.051     1.5465   0.000135     0.0001    -0.0737 0.0000e+00
       3760     -1.053     1.5472   0.000135     0.0001    -0.0736 0.0000e+00
       3761     -1.056     1.5478   0.000136     0.0001    -0.0736 0.0000e+00
       3762     -1.058     1.5484   0.000137     0.0001    -0.0736 0.0000e+00
       3763     -1.057     1.5492   0.000138     0.0001    -0.0735 0.0000e+00
       3764     -1.055     1.5499   0.000136     0.0001    -0.0735 0.0000e+00
       3765     -1.055     1.5506   0.000134     0.0000    -0.0735 0.0000e+00
       3766     -1.055     1.5513   0.000134     0.0000    -0.0735 0.0000e+00
       3767     -1.055     1.5520   0.000135     0.0001    -0.0734 0.0000e+00
       3768     -1.055     1.5526   0.000136     0.0001    -0.0734 0.0000e+00
       3769     -1.056     1.5534   0.000136     0.0001    -0.0734 0.0000e+00
       3770     -1.058     1.5541   0.000135     0.0001    -0.0734 0.0000e+00
       3771     -1.060     1.5547   0.000136     0.0001    -0.0733 0.0000e+00
       3772     -1.059     1.5554   0.000136     0.0001    -0.0733 0.0000e+00
       3773     -1.056     1.5560   0.000133     0.0000    -0.0733 0.0000e+00
       3774     -1.056     1.5568   0.000133     0.0000    -0.0733 0.0000e+00
       3775     -1.056     1.5575   0.000135     0.0001    -0.0732 0.0000e+00
       3776     -1.053     1.5581   0.000135     0.0001    -0.0732 0.0000e+00
       3777     -1.053     1.5589   0.000135     0.0001    -0.0732 0.0000e+00
       3778     -1.054     1.5596   0.000134     0.0001    -0.0731 0.0000e+00
       3779     -1.054     1.5602   0.000135     0.0001    -0.0731 0.0000e+00
       3780     -1.054     1.5608   0.000135     0.0001    -0.0731 0.0000e+00
       3781     -1.055     1.5616   0.000136     0.0001    -0.0730 0.0000e+00
       3782     -1.057     1.5622   0.000133     0.0000    -0.0730 0.0000e+00
       3783     -1.059     1.5629   0.000132     0.0000    -0.0730 0.0000e+00
       3784     -1.060     1.5636   0.000132     0.0000    -0.0730 0.0000e+00
       3785     -1.060     1.5642   0.000133     0.0001    -0.0730 0.0000e+00
       3786     -1.060     1.5650   0.000134     0.0001    -0.0729 0.0000e+00
       3787     -1.059     1.5656   0.000133     0.0001    -0.0729 0.0000e+00
       3788     -1.057     1.5662   0.000133     0.0001    -0.0729 0.0000e+00
       3789     -1.055     1.5669   0.000134     0.0001    -0.0728 0.0000e+00
       3790     -1.055     1.5677   0.000135     0.0001    -0.0728 0.0000e+00
       3791     -1.056     1.5684   0.000135     0.0001    -0.0728 0.0000e+00
       3792     -1.057     1.5690   0.000134     0.0001    -0.0728 0.0000e+00
       3793     -1.057     1.5697   0.000134     0.0001    -0.0727 0.0000e+00
       3794     -1.056     1.5703   0.000134     0.0001    -0.0727 0.0000e+00
       3795     -1.056     1.5711   0.000135     0.0001    -0.0727 0.0000e+00
       3796     -1.056     1.5717   0.000134     0.0001    -0.0726 0.0000e+00
       3797     -1.053     1.5724   0.000134     0.0001    -0.0726 0.0000e+00
       3798     -1.052     1.5731   0.000133     0.0001    -0.0726 0.0000e+00
       3799     -1.053     1.5737   0.000132     0.0001    -0.0726 0.0000e+00
       3800     -1.053     1.5743   0.000133     0.0001    -0.0725 0.0000e+00
       3801     -1.053     1.5751   0.000135     0.0001    -0.0725 0.0000e+00
       3802     -1.056     1.5758   0.000135     0.0001    -0.0725 0.0000e+00
       3803     -1.058     1.5764   0.000135     0.0001    -0.0724 0.0000e+00
       3804     -1.057     1.5772   0.000135     0.0001    -0.0724 0.0000e+00
       3805     -1.056     1.5778   0.000135     0.0001    -0.0724 0.0000e+00
       3806     -1.057     1.5784   0.000135     0.0001    -0.0724 0.0000e+00
       3807     -1.057     1.5791   0.000134     0.0001    -0.0723 0.0000e+00
       3808     -1.057     1.5798   0.000133     0.0001    -0.0723 0.0000e+00
       3809     -1.059     1.5804   0.000134     0.0001    -0.0723 0.0000e+00
       3810     -1.059     1.5812   0.000135     0.0001    -0.0723 0.0000e+00
       3811     -1.055     1.5818   0.000135     0.0001    -0.0722 0.0000e+00
       3812     -1.051     1.5825   0.000135     0.0001    -0.0722 0.0000e+00
       3813     -1.051     1.5831   0.000135     0.0001    -0.0722 0.0000e+00
       3814     -1.053     1.5838   0.000134     0.0001    -0.0722 0.0000e+00
       3815     -1.056     1.5844   0.000135     0.0001    -0.0721 0.0000e+00
       3816     -1.058     1.5852   0.000135     0.0001    -0.0721 0.0000e+00
       3817     -1.057     1.5859   0.000134     0.0001    -0.0721 0.0000e+00
       3818     -1.055     1.5865   0.000134     0.0001    -0.0720 0.0000e+00
       3819     -1.054     1.5873   0.000135     0.0001    -0.0720 0.0000e+00
       3820     -1.053     1.5879   0.000134     0.0001    -0.0720 0.0000e+00
       3821     -1.053     1.5886   0.000134     0.0001    -0.0720 0.0000e+00
       3822     -1.054     1.5892   0.000134     0.0001    -0.0719 0.0000e+00
       3823     -1.055     1.5900   0.000135     0.0001    -0.0719 0.0000e+00
       3824     -1.056     1.5907   0.000135     0.0001    -0.0719 0.0000e+00
       3825     -1.056     1.5913   0.000135     0.0001    -0.0718 0.0000e+00
       3826     -1.053     1.5920   0.000135     0.0001    -0.0718 0.0000e+00
       3827     -1.053     1.5926   0.000134     0.0001    -0.0718 0.0000e+00
       3828     -1.054     1.5932   0.000133     0.0001    -0.0718 0.0000e+00
       3829     -1.054     1.5938   0.000134     0.0001    -0.0718 0.0000e+00
       3830     -1.054 -9.990e-29   0.000115 -9.990e-29 -9.990e-29 0.0000e+00
