Datasets/Multi_Species/TEL214/tel214_2020_016.cnv
* Sea-Bird SBE19plus Data File:
* Filename = C:/AQUIRE/tel214_2020_016.hex
* Software Version AquireV2 AF V2.0
* Temperature SN =  7853
* Conductivity SN =  7853
* System UpLoad Time = Nov 10 2020 18:31:16
* <ApplicationData>
* <AQUIREV2>
** VESSEL/TRIP/SEQ STN: tel214_2020_016
** LATITUDE: 54 41.11 N
** LONGITUDE: 53 41.94 W
** DATE/TIME: 2020-11-10 17:06
** SOUNDING DEPTH (M): 0323
** PROBE TYPE: S7853
** CTD NUMBER: 016
** COMMENTS: 
# nquan = 7                                 
# nvalues = 4836                        
# units = specified
# name 0 = scan: Scan Count
# name 1 = prdM: Pressure, Strain Gauge [db]
# name 2 = tv290C: Temperature [ITS-90, deg C]
# name 3 = c0S/m: Conductivity [S/m]
# name 4 = sal00: Salinity, Practical [PSU]
# name 5 = sigma-t00: Density [sigma-t, kg/m^3 ]
# name 6 = flag: flag
# span 0 =          1,       4836       
# span 1 =     -1.322,    323.936       
# span 2 =     0.9404,     3.6647       
# span 3 =   0.000097,   3.183308       
# span 4 =    -0.0005,    34.5416       
# span 5 =    -0.0933,    27.4764       
# span 6 = 0.0000e+00, 0.0000e+00       
# interval = seconds: 1
# start_time = Nov 10 2020 17:06:01 [Instrument's time stamp, header]
# bad_flag = -9.990e-29
*END*
[from data line 2052]
       2053    119.610     2.6883   3.060662    33.9748    27.0941 0.0000e+00
       2054    120.118     2.6897   3.060719    33.9737    27.0931 0.0000e+00
       2055    120.630     2.6898   3.060787    33.9742    27.0935 0.0000e+00
       2056    121.143     2.6897   3.060883    33.9752    27.0943 0.0000e+00
       2057    121.651     2.6902   3.061037    33.9762    27.0951 0.0000e+00
       2058    122.155     2.6914   3.061222    33.9770    27.0956 0.0000e+00
       2059    122.662     2.6929   3.061380    33.9770    27.0955 0.0000e+00
       2060    123.183     2.6937   3.061552    33.9780    27.0962 0.0000e+00
       2061    123.717     2.6944   3.061756    33.9795    27.0973 0.0000e+00
       2062    124.253     2.6953   3.061885    33.9798    27.0975 0.0000e+00
       2063    124.785     2.6958   3.061918    33.9794    27.0971 0.0000e+00
       2064    125.319     2.6957   3.061933    33.9794    27.0971 0.0000e+00
       2065    125.860     2.6953   3.061970    33.9800    27.0976 0.0000e+00
       2066    126.409     2.6951   3.062032    33.9806    27.0982 0.0000e+00
       2067    126.957     2.6953   3.062133    33.9813    27.0987 0.0000e+00
       2068    127.491     2.6959   3.062228    33.9816    27.0989 0.0000e+00
       2069    128.006     2.6965   3.062266    33.9811    27.0985 0.0000e+00
       2070    128.510     2.6965   3.062264    33.9808    27.0982 0.0000e+00
       2071    129.017     2.6961   3.062267    33.9810    27.0984 0.0000e+00
       2072    129.534     2.6959   3.062316    33.9815    27.0988 0.0000e+00
       2073    130.061     2.6962   3.062413    33.9821    27.0993 0.0000e+00
       2074    130.599     2.6967   3.062556    33.9830    27.1000 0.0000e+00
       2075    131.151     2.6975   3.062749    33.9843    27.1009 0.0000e+00
       2076    131.714     2.6986   3.062951    33.9853    27.1016 0.0000e+00
       2077    132.275     2.6997   3.063132    33.9860    27.1021 0.0000e+00
       2078    132.821     2.7010   3.063284    33.9862    27.1021 0.0000e+00
       2079    133.348     2.7020   3.063382    33.9860    27.1019 0.0000e+00
       2080    133.864     2.7026   3.063443    33.9859    27.1017 0.0000e+00
       2081    134.377     2.7030   3.063492    33.9858    27.1016 0.0000e+00
       2082    134.893     2.7032   3.063541    33.9859    27.1017 0.0000e+00
       2083    135.421     2.7034   3.063597    33.9860    27.1018 0.0000e+00
       2084    135.963     2.7035   3.063648    33.9863    27.1020 0.0000e+00
       2085    136.518     2.7035   3.063713    33.9868    27.1023 0.0000e+00
       2086    137.083     2.7037   3.063811    33.9874    27.1029 0.0000e+00
       2087    137.654     2.7043   3.063976    33.9885    27.1037 0.0000e+00
       2088    138.217     2.7054   3.064210    33.9899    27.1047 0.0000e+00
       2089    138.760     2.7071   3.064477    33.9911    27.1055 0.0000e+00
       2090    139.285     2.7091   3.064732    33.9918    27.1059 0.0000e+00
       2091    139.796     2.7110   3.064986    33.9926    27.1064 0.0000e+00
       2092    140.303     2.7131   3.065338    33.9944    27.1077 0.0000e+00
       2093    140.822     2.7161   3.065920    33.9981    27.1103 0.0000e+00
       2094    141.364     2.7219   3.066945    34.0042    27.1147 0.0000e+00
       2095    141.925     2.7346   3.069165    34.0177    27.1244 0.0000e+00
       2096    142.487     2.7597   3.073340    34.0420    27.1416 0.0000e+00
       2097    143.034     2.7970   3.078520    34.0656    27.1572 0.0000e+00
       2098    143.576     2.8365   3.082864    34.0766    27.1625 0.0000e+00
       2099    144.132     2.8707   3.086170    34.0805    27.1626 0.0000e+00
       2100    144.699     2.9009   3.089194    34.0851    27.1636 0.0000e+00
       2101    145.253     2.9316   3.092554    34.0933    27.1674 0.0000e+00
       2102    145.780     2.9660   3.096511    34.1049    27.1736 0.0000e+00
       2103    146.282     3.0038   3.100597    34.1144    27.1778 0.0000e+00
       2104    146.777     3.0408   3.104593    34.1236    27.1818 0.0000e+00
       2105    147.282     3.0759   3.108601    34.1350    27.1876 0.0000e+00
       2106    147.802     3.1112   3.112344    34.1428    27.1907 0.0000e+00
       2107    148.337     3.1463   3.115800    34.1474    27.1911 0.0000e+00
       2108    148.884     3.1793   3.119193    34.1534    27.1928 0.0000e+00
       2109    149.442     3.2091   3.122149    34.1574    27.1933 0.0000e+00
       2110    150.007     3.2348   3.124698    34.1609    27.1936 0.0000e+00
       2111    150.565     3.2580   3.127278    34.1673    27.1966 0.0000e+00
       2112    151.106     3.2797   3.129505    34.1711    27.1976 0.0000e+00
       2113    151.632     3.2980   3.130892    34.1682    27.1936 0.0000e+00
       2114    152.154     3.3103   3.131598    34.1635    27.1887 0.0000e+00
       2115    152.681     3.3171   3.132088    34.1620    27.1868 0.0000e+00
       2116    153.220     3.3211   3.132687    34.1647    27.1886 0.0000e+00
       2117    153.774     3.3251   3.133466    34.1696    27.1921 0.0000e+00
       2118    154.336     3.3304   3.134361    34.1745    27.1955 0.0000e+00
       2119    154.897     3.3365   3.135240    34.1784    27.1980 0.0000e+00
       2120    155.456     3.3427   3.135880    34.1793    27.1982 0.0000e+00
       2121    156.020     3.3488   3.136645    34.1818    27.1996 0.0000e+00
       2122    156.589     3.3574   3.138199    34.1911    27.2062 0.0000e+00
       2123    157.152     3.3727   3.140705    34.2050    27.2158 0.0000e+00
       2124    157.703     3.3962   3.143827    34.2175    27.2236 0.0000e+00
       2125    158.241     3.4237   3.146840    34.2246    27.2266 0.0000e+00
       2126    158.772     3.4493   3.149249    34.2263    27.2255 0.0000e+00
       2127    159.304     3.4696   3.151081    34.2267    27.2238 0.0000e+00
       2128    159.843     3.4851   3.152533    34.2275    27.2230 0.0000e+00
       2129    160.394     3.4974   3.153663    34.2279    27.2221 0.0000e+00
       2130    160.956     3.5071   3.154555    34.2281    27.2213 0.0000e+00
       2131    161.522     3.5141   3.155199    34.2281    27.2207 0.0000e+00
       2132    162.087     3.5175   3.155448    34.2272    27.2197 0.0000e+00
       2133    162.650     3.5175   3.155419    34.2266    27.2191 0.0000e+00
       2134    163.215     3.5157   3.155387    34.2278    27.2203 0.0000e+00
       2135    163.777     3.5138   3.155456    34.2303    27.2225 0.0000e+00
       2136    164.333     3.5128   3.155656    34.2335    27.2251 0.0000e+00
       2137    164.878     3.5137   3.156068    34.2372    27.2279 0.0000e+00
       2138    165.412     3.5171   3.156704    34.2410    27.2306 0.0000e+00
       2139    165.944     3.5211   3.157376    34.2445    27.2331 0.0000e+00
       2140    166.495     3.5243   3.157987    34.2482    27.2357 0.0000e+00
       2141    167.076     3.5286   3.158746    34.2525    27.2387 0.0000e+00
       2142    167.676     3.5353   3.159598    34.2553    27.2403 0.0000e+00
       2143    168.271     3.5424   3.160272    34.2556    27.2399 0.0000e+00
       2144    168.847     3.5484   3.160791    34.2552    27.2390 0.0000e+00
       2145    169.412     3.5529   3.161230    34.2555    27.2387 0.0000e+00
       2146    169.978     3.5564   3.161687    34.2570    27.2395 0.0000e+00
       2147    170.549     3.5599   3.162214    34.2593    27.2411 0.0000e+00
       2148    171.123     3.5642   3.162762    34.2610    27.2420 0.0000e+00
       2149    171.692     3.5689   3.163340    34.2627    27.2429 0.0000e+00
       2150    172.244     3.5731   3.163836    34.2640    27.2435 0.0000e+00
       2151    172.781     3.5766   3.164259    34.2651    27.2440 0.0000e+00
       2152    173.321     3.5804   3.164730    34.2664    27.2447 0.0000e+00
       2153    173.873     3.5846   3.165248    34.2679    27.2455 0.0000e+00
       2154    174.439     3.5890   3.165889    34.2707    27.2473 0.0000e+00
       2155    175.017     3.5938   3.166670    34.2747    27.2500 0.0000e+00
       2156    175.595     3.5991   3.167475    34.2784    27.2525 0.0000e+00
       2157    176.159     3.6041   3.168144    34.2809    27.2539 0.0000e+00
       2158    176.706     3.6081   3.168575    34.2815    27.2541 0.0000e+00
       2159    177.246     3.6110   3.168882    34.2819    27.2541 0.0000e+00
       2160    177.791     3.6131   3.169147    34.2826    27.2544 0.0000e+00
       2161    178.343     3.6146   3.169377    34.2834    27.2549 0.0000e+00
       2162    178.892     3.6156   3.169563    34.2843    27.2555 0.0000e+00
       2163    179.423     3.6162   3.169661    34.2846    27.2557 0.0000e+00
       2164    179.938     3.6163   3.169670    34.2843    27.2555 0.0000e+00
       2165    180.453     3.6158   3.169650    34.2843    27.2555 0.0000e+00
       2166    180.981     3.6148   3.169670    34.2853    27.2564 0.0000e+00
       2167    181.530     3.6145   3.169751    34.2863    27.2572 0.0000e+00
       2168    182.097     3.6148   3.169812    34.2864    27.2573 0.0000e+00
       2169    182.665     3.6147   3.169819    34.2863    27.2572 0.0000e+00
       2170    183.230     3.6143   3.169836    34.2866    27.2575 0.0000e+00
       2171    183.793     3.6143   3.169898    34.2871    27.2578 0.0000e+00
       2172    184.352     3.6145   3.169972    34.2874    27.2581 0.0000e+00
       2173    184.910     3.6143   3.169998    34.2876    27.2583 0.0000e+00
       2174    185.469     3.6128   3.169966    34.2885    27.2592 0.0000e+00
       2175    186.025     3.6108   3.169938    34.2900    27.2605 0.0000e+00
       2176    186.572     3.6098   3.169923    34.2906    27.2611 0.0000e+00
       2177    187.105     3.6096   3.169900    34.2902    27.2608 0.0000e+00
       2178    187.633     3.6094   3.169895    34.2901    27.2607 0.0000e+00
       2179    188.174     3.6089   3.169932    34.2908    27.2613 0.0000e+00
       2180    188.733     3.6084   3.170008    34.2919    27.2623 0.0000e+00
       2181    189.307     3.6086   3.170149    34.2931    27.2632 0.0000e+00
       2182    189.889     3.6094   3.170407    34.2950    27.2647 0.0000e+00
       2183    190.469     3.6114   3.170928    34.2988    27.2675 0.0000e+00
       2184    191.034     3.6156   3.171779    34.3043    27.2715 0.0000e+00
       2185    191.579     3.6218   3.172728    34.3089    27.2745 0.0000e+00
       2186    192.112     3.6284   3.173609    34.3122    27.2765 0.0000e+00
       2187    192.653     3.6347   3.174549    34.3165    27.2793 0.0000e+00
       2188    193.213     3.6413   3.175615    34.3220    27.2831 0.0000e+00
       2189    193.779     3.6476   3.176778    34.3290    27.2880 0.0000e+00
       2190    194.332     3.6532   3.177917    34.3365    27.2934 0.0000e+00
       2191    194.864     3.6579   3.178676    34.3403    27.2960 0.0000e+00
       2192    195.383     3.6607   3.179009    34.3411    27.2963 0.0000e+00
       2193    195.912     3.6615   3.179203    34.3423    27.2972 0.0000e+00
       2194    196.468     3.6619   3.179394    34.3439    27.2984 0.0000e+00
       2195    197.047     3.6626   3.179582    34.3451    27.2993 0.0000e+00
       2196    197.638     3.6633   3.179750    34.3460    27.3000 0.0000e+00
       2197    198.230     3.6639   3.179881    34.3466    27.3004 0.0000e+00
       2198    198.820     3.6643   3.179961    34.3468    27.3005 0.0000e+00
       2199    199.412     3.6645   3.180024    34.3471    27.3007 0.0000e+00
       2200    200.004     3.6646   3.180087    34.3474    27.3009 0.0000e+00
       2201    200.595     3.6647   3.180128    34.3475    27.3010 0.0000e+00
       2202    201.185     3.6647   3.180164    34.3476    27.3011 0.0000e+00
       2203    201.772     3.6646   3.180209    34.3479    27.3013 0.0000e+00
       2204    202.352     3.6644   3.180260    34.3484    27.3018 0.0000e+00
       2205    202.924     3.6645   3.180320    34.3487    27.3020 0.0000e+00
       2206    203.499     3.6645   3.180362    34.3489    27.3022 0.0000e+00
       2207    204.087     3.6629   3.180248    34.3489    27.3023 0.0000e+00
       2208    204.686     3.6576   3.179682    34.3474    27.3016 0.0000e+00
       2209    205.274     3.6477   3.178704    34.3458    27.3013 0.0000e+00
       2210    205.839     3.6364   3.177798    34.3465    27.3030 0.0000e+00
       2211    206.388     3.6271   3.177220    34.3491    27.3060 0.0000e+00
       2212    206.931     3.6208   3.176903    34.3517    27.3087 0.0000e+00
       2213    207.466     3.6163   3.176658    34.3532    27.3103 0.0000e+00
       2214    207.992     3.6126   3.176398    34.3537    27.3111 0.0000e+00
       2215    208.508     3.6096   3.176200    34.3542    27.3118 0.0000e+00
       2216    209.012     3.6071   3.176058    34.3548    27.3126 0.0000e+00
       2217    209.508     3.6047   3.175893    34.3551    27.3130 0.0000e+00
       2218    210.005     3.6019   3.175733    34.3559    27.3139 0.0000e+00
       2219    210.502     3.5989   3.175672    34.3581    27.3159 0.0000e+00
       2220    210.990     3.5964   3.175796    34.3619    27.3192 0.0000e+00
       2221    211.454     3.5961   3.176262    34.3676    27.3238 0.0000e+00
       2222    211.885     3.5984   3.177020    34.3740    27.3287 0.0000e+00
       2223    212.288     3.6018   3.177698    34.3783    27.3318 0.0000e+00
       2224    212.667     3.6041   3.178036    34.3797    27.3327 0.0000e+00
       2225    213.025     3.6043   3.178082    34.3799    27.3328 0.0000e+00
       2226    213.368     3.6035   3.178176    34.3817    27.3343 0.0000e+00
       2227    213.693     3.6045   3.178730    34.3871    27.3385 0.0000e+00
       2228    213.994     3.6084   3.179566    34.3928    27.3427 0.0000e+00
       2229    214.279     3.6122   3.180090    34.3950    27.3440 0.0000e+00
       2230    214.559     3.6128   3.180117    34.3945    27.3436 0.0000e+00
       2231    214.840     3.6096   3.179773    34.3936    27.3432 0.0000e+00
       2232    215.116     3.6027   3.179090    34.3925    27.3430 0.0000e+00
       2233    215.376     3.5932   3.178217    34.3920    27.3435 0.0000e+00
       2234    215.611     3.5827   3.177327    34.3922    27.3447 0.0000e+00
       2235    215.821     3.5713   3.176303    34.3919    27.3456 0.0000e+00
       2236    216.009     3.5601   3.175408    34.3929    27.3475 0.0000e+00
       2237    216.183     3.5527   3.175050    34.3963    27.3509 0.0000e+00
       2238    216.351     3.5496   3.174922    34.3979    27.3525 0.0000e+00
       2239    216.519     3.5458   3.174414    34.3957    27.3512 0.0000e+00
       2240    216.686     3.5362   3.173244    34.3917    27.3489 0.0000e+00
       2241    216.846     3.5221   3.171954    34.3911    27.3497 0.0000e+00
       2242    216.992     3.5103   3.171219    34.3946    27.3537 0.0000e+00
       2243    217.123     3.5040   3.170964    34.3981    27.3571 0.0000e+00
       2244    217.246     3.5026   3.171027    34.4003    27.3590 0.0000e+00
       2245    217.371     3.5042   3.171315    34.4020    27.3602 0.0000e+00
       2246    217.495     3.5063   3.171460    34.4015    27.3596 0.0000e+00
       2247    217.607     3.5062   3.171348    34.4002    27.3585 0.0000e+00
       2248    217.702     3.5055   3.171328    34.4006    27.3590 0.0000e+00
       2249    217.783     3.5065   3.171525    34.4019    27.3599 0.0000e+00
       2250    217.868     3.5088   3.171735    34.4019    27.3597 0.0000e+00
       2251    217.964     3.5112   3.171868    34.4009    27.3587 0.0000e+00
       2252    218.064     3.5125   3.171953    34.4005    27.3582 0.0000e+00
       2253    218.158     3.5131   3.172008    34.4005    27.3581 0.0000e+00
       2254    218.244     3.5141   3.172140    34.4010    27.3584 0.0000e+00
       2255    218.327     3.5157   3.172245    34.4005    27.3579 0.0000e+00
       2256    218.405     3.5157   3.172112    34.3989    27.3566 0.0000e+00
