Datasets/Multi_Species/TEL214/tel214_2020_033.cnv
* Sea-Bird SBE19plus Data File:
* Filename = C:/AQUIRE/tel214_2020_033.hex
* Software Version AquireV2 AF V2.0
* Temperature SN =  7853
* Conductivity SN =  7853
* System UpLoad Time = Nov 15 2020 19:15:47
* <ApplicationData>
* <AQUIREV2>
** VESSEL/TRIP/SEQ STN: tel214_2020_033
** LATITUDE: 52 58.89 N
** LONGITUDE: 51 57.42 W
** DATE/TIME: 2020-11-15 16:40
** SOUNDING DEPTH (M): 0603
** PROBE TYPE: S7853
** CTD NUMBER: 033
** COMMENTS: 
# nquan = 7                                 
# nvalues = 4553                        
# units = specified
# name 0 = scan: Scan Count
# name 1 = prdM: Pressure, Strain Gauge [db]
# name 2 = tv290C: Temperature [ITS-90, deg C]
# name 3 = c0S/m: Conductivity [S/m]
# name 4 = sal00: Salinity, Practical [PSU]
# name 5 = sigma-t00: Density [sigma-t, kg/m^3 ]
# name 6 = flag: flag
# span 0 =          1,       4553       
# span 1 =     -1.036,    613.601       
# span 2 =     1.5575,     3.9956       
# span 3 =  -0.000320,   3.256303       
# span 4 =    -0.0005,    34.8258       
# span 5 =    -0.0733,    27.6710       
# span 6 = 0.0000e+00, 0.0000e+00       
# interval = seconds: 1
# start_time = Nov 15 2020 16:40:30 [Instrument's time stamp, header]
# bad_flag = -9.990e-29
*END*
[from data line 1436]
       1437    446.490     3.9307   3.252941    34.8030    27.6367 0.0000e+00
       1438    446.629     3.9307   3.252950    34.8030    27.6367 0.0000e+00
       1439    446.760     3.9307   3.252958    34.8030    27.6367 0.0000e+00
       1440    446.891     3.9308   3.252965    34.8029    27.6366 0.0000e+00
       1441    447.035     3.9310   3.252970    34.8027    27.6364 0.0000e+00
       1442    447.190     3.9310   3.252976    34.8027    27.6364 0.0000e+00
       1443    447.339     3.9310   3.252985    34.8027    27.6364 0.0000e+00
       1444    447.475     3.9309   3.252991    34.8028    27.6365 0.0000e+00
       1445    447.610     3.9309   3.252998    34.8028    27.6365 0.0000e+00
       1446    447.761     3.9309   3.253007    34.8029    27.6366 0.0000e+00
       1447    447.926     3.9310   3.253023    34.8029    27.6366 0.0000e+00
       1448    448.091     3.9310   3.253052    34.8031    27.6368 0.0000e+00
       1449    448.242     3.9312   3.253084    34.8032    27.6368 0.0000e+00
       1450    448.381     3.9314   3.253101    34.8031    27.6367 0.0000e+00
       1451    448.526     3.9316   3.253104    34.8029    27.6365 0.0000e+00
       1452    448.688     3.9317   3.253108    34.8027    27.6364 0.0000e+00
       1453    448.862     3.9317   3.253121    34.8028    27.6364 0.0000e+00
       1454    449.031     3.9317   3.253140    34.8029    27.6365 0.0000e+00
       1455    449.183     3.9317   3.253147    34.8029    27.6365 0.0000e+00
       1456    449.326     3.9317   3.253147    34.8028    27.6365 0.0000e+00
       1457    449.481     3.9316   3.253147    34.8029    27.6365 0.0000e+00
       1458    449.654     3.9316   3.253146    34.8028    27.6364 0.0000e+00
       1459    449.829     3.9316   3.253144    34.8026    27.6363 0.0000e+00
       1460    449.992     3.9315   3.253143    34.8027    27.6363 0.0000e+00
       1461    450.151     3.9314   3.253149    34.8027    27.6364 0.0000e+00
       1462    450.318     3.9314   3.253160    34.8028    27.6365 0.0000e+00
       1463    450.495     3.9314   3.253176    34.8029    27.6365 0.0000e+00
       1464    450.673     3.9316   3.253202    34.8029    27.6365 0.0000e+00
       1465    450.845     3.9318   3.253230    34.8029    27.6365 0.0000e+00
       1466    451.014     3.9319   3.253250    34.8030    27.6365 0.0000e+00
       1467    451.180     3.9321   3.253263    34.8028    27.6364 0.0000e+00
       1468    451.339     3.9321   3.253267    34.8028    27.6364 0.0000e+00
       1469    451.491     3.9321   3.253258    34.8026    27.6362 0.0000e+00
       1470    451.645     3.9319   3.253243    34.8025    27.6362 0.0000e+00
       1471    451.811     3.9318   3.253235    34.8025    27.6362 0.0000e+00
       1472    451.982     3.9317   3.253241    34.8026    27.6362 0.0000e+00
       1473    452.142     3.9316   3.253257    34.8028    27.6364 0.0000e+00
       1474    452.289     3.9316   3.253276    34.8029    27.6365 0.0000e+00
       1475    452.436     3.9316   3.253287    34.8030    27.6366 0.0000e+00
       1476    452.597     3.9315   3.253286    34.8030    27.6366 0.0000e+00
       1477    452.771     3.9313   3.253273    34.8029    27.6366 0.0000e+00
       1478    452.943     3.9311   3.253253    34.8028    27.6365 0.0000e+00
       1479    453.106     3.9310   3.253242    34.8027    27.6364 0.0000e+00
       1480    453.262     3.9309   3.253242    34.8027    27.6365 0.0000e+00
       1481    453.415     3.9309   3.253251    34.8028    27.6365 0.0000e+00
       1482    453.566     3.9307   3.253263    34.8030    27.6367 0.0000e+00
       1483    453.711     3.9307   3.253271    34.8030    27.6367 0.0000e+00
       1484    453.852     3.9307   3.253276    34.8030    27.6367 0.0000e+00
       1485    453.989     3.9307   3.253281    34.8030    27.6367 0.0000e+00
       1486    454.121     3.9307   3.253293    34.8031    27.6368 0.0000e+00
       1487    454.251     3.9308   3.253302    34.8030    27.6367 0.0000e+00
       1488    454.381     3.9309   3.253308    34.8029    27.6366 0.0000e+00
       1489    454.516     3.9307   3.253311    34.8031    27.6368 0.0000e+00
       1490    454.658     3.9307   3.253311    34.8030    27.6367 0.0000e+00
       1491    454.795     3.9307   3.253310    34.8029    27.6366 0.0000e+00
       1492    454.922     3.9307   3.253317    34.8030    27.6367 0.0000e+00
       1493    455.041     3.9307   3.253326    34.8030    27.6367 0.0000e+00
       1494    455.158     3.9307   3.253330    34.8030    27.6367 0.0000e+00
       1495    455.279     3.9307   3.253336    34.8030    27.6367 0.0000e+00
       1496    455.406     3.9307   3.253346    34.8030    27.6367 0.0000e+00
       1497    455.532     3.9307   3.253352    34.8030    27.6367 0.0000e+00
       1498    455.651     3.9307   3.253354    34.8030    27.6367 0.0000e+00
       1499    455.770     3.9307   3.253353    34.8029    27.6366 0.0000e+00
       1500    455.892     3.9307   3.253353    34.8029    27.6366 0.0000e+00
       1501    456.008     3.9307   3.253356    34.8028    27.6366 0.0000e+00
       1502    456.119     3.9307   3.253365    34.8029    27.6366 0.0000e+00
       1503    456.228     3.9307   3.253373    34.8029    27.6366 0.0000e+00
       1504    456.333     3.9307   3.253379    34.8029    27.6366 0.0000e+00
       1505    456.434     3.9307   3.253387    34.8030    27.6367 0.0000e+00
       1506    456.540     3.9307   3.253394    34.8030    27.6367 0.0000e+00
       1507    456.654     3.9307   3.253394    34.8029    27.6367 0.0000e+00
       1508    456.766     3.9306   3.253385    34.8029    27.6366 0.0000e+00
       1509    456.862     3.9304   3.253376    34.8029    27.6367 0.0000e+00
       1510    456.955     3.9303   3.253378    34.8030    27.6368 0.0000e+00
       1511    457.065     3.9303   3.253381    34.8030    27.6367 0.0000e+00
       1512    457.195     3.9303   3.253381    34.8029    27.6367 0.0000e+00
       1513    457.330     3.9303   3.253379    34.8028    27.6366 0.0000e+00
       1514    457.448     3.9301   3.253373    34.8029    27.6367 0.0000e+00
       1515    457.550     3.9299   3.253369    34.8030    27.6368 0.0000e+00
       1516    457.652     3.9298   3.253377    34.8032    27.6369 0.0000e+00
       1517    457.767     3.9299   3.253392    34.8032    27.6369 0.0000e+00
       1518    457.900     3.9299   3.253404    34.8032    27.6370 0.0000e+00
       1519    458.048     3.9301   3.253408    34.8030    27.6368 0.0000e+00
       1520    458.193     3.9301   3.253405    34.8029    27.6367 0.0000e+00
       1521    458.328     3.9299   3.253405    34.8030    27.6368 0.0000e+00
       1522    458.460     3.9299   3.253411    34.8030    27.6368 0.0000e+00
       1523    458.593     3.9299   3.253418    34.8030    27.6368 0.0000e+00
       1524    458.723     3.9298   3.253424    34.8032    27.6369 0.0000e+00
       1525    458.841     3.9298   3.253430    34.8032    27.6369 0.0000e+00
       1526    458.947     3.9297   3.253428    34.8032    27.6370 0.0000e+00
       1527    459.054     3.9296   3.253423    34.8032    27.6370 0.0000e+00
       1528    459.169     3.9297   3.253429    34.8031    27.6369 0.0000e+00
       1529    459.284     3.9298   3.253439    34.8030    27.6368 0.0000e+00
       1530    459.392     3.9299   3.253451    34.8030    27.6368 0.0000e+00
       1531    459.498     3.9299   3.253470    34.8032    27.6369 0.0000e+00
       1532    459.610     3.9301   3.253489    34.8031    27.6369 0.0000e+00
       1533    459.730     3.9303   3.253500    34.8030    27.6367 0.0000e+00
       1534    459.850     3.9303   3.253503    34.8030    27.6367 0.0000e+00
       1535    459.959     3.9303   3.253502    34.8029    27.6367 0.0000e+00
       1536    460.054     3.9302   3.253505    34.8030    27.6367 0.0000e+00
       1537    460.142     3.9301   3.253511    34.8031    27.6369 0.0000e+00
       1538    460.244     3.9301   3.253509    34.8030    27.6368 0.0000e+00
       1539    460.373     3.9300   3.253502    34.8030    27.6368 0.0000e+00
       1540    460.520     3.9299   3.253500    34.8030    27.6368 0.0000e+00
       1541    460.660     3.9299   3.253506    34.8030    27.6368 0.0000e+00
       1542    460.779     3.9299   3.253513    34.8030    27.6368 0.0000e+00
       1543    460.887     3.9299   3.253527    34.8031    27.6369 0.0000e+00
       1544    460.999     3.9299   3.253549    34.8033    27.6370 0.0000e+00
       1545    461.124     3.9301   3.253563    34.8032    27.6369 0.0000e+00
       1546    461.263     3.9301   3.253562    34.8031    27.6369 0.0000e+00
       1547    461.412     3.9301   3.253572    34.8032    27.6369 0.0000e+00
       1548    461.560     3.9302   3.253599    34.8033    27.6370 0.0000e+00
       1549    461.693     3.9303   3.253620    34.8034    27.6370 0.0000e+00
       1550    461.813     3.9305   3.253633    34.8033    27.6369 0.0000e+00
       1551    461.933     3.9307   3.253649    34.8032    27.6368 0.0000e+00
       1552    462.056     3.9309   3.253665    34.8031    27.6367 0.0000e+00
       1553    462.176     3.9310   3.253676    34.8030    27.6367 0.0000e+00
       1554    462.286     3.9310   3.253673    34.8029    27.6366 0.0000e+00
       1555    462.389     3.9307   3.253655    34.8030    27.6367 0.0000e+00
       1556    462.492     3.9304   3.253629    34.8030    27.6367 0.0000e+00
       1557    462.600     3.9300   3.253599    34.8030    27.6367 0.0000e+00
       1558    462.708     3.9295   3.253571    34.8031    27.6369 0.0000e+00
       1559    462.811     3.9292   3.253547    34.8031    27.6369 0.0000e+00
       1560    462.914     3.9290   3.253531    34.8030    27.6369 0.0000e+00
       1561    463.019     3.9288   3.253528    34.8032    27.6370 0.0000e+00
       1562    463.118     3.9288   3.253534    34.8032    27.6370 0.0000e+00
       1563    463.205     3.9287   3.253538    34.8033    27.6371 0.0000e+00
       1564    463.283     3.9285   3.253540    34.8035    27.6373 0.0000e+00
       1565    463.359     3.9284   3.253538    34.8035    27.6374 0.0000e+00
       1566    463.442     3.9283   3.253530    34.8035    27.6373 0.0000e+00
       1567    463.534     3.9281   3.253519    34.8035    27.6374 0.0000e+00
       1568    463.627     3.9280   3.253514    34.8035    27.6374 0.0000e+00
       1569    463.715     3.9279   3.253512    34.8036    27.6374 0.0000e+00
       1570    463.804     3.9278   3.253508    34.8036    27.6375 0.0000e+00
       1571    463.897     3.9277   3.253507    34.8036    27.6375 0.0000e+00
       1572    463.989     3.9276   3.253511    34.8037    27.6376 0.0000e+00
       1573    464.080     3.9276   3.253510    34.8037    27.6375 0.0000e+00
       1574    464.177     3.9274   3.253508    34.8038    27.6377 0.0000e+00
       1575    464.278     3.9273   3.253513    34.8039    27.6378 0.0000e+00
       1576    464.372     3.9273   3.253521    34.8040    27.6378 0.0000e+00
       1577    464.450     3.9273   3.253521    34.8039    27.6378 0.0000e+00
       1578    464.520     3.9273   3.253523    34.8039    27.6378 0.0000e+00
       1579    464.600     3.9273   3.253531    34.8040    27.6378 0.0000e+00
       1580    464.696     3.9274   3.253537    34.8039    27.6377 0.0000e+00
       1581    464.794     3.9276   3.253538    34.8036    27.6375 0.0000e+00
       1582    464.881     3.9276   3.253540    34.8036    27.6375 0.0000e+00
       1583    464.959     3.9275   3.253538    34.8036    27.6375 0.0000e+00
       1584    465.044     3.9273   3.253537    34.8038    27.6377 0.0000e+00
       1585    465.141     3.9272   3.253537    34.8038    27.6377 0.0000e+00
       1586    465.242     3.9272   3.253542    34.8038    27.6377 0.0000e+00
       1587    465.336     3.9270   3.253543    34.8040    27.6379 0.0000e+00
       1588    465.423     3.9270   3.253547    34.8040    27.6379 0.0000e+00
       1589    465.510     3.9272   3.253550    34.8038    27.6377 0.0000e+00
       1590    465.601     3.9271   3.253546    34.8038    27.6377 0.0000e+00
       1591    465.693     3.9269   3.253547    34.8040    27.6379 0.0000e+00
       1592    465.779     3.9269   3.253549    34.8040    27.6379 0.0000e+00
       1593    465.861     3.9268   3.253536    34.8039    27.6378 0.0000e+00
       1594    465.947     3.9265   3.253518    34.8039    27.6379 0.0000e+00
       1595    466.035     3.9262   3.253480    34.8037    27.6378 0.0000e+00
       1596    466.119     3.9261   3.253459    34.8036    27.6376 0.0000e+00
       1597    466.197     3.9262   3.253503    34.8039    27.6379 0.0000e+00
       1598    466.276     3.9263   3.253533    34.8041    27.6381 0.0000e+00
       1599    466.360     3.9263   3.253532    34.8041    27.6380 0.0000e+00
       1600    466.447     3.9263   3.253534    34.8041    27.6380 0.0000e+00
       1601    466.535     3.9263   3.253538    34.8041    27.6380 0.0000e+00
       1602    466.626     3.9261   3.253541    34.8043    27.6382 0.0000e+00
       1603    466.720     3.9261   3.253544    34.8043    27.6382 0.0000e+00
       1604    466.810     3.9261   3.253546    34.8042    27.6382 0.0000e+00
       1605    466.891     3.9261   3.253546    34.8042    27.6381 0.0000e+00
       1606    466.971     3.9260   3.253549    34.8043    27.6382 0.0000e+00
       1607    467.061     3.9259   3.253552    34.8044    27.6383 0.0000e+00
       1608    467.160     3.9259   3.253557    34.8044    27.6383 0.0000e+00
       1609    467.259     3.9258   3.253560    34.8045    27.6384 0.0000e+00
       1610    467.355     3.9257   3.253563    34.8046    27.6385 0.0000e+00
       1611    467.450     3.9259   3.253563    34.8043    27.6382 0.0000e+00
       1612    467.544     3.9259   3.253561    34.8042    27.6382 0.0000e+00
       1613    467.638     3.9259   3.253559    34.8042    27.6381 0.0000e+00
       1614    467.736     3.9257   3.253557    34.8043    27.6382 0.0000e+00
       1615    467.838     3.9255   3.253557    34.8044    27.6384 0.0000e+00
       1616    467.934     3.9253   3.253560    34.8046    27.6386 0.0000e+00
       1617    468.018     3.9253   3.253557    34.8046    27.6385 0.0000e+00
       1618    468.100     3.9251   3.253551    34.8047    27.6386 0.0000e+00
       1619    468.190     3.9250   3.253549    34.8047    27.6386 0.0000e+00
       1620    468.288     3.9249   3.253549    34.8047    27.6387 0.0000e+00
       1621    468.387     3.9249   3.253551    34.8047    27.6387 0.0000e+00
       1622    468.477     3.9249   3.253548    34.8046    27.6386 0.0000e+00
       1623    468.559     3.9248   3.253538    34.8046    27.6386 0.0000e+00
       1624    468.641     3.9245   3.253522    34.8047    27.6387 0.0000e+00
       1625    468.728     3.9242   3.253509    34.8048    27.6388 0.0000e+00
       1626    468.818     3.9240   3.253503    34.8049    27.6389 0.0000e+00
       1627    468.907     3.9237   3.253498    34.8051    27.6391 0.0000e+00
       1628    468.996     3.9234   3.253488    34.8052    27.6392 0.0000e+00
       1629    469.085     3.9232   3.253485    34.8054    27.6394 0.0000e+00
       1630    469.173     3.9231   3.253491    34.8055    27.6395 0.0000e+00
       1631    469.265     3.9232   3.253499    34.8054    27.6394 0.0000e+00
       1632    469.359     3.9234   3.253508    34.8053    27.6393 0.0000e+00
       1633    469.446     3.9234   3.253515    34.8053    27.6393 0.0000e+00
       1634    469.527     3.9233   3.253510    34.8053    27.6393 0.0000e+00
       1635    469.613     3.9231   3.253495    34.8053    27.6393 0.0000e+00
       1636    469.706     3.9230   3.253492    34.8053    27.6394 0.0000e+00
       1637    469.803     3.9229   3.253496    34.8054    27.6394 0.0000e+00
       1638    469.900     3.9227   3.253495    34.8056    27.6396 0.0000e+00
       1639    469.998     3.9227   3.253492    34.8055    27.6395 0.0000e+00
       1640    470.097     3.9226   3.253491    34.8055    27.6396 0.0000e+00
       1641    470.190     3.9225   3.253491    34.8056    27.6396 0.0000e+00
