Datasets/Multi_Species/TEL214/tel214_2020_002.cnv
* Sea-Bird SBE19plus Data File:
* Filename = C:/AQUIRE/tel214_2020_002.hex
* Software Version AquireV2 AF V2.0
* Temperature SN =  7853
* Conductivity SN =  7853
* System UpLoad Time = Nov 06 2020 14:15:41
* <ApplicationData>
* <AQUIREV2>
** VESSEL/TRIP/SEQ STN: tel214_2020_002
** LATITUDE: 52 44.30 N
** LONGITUDE: 52 37.60 W
** DATE/TIME: 2020-11-06 13:21
** SOUNDING DEPTH (M): 0238
** PROBE TYPE: S7853
** CTD NUMBER:   2
** COMMENTS: SET 2
# nquan = 7                                 
# nvalues = 3064                        
# units = specified
# name 0 = scan: Scan Count
# name 1 = prdM: Pressure, Strain Gauge [db]
# name 2 = tv290C: Temperature [ITS-90, deg C]
# name 3 = c0S/m: Conductivity [S/m]
# name 4 = sal00: Salinity, Practical [PSU]
# name 5 = sigma-t00: Density [sigma-t, kg/m^3 ]
# name 6 = flag: flag
# span 0 =          1,       3064       
# span 1 =     -1.062,    233.954       
# span 2 =     0.7081,     3.1206       
# span 3 =   0.000086,   3.048322       
# span 4 =    -0.0003,    34.1746       
# span 5 =    -0.0765,    27.2903       
# span 6 = 0.0000e+00, 0.0000e+00       
# interval = seconds: 1
# start_time = Nov 06 2020 13:21:37 [Instrument's time stamp, header]
# bad_flag = -9.990e-29
*END*
[from data line 821]
        822    191.991     1.5066   2.955274    33.8823    27.1126 0.0000e+00
        823    192.199     1.5118   2.955686    33.8818    27.1118 0.0000e+00
        824    192.434     1.5159   2.956155    33.8832    27.1127 0.0000e+00
        825    192.718     1.5204   2.956763    33.8859    27.1145 0.0000e+00
        826    193.039     1.5257   2.957408    33.8882    27.1159 0.0000e+00
        827    193.376     1.5312   2.958006    33.8896    27.1167 0.0000e+00
        828    193.713     1.5365   2.958591    33.8911    27.1176 0.0000e+00
        829    194.040     1.5415   2.959116    33.8922    27.1181 0.0000e+00
        830    194.360     1.5457   2.959515    33.8925    27.1180 0.0000e+00
        831    194.687     1.5489   2.959821    33.8928    27.1180 0.0000e+00
        832    195.037     1.5515   2.960056    33.8927    27.1178 0.0000e+00
        833    195.418     1.5539   2.960355    33.8937    27.1184 0.0000e+00
        834    195.823     1.5575   2.960924    33.8968    27.1206 0.0000e+00
        835    196.232     1.5630   2.961768    33.9013    27.1239 0.0000e+00
        836    196.619     1.5699   2.962613    33.9044    27.1258 0.0000e+00
        837    196.985     1.5760   2.963192    33.9049    27.1258 0.0000e+00
        838    197.363     1.5804   2.963611    33.9053    27.1258 0.0000e+00
        839    197.783     1.5843   2.964110    33.9071    27.1270 0.0000e+00
        840    198.232     1.5886   2.964672    33.9094    27.1285 0.0000e+00
        841    198.680     1.5935   2.965241    33.9110    27.1295 0.0000e+00
        842    199.113     1.5989   2.965886    33.9131    27.1308 0.0000e+00
        843    199.535     1.6044   2.966511    33.9149    27.1318 0.0000e+00
        844    199.958     1.6092   2.966954    33.9151    27.1316 0.0000e+00
        845    200.396     1.6129   2.967296    33.9151    27.1314 0.0000e+00
        846    200.859     1.6161   2.967668    33.9161    27.1319 0.0000e+00
        847    201.349     1.6197   2.968176    33.9184    27.1335 0.0000e+00
        848    201.849     1.6256   2.969215    33.9249    27.1383 0.0000e+00
        849    202.336     1.6385   2.971509    33.9397    27.1492 0.0000e+00
        850    202.805     1.6611   2.975003    33.9592    27.1632 0.0000e+00
        851    203.274     1.6901   2.978453    33.9712    27.1708 0.0000e+00
        852    203.766     1.7193   2.981536    33.9784    27.1743 0.0000e+00
        853    204.285     1.7492   2.985162    33.9916    27.1827 0.0000e+00
        854    204.818     1.7824   2.989091    34.0050    27.1910 0.0000e+00
        855    205.346     1.8156   2.992457    34.0113    27.1936 0.0000e+00
        856    205.862     1.8437   2.995178    34.0149    27.1944 0.0000e+00
        857    206.361     1.8666   2.997210    34.0156    27.1932 0.0000e+00
        858    206.841     1.8837   2.998391    34.0117    27.1888 0.0000e+00
        859    207.322     1.8934   2.999041    34.0092    27.1860 0.0000e+00
        860    207.838     1.8988   2.999777    34.0123    27.1881 0.0000e+00
        861    208.403     1.9060   3.000882    34.0181    27.1922 0.0000e+00
        862    208.988     1.9172   3.002306    34.0236    27.1958 0.0000e+00
        863    209.549     1.9308   3.003819    34.0276    27.1980 0.0000e+00
        864    210.070     1.9434   3.005118    34.0301    27.1989 0.0000e+00
        865    210.568     1.9533   3.006022    34.0305    27.1985 0.0000e+00
        866    211.070     1.9605   3.006652    34.0304    27.1979 0.0000e+00
        867    211.584     1.9663   3.007228    34.0311    27.1980 0.0000e+00
        868    212.099     1.9714   3.007809    34.0326    27.1988 0.0000e+00
        869    212.608     1.9766   3.008406    34.0342    27.1997 0.0000e+00
        870    213.111     1.9819   3.009040    34.0361    27.2008 0.0000e+00
        871    213.609     1.9875   3.009749    34.0387    27.2025 0.0000e+00
        872    214.105     1.9935   3.010437    34.0406    27.2035 0.0000e+00
        873    214.604     1.9989   3.010981    34.0413    27.2037 0.0000e+00
        874    215.093     2.0034   3.011593    34.0439    27.2054 0.0000e+00
        875    215.546     2.0079   3.012360    34.0484    27.2086 0.0000e+00
        876    215.936     2.0126   3.012807    34.0487    27.2085 0.0000e+00
        877    216.273     2.0153   3.012804    34.0456    27.2058 0.0000e+00
        878    216.598     2.0154   3.012838    34.0457    27.2059 0.0000e+00
        879    216.945     2.0141   3.013049    34.0496    27.2091 0.0000e+00
        880    217.329     2.0130   3.013505    34.0562    27.2145 0.0000e+00
        881    217.732     2.0156   3.014427    34.0647    27.2211 0.0000e+00
        882    218.106     2.0240   3.015423    34.0679    27.2231 0.0000e+00
        883    218.424     2.0326   3.015772    34.0629    27.2183 0.0000e+00
        884    218.725     2.0347   3.015741    34.0601    27.2159 0.0000e+00
        885    219.077     2.0324   3.016078    34.0666    27.2213 0.0000e+00
        886    219.490     2.0332   3.016882    34.0755    27.2284 0.0000e+00
        887    219.899     2.0415   3.018165    34.0824    27.2333 0.0000e+00
        888    220.206     2.0554   3.019525    34.0843    27.2337 0.0000e+00
        889    220.362     2.0678   3.020068    34.0777    27.2274 0.0000e+00
        890    220.424     2.0747   3.019516    34.0634    27.2154 0.0000e+00
        891    220.539     2.0769   3.018831    34.0524    27.2065 0.0000e+00
        892    220.819     2.0755   3.018831    34.0537    27.2076 0.0000e+00
        893    221.222     2.0719   3.019522    34.0660    27.2177 0.0000e+00
        894    221.605     2.0721   3.020782    34.0813    27.2300 0.0000e+00
        895    221.862     2.0788   3.021824    34.0870    27.2340 0.0000e+00
        896    221.993     2.0858   3.021738    34.0783    27.2265 0.0000e+00
        897    222.109     2.0894   3.021037    34.0656    27.2161 0.0000e+00
        898    222.333     2.0896   3.020806    34.0624    27.2135 0.0000e+00
        899    222.669     2.0869   3.020994    34.0675    27.2177 0.0000e+00
        900    223.030     2.0852   3.021558    34.0761    27.2248 0.0000e+00
        901    223.367     2.0873   3.022414    34.0844    27.2312 0.0000e+00
        902    223.680     2.0908   3.023037    34.0882    27.2340 0.0000e+00
        903    223.973     2.0943   3.023601    34.0913    27.2363 0.0000e+00
        904    224.240     2.0989   3.024271    34.0946    27.2385 0.0000e+00
        905    224.467     2.1048   3.024875    34.0957    27.2389 0.0000e+00
        906    224.640     2.1096   3.024784    34.0893    27.2334 0.0000e+00
        907    224.787     2.1115   3.023852    34.0755    27.2223 0.0000e+00
        908    224.976     2.1103   3.023367    34.0707    27.2185 0.0000e+00
        909    225.234     2.1073   3.024006    34.0817    27.2275 0.0000e+00
        910    225.528     2.1064   3.025193    34.0973    27.2401 0.0000e+00
        911    225.816     2.1123   3.026582    34.1081    27.2483 0.0000e+00
        912    226.059     2.1267   3.028813    34.1204    27.2570 0.0000e+00
        913    226.224     2.1487   3.032214    34.1390    27.2702 0.0000e+00
        914    226.294     2.1714   3.034809    34.1470    27.2747 0.0000e+00
        915    226.296     2.1881   3.034912    34.1303    27.2600 0.0000e+00
        916    226.333     2.1984   3.034261    34.1111    27.2439 0.0000e+00
        917    226.496     2.2023   3.034751    34.1130    27.2450 0.0000e+00
        918    226.740     2.2026   3.036048    34.1286    27.2575 0.0000e+00
        919    226.970     2.2067   3.037462    34.1417    27.2677 0.0000e+00
        920    227.152     2.2144   3.038255    34.1432    27.2683 0.0000e+00
        921    227.294     2.2172   3.038205    34.1395    27.2651 0.0000e+00
        922    227.424     2.2144   3.038592    34.1473    27.2715 0.0000e+00
        923    227.561     2.2164   3.040129    34.1641    27.2849 0.0000e+00
        924    227.694     2.2290   3.041742    34.1706    27.2890 0.0000e+00
        925    227.809     2.2416   3.041986    34.1601    27.2795 0.0000e+00
        926    227.924     2.2447   3.041703    34.1532    27.2738 0.0000e+00
        927    228.059     2.2458   3.042740    34.1648    27.2830 0.0000e+00
        928    228.199     2.2531   3.044167    34.1746    27.2903 0.0000e+00
        929    228.304     2.2629   3.044812    34.1721    27.2874 0.0000e+00
        930    228.346     2.2684   3.044484    34.1621    27.2790 0.0000e+00
        931    228.342     2.2693   3.043267    34.1460    27.2660 0.0000e+00
        932    228.362     2.2681   3.042580    34.1387    27.2603 0.0000e+00
        933    228.446     2.2672   3.043339    34.1491    27.2687 0.0000e+00
        934    228.543     2.2700   3.044830    34.1645    27.2808 0.0000e+00
        935    228.582     2.2764   3.045922    34.1712    27.2856 0.0000e+00
        936    228.539     2.2818   3.045811    34.1641    27.2795 0.0000e+00
        937    228.472     2.2842   3.045085    34.1525    27.2700 0.0000e+00
        938    228.473     2.2833   3.045007    34.1525    27.2701 0.0000e+00
        939    228.547     2.2811   3.045572    34.1618    27.2778 0.0000e+00
        940    228.611     2.2808   3.046120    34.1689    27.2835 0.0000e+00
        941    228.612     2.2823   3.046046    34.1664    27.2813 0.0000e+00
        942    228.589     2.2832   3.045454    34.1581    27.2746 0.0000e+00
        943    228.611     2.2827   3.045251    34.1561    27.2730 0.0000e+00
        944    228.685     2.2818   3.045707    34.1627    27.2784 0.0000e+00
        945    228.749     2.2817   3.046282    34.1699    27.2842 0.0000e+00
        946    228.767     2.2815   3.046482    34.1726    27.2863 0.0000e+00
        947    228.761     2.2804   3.046212    34.1704    27.2847 0.0000e+00
        948    228.769     2.2797   3.046020    34.1688    27.2834 0.0000e+00
        949    228.804     2.2815   3.046401    34.1716    27.2855 0.0000e+00
        950    228.836     2.2854   3.046823    34.1726    27.2860 0.0000e+00
        951    228.840     2.2881   3.046644    34.1675    27.2817 0.0000e+00
        952    228.843     2.2881   3.046102    34.1607    27.2763 0.0000e+00
        953    228.882     2.2862   3.045941    34.1608    27.2765 0.0000e+00
        954    228.947     2.2850   3.046366    34.1673    27.2818 0.0000e+00
        955    228.990     2.2864   3.046821    34.1714    27.2850 0.0000e+00
        956    228.987     2.2885   3.046814    34.1691    27.2830 0.0000e+00
        957    228.962     2.2883   3.046444    34.1647    27.2795 0.0000e+00
        958    228.961     2.2864   3.046333    34.1654    27.2802 0.0000e+00
        959    228.996     2.2858   3.046635    34.1697    27.2837 0.0000e+00
        960    229.033     2.2875   3.046909    34.1713    27.2848 0.0000e+00
        961    229.040     2.2896   3.047007    34.1703    27.2838 0.0000e+00
        962    229.011     2.2900   3.046992    34.1697    27.2833 0.0000e+00
        963    228.972     2.2889   3.046905    34.1698    27.2835 0.0000e+00
        964    228.953     2.2877   3.046878    34.1707    27.2844 0.0000e+00
        965    228.959     2.2873   3.046942    34.1720    27.2854 0.0000e+00
        966    228.978     2.2872   3.046984    34.1726    27.2859 0.0000e+00
        967    229.001     2.2875   3.047018    34.1727    27.2859 0.0000e+00
        968    229.018     2.2886   3.047109    34.1726    27.2858 0.0000e+00
        969    229.029     2.2900   3.047175    34.1719    27.2851 0.0000e+00
        970    229.035     2.2904   3.047170    34.1714    27.2847 0.0000e+00
        971    229.043     2.2900   3.047201    34.1722    27.2854 0.0000e+00
        972    229.059     2.2905   3.047310    34.1730    27.2860 0.0000e+00
        973    229.078     2.2923   3.047388    34.1721    27.2850 0.0000e+00
        974    229.083     2.2942   3.047394    34.1701    27.2833 0.0000e+00
        975    229.057     2.2949   3.047291    34.1681    27.2816 0.0000e+00
        976    229.004     2.2950   3.047081    34.1654    27.2795 0.0000e+00
        977    228.968     2.2949   3.046961    34.1641    27.2784 0.0000e+00
        978    228.986     2.2944   3.047023    34.1653    27.2795 0.0000e+00
        979    229.036     2.2938   3.047175    34.1678    27.2815 0.0000e+00
        980    229.066     2.2937   3.047274    34.1692    27.2826 0.0000e+00
        981    229.064     2.2935   3.047215    34.1687    27.2822 0.0000e+00
        982    229.061     2.2931   3.047180    34.1686    27.2822 0.0000e+00
        983    229.079     2.2935   3.047357    34.1704    27.2836 0.0000e+00
        984    229.096     2.2951   3.047558    34.1712    27.2841 0.0000e+00
        985    229.087     2.2961   3.047590    34.1705    27.2835 0.0000e+00
        986    229.066     2.2959   3.047506    34.1697    27.2828 0.0000e+00
        987    229.065     2.2955   3.047481    34.1698    27.2830 0.0000e+00
        988    229.098     2.2959   3.047633    34.1712    27.2841 0.0000e+00
        989    229.146     2.2973   3.047812    34.1719    27.2845 0.0000e+00
        990    229.178     2.2986   3.047856    34.1711    27.2837 0.0000e+00
        991    229.176     2.2992   3.047764    34.1693    27.2823 0.0000e+00
        992    229.136     2.2988   3.047623    34.1680    27.2812 0.0000e+00
        993    229.086     2.2980   3.047497    34.1673    27.2808 0.0000e+00
        994    229.074     2.2974   3.047434    34.1672    27.2807 0.0000e+00
        995    229.119     2.2969   3.047487    34.1684    27.2817 0.0000e+00
        996    229.189     2.2972   3.047601    34.1694    27.2825 0.0000e+00
        997    229.235     2.2979   3.047683    34.1696    27.2826 0.0000e+00
        998    229.233     2.2985   3.047713    34.1694    27.2824 0.0000e+00
        999    229.187     2.2986   3.047688    34.1690    27.2821 0.0000e+00
       1000    229.138     2.2980   3.047620    34.1688    27.2820 0.0000e+00
       1001    229.133     2.2976   3.047614    34.1692    27.2823 0.0000e+00
       1002    229.182     2.2978   3.047743    34.1705    27.2834 0.0000e+00
       1003    229.249     2.2990   3.047899    34.1711    27.2837 0.0000e+00
       1004    229.291     2.3001   3.047945    34.1705    27.2832 0.0000e+00
       1005    229.278     2.3004   3.047879    34.1694    27.2822 0.0000e+00
       1006    229.196     2.3003   3.047777    34.1683    27.2813 0.0000e+00
       1007    229.088     2.3001   3.047726    34.1679    27.2811 0.0000e+00
       1008    229.043     2.2995   3.047718    34.1685    27.2816 0.0000e+00
       1009    229.095     2.2989   3.047713    34.1690    27.2821 0.0000e+00
       1010    229.192     2.2988   3.047725    34.1692    27.2822 0.0000e+00
       1011    229.278     2.2989   3.047740    34.1693    27.2823 0.0000e+00
       1012    229.324     2.2989   3.047710    34.1689    27.2819 0.0000e+00
       1013    229.317     2.2988   3.047681    34.1686    27.2817 0.0000e+00
       1014    229.264     2.2988   3.047681    34.1686    27.2818 0.0000e+00
       1015    229.197     2.2988   3.047653    34.1683    27.2815 0.0000e+00
       1016    229.164     2.2988   3.047612    34.1678    27.2811 0.0000e+00
       1017    229.197     2.2987   3.047625    34.1681    27.2813 0.0000e+00
       1018    229.271     2.2987   3.047676    34.1687    27.2818 0.0000e+00
       1019    229.332     2.2988   3.047718    34.1691    27.2821 0.0000e+00
       1020    229.348     2.2990   3.047720    34.1689    27.2819 0.0000e+00
       1021    229.335     2.2988   3.047689    34.1687    27.2818 0.0000e+00
       1022    229.332     2.2985   3.047674    34.1688    27.2819 0.0000e+00
       1023    229.362     2.2984   3.047694    34.1692    27.2822 0.0000e+00
       1024    229.418     2.2986   3.047737    34.1695    27.2824 0.0000e+00
       1025    229.477     2.2991   3.047778    34.1694    27.2824 0.0000e+00
