Datasets/Multi_Species/TEL214/tel214_2020_005.cnv
* Sea-Bird SBE19plus Data File:
* Filename = C:/AQUIRE/tel214_2020_005.hex
* Software Version AquireV2 AF V2.0
* Temperature SN =  7853
* Conductivity SN =  7853
* System UpLoad Time = Nov 07 2020 00:35:58
* <ApplicationData>
* <AQUIREV2>
** VESSEL/TRIP/SEQ STN: tel214_2020_005
** LATITUDE: 53 16.25 N
** LONGITUDE: 05 14.95 W
** DATE/TIME: 2020-11-06 23:34
** SOUNDING DEPTH (M): 0510
** PROBE TYPE: S7853
** CTD NUMBER: 005
** COMMENTS: 
# nquan = 7                                 
# nvalues = 3522                        
# units = specified
# name 0 = scan: Scan Count
# name 1 = prdM: Pressure, Strain Gauge [db]
# name 2 = tv290C: Temperature [ITS-90, deg C]
# name 3 = c0S/m: Conductivity [S/m]
# name 4 = sal00: Salinity, Practical [PSU]
# name 5 = sigma-t00: Density [sigma-t, kg/m^3 ]
# name 6 = flag: flag
# span 0 =          1,       3522       
# span 1 =     -1.066,    509.700       
# span 2 =     1.0505,     3.9307       
# span 3 =   0.000086,   3.251026       
# span 4 =    -0.0006,    34.8200       
# span 5 =    -0.0920,    27.6764       
# span 6 = 0.0000e+00, 0.0000e+00       
# interval = seconds: 1
# start_time = Nov 06 2020 23:34:35 [Instrument's time stamp, header]
# bad_flag = -9.990e-29
*END*
[from data line 1231]
       1232    454.677     3.8844   3.246245    34.7681    27.6137 0.0000e+00
       1233    455.133     3.8841   3.246248    34.7682    27.6138 0.0000e+00
       1234    455.621     3.8828   3.246186    34.7686    27.6142 0.0000e+00
       1235    456.121     3.8815   3.246136    34.7691    27.6148 0.0000e+00
       1236    456.607     3.8815   3.246207    34.7697    27.6153 0.0000e+00
       1237    457.071     3.8822   3.246296    34.7697    27.6152 0.0000e+00
       1238    457.522     3.8829   3.246345    34.7693    27.6148 0.0000e+00
       1239    457.976     3.8831   3.246388    34.7694    27.6149 0.0000e+00
       1240    458.442     3.8826   3.246431    34.7702    27.6156 0.0000e+00
       1241    458.919     3.8819   3.246489    34.7714    27.6166 0.0000e+00
       1242    459.399     3.8817   3.246550    34.7721    27.6171 0.0000e+00
       1243    459.879     3.8826   3.246535    34.7707    27.6159 0.0000e+00
       1244    460.360     3.8840   3.246448    34.7679    27.6136 0.0000e+00
       1245    460.841     3.8846   3.246437    34.7669    27.6127 0.0000e+00
       1246    461.318     3.8841   3.246534    34.7683    27.6139 0.0000e+00
       1247    461.788     3.8833   3.246582    34.7695    27.6149 0.0000e+00
       1248    462.250     3.8833   3.246531    34.7686    27.6142 0.0000e+00
       1249    462.714     3.8833   3.246485    34.7678    27.6136 0.0000e+00
       1250    463.193     3.8804   3.246381    34.7694    27.6152 0.0000e+00
       1251    463.691     3.8737   3.246106    34.7730    27.6187 0.0000e+00
       1252    464.194     3.8684   3.245949    34.7764    27.6220 0.0000e+00
       1253    464.685     3.8686   3.246015    34.7768    27.6222 0.0000e+00
       1254    465.159     3.8712   3.245919    34.7726    27.6186 0.0000e+00
       1255    465.622     3.8718   3.245629    34.7683    27.6151 0.0000e+00
       1256    466.087     3.8698   3.245337    34.7667    27.6141 0.0000e+00
       1257    466.563     3.8670   3.245125    34.7669    27.6145 0.0000e+00
       1258    467.053     3.8636   3.245174    34.7708    27.6180 0.0000e+00
       1259    467.554     3.8567   3.245290    34.7792    27.6254 0.0000e+00
       1260    468.060     3.8476   3.245136    34.7868    27.6323 0.0000e+00
       1261    468.558     3.8442   3.244698    34.7849    27.6312 0.0000e+00
       1262    469.040     3.8454   3.243914    34.7740    27.6224 0.0000e+00
       1263    469.513     3.8426   3.243049    34.7664    27.6167 0.0000e+00
       1264    470.001     3.8335   3.242737    34.7721    27.6221 0.0000e+00
       1265    470.528     3.8164   3.242314    34.7849    27.6341 0.0000e+00
       1266    471.092     3.7939   3.241065    34.7936    27.6433 0.0000e+00
       1267    471.653     3.7806   3.240479    34.8005    27.6501 0.0000e+00
       1268    472.167     3.7836   3.240702    34.7997    27.6491 0.0000e+00
       1269    472.632     3.7912   3.240306    34.7866    27.6380 0.0000e+00
       1270    473.088     3.7940   3.239820    34.7776    27.6305 0.0000e+00
       1271    473.579     3.7904   3.240017    34.7835    27.6356 0.0000e+00
       1272    474.119     3.7752   3.240056    34.7998    27.6501 0.0000e+00
       1273    474.683     3.7557   3.239485    34.8134    27.6629 0.0000e+00
       1274    475.227     3.7489   3.238535    34.8090    27.6601 0.0000e+00
       1275    475.728     3.7504   3.236777    34.7862    27.6418 0.0000e+00
       1276    476.201     3.7480   3.235378    34.7718    27.6306 0.0000e+00
       1277    476.689     3.7460   3.235304    34.7728    27.6316 0.0000e+00
       1278    477.221     3.7492   3.235592    34.7725    27.6310 0.0000e+00
       1279    477.780     3.7489   3.235149    34.7673    27.6269 0.0000e+00
       1280    478.319     3.7334   3.232964    34.7574    27.6206 0.0000e+00
       1281    478.814     3.7069   3.230673    34.7579    27.6236 0.0000e+00
       1282    479.289     3.6887   3.230587    34.7759    27.6398 0.0000e+00
       1283    479.787     3.6849   3.232107    34.7979    27.6577 0.0000e+00
       1284    480.330     3.6818   3.233167    34.8135    27.6705 0.0000e+00
       1285    480.902     3.6740   3.233041    34.8200    27.6764 0.0000e+00
       1286    481.464     3.6725   3.232495    34.8148    27.6724 0.0000e+00
       1287    481.992     3.6788   3.231239    34.7928    27.6543 0.0000e+00
       1288    482.499     3.6796   3.229377    34.7694    27.6356 0.0000e+00
       1289    483.008     3.6723   3.228072    34.7613    27.6298 0.0000e+00
       1290    483.538     3.6657   3.227306    34.7589    27.6286 0.0000e+00
       1291    484.089     3.6604   3.226736    34.7574    27.6279 0.0000e+00
       1292    484.644     3.6539   3.226359    34.7595    27.6302 0.0000e+00
       1293    485.189     3.6469   3.225934    34.7616    27.6326 0.0000e+00
       1294    485.728     3.6391   3.225374    34.7629    27.6344 0.0000e+00
       1295    486.270     3.6324   3.225303    34.7688    27.6398 0.0000e+00
       1296    486.820     3.6304   3.225847    34.7772    27.6467 0.0000e+00
       1297    487.372     3.6315   3.225781    34.7749    27.6448 0.0000e+00
       1298    487.914     3.6319   3.225366    34.7692    27.6402 0.0000e+00
       1299    488.443     3.6313   3.225888    34.7758    27.6455 0.0000e+00
       1300    488.968     3.6298   3.226865    34.7889    27.6561 0.0000e+00
       1301    489.500     3.6243   3.227124    34.7975    27.6635 0.0000e+00
       1302    490.043     3.6161   3.226452    34.7979    27.6646 0.0000e+00
       1303    490.590     3.6119   3.225842    34.7948    27.6626 0.0000e+00
       1304    491.114     3.6137   3.225462    34.7880    27.6570 0.0000e+00
       1305    491.593     3.6147   3.224690    34.7775    27.6485 0.0000e+00
       1306    492.036     3.6103   3.224062    34.7744    27.6465 0.0000e+00
       1307    492.478     3.6062   3.224046    34.7783    27.6500 0.0000e+00
       1308    492.955     3.6052   3.224318    34.7824    27.6534 0.0000e+00
       1309    493.473     3.6036   3.224374    34.7845    27.6552 0.0000e+00
       1310    494.002     3.6010   3.224119    34.7839    27.6550 0.0000e+00
       1311    494.498     3.6004   3.223891    34.7816    27.6532 0.0000e+00
       1312    494.948     3.6009   3.223649    34.7779    27.6502 0.0000e+00
       1313    495.379     3.6003   3.223452    34.7759    27.6487 0.0000e+00
       1314    495.816     3.5998   3.223395    34.7756    27.6485 0.0000e+00
       1315    496.272     3.5996   3.223332    34.7748    27.6479 0.0000e+00
       1316    496.737     3.5989   3.223240    34.7742    27.6474 0.0000e+00
       1317    497.187     3.5977   3.223119    34.7738    27.6472 0.0000e+00
       1318    497.606     3.5959   3.222991    34.7739    27.6475 0.0000e+00
       1319    497.996     3.5942   3.222949    34.7750    27.6486 0.0000e+00
       1320    498.379     3.5937   3.222977    34.7757    27.6492 0.0000e+00
       1321    498.772     3.5938   3.222959    34.7751    27.6487 0.0000e+00
       1322    499.163     3.5934   3.222911    34.7748    27.6485 0.0000e+00
       1323    499.528     3.5925   3.222888    34.7753    27.6490 0.0000e+00
       1324    499.866     3.5918   3.222873    34.7757    27.6493 0.0000e+00
       1325    500.196     3.5913   3.222878    34.7761    27.6497 0.0000e+00
       1326    500.534     3.5913   3.223010    34.7775    27.6508 0.0000e+00
       1327    500.885     3.5922   3.223276    34.7795    27.6524 0.0000e+00
       1328    501.238     3.5936   3.223356    34.7788    27.6516 0.0000e+00
       1329    501.574     3.5940   3.223126    34.7754    27.6489 0.0000e+00
       1330    501.884     3.5932   3.222941    34.7739    27.6478 0.0000e+00
       1331    502.180     3.5922   3.222894    34.7742    27.6482 0.0000e+00
       1332    502.481     3.5916   3.222877    34.7745    27.6484 0.0000e+00
       1333    502.787     3.5915   3.222885    34.7746    27.6485 0.0000e+00
       1334    503.082     3.5915   3.222879    34.7743    27.6483 0.0000e+00
       1335    503.345     3.5911   3.222867    34.7745    27.6485 0.0000e+00
       1336    503.569     3.5907   3.222909    34.7753    27.6491 0.0000e+00
       1337    503.776     3.5911   3.223025    34.7761    27.6498 0.0000e+00
       1338    504.000     3.5923   3.223224    34.7771    27.6504 0.0000e+00
       1339    504.251     3.5935   3.223412    34.7780    27.6510 0.0000e+00
       1340    504.508     3.5941   3.223365    34.7766    27.6499 0.0000e+00
       1341    504.747     3.5937   3.223186    34.7748    27.6484 0.0000e+00
       1342    504.959     3.5927   3.223125    34.7750    27.6487 0.0000e+00
       1343    505.157     3.5922   3.223113    34.7753    27.6490 0.0000e+00
       1344    505.362     3.5919   3.223080    34.7751    27.6489 0.0000e+00
       1345    505.574     3.5916   3.223079    34.7753    27.6491 0.0000e+00
       1346    505.785     3.5915   3.223110    34.7757    27.6494 0.0000e+00
       1347    505.985     3.5917   3.223128    34.7755    27.6493 0.0000e+00
       1348    506.161     3.5917   3.223102    34.7751    27.6489 0.0000e+00
       1349    506.303     3.5913   3.223111    34.7756    27.6493 0.0000e+00
       1350    506.423     3.5909   3.223236    34.7775    27.6509 0.0000e+00
       1351    506.550     3.5905   3.223320    34.7788    27.6520 0.0000e+00
       1352    506.701     3.5903   3.223244    34.7780    27.6514 0.0000e+00
       1353    506.862     3.5902   3.223175    34.7772    27.6507 0.0000e+00
       1354    507.003     3.5906   3.223172    34.7767    27.6503 0.0000e+00
       1355    507.117     3.5910   3.223154    34.7760    27.6497 0.0000e+00
       1356    507.230     3.5911   3.223147    34.7757    27.6495 0.0000e+00
       1357    507.361     3.5910   3.223202    34.7764    27.6500 0.0000e+00
       1358    507.497     3.5909   3.223274    34.7773    27.6508 0.0000e+00
       1359    507.620     3.5911   3.223243    34.7767    27.6502 0.0000e+00
       1360    507.721     3.5912   3.223130    34.7752    27.6490 0.0000e+00
       1361    507.800     3.5907   3.223084    34.7751    27.6490 0.0000e+00
       1362    507.871     3.5899   3.223136    34.7766    27.6502 0.0000e+00
       1363    507.947     3.5890   3.223169    34.7779    27.6514 0.0000e+00
       1364    508.028     3.5883   3.223141    34.7782    27.6517 0.0000e+00
       1365    508.109     3.5883   3.223112    34.7778    27.6514 0.0000e+00
       1366    508.182     3.5888   3.223071    34.7768    27.6505 0.0000e+00
       1367    508.237     3.5890   3.222966    34.7753    27.6493 0.0000e+00
       1368    508.275     3.5885   3.222885    34.7748    27.6490 0.0000e+00
       1369    508.315     3.5882   3.222892    34.7752    27.6493 0.0000e+00
       1370    508.371     3.5877   3.222914    34.7760    27.6500 0.0000e+00
       1371    508.439     3.5869   3.222899    34.7766    27.6506 0.0000e+00
       1372    508.500     3.5866   3.222869    34.7765    27.6505 0.0000e+00
       1373    508.536     3.5869   3.222825    34.7757    27.6498 0.0000e+00
       1374    508.558     3.5871   3.222769    34.7748    27.6491 0.0000e+00
       1375    508.584     3.5872   3.222740    34.7743    27.6487 0.0000e+00
       1376    508.622     3.5873   3.222746    34.7742    27.6487 0.0000e+00
       1377    508.673     3.5874   3.222753    34.7742    27.6486 0.0000e+00
       1378    508.731     3.5872   3.222738    34.7742    27.6486 0.0000e+00
       1379    508.786     3.5868   3.222750    34.7747    27.6491 0.0000e+00
       1380    508.833     3.5866   3.222821    34.7758    27.6499 0.0000e+00
       1381    508.874     3.5869   3.222862    34.7759    27.6500 0.0000e+00
       1382    508.913     3.5871   3.222806    34.7750    27.6493 0.0000e+00
       1383    508.946     3.5868   3.222726    34.7744    27.6488 0.0000e+00
       1384    508.964     3.5862   3.222685    34.7745    27.6490 0.0000e+00
       1385    508.967     3.5859   3.222682    34.7748    27.6492 0.0000e+00
       1386    508.971     3.5858   3.222710    34.7752    27.6496 0.0000e+00
       1387    508.991     3.5857   3.222729    34.7755    27.6498 0.0000e+00
       1388    509.028     3.5853   3.222696    34.7756    27.6499 0.0000e+00
       1389    509.066     3.5850   3.222650    34.7753    27.6497 0.0000e+00
       1390    509.089     3.5850   3.222623    34.7750    27.6495 0.0000e+00
       1391    509.096     3.5850   3.222595    34.7746    27.6492 0.0000e+00
       1392    509.097     3.5848   3.222576    34.7746    27.6492 0.0000e+00
       1393    509.103     3.5846   3.222587    34.7750    27.6495 0.0000e+00
       1394    509.121     3.5845   3.222605    34.7753    27.6497 0.0000e+00
       1395    509.147     3.5843   3.222603    34.7754    27.6499 0.0000e+00
       1396    509.173     3.5843   3.222586    34.7752    27.6497 0.0000e+00
       1397    509.186     3.5844   3.222561    34.7748    27.6494 0.0000e+00
       1398    509.178     3.5844   3.222544    34.7746    27.6492 0.0000e+00
       1399    509.167     3.5842   3.222566    34.7751    27.6496 0.0000e+00
       1400    509.179     3.5842   3.222601    34.7755    27.6500 0.0000e+00
       1401    509.214     3.5843   3.222602    34.7754    27.6499 0.0000e+00
       1402    509.252     3.5844   3.222591    34.7751    27.6497 0.0000e+00
       1403    509.267     3.5846   3.222591    34.7749    27.6495 0.0000e+00
       1404    509.255     3.5846   3.222589    34.7749    27.6494 0.0000e+00
       1405    509.238     3.5846   3.222597    34.7750    27.6495 0.0000e+00
       1406    509.240     3.5844   3.222586    34.7751    27.6496 0.0000e+00
       1407    509.264     3.5840   3.222542    34.7750    27.6496 0.0000e+00
       1408    509.291     3.5838   3.222523    34.7749    27.6496 0.0000e+00
       1409    509.297     3.5839   3.222525    34.7749    27.6495 0.0000e+00
       1410    509.281     3.5839   3.222511    34.7747    27.6493 0.0000e+00
       1411    509.269     3.5839   3.222514    34.7747    27.6494 0.0000e+00
       1412    509.278     3.5840   3.222535    34.7749    27.6495 0.0000e+00
       1413    509.302     3.5841   3.222518    34.7746    27.6492 0.0000e+00
       1414    509.325     3.5839   3.222474    34.7742    27.6490 0.0000e+00
       1415    509.342     3.5836   3.222460    34.7744    27.6491 0.0000e+00
       1416    509.358     3.5836   3.222478    34.7746    27.6493 0.0000e+00
       1417    509.376     3.5838   3.222497    34.7746    27.6493 0.0000e+00
       1418    509.398     3.5839   3.222504    34.7745    27.6492 0.0000e+00
       1419    509.424     3.5839   3.222503    34.7745    27.6492 0.0000e+00
       1420    509.448     3.5839   3.222484    34.7743    27.6490 0.0000e+00
       1421    509.462     3.5836   3.222445    34.7741    27.6489 0.0000e+00
       1422    509.454     3.5833   3.222415    34.7741    27.6489 0.0000e+00
       1423    509.423     3.5831   3.222412    34.7743    27.6491 0.0000e+00
       1424    509.388     3.5831   3.222429    34.7745    27.6493 0.0000e+00
       1425    509.372     3.5831   3.222456    34.7748    27.6495 0.0000e+00
       1426    509.385     3.5831   3.222467    34.7750    27.6496 0.0000e+00
       1427    509.414     3.5831   3.222455    34.7748    27.6495 0.0000e+00
       1428    509.432     3.5831   3.222438    34.7746    27.6493 0.0000e+00
       1429    509.418     3.5831   3.222424    34.7744    27.6492 0.0000e+00
       1430    509.391     3.5831   3.222427    34.7745    27.6493 0.0000e+00
       1431    509.381     3.5831   3.222446    34.7747    27.6494 0.0000e+00
       1432    509.394     3.5833   3.222455    34.7746    27.6493 0.0000e+00
       1433    509.411     3.5832   3.222428    34.7744    27.6492 0.0000e+00
       1434    509.414     3.5829   3.222379    34.7741    27.6490 0.0000e+00
       1435    509.403     3.5825   3.222325    34.7739    27.6488 0.0000e+00
