Datasets/Multi_Species/TEL214/tel214_2020_009.cnv
* Sea-Bird SBE19plus Data File:
* Filename = C:/AQUIRE/tel214_2020_009.hex
* Software Version AquireV2 AF V2.0
* Temperature SN =  7853
* Conductivity SN =  7853
* System UpLoad Time = Nov 09 2020 11:52:29
* <ApplicationData>
* <AQUIREV2>
** VESSEL/TRIP/SEQ STN: tel214_2020_009
** LATITUDE: 55 06.10 N
** LONGITUDE: 55 37.03 W
** DATE/TIME: 2020-11-09 10:51
** SOUNDING DEPTH (M): 0268
** PROBE TYPE: S7853
** CTD NUMBER:   9
** COMMENTS: 
# nquan = 7                                 
# nvalues = 3553                        
# units = specified
# name 0 = scan: Scan Count
# name 1 = prdM: Pressure, Strain Gauge [db]
# name 2 = tv290C: Temperature [ITS-90, deg C]
# name 3 = c0S/m: Conductivity [S/m]
# name 4 = sal00: Salinity, Practical [PSU]
# name 5 = sigma-t00: Density [sigma-t, kg/m^3 ]
# name 6 = flag: flag
# span 0 =          1,       3553       
# span 1 =     -1.151,    265.331       
# span 2 =    -2.6635,     2.5596       
# span 3 =   0.000004,   3.062452       
# span 4 =    -0.0040,    34.1696       
# span 5 =    -0.4049,    27.2711       
# span 6 = 0.0000e+00, 0.0000e+00       
# interval = seconds: 1
# start_time = Nov 09 2020 10:51:23 [Instrument's time stamp, header]
# bad_flag = -9.990e-29
*END*
[from data line 3283]
       3284     -1.057     0.7142   0.000067    -0.0010    -0.1135 0.0000e+00
       3285     -1.057     0.7128   0.000066    -0.0010    -0.1136 0.0000e+00
       3286     -1.059     0.7114   0.000066    -0.0010    -0.1136 0.0000e+00
       3287     -1.060     0.7101   0.000068    -0.0010    -0.1137 0.0000e+00
       3288     -1.062     0.7087   0.000068    -0.0010    -0.1138 0.0000e+00
       3289     -1.063     0.7074   0.000067    -0.0010    -0.1139 0.0000e+00
       3290     -1.063     0.7061   0.000067    -0.0010    -0.1139 0.0000e+00
       3291     -1.063     0.7047   0.000067    -0.0010    -0.1140 0.0000e+00
       3292     -1.064     0.7034   0.000069    -0.0010    -0.1141 0.0000e+00
       3293     -1.064     0.7023   0.000070    -0.0010    -0.1141 0.0000e+00
       3294     -1.063     0.7010   0.000069    -0.0010    -0.1142 0.0000e+00
       3295     -1.061     0.6998   0.000069    -0.0010    -0.1143 0.0000e+00
       3296     -1.057     0.6985   0.000069    -0.0010    -0.1143 0.0000e+00
       3297     -1.055     0.6973   0.000070    -0.0010    -0.1144 0.0000e+00
       3298     -1.055     0.6961   0.000070    -0.0010    -0.1145 0.0000e+00
       3299     -1.055     0.6948   0.000070    -0.0010    -0.1145 0.0000e+00
       3300     -1.057     0.6936   0.000070    -0.0010    -0.1146 0.0000e+00
       3301     -1.059     0.6924   0.000069    -0.0010    -0.1147 0.0000e+00
       3302     -1.061     0.6912   0.000071    -0.0010    -0.1147 0.0000e+00
       3303     -1.063     0.6900   0.000072    -0.0010    -0.1148 0.0000e+00
       3304     -1.062     0.6888   0.000072    -0.0010    -0.1149 0.0000e+00
       3305     -1.061     0.6878   0.000073    -0.0010    -0.1149 0.0000e+00
       3306     -1.062     0.6866   0.000073    -0.0010    -0.1150 0.0000e+00
       3307     -1.064     0.6855   0.000074    -0.0010    -0.1151 0.0000e+00
       3308     -1.065     0.6844   0.000074    -0.0010    -0.1151 0.0000e+00
       3309     -1.066     0.6832   0.000073    -0.0010    -0.1152 0.0000e+00
       3310     -1.066     0.6822   0.000074    -0.0010    -0.1152 0.0000e+00
       3311     -1.063     0.6811   0.000074    -0.0010    -0.1153 0.0000e+00
       3312     -1.062     0.6800   0.000075    -0.0010    -0.1154 0.0000e+00
       3313     -1.064     0.6790   0.000076    -0.0010    -0.1154 0.0000e+00
       3314     -1.067     0.6780   0.000076    -0.0010    -0.1155 0.0000e+00
       3315     -1.069     0.6769   0.000076    -0.0010    -0.1155 0.0000e+00
       3316     -1.069     0.6759   0.000077    -0.0010    -0.1156 0.0000e+00
       3317     -1.069     0.6748   0.000077    -0.0010    -0.1157 0.0000e+00
       3318     -1.067     0.6738   0.000076    -0.0010    -0.1157 0.0000e+00
       3319     -1.064     0.6727   0.000075    -0.0010    -0.1158 0.0000e+00
       3320     -1.062     0.6717   0.000076    -0.0010    -0.1158 0.0000e+00
       3321     -1.063     0.6707   0.000077    -0.0010    -0.1159 0.0000e+00
       3322     -1.064     0.6698   0.000077    -0.0010    -0.1159 0.0000e+00
       3323     -1.063     0.6687   0.000078    -0.0010    -0.1160 0.0000e+00
       3324     -1.063     0.6678   0.000080    -0.0010    -0.1161 0.0000e+00
       3325     -1.064     0.6667   0.000078    -0.0010    -0.1161 0.0000e+00
       3326     -1.063     0.6658   0.000077    -0.0010    -0.1162 0.0000e+00
       3327     -1.061     0.6648   0.000077    -0.0010    -0.1162 0.0000e+00
       3328     -1.061     0.6639   0.000078    -0.0010    -0.1163 0.0000e+00
       3329     -1.061     0.6629   0.000078    -0.0010    -0.1163 0.0000e+00
       3330     -1.063     0.6620   0.000079    -0.0010    -0.1164 0.0000e+00
       3331     -1.065     0.6609   0.000078    -0.0010    -0.1164 0.0000e+00
       3332     -1.065     0.6600   0.000080    -0.0010    -0.1165 0.0000e+00
       3333     -1.064     0.6590   0.000080    -0.0010    -0.1165 0.0000e+00
       3334     -1.063     0.6580   0.000079    -0.0010    -0.1166 0.0000e+00
       3335     -1.061     0.6570   0.000078    -0.0010    -0.1167 0.0000e+00
       3336     -1.060     0.6561   0.000079    -0.0010    -0.1167 0.0000e+00
       3337     -1.060     0.6551   0.000079    -0.0010    -0.1168 0.0000e+00
       3338     -1.061     0.6541   0.000079    -0.0010    -0.1168 0.0000e+00
       3339     -1.063     0.6530   0.000079    -0.0010    -0.1169 0.0000e+00
       3340     -1.065     0.6520   0.000079    -0.0010    -0.1169 0.0000e+00
       3341     -1.065     0.6509   0.000078    -0.0010    -0.1170 0.0000e+00
       3342     -1.065     0.6499   0.000077    -0.0010    -0.1171 0.0000e+00
       3343     -1.064     0.6489   0.000077    -0.0010    -0.1171 0.0000e+00
       3344     -1.062     0.6479   0.000077    -0.0010    -0.1172 0.0000e+00
       3345     -1.059     0.6467   0.000077    -0.0010    -0.1172 0.0000e+00
       3346     -1.059     0.6457   0.000078    -0.0010    -0.1173 0.0000e+00
       3347     -1.060     0.6446   0.000078    -0.0010    -0.1174 0.0000e+00
       3348     -1.061     0.6436   0.000078    -0.0010    -0.1174 0.0000e+00
       3349     -1.063     0.6424   0.000076    -0.0010    -0.1175 0.0000e+00
       3350     -1.065     0.6413   0.000077    -0.0010    -0.1175 0.0000e+00
       3351     -1.065     0.6402   0.000078    -0.0010    -0.1176 0.0000e+00
       3352     -1.064     0.6391   0.000079    -0.0010    -0.1177 0.0000e+00
       3353     -1.063     0.6380   0.000078    -0.0010    -0.1177 0.0000e+00
       3354     -1.061     0.6368   0.000076    -0.0010    -0.1178 0.0000e+00
       3355     -1.061     0.6357   0.000077    -0.0010    -0.1179 0.0000e+00
       3356     -1.061     0.6345   0.000077    -0.0010    -0.1179 0.0000e+00
       3357     -1.063     0.6333   0.000076    -0.0010    -0.1180 0.0000e+00
       3358     -1.064     0.6321   0.000075    -0.0010    -0.1181 0.0000e+00
       3359     -1.063     0.6308   0.000075    -0.0010    -0.1181 0.0000e+00
       3360     -1.062     0.6296   0.000075    -0.0010    -0.1182 0.0000e+00
       3361     -1.064     0.6283   0.000075    -0.0010    -0.1183 0.0000e+00
       3362     -1.067     0.6271   0.000075    -0.0010    -0.1183 0.0000e+00
       3363     -1.067     0.6258   0.000073    -0.0011    -0.1184 0.0000e+00
       3364     -1.064     0.6244   0.000073    -0.0011    -0.1185 0.0000e+00
       3365     -1.063     0.6231   0.000073    -0.0011    -0.1186 0.0000e+00
       3366     -1.064     0.6218   0.000073    -0.0011    -0.1186 0.0000e+00
       3367     -1.063     0.6204   0.000072    -0.0011    -0.1187 0.0000e+00
       3368     -1.061     0.6190   0.000072    -0.0011    -0.1188 0.0000e+00
       3369     -1.060     0.6176   0.000072    -0.0011    -0.1189 0.0000e+00
       3370     -1.060     0.6161   0.000071    -0.0011    -0.1190 0.0000e+00
       3371     -1.061     0.6147   0.000070    -0.0011    -0.1190 0.0000e+00
       3372     -1.064     0.6132   0.000069    -0.0011    -0.1191 0.0000e+00
       3373     -1.067     0.6117   0.000069    -0.0011    -0.1192 0.0000e+00
       3374     -1.068     0.6102   0.000066    -0.0011    -0.1193 0.0000e+00
       3375     -1.067     0.6088   0.000065    -0.0011    -0.1194 0.0000e+00
       3376     -1.067     0.6072   0.000067    -0.0011    -0.1195 0.0000e+00
       3377     -1.067     0.6056   0.000068    -0.0011    -0.1196 0.0000e+00
       3378     -1.064     0.6040   0.000067    -0.0011    -0.1197 0.0000e+00
       3379     -1.063     0.6024   0.000066    -0.0011    -0.1197 0.0000e+00
       3380     -1.062     0.6008   0.000065    -0.0011    -0.1198 0.0000e+00
       3381     -1.062     0.5992   0.000065    -0.0011    -0.1199 0.0000e+00
       3382     -1.065     0.5975   0.000064    -0.0011    -0.1200 0.0000e+00
       3383     -1.068     0.5958   0.000063    -0.0011    -0.1201 0.0000e+00
       3384     -1.067     0.5940   0.000064    -0.0011    -0.1202 0.0000e+00
       3385     -1.064     0.5923   0.000065    -0.0011    -0.1203 0.0000e+00
       3386     -1.064     0.5906   0.000064    -0.0011    -0.1204 0.0000e+00
       3387     -1.067     0.5888   0.000062    -0.0012    -0.1205 0.0000e+00
       3388     -1.069     0.5870   0.000061    -0.0012    -0.1206 0.0000e+00
       3389     -1.068     0.5852   0.000060    -0.0012    -0.1207 0.0000e+00
       3390     -1.066     0.5834   0.000060    -0.0012    -0.1208 0.0000e+00
       3391     -1.065     0.5816   0.000059    -0.0012    -0.1209 0.0000e+00
       3392     -1.064     0.5797   0.000058    -0.0012    -0.1210 0.0000e+00
       3393     -1.063     0.5778   0.000057    -0.0012    -0.1212 0.0000e+00
       3394     -1.064     0.5760   0.000057    -0.0012    -0.1213 0.0000e+00
       3395     -1.064     0.5741   0.000056    -0.0012    -0.1214 0.0000e+00
       3396     -1.062     0.5723   0.000057    -0.0012    -0.1215 0.0000e+00
       3397     -1.060     0.5703   0.000057    -0.0012    -0.1216 0.0000e+00
       3398     -1.061     0.5683   0.000058    -0.0012    -0.1217 0.0000e+00
       3399     -1.064     0.5663   0.000058    -0.0012    -0.1218 0.0000e+00
       3400     -1.063     0.5643   0.000057    -0.0012    -0.1219 0.0000e+00
       3401     -1.063     0.5623   0.000055    -0.0012    -0.1221 0.0000e+00
       3402     -1.066     0.5603   0.000055    -0.0012    -0.1222 0.0000e+00
       3403     -1.070     0.5582   0.000054    -0.0012    -0.1223 0.0000e+00
       3404     -1.069     0.5562   0.000053    -0.0012    -0.1224 0.0000e+00
       3405     -1.065     0.5541   0.000054    -0.0012    -0.1225 0.0000e+00
       3406     -1.063     0.5519   0.000054    -0.0012    -0.1227 0.0000e+00
       3407     -1.064     0.5497   0.000052    -0.0012    -0.1228 0.0000e+00
       3408     -1.066     0.5476   0.000051    -0.0013    -0.1229 0.0000e+00
       3409     -1.066     0.5455   0.000051    -0.0013    -0.1230 0.0000e+00
       3410     -1.063     0.5434   0.000051    -0.0013    -0.1231 0.0000e+00
       3411     -1.061     0.5414   0.000050    -0.0013    -0.1233 0.0000e+00
       3412     -1.061     0.5392   0.000049    -0.0013    -0.1234 0.0000e+00
       3413     -1.061     0.5370   0.000049    -0.0013    -0.1235 0.0000e+00
       3414     -1.062     0.5348   0.000047    -0.0013    -0.1236 0.0000e+00
       3415     -1.063     0.5325   0.000047    -0.0013    -0.1238 0.0000e+00
       3416     -1.064     0.5303   0.000048    -0.0013    -0.1239 0.0000e+00
       3417     -1.064     0.5281   0.000048    -0.0013    -0.1240 0.0000e+00
       3418     -1.065     0.5259   0.000047    -0.0013    -0.1242 0.0000e+00
       3419     -1.068     0.5235   0.000046    -0.0013    -0.1243 0.0000e+00
       3420     -1.069     0.5212   0.000045    -0.0013    -0.1244 0.0000e+00
       3421     -1.069     0.5190   0.000046    -0.0013    -0.1246 0.0000e+00
       3422     -1.067     0.5168   0.000046    -0.0013    -0.1247 0.0000e+00
       3423     -1.064     0.5144   0.000045    -0.0013    -0.1248 0.0000e+00
       3424     -1.062     0.5121   0.000044    -0.0013    -0.1250 0.0000e+00
       3425     -1.062     0.5099   0.000044    -0.0013    -0.1251 0.0000e+00
       3426     -1.063     0.5075   0.000045    -0.0013    -0.1252 0.0000e+00
       3427     -1.065     0.5052   0.000044    -0.0013    -0.1254 0.0000e+00
       3428     -1.066     0.5030   0.000045    -0.0013    -0.1255 0.0000e+00
       3429     -1.066     0.5007   0.000043    -0.0013    -0.1256 0.0000e+00
       3430     -1.067     0.4983   0.000044    -0.0013    -0.1258 0.0000e+00
       3431     -1.070     0.4960   0.000044    -0.0013    -0.1259 0.0000e+00
       3432     -1.075     0.4936   0.000043    -0.0013    -0.1261 0.0000e+00
       3433     -1.080     0.4912   0.000043    -0.0014    -0.1262 0.0000e+00
       3434     -1.084     0.4889   0.000042    -0.0014    -0.1263 0.0000e+00
       3435     -1.086     0.4865   0.000042    -0.0014    -0.1265 0.0000e+00
       3436     -1.087     0.4841   0.000041    -0.0014    -0.1266 0.0000e+00
       3437     -1.087     0.4817   0.000041    -0.0014    -0.1268 0.0000e+00
       3438     -1.087     0.4792   0.000040    -0.0014    -0.1269 0.0000e+00
       3439     -1.087     0.4767   0.000039    -0.0014    -0.1271 0.0000e+00
       3440     -1.084     0.4742   0.000039    -0.0014    -0.1272 0.0000e+00
       3441     -1.077     0.4718   0.000039    -0.0014    -0.1274 0.0000e+00
       3442     -1.071     0.4694   0.000039    -0.0014    -0.1275 0.0000e+00
       3443     -1.067     0.4668   0.000039    -0.0014    -0.1277 0.0000e+00
       3444     -1.066     0.4644   0.000039    -0.0014    -0.1278 0.0000e+00
       3445     -1.067     0.4618   0.000038    -0.0014    -0.1280 0.0000e+00
       3446     -1.069     0.4594   0.000038    -0.0014    -0.1281 0.0000e+00
       3447     -1.070     0.4568   0.000038    -0.0014    -0.1283 0.0000e+00
       3448     -1.070     0.4543   0.000038    -0.0014    -0.1284 0.0000e+00
       3449     -1.071     0.4517   0.000037    -0.0014    -0.1286 0.0000e+00
       3450     -1.075     0.4492   0.000037    -0.0014    -0.1287 0.0000e+00
       3451     -1.079     0.4466   0.000038    -0.0014    -0.1289 0.0000e+00
       3452     -1.083     0.4441   0.000038    -0.0014    -0.1290 0.0000e+00
       3453     -1.083     0.4415   0.000037    -0.0014    -0.1292 0.0000e+00
       3454     -1.078     0.4389   0.000037    -0.0014    -0.1293 0.0000e+00
       3455     -1.070     0.4363   0.000036    -0.0014    -0.1295 0.0000e+00
       3456     -1.068     0.4336   0.000035    -0.0014    -0.1296 0.0000e+00
       3457     -1.069     0.4310   0.000035    -0.0014    -0.1298 0.0000e+00
       3458     -1.066     0.4284   0.000034    -0.0015    -0.1300 0.0000e+00
       3459     -1.063     0.4256   0.000033    -0.0015    -0.1301 0.0000e+00
       3460     -1.064     0.4229   0.000034    -0.0015    -0.1303 0.0000e+00
       3461     -1.065     0.4202   0.000033    -0.0015    -0.1304 0.0000e+00
       3462     -1.064     0.4174   0.000033    -0.0015    -0.1306 0.0000e+00
       3463     -1.062     0.4148   0.000032    -0.0015    -0.1308 0.0000e+00
       3464     -1.061     0.4120   0.000031    -0.0015    -0.1309 0.0000e+00
       3465     -1.061     0.4093   0.000031    -0.0015    -0.1311 0.0000e+00
       3466     -1.061     0.4065   0.000032    -0.0015    -0.1313 0.0000e+00
       3467     -1.061     0.4037   0.000032    -0.0015    -0.1314 0.0000e+00
       3468     -1.061     0.4008   0.000031    -0.0015    -0.1316 0.0000e+00
       3469     -1.060     0.3981   0.000031    -0.0015    -0.1318 0.0000e+00
       3470     -1.058     0.3952   0.000031    -0.0015    -0.1320 0.0000e+00
       3471     -1.055     0.3923   0.000030    -0.0015    -0.1321 0.0000e+00
       3472     -1.055     0.3895   0.000029    -0.0015    -0.1323 0.0000e+00
       3473     -1.059     0.3866   0.000028    -0.0015    -0.1325 0.0000e+00
       3474     -1.063     0.3836   0.000028    -0.0015    -0.1327 0.0000e+00
       3475     -1.065     0.3806   0.000028    -0.0015    -0.1329 0.0000e+00
       3476     -1.064     0.3776   0.000028    -0.0015    -0.1330 0.0000e+00
       3477     -1.062     0.3746   0.000027    -0.0015    -0.1332 0.0000e+00
       3478     -1.061     0.3716   0.000027    -0.0015    -0.1334 0.0000e+00
       3479     -1.061     0.3687   0.000027    -0.0015    -0.1336 0.0000e+00
       3480     -1.062     0.3657   0.000025    -0.0016    -0.1338 0.0000e+00
       3481     -1.065     0.3627   0.000025    -0.0016    -0.1339 0.0000e+00
       3482     -1.068     0.3597   0.000025    -0.0016    -0.1341 0.0000e+00
       3483     -1.068     0.3565   0.000024    -0.0016    -0.1343 0.0000e+00
       3484     -1.065     0.3534   0.000024    -0.0016    -0.1345 0.0000e+00
       3485     -1.065     0.3503   0.000024    -0.0016    -0.1347 0.0000e+00
       3486     -1.068     0.3473   0.000021    -0.0016    -0.1349 0.0000e+00
       3487     -1.070     0.3443   0.000020    -0.0016    -0.1351 0.0000e+00
