Datasets/Multi_Species/TEL214/tel214_2020_018.cnv
* Sea-Bird SBE19plus Data File:
* Filename = C:/AQUIRE/tel214_2020_018.hex
* Software Version AquireV2 AF V2.0
* Temperature SN =  7853
* Conductivity SN =  7853
* System UpLoad Time = Nov 11 2020 13:11:45
* <ApplicationData>
* <AQUIREV2>
** VESSEL/TRIP/SEQ STN: tel214_2020_018
** LATITUDE: 54 29.61 N
** LONGITUDE: 53 55.60 W
** DATE/TIME: 2020-11-11 12:14
** SOUNDING DEPTH (M): 0235
** PROBE TYPE: S7853
** CTD NUMBER:  18
** COMMENTS: 
# nquan = 7                                 
# nvalues = 3290                        
# units = specified
# name 0 = scan: Scan Count
# name 1 = prdM: Pressure, Strain Gauge [db]
# name 2 = tv290C: Temperature [ITS-90, deg C]
# name 3 = c0S/m: Conductivity [S/m]
# name 4 = sal00: Salinity, Practical [PSU]
# name 5 = sigma-t00: Density [sigma-t, kg/m^3 ]
# name 6 = flag: flag
# span 0 =          1,       3290       
# span 1 =     -1.077,    234.197       
# span 2 =     0.7608,     2.9425       
# span 3 =   0.000012,   3.095544       
# span 4 =    -0.0012,    34.0738       
# span 5 =    -0.1109,    27.1553       
# span 6 = 0.0000e+00, 0.0000e+00       
# interval = seconds: 1
# start_time = Nov 11 2020 12:14:02 [Instrument's time stamp, header]
# bad_flag = -9.990e-29
*END*
[from data line 1231]
       1232    160.528     1.3895   2.896684    33.2823    26.6391 0.0000e+00
       1233    161.154     1.4076   2.899099    33.2934    26.6468 0.0000e+00
       1234    161.811     1.4221   2.901008    33.3019    26.6526 0.0000e+00
       1235    162.492     1.4378   2.902943    33.3094    26.6575 0.0000e+00
       1236    163.171     1.4580   2.905476    33.3196    26.6644 0.0000e+00
       1237    163.832     1.4807   2.908241    33.3302    26.6713 0.0000e+00
       1238    164.479     1.5010   2.910498    33.3369    26.6753 0.0000e+00
       1239    165.119     1.5162   2.912084    33.3404    26.6771 0.0000e+00
       1240    165.755     1.5263   2.913056    33.3417    26.6774 0.0000e+00
       1241    166.393     1.5318   2.913587    33.3422    26.6774 0.0000e+00
       1242    167.036     1.5350   2.914156    33.3456    26.6799 0.0000e+00
       1243    167.686     1.5396   2.915001    33.3511    26.6840 0.0000e+00
       1244    168.342     1.5466   2.915847    33.3540    26.6858 0.0000e+00
       1245    169.004     1.5533   2.916503    33.3548    26.6860 0.0000e+00
       1246    169.668     1.5579   2.917054    33.3565    26.6871 0.0000e+00
       1247    170.320     1.5613   2.917545    33.3587    26.6886 0.0000e+00
       1248    170.954     1.5648   2.918036    33.3608    26.6901 0.0000e+00
       1249    171.577     1.5683   2.918558    33.3634    26.6919 0.0000e+00
       1250    172.203     1.5711   2.919023    33.3659    26.6937 0.0000e+00
       1251    172.841     1.5729   2.919436    33.3689    26.6960 0.0000e+00
       1252    173.491     1.5751   2.919873    33.3717    26.6981 0.0000e+00
       1253    174.135     1.5793   2.920400    33.3735    26.6993 0.0000e+00
       1254    174.756     1.5861   2.921411    33.3787    26.7029 0.0000e+00
       1255    175.361     1.5960   2.923196    33.3904    26.7116 0.0000e+00
       1256    175.981     1.6082   2.925300    33.4037    26.7214 0.0000e+00
       1257    176.632     1.6223   2.927338    33.4141    26.7287 0.0000e+00
       1258    177.302     1.6404   2.929469    33.4214    26.7333 0.0000e+00
       1259    177.962     1.6627   2.931729    33.4258    26.7353 0.0000e+00
       1260    178.601     1.6852   2.933822    33.4280    26.7354 0.0000e+00
       1261    179.228     1.7039   2.935587    33.4300    26.7357 0.0000e+00
       1262    179.850     1.7190   2.937200    33.4339    26.7378 0.0000e+00
       1263    180.474     1.7332   2.939103    33.4425    26.7436 0.0000e+00
       1264    181.101     1.7493   2.941423    33.4542    26.7519 0.0000e+00
       1265    181.729     1.7669   2.943669    33.4634    26.7580 0.0000e+00
       1266    182.360     1.7843   2.945832    33.4718    26.7634 0.0000e+00
       1267    182.993     1.8035   2.948353    33.4828    26.7708 0.0000e+00
       1268    183.629     1.8261   2.951270    33.4951    26.7790 0.0000e+00
       1269    184.267     1.8518   2.954399    33.5067    26.7864 0.0000e+00
       1270    184.897     1.8801   2.957575    33.5162    26.7919 0.0000e+00
       1271    185.513     1.9090   2.960561    33.5226    26.7949 0.0000e+00
       1272    186.126     1.9340   2.962981    33.5261    26.7958 0.0000e+00
       1273    186.749     1.9514   2.964703    33.5289    26.7967 0.0000e+00
       1274    187.389     1.9638   2.966075    33.5325    26.7987 0.0000e+00
       1275    188.030     1.9763   2.967352    33.5349    26.7997 0.0000e+00
       1276    188.649     1.9878   2.968254    33.5337    26.7978 0.0000e+00
       1277    189.252     1.9939   2.968585    33.5310    26.7952 0.0000e+00
       1278    189.866     1.9943   2.968770    33.5325    26.7965 0.0000e+00
       1279    190.508     1.9925   2.969200    33.5395    26.8021 0.0000e+00
       1280    191.174     1.9933   2.969795    33.5457    26.8070 0.0000e+00
       1281    191.834     1.9974   2.970188    33.5459    26.8069 0.0000e+00
       1282    192.460     2.0001   2.970212    33.5430    26.8044 0.0000e+00
       1283    193.055     1.9991   2.970357    33.5455    26.8065 0.0000e+00
       1284    193.648     1.9966   2.971123    33.5574    26.8162 0.0000e+00
       1285    194.263     1.9966   2.972479    33.5740    26.8295 0.0000e+00
       1286    194.898     2.0031   2.974260    33.5890    26.8410 0.0000e+00
       1287    195.532     2.0162   2.976310    33.6003    26.8491 0.0000e+00
       1288    196.158     2.0328   2.978720    33.6125    26.8575 0.0000e+00
       1289    196.783     2.0513   2.981486    33.6270    26.8678 0.0000e+00
       1290    197.416     2.0705   2.983874    33.6361    26.8736 0.0000e+00
       1291    198.060     2.0876   2.985563    33.6387    26.8743 0.0000e+00
       1292    198.712     2.1029   2.987187    33.6423    26.8761 0.0000e+00
       1293    199.367     2.1189   2.989027    33.6480    26.8793 0.0000e+00
       1294    200.029     2.1342   2.990759    33.6529    26.8821 0.0000e+00
       1295    200.702     2.1473   2.992390    33.6590    26.8859 0.0000e+00
       1296    201.377     2.1600   2.994135    33.6669    26.8912 0.0000e+00
       1297    202.046     2.1722   2.995704    33.6731    26.8953 0.0000e+00
       1298    202.716     2.1822   2.997173    33.6804    26.9003 0.0000e+00
       1299    203.393     2.1925   2.999427    33.6971    26.9129 0.0000e+00
       1300    204.076     2.2091   3.003030    33.7239    26.9330 0.0000e+00
       1301    204.744     2.2344   3.007797    33.7559    26.9566 0.0000e+00
       1302    205.380     2.2676   3.013251    33.7880    26.9797 0.0000e+00
       1303    205.991     2.3059   3.018962    33.8179    27.0005 0.0000e+00
       1304    206.585     2.3472   3.024629    33.8439    27.0180 0.0000e+00
       1305    207.173     2.3916   3.030672    33.8713    27.0362 0.0000e+00
       1306    207.774     2.4454   3.038514    33.9108    27.0634 0.0000e+00
       1307    208.394     2.5142   3.048139    33.9562    27.0940 0.0000e+00
       1308    209.017     2.5900   3.057545    33.9912    27.1156 0.0000e+00
       1309    209.611     2.6601   3.065850    34.0186    27.1315 0.0000e+00
       1310    210.154     2.7193   3.072385    34.0357    27.1401 0.0000e+00
       1311    210.662     2.7622   3.076093    34.0355    27.1362 0.0000e+00
       1312    211.167     2.7858   3.078055    34.0342    27.1331 0.0000e+00
       1313    211.677     2.7980   3.080030    34.0452    27.1408 0.0000e+00
       1314    212.173     2.8103   3.082207    34.0585    27.1504 0.0000e+00
       1315    212.637     2.8249   3.083915    34.0637    27.1532 0.0000e+00
       1316    213.059     2.8367   3.084823    34.0621    27.1509 0.0000e+00
       1317    213.438     2.8442   3.085351    34.0604    27.1489 0.0000e+00
       1318    213.778     2.8512   3.086091    34.0618    27.1494 0.0000e+00
       1319    214.073     2.8610   3.086977    34.0621    27.1488 0.0000e+00
       1320    214.322     2.8712   3.087252    34.0545    27.1418 0.0000e+00
       1321    214.553     2.8765   3.085844    34.0316    27.1231 0.0000e+00
       1322    214.798     2.8758   3.084363    34.0141    27.1092 0.0000e+00
       1323    215.058     2.8727   3.085770    34.0344    27.1257 0.0000e+00
       1324    215.302     2.8750   3.088402    34.0640    27.1491 0.0000e+00
       1325    215.510     2.8836   3.089788    34.0717    27.1545 0.0000e+00
       1326    215.685     2.8917   3.090250    34.0687    27.1513 0.0000e+00
       1327    215.828     2.8959   3.090181    34.0633    27.1467 0.0000e+00
       1328    215.947     2.8954   3.089908    34.0605    27.1444 0.0000e+00
       1329    216.069     2.8914   3.089884    34.0643    27.1479 0.0000e+00
       1330    216.210     2.8891   3.090266    34.0714    27.1537 0.0000e+00
       1331    216.351     2.8933   3.090837    34.0738    27.1553 0.0000e+00
       1332    216.466     2.9009   3.091100    34.0689    27.1507 0.0000e+00
       1333    216.552     2.9053   3.090986    34.0628    27.1454 0.0000e+00
       1334    216.633     2.9046   3.090760    34.0608    27.1438 0.0000e+00
       1335    216.729     2.9015   3.090473    34.0605    27.1439 0.0000e+00
       1336    216.835     2.8990   3.090197    34.0597    27.1435 0.0000e+00
       1337    216.929     2.8983   3.090143    34.0597    27.1436 0.0000e+00
       1338    216.999     2.8992   3.090390    34.0618    27.1451 0.0000e+00
       1339    217.053     2.9012   3.090839    34.0651    27.1476 0.0000e+00
       1340    217.101     2.9040   3.091322    34.0680    27.1497 0.0000e+00
       1341    217.140     2.9068   3.091665    34.0692    27.1504 0.0000e+00
       1342    217.170     2.9097   3.091851    34.0684    27.1495 0.0000e+00
       1343    217.195     2.9125   3.091912    34.0662    27.1475 0.0000e+00
       1344    217.221     2.9140   3.091920    34.0647    27.1461 0.0000e+00
       1345    217.256     2.9140   3.092005    34.0657    27.1469 0.0000e+00
       1346    217.312     2.9141   3.092141    34.0672    27.1481 0.0000e+00
       1347    217.379     2.9149   3.092180    34.0668    27.1477 0.0000e+00
       1348    217.438     2.9157   3.092151    34.0656    27.1467 0.0000e+00
       1349    217.483     2.9164   3.092223    34.0657    27.1467 0.0000e+00
       1350    217.522     2.9177   3.092361    34.0660    27.1468 0.0000e+00
       1351    217.560     2.9187   3.092391    34.0652    27.1462 0.0000e+00
       1352    217.603     2.9185   3.092350    34.0649    27.1459 0.0000e+00
       1353    217.658     2.9177   3.092374    34.0660    27.1469 0.0000e+00
       1354    217.727     2.9178   3.092426    34.0665    27.1473 0.0000e+00
       1355    217.802     2.9183   3.092427    34.0660    27.1468 0.0000e+00
       1356    217.876     2.9187   3.092376    34.0649    27.1459 0.0000e+00
       1357    217.951     2.9185   3.092348    34.0647    27.1458 0.0000e+00
       1358    218.036     2.9181   3.092421    34.0660    27.1468 0.0000e+00
       1359    218.133     2.9179   3.092470    34.0667    27.1474 0.0000e+00
       1360    218.224     2.9181   3.092408    34.0657    27.1466 0.0000e+00
       1361    218.289     2.9185   3.092379    34.0649    27.1459 0.0000e+00
       1362    218.343     2.9192   3.092447    34.0650    27.1459 0.0000e+00
       1363    218.417     2.9198   3.092583    34.0660    27.1466 0.0000e+00
       1364    218.522     2.9206   3.092769    34.0673    27.1477 0.0000e+00
       1365    218.645     2.9219   3.092917    34.0677    27.1478 0.0000e+00
       1366    218.770     2.9233   3.093026    34.0675    27.1475 0.0000e+00
       1367    218.887     2.9243   3.093065    34.0668    27.1469 0.0000e+00
       1368    218.989     2.9246   3.092955    34.0651    27.1455 0.0000e+00
       1369    219.092     2.9238   3.092768    34.0636    27.1444 0.0000e+00
       1370    219.214     2.9225   3.092681    34.0639    27.1447 0.0000e+00
       1371    219.357     2.9222   3.092842    34.0661    27.1465 0.0000e+00
       1372    219.513     2.9233   3.093136    34.0684    27.1483 0.0000e+00
       1373    219.671     2.9248   3.093260    34.0682    27.1480 0.0000e+00
       1374    219.817     2.9251   3.093164    34.0667    27.1467 0.0000e+00
       1375    219.946     2.9247   3.093069    34.0659    27.1461 0.0000e+00
       1376    220.069     2.9246   3.093070    34.0659    27.1462 0.0000e+00
       1377    220.205     2.9248   3.093095    34.0659    27.1462 0.0000e+00
       1378    220.365     2.9247   3.093173    34.0669    27.1470 0.0000e+00
       1379    220.539     2.9249   3.093342    34.0687    27.1483 0.0000e+00
       1380    220.702     2.9261   3.093511    34.0694    27.1488 0.0000e+00
       1381    220.843     2.9276   3.093590    34.0687    27.1481 0.0000e+00
       1382    220.984     2.9284   3.093602    34.0679    27.1474 0.0000e+00
       1383    221.149     2.9282   3.093672    34.0689    27.1482 0.0000e+00
       1384    221.330     2.9282   3.093785    34.0701    27.1492 0.0000e+00
       1385    221.499     2.9288   3.093830    34.0700    27.1490 0.0000e+00
       1386    221.648     2.9296   3.093824    34.0690    27.1482 0.0000e+00
       1387    221.794     2.9302   3.093812    34.0681    27.1474 0.0000e+00
       1388    221.957     2.9300   3.093800    34.0681    27.1474 0.0000e+00
       1389    222.142     2.9295   3.093803    34.0685    27.1478 0.0000e+00
       1390    222.339     2.9293   3.093794    34.0685    27.1478 0.0000e+00
       1391    222.533     2.9294   3.093744    34.0677    27.1472 0.0000e+00
       1392    222.719     2.9293   3.093688    34.0670    27.1466 0.0000e+00
       1393    222.905     2.9295   3.093698    34.0668    27.1465 0.0000e+00
       1394    223.096     2.9298   3.093766    34.0672    27.1468 0.0000e+00
       1395    223.293     2.9301   3.093819    34.0675    27.1469 0.0000e+00
       1396    223.494     2.9303   3.093878    34.0679    27.1472 0.0000e+00
       1397    223.690     2.9305   3.093993    34.0689    27.1481 0.0000e+00
       1398    223.871     2.9310   3.094104    34.0697    27.1486 0.0000e+00
       1399    224.032     2.9319   3.094176    34.0695    27.1484 0.0000e+00
       1400    224.187     2.9326   3.094236    34.0694    27.1483 0.0000e+00
       1401    224.362     2.9329   3.094285    34.0696    27.1484 0.0000e+00
       1402    224.564     2.9328   3.094314    34.0700    27.1487 0.0000e+00
       1403    224.768     2.9329   3.094293    34.0695    27.1483 0.0000e+00
       1404    224.958     2.9330   3.094235    34.0686    27.1475 0.0000e+00
       1405    225.148     2.9330   3.094213    34.0682    27.1472 0.0000e+00
       1406    225.347     2.9330   3.094259    34.0686    27.1476 0.0000e+00
       1407    225.551     2.9334   3.094358    34.0693    27.1481 0.0000e+00
       1408    225.754     2.9340   3.094450    34.0697    27.1484 0.0000e+00
       1409    225.961     2.9345   3.094499    34.0696    27.1483 0.0000e+00
       1410    226.179     2.9349   3.094527    34.0694    27.1481 0.0000e+00
       1411    226.406     2.9349   3.094548    34.0696    27.1482 0.0000e+00
       1412    226.635     2.9350   3.094559    34.0695    27.1481 0.0000e+00
       1413    226.861     2.9350   3.094569    34.0695    27.1481 0.0000e+00
       1414    227.072     2.9350   3.094587    34.0696    27.1482 0.0000e+00
       1415    227.251     2.9352   3.094608    34.0695    27.1481 0.0000e+00
       1416    227.405     2.9355   3.094627    34.0694    27.1480 0.0000e+00
       1417    227.575     2.9354   3.094634    34.0695    27.1480 0.0000e+00
       1418    227.798     2.9349   3.094642    34.0700    27.1485 0.0000e+00
       1419    228.069     2.9348   3.094681    34.0704    27.1488 0.0000e+00
       1420    228.351     2.9352   3.094761    34.0708    27.1491 0.0000e+00
       1421    228.604     2.9360   3.094847    34.0709    27.1491 0.0000e+00
       1422    228.825     2.9368   3.094906    34.0706    27.1488 0.0000e+00
       1423    229.033     2.9372   3.094929    34.0704    27.1486 0.0000e+00
       1424    229.237     2.9372   3.094937    34.0703    27.1486 0.0000e+00
       1425    229.446     2.9371   3.094951    34.0705    27.1487 0.0000e+00
       1426    229.658     2.9371   3.094970    34.0706    27.1488 0.0000e+00
       1427    229.853     2.9372   3.094992    34.0707    27.1489 0.0000e+00
       1428    230.021     2.9374   3.095017    34.0707    27.1488 0.0000e+00
       1429    230.183     2.9375   3.095037    34.0707    27.1489 0.0000e+00
       1430    230.357     2.9375   3.095059    34.0709    27.1490 0.0000e+00
       1431    230.532     2.9376   3.095084    34.0710    27.1491 0.0000e+00
       1432    230.684     2.9379   3.095103    34.0708    27.1489 0.0000e+00
       1433    230.814     2.9381   3.095117    34.0707    27.1488 0.0000e+00
       1434    230.945     2.9382   3.095132    34.0707    27.1488 0.0000e+00
       1435    231.081     2.9381   3.095139    34.0708    27.1489 0.0000e+00
