Datasets/Multi_Species/TEL214/tel214_2020_031.cnv
* Sea-Bird SBE19plus Data File:
* Filename = C:/AQUIRE/tel214_2020_031.hex
* Software Version AquireV2 AF V2.0
* Temperature SN =  7853
* Conductivity SN =  7853
* System UpLoad Time = Nov 15 2020 12:08:35
* <ApplicationData>
* <AQUIREV2>
** VESSEL/TRIP/SEQ STN: tel214_2020_031
** LATITUDE: 53 14.25 N
** LONGITUDE: 52 07.01 W
** DATE/TIME: 2020-11-15 10:23
** SOUNDING DEPTH (M): 0645
** PROBE TYPE: S7853
** CTD NUMBER: 031
** COMMENTS: 
# nquan = 7                                 
# nvalues = 6159                        
# units = specified
# name 0 = scan: Scan Count
# name 1 = prdM: Pressure, Strain Gauge [db]
# name 2 = tv290C: Temperature [ITS-90, deg C]
# name 3 = c0S/m: Conductivity [S/m]
# name 4 = sal00: Salinity, Practical [PSU]
# name 5 = sigma-t00: Density [sigma-t, kg/m^3 ]
# name 6 = flag: flag
# span 0 =          1,       6159       
# span 1 =     -1.060,    630.209       
# span 2 =     1.2493,     4.0815       
# span 3 =  -0.000031,   3.256960       
# span 4 =    -0.0009,    34.8398       
# span 5 =    -0.0865,    27.6891       
# span 6 = 0.0000e+00, 0.0000e+00       
# interval = seconds: 1
# start_time = Nov 15 2020 10:23:24 [Instrument's time stamp, header]
# bad_flag = -9.990e-29
*END*
[from data line 2462]
       2463     -1.041     1.6199   0.000135     0.0001    -0.0707 0.0000e+00
       2464     -1.044     1.6195   0.000132     0.0001    -0.0707 0.0000e+00
       2465     -1.046     1.6185   0.000126     0.0000    -0.0708 0.0000e+00
       2466     -1.044     1.6172   0.000121     0.0000    -0.0709 0.0000e+00
       2467     -1.041     1.6130   0.000106    -0.0001    -0.0711 0.0000e+00
       2468     -1.041     1.6050   0.000081    -0.0003    -0.0714 0.0000e+00
       2469     -1.044     1.5962   0.000054    -0.0004    -0.0717 0.0000e+00
       2470     -1.045     1.5901   0.000040    -0.0005    -0.0720 0.0000e+00
       2471     -1.045     1.5866   0.000038    -0.0005    -0.0721 0.0000e+00
       2472     -1.048     1.5843   0.000040    -0.0005    -0.0722 0.0000e+00
       2473     -1.051     1.5826   0.000044    -0.0005    -0.0723 0.0000e+00
       2474     -1.051     1.5811   0.000046    -0.0005    -0.0723 0.0000e+00
       2475     -1.051     1.5806   0.000053    -0.0004    -0.0723 0.0000e+00
       2476     -1.051     1.5823   0.000067    -0.0004    -0.0723 0.0000e+00
       2477     -1.047     1.5842   0.000078    -0.0003    -0.0722 0.0000e+00
       2478     -1.043     1.5825   0.000075    -0.0003    -0.0723 0.0000e+00
       2479     -1.043     1.5772   0.000063    -0.0004    -0.0725 0.0000e+00
       2480     -1.046     1.5711   0.000050    -0.0005    -0.0727 0.0000e+00
       2481     -1.049     1.5652   0.000038    -0.0005    -0.0730 0.0000e+00
       2482     -1.049     1.5608   0.000032    -0.0006    -0.0731 0.0000e+00
       2483     -1.047     1.5614   0.000043    -0.0005    -0.0731 0.0000e+00
       2484     -1.047     1.5688   0.000076    -0.0003    -0.0728 0.0000e+00
       2485     -1.049     1.5802   0.000119    -0.0000    -0.0724 0.0000e+00
       2486     -1.051     1.5905   0.000153     0.0002    -0.0718 0.0000e+00
       2487     -1.052     1.5974   0.000173     0.0003    -0.0714 0.0000e+00
       2488     -1.050     1.6022   0.000182     0.0004    -0.0711 0.0000e+00
       2489     -1.048     1.6058   0.000185     0.0004    -0.0710 0.0000e+00
       2490     -1.046     1.6073   0.000182     0.0004    -0.0709 0.0000e+00
       2491     -1.045     1.6061   0.000171     0.0003    -0.0711 0.0000e+00
       2492     -1.048     1.6036   0.000157     0.0002    -0.0712 0.0000e+00
       2493     -1.051     1.6013   0.000146     0.0002    -0.0714 0.0000e+00
       2494     -1.050     1.5989   0.000134     0.0001    -0.0715 0.0000e+00
       2495     -1.048     1.5959   0.000121    -0.0000    -0.0717 0.0000e+00
       2496     -1.048     1.5924   0.000108    -0.0001    -0.0719 0.0000e+00
       2497     -1.048     1.5888   0.000097    -0.0002    -0.0720 0.0000e+00
       2498     -1.047     1.5876   0.000095    -0.0002    -0.0721 0.0000e+00
       2499     -1.044     1.5907   0.000107    -0.0001    -0.0719 0.0000e+00
       2500     -1.041     1.5959   0.000127     0.0000    -0.0717 0.0000e+00
       2501     -1.041     1.5975   0.000131     0.0001    -0.0716 0.0000e+00
       2502     -1.043     1.5933   0.000115    -0.0000    -0.0718 0.0000e+00
       2503     -1.043     1.5876   0.000097    -0.0002    -0.0721 0.0000e+00
       2504     -1.040     1.5863   0.000096    -0.0002    -0.0721 0.0000e+00
       2505     -1.038     1.5903   0.000111    -0.0001    -0.0720 0.0000e+00
       2506     -1.038     1.5956   0.000128     0.0000    -0.0717 0.0000e+00
       2507     -1.039     1.5992   0.000139     0.0001    -0.0715 0.0000e+00
       2508     -1.042     1.6012   0.000142     0.0001    -0.0714 0.0000e+00
       2509     -1.047     1.6032   0.000145     0.0002    -0.0713 0.0000e+00
       2510     -1.050     1.6065   0.000154     0.0002    -0.0711 0.0000e+00
       2511     -1.050     1.6105   0.000163     0.0003    -0.0709 0.0000e+00
       2512     -1.048     1.6118   0.000162     0.0003    -0.0709 0.0000e+00
       2513     -1.048     1.6077   0.000143     0.0001    -0.0711 0.0000e+00
       2514     -1.048     1.6008   0.000116    -0.0000    -0.0715 0.0000e+00
       2515     -1.048     1.5953   0.000098    -0.0002    -0.0718 0.0000e+00
       2516     -1.048     1.5936   0.000093    -0.0002    -0.0718 0.0000e+00
       2517     -1.049     1.5946   0.000100    -0.0001    -0.0718 0.0000e+00
       2518     -1.051     1.5968   0.000109    -0.0001    -0.0717 0.0000e+00
       2519     -1.052     1.5983   0.000115    -0.0000    -0.0716 0.0000e+00
       2520     -1.051     1.5986   0.000116    -0.0000    -0.0716 0.0000e+00
       2521     -1.051     1.5982   0.000115    -0.0000    -0.0716 0.0000e+00
       2522     -1.052     1.5971   0.000111    -0.0001    -0.0717 0.0000e+00
       2523     -1.050     1.5968   0.000111    -0.0001    -0.0717 0.0000e+00
       2524     -1.047     1.6001   0.000122     0.0000    -0.0716 0.0000e+00
       2525     -1.045     1.6056   0.000140     0.0001    -0.0712 0.0000e+00
       2526     -1.046     1.6098   0.000151     0.0002    -0.0710 0.0000e+00
       2527     -1.048     1.6126   0.000157     0.0002    -0.0709 0.0000e+00
       2528     -1.050     1.6164   0.000164     0.0003    -0.0707 0.0000e+00
       2529     -1.051     1.6200   0.000170     0.0003    -0.0705 0.0000e+00
       2530     -1.048     1.6210   0.000168     0.0003    -0.0705 0.0000e+00
       2531     -1.045     1.6212   0.000162     0.0003    -0.0705 0.0000e+00
       2532     -1.045     1.6242   0.000167     0.0003    -0.0704 0.0000e+00
       2533     -1.045     1.6289   0.000177     0.0004    -0.0701 0.0000e+00
       2534     -1.043     1.6329   0.000183     0.0004    -0.0699 0.0000e+00
       2535     -1.041     1.6363   0.000186     0.0005    -0.0698 0.0000e+00
       2536     -1.037     1.6401   0.000190     0.0005    -0.0696 0.0000e+00
       2537     -1.031     1.6426   0.000190     0.0005    -0.0695 0.0000e+00
       2538     -1.026     1.6429   0.000183     0.0004    -0.0695 0.0000e+00
       2539     -1.021     1.6418   0.000171     0.0004    -0.0696 0.0000e+00
       2540     -1.004     1.6406   0.013264     0.1097     0.0196 0.0000e+00
       2541     -0.946     1.6243   0.215338     2.0238     1.5709 0.0000e+00
       2542     -0.802     1.5648   1.101358    11.5774     9.2459 0.0000e+00
       2543     -0.569     1.4767   2.311259    25.9669    20.7681 0.0000e+00
       2544     -0.308     1.4108   2.816233    32.3307    25.8739 0.0000e+00
       2545     -0.047     1.3790   2.823856    32.4600    25.9797 0.0000e+00
       2546      0.216     1.3583   2.854122    32.8656    26.3066 0.0000e+00
       2547      0.447     1.3419   2.870920    33.0963    26.4929 0.0000e+00
       2548      0.639     1.3335   2.875257    33.1603    26.5448 0.0000e+00
       2549      0.808     1.3311   2.876726    33.1814    26.5620 0.0000e+00
       2550      0.919     1.3298   2.874717    33.1571    26.5426 0.0000e+00
       2551      0.956     1.3282   2.872452    33.1300    26.5209 0.0000e+00
       2552      0.969     1.3272   2.872838    33.1360    26.5257 0.0000e+00
       2553      1.004     1.3274   2.876637    33.1841    26.5644 0.0000e+00
       2554      1.086     1.3285   2.879363    33.2176    26.5912 0.0000e+00
       2555      1.218     1.3297   2.879915    33.2233    26.5957 0.0000e+00
       2556      1.363     1.3306   2.880093    33.2245    26.5966 0.0000e+00
       2557      1.488     1.3314   2.880129    33.2240    26.5962 0.0000e+00
       2558      1.587     1.3319   2.880115    33.2233    26.5955 0.0000e+00
       2559      1.644     1.3322   2.880117    33.2229    26.5952 0.0000e+00
       2560      1.571     1.3323   2.880105    33.2227    26.5950 0.0000e+00
       2561      1.281     1.3323   2.879977    33.2212    26.5939 0.0000e+00
       2562      0.819     1.3327   2.880023    33.2217    26.5942 0.0000e+00
       2563      0.328     1.3341   2.880604    33.2279    26.5991 0.0000e+00
       2564     -0.081     1.3367   2.881317    33.2344    26.6041 0.0000e+00
       2565     -0.347     1.3415   2.881602    33.2331    26.6028 0.0000e+00
       2566     -0.458     1.3471   2.881458    33.2254    26.5962 0.0000e+00
       2567     -0.469     1.3484   2.877304    33.1711    26.5526 0.0000e+00
       2568     -0.442     1.3462   2.838721    32.6830    26.1608 0.0000e+00
       2569     -0.397     1.3455   2.794702    32.1253    25.7132 0.0000e+00
       2570     -0.367     1.3462   2.757477    31.6533    25.3344 0.0000e+00
       2571     -0.382     1.3480   2.742998    31.4685    25.1859 0.0000e+00
       2572     -0.411     1.3495   2.818247    32.4197    25.9492 0.0000e+00
       2573     -0.431     1.3461   2.878450    33.1881    26.5664 0.0000e+00
       2574     -0.472     1.3392   2.876582    33.1717    26.5536 0.0000e+00
       2575     -0.513     1.3351   2.877586    33.1889    26.5677 0.0000e+00
       2576     -0.513     1.3341   2.878757    33.2048    26.5806 0.0000e+00
       2577     -0.489     1.3344   2.878871    33.2059    26.5814 0.0000e+00
       2578     -0.440     1.3357   2.879084    33.2073    26.5824 0.0000e+00
       2579     -0.375     1.3369   2.878848    33.2029    26.5789 0.0000e+00
       2580     -0.344     1.3368   2.877404    33.1846    26.5642 0.0000e+00
       2581     -0.382     1.3361   2.876882    33.1788    26.5595 0.0000e+00
       2582     -0.461     1.3361   2.878664    33.2015    26.5778 0.0000e+00
       2583     -0.533     1.3365   2.879816    33.2158    26.5892 0.0000e+00
       2584     -0.603     1.3369   2.879791    33.2151    26.5886 0.0000e+00
       2585     -0.660     1.3373   2.879995    33.2173    26.5903 0.0000e+00
       2586     -0.679     1.3381   2.880218    33.2193    26.5919 0.0000e+00
       2587     -0.665     1.3392   2.880358    33.2199    26.5923 0.0000e+00
       2588     -0.652     1.3401   2.880465    33.2203    26.5926 0.0000e+00
       2589     -0.692     1.3410   2.880555    33.2205    26.5927 0.0000e+00
       2590     -0.753     1.3419   2.880659    33.2209    26.5929 0.0000e+00
       2591     -0.787     1.3423   2.880729    33.2214    26.5933 0.0000e+00
       2592     -0.809     1.3426   2.880760    33.2215    26.5934 0.0000e+00
       2593     -0.815     1.3433   2.880810    33.2214    26.5932 0.0000e+00
       2594     -0.800     1.3441   2.880892    33.2215    26.5933 0.0000e+00
       2595     -0.781     1.3442   2.880933    33.2220    26.5936 0.0000e+00
       2596     -0.763     1.3437   2.880892    33.2220    26.5937 0.0000e+00
       2597     -0.751     1.3432   2.880836    33.2218    26.5936 0.0000e+00
       2598     -0.731     1.3432   2.880861    33.2221    26.5938 0.0000e+00
       2599     -0.656     1.3439   2.880940    33.2223    26.5939 0.0000e+00
       2600     -0.496     1.3447   2.881007    33.2222    26.5938 0.0000e+00
       2601     -0.285     1.3453   2.881092    33.2225    26.5940 0.0000e+00
       2602     -0.123     1.3461   2.881192    33.2229    26.5942 0.0000e+00
       2603     -0.097     1.3467   2.881254    33.2230    26.5943 0.0000e+00
       2604     -0.199     1.3473   2.881266    33.2226    26.5939 0.0000e+00
       2605     -0.346     1.3476   2.881239    33.2220    26.5934 0.0000e+00
       2606     -0.472     1.3468   2.881182    33.2222    26.5937 0.0000e+00
       2607     -0.528     1.3457   2.881135    33.2228    26.5942 0.0000e+00
       2608     -0.490     1.3451   2.881123    33.2232    26.5946 0.0000e+00
       2609     -0.405     1.3454   2.881139    33.2231    26.5945 0.0000e+00
       2610     -0.377     1.3462   2.881171    33.2226    26.5941 0.0000e+00
       2611     -0.425     1.3468   2.881177    33.2221    26.5936 0.0000e+00
       2612     -0.471     1.3471   2.881174    33.2218    26.5933 0.0000e+00
       2613     -0.521     1.3472   2.881175    33.2217    26.5932 0.0000e+00
       2614     -0.597     1.3469   2.881136    33.2216    26.5932 0.0000e+00
       2615     -0.612     1.3465   2.881089    33.2214    26.5931 0.0000e+00
       2616     -0.551     1.3466   2.881078    33.2211    26.5928 0.0000e+00
       2617     -0.536     1.3469   2.881070    33.2207    26.5925 0.0000e+00
       2618     -0.609     1.3469   2.881063    33.2206    26.5924 0.0000e+00
       2619     -0.701     1.3468   2.881085    33.2211    26.5928 0.0000e+00
       2620     -0.765     1.3474   2.881154    33.2214    26.5930 0.0000e+00
       2621     -0.797     1.3487   2.881314    33.2220    26.5934 0.0000e+00
       2622     -0.785     1.3505   2.881532    33.2229    26.5940 0.0000e+00
       2623     -0.748     1.3518   2.881690    33.2235    26.5944 0.0000e+00
       2624     -0.753     1.3521   2.881775    33.2243    26.5950 0.0000e+00
       2625     -0.792     1.3518   2.881794    33.2248    26.5955 0.0000e+00
       2626     -0.815     1.3510   2.881736    33.2250    26.5956 0.0000e+00
       2627     -0.828     1.3502   2.881640    33.2246    26.5954 0.0000e+00
       2628     -0.846     1.3492   2.881545    33.2245    26.5953 0.0000e+00
       2629     -0.850     1.3485   2.881494    33.2246    26.5955 0.0000e+00
       2630     -0.836     1.3480   2.881428    33.2242    26.5952 0.0000e+00
       2631     -0.838     1.3467   2.881192    33.2226    26.5940 0.0000e+00
       2632     -0.842     1.3451   2.880682    33.2178    26.5903 0.0000e+00
       2633     -0.821     1.3441   2.880229    33.2131    26.5866 0.0000e+00
       2634     -0.789     1.3439   2.880252    33.2136    26.5870 0.0000e+00
       2635     -0.760     1.3443   2.880482    33.2161    26.5889 0.0000e+00
       2636     -0.746     1.3444   2.880588    33.2173    26.5899 0.0000e+00
       2637     -0.775     1.3440   2.880558    33.2174    26.5900 0.0000e+00
       2638     -0.824     1.3434   2.880494    33.2172    26.5899 0.0000e+00
       2639     -0.838     1.3432   2.880498    33.2175    26.5901 0.0000e+00
       2640     -0.821     1.3439   2.880542    33.2173    26.5899 0.0000e+00
       2641     -0.804     1.3448   2.880597    33.2171    26.5897 0.0000e+00
       2642     -0.806     1.3456   2.880660    33.2170    26.5896 0.0000e+00
       2643     -0.818     1.3462   2.880730    33.2173    26.5898 0.0000e+00
       2644     -0.824     1.3466   2.880791    33.2176    26.5900 0.0000e+00
       2645     -0.827     1.3468   2.880816    33.2177    26.5901 0.0000e+00
       2646     -0.825     1.3466   2.880819    33.2180    26.5903 0.0000e+00
       2647     -0.825     1.3468   2.880832    33.2179    26.5902 0.0000e+00
       2648     -0.826     1.3472   2.880860    33.2179    26.5902 0.0000e+00
       2649     -0.810     1.3477   2.880906    33.2179    26.5902 0.0000e+00
       2650     -0.792     1.3481   2.880996    33.2186    26.5907 0.0000e+00
       2651     -0.795     1.3485   2.881105    33.2196    26.5915 0.0000e+00
       2652     -0.802     1.3489   2.881156    33.2198    26.5916 0.0000e+00
       2653     -0.798     1.3491   2.881159    33.2196    26.5915 0.0000e+00
       2654     -0.795     1.3491   2.881161    33.2197    26.5915 0.0000e+00
       2655     -0.799     1.3489   2.881142    33.2196    26.5915 0.0000e+00
       2656     -0.795     1.3483   2.881056    33.2192    26.5911 0.0000e+00
       2657     -0.748     1.3478   2.880962    33.2185    26.5906 0.0000e+00
       2658     -0.672     1.3477   2.880945    33.2183    26.5905 0.0000e+00
       2659     -0.647     1.3479   2.880934    33.2180    26.5902 0.0000e+00
       2660     -0.689     1.3481   2.880897    33.2173    26.5897 0.0000e+00
       2661     -0.743     1.3479   2.880866    33.2171    26.5895 0.0000e+00
       2662     -0.783     1.3474   2.880832    33.2173    26.5897 0.0000e+00
       2663     -0.806     1.3470   2.880809    33.2174    26.5898 0.0000e+00
       2664     -0.812     1.3471   2.880807    33.2173    26.5897 0.0000e+00
       2665     -0.809     1.3473   2.880819    33.2172    26.5896 0.0000e+00
       2666     -0.806     1.3476   2.880844    33.2172    26.5896 0.0000e+00
