Datasets/Multi_Species/TEL214/tel214_2020_007.cnv
* Sea-Bird SBE19plus Data File:
* Filename = C:/AQUIRE/tel214_2020_007.hex
* Software Version AquireV2 AF V2.0
* Temperature SN =  7853
* Conductivity SN =  7853
* System UpLoad Time = Nov 07 2020 05:59:37
* <ApplicationData>
* <AQUIREV2>
** VESSEL/TRIP/SEQ STN: tel214_2020_007
** LATITUDE: 53 30.33 N
** LONGITUDE: 053 11.05 W
** DATE/TIME: 2020-11-07 05:05
** SOUNDING DEPTH (M): 0243
** PROBE TYPE: S7853
** CTD NUMBER: 007
** COMMENTS: 
# nquan = 7                                 
# nvalues = 3101                        
# units = specified
# name 0 = scan: Scan Count
# name 1 = prdM: Pressure, Strain Gauge [db]
# name 2 = tv290C: Temperature [ITS-90, deg C]
# name 3 = c0S/m: Conductivity [S/m]
# name 4 = sal00: Salinity, Practical [PSU]
# name 5 = sigma-t00: Density [sigma-t, kg/m^3 ]
# name 6 = flag: flag
# span 0 =          1,       3101       
# span 1 =     -1.090,    240.536       
# span 2 =    -0.3579,     3.9697       
# span 3 =   0.000062,   3.198469       
# span 4 =    -0.0015,    34.2757       
# span 5 =    -0.1829,    27.2296       
# span 6 = 0.0000e+00, 0.0000e+00       
# interval = seconds: 1
# start_time = Nov 07 2020 05:05:41 [Instrument's time stamp, header]
# bad_flag = -9.990e-29
*END*
[from data line 411]
        412      8.649     1.2153   2.822105    32.6033    26.1052 0.0000e+00
        413      8.560     1.2142   2.822060    32.6039    26.1057 0.0000e+00
        414      8.444     1.2131   2.822016    32.6046    26.1063 0.0000e+00
        415      8.345     1.2130   2.821997    32.6045    26.1063 0.0000e+00
        416      8.293     1.2144   2.822103    32.6044    26.1061 0.0000e+00
        417      8.285     1.2159   2.822239    32.6046    26.1062 0.0000e+00
        418      8.289     1.2161   2.822257    32.6046    26.1062 0.0000e+00
        419      8.271     1.2153   2.822213    32.6049    26.1064 0.0000e+00
        420      8.225     1.2148   2.822182    32.6050    26.1066 0.0000e+00
        421      8.165     1.2155   2.822243    32.6051    26.1066 0.0000e+00
        422      8.118     1.2171   2.822380    32.6052    26.1066 0.0000e+00
        423      8.108     1.2179   2.822412    32.6048    26.1062 0.0000e+00
        424      8.102     1.2176   2.822364    32.6045    26.1060 0.0000e+00
        425      8.046     1.2170   2.822369    32.6052    26.1066 0.0000e+00
        426      7.941     1.2169   2.822413    32.6059    26.1072 0.0000e+00
        427      7.834     1.2172   2.822416    32.6057    26.1070 0.0000e+00
        428      7.773     1.2171   2.822343    32.6049    26.1064 0.0000e+00
        429      7.771     1.2158   2.822188    32.6043    26.1060 0.0000e+00
        430      7.802     1.2141   2.822011    32.6038    26.1057 0.0000e+00
        431      7.824     1.2129   2.821929    32.6040    26.1059 0.0000e+00
        432      7.813     1.2123   2.821932    32.6047    26.1065 0.0000e+00
        433      7.769     1.2125   2.821912    32.6042    26.1061 0.0000e+00
        434      7.706     1.2137   2.821948    32.6035    26.1054 0.0000e+00
        435      7.629     1.2159   2.822103    32.6032    26.1051 0.0000e+00
        436      7.531     1.2174   2.822221    32.6032    26.1050 0.0000e+00
        437      7.425     1.2174   2.822274    32.6039    26.1056 0.0000e+00
        438      7.356     1.2172   2.822322    32.6048    26.1063 0.0000e+00
        439      7.358     1.2174   2.822324    32.6046    26.1061 0.0000e+00
        440      7.415     1.2179   2.822333    32.6042    26.1057 0.0000e+00
        441      7.482     1.2186   2.822408    32.6043    26.1058 0.0000e+00
        442      7.512     1.2191   2.822452    32.6044    26.1058 0.0000e+00
        443      7.476     1.2191   2.822416    32.6039    26.1055 0.0000e+00
        444      7.376     1.2185   2.822353    32.6038    26.1054 0.0000e+00
        445      7.244     1.2177   2.822325    32.6044    26.1059 0.0000e+00
        446      7.120     1.2174   2.822353    32.6051    26.1065 0.0000e+00
        447      7.025     1.2174   2.822397    32.6057    26.1070 0.0000e+00
        448      6.958     1.2175   2.822389    32.6055    26.1069 0.0000e+00
        449      6.919     1.2174   2.822320    32.6048    26.1063 0.0000e+00
        450      6.910     1.2171   2.822255    32.6043    26.1059 0.0000e+00
        451      6.896     1.2166   2.822207    32.6042    26.1058 0.0000e+00
        452      6.816     1.2151   2.822105    32.6045    26.1062 0.0000e+00
        453      6.649     1.2118   2.821819    32.6044    26.1063 0.0000e+00
        454      6.455     1.2077   2.821406    32.6035    26.1059 0.0000e+00
        455      6.284     1.2055   2.821142    32.6026    26.1052 0.0000e+00
        456      6.105     1.2053   2.820961    32.6006    26.1036 0.0000e+00
        457      5.890     1.2050   2.820699    32.5977    26.1013 0.0000e+00
        458      5.672     1.2038   2.820436    32.5957    26.0998 0.0000e+00
        459      5.509     1.2026   2.820287    32.5951    26.0994 0.0000e+00
        460      5.434     1.2018   2.820318    32.5964    26.1005 0.0000e+00
        461      5.422     1.2015   2.820390    32.5977    26.1015 0.0000e+00
        462      5.415     1.2013   2.820301    32.5967    26.1008 0.0000e+00
        463      5.386     1.2010   2.820124    32.5948    26.0993 0.0000e+00
        464      5.355     1.2004   2.820043    32.5944    26.0990 0.0000e+00
        465      5.308     1.1999   2.820020    32.5947    26.0992 0.0000e+00
        466      5.130     1.1995   2.819938    32.5941    26.0988 0.0000e+00
        467      4.794     1.1991   2.819818    32.5932    26.0981 0.0000e+00
        468      4.423     1.1990   2.819715    32.5922    26.0973 0.0000e+00
        469      4.116     1.1987   2.819619    32.5915    26.0967 0.0000e+00
        470      3.892     1.1980   2.819512    32.5910    26.0964 0.0000e+00
        471      3.710     1.1974   2.819423    32.5906    26.0961 0.0000e+00
        472      3.493     1.1974   2.819350    32.5898    26.0954 0.0000e+00
        473      3.233     1.1973   2.819226    32.5884    26.0944 0.0000e+00
        474      3.023     1.1970   2.819105    32.5873    26.0935 0.0000e+00
        475      2.866     1.1966   2.819032    32.5869    26.0932 0.0000e+00
        476      2.674     1.1963   2.818911    32.5858    26.0923 0.0000e+00
        477      2.513     1.1959   2.818782    32.5847    26.0914 0.0000e+00
        478      2.509     1.1956   2.818785    32.5850    26.0917 0.0000e+00
        479      2.628     1.1954   2.818866    32.5862    26.0927 0.0000e+00
        480      2.786     1.1953   2.818954    32.5873    26.0936 0.0000e+00
        481      2.898     1.1953   2.819038    32.5883    26.0944 0.0000e+00
        482      2.831     1.1953   2.819018    32.5881    26.0942 0.0000e+00
        483      2.591     1.1951   2.818889    32.5868    26.0932 0.0000e+00
        484      2.342     1.1952   2.818779    32.5854    26.0921 0.0000e+00
        485      2.177     1.1953   2.818713    32.5846    26.0914 0.0000e+00
        486      2.094     1.1952   2.818668    32.5842    26.0911 0.0000e+00
        487      2.076     1.1949   2.818653    32.5843    26.0912 0.0000e+00
        488      2.096     1.1944   2.818666    32.5850    26.0918 0.0000e+00
        489      2.101     1.1942   2.818680    32.5854    26.0921 0.0000e+00
        490      2.051     1.1943   2.818663    32.5851    26.0919 0.0000e+00
        491      1.977     1.1946   2.818641    32.5845    26.0914 0.0000e+00
        492      1.895     1.1949   2.818603    32.5838    26.0908 0.0000e+00
        493      1.806     1.1951   2.818598    32.5835    26.0906 0.0000e+00
        494      1.723     1.1962   2.818685    32.5835    26.0905 0.0000e+00
        495      1.632     1.1978   2.818100    32.5745    26.0831 0.0000e+00
        496      1.560     1.1976   2.818079    32.5745    26.0831 0.0000e+00
        497      1.512     1.1951   2.820058    32.6023    26.1057 0.0000e+00
        498      1.409     1.1933   2.821535    32.6231    26.1225 0.0000e+00
        499      1.202     1.1930   2.821666    32.6252    26.1242 0.0000e+00
        500      0.938     1.1931   2.821679    32.6254    26.1243 0.0000e+00
        501      0.744     1.1933   2.821684    32.6254    26.1243 0.0000e+00
        502      0.702     1.1935   2.821714    32.6256    26.1244 0.0000e+00
        503      0.776     1.1939   2.821792    32.6261    26.1248 0.0000e+00
        504      0.896     1.1946   2.821924    32.6270    26.1255 0.0000e+00
        505      1.034     1.1955   2.822060    32.6277    26.1260 0.0000e+00
        506      1.178     1.1964   2.822108    32.6273    26.1256 0.0000e+00
        507      1.282     1.1965   2.821998    32.6257    26.1244 0.0000e+00
        508      1.365     1.1957   2.821856    32.6247    26.1236 0.0000e+00
        509      1.519     1.1952   2.821843    32.6250    26.1239 0.0000e+00
        510      1.745     1.1954   2.821947    32.6260    26.1246 0.0000e+00
        511      1.925     1.1962   2.822055    32.6264    26.1249 0.0000e+00
        512      1.955     1.1969   2.822149    32.6268    26.1253 0.0000e+00
        513      1.856     1.1977   2.822291    32.6279    26.1260 0.0000e+00
        514      1.795     1.1987   2.822421    32.6285    26.1265 0.0000e+00
        515      1.901     1.1995   2.822502    32.6287    26.1266 0.0000e+00
        516      2.067     1.2006   2.822603    32.6287    26.1265 0.0000e+00
        517      2.140     1.2014   2.822666    32.6286    26.1264 0.0000e+00
        518      2.185     1.2016   2.822637    32.6280    26.1259 0.0000e+00
        519      2.340     1.2014   2.822588    32.6275    26.1255 0.0000e+00
        520      2.604     1.2009   2.822530    32.6272    26.1253 0.0000e+00
        521      2.884     1.2001   2.822437    32.6266    26.1249 0.0000e+00
        522      3.109     1.1993   2.822357    32.6263    26.1247 0.0000e+00
        523      3.247     1.1987   2.822319    32.6264    26.1248 0.0000e+00
        524      3.281     1.1982   2.822299    32.6267    26.1250 0.0000e+00
        525      3.251     1.1980   2.822273    32.6265    26.1249 0.0000e+00
        526      3.246     1.1980   2.822336    32.6274    26.1256 0.0000e+00
        527      3.318     1.1993   2.822591    32.6292    26.1270 0.0000e+00
        528      3.459     1.2016   2.822898    32.6306    26.1280 0.0000e+00
        529      3.630     1.2040   2.823117    32.6308    26.1280 0.0000e+00
        530      3.825     1.2058   2.823280    32.6309    26.1280 0.0000e+00
        531      4.055     1.2067   2.823292    32.6300    26.1272 0.0000e+00
        532      4.301     1.2062   2.823180    32.6289    26.1264 0.0000e+00
        533      4.536     1.2047   2.823027    32.6284    26.1260 0.0000e+00
        534      4.735     1.2027   2.822804    32.6276    26.1255 0.0000e+00
        535      4.903     1.2013   2.822669    32.6272    26.1253 0.0000e+00
        536      5.092     1.2010   2.822681    32.6276    26.1256 0.0000e+00
        537      5.309     1.2012   2.822760    32.6282    26.1261 0.0000e+00
        538      5.512     1.2019   2.822879    32.6289    26.1266 0.0000e+00
        539      5.702     1.2029   2.822982    32.6291    26.1267 0.0000e+00
        540      5.916     1.2036   2.823052    32.6291    26.1267 0.0000e+00
        541      6.180     1.2043   2.823145    32.6294    26.1269 0.0000e+00
        542      6.486     1.2053   2.823332    32.6306    26.1277 0.0000e+00
        543      6.801     1.2076   2.823712    32.6328    26.1294 0.0000e+00
        544      7.106     1.2111   2.824229    32.6356    26.1314 0.0000e+00
        545      7.412     1.2149   2.824627    32.6365    26.1319 0.0000e+00
        546      7.747     1.2175   2.824850    32.6365    26.1317 0.0000e+00
        547      8.117     1.2193   2.825006    32.6364    26.1315 0.0000e+00
        548      8.497     1.2207   2.825094    32.6358    26.1309 0.0000e+00
        549      8.869     1.2215   2.825103    32.6349    26.1301 0.0000e+00
        550      9.244     1.2219   2.825084    32.6340    26.1294 0.0000e+00
        551      9.638     1.2220   2.825087    32.6337    26.1292 0.0000e+00
        552     10.041     1.2222   2.825122    32.6337    26.1292 0.0000e+00
        553     10.433     1.2227   2.825166    32.6335    26.1290 0.0000e+00
        554     10.822     1.2228   2.825157    32.6331    26.1286 0.0000e+00
        555     11.219     1.2222   2.825051    32.6321    26.1279 0.0000e+00
        556     11.629     1.2209   2.824906    32.6314    26.1274 0.0000e+00
        557     12.038     1.2195   2.824835    32.6317    26.1278 0.0000e+00
        558     12.433     1.2187   2.824847    32.6325    26.1284 0.0000e+00
        559     12.827     1.2183   2.824867    32.6330    26.1288 0.0000e+00
        560     13.237     1.2180   2.824851    32.6328    26.1287 0.0000e+00
        561     13.658     1.2176   2.824797    32.6323    26.1284 0.0000e+00
        562     14.074     1.2168   2.824729    32.6321    26.1282 0.0000e+00
        563     14.481     1.2161   2.824728    32.6326    26.1286 0.0000e+00
        564     14.886     1.2163   2.824847    32.6336    26.1295 0.0000e+00
        565     15.291     1.2172   2.825020    32.6347    26.1303 0.0000e+00
        566     15.692     1.2183   2.825180    32.6353    26.1307 0.0000e+00
        567     16.111     1.2193   2.825342    32.6361    26.1313 0.0000e+00
        568     16.578     1.2205   2.825519    32.6369    26.1318 0.0000e+00
        569     17.081     1.2215   2.825670    32.6374    26.1322 0.0000e+00
        570     17.568     1.2224   2.825761    32.6374    26.1321 0.0000e+00
        571     18.003     1.2229   2.825801    32.6371    26.1319 0.0000e+00
        572     18.392     1.2231   2.825816    32.6369    26.1317 0.0000e+00
        573     18.769     1.2231   2.825836    32.6369    26.1317 0.0000e+00
        574     19.171     1.2230   2.825869    32.6372    26.1320 0.0000e+00
        575     19.615     1.2231   2.825916    32.6375    26.1321 0.0000e+00
        576     20.084     1.2233   2.825977    32.6378    26.1324 0.0000e+00
        577     20.549     1.2237   2.826056    32.6381    26.1326 0.0000e+00
        578     20.994     1.2243   2.826139    32.6383    26.1327 0.0000e+00
        579     21.416     1.2249   2.826225    32.6385    26.1329 0.0000e+00
        580     21.830     1.2254   2.826325    32.6390    26.1332 0.0000e+00
        581     22.254     1.2262   2.826428    32.6393    26.1334 0.0000e+00
        582     22.697     1.2269   2.826519    32.6394    26.1335 0.0000e+00
        583     23.152     1.2275   2.826602    32.6396    26.1336 0.0000e+00
        584     23.604     1.2280   2.826671    32.6397    26.1336 0.0000e+00
        585     24.056     1.2285   2.826727    32.6397    26.1336 0.0000e+00
        586     24.514     1.2291   2.826778    32.6394    26.1333 0.0000e+00
        587     24.979     1.2294   2.826820    32.6394    26.1333 0.0000e+00
        588     25.450     1.2294   2.826854    32.6395    26.1334 0.0000e+00
        589     25.918     1.2296   2.826892    32.6396    26.1334 0.0000e+00
        590     26.377     1.2298   2.826935    32.6396    26.1335 0.0000e+00
        591     26.826     1.2300   2.826985    32.6398    26.1336 0.0000e+00
        592     27.273     1.2301   2.827053    32.6403    26.1340 0.0000e+00
        593     27.727     1.2304   2.827144    32.6409    26.1344 0.0000e+00
        594     28.186     1.2308   2.827252    32.6416    26.1350 0.0000e+00
        595     28.645     1.2310   2.827345    32.6423    26.1355 0.0000e+00
        596     29.109     1.2311   2.827410    32.6428    26.1359 0.0000e+00
        597     29.582     1.2310   2.827458    32.6432    26.1363 0.0000e+00
        598     30.062     1.2306   2.827487    32.6437    26.1367 0.0000e+00
        599     30.544     1.2301   2.827497    32.6441    26.1370 0.0000e+00
        600     31.020     1.2296   2.827492    32.6443    26.1372 0.0000e+00
        601     31.485     1.2289   2.827470    32.6445    26.1374 0.0000e+00
        602     31.947     1.2279   2.827443    32.6449    26.1378 0.0000e+00
        603     32.417     1.2272   2.827424    32.6452    26.1381 0.0000e+00
        604     32.893     1.2266   2.827407    32.6453    26.1382 0.0000e+00
        605     33.364     1.2260   2.827390    32.6455    26.1384 0.0000e+00
        606     33.835     1.2254   2.827384    32.6457    26.1386 0.0000e+00
        607     34.313     1.2249   2.827388    32.6460    26.1389 0.0000e+00
        608     34.793     1.2245   2.827390    32.6462    26.1391 0.0000e+00
        609     35.269     1.2243   2.827397    32.6462    26.1391 0.0000e+00
        610     35.734     1.2243   2.827411    32.6462    26.1391 0.0000e+00
        611     36.187     1.2241   2.827420    32.6462    26.1391 0.0000e+00
        612     36.641     1.2238   2.827406    32.6461    26.1390 0.0000e+00
        613     37.106     1.2235   2.827377    32.6458    26.1388 0.0000e+00
        614     37.578     1.2232   2.827359    32.6456    26.1387 0.0000e+00
        615     38.050     1.2229   2.827365    32.6457    26.1388 0.0000e+00
