Datasets/Multi_Species/TEL214/tel214_2020_026.cnv
* Sea-Bird SBE19plus Data File:
* Filename = C:/AQUIRE/tel214_2020_026.hex
* Software Version AquireV2 AF V2.0
* Temperature SN =  7853
* Conductivity SN =  7853
* System UpLoad Time = Nov 14 2020 20:07:32
* <ApplicationData>
* <AQUIREV2>
** VESSEL/TRIP/SEQ STN: tel214_2020_026
** LATITUDE: 53 55.19 N
** LONGITUDE: 52 46.00 W
** DATE/TIME: 2020-11-14 18:45
** SOUNDING DEPTH (M): 0599
** PROBE TYPE: S7853
** CTD NUMBER: 026
** COMMENTS: 
# nquan = 7                                 
# nvalues = 4760                        
# units = specified
# name 0 = scan: Scan Count
# name 1 = prdM: Pressure, Strain Gauge [db]
# name 2 = tv290C: Temperature [ITS-90, deg C]
# name 3 = c0S/m: Conductivity [S/m]
# name 4 = sal00: Salinity, Practical [PSU]
# name 5 = sigma-t00: Density [sigma-t, kg/m^3 ]
# name 6 = flag: flag
# span 0 =          1,       4760       
# span 1 =     -1.061,    602.647       
# span 2 =     0.0780,     4.0355       
# span 3 =   0.000041,   3.257891       
# span 4 =    -0.0017,    34.8184       
# span 5 =    -0.1522,    27.6550       
# span 6 = 0.0000e+00, 0.0000e+00       
# interval = seconds: 1
# start_time = Nov 14 2020 18:45:16 [Instrument's time stamp, header]
# bad_flag = -9.990e-29
*END*
[from data line 4103]
       4104     87.795     3.5043   3.157548    34.3069    27.2844 0.0000e+00
       4105     86.392     3.5015   3.157030    34.3044    27.2827 0.0000e+00
       4106     84.912     3.4965   3.155949    34.2975    27.2777 0.0000e+00
       4107     83.354     3.4794   3.152629    34.2764    27.2625 0.0000e+00
       4108     81.759     3.4398   3.145991    34.2391    27.2366 0.0000e+00
       4109     80.190     3.3821   3.138306    34.2081    27.2174 0.0000e+00
       4110     78.709     3.3259   3.132809    34.2019    27.2178 0.0000e+00
       4111     77.345     3.2860   3.130041    34.2113    27.2291 0.0000e+00
       4112     76.054     3.2649   3.128838    34.2198    27.2378 0.0000e+00
       4113     74.750     3.2556   3.127630    34.2157    27.2354 0.0000e+00
       4114     73.419     3.2427   3.125313    34.2020    27.2257 0.0000e+00
       4115     72.177     3.2180   3.122218    34.1913    27.2195 0.0000e+00
       4116     71.113     3.1905   3.119735    34.1909    27.2217 0.0000e+00
       4117     70.162     3.1709   3.118686    34.1994    27.2303 0.0000e+00
       4118     69.269     3.1603   3.118564    34.2097    27.2395 0.0000e+00
       4119     68.443     3.1566   3.119521    34.2257    27.2526 0.0000e+00
       4120     67.683     3.1565   3.121358    34.2485    27.2708 0.0000e+00
       4121     66.968     3.1536   3.121899    34.2586    27.2791 0.0000e+00
       4122     66.264     3.1436   3.120325    34.2504    27.2736 0.0000e+00
       4123     65.538     3.1309   3.118425    34.2412    27.2674 0.0000e+00
       4124     64.769     3.1257   3.117819    34.2398    27.2667 0.0000e+00
       4125     63.970     3.1303   3.117303    34.2291    27.2577 0.0000e+00
       4126     63.186     3.1318   3.115450    34.2054    27.2387 0.0000e+00
       4127     62.434     3.1223   3.114023    34.1985    27.2341 0.0000e+00
       4128     61.676     3.1103   3.114419    34.2165    27.2495 0.0000e+00
       4129     60.885     3.1024   3.115018    34.2326    27.2631 0.0000e+00
       4130     60.075     3.0972   3.114486    34.2321    27.2632 0.0000e+00
       4131     59.261     3.0968   3.113940    34.2263    27.2586 0.0000e+00
       4132     58.452     3.1008   3.113500    34.2172    27.2510 0.0000e+00
       4133     57.659     3.1021   3.112617    34.2055    27.2415 0.0000e+00
       4134     56.875     3.0990   3.112359    34.2061    27.2423 0.0000e+00
       4135     56.083     3.0964   3.112957    34.2165    27.2509 0.0000e+00
       4136     55.275     3.0942   3.113046    34.2204    27.2542 0.0000e+00
       4137     54.447     3.0913   3.112276    34.2146    27.2498 0.0000e+00
       4138     53.600     3.0911   3.111901    34.2107    27.2467 0.0000e+00
       4139     52.752     3.0943   3.111858    34.2072    27.2436 0.0000e+00
       4140     51.902     3.0970   3.111630    34.2021    27.2393 0.0000e+00
       4141     51.031     3.0980   3.111862    34.2043    27.2410 0.0000e+00
       4142     50.155     3.0993   3.112503    34.2112    27.2464 0.0000e+00
       4143     49.316     3.1016   3.112762    34.2124    27.2471 0.0000e+00
       4144     48.525     3.1042   3.112442    34.2062    27.2419 0.0000e+00
       4145     47.747     3.1055   3.112151    34.2017    27.2382 0.0000e+00
       4146     46.935     3.1043   3.111927    34.2007    27.2375 0.0000e+00
       4147     46.068     3.1023   3.111455    34.1976    27.2352 0.0000e+00
       4148     45.163     3.1022   3.111252    34.1957    27.2337 0.0000e+00
       4149     44.247     3.1037   3.111273    34.1949    27.2329 0.0000e+00
       4150     43.315     3.1053   3.111214    34.1930    27.2312 0.0000e+00
       4151     42.360     3.1063   3.111298    34.1935    27.2315 0.0000e+00
       4152     41.410     3.1079   3.111342    34.1928    27.2309 0.0000e+00
       4153     40.498     3.1098   3.111223    34.1899    27.2283 0.0000e+00
       4154     39.633     3.1103   3.111262    34.1903    27.2286 0.0000e+00
       4155     38.807     3.1071   3.111090    34.1920    27.2303 0.0000e+00
       4156     38.022     3.0999   3.110263    34.1901    27.2294 0.0000e+00
       4157     37.305     3.0945   3.109687    34.1892    27.2292 0.0000e+00
       4158     36.675     3.0949   3.109751    34.1899    27.2297 0.0000e+00
       4159     36.121     3.0970   3.109600    34.1861    27.2265 0.0000e+00
       4160     35.627     3.0970   3.109281    34.1825    27.2236 0.0000e+00
       4161     35.168     3.0968   3.109343    34.1837    27.2246 0.0000e+00
       4162     34.712     3.0986   3.109557    34.1847    27.2252 0.0000e+00
       4163     34.261     3.1003   3.109490    34.1823    27.2232 0.0000e+00
       4164     33.860     3.0995   3.109071    34.1783    27.2200 0.0000e+00
       4165     33.542     3.0960   3.108559    34.1759    27.2185 0.0000e+00
       4166     33.297     3.0918   3.108237    34.1766    27.2194 0.0000e+00
       4167     33.082     3.0896   3.108179    34.1783    27.2210 0.0000e+00
       4168     32.848     3.0898   3.108306    34.1798    27.2222 0.0000e+00
       4169     32.576     3.0909   3.108538    34.1816    27.2235 0.0000e+00
       4170     32.281     3.0916   3.108797    34.1842    27.2255 0.0000e+00
       4171     31.983     3.0919   3.108907    34.1854    27.2264 0.0000e+00
       4172     31.700     3.0930   3.108715    34.1820    27.2236 0.0000e+00
       4173     31.452     3.0932   3.108277    34.1766    27.2193 0.0000e+00
       4174     31.242     3.0909   3.107974    34.1755    27.2186 0.0000e+00
       4175     31.041     3.0879   3.108073    34.1800    27.2225 0.0000e+00
       4176     30.812     3.0850   3.108149    34.1841    27.2260 0.0000e+00
       4177     30.555     3.0818   3.107899    34.1846    27.2267 0.0000e+00
       4178     30.299     3.0789   3.107676    34.1851    27.2274 0.0000e+00
       4179     30.054     3.0776   3.107654    34.1864    27.2285 0.0000e+00
       4180     29.818     3.0784   3.107753    34.1869    27.2288 0.0000e+00
       4181     29.603     3.0816   3.107842    34.1847    27.2268 0.0000e+00
       4182     29.416     3.0854   3.107755    34.1797    27.2225 0.0000e+00
       4183     29.254     3.0869   3.107538    34.1755    27.2190 0.0000e+00
       4184     29.114     3.0861   3.107321    34.1738    27.2177 0.0000e+00
       4185     28.987     3.0846   3.107254    34.1747    27.2185 0.0000e+00
       4186     28.846     3.0818   3.107304    34.1783    27.2217 0.0000e+00
       4187     28.656     3.0758   3.106960    34.1806    27.2241 0.0000e+00
       4188     28.412     3.0680   3.106182    34.1795    27.2239 0.0000e+00
       4189     28.137     3.0625   3.105595    34.1784    27.2235 0.0000e+00
       4190     27.858     3.0600   3.105398    34.1788    27.2241 0.0000e+00
       4191     27.593     3.0594   3.105423    34.1799    27.2250 0.0000e+00
       4192     27.352     3.0591   3.105479    34.1810    27.2259 0.0000e+00
       4193     27.132     3.0599   3.105605    34.1818    27.2265 0.0000e+00
       4194     26.934     3.0632   3.105947    34.1826    27.2268 0.0000e+00
       4195     26.754     3.0671   3.106198    34.1816    27.2257 0.0000e+00
       4196     26.564     3.0657   3.105841    34.1788    27.2236 0.0000e+00
       4197     26.338     3.0572   3.104710    34.1742    27.2207 0.0000e+00
       4198     26.068     3.0474   3.103568    34.1708    27.2189 0.0000e+00
       4199     25.764     3.0427   3.103386    34.1738    27.2216 0.0000e+00
       4200     25.443     3.0437   3.103921    34.1794    27.2261 0.0000e+00
       4201     25.128     3.0465   3.104338    34.1817    27.2276 0.0000e+00
       4202     24.842     3.0480   3.104423    34.1813    27.2272 0.0000e+00
       4203     24.592     3.0476   3.104381    34.1814    27.2272 0.0000e+00
       4204     24.370     3.0447   3.103963    34.1795    27.2260 0.0000e+00
       4205     24.156     3.0396   3.102981    34.1730    27.2213 0.0000e+00
       4206     23.936     3.0349   3.102191    34.1685    27.2181 0.0000e+00
       4207     23.704     3.0326   3.102080    34.1697    27.2193 0.0000e+00
       4208     23.457     3.0322   3.102257    34.1724    27.2215 0.0000e+00
       4209     23.202     3.0326   3.102429    34.1743    27.2229 0.0000e+00
       4210     22.941     3.0324   3.102462    34.1750    27.2236 0.0000e+00
       4211     22.676     3.0317   3.102281    34.1737    27.2226 0.0000e+00
       4212     22.403     3.0313   3.102140    34.1726    27.2217 0.0000e+00
       4213     22.120     3.0313   3.102290    34.1745    27.2233 0.0000e+00
       4214     21.835     3.0317   3.102569    34.1777    27.2258 0.0000e+00
       4215     21.554     3.0320   3.102743    34.1796    27.2273 0.0000e+00
       4216     21.276     3.0317   3.102721    34.1798    27.2275 0.0000e+00
       4217     20.995     3.0300   3.102220    34.1757    27.2243 0.0000e+00
       4218     20.722     3.0280   3.101192    34.1654    27.2163 0.0000e+00
       4219     20.462     3.0259   3.100406    34.1582    27.2108 0.0000e+00
       4220     20.197     3.0241   3.100311    34.1591    27.2116 0.0000e+00
       4221     19.923     3.0233   3.100441    34.1617    27.2138 0.0000e+00
       4222     19.628     3.0223   3.100445    34.1630    27.2149 0.0000e+00
       4223     19.300     3.0206   3.100330    34.1636    27.2155 0.0000e+00
       4224     18.958     3.0177   3.100129    34.1644    27.2164 0.0000e+00
       4225     18.617     3.0147   3.099715    34.1627    27.2153 0.0000e+00
       4226     18.266     3.0133   3.099130    34.1572    27.2111 0.0000e+00
       4227     17.873     3.0129   3.098760    34.1534    27.2081 0.0000e+00
       4228     17.439     3.0105   3.098717    34.1556    27.2101 0.0000e+00
       4229     17.025     3.0038   3.098176    34.1564    27.2113 0.0000e+00
       4230     16.717     2.9946   3.097021    34.1522    27.2088 0.0000e+00
       4231     16.516     2.9885   3.096415    34.1514    27.2087 0.0000e+00
       4232     16.305     2.9874   3.096453    34.1532    27.2102 0.0000e+00
       4233     15.976     2.9886   3.096526    34.1530    27.2099 0.0000e+00
       4234     15.517     2.9886   3.096401    34.1517    27.2089 0.0000e+00
       4235     14.987     2.9867   3.096130    34.1507    27.2083 0.0000e+00
       4236     14.450     2.9855   3.095988    34.1505    27.2083 0.0000e+00
       4237     13.938     2.9852   3.095959    34.1508    27.2085 0.0000e+00
       4238     13.472     2.9846   3.095852    34.1504    27.2082 0.0000e+00
       4239     13.089     2.9834   3.095673    34.1497    27.2078 0.0000e+00
       4240     12.803     2.9825   3.095533    34.1491    27.2074 0.0000e+00
       4241     12.586     2.9814   3.095389    34.1486    27.2071 0.0000e+00
       4242     12.398     2.9804   3.095255    34.1481    27.2068 0.0000e+00
       4243     12.206     2.9803   3.095272    34.1486    27.2072 0.0000e+00
       4244     11.942     2.9809   3.095341    34.1489    27.2074 0.0000e+00
       4245     11.578     2.9811   3.095325    34.1487    27.2072 0.0000e+00
       4246     11.162     2.9807   3.095259    34.1486    27.2071 0.0000e+00
       4247     10.733     2.9798   3.095115    34.1480    27.2068 0.0000e+00
       4248     10.298     2.9784   3.094917    34.1473    27.2063 0.0000e+00
       4249      9.864     2.9772   3.094804    34.1474    27.2066 0.0000e+00
       4250      9.448     2.9765   3.094738    34.1476    27.2068 0.0000e+00
       4251      9.094     2.9760   3.094637    34.1471    27.2064 0.0000e+00
       4252      8.832     2.9759   3.094576    34.1466    27.2060 0.0000e+00
       4253      8.642     2.9764   3.094618    34.1467    27.2060 0.0000e+00
       4254      8.434     2.9772   3.094689    34.1468    27.2061 0.0000e+00
       4255      8.116     2.9776   3.094713    34.1469    27.2061 0.0000e+00
       4256      7.686     2.9777   3.094704    34.1469    27.2061 0.0000e+00
       4257      7.172     2.9778   3.094694    34.1470    27.2061 0.0000e+00
       4258      6.562     2.9781   3.094670    34.1467    27.2059 0.0000e+00
       4259      5.883     2.9786   3.094651    34.1463    27.2055 0.0000e+00
       4260      5.206     2.9791   3.094674    34.1464    27.2056 0.0000e+00
       4261      4.567     2.9795   3.094692    34.1466    27.2057 0.0000e+00
       4262      3.999     2.9799   3.094677    34.1463    27.2054 0.0000e+00
       4263      3.533     2.9802   3.094649    34.1459    27.2050 0.0000e+00
       4264      3.132     2.9801   3.094627    34.1460    27.2051 0.0000e+00
       4265      2.742     2.9794   3.094570    34.1462    27.2054 0.0000e+00
       4266      2.401     2.9781   3.094449    34.1463    27.2056 0.0000e+00
       4267      2.155     2.9768   3.094331    34.1464    27.2057 0.0000e+00
       4268      1.943     2.9760   3.094261    34.1465    27.2059 0.0000e+00
       4269      1.657     2.9757   3.094219    34.1465    27.2059 0.0000e+00
       4270      1.278     2.9757   3.094205    34.1465    27.2059 0.0000e+00
       4271      0.907     2.9759   3.094224    34.1467    27.2061 0.0000e+00
       4272      0.670     2.9762   3.094252    34.1469    27.2062 0.0000e+00
       4273      0.553     2.9763   3.094236    34.1467    27.2060 0.0000e+00
       4274      0.387     2.9756   3.094127    34.1462    27.2057 0.0000e+00
       4275      0.118     2.9748   3.094010    34.1457    27.2054 0.0000e+00
       4276     -0.165     2.9745   3.093969    34.1457    27.2054 0.0000e+00
       4277     -0.418     2.9745   3.093971    34.1459    27.2055 0.0000e+00
       4278     -0.621     2.9743   3.093988    34.1464    27.2060 0.0000e+00
       4279     -0.757     2.9741   3.093984    34.1466    27.2062 0.0000e+00
       4280     -0.832     2.9739   3.093933    34.1463    27.2059 0.0000e+00
       4281     -0.871     2.9735   3.093874    34.1460    27.2057 0.0000e+00
       4282     -0.888     2.9733   3.093855    34.1460    27.2057 0.0000e+00
       4283     -0.880     2.9735   3.093874    34.1460    27.2057 0.0000e+00
       4284     -0.856     2.9739   3.093886    34.1457    27.2055 0.0000e+00
       4285     -0.826     2.9740   3.093858    34.1452    27.2051 0.0000e+00
       4286     -0.802     2.9738   3.088320    34.0778    27.1513 0.0000e+00
       4287     -0.806     2.9732   2.979676    32.7552    26.0957 0.0000e+00
       4288     -0.829     2.9725   2.337685    25.0831    19.9802 0.0000e+00
       4289     -0.854     2.9727   1.317451    13.4399    10.7126 0.0000e+00
       4290     -0.891     2.9741   1.109553    11.1628     8.8994 0.0000e+00
       4291     -0.929     2.9757   1.749940    18.2850    14.5686 0.0000e+00
       4292     -0.945     2.9767   2.219525    23.6957    18.8751 0.0000e+00
       4293     -0.941     2.9770   2.328240    24.9687    19.8888 0.0000e+00
       4294     -0.923     2.9771   1.983333    20.9553    16.6937 0.0000e+00
       4295     -0.899     2.9768   1.437670    14.7709    11.7720 0.0000e+00
       4296     -0.888     2.9760   1.625471    16.8758    13.4472 0.0000e+00
       4297     -0.891     2.9751   2.265451    24.2338    19.3037 0.0000e+00
       4298     -0.892     2.9746   2.490594    26.8859    21.4160 0.0000e+00
       4299     -0.889     2.9745   2.441123    26.3006    20.9498 0.0000e+00
       4300     -0.890     2.9746   2.450331    26.4094    21.0364 0.0000e+00
       4301     -0.896     2.9749   2.518989    27.2224    21.6841 0.0000e+00
       4302     -0.901     2.9753   2.638452    28.6439    22.8168 0.0000e+00
       4303     -0.906     2.9759   2.776351    30.2955    24.1334 0.0000e+00
       4304     -0.914     2.9763   2.843360    31.1021    24.7767 0.0000e+00
       4305     -0.924     2.9764   2.853360    31.2227    24.8728 0.0000e+00
       4306     -0.933     2.9768   2.872712    31.4560    25.0589 0.0000e+00
       4307     -0.942     2.9775   2.891084    31.6773    25.2354 0.0000e+00
