Datasets/Multi_Species/TEL214/tel214_2020_036.cnv
* Sea-Bird SBE19plus Data File:
* Filename = C:/AQUIRE/tel214_2020_036.hex
* Software Version AquireV2 AF V2.0
* Temperature SN =  8014
* Conductivity SN =  8014
* System UpLoad Time = Nov 16 2020 06:53:52
* <ApplicationData>
* <AQUIREV2>
** VESSEL/TRIP/SEQ STN: tel214_2020_036
** LATITUDE: 52 35.95 N
** LONGITUDE: 51 35.31 W
** DATE/TIME: 2020-11-16 05:02
** SOUNDING DEPTH (M): 0432
** PROBE TYPE: S8014
** CTD NUMBER: 036
** COMMENTS: 
# nquan = 7                                 
# nvalues = 6370                        
# units = specified
# name 0 = scan: Scan Count
# name 1 = prdM: Pressure, Strain Gauge [db]
# name 2 = tv290C: Temperature [ITS-90, deg C]
# name 3 = c0S/m: Conductivity [S/m]
# name 4 = sal00: Salinity, Practical [PSU]
# name 5 = sigma-t00: Density [sigma-t, kg/m^3 ]
# name 6 = flag: flag
# span 0 =          1,       6370       
# span 1 =     -0.473,    447.602       
# span 2 =     0.4948,     3.9923       
# span 3 =  -0.035906,   3.251875       
# span 4 =    -0.0015,    34.8152       
# span 5 =    -0.1260,    27.6531       
# span 6 = 0.0000e+00, 0.0000e+00       
# interval = seconds: 1
# start_time = Nov 16 2020 05:02:25 [Instrument's time stamp, header]
# bad_flag = -9.990e-29
*END*
[from data line 2052]
       2053      0.629     1.5299   2.909450    33.3858    26.7126 0.0000e+00
       2054      0.433     1.5292   2.909333    33.3852    26.7121 0.0000e+00
       2055      0.258     1.5282   2.909187    33.3845    26.7116 0.0000e+00
       2056      0.123     1.5274   2.909068    33.3839    26.7112 0.0000e+00
       2057      0.015     1.5267   2.908966    33.3835    26.7109 0.0000e+00
       2058     -0.078     1.5259   2.908890    33.3834    26.7109 0.0000e+00
       2059     -0.132     1.5252   2.908895    33.3842    26.7116 0.0000e+00
       2060     -0.132     1.5248   2.908945    33.3853    26.7125 0.0000e+00
       2061     -0.102     1.5250   2.908936    33.3849    26.7122 0.0000e+00
       2062     -0.079     1.5256   2.908924    33.3841    26.7115 0.0000e+00
       2063     -0.080     1.5263   2.908996    33.3843    26.7116 0.0000e+00
       2064     -0.082     1.5269   2.909069    33.3846    26.7118 0.0000e+00
       2065     -0.047     1.5273   2.909073    33.3842    26.7114 0.0000e+00
       2066      0.039     1.5272   2.909046    33.3839    26.7112 0.0000e+00
       2067      0.155     1.5269   2.909032    33.3840    26.7113 0.0000e+00
       2068      0.275     1.5267   2.909043    33.3843    26.7115 0.0000e+00
       2069      0.390     1.5266   2.909065    33.3846    26.7118 0.0000e+00
       2070      0.489     1.5265   2.909052    33.3845    26.7117 0.0000e+00
       2071      0.595     1.5265   2.909029    33.3841    26.7114 0.0000e+00
       2072      0.765     1.5268   2.909094    33.3845    26.7117 0.0000e+00
       2073      1.000     1.5273   2.909164    33.3848    26.7119 0.0000e+00
       2074      1.210     1.5272   2.909138    33.3844    26.7116 0.0000e+00
       2075      1.357     1.5267   2.909114    33.3846    26.7118 0.0000e+00
       2076      1.478     1.5265   2.909175    33.3855    26.7125 0.0000e+00
       2077      1.575     1.5267   2.909267    33.3864    26.7132 0.0000e+00
       2078      1.616     1.5271   2.909287    33.3862    26.7130 0.0000e+00
       2079      1.577     1.5274   2.909247    33.3854    26.7124 0.0000e+00
       2080      1.463     1.5277   2.909210    33.3847    26.7118 0.0000e+00
       2081      1.318     1.5278   2.909164    33.3840    26.7113 0.0000e+00
       2082      1.198     1.5276   2.909132    33.3839    26.7112 0.0000e+00
       2083      1.164     1.5276   2.909179    33.3845    26.7117 0.0000e+00
       2084      1.268     1.5278   2.909280    33.3855    26.7125 0.0000e+00
       2085      1.476     1.5279   2.909309    33.3857    26.7126 0.0000e+00
       2086      1.658     1.5274   2.909261    33.3855    26.7125 0.0000e+00
       2087      1.704     1.5269   2.909259    33.3860    26.7129 0.0000e+00
       2088      1.610     1.5275   2.909340    33.3864    26.7132 0.0000e+00
       2089      1.439     1.5285   2.909437    33.3867    26.7134 0.0000e+00
       2090      1.248     1.5290   2.909459    33.3865    26.7132 0.0000e+00
       2091      1.095     1.5292   2.909447    33.3863    26.7130 0.0000e+00
       2092      1.024     1.5296   2.909477    33.3863    26.7129 0.0000e+00
       2093      1.019     1.5301   2.909533    33.3864    26.7130 0.0000e+00
       2094      1.031     1.5307   2.909592    33.3865    26.7131 0.0000e+00
       2095      1.007     1.5308   2.909614    33.3867    26.7132 0.0000e+00
       2096      0.935     1.5302   2.909561    33.3867    26.7133 0.0000e+00
       2097      0.889     1.5293   2.909470    33.3866    26.7132 0.0000e+00
       2098      0.921     1.5284   2.909401    33.3866    26.7133 0.0000e+00
       2099      0.936     1.5279   2.909370    33.3868    26.7135 0.0000e+00
       2100      0.835     1.5278   2.909347    33.3866    26.7134 0.0000e+00
       2101      0.652     1.5278   2.909312    33.3863    26.7131 0.0000e+00
       2102      0.509     1.5281   2.909314    33.3861    26.7129 0.0000e+00
       2103      0.501     1.5288   2.909393    33.3863    26.7131 0.0000e+00
       2104      0.589     1.5294   2.909468    33.3866    26.7132 0.0000e+00
       2105      0.648     1.5294   2.909452    33.3864    26.7130 0.0000e+00
       2106      0.599     1.5291   2.909385    33.3859    26.7127 0.0000e+00
       2107      0.461     1.5286   2.909344    33.3860    26.7128 0.0000e+00
       2108      0.305     1.5284   2.909338    33.3862    26.7130 0.0000e+00
       2109      0.197     1.5286   2.909355    33.3863    26.7130 0.0000e+00
       2110      0.149     1.5291   2.909392    33.3862    26.7129 0.0000e+00
       2111      0.147     1.5294   2.909422    33.3863    26.7130 0.0000e+00
       2112      0.206     1.5296   2.909441    33.3863    26.7129 0.0000e+00
       2113      0.333     1.5297   2.909453    33.3862    26.7129 0.0000e+00
       2114      0.460     1.5296   2.909434    33.3860    26.7128 0.0000e+00
       2115      0.485     1.5290   2.909403    33.3863    26.7130 0.0000e+00
       2116      0.391     1.5286   2.909393    33.3866    26.7133 0.0000e+00
       2117      0.267     1.5288   2.909393    33.3865    26.7132 0.0000e+00
       2118      0.196     1.5295   2.909425    33.3862    26.7129 0.0000e+00
       2119      0.173     1.5305   2.909520    33.3863    26.7129 0.0000e+00
       2120      0.173     1.5317   2.909626    33.3864    26.7129 0.0000e+00
       2121      0.215     1.5324   2.909671    33.3862    26.7127 0.0000e+00
       2122      0.289     1.5324   2.909634    33.3857    26.7123 0.0000e+00
       2123      0.354     1.5320   2.909607    33.3857    26.7123 0.0000e+00
       2124      0.398     1.5318   2.909647    33.3864    26.7129 0.0000e+00
       2125      0.423     1.5318   2.909658    33.3866    26.7130 0.0000e+00
       2126      0.416     1.5318   2.909627    33.3862    26.7127 0.0000e+00
       2127      0.384     1.5322   2.909658    33.3862    26.7127 0.0000e+00
       2128      0.401     1.5327   2.909750    33.3868    26.7131 0.0000e+00
       2129      0.494     1.5331   2.909809    33.3870    26.7133 0.0000e+00
       2130      0.568     1.5331   2.909820    33.3871    26.7134 0.0000e+00
       2131      0.569     1.5328   2.909804    33.3873    26.7135 0.0000e+00
       2132      0.586     1.5323   2.909769    33.3873    26.7136 0.0000e+00
       2133      0.678     1.5319   2.909743    33.3874    26.7137 0.0000e+00
       2134      0.732     1.5318   2.909724    33.3872    26.7135 0.0000e+00
       2135      0.652     1.5315   2.909677    33.3870    26.7134 0.0000e+00
       2136      0.508     1.5309   2.909604    33.3868    26.7133 0.0000e+00
       2137      0.395     1.5303   2.909547    33.3868    26.7133 0.0000e+00
       2138      0.304     1.5299   2.909512    33.3868    26.7133 0.0000e+00
       2139      0.192     1.5297   2.909487    33.3868    26.7133 0.0000e+00
       2140      0.119     1.5298   2.909490    33.3867    26.7133 0.0000e+00
       2141      0.156     1.5300   2.909514    33.3868    26.7133 0.0000e+00
       2142      0.260     1.5301   2.909533    33.3869    26.7134 0.0000e+00
       2143      0.350     1.5303   2.909539    33.3867    26.7132 0.0000e+00
       2144      0.363     1.5303   2.909532    33.3866    26.7132 0.0000e+00
       2145      0.299     1.5301   2.909519    33.3867    26.7132 0.0000e+00
       2146      0.229     1.5301   2.909511    33.3866    26.7132 0.0000e+00
       2147      0.228     1.5302   2.909520    33.3866    26.7132 0.0000e+00
       2148      0.357     1.5304   2.909555    33.3868    26.7133 0.0000e+00
       2149      0.637     1.5305   2.909604    33.3871    26.7136 0.0000e+00
       2150      0.988     1.5303   2.909636    33.3876    26.7139 0.0000e+00
       2151      1.277     1.5303   2.909650    33.3876    26.7139 0.0000e+00
       2152      1.490     1.5309   2.909709    33.3876    26.7139 0.0000e+00
       2153      1.679     1.5325   2.909865    33.3877    26.7139 0.0000e+00
       2154      1.820     1.5347   2.910062    33.3878    26.7138 0.0000e+00
       2155      1.916     1.5362   2.910187    33.3877    26.7137 0.0000e+00
       2156      1.991     1.5371   2.910283    33.3879    26.7138 0.0000e+00
       2157      2.007     1.5376   2.910399    33.3889    26.7145 0.0000e+00
       2158      1.889     1.5379   2.910445    33.3892    26.7147 0.0000e+00
       2159      1.651     1.5379   2.910389    33.3886    26.7143 0.0000e+00
       2160      1.454     1.5377   2.910314    33.3880    26.7138 0.0000e+00
       2161      1.420     1.5374   2.910277    33.3879    26.7137 0.0000e+00
       2162      1.467     1.5369   2.910270    33.3883    26.7141 0.0000e+00
       2163      1.472     1.5364   2.910269    33.3888    26.7145 0.0000e+00
       2164      1.404     1.5363   2.910268    33.3889    26.7146 0.0000e+00
       2165      1.322     1.5365   2.910275    33.3889    26.7145 0.0000e+00
       2166      1.286     1.5366   2.910299    33.3891    26.7147 0.0000e+00
       2167      1.277     1.5364   2.910324    33.3896    26.7152 0.0000e+00
       2168      1.284     1.5362   2.910323    33.3898    26.7153 0.0000e+00
       2169      1.328     1.5362   2.910307    33.3896    26.7151 0.0000e+00
       2170      1.415     1.5362   2.910326    33.3898    26.7153 0.0000e+00
       2171      1.531     1.5364   2.910371    33.3901    26.7155 0.0000e+00
       2172      1.632     1.5366   2.910391    33.3900    26.7155 0.0000e+00
       2173      1.679     1.5366   2.910375    33.3898    26.7153 0.0000e+00
       2174      1.705     1.5364   2.910348    33.3897    26.7152 0.0000e+00
       2175      1.751     1.5362   2.910330    33.3896    26.7152 0.0000e+00
       2176      1.795     1.5359   2.910323    33.3898    26.7154 0.0000e+00
       2177      1.816     1.5358   2.910317    33.3899    26.7154 0.0000e+00
       2178      1.804     1.5358   2.910309    33.3898    26.7153 0.0000e+00
       2179      1.766     1.5358   2.910301    33.3897    26.7152 0.0000e+00
       2180      1.771     1.5360   2.910298    33.3894    26.7150 0.0000e+00
       2181      1.869     1.5364   2.910318    33.3892    26.7148 0.0000e+00
       2182      2.010     1.5369   2.910362    33.3891    26.7147 0.0000e+00
       2183      2.099     1.5371   2.910387    33.3892    26.7148 0.0000e+00
       2184      2.104     1.5370   2.910363    33.3890    26.7146 0.0000e+00
       2185      2.053     1.5370   2.910325    33.3885    26.7143 0.0000e+00
       2186      1.975     1.5371   2.910314    33.3883    26.7141 0.0000e+00
       2187      1.905     1.5373   2.910326    33.3883    26.7141 0.0000e+00
       2188      1.856     1.5373   2.910319    33.3883    26.7140 0.0000e+00
       2189      1.804     1.5371   2.910297    33.3882    26.7140 0.0000e+00
       2190      1.783     1.5370   2.910304    33.3884    26.7142 0.0000e+00
       2191      1.866     1.5370   2.910327    33.3887    26.7144 0.0000e+00
       2192      2.078     1.5370   2.910345    33.3888    26.7144 0.0000e+00
       2193      2.387     1.5368   2.910368    33.3891    26.7147 0.0000e+00
       2194      2.676     1.5368   2.910395    33.3893    26.7149 0.0000e+00
       2195      2.814     1.5368   2.910413    33.3894    26.7150 0.0000e+00
       2196      2.776     1.5368   2.910416    33.3895    26.7150 0.0000e+00
       2197      2.669     1.5369   2.910407    33.3893    26.7149 0.0000e+00
       2198      2.627     1.5371   2.910405    33.3891    26.7147 0.0000e+00
       2199      2.692     1.5372   2.910417    33.3891    26.7147 0.0000e+00
       2200      2.858     1.5370   2.910435    33.3895    26.7150 0.0000e+00
       2201      3.137     1.5370   2.910461    33.3896    26.7151 0.0000e+00
       2202      3.500     1.5371   2.910515    33.3900    26.7154 0.0000e+00
       2203      3.870     1.5374   2.910594    33.3905    26.7158 0.0000e+00
       2204      4.161     1.5378   2.910660    33.3907    26.7160 0.0000e+00
       2205      4.306     1.5380   2.910681    33.3907    26.7159 0.0000e+00
       2206      4.324     1.5381   2.910678    33.3905    26.7158 0.0000e+00
       2207      4.327     1.5379   2.910675    33.3907    26.7159 0.0000e+00
       2208      4.374     1.5379   2.910686    33.3908    26.7160 0.0000e+00
       2209      4.453     1.5379   2.910699    33.3910    26.7161 0.0000e+00
       2210      4.574     1.5381   2.910713    33.3908    26.7160 0.0000e+00
       2211      4.739     1.5383   2.910734    33.3908    26.7160 0.0000e+00
       2212      4.925     1.5383   2.910761    33.3910    26.7162 0.0000e+00
       2213      5.119     1.5383   2.910801    33.3914    26.7165 0.0000e+00
       2214      5.310     1.5383   2.910842    33.3919    26.7168 0.0000e+00
       2215      5.524     1.5383   2.910857    33.3919    26.7169 0.0000e+00
       2216      5.805     1.5385   2.910892    33.3920    26.7169 0.0000e+00
       2217      6.129     1.5390   2.910989    33.3925    26.7173 0.0000e+00
       2218      6.425     1.5396   2.911090    33.3930    26.7176 0.0000e+00
       2219      6.674     1.5400   2.911136    33.3930    26.7176 0.0000e+00
       2220      6.902     1.5402   2.911135    33.3926    26.7173 0.0000e+00
       2221      7.126     1.5408   2.911157    33.3921    26.7169 0.0000e+00
       2222      7.388     1.5416   2.911240    33.3922    26.7169 0.0000e+00
       2223      7.744     1.5420   2.911306    33.3924    26.7170 0.0000e+00
       2224      8.190     1.5420   2.911330    33.3925    26.7170 0.0000e+00
       2225      8.642     1.5418   2.911357    33.3927    26.7173 0.0000e+00
       2226      9.009     1.5416   2.911380    33.3930    26.7175 0.0000e+00
       2227      9.274     1.5415   2.911406    33.3933    26.7178 0.0000e+00
       2228      9.498     1.5416   2.911459    33.3938    26.7181 0.0000e+00
       2229      9.750     1.5417   2.911513    33.3942    26.7185 0.0000e+00
       2230     10.070     1.5417   2.911533    33.3943    26.7185 0.0000e+00
       2231     10.470     1.5418   2.911542    33.3940    26.7183 0.0000e+00
       2232     10.933     1.5421   2.911569    33.3938    26.7181 0.0000e+00
       2233     11.419     1.5423   2.911633    33.3941    26.7184 0.0000e+00
       2234     11.879     1.5425   2.911713    33.3947    26.7188 0.0000e+00
       2235     12.293     1.5429   2.911800    33.3951    26.7191 0.0000e+00
       2236     12.695     1.5438   2.911991    33.3963    26.7200 0.0000e+00
       2237     13.095     1.5454   2.912235    33.3975    26.7208 0.0000e+00
       2238     13.465     1.5466   2.912353    33.3975    26.7208 0.0000e+00
       2239     13.796     1.5469   2.912331    33.3967    26.7201 0.0000e+00
       2240     14.127     1.5467   2.912282    33.3961    26.7197 0.0000e+00
       2241     14.495     1.5465   2.912297    33.3963    26.7198 0.0000e+00
       2242     14.891     1.5467   2.912357    33.3966    26.7201 0.0000e+00
       2243     15.291     1.5496   2.912416    33.3941    26.7178 0.0000e+00
       2244     15.698     1.5590   2.912699    33.3874    26.7118 0.0000e+00
       2245     16.129     1.5727   2.913194    33.3789    26.7040 0.0000e+00
       2246     16.586     1.5841   2.913488    33.3702    26.6963 0.0000e+00
       2247     17.049     1.5895   2.913475    33.3640    26.6909 0.0000e+00
       2248     17.497     1.5884   2.913267    33.3623    26.6896 0.0000e+00
       2249     17.923     1.5862   2.913224    33.3639    26.6910 0.0000e+00
       2250     18.350     1.5918   2.913658    33.3632    26.6901 0.0000e+00
       2251     18.801     1.6042   2.914333    33.3583    26.6853 0.0000e+00
       2252     19.277     1.6084   2.914668    33.3578    26.6846 0.0000e+00
       2253     19.748     1.5994   2.915638    33.3793    26.7025 0.0000e+00
       2254     20.188     1.5930   2.917722    33.4122    26.7294 0.0000e+00
       2255     20.602     1.6029   2.918676    33.4135    26.7297 0.0000e+00
       2256     21.025     1.6285   2.919316    33.3942    26.7124 0.0000e+00
