Datasets/Multi_Species/TEL214/tel214_2020_007.cnv
* Sea-Bird SBE19plus Data File:
* Filename = C:/AQUIRE/tel214_2020_007.hex
* Software Version AquireV2 AF V2.0
* Temperature SN =  7853
* Conductivity SN =  7853
* System UpLoad Time = Nov 07 2020 05:59:37
* <ApplicationData>
* <AQUIREV2>
** VESSEL/TRIP/SEQ STN: tel214_2020_007
** LATITUDE: 53 30.33 N
** LONGITUDE: 053 11.05 W
** DATE/TIME: 2020-11-07 05:05
** SOUNDING DEPTH (M): 0243
** PROBE TYPE: S7853
** CTD NUMBER: 007
** COMMENTS: 
# nquan = 7                                 
# nvalues = 3101                        
# units = specified
# name 0 = scan: Scan Count
# name 1 = prdM: Pressure, Strain Gauge [db]
# name 2 = tv290C: Temperature [ITS-90, deg C]
# name 3 = c0S/m: Conductivity [S/m]
# name 4 = sal00: Salinity, Practical [PSU]
# name 5 = sigma-t00: Density [sigma-t, kg/m^3 ]
# name 6 = flag: flag
# span 0 =          1,       3101       
# span 1 =     -1.090,    240.536       
# span 2 =    -0.3579,     3.9697       
# span 3 =   0.000062,   3.198469       
# span 4 =    -0.0015,    34.2757       
# span 5 =    -0.1829,    27.2296       
# span 6 = 0.0000e+00, 0.0000e+00       
# interval = seconds: 1
# start_time = Nov 07 2020 05:05:41 [Instrument's time stamp, header]
# bad_flag = -9.990e-29
*END*
[from data line 1436]
       1437    239.270     3.3550   3.143220    34.2093    27.2210 0.0000e+00
       1438    239.292     3.3550   3.143216    34.2093    27.2209 0.0000e+00
       1439    239.322     3.3549   3.143218    34.2094    27.2210 0.0000e+00
       1440    239.345     3.3548   3.143215    34.2094    27.2211 0.0000e+00
       1441    239.348     3.3546   3.143211    34.2096    27.2212 0.0000e+00
       1442    239.331     3.3545   3.143208    34.2097    27.2213 0.0000e+00
       1443    239.314     3.3545   3.143202    34.2096    27.2212 0.0000e+00
       1444    239.322     3.3545   3.143193    34.2095    27.2212 0.0000e+00
       1445    239.354     3.3544   3.143182    34.2095    27.2211 0.0000e+00
       1446    239.388     3.3544   3.143159    34.2092    27.2209 0.0000e+00
       1447    239.403     3.3541   3.143131    34.2091    27.2209 0.0000e+00
       1448    239.389     3.3539   3.143115    34.2092    27.2209 0.0000e+00
       1449    239.352     3.3537   3.143110    34.2093    27.2211 0.0000e+00
       1450    239.315     3.3537   3.143107    34.2093    27.2211 0.0000e+00
       1451    239.311     3.3538   3.143098    34.2091    27.2209 0.0000e+00
       1452    239.349     3.3537   3.143076    34.2089    27.2208 0.0000e+00
       1453    239.400     3.3534   3.143045    34.2088    27.2207 0.0000e+00
       1454    239.432     3.3529   3.143011    34.2089    27.2208 0.0000e+00
       1455    239.437     3.3525   3.142984    34.2090    27.2210 0.0000e+00
       1456    239.429     3.3522   3.142973    34.2092    27.2211 0.0000e+00
       1457    239.424     3.3522   3.142978    34.2093    27.2212 0.0000e+00
       1458    239.434     3.3523   3.142990    34.2093    27.2212 0.0000e+00
       1459    239.464     3.3525   3.143008    34.2093    27.2212 0.0000e+00
       1460    239.505     3.3528   3.143036    34.2093    27.2212 0.0000e+00
       1461    239.545     3.3533   3.143076    34.2092    27.2211 0.0000e+00
       1462    239.576     3.3537   3.143131    34.2095    27.2212 0.0000e+00
       1463    239.595     3.3541   3.143186    34.2097    27.2213 0.0000e+00
       1464    239.607     3.3548   3.143231    34.2095    27.2211 0.0000e+00
       1465    239.620     3.3553   3.143263    34.2093    27.2209 0.0000e+00
       1466    239.634     3.3556   3.143280    34.2092    27.2208 0.0000e+00
       1467    239.643     3.3556   3.143280    34.2092    27.2208 0.0000e+00
       1468    239.647     3.3556   3.143276    34.2092    27.2208 0.0000e+00
       1469    239.655     3.3558   3.143280    34.2090    27.2206 0.0000e+00
       1470    239.674     3.3560   3.143290    34.2089    27.2205 0.0000e+00
       1471    239.701     3.3560   3.143308    34.2091    27.2207 0.0000e+00
       1472    239.729     3.3561   3.143338    34.2093    27.2209 0.0000e+00
       1473    239.752     3.3564   3.143379    34.2095    27.2210 0.0000e+00
       1474    239.762     3.3570   3.143422    34.2094    27.2208 0.0000e+00
       1475    239.766     3.3575   3.143458    34.2093    27.2207 0.0000e+00
       1476    239.782     3.3579   3.143491    34.2093    27.2206 0.0000e+00
       1477    239.813     3.3582   3.143525    34.2093    27.2207 0.0000e+00
       1478    239.844     3.3586   3.143553    34.2092    27.2206 0.0000e+00
       1479    239.858     3.3589   3.143574    34.2092    27.2205 0.0000e+00
       1480    239.860     3.3591   3.143588    34.2091    27.2204 0.0000e+00
       1481    239.867     3.3593   3.143599    34.2090    27.2203 0.0000e+00
       1482    239.885     3.3594   3.143615    34.2091    27.2204 0.0000e+00
       1483    239.907     3.3598   3.143646    34.2091    27.2203 0.0000e+00
       1484    239.927     3.3602   3.143685    34.2091    27.2203 0.0000e+00
       1485    239.944     3.3605   3.143721    34.2092    27.2203 0.0000e+00
       1486    239.957     3.3609   3.143759    34.2092    27.2203 0.0000e+00
       1487    239.965     3.3615   3.143803    34.2091    27.2202 0.0000e+00
       1488    239.970     3.3621   3.143849    34.2090    27.2201 0.0000e+00
       1489    239.965     3.3627   3.143897    34.2090    27.2200 0.0000e+00
       1490    239.950     3.3632   3.143929    34.2089    27.2198 0.0000e+00
       1491    239.943     3.3634   3.143945    34.2089    27.2198 0.0000e+00
       1492    239.963     3.3636   3.143960    34.2088    27.2197 0.0000e+00
       1493    240.001     3.3635   3.143938    34.2086    27.2196 0.0000e+00
       1494    240.030     3.3630   3.143873    34.2084    27.2194 0.0000e+00
       1495    240.029     3.3624   3.143819    34.2083    27.2195 0.0000e+00
       1496    240.008     3.3619   3.143791    34.2085    27.2197 0.0000e+00
       1497    239.993     3.3617   3.143776    34.2086    27.2197 0.0000e+00
       1498    240.000     3.3615   3.143768    34.2087    27.2198 0.0000e+00
       1499    240.023     3.3613   3.143758    34.2088    27.2199 0.0000e+00
       1500    240.038     3.3611   3.143736    34.2087    27.2199 0.0000e+00
       1501    240.029     3.3608   3.143706    34.2087    27.2199 0.0000e+00
       1502    240.009     3.3606   3.143680    34.2086    27.2198 0.0000e+00
       1503    240.005     3.3604   3.143667    34.2086    27.2199 0.0000e+00
       1504    240.027     3.3602   3.143661    34.2088    27.2200 0.0000e+00
       1505    240.054     3.3602   3.143664    34.2088    27.2200 0.0000e+00
       1506    240.053     3.3604   3.143679    34.2087    27.2200 0.0000e+00
       1507    240.008     3.3606   3.143693    34.2087    27.2200 0.0000e+00
       1508    239.943     3.3608   3.143686    34.2085    27.2197 0.0000e+00
       1509    239.908     3.3607   3.143675    34.2085    27.2197 0.0000e+00
       1510    239.925     3.3606   3.143678    34.2086    27.2198 0.0000e+00
       1511    239.960     3.3605   3.143674    34.2086    27.2199 0.0000e+00
       1512    239.974     3.3605   3.143655    34.2084    27.2197 0.0000e+00
       1513    239.968     3.3603   3.143639    34.2084    27.2197 0.0000e+00
       1514    239.968     3.3602   3.143637    34.2085    27.2198 0.0000e+00
       1515    239.986     3.3602   3.143642    34.2085    27.2199 0.0000e+00
       1516    240.019     3.3604   3.143652    34.2084    27.2197 0.0000e+00
       1517    240.054     3.3606   3.143679    34.2085    27.2198 0.0000e+00
       1518    240.080     3.3610   3.143711    34.2085    27.2197 0.0000e+00
       1519    240.092     3.3613   3.143723    34.2083    27.2196 0.0000e+00
       1520    240.097     3.3613   3.143710    34.2081    27.2194 0.0000e+00
       1521    240.115     3.3611   3.143683    34.2080    27.2193 0.0000e+00
       1522    240.146     3.3607   3.143658    34.2081    27.2195 0.0000e+00
       1523    240.173     3.3605   3.143648    34.2082    27.2195 0.0000e+00
       1524    240.184     3.3603   3.143644    34.2084    27.2197 0.0000e+00
       1525    240.181     3.3603   3.143641    34.2083    27.2197 0.0000e+00
       1526    240.182     3.3605   3.143641    34.2081    27.2195 0.0000e+00
       1527    240.196     3.3605   3.143642    34.2081    27.2195 0.0000e+00
       1528    240.213     3.3603   3.143649    34.2084    27.2197 0.0000e+00
       1529    240.224     3.3604   3.143668    34.2085    27.2198 0.0000e+00
       1530    240.234     3.3607   3.143693    34.2085    27.2198 0.0000e+00
       1531    240.255     3.3611   3.143725    34.2085    27.2197 0.0000e+00
       1532    240.279     3.3614   3.143746    34.2084    27.2196 0.0000e+00
       1533    240.283     3.3615   3.143742    34.2082    27.2195 0.0000e+00
       1534    240.261     3.3613   3.143733    34.2083    27.2196 0.0000e+00
       1535    240.239     3.3614   3.143742    34.2084    27.2196 0.0000e+00
       1536    240.242     3.3617   3.143774    34.2084    27.2196 0.0000e+00
       1537    240.266     3.3623   3.143840    34.2086    27.2197 0.0000e+00
       1538    240.291     3.3631   3.143940    34.2089    27.2199 0.0000e+00
       1539    240.309     3.3640   3.144024    34.2090    27.2198 0.0000e+00
       1540    240.321     3.3647   3.144049    34.2085    27.2194 0.0000e+00
       1541    240.330     3.3647   3.144008    34.2080    27.2190 0.0000e+00
       1542    240.338     3.3642   3.143937    34.2077    27.2188 0.0000e+00
       1543    240.343     3.3635   3.143882    34.2078    27.2189 0.0000e+00
       1544    240.342     3.3630   3.143858    34.2080    27.2192 0.0000e+00
       1545    240.340     3.3629   3.143854    34.2081    27.2192 0.0000e+00
       1546    240.351     3.3629   3.143862    34.2082    27.2193 0.0000e+00
       1547    240.380     3.3630   3.143878    34.2082    27.2193 0.0000e+00
       1548    240.414     3.3632   3.143912    34.2084    27.2195 0.0000e+00
       1549    240.445     3.3637   3.143968    34.2085    27.2195 0.0000e+00
       1550    240.476     3.3644   3.144034    34.2086    27.2195 0.0000e+00
       1551    240.505     3.3651   3.144104    34.2087    27.2195 0.0000e+00
       1552    240.520     3.3658   3.144161    34.2086    27.2194 0.0000e+00
       1553    240.515     3.3663   3.144203    34.2086    27.2193 0.0000e+00
       1554    240.505     3.3669   3.144239    34.2084    27.2191 0.0000e+00
       1555    240.511     3.3674   3.144278    34.2083    27.2190 0.0000e+00
       1556    240.530     3.3680   3.144348    34.2085    27.2191 0.0000e+00
       1557    240.535     3.3688   3.144437    34.2088    27.2192 0.0000e+00
       1558    240.512     3.3696   3.144468    34.2083    27.2188 0.0000e+00
       1559    240.482     3.3697   3.144432    34.2078    27.2183 0.0000e+00
       1560    240.479     3.3693   3.144370    34.2075    27.2181 0.0000e+00
       1561    240.509     3.3684   3.144274    34.2072    27.2180 0.0000e+00
       1562    240.536     3.3671   3.144141    34.2070    27.2180 0.0000e+00
       1563    240.522     3.3658   3.144010    34.2068    27.2179 0.0000e+00
       1564    240.461     3.3647   3.143917    34.2069    27.2181 0.0000e+00
       1565    240.380     3.3640   3.143868    34.2071    27.2183 0.0000e+00
       1566    240.318     3.3636   3.143846    34.2072    27.2185 0.0000e+00
       1567    240.299     3.3634   3.143820    34.2072    27.2184 0.0000e+00
       1568    240.319     3.3632   3.143798    34.2071    27.2184 0.0000e+00
       1569    240.358     3.3630   3.143811    34.2074    27.2187 0.0000e+00
       1570    240.393     3.3632   3.143865    34.2079    27.2190 0.0000e+00
       1571    240.413     3.3636   3.143903    34.2079    27.2190 0.0000e+00
       1572    240.418     3.3637   3.143887    34.2076    27.2187 0.0000e+00
       1573    240.405     3.3636   3.143841    34.2071    27.2184 0.0000e+00
       1574    240.387     3.3633   3.143811    34.2071    27.2184 0.0000e+00
       1575    240.383     3.3634   3.143838    34.2073    27.2186 0.0000e+00
       1576    240.396     3.3641   3.143968    34.2081    27.2192 0.0000e+00
       1577    240.415     3.3654   3.144110    34.2085    27.2193 0.0000e+00
       1578    240.430     3.3661   3.144080    34.2074    27.2184 0.0000e+00
       1579    240.440     3.3653   3.143903    34.2061    27.2174 0.0000e+00
       1580    240.445     3.3636   3.143732    34.2058    27.2173 0.0000e+00
       1581    240.442     3.3621   3.143633    34.2062    27.2178 0.0000e+00
       1582    240.436     3.3613   3.143606    34.2067    27.2183 0.0000e+00
       1583    240.434     3.3612   3.143617    34.2069    27.2185 0.0000e+00
       1584    240.443     3.3613   3.143626    34.2069    27.2185 0.0000e+00
       1585    240.454     3.3613   3.143626    34.2069    27.2185 0.0000e+00
       1586    240.463     3.3613   3.143618    34.2068    27.2184 0.0000e+00
       1587    240.470     3.3613   3.143610    34.2067    27.2183 0.0000e+00
       1588    240.479     3.3615   3.143633    34.2068    27.2183 0.0000e+00
       1589    240.487     3.3620   3.143697    34.2070    27.2185 0.0000e+00
       1590    240.482     3.3625   3.143740    34.2070    27.2184 0.0000e+00
       1591    240.458     3.3626   3.143719    34.2067    27.2181 0.0000e+00
       1592    240.427     3.3624   3.143664    34.2063    27.2178 0.0000e+00
       1593    240.412     3.3616   3.143582    34.2061    27.2178 0.0000e+00
       1594    240.412     3.3605   3.143476    34.2060    27.2178 0.0000e+00
       1595    240.415     3.3595   3.143394    34.2061    27.2179 0.0000e+00
       1596    240.409     3.3589   3.143381    34.2065    27.2184 0.0000e+00
       1597    240.391     3.3590   3.143425    34.2070    27.2187 0.0000e+00
       1598    240.371     3.3596   3.143481    34.2070    27.2187 0.0000e+00
       1599    240.357     3.3600   3.143512    34.2070    27.2186 0.0000e+00
       1600    240.347     3.3602   3.143498    34.2066    27.2183 0.0000e+00
       1601    240.338     3.3600   3.143464    34.2064    27.2182 0.0000e+00
       1602    240.328     3.3599   3.143458    34.2065    27.2182 0.0000e+00
       1603    240.310     3.3601   3.143499    34.2068    27.2184 0.0000e+00
       1604    240.272     3.3605   3.143552    34.2070    27.2186 0.0000e+00
       1605    240.220     3.3609   3.143576    34.2069    27.2185 0.0000e+00
       1606    240.168     3.3612   3.143573    34.2066    27.2182 0.0000e+00
       1607    240.134     3.3611   3.143544    34.2063    27.2180 0.0000e+00
       1608    240.123     3.3608   3.143513    34.2063    27.2180 0.0000e+00
       1609    240.117     3.3605   3.143508    34.2065    27.2182 0.0000e+00
       1610    240.091     3.3607   3.143536    34.2067    27.2183 0.0000e+00
       1611    240.036     3.3611   3.143563    34.2066    27.2182 0.0000e+00
       1612    239.966     3.3614   3.143568    34.2064    27.2180 0.0000e+00
       1613    239.902     3.3614   3.143551    34.2062    27.2179 0.0000e+00
       1614    239.867     3.3612   3.143516    34.2060    27.2178 0.0000e+00
       1615    239.865     3.3607   3.143446    34.2057    27.2176 0.0000e+00
       1616    239.885     3.3597   3.143318    34.2052    27.2172 0.0000e+00
       1617    239.901     3.3582   3.143165    34.2049    27.2172 0.0000e+00
       1618    239.888     3.3567   3.143075    34.2055    27.2177 0.0000e+00
       1619    239.841     3.3561   3.143066    34.2060    27.2182 0.0000e+00
       1620    239.773     3.3561   3.143089    34.2063    27.2185 0.0000e+00
       1621    239.713     3.3563   3.143123    34.2065    27.2186 0.0000e+00
       1622    239.687     3.3568   3.143167    34.2066    27.2186 0.0000e+00
       1623    239.696     3.3573   3.143189    34.2063    27.2183 0.0000e+00
       1624    239.713     3.3573   3.143136    34.2056    27.2178 0.0000e+00
       1625    239.705     3.3567   3.143038    34.2051    27.2174 0.0000e+00
       1626    239.672     3.3559   3.142980    34.2053    27.2176 0.0000e+00
       1627    239.637     3.3555   3.142966    34.2055    27.2179 0.0000e+00
       1628    239.625     3.3553   3.142950    34.2056    27.2179 0.0000e+00
       1629    239.642     3.3550   3.142896    34.2052    27.2177 0.0000e+00
       1630    239.660     3.3542   3.142789    34.2048    27.2174 0.0000e+00
       1631    239.645     3.3531   3.142686    34.2047    27.2174 0.0000e+00
       1632    239.592     3.3523   3.142664    34.2053    27.2180 0.0000e+00
       1633    239.537     3.3522   3.142688    34.2057    27.2184 0.0000e+00
       1634    239.526     3.3523   3.142667    34.2054    27.2181 0.0000e+00
       1635    239.556     3.3520   3.142599    34.2048    27.2177 0.0000e+00
       1636    239.584     3.3513   3.142526    34.2047    27.2176 0.0000e+00
       1637    239.582     3.3504   3.142459    34.2048    27.2178 0.0000e+00
       1638    239.556     3.3499   3.142411    34.2048    27.2178 0.0000e+00
       1639    239.523     3.3495   3.142375    34.2048    27.2179 0.0000e+00
       1640    239.498     3.3492   3.142345    34.2048    27.2179 0.0000e+00
       1641    239.496     3.3491   3.142337    34.2048    27.2179 0.0000e+00
