Datasets/Multi_Species/TEL214/tel214_2020_034.cnv
* Sea-Bird SBE19plus Data File:
* Filename = C:/AQUIRE/tel214_2020_034.hex
* Software Version AquireV2 AF V2.0
* Temperature SN =  8014
* Conductivity SN =  8014
* System UpLoad Time = Nov 15 2020 20:41:06
* <ApplicationData>
* <AQUIREV2>
** VESSEL/TRIP/SEQ STN: tel214_2020_034
** LATITUDE: 52 48.82 N
** LONGITUDE: 52 12.53 W
** DATE/TIME: 2020-11-15 19:38
** SOUNDING DEPTH (M): 0294
** PROBE TYPE: S8014
** CTD NUMBER: 034
** COMMENTS: 
# nquan = 7                                 
# nvalues = 3572                        
# units = specified
# name 0 = scan: Scan Count
# name 1 = prdM: Pressure, Strain Gauge [db]
# name 2 = tv290C: Temperature [ITS-90, deg C]
# name 3 = c0S/m: Conductivity [S/m]
# name 4 = sal00: Salinity, Practical [PSU]
# name 5 = sigma-t00: Density [sigma-t, kg/m^3 ]
# name 6 = flag: flag
# span 0 =          1,       3572       
# span 1 =     -0.500,    291.374       
# span 2 =     1.5362,     3.4368       
# span 3 =  -0.035943,   3.176060       
# span 4 =    -0.0006,    34.5634       
# span 5 =    -0.0741,    27.5020       
# span 6 = 0.0000e+00, 0.0000e+00       
# interval = seconds: 1
# start_time = Nov 15 2020 19:38:24 [Instrument's time stamp, header]
# bad_flag = -9.990e-29
*END*
[from data line 3283]
       3284     -0.489     1.8880 6.2443e-07    -0.0004    -0.0609 0.0000e+00
       3285     -0.494     1.8871  -0.000002     0.0000    -0.0609 0.0000e+00
       3286     -0.497     1.8861 -9.909e-07     0.0000    -0.0609 0.0000e+00
       3287     -0.499     1.8851 7.7019e-07    -0.0004    -0.0610 0.0000e+00
       3288     -0.500     1.8844 -3.163e-07     0.0000    -0.0610 0.0000e+00
       3289     -0.497     1.8839  -0.000003     0.0000    -0.0610 0.0000e+00
       3290     -0.492     1.8834  -0.000003     0.0000    -0.0610 0.0000e+00
       3291     -0.489     1.8829 -7.337e-07     0.0000    -0.0611 0.0000e+00
       3292     -0.488     1.8822 -9.962e-07     0.0000    -0.0611 0.0000e+00
       3293     -0.490     1.8811  -0.000004     0.0000    -0.0611 0.0000e+00
       3294     -0.493     1.8801  -0.000004     0.0000    -0.0612 0.0000e+00
       3295     -0.493     1.8792  -0.000001     0.0000    -0.0612 0.0000e+00
       3296     -0.491     1.8786 -7.338e-07     0.0000    -0.0612 0.0000e+00
       3297     -0.491     1.8781  -0.000002     0.0000    -0.0612 0.0000e+00
       3298     -0.493     1.8775  -0.000003     0.0000    -0.0612 0.0000e+00
       3299     -0.493     1.8769  -0.000002     0.0000    -0.0613 0.0000e+00
       3300     -0.492     1.8764  -0.000002     0.0000    -0.0613 0.0000e+00
       3301     -0.490     1.8758  -0.000003     0.0000    -0.0613 0.0000e+00
       3302     -0.487     1.8752  -0.000002     0.0000    -0.0613 0.0000e+00
       3303     -0.485     1.8743  -0.000002     0.0000    -0.0614 0.0000e+00
       3304     -0.487     1.8733  -0.000003     0.0000    -0.0614 0.0000e+00
       3305     -0.490     1.8725  -0.000004     0.0000    -0.0614 0.0000e+00
       3306     -0.491     1.8717  -0.000004     0.0000    -0.0614 0.0000e+00
       3307     -0.490     1.8710  -0.000003     0.0000    -0.0615 0.0000e+00
       3308     -0.489     1.8704 -3.418e-07     0.0000    -0.0615 0.0000e+00
       3309     -0.488     1.8698 -9.617e-07     0.0000    -0.0615 0.0000e+00
       3310     -0.490     1.8691  -0.000003     0.0000    -0.0615 0.0000e+00
       3311     -0.493     1.8682  -0.000004     0.0000    -0.0616 0.0000e+00
       3312     -0.495     1.8672  -0.000005     0.0000    -0.0616 0.0000e+00
       3313     -0.493     1.8665  -0.000004     0.0000    -0.0616 0.0000e+00
       3314     -0.490     1.8659  -0.000004     0.0000    -0.0616 0.0000e+00
       3315     -0.489     1.8651  -0.000004     0.0000    -0.0617 0.0000e+00
       3316     -0.490     1.8643  -0.000003     0.0000    -0.0617 0.0000e+00
       3317     -0.490     1.8634  -0.000002     0.0000    -0.0617 0.0000e+00
       3318     -0.490     1.8627 -5.971e-07     0.0000    -0.0618 0.0000e+00
       3319     -0.491     1.8621 9.3069e-07    -0.0004    -0.0618 0.0000e+00
       3320     -0.491     1.8613 -2.746e-07     0.0000    -0.0618 0.0000e+00
       3321     -0.491     1.8606  -0.000004     0.0000    -0.0618 0.0000e+00
       3322     -0.492     1.8596  -0.000005     0.0000    -0.0619 0.0000e+00
       3323     -0.494     1.8585  -0.000004     0.0000    -0.0619 0.0000e+00
       3324     -0.496     1.8576  -0.000005     0.0000    -0.0619 0.0000e+00
       3325     -0.497     1.8567  -0.000007     0.0000    -0.0620 0.0000e+00
       3326     -0.497     1.8558  -0.000008     0.0000    -0.0620 0.0000e+00
       3327     -0.497     1.8547  -0.000008     0.0000    -0.0620 0.0000e+00
       3328     -0.497     1.8538  -0.000005     0.0000    -0.0621 0.0000e+00
       3329     -0.496     1.8529  -0.000005     0.0000    -0.0621 0.0000e+00
       3330     -0.494     1.8520  -0.000005     0.0000    -0.0621 0.0000e+00
       3331     -0.493     1.8511  -0.000007     0.0000    -0.0622 0.0000e+00
       3332     -0.493     1.8504  -0.000008     0.0000    -0.0622 0.0000e+00
       3333     -0.491     1.8496  -0.000007     0.0000    -0.0622 0.0000e+00
       3334     -0.489     1.8487  -0.000006     0.0000    -0.0623 0.0000e+00
       3335     -0.492     1.8477  -0.000006     0.0000    -0.0623 0.0000e+00
       3336     -0.494     1.8466  -0.000007     0.0000    -0.0623 0.0000e+00
       3337     -0.493     1.8456  -0.000006     0.0000    -0.0624 0.0000e+00
       3338     -0.491     1.8447  -0.000006     0.0000    -0.0624 0.0000e+00
       3339     -0.491     1.8439  -0.000007     0.0000    -0.0624 0.0000e+00
       3340     -0.495     1.8430  -0.000006     0.0000    -0.0625 0.0000e+00
       3341     -0.498     1.8419  -0.000006     0.0000    -0.0625 0.0000e+00
       3342     -0.496     1.8408  -0.000008     0.0000    -0.0625 0.0000e+00
       3343     -0.493     1.8398  -0.000010     0.0000    -0.0626 0.0000e+00
       3344     -0.492     1.8388  -0.000008     0.0000    -0.0626 0.0000e+00
       3345     -0.492     1.8380  -0.000009     0.0000    -0.0626 0.0000e+00
       3346     -0.493     1.8373  -0.000009     0.0000    -0.0627 0.0000e+00
       3347     -0.493     1.8365  -0.000009     0.0000    -0.0627 0.0000e+00
       3348     -0.490     1.8355  -0.000009     0.0000    -0.0627 0.0000e+00
       3349     -0.489     1.8344  -0.000010     0.0000    -0.0628 0.0000e+00
       3350     -0.490     1.8335  -0.000007     0.0000    -0.0628 0.0000e+00
       3351     -0.489     1.8327  -0.000008     0.0000    -0.0628 0.0000e+00
       3352     -0.489     1.8321  -0.000008     0.0000    -0.0628 0.0000e+00
       3353     -0.490     1.8312  -0.000008     0.0000    -0.0629 0.0000e+00
       3354     -0.489     1.8299  -0.000009     0.0000    -0.0629 0.0000e+00
       3355     -0.489     1.8285  -0.000010     0.0000    -0.0630 0.0000e+00
       3356     -0.490     1.8274  -0.000008     0.0000    -0.0630 0.0000e+00
       3357     -0.490     1.8262  -0.000009     0.0000    -0.0631 0.0000e+00
       3358     -0.490     1.8251  -0.000009     0.0000    -0.0631 0.0000e+00
       3359     -0.491     1.8241  -0.000009     0.0000    -0.0631 0.0000e+00
       3360     -0.491     1.8233  -0.000010     0.0000    -0.0632 0.0000e+00
       3361     -0.492     1.8226  -0.000009     0.0000    -0.0632 0.0000e+00
       3362     -0.492     1.8219  -0.000008     0.0000    -0.0632 0.0000e+00
       3363     -0.489     1.8211  -0.000007     0.0000    -0.0632 0.0000e+00
       3364     -0.487     1.8201  -0.000007     0.0000    -0.0633 0.0000e+00
       3365     -0.486     1.8191  -0.000008     0.0000    -0.0633 0.0000e+00
       3366     -0.488     1.8180  -0.000010     0.0000    -0.0633 0.0000e+00
       3367     -0.490     1.8167  -0.000012     0.0000    -0.0634 0.0000e+00
       3368     -0.491     1.8153  -0.000013     0.0000    -0.0634 0.0000e+00
       3369     -0.492     1.8139  -0.000012     0.0000    -0.0635 0.0000e+00
       3370     -0.493     1.8127  -0.000013     0.0000    -0.0635 0.0000e+00
       3371     -0.492     1.8118  -0.000013     0.0000    -0.0636 0.0000e+00
       3372     -0.494     1.8112  -0.000010     0.0000    -0.0636 0.0000e+00
       3373     -0.496     1.8104  -0.000010     0.0000    -0.0636 0.0000e+00
       3374     -0.498     1.8096  -0.000010     0.0000    -0.0636 0.0000e+00
       3375     -0.500     1.8085  -0.000008     0.0000    -0.0637 0.0000e+00
       3376     -0.499     1.8075  -0.000007     0.0000    -0.0637 0.0000e+00
       3377     -0.497     1.8065  -0.000007     0.0000    -0.0638 0.0000e+00
       3378     -0.496     1.8056  -0.000009     0.0000    -0.0638 0.0000e+00
       3379     -0.495     1.8047  -0.000011     0.0000    -0.0638 0.0000e+00
       3380     -0.492     1.8039  -0.000009     0.0000    -0.0639 0.0000e+00
       3381     -0.489     1.8032  -0.000006     0.0000    -0.0639 0.0000e+00
       3382     -0.487     1.8022  -0.000006     0.0000    -0.0639 0.0000e+00
       3383     -0.488     1.8011  -0.000009     0.0000    -0.0640 0.0000e+00
       3384     -0.489     1.8001  -0.000010     0.0000    -0.0640 0.0000e+00
       3385     -0.487     1.7994  -0.000009     0.0000    -0.0640 0.0000e+00
       3386     -0.485     1.7982  -0.000010     0.0000    -0.0641 0.0000e+00
       3387     -0.485     1.7969  -0.000011     0.0000    -0.0641 0.0000e+00
       3388     -0.488     1.7956  -0.000012     0.0000    -0.0642 0.0000e+00
       3389     -0.492     1.7946  -0.000013     0.0000    -0.0642 0.0000e+00
       3390     -0.495     1.7939  -0.000012     0.0000    -0.0642 0.0000e+00
       3391     -0.494     1.7932  -0.000011     0.0000    -0.0642 0.0000e+00
       3392     -0.491     1.7923  -0.000010     0.0000    -0.0643 0.0000e+00
       3393     -0.489     1.7912  -0.000010     0.0000    -0.0643 0.0000e+00
       3394     -0.486     1.7902  -0.000008     0.0000    -0.0643 0.0000e+00
       3395     -0.484     1.7892  -0.000008     0.0000    -0.0644 0.0000e+00
       3396     -0.487     1.7883  -0.000010     0.0000    -0.0644 0.0000e+00
       3397     -0.493     1.7876  -0.000010     0.0000    -0.0644 0.0000e+00
       3398     -0.495     1.7868  -0.000009     0.0000    -0.0645 0.0000e+00
       3399     -0.492     1.7860  -0.000009     0.0000    -0.0645 0.0000e+00
       3400     -0.490     1.7850  -0.000010     0.0000    -0.0645 0.0000e+00
       3401     -0.490     1.7840  -0.000010     0.0000    -0.0646 0.0000e+00
       3402     -0.491     1.7831  -0.000009     0.0000    -0.0646 0.0000e+00
       3403     -0.493     1.7822  -0.000007     0.0000    -0.0646 0.0000e+00
       3404     -0.496     1.7812  -0.000008     0.0000    -0.0647 0.0000e+00
       3405     -0.498     1.7801  -0.000010     0.0000    -0.0647 0.0000e+00
       3406     -0.500     1.7791  -0.000011     0.0000    -0.0648 0.0000e+00
       3407     -0.499     1.7780  -0.000012     0.0000    -0.0648 0.0000e+00
       3408     -0.497     1.7770  -0.000012     0.0000    -0.0648 0.0000e+00
       3409     -0.496     1.7761  -0.000012     0.0000    -0.0649 0.0000e+00
       3410     -0.495     1.7752  -0.000010     0.0000    -0.0649 0.0000e+00
       3411     -0.494     1.7741  -0.000009     0.0000    -0.0649 0.0000e+00
       3412     -0.493     1.7731  -0.001897     0.0000    -0.0650 0.0000e+00
       3413     -0.491     1.7721  -0.020767     0.0000    -0.0650 0.0000e+00
       3414     -0.491     1.7713  -0.035861     0.0000    -0.0650 0.0000e+00
       3415     -0.491     1.7704  -0.016992     0.0000    -0.0651 0.0000e+00
       3416     -0.492     1.7693  -0.000012     0.0000    -0.0651 0.0000e+00
       3417     -0.492     1.7683  -0.000011     0.0000    -0.0651 0.0000e+00
       3418     -0.492     1.7673  -0.000010     0.0000    -0.0652 0.0000e+00
       3419     -0.495     1.7664  -0.000009     0.0000    -0.0652 0.0000e+00
       3420     -0.498     1.7656  -0.000009     0.0000    -0.0652 0.0000e+00
       3421     -0.497     1.7648  -0.000009     0.0000    -0.0653 0.0000e+00
       3422     -0.495     1.7638  -0.000008     0.0000    -0.0653 0.0000e+00
       3423     -0.495     1.7628  -0.000008     0.0000    -0.0654 0.0000e+00
       3424     -0.494     1.7618  -0.000008     0.0000    -0.0654 0.0000e+00
       3425     -0.492     1.7609  -0.000009     0.0000    -0.0654 0.0000e+00
       3426     -0.491     1.7598  -0.000010     0.0000    -0.0655 0.0000e+00
       3427     -0.492     1.7586  -0.000011     0.0000    -0.0655 0.0000e+00
       3428     -0.492     1.7575  -0.000012     0.0000    -0.0655 0.0000e+00
       3429     -0.491     1.7565  -0.000012     0.0000    -0.0656 0.0000e+00
       3430     -0.493     1.7557  -0.000009     0.0000    -0.0656 0.0000e+00
       3431     -0.496     1.7548  -0.000009     0.0000    -0.0656 0.0000e+00
       3432     -0.498     1.7538  -0.000009     0.0000    -0.0657 0.0000e+00
       3433     -0.495     1.7530  -0.000008     0.0000    -0.0657 0.0000e+00
       3434     -0.493     1.7521  -0.000008     0.0000    -0.0657 0.0000e+00
       3435     -0.495     1.7513  -0.000008     0.0000    -0.0658 0.0000e+00
       3436     -0.497     1.7503  -0.000008     0.0000    -0.0658 0.0000e+00
       3437     -0.496     1.7494  -0.000009     0.0000    -0.0658 0.0000e+00
       3438     -0.492     1.7483  -0.000010     0.0000    -0.0659 0.0000e+00
       3439     -0.489     1.7471  -0.000011     0.0000    -0.0659 0.0000e+00
       3440     -0.489     1.7460  -0.000010     0.0000    -0.0660 0.0000e+00
       3441     -0.492     1.7450  -0.000009     0.0000    -0.0660 0.0000e+00
       3442     -0.493     1.7438  -0.000011     0.0000    -0.0661 0.0000e+00
       3443     -0.492     1.7422  -0.000014     0.0000    -0.0661 0.0000e+00
       3444     -0.491     1.7407  -0.000015     0.0000    -0.0662 0.0000e+00
       3445     -0.492     1.7397  -0.000013     0.0000    -0.0662 0.0000e+00
       3446     -0.494     1.7391  -0.000011     0.0000    -0.0662 0.0000e+00
       3447     -0.495     1.7384  -0.000012     0.0000    -0.0663 0.0000e+00
       3448     -0.497     1.7375  -0.000012     0.0000    -0.0663 0.0000e+00
       3449     -0.496     1.7364  -0.000010     0.0000    -0.0663 0.0000e+00
       3450     -0.493     1.7353  -0.000010     0.0000    -0.0664 0.0000e+00
       3451     -0.490     1.7344  -0.000010     0.0000    -0.0664 0.0000e+00
       3452     -0.487     1.7338  -0.000008     0.0000    -0.0664 0.0000e+00
       3453     -0.485     1.7331  -0.000008     0.0000    -0.0665 0.0000e+00
       3454     -0.484     1.7323  -0.000007     0.0000    -0.0665 0.0000e+00
       3455     -0.484     1.7317  -0.000008     0.0000    -0.0665 0.0000e+00
       3456     -0.484     1.7310  -0.000007     0.0000    -0.0665 0.0000e+00
       3457     -0.485     1.7304  -0.000005     0.0000    -0.0666 0.0000e+00
       3458     -0.487     1.7298  -0.000004     0.0000    -0.0666 0.0000e+00
       3459     -0.488     1.7290  -0.000006     0.0000    -0.0666 0.0000e+00
       3460     -0.488     1.7281  -0.000005     0.0000    -0.0666 0.0000e+00
       3461     -0.488     1.7270  -0.000005     0.0000    -0.0667 0.0000e+00
       3462     -0.490     1.7259  -0.000007     0.0000    -0.0667 0.0000e+00
       3463     -0.490     1.7251  -0.000006     0.0000    -0.0668 0.0000e+00
       3464     -0.486     1.7244  -0.000004     0.0000    -0.0668 0.0000e+00
       3465     -0.485     1.7233  -0.000006     0.0000    -0.0668 0.0000e+00
       3466     -0.487     1.7222  -0.000009     0.0000    -0.0669 0.0000e+00
       3467     -0.489     1.7210  -0.000010     0.0000    -0.0669 0.0000e+00
       3468     -0.489     1.7192  -0.000011     0.0000    -0.0670 0.0000e+00
       3469     -0.488     1.7165  -0.000016     0.0000    -0.0671 0.0000e+00
       3470     -0.488     1.7127  -0.000025     0.0000    -0.0672 0.0000e+00
       3471     -0.489     1.7097  -0.000030     0.0000    -0.0673 0.0000e+00
       3472     -0.490     1.7083  -0.000031     0.0000    -0.0674 0.0000e+00
       3473     -0.492     1.7075  -0.000028     0.0000    -0.0674 0.0000e+00
       3474     -0.493     1.7068  -0.000025     0.0000    -0.0674 0.0000e+00
       3475     -0.491     1.7052  -0.000022     0.0000    -0.0675 0.0000e+00
       3476     -0.488     1.7020  -0.000028     0.0000    -0.0676 0.0000e+00
       3477     -0.487     1.6988  -0.000034     0.0000    -0.0677 0.0000e+00
       3478     -0.489     1.6976  -0.000031     0.0000    -0.0678 0.0000e+00
       3479     -0.494     1.6974  -0.000026     0.0000    -0.0678 0.0000e+00
       3480     -0.497     1.6971  -0.000021     0.0000    -0.0678 0.0000e+00
       3481     -0.496     1.6969  -0.000018     0.0000    -0.0678 0.0000e+00
       3482     -0.493     1.6969  -0.000013     0.0000    -0.0678 0.0000e+00
       3483     -0.491     1.6964  -0.000010     0.0000    -0.0678 0.0000e+00
       3484     -0.492     1.6954  -0.000011     0.0000    -0.0679 0.0000e+00
       3485     -0.493     1.6947  -0.000010     0.0000    -0.0679 0.0000e+00
       3486     -0.492     1.6944  -0.000009     0.0000    -0.0679 0.0000e+00
       3487     -0.491     1.6943  -0.000007     0.0000    -0.0679 0.0000e+00
