Datasets/Multi_Species/TEL214/tel214_2020_038.cnv
* Sea-Bird SBE19plus Data File:
* Filename = C:/AQUIRE/tel214_2020_038.hex
* Software Version AquireV2 AF V2.0
* Temperature SN =  8014
* Conductivity SN =  8014
* System UpLoad Time = Nov 16 2020 13:27:39
* <ApplicationData>
* <AQUIREV2>
** VESSEL/TRIP/SEQ STN: tel214_2020_038
** LATITUDE: 52 17.67 N
** LONGITUDE: 51 32.72 W
** DATE/TIME: 2020-11-16 12:15
** SOUNDING DEPTH (M): 0341
** PROBE TYPE: S8014
** CTD NUMBER: 038
** COMMENTS: 
# nquan = 7                                 
# nvalues = 4095                        
# units = specified
# name 0 = scan: Scan Count
# name 1 = prdM: Pressure, Strain Gauge [db]
# name 2 = tv290C: Temperature [ITS-90, deg C]
# name 3 = c0S/m: Conductivity [S/m]
# name 4 = sal00: Salinity, Practical [PSU]
# name 5 = sigma-t00: Density [sigma-t, kg/m^3 ]
# name 6 = flag: flag
# span 0 =          1,       4095       
# span 1 =     -0.420,    340.310       
# span 2 =     0.4714,     3.6681       
# span 3 =  -0.035853,   3.211569       
# span 4 =    -0.0015,    34.6556       
# span 5 =    -0.1274,    27.5474       
# span 6 = 0.0000e+00, 0.0000e+00       
# interval = seconds: 1
# start_time = Nov 16 2020 12:15:39 [Instrument's time stamp, header]
# bad_flag = -9.990e-29
*END*
[from data line 1436]
       1437    184.873     2.9277   3.102106    34.1922    27.2467 0.0000e+00
       1438    185.429     2.9277   3.102267    34.1939    27.2481 0.0000e+00
       1439    185.979     2.9267   3.102382    34.1960    27.2499 0.0000e+00
       1440    186.530     2.9259   3.102519    34.1983    27.2517 0.0000e+00
       1441    187.085     2.9261   3.102731    34.2003    27.2534 0.0000e+00
       1442    187.650     2.9271   3.102993    34.2021    27.2547 0.0000e+00
       1443    188.223     2.9284   3.103237    34.2034    27.2556 0.0000e+00
       1444    188.787     2.9293   3.103410    34.2043    27.2562 0.0000e+00
       1445    189.331     2.9287   3.103501    34.2057    27.2574 0.0000e+00
       1446    189.860     2.9270   3.103542    34.2077    27.2592 0.0000e+00
       1447    190.387     2.9249   3.103553    34.2098    27.2610 0.0000e+00
       1448    190.921     2.9224   3.103541    34.2120    27.2630 0.0000e+00
       1449    191.460     2.9197   3.103516    34.2143    27.2651 0.0000e+00
       1450    192.005     2.9172   3.103475    34.2161    27.2668 0.0000e+00
       1451    192.555     2.9147   3.103425    34.2179    27.2684 0.0000e+00
       1452    193.107     2.9121   3.103342    34.2193    27.2698 0.0000e+00
       1453    193.657     2.9089   3.103209    34.2208    27.2713 0.0000e+00
       1454    194.205     2.9057   3.103098    34.2226    27.2729 0.0000e+00
       1455    194.749     2.9032   3.103053    34.2244    27.2746 0.0000e+00
       1456    195.294     2.9014   3.103048    34.2259    27.2760 0.0000e+00
       1457    195.844     2.9003   3.103045    34.2267    27.2768 0.0000e+00
       1458    196.400     2.8994   3.103024    34.2271    27.2772 0.0000e+00
       1459    196.947     2.8986   3.102985    34.2272    27.2773 0.0000e+00
       1460    197.474     2.8979   3.102946    34.2272    27.2773 0.0000e+00
       1461    197.987     2.8968   3.102920    34.2278    27.2779 0.0000e+00
       1462    198.505     2.8956   3.102916    34.2287    27.2788 0.0000e+00
       1463    199.039     2.8947   3.102937    34.2296    27.2796 0.0000e+00
       1464    199.590     2.8944   3.102975    34.2301    27.2800 0.0000e+00
       1465    200.153     2.8941   3.103012    34.2306    27.2804 0.0000e+00
       1466    200.725     2.8939   3.103027    34.2306    27.2805 0.0000e+00
       1467    201.299     2.8937   3.103029    34.2306    27.2804 0.0000e+00
       1468    201.859     2.8937   3.103039    34.2304    27.2803 0.0000e+00
       1469    202.392     2.8934   3.103065    34.2307    27.2806 0.0000e+00
       1470    202.910     2.8927   3.103107    34.2317    27.2814 0.0000e+00
       1471    203.442     2.8916   3.103124    34.2328    27.2824 0.0000e+00
       1472    203.998     2.8890   3.103000    34.2337    27.2833 0.0000e+00
       1473    204.565     2.8836   3.102672    34.2351    27.2850 0.0000e+00
       1474    205.126     2.8756   3.102293    34.2387    27.2885 0.0000e+00
       1475    205.675     2.8667   3.102075    34.2452    27.2945 0.0000e+00
       1476    206.222     2.8596   3.102075    34.2525    27.3009 0.0000e+00
       1477    206.777     2.8551   3.102180    34.2582    27.3060 0.0000e+00
       1478    207.341     2.8526   3.102276    34.2618    27.3090 0.0000e+00
       1479    207.906     2.8510   3.102352    34.2641    27.3110 0.0000e+00
       1480    208.459     2.8499   3.102445    34.2661    27.3127 0.0000e+00
       1481    208.998     2.8495   3.102607    34.2682    27.3144 0.0000e+00
       1482    209.535     2.8503   3.102896    34.2706    27.3162 0.0000e+00
       1483    210.085     2.8528   3.103331    34.2729    27.3179 0.0000e+00
       1484    210.644     2.8560   3.103795    34.2749    27.3192 0.0000e+00
       1485    211.194     2.8587   3.104124    34.2757    27.3196 0.0000e+00
       1486    211.731     2.8607   3.104371    34.2763    27.3199 0.0000e+00
       1487    212.267     2.8629   3.104662    34.2772    27.3204 0.0000e+00
       1488    212.811     2.8660   3.105061    34.2785    27.3212 0.0000e+00
       1489    213.365     2.8704   3.105650    34.2807    27.3226 0.0000e+00
       1490    213.923     2.8764   3.106433    34.2836    27.3243 0.0000e+00
       1491    214.471     2.8839   3.107352    34.2866    27.3260 0.0000e+00
       1492    215.004     2.8916   3.108280    34.2894    27.3276 0.0000e+00
       1493    215.529     2.8985   3.109093    34.2917    27.3288 0.0000e+00
       1494    216.061     2.9050   3.109874    34.2940    27.3301 0.0000e+00
       1495    216.608     2.9131   3.110859    34.2971    27.3318 0.0000e+00
       1496    217.166     2.9241   3.112105    34.3003    27.3334 0.0000e+00
       1497    217.724     2.9379   3.113732    34.3052    27.3360 0.0000e+00
       1498    218.278     2.9564   3.116335    34.3169    27.3437 0.0000e+00
       1499    218.834     2.9817   3.119916    34.3334    27.3546 0.0000e+00
       1500    219.393     3.0129   3.123567    34.3443    27.3605 0.0000e+00
       1501    219.948     3.0454   3.126887    34.3499    27.3619 0.0000e+00
       1502    220.493     3.0749   3.129891    34.3547    27.3631 0.0000e+00
       1503    221.038     3.0991   3.132363    34.3587    27.3641 0.0000e+00
       1504    221.602     3.1197   3.134557    34.3632    27.3657 0.0000e+00
       1505    222.185     3.1408   3.136944    34.3694    27.3688 0.0000e+00
       1506    222.762     3.1608   3.139104    34.3741    27.3706 0.0000e+00
       1507    223.311     3.1751   3.140470    34.3751    27.3701 0.0000e+00
       1508    223.843     3.1841   3.141337    34.3758    27.3698 0.0000e+00
       1509    224.387     3.1925   3.142409    34.3796    27.3720 0.0000e+00
       1510    224.947     3.2039   3.143886    34.3851    27.3754 0.0000e+00
       1511    225.490     3.2166   3.145223    34.3875    27.3761 0.0000e+00
       1512    225.988     3.2252   3.145952    34.3869    27.3748 0.0000e+00
       1513    226.460     3.2283   3.146263    34.3871    27.3747 0.0000e+00
       1514    226.949     3.2302   3.146702    34.3901    27.3769 0.0000e+00
       1515    227.472     3.2351   3.147405    34.3932    27.3789 0.0000e+00
       1516    228.014     3.2422   3.148268    34.3958    27.3803 0.0000e+00
       1517    228.547     3.2492   3.149240    34.3998    27.3829 0.0000e+00
       1518    229.053     3.2549   3.150078    34.4036    27.3854 0.0000e+00
       1519    229.533     3.2577   3.150640    34.4072    27.3880 0.0000e+00
       1520    229.990     3.2573   3.151003    34.4118    27.3917 0.0000e+00
       1521    230.434     3.2554   3.151294    34.4171    27.3961 0.0000e+00
       1522    230.877     3.2539   3.151601    34.4221    27.4002 0.0000e+00
       1523    231.306     3.2535   3.151876    34.4257    27.4031 0.0000e+00
       1524    231.706     3.2531   3.152018    34.4276    27.4047 0.0000e+00
       1525    232.073     3.2511   3.151899    34.4281    27.4052 0.0000e+00
       1526    232.422     3.2461   3.151443    34.4277    27.4054 0.0000e+00
       1527    232.775     3.2382   3.150824    34.4284    27.4067 0.0000e+00
       1528    233.137     3.2289   3.150148    34.4299    27.4088 0.0000e+00
       1529    233.493     3.2193   3.149379    34.4306    27.4102 0.0000e+00
       1530    233.827     3.2099   3.148626    34.4313    27.4117 0.0000e+00
       1531    234.138     3.2007   3.147888    34.4319    27.4131 0.0000e+00
       1532    234.433     3.1914   3.147103    34.4321    27.4141 0.0000e+00
       1533    234.725     3.1818   3.146311    34.4326    27.4154 0.0000e+00
       1534    235.018     3.1728   3.145644    34.4339    27.4172 0.0000e+00
       1535    235.306     3.1665   3.145301    34.4363    27.4197 0.0000e+00
       1536    235.576     3.1637   3.145279    34.4389    27.4220 0.0000e+00
       1537    235.822     3.1632   3.145379    34.4405    27.4234 0.0000e+00
       1538    236.049     3.1635   3.145480    34.4413    27.4240 0.0000e+00
       1539    236.274     3.1637   3.145568    34.4420    27.4245 0.0000e+00
       1540    236.506     3.1639   3.145652    34.4427    27.4251 0.0000e+00
       1541    236.746     3.1642   3.145724    34.4431    27.4254 0.0000e+00
       1542    236.993     3.1646   3.145795    34.4434    27.4256 0.0000e+00
       1543    237.245     3.1651   3.145878    34.4437    27.4258 0.0000e+00
       1544    237.495     3.1657   3.145953    34.4439    27.4258 0.0000e+00
       1545    237.740     3.1663   3.146019    34.4439    27.4258 0.0000e+00
       1546    237.983     3.1669   3.146095    34.4440    27.4259 0.0000e+00
       1547    238.224     3.1674   3.146166    34.4442    27.4260 0.0000e+00
       1548    238.456     3.1679   3.146229    34.4444    27.4260 0.0000e+00
       1549    238.679     3.1681   3.146284    34.4447    27.4263 0.0000e+00
       1550    238.898     3.1683   3.146338    34.4450    27.4265 0.0000e+00
       1551    239.120     3.1685   3.146396    34.4454    27.4268 0.0000e+00
       1552    239.347     3.1686   3.146457    34.4459    27.4272 0.0000e+00
       1553    239.585     3.1688   3.146531    34.4464    27.4276 0.0000e+00
       1554    239.837     3.1694   3.146652    34.4471    27.4281 0.0000e+00
       1555    240.102     3.1708   3.146897    34.4485    27.4290 0.0000e+00
       1556    240.372     3.1748   3.147555    34.4520    27.4315 0.0000e+00
       1557    240.640     3.1828   3.148779    34.4582    27.4357 0.0000e+00
       1558    240.901     3.1940   3.150181    34.4632    27.4386 0.0000e+00
       1559    241.155     3.2051   3.151365    34.4656    27.4395 0.0000e+00
       1560    241.408     3.2137   3.152283    34.4674    27.4401 0.0000e+00
       1561    241.669     3.2199   3.153022    34.4696    27.4413 0.0000e+00
       1562    241.945     3.2258   3.153725    34.4717    27.4424 0.0000e+00
       1563    242.243     3.2329   3.154489    34.4732    27.4430 0.0000e+00
       1564    242.545     3.2398   3.155173    34.4740    27.4429 0.0000e+00
       1565    242.835     3.2448   3.155581    34.4735    27.4420 0.0000e+00
       1566    243.114     3.2472   3.155764    34.4730    27.4414 0.0000e+00
       1567    243.394     3.2481   3.155898    34.4735    27.4417 0.0000e+00
       1568    243.687     3.2487   3.156073    34.4748    27.4427 0.0000e+00
       1569    243.998     3.2500   3.156294    34.4759    27.4435 0.0000e+00
       1570    244.317     3.2519   3.156510    34.4763    27.4437 0.0000e+00
       1571    244.629     3.2534   3.156646    34.4762    27.4434 0.0000e+00
       1572    244.928     3.2542   3.156750    34.4765    27.4435 0.0000e+00
       1573    245.225     3.2550   3.156900    34.4773    27.4441 0.0000e+00
       1574    245.532     3.2558   3.157049    34.4781    27.4447 0.0000e+00
       1575    245.850     3.2568   3.157179    34.4784    27.4448 0.0000e+00
       1576    246.179     3.2579   3.157351    34.4791    27.4453 0.0000e+00
       1577    246.512     3.2595   3.157591    34.4801    27.4460 0.0000e+00
       1578    246.841     3.2615   3.157850    34.4810    27.4464 0.0000e+00
       1579    247.169     3.2632   3.158049    34.4814    27.4466 0.0000e+00
       1580    247.506     3.2640   3.158177    34.4819    27.4470 0.0000e+00
       1581    247.857     3.2645   3.158289    34.4825    27.4474 0.0000e+00
       1582    248.225     3.2653   3.158420    34.4831    27.4478 0.0000e+00
       1583    248.604     3.2668   3.158582    34.4832    27.4477 0.0000e+00
       1584    248.982     3.2688   3.158835    34.4839    27.4481 0.0000e+00
       1585    249.347     3.2713   3.159176    34.4852    27.4489 0.0000e+00
       1586    249.696     3.2736   3.159478    34.4862    27.4495 0.0000e+00
       1587    250.034     3.2756   3.159693    34.4865    27.4495 0.0000e+00
       1588    250.376     3.2766   3.159851    34.4872    27.4500 0.0000e+00
       1589    250.745     3.2776   3.160054    34.4884    27.4508 0.0000e+00
       1590    251.146     3.2801   3.160407    34.4898    27.4517 0.0000e+00
       1591    251.565     3.2839   3.160823    34.4905    27.4519 0.0000e+00
       1592    251.985     3.2874   3.161159    34.4906    27.4517 0.0000e+00
       1593    252.395     3.2897   3.161408    34.4910    27.4518 0.0000e+00
       1594    252.797     3.2912   3.161625    34.4918    27.4523 0.0000e+00
       1595    253.197     3.2923   3.161822    34.4928    27.4529 0.0000e+00
       1596    253.599     3.2934   3.161988    34.4934    27.4533 0.0000e+00
       1597    254.005     3.2943   3.162141    34.4941    27.4538 0.0000e+00
       1598    254.407     3.2952   3.162272    34.4945    27.4540 0.0000e+00
       1599    254.802     3.2957   3.162354    34.4947    27.4542 0.0000e+00
       1600    255.202     3.2956   3.162402    34.4952    27.4546 0.0000e+00
       1601    255.621     3.2953   3.162439    34.4957    27.4550 0.0000e+00
       1602    256.054     3.2950   3.162450    34.4959    27.4552 0.0000e+00
       1603    256.491     3.2950   3.162448    34.4957    27.4550 0.0000e+00
       1604    256.929     3.2946   3.162424    34.4956    27.4550 0.0000e+00
       1605    257.368     3.2938   3.162381    34.4957    27.4551 0.0000e+00
       1606    257.805     3.2928   3.162342    34.4960    27.4555 0.0000e+00
       1607    258.242     3.2919   3.162313    34.4964    27.4559 0.0000e+00
       1608    258.688     3.2915   3.162304    34.4965    27.4560 0.0000e+00
       1609    259.140     3.2914   3.162332    34.4967    27.4561 0.0000e+00
       1610    259.585     3.2914   3.162353    34.4967    27.4561 0.0000e+00
       1611    260.016     3.2909   3.162295    34.4963    27.4559 0.0000e+00
       1612    260.441     3.2894   3.162180    34.4962    27.4560 0.0000e+00
       1613    260.878     3.2873   3.162082    34.4971    27.4568 0.0000e+00
       1614    261.335     3.2854   3.162071    34.4987    27.4583 0.0000e+00
       1615    261.804     3.2849   3.162253    34.5012    27.4603 0.0000e+00
       1616    262.274     3.2870   3.162705    34.5041    27.4625 0.0000e+00
       1617    262.739     3.2919   3.163387    34.5069    27.4643 0.0000e+00
       1618    263.201     3.2986   3.164207    34.5095    27.4656 0.0000e+00
       1619    263.662     3.3060   3.165072    34.5118    27.4668 0.0000e+00
       1620    264.116     3.3137   3.165936    34.5138    27.4677 0.0000e+00
       1621    264.566     3.3215   3.166857    34.5164    27.4690 0.0000e+00
       1622    265.021     3.3304   3.167942    34.5198    27.4708 0.0000e+00
       1623    265.483     3.3411   3.169129    34.5225    27.4720 0.0000e+00
       1624    265.943     3.3520   3.170229    34.5239    27.4721 0.0000e+00
       1625    266.394     3.3610   3.171087    34.5245    27.4717 0.0000e+00
       1626    266.846     3.3670   3.171663    34.5248    27.4713 0.0000e+00
       1627    267.304     3.3716   3.172216    34.5263    27.4721 0.0000e+00
       1628    267.760     3.3770   3.172882    34.5284    27.4732 0.0000e+00
       1629    268.208     3.3823   3.173434    34.5291    27.4733 0.0000e+00
       1630    268.655     3.3860   3.173819    34.5296    27.4734 0.0000e+00
       1631    269.115     3.3892   3.174217    34.5308    27.4740 0.0000e+00
       1632    269.585     3.3930   3.174618    34.5313    27.4740 0.0000e+00
       1633    270.051     3.3963   3.174893    34.5309    27.4734 0.0000e+00
       1634    270.512     3.3977   3.175028    34.5307    27.4731 0.0000e+00
       1635    270.983     3.3981   3.175176    34.5319    27.4740 0.0000e+00
       1636    271.469     3.3994   3.175440    34.5334    27.4751 0.0000e+00
       1637    271.953     3.4019   3.175715    34.5338    27.4752 0.0000e+00
       1638    272.418     3.4039   3.175883    34.5334    27.4747 0.0000e+00
       1639    272.870     3.4047   3.175961    34.5333    27.4745 0.0000e+00
       1640    273.330     3.4046   3.176027    34.5339    27.4750 0.0000e+00
       1641    273.816     3.4048   3.176207    34.5356    27.4763 0.0000e+00
