Datasets/Multi_Species/TEL214/tel214_2020_006.cnv
* Sea-Bird SBE19plus Data File:
* Filename = C:/AQUIRE/tel214_2020_006.hex
* Software Version AquireV2 AF V2.0
* Temperature SN =  7853
* Conductivity SN =  7853
* System UpLoad Time = Nov 07 2020 03:08:08
* <ApplicationData>
* <AQUIREV2>
** VESSEL/TRIP/SEQ STN: tel214_2020_006
** LATITUDE: 53 23.98 N
** LONGITUDE: 05 14.25 W
** DATE/TIME: 2020-11-07 02:15
** SOUNDING DEPTH (M): 0320
** PROBE TYPE: S7853
** CTD NUMBER: 006
** COMMENTS: 
# nquan = 7                                 
# nvalues = 2963                        
# units = specified
# name 0 = scan: Scan Count
# name 1 = prdM: Pressure, Strain Gauge [db]
# name 2 = tv290C: Temperature [ITS-90, deg C]
# name 3 = c0S/m: Conductivity [S/m]
# name 4 = sal00: Salinity, Practical [PSU]
# name 5 = sigma-t00: Density [sigma-t, kg/m^3 ]
# name 6 = flag: flag
# span 0 =          1,       2963       
# span 1 =     -1.118,    319.123       
# span 2 =     0.9107,     3.5739       
# span 3 =   0.000097,   3.158219       
# span 4 =    -0.0006,    34.4059       
# span 5 =    -0.1030,    27.3830       
# span 6 = 0.0000e+00, 0.0000e+00       
# interval = seconds: 1
# start_time = Nov 07 2020 02:15:49 [Instrument's time stamp, header]
# bad_flag = -9.990e-29
*END*
[from data line 1642]
       1643    318.561     3.2994   3.158154    34.4054    27.3826 0.0000e+00
       1644    318.590     3.2994   3.158149    34.4053    27.3825 0.0000e+00
       1645    318.628     3.2992   3.158131    34.4053    27.3825 0.0000e+00
       1646    318.645     3.2990   3.158102    34.4051    27.3824 0.0000e+00
       1647    318.622     3.2988   3.158079    34.4051    27.3824 0.0000e+00
       1648    318.563     3.2987   3.158075    34.4051    27.3825 0.0000e+00
       1649    318.503     3.2986   3.158077    34.4053    27.3826 0.0000e+00
       1650    318.488     3.2987   3.158078    34.4052    27.3825 0.0000e+00
       1651    318.527     3.2987   3.158079    34.4052    27.3825 0.0000e+00
       1652    318.582     3.2987   3.158066    34.4050    27.3824 0.0000e+00
       1653    318.612     3.2984   3.158026    34.4048    27.3822 0.0000e+00
       1654    318.611     3.2980   3.157989    34.4048    27.3823 0.0000e+00
       1655    318.600     3.2977   3.157975    34.4050    27.3824 0.0000e+00
       1656    318.596     3.2977   3.157970    34.4049    27.3824 0.0000e+00
       1657    318.601     3.2977   3.157957    34.4048    27.3822 0.0000e+00
       1658    318.612     3.2976   3.157948    34.4048    27.3822 0.0000e+00
       1659    318.625     3.2976   3.157957    34.4049    27.3823 0.0000e+00
       1660    318.636     3.2977   3.157982    34.4050    27.3825 0.0000e+00
       1661    318.646     3.2978   3.158002    34.4052    27.3826 0.0000e+00
       1662    318.663     3.2980   3.158009    34.4050    27.3824 0.0000e+00
       1663    318.689     3.2980   3.158009    34.4050    27.3824 0.0000e+00
       1664    318.704     3.2980   3.157992    34.4048    27.3822 0.0000e+00
       1665    318.683     3.2978   3.157966    34.4047    27.3822 0.0000e+00
       1666    318.625     3.2977   3.157953    34.4047    27.3822 0.0000e+00
       1667    318.561     3.2977   3.157951    34.4047    27.3822 0.0000e+00
       1668    318.529     3.2977   3.157945    34.4047    27.3822 0.0000e+00
       1669    318.541     3.2977   3.157931    34.4045    27.3820 0.0000e+00
       1670    318.572     3.2976   3.157927    34.4045    27.3821 0.0000e+00
       1671    318.587     3.2977   3.157951    34.4047    27.3822 0.0000e+00
       1672    318.574     3.2977   3.157981    34.4051    27.3825 0.0000e+00
       1673    318.548     3.2979   3.157995    34.4050    27.3824 0.0000e+00
       1674    318.531     3.2980   3.157996    34.4050    27.3824 0.0000e+00
       1675    318.532     3.2980   3.157995    34.4049    27.3824 0.0000e+00
       1676    318.548     3.2980   3.157994    34.4049    27.3823 0.0000e+00
       1677    318.573     3.2978   3.157986    34.4050    27.3824 0.0000e+00
       1678    318.594     3.2977   3.157971    34.4049    27.3824 0.0000e+00
       1679    318.593     3.2977   3.157959    34.4048    27.3823 0.0000e+00
       1680    318.551     3.2976   3.157956    34.4049    27.3823 0.0000e+00
       1681    318.463     3.2976   3.157957    34.4049    27.3824 0.0000e+00
       1682    318.368     3.2976   3.157956    34.4050    27.3824 0.0000e+00
       1683    318.335     3.2976   3.157949    34.4049    27.3824 0.0000e+00
       1684    318.372     3.2976   3.157938    34.4048    27.3822 0.0000e+00
       1685    318.428     3.2974   3.157924    34.4048    27.3823 0.0000e+00
       1686    318.460     3.2973   3.157912    34.4047    27.3822 0.0000e+00
       1687    318.448     3.2973   3.157914    34.4047    27.3823 0.0000e+00
       1688    318.391     3.2973   3.157921    34.4049    27.3824 0.0000e+00
       1689    318.324     3.2973   3.157922    34.4049    27.3824 0.0000e+00
       1690    318.296     3.2973   3.157920    34.4049    27.3824 0.0000e+00
       1691    318.313     3.2975   3.157923    34.4047    27.3822 0.0000e+00
       1692    318.357     3.2976   3.157930    34.4047    27.3822 0.0000e+00
       1693    318.395     3.2976   3.157936    34.4047    27.3822 0.0000e+00
       1694    318.392     3.2976   3.157939    34.4048    27.3822 0.0000e+00
       1695    318.335     3.2977   3.157939    34.4047    27.3822 0.0000e+00
       1696    318.262     3.2977   3.157939    34.4047    27.3822 0.0000e+00
       1697    318.243     3.2977   3.157948    34.4048    27.3823 0.0000e+00
       1698    318.293     3.2977   3.157961    34.4050    27.3824 0.0000e+00
       1699    318.351     3.2978   3.157966    34.4049    27.3823 0.0000e+00
       1700    318.356     3.2977   3.157958    34.4049    27.3824 0.0000e+00
       1701    318.292     3.2977   3.157951    34.4049    27.3823 0.0000e+00
       1702    318.209     3.2977   3.157947    34.4049    27.3823 0.0000e+00
       1703    318.183     3.2977   3.157941    34.4048    27.3823 0.0000e+00
       1704    318.224     3.2977   3.157941    34.4048    27.3822 0.0000e+00
       1705    318.280     3.2977   3.157954    34.4049    27.3823 0.0000e+00
       1706    318.312     3.2977   3.157968    34.4051    27.3825 0.0000e+00
       1707    318.326     3.2978   3.157969    34.4049    27.3824 0.0000e+00
       1708    318.345     3.2977   3.157961    34.4049    27.3824 0.0000e+00
       1709    318.384     3.2977   3.157956    34.4049    27.3823 0.0000e+00
       1710    318.431     3.2977   3.157944    34.4047    27.3822 0.0000e+00
       1711    318.463     3.2975   3.157915    34.4045    27.3821 0.0000e+00
       1712    318.472     3.2973   3.157888    34.4044    27.3820 0.0000e+00
       1713    318.471     3.2971   3.157872    34.4044    27.3820 0.0000e+00
       1714    318.481     3.2969   3.157867    34.4046    27.3822 0.0000e+00
       1715    318.511     3.2969   3.157867    34.4046    27.3822 0.0000e+00
       1716    318.550     3.2969   3.157862    34.4045    27.3821 0.0000e+00
       1717    318.590     3.2968   3.157850    34.4044    27.3821 0.0000e+00
       1718    318.634     3.2966   3.157837    34.4045    27.3821 0.0000e+00
       1719    318.674     3.2965   3.157825    34.4044    27.3821 0.0000e+00
       1720    318.690     3.2965   3.157813    34.4042    27.3819 0.0000e+00
       1721    318.677     3.2964   3.157813    34.4044    27.3820 0.0000e+00
       1722    318.649     3.2965   3.157825    34.4044    27.3821 0.0000e+00
       1723    318.640     3.2965   3.157831    34.4045    27.3821 0.0000e+00
       1724    318.673     3.2965   3.157830    34.4045    27.3821 0.0000e+00
       1725    318.738     3.2966   3.157827    34.4043    27.3820 0.0000e+00
       1726    318.804     3.2965   3.157815    34.4042    27.3819 0.0000e+00
       1727    318.840     3.2964   3.157794    34.4040    27.3818 0.0000e+00
       1728    318.842     3.2962   3.157773    34.4040    27.3818 0.0000e+00
       1729    318.829     3.2961   3.157763    34.4040    27.3818 0.0000e+00
       1730    318.825     3.2961   3.157758    34.4039    27.3817 0.0000e+00
       1731    318.845     3.2960   3.157746    34.4039    27.3817 0.0000e+00
       1732    318.881     3.2958   3.157732    34.4039    27.3817 0.0000e+00
       1733    318.923     3.2958   3.157734    34.4039    27.3817 0.0000e+00
       1734    318.967     3.2958   3.157753    34.4041    27.3819 0.0000e+00
       1735    319.005     3.2959   3.157785    34.4044    27.3821 0.0000e+00
       1736    319.024     3.2961   3.157828    34.4047    27.3823 0.0000e+00
       1737    319.024     3.2964   3.157857    34.4047    27.3823 0.0000e+00
       1738    319.010     3.2966   3.157865    34.4046    27.3822 0.0000e+00
       1739    319.000     3.2967   3.157870    34.4046    27.3822 0.0000e+00
       1740    319.014     3.2968   3.157879    34.4045    27.3822 0.0000e+00
       1741    319.048     3.2969   3.157896    34.4046    27.3822 0.0000e+00
       1742    319.088     3.2971   3.157931    34.4048    27.3823 0.0000e+00
       1743    319.118     3.2975   3.157974    34.4049    27.3824 0.0000e+00
       1744    319.123     3.2977   3.158000    34.4050    27.3824 0.0000e+00
       1745    319.103     3.2977   3.158001    34.4050    27.3824 0.0000e+00
       1746    319.083     3.2977   3.157988    34.4049    27.3823 0.0000e+00
       1747    319.083     3.2976   3.157957    34.4046    27.3821 0.0000e+00
       1748    319.097     3.2973   3.157903    34.4043    27.3819 0.0000e+00
       1749    319.107     3.2969   3.157857    34.4041    27.3818 0.0000e+00
       1750    319.105     3.2968   3.157843    34.4041    27.3818 0.0000e+00
       1751    319.093     3.2966   3.157838    34.4042    27.3819 0.0000e+00
       1752    319.078     3.2965   3.157823    34.4042    27.3819 0.0000e+00
       1753    319.065     3.2965   3.157827    34.4042    27.3819 0.0000e+00
       1754    319.054     3.2968   3.157862    34.4043    27.3820 0.0000e+00
       1755    319.046     3.2971   3.157903    34.4045    27.3821 0.0000e+00
       1756    319.045     3.2973   3.157924    34.4045    27.3821 0.0000e+00
       1757    319.052     3.2974   3.157936    34.4046    27.3821 0.0000e+00
       1758    319.053     3.2977   3.157972    34.4047    27.3822 0.0000e+00
       1759    319.043     3.2980   3.158028    34.4051    27.3824 0.0000e+00
       1760    319.023     3.2984   3.158068    34.4051    27.3825 0.0000e+00
       1761    319.004     3.2987   3.158086    34.4050    27.3824 0.0000e+00
       1762    319.006     3.2988   3.158100    34.4051    27.3824 0.0000e+00
       1763    319.029     3.2990   3.158124    34.4052    27.3824 0.0000e+00
       1764    319.062     3.2992   3.158143    34.4052    27.3824 0.0000e+00
       1765    319.090     3.2994   3.158152    34.4050    27.3823 0.0000e+00
       1766    319.102     3.2995   3.158149    34.4049    27.3822 0.0000e+00
       1767    319.089     3.2995   3.158127    34.4046    27.3820 0.0000e+00
       1768    319.048     3.2993   3.158097    34.4045    27.3819 0.0000e+00
       1769    318.977     3.2992   3.158093    34.4046    27.3820 0.0000e+00
       1770    318.880     3.2994   3.158126    34.4048    27.3821 0.0000e+00
       1771    318.766     3.2996   3.158166    34.4052    27.3824 0.0000e+00
       1772    318.642     3.2999   3.158200    34.4053    27.3825 0.0000e+00
       1773    318.504     3.3003   3.158219    34.4052    27.3824 0.0000e+00
       1774    318.355     3.3004   3.158213    34.4051    27.3823 0.0000e+00
       1775    318.198     3.3003   3.158194    34.4051    27.3823 0.0000e+00
       1776    318.026     3.3003   3.158167    34.4049    27.3821 0.0000e+00
       1777    317.835     3.3001   3.158146    34.4049    27.3821 0.0000e+00
       1778    317.633     3.3001   3.158140    34.4050    27.3822 0.0000e+00
       1779    317.430     3.3002   3.158135    34.4049    27.3821 0.0000e+00
       1780    317.231     3.3003   3.158119    34.4047    27.3819 0.0000e+00
       1781    317.033     3.3000   3.158079    34.4046    27.3819 0.0000e+00
       1782    316.828     3.2996   3.158007    34.4043    27.3817 0.0000e+00
       1783    316.608     3.2991   3.157919    34.4039    27.3814 0.0000e+00
       1784    316.375     3.2985   3.157850    34.4038    27.3814 0.0000e+00
       1785    316.138     3.2981   3.157816    34.4040    27.3816 0.0000e+00
       1786    315.905     3.2980   3.157811    34.4041    27.3817 0.0000e+00
       1787    315.671     3.2982   3.157830    34.4043    27.3818 0.0000e+00
       1788    315.434     3.2986   3.157856    34.4043    27.3818 0.0000e+00
       1789    315.194     3.2988   3.157865    34.4043    27.3818 0.0000e+00
       1790    314.954     3.2988   3.157848    34.4043    27.3817 0.0000e+00
       1791    314.714     3.2988   3.157826    34.4041    27.3816 0.0000e+00
       1792    314.472     3.2987   3.157811    34.4042    27.3817 0.0000e+00
       1793    314.230     3.2985   3.157794    34.4043    27.3818 0.0000e+00
       1794    313.992     3.2983   3.157762    34.4043    27.3818 0.0000e+00
       1795    313.759     3.2980   3.157718    34.4042    27.3817 0.0000e+00
       1796    313.527     3.2977   3.157669    34.4040    27.3817 0.0000e+00
       1797    313.289     3.2973   3.157621    34.4040    27.3817 0.0000e+00
       1798    313.051     3.2972   3.157594    34.4039    27.3816 0.0000e+00
       1799    312.822     3.2971   3.157582    34.4040    27.3817 0.0000e+00
       1800    312.601     3.2970   3.157569    34.4041    27.3818 0.0000e+00
       1801    312.379     3.2969   3.157547    34.4040    27.3817 0.0000e+00
       1802    312.151     3.2969   3.157528    34.4039    27.3816 0.0000e+00
       1803    311.926     3.2968   3.157513    34.4040    27.3817 0.0000e+00
       1804    311.709     3.2966   3.157496    34.4041    27.3818 0.0000e+00
       1805    311.498     3.2965   3.157486    34.4042    27.3819 0.0000e+00
       1806    311.292     3.2967   3.157501    34.4043    27.3819 0.0000e+00
       1807    311.087     3.2970   3.157535    34.4045    27.3821 0.0000e+00
       1808    310.883     3.2975   3.157578    34.4046    27.3821 0.0000e+00
       1809    310.682     3.2978   3.157605    34.4047    27.3822 0.0000e+00
       1810    310.491     3.2980   3.157607    34.4046    27.3821 0.0000e+00
       1811    310.313     3.2980   3.157604    34.4047    27.3821 0.0000e+00
       1812    310.142     3.2982   3.157603    34.4045    27.3820 0.0000e+00
       1813    309.974     3.2984   3.157599    34.4044    27.3819 0.0000e+00
       1814    309.810     3.2984   3.157591    34.4044    27.3819 0.0000e+00
       1815    309.651     3.2986   3.157602    34.4044    27.3818 0.0000e+00
       1816    309.495     3.2988   3.157626    34.4045    27.3820 0.0000e+00
       1817    309.337     3.2990   3.157633    34.4045    27.3819 0.0000e+00
       1818    309.183     3.2991   3.157623    34.4043    27.3818 0.0000e+00
       1819    309.038     3.2988   3.157594    34.4044    27.3818 0.0000e+00
       1820    308.897     3.2987   3.157584    34.4045    27.3819 0.0000e+00
       1821    308.758     3.2988   3.157616    34.4048    27.3822 0.0000e+00
       1822    308.625     3.2991   3.157641    34.4049    27.3822 0.0000e+00
       1823    308.497     3.2992   3.157630    34.4047    27.3820 0.0000e+00
       1824    308.369     3.2991   3.157593    34.4044    27.3818 0.0000e+00
       1825    308.247     3.2988   3.157564    34.4045    27.3819 0.0000e+00
       1826    308.138     3.2987   3.157579    34.4048    27.3822 0.0000e+00
       1827    308.040     3.2989   3.157616    34.4051    27.3824 0.0000e+00
       1828    307.939     3.2994   3.157649    34.4050    27.3823 0.0000e+00
       1829    307.823     3.2998   3.157692    34.4052    27.3824 0.0000e+00
       1830    307.696     3.3003   3.157741    34.4053    27.3824 0.0000e+00
       1831    307.571     3.3007   3.157792    34.4056    27.3826 0.0000e+00
       1832    307.460     3.3012   3.157833    34.4056    27.3826 0.0000e+00
       1833    307.362     3.3015   3.157851    34.4055    27.3825 0.0000e+00
       1834    307.273     3.3017   3.157863    34.4055    27.3825 0.0000e+00
       1835    307.185     3.3019   3.157879    34.4056    27.3825 0.0000e+00
       1836    307.088     3.3020   3.157878    34.4055    27.3824 0.0000e+00
       1837    306.980     3.3019   3.157856    34.4054    27.3823 0.0000e+00
       1838    306.861     3.3019   3.157831    34.4052    27.3822 0.0000e+00
       1839    306.733     3.3019   3.157808    34.4049    27.3820 0.0000e+00
       1840    306.612     3.3017   3.157781    34.4049    27.3820 0.0000e+00
       1841    306.503     3.3014   3.157744    34.4048    27.3819 0.0000e+00
       1842    306.397     3.3012   3.157714    34.4047    27.3819 0.0000e+00
       1843    306.289     3.3011   3.157708    34.4048    27.3820 0.0000e+00
       1844    306.177     3.3011   3.157697    34.4048    27.3819 0.0000e+00
       1845    306.061     3.3009   3.157657    34.4045    27.3818 0.0000e+00
       1846    305.946     3.3005   3.157616    34.4045    27.3818 0.0000e+00
