Datasets/Multi_Species/TEL214/tel214_2020_020.cnv
* Sea-Bird SBE19plus Data File:
* Filename = C:/AQUIRE/tel214_2020_020.hex
* Software Version AquireV2 AF V2.0
* Temperature SN =  7853
* Conductivity SN =  7853
* System UpLoad Time = Nov 11 2020 20:36:02
* <ApplicationData>
* <AQUIREV2>
** VESSEL/TRIP/SEQ STN: tel214_2020_020
** LATITUDE: 54 28.73 N
** LONGITUDE: 53 25.22 W
** DATE/TIME: 2020-11-11 19:23
** SOUNDING DEPTH (M): 0440
** PROBE TYPE: S7853
** CTD NUMBER: 020
** COMMENTS: 
# nquan = 7                                 
# nvalues = 4188                        
# units = specified
# name 0 = scan: Scan Count
# name 1 = prdM: Pressure, Strain Gauge [db]
# name 2 = tv290C: Temperature [ITS-90, deg C]
# name 3 = c0S/m: Conductivity [S/m]
# name 4 = sal00: Salinity, Practical [PSU]
# name 5 = sigma-t00: Density [sigma-t, kg/m^3 ]
# name 6 = flag: flag
# span 0 =          1,       4188       
# span 1 =     -1.086,    441.240       
# span 2 =    -0.2009,     4.0881       
# span 3 =   0.000083,   3.265360       
# span 4 =    -0.0014,    34.7879       
# span 5 =    -0.1714,    27.6084       
# span 6 = 0.0000e+00, 0.0000e+00       
# interval = seconds: 1
# start_time = Nov 11 2020 19:23:31 [Instrument's time stamp, header]
# bad_flag = -9.990e-29
*END*
[from data line 821]
        822      1.474     1.6832   2.922329    33.3853    26.7013 0.0000e+00
        823      1.606     1.6833   2.922393    33.3859    26.7018 0.0000e+00
        824      1.713     1.6833   2.922414    33.3861    26.7020 0.0000e+00
        825      1.866     1.6832   2.922459    33.3867    26.7024 0.0000e+00
        826      2.151     1.6829   2.922588    33.3885    26.7039 0.0000e+00
        827      2.561     1.6827   2.922796    33.3911    26.7060 0.0000e+00
        828      2.956     1.6826   2.922991    33.3934    26.7079 0.0000e+00
        829      3.198     1.6825   2.923071    33.3944    26.7087 0.0000e+00
        830      3.284     1.6824   2.923060    33.3943    26.7086 0.0000e+00
        831      3.281     1.6819   2.923018    33.3943    26.7087 0.0000e+00
        832      3.252     1.6814   2.922951    33.3940    26.7085 0.0000e+00
        833      3.297     1.6810   2.922941    33.3943    26.7087 0.0000e+00
        834      3.508     1.6810   2.923035    33.3953    26.7096 0.0000e+00
        835      3.907     1.6810   2.923195    33.3971    26.7110 0.0000e+00
        836      4.468     1.6812   2.923434    33.3996    26.7130 0.0000e+00
        837      5.106     1.6816   2.923710    33.4023    26.7151 0.0000e+00
        838      5.673     1.6818   2.923927    33.4045    26.7169 0.0000e+00
        839      6.037     1.6819   2.924049    33.4057    26.7178 0.0000e+00
        840      6.182     1.6820   2.924089    33.4061    26.7181 0.0000e+00
        841      6.210     1.6823   2.924094    33.4058    26.7178 0.0000e+00
        842      6.276     1.6830   2.924173    33.4060    26.7180 0.0000e+00
        843      6.495     1.6841   2.924364    33.4071    26.7188 0.0000e+00
        844      6.876     1.6848   2.924540    33.4084    26.7197 0.0000e+00
        845      7.346     1.6849   2.924667    33.4096    26.7207 0.0000e+00
        846      7.794     1.6848   2.924780    33.4109    26.7218 0.0000e+00
        847      8.135     1.6846   2.924855    33.4118    26.7225 0.0000e+00
        848      8.363     1.6844   2.924890    33.4124    26.7230 0.0000e+00
        849      8.535     1.6845   2.924922    33.4126    26.7231 0.0000e+00
        850      8.738     1.6854   2.925020    33.4127    26.7232 0.0000e+00
        851      9.044     1.6868   2.925192    33.4132    26.7235 0.0000e+00
        852      9.464     1.6876   2.925348    33.4141    26.7242 0.0000e+00
        853      9.946     1.6876   2.925505    33.4158    26.7255 0.0000e+00
        854     10.431     1.6876   2.925700    33.4180    26.7273 0.0000e+00
        855     10.867     1.6879   2.925841    33.4192    26.7282 0.0000e+00
        856     11.215     1.6880   2.925920    33.4199    26.7288 0.0000e+00
        857     11.484     1.6880   2.925993    33.4207    26.7294 0.0000e+00
        858     11.716     1.6882   2.926062    33.4212    26.7298 0.0000e+00
        859     11.949     1.6885   2.926080    33.4210    26.7296 0.0000e+00
        860     12.213     1.6885   2.926061    33.4206    26.7293 0.0000e+00
        861     12.514     1.6881   2.926062    33.4209    26.7295 0.0000e+00
        862     12.848     1.6877   2.926081    33.4213    26.7299 0.0000e+00
        863     13.204     1.6871   2.926104    33.4221    26.7306 0.0000e+00
        864     13.565     1.6868   2.926167    33.4230    26.7313 0.0000e+00
        865     13.930     1.6868   2.926266    33.4240    26.7321 0.0000e+00
        866     14.309     1.6869   2.926368    33.4250    26.7329 0.0000e+00
        867     14.690     1.6875   2.926515    33.4260    26.7337 0.0000e+00
        868     15.038     1.6886   2.926686    33.4268    26.7342 0.0000e+00
        869     15.348     1.6894   2.926754    33.4266    26.7340 0.0000e+00
        870     15.661     1.6897   2.926748    33.4260    26.7335 0.0000e+00
        871     16.020     1.6896   2.926774    33.4263    26.7337 0.0000e+00
        872     16.424     1.6892   2.926821    33.4271    26.7344 0.0000e+00
        873     16.844     1.6890   2.926840    33.4273    26.7346 0.0000e+00
        874     17.255     1.6885   2.926824    33.4274    26.7347 0.0000e+00
        875     17.630     1.6878   2.926810    33.4277    26.7350 0.0000e+00
        876     17.952     1.6874   2.926840    33.4283    26.7356 0.0000e+00
        877     18.241     1.6877   2.926910    33.4287    26.7359 0.0000e+00
        878     18.540     1.6889   2.927030    33.4288    26.7358 0.0000e+00
        879     18.881     1.6902   2.927179    33.4291    26.7360 0.0000e+00
        880     19.255     1.6907   2.927240    33.4291    26.7360 0.0000e+00
        881     19.632     1.6905   2.927225    33.4289    26.7358 0.0000e+00
        882     20.007     1.6906   2.927270    33.4292    26.7360 0.0000e+00
        883     20.394     1.6918   2.927423    33.4296    26.7363 0.0000e+00
        884     20.801     1.6937   2.927627    33.4300    26.7364 0.0000e+00
        885     21.204     1.6949   2.927719    33.4296    26.7360 0.0000e+00
        886     21.572     1.6943   2.927696    33.4297    26.7362 0.0000e+00
        887     21.902     1.6934   2.927724    33.4309    26.7372 0.0000e+00
        888     22.230     1.6943   2.927878    33.4317    26.7377 0.0000e+00
        889     22.604     1.6969   2.928196    33.4327    26.7384 0.0000e+00
        890     23.046     1.6994   2.928530    33.4340    26.7392 0.0000e+00
        891     23.532     1.7003   2.928621    33.4339    26.7391 0.0000e+00
        892     24.015     1.6997   2.928565    33.4336    26.7389 0.0000e+00
        893     24.465     1.6987   2.928600    33.4348    26.7400 0.0000e+00
        894     24.887     1.6984   2.928674    33.4358    26.7408 0.0000e+00
        895     25.307     1.6995   2.928724    33.4351    26.7401 0.0000e+00
        896     25.739     1.7008   2.928796    33.4343    26.7394 0.0000e+00
        897     26.171     1.7011   2.928958    33.4358    26.7406 0.0000e+00
        898     26.584     1.7012   2.929232    33.4389    26.7431 0.0000e+00
        899     26.984     1.7020   2.929398    33.4400    26.7438 0.0000e+00
        900     27.403     1.7031   2.929389    33.4384    26.7425 0.0000e+00
        901     27.864     1.7048   2.929510    33.4379    26.7420 0.0000e+00
        902     28.368     1.7071   2.929805    33.4389    26.7426 0.0000e+00
        903     28.894     1.7088   2.929969    33.4388    26.7425 0.0000e+00
        904     29.408     1.7086   2.930004    33.4392    26.7428 0.0000e+00
        905     29.887     1.7077   2.930127    33.4414    26.7446 0.0000e+00
        906     30.343     1.7076   2.930226    33.4425    26.7455 0.0000e+00
        907     30.813     1.7086   2.930212    33.4410    26.7442 0.0000e+00
        908     31.323     1.7097   2.930259    33.4402    26.7434 0.0000e+00
        909     31.856     1.7100   2.930473    33.4422    26.7451 0.0000e+00
        910     32.379     1.7100   2.930803    33.4461    26.7482 0.0000e+00
        911     32.880     1.7110   2.931097    33.4485    26.7500 0.0000e+00
        912     33.377     1.7140   2.931157    33.4458    26.7476 0.0000e+00
        913     33.898     1.7220   2.931045    33.4355    26.7389 0.0000e+00
        914     34.455     1.7327   2.931095    33.4245    26.7292 0.0000e+00
        915     35.028     1.7367   2.931585    33.4261    26.7302 0.0000e+00
        916     35.591     1.7325   2.932482    33.4415    26.7429 0.0000e+00
        917     36.131     1.7276   2.933240    33.4560    26.7548 0.0000e+00
        918     36.647     1.7256   2.933502    33.4611    26.7591 0.0000e+00
        919     37.144     1.7351   2.933500    33.4507    26.7501 0.0000e+00
        920     37.639     1.7796   2.933855    33.4077    26.7124 0.0000e+00
        921     38.156     1.8633   2.936246    33.3489    26.6591 0.0000e+00
        922     38.702     1.9411   2.939094    33.3022    26.6159 0.0000e+00
        923     39.262     1.9545   2.939514    33.2930    26.6076 0.0000e+00
        924     39.826     1.9037   2.941481    33.3709    26.6738 0.0000e+00
        925     40.396     1.8573   2.948194    33.5039    26.7838 0.0000e+00
        926     40.969     1.8707   2.958311    33.6164    26.8729 0.0000e+00
        927     41.541     1.9440   2.971000    33.6972    26.9321 0.0000e+00
        928     42.102     2.0406   2.982062    33.7324    26.9530 0.0000e+00
        929     42.652     2.1087   2.985931    33.7079    26.9281 0.0000e+00
        930     43.204     2.1373   2.981732    33.6249    26.8594 0.0000e+00
        931     43.774     2.1715   2.974605    33.4996    26.7565 0.0000e+00
        932     44.367     2.2268   2.971489    33.4023    26.6742 0.0000e+00
        933     44.971     2.2531   2.973245    33.3961    26.6672 0.0000e+00
        934     45.570     2.2148   2.978618    33.5029    26.7556 0.0000e+00
        935     46.158     2.1487   2.985761    33.6614    26.8877 0.0000e+00
        936     46.741     2.1098   2.991561    33.7747    26.9815 0.0000e+00
        937     47.321     2.1153   2.997996    33.8488    27.0404 0.0000e+00
        938     47.895     2.1568   3.005686    33.9001    27.0783 0.0000e+00
        939     48.467     2.2093   3.007882    33.8711    27.0509 0.0000e+00
        940     49.047     2.2644   3.002621    33.7467    26.9469 0.0000e+00
        941     49.641     2.3514   2.999744    33.6186    26.8374 0.0000e+00
        942     50.247     2.4680   3.005428    33.5657    26.7856 0.0000e+00
        943     50.852     2.5617   3.011909    33.5468    26.7627 0.0000e+00
        944     51.443     2.5938   3.011511    33.5079    26.7290 0.0000e+00
        945     52.018     2.5627   3.008542    33.5036    26.7281 0.0000e+00
        946     52.591     2.5187   3.007822    33.5406    26.7614 0.0000e+00
        947     53.181     2.5382   3.011759    33.5683    26.7819 0.0000e+00
        948     53.801     2.6294   3.025516    33.6415    26.8327 0.0000e+00
        949     54.453     2.7259   3.042132    33.7437    26.9062 0.0000e+00
        950     55.126     2.7804   3.048577    33.7649    26.9185 0.0000e+00
        951     55.799     2.7948   3.044520    33.6997    26.8651 0.0000e+00
        952     56.460     2.7718   3.039158    33.6578    26.8337 0.0000e+00
        953     57.110     2.7187   3.041556    33.7427    26.9060 0.0000e+00
        954     57.754     2.6839   3.051331    33.8991    27.0340 0.0000e+00
        955     58.376     2.7063   3.061074    33.9948    27.1085 0.0000e+00
        956     58.959     2.7601   3.067023    34.0104    27.1164 0.0000e+00
        957     59.512     2.8023   3.070244    34.0049    27.1082 0.0000e+00
        958     60.048     2.8248   3.072347    34.0065    27.1076 0.0000e+00
        959     60.572     2.8369   3.073580    34.0085    27.1081 0.0000e+00
        960     61.094     2.8388   3.073603    34.0065    27.1063 0.0000e+00
        961     61.630     2.8280   3.072968    34.0098    27.1100 0.0000e+00
        962     62.183     2.8133   3.072932    34.0247    27.1231 0.0000e+00
        963     62.735     2.8104   3.074385    34.0452    27.1398 0.0000e+00
        964     63.254     2.8207   3.076002    34.0538    27.1457 0.0000e+00
        965     63.731     2.8292   3.075023    34.0326    27.1280 0.0000e+00
        966     64.200     2.8274   3.071392    33.9897    27.0940 0.0000e+00
        967     64.697     2.8203   3.068425    33.9607    27.0713 0.0000e+00
        968     65.221     2.8135   3.069696    33.9831    27.0899 0.0000e+00
        969     65.742     2.8123   3.074126    34.0384    27.1341 0.0000e+00
        970     66.236     2.8175   3.076423    34.0607    27.1515 0.0000e+00
        971     66.709     2.8210   3.074790    34.0368    27.1321 0.0000e+00
        972     67.192     2.8188   3.072160    34.0066    27.1082 0.0000e+00
        973     67.708     2.8127   3.071162    34.0006    27.1039 0.0000e+00
        974     68.244     2.8037   3.072443    34.0255    27.1246 0.0000e+00
        975     68.774     2.7969   3.074872    34.0622    27.1545 0.0000e+00
        976     69.281     2.7965   3.076413    34.0812    27.1697 0.0000e+00
        977     69.762     2.7988   3.076865    34.0841    27.1718 0.0000e+00
        978     70.218     2.8004   3.077182    34.0860    27.1732 0.0000e+00
        979     70.663     2.8007   3.077643    34.0911    27.1772 0.0000e+00
        980     71.122     2.7992   3.078081    34.0978    27.1827 0.0000e+00
        981     71.613     2.7964   3.078497    34.1056    27.1892 0.0000e+00
        982     72.133     2.7982   3.079636    34.1173    27.1984 0.0000e+00
        983     72.656     2.8105   3.081989    34.1328    27.2097 0.0000e+00
        984     73.161     2.8319   3.084980    34.1464    27.2187 0.0000e+00
        985     73.648     2.8536   3.087260    34.1510    27.2204 0.0000e+00
        986     74.126     2.8678   3.088308    34.1485    27.2172 0.0000e+00
        987     74.604     2.8741   3.088778    34.1473    27.2156 0.0000e+00
        988     75.086     2.8769   3.089318    34.1506    27.2181 0.0000e+00
        989     75.565     2.8812   3.090108    34.1555    27.2216 0.0000e+00
        990     76.043     2.8878   3.090966    34.1587    27.2235 0.0000e+00
        991     76.529     2.8945   3.091742    34.1608    27.2246 0.0000e+00
        992     77.025     2.9005   3.092472    34.1631    27.2259 0.0000e+00
        993     77.525     2.9065   3.093209    34.1654    27.2272 0.0000e+00
        994     78.025     2.9128   3.093951    34.1675    27.2284 0.0000e+00
        995     78.518     2.9199   3.094783    34.1699    27.2296 0.0000e+00
        996     79.000     2.9284   3.095480    34.1691    27.2282 0.0000e+00
        997     79.475     2.9349   3.095578    34.1631    27.2229 0.0000e+00
        998     79.955     2.9352   3.095192    34.1578    27.2186 0.0000e+00
        999     80.452     2.9318   3.095158    34.1607    27.2212 0.0000e+00
       1000     80.956     2.9314   3.095854    34.1694    27.2282 0.0000e+00
       1001     81.447     2.9364   3.096641    34.1734    27.2310 0.0000e+00
       1002     81.920     2.9423   3.096996    34.1712    27.2287 0.0000e+00
       1003     82.395     2.9444   3.096537    34.1631    27.2220 0.0000e+00
       1004     82.892     2.9426   3.096096    34.1594    27.2192 0.0000e+00
       1005     83.412     2.9417   3.097076    34.1720    27.2294 0.0000e+00
       1006     83.939     2.9470   3.098752    34.1866    27.2405 0.0000e+00
       1007     84.460     2.9583   3.100104    34.1908    27.2428 0.0000e+00
       1008     84.966     2.9703   3.101039    34.1892    27.2405 0.0000e+00
       1009     85.455     2.9786   3.101558    34.1864    27.2375 0.0000e+00
       1010     85.940     2.9829   3.101975    34.1867    27.2373 0.0000e+00
       1011     86.433     2.9861   3.102503    34.1894    27.2393 0.0000e+00
       1012     86.927     2.9903   3.102966    34.1903    27.2396 0.0000e+00
       1013     87.413     2.9941   3.103351    34.1907    27.2396 0.0000e+00
       1014     87.896     2.9969   3.103733    34.1922    27.2405 0.0000e+00
       1015     88.391     2.9995   3.104047    34.1929    27.2409 0.0000e+00
       1016     88.898     3.0026   3.104338    34.1929    27.2406 0.0000e+00
       1017     89.404     3.0057   3.104665    34.1933    27.2406 0.0000e+00
       1018     89.903     3.0080   3.104878    34.1932    27.2403 0.0000e+00
       1019     90.402     3.0093   3.105029    34.1934    27.2403 0.0000e+00
       1020     90.902     3.0107   3.105258    34.1944    27.2410 0.0000e+00
       1021     91.399     3.0129   3.105487    34.1946    27.2410 0.0000e+00
       1022     91.895     3.0147   3.105680    34.1948    27.2410 0.0000e+00
       1023     92.401     3.0156   3.105921    34.1965    27.2422 0.0000e+00
       1024     92.919     3.0173   3.106329    34.1994    27.2444 0.0000e+00
       1025     93.435     3.0212   3.106958    34.2026    27.2466 0.0000e+00
