Datasets/Multi_Species/TEL214/tel214_2020_026.cnv
* Sea-Bird SBE19plus Data File:
* Filename = C:/AQUIRE/tel214_2020_026.hex
* Software Version AquireV2 AF V2.0
* Temperature SN =  7853
* Conductivity SN =  7853
* System UpLoad Time = Nov 14 2020 20:07:32
* <ApplicationData>
* <AQUIREV2>
** VESSEL/TRIP/SEQ STN: tel214_2020_026
** LATITUDE: 53 55.19 N
** LONGITUDE: 52 46.00 W
** DATE/TIME: 2020-11-14 18:45
** SOUNDING DEPTH (M): 0599
** PROBE TYPE: S7853
** CTD NUMBER: 026
** COMMENTS: 
# nquan = 7                                 
# nvalues = 4760                        
# units = specified
# name 0 = scan: Scan Count
# name 1 = prdM: Pressure, Strain Gauge [db]
# name 2 = tv290C: Temperature [ITS-90, deg C]
# name 3 = c0S/m: Conductivity [S/m]
# name 4 = sal00: Salinity, Practical [PSU]
# name 5 = sigma-t00: Density [sigma-t, kg/m^3 ]
# name 6 = flag: flag
# span 0 =          1,       4760       
# span 1 =     -1.061,    602.647       
# span 2 =     0.0780,     4.0355       
# span 3 =   0.000041,   3.257891       
# span 4 =    -0.0017,    34.8184       
# span 5 =    -0.1522,    27.6550       
# span 6 = 0.0000e+00, 0.0000e+00       
# interval = seconds: 1
# start_time = Nov 14 2020 18:45:16 [Instrument's time stamp, header]
# bad_flag = -9.990e-29
*END*
[from data line 2257]
       2258    480.881     3.9077   3.253381    34.8143    27.6481 0.0000e+00
       2259    481.252     3.9070   3.253337    34.8143    27.6482 0.0000e+00
       2260    481.616     3.9063   3.253275    34.8141    27.6481 0.0000e+00
       2261    481.965     3.9053   3.253201    34.8141    27.6482 0.0000e+00
       2262    482.305     3.9042   3.253117    34.8141    27.6483 0.0000e+00
       2263    482.654     3.9030   3.253024    34.8141    27.6484 0.0000e+00
       2264    483.015     3.9017   3.252940    34.8143    27.6487 0.0000e+00
       2265    483.379     3.9006   3.252889    34.8146    27.6491 0.0000e+00
       2266    483.740     3.8999   3.252869    34.8150    27.6494 0.0000e+00
       2267    484.101     3.8994   3.252863    34.8152    27.6497 0.0000e+00
       2268    484.464     3.8990   3.252852    34.8153    27.6498 0.0000e+00
       2269    484.825     3.8987   3.252839    34.8153    27.6498 0.0000e+00
       2270    485.179     3.8985   3.252832    34.8152    27.6498 0.0000e+00
       2271    485.526     3.8982   3.252827    34.8153    27.6499 0.0000e+00
       2272    485.871     3.8980   3.252821    34.8153    27.6498 0.0000e+00
       2273    486.223     3.8978   3.252818    34.8153    27.6499 0.0000e+00
       2274    486.590     3.8976   3.252818    34.8153    27.6499 0.0000e+00
       2275    486.966     3.8975   3.252816    34.8152    27.6498 0.0000e+00
       2276    487.343     3.8973   3.252813    34.8151    27.6498 0.0000e+00
       2277    487.713     3.8969   3.252814    34.8154    27.6500 0.0000e+00
       2278    488.070     3.8967   3.252817    34.8154    27.6501 0.0000e+00
       2279    488.420     3.8965   3.252816    34.8154    27.6501 0.0000e+00
       2280    488.772     3.8964   3.252813    34.8153    27.6501 0.0000e+00
       2281    489.130     3.8963   3.252817    34.8153    27.6500 0.0000e+00
       2282    489.493     3.8962   3.252823    34.8153    27.6500 0.0000e+00
       2283    489.855     3.8960   3.252822    34.8153    27.6501 0.0000e+00
       2284    490.212     3.8958   3.252816    34.8152    27.6500 0.0000e+00
       2285    490.563     3.8956   3.252807    34.8152    27.6500 0.0000e+00
       2286    490.905     3.8952   3.252800    34.8153    27.6502 0.0000e+00
       2287    491.246     3.8948   3.252800    34.8156    27.6504 0.0000e+00
       2288    491.593     3.8945   3.252798    34.8157    27.6505 0.0000e+00
       2289    491.951     3.8944   3.252791    34.8155    27.6504 0.0000e+00
       2290    492.319     3.8941   3.252786    34.8156    27.6505 0.0000e+00
       2291    492.689     3.8939   3.252783    34.8155    27.6505 0.0000e+00
       2292    493.056     3.8937   3.252775    34.8155    27.6504 0.0000e+00
       2293    493.423     3.8935   3.252756    34.8153    27.6503 0.0000e+00
       2294    493.786     3.8931   3.252741    34.8153    27.6504 0.0000e+00
       2295    494.144     3.8927   3.252738    34.8155    27.6506 0.0000e+00
       2296    494.506     3.8925   3.252741    34.8156    27.6506 0.0000e+00
       2297    494.877     3.8922   3.252750    34.8158    27.6509 0.0000e+00
       2298    495.254     3.8922   3.252764    34.8158    27.6508 0.0000e+00
       2299    495.634     3.8922   3.252778    34.8157    27.6508 0.0000e+00
       2300    496.007     3.8922   3.252795    34.8157    27.6508 0.0000e+00
       2301    496.362     3.8924   3.252822    34.8156    27.6507 0.0000e+00
       2302    496.707     3.8926   3.252854    34.8156    27.6507 0.0000e+00
       2303    497.061     3.8926   3.252880    34.8158    27.6508 0.0000e+00
       2304    497.433     3.8928   3.252909    34.8157    27.6507 0.0000e+00
       2305    497.817     3.8929   3.252947    34.8158    27.6508 0.0000e+00
       2306    498.197     3.8931   3.252991    34.8159    27.6509 0.0000e+00
       2307    498.565     3.8935   3.253039    34.8159    27.6508 0.0000e+00
       2308    498.923     3.8937   3.253086    34.8160    27.6509 0.0000e+00
       2309    499.283     3.8941   3.253132    34.8160    27.6508 0.0000e+00
       2310    499.647     3.8945   3.253180    34.8159    27.6507 0.0000e+00
       2311    500.011     3.8948   3.253215    34.8158    27.6506 0.0000e+00
       2312    500.375     3.8951   3.253231    34.8155    27.6503 0.0000e+00
       2313    500.742     3.8952   3.253239    34.8153    27.6502 0.0000e+00
       2314    501.109     3.8950   3.253242    34.8154    27.6502 0.0000e+00
       2315    501.467     3.8948   3.253243    34.8154    27.6503 0.0000e+00
       2316    501.815     3.8945   3.253243    34.8155    27.6504 0.0000e+00
       2317    502.162     3.8943   3.253237    34.8155    27.6504 0.0000e+00
       2318    502.522     3.8941   3.253233    34.8155    27.6504 0.0000e+00
       2319    502.904     3.8941   3.253241    34.8154    27.6503 0.0000e+00
       2320    503.304     3.8941   3.253261    34.8154    27.6503 0.0000e+00
       2321    503.703     3.8941   3.253291    34.8155    27.6505 0.0000e+00
       2322    504.076     3.8943   3.253317    34.8154    27.6504 0.0000e+00
       2323    504.418     3.8943   3.253335    34.8155    27.6504 0.0000e+00
       2324    504.743     3.8943   3.253354    34.8155    27.6504 0.0000e+00
       2325    505.075     3.8942   3.253369    34.8156    27.6505 0.0000e+00
       2326    505.434     3.8941   3.253376    34.8156    27.6505 0.0000e+00
       2327    505.830     3.8941   3.253378    34.8154    27.6504 0.0000e+00
       2328    506.252     3.8940   3.253386    34.8154    27.6504 0.0000e+00
       2329    506.666     3.8940   3.253407    34.8154    27.6504 0.0000e+00
       2330    507.050     3.8940   3.253428    34.8155    27.6504 0.0000e+00
       2331    507.410     3.8939   3.253437    34.8155    27.6505 0.0000e+00
       2332    507.764     3.8939   3.253441    34.8154    27.6503 0.0000e+00
       2333    508.125     3.8937   3.253437    34.8153    27.6503 0.0000e+00
       2334    508.500     3.8933   3.253421    34.8154    27.6504 0.0000e+00
       2335    508.875     3.8929   3.253388    34.8152    27.6503 0.0000e+00
       2336    509.228     3.8922   3.253334    34.8151    27.6503 0.0000e+00
       2337    509.561     3.8913   3.253277    34.8152    27.6505 0.0000e+00
       2338    509.898     3.8905   3.253235    34.8154    27.6507 0.0000e+00
       2339    510.253     3.8898   3.253198    34.8155    27.6509 0.0000e+00
       2340    510.626     3.8890   3.253148    34.8156    27.6510 0.0000e+00
       2341    511.002     3.8882   3.253092    34.8155    27.6511 0.0000e+00
       2342    511.368     3.8875   3.253053    34.8156    27.6512 0.0000e+00
       2343    511.720     3.8870   3.253039    34.8158    27.6514 0.0000e+00
       2344    512.064     3.8865   3.253022    34.8160    27.6516 0.0000e+00
       2345    512.412     3.8857   3.252948    34.8157    27.6515 0.0000e+00
       2346    512.771     3.8841   3.252811    34.8156    27.6516 0.0000e+00
       2347    513.137     3.8823   3.252678    34.8157    27.6518 0.0000e+00
       2348    513.503     3.8808   3.252592    34.8161    27.6523 0.0000e+00
       2349    513.869     3.8796   3.252532    34.8165    27.6527 0.0000e+00
       2350    514.237     3.8786   3.252483    34.8168    27.6530 0.0000e+00
       2351    514.603     3.8780   3.252469    34.8170    27.6533 0.0000e+00
       2352    514.963     3.8779   3.252507    34.8174    27.6536 0.0000e+00
       2353    515.317     3.8781   3.252569    34.8177    27.6539 0.0000e+00
       2354    515.663     3.8784   3.252608    34.8177    27.6538 0.0000e+00
       2355    516.011     3.8785   3.252611    34.8175    27.6536 0.0000e+00
       2356    516.373     3.8785   3.252599    34.8171    27.6533 0.0000e+00
       2357    516.750     3.8782   3.252581    34.8170    27.6533 0.0000e+00
       2358    517.125     3.8778   3.252556    34.8170    27.6533 0.0000e+00
       2359    517.483     3.8773   3.252529    34.8170    27.6533 0.0000e+00
       2360    517.825     3.8768   3.252518    34.8172    27.6536 0.0000e+00
       2361    518.163     3.8765   3.252527    34.8174    27.6538 0.0000e+00
       2362    518.510     3.8765   3.252533    34.8173    27.6537 0.0000e+00
       2363    518.871     3.8762   3.252521    34.8173    27.6537 0.0000e+00
       2364    519.237     3.8759   3.252512    34.8173    27.6538 0.0000e+00
       2365    519.602     3.8758   3.252524    34.8174    27.6538 0.0000e+00
       2366    519.968     3.8757   3.252544    34.8175    27.6539 0.0000e+00
       2367    520.333     3.8758   3.252567    34.8175    27.6539 0.0000e+00
       2368    520.692     3.8758   3.252588    34.8176    27.6540 0.0000e+00
       2369    521.043     3.8760   3.252600    34.8173    27.6537 0.0000e+00
       2370    521.387     3.8759   3.252602    34.8173    27.6537 0.0000e+00
       2371    521.730     3.8756   3.252601    34.8174    27.6538 0.0000e+00
       2372    522.081     3.8753   3.252595    34.8174    27.6539 0.0000e+00
       2373    522.445     3.8750   3.252590    34.8175    27.6540 0.0000e+00
       2374    522.823     3.8747   3.252599    34.8177    27.6542 0.0000e+00
       2375    523.209     3.8747   3.252613    34.8177    27.6542 0.0000e+00
       2376    523.584     3.8747   3.252626    34.8176    27.6541 0.0000e+00
       2377    523.935     3.8746   3.252637    34.8177    27.6542 0.0000e+00
       2378    524.269     3.8746   3.252646    34.8176    27.6541 0.0000e+00
       2379    524.603     3.8746   3.252656    34.8176    27.6541 0.0000e+00
       2380    524.945     3.8746   3.252692    34.8178    27.6543 0.0000e+00
       2381    525.299     3.8750   3.252772    34.8182    27.6545 0.0000e+00
       2382    525.659     3.8758   3.252883    34.8184    27.6547 0.0000e+00
       2383    526.014     3.8769   3.252978    34.8182    27.6544 0.0000e+00
       2384    526.358     3.8776   3.253023    34.8178    27.6540 0.0000e+00
       2385    526.694     3.8781   3.253043    34.8174    27.6536 0.0000e+00
       2386    527.034     3.8783   3.253069    34.8173    27.6535 0.0000e+00
       2387    527.392     3.8785   3.253109    34.8173    27.6535 0.0000e+00
       2388    527.769     3.8789   3.253171    34.8175    27.6536 0.0000e+00
       2389    528.152     3.8796   3.253250    34.8175    27.6535 0.0000e+00
       2390    528.519     3.8803   3.253310    34.8172    27.6532 0.0000e+00
       2391    528.862     3.8805   3.253324    34.8170    27.6530 0.0000e+00
       2392    529.189     3.8804   3.253296    34.8166    27.6527 0.0000e+00
       2393    529.512     3.8800   3.253259    34.8164    27.6526 0.0000e+00
       2394    529.847     3.8796   3.253245    34.8165    27.6527 0.0000e+00
       2395    530.213     3.8792   3.253244    34.8167    27.6529 0.0000e+00
       2396    530.612     3.8790   3.253235    34.8166    27.6529 0.0000e+00
       2397    531.018     3.8785   3.253217    34.8167    27.6530 0.0000e+00
       2398    531.391     3.8781   3.253206    34.8168    27.6531 0.0000e+00
       2399    531.722     3.8778   3.253207    34.8170    27.6533 0.0000e+00
       2400    532.041     3.8777   3.253214    34.8170    27.6533 0.0000e+00
       2401    532.381     3.8775   3.253217    34.8171    27.6534 0.0000e+00
       2402    532.752     3.8773   3.253217    34.8171    27.6534 0.0000e+00
       2403    533.139     3.8771   3.253223    34.8171    27.6535 0.0000e+00
       2404    533.519     3.8769   3.253242    34.8174    27.6537 0.0000e+00
       2405    533.883     3.8770   3.253268    34.8174    27.6537 0.0000e+00
       2406    534.239     3.8772   3.253290    34.8173    27.6536 0.0000e+00
       2407    534.600     3.8773   3.253298    34.8171    27.6534 0.0000e+00
       2408    534.963     3.8773   3.253302    34.8169    27.6533 0.0000e+00
       2409    535.329     3.8772   3.253327    34.8171    27.6535 0.0000e+00
       2410    535.702     3.8774   3.253381    34.8173    27.6536 0.0000e+00
       2411    536.079     3.8779   3.253454    34.8175    27.6537 0.0000e+00
       2412    536.443     3.8785   3.253518    34.8174    27.6536 0.0000e+00
       2413    536.783     3.8790   3.253558    34.8172    27.6533 0.0000e+00
       2414    537.111     3.8792   3.253574    34.8170    27.6532 0.0000e+00
       2415    537.444     3.8792   3.253566    34.8167    27.6529 0.0000e+00
       2416    537.783     3.8789   3.253539    34.8165    27.6528 0.0000e+00
       2417    538.126     3.8784   3.253502    34.8164    27.6528 0.0000e+00
       2418    538.477     3.8778   3.253468    34.8165    27.6529 0.0000e+00
       2419    538.835     3.8773   3.253451    34.8166    27.6531 0.0000e+00
       2420    539.195     3.8769   3.253438    34.8167    27.6532 0.0000e+00
       2421    539.553     3.8764   3.253418    34.8168    27.6533 0.0000e+00
       2422    539.902     3.8758   3.253393    34.8170    27.6535 0.0000e+00
       2423    540.241     3.8754   3.253381    34.8171    27.6536 0.0000e+00
       2424    540.572     3.8751   3.253393    34.8174    27.6539 0.0000e+00
       2425    540.899     3.8751   3.253415    34.8174    27.6539 0.0000e+00
       2426    541.234     3.8753   3.253437    34.8173    27.6538 0.0000e+00
       2427    541.587     3.8754   3.253455    34.8172    27.6537 0.0000e+00
       2428    541.958     3.8754   3.253474    34.8173    27.6538 0.0000e+00
       2429    542.337     3.8755   3.253497    34.8172    27.6537 0.0000e+00
       2430    542.712     3.8757   3.253522    34.8171    27.6536 0.0000e+00
       2431    543.071     3.8758   3.253546    34.8171    27.6536 0.0000e+00
       2432    543.409     3.8758   3.253564    34.8171    27.6536 0.0000e+00
       2433    543.738     3.8758   3.253580    34.8172    27.6536 0.0000e+00
       2434    544.075     3.8758   3.253581    34.8170    27.6535 0.0000e+00
       2435    544.434     3.8754   3.253549    34.8168    27.6534 0.0000e+00
       2436    544.813     3.8747   3.253497    34.8168    27.6534 0.0000e+00
       2437    545.197     3.8739   3.253449    34.8168    27.6536 0.0000e+00
       2438    545.567     3.8734   3.253425    34.8169    27.6537 0.0000e+00
       2439    545.917     3.8729   3.253425    34.8172    27.6540 0.0000e+00
       2440    546.258     3.8726   3.253436    34.8175    27.6542 0.0000e+00
       2441    546.604     3.8724   3.253443    34.8176    27.6544 0.0000e+00
       2442    546.958     3.8723   3.253449    34.8176    27.6544 0.0000e+00
       2443    547.309     3.8721   3.253454    34.8177    27.6544 0.0000e+00
       2444    547.653     3.8720   3.253467    34.8178    27.6545 0.0000e+00
       2445    547.997     3.8720   3.253483    34.8178    27.6545 0.0000e+00
       2446    548.353     3.8720   3.253495    34.8177    27.6545 0.0000e+00
       2447    548.722     3.8720   3.253508    34.8177    27.6545 0.0000e+00
       2448    549.097     3.8721   3.253524    34.8176    27.6544 0.0000e+00
       2449    549.462     3.8722   3.253541    34.8175    27.6543 0.0000e+00
       2450    549.810     3.8722   3.253559    34.8175    27.6543 0.0000e+00
       2451    550.149     3.8721   3.253573    34.8176    27.6544 0.0000e+00
       2452    550.488     3.8720   3.253581    34.8176    27.6544 0.0000e+00
       2453    550.834     3.8719   3.253586    34.8176    27.6544 0.0000e+00
       2454    551.185     3.8717   3.253591    34.8177    27.6545 0.0000e+00
       2455    551.539     3.8716   3.253596    34.8177    27.6545 0.0000e+00
       2456    551.900     3.8715   3.253601    34.8176    27.6545 0.0000e+00
       2457    552.270     3.8714   3.253615    34.8177    27.6545 0.0000e+00
       2458    552.639     3.8713   3.253632    34.8178    27.6546 0.0000e+00
       2459    553.000     3.8714   3.253646    34.8177    27.6545 0.0000e+00
       2460    553.356     3.8714   3.253655    34.8176    27.6545 0.0000e+00
       2461    553.710     3.8713   3.253662    34.8176    27.6545 0.0000e+00
