Datasets/Multi_Species/TEL214/tel214_2020_009.cnv
* Sea-Bird SBE19plus Data File:
* Filename = C:/AQUIRE/tel214_2020_009.hex
* Software Version AquireV2 AF V2.0
* Temperature SN =  7853
* Conductivity SN =  7853
* System UpLoad Time = Nov 09 2020 11:52:29
* <ApplicationData>
* <AQUIREV2>
** VESSEL/TRIP/SEQ STN: tel214_2020_009
** LATITUDE: 55 06.10 N
** LONGITUDE: 55 37.03 W
** DATE/TIME: 2020-11-09 10:51
** SOUNDING DEPTH (M): 0268
** PROBE TYPE: S7853
** CTD NUMBER:   9
** COMMENTS: 
# nquan = 7                                 
# nvalues = 3553                        
# units = specified
# name 0 = scan: Scan Count
# name 1 = prdM: Pressure, Strain Gauge [db]
# name 2 = tv290C: Temperature [ITS-90, deg C]
# name 3 = c0S/m: Conductivity [S/m]
# name 4 = sal00: Salinity, Practical [PSU]
# name 5 = sigma-t00: Density [sigma-t, kg/m^3 ]
# name 6 = flag: flag
# span 0 =          1,       3553       
# span 1 =     -1.151,    265.331       
# span 2 =    -2.6635,     2.5596       
# span 3 =   0.000004,   3.062452       
# span 4 =    -0.0040,    34.1696       
# span 5 =    -0.4049,    27.2711       
# span 6 = 0.0000e+00, 0.0000e+00       
# interval = seconds: 1
# start_time = Nov 09 2020 10:51:23 [Instrument's time stamp, header]
# bad_flag = -9.990e-29
*END*
          1     -1.121    -2.6068   0.000141    -0.0032    -0.3982 0.0000e+00
          2     -1.120    -2.6094   0.000133    -0.0033    -0.3985 0.0000e+00
          3     -1.117    -2.6100   0.000132    -0.0033    -0.3986 0.0000e+00
          4     -1.115    -2.6084   0.000138    -0.0032    -0.3984 0.0000e+00
          5     -1.117    -2.6069   0.000141    -0.0032    -0.3982 0.0000e+00
          6     -1.120    -2.6064   0.000143    -0.0032    -0.3982 0.0000e+00
          7     -1.120    -2.6067   0.000143    -0.0032    -0.3982 0.0000e+00
          8     -1.116    -2.6069   0.000142    -0.0032    -0.3982 0.0000e+00
          9     -1.112    -2.6064   0.000144    -0.0032    -0.3982 0.0000e+00
         10     -1.113    -2.6055   0.000145    -0.0032    -0.3981 0.0000e+00
         11     -1.117    -2.6054   0.000143    -0.0032    -0.3981 0.0000e+00
         12     -1.118    -2.6069   0.000137    -0.0032    -0.3982 0.0000e+00
         13     -1.117    -2.6090   0.000132    -0.0033    -0.3985 0.0000e+00
         14     -1.116    -2.6104   0.000130    -0.0033    -0.3986 0.0000e+00
         15     -1.115    -2.6113   0.000128    -0.0033    -0.3987 0.0000e+00
         16     -1.115    -2.6117   0.000128    -0.0033    -0.3988 0.0000e+00
         17     -1.116    -2.6117   0.000129    -0.0033    -0.3988 0.0000e+00
         18     -1.116    -2.6128   0.000126    -0.0033    -0.3989 0.0000e+00
         19     -1.116    -2.6140   0.000123    -0.0034    -0.3991 0.0000e+00
         20     -1.115    -2.6133   0.000130    -0.0033    -0.3990 0.0000e+00
         21     -1.115    -2.6116   0.000136    -0.0032    -0.3988 0.0000e+00
         22     -1.117    -2.6109   0.000139    -0.0032    -0.3987 0.0000e+00
         23     -1.117    -2.6123   0.000135    -0.0033    -0.3989 0.0000e+00
         24     -1.114    -2.6157   0.000125    -0.0033    -0.3993 0.0000e+00
         25     -1.112    -2.6190   0.000115    -0.0034    -0.3997 0.0000e+00
         26     -1.111    -2.6193   0.000118    -0.0034    -0.3997 0.0000e+00
         27     -1.110    -2.6163   0.000130    -0.0033    -0.3993 0.0000e+00
         28     -1.109    -2.6134   0.000141    -0.0032    -0.3990 0.0000e+00
         29     -1.110    -2.6126   0.000144    -0.0032    -0.3989 0.0000e+00
         30     -1.113    -2.6132   0.000141    -0.0032    -0.3990 0.0000e+00
         31     -1.116    -2.6147   0.000135    -0.0033    -0.3991 0.0000e+00
         32     -1.117    -2.6171   0.000129    -0.0033    -0.3994 0.0000e+00
         33     -1.118    -2.6192   0.000123    -0.0034    -0.3997 0.0000e+00
         34     -1.121    -2.6200   0.000120    -0.0034    -0.3998 0.0000e+00
         35     -1.124    -2.6206   0.000121    -0.0034    -0.3998 0.0000e+00
         36     -1.122    -2.6212   0.000121    -0.0034    -0.3999 0.0000e+00
         37     -1.116    -2.6207   0.000125    -0.0033    -0.3999 0.0000e+00
         38     -1.111    -2.6192   0.000132    -0.0033    -0.3997 0.0000e+00
         39     -1.108    -2.6177   0.000136    -0.0032    -0.3995 0.0000e+00
         40     -1.107    -2.6168   0.000138    -0.0032    -0.3994 0.0000e+00
         41     -1.109    -2.6170   0.000139    -0.0032    -0.3994 0.0000e+00
         42     -1.113    -2.6196   0.000130    -0.0033    -0.3997 0.0000e+00
         43     -1.116    -2.6271   0.000107    -0.0035    -0.4006 0.0000e+00
         44     -1.117    -2.6378   0.000076    -0.0038    -0.4019 0.0000e+00
         45     -1.118    -2.6461   0.000056    -0.0040    -0.4029 0.0000e+00
         46     -1.119    -2.6512   0.000049    -0.0040    -0.4035 0.0000e+00
         47     -1.117    -2.6553   0.000047    -0.0040    -0.4039 0.0000e+00
         48     -1.113    -2.6566   0.000056    -0.0040    -0.4041 0.0000e+00
         49     -1.111    -2.6533   0.000076    -0.0038    -0.4037 0.0000e+00
         50     -1.113    -2.6487   0.000099    -0.0036    -0.4032 0.0000e+00
         51     -1.112    -2.6448   0.000116    -0.0034    -0.4027 0.0000e+00
         52     -1.109    -2.6409   0.000129    -0.0033    -0.4022 0.0000e+00
         53     -1.108    -2.6378   0.000141    -0.0032    -0.4019 0.0000e+00
         54     -1.109    -2.6380   0.000141    -0.0032    -0.4019 0.0000e+00
         55     -1.113    -2.6410   0.000130    -0.0033    -0.4022 0.0000e+00
         56     -1.116    -2.6453   0.000117    -0.0034    -0.4028 0.0000e+00
         57     -1.116    -2.6496   0.000108    -0.0035    -0.4033 0.0000e+00
         58     -1.111    -2.6511   0.000108    -0.0035    -0.4034 0.0000e+00
         59     -1.106    -2.6498   0.000116    -0.0035    -0.4033 0.0000e+00
         60     -1.105    -2.6487   0.000122    -0.0034    -0.4032 0.0000e+00
         61     -1.108    -2.6480   0.000126    -0.0034    -0.4031 0.0000e+00
         62     -1.110    -2.6465   0.000133    -0.0033    -0.4029 0.0000e+00
         63     -1.112    -2.6446   0.000140    -0.0032    -0.4027 0.0000e+00
         64     -1.115    -2.6422   0.000146    -0.0032    -0.4024 0.0000e+00
         65     -1.118    -2.6389   0.000156    -0.0031    -0.4020 0.0000e+00
         66     -1.120    -2.6356   0.000167    -0.0030    -0.4016 0.0000e+00
         67     -1.120    -2.6334   0.000171    -0.0030    -0.4013 0.0000e+00
         68     -1.118    -2.6326   0.000169    -0.0030    -0.4013 0.0000e+00
         69     -1.115    -2.6325   0.000167    -0.0030    -0.4012 0.0000e+00
         70     -1.113    -2.6309   0.000169    -0.0030    -0.4011 0.0000e+00
         71     -1.114    -2.6286   0.000173    -0.0029    -0.4008 0.0000e+00
         72     -1.116    -2.6287   0.000168    -0.0030    -0.4008 0.0000e+00
         73     -1.117    -2.6324   0.000154    -0.0031    -0.4012 0.0000e+00
         74     -1.118    -2.6378   0.000135    -0.0033    -0.4019 0.0000e+00
         75     -1.117    -2.6415   0.000123    -0.0034    -0.4023 0.0000e+00
         76     -1.114    -2.6424   0.000123    -0.0034    -0.4024 0.0000e+00
         77     -1.112    -2.6423   0.000125    -0.0034    -0.4024 0.0000e+00
         78     -1.112    -2.6417   0.000129    -0.0033    -0.4023 0.0000e+00
         79     -1.112    -2.6398   0.000134    -0.0033    -0.4021 0.0000e+00
         80     -1.115    -2.6384   0.000140    -0.0032    -0.4019 0.0000e+00
         81     -1.118    -2.6384   0.000140    -0.0032    -0.4019 0.0000e+00
         82     -1.119    -2.6383   0.000141    -0.0032    -0.4019 0.0000e+00
         83     -1.117    -2.6368   0.000147    -0.0032    -0.4018 0.0000e+00
         84     -1.112    -2.6350   0.000152    -0.0031    -0.4015 0.0000e+00
         85     -1.109    -2.6336   0.000155    -0.0031    -0.4014 0.0000e+00
         86     -1.110    -2.6328   0.000156    -0.0031    -0.4013 0.0000e+00
         87     -1.114    -2.6329   0.000154    -0.0031    -0.4013 0.0000e+00
         88     -1.117    -2.6332   0.000152    -0.0031    -0.4013 0.0000e+00
         89     -1.117    -2.6321   0.000155    -0.0031    -0.4012 0.0000e+00
         90     -1.115    -2.6299   0.000159    -0.0031    -0.4009 0.0000e+00
         91     -1.115    -2.6281   0.000163    -0.0030    -0.4007 0.0000e+00
         92     -1.116    -2.6265   0.000165    -0.0030    -0.4005 0.0000e+00
         93     -1.116    -2.6251   0.000167    -0.0030    -0.4004 0.0000e+00
         94     -1.117    -2.6246   0.000166    -0.0030    -0.4003 0.0000e+00
         95     -1.115    -2.6259   0.000159    -0.0031    -0.4005 0.0000e+00
         96     -1.110    -2.6285   0.000148    -0.0032    -0.4008 0.0000e+00
         97     -1.107    -2.6313   0.000137    -0.0033    -0.4011 0.0000e+00
         98     -1.108    -2.6326   0.000134    -0.0033    -0.4013 0.0000e+00
         99     -1.111    -2.6323   0.000136    -0.0033    -0.4012 0.0000e+00
        100     -1.115    -2.6330   0.000134    -0.0033    -0.4013 0.0000e+00
        101     -1.116    -2.6355   0.000127    -0.0033    -0.4016 0.0000e+00
        102     -1.116    -2.6384   0.000117    -0.0034    -0.4019 0.0000e+00
        103     -1.117    -2.6398   0.000114    -0.0035    -0.4021 0.0000e+00
        104     -1.119    -2.6387   0.000122    -0.0034    -0.4020 0.0000e+00
        105     -1.120    -2.6368   0.000131    -0.0033    -0.4018 0.0000e+00
        106     -1.120    -2.6360   0.000135    -0.0033    -0.4017 0.0000e+00
        107     -1.118    -2.6354   0.000138    -0.0032    -0.4016 0.0000e+00
        108     -1.114    -2.6340   0.000143    -0.0032    -0.4014 0.0000e+00
        109     -1.110    -2.6337   0.000142    -0.0032    -0.4014 0.0000e+00
        110     -1.108    -2.6359   0.000134    -0.0033    -0.4016 0.0000e+00
        111     -1.109    -2.6376   0.000130    -0.0033    -0.4018 0.0000e+00
        112     -1.111    -2.6357   0.000137    -0.0033    -0.4016 0.0000e+00
        113     -1.113    -2.6318   0.000150    -0.0031    -0.4012 0.0000e+00
        114     -1.115    -2.6288   0.000160    -0.0030    -0.4008 0.0000e+00
        115     -1.114    -2.6285   0.000160    -0.0030    -0.4008 0.0000e+00
        116     -1.112    -2.6315   0.000148    -0.0032    -0.4011 0.0000e+00
        117     -1.111    -2.6353   0.000135    -0.0033    -0.4016 0.0000e+00
        118     -1.111    -2.6374   0.000128    -0.0033    -0.4018 0.0000e+00
        119     -1.111    -2.6374   0.000129    -0.0033    -0.4018 0.0000e+00
        120     -1.111    -2.6365   0.000134    -0.0033    -0.4017 0.0000e+00
        121     -1.112    -2.6353   0.000138    -0.0032    -0.4016 0.0000e+00
        122     -1.114    -2.6337   0.000143    -0.0032    -0.4014 0.0000e+00
        123     -1.116    -2.6312   0.000152    -0.0031    -0.4011 0.0000e+00
        124     -1.116    -2.6285   0.000161    -0.0030    -0.4008 0.0000e+00
        125     -1.115    -2.6269   0.000163    -0.0030    -0.4006 0.0000e+00
        126     -1.113    -2.6275   0.000159    -0.0031    -0.4007 0.0000e+00
        127     -1.111    -2.6284   0.000154    -0.0031    -0.4008 0.0000e+00
        128     -1.111    -2.6289   0.000151    -0.0031    -0.4008 0.0000e+00
        129     -1.115    -2.6315   0.000140    -0.0032    -0.4011 0.0000e+00
        130     -1.118    -2.6351   0.000129    -0.0033    -0.4016 0.0000e+00
        131     -1.115    -2.6365   0.000126    -0.0034    -0.4017 0.0000e+00
        132     -1.111    -2.6364   0.000128    -0.0033    -0.4017 0.0000e+00
        133     -1.110    -2.6353   0.000134    -0.0033    -0.4016 0.0000e+00
        134     -1.111    -2.6330   0.000142    -0.0032    -0.4013 0.0000e+00
        135     -1.112    -2.6304   0.000150    -0.0031    -0.4010 0.0000e+00
        136     -1.115    -2.6292   0.000151    -0.0031    -0.4009 0.0000e+00
        137     -1.118    -2.6294   0.000148    -0.0032    -0.4009 0.0000e+00
        138     -1.118    -2.6291   0.000147    -0.0032    -0.4008 0.0000e+00
        139     -1.115    -2.6280   0.000150    -0.0031    -0.4007 0.0000e+00
        140     -1.113    -2.6277   0.000151    -0.0031    -0.4007 0.0000e+00
        141     -1.114    -2.6303   0.000143    -0.0032    -0.4010 0.0000e+00
        142     -1.115    -2.6345   0.000130    -0.0033    -0.4015 0.0000e+00
        143     -1.114    -2.6365   0.000125    -0.0034    -0.4017 0.0000e+00
        144     -1.112    -2.6356   0.000130    -0.0033    -0.4016 0.0000e+00
        145     -1.111    -2.6348   0.000133    -0.0033    -0.4015 0.0000e+00
        146     -1.110    -2.6338   0.000137    -0.0033    -0.4014 0.0000e+00
        147     -1.111    -2.6313   0.000146    -0.0032    -0.4011 0.0000e+00
        148     -1.115    -2.6285   0.000154    -0.0031    -0.4008 0.0000e+00
        149     -1.116    -2.6264   0.000159    -0.0031    -0.4005 0.0000e+00
        150     -1.114    -2.6250   0.000162    -0.0030    -0.4004 0.0000e+00
        151     -1.112    -2.6243   0.000162    -0.0030    -0.4003 0.0000e+00
        152     -1.111    -2.6231   0.000163    -0.0030    -0.4001 0.0000e+00
        153     -1.111    -2.6210   0.000167    -0.0030    -0.3999 0.0000e+00
        154     -1.111    -2.6193   0.000170    -0.0029    -0.3997 0.0000e+00
        155     -1.111    -2.6192   0.000165    -0.0030    -0.3997 0.0000e+00
        156     -1.112    -2.6205   0.000157    -0.0031    -0.3998 0.0000e+00
        157     -1.114    -2.6220   0.000152    -0.0031    -0.4000 0.0000e+00
        158     -1.115    -2.6235   0.000146    -0.0032    -0.4002 0.0000e+00
        159     -1.114    -2.6254   0.000139    -0.0032    -0.4004 0.0000e+00
        160     -1.112    -2.6261   0.000138    -0.0032    -0.4005 0.0000e+00
        161     -1.112    -2.6253   0.000141    -0.0032    -0.4004 0.0000e+00
        162     -1.114    -2.6239   0.000145    -0.0032    -0.4002 0.0000e+00
        163     -1.117    -2.6224   0.000148    -0.0031    -0.4001 0.0000e+00
        164     -1.117    -2.6210   0.000153    -0.0031    -0.3999 0.0000e+00
        165     -1.112    -2.6194   0.000157    -0.0031    -0.3997 0.0000e+00
        166     -1.109    -2.6180   0.000158    -0.0031    -0.3995 0.0000e+00
        167     -1.111    -2.6180   0.000157    -0.0031    -0.3995 0.0000e+00
        168     -1.114    -2.6204   0.000148    -0.0031    -0.3998 0.0000e+00
        169     -1.115    -2.6243   0.000134    -0.0033    -0.4003 0.0000e+00
        170     -1.113    -2.6258   0.000130    -0.0033    -0.4005 0.0000e+00
        171     -1.110    -2.6242   0.000137    -0.0032    -0.4003 0.0000e+00
        172     -1.109    -2.6218   0.000145    -0.0032    -0.4000 0.0000e+00
        173     -1.109    -2.6214   0.000144    -0.0032    -0.3999 0.0000e+00
        174     -1.111    -2.6235   0.000136    -0.0033    -0.4002 0.0000e+00
        175     -1.115    -2.6262   0.000130    -0.0033    -0.4005 0.0000e+00
        176     -1.116    -2.6279   0.000126    -0.0033    -0.4007 0.0000e+00
        177     -1.113    -2.6277   0.000127    -0.0033    -0.4007 0.0000e+00
        178     -1.109    -2.6260   0.000134    -0.0033    -0.4005 0.0000e+00
        179     -1.105    -2.6247   0.000139    -0.0032    -0.4003 0.0000e+00
        180     -1.104    -2.6253   0.000137    -0.0032    -0.4004 0.0000e+00
        181     -1.105    -2.6275   0.000129    -0.0033    -0.4007 0.0000e+00
        182     -1.105    -2.6292   0.000125    -0.0034    -0.4009 0.0000e+00
        183     -1.106    -2.6294   0.000128    -0.0033    -0.4009 0.0000e+00
        184     -1.107    -2.6306   0.000126    -0.0033    -0.4010 0.0000e+00
        185     -1.111    -2.6338   0.000117    -0.0034    -0.4014 0.0000e+00
        186     -1.114    -2.6371   0.000107    -0.0035    -0.4018 0.0000e+00
        187     -1.115    -2.6388   0.000105    -0.0035    -0.4020 0.0000e+00
        188     -1.115    -2.6387   0.000112    -0.0035    -0.4020 0.0000e+00
        189     -1.113    -2.6387   0.000115    -0.0035    -0.4020 0.0000e+00
        190     -1.110    -2.6398   0.000113    -0.0035    -0.4021 0.0000e+00
        191     -1.108    -2.6408   0.000111    -0.0035    -0.4022 0.0000e+00
        192     -1.110    -2.6408   0.000115    -0.0035    -0.4022 0.0000e+00
        193     -1.114    -2.6396   0.000121    -0.0034    -0.4021 0.0000e+00
        194     -1.120    -2.6378   0.000129    -0.0033    -0.4019 0.0000e+00
        195     -1.124    -2.6363   0.000135    -0.0033    -0.4017 0.0000e+00
        196     -1.123    -2.6357   0.000136    -0.0033    -0.4016 0.0000e+00
        197     -1.119    -2.6357   0.000136    -0.0033    -0.4016 0.0000e+00
        198     -1.115    -2.6363   0.000134    -0.0033    -0.4017 0.0000e+00
        199     -1.112    -2.6373   0.000132    -0.0033    -0.4018 0.0000e+00
        200     -1.111    -2.6372   0.000132    -0.0033    -0.4018 0.0000e+00
        201     -1.111    -2.6357   0.000139    -0.0032    -0.4016 0.0000e+00
        202     -1.111    -2.6341   0.000144    -0.0032    -0.4014 0.0000e+00
        203     -1.112    -2.6337   0.000145    -0.0032    -0.4014 0.0000e+00
        204     -1.114    -2.6342   0.000142    -0.0032    -0.4014 0.0000e+00
        205     -1.115    -2.6343   0.000141    -0.0032    -0.4015 0.0000e+00
