Datasets/Multi_Species/TEL214/tel214_2020_014.cnv
* Sea-Bird SBE19plus Data File:
* Filename = C:/AQUIRE/tel214_2020_014.hex
* Software Version AquireV2 AF V2.0
* Temperature SN =  7853
* Conductivity SN =  7853
* System UpLoad Time = Nov 10 2020 07:13:58
* <ApplicationData>
* <AQUIREV2>
** VESSEL/TRIP/SEQ STN: tel214_2020_014
** LATITUDE: 54 49.65 N
** LONGITUDE: 53 31.18 W
** DATE/TIME: 2020-11-10 05:49
** SOUNDING DEPTH (M): 0605
** PROBE TYPE: S7853
** CTD NUMBER:  14
** COMMENTS: 
# nquan = 7                                 
# nvalues = 4838                        
# units = specified
# name 0 = scan: Scan Count
# name 1 = prdM: Pressure, Strain Gauge [db]
# name 2 = tv290C: Temperature [ITS-90, deg C]
# name 3 = c0S/m: Conductivity [S/m]
# name 4 = sal00: Salinity, Practical [PSU]
# name 5 = sigma-t00: Density [sigma-t, kg/m^3 ]
# name 6 = flag: flag
# span 0 =          1,       4838       
# span 1 =     -1.178,    609.588       
# span 2 =    -1.7786,     4.0831       
# span 3 =  -0.000049,   3.267132       
# span 4 =    -0.0028,    34.8072       
# span 5 =    -0.3076,    27.6329       
# span 6 = 0.0000e+00, 0.0000e+00       
# interval = seconds: 1
# start_time = Nov 10 2020 05:49:18 [Instrument's time stamp, header]
# bad_flag = -9.990e-29
*END*
[from data line 4513]
       4514     -1.108     2.4410   0.000098     0.0005    -0.0439 0.0000e+00
       4515     -1.106     2.4408   0.000098     0.0005    -0.0440 0.0000e+00
       4516     -1.106     2.4406   0.000098     0.0005    -0.0440 0.0000e+00
       4517     -1.107     2.4406   0.000099     0.0005    -0.0440 0.0000e+00
       4518     -1.107     2.4407   0.000100     0.0005    -0.0439 0.0000e+00
       4519     -1.106     2.4409   0.000102     0.0005    -0.0439 0.0000e+00
       4520     -1.107     2.4409   0.000104     0.0005    -0.0439 0.0000e+00
       4521     -1.107     2.4405   0.000105     0.0005    -0.0439 0.0000e+00
       4522     -1.105     2.4398   0.000103     0.0005    -0.0440 0.0000e+00
       4523     -1.104     2.4391   0.000101     0.0005    -0.0440 0.0000e+00
       4524     -1.103     2.4388   0.000102     0.0005    -0.0440 0.0000e+00
       4525     -1.102     2.4387   0.000103     0.0005    -0.0440 0.0000e+00
       4526     -1.106     2.4386   0.000101     0.0005    -0.0440 0.0000e+00
       4527     -1.110     2.4382   0.000100     0.0005    -0.0440 0.0000e+00
       4528     -1.111     2.4376   0.000100     0.0005    -0.0440 0.0000e+00
       4529     -1.108     2.4372   0.000101     0.0005    -0.0440 0.0000e+00
       4530     -1.105     2.4369   0.000100     0.0005    -0.0440 0.0000e+00
       4531     -1.103     2.4366   0.000098     0.0005    -0.0441 0.0000e+00
       4532     -1.101     2.4363   0.000100     0.0005    -0.0441 0.0000e+00
       4533     -1.100     2.4360   0.000101     0.0005    -0.0441 0.0000e+00
       4534     -1.101     2.4358   0.000100     0.0005    -0.0441 0.0000e+00
       4535     -1.102     2.4354   0.000099     0.0005    -0.0441 0.0000e+00
       4536     -1.104     2.4350   0.000100     0.0005    -0.0441 0.0000e+00
       4537     -1.106     2.4347   0.000102     0.0005    -0.0441 0.0000e+00
       4538     -1.109     2.4340   0.000100     0.0005    -0.0441 0.0000e+00
       4539     -1.112     2.4331   0.000097     0.0005    -0.0442 0.0000e+00
       4540     -1.114     2.4324   0.000095     0.0004    -0.0442 0.0000e+00
       4541     -1.114     2.4322   0.000096     0.0004    -0.0442 0.0000e+00
       4542     -1.112     2.4323   0.000098     0.0005    -0.0442 0.0000e+00
       4543     -1.107     2.4324   0.000101     0.0005    -0.0442 0.0000e+00
       4544     -1.103     2.4323   0.000101     0.0005    -0.0442 0.0000e+00
       4545     -1.101     2.4322   0.000101     0.0005    -0.0442 0.0000e+00
       4546     -1.102     2.4324   0.000104     0.0005    -0.0441 0.0000e+00
       4547     -1.104     2.4323   0.000103     0.0005    -0.0441 0.0000e+00
       4548     -1.105     2.4321   0.000103     0.0005    -0.0442 0.0000e+00
       4549     -1.106     2.4317   0.000104     0.0005    -0.0442 0.0000e+00
       4550     -1.108     2.4312   0.000102     0.0005    -0.0442 0.0000e+00
       4551     -1.109     2.4310   0.000101     0.0005    -0.0442 0.0000e+00
       4552     -1.108     2.4310   0.000103     0.0005    -0.0442 0.0000e+00
       4553     -1.106     2.4311   0.000105     0.0005    -0.0442 0.0000e+00
       4554     -1.106     2.4311   0.000104     0.0005    -0.0442 0.0000e+00
       4555     -1.106     2.4310   0.000105     0.0005    -0.0442 0.0000e+00
       4556     -1.107     2.4308   0.000104     0.0005    -0.0442 0.0000e+00
       4557     -1.110     2.4307   0.000104     0.0005    -0.0442 0.0000e+00
       4558     -1.113     2.4307   0.000104     0.0005    -0.0442 0.0000e+00
       4559     -1.111     2.4307   0.000106     0.0005    -0.0442 0.0000e+00
       4560     -1.110     2.4306   0.000108     0.0005    -0.0442 0.0000e+00
       4561     -1.112     2.4305   0.000108     0.0005    -0.0442 0.0000e+00
       4562     -1.112     2.4305   0.000106     0.0005    -0.0442 0.0000e+00
       4563     -1.109     2.4305   0.000105     0.0005    -0.0442 0.0000e+00
       4564     -1.107     2.4304   0.000105     0.0005    -0.0442 0.0000e+00
       4565     -1.109     2.4302   0.000104     0.0005    -0.0442 0.0000e+00
       4566     -1.112     2.4298   0.000105     0.0005    -0.0442 0.0000e+00
       4567     -1.112     2.4294   0.000105     0.0005    -0.0442 0.0000e+00
       4568     -1.109     2.4288   0.000104     0.0005    -0.0442 0.0000e+00
       4569     -1.107     2.4283   0.000104     0.0005    -0.0442 0.0000e+00
       4570     -1.108     2.4278   0.000103     0.0005    -0.0443 0.0000e+00
       4571     -1.109     2.4274   0.000103     0.0005    -0.0443 0.0000e+00
       4572     -1.108     2.4270   0.000101     0.0005    -0.0443 0.0000e+00
       4573     -1.106     2.4269   0.000102     0.0005    -0.0443 0.0000e+00
       4574     -1.106     2.4267   0.000102     0.0005    -0.0443 0.0000e+00
       4575     -1.107     2.4265   0.000102     0.0005    -0.0443 0.0000e+00
       4576     -1.109     2.4260   0.000101     0.0005    -0.0443 0.0000e+00
       4577     -1.111     2.4254   0.000098     0.0005    -0.0444 0.0000e+00
       4578     -1.111     2.4249   0.000098     0.0005    -0.0444 0.0000e+00
       4579     -1.106     2.4241   0.000096     0.0004    -0.0444 0.0000e+00
       4580     -1.103     2.4234   0.000096     0.0004    -0.0444 0.0000e+00
       4581     -1.104     2.4228   0.000097     0.0004    -0.0444 0.0000e+00
       4582     -1.105     2.4225   0.000098     0.0005    -0.0444 0.0000e+00
       4583     -1.104     2.4223   0.000099     0.0005    -0.0444 0.0000e+00
       4584     -1.105     2.4218   0.000099     0.0005    -0.0444 0.0000e+00
       4585     -1.108     2.4213   0.000099     0.0005    -0.0445 0.0000e+00
       4586     -1.110     2.4211   0.000098     0.0005    -0.0445 0.0000e+00
       4587     -1.112     2.4207   0.000099     0.0005    -0.0445 0.0000e+00
       4588     -1.112     2.4201   0.000099     0.0005    -0.0445 0.0000e+00
       4589     -1.111     2.4196   0.000099     0.0005    -0.0445 0.0000e+00
       4590     -1.110     2.4196   0.000098     0.0005    -0.0445 0.0000e+00
       4591     -1.109     2.4196   0.000098     0.0005    -0.0445 0.0000e+00
       4592     -1.107     2.4198   0.000102     0.0005    -0.0445 0.0000e+00
       4593     -1.106     2.4199   0.000103     0.0005    -0.0445 0.0000e+00
       4594     -1.106     2.4199   0.000104     0.0005    -0.0445 0.0000e+00
       4595     -1.106     2.4199   0.000105     0.0005    -0.0445 0.0000e+00
       4596     -1.106     2.4197   0.000106     0.0005    -0.0445 0.0000e+00
       4597     -1.106     2.4196   0.000106     0.0005    -0.0445 0.0000e+00
       4598     -1.106     2.4198   0.000105     0.0005    -0.0445 0.0000e+00
       4599     -1.106     2.4200   0.000106     0.0005    -0.0445 0.0000e+00
       4600     -1.106     2.4200   0.000109     0.0005    -0.0444 0.0000e+00
       4601     -1.107     2.4200   0.000109     0.0005    -0.0444 0.0000e+00
       4602     -1.106     2.4202   0.000109     0.0005    -0.0444 0.0000e+00
       4603     -1.102     2.4204   0.000109     0.0005    -0.0444 0.0000e+00
       4604     -1.101     2.4207   0.000110     0.0005    -0.0444 0.0000e+00
       4605     -1.104     2.4208   0.000111     0.0005    -0.0444 0.0000e+00
       4606     -1.108     2.4208   0.000112     0.0005    -0.0444 0.0000e+00
       4607     -1.110     2.4208   0.000111     0.0005    -0.0444 0.0000e+00
       4608     -1.109     2.4207   0.000110     0.0005    -0.0444 0.0000e+00
       4609     -1.108     2.4204   0.000109     0.0005    -0.0444 0.0000e+00
       4610     -1.109     2.4200   0.000108     0.0005    -0.0444 0.0000e+00
       4611     -1.110     2.4197   0.000107     0.0005    -0.0445 0.0000e+00
       4612     -1.108     2.4195   0.000108     0.0005    -0.0445 0.0000e+00
       4613     -1.106     2.4192   0.000107     0.0005    -0.0445 0.0000e+00
       4614     -1.104     2.4191   0.000107     0.0005    -0.0445 0.0000e+00
       4615     -1.102     2.4192   0.000106     0.0005    -0.0445 0.0000e+00
       4616     -1.103     2.4194   0.000106     0.0005    -0.0445 0.0000e+00
       4617     -1.105     2.4198   0.000109     0.0005    -0.0444 0.0000e+00
       4618     -1.106     2.4200   0.000110     0.0005    -0.0444 0.0000e+00
       4619     -1.106     2.4200   0.000110     0.0005    -0.0444 0.0000e+00
       4620     -1.106     2.4200   0.000111     0.0005    -0.0444 0.0000e+00
       4621     -1.107     2.4200   0.000111     0.0005    -0.0444 0.0000e+00
       4622     -1.109     2.4199   0.000109     0.0005    -0.0444 0.0000e+00
       4623     -1.111     2.4196   0.000108     0.0005    -0.0445 0.0000e+00
       4624     -1.111     2.4190   0.000108     0.0005    -0.0445 0.0000e+00
       4625     -1.110     2.4187   0.000107     0.0005    -0.0445 0.0000e+00
       4626     -1.109     2.4185   0.000106     0.0005    -0.0445 0.0000e+00
       4627     -1.107     2.4185   0.000107     0.0005    -0.0445 0.0000e+00
       4628     -1.107     2.4185   0.000107     0.0005    -0.0445 0.0000e+00
       4629     -1.108     2.4187   0.000109     0.0005    -0.0445 0.0000e+00
       4630     -1.108     2.4187   0.000109     0.0005    -0.0445 0.0000e+00
       4631     -1.105     2.4185   0.000109     0.0005    -0.0445 0.0000e+00
       4632     -1.105     2.4185   0.000109     0.0005    -0.0445 0.0000e+00
       4633     -1.106     2.4184   0.000107     0.0005    -0.0445 0.0000e+00
       4634     -1.107     2.4182   0.000106     0.0005    -0.0445 0.0000e+00
       4635     -1.109     2.4179   0.000107     0.0005    -0.0445 0.0000e+00
       4636     -1.110     2.4175   0.000105     0.0005    -0.0445 0.0000e+00
       4637     -1.109     2.4172   0.000104     0.0005    -0.0445 0.0000e+00
       4638     -1.107     2.4171   0.000106     0.0005    -0.0445 0.0000e+00
       4639     -1.106     2.4171   0.000106     0.0005    -0.0445 0.0000e+00
       4640     -1.106     2.4170   0.000106     0.0005    -0.0445 0.0000e+00
       4641     -1.106     2.4170   0.000106     0.0005    -0.0445 0.0000e+00
       4642     -1.107     2.4169   0.000106     0.0005    -0.0445 0.0000e+00
       4643     -1.110     2.4169   0.000108     0.0005    -0.0445 0.0000e+00
       4644     -1.113     2.4169   0.000108     0.0005    -0.0445 0.0000e+00
       4645     -1.115     2.4169   0.000109     0.0005    -0.0445 0.0000e+00
       4646     -1.113     2.4169   0.000107     0.0005    -0.0445 0.0000e+00
       4647     -1.109     2.4169   0.000107     0.0005    -0.0445 0.0000e+00
       4648     -1.107     2.4169   0.000108     0.0005    -0.0445 0.0000e+00
       4649     -1.106     2.4168   0.000107     0.0005    -0.0445 0.0000e+00
       4650     -1.105     2.4166   0.000107     0.0005    -0.0445 0.0000e+00
       4651     -1.103     2.4165   0.000108     0.0005    -0.0445 0.0000e+00
       4652     -1.100     2.4163   0.000107     0.0005    -0.0445 0.0000e+00
       4653     -1.099     2.4162   0.000107     0.0005    -0.0445 0.0000e+00
       4654     -1.102     2.4161   0.000107     0.0005    -0.0446 0.0000e+00
       4655     -1.107     2.4158   0.000108     0.0005    -0.0446 0.0000e+00
       4656     -1.108     2.4155   0.000107     0.0005    -0.0446 0.0000e+00
       4657     -1.108     2.4151   0.000106     0.0005    -0.0446 0.0000e+00
       4658     -1.108     2.4149   0.000105     0.0005    -0.0446 0.0000e+00
       4659     -1.109     2.4147   0.000105     0.0005    -0.0446 0.0000e+00
       4660     -1.110     2.4143   0.000104     0.0005    -0.0446 0.0000e+00
       4661     -1.108     2.4139   0.000104     0.0005    -0.0446 0.0000e+00
       4662     -1.106     2.4136   0.000103     0.0005    -0.0446 0.0000e+00
       4663     -1.104     2.4135   0.000104     0.0005    -0.0446 0.0000e+00
       4664     -1.103     2.4133   0.000103     0.0005    -0.0446 0.0000e+00
       4665     -1.104     2.4130   0.000103     0.0005    -0.0447 0.0000e+00
       4666     -1.106     2.4128   0.000105     0.0005    -0.0446 0.0000e+00
       4667     -1.107     2.4126   0.000105     0.0005    -0.0447 0.0000e+00
       4668     -1.107     2.4123   0.000104     0.0005    -0.0447 0.0000e+00
       4669     -1.107     2.4120   0.000103     0.0005    -0.0447 0.0000e+00
       4670     -1.106     2.4117   0.000103     0.0005    -0.0447 0.0000e+00
       4671     -1.104     2.4115   0.000102     0.0005    -0.0447 0.0000e+00
       4672     -1.103     2.4112   0.000102     0.0005    -0.0447 0.0000e+00
       4673     -1.104     2.4108   0.000103     0.0005    -0.0447 0.0000e+00
       4674     -1.104     2.4105   0.000103     0.0005    -0.0447 0.0000e+00
       4675     -1.103     2.4101   0.000102     0.0005    -0.0447 0.0000e+00
       4676     -1.105     2.4097   0.000101     0.0005    -0.0447 0.0000e+00
       4677     -1.108     2.4095   0.000102     0.0005    -0.0447 0.0000e+00
       4678     -1.110     2.4091   0.000102     0.0005    -0.0448 0.0000e+00
       4679     -1.110     2.4088   0.000102     0.0005    -0.0448 0.0000e+00
       4680     -1.110     2.4084   0.000100     0.0005    -0.0448 0.0000e+00
       4681     -1.112     2.4079   0.000099     0.0004    -0.0448 0.0000e+00
       4682     -1.112     2.4076   0.000101     0.0005    -0.0448 0.0000e+00
       4683     -1.111     2.4074   0.000100     0.0005    -0.0448 0.0000e+00
       4684     -1.109     2.4071   0.000100     0.0005    -0.0448 0.0000e+00
       4685     -1.105     2.4069   0.000101     0.0005    -0.0448 0.0000e+00
       4686     -1.103     2.4067   0.000101     0.0005    -0.0448 0.0000e+00
       4687     -1.103     2.4063   0.000099     0.0004    -0.0448 0.0000e+00
       4688     -1.106     2.4059   0.000100     0.0005    -0.0449 0.0000e+00
       4689     -1.111     2.4054   0.000101     0.0005    -0.0449 0.0000e+00
       4690     -1.115     2.4048   0.000101     0.0005    -0.0449 0.0000e+00
       4691     -1.113     2.4042   0.000098     0.0004    -0.0449 0.0000e+00
       4692     -1.107     2.4036   0.000096     0.0004    -0.0449 0.0000e+00
       4693     -1.101     2.4032   0.000096     0.0004    -0.0449 0.0000e+00
       4694     -1.098     2.4029   0.000097     0.0004    -0.0449 0.0000e+00
       4695     -1.098     2.4026   0.000099     0.0004    -0.0449 0.0000e+00
       4696     -1.100     2.4020   0.000098     0.0004    -0.0450 0.0000e+00
       4697     -1.104     2.4013   0.000097     0.0004    -0.0450 0.0000e+00
       4698     -1.106     2.4006   0.000095     0.0004    -0.0450 0.0000e+00
       4699     -1.107     2.4002   0.000096     0.0004    -0.0450 0.0000e+00
       4700     -1.107     2.3998   0.000098     0.0004    -0.0450 0.0000e+00
       4701     -1.107     2.3995   0.000098     0.0004    -0.0450 0.0000e+00
       4702     -1.106     2.3990   0.000098     0.0004    -0.0450 0.0000e+00
       4703     -1.104     2.3985   0.000098     0.0004    -0.0451 0.0000e+00
       4704     -1.103     2.3982   0.000099     0.0004    -0.0451 0.0000e+00
       4705     -1.104     2.3979   0.000099     0.0004    -0.0451 0.0000e+00
       4706     -1.106     2.3975   0.000099     0.0004    -0.0451 0.0000e+00
       4707     -1.107     2.3970   0.000099     0.0004    -0.0451 0.0000e+00
       4708     -1.109     2.3966   0.000099     0.0004    -0.0451 0.0000e+00
       4709     -1.108     2.3962   0.000099     0.0004    -0.0451 0.0000e+00
       4710     -1.106     2.3958   0.000097     0.0004    -0.0451 0.0000e+00
       4711     -1.105     2.3952   0.000096     0.0004    -0.0452 0.0000e+00
       4712     -1.106     2.3946   0.000097     0.0004    -0.0452 0.0000e+00
       4713     -1.104     2.3939   0.000096     0.0004    -0.0452 0.0000e+00
       4714     -1.103     2.3932   0.000096     0.0004    -0.0452 0.0000e+00
       4715     -1.105     2.3926   0.000096     0.0004    -0.0452 0.0000e+00
       4716     -1.109     2.3922   0.000095     0.0004    -0.0452 0.0000e+00
       4717     -1.113     2.3917   0.000096     0.0004    -0.0453 0.0000e+00
