Datasets/Multi_Species/TEL214/tel214_2020_006.cnv
* Sea-Bird SBE19plus Data File:
* Filename = C:/AQUIRE/tel214_2020_006.hex
* Software Version AquireV2 AF V2.0
* Temperature SN =  7853
* Conductivity SN =  7853
* System UpLoad Time = Nov 07 2020 03:08:08
* <ApplicationData>
* <AQUIREV2>
** VESSEL/TRIP/SEQ STN: tel214_2020_006
** LATITUDE: 53 23.98 N
** LONGITUDE: 05 14.25 W
** DATE/TIME: 2020-11-07 02:15
** SOUNDING DEPTH (M): 0320
** PROBE TYPE: S7853
** CTD NUMBER: 006
** COMMENTS: 
# nquan = 7                                 
# nvalues = 2963                        
# units = specified
# name 0 = scan: Scan Count
# name 1 = prdM: Pressure, Strain Gauge [db]
# name 2 = tv290C: Temperature [ITS-90, deg C]
# name 3 = c0S/m: Conductivity [S/m]
# name 4 = sal00: Salinity, Practical [PSU]
# name 5 = sigma-t00: Density [sigma-t, kg/m^3 ]
# name 6 = flag: flag
# span 0 =          1,       2963       
# span 1 =     -1.118,    319.123       
# span 2 =     0.9107,     3.5739       
# span 3 =   0.000097,   3.158219       
# span 4 =    -0.0006,    34.4059       
# span 5 =    -0.1030,    27.3830       
# span 6 = 0.0000e+00, 0.0000e+00       
# interval = seconds: 1
# start_time = Nov 07 2020 02:15:49 [Instrument's time stamp, header]
# bad_flag = -9.990e-29
*END*
[from data line 2872]
       2873     -1.105     1.1873   0.000111    -0.0004    -0.0894 0.0000e+00
       2874     -1.106     1.1873   0.000110    -0.0004    -0.0894 0.0000e+00
       2875     -1.105     1.1873   0.000111    -0.0004    -0.0894 0.0000e+00
       2876     -1.106     1.1875   0.000112    -0.0004    -0.0894 0.0000e+00
       2877     -1.106     1.1875   0.000111    -0.0004    -0.0894 0.0000e+00
       2878     -1.105     1.1875   0.000112    -0.0004    -0.0894 0.0000e+00
       2879     -1.104     1.1875   0.000112    -0.0004    -0.0894 0.0000e+00
       2880     -1.103     1.1875   0.000113    -0.0004    -0.0894 0.0000e+00
       2881     -1.103     1.1875   0.000113    -0.0004    -0.0894 0.0000e+00
       2882     -1.106     1.1875   0.000110    -0.0004    -0.0894 0.0000e+00
       2883     -1.109     1.1875   0.000109    -0.0004    -0.0894 0.0000e+00
       2884     -1.112     1.1874   0.000110    -0.0004    -0.0894 0.0000e+00
       2885     -1.115     1.1874   0.000110    -0.0004    -0.0894 0.0000e+00
       2886     -1.117     1.1874   0.000111    -0.0004    -0.0894 0.0000e+00
       2887     -1.114     1.1874   0.000111    -0.0004    -0.0894 0.0000e+00
       2888     -1.110     1.1874   0.000111    -0.0004    -0.0894 0.0000e+00
       2889     -1.109     1.1873   0.000110    -0.0004    -0.0894 0.0000e+00
       2890     -1.110     1.1873   0.000111    -0.0004    -0.0894 0.0000e+00
       2891     -1.110     1.1873   0.000113    -0.0004    -0.0894 0.0000e+00
       2892     -1.111     1.1873   0.000112    -0.0004    -0.0894 0.0000e+00
       2893     -1.113     1.1871   0.000110    -0.0004    -0.0894 0.0000e+00
       2894     -1.115     1.1869   0.000110    -0.0004    -0.0894 0.0000e+00
       2895     -1.115     1.1864   0.000108    -0.0004    -0.0894 0.0000e+00
       2896     -1.112     1.1857   0.000106    -0.0004    -0.0895 0.0000e+00
       2897     -1.108     1.1853   0.000105    -0.0004    -0.0895 0.0000e+00
       2898     -1.106     1.1853   0.000106    -0.0004    -0.0895 0.0000e+00
       2899     -1.107     1.1854   0.000108    -0.0004    -0.0895 0.0000e+00
       2900     -1.109     1.1854   0.000108    -0.0004    -0.0895 0.0000e+00
       2901     -1.109     1.1856   0.000108    -0.0004    -0.0895 0.0000e+00
       2902     -1.109     1.1856   0.000109    -0.0004    -0.0895 0.0000e+00
       2903     -1.107     1.1858   0.000110    -0.0004    -0.0895 0.0000e+00
       2904     -1.104     1.1858   0.000110    -0.0004    -0.0895 0.0000e+00
       2905     -1.105     1.1858   0.000110    -0.0004    -0.0895 0.0000e+00
       2906     -1.110     1.1858   0.000109    -0.0004    -0.0895 0.0000e+00
       2907     -1.116     1.1858   0.000110    -0.0004    -0.0895 0.0000e+00
       2908     -1.118     1.1858   0.000110    -0.0004    -0.0895 0.0000e+00
       2909     -1.117     1.1856   0.000110    -0.0004    -0.0895 0.0000e+00
       2910     -1.113     1.1853   0.000108    -0.0004    -0.0895 0.0000e+00
       2911     -1.111     1.1852   0.000109    -0.0004    -0.0895 0.0000e+00
       2912     -1.110     1.1852   0.000109    -0.0004    -0.0895 0.0000e+00
       2913     -1.110     1.1852   0.000109    -0.0004    -0.0895 0.0000e+00
       2914     -1.111     1.1852   0.000109    -0.0004    -0.0895 0.0000e+00
       2915     -1.112     1.1852   0.000110    -0.0004    -0.0895 0.0000e+00
       2916     -1.112     1.1852   0.000111    -0.0004    -0.0895 0.0000e+00
       2917     -1.112     1.1850   0.000111    -0.0004    -0.0895 0.0000e+00
       2918     -1.114     1.1848   0.000110    -0.0004    -0.0895 0.0000e+00
       2919     -1.114     1.1844   0.000108    -0.0004    -0.0895 0.0000e+00
       2920     -1.110     1.1839   0.000106    -0.0004    -0.0895 0.0000e+00
       2921     -1.106     1.1833   0.000105    -0.0004    -0.0896 0.0000e+00
       2922     -1.105     1.1831   0.000105    -0.0004    -0.0896 0.0000e+00
       2923     -1.103     1.1831   0.000107    -0.0004    -0.0896 0.0000e+00
       2924     -1.104     1.1831   0.000108    -0.0004    -0.0896 0.0000e+00
       2925     -1.107     1.1833   0.000109    -0.0004    -0.0896 0.0000e+00
       2926     -1.110     1.1833   0.000108    -0.0004    -0.0896 0.0000e+00
       2927     -1.112     1.1833   0.000108    -0.0004    -0.0896 0.0000e+00
       2928     -1.113     1.1829   0.000106    -0.0004    -0.0896 0.0000e+00
       2929     -1.112     1.1823   0.000106    -0.0004    -0.0896 0.0000e+00
       2930     -1.110     1.1816   0.000104    -0.0004    -0.0897 0.0000e+00
       2931     -1.108     1.1812   0.000104    -0.0004    -0.0897 0.0000e+00
       2932     -1.106     1.1812   0.000104    -0.0004    -0.0897 0.0000e+00
       2933     -1.107     1.1814   0.000105    -0.0004    -0.0897 0.0000e+00
       2934     -1.108     1.1816   0.000107    -0.0004    -0.0897 0.0000e+00
       2935     -1.107     1.1817   0.000108    -0.0004    -0.0896 0.0000e+00
       2936     -1.107     1.1818   0.000108    -0.0004    -0.0896 0.0000e+00
       2937     -1.111     1.1819   0.000109    -0.0004    -0.0896 0.0000e+00
       2938     -1.116     1.1817   0.000109    -0.0004    -0.0896 0.0000e+00
       2939     -1.117     1.1812   0.000107    -0.0004    -0.0897 0.0000e+00
       2940     -1.116     1.1807   0.000106    -0.0004    -0.0897 0.0000e+00
       2941     -1.115     1.1803   0.000104    -0.0004    -0.0897 0.0000e+00
       2942     -1.113     1.1801   0.000105    -0.0004    -0.0897 0.0000e+00
       2943     -1.112     1.1803   0.000107    -0.0004    -0.0897 0.0000e+00
       2944     -1.114     1.1803   0.000107    -0.0004    -0.0897 0.0000e+00
       2945     -1.117     1.1803   0.000108    -0.0004    -0.0897 0.0000e+00
       2946     -1.117     1.1804   0.000108    -0.0004    -0.0897 0.0000e+00
       2947     -1.114     1.1805   0.000110    -0.0004    -0.0897 0.0000e+00
       2948     -1.112     1.1806   0.000112    -0.0004    -0.0897 0.0000e+00
       2949     -1.112     1.1806   0.000111    -0.0004    -0.0897 0.0000e+00
       2950     -1.114     1.1807   0.000110    -0.0004    -0.0897 0.0000e+00
       2951     -1.117     1.1807   0.000110    -0.0004    -0.0897 0.0000e+00
       2952     -1.117     1.1807   0.000112    -0.0004    -0.0897 0.0000e+00
       2953     -1.114     1.1807   0.000111    -0.0004    -0.0897 0.0000e+00
       2954     -1.114     1.1805   0.000110    -0.0004    -0.0897 0.0000e+00
       2955     -1.117     1.1796   0.000107    -0.0004    -0.0897 0.0000e+00
       2956     -1.117     1.1785   0.000104    -0.0004    -0.0898 0.0000e+00
       2957     -1.114     1.1778   0.000103    -0.0004    -0.0898 0.0000e+00
       2958     -1.113     1.1776   0.000105    -0.0004    -0.0898 0.0000e+00
       2959     -1.114     1.1776   0.000105    -0.0004    -0.0898 0.0000e+00
       2960     -1.113     1.1776   0.000105    -0.0004    -0.0898 0.0000e+00
       2961     -1.111     1.1776   0.000105    -0.0004    -0.0898 0.0000e+00
       2962     -1.110     1.1774   0.000105    -0.0004    -0.0898 0.0000e+00
       2963     -1.110 -9.990e-29   0.000110 -9.990e-29 -9.990e-29 0.0000e+00
