Datasets/Multi_Species/TEL214/tel214_2020_013.cnv
* Sea-Bird SBE19plus Data File:
* Filename = C:/AQUIRE/tel214_2020_013.hex
* Software Version AquireV2 AF V2.0
* Temperature SN =  7853
* Conductivity SN =  7853
* System UpLoad Time = Nov 10 2020 02:43:05
* <ApplicationData>
* <AQUIREV2>
** VESSEL/TRIP/SEQ STN: tel214_2020_013
** LATITUDE: 54 57.51 N
** LONGITUDE: 54 04.10 W
** DATE/TIME: 2020-11-10 01:17
** SOUNDING DEPTH (M): 0458
** PROBE TYPE: S7853
** CTD NUMBER: 013
** COMMENTS: 
# nquan = 7                                 
# nvalues = 4976                        
# units = specified
# name 0 = scan: Scan Count
# name 1 = prdM: Pressure, Strain Gauge [db]
# name 2 = tv290C: Temperature [ITS-90, deg C]
# name 3 = c0S/m: Conductivity [S/m]
# name 4 = sal00: Salinity, Practical [PSU]
# name 5 = sigma-t00: Density [sigma-t, kg/m^3 ]
# name 6 = flag: flag
# span 0 =          1,       4976       
# span 1 =     -1.123,    454.419       
# span 2 =    -1.6656,     3.9406       
# span 3 =  -0.000266,   3.243802       
# span 4 =    -0.0026,    34.7227       
# span 5 =    -0.2963,    27.5760       
# span 6 = 0.0000e+00, 0.0000e+00       
# interval = seconds: 1
# start_time = Nov 10 2020 01:17:23 [Instrument's time stamp, header]
# bad_flag = -9.990e-29
*END*
[from data line 1847]
       1848     89.495     1.5545   2.922478    33.4740    26.7816 0.0000e+00
       1849     90.040     1.5549   2.922723    33.4763    26.7834 0.0000e+00
       1850     90.593     1.5564   2.923152    33.4799    26.7862 0.0000e+00
       1851     91.152     1.5596   2.923584    33.4816    26.7873 0.0000e+00
       1852     91.701     1.5639   2.924138    33.4837    26.7887 0.0000e+00
       1853     92.223     1.5698   2.925045    33.4886    26.7922 0.0000e+00
       1854     92.716     1.5770   2.925936    33.4919    26.7944 0.0000e+00
       1855     93.194     1.5829   2.926371    33.4909    26.7931 0.0000e+00
       1856     93.675     1.5846   2.926398    33.4891    26.7916 0.0000e+00
       1857     94.172     1.5837   2.926380    33.4896    26.7920 0.0000e+00
       1858     94.694     1.5830   2.926529    33.4919    26.7940 0.0000e+00
       1859     95.238     1.5840   2.926765    33.4935    26.7952 0.0000e+00
       1860     95.790     1.5862   2.927011    33.4940    26.7954 0.0000e+00
       1861     96.340     1.5891   2.927244    33.4935    26.7948 0.0000e+00
       1862     96.888     1.5913   2.927422    33.4931    26.7943 0.0000e+00
       1863     97.438     1.5922   2.927539    33.4933    26.7944 0.0000e+00
       1864     98.001     1.5924   2.927639    33.4940    26.7950 0.0000e+00
       1865     98.582     1.5932   2.927901    33.4962    26.7967 0.0000e+00
       1866     99.168     1.5959   2.928510    33.5007    26.8001 0.0000e+00
       1867     99.737     1.6012   2.929334    33.5051    26.8033 0.0000e+00
       1868    100.282     1.6075   2.930133    33.5082    26.8053 0.0000e+00
       1869    100.814     1.6123   2.930678    33.5096    26.8061 0.0000e+00
       1870    101.348     1.6144   2.930967    33.5108    26.8069 0.0000e+00
       1871    101.899     1.6157   2.931369    33.5141    26.8095 0.0000e+00
       1872    102.468     1.6184   2.931918    33.5179    26.8123 0.0000e+00
       1873    103.046     1.6217   2.932383    33.5199    26.8137 0.0000e+00
       1874    103.633     1.6239   2.932637    33.5204    26.8140 0.0000e+00
       1875    104.235     1.6242   2.932741    33.5211    26.8145 0.0000e+00
       1876    104.849     1.6248   2.932997    33.5233    26.8162 0.0000e+00
       1877    105.459     1.6276   2.933434    33.5255    26.8178 0.0000e+00
       1878    106.052     1.6317   2.933975    33.5276    26.8192 0.0000e+00
       1879    106.627     1.6363   2.934624    33.5306    26.8212 0.0000e+00
       1880    107.188     1.6412   2.935235    33.5328    26.8226 0.0000e+00
       1881    107.742     1.6454   2.935690    33.5337    26.8231 0.0000e+00
       1882    108.296     1.6478   2.936004    33.5348    26.8238 0.0000e+00
       1883    108.854     1.6485   2.936168    33.5358    26.8246 0.0000e+00
       1884    109.421     1.6484   2.936302    33.5373    26.8258 0.0000e+00
       1885    110.002     1.6483   2.936550    33.5402    26.8281 0.0000e+00
       1886    110.607     1.6482   2.936790    33.5430    26.8303 0.0000e+00
       1887    111.231     1.6485   2.937159    33.5470    26.8335 0.0000e+00
       1888    111.856     1.6515   2.937790    33.5514    26.8368 0.0000e+00
       1889    112.466     1.6580   2.938488    33.5529    26.8376 0.0000e+00
       1890    113.057     1.6663   2.939346    33.5546    26.8383 0.0000e+00
       1891    113.630     1.6756   2.940345    33.5570    26.8396 0.0000e+00
       1892    114.190     1.6843   2.941102    33.5569    26.8389 0.0000e+00
       1893    114.740     1.6908   2.941560    33.5555    26.8373 0.0000e+00
       1894    115.285     1.6950   2.941914    33.5551    26.8367 0.0000e+00
       1895    115.828     1.6974   2.942260    33.5566    26.8377 0.0000e+00
       1896    116.371     1.6993   2.942654    33.5593    26.8397 0.0000e+00
       1897    116.926     1.7015   2.943101    33.5622    26.8419 0.0000e+00
       1898    117.506     1.7042   2.943583    33.5651    26.8440 0.0000e+00
       1899    118.110     1.7077   2.944113    33.5677    26.8459 0.0000e+00
       1900    118.724     1.7127   2.944667    33.5690    26.8466 0.0000e+00
       1901    119.326     1.7180   2.945085    33.5683    26.8456 0.0000e+00
       1902    119.899     1.7212   2.945168    33.5656    26.8432 0.0000e+00
       1903    120.448     1.7207   2.944983    33.5635    26.8416 0.0000e+00
       1904    120.990     1.7176   2.944836    33.5647    26.8427 0.0000e+00
       1905    121.538     1.7144   2.944726    33.5664    26.8443 0.0000e+00
       1906    122.088     1.7114   2.944475    33.5661    26.8443 0.0000e+00
       1907    122.633     1.7081   2.944227    33.5662    26.8446 0.0000e+00
       1908    123.180     1.7055   2.944153    33.5677    26.8460 0.0000e+00
       1909    123.744     1.7042   2.944205    33.5694    26.8475 0.0000e+00
       1910    124.327     1.7039   2.944312    33.5708    26.8486 0.0000e+00
       1911    124.919     1.7043   2.944391    33.5710    26.8488 0.0000e+00
       1912    125.512     1.7045   2.944429    33.5709    26.8487 0.0000e+00
       1913    126.104     1.7046   2.944519    33.5716    26.8492 0.0000e+00
       1914    126.693     1.7054   2.944702    33.5727    26.8501 0.0000e+00
       1915    127.269     1.7070   2.944922    33.5735    26.8505 0.0000e+00
       1916    127.823     1.7087   2.945098    33.5736    26.8505 0.0000e+00
       1917    128.359     1.7098   2.945207    33.5735    26.8503 0.0000e+00
       1918    128.895     1.7101   2.945258    33.5735    26.8503 0.0000e+00
       1919    129.448     1.7100   2.945296    33.5738    26.8506 0.0000e+00
       1920    130.019     1.7100   2.945365    33.5743    26.8510 0.0000e+00
       1921    130.600     1.7103   2.945460    33.5749    26.8514 0.0000e+00
       1922    131.186     1.7109   2.945544    33.5750    26.8514 0.0000e+00
       1923    131.773     1.7110   2.945592    33.5751    26.8516 0.0000e+00
       1924    132.359     1.7108   2.945630    33.5755    26.8519 0.0000e+00
       1925    132.945     1.7108   2.945655    33.5755    26.8519 0.0000e+00
       1926    133.528     1.7107   2.945655    33.5752    26.8517 0.0000e+00
       1927    134.100     1.7102   2.945672    33.5757    26.8521 0.0000e+00
       1928    134.656     1.7100   2.945720    33.5762    26.8525 0.0000e+00
       1929    135.199     1.7103   2.945769    33.5762    26.8525 0.0000e+00
       1930    135.744     1.7106   2.945794    33.5759    26.8522 0.0000e+00
       1931    136.306     1.7104   2.945810    33.5759    26.8523 0.0000e+00
       1932    136.888     1.7100   2.945862    33.5767    26.8529 0.0000e+00
       1933    137.475     1.7102   2.945985    33.5777    26.8537 0.0000e+00
       1934    138.042     1.7114   2.946289    33.5799    26.8554 0.0000e+00
       1935    138.580     1.7134   2.946898    33.5852    26.8595 0.0000e+00
       1936    139.112     1.7157   2.947596    33.5912    26.8641 0.0000e+00
       1937    139.665     1.7176   2.948100    33.5952    26.8672 0.0000e+00
       1938    140.242     1.7201   2.948604    33.5986    26.8697 0.0000e+00
       1939    140.829     1.7248   2.949316    33.6022    26.8723 0.0000e+00
       1940    141.415     1.7315   2.950042    33.6039    26.8731 0.0000e+00
       1941    141.997     1.7371   2.950636    33.6051    26.8737 0.0000e+00
       1942    142.583     1.7412   2.951377    33.6097    26.8771 0.0000e+00
       1943    143.172     1.7465   2.952374    33.6163    26.8820 0.0000e+00
       1944    143.755     1.7554   2.954002    33.6269    26.8899 0.0000e+00
       1945    144.324     1.7735   2.958023    33.6579    26.9134 0.0000e+00
       1946    144.878     1.8072   2.964413    33.7020    26.9462 0.0000e+00
       1947    145.428     1.8493   2.969861    33.7252    26.9617 0.0000e+00
       1948    145.982     1.8839   2.973135    33.7290    26.9622 0.0000e+00
       1949    146.544     1.9080   2.975955    33.7383    26.9679 0.0000e+00
       1950    147.117     1.9289   2.978760    33.7509    26.9763 0.0000e+00
       1951    147.696     1.9478   2.980665    33.7543    26.9776 0.0000e+00
       1952    148.286     1.9606   2.981741    33.7538    26.9762 0.0000e+00
       1953    148.887     1.9707   2.983432    33.7638    26.9835 0.0000e+00
       1954    149.485     1.9900   2.987396    33.7925    27.0050 0.0000e+00
       1955    150.063     2.0244   2.993081    33.8265    27.0296 0.0000e+00
       1956    150.617     2.0602   2.997769    33.8466    27.0429 0.0000e+00
       1957    151.163     2.0816   3.000426    33.8566    27.0493 0.0000e+00
       1958    151.719     2.0930   3.002278    33.8672    27.0569 0.0000e+00
       1959    152.286     2.1090   3.004442    33.8768    27.0634 0.0000e+00
       1960    152.850     2.1334   3.006789    33.8798    27.0638 0.0000e+00
       1961    153.404     2.1574   3.008478    33.8749    27.0580 0.0000e+00
       1962    153.952     2.1701   3.008638    33.8630    27.0475 0.0000e+00
       1963    154.509     2.1704   3.006222    33.8323    27.0229 0.0000e+00
       1964    155.089     2.1643   3.003098    33.7996    26.9972 0.0000e+00
       1965    155.693     2.1598   3.004412    33.8204    27.0142 0.0000e+00
       1966    156.302     2.1679   3.009866    33.8794    27.0607 0.0000e+00
       1967    156.892     2.1900   3.014174    33.9091    27.0828 0.0000e+00
       1968    157.458     2.2108   3.015911    33.9082    27.0804 0.0000e+00
       1969    158.015     2.2191   3.016408    33.9052    27.0774 0.0000e+00
       1970    158.573     2.2195   3.017145    33.9136    27.0841 0.0000e+00
       1971    159.131     2.2237   3.019060    33.9327    27.0990 0.0000e+00
       1972    159.691     2.2363   3.021272    33.9464    27.1090 0.0000e+00
       1973    160.256     2.2507   3.022714    33.9486    27.1096 0.0000e+00
       1974    160.826     2.2594   3.023473    33.9485    27.1088 0.0000e+00
       1975    161.407     2.2633   3.024131    33.9522    27.1114 0.0000e+00
       1976    162.003     2.2673   3.025014    33.9585    27.1162 0.0000e+00
       1977    162.609     2.2748   3.026273    33.9658    27.1214 0.0000e+00
       1978    163.205     2.2869   3.027679    33.9700    27.1238 0.0000e+00
       1979    163.782     2.2994   3.028779    33.9700    27.1228 0.0000e+00
       1980    164.351     2.3073   3.029711    33.9729    27.1244 0.0000e+00
       1981    164.921     2.3140   3.030935    33.9806    27.1300 0.0000e+00
       1982    165.487     2.3249   3.032218    33.9846    27.1323 0.0000e+00
       1983    166.048     2.3365   3.032998    33.9815    27.1290 0.0000e+00
       1984    166.614     2.3402   3.033066    33.9781    27.1259 0.0000e+00
       1985    167.196     2.3347   3.032921    33.9819    27.1294 0.0000e+00
       1986    167.790     2.3326   3.034208    33.9997    27.1438 0.0000e+00
       1987    168.386     2.3504   3.038170    34.0295    27.1662 0.0000e+00
       1988    168.983     2.3873   3.043747    34.0589    27.1867 0.0000e+00
       1989    169.587     2.4264   3.049431    34.0872    27.2061 0.0000e+00
       1990    170.201     2.4570   3.054018    34.1109    27.2225 0.0000e+00
       1991    170.822     2.4895   3.057817    34.1228    27.2293 0.0000e+00
       1992    171.442     2.5476   3.064514    34.1430    27.2406 0.0000e+00
       1993    172.047     2.6349   3.073990    34.1663    27.2517 0.0000e+00
       1994    172.629     2.7261   3.082020    34.1675    27.2448 0.0000e+00
       1995    173.202     2.7986   3.087014    34.1513    27.2255 0.0000e+00
       1996    173.787     2.8388   3.088458    34.1259    27.2017 0.0000e+00
       1997    174.389     2.8513   3.089437    34.1243    27.1993 0.0000e+00
       1998    175.000     2.8674   3.093460    34.1561    27.2233 0.0000e+00
       1999    175.606     2.8969   3.097072    34.1685    27.2306 0.0000e+00
       2000    176.212     2.9134   3.097574    34.1568    27.2198 0.0000e+00
       2001    176.832     2.9108   3.097848    34.1626    27.2246 0.0000e+00
       2002    177.471     2.9196   3.100276    34.1825    27.2398 0.0000e+00
       2003    178.115     2.9533   3.103240    34.1826    27.2368 0.0000e+00
       2004    178.750     2.9876   3.104701    34.1637    27.2186 0.0000e+00
       2005    179.377     3.0050   3.105181    34.1508    27.2067 0.0000e+00
       2006    179.996     3.0115   3.105366    34.1458    27.2021 0.0000e+00
       2007    180.606     3.0119   3.105087    34.1416    27.1988 0.0000e+00
       2008    181.207     3.0067   3.104436    34.1389    27.1971 0.0000e+00
       2009    181.804     2.9995   3.103659    34.1367    27.1960 0.0000e+00
       2010    182.400     2.9895   3.102885    34.1375    27.1975 0.0000e+00
       2011    183.003     2.9754   3.102269    34.1446    27.2045 0.0000e+00
       2012    183.613     2.9614   3.101745    34.1527    27.2122 0.0000e+00
       2013    184.227     2.9511   3.101328    34.1582    27.2175 0.0000e+00
       2014    184.838     2.9455   3.101250    34.1629    27.2217 0.0000e+00
       2015    185.443     2.9442   3.101099    34.1621    27.2212 0.0000e+00
       2016    186.040     2.9428   3.100630    34.1575    27.2177 0.0000e+00
       2017    186.637     2.9372   3.100104    34.1567    27.2176 0.0000e+00
       2018    187.240     2.9286   3.099674    34.1603    27.2212 0.0000e+00
       2019    187.851     2.9228   3.099650    34.1658    27.2261 0.0000e+00
       2020    188.458     2.9248   3.100011    34.1677    27.2275 0.0000e+00
       2021    189.055     2.9309   3.100206    34.1633    27.2234 0.0000e+00
       2022    189.658     2.9333   3.099923    34.1570    27.2181 0.0000e+00
       2023    190.286     2.9309   3.099179    34.1501    27.2128 0.0000e+00
       2024    190.946     2.9257   3.098653    34.1488    27.2123 0.0000e+00
       2025    191.627     2.9206   3.099171    34.1602    27.2218 0.0000e+00
       2026    192.305     2.9210   3.100167    34.1716    27.2309 0.0000e+00
       2027    192.969     2.9279   3.100741    34.1709    27.2297 0.0000e+00
       2028    193.621     2.9345   3.101083    34.1677    27.2266 0.0000e+00
       2029    194.263     2.9390   3.101644    34.1694    27.2275 0.0000e+00
       2030    194.901     2.9440   3.102341    34.1723    27.2294 0.0000e+00
       2031    195.539     2.9497   3.103002    34.1739    27.2302 0.0000e+00
       2032    196.180     2.9555   3.103628    34.1751    27.2306 0.0000e+00
       2033    196.826     2.9608   3.104347    34.1779    27.2323 0.0000e+00
       2034    197.483     2.9666   3.105578    34.1863    27.2386 0.0000e+00
       2035    198.151     2.9764   3.107414    34.1980    27.2470 0.0000e+00
       2036    198.819     2.9903   3.109208    34.2047    27.2511 0.0000e+00
       2037    199.486     3.0030   3.110267    34.2038    27.2492 0.0000e+00
       2038    200.167     3.0096   3.110818    34.2031    27.2481 0.0000e+00
       2039    200.864     3.0144   3.111926    34.2111    27.2540 0.0000e+00
       2040    201.555     3.0281   3.113986    34.2213    27.2609 0.0000e+00
       2041    202.211     3.0522   3.116434    34.2252    27.2618 0.0000e+00
       2042    202.825     3.0776   3.118603    34.2243    27.2588 0.0000e+00
       2043    203.421     3.0946   3.119697    34.2192    27.2532 0.0000e+00
       2044    204.038     3.0981   3.119567    34.2136    27.2484 0.0000e+00
       2045    204.699     3.0917   3.119220    34.2158    27.2507 0.0000e+00
       2046    205.399     3.0867   3.119606    34.2254    27.2588 0.0000e+00
       2047    206.109     3.0896   3.120563    34.2336    27.2651 0.0000e+00
       2048    206.804     3.0964   3.121180    34.2335    27.2644 0.0000e+00
       2049    207.486     3.1022   3.121621    34.2323    27.2629 0.0000e+00
       2050    208.164     3.1077   3.122354    34.2351    27.2646 0.0000e+00
       2051    208.839     3.1140   3.122994    34.2358    27.2646 0.0000e+00
