Datasets/Multi_Species/TEL214/tel214_2020_038.cnv
* Sea-Bird SBE19plus Data File:
* Filename = C:/AQUIRE/tel214_2020_038.hex
* Software Version AquireV2 AF V2.0
* Temperature SN =  8014
* Conductivity SN =  8014
* System UpLoad Time = Nov 16 2020 13:27:39
* <ApplicationData>
* <AQUIREV2>
** VESSEL/TRIP/SEQ STN: tel214_2020_038
** LATITUDE: 52 17.67 N
** LONGITUDE: 51 32.72 W
** DATE/TIME: 2020-11-16 12:15
** SOUNDING DEPTH (M): 0341
** PROBE TYPE: S8014
** CTD NUMBER: 038
** COMMENTS: 
# nquan = 7                                 
# nvalues = 4095                        
# units = specified
# name 0 = scan: Scan Count
# name 1 = prdM: Pressure, Strain Gauge [db]
# name 2 = tv290C: Temperature [ITS-90, deg C]
# name 3 = c0S/m: Conductivity [S/m]
# name 4 = sal00: Salinity, Practical [PSU]
# name 5 = sigma-t00: Density [sigma-t, kg/m^3 ]
# name 6 = flag: flag
# span 0 =          1,       4095       
# span 1 =     -0.420,    340.310       
# span 2 =     0.4714,     3.6681       
# span 3 =  -0.035853,   3.211569       
# span 4 =    -0.0015,    34.6556       
# span 5 =    -0.1274,    27.5474       
# span 6 = 0.0000e+00, 0.0000e+00       
# interval = seconds: 1
# start_time = Nov 16 2020 12:15:39 [Instrument's time stamp, header]
# bad_flag = -9.990e-29
*END*
[from data line 2462]
       2463    338.618     3.6548   3.211199    34.6554    27.5473 0.0000e+00
       2464    338.635     3.6548   3.211201    34.6555    27.5473 0.0000e+00
       2465    338.663     3.6548   3.211202    34.6555    27.5473 0.0000e+00
       2466    338.680     3.6549   3.211202    34.6553    27.5472 0.0000e+00
       2467    338.680     3.6549   3.211200    34.6553    27.5472 0.0000e+00
       2468    338.680     3.6549   3.211201    34.6553    27.5472 0.0000e+00
       2469    338.698     3.6549   3.211205    34.6554    27.5472 0.0000e+00
       2470    338.734     3.6549   3.211209    34.6554    27.5472 0.0000e+00
       2471    338.775     3.6549   3.211212    34.6554    27.5472 0.0000e+00
       2472    338.807     3.6549   3.211214    34.6554    27.5473 0.0000e+00
       2473    338.826     3.6551   3.211220    34.6553    27.5471 0.0000e+00
       2474    338.830     3.6551   3.211226    34.6553    27.5472 0.0000e+00
       2475    338.818     3.6551   3.211228    34.6554    27.5472 0.0000e+00
       2476    338.803     3.6551   3.211226    34.6554    27.5472 0.0000e+00
       2477    338.809     3.6551   3.211225    34.6553    27.5472 0.0000e+00
       2478    338.845     3.6551   3.211224    34.6553    27.5471 0.0000e+00
       2479    338.893     3.6551   3.211230    34.6554    27.5472 0.0000e+00
       2480    338.926     3.6551   3.211234    34.6554    27.5472 0.0000e+00
       2481    338.935     3.6551   3.211232    34.6554    27.5472 0.0000e+00
       2482    338.934     3.6551   3.211226    34.6553    27.5471 0.0000e+00
       2483    338.942     3.6551   3.211218    34.6552    27.5470 0.0000e+00
       2484    338.962     3.6551   3.211217    34.6552    27.5470 0.0000e+00
       2485    338.989     3.6550   3.211222    34.6553    27.5472 0.0000e+00
       2486    339.016     3.6549   3.211221    34.6554    27.5472 0.0000e+00
       2487    339.043     3.6549   3.211218    34.6553    27.5472 0.0000e+00
       2488    339.076     3.6549   3.211221    34.6554    27.5472 0.0000e+00
       2489    339.119     3.6549   3.211230    34.6554    27.5473 0.0000e+00
       2490    339.170     3.6549   3.211236    34.6555    27.5473 0.0000e+00
       2491    339.218     3.6551   3.211240    34.6553    27.5471 0.0000e+00
       2492    339.251     3.6551   3.211241    34.6553    27.5471 0.0000e+00
       2493    339.272     3.6551   3.211240    34.6553    27.5471 0.0000e+00
       2494    339.294     3.6551   3.211246    34.6553    27.5472 0.0000e+00
       2495    339.321     3.6551   3.211253    34.6554    27.5472 0.0000e+00
       2496    339.341     3.6551   3.211254    34.6554    27.5472 0.0000e+00
       2497    339.349     3.6551   3.211252    34.6554    27.5472 0.0000e+00
       2498    339.355     3.6551   3.211250    34.6553    27.5472 0.0000e+00
       2499    339.374     3.6551   3.211250    34.6553    27.5472 0.0000e+00
       2500    339.408     3.6551   3.211251    34.6553    27.5472 0.0000e+00
       2501    339.440     3.6551   3.211252    34.6553    27.5472 0.0000e+00
       2502    339.463     3.6551   3.211253    34.6553    27.5472 0.0000e+00
       2503    339.487     3.6551   3.211256    34.6553    27.5472 0.0000e+00
       2504    339.518     3.6551   3.211265    34.6554    27.5472 0.0000e+00
       2505    339.550     3.6551   3.211270    34.6555    27.5473 0.0000e+00
       2506    339.567     3.6552   3.211270    34.6554    27.5472 0.0000e+00
       2507    339.561     3.6553   3.211276    34.6553    27.5471 0.0000e+00
       2508    339.537     3.6554   3.211282    34.6553    27.5471 0.0000e+00
       2509    339.511     3.6554   3.211283    34.6553    27.5471 0.0000e+00
       2510    339.502     3.6554   3.211284    34.6554    27.5471 0.0000e+00
       2511    339.518     3.6555   3.211285    34.6553    27.5471 0.0000e+00
       2512    339.546     3.6555   3.211290    34.6553    27.5471 0.0000e+00
       2513    339.562     3.6555   3.211296    34.6554    27.5471 0.0000e+00
       2514    339.560     3.6555   3.211302    34.6554    27.5472 0.0000e+00
       2515    339.552     3.6557   3.211304    34.6552    27.5470 0.0000e+00
       2516    339.558     3.6558   3.211308    34.6552    27.5470 0.0000e+00
       2517    339.583     3.6558   3.211317    34.6553    27.5471 0.0000e+00
       2518    339.613     3.6559   3.211324    34.6552    27.5470 0.0000e+00
       2519    339.628     3.6559   3.211330    34.6553    27.5471 0.0000e+00
       2520    339.622     3.6559   3.211338    34.6554    27.5471 0.0000e+00
       2521    339.613     3.6559   3.211341    34.6554    27.5472 0.0000e+00
       2522    339.615     3.6559   3.211341    34.6554    27.5472 0.0000e+00
       2523    339.629     3.6559   3.211341    34.6554    27.5472 0.0000e+00
       2524    339.645     3.6560   3.211342    34.6553    27.5471 0.0000e+00
       2525    339.660     3.6560   3.211344    34.6554    27.5471 0.0000e+00
       2526    339.681     3.6561   3.211349    34.6553    27.5470 0.0000e+00
       2527    339.717     3.6561   3.211358    34.6554    27.5471 0.0000e+00
       2528    339.757     3.6561   3.211361    34.6554    27.5471 0.0000e+00
       2529    339.787     3.6562   3.211361    34.6553    27.5470 0.0000e+00
       2530    339.809     3.6563   3.211368    34.6552    27.5470 0.0000e+00
       2531    339.826     3.6563   3.211374    34.6553    27.5470 0.0000e+00
       2532    339.833     3.6563   3.211378    34.6553    27.5471 0.0000e+00
       2533    339.827     3.6563   3.211380    34.6554    27.5471 0.0000e+00
       2534    339.822     3.6563   3.211379    34.6554    27.5471 0.0000e+00
       2535    339.836     3.6563   3.211377    34.6553    27.5470 0.0000e+00
       2536    339.876     3.6563   3.211379    34.6553    27.5470 0.0000e+00
       2537    339.930     3.6563   3.211388    34.6554    27.5471 0.0000e+00
       2538    339.975     3.6565   3.211397    34.6553    27.5470 0.0000e+00
       2539    339.999     3.6565   3.211398    34.6553    27.5470 0.0000e+00
       2540    340.013     3.6565   3.211401    34.6553    27.5470 0.0000e+00
       2541    340.030     3.6566   3.211407    34.6553    27.5470 0.0000e+00
       2542    340.057     3.6567   3.211414    34.6552    27.5469 0.0000e+00
       2543    340.090     3.6567   3.211418    34.6553    27.5469 0.0000e+00
       2544    340.118     3.6567   3.211423    34.6553    27.5470 0.0000e+00
       2545    340.130     3.6567   3.211427    34.6553    27.5470 0.0000e+00
       2546    340.127     3.6567   3.211428    34.6554    27.5470 0.0000e+00
       2547    340.128     3.6567   3.211429    34.6554    27.5470 0.0000e+00
       2548    340.151     3.6567   3.211432    34.6554    27.5471 0.0000e+00
       2549    340.188     3.6567   3.211433    34.6554    27.5470 0.0000e+00
       2550    340.222     3.6567   3.211429    34.6553    27.5470 0.0000e+00
       2551    340.245     3.6567   3.211427    34.6553    27.5470 0.0000e+00
       2552    340.261     3.6567   3.211428    34.6553    27.5470 0.0000e+00
       2553    340.278     3.6567   3.211432    34.6553    27.5470 0.0000e+00
       2554    340.296     3.6567   3.211438    34.6554    27.5470 0.0000e+00
       2555    340.310     3.6567   3.211438    34.6554    27.5470 0.0000e+00
       2556    340.310     3.6567   3.211440    34.6554    27.5471 0.0000e+00
       2557    340.289     3.6568   3.211445    34.6554    27.5470 0.0000e+00
       2558    340.260     3.6568   3.211443    34.6554    27.5470 0.0000e+00
       2559    340.241     3.6568   3.211438    34.6553    27.5470 0.0000e+00
       2560    340.240     3.6568   3.211437    34.6553    27.5470 0.0000e+00
       2561    340.256     3.6568   3.211441    34.6553    27.5470 0.0000e+00
       2562    340.277     3.6568   3.211441    34.6553    27.5470 0.0000e+00
       2563    340.286     3.6568   3.211440    34.6553    27.5470 0.0000e+00
       2564    340.273     3.6567   3.211443    34.6555    27.5471 0.0000e+00
       2565    340.247     3.6567   3.211445    34.6555    27.5471 0.0000e+00
       2566    340.232     3.6567   3.211444    34.6555    27.5471 0.0000e+00
       2567    340.236     3.6567   3.211444    34.6555    27.5471 0.0000e+00
       2568    340.240     3.6567   3.211443    34.6555    27.5471 0.0000e+00
       2569    340.226     3.6568   3.211438    34.6553    27.5470 0.0000e+00
       2570    340.190     3.6568   3.211434    34.6553    27.5470 0.0000e+00
       2571    340.146     3.6568   3.211432    34.6553    27.5470 0.0000e+00
       2572    340.113     3.6568   3.211431    34.6553    27.5470 0.0000e+00
       2573    340.087     3.6568   3.211430    34.6553    27.5470 0.0000e+00
       2574    340.058     3.6568   3.211430    34.6553    27.5470 0.0000e+00
       2575    340.032     3.6568   3.211430    34.6553    27.5470 0.0000e+00
       2576    340.021     3.6568   3.211430    34.6553    27.5470 0.0000e+00
       2577    340.035     3.6568   3.211431    34.6553    27.5470 0.0000e+00
       2578    340.075     3.6570   3.211438    34.6552    27.5469 0.0000e+00
       2579    340.123     3.6570   3.211451    34.6553    27.5470 0.0000e+00
       2580    340.160     3.6571   3.211468    34.6554    27.5470 0.0000e+00
       2581    340.180     3.6574   3.211493    34.6554    27.5470 0.0000e+00
       2582    340.182     3.6577   3.211516    34.6553    27.5469 0.0000e+00
       2583    340.171     3.6580   3.211534    34.6552    27.5468 0.0000e+00
       2584    340.144     3.6582   3.211550    34.6552    27.5468 0.0000e+00
       2585    340.104     3.6582   3.211558    34.6553    27.5469 0.0000e+00
       2586    340.050     3.6584   3.211562    34.6552    27.5467 0.0000e+00
       2587    339.981     3.6584   3.211568    34.6553    27.5468 0.0000e+00
       2588    339.901     3.6584   3.211569    34.6554    27.5469 0.0000e+00
       2589    339.811     3.6584   3.211553    34.6552    27.5467 0.0000e+00
       2590    339.715     3.6584   3.211539    34.6551    27.5467 0.0000e+00
       2591    339.616     3.6584   3.211541    34.6552    27.5467 0.0000e+00
       2592    339.503     3.6585   3.211544    34.6552    27.5467 0.0000e+00
       2593    339.370     3.6585   3.211538    34.6552    27.5467 0.0000e+00
       2594    339.222     3.6585   3.211529    34.6551    27.5467 0.0000e+00
       2595    339.067     3.6585   3.211519    34.6551    27.5466 0.0000e+00
       2596    338.910     3.6583   3.211504    34.6552    27.5468 0.0000e+00
       2597    338.751     3.6582   3.211488    34.6552    27.5468 0.0000e+00
       2598    338.584     3.6582   3.211479    34.6552    27.5468 0.0000e+00
       2599    338.408     3.6582   3.211468    34.6552    27.5467 0.0000e+00
       2600    338.225     3.6582   3.211457    34.6551    27.5467 0.0000e+00
       2601    338.033     3.6582   3.211444    34.6551    27.5467 0.0000e+00
       2602    337.831     3.6582   3.211428    34.6550    27.5466 0.0000e+00
       2603    337.624     3.6582   3.211416    34.6550    27.5466 0.0000e+00
       2604    337.416     3.6581   3.211406    34.6551    27.5467 0.0000e+00
       2605    337.206     3.6581   3.211393    34.6550    27.5466 0.0000e+00
       2606    336.991     3.6581   3.211381    34.6550    27.5466 0.0000e+00
       2607    336.773     3.6580   3.211367    34.6551    27.5467 0.0000e+00
       2608    336.551     3.6580   3.211350    34.6550    27.5466 0.0000e+00
       2609    336.321     3.6578   3.211337    34.6552    27.5468 0.0000e+00
       2610    336.083     3.6578   3.211328    34.6552    27.5468 0.0000e+00
       2611    335.838     3.6578   3.211315    34.6552    27.5467 0.0000e+00
       2612    335.590     3.6578   3.211299    34.6551    27.5467 0.0000e+00
       2613    335.341     3.6578   3.211290    34.6551    27.5467 0.0000e+00
       2614    335.089     3.6578   3.211280    34.6551    27.5467 0.0000e+00
       2615    334.834     3.6579   3.211265    34.6550    27.5466 0.0000e+00
       2616    334.585     3.6578   3.211255    34.6551    27.5467 0.0000e+00
       2617    334.345     3.6578   3.211248    34.6552    27.5468 0.0000e+00
       2618    334.110     3.6578   3.211235    34.6551    27.5467 0.0000e+00
       2619    333.876     3.6578   3.211218    34.6550    27.5467 0.0000e+00
       2620    333.641     3.6578   3.211204    34.6550    27.5466 0.0000e+00
       2621    333.401     3.6578   3.211197    34.6551    27.5467 0.0000e+00
       2622    333.155     3.6578   3.211190    34.6551    27.5467 0.0000e+00
       2623    332.908     3.6578   3.211178    34.6551    27.5467 0.0000e+00
       2624    332.658     3.6579   3.211164    34.6550    27.5466 0.0000e+00
       2625    332.409     3.6580   3.211156    34.6549    27.5465 0.0000e+00
       2626    332.163     3.6580   3.211153    34.6550    27.5466 0.0000e+00
       2627    331.920     3.6580   3.211144    34.6550    27.5466 0.0000e+00
       2628    331.685     3.6580   3.211127    34.6549    27.5465 0.0000e+00
       2629    331.458     3.6580   3.211113    34.6549    27.5465 0.0000e+00
       2630    331.232     3.6580   3.211103    34.6549    27.5465 0.0000e+00
       2631    330.998     3.6580   3.211092    34.6549    27.5465 0.0000e+00
       2632    330.759     3.6581   3.211087    34.6548    27.5465 0.0000e+00
       2633    330.518     3.6582   3.211081    34.6548    27.5464 0.0000e+00
       2634    330.278     3.6582   3.211070    34.6548    27.5464 0.0000e+00
       2635    330.040     3.6582   3.211057    34.6548    27.5464 0.0000e+00
       2636    329.801     3.6582   3.211042    34.6547    27.5464 0.0000e+00
       2637    329.563     3.6582   3.210992    34.6542    27.5460 0.0000e+00
       2638    329.330     3.6581   3.210946    34.6539    27.5457 0.0000e+00
       2639    329.104     3.6582   3.210968    34.6542    27.5460 0.0000e+00
       2640    328.885     3.6582   3.210998    34.6547    27.5463 0.0000e+00
       2641    328.671     3.6582   3.210997    34.6548    27.5464 0.0000e+00
       2642    328.461     3.6583   3.210991    34.6547    27.5464 0.0000e+00
       2643    328.252     3.6584   3.210981    34.6546    27.5463 0.0000e+00
       2644    328.041     3.6584   3.210969    34.6546    27.5462 0.0000e+00
       2645    327.821     3.6582   3.210951    34.6547    27.5463 0.0000e+00
       2646    327.594     3.6581   3.210940    34.6548    27.5464 0.0000e+00
       2647    327.368     3.6582   3.210938    34.6548    27.5464 0.0000e+00
       2648    327.145     3.6582   3.210936    34.6549    27.5465 0.0000e+00
       2649    326.929     3.6583   3.210933    34.6549    27.5465 0.0000e+00
       2650    326.717     3.6585   3.210926    34.6547    27.5463 0.0000e+00
       2651    326.506     3.6586   3.210922    34.6546    27.5463 0.0000e+00
       2652    326.300     3.6586   3.210928    34.6548    27.5464 0.0000e+00
       2653    326.102     3.6589   3.210936    34.6547    27.5463 0.0000e+00
       2654    325.905     3.6591   3.210940    34.6546    27.5462 0.0000e+00
       2655    325.702     3.6594   3.210945    34.6545    27.5461 0.0000e+00
       2656    325.490     3.6596   3.210947    34.6544    27.5460 0.0000e+00
       2657    325.269     3.6596   3.210935    34.6544    27.5460 0.0000e+00
       2658    325.047     3.6596   3.210831    34.6533    27.5451 0.0000e+00
       2659    324.830     3.6596   3.210504    34.6495    27.5420 0.0000e+00
       2660    324.620     3.6597   3.210308    34.6471    27.5402 0.0000e+00
       2661    324.416     3.6597   3.210536    34.6500    27.5424 0.0000e+00
       2662    324.215     3.6597   3.210765    34.6528    27.5447 0.0000e+00
       2663    324.009     3.6597   3.210836    34.6538    27.5455 0.0000e+00
       2664    323.797     3.6596   3.210866    34.6544    27.5459 0.0000e+00
       2665    323.585     3.6597   3.210863    34.6543    27.5459 0.0000e+00
       2666    323.376     3.6597   3.210861    34.6544    27.5460 0.0000e+00
