Datasets/Multi_Species/TEL214/tel214_2020_018.cnv
* Sea-Bird SBE19plus Data File:
* Filename = C:/AQUIRE/tel214_2020_018.hex
* Software Version AquireV2 AF V2.0
* Temperature SN =  7853
* Conductivity SN =  7853
* System UpLoad Time = Nov 11 2020 13:11:45
* <ApplicationData>
* <AQUIREV2>
** VESSEL/TRIP/SEQ STN: tel214_2020_018
** LATITUDE: 54 29.61 N
** LONGITUDE: 53 55.60 W
** DATE/TIME: 2020-11-11 12:14
** SOUNDING DEPTH (M): 0235
** PROBE TYPE: S7853
** CTD NUMBER:  18
** COMMENTS: 
# nquan = 7                                 
# nvalues = 3290                        
# units = specified
# name 0 = scan: Scan Count
# name 1 = prdM: Pressure, Strain Gauge [db]
# name 2 = tv290C: Temperature [ITS-90, deg C]
# name 3 = c0S/m: Conductivity [S/m]
# name 4 = sal00: Salinity, Practical [PSU]
# name 5 = sigma-t00: Density [sigma-t, kg/m^3 ]
# name 6 = flag: flag
# span 0 =          1,       3290       
# span 1 =     -1.077,    234.197       
# span 2 =     0.7608,     2.9425       
# span 3 =   0.000012,   3.095544       
# span 4 =    -0.0012,    34.0738       
# span 5 =    -0.1109,    27.1553       
# span 6 = 0.0000e+00, 0.0000e+00       
# interval = seconds: 1
# start_time = Nov 11 2020 12:14:02 [Instrument's time stamp, header]
# bad_flag = -9.990e-29
*END*
[from data line 2052]
       2053    233.927     2.9421   3.095472    34.0691    27.1472 0.0000e+00
       2054    233.930     2.9421   3.095466    34.0690    27.1471 0.0000e+00
       2055    233.948     2.9420   3.095459    34.0691    27.1471 0.0000e+00
       2056    233.948     2.9419   3.095456    34.0691    27.1472 0.0000e+00
       2057    233.876     2.9419   3.095453    34.0691    27.1472 0.0000e+00
       2058    233.726     2.9419   3.095444    34.0691    27.1472 0.0000e+00
       2059    233.574     2.9418   3.095434    34.0692    27.1472 0.0000e+00
       2060    233.503     2.9417   3.095430    34.0693    27.1473 0.0000e+00
       2061    233.522     2.9417   3.095425    34.0692    27.1473 0.0000e+00
       2062    233.578     2.9417   3.095421    34.0691    27.1472 0.0000e+00
       2063    233.608     2.9417   3.095418    34.0691    27.1472 0.0000e+00
       2064    233.584     2.9417   3.095407    34.0689    27.1471 0.0000e+00
       2065    233.523     2.9416   3.095393    34.0689    27.1470 0.0000e+00
       2066    233.463     2.9414   3.095383    34.0690    27.1472 0.0000e+00
       2067    233.440     2.9414   3.095385    34.0691    27.1472 0.0000e+00
       2068    233.463     2.9416   3.095389    34.0689    27.1470 0.0000e+00
       2069    233.517     2.9416   3.095395    34.0689    27.1471 0.0000e+00
       2070    233.580     2.9416   3.095401    34.0690    27.1471 0.0000e+00
       2071    233.631     2.9416   3.095412    34.0691    27.1472 0.0000e+00
       2072    233.664     2.9417   3.095424    34.0691    27.1472 0.0000e+00
       2073    233.677     2.9417   3.095430    34.0692    27.1472 0.0000e+00
       2074    233.677     2.9417   3.095427    34.0691    27.1472 0.0000e+00
       2075    233.680     2.9417   3.095420    34.0690    27.1471 0.0000e+00
       2076    233.702     2.9417   3.095415    34.0690    27.1471 0.0000e+00
       2077    233.738     2.9416   3.095410    34.0690    27.1471 0.0000e+00
       2078    233.763     2.9416   3.095402    34.0689    27.1470 0.0000e+00
       2079    233.766     2.9417   3.095403    34.0688    27.1469 0.0000e+00
       2080    233.766     2.9417   3.095415    34.0689    27.1471 0.0000e+00
       2081    233.776     2.9417   3.095426    34.0691    27.1472 0.0000e+00
       2082    233.801     2.9417   3.095434    34.0691    27.1472 0.0000e+00
       2083    233.837     2.9417   3.095442    34.0692    27.1473 0.0000e+00
       2084    233.860     2.9419   3.095452    34.0691    27.1472 0.0000e+00
       2085    233.857     2.9420   3.095460    34.0691    27.1472 0.0000e+00
       2086    233.837     2.9419   3.095446    34.0691    27.1471 0.0000e+00
       2087    233.820     2.9417   3.095419    34.0690    27.1471 0.0000e+00
       2088    233.828     2.9417   3.095410    34.0688    27.1470 0.0000e+00
       2089    233.848     2.9417   3.095409    34.0688    27.1470 0.0000e+00
       2090    233.847     2.9417   3.095396    34.0687    27.1468 0.0000e+00
       2091    233.831     2.9416   3.095377    34.0685    27.1468 0.0000e+00
       2092    233.836     2.9414   3.095366    34.0686    27.1468 0.0000e+00
       2093    233.867     2.9414   3.095390    34.0689    27.1471 0.0000e+00
       2094    233.889     2.9417   3.095438    34.0691    27.1472 0.0000e+00
       2095    233.870     2.9420   3.095472    34.0693    27.1473 0.0000e+00
       2096    233.813     2.9421   3.095478    34.0693    27.1473 0.0000e+00
       2097    233.755     2.9421   3.095471    34.0692    27.1472 0.0000e+00
       2098    233.735     2.9421   3.095468    34.0692    27.1472 0.0000e+00
       2099    233.758     2.9420   3.095470    34.0693    27.1473 0.0000e+00
       2100    233.797     2.9420   3.095473    34.0693    27.1473 0.0000e+00
       2101    233.827     2.9420   3.095467    34.0692    27.1473 0.0000e+00
       2102    233.853     2.9420   3.095457    34.0691    27.1472 0.0000e+00
       2103    233.878     2.9419   3.095447    34.0690    27.1471 0.0000e+00
       2104    233.892     2.9417   3.095429    34.0690    27.1471 0.0000e+00
       2105    233.900     2.9417   3.095411    34.0688    27.1470 0.0000e+00
       2106    233.908     2.9417   3.095408    34.0688    27.1469 0.0000e+00
       2107    233.913     2.9417   3.095429    34.0690    27.1471 0.0000e+00
       2108    233.920     2.9417   3.095455    34.0693    27.1474 0.0000e+00
       2109    233.937     2.9418   3.095470    34.0694    27.1474 0.0000e+00
       2110    233.963     2.9420   3.095483    34.0693    27.1474 0.0000e+00
       2111    233.987     2.9422   3.095500    34.0693    27.1473 0.0000e+00
       2112    233.995     2.9423   3.095516    34.0694    27.1474 0.0000e+00
       2113    233.978     2.9424   3.095526    34.0694    27.1474 0.0000e+00
       2114    233.937     2.9424   3.095527    34.0695    27.1474 0.0000e+00
       2115    233.884     2.9424   3.095519    34.0694    27.1474 0.0000e+00
       2116    233.848     2.9424   3.095503    34.0692    27.1472 0.0000e+00
       2117    233.854     2.9424   3.095496    34.0691    27.1472 0.0000e+00
       2118    233.892     2.9424   3.095500    34.0692    27.1472 0.0000e+00
       2119    233.927     2.9422   3.095495    34.0693    27.1473 0.0000e+00
       2120    233.935     2.9421   3.095483    34.0692    27.1473 0.0000e+00
       2121    233.914     2.9421   3.095475    34.0692    27.1472 0.0000e+00
       2122    233.884     2.9421   3.095477    34.0692    27.1472 0.0000e+00
       2123    233.874     2.9421   3.095478    34.0692    27.1473 0.0000e+00
       2124    233.898     2.9421   3.095473    34.0691    27.1472 0.0000e+00
       2125    233.933     2.9420   3.095469    34.0692    27.1472 0.0000e+00
       2126    233.958     2.9420   3.095464    34.0691    27.1472 0.0000e+00
       2127    233.974     2.9420   3.095460    34.0691    27.1471 0.0000e+00
       2128    233.987     2.9420   3.095467    34.0691    27.1472 0.0000e+00
       2129    234.002     2.9420   3.095478    34.0693    27.1473 0.0000e+00
       2130    234.017     2.9420   3.095480    34.0693    27.1473 0.0000e+00
       2131    234.023     2.9420   3.095473    34.0692    27.1472 0.0000e+00
       2132    234.020     2.9420   3.095466    34.0691    27.1472 0.0000e+00
       2133    234.024     2.9420   3.095465    34.0691    27.1472 0.0000e+00
       2134    234.038     2.9420   3.095466    34.0691    27.1472 0.0000e+00
       2135    234.046     2.9420   3.095466    34.0691    27.1472 0.0000e+00
       2136    234.023     2.9419   3.095458    34.0691    27.1472 0.0000e+00
       2137    233.969     2.9417   3.095441    34.0691    27.1472 0.0000e+00
       2138    233.924     2.9417   3.095433    34.0691    27.1472 0.0000e+00
       2139    233.922     2.9417   3.095437    34.0691    27.1472 0.0000e+00
       2140    233.950     2.9417   3.095438    34.0691    27.1472 0.0000e+00
       2141    233.960     2.9418   3.095448    34.0691    27.1472 0.0000e+00
       2142    233.914     2.9420   3.095458    34.0691    27.1471 0.0000e+00
       2143    233.803     2.9420   3.095451    34.0690    27.1471 0.0000e+00
       2144    233.677     2.9420   3.095440    34.0690    27.1471 0.0000e+00
       2145    233.609     2.9420   3.095433    34.0689    27.1470 0.0000e+00
       2146    233.617     2.9420   3.095434    34.0689    27.1470 0.0000e+00
       2147    233.661     2.9419   3.095444    34.0691    27.1472 0.0000e+00
       2148    233.674     2.9420   3.095446    34.0690    27.1471 0.0000e+00
       2149    233.604     2.9420   3.095435    34.0689    27.1470 0.0000e+00
       2150    233.451     2.9419   3.095416    34.0689    27.1470 0.0000e+00
       2151    233.300     2.9417   3.095396    34.0690    27.1471 0.0000e+00
       2152    233.244     2.9417   3.095383    34.0688    27.1470 0.0000e+00
       2153    233.281     2.9415   3.095358    34.0687    27.1469 0.0000e+00
       2154    233.337     2.9413   3.095311    34.0683    27.1466 0.0000e+00
       2155    233.349     2.9410   3.095272    34.0682    27.1465 0.0000e+00
       2156    233.300     2.9409   3.095261    34.0682    27.1465 0.0000e+00
       2157    233.216     2.9408   3.095264    34.0683    27.1467 0.0000e+00
       2158    233.142     2.9408   3.095264    34.0684    27.1467 0.0000e+00
       2159    233.112     2.9408   3.095257    34.0683    27.1466 0.0000e+00
       2160    233.130     2.9408   3.095253    34.0683    27.1466 0.0000e+00
       2161    233.181     2.9408   3.095260    34.0683    27.1466 0.0000e+00
       2162    233.235     2.9408   3.095274    34.0685    27.1468 0.0000e+00
       2163    233.258     2.9409   3.095291    34.0685    27.1468 0.0000e+00
       2164    233.241     2.9410   3.095308    34.0687    27.1469 0.0000e+00
       2165    233.202     2.9410   3.095318    34.0688    27.1470 0.0000e+00
       2166    233.175     2.9410   3.095321    34.0688    27.1471 0.0000e+00
       2167    233.177     2.9411   3.095321    34.0687    27.1470 0.0000e+00
       2168    233.200     2.9410   3.095318    34.0688    27.1470 0.0000e+00
       2169    233.225     2.9410   3.095312    34.0687    27.1469 0.0000e+00
       2170    233.244     2.9410   3.095312    34.0687    27.1469 0.0000e+00
       2171    233.266     2.9410   3.095316    34.0687    27.1470 0.0000e+00
       2172    233.295     2.9411   3.095323    34.0687    27.1469 0.0000e+00
       2173    233.321     2.9411   3.095337    34.0689    27.1471 0.0000e+00
       2174    233.313     2.9413   3.095354    34.0689    27.1470 0.0000e+00
       2175    233.246     2.9413   3.095360    34.0690    27.1471 0.0000e+00
       2176    233.147     2.9414   3.095353    34.0688    27.1470 0.0000e+00
       2177    233.081     2.9414   3.095346    34.0688    27.1470 0.0000e+00
       2178    233.073     2.9413   3.095341    34.0688    27.1470 0.0000e+00
       2179    233.082     2.9413   3.095331    34.0687    27.1469 0.0000e+00
       2180    233.051     2.9413   3.095318    34.0686    27.1468 0.0000e+00
       2181    232.966     2.9411   3.095308    34.0687    27.1469 0.0000e+00
       2182    232.883     2.9411   3.095300    34.0686    27.1469 0.0000e+00
       2183    232.846     2.9410   3.095294    34.0687    27.1469 0.0000e+00
       2184    232.836     2.9410   3.095300    34.0688    27.1470 0.0000e+00
       2185    232.799     2.9411   3.095310    34.0688    27.1470 0.0000e+00
       2186    232.694     2.9413   3.095311    34.0687    27.1469 0.0000e+00
       2187    232.530     2.9413   3.095303    34.0687    27.1469 0.0000e+00
       2188    232.388     2.9413   3.095296    34.0687    27.1469 0.0000e+00
       2189    232.334     2.9413   3.095295    34.0687    27.1469 0.0000e+00
       2190    232.355     2.9411   3.095295    34.0689    27.1471 0.0000e+00
       2191    232.412     2.9410   3.095276    34.0687    27.1470 0.0000e+00
       2192    232.484     2.9409   3.095233    34.0683    27.1466 0.0000e+00
       2193    232.540     2.9407   3.095209    34.0681    27.1465 0.0000e+00
       2194    232.563     2.9406   3.095215    34.0683    27.1467 0.0000e+00
       2195    232.575     2.9405   3.095228    34.0686    27.1469 0.0000e+00
       2196    232.628     2.9405   3.095236    34.0686    27.1469 0.0000e+00
       2197    232.745     2.9406   3.095254    34.0687    27.1470 0.0000e+00
       2198    232.902     2.9410   3.095296    34.0687    27.1469 0.0000e+00
       2199    233.055     2.9413   3.095362    34.0691    27.1472 0.0000e+00
       2200    233.175     2.9417   3.095411    34.0692    27.1473 0.0000e+00
       2201    233.253     2.9420   3.095427    34.0690    27.1471 0.0000e+00
       2202    233.300     2.9421   3.095428    34.0689    27.1470 0.0000e+00
       2203    233.327     2.9423   3.095430    34.0687    27.1468 0.0000e+00
       2204    233.329     2.9424   3.095425    34.0686    27.1467 0.0000e+00
       2205    233.308     2.9421   3.095392    34.0685    27.1467 0.0000e+00
       2206    233.280     2.9418   3.095348    34.0683    27.1465 0.0000e+00
       2207    233.258     2.9417   3.095331    34.0682    27.1465 0.0000e+00
       2208    233.238     2.9417   3.095320    34.0681    27.1464 0.0000e+00
       2209    233.201     2.9415   3.095303    34.0681    27.1464 0.0000e+00
       2210    233.136     2.9413   3.095303    34.0683    27.1466 0.0000e+00
       2211    233.061     2.9413   3.095313    34.0685    27.1467 0.0000e+00
       2212    233.002     2.9413   3.095318    34.0686    27.1468 0.0000e+00
       2213    232.962     2.9415   3.095338    34.0686    27.1468 0.0000e+00
       2214    232.926     2.9419   3.095370    34.0686    27.1468 0.0000e+00
       2215    232.876     2.9420   3.095380    34.0687    27.1468 0.0000e+00
       2216    232.797     2.9419   3.095371    34.0687    27.1469 0.0000e+00
       2217    232.701     2.9417   3.095357    34.0688    27.1470 0.0000e+00
       2218    232.616     2.9417   3.095344    34.0687    27.1469 0.0000e+00
       2219    232.561     2.9417   3.095340    34.0687    27.1469 0.0000e+00
       2220    232.523     2.9417   3.095341    34.0687    27.1469 0.0000e+00
       2221    232.478     2.9417   3.095339    34.0687    27.1469 0.0000e+00
       2222    232.415     2.9417   3.095334    34.0687    27.1469 0.0000e+00
       2223    232.340     2.9417   3.095331    34.0687    27.1469 0.0000e+00
       2224    232.266     2.9417   3.095320    34.0686    27.1468 0.0000e+00
       2225    232.205     2.9417   3.095305    34.0684    27.1467 0.0000e+00
       2226    232.154     2.9416   3.095289    34.0684    27.1466 0.0000e+00
       2227    232.097     2.9414   3.095285    34.0686    27.1468 0.0000e+00
       2228    232.022     2.9415   3.095301    34.0687    27.1469 0.0000e+00
       2229    231.935     2.9417   3.095311    34.0687    27.1468 0.0000e+00
       2230    231.850     2.9417   3.095310    34.0687    27.1469 0.0000e+00
       2231    231.768     2.9417   3.095301    34.0686    27.1468 0.0000e+00
       2232    231.680     2.9416   3.095283    34.0686    27.1468 0.0000e+00
       2233    231.589     2.9414   3.095271    34.0687    27.1469 0.0000e+00
       2234    231.513     2.9414   3.095264    34.0686    27.1469 0.0000e+00
       2235    231.456     2.9413   3.095238    34.0685    27.1467 0.0000e+00
       2236    231.411     2.9409   3.095141    34.0677    27.1462 0.0000e+00
       2237    231.359     2.9397   3.094924    34.0664    27.1452 0.0000e+00
       2238    231.280     2.9381   3.094702    34.0654    27.1446 0.0000e+00
       2239    231.176     2.9370   3.094608    34.0655    27.1447 0.0000e+00
       2240    231.076     2.9367   3.094614    34.0659    27.1451 0.0000e+00
       2241    231.005     2.9368   3.094655    34.0664    27.1454 0.0000e+00
       2242    230.966     2.9371   3.094705    34.0667    27.1457 0.0000e+00
       2243    230.938     2.9377   3.094802    34.0672    27.1461 0.0000e+00
       2244    230.895     2.9385   3.094921    34.0679    27.1465 0.0000e+00
       2245    230.833     2.9391   3.094980    34.0680    27.1465 0.0000e+00
       2246    230.769     2.9394   3.094977    34.0677    27.1463 0.0000e+00
       2247    230.719     2.9393   3.094943    34.0674    27.1460 0.0000e+00
       2248    230.681     2.9390   3.094897    34.0672    27.1459 0.0000e+00
       2249    230.644     2.9387   3.094855    34.0670    27.1458 0.0000e+00
       2250    230.594     2.9386   3.094833    34.0668    27.1457 0.0000e+00
       2251    230.520     2.9385   3.094831    34.0670    27.1458 0.0000e+00
       2252    230.441     2.9385   3.094836    34.0671    27.1459 0.0000e+00
       2253    230.391     2.9385   3.094842    34.0672    27.1459 0.0000e+00
       2254    230.376     2.9385   3.094846    34.0672    27.1460 0.0000e+00
       2255    230.370     2.9385   3.094836    34.0671    27.1459 0.0000e+00
       2256    230.344     2.9383   3.094798    34.0669    27.1457 0.0000e+00
