Datasets/Multi_Species/TEL214/tel214_2020_019.cnv
* Sea-Bird SBE19plus Data File:
* Filename = C:/AQUIRE/tel214_2020_019.hex
* Software Version AquireV2 AF V2.0
* Temperature SN =  7853
* Conductivity SN =  7853
* System UpLoad Time = Nov 11 2020 17:51:07
* <ApplicationData>
* <AQUIREV2>
** VESSEL/TRIP/SEQ STN: tel214_2020_019
** LATITUDE: 54 29.98 N
** LONGITUDE: 53 41.33 W
** DATE/TIME: 2020-11-11 16:51
** SOUNDING DEPTH (M): 0257
** PROBE TYPE: S7853
** CTD NUMBER: 019
** COMMENTS: 
# nquan = 7                                 
# nvalues = 3403                        
# units = specified
# name 0 = scan: Scan Count
# name 1 = prdM: Pressure, Strain Gauge [db]
# name 2 = tv290C: Temperature [ITS-90, deg C]
# name 3 = c0S/m: Conductivity [S/m]
# name 4 = sal00: Salinity, Practical [PSU]
# name 5 = sigma-t00: Density [sigma-t, kg/m^3 ]
# name 6 = flag: flag
# span 0 =          1,       3403       
# span 1 =     -1.105,    253.778       
# span 2 =     0.3863,     3.5419       
# span 3 =   0.000015,   3.167856       
# span 4 =    -0.0016,    34.3573       
# span 5 =    -0.1325,    27.3415       
# span 6 = 0.0000e+00, 0.0000e+00       
# interval = seconds: 1
# start_time = Nov 11 2020 16:51:29 [Instrument's time stamp, header]
# bad_flag = -9.990e-29
*END*
[from data line 2667]
       2668     -1.088     0.9839   0.000119    -0.0005    -0.0993 0.0000e+00
       2669     -1.086     0.9840   0.000118    -0.0005    -0.0993 0.0000e+00
       2670     -1.086     0.9842   0.000117    -0.0005    -0.0992 0.0000e+00
       2671     -1.089     0.9844   0.000116    -0.0005    -0.0992 0.0000e+00
       2672     -1.092     0.9846   0.000116    -0.0005    -0.0992 0.0000e+00
       2673     -1.092     0.9847   0.000117    -0.0005    -0.0992 0.0000e+00
       2674     -1.087     0.9849   0.000118    -0.0005    -0.0992 0.0000e+00
       2675     -1.083     0.9850   0.000118    -0.0005    -0.0992 0.0000e+00
       2676     -1.081     0.9852   0.000118    -0.0005    -0.0992 0.0000e+00
       2677     -1.081     0.9854   0.000119    -0.0005    -0.0992 0.0000e+00
       2678     -1.082     0.9856   0.000119    -0.0005    -0.0992 0.0000e+00
       2679     -1.084     0.9858   0.000118    -0.0005    -0.0992 0.0000e+00
       2680     -1.085     0.9859   0.000118    -0.0005    -0.0992 0.0000e+00
       2681     -1.085     0.9861   0.000119    -0.0005    -0.0991 0.0000e+00
       2682     -1.085     0.9864   0.000119    -0.0005    -0.0991 0.0000e+00
       2683     -1.086     0.9866   0.000118    -0.0005    -0.0991 0.0000e+00
       2684     -1.085     0.9867   0.000118    -0.0005    -0.0991 0.0000e+00
       2685     -1.083     0.9869   0.000119    -0.0005    -0.0991 0.0000e+00
       2686     -1.083     0.9870   0.000119    -0.0005    -0.0991 0.0000e+00
       2687     -1.085     0.9872   0.000119    -0.0005    -0.0991 0.0000e+00
       2688     -1.088     0.9874   0.000118    -0.0005    -0.0991 0.0000e+00
       2689     -1.088     0.9877   0.000117    -0.0005    -0.0991 0.0000e+00
       2690     -1.087     0.9879   0.000117    -0.0005    -0.0991 0.0000e+00
       2691     -1.087     0.9880   0.000118    -0.0005    -0.0991 0.0000e+00
       2692     -1.088     0.9882   0.000119    -0.0005    -0.0990 0.0000e+00
       2693     -1.089     0.9884   0.000119    -0.0005    -0.0990 0.0000e+00
       2694     -1.089     0.9886   0.000118    -0.0005    -0.0990 0.0000e+00
       2695     -1.087     0.9888   0.000118    -0.0005    -0.0990 0.0000e+00
       2696     -1.087     0.9890   0.000118    -0.0005    -0.0990 0.0000e+00
       2697     -1.090     0.9891   0.000118    -0.0005    -0.0990 0.0000e+00
       2698     -1.092     0.9893   0.000118    -0.0005    -0.0990 0.0000e+00
       2699     -1.093     0.9895   0.000118    -0.0005    -0.0990 0.0000e+00
       2700     -1.093     0.9898   0.000119    -0.0005    -0.0990 0.0000e+00
       2701     -1.093     0.9900   0.000120    -0.0005    -0.0990 0.0000e+00
       2702     -1.093     0.9901   0.000119    -0.0005    -0.0989 0.0000e+00
       2703     -1.093     0.9903   0.000119    -0.0005    -0.0989 0.0000e+00
       2704     -1.092     0.9905   0.000119    -0.0005    -0.0989 0.0000e+00
       2705     -1.089     0.9907   0.000118    -0.0005    -0.0989 0.0000e+00
       2706     -1.086     0.9909   0.000117    -0.0005    -0.0989 0.0000e+00
       2707     -1.084     0.9910   0.000116    -0.0005    -0.0989 0.0000e+00
       2708     -1.086     0.9912   0.000116    -0.0005    -0.0989 0.0000e+00
       2709     -1.090     0.9913   0.000117    -0.0005    -0.0989 0.0000e+00
       2710     -1.092     0.9915   0.000118    -0.0005    -0.0989 0.0000e+00
       2711     -1.092     0.9918   0.000118    -0.0005    -0.0989 0.0000e+00
       2712     -1.090     0.9920   0.000117    -0.0005    -0.0989 0.0000e+00
       2713     -1.089     0.9921   0.000117    -0.0005    -0.0988 0.0000e+00
       2714     -1.090     0.9923   0.000118    -0.0005    -0.0988 0.0000e+00
       2715     -1.092     0.9925   0.000118    -0.0005    -0.0988 0.0000e+00
       2716     -1.092     0.9927   0.000118    -0.0005    -0.0988 0.0000e+00
       2717     -1.090     0.9929   0.000118    -0.0005    -0.0988 0.0000e+00
       2718     -1.088     0.9930   0.000118    -0.0005    -0.0988 0.0000e+00
       2719     -1.088     0.9932   0.000117    -0.0005    -0.0988 0.0000e+00
       2720     -1.088     0.9934   0.000116    -0.0005    -0.0988 0.0000e+00
       2721     -1.087     0.9937   0.000117    -0.0005    -0.0988 0.0000e+00
       2722     -1.086     0.9939   0.000117    -0.0005    -0.0988 0.0000e+00
       2723     -1.084     0.9940   0.000116    -0.0005    -0.0988 0.0000e+00
       2724     -1.084     0.9941   0.000116    -0.0005    -0.0987 0.0000e+00
       2725     -1.085     0.9943   0.000117    -0.0005    -0.0987 0.0000e+00
       2726     -1.087     0.9945   0.000118    -0.0005    -0.0987 0.0000e+00
       2727     -1.088     0.9947   0.000118    -0.0005    -0.0987 0.0000e+00
       2728     -1.090     0.9949   0.000117    -0.0005    -0.0987 0.0000e+00
       2729     -1.090     0.9950   0.000117    -0.0005    -0.0987 0.0000e+00
       2730     -1.087     0.9951   0.000118    -0.0005    -0.0987 0.0000e+00
       2731     -1.087     0.9953   0.000117    -0.0005    -0.0987 0.0000e+00
       2732     -1.090     0.9955   0.000116    -0.0005    -0.0987 0.0000e+00
       2733     -1.092     0.9957   0.000117    -0.0005    -0.0987 0.0000e+00
       2734     -1.092     0.9959   0.000118    -0.0005    -0.0987 0.0000e+00
       2735     -1.090     0.9960   0.000118    -0.0005    -0.0987 0.0000e+00
       2736     -1.087     0.9961   0.000118    -0.0005    -0.0986 0.0000e+00
       2737     -1.085     0.9963   0.000118    -0.0005    -0.0986 0.0000e+00
       2738     -1.086     0.9965   0.000118    -0.0005    -0.0986 0.0000e+00
       2739     -1.088     0.9967   0.000118    -0.0005    -0.0986 0.0000e+00
       2740     -1.088     0.9969   0.000118    -0.0005    -0.0986 0.0000e+00
       2741     -1.088     0.9970   0.000118    -0.0005    -0.0986 0.0000e+00
       2742     -1.089     0.9970   0.000117    -0.0005    -0.0986 0.0000e+00
       2743     -1.090     0.9972   0.000117    -0.0005    -0.0986 0.0000e+00
       2744     -1.090     0.9974   0.000118    -0.0005    -0.0986 0.0000e+00
       2745     -1.087     0.9976   0.000118    -0.0005    -0.0986 0.0000e+00
       2746     -1.087     0.9978   0.000118    -0.0005    -0.0986 0.0000e+00
       2747     -1.090     0.9979   0.000118    -0.0005    -0.0986 0.0000e+00
       2748     -1.090     0.9980   0.000117    -0.0005    -0.0986 0.0000e+00
       2749     -1.087     0.9982   0.000118    -0.0005    -0.0985 0.0000e+00
       2750     -1.085     0.9984   0.000118    -0.0005    -0.0985 0.0000e+00
       2751     -1.087     0.9986   0.000119    -0.0005    -0.0985 0.0000e+00
       2752     -1.090     0.9988   0.000118    -0.0005    -0.0985 0.0000e+00
       2753     -1.090     0.9989   0.000117    -0.0005    -0.0985 0.0000e+00
       2754     -1.087     0.9990   0.000115    -0.0005    -0.0985 0.0000e+00
       2755     -1.085     0.9990   0.000116    -0.0005    -0.0985 0.0000e+00
       2756     -1.086     0.9991   0.000117    -0.0005    -0.0985 0.0000e+00
       2757     -1.087     0.9992   0.000117    -0.0005    -0.0985 0.0000e+00
       2758     -1.087     0.9994   0.000117    -0.0005    -0.0985 0.0000e+00
       2759     -1.087     0.9997   0.000117    -0.0005    -0.0985 0.0000e+00
       2760     -1.088     0.9999   0.000118    -0.0005    -0.0985 0.0000e+00
       2761     -1.088     1.0000   0.000117    -0.0005    -0.0984 0.0000e+00
       2762     -1.087     1.0001   0.000117    -0.0005    -0.0984 0.0000e+00
       2763     -1.086     1.0002   0.000118    -0.0005    -0.0984 0.0000e+00
       2764     -1.085     1.0003   0.000118    -0.0005    -0.0984 0.0000e+00
       2765     -1.085     1.0004   0.000118    -0.0005    -0.0984 0.0000e+00
       2766     -1.087     1.0006   0.000119    -0.0005    -0.0984 0.0000e+00
       2767     -1.090     1.0008   0.000119    -0.0005    -0.0984 0.0000e+00
       2768     -1.090     1.0009   0.000118    -0.0005    -0.0984 0.0000e+00
       2769     -1.087     1.0011   0.000116    -0.0005    -0.0984 0.0000e+00
       2770     -1.086     1.0013   0.000115    -0.0005    -0.0984 0.0000e+00
       2771     -1.087     1.0014   0.000116    -0.0005    -0.0984 0.0000e+00
       2772     -1.089     1.0015   0.000117    -0.0005    -0.0984 0.0000e+00
       2773     -1.089     1.0016   0.000118    -0.0005    -0.0984 0.0000e+00
       2774     -1.088     1.0017   0.000118    -0.0005    -0.0984 0.0000e+00
       2775     -1.087     1.0019   0.000118    -0.0005    -0.0984 0.0000e+00
       2776     -1.086     1.0019   0.000119    -0.0005    -0.0984 0.0000e+00
       2777     -1.087     1.0021   0.000119    -0.0005    -0.0983 0.0000e+00
       2778     -1.089     1.0023   0.000118    -0.0005    -0.0983 0.0000e+00
       2779     -1.090     1.0024   0.000117    -0.0005    -0.0983 0.0000e+00
       2780     -1.091     1.0025   0.000117    -0.0005    -0.0983 0.0000e+00
       2781     -1.090     1.0027   0.000118    -0.0005    -0.0983 0.0000e+00
       2782     -1.088     1.0028   0.000117    -0.0005    -0.0983 0.0000e+00
       2783     -1.088     1.0029   0.000116    -0.0005    -0.0983 0.0000e+00
       2784     -1.091     1.0031   0.000116    -0.0005    -0.0983 0.0000e+00
       2785     -1.091     1.0033   0.000117    -0.0005    -0.0983 0.0000e+00
       2786     -1.090     1.0034   0.000118    -0.0005    -0.0983 0.0000e+00
       2787     -1.089     1.0036   0.000118    -0.0005    -0.0983 0.0000e+00
       2788     -1.088     1.0038   0.000118    -0.0005    -0.0983 0.0000e+00
       2789     -1.087     1.0039   0.000117    -0.0005    -0.0983 0.0000e+00
       2790     -1.088     1.0040   0.000117    -0.0005    -0.0982 0.0000e+00
       2791     -1.087     1.0042   0.000118    -0.0005    -0.0982 0.0000e+00
       2792     -1.086     1.0043   0.000119    -0.0005    -0.0982 0.0000e+00
       2793     -1.087     1.0044   0.000118    -0.0005    -0.0982 0.0000e+00
       2794     -1.088     1.0046   0.000116    -0.0005    -0.0982 0.0000e+00
       2795     -1.087     1.0047   0.000115    -0.0005    -0.0982 0.0000e+00
       2796     -1.085     1.0049   0.000115    -0.0005    -0.0982 0.0000e+00
       2797     -1.084     1.0051   0.000116    -0.0005    -0.0982 0.0000e+00
       2798     -1.084     1.0053   0.000118    -0.0005    -0.0982 0.0000e+00
       2799     -1.083     1.0055   0.000120    -0.0005    -0.0982 0.0000e+00
       2800     -1.082     1.0055   0.000118    -0.0005    -0.0982 0.0000e+00
       2801     -1.083     1.0057   0.000117    -0.0005    -0.0982 0.0000e+00
       2802     -1.085     1.0059   0.000117    -0.0005    -0.0982 0.0000e+00
       2803     -1.086     1.0060   0.000117    -0.0005    -0.0981 0.0000e+00
       2804     -1.085     1.0061   0.000117    -0.0005    -0.0981 0.0000e+00
       2805     -1.085     1.0063   0.000117    -0.0005    -0.0981 0.0000e+00
       2806     -1.087     1.0065   0.000118    -0.0005    -0.0981 0.0000e+00
       2807     -1.088     1.0067   0.000119    -0.0005    -0.0981 0.0000e+00
       2808     -1.087     1.0069   0.000119    -0.0005    -0.0981 0.0000e+00
       2809     -1.085     1.0070   0.000118    -0.0005    -0.0981 0.0000e+00
       2810     -1.085     1.0072   0.000119    -0.0005    -0.0981 0.0000e+00
       2811     -1.085     1.0074   0.000119    -0.0005    -0.0981 0.0000e+00
       2812     -1.088     1.0075   0.000119    -0.0005    -0.0981 0.0000e+00
       2813     -1.091     1.0076   0.000118    -0.0005    -0.0981 0.0000e+00
       2814     -1.093     1.0078   0.000119    -0.0005    -0.0981 0.0000e+00
       2815     -1.091     1.0080   0.000120    -0.0004    -0.0981 0.0000e+00
       2816     -1.088     1.0082   0.000120    -0.0004    -0.0980 0.0000e+00
       2817     -1.086     1.0084   0.000119    -0.0005    -0.0980 0.0000e+00
       2818     -1.085     1.0086   0.000119    -0.0005    -0.0980 0.0000e+00
       2819     -1.085     1.0088   0.000118    -0.0005    -0.0980 0.0000e+00
       2820     -1.085     1.0090   0.000118    -0.0005    -0.0980 0.0000e+00
       2821     -1.086     1.0092   0.000120    -0.0004    -0.0980 0.0000e+00
       2822     -1.087     1.0094   0.000121    -0.0004    -0.0980 0.0000e+00
       2823     -1.088     1.0095   0.000120    -0.0004    -0.0980 0.0000e+00
       2824     -1.087     1.0097   0.000119    -0.0005    -0.0980 0.0000e+00
       2825     -1.085     1.0098   0.000120    -0.0004    -0.0980 0.0000e+00
       2826     -1.085     1.0101   0.000120    -0.0004    -0.0979 0.0000e+00
       2827     -1.086     1.0103   0.000120    -0.0004    -0.0979 0.0000e+00
       2828     -1.088     1.0104   0.000119    -0.0005    -0.0979 0.0000e+00
       2829     -1.089     1.0106   0.000119    -0.0005    -0.0979 0.0000e+00
       2830     -1.088     1.0108   0.000118    -0.0005    -0.0979 0.0000e+00
       2831     -1.088     1.0110   0.000118    -0.0005    -0.0979 0.0000e+00
       2832     -1.089     1.0112   0.000120    -0.0004    -0.0979 0.0000e+00
       2833     -1.087     1.0114   0.000121    -0.0004    -0.0979 0.0000e+00
       2834     -1.085     1.0116   0.000120    -0.0004    -0.0979 0.0000e+00
       2835     -1.083     1.0118   0.000121    -0.0004    -0.0979 0.0000e+00
       2836     -1.082     1.0120   0.000121    -0.0004    -0.0979 0.0000e+00
       2837     -1.085     1.0122   0.000120    -0.0004    -0.0978 0.0000e+00
       2838     -1.088     1.0124   0.000120    -0.0004    -0.0978 0.0000e+00
       2839     -1.087     1.0126   0.000120    -0.0004    -0.0978 0.0000e+00
       2840     -1.087     1.0128   0.000120    -0.0004    -0.0978 0.0000e+00
       2841     -1.089     1.0130   0.000119    -0.0005    -0.0978 0.0000e+00
       2842     -1.092     1.0133   0.000120    -0.0004    -0.0978 0.0000e+00
       2843     -1.094     1.0135   0.000122    -0.0004    -0.0978 0.0000e+00
       2844     -1.093     1.0137   0.000122    -0.0004    -0.0978 0.0000e+00
       2845     -1.092     1.0139   0.000121    -0.0004    -0.0978 0.0000e+00
       2846     -1.093     1.0141   0.000121    -0.0004    -0.0977 0.0000e+00
       2847     -1.094     1.0143   0.000121    -0.0004    -0.0977 0.0000e+00
       2848     -1.093     1.0145   0.000121    -0.0004    -0.0977 0.0000e+00
       2849     -1.091     1.0147   0.000122    -0.0004    -0.0977 0.0000e+00
       2850     -1.090     1.0149   0.000122    -0.0004    -0.0977 0.0000e+00
       2851     -1.088     1.0151   0.000120    -0.0004    -0.0977 0.0000e+00
       2852     -1.087     1.0153   0.000119    -0.0005    -0.0977 0.0000e+00
       2853     -1.088     1.0155   0.000119    -0.0005    -0.0977 0.0000e+00
       2854     -1.088     1.0157   0.000120    -0.0004    -0.0977 0.0000e+00
       2855     -1.086     1.0159   0.000120    -0.0004    -0.0977 0.0000e+00
       2856     -1.084     1.0161   0.000120    -0.0004    -0.0976 0.0000e+00
       2857     -1.084     1.0163   0.000121    -0.0004    -0.0976 0.0000e+00
       2858     -1.083     1.0166   0.000122    -0.0004    -0.0976 0.0000e+00
       2859     -1.082     1.0168   0.000122    -0.0004    -0.0976 0.0000e+00
       2860     -1.084     1.0170   0.000121    -0.0004    -0.0976 0.0000e+00
       2861     -1.086     1.0172   0.000120    -0.0004    -0.0976 0.0000e+00
       2862     -1.087     1.0174   0.000120    -0.0004    -0.0976 0.0000e+00
       2863     -1.088     1.0176   0.000120    -0.0004    -0.0976 0.0000e+00
       2864     -1.089     1.0178   0.000120    -0.0004    -0.0976 0.0000e+00
       2865     -1.089     1.0181   0.000120    -0.0004    -0.0975 0.0000e+00
       2866     -1.088     1.0183   0.000120    -0.0004    -0.0975 0.0000e+00
       2867     -1.088     1.0185   0.000120    -0.0004    -0.0975 0.0000e+00
       2868     -1.091     1.0188   0.000121    -0.0004    -0.0975 0.0000e+00
       2869     -1.093     1.0190   0.000121    -0.0004    -0.0975 0.0000e+00
       2870     -1.092     1.0193   0.000122    -0.0004    -0.0975 0.0000e+00
       2871     -1.089     1.0195   0.000122    -0.0004    -0.0975 0.0000e+00
