Datasets/Multi_Species/TEL214/tel214_2020_022.cnv
* Sea-Bird SBE19plus Data File:
* Filename = C:/AQUIRE/tel214_2020_022.hex
* Software Version AquireV2 AF V2.0
* Temperature SN =  7853
* Conductivity SN =  7853
* System UpLoad Time = Nov 12 2020 11:26:05
* <ApplicationData>
* <AQUIREV2>
** VESSEL/TRIP/SEQ STN: tel214_2020_022
** LATITUDE: 54 16.13 N
** LONGITUDE: 53 15.80 W
** DATE/TIME: 2020-11-12 02:06
** SOUNDING DEPTH (M): 0427
** PROBE TYPE: S7853
** CTD NUMBER:  22
** COMMENTS: SET 22, TEARUP
# nquan = 7                                 
# nvalues = 5033                        
# units = specified
# name 0 = scan: Scan Count
# name 1 = prdM: Pressure, Strain Gauge [db]
# name 2 = tv290C: Temperature [ITS-90, deg C]
# name 3 = c0S/m: Conductivity [S/m]
# name 4 = sal00: Salinity, Practical [PSU]
# name 5 = sigma-t00: Density [sigma-t, kg/m^3 ]
# name 6 = flag: flag
# span 0 =          1,       5033       
# span 1 =     -1.180,    437.520       
# span 2 =    -0.5538,     4.0883       
# span 3 =   0.000083,   3.263553       
# span 4 =    -0.0016,    34.8038       
# span 5 =    -0.1978,    27.6245       
# span 6 = 0.0000e+00, 0.0000e+00       
# interval = seconds: 1
# start_time = Nov 12 2020 02:06:21 [Instrument's time stamp, header]
# bad_flag = -9.990e-29
*END*
[from data line 4103]
       4104     -1.137     1.9977   0.000101     0.0002    -0.0571 0.0000e+00
       4105     -1.136     1.9972   0.000098     0.0001    -0.0571 0.0000e+00
       4106     -1.136     1.9968   0.000098     0.0001    -0.0571 0.0000e+00
       4107     -1.136     1.9964   0.000099     0.0001    -0.0571 0.0000e+00
       4108     -1.134     1.9960   0.000100     0.0002    -0.0571 0.0000e+00
       4109     -1.134     1.9956   0.000101     0.0002    -0.0571 0.0000e+00
       4110     -1.136     1.9952   0.000101     0.0002    -0.0571 0.0000e+00
       4111     -1.137     1.9948   0.000100     0.0002    -0.0572 0.0000e+00
       4112     -1.135     1.9943   0.000100     0.0002    -0.0572 0.0000e+00
       4113     -1.133     1.9939   0.000099     0.0001    -0.0572 0.0000e+00
       4114     -1.136     1.9935   0.000098     0.0001    -0.0572 0.0000e+00
       4115     -1.139     1.9929   0.000098     0.0001    -0.0572 0.0000e+00
       4116     -1.141     1.9924   0.000097     0.0001    -0.0572 0.0000e+00
       4117     -1.143     1.9918   0.000095     0.0001    -0.0573 0.0000e+00
       4118     -1.144     1.9914   0.000095     0.0001    -0.0573 0.0000e+00
       4119     -1.142     1.9908   0.000095     0.0001    -0.0573 0.0000e+00
       4120     -1.138     1.9903   0.000095     0.0001    -0.0573 0.0000e+00
       4121     -1.136     1.9898   0.000095     0.0001    -0.0573 0.0000e+00
       4122     -1.136     1.9893   0.000096     0.0001    -0.0574 0.0000e+00
       4123     -1.136     1.9888   0.000097     0.0001    -0.0574 0.0000e+00
       4124     -1.139     1.9882   0.000097     0.0001    -0.0574 0.0000e+00
       4125     -1.143     1.9876   0.000096     0.0001    -0.0574 0.0000e+00
       4126     -1.145     1.9871   0.000096     0.0001    -0.0574 0.0000e+00
       4127     -1.146     1.9865   0.000094     0.0001    -0.0575 0.0000e+00
       4128     -1.147     1.9859   0.000093     0.0001    -0.0575 0.0000e+00
       4129     -1.146     1.9853   0.000094     0.0001    -0.0575 0.0000e+00
       4130     -1.142     1.9847   0.000095     0.0001    -0.0575 0.0000e+00
       4131     -1.140     1.9842   0.000095     0.0001    -0.0575 0.0000e+00
       4132     -1.140     1.9836   0.000094     0.0001    -0.0576 0.0000e+00
       4133     -1.141     1.9830   0.000093     0.0001    -0.0576 0.0000e+00
       4134     -1.143     1.9824   0.000093     0.0001    -0.0576 0.0000e+00
       4135     -1.144     1.9817   0.000095     0.0001    -0.0576 0.0000e+00
       4136     -1.143     1.9812   0.000095     0.0001    -0.0576 0.0000e+00
       4137     -1.142     1.9806   0.000093     0.0001    -0.0577 0.0000e+00
       4138     -1.143     1.9799   0.000092     0.0001    -0.0577 0.0000e+00
       4139     -1.145     1.9793   0.000093     0.0001    -0.0577 0.0000e+00
       4140     -1.145     1.9787   0.000092     0.0001    -0.0577 0.0000e+00
       4141     -1.144     1.9781   0.000091     0.0001    -0.0578 0.0000e+00
       4142     -1.142     1.9775   0.000090     0.0001    -0.0578 0.0000e+00
       4143     -1.141     1.9769   0.000091     0.0001    -0.0578 0.0000e+00
       4144     -1.139     1.9762   0.000091     0.0001    -0.0578 0.0000e+00
       4145     -1.138     1.9756   0.000092     0.0001    -0.0578 0.0000e+00
       4146     -1.140     1.9750   0.000094     0.0001    -0.0578 0.0000e+00
       4147     -1.144     1.9743   0.000093     0.0001    -0.0579 0.0000e+00
       4148     -1.149     1.9736   0.000092     0.0001    -0.0579 0.0000e+00
       4149     -1.153     1.9730   0.000093     0.0001    -0.0579 0.0000e+00
       4150     -1.155     1.9724   0.000093     0.0001    -0.0579 0.0000e+00
       4151     -1.155     1.9717   0.000092     0.0001    -0.0580 0.0000e+00
       4152     -1.153     1.9711   0.000093     0.0001    -0.0580 0.0000e+00
       4153     -1.150     1.9705   0.000093     0.0001    -0.0580 0.0000e+00
       4154     -1.148     1.9698   0.000092     0.0001    -0.0580 0.0000e+00
       4155     -1.146     1.9692   0.000093     0.0001    -0.0580 0.0000e+00
       4156     -1.145     1.9686   0.000093     0.0001    -0.0581 0.0000e+00
       4157     -1.145     1.9679   0.000091     0.0001    -0.0581 0.0000e+00
       4158     -1.142     1.9672   0.000091     0.0001    -0.0581 0.0000e+00
       4159     -1.141     1.9666   0.000093     0.0001    -0.0581 0.0000e+00
       4160     -1.144     1.9659   0.000093     0.0001    -0.0582 0.0000e+00
       4161     -1.145     1.9653   0.000093     0.0001    -0.0582 0.0000e+00
       4162     -1.144     1.9647   0.000093     0.0001    -0.0582 0.0000e+00
       4163     -1.143     1.9640   0.000092     0.0001    -0.0582 0.0000e+00
       4164     -1.143     1.9634   0.000093     0.0001    -0.0582 0.0000e+00
       4165     -1.145     1.9628   0.000093     0.0001    -0.0583 0.0000e+00
       4166     -1.147     1.9621   0.000091     0.0001    -0.0583 0.0000e+00
       4167     -1.145     1.9614   0.000090     0.0001    -0.0583 0.0000e+00
       4168     -1.141     1.9608   0.000090     0.0001    -0.0583 0.0000e+00
       4169     -1.139     1.9602   0.000090     0.0001    -0.0584 0.0000e+00
       4170     -1.140     1.9596   0.000090     0.0001    -0.0584 0.0000e+00
       4171     -1.143     1.9590   0.000091     0.0001    -0.0584 0.0000e+00
       4172     -1.145     1.9583   0.000093     0.0001    -0.0584 0.0000e+00
       4173     -1.143     1.9575   0.000092     0.0001    -0.0585 0.0000e+00
       4174     -1.141     1.9569   0.000092     0.0001    -0.0585 0.0000e+00
       4175     -1.141     1.9562   0.000092     0.0001    -0.0585 0.0000e+00
       4176     -1.144     1.9556   0.000092     0.0001    -0.0585 0.0000e+00
       4177     -1.146     1.9550   0.000092     0.0001    -0.0585 0.0000e+00
       4178     -1.147     1.9544   0.000092     0.0001    -0.0586 0.0000e+00
       4179     -1.147     1.9537   0.000091     0.0001    -0.0586 0.0000e+00
       4180     -1.146     1.9531   0.000090     0.0001    -0.0586 0.0000e+00
       4181     -1.144     1.9525   0.000090     0.0001    -0.0586 0.0000e+00
       4182     -1.143     1.9518   0.000090     0.0001    -0.0587 0.0000e+00
       4183     -1.144     1.9512   0.000090     0.0001    -0.0587 0.0000e+00
       4184     -1.145     1.9506   0.000091     0.0001    -0.0587 0.0000e+00
       4185     -1.144     1.9499   0.000092     0.0001    -0.0587 0.0000e+00
       4186     -1.142     1.9493   0.000092     0.0001    -0.0587 0.0000e+00
       4187     -1.142     1.9487   0.000093     0.0001    -0.0587 0.0000e+00
       4188     -1.143     1.9480   0.000093     0.0001    -0.0588 0.0000e+00
       4189     -1.144     1.9472   0.000090     0.0001    -0.0588 0.0000e+00
       4190     -1.145     1.9466   0.000090     0.0001    -0.0588 0.0000e+00
       4191     -1.143     1.9459   0.000092     0.0001    -0.0588 0.0000e+00
       4192     -1.140     1.9453   0.000092     0.0001    -0.0589 0.0000e+00
       4193     -1.139     1.9447   0.000093     0.0001    -0.0589 0.0000e+00
       4194     -1.141     1.9440   0.000090     0.0001    -0.0589 0.0000e+00
       4195     -1.143     1.9433   0.000089     0.0000    -0.0590 0.0000e+00
       4196     -1.143     1.9427   0.000089     0.0000    -0.0590 0.0000e+00
       4197     -1.141     1.9421   0.000091     0.0001    -0.0590 0.0000e+00
       4198     -1.141     1.9413   0.000092     0.0001    -0.0590 0.0000e+00
       4199     -1.144     1.9406   0.000092     0.0001    -0.0590 0.0000e+00
       4200     -1.146     1.9398   0.000091     0.0001    -0.0591 0.0000e+00
       4201     -1.147     1.9392   0.000091     0.0001    -0.0591 0.0000e+00
       4202     -1.147     1.9386   0.000090     0.0001    -0.0591 0.0000e+00
       4203     -1.145     1.9379   0.000090     0.0001    -0.0591 0.0000e+00
       4204     -1.144     1.9372   0.000092     0.0001    -0.0591 0.0000e+00
       4205     -1.145     1.9366   0.000092     0.0001    -0.0592 0.0000e+00
       4206     -1.146     1.9358   0.000092     0.0001    -0.0592 0.0000e+00
       4207     -1.144     1.9352   0.000092     0.0001    -0.0592 0.0000e+00
       4208     -1.141     1.9346   0.000092     0.0001    -0.0592 0.0000e+00
       4209     -1.139     1.9339   0.000091     0.0001    -0.0593 0.0000e+00
       4210     -1.141     1.9331   0.000092     0.0001    -0.0593 0.0000e+00
       4211     -1.145     1.9325   0.000093     0.0001    -0.0593 0.0000e+00
       4212     -1.147     1.9318   0.000093     0.0001    -0.0593 0.0000e+00
       4213     -1.148     1.9311   0.000092     0.0001    -0.0594 0.0000e+00
       4214     -1.148     1.9305   0.000091     0.0001    -0.0594 0.0000e+00
       4215     -1.147     1.9297   0.000090     0.0000    -0.0594 0.0000e+00
       4216     -1.145     1.9291   0.000091     0.0001    -0.0594 0.0000e+00
       4217     -1.144     1.9285   0.000091     0.0001    -0.0595 0.0000e+00
       4218     -1.144     1.9278   0.000091     0.0001    -0.0595 0.0000e+00
       4219     -1.144     1.9272   0.000090     0.0000    -0.0595 0.0000e+00
       4220     -1.141     1.9266   0.000090     0.0000    -0.0595 0.0000e+00
       4221     -1.141     1.9259   0.000092     0.0001    -0.0595 0.0000e+00
       4222     -1.144     1.9251   0.000092     0.0001    -0.0596 0.0000e+00
       4223     -1.146     1.9245   0.000092     0.0001    -0.0596 0.0000e+00
       4224     -1.145     1.9238   0.000092     0.0001    -0.0596 0.0000e+00
       4225     -1.144     1.9231   0.000091     0.0000    -0.0596 0.0000e+00
       4226     -1.145     1.9225   0.000091     0.0000    -0.0597 0.0000e+00
       4227     -1.146     1.9218   0.000091     0.0000    -0.0597 0.0000e+00
       4228     -1.145     1.9211   0.000092     0.0001    -0.0597 0.0000e+00
       4229     -1.144     1.9205   0.000092     0.0001    -0.0597 0.0000e+00
       4230     -1.144     1.9198   0.000092     0.0001    -0.0597 0.0000e+00
       4231     -1.144     1.9192   0.000091     0.0000    -0.0598 0.0000e+00
       4232     -1.141     1.9186   0.000091     0.0000    -0.0598 0.0000e+00
       4233     -1.139     1.9179   0.000091     0.0000    -0.0598 0.0000e+00
       4234     -1.138     1.9173   0.000092     0.0000    -0.0598 0.0000e+00
       4235     -1.138     1.9166   0.000092     0.0000    -0.0599 0.0000e+00
       4236     -1.138     1.9160   0.000090     0.0000    -0.0599 0.0000e+00
       4237     -1.139     1.9152   0.000090     0.0000    -0.0599 0.0000e+00
       4238     -1.141     1.9146   0.000091     0.0000    -0.0599 0.0000e+00
       4239     -1.144     1.9139   0.000090     0.0000    -0.0600 0.0000e+00
       4240     -1.145     1.9133   0.000090     0.0000    -0.0600 0.0000e+00
       4241     -1.144     1.9127   0.000092     0.0000    -0.0600 0.0000e+00
       4242     -1.145     1.9121   0.000093     0.0001    -0.0600 0.0000e+00
       4243     -1.145     1.9114   0.000092     0.0000    -0.0600 0.0000e+00
       4244     -1.144     1.9108   0.000093     0.0001    -0.0601 0.0000e+00
       4245     -1.143     1.9102   0.000093     0.0000    -0.0601 0.0000e+00
       4246     -1.141     1.9095   0.000093     0.0000    -0.0601 0.0000e+00
       4247     -1.140     1.9087   0.000091     0.0000    -0.0601 0.0000e+00
       4248     -1.142     1.9081   0.000091     0.0000    -0.0602 0.0000e+00
       4249     -1.145     1.9074   0.000091     0.0000    -0.0602 0.0000e+00
       4250     -1.147     1.9067   0.000092     0.0000    -0.0602 0.0000e+00
       4251     -1.146     1.9061   0.000092     0.0000    -0.0602 0.0000e+00
       4252     -1.146     1.9053   0.000092     0.0000    -0.0603 0.0000e+00
       4253     -1.149     1.9046   0.000091     0.0000    -0.0603 0.0000e+00
       4254     -1.151     1.9040   0.000091     0.0000    -0.0603 0.0000e+00
       4255     -1.150     1.9033   0.000091     0.0000    -0.0603 0.0000e+00
       4256     -1.148     1.9027   0.000092     0.0000    -0.0603 0.0000e+00
       4257     -1.145     1.9021   0.000092     0.0000    -0.0604 0.0000e+00
       4258     -1.142     1.9013   0.000091     0.0000    -0.0604 0.0000e+00
       4259     -1.140     1.9006   0.000092     0.0000    -0.0604 0.0000e+00
       4260     -1.141     1.8998   0.000091     0.0000    -0.0604 0.0000e+00
       4261     -1.142     1.8992   0.000092     0.0000    -0.0605 0.0000e+00
       4262     -1.141     1.8985   0.000092     0.0000    -0.0605 0.0000e+00
       4263     -1.140     1.8977   0.000091     0.0000    -0.0605 0.0000e+00
       4264     -1.140     1.8970   0.000091     0.0000    -0.0605 0.0000e+00
       4265     -1.142     1.8964   0.000091     0.0000    -0.0606 0.0000e+00
       4266     -1.145     1.8956   0.000091     0.0000    -0.0606 0.0000e+00
       4267     -1.147     1.8948   0.000092     0.0000    -0.0606 0.0000e+00
       4268     -1.145     1.8942   0.000093     0.0000    -0.0606 0.0000e+00
       4269     -1.142     1.8935   0.000093     0.0000    -0.0607 0.0000e+00
       4270     -1.140     1.8927   0.000092     0.0000    -0.0607 0.0000e+00
       4271     -1.141     1.8920   0.000091     0.0000    -0.0607 0.0000e+00
       4272     -1.143     1.8912   0.000090     0.0000    -0.0608 0.0000e+00
       4273     -1.144     1.8906   0.000091     0.0000    -0.0608 0.0000e+00
       4274     -1.147     1.8898   0.000091     0.0000    -0.0608 0.0000e+00
       4275     -1.150     1.8891   0.000091     0.0000    -0.0608 0.0000e+00
       4276     -1.152     1.8883   0.000090     0.0000    -0.0609 0.0000e+00
       4277     -1.151     1.8876   0.000090     0.0000    -0.0609 0.0000e+00
       4278     -1.149     1.8868   0.000090     0.0000    -0.0609 0.0000e+00
       4279     -1.147     1.8861   0.000090     0.0000    -0.0609 0.0000e+00
       4280     -1.146     1.8853   0.000089     0.0000    -0.0610 0.0000e+00
       4281     -1.146     1.8846   0.000089     0.0000    -0.0610 0.0000e+00
       4282     -1.146     1.8840   0.000091     0.0000    -0.0610 0.0000e+00
       4283     -1.145     1.8832   0.000092     0.0000    -0.0610 0.0000e+00
       4284     -1.145     1.8825   0.000091     0.0000    -0.0611 0.0000e+00
       4285     -1.145     1.8817   0.000090     0.0000    -0.0611 0.0000e+00
       4286     -1.142     1.8809   0.000090     0.0000    -0.0611 0.0000e+00
       4287     -1.140     1.8802   0.000091     0.0000    -0.0611 0.0000e+00
       4288     -1.140     1.8794   0.000092     0.0000    -0.0612 0.0000e+00
       4289     -1.140     1.8786   0.000091     0.0000    -0.0612 0.0000e+00
       4290     -1.142     1.8779   0.000091     0.0000    -0.0612 0.0000e+00
       4291     -1.144     1.8771   0.000091     0.0000    -0.0612 0.0000e+00
       4292     -1.144     1.8764   0.000090     0.0000    -0.0613 0.0000e+00
       4293     -1.143     1.8756   0.000090     0.0000    -0.0613 0.0000e+00
       4294     -1.142     1.8749   0.000090     0.0000    -0.0613 0.0000e+00
       4295     -1.141     1.8743   0.000090     0.0000    -0.0614 0.0000e+00
       4296     -1.142     1.8735   0.000090     0.0000    -0.0614 0.0000e+00
       4297     -1.143     1.8727   0.000090     0.0000    -0.0614 0.0000e+00
       4298     -1.142     1.8720   0.000091     0.0000    -0.0614 0.0000e+00
       4299     -1.140     1.8712   0.000092     0.0000    -0.0615 0.0000e+00
       4300     -1.139     1.8705   0.000091     0.0000    -0.0615 0.0000e+00
       4301     -1.139     1.8698   0.000089    -0.0000    -0.0615 0.0000e+00
       4302     -1.140     1.8691   0.000090 9.6149e-07    -0.0615 0.0000e+00
       4303     -1.142     1.8683   0.000090 3.6795e-07    -0.0616 0.0000e+00
       4304     -1.143     1.8676   0.000090 -1.514e-07    -0.0616 0.0000e+00
       4305     -1.142     1.8668   0.000091     0.0000    -0.0616 0.0000e+00
       4306     -1.141     1.8661   0.000092     0.0000    -0.0616 0.0000e+00
       4307     -1.143     1.8653   0.000093     0.0000    -0.0617 0.0000e+00
