Datasets/Multi_Species/TEL214/tel214_2020_013.cnv
* Sea-Bird SBE19plus Data File:
* Filename = C:/AQUIRE/tel214_2020_013.hex
* Software Version AquireV2 AF V2.0
* Temperature SN =  7853
* Conductivity SN =  7853
* System UpLoad Time = Nov 10 2020 02:43:05
* <ApplicationData>
* <AQUIREV2>
** VESSEL/TRIP/SEQ STN: tel214_2020_013
** LATITUDE: 54 57.51 N
** LONGITUDE: 54 04.10 W
** DATE/TIME: 2020-11-10 01:17
** SOUNDING DEPTH (M): 0458
** PROBE TYPE: S7853
** CTD NUMBER: 013
** COMMENTS: 
# nquan = 7                                 
# nvalues = 4976                        
# units = specified
# name 0 = scan: Scan Count
# name 1 = prdM: Pressure, Strain Gauge [db]
# name 2 = tv290C: Temperature [ITS-90, deg C]
# name 3 = c0S/m: Conductivity [S/m]
# name 4 = sal00: Salinity, Practical [PSU]
# name 5 = sigma-t00: Density [sigma-t, kg/m^3 ]
# name 6 = flag: flag
# span 0 =          1,       4976       
# span 1 =     -1.123,    454.419       
# span 2 =    -1.6656,     3.9406       
# span 3 =  -0.000266,   3.243802       
# span 4 =    -0.0026,    34.7227       
# span 5 =    -0.2963,    27.5760       
# span 6 = 0.0000e+00, 0.0000e+00       
# interval = seconds: 1
# start_time = Nov 10 2020 01:17:23 [Instrument's time stamp, header]
# bad_flag = -9.990e-29
*END*
[from data line 821]
        822     -1.099    -1.6047   0.000119    -0.0025    -0.2903 0.0000e+00
        823     -1.099    -1.6049   0.000118    -0.0025    -0.2903 0.0000e+00
        824     -1.101    -1.6051   0.000119    -0.0025    -0.2903 0.0000e+00
        825     -1.103    -1.6053   0.000120    -0.0025    -0.2904 0.0000e+00
        826     -1.102    -1.6055   0.000120    -0.0025    -0.2904 0.0000e+00
        827     -1.102    -1.6057   0.000119    -0.0025    -0.2904 0.0000e+00
        828     -1.106    -1.6059   0.000118    -0.0025    -0.2904 0.0000e+00
        829     -1.110    -1.6061   0.000119    -0.0025    -0.2904 0.0000e+00
        830     -1.111    -1.6063   0.000119    -0.0025    -0.2905 0.0000e+00
        831     -1.110    -1.6063   0.000121    -0.0025    -0.2905 0.0000e+00
        832     -1.110    -1.6065   0.000119    -0.0025    -0.2905 0.0000e+00
        833     -1.110    -1.6067   0.000118    -0.0025    -0.2905 0.0000e+00
        834     -1.110    -1.6069   0.000118    -0.0025    -0.2905 0.0000e+00
        835     -1.111    -1.6071   0.000118    -0.0025    -0.2905 0.0000e+00
        836     -1.113    -1.6073   0.000117    -0.0025    -0.2906 0.0000e+00
        837     -1.114    -1.6074   0.000117    -0.0025    -0.2906 0.0000e+00
        838     -1.113    -1.6076   0.000119    -0.0025    -0.2906 0.0000e+00
        839     -1.112    -1.6078   0.000118    -0.0025    -0.2906 0.0000e+00
        840     -1.113    -1.6080   0.000117    -0.0025    -0.2906 0.0000e+00
        841     -1.114    -1.6082   0.000117    -0.0025    -0.2907 0.0000e+00
        842     -1.113    -1.6083   0.000117    -0.0025    -0.2907 0.0000e+00
        843     -1.111    -1.6085   0.000118    -0.0025    -0.2907 0.0000e+00
        844     -1.110    -1.6087   0.000119    -0.0025    -0.2907 0.0000e+00
        845     -1.109    -1.6089   0.000119    -0.0025    -0.2907 0.0000e+00
        846     -1.107    -1.6091   0.000118    -0.0025    -0.2907 0.0000e+00
        847     -1.104    -1.6093   0.000117    -0.0026    -0.2908 0.0000e+00
        848     -1.104    -1.6095   0.000117    -0.0026    -0.2908 0.0000e+00
        849     -1.107    -1.6097   0.000117    -0.0026    -0.2908 0.0000e+00
        850     -1.109    -1.6099   0.000117    -0.0026    -0.2908 0.0000e+00
        851     -1.110    -1.6101   0.000118    -0.0025    -0.2908 0.0000e+00
        852     -1.111    -1.6103   0.000118    -0.0025    -0.2909 0.0000e+00
        853     -1.113    -1.6105   0.000118    -0.0025    -0.2909 0.0000e+00
        854     -1.115    -1.6107   0.000118    -0.0025    -0.2909 0.0000e+00
        855     -1.115    -1.6109   0.000119    -0.0025    -0.2909 0.0000e+00
        856     -1.114    -1.6112   0.000118    -0.0025    -0.2909 0.0000e+00
        857     -1.113    -1.6113   0.000118    -0.0025    -0.2910 0.0000e+00
        858     -1.111    -1.6115   0.000119    -0.0025    -0.2910 0.0000e+00
        859     -1.111    -1.6119   0.000119    -0.0025    -0.2910 0.0000e+00
        860     -1.111    -1.6121   0.000118    -0.0025    -0.2910 0.0000e+00
        861     -1.113    -1.6123   0.000118    -0.0025    -0.2911 0.0000e+00
        862     -1.115    -1.6125   0.000118    -0.0025    -0.2911 0.0000e+00
        863     -1.115    -1.6128   0.000117    -0.0026    -0.2911 0.0000e+00
        864     -1.115    -1.6130   0.000116    -0.0026    -0.2911 0.0000e+00
        865     -1.114    -1.6132   0.000116    -0.0026    -0.2911 0.0000e+00
        866     -1.113    -1.6134   0.000115    -0.0026    -0.2912 0.0000e+00
        867     -1.110    -1.6136   0.000116    -0.0026    -0.2912 0.0000e+00
        868     -1.108    -1.6139   0.000118    -0.0025    -0.2912 0.0000e+00
        869     -1.109    -1.6142   0.000118    -0.0025    -0.2912 0.0000e+00
        870     -1.111    -1.6144   0.000117    -0.0026    -0.2913 0.0000e+00
        871     -1.114    -1.6147   0.000116    -0.0026    -0.2913 0.0000e+00
        872     -1.118    -1.6149   0.000118    -0.0025    -0.2913 0.0000e+00
        873     -1.122    -1.6151   0.000118    -0.0025    -0.2913 0.0000e+00
        874     -1.123    -1.6153   0.000117    -0.0026    -0.2913 0.0000e+00
        875     -1.119    -1.6155   0.000116    -0.0026    -0.2914 0.0000e+00
        876     -1.112    -1.6159   0.000116    -0.0026    -0.2914 0.0000e+00
        877     -1.108    -1.6161   0.000117    -0.0026    -0.2914 0.0000e+00
        878     -1.108    -1.6163   0.000117    -0.0026    -0.2914 0.0000e+00
        879     -1.110    -1.6165   0.000117    -0.0026    -0.2915 0.0000e+00
        880     -1.110    -1.6168   0.000116    -0.0026    -0.2915 0.0000e+00
        881     -1.110    -1.6170   0.000116    -0.0026    -0.2915 0.0000e+00
        882     -1.109    -1.6172   0.000117    -0.0026    -0.2915 0.0000e+00
        883     -1.107    -1.6174   0.000116    -0.0026    -0.2916 0.0000e+00
        884     -1.106    -1.6178   0.000116    -0.0026    -0.2916 0.0000e+00
        885     -1.107    -1.6181   0.000116    -0.0026    -0.2916 0.0000e+00
        886     -1.109    -1.6183   0.000116    -0.0026    -0.2916 0.0000e+00
        887     -1.110    -1.6185   0.000117    -0.0026    -0.2917 0.0000e+00
        888     -1.110    -1.6187   0.000117    -0.0026    -0.2917 0.0000e+00
        889     -1.110    -1.6190   0.000116    -0.0026    -0.2917 0.0000e+00
        890     -1.110    -1.6192   0.000116    -0.0026    -0.2917 0.0000e+00
        891     -1.111    -1.6195   0.000116    -0.0026    -0.2918 0.0000e+00
        892     -1.112    -1.6197   0.000116    -0.0026    -0.2918 0.0000e+00
        893     -1.111    -1.6201   0.000117    -0.0026    -0.2918 0.0000e+00
        894     -1.109    -1.6203   0.000117    -0.0026    -0.2918 0.0000e+00
        895     -1.109    -1.6206   0.000116    -0.0026    -0.2919 0.0000e+00
        896     -1.110    -1.6208   0.000115    -0.0026    -0.2919 0.0000e+00
        897     -1.110    -1.6211   0.000115    -0.0026    -0.2919 0.0000e+00
        898     -1.111    -1.6214   0.000115    -0.0026    -0.2919 0.0000e+00
        899     -1.113    -1.6216   0.000115    -0.0026    -0.2920 0.0000e+00
        900     -1.116    -1.6220   0.000114    -0.0026    -0.2920 0.0000e+00
        901     -1.118    -1.6222   0.000115    -0.0026    -0.2920 0.0000e+00
        902     -1.120    -1.6224   0.000116    -0.0026    -0.2920 0.0000e+00
        903     -1.116    -1.6227   0.000116    -0.0026    -0.2921 0.0000e+00
        904     -1.108    -1.6229   0.000115    -0.0026    -0.2921 0.0000e+00
        905     -1.105    -1.6232   0.000115    -0.0026    -0.2921 0.0000e+00
        906     -1.107    -1.6234   0.000117    -0.0026    -0.2921 0.0000e+00
        907     -1.110    -1.6237   0.000117    -0.0026    -0.2922 0.0000e+00
        908     -1.112    -1.6241   0.000115    -0.0026    -0.2922 0.0000e+00
        909     -1.115    -1.6243   0.000115    -0.0026    -0.2922 0.0000e+00
        910     -1.116    -1.6246   0.000115    -0.0026    -0.2923 0.0000e+00
        911     -1.117    -1.6249   0.000115    -0.0026    -0.2923 0.0000e+00
        912     -1.116    -1.6251   0.000116    -0.0026    -0.2923 0.0000e+00
        913     -1.112    -1.6253   0.000117    -0.0026    -0.2923 0.0000e+00
        914     -1.108    -1.6256   0.000118    -0.0026    -0.2924 0.0000e+00
        915     -1.106    -1.6260   0.000117    -0.0026    -0.2924 0.0000e+00
        916     -1.106    -1.6263   0.000116    -0.0026    -0.2924 0.0000e+00
        917     -1.107    -1.6265   0.000115    -0.0026    -0.2924 0.0000e+00
        918     -1.111    -1.6267   0.000116    -0.0026    -0.2925 0.0000e+00
        919     -1.115    -1.6270   0.000116    -0.0026    -0.2925 0.0000e+00
        920     -1.116    -1.6273   0.000114    -0.0026    -0.2925 0.0000e+00
        921     -1.113    -1.6275   0.000115    -0.0026    -0.2925 0.0000e+00
        922     -1.112    -1.6279   0.000115    -0.0026    -0.2926 0.0000e+00
        923     -1.114    -1.6282   0.000115    -0.0026    -0.2926 0.0000e+00
        924     -1.116    -1.6284   0.000115    -0.0026    -0.2926 0.0000e+00
        925     -1.116    -1.6286   0.000116    -0.0026    -0.2927 0.0000e+00
        926     -1.113    -1.6288   0.000116    -0.0026    -0.2927 0.0000e+00
        927     -1.111    -1.6291   0.000116    -0.0026    -0.2927 0.0000e+00
        928     -1.110    -1.6294   0.000116    -0.0026    -0.2927 0.0000e+00
        929     -1.110    -1.6298   0.000115    -0.0026    -0.2928 0.0000e+00
        930     -1.111    -1.6301   0.000115    -0.0026    -0.2928 0.0000e+00
        931     -1.113    -1.6303   0.000115    -0.0026    -0.2928 0.0000e+00
        932     -1.116    -1.6305   0.000115    -0.0026    -0.2928 0.0000e+00
        933     -1.116    -1.6307   0.000115    -0.0026    -0.2929 0.0000e+00
        934     -1.112    -1.6311   0.000115    -0.0026    -0.2929 0.0000e+00
        935     -1.108    -1.6313   0.000116    -0.0026    -0.2929 0.0000e+00
        936     -1.106    -1.6315   0.000116    -0.0026    -0.2929 0.0000e+00
        937     -1.105    -1.6317   0.000116    -0.0026    -0.2930 0.0000e+00
        938     -1.106    -1.6321   0.000116    -0.0026    -0.2930 0.0000e+00
        939     -1.107    -1.6324   0.000114    -0.0026    -0.2930 0.0000e+00
        940     -1.109    -1.6326   0.000115    -0.0026    -0.2930 0.0000e+00
        941     -1.111    -1.6328   0.000115    -0.0026    -0.2931 0.0000e+00
        942     -1.113    -1.6332   0.000114    -0.0026    -0.2931 0.0000e+00
        943     -1.115    -1.6334   0.000115    -0.0026    -0.2931 0.0000e+00
        944     -1.116    -1.6337   0.000115    -0.0026    -0.2932 0.0000e+00
        945     -1.117    -1.6340   0.000115    -0.0026    -0.2932 0.0000e+00
        946     -1.118    -1.6342   0.000116    -0.0026    -0.2932 0.0000e+00
        947     -1.114    -1.6344   0.000116    -0.0026    -0.2932 0.0000e+00
        948     -1.109    -1.6346   0.000115    -0.0026    -0.2932 0.0000e+00
        949     -1.108    -1.6348   0.000116    -0.0026    -0.2933 0.0000e+00
        950     -1.109    -1.6351   0.000117    -0.0026    -0.2933 0.0000e+00
        951     -1.109    -1.6353   0.000118    -0.0026    -0.2933 0.0000e+00
        952     -1.107    -1.6355   0.000119    -0.0026    -0.2933 0.0000e+00
        953     -1.106    -1.6357   0.000119    -0.0026    -0.2934 0.0000e+00
        954     -1.107    -1.6360   0.000117    -0.0026    -0.2934 0.0000e+00
        955     -1.109    -1.6363   0.000114    -0.0026    -0.2934 0.0000e+00
        956     -1.109    -1.6365   0.000113    -0.0026    -0.2934 0.0000e+00
        957     -1.107    -1.6368   0.000115    -0.0026    -0.2935 0.0000e+00
        958     -1.106    -1.6370   0.000116    -0.0026    -0.2935 0.0000e+00
        959     -1.107    -1.6372   0.000115    -0.0026    -0.2935 0.0000e+00
        960     -1.109    -1.6374   0.000115    -0.0026    -0.2935 0.0000e+00
        961     -1.110    -1.6376   0.000117    -0.0026    -0.2935 0.0000e+00
        962     -1.110    -1.6378   0.000117    -0.0026    -0.2936 0.0000e+00
        963     -1.109    -1.6381   0.000117    -0.0026    -0.2936 0.0000e+00
        964     -1.107    -1.6383   0.000119    -0.0026    -0.2936 0.0000e+00
        965     -1.104    -1.6385   0.000118    -0.0026    -0.2936 0.0000e+00
        966     -1.104    -1.6387   0.000117    -0.0026    -0.2936 0.0000e+00
        967     -1.107    -1.6390   0.000117    -0.0026    -0.2937 0.0000e+00
        968     -1.109    -1.6392   0.000117    -0.0026    -0.2937 0.0000e+00
        969     -1.110    -1.6394   0.000117    -0.0026    -0.2937 0.0000e+00
        970     -1.110    -1.6397   0.000117    -0.0026    -0.2937 0.0000e+00
        971     -1.110    -1.6399   0.000118    -0.0026    -0.2938 0.0000e+00
        972     -1.110    -1.6401   0.000117    -0.0026    -0.2938 0.0000e+00
        973     -1.110    -1.6404   0.000116    -0.0026    -0.2938 0.0000e+00
        974     -1.111    -1.6406   0.000117    -0.0026    -0.2938 0.0000e+00
        975     -1.113    -1.6408   0.000117    -0.0026    -0.2939 0.0000e+00
        976     -1.116    -1.6410   0.000118    -0.0026    -0.2939 0.0000e+00
        977     -1.116    -1.6412   0.000118    -0.0026    -0.2939 0.0000e+00
        978     -1.111    -1.6414   0.000117    -0.0026    -0.2939 0.0000e+00
        979     -1.108    -1.6416   0.000116    -0.0026    -0.2939 0.0000e+00
        980     -1.108    -1.6418   0.000117    -0.0026    -0.2940 0.0000e+00
        981     -1.110    -1.6422   0.000116    -0.0026    -0.2940 0.0000e+00
        982     -1.110    -1.6424   0.000117    -0.0026    -0.2940 0.0000e+00
        983     -1.110    -1.6426   0.000116    -0.0026    -0.2940 0.0000e+00
        984     -1.110    -1.6428   0.000115    -0.0026    -0.2941 0.0000e+00
        985     -1.110    -1.6430   0.000116    -0.0026    -0.2941 0.0000e+00
        986     -1.110    -1.6433   0.000117    -0.0026    -0.2941 0.0000e+00
        987     -1.110    -1.6435   0.000117    -0.0026    -0.2941 0.0000e+00
        988     -1.111    -1.6437   0.000117    -0.0026    -0.2941 0.0000e+00
        989     -1.113    -1.6441   0.000116    -0.0026    -0.2942 0.0000e+00
        990     -1.114    -1.6443   0.000116    -0.0026    -0.2942 0.0000e+00
        991     -1.113    -1.6445   0.000115    -0.0026    -0.2942 0.0000e+00
        992     -1.111    -1.6447   0.000116    -0.0026    -0.2942 0.0000e+00
        993     -1.109    -1.6449   0.000115    -0.0026    -0.2943 0.0000e+00
        994     -1.106    -1.6452   0.000115    -0.0026    -0.2943 0.0000e+00
        995     -1.103    -1.6454   0.000116    -0.0026    -0.2943 0.0000e+00
        996     -1.103    -1.6458   0.000115    -0.0026    -0.2943 0.0000e+00
        997     -1.104    -1.6461   0.000115    -0.0026    -0.2944 0.0000e+00
        998     -1.106    -1.6464   0.000114    -0.0026    -0.2944 0.0000e+00
        999     -1.110    -1.6466   0.000115    -0.0026    -0.2944 0.0000e+00
       1000     -1.113    -1.6468   0.000115    -0.0026    -0.2944 0.0000e+00
       1001     -1.112    -1.6471   0.000115    -0.0026    -0.2945 0.0000e+00
       1002     -1.110    -1.6473   0.000116    -0.0026    -0.2945 0.0000e+00
       1003     -1.110    -1.6477   0.000116    -0.0026    -0.2945 0.0000e+00
       1004     -1.110    -1.6479   0.000116    -0.0026    -0.2946 0.0000e+00
       1005     -1.111    -1.6483   0.000115    -0.0026    -0.2946 0.0000e+00
       1006     -1.113    -1.6485   0.000115    -0.0026    -0.2946 0.0000e+00
       1007     -1.114    -1.6488   0.000113    -0.0026    -0.2946 0.0000e+00
       1008     -1.113    -1.6492   0.000114    -0.0026    -0.2947 0.0000e+00
       1009     -1.111    -1.6494   0.000116    -0.0026    -0.2947 0.0000e+00
       1010     -1.111    -1.6498   0.000116    -0.0026    -0.2947 0.0000e+00
       1011     -1.111    -1.6502   0.000115    -0.0026    -0.2948 0.0000e+00
       1012     -1.113    -1.6505   0.000114    -0.0026    -0.2948 0.0000e+00
       1013     -1.114    -1.6507   0.000113    -0.0026    -0.2948 0.0000e+00
       1014     -1.113    -1.6509   0.000114    -0.0026    -0.2949 0.0000e+00
       1015     -1.111    -1.6513   0.000115    -0.0026    -0.2949 0.0000e+00
       1016     -1.109    -1.6515   0.000115    -0.0026    -0.2949 0.0000e+00
       1017     -1.108    -1.6519   0.000115    -0.0026    -0.2950 0.0000e+00
       1018     -1.111    -1.6523   0.000115    -0.0026    -0.2950 0.0000e+00
       1019     -1.116    -1.6527   0.000115    -0.0026    -0.2950 0.0000e+00
       1020     -1.119    -1.6530   0.000114    -0.0026    -0.2951 0.0000e+00
       1021     -1.120    -1.6532   0.000115    -0.0026    -0.2951 0.0000e+00
       1022     -1.119    -1.6535   0.000115    -0.0026    -0.2951 0.0000e+00
       1023     -1.114    -1.6538   0.000114    -0.0026    -0.2951 0.0000e+00
       1024     -1.107    -1.6540   0.000114    -0.0026    -0.2952 0.0000e+00
       1025     -1.103    -1.6544   0.000114    -0.0026    -0.2952 0.0000e+00
