Datasets/Multi_Species/TEL214/tel214_2020_021.cnv
* Sea-Bird SBE19plus Data File:
* Filename = C:/AQUIRE/tel214_2020_021.hex
* Software Version AquireV2 AF V2.0
* Temperature SN =  7853
* Conductivity SN =  7853
* System UpLoad Time = Nov 12 2020 00:30:57
* <ApplicationData>
* <AQUIREV2>
** VESSEL/TRIP/SEQ STN: tel214_2020_021
** LATITUDE: 54 18.71 N
** LONGITUDE: 53 10.39 W
** DATE/TIME: 2020-11-11 22:50
** SOUNDING DEPTH (M): 0651
** PROBE TYPE: S7853
** CTD NUMBER: 021
** COMMENTS: 
# nquan = 7                                 
# nvalues = 5891                        
# units = specified
# name 0 = scan: Scan Count
# name 1 = prdM: Pressure, Strain Gauge [db]
# name 2 = tv290C: Temperature [ITS-90, deg C]
# name 3 = c0S/m: Conductivity [S/m]
# name 4 = sal00: Salinity, Practical [PSU]
# name 5 = sigma-t00: Density [sigma-t, kg/m^3 ]
# name 6 = flag: flag
# span 0 =          1,       5891       
# span 1 =     -1.093,    662.403       
# span 2 =    -0.2040,     4.0852       
# span 3 =   0.000028,   3.262985       
# span 4 =    -0.0020,    34.8229       
# span 5 =    -0.1716,    27.6536       
# span 6 = 0.0000e+00, 0.0000e+00       
# interval = seconds: 1
# start_time = Nov 11 2020 22:50:14 [Instrument's time stamp, header]
# bad_flag = -9.990e-29
*END*
[from data line 1642]
       1643     30.419     2.9519   3.090683    34.1125    27.1809 0.0000e+00
       1644     30.740     2.9596   3.091086    34.1091    27.1775 0.0000e+00
       1645     31.118     2.9712   3.092295    34.1113    27.1783 0.0000e+00
       1646     31.551     2.9801   3.093208    34.1128    27.1786 0.0000e+00
       1647     32.002     2.9809   3.093191    34.1115    27.1775 0.0000e+00
       1648     32.416     2.9762   3.093292    34.1175    27.1827 0.0000e+00
       1649     32.766     2.9724   3.093779    34.1273    27.1909 0.0000e+00
       1650     33.070     2.9716   3.094157    34.1326    27.1952 0.0000e+00
       1651     33.360     2.9722   3.094450    34.1354    27.1974 0.0000e+00
       1652     33.667     2.9735   3.094492    34.1343    27.1964 0.0000e+00
       1653     34.016     2.9775   3.094181    34.1261    27.1895 0.0000e+00
       1654     34.422     2.9851   3.094181    34.1178    27.1822 0.0000e+00
       1655     34.876     2.9919   3.094606    34.1155    27.1797 0.0000e+00
       1656     35.348     2.9924   3.095199    34.1220    27.1848 0.0000e+00
       1657     35.804     2.9900   3.096221    34.1367    27.1968 0.0000e+00
       1658     36.231     2.9908   3.097222    34.1479    27.2057 0.0000e+00
       1659     36.632     2.9935   3.097762    34.1514    27.2082 0.0000e+00
       1660     37.014     2.9960   3.098226    34.1542    27.2102 0.0000e+00
       1661     37.390     2.9985   3.098646    34.1564    27.2118 0.0000e+00
       1662     37.781     3.0003   3.098803    34.1562    27.2115 0.0000e+00
       1663     38.206     3.0007   3.098758    34.1550    27.2105 0.0000e+00
       1664     38.662     3.0008   3.098890    34.1562    27.2115 0.0000e+00
       1665     39.132     3.0016   3.099395    34.1613    27.2154 0.0000e+00
       1666     39.599     3.0034   3.099877    34.1650    27.2182 0.0000e+00
       1667     40.046     3.0060   3.100284    34.1670    27.2195 0.0000e+00
       1668     40.474     3.0088   3.100602    34.1676    27.2198 0.0000e+00
       1669     40.901     3.0104   3.100753    34.1675    27.2196 0.0000e+00
       1670     41.337     3.0116   3.101015    34.1692    27.2208 0.0000e+00
       1671     41.772     3.0146   3.101586    34.1728    27.2234 0.0000e+00
       1672     42.201     3.0188   3.102389    34.1779    27.2271 0.0000e+00
       1673     42.629     3.0214   3.102899    34.1811    27.2294 0.0000e+00
       1674     43.067     3.0225   3.102911    34.1798    27.2283 0.0000e+00
       1675     43.526     3.0243   3.102569    34.1735    27.2231 0.0000e+00
       1676     44.002     3.0281   3.102105    34.1635    27.2148 0.0000e+00
       1677     44.474     3.0328   3.102456    34.1626    27.2136 0.0000e+00
       1678     44.925     3.0379   3.103863    34.1740    27.2223 0.0000e+00
       1679     45.357     3.0439   3.104913    34.1802    27.2267 0.0000e+00
       1680     45.784     3.0484   3.104872    34.1747    27.2219 0.0000e+00
       1681     46.221     3.0499   3.104403    34.1672    27.2157 0.0000e+00
       1682     46.673     3.0501   3.104119    34.1633    27.2126 0.0000e+00
       1683     47.136     3.0500   3.104504    34.1678    27.2162 0.0000e+00
       1684     47.606     3.0500   3.105409    34.1786    27.2248 0.0000e+00
       1685     48.076     3.0538   3.105867    34.1798    27.2255 0.0000e+00
       1686     48.552     3.0642   3.106190    34.1725    27.2187 0.0000e+00
       1687     49.040     3.0766   3.106904    34.1678    27.2138 0.0000e+00
       1688     49.531     3.0820   3.107433    34.1682    27.2136 0.0000e+00
       1689     50.003     3.0815   3.108220    34.1781    27.2215 0.0000e+00
       1690     50.443     3.0821   3.109371    34.1912    27.2319 0.0000e+00
       1691     50.857     3.0843   3.109979    34.1960    27.2356 0.0000e+00
       1692     51.265     3.0858   3.109819    34.1923    27.2325 0.0000e+00
       1693     51.690     3.0888   3.109446    34.1843    27.2258 0.0000e+00
       1694     52.146     3.0942   3.109486    34.1788    27.2210 0.0000e+00
       1695     52.625     3.0973   3.109640    34.1771    27.2193 0.0000e+00
       1696     53.104     3.0959   3.109790    34.1802    27.2219 0.0000e+00
       1697     53.560     3.0926   3.110072    34.1869    27.2275 0.0000e+00
       1698     53.990     3.0917   3.110018    34.1869    27.2277 0.0000e+00
       1699     54.412     3.0932   3.109769    34.1821    27.2236 0.0000e+00
       1700     54.848     3.0944   3.110036    34.1838    27.2249 0.0000e+00
       1701     55.297     3.0946   3.110890    34.1937    27.2328 0.0000e+00
       1702     55.738     3.0966   3.111686    34.2011    27.2385 0.0000e+00
       1703     56.149     3.1009   3.111999    34.2001    27.2373 0.0000e+00
       1704     56.534     3.1067   3.112122    34.1952    27.2329 0.0000e+00
       1705     56.924     3.1155   3.112723    34.1930    27.2303 0.0000e+00
       1706     57.339     3.1243   3.113488    34.1927    27.2293 0.0000e+00
       1707     57.769     3.1260   3.113566    34.1916    27.2283 0.0000e+00
       1708     58.197     3.1213   3.113443    34.1949    27.2313 0.0000e+00
       1709     58.620     3.1170   3.113613    34.2013    27.2368 0.0000e+00
       1710     59.038     3.1171   3.114066    34.2064    27.2409 0.0000e+00
       1711     59.444     3.1208   3.114578    34.2085    27.2422 0.0000e+00
       1712     59.841     3.1256   3.114676    34.2044    27.2385 0.0000e+00
       1713     60.264     3.1306   3.114834    34.2008    27.2351 0.0000e+00
       1714     60.742     3.1346   3.115205    34.2008    27.2348 0.0000e+00
       1715     61.243     3.1353   3.115355    34.2016    27.2354 0.0000e+00
       1716     61.715     3.1338   3.115421    34.2037    27.2372 0.0000e+00
       1717     62.155     3.1338   3.115398    34.2032    27.2368 0.0000e+00
       1718     62.591     3.1357   3.115313    34.1999    27.2340 0.0000e+00
       1719     63.037     3.1365   3.115415    34.2001    27.2340 0.0000e+00
       1720     63.484     3.1351   3.115787    34.2058    27.2387 0.0000e+00
       1721     63.925     3.1342   3.116241    34.2120    27.2438 0.0000e+00
       1722     64.364     3.1344   3.116437    34.2140    27.2453 0.0000e+00
       1723     64.812     3.1340   3.116417    34.2139    27.2453 0.0000e+00
       1724     65.267     3.1333   3.116527    34.2157    27.2468 0.0000e+00
       1725     65.721     3.1341   3.116860    34.2187    27.2491 0.0000e+00
       1726     66.165     3.1368   3.117282    34.2207    27.2505 0.0000e+00
       1727     66.592     3.1404   3.117617    34.2207    27.2502 0.0000e+00
       1728     67.003     3.1427   3.117718    34.2193    27.2488 0.0000e+00
       1729     67.403     3.1432   3.117389    34.2145    27.2450 0.0000e+00
       1730     67.804     3.1429   3.117029    34.2103    27.2416 0.0000e+00
       1731     68.216     3.1429   3.117384    34.2143    27.2448 0.0000e+00
       1732     68.642     3.1439   3.118124    34.2220    27.2509 0.0000e+00
       1733     69.075     3.1463   3.118599    34.2250    27.2530 0.0000e+00
       1734     69.513     3.1481   3.118718    34.2243    27.2523 0.0000e+00
       1735     69.948     3.1494   3.118842    34.2242    27.2521 0.0000e+00
       1736     70.361     3.1520   3.119131    34.2247    27.2523 0.0000e+00
       1737     70.749     3.1553   3.119132    34.2210    27.2490 0.0000e+00
       1738     71.139     3.1581   3.118945    34.2156    27.2444 0.0000e+00
       1739     71.562     3.1600   3.119047    34.2146    27.2434 0.0000e+00
       1740     72.013     3.1604   3.119338    34.2174    27.2457 0.0000e+00
       1741     72.465     3.1599   3.119597    34.2209    27.2485 0.0000e+00
       1742     72.901     3.1596   3.119613    34.2211    27.2487 0.0000e+00
       1743     73.326     3.1601   3.119434    34.2182    27.2463 0.0000e+00
       1744     73.750     3.1608   3.119359    34.2163    27.2447 0.0000e+00
       1745     74.172     3.1605   3.119456    34.2176    27.2458 0.0000e+00
       1746     74.591     3.1589   3.119623    34.2211    27.2487 0.0000e+00
       1747     75.012     3.1575   3.119709    34.2234    27.2507 0.0000e+00
       1748     75.445     3.1567   3.119712    34.2240    27.2513 0.0000e+00
       1749     75.890     3.1563   3.119743    34.2246    27.2517 0.0000e+00
       1750     76.341     3.1565   3.119889    34.2259    27.2528 0.0000e+00
       1751     76.796     3.1583   3.120210    34.2276    27.2540 0.0000e+00
       1752     77.246     3.1618   3.120550    34.2278    27.2538 0.0000e+00
       1753     77.679     3.1650   3.120713    34.2261    27.2522 0.0000e+00
       1754     78.101     3.1662   3.120672    34.2241    27.2505 0.0000e+00
       1755     78.524     3.1662   3.120490    34.2217    27.2485 0.0000e+00
       1756     78.958     3.1656   3.120361    34.2205    27.2477 0.0000e+00
       1757     79.403     3.1650   3.120461    34.2221    27.2490 0.0000e+00
       1758     79.852     3.1647   3.120681    34.2249    27.2512 0.0000e+00
       1759     80.303     3.1649   3.120796    34.2258    27.2519 0.0000e+00
       1760     80.755     3.1648   3.120796    34.2257    27.2518 0.0000e+00
       1761     81.208     3.1646   3.120792    34.2256    27.2518 0.0000e+00
       1762     81.658     3.1646   3.120832    34.2258    27.2520 0.0000e+00
       1763     82.094     3.1652   3.120874    34.2254    27.2516 0.0000e+00
       1764     82.520     3.1657   3.120851    34.2244    27.2507 0.0000e+00
       1765     82.954     3.1659   3.120781    34.2231    27.2497 0.0000e+00
       1766     83.401     3.1660   3.120783    34.2228    27.2494 0.0000e+00
       1767     83.846     3.1658   3.120881    34.2239    27.2504 0.0000e+00
       1768     84.278     3.1657   3.120957    34.2247    27.2510 0.0000e+00
       1769     84.712     3.1661   3.120971    34.2242    27.2506 0.0000e+00
       1770     85.166     3.1671   3.121013    34.2234    27.2498 0.0000e+00
       1771     85.635     3.1677   3.121125    34.2239    27.2501 0.0000e+00
       1772     86.100     3.1677   3.121246    34.2251    27.2511 0.0000e+00
       1773     86.547     3.1677   3.121323    34.2258    27.2517 0.0000e+00
       1774     86.983     3.1680   3.121336    34.2254    27.2513 0.0000e+00
       1775     87.421     3.1688   3.121313    34.2240    27.2502 0.0000e+00
       1776     87.871     3.1699   3.121365    34.2232    27.2494 0.0000e+00
       1777     88.328     3.1701   3.121507    34.2245    27.2504 0.0000e+00
       1778     88.784     3.1698   3.121655    34.2264    27.2519 0.0000e+00
       1779     89.230     3.1698   3.121715    34.2268    27.2523 0.0000e+00
       1780     89.672     3.1706   3.121681    34.2253    27.2510 0.0000e+00
       1781     90.130     3.1715   3.121664    34.2239    27.2498 0.0000e+00
       1782     90.606     3.1721   3.121801    34.2247    27.2504 0.0000e+00
       1783     91.079     3.1723   3.122098    34.2278    27.2529 0.0000e+00
       1784     91.533     3.1734   3.122362    34.2296    27.2542 0.0000e+00
       1785     91.972     3.1746   3.122415    34.2287    27.2534 0.0000e+00
       1786     92.409     3.1753   3.122311    34.2265    27.2515 0.0000e+00
       1787     92.856     3.1753   3.122259    34.2256    27.2508 0.0000e+00
       1788     93.317     3.1751   3.122356    34.2268    27.2517 0.0000e+00
       1789     93.785     3.1751   3.122528    34.2286    27.2532 0.0000e+00
       1790     94.245     3.1754   3.122650    34.2295    27.2539 0.0000e+00
       1791     94.692     3.1759   3.122640    34.2286    27.2531 0.0000e+00
       1792     95.133     3.1760   3.122575    34.2275    27.2522 0.0000e+00
       1793     95.581     3.1760   3.122568    34.2271    27.2520 0.0000e+00
       1794     96.039     3.1759   3.122617    34.2276    27.2523 0.0000e+00
       1795     96.504     3.1757   3.122672    34.2282    27.2528 0.0000e+00
       1796     96.969     3.1754   3.122704    34.2286    27.2532 0.0000e+00
       1797     97.432     3.1754   3.122714    34.2285    27.2531 0.0000e+00
       1798     97.895     3.1756   3.122731    34.2283    27.2529 0.0000e+00
       1799     98.362     3.1757   3.122776    34.2284    27.2530 0.0000e+00
       1800     98.829     3.1756   3.122827    34.2289    27.2534 0.0000e+00
       1801     99.290     3.1757   3.122872    34.2291    27.2536 0.0000e+00
       1802     99.738     3.1758   3.122921    34.2293    27.2537 0.0000e+00
       1803    100.177     3.1760   3.122970    34.2295    27.2538 0.0000e+00
       1804    100.617     3.1765   3.122995    34.2290    27.2534 0.0000e+00
       1805    101.074     3.1773   3.122999    34.2280    27.2525 0.0000e+00
       1806    101.550     3.1781   3.123043    34.2274    27.2520 0.0000e+00
       1807    102.033     3.1786   3.123192    34.2284    27.2527 0.0000e+00
       1808    102.502     3.1791   3.123391    34.2300    27.2540 0.0000e+00
       1809    102.954     3.1796   3.123473    34.2302    27.2541 0.0000e+00
       1810    103.401     3.1803   3.123446    34.2289    27.2530 0.0000e+00
       1811    103.852     3.1813   3.123440    34.2275    27.2518 0.0000e+00
       1812    104.305     3.1818   3.123525    34.2278    27.2520 0.0000e+00
       1813    104.757     3.1818   3.123652    34.2291    27.2530 0.0000e+00
       1814    105.214     3.1829   3.123738    34.2287    27.2526 0.0000e+00
       1815    105.682     3.1853   3.123880    34.2276    27.2515 0.0000e+00
       1816    106.150     3.1878   3.124280    34.2296    27.2528 0.0000e+00
       1817    106.593     3.1905   3.124784    34.2326    27.2550 0.0000e+00
       1818    107.008     3.1953   3.125171    34.2320    27.2540 0.0000e+00
       1819    107.433     3.2027   3.125654    34.2298    27.2516 0.0000e+00
       1820    107.895     3.2087   3.126068    34.2282    27.2498 0.0000e+00
       1821    108.372     3.2096   3.126242    34.2291    27.2504 0.0000e+00
       1822    108.826     3.2083   3.126552    34.2340    27.2544 0.0000e+00
       1823    109.249     3.2109   3.126859    34.2347    27.2548 0.0000e+00
       1824    109.668     3.2228   3.127472    34.2293    27.2493 0.0000e+00
       1825    110.116     3.2401   3.128580    34.2242    27.2436 0.0000e+00
       1826    110.594     3.2484   3.129073    34.2211    27.2404 0.0000e+00
       1827    111.082     3.2438   3.129282    34.2282    27.2465 0.0000e+00
       1828    111.564     3.2387   3.130118    34.2435    27.2592 0.0000e+00
       1829    112.034     3.2416   3.131284    34.2543    27.2675 0.0000e+00
       1830    112.488     3.2512   3.132759    34.2617    27.2726 0.0000e+00
       1831    112.926     3.2673   3.133860    34.2578    27.2679 0.0000e+00
       1832    113.369     3.2942   3.135239    34.2458    27.2558 0.0000e+00
       1833    113.846     3.3245   3.137560    34.2415    27.2495 0.0000e+00
       1834    114.351     3.3381   3.138662    34.2402    27.2472 0.0000e+00
       1835    114.847     3.3342   3.139141    34.2498    27.2552 0.0000e+00
       1836    115.313     3.3365   3.140191    34.2598    27.2630 0.0000e+00
       1837    115.765     3.3585   3.141673    34.2542    27.2564 0.0000e+00
       1838    116.228     3.3879   3.143365    34.2434    27.2450 0.0000e+00
       1839    116.703     3.4025   3.143432    34.2285    27.2317 0.0000e+00
       1840    117.179     3.3962   3.142539    34.2241    27.2288 0.0000e+00
       1841    117.651     3.3830   3.142574    34.2382    27.2413 0.0000e+00
       1842    118.119     3.3788   3.144659    34.2676    27.2651 0.0000e+00
       1843    118.582     3.3875   3.148140    34.3001    27.2903 0.0000e+00
       1844    119.046     3.4082   3.149451    34.2938    27.2832 0.0000e+00
       1845    119.532     3.4446   3.149980    34.2615    27.2540 0.0000e+00
       1846    120.047     3.4820   3.152071    34.2469    27.2388 0.0000e+00
