Datasets/Multi_Species/TEL214/tel214_2020_016.cnv
* Sea-Bird SBE19plus Data File:
* Filename = C:/AQUIRE/tel214_2020_016.hex
* Software Version AquireV2 AF V2.0
* Temperature SN =  7853
* Conductivity SN =  7853
* System UpLoad Time = Nov 10 2020 18:31:16
* <ApplicationData>
* <AQUIREV2>
** VESSEL/TRIP/SEQ STN: tel214_2020_016
** LATITUDE: 54 41.11 N
** LONGITUDE: 53 41.94 W
** DATE/TIME: 2020-11-10 17:06
** SOUNDING DEPTH (M): 0323
** PROBE TYPE: S7853
** CTD NUMBER: 016
** COMMENTS: 
# nquan = 7                                 
# nvalues = 4836                        
# units = specified
# name 0 = scan: Scan Count
# name 1 = prdM: Pressure, Strain Gauge [db]
# name 2 = tv290C: Temperature [ITS-90, deg C]
# name 3 = c0S/m: Conductivity [S/m]
# name 4 = sal00: Salinity, Practical [PSU]
# name 5 = sigma-t00: Density [sigma-t, kg/m^3 ]
# name 6 = flag: flag
# span 0 =          1,       4836       
# span 1 =     -1.322,    323.936       
# span 2 =     0.9404,     3.6647       
# span 3 =   0.000097,   3.183308       
# span 4 =    -0.0005,    34.5416       
# span 5 =    -0.0933,    27.4764       
# span 6 = 0.0000e+00, 0.0000e+00       
# interval = seconds: 1
# start_time = Nov 10 2020 17:06:01 [Instrument's time stamp, header]
# bad_flag = -9.990e-29
*END*
[from data line 1231]
       1232     -1.288     1.8491   0.000117     0.0002    -0.0621 0.0000e+00
       1233     -1.286     1.8492   0.000117     0.0002    -0.0621 0.0000e+00
       1234     -1.290     1.8494   0.000117     0.0002    -0.0621 0.0000e+00
       1235     -1.294     1.8496   0.000118     0.0002    -0.0621 0.0000e+00
       1236     -1.296     1.8496   0.000116     0.0001    -0.0621 0.0000e+00
       1237     -1.297     1.8495   0.000114     0.0001    -0.0621 0.0000e+00
       1238     -1.299     1.8495   0.000113     0.0001    -0.0621 0.0000e+00
       1239     -1.302     1.8495   0.000113     0.0001    -0.0621 0.0000e+00
       1240     -1.302     1.8494   0.000114     0.0001    -0.0621 0.0000e+00
       1241     -1.299     1.8493   0.000115     0.0001    -0.0621 0.0000e+00
       1242     -1.297     1.8493   0.000114     0.0001    -0.0621 0.0000e+00
       1243     -1.296     1.8493   0.000114     0.0001    -0.0621 0.0000e+00
       1244     -1.296     1.8493   0.000114     0.0001    -0.0621 0.0000e+00
       1245     -1.296     1.8493   0.000115     0.0001    -0.0621 0.0000e+00
       1246     -1.296     1.8493   0.000115     0.0001    -0.0621 0.0000e+00
       1247     -1.296     1.8493   0.000115     0.0001    -0.0621 0.0000e+00
       1248     -1.297     1.8491   0.000115     0.0001    -0.0621 0.0000e+00
       1249     -1.299     1.8491   0.000114     0.0001    -0.0621 0.0000e+00
       1250     -1.300     1.8490   0.000112     0.0001    -0.0621 0.0000e+00
       1251     -1.299     1.8489   0.000112     0.0001    -0.0621 0.0000e+00
       1252     -1.298     1.8489   0.000113     0.0001    -0.0621 0.0000e+00
       1253     -1.300     1.8487   0.000113     0.0001    -0.0622 0.0000e+00
       1254     -1.302     1.8487   0.000113     0.0001    -0.0622 0.0000e+00
       1255     -1.302     1.8487   0.000114     0.0001    -0.0621 0.0000e+00
       1256     -1.299     1.8487   0.000114     0.0001    -0.0621 0.0000e+00
       1257     -1.297     1.8487   0.000114     0.0001    -0.0621 0.0000e+00
       1258     -1.297     1.8486   0.000115     0.0001    -0.0621 0.0000e+00
       1259     -1.297     1.8485   0.000115     0.0001    -0.0621 0.0000e+00
       1260     -1.299     1.8484   0.000115     0.0001    -0.0622 0.0000e+00
       1261     -1.302     1.8483   0.000114     0.0001    -0.0622 0.0000e+00
       1262     -1.302     1.8482   0.000113     0.0001    -0.0622 0.0000e+00
       1263     -1.298     1.8480   0.000113     0.0001    -0.0622 0.0000e+00
       1264     -1.295     1.8479   0.000112     0.0001    -0.0622 0.0000e+00
       1265     -1.297     1.8478   0.000110     0.0001    -0.0622 0.0000e+00
       1266     -1.302     1.8478   0.000110     0.0001    -0.0622 0.0000e+00
       1267     -1.305     1.8477   0.000111     0.0001    -0.0622 0.0000e+00
       1268     -1.306     1.8476   0.000112     0.0001    -0.0622 0.0000e+00
       1269     -1.306     1.8476   0.000112     0.0001    -0.0622 0.0000e+00
       1270     -1.304     1.8476   0.000112     0.0001    -0.0622 0.0000e+00
       1271     -1.301     1.8476   0.000112     0.0001    -0.0622 0.0000e+00
       1272     -1.301     1.8474   0.000112     0.0001    -0.0622 0.0000e+00
       1273     -1.304     1.8474   0.000113     0.0001    -0.0622 0.0000e+00
       1274     -1.306     1.8472   0.000113     0.0001    -0.0622 0.0000e+00
       1275     -1.306     1.8472   0.000113     0.0001    -0.0622 0.0000e+00
       1276     -1.306     1.8472   0.000113     0.0001    -0.0622 0.0000e+00
       1277     -1.305     1.8472   0.000113     0.0001    -0.0622 0.0000e+00
       1278     -1.301     1.8472   0.000114     0.0001    -0.0622 0.0000e+00
       1279     -1.296     1.8472   0.000113     0.0001    -0.0622 0.0000e+00
       1280     -1.295     1.8471   0.000113     0.0001    -0.0622 0.0000e+00
       1281     -1.296     1.8470   0.000113     0.0001    -0.0622 0.0000e+00
       1282     -1.296     1.8470   0.000114     0.0001    -0.0622 0.0000e+00
       1283     -1.296     1.8470   0.000113     0.0001    -0.0622 0.0000e+00
       1284     -1.296     1.8470   0.000112     0.0001    -0.0622 0.0000e+00
       1285     -1.297     1.8471   0.000112     0.0001    -0.0622 0.0000e+00
       1286     -1.299     1.8472   0.000113     0.0001    -0.0622 0.0000e+00
       1287     -1.303     1.8472   0.000115     0.0001    -0.0622 0.0000e+00
       1288     -1.305     1.8470   0.000114     0.0001    -0.0622 0.0000e+00
       1289     -1.305     1.8470   0.000113     0.0001    -0.0622 0.0000e+00
       1290     -1.303     1.8470   0.000112     0.0001    -0.0622 0.0000e+00
       1291     -1.300     1.8470   0.000111     0.0001    -0.0622 0.0000e+00
       1292     -1.298     1.8468   0.000111     0.0001    -0.0622 0.0000e+00
       1293     -1.297     1.8468   0.000112     0.0001    -0.0622 0.0000e+00
       1294     -1.295     1.8466   0.000112     0.0001    -0.0622 0.0000e+00
       1295     -1.295     1.8466   0.000113     0.0001    -0.0622 0.0000e+00
       1296     -1.296     1.8466   0.000113     0.0001    -0.0622 0.0000e+00
       1297     -1.296     1.8464   0.000112     0.0001    -0.0622 0.0000e+00
       1298     -1.297     1.8464   0.000112     0.0001    -0.0622 0.0000e+00
       1299     -1.298     1.8462   0.000113     0.0001    -0.0622 0.0000e+00
       1300     -1.302     1.8462   0.000112     0.0001    -0.0622 0.0000e+00
       1301     -1.306     1.8462   0.000111     0.0001    -0.0623 0.0000e+00
       1302     -1.306     1.8461   0.000111     0.0001    -0.0623 0.0000e+00
       1303     -1.303     1.8460   0.000112     0.0001    -0.0623 0.0000e+00
       1304     -1.299     1.8459   0.000112     0.0001    -0.0623 0.0000e+00
       1305     -1.295     1.8458   0.000112     0.0001    -0.0623 0.0000e+00
       1306     -1.293     1.8457   0.000112     0.0001    -0.0623 0.0000e+00
       1307     -1.296     1.8455   0.000111     0.0001    -0.0623 0.0000e+00
       1308     -1.299     1.8455   0.000113     0.0001    -0.0623 0.0000e+00
       1309     -1.298     1.8455   0.000114     0.0001    -0.0623 0.0000e+00
       1310     -1.296     1.8453   0.000114     0.0001    -0.0623 0.0000e+00
       1311     -1.294     1.8453   0.000113     0.0001    -0.0623 0.0000e+00
       1312     -1.295     1.8453   0.000112     0.0001    -0.0623 0.0000e+00
       1313     -1.298     1.8451   0.000111     0.0001    -0.0623 0.0000e+00
       1314     -1.301     1.8449   0.000110     0.0001    -0.0623 0.0000e+00
       1315     -1.303     1.8449   0.000111     0.0001    -0.0623 0.0000e+00
       1316     -1.304     1.8448   0.000112     0.0001    -0.0623 0.0000e+00
       1317     -1.302     1.8447   0.000111     0.0001    -0.0623 0.0000e+00
       1318     -1.299     1.8447   0.000112     0.0001    -0.0623 0.0000e+00
       1319     -1.298     1.8447   0.000112     0.0001    -0.0623 0.0000e+00
       1320     -1.299     1.8445   0.000113     0.0001    -0.0623 0.0000e+00
       1321     -1.300     1.8445   0.000113     0.0001    -0.0623 0.0000e+00
       1322     -1.298     1.8445   0.000113     0.0001    -0.0623 0.0000e+00
       1323     -1.294     1.8444   0.000114     0.0001    -0.0623 0.0000e+00
       1324     -1.291     1.8443   0.000114     0.0001    -0.0623 0.0000e+00
       1325     -1.291     1.8443   0.000112     0.0001    -0.0623 0.0000e+00
       1326     -1.296     1.8443   0.000111     0.0001    -0.0623 0.0000e+00
       1327     -1.301     1.8442   0.000112     0.0001    -0.0623 0.0000e+00
       1328     -1.304     1.8441   0.000113     0.0001    -0.0623 0.0000e+00
       1329     -1.305     1.8441   0.000113     0.0001    -0.0623 0.0000e+00
       1330     -1.305     1.8441   0.000113     0.0001    -0.0623 0.0000e+00
       1331     -1.303     1.8440   0.000113     0.0001    -0.0623 0.0000e+00
       1332     -1.299     1.8441   0.000115     0.0001    -0.0623 0.0000e+00
       1333     -1.297     1.8441   0.000115     0.0001    -0.0623 0.0000e+00
       1334     -1.296     1.8441   0.000114     0.0001    -0.0623 0.0000e+00
       1335     -1.296     1.8441   0.000114     0.0001    -0.0623 0.0000e+00
       1336     -1.297     1.8441   0.000113     0.0001    -0.0623 0.0000e+00
       1337     -1.297     1.8441   0.000112     0.0001    -0.0623 0.0000e+00
       1338     -1.295     1.8441   0.000112     0.0001    -0.0623 0.0000e+00
       1339     -1.295     1.8440   0.000113     0.0001    -0.0623 0.0000e+00
       1340     -1.296     1.8439   0.000114     0.0001    -0.0623 0.0000e+00
       1341     -1.296     1.8439   0.000114     0.0001    -0.0623 0.0000e+00
       1342     -1.297     1.8439   0.000114     0.0001    -0.0623 0.0000e+00
       1343     -1.298     1.8439   0.000114     0.0001    -0.0623 0.0000e+00
       1344     -1.300     1.8437   0.000114     0.0001    -0.0623 0.0000e+00
       1345     -1.301     1.8436   0.000114     0.0001    -0.0623 0.0000e+00
       1346     -1.301     1.8436   0.000113     0.0001    -0.0623 0.0000e+00
       1347     -1.302     1.8441   0.000115     0.0001    -0.0623 0.0000e+00
       1348     -1.303     1.8454   0.000119     0.0002    -0.0622 0.0000e+00
       1349     -1.303     1.8468   0.000123     0.0002    -0.0622 0.0000e+00
       1350     -1.302     1.8474   0.000124     0.0002    -0.0621 0.0000e+00
       1351     -1.303     1.8472   0.000122     0.0002    -0.0622 0.0000e+00
       1352     -1.305     1.8470   0.000120     0.0002    -0.0622 0.0000e+00
       1353     -1.305     1.8467   0.000119     0.0002    -0.0622 0.0000e+00
       1354     -1.305     1.8467   0.000118     0.0002    -0.0622 0.0000e+00
       1355     -1.303     1.8470   0.000119     0.0002    -0.0622 0.0000e+00
       1356     -1.299     1.8471   0.000118     0.0002    -0.0622 0.0000e+00
       1357     -1.297     1.8470   0.000118     0.0002    -0.0622 0.0000e+00
       1358     -1.296     1.8466   0.000116     0.0001    -0.0622 0.0000e+00
       1359     -1.297     1.8464   0.000115     0.0001    -0.0622 0.0000e+00
       1360     -1.298     1.8462   0.000114     0.0001    -0.0622 0.0000e+00
       1361     -1.300     1.8460   0.000113     0.0001    -0.0622 0.0000e+00
       1362     -1.301     1.8458   0.000113     0.0001    -0.0623 0.0000e+00
       1363     -1.302     1.8456   0.000112     0.0001    -0.0623 0.0000e+00
       1364     -1.302     1.8454   0.000113     0.0001    -0.0623 0.0000e+00
       1365     -1.299     1.8453   0.000113     0.0001    -0.0623 0.0000e+00
       1366     -1.297     1.8453   0.000113     0.0001    -0.0623 0.0000e+00
       1367     -1.297     1.8451   0.000113     0.0001    -0.0623 0.0000e+00
       1368     -1.297     1.8449   0.000112     0.0001    -0.0623 0.0000e+00
       1369     -1.298     1.8449   0.000112     0.0001    -0.0623 0.0000e+00
       1370     -1.299     1.8450   0.000111     0.0001    -0.0623 0.0000e+00
       1371     -1.299     1.8455   0.000113     0.0001    -0.0623 0.0000e+00
       1372     -1.300     1.8462   0.000116     0.0001    -0.0622 0.0000e+00
       1373     -1.302     1.8468   0.000119     0.0002    -0.0622 0.0000e+00
       1374     -1.302     1.8470   0.000120     0.0002    -0.0622 0.0000e+00
       1375     -1.299     1.8468   0.000119     0.0002    -0.0622 0.0000e+00
       1376     -1.297     1.8467   0.000118     0.0002    -0.0622 0.0000e+00
       1377     -1.297     1.8466   0.000118     0.0002    -0.0622 0.0000e+00
       1378     -1.297     1.8464   0.000116     0.0001    -0.0622 0.0000e+00
       1379     -1.299     1.8463   0.000115     0.0001    -0.0622 0.0000e+00
       1380     -1.302     1.8462   0.000115     0.0001    -0.0622 0.0000e+00
       1381     -1.304     1.8460   0.000112     0.0001    -0.0623 0.0000e+00
       1382     -1.303     1.8459   0.000112     0.0001    -0.0623 0.0000e+00
       1383     -1.301     1.8458   0.000112     0.0001    -0.0623 0.0000e+00
       1384     -1.300     1.8457   0.000112     0.0001    -0.0623 0.0000e+00
       1385     -1.298     1.8457   0.000114     0.0001    -0.0623 0.0000e+00
       1386     -1.296     1.8457   0.000114     0.0001    -0.0623 0.0000e+00
       1387     -1.294     1.8457   0.000114     0.0001    -0.0623 0.0000e+00
       1388     -1.292     1.8457   0.000114     0.0001    -0.0623 0.0000e+00
       1389     -1.289     1.8457   0.000113     0.0001    -0.0623 0.0000e+00
       1390     -1.288     1.8457   0.000113     0.0001    -0.0623 0.0000e+00
       1391     -1.292     1.8457   0.000112     0.0001    -0.0623 0.0000e+00
       1392     -1.299     1.8455   0.000112     0.0001    -0.0623 0.0000e+00
       1393     -1.303     1.8455   0.000112     0.0001    -0.0623 0.0000e+00
       1394     -1.305     1.8455   0.000113     0.0001    -0.0623 0.0000e+00
       1395     -1.306     1.8457   0.000114     0.0001    -0.0623 0.0000e+00
       1396     -1.306     1.8461   0.000115     0.0001    -0.0622 0.0000e+00
       1397     -1.305     1.8466   0.000117     0.0002    -0.0622 0.0000e+00
       1398     -1.303     1.8468   0.000118     0.0002    -0.0622 0.0000e+00
       1399     -1.302     1.8468   0.000118     0.0002    -0.0622 0.0000e+00
       1400     -1.303     1.8469   0.000118     0.0002    -0.0622 0.0000e+00
       1401     -1.304     1.8469   0.000118     0.0002    -0.0622 0.0000e+00
       1402     -1.302     1.8469   0.000118     0.0002    -0.0622 0.0000e+00
       1403     -1.299     1.8469   0.000117     0.0002    -0.0622 0.0000e+00
       1404     -1.297     1.8469   0.000118     0.0002    -0.0622 0.0000e+00
       1405     -1.297     1.8470   0.000118     0.0002    -0.0622 0.0000e+00
       1406     -1.299     1.8470   0.000117     0.0002    -0.0622 0.0000e+00
       1407     -1.303     1.8470   0.000115     0.0001    -0.0622 0.0000e+00
       1408     -1.305     1.8470   0.000114     0.0001    -0.0622 0.0000e+00
       1409     -1.306     1.8470   0.000114     0.0001    -0.0622 0.0000e+00
       1410     -1.306     1.8472   0.000115     0.0001    -0.0622 0.0000e+00
       1411     -1.307     1.8477   0.000117     0.0002    -0.0622 0.0000e+00
       1412     -1.308     1.8481   0.000118     0.0002    -0.0621 0.0000e+00
       1413     -1.309     1.8483   0.000118     0.0002    -0.0621 0.0000e+00
       1414     -1.306     1.8483   0.000119     0.0002    -0.0621 0.0000e+00
       1415     -1.302     1.8483   0.000119     0.0002    -0.0621 0.0000e+00
       1416     -1.301     1.8484   0.000119     0.0002    -0.0621 0.0000e+00
       1417     -1.299     1.8485   0.000118     0.0002    -0.0621 0.0000e+00
       1418     -1.300     1.8486   0.000116     0.0001    -0.0621 0.0000e+00
       1419     -1.303     1.8487   0.000116     0.0001    -0.0621 0.0000e+00
       1420     -1.305     1.8489   0.000116     0.0001    -0.0621 0.0000e+00
       1421     -1.306     1.8495   0.000120     0.0002    -0.0621 0.0000e+00
       1422     -1.306     1.8502   0.000122     0.0002    -0.0620 0.0000e+00
       1423     -1.306     1.8510   0.000124     0.0002    -0.0620 0.0000e+00
       1424     -1.305     1.8516   0.000124     0.0002    -0.0620 0.0000e+00
       1425     -1.302     1.8519   0.000124     0.0002    -0.0620 0.0000e+00
       1426     -1.298     1.8521   0.000122     0.0002    -0.0620 0.0000e+00
       1427     -1.296     1.8521   0.000121     0.0002    -0.0620 0.0000e+00
       1428     -1.296     1.8520   0.000121     0.0002    -0.0620 0.0000e+00
       1429     -1.296     1.8521   0.000121     0.0002    -0.0620 0.0000e+00
       1430     -1.299     1.8523   0.000121     0.0002    -0.0620 0.0000e+00
       1431     -1.302     1.8527   0.000121     0.0002    -0.0620 0.0000e+00
       1432     -1.302     1.8529   0.000121     0.0002    -0.0620 0.0000e+00
       1433     -1.299     1.8531   0.000120     0.0002    -0.0620 0.0000e+00
       1434     -1.297     1.8531   0.000118     0.0002    -0.0620 0.0000e+00
       1435     -1.297     1.8531   0.000117     0.0002    -0.0620 0.0000e+00
