Datasets/Multi_Species/TEL214/tel214_2020_026.cnv
* Sea-Bird SBE19plus Data File:
* Filename = C:/AQUIRE/tel214_2020_026.hex
* Software Version AquireV2 AF V2.0
* Temperature SN =  7853
* Conductivity SN =  7853
* System UpLoad Time = Nov 14 2020 20:07:32
* <ApplicationData>
* <AQUIREV2>
** VESSEL/TRIP/SEQ STN: tel214_2020_026
** LATITUDE: 53 55.19 N
** LONGITUDE: 52 46.00 W
** DATE/TIME: 2020-11-14 18:45
** SOUNDING DEPTH (M): 0599
** PROBE TYPE: S7853
** CTD NUMBER: 026
** COMMENTS: 
# nquan = 7                                 
# nvalues = 4760                        
# units = specified
# name 0 = scan: Scan Count
# name 1 = prdM: Pressure, Strain Gauge [db]
# name 2 = tv290C: Temperature [ITS-90, deg C]
# name 3 = c0S/m: Conductivity [S/m]
# name 4 = sal00: Salinity, Practical [PSU]
# name 5 = sigma-t00: Density [sigma-t, kg/m^3 ]
# name 6 = flag: flag
# span 0 =          1,       4760       
# span 1 =     -1.061,    602.647       
# span 2 =     0.0780,     4.0355       
# span 3 =   0.000041,   3.257891       
# span 4 =    -0.0017,    34.8184       
# span 5 =    -0.1522,    27.6550       
# span 6 = 0.0000e+00, 0.0000e+00       
# interval = seconds: 1
# start_time = Nov 14 2020 18:45:16 [Instrument's time stamp, header]
# bad_flag = -9.990e-29
*END*
[from data line 1847]
       1848    348.032     4.0271   3.254618    34.7733    27.6030 0.0000e+00
       1849    348.634     4.0273   3.254668    34.7733    27.6030 0.0000e+00
       1850    349.244     4.0275   3.254712    34.7733    27.6030 0.0000e+00
       1851    349.854     4.0275   3.254757    34.7735    27.6032 0.0000e+00
       1852    350.461     4.0277   3.254804    34.7736    27.6032 0.0000e+00
       1853    351.068     4.0278   3.254855    34.7737    27.6033 0.0000e+00
       1854    351.678     4.0280   3.254920    34.7740    27.6035 0.0000e+00
       1855    352.295     4.0282   3.255001    34.7744    27.6038 0.0000e+00
       1856    352.909     4.0286   3.255093    34.7747    27.6040 0.0000e+00
       1857    353.515     4.0290   3.255191    34.7751    27.6043 0.0000e+00
       1858    354.116     4.0294   3.255284    34.7755    27.6045 0.0000e+00
       1859    354.722     4.0297   3.255369    34.7759    27.6048 0.0000e+00
       1860    355.339     4.0301   3.255452    34.7761    27.6049 0.0000e+00
       1861    355.967     4.0304   3.255525    34.7763    27.6051 0.0000e+00
       1862    356.606     4.0306   3.255591    34.7765    27.6052 0.0000e+00
       1863    357.253     4.0309   3.255656    34.7766    27.6053 0.0000e+00
       1864    357.903     4.0311   3.255716    34.7768    27.6054 0.0000e+00
       1865    358.551     4.0313   3.255770    34.7769    27.6054 0.0000e+00
       1866    359.197     4.0314   3.255822    34.7770    27.6056 0.0000e+00
       1867    359.837     4.0316   3.255871    34.7771    27.6056 0.0000e+00
       1868    360.466     4.0317   3.255917    34.7772    27.6056 0.0000e+00
       1869    361.081     4.0317   3.255967    34.7774    27.6058 0.0000e+00
       1870    361.688     4.0319   3.256016    34.7775    27.6059 0.0000e+00
       1871    362.294     4.0320   3.256064    34.7776    27.6060 0.0000e+00
       1872    362.905     4.0322   3.256118    34.7777    27.6060 0.0000e+00
       1873    363.524     4.0325   3.256184    34.7779    27.6061 0.0000e+00
       1874    364.147     4.0327   3.256262    34.7783    27.6064 0.0000e+00
       1875    364.769     4.0329   3.256345    34.7787    27.6067 0.0000e+00
       1876    365.385     4.0331   3.256425    34.7791    27.6070 0.0000e+00
       1877    365.991     4.0333   3.256494    34.7794    27.6072 0.0000e+00
       1878    366.577     4.0335   3.256548    34.7795    27.6073 0.0000e+00
       1879    367.139     4.0335   3.256587    34.7797    27.6074 0.0000e+00
       1880    367.675     4.0333   3.256617    34.7799    27.6077 0.0000e+00
       1881    368.179     4.0329   3.256648    34.7805    27.6081 0.0000e+00
       1882    368.643     4.0327   3.256685    34.7809    27.6085 0.0000e+00
       1883    369.071     4.0323   3.256713    34.7814    27.6089 0.0000e+00
       1884    369.474     4.0321   3.256733    34.7816    27.6091 0.0000e+00
       1885    369.865     4.0319   3.256750    34.7818    27.6093 0.0000e+00
       1886    370.248     4.0317   3.256761    34.7820    27.6094 0.0000e+00
       1887    370.616     4.0313   3.256765    34.7822    27.6097 0.0000e+00
       1888    370.964     4.0311   3.256774    34.7824    27.6098 0.0000e+00
       1889    371.298     4.0309   3.256778    34.7825    27.6099 0.0000e+00
       1890    371.615     4.0305   3.256763    34.7825    27.6100 0.0000e+00
       1891    371.907     4.0299   3.256718    34.7825    27.6100 0.0000e+00
       1892    372.175     4.0290   3.256642    34.7824    27.6101 0.0000e+00
       1893    372.429     4.0280   3.256586    34.7826    27.6104 0.0000e+00
       1894    372.674     4.0276   3.256599    34.7831    27.6108 0.0000e+00
       1895    372.908     4.0279   3.256664    34.7834    27.6110 0.0000e+00
       1896    373.133     4.0286   3.256730    34.7833    27.6109 0.0000e+00
       1897    373.345     4.0290   3.256756    34.7831    27.6106 0.0000e+00
       1898    373.542     4.0290   3.256759    34.7830    27.6106 0.0000e+00
       1899    373.724     4.0290   3.256765    34.7830    27.6106 0.0000e+00
       1900    373.895     4.0290   3.256773    34.7830    27.6106 0.0000e+00
       1901    374.058     4.0293   3.256802    34.7830    27.6105 0.0000e+00
       1902    374.215     4.0298   3.256849    34.7829    27.6104 0.0000e+00
       1903    374.368     4.0303   3.256877    34.7826    27.6101 0.0000e+00
       1904    374.513     4.0305   3.256881    34.7824    27.6099 0.0000e+00
       1905    374.649     4.0303   3.256872    34.7824    27.6099 0.0000e+00
       1906    374.775     4.0300   3.256859    34.7825    27.6101 0.0000e+00
       1907    374.897     4.0298   3.256851    34.7826    27.6101 0.0000e+00
       1908    375.020     4.0297   3.256848    34.7826    27.6101 0.0000e+00
       1909    375.142     4.0295   3.256839    34.7826    27.6102 0.0000e+00
       1910    375.261     4.0293   3.256823    34.7826    27.6102 0.0000e+00
       1911    375.379     4.0291   3.256801    34.7825    27.6101 0.0000e+00
       1912    375.495     4.0290   3.256803    34.7825    27.6102 0.0000e+00
       1913    375.610     4.0294   3.256870    34.7828    27.6104 0.0000e+00
       1914    375.723     4.0303   3.256971    34.7830    27.6104 0.0000e+00
       1915    375.830     4.0313   3.257041    34.7827    27.6101 0.0000e+00
       1916    375.932     4.0320   3.257086    34.7825    27.6098 0.0000e+00
       1917    376.032     4.0327   3.257134    34.7823    27.6096 0.0000e+00
       1918    376.135     4.0332   3.257175    34.7822    27.6094 0.0000e+00
       1919    376.240     4.0337   3.257200    34.7819    27.6091 0.0000e+00
       1920    376.342     4.0341   3.257217    34.7816    27.6089 0.0000e+00
       1921    376.437     4.0343   3.257235    34.7815    27.6088 0.0000e+00
       1922    376.527     4.0345   3.257257    34.7815    27.6088 0.0000e+00
       1923    376.621     4.0347   3.257280    34.7816    27.6088 0.0000e+00
       1924    376.720     4.0348   3.257293    34.7815    27.6088 0.0000e+00
       1925    376.820     4.0350   3.257297    34.7813    27.6086 0.0000e+00
       1926    376.916     4.0351   3.257283    34.7810    27.6083 0.0000e+00
       1927    377.012     4.0352   3.257265    34.7806    27.6080 0.0000e+00
       1928    377.113     4.0354   3.257271    34.7804    27.6078 0.0000e+00
       1929    377.218     4.0355   3.257292    34.7805    27.6079 0.0000e+00
       1930    377.325     4.0355   3.257304    34.7806    27.6080 0.0000e+00
       1931    377.433     4.0353   3.257312    34.7809    27.6082 0.0000e+00
       1932    377.542     4.0351   3.257317    34.7811    27.6084 0.0000e+00
       1933    377.653     4.0346   3.257291    34.7812    27.6086 0.0000e+00
       1934    377.769     4.0337   3.257204    34.7811    27.6085 0.0000e+00
       1935    377.887     4.0321   3.257050    34.7809    27.6085 0.0000e+00
       1936    378.003     4.0300   3.256885    34.7811    27.6089 0.0000e+00
       1937    378.121     4.0281   3.256772    34.7817    27.6096 0.0000e+00
       1938    378.243     4.0267   3.256708    34.7824    27.6103 0.0000e+00
       1939    378.363     4.0258   3.256671    34.7828    27.6107 0.0000e+00
       1940    378.478     4.0252   3.256649    34.7831    27.6110 0.0000e+00
       1941    378.591     4.0246   3.256626    34.7834    27.6113 0.0000e+00
       1942    378.707     4.0242   3.256592    34.7834    27.6114 0.0000e+00
       1943    378.833     4.0236   3.256543    34.7834    27.6114 0.0000e+00
       1944    378.969     4.0227   3.256474    34.7834    27.6116 0.0000e+00
       1945    379.105     4.0217   3.256390    34.7834    27.6116 0.0000e+00
       1946    379.234     4.0207   3.256325    34.7836    27.6119 0.0000e+00
       1947    379.358     4.0200   3.256304    34.7841    27.6123 0.0000e+00
       1948    379.485     4.0197   3.256308    34.7844    27.6126 0.0000e+00
       1949    379.620     4.0195   3.256304    34.7845    27.6127 0.0000e+00
       1950    379.766     4.0192   3.256287    34.7845    27.6128 0.0000e+00
       1951    379.920     4.0190   3.256270    34.7844    27.6127 0.0000e+00
       1952    380.073     4.0187   3.256263    34.7846    27.6129 0.0000e+00
       1953    380.218     4.0184   3.256263    34.7848    27.6131 0.0000e+00
       1954    380.361     4.0183   3.256262    34.7848    27.6131 0.0000e+00
       1955    380.508     4.0182   3.256246    34.7847    27.6130 0.0000e+00
       1956    380.661     4.0178   3.256214    34.7846    27.6130 0.0000e+00
       1957    380.821     4.0174   3.256179    34.7846    27.6130 0.0000e+00
       1958    380.984     4.0169   3.256150    34.7847    27.6131 0.0000e+00
       1959    381.147     4.0166   3.256128    34.7846    27.6131 0.0000e+00
       1960    381.310     4.0162   3.256103    34.7847    27.6132 0.0000e+00
       1961    381.476     4.0158   3.256073    34.7847    27.6132 0.0000e+00
       1962    381.646     4.0154   3.256048    34.7847    27.6133 0.0000e+00
       1963    381.818     4.0150   3.256034    34.7849    27.6135 0.0000e+00
       1964    381.990     4.0145   3.256026    34.7852    27.6138 0.0000e+00
       1965    382.166     4.0143   3.256021    34.7853    27.6139 0.0000e+00
       1966    382.347     4.0137   3.256024    34.7858    27.6144 0.0000e+00
       1967    382.530     4.0130   3.256031    34.7866    27.6150 0.0000e+00
       1968    382.720     4.0123   3.256032    34.7872    27.6156 0.0000e+00
       1969    382.921     4.0116   3.256033    34.7879    27.6162 0.0000e+00
       1970    383.129     4.0110   3.256037    34.7884    27.6167 0.0000e+00
       1971    383.339     4.0105   3.256044    34.7889    27.6172 0.0000e+00
       1972    383.547     4.0100   3.256058    34.7895    27.6177 0.0000e+00
       1973    383.754     4.0099   3.256077    34.7897    27.6179 0.0000e+00
       1974    383.967     4.0099   3.256089    34.7898    27.6179 0.0000e+00
       1975    384.189     4.0098   3.256097    34.7898    27.6180 0.0000e+00
       1976    384.422     4.0096   3.256105    34.7900    27.6182 0.0000e+00
       1977    384.656     4.0095   3.256117    34.7901    27.6183 0.0000e+00
       1978    384.880     4.0093   3.256135    34.7905    27.6185 0.0000e+00
       1979    385.098     4.0092   3.256157    34.7907    27.6187 0.0000e+00
       1980    385.323     4.0092   3.256172    34.7908    27.6188 0.0000e+00
       1981    385.567     4.0092   3.256189    34.7908    27.6188 0.0000e+00
       1982    385.825     4.0091   3.256212    34.7911    27.6190 0.0000e+00
       1983    386.085     4.0091   3.256234    34.7912    27.6191 0.0000e+00
       1984    386.338     4.0091   3.256248    34.7912    27.6192 0.0000e+00
       1985    386.587     4.0092   3.256262    34.7912    27.6191 0.0000e+00
       1986    386.834     4.0092   3.256277    34.7912    27.6191 0.0000e+00
       1987    387.083     4.0092   3.256291    34.7912    27.6192 0.0000e+00
       1988    387.342     4.0092   3.256306    34.7913    27.6192 0.0000e+00
       1989    387.611     4.0092   3.256325    34.7914    27.6193 0.0000e+00
       1990    387.884     4.0092   3.256350    34.7915    27.6194 0.0000e+00
       1991    388.153     4.0092   3.256383    34.7918    27.6196 0.0000e+00
       1992    388.415     4.0092   3.256410    34.7919    27.6197 0.0000e+00
       1993    388.679     4.0092   3.256429    34.7920    27.6198 0.0000e+00
       1994    388.956     4.0092   3.256444    34.7920    27.6198 0.0000e+00
       1995    389.246     4.0092   3.256456    34.7920    27.6198 0.0000e+00
       1996    389.534     4.0092   3.256466    34.7920    27.6198 0.0000e+00
       1997    389.810     4.0090   3.256482    34.7923    27.6200 0.0000e+00
       1998    390.078     4.0088   3.256501    34.7926    27.6203 0.0000e+00
       1999    390.350     4.0085   3.256510    34.7928    27.6205 0.0000e+00
       2000    390.635     4.0084   3.256512    34.7928    27.6205 0.0000e+00
       2001    390.939     4.0081   3.256513    34.7930    27.6207 0.0000e+00
       2002    391.254     4.0078   3.256513    34.7931    27.6208 0.0000e+00
       2003    391.561     4.0076   3.256511    34.7931    27.6209 0.0000e+00
       2004    391.851     4.0073   3.256512    34.7933    27.6210 0.0000e+00
       2005    392.132     4.0069   3.256511    34.7936    27.6213 0.0000e+00
       2006    392.424     4.0067   3.256508    34.7936    27.6213 0.0000e+00
       2007    392.740     4.0065   3.256508    34.7936    27.6214 0.0000e+00
       2008    393.066     4.0062   3.256513    34.7939    27.6216 0.0000e+00
       2009    393.384     4.0061   3.256527    34.7940    27.6217 0.0000e+00
       2010    393.684     4.0060   3.256546    34.7941    27.6218 0.0000e+00
       2011    393.977     4.0060   3.256561    34.7941    27.6218 0.0000e+00
       2012    394.288     4.0059   3.256569    34.7942    27.6219 0.0000e+00
       2013    394.627     4.0056   3.256562    34.7942    27.6219 0.0000e+00
       2014    394.976     4.0053   3.256538    34.7941    27.6218 0.0000e+00
       2015    395.310     4.0046   3.256514    34.7944    27.6221 0.0000e+00
       2016    395.623     4.0040   3.256512    34.7948    27.6226 0.0000e+00
       2017    395.927     4.0038   3.256519    34.7949    27.6227 0.0000e+00
       2018    396.240     4.0036   3.256518    34.7950    27.6227 0.0000e+00
       2019    396.567     4.0032   3.256496    34.7950    27.6228 0.0000e+00
       2020    396.899     4.0026   3.256453    34.7949    27.6228 0.0000e+00
       2021    397.224     4.0015   3.256410    34.7954    27.6233 0.0000e+00
       2022    397.537     4.0004   3.256382    34.7961    27.6239 0.0000e+00
       2023    397.852     3.9996   3.256362    34.7965    27.6244 0.0000e+00
       2024    398.183     3.9990   3.256345    34.7968    27.6246 0.0000e+00
       2025    398.528     3.9985   3.256337    34.7970    27.6249 0.0000e+00
       2026    398.879     3.9981   3.256334    34.7972    27.6251 0.0000e+00
       2027    399.223     3.9978   3.256338    34.7974    27.6253 0.0000e+00
       2028    399.556     3.9976   3.256346    34.7975    27.6254 0.0000e+00
       2029    399.880     3.9974   3.256351    34.7976    27.6255 0.0000e+00
       2030    400.206     3.9974   3.256350    34.7974    27.6253 0.0000e+00
       2031    400.547     3.9971   3.256338    34.7974    27.6254 0.0000e+00
       2032    400.904     3.9966   3.256321    34.7976    27.6255 0.0000e+00
       2033    401.266     3.9960   3.256299    34.7977    27.6257 0.0000e+00
       2034    401.624     3.9954   3.256287    34.7980    27.6260 0.0000e+00
       2035    401.972     3.9949   3.256286    34.7984    27.6263 0.0000e+00
       2036    402.318     3.9946   3.256286    34.7985    27.6265 0.0000e+00
       2037    402.671     3.9943   3.256271    34.7985    27.6265 0.0000e+00
       2038    403.030     3.9938   3.256254    34.7986    27.6266 0.0000e+00
       2039    403.385     3.9934   3.256250    34.7988    27.6268 0.0000e+00
       2040    403.733     3.9931   3.256258    34.7990    27.6270 0.0000e+00
       2041    404.076     3.9928   3.256273    34.7993    27.6273 0.0000e+00
       2042    404.423     3.9929   3.256288    34.7992    27.6272 0.0000e+00
       2043    404.781     3.9931   3.256300    34.7990    27.6270 0.0000e+00
       2044    405.145     3.9931   3.256314    34.7989    27.6270 0.0000e+00
       2045    405.505     3.9931   3.256335    34.7990    27.6270 0.0000e+00
       2046    405.858     3.9930   3.256350    34.7991    27.6271 0.0000e+00
       2047    406.208     3.9928   3.256358    34.7992    27.6272 0.0000e+00
       2048    406.560     3.9928   3.256366    34.7991    27.6271 0.0000e+00
       2049    406.921     3.9927   3.256372    34.7991    27.6271 0.0000e+00
       2050    407.288     3.9925   3.256374    34.7991    27.6272 0.0000e+00
       2051    407.652     3.9923   3.256374    34.7991    27.6272 0.0000e+00
