Datasets/Multi_Species/TEL214/tel214_2020_022.cnv
* Sea-Bird SBE19plus Data File:
* Filename = C:/AQUIRE/tel214_2020_022.hex
* Software Version AquireV2 AF V2.0
* Temperature SN =  7853
* Conductivity SN =  7853
* System UpLoad Time = Nov 12 2020 11:26:05
* <ApplicationData>
* <AQUIREV2>
** VESSEL/TRIP/SEQ STN: tel214_2020_022
** LATITUDE: 54 16.13 N
** LONGITUDE: 53 15.80 W
** DATE/TIME: 2020-11-12 02:06
** SOUNDING DEPTH (M): 0427
** PROBE TYPE: S7853
** CTD NUMBER:  22
** COMMENTS: SET 22, TEARUP
# nquan = 7                                 
# nvalues = 5033                        
# units = specified
# name 0 = scan: Scan Count
# name 1 = prdM: Pressure, Strain Gauge [db]
# name 2 = tv290C: Temperature [ITS-90, deg C]
# name 3 = c0S/m: Conductivity [S/m]
# name 4 = sal00: Salinity, Practical [PSU]
# name 5 = sigma-t00: Density [sigma-t, kg/m^3 ]
# name 6 = flag: flag
# span 0 =          1,       5033       
# span 1 =     -1.180,    437.520       
# span 2 =    -0.5538,     4.0883       
# span 3 =   0.000083,   3.263553       
# span 4 =    -0.0016,    34.8038       
# span 5 =    -0.1978,    27.6245       
# span 6 = 0.0000e+00, 0.0000e+00       
# interval = seconds: 1
# start_time = Nov 12 2020 02:06:21 [Instrument's time stamp, header]
# bad_flag = -9.990e-29
*END*
[from data line 4308]
       4309     -1.146     1.8638   0.000091     0.0000    -0.0617 0.0000e+00
       4310     -1.143     1.8631   0.000091     0.0000    -0.0617 0.0000e+00
       4311     -1.141     1.8624   0.000092     0.0000    -0.0618 0.0000e+00
       4312     -1.141     1.8617   0.000092     0.0000    -0.0618 0.0000e+00
       4313     -1.143     1.8609   0.000092     0.0000    -0.0618 0.0000e+00
       4314     -1.146     1.8601   0.000091 3.6615e-07    -0.0619 0.0000e+00
       4315     -1.146     1.8594   0.000091 -1.531e-07    -0.0619 0.0000e+00
       4316     -1.145     1.8586   0.000092     0.0000    -0.0619 0.0000e+00
       4317     -1.144     1.8579   0.000092     0.0000    -0.0619 0.0000e+00
       4318     -1.142     1.8571   0.000091    -0.0000    -0.0620 0.0000e+00
       4319     -1.140     1.8563   0.000089    -0.0000    -0.0620 0.0000e+00
       4320     -1.140     1.8556   0.000090    -0.0000    -0.0620 0.0000e+00
       4321     -1.140     1.8548   0.000089    -0.0000    -0.0620 0.0000e+00
       4322     -1.142     1.8541   0.000090    -0.0000    -0.0621 0.0000e+00
       4323     -1.144     1.8533   0.000089    -0.0000    -0.0621 0.0000e+00
       4324     -1.145     1.8525   0.000089    -0.0000    -0.0621 0.0000e+00
       4325     -1.145     1.8518   0.000090    -0.0000    -0.0621 0.0000e+00
       4326     -1.146     1.8510   0.000089    -0.0000    -0.0622 0.0000e+00
       4327     -1.147     1.8502   0.000091    -0.0000    -0.0622 0.0000e+00
       4328     -1.147     1.8494   0.000091    -0.0000    -0.0622 0.0000e+00
       4329     -1.146     1.8485   0.000090    -0.0000    -0.0623 0.0000e+00
       4330     -1.147     1.8478   0.000089    -0.0000    -0.0623 0.0000e+00
       4331     -1.148     1.8470   0.000089    -0.0000    -0.0623 0.0000e+00
       4332     -1.147     1.8462   0.000089    -0.0000    -0.0623 0.0000e+00
       4333     -1.144     1.8454   0.000089    -0.0000    -0.0624 0.0000e+00
       4334     -1.144     1.8445   0.000088    -0.0000    -0.0624 0.0000e+00
       4335     -1.146     1.8437   0.000089    -0.0000    -0.0624 0.0000e+00
       4336     -1.146     1.8429   0.000090    -0.0000    -0.0625 0.0000e+00
       4337     -1.143     1.8421   0.000090    -0.0000    -0.0625 0.0000e+00
       4338     -1.141     1.8413   0.000090    -0.0000    -0.0625 0.0000e+00
       4339     -1.141     1.8405   0.000089    -0.0000    -0.0625 0.0000e+00
       4340     -1.141     1.8397   0.000088    -0.0000    -0.0626 0.0000e+00
       4341     -1.144     1.8388   0.000088    -0.0000    -0.0626 0.0000e+00
       4342     -1.147     1.8380   0.000088    -0.0000    -0.0626 0.0000e+00
       4343     -1.147     1.8371   0.000088    -0.0000    -0.0627 0.0000e+00
       4344     -1.144     1.8363   0.000089    -0.0000    -0.0627 0.0000e+00
       4345     -1.144     1.8355   0.000090    -0.0000    -0.0627 0.0000e+00
       4346     -1.145     1.8347   0.000089    -0.0000    -0.0628 0.0000e+00
       4347     -1.146     1.8339   0.000089    -0.0000    -0.0628 0.0000e+00
       4348     -1.148     1.8331   0.000090    -0.0000    -0.0628 0.0000e+00
       4349     -1.149     1.8323   0.000090    -0.0000    -0.0628 0.0000e+00
       4350     -1.147     1.8313   0.000089    -0.0000    -0.0629 0.0000e+00
       4351     -1.144     1.8304   0.000089    -0.0000    -0.0629 0.0000e+00
       4352     -1.143     1.8296   0.000089    -0.0000    -0.0629 0.0000e+00
       4353     -1.144     1.8287   0.000089    -0.0000    -0.0630 0.0000e+00
       4354     -1.143     1.8279   0.000088    -0.0000    -0.0630 0.0000e+00
       4355     -1.142     1.8270   0.000087    -0.0000    -0.0630 0.0000e+00
       4356     -1.142     1.8261   0.000087    -0.0000    -0.0631 0.0000e+00
       4357     -1.144     1.8251   0.000086    -0.0001    -0.0631 0.0000e+00
       4358     -1.147     1.8243   0.000086    -0.0001    -0.0631 0.0000e+00
       4359     -1.147     1.8234   0.000086    -0.0001    -0.0632 0.0000e+00
       4360     -1.144     1.8224   0.000087    -0.0001    -0.0632 0.0000e+00
       4361     -1.144     1.8215   0.000088    -0.0000    -0.0632 0.0000e+00
       4362     -1.147     1.8205   0.000087    -0.0001    -0.0633 0.0000e+00
       4363     -1.147     1.8197   0.000088    -0.0000    -0.0633 0.0000e+00
       4364     -1.144     1.8188   0.000088    -0.0000    -0.0633 0.0000e+00
       4365     -1.143     1.8179   0.000088    -0.0000    -0.0634 0.0000e+00
       4366     -1.142     1.8169   0.000087    -0.0001    -0.0634 0.0000e+00
       4367     -1.140     1.8160   0.000086    -0.0001    -0.0634 0.0000e+00
       4368     -1.140     1.8150   0.000085    -0.0001    -0.0635 0.0000e+00
       4369     -1.144     1.8140   0.000086    -0.0001    -0.0635 0.0000e+00
       4370     -1.149     1.8130   0.000086    -0.0001    -0.0635 0.0000e+00
       4371     -1.153     1.8121   0.000086    -0.0001    -0.0636 0.0000e+00
       4372     -1.152     1.8111   0.000084    -0.0001    -0.0636 0.0000e+00
       4373     -1.149     1.8102   0.000084    -0.0001    -0.0636 0.0000e+00
       4374     -1.147     1.8092   0.000084    -0.0001    -0.0637 0.0000e+00
       4375     -1.145     1.8083   0.000085    -0.0001    -0.0637 0.0000e+00
       4376     -1.141     1.8073   0.000086    -0.0001    -0.0637 0.0000e+00
       4377     -1.138     1.8063   0.000086    -0.0001    -0.0638 0.0000e+00
       4378     -1.137     1.8053   0.000085    -0.0001    -0.0638 0.0000e+00
       4379     -1.138     1.8043   0.000084    -0.0001    -0.0638 0.0000e+00
       4380     -1.142     1.8033   0.000084    -0.0001    -0.0639 0.0000e+00
       4381     -1.146     1.8022   0.000085    -0.0001    -0.0639 0.0000e+00
       4382     -1.146     1.8012   0.000085    -0.0001    -0.0640 0.0000e+00
       4383     -1.144     1.8002   0.000085    -0.0001    -0.0640 0.0000e+00
       4384     -1.141     1.7992   0.000084    -0.0001    -0.0640 0.0000e+00
       4385     -1.139     1.7982   0.000083    -0.0001    -0.0641 0.0000e+00
       4386     -1.137     1.7973   0.000083    -0.0001    -0.0641 0.0000e+00
       4387     -1.138     1.7963   0.000083    -0.0001    -0.0641 0.0000e+00
       4388     -1.139     1.7953   0.000083    -0.0001    -0.0642 0.0000e+00
       4389     -1.138     1.7942   0.000084    -0.0001    -0.0642 0.0000e+00
       4390     -1.137     1.7932   0.000085    -0.0001    -0.0642 0.0000e+00
       4391     -1.139     1.7921   0.000085    -0.0001    -0.0643 0.0000e+00
       4392     -1.142     1.7911   0.000085    -0.0001    -0.0643 0.0000e+00
       4393     -1.144     1.7902   0.000086    -0.0001    -0.0643 0.0000e+00
       4394     -1.143     1.7892   0.000085    -0.0001    -0.0644 0.0000e+00
       4395     -1.139     1.7882   0.000085    -0.0001    -0.0644 0.0000e+00
       4396     -1.135     1.7872   0.000085    -0.0001    -0.0645 0.0000e+00
       4397     -1.134     1.7862   0.000085    -0.0001    -0.0645 0.0000e+00
       4398     -1.135     1.7853   0.000085    -0.0001    -0.0645 0.0000e+00
       4399     -1.136     1.7843   0.000085    -0.0001    -0.0646 0.0000e+00
       4400     -1.139     1.7834   0.000084    -0.0001    -0.0646 0.0000e+00
       4401     -1.143     1.7824   0.000083    -0.0001    -0.0646 0.0000e+00
       4402     -1.145     1.7814   0.000084    -0.0001    -0.0647 0.0000e+00
       4403     -1.144     1.7804   0.000085    -0.0001    -0.0647 0.0000e+00
       4404     -1.142     1.7795   0.000086    -0.0001    -0.0647 0.0000e+00
       4405     -1.142     1.7785   0.000086    -0.0001    -0.0648 0.0000e+00
       4406     -1.144     1.7776   0.000086    -0.0001    -0.0648 0.0000e+00
       4407     -1.147     1.7766   0.000086    -0.0001    -0.0648 0.0000e+00
       4408     -1.146     1.7757   0.000086    -0.0001    -0.0649 0.0000e+00
       4409     -1.141     1.7748   0.000085    -0.0001    -0.0649 0.0000e+00
       4410     -1.136     1.7738   0.000085    -0.0001    -0.0649 0.0000e+00
       4411     -1.136     1.7729   0.000086    -0.0001    -0.0650 0.0000e+00
       4412     -1.139     1.7719   0.000086    -0.0001    -0.0650 0.0000e+00
       4413     -1.143     1.7709   0.000085    -0.0001    -0.0651 0.0000e+00
       4414     -1.147     1.7700   0.000085    -0.0001    -0.0651 0.0000e+00
       4415     -1.148     1.7690   0.000086    -0.0001    -0.0651 0.0000e+00
       4416     -1.147     1.7681   0.000085    -0.0001    -0.0652 0.0000e+00
       4417     -1.146     1.7672   0.000084    -0.0001    -0.0652 0.0000e+00
       4418     -1.143     1.7662   0.000084    -0.0001    -0.0652 0.0000e+00
       4419     -1.140     1.7654   0.000084    -0.0001    -0.0653 0.0000e+00
       4420     -1.138     1.7645   0.000084    -0.0001    -0.0653 0.0000e+00
       4421     -1.138     1.7636   0.000086    -0.0001    -0.0653 0.0000e+00
       4422     -1.138     1.7626   0.000086    -0.0001    -0.0654 0.0000e+00
       4423     -1.137     1.7616   0.000086    -0.0001    -0.0654 0.0000e+00
       4424     -1.139     1.7607   0.000086    -0.0001    -0.0654 0.0000e+00
       4425     -1.142     1.7597   0.000085    -0.0001    -0.0655 0.0000e+00
       4426     -1.144     1.7589   0.000086    -0.0001    -0.0655 0.0000e+00
       4427     -1.142     1.7580   0.000088    -0.0001    -0.0655 0.0000e+00
       4428     -1.140     1.7571   0.000088    -0.0001    -0.0656 0.0000e+00
       4429     -1.140     1.7561   0.000086    -0.0001    -0.0656 0.0000e+00
       4430     -1.139     1.7553   0.000087    -0.0001    -0.0656 0.0000e+00
       4431     -1.139     1.7544   0.000086    -0.0001    -0.0657 0.0000e+00
       4432     -1.140     1.7536   0.000086    -0.0001    -0.0657 0.0000e+00
       4433     -1.140     1.7527   0.000087    -0.0001    -0.0657 0.0000e+00
       4434     -1.141     1.7517   0.000086    -0.0001    -0.0658 0.0000e+00
       4435     -1.144     1.7509   0.000086    -0.0001    -0.0658 0.0000e+00
       4436     -1.146     1.7499   0.000087    -0.0001    -0.0658 0.0000e+00
       4437     -1.147     1.7490   0.000087    -0.0001    -0.0659 0.0000e+00
       4438     -1.147     1.7481   0.000087    -0.0001    -0.0659 0.0000e+00
       4439     -1.146     1.7473   0.000088    -0.0001    -0.0659 0.0000e+00
       4440     -1.144     1.7463   0.000089    -0.0001    -0.0660 0.0000e+00
       4441     -1.140     1.7454   0.000089    -0.0001    -0.0660 0.0000e+00
       4442     -1.137     1.7446   0.000088    -0.0001    -0.0660 0.0000e+00
       4443     -1.136     1.7438   0.000088    -0.0001    -0.0661 0.0000e+00
       4444     -1.135     1.7430   0.000088    -0.0001    -0.0661 0.0000e+00
       4445     -1.134     1.7420   0.000089    -0.0001    -0.0661 0.0000e+00
       4446     -1.137     1.7411   0.000088    -0.0001    -0.0662 0.0000e+00
       4447     -1.144     1.7401   0.000086    -0.0001    -0.0662 0.0000e+00
       4448     -1.151     1.7393   0.000087    -0.0001    -0.0662 0.0000e+00
       4449     -1.152     1.7384   0.000088    -0.0001    -0.0663 0.0000e+00
       4450     -1.149     1.7376   0.000087    -0.0001    -0.0663 0.0000e+00
       4451     -1.145     1.7368   0.000087    -0.0001    -0.0663 0.0000e+00
       4452     -1.143     1.7359   0.000088    -0.0001    -0.0663 0.0000e+00
       4453     -1.142     1.7351   0.000088    -0.0001    -0.0664 0.0000e+00
       4454     -1.142     1.7342   0.000087    -0.0001    -0.0664 0.0000e+00
       4455     -1.142     1.7334   0.000086    -0.0001    -0.0664 0.0000e+00
       4456     -1.142     1.7325   0.000087    -0.0001    -0.0665 0.0000e+00
       4457     -1.142     1.7317   0.000089    -0.0001    -0.0665 0.0000e+00
       4458     -1.141     1.7308   0.000087    -0.0001    -0.0665 0.0000e+00
       4459     -1.140     1.7298   0.000087    -0.0001    -0.0666 0.0000e+00
       4460     -1.141     1.7290   0.000088    -0.0001    -0.0666 0.0000e+00
       4461     -1.144     1.7281   0.000087    -0.0001    -0.0666 0.0000e+00
       4462     -1.146     1.7273   0.000087    -0.0001    -0.0667 0.0000e+00
       4463     -1.146     1.7265   0.000089    -0.0001    -0.0667 0.0000e+00
       4464     -1.144     1.7256   0.000087    -0.0001    -0.0667 0.0000e+00
       4465     -1.142     1.7248   0.000088    -0.0001    -0.0668 0.0000e+00
       4466     -1.139     1.7240   0.000089    -0.0001    -0.0668 0.0000e+00
       4467     -1.136     1.7232   0.000089    -0.0001    -0.0668 0.0000e+00
       4468     -1.136     1.7223   0.000089    -0.0001    -0.0669 0.0000e+00
       4469     -1.137     1.7214   0.000088    -0.0001    -0.0669 0.0000e+00
       4470     -1.140     1.7206   0.000088    -0.0001    -0.0669 0.0000e+00
       4471     -1.143     1.7198   0.000089    -0.0001    -0.0669 0.0000e+00
       4472     -1.144     1.7190   0.000088    -0.0001    -0.0670 0.0000e+00
       4473     -1.145     1.7181   0.000087    -0.0001    -0.0670 0.0000e+00
       4474     -1.145     1.7172   0.000088    -0.0001    -0.0670 0.0000e+00
       4475     -1.143     1.7165   0.000089    -0.0001    -0.0671 0.0000e+00
       4476     -1.139     1.7157   0.000089    -0.0001    -0.0671 0.0000e+00
       4477     -1.135     1.7150   0.000090    -0.0001    -0.0671 0.0000e+00
       4478     -1.133     1.7142   0.000091    -0.0001    -0.0672 0.0000e+00
       4479     -1.133     1.7134   0.000090    -0.0001    -0.0672 0.0000e+00
       4480     -1.135     1.7126   0.000090    -0.0001    -0.0672 0.0000e+00
       4481     -1.139     1.7117   0.000090    -0.0001    -0.0673 0.0000e+00
       4482     -1.142     1.7109   0.000089    -0.0001    -0.0673 0.0000e+00
       4483     -1.144     1.7100   0.000087    -0.0001    -0.0673 0.0000e+00
       4484     -1.146     1.7092   0.000089    -0.0001    -0.0673 0.0000e+00
       4485     -1.146     1.7085   0.000090    -0.0001    -0.0674 0.0000e+00
       4486     -1.146     1.7077   0.000091    -0.0001    -0.0674 0.0000e+00
       4487     -1.148     1.7069   0.000090    -0.0001    -0.0674 0.0000e+00
       4488     -1.148     1.7060   0.000089    -0.0001    -0.0675 0.0000e+00
       4489     -1.147     1.7052   0.000089    -0.0001    -0.0675 0.0000e+00
       4490     -1.145     1.7046   0.000090    -0.0001    -0.0675 0.0000e+00
       4491     -1.144     1.7038   0.000090    -0.0001    -0.0676 0.0000e+00
       4492     -1.145     1.7030   0.000090    -0.0001    -0.0676 0.0000e+00
       4493     -1.146     1.7022   0.000089    -0.0001    -0.0676 0.0000e+00
       4494     -1.145     1.7014   0.000088    -0.0001    -0.0676 0.0000e+00
       4495     -1.144     1.7005   0.000089    -0.0001    -0.0677 0.0000e+00
       4496     -1.146     1.6997   0.000090    -0.0001    -0.0677 0.0000e+00
       4497     -1.148     1.6990   0.000090    -0.0001    -0.0677 0.0000e+00
       4498     -1.146     1.6982   0.000090    -0.0001    -0.0678 0.0000e+00
       4499     -1.143     1.6974   0.000091    -0.0001    -0.0678 0.0000e+00
       4500     -1.143     1.6966   0.000091    -0.0001    -0.0678 0.0000e+00
       4501     -1.146     1.6957   0.000090    -0.0001    -0.0679 0.0000e+00
       4502     -1.149     1.6950   0.000090    -0.0001    -0.0679 0.0000e+00
       4503     -1.151     1.6942   0.000090    -0.0001    -0.0679 0.0000e+00
       4504     -1.149     1.6933   0.000090    -0.0001    -0.0679 0.0000e+00
       4505     -1.145     1.6925   0.000090    -0.0001    -0.0680 0.0000e+00
       4506     -1.142     1.6917   0.000089    -0.0001    -0.0680 0.0000e+00
       4507     -1.144     1.6909   0.000089    -0.0001    -0.0680 0.0000e+00
       4508     -1.148     1.6900   0.000090    -0.0001    -0.0681 0.0000e+00
       4509     -1.148     1.6892   0.000091    -0.0001    -0.0681 0.0000e+00
       4510     -1.144     1.6884   0.000090    -0.0001    -0.0681 0.0000e+00
       4511     -1.142     1.6876   0.000089    -0.0001    -0.0682 0.0000e+00
       4512     -1.144     1.6868   0.000089    -0.0001    -0.0682 0.0000e+00
