Datasets/Multi_Species/TEL214/tel214_2020_034.cnv
* Sea-Bird SBE19plus Data File:
* Filename = C:/AQUIRE/tel214_2020_034.hex
* Software Version AquireV2 AF V2.0
* Temperature SN =  8014
* Conductivity SN =  8014
* System UpLoad Time = Nov 15 2020 20:41:06
* <ApplicationData>
* <AQUIREV2>
** VESSEL/TRIP/SEQ STN: tel214_2020_034
** LATITUDE: 52 48.82 N
** LONGITUDE: 52 12.53 W
** DATE/TIME: 2020-11-15 19:38
** SOUNDING DEPTH (M): 0294
** PROBE TYPE: S8014
** CTD NUMBER: 034
** COMMENTS: 
# nquan = 7                                 
# nvalues = 3572                        
# units = specified
# name 0 = scan: Scan Count
# name 1 = prdM: Pressure, Strain Gauge [db]
# name 2 = tv290C: Temperature [ITS-90, deg C]
# name 3 = c0S/m: Conductivity [S/m]
# name 4 = sal00: Salinity, Practical [PSU]
# name 5 = sigma-t00: Density [sigma-t, kg/m^3 ]
# name 6 = flag: flag
# span 0 =          1,       3572       
# span 1 =     -0.500,    291.374       
# span 2 =     1.5362,     3.4368       
# span 3 =  -0.035943,   3.176060       
# span 4 =    -0.0006,    34.5634       
# span 5 =    -0.0741,    27.5020       
# span 6 = 0.0000e+00, 0.0000e+00       
# interval = seconds: 1
# start_time = Nov 15 2020 19:38:24 [Instrument's time stamp, header]
# bad_flag = -9.990e-29
*END*
[from data line 1436]
       1437    257.930     2.9875   3.128352    34.4085    27.4140 0.0000e+00
       1438    258.164     2.9898   3.128756    34.4108    27.4157 0.0000e+00
       1439    258.406     2.9947   3.129423    34.4136    27.4175 0.0000e+00
       1440    258.636     2.9993   3.129837    34.4136    27.4171 0.0000e+00
       1441    258.846     3.0012   3.129937    34.4127    27.4161 0.0000e+00
       1442    259.045     3.0015   3.129932    34.4122    27.4157 0.0000e+00
       1443    259.248     3.0010   3.129829    34.4114    27.4151 0.0000e+00
       1444    259.465     2.9998   3.129656    34.4104    27.4145 0.0000e+00
       1445    259.699     2.9984   3.129542    34.4104    27.4146 0.0000e+00
       1446    259.934     2.9980   3.129626    34.4117    27.4157 0.0000e+00
       1447    260.153     2.9988   3.129853    34.4135    27.4170 0.0000e+00
       1448    260.362     2.9997   3.130048    34.4148    27.4180 0.0000e+00
       1449    260.577     3.0011   3.130249    34.4157    27.4185 0.0000e+00
       1450    260.809     3.0037   3.130598    34.4170    27.4194 0.0000e+00
       1451    261.054     3.0073   3.131017    34.4181    27.4199 0.0000e+00
       1452    261.298     3.0109   3.131392    34.4187    27.4201 0.0000e+00
       1453    261.526     3.0130   3.131655    34.4196    27.4206 0.0000e+00
       1454    261.737     3.0137   3.131757    34.4200    27.4208 0.0000e+00
       1455    261.951     3.0141   3.131841    34.4204    27.4211 0.0000e+00
       1456    262.184     3.0156   3.132030    34.4210    27.4215 0.0000e+00
       1457    262.434     3.0179   3.132262    34.4212    27.4214 0.0000e+00
       1458    262.685     3.0197   3.132451    34.4215    27.4215 0.0000e+00
       1459    262.927     3.0209   3.132532    34.4211    27.4210 0.0000e+00
       1460    263.167     3.0212   3.132547    34.4208    27.4208 0.0000e+00
       1461    263.414     3.0212   3.132574    34.4210    27.4209 0.0000e+00
       1462    263.662     3.0213   3.132605    34.4211    27.4210 0.0000e+00
       1463    263.899     3.0210   3.132599    34.4212    27.4211 0.0000e+00
       1464    264.125     3.0206   3.132589    34.4214    27.4213 0.0000e+00
       1465    264.356     3.0210   3.132693    34.4221    27.4219 0.0000e+00
       1466    264.593     3.0226   3.132924    34.4231    27.4225 0.0000e+00
       1467    264.831     3.0249   3.133195    34.4238    27.4229 0.0000e+00
       1468    265.076     3.0273   3.133470    34.4245    27.4232 0.0000e+00
       1469    265.330     3.0294   3.133728    34.4252    27.4236 0.0000e+00
       1470    265.591     3.0310   3.133886    34.4253    27.4235 0.0000e+00
       1471    265.857     3.0313   3.133888    34.4249    27.4231 0.0000e+00
       1472    266.123     3.0307   3.133778    34.4240    27.4225 0.0000e+00
       1473    266.380     3.0296   3.133630    34.4233    27.4220 0.0000e+00
       1474    266.627     3.0284   3.133521    34.4231    27.4219 0.0000e+00
       1475    266.874     3.0275   3.133483    34.4234    27.4223 0.0000e+00
       1476    267.131     3.0273   3.133574    34.4246    27.4233 0.0000e+00
       1477    267.401     3.0281   3.133816    34.4266    27.4248 0.0000e+00
       1478    267.677     3.0294   3.134056    34.4279    27.4257 0.0000e+00
       1479    267.957     3.0311   3.134254    34.4284    27.4259 0.0000e+00
       1480    268.235     3.0339   3.134584    34.4293    27.4264 0.0000e+00
       1481    268.496     3.0377   3.134993    34.4301    27.4267 0.0000e+00
       1482    268.741     3.0405   3.135225    34.4298    27.4262 0.0000e+00
       1483    268.990     3.0412   3.135250    34.4292    27.4256 0.0000e+00
       1484    269.262     3.0407   3.135277    34.4299    27.4263 0.0000e+00
       1485    269.556     3.0414   3.135481    34.4315    27.4274 0.0000e+00
       1486    269.852     3.0440   3.135842    34.4329    27.4284 0.0000e+00
       1487    270.136     3.0472   3.136145    34.4330    27.4282 0.0000e+00
       1488    270.414     3.0489   3.136246    34.4323    27.4274 0.0000e+00
       1489    270.702     3.0492   3.136254    34.4319    27.4271 0.0000e+00
       1490    271.004     3.0496   3.136338    34.4324    27.4274 0.0000e+00
       1491    271.311     3.0506   3.136493    34.4330    27.4278 0.0000e+00
       1492    271.607     3.0517   3.136635    34.4334    27.4280 0.0000e+00
       1493    271.887     3.0523   3.136719    34.4336    27.4282 0.0000e+00
       1494    272.167     3.0523   3.136764    34.4340    27.4285 0.0000e+00
       1495    272.471     3.0524   3.136813    34.4343    27.4287 0.0000e+00
       1496    272.799     3.0532   3.136911    34.4345    27.4288 0.0000e+00
       1497    273.127     3.0545   3.137076    34.4349    27.4290 0.0000e+00
       1498    273.435     3.0560   3.137266    34.4355    27.4293 0.0000e+00
       1499    273.731     3.0570   3.137379    34.4356    27.4293 0.0000e+00
       1500    274.034     3.0572   3.137417    34.4357    27.4294 0.0000e+00
       1501    274.355     3.0578   3.137543    34.4364    27.4299 0.0000e+00
       1502    274.682     3.0595   3.137844    34.4381    27.4311 0.0000e+00
       1503    274.997     3.0618   3.138172    34.4395    27.4320 0.0000e+00
       1504    275.300     3.0634   3.138364    34.4399    27.4322 0.0000e+00
       1505    275.607     3.0645   3.138518    34.4405    27.4325 0.0000e+00
       1506    275.926     3.0665   3.138807    34.4417    27.4333 0.0000e+00
       1507    276.249     3.0696   3.139174    34.4427    27.4338 0.0000e+00
       1508    276.560     3.0722   3.139448    34.4431    27.4339 0.0000e+00
       1509    276.864     3.0734   3.139602    34.4435    27.4341 0.0000e+00
       1510    277.184     3.0740   3.139722    34.4441    27.4346 0.0000e+00
       1511    277.526     3.0755   3.139941    34.4450    27.4351 0.0000e+00
       1512    277.870     3.0781   3.140240    34.4457    27.4354 0.0000e+00
       1513    278.198     3.0803   3.140389    34.4450    27.4346 0.0000e+00
       1514    278.519     3.0808   3.140257    34.4426    27.4327 0.0000e+00
       1515    278.853     3.0811   3.140227    34.4418    27.4320 0.0000e+00
       1516    279.200     3.0835   3.140815    34.4462    27.4353 0.0000e+00
       1517    279.540     3.0889   3.141753    34.4516    27.4392 0.0000e+00
       1518    279.862     3.0943   3.142416    34.4538    27.4404 0.0000e+00
       1519    280.176     3.0968   3.142626    34.4535    27.4399 0.0000e+00
       1520    280.504     3.0966   3.142598    34.4532    27.4397 0.0000e+00
       1521    280.853     3.0965   3.142671    34.4540    27.4403 0.0000e+00
       1522    281.212     3.0991   3.143072    34.4559    27.4416 0.0000e+00
       1523    281.557     3.1044   3.143722    34.4579    27.4428 0.0000e+00
       1524    281.876     3.1097   3.144379    34.4601    27.4440 0.0000e+00
       1525    282.182     3.1139   3.144533    34.4573    27.4414 0.0000e+00
       1526    282.500     3.1173   3.144152    34.4489    27.4344 0.0000e+00
       1527    282.836     3.1211   3.144660    34.4508    27.4356 0.0000e+00
       1528    283.166     3.1294   3.146622    34.4656    27.4466 0.0000e+00
       1529    283.465     3.1418   3.148512    34.4752    27.4531 0.0000e+00
       1530    283.737     3.1513   3.149339    34.4750    27.4520 0.0000e+00
       1531    284.009     3.1543   3.149513    34.4737    27.4507 0.0000e+00
       1532    284.299     3.1552   3.149732    34.4753    27.4519 0.0000e+00
       1533    284.604     3.1593   3.150364    34.4784    27.4540 0.0000e+00
       1534    284.904     3.1661   3.151144    34.4805    27.4550 0.0000e+00
       1535    285.184     3.1713   3.151585    34.4801    27.4543 0.0000e+00
       1536    285.450     3.1722   3.151666    34.4800    27.4541 0.0000e+00
       1537    285.714     3.1707   3.151715    34.4821    27.4558 0.0000e+00
       1538    285.981     3.1704   3.151870    34.4841    27.4575 0.0000e+00
       1539    286.255     3.1723   3.152039    34.4840    27.4572 0.0000e+00
       1540    286.526     3.1751   3.152206    34.4829    27.4561 0.0000e+00
       1541    286.779     3.1780   3.152491    34.4831    27.4560 0.0000e+00
       1542    287.008     3.1801   3.152813    34.4847    27.4570 0.0000e+00
       1543    287.225     3.1808   3.152937    34.4853    27.4575 0.0000e+00
       1544    287.444     3.1818   3.153138    34.4865    27.4584 0.0000e+00
       1545    287.666     3.1855   3.153655    34.4887    27.4598 0.0000e+00
       1546    287.874     3.1896   3.153959    34.4880    27.4588 0.0000e+00
       1547    288.057     3.1904   3.153745    34.4844    27.4559 0.0000e+00
       1548    288.221     3.1879   3.153388    34.4827    27.4547 0.0000e+00
       1549    288.385     3.1847   3.153103    34.4825    27.4549 0.0000e+00
       1550    288.567     3.1830   3.152904    34.4818    27.4545 0.0000e+00
       1551    288.763     3.1840   3.153171    34.4839    27.4561 0.0000e+00
       1552    288.941     3.1875   3.153826    34.4880    27.4590 0.0000e+00
       1553    289.078     3.1908   3.154113    34.4879    27.4586 0.0000e+00
       1554    289.186     3.1914   3.153813    34.4835    27.4551 0.0000e+00
       1555    289.301     3.1905   3.153444    34.4800    27.4523 0.0000e+00
       1556    289.437     3.1908   3.153728    34.4830    27.4547 0.0000e+00
       1557    289.570     3.1947   3.154683    34.4904    27.4602 0.0000e+00
       1558    289.674     3.2008   3.155514    34.4939    27.4625 0.0000e+00
       1559    289.745     3.2048   3.155774    34.4927    27.4612 0.0000e+00
       1560    289.804     3.2053   3.155499    34.4888    27.4580 0.0000e+00
       1561    289.878     3.2043   3.155164    34.4858    27.4557 0.0000e+00
       1562    289.979     3.2054   3.155563    34.4894    27.4585 0.0000e+00
       1563    290.089     3.2100   3.156510    34.4959    27.4632 0.0000e+00
       1564    290.183     3.2150   3.157094    34.4976    27.4641 0.0000e+00
       1565    290.258     3.2170   3.157245    34.4973    27.4637 0.0000e+00
       1566    290.325     3.2184   3.157469    34.4985    27.4645 0.0000e+00
       1567    290.382     3.2211   3.157789    34.4994    27.4650 0.0000e+00
       1568    290.430     3.2225   3.157770    34.4977    27.4635 0.0000e+00
       1569    290.482     3.2217   3.157580    34.4962    27.4624 0.0000e+00
       1570    290.547     3.2215   3.157719    34.4981    27.4639 0.0000e+00
       1571    290.615     3.2237   3.158096    34.5003    27.4654 0.0000e+00
       1572    290.665     3.2271   3.158505    34.5016    27.4661 0.0000e+00
       1573    290.688     3.2295   3.158742    34.5019    27.4661 0.0000e+00
       1574    290.701     3.2292   3.158679    34.5014    27.4658 0.0000e+00
       1575    290.728     3.2279   3.158674    34.5027    27.4670 0.0000e+00
       1576    290.773     3.2300   3.159071    34.5053    27.4688 0.0000e+00
       1577    290.821     3.2352   3.159620    34.5064    27.4692 0.0000e+00
       1578    290.863     3.2394   3.159919    34.5055    27.4681 0.0000e+00
       1579    290.903     3.2407   3.159932    34.5042    27.4670 0.0000e+00
       1580    290.943     3.2404   3.159874    34.5038    27.4667 0.0000e+00
       1581    290.982     3.2405   3.159950    34.5046    27.4673 0.0000e+00
       1582    291.018     3.2419   3.160228    34.5065    27.4687 0.0000e+00
       1583    291.053     3.2453   3.160730    34.5089    27.4703 0.0000e+00
       1584    291.082     3.2495   3.161206    34.5102    27.4709 0.0000e+00
       1585    291.097     3.2519   3.161287    34.5086    27.4694 0.0000e+00
       1586    291.109     3.2513   3.161087    34.5068    27.4680 0.0000e+00
       1587    291.137     3.2501   3.160982    34.5068    27.4681 0.0000e+00
       1588    291.174     3.2511   3.161225    34.5087    27.4695 0.0000e+00
       1589    291.190     3.2538   3.161676    34.5113    27.4713 0.0000e+00
       1590    291.171     3.2559   3.161727    34.5096    27.4698 0.0000e+00
       1591    291.144     3.2560   3.161382    34.5054    27.4664 0.0000e+00
       1592    291.147     3.2557   3.161405    34.5060    27.4669 0.0000e+00
       1593    291.180     3.2567   3.161855    34.5103    27.4703 0.0000e+00
       1594    291.210     3.2584   3.162114    34.5116    27.4712 0.0000e+00
       1595    291.222     3.2587   3.162008    34.5100    27.4699 0.0000e+00
       1596    291.232     3.2577   3.161898    34.5098    27.4698 0.0000e+00
       1597    291.250     3.2577   3.162002    34.5110    27.4708 0.0000e+00
       1598    291.268     3.2586   3.162107    34.5113    27.4709 0.0000e+00
       1599    291.281     3.2588   3.162051    34.5104    27.4702 0.0000e+00
       1600    291.295     3.2577   3.161874    34.5094    27.4695 0.0000e+00
       1601    291.311     3.2557   3.161621    34.5085    27.4690 0.0000e+00
       1602    291.317     3.2536   3.161384    34.5079    27.4686 0.0000e+00
       1603    291.303     3.2521   3.161252    34.5079    27.4688 0.0000e+00
       1604    291.279     3.2514   3.161217    34.5082    27.4691 0.0000e+00
       1605    291.271     3.2512   3.161249    34.5088    27.4696 0.0000e+00
       1606    291.284     3.2514   3.161245    34.5085    27.4694 0.0000e+00
       1607    291.288     3.2507   3.161100    34.5075    27.4687 0.0000e+00
       1608    291.254     3.2499   3.161055    34.5079    27.4690 0.0000e+00
       1609    291.186     3.2496   3.161163    34.5095    27.4703 0.0000e+00
       1610    291.120     3.2498   3.161153    34.5092    27.4701 0.0000e+00
       1611    291.100     3.2504   3.161082    34.5077    27.4688 0.0000e+00
       1612    291.128     3.2515   3.161210    34.5081    27.4690 0.0000e+00
       1613    291.170     3.2531   3.161461    34.5094    27.4699 0.0000e+00
       1614    291.195     3.2545   3.161617    34.5098    27.4701 0.0000e+00
       1615    291.207     3.2552   3.161698    34.5100    27.4702 0.0000e+00
       1616    291.223     3.2554   3.161758    34.5105    27.4706 0.0000e+00
       1617    291.243     3.2556   3.161779    34.5106    27.4706 0.0000e+00
       1618    291.256     3.2557   3.161738    34.5099    27.4701 0.0000e+00
       1619    291.263     3.2555   3.161679    34.5094    27.4697 0.0000e+00
       1620    291.277     3.2557   3.161737    34.5099    27.4701 0.0000e+00
       1621    291.302     3.2568   3.161913    34.5109    27.4707 0.0000e+00
       1622    291.320     3.2583   3.162079    34.5113    27.4709 0.0000e+00
       1623    291.315     3.2592   3.162153    34.5112    27.4708 0.0000e+00
       1624    291.295     3.2595   3.162131    34.5106    27.4703 0.0000e+00
       1625    291.273     3.2591   3.162034    34.5099    27.4697 0.0000e+00
       1626    291.257     3.2582   3.161918    34.5095    27.4695 0.0000e+00
       1627    291.251     3.2573   3.161836    34.5094    27.4695 0.0000e+00
       1628    291.257     3.2565   3.161762    34.5094    27.4696 0.0000e+00
       1629    291.263     3.2554   3.161613    34.5087    27.4692 0.0000e+00
       1630    291.256     3.2534   3.161311    34.5072    27.4682 0.0000e+00
       1631    291.234     3.2510   3.160947    34.5054    27.4669 0.0000e+00
       1632    291.210     3.2490   3.160707    34.5046    27.4665 0.0000e+00
       1633    291.198     3.2475   3.160584    34.5047    27.4667 0.0000e+00
       1634    291.202     3.2468   3.160585    34.5055    27.4674 0.0000e+00
       1635    291.211     3.2485   3.160953    34.5081    27.4693 0.0000e+00
       1636    291.207     3.2531   3.161620    34.5113    27.4714 0.0000e+00
       1637    291.184     3.2574   3.162085    34.5124    27.4719 0.0000e+00
       1638    291.152     3.2592   3.162221    34.5121    27.4715 0.0000e+00
       1639    291.128     3.2596   3.162242    34.5120    27.4713 0.0000e+00
       1640    291.122     3.2597   3.162178    34.5111    27.4706 0.0000e+00
       1641    291.135     3.2594   3.162053    34.5099    27.4697 0.0000e+00
