Datasets/Multi_Species/TEL214/tel214_2020_022.cnv
* Sea-Bird SBE19plus Data File:
* Filename = C:/AQUIRE/tel214_2020_022.hex
* Software Version AquireV2 AF V2.0
* Temperature SN =  7853
* Conductivity SN =  7853
* System UpLoad Time = Nov 12 2020 11:26:05
* <ApplicationData>
* <AQUIREV2>
** VESSEL/TRIP/SEQ STN: tel214_2020_022
** LATITUDE: 54 16.13 N
** LONGITUDE: 53 15.80 W
** DATE/TIME: 2020-11-12 02:06
** SOUNDING DEPTH (M): 0427
** PROBE TYPE: S7853
** CTD NUMBER:  22
** COMMENTS: SET 22, TEARUP
# nquan = 7                                 
# nvalues = 5033                        
# units = specified
# name 0 = scan: Scan Count
# name 1 = prdM: Pressure, Strain Gauge [db]
# name 2 = tv290C: Temperature [ITS-90, deg C]
# name 3 = c0S/m: Conductivity [S/m]
# name 4 = sal00: Salinity, Practical [PSU]
# name 5 = sigma-t00: Density [sigma-t, kg/m^3 ]
# name 6 = flag: flag
# span 0 =          1,       5033       
# span 1 =     -1.180,    437.520       
# span 2 =    -0.5538,     4.0883       
# span 3 =   0.000083,   3.263553       
# span 4 =    -0.0016,    34.8038       
# span 5 =    -0.1978,    27.6245       
# span 6 = 0.0000e+00, 0.0000e+00       
# interval = seconds: 1
# start_time = Nov 12 2020 02:06:21 [Instrument's time stamp, header]
# bad_flag = -9.990e-29
*END*
[from data line 821]
        822     -1.161    -0.3720   0.000127    -0.0015    -0.1839 0.0000e+00
        823     -1.161    -0.3720   0.000127    -0.0015    -0.1839 0.0000e+00
        824     -1.162    -0.3720   0.000127    -0.0015    -0.1839 0.0000e+00
        825     -1.164    -0.3720   0.000127    -0.0015    -0.1839 0.0000e+00
        826     -1.165    -0.3720   0.000127    -0.0015    -0.1839 0.0000e+00
        827     -1.163    -0.3720   0.000127    -0.0015    -0.1839 0.0000e+00
        828     -1.159    -0.3720   0.000128    -0.0015    -0.1839 0.0000e+00
        829     -1.157    -0.3720   0.000127    -0.0015    -0.1839 0.0000e+00
        830     -1.158    -0.3720   0.000127    -0.0015    -0.1839 0.0000e+00
        831     -1.158    -0.3720   0.000126    -0.0015    -0.1839 0.0000e+00
        832     -1.157    -0.3720   0.000127    -0.0015    -0.1839 0.0000e+00
        833     -1.159    -0.3720   0.000126    -0.0015    -0.1839 0.0000e+00
        834     -1.161    -0.3720   0.000126    -0.0015    -0.1839 0.0000e+00
        835     -1.163    -0.3720   0.000126    -0.0015    -0.1839 0.0000e+00
        836     -1.164    -0.3720   0.000126    -0.0015    -0.1839 0.0000e+00
        837     -1.163    -0.3720   0.000126    -0.0015    -0.1839 0.0000e+00
        838     -1.161    -0.3720   0.000126    -0.0015    -0.1839 0.0000e+00
        839     -1.159    -0.3721   0.000126    -0.0015    -0.1840 0.0000e+00
        840     -1.158    -0.3721   0.000127    -0.0015    -0.1840 0.0000e+00
        841     -1.160    -0.3721   0.000127    -0.0015    -0.1840 0.0000e+00
        842     -1.161    -0.3722   0.000127    -0.0015    -0.1840 0.0000e+00
        843     -1.157    -0.3722   0.000127    -0.0015    -0.1840 0.0000e+00
        844     -1.156    -0.3724   0.000126    -0.0015    -0.1840 0.0000e+00
        845     -1.158    -0.3725   0.000125    -0.0015    -0.1840 0.0000e+00
        846     -1.161    -0.3725   0.000125    -0.0015    -0.1840 0.0000e+00
        847     -1.164    -0.3725   0.000124    -0.0015    -0.1840 0.0000e+00
        848     -1.168    -0.3725   0.000125    -0.0015    -0.1840 0.0000e+00
        849     -1.171    -0.3726   0.000125    -0.0015    -0.1840 0.0000e+00
        850     -1.171    -0.3727   0.000125    -0.0015    -0.1840 0.0000e+00
        851     -1.168    -0.3729   0.000124    -0.0015    -0.1840 0.0000e+00
        852     -1.164    -0.3729   0.000125    -0.0015    -0.1840 0.0000e+00
        853     -1.160    -0.3729   0.000126    -0.0015    -0.1840 0.0000e+00
        854     -1.160    -0.3730   0.000125    -0.0015    -0.1840 0.0000e+00
        855     -1.161    -0.3730   0.000125    -0.0015    -0.1840 0.0000e+00
        856     -1.161    -0.3730   0.000125    -0.0015    -0.1840 0.0000e+00
        857     -1.162    -0.3731   0.000125    -0.0015    -0.1840 0.0000e+00
        858     -1.164    -0.3732   0.000124    -0.0015    -0.1840 0.0000e+00
        859     -1.166    -0.3734   0.000124    -0.0015    -0.1841 0.0000e+00
        860     -1.168    -0.3735   0.000123    -0.0015    -0.1841 0.0000e+00
        861     -1.169    -0.3735   0.000124    -0.0015    -0.1841 0.0000e+00
        862     -1.166    -0.3736   0.000124    -0.0015    -0.1841 0.0000e+00
        863     -1.163    -0.3738   0.000124    -0.0015    -0.1841 0.0000e+00
        864     -1.162    -0.3739   0.000124    -0.0015    -0.1841 0.0000e+00
        865     -1.163    -0.3739   0.000124    -0.0015    -0.1841 0.0000e+00
        866     -1.163    -0.3740   0.000124    -0.0015    -0.1841 0.0000e+00
        867     -1.161    -0.3740   0.000125    -0.0015    -0.1841 0.0000e+00
        868     -1.159    -0.3740   0.000124    -0.0015    -0.1841 0.0000e+00
        869     -1.160    -0.3740   0.000124    -0.0015    -0.1841 0.0000e+00
        870     -1.164    -0.3741   0.000124    -0.0015    -0.1841 0.0000e+00
        871     -1.167    -0.3743   0.000124    -0.0015    -0.1841 0.0000e+00
        872     -1.169    -0.3745   0.000123    -0.0015    -0.1841 0.0000e+00
        873     -1.167    -0.3745   0.000124    -0.0015    -0.1841 0.0000e+00
        874     -1.164    -0.3745   0.000124    -0.0015    -0.1841 0.0000e+00
        875     -1.162    -0.3745   0.000124    -0.0015    -0.1841 0.0000e+00
        876     -1.161    -0.3746   0.000125    -0.0015    -0.1841 0.0000e+00
        877     -1.161    -0.3746   0.000125    -0.0015    -0.1841 0.0000e+00
        878     -1.162    -0.3748   0.000125    -0.0015    -0.1842 0.0000e+00
        879     -1.163    -0.3748   0.000125    -0.0015    -0.1842 0.0000e+00
        880     -1.164    -0.3749   0.000124    -0.0015    -0.1842 0.0000e+00
        881     -1.163    -0.3749   0.000124    -0.0015    -0.1842 0.0000e+00
        882     -1.162    -0.3750   0.000124    -0.0015    -0.1842 0.0000e+00
        883     -1.164    -0.3750   0.000124    -0.0015    -0.1842 0.0000e+00
        884     -1.167    -0.3750   0.000125    -0.0015    -0.1842 0.0000e+00
        885     -1.167    -0.3750   0.000125    -0.0015    -0.1842 0.0000e+00
        886     -1.164    -0.3750   0.000124    -0.0015    -0.1842 0.0000e+00
        887     -1.163    -0.3751   0.000125    -0.0015    -0.1842 0.0000e+00
        888     -1.164    -0.3751   0.000126    -0.0015    -0.1842 0.0000e+00
        889     -1.166    -0.3751   0.000127    -0.0015    -0.1842 0.0000e+00
        890     -1.166    -0.3752   0.000126    -0.0015    -0.1842 0.0000e+00
        891     -1.167    -0.3752   0.000125    -0.0015    -0.1842 0.0000e+00
        892     -1.167    -0.3753   0.000125    -0.0015    -0.1842 0.0000e+00
        893     -1.164    -0.3753   0.000125    -0.0015    -0.1842 0.0000e+00
        894     -1.162    -0.3753   0.000125    -0.0015    -0.1842 0.0000e+00
        895     -1.162    -0.3754   0.000125    -0.0015    -0.1842 0.0000e+00
        896     -1.162    -0.3754   0.000124    -0.0015    -0.1842 0.0000e+00
        897     -1.163    -0.3755   0.000125    -0.0015    -0.1842 0.0000e+00
        898     -1.164    -0.3755   0.000125    -0.0015    -0.1842 0.0000e+00
        899     -1.163    -0.3755   0.000125    -0.0015    -0.1842 0.0000e+00
        900     -1.162    -0.3755   0.000126    -0.0015    -0.1842 0.0000e+00
        901     -1.163    -0.3755   0.000127    -0.0015    -0.1842 0.0000e+00
        902     -1.163    -0.3755   0.000125    -0.0015    -0.1842 0.0000e+00
        903     -1.160    -0.3755   0.000125    -0.0015    -0.1842 0.0000e+00
        904     -1.156    -0.3755   0.000125    -0.0015    -0.1842 0.0000e+00
        905     -1.155    -0.3755   0.000126    -0.0015    -0.1842 0.0000e+00
        906     -1.158    -0.3755   0.000126    -0.0015    -0.1842 0.0000e+00
        907     -1.161    -0.3755   0.000126    -0.0015    -0.1842 0.0000e+00
        908     -1.163    -0.3755   0.000125    -0.0015    -0.1842 0.0000e+00
        909     -1.165    -0.3755   0.000125    -0.0015    -0.1842 0.0000e+00
        910     -1.166    -0.3755   0.000126    -0.0015    -0.1842 0.0000e+00
        911     -1.166    -0.3755   0.000126    -0.0015    -0.1842 0.0000e+00
        912     -1.167    -0.3755   0.000126    -0.0015    -0.1842 0.0000e+00
        913     -1.169    -0.3755   0.000126    -0.0015    -0.1842 0.0000e+00
        914     -1.171    -0.3755   0.000125    -0.0015    -0.1842 0.0000e+00
        915     -1.170    -0.3755   0.000125    -0.0015    -0.1842 0.0000e+00
        916     -1.164    -0.3755   0.000126    -0.0015    -0.1842 0.0000e+00
        917     -1.160    -0.3755   0.000126    -0.0015    -0.1842 0.0000e+00
        918     -1.162    -0.3754   0.000126    -0.0015    -0.1842 0.0000e+00
        919     -1.167    -0.3754   0.000126    -0.0015    -0.1842 0.0000e+00
        920     -1.169    -0.3754   0.000126    -0.0015    -0.1842 0.0000e+00
        921     -1.170    -0.3754   0.000125    -0.0015    -0.1842 0.0000e+00
        922     -1.170    -0.3754   0.000126    -0.0015    -0.1842 0.0000e+00
        923     -1.169    -0.3754   0.000126    -0.0015    -0.1842 0.0000e+00
        924     -1.168    -0.3754   0.000126    -0.0015    -0.1842 0.0000e+00
        925     -1.170    -0.3754   0.000126    -0.0015    -0.1842 0.0000e+00
        926     -1.171    -0.3753   0.000126    -0.0015    -0.1842 0.0000e+00
        927     -1.167    -0.3752   0.000127    -0.0015    -0.1842 0.0000e+00
        928     -1.164    -0.3752   0.000127    -0.0015    -0.1842 0.0000e+00
        929     -1.164    -0.3751   0.000127    -0.0015    -0.1842 0.0000e+00
        930     -1.165    -0.3751   0.000127    -0.0015    -0.1842 0.0000e+00
        931     -1.164    -0.3751   0.000126    -0.0015    -0.1842 0.0000e+00
        932     -1.164    -0.3751   0.000126    -0.0015    -0.1842 0.0000e+00
        933     -1.165    -0.3751   0.000126    -0.0015    -0.1842 0.0000e+00
        934     -1.164    -0.3750   0.000126    -0.0015    -0.1842 0.0000e+00
        935     -1.163    -0.3750   0.000126    -0.0015    -0.1842 0.0000e+00
        936     -1.165    -0.3750   0.000126    -0.0015    -0.1842 0.0000e+00
        937     -1.168    -0.3750   0.000126    -0.0015    -0.1842 0.0000e+00
        938     -1.170    -0.3750   0.000126    -0.0015    -0.1842 0.0000e+00
        939     -1.170    -0.3750   0.000126    -0.0015    -0.1842 0.0000e+00
        940     -1.168    -0.3750   0.000126    -0.0015    -0.1842 0.0000e+00
        941     -1.164    -0.3750   0.000126    -0.0015    -0.1842 0.0000e+00
        942     -1.162    -0.3750   0.000126    -0.0015    -0.1842 0.0000e+00
        943     -1.161    -0.3749   0.000127    -0.0015    -0.1842 0.0000e+00
        944     -1.161    -0.3749   0.000127    -0.0015    -0.1842 0.0000e+00
        945     -1.162    -0.3750   0.000126    -0.0015    -0.1842 0.0000e+00
        946     -1.164    -0.3750   0.000126    -0.0015    -0.1842 0.0000e+00
        947     -1.167    -0.3750   0.000125    -0.0015    -0.1842 0.0000e+00
        948     -1.168    -0.3750   0.000125    -0.0015    -0.1842 0.0000e+00
        949     -1.166    -0.3749   0.000125    -0.0015    -0.1842 0.0000e+00
        950     -1.162    -0.3749   0.000126    -0.0015    -0.1842 0.0000e+00
        951     -1.159    -0.3749   0.000126    -0.0015    -0.1842 0.0000e+00
        952     -1.162    -0.3749   0.000126    -0.0015    -0.1842 0.0000e+00
        953     -1.167    -0.3749   0.000125    -0.0015    -0.1842 0.0000e+00
        954     -1.169    -0.3749   0.000125    -0.0015    -0.1842 0.0000e+00
        955     -1.168    -0.3749   0.000126    -0.0015    -0.1842 0.0000e+00
        956     -1.167    -0.3749   0.000126    -0.0015    -0.1842 0.0000e+00
        957     -1.169    -0.3749   0.000126    -0.0015    -0.1842 0.0000e+00
        958     -1.173    -0.3750   0.000125    -0.0015    -0.1842 0.0000e+00
        959     -1.175    -0.3750   0.000125    -0.0015    -0.1842 0.0000e+00
        960     -1.174    -0.3750   0.000125    -0.0015    -0.1842 0.0000e+00
        961     -1.172    -0.3750   0.000126    -0.0015    -0.1842 0.0000e+00
        962     -1.172    -0.3750   0.000126    -0.0015    -0.1842 0.0000e+00
        963     -1.172    -0.3750   0.000126    -0.0015    -0.1842 0.0000e+00
        964     -1.173    -0.3750   0.000125    -0.0015    -0.1842 0.0000e+00
        965     -1.174    -0.3750   0.000126    -0.0015    -0.1842 0.0000e+00
        966     -1.170    -0.3751   0.000126    -0.0015    -0.1842 0.0000e+00
        967     -1.166    -0.3751   0.000126    -0.0015    -0.1842 0.0000e+00
        968     -1.164    -0.3751   0.000126    -0.0015    -0.1842 0.0000e+00
        969     -1.165    -0.3752   0.000124    -0.0015    -0.1842 0.0000e+00
        970     -1.167    -0.3752   0.000124    -0.0015    -0.1842 0.0000e+00
        971     -1.167    -0.3754   0.000124    -0.0015    -0.1842 0.0000e+00
        972     -1.166    -0.3755   0.000125    -0.0015    -0.1842 0.0000e+00
        973     -1.166    -0.3755   0.000125    -0.0015    -0.1842 0.0000e+00
        974     -1.166    -0.3755   0.000125    -0.0015    -0.1842 0.0000e+00
        975     -1.167    -0.3755   0.000125    -0.0015    -0.1842 0.0000e+00
        976     -1.167    -0.3755   0.000125    -0.0015    -0.1842 0.0000e+00
        977     -1.165    -0.3757   0.000125    -0.0015    -0.1842 0.0000e+00
        978     -1.165    -0.3758   0.000124    -0.0015    -0.1842 0.0000e+00
        979     -1.166    -0.3759   0.000124    -0.0015    -0.1842 0.0000e+00
        980     -1.167    -0.3760   0.000124    -0.0015    -0.1842 0.0000e+00
        981     -1.168    -0.3761   0.000124    -0.0015    -0.1843 0.0000e+00
        982     -1.168    -0.3761   0.000124    -0.0015    -0.1843 0.0000e+00
        983     -1.167    -0.3761   0.000124    -0.0015    -0.1843 0.0000e+00
        984     -1.168    -0.3762   0.000124    -0.0015    -0.1843 0.0000e+00
        985     -1.170    -0.3764   0.000123    -0.0015    -0.1843 0.0000e+00
        986     -1.171    -0.3765   0.000124    -0.0015    -0.1843 0.0000e+00
        987     -1.171    -0.3766   0.000124    -0.0015    -0.1843 0.0000e+00
        988     -1.171    -0.3766   0.000124    -0.0015    -0.1843 0.0000e+00
        989     -1.171    -0.3766   0.000124    -0.0015    -0.1843 0.0000e+00
        990     -1.170    -0.3768   0.000124    -0.0015    -0.1843 0.0000e+00
        991     -1.169    -0.3770   0.000123    -0.0015    -0.1843 0.0000e+00
        992     -1.168    -0.3771   0.000123    -0.0015    -0.1843 0.0000e+00
        993     -1.169    -0.3771   0.000124    -0.0015    -0.1843 0.0000e+00
        994     -1.170    -0.3772   0.000124    -0.0015    -0.1843 0.0000e+00
        995     -1.169    -0.3774   0.000123    -0.0015    -0.1844 0.0000e+00
        996     -1.167    -0.3776   0.000123    -0.0015    -0.1844 0.0000e+00
        997     -1.166    -0.3776   0.000123    -0.0015    -0.1844 0.0000e+00
        998     -1.164    -0.3778   0.000123    -0.0015    -0.1844 0.0000e+00
        999     -1.163    -0.3780   0.000122    -0.0015    -0.1844 0.0000e+00
       1000     -1.165    -0.3781   0.000121    -0.0015    -0.1844 0.0000e+00
       1001     -1.168    -0.3781   0.000121    -0.0015    -0.1844 0.0000e+00
       1002     -1.170    -0.3783   0.000123    -0.0015    -0.1844 0.0000e+00
       1003     -1.170    -0.3785   0.000122    -0.0015    -0.1844 0.0000e+00
       1004     -1.169    -0.3786   0.000123    -0.0015    -0.1844 0.0000e+00
       1005     -1.168    -0.3787   0.000123    -0.0015    -0.1845 0.0000e+00
       1006     -1.168    -0.3789   0.000122    -0.0015    -0.1845 0.0000e+00
       1007     -1.168    -0.3791   0.000122    -0.0015    -0.1845 0.0000e+00
       1008     -1.166    -0.3791   0.000123    -0.0015    -0.1845 0.0000e+00
       1009     -1.166    -0.3793   0.000122    -0.0015    -0.1845 0.0000e+00
       1010     -1.167    -0.3796   0.000122    -0.0015    -0.1845 0.0000e+00
       1011     -1.168    -0.3797   0.000122    -0.0015    -0.1845 0.0000e+00
       1012     -1.170    -0.3799   0.000121    -0.0015    -0.1845 0.0000e+00
       1013     -1.170    -0.3801   0.000121    -0.0015    -0.1846 0.0000e+00
       1014     -1.169    -0.3802   0.000121    -0.0015    -0.1846 0.0000e+00
       1015     -1.167    -0.3804   0.000122    -0.0015    -0.1846 0.0000e+00
       1016     -1.166    -0.3806   0.000121    -0.0015    -0.1846 0.0000e+00
       1017     -1.165    -0.3806   0.000122    -0.0015    -0.1846 0.0000e+00
       1018     -1.163    -0.3808   0.000121    -0.0015    -0.1846 0.0000e+00
       1019     -1.162    -0.3810   0.000122    -0.0015    -0.1846 0.0000e+00
       1020     -1.163    -0.3811   0.000122    -0.0015    -0.1846 0.0000e+00
       1021     -1.165    -0.3813   0.000122    -0.0015    -0.1846 0.0000e+00
       1022     -1.167    -0.3815   0.000122    -0.0015    -0.1847 0.0000e+00
       1023     -1.168    -0.3817   0.000121    -0.0015    -0.1847 0.0000e+00
       1024     -1.167    -0.3819   0.000121    -0.0015    -0.1847 0.0000e+00
       1025     -1.167    -0.3821   0.000121    -0.0015    -0.1847 0.0000e+00
