Datasets/Multi_Species/TEL214/tel214_2020_010.cnv
* Sea-Bird SBE19plus Data File:
* Filename = C:/AQUIRE/tel214_2020_010.hex
* Software Version AquireV2 AF V2.0
* Temperature SN =  7853
* Conductivity SN =  7853
* System UpLoad Time = Nov 09 2020 14:58:55
* <ApplicationData>
* <AQUIREV2>
** VESSEL/TRIP/SEQ STN: tel214_2020_010
** LATITUDE: 54 58.53 N
** LONGITUDE: 55 13.34 W
** DATE/TIME: 2020-11-09 14:01
** SOUNDING DEPTH (M): 0247
** PROBE TYPE: S7853
** CTD NUMBER:  10
** COMMENTS: 
# nquan = 7                                 
# nvalues = 3285                        
# units = specified
# name 0 = scan: Scan Count
# name 1 = prdM: Pressure, Strain Gauge [db]
# name 2 = tv290C: Temperature [ITS-90, deg C]
# name 3 = c0S/m: Conductivity [S/m]
# name 4 = sal00: Salinity, Practical [PSU]
# name 5 = sigma-t00: Density [sigma-t, kg/m^3 ]
# name 6 = flag: flag
# span 0 =          1,       3285       
# span 1 =     -1.170,    242.922       
# span 2 =    -2.3942,     2.7249       
# span 3 =   0.000055,   3.077072       
# span 4 =    -0.0033,    34.0722       
# span 5 =    -0.3736,    27.1712       
# span 6 = 0.0000e+00, 0.0000e+00       
# interval = seconds: 1
# start_time = Nov 09 2020 14:01:10 [Instrument's time stamp, header]
# bad_flag = -9.990e-29
*END*
[from data line 1642]
       1643    239.801     2.7103   3.075711    34.0698    27.1681 0.0000e+00
       1644    239.823     2.7093   3.075612    34.0696    27.1680 0.0000e+00
       1645    239.806     2.7085   3.075563    34.0699    27.1683 0.0000e+00
       1646    239.765     2.7082   3.075558    34.0701    27.1686 0.0000e+00
       1647    239.731     2.7083   3.075579    34.0703    27.1687 0.0000e+00
       1648    239.722     2.7085   3.075612    34.0705    27.1688 0.0000e+00
       1649    239.739     2.7089   3.075644    34.0705    27.1688 0.0000e+00
       1650    239.761     2.7092   3.075683    34.0706    27.1689 0.0000e+00
       1651    239.771     2.7096   3.075717    34.0706    27.1688 0.0000e+00
       1652    239.774     2.7099   3.075738    34.0705    27.1687 0.0000e+00
       1653    239.777     2.7099   3.075724    34.0704    27.1686 0.0000e+00
       1654    239.774     2.7095   3.075670    34.0701    27.1684 0.0000e+00
       1655    239.760     2.7089   3.075610    34.0700    27.1684 0.0000e+00
       1656    239.738     2.7084   3.075568    34.0701    27.1685 0.0000e+00
       1657    239.710     2.7079   3.075536    34.0702    27.1687 0.0000e+00
       1658    239.683     2.7075   3.075496    34.0702    27.1686 0.0000e+00
       1659    239.664     2.7070   3.075431    34.0699    27.1685 0.0000e+00
       1660    239.658     2.7065   3.075372    34.0697    27.1684 0.0000e+00
       1661    239.664     2.7060   3.075351    34.0700    27.1686 0.0000e+00
       1662    239.682     2.7058   3.075343    34.0701    27.1687 0.0000e+00
       1663    239.712     2.7056   3.075321    34.0700    27.1687 0.0000e+00
       1664    239.744     2.7054   3.075305    34.0700    27.1687 0.0000e+00
       1665    239.759     2.7054   3.075310    34.0701    27.1688 0.0000e+00
       1666    239.743     2.7054   3.075324    34.0702    27.1689 0.0000e+00
       1667    239.681     2.7055   3.075338    34.0703    27.1690 0.0000e+00
       1668    239.561     2.7056   3.075346    34.0704    27.1690 0.0000e+00
       1669    239.409     2.7057   3.075347    34.0704    27.1690 0.0000e+00
       1670    239.300     2.7058   3.075355    34.0704    27.1690 0.0000e+00
       1671    239.279     2.7060   3.075386    34.0706    27.1691 0.0000e+00
       1672    239.315     2.7066   3.075468    34.0710    27.1694 0.0000e+00
       1673    239.353     2.7077   3.075602    34.0714    27.1696 0.0000e+00
       1674    239.370     2.7089   3.075720    34.0716    27.1697 0.0000e+00
       1675    239.379     2.7096   3.075762    34.0714    27.1694 0.0000e+00
       1676    239.396     2.7100   3.075767    34.0710    27.1691 0.0000e+00
       1677    239.425     2.7100   3.075755    34.0708    27.1690 0.0000e+00
       1678    239.448     2.7099   3.075724    34.0705    27.1687 0.0000e+00
       1679    239.448     2.7096   3.075686    34.0704    27.1687 0.0000e+00
       1680    239.421     2.7092   3.075649    34.0704    27.1687 0.0000e+00
       1681    239.380     2.7090   3.075621    34.0703    27.1686 0.0000e+00
       1682    239.350     2.7088   3.075605    34.0703    27.1686 0.0000e+00
       1683    239.350     2.7085   3.075593    34.0705    27.1688 0.0000e+00
       1684    239.376     2.7083   3.075576    34.0705    27.1688 0.0000e+00
       1685    239.402     2.7080   3.075560    34.0706    27.1689 0.0000e+00
       1686    239.418     2.7077   3.075519    34.0704    27.1688 0.0000e+00
       1687    239.430     2.7072   3.075450    34.0701    27.1686 0.0000e+00
       1688    239.447     2.7066   3.075398    34.0700    27.1686 0.0000e+00
       1689    239.468     2.7062   3.075391    34.0704    27.1689 0.0000e+00
       1690    239.486     2.7062   3.075442    34.0710    27.1694 0.0000e+00
       1691    239.509     2.7068   3.075528    34.0714    27.1697 0.0000e+00
       1692    239.543     2.7077   3.075612    34.0715    27.1697 0.0000e+00
       1693    239.572     2.7085   3.075660    34.0712    27.1694 0.0000e+00
       1694    239.573     2.7089   3.075658    34.0707    27.1690 0.0000e+00
       1695    239.540     2.7088   3.075625    34.0704    27.1688 0.0000e+00
       1696    239.495     2.7086   3.075596    34.0703    27.1687 0.0000e+00
       1697    239.477     2.7085   3.075585    34.0703    27.1687 0.0000e+00
       1698    239.496     2.7084   3.075583    34.0704    27.1687 0.0000e+00
       1699    239.523     2.7082   3.075576    34.0705    27.1688 0.0000e+00
       1700    239.535     2.7081   3.075564    34.0704    27.1688 0.0000e+00
       1701    239.548     2.7080   3.075564    34.0705    27.1689 0.0000e+00
       1702    239.584     2.7081   3.075585    34.0707    27.1690 0.0000e+00
       1703    239.633     2.7081   3.075590    34.0707    27.1690 0.0000e+00
       1704    239.674     2.7077   3.075536    34.0704    27.1689 0.0000e+00
       1705    239.703     2.7070   3.075466    34.0703    27.1688 0.0000e+00
       1706    239.722     2.7065   3.075434    34.0704    27.1690 0.0000e+00
       1707    239.733     2.7062   3.075431    34.0707    27.1692 0.0000e+00
       1708    239.737     2.7062   3.075424    34.0706    27.1691 0.0000e+00
       1709    239.739     2.7060   3.075404    34.0706    27.1691 0.0000e+00
       1710    239.748     2.7058   3.075383    34.0705    27.1691 0.0000e+00
       1711    239.779     2.7057   3.075367    34.0704    27.1690 0.0000e+00
       1712    239.835     2.7057   3.075387    34.0707    27.1692 0.0000e+00
       1713    239.896     2.7064   3.075491    34.0712    27.1695 0.0000e+00
       1714    239.943     2.7075   3.075608    34.0714    27.1696 0.0000e+00
       1715    239.978     2.7083   3.075646    34.0710    27.1692 0.0000e+00
       1716    240.013     2.7085   3.075637    34.0706    27.1690 0.0000e+00
       1717    240.046     2.7084   3.075645    34.0708    27.1691 0.0000e+00
       1718    240.068     2.7086   3.075699    34.0713    27.1694 0.0000e+00
       1719    240.076     2.7092   3.075781    34.0716    27.1697 0.0000e+00
       1720    240.081     2.7100   3.075855    34.0717    27.1697 0.0000e+00
       1721    240.101     2.7108   3.075933    34.0718    27.1697 0.0000e+00
       1722    240.140     2.7118   3.076014    34.0717    27.1695 0.0000e+00
       1723    240.188     2.7126   3.076054    34.0713    27.1691 0.0000e+00
       1724    240.236     2.7130   3.076049    34.0708    27.1687 0.0000e+00
       1725    240.289     2.7129   3.076031    34.0707    27.1686 0.0000e+00
       1726    240.353     2.7126   3.076013    34.0707    27.1687 0.0000e+00
       1727    240.413     2.7123   3.075980    34.0706    27.1686 0.0000e+00
       1728    240.450     2.7117   3.075928    34.0706    27.1686 0.0000e+00
       1729    240.466     2.7112   3.075886    34.0706    27.1687 0.0000e+00
       1730    240.476     2.7108   3.075857    34.0707    27.1688 0.0000e+00
       1731    240.490     2.7106   3.075832    34.0706    27.1687 0.0000e+00
       1732    240.504     2.7103   3.075811    34.0706    27.1688 0.0000e+00
       1733    240.501     2.7101   3.075796    34.0706    27.1688 0.0000e+00
       1734    240.466     2.7100   3.075793    34.0707    27.1689 0.0000e+00
       1735    240.407     2.7099   3.075796    34.0709    27.1690 0.0000e+00
       1736    240.369     2.7098   3.075795    34.0710    27.1691 0.0000e+00
       1737    240.395     2.7097   3.075784    34.0710    27.1691 0.0000e+00
       1738    240.462     2.7093   3.075741    34.0708    27.1690 0.0000e+00
       1739    240.516     2.7089   3.075689    34.0706    27.1689 0.0000e+00
       1740    240.528     2.7085   3.075674    34.0708    27.1691 0.0000e+00
       1741    240.510     2.7085   3.075686    34.0710    27.1692 0.0000e+00
       1742    240.499     2.7087   3.075722    34.0712    27.1694 0.0000e+00
       1743    240.517     2.7092   3.075799    34.0716    27.1697 0.0000e+00
       1744    240.552     2.7102   3.075904    34.0718    27.1697 0.0000e+00
       1745    240.578     2.7115   3.076014    34.0718    27.1696 0.0000e+00
       1746    240.591     2.7126   3.076102    34.0717    27.1694 0.0000e+00
       1747    240.607     2.7132   3.076142    34.0715    27.1692 0.0000e+00
       1748    240.634     2.7134   3.076131    34.0712    27.1689 0.0000e+00
       1749    240.665     2.7132   3.076078    34.0707    27.1686 0.0000e+00
       1750    240.691     2.7127   3.076008    34.0704    27.1684 0.0000e+00
       1751    240.708     2.7121   3.075962    34.0704    27.1685 0.0000e+00
       1752    240.722     2.7117   3.075947    34.0707    27.1687 0.0000e+00
       1753    240.746     2.7115   3.075949    34.0709    27.1689 0.0000e+00
       1754    240.787     2.7114   3.075943    34.0709    27.1689 0.0000e+00
       1755    240.840     2.7111   3.075899    34.0706    27.1687 0.0000e+00
       1756    240.877     2.7103   3.075810    34.0704    27.1686 0.0000e+00
       1757    240.876     2.7093   3.075727    34.0704    27.1687 0.0000e+00
       1758    240.837     2.7087   3.075697    34.0707    27.1690 0.0000e+00
       1759    240.785     2.7085   3.075703    34.0710    27.1693 0.0000e+00
       1760    240.757     2.7087   3.075715    34.0710    27.1692 0.0000e+00
       1761    240.776     2.7089   3.075745    34.0711    27.1693 0.0000e+00
       1762    240.822     2.7093   3.075796    34.0713    27.1694 0.0000e+00
       1763    240.859     2.7100   3.075852    34.0712    27.1693 0.0000e+00
       1764    240.876     2.7106   3.075911    34.0713    27.1693 0.0000e+00
       1765    240.893     2.7112   3.075970    34.0714    27.1693 0.0000e+00
       1766    240.930     2.7119   3.076022    34.0713    27.1691 0.0000e+00
       1767    240.980     2.7125   3.076067    34.0711    27.1690 0.0000e+00
       1768    241.022     2.7129   3.076114    34.0713    27.1691 0.0000e+00
       1769    241.041     2.7133   3.076153    34.0713    27.1691 0.0000e+00
       1770    241.016     2.7135   3.076155    34.0711    27.1689 0.0000e+00
       1771    240.925     2.7134   3.076116    34.0708    27.1687 0.0000e+00
       1772    240.785     2.7132   3.076078    34.0706    27.1685 0.0000e+00
       1773    240.668     2.7130   3.076062    34.0707    27.1686 0.0000e+00
       1774    240.649     2.7128   3.076042    34.0707    27.1686 0.0000e+00
       1775    240.723     2.7125   3.076015    34.0707    27.1686 0.0000e+00
       1776    240.810     2.7122   3.076012    34.0709    27.1688 0.0000e+00
       1777    240.836     2.7121   3.076024    34.0711    27.1690 0.0000e+00
       1778    240.794     2.7121   3.076022    34.0711    27.1690 0.0000e+00
       1779    240.749     2.7122   3.076015    34.0710    27.1689 0.0000e+00
       1780    240.752     2.7122   3.076016    34.0710    27.1689 0.0000e+00
       1781    240.791     2.7122   3.076020    34.0710    27.1689 0.0000e+00
       1782    240.823     2.7122   3.076013    34.0709    27.1688 0.0000e+00
       1783    240.824     2.7120   3.075994    34.0709    27.1688 0.0000e+00
       1784    240.805     2.7119   3.075976    34.0708    27.1687 0.0000e+00
       1785    240.797     2.7117   3.075963    34.0708    27.1688 0.0000e+00
       1786    240.824     2.7115   3.075946    34.0708    27.1688 0.0000e+00
       1787    240.885     2.7113   3.075928    34.0708    27.1688 0.0000e+00
       1788    240.964     2.7113   3.075943    34.0709    27.1689 0.0000e+00
       1789    241.039     2.7118   3.076021    34.0713    27.1692 0.0000e+00
       1790    241.092     2.7127   3.076116    34.0715    27.1692 0.0000e+00
       1791    241.119     2.7134   3.076164    34.0713    27.1691 0.0000e+00
       1792    241.122     2.7136   3.076159    34.0710    27.1688 0.0000e+00
       1793    241.104     2.7134   3.076121    34.0708    27.1686 0.0000e+00
       1794    241.072     2.7130   3.076054    34.0704    27.1684 0.0000e+00
       1795    241.034     2.7123   3.075977    34.0702    27.1683 0.0000e+00
       1796    241.002     2.7116   3.075930    34.0704    27.1685 0.0000e+00
       1797    240.984     2.7111   3.075910    34.0707    27.1688 0.0000e+00
       1798    240.989     2.7109   3.075898    34.0708    27.1688 0.0000e+00
       1799    241.027     2.7107   3.075882    34.0708    27.1689 0.0000e+00
       1800    241.082     2.7104   3.075850    34.0707    27.1688 0.0000e+00
       1801    241.129     2.7099   3.075805    34.0706    27.1688 0.0000e+00
       1802    241.163     2.7094   3.075779    34.0708    27.1690 0.0000e+00
       1803    241.203     2.7093   3.075784    34.0709    27.1691 0.0000e+00
       1804    241.249     2.7093   3.075799    34.0711    27.1692 0.0000e+00
       1805    241.289     2.7095   3.075808    34.0710    27.1691 0.0000e+00
       1806    241.312     2.7096   3.075818    34.0710    27.1691 0.0000e+00
       1807    241.319     2.7099   3.075847    34.0710    27.1691 0.0000e+00
       1808    241.317     2.7102   3.075887    34.0712    27.1692 0.0000e+00
       1809    241.311     2.7104   3.075919    34.0714    27.1694 0.0000e+00
       1810    241.310     2.7108   3.075937    34.0712    27.1692 0.0000e+00
       1811    241.323     2.7111   3.075957    34.0711    27.1691 0.0000e+00
       1812    241.353     2.7111   3.075971    34.0712    27.1692 0.0000e+00
       1813    241.392     2.7111   3.075965    34.0712    27.1691 0.0000e+00
       1814    241.426     2.7111   3.075942    34.0709    27.1689 0.0000e+00
       1815    241.448     2.7108   3.075909    34.0708    27.1688 0.0000e+00
       1816    241.466     2.7104   3.075864    34.0706    27.1688 0.0000e+00
       1817    241.487     2.7099   3.075829    34.0707    27.1689 0.0000e+00
       1818    241.510     2.7096   3.075831    34.0710    27.1692 0.0000e+00
       1819    241.522     2.7097   3.075850    34.0712    27.1693 0.0000e+00
       1820    241.512     2.7099   3.075863    34.0711    27.1692 0.0000e+00
       1821    241.487     2.7100   3.075870    34.0711    27.1692 0.0000e+00
       1822    241.469     2.7100   3.075872    34.0711    27.1692 0.0000e+00
       1823    241.474     2.7100   3.075869    34.0711    27.1692 0.0000e+00
       1824    241.507     2.7100   3.075867    34.0711    27.1691 0.0000e+00
       1825    241.547     2.7100   3.075855    34.0709    27.1690 0.0000e+00
       1826    241.571     2.7097   3.075824    34.0708    27.1690 0.0000e+00
       1827    241.584     2.7093   3.075789    34.0708    27.1690 0.0000e+00
       1828    241.605     2.7091   3.075768    34.0707    27.1690 0.0000e+00
       1829    241.642     2.7088   3.075756    34.0709    27.1691 0.0000e+00
       1830    241.678     2.7085   3.075724    34.0708    27.1691 0.0000e+00
       1831    241.698     2.7079   3.075662    34.0707    27.1690 0.0000e+00
       1832    241.702     2.7073   3.075612    34.0707    27.1691 0.0000e+00
       1833    241.704     2.7069   3.075582    34.0707    27.1692 0.0000e+00
       1834    241.706     2.7065   3.075539    34.0706    27.1691 0.0000e+00
       1835    241.705     2.7058   3.075476    34.0706    27.1692 0.0000e+00
       1836    241.704     2.7051   3.075427    34.0708    27.1693 0.0000e+00
       1837    241.714     2.7048   3.075412    34.0709    27.1695 0.0000e+00
       1838    241.738     2.7048   3.075431    34.0711    27.1696 0.0000e+00
       1839    241.762     2.7051   3.075471    34.0713    27.1697 0.0000e+00
       1840    241.778     2.7055   3.075512    34.0713    27.1698 0.0000e+00
       1841    241.792     2.7060   3.075540    34.0711    27.1696 0.0000e+00
       1842    241.808     2.7064   3.075580    34.0712    27.1696 0.0000e+00
       1843    241.810     2.7070   3.075662    34.0716    27.1698 0.0000e+00
       1844    241.777     2.7080   3.075747    34.0716    27.1697 0.0000e+00
       1845    241.698     2.7086   3.075770    34.0712    27.1694 0.0000e+00
       1846    241.591     2.7087   3.075748    34.0709    27.1692 0.0000e+00
