Datasets/Multi_Species/TEL214/tel214_2020_037.cnv
* Sea-Bird SBE19plus Data File:
* Filename = C:/AQUIRE/tel214_2020_037.hex
* Software Version AquireV2 AF V2.0
* Temperature SN =  8014
* Conductivity SN =  8014
* System UpLoad Time = Nov 16 2020 10:42:01
* <ApplicationData>
* <AQUIREV2>
** VESSEL/TRIP/SEQ STN: tel214_2020_037
** LATITUDE: 52 21.43 N
** LONGITUDE: 51 20.27 W
** DATE/TIME: 2020-11-16 09:27
** SOUNDING DEPTH (M): 0388
** PROBE TYPE: S8014
** CTD NUMBER: 037
** COMMENTS: 
# nquan = 7                                 
# nvalues = 4157                        
# units = specified
# name 0 = scan: Scan Count
# name 1 = prdM: Pressure, Strain Gauge [db]
# name 2 = tv290C: Temperature [ITS-90, deg C]
# name 3 = c0S/m: Conductivity [S/m]
# name 4 = sal00: Salinity, Practical [PSU]
# name 5 = sigma-t00: Density [sigma-t, kg/m^3 ]
# name 6 = flag: flag
# span 0 =          1,       4157       
# span 1 =     -0.422,    391.287       
# span 2 =     0.2353,     3.7771       
# span 3 =  -0.035871,   3.230996       
# span 4 =    -0.0017,    34.7352       
# span 5 =    -0.1419,    27.5985       
# span 6 = 0.0000e+00, 0.0000e+00       
# interval = seconds: 1
# start_time = Nov 16 2020 09:27:16 [Instrument's time stamp, header]
# bad_flag = -9.990e-29
*END*
[from data line 1026]
       1027     -0.323     0.3766   0.721222     7.6296     6.0541 0.0000e+00
       1028     -0.210     0.6606   1.973003    22.4247    17.9548 0.0000e+00
       1029     -0.035     0.9427   2.725650    31.6581    25.3620 0.0000e+00
       1030      0.134     1.0795   2.826286    32.8040    26.2749 0.0000e+00
       1031      0.231     1.1395   2.823226    32.7017    26.1890 0.0000e+00
       1032      0.259     1.1893   2.825371    32.6769    26.1659 0.0000e+00
       1033      0.262     1.2277   2.825063    32.6327    26.1280 0.0000e+00
       1034      0.258     1.2687   2.831554    32.6725    26.1574 0.0000e+00
       1035      0.249     1.3076   2.851649    32.8874    26.3274 0.0000e+00
       1036      0.255     1.3119   2.861737    33.0112    26.4266 0.0000e+00
       1037      0.290     1.2803   2.859828    33.0203    26.4359 0.0000e+00
       1038      0.337     1.2583   2.858905    33.0318    26.4466 0.0000e+00
       1039      0.374     1.2815   2.859621    33.0164    26.4327 0.0000e+00
       1040      0.392     1.3277   2.862865    33.0088    26.4236 0.0000e+00
       1041      0.407     1.3564   2.865255    33.0089    26.4218 0.0000e+00
       1042      0.416     1.3672   2.866043    33.0075    26.4200 0.0000e+00
       1043      0.400     1.3748   2.868673    33.0330    26.4399 0.0000e+00
       1044      0.385     1.3727   2.869579    33.0467    26.4511 0.0000e+00
       1045      0.390     1.3542   2.867132    33.0351    26.4430 0.0000e+00
       1046      0.391     1.3335   2.864734    33.0265    26.4374 0.0000e+00
       1047      0.355     1.3293   2.864274    33.0251    26.4366 0.0000e+00
       1048      0.276     1.3436   2.866500    33.0384    26.4463 0.0000e+00
       1049      0.178     1.3624   2.868920    33.0493    26.4538 0.0000e+00
       1050      0.102     1.3742   2.869875    33.0490    26.4528 0.0000e+00
       1051      0.082     1.3787   2.870328    33.0500    26.4533 0.0000e+00
       1052      0.123     1.3799   2.869507    33.0383    26.4439 0.0000e+00
       1053      0.192     1.3811   2.869356    33.0351    26.4412 0.0000e+00
       1054      0.258     1.3827   2.870705    33.0505    26.4535 0.0000e+00
       1055      0.317     1.3836   2.871141    33.0551    26.4571 0.0000e+00
       1056      0.351     1.3852   2.872083    33.0653    26.4652 0.0000e+00
       1057      0.347     1.3876   2.873478    33.0805    26.4772 0.0000e+00
       1058      0.323     1.3882   2.873204    33.0764    26.4739 0.0000e+00
       1059      0.307     1.3849   2.871682    33.0606    26.4614 0.0000e+00
       1060      0.316     1.3805   2.870417    33.0491    26.4525 0.0000e+00
       1061      0.351     1.3815   2.870342    33.0471    26.4508 0.0000e+00
       1062      0.420     1.3889   2.875085    33.0995    26.4924 0.0000e+00
       1063      0.512     1.3971   2.884913    33.2157    26.5851 0.0000e+00
       1064      0.567     1.4015   2.891606    33.2960    26.6493 0.0000e+00
       1065      0.562     1.4027   2.892910    33.3113    26.6615 0.0000e+00
       1066      0.542     1.4038   2.893021    33.3116    26.6616 0.0000e+00
       1067      0.523     1.4051   2.893221    33.3127    26.6625 0.0000e+00
       1068      0.468     1.4055   2.893294    33.3133    26.6629 0.0000e+00
       1069      0.390     1.4057   2.893313    33.3134    26.6629 0.0000e+00
       1070      0.344     1.4063   2.893371    33.3135    26.6630 0.0000e+00
       1071      0.348     1.4071   2.893396    33.3129    26.6625 0.0000e+00
       1072      0.387     1.4079   2.893410    33.3122    26.6619 0.0000e+00
       1073      0.416     1.4084   2.893513    33.3130    26.6624 0.0000e+00
       1074      0.367     1.4079   2.893501    33.3134    26.6628 0.0000e+00
       1075      0.257     1.4063   2.893125    33.3104    26.6605 0.0000e+00
       1076      0.185     1.4034   2.892612    33.3070    26.6580 0.0000e+00
       1077      0.190     1.4001   2.892290    33.3064    26.6577 0.0000e+00
       1078      0.260     1.3967   2.892200    33.3089    26.6599 0.0000e+00
       1079      0.391     1.3935   2.892279    33.3132    26.6636 0.0000e+00
       1080      0.538     1.3907   2.892217    33.3153    26.6655 0.0000e+00
       1081      0.626     1.3886   2.891830    33.3126    26.6634 0.0000e+00
       1082      0.630     1.3884   2.891537    33.3090    26.6606 0.0000e+00
       1083      0.563     1.3907   2.891641    33.3080    26.6596 0.0000e+00
       1084      0.463     1.3937   2.891787    33.3067    26.6584 0.0000e+00
       1085      0.351     1.3958   2.891984    33.3070    26.6585 0.0000e+00
       1086      0.190     1.3981   2.849577    32.7661    26.2242 0.0000e+00
       1087     -0.002     1.4004   2.419131    27.3641    21.8913 0.0000e+00
       1088     -0.118     1.4010   2.059315    22.9440    18.3498 0.0000e+00
       1089     -0.155     1.3999   2.433080    27.5377    22.0305 0.0000e+00
       1090     -0.177     1.3985   2.676177    30.5761    24.4669 0.0000e+00
       1091     -0.164     1.3977   2.614145    29.7981    23.8430 0.0000e+00
       1092     -0.098     1.3977   2.770725    31.7685    25.4235 0.0000e+00
       1093     -0.028     1.3983   2.886619    33.2364    26.6016 0.0000e+00
       1094     -0.001     1.3987   2.886443    33.2337    26.5994 0.0000e+00
       1095     -0.015     1.3985   2.886306    33.2322    26.5982 0.0000e+00
       1096     -0.030     1.3973   2.886228    33.2325    26.5985 0.0000e+00
       1097     -0.019     1.3956   2.886140    33.2332    26.5992 0.0000e+00
       1098      0.022     1.3931   2.886108    33.2354    26.6012 0.0000e+00
       1099      0.075     1.3918   2.886235    33.2383    26.6036 0.0000e+00
       1100      0.105     1.3934   2.886453    33.2394    26.6044 0.0000e+00
       1101      0.122     1.3948   2.886542    33.2390    26.6040 0.0000e+00
       1102      0.199     1.3935   2.886587    33.2409    26.6056 0.0000e+00
       1103      0.384     1.3931   2.887145    33.2484    26.6116 0.0000e+00
       1104      0.647     1.3955   2.888276    33.2600    26.6208 0.0000e+00
       1105      0.915     1.3977   2.889227    33.2696    26.6283 0.0000e+00
       1106      1.160     1.3986   2.889567    33.2729    26.6309 0.0000e+00
       1107      1.410     1.3989   2.889623    33.2731    26.6311 0.0000e+00
       1108      1.646     1.3986   2.889781    33.2753    26.6328 0.0000e+00
       1109      1.754     1.3981   2.889947    33.2779    26.6349 0.0000e+00
       1110      1.691     1.3988   2.889902    33.2766    26.6339 0.0000e+00
       1111      1.572     1.4006   2.889866    33.2743    26.6319 0.0000e+00
       1112      1.520     1.4021   2.889988    33.2743    26.6318 0.0000e+00
       1113      1.601     1.4030   2.890052    33.2741    26.6316 0.0000e+00
       1114      1.808     1.4033   2.890048    33.2736    26.6312 0.0000e+00
       1115      2.026     1.4032   2.890143    33.2748    26.6321 0.0000e+00
       1116      2.169     1.4021   2.890177    33.2763    26.6334 0.0000e+00
       1117      2.198     1.3996   2.890065    33.2775    26.6346 0.0000e+00
       1118      2.085     1.3973   2.889954    33.2786    26.6356 0.0000e+00
       1119      1.929     1.3966   2.889855    33.2782    26.6353 0.0000e+00
       1120      1.852     1.3965   2.889830    33.2780    26.6352 0.0000e+00
       1121      1.819     1.3968   2.889891    33.2785    26.6355 0.0000e+00
       1122      1.759     1.3971   2.889884    33.2781    26.6352 0.0000e+00
       1123      1.701     1.3967   2.889771    33.2772    26.6345 0.0000e+00
       1124      1.696     1.3958   2.889659    33.2767    26.6341 0.0000e+00
       1125      1.698     1.3949   2.889598    33.2769    26.6343 0.0000e+00
       1126      1.635     1.3947   2.889596    33.2771    26.6345 0.0000e+00
       1127      1.505     1.3954   2.889743    33.2783    26.6355 0.0000e+00
       1128      1.342     1.3966   2.889944    33.2797    26.6365 0.0000e+00
       1129      1.197     1.3973   2.889917    33.2787    26.6356 0.0000e+00
       1130      1.113     1.3979   2.889756    33.2760    26.6335 0.0000e+00
       1131      1.083     1.3986   2.889768    33.2754    26.6330 0.0000e+00
       1132      1.069     1.3994   2.889922    33.2766    26.6338 0.0000e+00
       1133      1.065     1.3997   2.889965    33.2768    26.6340 0.0000e+00
       1134      1.100     1.3994   2.889926    33.2766    26.6338 0.0000e+00
       1135      1.154     1.3993   2.890038    33.2781    26.6350 0.0000e+00
       1136      1.144     1.4002   2.890209    33.2793    26.6360 0.0000e+00
       1137      1.018     1.4018   2.890216    33.2778    26.6346 0.0000e+00
       1138      0.824     1.4027   2.890053    33.2749    26.6322 0.0000e+00
       1139      0.649     1.4024   2.889872    33.2730    26.6307 0.0000e+00
       1140      0.511     1.4015   2.889799    33.2731    26.6309 0.0000e+00
       1141      0.381     1.4012   2.889804    33.2735    26.6313 0.0000e+00
       1142      0.311     1.4019   2.889832    33.2732    26.6309 0.0000e+00
       1143      0.342     1.4025   2.889855    33.2728    26.6306 0.0000e+00
       1144      0.428     1.4021   2.889849    33.2731    26.6309 0.0000e+00
       1145      0.526     1.4013   2.889871    33.2742    26.6318 0.0000e+00
       1146      0.597     1.4008   2.889948    33.2757    26.6330 0.0000e+00
       1147      0.569     1.4011   2.890016    33.2762    26.6334 0.0000e+00
       1148      0.444     1.4020   2.890002    33.2752    26.6325 0.0000e+00
       1149      0.295     1.4025   2.889926    33.2738    26.6313 0.0000e+00
       1150      0.175     1.4027   2.889856    33.2727    26.6305 0.0000e+00
       1151      0.128     1.4030   2.889837    33.2722    26.6300 0.0000e+00
       1152      0.157     1.4029   2.889852    33.2725    26.6303 0.0000e+00
       1153      0.174     1.4022   2.889837    33.2730    26.6308 0.0000e+00
       1154      0.136     1.4019   2.889825    33.2732    26.6309 0.0000e+00
       1155      0.094     1.4024   2.889863    33.2732    26.6309 0.0000e+00
       1156      0.069     1.4030   2.889889    33.2729    26.6306 0.0000e+00
       1157      0.020     1.4031   2.889857    33.2724    26.6302 0.0000e+00
       1158     -0.058     1.4028   2.889811    33.2722    26.6301 0.0000e+00
       1159     -0.118     1.4026   2.889788    33.2721    26.6300 0.0000e+00
       1160     -0.141     1.4023   2.889778    33.2723    26.6302 0.0000e+00
       1161     -0.141     1.4021   2.889768    33.2724    26.6303 0.0000e+00
       1162     -0.146     1.4018   2.889753    33.2726    26.6304 0.0000e+00
       1163     -0.169     1.4017   2.889740    33.2725    26.6304 0.0000e+00
       1164     -0.188     1.4018   2.889720    33.2722    26.6301 0.0000e+00
       1165     -0.204     1.4017   2.889669    33.2716    26.6297 0.0000e+00
       1166     -0.223     1.4015   2.889613    33.2711    26.6293 0.0000e+00
       1167     -0.230     1.4013   2.889587    33.2710    26.6292 0.0000e+00
       1168     -0.221     1.4007   2.889554    33.2712    26.6294 0.0000e+00
       1169     -0.198     1.3999   2.889499    33.2714    26.6296 0.0000e+00
       1170     -0.170     1.3991   2.889458    33.2717    26.6299 0.0000e+00
       1171     -0.155     1.3988   2.889447    33.2719    26.6301 0.0000e+00
       1172     -0.152     1.3988   2.889448    33.2719    26.6301 0.0000e+00
       1173     -0.145     1.3987   2.889438    33.2719    26.6301 0.0000e+00
       1174     -0.104     1.3986   2.889438    33.2719    26.6301 0.0000e+00
       1175     -0.011     1.3985   2.889455    33.2722    26.6304 0.0000e+00
       1176      0.130     1.3984   2.889493    33.2727    26.6308 0.0000e+00
       1177      0.289     1.3982   2.889549    33.2735    26.6315 0.0000e+00
       1178      0.410     1.3982   2.889586    33.2739    26.6318 0.0000e+00
       1179      0.514     1.3986   2.889625    33.2740    26.6318 0.0000e+00
       1180      0.672     1.3994   2.889733    33.2744    26.6321 0.0000e+00
       1181      0.900     1.4003   2.889893    33.2753    26.6328 0.0000e+00
       1182      1.171     1.4004   2.890004    33.2765    26.6337 0.0000e+00
       1183      1.417     1.3998   2.890049    33.2776    26.6346 0.0000e+00
       1184      1.606     1.3997   2.890116    33.2784    26.6353 0.0000e+00
       1185      1.787     1.4003   2.890216    33.2789    26.6356 0.0000e+00
       1186      2.007     1.4007   2.890308    33.2796    26.6361 0.0000e+00
       1187      2.249     1.4007   2.890380    33.2803    26.6367 0.0000e+00
       1188      2.468     1.4006   2.890444    33.2811    26.6374 0.0000e+00
       1189      2.650     1.4006   2.890509    33.2818    26.6380 0.0000e+00
       1190      2.803     1.4007   2.890567    33.2824    26.6384 0.0000e+00
       1191      2.946     1.4007   2.890623    33.2830    26.6389 0.0000e+00
       1192      3.085     1.4009   2.890676    33.2834    26.6392 0.0000e+00
       1193      3.202     1.4013   2.890734    33.2836    26.6394 0.0000e+00
       1194      3.292     1.4017   2.890783    33.2838    26.6394 0.0000e+00
       1195      3.362     1.4019   2.890804    33.2838    26.6394 0.0000e+00
       1196      3.435     1.4018   2.890821    33.2841    26.6397 0.0000e+00
       1197      3.536     1.4019   2.890861    33.2844    26.6399 0.0000e+00
       1198      3.655     1.4019   2.890899    33.2848    26.6403 0.0000e+00
       1199      3.727     1.4018   2.890911    33.2851    26.6405 0.0000e+00
       1200      3.722     1.4017   2.890911    33.2852    26.6406 0.0000e+00
       1201      3.686     1.4017   2.890915    33.2852    26.6406 0.0000e+00
       1202      3.685     1.4017   2.890924    33.2854    26.6407 0.0000e+00
       1203      3.782     1.4017   2.890950    33.2856    26.6409 0.0000e+00
       1204      3.999     1.4017   2.891009    33.2863    26.6414 0.0000e+00
       1205      4.268     1.4017   2.891090    33.2871    26.6421 0.0000e+00
       1206      4.454     1.4017   2.891148    33.2878    26.6426 0.0000e+00
       1207      4.500     1.4017   2.891161    33.2879    26.6427 0.0000e+00
       1208      4.510     1.4019   2.891173    33.2878    26.6427 0.0000e+00
       1209      4.575     1.4020   2.891206    33.2881    26.6429 0.0000e+00
       1210      4.687     1.4021   2.891242    33.2884    26.6431 0.0000e+00
       1211      4.842     1.4021   2.891275    33.2887    26.6434 0.0000e+00
       1212      5.077     1.4021   2.891325    33.2892    26.6438 0.0000e+00
       1213      5.373     1.4021   2.891387    33.2899    26.6443 0.0000e+00
       1214      5.636     1.4021   2.891441    33.2904    26.6447 0.0000e+00
       1215      5.786     1.4022   2.891472    33.2906    26.6449 0.0000e+00
       1216      5.833     1.4024   2.891482    33.2905    26.6448 0.0000e+00
       1217      5.842     1.4024   2.891483    33.2905    26.6448 0.0000e+00
       1218      5.872     1.4024   2.891477    33.2904    26.6447 0.0000e+00
       1219      5.986     1.4022   2.891490    33.2907    26.6450 0.0000e+00
       1220      6.220     1.4021   2.891548    33.2914    26.6455 0.0000e+00
       1221      6.567     1.4021   2.891642    33.2924    26.6463 0.0000e+00
       1222      6.983     1.4023   2.891738    33.2932    26.6469 0.0000e+00
       1223      7.392     1.4025   2.891816    33.2937    26.6474 0.0000e+00
       1224      7.740     1.4025   2.891877    33.2943    26.6478 0.0000e+00
       1225      8.003     1.4025   2.891921    33.2947    26.6482 0.0000e+00
       1226      8.183     1.4025   2.891948    33.2950    26.6483 0.0000e+00
       1227      8.334     1.4025   2.891966    33.2951    26.6485 0.0000e+00
       1228      8.534     1.4025   2.891998    33.2954    26.6487 0.0000e+00
       1229      8.807     1.4025   2.892044    33.2958    26.6490 0.0000e+00
       1230      9.128     1.4025   2.892094    33.2963    26.6494 0.0000e+00
