Datasets/Multi_Species/TEL214/tel214_2020_010.cnv
* Sea-Bird SBE19plus Data File:
* Filename = C:/AQUIRE/tel214_2020_010.hex
* Software Version AquireV2 AF V2.0
* Temperature SN =  7853
* Conductivity SN =  7853
* System UpLoad Time = Nov 09 2020 14:58:55
* <ApplicationData>
* <AQUIREV2>
** VESSEL/TRIP/SEQ STN: tel214_2020_010
** LATITUDE: 54 58.53 N
** LONGITUDE: 55 13.34 W
** DATE/TIME: 2020-11-09 14:01
** SOUNDING DEPTH (M): 0247
** PROBE TYPE: S7853
** CTD NUMBER:  10
** COMMENTS: 
# nquan = 7                                 
# nvalues = 3285                        
# units = specified
# name 0 = scan: Scan Count
# name 1 = prdM: Pressure, Strain Gauge [db]
# name 2 = tv290C: Temperature [ITS-90, deg C]
# name 3 = c0S/m: Conductivity [S/m]
# name 4 = sal00: Salinity, Practical [PSU]
# name 5 = sigma-t00: Density [sigma-t, kg/m^3 ]
# name 6 = flag: flag
# span 0 =          1,       3285       
# span 1 =     -1.170,    242.922       
# span 2 =    -2.3942,     2.7249       
# span 3 =   0.000055,   3.077072       
# span 4 =    -0.0033,    34.0722       
# span 5 =    -0.3736,    27.1712       
# span 6 = 0.0000e+00, 0.0000e+00       
# interval = seconds: 1
# start_time = Nov 09 2020 14:01:10 [Instrument's time stamp, header]
# bad_flag = -9.990e-29
*END*
[from data line 616]
        617      0.222     0.8814   2.793577    32.5927    26.1169 0.0000e+00
        618      0.316     0.8803   2.793633    32.5945    26.1184 0.0000e+00
        619      0.348     0.8799   2.793727    32.5961    26.1197 0.0000e+00
        620      0.313     0.8801   2.793919    32.5984    26.1216 0.0000e+00
        621      0.190     0.8802   2.793952    32.5988    26.1219 0.0000e+00
        622      0.070     0.8801   2.793775    32.5967    26.1202 0.0000e+00
        623      0.028     0.8804   2.793632    32.5945    26.1185 0.0000e+00
        624     -0.005     0.8820   2.793832    32.5955    26.1191 0.0000e+00
        625     -0.095     0.8845   2.794208    32.5977    26.1208 0.0000e+00
        626     -0.224     0.8867   2.794236    32.5958    26.1191 0.0000e+00
        627     -0.306     0.8881   2.794069    32.5923    26.1162 0.0000e+00
        628     -0.272     0.8892   2.794102    32.5915    26.1155 0.0000e+00
        629     -0.174     0.8897   2.794135    32.5914    26.1153 0.0000e+00
        630     -0.107     0.8891   2.794031    32.5906    26.1148 0.0000e+00
        631     -0.065     0.8882   2.793937    32.5903    26.1146 0.0000e+00
        632      0.039     0.8873   2.793950    32.5914    26.1155 0.0000e+00
        633      0.187     0.8866   2.794147    32.5946    26.1181 0.0000e+00
        634      0.239     0.8873   2.794441    32.5976    26.1205 0.0000e+00
        635      0.154     0.8891   2.794587    32.5976    26.1204 0.0000e+00
        636      0.034     0.8907   2.794531    32.5953    26.1184 0.0000e+00
        637     -0.022     0.8920   2.794517    32.5938    26.1171 0.0000e+00
        638      0.019     0.8928   2.794593    32.5939    26.1172 0.0000e+00
        639      0.101     0.8926   2.794605    32.5942    26.1175 0.0000e+00
        640      0.155     0.8917   2.794573    32.5947    26.1179 0.0000e+00
        641      0.191     0.8910   2.794557    32.5952    26.1184 0.0000e+00
        642      0.243     0.8910   2.794529    32.5948    26.1181 0.0000e+00
        643      0.291     0.8912   2.794474    32.5939    26.1173 0.0000e+00
        644      0.270     0.8910   2.794424    32.5935    26.1170 0.0000e+00
        645      0.170     0.8908   2.794410    32.5935    26.1170 0.0000e+00
        646      0.102     0.8915   2.794465    32.5936    26.1170 0.0000e+00
        647      0.154     0.8922   2.794530    32.5936    26.1170 0.0000e+00
        648      0.247     0.8915   2.794516    32.5941    26.1175 0.0000e+00
        649      0.284     0.8904   2.794553    32.5957    26.1188 0.0000e+00
        650      0.252     0.8908   2.794691    32.5971    26.1199 0.0000e+00
        651      0.124     0.8919   2.794739    32.5966    26.1195 0.0000e+00
        652     -0.082     0.8925   2.794661    32.5951    26.1182 0.0000e+00
        653     -0.248     0.8925   2.794615    32.5946    26.1178 0.0000e+00
        654     -0.329     0.8921   2.794617    32.5951    26.1182 0.0000e+00
        655     -0.330     0.8916   2.794651    32.5961    26.1190 0.0000e+00
        656     -0.293     0.8918   2.794698    32.5965    26.1193 0.0000e+00
        657     -0.328     0.8930   2.794733    32.5957    26.1186 0.0000e+00
        658     -0.422     0.8941   2.794791    32.5953    26.1183 0.0000e+00
        659     -0.484     0.8942   2.794838    32.5958    26.1187 0.0000e+00
        660     -0.537     0.8940   2.794885    32.5967    26.1194 0.0000e+00
        661     -0.632     0.8943   2.794908    32.5967    26.1194 0.0000e+00
        662     -0.739     0.8950   2.794914    32.5961    26.1189 0.0000e+00
        663     -0.774     0.8956   2.794966    32.5962    26.1189 0.0000e+00
        664     -0.722     0.8957   2.795003    32.5965    26.1192 0.0000e+00
        665     -0.662     0.8953   2.794984    32.5967    26.1193 0.0000e+00
        666     -0.623     0.8956   2.794971    32.5962    26.1189 0.0000e+00
        667     -0.595     0.8965   2.794922    32.5946    26.1175 0.0000e+00
        668     -0.581     0.8977   2.794805    32.5918    26.1152 0.0000e+00
        669     -0.585     0.8983   2.794754    32.5905    26.1142 0.0000e+00
        670     -0.612     0.8986   2.794769    32.5904    26.1141 0.0000e+00
        671     -0.658     0.8988   2.794757    32.5901    26.1138 0.0000e+00
        672     -0.692     0.8987   2.794727    32.5898    26.1136 0.0000e+00
        673     -0.668     0.8984   2.794690    32.5896    26.1135 0.0000e+00
        674     -0.560     0.8979   2.794679    32.5900    26.1137 0.0000e+00
        675     -0.367     0.8972   2.794736    32.5913    26.1149 0.0000e+00
        676     -0.182     0.8971   2.794825    32.5925    26.1158 0.0000e+00
        677     -0.164     0.8975   2.794843    32.5923    26.1156 0.0000e+00
        678     -0.303     0.8977   2.794766    32.5911    26.1147 0.0000e+00
        679     -0.412     0.8976   2.794691    32.5903    26.1141 0.0000e+00
        680     -0.388     0.8973   2.794673    32.5904    26.1141 0.0000e+00
        681     -0.269     0.8973   2.794691    32.5906    26.1143 0.0000e+00
        682     -0.102     0.8976   2.794740    32.5908    26.1144 0.0000e+00
        683      0.062     0.8977   2.794779    32.5911    26.1147 0.0000e+00
        684      0.178     0.8974   2.794781    32.5914    26.1149 0.0000e+00
        685      0.318     0.8972   2.794822    32.5920    26.1154 0.0000e+00
        686      0.560     0.8973   2.794907    32.5929    26.1161 0.0000e+00
        687      0.760     0.8973   2.794957    32.5934    26.1166 0.0000e+00
        688      0.781     0.8970   2.794952    32.5936    26.1168 0.0000e+00
        689      0.741     0.8968   2.794929    32.5936    26.1167 0.0000e+00
        690      0.786     0.8970   2.794911    32.5931    26.1163 0.0000e+00
        691      0.995     0.8972   2.794941    32.5932    26.1164 0.0000e+00
        692      1.386     0.8971   2.795030    32.5942    26.1172 0.0000e+00
        693      1.794     0.8969   2.795119    32.5953    26.1181 0.0000e+00
        694      2.053     0.8968   2.795164    32.5959    26.1186 0.0000e+00
        695      2.186     0.8968   2.795161    32.5957    26.1185 0.0000e+00
        696      2.294     0.8968   2.795149    32.5955    26.1183 0.0000e+00
        697      2.416     0.8968   2.795159    32.5956    26.1183 0.0000e+00
        698      2.546     0.8965   2.795176    32.5960    26.1187 0.0000e+00
        699      2.635     0.8963   2.795190    32.5964    26.1190 0.0000e+00
        700      2.616     0.8962   2.795182    32.5964    26.1190 0.0000e+00
        701      2.553     0.8962   2.795161    32.5962    26.1188 0.0000e+00
        702      2.587     0.8962   2.795164    32.5962    26.1188 0.0000e+00
        703      2.785     0.8961   2.795200    32.5966    26.1192 0.0000e+00
        704      3.120     0.8961   2.795249    32.5971    26.1196 0.0000e+00
        705      3.482     0.8961   2.795297    32.5975    26.1199 0.0000e+00
        706      3.764     0.8961   2.795347    32.5980    26.1203 0.0000e+00
        707      3.900     0.8961   2.795396    32.5985    26.1207 0.0000e+00
        708      3.864     0.8962   2.795415    32.5987    26.1209 0.0000e+00
        709      3.780     0.8962   2.795412    32.5987    26.1209 0.0000e+00
        710      3.823     0.8963   2.795428    32.5988    26.1209 0.0000e+00
        711      4.017     0.8963   2.795477    32.5993    26.1213 0.0000e+00
        712      4.269     0.8964   2.795538    32.5998    26.1218 0.0000e+00
        713      4.476     0.8965   2.795585    32.6002    26.1221 0.0000e+00
        714      4.613     0.8967   2.795612    32.6003    26.1221 0.0000e+00
        715      4.755     0.8968   2.795634    32.6004    26.1222 0.0000e+00
        716      4.947     0.8968   2.795657    32.6005    26.1223 0.0000e+00
        717      5.131     0.8969   2.795676    32.6006    26.1223 0.0000e+00
        718      5.267     0.8969   2.795688    32.6007    26.1224 0.0000e+00
        719      5.428     0.8968   2.795704    32.6009    26.1226 0.0000e+00
        720      5.721     0.8966   2.795743    32.6014    26.1230 0.0000e+00
        721      6.129     0.8965   2.795812    32.6022    26.1237 0.0000e+00
        722      6.525     0.8965   2.795867    32.6027    26.1240 0.0000e+00
        723      6.841     0.8966   2.795890    32.6027    26.1240 0.0000e+00
        724      7.108     0.8968   2.795909    32.6026    26.1239 0.0000e+00
        725      7.368     0.8969   2.795940    32.6027    26.1240 0.0000e+00
        726      7.638     0.8971   2.795987    32.6029    26.1242 0.0000e+00
        727      7.925     0.8973   2.796031    32.6031    26.1244 0.0000e+00
        728      8.266     0.8974   2.796067    32.6033    26.1245 0.0000e+00
        729      8.693     0.8974   2.796105    32.6035    26.1247 0.0000e+00
        730      9.158     0.8974   2.796145    32.6038    26.1249 0.0000e+00
        731      9.586     0.8974   2.796173    32.6039    26.1250 0.0000e+00
        732      9.945     0.8974   2.796187    32.6039    26.1250 0.0000e+00
        733     10.230     0.8976   2.796210    32.6038    26.1249 0.0000e+00
        734     10.463     0.8978   2.796243    32.6039    26.1249 0.0000e+00
        735     10.693     0.8979   2.796270    32.6040    26.1250 0.0000e+00
        736     10.970     0.8979   2.796291    32.6041    26.1251 0.0000e+00
        737     11.325     0.8979   2.796318    32.6042    26.1252 0.0000e+00
        738     11.743     0.8979   2.796342    32.6043    26.1253 0.0000e+00
        739     12.174     0.8980   2.796357    32.6042    26.1252 0.0000e+00
        740     12.606     0.8981   2.796375    32.6040    26.1251 0.0000e+00
        741     13.064     0.8981   2.796406    32.6042    26.1252 0.0000e+00
        742     13.536     0.8981   2.796446    32.6044    26.1254 0.0000e+00
        743     13.968     0.8981   2.796487    32.6047    26.1256 0.0000e+00
        744     14.334     0.8981   2.796523    32.6050    26.1258 0.0000e+00
        745     14.662     0.8980   2.796553    32.6053    26.1260 0.0000e+00
        746     14.993     0.8979   2.796572    32.6054    26.1262 0.0000e+00
        747     15.342     0.8978   2.796586    32.6055    26.1263 0.0000e+00
        748     15.717     0.8978   2.796606    32.6056    26.1263 0.0000e+00
        749     16.147     0.8978   2.796637    32.6057    26.1264 0.0000e+00
        750     16.650     0.8978   2.796664    32.6058    26.1265 0.0000e+00
        751     17.191     0.8978   2.796685    32.6057    26.1264 0.0000e+00
        752     17.699     0.8977   2.796728    32.6061    26.1267 0.0000e+00
        753     18.136     0.8978   2.796804    32.6067    26.1272 0.0000e+00
        754     18.519     0.8979   2.796875    32.6073    26.1277 0.0000e+00
        755     18.874     0.8980   2.796928    32.6077    26.1280 0.0000e+00
        756     19.211     0.8980   2.797000    32.6084    26.1286 0.0000e+00
        757     19.552     0.8980   2.797096    32.6095    26.1294 0.0000e+00
        758     19.944     0.8979   2.797189    32.6105    26.1303 0.0000e+00
        759     20.416     0.8977   2.797301    32.6119    26.1314 0.0000e+00
        760     20.941     0.8972   2.797445    32.6140    26.1331 0.0000e+00
        761     21.469     0.8965   2.797568    32.6160    26.1348 0.0000e+00
        762     21.969     0.8962   2.797662    32.6172    26.1358 0.0000e+00
        763     22.428     0.8962   2.797740    32.6180    26.1364 0.0000e+00
        764     22.842     0.8961   2.797794    32.6185    26.1368 0.0000e+00
        765     23.216     0.8960   2.797841    32.6190    26.1372 0.0000e+00
        766     23.564     0.8959   2.797886    32.6195    26.1376 0.0000e+00
        767     23.919     0.8958   2.797933    32.6200    26.1381 0.0000e+00
        768     24.321     0.8957   2.797984    32.6206    26.1385 0.0000e+00
        769     24.789     0.8956   2.798042    32.6212    26.1390 0.0000e+00
        770     25.310     0.8954   2.798128    32.6222    26.1398 0.0000e+00
        771     25.844     0.8952   2.798292    32.6242    26.1414 0.0000e+00
        772     26.358     0.8946   2.798542    32.6277    26.1443 0.0000e+00
        773     26.848     0.8939   2.798824    32.6318    26.1476 0.0000e+00
        774     27.316     0.8929   2.799046    32.6355    26.1506 0.0000e+00
        775     27.760     0.8921   2.799193    32.6379    26.1527 0.0000e+00
        776     28.175     0.8914   2.799308    32.6399    26.1543 0.0000e+00
        777     28.571     0.8907   2.799416    32.6418    26.1559 0.0000e+00
        778     28.981     0.8902   2.799518    32.6434    26.1572 0.0000e+00
        779     29.445     0.8899   2.799613    32.6447    26.1582 0.0000e+00
        780     29.964     0.8892   2.799703    32.6463    26.1595 0.0000e+00
        781     30.504     0.8881   2.799793    32.6483    26.1612 0.0000e+00
        782     31.026     0.8868   2.799881    32.6505    26.1631 0.0000e+00
        783     31.510     0.8860   2.799957    32.6520    26.1644 0.0000e+00
        784     31.971     0.8855   2.800015    32.6530    26.1652 0.0000e+00
        785     32.435     0.8852   2.800061    32.6537    26.1657 0.0000e+00
        786     32.903     0.8851   2.800106    32.6541    26.1661 0.0000e+00
        787     33.362     0.8851   2.800157    32.6545    26.1664 0.0000e+00
        788     33.811     0.8850   2.800208    32.6550    26.1668 0.0000e+00
        789     34.275     0.8851   2.800251    32.6552    26.1669 0.0000e+00
        790     34.774     0.8851   2.800294    32.6555    26.1672 0.0000e+00
        791     35.294     0.8851   2.800330    32.6556    26.1673 0.0000e+00
        792     35.804     0.8849   2.800350    32.6558    26.1674 0.0000e+00
        793     36.292     0.8844   2.800367    32.6563    26.1679 0.0000e+00
        794     36.771     0.8839   2.800391    32.6568    26.1683 0.0000e+00
        795     37.260     0.8834   2.800416    32.6574    26.1688 0.0000e+00
        796     37.767     0.8828   2.800443    32.6581    26.1694 0.0000e+00
        797     38.282     0.8822   2.800471    32.6588    26.1700 0.0000e+00
        798     38.792     0.8815   2.800503    32.6596    26.1707 0.0000e+00
        799     39.292     0.8805   2.800549    32.6610    26.1719 0.0000e+00
        800     39.778     0.8794   2.800612    32.6627    26.1733 0.0000e+00
        801     40.252     0.8780   2.800691    32.6649    26.1752 0.0000e+00
        802     40.726     0.8765   2.800785    32.6674    26.1773 0.0000e+00
        803     41.212     0.8750   2.800894    32.6701    26.1796 0.0000e+00
        804     41.713     0.8735   2.801023    32.6731    26.1820 0.0000e+00
        805     42.225     0.8718   2.801181    32.6766    26.1850 0.0000e+00
        806     42.731     0.8699   2.801353    32.6805    26.1882 0.0000e+00
        807     43.217     0.8685   2.801520    32.6839    26.1910 0.0000e+00
        808     43.691     0.8679   2.801726    32.6869    26.1935 0.0000e+00
        809     44.173     0.8671   2.802009    32.6911    26.1969 0.0000e+00
        810     44.679     0.8658   2.802349    32.6966    26.2013 0.0000e+00
        811     45.204     0.8640   2.802766    32.7035    26.2070 0.0000e+00
        812     45.725     0.8619   2.803233    32.7114    26.2135 0.0000e+00
        813     46.226     0.8599   2.803663    32.7188    26.2196 0.0000e+00
        814     46.709     0.8583   2.804069    32.7254    26.2250 0.0000e+00
        815     47.182     0.8574   2.804481    32.7314    26.2299 0.0000e+00
        816     47.642     0.8568   2.804848    32.7365    26.2340 0.0000e+00
        817     48.089     0.8563   2.805129    32.7404    26.2372 0.0000e+00
        818     48.531     0.8561   2.805339    32.7431    26.2393 0.0000e+00
        819     48.981     0.8560   2.805489    32.7448    26.2408 0.0000e+00
        820     49.456     0.8561   2.805602    32.7459    26.2416 0.0000e+00
