Datasets/Multi_Species/TEL214/tel214_2020_021.cnv
* Sea-Bird SBE19plus Data File:
* Filename = C:/AQUIRE/tel214_2020_021.hex
* Software Version AquireV2 AF V2.0
* Temperature SN =  7853
* Conductivity SN =  7853
* System UpLoad Time = Nov 12 2020 00:30:57
* <ApplicationData>
* <AQUIREV2>
** VESSEL/TRIP/SEQ STN: tel214_2020_021
** LATITUDE: 54 18.71 N
** LONGITUDE: 53 10.39 W
** DATE/TIME: 2020-11-11 22:50
** SOUNDING DEPTH (M): 0651
** PROBE TYPE: S7853
** CTD NUMBER: 021
** COMMENTS: 
# nquan = 7                                 
# nvalues = 5891                        
# units = specified
# name 0 = scan: Scan Count
# name 1 = prdM: Pressure, Strain Gauge [db]
# name 2 = tv290C: Temperature [ITS-90, deg C]
# name 3 = c0S/m: Conductivity [S/m]
# name 4 = sal00: Salinity, Practical [PSU]
# name 5 = sigma-t00: Density [sigma-t, kg/m^3 ]
# name 6 = flag: flag
# span 0 =          1,       5891       
# span 1 =     -1.093,    662.403       
# span 2 =    -0.2040,     4.0852       
# span 3 =   0.000028,   3.262985       
# span 4 =    -0.0020,    34.8229       
# span 5 =    -0.1716,    27.6536       
# span 6 = 0.0000e+00, 0.0000e+00       
# interval = seconds: 1
# start_time = Nov 11 2020 22:50:14 [Instrument's time stamp, header]
# bad_flag = -9.990e-29
*END*
[from data line 411]
        412     -1.072    -0.1853   0.000104    -0.0015    -0.1703 0.0000e+00
        413     -1.074    -0.1830   0.000114    -0.0014    -0.1701 0.0000e+00
        414     -1.076    -0.1824   0.000117    -0.0014    -0.1701 0.0000e+00
        415     -1.077    -0.1825   0.000117    -0.0014    -0.1701 0.0000e+00
        416     -1.076    -0.1819   0.000120    -0.0014    -0.1701 0.0000e+00
        417     -1.074    -0.1804   0.000126    -0.0013    -0.1700 0.0000e+00
        418     -1.072    -0.1796   0.000128    -0.0013    -0.1699 0.0000e+00
        419     -1.070    -0.1805   0.000125    -0.0013    -0.1700 0.0000e+00
        420     -1.069    -0.1812   0.000123    -0.0013    -0.1700 0.0000e+00
        421     -1.071    -0.1806   0.000125    -0.0013    -0.1700 0.0000e+00
        422     -1.073    -0.1801   0.000126    -0.0013    -0.1699 0.0000e+00
        423     -1.075    -0.1806   0.000124    -0.0013    -0.1700 0.0000e+00
        424     -1.077    -0.1812   0.000124    -0.0013    -0.1700 0.0000e+00
        425     -1.078    -0.1814   0.000123    -0.0013    -0.1700 0.0000e+00
        426     -1.077    -0.1810   0.000124    -0.0013    -0.1700 0.0000e+00
        427     -1.076    -0.1799   0.000128    -0.0013    -0.1699 0.0000e+00
        428     -1.074    -0.1780   0.000134    -0.0013    -0.1698 0.0000e+00
        429     -1.072    -0.1760   0.000139    -0.0012    -0.1696 0.0000e+00
        430     -1.073    -0.1742   0.000144    -0.0012    -0.1695 0.0000e+00
        431     -1.078    -0.1724   0.000147    -0.0012    -0.1694 0.0000e+00
        432     -1.083    -0.1704   0.000151    -0.0011    -0.1692 0.0000e+00
        433     -1.086    -0.1692   0.000152    -0.0011    -0.1692 0.0000e+00
        434     -1.087    -0.1694   0.000147    -0.0012    -0.1692 0.0000e+00
        435     -1.085    -0.1714   0.000137    -0.0012    -0.1693 0.0000e+00
        436     -1.080    -0.1735   0.000129    -0.0013    -0.1695 0.0000e+00
        437     -1.074    -0.1749   0.000125    -0.0013    -0.1696 0.0000e+00
        438     -1.070    -0.1763   0.000120    -0.0014    -0.1697 0.0000e+00
        439     -1.069    -0.1789   0.000112    -0.0014    -0.1699 0.0000e+00
        440     -1.069    -0.1820   0.000104    -0.0015    -0.1701 0.0000e+00
        441     -1.070    -0.1843   0.000099    -0.0015    -0.1702 0.0000e+00
        442     -1.071    -0.1846   0.000102    -0.0015    -0.1703 0.0000e+00
        443     -1.071    -0.1830   0.000110    -0.0014    -0.1701 0.0000e+00
        444     -1.072    -0.1805   0.000120    -0.0014    -0.1700 0.0000e+00
        445     -1.074    -0.1782   0.000127    -0.0013    -0.1698 0.0000e+00
        446     -1.074    -0.1760   0.000134    -0.0013    -0.1696 0.0000e+00
        447     -1.073    -0.1739   0.000140    -0.0012    -0.1695 0.0000e+00
        448     -1.073    -0.1722   0.000144    -0.0012    -0.1694 0.0000e+00
        449     -1.073    -0.1710   0.000146    -0.0012    -0.1693 0.0000e+00
        450     -1.072    -0.1704   0.000144    -0.0012    -0.1692 0.0000e+00
        451     -1.070    -0.1701   0.000142    -0.0012    -0.1692 0.0000e+00
        452     -1.069    -0.1694   0.000143    -0.0012    -0.1692 0.0000e+00
        453     -1.070    -0.1681   0.000146    -0.0012    -0.1691 0.0000e+00
        454     -1.072    -0.1666   0.000149    -0.0011    -0.1690 0.0000e+00
        455     -1.074    -0.1656   0.000149    -0.0011    -0.1689 0.0000e+00
        456     -1.078    -0.1654   0.000147    -0.0012    -0.1689 0.0000e+00
        457     -1.081    -0.1657   0.000143    -0.0012    -0.1689 0.0000e+00
        458     -1.080    -0.1659   0.000140    -0.0012    -0.1689 0.0000e+00
        459     -1.079    -0.1660   0.000136    -0.0012    -0.1689 0.0000e+00
        460     -1.079    -0.1658   0.000136    -0.0012    -0.1689 0.0000e+00
        461     -1.078    -0.1659   0.000135    -0.0012    -0.1689 0.0000e+00
        462     -1.076    -0.1673   0.000131    -0.0013    -0.1690 0.0000e+00
        463     -1.074    -0.1696   0.000123    -0.0013    -0.1692 0.0000e+00
        464     -1.072    -0.1706   0.000120    -0.0014    -0.1693 0.0000e+00
        465     -1.070    -0.1700   0.000122    -0.0013    -0.1692 0.0000e+00
        466     -1.069    -0.1685   0.000127    -0.0013    -0.1691 0.0000e+00
        467     -1.071    -0.1666   0.000133    -0.0013    -0.1690 0.0000e+00
        468     -1.075    -0.1648   0.000138    -0.0012    -0.1689 0.0000e+00
        469     -1.077    -0.1636   0.000140    -0.0012    -0.1688 0.0000e+00
        470     -1.076    -0.1633   0.000140    -0.0012    -0.1687 0.0000e+00
        471     -1.076    -0.1636   0.000137    -0.0012    -0.1688 0.0000e+00
        472     -1.077    -0.1644   0.000132    -0.0013    -0.1688 0.0000e+00
        473     -1.076    -0.1648   0.000129    -0.0013    -0.1689 0.0000e+00
        474     -1.074    -0.1644   0.000128    -0.0013    -0.1688 0.0000e+00
        475     -1.074    -0.1634   0.000132    -0.0013    -0.1688 0.0000e+00
        476     -1.074    -0.1623   0.000135    -0.0012    -0.1687 0.0000e+00
        477     -1.076    -0.1616   0.000137    -0.0012    -0.1686 0.0000e+00
        478     -1.077    -0.1609   0.000138    -0.0012    -0.1686 0.0000e+00
        479     -1.075    -0.1599   0.000141    -0.0012    -0.1685 0.0000e+00
        480     -1.072    -0.1588   0.000143    -0.0012    -0.1684 0.0000e+00
        481     -1.071    -0.1582   0.000143    -0.0012    -0.1684 0.0000e+00
        482     -1.072    -0.1582   0.000140    -0.0012    -0.1684 0.0000e+00
        483     -1.071    -0.1580   0.000139    -0.0012    -0.1684 0.0000e+00
        484     -1.072    -0.1573   0.000140    -0.0012    -0.1683 0.0000e+00
        485     -1.075    -0.1563   0.000141    -0.0012    -0.1682 0.0000e+00
        486     -1.078    -0.1553   0.000142    -0.0012    -0.1682 0.0000e+00
        487     -1.077    -0.1547   0.000141    -0.0012    -0.1681 0.0000e+00
        488     -1.072    -0.1547   0.000140    -0.0012    -0.1681 0.0000e+00
        489     -1.067    -0.1552   0.000138    -0.0012    -0.1682 0.0000e+00
        490     -1.066    -0.1564   0.000133    -0.0013    -0.1683 0.0000e+00
        491     -1.067    -0.1580   0.000126    -0.0013    -0.1684 0.0000e+00
        492     -1.068    -0.1588   0.000124    -0.0013    -0.1684 0.0000e+00
        493     -1.070    -0.1584   0.000125    -0.0013    -0.1684 0.0000e+00
        494     -1.072    -0.1578   0.000127    -0.0013    -0.1684 0.0000e+00
        495     -1.074    -0.1578   0.000125    -0.0013    -0.1684 0.0000e+00
        496     -1.077    -0.1588   0.000121    -0.0013    -0.1684 0.0000e+00
        497     -1.081    -0.1608   0.000115    -0.0014    -0.1686 0.0000e+00
        498     -1.083    -0.1623   0.000112    -0.0014    -0.1687 0.0000e+00
        499     -1.083    -0.1629   0.000112    -0.0014    -0.1687 0.0000e+00
        500     -1.083    -0.1633   0.000112    -0.0014    -0.1687 0.0000e+00
        501     -1.080    -0.1644   0.000110    -0.0014    -0.1688 0.0000e+00
        502     -1.076    -0.1657   0.000108    -0.0014    -0.1689 0.0000e+00
        503     -1.072    -0.1658   0.000110    -0.0014    -0.1689 0.0000e+00
        504     -1.070    -0.1649   0.000114    -0.0014    -0.1689 0.0000e+00
        505     -1.073    -0.1641   0.000117    -0.0014    -0.1688 0.0000e+00
        506     -1.075    -0.1639   0.000117    -0.0014    -0.1688 0.0000e+00
        507     -1.074    -0.1641   0.000117    -0.0014    -0.1688 0.0000e+00
        508     -1.071    -0.1648   0.000117    -0.0014    -0.1689 0.0000e+00
        509     -1.069    -0.1653   0.000117    -0.0014    -0.1689 0.0000e+00
        510     -1.070    -0.1654   0.000118    -0.0014    -0.1689 0.0000e+00
        511     -1.072    -0.1650   0.000120    -0.0014    -0.1689 0.0000e+00
        512     -1.073    -0.1639   0.000125    -0.0013    -0.1688 0.0000e+00
        513     -1.073    -0.1621   0.000131    -0.0013    -0.1687 0.0000e+00
        514     -1.074    -0.1602   0.000137    -0.0012    -0.1685 0.0000e+00
        515     -1.076    -0.1589   0.000139    -0.0012    -0.1684 0.0000e+00
        516     -1.078    -0.1592   0.000136    -0.0012    -0.1685 0.0000e+00
        517     -1.079    -0.1611   0.000129    -0.0013    -0.1686 0.0000e+00
        518     -1.081    -0.1632   0.000121    -0.0013    -0.1687 0.0000e+00
        519     -1.082    -0.1647   0.000116    -0.0014    -0.1688 0.0000e+00
        520     -1.082    -0.1659   0.000112    -0.0014    -0.1689 0.0000e+00
        521     -1.078    -0.1668   0.000109    -0.0014    -0.1690 0.0000e+00
        522     -1.073    -0.1673   0.000109    -0.0014    -0.1690 0.0000e+00
        523     -1.072    -0.1679   0.000108    -0.0014    -0.1691 0.0000e+00
        524     -1.073    -0.1704   0.000103    -0.0015    -0.1692 0.0000e+00
        525     -1.073    -0.1746   0.000092    -0.0016    -0.1695 0.0000e+00
        526     -1.072    -0.1784   0.000084    -0.0016    -0.1698 0.0000e+00
        527     -1.073    -0.1799   0.000085    -0.0016    -0.1699 0.0000e+00
        528     -1.078    -0.1797   0.000090    -0.0016    -0.1699 0.0000e+00
        529     -1.081    -0.1802   0.000091    -0.0016    -0.1699 0.0000e+00
        530     -1.081    -0.1825   0.000086    -0.0016    -0.1701 0.0000e+00
        531     -1.080    -0.1855   0.000079    -0.0017    -0.1703 0.0000e+00
        532     -1.080    -0.1881   0.000074    -0.0017    -0.1705 0.0000e+00
        533     -1.079    -0.1895   0.000077    -0.0017    -0.1706 0.0000e+00
        534     -1.076    -0.1891   0.000085    -0.0016    -0.1706 0.0000e+00
        535     -1.072    -0.1886   0.000092    -0.0016    -0.1705 0.0000e+00
        536     -1.072    -0.1901   0.000093    -0.0016    -0.1707 0.0000e+00
        537     -1.074    -0.1939   0.000084    -0.0016    -0.1709 0.0000e+00
        538     -1.075    -0.1968   0.000079    -0.0017    -0.1711 0.0000e+00
        539     -1.074    -0.1970   0.000083    -0.0016    -0.1711 0.0000e+00
        540     -1.074    -0.1957   0.000092    -0.0016    -0.1711 0.0000e+00
        541     -1.076    -0.1946   0.000099    -0.0015    -0.1710 0.0000e+00
        542     -1.077    -0.1933   0.000105    -0.0015    -0.1709 0.0000e+00
        543     -1.076    -0.1919   0.000112    -0.0014    -0.1708 0.0000e+00
        544     -1.074    -0.1913   0.000115    -0.0014    -0.1707 0.0000e+00
        545     -1.074    -0.1925   0.000113    -0.0014    -0.1708 0.0000e+00
        546     -1.074    -0.1951   0.000108    -0.0015    -0.1710 0.0000e+00
        547     -1.077    -0.1983   0.000097    -0.0015    -0.1712 0.0000e+00
        548     -1.080    -0.2017   0.000088    -0.0016    -0.1715 0.0000e+00
        549     -1.082    -0.2040   0.000086    -0.0016    -0.1716 0.0000e+00
        550     -1.082    -0.2034   0.000093    -0.0016    -0.1716 0.0000e+00
        551     -1.080    -0.2002   0.000107    -0.0015    -0.1714 0.0000e+00
        552     -1.077    -0.1968   0.000119    -0.0014    -0.1711 0.0000e+00
        553     -1.075    -0.1943   0.000128    -0.0013    -0.1710 0.0000e+00
        554     -1.074    -0.1921   0.000135    -0.0013    -0.1708 0.0000e+00
        555     -1.072    -0.1898   0.000142    -0.0012    -0.1706 0.0000e+00
        556     -1.072    -0.1875   0.000146    -0.0012    -0.1705 0.0000e+00
        557     -1.075    -0.1854   0.000150    -0.0011    -0.1703 0.0000e+00
        558     -1.077    -0.1833   0.000155    -0.0011    -0.1702 0.0000e+00
        559     -1.078    -0.1812   0.000159    -0.0011    -0.1700 0.0000e+00
        560     -1.077    -0.1796   0.000159    -0.0011    -0.1699 0.0000e+00
        561     -1.076    -0.1792   0.000156    -0.0011    -0.1699 0.0000e+00
        562     -1.076    -0.1794   0.000152    -0.0011    -0.1699 0.0000e+00
        563     -1.077    -0.1798   0.000150    -0.0011    -0.1699 0.0000e+00
        564     -1.075    -0.1803   0.000145    -0.0012    -0.1700 0.0000e+00
        565     -1.073    -0.1814   0.000138    -0.0012    -0.1700 0.0000e+00
        566     -1.071    -0.1822   0.000134    -0.0013    -0.1701 0.0000e+00
        567     -1.069    -0.1816   0.000135    -0.0013    -0.1700 0.0000e+00
        568     -1.070    -0.1801   0.000139    -0.0012    -0.1699 0.0000e+00
        569     -1.072    -0.1790   0.000140    -0.0012    -0.1699 0.0000e+00
        570     -1.074    -0.1783   0.000139    -0.0012    -0.1698 0.0000e+00
        571     -1.076    -0.1775   0.000140    -0.0012    -0.1698 0.0000e+00
        572     -1.078    -0.1762   0.000142    -0.0012    -0.1697 0.0000e+00
        573     -1.078    -0.1746   0.000146    -0.0012    -0.1695 0.0000e+00
        574     -1.077    -0.1731   0.000150    -0.0011    -0.1694 0.0000e+00
        575     -1.076    -0.1716   0.000152    -0.0011    -0.1693 0.0000e+00
        576     -1.074    -0.1702   0.000152    -0.0011    -0.1692 0.0000e+00
        577     -1.074    -0.1689   0.000152    -0.0011    -0.1691 0.0000e+00
        578     -1.074    -0.1679   0.000152    -0.0011    -0.1691 0.0000e+00
        579     -1.076    -0.1673   0.000152    -0.0011    -0.1690 0.0000e+00
        580     -1.078    -0.1671   0.000149    -0.0011    -0.1690 0.0000e+00
        581     -1.079    -0.1668   0.000147    -0.0012    -0.1690 0.0000e+00
        582     -1.081    -0.1661   0.000147    -0.0012    -0.1689 0.0000e+00
        583     -1.082    -0.1652   0.000148    -0.0011    -0.1689 0.0000e+00
        584     -1.080    -0.1653   0.000144    -0.0012    -0.1689 0.0000e+00
        585     -1.076    -0.1664   0.000137    -0.0012    -0.1690 0.0000e+00
        586     -1.074    -0.1683   0.000129    -0.0013    -0.1691 0.0000e+00
        587     -1.074    -0.1704   0.000122    -0.0013    -0.1692 0.0000e+00
        588     -1.074    -0.1725   0.000116    -0.0014    -0.1694 0.0000e+00
        589     -1.076    -0.1741   0.000109    -0.0014    -0.1695 0.0000e+00
        590     -1.077    -0.1747   0.000109    -0.0014    -0.1696 0.0000e+00
        591     -1.077    -0.1742   0.000114    -0.0014    -0.1695 0.0000e+00
        592     -1.077    -0.1730   0.000120    -0.0014    -0.1694 0.0000e+00
        593     -1.080    -0.1717   0.000125    -0.0013    -0.1693 0.0000e+00
        594     -1.081    -0.1702   0.000130    -0.0013    -0.1692 0.0000e+00
        595     -1.081    -0.1690   0.000133    -0.0013    -0.1692 0.0000e+00
        596     -1.085    -0.1687   0.000132    -0.0013    -0.1691 0.0000e+00
        597     -1.089    -0.1697   0.000127    -0.0013    -0.1692 0.0000e+00
        598     -1.090    -0.1718   0.000119    -0.0014    -0.1693 0.0000e+00
        599     -1.089    -0.1744   0.000110    -0.0014    -0.1695 0.0000e+00
        600     -1.088    -0.1770   0.000103    -0.0015    -0.1697 0.0000e+00
        601     -1.086    -0.1792   0.000097    -0.0015    -0.1699 0.0000e+00
        602     -1.082    -0.1803   0.000097    -0.0015    -0.1700 0.0000e+00
        603     -1.080    -0.1805   0.000102    -0.0015    -0.1700 0.0000e+00
        604     -1.081    -0.1805   0.000105    -0.0015    -0.1700 0.0000e+00
        605     -1.081    -0.1805   0.000107    -0.0015    -0.1700 0.0000e+00
        606     -1.080    -0.1800   0.000109    -0.0014    -0.1699 0.0000e+00
        607     -1.082    -0.1787   0.000115    -0.0014    -0.1698 0.0000e+00
        608     -1.085    -0.1771   0.000121    -0.0014    -0.1697 0.0000e+00
        609     -1.087    -0.1764   0.000124    -0.0013    -0.1697 0.0000e+00
        610     -1.085    -0.1774   0.000120    -0.0014    -0.1697 0.0000e+00
        611     -1.083    -0.1797   0.000113    -0.0014    -0.1699 0.0000e+00
        612     -1.081    -0.1816   0.000109    -0.0014    -0.1700 0.0000e+00
        613     -1.080    -0.1821   0.000110    -0.0014    -0.1701 0.0000e+00
        614     -1.080    -0.1813   0.000115    -0.0014    -0.1700 0.0000e+00
        615     -1.080    -0.1800   0.000120    -0.0014    -0.1699 0.0000e+00
