Datasets/Multi_Species/TEL214/tel214_2020_007.cnv
* Sea-Bird SBE19plus Data File:
* Filename = C:/AQUIRE/tel214_2020_007.hex
* Software Version AquireV2 AF V2.0
* Temperature SN =  7853
* Conductivity SN =  7853
* System UpLoad Time = Nov 07 2020 05:59:37
* <ApplicationData>
* <AQUIREV2>
** VESSEL/TRIP/SEQ STN: tel214_2020_007
** LATITUDE: 53 30.33 N
** LONGITUDE: 053 11.05 W
** DATE/TIME: 2020-11-07 05:05
** SOUNDING DEPTH (M): 0243
** PROBE TYPE: S7853
** CTD NUMBER: 007
** COMMENTS: 
# nquan = 7                                 
# nvalues = 3101                        
# units = specified
# name 0 = scan: Scan Count
# name 1 = prdM: Pressure, Strain Gauge [db]
# name 2 = tv290C: Temperature [ITS-90, deg C]
# name 3 = c0S/m: Conductivity [S/m]
# name 4 = sal00: Salinity, Practical [PSU]
# name 5 = sigma-t00: Density [sigma-t, kg/m^3 ]
# name 6 = flag: flag
# span 0 =          1,       3101       
# span 1 =     -1.090,    240.536       
# span 2 =    -0.3579,     3.9697       
# span 3 =   0.000062,   3.198469       
# span 4 =    -0.0015,    34.2757       
# span 5 =    -0.1829,    27.2296       
# span 6 = 0.0000e+00, 0.0000e+00       
# interval = seconds: 1
# start_time = Nov 07 2020 05:05:41 [Instrument's time stamp, header]
# bad_flag = -9.990e-29
*END*
          1     -1.085    -0.3577   0.000122    -0.0015    -0.1829 0.0000e+00
          2     -1.087    -0.3579   0.000120    -0.0015    -0.1829 0.0000e+00
          3     -1.090    -0.3579   0.000117    -0.0015    -0.1829 0.0000e+00
          4     -1.089    -0.3574   0.000120    -0.0015    -0.1829 0.0000e+00
          5     -1.084    -0.3569   0.000124    -0.0015    -0.1828 0.0000e+00
          6     -1.078    -0.3564   0.000124    -0.0015    -0.1828 0.0000e+00
          7     -1.075    -0.3559   0.000123    -0.0015    -0.1827 0.0000e+00
          8     -1.075    -0.3555   0.000124    -0.0015    -0.1827 0.0000e+00
          9     -1.077    -0.3550   0.000126    -0.0015    -0.1827 0.0000e+00
         10     -1.080    -0.3548   0.000125    -0.0015    -0.1827 0.0000e+00
         11     -1.081    -0.3546   0.000123    -0.0015    -0.1827 0.0000e+00
         12     -1.080    -0.3543   0.000123    -0.0015    -0.1826 0.0000e+00
         13     -1.080    -0.3539   0.000123    -0.0015    -0.1826 0.0000e+00
         14     -1.080    -0.3537   0.000124    -0.0015    -0.1826 0.0000e+00
         15     -1.077    -0.3535   0.000125    -0.0015    -0.1826 0.0000e+00
         16     -1.077    -0.3531   0.000125    -0.0015    -0.1825 0.0000e+00
         17     -1.080    -0.3529   0.000125    -0.0015    -0.1825 0.0000e+00
         18     -1.081    -0.3527   0.000124    -0.0015    -0.1825 0.0000e+00
         19     -1.080    -0.3523   0.000125    -0.0015    -0.1825 0.0000e+00
         20     -1.081    -0.3519   0.000127    -0.0014    -0.1825 0.0000e+00
         21     -1.081    -0.3516   0.000126    -0.0015    -0.1824 0.0000e+00
         22     -1.080    -0.3510   0.000125    -0.0015    -0.1824 0.0000e+00
         23     -1.080    -0.3504   0.000126    -0.0015    -0.1823 0.0000e+00
         24     -1.080    -0.3499   0.000125    -0.0015    -0.1823 0.0000e+00
         25     -1.077    -0.3497   0.000125    -0.0015    -0.1823 0.0000e+00
         26     -1.075    -0.3495   0.000124    -0.0015    -0.1823 0.0000e+00
         27     -1.075    -0.3493   0.000125    -0.0015    -0.1823 0.0000e+00
         28     -1.077    -0.3492   0.000124    -0.0015    -0.1822 0.0000e+00
         29     -1.080    -0.3490   0.000123    -0.0015    -0.1822 0.0000e+00
         30     -1.082    -0.3488   0.000124    -0.0015    -0.1822 0.0000e+00
         31     -1.081    -0.3488   0.000123    -0.0015    -0.1822 0.0000e+00
         32     -1.080    -0.3486   0.000123    -0.0015    -0.1822 0.0000e+00
         33     -1.081    -0.3482   0.000122    -0.0015    -0.1822 0.0000e+00
         34     -1.083    -0.3477   0.000124    -0.0015    -0.1821 0.0000e+00
         35     -1.083    -0.3468   0.000127    -0.0014    -0.1821 0.0000e+00
         36     -1.081    -0.3459   0.000130    -0.0014    -0.1820 0.0000e+00
         37     -1.080    -0.3454   0.000130    -0.0014    -0.1820 0.0000e+00
         38     -1.081    -0.3450   0.000130    -0.0014    -0.1819 0.0000e+00
         39     -1.082    -0.3448   0.000129    -0.0014    -0.1819 0.0000e+00
         40     -1.080    -0.3448   0.000129    -0.0014    -0.1819 0.0000e+00
         41     -1.077    -0.3448   0.000128    -0.0014    -0.1819 0.0000e+00
         42     -1.077    -0.3448   0.000125    -0.0015    -0.1819 0.0000e+00
         43     -1.080    -0.3443   0.000125    -0.0015    -0.1819 0.0000e+00
         44     -1.080    -0.3434   0.000129    -0.0014    -0.1818 0.0000e+00
         45     -1.077    -0.3422   0.000132    -0.0014    -0.1817 0.0000e+00
         46     -1.075    -0.3411   0.000133    -0.0014    -0.1816 0.0000e+00
         47     -1.075    -0.3404   0.000136    -0.0014    -0.1816 0.0000e+00
         48     -1.078    -0.3402   0.000137    -0.0014    -0.1816 0.0000e+00
         49     -1.083    -0.3402   0.000134    -0.0014    -0.1816 0.0000e+00
         50     -1.086    -0.3402   0.000130    -0.0014    -0.1816 0.0000e+00
         51     -1.085    -0.3402   0.000128    -0.0014    -0.1816 0.0000e+00
         52     -1.083    -0.3401   0.000127    -0.0014    -0.1816 0.0000e+00
         53     -1.081    -0.3401   0.000127    -0.0014    -0.1816 0.0000e+00
         54     -1.079    -0.3401   0.000127    -0.0014    -0.1816 0.0000e+00
         55     -1.079    -0.3400   0.000125    -0.0015    -0.1816 0.0000e+00
         56     -1.080    -0.3399   0.000123    -0.0015    -0.1816 0.0000e+00
         57     -1.081    -0.3398   0.000125    -0.0015    -0.1816 0.0000e+00
         58     -1.083    -0.3397   0.000126    -0.0014    -0.1815 0.0000e+00
         59     -1.084    -0.3394   0.000126    -0.0014    -0.1815 0.0000e+00
         60     -1.084    -0.3387   0.000124    -0.0015    -0.1815 0.0000e+00
         61     -1.084    -0.3376   0.000127    -0.0014    -0.1814 0.0000e+00
         62     -1.084    -0.3366   0.000131    -0.0014    -0.1813 0.0000e+00
         63     -1.083    -0.3362   0.000133    -0.0014    -0.1813 0.0000e+00
         64     -1.081    -0.3361   0.000131    -0.0014    -0.1813 0.0000e+00
         65     -1.080    -0.3359   0.000128    -0.0014    -0.1813 0.0000e+00
         66     -1.081    -0.3357   0.000129    -0.0014    -0.1812 0.0000e+00
         67     -1.081    -0.3355   0.000129    -0.0014    -0.1812 0.0000e+00
         68     -1.080    -0.3353   0.000128    -0.0014    -0.1812 0.0000e+00
         69     -1.080    -0.3352   0.000126    -0.0014    -0.1812 0.0000e+00
         70     -1.080    -0.3352   0.000124    -0.0015    -0.1812 0.0000e+00
         71     -1.077    -0.3351   0.000124    -0.0015    -0.1812 0.0000e+00
         72     -1.075    -0.3348   0.000127    -0.0014    -0.1812 0.0000e+00
         73     -1.075    -0.3345   0.000128    -0.0014    -0.1812 0.0000e+00
         74     -1.077    -0.3340   0.000128    -0.0014    -0.1811 0.0000e+00
         75     -1.080    -0.3335   0.000128    -0.0014    -0.1811 0.0000e+00
         76     -1.080    -0.3330   0.000127    -0.0014    -0.1810 0.0000e+00
         77     -1.078    -0.3327   0.000128    -0.0014    -0.1810 0.0000e+00
         78     -1.078    -0.3324   0.000128    -0.0014    -0.1810 0.0000e+00
         79     -1.081    -0.3319   0.000130    -0.0014    -0.1810 0.0000e+00
         80     -1.083    -0.3316   0.000130    -0.0014    -0.1809 0.0000e+00
         81     -1.084    -0.3312   0.000129    -0.0014    -0.1809 0.0000e+00
         82     -1.084    -0.3304   0.000130    -0.0014    -0.1809 0.0000e+00
         83     -1.083    -0.3290   0.000134    -0.0014    -0.1808 0.0000e+00
         84     -1.082    -0.3275   0.000137    -0.0014    -0.1806 0.0000e+00
         85     -1.081    -0.3265   0.000136    -0.0014    -0.1806 0.0000e+00
         86     -1.084    -0.3261   0.000135    -0.0014    -0.1805 0.0000e+00
         87     -1.086    -0.3259   0.000136    -0.0014    -0.1805 0.0000e+00
         88     -1.083    -0.3257   0.000136    -0.0014    -0.1805 0.0000e+00
         89     -1.078    -0.3256   0.000134    -0.0014    -0.1805 0.0000e+00
         90     -1.077    -0.3251   0.000134    -0.0014    -0.1805 0.0000e+00
         91     -1.078    -0.3239   0.000137    -0.0014    -0.1804 0.0000e+00
         92     -1.079    -0.3221   0.000141    -0.0013    -0.1802 0.0000e+00
         93     -1.081    -0.3206   0.000145    -0.0013    -0.1801 0.0000e+00
         94     -1.084    -0.3201   0.000144    -0.0013    -0.1801 0.0000e+00
         95     -1.086    -0.3200   0.000140    -0.0013    -0.1801 0.0000e+00
         96     -1.087    -0.3200   0.000136    -0.0014    -0.1801 0.0000e+00
         97     -1.086    -0.3199   0.000135    -0.0014    -0.1801 0.0000e+00
         98     -1.084    -0.3197   0.000135    -0.0014    -0.1801 0.0000e+00
         99     -1.081    -0.3194   0.000136    -0.0014    -0.1800 0.0000e+00
        100     -1.078    -0.3187   0.000134    -0.0014    -0.1800 0.0000e+00
        101     -1.076    -0.3182   0.000132    -0.0014    -0.1800 0.0000e+00
        102     -1.077    -0.3180   0.000132    -0.0014    -0.1799 0.0000e+00
        103     -1.080    -0.3180   0.000133    -0.0014    -0.1799 0.0000e+00
        104     -1.082    -0.3179   0.000131    -0.0014    -0.1799 0.0000e+00
        105     -1.082    -0.3177   0.000129    -0.0014    -0.1799 0.0000e+00
        106     -1.080    -0.3176   0.000128    -0.0014    -0.1799 0.0000e+00
        107     -1.076    -0.3176   0.000129    -0.0014    -0.1799 0.0000e+00
        108     -1.073    -0.3176   0.000129    -0.0014    -0.1799 0.0000e+00
        109     -1.073    -0.3174   0.000127    -0.0014    -0.1799 0.0000e+00
        110     -1.076    -0.3172   0.000126    -0.0014    -0.1799 0.0000e+00
        111     -1.079    -0.3168   0.000126    -0.0014    -0.1799 0.0000e+00
        112     -1.083    -0.3166   0.000126    -0.0014    -0.1798 0.0000e+00
        113     -1.085    -0.3164   0.000126    -0.0014    -0.1798 0.0000e+00
        114     -1.083    -0.3162   0.000126    -0.0014    -0.1798 0.0000e+00
        115     -1.082    -0.3158   0.000127    -0.0014    -0.1798 0.0000e+00
        116     -1.083    -0.3156   0.000127    -0.0014    -0.1798 0.0000e+00
        117     -1.083    -0.3154   0.000127    -0.0014    -0.1797 0.0000e+00
        118     -1.081    -0.3151   0.000128    -0.0014    -0.1797 0.0000e+00
        119     -1.080    -0.3146   0.000128    -0.0014    -0.1797 0.0000e+00
        120     -1.081    -0.3142   0.000127    -0.0014    -0.1797 0.0000e+00
        121     -1.082    -0.3138   0.000130    -0.0014    -0.1796 0.0000e+00
        122     -1.083    -0.3136   0.000130    -0.0014    -0.1796 0.0000e+00
        123     -1.086    -0.3135   0.000130    -0.0014    -0.1796 0.0000e+00
        124     -1.088    -0.3133   0.000128    -0.0014    -0.1796 0.0000e+00
        125     -1.088    -0.3131   0.000128    -0.0014    -0.1796 0.0000e+00
        126     -1.086    -0.3128   0.000128    -0.0014    -0.1796 0.0000e+00
        127     -1.084    -0.3125   0.000129    -0.0014    -0.1795 0.0000e+00
        128     -1.081    -0.3122   0.000130    -0.0014    -0.1795 0.0000e+00
        129     -1.078    -0.3117   0.000128    -0.0014    -0.1795 0.0000e+00
        130     -1.076    -0.3114   0.000127    -0.0014    -0.1795 0.0000e+00
        131     -1.078    -0.3110   0.000128    -0.0014    -0.1794 0.0000e+00
        132     -1.083    -0.3106   0.000128    -0.0014    -0.1794 0.0000e+00
        133     -1.087    -0.3104   0.000128    -0.0014    -0.1794 0.0000e+00
        134     -1.088    -0.3102   0.000127    -0.0014    -0.1794 0.0000e+00
        135     -1.088    -0.3098   0.000129    -0.0014    -0.1793 0.0000e+00
        136     -1.086    -0.3096   0.000129    -0.0014    -0.1793 0.0000e+00
        137     -1.082    -0.3095   0.000128    -0.0014    -0.1793 0.0000e+00
        138     -1.080    -0.3093   0.000125    -0.0014    -0.1793 0.0000e+00
        139     -1.080    -0.3091   0.000126    -0.0014    -0.1793 0.0000e+00
        140     -1.080    -0.3089   0.000127    -0.0014    -0.1793 0.0000e+00
        141     -1.077    -0.3087   0.000128    -0.0014    -0.1793 0.0000e+00
        142     -1.077    -0.3085   0.000129    -0.0014    -0.1792 0.0000e+00
        143     -1.080    -0.3084   0.000128    -0.0014    -0.1792 0.0000e+00
        144     -1.082    -0.3082   0.000127    -0.0014    -0.1792 0.0000e+00
        145     -1.082    -0.3078   0.000128    -0.0014    -0.1792 0.0000e+00
        146     -1.080    -0.3075   0.000128    -0.0014    -0.1792 0.0000e+00
        147     -1.077    -0.3073   0.000125    -0.0014    -0.1792 0.0000e+00
        148     -1.076    -0.3070   0.000124    -0.0014    -0.1791 0.0000e+00
        149     -1.078    -0.3066   0.000127    -0.0014    -0.1791 0.0000e+00
        150     -1.083    -0.3064   0.000128    -0.0014    -0.1791 0.0000e+00
        151     -1.088    -0.3061   0.000127    -0.0014    -0.1791 0.0000e+00
        152     -1.087    -0.3057   0.000128    -0.0014    -0.1790 0.0000e+00
        153     -1.083    -0.3055   0.000129    -0.0014    -0.1790 0.0000e+00
        154     -1.082    -0.3055   0.000128    -0.0014    -0.1790 0.0000e+00
        155     -1.083    -0.3054   0.000126    -0.0014    -0.1790 0.0000e+00
        156     -1.082    -0.3052   0.000124    -0.0014    -0.1790 0.0000e+00
        157     -1.079    -0.3050   0.000125    -0.0014    -0.1790 0.0000e+00
        158     -1.076    -0.3050   0.000126    -0.0014    -0.1790 0.0000e+00
        159     -1.077    -0.3048   0.000126    -0.0014    -0.1790 0.0000e+00
        160     -1.079    -0.3046   0.000126    -0.0014    -0.1790 0.0000e+00
        161     -1.082    -0.3045   0.000126    -0.0014    -0.1789 0.0000e+00
        162     -1.085    -0.3045   0.000127    -0.0014    -0.1789 0.0000e+00
        163     -1.087    -0.3043   0.000127    -0.0014    -0.1789 0.0000e+00
        164     -1.086    -0.3041   0.000125    -0.0014    -0.1789 0.0000e+00
        165     -1.084    -0.3040   0.000122    -0.0014    -0.1789 0.0000e+00
        166     -1.082    -0.3038   0.000122    -0.0014    -0.1789 0.0000e+00
        167     -1.080    -0.3036   0.000125    -0.0014    -0.1789 0.0000e+00
        168     -1.080    -0.3035   0.000126    -0.0014    -0.1789 0.0000e+00
        169     -1.080    -0.3035   0.000124    -0.0014    -0.1789 0.0000e+00
        170     -1.078    -0.3034   0.000122    -0.0014    -0.1789 0.0000e+00
        171     -1.078    -0.3032   0.000122    -0.0014    -0.1788 0.0000e+00
        172     -1.083    -0.3030   0.000123    -0.0014    -0.1788 0.0000e+00
        173     -1.087    -0.3030   0.000125    -0.0014    -0.1788 0.0000e+00
        174     -1.088    -0.3030   0.000125    -0.0014    -0.1788 0.0000e+00
        175     -1.087    -0.3032   0.000123    -0.0014    -0.1788 0.0000e+00
        176     -1.084    -0.3043   0.000118    -0.0015    -0.1789 0.0000e+00
        177     -1.081    -0.3055   0.000116    -0.0015    -0.1790 0.0000e+00
        178     -1.081    -0.3060   0.000114    -0.0015    -0.1791 0.0000e+00
        179     -1.080    -0.3057   0.000112    -0.0015    -0.1790 0.0000e+00
        180     -1.076    -0.3055   0.000114    -0.0015    -0.1790 0.0000e+00
        181     -1.074    -0.3051   0.000116    -0.0015    -0.1790 0.0000e+00
        182     -1.074    -0.3047   0.000119    -0.0015    -0.1790 0.0000e+00
        183     -1.074    -0.3044   0.000122    -0.0014    -0.1789 0.0000e+00
        184     -1.076    -0.3042   0.000123    -0.0014    -0.1789 0.0000e+00
        185     -1.077    -0.3040   0.000123    -0.0014    -0.1789 0.0000e+00
        186     -1.076    -0.3037   0.000125    -0.0014    -0.1789 0.0000e+00
        187     -1.074    -0.3035   0.000125    -0.0014    -0.1789 0.0000e+00
        188     -1.074    -0.3034   0.000125    -0.0014    -0.1789 0.0000e+00
        189     -1.076    -0.3033   0.000124    -0.0014    -0.1789 0.0000e+00
        190     -1.077    -0.3035   0.000121    -0.0015    -0.1789 0.0000e+00
        191     -1.077    -0.3042   0.000119    -0.0015    -0.1789 0.0000e+00
        192     -1.077    -0.3050   0.000118    -0.0015    -0.1790 0.0000e+00
        193     -1.080    -0.3054   0.000116    -0.0015    -0.1790 0.0000e+00
        194     -1.082    -0.3055   0.000115    -0.0015    -0.1790 0.0000e+00
        195     -1.080    -0.3052   0.000118    -0.0015    -0.1790 0.0000e+00
        196     -1.077    -0.3046   0.000121    -0.0015    -0.1790 0.0000e+00
        197     -1.077    -0.3042   0.000121    -0.0015    -0.1789 0.0000e+00
        198     -1.080    -0.3038   0.000122    -0.0014    -0.1789 0.0000e+00
        199     -1.081    -0.3035   0.000124    -0.0014    -0.1789 0.0000e+00
        200     -1.080    -0.3034   0.000123    -0.0014    -0.1789 0.0000e+00
        201     -1.081    -0.3032   0.000122    -0.0014    -0.1788 0.0000e+00
        202     -1.082    -0.3029   0.000123    -0.0014    -0.1788 0.0000e+00
        203     -1.082    -0.3025   0.000125    -0.0014    -0.1788 0.0000e+00
        204     -1.080    -0.3022   0.000127    -0.0014    -0.1788 0.0000e+00
        205     -1.077    -0.3020   0.000127    -0.0014    -0.1788 0.0000e+00
