Datasets/Multi_Species/TEL214/tel214_2020_017.cnv
* Sea-Bird SBE19plus Data File:
* Filename = C:/AQUIRE/tel214_2020_017.hex
* Software Version AquireV2 AF V2.0
* Temperature SN =  7853
* Conductivity SN =  7853
* System UpLoad Time = Nov 10 2020 22:21:34
* <ApplicationData>
* <AQUIREV2>
** VESSEL/TRIP/SEQ STN: tel214_2020_017
** LATITUDE: 54 41.61 N
** LONGITUDE: 54 04.32 W
** DATE/TIME: 2020-11-10 21:02
** SOUNDING DEPTH (M): 0255
** PROBE TYPE: S7853
** CTD NUMBER: 017
** COMMENTS: 
# nquan = 7                                 
# nvalues = 4609                        
# units = specified
# name 0 = scan: Scan Count
# name 1 = prdM: Pressure, Strain Gauge [db]
# name 2 = tv290C: Temperature [ITS-90, deg C]
# name 3 = c0S/m: Conductivity [S/m]
# name 4 = sal00: Salinity, Practical [PSU]
# name 5 = sigma-t00: Density [sigma-t, kg/m^3 ]
# name 6 = flag: flag
# span 0 =          1,       4609       
# span 1 =     -1.338,    251.966       
# span 2 =     0.9037,     2.5586       
# span 3 =   0.000083,   3.048847       
# span 4 =    -0.0007,    33.8962       
# span 5 =    -0.0971,    27.0427       
# span 6 = 0.0000e+00, 0.0000e+00       
# interval = seconds: 1
# start_time = Nov 10 2020 21:02:33 [Instrument's time stamp, header]
# bad_flag = -9.990e-29
*END*
[from data line 2667]
       2668    250.707     2.5567   3.048602    33.8935    27.0403 0.0000e+00
       2669    250.714     2.5567   3.048605    33.8935    27.0403 0.0000e+00
       2670    250.722     2.5568   3.048613    33.8935    27.0403 0.0000e+00
       2671    250.720     2.5568   3.048619    33.8936    27.0404 0.0000e+00
       2672    250.689     2.5568   3.048616    33.8936    27.0403 0.0000e+00
       2673    250.617     2.5568   3.048605    33.8935    27.0403 0.0000e+00
       2674    250.525     2.5568   3.048594    33.8934    27.0402 0.0000e+00
       2675    250.454     2.5567   3.048588    33.8934    27.0403 0.0000e+00
       2676    250.436     2.5567   3.048583    33.8934    27.0402 0.0000e+00
       2677    250.467     2.5566   3.048574    33.8934    27.0402 0.0000e+00
       2678    250.500     2.5566   3.048563    33.8932    27.0401 0.0000e+00
       2679    250.505     2.5564   3.048552    33.8933    27.0402 0.0000e+00
       2680    250.499     2.5564   3.048548    33.8932    27.0401 0.0000e+00
       2681    250.508     2.5564   3.048541    33.8932    27.0401 0.0000e+00
       2682    250.529     2.5564   3.048538    33.8931    27.0400 0.0000e+00
       2683    250.543     2.5564   3.048547    33.8932    27.0401 0.0000e+00
       2684    250.540     2.5564   3.048559    33.8934    27.0402 0.0000e+00
       2685    250.529     2.5564   3.048569    33.8935    27.0403 0.0000e+00
       2686    250.530     2.5564   3.048576    33.8936    27.0404 0.0000e+00
       2687    250.545     2.5564   3.048564    33.8934    27.0403 0.0000e+00
       2688    250.556     2.5563   3.048529    33.8931    27.0400 0.0000e+00
       2689    250.551     2.5561   3.048498    33.8929    27.0399 0.0000e+00
       2690    250.531     2.5560   3.048455    33.8925    27.0396 0.0000e+00
       2691    250.499     2.5560   3.048419    33.8921    27.0392 0.0000e+00
       2692    250.465     2.5559   3.048437    33.8924    27.0395 0.0000e+00
       2693    250.447     2.5557   3.048455    33.8929    27.0399 0.0000e+00
       2694    250.448     2.5557   3.048455    33.8929    27.0399 0.0000e+00
       2695    250.458     2.5557   3.048452    33.8928    27.0399 0.0000e+00
       2696    250.476     2.5557   3.048447    33.8928    27.0398 0.0000e+00
       2697    250.497     2.5557   3.048448    33.8928    27.0398 0.0000e+00
       2698    250.507     2.5557   3.048450    33.8928    27.0398 0.0000e+00
       2699    250.495     2.5557   3.048447    33.8927    27.0398 0.0000e+00
       2700    250.468     2.5557   3.048443    33.8927    27.0398 0.0000e+00
       2701    250.453     2.5557   3.048442    33.8927    27.0398 0.0000e+00
       2702    250.461     2.5557   3.048444    33.8927    27.0398 0.0000e+00
       2703    250.480     2.5557   3.048448    33.8928    27.0398 0.0000e+00
       2704    250.493     2.5557   3.048452    33.8928    27.0398 0.0000e+00
       2705    250.489     2.5557   3.048448    33.8928    27.0398 0.0000e+00
       2706    250.469     2.5557   3.048442    33.8927    27.0398 0.0000e+00
       2707    250.452     2.5557   3.048444    33.8927    27.0398 0.0000e+00
       2708    250.455     2.5557   3.048451    33.8928    27.0399 0.0000e+00
       2709    250.479     2.5557   3.048455    33.8929    27.0399 0.0000e+00
       2710    250.507     2.5557   3.048461    33.8929    27.0399 0.0000e+00
       2711    250.526     2.5557   3.048471    33.8930    27.0400 0.0000e+00
       2712    250.543     2.5558   3.048478    33.8930    27.0400 0.0000e+00
       2713    250.572     2.5560   3.048483    33.8928    27.0398 0.0000e+00
       2714    250.611     2.5560   3.048484    33.8928    27.0398 0.0000e+00
       2715    250.634     2.5560   3.048489    33.8929    27.0399 0.0000e+00
       2716    250.624     2.5560   3.048491    33.8929    27.0399 0.0000e+00
       2717    250.582     2.5560   3.048488    33.8929    27.0399 0.0000e+00
       2718    250.524     2.5560   3.048481    33.8928    27.0398 0.0000e+00
       2719    250.477     2.5560   3.048469    33.8927    27.0397 0.0000e+00
       2720    250.466     2.5559   3.048460    33.8927    27.0397 0.0000e+00
       2721    250.497     2.5559   3.048456    33.8926    27.0397 0.0000e+00
       2722    250.547     2.5558   3.048461    33.8928    27.0398 0.0000e+00
       2723    250.578     2.5557   3.048460    33.8929    27.0399 0.0000e+00
       2724    250.584     2.5557   3.048447    33.8927    27.0398 0.0000e+00
       2725    250.595     2.5557   3.048438    33.8926    27.0397 0.0000e+00
       2726    250.626     2.5557   3.048441    33.8926    27.0397 0.0000e+00
       2727    250.662     2.5556   3.048450    33.8928    27.0398 0.0000e+00
       2728    250.683     2.5557   3.048457    33.8928    27.0398 0.0000e+00
       2729    250.682     2.5557   3.048455    33.8927    27.0398 0.0000e+00
       2730    250.666     2.5557   3.048449    33.8927    27.0397 0.0000e+00
       2731    250.659     2.5556   3.048445    33.8927    27.0398 0.0000e+00
       2732    250.676     2.5557   3.048452    33.8927    27.0398 0.0000e+00
       2733    250.712     2.5557   3.048459    33.8928    27.0398 0.0000e+00
       2734    250.747     2.5557   3.048462    33.8928    27.0398 0.0000e+00
       2735    250.770     2.5557   3.048466    33.8928    27.0399 0.0000e+00
       2736    250.793     2.5558   3.048471    33.8928    27.0398 0.0000e+00
       2737    250.825     2.5559   3.048478    33.8927    27.0398 0.0000e+00
       2738    250.852     2.5560   3.048480    33.8926    27.0397 0.0000e+00
       2739    250.862     2.5560   3.048480    33.8926    27.0397 0.0000e+00
       2740    250.869     2.5560   3.048482    33.8927    27.0397 0.0000e+00
       2741    250.891     2.5560   3.048485    33.8927    27.0397 0.0000e+00
       2742    250.928     2.5560   3.048491    33.8927    27.0398 0.0000e+00
       2743    250.960     2.5560   3.048495    33.8928    27.0398 0.0000e+00
       2744    250.981     2.5560   3.048496    33.8928    27.0398 0.0000e+00
       2745    250.995     2.5561   3.048496    33.8927    27.0397 0.0000e+00
       2746    251.005     2.5560   3.048488    33.8927    27.0397 0.0000e+00
       2747    251.016     2.5560   3.048477    33.8925    27.0396 0.0000e+00
       2748    251.034     2.5560   3.048467    33.8924    27.0395 0.0000e+00
       2749    251.061     2.5560   3.048462    33.8923    27.0394 0.0000e+00
       2750    251.093     2.5560   3.048467    33.8923    27.0394 0.0000e+00
       2751    251.120     2.5560   3.048474    33.8924    27.0395 0.0000e+00
       2752    251.141     2.5560   3.048475    33.8924    27.0395 0.0000e+00
       2753    251.160     2.5560   3.048471    33.8924    27.0395 0.0000e+00
       2754    251.180     2.5560   3.048471    33.8923    27.0395 0.0000e+00
       2755    251.198     2.5560   3.048481    33.8925    27.0395 0.0000e+00
       2756    251.215     2.5560   3.048489    33.8926    27.0396 0.0000e+00
       2757    251.228     2.5560   3.048489    33.8925    27.0396 0.0000e+00
       2758    251.233     2.5560   3.048486    33.8925    27.0396 0.0000e+00
       2759    251.234     2.5560   3.048483    33.8925    27.0395 0.0000e+00
       2760    251.240     2.5560   3.048482    33.8925    27.0395 0.0000e+00
       2761    251.247     2.5561   3.048483    33.8924    27.0394 0.0000e+00
       2762    251.246     2.5561   3.048484    33.8924    27.0395 0.0000e+00
       2763    251.243     2.5560   3.048481    33.8924    27.0395 0.0000e+00
       2764    251.251     2.5560   3.048474    33.8923    27.0394 0.0000e+00
       2765    251.272     2.5560   3.048465    33.8922    27.0394 0.0000e+00
       2766    251.299     2.5560   3.048462    33.8922    27.0393 0.0000e+00
       2767    251.315     2.5560   3.048462    33.8922    27.0393 0.0000e+00
       2768    251.314     2.5560   3.048455    33.8921    27.0392 0.0000e+00
       2769    251.306     2.5559   3.048436    33.8920    27.0391 0.0000e+00
       2770    251.304     2.5557   3.048411    33.8919    27.0391 0.0000e+00
       2771    251.312     2.5556   3.048398    33.8918    27.0390 0.0000e+00
       2772    251.324     2.5556   3.048406    33.8919    27.0391 0.0000e+00
       2773    251.334     2.5557   3.048423    33.8920    27.0392 0.0000e+00
       2774    251.344     2.5557   3.048433    33.8921    27.0393 0.0000e+00
       2775    251.350     2.5557   3.048428    33.8920    27.0392 0.0000e+00
       2776    251.356     2.5557   3.048407    33.8918    27.0390 0.0000e+00
       2777    251.365     2.5557   3.048389    33.8916    27.0388 0.0000e+00
       2778    251.378     2.5556   3.048384    33.8916    27.0389 0.0000e+00
       2779    251.393     2.5554   3.048371    33.8916    27.0389 0.0000e+00
       2780    251.407     2.5553   3.048346    33.8914    27.0388 0.0000e+00
       2781    251.413     2.5552   3.048334    33.8914    27.0387 0.0000e+00
       2782    251.410     2.5551   3.048340    33.8916    27.0389 0.0000e+00
       2783    251.406     2.5552   3.048344    33.8915    27.0388 0.0000e+00
       2784    251.407     2.5552   3.048343    33.8915    27.0388 0.0000e+00
       2785    251.412     2.5552   3.048348    33.8916    27.0389 0.0000e+00
       2786    251.414     2.5552   3.048355    33.8916    27.0390 0.0000e+00
       2787    251.404     2.5553   3.048360    33.8916    27.0389 0.0000e+00
       2788    251.388     2.5553   3.048361    33.8916    27.0389 0.0000e+00
       2789    251.384     2.5553   3.048363    33.8916    27.0389 0.0000e+00
       2790    251.401     2.5553   3.048366    33.8917    27.0390 0.0000e+00
       2791    251.421     2.5553   3.048368    33.8917    27.0390 0.0000e+00
       2792    251.426     2.5554   3.048373    33.8916    27.0389 0.0000e+00
       2793    251.418     2.5556   3.048382    33.8915    27.0388 0.0000e+00
       2794    251.409     2.5556   3.048388    33.8916    27.0389 0.0000e+00
       2795    251.404     2.5556   3.048391    33.8917    27.0389 0.0000e+00
       2796    251.406     2.5555   3.048389    33.8917    27.0390 0.0000e+00
       2797    251.415     2.5555   3.048381    33.8916    27.0389 0.0000e+00
       2798    251.425     2.5555   3.048378    33.8916    27.0389 0.0000e+00
       2799    251.429     2.5555   3.048382    33.8916    27.0389 0.0000e+00
       2800    251.428     2.5555   3.048383    33.8917    27.0389 0.0000e+00
       2801    251.425     2.5555   3.048375    33.8916    27.0389 0.0000e+00
       2802    251.429     2.5554   3.048353    33.8914    27.0387 0.0000e+00
       2803    251.443     2.5553   3.048330    33.8912    27.0386 0.0000e+00
       2804    251.459     2.5552   3.048330    33.8913    27.0387 0.0000e+00
       2805    251.467     2.5553   3.048348    33.8914    27.0388 0.0000e+00
       2806    251.460     2.5553   3.048363    33.8916    27.0389 0.0000e+00
       2807    251.439     2.5555   3.048371    33.8915    27.0388 0.0000e+00
       2808    251.412     2.5555   3.048378    33.8916    27.0389 0.0000e+00
       2809    251.385     2.5555   3.048385    33.8917    27.0390 0.0000e+00
       2810    251.367     2.5555   3.048386    33.8917    27.0390 0.0000e+00
       2811    251.363     2.5555   3.048383    33.8917    27.0390 0.0000e+00
       2812    251.368     2.5555   3.048375    33.8916    27.0389 0.0000e+00
       2813    251.361     2.5555   3.048363    33.8915    27.0388 0.0000e+00
       2814    251.323     2.5554   3.048355    33.8915    27.0388 0.0000e+00
       2815    251.265     2.5553   3.048351    33.8916    27.0389 0.0000e+00
       2816    251.222     2.5553   3.048344    33.8915    27.0388 0.0000e+00
       2817    251.219     2.5553   3.048341    33.8915    27.0388 0.0000e+00
       2818    251.245     2.5553   3.048343    33.8915    27.0388 0.0000e+00
       2819    251.265     2.5553   3.048341    33.8914    27.0388 0.0000e+00
       2820    251.256     2.5553   3.048336    33.8914    27.0387 0.0000e+00
       2821    251.220     2.5553   3.048331    33.8913    27.0387 0.0000e+00
       2822    251.177     2.5553   3.048330    33.8914    27.0387 0.0000e+00
       2823    251.148     2.5553   3.048330    33.8914    27.0387 0.0000e+00
       2824    251.146     2.5553   3.048325    33.8913    27.0387 0.0000e+00
       2825    251.165     2.5552   3.048309    33.8912    27.0386 0.0000e+00
       2826    251.190     2.5550   3.048283    33.8911    27.0385 0.0000e+00
       2827    251.205     2.5549   3.048265    33.8910    27.0384 0.0000e+00
       2828    251.210     2.5549   3.048254    33.8908    27.0383 0.0000e+00
       2829    251.207     2.5548   3.048236    33.8907    27.0382 0.0000e+00
       2830    251.197     2.5546   3.048208    33.8906    27.0382 0.0000e+00
       2831    251.182     2.5545   3.048189    33.8905    27.0381 0.0000e+00
       2832    251.169     2.5545   3.048182    33.8904    27.0380 0.0000e+00
       2833    251.170     2.5545   3.048178    33.8903    27.0380 0.0000e+00
       2834    251.187     2.5544   3.048180    33.8905    27.0381 0.0000e+00
       2835    251.209     2.5545   3.048200    33.8906    27.0382 0.0000e+00
       2836    251.228     2.5546   3.048235    33.8909    27.0384 0.0000e+00
       2837    251.239     2.5548   3.048263    33.8910    27.0385 0.0000e+00
       2838    251.240     2.5549   3.048266    33.8910    27.0384 0.0000e+00
       2839    251.223     2.5549   3.048258    33.8909    27.0384 0.0000e+00
       2840    251.192     2.5549   3.048255    33.8908    27.0383 0.0000e+00
       2841    251.167     2.5549   3.048255    33.8909    27.0384 0.0000e+00
       2842    251.163     2.5549   3.048255    33.8909    27.0384 0.0000e+00
       2843    251.169     2.5549   3.048251    33.8908    27.0383 0.0000e+00
       2844    251.156     2.5548   3.048238    33.8908    27.0383 0.0000e+00
       2845    251.123     2.5547   3.048230    33.8908    27.0383 0.0000e+00
       2846    251.093     2.5548   3.048234    33.8908    27.0383 0.0000e+00
       2847    251.083     2.5548   3.048238    33.8908    27.0383 0.0000e+00
       2848    251.088     2.5548   3.048242    33.8909    27.0384 0.0000e+00
       2849    251.092     2.5549   3.048255    33.8909    27.0384 0.0000e+00
       2850    251.080     2.5549   3.048264    33.8910    27.0385 0.0000e+00
       2851    251.064     2.5549   3.048268    33.8911    27.0385 0.0000e+00
       2852    251.059     2.5549   3.048267    33.8911    27.0385 0.0000e+00
       2853    251.072     2.5549   3.048267    33.8911    27.0385 0.0000e+00
       2854    251.097     2.5550   3.048272    33.8910    27.0385 0.0000e+00
       2855    251.121     2.5551   3.048279    33.8910    27.0384 0.0000e+00
       2856    251.127     2.5552   3.048284    33.8909    27.0384 0.0000e+00
       2857    251.104     2.5552   3.048285    33.8909    27.0384 0.0000e+00
       2858    251.061     2.5552   3.048281    33.8909    27.0384 0.0000e+00
       2859    251.023     2.5551   3.048273    33.8910    27.0384 0.0000e+00
       2860    251.013     2.5551   3.048265    33.8909    27.0383 0.0000e+00
       2861    251.035     2.5551   3.048249    33.8906    27.0382 0.0000e+00
       2862    251.069     2.5550   3.048217    33.8903    27.0379 0.0000e+00
       2863    251.095     2.5549   3.048194    33.8902    27.0378 0.0000e+00
       2864    251.102     2.5548   3.048194    33.8903    27.0379 0.0000e+00
       2865    251.083     2.5548   3.048199    33.8903    27.0379 0.0000e+00
       2866    251.036     2.5548   3.048197    33.8903    27.0379 0.0000e+00
       2867    250.985     2.5548   3.048194    33.8903    27.0379 0.0000e+00
       2868    250.963     2.5548   3.048194    33.8903    27.0379 0.0000e+00
       2869    250.975     2.5548   3.048197    33.8904    27.0380 0.0000e+00
       2870    250.995     2.5548   3.048199    33.8904    27.0380 0.0000e+00
       2871    251.001     2.5548   3.048198    33.8904    27.0380 0.0000e+00
