Datasets/Multi_Species/TEL214/tel214_2020_021.cnv
* Sea-Bird SBE19plus Data File:
* Filename = C:/AQUIRE/tel214_2020_021.hex
* Software Version AquireV2 AF V2.0
* Temperature SN =  7853
* Conductivity SN =  7853
* System UpLoad Time = Nov 12 2020 00:30:57
* <ApplicationData>
* <AQUIREV2>
** VESSEL/TRIP/SEQ STN: tel214_2020_021
** LATITUDE: 54 18.71 N
** LONGITUDE: 53 10.39 W
** DATE/TIME: 2020-11-11 22:50
** SOUNDING DEPTH (M): 0651
** PROBE TYPE: S7853
** CTD NUMBER: 021
** COMMENTS: 
# nquan = 7                                 
# nvalues = 5891                        
# units = specified
# name 0 = scan: Scan Count
# name 1 = prdM: Pressure, Strain Gauge [db]
# name 2 = tv290C: Temperature [ITS-90, deg C]
# name 3 = c0S/m: Conductivity [S/m]
# name 4 = sal00: Salinity, Practical [PSU]
# name 5 = sigma-t00: Density [sigma-t, kg/m^3 ]
# name 6 = flag: flag
# span 0 =          1,       5891       
# span 1 =     -1.093,    662.403       
# span 2 =    -0.2040,     4.0852       
# span 3 =   0.000028,   3.262985       
# span 4 =    -0.0020,    34.8229       
# span 5 =    -0.1716,    27.6536       
# span 6 = 0.0000e+00, 0.0000e+00       
# interval = seconds: 1
# start_time = Nov 11 2020 22:50:14 [Instrument's time stamp, header]
# bad_flag = -9.990e-29
*END*
[from data line 4718]
       4719    505.507     3.9276   3.256449    34.8166    27.6478 0.0000e+00
       4720    504.892     3.9276   3.256388    34.8162    27.6475 0.0000e+00
       4721    504.285     3.9274   3.256329    34.8160    27.6474 0.0000e+00
       4722    503.678     3.9270   3.256276    34.8161    27.6475 0.0000e+00
       4723    503.064     3.9269   3.256230    34.8160    27.6475 0.0000e+00
       4724    502.440     3.9269   3.256185    34.8158    27.6473 0.0000e+00
       4725    501.804     3.9267   3.256129    34.8157    27.6472 0.0000e+00
       4726    501.159     3.9265   3.256067    34.8155    27.6471 0.0000e+00
       4727    500.516     3.9265   3.256016    34.8153    27.6469 0.0000e+00
       4728    499.881     3.9263   3.255976    34.8153    27.6470 0.0000e+00
       4729    499.251     3.9261   3.255937    34.8154    27.6471 0.0000e+00
       4730    498.619     3.9260   3.255902    34.8154    27.6471 0.0000e+00
       4731    497.978     3.9259   3.255884    34.8157    27.6473 0.0000e+00
       4732    497.327     3.9261   3.255890    34.8159    27.6474 0.0000e+00
       4733    496.669     3.9265   3.255904    34.8160    27.6475 0.0000e+00
       4734    496.008     3.9269   3.255918    34.8161    27.6475 0.0000e+00
       4735    495.353     3.9273   3.255937    34.8162    27.6476 0.0000e+00
       4736    494.711     3.9279   3.255954    34.8161    27.6474 0.0000e+00
       4737    494.069     3.9283   3.255961    34.8161    27.6474 0.0000e+00
       4738    493.409     3.9286   3.255970    34.8163    27.6475 0.0000e+00
       4739    492.730     3.9292   3.256002    34.8164    27.6475 0.0000e+00
       4740    492.038     3.9304   3.256090    34.8165    27.6475 0.0000e+00
       4741    491.345     3.9318   3.256194    34.8166    27.6474 0.0000e+00
       4742    490.667     3.9329   3.256233    34.8163    27.6470 0.0000e+00
       4743    490.005     3.9335   3.256216    34.8158    27.6466 0.0000e+00
       4744    489.347     3.9337   3.256193    34.8157    27.6465 0.0000e+00
       4745    488.685     3.9337   3.256183    34.8159    27.6466 0.0000e+00
       4746    488.012     3.9340   3.256199    34.8161    27.6468 0.0000e+00
       4747    487.325     3.9345   3.256240    34.8164    27.6470 0.0000e+00
       4748    486.633     3.9354   3.256291    34.8165    27.6469 0.0000e+00
       4749    485.952     3.9363   3.256313    34.8161    27.6466 0.0000e+00
       4750    485.280     3.9367   3.256289    34.8158    27.6462 0.0000e+00
       4751    484.599     3.9368   3.256242    34.8155    27.6460 0.0000e+00
       4752    483.895     3.9368   3.256227    34.8157    27.6461 0.0000e+00
       4753    483.176     3.9375   3.256311    34.8163    27.6466 0.0000e+00
       4754    482.464     3.9390   3.256447    34.8167    27.6467 0.0000e+00
       4755    481.776     3.9404   3.256528    34.8165    27.6465 0.0000e+00
       4756    481.110     3.9411   3.256528    34.8162    27.6461 0.0000e+00
       4757    480.445     3.9413   3.256490    34.8158    27.6458 0.0000e+00
       4758    479.762     3.9411   3.256457    34.8160    27.6460 0.0000e+00
       4759    479.050     3.9413   3.256480    34.8165    27.6463 0.0000e+00
       4760    478.306     3.9432   3.256725    34.8178    27.6471 0.0000e+00
       4761    477.554     3.9485   3.257405    34.8206    27.6489 0.0000e+00
       4762    476.832     3.9565   3.258280    34.8229    27.6499 0.0000e+00
       4763    476.152     3.9638   3.258819    34.8219    27.6483 0.0000e+00
       4764    475.493     3.9682   3.258982    34.8196    27.6460 0.0000e+00
       4765    474.822     3.9695   3.258967    34.8184    27.6449 0.0000e+00
       4766    474.111     3.9692   3.258887    34.8181    27.6447 0.0000e+00
       4767    473.351     3.9695   3.258948    34.8189    27.6453 0.0000e+00
       4768    472.565     3.9717   3.259204    34.8200    27.6460 0.0000e+00
       4769    471.783     3.9752   3.259452    34.8197    27.6454 0.0000e+00
       4770    471.024     3.9782   3.259584    34.8185    27.6441 0.0000e+00
       4771    470.288     3.9804   3.259645    34.8173    27.6429 0.0000e+00
       4772    469.559     3.9819   3.259714    34.8169    27.6424 0.0000e+00
       4773    468.827     3.9831   3.259826    34.8173    27.6427 0.0000e+00
       4774    468.091     3.9845   3.259947    34.8177    27.6428 0.0000e+00
       4775    467.335     3.9860   3.260034    34.8175    27.6425 0.0000e+00
       4776    466.544     3.9872   3.260076    34.8172    27.6421 0.0000e+00
       4777    465.721     3.9883   3.260124    34.8170    27.6419 0.0000e+00
       4778    464.886     3.9897   3.260197    34.8168    27.6416 0.0000e+00
       4779    464.069     3.9914   3.260263    34.8163    27.6409 0.0000e+00
       4780    463.292     3.9929   3.260308    34.8156    27.6403 0.0000e+00
       4781    462.547     3.9940   3.260316    34.8149    27.6396 0.0000e+00
       4782    461.799     3.9946   3.260186    34.8132    27.6381 0.0000e+00
       4783    461.012     3.9949   3.259944    34.8104    27.6359 0.0000e+00
       4784    460.180     3.9951   3.259906    34.8102    27.6357 0.0000e+00
       4785    459.331     3.9958   3.260078    34.8119    27.6370 0.0000e+00
       4786    458.499     3.9968   3.260145    34.8121    27.6371 0.0000e+00
       4787    457.699     3.9977   3.260080    34.8108    27.6359 0.0000e+00
       4788    456.921     3.9981   3.260007    34.8099    27.6352 0.0000e+00
       4789    456.142     3.9979   3.259939    34.8097    27.6351 0.0000e+00
       4790    455.351     3.9974   3.259869    34.8099    27.6352 0.0000e+00
       4791    454.548     3.9968   3.259796    34.8100    27.6354 0.0000e+00
       4792    453.733     3.9966   3.259711    34.8097    27.6352 0.0000e+00
       4793    452.903     3.9965   3.259599    34.8089    27.6346 0.0000e+00
       4794    452.044     3.9962   3.259481    34.8083    27.6341 0.0000e+00
       4795    451.152     3.9958   3.259377    34.8079    27.6339 0.0000e+00
       4796    450.240     3.9953   3.259278    34.8078    27.6338 0.0000e+00
       4797    449.331     3.9951   3.259184    34.8074    27.6335 0.0000e+00
       4798    448.447     3.9949   3.259090    34.8069    27.6331 0.0000e+00
       4799    447.599     3.9947   3.259010    34.8066    27.6329 0.0000e+00
       4800    446.778     3.9945   3.258949    34.8066    27.6329 0.0000e+00
       4801    445.961     3.9943   3.258903    34.8067    27.6330 0.0000e+00
       4802    445.131     3.9943   3.258883    34.8069    27.6332 0.0000e+00
       4803    444.278     3.9946   3.258907    34.8073    27.6335 0.0000e+00
       4804    443.395     3.9954   3.258999    34.8080    27.6339 0.0000e+00
       4805    442.489     3.9972   3.259205    34.8090    27.6346 0.0000e+00
       4806    441.576     4.0004   3.259508    34.8097    27.6348 0.0000e+00
       4807    440.670     4.0040   3.259774    34.8095    27.6343 0.0000e+00
       4808    439.774     4.0069   3.259937    34.8089    27.6334 0.0000e+00
       4809    438.876     4.0085   3.260011    34.8085    27.6330 0.0000e+00
       4810    437.958     4.0095   3.260026    34.8081    27.6326 0.0000e+00
       4811    437.023     4.0112   3.260145    34.8082    27.6325 0.0000e+00
       4812    436.106     4.0148   3.260442    34.8084    27.6323 0.0000e+00
       4813    435.234     4.0186   3.260696    34.8079    27.6314 0.0000e+00
       4814    434.389     4.0205   3.260771    34.8072    27.6307 0.0000e+00
       4815    433.528     4.0213   3.260778    34.8069    27.6304 0.0000e+00
       4816    432.623     4.0221   3.260748    34.8062    27.6297 0.0000e+00
       4817    431.661     4.0228   3.260718    34.8056    27.6292 0.0000e+00
       4818    430.652     4.0235   3.260756    34.8059    27.6293 0.0000e+00
       4819    429.634     4.0246   3.260795    34.8057    27.6291 0.0000e+00
       4820    428.653     4.0258   3.260788    34.8049    27.6283 0.0000e+00
       4821    427.748     4.0266   3.260780    34.8044    27.6278 0.0000e+00
       4822    426.909     4.0272   3.260793    34.8044    27.6277 0.0000e+00
       4823    426.081     4.0277   3.260791    34.8043    27.6276 0.0000e+00
       4824    425.222     4.0281   3.260748    34.8038    27.6272 0.0000e+00
       4825    424.313     4.0282   3.260728    34.8039    27.6273 0.0000e+00
       4826    423.353     4.0289   3.260786    34.8044    27.6276 0.0000e+00
       4827    422.361     4.0303   3.260880    34.8045    27.6275 0.0000e+00
       4828    421.349     4.0320   3.260962    34.8042    27.6271 0.0000e+00
       4829    420.324     4.0334   3.261026    34.8041    27.6268 0.0000e+00
       4830    419.296     4.0350   3.261147    34.8044    27.6269 0.0000e+00
       4831    418.283     4.0375   3.261357    34.8047    27.6269 0.0000e+00
       4832    417.304     4.0406   3.261522    34.8039    27.6260 0.0000e+00
       4833    416.357     4.0426   3.261520    34.8023    27.6245 0.0000e+00
       4834    415.415     4.0429   3.261419    34.8013    27.6236 0.0000e+00
       4835    414.449     4.0427   3.261354    34.8012    27.6236 0.0000e+00
       4836    413.440     4.0427   3.261377    34.8020    27.6243 0.0000e+00
       4837    412.390     4.0435   3.261483    34.8030    27.6249 0.0000e+00
       4838    411.316     4.0454   3.261621    34.8032    27.6249 0.0000e+00
       4839    410.232     4.0482   3.261809    34.8031    27.6245 0.0000e+00
       4840    409.144     4.0520   3.262087    34.8029    27.6240 0.0000e+00
       4841    408.061     4.0563   3.262403    34.8027    27.6233 0.0000e+00
       4842    407.000     4.0602   3.262628    34.8018    27.6222 0.0000e+00
       4843    405.985     4.0630   3.262716    34.8004    27.6208 0.0000e+00
       4844    405.006     4.0650   3.262714    34.7988    27.6193 0.0000e+00
       4845    404.025     4.0661   3.262584    34.7966    27.6175 0.0000e+00
       4846    403.002     4.0657   3.262333    34.7946    27.6159 0.0000e+00
       4847    401.919     4.0654   3.262309    34.7952    27.6164 0.0000e+00
       4848    400.801     4.0667   3.262629    34.7982    27.6187 0.0000e+00
       4849    399.689     4.0694   3.262866    34.7988    27.6188 0.0000e+00
       4850    398.612     4.0718   3.262919    34.7974    27.6175 0.0000e+00
       4851    397.573     4.0734   3.262931    34.7964    27.6166 0.0000e+00
       4852    396.551     4.0740   3.262895    34.7959    27.6161 0.0000e+00
       4853    395.524     4.0740   3.262853    34.7960    27.6161 0.0000e+00
       4854    394.484     4.0744   3.262872    34.7963    27.6164 0.0000e+00
       4855    393.435     4.0755   3.262918    34.7962    27.6162 0.0000e+00
       4856    392.384     4.0768   3.262935    34.7956    27.6156 0.0000e+00
       4857    391.325     4.0776   3.262920    34.7952    27.6151 0.0000e+00
       4858    390.241     4.0780   3.262885    34.7949    27.6149 0.0000e+00
       4859    389.125     4.0783   3.262875    34.7951    27.6150 0.0000e+00
       4860    387.988     4.0793   3.262924    34.7952    27.6150 0.0000e+00
       4861    386.867     4.0814   3.262985    34.7943    27.6140 0.0000e+00
       4862    385.793     4.0837   3.262954    34.7921    27.6120 0.0000e+00
       4863    384.748     4.0850   3.262821    34.7897    27.6100 0.0000e+00
       4864    383.694     4.0852   3.262689    34.7885    27.6090 0.0000e+00
       4865    382.623     4.0848   3.262590    34.7883    27.6089 0.0000e+00
       4866    381.549     4.0842   3.262401    34.7872    27.6081 0.0000e+00
       4867    380.467     4.0831   3.262075    34.7851    27.6066 0.0000e+00
       4868    379.351     4.0816   3.261790    34.7839    27.6058 0.0000e+00
       4869    378.199     4.0802   3.261603    34.7838    27.6058 0.0000e+00
       4870    377.052     4.0793   3.261432    34.7833    27.6055 0.0000e+00
       4871    375.967     4.0784   3.261258    34.7828    27.6052 0.0000e+00
       4872    374.950     4.0774   3.261100    34.7825    27.6051 0.0000e+00
       4873    373.941     4.0767   3.260978    34.7824    27.6050 0.0000e+00
       4874    372.878     4.0762   3.260892    34.7825    27.6052 0.0000e+00
       4875    371.750     4.0757   3.260830    34.7828    27.6055 0.0000e+00
       4876    370.600     4.0756   3.260770    34.7829    27.6055 0.0000e+00
       4877    369.489     4.0755   3.260685    34.7825    27.6053 0.0000e+00
       4878    368.434     4.0752   3.260578    34.7822    27.6050 0.0000e+00
       4879    367.395     4.0747   3.260477    34.7820    27.6050 0.0000e+00
       4880    366.327     4.0743   3.260397    34.7821    27.6051 0.0000e+00
       4881    365.218     4.0740   3.260304    34.7819    27.6049 0.0000e+00
       4882    364.098     4.0738   3.260158    34.7810    27.6042 0.0000e+00
       4883    363.020     4.0736   3.260007    34.7800    27.6035 0.0000e+00
       4884    361.999     4.0736   3.259903    34.7793    27.6029 0.0000e+00
       4885    360.988     4.0736   3.259822    34.7789    27.6026 0.0000e+00
       4886    359.929     4.0738   3.259753    34.7784    27.6022 0.0000e+00
       4887    358.806     4.0743   3.259704    34.7779    27.6017 0.0000e+00
       4888    357.651     4.0753   3.259649    34.7768    27.6007 0.0000e+00
       4889    356.511     4.0767   3.259568    34.7750    27.5991 0.0000e+00
       4890    355.417     4.0779   3.259478    34.7732    27.5976 0.0000e+00
       4891    354.367     4.0785   3.259386    34.7721    27.5966 0.0000e+00
       4892    353.346     4.0785   3.259291    34.7715    27.5962 0.0000e+00
       4893    352.337     4.0785   3.259196    34.7709    27.5957 0.0000e+00
       4894    351.314     4.0784   3.259091    34.7703    27.5952 0.0000e+00
       4895    350.244     4.0780   3.258970    34.7699    27.5949 0.0000e+00
       4896    349.115     4.0774   3.258783    34.7689    27.5942 0.0000e+00
       4897    347.957     4.0762   3.258445    34.7668    27.5927 0.0000e+00
       4898    346.815     4.0745   3.257980    34.7637    27.5904 0.0000e+00
       4899    345.708     4.0724   3.257518    34.7610    27.5885 0.0000e+00
       4900    344.612     4.0701   3.257108    34.7591    27.5873 0.0000e+00
       4901    343.499     4.0678   3.256707    34.7574    27.5861 0.0000e+00
       4902    342.380     4.0650   3.256241    34.7555    27.5849 0.0000e+00
       4903    341.283     4.0621   3.255723    34.7530    27.5832 0.0000e+00
       4904    340.211     4.0595   3.255345    34.7518    27.5825 0.0000e+00
       4905    339.139     4.0576   3.255137    34.7519    27.5828 0.0000e+00
       4906    338.037     4.0564   3.254978    34.7519    27.5829 0.0000e+00
       4907    336.890     4.0557   3.254842    34.7516    27.5828 0.0000e+00
       4908    335.710     4.0549   3.254717    34.7516    27.5829 0.0000e+00
       4909    334.530     4.0543   3.254600    34.7515    27.5828 0.0000e+00
       4910    333.378     4.0540   3.254503    34.7513    27.5827 0.0000e+00
       4911    332.255     4.0536   3.254421    34.7513    27.5828 0.0000e+00
       4912    331.143     4.0534   3.254331    34.7511    27.5826 0.0000e+00
       4913    330.024     4.0532   3.254237    34.7508    27.5824 0.0000e+00
       4914    328.888     4.0530   3.254155    34.7506    27.5823 0.0000e+00
       4915    327.738     4.0527   3.254086    34.7507    27.5824 0.0000e+00
       4916    326.574     4.0526   3.254024    34.7507    27.5824 0.0000e+00
       4917    325.383     4.0526   3.253965    34.7507    27.5823 0.0000e+00
       4918    324.165     4.0528   3.253920    34.7506    27.5823 0.0000e+00
       4919    322.941     4.0535   3.253918    34.7505    27.5821 0.0000e+00
       4920    321.745     4.0550   3.253953    34.7499    27.5815 0.0000e+00
       4921    320.601     4.0569   3.253969    34.7487    27.5804 0.0000e+00
       4922    319.509     4.0583   3.253908    34.7471    27.5789 0.0000e+00
       4923    318.455     4.0588   3.253755    34.7453    27.5775 0.0000e+00
