Datasets/Multi_Species/TEL214/tel214_2020_031.cnv
* Sea-Bird SBE19plus Data File:
* Filename = C:/AQUIRE/tel214_2020_031.hex
* Software Version AquireV2 AF V2.0
* Temperature SN =  7853
* Conductivity SN =  7853
* System UpLoad Time = Nov 15 2020 12:08:35
* <ApplicationData>
* <AQUIREV2>
** VESSEL/TRIP/SEQ STN: tel214_2020_031
** LATITUDE: 53 14.25 N
** LONGITUDE: 52 07.01 W
** DATE/TIME: 2020-11-15 10:23
** SOUNDING DEPTH (M): 0645
** PROBE TYPE: S7853
** CTD NUMBER: 031
** COMMENTS: 
# nquan = 7                                 
# nvalues = 6159                        
# units = specified
# name 0 = scan: Scan Count
# name 1 = prdM: Pressure, Strain Gauge [db]
# name 2 = tv290C: Temperature [ITS-90, deg C]
# name 3 = c0S/m: Conductivity [S/m]
# name 4 = sal00: Salinity, Practical [PSU]
# name 5 = sigma-t00: Density [sigma-t, kg/m^3 ]
# name 6 = flag: flag
# span 0 =          1,       6159       
# span 1 =     -1.060,    630.209       
# span 2 =     1.2493,     4.0815       
# span 3 =  -0.000031,   3.256960       
# span 4 =    -0.0009,    34.8398       
# span 5 =    -0.0865,    27.6891       
# span 6 = 0.0000e+00, 0.0000e+00       
# interval = seconds: 1
# start_time = Nov 15 2020 10:23:24 [Instrument's time stamp, header]
# bad_flag = -9.990e-29
*END*
[from data line 1436]
       1437     -1.044     1.3074   0.000071    -0.0005    -0.0839 0.0000e+00
       1438     -1.044     1.3075   0.000075    -0.0005    -0.0839 0.0000e+00
       1439     -1.044     1.3090   0.000087    -0.0004    -0.0838 0.0000e+00
       1440     -1.044     1.3100   0.000093    -0.0004    -0.0838 0.0000e+00
       1441     -1.044     1.3116   0.000100    -0.0004    -0.0837 0.0000e+00
       1442     -1.044     1.3154   0.000116    -0.0002    -0.0835 0.0000e+00
       1443     -1.043     1.3190   0.000129    -0.0002    -0.0834 0.0000e+00
       1444     -1.041     1.3195   0.000129    -0.0002    -0.0834 0.0000e+00
       1445     -1.040     1.3192   0.000125    -0.0002    -0.0834 0.0000e+00
       1446     -1.042     1.3205   0.000129    -0.0002    -0.0833 0.0000e+00
       1447     -1.046     1.3229   0.000138    -0.0001    -0.0832 0.0000e+00
       1448     -1.048     1.3258   0.000144    -0.0001    -0.0831 0.0000e+00
       1449     -1.049     1.3291   0.000151 -1.182e-07    -0.0829 0.0000e+00
       1450     -1.049     1.3327   0.000158     0.0001    -0.0827 0.0000e+00
       1451     -1.049     1.3365   0.000167     0.0001    -0.0825 0.0000e+00
       1452     -1.049     1.3398   0.000173     0.0002    -0.0823 0.0000e+00
       1453     -1.049     1.3423   0.000176     0.0002    -0.0822 0.0000e+00
       1454     -1.049     1.3447   0.000175     0.0002    -0.0821 0.0000e+00
       1455     -1.049     1.3466   0.000172     0.0002    -0.0820 0.0000e+00
       1456     -1.049     1.3481   0.000170     0.0001    -0.0820 0.0000e+00
       1457     -1.048     1.3492   0.000168     0.0001    -0.0819 0.0000e+00
       1458     -1.046     1.3499   0.000165     0.0001    -0.0819 0.0000e+00
       1459     -1.043     1.3498   0.000159     0.0001    -0.0820 0.0000e+00
       1460     -1.043     1.3497   0.000153     0.0000    -0.0820 0.0000e+00
       1461     -1.046     1.3503   0.000149     0.0000    -0.0820 0.0000e+00
       1462     -1.048     1.3516   0.000151     0.0000    -0.0819 0.0000e+00
       1463     -1.048     1.3531   0.000151     0.0000    -0.0819 0.0000e+00
       1464     -1.048     1.3543   0.000151     0.0000    -0.0818 0.0000e+00
       1465     -1.045     1.3548   0.000149     0.0000    -0.0818 0.0000e+00
       1466     -1.042     1.3546   0.000144    -0.0000    -0.0818 0.0000e+00
       1467     -1.042     1.3542   0.000139    -0.0001    -0.0818 0.0000e+00
       1468     -1.045     1.3541   0.000136    -0.0001    -0.0818 0.0000e+00
       1469     -1.045     1.3546   0.000134    -0.0001    -0.0818 0.0000e+00
       1470     -1.043     1.3553   0.000133    -0.0001    -0.0818 0.0000e+00
       1471     -1.043     1.3558   0.000133    -0.0001    -0.0818 0.0000e+00
       1472     -1.046     1.3558   0.000133    -0.0001    -0.0818 0.0000e+00
       1473     -1.048     1.3550   0.000128    -0.0001    -0.0818 0.0000e+00
       1474     -1.049     1.3538   0.000122    -0.0002    -0.0818 0.0000e+00
       1475     -1.049     1.3530   0.000119    -0.0002    -0.0819 0.0000e+00
       1476     -1.049     1.3532   0.000119    -0.0002    -0.0819 0.0000e+00
       1477     -1.048     1.3538   0.000119    -0.0002    -0.0818 0.0000e+00
       1478     -1.046     1.3540   0.000118    -0.0002    -0.0818 0.0000e+00
       1479     -1.045     1.3541   0.000119    -0.0002    -0.0818 0.0000e+00
       1480     -1.045     1.3542   0.000120    -0.0002    -0.0818 0.0000e+00
       1481     -1.045     1.3540   0.000119    -0.0002    -0.0818 0.0000e+00
       1482     -1.042     1.3529   0.000114    -0.0002    -0.0819 0.0000e+00
       1483     -1.040     1.3504   0.000106    -0.0003    -0.0820 0.0000e+00
       1484     -1.040     1.3466   0.000096    -0.0004    -0.0822 0.0000e+00
       1485     -1.042     1.3438   0.000089    -0.0004    -0.0823 0.0000e+00
       1486     -1.045     1.3427   0.000087    -0.0004    -0.0823 0.0000e+00
       1487     -1.047     1.3425   0.000090    -0.0004    -0.0823 0.0000e+00
       1488     -1.045     1.3421   0.000091    -0.0004    -0.0824 0.0000e+00
       1489     -1.042     1.3413   0.000091    -0.0004    -0.0824 0.0000e+00
       1490     -1.042     1.3409   0.000092    -0.0004    -0.0824 0.0000e+00
       1491     -1.043     1.3412   0.000097    -0.0004    -0.0824 0.0000e+00
       1492     -1.044     1.3417   0.000101    -0.0003    -0.0824 0.0000e+00
       1493     -1.046     1.3416   0.000103    -0.0003    -0.0824 0.0000e+00
       1494     -1.047     1.3400   0.000098    -0.0003    -0.0824 0.0000e+00
       1495     -1.046     1.3370   0.000091    -0.0004    -0.0826 0.0000e+00
       1496     -1.045     1.3325   0.000079    -0.0005    -0.0828 0.0000e+00
       1497     -1.046     1.3264   0.000063    -0.0006    -0.0830 0.0000e+00
       1498     -1.048     1.3217   0.000053    -0.0006    -0.0833 0.0000e+00
       1499     -1.048     1.3199   0.000055    -0.0006    -0.0833 0.0000e+00
       1500     -1.048     1.3190   0.000060    -0.0006    -0.0834 0.0000e+00
       1501     -1.045     1.3176   0.000063    -0.0006    -0.0834 0.0000e+00
       1502     -1.042     1.3160   0.000063    -0.0006    -0.0835 0.0000e+00
       1503     -1.041     1.3147   0.000063    -0.0006    -0.0836 0.0000e+00
       1504     -1.042     1.3142   0.000069    -0.0005    -0.0836 0.0000e+00
       1505     -1.042     1.3145   0.000075    -0.0005    -0.0836 0.0000e+00
       1506     -1.043     1.3152   0.000081    -0.0005    -0.0835 0.0000e+00
       1507     -1.046     1.3153   0.000086    -0.0004    -0.0835 0.0000e+00
       1508     -1.048     1.3121   0.000078    -0.0005    -0.0837 0.0000e+00
       1509     -1.048     1.3039   0.000056    -0.0006    -0.0840 0.0000e+00
       1510     -1.046     1.2944   0.000033    -0.0008    -0.0845 0.0000e+00
       1511     -1.043     1.2903   0.000030    -0.0008    -0.0847 0.0000e+00
       1512     -1.043     1.2919   0.000044    -0.0007    -0.0846 0.0000e+00
       1513     -1.046     1.2950   0.000061    -0.0006    -0.0844 0.0000e+00
       1514     -1.050     1.2974   0.000077    -0.0005    -0.0843 0.0000e+00
       1515     -1.052     1.2993   0.000088    -0.0004    -0.0843 0.0000e+00
       1516     -1.051     1.3003   0.000093    -0.0004    -0.0842 0.0000e+00
       1517     -1.049     1.2992   0.000093    -0.0004    -0.0843 0.0000e+00
       1518     -1.048     1.2950   0.000082    -0.0005    -0.0844 0.0000e+00
       1519     -1.046     1.2879   0.000062    -0.0006    -0.0848 0.0000e+00
       1520     -1.044     1.2759   0.000027    -0.0008    -0.0853 0.0000e+00
       1521     -1.044     1.2608  -0.000013     0.0000    -0.0860 0.0000e+00
       1522     -1.045     1.2507  -0.000031     0.0000    -0.0865 0.0000e+00
       1523     -1.046     1.2493  -0.000019     0.0000    -0.0865 0.0000e+00
       1524     -1.048     1.2533   0.000011    -0.0009    -0.0863 0.0000e+00
       1525     -1.049     1.2582   0.000040    -0.0008    -0.0861 0.0000e+00
       1526     -1.049     1.2617   0.000059    -0.0006    -0.0860 0.0000e+00
       1527     -1.049     1.2637   0.000071    -0.0006    -0.0859 0.0000e+00
       1528     -1.049     1.2650   0.000082    -0.0005    -0.0858 0.0000e+00
       1529     -1.048     1.2662   0.000090    -0.0005    -0.0857 0.0000e+00
       1530     -1.047     1.2687   0.000101    -0.0004    -0.0856 0.0000e+00
       1531     -1.048     1.2724   0.000115    -0.0003    -0.0855 0.0000e+00
       1532     -1.051     1.2758   0.000127    -0.0002    -0.0853 0.0000e+00
       1533     -1.053     1.2784   0.000135    -0.0001    -0.0852 0.0000e+00
       1534     -1.053     1.2809   0.000141    -0.0001    -0.0851 0.0000e+00
       1535     -1.052     1.2837   0.000147    -0.0001    -0.0850 0.0000e+00
       1536     -1.052     1.2864   0.000152    -0.0000    -0.0848 0.0000e+00
       1537     -1.053     1.2891   0.000156     0.0000    -0.0847 0.0000e+00
       1538     -1.052     1.2918   0.000160     0.0000    -0.0846 0.0000e+00
       1539     -1.052     1.2942   0.000161     0.0000    -0.0844 0.0000e+00
       1540     -1.053     1.2961   0.000164     0.0001    -0.0843 0.0000e+00
       1541     -1.052     1.2976   0.000164     0.0001    -0.0843 0.0000e+00
       1542     -1.051     1.2986   0.000162     0.0001    -0.0842 0.0000e+00
       1543     -1.053     1.2993   0.000159     0.0000    -0.0842 0.0000e+00
       1544     -1.055     1.2999   0.000156     0.0000    -0.0842 0.0000e+00
       1545     -1.055     1.3005   0.000154 -4.068e-07    -0.0842 0.0000e+00
       1546     -1.052     1.3013   0.000151    -0.0000    -0.0842 0.0000e+00
       1547     -1.049     1.3022   0.000147    -0.0000    -0.0841 0.0000e+00
       1548     -1.047     1.3034   0.000147    -0.0000    -0.0841 0.0000e+00
       1549     -1.046     1.3051   0.000151    -0.0000    -0.0840 0.0000e+00
       1550     -1.047     1.3057   0.000149    -0.0000    -0.0840 0.0000e+00
       1551     -1.049     1.3040   0.000139    -0.0001    -0.0840 0.0000e+00
       1552     -1.051     1.3007   0.000125    -0.0002    -0.0842 0.0000e+00
       1553     -1.052     1.2979   0.000114    -0.0003    -0.0843 0.0000e+00
       1554     -1.051     1.2973   0.000113    -0.0003    -0.0843 0.0000e+00
       1555     -1.050     1.2980   0.000116    -0.0003    -0.0843 0.0000e+00
       1556     -1.051     1.2985   0.000117    -0.0003    -0.0843 0.0000e+00
       1557     -1.052     1.2987   0.000118    -0.0002    -0.0843 0.0000e+00
       1558     -1.049     1.2998   0.000122    -0.0002    -0.0842 0.0000e+00
       1559     -1.047     1.3023   0.000128    -0.0002    -0.0841 0.0000e+00
       1560     -1.050     1.3052   0.000138    -0.0001    -0.0840 0.0000e+00
       1561     -1.055     1.3067   0.000140    -0.0001    -0.0839 0.0000e+00
       1562     -1.057     1.3070   0.000138    -0.0001    -0.0839 0.0000e+00
       1563     -1.056     1.3064   0.000134    -0.0001    -0.0839 0.0000e+00
       1564     -1.052     1.3035   0.000122    -0.0002    -0.0841 0.0000e+00
       1565     -1.050     1.2975   0.000100    -0.0004    -0.0843 0.0000e+00
       1566     -1.049     1.2914   0.000082    -0.0005    -0.0846 0.0000e+00
       1567     -1.049     1.2881   0.000075    -0.0005    -0.0848 0.0000e+00
       1568     -1.049     1.2879   0.000079    -0.0005    -0.0848 0.0000e+00
       1569     -1.049     1.2892   0.000087    -0.0005    -0.0847 0.0000e+00
       1570     -1.049     1.2906   0.000095    -0.0004    -0.0846 0.0000e+00
       1571     -1.049     1.2917   0.000101    -0.0004    -0.0846 0.0000e+00
       1572     -1.050     1.2921   0.000105    -0.0003    -0.0846 0.0000e+00
       1573     -1.051     1.2920   0.000106    -0.0003    -0.0846 0.0000e+00
       1574     -1.053     1.2922   0.000108    -0.0003    -0.0846 0.0000e+00
       1575     -1.054     1.2935   0.000112    -0.0003    -0.0845 0.0000e+00
       1576     -1.055     1.2948   0.000118    -0.0002    -0.0845 0.0000e+00
       1577     -1.055     1.2953   0.000119    -0.0002    -0.0844 0.0000e+00
       1578     -1.052     1.2954   0.000119    -0.0002    -0.0844 0.0000e+00
       1579     -1.050     1.2955   0.000119    -0.0002    -0.0844 0.0000e+00
       1580     -1.050     1.2953   0.000118    -0.0002    -0.0844 0.0000e+00
       1581     -1.051     1.2950   0.000117    -0.0003    -0.0844 0.0000e+00
       1582     -1.053     1.2946   0.000114    -0.0003    -0.0845 0.0000e+00
       1583     -1.054     1.2942   0.000114    -0.0003    -0.0845 0.0000e+00
       1584     -1.054     1.2937   0.000113    -0.0003    -0.0845 0.0000e+00
       1585     -1.054     1.2934   0.000111    -0.0003    -0.0845 0.0000e+00
       1586     -1.053     1.2938   0.000112    -0.0003    -0.0845 0.0000e+00
       1587     -1.052     1.2952   0.000118    -0.0002    -0.0844 0.0000e+00
       1588     -1.050     1.2959   0.000121    -0.0002    -0.0844 0.0000e+00
       1589     -1.049     1.2949   0.000117    -0.0003    -0.0845 0.0000e+00
       1590     -1.049     1.2928   0.000110    -0.0003    -0.0845 0.0000e+00
       1591     -1.049     1.2917   0.000106    -0.0003    -0.0846 0.0000e+00
       1592     -1.050     1.2922   0.000109    -0.0003    -0.0846 0.0000e+00
       1593     -1.052     1.2933   0.000113    -0.0003    -0.0845 0.0000e+00
       1594     -1.055     1.2939   0.000114    -0.0003    -0.0845 0.0000e+00
       1595     -1.055     1.2939   0.000115    -0.0003    -0.0845 0.0000e+00
       1596     -1.052     1.2939   0.000115    -0.0003    -0.0845 0.0000e+00
       1597     -1.050     1.2946   0.000118    -0.0002    -0.0845 0.0000e+00
       1598     -1.050     1.2960   0.000121    -0.0002    -0.0844 0.0000e+00
       1599     -1.050     1.2982   0.000127    -0.0002    -0.0843 0.0000e+00
       1600     -1.051     1.3009   0.000136    -0.0001    -0.0842 0.0000e+00
       1601     -1.052     1.3016   0.000138    -0.0001    -0.0842 0.0000e+00
       1602     -1.052     1.2979   0.000124    -0.0002    -0.0843 0.0000e+00
       1603     -1.053     1.2921   0.000103    -0.0003    -0.0846 0.0000e+00
       1604     -1.056     1.2878   0.000089    -0.0004    -0.0848 0.0000e+00
       1605     -1.058     1.2862   0.000086    -0.0005    -0.0848 0.0000e+00
       1606     -1.057     1.2866   0.000091    -0.0004    -0.0848 0.0000e+00
       1607     -1.055     1.2877   0.000097    -0.0004    -0.0848 0.0000e+00
       1608     -1.053     1.2879   0.000100    -0.0004    -0.0848 0.0000e+00
       1609     -1.052     1.2862   0.000097    -0.0004    -0.0848 0.0000e+00
       1610     -1.055     1.2845   0.000094    -0.0004    -0.0849 0.0000e+00
       1611     -1.058     1.2843   0.000095    -0.0004    -0.0849 0.0000e+00
       1612     -1.058     1.2851   0.000100    -0.0004    -0.0849 0.0000e+00
       1613     -1.056     1.2852   0.000102    -0.0004    -0.0849 0.0000e+00
       1614     -1.053     1.2851   0.000105    -0.0003    -0.0849 0.0000e+00
       1615     -1.053     1.2862   0.000111    -0.0003    -0.0848 0.0000e+00
       1616     -1.056     1.2873   0.000115    -0.0003    -0.0848 0.0000e+00
       1617     -1.056     1.2863   0.000111    -0.0003    -0.0848 0.0000e+00
       1618     -1.053     1.2843   0.000104    -0.0003    -0.0849 0.0000e+00
       1619     -1.053     1.2838   0.000103    -0.0004    -0.0850 0.0000e+00
       1620     -1.056     1.2861   0.000111    -0.0003    -0.0848 0.0000e+00
       1621     -1.056     1.2900   0.000125    -0.0002    -0.0847 0.0000e+00
       1622     -1.053     1.2934   0.000135    -0.0001    -0.0845 0.0000e+00
       1623     -1.051     1.2955   0.000139    -0.0001    -0.0844 0.0000e+00
       1624     -1.051     1.2963   0.000140    -0.0001    -0.0844 0.0000e+00
       1625     -1.053     1.2957   0.000135    -0.0001    -0.0844 0.0000e+00
       1626     -1.057     1.2935   0.000125    -0.0002    -0.0845 0.0000e+00
       1627     -1.059     1.2915   0.000118    -0.0003    -0.0846 0.0000e+00
       1628     -1.059     1.2916   0.000118    -0.0003    -0.0846 0.0000e+00
       1629     -1.059     1.2929   0.000123    -0.0002    -0.0845 0.0000e+00
       1630     -1.058     1.2931   0.000121    -0.0002    -0.0845 0.0000e+00
       1631     -1.055     1.2921   0.000117    -0.0003    -0.0846 0.0000e+00
       1632     -1.050     1.2917   0.000117    -0.0003    -0.0846 0.0000e+00
       1633     -1.047     1.2922   0.000118    -0.0002    -0.0846 0.0000e+00
       1634     -1.048     1.2925   0.000118    -0.0002    -0.0846 0.0000e+00
       1635     -1.050     1.2927   0.000117    -0.0003    -0.0846 0.0000e+00
       1636     -1.054     1.2936   0.000121    -0.0002    -0.0845 0.0000e+00
       1637     -1.056     1.2951   0.000126    -0.0002    -0.0844 0.0000e+00
       1638     -1.054     1.2972   0.000132    -0.0002    -0.0843 0.0000e+00
       1639     -1.052     1.2991   0.000136    -0.0001    -0.0843 0.0000e+00
       1640     -1.051     1.3004   0.000136    -0.0001    -0.0842 0.0000e+00
       1641     -1.049     1.3018   0.000140    -0.0001    -0.0841 0.0000e+00
