Datasets/Multi_Species/TEL214/tel214_2020_011.cnv
* Sea-Bird SBE19plus Data File:
* Filename = C:/AQUIRE/tel214_2020_011.hex
* Software Version AquireV2 AF V2.0
* Temperature SN =  7853
* Conductivity SN =  7853
* System UpLoad Time = Nov 09 2020 23:58:08
* <ApplicationData>
* <AQUIREV2>
** VESSEL/TRIP/SEQ STN: tel214_2020_011
** LATITUDE: 54 53.38 N
** LONGITUDE: 54 33.20 W
** DATE/TIME: 2020-11-09 17:50
** SOUNDING DEPTH (M): 0263
** PROBE TYPE: S7853
** CTD NUMBER: 011
** COMMENTS: TEAR-UP
# nquan = 7                                 
# nvalues = 11339                       
# units = specified
# name 0 = scan: Scan Count
# name 1 = prdM: Pressure, Strain Gauge [db]
# name 2 = tv290C: Temperature [ITS-90, deg C]
# name 3 = c0S/m: Conductivity [S/m]
# name 4 = sal00: Salinity, Practical [PSU]
# name 5 = sigma-t00: Density [sigma-t, kg/m^3 ]
# name 6 = flag: flag
# span 0 =          1,      11339       
# span 1 =     -1.130,    259.813       
# span 2 =    -1.8893,     2.3888       
# span 3 =   0.000022,   3.025149       
# span 4 =    -0.0028,    33.7780       
# span 5 =    -0.3190,    26.9621       
# span 6 = 0.0000e+00, 0.0000e+00       
# interval = seconds: 1
# start_time = Nov 09 2020 17:50:07 [Instrument's time stamp, header]
# bad_flag = -9.990e-29
*END*
[from data line 6975]
       6976     -1.110    -1.1173   0.000115    -0.0022    -0.2448 0.0000e+00
       6977     -1.111    -1.1174   0.000115    -0.0022    -0.2448 0.0000e+00
       6978     -1.110    -1.1173   0.000116    -0.0022    -0.2448 0.0000e+00
       6979     -1.108    -1.1174   0.000116    -0.0022    -0.2448 0.0000e+00
       6980     -1.106    -1.1178   0.000116    -0.0022    -0.2449 0.0000e+00
       6981     -1.104    -1.1183   0.000115    -0.0022    -0.2449 0.0000e+00
       6982     -1.101    -1.1187   0.000115    -0.0022    -0.2450 0.0000e+00
       6983     -1.101    -1.1189   0.000114    -0.0022    -0.2450 0.0000e+00
       6984     -1.104    -1.1190   0.000115    -0.0022    -0.2450 0.0000e+00
       6985     -1.106    -1.1195   0.000114    -0.0022    -0.2450 0.0000e+00
       6986     -1.106    -1.1202   0.000113    -0.0022    -0.2451 0.0000e+00
       6987     -1.105    -1.1208   0.000113    -0.0022    -0.2451 0.0000e+00
       6988     -1.104    -1.1210   0.000114    -0.0022    -0.2452 0.0000e+00
       6989     -1.106    -1.1210   0.000115    -0.0022    -0.2452 0.0000e+00
       6990     -1.106    -1.1211   0.000115    -0.0022    -0.2452 0.0000e+00
       6991     -1.102    -1.1212   0.000116    -0.0022    -0.2452 0.0000e+00
       6992     -1.098    -1.1214   0.000117    -0.0021    -0.2452 0.0000e+00
       6993     -1.098    -1.1216   0.000117    -0.0021    -0.2452 0.0000e+00
       6994     -1.100    -1.1215   0.000116    -0.0022    -0.2452 0.0000e+00
       6995     -1.105    -1.1213   0.000117    -0.0021    -0.2452 0.0000e+00
       6996     -1.108    -1.1212   0.000119    -0.0021    -0.2452 0.0000e+00
       6997     -1.106    -1.1214   0.000118    -0.0021    -0.2452 0.0000e+00
       6998     -1.102    -1.1216   0.000118    -0.0021    -0.2452 0.0000e+00
       6999     -1.101    -1.1215   0.000119    -0.0021    -0.2452 0.0000e+00
       7000     -1.102    -1.1211   0.000119    -0.0021    -0.2452 0.0000e+00
       7001     -1.104    -1.1207   0.000120    -0.0021    -0.2451 0.0000e+00
       7002     -1.107    -1.1208   0.000122    -0.0021    -0.2451 0.0000e+00
       7003     -1.107    -1.1214   0.000120    -0.0021    -0.2452 0.0000e+00
       7004     -1.104    -1.1221   0.000118    -0.0021    -0.2453 0.0000e+00
       7005     -1.101    -1.1221   0.000118    -0.0021    -0.2453 0.0000e+00
       7006     -1.099    -1.1217   0.000120    -0.0021    -0.2452 0.0000e+00
       7007     -1.100    -1.1215   0.000120    -0.0021    -0.2452 0.0000e+00
       7008     -1.104    -1.1217   0.000120    -0.0021    -0.2452 0.0000e+00
       7009     -1.106    -1.1222   0.000120    -0.0021    -0.2453 0.0000e+00
       7010     -1.106    -1.1225   0.000118    -0.0021    -0.2453 0.0000e+00
       7011     -1.104    -1.1226   0.000117    -0.0021    -0.2453 0.0000e+00
       7012     -1.101    -1.1224   0.000119    -0.0021    -0.2453 0.0000e+00
       7013     -1.101    -1.1220   0.000121    -0.0021    -0.2453 0.0000e+00
       7014     -1.104    -1.1218   0.000122    -0.0021    -0.2452 0.0000e+00
       7015     -1.108    -1.1222   0.000121    -0.0021    -0.2453 0.0000e+00
       7016     -1.110    -1.1231   0.000118    -0.0021    -0.2453 0.0000e+00
       7017     -1.109    -1.1240   0.000114    -0.0022    -0.2454 0.0000e+00
       7018     -1.105    -1.1247   0.000114    -0.0022    -0.2455 0.0000e+00
       7019     -1.103    -1.1251   0.000114    -0.0022    -0.2455 0.0000e+00
       7020     -1.104    -1.1253   0.000115    -0.0022    -0.2455 0.0000e+00
       7021     -1.106    -1.1254   0.000115    -0.0022    -0.2456 0.0000e+00
       7022     -1.108    -1.1252   0.000115    -0.0022    -0.2455 0.0000e+00
       7023     -1.110    -1.1250   0.000115    -0.0022    -0.2455 0.0000e+00
       7024     -1.111    -1.1250   0.000117    -0.0021    -0.2455 0.0000e+00
       7025     -1.110    -1.1248   0.000117    -0.0021    -0.2455 0.0000e+00
       7026     -1.108    -1.1248   0.000117    -0.0021    -0.2455 0.0000e+00
       7027     -1.107    -1.1247   0.000119    -0.0021    -0.2455 0.0000e+00
       7028     -1.107    -1.1244   0.000120    -0.0021    -0.2455 0.0000e+00
       7029     -1.107    -1.1241   0.000122    -0.0021    -0.2454 0.0000e+00
       7030     -1.106    -1.1237   0.000124    -0.0021    -0.2454 0.0000e+00
       7031     -1.104    -1.1235   0.000124    -0.0021    -0.2454 0.0000e+00
       7032     -1.103    -1.1235   0.000124    -0.0021    -0.2454 0.0000e+00
       7033     -1.104    -1.1237   0.000123    -0.0021    -0.2454 0.0000e+00
       7034     -1.105    -1.1241   0.000122    -0.0021    -0.2454 0.0000e+00
       7035     -1.105    -1.1246   0.000120    -0.0021    -0.2455 0.0000e+00
       7036     -1.103    -1.1252   0.000118    -0.0021    -0.2455 0.0000e+00
       7037     -1.100    -1.1260   0.000116    -0.0022    -0.2456 0.0000e+00
       7038     -1.100    -1.1264   0.000114    -0.0022    -0.2456 0.0000e+00
       7039     -1.101    -1.1264   0.000113    -0.0022    -0.2456 0.0000e+00
       7040     -1.103    -1.1259   0.000117    -0.0021    -0.2456 0.0000e+00
       7041     -1.106    -1.1254   0.000121    -0.0021    -0.2456 0.0000e+00
       7042     -1.109    -1.1254   0.000122    -0.0021    -0.2456 0.0000e+00
       7043     -1.106    -1.1264   0.000117    -0.0021    -0.2456 0.0000e+00
       7044     -1.101    -1.1278   0.000112    -0.0022    -0.2458 0.0000e+00
       7045     -1.098    -1.1288   0.000111    -0.0022    -0.2459 0.0000e+00
       7046     -1.099    -1.1291   0.000113    -0.0022    -0.2459 0.0000e+00
       7047     -1.101    -1.1289   0.000113    -0.0022    -0.2459 0.0000e+00
       7048     -1.101    -1.1287   0.000115    -0.0022    -0.2458 0.0000e+00
       7049     -1.104    -1.1287   0.000115    -0.0022    -0.2458 0.0000e+00
       7050     -1.109    -1.1292   0.000115    -0.0022    -0.2459 0.0000e+00
       7051     -1.111    -1.1306   0.000112    -0.0022    -0.2460 0.0000e+00
       7052     -1.106    -1.1325   0.000107    -0.0022    -0.2462 0.0000e+00
       7053     -1.101    -1.1342   0.000102    -0.0023    -0.2463 0.0000e+00
       7054     -1.099    -1.1353   0.000100    -0.0023    -0.2464 0.0000e+00
       7055     -1.101    -1.1359   0.000100    -0.0023    -0.2465 0.0000e+00
       7056     -1.105    -1.1360   0.000103    -0.0023    -0.2465 0.0000e+00
       7057     -1.108    -1.1361   0.000105    -0.0023    -0.2465 0.0000e+00
       7058     -1.106    -1.1374   0.000102    -0.0023    -0.2466 0.0000e+00
       7059     -1.103    -1.1393   0.000098    -0.0023    -0.2468 0.0000e+00
       7060     -1.102    -1.1405   0.000098    -0.0023    -0.2469 0.0000e+00
       7061     -1.101    -1.1410   0.000099    -0.0023    -0.2469 0.0000e+00
       7062     -1.103    -1.1414   0.000100    -0.0023    -0.2470 0.0000e+00
       7063     -1.108    -1.1418   0.000102    -0.0023    -0.2470 0.0000e+00
       7064     -1.111    -1.1420   0.000103    -0.0023    -0.2470 0.0000e+00
       7065     -1.110    -1.1422   0.000105    -0.0023    -0.2470 0.0000e+00
       7066     -1.106    -1.1428   0.000105    -0.0023    -0.2471 0.0000e+00
       7067     -1.101    -1.1439   0.000103    -0.0023    -0.2472 0.0000e+00
       7068     -1.099    -1.1446   0.000103    -0.0023    -0.2473 0.0000e+00
       7069     -1.100    -1.1444   0.000104    -0.0023    -0.2472 0.0000e+00
       7070     -1.104    -1.1437   0.000108    -0.0022    -0.2472 0.0000e+00
       7071     -1.106    -1.1430   0.000114    -0.0022    -0.2471 0.0000e+00
       7072     -1.106    -1.1427   0.000116    -0.0022    -0.2471 0.0000e+00
       7073     -1.106    -1.1433   0.000116    -0.0022    -0.2471 0.0000e+00
       7074     -1.105    -1.1447   0.000112    -0.0022    -0.2473 0.0000e+00
       7075     -1.102    -1.1463   0.000107    -0.0022    -0.2474 0.0000e+00
       7076     -1.100    -1.1467   0.000105    -0.0023    -0.2474 0.0000e+00
       7077     -1.102    -1.1461   0.000109    -0.0022    -0.2474 0.0000e+00
       7078     -1.105    -1.1454   0.000115    -0.0022    -0.2473 0.0000e+00
       7079     -1.106    -1.1456   0.000115    -0.0022    -0.2474 0.0000e+00
       7080     -1.106    -1.1463   0.000114    -0.0022    -0.2474 0.0000e+00
       7081     -1.105    -1.1468   0.000114    -0.0022    -0.2475 0.0000e+00
       7082     -1.104    -1.1468   0.000114    -0.0022    -0.2475 0.0000e+00
       7083     -1.108    -1.1465   0.000115    -0.0022    -0.2474 0.0000e+00
       7084     -1.112    -1.1462   0.000118    -0.0022    -0.2474 0.0000e+00
       7085     -1.111    -1.1466   0.000117    -0.0022    -0.2474 0.0000e+00
       7086     -1.106    -1.1486   0.000111    -0.0022    -0.2476 0.0000e+00
       7087     -1.101    -1.1513   0.000103    -0.0023    -0.2479 0.0000e+00
       7088     -1.099    -1.1536   0.000097    -0.0023    -0.2481 0.0000e+00
       7089     -1.100    -1.1546   0.000097    -0.0023    -0.2482 0.0000e+00
       7090     -1.104    -1.1544   0.000100    -0.0023    -0.2481 0.0000e+00
       7091     -1.107    -1.1536   0.000104    -0.0023    -0.2481 0.0000e+00
       7092     -1.109    -1.1534   0.000108    -0.0022    -0.2480 0.0000e+00
       7093     -1.111    -1.1542   0.000109    -0.0022    -0.2481 0.0000e+00
       7094     -1.110    -1.1556   0.000106    -0.0023    -0.2482 0.0000e+00
       7095     -1.110    -1.1570   0.000103    -0.0023    -0.2484 0.0000e+00
       7096     -1.111    -1.1577   0.000102    -0.0023    -0.2484 0.0000e+00
       7097     -1.109    -1.1582   0.000103    -0.0023    -0.2485 0.0000e+00
       7098     -1.107    -1.1591   0.000101    -0.0023    -0.2486 0.0000e+00
       7099     -1.104    -1.1609   0.000097    -0.0023    -0.2487 0.0000e+00
       7100     -1.100    -1.1623   0.000096    -0.0023    -0.2488 0.0000e+00
       7101     -1.098    -1.1622   0.000099    -0.0023    -0.2488 0.0000e+00
       7102     -1.099    -1.1608   0.000107    -0.0023    -0.2487 0.0000e+00
       7103     -1.101    -1.1591   0.000115    -0.0022    -0.2486 0.0000e+00
       7104     -1.102    -1.1575   0.000122    -0.0021    -0.2484 0.0000e+00
       7105     -1.104    -1.1560   0.000127    -0.0021    -0.2483 0.0000e+00
       7106     -1.106    -1.1549   0.000130    -0.0021    -0.2482 0.0000e+00
       7107     -1.106    -1.1546   0.000130    -0.0021    -0.2482 0.0000e+00
       7108     -1.104    -1.1556   0.000125    -0.0021    -0.2482 0.0000e+00
       7109     -1.102    -1.1573   0.000118    -0.0022    -0.2484 0.0000e+00
       7110     -1.101    -1.1580   0.000117    -0.0022    -0.2485 0.0000e+00
       7111     -1.099    -1.1575   0.000119    -0.0022    -0.2484 0.0000e+00
       7112     -1.098    -1.1564   0.000123    -0.0021    -0.2483 0.0000e+00
       7113     -1.098    -1.1553   0.000127    -0.0021    -0.2482 0.0000e+00
       7114     -1.100    -1.1542   0.000130    -0.0021    -0.2481 0.0000e+00
       7115     -1.103    -1.1534   0.000131    -0.0021    -0.2480 0.0000e+00
       7116     -1.105    -1.1530   0.000132    -0.0021    -0.2480 0.0000e+00
       7117     -1.103    -1.1530   0.000131    -0.0021    -0.2480 0.0000e+00
       7118     -1.100    -1.1534   0.000128    -0.0021    -0.2480 0.0000e+00
       7119     -1.099    -1.1534   0.000127    -0.0021    -0.2480 0.0000e+00
       7120     -1.101    -1.1530   0.000128    -0.0021    -0.2480 0.0000e+00
       7121     -1.106    -1.1527   0.000128    -0.0021    -0.2480 0.0000e+00
       7122     -1.109    -1.1529   0.000127    -0.0021    -0.2480 0.0000e+00
       7123     -1.108    -1.1537   0.000125    -0.0021    -0.2481 0.0000e+00
       7124     -1.104    -1.1547   0.000121    -0.0021    -0.2482 0.0000e+00
       7125     -1.101    -1.1555   0.000119    -0.0022    -0.2482 0.0000e+00
       7126     -1.099    -1.1557   0.000118    -0.0022    -0.2483 0.0000e+00
       7127     -1.100    -1.1555   0.000119    -0.0022    -0.2482 0.0000e+00
       7128     -1.103    -1.1551   0.000120    -0.0021    -0.2482 0.0000e+00
       7129     -1.103    -1.1549   0.000121    -0.0021    -0.2482 0.0000e+00
       7130     -1.100    -1.1546   0.000122    -0.0021    -0.2482 0.0000e+00
       7131     -1.100    -1.1544   0.000123    -0.0021    -0.2481 0.0000e+00
       7132     -1.101    -1.1544   0.000122    -0.0021    -0.2481 0.0000e+00
       7133     -1.102    -1.1549   0.000120    -0.0021    -0.2482 0.0000e+00
       7134     -1.103    -1.1558   0.000117    -0.0022    -0.2483 0.0000e+00
       7135     -1.103    -1.1567   0.000116    -0.0022    -0.2483 0.0000e+00
       7136     -1.102    -1.1573   0.000116    -0.0022    -0.2484 0.0000e+00
       7137     -1.102    -1.1576   0.000114    -0.0022    -0.2484 0.0000e+00
       7138     -1.103    -1.1577   0.000114    -0.0022    -0.2484 0.0000e+00
       7139     -1.104    -1.1578   0.000115    -0.0022    -0.2484 0.0000e+00
       7140     -1.106    -1.1580   0.000116    -0.0022    -0.2485 0.0000e+00
       7141     -1.106    -1.1584   0.000115    -0.0022    -0.2485 0.0000e+00
       7142     -1.104    -1.1587   0.000115    -0.0022    -0.2485 0.0000e+00
       7143     -1.100    -1.1591   0.000113    -0.0022    -0.2486 0.0000e+00
       7144     -1.098    -1.1595   0.000114    -0.0022    -0.2486 0.0000e+00
       7145     -1.098    -1.1599   0.000114    -0.0022    -0.2486 0.0000e+00
       7146     -1.099    -1.1600   0.000114    -0.0022    -0.2486 0.0000e+00
       7147     -1.100    -1.1601   0.000114    -0.0022    -0.2486 0.0000e+00
       7148     -1.100    -1.1604   0.000112    -0.0022    -0.2487 0.0000e+00
       7149     -1.101    -1.1609   0.000112    -0.0022    -0.2487 0.0000e+00
       7150     -1.104    -1.1613   0.000114    -0.0022    -0.2488 0.0000e+00
       7151     -1.106    -1.1616   0.000114    -0.0022    -0.2488 0.0000e+00
       7152     -1.106    -1.1623   0.000112    -0.0022    -0.2488 0.0000e+00
       7153     -1.105    -1.1628   0.000112    -0.0022    -0.2489 0.0000e+00
       7154     -1.104    -1.1629   0.000114    -0.0022    -0.2489 0.0000e+00
       7155     -1.106    -1.1628   0.000115    -0.0022    -0.2489 0.0000e+00
       7156     -1.109    -1.1627   0.000116    -0.0022    -0.2489 0.0000e+00
       7157     -1.112    -1.1628   0.000117    -0.0022    -0.2489 0.0000e+00
       7158     -1.112    -1.1636   0.000115    -0.0022    -0.2490 0.0000e+00
       7159     -1.107    -1.1652   0.000110    -0.0022    -0.2491 0.0000e+00
       7160     -1.103    -1.1673   0.000104    -0.0023    -0.2493 0.0000e+00
       7161     -1.100    -1.1688   0.000101    -0.0023    -0.2494 0.0000e+00
       7162     -1.097    -1.1691   0.000103    -0.0023    -0.2495 0.0000e+00
       7163     -1.098    -1.1688   0.000107    -0.0023    -0.2494 0.0000e+00
       7164     -1.102    -1.1687   0.000108    -0.0023    -0.2494 0.0000e+00
       7165     -1.103    -1.1685   0.000110    -0.0022    -0.2494 0.0000e+00
       7166     -1.103    -1.1680   0.000113    -0.0022    -0.2494 0.0000e+00
       7167     -1.104    -1.1674   0.000116    -0.0022    -0.2493 0.0000e+00
       7168     -1.106    -1.1669   0.000119    -0.0022    -0.2493 0.0000e+00
       7169     -1.107    -1.1669   0.000119    -0.0022    -0.2493 0.0000e+00
       7170     -1.107    -1.1672   0.000118    -0.0022    -0.2493 0.0000e+00
       7171     -1.106    -1.1680   0.000115    -0.0022    -0.2494 0.0000e+00
       7172     -1.105    -1.1688   0.000114    -0.0022    -0.2494 0.0000e+00
       7173     -1.103    -1.1698   0.000112    -0.0022    -0.2495 0.0000e+00
       7174     -1.101    -1.1709   0.000110    -0.0022    -0.2496 0.0000e+00
       7175     -1.097    -1.1717   0.000108    -0.0023    -0.2497 0.0000e+00
       7176     -1.095    -1.1717   0.000109    -0.0023    -0.2497 0.0000e+00
       7177     -1.098    -1.1713   0.000113    -0.0022    -0.2496 0.0000e+00
       7178     -1.103    -1.1709   0.000115    -0.0022    -0.2496 0.0000e+00
       7179     -1.106    -1.1706   0.000116    -0.0022    -0.2496 0.0000e+00
