Datasets/Multi_Species/TEL214/tel214_2020_026.cnv
* Sea-Bird SBE19plus Data File:
* Filename = C:/AQUIRE/tel214_2020_026.hex
* Software Version AquireV2 AF V2.0
* Temperature SN =  7853
* Conductivity SN =  7853
* System UpLoad Time = Nov 14 2020 20:07:32
* <ApplicationData>
* <AQUIREV2>
** VESSEL/TRIP/SEQ STN: tel214_2020_026
** LATITUDE: 53 55.19 N
** LONGITUDE: 52 46.00 W
** DATE/TIME: 2020-11-14 18:45
** SOUNDING DEPTH (M): 0599
** PROBE TYPE: S7853
** CTD NUMBER: 026
** COMMENTS: 
# nquan = 7                                 
# nvalues = 4760                        
# units = specified
# name 0 = scan: Scan Count
# name 1 = prdM: Pressure, Strain Gauge [db]
# name 2 = tv290C: Temperature [ITS-90, deg C]
# name 3 = c0S/m: Conductivity [S/m]
# name 4 = sal00: Salinity, Practical [PSU]
# name 5 = sigma-t00: Density [sigma-t, kg/m^3 ]
# name 6 = flag: flag
# span 0 =          1,       4760       
# span 1 =     -1.061,    602.647       
# span 2 =     0.0780,     4.0355       
# span 3 =   0.000041,   3.257891       
# span 4 =    -0.0017,    34.8184       
# span 5 =    -0.1522,    27.6550       
# span 6 = 0.0000e+00, 0.0000e+00       
# interval = seconds: 1
# start_time = Nov 14 2020 18:45:16 [Instrument's time stamp, header]
# bad_flag = -9.990e-29
*END*
[from data line 3283]
       3284    599.905     3.8956   3.257729    34.8158    27.6506 0.0000e+00
       3285    599.921     3.8956   3.257733    34.8159    27.6506 0.0000e+00
       3286    599.933     3.8956   3.257729    34.8158    27.6505 0.0000e+00
       3287    599.956     3.8956   3.257720    34.8157    27.6504 0.0000e+00
       3288    599.991     3.8956   3.257712    34.8156    27.6504 0.0000e+00
       3289    600.030     3.8956   3.257712    34.8156    27.6503 0.0000e+00
       3290    600.066     3.8956   3.257722    34.8157    27.6504 0.0000e+00
       3291    600.101     3.8957   3.257740    34.8158    27.6505 0.0000e+00
       3292    600.137     3.8960   3.257761    34.8157    27.6504 0.0000e+00
       3293    600.168     3.8962   3.257775    34.8156    27.6503 0.0000e+00
       3294    600.195     3.8964   3.257785    34.8155    27.6502 0.0000e+00
       3295    600.220     3.8964   3.257787    34.8155    27.6502 0.0000e+00
       3296    600.242     3.8965   3.257796    34.8155    27.6502 0.0000e+00
       3297    600.255     3.8967   3.257807    34.8154    27.6501 0.0000e+00
       3298    600.260     3.8967   3.257811    34.8155    27.6501 0.0000e+00
       3299    600.273     3.8967   3.257811    34.8155    27.6501 0.0000e+00
       3300    600.307     3.8967   3.257815    34.8155    27.6502 0.0000e+00
       3301    600.352     3.8966   3.257813    34.8156    27.6502 0.0000e+00
       3302    600.382     3.8964   3.257807    34.8157    27.6503 0.0000e+00
       3303    600.385     3.8964   3.257800    34.8156    27.6503 0.0000e+00
       3304    600.372     3.8964   3.257794    34.8155    27.6502 0.0000e+00
       3305    600.364     3.8964   3.257787    34.8154    27.6502 0.0000e+00
       3306    600.377     3.8964   3.257782    34.8154    27.6501 0.0000e+00
       3307    600.410     3.8964   3.257783    34.8154    27.6501 0.0000e+00
       3308    600.454     3.8964   3.257786    34.8154    27.6501 0.0000e+00
       3309    600.497     3.8964   3.257790    34.8154    27.6501 0.0000e+00
       3310    600.525     3.8964   3.257800    34.8155    27.6502 0.0000e+00
       3311    600.535     3.8964   3.257812    34.8157    27.6503 0.0000e+00
       3312    600.540     3.8965   3.257820    34.8156    27.6503 0.0000e+00
       3313    600.549     3.8966   3.257821    34.8155    27.6502 0.0000e+00
       3314    600.561     3.8967   3.257822    34.8154    27.6501 0.0000e+00
       3315    600.574     3.8967   3.257823    34.8154    27.6501 0.0000e+00
       3316    600.588     3.8967   3.257827    34.8155    27.6502 0.0000e+00
       3317    600.600     3.8967   3.257834    34.8156    27.6502 0.0000e+00
       3318    600.607     3.8967   3.257838    34.8156    27.6502 0.0000e+00
       3319    600.612     3.8968   3.257838    34.8155    27.6502 0.0000e+00
       3320    600.622     3.8968   3.257842    34.8155    27.6502 0.0000e+00
       3321    600.639     3.8968   3.257847    34.8156    27.6502 0.0000e+00
       3322    600.658     3.8969   3.257845    34.8155    27.6501 0.0000e+00
       3323    600.673     3.8969   3.257842    34.8154    27.6501 0.0000e+00
       3324    600.681     3.8968   3.257833    34.8154    27.6501 0.0000e+00
       3325    600.681     3.8967   3.257821    34.8154    27.6501 0.0000e+00
       3326    600.673     3.8967   3.257814    34.8153    27.6500 0.0000e+00
       3327    600.657     3.8966   3.257813    34.8154    27.6501 0.0000e+00
       3328    600.638     3.8966   3.257815    34.8154    27.6501 0.0000e+00
       3329    600.631     3.8967   3.257816    34.8153    27.6500 0.0000e+00
       3330    600.646     3.8967   3.257820    34.8154    27.6501 0.0000e+00
       3331    600.681     3.8967   3.257823    34.8154    27.6501 0.0000e+00
       3332    600.713     3.8967   3.257827    34.8154    27.6501 0.0000e+00
       3333    600.721     3.8967   3.257831    34.8155    27.6501 0.0000e+00
       3334    600.705     3.8967   3.257831    34.8155    27.6501 0.0000e+00
       3335    600.675     3.8967   3.257832    34.8155    27.6502 0.0000e+00
       3336    600.643     3.8967   3.257830    34.8155    27.6502 0.0000e+00
       3337    600.621     3.8967   3.257826    34.8155    27.6501 0.0000e+00
       3338    600.619     3.8966   3.257822    34.8155    27.6502 0.0000e+00
       3339    600.635     3.8965   3.257818    34.8156    27.6502 0.0000e+00
       3340    600.657     3.8964   3.257815    34.8156    27.6503 0.0000e+00
       3341    600.672     3.8964   3.257811    34.8156    27.6502 0.0000e+00
       3342    600.671     3.8964   3.257808    34.8155    27.6502 0.0000e+00
       3343    600.653     3.8964   3.257806    34.8155    27.6502 0.0000e+00
       3344    600.627     3.8964   3.257803    34.8155    27.6502 0.0000e+00
       3345    600.607     3.8964   3.257804    34.8155    27.6502 0.0000e+00
       3346    600.600     3.8964   3.257805    34.8155    27.6502 0.0000e+00
       3347    600.596     3.8964   3.257803    34.8155    27.6502 0.0000e+00
       3348    600.578     3.8964   3.257801    34.8155    27.6502 0.0000e+00
       3349    600.541     3.8964   3.257797    34.8155    27.6502 0.0000e+00
       3350    600.495     3.8964   3.257794    34.8155    27.6502 0.0000e+00
       3351    600.458     3.8963   3.257793    34.8156    27.6503 0.0000e+00
       3352    600.439     3.8963   3.257792    34.8156    27.6503 0.0000e+00
       3353    600.432     3.8963   3.257792    34.8156    27.6503 0.0000e+00
       3354    600.416     3.8963   3.257794    34.8156    27.6503 0.0000e+00
       3355    600.383     3.8962   3.257791    34.8157    27.6504 0.0000e+00
       3356    600.341     3.8962   3.257785    34.8156    27.6503 0.0000e+00
       3357    600.301     3.8962   3.257777    34.8156    27.6503 0.0000e+00
       3358    600.268     3.8961   3.257769    34.8156    27.6503 0.0000e+00
       3359    600.238     3.8960   3.257762    34.8156    27.6503 0.0000e+00
       3360    600.206     3.8960   3.257757    34.8156    27.6503 0.0000e+00
       3361    600.163     3.8960   3.257757    34.8156    27.6503 0.0000e+00
       3362    600.110     3.8961   3.257760    34.8156    27.6503 0.0000e+00
       3363    600.049     3.8963   3.257762    34.8154    27.6501 0.0000e+00
       3364    599.986     3.8963   3.257760    34.8154    27.6501 0.0000e+00
       3365    599.933     3.8963   3.257758    34.8154    27.6502 0.0000e+00
       3366    599.898     3.8963   3.257759    34.8155    27.6502 0.0000e+00
       3367    599.871     3.8963   3.257760    34.8155    27.6502 0.0000e+00
       3368    599.833     3.8963   3.257755    34.8155    27.6502 0.0000e+00
       3369    599.774     3.8962   3.257751    34.8155    27.6502 0.0000e+00
       3370    599.691     3.8960   3.257746    34.8157    27.6504 0.0000e+00
       3371    599.592     3.8960   3.257736    34.8157    27.6504 0.0000e+00
       3372    599.488     3.8960   3.257724    34.8156    27.6503 0.0000e+00
       3373    599.395     3.8960   3.257720    34.8156    27.6503 0.0000e+00
       3374    599.333     3.8960   3.257715    34.8156    27.6503 0.0000e+00
       3375    599.307     3.8959   3.257705    34.8156    27.6503 0.0000e+00
       3376    599.301     3.8958   3.257689    34.8155    27.6502 0.0000e+00
       3377    599.287     3.8956   3.257667    34.8154    27.6502 0.0000e+00
       3378    599.240     3.8955   3.257653    34.8154    27.6502 0.0000e+00
       3379    599.169     3.8954   3.257649    34.8155    27.6503 0.0000e+00
       3380    599.107     3.8953   3.257647    34.8156    27.6504 0.0000e+00
       3381    599.076     3.8953   3.257644    34.8156    27.6504 0.0000e+00
       3382    599.065     3.8954   3.257648    34.8155    27.6503 0.0000e+00
       3383    599.044     3.8955   3.257657    34.8156    27.6503 0.0000e+00
       3384    598.994     3.8955   3.257662    34.8156    27.6504 0.0000e+00
       3385    598.930     3.8955   3.257661    34.8157    27.6504 0.0000e+00
       3386    598.877     3.8954   3.257662    34.8158    27.6505 0.0000e+00
       3387    598.838     3.8954   3.257657    34.8158    27.6505 0.0000e+00
       3388    598.805     3.8953   3.257644    34.8157    27.6505 0.0000e+00
       3389    598.772     3.8952   3.257631    34.8157    27.6505 0.0000e+00
       3390    598.742     3.8951   3.257623    34.8157    27.6505 0.0000e+00
       3391    598.723     3.8950   3.257617    34.8158    27.6506 0.0000e+00
       3392    598.724     3.8950   3.257613    34.8157    27.6505 0.0000e+00
       3393    598.730     3.8950   3.257615    34.8157    27.6505 0.0000e+00
       3394    598.715     3.8950   3.257622    34.8158    27.6506 0.0000e+00
       3395    598.669     3.8951   3.257620    34.8157    27.6505 0.0000e+00
       3396    598.609     3.8952   3.257617    34.8156    27.6504 0.0000e+00
       3397    598.566     3.8952   3.257619    34.8157    27.6505 0.0000e+00
       3398    598.564     3.8950   3.257618    34.8159    27.6506 0.0000e+00
       3399    598.603     3.8950   3.257616    34.8158    27.6506 0.0000e+00
       3400    598.652     3.8952   3.257620    34.8156    27.6504 0.0000e+00
       3401    598.671     3.8952   3.257624    34.8157    27.6505 0.0000e+00
       3402    598.645     3.8952   3.257625    34.8157    27.6505 0.0000e+00
       3403    598.602     3.8950   3.257623    34.8159    27.6507 0.0000e+00
       3404    598.578     3.8950   3.257622    34.8159    27.6507 0.0000e+00
       3405    598.581     3.8950   3.257622    34.8159    27.6507 0.0000e+00
       3406    598.602     3.8950   3.257624    34.8159    27.6507 0.0000e+00
       3407    598.627     3.8951   3.257624    34.8158    27.6506 0.0000e+00
       3408    598.650     3.8950   3.257621    34.8159    27.6506 0.0000e+00
       3409    598.675     3.8950   3.257618    34.8158    27.6506 0.0000e+00
       3410    598.704     3.8950   3.257619    34.8158    27.6506 0.0000e+00
       3411    598.727     3.8950   3.257618    34.8158    27.6506 0.0000e+00
       3412    598.741     3.8949   3.257607    34.8158    27.6505 0.0000e+00
       3413    598.752     3.8949   3.257599    34.8157    27.6505 0.0000e+00
       3414    598.764     3.8948   3.257597    34.8157    27.6505 0.0000e+00
       3415    598.776     3.8948   3.257594    34.8157    27.6505 0.0000e+00
       3416    598.788     3.8948   3.257598    34.8157    27.6505 0.0000e+00
       3417    598.796     3.8948   3.257604    34.8158    27.6506 0.0000e+00
       3418    598.803     3.8948   3.257607    34.8158    27.6506 0.0000e+00
       3419    598.816     3.8948   3.257603    34.8158    27.6506 0.0000e+00
       3420    598.839     3.8946   3.257599    34.8159    27.6507 0.0000e+00
       3421    598.879     3.8946   3.257603    34.8159    27.6507 0.0000e+00
       3422    598.951     3.8946   3.257609    34.8160    27.6508 0.0000e+00
       3423    599.055     3.8946   3.257620    34.8161    27.6508 0.0000e+00
       3424    599.171     3.8948   3.257638    34.8160    27.6508 0.0000e+00
       3425    599.286     3.8950   3.257658    34.8160    27.6507 0.0000e+00
       3426    599.397     3.8954   3.257688    34.8158    27.6506 0.0000e+00
       3427    599.507     3.8958   3.257730    34.8159    27.6505 0.0000e+00
       3428    599.613     3.8963   3.257778    34.8158    27.6505 0.0000e+00
       3429    599.716     3.8968   3.257811    34.8156    27.6503 0.0000e+00
       3430    599.819     3.8971   3.257829    34.8155    27.6501 0.0000e+00
       3431    599.916     3.8973   3.257840    34.8154    27.6500 0.0000e+00
       3432    600.005     3.8972   3.257841    34.8154    27.6501 0.0000e+00
       3433    600.082     3.8971   3.257841    34.8155    27.6501 0.0000e+00
       3434    600.146     3.8971   3.257850    34.8156    27.6502 0.0000e+00
       3435    600.207     3.8971   3.257861    34.8157    27.6503 0.0000e+00
       3436    600.275     3.8972   3.257867    34.8156    27.6502 0.0000e+00
       3437    600.353     3.8973   3.257868    34.8155    27.6501 0.0000e+00
       3438    600.433     3.8971   3.257869    34.8156    27.6502 0.0000e+00
       3439    600.500     3.8971   3.257872    34.8156    27.6502 0.0000e+00
       3440    600.542     3.8971   3.257873    34.8156    27.6502 0.0000e+00
       3441    600.567     3.8971   3.257870    34.8156    27.6502 0.0000e+00
       3442    600.592     3.8971   3.257867    34.8155    27.6501 0.0000e+00
       3443    600.625     3.8971   3.257866    34.8155    27.6501 0.0000e+00
       3444    600.660     3.8971   3.257869    34.8155    27.6501 0.0000e+00
       3445    600.690     3.8972   3.257875    34.8155    27.6501 0.0000e+00
       3446    600.713     3.8973   3.257879    34.8154    27.6500 0.0000e+00
       3447    600.730     3.8973   3.257880    34.8154    27.6500 0.0000e+00
       3448    600.742     3.8973   3.257885    34.8155    27.6501 0.0000e+00
       3449    600.749     3.8973   3.257886    34.8155    27.6501 0.0000e+00
       3450    600.749     3.8974   3.257884    34.8153    27.6500 0.0000e+00
       3451    600.738     3.8974   3.257887    34.8154    27.6500 0.0000e+00
       3452    600.716     3.8974   3.257891    34.8154    27.6500 0.0000e+00
       3453    600.687     3.8974   3.257890    34.8154    27.6500 0.0000e+00
       3454    600.663     3.8973   3.257886    34.8155    27.6501 0.0000e+00
       3455    600.646     3.8973   3.257888    34.8155    27.6501 0.0000e+00
       3456    600.629     3.8973   3.257887    34.8155    27.6501 0.0000e+00
       3457    600.603     3.8973   3.257884    34.8155    27.6501 0.0000e+00
       3458    600.566     3.8973   3.257881    34.8155    27.6501 0.0000e+00
       3459    600.519     3.8974   3.257881    34.8154    27.6500 0.0000e+00
       3460    600.466     3.8974   3.257881    34.8155    27.6501 0.0000e+00
       3461    600.418     3.8974   3.257880    34.8155    27.6501 0.0000e+00
       3462    600.372     3.8974   3.257872    34.8154    27.6500 0.0000e+00
       3463    600.322     3.8974   3.257861    34.8153    27.6499 0.0000e+00
       3464    600.264     3.8973   3.257850    34.8153    27.6499 0.0000e+00
       3465    600.201     3.8972   3.257843    34.8154    27.6500 0.0000e+00
       3466    600.136     3.8971   3.257835    34.8154    27.6500 0.0000e+00
       3467    600.072     3.8969   3.257826    34.8155    27.6502 0.0000e+00
       3468    600.010     3.8968   3.257820    34.8156    27.6502 0.0000e+00
       3469    599.953     3.8968   3.257820    34.8156    27.6503 0.0000e+00
       3470    599.901     3.8968   3.257820    34.8157    27.6503 0.0000e+00
       3471    599.845     3.8968   3.257818    34.8157    27.6503 0.0000e+00
       3472    599.777     3.8969   3.257819    34.8156    27.6502 0.0000e+00
       3473    599.702     3.8969   3.257821    34.8157    27.6503 0.0000e+00
       3474    599.627     3.8969   3.257820    34.8157    27.6503 0.0000e+00
       3475    599.560     3.8969   3.257819    34.8157    27.6503 0.0000e+00
       3476    599.501     3.8969   3.257813    34.8157    27.6503 0.0000e+00
       3477    599.443     3.8969   3.257803    34.8156    27.6502 0.0000e+00
       3478    599.381     3.8969   3.257797    34.8156    27.6502 0.0000e+00
       3479    599.313     3.8969   3.257793    34.8155    27.6502 0.0000e+00
       3480    599.241     3.8969   3.257786    34.8155    27.6501 0.0000e+00
       3481    599.170     3.8969   3.257779    34.8155    27.6501 0.0000e+00
       3482    599.101     3.8969   3.257778    34.8155    27.6501 0.0000e+00
       3483    599.034     3.8969   3.257778    34.8155    27.6501 0.0000e+00
       3484    598.966     3.8969   3.257776    34.8155    27.6502 0.0000e+00
       3485    598.888     3.8969   3.257776    34.8156    27.6502 0.0000e+00
       3486    598.800     3.8969   3.257771    34.8156    27.6502 0.0000e+00
       3487    598.714     3.8968   3.257761    34.8156    27.6502 0.0000e+00
