Datasets/Multi_Species/TEL214/tel214_2020_030.cnv
* Sea-Bird SBE19plus Data File:
* Filename = C:/AQUIRE/tel214_2020_030.hex
* Software Version AquireV2 AF V2.0
* Temperature SN =  7853
* Conductivity SN =  7853
* System UpLoad Time = Nov 15 2020 07:48:08
* <ApplicationData>
* <AQUIREV2>
** VESSEL/TRIP/SEQ STN: tel214_2020_030
** LATITUDE: 53 08.83 N
** LONGITUDE: 52 29.65 W
** DATE/TIME: 2020-11-15 06:24
** SOUNDING DEPTH (M): 0434
** PROBE TYPE: S7853
** CTD NUMBER: 030
** COMMENTS: 
# nquan = 7                                 
# nvalues = 4880                        
# units = specified
# name 0 = scan: Scan Count
# name 1 = prdM: Pressure, Strain Gauge [db]
# name 2 = tv290C: Temperature [ITS-90, deg C]
# name 3 = c0S/m: Conductivity [S/m]
# name 4 = sal00: Salinity, Practical [PSU]
# name 5 = sigma-t00: Density [sigma-t, kg/m^3 ]
# name 6 = flag: flag
# span 0 =          1,       4880       
# span 1 =     -1.083,    440.973       
# span 2 =     0.4658,     3.7550       
# span 3 =  -0.000109,   3.218792       
# span 4 =    -0.0010,    34.7809       
# span 5 =    -0.1277,    27.6623       
# span 6 = 0.0000e+00, 0.0000e+00       
# interval = seconds: 1
# start_time = Nov 15 2020 06:24:12 [Instrument's time stamp, header]
# bad_flag = -9.990e-29
*END*
[from data line 3077]
       3078    435.579     3.4741   3.209121    34.7705    27.6568 0.0000e+00
       3079    435.643     3.4741   3.209129    34.7706    27.6569 0.0000e+00
       3080    435.668     3.4741   3.209131    34.7706    27.6569 0.0000e+00
       3081    435.666     3.4741   3.209130    34.7706    27.6569 0.0000e+00
       3082    435.674     3.4741   3.209131    34.7706    27.6569 0.0000e+00
       3083    435.704     3.4741   3.209133    34.7706    27.6569 0.0000e+00
       3084    435.747     3.4741   3.209135    34.7706    27.6569 0.0000e+00
       3085    435.801     3.4741   3.209141    34.7706    27.6569 0.0000e+00
       3086    435.868     3.4743   3.209146    34.7704    27.6568 0.0000e+00
       3087    435.940     3.4744   3.209150    34.7703    27.6567 0.0000e+00
       3088    435.999     3.4745   3.209154    34.7703    27.6566 0.0000e+00
       3089    436.033     3.4745   3.209167    34.7704    27.6567 0.0000e+00
       3090    436.047     3.4747   3.209187    34.7704    27.6567 0.0000e+00
       3091    436.059     3.4747   3.209195    34.7705    27.6568 0.0000e+00
       3092    436.074     3.4746   3.209190    34.7705    27.6568 0.0000e+00
       3093    436.091     3.4745   3.209190    34.7706    27.6569 0.0000e+00
       3094    436.118     3.4745   3.209192    34.7707    27.6569 0.0000e+00
       3095    436.151     3.4745   3.209191    34.7706    27.6569 0.0000e+00
       3096    436.176     3.4745   3.209191    34.7706    27.6569 0.0000e+00
       3097    436.187     3.4745   3.209191    34.7706    27.6569 0.0000e+00
       3098    436.194     3.4745   3.209191    34.7706    27.6569 0.0000e+00
       3099    436.219     3.4745   3.209190    34.7706    27.6569 0.0000e+00
       3100    436.275     3.4745   3.209192    34.7706    27.6569 0.0000e+00
       3101    436.348     3.4745   3.209201    34.7706    27.6569 0.0000e+00
       3102    436.412     3.4745   3.209208    34.7707    27.6569 0.0000e+00
       3103    436.461     3.4745   3.209211    34.7707    27.6570 0.0000e+00
       3104    436.504     3.4745   3.209212    34.7707    27.6569 0.0000e+00
       3105    436.545     3.4745   3.209213    34.7707    27.6569 0.0000e+00
       3106    436.582     3.4745   3.209216    34.7707    27.6569 0.0000e+00
       3107    436.620     3.4745   3.209219    34.7707    27.6570 0.0000e+00
       3108    436.660     3.4745   3.209221    34.7707    27.6570 0.0000e+00
       3109    436.702     3.4746   3.209224    34.7706    27.6569 0.0000e+00
       3110    436.744     3.4747   3.209227    34.7705    27.6568 0.0000e+00
       3111    436.784     3.4748   3.209232    34.7705    27.6567 0.0000e+00
       3112    436.830     3.4748   3.209239    34.7705    27.6568 0.0000e+00
       3113    436.883     3.4749   3.209250    34.7705    27.6568 0.0000e+00
       3114    436.930     3.4749   3.209258    34.7706    27.6568 0.0000e+00
       3115    436.952     3.4749   3.209260    34.7706    27.6568 0.0000e+00
       3116    436.958     3.4749   3.209260    34.7706    27.6568 0.0000e+00
       3117    436.974     3.4749   3.209259    34.7706    27.6568 0.0000e+00
       3118    437.016     3.4749   3.209257    34.7705    27.6568 0.0000e+00
       3119    437.075     3.4749   3.209252    34.7704    27.6567 0.0000e+00
       3120    437.127     3.4748   3.209244    34.7704    27.6567 0.0000e+00
       3121    437.162     3.4747   3.209242    34.7705    27.6568 0.0000e+00
       3122    437.187     3.4747   3.209248    34.7705    27.6568 0.0000e+00
       3123    437.210     3.4748   3.209255    34.7705    27.6568 0.0000e+00
       3124    437.232     3.4749   3.209264    34.7705    27.6567 0.0000e+00
       3125    437.255     3.4749   3.209275    34.7706    27.6568 0.0000e+00
       3126    437.276     3.4749   3.209283    34.7707    27.6569 0.0000e+00
       3127    437.290     3.4749   3.209287    34.7707    27.6569 0.0000e+00
       3128    437.299     3.4749   3.209287    34.7707    27.6569 0.0000e+00
       3129    437.309     3.4749   3.209288    34.7707    27.6569 0.0000e+00
       3130    437.319     3.4751   3.209295    34.7706    27.6568 0.0000e+00
       3131    437.321     3.4752   3.209305    34.7706    27.6568 0.0000e+00
       3132    437.310     3.4753   3.209314    34.7706    27.6568 0.0000e+00
       3133    437.291     3.4753   3.209317    34.7707    27.6569 0.0000e+00
       3134    437.274     3.4753   3.209315    34.7707    27.6568 0.0000e+00
       3135    437.266     3.4753   3.209310    34.7706    27.6568 0.0000e+00
       3136    437.269     3.4753   3.209310    34.7706    27.6568 0.0000e+00
       3137    437.283     3.4753   3.209320    34.7707    27.6569 0.0000e+00
       3138    437.293     3.4753   3.209328    34.7708    27.6570 0.0000e+00
       3139    437.284     3.4753   3.209328    34.7708    27.6570 0.0000e+00
       3140    437.256     3.4754   3.209323    34.7707    27.6568 0.0000e+00
       3141    437.228     3.4753   3.209316    34.7707    27.6569 0.0000e+00
       3142    437.224     3.4753   3.209313    34.7707    27.6568 0.0000e+00
       3143    437.250     3.4753   3.209312    34.7706    27.6568 0.0000e+00
       3144    437.278     3.4753   3.209319    34.7707    27.6569 0.0000e+00
       3145    437.277     3.4754   3.209329    34.7707    27.6569 0.0000e+00
       3146    437.244     3.4755   3.209330    34.7706    27.6568 0.0000e+00
       3147    437.212     3.4756   3.209330    34.7705    27.6567 0.0000e+00
       3148    437.212     3.4756   3.209333    34.7706    27.6568 0.0000e+00
       3149    437.248     3.4756   3.209337    34.7706    27.6568 0.0000e+00
       3150    437.291     3.4756   3.209344    34.7707    27.6568 0.0000e+00
       3151    437.312     3.4756   3.209342    34.7706    27.6568 0.0000e+00
       3152    437.313     3.4756   3.209338    34.7706    27.6568 0.0000e+00
       3153    437.324     3.4756   3.209336    34.7706    27.6567 0.0000e+00
       3154    437.362     3.4756   3.209334    34.7705    27.6567 0.0000e+00
       3155    437.417     3.4756   3.209344    34.7706    27.6568 0.0000e+00
       3156    437.466     3.4756   3.209359    34.7708    27.6569 0.0000e+00
       3157    437.500     3.4756   3.209364    34.7708    27.6569 0.0000e+00
       3158    437.528     3.4756   3.209361    34.7707    27.6569 0.0000e+00
       3159    437.559     3.4757   3.209364    34.7707    27.6568 0.0000e+00
       3160    437.596     3.4757   3.209368    34.7707    27.6568 0.0000e+00
       3161    437.639     3.4757   3.209373    34.7707    27.6569 0.0000e+00
       3162    437.689     3.4758   3.209386    34.7707    27.6569 0.0000e+00
       3163    437.741     3.4760   3.209401    34.7707    27.6568 0.0000e+00
       3164    437.788     3.4760   3.209415    34.7708    27.6569 0.0000e+00
       3165    437.824     3.4760   3.209423    34.7709    27.6570 0.0000e+00
       3166    437.855     3.4760   3.209422    34.7709    27.6570 0.0000e+00
       3167    437.891     3.4760   3.209418    34.7708    27.6569 0.0000e+00
       3168    437.938     3.4760   3.209413    34.7707    27.6568 0.0000e+00
       3169    437.989     3.4760   3.209409    34.7707    27.6568 0.0000e+00
       3170    438.037     3.4760   3.209406    34.7706    27.6567 0.0000e+00
       3171    438.087     3.4759   3.209407    34.7707    27.6568 0.0000e+00
       3172    438.140     3.4759   3.209409    34.7707    27.6568 0.0000e+00
       3173    438.184     3.4759   3.209413    34.7707    27.6568 0.0000e+00
       3174    438.215     3.4759   3.209416    34.7707    27.6568 0.0000e+00
       3175    438.240     3.4759   3.209419    34.7707    27.6569 0.0000e+00
       3176    438.274     3.4759   3.209423    34.7708    27.6569 0.0000e+00
       3177    438.320     3.4759   3.209424    34.7708    27.6569 0.0000e+00
       3178    438.373     3.4759   3.209421    34.7707    27.6568 0.0000e+00
       3179    438.425     3.4759   3.209417    34.7706    27.6568 0.0000e+00
       3180    438.470     3.4759   3.209417    34.7706    27.6567 0.0000e+00
       3181    438.508     3.4758   3.209414    34.7706    27.6568 0.0000e+00
       3182    438.541     3.4757   3.209411    34.7707    27.6568 0.0000e+00
       3183    438.576     3.4757   3.209420    34.7708    27.6569 0.0000e+00
       3184    438.617     3.4758   3.209438    34.7709    27.6570 0.0000e+00
       3185    438.668     3.4760   3.209460    34.7709    27.6570 0.0000e+00
       3186    438.720     3.4761   3.209475    34.7709    27.6570 0.0000e+00
       3187    438.766     3.4763   3.209481    34.7708    27.6568 0.0000e+00
       3188    438.805     3.4764   3.209485    34.7707    27.6568 0.0000e+00
       3189    438.841     3.4764   3.209482    34.7706    27.6567 0.0000e+00
       3190    438.873     3.4764   3.209480    34.7706    27.6567 0.0000e+00
       3191    438.901     3.4763   3.209476    34.7706    27.6567 0.0000e+00
       3192    438.926     3.4762   3.209467    34.7706    27.6567 0.0000e+00
       3193    438.959     3.4760   3.209463    34.7708    27.6569 0.0000e+00
       3194    439.008     3.4760   3.209470    34.7708    27.6569 0.0000e+00
       3195    439.060     3.4760   3.209482    34.7710    27.6570 0.0000e+00
       3196    439.100     3.4761   3.209492    34.7709    27.6570 0.0000e+00
       3197    439.128     3.4763   3.209500    34.7708    27.6569 0.0000e+00
       3198    439.154     3.4764   3.209507    34.7708    27.6568 0.0000e+00
       3199    439.187     3.4764   3.209513    34.7708    27.6569 0.0000e+00
       3200    439.227     3.4764   3.209520    34.7709    27.6569 0.0000e+00
       3201    439.267     3.4764   3.209523    34.7709    27.6569 0.0000e+00
       3202    439.304     3.4764   3.209521    34.7709    27.6569 0.0000e+00
       3203    439.342     3.4764   3.209519    34.7708    27.6569 0.0000e+00
       3204    439.382     3.4764   3.209523    34.7708    27.6569 0.0000e+00
       3205    439.422     3.4764   3.209535    34.7710    27.6570 0.0000e+00
       3206    439.457     3.4766   3.209543    34.7708    27.6569 0.0000e+00
       3207    439.492     3.4766   3.209548    34.7709    27.6569 0.0000e+00
       3208    439.531     3.4766   3.209550    34.7709    27.6569 0.0000e+00
       3209    439.570     3.4766   3.209548    34.7708    27.6569 0.0000e+00
       3210    439.607     3.4767   3.209552    34.7708    27.6568 0.0000e+00
       3211    439.644     3.4767   3.209558    34.7708    27.6568 0.0000e+00
       3212    439.677     3.4767   3.209561    34.7708    27.6568 0.0000e+00
       3213    439.705     3.4767   3.209562    34.7708    27.6568 0.0000e+00
       3214    439.728     3.4767   3.209562    34.7708    27.6568 0.0000e+00
       3215    439.753     3.4767   3.209559    34.7708    27.6568 0.0000e+00
       3216    439.784     3.4767   3.209560    34.7708    27.6568 0.0000e+00
       3217    439.820     3.4767   3.209566    34.7708    27.6568 0.0000e+00
       3218    439.857     3.4768   3.209570    34.7707    27.6568 0.0000e+00
       3219    439.884     3.4768   3.209570    34.7707    27.6567 0.0000e+00
       3220    439.893     3.4768   3.209568    34.7707    27.6567 0.0000e+00
       3221    439.880     3.4768   3.209563    34.7706    27.6567 0.0000e+00
       3222    439.862     3.4767   3.209566    34.7708    27.6568 0.0000e+00
       3223    439.869     3.4767   3.209570    34.7708    27.6568 0.0000e+00
       3224    439.912     3.4768   3.209575    34.7708    27.6568 0.0000e+00
       3225    439.970     3.4768   3.209578    34.7708    27.6568 0.0000e+00
       3226    440.015     3.4768   3.209582    34.7708    27.6568 0.0000e+00
       3227    440.043     3.4768   3.209586    34.7708    27.6568 0.0000e+00
       3228    440.068     3.4768   3.209588    34.7708    27.6568 0.0000e+00
       3229    440.097     3.4768   3.209588    34.7708    27.6568 0.0000e+00
       3230    440.129     3.4768   3.209592    34.7708    27.6568 0.0000e+00
       3231    440.160     3.4768   3.209601    34.7709    27.6569 0.0000e+00
       3232    440.181     3.4769   3.209610    34.7709    27.6569 0.0000e+00
       3233    440.190     3.4771   3.209614    34.7708    27.6567 0.0000e+00
       3234    440.196     3.4771   3.209619    34.7708    27.6568 0.0000e+00
       3235    440.214     3.4771   3.209623    34.7709    27.6568 0.0000e+00
       3236    440.240     3.4771   3.209624    34.7708    27.6568 0.0000e+00
       3237    440.267     3.4771   3.209625    34.7708    27.6568 0.0000e+00
       3238    440.294     3.4771   3.209622    34.7708    27.6568 0.0000e+00
       3239    440.321     3.4771   3.209617    34.7707    27.6567 0.0000e+00
       3240    440.341     3.4770   3.209612    34.7708    27.6568 0.0000e+00
       3241    440.349     3.4768   3.209608    34.7709    27.6569 0.0000e+00
       3242    440.340     3.4768   3.209605    34.7709    27.6569 0.0000e+00
       3243    440.321     3.4768   3.209601    34.7708    27.6569 0.0000e+00
       3244    440.316     3.4768   3.209595    34.7708    27.6568 0.0000e+00
       3245    440.344     3.4768   3.209589    34.7707    27.6567 0.0000e+00
       3246    440.392     3.4768   3.209591    34.7707    27.6567 0.0000e+00
       3247    440.424     3.4768   3.209608    34.7709    27.6569 0.0000e+00
       3248    440.416     3.4770   3.209625    34.7709    27.6569 0.0000e+00
       3249    440.375     3.4771   3.209630    34.7708    27.6568 0.0000e+00
       3250    440.334     3.4771   3.209629    34.7709    27.6568 0.0000e+00
       3251    440.328     3.4771   3.209629    34.7709    27.6568 0.0000e+00
       3252    440.365     3.4771   3.209631    34.7709    27.6568 0.0000e+00
       3253    440.422     3.4772   3.209638    34.7708    27.6568 0.0000e+00
       3254    440.462     3.4772   3.209646    34.7709    27.6568 0.0000e+00
       3255    440.469     3.4772   3.209652    34.7710    27.6569 0.0000e+00
       3256    440.452     3.4772   3.209653    34.7710    27.6569 0.0000e+00
       3257    440.425     3.4772   3.209648    34.7709    27.6569 0.0000e+00
       3258    440.401     3.4772   3.209643    34.7709    27.6568 0.0000e+00
       3259    440.399     3.4772   3.209644    34.7709    27.6569 0.0000e+00
       3260    440.432     3.4772   3.209649    34.7709    27.6569 0.0000e+00
       3261    440.486     3.4772   3.209660    34.7710    27.6570 0.0000e+00
       3262    440.523     3.4773   3.209675    34.7711    27.6570 0.0000e+00
       3263    440.522     3.4775   3.209681    34.7710    27.6569 0.0000e+00
       3264    440.493     3.4775   3.209682    34.7710    27.6569 0.0000e+00
       3265    440.463     3.4775   3.209682    34.7710    27.6569 0.0000e+00
       3266    440.461     3.4775   3.209684    34.7710    27.6569 0.0000e+00
       3267    440.490     3.4775   3.209687    34.7710    27.6569 0.0000e+00
       3268    440.533     3.4775   3.209683    34.7710    27.6569 0.0000e+00
       3269    440.571     3.4775   3.209672    34.7708    27.6568 0.0000e+00
       3270    440.597     3.4774   3.209662    34.7708    27.6567 0.0000e+00
       3271    440.614     3.4773   3.209660    34.7709    27.6568 0.0000e+00
       3272    440.626     3.4773   3.209667    34.7709    27.6569 0.0000e+00
       3273    440.637     3.4773   3.209669    34.7710    27.6569 0.0000e+00
       3274    440.653     3.4773   3.209668    34.7709    27.6569 0.0000e+00
       3275    440.682     3.4773   3.209669    34.7709    27.6569 0.0000e+00
       3276    440.708     3.4773   3.209669    34.7709    27.6569 0.0000e+00
       3277    440.703     3.4773   3.209666    34.7709    27.6568 0.0000e+00
       3278    440.656     3.4772   3.209660    34.7710    27.6569 0.0000e+00
       3279    440.592     3.4772   3.209655    34.7709    27.6569 0.0000e+00
       3280    440.556     3.4772   3.209656    34.7710    27.6569 0.0000e+00
       3281    440.570     3.4772   3.209664    34.7710    27.6570 0.0000e+00
       3282    440.612     3.4772   3.209669    34.7711    27.6570 0.0000e+00
