Datasets/Multi_Species/TEL214/tel214_2020_012.cnv
* Sea-Bird SBE19plus Data File:
* Filename = C:/AQUIRE/tel214_2020_012.hex
* Software Version AquireV2 AF V2.0
* Temperature SN =  7853
* Conductivity SN =  7853
* System UpLoad Time = Nov 10 2020 00:00:59
* <ApplicationData>
* <AQUIREV2>
** VESSEL/TRIP/SEQ STN: tel214_2020_012
** LATITUDE: 55 03.37 N
** LONGITUDE: 54 19.09 W
** DATE/TIME: 2020-11-09 22:17
** SOUNDING DEPTH (M): 0560
** PROBE TYPE: S7853
** CTD NUMBER: 012
** COMMENTS: 
# nquan = 7                                 
# nvalues = 5899                        
# units = specified
# name 0 = scan: Scan Count
# name 1 = prdM: Pressure, Strain Gauge [db]
# name 2 = tv290C: Temperature [ITS-90, deg C]
# name 3 = c0S/m: Conductivity [S/m]
# name 4 = sal00: Salinity, Practical [PSU]
# name 5 = sigma-t00: Density [sigma-t, kg/m^3 ]
# name 6 = flag: flag
# span 0 =          1,       5899       
# span 1 =     -1.113,    577.231       
# span 2 =    -1.4720,     4.0456       
# span 3 =   0.000045,   3.263091       
# span 4 =    -0.0027,    34.8060       
# span 5 =    -0.2775,    27.6345       
# span 6 = 0.0000e+00, 0.0000e+00       
# interval = seconds: 1
# start_time = Nov 09 2020 22:17:04 [Instrument's time stamp, header]
# bad_flag = -9.990e-29
*END*
[from data line 2257]
       2258    219.879     2.5136   3.059404    34.0894    27.2005 0.0000e+00
       2259    220.409     2.5294   3.061407    34.0969    27.2053 0.0000e+00
       2260    220.943     2.5425   3.062897    34.1010    27.2074 0.0000e+00
       2261    221.495     2.5522   3.064154    34.1059    27.2105 0.0000e+00
       2262    222.063     2.5619   3.065550    34.1124    27.2149 0.0000e+00
       2263    222.632     2.5733   3.067061    34.1186    27.2189 0.0000e+00
       2264    223.186     2.5842   3.068623    34.1259    27.2238 0.0000e+00
       2265    223.732     2.5928   3.070197    34.1358    27.2310 0.0000e+00
       2266    224.286     2.5997   3.071713    34.1468    27.2392 0.0000e+00
       2267    224.855     2.6069   3.073316    34.1586    27.2480 0.0000e+00
       2268    225.436     2.6162   3.075227    34.1718    27.2578 0.0000e+00
       2269    226.007     2.6285   3.077396    34.1851    27.2673 0.0000e+00
       2270    226.550     2.6411   3.079299    34.1948    27.2739 0.0000e+00
       2271    227.075     2.6499   3.080489    34.1997    27.2772 0.0000e+00
       2272    227.599     2.6540   3.081172    34.2034    27.2798 0.0000e+00
       2273    228.133     2.6568   3.081865    34.2087    27.2837 0.0000e+00
       2274    228.675     2.6610   3.082668    34.2138    27.2874 0.0000e+00
       2275    229.226     2.6660   3.083519    34.2186    27.2909 0.0000e+00
       2276    229.794     2.6711   3.084469    34.2245    27.2951 0.0000e+00
       2277    230.379     2.6771   3.085439    34.2297    27.2988 0.0000e+00
       2278    230.969     2.6840   3.086457    34.2345    27.3020 0.0000e+00
       2279    231.548     2.6917   3.087579    34.2398    27.3055 0.0000e+00
       2280    232.109     2.6994   3.088728    34.2453    27.3093 0.0000e+00
       2281    232.652     2.7066   3.089794    34.2504    27.3128 0.0000e+00
       2282    233.184     2.7131   3.090635    34.2535    27.3147 0.0000e+00
       2283    233.718     2.7184   3.091215    34.2547    27.3152 0.0000e+00
       2284    234.265     2.7218   3.091699    34.2567    27.3165 0.0000e+00
       2285    234.830     2.7247   3.092209    34.2596    27.3185 0.0000e+00
       2286    235.412     2.7281   3.092738    34.2621    27.3202 0.0000e+00
       2287    236.001     2.7321   3.093319    34.2647    27.3219 0.0000e+00
       2288    236.590     2.7367   3.093879    34.2663    27.3228 0.0000e+00
       2289    237.174     2.7405   3.094220    34.2661    27.3223 0.0000e+00
       2290    237.749     2.7428   3.094418    34.2658    27.3219 0.0000e+00
       2291    238.315     2.7450   3.094880    34.2688    27.3241 0.0000e+00
       2292    238.871     2.7493   3.095655    34.2734    27.3274 0.0000e+00
       2293    239.423     2.7549   3.096339    34.2755    27.3286 0.0000e+00
       2294    239.980     2.7594   3.096838    34.2765    27.3290 0.0000e+00
       2295    240.546     2.7630   3.097362    34.2788    27.3305 0.0000e+00
       2296    241.116     2.7670   3.097910    34.2809    27.3318 0.0000e+00
       2297    241.689     2.7712   3.098451    34.2827    27.3329 0.0000e+00
       2298    242.269     2.7757   3.099125    34.2859    27.3350 0.0000e+00
       2299    242.863     2.7815   3.099943    34.2894    27.3373 0.0000e+00
       2300    243.468     2.7885   3.100862    34.2928    27.3395 0.0000e+00
       2301    244.073     2.7965   3.101850    34.2961    27.3414 0.0000e+00
       2302    244.672     2.8047   3.102844    34.2992    27.3431 0.0000e+00
       2303    245.262     2.8138   3.104151    34.3051    27.3471 0.0000e+00
       2304    245.838     2.8255   3.105860    34.3132    27.3525 0.0000e+00
       2305    246.404     2.8381   3.107429    34.3187    27.3558 0.0000e+00
       2306    246.966     2.8499   3.108850    34.3232    27.3583 0.0000e+00
       2307    247.532     2.8619   3.110376    34.3287    27.3617 0.0000e+00
       2308    248.110     2.8739   3.111720    34.3321    27.3632 0.0000e+00
       2309    248.693     2.8841   3.112736    34.3333    27.3633 0.0000e+00
       2310    249.271     2.8927   3.113553    34.3338    27.3629 0.0000e+00
       2311    249.846     2.9002   3.114261    34.3341    27.3625 0.0000e+00
       2312    250.426     2.9063   3.114895    34.3350    27.3627 0.0000e+00
       2313    251.014     2.9117   3.115552    34.3370    27.3638 0.0000e+00
       2314    251.608     2.9174   3.116333    34.3401    27.3658 0.0000e+00
       2315    252.203     2.9239   3.117111    34.3423    27.3670 0.0000e+00
       2316    252.794     2.9300   3.117663    34.3423    27.3664 0.0000e+00
       2317    253.383     2.9344   3.118055    34.3420    27.3658 0.0000e+00
       2318    253.972     2.9373   3.118499    34.3440    27.3671 0.0000e+00
       2319    254.546     2.9402   3.118919    34.3458    27.3682 0.0000e+00
       2320    255.094     2.9429   3.119160    34.3455    27.3678 0.0000e+00
       2321    255.631     2.9446   3.119319    34.3454    27.3675 0.0000e+00
       2322    256.181     2.9455   3.119535    34.3467    27.3685 0.0000e+00
       2323    256.761     2.9468   3.119803    34.3483    27.3697 0.0000e+00
       2324    257.367     2.9489   3.120090    34.3492    27.3702 0.0000e+00
       2325    257.984     2.9514   3.120374    34.3497    27.3703 0.0000e+00
       2326    258.597     2.9537   3.120608    34.3498    27.3702 0.0000e+00
       2327    259.198     2.9554   3.120780    34.3497    27.3700 0.0000e+00
       2328    259.791     2.9568   3.120956    34.3500    27.3701 0.0000e+00
       2329    260.381     2.9582   3.121147    34.3506    27.3704 0.0000e+00
       2330    260.967     2.9593   3.121337    34.3514    27.3710 0.0000e+00
       2331    261.543     2.9603   3.121555    34.3527    27.3719 0.0000e+00
       2332    262.106     2.9616   3.121794    34.3539    27.3728 0.0000e+00
       2333    262.660     2.9634   3.122000    34.3542    27.3728 0.0000e+00
       2334    263.219     2.9648   3.122176    34.3545    27.3730 0.0000e+00
       2335    263.798     2.9659   3.122352    34.3552    27.3734 0.0000e+00
       2336    264.406     2.9671   3.122553    34.3560    27.3740 0.0000e+00
       2337    265.035     2.9684   3.122791    34.3572    27.3748 0.0000e+00
       2338    265.661     2.9700   3.123038    34.3581    27.3754 0.0000e+00
       2339    266.266     2.9716   3.123261    34.3588    27.3758 0.0000e+00
       2340    266.851     2.9729   3.123455    34.3595    27.3762 0.0000e+00
       2341    267.429     2.9742   3.123645    34.3601    27.3766 0.0000e+00
       2342    268.007     2.9756   3.123828    34.3605    27.3768 0.0000e+00
       2343    268.587     2.9767   3.123993    34.3610    27.3771 0.0000e+00
       2344    269.172     2.9777   3.124193    34.3621    27.3779 0.0000e+00
       2345    269.774     2.9790   3.124487    34.3640    27.3792 0.0000e+00
       2346    270.403     2.9808   3.124906    34.3668    27.3814 0.0000e+00
       2347    271.046     2.9840   3.125438    34.3695    27.3832 0.0000e+00
       2348    271.669     2.9887   3.126047    34.3716    27.3845 0.0000e+00
       2349    272.253     2.9940   3.126668    34.3732    27.3853 0.0000e+00
       2350    272.812     2.9985   3.127157    34.3740    27.3855 0.0000e+00
       2351    273.367     3.0015   3.127474    34.3744    27.3855 0.0000e+00
       2352    273.932     3.0032   3.127739    34.3755    27.3863 0.0000e+00
       2353    274.509     3.0050   3.128002    34.3765    27.3869 0.0000e+00
       2354    275.095     3.0073   3.128262    34.3769    27.3870 0.0000e+00
       2355    275.688     3.0097   3.128509    34.3770    27.3869 0.0000e+00
       2356    276.290     3.0118   3.128762    34.3775    27.3871 0.0000e+00
       2357    276.904     3.0140   3.129104    34.3790    27.3881 0.0000e+00
       2358    277.523     3.0169   3.129564    34.3812    27.3896 0.0000e+00
       2359    278.134     3.0206   3.130109    34.3835    27.3911 0.0000e+00
       2360    278.729     3.0251   3.130739    34.3861    27.3927 0.0000e+00
       2361    279.317     3.0301   3.131479    34.3895    27.3949 0.0000e+00
       2362    279.915     3.0363   3.132353    34.3932    27.3973 0.0000e+00
       2363    280.516     3.0447   3.133533    34.3982    27.4006 0.0000e+00
       2364    281.106     3.0569   3.135159    34.4047    27.4047 0.0000e+00
       2365    281.686     3.0719   3.136925    34.4099    27.4074 0.0000e+00
       2366    282.268     3.0864   3.138469    34.4129    27.4085 0.0000e+00
       2367    282.863     3.0995   3.139962    34.4168    27.4104 0.0000e+00
       2368    283.466     3.1144   3.141900    34.4241    27.4149 0.0000e+00
       2369    284.062     3.1333   3.144322    34.4331    27.4203 0.0000e+00
       2370    284.646     3.1552   3.146882    34.4405    27.4242 0.0000e+00
       2371    285.231     3.1785   3.149598    34.4483    27.4282 0.0000e+00
       2372    285.829     3.2034   3.152557    34.4574    27.4331 0.0000e+00
       2373    286.437     3.2296   3.155267    34.4620    27.4343 0.0000e+00
       2374    287.040     3.2534   3.157158    34.4593    27.4299 0.0000e+00
       2375    287.632     3.2708   3.158393    34.4554    27.4252 0.0000e+00
       2376    288.223     3.2817   3.159359    34.4552    27.4240 0.0000e+00
       2377    288.821     3.2892   3.160282    34.4580    27.4255 0.0000e+00
       2378    289.427     3.2984   3.161759    34.4658    27.4308 0.0000e+00
       2379    290.033     3.3140   3.163972    34.4756    27.4372 0.0000e+00
       2380    290.632     3.3339   3.166108    34.4800    27.4388 0.0000e+00
       2381    291.226     3.3507   3.167493    34.4785    27.4360 0.0000e+00
       2382    291.830     3.3613   3.168347    34.4772    27.4340 0.0000e+00
       2383    292.448     3.3689   3.169275    34.4800    27.4355 0.0000e+00
       2384    293.071     3.3777   3.170453    34.4846    27.4382 0.0000e+00
       2385    293.686     3.3883   3.171651    34.4874    27.4395 0.0000e+00
       2386    294.281     3.3982   3.172462    34.4864    27.4377 0.0000e+00
       2387    294.861     3.4049   3.172782    34.4828    27.4342 0.0000e+00
       2388    295.438     3.4084   3.173045    34.4819    27.4332 0.0000e+00
       2389    296.024     3.4112   3.173488    34.4840    27.4346 0.0000e+00
       2390    296.623     3.4154   3.173935    34.4846    27.4346 0.0000e+00
       2391    297.236     3.4198   3.174314    34.4842    27.4339 0.0000e+00
       2392    297.864     3.4231   3.174741    34.4855    27.4346 0.0000e+00
       2393    298.505     3.4270   3.175394    34.4889    27.4369 0.0000e+00
       2394    299.142     3.4330   3.176143    34.4912    27.4382 0.0000e+00
       2395    299.757     3.4393   3.176622    34.4899    27.4366 0.0000e+00
       2396    300.353     3.4439   3.177022    34.4895    27.4358 0.0000e+00
       2397    300.940     3.4480   3.177624    34.4921    27.4375 0.0000e+00
       2398    301.526     3.4530   3.178309    34.4947    27.4391 0.0000e+00
       2399    302.115     3.4594   3.179017    34.4962    27.4396 0.0000e+00
       2400    302.706     3.4663   3.179749    34.4973    27.4399 0.0000e+00
       2401    303.308     3.4734   3.180693    34.5008    27.4420 0.0000e+00
       2402    303.928     3.4830   3.182059    34.5067    27.4457 0.0000e+00
       2403    304.558     3.4970   3.183922    34.5140    27.4501 0.0000e+00
       2404    305.188     3.5149   3.186095    34.5208    27.4538 0.0000e+00
       2405    305.820     3.5339   3.188107    34.5245    27.4549 0.0000e+00
       2406    306.455     3.5519   3.189980    34.5275    27.4556 0.0000e+00
       2407    307.092     3.5686   3.191773    34.5310    27.4567 0.0000e+00
       2408    307.725     3.5830   3.193275    34.5334    27.4572 0.0000e+00
       2409    308.343     3.5938   3.194319    34.5342    27.4567 0.0000e+00
       2410    308.939     3.6005   3.194793    34.5325    27.4547 0.0000e+00
       2411    309.521     3.6027   3.194876    34.5308    27.4532 0.0000e+00
       2412    310.105     3.6021   3.194882    34.5312    27.4535 0.0000e+00
       2413    310.699     3.6012   3.194974    34.5329    27.4550 0.0000e+00
       2414    311.302     3.6016   3.195116    34.5339    27.4557 0.0000e+00
       2415    311.910     3.6021   3.195229    34.5344    27.4561 0.0000e+00
       2416    312.525     3.6013   3.195365    34.5365    27.4579 0.0000e+00
       2417    313.146     3.5996   3.195565    34.5404    27.4611 0.0000e+00
       2418    313.770     3.5982   3.195781    34.5441    27.4642 0.0000e+00
       2419    314.395     3.5975   3.196034    34.5476    27.4670 0.0000e+00
       2420    315.020     3.5975   3.196391    34.5515    27.4702 0.0000e+00
       2421    315.640     3.5978   3.196706    34.5546    27.4726 0.0000e+00
       2422    316.246     3.5978   3.196822    34.5557    27.4735 0.0000e+00
       2423    316.841     3.5965   3.196782    34.5563    27.4741 0.0000e+00
       2424    317.436     3.5938   3.196677    34.5576    27.4754 0.0000e+00
       2425    318.034     3.5903   3.196591    34.5599    27.4776 0.0000e+00
       2426    318.628     3.5873   3.196564    34.5624    27.4799 0.0000e+00
       2427    319.207     3.5854   3.196566    34.5642    27.4815 0.0000e+00
       2428    319.766     3.5841   3.196552    34.5651    27.4823 0.0000e+00
       2429    320.319     3.5827   3.196517    34.5658    27.4831 0.0000e+00
       2430    320.894     3.5808   3.196490    34.5672    27.4843 0.0000e+00
       2431    321.509     3.5793   3.196520    34.5688    27.4858 0.0000e+00
       2432    322.143     3.5789   3.196589    34.5697    27.4865 0.0000e+00
       2433    322.764     3.5793   3.196635    34.5695    27.4863 0.0000e+00
       2434    323.366     3.5791   3.196642    34.5695    27.4863 0.0000e+00
       2435    323.962     3.5781   3.196641    34.5702    27.4870 0.0000e+00
       2436    324.558     3.5772   3.196674    34.5713    27.4879 0.0000e+00
       2437    325.143     3.5767   3.196732    34.5722    27.4887 0.0000e+00
       2438    325.709     3.5765   3.196791    34.5728    27.4892 0.0000e+00
       2439    326.262     3.5762   3.196834    34.5733    27.4897 0.0000e+00
       2440    326.817     3.5754   3.196859    34.5742    27.4904 0.0000e+00
       2441    327.388     3.5746   3.196912    34.5754    27.4914 0.0000e+00
       2442    327.980     3.5745   3.196999    34.5762    27.4921 0.0000e+00
       2443    328.587     3.5749   3.197090    34.5765    27.4923 0.0000e+00
       2444    329.203     3.5751   3.197208    34.5774    27.4930 0.0000e+00
       2445    329.822     3.5757   3.197416    34.5789    27.4942 0.0000e+00
       2446    330.441     3.5770   3.197745    34.5812    27.4958 0.0000e+00
       2447    331.060     3.5789   3.198191    34.5842    27.4980 0.0000e+00
       2448    331.679     3.5815   3.198747    34.5877    27.5006 0.0000e+00
       2449    332.296     3.5852   3.199432    34.5917    27.5034 0.0000e+00
       2450    332.899     3.5909   3.200364    34.5965    27.5067 0.0000e+00
       2451    333.479     3.5989   3.201607    34.6026    27.5107 0.0000e+00
       2452    334.041     3.6079   3.202844    34.6076    27.5138 0.0000e+00
       2453    334.603     3.6159   3.203827    34.6106    27.5154 0.0000e+00
       2454    335.181     3.6223   3.204670    34.6136    27.5172 0.0000e+00
       2455    335.779     3.6285   3.205510    34.6167    27.5191 0.0000e+00
       2456    336.389     3.6358   3.206367    34.6189    27.5201 0.0000e+00
       2457    336.998     3.6430   3.207124    34.6200    27.5203 0.0000e+00
       2458    337.600     3.6491   3.207777    34.6211    27.5205 0.0000e+00
       2459    338.200     3.6545   3.208404    34.6225    27.5211 0.0000e+00
       2460    338.806     3.6593   3.208945    34.6236    27.5215 0.0000e+00
       2461    339.424     3.6633   3.209410    34.6246    27.5219 0.0000e+00
