Datasets/Multi_Species/TEL214/tel214_2020_014.cnv
* Sea-Bird SBE19plus Data File:
* Filename = C:/AQUIRE/tel214_2020_014.hex
* Software Version AquireV2 AF V2.0
* Temperature SN =  7853
* Conductivity SN =  7853
* System UpLoad Time = Nov 10 2020 07:13:58
* <ApplicationData>
* <AQUIREV2>
** VESSEL/TRIP/SEQ STN: tel214_2020_014
** LATITUDE: 54 49.65 N
** LONGITUDE: 53 31.18 W
** DATE/TIME: 2020-11-10 05:49
** SOUNDING DEPTH (M): 0605
** PROBE TYPE: S7853
** CTD NUMBER:  14
** COMMENTS: 
# nquan = 7                                 
# nvalues = 4838                        
# units = specified
# name 0 = scan: Scan Count
# name 1 = prdM: Pressure, Strain Gauge [db]
# name 2 = tv290C: Temperature [ITS-90, deg C]
# name 3 = c0S/m: Conductivity [S/m]
# name 4 = sal00: Salinity, Practical [PSU]
# name 5 = sigma-t00: Density [sigma-t, kg/m^3 ]
# name 6 = flag: flag
# span 0 =          1,       4838       
# span 1 =     -1.178,    609.588       
# span 2 =    -1.7786,     4.0831       
# span 3 =  -0.000049,   3.267132       
# span 4 =    -0.0028,    34.8072       
# span 5 =    -0.3076,    27.6329       
# span 6 = 0.0000e+00, 0.0000e+00       
# interval = seconds: 1
# start_time = Nov 10 2020 05:49:18 [Instrument's time stamp, header]
# bad_flag = -9.990e-29
*END*
          1     -1.174    -1.6618   0.000130    -0.0025    -0.2959 0.0000e+00
          2     -1.172    -1.6622   0.000129    -0.0025    -0.2960 0.0000e+00
          3     -1.171    -1.6631   0.000125    -0.0025    -0.2961 0.0000e+00
          4     -1.171    -1.6637   0.000122    -0.0026    -0.2961 0.0000e+00
          5     -1.170    -1.6637   0.000122    -0.0026    -0.2961 0.0000e+00
          6     -1.167    -1.6635   0.000123    -0.0025    -0.2961 0.0000e+00
          7     -1.164    -1.6631   0.000125    -0.0025    -0.2961 0.0000e+00
          8     -1.161    -1.6627   0.000126    -0.0025    -0.2960 0.0000e+00
          9     -1.158    -1.6622   0.000127    -0.0025    -0.2960 0.0000e+00
         10     -1.158    -1.6615   0.000129    -0.0025    -0.2959 0.0000e+00
         11     -1.159    -1.6608   0.000131    -0.0025    -0.2958 0.0000e+00
         12     -1.160    -1.6603   0.000132    -0.0025    -0.2958 0.0000e+00
         13     -1.163    -1.6599   0.000133    -0.0025    -0.2957 0.0000e+00
         14     -1.166    -1.6595   0.000134    -0.0025    -0.2957 0.0000e+00
         15     -1.164    -1.6593   0.000134    -0.0025    -0.2957 0.0000e+00
         16     -1.161    -1.6591   0.000133    -0.0025    -0.2957 0.0000e+00
         17     -1.161    -1.6590   0.000132    -0.0025    -0.2957 0.0000e+00
         18     -1.161    -1.6587   0.000133    -0.0025    -0.2956 0.0000e+00
         19     -1.160    -1.6582   0.000135    -0.0024    -0.2956 0.0000e+00
         20     -1.161    -1.6574   0.000136    -0.0024    -0.2955 0.0000e+00
         21     -1.163    -1.6565   0.000138    -0.0024    -0.2954 0.0000e+00
         22     -1.163    -1.6555   0.000140    -0.0024    -0.2953 0.0000e+00
         23     -1.161    -1.6549   0.000140    -0.0024    -0.2952 0.0000e+00
         24     -1.160    -1.6544   0.000140    -0.0024    -0.2952 0.0000e+00
         25     -1.161    -1.6540   0.000139    -0.0024    -0.2952 0.0000e+00
         26     -1.163    -1.6538   0.000138    -0.0024    -0.2951 0.0000e+00
         27     -1.163    -1.6537   0.000137    -0.0024    -0.2951 0.0000e+00
         28     -1.161    -1.6535   0.000137    -0.0024    -0.2951 0.0000e+00
         29     -1.160    -1.6534   0.000136    -0.0024    -0.2951 0.0000e+00
         30     -1.161    -1.6532   0.000135    -0.0024    -0.2951 0.0000e+00
         31     -1.163    -1.6530   0.000136    -0.0024    -0.2951 0.0000e+00
         32     -1.163    -1.6528   0.000135    -0.0024    -0.2950 0.0000e+00
         33     -1.162    -1.6527   0.000136    -0.0024    -0.2950 0.0000e+00
         34     -1.163    -1.6525   0.000135    -0.0024    -0.2950 0.0000e+00
         35     -1.166    -1.6524   0.000135    -0.0024    -0.2950 0.0000e+00
         36     -1.168    -1.6522   0.000135    -0.0024    -0.2950 0.0000e+00
         37     -1.167    -1.6520   0.000135    -0.0024    -0.2950 0.0000e+00
         38     -1.163    -1.6517   0.000135    -0.0024    -0.2949 0.0000e+00
         39     -1.159    -1.6515   0.000134    -0.0024    -0.2949 0.0000e+00
         40     -1.158    -1.6513   0.000134    -0.0024    -0.2949 0.0000e+00
         41     -1.161    -1.6509   0.000135    -0.0024    -0.2949 0.0000e+00
         42     -1.162    -1.6506   0.000135    -0.0024    -0.2948 0.0000e+00
         43     -1.160    -1.6504   0.000135    -0.0024    -0.2948 0.0000e+00
         44     -1.158    -1.6503   0.000135    -0.0024    -0.2948 0.0000e+00
         45     -1.158    -1.6501   0.000135    -0.0024    -0.2948 0.0000e+00
         46     -1.162    -1.6500   0.000136    -0.0024    -0.2948 0.0000e+00
         47     -1.166    -1.6498   0.000135    -0.0024    -0.2947 0.0000e+00
         48     -1.168    -1.6498   0.000133    -0.0025    -0.2947 0.0000e+00
         49     -1.168    -1.6498   0.000134    -0.0024    -0.2947 0.0000e+00
         50     -1.165    -1.6498   0.000133    -0.0025    -0.2947 0.0000e+00
         51     -1.160    -1.6496   0.000132    -0.0025    -0.2947 0.0000e+00
         52     -1.156    -1.6494   0.000132    -0.0025    -0.2947 0.0000e+00
         53     -1.157    -1.6494   0.000133    -0.0025    -0.2947 0.0000e+00
         54     -1.160    -1.6492   0.000134    -0.0024    -0.2947 0.0000e+00
         55     -1.162    -1.6492   0.000134    -0.0024    -0.2947 0.0000e+00
         56     -1.160    -1.6490   0.000134    -0.0024    -0.2947 0.0000e+00
         57     -1.157    -1.6488   0.000134    -0.0024    -0.2946 0.0000e+00
         58     -1.155    -1.6488   0.000134    -0.0024    -0.2946 0.0000e+00
         59     -1.156    -1.6486   0.000136    -0.0024    -0.2946 0.0000e+00
         60     -1.160    -1.6486   0.000133    -0.0025    -0.2946 0.0000e+00
         61     -1.167    -1.6485   0.000131    -0.0025    -0.2946 0.0000e+00
         62     -1.170    -1.6483   0.000133    -0.0025    -0.2946 0.0000e+00
         63     -1.167    -1.6482   0.000132    -0.0025    -0.2946 0.0000e+00
         64     -1.161    -1.6481   0.000130    -0.0025    -0.2946 0.0000e+00
         65     -1.159    -1.6480   0.000130    -0.0025    -0.2946 0.0000e+00
         66     -1.161    -1.6479   0.000131    -0.0025    -0.2946 0.0000e+00
         67     -1.163    -1.6478   0.000131    -0.0025    -0.2945 0.0000e+00
         68     -1.163    -1.6479   0.000130    -0.0025    -0.2946 0.0000e+00
         69     -1.163    -1.6489   0.000127    -0.0025    -0.2947 0.0000e+00
         70     -1.160    -1.6511   0.000119    -0.0026    -0.2949 0.0000e+00
         71     -1.155    -1.6532   0.000114    -0.0026    -0.2951 0.0000e+00
         72     -1.152    -1.6542   0.000112    -0.0026    -0.2952 0.0000e+00
         73     -1.154    -1.6542   0.000114    -0.0026    -0.2952 0.0000e+00
         74     -1.159    -1.6538   0.000116    -0.0026    -0.2951 0.0000e+00
         75     -1.160    -1.6534   0.000120    -0.0026    -0.2951 0.0000e+00
         76     -1.160    -1.6532   0.000121    -0.0026    -0.2951 0.0000e+00
         77     -1.161    -1.6530   0.000123    -0.0025    -0.2951 0.0000e+00
         78     -1.163    -1.6526   0.000125    -0.0025    -0.2950 0.0000e+00
         79     -1.163    -1.6521   0.000127    -0.0025    -0.2950 0.0000e+00
         80     -1.162    -1.6519   0.000128    -0.0025    -0.2950 0.0000e+00
         81     -1.159    -1.6526   0.000125    -0.0025    -0.2950 0.0000e+00
         82     -1.154    -1.6545   0.000119    -0.0026    -0.2952 0.0000e+00
         83     -1.151    -1.6565   0.000114    -0.0026    -0.2954 0.0000e+00
         84     -1.153    -1.6572   0.000113    -0.0026    -0.2955 0.0000e+00
         85     -1.156    -1.6572   0.000115    -0.0026    -0.2955 0.0000e+00
         86     -1.155    -1.6567   0.000119    -0.0026    -0.2954 0.0000e+00
         87     -1.155    -1.6561   0.000123    -0.0025    -0.2954 0.0000e+00
         88     -1.157    -1.6555   0.000126    -0.0025    -0.2953 0.0000e+00
         89     -1.161    -1.6549   0.000128    -0.0025    -0.2952 0.0000e+00
         90     -1.165    -1.6546   0.000130    -0.0025    -0.2952 0.0000e+00
         91     -1.167    -1.6542   0.000133    -0.0025    -0.2952 0.0000e+00
         92     -1.164    -1.6539   0.000133    -0.0025    -0.2952 0.0000e+00
         93     -1.161    -1.6536   0.000133    -0.0025    -0.2951 0.0000e+00
         94     -1.161    -1.6532   0.000134    -0.0024    -0.2951 0.0000e+00
         95     -1.160    -1.6528   0.000134    -0.0024    -0.2950 0.0000e+00
         96     -1.158    -1.6526   0.000134    -0.0024    -0.2950 0.0000e+00
         97     -1.158    -1.6524   0.000133    -0.0025    -0.2950 0.0000e+00
         98     -1.162    -1.6522   0.000134    -0.0024    -0.2950 0.0000e+00
         99     -1.166    -1.6521   0.000134    -0.0024    -0.2950 0.0000e+00
        100     -1.169    -1.6521   0.000132    -0.0025    -0.2950 0.0000e+00
        101     -1.167    -1.6524   0.000131    -0.0025    -0.2950 0.0000e+00
        102     -1.163    -1.6526   0.000130    -0.0025    -0.2950 0.0000e+00
        103     -1.162    -1.6528   0.000128    -0.0025    -0.2950 0.0000e+00
        104     -1.161    -1.6528   0.000127    -0.0025    -0.2950 0.0000e+00
        105     -1.160    -1.6526   0.000129    -0.0025    -0.2950 0.0000e+00
        106     -1.161    -1.6524   0.000130    -0.0025    -0.2950 0.0000e+00
        107     -1.163    -1.6524   0.000130    -0.0025    -0.2950 0.0000e+00
        108     -1.163    -1.6524   0.000130    -0.0025    -0.2950 0.0000e+00
        109     -1.161    -1.6524   0.000130    -0.0025    -0.2950 0.0000e+00
        110     -1.158    -1.6524   0.000129    -0.0025    -0.2950 0.0000e+00
        111     -1.159    -1.6525   0.000129    -0.0025    -0.2950 0.0000e+00
        112     -1.164    -1.6527   0.000128    -0.0025    -0.2950 0.0000e+00
        113     -1.169    -1.6531   0.000128    -0.0025    -0.2951 0.0000e+00
        114     -1.170    -1.6538   0.000125    -0.0025    -0.2951 0.0000e+00
        115     -1.167    -1.6543   0.000123    -0.0025    -0.2952 0.0000e+00
        116     -1.165    -1.6544   0.000122    -0.0025    -0.2952 0.0000e+00
        117     -1.164    -1.6544   0.000124    -0.0025    -0.2952 0.0000e+00
        118     -1.164    -1.6543   0.000125    -0.0025    -0.2952 0.0000e+00
        119     -1.164    -1.6542   0.000126    -0.0025    -0.2952 0.0000e+00
        120     -1.164    -1.6542   0.000126    -0.0025    -0.2952 0.0000e+00
        121     -1.163    -1.6542   0.000126    -0.0025    -0.2952 0.0000e+00
        122     -1.161    -1.6542   0.000125    -0.0025    -0.2952 0.0000e+00
        123     -1.160    -1.6540   0.000127    -0.0025    -0.2952 0.0000e+00
        124     -1.160    -1.6535   0.000130    -0.0025    -0.2951 0.0000e+00
        125     -1.161    -1.6529   0.000133    -0.0025    -0.2951 0.0000e+00
        126     -1.164    -1.6524   0.000135    -0.0024    -0.2950 0.0000e+00
        127     -1.168    -1.6525   0.000134    -0.0024    -0.2950 0.0000e+00
        128     -1.167    -1.6544   0.000126    -0.0025    -0.2952 0.0000e+00
        129     -1.162    -1.6578   0.000115    -0.0026    -0.2955 0.0000e+00
        130     -1.159    -1.6607   0.000107    -0.0027    -0.2958 0.0000e+00
        131     -1.156    -1.6619   0.000105    -0.0027    -0.2959 0.0000e+00
        132     -1.154    -1.6618   0.000107    -0.0027    -0.2959 0.0000e+00
        133     -1.154    -1.6614   0.000111    -0.0026    -0.2959 0.0000e+00
        134     -1.154    -1.6610   0.000116    -0.0026    -0.2959 0.0000e+00
        135     -1.157    -1.6608   0.000119    -0.0026    -0.2958 0.0000e+00
        136     -1.161    -1.6603   0.000122    -0.0026    -0.2958 0.0000e+00
        137     -1.165    -1.6597   0.000125    -0.0025    -0.2957 0.0000e+00
        138     -1.167    -1.6597   0.000125    -0.0025    -0.2957 0.0000e+00
        139     -1.164    -1.6604   0.000124    -0.0025    -0.2958 0.0000e+00
        140     -1.161    -1.6612   0.000121    -0.0026    -0.2959 0.0000e+00
        141     -1.162    -1.6614   0.000120    -0.0026    -0.2959 0.0000e+00
        142     -1.163    -1.6612   0.000123    -0.0025    -0.2959 0.0000e+00
        143     -1.163    -1.6614   0.000124    -0.0025    -0.2959 0.0000e+00
        144     -1.161    -1.6622   0.000121    -0.0026    -0.2960 0.0000e+00
        145     -1.159    -1.6635   0.000117    -0.0026    -0.2961 0.0000e+00
        146     -1.159    -1.6650   0.000113    -0.0026    -0.2962 0.0000e+00
        147     -1.160    -1.6667   0.000109    -0.0027    -0.2964 0.0000e+00
        148     -1.161    -1.6675   0.000110    -0.0027    -0.2965 0.0000e+00
        149     -1.163    -1.6673   0.000113    -0.0026    -0.2965 0.0000e+00
        150     -1.164    -1.6669   0.000115    -0.0026    -0.2964 0.0000e+00
        151     -1.164    -1.6678   0.000114    -0.0026    -0.2965 0.0000e+00
        152     -1.163    -1.6698   0.000109    -0.0027    -0.2967 0.0000e+00
        153     -1.161    -1.6713   0.000106    -0.0027    -0.2969 0.0000e+00
        154     -1.158    -1.6715   0.000108    -0.0027    -0.2969 0.0000e+00
        155     -1.158    -1.6709   0.000112    -0.0026    -0.2968 0.0000e+00
        156     -1.163    -1.6702   0.000117    -0.0026    -0.2968 0.0000e+00
        157     -1.166    -1.6698   0.000121    -0.0026    -0.2967 0.0000e+00
        158     -1.166    -1.6701   0.000121    -0.0026    -0.2968 0.0000e+00
        159     -1.164    -1.6706   0.000121    -0.0026    -0.2968 0.0000e+00
        160     -1.162    -1.6708   0.000120    -0.0026    -0.2968 0.0000e+00
        161     -1.159    -1.6705   0.000121    -0.0026    -0.2968 0.0000e+00
        162     -1.155    -1.6700   0.000123    -0.0026    -0.2967 0.0000e+00
        163     -1.156    -1.6694   0.000125    -0.0025    -0.2967 0.0000e+00
        164     -1.160    -1.6690   0.000128    -0.0025    -0.2966 0.0000e+00
        165     -1.162    -1.6688   0.000129    -0.0025    -0.2966 0.0000e+00
        166     -1.161    -1.6695   0.000127    -0.0025    -0.2967 0.0000e+00
        167     -1.160    -1.6723   0.000117    -0.0026    -0.2970 0.0000e+00
        168     -1.161    -1.6763   0.000106    -0.0027    -0.2974 0.0000e+00
        169     -1.162    -1.6789   0.000100    -0.0027    -0.2976 0.0000e+00
        170     -1.160    -1.6788   0.000103    -0.0027    -0.2976 0.0000e+00
        171     -1.157    -1.6778   0.000108    -0.0027    -0.2975 0.0000e+00
        172     -1.156    -1.6770   0.000114    -0.0026    -0.2974 0.0000e+00
        173     -1.158    -1.6764   0.000119    -0.0026    -0.2974 0.0000e+00
        174     -1.163    -1.6758   0.000122    -0.0026    -0.2973 0.0000e+00
        175     -1.166    -1.6753   0.000123    -0.0026    -0.2973 0.0000e+00
        176     -1.165    -1.6751   0.000126    -0.0025    -0.2973 0.0000e+00
        177     -1.162    -1.6749   0.000128    -0.0025    -0.2972 0.0000e+00
        178     -1.160    -1.6748   0.000128    -0.0025    -0.2972 0.0000e+00
        179     -1.161    -1.6745   0.000129    -0.0025    -0.2972 0.0000e+00
        180     -1.162    -1.6741   0.000131    -0.0025    -0.2972 0.0000e+00
        181     -1.161    -1.6738   0.000132    -0.0025    -0.2971 0.0000e+00
        182     -1.159    -1.6736   0.000131    -0.0025    -0.2971 0.0000e+00
        183     -1.159    -1.6733   0.000131    -0.0025    -0.2971 0.0000e+00
        184     -1.159    -1.6728   0.000132    -0.0025    -0.2970 0.0000e+00
        185     -1.159    -1.6726   0.000132    -0.0025    -0.2970 0.0000e+00
        186     -1.159    -1.6726   0.000131    -0.0025    -0.2970 0.0000e+00
        187     -1.159    -1.6728   0.000130    -0.0025    -0.2970 0.0000e+00
        188     -1.160    -1.6728   0.000129    -0.0025    -0.2970 0.0000e+00
        189     -1.162    -1.6726   0.000130    -0.0025    -0.2970 0.0000e+00
        190     -1.164    -1.6723   0.000131    -0.0025    -0.2970 0.0000e+00
        191     -1.166    -1.6720   0.000132    -0.0025    -0.2969 0.0000e+00
        192     -1.168    -1.6717   0.000131    -0.0025    -0.2969 0.0000e+00
        193     -1.169    -1.6715   0.000131    -0.0025    -0.2969 0.0000e+00
        194     -1.169    -1.6715   0.000130    -0.0025    -0.2969 0.0000e+00
        195     -1.169    -1.6715   0.000131    -0.0025    -0.2969 0.0000e+00
        196     -1.168    -1.6715   0.000131    -0.0025    -0.2969 0.0000e+00
        197     -1.166    -1.6717   0.000130    -0.0025    -0.2969 0.0000e+00
        198     -1.164    -1.6719   0.000128    -0.0025    -0.2969 0.0000e+00
        199     -1.162    -1.6719   0.000127    -0.0025    -0.2969 0.0000e+00
        200     -1.159    -1.6717   0.000128    -0.0025    -0.2969 0.0000e+00
        201     -1.159    -1.6714   0.000130    -0.0025    -0.2969 0.0000e+00
        202     -1.162    -1.6711   0.000133    -0.0025    -0.2969 0.0000e+00
        203     -1.165    -1.6709   0.000131    -0.0025    -0.2968 0.0000e+00
        204     -1.167    -1.6711   0.000129    -0.0025    -0.2969 0.0000e+00
        205     -1.164    -1.6717   0.000128    -0.0025    -0.2969 0.0000e+00
