Datasets/Test_Dataset_39219_tow/originals/tel219_2021_057.cnv
* Sea-Bird SBE19plus Data File:
* Filename = C:/AQUIRE/tel219_2021_057.hex
* Software Version AquireV2 AF V2.0
* Temperature SN =  4020
* Conductivity SN =  4020
* System UpLoad Time = May 14 2021 03:25:08
** VESSEL/TRIP/SEQ STN: tel219_2021_057
** LATITUDE: 45 15.39 N
** LONGITUDE: 55 13.32 W
** DATE/TIME: 2021-05-14 02:45
** SOUNDING DEPTH (M): 0170
** PROBE TYPE: S4020
** CTD NUMBER:  57
** FORMAT: T
** COMMENTS: 
# nquan = 7                                 
# nvalues = 2457                        
# units = specified
# name 0 = scan: Scan Count
# name 1 = prdM: Pressure, Strain Gauge [db]
# name 2 = tv290C: Temperature [ITS-90, deg C]
# name 3 = c0S/m: Conductivity [S/m]
# name 4 = sal00: Salinity, Practical [PSU]
# name 5 = sigma-t00: Density [sigma-t, kg/m^3 ]
# name 6 = flag: flag
# span 0 =          1,       2457       
# span 1 =     -0.767,    166.304       
# span 2 =     0.4130,     7.1883       
# span 3 =   0.008887,   3.513534       
# span 4 =     0.0674,    34.5656       
# span 5 =     0.0282,    27.0943       
# span 6 = 0.0000e+00, 0.0000e+00       
# interval = seconds: 1
# start_time = May 14 2021 02:45:25 [Instrument's time stamp, header]
# bad_flag = -9.990e-29
*END*
[from data line 1642]
       1643    165.816     7.0182   3.494257    34.5222    27.0399 0.0000e+00
       1644    165.849     7.0159   3.494108    34.5229    27.0407 0.0000e+00
       1645    165.859     7.0158   3.494223    34.5242    27.0418 0.0000e+00
       1646    165.841     7.0169   3.494295    34.5239    27.0414 0.0000e+00
       1647    165.812     7.0179   3.494275    34.5227    27.0403 0.0000e+00
       1648    165.801     7.0165   3.494147    34.5227    27.0405 0.0000e+00
       1649    165.819     7.0111   3.493658    34.5227    27.0413 0.0000e+00
       1650    165.843     7.0046   3.493166    34.5238    27.0430 0.0000e+00
       1651    165.851     7.0016   3.493026    34.5253    27.0446 0.0000e+00
       1652    165.845     7.0039   3.493054    34.5233    27.0427 0.0000e+00
       1653    165.839     7.0085   3.493318    34.5216    27.0407 0.0000e+00
       1654    165.844     7.0111   3.493520    34.5212    27.0401 0.0000e+00
       1655    165.863     7.0111   3.493424    34.5201    27.0392 0.0000e+00
       1656    165.885     7.0111   3.493375    34.5196    27.0388 0.0000e+00
       1657    165.900     7.0127   3.493499    34.5193    27.0384 0.0000e+00
       1658    165.904     7.0145   3.493711    34.5199    27.0385 0.0000e+00
       1659    165.901     7.0145   3.493796    34.5208    27.0393 0.0000e+00
       1660    165.898     7.0106   3.493481    34.5213    27.0402 0.0000e+00
       1661    165.906     7.0038   3.492749    34.5200    27.0401 0.0000e+00
       1662    165.917     6.9987   3.492021    34.5171    27.0386 0.0000e+00
       1663    165.920     6.9993   3.491942    34.5157    27.0373 0.0000e+00
       1664    165.918     7.0032   3.492462    34.5175    27.0382 0.0000e+00
       1665    165.912     7.0058   3.492871    34.5194    27.0393 0.0000e+00
       1666    165.904     7.0058   3.492929    34.5200    27.0398 0.0000e+00
       1667    165.895     7.0043   3.492781    34.5199    27.0400 0.0000e+00
       1668    165.895     7.0030   3.492561    34.5188    27.0393 0.0000e+00
       1669    165.910     7.0031   3.492532    34.5183    27.0389 0.0000e+00
       1670    165.932     7.0037   3.492630    34.5188    27.0392 0.0000e+00
       1671    165.948     7.0042   3.492611    34.5181    27.0386 0.0000e+00
       1672    165.950     7.0050   3.492653    34.5177    27.0382 0.0000e+00
       1673    165.933     7.0048   3.492720    34.5187    27.0390 0.0000e+00
       1674    165.912     7.0023   3.492450    34.5182    27.0389 0.0000e+00
       1675    165.909     7.0004   3.492148    34.5168    27.0381 0.0000e+00
       1676    165.926     7.0029   3.492429    34.5174    27.0382 0.0000e+00
       1677    165.948     7.0069   3.492982    34.5195    27.0393 0.0000e+00
       1678    165.956     7.0084   3.493198    34.5203    27.0397 0.0000e+00
       1679    165.947     7.0060   3.493008    34.5206    27.0403 0.0000e+00
       1680    165.935     7.0012   3.492400    34.5188    27.0395 0.0000e+00
       1681    165.934     6.9992   3.491981    34.5162    27.0377 0.0000e+00
       1682    165.949     7.0023   3.492382    34.5175    27.0383 0.0000e+00
       1683    165.974     7.0061   3.492918    34.5195    27.0394 0.0000e+00
       1684    165.990     7.0068   3.493033    34.5201    27.0398 0.0000e+00
       1685    165.987     7.0028   3.492668    34.5201    27.0403 0.0000e+00
       1686    165.986     6.9950   3.491735    34.5177    27.0395 0.0000e+00
       1687    166.012     6.9880   3.490934    34.5158    27.0390 0.0000e+00
       1688    166.072     6.9859   3.490938    34.5180    27.0410 0.0000e+00
       1689    166.145     6.9877   3.491249    34.5195    27.0420 0.0000e+00
       1690    166.209     6.9902   3.491318    34.5178    27.0402 0.0000e+00
       1691    166.254     6.9920   3.491285    34.5156    27.0383 0.0000e+00
       1692    166.282     6.9943   3.491419    34.5147    27.0373 0.0000e+00
       1693    166.299     6.9985   3.491911    34.5159    27.0376 0.0000e+00
       1694    166.304     7.0037   3.492616    34.5185    27.0389 0.0000e+00
       1695    166.286     7.0063   3.492995    34.5200    27.0398 0.0000e+00
       1696    166.235     7.0039   3.492578    34.5179    27.0384 0.0000e+00
       1697    166.151     6.9995   3.491894    34.5148    27.0366 0.0000e+00
       1698    166.044     6.9952   3.491563    34.5155    27.0378 0.0000e+00
       1699    165.921     6.9872   3.490627    34.5133    27.0372 0.0000e+00
       1700    165.789     6.9797   3.489502    34.5085    27.0344 0.0000e+00
       1701    165.649     6.9816   3.489906    34.5111    27.0362 0.0000e+00
       1702    165.501     6.9865   3.490725    34.5153    27.0388 0.0000e+00
       1703    165.344     6.9847   3.490318    34.5127    27.0370 0.0000e+00
       1704    165.178     6.9815   3.489823    34.5106    27.0358 0.0000e+00
       1705    165.005     6.9822   3.490104    34.5130    27.0376 0.0000e+00
       1706    164.829     6.9825   3.490176    34.5136    27.0380 0.0000e+00
       1707    164.649     6.9815   3.489954    34.5123    27.0371 0.0000e+00
       1708    164.470     6.9813   3.489968    34.5127    27.0375 0.0000e+00
       1709    164.295     6.9794   3.489940    34.5144    27.0391 0.0000e+00
       1710    164.117     6.9749   3.489518    34.5143    27.0397 0.0000e+00
       1711    163.933     6.9723   3.489250    34.5141    27.0398 0.0000e+00
       1712    163.745     6.9736   3.489422    34.5148    27.0402 0.0000e+00
       1713    163.557     6.9754   3.489467    34.5136    27.0390 0.0000e+00
       1714    163.370     6.9756   3.489414    34.5129    27.0384 0.0000e+00
       1715    163.182     6.9731   3.489285    34.5140    27.0397 0.0000e+00
       1716    162.991     6.9681   3.489060    34.5167    27.0424 0.0000e+00
       1717    162.796     6.9664   3.489084    34.5187    27.0443 0.0000e+00
       1718    162.600     6.9661   3.489113    34.5195    27.0449 0.0000e+00
       1719    162.404     6.9448   3.487851    34.5270    27.0538 0.0000e+00
       1720    162.211     6.8846   3.481876    34.5217    27.0579 0.0000e+00
       1721    162.022     6.8083   3.472102    34.4906    27.0438 0.0000e+00
       1722    161.833     6.7545   3.465754    34.4746    27.0385 0.0000e+00
       1723    161.641     6.7394   3.466051    34.4931    27.0551 0.0000e+00
       1724    161.449     6.7566   3.468659    34.5048    27.0620 0.0000e+00
       1725    161.260     6.7807   3.468795    34.4822    27.0409 0.0000e+00
       1726    161.070     6.7886   3.467710    34.4623    27.0242 0.0000e+00
       1727    160.879     6.7710   3.467243    34.4749    27.0365 0.0000e+00
       1728    160.686     6.7230   3.464413    34.4920    27.0565 0.0000e+00
       1729    160.490     6.6596   3.457224    34.4763    27.0526 0.0000e+00
       1730    160.294     6.6191   3.452102    34.4603    27.0454 0.0000e+00
       1731    160.097     6.6204   3.452092    34.4590    27.0442 0.0000e+00
       1732    159.894     6.6367   3.451285    34.4337    27.0221 0.0000e+00
       1733    159.690     6.6342   3.450179    34.4241    27.0149 0.0000e+00
       1734    159.493     6.6116   3.451184    34.4581    27.0447 0.0000e+00
       1735    159.305     6.5949   3.451642    34.4801    27.0643 0.0000e+00
       1736    159.125     6.6021   3.450198    34.4569    27.0450 0.0000e+00
       1737    158.949     6.6128   3.446279    34.4027    27.0009 0.0000e+00
       1738    158.768     6.6025   3.442175    34.3676    26.9745 0.0000e+00
       1739    158.585     6.5769   3.442208    34.3938    26.9986 0.0000e+00
       1740    158.406     6.5278   3.442259    34.4439    27.0446 0.0000e+00
       1741    158.234     6.4397   3.434505    34.4465    27.0584 0.0000e+00
       1742    158.065     6.3443   3.422646    34.4105    27.0425 0.0000e+00
       1743    157.898     6.2809   3.415199    34.3914    27.0357 0.0000e+00
       1744    157.728     6.2466   3.412338    34.3941    27.0423 0.0000e+00
       1745    157.554     6.2231   3.411595    34.4096    27.0576 0.0000e+00
       1746    157.383     6.1914   3.411776    34.4438    27.0887 0.0000e+00
       1747    157.220     6.1242   3.405359    34.4400    27.0943 0.0000e+00
       1748    157.059     6.0114   3.387782    34.3567    27.0429 0.0000e+00
       1749    156.899     5.8854   3.369551    34.2788    26.9972 0.0000e+00
       1750    156.743     5.7829   3.358546    34.2584    26.9938 0.0000e+00
       1751    156.589     5.7145   3.352281    34.2568    27.0010 0.0000e+00
       1752    156.433     5.6737   3.347926    34.2489    26.9998 0.0000e+00
       1753    156.273     5.6453   3.343930    34.2325    26.9902 0.0000e+00
       1754    156.114     5.6186   3.339952    34.2144    26.9792 0.0000e+00
       1755    155.962     5.5943   3.336821    34.2036    26.9736 0.0000e+00
       1756    155.814     5.5758   3.335174    34.2037    26.9760 0.0000e+00
       1757    155.662     5.5635   3.334795    34.2120    26.9840 0.0000e+00
       1758    155.506     5.5564   3.335186    34.2237    26.9942 0.0000e+00
       1759    155.350     5.5521   3.334802    34.2238    26.9947 0.0000e+00
       1760    155.199     5.5433   3.331621    34.1966    26.9743 0.0000e+00
       1761    155.052     5.5248   3.326901    34.1617    26.9489 0.0000e+00
       1762    154.906     5.4958   3.323158    34.1486    26.9420 0.0000e+00
       1763    154.756     5.4544   3.319129    34.1447    26.9439 0.0000e+00
       1764    154.601     5.4107   3.316592    34.1603    26.9615 0.0000e+00
       1765    154.440     5.3857   3.319593    34.2202    27.0118 0.0000e+00
       1766    154.275     5.3742   3.320183    34.2387    27.0279 0.0000e+00
       1767    154.109     5.3480   3.311787    34.1694    26.9762 0.0000e+00
       1768    153.945     5.3039   3.302286    34.1056    26.9308 0.0000e+00
       1769    153.782     5.2605   3.296611    34.0848    26.9194 0.0000e+00
       1770    153.618     5.2253   3.292421    34.0726    26.9139 0.0000e+00
       1771    153.449     5.1966   3.289022    34.0629    26.9096 0.0000e+00
       1772    153.279     5.1740   3.286930    34.0620    26.9115 0.0000e+00
       1773    153.109     5.1572   3.285642    34.0643    26.9153 0.0000e+00
       1774    152.936     5.1437   3.283869    34.0578    26.9117 0.0000e+00
       1775    152.760     5.1311   3.281477    34.0432    26.9016 0.0000e+00
       1776    152.583     5.1204   3.279659    34.0333    26.8950 0.0000e+00
       1777    152.406     5.1126   3.278627    34.0294    26.8928 0.0000e+00
       1778    152.226     5.1065   3.277875    34.0271    26.8917 0.0000e+00
       1779    152.042     5.1008   3.277185    34.0250    26.8907 0.0000e+00
       1780    151.850     5.0952   3.276507    34.0230    26.8898 0.0000e+00
       1781    151.652     5.0900   3.275831    34.0206    26.8885 0.0000e+00
       1782    151.450     5.0859   3.275399    34.0200    26.8884 0.0000e+00
       1783    151.243     5.0829   3.275620    34.0257    26.8933 0.0000e+00
       1784    151.030     5.0787   3.275317    34.0266    26.8945 0.0000e+00
       1785    150.816     5.0717   3.273566    34.0136    26.8850 0.0000e+00
       1786    150.605     5.0640   3.271976    34.0033    26.8777 0.0000e+00
       1787    150.392     5.0581   3.271361    34.0023    26.8776 0.0000e+00
       1788    150.169     5.0553   3.271674    34.0089    26.8831 0.0000e+00
       1789    149.939     5.0589   3.273951    34.0316    26.9007 0.0000e+00
       1790    149.708     5.0665   3.276432    34.0525    26.9165 0.0000e+00
       1791    149.476     5.0599   3.274227    34.0340    26.9025 0.0000e+00
       1792    149.243     5.0350   3.268581    33.9944    26.8740 0.0000e+00
       1793    149.007     5.0124   3.265493    33.9819    26.8667 0.0000e+00
       1794    148.763     5.0054   3.266293    33.9984    26.8805 0.0000e+00
       1795    148.508     5.0140   3.269104    34.0222    26.8984 0.0000e+00
       1796    148.245     5.0276   3.270825    34.0283    26.9017 0.0000e+00
       1797    147.978     5.0259   3.268736    34.0061    26.8843 0.0000e+00
       1798    147.711     5.0076   3.264740    33.9788    26.8647 0.0000e+00
       1799    147.441     4.9913   3.262449    33.9691    26.8589 0.0000e+00
       1800    147.167     4.9840   3.261839    33.9696    26.8601 0.0000e+00
       1801    146.894     4.9806   3.261515    33.9695    26.8604 0.0000e+00
       1802    146.620     4.9779   3.261234    33.9691    26.8605 0.0000e+00
       1803    146.338     4.9753   3.260873    33.9677    26.8597 0.0000e+00
       1804    146.050     4.9727   3.260427    33.9654    26.8581 0.0000e+00
       1805    145.757     4.9698   3.259961    33.9631    26.8566 0.0000e+00
       1806    145.456     4.9666   3.259539    33.9616    26.8558 0.0000e+00
       1807    145.144     4.9637   3.259397    33.9631    26.8573 0.0000e+00
       1808    144.824     4.9611   3.259582    33.9681    26.8616 0.0000e+00
       1809    144.496     4.9588   3.260110    33.9767    26.8686 0.0000e+00
       1810    144.164     4.9545   3.259926    33.9791    26.8711 0.0000e+00
       1811    143.827     4.9458   3.257955    33.9654    26.8612 0.0000e+00
       1812    143.484     4.9353   3.255843    33.9518    26.8516 0.0000e+00
       1813    143.136     4.9275   3.254810    33.9480    26.8495 0.0000e+00
       1814    142.783     4.9216   3.254192    33.9471    26.8494 0.0000e+00
       1815    142.422     4.9148   3.253468    33.9458    26.8492 0.0000e+00
       1816    142.055     4.9055   3.252428    33.9435    26.8483 0.0000e+00
       1817    141.681     4.8955   3.251203    33.9397    26.8465 0.0000e+00
       1818    141.304     4.8870   3.250096    33.9357    26.8443 0.0000e+00
       1819    140.927     4.8810   3.249358    33.9335    26.8432 0.0000e+00
       1820    140.547     4.8770   3.249010    33.9337    26.8438 0.0000e+00
       1821    140.162     4.8737   3.248805    33.9349    26.8452 0.0000e+00
       1822    139.773     4.8675   3.248081    33.9331    26.8444 0.0000e+00
       1823    139.377     4.8542   3.246532    33.9289    26.8426 0.0000e+00
       1824    138.974     4.8324   3.244516    33.9280    26.8443 0.0000e+00
       1825    138.565     4.7966   3.241988    33.9354    26.8542 0.0000e+00
       1826    138.153     4.7219   3.235380    33.9352    26.8623 0.0000e+00
       1827    137.737     4.5905   3.220350    33.8948    26.8447 0.0000e+00
       1828    137.314     4.4360   3.201988    33.8387    26.8168 0.0000e+00
       1829    136.884     4.3080   3.188649    33.8137    26.8105 0.0000e+00
       1830    136.446     4.2202   3.180706    33.8106    26.8173 0.0000e+00
       1831    136.001     4.1647   3.176499    33.8183    26.8292 0.0000e+00
       1832    135.556     4.1078   3.174213    33.8502    26.8604 0.0000e+00
       1833    135.108     3.9787   3.161579    33.8341    26.8609 0.0000e+00
       1834    134.652     3.7671   3.134142    33.7267    26.7966 0.0000e+00
       1835    134.189     3.5610   3.110441    33.6568    26.7610 0.0000e+00
       1836    133.713     3.4082   3.100743    33.6990    26.8091 0.0000e+00
       1837    133.227     3.3176   3.103515    33.8270    26.9197 0.0000e+00
       1838    132.741     3.3469   3.113319    33.9149    26.9870 0.0000e+00
       1839    132.259     3.3564   3.111194    33.8796    26.9580 0.0000e+00
       1840    131.778     3.0115   3.064475    33.6745    26.8260 0.0000e+00
       1841    131.289     2.3510   2.981278    33.3452    26.6187 0.0000e+00
       1842    130.780     1.7782   2.924031    33.2334    26.5727 0.0000e+00
       1843    130.258     1.4815   2.908861    33.3562    26.6921 0.0000e+00
       1844    129.732     1.3615   2.905782    33.4452    26.7717 0.0000e+00
       1845    129.199     1.2956   2.899631    33.4376    26.7700 0.0000e+00
       1846    128.655     1.2202   2.886551    33.3516    26.7060 0.0000e+00
