Datasets/Test_Dataset_39219_tow/originals/tel219_2021_065.cnv
* Sea-Bird SBE19plus Data File:
* Filename = C:/AQUIRE/tel219_2021_065.hex
* Software Version AquireV2 AF V2.0
* Temperature SN =  4020
* Conductivity SN =  4020
* System UpLoad Time = May 14 2021 23:05:47
** VESSEL/TRIP/SEQ STN: tel219_2021_065
** LATITUDE: 45 44.67 N
** LONGITUDE: 54 29.69 W
** DATE/TIME: 2021-05-14 22:19
** SOUNDING DEPTH (M): 0084
** PROBE TYPE: S4020
** CTD NUMBER: 065
** FORMAT: T
** COMMENTS: 
# nquan = 7                                 
# nvalues = 2751                        
# units = specified
# name 0 = scan: Scan Count
# name 1 = prdM: Pressure, Strain Gauge [db]
# name 2 = tv290C: Temperature [ITS-90, deg C]
# name 3 = c0S/m: Conductivity [S/m]
# name 4 = sal00: Salinity, Practical [PSU]
# name 5 = sigma-t00: Density [sigma-t, kg/m^3 ]
# name 6 = flag: flag
# span 0 =          1,       2751       
# span 1 =     -0.097,     80.283       
# span 2 =     0.4476,     4.6211       
# span 3 =   0.006075,   3.035221       
# span 4 =     0.0454,    32.9207       
# span 5 =     0.0085,    26.2682       
# span 6 = 0.0000e+00, 0.0000e+00       
# interval = seconds: 1
# start_time = May 14 2021 22:19:35 [Instrument's time stamp, header]
# bad_flag = -9.990e-29
*END*
[from data line 1231]
       1232     79.729     0.4532   2.771430    32.7127    26.2373 0.0000e+00
       1233     79.730     0.4531   2.771424    32.7127    26.2374 0.0000e+00
       1234     79.723     0.4531   2.771417    32.7126    26.2373 0.0000e+00
       1235     79.716     0.4531   2.771405    32.7125    26.2372 0.0000e+00
       1236     79.711     0.4530   2.771392    32.7124    26.2371 0.0000e+00
       1237     79.703     0.4528   2.771380    32.7125    26.2372 0.0000e+00
       1238     79.694     0.4526   2.771364    32.7125    26.2372 0.0000e+00
       1239     79.687     0.4523   2.771340    32.7125    26.2372 0.0000e+00
       1240     79.682     0.4520   2.771313    32.7125    26.2372 0.0000e+00
       1241     79.683     0.4518   2.771295    32.7125    26.2372 0.0000e+00
       1242     79.687     0.4519   2.771293    32.7123    26.2371 0.0000e+00
       1243     79.693     0.4522   2.771307    32.7122    26.2370 0.0000e+00
       1244     79.705     0.4522   2.771319    32.7123    26.2371 0.0000e+00
       1245     79.721     0.4522   2.771316    32.7123    26.2370 0.0000e+00
       1246     79.730     0.4520   2.771308    32.7124    26.2371 0.0000e+00
       1247     79.717     0.4518   2.771297    32.7125    26.2372 0.0000e+00
       1248     79.686     0.4516   2.771281    32.7125    26.2372 0.0000e+00
       1249     79.660     0.4515   2.771256    32.7123    26.2371 0.0000e+00
       1250     79.649     0.4515   2.771238    32.7121    26.2369 0.0000e+00
       1251     79.653     0.4517   2.771245    32.7119    26.2368 0.0000e+00
       1252     79.668     0.4520   2.771264    32.7118    26.2367 0.0000e+00
       1253     79.681     0.4523   2.771279    32.7117    26.2366 0.0000e+00
       1254     79.691     0.4520   2.771263    32.7118    26.2367 0.0000e+00
       1255     79.707     0.4516   2.771236    32.7119    26.2368 0.0000e+00
       1256     79.726     0.4512   2.771222    32.7121    26.2370 0.0000e+00
       1257     79.731     0.4510   2.771215    32.7122    26.2371 0.0000e+00
       1258     79.720     0.4510   2.771205    32.7121    26.2370 0.0000e+00
       1259     79.710     0.4510   2.771195    32.7120    26.2369 0.0000e+00
       1260     79.709     0.4512   2.771201    32.7119    26.2368 0.0000e+00
       1261     79.709     0.4515   2.771220    32.7118    26.2367 0.0000e+00
       1262     79.695     0.4517   2.771230    32.7117    26.2366 0.0000e+00
       1263     79.669     0.4516   2.771222    32.7117    26.2366 0.0000e+00
       1264     79.646     0.4513   2.771202    32.7118    26.2367 0.0000e+00
       1265     79.635     0.4509   2.771182    32.7120    26.2369 0.0000e+00
       1266     79.641     0.4507   2.771171    32.7120    26.2369 0.0000e+00
       1267     79.661     0.4507   2.771174    32.7121    26.2369 0.0000e+00
       1268     79.677     0.4507   2.771178    32.7121    26.2370 0.0000e+00
       1269     79.684     0.4507   2.771179    32.7121    26.2370 0.0000e+00
       1270     79.689     0.4508   2.771178    32.7120    26.2369 0.0000e+00
       1271     79.695     0.4507   2.771167    32.7119    26.2369 0.0000e+00
       1272     79.701     0.4506   2.771149    32.7118    26.2368 0.0000e+00
       1273     79.707     0.4504   2.771133    32.7118    26.2368 0.0000e+00
       1274     79.702     0.4501   2.771120    32.7120    26.2369 0.0000e+00
       1275     79.683     0.4501   2.771116    32.7119    26.2369 0.0000e+00
       1276     79.661     0.4501   2.771116    32.7119    26.2369 0.0000e+00
       1277     79.648     0.4502   2.771111    32.7118    26.2367 0.0000e+00
       1278     79.649     0.4505   2.771111    32.7115    26.2365 0.0000e+00
       1279     79.657     0.4508   2.771131    32.7114    26.2364 0.0000e+00
       1280     79.671     0.4512   2.771156    32.7113    26.2363 0.0000e+00
       1281     79.691     0.4512   2.771165    32.7114    26.2364 0.0000e+00
       1282     79.710     0.4512   2.771158    32.7113    26.2363 0.0000e+00
       1283     79.714     0.4509   2.771144    32.7114    26.2364 0.0000e+00
       1284     79.703     0.4507   2.771129    32.7115    26.2365 0.0000e+00
       1285     79.696     0.4505   2.771109    32.7114    26.2364 0.0000e+00
       1286     79.699     0.4503   2.771093    32.7114    26.2364 0.0000e+00
       1287     79.700     0.4501   2.771090    32.7116    26.2366 0.0000e+00
       1288     79.687     0.4501   2.771089    32.7116    26.2366 0.0000e+00
       1289     79.662     0.4498   2.771073    32.7117    26.2367 0.0000e+00
       1290     79.638     0.4496   2.771049    32.7116    26.2366 0.0000e+00
       1291     79.630     0.4496   2.771033    32.7114    26.2365 0.0000e+00
       1292     79.636     0.4494   2.771034    32.7116    26.2367 0.0000e+00
       1293     79.643     0.4492   2.771040    32.7119    26.2369 0.0000e+00
       1294     79.649     0.4491   2.771024    32.7118    26.2368 0.0000e+00
       1295     79.658     0.4491   2.771006    32.7116    26.2366 0.0000e+00
       1296     79.662     0.4490   2.771006    32.7117    26.2367 0.0000e+00
       1297     79.655     0.4490   2.771007    32.7117    26.2367 0.0000e+00
       1298     79.641     0.4490   2.770999    32.7116    26.2367 0.0000e+00
       1299     79.629     0.4489   2.770988    32.7116    26.2366 0.0000e+00
       1300     79.629     0.4487   2.770977    32.7116    26.2367 0.0000e+00
       1301     79.645     0.4486   2.770967    32.7116    26.2367 0.0000e+00
       1302     79.656     0.4486   2.770966    32.7116    26.2367 0.0000e+00
       1303     79.643     0.4488   2.770969    32.7114    26.2365 0.0000e+00
       1304     79.604     0.4490   2.770969    32.7112    26.2364 0.0000e+00
       1305     79.558     0.4493   2.770978    32.7111    26.2362 0.0000e+00
       1306     79.526     0.4495   2.770990    32.7110    26.2362 0.0000e+00
       1307     79.526     0.4496   2.770990    32.7109    26.2361 0.0000e+00
       1308     79.551     0.4495   2.770989    32.7110    26.2361 0.0000e+00
       1309     79.571     0.4494   2.770989    32.7111    26.2362 0.0000e+00
       1310     79.575     0.4495   2.770986    32.7109    26.2361 0.0000e+00
       1311     79.574     0.4495   2.770976    32.7108    26.2360 0.0000e+00
       1312     79.581     0.4494   2.770965    32.7108    26.2360 0.0000e+00
       1313     79.592     0.4492   2.770956    32.7109    26.2361 0.0000e+00
       1314     79.593     0.4490   2.770950    32.7110    26.2362 0.0000e+00
       1315     79.588     0.4487   2.770935    32.7111    26.2363 0.0000e+00
       1316     79.594     0.4485   2.770907    32.7110    26.2362 0.0000e+00
       1317     79.609     0.4482   2.770888    32.7110    26.2362 0.0000e+00
       1318     79.617     0.4481   2.770889    32.7111    26.2363 0.0000e+00
       1319     79.610     0.4482   2.770895    32.7111    26.2363 0.0000e+00
       1320     79.598     0.4485   2.770903    32.7109    26.2361 0.0000e+00
       1321     79.594     0.4487   2.770915    32.7109    26.2361 0.0000e+00
       1322     79.602     0.4489   2.770926    32.7108    26.2360 0.0000e+00
       1323     79.603     0.4490   2.770937    32.7108    26.2360 0.0000e+00
       1324     79.581     0.4490   2.770937    32.7108    26.2360 0.0000e+00
       1325     79.542     0.4490   2.770933    32.7108    26.2360 0.0000e+00
       1326     79.509     0.4489   2.770921    32.7108    26.2360 0.0000e+00
       1327     79.502     0.4487   2.770911    32.7109    26.2361 0.0000e+00
       1328     79.523     0.4486   2.770911    32.7109    26.2362 0.0000e+00
       1329     79.548     0.4486   2.770913    32.7110    26.2362 0.0000e+00
       1330     79.554     0.4486   2.770922    32.7111    26.2363 0.0000e+00
       1331     79.538     0.4487   2.770920    32.7109    26.2362 0.0000e+00
       1332     79.517     0.4486   2.770898    32.7108    26.2360 0.0000e+00
       1333     79.511     0.4486   2.770881    32.7106    26.2359 0.0000e+00
       1334     79.525     0.4485   2.770867    32.7105    26.2358 0.0000e+00
       1335     79.549     0.4485   2.770853    32.7103    26.2356 0.0000e+00
       1336     79.574     0.4484   2.770851    32.7103    26.2357 0.0000e+00
       1337     79.595     0.4485   2.770864    32.7104    26.2357 0.0000e+00
       1338     79.610     0.4486   2.770878    32.7105    26.2358 0.0000e+00
       1339     79.621     0.4487   2.770887    32.7105    26.2358 0.0000e+00
       1340     79.628     0.4487   2.770885    32.7104    26.2357 0.0000e+00
       1341     79.632     0.4485   2.770866    32.7104    26.2357 0.0000e+00
       1342     79.630     0.4483   2.770851    32.7104    26.2358 0.0000e+00
       1343     79.616     0.4482   2.770848    32.7105    26.2358 0.0000e+00
       1344     79.602     0.4481   2.770843    32.7105    26.2359 0.0000e+00
       1345     79.601     0.4481   2.770841    32.7105    26.2358 0.0000e+00
       1346     79.613     0.4479   2.770835    32.7106    26.2360 0.0000e+00
       1347     79.630     0.4477   2.770822    32.7107    26.2360 0.0000e+00
       1348     79.647     0.4476   2.770805    32.7106    26.2359 0.0000e+00
       1349     79.658     0.4476   2.770796    32.7104    26.2358 0.0000e+00
       1350     79.667     0.4476   2.770801    32.7105    26.2358 0.0000e+00
       1351     79.682     0.4476   2.770808    32.7106    26.2359 0.0000e+00
       1352     79.692     0.4476   2.770809    32.7106    26.2359 0.0000e+00
       1353     79.685     0.4476   2.770806    32.7105    26.2359 0.0000e+00
       1354     79.660     0.4476   2.770802    32.7105    26.2359 0.0000e+00
       1355     79.626     0.4476   2.770795    32.7104    26.2358 0.0000e+00
       1356     79.597     0.4476   2.770781    32.7103    26.2357 0.0000e+00
       1357     79.591     0.4476   2.770772    32.7102    26.2356 0.0000e+00
       1358     79.613     0.4476   2.770776    32.7102    26.2356 0.0000e+00
       1359     79.641     0.4478   2.770783    32.7101    26.2355 0.0000e+00
       1360     79.657     0.4480   2.770791    32.7099    26.2354 0.0000e+00
       1361     79.661     0.4481   2.770797    32.7099    26.2354 0.0000e+00
       1362     79.666     0.4481   2.770805    32.7100    26.2354 0.0000e+00
       1363     79.679     0.4482   2.770818    32.7101    26.2355 0.0000e+00
       1364     79.693     0.4484   2.770824    32.7099    26.2354 0.0000e+00
       1365     79.699     0.4485   2.770818    32.7097    26.2352 0.0000e+00
       1366     79.697     0.4483   2.770806    32.7098    26.2353 0.0000e+00
       1367     79.693     0.4481   2.770797    32.7099    26.2353 0.0000e+00
       1368     79.690     0.4481   2.770800    32.7099    26.2354 0.0000e+00
       1369     79.690     0.4481   2.770807    32.7100    26.2354 0.0000e+00
       1370     79.690     0.4483   2.770816    32.7099    26.2354 0.0000e+00
       1371     79.693     0.4487   2.770833    32.7097    26.2352 0.0000e+00
       1372     79.708     0.4493   2.770847    32.7093    26.2348 0.0000e+00
       1373     79.730     0.4496   2.770851    32.7090    26.2345 0.0000e+00
       1374     79.746     0.4496   2.770854    32.7090    26.2346 0.0000e+00
       1375     79.750     0.4496   2.770856    32.7090    26.2346 0.0000e+00
       1376     79.751     0.4494   2.770851    32.7092    26.2347 0.0000e+00
       1377     79.756     0.4490   2.770844    32.7095    26.2350 0.0000e+00
       1378     79.757     0.4487   2.770841    32.7098    26.2352 0.0000e+00
       1379     79.753     0.4488   2.770842    32.7097    26.2351 0.0000e+00
       1380     79.747     0.4490   2.770843    32.7095    26.2350 0.0000e+00
       1381     79.742     0.4491   2.770839    32.7094    26.2348 0.0000e+00
       1382     79.733     0.4489   2.770827    32.7094    26.2349 0.0000e+00
       1383     79.720     0.4488   2.770811    32.7093    26.2348 0.0000e+00
       1384     79.708     0.4490   2.770807    32.7091    26.2346 0.0000e+00
       1385     79.710     0.4489   2.770799    32.7091    26.2346 0.0000e+00
       1386     79.733     0.4486   2.770778    32.7091    26.2347 0.0000e+00
       1387     79.763     0.4484   2.770778    32.7093    26.2348 0.0000e+00
       1388     79.783     0.4484   2.770798    32.7095    26.2350 0.0000e+00
       1389     79.787     0.4486   2.770802    32.7094    26.2349 0.0000e+00
       1390     79.782     0.4486   2.770787    32.7092    26.2347 0.0000e+00
       1391     79.777     0.4484   2.770773    32.7092    26.2348 0.0000e+00
       1392     79.776     0.4482   2.770766    32.7093    26.2349 0.0000e+00
       1393     79.782     0.4481   2.770771    32.7095    26.2350 0.0000e+00
       1394     79.791     0.4483   2.770783    32.7094    26.2350 0.0000e+00
       1395     79.790     0.4484   2.770786    32.7094    26.2349 0.0000e+00
       1396     79.771     0.4485   2.770785    32.7093    26.2348 0.0000e+00
       1397     79.748     0.4486   2.770785    32.7092    26.2347 0.0000e+00
       1398     79.740     0.4486   2.770777    32.7091    26.2347 0.0000e+00
       1399     79.751     0.4486   2.770772    32.7090    26.2346 0.0000e+00
       1400     79.772     0.4486   2.770781    32.7091    26.2347 0.0000e+00
       1401     79.784     0.4486   2.770790    32.7092    26.2348 0.0000e+00
       1402     79.781     0.4487   2.770790    32.7091    26.2347 0.0000e+00
       1403     79.772     0.4486   2.770789    32.7092    26.2348 0.0000e+00
       1404     79.769     0.4486   2.770783    32.7091    26.2347 0.0000e+00
       1405     79.775     0.4486   2.770778    32.7091    26.2346 0.0000e+00
       1406     79.784     0.4485   2.770780    32.7092    26.2348 0.0000e+00
       1407     79.785     0.4486   2.770787    32.7092    26.2347 0.0000e+00
       1408     79.764     0.4486   2.770792    32.7093    26.2348 0.0000e+00
       1409     79.725     0.4486   2.770788    32.7092    26.2348 0.0000e+00
       1410     79.688     0.4486   2.770773    32.7091    26.2346 0.0000e+00
       1411     79.675     0.4485   2.770758    32.7090    26.2346 0.0000e+00
       1412     79.690     0.4485   2.770751    32.7089    26.2345 0.0000e+00
       1413     79.713     0.4486   2.770752    32.7088    26.2344 0.0000e+00
       1414     79.725     0.4486   2.770757    32.7088    26.2345 0.0000e+00
       1415     79.723     0.4486   2.770762    32.7089    26.2345 0.0000e+00
       1416     79.719     0.4487   2.770766    32.7088    26.2345 0.0000e+00
       1417     79.725     0.4489   2.770773    32.7087    26.2343 0.0000e+00
       1418     79.740     0.4492   2.770782    32.7085    26.2342 0.0000e+00
       1419     79.755     0.4495   2.770796    32.7084    26.2340 0.0000e+00
       1420     79.764     0.4496   2.770807    32.7084    26.2340 0.0000e+00
       1421     79.769     0.4496   2.770800    32.7083    26.2340 0.0000e+00
       1422     79.772     0.4495   2.770786    32.7082    26.2339 0.0000e+00
       1423     79.775     0.4493   2.770772    32.7082    26.2340 0.0000e+00
       1424     79.781     0.4489   2.770756    32.7085    26.2341 0.0000e+00
       1425     79.793     0.4487   2.770751    32.7086    26.2343 0.0000e+00
       1426     79.807     0.4487   2.770754    32.7086    26.2343 0.0000e+00
       1427     79.818     0.4487   2.770758    32.7087    26.2343 0.0000e+00
       1428     79.822     0.4486   2.770760    32.7088    26.2344 0.0000e+00
       1429     79.816     0.4486   2.770762    32.7088    26.2345 0.0000e+00
       1430     79.807     0.4486   2.770757    32.7088    26.2344 0.0000e+00
       1431     79.807     0.4486   2.770754    32.7087    26.2344 0.0000e+00
       1432     79.817     0.4486   2.770753    32.7087    26.2344 0.0000e+00
       1433     79.828     0.4486   2.770753    32.7087    26.2344 0.0000e+00
       1434     79.833     0.4486   2.770755    32.7087    26.2344 0.0000e+00
       1435     79.828     0.4486   2.770756    32.7088    26.2344 0.0000e+00
