Datasets/Test_Dataset_39219_tow/originals/tel219_2021_024.cnv
* Sea-Bird SBE19plus Data File:
* Filename = C:/AQUIRE/tel219_2021_024.hex
* Software Version AquireV2 AF V2.0
* Temperature SN =  4020
* Conductivity SN =  4020
* System UpLoad Time = May 08 2021 09:52:55
** VESSEL/TRIP/SEQ STN: tel219_2021_024
** LATITUDE: 46 25.86 N
** LONGITUDE: 57 23.39 W
** DATE/TIME: 2021-05-08 09:03
** SOUNDING DEPTH (M): 0202
** PROBE TYPE: S4020
** CTD NUMBER:  24
** FORMAT: T
** COMMENTS: 
# nquan = 7                                 
# nvalues = 3057                        
# units = specified
# name 0 = scan: Scan Count
# name 1 = prdM: Pressure, Strain Gauge [db]
# name 2 = tv290C: Temperature [ITS-90, deg C]
# name 3 = c0S/m: Conductivity [S/m]
# name 4 = sal00: Salinity, Practical [PSU]
# name 5 = sigma-t00: Density [sigma-t, kg/m^3 ]
# name 6 = flag: flag
# span 0 =          1,       3057       
# span 1 =     -0.677,    201.577       
# span 2 =     1.8163,     9.0239       
# span 3 =   0.006005,   3.729878       
# span 4 =     0.0450,    35.0481       
# span 5 =     0.0098,    27.1543       
# span 6 = 0.0000e+00, 0.0000e+00       
# interval = seconds: 1
# start_time = May 08 2021 09:03:01 [Instrument's time stamp, header]
# bad_flag = -9.990e-29
*END*
[from data line 1847]
       1848    200.015     9.0099   3.727440    35.0291    27.1394 0.0000e+00
       1849    200.009     9.0094   3.727409    35.0293    27.1396 0.0000e+00
       1850    200.011     9.0092   3.727432    35.0297    27.1400 0.0000e+00
       1851    200.021     9.0094   3.727509    35.0303    27.1404 0.0000e+00
       1852    200.027     9.0098   3.727613    35.0310    27.1409 0.0000e+00
       1853    200.025     9.0101   3.727675    35.0313    27.1411 0.0000e+00
       1854    200.015     9.0102   3.727689    35.0314    27.1411 0.0000e+00
       1855    200.002     9.0102   3.727702    35.0315    27.1413 0.0000e+00
       1856    199.993     9.0102   3.727718    35.0317    27.1414 0.0000e+00
       1857    199.990     9.0104   3.727737    35.0317    27.1414 0.0000e+00
       1858    199.989     9.0109   3.727787    35.0317    27.1413 0.0000e+00
       1859    199.990     9.0114   3.727859    35.0320    27.1414 0.0000e+00
       1860    199.994     9.0117   3.727920    35.0323    27.1416 0.0000e+00
       1861    199.994     9.0121   3.727959    35.0324    27.1416 0.0000e+00
       1862    199.985     9.0122   3.727980    35.0325    27.1417 0.0000e+00
       1863    199.970     9.0125   3.727995    35.0324    27.1415 0.0000e+00
       1864    199.961     9.0127   3.728001    35.0322    27.1414 0.0000e+00
       1865    199.963     9.0129   3.728003    35.0321    27.1412 0.0000e+00
       1866    199.973     9.0130   3.728006    35.0320    27.1412 0.0000e+00
       1867    199.983     9.0130   3.728027    35.0322    27.1413 0.0000e+00
       1868    199.987     9.0130   3.728081    35.0328    27.1418 0.0000e+00
       1869    199.987     9.0130   3.728121    35.0332    27.1421 0.0000e+00
       1870    199.985     9.0128   3.728140    35.0336    27.1424 0.0000e+00
       1871    199.980     9.0126   3.728169    35.0341    27.1429 0.0000e+00
       1872    199.969     9.0127   3.728217    35.0345    27.1432 0.0000e+00
       1873    199.951     9.0128   3.728282    35.0351    27.1436 0.0000e+00
       1874    199.933     9.0129   3.728370    35.0359    27.1442 0.0000e+00
       1875    199.927     9.0132   3.728457    35.0365    27.1447 0.0000e+00
       1876    199.932     9.0137   3.728510    35.0366    27.1446 0.0000e+00
       1877    199.935     9.0142   3.728530    35.0363    27.1443 0.0000e+00
       1878    199.930     9.0145   3.728509    35.0358    27.1439 0.0000e+00
       1879    199.918     9.0145   3.728431    35.0350    27.1433 0.0000e+00
       1880    199.908     9.0145   3.728314    35.0338    27.1423 0.0000e+00
       1881    199.905     9.0144   3.728169    35.0323    27.1412 0.0000e+00
       1882    199.904     9.0144   3.728083    35.0314    27.1405 0.0000e+00
       1883    199.899     9.0147   3.728144    35.0318    27.1407 0.0000e+00
       1884    199.886     9.0152   3.728234    35.0322    27.1410 0.0000e+00
       1885    199.873     9.0152   3.728239    35.0323    27.1410 0.0000e+00
       1886    199.870     9.0151   3.728185    35.0318    27.1407 0.0000e+00
       1887    199.873     9.0150   3.728142    35.0315    27.1404 0.0000e+00
       1888    199.871     9.0150   3.728130    35.0314    27.1403 0.0000e+00
       1889    199.861     9.0150   3.728086    35.0309    27.1400 0.0000e+00
       1890    199.851     9.0151   3.728047    35.0304    27.1396 0.0000e+00
       1891    199.848     9.0155   3.728171    35.0313    27.1402 0.0000e+00
       1892    199.852     9.0160   3.728379    35.0330    27.1415 0.0000e+00
       1893    199.859     9.0165   3.728476    35.0335    27.1418 0.0000e+00
       1894    199.867     9.0168   3.728470    35.0331    27.1415 0.0000e+00
       1895    199.877     9.0168   3.728355    35.0319    27.1405 0.0000e+00
       1896    199.883     9.0165   3.728141    35.0300    27.1390 0.0000e+00
       1897    199.880     9.0160   3.727944    35.0284    27.1379 0.0000e+00
       1898    199.866     9.0152   3.727790    35.0276    27.1374 0.0000e+00
       1899    199.853     9.0146   3.727775    35.0280    27.1378 0.0000e+00
       1900    199.849     9.0143   3.728014    35.0308    27.1401 0.0000e+00
       1901    199.849     9.0138   3.728328    35.0346    27.1431 0.0000e+00
       1902    199.842     9.0132   3.728510    35.0371    27.1451 0.0000e+00
       1903    199.828     9.0130   3.728577    35.0380    27.1459 0.0000e+00
       1904    199.815     9.0131   3.728605    35.0382    27.1460 0.0000e+00
       1905    199.807     9.0136   3.728604    35.0377    27.1456 0.0000e+00
       1906    199.807     9.0143   3.728555    35.0365    27.1445 0.0000e+00
       1907    199.811     9.0145   3.728549    35.0363    27.1443 0.0000e+00
       1908    199.811     9.0144   3.728618    35.0371    27.1449 0.0000e+00
       1909    199.808     9.0144   3.728645    35.0374    27.1451 0.0000e+00
       1910    199.805     9.0146   3.728604    35.0367    27.1446 0.0000e+00
       1911    199.798     9.0150   3.728518    35.0355    27.1436 0.0000e+00
       1912    199.786     9.0154   3.728360    35.0334    27.1419 0.0000e+00
       1913    199.772     9.0158   3.728173    35.0311    27.1400 0.0000e+00
       1914    199.764     9.0161   3.728074    35.0297    27.1389 0.0000e+00
       1915    199.768     9.0162   3.728087    35.0298    27.1389 0.0000e+00
       1916    199.785     9.0161   3.728090    35.0299    27.1390 0.0000e+00
       1917    199.805     9.0160   3.727984    35.0289    27.1382 0.0000e+00
       1918    199.818     9.0160   3.727849    35.0275    27.1371 0.0000e+00
       1919    199.824     9.0159   3.727813    35.0272    27.1369 0.0000e+00
       1920    199.827     9.0154   3.727907    35.0287    27.1382 0.0000e+00
       1921    199.825     9.0147   3.728094    35.0313    27.1403 0.0000e+00
       1922    199.824     9.0139   3.728342    35.0347    27.1431 0.0000e+00
       1923    199.826     9.0131   3.728577    35.0379    27.1458 0.0000e+00
       1924    199.821     9.0129   3.728718    35.0396    27.1471 0.0000e+00
       1925    199.798     9.0128   3.728787    35.0404    27.1478 0.0000e+00
       1926    199.763     9.0129   3.728844    35.0410    27.1482 0.0000e+00
       1927    199.727     9.0130   3.728898    35.0414    27.1486 0.0000e+00
       1928    199.703     9.0130   3.728932    35.0418    27.1488 0.0000e+00
       1929    199.694     9.0130   3.728934    35.0418    27.1489 0.0000e+00
       1930    199.685     9.0129   3.728914    35.0417    27.1488 0.0000e+00
       1931    199.662     9.0128   3.728895    35.0416    27.1487 0.0000e+00
       1932    199.628     9.0127   3.728880    35.0416    27.1487 0.0000e+00
       1933    199.601     9.0127   3.728858    35.0414    27.1486 0.0000e+00
       1934    199.590     9.0126   3.728824    35.0411    27.1484 0.0000e+00
       1935    199.589     9.0124   3.728783    35.0409    27.1482 0.0000e+00
       1936    199.584     9.0123   3.728736    35.0405    27.1479 0.0000e+00
       1937    199.564     9.0122   3.728689    35.0401    27.1477 0.0000e+00
       1938    199.534     9.0122   3.728651    35.0397    27.1474 0.0000e+00
       1939    199.502     9.0122   3.728614    35.0394    27.1471 0.0000e+00
       1940    199.479     9.0123   3.728586    35.0390    27.1467 0.0000e+00
       1941    199.474     9.0122   3.728582    35.0390    27.1468 0.0000e+00
       1942    199.480     9.0122   3.728591    35.0391    27.1469 0.0000e+00
       1943    199.478     9.0122   3.728602    35.0392    27.1470 0.0000e+00
       1944    199.458     9.0122   3.728619    35.0394    27.1471 0.0000e+00
       1945    199.422     9.0123   3.728627    35.0394    27.1471 0.0000e+00
       1946    199.378     9.0125   3.728526    35.0382    27.1461 0.0000e+00
       1947    199.345     9.0129   3.728266    35.0351    27.1436 0.0000e+00
       1948    199.338     9.0135   3.728003    35.0318    27.1409 0.0000e+00
       1949    199.351     9.0145   3.727867    35.0293    27.1388 0.0000e+00
       1950    199.359     9.0153   3.727812    35.0280    27.1376 0.0000e+00
       1951    199.346     9.0158   3.727787    35.0272    27.1370 0.0000e+00
       1952    199.318     9.0160   3.727732    35.0265    27.1363 0.0000e+00
       1953    199.294     9.0161   3.727630    35.0253    27.1354 0.0000e+00
       1954    199.284     9.0163   3.727590    35.0247    27.1349 0.0000e+00
       1955    199.287     9.0165   3.727681    35.0255    27.1355 0.0000e+00
       1956    199.298     9.0162   3.727844    35.0275    27.1371 0.0000e+00
       1957    199.305     9.0159   3.728044    35.0298    27.1390 0.0000e+00
       1958    199.297     9.0151   3.728253    35.0328    27.1415 0.0000e+00
       1959    199.273     9.0144   3.728388    35.0349    27.1432 0.0000e+00
       1960    199.248     9.0138   3.728430    35.0360    27.1442 0.0000e+00
       1961    199.232     9.0134   3.728453    35.0366    27.1447 0.0000e+00
       1962    199.229     9.0131   3.728523    35.0376    27.1456 0.0000e+00
       1963    199.234     9.0130   3.728602    35.0386    27.1463 0.0000e+00
       1964    199.234     9.0129   3.728636    35.0390    27.1467 0.0000e+00
       1965    199.219     9.0128   3.728631    35.0391    27.1467 0.0000e+00
       1966    199.197     9.0129   3.728610    35.0388    27.1465 0.0000e+00
       1967    199.179     9.0131   3.728591    35.0384    27.1462 0.0000e+00
       1968    199.173     9.0134   3.728583    35.0380    27.1458 0.0000e+00
       1969    199.178     9.0138   3.728649    35.0383    27.1460 0.0000e+00
       1970    199.186     9.0143   3.728800    35.0394    27.1467 0.0000e+00
       1971    199.189     9.0145   3.728937    35.0406    27.1477 0.0000e+00
       1972    199.186     9.0145   3.729002    35.0413    27.1482 0.0000e+00
       1973    199.179     9.0145   3.729026    35.0416    27.1484 0.0000e+00
       1974    199.174     9.0147   3.729021    35.0413    27.1482 0.0000e+00
       1975    199.171     9.0149   3.729008    35.0410    27.1479 0.0000e+00
       1976    199.170     9.0152   3.729018    35.0408    27.1477 0.0000e+00
       1977    199.170     9.0153   3.729042    35.0409    27.1478 0.0000e+00
       1978    199.169     9.0153   3.729053    35.0411    27.1479 0.0000e+00
       1979    199.164     9.0154   3.729067    35.0411    27.1479 0.0000e+00
       1980    199.152     9.0153   3.729071    35.0413    27.1480 0.0000e+00
       1981    199.133     9.0153   3.729059    35.0411    27.1480 0.0000e+00
       1982    199.120     9.0153   3.729044    35.0410    27.1478 0.0000e+00
       1983    199.125     9.0153   3.729037    35.0409    27.1478 0.0000e+00
       1984    199.145     9.0155   3.729033    35.0407    27.1476 0.0000e+00
       1985    199.162     9.0157   3.729023    35.0404    27.1473 0.0000e+00
       1986    199.165     9.0159   3.729023    35.0402    27.1471 0.0000e+00
       1987    199.154     9.0160   3.729025    35.0401    27.1470 0.0000e+00
       1988    199.138     9.0161   3.729002    35.0398    27.1467 0.0000e+00
       1989    199.130     9.0162   3.728994    35.0396    27.1466 0.0000e+00
       1990    199.136     9.0163   3.729035    35.0399    27.1468 0.0000e+00
       1991    199.144     9.0165   3.729076    35.0401    27.1470 0.0000e+00
       1992    199.136     9.0167   3.729076    35.0399    27.1468 0.0000e+00
       1993    199.110     9.0168   3.729062    35.0397    27.1466 0.0000e+00
       1994    199.080     9.0168   3.729067    35.0398    27.1466 0.0000e+00
       1995    199.058     9.0170   3.729095    35.0399    27.1467 0.0000e+00
       1996    199.055     9.0172   3.729121    35.0400    27.1467 0.0000e+00
       1997    199.066     9.0174   3.729123    35.0398    27.1465 0.0000e+00
       1998    199.077     9.0175   3.729110    35.0395    27.1463 0.0000e+00
       1999    199.077     9.0176   3.729097    35.0393    27.1461 0.0000e+00
       2000    199.063     9.0178   3.729083    35.0390    27.1458 0.0000e+00
       2001    199.046     9.0180   3.729078    35.0387    27.1456 0.0000e+00
       2002    199.040     9.0182   3.729081    35.0386    27.1455 0.0000e+00
       2003    199.053     9.0182   3.729072    35.0385    27.1454 0.0000e+00
       2004    199.075     9.0180   3.729049    35.0384    27.1454 0.0000e+00
       2005    199.086     9.0178   3.729024    35.0383    27.1454 0.0000e+00
       2006    199.084     9.0178   3.729003    35.0381    27.1452 0.0000e+00
       2007    199.082     9.0179   3.728985    35.0378    27.1449 0.0000e+00
       2008    199.091     9.0180   3.728966    35.0375    27.1447 0.0000e+00
       2009    199.107     9.0179   3.728938    35.0373    27.1445 0.0000e+00
       2010    199.121     9.0177   3.728908    35.0372    27.1445 0.0000e+00
       2011    199.128     9.0176   3.728878    35.0370    27.1443 0.0000e+00
       2012    199.132     9.0176   3.728851    35.0367    27.1441 0.0000e+00
       2013    199.142     9.0176   3.728829    35.0365    27.1439 0.0000e+00
       2014    199.158     9.0175   3.728807    35.0363    27.1438 0.0000e+00
       2015    199.178     9.0171   3.728780    35.0364    27.1440 0.0000e+00
       2016    199.196     9.0165   3.728751    35.0367    27.1443 0.0000e+00
       2017    199.211     9.0161   3.728714    35.0367    27.1444 0.0000e+00
       2018    199.226     9.0158   3.728671    35.0365    27.1443 0.0000e+00
       2019    199.241     9.0154   3.728631    35.0365    27.1443 0.0000e+00
       2020    199.254     9.0153   3.728606    35.0363    27.1442 0.0000e+00
       2021    199.260     9.0154   3.728592    35.0361    27.1440 0.0000e+00
       2022    199.257     9.0155   3.728578    35.0358    27.1438 0.0000e+00
       2023    199.248     9.0157   3.728576    35.0356    27.1436 0.0000e+00
       2024    199.239     9.0159   3.728586    35.0355    27.1435 0.0000e+00
       2025    199.234     9.0160   3.728599    35.0356    27.1435 0.0000e+00
       2026    199.235     9.0161   3.728614    35.0356    27.1435 0.0000e+00
       2027    199.239     9.0163   3.728633    35.0356    27.1435 0.0000e+00
       2028    199.242     9.0163   3.728660    35.0359    27.1437 0.0000e+00
       2029    199.235     9.0161   3.728681    35.0363    27.1441 0.0000e+00
       2030    199.215     9.0160   3.728674    35.0364    27.1441 0.0000e+00
       2031    199.191     9.0160   3.728652    35.0362    27.1439 0.0000e+00
       2032    199.176     9.0158   3.728627    35.0361    27.1439 0.0000e+00
       2033    199.176     9.0158   3.728611    35.0359    27.1438 0.0000e+00
       2034    199.182     9.0161   3.728644    35.0360    27.1438 0.0000e+00
       2035    199.185     9.0164   3.728697    35.0362    27.1439 0.0000e+00
       2036    199.180     9.0166   3.728714    35.0362    27.1439 0.0000e+00
       2037    199.164     9.0166   3.728697    35.0361    27.1438 0.0000e+00
       2038    199.142     9.0165   3.728677    35.0360    27.1437 0.0000e+00
       2039    199.123     9.0165   3.728658    35.0358    27.1436 0.0000e+00
       2040    199.118     9.0167   3.728663    35.0356    27.1434 0.0000e+00
       2041    199.130     9.0168   3.728694    35.0358    27.1436 0.0000e+00
       2042    199.145     9.0168   3.728703    35.0359    27.1436 0.0000e+00
       2043    199.144     9.0168   3.728690    35.0358    27.1435 0.0000e+00
       2044    199.125     9.0166   3.728657    35.0357    27.1434 0.0000e+00
       2045    199.090     9.0162   3.728604    35.0355    27.1434 0.0000e+00
       2046    199.055     9.0160   3.728541    35.0351    27.1431 0.0000e+00
       2047    199.042     9.0157   3.728477    35.0347    27.1428 0.0000e+00
       2048    199.052     9.0153   3.728410    35.0344    27.1427 0.0000e+00
       2049    199.068     9.0151   3.728347    35.0339    27.1423 0.0000e+00
       2050    199.073     9.0148   3.728304    35.0338    27.1423 0.0000e+00
       2051    199.062     9.0146   3.728286    35.0338    27.1423 0.0000e+00
