Datasets/Test_Dataset_39219_tow/originals/tel219_2021_025.cnv
* Sea-Bird SBE19plus Data File:
* Filename = C:/AQUIRE/tel219_2021_025.hex
* Software Version AquireV2 AF V2.0
* Temperature SN =  4020
* Conductivity SN =  4020
* System UpLoad Time = May 08 2021 15:04:18
** VESSEL/TRIP/SEQ STN: tel219_2021_025
** LATITUDE: 46 02.66 N
** LONGITUDE: 57 03.44 W
** DATE/TIME: 2021-05-08 12:45
** SOUNDING DEPTH (M): 0265
** PROBE TYPE: S4020
** CTD NUMBER: 025
** FORMAT: t
** COMMENTS: unsuccessful
# nquan = 7                                 
# nvalues = 8286                        
# units = specified
# name 0 = scan: Scan Count
# name 1 = prdM: Pressure, Strain Gauge [db]
# name 2 = tv290C: Temperature [ITS-90, deg C]
# name 3 = c0S/m: Conductivity [S/m]
# name 4 = sal00: Salinity, Practical [PSU]
# name 5 = sigma-t00: Density [sigma-t, kg/m^3 ]
# name 6 = flag: flag
# span 0 =          1,       8286       
# span 1 =     -0.667,    270.618       
# span 2 =     1.1822,     9.2051       
# span 3 =   0.004146,   3.748867       
# span 4 =     0.0311,    35.1432       
# span 5 =     0.0001,    27.3707       
# span 6 = 0.0000e+00, 0.0000e+00       
# interval = seconds: 1
# start_time = May 08 2021 12:45:38 [Instrument's time stamp, header]
# bad_flag = -9.990e-29
*END*
[from data line 5334]
       5335     -0.171     3.9468   0.004586     0.0344     0.0028 0.0000e+00
       5336     -0.168     3.9469   0.004582     0.0344     0.0028 0.0000e+00
       5337     -0.165     3.9469   0.004574     0.0344     0.0027 0.0000e+00
       5338     -0.167     3.9469   0.004570     0.0343     0.0027 0.0000e+00
       5339     -0.171     3.9467   0.004567     0.0343     0.0027 0.0000e+00
       5340     -0.173     3.9467   0.004568     0.0343     0.0027 0.0000e+00
       5341     -0.174     3.9467   0.004575     0.0344     0.0027 0.0000e+00
       5342     -0.175     3.9467   0.004580     0.0344     0.0028 0.0000e+00
       5343     -0.174     3.9467   0.004583     0.0344     0.0028 0.0000e+00
       5344     -0.172     3.9466   0.004580     0.0344     0.0028 0.0000e+00
       5345     -0.171     3.9464   0.004574     0.0344     0.0027 0.0000e+00
       5346     -0.169     3.9463   0.004569     0.0343     0.0027 0.0000e+00
       5347     -0.167     3.9463   0.004565     0.0343     0.0027 0.0000e+00
       5348     -0.169     3.9462   0.004562     0.0343     0.0026 0.0000e+00
       5349     -0.171     3.9462   0.004564     0.0343     0.0027 0.0000e+00
       5350     -0.170     3.9463   0.004569     0.0343     0.0027 0.0000e+00
       5351     -0.169     3.9464   0.004576     0.0344     0.0027 0.0000e+00
       5352     -0.172     3.9467   0.004578     0.0344     0.0027 0.0000e+00
       5353     -0.178     3.9470   0.004578     0.0344     0.0027 0.0000e+00
       5354     -0.178     3.9472   0.004578     0.0344     0.0027 0.0000e+00
       5355     -0.175     3.9474   0.004579     0.0344     0.0028 0.0000e+00
       5356     -0.176     3.9474   0.004578     0.0344     0.0027 0.0000e+00
       5357     -0.178     3.9474   0.004578     0.0344     0.0027 0.0000e+00
       5358     -0.179     3.9473   0.004578     0.0344     0.0027 0.0000e+00
       5359     -0.178     3.9471   0.004578     0.0344     0.0027 0.0000e+00
       5360     -0.175     3.9470   0.004578     0.0344     0.0027 0.0000e+00
       5361     -0.170     3.9470   0.004576     0.0344     0.0027 0.0000e+00
       5362     -0.167     3.9469   0.004573     0.0343     0.0027 0.0000e+00
       5363     -0.166     3.9467   0.004571     0.0343     0.0027 0.0000e+00
       5364     -0.167     3.9465   0.004572     0.0343     0.0027 0.0000e+00
       5365     -0.169     3.9462   0.004570     0.0343     0.0027 0.0000e+00
       5366     -0.171     3.9456   0.004564     0.0343     0.0027 0.0000e+00
       5367     -0.173     3.9451   0.004558     0.0342     0.0026 0.0000e+00
       5368     -0.174     3.9448   0.004556     0.0342     0.0026 0.0000e+00
       5369     -0.174     3.9447   0.004557     0.0342     0.0026 0.0000e+00
       5370     -0.174     3.9448   0.004557     0.0342     0.0026 0.0000e+00
       5371     -0.172     3.9448   0.004557     0.0342     0.0026 0.0000e+00
       5372     -0.170     3.9448   0.004560     0.0342     0.0026 0.0000e+00
       5373     -0.169     3.9447   0.004558     0.0342     0.0026 0.0000e+00
       5374     -0.170     3.9444   0.004553     0.0342     0.0026 0.0000e+00
       5375     -0.169     3.9442   0.004551     0.0342     0.0026 0.0000e+00
       5376     -0.168     3.9440   0.004550     0.0342     0.0026 0.0000e+00
       5377     -0.171     3.9442   0.004554     0.0342     0.0026 0.0000e+00
       5378     -0.175     3.9444   0.004560     0.0342     0.0026 0.0000e+00
       5379     -0.178     3.9444   0.004559     0.0342     0.0026 0.0000e+00
       5380     -0.179     3.9446   0.004556     0.0342     0.0026 0.0000e+00
       5381     -0.176     3.9445   0.004554     0.0342     0.0026 0.0000e+00
       5382     -0.171     3.9443   0.004551     0.0342     0.0026 0.0000e+00
       5383     -0.169     3.9441   0.004552     0.0342     0.0026 0.0000e+00
       5384     -0.168     3.9442   0.004557     0.0342     0.0026 0.0000e+00
       5385     -0.167     3.9444   0.004560     0.0342     0.0026 0.0000e+00
       5386     -0.168     3.9446   0.004558     0.0342     0.0026 0.0000e+00
       5387     -0.172     3.9446   0.004552     0.0342     0.0026 0.0000e+00
       5388     -0.177     3.9439   0.004546     0.0341     0.0026 0.0000e+00
       5389     -0.179     3.9421   0.004539     0.0341     0.0025 0.0000e+00
       5390     -0.177     3.9402   0.004535     0.0341     0.0025 0.0000e+00
       5391     -0.173     3.9393   0.004538     0.0341     0.0025 0.0000e+00
       5392     -0.171     3.9395   0.004539     0.0341     0.0025 0.0000e+00
       5393     -0.170     3.9400   0.004540     0.0341     0.0025 0.0000e+00
       5394     -0.169     3.9402   0.004538     0.0341     0.0025 0.0000e+00
       5395     -0.170     3.9404   0.004536     0.0341     0.0025 0.0000e+00
       5396     -0.173     3.9406   0.004535     0.0341     0.0025 0.0000e+00
       5397     -0.175     3.9410   0.004537     0.0341     0.0025 0.0000e+00
       5398     -0.176     3.9412   0.004540     0.0341     0.0025 0.0000e+00
       5399     -0.176     3.9412   0.004544     0.0341     0.0025 0.0000e+00
       5400     -0.174     3.9410   0.004544     0.0341     0.0025 0.0000e+00
       5401     -0.175     3.9410   0.004540     0.0341     0.0025 0.0000e+00
       5402     -0.177     3.9410   0.004538     0.0341     0.0025 0.0000e+00
       5403     -0.176     3.9410   0.004538     0.0341     0.0025 0.0000e+00
       5404     -0.174     3.9410   0.004538     0.0341     0.0025 0.0000e+00
       5405     -0.174     3.9412   0.004538     0.0341     0.0025 0.0000e+00
       5406     -0.176     3.9413   0.004537     0.0341     0.0025 0.0000e+00
       5407     -0.177     3.9411   0.004534     0.0340     0.0025 0.0000e+00
       5408     -0.177     3.9408   0.004533     0.0340     0.0025 0.0000e+00
       5409     -0.176     3.9408   0.004539     0.0341     0.0025 0.0000e+00
       5410     -0.175     3.9412   0.004548     0.0342     0.0026 0.0000e+00
       5411     -0.175     3.9418   0.004553     0.0342     0.0026 0.0000e+00
       5412     -0.177     3.9423   0.004553     0.0342     0.0026 0.0000e+00
       5413     -0.178     3.9421   0.004546     0.0341     0.0026 0.0000e+00
       5414     -0.174     3.9411   0.004540     0.0341     0.0025 0.0000e+00
       5415     -0.169     3.9397   0.004531     0.0340     0.0025 0.0000e+00
       5416     -0.167     3.9388   0.004525     0.0340     0.0024 0.0000e+00
       5417     -0.166     3.9387   0.004526     0.0340     0.0024 0.0000e+00
       5418     -0.169     3.9390   0.004534     0.0340     0.0025 0.0000e+00
       5419     -0.175     3.9398   0.004545     0.0341     0.0025 0.0000e+00
       5420     -0.177     3.9405   0.004550     0.0342     0.0026 0.0000e+00
       5421     -0.174     3.9409   0.004550     0.0342     0.0026 0.0000e+00
       5422     -0.173     3.9409   0.004541     0.0341     0.0025 0.0000e+00
       5423     -0.176     3.9402   0.004532     0.0340     0.0025 0.0000e+00
       5424     -0.176     3.9392   0.004523     0.0340     0.0024 0.0000e+00
       5425     -0.175     3.9382   0.004516     0.0339     0.0024 0.0000e+00
       5426     -0.175     3.9375   0.004517     0.0339     0.0024 0.0000e+00
       5427     -0.174     3.9373   0.004524     0.0340     0.0024 0.0000e+00
       5428     -0.171     3.9376   0.004531     0.0340     0.0025 0.0000e+00
       5429     -0.168     3.9379   0.004535     0.0341     0.0025 0.0000e+00
       5430     -0.168     3.9380   0.004532     0.0340     0.0025 0.0000e+00
       5431     -0.172     3.9381   0.004523     0.0340     0.0024 0.0000e+00
       5432     -0.177     3.9379   0.004513     0.0339     0.0023 0.0000e+00
       5433     -0.180     3.9375   0.004511     0.0339     0.0023 0.0000e+00
       5434     -0.180     3.9372   0.004515     0.0339     0.0024 0.0000e+00
       5435     -0.179     3.9368   0.004517     0.0339     0.0024 0.0000e+00
       5436     -0.178     3.9360   0.004515     0.0339     0.0024 0.0000e+00
       5437     -0.178     3.9352   0.004514     0.0339     0.0024 0.0000e+00
       5438     -0.179     3.9349   0.004516     0.0339     0.0024 0.0000e+00
       5439     -0.181     3.9350   0.004518     0.0339     0.0024 0.0000e+00
       5440     -0.181     3.9349   0.004517     0.0339     0.0024 0.0000e+00
       5441     -0.180     3.9349   0.004513     0.0339     0.0023 0.0000e+00
       5442     -0.179     3.9348   0.004508     0.0338     0.0023 0.0000e+00
       5443     -0.178     3.9348   0.004506     0.0338     0.0023 0.0000e+00
       5444     -0.178     3.9349   0.004509     0.0339     0.0023 0.0000e+00
       5445     -0.179     3.9349   0.004512     0.0339     0.0023 0.0000e+00
       5446     -0.178     3.9352   0.004518     0.0339     0.0024 0.0000e+00
       5447     -0.175     3.9356   0.004520     0.0339     0.0024 0.0000e+00
       5448     -0.172     3.9360   0.004521     0.0339     0.0024 0.0000e+00
       5449     -0.172     3.9365   0.004519     0.0339     0.0024 0.0000e+00
       5450     -0.173     3.9368   0.004518     0.0339     0.0024 0.0000e+00
       5451     -0.172     3.9371   0.004518     0.0339     0.0024 0.0000e+00
       5452     -0.171     3.9371   0.004518     0.0339     0.0024 0.0000e+00
       5453     -0.173     3.9371   0.004520     0.0339     0.0024 0.0000e+00
       5454     -0.175     3.9373   0.004523     0.0340     0.0024 0.0000e+00
       5455     -0.178     3.9375   0.004527     0.0340     0.0024 0.0000e+00
       5456     -0.183     3.9377   0.004530     0.0340     0.0025 0.0000e+00
       5457     -0.183     3.9379   0.004533     0.0340     0.0025 0.0000e+00
       5458     -0.181     3.9381   0.004534     0.0340     0.0025 0.0000e+00
       5459     -0.177     3.9383   0.004532     0.0340     0.0025 0.0000e+00
       5460     -0.171     3.9384   0.004530     0.0340     0.0025 0.0000e+00
       5461     -0.167     3.9386   0.004527     0.0340     0.0024 0.0000e+00
       5462     -0.167     3.9385   0.004523     0.0340     0.0024 0.0000e+00
       5463     -0.168     3.9383   0.004519     0.0339     0.0024 0.0000e+00
       5464     -0.169     3.9381   0.004520     0.0339     0.0024 0.0000e+00
       5465     -0.171     3.9379   0.004524     0.0340     0.0024 0.0000e+00
       5466     -0.171     3.9379   0.004528     0.0340     0.0024 0.0000e+00
       5467     -0.171     3.9381   0.004529     0.0340     0.0024 0.0000e+00
       5468     -0.169     3.9383   0.004524     0.0340     0.0024 0.0000e+00
       5469     -0.168     3.9385   0.004518     0.0339     0.0024 0.0000e+00
       5470     -0.167     3.9382   0.004515     0.0339     0.0024 0.0000e+00
       5471     -0.169     3.9376   0.004513     0.0339     0.0023 0.0000e+00
       5472     -0.175     3.9370   0.004517     0.0339     0.0024 0.0000e+00
       5473     -0.179     3.9366   0.004524     0.0340     0.0024 0.0000e+00
       5474     -0.178     3.9363   0.004523     0.0340     0.0024 0.0000e+00
       5475     -0.175     3.9358   0.004515     0.0339     0.0024 0.0000e+00
       5476     -0.173     3.9352   0.004508     0.0338     0.0023 0.0000e+00
       5477     -0.171     3.9349   0.004507     0.0338     0.0023 0.0000e+00
       5478     -0.172     3.9349   0.004510     0.0339     0.0023 0.0000e+00
       5479     -0.174     3.9352   0.004515     0.0339     0.0024 0.0000e+00
       5480     -0.176     3.9356   0.004518     0.0339     0.0024 0.0000e+00
       5481     -0.175     3.9359   0.004520     0.0339     0.0024 0.0000e+00
       5482     -0.175     3.9360   0.004521     0.0339     0.0024 0.0000e+00
       5483     -0.176     3.9362   0.004521     0.0339     0.0024 0.0000e+00
       5484     -0.177     3.9364   0.004518     0.0339     0.0024 0.0000e+00
       5485     -0.176     3.9364   0.004513     0.0339     0.0023 0.0000e+00
       5486     -0.175     3.9366   0.004512     0.0339     0.0023 0.0000e+00
       5487     -0.173     3.9368   0.004515     0.0339     0.0024 0.0000e+00
       5488     -0.171     3.9371   0.004518     0.0339     0.0024 0.0000e+00
       5489     -0.170     3.9372   0.004524     0.0340     0.0024 0.0000e+00
       5490     -0.169     3.9373   0.004527     0.0340     0.0024 0.0000e+00
       5491     -0.169     3.9375   0.004528     0.0340     0.0024 0.0000e+00
       5492     -0.169     3.9379   0.004525     0.0340     0.0024 0.0000e+00
       5493     -0.169     3.9380   0.004518     0.0339     0.0024 0.0000e+00
       5494     -0.168     3.9379   0.004513     0.0339     0.0023 0.0000e+00
       5495     -0.168     3.9379   0.004512     0.0339     0.0023 0.0000e+00
       5496     -0.169     3.9379   0.004515     0.0339     0.0024 0.0000e+00
       5497     -0.171     3.9382   0.004522     0.0340     0.0024 0.0000e+00
       5498     -0.174     3.9385   0.004528     0.0340     0.0024 0.0000e+00
       5499     -0.174     3.9387   0.004530     0.0340     0.0025 0.0000e+00
       5500     -0.171     3.9390   0.004531     0.0340     0.0025 0.0000e+00
       5501     -0.169     3.9392   0.004529     0.0340     0.0024 0.0000e+00
       5502     -0.169     3.9394   0.004526     0.0340     0.0024 0.0000e+00
       5503     -0.169     3.9393   0.004522     0.0340     0.0024 0.0000e+00
       5504     -0.170     3.9391   0.004523     0.0340     0.0024 0.0000e+00
       5505     -0.171     3.9389   0.004525     0.0340     0.0024 0.0000e+00
       5506     -0.174     3.9388   0.004527     0.0340     0.0024 0.0000e+00
       5507     -0.177     3.9388   0.004529     0.0340     0.0024 0.0000e+00
       5508     -0.178     3.9389   0.004529     0.0340     0.0024 0.0000e+00
       5509     -0.178     3.9389   0.004529     0.0340     0.0024 0.0000e+00
       5510     -0.177     3.9388   0.004527     0.0340     0.0024 0.0000e+00
       5511     -0.176     3.9382   0.004519     0.0339     0.0024 0.0000e+00
       5512     -0.177     3.9368   0.004508     0.0338     0.0023 0.0000e+00
       5513     -0.178     3.9352   0.004500     0.0338     0.0023 0.0000e+00
       5514     -0.176     3.9336   0.004497     0.0338     0.0022 0.0000e+00
       5515     -0.173     3.9318   0.004495     0.0338     0.0022 0.0000e+00
       5516     -0.173     3.9306   0.004493     0.0337     0.0022 0.0000e+00
       5517     -0.174     3.9299   0.004493     0.0337     0.0022 0.0000e+00
       5518     -0.172     3.9299   0.004493     0.0337     0.0022 0.0000e+00
       5519     -0.170     3.9302   0.004495     0.0338     0.0022 0.0000e+00
       5520     -0.170     3.9306   0.004497     0.0338     0.0022 0.0000e+00
       5521     -0.172     3.9309   0.004499     0.0338     0.0023 0.0000e+00
       5522     -0.174     3.9310   0.004500     0.0338     0.0023 0.0000e+00
       5523     -0.175     3.9310   0.004499     0.0338     0.0023 0.0000e+00
       5524     -0.176     3.9307   0.004494     0.0337     0.0022 0.0000e+00
       5525     -0.175     3.9307   0.004489     0.0337     0.0022 0.0000e+00
       5526     -0.172     3.9308   0.004490     0.0337     0.0022 0.0000e+00
       5527     -0.172     3.9310   0.004494     0.0337     0.0022 0.0000e+00
       5528     -0.175     3.9310   0.004498     0.0338     0.0022 0.0000e+00
       5529     -0.175     3.9310   0.004499     0.0338     0.0023 0.0000e+00
       5530     -0.174     3.9309   0.004497     0.0338     0.0022 0.0000e+00
       5531     -0.173     3.9308   0.004494     0.0337     0.0022 0.0000e+00
       5532     -0.171     3.9307   0.004495     0.0338     0.0022 0.0000e+00
       5533     -0.169     3.9305   0.004495     0.0338     0.0022 0.0000e+00
       5534     -0.168     3.9303   0.004490     0.0337     0.0022 0.0000e+00
       5535     -0.170     3.9301   0.004484     0.0337     0.0022 0.0000e+00
       5536     -0.176     3.9299   0.004480     0.0336     0.0021 0.0000e+00
       5537     -0.180     3.9299   0.004479     0.0336     0.0021 0.0000e+00
       5538     -0.179     3.9299   0.004480     0.0336     0.0021 0.0000e+00
