Datasets/Test_Dataset_39219_tow/originals/tel219_2021_073.cnv
* Sea-Bird SBE19plus Data File:
* Filename = C:/AQUIRE/tel219_2021_073.hex
* Software Version AquireV2 AF V2.0
* Temperature SN =  4020
* Conductivity SN =  4020
* System UpLoad Time = May 15 2021 17:54:08
** VESSEL/TRIP/SEQ STN: tel219_2021_073
** LATITUDE: 45 30.81 N
** LONGITUDE: 55 24.89 W
** DATE/TIME: 2021-05-15 17:15
** SOUNDING DEPTH (M): 0117
** PROBE TYPE: S4020
** CTD NUMBER:  73
** FORMAT: T
** COMMENTS: 
# nquan = 7                                 
# nvalues = 2318                        
# units = specified
# name 0 = scan: Scan Count
# name 1 = prdM: Pressure, Strain Gauge [db]
# name 2 = tv290C: Temperature [ITS-90, deg C]
# name 3 = c0S/m: Conductivity [S/m]
# name 4 = sal00: Salinity, Practical [PSU]
# name 5 = sigma-t00: Density [sigma-t, kg/m^3 ]
# name 6 = flag: flag
# span 0 =          1,       2318       
# span 1 =     -0.139,    113.350       
# span 2 =     0.2717,     7.0682       
# span 3 =   0.007659,   3.104588       
# span 4 =     0.0546,    32.4979       
# span 5 =    -0.0548,    26.0735       
# span 6 = 0.0000e+00, 0.0000e+00       
# interval = seconds: 1
# start_time = May 15 2021 17:15:20 [Instrument's time stamp, header]
# bad_flag = -9.990e-29
*END*
[from data line 206]
        207      0.270     4.2852   3.035494    32.1117    25.4610 0.0000e+00
        208      0.226     4.2440   3.024278    32.0207    25.3928 0.0000e+00
        209      0.197     4.2323   3.015371    31.9278    25.3202 0.0000e+00
        210      0.203     4.2541   3.014282    31.8939    25.2911 0.0000e+00
        211      0.252     4.2814   3.025473    31.9982    25.3712 0.0000e+00
        212      0.323     4.2938   3.033945    32.0852    25.4390 0.0000e+00
        213      0.387     4.2936   3.036934    32.1203    25.4669 0.0000e+00
        214      0.426     4.2830   3.039159    32.1566    25.4969 0.0000e+00
        215      0.433     4.2686   3.038832    32.1669    25.5064 0.0000e+00
        216      0.432     4.2606   3.038933    32.1759    25.5144 0.0000e+00
        217      0.446     4.2515   3.038879    32.1842    25.5219 0.0000e+00
        218      0.465     4.2317   3.036584    32.1767    25.5179 0.0000e+00
        219      0.468     4.2059   3.034657    32.1793    25.5226 0.0000e+00
        220      0.447     4.1784   3.034186    32.2008    25.5424 0.0000e+00
        221      0.408     4.1708   3.034516    32.2121    25.5522 0.0000e+00
        222      0.382     4.2145   3.035602    32.1820    25.5239 0.0000e+00
        223      0.377     4.2750   3.035978    32.1273    25.4743 0.0000e+00
        224      0.359     4.2734   3.034174    32.1077    25.4590 0.0000e+00
        225      0.323     4.1960   3.027216    32.1019    25.4621 0.0000e+00
        226      0.306     4.1098   3.018950    32.0892    25.4605 0.0000e+00
        227      0.323     4.0686   3.016449    32.1001    25.4732 0.0000e+00
        228      0.336     4.0652   3.016680    32.1061    25.4784 0.0000e+00
        229      0.328     4.0719   3.016558    32.0982    25.4714 0.0000e+00
        230      0.308     4.0709   3.016101    32.0938    25.4680 0.0000e+00
        231      0.283     4.0556   3.014204    32.0865    25.4637 0.0000e+00
        232      0.257     4.0339   3.012134    32.0834    25.4633 0.0000e+00
        233      0.237     4.0239   3.011845    32.0898    25.4694 0.0000e+00
        234      0.230     4.0301   3.013422    32.1023    25.4787 0.0000e+00
        235      0.223     4.0410   3.015199    32.1125    25.4858 0.0000e+00
        236      0.206     4.0541   3.016178    32.1112    25.4835 0.0000e+00
        237      0.186     4.0718   3.017438    32.1087    25.4797 0.0000e+00
        238      0.177     4.0885   3.019085    32.1117    25.4805 0.0000e+00
        239      0.183     4.0969   3.020080    32.1152    25.4824 0.0000e+00
        240      0.197     4.0947   3.019829    32.1144    25.4820 0.0000e+00
        241      0.206     4.0883   3.018589    32.1060    25.4760 0.0000e+00
        242      0.203     4.0913   3.018042    32.0967    25.4683 0.0000e+00
        243      0.203     4.1105   3.019474    32.0947    25.4648 0.0000e+00
        244      0.232     4.1344   3.021559    32.0958    25.4633 0.0000e+00
        245      0.305     4.1452   3.022377    32.0948    25.4615 0.0000e+00
        246      0.456     4.1365   3.021125    32.0885    25.4574 0.0000e+00
        247      0.706     4.1171   3.019282    32.0857    25.4571 0.0000e+00
        248      0.981     4.0909   3.018698    32.1044    25.4744 0.0000e+00
        249      1.175     4.0399   3.015788    32.1200    25.4919 0.0000e+00
        250      1.251     3.9673   3.009102    32.1124    25.4929 0.0000e+00
        251      1.242     3.9359   3.005297    32.0984    25.4847 0.0000e+00
        252      1.187     3.9874   3.008710    32.0881    25.4716 0.0000e+00
        253      1.075     4.0679   3.015066    32.0841    25.4606 0.0000e+00
        254      0.905     4.1236   3.019097    32.0771    25.4496 0.0000e+00
        255      0.742     4.1761   3.023806    32.0811    25.4476 0.0000e+00
        256      0.683     4.2242   3.029719    32.1035    25.4605 0.0000e+00
        257      0.772     4.2151   3.029456    32.1092    25.4660 0.0000e+00
        258      0.944     4.1566   3.024195    32.1047    25.4682 0.0000e+00
        259      1.103     4.1171   3.022648    32.1251    25.4883 0.0000e+00
        260      1.195     4.1216   3.024943    32.1476    25.5058 0.0000e+00
        261      1.215     4.1383   3.025867    32.1421    25.4997 0.0000e+00
        262      1.183     4.1439   3.025009    32.1265    25.4868 0.0000e+00
        263      1.129     4.1385   3.022249    32.0994    25.4658 0.0000e+00
        264      1.083     4.1204   3.018611    32.0744    25.4478 0.0000e+00
        265      1.063     4.1003   3.018022    32.0872    25.4599 0.0000e+00
        266      1.046     4.0947   3.019419    32.1091    25.4778 0.0000e+00
        267      1.000     4.0970   3.019869    32.1122    25.4800 0.0000e+00
        268      0.929     4.0861   3.017770    32.0982    25.4700 0.0000e+00
        269      0.865     4.0771   3.015868    32.0847    25.4601 0.0000e+00
        270      0.837     4.1122   3.019676    32.0951    25.4650 0.0000e+00
        271      0.830     4.1725   3.025195    32.1009    25.4636 0.0000e+00
        272      0.812     4.2041   3.027654    32.0988    25.4589 0.0000e+00
        273      0.785     4.1775   3.024815    32.0916    25.4557 0.0000e+00
        274      0.764     4.1198   3.018247    32.0709    25.4450 0.0000e+00
        275      0.744     4.1129   3.018409    32.0796    25.4526 0.0000e+00
        276      0.701     4.1549   3.023544    32.0988    25.4637 0.0000e+00
        277      0.652     4.1734   3.024677    32.0940    25.4581 0.0000e+00
        278      0.615     4.1530   3.022147    32.0843    25.4524 0.0000e+00
        279      0.566     4.1222   3.019152    32.0793    25.4514 0.0000e+00
        280      0.501     4.1143   3.018689    32.0816    25.4541 0.0000e+00
        281      0.449     4.1364   3.021048    32.0877    25.4567 0.0000e+00
        282      0.420     4.1657   3.023504    32.0879    25.4540 0.0000e+00
        283      0.394     4.1904   3.025260    32.0844    25.4487 0.0000e+00
        284      0.359     4.2134   3.027313    32.0860    25.4477 0.0000e+00
        285      0.310     4.2336   3.029200    32.0884    25.4476 0.0000e+00
        286      0.261     4.2443   3.029908    32.0863    25.4449 0.0000e+00
        287      0.236     4.2408   3.029612    32.0862    25.4452 0.0000e+00
        288      0.207     4.2079   3.026651    32.0837    25.4464 0.0000e+00
        289      0.143     4.1477   3.020532    32.0708    25.4422 0.0000e+00
        290      0.082     4.1330   3.019327    32.0710    25.4438 0.0000e+00
        291      0.066     4.1980   3.026404    32.0905    25.4529 0.0000e+00
        292      0.078     4.2649   3.032598    32.0977    25.4519 0.0000e+00
        293      0.082     4.2844   3.033121    32.0848    25.4397 0.0000e+00
        294      0.065     4.2957   3.033626    32.0797    25.4345 0.0000e+00
        295      0.031     4.3303   3.037173    32.0874    25.4371 0.0000e+00
        296     -0.002     4.3678   3.040148    32.0856    25.4319 0.0000e+00
        297     -0.019     4.3846   3.040999    32.0792    25.4251 0.0000e+00
        298     -0.027     4.3822   3.040769    32.0789    25.4251 0.0000e+00
        299     -0.038     4.3745   3.040147    32.0791    25.4261 0.0000e+00
        300     -0.052     4.3757   3.040391    32.0808    25.4273 0.0000e+00
        301     -0.062     4.3772   3.041227    32.0891    25.4337 0.0000e+00
        302     -0.058     4.3539   3.038814    32.0836    25.4317 0.0000e+00
        303     -0.048     4.3255   3.035337    32.0707    25.4244 0.0000e+00
        304     -0.046     4.3392   3.037573    32.0835    25.4331 0.0000e+00
        305     -0.053     4.3749   3.041655    32.0963    25.4397 0.0000e+00
        306     -0.065     4.3655   3.040622    32.0934    25.4384 0.0000e+00
        307     -0.075     4.3015   3.034517    32.0845    25.4378 0.0000e+00
        308     -0.077     4.2202   3.026823    32.0738    25.4374 0.0000e+00
        309     -0.077     4.1445   3.020479    32.0734    25.4446 0.0000e+00
        310     -0.085     4.1155   3.018825    32.0823    25.4545 0.0000e+00
        311     -0.092     4.1457   3.022438    32.0952    25.4618 0.0000e+00
        312     -0.091     4.1777   3.025150    32.0958    25.4590 0.0000e+00
        313     -0.087     4.1922   3.025778    32.0889    25.4522 0.0000e+00
        314     -0.092     4.2153   3.027437    32.0858    25.4474 0.0000e+00
        315     -0.097     4.2542   3.030521    32.0840    25.4420 0.0000e+00
        316     -0.087     4.2792   3.033311    32.0922    25.4461 0.0000e+00
        317     -0.071     4.2468   3.030141    32.0867    25.4450 0.0000e+00
        318     -0.069     4.1844   3.023567    32.0706    25.4384 0.0000e+00
        319     -0.075     4.1559   3.021811    32.0779    25.4470 0.0000e+00
        320     -0.075     4.1666   3.023526    32.0875    25.4536 0.0000e+00
        321     -0.082     4.1885   3.025481    32.0891    25.4527 0.0000e+00
        322     -0.102     4.1978   3.026249    32.0890    25.4517 0.0000e+00
        323     -0.120     4.1929   3.025460    32.0845    25.4486 0.0000e+00
        324     -0.132     4.1955   3.025695    32.0848    25.4485 0.0000e+00
        325     -0.139     4.2121   3.027213    32.0863    25.4481 0.0000e+00
        326     -0.130     4.2273   3.028320    32.0845    25.4451 0.0000e+00
        327     -0.100     4.2294   3.028456    32.0840    25.4445 0.0000e+00
        328     -0.051     4.2260   3.028003    32.0820    25.4433 0.0000e+00
        329      0.036     4.2326   3.028510    32.0814    25.4422 0.0000e+00
        330      0.169     4.2441   3.029880    32.0862    25.4448 0.0000e+00
        331      0.322     4.2383   3.029538    32.0878    25.4466 0.0000e+00
        332      0.478     4.2091   3.026481    32.0804    25.4437 0.0000e+00
        333      0.622     4.1741   3.023478    32.0793    25.4463 0.0000e+00
        334      0.740     4.1620   3.023398    32.0901    25.4561 0.0000e+00
        335      0.832     4.1685   3.024477    32.0964    25.4604 0.0000e+00
        336      0.886     4.1378   3.021682    32.0936    25.4612 0.0000e+00
        337      0.893     4.0530   3.013330    32.0784    25.4575 0.0000e+00
        338      0.887     3.9837   3.007025    32.0720    25.4592 0.0000e+00
        339      0.974     3.9764   3.007838    32.0887    25.4732 0.0000e+00
        340      1.206     3.9954   3.010084    32.0965    25.4775 0.0000e+00
        341      1.476     4.0034   3.010267    32.0906    25.4721 0.0000e+00
        342      1.674     3.9979   3.009578    32.0878    25.4703 0.0000e+00
        343      1.810     3.9837   3.008232    32.0858    25.4701 0.0000e+00
        344      1.922     3.9627   3.006247    32.0829    25.4699 0.0000e+00
        345      1.998     3.9341   3.003825    32.0824    25.4722 0.0000e+00
        346      2.057     3.8886   2.999934    32.0810    25.4755 0.0000e+00
        347      2.189     3.8333   2.994899    32.0757    25.4765 0.0000e+00
        348      2.399     3.7925   2.991681    32.0776    25.4819 0.0000e+00
        349      2.606     3.7592   2.989384    32.0831    25.4894 0.0000e+00
        350      2.772     3.7161   2.985432    32.0785    25.4898 0.0000e+00
        351      2.918     3.6775   2.982068    32.0765    25.4918 0.0000e+00
        352      3.043     3.6666   2.981394    32.0792    25.4949 0.0000e+00
        353      3.096     3.6829   2.983439    32.0874    25.4999 0.0000e+00
        354      3.019     3.6906   2.984542    32.0929    25.5036 0.0000e+00
        355      2.849     3.6736   2.982232    32.0823    25.4968 0.0000e+00
        356      2.736     3.6632   2.981458    32.0834    25.4986 0.0000e+00
        357      2.706     3.6743   2.982846    32.0890    25.5020 0.0000e+00
        358      2.679     3.6986   2.984596    32.0859    25.4973 0.0000e+00
        359      2.664     3.7381   2.988229    32.0901    25.4969 0.0000e+00
        360      2.652     3.7788   2.992093    32.0959    25.4977 0.0000e+00
        361      2.579     3.8010   2.993677    32.0928    25.4932 0.0000e+00
        362      2.448     3.8112   2.994223    32.0893    25.4894 0.0000e+00
        363      2.289     3.8301   2.995966    32.0915    25.4894 0.0000e+00
        364      2.133     3.8504   2.997869    32.0941    25.4895 0.0000e+00
        365      2.062     3.8316   2.995630    32.0861    25.4850 0.0000e+00
        366      2.126     3.7906   2.991363    32.0759    25.4807 0.0000e+00
        367      2.246     3.7847   2.991838    32.0872    25.4903 0.0000e+00
        368      2.297     3.7958   2.993550    32.0966    25.4967 0.0000e+00
        369      2.264     3.7835   2.991985    32.0902    25.4927 0.0000e+00
        370      2.239     3.7521   2.989084    32.0867    25.4929 0.0000e+00
        371      2.290     3.7196   2.985938    32.0813    25.4917 0.0000e+00
        372      2.415     3.7062   2.984855    32.0816    25.4932 0.0000e+00
        373      2.582     3.7182   2.986600    32.0904    25.4991 0.0000e+00
        374      2.760     3.7410   2.988574    32.0913    25.4976 0.0000e+00
        375      2.952     3.7604   2.990132    32.0906    25.4952 0.0000e+00
        376      3.204     3.7605   2.990217    32.0914    25.4958 0.0000e+00
        377      3.539     3.7369   2.987933    32.0873    25.4948 0.0000e+00
        378      3.896     3.7131   2.985466    32.0813    25.4923 0.0000e+00
        379      4.203     3.7098   2.985282    32.0822    25.4933 0.0000e+00
        380      4.432     3.7146   2.986405    32.0907    25.4996 0.0000e+00
        381      4.589     3.7012   2.985135    32.0887    25.4993 0.0000e+00
        382      4.734     3.6791   2.982599    32.0803    25.4947 0.0000e+00
        383      4.930     3.6777   2.982891    32.0850    25.4986 0.0000e+00
        384      5.166     3.6921   2.984830    32.0938    25.5042 0.0000e+00
        385      5.394     3.6961   2.985026    32.0920    25.5024 0.0000e+00
        386      5.599     3.6777   2.983067    32.0868    25.4999 0.0000e+00
        387      5.802     3.6497   2.980499    32.0838    25.5001 0.0000e+00
        388      6.054     3.6426   2.979735    32.0815    25.4990 0.0000e+00
        389      6.403     3.6744   2.982819    32.0867    25.5002 0.0000e+00
        390      6.813     3.7167   2.987087    32.0955    25.5032 0.0000e+00
        391      7.174     3.7172   2.986831    32.0918    25.5002 0.0000e+00
        392      7.434     3.6728   2.981880    32.0766    25.4923 0.0000e+00
        393      7.653     3.6335   2.978643    32.0767    25.4960 0.0000e+00
        394      7.883     3.6173   2.978323    32.0887    25.5071 0.0000e+00
        395      8.131     3.5993   2.976613    32.0860    25.5066 0.0000e+00
        396      8.408     3.5757   2.974422    32.0831    25.5064 0.0000e+00
        397      8.739     3.5625   2.973558    32.0856    25.5097 0.0000e+00
        398      9.142     3.5697   2.974299    32.0871    25.5102 0.0000e+00
        399      9.588     3.5934   2.976681    32.0919    25.5118 0.0000e+00
        400     10.013     3.6145   2.978572    32.0934    25.5110 0.0000e+00
        401     10.374     3.6191   2.978693    32.0901    25.5080 0.0000e+00
        402     10.662     3.6080   2.977507    32.0868    25.5064 0.0000e+00
        403     10.916     3.5888   2.975774    32.0849    25.5067 0.0000e+00
        404     11.188     3.5715   2.974270    32.0839    25.5075 0.0000e+00
        405     11.496     3.5645   2.973858    32.0858    25.5096 0.0000e+00
        406     11.832     3.5643   2.974158    32.0894    25.5125 0.0000e+00
        407     12.182     3.5586   2.973662    32.0889    25.5126 0.0000e+00
        408     12.542     3.5488   2.972670    32.0866    25.5117 0.0000e+00
        409     12.908     3.5461   2.972590    32.0881    25.5131 0.0000e+00
        410     13.261     3.5498   2.973062    32.0899    25.5142 0.0000e+00
