Datasets/Test_Dataset_39219_tow/originals/tel219_2021_062.cnv
* Sea-Bird SBE19plus Data File:
* Filename = C:/AQUIRE/tel219_2021_062.hex
* Software Version AquireV2 AF V2.0
* Temperature SN =  4020
* Conductivity SN =  4020
* System UpLoad Time = May 14 2021 17:28:46
** VESSEL/TRIP/SEQ STN: tel219_2021_062
** LATITUDE: 45 33.11 N
** LONGITUDE: 55 00.23 W
** DATE/TIME: 2021-05-14 16:47
** SOUNDING DEPTH (M): 0103
** PROBE TYPE: S4020
** CTD NUMBER: 062
** FORMAT: T
** COMMENTS: 
# nquan = 7                                 
# nvalues = 2568                        
# units = specified
# name 0 = scan: Scan Count
# name 1 = prdM: Pressure, Strain Gauge [db]
# name 2 = tv290C: Temperature [ITS-90, deg C]
# name 3 = c0S/m: Conductivity [S/m]
# name 4 = sal00: Salinity, Practical [PSU]
# name 5 = sigma-t00: Density [sigma-t, kg/m^3 ]
# name 6 = flag: flag
# span 0 =          1,       2568       
# span 1 =     -0.045,     99.929       
# span 2 =     0.3624,     6.7258       
# span 3 =   0.007869,   3.102760       
# span 4 =     0.0564,    33.0284       
# span 5 =    -0.0383,    26.4641       
# span 6 = 0.0000e+00, 0.0000e+00       
# interval = seconds: 1
# start_time = May 14 2021 16:47:05 [Instrument's time stamp, header]
# bad_flag = -9.990e-29
*END*
          1     -0.023     6.5320   0.008011     0.0577    -0.0297 0.0000e+00
          2     -0.020     6.5328   0.008006     0.0576    -0.0298 0.0000e+00
          3     -0.016     6.5339   0.008002     0.0576    -0.0298 0.0000e+00
          4     -0.013     6.5350   0.008003     0.0576    -0.0299 0.0000e+00
          5     -0.012     6.5360   0.008006     0.0576    -0.0299 0.0000e+00
          6     -0.014     6.5370   0.008006     0.0576    -0.0299 0.0000e+00
          7     -0.015     6.5380   0.008004     0.0576    -0.0300 0.0000e+00
          8     -0.016     6.5390   0.008002     0.0576    -0.0300 0.0000e+00
          9     -0.019     6.5400   0.008008     0.0576    -0.0300 0.0000e+00
         10     -0.021     6.5411   0.008019     0.0577    -0.0300 0.0000e+00
         11     -0.022     6.5420   0.008028     0.0578    -0.0300 0.0000e+00
         12     -0.024     6.5430   0.008028     0.0578    -0.0300 0.0000e+00
         13     -0.028     6.5440   0.008028     0.0578    -0.0301 0.0000e+00
         14     -0.030     6.5450   0.008035     0.0578    -0.0301 0.0000e+00
         15     -0.026     6.5459   0.008037     0.0578    -0.0301 0.0000e+00
         16     -0.023     6.5469   0.008035     0.0578    -0.0302 0.0000e+00
         17     -0.023     6.5480   0.008030     0.0578    -0.0302 0.0000e+00
         18     -0.023     6.5490   0.008018     0.0577    -0.0303 0.0000e+00
         19     -0.024     6.5501   0.008012     0.0577    -0.0304 0.0000e+00
         20     -0.023     6.5511   0.008019     0.0577    -0.0304 0.0000e+00
         21     -0.021     6.5520   0.008045     0.0579    -0.0303 0.0000e+00
         22     -0.023     6.5530   0.008069     0.0581    -0.0302 0.0000e+00
         23     -0.026     6.5540   0.008062     0.0580    -0.0303 0.0000e+00
         24     -0.028     6.5550   0.008047     0.0579    -0.0304 0.0000e+00
         25     -0.029     6.5561   0.008044     0.0579    -0.0305 0.0000e+00
         26     -0.029     6.5571   0.008053     0.0579    -0.0305 0.0000e+00
         27     -0.027     6.5581   0.008068     0.0580    -0.0304 0.0000e+00
         28     -0.024     6.5592   0.008068     0.0580    -0.0305 0.0000e+00
         29     -0.021     6.5602   0.008051     0.0579    -0.0306 0.0000e+00
         30     -0.020     6.5613   0.008040     0.0578    -0.0307 0.0000e+00
         31     -0.020     6.5623   0.008037     0.0578    -0.0308 0.0000e+00
         32     -0.020     6.5633   0.008033     0.0578    -0.0308 0.0000e+00
         33     -0.020     6.5644   0.008027     0.0577    -0.0309 0.0000e+00
         34     -0.022     6.5654   0.008021     0.0577    -0.0310 0.0000e+00
         35     -0.025     6.5664   0.008017     0.0577    -0.0311 0.0000e+00
         36     -0.025     6.5675   0.008014     0.0576    -0.0311 0.0000e+00
         37     -0.023     6.5685   0.008013     0.0576    -0.0312 0.0000e+00
         38     -0.020     6.5695   0.008015     0.0576    -0.0312 0.0000e+00
         39     -0.018     6.5706   0.008015     0.0576    -0.0312 0.0000e+00
         40     -0.017     6.5716   0.008018     0.0577    -0.0313 0.0000e+00
         41     -0.019     6.5726   0.008027     0.0577    -0.0313 0.0000e+00
         42     -0.022     6.5737   0.008026     0.0577    -0.0313 0.0000e+00
         43     -0.023     6.5747   0.008014     0.0576    -0.0314 0.0000e+00
         44     -0.024     6.5757   0.008009     0.0576    -0.0315 0.0000e+00
         45     -0.024     6.5768   0.008016     0.0576    -0.0315 0.0000e+00
         46     -0.022     6.5778   0.008027     0.0577    -0.0315 0.0000e+00
         47     -0.019     6.5788   0.008034     0.0578    -0.0315 0.0000e+00
         48     -0.019     6.5798   0.008034     0.0578    -0.0315 0.0000e+00
         49     -0.021     6.5808   0.008029     0.0577    -0.0316 0.0000e+00
         50     -0.022     6.5818   0.008025     0.0577    -0.0316 0.0000e+00
         51     -0.023     6.5829   0.008024     0.0577    -0.0317 0.0000e+00
         52     -0.025     6.5840   0.008027     0.0577    -0.0317 0.0000e+00
         53     -0.026     6.5850   0.008036     0.0578    -0.0317 0.0000e+00
         54     -0.028     6.5860   0.008067     0.0580    -0.0316 0.0000e+00
         55     -0.029     6.5869   0.008110     0.0583    -0.0314 0.0000e+00
         56     -0.029     6.5879   0.008128     0.0584    -0.0313 0.0000e+00
         57     -0.028     6.5890   0.008121     0.0584    -0.0314 0.0000e+00
         58     -0.027     6.5900   0.008126     0.0584    -0.0314 0.0000e+00
         59     -0.025     6.5911   0.008188     0.0589    -0.0311 0.0000e+00
         60     -0.022     6.5921   0.008283     0.0596    -0.0306 0.0000e+00
         61     -0.020     6.5930   0.008336     0.0599    -0.0303 0.0000e+00
         62     -0.020     6.5939   0.008346     0.0600    -0.0303 0.0000e+00
         63     -0.024     6.5949   0.008340     0.0600    -0.0304 0.0000e+00
         64     -0.027     6.5959   0.008335     0.0599    -0.0304 0.0000e+00
         65     -0.027     6.5969   0.008329     0.0599    -0.0305 0.0000e+00
         66     -0.028     6.5979   0.008321     0.0598    -0.0306 0.0000e+00
         67     -0.031     6.5989   0.008312     0.0598    -0.0307 0.0000e+00
         68     -0.033     6.5998   0.008293     0.0596    -0.0308 0.0000e+00
         69     -0.032     6.6006   0.008261     0.0594    -0.0311 0.0000e+00
         70     -0.029     6.6015   0.008240     0.0592    -0.0312 0.0000e+00
         71     -0.026     6.6025   0.008237     0.0592    -0.0313 0.0000e+00
         72     -0.026     6.6033   0.008243     0.0593    -0.0313 0.0000e+00
         73     -0.027     6.6043   0.008238     0.0592    -0.0313 0.0000e+00
         74     -0.027     6.6052   0.008220     0.0591    -0.0315 0.0000e+00
         75     -0.025     6.6061   0.008207     0.0590    -0.0316 0.0000e+00
         76     -0.024     6.6071   0.008206     0.0590    -0.0316 0.0000e+00
         77     -0.026     6.6079   0.008207     0.0590    -0.0317 0.0000e+00
         78     -0.028     6.6089   0.008211     0.0590    -0.0317 0.0000e+00
         79     -0.029     6.6098   0.008214     0.0590    -0.0317 0.0000e+00
         80     -0.028     6.6106   0.008222     0.0591    -0.0317 0.0000e+00
         81     -0.026     6.6115   0.008231     0.0592    -0.0317 0.0000e+00
         82     -0.025     6.6124   0.008236     0.0592    -0.0317 0.0000e+00
         83     -0.023     6.6132   0.008234     0.0592    -0.0317 0.0000e+00
         84     -0.021     6.6140   0.008230     0.0591    -0.0318 0.0000e+00
         85     -0.022     6.6149   0.008225     0.0591    -0.0319 0.0000e+00
         86     -0.024     6.6157   0.008223     0.0591    -0.0319 0.0000e+00
         87     -0.026     6.6165   0.008228     0.0591    -0.0319 0.0000e+00
         88     -0.027     6.6173   0.008224     0.0591    -0.0320 0.0000e+00
         89     -0.026     6.6181   0.008224     0.0591    -0.0320 0.0000e+00
         90     -0.024     6.6189   0.008241     0.0592    -0.0319 0.0000e+00
         91     -0.022     6.6197   0.008258     0.0593    -0.0319 0.0000e+00
         92     -0.021     6.6204   0.008259     0.0594    -0.0319 0.0000e+00
         93     -0.022     6.6212   0.008245     0.0592    -0.0320 0.0000e+00
         94     -0.024     6.6220   0.008230     0.0591    -0.0321 0.0000e+00
         95     -0.025     6.6228   0.008221     0.0591    -0.0322 0.0000e+00
         96     -0.024     6.6237   0.008216     0.0590    -0.0323 0.0000e+00
         97     -0.021     6.6245   0.008223     0.0591    -0.0323 0.0000e+00
         98     -0.017     6.6253   0.008238     0.0592    -0.0322 0.0000e+00
         99     -0.018     6.6259   0.008247     0.0593    -0.0322 0.0000e+00
        100     -0.020     6.6265   0.008246     0.0592    -0.0322 0.0000e+00
        101     -0.022     6.6273   0.008242     0.0592    -0.0323 0.0000e+00
        102     -0.023     6.6281   0.008250     0.0593    -0.0323 0.0000e+00
        103     -0.024     6.6288   0.008266     0.0594    -0.0322 0.0000e+00
        104     -0.024     6.6296   0.008272     0.0594    -0.0322 0.0000e+00
        105     -0.022     6.6302   0.008260     0.0593    -0.0323 0.0000e+00
        106     -0.021     6.6308   0.008238     0.0592    -0.0324 0.0000e+00
        107     -0.023     6.6315   0.008217     0.0590    -0.0326 0.0000e+00
        108     -0.027     6.6323   0.008212     0.0590    -0.0327 0.0000e+00
        109     -0.026     6.6330   0.008215     0.0590    -0.0327 0.0000e+00
        110     -0.021     6.6338   0.008215     0.0590    -0.0327 0.0000e+00
        111     -0.019     6.6345   0.008198     0.0589    -0.0328 0.0000e+00
        112     -0.019     6.6352   0.008190     0.0588    -0.0329 0.0000e+00
        113     -0.020     6.6358   0.008217     0.0590    -0.0328 0.0000e+00
        114     -0.021     6.6365   0.008246     0.0592    -0.0326 0.0000e+00
        115     -0.021     6.6371   0.008239     0.0592    -0.0327 0.0000e+00
        116     -0.024     6.6377   0.008216     0.0590    -0.0329 0.0000e+00
        117     -0.027     6.6384   0.008198     0.0589    -0.0330 0.0000e+00
        118     -0.028     6.6391   0.008188     0.0588    -0.0331 0.0000e+00
        119     -0.028     6.6397   0.008193     0.0588    -0.0331 0.0000e+00
        120     -0.027     6.6403   0.008200     0.0589    -0.0331 0.0000e+00
        121     -0.027     6.6410   0.008204     0.0589    -0.0331 0.0000e+00
        122     -0.026     6.6416   0.008208     0.0590    -0.0331 0.0000e+00
        123     -0.025     6.6422   0.008204     0.0589    -0.0331 0.0000e+00
        124     -0.023     6.6429   0.008194     0.0589    -0.0332 0.0000e+00
        125     -0.022     6.6436   0.008181     0.0588    -0.0333 0.0000e+00
        126     -0.023     6.6442   0.008177     0.0587    -0.0334 0.0000e+00
        127     -0.025     6.6448   0.008180     0.0587    -0.0334 0.0000e+00
        128     -0.025     6.6454   0.008170     0.0587    -0.0335 0.0000e+00
        129     -0.024     6.6460   0.008153     0.0586    -0.0336 0.0000e+00
        130     -0.023     6.6465   0.008141     0.0585    -0.0337 0.0000e+00
        131     -0.024     6.6471   0.008139     0.0584    -0.0337 0.0000e+00
        132     -0.025     6.6477   0.008141     0.0585    -0.0337 0.0000e+00
        133     -0.023     6.6483   0.008141     0.0585    -0.0337 0.0000e+00
        134     -0.020     6.6489   0.008139     0.0584    -0.0338 0.0000e+00
        135     -0.020     6.6494   0.008142     0.0585    -0.0338 0.0000e+00
        136     -0.021     6.6500   0.008152     0.0585    -0.0338 0.0000e+00
        137     -0.022     6.6505   0.008161     0.0586    -0.0337 0.0000e+00
        138     -0.023     6.6510   0.008162     0.0586    -0.0337 0.0000e+00
        139     -0.023     6.6516   0.008161     0.0586    -0.0338 0.0000e+00
        140     -0.024     6.6521   0.008157     0.0586    -0.0338 0.0000e+00
        141     -0.027     6.6525   0.008149     0.0585    -0.0339 0.0000e+00
        142     -0.029     6.6530   0.008142     0.0585    -0.0339 0.0000e+00
        143     -0.029     6.6536   0.008131     0.0584    -0.0340 0.0000e+00
        144     -0.028     6.6541   0.008126     0.0583    -0.0341 0.0000e+00
        145     -0.025     6.6545   0.008136     0.0584    -0.0340 0.0000e+00
        146     -0.022     6.6547   0.008145     0.0585    -0.0340 0.0000e+00
        147     -0.022     6.6550   0.008143     0.0585    -0.0340 0.0000e+00
        148     -0.022     6.6554   0.008133     0.0584    -0.0341 0.0000e+00
        149     -0.021     6.6557   0.008134     0.0584    -0.0341 0.0000e+00
        150     -0.019     6.6562   0.008147     0.0585    -0.0340 0.0000e+00
        151     -0.016     6.6567   0.008158     0.0586    -0.0340 0.0000e+00
        152     -0.016     6.6571   0.008159     0.0586    -0.0340 0.0000e+00
        153     -0.019     6.6576   0.008150     0.0585    -0.0341 0.0000e+00
        154     -0.022     6.6581   0.008148     0.0585    -0.0341 0.0000e+00
        155     -0.024     6.6586   0.008171     0.0587    -0.0340 0.0000e+00
        156     -0.026     6.6591   0.008213     0.0590    -0.0338 0.0000e+00
        157     -0.027     6.6595   0.008237     0.0591    -0.0337 0.0000e+00
        158     -0.028     6.6600   0.008224     0.0590    -0.0338 0.0000e+00
        159     -0.028     6.6606   0.008203     0.0589    -0.0339 0.0000e+00
        160     -0.027     6.6611   0.008190     0.0588    -0.0340 0.0000e+00
        161     -0.027     6.6616   0.008184     0.0588    -0.0341 0.0000e+00
        162     -0.027     6.6620   0.008180     0.0587    -0.0341 0.0000e+00
        163     -0.026     6.6624   0.008178     0.0587    -0.0341 0.0000e+00
        164     -0.027     6.6628   0.008177     0.0587    -0.0341 0.0000e+00
        165     -0.028     6.6632   0.008171     0.0587    -0.0342 0.0000e+00
        166     -0.027     6.6637   0.008156     0.0586    -0.0343 0.0000e+00
        167     -0.025     6.6641   0.008135     0.0584    -0.0344 0.0000e+00
        168     -0.024     6.6646   0.008123     0.0583    -0.0345 0.0000e+00
        169     -0.024     6.6650   0.008133     0.0584    -0.0345 0.0000e+00
        170     -0.023     6.6655   0.008152     0.0585    -0.0344 0.0000e+00
        171     -0.021     6.6659   0.008163     0.0586    -0.0344 0.0000e+00
        172     -0.019     6.6662   0.008148     0.0585    -0.0345 0.0000e+00
        173     -0.021     6.6666   0.008118     0.0583    -0.0347 0.0000e+00
        174     -0.023     6.6670   0.008096     0.0581    -0.0348 0.0000e+00
        175     -0.025     6.6674   0.008095     0.0581    -0.0348 0.0000e+00
        176     -0.027     6.6677   0.008116     0.0583    -0.0347 0.0000e+00
        177     -0.026     6.6680   0.008140     0.0584    -0.0346 0.0000e+00
        178     -0.023     6.6684   0.008147     0.0585    -0.0346 0.0000e+00
        179     -0.021     6.6686   0.008152     0.0585    -0.0345 0.0000e+00
        180     -0.021     6.6690   0.008155     0.0585    -0.0345 0.0000e+00
        181     -0.022     6.6692   0.008143     0.0584    -0.0346 0.0000e+00
        182     -0.022     6.6694   0.008119     0.0583    -0.0348 0.0000e+00
        183     -0.020     6.6697   0.008092     0.0581    -0.0349 0.0000e+00
        184     -0.022     6.6699   0.008084     0.0580    -0.0350 0.0000e+00
        185     -0.025     6.6700   0.008105     0.0582    -0.0349 0.0000e+00
        186     -0.025     6.6700   0.008112     0.0582    -0.0348 0.0000e+00
        187     -0.022     6.6702   0.008093     0.0581    -0.0349 0.0000e+00
        188     -0.018     6.6704   0.008082     0.0580    -0.0350 0.0000e+00
        189     -0.016     6.6705   0.008096     0.0581    -0.0349 0.0000e+00
        190     -0.017     6.6706   0.008147     0.0585    -0.0347 0.0000e+00
        191     -0.020     6.6705   0.008216     0.0590    -0.0343 0.0000e+00
        192     -0.022     6.6704   0.008234     0.0591    -0.0341 0.0000e+00
        193     -0.022     6.6704   0.008217     0.0590    -0.0342 0.0000e+00
        194     -0.020     6.6704   0.008209     0.0589    -0.0343 0.0000e+00
        195     -0.018     6.6704   0.008203     0.0589    -0.0343 0.0000e+00
        196     -0.017     6.6703   0.008199     0.0589    -0.0343 0.0000e+00
        197     -0.018     6.6701   0.008193     0.0588    -0.0344 0.0000e+00
        198     -0.019     6.6700   0.008147     0.0585    -0.0346 0.0000e+00
        199     -0.020     6.6700   0.008073     0.0579    -0.0351 0.0000e+00
        200     -0.021     6.6698   0.008046     0.0577    -0.0352 0.0000e+00
        201     -0.019     6.6696   0.008063     0.0579    -0.0351 0.0000e+00
        202     -0.017     6.6695   0.008063     0.0579    -0.0351 0.0000e+00
        203     -0.017     6.6693   0.008042     0.0577    -0.0352 0.0000e+00
        204     -0.022     6.6692   0.008044     0.0577    -0.0352 0.0000e+00
        205     -0.027     6.6690   0.008077     0.0580    -0.0350 0.0000e+00
