Datasets/Test_Dataset_39219_tow/originals/tel219_2021_023.cnv
* Sea-Bird SBE19plus Data File:
* Filename = C:/AQUIRE/tel219_2021_023.hex
* Software Version AquireV2 AF V2.0
* Temperature SN =  4020
* Conductivity SN =  4020
* System UpLoad Time = May 08 2021 07:11:34
** VESSEL/TRIP/SEQ STN: tel219_2021_023
** LATITUDE: 46 29.44 N
** LONGITUDE: 57 07.00 W
** DATE/TIME: 2021-05-08 06:36
** SOUNDING DEPTH (M): 0046
** PROBE TYPE: S4020
** CTD NUMBER:  23
** FORMAT: T
** COMMENTS: 
# nquan = 7                                 
# nvalues = 2202                        
# units = specified
# name 0 = scan: Scan Count
# name 1 = prdM: Pressure, Strain Gauge [db]
# name 2 = tv290C: Temperature [ITS-90, deg C]
# name 3 = c0S/m: Conductivity [S/m]
# name 4 = sal00: Salinity, Practical [PSU]
# name 5 = sigma-t00: Density [sigma-t, kg/m^3 ]
# name 6 = flag: flag
# span 0 =          1,       2202       
# span 1 =     -0.154,     43.735       
# span 2 =     3.4166,     3.9440       
# span 3 =   0.005739,   2.973233       
# span 4 =     0.0434,    31.9131       
# span 5 =     0.0100,    25.3677       
# span 6 = 0.0000e+00, 0.0000e+00       
# interval = seconds: 1
# start_time = May 08 2021 06:36:05 [Instrument's time stamp, header]
# bad_flag = -9.990e-29
*END*
[from data line 206]
        207     -0.125     3.8960   0.006003     0.0455     0.0117 0.0000e+00
        208     -0.123     3.8971   0.006006     0.0455     0.0117 0.0000e+00
        209     -0.124     3.8981   0.006014     0.0455     0.0117 0.0000e+00
        210     -0.124     3.8987   0.006021     0.0456     0.0118 0.0000e+00
        211     -0.122     3.8990   0.006023     0.0456     0.0118 0.0000e+00
        212     -0.122     3.8992   0.006022     0.0456     0.0118 0.0000e+00
        213     -0.122     3.8994   0.006021     0.0456     0.0118 0.0000e+00
        214     -0.121     3.8996   0.006019     0.0456     0.0118 0.0000e+00
        215     -0.123     3.8997   0.006017     0.0456     0.0118 0.0000e+00
        216     -0.127     3.8997   0.006016     0.0456     0.0117 0.0000e+00
        217     -0.132     3.8996   0.006014     0.0455     0.0117 0.0000e+00
        218     -0.134     3.8995   0.006013     0.0455     0.0117 0.0000e+00
        219     -0.133     3.8996   0.006014     0.0455     0.0117 0.0000e+00
        220     -0.130     3.8998   0.006014     0.0455     0.0117 0.0000e+00
        221     -0.128     3.8998   0.006018     0.0456     0.0118 0.0000e+00
        222     -0.126     3.8996   0.006022     0.0456     0.0118 0.0000e+00
        223     -0.123     3.8991   0.006026     0.0456     0.0118 0.0000e+00
        224     -0.119     3.8987   0.006029     0.0457     0.0118 0.0000e+00
        225     -0.119     3.8984   0.006031     0.0457     0.0118 0.0000e+00
        226     -0.121     3.8983   0.006032     0.0457     0.0118 0.0000e+00
        227     -0.120     3.8985   0.006032     0.0457     0.0118 0.0000e+00
        228     -0.118     3.8986   0.006036     0.0457     0.0119 0.0000e+00
        229     -0.117     3.8986   0.006040     0.0457     0.0119 0.0000e+00
        230     -0.117     3.8986   0.006042     0.0458     0.0119 0.0000e+00
        231     -0.120     3.8985   0.006044     0.0458     0.0119 0.0000e+00
        232     -0.123     3.8981   0.006046     0.0458     0.0119 0.0000e+00
        233     -0.127     3.8974   0.006043     0.0458     0.0119 0.0000e+00
        234     -0.129     3.8967   0.006038     0.0457     0.0119 0.0000e+00
        235     -0.128     3.8962   0.006033     0.0457     0.0118 0.0000e+00
        236     -0.125     3.8959   0.006029     0.0457     0.0118 0.0000e+00
        237     -0.124     3.8957   0.006029     0.0457     0.0118 0.0000e+00
        238     -0.125     3.8956   0.006035     0.0457     0.0119 0.0000e+00
        239     -0.126     3.8956   0.006041     0.0458     0.0119 0.0000e+00
        240     -0.126     3.8956   0.006042     0.0458     0.0119 0.0000e+00
        241     -0.126     3.8956   0.006042     0.0458     0.0119 0.0000e+00
        242     -0.126     3.8954   0.006042     0.0458     0.0119 0.0000e+00
        243     -0.124     3.8950   0.006043     0.0458     0.0119 0.0000e+00
        244     -0.126     3.8948   0.006043     0.0458     0.0119 0.0000e+00
        245     -0.130     3.8946   0.006043     0.0458     0.0119 0.0000e+00
        246     -0.132     3.8946   0.006048     0.0458     0.0119 0.0000e+00
        247     -0.135     3.8943   0.006055     0.0459     0.0120 0.0000e+00
        248     -0.135     3.8933   0.006054     0.0459     0.0120 0.0000e+00
        249     -0.131     3.8920   0.006047     0.0458     0.0119 0.0000e+00
        250     -0.128     3.8908   0.006040     0.0458     0.0119 0.0000e+00
        251     -0.126     3.8900   0.006040     0.0458     0.0119 0.0000e+00
        252     -0.123     3.8897   0.006042     0.0458     0.0119 0.0000e+00
        253     -0.121     3.8899   0.006046     0.0458     0.0119 0.0000e+00
        254     -0.121     3.8901   0.006050     0.0458     0.0120 0.0000e+00
        255     -0.121     3.8897   0.006052     0.0458     0.0120 0.0000e+00
        256     -0.122     3.8888   0.006052     0.0458     0.0120 0.0000e+00
        257     -0.122     3.8880   0.006056     0.0459     0.0120 0.0000e+00
        258     -0.122     3.8878   0.006065     0.0460     0.0120 0.0000e+00
        259     -0.125     3.8880   0.006073     0.0460     0.0121 0.0000e+00
        260     -0.128     3.8886   0.006077     0.0460     0.0121 0.0000e+00
        261     -0.127     3.8891   0.006081     0.0461     0.0121 0.0000e+00
        262     -0.124     3.8896   0.006089     0.0461     0.0122 0.0000e+00
        263     -0.126     3.8898   0.006097     0.0462     0.0122 0.0000e+00
        264     -0.130     3.8894   0.006103     0.0462     0.0123 0.0000e+00
        265     -0.130     3.8886   0.006108     0.0463     0.0123 0.0000e+00
        266     -0.127     3.8878   0.006109     0.0463     0.0123 0.0000e+00
        267     -0.125     3.8874   0.006109     0.0463     0.0123 0.0000e+00
        268     -0.123     3.8874   0.006110     0.0463     0.0123 0.0000e+00
        269     -0.122     3.8876   0.006112     0.0463     0.0123 0.0000e+00
        270     -0.122     3.8879   0.006115     0.0463     0.0124 0.0000e+00
        271     -0.126     3.8878   0.006115     0.0463     0.0124 0.0000e+00
        272     -0.133     3.8875   0.006111     0.0463     0.0123 0.0000e+00
        273     -0.136     3.8872   0.006106     0.0463     0.0123 0.0000e+00
        274     -0.136     3.8869   0.006106     0.0463     0.0123 0.0000e+00
        275     -0.132     3.8867   0.006107     0.0463     0.0123 0.0000e+00
        276     -0.129     3.8866   0.006107     0.0463     0.0123 0.0000e+00
        277     -0.129     3.8866   0.006108     0.0463     0.0123 0.0000e+00
        278     -0.130     3.8868   0.006109     0.0463     0.0123 0.0000e+00
        279     -0.129     3.8868   0.006110     0.0463     0.0123 0.0000e+00
        280     -0.126     3.8870   0.006112     0.0463     0.0123 0.0000e+00
        281     -0.125     3.8876   0.006115     0.0463     0.0124 0.0000e+00
        282     -0.126     3.8881   0.006117     0.0464     0.0124 0.0000e+00
        283     -0.126     3.8884   0.006117     0.0464     0.0124 0.0000e+00
        284     -0.124     3.8884   0.006115     0.0463     0.0124 0.0000e+00
        285     -0.124     3.8882   0.006117     0.0464     0.0124 0.0000e+00
        286     -0.126     3.8880   0.006120     0.0464     0.0124 0.0000e+00
        287     -0.128     3.8880   0.006123     0.0464     0.0124 0.0000e+00
        288     -0.128     3.8879   0.006120     0.0464     0.0124 0.0000e+00
        289     -0.127     3.8878   0.006116     0.0463     0.0124 0.0000e+00
        290     -0.124     3.8879   0.006115     0.0463     0.0124 0.0000e+00
        291     -0.119     3.8882   0.006128     0.0464     0.0124 0.0000e+00
        292     -0.114     3.8885   0.006167     0.0467     0.0127 0.0000e+00
        293     -0.112     3.8887   0.006222     0.0472     0.0130 0.0000e+00
        294     -0.114     3.8890   0.006267     0.0475     0.0133 0.0000e+00
        295     -0.120     3.8894   0.006313     0.0479     0.0136 0.0000e+00
        296     -0.126     3.8895   0.006381     0.0484     0.0140 0.0000e+00
        297     -0.130     3.8899   0.006492     0.0493     0.0147 0.0000e+00
        298     -0.130     3.8910   0.006647     0.0505     0.0157 0.0000e+00
        299     -0.127     3.8923   0.006846     0.0521     0.0170 0.0000e+00
        300     -0.125     3.8935   0.007087     0.0539     0.0185 0.0000e+00
        301     -0.121     3.8945   0.007383     0.0563     0.0204 0.0000e+00
        302     -0.120     3.8955   0.008023     0.0613     0.0245 0.0000e+00
        303     -0.123     3.8960   0.011429     0.0883     0.0463 0.0000e+00
        304     -0.128     3.8957   0.022891     0.1813     0.1213 0.0000e+00
        305     -0.132     3.8948   0.042618     0.3457     0.2538 0.0000e+00
        306     -0.132     3.8942   0.070951     0.5879     0.4487 0.0000e+00
        307     -0.133     3.8945   0.095183     0.7992     0.6185 0.0000e+00
        308     -0.135     3.8952   0.092629     0.7768     0.6005 0.0000e+00
        309     -0.133     3.8959   0.079486     0.6619     0.5082 0.0000e+00
        310     -0.118     3.8834   0.174635     1.5120     1.1903 0.0000e+00
        311     -0.073     3.8352   0.975418     9.4594     7.5232 0.0000e+00
        312     -0.008     3.7656   2.296649    24.0063    19.0704 0.0000e+00
        313      0.063     3.7191   2.893674    30.9901    24.6236 0.0000e+00
        314      0.148     3.7055   2.874169    30.7726    24.4518 0.0000e+00
        315      0.226     3.7053   2.877760    30.8151    24.4857 0.0000e+00
        316      0.273     3.7073   2.773049    29.5795    23.5029 0.0000e+00
        317      0.302     3.7112   2.613560    27.7096    22.0161 0.0000e+00
        318      0.326     3.7189   2.670020    28.3619    22.5339 0.0000e+00
        319      0.349     3.7278   2.876372    30.7774    24.4537 0.0000e+00
        320      0.364     3.7340   2.972671    31.9108    25.3546 0.0000e+00
        321      0.364     3.7379   2.973015    31.9110    25.3545 0.0000e+00
        322      0.351     3.7417   2.973233    31.9099    25.3532 0.0000e+00
        323      0.337     3.7461   2.973062    31.9036    25.3478 0.0000e+00
        324      0.332     3.7480   2.972991    31.9009    25.3455 0.0000e+00
        325      0.323     3.7441   2.973190    31.9071    25.3508 0.0000e+00
        326      0.308     3.7389   2.972779    31.9073    25.3514 0.0000e+00
        327      0.330     3.7378   2.971861    31.8975    25.3437 0.0000e+00
        328      0.409     3.7393   2.971552    31.8923    25.3395 0.0000e+00
        329      0.518     3.7399   2.972070    31.8978    25.3438 0.0000e+00
        330      0.624     3.7397   2.972652    31.9048    25.3494 0.0000e+00
        331      0.716     3.7383   2.972931    31.9095    25.3532 0.0000e+00
        332      0.782     3.7356   2.973015    31.9131    25.3563 0.0000e+00
        333      0.823     3.7349   2.972725    31.9103    25.3542 0.0000e+00
        334      0.849     3.7358   2.972319    31.9046    25.3496 0.0000e+00
        335      0.835     3.7306   2.971788    31.9034    25.3491 0.0000e+00
        336      0.772     3.7174   2.970588    31.9021    25.3493 0.0000e+00
        337      0.712     3.7043   2.969305    31.8997    25.3486 0.0000e+00
        338      0.682     3.6966   2.968570    31.8986    25.3484 0.0000e+00
        339      0.651     3.6935   2.968421    31.8999    25.3497 0.0000e+00
        340      0.622     3.6929   2.968650    31.9032    25.3524 0.0000e+00
        341      0.606     3.6933   2.968791    31.9045    25.3534 0.0000e+00
        342      0.581     3.6948   2.968837    31.9036    25.3526 0.0000e+00
        343      0.576     3.6971   2.968962    31.9028    25.3517 0.0000e+00
        344      0.650     3.6992   2.969122    31.9026    25.3514 0.0000e+00
        345      0.767     3.6994   2.969167    31.9029    25.3516 0.0000e+00
        346      0.846     3.6982   2.969072    31.9029    25.3517 0.0000e+00
        347      0.887     3.6966   2.968981    31.9034    25.3522 0.0000e+00
        348      0.923     3.6952   2.968917    31.9039    25.3528 0.0000e+00
        349      0.953     3.6943   2.968861    31.9041    25.3531 0.0000e+00
        350      0.966     3.6938   2.968827    31.9042    25.3532 0.0000e+00
        351      0.932     3.6934   2.968637    31.9024    25.3517 0.0000e+00
        352      0.829     3.6934   2.967409    31.8879    25.3402 0.0000e+00
        353      0.704     3.6939   2.966052    31.8713    25.3270 0.0000e+00
        354      0.627     3.6952   2.966951    31.8808    25.3344 0.0000e+00
        355      0.610     3.6974   2.968705    31.8994    25.3490 0.0000e+00
        356      0.612     3.6994   2.969266    31.9041    25.3526 0.0000e+00
        357      0.588     3.7003   2.969264    31.9032    25.3518 0.0000e+00
        358      0.545     3.7008   2.969209    31.9021    25.3509 0.0000e+00
        359      0.518     3.7011   2.969182    31.9015    25.3503 0.0000e+00
        360      0.500     3.6993   2.969124    31.9026    25.3514 0.0000e+00
        361      0.482     3.6968   2.968865    31.9020    25.3511 0.0000e+00
        362      0.486     3.6956   2.968598    31.9000    25.3496 0.0000e+00
        363      0.520     3.6940   2.968387    31.8990    25.3490 0.0000e+00
        364      0.600     3.6908   2.968125    31.8990    25.3493 0.0000e+00
        365      0.738     3.6880   2.967973    31.8999    25.3503 0.0000e+00
        366      0.856     3.6860   2.967865    31.9005    25.3509 0.0000e+00
        367      0.887     3.6839   2.967668    31.9002    25.3509 0.0000e+00
        368      0.880     3.6822   2.967495    31.8998    25.3507 0.0000e+00
        369      0.884     3.6808   2.967356    31.8995    25.3507 0.0000e+00
        370      0.871     3.6797   2.967265    31.8995    25.3508 0.0000e+00
        371      0.824     3.6792   2.967308    31.9006    25.3516 0.0000e+00
        372      0.782     3.6797   2.967442    31.9017    25.3525 0.0000e+00
        373      0.775     3.6810   2.967521    31.9014    25.3521 0.0000e+00
        374      0.784     3.6824   2.967505    31.8998    25.3507 0.0000e+00
        375      0.760     3.6829   2.967526    31.8996    25.3505 0.0000e+00
        376      0.659     3.6830   2.967600    31.9004    25.3511 0.0000e+00
        377      0.502     3.6834   2.967617    31.9003    25.3510 0.0000e+00
        378      0.370     3.6839   2.967619    31.8999    25.3506 0.0000e+00
        379      0.305     3.6840   2.967689    31.9007    25.3512 0.0000e+00
        380      0.287     3.6838   2.967744    31.9015    25.3519 0.0000e+00
        381      0.289     3.6839   2.967754    31.9015    25.3520 0.0000e+00
        382      0.310     3.6844   2.967768    31.9012    25.3516 0.0000e+00
        383      0.370     3.6852   2.967766    31.9004    25.3509 0.0000e+00
        384      0.481     3.6857   2.967755    31.8997    25.3503 0.0000e+00
        385      0.599     3.6855   2.967746    31.8997    25.3504 0.0000e+00
        386      0.689     3.6851   2.967720    31.8997    25.3504 0.0000e+00
        387      0.830     3.6852   2.967733    31.8997    25.3504 0.0000e+00
        388      1.115     3.6856   2.967793    31.8999    25.3505 0.0000e+00
        389      1.492     3.6862   2.967856    31.8999    25.3504 0.0000e+00
        390      1.837     3.6866   2.967907    31.8999    25.3504 0.0000e+00
        391      2.087     3.6868   2.967953    31.9001    25.3506 0.0000e+00
        392      2.255     3.6869   2.967994    31.9004    25.3508 0.0000e+00
        393      2.360     3.6868   2.968016    31.9007    25.3511 0.0000e+00
        394      2.396     3.6866   2.968031    31.9011    25.3514 0.0000e+00
        395      2.360     3.6864   2.968038    31.9014    25.3516 0.0000e+00
        396      2.292     3.6863   2.968011    31.9012    25.3515 0.0000e+00
        397      2.243     3.6849   2.967865    31.9009    25.3513 0.0000e+00
        398      2.257     3.6821   2.967582    31.9002    25.3511 0.0000e+00
        399      2.355     3.6802   2.967385    31.8997    25.3508 0.0000e+00
        400      2.499     3.6803   2.967413    31.8999    25.3510 0.0000e+00
        401      2.612     3.6809   2.967487    31.9001    25.3511 0.0000e+00
        402      2.654     3.6791   2.967311    31.8998    25.3510 0.0000e+00
        403      2.628     3.6745   2.966824    31.8985    25.3504 0.0000e+00
        404      2.547     3.6719   2.966593    31.8983    25.3505 0.0000e+00
        405      2.452     3.6739   2.966882    31.8999    25.3515 0.0000e+00
        406      2.367     3.6769   2.967154    31.9002    25.3515 0.0000e+00
        407      2.265     3.6791   2.967290    31.8997    25.3509 0.0000e+00
        408      2.138     3.6814   2.967483    31.8998    25.3508 0.0000e+00
        409      2.033     3.6835   2.967670    31.9000    25.3508 0.0000e+00
        410      1.975     3.6849   2.967790    31.9001    25.3507 0.0000e+00
