Datasets/Test_Dataset_39219_tow/originals/tel219_2021_015.cnv
* Sea-Bird SBE19plus Data File:
* Filename = C:/AQUIRE/tel219_2021_015.hex
* Software Version AquireV2 AF V2.0
* Temperature SN =  4020
* Conductivity SN =  4020
* System UpLoad Time = May 07 2021 12:03:26
** VESSEL/TRIP/SEQ STN: tel219_2021_015
** LATITUDE: 46 29.99 N
** LONGITUDE: 56 28.87 W
** DATE/TIME: 2021-05-07 11:23
** SOUNDING DEPTH (M): 0058
** PROBE TYPE: S4020
** CTD NUMBER:  15
** FORMAT: T
** COMMENTS: 
# nquan = 7                                 
# nvalues = 2440                        
# units = specified
# name 0 = scan: Scan Count
# name 1 = prdM: Pressure, Strain Gauge [db]
# name 2 = tv290C: Temperature [ITS-90, deg C]
# name 3 = c0S/m: Conductivity [S/m]
# name 4 = sal00: Salinity, Practical [PSU]
# name 5 = sigma-t00: Density [sigma-t, kg/m^3 ]
# name 6 = flag: flag
# span 0 =          1,       2440       
# span 1 =     -0.166,     55.370       
# span 2 =     2.4451,     4.1311       
# span 3 =   0.005456,   2.939414       
# span 4 =     0.0410,    32.0550       
# span 5 =     0.0079,    25.5708       
# span 6 = 0.0000e+00, 0.0000e+00       
# interval = seconds: 1
# start_time = May 07 2021 11:23:10 [Instrument's time stamp, header]
# bad_flag = -9.990e-29
*END*
[from data line 1642]
       1643     53.912     2.4667   2.881085    32.0344    25.5615 0.0000e+00
       1644     53.927     2.4663   2.881057    32.0344    25.5615 0.0000e+00
       1645     53.955     2.4650   2.881000    32.0350    25.5621 0.0000e+00
       1646     53.954     2.4646   2.881026    32.0357    25.5627 0.0000e+00
       1647     53.896     2.4648   2.881020    32.0355    25.5625 0.0000e+00
       1648     53.811     2.4642   2.880894    32.0346    25.5618 0.0000e+00
       1649     53.763     2.4635   2.880804    32.0342    25.5616 0.0000e+00
       1650     53.774     2.4636   2.880822    32.0343    25.5617 0.0000e+00
       1651     53.806     2.4640   2.880881    32.0346    25.5619 0.0000e+00
       1652     53.811     2.4641   2.880917    32.0350    25.5622 0.0000e+00
       1653     53.785     2.4638   2.880890    32.0350    25.5622 0.0000e+00
       1654     53.760     2.4635   2.880823    32.0345    25.5618 0.0000e+00
       1655     53.760     2.4634   2.880790    32.0342    25.5616 0.0000e+00
       1656     53.774     2.4634   2.880800    32.0343    25.5616 0.0000e+00
       1657     53.776     2.4634   2.880814    32.0344    25.5618 0.0000e+00
       1658     53.755     2.4636   2.880833    32.0345    25.5618 0.0000e+00
       1659     53.727     2.4640   2.880855    32.0344    25.5617 0.0000e+00
       1660     53.721     2.4645   2.880888    32.0343    25.5616 0.0000e+00
       1661     53.749     2.4652   2.880935    32.0341    25.5614 0.0000e+00
       1662     53.789     2.4661   2.880985    32.0338    25.5611 0.0000e+00
       1663     53.809     2.4665   2.881041    32.0341    25.5613 0.0000e+00
       1664     53.800     2.4659   2.881002    32.0342    25.5614 0.0000e+00
       1665     53.782     2.4642   2.880851    32.0341    25.5614 0.0000e+00
       1666     53.775     2.4628   2.880741    32.0342    25.5616 0.0000e+00
       1667     53.777     2.4627   2.880759    32.0345    25.5619 0.0000e+00
       1668     53.787     2.4631   2.880805    32.0346    25.5620 0.0000e+00
       1669     53.814     2.4632   2.880796    32.0344    25.5618 0.0000e+00
       1670     53.853     2.4635   2.880815    32.0343    25.5617 0.0000e+00
       1671     53.883     2.4632   2.880815    32.0346    25.5619 0.0000e+00
       1672     53.882     2.4624   2.880741    32.0345    25.5619 0.0000e+00
       1673     53.844     2.4615   2.880660    32.0344    25.5619 0.0000e+00
       1674     53.799     2.4607   2.880582    32.0343    25.5619 0.0000e+00
       1675     53.782     2.4602   2.880542    32.0343    25.5619 0.0000e+00
       1676     53.802     2.4604   2.880563    32.0344    25.5619 0.0000e+00
       1677     53.839     2.4614   2.880632    32.0342    25.5617 0.0000e+00
       1678     53.863     2.4627   2.880733    32.0341    25.5616 0.0000e+00
       1679     53.868     2.4631   2.880762    32.0341    25.5615 0.0000e+00
       1680     53.876     2.4626   2.880708    32.0339    25.5614 0.0000e+00
       1681     53.899     2.4624   2.880698    32.0340    25.5615 0.0000e+00
       1682     53.926     2.4630   2.880766    32.0342    25.5616 0.0000e+00
       1683     53.934     2.4635   2.880824    32.0344    25.5617 0.0000e+00
       1684     53.912     2.4634   2.880805    32.0343    25.5616 0.0000e+00
       1685     53.876     2.4623   2.880712    32.0342    25.5617 0.0000e+00
       1686     53.855     2.4610   2.880599    32.0342    25.5617 0.0000e+00
       1687     53.866     2.4602   2.880548    32.0343    25.5619 0.0000e+00
       1688     53.899     2.4600   2.880552    32.0346    25.5621 0.0000e+00
       1689     53.929     2.4602   2.880555    32.0344    25.5620 0.0000e+00
       1690     53.939     2.4606   2.880573    32.0342    25.5618 0.0000e+00
       1691     53.938     2.4613   2.880630    32.0342    25.5618 0.0000e+00
       1692     53.944     2.4626   2.880722    32.0340    25.5615 0.0000e+00
       1693     53.963     2.4638   2.880829    32.0341    25.5615 0.0000e+00
       1694     53.978     2.4645   2.880882    32.0341    25.5614 0.0000e+00
       1695     53.973     2.4647   2.880865    32.0337    25.5611 0.0000e+00
       1696     53.955     2.4665   2.880964    32.0331    25.5604 0.0000e+00
       1697     53.942     2.4707   2.881292    32.0329    25.5600 0.0000e+00
       1698     53.947     2.4758   2.881697    32.0327    25.5595 0.0000e+00
       1699     53.976     2.4796   2.881998    32.0326    25.5591 0.0000e+00
       1700     54.016     2.4804   2.882052    32.0324    25.5589 0.0000e+00
       1701     54.048     2.4781   2.881863    32.0324    25.5590 0.0000e+00
       1702     54.059     2.4748   2.881607    32.0326    25.5594 0.0000e+00
       1703     54.049     2.4722   2.881413    32.0328    25.5598 0.0000e+00
       1704     54.033     2.4701   2.881285    32.0334    25.5604 0.0000e+00
       1705     54.028     2.4684   2.881160    32.0335    25.5607 0.0000e+00
       1706     54.041     2.4670   2.881063    32.0337    25.5609 0.0000e+00
       1707     54.070     2.4663   2.881005    32.0337    25.5610 0.0000e+00
       1708     54.106     2.4662   2.880996    32.0337    25.5610 0.0000e+00
       1709     54.144     2.4667   2.881054    32.0339    25.5611 0.0000e+00
       1710     54.195     2.4669   2.881082    32.0340    25.5612 0.0000e+00
       1711     54.259     2.4662   2.881020    32.0339    25.5611 0.0000e+00
       1712     54.325     2.4646   2.880894    32.0339    25.5613 0.0000e+00
       1713     54.375     2.4632   2.880790    32.0340    25.5615 0.0000e+00
       1714     54.388     2.4624   2.880741    32.0342    25.5617 0.0000e+00
       1715     54.356     2.4620   2.880709    32.0343    25.5617 0.0000e+00
       1716     54.284     2.4621   2.880711    32.0342    25.5617 0.0000e+00
       1717     54.171     2.4625   2.880745    32.0343    25.5617 0.0000e+00
       1718     54.016     2.4629   2.880763    32.0342    25.5616 0.0000e+00
       1719     53.825     2.4632   2.880774    32.0341    25.5615 0.0000e+00
       1720     53.611     2.4649   2.880854    32.0335    25.5609 0.0000e+00
       1721     53.383     2.4700   2.881221    32.0330    25.5601 0.0000e+00
       1722     53.144     2.4775   2.881847    32.0333    25.5598 0.0000e+00
       1723     52.895     2.4840   2.882275    32.0322    25.5584 0.0000e+00
       1724     52.639     2.4915   2.882651    32.0294    25.5556 0.0000e+00
       1725     52.378     2.5062   2.883681    32.0274    25.5528 0.0000e+00
       1726     52.110     2.5302   2.885513    32.0259    25.5498 0.0000e+00
       1727     51.825     2.5583   2.887658    32.0242    25.5462 0.0000e+00
       1728     51.515     2.5837   2.889420    32.0205    25.5412 0.0000e+00
       1729     51.180     2.6127   2.891003    32.0110    25.5313 0.0000e+00
       1730     50.830     2.6675   2.894874    32.0036    25.5211 0.0000e+00
       1731     50.479     2.7529   2.902030    32.0058    25.5159 0.0000e+00
       1732     50.136     2.8400   2.908990    32.0037    25.5072 0.0000e+00
       1733     49.800     2.9019   2.913164    31.9929    25.4934 0.0000e+00
       1734     49.463     2.9378   2.915212    31.9822    25.4819 0.0000e+00
       1735     49.122     2.9622   2.916807    31.9774    25.4760 0.0000e+00
       1736     48.781     2.9880   2.919130    31.9801    25.4760 0.0000e+00
       1737     48.436     3.0137   2.921572    31.9843    25.4772 0.0000e+00
       1738     48.079     3.0303   2.922966    31.9848    25.4762 0.0000e+00
       1739     47.709     3.0355   2.923254    31.9833    25.4746 0.0000e+00
       1740     47.333     3.0326   2.922977    31.9831    25.4746 0.0000e+00
       1741     46.955     3.0269   2.922486    31.9830    25.4750 0.0000e+00
       1742     46.577     3.0221   2.922114    31.9835    25.4758 0.0000e+00
       1743     46.198     3.0197   2.922133    31.9863    25.4783 0.0000e+00
       1744     45.819     3.0199   2.922376    31.9892    25.4806 0.0000e+00
       1745     45.442     3.0225   2.922558    31.9890    25.4802 0.0000e+00
       1746     45.067     3.0257   2.922625    31.9869    25.4782 0.0000e+00
       1747     44.691     3.0285   2.922640    31.9845    25.4761 0.0000e+00
       1748     44.310     3.0313   2.922855    31.9845    25.4758 0.0000e+00
       1749     43.920     3.0351   2.923374    31.9872    25.4777 0.0000e+00
       1750     43.521     3.0395   2.923744    31.9875    25.4776 0.0000e+00
       1751     43.118     3.0428   2.923858    31.9858    25.4759 0.0000e+00
       1752     42.713     3.0450   2.924019    31.9858    25.4757 0.0000e+00
       1753     42.304     3.0472   2.924233    31.9864    25.4760 0.0000e+00
       1754     41.892     3.0502   2.924442    31.9861    25.4756 0.0000e+00
       1755     41.482     3.0540   2.924710    31.9858    25.4750 0.0000e+00
       1756     41.073     3.0572   2.924924    31.9855    25.4744 0.0000e+00
       1757     40.665     3.0586   2.924963    31.9847    25.4738 0.0000e+00
       1758     40.260     3.0592   2.924991    31.9847    25.4737 0.0000e+00
       1759     39.858     3.0597   2.925077    31.9855    25.4742 0.0000e+00
       1760     39.458     3.0599   2.925115    31.9859    25.4746 0.0000e+00
       1761     39.059     3.0599   2.925089    31.9858    25.4745 0.0000e+00
       1762     38.659     3.0595   2.925008    31.9854    25.4742 0.0000e+00
       1763     38.252     3.0590   2.924904    31.9849    25.4738 0.0000e+00
       1764     37.837     3.0579   2.924829    31.9853    25.4743 0.0000e+00
       1765     37.420     3.0574   2.924800    31.9857    25.4746 0.0000e+00
       1766     37.007     3.0585   2.924904    31.9861    25.4748 0.0000e+00
       1767     36.600     3.0605   2.925139    31.9871    25.4755 0.0000e+00
       1768     36.201     3.0623   2.925317    31.9877    25.4758 0.0000e+00
       1769     35.810     3.0631   2.925338    31.9874    25.4754 0.0000e+00
       1770     35.418     3.0628   2.925222    31.9865    25.4748 0.0000e+00
       1771     35.019     3.0618   2.924991    31.9849    25.4736 0.0000e+00
       1772     34.611     3.0611   2.924886    31.9845    25.4734 0.0000e+00
       1773     34.196     3.0607   2.925029    31.9869    25.4753 0.0000e+00
       1774     33.776     3.0606   2.925122    31.9883    25.4764 0.0000e+00
       1775     33.351     3.0606   2.925057    31.9877    25.4760 0.0000e+00
       1776     32.928     3.0604   2.924994    31.9874    25.4757 0.0000e+00
       1777     32.507     3.0598   2.924990    31.9882    25.4764 0.0000e+00
       1778     32.085     3.0588   2.925016    31.9897    25.4777 0.0000e+00
       1779     31.660     3.0581   2.924957    31.9899    25.4779 0.0000e+00
       1780     31.229     3.0579   2.924746    31.9878    25.4762 0.0000e+00
       1781     30.788     3.0578   2.924428    31.9843    25.4734 0.0000e+00
       1782     30.338     3.0579   2.924250    31.9822    25.4718 0.0000e+00
       1783     29.879     3.0585   2.924516    31.9851    25.4740 0.0000e+00
       1784     29.413     3.0597   2.924990    31.9899    25.4778 0.0000e+00
       1785     28.947     3.0610   2.925194    31.9913    25.4788 0.0000e+00
       1786     28.487     3.0613   2.925097    31.9901    25.4778 0.0000e+00
       1787     28.036     3.0597   2.924912    31.9897    25.4776 0.0000e+00
       1788     27.592     3.0576   2.924784    31.9904    25.4784 0.0000e+00
       1789     27.141     3.0574   2.924807    31.9911    25.4790 0.0000e+00
       1790     26.699     3.0584   2.924980    31.9925    25.4799 0.0000e+00
       1791     26.315     3.0595   2.925099    31.9930    25.4803 0.0000e+00
       1792     26.000     3.0600   2.925082    31.9925    25.4798 0.0000e+00
       1793     25.724     3.0602   2.925010    31.9916    25.4791 0.0000e+00
       1794     25.462     3.0600   2.924948    31.9912    25.4787 0.0000e+00
       1795     25.211     3.0598   2.924944    31.9914    25.4790 0.0000e+00
       1796     24.983     3.0599   2.924996    31.9921    25.4795 0.0000e+00
       1797     24.789     3.0606   2.925077    31.9925    25.4797 0.0000e+00
       1798     24.624     3.0613   2.925133    31.9925    25.4797 0.0000e+00
       1799     24.469     3.0617   2.925109    31.9919    25.4792 0.0000e+00
       1800     24.302     3.0617   2.925032    31.9911    25.4785 0.0000e+00
       1801     24.115     3.0617   2.924988    31.9907    25.4782 0.0000e+00
       1802     23.920     3.0614   2.925000    31.9912    25.4787 0.0000e+00
       1803     23.731     3.0612   2.925035    31.9919    25.4793 0.0000e+00
       1804     23.561     3.0610   2.925070    31.9926    25.4798 0.0000e+00
       1805     23.409     3.0612   2.925091    31.9928    25.4799 0.0000e+00
       1806     23.236     3.0612   2.925075    31.9927    25.4798 0.0000e+00
       1807     23.014     3.0604   2.924986    31.9925    25.4798 0.0000e+00
       1808     22.779     3.0590   2.924836    31.9922    25.4797 0.0000e+00
       1809     22.582     3.0575   2.924705    31.9922    25.4798 0.0000e+00
       1810     22.436     3.0566   2.924630    31.9923    25.4799 0.0000e+00
       1811     22.324     3.0566   2.924602    31.9920    25.4797 0.0000e+00
       1812     22.228     3.0570   2.924578    31.9914    25.4792 0.0000e+00
       1813     22.155     3.0568   2.924514    31.9908    25.4788 0.0000e+00
       1814     22.114     3.0555   2.924459    31.9915    25.4794 0.0000e+00
       1815     22.104     3.0538   2.924469    31.9933    25.4810 0.0000e+00
       1816     22.112     3.0531   2.924491    31.9942    25.4818 0.0000e+00
       1817     22.124     3.0534   2.924454    31.9935    25.4812 0.0000e+00
       1818     22.130     3.0545   2.924422    31.9920    25.4799 0.0000e+00
       1819     22.137     3.0556   2.924417    31.9909    25.4789 0.0000e+00
       1820     22.154     3.0552   2.924370    31.9907    25.4788 0.0000e+00
       1821     22.171     3.0541   2.924322    31.9912    25.4793 0.0000e+00
       1822     22.175     3.0544   2.924347    31.9912    25.4792 0.0000e+00
       1823     22.158     3.0561   2.924474    31.9910    25.4790 0.0000e+00
       1824     22.114     3.0581   2.924641    31.9911    25.4789 0.0000e+00
       1825     22.036     3.0595   2.924778    31.9914    25.4790 0.0000e+00
       1826     21.934     3.0600   2.924849    31.9918    25.4793 0.0000e+00
       1827     21.830     3.0603   2.924829    31.9913    25.4789 0.0000e+00
       1828     21.743     3.0606   2.924796    31.9907    25.4783 0.0000e+00
       1829     21.673     3.0610   2.924870    31.9912    25.4787 0.0000e+00
       1830     21.602     3.0617   2.925024    31.9924    25.4796 0.0000e+00
       1831     21.496     3.0625   2.925108    31.9927    25.4798 0.0000e+00
       1832     21.328     3.0629   2.925038    31.9915    25.4788 0.0000e+00
       1833     21.123     3.0629   2.924893    31.9899    25.4775 0.0000e+00
       1834     20.928     3.0629   2.924853    31.9895    25.4772 0.0000e+00
       1835     20.778     3.0633   2.924999    31.9910    25.4783 0.0000e+00
       1836     20.671     3.0642   2.925194    31.9925    25.4794 0.0000e+00
       1837     20.550     3.0656   2.925315    31.9926    25.4794 0.0000e+00
       1838     20.366     3.0670   2.925360    31.9919    25.4787 0.0000e+00
       1839     20.129     3.0677   2.925315    31.9907    25.4778 0.0000e+00
       1840     19.868     3.0675   2.925245    31.9902    25.4774 0.0000e+00
       1841     19.608     3.0670   2.925272    31.9912    25.4782 0.0000e+00
       1842     19.380     3.0663   2.925317    31.9925    25.4793 0.0000e+00
       1843     19.173     3.0659   2.925318    31.9931    25.4798 0.0000e+00
       1844     18.940     3.0665   2.925335    31.9928    25.4795 0.0000e+00
       1845     18.654     3.0679   2.925408    31.9924    25.4791 0.0000e+00
       1846     18.330     3.0697   2.925521    31.9922    25.4787 0.0000e+00
