Datasets/Test_Dataset_39219_tow/originals/tel219_2021_085.cnv
* Sea-Bird SBE19plus Data File:
* Filename = C:/AQUIRE/tel219_2021_085.hex
* Software Version AquireV2 AF V2.0
* Temperature SN =  4020
* Conductivity SN =  4020
* System UpLoad Time = May 17 2021 03:20:28
** VESSEL/TRIP/SEQ STN: tel219_2021_085
** LATITUDE: 46 26.02 N
** LONGITUDE: 55 20.24 W
** DATE/TIME: 2021-05-17 02:39
** SOUNDING DEPTH (M): 0155
** PROBE TYPE: S4020
** CTD NUMBER:  85
** FORMAT: t
** COMMENTS: 
# nquan = 7                                 
# nvalues = 2512                        
# units = specified
# name 0 = scan: Scan Count
# name 1 = prdM: Pressure, Strain Gauge [db]
# name 2 = tv290C: Temperature [ITS-90, deg C]
# name 3 = c0S/m: Conductivity [S/m]
# name 4 = sal00: Salinity, Practical [PSU]
# name 5 = sigma-t00: Density [sigma-t, kg/m^3 ]
# name 6 = flag: flag
# span 0 =          1,       2512       
# span 1 =      0.007,    152.555       
# span 2 =     0.1345,     5.3261       
# span 3 =   0.005787,   3.041036       
# span 4 =     0.0427,    32.6385       
# span 5 =    -0.0031,    26.1937       
# span 6 = 0.0000e+00, 0.0000e+00       
# interval = seconds: 1
# start_time = May 17 2021 02:39:48 [Instrument's time stamp, header]
# bad_flag = -9.990e-29
*END*
[from data line 1642]
       1643    150.740     0.1371   2.742751    32.6329    26.1891 0.0000e+00
       1644    150.734     0.1371   2.742754    32.6330    26.1891 0.0000e+00
       1645    150.723     0.1371   2.742762    32.6331    26.1892 0.0000e+00
       1646    150.715     0.1369   2.742768    32.6334    26.1894 0.0000e+00
       1647    150.716     0.1367   2.742774    32.6337    26.1897 0.0000e+00
       1648    150.726     0.1367   2.742776    32.6337    26.1897 0.0000e+00
       1649    150.737     0.1369   2.742768    32.6334    26.1894 0.0000e+00
       1650    150.743     0.1370   2.742763    32.6332    26.1893 0.0000e+00
       1651    150.747     0.1368   2.742766    32.6334    26.1895 0.0000e+00
       1652    150.749     0.1367   2.742769    32.6336    26.1896 0.0000e+00
       1653    150.750     0.1369   2.742768    32.6334    26.1894 0.0000e+00
       1654    150.750     0.1370   2.742761    32.6332    26.1892 0.0000e+00
       1655    150.749     0.1370   2.742757    32.6331    26.1892 0.0000e+00
       1656    150.751     0.1370   2.742761    32.6332    26.1892 0.0000e+00
       1657    150.761     0.1369   2.742774    32.6334    26.1895 0.0000e+00
       1658    150.775     0.1369   2.742782    32.6335    26.1895 0.0000e+00
       1659    150.785     0.1369   2.742775    32.6334    26.1895 0.0000e+00
       1660    150.789     0.1369   2.742769    32.6334    26.1894 0.0000e+00
       1661    150.788     0.1369   2.742768    32.6333    26.1894 0.0000e+00
       1662    150.781     0.1370   2.742761    32.6332    26.1892 0.0000e+00
       1663    150.774     0.1370   2.742749    32.6330    26.1891 0.0000e+00
       1664    150.775     0.1370   2.742745    32.6329    26.1891 0.0000e+00
       1665    150.790     0.1370   2.742751    32.6330    26.1891 0.0000e+00
       1666    150.810     0.1370   2.742760    32.6331    26.1892 0.0000e+00
       1667    150.820     0.1370   2.742760    32.6331    26.1892 0.0000e+00
       1668    150.817     0.1370   2.742758    32.6331    26.1892 0.0000e+00
       1669    150.809     0.1371   2.742755    32.6329    26.1891 0.0000e+00
       1670    150.812     0.1371   2.742751    32.6329    26.1890 0.0000e+00
       1671    150.832     0.1372   2.742748    32.6327    26.1889 0.0000e+00
       1672    150.857     0.1374   2.742742    32.6324    26.1886 0.0000e+00
       1673    150.872     0.1373   2.742748    32.6326    26.1888 0.0000e+00
       1674    150.877     0.1372   2.742751    32.6328    26.1889 0.0000e+00
       1675    150.879     0.1372   2.742745    32.6327    26.1888 0.0000e+00
       1676    150.882     0.1374   2.742739    32.6324    26.1886 0.0000e+00
       1677    150.883     0.1376   2.742730    32.6320    26.1883 0.0000e+00
       1678    150.876     0.1376   2.742724    32.6320    26.1882 0.0000e+00
       1679    150.865     0.1376   2.742721    32.6319    26.1882 0.0000e+00
       1680    150.860     0.1376   2.742717    32.6319    26.1882 0.0000e+00
       1681    150.868     0.1378   2.742709    32.6316    26.1879 0.0000e+00
       1682    150.883     0.1380   2.742697    32.6312    26.1876 0.0000e+00
       1683    150.893     0.1381   2.742695    32.6311    26.1875 0.0000e+00
       1684    150.891     0.1379   2.742704    32.6314    26.1878 0.0000e+00
       1685    150.885     0.1377   2.742710    32.6317    26.1880 0.0000e+00
       1686    150.882     0.1379   2.742702    32.6314    26.1877 0.0000e+00
       1687    150.883     0.1381   2.742686    32.6309    26.1874 0.0000e+00
       1688    150.889     0.1382   2.742675    32.6307    26.1872 0.0000e+00
       1689    150.900     0.1382   2.742669    32.6306    26.1871 0.0000e+00
       1690    150.914     0.1382   2.742662    32.6305    26.1870 0.0000e+00
       1691    150.924     0.1382   2.742665    32.6305    26.1871 0.0000e+00
       1692    150.923     0.1382   2.742674    32.6307    26.1872 0.0000e+00
       1693    150.919     0.1382   2.742676    32.6307    26.1872 0.0000e+00
       1694    150.927     0.1383   2.742667    32.6305    26.1870 0.0000e+00
       1695    150.952     0.1384   2.742664    32.6303    26.1869 0.0000e+00
       1696    150.985     0.1383   2.742672    32.6305    26.1870 0.0000e+00
       1697    151.016     0.1382   2.742675    32.6306    26.1871 0.0000e+00
       1698    151.038     0.1382   2.742681    32.6307    26.1872 0.0000e+00
       1699    151.053     0.1381   2.742694    32.6309    26.1874 0.0000e+00
       1700    151.070     0.1380   2.742705    32.6312    26.1876 0.0000e+00
       1701    151.097     0.1379   2.742714    32.6314    26.1878 0.0000e+00
       1702    151.129     0.1380   2.742722    32.6314    26.1877 0.0000e+00
       1703    151.153     0.1380   2.742720    32.6313    26.1877 0.0000e+00
       1704    151.166     0.1381   2.742712    32.6311    26.1875 0.0000e+00
       1705    151.179     0.1381   2.742710    32.6311    26.1875 0.0000e+00
       1706    151.199     0.1382   2.742715    32.6310    26.1875 0.0000e+00
       1707    151.222     0.1382   2.742715    32.6310    26.1874 0.0000e+00
       1708    151.240     0.1382   2.742705    32.6309    26.1873 0.0000e+00
       1709    151.256     0.1384   2.742694    32.6305    26.1870 0.0000e+00
       1710    151.278     0.1385   2.742683    32.6302    26.1868 0.0000e+00
       1711    151.308     0.1385   2.742680    32.6302    26.1868 0.0000e+00
       1712    151.339     0.1385   2.742688    32.6303    26.1868 0.0000e+00
       1713    151.364     0.1383   2.742700    32.6306    26.1871 0.0000e+00
       1714    151.383     0.1382   2.742706    32.6308    26.1873 0.0000e+00
       1715    151.395     0.1383   2.742704    32.6307    26.1872 0.0000e+00
       1716    151.402     0.1384   2.742701    32.6305    26.1870 0.0000e+00
       1717    151.408     0.1384   2.742702    32.6305    26.1870 0.0000e+00
       1718    151.416     0.1384   2.742701    32.6305    26.1870 0.0000e+00
       1719    151.423     0.1385   2.742690    32.6303    26.1868 0.0000e+00
       1720    151.424     0.1386   2.742678    32.6300    26.1866 0.0000e+00
       1721    151.416     0.1386   2.742679    32.6300    26.1866 0.0000e+00
       1722    151.400     0.1385   2.742682    32.6302    26.1867 0.0000e+00
       1723    151.376     0.1383   2.742688    32.6305    26.1870 0.0000e+00
       1724    151.357     0.1382   2.742702    32.6308    26.1872 0.0000e+00
       1725    151.354     0.1382   2.742713    32.6309    26.1874 0.0000e+00
       1726    151.360     0.1382   2.742711    32.6309    26.1873 0.0000e+00
       1727    151.362     0.1382   2.742706    32.6308    26.1873 0.0000e+00
       1728    151.359     0.1382   2.742703    32.6308    26.1873 0.0000e+00
       1729    151.357     0.1382   2.742698    32.6307    26.1872 0.0000e+00
       1730    151.360     0.1382   2.742699    32.6307    26.1872 0.0000e+00
       1731    151.362     0.1382   2.742705    32.6308    26.1873 0.0000e+00
       1732    151.360     0.1382   2.742703    32.6308    26.1873 0.0000e+00
       1733    151.359     0.1382   2.742698    32.6307    26.1872 0.0000e+00
       1734    151.362     0.1382   2.742702    32.6308    26.1872 0.0000e+00
       1735    151.368     0.1382   2.742707    32.6308    26.1873 0.0000e+00
       1736    151.375     0.1382   2.742713    32.6309    26.1874 0.0000e+00
       1737    151.383     0.1382   2.742720    32.6310    26.1874 0.0000e+00
       1738    151.390     0.1382   2.742721    32.6310    26.1874 0.0000e+00
       1739    151.395     0.1384   2.742715    32.6307    26.1872 0.0000e+00
       1740    151.400     0.1385   2.742708    32.6305    26.1870 0.0000e+00
       1741    151.408     0.1386   2.742702    32.6303    26.1869 0.0000e+00
       1742    151.418     0.1387   2.742691    32.6301    26.1867 0.0000e+00
       1743    151.423     0.1387   2.742680    32.6299    26.1865 0.0000e+00
       1744    151.424     0.1387   2.742683    32.6299    26.1866 0.0000e+00
       1745    151.425     0.1387   2.742688    32.6300    26.1866 0.0000e+00
       1746    151.429     0.1387   2.742683    32.6299    26.1866 0.0000e+00
       1747    151.436     0.1387   2.742679    32.6299    26.1865 0.0000e+00
       1748    151.445     0.1387   2.742682    32.6299    26.1865 0.0000e+00
       1749    151.450     0.1387   2.742686    32.6300    26.1866 0.0000e+00
       1750    151.448     0.1389   2.742674    32.6296    26.1863 0.0000e+00
       1751    151.444     0.1389   2.742661    32.6294    26.1861 0.0000e+00
       1752    151.445     0.1389   2.742674    32.6296    26.1863 0.0000e+00
       1753    151.451     0.1390   2.742688    32.6297    26.1863 0.0000e+00
       1754    151.453     0.1390   2.742675    32.6295    26.1862 0.0000e+00
       1755    151.448     0.1390   2.742663    32.6294    26.1861 0.0000e+00
       1756    151.439     0.1390   2.742665    32.6294    26.1861 0.0000e+00
       1757    151.430     0.1390   2.742662    32.6294    26.1861 0.0000e+00
       1758    151.424     0.1391   2.742660    32.6292    26.1860 0.0000e+00
       1759    151.422     0.1392   2.742660    32.6291    26.1859 0.0000e+00
       1760    151.424     0.1394   2.742640    32.6286    26.1855 0.0000e+00
       1761    151.432     0.1396   2.742619    32.6281    26.1851 0.0000e+00
       1762    151.456     0.1396   2.742637    32.6284    26.1852 0.0000e+00
       1763    151.496     0.1396   2.742658    32.6286    26.1854 0.0000e+00
       1764    151.540     0.1397   2.742651    32.6284    26.1853 0.0000e+00
       1765    151.577     0.1400   2.742651    32.6281    26.1850 0.0000e+00
       1766    151.605     0.1402   2.742682    32.6282    26.1851 0.0000e+00
       1767    151.622     0.1402   2.742709    32.6286    26.1854 0.0000e+00
       1768    151.622     0.1402   2.742715    32.6287    26.1855 0.0000e+00
       1769    151.594     0.1404   2.742715    32.6285    26.1853 0.0000e+00
       1770    151.534     0.1405   2.742712    32.6284    26.1852 0.0000e+00
       1771    151.445     0.1406   2.742707    32.6282    26.1851 0.0000e+00
       1772    151.333     0.1406   2.742698    32.6282    26.1850 0.0000e+00
       1773    151.203     0.1406   2.742687    32.6281    26.1850 0.0000e+00
       1774    151.058     0.1406   2.742677    32.6281    26.1849 0.0000e+00
       1775    150.896     0.1405   2.742669    32.6282    26.1850 0.0000e+00
       1776    150.718     0.1406   2.742660    32.6280    26.1849 0.0000e+00
       1777    150.532     0.1406   2.742650    32.6280    26.1849 0.0000e+00
       1778    150.344     0.1406   2.742641    32.6280    26.1849 0.0000e+00
       1779    150.155     0.1405   2.742631    32.6281    26.1850 0.0000e+00
       1780    149.961     0.1404   2.742619    32.6281    26.1850 0.0000e+00
       1781    149.757     0.1404   2.742608    32.6281    26.1850 0.0000e+00
       1782    149.548     0.1405   2.742594    32.6280    26.1849 0.0000e+00
       1783    149.340     0.1406   2.742576    32.6277    26.1847 0.0000e+00
       1784    149.129     0.1408   2.742553    32.6273    26.1844 0.0000e+00
       1785    148.913     0.1411   2.742531    32.6269    26.1840 0.0000e+00
       1786    148.694     0.1411   2.742518    32.6268    26.1839 0.0000e+00
       1787    148.478     0.1408   2.742516    32.6272    26.1843 0.0000e+00
       1788    148.265     0.1406   2.742512    32.6275    26.1845 0.0000e+00
       1789    148.055     0.1406   2.742511    32.6276    26.1846 0.0000e+00
       1790    147.846     0.1407   2.742495    32.6274    26.1844 0.0000e+00
       1791    147.637     0.1412   2.742447    32.6264    26.1836 0.0000e+00
       1792    147.426     0.1417   2.742386    32.6252    26.1826 0.0000e+00
       1793    147.216     0.1421   2.742348    32.6244    26.1819 0.0000e+00
       1794    147.009     0.1423   2.742329    32.6240    26.1816 0.0000e+00
       1795    146.805     0.1424   2.742314    32.6238    26.1815 0.0000e+00
       1796    146.603     0.1424   2.742298    32.6238    26.1814 0.0000e+00
       1797    146.405     0.1422   2.742282    32.6239    26.1815 0.0000e+00
       1798    146.208     0.1423   2.742262    32.6236    26.1813 0.0000e+00
       1799    146.010     0.1426   2.742238    32.6231    26.1808 0.0000e+00
       1800    145.817     0.1431   2.742207    32.6223    26.1802 0.0000e+00
       1801    145.630     0.1439   2.742148    32.6208    26.1789 0.0000e+00
       1802    145.446     0.1448   2.742083    32.6190    26.1775 0.0000e+00
       1803    145.261     0.1457   2.742035    32.6176    26.1762 0.0000e+00
       1804    145.077     0.1471   2.741983    32.6155    26.1745 0.0000e+00
       1805    144.898     0.1491   2.741921    32.6127    26.1721 0.0000e+00
       1806    144.721     0.1511   2.741869    32.6100    26.1698 0.0000e+00
       1807    144.545     0.1525   2.741835    32.6081    26.1683 0.0000e+00
       1808    144.370     0.1531   2.741810    32.6073    26.1676 0.0000e+00
       1809    144.196     0.1533   2.741791    32.6069    26.1673 0.0000e+00
       1810    144.022     0.1539   2.741768    32.6061    26.1666 0.0000e+00
       1811    143.854     0.1548   2.741740    32.6048    26.1655 0.0000e+00
       1812    143.688     0.1558   2.741714    32.6035    26.1644 0.0000e+00
       1813    143.526     0.1569   2.741683    32.6021    26.1632 0.0000e+00
       1814    143.368     0.1583   2.741643    32.6001    26.1616 0.0000e+00
       1815    143.205     0.1599   2.741594    32.5979    26.1597 0.0000e+00
       1816    143.039     0.1621   2.741542    32.5950    26.1572 0.0000e+00
       1817    142.877     0.1645   2.741478    32.5917    26.1544 0.0000e+00
       1818    142.721     0.1666   2.741412    32.5887    26.1519 0.0000e+00
       1819    142.568     0.1681   2.741347    32.5863    26.1499 0.0000e+00
       1820    142.416     0.1691   2.741287    32.5846    26.1485 0.0000e+00
       1821    142.260     0.1699   2.741252    32.5833    26.1475 0.0000e+00
       1822    142.097     0.1704   2.741237    32.5827    26.1469 0.0000e+00
       1823    141.935     0.1707   2.741212    32.5822    26.1465 0.0000e+00
       1824    141.778     0.1710   2.741180    32.5815    26.1459 0.0000e+00
       1825    141.623     0.1714   2.741160    32.5809    26.1454 0.0000e+00
       1826    141.468     0.1718   2.741133    32.5802    26.1449 0.0000e+00
       1827    141.313     0.1722   2.741083    32.5792    26.1440 0.0000e+00
       1828    141.156     0.1727   2.741039    32.5782    26.1432 0.0000e+00
       1829    140.995     0.1733   2.741006    32.5772    26.1424 0.0000e+00
       1830    140.831     0.1742   2.740966    32.5759    26.1412 0.0000e+00
       1831    140.669     0.1753   2.740937    32.5744    26.1400 0.0000e+00
       1832    140.510     0.1763   2.740917    32.5732    26.1389 0.0000e+00
       1833    140.350     0.1772   2.740888    32.5719    26.1379 0.0000e+00
       1834    140.189     0.1777   2.740868    32.5712    26.1373 0.0000e+00
       1835    140.029     0.1782   2.740855    32.5706    26.1368 0.0000e+00
       1836    139.869     0.1785   2.740833    32.5701    26.1364 0.0000e+00
       1837    139.706     0.1788   2.740822    32.5697    26.1361 0.0000e+00
       1838    139.538     0.1790   2.740813    32.5695    26.1359 0.0000e+00
       1839    139.365     0.1793   2.740789    32.5690    26.1354 0.0000e+00
       1840    139.191     0.1795   2.740760    32.5685    26.1350 0.0000e+00
       1841    139.017     0.1795   2.740742    32.5683    26.1349 0.0000e+00
       1842    138.842     0.1798   2.740731    32.5680    26.1346 0.0000e+00
       1843    138.662     0.1802   2.740701    32.5673    26.1340 0.0000e+00
       1844    138.477     0.1807   2.740664    32.5664    26.1332 0.0000e+00
       1845    138.289     0.1810   2.740644    32.5659    26.1328 0.0000e+00
       1846    138.104     0.1813   2.740643    32.5657    26.1326 0.0000e+00
