Datasets/Test_Dataset_39219_tow/originals/tel219_2021_048.cnv
* Sea-Bird SBE19plus Data File:
* Filename = C:/AQUIRE/tel219_2021_048.hex
* Software Version AquireV2 AF V2.0
* Temperature SN =  4020
* Conductivity SN =  4020
* System UpLoad Time = May 13 2021 02:58:26
** VESSEL/TRIP/SEQ STN: tel219_2021_048
** LATITUDE: 44 47.37 N
** LONGITUDE: 55 39.51 W
** DATE/TIME: 2021-05-13 01:43
** SOUNDING DEPTH (M): 0669
** PROBE TYPE: S4020
** CTD NUMBER:  48
** FORMAT: T
** COMMENTS: 
# nquan = 7                                 
# nvalues = 4582                        
# units = specified
# name 0 = scan: Scan Count
# name 1 = prdM: Pressure, Strain Gauge [db]
# name 2 = tv290C: Temperature [ITS-90, deg C]
# name 3 = c0S/m: Conductivity [S/m]
# name 4 = sal00: Salinity, Practical [PSU]
# name 5 = sigma-t00: Density [sigma-t, kg/m^3 ]
# name 6 = flag: flag
# span 0 =          1,       4582       
# span 1 =     -0.547,    680.517       
# span 2 =     0.5744,     9.9149       
# span 3 =   0.016813,   3.801354       
# span 4 =     0.1333,    35.0940       
# span 5 =     0.0807,    27.6925       
# span 6 = 0.0000e+00, 0.0000e+00       
# interval = seconds: 1
# start_time = May 13 2021 01:43:04 [Instrument's time stamp, header]
# bad_flag = -9.990e-29
*END*
[from data line 1231]
       1232    205.285     9.2017   3.730447    34.8700    26.9837 0.0000e+00
       1233    205.718     9.2017   3.730492    34.8703    26.9839 0.0000e+00
       1234    206.141     9.1822   3.728399    34.8673    26.9848 0.0000e+00
       1235    206.568     9.1513   3.724897    34.8608    26.9847 0.0000e+00
       1236    207.006     9.1198   3.721913    34.8602    26.9894 0.0000e+00
       1237    207.455     9.0845   3.718776    34.8618    26.9963 0.0000e+00
       1238    207.912     9.0408   3.714249    34.8570    26.9996 0.0000e+00
       1239    208.372     8.9989   3.709981    34.8531    27.0033 0.0000e+00
       1240    208.834     8.9656   3.706975    34.8540    27.0094 0.0000e+00
       1241    209.303     8.9377   3.704458    34.8548    27.0144 0.0000e+00
       1242    209.783     8.9115   3.701927    34.8537    27.0178 0.0000e+00
       1243    210.272     8.8862   3.699371    34.8515    27.0201 0.0000e+00
       1244    210.765     8.8640   3.697237    34.8506    27.0229 0.0000e+00
       1245    211.262     8.8480   3.696046    34.8536    27.0278 0.0000e+00
       1246    211.764     8.8362   3.695301    34.8571    27.0324 0.0000e+00
       1247    212.268     8.8258   3.694434    34.8579    27.0347 0.0000e+00
       1248    212.769     8.8151   3.693541    34.8588    27.0371 0.0000e+00
       1249    213.269     8.8011   3.692365    34.8600    27.0403 0.0000e+00
       1250    213.773     8.7795   3.690468    34.8610    27.0445 0.0000e+00
       1251    214.281     8.7510   3.687893    34.8617    27.0495 0.0000e+00
       1252    214.787     8.7249   3.685706    34.8640    27.0555 0.0000e+00
       1253    215.294     8.7100   3.685098    34.8721    27.0641 0.0000e+00
       1254    215.806     8.7073   3.685869    34.8826    27.0728 0.0000e+00
       1255    216.320     8.7118   3.687137    34.8913    27.0789 0.0000e+00
       1256    216.837     8.7178   3.688280    34.8972    27.0826 0.0000e+00
       1257    217.358     8.7223   3.689079    34.9009    27.0848 0.0000e+00
       1258    217.879     8.7256   3.689651    34.9035    27.0863 0.0000e+00
       1259    218.401     8.7292   3.690215    34.9056    27.0874 0.0000e+00
       1260    218.926     8.7333   3.690915    34.9087    27.0892 0.0000e+00
       1261    219.451     8.7377   3.691672    34.9121    27.0912 0.0000e+00
       1262    219.972     8.7419   3.692391    34.9153    27.0930 0.0000e+00
       1263    220.488     8.7458   3.693138    34.9191    27.0954 0.0000e+00
       1264    221.003     8.7492   3.693916    34.9237    27.0984 0.0000e+00
       1265    221.523     8.7513   3.694589    34.9285    27.1018 0.0000e+00
       1266    222.052     8.7512   3.695026    34.9329    27.1053 0.0000e+00
       1267    222.584     8.7488   3.695281    34.9377    27.1095 0.0000e+00
       1268    223.113     8.7439   3.695465    34.9442    27.1154 0.0000e+00
       1269    223.642     8.7371   3.695509    34.9511    27.1219 0.0000e+00
       1270    224.174     8.7297   3.695399    34.9570    27.1276 0.0000e+00
       1271    224.710     8.7234   3.695234    34.9613    27.1319 0.0000e+00
       1272    225.247     8.7179   3.695039    34.9644    27.1353 0.0000e+00
       1273    225.781     8.7123   3.694796    34.9671    27.1383 0.0000e+00
       1274    226.309     8.7052   3.694385    34.9695    27.1413 0.0000e+00
       1275    226.835     8.6963   3.693803    34.9719    27.1446 0.0000e+00
       1276    227.367     8.6861   3.693145    34.9748    27.1484 0.0000e+00
       1277    227.905     8.6749   3.692404    34.9778    27.1525 0.0000e+00
       1278    228.446     8.6643   3.691750    34.9811    27.1568 0.0000e+00
       1279    228.983     8.6549   3.691199    34.9843    27.1608 0.0000e+00
       1280    229.514     8.6430   3.690395    34.9873    27.1650 0.0000e+00
       1281    230.043     8.6245   3.689088    34.9915    27.1713 0.0000e+00
       1282    230.572     8.6011   3.687463    34.9972    27.1794 0.0000e+00
       1283    231.101     8.5786   3.685978    35.0035    27.1879 0.0000e+00
       1284    231.631     8.5615   3.684871    35.0085    27.1944 0.0000e+00
       1285    232.161     8.5493   3.684096    35.0121    27.1992 0.0000e+00
       1286    232.689     8.5390   3.683421    35.0149    27.2030 0.0000e+00
       1287    233.215     8.5270   3.682549    35.0173    27.2068 0.0000e+00
       1288    233.736     8.5112   3.681252    35.0190    27.2105 0.0000e+00
       1289    234.260     8.4932   3.679735    35.0205    27.2145 0.0000e+00
       1290    234.794     8.4768   3.678500    35.0234    27.2194 0.0000e+00
       1291    235.327     8.4627   3.677527    35.0268    27.2242 0.0000e+00
       1292    235.854     8.4487   3.676475    35.0293    27.2284 0.0000e+00
       1293    236.380     8.4334   3.675227    35.0310    27.2321 0.0000e+00
       1294    236.911     8.4171   3.673893    35.0328    27.2360 0.0000e+00
       1295    237.450     8.3994   3.672497    35.0353    27.2407 0.0000e+00
       1296    237.994     8.3791   3.670931    35.0385    27.2464 0.0000e+00
       1297    238.536     8.3578   3.669210    35.0411    27.2517 0.0000e+00
       1298    239.067     8.3404   3.667742    35.0426    27.2555 0.0000e+00
       1299    239.588     8.3297   3.666863    35.0436    27.2580 0.0000e+00
       1300    240.106     8.3214   3.666137    35.0439    27.2595 0.0000e+00
       1301    240.627     8.3100   3.665037    35.0433    27.2607 0.0000e+00
       1302    241.159     8.2937   3.663612    35.0440    27.2638 0.0000e+00
       1303    241.701     8.2753   3.662176    35.0468    27.2688 0.0000e+00
       1304    242.239     8.2563   3.660751    35.0503    27.2745 0.0000e+00
       1305    242.772     8.2334   3.658800    35.0520    27.2793 0.0000e+00
       1306    243.307     8.2058   3.656231    35.0518    27.2834 0.0000e+00
       1307    243.851     8.1787   3.653843    35.0531    27.2885 0.0000e+00
       1308    244.403     8.1551   3.651915    35.0558    27.2942 0.0000e+00
       1309    244.958     8.1341   3.650158    35.0577    27.2989 0.0000e+00
       1310    245.513     8.1151   3.648621    35.0599    27.3036 0.0000e+00
       1311    246.071     8.0964   3.647180    35.0629    27.3088 0.0000e+00
       1312    246.633     8.0743   3.645412    35.0658    27.3144 0.0000e+00
       1313    247.194     8.0479   3.643196    35.0682    27.3202 0.0000e+00
       1314    247.753     8.0218   3.640967    35.0701    27.3257 0.0000e+00
       1315    248.310     8.0007   3.639187    35.0718    27.3302 0.0000e+00
       1316    248.868     7.9833   3.637711    35.0731    27.3339 0.0000e+00
       1317    249.428     7.9671   3.636361    35.0746    27.3374 0.0000e+00
       1318    249.987     7.9523   3.635202    35.0767    27.3413 0.0000e+00
       1319    250.542     7.9398   3.634278    35.0790    27.3450 0.0000e+00
       1320    251.096     7.9290   3.633420    35.0803    27.3477 0.0000e+00
       1321    251.653     7.9194   3.632459    35.0793    27.3483 0.0000e+00
       1322    252.213     7.9117   3.631674    35.0784    27.3487 0.0000e+00
       1323    252.775     7.9062   3.631262    35.0792    27.3502 0.0000e+00
       1324    253.334     7.9026   3.631046    35.0802    27.3515 0.0000e+00
       1325    253.885     7.8999   3.630819    35.0802    27.3519 0.0000e+00
       1326    254.431     7.8951   3.630376    35.0800    27.3524 0.0000e+00
       1327    254.980     7.8845   3.629397    35.0798    27.3539 0.0000e+00
       1328    255.539     7.8689   3.627915    35.0792    27.3558 0.0000e+00
       1329    256.102     7.8546   3.626641    35.0795    27.3582 0.0000e+00
       1330    256.656     7.8453   3.625952    35.0812    27.3608 0.0000e+00
       1331    257.198     7.8384   3.625519    35.0832    27.3634 0.0000e+00
       1332    257.742     7.8280   3.624683    35.0843    27.3659 0.0000e+00
       1333    258.297     7.8108   3.623045    35.0837    27.3679 0.0000e+00
       1334    258.854     7.7905   3.621084    35.0826    27.3701 0.0000e+00
       1335    259.403     7.7725   3.619488    35.0832    27.3733 0.0000e+00
       1336    259.947     7.7584   3.618334    35.0847    27.3765 0.0000e+00
       1337    260.490     7.7470   3.617287    35.0846    27.3781 0.0000e+00
       1338    261.036     7.7360   3.616180    35.0834    27.3788 0.0000e+00
       1339    261.586     7.7219   3.614860    35.0831    27.3806 0.0000e+00
       1340    262.137     7.7012   3.612902    35.0824    27.3832 0.0000e+00
       1341    262.682     7.6761   3.610571    35.0822    27.3867 0.0000e+00
       1342    263.210     7.6544   3.608863    35.0853    27.3923 0.0000e+00
       1343    263.713     7.6391   3.607883    35.0899    27.3981 0.0000e+00
       1344    264.201     7.6263   3.606796    35.0907    27.4007 0.0000e+00
       1345    264.696     7.6123   3.605244    35.0878    27.4004 0.0000e+00
       1346    265.208     7.5969   3.603613    35.0854    27.4008 0.0000e+00
       1347    265.732     7.5819   3.602237    35.0853    27.4029 0.0000e+00
       1348    266.260     7.5694   3.601240    35.0868    27.4060 0.0000e+00
       1349    266.794     7.5608   3.600566    35.0879    27.4081 0.0000e+00
       1350    267.341     7.5545   3.599857    35.0863    27.4077 0.0000e+00
       1351    267.905     7.5473   3.598904    35.0830    27.4061 0.0000e+00
       1352    268.486     7.5385   3.598013    35.0819    27.4066 0.0000e+00
       1353    269.077     7.5284   3.597267    35.0837    27.4094 0.0000e+00
       1354    269.669     7.5151   3.596196    35.0852    27.4125 0.0000e+00
       1355    270.256     7.4983   3.594737    35.0860    27.4156 0.0000e+00
       1356    270.839     7.4803   3.593126    35.0863    27.4185 0.0000e+00
       1357    271.422     7.4636   3.591471    35.0849    27.4198 0.0000e+00
       1358    272.008     7.4497   3.590147    35.0843    27.4213 0.0000e+00
       1359    272.599     7.4379   3.589188    35.0855    27.4240 0.0000e+00
       1360    273.199     7.4257   3.588068    35.0853    27.4256 0.0000e+00
       1361    273.812     7.4122   3.586653    35.0832    27.4259 0.0000e+00
       1362    274.439     7.3982   3.585281    35.0821    27.4271 0.0000e+00
       1363    275.073     7.3834   3.584049    35.0833    27.4302 0.0000e+00
       1364    275.704     7.3656   3.582555    35.0848    27.4338 0.0000e+00
       1365    276.330     7.3425   3.580477    35.0851    27.4375 0.0000e+00
       1366    276.952     7.3161   3.577931    35.0838    27.4402 0.0000e+00
       1367    277.577     7.2919   3.575576    35.0822    27.4424 0.0000e+00
       1368    278.206     7.2736   3.573986    35.0831    27.4457 0.0000e+00
       1369    278.833     7.2582   3.572789    35.0853    27.4496 0.0000e+00
       1370    279.461     7.2401   3.571364    35.0877    27.4541 0.0000e+00
       1371    280.094     7.2148   3.569119    35.0885    27.4583 0.0000e+00
       1372    280.730     7.1817   3.565807    35.0855    27.4607 0.0000e+00
       1373    281.369     7.1494   3.562520    35.0819    27.4624 0.0000e+00
       1374    282.014     7.1262   3.560344    35.0813    27.4652 0.0000e+00
       1375    282.665     7.1077   3.558968    35.0847    27.4705 0.0000e+00
       1376    283.311     7.0811   3.557027    35.0901    27.4784 0.0000e+00
       1377    283.949     7.0431   3.553679    35.0916    27.4850 0.0000e+00
       1378    284.586     7.0038   3.549977    35.0905    27.4896 0.0000e+00
       1379    285.224     6.9711   3.547020    35.0909    27.4945 0.0000e+00
       1380    285.858     6.9429   3.544624    35.0929    27.5000 0.0000e+00
       1381    286.492     6.9113   3.541831    35.0940    27.5053 0.0000e+00
       1382    287.132     6.8720   3.537758    35.0888    27.5066 0.0000e+00
       1383    287.780     6.8330   3.533461    35.0808    27.5057 0.0000e+00
       1384    288.438     6.8041   3.530461    35.0768    27.5065 0.0000e+00
       1385    289.103     6.7852   3.528606    35.0752    27.5079 0.0000e+00
       1386    289.761     6.7721   3.527475    35.0758    27.5101 0.0000e+00
       1387    290.405     6.7636   3.526814    35.0768    27.5121 0.0000e+00
       1388    291.040     6.7577   3.526249    35.0763    27.5124 0.0000e+00
       1389    291.676     6.7529   3.525639    35.0741    27.5114 0.0000e+00
       1390    292.316     6.7481   3.524947    35.0710    27.5096 0.0000e+00
       1391    292.954     6.7430   3.524320    35.0689    27.5087 0.0000e+00
       1392    293.585     6.7369   3.523916    35.0704    27.5107 0.0000e+00
       1393    294.214     6.7301   3.523467    35.0720    27.5129 0.0000e+00
       1394    294.851     6.7224   3.522579    35.0697    27.5121 0.0000e+00
       1395    295.501     6.7136   3.521430    35.0657    27.5101 0.0000e+00
       1396    296.159     6.7036   3.520360    35.0637    27.5099 0.0000e+00
       1397    296.818     6.6930   3.519437    35.0640    27.5116 0.0000e+00
       1398    297.467     6.6828   3.518561    35.0644    27.5133 0.0000e+00
       1399    298.100     6.6733   3.517639    35.0635    27.5139 0.0000e+00
       1400    298.727     6.6645   3.516728    35.0621    27.5140 0.0000e+00
       1401    299.363     6.6545   3.515776    35.0614    27.5148 0.0000e+00
       1402    300.009     6.6399   3.514530    35.0622    27.5174 0.0000e+00
       1403    300.659     6.6199   3.512791    35.0630    27.5208 0.0000e+00
       1404    301.304     6.5983   3.510840    35.0631    27.5238 0.0000e+00
       1405    301.948     6.5793   3.509090    35.0628    27.5261 0.0000e+00
       1406    302.601     6.5648   3.507692    35.0618    27.5272 0.0000e+00
       1407    303.261     6.5538   3.506583    35.0603    27.5276 0.0000e+00
       1408    303.922     6.5434   3.505573    35.0594    27.5283 0.0000e+00
       1409    304.580     6.5306   3.504535    35.0606    27.5310 0.0000e+00
       1410    305.234     6.5149   3.503345    35.0631    27.5350 0.0000e+00
       1411    305.882     6.4975   3.501840    35.0639    27.5380 0.0000e+00
       1412    306.527     6.4800   3.500008    35.0611    27.5381 0.0000e+00
       1413    307.176     6.4647   3.498242    35.0568    27.5367 0.0000e+00
       1414    307.830     6.4537   3.497057    35.0545    27.5364 0.0000e+00
       1415    308.487     6.4466   3.496494    35.0552    27.5379 0.0000e+00
       1416    309.143     6.4401   3.496029    35.0563    27.5396 0.0000e+00
       1417    309.797     6.4311   3.495149    35.0554    27.5401 0.0000e+00
       1418    310.449     6.4193   3.493882    35.0530    27.5398 0.0000e+00
       1419    311.100     6.4083   3.492761    35.0515    27.5401 0.0000e+00
       1420    311.748     6.3995   3.492026    35.0520    27.5416 0.0000e+00
       1421    312.390     6.3918   3.491360    35.0521    27.5428 0.0000e+00
       1422    313.026     6.3849   3.490735    35.0519    27.5435 0.0000e+00
       1423    313.661     6.3792   3.490193    35.0513    27.5438 0.0000e+00
       1424    314.300     6.3737   3.489568    35.0497    27.5433 0.0000e+00
       1425    314.947     6.3675   3.488947    35.0488    27.5434 0.0000e+00
       1426    315.598     6.3610   3.488437    35.0494    27.5447 0.0000e+00
       1427    316.248     6.3549   3.487979    35.0502    27.5462 0.0000e+00
       1428    316.896     6.3489   3.487418    35.0498    27.5466 0.0000e+00
       1429    317.539     6.3413   3.486603    35.0482    27.5463 0.0000e+00
       1430    318.181     6.3311   3.485562    35.0467    27.5465 0.0000e+00
       1431    318.826     6.3205   3.484587    35.0463    27.5476 0.0000e+00
       1432    319.473     6.3126   3.483975    35.0473    27.5494 0.0000e+00
       1433    320.117     6.3081   3.483699    35.0485    27.5510 0.0000e+00
       1434    320.752     6.3058   3.483548    35.0488    27.5516 0.0000e+00
       1435    321.383     6.3030   3.483314    35.0488    27.5519 0.0000e+00
