Datasets/Test_Dataset_39219_tow/originals/tel219_2021_074.cnv
* Sea-Bird SBE19plus Data File:
* Filename = C:/AQUIRE/tel219_2021_074.hex
* Software Version AquireV2 AF V2.0
* Temperature SN =  4020
* Conductivity SN =  4020
* System UpLoad Time = May 15 2021 21:00:30
** VESSEL/TRIP/SEQ STN: tel219_2021_074
** LATITUDE: 45 11.44 N
** LONGITUDE: 55 46.79 W
** DATE/TIME: 2021-05-15 20:13
** SOUNDING DEPTH (M): 0077
** PROBE TYPE: S4020
** CTD NUMBER: 074
** FORMAT: t
** COMMENTS: 
# nquan = 7                                 
# nvalues = 2837                        
# units = specified
# name 0 = scan: Scan Count
# name 1 = prdM: Pressure, Strain Gauge [db]
# name 2 = tv290C: Temperature [ITS-90, deg C]
# name 3 = c0S/m: Conductivity [S/m]
# name 4 = sal00: Salinity, Practical [PSU]
# name 5 = sigma-t00: Density [sigma-t, kg/m^3 ]
# name 6 = flag: flag
# span 0 =          1,       2837       
# span 1 =     -0.017,     75.545       
# span 2 =     0.8650,     7.0837       
# span 3 =   0.005551,   3.064376       
# span 4 =     0.0398,    32.4044       
# span 5 =    -0.0673,    25.8804       
# span 6 = 0.0000e+00, 0.0000e+00       
# interval = seconds: 1
# start_time = May 15 2021 20:13:19 [Instrument's time stamp, header]
# bad_flag = -9.990e-29
*END*
[from data line 1642]
       1643     20.706     3.2533   2.948573    32.0864    25.5380 0.0000e+00
       1644     20.559     3.2554   2.948550    32.0841    25.5360 0.0000e+00
       1645     20.432     3.2559   2.948627    32.0846    25.5363 0.0000e+00
       1646     20.318     3.2569   2.948946    32.0875    25.5386 0.0000e+00
       1647     20.207     3.2607   2.949549    32.0910    25.5410 0.0000e+00
       1648     20.089     3.2680   2.950167    32.0913    25.5406 0.0000e+00
       1649     19.958     3.2762   2.950689    32.0895    25.5384 0.0000e+00
       1650     19.811     3.2829   2.951208    32.0892    25.5376 0.0000e+00
       1651     19.651     3.2873   2.951669    32.0904    25.5382 0.0000e+00
       1652     19.491     3.2910   2.952000    32.0908    25.5382 0.0000e+00
       1653     19.341     3.2969   2.952428    32.0902    25.5372 0.0000e+00
       1654     19.198     3.3048   2.953007    32.0894    25.5358 0.0000e+00
       1655     19.062     3.3113   2.953430    32.0881    25.5342 0.0000e+00
       1656     18.934     3.3144   2.953616    32.0873    25.5333 0.0000e+00
       1657     18.812     3.3158   2.953787    32.0880    25.5338 0.0000e+00
       1658     18.689     3.3178   2.954096    32.0898    25.5350 0.0000e+00
       1659     18.556     3.3208   2.954406    32.0906    25.5354 0.0000e+00
       1660     18.413     3.3238   2.954517    32.0890    25.5339 0.0000e+00
       1661     18.262     3.3278   2.954697    32.0873    25.5322 0.0000e+00
       1662     18.106     3.3331   2.955131    32.0874    25.5317 0.0000e+00
       1663     17.956     3.3384   2.955544    32.0871    25.5311 0.0000e+00
       1664     17.818     3.3451   2.955779    32.0834    25.5275 0.0000e+00
       1665     17.691     3.3530   2.955910    32.0772    25.5218 0.0000e+00
       1666     17.570     3.3573   2.956178    32.0762    25.5207 0.0000e+00
       1667     17.447     3.3544   2.956501    32.0830    25.5264 0.0000e+00
       1668     17.321     3.3487   2.956484    32.0885    25.5313 0.0000e+00
       1669     17.189     3.3459   2.956243    32.0885    25.5315 0.0000e+00
       1670     17.049     3.3476   2.956136    32.0856    25.5290 0.0000e+00
       1671     16.906     3.3529   2.956524    32.0851    25.5281 0.0000e+00
       1672     16.771     3.3612   2.957519    32.0888    25.5304 0.0000e+00
       1673     16.650     3.3712   2.958635    32.0924    25.5323 0.0000e+00
       1674     16.538     3.3818   2.959350    32.0905    25.5299 0.0000e+00
       1675     16.427     3.3910   2.959581    32.0842    25.5240 0.0000e+00
       1676     16.310     3.3971   2.959834    32.0812    25.5211 0.0000e+00
       1677     16.193     3.4023   2.960542    32.0846    25.5234 0.0000e+00
       1678     16.081     3.4128   2.961736    32.0886    25.5256 0.0000e+00
       1679     15.969     3.4309   2.963308    32.0895    25.5247 0.0000e+00
       1680     15.848     3.4503   2.964783    32.0881    25.5218 0.0000e+00
       1681     15.715     3.4650   2.966126    32.0896    25.5217 0.0000e+00
       1682     15.579     3.4774   2.967782    32.0972    25.5266 0.0000e+00
       1683     15.453     3.4908   2.969494    32.1045    25.5312 0.0000e+00
       1684     15.309     3.5048   2.970829    32.1067    25.5317 0.0000e+00
       1685     15.080     3.5187   2.972043    32.1075    25.5311 0.0000e+00
       1686     14.748     3.5325   2.973279    32.1088    25.5309 0.0000e+00
       1687     14.347     3.5480   2.974466    32.1079    25.5287 0.0000e+00
       1688     13.923     3.5841   2.977334    32.1066    25.5244 0.0000e+00
       1689     13.512     3.6547   2.982639    32.1003    25.5128 0.0000e+00
       1690     13.128     3.7279   2.987563    32.0868    25.4953 0.0000e+00
       1691     12.760     3.7723   2.990793    32.0816    25.4870 0.0000e+00
       1692     12.400     3.7975   2.993024    32.0835    25.4861 0.0000e+00
       1693     12.075     3.8142   2.993398    32.0717    25.4751 0.0000e+00
       1694     11.818     3.8139   2.991028    32.0440    25.4532 0.0000e+00
       1695     11.630     3.7936   2.988039    32.0287    25.4428 0.0000e+00
       1696     11.491     3.7740   2.987893    32.0463    25.4587 0.0000e+00
       1697     11.398     3.7771   2.990580    32.0751    25.4813 0.0000e+00
       1698     11.346     3.8036   2.993854    32.0878    25.4890 0.0000e+00
       1699     11.299     3.8337   2.996164    32.0856    25.4844 0.0000e+00
       1700     11.230     3.8498   2.996772    32.0770    25.4760 0.0000e+00
       1701     11.149     3.8574   2.997056    32.0730    25.4721 0.0000e+00
       1702     11.083     3.8666   2.998696    32.0834    25.4794 0.0000e+00
       1703     11.027     3.8699   3.000211    32.0981    25.4908 0.0000e+00
       1704     10.919     3.8540   2.999093    32.1005    25.4943 0.0000e+00
       1705     10.696     3.8274   2.996322    32.0940    25.4916 0.0000e+00
       1706     10.358     3.8183   2.995744    32.0963    25.4943 0.0000e+00
       1707      9.960     3.8377   2.998180    32.1062    25.5004 0.0000e+00
       1708      9.537     3.8698   3.000929    32.1074    25.4983 0.0000e+00
       1709      9.064     3.8918   3.002556    32.1053    25.4945 0.0000e+00
       1710      8.533     3.8910   3.002251    32.1027    25.4925 0.0000e+00
       1711      8.039     3.8769   3.000693    32.0984    25.4904 0.0000e+00
       1712      7.634     3.8726   3.000245    32.0976    25.4902 0.0000e+00
       1713      7.235     3.8862   3.001342    32.0974    25.4887 0.0000e+00
       1714      6.796     3.9061   3.003074    32.0985    25.4877 0.0000e+00
       1715      6.373     3.9187   3.003987    32.0971    25.4854 0.0000e+00
       1716      6.016     3.9196   3.003262    32.0879    25.4780 0.0000e+00
       1717      5.737     3.9106   3.001925    32.0811    25.4734 0.0000e+00
       1718      5.520     3.8978   3.001112    32.0841    25.4771 0.0000e+00
       1719      5.345     3.8859   3.000738    32.0915    25.4841 0.0000e+00
       1720      5.205     3.8716   3.000209    32.0994    25.4917 0.0000e+00
       1721      5.097     3.8552   2.999211    32.1037    25.4967 0.0000e+00
       1722      5.011     3.8432   2.998235    32.1040    25.4981 0.0000e+00
       1723      4.946     3.8379   2.997842    32.1046    25.4991 0.0000e+00
       1724      4.916     3.8435   2.998124    32.1025    25.4968 0.0000e+00
       1725      4.929     3.8717   3.000774    32.1061    25.4970 0.0000e+00
       1726      4.987     3.9143   3.005234    32.1169    25.5015 0.0000e+00
       1727      5.061     3.9429   3.007451    32.1149    25.4972 0.0000e+00
       1728      5.100     3.9492   3.007343    32.1075    25.4907 0.0000e+00
       1729      5.081     3.9459   3.006941    32.1060    25.4898 0.0000e+00
       1730      5.004     3.9425   3.006677    32.1062    25.4904 0.0000e+00
       1731      4.851     3.9390   3.006557    32.1083    25.4924 0.0000e+00
       1732      4.586     3.9261   3.005393    32.1074    25.4929 0.0000e+00
       1733      4.212     3.8988   3.003060    32.1068    25.4950 0.0000e+00
       1734      3.774     3.8632   2.999780    32.1033    25.4956 0.0000e+00
       1735      3.300     3.8368   2.997015    32.0968    25.4929 0.0000e+00
       1736      2.794     3.8373   2.997538    32.1027    25.4976 0.0000e+00
       1737      2.287     3.8606   2.999982    32.1090    25.5004 0.0000e+00
       1738      1.826     3.8946   3.003069    32.1123    25.4998 0.0000e+00
       1739      1.430     3.9257   3.005825    32.1145    25.4985 0.0000e+00
       1740      1.096     3.9422   3.006886    32.1110    25.4942 0.0000e+00
       1741      0.830     3.9497   3.007333    32.1091    25.4919 0.0000e+00
       1742      0.667     3.9550   3.007577    32.1068    25.4896 0.0000e+00
       1743      0.631     3.9580   3.007440    32.1023    25.4857 0.0000e+00
       1744      0.674     3.9583   3.006356    32.0892    25.4753 0.0000e+00
       1745      0.716     3.9562   3.005305    32.0788    25.4672 0.0000e+00
       1746      0.727     3.9528   3.005673    32.0865    25.4736 0.0000e+00
       1747      0.713     3.9490   3.006017    32.0943    25.4802 0.0000e+00
       1748      0.697     3.9453   3.006032    32.0981    25.4836 0.0000e+00
       1749      0.689     3.9434   3.006139    32.1012    25.4863 0.0000e+00
       1750      0.683     3.9433   3.006128    32.1012    25.4863 0.0000e+00
       1751      0.680     3.9440   3.006070    32.0998    25.4851 0.0000e+00
       1752      0.681     3.9451   3.006007    32.0980    25.4836 0.0000e+00
       1753      0.675     3.9465   3.005939    32.0958    25.4817 0.0000e+00
       1754      0.664     3.9469   3.005815    32.0940    25.4802 0.0000e+00
       1755      0.670     3.9474   3.006017    32.0959    25.4816 0.0000e+00
       1756      0.694     3.9502   3.006536    32.0992    25.4840 0.0000e+00
       1757      0.716     3.9542   3.006972    32.1004    25.4846 0.0000e+00
       1758      0.728     3.9575   3.007288    32.1009    25.4847 0.0000e+00
       1759      0.733     3.9606   3.007497    32.1003    25.4839 0.0000e+00
       1760      0.734     3.9650   3.007796    32.0995    25.4829 0.0000e+00
       1761      0.723     3.9710   3.008421    32.1010    25.4835 0.0000e+00
       1762      0.681     3.9775   3.009113    32.1028    25.4843 0.0000e+00
       1763      0.595     3.9836   2.979583    31.7490    25.2024 0.0000e+00
       1764      0.487     3.9882   2.614464    27.4861    21.8157 0.0000e+00
       1765      0.404     3.9908   1.651027    16.6352    13.2096 0.0000e+00
       1766      0.362     3.9911   0.667613     6.2639     4.9798 0.0000e+00
       1767      0.346     3.9895   0.266166     2.3520     1.8619 0.0000e+00
       1768      0.338     3.9866   0.199884     1.7378     1.3707 0.0000e+00
       1769      0.330     3.9819   0.167481     1.4425     1.1342 0.0000e+00
       1770      0.324     3.9752   0.144361     1.2340     0.9672 0.0000e+00
       1771      0.321     3.9674   0.128774     1.0947     0.8555 0.0000e+00
       1772      0.319     3.9600   0.122975     1.0433     0.8143 0.0000e+00
       1773      0.315     3.9534   0.121640     1.0316     0.8049 0.0000e+00
       1774      0.312     3.9476   0.116597     0.9870     0.7691 0.0000e+00
       1775      0.314     3.9429   0.104720     0.8820     0.6849 0.0000e+00
       1776      0.319     3.9390   0.095686     0.8026     0.6211 0.0000e+00
       1777      0.321     3.9360   0.099993     0.8405     0.6516 0.0000e+00
       1778      0.319     3.9336   0.115882     0.9810     0.7644 0.0000e+00
       1779      0.319     3.9317   0.124767     1.0601     0.8279 0.0000e+00
       1780      0.321     3.9299   0.116747     0.9888     0.7706 0.0000e+00
       1781      0.324     3.9281   0.104828     0.8833     0.6860 0.0000e+00
       1782      0.328     3.9259   0.097718     0.8207     0.6357 0.0000e+00
       1783      0.331     3.9237   0.094171     0.7896     0.6107 0.0000e+00
       1784      0.333     3.9217   0.092655     0.7764     0.6001 0.0000e+00
       1785      0.333     3.9204   0.091871     0.7695     0.5946 0.0000e+00
       1786      0.332     3.9203   0.090285     0.7556     0.5835 0.0000e+00
       1787      0.331     3.9208   0.087639     0.7325     0.5648 0.0000e+00
       1788      0.330     3.9211   0.084998     0.7094     0.5463 0.0000e+00
       1789      0.327     3.9206   0.083371     0.6952     0.5349 0.0000e+00
       1790      0.326     3.9199   0.082925     0.6914     0.5318 0.0000e+00
       1791      0.330     3.9203   0.082697     0.6894     0.5302 0.0000e+00
       1792      0.332     3.9221   0.081781     0.6813     0.5238 0.0000e+00
       1793      0.332     3.9240   0.080593     0.6710     0.5154 0.0000e+00
       1794      0.332     3.9246   0.080015     0.6659     0.5114 0.0000e+00
       1795      0.333     3.9242   0.079894     0.6649     0.5105 0.0000e+00
       1796      0.336     3.9235   0.079435     0.6609     0.5073 0.0000e+00
       1797      0.336     3.9230   0.078453     0.6524     0.5005 0.0000e+00
       1798      0.337     3.9227   0.077724     0.6461     0.4954 0.0000e+00
       1799      0.342     3.9222   0.078438     0.6523     0.5004 0.0000e+00
       1800      0.344     3.9211   0.080872     0.6735     0.5174 0.0000e+00
       1801      0.340     3.9196   0.083319     0.6948     0.5346 0.0000e+00
       1802      0.338     3.9192   0.083534     0.6967     0.5361 0.0000e+00
       1803      0.338     3.9204   0.081346     0.6776     0.5207 0.0000e+00
       1804      0.335     3.9222   0.079015     0.6573     0.5044 0.0000e+00
       1805      0.332     3.9227   0.079475     0.6613     0.5076 0.0000e+00
       1806      0.332     3.9223   0.082728     0.6896     0.5304 0.0000e+00
       1807      0.332     3.9224   0.084748     0.7072     0.5445 0.0000e+00
       1808      0.329     3.9247   0.082922     0.6912     0.5317 0.0000e+00
       1809      0.327     3.9278   0.079491     0.6613     0.5076 0.0000e+00
       1810      0.328     3.9288   0.077674     0.6455     0.4949 0.0000e+00
       1811      0.332     3.9277   0.078103     0.6493     0.4980 0.0000e+00
       1812      0.336     3.9261   0.079366     0.6603     0.5068 0.0000e+00
       1813      0.338     3.9249   0.080180     0.6674     0.5125 0.0000e+00
       1814      0.339     3.9248   0.080261     0.6681     0.5131 0.0000e+00
       1815      0.340     3.9250   0.080121     0.6668     0.5121 0.0000e+00
       1816      0.338     3.9245   0.080436     0.6696     0.5143 0.0000e+00
       1817      0.334     3.9234   0.080933     0.6739     0.5178 0.0000e+00
       1818      0.332     3.9226   0.081051     0.6750     0.5186 0.0000e+00
       1819      0.332     3.9219   0.081248     0.6767     0.5200 0.0000e+00
       1820      0.334     3.9210   0.082026     0.6835     0.5255 0.0000e+00
       1821      0.332     3.9200   0.082581     0.6884     0.5294 0.0000e+00
       1822      0.328     3.9193   0.082220     0.6852     0.5269 0.0000e+00
       1823      0.325     3.9187   0.081681     0.6805     0.5231 0.0000e+00
       1824      0.326     3.9182   0.081979     0.6832     0.5252 0.0000e+00
       1825      0.325     3.9180   0.083368     0.6953     0.5349 0.0000e+00
       1826      0.322     3.9176   0.085264     0.7118     0.5482 0.0000e+00
       1827      0.322     3.9169   0.086014     0.7184     0.5535 0.0000e+00
       1828      0.325     3.9165   0.084482     0.7050     0.5428 0.0000e+00
       1829      0.328     3.9168   0.082314     0.6861     0.5276 0.0000e+00
       1830      0.329     3.9187   0.082576     0.6883     0.5294 0.0000e+00
       1831      0.329     3.9211   0.086551     0.7230     0.5572 0.0000e+00
       1832      0.330     3.9225   0.090521     0.7577     0.5851 0.0000e+00
       1833      0.331     3.9226   0.089490     0.7486     0.5778 0.0000e+00
       1834      0.329     3.9224   0.085177     0.7109     0.5475 0.0000e+00
       1835      0.328     3.9223   0.083391     0.6954     0.5350 0.0000e+00
       1836      0.328     3.9222   0.086345     0.7211     0.5557 0.0000e+00
       1837      0.327     3.9225   0.089722     0.7507     0.5794 0.0000e+00
       1838      0.323     3.9238   0.088852     0.7430     0.5733 0.0000e+00
       1839      0.321     3.9261   0.086125     0.7191     0.5541 0.0000e+00
       1840      0.320     3.9287   0.086344     0.7210     0.5556 0.0000e+00
       1841      0.319     3.9302   0.089189     0.7458     0.5755 0.0000e+00
       1842      0.316     3.9306   0.089958     0.7525     0.5809 0.0000e+00
       1843      0.314     3.9311   0.086878     0.7256     0.5593 0.0000e+00
       1844      0.313     3.9324   0.083920     0.6998     0.5385 0.0000e+00
       1845      0.314     3.9333   0.086450     0.7218     0.5563 0.0000e+00
       1846      0.317     3.9333   0.092815     0.7775     0.6010 0.0000e+00
