Datasets/Test_Dataset_39219_tow/originals/tel219_2021_011.cnv
* Sea-Bird SBE19plus Data File:
* Filename = C:/AQUIRE/tel219_2021_011.hex
* Software Version AquireV2 AF V2.0
* Temperature SN =  4020
* Conductivity SN =  4020
* System UpLoad Time = May 06 2021 21:11:36
** VESSEL/TRIP/SEQ STN: tel219_2021_011
** LATITUDE: 46 00.26 N
** LONGITUDE: 55 33.41 W
** DATE/TIME: 2021-05-06 20:28
** SOUNDING DEPTH (M): 0072
** PROBE TYPE: S4020
** CTD NUMBER: 011
** FORMAT: T
** COMMENTS: 
# nquan = 7                                 
# nvalues = 2607                        
# units = specified
# name 0 = scan: Scan Count
# name 1 = prdM: Pressure, Strain Gauge [db]
# name 2 = tv290C: Temperature [ITS-90, deg C]
# name 3 = c0S/m: Conductivity [S/m]
# name 4 = sal00: Salinity, Practical [PSU]
# name 5 = sigma-t00: Density [sigma-t, kg/m^3 ]
# name 6 = flag: flag
# span 0 =          1,       2607       
# span 1 =     -0.146,     67.593       
# span 2 =     1.6376,     3.4107       
# span 3 =   0.006856,   2.945817       
# span 4 =     0.0531,    32.2025       
# span 5 =     0.0118,    25.7542       
# span 6 = 0.0000e+00, 0.0000e+00       
# interval = seconds: 1
# start_time = May 06 2021 20:28:00 [Instrument's time stamp, header]
# bad_flag = -9.990e-29
*END*
          1     -0.137     3.3903   0.009962     0.0776     0.0350 0.0000e+00
          2     -0.136     3.3903   0.009953     0.0776     0.0350 0.0000e+00
          3     -0.132     3.3910   0.009944     0.0775     0.0349 0.0000e+00
          4     -0.129     3.3934   0.009941     0.0775     0.0349 0.0000e+00
          5     -0.131     3.3964   0.009935     0.0774     0.0349 0.0000e+00
          6     -0.132     3.3975   0.009921     0.0773     0.0348 0.0000e+00
          7     -0.131     3.3950   0.009906     0.0772     0.0347 0.0000e+00
          8     -0.127     3.3906   0.009899     0.0771     0.0346 0.0000e+00
          9     -0.125     3.3863   0.009896     0.0771     0.0346 0.0000e+00
         10     -0.125     3.3837   0.009898     0.0771     0.0346 0.0000e+00
         11     -0.123     3.3832   0.009916     0.0773     0.0347 0.0000e+00
         12     -0.122     3.3834   0.009931     0.0774     0.0348 0.0000e+00
         13     -0.123     3.3834   0.009929     0.0774     0.0348 0.0000e+00
         14     -0.125     3.3833   0.009917     0.0773     0.0347 0.0000e+00
         15     -0.126     3.3825   0.009910     0.0772     0.0346 0.0000e+00
         16     -0.127     3.3804   0.009907     0.0772     0.0346 0.0000e+00
         17     -0.126     3.3785   0.009901     0.0772     0.0346 0.0000e+00
         18     -0.126     3.3771   0.009887     0.0771     0.0345 0.0000e+00
         19     -0.127     3.3762   0.009874     0.0770     0.0344 0.0000e+00
         20     -0.126     3.3770   0.009884     0.0770     0.0344 0.0000e+00
         21     -0.127     3.3812   0.009906     0.0772     0.0346 0.0000e+00
         22     -0.128     3.3870   0.009915     0.0773     0.0347 0.0000e+00
         23     -0.124     3.3920   0.009909     0.0772     0.0347 0.0000e+00
         24     -0.119     3.3952   0.009898     0.0771     0.0347 0.0000e+00
         25     -0.117     3.3957   0.009877     0.0769     0.0345 0.0000e+00
         26     -0.119     3.3936   0.009848     0.0767     0.0343 0.0000e+00
         27     -0.123     3.3903   0.009826     0.0765     0.0342 0.0000e+00
         28     -0.124     3.3875   0.009819     0.0765     0.0341 0.0000e+00
         29     -0.123     3.3852   0.009820     0.0765     0.0341 0.0000e+00
         30     -0.124     3.3840   0.009820     0.0765     0.0341 0.0000e+00
         31     -0.126     3.3845   0.009811     0.0764     0.0340 0.0000e+00
         32     -0.126     3.3864   0.009798     0.0763     0.0339 0.0000e+00
         33     -0.124     3.3893   0.009783     0.0762     0.0339 0.0000e+00
         34     -0.122     3.3918   0.009766     0.0761     0.0338 0.0000e+00
         35     -0.124     3.3914   0.009753     0.0760     0.0337 0.0000e+00
         36     -0.127     3.3899   0.009750     0.0759     0.0337 0.0000e+00
         37     -0.126     3.3910   0.009759     0.0760     0.0337 0.0000e+00
         38     -0.124     3.3941   0.009769     0.0761     0.0338 0.0000e+00
         39     -0.123     3.3956   0.009768     0.0761     0.0338 0.0000e+00
         40     -0.123     3.3949   0.009754     0.0760     0.0337 0.0000e+00
         41     -0.124     3.3929   0.009736     0.0758     0.0336 0.0000e+00
         42     -0.124     3.3914   0.009713     0.0756     0.0334 0.0000e+00
         43     -0.125     3.3924   0.009688     0.0754     0.0333 0.0000e+00
         44     -0.124     3.3955   0.009675     0.0753     0.0332 0.0000e+00
         45     -0.125     3.3974   0.009680     0.0754     0.0333 0.0000e+00
         46     -0.128     3.3960   0.009697     0.0755     0.0334 0.0000e+00
         47     -0.130     3.3936   0.009715     0.0756     0.0335 0.0000e+00
         48     -0.131     3.3926   0.009717     0.0757     0.0335 0.0000e+00
         49     -0.129     3.3932   0.009696     0.0755     0.0333 0.0000e+00
         50     -0.126     3.3943   0.009666     0.0752     0.0331 0.0000e+00
         51     -0.126     3.3959   0.009649     0.0751     0.0330 0.0000e+00
         52     -0.129     3.3982   0.009648     0.0751     0.0331 0.0000e+00
         53     -0.130     3.4005   0.009652     0.0751     0.0331 0.0000e+00
         54     -0.126     3.4020   0.009650     0.0751     0.0331 0.0000e+00
         55     -0.122     3.4025   0.009649     0.0751     0.0331 0.0000e+00
         56     -0.121     3.4025   0.009650     0.0751     0.0331 0.0000e+00
         57     -0.122     3.4031   0.009647     0.0751     0.0331 0.0000e+00
         58     -0.123     3.4044   0.009632     0.0750     0.0330 0.0000e+00
         59     -0.123     3.4057   0.009611     0.0748     0.0329 0.0000e+00
         60     -0.124     3.4070   0.009605     0.0747     0.0328 0.0000e+00
         61     -0.126     3.4087   0.009612     0.0748     0.0329 0.0000e+00
         62     -0.127     3.4097   0.009618     0.0748     0.0329 0.0000e+00
         63     -0.129     3.4086   0.009610     0.0748     0.0329 0.0000e+00
         64     -0.131     3.4063   0.009598     0.0747     0.0328 0.0000e+00
         65     -0.131     3.4036   0.009590     0.0746     0.0327 0.0000e+00
         66     -0.132     3.4012   0.009580     0.0745     0.0326 0.0000e+00
         67     -0.134     3.3993   0.009566     0.0744     0.0325 0.0000e+00
         68     -0.134     3.3995   0.009559     0.0744     0.0325 0.0000e+00
         69     -0.131     3.4022   0.009570     0.0745     0.0326 0.0000e+00
         70     -0.129     3.4055   0.009587     0.0746     0.0327 0.0000e+00
         71     -0.127     3.4079   0.009592     0.0746     0.0328 0.0000e+00
         72     -0.126     3.4097   0.009587     0.0746     0.0327 0.0000e+00
         73     -0.125     3.4107   0.009592     0.0746     0.0328 0.0000e+00
         74     -0.124     3.4105   0.009603     0.0747     0.0329 0.0000e+00
         75     -0.123     3.4094   0.009600     0.0747     0.0328 0.0000e+00
         76     -0.123     3.4078   0.009580     0.0745     0.0327 0.0000e+00
         77     -0.123     3.4055   0.009567     0.0744     0.0326 0.0000e+00
         78     -0.123     3.4029   0.009572     0.0745     0.0326 0.0000e+00
         79     -0.124     3.4002   0.009582     0.0746     0.0326 0.0000e+00
         80     -0.125     3.3966   0.009589     0.0746     0.0327 0.0000e+00
         81     -0.125     3.3933   0.009597     0.0747     0.0327 0.0000e+00
         82     -0.127     3.3929   0.009598     0.0747     0.0327 0.0000e+00
         83     -0.128     3.3944   0.009592     0.0746     0.0327 0.0000e+00
         84     -0.126     3.3950   0.009591     0.0746     0.0327 0.0000e+00
         85     -0.124     3.3941   0.009592     0.0747     0.0327 0.0000e+00
         86     -0.124     3.3929   0.009592     0.0747     0.0326 0.0000e+00
         87     -0.124     3.3923   0.009594     0.0747     0.0327 0.0000e+00
         88     -0.124     3.3916   0.009593     0.0747     0.0326 0.0000e+00
         89     -0.123     3.3906   0.009596     0.0747     0.0327 0.0000e+00
         90     -0.121     3.3898   0.009605     0.0748     0.0327 0.0000e+00
         91     -0.121     3.3886   0.009608     0.0748     0.0327 0.0000e+00
         92     -0.124     3.3876   0.009602     0.0747     0.0327 0.0000e+00
         93     -0.128     3.3882   0.009590     0.0746     0.0326 0.0000e+00
         94     -0.129     3.3898   0.009580     0.0746     0.0325 0.0000e+00
         95     -0.128     3.3912   0.009581     0.0746     0.0326 0.0000e+00
         96     -0.127     3.3917   0.009590     0.0746     0.0326 0.0000e+00
         97     -0.125     3.3903   0.009596     0.0747     0.0327 0.0000e+00
         98     -0.123     3.3879   0.009599     0.0747     0.0327 0.0000e+00
         99     -0.124     3.3864   0.009597     0.0747     0.0326 0.0000e+00
        100     -0.126     3.3865   0.009592     0.0747     0.0326 0.0000e+00
        101     -0.127     3.3875   0.009581     0.0746     0.0325 0.0000e+00
        102     -0.127     3.3887   0.009562     0.0744     0.0324 0.0000e+00
        103     -0.126     3.3906   0.009555     0.0744     0.0324 0.0000e+00
        104     -0.124     3.3925   0.009567     0.0745     0.0325 0.0000e+00
        105     -0.121     3.3928   0.009576     0.0745     0.0325 0.0000e+00
        106     -0.120     3.3918   0.009566     0.0744     0.0325 0.0000e+00
        107     -0.120     3.3903   0.009547     0.0743     0.0323 0.0000e+00
        108     -0.120     3.3876   0.009540     0.0742     0.0323 0.0000e+00
        109     -0.121     3.3860   0.009548     0.0743     0.0323 0.0000e+00
        110     -0.121     3.3876   0.009551     0.0743     0.0323 0.0000e+00
        111     -0.120     3.3912   0.009550     0.0743     0.0324 0.0000e+00
        112     -0.118     3.3933   0.009561     0.0744     0.0324 0.0000e+00
        113     -0.117     3.3937   0.009574     0.0745     0.0325 0.0000e+00
        114     -0.119     3.3942   0.009569     0.0745     0.0325 0.0000e+00
        115     -0.123     3.3949   0.009552     0.0743     0.0324 0.0000e+00
        116     -0.127     3.3957   0.009533     0.0742     0.0323 0.0000e+00
        117     -0.131     3.3976   0.009522     0.0741     0.0322 0.0000e+00
        118     -0.133     3.4007   0.009532     0.0742     0.0323 0.0000e+00
        119     -0.132     3.4038   0.009560     0.0744     0.0325 0.0000e+00
        120     -0.130     3.4056   0.009576     0.0745     0.0326 0.0000e+00
        121     -0.128     3.4054   0.009570     0.0745     0.0326 0.0000e+00
        122     -0.127     3.4028   0.009564     0.0744     0.0325 0.0000e+00
        123     -0.125     3.3990   0.009577     0.0745     0.0326 0.0000e+00
        124     -0.122     3.3964   0.009600     0.0747     0.0327 0.0000e+00
        125     -0.120     3.3969   0.009613     0.0748     0.0328 0.0000e+00
        126     -0.121     3.3991   0.009606     0.0748     0.0328 0.0000e+00
        127     -0.123     3.4010   0.009594     0.0747     0.0327 0.0000e+00
        128     -0.126     3.4019   0.009584     0.0746     0.0327 0.0000e+00
        129     -0.128     3.4021   0.009579     0.0745     0.0326 0.0000e+00
        130     -0.129     3.4011   0.009579     0.0745     0.0326 0.0000e+00
        131     -0.127     3.3992   0.009591     0.0746     0.0327 0.0000e+00
        132     -0.124     3.3988   0.009603     0.0747     0.0328 0.0000e+00
        133     -0.123     3.4001   0.009597     0.0747     0.0327 0.0000e+00
        134     -0.121     3.4002   0.009586     0.0746     0.0327 0.0000e+00
        135     -0.121     3.3992   0.009596     0.0747     0.0327 0.0000e+00
        136     -0.124     3.3981   0.009616     0.0748     0.0328 0.0000e+00
        137     -0.124     3.3966   0.009619     0.0749     0.0329 0.0000e+00
        138     -0.123     3.3950   0.009603     0.0747     0.0327 0.0000e+00
        139     -0.125     3.3952   0.009583     0.0746     0.0326 0.0000e+00
        140     -0.131     3.3974   0.009588     0.0746     0.0327 0.0000e+00
        141     -0.134     3.4004   0.009629     0.0749     0.0329 0.0000e+00
        142     -0.132     3.4028   0.009672     0.0753     0.0332 0.0000e+00
        143     -0.128     3.4033   0.009688     0.0754     0.0334 0.0000e+00
        144     -0.126     3.4024   0.009689     0.0754     0.0334 0.0000e+00
        145     -0.127     3.4019   0.009689     0.0754     0.0333 0.0000e+00
        146     -0.128     3.4022   0.009692     0.0754     0.0334 0.0000e+00
        147     -0.127     3.4016   0.009691     0.0754     0.0334 0.0000e+00
        148     -0.125     3.3992   0.009682     0.0754     0.0333 0.0000e+00
        149     -0.122     3.3964   0.009664     0.0752     0.0331 0.0000e+00
        150     -0.120     3.3952   0.009641     0.0750     0.0330 0.0000e+00
        151     -0.121     3.3952   0.009627     0.0749     0.0329 0.0000e+00
        152     -0.124     3.3935   0.009627     0.0749     0.0329 0.0000e+00
        153     -0.127     3.3895   0.009639     0.0750     0.0329 0.0000e+00
        154     -0.127     3.3852   0.009659     0.0752     0.0330 0.0000e+00
        155     -0.125     3.3821   0.009684     0.0754     0.0332 0.0000e+00
        156     -0.122     3.3811   0.009702     0.0756     0.0333 0.0000e+00
        157     -0.121     3.3819   0.009700     0.0755     0.0333 0.0000e+00
        158     -0.123     3.3838   0.009680     0.0754     0.0332 0.0000e+00
        159     -0.128     3.3853   0.009657     0.0752     0.0330 0.0000e+00
        160     -0.130     3.3857   0.009640     0.0751     0.0329 0.0000e+00
        161     -0.128     3.3854   0.009639     0.0750     0.0329 0.0000e+00
        162     -0.127     3.3845   0.009654     0.0752     0.0330 0.0000e+00
        163     -0.126     3.3833   0.009675     0.0753     0.0331 0.0000e+00
        164     -0.124     3.3823   0.009670     0.0753     0.0331 0.0000e+00
        165     -0.122     3.3826   0.009641     0.0751     0.0329 0.0000e+00
        166     -0.121     3.3850   0.009610     0.0748     0.0327 0.0000e+00
        167     -0.122     3.3886   0.009591     0.0747     0.0326 0.0000e+00
        168     -0.124     3.3921   0.009591     0.0746     0.0326 0.0000e+00
        169     -0.126     3.3936   0.009604     0.0747     0.0327 0.0000e+00
        170     -0.126     3.3926   0.009623     0.0749     0.0328 0.0000e+00
        171     -0.124     3.3903   0.009642     0.0751     0.0330 0.0000e+00
        172     -0.124     3.3887   0.009641     0.0751     0.0329 0.0000e+00
        173     -0.125     3.3876   0.009611     0.0748     0.0327 0.0000e+00
        174     -0.126     3.3869   0.009571     0.0745     0.0325 0.0000e+00
        175     -0.127     3.3875   0.009548     0.0743     0.0323 0.0000e+00
        176     -0.127     3.3887   0.009545     0.0743     0.0323 0.0000e+00
        177     -0.125     3.3887   0.009556     0.0744     0.0324 0.0000e+00
        178     -0.122     3.3865   0.009565     0.0744     0.0324 0.0000e+00
        179     -0.122     3.3814   0.009554     0.0744     0.0323 0.0000e+00
        180     -0.123     3.3765   0.009532     0.0742     0.0321 0.0000e+00
        181     -0.124     3.3758   0.009537     0.0742     0.0322 0.0000e+00
        182     -0.126     3.3796   0.009593     0.0747     0.0326 0.0000e+00
        183     -0.129     3.3852   0.009655     0.0752     0.0330 0.0000e+00
        184     -0.131     3.3894   0.009669     0.0753     0.0331 0.0000e+00
        185     -0.131     3.3906   0.009652     0.0751     0.0330 0.0000e+00
        186     -0.129     3.3895   0.009635     0.0750     0.0329 0.0000e+00
        187     -0.128     3.3882   0.009629     0.0750     0.0329 0.0000e+00
        188     -0.127     3.3880   0.009634     0.0750     0.0329 0.0000e+00
        189     -0.124     3.3877   0.009630     0.0750     0.0329 0.0000e+00
        190     -0.122     3.3855   0.009603     0.0748     0.0327 0.0000e+00
        191     -0.123     3.3819   0.009570     0.0745     0.0324 0.0000e+00
        192     -0.127     3.3793   0.009563     0.0744     0.0324 0.0000e+00
        193     -0.130     3.3792   0.009575     0.0745     0.0324 0.0000e+00
        194     -0.130     3.3813   0.009584     0.0746     0.0325 0.0000e+00
        195     -0.129     3.3838   0.009580     0.0746     0.0325 0.0000e+00
        196     -0.126     3.3837   0.009562     0.0744     0.0324 0.0000e+00
        197     -0.123     3.3811   0.009553     0.0744     0.0323 0.0000e+00
        198     -0.123     3.3796   0.009567     0.0745     0.0324 0.0000e+00
        199     -0.124     3.3799   0.009581     0.0746     0.0325 0.0000e+00
        200     -0.124     3.3803   0.009572     0.0745     0.0324 0.0000e+00
        201     -0.123     3.3785   0.009542     0.0743     0.0322 0.0000e+00
        202     -0.122     3.3751   0.009505     0.0740     0.0319 0.0000e+00
        203     -0.123     3.3725   0.009490     0.0739     0.0318 0.0000e+00
        204     -0.125     3.3725   0.009503     0.0740     0.0319 0.0000e+00
        205     -0.126     3.3749   0.009523     0.0741     0.0321 0.0000e+00
