Datasets/Test_Dataset_39219_tow/originals/tel219_2021_025.cnv
* Sea-Bird SBE19plus Data File:
* Filename = C:/AQUIRE/tel219_2021_025.hex
* Software Version AquireV2 AF V2.0
* Temperature SN =  4020
* Conductivity SN =  4020
* System UpLoad Time = May 08 2021 15:04:18
** VESSEL/TRIP/SEQ STN: tel219_2021_025
** LATITUDE: 46 02.66 N
** LONGITUDE: 57 03.44 W
** DATE/TIME: 2021-05-08 12:45
** SOUNDING DEPTH (M): 0265
** PROBE TYPE: S4020
** CTD NUMBER: 025
** FORMAT: t
** COMMENTS: unsuccessful
# nquan = 7                                 
# nvalues = 8286                        
# units = specified
# name 0 = scan: Scan Count
# name 1 = prdM: Pressure, Strain Gauge [db]
# name 2 = tv290C: Temperature [ITS-90, deg C]
# name 3 = c0S/m: Conductivity [S/m]
# name 4 = sal00: Salinity, Practical [PSU]
# name 5 = sigma-t00: Density [sigma-t, kg/m^3 ]
# name 6 = flag: flag
# span 0 =          1,       8286       
# span 1 =     -0.667,    270.618       
# span 2 =     1.1822,     9.2051       
# span 3 =   0.004146,   3.748867       
# span 4 =     0.0311,    35.1432       
# span 5 =     0.0001,    27.3707       
# span 6 = 0.0000e+00, 0.0000e+00       
# interval = seconds: 1
# start_time = May 08 2021 12:45:38 [Instrument's time stamp, header]
# bad_flag = -9.990e-29
*END*
[from data line 6565]
       6566     -0.174     3.9125   0.004267     0.0320     0.0008 0.0000e+00
       6567     -0.171     3.9127   0.004266     0.0320     0.0008 0.0000e+00
       6568     -0.168     3.9130   0.004268     0.0320     0.0008 0.0000e+00
       6569     -0.167     3.9133   0.004274     0.0321     0.0009 0.0000e+00
       6570     -0.171     3.9135   0.004275     0.0321     0.0009 0.0000e+00
       6571     -0.175     3.9135   0.004276     0.0321     0.0009 0.0000e+00
       6572     -0.175     3.9133   0.004277     0.0321     0.0009 0.0000e+00
       6573     -0.173     3.9129   0.004272     0.0320     0.0008 0.0000e+00
       6574     -0.173     3.9125   0.004265     0.0320     0.0008 0.0000e+00
       6575     -0.172     3.9120   0.004256     0.0319     0.0007 0.0000e+00
       6576     -0.173     3.9116   0.004252     0.0319     0.0007 0.0000e+00
       6577     -0.176     3.9112   0.004254     0.0319     0.0007 0.0000e+00
       6578     -0.174     3.9110   0.004258     0.0319     0.0007 0.0000e+00
       6579     -0.173     3.9108   0.004261     0.0320     0.0008 0.0000e+00
       6580     -0.174     3.9105   0.004260     0.0320     0.0008 0.0000e+00
       6581     -0.175     3.9102   0.004252     0.0319     0.0007 0.0000e+00
       6582     -0.180     3.9097   0.004244     0.0318     0.0007 0.0000e+00
       6583     -0.186     3.9092   0.004243     0.0318     0.0007 0.0000e+00
       6584     -0.186     3.9089   0.004246     0.0318     0.0007 0.0000e+00
       6585     -0.183     3.9086   0.004249     0.0319     0.0007 0.0000e+00
       6586     -0.179     3.9086   0.004252     0.0319     0.0007 0.0000e+00
       6587     -0.174     3.9087   0.004253     0.0319     0.0007 0.0000e+00
       6588     -0.171     3.9089   0.004253     0.0319     0.0007 0.0000e+00
       6589     -0.170     3.9088   0.004252     0.0319     0.0007 0.0000e+00
       6590     -0.171     3.9087   0.004251     0.0319     0.0007 0.0000e+00
       6591     -0.171     3.9087   0.004249     0.0319     0.0007 0.0000e+00
       6592     -0.174     3.9086   0.004246     0.0318     0.0007 0.0000e+00
       6593     -0.177     3.9082   0.004243     0.0318     0.0007 0.0000e+00
       6594     -0.178     3.9081   0.004242     0.0318     0.0006 0.0000e+00
       6595     -0.178     3.9081   0.004245     0.0318     0.0007 0.0000e+00
       6596     -0.179     3.9082   0.004247     0.0319     0.0007 0.0000e+00
       6597     -0.178     3.9081   0.004246     0.0318     0.0007 0.0000e+00
       6598     -0.175     3.9079   0.004240     0.0318     0.0006 0.0000e+00
       6599     -0.173     3.9078   0.004234     0.0318     0.0006 0.0000e+00
       6600     -0.175     3.9078   0.004236     0.0318     0.0006 0.0000e+00
       6601     -0.178     3.9078   0.004243     0.0318     0.0007 0.0000e+00
       6602     -0.178     3.9079   0.004247     0.0319     0.0007 0.0000e+00
       6603     -0.177     3.9081   0.004247     0.0319     0.0007 0.0000e+00
       6604     -0.175     3.9081   0.004244     0.0318     0.0007 0.0000e+00
       6605     -0.176     3.9079   0.004239     0.0318     0.0006 0.0000e+00
       6606     -0.178     3.9076   0.004238     0.0318     0.0006 0.0000e+00
       6607     -0.181     3.9071   0.004240     0.0318     0.0006 0.0000e+00
       6608     -0.183     3.9067   0.004237     0.0318     0.0006 0.0000e+00
       6609     -0.184     3.9064   0.004233     0.0317     0.0006 0.0000e+00
       6610     -0.183     3.9063   0.004230     0.0317     0.0006 0.0000e+00
       6611     -0.177     3.9063   0.004229     0.0317     0.0006 0.0000e+00
       6612     -0.170     3.9062   0.004230     0.0317     0.0006 0.0000e+00
       6613     -0.165     3.9062   0.004233     0.0317     0.0006 0.0000e+00
       6614     -0.168     3.9065   0.004239     0.0318     0.0006 0.0000e+00
       6615     -0.175     3.9070   0.004242     0.0318     0.0006 0.0000e+00
       6616     -0.180     3.9077   0.004243     0.0318     0.0007 0.0000e+00
       6617     -0.181     3.9083   0.004244     0.0318     0.0007 0.0000e+00
       6618     -0.179     3.9088   0.004247     0.0319     0.0007 0.0000e+00
       6619     -0.176     3.9093   0.004250     0.0319     0.0007 0.0000e+00
       6620     -0.174     3.9096   0.004250     0.0319     0.0007 0.0000e+00
       6621     -0.173     3.9097   0.004247     0.0319     0.0007 0.0000e+00
       6622     -0.172     3.9099   0.004247     0.0319     0.0007 0.0000e+00
       6623     -0.173     3.9101   0.004251     0.0319     0.0007 0.0000e+00
       6624     -0.174     3.9102   0.004256     0.0319     0.0007 0.0000e+00
       6625     -0.174     3.9104   0.004256     0.0319     0.0007 0.0000e+00
       6626     -0.174     3.9105   0.004251     0.0319     0.0007 0.0000e+00
       6627     -0.175     3.9108   0.004250     0.0319     0.0007 0.0000e+00
       6628     -0.175     3.9112   0.004255     0.0319     0.0007 0.0000e+00
       6629     -0.175     3.9114   0.004262     0.0320     0.0008 0.0000e+00
       6630     -0.176     3.9113   0.004262     0.0320     0.0008 0.0000e+00
       6631     -0.174     3.9112   0.004257     0.0319     0.0007 0.0000e+00
       6632     -0.172     3.9112   0.004251     0.0319     0.0007 0.0000e+00
       6633     -0.174     3.9112   0.004246     0.0318     0.0007 0.0000e+00
       6634     -0.175     3.9110   0.004247     0.0319     0.0007 0.0000e+00
       6635     -0.176     3.9109   0.004253     0.0319     0.0007 0.0000e+00
       6636     -0.176     3.9110   0.004256     0.0319     0.0007 0.0000e+00
       6637     -0.177     3.9112   0.004253     0.0319     0.0007 0.0000e+00
       6638     -0.179     3.9114   0.004252     0.0319     0.0007 0.0000e+00
       6639     -0.179     3.9115   0.004252     0.0319     0.0007 0.0000e+00
       6640     -0.178     3.9116   0.004252     0.0319     0.0007 0.0000e+00
       6641     -0.180     3.9116   0.004252     0.0319     0.0007 0.0000e+00
       6642     -0.187     3.9116   0.004254     0.0319     0.0007 0.0000e+00
       6643     -0.193     3.9116   0.004254     0.0319     0.0007 0.0000e+00
       6644     -0.192     3.9116   0.004252     0.0319     0.0007 0.0000e+00
       6645     -0.187     3.9116   0.004250     0.0319     0.0007 0.0000e+00
       6646     -0.185     3.9116   0.004250     0.0319     0.0007 0.0000e+00
       6647     -0.184     3.9117   0.004252     0.0319     0.0007 0.0000e+00
       6648     -0.184     3.9119   0.004256     0.0319     0.0007 0.0000e+00
       6649     -0.184     3.9120   0.004254     0.0319     0.0007 0.0000e+00
       6650     -0.181     3.9122   0.004252     0.0319     0.0007 0.0000e+00
       6651     -0.178     3.9124   0.004252     0.0319     0.0007 0.0000e+00
       6652     -0.177     3.9124   0.004253     0.0319     0.0007 0.0000e+00
       6653     -0.181     3.9124   0.004255     0.0319     0.0007 0.0000e+00
       6654     -0.182     3.9124   0.004256     0.0319     0.0007 0.0000e+00
       6655     -0.177     3.9123   0.004254     0.0319     0.0007 0.0000e+00
       6656     -0.172     3.9123   0.004254     0.0319     0.0007 0.0000e+00
       6657     -0.173     3.9123   0.004255     0.0319     0.0007 0.0000e+00
       6658     -0.176     3.9122   0.004252     0.0319     0.0007 0.0000e+00
       6659     -0.178     3.9116   0.004244     0.0318     0.0007 0.0000e+00
       6660     -0.175     3.9108   0.004236     0.0318     0.0006 0.0000e+00
       6661     -0.172     3.9102   0.004233     0.0317     0.0006 0.0000e+00
       6662     -0.172     3.9099   0.004234     0.0318     0.0006 0.0000e+00
       6663     -0.176     3.9097   0.004239     0.0318     0.0006 0.0000e+00
       6664     -0.178     3.9099   0.004244     0.0318     0.0007 0.0000e+00
       6665     -0.174     3.9103   0.004246     0.0318     0.0007 0.0000e+00
       6666     -0.169     3.9107   0.004246     0.0318     0.0007 0.0000e+00
       6667     -0.170     3.9109   0.004242     0.0318     0.0007 0.0000e+00
       6668     -0.173     3.9112   0.004241     0.0318     0.0006 0.0000e+00
       6669     -0.176     3.9116   0.004248     0.0319     0.0007 0.0000e+00
       6670     -0.175     3.9119   0.004255     0.0319     0.0007 0.0000e+00
       6671     -0.172     3.9119   0.004260     0.0320     0.0008 0.0000e+00
       6672     -0.171     3.9120   0.004265     0.0320     0.0008 0.0000e+00
       6673     -0.170     3.9122   0.004268     0.0320     0.0008 0.0000e+00
       6674     -0.170     3.9122   0.004262     0.0320     0.0008 0.0000e+00
       6675     -0.174     3.9117   0.004250     0.0319     0.0007 0.0000e+00
       6676     -0.179     3.9113   0.004242     0.0318     0.0007 0.0000e+00
       6677     -0.181     3.9112   0.004244     0.0318     0.0007 0.0000e+00
       6678     -0.179     3.9114   0.004249     0.0319     0.0007 0.0000e+00
       6679     -0.176     3.9115   0.004250     0.0319     0.0007 0.0000e+00
       6680     -0.176     3.9115   0.004249     0.0319     0.0007 0.0000e+00
       6681     -0.175     3.9116   0.004248     0.0319     0.0007 0.0000e+00
       6682     -0.175     3.9117   0.004247     0.0319     0.0007 0.0000e+00
       6683     -0.178     3.9118   0.004247     0.0319     0.0007 0.0000e+00
       6684     -0.177     3.9115   0.004249     0.0319     0.0007 0.0000e+00
       6685     -0.174     3.9109   0.004249     0.0319     0.0007 0.0000e+00
       6686     -0.173     3.9102   0.004243     0.0318     0.0007 0.0000e+00
       6687     -0.174     3.9098   0.004237     0.0318     0.0006 0.0000e+00
       6688     -0.172     3.9097   0.004238     0.0318     0.0006 0.0000e+00
       6689     -0.168     3.9096   0.004240     0.0318     0.0006 0.0000e+00
       6690     -0.166     3.9097   0.004241     0.0318     0.0006 0.0000e+00
       6691     -0.168     3.9099   0.004242     0.0318     0.0006 0.0000e+00
       6692     -0.172     3.9100   0.004242     0.0318     0.0006 0.0000e+00
       6693     -0.179     3.9097   0.004238     0.0318     0.0006 0.0000e+00
       6694     -0.182     3.9095   0.004234     0.0318     0.0006 0.0000e+00
       6695     -0.177     3.9091   0.004231     0.0317     0.0006 0.0000e+00
       6696     -0.172     3.9088   0.004229     0.0317     0.0006 0.0000e+00
       6697     -0.173     3.9086   0.004227     0.0317     0.0006 0.0000e+00
       6698     -0.175     3.9086   0.004226     0.0317     0.0005 0.0000e+00
       6699     -0.174     3.9089   0.004227     0.0317     0.0006 0.0000e+00
       6700     -0.170     3.9091   0.004228     0.0317     0.0006 0.0000e+00
       6701     -0.167     3.9093   0.004229     0.0317     0.0006 0.0000e+00
       6702     -0.164     3.9096   0.004229     0.0317     0.0006 0.0000e+00
       6703     -0.160     3.9096   0.004228     0.0317     0.0006 0.0000e+00
       6704     -0.158     3.9094   0.004227     0.0317     0.0006 0.0000e+00
       6705     -0.159     3.9094   0.004225     0.0317     0.0005 0.0000e+00
       6706     -0.164     3.9096   0.004223     0.0317     0.0005 0.0000e+00
       6707     -0.168     3.9097   0.004222     0.0317     0.0005 0.0000e+00
       6708     -0.171     3.9097   0.004220     0.0316     0.0005 0.0000e+00
       6709     -0.174     3.9097   0.004218     0.0316     0.0005 0.0000e+00
       6710     -0.176     3.9100   0.004222     0.0317     0.0005 0.0000e+00
       6711     -0.175     3.9105   0.004229     0.0317     0.0006 0.0000e+00
       6712     -0.175     3.9112   0.004237     0.0318     0.0006 0.0000e+00
       6713     -0.180     3.9119   0.004242     0.0318     0.0007 0.0000e+00
       6714     -0.182     3.9124   0.004241     0.0318     0.0006 0.0000e+00
       6715     -0.179     3.9127   0.004237     0.0318     0.0006 0.0000e+00
       6716     -0.175     3.9129   0.004236     0.0318     0.0006 0.0000e+00
       6717     -0.173     3.9131   0.004238     0.0318     0.0006 0.0000e+00
       6718     -0.171     3.9133   0.004242     0.0318     0.0007 0.0000e+00
       6719     -0.169     3.9135   0.004244     0.0318     0.0007 0.0000e+00
       6720     -0.169     3.9138   0.004242     0.0318     0.0007 0.0000e+00
       6721     -0.170     3.9141   0.004242     0.0318     0.0007 0.0000e+00
       6722     -0.170     3.9146   0.004247     0.0319     0.0007 0.0000e+00
       6723     -0.172     3.9150   0.004255     0.0319     0.0007 0.0000e+00
       6724     -0.174     3.9153   0.004259     0.0319     0.0008 0.0000e+00
       6725     -0.175     3.9154   0.004256     0.0319     0.0007 0.0000e+00
       6726     -0.174     3.9153   0.004250     0.0319     0.0007 0.0000e+00
       6727     -0.174     3.9151   0.004245     0.0318     0.0007 0.0000e+00
       6728     -0.173     3.9150   0.004241     0.0318     0.0006 0.0000e+00
       6729     -0.171     3.9150   0.004239     0.0318     0.0006 0.0000e+00
       6730     -0.172     3.9150   0.004237     0.0318     0.0006 0.0000e+00
       6731     -0.174     3.9150   0.004238     0.0318     0.0006 0.0000e+00
       6732     -0.173     3.9151   0.004240     0.0318     0.0006 0.0000e+00
       6733     -0.171     3.9152   0.004244     0.0318     0.0007 0.0000e+00
       6734     -0.171     3.9154   0.004245     0.0318     0.0007 0.0000e+00
       6735     -0.173     3.9152   0.004239     0.0318     0.0006 0.0000e+00
       6736     -0.173     3.9148   0.004231     0.0317     0.0006 0.0000e+00
       6737     -0.173     3.9145   0.004227     0.0317     0.0006 0.0000e+00
       6738     -0.174     3.9143   0.004227     0.0317     0.0006 0.0000e+00
       6739     -0.176     3.9145   0.004229     0.0317     0.0006 0.0000e+00
       6740     -0.179     3.9147   0.004229     0.0317     0.0006 0.0000e+00
       6741     -0.181     3.9148   0.004231     0.0317     0.0006 0.0000e+00
       6742     -0.179     3.9148   0.004231     0.0317     0.0006 0.0000e+00
       6743     -0.175     3.9148   0.004229     0.0317     0.0006 0.0000e+00
       6744     -0.172     3.9150   0.004227     0.0317     0.0006 0.0000e+00
       6745     -0.171     3.9150   0.004226     0.0317     0.0006 0.0000e+00
       6746     -0.173     3.9152   0.004228     0.0317     0.0006 0.0000e+00
       6747     -0.173     3.9154   0.004230     0.0317     0.0006 0.0000e+00
       6748     -0.171     3.9157   0.004236     0.0318     0.0006 0.0000e+00
       6749     -0.171     3.9159   0.004238     0.0318     0.0006 0.0000e+00
       6750     -0.172     3.9161   0.004238     0.0318     0.0006 0.0000e+00
       6751     -0.171     3.9162   0.004238     0.0318     0.0006 0.0000e+00
       6752     -0.171     3.9166   0.004239     0.0318     0.0006 0.0000e+00
       6753     -0.172     3.9168   0.004242     0.0318     0.0007 0.0000e+00
       6754     -0.172     3.9169   0.004245     0.0318     0.0007 0.0000e+00
       6755     -0.171     3.9172   0.004245     0.0318     0.0007 0.0000e+00
       6756     -0.170     3.9176   0.004246     0.0318     0.0007 0.0000e+00
       6757     -0.169     3.9180   0.004251     0.0319     0.0007 0.0000e+00
       6758     -0.170     3.9183   0.004256     0.0319     0.0007 0.0000e+00
       6759     -0.171     3.9185   0.004259     0.0319     0.0008 0.0000e+00
       6760     -0.171     3.9187   0.004261     0.0320     0.0008 0.0000e+00
       6761     -0.171     3.9187   0.004260     0.0319     0.0008 0.0000e+00
       6762     -0.172     3.9188   0.004255     0.0319     0.0007 0.0000e+00
       6763     -0.172     3.9189   0.004254     0.0319     0.0007 0.0000e+00
       6764     -0.171     3.9189   0.004252     0.0319     0.0007 0.0000e+00
       6765     -0.170     3.9188   0.004251     0.0319     0.0007 0.0000e+00
       6766     -0.170     3.9188   0.004250     0.0319     0.0007 0.0000e+00
       6767     -0.170     3.9188   0.004250     0.0319     0.0007 0.0000e+00
       6768     -0.169     3.9189   0.004251     0.0319     0.0007 0.0000e+00
       6769     -0.169     3.9190   0.004252     0.0319     0.0007 0.0000e+00
