Datasets/Test_Dataset_39219_tow/originals/tel219_2021_043.cnv
* Sea-Bird SBE19plus Data File:
* Filename = C:/AQUIRE/tel219_2021_043.hex
* Software Version AquireV2 AF V2.0
* Temperature SN =  4020
* Conductivity SN =  4020
* System UpLoad Time = May 12 2021 12:44:25
** VESSEL/TRIP/SEQ STN: tel219_2021_043
** LATITUDE: 45 14.15 N
** LONGITUDE: 56 10.92 W
** DATE/TIME: 2021-05-12 11:56
** SOUNDING DEPTH (M): 0089
** PROBE TYPE: S4020
** CTD NUMBER:  43
** FORMAT: T
** COMMENTS: 
# nquan = 7                                 
# nvalues = 2950                        
# units = specified
# name 0 = scan: Scan Count
# name 1 = prdM: Pressure, Strain Gauge [db]
# name 2 = tv290C: Temperature [ITS-90, deg C]
# name 3 = c0S/m: Conductivity [S/m]
# name 4 = sal00: Salinity, Practical [PSU]
# name 5 = sigma-t00: Density [sigma-t, kg/m^3 ]
# name 6 = flag: flag
# span 0 =          1,       2950       
# span 1 =     -0.161,     85.051       
# span 2 =     1.2716,     3.9680       
# span 3 =   0.004382,   2.981512       
# span 4 =     0.0329,    32.3716       
# span 5 =     0.0015,    25.9014       
# span 6 = 0.0000e+00, 0.0000e+00       
# interval = seconds: 1
# start_time = May 12 2021 11:56:30 [Instrument's time stamp, header]
# bad_flag = -9.990e-29
*END*
[from data line 616]
        617     -0.141     3.9615   0.004429     0.0332     0.0018 0.0000e+00
        618     -0.141     3.9615   0.004431     0.0332     0.0018 0.0000e+00
        619     -0.142     3.9615   0.004429     0.0332     0.0018 0.0000e+00
        620     -0.141     3.9615   0.004425     0.0332     0.0018 0.0000e+00
        621     -0.140     3.9615   0.004419     0.0332     0.0018 0.0000e+00
        622     -0.141     3.9615   0.004419     0.0332     0.0018 0.0000e+00
        623     -0.141     3.9615   0.004425     0.0332     0.0018 0.0000e+00
        624     -0.141     3.9616   0.004430     0.0332     0.0018 0.0000e+00
        625     -0.142     3.9618   0.004433     0.0333     0.0018 0.0000e+00
        626     -0.143     3.9619   0.004432     0.0332     0.0018 0.0000e+00
        627     -0.143     3.9619   0.004428     0.0332     0.0018 0.0000e+00
        628     -0.141     3.9619   0.004423     0.0332     0.0018 0.0000e+00
        629     -0.141     3.9619   0.004421     0.0332     0.0018 0.0000e+00
        630     -0.141     3.9620   0.004425     0.0332     0.0018 0.0000e+00
        631     -0.139     3.9621   0.004433     0.0333     0.0018 0.0000e+00
        632     -0.138     3.9621   0.004436     0.0333     0.0019 0.0000e+00
        633     -0.140     3.9622   0.004434     0.0333     0.0019 0.0000e+00
        634     -0.142     3.9622   0.004427     0.0332     0.0018 0.0000e+00
        635     -0.143     3.9622   0.004425     0.0332     0.0018 0.0000e+00
        636     -0.145     3.9622   0.004429     0.0332     0.0018 0.0000e+00
        637     -0.146     3.9623   0.004433     0.0333     0.0018 0.0000e+00
        638     -0.145     3.9623   0.004432     0.0332     0.0018 0.0000e+00
        639     -0.142     3.9623   0.004429     0.0332     0.0018 0.0000e+00
        640     -0.140     3.9623   0.004425     0.0332     0.0018 0.0000e+00
        641     -0.139     3.9623   0.004422     0.0332     0.0018 0.0000e+00
        642     -0.138     3.9623   0.004421     0.0332     0.0018 0.0000e+00
        643     -0.137     3.9622   0.004423     0.0332     0.0018 0.0000e+00
        644     -0.137     3.9623   0.004429     0.0332     0.0018 0.0000e+00
        645     -0.139     3.9623   0.004433     0.0333     0.0018 0.0000e+00
        646     -0.141     3.9623   0.004431     0.0332     0.0018 0.0000e+00
        647     -0.142     3.9623   0.004426     0.0332     0.0018 0.0000e+00
        648     -0.141     3.9625   0.004423     0.0332     0.0018 0.0000e+00
        649     -0.140     3.9625   0.004422     0.0332     0.0018 0.0000e+00
        650     -0.140     3.9624   0.004422     0.0332     0.0018 0.0000e+00
        651     -0.140     3.9623   0.004427     0.0332     0.0018 0.0000e+00
        652     -0.142     3.9623   0.004431     0.0332     0.0018 0.0000e+00
        653     -0.143     3.9623   0.004431     0.0332     0.0018 0.0000e+00
        654     -0.143     3.9623   0.004428     0.0332     0.0018 0.0000e+00
        655     -0.144     3.9625   0.004427     0.0332     0.0018 0.0000e+00
        656     -0.143     3.9625   0.004427     0.0332     0.0018 0.0000e+00
        657     -0.139     3.9624   0.004426     0.0332     0.0018 0.0000e+00
        658     -0.133     3.9623   0.004424     0.0332     0.0018 0.0000e+00
        659     -0.133     3.9623   0.004421     0.0332     0.0018 0.0000e+00
        660     -0.136     3.9623   0.004419     0.0331     0.0018 0.0000e+00
        661     -0.138     3.9623   0.004423     0.0332     0.0018 0.0000e+00
        662     -0.140     3.9623   0.004428     0.0332     0.0018 0.0000e+00
        663     -0.140     3.9623   0.004431     0.0332     0.0018 0.0000e+00
        664     -0.139     3.9623   0.004429     0.0332     0.0018 0.0000e+00
        665     -0.140     3.9623   0.004422     0.0332     0.0018 0.0000e+00
        666     -0.141     3.9624   0.004415     0.0331     0.0017 0.0000e+00
        667     -0.138     3.9625   0.004415     0.0331     0.0017 0.0000e+00
        668     -0.137     3.9623   0.004422     0.0332     0.0018 0.0000e+00
        669     -0.140     3.9623   0.004431     0.0332     0.0018 0.0000e+00
        670     -0.143     3.9623   0.004433     0.0333     0.0018 0.0000e+00
        671     -0.143     3.9623   0.004430     0.0332     0.0018 0.0000e+00
        672     -0.140     3.9623   0.004424     0.0332     0.0018 0.0000e+00
        673     -0.140     3.9623   0.004421     0.0332     0.0018 0.0000e+00
        674     -0.144     3.9623   0.004424     0.0332     0.0018 0.0000e+00
        675     -0.147     3.9623   0.004429     0.0332     0.0018 0.0000e+00
        676     -0.148     3.9623   0.004432     0.0332     0.0018 0.0000e+00
        677     -0.148     3.9623   0.004430     0.0332     0.0018 0.0000e+00
        678     -0.148     3.9623   0.004423     0.0332     0.0018 0.0000e+00
        679     -0.150     3.9623   0.004419     0.0331     0.0018 0.0000e+00
        680     -0.152     3.9623   0.004422     0.0332     0.0018 0.0000e+00
        681     -0.149     3.9623   0.004429     0.0332     0.0018 0.0000e+00
        682     -0.145     3.9623   0.004436     0.0333     0.0019 0.0000e+00
        683     -0.143     3.9623   0.004435     0.0333     0.0019 0.0000e+00
        684     -0.144     3.9623   0.004429     0.0332     0.0018 0.0000e+00
        685     -0.144     3.9623   0.004424     0.0332     0.0018 0.0000e+00
        686     -0.140     3.9623   0.004423     0.0332     0.0018 0.0000e+00
        687     -0.139     3.9623   0.004425     0.0332     0.0018 0.0000e+00
        688     -0.143     3.9623   0.004426     0.0332     0.0018 0.0000e+00
        689     -0.144     3.9623   0.004428     0.0332     0.0018 0.0000e+00
        690     -0.143     3.9624   0.004432     0.0332     0.0018 0.0000e+00
        691     -0.140     3.9625   0.004437     0.0333     0.0019 0.0000e+00
        692     -0.138     3.9624   0.004434     0.0333     0.0019 0.0000e+00
        693     -0.141     3.9623   0.004426     0.0332     0.0018 0.0000e+00
        694     -0.145     3.9623   0.004419     0.0331     0.0018 0.0000e+00
        695     -0.145     3.9623   0.004421     0.0332     0.0018 0.0000e+00
        696     -0.144     3.9623   0.004429     0.0332     0.0018 0.0000e+00
        697     -0.143     3.9623   0.004438     0.0333     0.0019 0.0000e+00
        698     -0.142     3.9625   0.004443     0.0333     0.0019 0.0000e+00
        699     -0.140     3.9625   0.004437     0.0333     0.0019 0.0000e+00
        700     -0.139     3.9623   0.004426     0.0332     0.0018 0.0000e+00
        701     -0.139     3.9623   0.004421     0.0332     0.0018 0.0000e+00
        702     -0.140     3.9625   0.004423     0.0332     0.0018 0.0000e+00
        703     -0.142     3.9625   0.004429     0.0332     0.0018 0.0000e+00
        704     -0.145     3.9625   0.004435     0.0333     0.0019 0.0000e+00
        705     -0.146     3.9625   0.004438     0.0333     0.0019 0.0000e+00
        706     -0.147     3.9625   0.004436     0.0333     0.0019 0.0000e+00
        707     -0.148     3.9625   0.004431     0.0332     0.0018 0.0000e+00
        708     -0.147     3.9625   0.004426     0.0332     0.0018 0.0000e+00
        709     -0.146     3.9626   0.004425     0.0332     0.0018 0.0000e+00
        710     -0.144     3.9626   0.004428     0.0332     0.0018 0.0000e+00
        711     -0.144     3.9626   0.004431     0.0332     0.0018 0.0000e+00
        712     -0.144     3.9626   0.004431     0.0332     0.0018 0.0000e+00
        713     -0.145     3.9626   0.004431     0.0332     0.0018 0.0000e+00
        714     -0.145     3.9626   0.004430     0.0332     0.0018 0.0000e+00
        715     -0.143     3.9626   0.004426     0.0332     0.0018 0.0000e+00
        716     -0.144     3.9627   0.004423     0.0332     0.0018 0.0000e+00
        717     -0.145     3.9627   0.004423     0.0332     0.0018 0.0000e+00
        718     -0.148     3.9627   0.004428     0.0332     0.0018 0.0000e+00
        719     -0.153     3.9627   0.004435     0.0333     0.0019 0.0000e+00
        720     -0.154     3.9629   0.004438     0.0333     0.0019 0.0000e+00
        721     -0.152     3.9629   0.004433     0.0333     0.0018 0.0000e+00
        722     -0.149     3.9628   0.004426     0.0332     0.0018 0.0000e+00
        723     -0.146     3.9628   0.004423     0.0332     0.0018 0.0000e+00
        724     -0.144     3.9629   0.004426     0.0332     0.0018 0.0000e+00
        725     -0.143     3.9629   0.004433     0.0333     0.0018 0.0000e+00
        726     -0.144     3.9629   0.004439     0.0333     0.0019 0.0000e+00
        727     -0.145     3.9629   0.004438     0.0333     0.0019 0.0000e+00
        728     -0.143     3.9630   0.004433     0.0333     0.0018 0.0000e+00
        729     -0.144     3.9630   0.004427     0.0332     0.0018 0.0000e+00
        730     -0.146     3.9630   0.004427     0.0332     0.0018 0.0000e+00
        731     -0.147     3.9631   0.004434     0.0333     0.0019 0.0000e+00
        732     -0.149     3.9631   0.004442     0.0333     0.0019 0.0000e+00
        733     -0.149     3.9631   0.004442     0.0333     0.0019 0.0000e+00
        734     -0.148     3.9631   0.004436     0.0333     0.0019 0.0000e+00
        735     -0.146     3.9631   0.004431     0.0332     0.0018 0.0000e+00
        736     -0.145     3.9632   0.004429     0.0332     0.0018 0.0000e+00
        737     -0.146     3.9632   0.004432     0.0332     0.0018 0.0000e+00
        738     -0.148     3.9634   0.004437     0.0333     0.0019 0.0000e+00
        739     -0.147     3.9634   0.004440     0.0333     0.0019 0.0000e+00
        740     -0.145     3.9634   0.004441     0.0333     0.0019 0.0000e+00
        741     -0.145     3.9634   0.004437     0.0333     0.0019 0.0000e+00
        742     -0.148     3.9634   0.004432     0.0332     0.0018 0.0000e+00
        743     -0.151     3.9634   0.004429     0.0332     0.0018 0.0000e+00
        744     -0.151     3.9634   0.004428     0.0332     0.0018 0.0000e+00
        745     -0.150     3.9634   0.004429     0.0332     0.0018 0.0000e+00
        746     -0.148     3.9634   0.004429     0.0332     0.0018 0.0000e+00
        747     -0.146     3.9635   0.004435     0.0333     0.0019 0.0000e+00
        748     -0.145     3.9636   0.004440     0.0333     0.0019 0.0000e+00
        749     -0.146     3.9636   0.004440     0.0333     0.0019 0.0000e+00
        750     -0.148     3.9636   0.004436     0.0333     0.0019 0.0000e+00
        751     -0.147     3.9636   0.004432     0.0332     0.0018 0.0000e+00
        752     -0.146     3.9636   0.004429     0.0332     0.0018 0.0000e+00
        753     -0.144     3.9638   0.004427     0.0332     0.0018 0.0000e+00
        754     -0.142     3.9638   0.004431     0.0332     0.0018 0.0000e+00
        755     -0.143     3.9638   0.004438     0.0333     0.0019 0.0000e+00
        756     -0.146     3.9638   0.004441     0.0333     0.0019 0.0000e+00
        757     -0.146     3.9638   0.004437     0.0333     0.0019 0.0000e+00
        758     -0.146     3.9638   0.004431     0.0332     0.0018 0.0000e+00
        759     -0.148     3.9639   0.004429     0.0332     0.0018 0.0000e+00
        760     -0.149     3.9640   0.004433     0.0333     0.0018 0.0000e+00
        761     -0.151     3.9640   0.004438     0.0333     0.0019 0.0000e+00
        762     -0.152     3.9639   0.004441     0.0333     0.0019 0.0000e+00
        763     -0.153     3.9639   0.004438     0.0333     0.0019 0.0000e+00
        764     -0.152     3.9640   0.004436     0.0333     0.0019 0.0000e+00
        765     -0.151     3.9641   0.004433     0.0333     0.0018 0.0000e+00
        766     -0.152     3.9642   0.004431     0.0332     0.0018 0.0000e+00
        767     -0.153     3.9642   0.004431     0.0332     0.0018 0.0000e+00
        768     -0.151     3.9642   0.004434     0.0333     0.0019 0.0000e+00
        769     -0.148     3.9642   0.004436     0.0333     0.0019 0.0000e+00
        770     -0.146     3.9641   0.004434     0.0333     0.0019 0.0000e+00
        771     -0.145     3.9641   0.004432     0.0332     0.0018 0.0000e+00
        772     -0.146     3.9641   0.004431     0.0332     0.0018 0.0000e+00
        773     -0.145     3.9641   0.004432     0.0332     0.0018 0.0000e+00
        774     -0.144     3.9642   0.004436     0.0333     0.0019 0.0000e+00
        775     -0.145     3.9642   0.004438     0.0333     0.0019 0.0000e+00
        776     -0.148     3.9642   0.004438     0.0333     0.0019 0.0000e+00
        777     -0.150     3.9642   0.004436     0.0333     0.0019 0.0000e+00
        778     -0.149     3.9642   0.004432     0.0332     0.0018 0.0000e+00
        779     -0.150     3.9642   0.004428     0.0332     0.0018 0.0000e+00
        780     -0.151     3.9642   0.004428     0.0332     0.0018 0.0000e+00
        781     -0.152     3.9642   0.004432     0.0332     0.0018 0.0000e+00
        782     -0.155     3.9642   0.004436     0.0333     0.0019 0.0000e+00
        783     -0.157     3.9642   0.004439     0.0333     0.0019 0.0000e+00
        784     -0.152     3.9642   0.004441     0.0333     0.0019 0.0000e+00
        785     -0.147     3.9642   0.004440     0.0333     0.0019 0.0000e+00
        786     -0.145     3.9642   0.004439     0.0333     0.0019 0.0000e+00
        787     -0.144     3.9642   0.004435     0.0333     0.0019 0.0000e+00
        788     -0.144     3.9642   0.004431     0.0332     0.0018 0.0000e+00
        789     -0.147     3.9642   0.004430     0.0332     0.0018 0.0000e+00
        790     -0.149     3.9642   0.004435     0.0333     0.0019 0.0000e+00
        791     -0.147     3.9642   0.004442     0.0333     0.0019 0.0000e+00
        792     -0.144     3.9642   0.004444     0.0333     0.0019 0.0000e+00
        793     -0.143     3.9642   0.004441     0.0333     0.0019 0.0000e+00
        794     -0.144     3.9642   0.004437     0.0333     0.0019 0.0000e+00
        795     -0.146     3.9642   0.004436     0.0333     0.0019 0.0000e+00
        796     -0.146     3.9643   0.004436     0.0333     0.0019 0.0000e+00
        797     -0.146     3.9642   0.004439     0.0333     0.0019 0.0000e+00
        798     -0.147     3.9642   0.004440     0.0333     0.0019 0.0000e+00
        799     -0.146     3.9642   0.004440     0.0333     0.0019 0.0000e+00
        800     -0.144     3.9642   0.004440     0.0333     0.0019 0.0000e+00
        801     -0.145     3.9642   0.004439     0.0333     0.0019 0.0000e+00
        802     -0.147     3.9642   0.004438     0.0333     0.0019 0.0000e+00
        803     -0.147     3.9642   0.004439     0.0333     0.0019 0.0000e+00
        804     -0.148     3.9642   0.004439     0.0333     0.0019 0.0000e+00
        805     -0.151     3.9642   0.004437     0.0333     0.0019 0.0000e+00
        806     -0.153     3.9642   0.004437     0.0333     0.0019 0.0000e+00
        807     -0.153     3.9642   0.004438     0.0333     0.0019 0.0000e+00
        808     -0.152     3.9642   0.004439     0.0333     0.0019 0.0000e+00
        809     -0.151     3.9642   0.004439     0.0333     0.0019 0.0000e+00
        810     -0.149     3.9642   0.004438     0.0333     0.0019 0.0000e+00
        811     -0.147     3.9642   0.004437     0.0333     0.0019 0.0000e+00
        812     -0.148     3.9642   0.004436     0.0333     0.0019 0.0000e+00
        813     -0.150     3.9642   0.004438     0.0333     0.0019 0.0000e+00
        814     -0.150     3.9642   0.004440     0.0333     0.0019 0.0000e+00
        815     -0.150     3.9642   0.004440     0.0333     0.0019 0.0000e+00
        816     -0.150     3.9642   0.004440     0.0333     0.0019 0.0000e+00
        817     -0.150     3.9642   0.004439     0.0333     0.0019 0.0000e+00
        818     -0.151     3.9642   0.004436     0.0333     0.0019 0.0000e+00
        819     -0.152     3.9642   0.004434     0.0333     0.0019 0.0000e+00
        820     -0.154     3.9642   0.004433     0.0333     0.0018 0.0000e+00
