Datasets/Test_Dataset_39219_tow/originals/tel219_2021_057.cnv
* Sea-Bird SBE19plus Data File:
* Filename = C:/AQUIRE/tel219_2021_057.hex
* Software Version AquireV2 AF V2.0
* Temperature SN =  4020
* Conductivity SN =  4020
* System UpLoad Time = May 14 2021 03:25:08
** VESSEL/TRIP/SEQ STN: tel219_2021_057
** LATITUDE: 45 15.39 N
** LONGITUDE: 55 13.32 W
** DATE/TIME: 2021-05-14 02:45
** SOUNDING DEPTH (M): 0170
** PROBE TYPE: S4020
** CTD NUMBER:  57
** FORMAT: T
** COMMENTS: 
# nquan = 7                                 
# nvalues = 2457                        
# units = specified
# name 0 = scan: Scan Count
# name 1 = prdM: Pressure, Strain Gauge [db]
# name 2 = tv290C: Temperature [ITS-90, deg C]
# name 3 = c0S/m: Conductivity [S/m]
# name 4 = sal00: Salinity, Practical [PSU]
# name 5 = sigma-t00: Density [sigma-t, kg/m^3 ]
# name 6 = flag: flag
# span 0 =          1,       2457       
# span 1 =     -0.767,    166.304       
# span 2 =     0.4130,     7.1883       
# span 3 =   0.008887,   3.513534       
# span 4 =     0.0674,    34.5656       
# span 5 =     0.0282,    27.0943       
# span 6 = 0.0000e+00, 0.0000e+00       
# interval = seconds: 1
# start_time = May 14 2021 02:45:25 [Instrument's time stamp, header]
# bad_flag = -9.990e-29
*END*
[from data line 411]
        412     34.817     1.9329   2.875070    32.5127    25.9841 0.0000e+00
        413     35.237     1.8085   2.865179    32.5169    25.9963 0.0000e+00
        414     35.660     1.6755   2.854430    32.5191    26.0073 0.0000e+00
        415     36.082     1.5417   2.843834    32.5238    26.0202 0.0000e+00
        416     36.497     1.4148   2.834292    32.5346    26.0373 0.0000e+00
        417     36.905     1.3146   2.827580    32.5535    26.0589 0.0000e+00
        418     37.312     1.2452   2.822218    32.5574    26.0664 0.0000e+00
        419     37.726     1.1885   2.816057    32.5378    26.0542 0.0000e+00
        420     38.148     1.1313   2.810363    32.5246    26.0472 0.0000e+00
        421     38.570     1.0761   2.806066    32.5271    26.0526 0.0000e+00
        422     38.985     1.0299   2.802293    32.5269    26.0552 0.0000e+00
        423     39.398     0.9954   2.799183    32.5229    26.0541 0.0000e+00
        424     39.813     0.9706   2.797520    32.5273    26.0591 0.0000e+00
        425     40.231     0.9525   2.796758    32.5362    26.0673 0.0000e+00
        426     40.653     0.9372   2.795632    32.5375    26.0693 0.0000e+00
        427     41.080     0.9168   2.793393    32.5299    26.0644 0.0000e+00
        428     41.508     0.8858   2.790153    32.5205    26.0586 0.0000e+00
        429     41.934     0.8501   2.787083    32.5182    26.0588 0.0000e+00
        430     42.357     0.8209   2.785142    32.5236    26.0649 0.0000e+00
        431     42.776     0.8014   2.784010    32.5293    26.0705 0.0000e+00
        432     43.192     0.7860   2.783145    32.5341    26.0752 0.0000e+00
        433     43.612     0.7671   2.782182    32.5413    26.0821 0.0000e+00
        434     44.035     0.7432   2.780512    32.5446    26.0861 0.0000e+00
        435     44.460     0.7219   2.778658    32.5428    26.0859 0.0000e+00
        436     44.884     0.7108   2.777637    32.5410    26.0851 0.0000e+00
        437     45.308     0.7158   2.777691    32.5362    26.0810 0.0000e+00
        438     45.738     0.7454   2.780017    32.5349    26.0782 0.0000e+00
        439     46.172     0.7960   2.784746    32.5425    26.0815 0.0000e+00
        440     46.600     0.8512   2.789598    32.5468    26.0817 0.0000e+00
        441     47.022     0.9105   2.794643    32.5492    26.0802 0.0000e+00
        442     47.448     0.9783   2.801083    32.5606    26.0854 0.0000e+00
        443     47.881     1.0379   2.806860    32.5719    26.0909 0.0000e+00
        444     48.317     1.0737   2.810144    32.5762    26.0922 0.0000e+00
        445     48.752     1.0898   2.811767    32.5799    26.0942 0.0000e+00
        446     49.181     1.0954   2.812614    32.5846    26.0976 0.0000e+00
        447     49.601     1.0940   2.812742    32.5875    26.1000 0.0000e+00
        448     50.022     1.0886   2.812475    32.5895    26.1019 0.0000e+00
        449     50.448     1.0806   2.812194    32.5940    26.1061 0.0000e+00
        450     50.874     1.0669   2.811561    32.6000    26.1117 0.0000e+00
        451     51.303     1.0463   2.810118    32.6029    26.1153 0.0000e+00
        452     51.741     1.0274   2.808726    32.6046    26.1178 0.0000e+00
        453     52.189     1.0180   2.808538    32.6118    26.1242 0.0000e+00
        454     52.640     1.0150   2.808960    32.6201    26.1310 0.0000e+00
        455     53.087     1.0122   2.809125    32.6249    26.1350 0.0000e+00
        456     53.525     1.0090   2.809079    32.6274    26.1373 0.0000e+00
        457     53.959     1.0067   2.808963    32.6281    26.1379 0.0000e+00
        458     54.394     1.0052   2.808803    32.6274    26.1374 0.0000e+00
        459     54.836     1.0036   2.808659    32.6269    26.1372 0.0000e+00
        460     55.286     1.0019   2.808631    32.6281    26.1382 0.0000e+00
        461     55.735     1.0012   2.808715    32.6297    26.1395 0.0000e+00
        462     56.184     1.0017   2.808784    32.6298    26.1396 0.0000e+00
        463     56.644     1.0023   2.808778    32.6288    26.1388 0.0000e+00
        464     57.114     1.0019   2.808733    32.6284    26.1385 0.0000e+00
        465     57.588     1.0012   2.808709    32.6285    26.1386 0.0000e+00
        466     58.061     1.0018   2.808788    32.6287    26.1387 0.0000e+00
        467     58.532     1.0036   2.809007    32.6293    26.1391 0.0000e+00
        468     59.004     1.0048   2.809229    32.6306    26.1401 0.0000e+00
        469     59.479     1.0042   2.809300    32.6319    26.1411 0.0000e+00
        470     59.950     1.0021   2.809242    32.6331    26.1422 0.0000e+00
        471     60.414     0.9992   2.809081    32.6338    26.1430 0.0000e+00
        472     60.878     0.9954   2.808803    32.6340    26.1433 0.0000e+00
        473     61.347     0.9907   2.808533    32.6352    26.1446 0.0000e+00
        474     61.813     0.9856   2.808395    32.6385    26.1476 0.0000e+00
        475     62.270     0.9806   2.808276    32.6420    26.1506 0.0000e+00
        476     62.725     0.9753   2.808013    32.6439    26.1525 0.0000e+00
        477     63.191     0.9695   2.807583    32.6442    26.1531 0.0000e+00
        478     63.671     0.9634   2.807156    32.6449    26.1540 0.0000e+00
        479     64.155     0.9572   2.806879    32.6475    26.1565 0.0000e+00
        480     64.636     0.9483   2.806491    32.6516    26.1604 0.0000e+00
        481     65.115     0.9323   2.805539    32.6559    26.1648 0.0000e+00
        482     65.590     0.9075   2.803946    32.6613    26.1705 0.0000e+00
        483     66.056     0.8754   2.801719    32.6662    26.1763 0.0000e+00
        484     66.519     0.8403   2.798990    32.6677    26.1797 0.0000e+00
        485     66.987     0.8077   2.796505    32.6698    26.1832 0.0000e+00
        486     67.458     0.7801   2.794615    32.6743    26.1884 0.0000e+00
        487     67.928     0.7580   2.793118    32.6780    26.1926 0.0000e+00
        488     68.388     0.7418   2.792047    32.6810    26.1960 0.0000e+00
        489     68.841     0.7300   2.791225    32.6826    26.1979 0.0000e+00
        490     69.302     0.7185   2.790268    32.6821    26.1982 0.0000e+00
        491     69.776     0.7043   2.789242    32.6836    26.2002 0.0000e+00
        492     70.260     0.6889   2.788427    32.6890    26.2054 0.0000e+00
        493     70.747     0.6754   2.787830    32.6953    26.2112 0.0000e+00
        494     71.229     0.6654   2.787390    32.6999    26.2155 0.0000e+00
        495     71.699     0.6586   2.787146    32.7037    26.2189 0.0000e+00
        496     72.156     0.6540   2.787108    32.7078    26.2224 0.0000e+00
        497     72.609     0.6500   2.787089    32.7115    26.2257 0.0000e+00
        498     73.069     0.6462   2.786968    32.7137    26.2276 0.0000e+00
        499     73.538     0.6425   2.786836    32.7156    26.2294 0.0000e+00
        500     74.009     0.6383   2.786709    32.7181    26.2317 0.0000e+00
        501     74.484     0.6332   2.786545    32.7211    26.2344 0.0000e+00
        502     74.970     0.6281   2.786335    32.7235    26.2366 0.0000e+00
        503     75.466     0.6243   2.786200    32.7255    26.2384 0.0000e+00
        504     75.966     0.6221   2.786209    32.7277    26.2403 0.0000e+00
        505     76.469     0.6208   2.786200    32.7287    26.2411 0.0000e+00
        506     76.975     0.6200   2.786119    32.7282    26.2408 0.0000e+00
        507     77.486     0.6190   2.786049    32.7280    26.2407 0.0000e+00
        508     78.002     0.6176   2.785968    32.7282    26.2409 0.0000e+00
        509     78.519     0.6157   2.785849    32.7283    26.2411 0.0000e+00
        510     79.038     0.6132   2.785714    32.7289    26.2418 0.0000e+00
        511     79.558     0.6104   2.785577    32.7298    26.2426 0.0000e+00
        512     80.071     0.6084   2.785463    32.7302    26.2430 0.0000e+00
        513     80.577     0.6079   2.785393    32.7295    26.2425 0.0000e+00
        514     81.085     0.6071   2.785284    32.7287    26.2419 0.0000e+00
        515     81.601     0.6046   2.785083    32.7284    26.2418 0.0000e+00
        516     82.118     0.6006   2.784892    32.7299    26.2432 0.0000e+00
        517     82.622     0.5968   2.784794    32.7323    26.2454 0.0000e+00
        518     83.111     0.5941   2.784676    32.7334    26.2464 0.0000e+00
        519     83.599     0.5918   2.784437    32.7324    26.2458 0.0000e+00
        520     84.105     0.5893   2.784176    32.7314    26.2451 0.0000e+00
        521     84.628     0.5870   2.784040    32.7318    26.2455 0.0000e+00
        522     85.155     0.5847   2.784022    32.7337    26.2471 0.0000e+00
        523     85.676     0.5819   2.783991    32.7360    26.2491 0.0000e+00
        524     86.191     0.5787   2.783879    32.7376    26.2506 0.0000e+00
        525     86.705     0.5750   2.783729    32.7393    26.2522 0.0000e+00
        526     87.228     0.5696   2.783572    32.7427    26.2552 0.0000e+00
        527     87.763     0.5622   2.783392    32.7479    26.2598 0.0000e+00
        528     88.303     0.5552   2.783265    32.7533    26.2646 0.0000e+00
        529     88.833     0.5508   2.783273    32.7578    26.2684 0.0000e+00
        530     89.346     0.5486   2.783337    32.7607    26.2708 0.0000e+00
        531     89.855     0.5474   2.783380    32.7622    26.2721 0.0000e+00
        532     90.369     0.5467   2.783410    32.7630    26.2729 0.0000e+00
        533     90.891     0.5465   2.783450    32.7635    26.2732 0.0000e+00
        534     91.416     0.5471   2.783532    32.7636    26.2733 0.0000e+00
        535     91.941     0.5476   2.783657    32.7644    26.2739 0.0000e+00
        536     92.464     0.5482   2.783770    32.7649    26.2743 0.0000e+00
        537     92.984     0.5490   2.783854    32.7649    26.2742 0.0000e+00
        538     93.507     0.5508   2.784006    32.7646    26.2739 0.0000e+00
        539     94.037     0.5536   2.784289    32.7650    26.2741 0.0000e+00
        540     94.570     0.5568   2.784695    32.7666    26.2752 0.0000e+00
        541     95.101     0.5590   2.785108    32.7693    26.2772 0.0000e+00
        542     95.632     0.5582   2.785302    32.7724    26.2797 0.0000e+00
        543     96.164     0.5527   2.785110    32.7754    26.2825 0.0000e+00
        544     96.691     0.5428   2.784527    32.7780    26.2851 0.0000e+00
        545     97.212     0.5310   2.783726    32.7799    26.2873 0.0000e+00
        546     97.727     0.5205   2.782995    32.7812    26.2889 0.0000e+00
        547     98.239     0.5124   2.782469    32.7827    26.2905 0.0000e+00
        548     98.753     0.5060   2.782024    32.7834    26.2915 0.0000e+00
        549     99.271     0.5007   2.781657    32.7840    26.2922 0.0000e+00
        550     99.795     0.4963   2.781463    32.7858    26.2939 0.0000e+00
        551    100.319     0.4930   2.781477    32.7892    26.2968 0.0000e+00
        552    100.833     0.4907   2.781702    32.7943    26.3011 0.0000e+00
        553    101.339     0.4880   2.781929    32.7998    26.3057 0.0000e+00
        554    101.847     0.4840   2.781944    32.8040    26.3092 0.0000e+00
        555    102.367     0.4784   2.781744    32.8070    26.3120 0.0000e+00
        556    102.903     0.4717   2.781439    32.8099    26.3146 0.0000e+00
        557    103.445     0.4659   2.781257    32.8134    26.3178 0.0000e+00
        558    103.974     0.4621   2.781287    32.8175    26.3213 0.0000e+00
        559    104.479     0.4587   2.781282    32.8208    26.3241 0.0000e+00
        560    104.974     0.4537   2.781016    32.8223    26.3256 0.0000e+00
        561    105.485     0.4476   2.780600    32.8231    26.3266 0.0000e+00
        562    106.015     0.4423   2.780304    32.8246    26.3281 0.0000e+00
        563    106.548     0.4387   2.780218    32.8270    26.3302 0.0000e+00
        564    107.075     0.4369   2.780240    32.8289    26.3318 0.0000e+00
        565    107.595     0.4359   2.780277    32.8302    26.3329 0.0000e+00
        566    108.109     0.4346   2.780228    32.8306    26.3333 0.0000e+00
        567    108.623     0.4325   2.780040    32.8301    26.3330 0.0000e+00
        568    109.146     0.4289   2.779762    32.8300    26.3331 0.0000e+00
        569    109.681     0.4249   2.779477    32.8303    26.3335 0.0000e+00
        570    110.219     0.4214   2.779298    32.8313    26.3346 0.0000e+00
        571    110.750     0.4185   2.779190    32.8327    26.3359 0.0000e+00
        572    111.272     0.4159   2.779023    32.8330    26.3362 0.0000e+00
        573    111.793     0.4131   2.778814    32.8330    26.3363 0.0000e+00
        574    112.315     0.4130   2.778743    32.8319    26.3354 0.0000e+00
        575    112.840     0.4245   2.779682    32.8315    26.3346 0.0000e+00
        576    113.365     0.4512   2.782319    32.8371    26.3377 0.0000e+00
        577    113.887     0.4849   2.785401    32.8410    26.3390 0.0000e+00
        578    114.407     0.5229   2.788500    32.8406    26.3366 0.0000e+00
        579    114.926     0.5676   2.792492    32.8446    26.3374 0.0000e+00
        580    115.443     0.6144   2.796886    32.8515    26.3404 0.0000e+00
        581    115.965     0.6620   2.801625    32.8620    26.3461 0.0000e+00
        582    116.499     0.7097   2.806742    32.8772    26.3557 0.0000e+00
        583    117.043     0.7489   2.810761    32.8872    26.3615 0.0000e+00
        584    117.586     0.7740   2.812930    32.8882    26.3609 0.0000e+00
        585    118.116     0.7901   2.814335    32.8890    26.3605 0.0000e+00
        586    118.634     0.8036   2.815778    32.8930    26.3630 0.0000e+00
        587    119.147     0.8158   2.817169    32.8977    26.3660 0.0000e+00
        588    119.659     0.8257   2.818368    32.9023    26.3692 0.0000e+00
        589    120.168     0.8331   2.819270    32.9058    26.3716 0.0000e+00
        590    120.665     0.8394   2.819910    32.9071    26.3722 0.0000e+00
        591    121.140     0.8455   2.820376    32.9064    26.3713 0.0000e+00
        592    121.586     0.8508   2.820671    32.9043    26.3693 0.0000e+00
        593    122.004     0.8546   2.820812    32.9018    26.3671 0.0000e+00
        594    122.409     0.8588   2.821332    32.9038    26.3685 0.0000e+00
        595    122.819     0.8648   2.822402    32.9110    26.3739 0.0000e+00
        596    123.242     0.8710   2.823224    32.9148    26.3766 0.0000e+00
        597    123.672     0.8761   2.823668    32.9149    26.3763 0.0000e+00
        598    124.113     0.8815   2.824362    32.9178    26.3784 0.0000e+00
        599    124.576     0.8904   2.825538    32.9232    26.3822 0.0000e+00
        600    125.060     0.9020   2.826829    32.9273    26.3847 0.0000e+00
        601    125.544     0.9105   2.827499    32.9266    26.3837 0.0000e+00
        602    126.006     0.9147   2.827600    32.9232    26.3807 0.0000e+00
        603    126.446     0.9188   2.827992    32.9236    26.3808 0.0000e+00
        604    126.877     0.9273   2.829110    32.9287    26.3844 0.0000e+00
        605    127.302     0.9409   2.830767    32.9354    26.3889 0.0000e+00
        606    127.714     0.9583   2.832505    32.9390    26.3908 0.0000e+00
        607    128.108     0.9797   2.834067    32.9362    26.3872 0.0000e+00
        608    128.480     1.0066   2.835897    32.9310    26.3814 0.0000e+00
        609    128.833     1.0440   2.839243    32.9341    26.3816 0.0000e+00
        610    129.175     1.1059   2.845387    32.9471    26.3882 0.0000e+00
        611    129.516     1.1877   2.851617    32.9401    26.3775 0.0000e+00
        612    129.854     1.2324   2.851380    32.8898    26.3342 0.0000e+00
        613    130.173     1.2057   2.848504    32.8811    26.3289 0.0000e+00
        614    130.468     1.2270   2.852409    32.9083    26.3494 0.0000e+00
        615    130.752     1.5108   2.876410    32.9145    26.3357 0.0000e+00
