Datasets/Test_Dataset_39219_tow/originals/tel219_2021_046.cnv
* Sea-Bird SBE19plus Data File:
* Filename = C:/AQUIRE/tel219_2021_046.hex
* Software Version AquireV2 AF V2.0
* Temperature SN =  4020
* Conductivity SN =  4020
* System UpLoad Time = May 12 2021 19:03:41
** VESSEL/TRIP/SEQ STN: tel219_2021_046
** LATITUDE: 45 30.58 N
** LONGITUDE: 55 58.00 W
** DATE/TIME: 2021-05-12 18:24
** SOUNDING DEPTH (M): 0050
** PROBE TYPE: S4020
** CTD NUMBER: 046
** FORMAT: T
** COMMENTS: 
# nquan = 7                                 
# nvalues = 2424                        
# units = specified
# name 0 = scan: Scan Count
# name 1 = prdM: Pressure, Strain Gauge [db]
# name 2 = tv290C: Temperature [ITS-90, deg C]
# name 3 = c0S/m: Conductivity [S/m]
# name 4 = sal00: Salinity, Practical [PSU]
# name 5 = sigma-t00: Density [sigma-t, kg/m^3 ]
# name 6 = flag: flag
# span 0 =          1,       2424       
# span 1 =     -0.239,     46.378       
# span 2 =     3.1257,     5.1799       
# span 3 =   0.004187,   3.024404       
# span 4 =     0.0309,    32.3759       
# span 5 =    -0.0105,    25.7295       
# span 6 = 0.0000e+00, 0.0000e+00       
# interval = seconds: 1
# start_time = May 12 2021 18:24:16 [Instrument's time stamp, header]
# bad_flag = -9.990e-29
*END*
[from data line 821]
        822     44.329     3.1330   2.955326    32.2752    25.6990 0.0000e+00
        823     44.456     3.1327   2.955317    32.2753    25.6991 0.0000e+00
        824     44.588     3.1322   2.955281    32.2753    25.6991 0.0000e+00
        825     44.716     3.1317   2.955235    32.2752    25.6991 0.0000e+00
        826     44.830     3.1313   2.955203    32.2751    25.6991 0.0000e+00
        827     44.935     3.1308   2.955176    32.2752    25.6992 0.0000e+00
        828     45.046     3.1304   2.955137    32.2751    25.6991 0.0000e+00
        829     45.168     3.1301   2.955113    32.2750    25.6991 0.0000e+00
        830     45.298     3.1299   2.955110    32.2751    25.6992 0.0000e+00
        831     45.421     3.1296   2.955092    32.2752    25.6993 0.0000e+00
        832     45.515     3.1291   2.955069    32.2753    25.6994 0.0000e+00
        833     45.571     3.1289   2.955056    32.2753    25.6995 0.0000e+00
        834     45.605     3.1292   2.955054    32.2750    25.6992 0.0000e+00
        835     45.640     3.1297   2.955090    32.2749    25.6991 0.0000e+00
        836     45.685     3.1302   2.955147    32.2751    25.6991 0.0000e+00
        837     45.734     3.1303   2.955157    32.2751    25.6991 0.0000e+00
        838     45.779     3.1300   2.955129    32.2750    25.6991 0.0000e+00
        839     45.818     3.1300   2.955116    32.2748    25.6990 0.0000e+00
        840     45.852     3.1304   2.955147    32.2748    25.6989 0.0000e+00
        841     45.878     3.1311   2.955205    32.2748    25.6988 0.0000e+00
        842     45.886     3.1315   2.955229    32.2747    25.6987 0.0000e+00
        843     45.870     3.1310   2.955197    32.2748    25.6988 0.0000e+00
        844     45.840     3.1302   2.955138    32.2749    25.6990 0.0000e+00
        845     45.817     3.1295   2.955092    32.2750    25.6992 0.0000e+00
        846     45.818     3.1293   2.955078    32.2751    25.6992 0.0000e+00
        847     45.840     3.1296   2.955093    32.2749    25.6991 0.0000e+00
        848     45.874     3.1301   2.955119    32.2747    25.6989 0.0000e+00
        849     45.913     3.1303   2.955127    32.2746    25.6988 0.0000e+00
        850     45.937     3.1300   2.955115    32.2748    25.6989 0.0000e+00
        851     45.919     3.1299   2.955119    32.2749    25.6990 0.0000e+00
        852     45.853     3.1298   2.955136    32.2753    25.6993 0.0000e+00
        853     45.761     3.1299   2.955149    32.2754    25.6994 0.0000e+00
        854     45.679     3.1300   2.955139    32.2752    25.6992 0.0000e+00
        855     45.646     3.1296   2.955087    32.2750    25.6991 0.0000e+00
        856     45.675     3.1291   2.955023    32.2747    25.6989 0.0000e+00
        857     45.741     3.1286   2.954991    32.2748    25.6990 0.0000e+00
        858     45.797     3.1287   2.955004    32.2748    25.6990 0.0000e+00
        859     45.806     3.1293   2.955047    32.2747    25.6989 0.0000e+00
        860     45.762     3.1303   2.955095    32.2743    25.6985 0.0000e+00
        861     45.695     3.1312   2.955142    32.2740    25.6982 0.0000e+00
        862     45.646     3.1322   2.955210    32.2739    25.6980 0.0000e+00
        863     45.643     3.1328   2.955275    32.2740    25.6981 0.0000e+00
        864     45.683     3.1330   2.955302    32.2742    25.6982 0.0000e+00
        865     45.727     3.1328   2.955296    32.2743    25.6983 0.0000e+00
        866     45.743     3.1327   2.955284    32.2742    25.6982 0.0000e+00
        867     45.724     3.1327   2.955287    32.2743    25.6983 0.0000e+00
        868     45.684     3.1328   2.955299    32.2743    25.6983 0.0000e+00
        869     45.653     3.1327   2.955297    32.2744    25.6984 0.0000e+00
        870     45.652     3.1326   2.955283    32.2743    25.6983 0.0000e+00
        871     45.683     3.1324   2.955269    32.2744    25.6984 0.0000e+00
        872     45.733     3.1323   2.955260    32.2743    25.6984 0.0000e+00
        873     45.773     3.1323   2.955266    32.2744    25.6984 0.0000e+00
        874     45.779     3.1323   2.955270    32.2744    25.6984 0.0000e+00
        875     45.751     3.1321   2.955258    32.2745    25.6985 0.0000e+00
        876     45.709     3.1319   2.955239    32.2745    25.6985 0.0000e+00
        877     45.673     3.1318   2.955225    32.2744    25.6985 0.0000e+00
        878     45.653     3.1319   2.955232    32.2744    25.6985 0.0000e+00
        879     45.646     3.1327   2.955281    32.2742    25.6982 0.0000e+00
        880     45.642     3.1335   2.955356    32.2743    25.6983 0.0000e+00
        881     45.644     3.1337   2.955375    32.2744    25.6983 0.0000e+00
        882     45.658     3.1334   2.955337    32.2742    25.6982 0.0000e+00
        883     45.679     3.1330   2.955308    32.2742    25.6982 0.0000e+00
        884     45.696     3.1326   2.955290    32.2744    25.6984 0.0000e+00
        885     45.702     3.1321   2.955259    32.2745    25.6985 0.0000e+00
        886     45.696     3.1319   2.955233    32.2744    25.6985 0.0000e+00
        887     45.673     3.1321   2.955246    32.2744    25.6984 0.0000e+00
        888     45.631     3.1325   2.955280    32.2744    25.6984 0.0000e+00
        889     45.582     3.1328   2.955296    32.2743    25.6983 0.0000e+00
        890     45.536     3.1331   2.955308    32.2742    25.6982 0.0000e+00
        891     45.501     3.1332   2.955319    32.2743    25.6982 0.0000e+00
        892     45.487     3.1333   2.955324    32.2742    25.6982 0.0000e+00
        893     45.496     3.1338   2.955366    32.2742    25.6981 0.0000e+00
        894     45.520     3.1347   2.955449    32.2743    25.6981 0.0000e+00
        895     45.546     3.1349   2.955481    32.2745    25.6983 0.0000e+00
        896     45.565     3.1341   2.955408    32.2744    25.6983 0.0000e+00
        897     45.572     3.1330   2.955312    32.2743    25.6983 0.0000e+00
        898     45.561     3.1323   2.955264    32.2745    25.6985 0.0000e+00
        899     45.538     3.1322   2.955258    32.2745    25.6985 0.0000e+00
        900     45.514     3.1323   2.955272    32.2746    25.6986 0.0000e+00
        901     45.497     3.1326   2.955285    32.2744    25.6984 0.0000e+00
        902     45.490     3.1324   2.955276    32.2745    25.6985 0.0000e+00
        903     45.487     3.1319   2.955243    32.2746    25.6986 0.0000e+00
        904     45.483     3.1314   2.955200    32.2746    25.6987 0.0000e+00
        905     45.472     3.1310   2.955174    32.2747    25.6988 0.0000e+00
        906     45.453     3.1308   2.955157    32.2747    25.6988 0.0000e+00
        907     45.437     3.1307   2.955149    32.2747    25.6988 0.0000e+00
        908     45.432     3.1309   2.955158    32.2746    25.6987 0.0000e+00
        909     45.442     3.1313   2.955175    32.2744    25.6985 0.0000e+00
        910     45.468     3.1315   2.955198    32.2745    25.6986 0.0000e+00
        911     45.499     3.1319   2.955227    32.2744    25.6985 0.0000e+00
        912     45.515     3.1322   2.955249    32.2744    25.6984 0.0000e+00
        913     45.502     3.1320   2.955246    32.2746    25.6986 0.0000e+00
        914     45.473     3.1315   2.955202    32.2746    25.6986 0.0000e+00
        915     45.453     3.1311   2.955155    32.2744    25.6985 0.0000e+00
        916     45.457     3.1315   2.955185    32.2744    25.6985 0.0000e+00
        917     45.475     3.1326   2.955281    32.2744    25.6984 0.0000e+00
        918     45.488     3.1335   2.955354    32.2744    25.6983 0.0000e+00
        919     45.487     3.1338   2.955363    32.2742    25.6981 0.0000e+00
        920     45.473     3.1334   2.955340    32.2743    25.6983 0.0000e+00
        921     45.452     3.1330   2.955315    32.2744    25.6984 0.0000e+00
        922     45.433     3.1328   2.955295    32.2744    25.6984 0.0000e+00
        923     45.416     3.1327   2.955290    32.2744    25.6984 0.0000e+00
        924     45.398     3.1326   2.955287    32.2745    25.6985 0.0000e+00
        925     45.381     3.1325   2.955273    32.2745    25.6984 0.0000e+00
        926     45.367     3.1321   2.955252    32.2746    25.6986 0.0000e+00
        927     45.358     3.1317   2.955228    32.2747    25.6987 0.0000e+00
        928     45.350     3.1313   2.955199    32.2748    25.6988 0.0000e+00
        929     45.345     3.1309   2.955166    32.2748    25.6988 0.0000e+00
        930     45.351     3.1305   2.955126    32.2747    25.6988 0.0000e+00
        931     45.363     3.1302   2.955090    32.2746    25.6987 0.0000e+00
        932     45.367     3.1300   2.955072    32.2745    25.6987 0.0000e+00
        933     45.350     3.1302   2.955079    32.2744    25.6986 0.0000e+00
        934     45.310     3.1306   2.955110    32.2744    25.6986 0.0000e+00
        935     45.257     3.1307   2.955116    32.2744    25.6986 0.0000e+00
        936     45.213     3.1303   2.955072    32.2743    25.6985 0.0000e+00
        937     45.193     3.1303   2.955058    32.2742    25.6984 0.0000e+00
        938     45.200     3.1307   2.955099    32.2743    25.6984 0.0000e+00
        939     45.224     3.1309   2.955128    32.2744    25.6985 0.0000e+00
        940     45.250     3.1307   2.955114    32.2744    25.6986 0.0000e+00
        941     45.266     3.1305   2.955084    32.2742    25.6984 0.0000e+00
        942     45.268     3.1304   2.955068    32.2741    25.6984 0.0000e+00
        943     45.262     3.1303   2.955075    32.2743    25.6985 0.0000e+00
        944     45.255     3.1304   2.955085    32.2744    25.6985 0.0000e+00
        945     45.255     3.1304   2.955092    32.2744    25.6986 0.0000e+00
        946     45.271     3.1305   2.955095    32.2744    25.6985 0.0000e+00
        947     45.306     3.1305   2.955089    32.2743    25.6985 0.0000e+00
        948     45.342     3.1305   2.955086    32.2742    25.6984 0.0000e+00
        949     45.352     3.1308   2.955095    32.2740    25.6983 0.0000e+00
        950     45.324     3.1318   2.955155    32.2738    25.6980 0.0000e+00
        951     45.269     3.1331   2.955277    32.2740    25.6980 0.0000e+00
        952     45.213     3.1334   2.955319    32.2742    25.6982 0.0000e+00
        953     45.181     3.1324   2.955217    32.2740    25.6981 0.0000e+00
        954     45.181     3.1311   2.955111    32.2740    25.6982 0.0000e+00
        955     45.206     3.1305   2.955072    32.2741    25.6984 0.0000e+00
        956     45.243     3.1302   2.955064    32.2743    25.6985 0.0000e+00
        957     45.274     3.1301   2.955067    32.2744    25.6986 0.0000e+00
        958     45.286     3.1303   2.955074    32.2743    25.6985 0.0000e+00
        959     45.280     3.1304   2.955085    32.2743    25.6985 0.0000e+00
        960     45.263     3.1304   2.955085    32.2744    25.6985 0.0000e+00
        961     45.236     3.1304   2.955081    32.2743    25.6985 0.0000e+00
        962     45.200     3.1305   2.955088    32.2743    25.6985 0.0000e+00
        963     45.167     3.1311   2.955121    32.2741    25.6983 0.0000e+00
        964     45.155     3.1322   2.955190    32.2739    25.6980 0.0000e+00
        965     45.177     3.1333   2.955281    32.2739    25.6979 0.0000e+00
        966     45.230     3.1338   2.955329    32.2739    25.6979 0.0000e+00
        967     45.288     3.1336   2.955312    32.2739    25.6979 0.0000e+00
        968     45.323     3.1331   2.955284    32.2740    25.6980 0.0000e+00
        969     45.315     3.1327   2.955262    32.2742    25.6982 0.0000e+00
        970     45.259     3.1323   2.955233    32.2742    25.6983 0.0000e+00
        971     45.166     3.1321   2.955204    32.2741    25.6982 0.0000e+00
        972     45.064     3.1317   2.955169    32.2742    25.6983 0.0000e+00
        973     44.986     3.1312   2.955128    32.2742    25.6984 0.0000e+00
        974     44.961     3.1311   2.955116    32.2742    25.6984 0.0000e+00
        975     44.998     3.1315   2.955146    32.2741    25.6983 0.0000e+00
        976     45.074     3.1320   2.955190    32.2741    25.6982 0.0000e+00
        977     45.155     3.1323   2.955216    32.2741    25.6982 0.0000e+00
        978     45.211     3.1323   2.955222    32.2741    25.6982 0.0000e+00
        979     45.229     3.1323   2.955216    32.2741    25.6981 0.0000e+00
        980     45.207     3.1325   2.955219    32.2739    25.6980 0.0000e+00
        981     45.154     3.1327   2.955242    32.2740    25.6981 0.0000e+00
        982     45.091     3.1331   2.955275    32.2740    25.6981 0.0000e+00
        983     45.036     3.1338   2.955311    32.2738    25.6978 0.0000e+00
        984     44.999     3.1345   2.955355    32.2737    25.6976 0.0000e+00
        985     44.978     3.1352   2.955395    32.2734    25.6974 0.0000e+00
        986     44.967     3.1356   2.955408    32.2732    25.6972 0.0000e+00
        987     44.966     3.1359   2.955427    32.2731    25.6971 0.0000e+00
        988     44.982     3.1363   2.955472    32.2733    25.6972 0.0000e+00
        989     45.021     3.1365   2.955499    32.2734    25.6972 0.0000e+00
        990     45.079     3.1367   2.955518    32.2734    25.6972 0.0000e+00
        991     45.133     3.1372   2.955563    32.2734    25.6972 0.0000e+00
        992     45.147     3.1375   2.955584    32.2733    25.6971 0.0000e+00
        993     45.108     3.1369   2.955555    32.2736    25.6974 0.0000e+00
        994     45.033     3.1354   2.955459    32.2740    25.6978 0.0000e+00
        995     44.954     3.1334   2.955299    32.2741    25.6981 0.0000e+00
        996     44.901     3.1320   2.955178    32.2741    25.6982 0.0000e+00
        997     44.882     3.1313   2.955143    32.2744    25.6985 0.0000e+00
        998     44.878     3.1311   2.955135    32.2745    25.6986 0.0000e+00
        999     44.867     3.1310   2.955129    32.2745    25.6986 0.0000e+00
       1000     44.840     3.1309   2.955128    32.2746    25.6987 0.0000e+00
       1001     44.810     3.1308   2.955124    32.2747    25.6988 0.0000e+00
       1002     44.793     3.1307   2.955111    32.2746    25.6987 0.0000e+00
       1003     44.796     3.1304   2.955087    32.2746    25.6988 0.0000e+00
       1004     44.814     3.1302   2.955063    32.2745    25.6987 0.0000e+00
       1005     44.836     3.1300   2.955053    32.2746    25.6988 0.0000e+00
       1006     44.852     3.1300   2.955043    32.2745    25.6987 0.0000e+00
       1007     44.852     3.1298   2.955027    32.2745    25.6987 0.0000e+00
       1008     44.832     3.1296   2.955013    32.2745    25.6987 0.0000e+00
       1009     44.798     3.1296   2.955002    32.2744    25.6986 0.0000e+00
       1010     44.761     3.1298   2.955007    32.2743    25.6985 0.0000e+00
       1011     44.732     3.1300   2.955027    32.2743    25.6986 0.0000e+00
       1012     44.716     3.1304   2.955053    32.2743    25.6985 0.0000e+00
       1013     44.705     3.1305   2.955068    32.2743    25.6985 0.0000e+00
       1014     44.694     3.1304   2.955064    32.2744    25.6986 0.0000e+00
       1015     44.690     3.1305   2.955054    32.2742    25.6984 0.0000e+00
       1016     44.701     3.1311   2.955091    32.2740    25.6982 0.0000e+00
       1017     44.725     3.1321   2.955180    32.2741    25.6982 0.0000e+00
       1018     44.747     3.1327   2.955233    32.2741    25.6982 0.0000e+00
       1019     44.751     3.1327   2.955230    32.2741    25.6981 0.0000e+00
       1020     44.732     3.1322   2.955189    32.2741    25.6982 0.0000e+00
       1021     44.703     3.1312   2.955111    32.2742    25.6983 0.0000e+00
       1022     44.677     3.1305   2.955043    32.2741    25.6983 0.0000e+00
       1023     44.657     3.1302   2.955023    32.2741    25.6984 0.0000e+00
       1024     44.639     3.1300   2.955020    32.2743    25.6985 0.0000e+00
       1025     44.612     3.1300   2.955008    32.2742    25.6984 0.0000e+00
