Datasets/Test_Dataset_39219_tow/originals/tel219_2021_019.cnv
* Sea-Bird SBE19plus Data File:
* Filename = C:/AQUIRE/tel219_2021_019.hex
* Software Version AquireV2 AF V2.0
* Temperature SN =  4020
* Conductivity SN =  4020
* System UpLoad Time = May 07 2021 21:37:25
** VESSEL/TRIP/SEQ STN: tel219_2021_019
** LATITUDE: 47 01.02 N
** LONGITUDE: 56 42.79 W
** DATE/TIME: 2021-05-07 20:55
** SOUNDING DEPTH (M): 0146
** PROBE TYPE: S4020
** CTD NUMBER:  19
** FORMAT: t
** COMMENTS: 
# nquan = 7                                 
# nvalues = 2584                        
# units = specified
# name 0 = scan: Scan Count
# name 1 = prdM: Pressure, Strain Gauge [db]
# name 2 = tv290C: Temperature [ITS-90, deg C]
# name 3 = c0S/m: Conductivity [S/m]
# name 4 = sal00: Salinity, Practical [PSU]
# name 5 = sigma-t00: Density [sigma-t, kg/m^3 ]
# name 6 = flag: flag
# span 0 =          1,       2584       
# span 1 =     -0.102,    143.473       
# span 2 =     1.4538,     4.2111       
# span 3 =   0.006942,   2.959630       
# span 4 =     0.0525,    32.4182       
# span 5 =     0.0170,    25.8929       
# span 6 = 0.0000e+00, 0.0000e+00       
# interval = seconds: 1
# start_time = May 07 2021 20:55:07 [Instrument's time stamp, header]
# bad_flag = -9.990e-29
*END*
[from data line 616]
        617      2.028     3.2850   2.940011    31.9619    25.4360 0.0000e+00
        618      2.284     3.2847   2.940054    31.9626    25.4366 0.0000e+00
        619      2.540     3.2846   2.940101    31.9631    25.4370 0.0000e+00
        620      2.742     3.2845   2.940130    31.9635    25.4373 0.0000e+00
        621      2.929     3.2846   2.940156    31.9636    25.4374 0.0000e+00
        622      3.148     3.2846   2.940185    31.9638    25.4376 0.0000e+00
        623      3.402     3.2845   2.940194    31.9639    25.4376 0.0000e+00
        624      3.701     3.2843   2.940193    31.9639    25.4377 0.0000e+00
        625      4.068     3.2843   2.940205    31.9639    25.4376 0.0000e+00
        626      4.463     3.2845   2.940228    31.9638    25.4375 0.0000e+00
        627      4.793     3.2847   2.940260    31.9638    25.4375 0.0000e+00
        628      5.003     3.2845   2.940281    31.9641    25.4378 0.0000e+00
        629      5.112     3.2837   2.940236    31.9643    25.4380 0.0000e+00
        630      5.184     3.2829   2.940157    31.9641    25.4379 0.0000e+00
        631      5.279     3.2824   2.940122    31.9641    25.4380 0.0000e+00
        632      5.449     3.2820   2.940085    31.9640    25.4379 0.0000e+00
        633      5.740     3.2816   2.940066    31.9640    25.4380 0.0000e+00
        634      6.109     3.2817   2.940129    31.9645    25.4383 0.0000e+00
        635      6.456     3.2821   2.940194    31.9647    25.4385 0.0000e+00
        636      6.707     3.2820   2.940201    31.9647    25.4385 0.0000e+00
        637      6.816     3.2812   2.940135    31.9647    25.4385 0.0000e+00
        638      6.820     3.2801   2.940028    31.9645    25.4385 0.0000e+00
        639      6.826     3.2790   2.939935    31.9644    25.4385 0.0000e+00
        640      6.913     3.2786   2.939906    31.9644    25.4386 0.0000e+00
        641      7.099     3.2792   2.939988    31.9647    25.4388 0.0000e+00
        642      7.362     3.2802   2.940103    31.9650    25.4389 0.0000e+00
        643      7.682     3.2807   2.940139    31.9648    25.4386 0.0000e+00
        644      8.058     3.2805   2.940130    31.9647    25.4386 0.0000e+00
        645      8.449     3.2805   2.940149    31.9647    25.4386 0.0000e+00
        646      8.743     3.2805   2.940177    31.9649    25.4387 0.0000e+00
        647      8.883     3.2803   2.940168    31.9649    25.4388 0.0000e+00
        648      8.963     3.2797   2.940115    31.9648    25.4388 0.0000e+00
        649      9.086     3.2784   2.940010    31.9648    25.4388 0.0000e+00
        650      9.269     3.2771   2.939912    31.9648    25.4390 0.0000e+00
        651      9.499     3.2760   2.939847    31.9650    25.4392 0.0000e+00
        652      9.780     3.2757   2.939835    31.9650    25.4392 0.0000e+00
        653     10.088     3.2762   2.939906    31.9652    25.4394 0.0000e+00
        654     10.365     3.2758   2.939903    31.9654    25.4396 0.0000e+00
        655     10.613     3.2739   2.939742    31.9652    25.4396 0.0000e+00
        656     10.872     3.2719   2.939582    31.9651    25.4397 0.0000e+00
        657     11.150     3.2712   2.939543    31.9652    25.4398 0.0000e+00
        658     11.439     3.2714   2.939588    31.9654    25.4400 0.0000e+00
        659     11.746     3.2717   2.939642    31.9656    25.4401 0.0000e+00
        660     12.066     3.2716   2.939643    31.9655    25.4400 0.0000e+00
        661     12.396     3.2710   2.939603    31.9655    25.4400 0.0000e+00
        662     12.744     3.2703   2.939556    31.9654    25.4401 0.0000e+00
        663     13.108     3.2702   2.939552    31.9653    25.4400 0.0000e+00
        664     13.479     3.2703   2.939597    31.9655    25.4402 0.0000e+00
        665     13.858     3.2707   2.939646    31.9655    25.4401 0.0000e+00
        666     14.250     3.2717   2.939740    31.9654    25.4400 0.0000e+00
        667     14.651     3.2736   2.939912    31.9654    25.4398 0.0000e+00
        668     15.056     3.2755   2.940083    31.9654    25.4396 0.0000e+00
        669     15.465     3.2769   2.940217    31.9654    25.4395 0.0000e+00
        670     15.880     3.2778   2.940314    31.9655    25.4395 0.0000e+00
        671     16.302     3.2774   2.940300    31.9655    25.4395 0.0000e+00
        672     16.735     3.2755   2.940150    31.9653    25.4395 0.0000e+00
        673     17.177     3.2732   2.939974    31.9652    25.4397 0.0000e+00
        674     17.624     3.2717   2.939882    31.9654    25.4399 0.0000e+00
        675     18.072     3.2717   2.939914    31.9655    25.4401 0.0000e+00
        676     18.516     3.2725   2.940010    31.9657    25.4401 0.0000e+00
        677     18.952     3.2722   2.940019    31.9658    25.4403 0.0000e+00
        678     19.383     3.2706   2.939908    31.9659    25.4404 0.0000e+00
        679     19.816     3.2689   2.939797    31.9660    25.4407 0.0000e+00
        680     20.255     3.2674   2.939699    31.9661    25.4408 0.0000e+00
        681     20.702     3.2661   2.939591    31.9658    25.4408 0.0000e+00
        682     21.152     3.2642   2.939463    31.9659    25.4410 0.0000e+00
        683     21.603     3.2607   2.939196    31.9659    25.4413 0.0000e+00
        684     22.056     3.2565   2.938866    31.9659    25.4417 0.0000e+00
        685     22.514     3.2532   2.938643    31.9662    25.4422 0.0000e+00
        686     22.978     3.2512   2.938502    31.9663    25.4424 0.0000e+00
        687     23.446     3.2504   2.938476    31.9665    25.4427 0.0000e+00
        688     23.917     3.2497   2.938474    31.9669    25.4431 0.0000e+00
        689     24.398     3.2481   2.938358    31.9669    25.4432 0.0000e+00
        690     24.886     3.2455   2.938153    31.9667    25.4433 0.0000e+00
        691     25.372     3.2432   2.937977    31.9666    25.4434 0.0000e+00
        692     25.853     3.2417   2.937913    31.9671    25.4439 0.0000e+00
        693     26.336     3.2403   2.937835    31.9673    25.4442 0.0000e+00
        694     26.823     3.2378   2.937625    31.9670    25.4442 0.0000e+00
        695     27.312     3.2348   2.937411    31.9671    25.4445 0.0000e+00
        696     27.805     3.2321   2.937246    31.9676    25.4451 0.0000e+00
        697     28.301     3.2286   2.936980    31.9676    25.4454 0.0000e+00
        698     28.801     3.2234   2.936582    31.9677    25.4460 0.0000e+00
        699     29.313     3.2168   2.936101    31.9681    25.4469 0.0000e+00
        700     29.840     3.2087   2.935476    31.9684    25.4478 0.0000e+00
        701     30.370     3.2007   2.934862    31.9686    25.4487 0.0000e+00
        702     30.892     3.1942   2.934414    31.9694    25.4499 0.0000e+00
        703     31.410     3.1883   2.933961    31.9695    25.4505 0.0000e+00
        704     31.927     3.1832   2.933563    31.9695    25.4509 0.0000e+00
        705     32.443     3.1803   2.933404    31.9702    25.4517 0.0000e+00
        706     32.960     3.1788   2.933351    31.9708    25.4523 0.0000e+00
        707     33.475     3.1763   2.933180    31.9709    25.4526 0.0000e+00
        708     33.992     3.1725   2.932890    31.9709    25.4530 0.0000e+00
        709     34.516     3.1687   2.932635    31.9713    25.4536 0.0000e+00
        710     35.046     3.1654   2.932420    31.9717    25.4542 0.0000e+00
        711     35.577     3.1627   2.932227    31.9718    25.4545 0.0000e+00
        712     36.105     3.1605   2.932100    31.9722    25.4550 0.0000e+00
        713     36.627     3.1584   2.931985    31.9726    25.4555 0.0000e+00
        714     37.145     3.1561   2.931820    31.9726    25.4557 0.0000e+00
        715     37.666     3.1537   2.931659    31.9728    25.4561 0.0000e+00
        716     38.190     3.1518   2.931537    31.9729    25.4564 0.0000e+00
        717     38.711     3.1502   2.931434    31.9730    25.4565 0.0000e+00
        718     39.230     3.1486   2.931331    31.9731    25.4567 0.0000e+00
        719     39.752     3.1471   2.931228    31.9730    25.4568 0.0000e+00
        720     40.278     3.1458   2.931158    31.9732    25.4571 0.0000e+00
        721     40.807     3.1448   2.931114    31.9734    25.4573 0.0000e+00
        722     41.338     3.1441   2.931072    31.9733    25.4573 0.0000e+00
        723     41.867     3.1433   2.931034    31.9734    25.4574 0.0000e+00
        724     42.395     3.1419   2.930945    31.9734    25.4576 0.0000e+00
        725     42.923     3.1395   2.930751    31.9732    25.4576 0.0000e+00
        726     43.455     3.1365   2.930526    31.9731    25.4578 0.0000e+00
        727     43.990     3.1338   2.930330    31.9732    25.4581 0.0000e+00
        728     44.526     3.1312   2.930127    31.9730    25.4582 0.0000e+00
        729     45.059     3.1280   2.929868    31.9728    25.4583 0.0000e+00
        730     45.587     3.1246   2.929626    31.9730    25.4587 0.0000e+00
        731     46.109     3.1222   2.929488    31.9734    25.4593 0.0000e+00
        732     46.634     3.1202   2.929376    31.9738    25.4597 0.0000e+00
        733     47.170     3.1176   2.929189    31.9738    25.4600 0.0000e+00
        734     47.715     3.1134   2.928867    31.9738    25.4604 0.0000e+00
        735     48.268     3.1082   2.928441    31.9735    25.4606 0.0000e+00
        736     48.822     3.1037   2.928094    31.9735    25.4610 0.0000e+00
        737     49.367     3.1007   2.927922    31.9741    25.4617 0.0000e+00
        738     49.905     3.0986   2.927821    31.9747    25.4623 0.0000e+00
        739     50.447     3.0954   2.927585    31.9748    25.4627 0.0000e+00
        740     50.998     3.0901   2.927132    31.9743    25.4627 0.0000e+00
        741     51.552     3.0837   2.926623    31.9742    25.4632 0.0000e+00
        742     52.105     3.0778   2.926203    31.9747    25.4641 0.0000e+00
        743     52.651     3.0715   2.925777    31.9755    25.4653 0.0000e+00
        744     53.188     3.0630   2.925171    31.9763    25.4667 0.0000e+00
        745     53.721     3.0531   2.924402    31.9766    25.4677 0.0000e+00
        746     54.252     3.0440   2.923692    31.9768    25.4686 0.0000e+00
        747     54.786     3.0371   2.923192    31.9773    25.4696 0.0000e+00
        748     55.327     3.0320   2.922855    31.9780    25.4706 0.0000e+00
        749     55.870     3.0273   2.922523    31.9784    25.4713 0.0000e+00
        750     56.416     3.0216   2.922089    31.9785    25.4719 0.0000e+00
        751     56.968     3.0139   2.921559    31.9794    25.4733 0.0000e+00
        752     57.525     3.0035   2.920840    31.9808    25.4753 0.0000e+00
        753     58.082     2.9905   2.919897    31.9820    25.4773 0.0000e+00
        754     58.637     2.9716   2.918691    31.9859    25.4820 0.0000e+00
        755     59.192     2.9335   2.915906    31.9898    25.4883 0.0000e+00
        756     59.748     2.8711   2.910787    31.9895    25.4932 0.0000e+00
        757     60.307     2.8007   2.905268    31.9923    25.5013 0.0000e+00
        758     60.872     2.7390   2.900783    31.9989    25.5116 0.0000e+00
        759     61.438     2.6889   2.897314    32.0064    25.5216 0.0000e+00
        760     62.001     2.6434   2.894254    32.0142    25.5315 0.0000e+00
        761     62.560     2.5922   2.890474    32.0190    25.5393 0.0000e+00
        762     63.124     2.5384   2.886292    32.0214    25.5455 0.0000e+00
        763     63.698     2.4961   2.883099    32.0244    25.5512 0.0000e+00
        764     64.281     2.4691   2.881147    32.0272    25.5556 0.0000e+00
        765     64.863     2.4518   2.879905    32.0290    25.5583 0.0000e+00
        766     65.440     2.4403   2.879196    32.0315    25.5613 0.0000e+00
        767     66.013     2.4295   2.878717    32.0362    25.5658 0.0000e+00
        768     66.585     2.4043   2.877134    32.0418    25.5722 0.0000e+00
        769     67.156     2.3534   2.873272    32.0451    25.5788 0.0000e+00
        770     67.724     2.2912   2.868597    32.0498    25.5873 0.0000e+00
        771     68.289     2.2415   2.865219    32.0580    25.5975 0.0000e+00
        772     68.852     2.2089   2.863154    32.0650    25.6056 0.0000e+00
        773     69.414     2.1841   2.861564    32.0701    25.6114 0.0000e+00
        774     69.981     2.1602   2.859917    32.0736    25.6160 0.0000e+00
        775     70.553     2.1379   2.858391    32.0769    25.6203 0.0000e+00
        776     71.123     2.1204   2.857303    32.0808    25.6247 0.0000e+00
        777     71.687     2.1075   2.856517    32.0838    25.6280 0.0000e+00
        778     72.247     2.0955   2.855689    32.0854    25.6302 0.0000e+00
        779     72.808     2.0819   2.854726    32.0869    25.6324 0.0000e+00
        780     73.369     2.0661   2.853675    32.0895    25.6356 0.0000e+00
        781     73.929     2.0456   2.852374    32.0938    25.6406 0.0000e+00
        782     74.490     2.0138   2.850310    32.1001    25.6479 0.0000e+00
        783     75.052     1.9674   2.846908    32.1046    25.6548 0.0000e+00
        784     75.614     1.9173   2.843179    32.1087    25.6616 0.0000e+00
        785     76.176     1.8730   2.840125    32.1153    25.6701 0.0000e+00
        786     76.743     1.8257   2.836728    32.1207    25.6777 0.0000e+00
        787     77.320     1.7757   2.832955    32.1241    25.6839 0.0000e+00
        788     77.901     1.7387   2.830326    32.1286    25.6900 0.0000e+00
        789     78.472     1.7206   2.829259    32.1334    25.6950 0.0000e+00
        790     79.029     1.7143   2.829032    32.1366    25.6981 0.0000e+00
        791     79.587     1.7119   2.828928    32.1375    25.6989 0.0000e+00
        792     80.156     1.7098   2.828713    32.1366    25.6984 0.0000e+00
        793     80.729     1.7058   2.828454    32.1371    25.6991 0.0000e+00
        794     81.299     1.6987   2.828138    32.1401    25.7019 0.0000e+00
        795     81.867     1.6902   2.827796    32.1442    25.7058 0.0000e+00
        796     82.433     1.6822   2.827450    32.1477    25.7091 0.0000e+00
        797     82.999     1.6729   2.826951    32.1506    25.7121 0.0000e+00
        798     83.570     1.6604   2.826104    32.1524    25.7144 0.0000e+00
        799     84.150     1.6448   2.824886    32.1528    25.7157 0.0000e+00
        800     84.736     1.6291   2.823670    32.1532    25.7171 0.0000e+00
        801     85.323     1.6153   2.822654    32.1542    25.7189 0.0000e+00
        802     85.905     1.6029   2.821726    32.1549    25.7203 0.0000e+00
        803     86.483     1.5894   2.820708    32.1556    25.7217 0.0000e+00
        804     87.062     1.5722   2.819323    32.1555    25.7227 0.0000e+00
        805     87.641     1.5528   2.817802    32.1559    25.7243 0.0000e+00
        806     88.225     1.5361   2.816654    32.1582    25.7273 0.0000e+00
        807     88.812     1.5250   2.815933    32.1601    25.7296 0.0000e+00
        808     89.399     1.5177   2.815383    32.1604    25.7303 0.0000e+00
        809     89.989     1.5113   2.814818    32.1595    25.7300 0.0000e+00
        810     90.588     1.5048   2.814295    32.1592    25.7302 0.0000e+00
        811     91.194     1.4991   2.813920    32.1600    25.7312 0.0000e+00
        812     91.803     1.4941   2.813613    32.1609    25.7322 0.0000e+00
        813     92.410     1.4896   2.813298    32.1612    25.7328 0.0000e+00
        814     93.012     1.4857   2.813063    32.1619    25.7336 0.0000e+00
        815     93.611     1.4825   2.812924    32.1631    25.7348 0.0000e+00
        816     94.210     1.4796   2.812771    32.1638    25.7355 0.0000e+00
        817     94.820     1.4764   2.812516    32.1635    25.7355 0.0000e+00
        818     95.441     1.4724   2.812147    32.1627    25.7350 0.0000e+00
        819     96.066     1.4677   2.811802    32.1628    25.7355 0.0000e+00
        820     96.691     1.4633   2.811521    32.1634    25.7362 0.0000e+00
