Datasets/Test_Dataset_39219_tow/originals/tel219_2021_015.cnv
* Sea-Bird SBE19plus Data File:
* Filename = C:/AQUIRE/tel219_2021_015.hex
* Software Version AquireV2 AF V2.0
* Temperature SN =  4020
* Conductivity SN =  4020
* System UpLoad Time = May 07 2021 12:03:26
** VESSEL/TRIP/SEQ STN: tel219_2021_015
** LATITUDE: 46 29.99 N
** LONGITUDE: 56 28.87 W
** DATE/TIME: 2021-05-07 11:23
** SOUNDING DEPTH (M): 0058
** PROBE TYPE: S4020
** CTD NUMBER:  15
** FORMAT: T
** COMMENTS: 
# nquan = 7                                 
# nvalues = 2440                        
# units = specified
# name 0 = scan: Scan Count
# name 1 = prdM: Pressure, Strain Gauge [db]
# name 2 = tv290C: Temperature [ITS-90, deg C]
# name 3 = c0S/m: Conductivity [S/m]
# name 4 = sal00: Salinity, Practical [PSU]
# name 5 = sigma-t00: Density [sigma-t, kg/m^3 ]
# name 6 = flag: flag
# span 0 =          1,       2440       
# span 1 =     -0.166,     55.370       
# span 2 =     2.4451,     4.1311       
# span 3 =   0.005456,   2.939414       
# span 4 =     0.0410,    32.0550       
# span 5 =     0.0079,    25.5708       
# span 6 = 0.0000e+00, 0.0000e+00       
# interval = seconds: 1
# start_time = May 07 2021 11:23:10 [Instrument's time stamp, header]
# bad_flag = -9.990e-29
*END*
[from data line 1436]
       1437     53.286     2.7277   2.900438    32.0100    25.5214 0.0000e+00
       1438     53.300     2.7355   2.901040    32.0096    25.5204 0.0000e+00
       1439     53.313     2.7384   2.901358    32.0105    25.5209 0.0000e+00
       1440     53.332     2.7312   2.900964    32.0129    25.5234 0.0000e+00
       1441     53.358     2.7098   2.899436    32.0157    25.5273 0.0000e+00
       1442     53.382     2.6767   2.897119    32.0205    25.5338 0.0000e+00
       1443     53.382     2.6368   2.894340    32.0265    25.5418 0.0000e+00
       1444     53.361     2.5933   2.890937    32.0284    25.5468 0.0000e+00
       1445     53.350     2.5539   2.887669    32.0279    25.5495 0.0000e+00
       1446     53.357     2.5288   2.885986    32.0325    25.5551 0.0000e+00
       1447     53.362     2.5180   2.885639    32.0390    25.5612 0.0000e+00
       1448     53.346     2.5158   2.885580    32.0405    25.5626 0.0000e+00
       1449     53.319     2.5168   2.885501    32.0386    25.5609 0.0000e+00
       1450     53.315     2.5134   2.885069    32.0367    25.5597 0.0000e+00
       1451     53.343     2.5032   2.884222    32.0365    25.5604 0.0000e+00
       1452     53.374     2.4931   2.883489    32.0377    25.5620 0.0000e+00
       1453     53.391     2.4894   2.883273    32.0387    25.5632 0.0000e+00
       1454     53.407     2.4926   2.883497    32.0382    25.5626 0.0000e+00
       1455     53.431     2.4986   2.883907    32.0372    25.5613 0.0000e+00
       1456     53.454     2.5024   2.884162    32.0365    25.5604 0.0000e+00
       1457     53.474     2.5023   2.884053    32.0353    25.5594 0.0000e+00
       1458     53.497     2.5026   2.883984    32.0341    25.5585 0.0000e+00
       1459     53.519     2.5052   2.884261    32.0349    25.5589 0.0000e+00
       1460     53.529     2.5050   2.884334    32.0360    25.5598 0.0000e+00
       1461     53.531     2.5012   2.883923    32.0348    25.5591 0.0000e+00
       1462     53.541     2.4981   2.883683    32.0349    25.5595 0.0000e+00
       1463     53.567     2.4954   2.883554    32.0361    25.5606 0.0000e+00
       1464     53.600     2.4918   2.883200    32.0353    25.5603 0.0000e+00
       1465     53.630     2.4901   2.883070    32.0354    25.5605 0.0000e+00
       1466     53.655     2.4895   2.883053    32.0358    25.5608 0.0000e+00
       1467     53.677     2.4881   2.882885    32.0351    25.5604 0.0000e+00
       1468     53.705     2.4873   2.882793    32.0348    25.5602 0.0000e+00
       1469     53.734     2.4876   2.882826    32.0349    25.5602 0.0000e+00
       1470     53.751     2.4874   2.882806    32.0348    25.5602 0.0000e+00
       1471     53.751     2.4852   2.882622    32.0348    25.5603 0.0000e+00
       1472     53.740     2.4828   2.882435    32.0349    25.5606 0.0000e+00
       1473     53.730     2.4816   2.882353    32.0351    25.5609 0.0000e+00
       1474     53.731     2.4802   2.882248    32.0352    25.5611 0.0000e+00
       1475     53.743     2.4783   2.882097    32.0352    25.5613 0.0000e+00
       1476     53.760     2.4779   2.882049    32.0351    25.5611 0.0000e+00
       1477     53.784     2.4792   2.882149    32.0350    25.5610 0.0000e+00
       1478     53.815     2.4799   2.882210    32.0350    25.5609 0.0000e+00
       1479     53.831     2.4787   2.882112    32.0350    25.5610 0.0000e+00
       1480     53.818     2.4771   2.882004    32.0353    25.5614 0.0000e+00
       1481     53.783     2.4766   2.881963    32.0353    25.5614 0.0000e+00
       1482     53.753     2.4766   2.881918    32.0348    25.5610 0.0000e+00
       1483     53.754     2.4756   2.881811    32.0344    25.5608 0.0000e+00
       1484     53.776     2.4735   2.881629    32.0343    25.5609 0.0000e+00
       1485     53.790     2.4714   2.881527    32.0352    25.5617 0.0000e+00
       1486     53.782     2.4711   2.881550    32.0357    25.5622 0.0000e+00
       1487     53.762     2.4722   2.881597    32.0352    25.5617 0.0000e+00
       1488     53.754     2.4738   2.881657    32.0344    25.5609 0.0000e+00
       1489     53.765     2.4758   2.881794    32.0340    25.5605 0.0000e+00
       1490     53.777     2.4774   2.881944    32.0343    25.5605 0.0000e+00
       1491     53.778     2.4768   2.881879    32.0341    25.5604 0.0000e+00
       1492     53.779     2.4745   2.881656    32.0336    25.5603 0.0000e+00
       1493     53.788     2.4730   2.881539    32.0337    25.5604 0.0000e+00
       1494     53.798     2.4730   2.881590    32.0343    25.5609 0.0000e+00
       1495     53.802     2.4737   2.881665    32.0345    25.5611 0.0000e+00
       1496     53.796     2.4737   2.881651    32.0344    25.5609 0.0000e+00
       1497     53.790     2.4729   2.881574    32.0342    25.5609 0.0000e+00
       1498     53.796     2.4718   2.881481    32.0342    25.5609 0.0000e+00
       1499     53.811     2.4710   2.881412    32.0341    25.5609 0.0000e+00
       1500     53.824     2.4709   2.881413    32.0342    25.5610 0.0000e+00
       1501     53.827     2.4713   2.881461    32.0344    25.5612 0.0000e+00
       1502     53.819     2.4715   2.881468    32.0343    25.5610 0.0000e+00
       1503     53.811     2.4712   2.881421    32.0340    25.5609 0.0000e+00
       1504     53.818     2.4704   2.881356    32.0340    25.5609 0.0000e+00
       1505     53.834     2.4691   2.881265    32.0342    25.5612 0.0000e+00
       1506     53.842     2.4684   2.881202    32.0342    25.5612 0.0000e+00
       1507     53.832     2.4686   2.881235    32.0344    25.5613 0.0000e+00
       1508     53.811     2.4690   2.881274    32.0344    25.5614 0.0000e+00
       1509     53.799     2.4692   2.881257    32.0340    25.5610 0.0000e+00
       1510     53.807     2.4693   2.881258    32.0340    25.5609 0.0000e+00
       1511     53.823     2.4696   2.881283    32.0339    25.5609 0.0000e+00
       1512     53.833     2.4702   2.881320    32.0338    25.5607 0.0000e+00
       1513     53.835     2.4712   2.881402    32.0338    25.5607 0.0000e+00
       1514     53.832     2.4730   2.881514    32.0334    25.5602 0.0000e+00
       1515     53.829     2.4756   2.881712    32.0332    25.5598 0.0000e+00
       1516     53.827     2.4793   2.881960    32.0325    25.5590 0.0000e+00
       1517     53.828     2.4844   2.882320    32.0318    25.5581 0.0000e+00
       1518     53.822     2.4880   2.882665    32.0324    25.5583 0.0000e+00
       1519     53.800     2.4877   2.882581    32.0317    25.5577 0.0000e+00
       1520     53.770     2.4870   2.882512    32.0316    25.5577 0.0000e+00
       1521     53.750     2.4867   2.882599    32.0330    25.5588 0.0000e+00
       1522     53.742     2.4840   2.882290    32.0319    25.5581 0.0000e+00
       1523     53.727     2.4814   2.882022    32.0312    25.5578 0.0000e+00
       1524     53.695     2.4820   2.882153    32.0322    25.5586 0.0000e+00
       1525     53.657     2.4837   2.882318    32.0326    25.5587 0.0000e+00
       1526     53.627     2.4836   2.882308    32.0326    25.5587 0.0000e+00
       1527     53.616     2.4827   2.882207    32.0322    25.5585 0.0000e+00
       1528     53.616     2.4826   2.882199    32.0323    25.5585 0.0000e+00
       1529     53.594     2.4840   2.882270    32.0317    25.5580 0.0000e+00
       1530     53.532     2.4882   2.882550    32.0310    25.5571 0.0000e+00
       1531     53.462     2.4928   2.882998    32.0319    25.5575 0.0000e+00
       1532     53.426     2.4923   2.882960    32.0320    25.5575 0.0000e+00
       1533     53.428     2.4874   2.882465    32.0308    25.5570 0.0000e+00
       1534     53.436     2.4836   2.882209    32.0315    25.5578 0.0000e+00
       1535     53.426     2.4829   2.882224    32.0324    25.5586 0.0000e+00
       1536     53.403     2.4851   2.882364    32.0319    25.5580 0.0000e+00
       1537     53.385     2.4886   2.882658    32.0320    25.5579 0.0000e+00
       1538     53.391     2.4890   2.882721    32.0324    25.5581 0.0000e+00
       1539     53.419     2.4863   2.882447    32.0317    25.5578 0.0000e+00
       1540     53.442     2.4836   2.882264    32.0321    25.5584 0.0000e+00
       1541     53.439     2.4814   2.882181    32.0333    25.5595 0.0000e+00
       1542     53.415     2.4787   2.881981    32.0336    25.5599 0.0000e+00
       1543     53.391     2.4773   2.881857    32.0335    25.5599 0.0000e+00
       1544     53.385     2.4781   2.881928    32.0336    25.5599 0.0000e+00
       1545     53.396     2.4800   2.882005    32.0326    25.5590 0.0000e+00
       1546     53.405     2.4861   2.882254    32.0295    25.5561 0.0000e+00
       1547     53.400     2.5031   2.883406    32.0266    25.5524 0.0000e+00
       1548     53.389     2.5273   2.885296    32.0255    25.5497 0.0000e+00
       1549     53.382     2.5499   2.886995    32.0237    25.5464 0.0000e+00
       1550     53.389     2.5695   2.888504    32.0225    25.5439 0.0000e+00
       1551     53.416     2.5865   2.889760    32.0208    25.5413 0.0000e+00
       1552     53.445     2.5986   2.890578    32.0187    25.5386 0.0000e+00
       1553     53.448     2.6029   2.890904    32.0184    25.5380 0.0000e+00
       1554     53.412     2.6037   2.890724    32.0154    25.5356 0.0000e+00
       1555     53.349     2.6144   2.891458    32.0137    25.5333 0.0000e+00
       1556     53.299     2.6402   2.893799    32.0165    25.5335 0.0000e+00
       1557     53.291     2.6725   2.896350    32.0153    25.5300 0.0000e+00
       1558     53.317     2.6984   2.897618    32.0049    25.5196 0.0000e+00
       1559     53.328     2.7092   2.897159    31.9885    25.5057 0.0000e+00
       1560     53.286     2.7116   2.896564    31.9789    25.4978 0.0000e+00
       1561     53.206     2.7237   2.898469    31.9901    25.5058 0.0000e+00
       1562     53.147     2.7428   2.901483    32.0078    25.5183 0.0000e+00
       1563     53.146     2.7462   2.901937    32.0099    25.5198 0.0000e+00
       1564     53.177     2.7341   2.900617    32.0059    25.5175 0.0000e+00
       1565     53.184     2.7237   2.899533    32.0031    25.5161 0.0000e+00
       1566     53.145     2.7219   2.899301    32.0020    25.5155 0.0000e+00
       1567     53.099     2.7279   2.900266    32.0078    25.5196 0.0000e+00
       1568     53.098     2.7347   2.901218    32.0126    25.5229 0.0000e+00
       1569     53.136     2.7338   2.901043    32.0114    25.5220 0.0000e+00
       1570     53.168     2.7253   2.900305    32.0109    25.5222 0.0000e+00
       1571     53.165     2.7084   2.899182    32.0141    25.5261 0.0000e+00
       1572     53.150     2.6849   2.897349    32.0152    25.5289 0.0000e+00
       1573     53.155     2.6704   2.896128    32.0148    25.5298 0.0000e+00
       1574     53.177     2.6767   2.896684    32.0153    25.5297 0.0000e+00
       1575     53.198     2.6976   2.898318    32.0143    25.5272 0.0000e+00
       1576     53.206     2.7211   2.900134    32.0130    25.5242 0.0000e+00
       1577     53.212     2.7352   2.901373    32.0140    25.5239 0.0000e+00
       1578     53.238     2.7253   2.900759    32.0164    25.5266 0.0000e+00
       1579     53.284     2.6843   2.897539    32.0181    25.5313 0.0000e+00
       1580     53.332     2.6289   2.893190    32.0203    25.5375 0.0000e+00
       1581     53.372     2.5847   2.890007    32.0257    25.5453 0.0000e+00
       1582     53.401     2.5601   2.888442    32.0311    25.5516 0.0000e+00
       1583     53.417     2.5507   2.887884    32.0337    25.5544 0.0000e+00
       1584     53.422     2.5519   2.888015    32.0341    25.5546 0.0000e+00
       1585     53.425     2.5600   2.888556    32.0326    25.5528 0.0000e+00
       1586     53.439     2.5696   2.889217    32.0311    25.5508 0.0000e+00
       1587     53.464     2.5732   2.889515    32.0311    25.5505 0.0000e+00
       1588     53.499     2.5683   2.889096    32.0309    25.5507 0.0000e+00
       1589     53.543     2.5585   2.888253    32.0304    25.5511 0.0000e+00
       1590     53.595     2.5475   2.887427    32.0312    25.5527 0.0000e+00
       1591     53.648     2.5369   2.886735    32.0334    25.5552 0.0000e+00
       1592     53.686     2.5267   2.886017    32.0348    25.5571 0.0000e+00
       1593     53.700     2.5166   2.885250    32.0355    25.5585 0.0000e+00
       1594     53.697     2.5074   2.884516    32.0357    25.5594 0.0000e+00
       1595     53.687     2.5012   2.883978    32.0354    25.5596 0.0000e+00
       1596     53.682     2.5002   2.883943    32.0359    25.5601 0.0000e+00
       1597     53.692     2.5010   2.884029    32.0362    25.5603 0.0000e+00
       1598     53.720     2.4990   2.883803    32.0354    25.5598 0.0000e+00
       1599     53.753     2.4946   2.883524    32.0364    25.5609 0.0000e+00
       1600     53.770     2.4903   2.883277    32.0377    25.5623 0.0000e+00
       1601     53.768     2.4869   2.882967    32.0373    25.5622 0.0000e+00
       1602     53.769     2.4834   2.882580    32.0360    25.5615 0.0000e+00
       1603     53.795     2.4801   2.882261    32.0354    25.5613 0.0000e+00
       1604     53.833     2.4781   2.882230    32.0370    25.5627 0.0000e+00
       1605     53.860     2.4774   2.882463    32.0406    25.5656 0.0000e+00
       1606     53.860     2.4783   2.882626    32.0417    25.5664 0.0000e+00
       1607     53.842     2.4823   2.882673    32.0382    25.5634 0.0000e+00
       1608     53.836     2.4880   2.882935    32.0357    25.5609 0.0000e+00
       1609     53.852     2.4894   2.882986    32.0350    25.5602 0.0000e+00
       1610     53.877     2.4848   2.882573    32.0345    25.5602 0.0000e+00
       1611     53.897     2.4793   2.882260    32.0362    25.5619 0.0000e+00
       1612     53.905     2.4752   2.882053    32.0377    25.5635 0.0000e+00
       1613     53.906     2.4722   2.881772    32.0373    25.5634 0.0000e+00
       1614     53.918     2.4699   2.881532    32.0367    25.5630 0.0000e+00
       1615     53.953     2.4682   2.881342    32.0360    25.5627 0.0000e+00
       1616     53.998     2.4685   2.881339    32.0356    25.5623 0.0000e+00
       1617     54.036     2.4704   2.881547    32.0363    25.5627 0.0000e+00
       1618     54.052     2.4720   2.881687    32.0364    25.5627 0.0000e+00
       1619     54.038     2.4726   2.881700    32.0359    25.5623 0.0000e+00
       1620     54.010     2.4718   2.881605    32.0356    25.5620 0.0000e+00
       1621     54.002     2.4697   2.881375    32.0349    25.5616 0.0000e+00
       1622     54.024     2.4680   2.881239    32.0349    25.5618 0.0000e+00
       1623     54.056     2.4674   2.881260    32.0358    25.5625 0.0000e+00
       1624     54.072     2.4672   2.881281    32.0362    25.5629 0.0000e+00
       1625     54.067     2.4669   2.881241    32.0360    25.5628 0.0000e+00
       1626     54.055     2.4664   2.881150    32.0354    25.5623 0.0000e+00
       1627     54.055     2.4659   2.881091    32.0352    25.5622 0.0000e+00
       1628     54.061     2.4655   2.881107    32.0358    25.5627 0.0000e+00
       1629     54.056     2.4654   2.881153    32.0364    25.5632 0.0000e+00
       1630     54.028     2.4662   2.881208    32.0363    25.5631 0.0000e+00
       1631     53.995     2.4689   2.881345    32.0353    25.5621 0.0000e+00
       1632     53.991     2.4721   2.881552    32.0347    25.5613 0.0000e+00
       1633     54.015     2.4731   2.881603    32.0343    25.5609 0.0000e+00
       1634     54.037     2.4716   2.881506    32.0346    25.5612 0.0000e+00
       1635     54.021     2.4701   2.881491    32.0359    25.5624 0.0000e+00
       1636     53.959     2.4697   2.881488    32.0363    25.5628 0.0000e+00
       1637     53.896     2.4694   2.881362    32.0351    25.5618 0.0000e+00
       1638     53.880     2.4684   2.881201    32.0341    25.5611 0.0000e+00
       1639     53.907     2.4671   2.881096    32.0341    25.5612 0.0000e+00
       1640     53.938     2.4661   2.881061    32.0347    25.5618 0.0000e+00
       1641     53.941     2.4657   2.881054    32.0350    25.5620 0.0000e+00
