Datasets/Test_Dataset_39219_tow/originals/tel219_2021_049.cnv
* Sea-Bird SBE19plus Data File:
* Filename = C:/AQUIRE/tel219_2021_049.hex
* Software Version AquireV2 AF V2.0
* Temperature SN =  4020
* Conductivity SN =  4020
* System UpLoad Time = May 13 2021 06:53:59
** VESSEL/TRIP/SEQ STN: tel219_2021_049
** LATITUDE: 45 00.00 N
** LONGITUDE: 55 00.00 W
** DATE/TIME: 2021-05-13 04:46
** SOUNDING DEPTH (M): 0381
** PROBE TYPE: S4020
** CTD NUMBER:  49
** FORMAT: T
** COMMENTS: abort - sensor
# nquan = 7                                 
# nvalues = 3570                        
# units = specified
# name 0 = scan: Scan Count
# name 1 = prdM: Pressure, Strain Gauge [db]
# name 2 = tv290C: Temperature [ITS-90, deg C]
# name 3 = c0S/m: Conductivity [S/m]
# name 4 = sal00: Salinity, Practical [PSU]
# name 5 = sigma-t00: Density [sigma-t, kg/m^3 ]
# name 6 = flag: flag
# span 0 =          1,       3570       
# span 1 =     -0.368,    395.460       
# span 2 =     0.5912,     8.4070       
# span 3 =   0.006579,   3.670906       
# span 4 =     0.0501,    35.0566       
# span 5 =     0.0150,    27.3306       
# span 6 = 0.0000e+00, 0.0000e+00       
# interval = seconds: 1
# start_time = May 13 2021 04:46:34 [Instrument's time stamp, header]
# bad_flag = -9.990e-29
*END*
[from data line 616]
        617     -0.110     3.7357   0.006819     0.0520     0.0166 0.0000e+00
        618     -0.111     3.7359   0.006819     0.0520     0.0166 0.0000e+00
        619     -0.110     3.7359   0.006810     0.0519     0.0165 0.0000e+00
        620     -0.110     3.7359   0.006804     0.0519     0.0165 0.0000e+00
        621     -0.113     3.7359   0.006799     0.0519     0.0164 0.0000e+00
        622     -0.117     3.7360   0.006798     0.0519     0.0164 0.0000e+00
        623     -0.119     3.7361   0.006809     0.0519     0.0165 0.0000e+00
        624     -0.120     3.7362   0.006815     0.0520     0.0165 0.0000e+00
        625     -0.121     3.7363   0.006809     0.0519     0.0165 0.0000e+00
        626     -0.121     3.7363   0.006796     0.0518     0.0164 0.0000e+00
        627     -0.121     3.7363   0.006786     0.0518     0.0164 0.0000e+00
        628     -0.121     3.7364   0.006786     0.0518     0.0164 0.0000e+00
        629     -0.123     3.7366   0.006792     0.0518     0.0164 0.0000e+00
        630     -0.121     3.7367   0.006800     0.0519     0.0164 0.0000e+00
        631     -0.116     3.7367   0.006798     0.0519     0.0164 0.0000e+00
        632     -0.113     3.7367   0.006786     0.0518     0.0164 0.0000e+00
        633     -0.111     3.7369   0.006773     0.0517     0.0163 0.0000e+00
        634     -0.111     3.7370   0.006768     0.0516     0.0162 0.0000e+00
        635     -0.111     3.7371   0.006771     0.0516     0.0163 0.0000e+00
        636     -0.109     3.7372   0.006774     0.0517     0.0163 0.0000e+00
        637     -0.107     3.7374   0.006785     0.0518     0.0164 0.0000e+00
        638     -0.106     3.7374   0.006804     0.0519     0.0165 0.0000e+00
        639     -0.107     3.7376   0.006809     0.0519     0.0165 0.0000e+00
        640     -0.107     3.7378   0.006798     0.0519     0.0164 0.0000e+00
        641     -0.106     3.7378   0.006788     0.0518     0.0164 0.0000e+00
        642     -0.107     3.7380   0.006788     0.0518     0.0164 0.0000e+00
        643     -0.108     3.7382   0.006808     0.0519     0.0165 0.0000e+00
        644     -0.110     3.7384   0.006831     0.0521     0.0166 0.0000e+00
        645     -0.113     3.7386   0.006831     0.0521     0.0167 0.0000e+00
        646     -0.115     3.7388   0.006814     0.0520     0.0165 0.0000e+00
        647     -0.115     3.7390   0.006800     0.0519     0.0165 0.0000e+00
        648     -0.118     3.7390   0.006803     0.0519     0.0165 0.0000e+00
        649     -0.120     3.7392   0.006823     0.0520     0.0166 0.0000e+00
        650     -0.117     3.7394   0.006846     0.0522     0.0167 0.0000e+00
        651     -0.113     3.7396   0.006861     0.0523     0.0168 0.0000e+00
        652     -0.112     3.7398   0.006870     0.0524     0.0169 0.0000e+00
        653     -0.114     3.7400   0.006880     0.0525     0.0170 0.0000e+00
        654     -0.117     3.7402   0.006890     0.0526     0.0170 0.0000e+00
        655     -0.118     3.7404   0.006901     0.0527     0.0171 0.0000e+00
        656     -0.120     3.7406   0.006914     0.0528     0.0172 0.0000e+00
        657     -0.122     3.7408   0.006932     0.0529     0.0173 0.0000e+00
        658     -0.121     3.7411   0.006955     0.0531     0.0174 0.0000e+00
        659     -0.118     3.7413   0.006968     0.0532     0.0175 0.0000e+00
        660     -0.115     3.7416   0.006971     0.0532     0.0175 0.0000e+00
        661     -0.114     3.7418   0.006969     0.0532     0.0175 0.0000e+00
        662     -0.117     3.7420   0.006967     0.0532     0.0175 0.0000e+00
        663     -0.121     3.7423   0.006962     0.0531     0.0175 0.0000e+00
        664     -0.122     3.7426   0.006960     0.0531     0.0175 0.0000e+00
        665     -0.120     3.7428   0.006983     0.0533     0.0176 0.0000e+00
        666     -0.117     3.7430   0.007018     0.0536     0.0179 0.0000e+00
        667     -0.115     3.7432   0.007027     0.0537     0.0179 0.0000e+00
        668     -0.115     3.7435   0.007011     0.0535     0.0178 0.0000e+00
        669     -0.115     3.7437   0.006989     0.0534     0.0177 0.0000e+00
        670     -0.116     3.7441   0.006977     0.0533     0.0176 0.0000e+00
        671     -0.119     3.7443   0.006982     0.0533     0.0176 0.0000e+00
        672     -0.120     3.7445   0.007006     0.0535     0.0178 0.0000e+00
        673     -0.118     3.7447   0.007032     0.0537     0.0179 0.0000e+00
        674     -0.117     3.7450   0.007030     0.0537     0.0179 0.0000e+00
        675     -0.118     3.7452   0.007009     0.0535     0.0178 0.0000e+00
        676     -0.119     3.7454   0.007001     0.0534     0.0178 0.0000e+00
        677     -0.121     3.7456   0.007011     0.0535     0.0178 0.0000e+00
        678     -0.123     3.7459   0.007022     0.0536     0.0179 0.0000e+00
        679     -0.122     3.7462   0.007016     0.0536     0.0178 0.0000e+00
        680     -0.120     3.7465   0.006994     0.0534     0.0177 0.0000e+00
        681     -0.122     3.7467   0.006981     0.0533     0.0176 0.0000e+00
        682     -0.124     3.7469   0.006986     0.0533     0.0177 0.0000e+00
        683     -0.123     3.7472   0.006992     0.0534     0.0177 0.0000e+00
        684     -0.121     3.7474   0.006976     0.0532     0.0176 0.0000e+00
        685     -0.118     3.7477   0.006956     0.0531     0.0175 0.0000e+00
        686     -0.117     3.7479   0.006954     0.0531     0.0175 0.0000e+00
        687     -0.120     3.7483   0.006961     0.0531     0.0175 0.0000e+00
        688     -0.121     3.7485   0.006962     0.0531     0.0175 0.0000e+00
        689     -0.119     3.7487   0.006955     0.0531     0.0175 0.0000e+00
        690     -0.117     3.7489   0.006938     0.0529     0.0174 0.0000e+00
        691     -0.116     3.7492   0.006927     0.0529     0.0173 0.0000e+00
        692     -0.114     3.7494   0.006947     0.0530     0.0174 0.0000e+00
        693     -0.116     3.7497   0.006979     0.0533     0.0176 0.0000e+00
        694     -0.122     3.7500   0.006984     0.0533     0.0177 0.0000e+00
        695     -0.127     3.7503   0.006962     0.0531     0.0175 0.0000e+00
        696     -0.129     3.7506   0.006945     0.0530     0.0174 0.0000e+00
        697     -0.128     3.7508   0.006946     0.0530     0.0174 0.0000e+00
        698     -0.126     3.7510   0.006950     0.0530     0.0174 0.0000e+00
        699     -0.124     3.7512   0.006951     0.0530     0.0174 0.0000e+00
        700     -0.121     3.7515   0.006965     0.0532     0.0175 0.0000e+00
        701     -0.119     3.7518   0.006971     0.0532     0.0176 0.0000e+00
        702     -0.121     3.7520   0.006951     0.0530     0.0174 0.0000e+00
        703     -0.122     3.7523   0.006932     0.0529     0.0173 0.0000e+00
        704     -0.120     3.7526   0.006928     0.0529     0.0173 0.0000e+00
        705     -0.118     3.7529   0.006936     0.0529     0.0174 0.0000e+00
        706     -0.118     3.7531   0.006946     0.0530     0.0174 0.0000e+00
        707     -0.121     3.7533   0.006947     0.0530     0.0174 0.0000e+00
        708     -0.125     3.7535   0.006941     0.0530     0.0174 0.0000e+00
        709     -0.126     3.7537   0.006945     0.0530     0.0174 0.0000e+00
        710     -0.124     3.7539   0.006955     0.0531     0.0175 0.0000e+00
        711     -0.123     3.7542   0.006956     0.0531     0.0175 0.0000e+00
        712     -0.122     3.7545   0.006951     0.0530     0.0175 0.0000e+00
        713     -0.121     3.7548   0.006955     0.0531     0.0175 0.0000e+00
        714     -0.120     3.7550   0.006974     0.0532     0.0176 0.0000e+00
        715     -0.120     3.7552   0.006998     0.0534     0.0178 0.0000e+00
        716     -0.121     3.7554   0.007007     0.0535     0.0178 0.0000e+00
        717     -0.120     3.7556   0.007003     0.0534     0.0178 0.0000e+00
        718     -0.117     3.7557   0.006996     0.0534     0.0177 0.0000e+00
        719     -0.114     3.7559   0.007003     0.0534     0.0178 0.0000e+00
        720     -0.117     3.7561   0.007021     0.0536     0.0179 0.0000e+00
        721     -0.121     3.7564   0.007019     0.0536     0.0179 0.0000e+00
        722     -0.119     3.7565   0.006987     0.0533     0.0177 0.0000e+00
        723     -0.117     3.7566   0.006955     0.0531     0.0175 0.0000e+00
        724     -0.116     3.7568   0.006955     0.0531     0.0175 0.0000e+00
        725     -0.117     3.7569   0.006979     0.0533     0.0176 0.0000e+00
        726     -0.117     3.7570   0.006998     0.0534     0.0178 0.0000e+00
        727     -0.117     3.7572   0.006998     0.0534     0.0178 0.0000e+00
        728     -0.117     3.7573   0.006989     0.0533     0.0177 0.0000e+00
        729     -0.117     3.7575   0.006979     0.0533     0.0176 0.0000e+00
        730     -0.116     3.7576   0.006980     0.0533     0.0176 0.0000e+00
        731     -0.117     3.7576   0.006984     0.0533     0.0177 0.0000e+00
        732     -0.118     3.7576   0.006985     0.0533     0.0177 0.0000e+00
        733     -0.115     3.7578   0.006975     0.0532     0.0176 0.0000e+00
        734     -0.112     3.7580   0.006959     0.0531     0.0175 0.0000e+00
        735     -0.111     3.7580   0.006953     0.0530     0.0175 0.0000e+00
        736     -0.111     3.7582   0.006957     0.0531     0.0175 0.0000e+00
        737     -0.115     3.7583   0.006969     0.0532     0.0176 0.0000e+00
        738     -0.119     3.7584   0.006979     0.0533     0.0176 0.0000e+00
        739     -0.117     3.7584   0.006970     0.0532     0.0176 0.0000e+00
        740     -0.115     3.7584   0.006937     0.0529     0.0174 0.0000e+00
        741     -0.116     3.7585   0.006912     0.0527     0.0172 0.0000e+00
        742     -0.115     3.7587   0.006917     0.0528     0.0172 0.0000e+00
        743     -0.115     3.7588   0.006937     0.0529     0.0174 0.0000e+00
        744     -0.115     3.7588   0.006955     0.0531     0.0175 0.0000e+00
        745     -0.117     3.7588   0.006962     0.0531     0.0175 0.0000e+00
        746     -0.121     3.7589   0.006954     0.0531     0.0175 0.0000e+00
        747     -0.124     3.7590   0.006933     0.0529     0.0174 0.0000e+00
        748     -0.123     3.7591   0.006918     0.0528     0.0173 0.0000e+00
        749     -0.122     3.7591   0.006914     0.0527     0.0172 0.0000e+00
        750     -0.121     3.7592   0.006922     0.0528     0.0173 0.0000e+00
        751     -0.119     3.7592   0.006937     0.0529     0.0174 0.0000e+00
        752     -0.119     3.7593   0.006950     0.0530     0.0175 0.0000e+00
        753     -0.121     3.7594   0.006944     0.0530     0.0174 0.0000e+00
        754     -0.124     3.7595   0.006917     0.0528     0.0173 0.0000e+00
        755     -0.125     3.7595   0.006894     0.0526     0.0171 0.0000e+00
        756     -0.123     3.7595   0.006895     0.0526     0.0171 0.0000e+00
        757     -0.122     3.7595   0.006913     0.0527     0.0172 0.0000e+00
        758     -0.123     3.7595   0.006923     0.0528     0.0173 0.0000e+00
        759     -0.122     3.7595   0.006923     0.0528     0.0173 0.0000e+00
        760     -0.118     3.7596   0.006920     0.0528     0.0173 0.0000e+00
        761     -0.114     3.7598   0.006914     0.0527     0.0172 0.0000e+00
        762     -0.114     3.7599   0.006909     0.0527     0.0172 0.0000e+00
        763     -0.117     3.7597   0.006913     0.0527     0.0172 0.0000e+00
        764     -0.120     3.7597   0.006918     0.0528     0.0173 0.0000e+00
        765     -0.122     3.7599   0.006911     0.0527     0.0172 0.0000e+00
        766     -0.124     3.7599   0.006894     0.0526     0.0171 0.0000e+00
        767     -0.124     3.7599   0.006891     0.0526     0.0171 0.0000e+00
        768     -0.126     3.7601   0.006920     0.0528     0.0173 0.0000e+00
        769     -0.128     3.7602   0.006953     0.0530     0.0175 0.0000e+00
        770     -0.123     3.7602   0.006955     0.0531     0.0175 0.0000e+00
        771     -0.115     3.7602   0.006930     0.0529     0.0173 0.0000e+00
        772     -0.112     3.7603   0.006915     0.0527     0.0172 0.0000e+00
        773     -0.114     3.7603   0.006920     0.0528     0.0173 0.0000e+00
        774     -0.115     3.7603   0.006942     0.0530     0.0174 0.0000e+00
        775     -0.117     3.7603   0.006953     0.0530     0.0175 0.0000e+00
        776     -0.119     3.7604   0.006946     0.0530     0.0174 0.0000e+00
        777     -0.118     3.7605   0.006950     0.0530     0.0175 0.0000e+00
        778     -0.116     3.7606   0.006981     0.0533     0.0177 0.0000e+00
        779     -0.115     3.7606   0.007011     0.0535     0.0179 0.0000e+00
        780     -0.116     3.7607   0.007012     0.0535     0.0179 0.0000e+00
        781     -0.117     3.7607   0.006996     0.0534     0.0178 0.0000e+00
        782     -0.120     3.7607   0.006989     0.0533     0.0177 0.0000e+00
        783     -0.121     3.7607   0.006986     0.0533     0.0177 0.0000e+00
        784     -0.122     3.7607   0.006988     0.0533     0.0177 0.0000e+00
        785     -0.124     3.7607   0.006989     0.0533     0.0177 0.0000e+00
        786     -0.123     3.7607   0.006984     0.0533     0.0177 0.0000e+00
        787     -0.122     3.7607   0.006974     0.0532     0.0176 0.0000e+00
        788     -0.122     3.7607   0.006959     0.0531     0.0175 0.0000e+00
        789     -0.121     3.7607   0.006956     0.0531     0.0175 0.0000e+00
        790     -0.120     3.7607   0.007038     0.0537     0.0180 0.0000e+00
        791     -0.121     3.7607   0.007208     0.0551     0.0191 0.0000e+00
        792     -0.119     3.7607   0.007324     0.0560     0.0198 0.0000e+00
        793     -0.114     3.7607   0.007348     0.0562     0.0200 0.0000e+00
        794     -0.113     3.7607   0.007370     0.0563     0.0201 0.0000e+00
        795     -0.116     3.7607   0.007430     0.0568     0.0205 0.0000e+00
        796     -0.117     3.7607   0.007604     0.0582     0.0216 0.0000e+00
        797     -0.115     3.7607   0.007958     0.0610     0.0239 0.0000e+00
        798     -0.112     3.7607   0.008323     0.0639     0.0262 0.0000e+00
        799     -0.113     3.7607   0.008540     0.0656     0.0276 0.0000e+00
        800     -0.115     3.7607   0.008799     0.0676     0.0293 0.0000e+00
        801     -0.112     3.7607   0.011613     0.0901     0.0474 0.0000e+00
        802     -0.105     3.7607   0.030580     0.2458     0.1731 0.0000e+00
        803     -0.100     3.7607   0.064313     0.5328     0.4042 0.0000e+00
        804     -0.098     3.7608   0.087417     0.7341     0.5662 0.0000e+00
        805     -0.093     3.7610   0.095657     0.8067     0.6245 0.0000e+00
        806     -0.079     3.7694   0.162880     1.4099     1.1088 0.0000e+00
        807     -0.040     3.8137   0.927763     8.9685     7.1338 0.0000e+00
        808      0.040     3.9006   2.298547    23.9289    18.9993 0.0000e+00
        809      0.119     3.9776   3.003683    32.0390    25.4335 0.0000e+00
        810      0.140     4.0071   3.037299    32.4064    25.7227 0.0000e+00
        811      0.144     4.0114   3.036241    32.3896    25.7090 0.0000e+00
        812      0.177     4.0135   3.036631    32.3921    25.7107 0.0000e+00
        813      0.198     4.0162   3.037171    32.3958    25.7134 0.0000e+00
        814      0.181     4.0195   3.037428    32.3956    25.7129 0.0000e+00
        815      0.142     4.0232   3.037904    32.3976    25.7141 0.0000e+00
        816      0.104     4.0264   3.038281    32.3989    25.7148 0.0000e+00
        817      0.087     4.0286   3.038484    32.3991    25.7148 0.0000e+00
        818      0.093     4.0297   3.038583    32.3992    25.7147 0.0000e+00
        819      0.118     4.0299   3.038633    32.3995    25.7150 0.0000e+00
        820      0.173     4.0297   3.038593    32.3992    25.7148 0.0000e+00
