Datasets/Test_Dataset_39219_tow/originals/tel219_2021_057.cnv
* Sea-Bird SBE19plus Data File:
* Filename = C:/AQUIRE/tel219_2021_057.hex
* Software Version AquireV2 AF V2.0
* Temperature SN =  4020
* Conductivity SN =  4020
* System UpLoad Time = May 14 2021 03:25:08
** VESSEL/TRIP/SEQ STN: tel219_2021_057
** LATITUDE: 45 15.39 N
** LONGITUDE: 55 13.32 W
** DATE/TIME: 2021-05-14 02:45
** SOUNDING DEPTH (M): 0170
** PROBE TYPE: S4020
** CTD NUMBER:  57
** FORMAT: T
** COMMENTS: 
# nquan = 7                                 
# nvalues = 2457                        
# units = specified
# name 0 = scan: Scan Count
# name 1 = prdM: Pressure, Strain Gauge [db]
# name 2 = tv290C: Temperature [ITS-90, deg C]
# name 3 = c0S/m: Conductivity [S/m]
# name 4 = sal00: Salinity, Practical [PSU]
# name 5 = sigma-t00: Density [sigma-t, kg/m^3 ]
# name 6 = flag: flag
# span 0 =          1,       2457       
# span 1 =     -0.767,    166.304       
# span 2 =     0.4130,     7.1883       
# span 3 =   0.008887,   3.513534       
# span 4 =     0.0674,    34.5656       
# span 5 =     0.0282,    27.0943       
# span 6 = 0.0000e+00, 0.0000e+00       
# interval = seconds: 1
# start_time = May 14 2021 02:45:25 [Instrument's time stamp, header]
# bad_flag = -9.990e-29
*END*
          1     -0.082     4.3810   0.009028     0.0684     0.0289 0.0000e+00
          2     -0.079     4.3794   0.009029     0.0684     0.0289 0.0000e+00
          3     -0.076     4.3717   0.008984     0.0681     0.0287 0.0000e+00
          4     -0.075     4.3617   0.008917     0.0676     0.0283 0.0000e+00
          5     -0.077     4.3566   0.008887     0.0674     0.0282 0.0000e+00
          6     -0.080     4.3560   0.008891     0.0674     0.0282 0.0000e+00
          7     -0.082     4.3562   0.008894     0.0674     0.0282 0.0000e+00
          8     -0.082     4.3569   0.008898     0.0674     0.0282 0.0000e+00
          9     -0.082     4.3571   0.008904     0.0675     0.0283 0.0000e+00
         10     -0.084     4.3552   0.008903     0.0675     0.0283 0.0000e+00
         11     -0.086     4.3534   0.008897     0.0674     0.0283 0.0000e+00
         12     -0.087     4.3546   0.008904     0.0675     0.0283 0.0000e+00
         13     -0.087     4.3581   0.008921     0.0676     0.0284 0.0000e+00
         14     -0.085     4.3622   0.008939     0.0678     0.0285 0.0000e+00
         15     -0.083     4.3667   0.008973     0.0680     0.0286 0.0000e+00
         16     -0.084     4.3706   0.009025     0.0684     0.0289 0.0000e+00
         17     -0.086     4.3741   0.009074     0.0688     0.0292 0.0000e+00
         18     -0.086     4.3775   0.009104     0.0690     0.0294 0.0000e+00
         19     -0.087     4.3810   0.009124     0.0692     0.0295 0.0000e+00
         20     -0.089     4.3840   0.009160     0.0694     0.0297 0.0000e+00
         21     -0.089     4.3865   0.009209     0.0698     0.0300 0.0000e+00
         22     -0.089     4.3886   0.009260     0.0702     0.0303 0.0000e+00
         23     -0.091     4.3905   0.009297     0.0705     0.0305 0.0000e+00
         24     -0.092     4.3923   0.009323     0.0707     0.0306 0.0000e+00
         25     -0.090     4.3938   0.009349     0.0709     0.0308 0.0000e+00
         26     -0.087     4.3950   0.009382     0.0712     0.0310 0.0000e+00
         27     -0.086     4.3960   0.009422     0.0715     0.0312 0.0000e+00
         28     -0.085     4.3965   0.009462     0.0718     0.0315 0.0000e+00
         29     -0.085     4.3971   0.009493     0.0720     0.0317 0.0000e+00
         30     -0.088     4.3976   0.009506     0.0721     0.0317 0.0000e+00
         31     -0.090     4.3974   0.009513     0.0722     0.0318 0.0000e+00
         32     -0.090     4.3965   0.009550     0.0725     0.0320 0.0000e+00
         33     -0.089     4.3956   0.009612     0.0730     0.0324 0.0000e+00
         34     -0.086     4.3954   0.009662     0.0733     0.0327 0.0000e+00
         35     -0.085     4.3954   0.009687     0.0735     0.0329 0.0000e+00
         36     -0.088     4.3954   0.009705     0.0737     0.0330 0.0000e+00
         37     -0.090     4.3950   0.009726     0.0738     0.0332 0.0000e+00
         38     -0.088     4.3946   0.009752     0.0741     0.0333 0.0000e+00
         39     -0.086     4.3942   0.009777     0.0742     0.0335 0.0000e+00
         40     -0.089     4.3942   0.009785     0.0743     0.0335 0.0000e+00
         41     -0.092     4.3945   0.009778     0.0743     0.0335 0.0000e+00
         42     -0.093     4.3948   0.009786     0.0743     0.0335 0.0000e+00
         43     -0.093     4.3949   0.009817     0.0746     0.0337 0.0000e+00
         44     -0.092     4.3949   0.009867     0.0749     0.0340 0.0000e+00
         45     -0.092     4.3946   0.009914     0.0753     0.0343 0.0000e+00
         46     -0.094     4.3942   0.009941     0.0755     0.0345 0.0000e+00
         47     -0.098     4.3940   0.009955     0.0756     0.0346 0.0000e+00
         48     -0.097     4.3937   0.009972     0.0758     0.0347 0.0000e+00
         49     -0.092     4.3931   0.010009     0.0761     0.0350 0.0000e+00
         50     -0.089     4.3922   0.010070     0.0765     0.0353 0.0000e+00
         51     -0.086     4.3914   0.010135     0.0771     0.0358 0.0000e+00
         52     -0.084     4.3908   0.010173     0.0774     0.0360 0.0000e+00
         53     -0.084     4.3906   0.010177     0.0774     0.0360 0.0000e+00
         54     -0.084     4.3907   0.010177     0.0774     0.0360 0.0000e+00
         55     -0.082     4.3906   0.010194     0.0775     0.0361 0.0000e+00
         56     -0.082     4.3902   0.010207     0.0776     0.0362 0.0000e+00
         57     -0.084     4.3895   0.010206     0.0776     0.0362 0.0000e+00
         58     -0.085     4.3889   0.010199     0.0776     0.0362 0.0000e+00
         59     -0.085     4.3887   0.010186     0.0775     0.0361 0.0000e+00
         60     -0.083     4.3884   0.010174     0.0774     0.0360 0.0000e+00
         61     -0.085     4.3874   0.010160     0.0773     0.0359 0.0000e+00
         62     -0.088     4.3860   0.010136     0.0771     0.0358 0.0000e+00
         63     -0.087     4.3848   0.010113     0.0769     0.0357 0.0000e+00
         64     -0.085     4.3843   0.010095     0.0768     0.0356 0.0000e+00
         65     -0.084     4.3845   0.010085     0.0767     0.0355 0.0000e+00
         66     -0.084     4.3847   0.010084     0.0767     0.0355 0.0000e+00
         67     -0.086     4.3844   0.010083     0.0767     0.0355 0.0000e+00
         68     -0.088     4.3840   0.010074     0.0766     0.0354 0.0000e+00
         69     -0.087     4.3835   0.010060     0.0765     0.0354 0.0000e+00
         70     -0.086     4.3833   0.010048     0.0764     0.0353 0.0000e+00
         71     -0.085     4.3830   0.010035     0.0763     0.0352 0.0000e+00
         72     -0.083     4.3820   0.010025     0.0762     0.0351 0.0000e+00
         73     -0.084     4.3807   0.010012     0.0761     0.0351 0.0000e+00
         74     -0.086     4.3800   0.010003     0.0760     0.0350 0.0000e+00
         75     -0.088     4.3802   0.010007     0.0761     0.0350 0.0000e+00
         76     -0.092     4.3802   0.010008     0.0761     0.0351 0.0000e+00
         77     -0.096     4.3798   0.009997     0.0760     0.0350 0.0000e+00
         78     -0.096     4.3792   0.009988     0.0759     0.0349 0.0000e+00
         79     -0.094     4.3778   0.009976     0.0758     0.0349 0.0000e+00
         80     -0.091     4.3754   0.009950     0.0756     0.0347 0.0000e+00
         81     -0.089     4.3725   0.009908     0.0753     0.0345 0.0000e+00
         82     -0.087     4.3701   0.009869     0.0750     0.0343 0.0000e+00
         83     -0.086     4.3689   0.009851     0.0749     0.0342 0.0000e+00
         84     -0.089     4.3688   0.009848     0.0748     0.0341 0.0000e+00
         85     -0.092     4.3689   0.009849     0.0749     0.0341 0.0000e+00
         86     -0.094     4.3689   0.009845     0.0748     0.0341 0.0000e+00
         87     -0.096     4.3690   0.009841     0.0748     0.0341 0.0000e+00
         88     -0.094     4.3687   0.009835     0.0747     0.0341 0.0000e+00
         89     -0.091     4.3667   0.009809     0.0745     0.0339 0.0000e+00
         90     -0.089     4.3644   0.009776     0.0743     0.0337 0.0000e+00
         91     -0.090     4.3636   0.009760     0.0742     0.0336 0.0000e+00
         92     -0.091     4.3645   0.009769     0.0742     0.0337 0.0000e+00
         93     -0.092     4.3656   0.009790     0.0744     0.0338 0.0000e+00
         94     -0.091     4.3661   0.009803     0.0745     0.0339 0.0000e+00
         95     -0.090     4.3665   0.009804     0.0745     0.0339 0.0000e+00
         96     -0.088     4.3670   0.009809     0.0745     0.0339 0.0000e+00
         97     -0.086     4.3674   0.009832     0.0747     0.0340 0.0000e+00
         98     -0.084     4.3679   0.009844     0.0748     0.0341 0.0000e+00
         99     -0.085     4.3682   0.009827     0.0747     0.0340 0.0000e+00
        100     -0.086     4.3686   0.009803     0.0745     0.0339 0.0000e+00
        101     -0.086     4.3687   0.009775     0.0743     0.0337 0.0000e+00
        102     -0.087     4.3673   0.009722     0.0739     0.0334 0.0000e+00
        103     -0.089     4.3640   0.009658     0.0734     0.0330 0.0000e+00
        104     -0.089     4.3607   0.009611     0.0730     0.0327 0.0000e+00
        105     -0.089     4.3583   0.009560     0.0726     0.0324 0.0000e+00
        106     -0.090     4.3555   0.009489     0.0721     0.0320 0.0000e+00
        107     -0.091     4.3522   0.009425     0.0716     0.0316 0.0000e+00
        108     -0.092     4.3493   0.009398     0.0714     0.0314 0.0000e+00
        109     -0.092     4.3480   0.009438     0.0717     0.0317 0.0000e+00
        110     -0.091     4.3485   0.009527     0.0724     0.0323 0.0000e+00
        111     -0.093     4.3495   0.009642     0.0733     0.0330 0.0000e+00
        112     -0.094     4.3503   0.009982     0.0759     0.0351 0.0000e+00
        113     -0.097     4.3508   0.011163     0.0852     0.0426 0.0000e+00
        114     -0.103     4.3512   0.015013     0.1157     0.0671 0.0000e+00
        115     -0.106     4.3510   0.024792     0.1944     0.1305 0.0000e+00
        116     -0.101     4.3503   0.038044     0.3031     0.2179 0.0000e+00
        117     -0.085     4.3496   0.054569     0.4410     0.3288 0.0000e+00
        118     -0.039     4.3007   0.209156     1.8057     1.4223 0.0000e+00
        119      0.085     4.1293   1.084665    10.5115     8.3487 0.0000e+00
        120      0.272     3.9080   2.411625    25.2159    20.0201 0.0000e+00
        121      0.438     3.7884   3.008770    32.2853    25.6475 0.0000e+00
        122      0.557     3.7728   3.010513    32.3213    25.6776 0.0000e+00
        123      0.652     3.7815   3.011431    32.3235    25.6786 0.0000e+00
        124      0.735     3.7811   3.012207    32.3331    25.6862 0.0000e+00
        125      0.745     3.7710   3.012095    32.3418    25.6941 0.0000e+00
        126      0.655     3.7658   3.010300    32.3257    25.6818 0.0000e+00
        127      0.573     3.7718   3.009152    32.3062    25.6657 0.0000e+00
        128      0.585     3.7771   3.010620    32.3183    25.6748 0.0000e+00
        129      0.677     3.7768   3.012926    32.3459    25.6968 0.0000e+00
        130      0.816     3.7740   3.014638    32.3690    25.7154 0.0000e+00
        131      0.977     3.7681   3.015605    32.3862    25.7297 0.0000e+00
        132      1.100     3.7569   3.014196    32.3805    25.7263 0.0000e+00
        133      1.080     3.7409   3.010198    32.3490    25.7027 0.0000e+00
        134      0.884     3.7308   3.007751    32.3300    25.6885 0.0000e+00
        135      0.638     3.7374   3.008175    32.3286    25.6868 0.0000e+00
        136      0.491     3.7512   3.008208    32.3154    25.6750 0.0000e+00
        137      0.453     3.7574   3.007948    32.3062    25.6671 0.0000e+00
        138      0.443     3.7595   3.009085    32.3176    25.6760 0.0000e+00
        139      0.404     3.7588   3.009649    32.3250    25.6819 0.0000e+00
        140      0.316     3.7460   2.987499    32.0749    25.4841 0.0000e+00
        141      0.193     3.7268   2.772931    29.5605    23.4861 0.0000e+00
        142      0.097     3.7176   2.516437    26.5753    21.1143 0.0000e+00
        143      0.081     3.7181   2.644356    28.0630    22.2964 0.0000e+00
        144      0.148     3.7197   2.919859    31.2992    24.8694 0.0000e+00
        145      0.253     3.7204   3.003918    32.2951    25.6617 0.0000e+00
        146      0.343     3.7224   3.004492    32.2999    25.6654 0.0000e+00
        147      0.400     3.7268   3.005155    32.3034    25.6677 0.0000e+00
        148      0.428     3.7319   3.005497    32.3024    25.6664 0.0000e+00
        149      0.430     3.7353   3.005806    32.3027    25.6664 0.0000e+00
        150      0.387     3.7336   3.006033    32.3071    25.6700 0.0000e+00
        151      0.282     3.7248   3.005174    32.3057    25.6697 0.0000e+00
        152      0.160     3.7165   3.004166    32.3020    25.6676 0.0000e+00
        153      0.098     3.7155   3.004179    32.3032    25.6686 0.0000e+00
        154      0.103     3.7178   3.004445    32.3040    25.6691 0.0000e+00
        155      0.143     3.7205   3.004703    32.3044    25.6691 0.0000e+00
        156      0.218     3.7240   3.004877    32.3030    25.6676 0.0000e+00
        157      0.329     3.7265   3.004686    32.2982    25.6636 0.0000e+00
        158      0.447     3.7277   3.004628    32.2962    25.6619 0.0000e+00
        159      0.551     3.7289   3.004865    32.2978    25.6631 0.0000e+00
        160      0.636     3.7296   3.005237    32.3015    25.6659 0.0000e+00
        161      0.692     3.7306   3.005622    32.3050    25.6687 0.0000e+00
        162      0.715     3.7319   3.005849    32.3064    25.6697 0.0000e+00
        163      0.702     3.7309   3.005823    32.3071    25.6703 0.0000e+00
        164      0.663     3.7281   3.005341    32.3042    25.6682 0.0000e+00
        165      0.652     3.7264   3.004632    32.2974    25.6630 0.0000e+00
        166      0.683     3.7245   3.004327    32.2957    25.6618 0.0000e+00
        167      0.685     3.7201   3.004458    32.3016    25.6669 0.0000e+00
        168      0.633     3.7163   3.004405    32.3048    25.6698 0.0000e+00
        169      0.580     3.7159   3.003316    32.2923    25.6599 0.0000e+00
        170      0.562     3.7169   3.002273    32.2789    25.6492 0.0000e+00
        171      0.582     3.7172   3.002964    32.2868    25.6554 0.0000e+00
        172      0.656     3.7188   3.003799    32.2951    25.6619 0.0000e+00
        173      0.811     3.7214   3.003850    32.2930    25.6600 0.0000e+00
        174      0.999     3.7211   3.003880    32.2936    25.6605 0.0000e+00
        175      1.127     3.7157   3.003564    32.2951    25.6622 0.0000e+00
        176      1.182     3.7089   3.002947    32.2945    25.6623 0.0000e+00
        177      1.218     3.7045   3.002696    32.2959    25.6638 0.0000e+00
        178      1.244     3.7028   3.002775    32.2985    25.6661 0.0000e+00
        179      1.261     3.7022   3.002891    32.3004    25.6677 0.0000e+00
        180      1.284     3.7023   3.003049    32.3022    25.6691 0.0000e+00
        181      1.278     3.7027   3.003156    32.3031    25.6697 0.0000e+00
        182      1.210     3.7030   3.003192    32.3032    25.6698 0.0000e+00
        183      1.092     3.7050   3.003269    32.3022    25.6689 0.0000e+00
        184      0.969     3.7095   3.003344    32.2987    25.6656 0.0000e+00
        185      0.898     3.7132   3.003249    32.2940    25.6615 0.0000e+00
        186      0.872     3.7136   3.003074    32.2915    25.6595 0.0000e+00
        187      0.859     3.7128   3.002982    32.2912    25.6594 0.0000e+00
        188      0.873     3.7126   3.003013    32.2918    25.6598 0.0000e+00
        189      0.949     3.7130   3.003096    32.2923    25.6602 0.0000e+00
        190      1.097     3.7135   3.003173    32.2927    25.6604 0.0000e+00
        191      1.294     3.7140   3.003262    32.2931    25.6608 0.0000e+00
        192      1.534     3.7141   3.003322    32.2936    25.6611 0.0000e+00
        193      1.834     3.7128   3.003377    32.2954    25.6627 0.0000e+00
        194      2.192     3.7101   3.003354    32.2976    25.6647 0.0000e+00
        195      2.609     3.7073   3.003182    32.2981    25.6654 0.0000e+00
        196      3.063     3.7054   3.003018    32.2978    25.6653 0.0000e+00
        197      3.491     3.7041   3.002891    32.2974    25.6651 0.0000e+00
        198      3.851     3.7030   3.002773    32.2969    25.6648 0.0000e+00
        199      4.148     3.7019   3.002683    32.2968    25.6648 0.0000e+00
        200      4.413     3.7008   3.002583    32.2965    25.6647 0.0000e+00
        201      4.655     3.7004   3.002510    32.2959    25.6643 0.0000e+00
        202      4.840     3.7005   3.002510    32.2957    25.6641 0.0000e+00
        203      4.934     3.7004   3.002518    32.2959    25.6642 0.0000e+00
        204      4.949     3.7002   3.002511    32.2960    25.6643 0.0000e+00
        205      4.927     3.7003   3.002536    32.2962    25.6645 0.0000e+00
