Datasets/Test_Dataset_39219_tow/originals/tel219_2021_038.cnv
* Sea-Bird SBE19plus Data File:
* Filename = C:/AQUIRE/tel219_2021_038.hex
* Software Version AquireV2 AF V2.0
* Temperature SN =  4020
* Conductivity SN =  4020
* System UpLoad Time = May 11 2021 20:18:23
** VESSEL/TRIP/SEQ STN: tel219_2021_038
** LATITUDE: 45 13.65 N
** LONGITUDE: 56 51.01 W
** DATE/TIME: 2021-05-11 19:10
** SOUNDING DEPTH (M): 0418
** PROBE TYPE: S4020
** CTD NUMBER:  38
** FORMAT: t
** COMMENTS: 
# nquan = 7                                 
# nvalues = 3878                        
# units = specified
# name 0 = scan: Scan Count
# name 1 = prdM: Pressure, Strain Gauge [db]
# name 2 = tv290C: Temperature [ITS-90, deg C]
# name 3 = c0S/m: Conductivity [S/m]
# name 4 = sal00: Salinity, Practical [PSU]
# name 5 = sigma-t00: Density [sigma-t, kg/m^3 ]
# name 6 = flag: flag
# span 0 =          1,       3878       
# span 1 =     -0.557,    421.709       
# span 2 =     1.8964,     8.7422       
# span 3 =   0.005632,   3.676102       
# span 4 =     0.0409,    35.1082       
# span 5 =    -0.0266,    27.6237       
# span 6 = 0.0000e+00, 0.0000e+00       
# interval = seconds: 1
# start_time = May 11 2021 19:10:03 [Instrument's time stamp, header]
# bad_flag = -9.990e-29
*END*
[from data line 2257]
       2258    421.198     5.5778   3.417685    35.0057    27.6104 0.0000e+00
       2259    421.198     5.5777   3.417677    35.0057    27.6104 0.0000e+00
       2260    421.190     5.5774   3.417648    35.0057    27.6104 0.0000e+00
       2261    421.185     5.5771   3.417602    35.0055    27.6103 0.0000e+00
       2262    421.184     5.5776   3.417646    35.0054    27.6102 0.0000e+00
       2263    421.186     5.5782   3.417729    35.0058    27.6104 0.0000e+00
       2264    421.195     5.5779   3.417708    35.0058    27.6105 0.0000e+00
       2265    421.214     5.5774   3.417630    35.0054    27.6103 0.0000e+00
       2266    421.232     5.5776   3.417627    35.0052    27.6100 0.0000e+00
       2267    421.239     5.5785   3.417698    35.0051    27.6098 0.0000e+00
       2268    421.235     5.5794   3.417755    35.0048    27.6095 0.0000e+00
       2269    421.222     5.5801   3.417817    35.0048    27.6094 0.0000e+00
       2270    421.208     5.5803   3.417879    35.0053    27.6098 0.0000e+00
       2271    421.203     5.5789   3.417774    35.0055    27.6102 0.0000e+00
       2272    421.209     5.5768   3.417551    35.0052    27.6101 0.0000e+00
       2273    421.223     5.5754   3.417429    35.0052    27.6103 0.0000e+00
       2274    421.239     5.5751   3.417418    35.0054    27.6105 0.0000e+00
       2275    421.251     5.5754   3.417437    35.0053    27.6104 0.0000e+00
       2276    421.257     5.5759   3.417473    35.0052    27.6103 0.0000e+00
       2277    421.252     5.5762   3.417512    35.0053    27.6103 0.0000e+00
       2278    421.236     5.5763   3.417537    35.0055    27.6105 0.0000e+00
       2279    421.215     5.5765   3.417553    35.0055    27.6104 0.0000e+00
       2280    421.203     5.5770   3.417586    35.0054    27.6103 0.0000e+00
       2281    421.211     5.5776   3.417641    35.0054    27.6102 0.0000e+00
       2282    421.230     5.5781   3.417680    35.0053    27.6100 0.0000e+00
       2283    421.238     5.5783   3.417686    35.0051    27.6099 0.0000e+00
       2284    421.225     5.5782   3.417692    35.0053    27.6101 0.0000e+00
       2285    421.204     5.5779   3.417678    35.0055    27.6102 0.0000e+00
       2286    421.196     5.5771   3.417590    35.0053    27.6102 0.0000e+00
       2287    421.208     5.5762   3.417479    35.0050    27.6100 0.0000e+00
       2288    421.222     5.5758   3.417461    35.0052    27.6103 0.0000e+00
       2289    421.217     5.5759   3.417495    35.0055    27.6105 0.0000e+00
       2290    421.188     5.5762   3.417503    35.0053    27.6103 0.0000e+00
       2291    421.150     5.5762   3.417506    35.0053    27.6103 0.0000e+00
       2292    421.127     5.5761   3.417508    35.0055    27.6104 0.0000e+00
       2293    421.133     5.5758   3.417487    35.0055    27.6105 0.0000e+00
       2294    421.157     5.5755   3.417472    35.0056    27.6107 0.0000e+00
       2295    421.179     5.5755   3.417484    35.0058    27.6108 0.0000e+00
       2296    421.188     5.5756   3.417492    35.0058    27.6107 0.0000e+00
       2297    421.188     5.5760   3.417493    35.0054    27.6104 0.0000e+00
       2298    421.185     5.5768   3.417537    35.0050    27.6100 0.0000e+00
       2299    421.190     5.5784   3.417700    35.0052    27.6100 0.0000e+00
       2300    421.204     5.5801   3.417901    35.0057    27.6102 0.0000e+00
       2301    421.217     5.5802   3.417929    35.0059    27.6103 0.0000e+00
       2302    421.226     5.5787   3.417787    35.0059    27.6104 0.0000e+00
       2303    421.234     5.5767   3.417594    35.0058    27.6106 0.0000e+00
       2304    421.238     5.5756   3.417467    35.0054    27.6105 0.0000e+00
       2305    421.243     5.5756   3.417469    35.0055    27.6105 0.0000e+00
       2306    421.247     5.5758   3.417525    35.0059    27.6108 0.0000e+00
       2307    421.245     5.5759   3.417532    35.0059    27.6108 0.0000e+00
       2308    421.242     5.5764   3.417556    35.0056    27.6105 0.0000e+00
       2309    421.247     5.5777   3.417685    35.0057    27.6105 0.0000e+00
       2310    421.259     5.5785   3.417784    35.0060    27.6106 0.0000e+00
       2311    421.265     5.5784   3.417774    35.0060    27.6106 0.0000e+00
       2312    421.259     5.5773   3.417704    35.0064    27.6110 0.0000e+00
       2313    421.250     5.5758   3.417570    35.0064    27.6112 0.0000e+00
       2314    421.244     5.5741   3.417384    35.0061    27.6112 0.0000e+00
       2315    421.244     5.5725   3.417211    35.0057    27.6111 0.0000e+00
       2316    421.250     5.5716   3.417111    35.0055    27.6111 0.0000e+00
       2317    421.255     5.5713   3.417098    35.0057    27.6112 0.0000e+00
       2318    421.253     5.5715   3.417122    35.0058    27.6112 0.0000e+00
       2319    421.244     5.5719   3.417146    35.0056    27.6111 0.0000e+00
       2320    421.233     5.5729   3.417217    35.0054    27.6108 0.0000e+00
       2321    421.227     5.5744   3.417360    35.0055    27.6107 0.0000e+00
       2322    421.233     5.5748   3.417438    35.0059    27.6110 0.0000e+00
       2323    421.244     5.5740   3.417396    35.0063    27.6114 0.0000e+00
       2324    421.254     5.5731   3.417344    35.0066    27.6117 0.0000e+00
       2325    421.259     5.5731   3.417303    35.0062    27.6114 0.0000e+00
       2326    421.260     5.5742   3.417334    35.0054    27.6106 0.0000e+00
       2327    421.260     5.5765   3.417528    35.0052    27.6102 0.0000e+00
       2328    421.255     5.5785   3.417747    35.0056    27.6103 0.0000e+00
       2329    421.244     5.5793   3.417809    35.0055    27.6101 0.0000e+00
       2330    421.233     5.5793   3.417791    35.0053    27.6099 0.0000e+00
       2331    421.230     5.5791   3.417767    35.0052    27.6099 0.0000e+00
       2332    421.233     5.5785   3.417704    35.0051    27.6099 0.0000e+00
       2333    421.236     5.5776   3.417637    35.0053    27.6101 0.0000e+00
       2334    421.239     5.5763   3.417538    35.0055    27.6105 0.0000e+00
       2335    421.240     5.5748   3.417392    35.0054    27.6106 0.0000e+00
       2336    421.236     5.5744   3.417330    35.0051    27.6104 0.0000e+00
       2337    421.228     5.5761   3.417444    35.0047    27.6098 0.0000e+00
       2338    421.218     5.5788   3.417691    35.0047    27.6095 0.0000e+00
       2339    421.214     5.5807   3.417903    35.0051    27.6096 0.0000e+00
       2340    421.221     5.5812   3.417976    35.0054    27.6098 0.0000e+00
       2341    421.229     5.5810   3.417976    35.0056    27.6100 0.0000e+00
       2342    421.231     5.5804   3.417939    35.0058    27.6102 0.0000e+00
       2343    421.219     5.5798   3.417861    35.0056    27.6101 0.0000e+00
       2344    421.184     5.5796   3.417803    35.0052    27.6098 0.0000e+00
       2345    421.138     5.5799   3.417828    35.0051    27.6097 0.0000e+00
       2346    421.103     5.5805   3.417921    35.0056    27.6100 0.0000e+00
       2347    421.099     5.5806   3.417930    35.0056    27.6100 0.0000e+00
       2348    421.125     5.5803   3.417866    35.0052    27.6097 0.0000e+00
       2349    421.161     5.5804   3.417894    35.0054    27.6098 0.0000e+00
       2350    421.184     5.5811   3.417960    35.0054    27.6098 0.0000e+00
       2351    421.194     5.5820   3.418020    35.0051    27.6094 0.0000e+00
       2352    421.199     5.5828   3.418093    35.0051    27.6093 0.0000e+00
       2353    421.204     5.5837   3.418167    35.0050    27.6092 0.0000e+00
       2354    421.211     5.5850   3.418290    35.0051    27.6090 0.0000e+00
       2355    421.222     5.5862   3.418427    35.0054    27.6091 0.0000e+00
       2356    421.233     5.5869   3.418491    35.0054    27.6090 0.0000e+00
       2357    421.245     5.5873   3.418518    35.0053    27.6089 0.0000e+00
       2358    421.260     5.5882   3.418589    35.0051    27.6087 0.0000e+00
       2359    421.273     5.5897   3.418739    35.0053    27.6086 0.0000e+00
       2360    421.283     5.5906   3.418842    35.0055    27.6087 0.0000e+00
       2361    421.290     5.5901   3.418799    35.0056    27.6088 0.0000e+00
       2362    421.284     5.5891   3.418705    35.0055    27.6089 0.0000e+00
       2363    421.262     5.5876   3.418572    35.0056    27.6091 0.0000e+00
       2364    421.241     5.5847   3.418315    35.0057    27.6095 0.0000e+00
       2365    421.238     5.5815   3.417996    35.0054    27.6097 0.0000e+00
       2366    421.255     5.5797   3.417831    35.0053    27.6099 0.0000e+00
       2367    421.280     5.5794   3.417845    35.0058    27.6103 0.0000e+00
       2368    421.287     5.5797   3.417900    35.0061    27.6105 0.0000e+00
       2369    421.257     5.5801   3.417926    35.0060    27.6104 0.0000e+00
       2370    421.199     5.5804   3.417937    35.0058    27.6102 0.0000e+00
       2371    421.140     5.5811   3.417982    35.0057    27.6100 0.0000e+00
       2372    421.112     5.5825   3.418105    35.0056    27.6098 0.0000e+00
       2373    421.125     5.5845   3.418282    35.0056    27.6095 0.0000e+00
       2374    421.163     5.5861   3.418399    35.0052    27.6090 0.0000e+00
       2375    421.198     5.5866   3.418386    35.0045    27.6084 0.0000e+00
       2376    421.210     5.5861   3.418346    35.0046    27.6085 0.0000e+00
       2377    421.207     5.5859   3.418373    35.0051    27.6089 0.0000e+00
       2378    421.210     5.5869   3.418502    35.0055    27.6092 0.0000e+00
       2379    421.232     5.5890   3.418735    35.0060    27.6093 0.0000e+00
       2380    421.266     5.5900   3.418887    35.0067    27.6097 0.0000e+00
       2381    421.301     5.5892   3.418855    35.0071    27.6101 0.0000e+00
       2382    421.329     5.5874   3.418698    35.0072    27.6104 0.0000e+00
       2383    421.346     5.5858   3.418509    35.0067    27.6102 0.0000e+00
       2384    421.352     5.5854   3.418400    35.0058    27.6096 0.0000e+00
       2385    421.351     5.5863   3.418435    35.0053    27.6091 0.0000e+00
       2386    421.351     5.5865   3.418462    35.0054    27.6091 0.0000e+00
       2387    421.368     5.5846   3.418286    35.0054    27.6093 0.0000e+00
       2388    421.409     5.5820   3.418072    35.0056    27.6098 0.0000e+00
       2389    421.460     5.5808   3.418022    35.0063    27.6105 0.0000e+00
       2390    421.501     5.5809   3.418067    35.0066    27.6108 0.0000e+00
       2391    421.530     5.5820   3.418124    35.0061    27.6102 0.0000e+00
       2392    421.550     5.5840   3.418235    35.0053    27.6094 0.0000e+00
       2393    421.561     5.5865   3.418413    35.0047    27.6086 0.0000e+00
       2394    421.564     5.5884   3.418577    35.0046    27.6083 0.0000e+00
       2395    421.566     5.5896   3.418733    35.0052    27.6085 0.0000e+00
       2396    421.572     5.5902   3.418836    35.0057    27.6089 0.0000e+00
       2397    421.579     5.5905   3.418845    35.0055    27.6087 0.0000e+00
       2398    421.584     5.5910   3.418874    35.0053    27.6085 0.0000e+00
       2399    421.587     5.5917   3.418953    35.0055    27.6085 0.0000e+00
       2400    421.585     5.5922   3.418969    35.0052    27.6082 0.0000e+00
       2401    421.566     5.5927   3.418962    35.0046    27.6077 0.0000e+00
       2402    421.541     5.5938   3.419088    35.0049    27.6078 0.0000e+00
       2403    421.537     5.5956   3.419329    35.0058    27.6083 0.0000e+00
       2404    421.562     5.5976   3.419536    35.0060    27.6082 0.0000e+00
       2405    421.603     5.5987   3.419644    35.0061    27.6081 0.0000e+00
       2406    421.641     5.5985   3.419638    35.0062    27.6083 0.0000e+00
       2407    421.661     5.5961   3.419452    35.0066    27.6088 0.0000e+00
       2408    421.668     5.5915   3.419028    35.0065    27.6094 0.0000e+00
       2409    421.673     5.5873   3.418614    35.0062    27.6096 0.0000e+00
       2410    421.677     5.5852   3.418488    35.0069    27.6104 0.0000e+00
       2411    421.677     5.5845   3.418528    35.0081    27.6115 0.0000e+00
       2412    421.671     5.5841   3.418528    35.0085    27.6118 0.0000e+00
       2413    421.658     5.5840   3.418457    35.0078    27.6113 0.0000e+00
       2414    421.643     5.5841   3.418392    35.0070    27.6106 0.0000e+00
       2415    421.637     5.5840   3.418366    35.0068    27.6105 0.0000e+00
       2416    421.642     5.5834   3.418365    35.0074    27.6111 0.0000e+00
       2417    421.646     5.5827   3.418398    35.0085    27.6120 0.0000e+00
       2418    421.632     5.5826   3.418460    35.0093    27.6127 0.0000e+00
       2419    421.600     5.5833   3.418485    35.0089    27.6122 0.0000e+00
       2420    421.564     5.5850   3.418511    35.0074    27.6109 0.0000e+00
       2421    421.542     5.5875   3.418665    35.0066    27.6099 0.0000e+00
       2422    421.541     5.5902   3.418859    35.0060    27.6091 0.0000e+00
       2423    421.552     5.5918   3.418977    35.0057    27.6087 0.0000e+00
       2424    421.558     5.5919   3.419017    35.0060    27.6089 0.0000e+00
       2425    421.553     5.5908   3.418950    35.0064    27.6094 0.0000e+00
       2426    421.542     5.5900   3.418852    35.0061    27.6092 0.0000e+00
       2427    421.533     5.5903   3.418856    35.0059    27.6090 0.0000e+00
       2428    421.532     5.5915   3.418959    35.0058    27.6088 0.0000e+00
       2429    421.531     5.5926   3.419053    35.0057    27.6086 0.0000e+00
       2430    421.518     5.5925   3.419037    35.0057    27.6086 0.0000e+00
       2431    421.497     5.5912   3.418921    35.0057    27.6088 0.0000e+00
       2432    421.487     5.5902   3.418841    35.0058    27.6090 0.0000e+00
       2433    421.493     5.5900   3.418861    35.0063    27.6094 0.0000e+00
       2434    421.505     5.5891   3.418811    35.0066    27.6097 0.0000e+00
       2435    421.515     5.5863   3.418560    35.0067    27.6101 0.0000e+00
       2436    421.516     5.5837   3.418276    35.0061    27.6100 0.0000e+00
       2437    421.507     5.5829   3.418213    35.0062    27.6102 0.0000e+00
       2438    421.495     5.5831   3.418272    35.0067    27.6106 0.0000e+00
       2439    421.486     5.5831   3.418244    35.0064    27.6103 0.0000e+00
       2440    421.482     5.5836   3.418251    35.0060    27.6099 0.0000e+00
       2441    421.477     5.5844   3.418354    35.0063    27.6101 0.0000e+00
       2442    421.468     5.5845   3.418375    35.0064    27.6102 0.0000e+00
       2443    421.460     5.5839   3.418308    35.0063    27.6101 0.0000e+00
       2444    421.460     5.5833   3.418246    35.0062    27.6101 0.0000e+00
       2445    421.468     5.5831   3.418202    35.0059    27.6099 0.0000e+00
       2446    421.475     5.5832   3.418216    35.0060    27.6100 0.0000e+00
       2447    421.472     5.5838   3.418287    35.0062    27.6100 0.0000e+00
       2448    421.460     5.5844   3.418329    35.0060    27.6099 0.0000e+00
       2449    421.448     5.5850   3.418369    35.0059    27.6097 0.0000e+00
       2450    421.443     5.5857   3.418436    35.0059    27.6096 0.0000e+00
       2451    421.451     5.5862   3.418487    35.0060    27.6096 0.0000e+00
       2452    421.465     5.5869   3.418566    35.0061    27.6096 0.0000e+00
       2453    421.470     5.5875   3.418622    35.0061    27.6096 0.0000e+00
       2454    421.460     5.5875   3.418579    35.0057    27.6092 0.0000e+00
       2455    421.436     5.5873   3.418554    35.0056    27.6092 0.0000e+00
       2456    421.406     5.5877   3.418602    35.0057    27.6092 0.0000e+00
       2457    421.392     5.5882   3.418685    35.0062    27.6095 0.0000e+00
       2458    421.402     5.5882   3.418711    35.0065    27.6097 0.0000e+00
       2459    421.419     5.5878   3.418675    35.0065    27.6098 0.0000e+00
       2460    421.421     5.5878   3.418672    35.0064    27.6098 0.0000e+00
       2461    421.405     5.5879   3.418671    35.0063    27.6097 0.0000e+00
