Datasets/Test_Dataset_39219_tow/originals/tel219_2021_034.cnv
* Sea-Bird SBE19plus Data File:
* Filename = C:/AQUIRE/tel219_2021_034.hex
* Software Version AquireV2 AF V2.0
* Temperature SN =  4020
* Conductivity SN =  4020
* System UpLoad Time = May 11 2021 08:13:54
** VESSEL/TRIP/SEQ STN: tel219_2021_034
** LATITUDE: 45 53.99 N
** LONGITUDE: 56 58.02 W
** DATE/TIME: 2021-05-11 07:09
** SOUNDING DEPTH (M): 0310
** PROBE TYPE: S4020
** CTD NUMBER:  34
** FORMAT: T
** COMMENTS: 
# nquan = 7                                 
# nvalues = 3026                        
# units = specified
# name 0 = scan: Scan Count
# name 1 = prdM: Pressure, Strain Gauge [db]
# name 2 = tv290C: Temperature [ITS-90, deg C]
# name 3 = c0S/m: Conductivity [S/m]
# name 4 = sal00: Salinity, Practical [PSU]
# name 5 = sigma-t00: Density [sigma-t, kg/m^3 ]
# name 6 = flag: flag
# span 0 =          1,       3026       
# span 1 =     -0.779,    311.040       
# span 2 =     1.0325,     9.5610       
# span 3 =   0.004602,   3.784993       
# span 4 =     0.0350,    35.1552       
# span 5 =    -0.0023,    27.4390       
# span 6 = 0.0000e+00, 0.0000e+00       
# interval = seconds: 1
# start_time = May 11 2021 07:09:28 [Instrument's time stamp, header]
# bad_flag = -9.990e-29
*END*
[from data line 1231]
       1232    307.083     7.5292   3.600819    35.1028    27.4244 0.0000e+00
       1233    307.229     7.5213   3.600029    35.1022    27.4250 0.0000e+00
       1234    307.373     7.5130   3.599150    35.1009    27.4252 0.0000e+00
       1235    307.514     7.5073   3.598565    35.1002    27.4255 0.0000e+00
       1236    307.641     7.5049   3.598854    35.1057    27.4302 0.0000e+00
       1237    307.742     7.5041   3.599615    35.1148    27.4374 0.0000e+00
       1238    307.821     7.5027   3.599642    35.1164    27.4390 0.0000e+00
       1239    307.891     7.4996   3.598735    35.1097    27.4341 0.0000e+00
       1240    307.964     7.4958   3.597656    35.1018    27.4284 0.0000e+00
       1241    308.047     7.4924   3.596900    35.0969    27.4251 0.0000e+00
       1242    308.133     7.4902   3.596645    35.0963    27.4250 0.0000e+00
       1243    308.210     7.4903   3.597245    35.1027    27.4300 0.0000e+00
       1244    308.264     7.4925   3.598089    35.1096    27.4351 0.0000e+00
       1245    308.296     7.4935   3.597815    35.1056    27.4318 0.0000e+00
       1246    308.328     7.4918   3.596846    35.0968    27.4251 0.0000e+00
       1247    308.376     7.4895   3.596313    35.0933    27.4227 0.0000e+00
       1248    308.436     7.4879   3.596228    35.0940    27.4234 0.0000e+00
       1249    308.497     7.4869   3.596219    35.0949    27.4243 0.0000e+00
       1250    308.552     7.4869   3.596137    35.0939    27.4236 0.0000e+00
       1251    308.609     7.4871   3.596076    35.0931    27.4228 0.0000e+00
       1252    308.669     7.4865   3.596118    35.0941    27.4237 0.0000e+00
       1253    308.721     7.4849   3.596162    35.0962    27.4256 0.0000e+00
       1254    308.762     7.4834   3.595984    35.0957    27.4254 0.0000e+00
       1255    308.801     7.4826   3.595662    35.0930    27.4234 0.0000e+00
       1256    308.846     7.4827   3.595585    35.0920    27.4227 0.0000e+00
       1257    308.885     7.4831   3.595809    35.0941    27.4242 0.0000e+00
       1258    308.905     7.4834   3.595966    35.0954    27.4252 0.0000e+00
       1259    308.916     7.4834   3.595832    35.0940    27.4241 0.0000e+00
       1260    308.937     7.4829   3.595559    35.0915    27.4222 0.0000e+00
       1261    308.973     7.4817   3.595335    35.0903    27.4214 0.0000e+00
       1262    309.014     7.4806   3.595312    35.0911    27.4222 0.0000e+00
       1263    309.045     7.4800   3.595535    35.0941    27.4247 0.0000e+00
       1264    309.062     7.4791   3.595621    35.0960    27.4263 0.0000e+00
       1265    309.072     7.4772   3.595298    35.0944    27.4253 0.0000e+00
       1266    309.084     7.4748   3.594837    35.0918    27.4236 0.0000e+00
       1267    309.107     7.4728   3.594503    35.0901    27.4226 0.0000e+00
       1268    309.143     7.4720   3.594379    35.0896    27.4223 0.0000e+00
       1269    309.178     7.4725   3.594475    35.0901    27.4226 0.0000e+00
       1270    309.193     7.4736   3.594623    35.0906    27.4228 0.0000e+00
       1271    309.191     7.4749   3.594713    35.0903    27.4224 0.0000e+00
       1272    309.194     7.4760   3.594744    35.0895    27.4216 0.0000e+00
       1273    309.216     7.4765   3.594718    35.0887    27.4209 0.0000e+00
       1274    309.249     7.4764   3.594771    35.0894    27.4215 0.0000e+00
       1275    309.271     7.4763   3.595031    35.0923    27.4238 0.0000e+00
       1276    309.275     7.4762   3.595226    35.0945    27.4255 0.0000e+00
       1277    309.272     7.4759   3.595042    35.0928    27.4242 0.0000e+00
       1278    309.274     7.4757   3.594723    35.0895    27.4217 0.0000e+00
       1279    309.287     7.4756   3.594573    35.0880    27.4205 0.0000e+00
       1280    309.305     7.4756   3.594558    35.0878    27.4204 0.0000e+00
       1281    309.323     7.4760   3.594644    35.0883    27.4207 0.0000e+00
       1282    309.335     7.4764   3.594785    35.0895    27.4215 0.0000e+00
       1283    309.334     7.4765   3.594889    35.0905    27.4223 0.0000e+00
       1284    309.321     7.4763   3.594879    35.0906    27.4225 0.0000e+00
       1285    309.312     7.4754   3.594669    35.0892    27.4215 0.0000e+00
       1286    309.318     7.4748   3.594455    35.0875    27.4202 0.0000e+00
       1287    309.334     7.4743   3.594428    35.0877    27.4205 0.0000e+00
       1288    309.350     7.4730   3.594367    35.0883    27.4212 0.0000e+00
       1289    309.361     7.4712   3.594173    35.0880    27.4212 0.0000e+00
       1290    309.368     7.4705   3.594076    35.0877    27.4210 0.0000e+00
       1291    309.369     7.4712   3.594139    35.0877    27.4209 0.0000e+00
       1292    309.367     7.4720   3.594232    35.0879    27.4209 0.0000e+00
       1293    309.366     7.4721   3.594236    35.0878    27.4209 0.0000e+00
       1294    309.370     7.4717   3.594161    35.0874    27.4206 0.0000e+00
       1295    309.386     7.4709   3.594067    35.0872    27.4206 0.0000e+00
       1296    309.408     7.4695   3.593953    35.0873    27.4209 0.0000e+00
       1297    309.425     7.4676   3.593857    35.0882    27.4218 0.0000e+00
       1298    309.431     7.4661   3.593729    35.0883    27.4221 0.0000e+00
       1299    309.422     7.4661   3.593636    35.0873    27.4214 0.0000e+00
       1300    309.402     7.4669   3.593683    35.0870    27.4210 0.0000e+00
       1301    309.386     7.4672   3.593703    35.0870    27.4209 0.0000e+00
       1302    309.390     7.4671   3.593629    35.0863    27.4204 0.0000e+00
       1303    309.409     7.4673   3.593651    35.0863    27.4204 0.0000e+00
       1304    309.421     7.4686   3.593799    35.0866    27.4204 0.0000e+00
       1305    309.414     7.4702   3.593945    35.0866    27.4202 0.0000e+00
       1306    309.399     7.4716   3.594046    35.0862    27.4197 0.0000e+00
       1307    309.395     7.4722   3.594097    35.0862    27.4196 0.0000e+00
       1308    309.408     7.4722   3.594116    35.0864    27.4197 0.0000e+00
       1309    309.425     7.4718   3.594126    35.0869    27.4202 0.0000e+00
       1310    309.433     7.4712   3.594084    35.0870    27.4204 0.0000e+00
       1311    309.439     7.4700   3.593948    35.0868    27.4204 0.0000e+00
       1312    309.453     7.4684   3.593788    35.0866    27.4205 0.0000e+00
       1313    309.466     7.4673   3.593722    35.0870    27.4209 0.0000e+00
       1314    309.466     7.4667   3.593715    35.0876    27.4215 0.0000e+00
       1315    309.458     7.4663   3.593660    35.0874    27.4214 0.0000e+00
       1316    309.454     7.4657   3.593540    35.0867    27.4209 0.0000e+00
       1317    309.462     7.4656   3.593460    35.0859    27.4203 0.0000e+00
       1318    309.475     7.4669   3.593558    35.0856    27.4199 0.0000e+00
       1319    309.479     7.4687   3.593753    35.0859    27.4199 0.0000e+00
       1320    309.479     7.4694   3.593850    35.0863    27.4201 0.0000e+00
       1321    309.485     7.4690   3.593816    35.0863    27.4202 0.0000e+00
       1322    309.499     7.4682   3.593747    35.0864    27.4203 0.0000e+00
       1323    309.510     7.4669   3.593655    35.0867    27.4207 0.0000e+00
       1324    309.506     7.4651   3.593521    35.0870    27.4213 0.0000e+00
       1325    309.494     7.4641   3.593414    35.0869    27.4213 0.0000e+00
       1326    309.487     7.4640   3.593358    35.0864    27.4209 0.0000e+00
       1327    309.491     7.4642   3.593358    35.0862    27.4207 0.0000e+00
       1328    309.499     7.4642   3.593378    35.0864    27.4209 0.0000e+00
       1329    309.499     7.4645   3.593386    35.0862    27.4207 0.0000e+00
       1330    309.494     7.4654   3.593449    35.0860    27.4204 0.0000e+00
       1331    309.493     7.4660   3.593532    35.0863    27.4205 0.0000e+00
       1332    309.503     7.4653   3.593482    35.0864    27.4208 0.0000e+00
       1333    309.518     7.4633   3.593318    35.0866    27.4212 0.0000e+00
       1334    309.525     7.4614   3.593181    35.0871    27.4218 0.0000e+00
       1335    309.520     7.4605   3.593164    35.0878    27.4225 0.0000e+00
       1336    309.504     7.4608   3.593197    35.0879    27.4225 0.0000e+00
       1337    309.486     7.4617   3.593201    35.0870    27.4217 0.0000e+00
       1338    309.477     7.4623   3.593200    35.0864    27.4212 0.0000e+00
       1339    309.480     7.4620   3.593147    35.0861    27.4210 0.0000e+00
       1340    309.490     7.4617   3.593077    35.0857    27.4207 0.0000e+00
       1341    309.495     7.4618   3.593086    35.0856    27.4207 0.0000e+00
       1342    309.489     7.4616   3.593111    35.0861    27.4211 0.0000e+00
       1343    309.476     7.4607   3.593044    35.0863    27.4213 0.0000e+00
       1344    309.467     7.4597   3.592947    35.0863    27.4215 0.0000e+00
       1345    309.455     7.4593   3.592938    35.0866    27.4218 0.0000e+00
       1346    309.431     7.4591   3.592972    35.0872    27.4222 0.0000e+00
       1347    309.402     7.4585   3.592906    35.0871    27.4223 0.0000e+00
       1348    309.382     7.4570   3.592698    35.0863    27.4219 0.0000e+00
       1349    309.379     7.4555   3.592494    35.0856    27.4216 0.0000e+00
       1350    309.387     7.4552   3.592468    35.0856    27.4216 0.0000e+00
       1351    309.395     7.4562   3.592576    35.0858    27.4216 0.0000e+00
       1352    309.401     7.4576   3.592716    35.0859    27.4215 0.0000e+00
       1353    309.404     7.4588   3.592833    35.0860    27.4213 0.0000e+00
       1354    309.406     7.4588   3.592842    35.0861    27.4214 0.0000e+00
       1355    309.407     7.4575   3.592722    35.0861    27.4216 0.0000e+00
       1356    309.408     7.4563   3.592590    35.0858    27.4216 0.0000e+00
       1357    309.407     7.4555   3.592539    35.0861    27.4219 0.0000e+00
       1358    309.403     7.4543   3.592473    35.0866    27.4225 0.0000e+00
       1359    309.388     7.4531   3.592377    35.0868    27.4228 0.0000e+00
       1360    309.361     7.4524   3.592316    35.0868    27.4230 0.0000e+00
       1361    309.338     7.4517   3.592213    35.0864    27.4227 0.0000e+00
       1362    309.335     7.4512   3.592079    35.0855    27.4221 0.0000e+00
       1363    309.355     7.4511   3.592061    35.0854    27.4220 0.0000e+00
       1364    309.380     7.4515   3.592147    35.0859    27.4223 0.0000e+00
       1365    309.386     7.4517   3.592217    35.0864    27.4228 0.0000e+00
       1366    309.372     7.4510   3.592170    35.0866    27.4230 0.0000e+00
       1367    309.356     7.4497   3.591987    35.0860    27.4227 0.0000e+00
       1368    309.357     7.4489   3.591849    35.0853    27.4222 0.0000e+00
       1369    309.371     7.4489   3.591857    35.0854    27.4223 0.0000e+00
       1370    309.386     7.4491   3.591914    35.0858    27.4226 0.0000e+00
       1371    309.395     7.4489   3.591909    35.0859    27.4227 0.0000e+00
       1372    309.408     7.4476   3.591771    35.0857    27.4228 0.0000e+00
       1373    309.431     7.4458   3.591550    35.0851    27.4226 0.0000e+00
       1374    309.457     7.4448   3.591456    35.0851    27.4227 0.0000e+00
       1375    309.478     7.4456   3.591550    35.0853    27.4227 0.0000e+00
       1376    309.489     7.4469   3.591691    35.0855    27.4227 0.0000e+00
       1377    309.492     7.4474   3.591731    35.0855    27.4226 0.0000e+00
       1378    309.496     7.4475   3.591721    35.0852    27.4224 0.0000e+00
       1379    309.503     7.4488   3.591836    35.0852    27.4222 0.0000e+00
       1380    309.512     7.4505   3.592027    35.0855    27.4222 0.0000e+00
       1381    309.516     7.4513   3.592113    35.0857    27.4222 0.0000e+00
       1382    309.515     7.4505   3.592039    35.0857    27.4223 0.0000e+00
       1383    309.518     7.4478   3.591786    35.0856    27.4227 0.0000e+00
       1384    309.529     7.4441   3.591426    35.0854    27.4231 0.0000e+00
       1385    309.538     7.4410   3.591191    35.0860    27.4240 0.0000e+00
       1386    309.532     7.4395   3.591111    35.0867    27.4247 0.0000e+00
       1387    309.518     7.4396   3.591086    35.0863    27.4244 0.0000e+00
       1388    309.512     7.4409   3.591147    35.0857    27.4237 0.0000e+00
       1389    309.516     7.4425   3.591265    35.0853    27.4232 0.0000e+00
       1390    309.518     7.4442   3.591392    35.0850    27.4227 0.0000e+00
       1391    309.513     7.4463   3.591576    35.0849    27.4223 0.0000e+00
       1392    309.502     7.4474   3.591719    35.0853    27.4225 0.0000e+00
       1393    309.496     7.4468   3.591652    35.0852    27.4225 0.0000e+00
       1394    309.503     7.4459   3.591522    35.0847    27.4222 0.0000e+00
       1395    309.514     7.4458   3.591519    35.0847    27.4223 0.0000e+00
       1396    309.521     7.4466   3.591601    35.0848    27.4222 0.0000e+00
       1397    309.522     7.4476   3.591698    35.0849    27.4221 0.0000e+00
       1398    309.515     7.4481   3.591748    35.0849    27.4221 0.0000e+00
       1399    309.495     7.4471   3.591654    35.0849    27.4222 0.0000e+00
       1400    309.475     7.4445   3.591409    35.0849    27.4226 0.0000e+00
       1401    309.473     7.4410   3.591109    35.0852    27.4233 0.0000e+00
       1402    309.486     7.4379   3.590840    35.0854    27.4239 0.0000e+00
       1403    309.497     7.4360   3.590694    35.0857    27.4244 0.0000e+00
       1404    309.495     7.4350   3.590633    35.0860    27.4248 0.0000e+00
       1405    309.486     7.4339   3.590499    35.0857    27.4247 0.0000e+00
       1406    309.486     7.4328   3.590348    35.0851    27.4245 0.0000e+00
       1407    309.494     7.4322   3.590326    35.0855    27.4248 0.0000e+00
       1408    309.490     7.4323   3.590375    35.0859    27.4252 0.0000e+00
       1409    309.472     7.4327   3.590406    35.0859    27.4251 0.0000e+00
       1410    309.457     7.4331   3.590407    35.0855    27.4247 0.0000e+00
       1411    309.457     7.4335   3.590398    35.0850    27.4242 0.0000e+00
       1412    309.468     7.4335   3.590417    35.0852    27.4244 0.0000e+00
       1413    309.476     7.4332   3.590415    35.0855    27.4247 0.0000e+00
       1414    309.476     7.4332   3.590396    35.0853    27.4245 0.0000e+00
       1415    309.478     7.4333   3.590394    35.0851    27.4244 0.0000e+00
       1416    309.484     7.4330   3.590353    35.0850    27.4243 0.0000e+00
       1417    309.490     7.4326   3.590296    35.0848    27.4242 0.0000e+00
       1418    309.489     7.4327   3.590313    35.0849    27.4243 0.0000e+00
       1419    309.478     7.4334   3.590384    35.0849    27.4242 0.0000e+00
       1420    309.460     7.4345   3.590489    35.0850    27.4241 0.0000e+00
       1421    309.452     7.4356   3.590593    35.0850    27.4239 0.0000e+00
       1422    309.461     7.4362   3.590631    35.0848    27.4237 0.0000e+00
       1423    309.480     7.4368   3.590678    35.0847    27.4235 0.0000e+00
       1424    309.500     7.4371   3.590720    35.0848    27.4236 0.0000e+00
       1425    309.513     7.4373   3.590717    35.0846    27.4234 0.0000e+00
       1426    309.514     7.4380   3.590762    35.0844    27.4231 0.0000e+00
       1427    309.507     7.4393   3.590895    35.0845    27.4230 0.0000e+00
       1428    309.503     7.4404   3.591020    35.0848    27.4231 0.0000e+00
       1429    309.505     7.4410   3.591066    35.0847    27.4229 0.0000e+00
       1430    309.507     7.4414   3.591090    35.0845    27.4227 0.0000e+00
       1431    309.509     7.4420   3.591122    35.0843    27.4224 0.0000e+00
       1432    309.506     7.4425   3.591156    35.0841    27.4223 0.0000e+00
       1433    309.495     7.4430   3.591212    35.0842    27.4223 0.0000e+00
       1434    309.484     7.4436   3.591300    35.0846    27.4225 0.0000e+00
       1435    309.488     7.4440   3.591352    35.0848    27.4225 0.0000e+00
