Datasets/Test_Dataset_39219_tow/originals/tel219_2021_009.cnv
* Sea-Bird SBE19plus Data File:
* Filename = C:/AQUIRE/tel219_2021_009.hex
* Software Version AquireV2 AF V2.0
* Temperature SN =  4020
* Conductivity SN =  4020
* System UpLoad Time = May 06 2021 17:32:14
** VESSEL/TRIP/SEQ STN: tel219_2021_009
** LATITUDE: 45 56.69 N
** LONGITUDE: 55 57.60 W
** DATE/TIME: 2021-05-06 16:54
** SOUNDING DEPTH (M): 0068
** PROBE TYPE: S4020
** CTD NUMBER: 009
** FORMAT: t
** COMMENTS: 
# nquan = 7                                 
# nvalues = 2262                        
# units = specified
# name 0 = scan: Scan Count
# name 1 = prdM: Pressure, Strain Gauge [db]
# name 2 = tv290C: Temperature [ITS-90, deg C]
# name 3 = c0S/m: Conductivity [S/m]
# name 4 = sal00: Salinity, Practical [PSU]
# name 5 = sigma-t00: Density [sigma-t, kg/m^3 ]
# name 6 = flag: flag
# span 0 =          1,       2262       
# span 1 =     -0.111,     61.906       
# span 2 =     1.4090,     4.3653       
# span 3 =   0.008327,   2.991401       
# span 4 =     0.0630,    32.2317       
# span 5 =     0.0246,    25.7923       
# span 6 = 0.0000e+00, 0.0000e+00       
# interval = seconds: 1
# start_time = May 06 2021 16:54:58 [Instrument's time stamp, header]
# bad_flag = -9.990e-29
*END*
[from data line 411]
        412      0.346     3.5197   2.964602    32.0254    25.4656 0.0000e+00
        413      0.397     3.5202   2.964617    32.0251    25.4653 0.0000e+00
        414      0.479     3.5205   2.964646    32.0251    25.4653 0.0000e+00
        415      0.624     3.5195   2.964590    32.0253    25.4656 0.0000e+00
        416      0.824     3.5167   2.964367    32.0253    25.4658 0.0000e+00
        417      1.077     3.5132   2.964096    32.0254    25.4662 0.0000e+00
        418      1.366     3.5101   2.963887    32.0258    25.4668 0.0000e+00
        419      1.640     3.5080   2.963766    32.0263    25.4674 0.0000e+00
        420      1.869     3.5074   2.963761    32.0267    25.4678 0.0000e+00
        421      2.070     3.5077   2.963828    32.0271    25.4681 0.0000e+00
        422      2.262     3.5077   2.963845    32.0272    25.4681 0.0000e+00
        423      2.444     3.5073   2.963821    32.0272    25.4682 0.0000e+00
        424      2.616     3.5074   2.963845    32.0273    25.4683 0.0000e+00
        425      2.784     3.5079   2.963880    32.0272    25.4681 0.0000e+00
        426      2.956     3.5083   2.963929    32.0273    25.4681 0.0000e+00
        427      3.073     3.5091   2.964037    32.0277    25.4684 0.0000e+00
        428      3.037     3.5109   2.964207    32.0280    25.4685 0.0000e+00
        429      2.915     3.5131   2.964398    32.0281    25.4684 0.0000e+00
        430      2.882     3.5149   2.964514    32.0278    25.4679 0.0000e+00
        431      3.045     3.5160   2.964592    32.0275    25.4676 0.0000e+00
        432      3.329     3.5169   2.964696    32.0277    25.4677 0.0000e+00
        433      3.522     3.5178   2.964784    32.0278    25.4677 0.0000e+00
        434      3.540     3.5182   2.964811    32.0277    25.4676 0.0000e+00
        435      3.491     3.5176   2.964753    32.0276    25.4676 0.0000e+00
        436      3.480     3.5168   2.964682    32.0276    25.4676 0.0000e+00
        437      3.527     3.5171   2.964736    32.0279    25.4678 0.0000e+00
        438      3.556     3.5178   2.964825    32.0283    25.4681 0.0000e+00
        439      3.509     3.5174   2.964772    32.0281    25.4679 0.0000e+00
        440      3.486     3.5164   2.964665    32.0278    25.4678 0.0000e+00
        441      3.577     3.5164   2.964686    32.0280    25.4680 0.0000e+00
        442      3.731     3.5174   2.964803    32.0283    25.4681 0.0000e+00
        443      3.840     3.5177   2.964833    32.0283    25.4681 0.0000e+00
        444      3.862     3.5169   2.964750    32.0281    25.4680 0.0000e+00
        445      3.859     3.5156   2.964654    32.0282    25.4682 0.0000e+00
        446      3.929     3.5148   2.964608    32.0284    25.4685 0.0000e+00
        447      4.140     3.5147   2.964627    32.0287    25.4687 0.0000e+00
        448      4.459     3.5155   2.964692    32.0285    25.4684 0.0000e+00
        449      4.766     3.5164   2.964781    32.0285    25.4684 0.0000e+00
        450      4.975     3.5162   2.964793    32.0287    25.4686 0.0000e+00
        451      5.109     3.5143   2.964651    32.0288    25.4688 0.0000e+00
        452      5.244     3.5122   2.964465    32.0286    25.4689 0.0000e+00
        453      5.419     3.5119   2.964450    32.0286    25.4689 0.0000e+00
        454      5.634     3.5139   2.964636    32.0288    25.4688 0.0000e+00
        455      5.914     3.5160   2.964826    32.0288    25.4687 0.0000e+00
        456      6.257     3.5170   2.964905    32.0286    25.4684 0.0000e+00
        457      6.579     3.5169   2.964907    32.0286    25.4684 0.0000e+00
        458      6.830     3.5153   2.964841    32.0292    25.4691 0.0000e+00
        459      7.066     3.5125   2.964642    32.0295    25.4695 0.0000e+00
        460      7.322     3.5103   2.964450    32.0292    25.4695 0.0000e+00
        461      7.542     3.5100   2.964437    32.0293    25.4696 0.0000e+00
        462      7.722     3.5103   2.964466    32.0292    25.4695 0.0000e+00
        463      7.919     3.5096   2.964461    32.0297    25.4700 0.0000e+00
        464      8.141     3.5072   2.964343    32.0306    25.4709 0.0000e+00
        465      8.368     3.5033   2.964040    32.0307    25.4713 0.0000e+00
        466      8.597     3.4996   2.963781    32.0311    25.4720 0.0000e+00
        467      8.855     3.4959   2.963536    32.0317    25.4728 0.0000e+00
        468      9.146     3.4947   2.963365    32.0307    25.4721 0.0000e+00
        469      9.446     3.4988   2.963670    32.0302    25.4713 0.0000e+00
        470      9.729     3.5054   2.964226    32.0301    25.4707 0.0000e+00
        471      9.991     3.5092   2.964549    32.0301    25.4703 0.0000e+00
        472     10.248     3.5089   2.964525    32.0300    25.4702 0.0000e+00
        473     10.521     3.5061   2.964283    32.0297    25.4703 0.0000e+00
        474     10.814     3.5038   2.964120    32.0299    25.4706 0.0000e+00
        475     11.127     3.5041   2.964159    32.0299    25.4706 0.0000e+00
        476     11.464     3.5059   2.964310    32.0298    25.4703 0.0000e+00
        477     11.813     3.5069   2.964431    32.0300    25.4705 0.0000e+00
        478     12.143     3.5054   2.964382    32.0308    25.4712 0.0000e+00
        479     12.450     3.5012   2.964135    32.0318    25.4724 0.0000e+00
        480     12.753     3.4938   2.963658    32.0332    25.4742 0.0000e+00
        481     13.067     3.4825   2.962884    32.0350    25.4766 0.0000e+00
        482     13.391     3.4692   2.961903    32.0362    25.4788 0.0000e+00
        483     13.721     3.4587   2.961088    32.0367    25.4801 0.0000e+00
        484     14.054     3.4513   2.960647    32.0386    25.4823 0.0000e+00
        485     14.386     3.4406   2.960050    32.0418    25.4858 0.0000e+00
        486     14.717     3.4248   2.958811    32.0424    25.4877 0.0000e+00
        487     15.057     3.4131   2.957765    32.0413    25.4879 0.0000e+00
        488     15.405     3.4034   2.957458    32.0470    25.4933 0.0000e+00
        489     15.753     3.3729   2.955844    32.0577    25.5046 0.0000e+00
        490     16.095     3.3125   2.951538    32.0657    25.5163 0.0000e+00
        491     16.434     3.2407   2.946090    32.0713    25.5271 0.0000e+00
        492     16.777     3.1786   2.941369    32.0760    25.5362 0.0000e+00
        493     17.128     3.1296   2.937998    32.0839    25.5467 0.0000e+00
        494     17.486     3.0869   2.934992    32.0899    25.5552 0.0000e+00
        495     17.847     3.0485   2.931881    32.0904    25.5588 0.0000e+00
        496     18.211     3.0177   2.929401    32.0909    25.5619 0.0000e+00
        497     18.578     2.9958   2.927656    32.0914    25.5641 0.0000e+00
        498     18.947     2.9791   2.926292    32.0913    25.5655 0.0000e+00
        499     19.317     2.9614   2.924713    32.0897    25.5657 0.0000e+00
        500     19.682     2.9389   2.922796    32.0887    25.5668 0.0000e+00
        501     20.041     2.9107   2.920712    32.0914    25.5713 0.0000e+00
        502     20.397     2.8766   2.918174    32.0944    25.5765 0.0000e+00
        503     20.753     2.8419   2.915540    32.0969    25.5814 0.0000e+00
        504     21.110     2.8165   2.913533    32.0977    25.5841 0.0000e+00
        505     21.466     2.8041   2.912489    32.0973    25.5848 0.0000e+00
        506     21.828     2.7969   2.911967    32.0979    25.5859 0.0000e+00
        507     22.204     2.7874   2.911059    32.0962    25.5853 0.0000e+00
        508     22.595     2.7761   2.909941    32.0937    25.5842 0.0000e+00
        509     22.990     2.7663   2.909034    32.0922    25.5838 0.0000e+00
        510     23.381     2.7586   2.908323    32.0911    25.5835 0.0000e+00
        511     23.768     2.7518   2.907723    32.0903    25.5835 0.0000e+00
        512     24.152     2.7453   2.907097    32.0890    25.5830 0.0000e+00
        513     24.535     2.7390   2.906552    32.0885    25.5831 0.0000e+00
        514     24.920     2.7336   2.906111    32.0883    25.5834 0.0000e+00
        515     25.309     2.7289   2.905692    32.0877    25.5833 0.0000e+00
        516     25.700     2.7255   2.905558    32.0893    25.5848 0.0000e+00
        517     26.090     2.7226   2.905516    32.0915    25.5868 0.0000e+00
        518     26.478     2.7186   2.904977    32.0887    25.5849 0.0000e+00
        519     26.871     2.7133   2.904250    32.0849    25.5823 0.0000e+00
        520     27.271     2.7081   2.903707    32.0833    25.5814 0.0000e+00
        521     27.675     2.7039   2.903288    32.0822    25.5809 0.0000e+00
        522     28.081     2.7000   2.902901    32.0811    25.5804 0.0000e+00
        523     28.487     2.6959   2.902501    32.0802    25.5799 0.0000e+00
        524     28.894     2.6921   2.902150    32.0795    25.5797 0.0000e+00
        525     29.301     2.6888   2.901837    32.0787    25.5794 0.0000e+00
        526     29.701     2.6864   2.901597    32.0780    25.5790 0.0000e+00
        527     30.090     2.6844   2.901465    32.0782    25.5793 0.0000e+00
        528     30.467     2.6826   2.901383    32.0788    25.5799 0.0000e+00
        529     30.838     2.6809   2.901204    32.0781    25.5795 0.0000e+00
        530     31.210     2.6786   2.900867    32.0761    25.5781 0.0000e+00
        531     31.580     2.6761   2.900509    32.0740    25.5766 0.0000e+00
        532     31.943     2.6742   2.900284    32.0730    25.5759 0.0000e+00
        533     32.305     2.6730   2.900232    32.0734    25.5763 0.0000e+00
        534     32.678     2.6719   2.900386    32.0762    25.5787 0.0000e+00
        535     33.059     2.6711   2.900516    32.0783    25.5805 0.0000e+00
        536     33.434     2.6705   2.900269    32.0757    25.5784 0.0000e+00
        537     33.798     2.6696   2.899859    32.0714    25.5751 0.0000e+00
        538     34.153     2.6683   2.899559    32.0689    25.5731 0.0000e+00
        539     34.502     2.6671   2.899386    32.0678    25.5724 0.0000e+00
        540     34.842     2.6661   2.899319    32.0678    25.5724 0.0000e+00
        541     35.170     2.6652   2.899232    32.0674    25.5722 0.0000e+00
        542     35.484     2.6645   2.899107    32.0665    25.5715 0.0000e+00
        543     35.789     2.6635   2.899016    32.0662    25.5714 0.0000e+00
        544     36.089     2.6622   2.898950    32.0665    25.5717 0.0000e+00
        545     36.378     2.6608   2.898858    32.0666    25.5720 0.0000e+00
        546     36.652     2.6595   2.898728    32.0662    25.5717 0.0000e+00
        547     36.909     2.6587   2.898602    32.0653    25.5711 0.0000e+00
        548     37.154     2.6580   2.898508    32.0648    25.5707 0.0000e+00
        549     37.387     2.6570   2.898412    32.0645    25.5705 0.0000e+00
        550     37.605     2.6563   2.898332    32.0641    25.5703 0.0000e+00
        551     37.811     2.6560   2.898262    32.0634    25.5698 0.0000e+00
        552     38.005     2.6557   2.898198    32.0628    25.5693 0.0000e+00
        553     38.185     2.6551   2.898165    32.0629    25.5694 0.0000e+00
        554     38.349     2.6544   2.898129    32.0631    25.5696 0.0000e+00
        555     38.498     2.6540   2.898084    32.0629    25.5695 0.0000e+00
        556     38.634     2.6538   2.898043    32.0625    25.5692 0.0000e+00
        557     38.761     2.6534   2.898006    32.0624    25.5691 0.0000e+00
        558     38.882     2.6530   2.897995    32.0626    25.5693 0.0000e+00
        559     38.998     2.6525   2.897967    32.0627    25.5695 0.0000e+00
        560     39.113     2.6521   2.897902    32.0622    25.5691 0.0000e+00
        561     39.229     2.6518   2.897886    32.0623    25.5692 0.0000e+00
        562     39.344     2.6517   2.897921    32.0627    25.5696 0.0000e+00
        563     39.453     2.6518   2.897934    32.0627    25.5696 0.0000e+00
        564     39.560     2.6516   2.897906    32.0625    25.5694 0.0000e+00
        565     39.672     2.6512   2.897857    32.0623    25.5692 0.0000e+00
        566     39.788     2.6509   2.897828    32.0622    25.5692 0.0000e+00
        567     39.899     2.6507   2.897817    32.0622    25.5692 0.0000e+00
        568     40.002     2.6505   2.897799    32.0621    25.5692 0.0000e+00
        569     40.100     2.6502   2.897788    32.0622    25.5693 0.0000e+00
        570     40.198     2.6498   2.897776    32.0624    25.5695 0.0000e+00
        571     40.298     2.6495   2.897758    32.0624    25.5695 0.0000e+00
        572     40.396     2.6490   2.897733    32.0626    25.5697 0.0000e+00
        573     40.491     2.6486   2.897696    32.0625    25.5696 0.0000e+00
        574     40.584     2.6483   2.897677    32.0625    25.5696 0.0000e+00
        575     40.682     2.6481   2.897671    32.0626    25.5697 0.0000e+00
        576     40.791     2.6479   2.897637    32.0623    25.5695 0.0000e+00
        577     40.906     2.6478   2.897604    32.0619    25.5692 0.0000e+00
        578     41.015     2.6475   2.897586    32.0620    25.5693 0.0000e+00
        579     41.116     2.6473   2.897573    32.0620    25.5693 0.0000e+00
        580     41.217     2.6469   2.897548    32.0620    25.5694 0.0000e+00
        581     41.328     2.6467   2.897518    32.0618    25.5692 0.0000e+00
        582     41.446     2.6467   2.897509    32.0616    25.5691 0.0000e+00
        583     41.571     2.6466   2.897516    32.0617    25.5692 0.0000e+00
        584     41.699     2.6465   2.897508    32.0617    25.5691 0.0000e+00
        585     41.826     2.6464   2.897496    32.0615    25.5690 0.0000e+00
        586     41.955     2.6464   2.897507    32.0616    25.5691 0.0000e+00
        587     42.092     2.6466   2.897528    32.0616    25.5691 0.0000e+00
        588     42.230     2.6467   2.897547    32.0616    25.5691 0.0000e+00
        589     42.366     2.6467   2.897548    32.0616    25.5690 0.0000e+00
        590     42.502     2.6469   2.897549    32.0613    25.5688 0.0000e+00
        591     42.639     2.6471   2.897568    32.0613    25.5688 0.0000e+00
        592     42.778     2.6474   2.897597    32.0613    25.5687 0.0000e+00
        593     42.922     2.6476   2.897628    32.0614    25.5688 0.0000e+00
        594     43.068     2.6477   2.897645    32.0614    25.5688 0.0000e+00
        595     43.215     2.6476   2.897649    32.0615    25.5689 0.0000e+00
        596     43.368     2.6475   2.897650    32.0615    25.5689 0.0000e+00
        597     43.527     2.6473   2.897654    32.0617    25.5691 0.0000e+00
        598     43.686     2.6471   2.897653    32.0618    25.5692 0.0000e+00
        599     43.839     2.6466   2.897623    32.0618    25.5692 0.0000e+00
        600     43.989     2.6457   2.897551    32.0618    25.5693 0.0000e+00
        601     44.143     2.6448   2.897473    32.0616    25.5692 0.0000e+00
        602     44.310     2.6440   2.897448    32.0620    25.5696 0.0000e+00
        603     44.487     2.6435   2.897459    32.0626    25.5701 0.0000e+00
        604     44.660     2.6429   2.897423    32.0626    25.5702 0.0000e+00
        605     44.823     2.6426   2.897358    32.0621    25.5698 0.0000e+00
        606     44.980     2.6422   2.897319    32.0619    25.5697 0.0000e+00
        607     45.139     2.6418   2.897292    32.0619    25.5697 0.0000e+00
        608     45.308     2.6414   2.897243    32.0616    25.5695 0.0000e+00
        609     45.485     2.6410   2.897194    32.0613    25.5693 0.0000e+00
        610     45.654     2.6404   2.897185    32.0617    25.5696 0.0000e+00
        611     45.813     2.6397   2.897172    32.0622    25.5701 0.0000e+00
        612     45.971     2.6390   2.897134    32.0623    25.5702 0.0000e+00
        613     46.136     2.6384   2.897105    32.0625    25.5704 0.0000e+00
        614     46.308     2.6376   2.897077    32.0629    25.5708 0.0000e+00
        615     46.483     2.6368   2.897028    32.0630    25.5709 0.0000e+00
