Datasets/Test_Dataset_39219_tow/originals/tel219_2021_024.cnv
* Sea-Bird SBE19plus Data File:
* Filename = C:/AQUIRE/tel219_2021_024.hex
* Software Version AquireV2 AF V2.0
* Temperature SN =  4020
* Conductivity SN =  4020
* System UpLoad Time = May 08 2021 09:52:55
** VESSEL/TRIP/SEQ STN: tel219_2021_024
** LATITUDE: 46 25.86 N
** LONGITUDE: 57 23.39 W
** DATE/TIME: 2021-05-08 09:03
** SOUNDING DEPTH (M): 0202
** PROBE TYPE: S4020
** CTD NUMBER:  24
** FORMAT: T
** COMMENTS: 
# nquan = 7                                 
# nvalues = 3057                        
# units = specified
# name 0 = scan: Scan Count
# name 1 = prdM: Pressure, Strain Gauge [db]
# name 2 = tv290C: Temperature [ITS-90, deg C]
# name 3 = c0S/m: Conductivity [S/m]
# name 4 = sal00: Salinity, Practical [PSU]
# name 5 = sigma-t00: Density [sigma-t, kg/m^3 ]
# name 6 = flag: flag
# span 0 =          1,       3057       
# span 1 =     -0.677,    201.577       
# span 2 =     1.8163,     9.0239       
# span 3 =   0.006005,   3.729878       
# span 4 =     0.0450,    35.0481       
# span 5 =     0.0098,    27.1543       
# span 6 = 0.0000e+00, 0.0000e+00       
# interval = seconds: 1
# start_time = May 08 2021 09:03:01 [Instrument's time stamp, header]
# bad_flag = -9.990e-29
*END*
[from data line 1642]
       1643    200.538     9.0194   3.727898    35.0243    27.1341 0.0000e+00
       1644    200.529     9.0196   3.727739    35.0224    27.1326 0.0000e+00
       1645    200.515     9.0197   3.727640    35.0213    27.1317 0.0000e+00
       1646    200.507     9.0197   3.727651    35.0214    27.1318 0.0000e+00
       1647    200.507     9.0195   3.727746    35.0226    27.1328 0.0000e+00
       1648    200.511     9.0193   3.727880    35.0242    27.1340 0.0000e+00
       1649    200.513     9.0193   3.727988    35.0253    27.1349 0.0000e+00
       1650    200.508     9.0192   3.728046    35.0260    27.1355 0.0000e+00
       1651    200.503     9.0191   3.728118    35.0269    27.1362 0.0000e+00
       1652    200.504     9.0191   3.728202    35.0278    27.1369 0.0000e+00
       1653    200.509     9.0189   3.728241    35.0284    27.1374 0.0000e+00
       1654    200.512     9.0187   3.728242    35.0286    27.1376 0.0000e+00
       1655    200.519     9.0184   3.728212    35.0286    27.1376 0.0000e+00
       1656    200.532     9.0183   3.728154    35.0281    27.1372 0.0000e+00
       1657    200.545     9.0183   3.728086    35.0273    27.1367 0.0000e+00
       1658    200.546     9.0184   3.728004    35.0264    27.1359 0.0000e+00
       1659    200.533     9.0188   3.727892    35.0248    27.1346 0.0000e+00
       1660    200.515     9.0190   3.727800    35.0237    27.1337 0.0000e+00
       1661    200.504     9.0190   3.727783    35.0235    27.1335 0.0000e+00
       1662    200.508     9.0190   3.727816    35.0238    27.1338 0.0000e+00
       1663    200.521     9.0190   3.727838    35.0241    27.1340 0.0000e+00
       1664    200.525     9.0190   3.727813    35.0238    27.1338 0.0000e+00
       1665    200.510     9.0191   3.727738    35.0229    27.1331 0.0000e+00
       1666    200.480     9.0191   3.727652    35.0220    27.1324 0.0000e+00
       1667    200.454     9.0191   3.727581    35.0213    27.1318 0.0000e+00
       1668    200.447     9.0191   3.727546    35.0209    27.1315 0.0000e+00
       1669    200.450     9.0189   3.727573    35.0214    27.1319 0.0000e+00
       1670    200.449     9.0187   3.727620    35.0221    27.1325 0.0000e+00
       1671    200.440     9.0184   3.727651    35.0227    27.1330 0.0000e+00
       1672    200.429     9.0180   3.727694    35.0236    27.1338 0.0000e+00
       1673    200.420     9.0173   3.727808    35.0255    27.1354 0.0000e+00
       1674    200.422     9.0160   3.728009    35.0288    27.1382 0.0000e+00
       1675    200.429     9.0146   3.728184    35.0321    27.1410 0.0000e+00
       1676    200.429     9.0139   3.728261    35.0335    27.1422 0.0000e+00
       1677    200.419     9.0136   3.728270    35.0339    27.1426 0.0000e+00
       1678    200.406     9.0133   3.728254    35.0341    27.1427 0.0000e+00
       1679    200.400     9.0131   3.728252    35.0343    27.1429 0.0000e+00
       1680    200.408     9.0130   3.728282    35.0347    27.1433 0.0000e+00
       1681    200.423     9.0128   3.728320    35.0353    27.1437 0.0000e+00
       1682    200.433     9.0128   3.728321    35.0353    27.1438 0.0000e+00
       1683    200.436     9.0130   3.728282    35.0347    27.1432 0.0000e+00
       1684    200.440     9.0133   3.728233    35.0338    27.1426 0.0000e+00
       1685    200.442     9.0137   3.728202    35.0331    27.1419 0.0000e+00
       1686    200.445     9.0141   3.728178    35.0325    27.1414 0.0000e+00
       1687    200.455     9.0150   3.728110    35.0309    27.1400 0.0000e+00
       1688    200.461     9.0160   3.727998    35.0287    27.1381 0.0000e+00
       1689    200.458     9.0163   3.727913    35.0275    27.1371 0.0000e+00
       1690    200.456     9.0159   3.727909    35.0279    27.1375 0.0000e+00
       1691    200.459     9.0153   3.727952    35.0289    27.1384 0.0000e+00
       1692    200.463     9.0152   3.727956    35.0291    27.1385 0.0000e+00
       1693    200.463     9.0158   3.727908    35.0280    27.1376 0.0000e+00
       1694    200.458     9.0162   3.727855    35.0270    27.1368 0.0000e+00
       1695    200.454     9.0161   3.727851    35.0271    27.1368 0.0000e+00
       1696    200.456     9.0153   3.727892    35.0283    27.1379 0.0000e+00
       1697    200.464     9.0143   3.727930    35.0297    27.1391 0.0000e+00
       1698    200.475     9.0136   3.727944    35.0305    27.1399 0.0000e+00
       1699    200.482     9.0132   3.727951    35.0310    27.1403 0.0000e+00
       1700    200.477     9.0128   3.727965    35.0315    27.1408 0.0000e+00
       1701    200.470     9.0126   3.727967    35.0317    27.1410 0.0000e+00
       1702    200.469     9.0127   3.727952    35.0315    27.1408 0.0000e+00
       1703    200.478     9.0130   3.727944    35.0311    27.1405 0.0000e+00
       1704    200.491     9.0135   3.727940    35.0306    27.1400 0.0000e+00
       1705    200.496     9.0138   3.727933    35.0302    27.1396 0.0000e+00
       1706    200.490     9.0136   3.727931    35.0304    27.1398 0.0000e+00
       1707    200.482     9.0130   3.727926    35.0309    27.1403 0.0000e+00
       1708    200.475     9.0122   3.727912    35.0315    27.1409 0.0000e+00
       1709    200.474     9.0116   3.727901    35.0320    27.1414 0.0000e+00
       1710    200.482     9.0115   3.727901    35.0321    27.1415 0.0000e+00
       1711    200.492     9.0115   3.727894    35.0320    27.1414 0.0000e+00
       1712    200.498     9.0115   3.727889    35.0320    27.1414 0.0000e+00
       1713    200.499     9.0114   3.727890    35.0321    27.1415 0.0000e+00
       1714    200.497     9.0114   3.727887    35.0321    27.1415 0.0000e+00
       1715    200.494     9.0115   3.727893    35.0320    27.1414 0.0000e+00
       1716    200.493     9.0115   3.727912    35.0322    27.1416 0.0000e+00
       1717    200.499     9.0114   3.727920    35.0324    27.1417 0.0000e+00
       1718    200.508     9.0114   3.727902    35.0322    27.1416 0.0000e+00
       1719    200.513     9.0113   3.727864    35.0319    27.1414 0.0000e+00
       1720    200.512     9.0112   3.727848    35.0318    27.1413 0.0000e+00
       1721    200.507     9.0117   3.727903    35.0319    27.1413 0.0000e+00
       1722    200.503     9.0127   3.727998    35.0319    27.1412 0.0000e+00
       1723    200.510     9.0134   3.728062    35.0319    27.1410 0.0000e+00
       1724    200.523     9.0138   3.728087    35.0318    27.1409 0.0000e+00
       1725    200.531     9.0140   3.728106    35.0318    27.1408 0.0000e+00
       1726    200.528     9.0140   3.728115    35.0319    27.1409 0.0000e+00
       1727    200.522     9.0137   3.728087    35.0319    27.1410 0.0000e+00
       1728    200.525     9.0132   3.728015    35.0316    27.1408 0.0000e+00
       1729    200.543     9.0128   3.727952    35.0313    27.1407 0.0000e+00
       1730    200.565     9.0121   3.727888    35.0314    27.1408 0.0000e+00
       1731    200.575     9.0114   3.727798    35.0311    27.1407 0.0000e+00
       1732    200.570     9.0114   3.727796    35.0311    27.1407 0.0000e+00
       1733    200.565     9.0124   3.727936    35.0316    27.1409 0.0000e+00
       1734    200.572     9.0136   3.728089    35.0320    27.1411 0.0000e+00
       1735    200.587     9.0139   3.728135    35.0322    27.1411 0.0000e+00
       1736    200.602     9.0137   3.728108    35.0321    27.1411 0.0000e+00
       1737    200.614     9.0134   3.728078    35.0320    27.1411 0.0000e+00
       1738    200.621     9.0132   3.728059    35.0320    27.1412 0.0000e+00
       1739    200.624     9.0130   3.728048    35.0321    27.1413 0.0000e+00
       1740    200.626     9.0125   3.728030    35.0324    27.1416 0.0000e+00
       1741    200.627     9.0118   3.727992    35.0327    27.1419 0.0000e+00
       1742    200.626     9.0115   3.727947    35.0325    27.1418 0.0000e+00
       1743    200.628     9.0115   3.727920    35.0322    27.1416 0.0000e+00
       1744    200.631     9.0116   3.727918    35.0321    27.1415 0.0000e+00
       1745    200.632     9.0119   3.727925    35.0319    27.1413 0.0000e+00
       1746    200.634     9.0121   3.727916    35.0316    27.1410 0.0000e+00
       1747    200.634     9.0117   3.727871    35.0315    27.1410 0.0000e+00
       1748    200.628     9.0112   3.727805    35.0313    27.1409 0.0000e+00
       1749    200.620     9.0109   3.727775    35.0313    27.1410 0.0000e+00
       1750    200.612     9.0111   3.727778    35.0312    27.1408 0.0000e+00
       1751    200.604     9.0114   3.727789    35.0310    27.1406 0.0000e+00
       1752    200.595     9.0117   3.727804    35.0309    27.1405 0.0000e+00
       1753    200.583     9.0124   3.727799    35.0301    27.1398 0.0000e+00
       1754    200.570     9.0134   3.727789    35.0290    27.1388 0.0000e+00
       1755    200.558     9.0142   3.727821    35.0286    27.1383 0.0000e+00
       1756    200.553     9.0146   3.727895    35.0290    27.1385 0.0000e+00
       1757    200.557     9.0146   3.727965    35.0297    27.1391 0.0000e+00
       1758    200.561     9.0145   3.728007    35.0302    27.1395 0.0000e+00
       1759    200.556     9.0144   3.728024    35.0305    27.1398 0.0000e+00
       1760    200.538     9.0144   3.728042    35.0307    27.1399 0.0000e+00
       1761    200.511     9.0145   3.728079    35.0310    27.1402 0.0000e+00
       1762    200.485     9.0149   3.728112    35.0310    27.1401 0.0000e+00
       1763    200.470     9.0156   3.728077    35.0299    27.1391 0.0000e+00
       1764    200.470     9.0163   3.727970    35.0281    27.1376 0.0000e+00
       1765    200.481     9.0168   3.727904    35.0269    27.1366 0.0000e+00
       1766    200.487     9.0168   3.727918    35.0271    27.1367 0.0000e+00
       1767    200.475     9.0168   3.727882    35.0267    27.1364 0.0000e+00
       1768    200.449     9.0168   3.727777    35.0256    27.1356 0.0000e+00
       1769    200.428     9.0167   3.727669    35.0246    27.1348 0.0000e+00
       1770    200.424     9.0166   3.727597    35.0239    27.1343 0.0000e+00
       1771    200.435     9.0165   3.727608    35.0241    27.1345 0.0000e+00
       1772    200.451     9.0162   3.727656    35.0249    27.1351 0.0000e+00
       1773    200.463     9.0160   3.727667    35.0252    27.1354 0.0000e+00
       1774    200.469     9.0162   3.727681    35.0252    27.1353 0.0000e+00
       1775    200.467     9.0168   3.727709    35.0249    27.1350 0.0000e+00
       1776    200.456     9.0172   3.727680    35.0242    27.1344 0.0000e+00
       1777    200.443     9.0170   3.727520    35.0227    27.1333 0.0000e+00
       1778    200.439     9.0160   3.727174    35.0201    27.1314 0.0000e+00
       1779    200.447     9.0145   3.726733    35.0169    27.1291 0.0000e+00
       1780    200.458     9.0132   3.726417    35.0149    27.1277 0.0000e+00
       1781    200.460     9.0126   3.726282    35.0141    27.1272 0.0000e+00
       1782    200.457     9.0120   3.726201    35.0138    27.1271 0.0000e+00
       1783    200.457     9.0114   3.726047    35.0128    27.1264 0.0000e+00
       1784    200.463     9.0107   3.725840    35.0113    27.1253 0.0000e+00
       1785    200.467     9.0102   3.725738    35.0107    27.1250 0.0000e+00
       1786    200.466     9.0101   3.725808    35.0116    27.1256 0.0000e+00
       1787    200.469     9.0100   3.725872    35.0123    27.1263 0.0000e+00
       1788    200.481     9.0098   3.725826    35.0121    27.1261 0.0000e+00
       1789    200.497     9.0099   3.725859    35.0123    27.1262 0.0000e+00
       1790    200.503     9.0114   3.726171    35.0141    27.1274 0.0000e+00
       1791    200.493     9.0135   3.726666    35.0172    27.1295 0.0000e+00
       1792    200.478     9.0153   3.727084    35.0198    27.1313 0.0000e+00
       1793    200.468     9.0165   3.727375    35.0217    27.1325 0.0000e+00
       1794    200.462     9.0173   3.727585    35.0231    27.1335 0.0000e+00
       1795    200.455     9.0175   3.727717    35.0243    27.1344 0.0000e+00
       1796    200.443     9.0173   3.727798    35.0253    27.1353 0.0000e+00
       1797    200.430     9.0169   3.727862    35.0264    27.1362 0.0000e+00
       1798    200.424     9.0168   3.727917    35.0271    27.1367 0.0000e+00
       1799    200.421     9.0168   3.727914    35.0271    27.1367 0.0000e+00
       1800    200.415     9.0169   3.727803    35.0258    27.1357 0.0000e+00
       1801    200.410     9.0168   3.727636    35.0242    27.1344 0.0000e+00
       1802    200.412     9.0163   3.727507    35.0233    27.1338 0.0000e+00
       1803    200.417     9.0158   3.727410    35.0228    27.1335 0.0000e+00
       1804    200.415     9.0154   3.727347    35.0225    27.1333 0.0000e+00
       1805    200.399     9.0153   3.727351    35.0227    27.1335 0.0000e+00
       1806    200.371     9.0154   3.727378    35.0229    27.1336 0.0000e+00
       1807    200.340     9.0153   3.727353    35.0227    27.1335 0.0000e+00
       1808    200.323     9.0144   3.727207    35.0221    27.1332 0.0000e+00
       1809    200.327     9.0132   3.727021    35.0213    27.1328 0.0000e+00
       1810    200.331     9.0125   3.726943    35.0212    27.1328 0.0000e+00
       1811    200.318     9.0123   3.726947    35.0214    27.1330 0.0000e+00
       1812    200.289     9.0120   3.726897    35.0212    27.1329 0.0000e+00
       1813    200.260     9.0117   3.726793    35.0204    27.1323 0.0000e+00
       1814    200.245     9.0123   3.726922    35.0212    27.1328 0.0000e+00
       1815    200.248     9.0138   3.727360    35.0243    27.1350 0.0000e+00
       1816    200.253     9.0151   3.727699    35.0266    27.1366 0.0000e+00
       1817    200.239     9.0157   3.727752    35.0265    27.1365 0.0000e+00
       1818    200.206     9.0156   3.727698    35.0261    27.1361 0.0000e+00
       1819    200.170     9.0152   3.727622    35.0257    27.1359 0.0000e+00
       1820    200.148     9.0143   3.727451    35.0248    27.1353 0.0000e+00
       1821    200.148     9.0127   3.727075    35.0224    27.1337 0.0000e+00
       1822    200.160     9.0106   3.726590    35.0194    27.1317 0.0000e+00
       1823    200.168     9.0090   3.726245    35.0174    27.1304 0.0000e+00
       1824    200.161     9.0083   3.726109    35.0166    27.1299 0.0000e+00
       1825    200.140     9.0082   3.726110    35.0168    27.1300 0.0000e+00
       1826    200.115     9.0084   3.726165    35.0172    27.1303 0.0000e+00
       1827    200.098     9.0082   3.726148    35.0172    27.1303 0.0000e+00
       1828    200.095     9.0072   3.725941    35.0160    27.1296 0.0000e+00
       1829    200.099     9.0060   3.725664    35.0143    27.1284 0.0000e+00
       1830    200.094     9.0054   3.725562    35.0138    27.1281 0.0000e+00
       1831    200.072     9.0052   3.725580    35.0142    27.1285 0.0000e+00
       1832    200.045     9.0048   3.725513    35.0139    27.1283 0.0000e+00
       1833    200.030     9.0041   3.725356    35.0130    27.1277 0.0000e+00
       1834    200.030     9.0038   3.725294    35.0126    27.1275 0.0000e+00
       1835    200.030     9.0042   3.725382    35.0131    27.1278 0.0000e+00
       1836    200.021     9.0049   3.725501    35.0137    27.1281 0.0000e+00
       1837    200.007     9.0054   3.725600    35.0142    27.1285 0.0000e+00
       1838    200.003     9.0063   3.725756    35.0150    27.1289 0.0000e+00
       1839    200.012     9.0076   3.726091    35.0172    27.1305 0.0000e+00
       1840    200.022     9.0089   3.726513    35.0204    27.1327 0.0000e+00
       1841    200.024     9.0097   3.726836    35.0229    27.1346 0.0000e+00
       1842    200.018     9.0099   3.727052    35.0250    27.1362 0.0000e+00
       1843    200.011     9.0100   3.727204    35.0265    27.1374 0.0000e+00
       1844    200.008     9.0100   3.727305    35.0276    27.1382 0.0000e+00
       1845    200.013     9.0101   3.727390    35.0284    27.1388 0.0000e+00
       1846    200.020     9.0103   3.727482    35.0291    27.1394 0.0000e+00
