Datasets/Test_Dataset_39219_tow/originals/tel219_2021_035.cnv
* Sea-Bird SBE19plus Data File:
* Filename = C:/AQUIRE/tel219_2021_035.hex
* Software Version AquireV2 AF V2.0
* Temperature SN =  4020
* Conductivity SN =  4020
* System UpLoad Time = May 11 2021 10:40:42
** VESSEL/TRIP/SEQ STN: tel219_2021_035
** LATITUDE: 45 45.02 N
** LONGITUDE: 57 01.43 W
** DATE/TIME: 2021-05-11 09:27
** SOUNDING DEPTH (M): 0403
** PROBE TYPE: S4020
** CTD NUMBER:  35
** FORMAT: T
** COMMENTS: 
# nquan = 7                                 
# nvalues = 4410                        
# units = specified
# name 0 = scan: Scan Count
# name 1 = prdM: Pressure, Strain Gauge [db]
# name 2 = tv290C: Temperature [ITS-90, deg C]
# name 3 = c0S/m: Conductivity [S/m]
# name 4 = sal00: Salinity, Practical [PSU]
# name 5 = sigma-t00: Density [sigma-t, kg/m^3 ]
# name 6 = flag: flag
# span 0 =          1,       4410       
# span 1 =     -0.451,    408.286       
# span 2 =     0.8836,     9.5234       
# span 3 =   0.004219,   3.775999       
# span 4 =     0.0319,    35.1268       
# span 5 =    -0.0014,    27.6377       
# span 6 = 0.0000e+00, 0.0000e+00       
# interval = seconds: 1
# start_time = May 11 2021 09:27:54 [Instrument's time stamp, header]
# bad_flag = -9.990e-29
*END*
[from data line 1847]
       1848    392.816     5.8775   3.445515    35.0257    27.5887 0.0000e+00
       1849    393.145     5.8780   3.445642    35.0265    27.5893 0.0000e+00
       1850    393.475     5.8786   3.445858    35.0281    27.5905 0.0000e+00
       1851    393.809     5.8784   3.445917    35.0288    27.5911 0.0000e+00
       1852    394.149     5.8773   3.445723    35.0276    27.5902 0.0000e+00
       1853    394.492     5.8762   3.445483    35.0259    27.5890 0.0000e+00
       1854    394.827     5.8758   3.445363    35.0247    27.5882 0.0000e+00
       1855    395.149     5.8755   3.445317    35.0244    27.5879 0.0000e+00
       1856    395.461     5.8754   3.445288    35.0240    27.5876 0.0000e+00
       1857    395.769     5.8754   3.445278    35.0237    27.5874 0.0000e+00
       1858    396.076     5.8754   3.445263    35.0234    27.5871 0.0000e+00
       1859    396.383     5.8753   3.445266    35.0234    27.5871 0.0000e+00
       1860    396.686     5.8752   3.445311    35.0238    27.5875 0.0000e+00
       1861    396.977     5.8750   3.445340    35.0242    27.5879 0.0000e+00
       1862    397.260     5.8750   3.445335    35.0240    27.5877 0.0000e+00
       1863    397.548     5.8750   3.445318    35.0237    27.5874 0.0000e+00
       1864    397.847     5.8752   3.445311    35.0232    27.5871 0.0000e+00
       1865    398.143     5.8756   3.445371    35.0234    27.5871 0.0000e+00
       1866    398.423     5.8758   3.445503    35.0245    27.5880 0.0000e+00
       1867    398.696     5.8758   3.445530    35.0247    27.5881 0.0000e+00
       1868    398.979     5.8757   3.445404    35.0232    27.5870 0.0000e+00
       1869    399.279     5.8757   3.445315    35.0220    27.5860 0.0000e+00
       1870    399.584     5.8759   3.445336    35.0219    27.5859 0.0000e+00
       1871    399.875     5.8761   3.445409    35.0224    27.5863 0.0000e+00
       1872    400.148     5.8760   3.445435    35.0226    27.5865 0.0000e+00
       1873    400.420     5.8755   3.445360    35.0222    27.5862 0.0000e+00
       1874    400.707     5.8750   3.445267    35.0215    27.5857 0.0000e+00
       1875    401.004     5.8747   3.445228    35.0212    27.5855 0.0000e+00
       1876    401.300     5.8743   3.445237    35.0216    27.5859 0.0000e+00
       1877    401.583     5.8743   3.445286    35.0220    27.5862 0.0000e+00
       1878    401.848     5.8744   3.445392    35.0229    27.5869 0.0000e+00
       1879    402.108     5.8746   3.445453    35.0233    27.5872 0.0000e+00
       1880    402.378     5.8747   3.445379    35.0222    27.5863 0.0000e+00
       1881    402.654     5.8749   3.445334    35.0214    27.5856 0.0000e+00
       1882    402.924     5.8752   3.445441    35.0221    27.5862 0.0000e+00
       1883    403.173     5.8758   3.445649    35.0237    27.5874 0.0000e+00
       1884    403.406     5.8763   3.445737    35.0241    27.5876 0.0000e+00
       1885    403.643     5.8762   3.445598    35.0225    27.5863 0.0000e+00
       1886    403.892     5.8757   3.445455    35.0213    27.5854 0.0000e+00
       1887    404.139     5.8756   3.445488    35.0216    27.5857 0.0000e+00
       1888    404.358     5.8760   3.445664    35.0231    27.5868 0.0000e+00
       1889    404.542     5.8765   3.445780    35.0238    27.5873 0.0000e+00
       1890    404.715     5.8764   3.445669    35.0226    27.5864 0.0000e+00
       1891    404.908     5.8758   3.445472    35.0209    27.5851 0.0000e+00
       1892    405.124     5.8751   3.445412    35.0208    27.5851 0.0000e+00
       1893    405.334     5.8747   3.445514    35.0222    27.5863 0.0000e+00
       1894    405.517     5.8747   3.445605    35.0232    27.5871 0.0000e+00
       1895    405.683     5.8749   3.445545    35.0222    27.5863 0.0000e+00
       1896    405.854     5.8750   3.445443    35.0209    27.5852 0.0000e+00
       1897    406.036     5.8751   3.445436    35.0206    27.5850 0.0000e+00
       1898    406.216     5.8754   3.445489    35.0208    27.5851 0.0000e+00
       1899    406.381     5.8754   3.445530    35.0212    27.5854 0.0000e+00
       1900    406.533     5.8754   3.445534    35.0211    27.5854 0.0000e+00
       1901    406.684     5.8756   3.445521    35.0207    27.5850 0.0000e+00
       1902    406.837     5.8758   3.445517    35.0204    27.5847 0.0000e+00
       1903    406.988     5.8758   3.445517    35.0203    27.5847 0.0000e+00
       1904    407.129     5.8758   3.445518    35.0202    27.5846 0.0000e+00
       1905    407.253     5.8758   3.445529    35.0203    27.5847 0.0000e+00
       1906    407.358     5.8758   3.445545    35.0204    27.5848 0.0000e+00
       1907    407.446     5.8757   3.445552    35.0206    27.5849 0.0000e+00
       1908    407.527     5.8757   3.445545    35.0205    27.5848 0.0000e+00
       1909    407.602     5.8757   3.445535    35.0203    27.5847 0.0000e+00
       1910    407.674     5.8757   3.445527    35.0202    27.5846 0.0000e+00
       1911    407.751     5.8755   3.445521    35.0203    27.5847 0.0000e+00
       1912    407.830     5.8754   3.445535    35.0205    27.5849 0.0000e+00
       1913    407.899     5.8756   3.445596    35.0209    27.5852 0.0000e+00
       1914    407.947     5.8761   3.445688    35.0214    27.5855 0.0000e+00
       1915    407.977     5.8765   3.445721    35.0214    27.5854 0.0000e+00
       1916    408.008     5.8764   3.445659    35.0208    27.5850 0.0000e+00
       1917    408.046     5.8760   3.445586    35.0203    27.5847 0.0000e+00
       1918    408.084     5.8758   3.445563    35.0203    27.5846 0.0000e+00
       1919    408.109     5.8758   3.445584    35.0205    27.5848 0.0000e+00
       1920    408.117     5.8758   3.445615    35.0208    27.5851 0.0000e+00
       1921    408.117     5.8758   3.445608    35.0208    27.5850 0.0000e+00
       1922    408.125     5.8758   3.445574    35.0204    27.5847 0.0000e+00
       1923    408.145     5.8758   3.445575    35.0204    27.5847 0.0000e+00
       1924    408.165     5.8758   3.445610    35.0208    27.5850 0.0000e+00
       1925    408.172     5.8758   3.445626    35.0209    27.5852 0.0000e+00
       1926    408.169     5.8758   3.445595    35.0206    27.5849 0.0000e+00
       1927    408.167     5.8755   3.445535    35.0202    27.5846 0.0000e+00
       1928    408.175     5.8751   3.445493    35.0202    27.5846 0.0000e+00
       1929    408.187     5.8750   3.445482    35.0201    27.5846 0.0000e+00
       1930    408.197     5.8750   3.445479    35.0201    27.5846 0.0000e+00
       1931    408.202     5.8750   3.445480    35.0201    27.5846 0.0000e+00
       1932    408.201     5.8750   3.445487    35.0202    27.5847 0.0000e+00
       1933    408.199     5.8751   3.445501    35.0202    27.5847 0.0000e+00
       1934    408.202     5.8753   3.445514    35.0202    27.5846 0.0000e+00
       1935    408.207     5.8755   3.445524    35.0201    27.5845 0.0000e+00
       1936    408.206     5.8757   3.445532    35.0200    27.5844 0.0000e+00
       1937    408.198     5.8757   3.445528    35.0199    27.5844 0.0000e+00
       1938    408.185     5.8756   3.445517    35.0199    27.5844 0.0000e+00
       1939    408.175     5.8755   3.445507    35.0199    27.5844 0.0000e+00
       1940    408.172     5.8754   3.445501    35.0199    27.5844 0.0000e+00
       1941    408.178     5.8754   3.445505    35.0200    27.5845 0.0000e+00
       1942    408.183     5.8754   3.445507    35.0200    27.5845 0.0000e+00
       1943    408.176     5.8754   3.445507    35.0200    27.5845 0.0000e+00
       1944    408.161     5.8754   3.445502    35.0200    27.5844 0.0000e+00
       1945    408.151     5.8754   3.445497    35.0199    27.5844 0.0000e+00
       1946    408.148     5.8755   3.445498    35.0198    27.5843 0.0000e+00
       1947    408.147     5.8756   3.445504    35.0198    27.5843 0.0000e+00
       1948    408.144     5.8755   3.445508    35.0199    27.5844 0.0000e+00
       1949    408.136     5.8754   3.445512    35.0201    27.5845 0.0000e+00
       1950    408.124     5.8752   3.445502    35.0202    27.5846 0.0000e+00
       1951    408.110     5.8750   3.445478    35.0201    27.5846 0.0000e+00
       1952    408.099     5.8750   3.445456    35.0199    27.5844 0.0000e+00
       1953    408.091     5.8749   3.445446    35.0199    27.5844 0.0000e+00
       1954    408.075     5.8749   3.445443    35.0199    27.5844 0.0000e+00
       1955    408.050     5.8750   3.445446    35.0198    27.5844 0.0000e+00
       1956    408.020     5.8750   3.445450    35.0199    27.5844 0.0000e+00
       1957    407.987     5.8750   3.445449    35.0199    27.5844 0.0000e+00
       1958    407.956     5.8750   3.445447    35.0199    27.5844 0.0000e+00
       1959    407.934     5.8750   3.445457    35.0200    27.5845 0.0000e+00
       1960    407.914     5.8751   3.445468    35.0200    27.5845 0.0000e+00
       1961    407.884     5.8753   3.445470    35.0198    27.5844 0.0000e+00
       1962    407.844     5.8754   3.445473    35.0198    27.5843 0.0000e+00
       1963    407.808     5.8754   3.445481    35.0199    27.5844 0.0000e+00
       1964    407.781     5.8754   3.445484    35.0199    27.5844 0.0000e+00
       1965    407.759     5.8754   3.445475    35.0199    27.5844 0.0000e+00
       1966    407.742     5.8754   3.445464    35.0197    27.5843 0.0000e+00
       1967    407.733     5.8754   3.445464    35.0197    27.5843 0.0000e+00
       1968    407.718     5.8754   3.445476    35.0199    27.5844 0.0000e+00
       1969    407.683     5.8754   3.445477    35.0199    27.5844 0.0000e+00
       1970    407.630     5.8753   3.445462    35.0199    27.5844 0.0000e+00
       1971    407.578     5.8751   3.445439    35.0199    27.5844 0.0000e+00
       1972    407.551     5.8750   3.445427    35.0198    27.5844 0.0000e+00
       1973    407.545     5.8750   3.445440    35.0200    27.5845 0.0000e+00
       1974    407.526     5.8751   3.445464    35.0202    27.5846 0.0000e+00
       1975    407.476     5.8752   3.445467    35.0201    27.5846 0.0000e+00
       1976    407.412     5.8750   3.445440    35.0200    27.5846 0.0000e+00
       1977    407.364     5.8748   3.445408    35.0199    27.5845 0.0000e+00
       1978    407.347     5.8748   3.445401    35.0198    27.5844 0.0000e+00
       1979    407.349     5.8750   3.445416    35.0198    27.5844 0.0000e+00
       1980    407.341     5.8752   3.445435    35.0198    27.5844 0.0000e+00
       1981    407.309     5.8753   3.445445    35.0198    27.5844 0.0000e+00
       1982    407.260     5.8752   3.445438    35.0199    27.5844 0.0000e+00
       1983    407.218     5.8750   3.445430    35.0200    27.5845 0.0000e+00
       1984    407.204     5.8750   3.445425    35.0200    27.5845 0.0000e+00
       1985    407.217     5.8750   3.445428    35.0200    27.5845 0.0000e+00
       1986    407.226     5.8751   3.445437    35.0200    27.5845 0.0000e+00
       1987    407.208     5.8753   3.445446    35.0199    27.5844 0.0000e+00
       1988    407.170     5.8753   3.445439    35.0199    27.5844 0.0000e+00
       1989    407.139     5.8752   3.445419    35.0197    27.5843 0.0000e+00
       1990    407.130     5.8751   3.445408    35.0197    27.5843 0.0000e+00
       1991    407.136     5.8751   3.445410    35.0197    27.5843 0.0000e+00
       1992    407.137     5.8751   3.445418    35.0198    27.5844 0.0000e+00
       1993    407.129     5.8750   3.445419    35.0200    27.5845 0.0000e+00
       1994    407.123     5.8750   3.445417    35.0199    27.5845 0.0000e+00
       1995    407.120     5.8749   3.445405    35.0199    27.5845 0.0000e+00
       1996    407.113     5.8746   3.445389    35.0200    27.5846 0.0000e+00
       1997    407.092     5.8743   3.445375    35.0202    27.5848 0.0000e+00
       1998    407.062     5.8743   3.445362    35.0201    27.5847 0.0000e+00
       1999    407.036     5.8744   3.445363    35.0200    27.5846 0.0000e+00
       2000    407.026     5.8746   3.445371    35.0199    27.5845 0.0000e+00
       2001    407.028     5.8746   3.445378    35.0200    27.5845 0.0000e+00
       2002    407.030     5.8747   3.445390    35.0200    27.5845 0.0000e+00
       2003    407.022     5.8749   3.445397    35.0199    27.5844 0.0000e+00
       2004    407.001     5.8749   3.445394    35.0198    27.5844 0.0000e+00
       2005    406.970     5.8749   3.445391    35.0198    27.5844 0.0000e+00
       2006    406.942     5.8749   3.445386    35.0198    27.5844 0.0000e+00
       2007    406.924     5.8749   3.445386    35.0198    27.5844 0.0000e+00
       2008    406.921     5.8749   3.445391    35.0198    27.5844 0.0000e+00
       2009    406.929     5.8749   3.445394    35.0199    27.5844 0.0000e+00
       2010    406.938     5.8750   3.445400    35.0198    27.5844 0.0000e+00
       2011    406.933     5.8750   3.445400    35.0198    27.5844 0.0000e+00
       2012    406.906     5.8750   3.445399    35.0198    27.5844 0.0000e+00
       2013    406.863     5.8750   3.445397    35.0198    27.5844 0.0000e+00
       2014    406.821     5.8750   3.445385    35.0197    27.5843 0.0000e+00
       2015    406.800     5.8750   3.445378    35.0197    27.5842 0.0000e+00
       2016    406.805     5.8749   3.445382    35.0198    27.5844 0.0000e+00
       2017    406.820     5.8749   3.445387    35.0199    27.5844 0.0000e+00
       2018    406.826     5.8749   3.445389    35.0199    27.5844 0.0000e+00
       2019    406.817     5.8749   3.445387    35.0199    27.5844 0.0000e+00
       2020    406.804     5.8749   3.445383    35.0198    27.5844 0.0000e+00
       2021    406.802     5.8747   3.445378    35.0200    27.5845 0.0000e+00
       2022    406.814     5.8747   3.445373    35.0199    27.5845 0.0000e+00
       2023    406.827     5.8748   3.445373    35.0198    27.5844 0.0000e+00
       2024    406.824     5.8749   3.445380    35.0198    27.5844 0.0000e+00
       2025    406.802     5.8749   3.445384    35.0198    27.5844 0.0000e+00
       2026    406.778     5.8749   3.445377    35.0198    27.5843 0.0000e+00
       2027    406.769     5.8749   3.445371    35.0197    27.5843 0.0000e+00
       2028    406.774     5.8748   3.445373    35.0198    27.5844 0.0000e+00
       2029    406.785     5.8749   3.445377    35.0198    27.5843 0.0000e+00
       2030    406.796     5.8749   3.445381    35.0198    27.5844 0.0000e+00
       2031    406.799     5.8749   3.445383    35.0198    27.5844 0.0000e+00
       2032    406.792     5.8749   3.445383    35.0198    27.5844 0.0000e+00
       2033    406.786     5.8749   3.445381    35.0198    27.5844 0.0000e+00
       2034    406.792     5.8748   3.445380    35.0199    27.5845 0.0000e+00
       2035    406.802     5.8748   3.445379    35.0199    27.5844 0.0000e+00
       2036    406.804     5.8748   3.445378    35.0199    27.5844 0.0000e+00
       2037    406.797     5.8748   3.445375    35.0198    27.5844 0.0000e+00
       2038    406.790     5.8748   3.445368    35.0198    27.5844 0.0000e+00
       2039    406.794     5.8748   3.445372    35.0198    27.5844 0.0000e+00
       2040    406.809     5.8748   3.445380    35.0199    27.5845 0.0000e+00
       2041    406.820     5.8748   3.445381    35.0199    27.5845 0.0000e+00
       2042    406.814     5.8748   3.445380    35.0199    27.5845 0.0000e+00
       2043    406.797     5.8747   3.445379    35.0200    27.5845 0.0000e+00
       2044    406.783     5.8746   3.445371    35.0200    27.5846 0.0000e+00
       2045    406.785     5.8746   3.445360    35.0199    27.5845 0.0000e+00
       2046    406.804     5.8746   3.445354    35.0198    27.5844 0.0000e+00
       2047    406.828     5.8744   3.445354    35.0200    27.5846 0.0000e+00
       2048    406.844     5.8743   3.445350    35.0200    27.5846 0.0000e+00
       2049    406.846     5.8743   3.445341    35.0199    27.5846 0.0000e+00
       2050    406.840     5.8743   3.445336    35.0199    27.5845 0.0000e+00
       2051    406.836     5.8743   3.445335    35.0199    27.5845 0.0000e+00
