Datasets/Test_Dataset_39219_tow/originals/tel219_2021_023.cnv
* Sea-Bird SBE19plus Data File:
* Filename = C:/AQUIRE/tel219_2021_023.hex
* Software Version AquireV2 AF V2.0
* Temperature SN =  4020
* Conductivity SN =  4020
* System UpLoad Time = May 08 2021 07:11:34
** VESSEL/TRIP/SEQ STN: tel219_2021_023
** LATITUDE: 46 29.44 N
** LONGITUDE: 57 07.00 W
** DATE/TIME: 2021-05-08 06:36
** SOUNDING DEPTH (M): 0046
** PROBE TYPE: S4020
** CTD NUMBER:  23
** FORMAT: T
** COMMENTS: 
# nquan = 7                                 
# nvalues = 2202                        
# units = specified
# name 0 = scan: Scan Count
# name 1 = prdM: Pressure, Strain Gauge [db]
# name 2 = tv290C: Temperature [ITS-90, deg C]
# name 3 = c0S/m: Conductivity [S/m]
# name 4 = sal00: Salinity, Practical [PSU]
# name 5 = sigma-t00: Density [sigma-t, kg/m^3 ]
# name 6 = flag: flag
# span 0 =          1,       2202       
# span 1 =     -0.154,     43.735       
# span 2 =     3.4166,     3.9440       
# span 3 =   0.005739,   2.973233       
# span 4 =     0.0434,    31.9131       
# span 5 =     0.0100,    25.3677       
# span 6 = 0.0000e+00, 0.0000e+00       
# interval = seconds: 1
# start_time = May 08 2021 06:36:05 [Instrument's time stamp, header]
# bad_flag = -9.990e-29
*END*
[from data line 2052]
       2053     -0.144     3.5909   0.030697     0.2480     0.1742 0.0000e+00
       2054     -0.147     3.5909   0.045235     0.3711     0.2735 0.0000e+00
       2055     -0.147     3.5909   0.068415     0.5712     0.4347 0.0000e+00
       2056     -0.143     3.5909   0.081242     0.6835     0.5251 0.0000e+00
       2057     -0.143     3.5909   0.085661     0.7224     0.5564 0.0000e+00
       2058     -0.146     3.5909   0.086303     0.7281     0.5610 0.0000e+00
       2059     -0.145     3.5909   0.073714     0.6175     0.4719 0.0000e+00
       2060     -0.143     3.5908   0.057349     0.4752     0.3574 0.0000e+00
       2061     -0.144     3.5907   0.048026     0.3950     0.2927 0.0000e+00
       2062     -0.146     3.5907   0.043104     0.3530     0.2588 0.0000e+00
       2063     -0.147     3.5907   0.039924     0.3259     0.2370 0.0000e+00
       2064     -0.143     3.5907   0.037444     0.3049     0.2201 0.0000e+00
       2065     -0.140     3.5907   0.035424     0.2878     0.2063 0.0000e+00
       2066     -0.140     3.5907   0.033887     0.2749     0.1958 0.0000e+00
       2067     -0.142     3.5909   0.032773     0.2655     0.1883 0.0000e+00
       2068     -0.143     3.5909   0.031919     0.2583     0.1825 0.0000e+00
       2069     -0.144     3.5909   0.031135     0.2517     0.1772 0.0000e+00
       2070     -0.144     3.5909   0.030330     0.2450     0.1717 0.0000e+00
       2071     -0.144     3.5908   0.029533     0.2383     0.1663 0.0000e+00
       2072     -0.144     3.5907   0.028863     0.2327     0.1618 0.0000e+00
       2073     -0.145     3.5908   0.028450     0.2292     0.1590 0.0000e+00
       2074     -0.146     3.5909   0.028264     0.2277     0.1577 0.0000e+00
       2075     -0.144     3.5910   0.028082     0.2261     0.1565 0.0000e+00
       2076     -0.142     3.5910   0.027716     0.2231     0.1541 0.0000e+00
       2077     -0.143     3.5910   0.027204     0.2188     0.1506 0.0000e+00
       2078     -0.145     3.5910   0.026727     0.2148     0.1474 0.0000e+00
       2079     -0.146     3.5910   0.026408     0.2122     0.1452 0.0000e+00
       2080     -0.145     3.5911   0.026222     0.2106     0.1440 0.0000e+00
       2081     -0.144     3.5912   0.026074     0.2094     0.1430 0.0000e+00
       2082     -0.145     3.5914   0.025903     0.2079     0.1418 0.0000e+00
       2083     -0.150     3.5914   0.025680     0.2061     0.1403 0.0000e+00
       2084     -0.154     3.5913   0.025420     0.2039     0.1386 0.0000e+00
       2085     -0.154     3.5913   0.025163     0.2018     0.1369 0.0000e+00
       2086     -0.150     3.5913   0.024892     0.1995     0.1350 0.0000e+00
       2087     -0.147     3.5913   0.024557     0.1967     0.1328 0.0000e+00
       2088     -0.144     3.5913   0.024029     0.1924     0.1293 0.0000e+00
       2089     -0.142     3.5912   0.023158     0.1851     0.1234 0.0000e+00
       2090     -0.141     3.5913   0.022167     0.1769     0.1168 0.0000e+00
       2091     -0.140     3.5913   0.021426     0.1708     0.1118 0.0000e+00
       2092     -0.140     3.5913   0.020811     0.1657     0.1077 0.0000e+00
       2093     -0.141     3.5914   0.019961     0.1587     0.1021 0.0000e+00
       2094     -0.142     3.5914   0.018975     0.1506     0.0955 0.0000e+00
       2095     -0.141     3.5914   0.018327     0.1452     0.0912 0.0000e+00
       2096     -0.142     3.5914   0.018117     0.1435     0.0898 0.0000e+00
       2097     -0.144     3.5914   0.018064     0.1431     0.0895 0.0000e+00
       2098     -0.146     3.5915   0.017965     0.1423     0.0888 0.0000e+00
       2099     -0.147     3.5916   0.017769     0.1407     0.0875 0.0000e+00
       2100     -0.146     3.5918   0.017567     0.1390     0.0862 0.0000e+00
       2101     -0.144     3.5920   0.017440     0.1380     0.0853 0.0000e+00
       2102     -0.142     3.5921   0.017378     0.1375     0.0849 0.0000e+00
       2103     -0.140     3.5921   0.017320     0.1370     0.0845 0.0000e+00
       2104     -0.140     3.5921   0.017211     0.1361     0.0838 0.0000e+00
       2105     -0.142     3.5921   0.017051     0.1348     0.0828 0.0000e+00
       2106     -0.145     3.5922   0.016886     0.1334     0.0817 0.0000e+00
       2107     -0.145     3.5922   0.016757     0.1324     0.0808 0.0000e+00
       2108     -0.141     3.5923   0.016666     0.1316     0.0802 0.0000e+00
       2109     -0.139     3.5924   0.016577     0.1309     0.0796 0.0000e+00
       2110     -0.138     3.5924   0.016468     0.1300     0.0789 0.0000e+00
       2111     -0.138     3.5924   0.016337     0.1289     0.0780 0.0000e+00
       2112     -0.138     3.5924   0.016210     0.1279     0.0772 0.0000e+00
       2113     -0.139     3.5926   0.016114     0.1271     0.0766 0.0000e+00
       2114     -0.141     3.5926   0.016052     0.1266     0.0762 0.0000e+00
       2115     -0.142     3.5928   0.016010     0.1263     0.0759 0.0000e+00
       2116     -0.141     3.5930   0.015965     0.1259     0.0756 0.0000e+00
       2117     -0.140     3.5930   0.015888     0.1253     0.0751 0.0000e+00
       2118     -0.140     3.5930   0.015774     0.1243     0.0743 0.0000e+00
       2119     -0.141     3.5930   0.015653     0.1233     0.0735 0.0000e+00
       2120     -0.143     3.5930   0.015575     0.1227     0.0730 0.0000e+00
       2121     -0.144     3.5930   0.015548     0.1225     0.0728 0.0000e+00
       2122     -0.146     3.5930   0.015543     0.1224     0.0728 0.0000e+00
       2123     -0.147     3.5930   0.015527     0.1223     0.0727 0.0000e+00
       2124     -0.146     3.5930   0.015477     0.1219     0.0724 0.0000e+00
       2125     -0.144     3.5932   0.015391     0.1212     0.0718 0.0000e+00
       2126     -0.145     3.5932   0.015289     0.1204     0.0711 0.0000e+00
       2127     -0.146     3.5932   0.015196     0.1196     0.0705 0.0000e+00
       2128     -0.148     3.5932   0.015125     0.1190     0.0700 0.0000e+00
       2129     -0.150     3.5933   0.015087     0.1187     0.0698 0.0000e+00
       2130     -0.152     3.5934   0.015082     0.1187     0.0698 0.0000e+00
       2131     -0.150     3.5934   0.015080     0.1187     0.0697 0.0000e+00
       2132     -0.146     3.5934   0.015054     0.1184     0.0696 0.0000e+00
       2133     -0.141     3.5934   0.014993     0.1180     0.0692 0.0000e+00
       2134     -0.139     3.5936   0.014910     0.1173     0.0686 0.0000e+00
       2135     -0.140     3.5936   0.014827     0.1166     0.0681 0.0000e+00
       2136     -0.141     3.5936   0.014780     0.1162     0.0678 0.0000e+00
       2137     -0.141     3.5937   0.014764     0.1161     0.0677 0.0000e+00
       2138     -0.141     3.5938   0.014758     0.1160     0.0676 0.0000e+00
       2139     -0.140     3.5938   0.014731     0.1158     0.0674 0.0000e+00
       2140     -0.138     3.5938   0.014678     0.1154     0.0671 0.0000e+00
       2141     -0.135     3.5939   0.014641     0.1151     0.0669 0.0000e+00
       2142     -0.135     3.5940   0.014628     0.1150     0.0668 0.0000e+00
       2143     -0.139     3.5941   0.014588     0.1146     0.0665 0.0000e+00
       2144     -0.142     3.5942   0.014533     0.1142     0.0661 0.0000e+00
       2145     -0.142     3.5942   0.014517     0.1141     0.0660 0.0000e+00
       2146     -0.142     3.5942   0.014538     0.1142     0.0662 0.0000e+00
       2147     -0.140     3.5942   0.014555     0.1144     0.0663 0.0000e+00
       2148     -0.140     3.5942   0.014532     0.1142     0.0661 0.0000e+00
       2149     -0.140     3.5943   0.014465     0.1136     0.0657 0.0000e+00
       2150     -0.141     3.5945   0.014390     0.1130     0.0652 0.0000e+00
       2151     -0.143     3.5945   0.014337     0.1126     0.0649 0.0000e+00
       2152     -0.142     3.5945   0.014310     0.1124     0.0647 0.0000e+00
       2153     -0.140     3.5946   0.014298     0.1123     0.0646 0.0000e+00
       2154     -0.141     3.5948   0.014285     0.1122     0.0645 0.0000e+00
       2155     -0.140     3.5949   0.014259     0.1120     0.0643 0.0000e+00
       2156     -0.137     3.5950   0.014218     0.1116     0.0641 0.0000e+00
       2157     -0.136     3.5953   0.014168     0.1112     0.0638 0.0000e+00
       2158     -0.138     3.5955   0.014124     0.1109     0.0635 0.0000e+00
       2159     -0.143     3.5956   0.014114     0.1108     0.0634 0.0000e+00
       2160     -0.146     3.5956   0.014113     0.1108     0.0634 0.0000e+00
       2161     -0.144     3.5957   0.014112     0.1108     0.0634 0.0000e+00
       2162     -0.142     3.5957   0.014255     0.1119     0.0643 0.0000e+00
       2163     -0.143     3.5958   0.014609     0.1148     0.0667 0.0000e+00
       2164     -0.146     3.5960   0.015096     0.1188     0.0699 0.0000e+00
       2165     -0.147     3.5965   0.015555     0.1225     0.0729 0.0000e+00
       2166     -0.146     3.5972   0.015824     0.1247     0.0747 0.0000e+00
       2167     -0.147     3.5978   0.016004     0.1262     0.0759 0.0000e+00
       2168     -0.147     3.5979   0.016091     0.1269     0.0764 0.0000e+00
       2169     -0.145     3.5978   0.015975     0.1259     0.0757 0.0000e+00
       2170     -0.147     3.5978   0.015999     0.1261     0.0758 0.0000e+00
       2171     -0.150     3.5978   0.016380     0.1293     0.0783 0.0000e+00
       2172     -0.149     3.5979   0.016844     0.1331     0.0814 0.0000e+00
       2173     -0.148     3.5979   0.017351     0.1372     0.0848 0.0000e+00
       2174     -0.148     3.5979   0.017764     0.1406     0.0875 0.0000e+00
       2175     -0.146     3.5979   0.017733     0.1403     0.0873 0.0000e+00
       2176     -0.143     3.5979   0.017467     0.1382     0.0855 0.0000e+00
       2177     -0.143     3.5979   0.017470     0.1382     0.0855 0.0000e+00
       2178     -0.145     3.5978   0.017837     0.1412     0.0880 0.0000e+00
       2179     -0.145     3.5979   0.018246     0.1446     0.0907 0.0000e+00
       2180     -0.143     3.5980   0.018399     0.1458     0.0917 0.0000e+00
       2181     -0.142     3.5980   0.018245     0.1445     0.0907 0.0000e+00
       2182     -0.145     3.5980   0.017936     0.1420     0.0886 0.0000e+00
       2183     -0.147     3.5980   0.017663     0.1398     0.0868 0.0000e+00
       2184     -0.145     3.5980   0.017505     0.1385     0.0858 0.0000e+00
       2185     -0.144     3.5981   0.017411     0.1377     0.0852 0.0000e+00
       2186     -0.144     3.5982   0.017190     0.1359     0.0837 0.0000e+00
       2187     -0.145     3.5982   0.016263     0.1283     0.0776 0.0000e+00
       2188     -0.146     3.5983   0.014737     0.1158     0.0675 0.0000e+00
       2189     -0.147     3.5983   0.013741     0.1077     0.0610 0.0000e+00
       2190     -0.147     3.5983   0.013495     0.1058     0.0593 0.0000e+00
       2191     -0.146     3.5985   0.013509     0.1059     0.0594 0.0000e+00
       2192     -0.144     3.5987   0.013586     0.1065     0.0599 0.0000e+00
       2193     -0.141     3.5988   0.013591     0.1065     0.0600 0.0000e+00
       2194     -0.142     3.5989   0.013476     0.1056     0.0592 0.0000e+00
       2195     -0.147     3.5990   0.013291     0.1041     0.0580 0.0000e+00
       2196     -0.148     3.5991   0.013137     0.1028     0.0570 0.0000e+00
       2197     -0.147     3.5995   0.013109     0.1026     0.0568 0.0000e+00
       2198     -0.147     3.5998   0.013203     0.1034     0.0574 0.0000e+00
       2199     -0.148     3.5999   0.013340     0.1045     0.0583 0.0000e+00
       2200     -0.150     3.6000   0.013486     0.1057     0.0593 0.0000e+00
       2201     -0.151     3.6001   0.013609     0.1067     0.0601 0.0000e+00
       2202     -0.150 -9.990e-29   0.013650 -9.990e-29 -9.990e-29 0.0000e+00
