Datasets/Test_Dataset_39219_tow/originals/tel219_2021_002.cnv
* Sea-Bird SBE19plus Data File:
* Filename = C:/AQUIRE/tel219_2021_002.hex
* Software Version AquireV2 AF V2.0
* Temperature SN =  4020
* Conductivity SN =  4020
* System UpLoad Time = May 06 2021 03:30:51
** VESSEL/TRIP/SEQ STN: tel219_2021_002
** LATITUDE: 57 00.51 N
** LONGITUDE: 54 00.39 W
** DATE/TIME: 2021-05-06 02:45
** SOUNDING DEPTH (M): 0140
** PROBE TYPE: S4020
** CTD NUMBER:   2
** FORMAT: T
** COMMENTS: 
# nquan = 7                                 
# nvalues = 2708                        
# units = specified
# name 0 = scan: Scan Count
# name 1 = prdM: Pressure, Strain Gauge [db]
# name 2 = tv290C: Temperature [ITS-90, deg C]
# name 3 = c0S/m: Conductivity [S/m]
# name 4 = sal00: Salinity, Practical [PSU]
# name 5 = sigma-t00: Density [sigma-t, kg/m^3 ]
# name 6 = flag: flag
# span 0 =          1,       2708       
# span 1 =     -0.134,    136.893       
# span 2 =     0.1622,     3.2531       
# span 3 =   0.002205,   2.948972       
# span 4 =     0.0163,    32.6704       
# span 5 =    -0.0256,    26.2180       
# span 6 = 0.0000e+00, 0.0000e+00       
# interval = seconds: 1
# start_time = May 06 2021 02:45:59 [Instrument's time stamp, header]
# bad_flag = -9.990e-29
*END*
[from data line 1847]
       1848     81.499     0.5897   2.758579    32.4009    25.9790 0.0000e+00
       1849     80.747     0.5946   2.759346    32.4061    25.9829 0.0000e+00
       1850     79.976     0.5963   2.759832    32.4111    25.9868 0.0000e+00
       1851     79.179     0.5963   2.759804    32.4112    25.9869 0.0000e+00
       1852     78.366     0.5953   2.759243    32.4054    25.9823 0.0000e+00
       1853     77.557     0.5899   2.758277    32.3990    25.9774 0.0000e+00
       1854     76.757     0.5784   2.757326    32.3992    25.9782 0.0000e+00
       1855     75.955     0.5652   2.756751    32.4061    25.9845 0.0000e+00
       1856     75.128     0.5515   2.755479    32.4045    25.9839 0.0000e+00
       1857     74.256     0.5341   2.753227    32.3940    25.9764 0.0000e+00
       1858     73.349     0.5191   2.751695    32.3904    25.9743 0.0000e+00
       1859     72.448     0.5143   2.751478    32.3932    25.9767 0.0000e+00
       1860     71.575     0.5174   2.751450    32.3900    25.9741 0.0000e+00
       1861     70.718     0.5298   2.751583    32.3792    25.9647 0.0000e+00
       1862     69.855     0.5587   2.753018    32.3680    25.9542 0.0000e+00
       1863     68.959     0.5965   2.755055    32.3553    25.9419 0.0000e+00
       1864     68.018     0.6325   2.756315    32.3345    25.9232 0.0000e+00
       1865     67.045     0.6613   2.756874    32.3122    25.9036 0.0000e+00
       1866     66.067     0.6693   2.756914    32.3049    25.8973 0.0000e+00
       1867     65.111     0.6629   2.757250    32.3164    25.9070 0.0000e+00
       1868     64.178     0.6806   2.758976    32.3208    25.9095 0.0000e+00
       1869     63.256     0.7365   2.762604    32.3097    25.8976 0.0000e+00
       1870     62.359     0.7885   2.765298    32.2907    25.8794 0.0000e+00
       1871     61.526     0.7970   2.764395    32.2707    25.8628 0.0000e+00
       1872     60.769     0.7766   2.763256    32.2778    25.8696 0.0000e+00
       1873     60.077     0.7670   2.763648    32.2932    25.8825 0.0000e+00
       1874     59.433     0.7870   2.765070    32.2910    25.8797 0.0000e+00
       1875     58.828     0.8219   2.767388    32.2848    25.8727 0.0000e+00
       1876     58.265     0.8489   2.768754    32.2746    25.8630 0.0000e+00
       1877     57.741     0.8649   2.769176    32.2637    25.8533 0.0000e+00
       1878     57.239     0.8777   2.769889    32.2598    25.8495 0.0000e+00
       1879     56.749     0.8916   2.770895    32.2586    25.8477 0.0000e+00
       1880     56.270     0.9061   2.771850    32.2561    25.8448 0.0000e+00
       1881     55.800     0.9186   2.772524    32.2520    25.8408 0.0000e+00
       1882     55.338     0.9280   2.773038    32.2491    25.8379 0.0000e+00
       1883     54.879     0.9355   2.773525    32.2478    25.8364 0.0000e+00
       1884     54.421     0.9423   2.773932    32.2462    25.8348 0.0000e+00
       1885     53.974     0.9488   2.774373    32.2454    25.8337 0.0000e+00
       1886     53.539     0.9568   2.775123    32.2469    25.8345 0.0000e+00
       1887     53.105     0.9688   2.776171    32.2481    25.8348 0.0000e+00
       1888     52.666     0.9838   2.777165    32.2456    25.8318 0.0000e+00
       1889     52.221     0.9981   2.777830    32.2395    25.8261 0.0000e+00
       1890     51.769     1.0101   2.778390    32.2345    25.8214 0.0000e+00
       1891     51.307     1.0204   2.779309    32.2358    25.8218 0.0000e+00
       1892     50.830     1.0302   2.780491    32.2410    25.8255 0.0000e+00
       1893     50.330     1.0393   2.781386    32.2433    25.8268 0.0000e+00
       1894     49.808     1.0463   2.781481    32.2376    25.8217 0.0000e+00
       1895     49.282     1.0519   2.781265    32.2293    25.8148 0.0000e+00
       1896     48.764     1.0610   2.781960    32.2291    25.8140 0.0000e+00
       1897     48.247     1.0774   2.783608    32.2334    25.8165 0.0000e+00
       1898     47.719     1.0992   2.785488    32.2352    25.8166 0.0000e+00
       1899     47.173     1.1214   2.786997    32.2318    25.8125 0.0000e+00
       1900     46.606     1.1409   2.787867    32.2230    25.8043 0.0000e+00
       1901     46.034     1.1590   2.788671    32.2149    25.7967 0.0000e+00
       1902     45.471     1.1786   2.789994    32.2118    25.7930 0.0000e+00
       1903     44.908     1.2028   2.791826    32.2105    25.7905 0.0000e+00
       1904     44.332     1.2333   2.794151    32.2089    25.7873 0.0000e+00
       1905     43.722     1.2727   2.797144    32.2066    25.7831 0.0000e+00
       1906     43.057     1.3119   2.800404    32.2080    25.7817 0.0000e+00
       1907     42.354     1.3236   2.801419    32.2092    25.7819 0.0000e+00
       1908     41.678     1.3002   2.798663    32.1987    25.7750 0.0000e+00
       1909     41.105     1.2638   2.795568    32.1972    25.7761 0.0000e+00
       1910     40.635     1.2373   2.794573    32.2122    25.7897 0.0000e+00
       1911     40.195     1.2302   2.794431    32.2179    25.7948 0.0000e+00
       1912     39.752     1.2328   2.794435    32.2156    25.7927 0.0000e+00
       1913     39.347     1.2325   2.794385    32.2155    25.7926 0.0000e+00
       1914     39.005     1.2301   2.794390    32.2182    25.7950 0.0000e+00
       1915     38.719     1.2282   2.794812    32.2257    25.8011 0.0000e+00
       1916     38.468     1.2249   2.795891    32.2429    25.8152 0.0000e+00
       1917     38.231     1.2215   2.797124    32.2623    25.8309 0.0000e+00
       1918     38.004     1.2238   2.797675    32.2670    25.8346 0.0000e+00
       1919     37.787     1.2336   2.797651    32.2567    25.8257 0.0000e+00
       1920     37.571     1.2437   2.796957    32.2376    25.8097 0.0000e+00
       1921     37.350     1.2490   2.796303    32.2239    25.7984 0.0000e+00
       1922     37.135     1.2604   2.797657    32.2295    25.8022 0.0000e+00
       1923     36.945     1.2948   2.801419    32.2419    25.8100 0.0000e+00
       1924     36.786     1.3499   2.805515    32.2371    25.8027 0.0000e+00
       1925     36.648     1.3963   2.807090    32.2094    25.7774 0.0000e+00
       1926     36.508     1.4090   2.805395    32.1749    25.7490 0.0000e+00
       1927     36.356     1.3988   2.803572    32.1625    25.7396 0.0000e+00
       1928     36.205     1.3990   2.805908    32.1919    25.7632 0.0000e+00
       1929     36.072     1.4447   2.812826    32.2324    25.7928 0.0000e+00
       1930     35.963     1.5387   2.820120    32.2280    25.7831 0.0000e+00
       1931     35.874     1.6316   2.823834    32.1796    25.7381 0.0000e+00
       1932     35.796     1.6816   2.824289    32.1342    25.6984 0.0000e+00
       1933     35.721     1.6947   2.823796    32.1147    25.6818 0.0000e+00
       1934     35.643     1.6890   2.822574    32.1052    25.6746 0.0000e+00
       1935     35.553     1.6728   2.820015    32.0897    25.6633 0.0000e+00
       1936     35.446     1.6528   2.818457    32.0906    25.6653 0.0000e+00
       1937     35.331     1.6399   2.820900    32.1345    25.7014 0.0000e+00
       1938     35.217     1.6463   2.825646    32.1876    25.7436 0.0000e+00
       1939     35.104     1.6591   2.827490    32.1978    25.7508 0.0000e+00
       1940     34.986     1.6530   2.825354    32.1772    25.7348 0.0000e+00
       1941     34.859     1.6380   2.824328    32.1798    25.7378 0.0000e+00
       1942     34.726     1.6363   2.827171    32.2173    25.7681 0.0000e+00
       1943     34.583     1.6420   2.829974    32.2468    25.7913 0.0000e+00
       1944     34.422     1.6397   2.829395    32.2419    25.7876 0.0000e+00
       1945     34.242     1.6422   2.829438    32.2400    25.7859 0.0000e+00
       1946     34.047     1.6890   2.834822    32.2598    25.7985 0.0000e+00
       1947     33.848     1.7930   2.842720    32.2524    25.7855 0.0000e+00
       1948     33.656     1.9062   2.847751    32.1998    25.7354 0.0000e+00
       1949     33.465     1.9716   2.846421    32.1168    25.6643 0.0000e+00
       1950     33.252     1.9967   2.840872    32.0225    25.5869 0.0000e+00
       1951     33.002     2.0329   2.838665    31.9586    25.5332 0.0000e+00
       1952     32.722     2.1040   2.842630    31.9362    25.5102 0.0000e+00
       1953     32.431     2.1913   2.849619    31.9350    25.5029 0.0000e+00
       1954     32.143     2.2588   2.853988    31.9213    25.4869 0.0000e+00
       1955     31.864     2.2990   2.855912    31.9049    25.4707 0.0000e+00
       1956     31.588     2.3299   2.861058    31.9374    25.4944 0.0000e+00
       1957     31.297     2.3581   2.867529    31.9889    25.5335 0.0000e+00
       1958     30.961     2.3887   2.873347    32.0299    25.5639 0.0000e+00
       1959     30.551     2.4222   2.879691    32.0745    25.5970 0.0000e+00
       1960     30.076     2.4413   2.882793    32.0936    25.6108 0.0000e+00
       1961     29.591     2.4417   2.881751    32.0807    25.6004 0.0000e+00
       1962     29.116     2.4450   2.881369    32.0729    25.5940 0.0000e+00
       1963     28.652     2.4591   2.882748    32.0759    25.5953 0.0000e+00
       1964     28.213     2.4707   2.883589    32.0748    25.5935 0.0000e+00
       1965     27.794     2.4754   2.884041    32.0759    25.5940 0.0000e+00
       1966     27.373     2.4768   2.884913    32.0854    25.6015 0.0000e+00
       1967     26.930     2.4776   2.885670    32.0941    25.6084 0.0000e+00
       1968     26.457     2.4798   2.885911    32.0951    25.6090 0.0000e+00
       1969     25.964     2.4800   2.885483    32.0899    25.6048 0.0000e+00
       1970     25.474     2.4747   2.884426    32.0826    25.5994 0.0000e+00
       1971     24.978     2.4719   2.884123    32.0819    25.5991 0.0000e+00
       1972     24.449     2.4792   2.885254    32.0887    25.6040 0.0000e+00
       1973     23.909     2.4899   2.886396    32.0923    25.6060 0.0000e+00
       1974     23.386     2.4975   2.887198    32.0948    25.6073 0.0000e+00
       1975     22.857     2.5027   2.887972    32.0993    25.6106 0.0000e+00
       1976     22.285     2.5056   2.888156    32.0990    25.6101 0.0000e+00
       1977     21.675     2.5037   2.887530    32.0935    25.6059 0.0000e+00
       1978     21.065     2.5004   2.886715    32.0872    25.6010 0.0000e+00
       1979     20.457     2.5054   2.887168    32.0880    25.6013 0.0000e+00
       1980     19.828     2.5194   2.888958    32.0962    25.6068 0.0000e+00
       1981     19.190     2.5324   2.890324    32.1003    25.6090 0.0000e+00
       1982     18.555     2.5418   2.890947    32.0988    25.6071 0.0000e+00
       1983     17.895     2.5526   2.891626    32.0966    25.6045 0.0000e+00
       1984     17.188     2.5663   2.892507    32.0940    25.6013 0.0000e+00
       1985     16.434     2.5794   2.893292    32.0909    25.5978 0.0000e+00
       1986     15.644     2.5917   2.893893    32.0863    25.5932 0.0000e+00
       1987     14.835     2.6097   2.894964    32.0818    25.5881 0.0000e+00
       1988     14.029     2.6422   2.897006    32.0746    25.5798 0.0000e+00
       1989     13.262     2.6863   2.899173    32.0573    25.5624 0.0000e+00
       1990     12.576     2.7298   2.901359    32.0408    25.5457 0.0000e+00
       1991     11.964     2.7741   2.905144    32.0429    25.5438 0.0000e+00
       1992     11.399     2.8300   2.910542    32.0530    25.5473 0.0000e+00
       1993     10.889     2.9007   2.916816    32.0589    25.5462 0.0000e+00
       1994     10.444     2.9783   2.923669    32.0649    25.5444 0.0000e+00
       1995     10.061     3.0475   2.929336    32.0647    25.5385 0.0000e+00
       1996      9.728     3.1042   2.933511    32.0589    25.5290 0.0000e+00
       1997      9.422     3.1520   2.937442    32.0589    25.5249 0.0000e+00
       1998      9.130     3.1860   2.939924    32.0552    25.5190 0.0000e+00
       1999      8.857     3.2028   2.939953    32.0390    25.5047 0.0000e+00
       2000      8.612     3.2086   2.939191    32.0243    25.4924 0.0000e+00
       2001      8.401     3.2098   2.938911    32.0198    25.4887 0.0000e+00
       2002      8.232     3.2073   2.938221    32.0141    25.4844 0.0000e+00
       2003      8.116     3.1929   2.936331    32.0057    25.4789 0.0000e+00
       2004      8.019     3.1669   2.935037    32.0159    25.4893 0.0000e+00
       2005      7.867     3.1610   2.937537    32.0520    25.5186 0.0000e+00
       2006      7.630     3.1860   2.942282    32.0844    25.5423 0.0000e+00
       2007      7.349     3.2106   2.944818    32.0906    25.5451 0.0000e+00
       2008      7.080     3.2201   2.945595    32.0907    25.5443 0.0000e+00
       2009      6.845     3.2229   2.946142    32.0946    25.5472 0.0000e+00
       2010      6.607     3.2247   2.946379    32.0958    25.5480 0.0000e+00
       2011      6.250     3.2253   2.946436    32.0961    25.5482 0.0000e+00
       2012      5.744     3.2188   2.945635    32.0932    25.5464 0.0000e+00
       2013      5.196     3.2071   2.944379    32.0900    25.5449 0.0000e+00
       2014      4.666     3.2062   2.944598    32.0938    25.5480 0.0000e+00
       2015      4.175     3.2182   2.945962    32.0985    25.5507 0.0000e+00
       2016      3.725     3.2281   2.946729    32.0982    25.5496 0.0000e+00
       2017      3.253     3.2313   2.946859    32.0968    25.5482 0.0000e+00
       2018      2.732     3.2322   2.946927    32.0970    25.5483 0.0000e+00
       2019      2.205     3.2341   2.947088    32.0973    25.5484 0.0000e+00
       2020      1.711     3.2374   2.947343    32.0974    25.5481 0.0000e+00
       2021      1.267     3.2405   2.947564    32.0972    25.5477 0.0000e+00
       2022      0.890     3.2422   2.947303    32.0925    25.5439 0.0000e+00
       2023      0.596     3.2421   2.928033    31.8612    25.3595 0.0000e+00
       2024      0.394     3.2412   2.750985    29.7444    23.6731 0.0000e+00
       2025      0.283     3.2411   2.468358    26.4031    21.0129 0.0000e+00
       2026      0.233     3.2420   2.442968    26.1046    20.7753 0.0000e+00
       2027      0.206     3.2432   2.287686    24.2911    19.3324 0.0000e+00
       2028      0.193     3.2432   1.635669    16.8502    13.4159 0.0000e+00
       2029      0.192     3.2425   1.394287    14.1710    11.2859 0.0000e+00
       2030      0.199     3.2423   1.992189    20.8846    16.6233 0.0000e+00
       2031      0.212     3.2423   2.495920    26.7259    21.2697 0.0000e+00
       2032      0.221     3.2418   2.167172    22.8958    18.2227 0.0000e+00
       2033      0.214     3.2405   1.769821    18.3593    14.6157 0.0000e+00
       2034      0.196     3.2397   1.802253    18.7261    14.9074 0.0000e+00
       2035      0.177     3.2394   1.365017    13.8504    11.0311 0.0000e+00
       2036      0.159     3.2378   0.562180     5.3335     4.2486 0.0000e+00
       2037      0.149     3.2340   0.197566     1.7567     1.3859 0.0000e+00
       2038      0.150     3.2291   0.157496     1.3837     1.0862 0.0000e+00
       2039      0.153     3.2235   0.156418     1.3740     1.0783 0.0000e+00
       2040      0.154     3.2176   0.145655     1.2749     0.9986 0.0000e+00
       2041      0.160     3.2123   0.195306     1.7367     1.3697 0.0000e+00
       2042      0.176     3.2115   0.833770     8.1449     6.4911 0.0000e+00
       2043      0.189     3.2174   1.512364    15.4883    12.3342 0.0000e+00
       2044      0.185     3.2226   1.067967    10.6294     8.4692 0.0000e+00
       2045      0.178     3.2215   0.361019     3.3278     2.6452 0.0000e+00
       2046      0.177     3.2174   0.172210     1.5207     1.1962 0.0000e+00
       2047      0.179     3.2125   0.132284     1.1524     0.9000 0.0000e+00
       2048      0.178     3.2071   0.111566     0.9640     0.7483 0.0000e+00
       2049      0.173     3.2020   0.097135     0.8339     0.6435 0.0000e+00
       2050      0.173     3.1968   0.087106     0.7441     0.5711 0.0000e+00
       2051      0.175     3.1916   0.077989     0.6630     0.5057 0.0000e+00
