Datasets/Test_Dataset_39219_tow/originals/tel219_2021_078.cnv
* Sea-Bird SBE19plus Data File:
* Filename = C:/AQUIRE/tel219_2021_078.hex
* Software Version AquireV2 AF V2.0
* Temperature SN =  4020
* Conductivity SN =  4020
* System UpLoad Time = May 16 2021 07:00:04
** VESSEL/TRIP/SEQ STN: tel219_2021_078
** LATITUDE: 45 33.48 N
** LONGITUDE: 55 45.68 W
** DATE/TIME: 2021-05-16 06:21
** SOUNDING DEPTH (M): 0049
** PROBE TYPE: S4020
** CTD NUMBER:  78
** FORMAT: T
** COMMENTS: 
# nquan = 7                                 
# nvalues = 2260                        
# units = specified
# name 0 = scan: Scan Count
# name 1 = prdM: Pressure, Strain Gauge [db]
# name 2 = tv290C: Temperature [ITS-90, deg C]
# name 3 = c0S/m: Conductivity [S/m]
# name 4 = sal00: Salinity, Practical [PSU]
# name 5 = sigma-t00: Density [sigma-t, kg/m^3 ]
# name 6 = flag: flag
# span 0 =          1,       2260       
# span 1 =     -0.068,     44.914       
# span 2 =     3.6414,     4.5481       
# span 3 =   0.011212,   3.050491       
# span 4 =     0.0858,    32.2554       
# span 5 =     0.0437,    25.6365       
# span 6 = 0.0000e+00, 0.0000e+00       
# interval = seconds: 1
# start_time = May 16 2021 06:21:52 [Instrument's time stamp, header]
# bad_flag = -9.990e-29
*END*
[from data line 821]
        822     44.274     3.6463   2.995983    32.2513    25.6338 0.0000e+00
        823     44.262     3.6462   2.995983    32.2515    25.6339 0.0000e+00
        824     44.252     3.6462   2.995979    32.2514    25.6339 0.0000e+00
        825     44.253     3.6462   2.995978    32.2514    25.6339 0.0000e+00
        826     44.263     3.6462   2.995989    32.2515    25.6340 0.0000e+00
        827     44.267     3.6462   2.995998    32.2516    25.6341 0.0000e+00
        828     44.261     3.6462   2.995990    32.2515    25.6340 0.0000e+00
        829     44.255     3.6463   2.995983    32.2514    25.6338 0.0000e+00
        830     44.254     3.6463   2.995987    32.2514    25.6339 0.0000e+00
        831     44.254     3.6463   2.995994    32.2515    25.6340 0.0000e+00
        832     44.249     3.6463   2.995992    32.2515    25.6339 0.0000e+00
        833     44.242     3.6463   2.995982    32.2514    25.6338 0.0000e+00
        834     44.236     3.6463   2.995971    32.2512    25.6337 0.0000e+00
        835     44.235     3.6464   2.995978    32.2512    25.6337 0.0000e+00
        836     44.241     3.6464   2.995992    32.2514    25.6339 0.0000e+00
        837     44.251     3.6464   2.995997    32.2514    25.6339 0.0000e+00
        838     44.255     3.6464   2.995994    32.2514    25.6339 0.0000e+00
        839     44.252     3.6464   2.995996    32.2514    25.6339 0.0000e+00
        840     44.244     3.6466   2.996001    32.2513    25.6338 0.0000e+00
        841     44.236     3.6467   2.996007    32.2513    25.6337 0.0000e+00
        842     44.238     3.6467   2.996011    32.2513    25.6338 0.0000e+00
        843     44.246     3.6467   2.996006    32.2512    25.6337 0.0000e+00
        844     44.247     3.6467   2.996003    32.2512    25.6337 0.0000e+00
        845     44.239     3.6467   2.996003    32.2512    25.6337 0.0000e+00
        846     44.225     3.6466   2.995999    32.2513    25.6337 0.0000e+00
        847     44.215     3.6466   2.995999    32.2513    25.6338 0.0000e+00
        848     44.217     3.6464   2.995998    32.2515    25.6339 0.0000e+00
        849     44.227     3.6464   2.995995    32.2514    25.6339 0.0000e+00
        850     44.233     3.6464   2.995995    32.2514    25.6339 0.0000e+00
        851     44.227     3.6464   2.995996    32.2514    25.6339 0.0000e+00
        852     44.217     3.6464   2.995998    32.2515    25.6339 0.0000e+00
        853     44.216     3.6464   2.995998    32.2515    25.6339 0.0000e+00
        854     44.223     3.6466   2.995996    32.2512    25.6337 0.0000e+00
        855     44.231     3.6467   2.995999    32.2512    25.6337 0.0000e+00
        856     44.229     3.6467   2.995998    32.2512    25.6336 0.0000e+00
        857     44.221     3.6468   2.995997    32.2510    25.6336 0.0000e+00
        858     44.218     3.6468   2.996004    32.2511    25.6336 0.0000e+00
        859     44.223     3.6467   2.996005    32.2512    25.6337 0.0000e+00
        860     44.231     3.6467   2.996002    32.2512    25.6337 0.0000e+00
        861     44.238     3.6467   2.996004    32.2512    25.6337 0.0000e+00
        862     44.243     3.6466   2.996009    32.2514    25.6338 0.0000e+00
        863     44.251     3.6467   2.996010    32.2513    25.6338 0.0000e+00
        864     44.260     3.6467   2.996011    32.2513    25.6338 0.0000e+00
        865     44.265     3.6467   2.996015    32.2513    25.6338 0.0000e+00
        866     44.265     3.6467   2.996008    32.2513    25.6337 0.0000e+00
        867     44.266     3.6467   2.996002    32.2512    25.6337 0.0000e+00
        868     44.269     3.6466   2.996006    32.2513    25.6338 0.0000e+00
        869     44.275     3.6467   2.996014    32.2513    25.6338 0.0000e+00
        870     44.283     3.6468   2.996020    32.2513    25.6337 0.0000e+00
        871     44.287     3.6470   2.996023    32.2511    25.6336 0.0000e+00
        872     44.285     3.6471   2.996023    32.2510    25.6335 0.0000e+00
        873     44.277     3.6471   2.996021    32.2510    25.6335 0.0000e+00
        874     44.260     3.6471   2.996019    32.2510    25.6335 0.0000e+00
        875     44.238     3.6469   2.996017    32.2512    25.6336 0.0000e+00
        876     44.220     3.6467   2.996013    32.2513    25.6338 0.0000e+00
        877     44.213     3.6467   2.996005    32.2512    25.6337 0.0000e+00
        878     44.224     3.6467   2.996006    32.2513    25.6337 0.0000e+00
        879     44.247     3.6467   2.996010    32.2513    25.6338 0.0000e+00
        880     44.265     3.6467   2.996010    32.2513    25.6337 0.0000e+00
        881     44.269     3.6467   2.996012    32.2513    25.6338 0.0000e+00
        882     44.257     3.6467   2.996010    32.2513    25.6338 0.0000e+00
        883     44.236     3.6467   2.996004    32.2512    25.6337 0.0000e+00
        884     44.214     3.6467   2.995999    32.2512    25.6337 0.0000e+00
        885     44.193     3.6467   2.995997    32.2512    25.6337 0.0000e+00
        886     44.175     3.6467   2.995997    32.2512    25.6337 0.0000e+00
        887     44.167     3.6467   2.995998    32.2512    25.6337 0.0000e+00
        888     44.175     3.6467   2.995998    32.2512    25.6337 0.0000e+00
        889     44.194     3.6467   2.996000    32.2512    25.6337 0.0000e+00
        890     44.213     3.6467   2.996006    32.2513    25.6337 0.0000e+00
        891     44.222     3.6467   2.996014    32.2513    25.6338 0.0000e+00
        892     44.222     3.6468   2.996016    32.2513    25.6337 0.0000e+00
        893     44.218     3.6468   2.996013    32.2512    25.6337 0.0000e+00
        894     44.211     3.6467   2.996009    32.2513    25.6338 0.0000e+00
        895     44.201     3.6467   2.996007    32.2513    25.6337 0.0000e+00
        896     44.191     3.6467   2.996010    32.2513    25.6338 0.0000e+00
        897     44.182     3.6468   2.996014    32.2513    25.6337 0.0000e+00
        898     44.175     3.6469   2.996016    32.2512    25.6337 0.0000e+00
        899     44.173     3.6469   2.996012    32.2512    25.6336 0.0000e+00
        900     44.179     3.6471   2.996014    32.2510    25.6335 0.0000e+00
        901     44.188     3.6471   2.996020    32.2510    25.6335 0.0000e+00
        902     44.194     3.6473   2.996024    32.2509    25.6334 0.0000e+00
        903     44.194     3.6473   2.996020    32.2508    25.6333 0.0000e+00
        904     44.187     3.6473   2.996018    32.2508    25.6333 0.0000e+00
        905     44.173     3.6471   2.996020    32.2510    25.6335 0.0000e+00
        906     44.159     3.6471   2.996027    32.2511    25.6336 0.0000e+00
        907     44.154     3.6471   2.996026    32.2511    25.6336 0.0000e+00
        908     44.161     3.6472   2.996023    32.2510    25.6335 0.0000e+00
        909     44.178     3.6474   2.996024    32.2508    25.6333 0.0000e+00
        910     44.196     3.6475   2.996036    32.2508    25.6333 0.0000e+00
        911     44.206     3.6475   2.996049    32.2510    25.6334 0.0000e+00
        912     44.207     3.6475   2.996050    32.2510    25.6334 0.0000e+00
        913     44.204     3.6475   2.996041    32.2509    25.6334 0.0000e+00
        914     44.196     3.6474   2.996036    32.2509    25.6334 0.0000e+00
        915     44.180     3.6473   2.996036    32.2510    25.6335 0.0000e+00
        916     44.159     3.6473   2.996032    32.2510    25.6335 0.0000e+00
        917     44.139     3.6473   2.996027    32.2510    25.6334 0.0000e+00
        918     44.128     3.6474   2.996029    32.2509    25.6334 0.0000e+00
        919     44.136     3.6474   2.996034    32.2509    25.6334 0.0000e+00
        920     44.161     3.6474   2.996040    32.2510    25.6335 0.0000e+00
        921     44.186     3.6474   2.996040    32.2510    25.6334 0.0000e+00
        922     44.191     3.6474   2.996037    32.2509    25.6334 0.0000e+00
        923     44.175     3.6474   2.996039    32.2510    25.6334 0.0000e+00
        924     44.150     3.6474   2.996042    32.2510    25.6335 0.0000e+00
        925     44.129     3.6474   2.996039    32.2510    25.6335 0.0000e+00
        926     44.117     3.6474   2.996034    32.2509    25.6334 0.0000e+00
        927     44.117     3.6475   2.996033    32.2508    25.6333 0.0000e+00
        928     44.132     3.6475   2.996037    32.2509    25.6334 0.0000e+00
        929     44.154     3.6475   2.996044    32.2509    25.6334 0.0000e+00
        930     44.174     3.6475   2.996048    32.2510    25.6334 0.0000e+00
        931     44.186     3.6475   2.996048    32.2510    25.6334 0.0000e+00
        932     44.187     3.6475   2.996045    32.2509    25.6334 0.0000e+00
        933     44.182     3.6475   2.996045    32.2509    25.6334 0.0000e+00
        934     44.181     3.6475   2.996047    32.2510    25.6334 0.0000e+00
        935     44.182     3.6475   2.996048    32.2510    25.6334 0.0000e+00
        936     44.176     3.6475   2.996050    32.2510    25.6335 0.0000e+00
        937     44.163     3.6475   2.996047    32.2510    25.6334 0.0000e+00
        938     44.150     3.6475   2.996043    32.2509    25.6334 0.0000e+00
        939     44.140     3.6475   2.996041    32.2509    25.6334 0.0000e+00
        940     44.135     3.6475   2.996038    32.2509    25.6334 0.0000e+00
        941     44.138     3.6475   2.996040    32.2509    25.6334 0.0000e+00
        942     44.141     3.6476   2.996047    32.2509    25.6334 0.0000e+00
        943     44.135     3.6477   2.996052    32.2509    25.6333 0.0000e+00
        944     44.128     3.6477   2.996056    32.2509    25.6334 0.0000e+00
        945     44.131     3.6478   2.996059    32.2508    25.6333 0.0000e+00
        946     44.142     3.6478   2.996057    32.2508    25.6333 0.0000e+00
        947     44.154     3.6478   2.996055    32.2508    25.6333 0.0000e+00
        948     44.158     3.6478   2.996054    32.2508    25.6332 0.0000e+00
        949     44.153     3.6477   2.996050    32.2508    25.6333 0.0000e+00
        950     44.145     3.6477   2.996047    32.2508    25.6333 0.0000e+00
        951     44.141     3.6478   2.996053    32.2508    25.6332 0.0000e+00
        952     44.141     3.6479   2.996065    32.2508    25.6333 0.0000e+00
        953     44.139     3.6479   2.996066    32.2508    25.6333 0.0000e+00
        954     44.132     3.6481   2.996069    32.2507    25.6331 0.0000e+00
        955     44.123     3.6482   2.996073    32.2506    25.6331 0.0000e+00
        956     44.120     3.6482   2.996074    32.2506    25.6331 0.0000e+00
        957     44.124     3.6482   2.996075    32.2506    25.6331 0.0000e+00
        958     44.135     3.6482   2.996074    32.2506    25.6331 0.0000e+00
        959     44.143     3.6482   2.996074    32.2506    25.6331 0.0000e+00
        960     44.142     3.6483   2.996079    32.2506    25.6330 0.0000e+00
        961     44.135     3.6483   2.996079    32.2506    25.6330 0.0000e+00
        962     44.128     3.6483   2.996078    32.2506    25.6330 0.0000e+00
        963     44.124     3.6483   2.996084    32.2506    25.6331 0.0000e+00
        964     44.126     3.6483   2.996085    32.2507    25.6331 0.0000e+00
        965     44.128     3.6483   2.996081    32.2506    25.6331 0.0000e+00
        966     44.125     3.6483   2.996077    32.2506    25.6330 0.0000e+00
        967     44.123     3.6483   2.996081    32.2506    25.6331 0.0000e+00
        968     44.126     3.6483   2.996093    32.2508    25.6332 0.0000e+00
        969     44.129     3.6483   2.996093    32.2508    25.6332 0.0000e+00
        970     44.129     3.6482   2.996076    32.2506    25.6331 0.0000e+00
        971     44.123     3.6480   2.996061    32.2507    25.6331 0.0000e+00
        972     44.110     3.6479   2.996064    32.2508    25.6333 0.0000e+00
        973     44.097     3.6481   2.996081    32.2508    25.6333 0.0000e+00
        974     44.095     3.6483   2.996104    32.2509    25.6333 0.0000e+00
        975     44.102     3.6485   2.996116    32.2508    25.6332 0.0000e+00
        976     44.110     3.6483   2.996105    32.2509    25.6333 0.0000e+00
        977     44.112     3.6481   2.996083    32.2508    25.6333 0.0000e+00
        978     44.106     3.6479   2.996060    32.2508    25.6332 0.0000e+00
        979     44.098     3.6479   2.996053    32.2507    25.6332 0.0000e+00
        980     44.094     3.6479   2.996054    32.2507    25.6332 0.0000e+00
        981     44.098     3.6479   2.996052    32.2507    25.6332 0.0000e+00
        982     44.103     3.6479   2.996052    32.2507    25.6332 0.0000e+00
        983     44.098     3.6480   2.996058    32.2506    25.6331 0.0000e+00
        984     44.087     3.6481   2.996062    32.2506    25.6331 0.0000e+00
        985     44.078     3.6482   2.996073    32.2506    25.6331 0.0000e+00
        986     44.077     3.6482   2.996077    32.2507    25.6331 0.0000e+00
        987     44.086     3.6482   2.996073    32.2506    25.6331 0.0000e+00
        988     44.097     3.6481   2.996072    32.2507    25.6332 0.0000e+00
        989     44.105     3.6482   2.996074    32.2506    25.6331 0.0000e+00
        990     44.110     3.6483   2.996078    32.2506    25.6330 0.0000e+00
        991     44.114     3.6483   2.996079    32.2506    25.6331 0.0000e+00
        992     44.113     3.6483   2.996079    32.2506    25.6331 0.0000e+00
        993     44.105     3.6482   2.996081    32.2507    25.6332 0.0000e+00
        994     44.095     3.6483   2.996083    32.2506    25.6331 0.0000e+00
        995     44.081     3.6483   2.996086    32.2507    25.6331 0.0000e+00
        996     44.064     3.6483   2.996088    32.2507    25.6332 0.0000e+00
        997     44.054     3.6483   2.996088    32.2507    25.6332 0.0000e+00
        998     44.053     3.6483   2.996087    32.2507    25.6332 0.0000e+00
        999     44.059     3.6484   2.996091    32.2507    25.6331 0.0000e+00
       1000     44.066     3.6485   2.996093    32.2506    25.6330 0.0000e+00
       1001     44.065     3.6483   2.996092    32.2508    25.6332 0.0000e+00
       1002     44.058     3.6483   2.996092    32.2508    25.6332 0.0000e+00
       1003     44.050     3.6483   2.996091    32.2508    25.6332 0.0000e+00
       1004     44.046     3.6484   2.996090    32.2507    25.6331 0.0000e+00
       1005     44.050     3.6485   2.996094    32.2506    25.6330 0.0000e+00
       1006     44.063     3.6486   2.996101    32.2506    25.6330 0.0000e+00
       1007     44.074     3.6486   2.996103    32.2506    25.6330 0.0000e+00
       1008     44.072     3.6486   2.996101    32.2506    25.6330 0.0000e+00
       1009     44.055     3.6486   2.996103    32.2506    25.6330 0.0000e+00
       1010     44.031     3.6486   2.996103    32.2506    25.6331 0.0000e+00
       1011     44.013     3.6487   2.996109    32.2506    25.6330 0.0000e+00
       1012     44.004     3.6488   2.996119    32.2506    25.6330 0.0000e+00
       1013     44.002     3.6488   2.996117    32.2506    25.6330 0.0000e+00
       1014     44.007     3.6487   2.996107    32.2506    25.6330 0.0000e+00
       1015     44.016     3.6486   2.996104    32.2506    25.6331 0.0000e+00
       1016     44.027     3.6486   2.996112    32.2507    25.6331 0.0000e+00
       1017     44.038     3.6488   2.996118    32.2506    25.6330 0.0000e+00
       1018     44.046     3.6490   2.996118    32.2504    25.6328 0.0000e+00
       1019     44.047     3.6490   2.996129    32.2505    25.6329 0.0000e+00
       1020     44.039     3.6491   2.996137    32.2505    25.6329 0.0000e+00
       1021     44.019     3.6490   2.996133    32.2506    25.6330 0.0000e+00
       1022     43.996     3.6490   2.996132    32.2506    25.6330 0.0000e+00
       1023     43.978     3.6491   2.996139    32.2506    25.6330 0.0000e+00
       1024     43.963     3.6493   2.996151    32.2505    25.6329 0.0000e+00
       1025     43.955     3.6494   2.996154    32.2505    25.6329 0.0000e+00
