Datasets/Test_Dataset_39219_tow/originals/tel219_2021_071.cnv
* Sea-Bird SBE19plus Data File:
* Filename = C:/AQUIRE/tel219_2021_071.hex
* Software Version AquireV2 AF V2.0
* Temperature SN =  4020
* Conductivity SN =  4020
* System UpLoad Time = May 15 2021 13:17:02
** VESSEL/TRIP/SEQ STN: tel219_2021_071
** LATITUDE: 45 53.52 N
** LONGITUDE: 55 04.30 W
** DATE/TIME: 2021-05-15 12:33
** SOUNDING DEPTH (M): 0143
** PROBE TYPE: S4020
** CTD NUMBER:  71
** FORMAT: T
** COMMENTS: 
# nquan = 7                                 
# nvalues = 2698                        
# units = specified
# name 0 = scan: Scan Count
# name 1 = prdM: Pressure, Strain Gauge [db]
# name 2 = tv290C: Temperature [ITS-90, deg C]
# name 3 = c0S/m: Conductivity [S/m]
# name 4 = sal00: Salinity, Practical [PSU]
# name 5 = sigma-t00: Density [sigma-t, kg/m^3 ]
# name 6 = flag: flag
# span 0 =          1,       2698       
# span 1 =     -0.053,    139.076       
# span 2 =     0.3887,     4.5497       
# span 3 =   0.006758,   3.024307       
# span 4 =     0.0508,    32.7024       
# span 5 =     0.0138,    26.2289       
# span 6 = 0.0000e+00, 0.0000e+00       
# interval = seconds: 1
# start_time = May 15 2021 12:33:17 [Instrument's time stamp, header]
# bad_flag = -9.990e-29
*END*
[from data line 1231]
       1232    138.828     0.4628   2.773541    32.6960    26.2234 0.0000e+00
       1233    138.845     0.4628   2.773543    32.6960    26.2234 0.0000e+00
       1234    138.862     0.4627   2.773543    32.6961    26.2235 0.0000e+00
       1235    138.865     0.4627   2.773541    32.6961    26.2234 0.0000e+00
       1236    138.860     0.4627   2.773537    32.6960    26.2234 0.0000e+00
       1237    138.857     0.4627   2.773535    32.6960    26.2234 0.0000e+00
       1238    138.861     0.4627   2.773540    32.6961    26.2234 0.0000e+00
       1239    138.864     0.4627   2.773547    32.6962    26.2235 0.0000e+00
       1240    138.857     0.4628   2.773549    32.6961    26.2234 0.0000e+00
       1241    138.848     0.4629   2.773552    32.6960    26.2234 0.0000e+00
       1242    138.849     0.4628   2.773553    32.6962    26.2235 0.0000e+00
       1243    138.859     0.4628   2.773551    32.6961    26.2235 0.0000e+00
       1244    138.865     0.4628   2.773549    32.6961    26.2234 0.0000e+00
       1245    138.859     0.4628   2.773546    32.6961    26.2234 0.0000e+00
       1246    138.849     0.4629   2.773547    32.6960    26.2233 0.0000e+00
       1247    138.848     0.4629   2.773548    32.6960    26.2233 0.0000e+00
       1248    138.859     0.4629   2.773551    32.6960    26.2234 0.0000e+00
       1249    138.869     0.4629   2.773551    32.6960    26.2234 0.0000e+00
       1250    138.866     0.4630   2.773551    32.6959    26.2233 0.0000e+00
       1251    138.854     0.4629   2.773549    32.6960    26.2234 0.0000e+00
       1252    138.846     0.4629   2.773545    32.6959    26.2233 0.0000e+00
       1253    138.851     0.4629   2.773544    32.6959    26.2233 0.0000e+00
       1254    138.865     0.4629   2.773546    32.6959    26.2233 0.0000e+00
       1255    138.870     0.4629   2.773548    32.6960    26.2233 0.0000e+00
       1256    138.865     0.4630   2.773554    32.6959    26.2233 0.0000e+00
       1257    138.863     0.4632   2.773565    32.6959    26.2232 0.0000e+00
       1258    138.866     0.4633   2.773567    32.6958    26.2232 0.0000e+00
       1259    138.874     0.4633   2.773563    32.6957    26.2231 0.0000e+00
       1260    138.883     0.4633   2.773566    32.6958    26.2232 0.0000e+00
       1261    138.880     0.4633   2.773569    32.6958    26.2232 0.0000e+00
       1262    138.861     0.4633   2.773571    32.6958    26.2232 0.0000e+00
       1263    138.834     0.4635   2.773570    32.6956    26.2230 0.0000e+00
       1264    138.817     0.4636   2.773572    32.6956    26.2230 0.0000e+00
       1265    138.822     0.4636   2.773580    32.6957    26.2231 0.0000e+00
       1266    138.838     0.4636   2.773587    32.6958    26.2231 0.0000e+00
       1267    138.843     0.4636   2.773585    32.6957    26.2231 0.0000e+00
       1268    138.822     0.4636   2.773581    32.6957    26.2231 0.0000e+00
       1269    138.783     0.4637   2.773580    32.6956    26.2230 0.0000e+00
       1270    138.754     0.4637   2.773584    32.6957    26.2230 0.0000e+00
       1271    138.756     0.4638   2.773593    32.6957    26.2230 0.0000e+00
       1272    138.780     0.4638   2.773601    32.6958    26.2231 0.0000e+00
       1273    138.801     0.4638   2.773599    32.6957    26.2231 0.0000e+00
       1274    138.802     0.4638   2.773592    32.6956    26.2230 0.0000e+00
       1275    138.789     0.4638   2.773589    32.6956    26.2230 0.0000e+00
       1276    138.781     0.4638   2.773592    32.6956    26.2230 0.0000e+00
       1277    138.791     0.4639   2.773598    32.6956    26.2230 0.0000e+00
       1278    138.812     0.4639   2.773605    32.6957    26.2231 0.0000e+00
       1279    138.826     0.4639   2.773608    32.6957    26.2231 0.0000e+00
       1280    138.819     0.4639   2.773610    32.6957    26.2231 0.0000e+00
       1281    138.795     0.4639   2.773613    32.6958    26.2231 0.0000e+00
       1282    138.773     0.4639   2.773610    32.6958    26.2231 0.0000e+00
       1283    138.770     0.4638   2.773603    32.6958    26.2231 0.0000e+00
       1284    138.785     0.4638   2.773598    32.6957    26.2231 0.0000e+00
       1285    138.802     0.4638   2.773603    32.6958    26.2231 0.0000e+00
       1286    138.808     0.4638   2.773611    32.6959    26.2232 0.0000e+00
       1287    138.804     0.4640   2.773618    32.6958    26.2231 0.0000e+00
       1288    138.797     0.4642   2.773624    32.6956    26.2230 0.0000e+00
       1289    138.796     0.4643   2.773627    32.6956    26.2229 0.0000e+00
       1290    138.809     0.4643   2.773628    32.6956    26.2229 0.0000e+00
       1291    138.828     0.4643   2.773627    32.6955    26.2229 0.0000e+00
       1292    138.836     0.4643   2.773626    32.6955    26.2229 0.0000e+00
       1293    138.823     0.4643   2.773626    32.6955    26.2229 0.0000e+00
       1294    138.801     0.4644   2.773627    32.6954    26.2228 0.0000e+00
       1295    138.790     0.4646   2.773635    32.6953    26.2227 0.0000e+00
       1296    138.800     0.4647   2.773648    32.6954    26.2228 0.0000e+00
       1297    138.820     0.4647   2.773654    32.6955    26.2228 0.0000e+00
       1298    138.832     0.4647   2.773650    32.6954    26.2228 0.0000e+00
       1299    138.827     0.4647   2.773647    32.6954    26.2228 0.0000e+00
       1300    138.814     0.4647   2.773646    32.6954    26.2228 0.0000e+00
       1301    138.808     0.4647   2.773646    32.6954    26.2228 0.0000e+00
       1302    138.819     0.4647   2.773653    32.6955    26.2228 0.0000e+00
       1303    138.832     0.4647   2.773664    32.6956    26.2229 0.0000e+00
       1304    138.833     0.4647   2.773666    32.6956    26.2230 0.0000e+00
       1305    138.825     0.4648   2.773658    32.6954    26.2228 0.0000e+00
       1306    138.819     0.4648   2.773657    32.6954    26.2228 0.0000e+00
       1307    138.822     0.4648   2.773663    32.6955    26.2228 0.0000e+00
       1308    138.834     0.4648   2.773669    32.6955    26.2229 0.0000e+00
       1309    138.847     0.4648   2.773675    32.6956    26.2230 0.0000e+00
       1310    138.849     0.4650   2.773678    32.6954    26.2228 0.0000e+00
       1311    138.840     0.4651   2.773678    32.6953    26.2227 0.0000e+00
       1312    138.832     0.4651   2.773678    32.6953    26.2227 0.0000e+00
       1313    138.837     0.4651   2.773681    32.6954    26.2228 0.0000e+00
       1314    138.853     0.4651   2.773685    32.6954    26.2228 0.0000e+00
       1315    138.865     0.4652   2.773690    32.6954    26.2227 0.0000e+00
       1316    138.869     0.4653   2.773698    32.6954    26.2227 0.0000e+00
       1317    138.871     0.4654   2.773703    32.6953    26.2227 0.0000e+00
       1318    138.875     0.4655   2.773704    32.6952    26.2226 0.0000e+00
       1319    138.877     0.4655   2.773707    32.6953    26.2226 0.0000e+00
       1320    138.874     0.4655   2.773706    32.6953    26.2226 0.0000e+00
       1321    138.869     0.4655   2.773704    32.6952    26.2226 0.0000e+00
       1322    138.869     0.4655   2.773707    32.6953    26.2226 0.0000e+00
       1323    138.874     0.4656   2.773707    32.6952    26.2226 0.0000e+00
       1324    138.871     0.4656   2.773708    32.6952    26.2226 0.0000e+00
       1325    138.850     0.4656   2.773709    32.6952    26.2226 0.0000e+00
       1326    138.824     0.4656   2.773704    32.6952    26.2225 0.0000e+00
       1327    138.814     0.4656   2.773702    32.6951    26.2225 0.0000e+00
       1328    138.826     0.4656   2.773709    32.6952    26.2226 0.0000e+00
       1329    138.844     0.4656   2.773714    32.6953    26.2226 0.0000e+00
       1330    138.841     0.4656   2.773710    32.6952    26.2226 0.0000e+00
       1331    138.814     0.4656   2.773706    32.6952    26.2226 0.0000e+00
       1332    138.784     0.4657   2.773707    32.6951    26.2225 0.0000e+00
       1333    138.772     0.4657   2.773706    32.6951    26.2225 0.0000e+00
       1334    138.783     0.4657   2.773706    32.6951    26.2225 0.0000e+00
       1335    138.795     0.4657   2.773708    32.6951    26.2225 0.0000e+00
       1336    138.789     0.4656   2.773708    32.6952    26.2226 0.0000e+00
       1337    138.764     0.4656   2.773706    32.6952    26.2226 0.0000e+00
       1338    138.739     0.4656   2.773699    32.6951    26.2225 0.0000e+00
       1339    138.732     0.4656   2.773695    32.6951    26.2225 0.0000e+00
       1340    138.744     0.4656   2.773706    32.6952    26.2226 0.0000e+00
       1341    138.753     0.4656   2.773714    32.6953    26.2227 0.0000e+00
       1342    138.741     0.4656   2.773706    32.6952    26.2226 0.0000e+00
       1343    138.711     0.4657   2.773697    32.6950    26.2224 0.0000e+00
       1344    138.686     0.4658   2.773698    32.6950    26.2224 0.0000e+00
       1345    138.683     0.4658   2.773709    32.6951    26.2225 0.0000e+00
       1346    138.697     0.4658   2.773729    32.6953    26.2227 0.0000e+00
       1347    138.704     0.4658   2.773738    32.6955    26.2228 0.0000e+00
       1348    138.685     0.4658   2.773732    32.6954    26.2227 0.0000e+00
       1349    138.646     0.4658   2.773722    32.6953    26.2226 0.0000e+00
       1350    138.610     0.4658   2.773722    32.6953    26.2226 0.0000e+00
       1351    138.593     0.4659   2.773733    32.6954    26.2227 0.0000e+00
       1352    138.596     0.4659   2.773737    32.6954    26.2227 0.0000e+00
       1353    138.600     0.4660   2.773729    32.6952    26.2225 0.0000e+00
       1354    138.594     0.4661   2.773728    32.6951    26.2224 0.0000e+00
       1355    138.590     0.4662   2.773738    32.6951    26.2225 0.0000e+00
       1356    138.600     0.4662   2.773745    32.6952    26.2225 0.0000e+00
       1357    138.618     0.4662   2.773753    32.6953    26.2226 0.0000e+00
       1358    138.629     0.4662   2.773755    32.6953    26.2226 0.0000e+00
       1359    138.623     0.4662   2.773747    32.6952    26.2225 0.0000e+00
       1360    138.611     0.4662   2.773739    32.6951    26.2225 0.0000e+00
       1361    138.612     0.4663   2.773736    32.6950    26.2223 0.0000e+00
       1362    138.619     0.4663   2.773741    32.6950    26.2224 0.0000e+00
       1363    138.615     0.4663   2.773744    32.6951    26.2224 0.0000e+00
       1364    138.595     0.4663   2.773741    32.6950    26.2224 0.0000e+00
       1365    138.579     0.4665   2.773749    32.6949    26.2223 0.0000e+00
       1366    138.583     0.4667   2.773773    32.6950    26.2224 0.0000e+00
       1367    138.595     0.4668   2.773784    32.6951    26.2224 0.0000e+00
       1368    138.590     0.4668   2.773780    32.6950    26.2224 0.0000e+00
       1369    138.565     0.4668   2.773773    32.6949    26.2223 0.0000e+00
       1370    138.537     0.4668   2.773767    32.6949    26.2222 0.0000e+00
       1371    138.529     0.4666   2.773754    32.6949    26.2223 0.0000e+00
       1372    138.545     0.4664   2.773741    32.6950    26.2223 0.0000e+00
       1373    138.570     0.4663   2.773739    32.6950    26.2224 0.0000e+00
       1374    138.589     0.4664   2.773745    32.6950    26.2224 0.0000e+00
       1375    138.602     0.4666   2.773752    32.6949    26.2222 0.0000e+00
       1376    138.612     0.4667   2.773759    32.6948    26.2222 0.0000e+00
       1377    138.625     0.4667   2.773757    32.6948    26.2222 0.0000e+00
       1378    138.643     0.4668   2.773755    32.6947    26.2221 0.0000e+00
       1379    138.662     0.4668   2.773766    32.6948    26.2222 0.0000e+00
       1380    138.680     0.4668   2.773771    32.6948    26.2222 0.0000e+00
       1381    138.694     0.4667   2.773763    32.6948    26.2222 0.0000e+00
       1382    138.702     0.4668   2.773766    32.6948    26.2222 0.0000e+00
       1383    138.704     0.4669   2.773780    32.6948    26.2222 0.0000e+00
       1384    138.703     0.4672   2.773795    32.6947    26.2221 0.0000e+00
       1385    138.700     0.4674   2.773809    32.6947    26.2221 0.0000e+00
       1386    138.697     0.4676   2.773821    32.6946    26.2220 0.0000e+00
       1387    138.700     0.4677   2.773832    32.6947    26.2220 0.0000e+00
       1388    138.713     0.4677   2.773842    32.6948    26.2221 0.0000e+00
       1389    138.724     0.4677   2.773841    32.6948    26.2221 0.0000e+00
       1390    138.728     0.4676   2.773826    32.6947    26.2221 0.0000e+00
       1391    138.733     0.4674   2.773816    32.6948    26.2221 0.0000e+00
       1392    138.745     0.4674   2.773818    32.6948    26.2221 0.0000e+00
       1393    138.758     0.4676   2.773831    32.6947    26.2221 0.0000e+00
       1394    138.760     0.4678   2.773847    32.6947    26.2221 0.0000e+00
       1395    138.745     0.4680   2.773857    32.6947    26.2220 0.0000e+00
       1396    138.719     0.4683   2.773868    32.6945    26.2219 0.0000e+00
       1397    138.703     0.4683   2.773877    32.6946    26.2220 0.0000e+00
       1398    138.708     0.4681   2.773862    32.6946    26.2220 0.0000e+00
       1399    138.726     0.4678   2.773832    32.6946    26.2219 0.0000e+00
       1400    138.735     0.4677   2.773822    32.6945    26.2219 0.0000e+00
       1401    138.728     0.4676   2.773816    32.6946    26.2219 0.0000e+00
       1402    138.719     0.4674   2.773796    32.6945    26.2219 0.0000e+00
       1403    138.723     0.4673   2.773785    32.6945    26.2219 0.0000e+00
       1404    138.737     0.4674   2.773796    32.6945    26.2219 0.0000e+00
       1405    138.747     0.4676   2.773816    32.6945    26.2219 0.0000e+00
       1406    138.750     0.4678   2.773822    32.6944    26.2218 0.0000e+00
       1407    138.750     0.4680   2.773825    32.6942    26.2217 0.0000e+00
       1408    138.756     0.4680   2.773837    32.6944    26.2218 0.0000e+00
       1409    138.768     0.4678   2.773827    32.6945    26.2219 0.0000e+00
       1410    138.784     0.4677   2.773814    32.6944    26.2218 0.0000e+00
       1411    138.796     0.4677   2.773818    32.6944    26.2218 0.0000e+00
       1412    138.802     0.4677   2.773827    32.6945    26.2219 0.0000e+00
       1413    138.804     0.4677   2.773824    32.6945    26.2219 0.0000e+00
       1414    138.808     0.4677   2.773814    32.6944    26.2218 0.0000e+00
       1415    138.816     0.4676   2.773810    32.6944    26.2218 0.0000e+00
       1416    138.826     0.4677   2.773819    32.6944    26.2218 0.0000e+00
       1417    138.834     0.4678   2.773832    32.6945    26.2219 0.0000e+00
       1418    138.840     0.4678   2.773838    32.6946    26.2219 0.0000e+00
       1419    138.846     0.4678   2.773840    32.6946    26.2220 0.0000e+00
       1420    138.856     0.4678   2.773848    32.6947    26.2220 0.0000e+00
       1421    138.867     0.4681   2.773860    32.6945    26.2219 0.0000e+00
       1422    138.877     0.4684   2.773874    32.6944    26.2218 0.0000e+00
       1423    138.885     0.4686   2.773885    32.6943    26.2217 0.0000e+00
       1424    138.892     0.4687   2.773896    32.6943    26.2217 0.0000e+00
       1425    138.898     0.4687   2.773894    32.6943    26.2217 0.0000e+00
       1426    138.904     0.4685   2.773872    32.6942    26.2216 0.0000e+00
       1427    138.910     0.4682   2.773851    32.6943    26.2217 0.0000e+00
       1428    138.911     0.4679   2.773833    32.6944    26.2218 0.0000e+00
       1429    138.905     0.4679   2.773783    32.6937    26.2212 0.0000e+00
       1430    138.897     0.4681   2.773663    32.6919    26.2198 0.0000e+00
       1431    138.893     0.4682   2.773625    32.6913    26.2193 0.0000e+00
       1432    138.895     0.4683   2.773763    32.6930    26.2207 0.0000e+00
       1433    138.897     0.4683   2.773862    32.6943    26.2217 0.0000e+00
       1434    138.890     0.4683   2.773870    32.6944    26.2218 0.0000e+00
       1435    138.877     0.4683   2.773870    32.6944    26.2218 0.0000e+00
