Datasets/Test_Dataset_39219_tow/originals/tel219_2021_044.cnv
* Sea-Bird SBE19plus Data File:
* Filename = C:/AQUIRE/tel219_2021_044.hex
* Software Version AquireV2 AF V2.0
* Temperature SN =  4020
* Conductivity SN =  4020
* System UpLoad Time = May 12 2021 14:39:48
** VESSEL/TRIP/SEQ STN: tel219_2021_044
** LATITUDE: 45 22.29 N
** LONGITUDE: 55 58.63 W
** DATE/TIME: 2021-05-12 14:04
** SOUNDING DEPTH (M): 0052
** PROBE TYPE: S4020
** CTD NUMBER: 044
** FORMAT: T
** COMMENTS: 
# nquan = 7                                 
# nvalues = 2168                        
# units = specified
# name 0 = scan: Scan Count
# name 1 = prdM: Pressure, Strain Gauge [db]
# name 2 = tv290C: Temperature [ITS-90, deg C]
# name 3 = c0S/m: Conductivity [S/m]
# name 4 = sal00: Salinity, Practical [PSU]
# name 5 = sigma-t00: Density [sigma-t, kg/m^3 ]
# name 6 = flag: flag
# span 0 =          1,       2168       
# span 1 =     -0.194,     54.568       
# span 2 =     2.7742,     4.0289       
# span 3 =   0.005426,   2.973091       
# span 4 =     0.0409,    32.2583       
# span 5 =     0.0080,    25.6944       
# span 6 = 0.0000e+00, 0.0000e+00       
# interval = seconds: 1
# start_time = May 12 2021 14:04:33 [Instrument's time stamp, header]
# bad_flag = -9.990e-29
*END*
[from data line 206]
        207      0.843     3.2968   2.961369    32.2073    25.6305 0.0000e+00
        208      0.778     3.2999   2.961491    32.2057    25.6290 0.0000e+00
        209      0.769     3.3013   2.961629    32.2060    25.6291 0.0000e+00
        210      0.755     3.3012   2.961915    32.2096    25.6319 0.0000e+00
        211      0.710     3.3001   2.961932    32.2109    25.6331 0.0000e+00
        212      0.659     3.2967   2.961576    32.2100    25.6327 0.0000e+00
        213      0.638     3.2919   2.961321    32.2117    25.6345 0.0000e+00
        214      0.675     3.2888   2.961480    32.2167    25.6387 0.0000e+00
        215      0.773     3.2878   2.961772    32.2212    25.6424 0.0000e+00
        216      0.923     3.2864   2.961644    32.2210    25.6423 0.0000e+00
        217      1.109     3.2823   2.960831    32.2152    25.6381 0.0000e+00
        218      1.306     3.2744   2.959753    32.2100    25.6346 0.0000e+00
        219      1.497     3.2637   2.958809    32.2092    25.6349 0.0000e+00
        220      1.685     3.2527   2.957993    32.2102    25.6367 0.0000e+00
        221      1.909     3.2444   2.957327    32.2104    25.6376 0.0000e+00
        222      2.193     3.2406   2.956943    32.2094    25.6371 0.0000e+00
        223      2.490     3.2398   2.956858    32.2090    25.6369 0.0000e+00
        224      2.712     3.2395   2.956781    32.2083    25.6363 0.0000e+00
        225      2.839     3.2404   2.956805    32.2076    25.6357 0.0000e+00
        226      2.899     3.2424   2.957038    32.2084    25.6362 0.0000e+00
        227      2.897     3.2416   2.956948    32.2081    25.6360 0.0000e+00
        228      2.832     3.2384   2.956641    32.2076    25.6359 0.0000e+00
        229      2.731     3.2378   2.956683    32.2088    25.6369 0.0000e+00
        230      2.635     3.2403   2.956940    32.2094    25.6372 0.0000e+00
        231      2.588     3.2426   2.957141    32.2096    25.6371 0.0000e+00
        232      2.634     3.2432   2.957210    32.2098    25.6372 0.0000e+00
        233      2.777     3.2420   2.957076    32.2093    25.6369 0.0000e+00
        234      2.964     3.2381   2.956622    32.2076    25.6359 0.0000e+00
        235      3.118     3.2328   2.956021    32.2056    25.6348 0.0000e+00
        236      3.188     3.2286   2.955732    32.2063    25.6357 0.0000e+00
        237      3.175     3.2251   2.955488    32.2068    25.6364 0.0000e+00
        238      3.100     3.2214   2.955143    32.2064    25.6364 0.0000e+00
        239      2.963     3.2176   2.954927    32.2077    25.6378 0.0000e+00
        240      2.778     3.2135   2.954637    32.2084    25.6387 0.0000e+00
        241      2.597     3.2125   2.954530    32.2082    25.6386 0.0000e+00
        242      2.459     3.2201   2.955183    32.2085    25.6382 0.0000e+00
        243      2.358     3.2348   2.956433    32.2090    25.6373 0.0000e+00
        244      2.258     3.2455   2.957166    32.2072    25.6349 0.0000e+00
        245      2.162     3.2466   2.957068    32.2049    25.6331 0.0000e+00
        246      2.112     3.2425   2.956802    32.2059    25.6341 0.0000e+00
        247      2.099     3.2390   2.956550    32.2063    25.6348 0.0000e+00
        248      2.068     3.2394   2.956540    32.2058    25.6344 0.0000e+00
        249      1.994     3.2451   2.957006    32.2058    25.6339 0.0000e+00
        250      1.898     3.2539   2.957837    32.2071    25.6341 0.0000e+00
        251      1.835     3.2588   2.958202    32.2066    25.6333 0.0000e+00
        252      1.828     3.2573   2.957750    32.2027    25.6303 0.0000e+00
        253      1.798     3.2546   2.957491    32.2022    25.6302 0.0000e+00
        254      1.689     3.2527   2.957619    32.2057    25.6332 0.0000e+00
        255      1.528     3.2497   2.957567    32.2082    25.6354 0.0000e+00
        256      1.335     3.2424   2.956898    32.2075    25.6355 0.0000e+00
        257      1.153     3.2365   2.956110    32.2040    25.6332 0.0000e+00
        258      1.040     3.2426   2.956668    32.2047    25.6332 0.0000e+00
        259      1.009     3.2571   2.958100    32.2075    25.6342 0.0000e+00
        260      0.998     3.2679   2.958819    32.2054    25.6315 0.0000e+00
        261      0.905     3.2721   2.958925    32.2025    25.6289 0.0000e+00
        262      0.734     3.2723   2.958935    32.2025    25.6289 0.0000e+00
        263      0.566     3.2710   2.958870    32.2031    25.6295 0.0000e+00
        264      0.417     3.2698   2.958814    32.2037    25.6301 0.0000e+00
        265      0.282     3.2695   2.958782    32.2037    25.6301 0.0000e+00
        266      0.186     3.2692   2.958689    32.2030    25.6295 0.0000e+00
        267      0.126     3.2681   2.958513    32.2020    25.6288 0.0000e+00
        268      0.098     3.2667   2.958419    32.2022    25.6291 0.0000e+00
        269      0.123     3.2655   2.958464    32.2040    25.6306 0.0000e+00
        270      0.170     3.2649   2.958492    32.2049    25.6314 0.0000e+00
        271      0.174     3.2652   2.958480    32.2044    25.6310 0.0000e+00
        272      0.133     3.2639   2.958377    32.2045    25.6312 0.0000e+00
        273      0.091     3.2589   2.957952    32.2044    25.6315 0.0000e+00
        274      0.073     3.2535   2.957447    32.2037    25.6315 0.0000e+00
        275      0.060     3.2505   2.957306    32.2050    25.6328 0.0000e+00
        276      0.037     3.2493   2.957255    32.2056    25.6334 0.0000e+00
        277      0.018     3.2507   2.957315    32.2050    25.6327 0.0000e+00
        278      0.011     3.2543   2.957648    32.2054    25.6327 0.0000e+00
        279      0.011     3.2561   2.957815    32.2056    25.6327 0.0000e+00
        280      0.007     3.2542   2.957673    32.2058    25.6331 0.0000e+00
        281      0.004     3.2477   2.957059    32.2049    25.6329 0.0000e+00
        282     -0.000     3.2402   2.956263    32.2028    25.6319 0.0000e+00
        283     -0.012     3.2419   2.956480    32.2037    25.6325 0.0000e+00
        284     -0.021     3.2540   2.957729    32.2067    25.6338 0.0000e+00
        285     -0.014     3.2666   2.958693    32.2057    25.6319 0.0000e+00
        286      0.006     3.2719   2.959038    32.2046    25.6305 0.0000e+00
        287      0.047     3.2663   2.958562    32.2044    25.6309 0.0000e+00
        288      0.114     3.2517   2.957112    32.2015    25.6298 0.0000e+00
        289      0.180     3.2389   2.956024    32.2011    25.6307 0.0000e+00
        290      0.212     3.2345   2.955893    32.2039    25.6333 0.0000e+00
        291      0.223     3.2339   2.955952    32.2052    25.6344 0.0000e+00
        292      0.285     3.2320   2.955711    32.2042    25.6337 0.0000e+00
        293      0.436     3.2321   2.955695    32.2038    25.6334 0.0000e+00
        294      0.607     3.2331   2.955859    32.2047    25.6340 0.0000e+00
        295      0.682     3.2306   2.955392    32.2015    25.6317 0.0000e+00
        296      0.638     3.2277   2.954840    32.1978    25.6290 0.0000e+00
        297      0.563     3.2273   2.954852    32.1984    25.6295 0.0000e+00
        298      0.510     3.2260   2.955111    32.2028    25.6332 0.0000e+00
        299      0.459     3.2196   2.954890    32.2065    25.6367 0.0000e+00
        300      0.416     3.2100   2.954054    32.2061    25.6372 0.0000e+00
        301      0.390     3.2046   2.953563    32.2056    25.6372 0.0000e+00
        302      0.374     3.2064   2.953770    32.2063    25.6376 0.0000e+00
        303      0.387     3.2129   2.954182    32.2047    25.6358 0.0000e+00
        304      0.432     3.2198   2.954574    32.2026    25.6335 0.0000e+00
        305      0.458     3.2224   2.954860    32.2034    25.6339 0.0000e+00
        306      0.427     3.2214   2.955141    32.2078    25.6375 0.0000e+00
        307      0.374     3.2218   2.955395    32.2105    25.6396 0.0000e+00
        308      0.371     3.2225   2.955187    32.2073    25.6370 0.0000e+00
        309      0.444     3.2206   2.954740    32.2037    25.6344 0.0000e+00
        310      0.548     3.2170   2.954644    32.2061    25.6366 0.0000e+00
        311      0.609     3.2124   2.954545    32.2095    25.6397 0.0000e+00
        312      0.617     3.2062   2.954018    32.2093    25.6401 0.0000e+00
        313      0.642     3.2010   2.953634    32.2099    25.6410 0.0000e+00
        314      0.767     3.2005   2.953777    32.2120    25.6427 0.0000e+00
        315      0.997     3.2081   2.954260    32.2101    25.6406 0.0000e+00
        316      1.249     3.2253   2.955421    32.2068    25.6364 0.0000e+00
        317      1.478     3.2426   2.956928    32.2076    25.6355 0.0000e+00
        318      1.699     3.2466   2.957309    32.2081    25.6356 0.0000e+00
        319      1.885     3.2397   2.956642    32.2068    25.6352 0.0000e+00
        320      2.041     3.2337   2.956026    32.2053    25.6345 0.0000e+00
        321      2.227     3.2319   2.955636    32.2023    25.6323 0.0000e+00
        322      2.470     3.2321   2.955577    32.2013    25.6314 0.0000e+00
        323      2.758     3.2323   2.955726    32.2027    25.6326 0.0000e+00
        324      3.033     3.2310   2.955538    32.2016    25.6318 0.0000e+00
        325      3.248     3.2281   2.955182    32.2001    25.6308 0.0000e+00
        326      3.439     3.2253   2.954974    32.2003    25.6312 0.0000e+00
        327      3.645     3.2229   2.954965    32.2025    25.6332 0.0000e+00
        328      3.869     3.2217   2.955201    32.2064    25.6364 0.0000e+00
        329      4.101     3.2214   2.955188    32.2064    25.6364 0.0000e+00
        330      4.352     3.2192   2.954579    32.2011    25.6324 0.0000e+00
        331      4.649     3.2141   2.953872    32.1976    25.6300 0.0000e+00
        332      4.969     3.2087   2.953599    32.1995    25.6320 0.0000e+00
        333      5.283     3.2055   2.953612    32.2027    25.6349 0.0000e+00
        334      5.599     3.2029   2.953478    32.2035    25.6357 0.0000e+00
        335      5.908     3.1966   2.953008    32.2039    25.6366 0.0000e+00
        336      6.206     3.1894   2.952497    32.2048    25.6380 0.0000e+00
        337      6.470     3.1885   2.952465    32.2052    25.6383 0.0000e+00
        338      6.677     3.1919   2.952791    32.2056    25.6384 0.0000e+00
        339      6.882     3.1939   2.952972    32.2057    25.6383 0.0000e+00
        340      7.167     3.1943   2.952997    32.2054    25.6380 0.0000e+00
        341      7.544     3.1948   2.953023    32.2051    25.6377 0.0000e+00
        342      7.943     3.1948   2.953101    32.2058    25.6383 0.0000e+00
        343      8.280     3.1925   2.953205    32.2092    25.6412 0.0000e+00
        344      8.547     3.1879   2.953237    32.2140    25.6454 0.0000e+00
        345      8.788     3.1853   2.953230    32.2164    25.6475 0.0000e+00
        346      9.026     3.1875   2.953121    32.2127    25.6444 0.0000e+00
        347      9.269     3.1904   2.952915    32.2072    25.6398 0.0000e+00
        348      9.533     3.1911   2.952913    32.2064    25.6391 0.0000e+00
        349      9.827     3.1913   2.953073    32.2079    25.6403 0.0000e+00
        350     10.143     3.1908   2.952981    32.2072    25.6397 0.0000e+00
        351     10.460     3.1889   2.952525    32.2034    25.6369 0.0000e+00
        352     10.779     3.1860   2.952136    32.2014    25.6356 0.0000e+00
        353     11.109     3.1828   2.951955    32.2023    25.6365 0.0000e+00
        354     11.434     3.1786   2.951689    32.2031    25.6375 0.0000e+00
        355     11.730     3.1736   2.951405    32.2045    25.6391 0.0000e+00
        356     11.992     3.1703   2.951293    32.2063    25.6408 0.0000e+00
        357     12.244     3.1698   2.951347    32.2073    25.6417 0.0000e+00
        358     12.507     3.1705   2.951557    32.2090    25.6430 0.0000e+00
        359     12.779     3.1713   2.951740    32.2103    25.6439 0.0000e+00
        360     13.050     3.1721   2.951675    32.2086    25.6425 0.0000e+00
        361     13.326     3.1727   2.951499    32.2057    25.6401 0.0000e+00
        362     13.611     3.1723   2.951384    32.2046    25.6393 0.0000e+00
        363     13.891     3.1704   2.951265    32.2049    25.6397 0.0000e+00
        364     14.161     3.1669   2.951054    32.2057    25.6406 0.0000e+00
        365     14.434     3.1629   2.950870    32.2073    25.6423 0.0000e+00
        366     14.726     3.1603   2.950823    32.2092    25.6440 0.0000e+00
        367     15.045     3.1596   2.950850    32.2100    25.6447 0.0000e+00
        368     15.375     3.1597   2.950888    32.2102    25.6449 0.0000e+00
        369     15.700     3.1601   2.950941    32.2103    25.6449 0.0000e+00
        370     16.003     3.1605   2.950993    32.2104    25.6449 0.0000e+00
        371     16.278     3.1605   2.951048    32.2109    25.6453 0.0000e+00
        372     16.538     3.1605   2.951105    32.2114    25.6458 0.0000e+00
        373     16.804     3.1605   2.951061    32.2108    25.6452 0.0000e+00
        374     17.086     3.1595   2.950789    32.2083    25.6434 0.0000e+00
        375     17.394     3.1575   2.950446    32.2060    25.6417 0.0000e+00
        376     17.732     3.1557   2.950227    32.2050    25.6410 0.0000e+00
        377     18.090     3.1518   2.949675    32.2020    25.6390 0.0000e+00
        378     18.458     3.1407   2.948290    32.1962    25.6354 0.0000e+00
        379     18.831     3.1227   2.946486    32.1922    25.6337 0.0000e+00
        380     19.198     3.1048   2.945224    32.1947    25.6372 0.0000e+00
        381     19.554     3.0935   2.944539    32.1975    25.6404 0.0000e+00
        382     19.901     3.0857   2.943574    32.1934    25.6379 0.0000e+00
        383     20.239     3.0738   2.942234    32.1890    25.6353 0.0000e+00
        384     20.560     3.0572   2.941038    32.1909    25.6383 0.0000e+00
        385     20.867     3.0419   2.940203    32.1960    25.6436 0.0000e+00
        386     21.177     3.0304   2.939489    32.1986    25.6468 0.0000e+00
        387     21.505     3.0206   2.938677    32.1984    25.6474 0.0000e+00
        388     21.846     3.0111   2.938077    32.2005    25.6499 0.0000e+00
        389     22.190     3.0040   2.937966    32.2061    25.6549 0.0000e+00
        390     22.540     3.0008   2.937889    32.2082    25.6569 0.0000e+00
        391     22.893     2.9994   2.937503    32.2047    25.6542 0.0000e+00
        392     23.243     2.9970   2.937106    32.2021    25.6524 0.0000e+00
        393     23.591     2.9938   2.936914    32.2028    25.6532 0.0000e+00
        394     23.937     2.9927   2.937005    32.2048    25.6549 0.0000e+00
        395     24.281     2.9938   2.937035    32.2039    25.6541 0.0000e+00
        396     24.627     2.9928   2.936609    32.1996    25.6507 0.0000e+00
        397     24.972     2.9866   2.935688    32.1944    25.6471 0.0000e+00
        398     25.310     2.9730   2.934143    32.1891    25.6440 0.0000e+00
        399     25.636     2.9541   2.932312    32.1857    25.6429 0.0000e+00
        400     25.947     2.9359   2.930929    32.1870    25.6454 0.0000e+00
        401     26.246     2.9209   2.930047    32.1911    25.6500 0.0000e+00
        402     26.536     2.9076   2.929386    32.1963    25.6552 0.0000e+00
        403     26.810     2.8958   2.928608    32.1985    25.6580 0.0000e+00
        404     27.070     2.8832   2.927472    32.1972    25.6580 0.0000e+00
        405     27.323     2.8689   2.926495    32.1995    25.6611 0.0000e+00
        406     27.573     2.8569   2.925952    32.2048    25.6663 0.0000e+00
        407     27.821     2.8493   2.925734    32.2097    25.6708 0.0000e+00
        408     28.066     2.8442   2.925587    32.2129    25.6738 0.0000e+00
        409     28.303     2.8398   2.925377    32.2146    25.6755 0.0000e+00
        410     28.528     2.8380   2.925848    32.2220    25.6816 0.0000e+00
