Datasets/Test_Dataset_39219_tow/originals/tel219_2021_007.cnv
* Sea-Bird SBE19plus Data File:
* Filename = C:/AQUIRE/tel219_2021_007.hex
* Software Version AquireV2 AF V2.0
* Temperature SN =  4020
* Conductivity SN =  4020
* System UpLoad Time = May 06 2021 14:06:57
** VESSEL/TRIP/SEQ STN: tel219_2021_007
** LATITUDE: 45 52.93 N
** LONGITUDE: 55 57.97 W
** DATE/TIME: 2021-05-06 13:23
** SOUNDING DEPTH (M): 0054
** PROBE TYPE: S4020
** CTD NUMBER:   7
** FORMAT: T
** COMMENTS: 
# nquan = 7                                 
# nvalues = 2673                        
# units = specified
# name 0 = scan: Scan Count
# name 1 = prdM: Pressure, Strain Gauge [db]
# name 2 = tv290C: Temperature [ITS-90, deg C]
# name 3 = c0S/m: Conductivity [S/m]
# name 4 = sal00: Salinity, Practical [PSU]
# name 5 = sigma-t00: Density [sigma-t, kg/m^3 ]
# name 6 = flag: flag
# span 0 =          1,       2673       
# span 1 =     -0.136,     51.488       
# span 2 =     2.1197,     5.0223       
# span 3 =   0.001887,   3.011515       
# span 4 =     0.0141,    32.1573       
# span 5 =    -0.0210,    25.6742       
# span 6 = 0.0000e+00, 0.0000e+00       
# interval = seconds: 1
# start_time = May 06 2021 13:23:37 [Instrument's time stamp, header]
# bad_flag = -9.990e-29
*END*
[from data line 411]
        412     -0.099     4.8753   0.002119     0.0158    -0.0187 0.0000e+00
        413     -0.100     4.8758   0.002121     0.0158    -0.0187 0.0000e+00
        414     -0.103     4.8761   0.002122     0.0158    -0.0186 0.0000e+00
        415     -0.101     4.8762   0.002124     0.0158    -0.0186 0.0000e+00
        416     -0.097     4.8754   0.002119     0.0158    -0.0187 0.0000e+00
        417     -0.095     4.8695   0.002099     0.0157    -0.0187 0.0000e+00
        418     -0.097     4.8554   0.002053     0.0153    -0.0188 0.0000e+00
        419     -0.100     4.8399   0.002008     0.0150    -0.0188 0.0000e+00
        420     -0.102     4.8285   0.001982     0.0148    -0.0188 0.0000e+00
        421     -0.103     4.8146   0.001950     0.0146    -0.0188 0.0000e+00
        422     -0.103     4.7952   0.001906     0.0143    -0.0188 0.0000e+00
        423     -0.102     4.7819   0.001887     0.0141    -0.0188 0.0000e+00
        424     -0.100     4.7806   0.001910     0.0143    -0.0186 0.0000e+00
        425     -0.098     4.7865   0.001955     0.0146    -0.0184 0.0000e+00
        426     -0.099     4.7946   0.002001     0.0149    -0.0183 0.0000e+00
        427     -0.101     4.8026   0.002044     0.0153    -0.0181 0.0000e+00
        428     -0.101     4.8094   0.002081     0.0155    -0.0180 0.0000e+00
        429     -0.100     4.8146   0.002108     0.0157    -0.0179 0.0000e+00
        430     -0.098     4.8173   0.002119     0.0158    -0.0179 0.0000e+00
        431     -0.097     4.8180   0.002120     0.0158    -0.0179 0.0000e+00
        432     -0.097     4.8196   0.002128     0.0159    -0.0178 0.0000e+00
        433     -0.098     4.8233   0.002141     0.0160    -0.0178 0.0000e+00
        434     -0.100     4.8272   0.002152     0.0160    -0.0178 0.0000e+00
        435     -0.103     4.8304   0.002160     0.0161    -0.0178 0.0000e+00
        436     -0.105     4.8335   0.002167     0.0161    -0.0178 0.0000e+00
        437     -0.105     4.8364   0.002173     0.0162    -0.0178 0.0000e+00
        438     -0.104     4.8389   0.002176     0.0162    -0.0178 0.0000e+00
        439     -0.103     4.8397   0.002171     0.0162    -0.0179 0.0000e+00
        440     -0.103     4.8373   0.002155     0.0161    -0.0179 0.0000e+00
        441     -0.105     4.8346   0.002143     0.0160    -0.0180 0.0000e+00
        442     -0.107     4.8323   0.002135     0.0159    -0.0180 0.0000e+00
        443     -0.106     4.8250   0.002110     0.0157    -0.0180 0.0000e+00
        444     -0.102     4.8140   0.002075     0.0155    -0.0181 0.0000e+00
        445     -0.102     4.8073   0.002057     0.0153    -0.0181 0.0000e+00
        446     -0.105     4.8058   0.002059     0.0154    -0.0181 0.0000e+00
        447     -0.107     4.8069   0.002070     0.0154    -0.0180 0.0000e+00
        448     -0.108     4.8103   0.002086     0.0156    -0.0180 0.0000e+00
        449     -0.108     4.8142   0.002104     0.0157    -0.0179 0.0000e+00
        450     -0.107     4.8133   0.002104     0.0157    -0.0179 0.0000e+00
        451     -0.103     4.8035   0.002073     0.0155    -0.0179 0.0000e+00
        452     -0.100     4.7927   0.002043     0.0152    -0.0180 0.0000e+00
        453     -0.099     4.7899   0.002043     0.0152    -0.0179 0.0000e+00
        454     -0.100     4.7929   0.002065     0.0154    -0.0179 0.0000e+00
        455     -0.100     4.7973   0.002090     0.0156    -0.0178 0.0000e+00
        456     -0.101     4.8017   0.002112     0.0157    -0.0177 0.0000e+00
        457     -0.102     4.8053   0.002126     0.0158    -0.0177 0.0000e+00
        458     -0.101     4.8081   0.002131     0.0159    -0.0177 0.0000e+00
        459     -0.103     4.8113   0.002139     0.0159    -0.0177 0.0000e+00
        460     -0.107     4.8146   0.002151     0.0160    -0.0176 0.0000e+00
        461     -0.108     4.8176   0.002161     0.0161    -0.0176 0.0000e+00
        462     -0.106     4.8203   0.002168     0.0162    -0.0176 0.0000e+00
        463     -0.103     4.8230   0.002173     0.0162    -0.0176 0.0000e+00
        464     -0.103     4.8250   0.002174     0.0162    -0.0176 0.0000e+00
        465     -0.106     4.8260   0.002171     0.0162    -0.0177 0.0000e+00
        466     -0.109     4.8266   0.002166     0.0161    -0.0177 0.0000e+00
        467     -0.109     4.8274   0.002165     0.0161    -0.0177 0.0000e+00
        468     -0.109     4.8244   0.002152     0.0160    -0.0178 0.0000e+00
        469     -0.110     4.8121   0.002107     0.0157    -0.0179 0.0000e+00
        470     -0.108     4.7941   0.002046     0.0153    -0.0180 0.0000e+00
        471     -0.104     4.7820   0.002013     0.0150    -0.0180 0.0000e+00
        472     -0.103     4.7804   0.002021     0.0151    -0.0180 0.0000e+00
        473     -0.106     4.7845   0.002048     0.0153    -0.0179 0.0000e+00
        474     -0.109     4.7894   0.002077     0.0155    -0.0177 0.0000e+00
        475     -0.110     4.7939   0.002101     0.0157    -0.0177 0.0000e+00
        476     -0.110     4.7977   0.002120     0.0158    -0.0176 0.0000e+00
        477     -0.110     4.7992   0.002126     0.0158    -0.0176 0.0000e+00
        478     -0.108     4.7980   0.002123     0.0158    -0.0176 0.0000e+00
        479     -0.106     4.7965   0.002117     0.0158    -0.0176 0.0000e+00
        480     -0.106     4.7974   0.002122     0.0158    -0.0176 0.0000e+00
        481     -0.105     4.8007   0.002135     0.0159    -0.0176 0.0000e+00
        482     -0.107     4.8038   0.002145     0.0160    -0.0175 0.0000e+00
        483     -0.111     4.8053   0.002149     0.0160    -0.0175 0.0000e+00
        484     -0.113     4.8060   0.002150     0.0160    -0.0175 0.0000e+00
        485     -0.114     4.8073   0.002151     0.0160    -0.0175 0.0000e+00
        486     -0.114     4.8093   0.002154     0.0160    -0.0176 0.0000e+00
        487     -0.113     4.8109   0.002157     0.0161    -0.0176 0.0000e+00
        488     -0.112     4.8123   0.002159     0.0161    -0.0176 0.0000e+00
        489     -0.111     4.8138   0.002160     0.0161    -0.0176 0.0000e+00
        490     -0.110     4.8153   0.002162     0.0161    -0.0176 0.0000e+00
        491     -0.109     4.8153   0.002159     0.0161    -0.0176 0.0000e+00
        492     -0.106     4.8137   0.002150     0.0160    -0.0176 0.0000e+00
        493     -0.103     4.8126   0.002144     0.0160    -0.0177 0.0000e+00
        494     -0.103     4.8133   0.002144     0.0160    -0.0177 0.0000e+00
        495     -0.106     4.8148   0.002147     0.0160    -0.0177 0.0000e+00
        496     -0.108     4.8163   0.002150     0.0160    -0.0177 0.0000e+00
        497     -0.106     4.8166   0.002148     0.0160    -0.0177 0.0000e+00
        498     -0.104     4.8148   0.002142     0.0160    -0.0177 0.0000e+00
        499     -0.107     4.8120   0.002130     0.0159    -0.0177 0.0000e+00
        500     -0.112     4.8096   0.002121     0.0158    -0.0178 0.0000e+00
        501     -0.112     4.8072   0.002112     0.0157    -0.0178 0.0000e+00
        502     -0.108     4.8034   0.002102     0.0157    -0.0178 0.0000e+00
        503     -0.106     4.7948   0.002076     0.0155    -0.0178 0.0000e+00
        504     -0.107     4.7831   0.002042     0.0152    -0.0179 0.0000e+00
        505     -0.109     4.7759   0.002028     0.0151    -0.0179 0.0000e+00
        506     -0.108     4.7763   0.002041     0.0152    -0.0178 0.0000e+00
        507     -0.104     4.7798   0.002063     0.0154    -0.0177 0.0000e+00
        508     -0.102     4.7835   0.002082     0.0155    -0.0176 0.0000e+00
        509     -0.103     4.7867   0.002098     0.0156    -0.0176 0.0000e+00
        510     -0.106     4.7891   0.002112     0.0157    -0.0175 0.0000e+00
        511     -0.107     4.7902   0.002118     0.0158    -0.0175 0.0000e+00
        512     -0.105     4.7907   0.002124     0.0158    -0.0175 0.0000e+00
        513     -0.107     4.7905   0.002126     0.0158    -0.0175 0.0000e+00
        514     -0.110     4.7868   0.002115     0.0158    -0.0175 0.0000e+00
        515     -0.110     4.7801   0.002094     0.0156    -0.0175 0.0000e+00
        516     -0.110     4.7763   0.002083     0.0155    -0.0175 0.0000e+00
        517     -0.110     4.7769   0.002089     0.0156    -0.0175 0.0000e+00
        518     -0.106     4.7775   0.002094     0.0156    -0.0175 0.0000e+00
        519     -0.104     4.7773   0.002097     0.0156    -0.0175 0.0000e+00
        520     -0.105     4.7781   0.002105     0.0157    -0.0174 0.0000e+00
        521     -0.103     4.7780   0.002109     0.0157    -0.0174 0.0000e+00
        522     -0.102     4.7755   0.002104     0.0157    -0.0174 0.0000e+00
        523     -0.102     4.7730   0.002097     0.0156    -0.0174 0.0000e+00
        524     -0.105     4.7687   0.002085     0.0155    -0.0174 0.0000e+00
        525     -0.109     4.7600   0.002060     0.0154    -0.0175 0.0000e+00
        526     -0.110     4.7537   0.002046     0.0153    -0.0175 0.0000e+00
        527     -0.108     4.7546   0.002060     0.0154    -0.0174 0.0000e+00
        528     -0.107     4.7582   0.002080     0.0155    -0.0173 0.0000e+00
        529     -0.106     4.7607   0.002092     0.0156    -0.0173 0.0000e+00
        530     -0.107     4.7626   0.002103     0.0157    -0.0173 0.0000e+00
        531     -0.111     4.7637   0.002112     0.0157    -0.0172 0.0000e+00
        532     -0.113     4.7644   0.002116     0.0158    -0.0172 0.0000e+00
        533     -0.112     4.7650   0.002120     0.0158    -0.0172 0.0000e+00
        534     -0.111     4.7619   0.002110     0.0157    -0.0172 0.0000e+00
        535     -0.109     4.7538   0.002084     0.0155    -0.0173 0.0000e+00
        536     -0.108     4.7479   0.002068     0.0154    -0.0173 0.0000e+00
        537     -0.112     4.7491   0.002081     0.0155    -0.0172 0.0000e+00
        538     -0.116     4.7531   0.002100     0.0157    -0.0172 0.0000e+00
        539     -0.120     4.7560   0.002114     0.0158    -0.0171 0.0000e+00
        540     -0.120     4.7580   0.002124     0.0158    -0.0171 0.0000e+00
        541     -0.117     4.7602   0.002132     0.0159    -0.0171 0.0000e+00
        542     -0.114     4.7608   0.002135     0.0159    -0.0170 0.0000e+00
        543     -0.111     4.7567   0.002121     0.0158    -0.0171 0.0000e+00
        544     -0.107     4.7485   0.002092     0.0156    -0.0171 0.0000e+00
        545     -0.105     4.7420   0.002073     0.0155    -0.0172 0.0000e+00
        546     -0.107     4.7376   0.002063     0.0154    -0.0172 0.0000e+00
        547     -0.112     4.7346   0.002059     0.0154    -0.0172 0.0000e+00
        548     -0.115     4.7351   0.002071     0.0154    -0.0171 0.0000e+00
        549     -0.112     4.7390   0.002094     0.0156    -0.0170 0.0000e+00
        550     -0.107     4.7438   0.002115     0.0158    -0.0170 0.0000e+00
        551     -0.105     4.7477   0.002128     0.0159    -0.0169 0.0000e+00
        552     -0.107     4.7470   0.002126     0.0158    -0.0169 0.0000e+00
        553     -0.109     4.7391   0.002100     0.0157    -0.0170 0.0000e+00
        554     -0.111     4.7293   0.002071     0.0154    -0.0170 0.0000e+00
        555     -0.114     4.7265   0.002068     0.0154    -0.0170 0.0000e+00
        556     -0.117     4.7298   0.002088     0.0156    -0.0169 0.0000e+00
        557     -0.118     4.7320   0.002102     0.0157    -0.0169 0.0000e+00
        558     -0.116     4.7279   0.002091     0.0156    -0.0169 0.0000e+00
        559     -0.114     4.7188   0.002064     0.0154    -0.0170 0.0000e+00
        560     -0.115     4.7110   0.002045     0.0153    -0.0170 0.0000e+00
        561     -0.117     4.7078   0.002045     0.0153    -0.0169 0.0000e+00
        562     -0.117     4.7086   0.002058     0.0153    -0.0169 0.0000e+00
        563     -0.117     4.7128   0.002081     0.0155    -0.0168 0.0000e+00
        564     -0.118     4.7188   0.002109     0.0157    -0.0167 0.0000e+00
        565     -0.116     4.7218   0.002125     0.0158    -0.0166 0.0000e+00
        566     -0.112     4.7190   0.002115     0.0158    -0.0167 0.0000e+00
        567     -0.109     4.7145   0.002100     0.0157    -0.0167 0.0000e+00
        568     -0.109     4.7122   0.002097     0.0156    -0.0167 0.0000e+00
        569     -0.112     4.7128   0.002105     0.0157    -0.0167 0.0000e+00
        570     -0.115     4.7161   0.002119     0.0158    -0.0166 0.0000e+00
        571     -0.117     4.7202   0.002134     0.0159    -0.0166 0.0000e+00
        572     -0.114     4.7217   0.002139     0.0159    -0.0166 0.0000e+00
        573     -0.111     4.7205   0.002136     0.0159    -0.0166 0.0000e+00
        574     -0.112     4.7202   0.002136     0.0159    -0.0166 0.0000e+00
        575     -0.116     4.7202   0.002135     0.0159    -0.0166 0.0000e+00
        576     -0.117     4.7165   0.002119     0.0158    -0.0166 0.0000e+00
        577     -0.116     4.7103   0.002097     0.0156    -0.0167 0.0000e+00
        578     -0.117     4.7081   0.002095     0.0156    -0.0167 0.0000e+00
        579     -0.118     4.7112   0.002111     0.0157    -0.0166 0.0000e+00
        580     -0.119     4.7163   0.002133     0.0159    -0.0165 0.0000e+00
        581     -0.119     4.7207   0.002150     0.0160    -0.0165 0.0000e+00
        582     -0.118     4.7241   0.002159     0.0161    -0.0165 0.0000e+00
        583     -0.119     4.7272   0.002166     0.0161    -0.0165 0.0000e+00
        584     -0.122     4.7298   0.002172     0.0162    -0.0165 0.0000e+00
        585     -0.124     4.7305   0.002171     0.0162    -0.0165 0.0000e+00
        586     -0.124     4.7275   0.002155     0.0160    -0.0165 0.0000e+00
        587     -0.121     4.7202   0.002127     0.0158    -0.0166 0.0000e+00
        588     -0.116     4.7132   0.002103     0.0157    -0.0167 0.0000e+00
        589     -0.115     4.7111   0.002100     0.0157    -0.0167 0.0000e+00
        590     -0.117     4.7123   0.002109     0.0157    -0.0166 0.0000e+00
        591     -0.119     4.7131   0.002116     0.0158    -0.0166 0.0000e+00
        592     -0.120     4.7115   0.002116     0.0158    -0.0166 0.0000e+00
        593     -0.119     4.7101   0.002120     0.0158    -0.0165 0.0000e+00
        594     -0.116     4.7119   0.002130     0.0159    -0.0165 0.0000e+00
        595     -0.114     4.7145   0.002138     0.0159    -0.0165 0.0000e+00
        596     -0.114     4.7160   0.002144     0.0160    -0.0165 0.0000e+00
        597     -0.116     4.7170   0.002148     0.0160    -0.0164 0.0000e+00
        598     -0.115     4.7144   0.002138     0.0159    -0.0165 0.0000e+00
        599     -0.114     4.7039   0.002102     0.0157    -0.0166 0.0000e+00
        600     -0.114     4.6921   0.002068     0.0154    -0.0166 0.0000e+00
        601     -0.114     4.6887   0.002065     0.0154    -0.0166 0.0000e+00
        602     -0.115     4.6914   0.002082     0.0155    -0.0165 0.0000e+00
        603     -0.116     4.6912   0.002088     0.0156    -0.0165 0.0000e+00
        604     -0.114     4.6868   0.002080     0.0155    -0.0165 0.0000e+00
        605     -0.114     4.6837   0.002077     0.0155    -0.0165 0.0000e+00
        606     -0.119     4.6852   0.002090     0.0156    -0.0164 0.0000e+00
        607     -0.121     4.6892   0.002109     0.0157    -0.0164 0.0000e+00
        608     -0.117     4.6914   0.002120     0.0158    -0.0163 0.0000e+00
        609     -0.114     4.6910   0.002123     0.0158    -0.0163 0.0000e+00
        610     -0.115     4.6913   0.002128     0.0159    -0.0163 0.0000e+00
        611     -0.116     4.6931   0.002137     0.0159    -0.0162 0.0000e+00
        612     -0.116     4.6953   0.002145     0.0160    -0.0162 0.0000e+00
        613     -0.118     4.6982   0.002154     0.0160    -0.0162 0.0000e+00
        614     -0.120     4.7018   0.002165     0.0161    -0.0162 0.0000e+00
        615     -0.121     4.7054   0.002176     0.0162    -0.0162 0.0000e+00
