Datasets/Test_Dataset_39219_tow/originals/tel219_2021_035.cnv
* Sea-Bird SBE19plus Data File:
* Filename = C:/AQUIRE/tel219_2021_035.hex
* Software Version AquireV2 AF V2.0
* Temperature SN =  4020
* Conductivity SN =  4020
* System UpLoad Time = May 11 2021 10:40:42
** VESSEL/TRIP/SEQ STN: tel219_2021_035
** LATITUDE: 45 45.02 N
** LONGITUDE: 57 01.43 W
** DATE/TIME: 2021-05-11 09:27
** SOUNDING DEPTH (M): 0403
** PROBE TYPE: S4020
** CTD NUMBER:  35
** FORMAT: T
** COMMENTS: 
# nquan = 7                                 
# nvalues = 4410                        
# units = specified
# name 0 = scan: Scan Count
# name 1 = prdM: Pressure, Strain Gauge [db]
# name 2 = tv290C: Temperature [ITS-90, deg C]
# name 3 = c0S/m: Conductivity [S/m]
# name 4 = sal00: Salinity, Practical [PSU]
# name 5 = sigma-t00: Density [sigma-t, kg/m^3 ]
# name 6 = flag: flag
# span 0 =          1,       4410       
# span 1 =     -0.451,    408.286       
# span 2 =     0.8836,     9.5234       
# span 3 =   0.004219,   3.775999       
# span 4 =     0.0319,    35.1268       
# span 5 =    -0.0014,    27.6377       
# span 6 = 0.0000e+00, 0.0000e+00       
# interval = seconds: 1
# start_time = May 11 2021 09:27:54 [Instrument's time stamp, header]
# bad_flag = -9.990e-29
*END*
[from data line 3283]
       3284    225.149     8.2590   3.653162    34.9748    27.2148 0.0000e+00
       3285    224.163     8.4305   3.672711    35.0130    27.2184 0.0000e+00
       3286    223.109     8.5807   3.687893    35.0255    27.2048 0.0000e+00
       3287    222.052     8.6326   3.690297    35.0001    27.1767 0.0000e+00
       3288    221.054     8.6175   3.688760    34.9993    27.1784 0.0000e+00
       3289    220.110     8.6209   3.689031    34.9992    27.1778 0.0000e+00
       3290    219.172     8.6838   3.695043    35.0010    27.1693 0.0000e+00
       3291    218.197     8.7790   3.706177    35.0248    27.1729 0.0000e+00
       3292    217.175     8.8585   3.713526    35.0241    27.1598 0.0000e+00
       3293    216.138     8.9046   3.715281    34.9976    27.1316 0.0000e+00
       3294    215.128     8.9252   3.714492    34.9695    27.1064 0.0000e+00
       3295    214.151     8.9330   3.711484    34.9308    27.0747 0.0000e+00
       3296    213.190     8.9438   3.711379    34.9195    27.0642 0.0000e+00
       3297    212.220     8.9699   3.717955    34.9633    27.0943 0.0000e+00
       3298    211.215     9.0076   3.725227    35.0029    27.1192 0.0000e+00
       3299    210.170     9.0432   3.729121    35.0091    27.1184 0.0000e+00
       3300    209.105     9.0686   3.731384    35.0084    27.1137 0.0000e+00
       3301    208.045     9.0854   3.732711    35.0062    27.1093 0.0000e+00
       3302    207.004     9.0983   3.733517    35.0025    27.1043 0.0000e+00
       3303    205.986     9.1131   3.734525    34.9990    27.0991 0.0000e+00
       3304    204.987     9.1353   3.736504    34.9983    27.0950 0.0000e+00
       3305    203.998     9.1679   3.740620    35.0097    27.0986 0.0000e+00
       3306    203.008     9.2089   3.746276    35.0290    27.1070 0.0000e+00
       3307    202.000     9.2524   3.751564    35.0419    27.1100 0.0000e+00
       3308    200.963     9.2920   3.755127    35.0406    27.1025 0.0000e+00
       3309    199.904     9.3249   3.757600    35.0346    27.0924 0.0000e+00
       3310    198.838     9.3520   3.760312    35.0367    27.0896 0.0000e+00
       3311    197.774     9.3735   3.762918    35.0433    27.0912 0.0000e+00
       3312    196.722     9.3890   3.764212    35.0420    27.0876 0.0000e+00
       3313    195.683     9.4003   3.764446    35.0339    27.0794 0.0000e+00
       3314    194.649     9.4112   3.765322    35.0328    27.0768 0.0000e+00
       3315    193.610     9.4264   3.767077    35.0366    27.0772 0.0000e+00
       3316    192.568     9.4470   3.768735    35.0341    27.0719 0.0000e+00
       3317    191.525     9.4681   3.770180    35.0290    27.0644 0.0000e+00
       3318    190.470     9.4869   3.772250    35.0325    27.0640 0.0000e+00
       3319    189.384     9.5048   3.774646    35.0404    27.0672 0.0000e+00
       3320    188.264     9.5199   3.775999    35.0401    27.0645 0.0000e+00
       3321    187.138     9.5234   3.774606    35.0228    27.0504 0.0000e+00
       3322    186.046     9.5050   3.769372    34.9871    27.0255 0.0000e+00
       3323    185.003     9.4757   3.764890    34.9698    27.0168 0.0000e+00
       3324    183.984     9.4672   3.766449    34.9947    27.0377 0.0000e+00
       3325    182.943     9.4846   3.770690    35.0221    27.0563 0.0000e+00
       3326    181.847     9.5044   3.772567    35.0227    27.0534 0.0000e+00
       3327    180.696     9.5145   3.772273    35.0104    27.0421 0.0000e+00
       3328    179.526     9.5139   3.770626    34.9945    27.0298 0.0000e+00
       3329    178.384     9.4990   3.767750    34.9798    27.0207 0.0000e+00
       3330    177.291     9.4740   3.765235    34.9786    27.0240 0.0000e+00
       3331    176.226     9.4536   3.764201    34.9883    27.0350 0.0000e+00
       3332    175.149     9.4408   3.762774    34.9865    27.0357 0.0000e+00
       3333    174.037     9.4298   3.759940    34.9684    27.0233 0.0000e+00
       3334    172.900     9.4236   3.757798    34.9528    27.0121 0.0000e+00
       3335    171.750     9.4231   3.756967    34.9452    27.0063 0.0000e+00
       3336    170.590     9.4223   3.756058    34.9371    27.0001 0.0000e+00
       3337    169.423     9.4169   3.754369    34.9254    26.9918 0.0000e+00
       3338    168.262     9.4067   3.752266    34.9141    26.9846 0.0000e+00
       3339    167.121     9.3953   3.750332    34.9056    26.9799 0.0000e+00
       3340    165.992     9.3834   3.748538    34.8992    26.9768 0.0000e+00
       3341    164.843     9.3696   3.746433    34.8913    26.9729 0.0000e+00
       3342    163.643     9.3540   3.744099    34.8828    26.9689 0.0000e+00
       3343    162.402     9.3372   3.742044    34.8785    26.9682 0.0000e+00
       3344    161.171     9.3194   3.740723    34.8827    26.9744 0.0000e+00
       3345    159.986     9.3081   3.740647    34.8935    26.9847 0.0000e+00
       3346    158.834     9.3051   3.740921    34.8998    26.9901 0.0000e+00
       3347    157.676     9.2919   3.738921    34.8924    26.9865 0.0000e+00
       3348    156.478     9.2540   3.732891    34.8672    26.9730 0.0000e+00
       3349    155.224     9.2101   3.726220    34.8412    26.9598 0.0000e+00
       3350    153.923     9.1914   3.725459    34.8521    26.9714 0.0000e+00
       3351    152.612     9.2024   3.728060    34.8691    26.9829 0.0000e+00
       3352    151.338     9.2192   3.727221    34.8445    26.9610 0.0000e+00
       3353    150.116     9.2112   3.724676    34.8264    26.9481 0.0000e+00
       3354    148.924     9.1551   3.718491    34.8172    26.9500 0.0000e+00
       3355    147.729     9.0612   3.706107    34.7802    26.9362 0.0000e+00
       3356    146.512     8.9793   3.697108    34.7666    26.9387 0.0000e+00
       3357    145.269     8.9357   3.693126    34.7681    26.9468 0.0000e+00
       3358    144.008     8.9109   3.687695    34.7360    26.9256 0.0000e+00
       3359    142.755     8.8878   3.683519    34.7153    26.9131 0.0000e+00
       3360    141.545     8.8694   3.683376    34.7324    26.9294 0.0000e+00
       3361    140.395     8.8330   3.682588    34.7603    26.9571 0.0000e+00
       3362    139.275     8.6924   3.666684    34.7312    26.9565 0.0000e+00
       3363    138.128     8.4138   3.628757    34.6039    26.9000 0.0000e+00
       3364    136.929     8.1182   3.590563    34.4881    26.8541 0.0000e+00
       3365    135.707     7.9427   3.574713    34.4917    26.8831 0.0000e+00
       3366    134.528     7.9168   3.580075    34.5754    26.9528 0.0000e+00
       3367    133.413     7.9627   3.589535    34.6322    26.9905 0.0000e+00
       3368    132.315     7.9134   3.579004    34.5684    26.9477 0.0000e+00
       3369    131.189     7.6780   3.543305    34.4170    26.8633 0.0000e+00
       3370    130.029     7.3764   3.506590    34.3178    26.8287 0.0000e+00
       3371    128.862     7.1671   3.489824    34.3432    26.8782 0.0000e+00
       3372    127.708     7.0516   3.485761    34.4143    26.9503 0.0000e+00
       3373    126.552     6.9298   3.470337    34.3670    26.9298 0.0000e+00
       3374    125.372     6.7473   3.441516    34.2319    26.8481 0.0000e+00
       3375    124.173     6.5296   3.415070    34.1569    26.8180 0.0000e+00
       3376    122.981     6.3279   3.396063    34.1477    26.8372 0.0000e+00
       3377    121.823     6.1781   3.384818    34.1729    26.8764 0.0000e+00
       3378    120.699     6.0670   3.375204    34.1773    26.8941 0.0000e+00
       3379    119.581     5.9414   3.357899    34.1096    26.8564 0.0000e+00
       3380    118.430     5.7642   3.332384    34.0004    26.7921 0.0000e+00
       3381    117.220     5.5411   3.304969    33.9147    26.7514 0.0000e+00
       3382    115.966     5.3306   3.285911    33.9104    26.7731 0.0000e+00
       3383    114.736     5.2454   3.290076    34.0453    26.8899 0.0000e+00
       3384    113.589     5.3346   3.306998    34.1491    26.9616 0.0000e+00
       3385    112.517     5.4018   3.307179    34.0833    26.9016 0.0000e+00
       3386    111.455     5.1632   3.272105    33.9240    26.8035 0.0000e+00
       3387    110.325     4.6522   3.206568    33.6855    26.6719 0.0000e+00
       3388    109.095     4.1983   3.158514    33.5861    26.6411 0.0000e+00
       3389    107.844     4.0306   3.151466    33.6753    26.7293 0.0000e+00
       3390    106.699     4.0679   3.154808    33.6771    26.7269 0.0000e+00
       3391    105.663     4.0282   3.145459    33.6078    26.6759 0.0000e+00
       3392    104.619     3.7258   3.111375    33.5139    26.6312 0.0000e+00
       3393    103.485     3.2723   3.059498    33.3589    26.5507 0.0000e+00
       3394    102.271     2.9033   3.031176    33.3979    26.6147 0.0000e+00
       3395    101.044     2.7165   3.043281    33.7419    26.9056 0.0000e+00
       3396     99.867     2.6593   3.066229    34.0850    27.1847 0.0000e+00
       3397     98.740     2.6166   3.061475    34.0726    27.1784 0.0000e+00
       3398     97.625     2.4882   3.020744    33.7071    26.8970 0.0000e+00
       3399     96.489     2.2466   2.970415    33.3392    26.6222 0.0000e+00
       3400     95.309     1.9361   2.929348    33.1539    26.4975 0.0000e+00
       3401     94.094     1.6399   2.902021    33.1226    26.4938 0.0000e+00
       3402     92.890     1.4135   2.886659    33.1680    26.5457 0.0000e+00
       3403     91.730     1.2370   2.872511    33.1757    26.5636 0.0000e+00
       3404     90.603     1.0699   2.853446    33.1102    26.5216 0.0000e+00
       3405     89.477     0.9241   2.835513    33.0357    26.4707 0.0000e+00
       3406     88.344     0.8836   2.834744    33.0696    26.5003 0.0000e+00
       3407     87.255     1.0066   2.855735    33.2089    26.6048 0.0000e+00
       3408     86.267     1.1814   2.874424    33.2624    26.6368 0.0000e+00
       3409     85.386     1.2597   2.873643    33.1697    26.5572 0.0000e+00
       3410     84.581     1.2445   2.867935    33.1135    26.5131 0.0000e+00
       3411     83.792     1.1923   2.863454    33.1121    26.5154 0.0000e+00
       3412     82.968     1.1246   2.848247    32.9901    26.4216 0.0000e+00
       3413     82.102     1.0736   2.833483    32.8557    26.3168 0.0000e+00
       3414     81.235     1.0743   2.834276    32.8656    26.3247 0.0000e+00
       3415     80.441     1.1431   2.844056    32.9184    26.3629 0.0000e+00
       3416     79.765     1.2599   2.849458    32.8647    26.3123 0.0000e+00
       3417     79.172     1.3425   2.847449    32.7529    26.2171 0.0000e+00
       3418     78.565     1.3388   2.846014    32.7389    26.2061 0.0000e+00
       3419     77.835     1.3115   2.844875    32.7534    26.2196 0.0000e+00
       3420     76.949     1.3449   2.844973    32.7202    26.1908 0.0000e+00
       3421     75.994     1.4211   2.849643    32.7003    26.1698 0.0000e+00
       3422     75.126     1.4707   2.852256    32.6822    26.1520 0.0000e+00
       3423     74.446     1.4955   2.853588    32.6736    26.1434 0.0000e+00
       3424     73.928     1.5309   2.858289    32.6964    26.1594 0.0000e+00
       3425     73.470     1.5683   2.862360    32.7091    26.1670 0.0000e+00
       3426     72.950     1.6026   2.864498    32.7006    26.1579 0.0000e+00
       3427     72.235     1.6828   2.870105    32.6883    26.1425 0.0000e+00
       3428     71.327     1.8303   2.881426    32.6779    26.1238 0.0000e+00
       3429     70.401     1.9687   2.891239    32.6579    26.0978 0.0000e+00
       3430     69.581     2.0309   2.894157    32.6306    26.0714 0.0000e+00
       3431     68.866     2.0379   2.893762    32.6189    26.0615 0.0000e+00
       3432     68.211     2.0318   2.893941    32.6277    26.0690 0.0000e+00
       3433     67.573     2.0356   2.894818    32.6351    26.0746 0.0000e+00
       3434     66.925     2.0646   2.896912    32.6316    26.0697 0.0000e+00
       3435     66.242     2.1223   2.901230    32.6263    26.0612 0.0000e+00
       3436     65.505     2.1982   2.906797    32.6178    26.0486 0.0000e+00
       3437     64.706     2.2862   2.913327    32.6087    26.0347 0.0000e+00
       3438     63.856     2.3834   2.920822    32.6022    26.0219 0.0000e+00
       3439     62.976     2.4741   2.927262    32.5892    26.0044 0.0000e+00
       3440     62.090     2.5395   2.930334    32.5607    25.9764 0.0000e+00
       3441     61.227     2.5749   2.929637    32.5166    25.9383 0.0000e+00
       3442     60.404     2.5913   2.927537    32.4747    25.9035 0.0000e+00
       3443     59.617     2.6088   2.928371    32.4675    25.8964 0.0000e+00
       3444     58.839     2.6427   2.933835    32.5004    25.9199 0.0000e+00
       3445     58.030     2.6791   2.939228    32.5298    25.9404 0.0000e+00
       3446     57.172     2.6817   2.939231    32.5277    25.9385 0.0000e+00
       3447     56.290     2.6409   2.934113    32.5070    25.9253 0.0000e+00
       3448     55.418     2.5924   2.928294    32.4855    25.9120 0.0000e+00
       3449     54.553     2.5850   2.926106    32.4667    25.8976 0.0000e+00
       3450     53.696     2.6289   2.928297    32.4494    25.8803 0.0000e+00
       3451     52.924     2.6722   2.931423    32.4442    25.8726 0.0000e+00
       3452     52.306     2.6834   2.933364    32.4569    25.8818 0.0000e+00
       3453     51.813     2.6942   2.935256    32.4693    25.8909 0.0000e+00
       3454     51.386     2.7159   2.936017    32.4568    25.8791 0.0000e+00
       3455     50.993     2.7226   2.934814    32.4356    25.8616 0.0000e+00
       3456     50.605     2.7111   2.933200    32.4277    25.8563 0.0000e+00
       3457     50.201     2.6988   2.931916    32.4247    25.8549 0.0000e+00
       3458     49.797     2.6904   2.931400    32.4271    25.8575 0.0000e+00
       3459     49.437     2.6796   2.931797    32.4431    25.8711 0.0000e+00
       3460     49.140     2.6662   2.932127    32.4609    25.8864 0.0000e+00
       3461     48.885     2.6561   2.931876    32.4682    25.8931 0.0000e+00
       3462     48.643     2.6510   2.931443    32.4682    25.8935 0.0000e+00
       3463     48.395     2.6487   2.930924    32.4643    25.8906 0.0000e+00
       3464     48.138     2.6479   2.930451    32.4595    25.8868 0.0000e+00
       3465     47.885     2.6479   2.930158    32.4560    25.8840 0.0000e+00
       3466     47.652     2.6466   2.930181    32.4578    25.8855 0.0000e+00
       3467     47.447     2.6444   2.930824    32.4680    25.8938 0.0000e+00
       3468     47.261     2.6442   2.931542    32.4771    25.9011 0.0000e+00
       3469     47.077     2.6454   2.931515    32.4756    25.8999 0.0000e+00
       3470     46.883     2.6452   2.930907    32.4685    25.8942 0.0000e+00
       3471     46.683     2.6441   2.930431    32.4639    25.8906 0.0000e+00
       3472     46.489     2.6433   2.930540    32.4661    25.8925 0.0000e+00
       3473     46.307     2.6425   2.931268    32.4759    25.9004 0.0000e+00
       3474     46.138     2.6433   2.932306    32.4879    25.9099 0.0000e+00
       3475     45.983     2.6522   2.933595    32.4947    25.9146 0.0000e+00
       3476     45.845     2.6745   2.935153    32.4912    25.9100 0.0000e+00
       3477     45.721     2.7029   2.936359    32.4772    25.8965 0.0000e+00
       3478     45.602     2.7233   2.936717    32.4610    25.8818 0.0000e+00
       3479     45.476     2.7316   2.936339    32.4480    25.8708 0.0000e+00
       3480     45.342     2.7327   2.935883    32.4414    25.8654 0.0000e+00
       3481     45.214     2.7343   2.936305    32.4450    25.8682 0.0000e+00
       3482     45.101     2.7414   2.937335    32.4505    25.8720 0.0000e+00
       3483     44.992     2.7508   2.937814    32.4469    25.8683 0.0000e+00
       3484     44.876     2.7554   2.937482    32.4382    25.8610 0.0000e+00
       3485     44.746     2.7546   2.936809    32.4309    25.8552 0.0000e+00
       3486     44.606     2.7520   2.936583    32.4308    25.8554 0.0000e+00
       3487     44.476     2.7518   2.937206    32.4387    25.8617 0.0000e+00
