Datasets/Test_Dataset_39219_tow/originals/tel219_2021_068.cnv
* Sea-Bird SBE19plus Data File:
* Filename = C:/AQUIRE/tel219_2021_068.hex
* Software Version AquireV2 AF V2.0
* Temperature SN =  4020
* Conductivity SN =  4020
* System UpLoad Time = May 15 2021 06:39:57
** VESSEL/TRIP/SEQ STN: tel219_2021_068
** LATITUDE: 46 02.10 N
** LONGITUDE: 54 42.20 W
** DATE/TIME: 2021-05-15 05:59
** SOUNDING DEPTH (M): 0083
** PROBE TYPE: S4020
** CTD NUMBER:  68
** FORMAT: T
** COMMENTS: 
# nquan = 7                                 
# nvalues = 2488                        
# units = specified
# name 0 = scan: Scan Count
# name 1 = prdM: Pressure, Strain Gauge [db]
# name 2 = tv290C: Temperature [ITS-90, deg C]
# name 3 = c0S/m: Conductivity [S/m]
# name 4 = sal00: Salinity, Practical [PSU]
# name 5 = sigma-t00: Density [sigma-t, kg/m^3 ]
# name 6 = flag: flag
# span 0 =          1,       2488       
# span 1 =     -0.102,     82.641       
# span 2 =     0.4633,     4.7843       
# span 3 =   0.015682,   2.992425       
# span 4 =     0.1196,    32.6429       
# span 5 =     0.0661,    26.1780       
# span 6 = 0.0000e+00, 0.0000e+00       
# interval = seconds: 1
# start_time = May 15 2021 05:59:42 [Instrument's time stamp, header]
# bad_flag = -9.990e-29
*END*
[from data line 411]
        412      1.828     3.4622   2.979549    32.2602    25.6578 0.0000e+00
        413      1.646     3.4619   2.979683    32.2622    25.6594 0.0000e+00
        414      1.496     3.4621   2.979880    32.2644    25.6612 0.0000e+00
        415      1.390     3.4623   2.979844    32.2638    25.6607 0.0000e+00
        416      1.300     3.4630   2.979802    32.2627    25.6597 0.0000e+00
        417      1.239     3.4655   2.979885    32.2612    25.6583 0.0000e+00
        418      1.223     3.4678   2.979955    32.2598    25.6570 0.0000e+00
        419      1.210     3.4674   2.980012    32.2608    25.6579 0.0000e+00
        420      1.165     3.4657   2.980062    32.2632    25.6599 0.0000e+00
        421      1.107     3.4645   2.980044    32.2642    25.6608 0.0000e+00
        422      1.062     3.4638   2.979952    32.2638    25.6605 0.0000e+00
        423      1.053     3.4632   2.979916    32.2640    25.6607 0.0000e+00
        424      1.086     3.4632   2.979941    32.2642    25.6609 0.0000e+00
        425      1.164     3.4647   2.980107    32.2647    25.6612 0.0000e+00
        426      1.301     3.4669   2.980279    32.2645    25.6608 0.0000e+00
        427      1.460     3.4672   2.980156    32.2626    25.6593 0.0000e+00
        428      1.599     3.4658   2.980018    32.2623    25.6592 0.0000e+00
        429      1.736     3.4646   2.979922    32.2623    25.6593 0.0000e+00
        430      1.918     3.4638   2.979621    32.2594    25.6570 0.0000e+00
        431      2.159     3.4632   2.979396    32.2572    25.6553 0.0000e+00
        432      2.391     3.4627   2.979397    32.2575    25.6557 0.0000e+00
        433      2.545     3.4623   2.979428    32.2582    25.6562 0.0000e+00
        434      2.630     3.4621   2.979430    32.2584    25.6564 0.0000e+00
        435      2.679     3.4619   2.979409    32.2583    25.6564 0.0000e+00
        436      2.708     3.4621   2.979463    32.2588    25.6567 0.0000e+00
        437      2.720     3.4627   2.979638    32.2603    25.6578 0.0000e+00
        438      2.729     3.4639   2.979815    32.2612    25.6584 0.0000e+00
        439      2.741     3.4646   2.979878    32.2612    25.6584 0.0000e+00
        440      2.734     3.4639   2.979760    32.2605    25.6579 0.0000e+00
        441      2.707     3.4625   2.979520    32.2590    25.6569 0.0000e+00
        442      2.697     3.4612   2.979365    32.2585    25.6565 0.0000e+00
        443      2.712     3.4604   2.979328    32.2588    25.6569 0.0000e+00
        444      2.733     3.4598   2.979294    32.2590    25.6571 0.0000e+00
        445      2.749     3.4592   2.979252    32.2591    25.6572 0.0000e+00
        446      2.777     3.4585   2.979224    32.2595    25.6576 0.0000e+00
        447      2.836     3.4578   2.979204    32.2599    25.6580 0.0000e+00
        448      2.894     3.4573   2.979195    32.2602    25.6583 0.0000e+00
        449      2.918     3.4571   2.979191    32.2604    25.6584 0.0000e+00
        450      2.911     3.4568   2.979161    32.2603    25.6584 0.0000e+00
        451      2.869     3.4565   2.979112    32.2601    25.6582 0.0000e+00
        452      2.793     3.4563   2.979096    32.2601    25.6583 0.0000e+00
        453      2.708     3.4565   2.979110    32.2601    25.6583 0.0000e+00
        454      2.623     3.4568   2.979114    32.2599    25.6581 0.0000e+00
        455      2.526     3.4571   2.979117    32.2597    25.6579 0.0000e+00
        456      2.423     3.4574   2.979126    32.2596    25.6577 0.0000e+00
        457      2.327     3.4577   2.979148    32.2596    25.6577 0.0000e+00
        458      2.240     3.4578   2.979167    32.2597    25.6579 0.0000e+00
        459      2.159     3.4581   2.979153    32.2593    25.6575 0.0000e+00
        460      2.083     3.4583   2.979125    32.2588    25.6571 0.0000e+00
        461      2.015     3.4584   2.979103    32.2585    25.6568 0.0000e+00
        462      1.954     3.4585   2.979110    32.2585    25.6568 0.0000e+00
        463      1.901     3.4587   2.979172    32.2591    25.6572 0.0000e+00
        464      1.877     3.4592   2.979229    32.2593    25.6574 0.0000e+00
        465      1.882     3.4596   2.979236    32.2590    25.6571 0.0000e+00
        466      1.882     3.4600   2.979225    32.2584    25.6566 0.0000e+00
        467      1.854     3.4599   2.979221    32.2585    25.6567 0.0000e+00
        468      1.801     3.4597   2.979233    32.2589    25.6570 0.0000e+00
        469      1.727     3.4596   2.979270    32.2595    25.6575 0.0000e+00
        470      1.629     3.4594   2.979260    32.2596    25.6576 0.0000e+00
        471      1.544     3.4588   2.979159    32.2590    25.6572 0.0000e+00
        472      1.508     3.4581   2.979088    32.2589    25.6571 0.0000e+00
        473      1.487     3.4579   2.979092    32.2591    25.6574 0.0000e+00
        474      1.456     3.4579   2.979102    32.2593    25.6575 0.0000e+00
        475      1.438     3.4579   2.979098    32.2592    25.6574 0.0000e+00
        476      1.417     3.4579   2.979103    32.2593    25.6575 0.0000e+00
        477      1.368     3.4578   2.979102    32.2594    25.6576 0.0000e+00
        478      1.309     3.4575   2.979069    32.2594    25.6576 0.0000e+00
        479      1.254     3.4572   2.979015    32.2590    25.6573 0.0000e+00
        480      1.172     3.4568   2.978957    32.2588    25.6572 0.0000e+00
        481      1.048     3.4564   2.978909    32.2587    25.6571 0.0000e+00
        482      0.952     3.4564   2.978904    32.2587    25.6571 0.0000e+00
        483      0.945     3.4568   2.978938    32.2587    25.6571 0.0000e+00
        484      0.941     3.4572   2.978972    32.2587    25.6571 0.0000e+00
        485      0.848     3.4575   2.978985    32.2586    25.6570 0.0000e+00
        486      0.741     3.4580   2.978999    32.2583    25.6567 0.0000e+00
        487      0.742     3.4585   2.979041    32.2583    25.6567 0.0000e+00
        488      0.799     3.4589   2.979082    32.2584    25.6567 0.0000e+00
        489      0.740     3.4592   2.979089    32.2582    25.6565 0.0000e+00
        490      0.552     3.4592   2.979075    32.2581    25.6564 0.0000e+00
        491      0.417     3.4596   2.979088    32.2580    25.6563 0.0000e+00
        492      0.406     3.4600   2.979131    32.2581    25.6563 0.0000e+00
        493      0.367     3.4604   2.979156    32.2580    25.6562 0.0000e+00
        494      0.225     3.4607   2.979156    32.2578    25.6560 0.0000e+00
        495      0.091     3.4611   2.979173    32.2577    25.6559 0.0000e+00
        496      0.041     3.4620   2.979235    32.2575    25.6557 0.0000e+00
        497      0.044     3.4631   2.979338    32.2577    25.6557 0.0000e+00
        498      0.054     3.4637   2.979413    32.2580    25.6559 0.0000e+00
        499      0.048     3.4631   2.979346    32.2578    25.6558 0.0000e+00
        500      0.019     3.4615   2.979128    32.2568    25.6551 0.0000e+00
        501     -0.005     3.4600   2.978606    32.2520    25.6515 0.0000e+00
        502      0.012     3.4587   2.978170    32.2481    25.6485 0.0000e+00
        503      0.051     3.4575   2.978421    32.2523    25.6519 0.0000e+00
        504      0.061     3.4572   2.978808    32.2572    25.6559 0.0000e+00
        505      0.030     3.4571   2.978853    32.2578    25.6564 0.0000e+00
        506     -0.003     3.4566   2.978798    32.2577    25.6563 0.0000e+00
        507     -0.015     3.4560   2.978747    32.2577    25.6564 0.0000e+00
        508     -0.013     3.4559   2.978731    32.2576    25.6563 0.0000e+00
        509     -0.009     3.4562   2.978816    32.2583    25.6569 0.0000e+00
        510      0.000     3.4565   2.978889    32.2589    25.6573 0.0000e+00
        511      0.029     3.4568   2.978875    32.2584    25.6569 0.0000e+00
        512      0.064     3.4568   2.978835    32.2579    25.6565 0.0000e+00
        513      0.100     3.4565   2.978792    32.2577    25.6563 0.0000e+00
        514      0.148     3.4560   2.978763    32.2578    25.6565 0.0000e+00
        515      0.198     3.4558   2.978770    32.2581    25.6567 0.0000e+00
        516      0.205     3.4561   2.978816    32.2583    25.6569 0.0000e+00
        517      0.136     3.4564   2.978863    32.2586    25.6571 0.0000e+00
        518      0.042     3.4562   2.978831    32.2585    25.6570 0.0000e+00
        519     -0.000     3.4552   2.978712    32.2581    25.6567 0.0000e+00
        520      0.025     3.4543   2.978637    32.2580    25.6568 0.0000e+00
        521      0.100     3.4537   2.978629    32.2585    25.6572 0.0000e+00
        522      0.203     3.4536   2.978634    32.2586    25.6573 0.0000e+00
        523      0.321     3.4540   2.978679    32.2587    25.6574 0.0000e+00
        524      0.445     3.4546   2.978746    32.2588    25.6574 0.0000e+00
        525      0.539     3.4550   2.978776    32.2587    25.6573 0.0000e+00
        526      0.586     3.4549   2.978766    32.2587    25.6573 0.0000e+00
        527      0.621     3.4540   2.978704    32.2588    25.6575 0.0000e+00
        528      0.722     3.4531   2.978643    32.2589    25.6576 0.0000e+00
        529      0.894     3.4527   2.978646    32.2593    25.6580 0.0000e+00
        530      1.049     3.4527   2.978661    32.2594    25.6580 0.0000e+00
        531      1.105     3.4525   2.978654    32.2595    25.6581 0.0000e+00
        532      1.054     3.4524   2.978657    32.2596    25.6583 0.0000e+00
        533      1.017     3.4524   2.978681    32.2599    25.6585 0.0000e+00
        534      1.084     3.4527   2.978714    32.2600    25.6585 0.0000e+00
        535      1.215     3.4526   2.978708    32.2600    25.6585 0.0000e+00
        536      1.399     3.4521   2.978675    32.2600    25.6585 0.0000e+00
        537      1.646     3.4516   2.978672    32.2603    25.6589 0.0000e+00
        538      1.912     3.4514   2.978703    32.2607    25.6592 0.0000e+00
        539      2.183     3.4515   2.978734    32.2609    25.6593 0.0000e+00
        540      2.440     3.4518   2.978741    32.2605    25.6590 0.0000e+00
        541      2.628     3.4523   2.978749    32.2600    25.6586 0.0000e+00
        542      2.795     3.4528   2.978782    32.2598    25.6584 0.0000e+00
        543      3.021     3.4531   2.978819    32.2598    25.6584 0.0000e+00
        544      3.285     3.4533   2.978848    32.2599    25.6584 0.0000e+00
        545      3.563     3.4532   2.978865    32.2600    25.6585 0.0000e+00
        546      3.861     3.4532   2.978877    32.2600    25.6585 0.0000e+00
        547      4.143     3.4533   2.978900    32.2600    25.6585 0.0000e+00
        548      4.377     3.4536   2.978941    32.2601    25.6585 0.0000e+00
        549      4.612     3.4540   2.978979    32.2600    25.6584 0.0000e+00
        550      4.891     3.4547   2.979022    32.2597    25.6581 0.0000e+00
        551      5.178     3.4554   2.979077    32.2595    25.6579 0.0000e+00
        552      5.470     3.4555   2.979097    32.2595    25.6579 0.0000e+00
        553      5.816     3.4555   2.979092    32.2593    25.6577 0.0000e+00
        554      6.193     3.4557   2.979114    32.2591    25.6576 0.0000e+00
        555      6.541     3.4559   2.979152    32.2592    25.6576 0.0000e+00
        556      6.842     3.4561   2.979191    32.2593    25.6577 0.0000e+00
        557      7.115     3.4562   2.979221    32.2594    25.6577 0.0000e+00
        558      7.394     3.4564   2.979246    32.2594    25.6577 0.0000e+00
        559      7.674     3.4566   2.979268    32.2593    25.6576 0.0000e+00
        560      7.916     3.4566   2.979285    32.2594    25.6577 0.0000e+00
        561      8.143     3.4568   2.979306    32.2593    25.6576 0.0000e+00
        562      8.400     3.4570   2.979340    32.2594    25.6576 0.0000e+00
        563      8.685     3.4570   2.979367    32.2596    25.6578 0.0000e+00
        564      8.970     3.4570   2.979380    32.2596    25.6578 0.0000e+00
        565      9.248     3.4571   2.979392    32.2595    25.6577 0.0000e+00
        566      9.530     3.4573   2.979415    32.2594    25.6576 0.0000e+00
        567      9.830     3.4574   2.979435    32.2594    25.6576 0.0000e+00
        568     10.148     3.4576   2.979448    32.2592    25.6574 0.0000e+00
        569     10.464     3.4577   2.979463    32.2591    25.6573 0.0000e+00
        570     10.774     3.4577   2.979472    32.2590    25.6573 0.0000e+00
        571     11.093     3.4577   2.979471    32.2588    25.6571 0.0000e+00
        572     11.423     3.4574   2.979468    32.2589    25.6572 0.0000e+00
        573     11.751     3.4570   2.979445    32.2589    25.6572 0.0000e+00
        574     12.082     3.4563   2.979408    32.2590    25.6574 0.0000e+00
        575     12.436     3.4557   2.979385    32.2591    25.6575 0.0000e+00
        576     12.809     3.4552   2.979403    32.2596    25.6580 0.0000e+00
        577     13.196     3.4551   2.979469    32.2603    25.6585 0.0000e+00
        578     13.609     3.4550   2.979529    32.2609    25.6590 0.0000e+00
        579     14.041     3.4551   2.979543    32.2608    25.6589 0.0000e+00
        580     14.459     3.4554   2.979545    32.2603    25.6585 0.0000e+00
        581     14.846     3.4557   2.979570    32.2601    25.6583 0.0000e+00
        582     15.196     3.4555   2.979583    32.2602    25.6584 0.0000e+00
        583     15.512     3.4551   2.979587    32.2605    25.6587 0.0000e+00
        584     15.810     3.4552   2.979622    32.2607    25.6588 0.0000e+00
        585     16.110     3.4557   2.979661    32.2605    25.6586 0.0000e+00
        586     16.426     3.4562   2.979682    32.2601    25.6583 0.0000e+00
        587     16.761     3.4564   2.979711    32.2600    25.6582 0.0000e+00
        588     17.111     3.4566   2.979750    32.2601    25.6583 0.0000e+00
        589     17.471     3.4566   2.979783    32.2603    25.6584 0.0000e+00
        590     17.840     3.4566   2.979797    32.2603    25.6584 0.0000e+00
        591     18.214     3.4568   2.979752    32.2594    25.6577 0.0000e+00
        592     18.587     3.4562   2.979566    32.2576    25.6563 0.0000e+00
        593     18.961     3.4541   2.979241    32.2556    25.6549 0.0000e+00
        594     19.336     3.4497   2.978906    32.2557    25.6554 0.0000e+00
        595     19.710     3.4447   2.978706    32.2581    25.6577 0.0000e+00
        596     20.084     3.4415   2.978697    32.2610    25.6603 0.0000e+00
        597     20.458     3.4403   2.978645    32.2614    25.6607 0.0000e+00
        598     20.834     3.4379   2.978307    32.2595    25.6595 0.0000e+00
        599     21.210     3.4322   2.977788    32.2588    25.6594 0.0000e+00
        600     21.580     3.4251   2.977366    32.2606    25.6615 0.0000e+00
        601     21.944     3.4203   2.977215    32.2634    25.6641 0.0000e+00
        602     22.310     3.4181   2.977189    32.2651    25.6657 0.0000e+00
        603     22.679     3.4165   2.977131    32.2658    25.6664 0.0000e+00
        604     23.049     3.4145   2.976995    32.2659    25.6667 0.0000e+00
        605     23.425     3.4112   2.976676    32.2652    25.6664 0.0000e+00
        606     23.809     3.4059   2.976284    32.2656    25.6672 0.0000e+00
        607     24.199     3.4006   2.976008    32.2673    25.6691 0.0000e+00
        608     24.588     3.3978   2.975963    32.2694    25.6710 0.0000e+00
        609     24.971     3.3981   2.976119    32.2708    25.6720 0.0000e+00
        610     25.353     3.4004   2.976380    32.2714    25.6723 0.0000e+00
        611     25.740     3.4012   2.976787    32.2753    25.6753 0.0000e+00
        612     26.133     3.3983   2.977134    32.2821    25.6811 0.0000e+00
        613     26.524     3.3956   2.977111    32.2843    25.6831 0.0000e+00
        614     26.903     3.3962   2.976575    32.2771    25.6773 0.0000e+00
        615     27.274     3.3941   2.975580    32.2671    25.6695 0.0000e+00
