Datasets/Test_Dataset_39219_tow/originals/tel219_2021_016.cnv
* Sea-Bird SBE19plus Data File:
* Filename = C:/AQUIRE/tel219_2021_016.hex
* Software Version AquireV2 AF V2.0
* Temperature SN =  4020
* Conductivity SN =  4020
* System UpLoad Time = May 07 2021 14:23:44
** VESSEL/TRIP/SEQ STN: tel219_2021_016
** LATITUDE: 46 34.76 N
** LONGITUDE: 56 25.34 W
** DATE/TIME: 2021-05-07 13:06
** SOUNDING DEPTH (M): 0103
** PROBE TYPE: S4020
** CTD NUMBER:  16
** FORMAT: t
** COMMENTS: 
# nquan = 7                                 
# nvalues = 4376                        
# units = specified
# name 0 = scan: Scan Count
# name 1 = prdM: Pressure, Strain Gauge [db]
# name 2 = tv290C: Temperature [ITS-90, deg C]
# name 3 = c0S/m: Conductivity [S/m]
# name 4 = sal00: Salinity, Practical [PSU]
# name 5 = sigma-t00: Density [sigma-t, kg/m^3 ]
# name 6 = flag: flag
# span 0 =          1,       4376       
# span 1 =     -0.210,    103.042       
# span 2 =     1.0611,     4.8046       
# span 3 =   0.006184,   2.964525       
# span 4 =     0.0460,    32.3297       
# span 5 =     0.0069,    25.8883       
# span 6 = 0.0000e+00, 0.0000e+00       
# interval = seconds: 1
# start_time = May 07 2021 13:06:42 [Instrument's time stamp, header]
# bad_flag = -9.990e-29
*END*
[from data line 616]
        617     -0.196     4.2535   0.006740     0.0508     0.0154 0.0000e+00
        618     -0.193     4.2531   0.006755     0.0509     0.0155 0.0000e+00
        619     -0.192     4.2527   0.006780     0.0511     0.0156 0.0000e+00
        620     -0.194     4.2523   0.006793     0.0512     0.0157 0.0000e+00
        621     -0.197     4.2520   0.006793     0.0512     0.0157 0.0000e+00
        622     -0.194     4.2516   0.006781     0.0511     0.0157 0.0000e+00
        623     -0.189     4.2512   0.006765     0.0510     0.0156 0.0000e+00
        624     -0.190     4.2508   0.006758     0.0510     0.0155 0.0000e+00
        625     -0.196     4.2504   0.006763     0.0510     0.0156 0.0000e+00
        626     -0.199     4.2500   0.006767     0.0510     0.0156 0.0000e+00
        627     -0.198     4.2496   0.006764     0.0510     0.0156 0.0000e+00
        628     -0.198     4.2493   0.006767     0.0510     0.0156 0.0000e+00
        629     -0.197     4.2491   0.006790     0.0512     0.0157 0.0000e+00
        630     -0.197     4.2486   0.006803     0.0513     0.0158 0.0000e+00
        631     -0.200     4.2482   0.006790     0.0512     0.0157 0.0000e+00
        632     -0.202     4.2478   0.006767     0.0510     0.0156 0.0000e+00
        633     -0.203     4.2476   0.006759     0.0510     0.0155 0.0000e+00
        634     -0.201     4.2472   0.006773     0.0511     0.0156 0.0000e+00
        635     -0.197     4.2470   0.006791     0.0512     0.0157 0.0000e+00
        636     -0.194     4.2468   0.006786     0.0512     0.0157 0.0000e+00
        637     -0.193     4.2464   0.006786     0.0512     0.0157 0.0000e+00
        638     -0.192     4.2461   0.006795     0.0513     0.0158 0.0000e+00
        639     -0.192     4.2459   0.006803     0.0513     0.0158 0.0000e+00
        640     -0.193     4.2455   0.006807     0.0514     0.0159 0.0000e+00
        641     -0.193     4.2452   0.006802     0.0513     0.0158 0.0000e+00
        642     -0.195     4.2448   0.006787     0.0512     0.0157 0.0000e+00
        643     -0.196     4.2446   0.006780     0.0511     0.0157 0.0000e+00
        644     -0.194     4.2442   0.006772     0.0511     0.0156 0.0000e+00
        645     -0.191     4.2439   0.006774     0.0511     0.0157 0.0000e+00
        646     -0.190     4.2435   0.006806     0.0513     0.0159 0.0000e+00
        647     -0.190     4.2432   0.006833     0.0516     0.0160 0.0000e+00
        648     -0.190     4.2430   0.006827     0.0515     0.0160 0.0000e+00
        649     -0.190     4.2428   0.006807     0.0514     0.0159 0.0000e+00
        650     -0.190     4.2425   0.006790     0.0512     0.0158 0.0000e+00
        651     -0.192     4.2422   0.006785     0.0512     0.0157 0.0000e+00
        652     -0.195     4.2418   0.006793     0.0512     0.0158 0.0000e+00
        653     -0.196     4.2415   0.006792     0.0512     0.0158 0.0000e+00
        654     -0.193     4.2411   0.006773     0.0511     0.0157 0.0000e+00
        655     -0.191     4.2408   0.006762     0.0510     0.0156 0.0000e+00
        656     -0.193     4.2404   0.006759     0.0510     0.0156 0.0000e+00
        657     -0.196     4.2401   0.006756     0.0510     0.0156 0.0000e+00
        658     -0.199     4.2399   0.006755     0.0510     0.0156 0.0000e+00
        659     -0.199     4.2395   0.006761     0.0510     0.0156 0.0000e+00
        660     -0.199     4.2392   0.006756     0.0510     0.0156 0.0000e+00
        661     -0.198     4.2388   0.006733     0.0508     0.0154 0.0000e+00
        662     -0.196     4.2385   0.006730     0.0508     0.0154 0.0000e+00
        663     -0.198     4.2381   0.006755     0.0510     0.0156 0.0000e+00
        664     -0.201     4.2378   0.006773     0.0511     0.0157 0.0000e+00
        665     -0.199     4.2375   0.006770     0.0511     0.0157 0.0000e+00
        666     -0.194     4.2371   0.006768     0.0511     0.0157 0.0000e+00
        667     -0.193     4.2369   0.006774     0.0511     0.0157 0.0000e+00
        668     -0.194     4.2365   0.006772     0.0511     0.0157 0.0000e+00
        669     -0.192     4.2361   0.006778     0.0511     0.0157 0.0000e+00
        670     -0.190     4.2357   0.006785     0.0512     0.0158 0.0000e+00
        671     -0.189     4.2354   0.006788     0.0512     0.0158 0.0000e+00
        672     -0.191     4.2350   0.006791     0.0512     0.0158 0.0000e+00
        673     -0.192     4.2347   0.006777     0.0511     0.0157 0.0000e+00
        674     -0.193     4.2344   0.006757     0.0510     0.0156 0.0000e+00
        675     -0.195     4.2340   0.006745     0.0509     0.0155 0.0000e+00
        676     -0.197     4.2334   0.006732     0.0508     0.0154 0.0000e+00
        677     -0.197     4.2330   0.006718     0.0507     0.0154 0.0000e+00
        678     -0.195     4.2326   0.006716     0.0507     0.0154 0.0000e+00
        679     -0.195     4.2324   0.006741     0.0509     0.0155 0.0000e+00
        680     -0.195     4.2321   0.006759     0.0510     0.0156 0.0000e+00
        681     -0.193     4.2317   0.006754     0.0510     0.0156 0.0000e+00
        682     -0.193     4.2312   0.006746     0.0509     0.0155 0.0000e+00
        683     -0.195     4.2308   0.006753     0.0509     0.0156 0.0000e+00
        684     -0.195     4.2304   0.006760     0.0510     0.0156 0.0000e+00
        685     -0.194     4.2300   0.006756     0.0510     0.0156 0.0000e+00
        686     -0.194     4.2296   0.006753     0.0509     0.0156 0.0000e+00
        687     -0.194     4.2294   0.006753     0.0509     0.0156 0.0000e+00
        688     -0.194     4.2289   0.006753     0.0510     0.0156 0.0000e+00
        689     -0.195     4.2285   0.006755     0.0510     0.0156 0.0000e+00
        690     -0.196     4.2281   0.006748     0.0509     0.0156 0.0000e+00
        691     -0.198     4.2277   0.006732     0.0508     0.0155 0.0000e+00
        692     -0.199     4.2273   0.006732     0.0508     0.0155 0.0000e+00
        693     -0.200     4.2269   0.006748     0.0509     0.0156 0.0000e+00
        694     -0.199     4.2265   0.006756     0.0510     0.0156 0.0000e+00
        695     -0.197     4.2262   0.006746     0.0509     0.0156 0.0000e+00
        696     -0.198     4.2258   0.006737     0.0508     0.0155 0.0000e+00
        697     -0.200     4.2254   0.006747     0.0509     0.0156 0.0000e+00
        698     -0.200     4.2249   0.006751     0.0509     0.0156 0.0000e+00
        699     -0.200     4.2245   0.006738     0.0508     0.0155 0.0000e+00
        700     -0.198     4.2241   0.006719     0.0507     0.0154 0.0000e+00
        701     -0.194     4.2237   0.006707     0.0506     0.0153 0.0000e+00
        702     -0.195     4.2233   0.006723     0.0507     0.0154 0.0000e+00
        703     -0.199     4.2230   0.006743     0.0509     0.0156 0.0000e+00
        704     -0.200     4.2226   0.006751     0.0509     0.0156 0.0000e+00
        705     -0.198     4.2222   0.006759     0.0510     0.0157 0.0000e+00
        706     -0.195     4.2218   0.006755     0.0510     0.0157 0.0000e+00
        707     -0.195     4.2214   0.006746     0.0509     0.0156 0.0000e+00
        708     -0.198     4.2211   0.006741     0.0509     0.0156 0.0000e+00
        709     -0.201     4.2207   0.006732     0.0508     0.0155 0.0000e+00
        710     -0.202     4.2203   0.006738     0.0508     0.0156 0.0000e+00
        711     -0.200     4.2199   0.006755     0.0510     0.0157 0.0000e+00
        712     -0.198     4.2195   0.006761     0.0510     0.0157 0.0000e+00
        713     -0.198     4.2192   0.006757     0.0510     0.0157 0.0000e+00
        714     -0.199     4.2188   0.006748     0.0509     0.0156 0.0000e+00
        715     -0.198     4.2184   0.006744     0.0509     0.0156 0.0000e+00
        716     -0.199     4.2181   0.006736     0.0508     0.0155 0.0000e+00
        717     -0.203     4.2178   0.006729     0.0508     0.0155 0.0000e+00
        718     -0.204     4.2174   0.006727     0.0508     0.0155 0.0000e+00
        719     -0.203     4.2170   0.006713     0.0507     0.0154 0.0000e+00
        720     -0.205     4.2165   0.006708     0.0506     0.0154 0.0000e+00
        721     -0.207     4.2163   0.006722     0.0507     0.0155 0.0000e+00
        722     -0.206     4.2159   0.006730     0.0508     0.0155 0.0000e+00
        723     -0.205     4.2155   0.006723     0.0507     0.0155 0.0000e+00
        724     -0.206     4.2150   0.006714     0.0507     0.0154 0.0000e+00
        725     -0.208     4.2146   0.006724     0.0507     0.0155 0.0000e+00
        726     -0.208     4.2142   0.006749     0.0509     0.0156 0.0000e+00
        727     -0.205     4.2139   0.006758     0.0510     0.0157 0.0000e+00
        728     -0.201     4.2135   0.006748     0.0509     0.0156 0.0000e+00
        729     -0.201     4.2132   0.006732     0.0508     0.0155 0.0000e+00
        730     -0.202     4.2127   0.006719     0.0507     0.0155 0.0000e+00
        731     -0.201     4.2125   0.006721     0.0507     0.0155 0.0000e+00
        732     -0.200     4.2121   0.006726     0.0508     0.0155 0.0000e+00
        733     -0.197     4.2117   0.006722     0.0507     0.0155 0.0000e+00
        734     -0.194     4.2113   0.006714     0.0507     0.0154 0.0000e+00
        735     -0.195     4.2110   0.006713     0.0507     0.0154 0.0000e+00
        736     -0.197     4.2106   0.006717     0.0507     0.0155 0.0000e+00
        737     -0.199     4.2104   0.006718     0.0507     0.0155 0.0000e+00
        738     -0.203     4.2100   0.006720     0.0507     0.0155 0.0000e+00
        739     -0.204     4.2096   0.006740     0.0509     0.0156 0.0000e+00
        740     -0.202     4.2092   0.006760     0.0510     0.0157 0.0000e+00
        741     -0.197     4.2089   0.006745     0.0509     0.0156 0.0000e+00
        742     -0.194     4.2086   0.006723     0.0507     0.0155 0.0000e+00
        743     -0.196     4.2082   0.006731     0.0508     0.0156 0.0000e+00
        744     -0.199     4.2079   0.006742     0.0509     0.0156 0.0000e+00
        745     -0.200     4.2075   0.006741     0.0509     0.0156 0.0000e+00
        746     -0.200     4.2072   0.006745     0.0509     0.0157 0.0000e+00
        747     -0.201     4.2069   0.006751     0.0510     0.0157 0.0000e+00
        748     -0.202     4.2066   0.006754     0.0510     0.0157 0.0000e+00
        749     -0.202     4.2063   0.006749     0.0509     0.0157 0.0000e+00
        750     -0.202     4.2059   0.006740     0.0509     0.0156 0.0000e+00
        751     -0.200     4.2057   0.006742     0.0509     0.0156 0.0000e+00
        752     -0.198     4.2054   0.006734     0.0508     0.0156 0.0000e+00
        753     -0.198     4.2051   0.006724     0.0508     0.0155 0.0000e+00
        754     -0.200     4.2048   0.006728     0.0508     0.0156 0.0000e+00
        755     -0.202     4.2044   0.006736     0.0508     0.0156 0.0000e+00
        756     -0.202     4.2042   0.006747     0.0509     0.0157 0.0000e+00
        757     -0.202     4.2039   0.006745     0.0509     0.0157 0.0000e+00
        758     -0.202     4.2036   0.006717     0.0507     0.0155 0.0000e+00
        759     -0.202     4.2034   0.006693     0.0505     0.0154 0.0000e+00
        760     -0.202     4.2031   0.006702     0.0506     0.0154 0.0000e+00
        761     -0.201     4.2029   0.006730     0.0508     0.0156 0.0000e+00
        762     -0.199     4.2028   0.006747     0.0509     0.0157 0.0000e+00
        763     -0.200     4.2025   0.006757     0.0510     0.0158 0.0000e+00
        764     -0.200     4.2021   0.006750     0.0510     0.0157 0.0000e+00
        765     -0.199     4.2019   0.006723     0.0507     0.0155 0.0000e+00
        766     -0.197     4.2015   0.006715     0.0507     0.0155 0.0000e+00
        767     -0.197     4.2013   0.006729     0.0508     0.0156 0.0000e+00
        768     -0.199     4.2011   0.006734     0.0508     0.0156 0.0000e+00
        769     -0.200     4.2009   0.006734     0.0508     0.0156 0.0000e+00
        770     -0.201     4.2006   0.006741     0.0509     0.0157 0.0000e+00
        771     -0.205     4.2004   0.006743     0.0509     0.0157 0.0000e+00
        772     -0.208     4.2002   0.006743     0.0509     0.0157 0.0000e+00
        773     -0.209     4.1998   0.006736     0.0509     0.0156 0.0000e+00
        774     -0.207     4.1997   0.006724     0.0508     0.0156 0.0000e+00
        775     -0.204     4.1995   0.006716     0.0507     0.0155 0.0000e+00
        776     -0.202     4.1992   0.006725     0.0508     0.0156 0.0000e+00
        777     -0.199     4.1990   0.006742     0.0509     0.0157 0.0000e+00
        778     -0.200     4.1990   0.006748     0.0509     0.0157 0.0000e+00
        779     -0.204     4.1988   0.006742     0.0509     0.0157 0.0000e+00
        780     -0.205     4.1986   0.006730     0.0508     0.0156 0.0000e+00
        781     -0.206     4.1983   0.006726     0.0508     0.0156 0.0000e+00
        782     -0.208     4.1981   0.006733     0.0508     0.0156 0.0000e+00
        783     -0.208     4.1979   0.006730     0.0508     0.0156 0.0000e+00
        784     -0.207     4.1977   0.006720     0.0507     0.0155 0.0000e+00
        785     -0.207     4.1975   0.006723     0.0508     0.0156 0.0000e+00
        786     -0.208     4.1973   0.006736     0.0509     0.0156 0.0000e+00
        787     -0.208     4.1970   0.006744     0.0509     0.0157 0.0000e+00
        788     -0.206     4.1969   0.006737     0.0509     0.0157 0.0000e+00
        789     -0.205     4.1967   0.006730     0.0508     0.0156 0.0000e+00
        790     -0.203     4.1966   0.006729     0.0508     0.0156 0.0000e+00
        791     -0.201     4.1964   0.006718     0.0507     0.0155 0.0000e+00
        792     -0.201     4.1963   0.006710     0.0507     0.0155 0.0000e+00
        793     -0.201     4.1961   0.006717     0.0507     0.0155 0.0000e+00
        794     -0.201     4.1959   0.006722     0.0507     0.0156 0.0000e+00
        795     -0.203     4.1958   0.006730     0.0508     0.0156 0.0000e+00
        796     -0.205     4.1956   0.006752     0.0510     0.0158 0.0000e+00
        797     -0.205     4.1954   0.006756     0.0510     0.0158 0.0000e+00
        798     -0.204     4.1952   0.006736     0.0509     0.0157 0.0000e+00
        799     -0.202     4.1951   0.006715     0.0507     0.0155 0.0000e+00
        800     -0.200     4.1950   0.006704     0.0506     0.0155 0.0000e+00
        801     -0.198     4.1948   0.006707     0.0506     0.0155 0.0000e+00
        802     -0.195     4.1945   0.006723     0.0508     0.0156 0.0000e+00
        803     -0.191     4.1944   0.006733     0.0508     0.0156 0.0000e+00
        804     -0.191     4.1944   0.006746     0.0509     0.0157 0.0000e+00
        805     -0.192     4.1942   0.006767     0.0511     0.0159 0.0000e+00
        806     -0.191     4.1940   0.006776     0.0512     0.0159 0.0000e+00
        807     -0.192     4.1938   0.006766     0.0511     0.0159 0.0000e+00
        808     -0.196     4.1936   0.006753     0.0510     0.0158 0.0000e+00
        809     -0.200     4.1936   0.006753     0.0510     0.0158 0.0000e+00
        810     -0.202     4.1934   0.006757     0.0510     0.0158 0.0000e+00
        811     -0.204     4.1932   0.006747     0.0509     0.0157 0.0000e+00
        812     -0.204     4.1932   0.006744     0.0509     0.0157 0.0000e+00
        813     -0.204     4.1930   0.006763     0.0511     0.0158 0.0000e+00
        814     -0.204     4.1929   0.006779     0.0512     0.0159 0.0000e+00
        815     -0.204     4.1926   0.006766     0.0511     0.0159 0.0000e+00
        816     -0.204     4.1925   0.006742     0.0509     0.0157 0.0000e+00
        817     -0.203     4.1923   0.006735     0.0509     0.0157 0.0000e+00
        818     -0.205     4.1921   0.006745     0.0509     0.0157 0.0000e+00
        819     -0.206     4.1921   0.006749     0.0510     0.0158 0.0000e+00
        820     -0.202     4.1919   0.006747     0.0509     0.0157 0.0000e+00
