Datasets/Test_Dataset_39219_tow/originals/tel219_2021_044.cnv
* Sea-Bird SBE19plus Data File:
* Filename = C:/AQUIRE/tel219_2021_044.hex
* Software Version AquireV2 AF V2.0
* Temperature SN =  4020
* Conductivity SN =  4020
* System UpLoad Time = May 12 2021 14:39:48
** VESSEL/TRIP/SEQ STN: tel219_2021_044
** LATITUDE: 45 22.29 N
** LONGITUDE: 55 58.63 W
** DATE/TIME: 2021-05-12 14:04
** SOUNDING DEPTH (M): 0052
** PROBE TYPE: S4020
** CTD NUMBER: 044
** FORMAT: T
** COMMENTS: 
# nquan = 7                                 
# nvalues = 2168                        
# units = specified
# name 0 = scan: Scan Count
# name 1 = prdM: Pressure, Strain Gauge [db]
# name 2 = tv290C: Temperature [ITS-90, deg C]
# name 3 = c0S/m: Conductivity [S/m]
# name 4 = sal00: Salinity, Practical [PSU]
# name 5 = sigma-t00: Density [sigma-t, kg/m^3 ]
# name 6 = flag: flag
# span 0 =          1,       2168       
# span 1 =     -0.194,     54.568       
# span 2 =     2.7742,     4.0289       
# span 3 =   0.005426,   2.973091       
# span 4 =     0.0409,    32.2583       
# span 5 =     0.0080,    25.6944       
# span 6 = 0.0000e+00, 0.0000e+00       
# interval = seconds: 1
# start_time = May 12 2021 14:04:33 [Instrument's time stamp, header]
# bad_flag = -9.990e-29
*END*
[from data line 1231]
       1232     51.216     2.8410   2.928272    32.2364    25.6928 0.0000e+00
       1233     51.200     2.8411   2.928276    32.2364    25.6928 0.0000e+00
       1234     51.176     2.8411   2.928267    32.2363    25.6927 0.0000e+00
       1235     51.155     2.8410   2.928243    32.2361    25.6926 0.0000e+00
       1236     51.144     2.8408   2.928217    32.2360    25.6925 0.0000e+00
       1237     51.147     2.8406   2.928202    32.2360    25.6925 0.0000e+00
       1238     51.154     2.8404   2.928191    32.2361    25.6926 0.0000e+00
       1239     51.153     2.8403   2.928191    32.2362    25.6927 0.0000e+00
       1240     51.147     2.8404   2.928218    32.2364    25.6929 0.0000e+00
       1241     51.143     2.8407   2.928259    32.2366    25.6930 0.0000e+00
       1242     51.140     2.8410   2.928284    32.2366    25.6930 0.0000e+00
       1243     51.135     2.8411   2.928293    32.2366    25.6930 0.0000e+00
       1244     51.128     2.8413   2.928302    32.2365    25.6929 0.0000e+00
       1245     51.116     2.8415   2.928314    32.2365    25.6928 0.0000e+00
       1246     51.095     2.8415   2.928320    32.2366    25.6929 0.0000e+00
       1247     51.066     2.8415   2.928319    32.2366    25.6929 0.0000e+00
       1248     51.047     2.8415   2.928311    32.2365    25.6928 0.0000e+00
       1249     51.049     2.8415   2.928308    32.2365    25.6928 0.0000e+00
       1250     51.065     2.8415   2.928317    32.2366    25.6929 0.0000e+00
       1251     51.084     2.8416   2.928329    32.2366    25.6929 0.0000e+00
       1252     51.096     2.8417   2.928333    32.2365    25.6929 0.0000e+00
       1253     51.092     2.8418   2.928340    32.2365    25.6928 0.0000e+00
       1254     51.068     2.8419   2.928347    32.2365    25.6928 0.0000e+00
       1255     51.030     2.8419   2.928348    32.2366    25.6929 0.0000e+00
       1256     50.993     2.8419   2.928350    32.2366    25.6929 0.0000e+00
       1257     50.968     2.8419   2.928351    32.2366    25.6929 0.0000e+00
       1258     50.960     2.8419   2.928359    32.2367    25.6930 0.0000e+00
       1259     50.965     2.8421   2.928376    32.2367    25.6930 0.0000e+00
       1260     50.974     2.8422   2.928388    32.2368    25.6930 0.0000e+00
       1261     50.989     2.8422   2.928391    32.2368    25.6930 0.0000e+00
       1262     51.013     2.8423   2.928394    32.2367    25.6930 0.0000e+00
       1263     51.028     2.8423   2.928397    32.2368    25.6930 0.0000e+00
       1264     51.020     2.8423   2.928402    32.2368    25.6930 0.0000e+00
       1265     50.990     2.8424   2.928404    32.2368    25.6930 0.0000e+00
       1266     50.951     2.8424   2.928397    32.2367    25.6929 0.0000e+00
       1267     50.923     2.8423   2.928390    32.2367    25.6930 0.0000e+00
       1268     50.915     2.8423   2.928390    32.2367    25.6930 0.0000e+00
       1269     50.917     2.8423   2.928400    32.2368    25.6931 0.0000e+00
       1270     50.921     2.8423   2.928402    32.2369    25.6931 0.0000e+00
       1271     50.927     2.8423   2.928395    32.2368    25.6930 0.0000e+00
       1272     50.931     2.8423   2.928395    32.2368    25.6930 0.0000e+00
       1273     50.932     2.8423   2.928400    32.2368    25.6930 0.0000e+00
       1274     50.932     2.8423   2.928403    32.2369    25.6931 0.0000e+00
       1275     50.933     2.8423   2.928403    32.2369    25.6931 0.0000e+00
       1276     50.935     2.8424   2.928405    32.2368    25.6930 0.0000e+00
       1277     50.935     2.8426   2.928411    32.2367    25.6929 0.0000e+00
       1278     50.927     2.8426   2.928419    32.2368    25.6930 0.0000e+00
       1279     50.914     2.8426   2.928422    32.2368    25.6930 0.0000e+00
       1280     50.903     2.8426   2.928425    32.2369    25.6930 0.0000e+00
       1281     50.894     2.8426   2.928434    32.2370    25.6931 0.0000e+00
       1282     50.881     2.8427   2.928440    32.2370    25.6931 0.0000e+00
       1283     50.860     2.8429   2.928442    32.2368    25.6930 0.0000e+00
       1284     50.841     2.8429   2.928447    32.2369    25.6930 0.0000e+00
       1285     50.835     2.8430   2.928461    32.2369    25.6931 0.0000e+00
       1286     50.846     2.8430   2.928471    32.2370    25.6932 0.0000e+00
       1287     50.863     2.8432   2.928482    32.2370    25.6931 0.0000e+00
       1288     50.874     2.8433   2.928492    32.2370    25.6931 0.0000e+00
       1289     50.883     2.8433   2.928494    32.2370    25.6931 0.0000e+00
       1290     50.889     2.8433   2.928486    32.2369    25.6930 0.0000e+00
       1291     50.890     2.8433   2.928485    32.2369    25.6930 0.0000e+00
       1292     50.878     2.8434   2.928494    32.2369    25.6930 0.0000e+00
       1293     50.845     2.8434   2.928498    32.2370    25.6931 0.0000e+00
       1294     50.796     2.8434   2.928499    32.2370    25.6931 0.0000e+00
       1295     50.751     2.8434   2.928503    32.2371    25.6932 0.0000e+00
       1296     50.732     2.8434   2.928502    32.2371    25.6932 0.0000e+00
       1297     50.736     2.8434   2.928504    32.2371    25.6932 0.0000e+00
       1298     50.756     2.8436   2.928515    32.2370    25.6931 0.0000e+00
       1299     50.785     2.8437   2.928522    32.2370    25.6931 0.0000e+00
       1300     50.817     2.8437   2.928523    32.2370    25.6931 0.0000e+00
       1301     50.846     2.8437   2.928524    32.2370    25.6931 0.0000e+00
       1302     50.870     2.8438   2.928533    32.2370    25.6930 0.0000e+00
       1303     50.880     2.8438   2.928541    32.2371    25.6931 0.0000e+00
       1304     50.867     2.8438   2.928543    32.2371    25.6931 0.0000e+00
       1305     50.833     2.8438   2.928549    32.2372    25.6932 0.0000e+00
       1306     50.792     2.8439   2.928549    32.2371    25.6931 0.0000e+00
       1307     50.762     2.8438   2.928541    32.2371    25.6932 0.0000e+00
       1308     50.749     2.8438   2.928530    32.2370    25.6931 0.0000e+00
       1309     50.749     2.8438   2.928526    32.2370    25.6930 0.0000e+00
       1310     50.753     2.8438   2.928532    32.2370    25.6931 0.0000e+00
       1311     50.751     2.8438   2.928544    32.2372    25.6932 0.0000e+00
       1312     50.748     2.8438   2.928544    32.2372    25.6932 0.0000e+00
       1313     50.755     2.8439   2.928539    32.2370    25.6931 0.0000e+00
       1314     50.770     2.8439   2.928542    32.2370    25.6931 0.0000e+00
       1315     50.779     2.8440   2.928556    32.2371    25.6931 0.0000e+00
       1316     50.775     2.8441   2.928563    32.2371    25.6931 0.0000e+00
       1317     50.762     2.8441   2.928558    32.2370    25.6931 0.0000e+00
       1318     50.752     2.8441   2.928553    32.2370    25.6930 0.0000e+00
       1319     50.745     2.8442   2.928559    32.2370    25.6930 0.0000e+00
       1320     50.731     2.8442   2.928575    32.2372    25.6932 0.0000e+00
       1321     50.708     2.8442   2.928585    32.2373    25.6933 0.0000e+00
       1322     50.692     2.8443   2.928587    32.2372    25.6932 0.0000e+00
       1323     50.691     2.8443   2.928594    32.2373    25.6933 0.0000e+00
       1324     50.701     2.8445   2.928601    32.2372    25.6932 0.0000e+00
       1325     50.715     2.8445   2.928599    32.2372    25.6931 0.0000e+00
       1326     50.722     2.8445   2.928600    32.2372    25.6931 0.0000e+00
       1327     50.720     2.8445   2.928603    32.2372    25.6932 0.0000e+00
       1328     50.713     2.8445   2.928603    32.2372    25.6932 0.0000e+00
       1329     50.704     2.8445   2.928601    32.2372    25.6932 0.0000e+00
       1330     50.699     2.8445   2.928596    32.2371    25.6931 0.0000e+00
       1331     50.698     2.8445   2.928596    32.2371    25.6931 0.0000e+00
       1332     50.696     2.8445   2.928606    32.2373    25.6932 0.0000e+00
       1333     50.694     2.8445   2.928616    32.2374    25.6933 0.0000e+00
       1334     50.691     2.8445   2.928622    32.2375    25.6934 0.0000e+00
       1335     50.682     2.8445   2.928627    32.2375    25.6934 0.0000e+00
       1336     50.664     2.8446   2.928630    32.2375    25.6934 0.0000e+00
       1337     50.637     2.8448   2.928632    32.2373    25.6932 0.0000e+00
       1338     50.601     2.8449   2.928635    32.2373    25.6932 0.0000e+00
       1339     50.567     2.8449   2.928637    32.2373    25.6932 0.0000e+00
       1340     50.545     2.8449   2.928645    32.2374    25.6933 0.0000e+00
       1341     50.532     2.8450   2.928651    32.2374    25.6933 0.0000e+00
       1342     50.530     2.8451   2.928651    32.2373    25.6932 0.0000e+00
       1343     50.543     2.8451   2.928652    32.2373    25.6932 0.0000e+00
       1344     50.572     2.8451   2.928659    32.2374    25.6932 0.0000e+00
       1345     50.612     2.8452   2.928667    32.2373    25.6932 0.0000e+00
       1346     50.646     2.8452   2.928669    32.2374    25.6932 0.0000e+00
       1347     50.662     2.8452   2.928655    32.2372    25.6931 0.0000e+00
       1348     50.656     2.8451   2.928636    32.2370    25.6930 0.0000e+00
       1349     50.631     2.8449   2.928630    32.2372    25.6931 0.0000e+00
       1350     50.600     2.8449   2.928628    32.2372    25.6931 0.0000e+00
       1351     50.572     2.8449   2.928624    32.2371    25.6931 0.0000e+00
       1352     50.547     2.8449   2.928637    32.2373    25.6932 0.0000e+00
       1353     50.521     2.8449   2.928655    32.2375    25.6934 0.0000e+00
       1354     50.502     2.8451   2.928661    32.2374    25.6933 0.0000e+00
       1355     50.500     2.8451   2.928661    32.2374    25.6933 0.0000e+00
       1356     50.521     2.8452   2.928662    32.2373    25.6932 0.0000e+00
       1357     50.558     2.8452   2.928669    32.2374    25.6933 0.0000e+00
       1358     50.594     2.8452   2.928675    32.2375    25.6933 0.0000e+00
       1359     50.621     2.8452   2.928679    32.2375    25.6933 0.0000e+00
       1360     50.641     2.8453   2.928686    32.2375    25.6933 0.0000e+00
       1361     50.650     2.8453   2.928691    32.2375    25.6933 0.0000e+00
       1362     50.635     2.8453   2.928690    32.2375    25.6933 0.0000e+00
       1363     50.600     2.8453   2.928688    32.2375    25.6933 0.0000e+00
       1364     50.561     2.8453   2.928689    32.2375    25.6934 0.0000e+00
       1365     50.530     2.8453   2.928691    32.2376    25.6934 0.0000e+00
       1366     50.518     2.8454   2.928697    32.2376    25.6934 0.0000e+00
       1367     50.526     2.8456   2.928701    32.2374    25.6932 0.0000e+00
       1368     50.548     2.8456   2.928705    32.2374    25.6933 0.0000e+00
       1369     50.579     2.8456   2.928713    32.2375    25.6933 0.0000e+00
       1370     50.612     2.8456   2.928720    32.2376    25.6934 0.0000e+00
       1371     50.632     2.8457   2.928724    32.2375    25.6933 0.0000e+00
       1372     50.627     2.8457   2.928726    32.2376    25.6933 0.0000e+00
       1373     50.596     2.8457   2.928727    32.2376    25.6934 0.0000e+00
       1374     50.557     2.8457   2.928725    32.2376    25.6934 0.0000e+00
       1375     50.530     2.8457   2.928722    32.2376    25.6933 0.0000e+00
       1376     50.516     2.8457   2.928723    32.2376    25.6934 0.0000e+00
       1377     50.512     2.8457   2.928721    32.2376    25.6933 0.0000e+00
       1378     50.519     2.8457   2.928715    32.2375    25.6933 0.0000e+00
       1379     50.541     2.8457   2.928716    32.2375    25.6933 0.0000e+00
       1380     50.574     2.8457   2.928723    32.2375    25.6933 0.0000e+00
       1381     50.607     2.8457   2.928725    32.2376    25.6933 0.0000e+00
       1382     50.630     2.8457   2.928726    32.2376    25.6933 0.0000e+00
       1383     50.629     2.8457   2.928730    32.2376    25.6934 0.0000e+00
       1384     50.600     2.8457   2.928727    32.2376    25.6934 0.0000e+00
       1385     50.551     2.8457   2.928723    32.2376    25.6933 0.0000e+00
       1386     50.500     2.8457   2.928724    32.2376    25.6934 0.0000e+00
       1387     50.461     2.8457   2.928728    32.2377    25.6934 0.0000e+00
       1388     50.438     2.8457   2.928737    32.2378    25.6935 0.0000e+00
       1389     50.438     2.8459   2.928744    32.2377    25.6934 0.0000e+00
       1390     50.466     2.8459   2.928746    32.2377    25.6934 0.0000e+00
       1391     50.514     2.8460   2.928752    32.2376    25.6934 0.0000e+00
       1392     50.567     2.8460   2.928763    32.2377    25.6935 0.0000e+00
       1393     50.603     2.8460   2.928769    32.2378    25.6935 0.0000e+00
       1394     50.609     2.8461   2.928766    32.2376    25.6934 0.0000e+00
       1395     50.584     2.8461   2.928765    32.2376    25.6934 0.0000e+00
       1396     50.537     2.8461   2.928769    32.2377    25.6934 0.0000e+00
       1397     50.481     2.8461   2.928771    32.2378    25.6935 0.0000e+00
       1398     50.433     2.8461   2.928770    32.2378    25.6935 0.0000e+00
       1399     50.400     2.8461   2.928770    32.2378    25.6935 0.0000e+00
       1400     50.385     2.8461   2.928771    32.2378    25.6935 0.0000e+00
       1401     50.395     2.8461   2.928771    32.2378    25.6935 0.0000e+00
       1402     50.431     2.8461   2.928776    32.2379    25.6936 0.0000e+00
       1403     50.482     2.8461   2.928783    32.2379    25.6936 0.0000e+00
       1404     50.527     2.8462   2.928787    32.2378    25.6935 0.0000e+00
       1405     50.553     2.8462   2.928790    32.2379    25.6935 0.0000e+00
       1406     50.554     2.8462   2.928796    32.2379    25.6936 0.0000e+00
       1407     50.524     2.8462   2.928799    32.2380    25.6936 0.0000e+00
       1408     50.469     2.8462   2.928797    32.2380    25.6936 0.0000e+00
       1409     50.412     2.8463   2.928797    32.2379    25.6936 0.0000e+00
       1410     50.377     2.8463   2.928795    32.2379    25.6936 0.0000e+00
       1411     50.375     2.8464   2.928794    32.2378    25.6935 0.0000e+00
       1412     50.401     2.8464   2.928800    32.2379    25.6935 0.0000e+00
       1413     50.437     2.8464   2.928805    32.2379    25.6936 0.0000e+00
       1414     50.467     2.8464   2.928808    32.2379    25.6936 0.0000e+00
       1415     50.492     2.8464   2.928810    32.2379    25.6936 0.0000e+00
       1416     50.513     2.8464   2.928813    32.2380    25.6936 0.0000e+00
       1417     50.523     2.8464   2.928819    32.2380    25.6937 0.0000e+00
       1418     50.516     2.8464   2.928818    32.2380    25.6937 0.0000e+00
       1419     50.489     2.8464   2.928817    32.2380    25.6937 0.0000e+00
       1420     50.443     2.8465   2.928826    32.2381    25.6937 0.0000e+00
       1421     50.390     2.8465   2.928826    32.2381    25.6937 0.0000e+00
       1422     50.347     2.8465   2.928820    32.2380    25.6937 0.0000e+00
       1423     50.335     2.8465   2.928819    32.2380    25.6937 0.0000e+00
       1424     50.362     2.8465   2.928816    32.2380    25.6936 0.0000e+00
       1425     50.411     2.8465   2.928819    32.2380    25.6936 0.0000e+00
       1426     50.464     2.8465   2.928834    32.2381    25.6937 0.0000e+00
       1427     50.501     2.8465   2.928850    32.2383    25.6939 0.0000e+00
       1428     50.512     2.8466   2.928857    32.2383    25.6939 0.0000e+00
       1429     50.500     2.8467   2.928854    32.2382    25.6937 0.0000e+00
       1430     50.475     2.8468   2.928849    32.2380    25.6936 0.0000e+00
       1431     50.449     2.8468   2.928842    32.2380    25.6936 0.0000e+00
       1432     50.434     2.8468   2.928841    32.2379    25.6936 0.0000e+00
       1433     50.431     2.8468   2.928847    32.2380    25.6936 0.0000e+00
       1434     50.430     2.8468   2.928854    32.2381    25.6937 0.0000e+00
       1435     50.427     2.8468   2.928854    32.2381    25.6937 0.0000e+00
