Datasets/Test_Dataset_39219_tow/originals/tel219_2021_041.cnv
* Sea-Bird SBE19plus Data File:
* Filename = C:/AQUIRE/tel219_2021_041.hex
* Software Version AquireV2 AF V2.0
* Temperature SN =  4020
* Conductivity SN =  4020
* System UpLoad Time = May 12 2021 08:10:39
** VESSEL/TRIP/SEQ STN: tel219_2021_041
** LATITUDE: 44 54.71 N
** LONGITUDE: 056 02.07 W
** DATE/TIME: 2021-05-12 07:17
** SOUNDING DEPTH (M): 0214
** PROBE TYPE: S4020
** CTD NUMBER: 041
** FORMAT: T
** COMMENTS: 
# nquan = 7                                 
# nvalues = 3070                        
# units = specified
# name 0 = scan: Scan Count
# name 1 = prdM: Pressure, Strain Gauge [db]
# name 2 = tv290C: Temperature [ITS-90, deg C]
# name 3 = c0S/m: Conductivity [S/m]
# name 4 = sal00: Salinity, Practical [PSU]
# name 5 = sigma-t00: Density [sigma-t, kg/m^3 ]
# name 6 = flag: flag
# span 0 =          1,       3070       
# span 1 =     -1.157,    211.807       
# span 2 =     0.3927,    10.1599       
# span 3 =   0.006084,   3.824091       
# span 4 =     0.0444,    35.0958       
# span 5 =    -0.0190,    27.1889       
# span 6 = 0.0000e+00, 0.0000e+00       
# interval = seconds: 1
# start_time = May 12 2021 07:17:26 [Instrument's time stamp, header]
# bad_flag = -9.990e-29
*END*
[from data line 1847]
       1848    210.303     8.9902   3.729498    35.0652    27.1708 0.0000e+00
       1849    210.302     8.9901   3.729494    35.0652    27.1709 0.0000e+00
       1850    210.288     8.9899   3.729493    35.0654    27.1711 0.0000e+00
       1851    210.266     8.9898   3.729493    35.0655    27.1712 0.0000e+00
       1852    210.251     8.9899   3.729509    35.0656    27.1712 0.0000e+00
       1853    210.253     8.9903   3.729548    35.0656    27.1712 0.0000e+00
       1854    210.269     8.9907   3.729582    35.0656    27.1711 0.0000e+00
       1855    210.285     8.9910   3.729599    35.0655    27.1709 0.0000e+00
       1856    210.284     8.9912   3.729616    35.0654    27.1709 0.0000e+00
       1857    210.271     8.9914   3.729635    35.0655    27.1709 0.0000e+00
       1858    210.259     8.9915   3.729641    35.0654    27.1708 0.0000e+00
       1859    210.260     8.9915   3.729639    35.0654    27.1708 0.0000e+00
       1860    210.275     8.9915   3.729653    35.0655    27.1709 0.0000e+00
       1861    210.304     8.9917   3.729697    35.0658    27.1711 0.0000e+00
       1862    210.332     8.9922   3.729735    35.0657    27.1709 0.0000e+00
       1863    210.338     8.9924   3.729754    35.0657    27.1709 0.0000e+00
       1864    210.321     8.9924   3.729765    35.0658    27.1710 0.0000e+00
       1865    210.302     8.9924   3.729774    35.0659    27.1711 0.0000e+00
       1866    210.300     8.9924   3.729786    35.0660    27.1712 0.0000e+00
       1867    210.317     8.9927   3.729810    35.0660    27.1711 0.0000e+00
       1868    210.344     8.9929   3.729834    35.0660    27.1711 0.0000e+00
       1869    210.370     8.9930   3.729843    35.0660    27.1710 0.0000e+00
       1870    210.394     8.9930   3.729836    35.0659    27.1710 0.0000e+00
       1871    210.412     8.9930   3.729839    35.0660    27.1710 0.0000e+00
       1872    210.419     8.9931   3.729859    35.0661    27.1711 0.0000e+00
       1873    210.422     8.9932   3.729869    35.0661    27.1710 0.0000e+00
       1874    210.427     8.9931   3.729866    35.0661    27.1711 0.0000e+00
       1875    210.441     8.9922   3.729798    35.0663    27.1714 0.0000e+00
       1876    210.465     8.9905   3.729638    35.0663    27.1716 0.0000e+00
       1877    210.483     8.9887   3.729486    35.0665    27.1721 0.0000e+00
       1878    210.484     8.9873   3.729376    35.0667    27.1725 0.0000e+00
       1879    210.477     8.9861   3.729263    35.0667    27.1727 0.0000e+00
       1880    210.480     8.9854   3.729172    35.0664    27.1726 0.0000e+00
       1881    210.501     8.9857   3.729193    35.0663    27.1725 0.0000e+00
       1882    210.526     8.9866   3.729286    35.0664    27.1724 0.0000e+00
       1883    210.534     8.9868   3.729307    35.0664    27.1724 0.0000e+00
       1884    210.519     8.9859   3.729225    35.0665    27.1725 0.0000e+00
       1885    210.497     8.9846   3.729089    35.0663    27.1726 0.0000e+00
       1886    210.489     8.9833   3.728962    35.0663    27.1728 0.0000e+00
       1887    210.505     8.9828   3.728904    35.0662    27.1728 0.0000e+00
       1888    210.536     8.9833   3.728949    35.0661    27.1727 0.0000e+00
       1889    210.562     8.9840   3.729032    35.0663    27.1727 0.0000e+00
       1890    210.571     8.9846   3.729089    35.0663    27.1726 0.0000e+00
       1891    210.569     8.9855   3.729160    35.0662    27.1723 0.0000e+00
       1892    210.572     8.9867   3.729264    35.0661    27.1721 0.0000e+00
       1893    210.589     8.9879   3.729378    35.0661    27.1719 0.0000e+00
       1894    210.614     8.9889   3.729461    35.0659    27.1716 0.0000e+00
       1895    210.634     8.9896   3.729499    35.0656    27.1713 0.0000e+00
       1896    210.648     8.9903   3.729553    35.0655    27.1711 0.0000e+00
       1897    210.664     8.9915   3.729670    35.0655    27.1709 0.0000e+00
       1898    210.688     8.9922   3.729749    35.0657    27.1709 0.0000e+00
       1899    210.721     8.9918   3.729703    35.0656    27.1709 0.0000e+00
       1900    210.757     8.9910   3.729620    35.0655    27.1709 0.0000e+00
       1901    210.788     8.9902   3.729574    35.0658    27.1713 0.0000e+00
       1902    210.809     8.9901   3.729562    35.0657    27.1713 0.0000e+00
       1903    210.824     8.9909   3.729624    35.0656    27.1710 0.0000e+00
       1904    210.838     8.9924   3.729777    35.0657    27.1709 0.0000e+00
       1905    210.853     8.9930   3.729874    35.0661    27.1711 0.0000e+00
       1906    210.869     8.9915   3.729726    35.0660    27.1713 0.0000e+00
       1907    210.880     8.9891   3.729454    35.0655    27.1713 0.0000e+00
       1908    210.877     8.9880   3.729360    35.0656    27.1715 0.0000e+00
       1909    210.867     8.9885   3.729437    35.0660    27.1717 0.0000e+00
       1910    210.862     8.9889   3.729499    35.0662    27.1719 0.0000e+00
       1911    210.869     8.9882   3.729422    35.0661    27.1719 0.0000e+00
       1912    210.891     8.9860   3.729212    35.0661    27.1722 0.0000e+00
       1913    210.922     8.9837   3.729016    35.0663    27.1727 0.0000e+00
       1914    210.945     8.9821   3.728901    35.0666    27.1733 0.0000e+00
       1915    210.951     8.9813   3.728842    35.0668    27.1735 0.0000e+00
       1916    210.948     8.9810   3.728802    35.0667    27.1735 0.0000e+00
       1917    210.948     8.9806   3.728750    35.0665    27.1734 0.0000e+00
       1918    210.960     8.9804   3.728728    35.0665    27.1734 0.0000e+00
       1919    210.982     8.9808   3.728769    35.0665    27.1734 0.0000e+00
       1920    210.996     8.9816   3.728846    35.0665    27.1733 0.0000e+00
       1921    210.996     8.9827   3.728939    35.0664    27.1730 0.0000e+00
       1922    210.990     8.9839   3.729044    35.0663    27.1727 0.0000e+00
       1923    210.991     8.9850   3.729146    35.0663    27.1725 0.0000e+00
       1924    211.005     8.9859   3.729236    35.0663    27.1724 0.0000e+00
       1925    211.029     8.9870   3.729327    35.0662    27.1722 0.0000e+00
       1926    211.048     8.9881   3.729425    35.0661    27.1719 0.0000e+00
       1927    211.051     8.9893   3.729519    35.0659    27.1716 0.0000e+00
       1928    211.039     8.9899   3.729577    35.0660    27.1715 0.0000e+00
       1929    211.030     8.9897   3.729569    35.0661    27.1716 0.0000e+00
       1930    211.041     8.9889   3.729499    35.0661    27.1718 0.0000e+00
       1931    211.070     8.9880   3.729416    35.0661    27.1719 0.0000e+00
       1932    211.101     8.9871   3.729350    35.0663    27.1722 0.0000e+00
       1933    211.123     8.9866   3.729303    35.0663    27.1723 0.0000e+00
       1934    211.140     8.9861   3.729274    35.0665    27.1725 0.0000e+00
       1935    211.154     8.9857   3.729235    35.0665    27.1726 0.0000e+00
       1936    211.170     8.9854   3.729193    35.0663    27.1725 0.0000e+00
       1937    211.190     8.9850   3.729167    35.0664    27.1726 0.0000e+00
       1938    211.213     8.9849   3.729160    35.0664    27.1727 0.0000e+00
       1939    211.233     8.9853   3.729199    35.0664    27.1726 0.0000e+00
       1940    211.247     8.9859   3.729259    35.0665    27.1725 0.0000e+00
       1941    211.251     8.9869   3.729328    35.0662    27.1722 0.0000e+00
       1942    211.245     8.9886   3.729485    35.0662    27.1719 0.0000e+00
       1943    211.240     8.9905   3.729688    35.0664    27.1718 0.0000e+00
       1944    211.248     8.9917   3.729811    35.0665    27.1717 0.0000e+00
       1945    211.268     8.9922   3.729849    35.0664    27.1715 0.0000e+00
       1946    211.289     8.9920   3.729838    35.0665    27.1716 0.0000e+00
       1947    211.301     8.9910   3.729763    35.0667    27.1719 0.0000e+00
       1948    211.306     8.9894   3.729604    35.0666    27.1721 0.0000e+00
       1949    211.311     8.9871   3.729389    35.0666    27.1725 0.0000e+00
       1950    211.319     8.9851   3.729204    35.0667    27.1728 0.0000e+00
       1951    211.330     8.9839   3.729099    35.0667    27.1731 0.0000e+00
       1952    211.349     8.9834   3.729062    35.0668    27.1732 0.0000e+00
       1953    211.373     8.9836   3.729080    35.0668    27.1732 0.0000e+00
       1954    211.387     8.9836   3.729107    35.0671    27.1734 0.0000e+00
       1955    211.377     8.9821   3.728998    35.0674    27.1739 0.0000e+00
       1956    211.354     8.9797   3.728728    35.0670    27.1739 0.0000e+00
       1957    211.338     8.9780   3.728523    35.0665    27.1738 0.0000e+00
       1958    211.342     8.9773   3.728478    35.0667    27.1741 0.0000e+00
       1959    211.369     8.9774   3.728500    35.0668    27.1742 0.0000e+00
       1960    211.403     8.9779   3.728535    35.0667    27.1740 0.0000e+00
       1961    211.423     8.9787   3.728586    35.0664    27.1737 0.0000e+00
       1962    211.423     8.9805   3.728738    35.0663    27.1732 0.0000e+00
       1963    211.410     8.9824   3.728922    35.0663    27.1730 0.0000e+00
       1964    211.390     8.9835   3.729022    35.0663    27.1728 0.0000e+00
       1965    211.381     8.9846   3.729140    35.0664    27.1727 0.0000e+00
       1966    211.392     8.9863   3.729325    35.0667    27.1727 0.0000e+00
       1967    211.418     8.9878   3.729474    35.0668    27.1725 0.0000e+00
       1968    211.436     8.9887   3.729541    35.0666    27.1722 0.0000e+00
       1969    211.430     8.9894   3.729591    35.0664    27.1719 0.0000e+00
       1970    211.413     8.9901   3.729672    35.0666    27.1719 0.0000e+00
       1971    211.410     8.9904   3.729735    35.0670    27.1722 0.0000e+00
       1972    211.431     8.9894   3.729655    35.0671    27.1725 0.0000e+00
       1973    211.461     8.9867   3.729395    35.0670    27.1728 0.0000e+00
       1974    211.481     8.9833   3.729072    35.0670    27.1733 0.0000e+00
       1975    211.498     8.9808   3.728830    35.0669    27.1737 0.0000e+00
       1976    211.518     8.9795   3.728691    35.0667    27.1737 0.0000e+00
       1977    211.535     8.9796   3.728672    35.0664    27.1735 0.0000e+00
       1978    211.537     8.9808   3.728810    35.0667    27.1735 0.0000e+00
       1979    211.524     8.9817   3.728929    35.0670    27.1736 0.0000e+00
       1980    211.514     8.9817   3.728905    35.0668    27.1735 0.0000e+00
       1981    211.520     8.9808   3.728826    35.0668    27.1736 0.0000e+00
       1982    211.534     8.9793   3.728690    35.0669    27.1739 0.0000e+00
       1983    211.540     8.9774   3.728508    35.0668    27.1742 0.0000e+00
       1984    211.539     8.9755   3.728329    35.0668    27.1745 0.0000e+00
       1985    211.542     8.9732   3.728096    35.0667    27.1747 0.0000e+00
       1986    211.552     8.9707   3.727857    35.0666    27.1751 0.0000e+00
       1987    211.567     8.9694   3.727741    35.0667    27.1753 0.0000e+00
       1988    211.580     8.9694   3.727745    35.0667    27.1754 0.0000e+00
       1989    211.586     8.9699   3.727797    35.0668    27.1753 0.0000e+00
       1990    211.587     8.9700   3.727797    35.0667    27.1752 0.0000e+00
       1991    211.585     8.9696   3.727760    35.0667    27.1753 0.0000e+00
       1992    211.577     8.9690   3.727727    35.0669    27.1756 0.0000e+00
       1993    211.558     8.9686   3.727686    35.0669    27.1756 0.0000e+00
       1994    211.531     8.9677   3.727609    35.0670    27.1759 0.0000e+00
       1995    211.506     8.9669   3.727489    35.0665    27.1756 0.0000e+00
       1996    211.497     8.9669   3.727453    35.0662    27.1753 0.0000e+00
       1997    211.506     8.9683   3.727597    35.0663    27.1752 0.0000e+00
       1998    211.518     8.9697   3.727767    35.0667    27.1753 0.0000e+00
       1999    211.525     8.9692   3.727692    35.0664    27.1751 0.0000e+00
       2000    211.530     8.9679   3.727488    35.0655    27.1747 0.0000e+00
       2001    211.531     8.9694   3.727658    35.0658    27.1747 0.0000e+00
       2002    211.530     8.9733   3.728085    35.0665    27.1745 0.0000e+00
       2003    211.529     8.9754   3.728271    35.0663    27.1741 0.0000e+00
       2004    211.527     8.9752   3.728214    35.0659    27.1738 0.0000e+00
       2005    211.522     8.9738   3.728049    35.0656    27.1738 0.0000e+00
       2006    211.524     8.9725   3.727928    35.0656    27.1740 0.0000e+00
       2007    211.535     8.9719   3.727943    35.0663    27.1747 0.0000e+00
       2008    211.538     8.9709   3.727895    35.0668    27.1752 0.0000e+00
       2009    211.518     8.9674   3.727618    35.0674    27.1762 0.0000e+00
       2010    211.482     8.9614   3.727059    35.0674    27.1772 0.0000e+00
       2011    211.444     8.9558   3.726414    35.0662    27.1772 0.0000e+00
       2012    211.422     8.9539   3.726211    35.0660    27.1773 0.0000e+00
       2013    211.428     8.9562   3.726515    35.0669    27.1776 0.0000e+00
       2014    211.449     8.9581   3.726744    35.0674    27.1777 0.0000e+00
       2015    211.455     8.9571   3.726597    35.0669    27.1775 0.0000e+00
       2016    211.445     8.9550   3.726333    35.0662    27.1773 0.0000e+00
       2017    211.442     8.9543   3.726263    35.0661    27.1773 0.0000e+00
       2018    211.456     8.9546   3.726336    35.0666    27.1777 0.0000e+00
       2019    211.475     8.9535   3.726280    35.0671    27.1782 0.0000e+00
       2020    211.484     8.9505   3.726010    35.0672    27.1788 0.0000e+00
       2021    211.477     8.9479   3.725731    35.0668    27.1789 0.0000e+00
       2022    211.464     8.9480   3.725733    35.0668    27.1789 0.0000e+00
       2023    211.460     8.9496   3.725911    35.0671    27.1788 0.0000e+00
       2024    211.469     8.9502   3.725935    35.0667    27.1785 0.0000e+00
       2025    211.485     8.9497   3.725855    35.0664    27.1783 0.0000e+00
       2026    211.498     8.9488   3.725777    35.0664    27.1785 0.0000e+00
       2027    211.498     8.9490   3.725729    35.0657    27.1779 0.0000e+00
       2028    211.486     8.9526   3.726037    35.0654    27.1771 0.0000e+00
       2029    211.475     8.9599   3.726819    35.0664    27.1767 0.0000e+00
       2030    211.476     8.9658   3.727424    35.0669    27.1761 0.0000e+00
       2031    211.490     8.9653   3.727282    35.0659    27.1754 0.0000e+00
       2032    211.503     8.9611   3.726784    35.0648    27.1753 0.0000e+00
       2033    211.501     8.9594   3.726636    35.0650    27.1756 0.0000e+00
       2034    211.487     8.9603   3.726811    35.0659    27.1762 0.0000e+00
       2035    211.468     8.9620   3.726977    35.0660    27.1760 0.0000e+00
       2036    211.450     8.9643   3.727180    35.0659    27.1755 0.0000e+00
       2037    211.439     8.9672   3.727461    35.0660    27.1751 0.0000e+00
       2038    211.438     8.9710   3.727806    35.0658    27.1744 0.0000e+00
       2039    211.443     8.9754   3.728204    35.0657    27.1736 0.0000e+00
       2040    211.446     8.9787   3.728508    35.0656    27.1730 0.0000e+00
       2041    211.441     8.9792   3.728541    35.0655    27.1728 0.0000e+00
       2042    211.435     8.9771   3.728331    35.0653    27.1731 0.0000e+00
       2043    211.436     8.9732   3.727987    35.0656    27.1739 0.0000e+00
       2044    211.445     8.9678   3.727506    35.0658    27.1750 0.0000e+00
       2045    211.451     8.9622   3.726985    35.0659    27.1759 0.0000e+00
       2046    211.444     8.9585   3.726663    35.0662    27.1767 0.0000e+00
       2047    211.428     8.9574   3.726590    35.0665    27.1771 0.0000e+00
       2048    211.417     8.9573   3.726585    35.0665    27.1772 0.0000e+00
       2049    211.417     8.9568   3.726531    35.0665    27.1772 0.0000e+00
       2050    211.419     8.9557   3.726436    35.0666    27.1775 0.0000e+00
       2051    211.419     8.9531   3.726190    35.0665    27.1779 0.0000e+00
