Datasets/Test_Dataset_39219_tow/originals/tel219_2021_046.cnv
* Sea-Bird SBE19plus Data File:
* Filename = C:/AQUIRE/tel219_2021_046.hex
* Software Version AquireV2 AF V2.0
* Temperature SN =  4020
* Conductivity SN =  4020
* System UpLoad Time = May 12 2021 19:03:41
** VESSEL/TRIP/SEQ STN: tel219_2021_046
** LATITUDE: 45 30.58 N
** LONGITUDE: 55 58.00 W
** DATE/TIME: 2021-05-12 18:24
** SOUNDING DEPTH (M): 0050
** PROBE TYPE: S4020
** CTD NUMBER: 046
** FORMAT: T
** COMMENTS: 
# nquan = 7                                 
# nvalues = 2424                        
# units = specified
# name 0 = scan: Scan Count
# name 1 = prdM: Pressure, Strain Gauge [db]
# name 2 = tv290C: Temperature [ITS-90, deg C]
# name 3 = c0S/m: Conductivity [S/m]
# name 4 = sal00: Salinity, Practical [PSU]
# name 5 = sigma-t00: Density [sigma-t, kg/m^3 ]
# name 6 = flag: flag
# span 0 =          1,       2424       
# span 1 =     -0.239,     46.378       
# span 2 =     3.1257,     5.1799       
# span 3 =   0.004187,   3.024404       
# span 4 =     0.0309,    32.3759       
# span 5 =    -0.0105,    25.7295       
# span 6 = 0.0000e+00, 0.0000e+00       
# interval = seconds: 1
# start_time = May 12 2021 18:24:16 [Instrument's time stamp, header]
# bad_flag = -9.990e-29
*END*
[from data line 1231]
       1232     45.255     3.1342   2.955310    32.2733    25.6974 0.0000e+00
       1233     45.325     3.1343   2.955329    32.2734    25.6974 0.0000e+00
       1234     45.398     3.1345   2.955346    32.2733    25.6974 0.0000e+00
       1235     45.455     3.1345   2.955351    32.2734    25.6974 0.0000e+00
       1236     45.484     3.1345   2.955347    32.2733    25.6973 0.0000e+00
       1237     45.480     3.1342   2.955327    32.2734    25.6974 0.0000e+00
       1238     45.453     3.1340   2.955301    32.2733    25.6974 0.0000e+00
       1239     45.417     3.1339   2.955284    32.2732    25.6973 0.0000e+00
       1240     45.388     3.1340   2.955284    32.2731    25.6972 0.0000e+00
       1241     45.375     3.1342   2.955295    32.2730    25.6972 0.0000e+00
       1242     45.381     3.1341   2.955292    32.2731    25.6972 0.0000e+00
       1243     45.402     3.1339   2.955282    32.2732    25.6973 0.0000e+00
       1244     45.433     3.1337   2.955275    32.2733    25.6974 0.0000e+00
       1245     45.470     3.1335   2.955267    32.2733    25.6975 0.0000e+00
       1246     45.508     3.1334   2.955265    32.2734    25.6975 0.0000e+00
       1247     45.534     3.1336   2.955272    32.2733    25.6974 0.0000e+00
       1248     45.540     3.1338   2.955275    32.2731    25.6973 0.0000e+00
       1249     45.527     3.1339   2.955280    32.2731    25.6972 0.0000e+00
       1250     45.504     3.1342   2.955302    32.2730    25.6972 0.0000e+00
       1251     45.484     3.1345   2.955331    32.2731    25.6972 0.0000e+00
       1252     45.473     3.1347   2.955342    32.2730    25.6971 0.0000e+00
       1253     45.462     3.1346   2.955333    32.2730    25.6971 0.0000e+00
       1254     45.446     3.1345   2.955325    32.2731    25.6972 0.0000e+00
       1255     45.437     3.1343   2.955317    32.2732    25.6973 0.0000e+00
       1256     45.450     3.1342   2.955310    32.2732    25.6973 0.0000e+00
       1257     45.495     3.1343   2.955311    32.2731    25.6972 0.0000e+00
       1258     45.564     3.1345   2.955325    32.2730    25.6971 0.0000e+00
       1259     45.625     3.1347   2.955342    32.2730    25.6971 0.0000e+00
       1260     45.648     3.1351   2.955360    32.2728    25.6969 0.0000e+00
       1261     45.624     3.1352   2.955365    32.2727    25.6968 0.0000e+00
       1262     45.571     3.1349   2.955352    32.2729    25.6970 0.0000e+00
       1263     45.517     3.1345   2.955338    32.2732    25.6972 0.0000e+00
       1264     45.473     3.1343   2.955330    32.2733    25.6974 0.0000e+00
       1265     45.442     3.1342   2.955320    32.2733    25.6974 0.0000e+00
       1266     45.437     3.1340   2.955299    32.2732    25.6973 0.0000e+00
       1267     45.469     3.1337   2.955279    32.2733    25.6974 0.0000e+00
       1268     45.540     3.1336   2.955267    32.2732    25.6974 0.0000e+00
       1269     45.636     3.1336   2.955273    32.2732    25.6974 0.0000e+00
       1270     45.718     3.1334   2.955271    32.2734    25.6975 0.0000e+00
       1271     45.751     3.1331   2.955245    32.2733    25.6975 0.0000e+00
       1272     45.719     3.1328   2.955218    32.2733    25.6975 0.0000e+00
       1273     45.632     3.1327   2.955204    32.2733    25.6975 0.0000e+00
       1274     45.525     3.1329   2.955204    32.2732    25.6974 0.0000e+00
       1275     45.442     3.1334   2.955232    32.2730    25.6972 0.0000e+00
       1276     45.417     3.1342   2.955280    32.2728    25.6970 0.0000e+00
       1277     45.461     3.1352   2.955340    32.2725    25.6967 0.0000e+00
       1278     45.553     3.1360   2.955406    32.2725    25.6966 0.0000e+00
       1279     45.652     3.1364   2.955441    32.2724    25.6965 0.0000e+00
       1280     45.724     3.1363   2.955435    32.2724    25.6965 0.0000e+00
       1281     45.748     3.1360   2.955423    32.2726    25.6966 0.0000e+00
       1282     45.729     3.1357   2.955421    32.2729    25.6969 0.0000e+00
       1283     45.682     3.1353   2.955389    32.2729    25.6970 0.0000e+00
       1284     45.622     3.1345   2.955327    32.2730    25.6971 0.0000e+00
       1285     45.566     3.1338   2.955278    32.2731    25.6973 0.0000e+00
       1286     45.535     3.1334   2.955250    32.2732    25.6974 0.0000e+00
       1287     45.544     3.1333   2.955238    32.2732    25.6973 0.0000e+00
       1288     45.584     3.1331   2.955237    32.2733    25.6975 0.0000e+00
       1289     45.627     3.1330   2.955228    32.2733    25.6975 0.0000e+00
       1290     45.647     3.1328   2.955210    32.2733    25.6975 0.0000e+00
       1291     45.641     3.1328   2.955200    32.2731    25.6974 0.0000e+00
       1292     45.629     3.1329   2.955200    32.2731    25.6973 0.0000e+00
       1293     45.633     3.1331   2.955208    32.2729    25.6972 0.0000e+00
       1294     45.655     3.1331   2.955212    32.2730    25.6972 0.0000e+00
       1295     45.682     3.1328   2.955196    32.2731    25.6973 0.0000e+00
       1296     45.709     3.1325   2.955176    32.2731    25.6974 0.0000e+00
       1297     45.726     3.1322   2.955158    32.2732    25.6975 0.0000e+00
       1298     45.717     3.1322   2.955149    32.2731    25.6974 0.0000e+00
       1299     45.678     3.1323   2.955155    32.2731    25.6974 0.0000e+00
       1300     45.622     3.1324   2.955162    32.2731    25.6974 0.0000e+00
       1301     45.576     3.1327   2.955186    32.2731    25.6974 0.0000e+00
       1302     45.562     3.1333   2.955228    32.2730    25.6972 0.0000e+00
       1303     45.582     3.1334   2.955237    32.2730    25.6972 0.0000e+00
       1304     45.619     3.1332   2.955215    32.2729    25.6972 0.0000e+00
       1305     45.649     3.1330   2.955202    32.2730    25.6972 0.0000e+00
       1306     45.667     3.1332   2.955212    32.2729    25.6971 0.0000e+00
       1307     45.683     3.1336   2.955237    32.2728    25.6970 0.0000e+00
       1308     45.699     3.1340   2.955271    32.2728    25.6970 0.0000e+00
       1309     45.710     3.1342   2.955290    32.2728    25.6970 0.0000e+00
       1310     45.713     3.1343   2.955287    32.2727    25.6969 0.0000e+00
       1311     45.702     3.1344   2.955283    32.2725    25.6967 0.0000e+00
       1312     45.671     3.1343   2.955276    32.2725    25.6968 0.0000e+00
       1313     45.634     3.1340   2.955253    32.2726    25.6968 0.0000e+00
       1314     45.610     3.1334   2.955212    32.2727    25.6970 0.0000e+00
       1315     45.599     3.1329   2.955169    32.2727    25.6970 0.0000e+00
       1316     45.591     3.1326   2.955153    32.2728    25.6971 0.0000e+00
       1317     45.587     3.1327   2.955167    32.2729    25.6972 0.0000e+00
       1318     45.594     3.1334   2.955210    32.2727    25.6970 0.0000e+00
       1319     45.618     3.1341   2.955262    32.2726    25.6968 0.0000e+00
       1320     45.656     3.1345   2.955299    32.2726    25.6968 0.0000e+00
       1321     45.696     3.1346   2.955310    32.2726    25.6968 0.0000e+00
       1322     45.722     3.1348   2.955317    32.2725    25.6967 0.0000e+00
       1323     45.721     3.1349   2.955325    32.2725    25.6967 0.0000e+00
       1324     45.692     3.1347   2.955319    32.2727    25.6968 0.0000e+00
       1325     45.656     3.1343   2.955291    32.2727    25.6969 0.0000e+00
       1326     45.643     3.1341   2.955269    32.2727    25.6969 0.0000e+00
       1327     45.667     3.1342   2.955272    32.2726    25.6968 0.0000e+00
       1328     45.713     3.1346   2.955304    32.2726    25.6967 0.0000e+00
       1329     45.756     3.1351   2.955350    32.2726    25.6967 0.0000e+00
       1330     45.776     3.1353   2.955371    32.2726    25.6967 0.0000e+00
       1331     45.773     3.1357   2.955383    32.2724    25.6965 0.0000e+00
       1332     45.758     3.1364   2.955438    32.2724    25.6964 0.0000e+00
       1333     45.739     3.1372   2.955507    32.2724    25.6964 0.0000e+00
       1334     45.721     3.1374   2.955523    32.2724    25.6964 0.0000e+00
       1335     45.702     3.1368   2.955487    32.2726    25.6966 0.0000e+00
       1336     45.684     3.1363   2.955443    32.2726    25.6966 0.0000e+00
       1337     45.682     3.1360   2.955412    32.2725    25.6966 0.0000e+00
       1338     45.703     3.1357   2.955397    32.2726    25.6967 0.0000e+00
       1339     45.735     3.1357   2.955393    32.2725    25.6966 0.0000e+00
       1340     45.752     3.1356   2.955393    32.2726    25.6967 0.0000e+00
       1341     45.737     3.1355   2.955392    32.2727    25.6968 0.0000e+00
       1342     45.696     3.1354   2.955386    32.2728    25.6968 0.0000e+00
       1343     45.650     3.1353   2.955379    32.2728    25.6969 0.0000e+00
       1344     45.630     3.1353   2.955381    32.2728    25.6969 0.0000e+00
       1345     45.651     3.1353   2.955379    32.2728    25.6969 0.0000e+00
       1346     45.700     3.1352   2.955368    32.2727    25.6968 0.0000e+00
       1347     45.752     3.1352   2.955368    32.2727    25.6968 0.0000e+00
       1348     45.783     3.1353   2.955381    32.2728    25.6968 0.0000e+00
       1349     45.784     3.1353   2.955384    32.2728    25.6969 0.0000e+00
       1350     45.760     3.1356   2.955392    32.2726    25.6967 0.0000e+00
       1351     45.721     3.1361   2.955431    32.2726    25.6966 0.0000e+00
       1352     45.680     3.1368   2.955491    32.2726    25.6966 0.0000e+00
       1353     45.648     3.1374   2.955535    32.2726    25.6965 0.0000e+00
       1354     45.628     3.1378   2.955556    32.2724    25.6964 0.0000e+00
       1355     45.620     3.1380   2.955573    32.2725    25.6964 0.0000e+00
       1356     45.626     3.1383   2.955592    32.2724    25.6963 0.0000e+00
       1357     45.646     3.1384   2.955591    32.2723    25.6962 0.0000e+00
       1358     45.678     3.1386   2.955605    32.2722    25.6961 0.0000e+00
       1359     45.719     3.1387   2.955639    32.2725    25.6963 0.0000e+00
       1360     45.763     3.1386   2.955635    32.2725    25.6964 0.0000e+00
       1361     45.798     3.1382   2.955594    32.2724    25.6963 0.0000e+00
       1362     45.806     3.1380   2.955575    32.2724    25.6963 0.0000e+00
       1363     45.782     3.1382   2.955590    32.2724    25.6963 0.0000e+00
       1364     45.736     3.1384   2.955618    32.2725    25.6964 0.0000e+00
       1365     45.688     3.1384   2.955618    32.2726    25.6964 0.0000e+00
       1366     45.651     3.1382   2.955581    32.2723    25.6963 0.0000e+00
       1367     45.634     3.1379   2.955559    32.2724    25.6963 0.0000e+00
       1368     45.640     3.1375   2.955543    32.2726    25.6965 0.0000e+00
       1369     45.665     3.1369   2.955497    32.2726    25.6966 0.0000e+00
       1370     45.698     3.1364   2.955456    32.2726    25.6966 0.0000e+00
       1371     45.723     3.1360   2.955432    32.2727    25.6967 0.0000e+00
       1372     45.731     3.1356   2.955408    32.2728    25.6969 0.0000e+00
       1373     45.725     3.1350   2.955379    32.2731    25.6971 0.0000e+00
       1374     45.715     3.1344   2.955331    32.2731    25.6972 0.0000e+00
       1375     45.709     3.1339   2.955272    32.2729    25.6971 0.0000e+00
       1376     45.711     3.1336   2.955240    32.2728    25.6970 0.0000e+00
       1377     45.714     3.1336   2.955241    32.2728    25.6970 0.0000e+00
       1378     45.707     3.1338   2.955251    32.2727    25.6969 0.0000e+00
       1379     45.689     3.1342   2.955271    32.2726    25.6968 0.0000e+00
       1380     45.671     3.1346   2.955303    32.2726    25.6968 0.0000e+00
       1381     45.666     3.1349   2.955317    32.2724    25.6966 0.0000e+00
       1382     45.679     3.1350   2.955320    32.2724    25.6966 0.0000e+00
       1383     45.697     3.1353   2.955334    32.2722    25.6964 0.0000e+00
       1384     45.702     3.1355   2.955344    32.2722    25.6963 0.0000e+00
       1385     45.689     3.1356   2.955348    32.2721    25.6963 0.0000e+00
       1386     45.670     3.1357   2.955357    32.2721    25.6963 0.0000e+00
       1387     45.656     3.1357   2.955361    32.2722    25.6963 0.0000e+00
       1388     45.650     3.1356   2.955348    32.2721    25.6963 0.0000e+00
       1389     45.652     3.1354   2.955330    32.2721    25.6963 0.0000e+00
       1390     45.658     3.1353   2.955328    32.2722    25.6964 0.0000e+00
       1391     45.660     3.1354   2.955341    32.2722    25.6964 0.0000e+00
       1392     45.659     3.1356   2.955357    32.2722    25.6964 0.0000e+00
       1393     45.659     3.1357   2.955338    32.2719    25.6961 0.0000e+00
       1394     45.657     3.1357   2.955313    32.2716    25.6959 0.0000e+00
       1395     45.641     3.1356   2.955333    32.2719    25.6962 0.0000e+00
       1396     45.613     3.1353   2.955345    32.2724    25.6966 0.0000e+00
       1397     45.583     3.1351   2.955326    32.2724    25.6966 0.0000e+00
       1398     45.567     3.1351   2.955324    32.2724    25.6966 0.0000e+00
       1399     45.576     3.1357   2.955360    32.2722    25.6964 0.0000e+00
       1400     45.609     3.1364   2.955405    32.2720    25.6962 0.0000e+00
       1401     45.645     3.1369   2.955437    32.2719    25.6960 0.0000e+00
       1402     45.654     3.1372   2.955454    32.2718    25.6959 0.0000e+00
       1403     45.627     3.1371   2.955445    32.2718    25.6959 0.0000e+00
       1404     45.580     3.1366   2.955394    32.2717    25.6959 0.0000e+00
       1405     45.538     3.1363   2.955351    32.2715    25.6958 0.0000e+00
       1406     45.514     3.1362   2.955362    32.2718    25.6960 0.0000e+00
       1407     45.508     3.1364   2.955392    32.2719    25.6961 0.0000e+00
       1408     45.518     3.1366   2.955409    32.2719    25.6961 0.0000e+00
       1409     45.539     3.1368   2.955423    32.2719    25.6960 0.0000e+00
       1410     45.568     3.1368   2.955433    32.2720    25.6961 0.0000e+00
       1411     45.600     3.1364   2.955413    32.2721    25.6963 0.0000e+00
       1412     45.616     3.1357   2.955365    32.2722    25.6964 0.0000e+00
       1413     45.606     3.1351   2.955325    32.2724    25.6966 0.0000e+00
       1414     45.576     3.1347   2.955304    32.2725    25.6967 0.0000e+00
       1415     45.540     3.1348   2.955307    32.2725    25.6967 0.0000e+00
       1416     45.511     3.1357   2.955366    32.2723    25.6965 0.0000e+00
       1417     45.493     3.1370   2.955470    32.2723    25.6963 0.0000e+00
       1418     45.489     3.1382   2.955549    32.2720    25.6960 0.0000e+00
       1419     45.500     3.1389   2.955592    32.2718    25.6958 0.0000e+00
       1420     45.511     3.1397   2.955635    32.2716    25.6955 0.0000e+00
       1421     45.507     3.1402   2.955674    32.2715    25.6954 0.0000e+00
       1422     45.492     3.1403   2.955685    32.2716    25.6955 0.0000e+00
       1423     45.483     3.1404   2.955692    32.2716    25.6955 0.0000e+00
       1424     45.492     3.1406   2.955725    32.2718    25.6956 0.0000e+00
       1425     45.513     3.1406   2.955743    32.2720    25.6958 0.0000e+00
       1426     45.530     3.1399   2.955691    32.2720    25.6959 0.0000e+00
       1427     45.540     3.1387   2.955591    32.2720    25.6960 0.0000e+00
       1428     45.544     3.1374   2.955511    32.2723    25.6963 0.0000e+00
       1429     45.538     3.1366   2.955456    32.2725    25.6965 0.0000e+00
       1430     45.518     3.1361   2.955416    32.2725    25.6966 0.0000e+00
       1431     45.492     3.1357   2.955394    32.2727    25.6967 0.0000e+00
       1432     45.478     3.1355   2.955378    32.2727    25.6968 0.0000e+00
       1433     45.489     3.1353   2.955367    32.2727    25.6968 0.0000e+00
       1434     45.518     3.1353   2.955365    32.2727    25.6968 0.0000e+00
       1435     45.546     3.1352   2.955367    32.2728    25.6969 0.0000e+00
