Datasets/Test_Dataset_39219_tow/originals/tel219_2021_036.cnv
* Sea-Bird SBE19plus Data File:
* Filename = C:/AQUIRE/tel219_2021_036.hex
* Software Version AquireV2 AF V2.0
* Temperature SN =  4020
* Conductivity SN =  4020
* System UpLoad Time = May 11 2021 12:45:43
** VESSEL/TRIP/SEQ STN: tel219_2021_036
** LATITUDE: 45 44.93 N
** LONGITUDE: 57 05.51 W
** DATE/TIME: 2021-05-11 11:41
** SOUNDING DEPTH (M): 0416
** PROBE TYPE: S4020
** CTD NUMBER:  36
** FORMAT: T
** COMMENTS: 
# nquan = 7                                 
# nvalues = 3912                        
# units = specified
# name 0 = scan: Scan Count
# name 1 = prdM: Pressure, Strain Gauge [db]
# name 2 = tv290C: Temperature [ITS-90, deg C]
# name 3 = c0S/m: Conductivity [S/m]
# name 4 = sal00: Salinity, Practical [PSU]
# name 5 = sigma-t00: Density [sigma-t, kg/m^3 ]
# name 6 = flag: flag
# span 0 =          1,       3912       
# span 1 =     -0.689,    423.070       
# span 2 =     1.2552,     9.4976       
# span 3 =   0.006266,   3.778448       
# span 4 =     0.0471,    35.1239       
# span 5 =     0.0114,    27.6053       
# span 6 = 0.0000e+00, 0.0000e+00       
# interval = seconds: 1
# start_time = May 11 2021 11:41:50 [Instrument's time stamp, header]
# bad_flag = -9.990e-29
*END*
[from data line 2872]
       2873    406.482     5.8164   3.440343    35.0234    27.5946 0.0000e+00
       2874    406.223     5.8173   3.440427    35.0236    27.5946 0.0000e+00
       2875    405.965     5.8182   3.440505    35.0236    27.5946 0.0000e+00
       2876    405.705     5.8187   3.440536    35.0236    27.5945 0.0000e+00
       2877    405.444     5.8189   3.440529    35.0235    27.5944 0.0000e+00
       2878    405.183     5.8186   3.440498    35.0235    27.5945 0.0000e+00
       2879    404.927     5.8182   3.440459    35.0236    27.5946 0.0000e+00
       2880    404.678     5.8178   3.440409    35.0236    27.5946 0.0000e+00
       2881    404.433     5.8173   3.440357    35.0237    27.5947 0.0000e+00
       2882    404.188     5.8171   3.440332    35.0237    27.5948 0.0000e+00
       2883    403.944     5.8171   3.440320    35.0237    27.5948 0.0000e+00
       2884    403.701     5.8172   3.440307    35.0236    27.5947 0.0000e+00
       2885    403.456     5.8177   3.440319    35.0233    27.5944 0.0000e+00
       2886    403.207     5.8186   3.440380    35.0232    27.5942 0.0000e+00
       2887    402.955     5.8197   3.440470    35.0232    27.5941 0.0000e+00
       2888    402.706     5.8205   3.440549    35.0234    27.5941 0.0000e+00
       2889    402.461     5.8212   3.440609    35.0235    27.5941 0.0000e+00
       2890    402.212     5.8216   3.440643    35.0236    27.5941 0.0000e+00
       2891    401.960     5.8217   3.440642    35.0236    27.5941 0.0000e+00
       2892    401.709     5.8217   3.440616    35.0234    27.5940 0.0000e+00
       2893    401.462     5.8216   3.440595    35.0234    27.5940 0.0000e+00
       2894    401.218     5.8215   3.440593    35.0236    27.5942 0.0000e+00
       2895    400.972     5.8215   3.440588    35.0237    27.5942 0.0000e+00
       2896    400.726     5.8215   3.440570    35.0236    27.5942 0.0000e+00
       2897    400.482     5.8213   3.440523    35.0234    27.5940 0.0000e+00
       2898    400.238     5.8210   3.440465    35.0232    27.5939 0.0000e+00
       2899    399.995     5.8210   3.440438    35.0230    27.5937 0.0000e+00
       2900    399.753     5.8214   3.440476    35.0232    27.5938 0.0000e+00
       2901    399.510     5.8218   3.440546    35.0237    27.5942 0.0000e+00
       2902    399.266     5.8222   3.440576    35.0237    27.5941 0.0000e+00
       2903    399.024     5.8222   3.440559    35.0236    27.5941 0.0000e+00
       2904    398.783     5.8221   3.440532    35.0236    27.5940 0.0000e+00
       2905    398.541     5.8221   3.440531    35.0237    27.5941 0.0000e+00
       2906    398.298     5.8220   3.440536    35.0240    27.5944 0.0000e+00
       2907    398.056     5.8218   3.440515    35.0240    27.5945 0.0000e+00
       2908    397.821     5.8216   3.440480    35.0240    27.5944 0.0000e+00
       2909    397.593     5.8214   3.440447    35.0239    27.5944 0.0000e+00
       2910    397.364     5.8213   3.440420    35.0238    27.5944 0.0000e+00
       2911    397.133     5.8213   3.440403    35.0238    27.5943 0.0000e+00
       2912    396.903     5.8215   3.440416    35.0238    27.5943 0.0000e+00
       2913    396.671     5.8219   3.440458    35.0240    27.5944 0.0000e+00
       2914    396.435     5.8223   3.440481    35.0240    27.5943 0.0000e+00
       2915    396.195     5.8224   3.440466    35.0238    27.5942 0.0000e+00
       2916    395.953     5.8222   3.440441    35.0239    27.5943 0.0000e+00
       2917    395.710     5.8218   3.440409    35.0240    27.5945 0.0000e+00
       2918    395.467     5.8216   3.440370    35.0239    27.5944 0.0000e+00
       2919    395.227     5.8213   3.440338    35.0240    27.5945 0.0000e+00
       2920    394.991     5.8213   3.440314    35.0238    27.5944 0.0000e+00
       2921    394.753     5.8213   3.440297    35.0238    27.5943 0.0000e+00
       2922    394.508     5.8215   3.440300    35.0237    27.5942 0.0000e+00
       2923    394.261     5.8220   3.440335    35.0237    27.5942 0.0000e+00
       2924    394.017     5.8228   3.440400    35.0238    27.5941 0.0000e+00
       2925    393.778     5.8232   3.440441    35.0239    27.5942 0.0000e+00
       2926    393.546     5.8233   3.440436    35.0239    27.5941 0.0000e+00
       2927    393.317     5.8232   3.440407    35.0238    27.5941 0.0000e+00
       2928    393.086     5.8230   3.440374    35.0237    27.5941 0.0000e+00
       2929    392.853     5.8225   3.440333    35.0239    27.5943 0.0000e+00
       2930    392.624     5.8220   3.440283    35.0240    27.5944 0.0000e+00
       2931    392.398     5.8217   3.440243    35.0239    27.5944 0.0000e+00
       2932    392.174     5.8218   3.440239    35.0239    27.5944 0.0000e+00
       2933    391.954     5.8220   3.440251    35.0240    27.5944 0.0000e+00
       2934    391.737     5.8220   3.440248    35.0240    27.5944 0.0000e+00
       2935    391.523     5.8219   3.440227    35.0240    27.5944 0.0000e+00
       2936    391.314     5.8217   3.440201    35.0240    27.5945 0.0000e+00
       2937    391.112     5.8216   3.440177    35.0240    27.5944 0.0000e+00
       2938    390.914     5.8216   3.440168    35.0240    27.5944 0.0000e+00
       2939    390.717     5.8218   3.440186    35.0241    27.5945 0.0000e+00
       2940    390.520     5.8222   3.440214    35.0241    27.5944 0.0000e+00
       2941    390.318     5.8225   3.440229    35.0240    27.5943 0.0000e+00
       2942    390.120     5.8230   3.440258    35.0239    27.5942 0.0000e+00
       2943    389.929     5.8233   3.440299    35.0242    27.5944 0.0000e+00
       2944    389.739     5.8236   3.440306    35.0240    27.5942 0.0000e+00
       2945    389.546     5.8236   3.440269    35.0237    27.5940 0.0000e+00
       2946    389.352     5.8237   3.440229    35.0233    27.5936 0.0000e+00
       2947    389.162     5.8237   3.440235    35.0234    27.5937 0.0000e+00
       2948    388.983     5.8238   3.440268    35.0238    27.5940 0.0000e+00
       2949    388.819     5.8239   3.440277    35.0239    27.5941 0.0000e+00
       2950    388.659     5.8240   3.440267    35.0237    27.5939 0.0000e+00
       2951    388.492     5.8240   3.440237    35.0235    27.5937 0.0000e+00
       2952    388.319     5.8238   3.440202    35.0234    27.5937 0.0000e+00
       2953    388.146     5.8236   3.440202    35.0237    27.5939 0.0000e+00
       2954    387.972     5.8235   3.440220    35.0241    27.5943 0.0000e+00
       2955    387.798     5.8233   3.440212    35.0243    27.5945 0.0000e+00
       2956    387.625     5.8231   3.440181    35.0242    27.5944 0.0000e+00
       2957    387.452     5.8229   3.440149    35.0242    27.5944 0.0000e+00
       2958    387.285     5.8228   3.440128    35.0241    27.5944 0.0000e+00
       2959    387.123     5.8228   3.440117    35.0241    27.5943 0.0000e+00
       2960    386.962     5.8229   3.440108    35.0239    27.5942 0.0000e+00
       2961    386.801     5.8231   3.440119    35.0239    27.5942 0.0000e+00
       2962    386.642     5.8233   3.440145    35.0241    27.5943 0.0000e+00
       2963    386.486     5.8235   3.440155    35.0241    27.5943 0.0000e+00
       2964    386.327     5.8234   3.440129    35.0240    27.5942 0.0000e+00
       2965    386.163     5.8232   3.440090    35.0238    27.5941 0.0000e+00
       2966    385.997     5.8232   3.440079    35.0238    27.5941 0.0000e+00
       2967    385.831     5.8232   3.440089    35.0240    27.5942 0.0000e+00
       2968    385.664     5.8230   3.440089    35.0243    27.5945 0.0000e+00
       2969    385.497     5.8228   3.440065    35.0243    27.5945 0.0000e+00
       2970    385.332     5.8228   3.440030    35.0240    27.5943 0.0000e+00
       2971    385.169     5.8227   3.440017    35.0240    27.5943 0.0000e+00
       2972    385.004     5.8226   3.440015    35.0242    27.5945 0.0000e+00
       2973    384.837     5.8224   3.439989    35.0242    27.5945 0.0000e+00
       2974    384.669     5.8222   3.439955    35.0241    27.5944 0.0000e+00
       2975    384.498     5.8221   3.439938    35.0241    27.5945 0.0000e+00
       2976    384.326     5.8223   3.439945    35.0241    27.5944 0.0000e+00
       2977    384.158     5.8225   3.439968    35.0242    27.5945 0.0000e+00
       2978    383.991     5.8227   3.439986    35.0243    27.5945 0.0000e+00
       2979    383.820     5.8226   3.439972    35.0243    27.5946 0.0000e+00
       2980    383.647     5.8224   3.439934    35.0242    27.5945 0.0000e+00
       2981    383.476     5.8223   3.439907    35.0241    27.5944 0.0000e+00
       2982    383.305     5.8223   3.439899    35.0241    27.5944 0.0000e+00
       2983    383.131     5.8224   3.439893    35.0240    27.5943 0.0000e+00
       2984    382.952     5.8226   3.439883    35.0237    27.5941 0.0000e+00
       2985    382.769     5.8228   3.439871    35.0235    27.5939 0.0000e+00
       2986    382.591     5.8230   3.439873    35.0234    27.5938 0.0000e+00
       2987    382.422     5.8235   3.439924    35.0235    27.5938 0.0000e+00
       2988    382.255     5.8241   3.440004    35.0239    27.5941 0.0000e+00
       2989    382.084     5.8246   3.440062    35.0241    27.5942 0.0000e+00
       2990    381.907     5.8246   3.440054    35.0241    27.5942 0.0000e+00
       2991    381.721     5.8243   3.439994    35.0239    27.5940 0.0000e+00
       2992    381.525     5.8240   3.439940    35.0237    27.5939 0.0000e+00
       2993    381.326     5.8237   3.439924    35.0239    27.5941 0.0000e+00
       2994    381.133     5.8236   3.439924    35.0241    27.5943 0.0000e+00
       2995    380.943     5.8235   3.439913    35.0242    27.5943 0.0000e+00
       2996    380.748     5.8237   3.439900    35.0239    27.5941 0.0000e+00
       2997    380.544     5.8240   3.439889    35.0236    27.5938 0.0000e+00
       2998    380.330     5.8243   3.439871    35.0232    27.5935 0.0000e+00
       2999    380.110     5.8246   3.439871    35.0230    27.5933 0.0000e+00
       3000    379.886     5.8247   3.439912    35.0235    27.5936 0.0000e+00
       3001    379.661     5.8250   3.439962    35.0238    27.5939 0.0000e+00
       3002    379.436     5.8253   3.439986    35.0239    27.5939 0.0000e+00
       3003    379.206     5.8255   3.439985    35.0238    27.5938 0.0000e+00
       3004    378.968     5.8254   3.439947    35.0236    27.5936 0.0000e+00
       3005    378.725     5.8252   3.439888    35.0233    27.5934 0.0000e+00
       3006    378.482     5.8249   3.439860    35.0234    27.5935 0.0000e+00
       3007    378.236     5.8247   3.439792    35.0229    27.5932 0.0000e+00
       3008    377.988     5.8247   3.439659    35.0216    27.5921 0.0000e+00
       3009    377.737     5.8247   3.439664    35.0217    27.5923 0.0000e+00
       3010    377.478     5.8247   3.439782    35.0232    27.5934 0.0000e+00
       3011    377.209     5.8248   3.439810    35.0236    27.5937 0.0000e+00
       3012    376.939     5.8253   3.439806    35.0231    27.5933 0.0000e+00
       3013    376.667     5.8270   3.439953    35.0232    27.5931 0.0000e+00
       3014    376.390     5.8298   3.440218    35.0234    27.5930 0.0000e+00
       3015    376.110     5.8315   3.440365    35.0235    27.5928 0.0000e+00
       3016    375.825     5.8315   3.440312    35.0230    27.5924 0.0000e+00
       3017    375.535     5.8310   3.440174    35.0221    27.5918 0.0000e+00
       3018    375.242     5.8308   3.440080    35.0214    27.5912 0.0000e+00
       3019    374.944     5.8318   3.440149    35.0213    27.5910 0.0000e+00
       3020    374.642     5.8344   3.440389    35.0215    27.5909 0.0000e+00
       3021    374.336     5.8373   3.440663    35.0218    27.5907 0.0000e+00
       3022    374.026     5.8395   3.440830    35.0215    27.5902 0.0000e+00
       3023    373.715     5.8415   3.440960    35.0211    27.5896 0.0000e+00
       3024    373.402     5.8439   3.441147    35.0209    27.5892 0.0000e+00
       3025    373.081     5.8464   3.441328    35.0205    27.5886 0.0000e+00
       3026    372.747     5.8481   3.441412    35.0199    27.5878 0.0000e+00
       3027    372.399     5.8484   3.441309    35.0186    27.5868 0.0000e+00
       3028    372.041     5.8468   3.441073    35.0178    27.5863 0.0000e+00
       3029    371.677     5.8445   3.440948    35.0189    27.5875 0.0000e+00
       3030    371.310     5.8458   3.441127    35.0198    27.5880 0.0000e+00
       3031    370.938     5.8535   3.441805    35.0197    27.5870 0.0000e+00
       3032    370.554     5.8642   3.442801    35.0201    27.5860 0.0000e+00
       3033    370.156     5.8719   3.443397    35.0191    27.5842 0.0000e+00
       3034    369.753     5.8750   3.443263    35.0146    27.5802 0.0000e+00
       3035    369.352     5.8763   3.442951    35.0099    27.5764 0.0000e+00
       3036    368.948     5.8810   3.443306    35.0093    27.5753 0.0000e+00
       3037    368.534     5.8928   3.444448    35.0102    27.5745 0.0000e+00
       3038    368.109     5.9082   3.445798    35.0098    27.5722 0.0000e+00
       3039    367.671     5.9202   3.446730    35.0081    27.5694 0.0000e+00
       3040    367.222     5.9246   3.446597    35.0023    27.5642 0.0000e+00
       3041    366.764     5.9196   3.445638    34.9969    27.5606 0.0000e+00
       3042    366.301     5.9089   3.445239    35.0036    27.5673 0.0000e+00
       3043    365.837     5.9022   3.445622    35.0151    27.5772 0.0000e+00
       3044    365.372     5.9099   3.446353    35.0157    27.5767 0.0000e+00
       3045    364.898     5.9353   3.448328    35.0120    27.5705 0.0000e+00
       3046    364.408     5.9658   3.451091    35.0120    27.5666 0.0000e+00
       3047    363.904     5.9860   3.452769    35.0103    27.5627 0.0000e+00
       3048    363.388     5.9955   3.453296    35.0067    27.5587 0.0000e+00
       3049    362.866     5.9973   3.452948    35.0012    27.5541 0.0000e+00
       3050    362.342     5.9901   3.451930    34.9974    27.5520 0.0000e+00
       3051    361.822     5.9785   3.451409    35.0038    27.5585 0.0000e+00
       3052    361.306     5.9740   3.451488    35.0096    27.5637 0.0000e+00
       3053    360.784     5.9833   3.452278    35.0092    27.5621 0.0000e+00
       3054    360.248     6.0015   3.454032    35.0104    27.5608 0.0000e+00
       3055    359.695     6.0170   3.455367    35.0098    27.5583 0.0000e+00
       3056    359.126     6.0263   3.455817    35.0056    27.5538 0.0000e+00
       3057    358.545     6.0332   3.456235    35.0035    27.5512 0.0000e+00
       3058    357.958     6.0400   3.456739    35.0024    27.5495 0.0000e+00
       3059    357.370     6.0429   3.456403    34.9960    27.5440 0.0000e+00
       3060    356.786     6.0370   3.455204    34.9888    27.5392 0.0000e+00
       3061    356.208     6.0283   3.454583    34.9911    27.5421 0.0000e+00
       3062    355.634     6.0310   3.455080    34.9942    27.5442 0.0000e+00
       3063    355.062     6.0488   3.456788    34.9954    27.5428 0.0000e+00
       3064    354.481     6.0706   3.459294    35.0014    27.5448 0.0000e+00
       3065    353.881     6.0868   3.461125    35.0057    27.5461 0.0000e+00
       3066    353.267     6.0964   3.461731    35.0029    27.5426 0.0000e+00
       3067    352.653     6.0999   3.460941    34.9907    27.5326 0.0000e+00
       3068    352.050     6.0969   3.459167    34.9742    27.5199 0.0000e+00
       3069    351.463     6.0870   3.457991    34.9714    27.5190 0.0000e+00
       3070    350.893     6.0776   3.457861    34.9799    27.5269 0.0000e+00
       3071    350.333     6.0833   3.458937    34.9865    27.5313 0.0000e+00
       3072    349.772     6.1061   3.461612    34.9934    27.5338 0.0000e+00
       3073    349.202     6.1308   3.464579    35.0016    27.5371 0.0000e+00
       3074    348.629     6.1471   3.466344    35.0050    27.5377 0.0000e+00
       3075    348.055     6.1552   3.466846    35.0026    27.5347 0.0000e+00
       3076    347.481     6.1566   3.466199    34.9941    27.5279 0.0000e+00
