Datasets/Test_Dataset_39219_tow/originals/tel219_2021_043.cnv
* Sea-Bird SBE19plus Data File:
* Filename = C:/AQUIRE/tel219_2021_043.hex
* Software Version AquireV2 AF V2.0
* Temperature SN =  4020
* Conductivity SN =  4020
* System UpLoad Time = May 12 2021 12:44:25
** VESSEL/TRIP/SEQ STN: tel219_2021_043
** LATITUDE: 45 14.15 N
** LONGITUDE: 56 10.92 W
** DATE/TIME: 2021-05-12 11:56
** SOUNDING DEPTH (M): 0089
** PROBE TYPE: S4020
** CTD NUMBER:  43
** FORMAT: T
** COMMENTS: 
# nquan = 7                                 
# nvalues = 2950                        
# units = specified
# name 0 = scan: Scan Count
# name 1 = prdM: Pressure, Strain Gauge [db]
# name 2 = tv290C: Temperature [ITS-90, deg C]
# name 3 = c0S/m: Conductivity [S/m]
# name 4 = sal00: Salinity, Practical [PSU]
# name 5 = sigma-t00: Density [sigma-t, kg/m^3 ]
# name 6 = flag: flag
# span 0 =          1,       2950       
# span 1 =     -0.161,     85.051       
# span 2 =     1.2716,     3.9680       
# span 3 =   0.004382,   2.981512       
# span 4 =     0.0329,    32.3716       
# span 5 =     0.0015,    25.9014       
# span 6 = 0.0000e+00, 0.0000e+00       
# interval = seconds: 1
# start_time = May 12 2021 11:56:30 [Instrument's time stamp, header]
# bad_flag = -9.990e-29
*END*
[from data line 206]
        207     -0.130     3.9446   0.004403     0.0330     0.0017 0.0000e+00
        208     -0.127     3.9448   0.004399     0.0330     0.0016 0.0000e+00
        209     -0.125     3.9450   0.004395     0.0330     0.0016 0.0000e+00
        210     -0.124     3.9452   0.004396     0.0330     0.0016 0.0000e+00
        211     -0.124     3.9454   0.004400     0.0330     0.0016 0.0000e+00
        212     -0.123     3.9455   0.004403     0.0330     0.0017 0.0000e+00
        213     -0.121     3.9455   0.004402     0.0330     0.0017 0.0000e+00
        214     -0.122     3.9456   0.004400     0.0330     0.0016 0.0000e+00
        215     -0.123     3.9458   0.004398     0.0330     0.0016 0.0000e+00
        216     -0.123     3.9459   0.004395     0.0330     0.0016 0.0000e+00
        217     -0.123     3.9461   0.004394     0.0330     0.0016 0.0000e+00
        218     -0.124     3.9463   0.004395     0.0330     0.0016 0.0000e+00
        219     -0.127     3.9465   0.004398     0.0330     0.0016 0.0000e+00
        220     -0.130     3.9467   0.004402     0.0330     0.0017 0.0000e+00
        221     -0.131     3.9469   0.004405     0.0331     0.0017 0.0000e+00
        222     -0.130     3.9470   0.004403     0.0330     0.0017 0.0000e+00
        223     -0.129     3.9470   0.004399     0.0330     0.0016 0.0000e+00
        224     -0.127     3.9472   0.004394     0.0330     0.0016 0.0000e+00
        225     -0.127     3.9474   0.004393     0.0330     0.0016 0.0000e+00
        226     -0.127     3.9475   0.004396     0.0330     0.0016 0.0000e+00
        227     -0.126     3.9477   0.004400     0.0330     0.0016 0.0000e+00
        228     -0.126     3.9478   0.004402     0.0330     0.0017 0.0000e+00
        229     -0.127     3.9478   0.004403     0.0330     0.0017 0.0000e+00
        230     -0.128     3.9480   0.004400     0.0330     0.0016 0.0000e+00
        231     -0.130     3.9482   0.004398     0.0330     0.0016 0.0000e+00
        232     -0.135     3.9485   0.004396     0.0330     0.0016 0.0000e+00
        233     -0.137     3.9486   0.004394     0.0330     0.0016 0.0000e+00
        234     -0.134     3.9488   0.004394     0.0330     0.0016 0.0000e+00
        235     -0.132     3.9489   0.004399     0.0330     0.0016 0.0000e+00
        236     -0.133     3.9490   0.004404     0.0330     0.0017 0.0000e+00
        237     -0.132     3.9490   0.004404     0.0330     0.0017 0.0000e+00
        238     -0.131     3.9492   0.004398     0.0330     0.0016 0.0000e+00
        239     -0.131     3.9493   0.004393     0.0330     0.0016 0.0000e+00
        240     -0.128     3.9495   0.004395     0.0330     0.0016 0.0000e+00
        241     -0.125     3.9496   0.004397     0.0330     0.0016 0.0000e+00
        242     -0.126     3.9497   0.004399     0.0330     0.0016 0.0000e+00
        243     -0.128     3.9498   0.004398     0.0330     0.0016 0.0000e+00
        244     -0.129     3.9499   0.004397     0.0330     0.0016 0.0000e+00
        245     -0.127     3.9499   0.004399     0.0330     0.0016 0.0000e+00
        246     -0.125     3.9500   0.004401     0.0330     0.0016 0.0000e+00
        247     -0.124     3.9503   0.004401     0.0330     0.0016 0.0000e+00
        248     -0.123     3.9505   0.004399     0.0330     0.0016 0.0000e+00
        249     -0.122     3.9505   0.004395     0.0330     0.0016 0.0000e+00
        250     -0.122     3.9506   0.004393     0.0330     0.0016 0.0000e+00
        251     -0.123     3.9507   0.004394     0.0330     0.0016 0.0000e+00
        252     -0.125     3.9507   0.004399     0.0330     0.0016 0.0000e+00
        253     -0.125     3.9508   0.004402     0.0330     0.0017 0.0000e+00
        254     -0.124     3.9509   0.004402     0.0330     0.0017 0.0000e+00
        255     -0.124     3.9509   0.004399     0.0330     0.0016 0.0000e+00
        256     -0.122     3.9509   0.004396     0.0330     0.0016 0.0000e+00
        257     -0.121     3.9510   0.004395     0.0330     0.0016 0.0000e+00
        258     -0.120     3.9512   0.004399     0.0330     0.0016 0.0000e+00
        259     -0.121     3.9514   0.004401     0.0330     0.0016 0.0000e+00
        260     -0.126     3.9516   0.004401     0.0330     0.0016 0.0000e+00
        261     -0.130     3.9516   0.004399     0.0330     0.0016 0.0000e+00
        262     -0.131     3.9516   0.004398     0.0330     0.0016 0.0000e+00
        263     -0.130     3.9518   0.004399     0.0330     0.0016 0.0000e+00
        264     -0.129     3.9520   0.004398     0.0330     0.0016 0.0000e+00
        265     -0.128     3.9520   0.004395     0.0330     0.0016 0.0000e+00
        266     -0.125     3.9520   0.004396     0.0330     0.0016 0.0000e+00
        267     -0.124     3.9521   0.004400     0.0330     0.0016 0.0000e+00
        268     -0.126     3.9523   0.004403     0.0330     0.0017 0.0000e+00
        269     -0.128     3.9524   0.004405     0.0330     0.0017 0.0000e+00
        270     -0.125     3.9524   0.004403     0.0330     0.0017 0.0000e+00
        271     -0.125     3.9524   0.004397     0.0330     0.0016 0.0000e+00
        272     -0.130     3.9524   0.004393     0.0330     0.0016 0.0000e+00
        273     -0.131     3.9526   0.004397     0.0330     0.0016 0.0000e+00
        274     -0.130     3.9527   0.004405     0.0330     0.0017 0.0000e+00
        275     -0.130     3.9527   0.004411     0.0331     0.0017 0.0000e+00
        276     -0.130     3.9528   0.004412     0.0331     0.0017 0.0000e+00
        277     -0.128     3.9528   0.004406     0.0331     0.0017 0.0000e+00
        278     -0.125     3.9529   0.004401     0.0330     0.0016 0.0000e+00
        279     -0.125     3.9528   0.004402     0.0330     0.0017 0.0000e+00
        280     -0.128     3.9528   0.004404     0.0330     0.0017 0.0000e+00
        281     -0.131     3.9530   0.004402     0.0330     0.0017 0.0000e+00
        282     -0.132     3.9531   0.004398     0.0330     0.0016 0.0000e+00
        283     -0.131     3.9531   0.004398     0.0330     0.0016 0.0000e+00
        284     -0.129     3.9531   0.004401     0.0330     0.0016 0.0000e+00
        285     -0.126     3.9532   0.004407     0.0331     0.0017 0.0000e+00
        286     -0.123     3.9533   0.004407     0.0331     0.0017 0.0000e+00
        287     -0.124     3.9533   0.004402     0.0330     0.0017 0.0000e+00
        288     -0.127     3.9535   0.004398     0.0330     0.0016 0.0000e+00
        289     -0.130     3.9535   0.004397     0.0330     0.0016 0.0000e+00
        290     -0.129     3.9535   0.004398     0.0330     0.0016 0.0000e+00
        291     -0.127     3.9535   0.004400     0.0330     0.0016 0.0000e+00
        292     -0.128     3.9535   0.004401     0.0330     0.0016 0.0000e+00
        293     -0.130     3.9535   0.004404     0.0330     0.0017 0.0000e+00
        294     -0.130     3.9535   0.004406     0.0331     0.0017 0.0000e+00
        295     -0.128     3.9536   0.004404     0.0330     0.0017 0.0000e+00
        296     -0.128     3.9536   0.004399     0.0330     0.0016 0.0000e+00
        297     -0.127     3.9538   0.004398     0.0330     0.0016 0.0000e+00
        298     -0.128     3.9538   0.004400     0.0330     0.0016 0.0000e+00
        299     -0.131     3.9538   0.004404     0.0330     0.0017 0.0000e+00
        300     -0.130     3.9538   0.004401     0.0330     0.0016 0.0000e+00
        301     -0.129     3.9537   0.004397     0.0330     0.0016 0.0000e+00
        302     -0.128     3.9536   0.004399     0.0330     0.0016 0.0000e+00
        303     -0.127     3.9537   0.004407     0.0331     0.0017 0.0000e+00
        304     -0.127     3.9539   0.004410     0.0331     0.0017 0.0000e+00
        305     -0.128     3.9539   0.004406     0.0331     0.0017 0.0000e+00
        306     -0.127     3.9538   0.004401     0.0330     0.0016 0.0000e+00
        307     -0.127     3.9538   0.004398     0.0330     0.0016 0.0000e+00
        308     -0.128     3.9537   0.004398     0.0330     0.0016 0.0000e+00
        309     -0.130     3.9538   0.004401     0.0330     0.0016 0.0000e+00
        310     -0.134     3.9539   0.004406     0.0331     0.0017 0.0000e+00
        311     -0.140     3.9539   0.004408     0.0331     0.0017 0.0000e+00
        312     -0.144     3.9539   0.004407     0.0331     0.0017 0.0000e+00
        313     -0.141     3.9539   0.004403     0.0330     0.0017 0.0000e+00
        314     -0.134     3.9538   0.004402     0.0330     0.0017 0.0000e+00
        315     -0.128     3.9538   0.004402     0.0330     0.0017 0.0000e+00
        316     -0.126     3.9539   0.004403     0.0330     0.0017 0.0000e+00
        317     -0.127     3.9539   0.004405     0.0330     0.0017 0.0000e+00
        318     -0.129     3.9539   0.004408     0.0331     0.0017 0.0000e+00
        319     -0.129     3.9539   0.004408     0.0331     0.0017 0.0000e+00
        320     -0.129     3.9539   0.004403     0.0330     0.0017 0.0000e+00
        321     -0.129     3.9539   0.004400     0.0330     0.0016 0.0000e+00
        322     -0.128     3.9541   0.004401     0.0330     0.0016 0.0000e+00
        323     -0.127     3.9541   0.004404     0.0330     0.0017 0.0000e+00
        324     -0.128     3.9539   0.004405     0.0330     0.0017 0.0000e+00
        325     -0.129     3.9539   0.004406     0.0331     0.0017 0.0000e+00
        326     -0.130     3.9539   0.004405     0.0330     0.0017 0.0000e+00
        327     -0.130     3.9539   0.004405     0.0330     0.0017 0.0000e+00
        328     -0.130     3.9541   0.004406     0.0331     0.0017 0.0000e+00
        329     -0.128     3.9541   0.004404     0.0330     0.0017 0.0000e+00
        330     -0.126     3.9540   0.004401     0.0330     0.0016 0.0000e+00
        331     -0.126     3.9541   0.004403     0.0330     0.0017 0.0000e+00
        332     -0.127     3.9542   0.004406     0.0331     0.0017 0.0000e+00
        333     -0.128     3.9542   0.004409     0.0331     0.0017 0.0000e+00
        334     -0.128     3.9540   0.004408     0.0331     0.0017 0.0000e+00
        335     -0.125     3.9539   0.004403     0.0330     0.0017 0.0000e+00
        336     -0.123     3.9539   0.004398     0.0330     0.0016 0.0000e+00
        337     -0.123     3.9541   0.004400     0.0330     0.0016 0.0000e+00
        338     -0.123     3.9542   0.004410     0.0331     0.0017 0.0000e+00
        339     -0.124     3.9542   0.004415     0.0331     0.0017 0.0000e+00
        340     -0.126     3.9541   0.004411     0.0331     0.0017 0.0000e+00
        341     -0.126     3.9540   0.004403     0.0330     0.0017 0.0000e+00
        342     -0.125     3.9541   0.004398     0.0330     0.0016 0.0000e+00
        343     -0.126     3.9541   0.004398     0.0330     0.0016 0.0000e+00
        344     -0.128     3.9541   0.004402     0.0330     0.0017 0.0000e+00
        345     -0.130     3.9542   0.004404     0.0330     0.0017 0.0000e+00
        346     -0.130     3.9542   0.004406     0.0331     0.0017 0.0000e+00
        347     -0.132     3.9542   0.004408     0.0331     0.0017 0.0000e+00
        348     -0.134     3.9542   0.004406     0.0331     0.0017 0.0000e+00
        349     -0.133     3.9542   0.004400     0.0330     0.0016 0.0000e+00
        350     -0.130     3.9543   0.004398     0.0330     0.0016 0.0000e+00
        351     -0.127     3.9543   0.004399     0.0330     0.0016 0.0000e+00
        352     -0.127     3.9543   0.004405     0.0330     0.0017 0.0000e+00
        353     -0.130     3.9543   0.004408     0.0331     0.0017 0.0000e+00
        354     -0.134     3.9543   0.004405     0.0330     0.0017 0.0000e+00
        355     -0.138     3.9543   0.004402     0.0330     0.0017 0.0000e+00
        356     -0.139     3.9543   0.004402     0.0330     0.0017 0.0000e+00
        357     -0.137     3.9543   0.004404     0.0330     0.0017 0.0000e+00
        358     -0.134     3.9543   0.004405     0.0330     0.0017 0.0000e+00
        359     -0.133     3.9543   0.004403     0.0330     0.0017 0.0000e+00
        360     -0.131     3.9544   0.004401     0.0330     0.0016 0.0000e+00
        361     -0.131     3.9545   0.004401     0.0330     0.0016 0.0000e+00
        362     -0.133     3.9545   0.004401     0.0330     0.0016 0.0000e+00
        363     -0.135     3.9544   0.004400     0.0330     0.0016 0.0000e+00
        364     -0.135     3.9543   0.004402     0.0330     0.0017 0.0000e+00
        365     -0.136     3.9545   0.004405     0.0330     0.0017 0.0000e+00
        366     -0.136     3.9545   0.004404     0.0330     0.0017 0.0000e+00
        367     -0.134     3.9546   0.004401     0.0330     0.0016 0.0000e+00
        368     -0.130     3.9546   0.004399     0.0330     0.0016 0.0000e+00
        369     -0.128     3.9546   0.004401     0.0330     0.0016 0.0000e+00
        370     -0.129     3.9545   0.004403     0.0330     0.0017 0.0000e+00
        371     -0.129     3.9546   0.004408     0.0331     0.0017 0.0000e+00
        372     -0.128     3.9546   0.004409     0.0331     0.0017 0.0000e+00
        373     -0.128     3.9546   0.004406     0.0331     0.0017 0.0000e+00
        374     -0.128     3.9546   0.004402     0.0330     0.0017 0.0000e+00
        375     -0.129     3.9546   0.004400     0.0330     0.0016 0.0000e+00
        376     -0.131     3.9546   0.004405     0.0330     0.0017 0.0000e+00
        377     -0.133     3.9547   0.004411     0.0331     0.0017 0.0000e+00
        378     -0.133     3.9547   0.004413     0.0331     0.0017 0.0000e+00
        379     -0.134     3.9549   0.004411     0.0331     0.0017 0.0000e+00
        380     -0.136     3.9549   0.004404     0.0330     0.0017 0.0000e+00
        381     -0.138     3.9549   0.004399     0.0330     0.0016 0.0000e+00
        382     -0.137     3.9547   0.004400     0.0330     0.0016 0.0000e+00
        383     -0.135     3.9547   0.004405     0.0330     0.0017 0.0000e+00
        384     -0.132     3.9547   0.004409     0.0331     0.0017 0.0000e+00
        385     -0.132     3.9547   0.004408     0.0331     0.0017 0.0000e+00
        386     -0.134     3.9549   0.004405     0.0330     0.0017 0.0000e+00
        387     -0.134     3.9551   0.004402     0.0330     0.0017 0.0000e+00
        388     -0.133     3.9551   0.004403     0.0330     0.0017 0.0000e+00
        389     -0.134     3.9551   0.004407     0.0331     0.0017 0.0000e+00
        390     -0.134     3.9551   0.004411     0.0331     0.0017 0.0000e+00
        391     -0.135     3.9551   0.004411     0.0331     0.0017 0.0000e+00
        392     -0.136     3.9551   0.004409     0.0331     0.0017 0.0000e+00
        393     -0.137     3.9551   0.004403     0.0330     0.0017 0.0000e+00
        394     -0.137     3.9551   0.004398     0.0330     0.0016 0.0000e+00
        395     -0.136     3.9551   0.004398     0.0330     0.0016 0.0000e+00
        396     -0.135     3.9551   0.004405     0.0330     0.0017 0.0000e+00
        397     -0.135     3.9551   0.004413     0.0331     0.0017 0.0000e+00
        398     -0.136     3.9551   0.004416     0.0331     0.0017 0.0000e+00
        399     -0.136     3.9552   0.004413     0.0331     0.0017 0.0000e+00
        400     -0.135     3.9551   0.004406     0.0331     0.0017 0.0000e+00
        401     -0.134     3.9551   0.004399     0.0330     0.0016 0.0000e+00
        402     -0.135     3.9551   0.004397     0.0330     0.0016 0.0000e+00
        403     -0.137     3.9551   0.004403     0.0330     0.0017 0.0000e+00
        404     -0.138     3.9552   0.004413     0.0331     0.0017 0.0000e+00
        405     -0.142     3.9554   0.004421     0.0332     0.0018 0.0000e+00
        406     -0.145     3.9554   0.004418     0.0331     0.0018 0.0000e+00
        407     -0.142     3.9554   0.004409     0.0331     0.0017 0.0000e+00
        408     -0.139     3.9554   0.004405     0.0330     0.0017 0.0000e+00
        409     -0.139     3.9555   0.004411     0.0331     0.0017 0.0000e+00
        410     -0.137     3.9554   0.004419     0.0332     0.0018 0.0000e+00
