Datasets/Test_Dataset_39219_tow/originals/tel219_2021_068.cnv
* Sea-Bird SBE19plus Data File:
* Filename = C:/AQUIRE/tel219_2021_068.hex
* Software Version AquireV2 AF V2.0
* Temperature SN =  4020
* Conductivity SN =  4020
* System UpLoad Time = May 15 2021 06:39:57
** VESSEL/TRIP/SEQ STN: tel219_2021_068
** LATITUDE: 46 02.10 N
** LONGITUDE: 54 42.20 W
** DATE/TIME: 2021-05-15 05:59
** SOUNDING DEPTH (M): 0083
** PROBE TYPE: S4020
** CTD NUMBER:  68
** FORMAT: T
** COMMENTS: 
# nquan = 7                                 
# nvalues = 2488                        
# units = specified
# name 0 = scan: Scan Count
# name 1 = prdM: Pressure, Strain Gauge [db]
# name 2 = tv290C: Temperature [ITS-90, deg C]
# name 3 = c0S/m: Conductivity [S/m]
# name 4 = sal00: Salinity, Practical [PSU]
# name 5 = sigma-t00: Density [sigma-t, kg/m^3 ]
# name 6 = flag: flag
# span 0 =          1,       2488       
# span 1 =     -0.102,     82.641       
# span 2 =     0.4633,     4.7843       
# span 3 =   0.015682,   2.992425       
# span 4 =     0.1196,    32.6429       
# span 5 =     0.0661,    26.1780       
# span 6 = 0.0000e+00, 0.0000e+00       
# interval = seconds: 1
# start_time = May 15 2021 05:59:42 [Instrument's time stamp, header]
# bad_flag = -9.990e-29
*END*
[from data line 1847]
       1848     29.199     3.1666   2.958450    32.2872    25.7056 0.0000e+00
       1849     28.824     3.1418   2.957315    32.2985    25.7168 0.0000e+00
       1850     28.472     3.1311   2.957384    32.3103    25.7271 0.0000e+00
       1851     28.163     3.1360   2.958270    32.3162    25.7314 0.0000e+00
       1852     27.918     3.1464   2.959173    32.3168    25.7310 0.0000e+00
       1853     27.727     3.1531   2.959654    32.3160    25.7298 0.0000e+00
       1854     27.579     3.1567   2.959797    32.3142    25.7280 0.0000e+00
       1855     27.457     3.1589   2.959001    32.3025    25.7185 0.0000e+00
       1856     27.339     3.1532   2.957443    32.2894    25.7086 0.0000e+00
       1857     27.229     3.1368   2.956543    32.2951    25.7145 0.0000e+00
       1858     27.146     3.1212   2.956810    32.3139    25.7309 0.0000e+00
       1859     27.089     3.1170   2.957343    32.3246    25.7398 0.0000e+00
       1860     27.045     3.1189   2.957112    32.3199    25.7359 0.0000e+00
       1861     26.998     3.1170   2.955926    32.3076    25.7262 0.0000e+00
       1862     26.933     3.1129   2.954685    32.2967    25.7179 0.0000e+00
       1863     26.854     3.1102   2.953980    32.2909    25.7135 0.0000e+00
       1864     26.778     3.1044   2.953798    32.2946    25.7169 0.0000e+00
       1865     26.708     3.0944   2.954211    32.3096    25.7298 0.0000e+00
       1866     26.637     3.0863   2.954730    32.3241    25.7420 0.0000e+00
       1867     26.550     3.0820   2.954705    32.3281    25.7456 0.0000e+00
       1868     26.438     3.0777   2.954406    32.3289    25.7466 0.0000e+00
       1869     26.310     3.0740   2.955037    32.3403    25.7560 0.0000e+00
       1870     26.186     3.0785   2.956796    32.3571    25.7690 0.0000e+00
       1871     26.069     3.0927   2.957867    32.3559    25.7668 0.0000e+00
       1872     25.949     3.1039   2.957115    32.3356    25.7497 0.0000e+00
       1873     25.826     3.1032   2.955689    32.3191    25.7366 0.0000e+00
       1874     25.708     3.0968   2.955397    32.3221    25.7395 0.0000e+00
       1875     25.605     3.0968   2.956660    32.3374    25.7517 0.0000e+00
       1876     25.519     3.1122   2.958307    32.3419    25.7540 0.0000e+00
       1877     25.436     3.1330   2.958640    32.3251    25.7388 0.0000e+00
       1878     25.343     3.1420   2.957859    32.3067    25.7234 0.0000e+00
       1879     25.245     3.1434   2.958187    32.3093    25.7253 0.0000e+00
       1880     25.153     3.1509   2.959789    32.3212    25.7341 0.0000e+00
       1881     25.069     3.1625   2.960916    32.3232    25.7347 0.0000e+00
       1882     24.981     3.1708   2.960607    32.3112    25.7244 0.0000e+00
       1883     24.870     3.1764   2.959379    32.2909    25.7077 0.0000e+00
       1884     24.731     3.1795   2.958660    32.2792    25.6981 0.0000e+00
       1885     24.584     3.1777   2.958793    32.2827    25.7011 0.0000e+00
       1886     24.436     3.1712   2.959159    32.2937    25.7104 0.0000e+00
       1887     24.287     3.1645   2.959403    32.3034    25.7187 0.0000e+00
       1888     24.143     3.1637   2.959181    32.3016    25.7174 0.0000e+00
       1889     24.007     3.1746   2.958898    32.2873    25.7051 0.0000e+00
       1890     23.868     3.1986   2.959941    32.2760    25.6939 0.0000e+00
       1891     23.721     3.2283   2.962111    32.2725    25.6885 0.0000e+00
       1892     23.569     3.2537   2.963886    32.2686    25.6832 0.0000e+00
       1893     23.415     3.2694   2.964739    32.2633    25.6775 0.0000e+00
       1894     23.256     3.2756   2.964917    32.2593    25.6738 0.0000e+00
       1895     23.096     3.2759   2.964763    32.2573    25.6722 0.0000e+00
       1896     22.939     3.2733   2.964603    32.2580    25.6730 0.0000e+00
       1897     22.780     3.2702   2.964543    32.2605    25.6752 0.0000e+00
       1898     22.618     3.2690   2.964615    32.2626    25.6770 0.0000e+00
       1899     22.457     3.2710   2.964881    32.2639    25.6779 0.0000e+00
       1900     22.293     3.2744   2.965110    32.2633    25.6772 0.0000e+00
       1901     22.118     3.2766   2.965082    32.2609    25.6750 0.0000e+00
       1902     21.934     3.2782   2.964977    32.2581    25.6727 0.0000e+00
       1903     21.752     3.2819   2.965222    32.2575    25.6718 0.0000e+00
       1904     21.579     3.2908   2.966056    32.2587    25.6720 0.0000e+00
       1905     21.408     3.3038   2.967247    32.2602    25.6720 0.0000e+00
       1906     21.229     3.3147   2.968143    32.2602    25.6710 0.0000e+00
       1907     21.028     3.3194   2.968345    32.2580    25.6689 0.0000e+00
       1908     20.786     3.3197   2.968349    32.2579    25.6688 0.0000e+00
       1909     20.499     3.3187   2.968527    32.2612    25.6715 0.0000e+00
       1910     20.210     3.3182   2.968619    32.2629    25.6729 0.0000e+00
       1911     19.959     3.3186   2.968635    32.2628    25.6728 0.0000e+00
       1912     19.721     3.3196   2.968658    32.2622    25.6723 0.0000e+00
       1913     19.452     3.3207   2.968680    32.2616    25.6716 0.0000e+00
       1914     19.146     3.3219   2.968743    32.2613    25.6713 0.0000e+00
       1915     18.817     3.3232   2.968805    32.2609    25.6709 0.0000e+00
       1916     18.477     3.3251   2.968901    32.2603    25.6703 0.0000e+00
       1917     18.132     3.3275   2.969086    32.2603    25.6700 0.0000e+00
       1918     17.780     3.3319   2.969435    32.2603    25.6696 0.0000e+00
       1919     17.420     3.3407   2.970137    32.2602    25.6687 0.0000e+00
       1920     17.056     3.3537   2.971127    32.2593    25.6669 0.0000e+00
       1921     16.701     3.3621   2.971510    32.2557    25.6633 0.0000e+00
       1922     16.369     3.3599   2.971308    32.2556    25.6634 0.0000e+00
       1923     16.056     3.3560   2.971386    32.2606    25.6677 0.0000e+00
       1924     15.762     3.3575   2.971269    32.2579    25.6654 0.0000e+00
       1925     15.493     3.3595   2.970738    32.2497    25.6587 0.0000e+00
       1926     15.240     3.3574   2.970325    32.2469    25.6567 0.0000e+00
       1927     14.977     3.3539   2.970146    32.2484    25.6582 0.0000e+00
       1928     14.684     3.3575   2.970697    32.2516    25.6604 0.0000e+00
       1929     14.341     3.3701   2.972198    32.2572    25.6638 0.0000e+00
       1930     13.937     3.3827   2.973521    32.2607    25.6654 0.0000e+00
       1931     13.509     3.3887   2.973975    32.2604    25.6646 0.0000e+00
       1932     13.123     3.3895   2.973962    32.2597    25.6640 0.0000e+00
       1933     12.795     3.3892   2.973635    32.2562    25.6613 0.0000e+00
       1934     12.470     3.3880   2.973105    32.2513    25.6574 0.0000e+00
       1935     12.101     3.3830   2.972691    32.2515    25.6580 0.0000e+00
       1936     11.677     3.3753   2.972403    32.2559    25.6622 0.0000e+00
       1937     11.192     3.3697   2.972096    32.2580    25.6644 0.0000e+00
       1938     10.658     3.3682   2.971969    32.2583    25.6648 0.0000e+00
       1939     10.117     3.3708   2.972514    32.2625    25.6679 0.0000e+00
       1940      9.609     3.3767   2.973126    32.2643    25.6688 0.0000e+00
       1941      9.146     3.3826   2.972961    32.2566    25.6622 0.0000e+00
       1942      8.742     3.3869   2.973010    32.2532    25.6590 0.0000e+00
       1943      8.424     3.3909   2.973698    32.2576    25.6622 0.0000e+00
       1944      8.201     3.3940   2.974165    32.2602    25.6640 0.0000e+00
       1945      8.061     3.3955   2.974280    32.2602    25.6638 0.0000e+00
       1946      7.978     3.3962   2.974334    32.2602    25.6638 0.0000e+00
       1947      7.932     3.3966   2.974409    32.2607    25.6641 0.0000e+00
       1948      7.914     3.3968   2.974411    32.2605    25.6640 0.0000e+00
       1949      7.917     3.3970   2.974344    32.2595    25.6632 0.0000e+00
       1950      7.923     3.3970   2.974313    32.2592    25.6629 0.0000e+00
       1951      7.908     3.3968   2.974338    32.2597    25.6633 0.0000e+00
       1952      7.862     3.3966   2.974420    32.2609    25.6643 0.0000e+00
       1953      7.794     3.3964   2.974497    32.2620    25.6652 0.0000e+00
       1954      7.717     3.3964   2.974532    32.2625    25.6656 0.0000e+00
       1955      7.625     3.3962   2.974531    32.2627    25.6658 0.0000e+00
       1956      7.509     3.3944   2.974323    32.2621    25.6654 0.0000e+00
       1957      7.390     3.3906   2.974063    32.2628    25.6664 0.0000e+00
       1958      7.300     3.3874   2.974135    32.2669    25.6699 0.0000e+00
       1959      7.241     3.3873   2.974306    32.2691    25.6717 0.0000e+00
       1960      7.184     3.3887   2.974315    32.2678    25.6705 0.0000e+00
       1961      7.081     3.3905   2.974327    32.2662    25.6691 0.0000e+00
       1962      6.950     3.3926   2.974401    32.2651    25.6680 0.0000e+00
       1963      6.911     3.3940   2.974428    32.2640    25.6670 0.0000e+00
       1964      6.995     3.3937   2.974357    32.2635    25.6666 0.0000e+00
       1965      7.085     3.3926   2.974221    32.2629    25.6662 0.0000e+00
       1966      7.086     3.3924   2.974177    32.2625    25.6660 0.0000e+00
       1967      7.009     3.3937   2.974300    32.2628    25.6660 0.0000e+00
       1968      6.915     3.3951   2.974478    32.2636    25.6666 0.0000e+00
       1969      6.830     3.3959   2.974621    32.2645    25.6672 0.0000e+00
       1970      6.735     3.3964   2.974696    32.2650    25.6676 0.0000e+00
       1971      6.616     3.3966   2.974725    32.2652    25.6677 0.0000e+00
       1972      6.486     3.3964   2.974740    32.2656    25.6681 0.0000e+00
       1973      6.369     3.3964   2.974742    32.2657    25.6682 0.0000e+00
       1974      6.264     3.3966   2.974730    32.2654    25.6679 0.0000e+00
       1975      6.093     3.3967   2.974733    32.2654    25.6679 0.0000e+00
       1976      5.785     3.3968   2.974757    32.2658    25.6682 0.0000e+00
       1977      5.375     3.3971   2.974760    32.2657    25.6681 0.0000e+00
       1978      4.956     3.3972   2.974697    32.2651    25.6676 0.0000e+00
       1979      4.620     3.3971   2.974587    32.2641    25.6668 0.0000e+00
       1980      4.396     3.3967   2.974517    32.2637    25.6666 0.0000e+00
       1981      4.235     3.3959   2.974505    32.2645    25.6672 0.0000e+00
       1982      4.077     3.3950   2.974480    32.2652    25.6678 0.0000e+00
       1983      3.902     3.3947   2.974454    32.2652    25.6679 0.0000e+00
       1984      3.736     3.3951   2.974471    32.2651    25.6678 0.0000e+00
       1985      3.607     3.3956   2.974530    32.2654    25.6680 0.0000e+00
       1986      3.503     3.3960   2.974590    32.2658    25.6682 0.0000e+00
       1987      3.384     3.3963   2.974610    32.2658    25.6682 0.0000e+00
       1988      3.235     3.3963   2.974595    32.2657    25.6681 0.0000e+00
       1989      3.071     3.3962   2.974568    32.2655    25.6680 0.0000e+00
       1990      2.907     3.3964   2.974567    32.2654    25.6679 0.0000e+00
       1991      2.765     3.3967   2.974588    32.2655    25.6679 0.0000e+00
       1992      2.670     3.3967   2.974602    32.2657    25.6681 0.0000e+00
       1993      2.602     3.3964   2.974578    32.2657    25.6682 0.0000e+00
       1994      2.492     3.3959   2.974544    32.2659    25.6683 0.0000e+00
       1995      2.308     3.3961   2.974565    32.2660    25.6684 0.0000e+00
       1996      2.098     3.3967   2.974593    32.2659    25.6682 0.0000e+00
       1997      1.933     3.3973   2.974608    32.2655    25.6679 0.0000e+00
       1998      1.821     3.3979   2.974651    32.2655    25.6679 0.0000e+00
       1999      1.715     3.3985   2.974700    32.2656    25.6678 0.0000e+00
       2000      1.581     3.3987   2.974722    32.2657    25.6679 0.0000e+00
       2001      1.457     3.3987   2.974705    32.2655    25.6678 0.0000e+00
       2002      1.398     3.3985   2.974647    32.2651    25.6675 0.0000e+00
       2003      1.380     3.3979   2.974576    32.2648    25.6673 0.0000e+00
       2004      1.356     3.3970   2.974528    32.2652    25.6677 0.0000e+00
       2005      1.342     3.3963   2.974490    32.2654    25.6679 0.0000e+00
       2006      1.357     3.3959   2.974459    32.2654    25.6680 0.0000e+00
       2007      1.373     3.3955   2.974440    32.2656    25.6681 0.0000e+00
       2008      1.344     3.3950   2.974412    32.2658    25.6683 0.0000e+00
       2009      1.269     3.3946   2.974376    32.2658    25.6684 0.0000e+00
       2010      1.183     3.3944   2.974353    32.2658    25.6684 0.0000e+00
       2011      1.113     3.3942   2.974335    32.2658    25.6684 0.0000e+00
       2012      1.060     3.3939   2.974311    32.2658    25.6685 0.0000e+00
       2013      1.004     3.3936   2.974282    32.2658    25.6685 0.0000e+00
       2014      0.949     3.3933   2.974259    32.2658    25.6685 0.0000e+00
       2015      0.920     3.3935   2.974258    32.2657    25.6684 0.0000e+00
       2016      0.903     3.3937   2.974281    32.2657    25.6684 0.0000e+00
       2017      0.870     3.3940   2.974287    32.2655    25.6682 0.0000e+00
       2018      0.839     3.3941   2.974270    32.2652    25.6680 0.0000e+00
       2019      0.832     3.3943   2.974275    32.2651    25.6679 0.0000e+00
       2020      0.818     3.3949   2.974112    32.2626    25.6658 0.0000e+00
       2021      0.786     3.3958   2.973959    32.2598    25.6635 0.0000e+00
       2022      0.768     3.3964   2.974175    32.2618    25.6651 0.0000e+00
       2023      0.776     3.3966   2.974355    32.2638    25.6666 0.0000e+00
       2024      0.783     3.3966   2.974328    32.2635    25.6664 0.0000e+00
       2025      0.742     3.3964   2.974297    32.2633    25.6663 0.0000e+00
       2026      0.656     3.3965   2.974287    32.2632    25.6661 0.0000e+00
       2027      0.569     3.3967   2.974290    32.2630    25.6660 0.0000e+00
       2028      0.496     3.3967   2.974290    32.2631    25.6660 0.0000e+00
       2029      0.442     3.3968   2.974318    32.2633    25.6662 0.0000e+00
       2030      0.415     3.3969   2.974339    32.2635    25.6663 0.0000e+00
       2031      0.405     3.3971   2.974325    32.2631    25.6660 0.0000e+00
       2032      0.399     3.3971   2.974288    32.2627    25.6657 0.0000e+00
       2033      0.408     3.3970   2.974165    32.2613    25.6646 0.0000e+00
       2034      0.443     3.3968   2.973978    32.2593    25.6630 0.0000e+00
       2035      0.472     3.3968   2.973684    32.2557    25.6602 0.0000e+00
       2036      0.472     3.3971   2.973535    32.2536    25.6585 0.0000e+00
       2037      0.454     3.3974   2.973819    32.2568    25.6609 0.0000e+00
       2038      0.436     3.3976   2.974061    32.2595    25.6631 0.0000e+00
       2039      0.424     3.3978   2.974048    32.2591    25.6628 0.0000e+00
       2040      0.415     3.3977   2.973822    32.2565    25.6607 0.0000e+00
       2041      0.414     3.3973   2.973594    32.2542    25.6589 0.0000e+00
       2042      0.416     3.3968   2.973638    32.2552    25.6597 0.0000e+00
       2043      0.406     3.3963   2.973718    32.2567    25.6610 0.0000e+00
       2044      0.385     3.3954   2.973824    32.2588    25.6628 0.0000e+00
       2045      0.362     3.3945   2.933903    31.7818    25.2828 0.0000e+00
       2046      0.339     3.3940   2.506388    26.7234    21.2566 0.0000e+00
       2047      0.331     3.3937   1.867389    19.3717    15.4127 0.0000e+00
       2048      0.333     3.3936   1.563045    15.9650    12.7060 0.0000e+00
       2049      0.329     3.3936   1.226609    12.2788     9.7766 0.0000e+00
       2050      0.335     3.3935   1.363616    13.7692    10.9612 0.0000e+00
       2051      0.364     3.3936   2.359061    25.0059    19.8908 0.0000e+00
