Datasets/Test_Dataset_39219_tow/originals/tel219_2021_056.cnv
* Sea-Bird SBE19plus Data File:
* Filename = C:/AQUIRE/tel219_2021_056.hex
* Software Version AquireV2 AF V2.0
* Temperature SN =  4020
* Conductivity SN =  4020
* System UpLoad Time = May 14 2021 00:39:39
** VESSEL/TRIP/SEQ STN: tel219_2021_056
** LATITUDE: 45 09.48 N
** LONGITUDE: 55 00.06 W
** DATE/TIME: 2021-05-13 23:47
** SOUNDING DEPTH (M): 0147
** PROBE TYPE: S4020
** CTD NUMBER:  56
** FORMAT: t
** COMMENTS: 
# nquan = 7                                 
# nvalues = 3023                        
# units = specified
# name 0 = scan: Scan Count
# name 1 = prdM: Pressure, Strain Gauge [db]
# name 2 = tv290C: Temperature [ITS-90, deg C]
# name 3 = c0S/m: Conductivity [S/m]
# name 4 = sal00: Salinity, Practical [PSU]
# name 5 = sigma-t00: Density [sigma-t, kg/m^3 ]
# name 6 = flag: flag
# span 0 =          1,       3023       
# span 1 =     -0.072,    144.048       
# span 2 =     0.3589,     4.2244       
# span 3 =   0.013834,   3.113967       
# span 4 =     0.1068,    33.6242       
# span 5 =     0.0609,    26.7713       
# span 6 = 0.0000e+00, 0.0000e+00       
# interval = seconds: 1
# start_time = May 13 2021 23:47:00 [Instrument's time stamp, header]
# bad_flag = -9.990e-29
*END*
[from data line 206]
        207     -0.061     4.1362   0.022988     0.1808     0.1206 0.0000e+00
        208     -0.060     4.1366   0.022708     0.1786     0.1188 0.0000e+00
        209     -0.061     4.1372   0.022433     0.1763     0.1170 0.0000e+00
        210     -0.061     4.1378   0.022239     0.1747     0.1157 0.0000e+00
        211     -0.060     4.1382   0.022131     0.1739     0.1150 0.0000e+00
        212     -0.059     4.1387   0.022021     0.1730     0.1143 0.0000e+00
        213     -0.060     4.1395   0.021833     0.1714     0.1130 0.0000e+00
        214     -0.061     4.1402   0.021598     0.1695     0.1115 0.0000e+00
        215     -0.060     4.1406   0.021392     0.1678     0.1101 0.0000e+00
        216     -0.058     4.1410   0.021238     0.1666     0.1091 0.0000e+00
        217     -0.058     4.1410   0.021127     0.1657     0.1084 0.0000e+00
        218     -0.062     4.1408   0.021028     0.1649     0.1078 0.0000e+00
        219     -0.066     4.1406   0.020929     0.1641     0.1071 0.0000e+00
        220     -0.067     4.1406   0.020837     0.1633     0.1065 0.0000e+00
        221     -0.067     4.1404   0.020739     0.1625     0.1059 0.0000e+00
        222     -0.066     4.1400   0.020658     0.1619     0.1053 0.0000e+00
        223     -0.065     4.1391   0.020614     0.1615     0.1051 0.0000e+00
        224     -0.064     4.1387   0.020563     0.1611     0.1047 0.0000e+00
        225     -0.063     4.1387   0.020481     0.1604     0.1042 0.0000e+00
        226     -0.062     4.1388   0.020394     0.1597     0.1036 0.0000e+00
        227     -0.060     4.1390   0.020307     0.1590     0.1031 0.0000e+00
        228     -0.060     4.1392   0.020230     0.1584     0.1026 0.0000e+00
        229     -0.063     4.1394   0.020179     0.1580     0.1022 0.0000e+00
        230     -0.065     4.1397   0.020136     0.1576     0.1019 0.0000e+00
        231     -0.066     4.1399   0.020078     0.1572     0.1016 0.0000e+00
        232     -0.066     4.1395   0.020017     0.1567     0.1012 0.0000e+00
        233     -0.064     4.1389   0.019966     0.1563     0.1008 0.0000e+00
        234     -0.067     4.1387   0.019912     0.1558     0.1005 0.0000e+00
        235     -0.072     4.1388   0.019858     0.1554     0.1001 0.0000e+00
        236     -0.071     4.1392   0.019803     0.1549     0.0998 0.0000e+00
        237     -0.067     4.1394   0.019737     0.1544     0.0993 0.0000e+00
        238     -0.064     4.1396   0.019672     0.1539     0.0989 0.0000e+00
        239     -0.060     4.1399   0.019624     0.1535     0.0986 0.0000e+00
        240     -0.054     4.1400   0.019595     0.1533     0.0984 0.0000e+00
        241     -0.052     4.1402   0.019573     0.1531     0.0983 0.0000e+00
        242     -0.054     4.1403   0.019547     0.1529     0.0981 0.0000e+00
        243     -0.058     4.1403   0.019529     0.1527     0.0980 0.0000e+00
        244     -0.059     4.1403   0.019513     0.1526     0.0979 0.0000e+00
        245     -0.060     4.1406   0.019473     0.1523     0.0976 0.0000e+00
        246     -0.061     4.1414   0.019393     0.1516     0.0971 0.0000e+00
        247     -0.060     4.1422   0.019281     0.1507     0.0963 0.0000e+00
        248     -0.059     4.1427   0.019163     0.1497     0.0956 0.0000e+00
        249     -0.060     4.1430   0.019066     0.1490     0.0949 0.0000e+00
        250     -0.060     4.1432   0.018985     0.1483     0.0944 0.0000e+00
        251     -0.056     4.1434   0.018899     0.1476     0.0938 0.0000e+00
        252     -0.054     4.1436   0.018811     0.1469     0.0933 0.0000e+00
        253     -0.053     4.1437   0.018737     0.1463     0.0928 0.0000e+00
        254     -0.052     4.1437   0.018696     0.1460     0.0925 0.0000e+00
        255     -0.052     4.1438   0.018678     0.1458     0.0924 0.0000e+00
        256     -0.056     4.1439   0.018650     0.1456     0.0922 0.0000e+00
        257     -0.061     4.1440   0.018603     0.1452     0.0919 0.0000e+00
        258     -0.066     4.1440   0.018541     0.1447     0.0915 0.0000e+00
        259     -0.065     4.1440   0.018484     0.1443     0.0911 0.0000e+00
        260     -0.062     4.1440   0.018450     0.1440     0.0909 0.0000e+00
        261     -0.064     4.1440   0.018417     0.1437     0.0907 0.0000e+00
        262     -0.066     4.1441   0.018363     0.1433     0.0904 0.0000e+00
        263     -0.063     4.1441   0.018293     0.1427     0.0899 0.0000e+00
        264     -0.060     4.1442   0.018248     0.1423     0.0896 0.0000e+00
        265     -0.060     4.1444   0.018238     0.1423     0.0895 0.0000e+00
        266     -0.061     4.1445   0.018227     0.1422     0.0895 0.0000e+00
        267     -0.064     4.1445   0.018188     0.1419     0.0892 0.0000e+00
        268     -0.066     4.1445   0.018132     0.1414     0.0888 0.0000e+00
        269     -0.062     4.1444   0.018098     0.1411     0.0886 0.0000e+00
        270     -0.059     4.1443   0.018094     0.1411     0.0886 0.0000e+00
        271     -0.058     4.1445   0.018084     0.1410     0.0885 0.0000e+00
        272     -0.058     4.1448   0.018040     0.1407     0.0882 0.0000e+00
        273     -0.060     4.1448   0.017973     0.1401     0.0878 0.0000e+00
        274     -0.061     4.1450   0.017897     0.1395     0.0873 0.0000e+00
        275     -0.061     4.1453   0.017827     0.1389     0.0869 0.0000e+00
        276     -0.064     4.1456   0.017777     0.1385     0.0865 0.0000e+00
        277     -0.064     4.1456   0.017740     0.1382     0.0863 0.0000e+00
        278     -0.059     4.1455   0.017711     0.1380     0.0861 0.0000e+00
        279     -0.054     4.1450   0.017691     0.1379     0.0860 0.0000e+00
        280     -0.053     4.1446   0.017671     0.1377     0.0858 0.0000e+00
        281     -0.055     4.1444   0.017642     0.1375     0.0857 0.0000e+00
        282     -0.057     4.1445   0.017606     0.1372     0.0854 0.0000e+00
        283     -0.059     4.1447   0.017572     0.1369     0.0852 0.0000e+00
        284     -0.062     4.1448   0.017540     0.1366     0.0850 0.0000e+00
        285     -0.064     4.1448   0.017501     0.1363     0.0847 0.0000e+00
        286     -0.064     4.1450   0.017454     0.1359     0.0844 0.0000e+00
        287     -0.063     4.1454   0.017400     0.1355     0.0841 0.0000e+00
        288     -0.062     4.1458   0.017349     0.1351     0.0837 0.0000e+00
        289     -0.062     4.1461   0.017309     0.1348     0.0835 0.0000e+00
        290     -0.062     4.1460   0.017274     0.1345     0.0833 0.0000e+00
        291     -0.062     4.1459   0.017225     0.1341     0.0829 0.0000e+00
        292     -0.062     4.1464   0.017160     0.1336     0.0825 0.0000e+00
        293     -0.064     4.1469   0.017081     0.1329     0.0820 0.0000e+00
        294     -0.065     4.1472   0.016995     0.1322     0.0814 0.0000e+00
        295     -0.063     4.1474   0.016918     0.1316     0.0809 0.0000e+00
        296     -0.060     4.1475   0.016853     0.1311     0.0805 0.0000e+00
        297     -0.059     4.1475   0.016798     0.1307     0.0802 0.0000e+00
        298     -0.056     4.1476   0.016755     0.1303     0.0799 0.0000e+00
        299     -0.056     4.1478   0.016719     0.1300     0.0796 0.0000e+00
        300     -0.061     4.1481   0.016671     0.1296     0.0793 0.0000e+00
        301     -0.065     4.1486   0.016611     0.1291     0.0789 0.0000e+00
        302     -0.065     4.1488   0.016558     0.1287     0.0786 0.0000e+00
        303     -0.062     4.1490   0.016524     0.1284     0.0784 0.0000e+00
        304     -0.060     4.1490   0.016491     0.1282     0.0782 0.0000e+00
        305     -0.060     4.1493   0.016450     0.1278     0.0779 0.0000e+00
        306     -0.061     4.1495   0.016393     0.1274     0.0775 0.0000e+00
        307     -0.061     4.1499   0.016324     0.1268     0.0771 0.0000e+00
        308     -0.060     4.1502   0.016255     0.1263     0.0766 0.0000e+00
        309     -0.058     4.1507   0.016192     0.1258     0.0762 0.0000e+00
        310     -0.058     4.1511   0.016128     0.1253     0.0758 0.0000e+00
        311     -0.061     4.1514   0.016064     0.1247     0.0754 0.0000e+00
        312     -0.062     4.1516   0.016005     0.1243     0.0750 0.0000e+00
        313     -0.061     4.1516   0.015959     0.1239     0.0747 0.0000e+00
        314     -0.063     4.1516   0.015930     0.1237     0.0745 0.0000e+00
        315     -0.067     4.1515   0.015910     0.1235     0.0744 0.0000e+00
        316     -0.070     4.1515   0.015890     0.1233     0.0743 0.0000e+00
        317     -0.070     4.1516   0.015868     0.1232     0.0741 0.0000e+00
        318     -0.067     4.1517   0.015844     0.1230     0.0740 0.0000e+00
        319     -0.064     4.1517   0.015819     0.1228     0.0738 0.0000e+00
        320     -0.059     4.1518   0.015789     0.1225     0.0736 0.0000e+00
        321     -0.057     4.1520   0.015762     0.1223     0.0734 0.0000e+00
        322     -0.059     4.1521   0.015744     0.1222     0.0733 0.0000e+00
        323     -0.060     4.1522   0.015738     0.1221     0.0733 0.0000e+00
        324     -0.063     4.1524   0.015732     0.1221     0.0732 0.0000e+00
        325     -0.068     4.1525   0.015717     0.1219     0.0731 0.0000e+00
        326     -0.068     4.1526   0.015688     0.1217     0.0729 0.0000e+00
        327     -0.065     4.1528   0.015652     0.1214     0.0727 0.0000e+00
        328     -0.063     4.1529   0.015634     0.1213     0.0726 0.0000e+00
        329     -0.062     4.1531   0.015652     0.1214     0.0727 0.0000e+00
        330     -0.063     4.1534   0.015696     0.1218     0.0730 0.0000e+00
        331     -0.065     4.1538   0.015731     0.1221     0.0732 0.0000e+00
        332     -0.064     4.1540   0.015741     0.1221     0.0733 0.0000e+00
        333     -0.062     4.1541   0.015733     0.1221     0.0732 0.0000e+00
        334     -0.062     4.1543   0.015736     0.1221     0.0732 0.0000e+00
        335     -0.063     4.1544   0.015752     0.1222     0.0733 0.0000e+00
        336     -0.062     4.1546   0.015759     0.1223     0.0734 0.0000e+00
        337     -0.061     4.1547   0.015755     0.1222     0.0734 0.0000e+00
        338     -0.061     4.1549   0.015751     0.1222     0.0733 0.0000e+00
        339     -0.063     4.1552   0.015743     0.1221     0.0733 0.0000e+00
        340     -0.067     4.1554   0.015728     0.1220     0.0732 0.0000e+00
        341     -0.069     4.1556   0.015724     0.1220     0.0732 0.0000e+00
        342     -0.067     4.1560   0.015747     0.1222     0.0733 0.0000e+00
        343     -0.066     4.1563   0.015784     0.1225     0.0735 0.0000e+00
        344     -0.066     4.1564   0.015813     0.1227     0.0737 0.0000e+00
        345     -0.066     4.1566   0.015822     0.1228     0.0738 0.0000e+00
        346     -0.068     4.1568   0.015817     0.1227     0.0738 0.0000e+00
        347     -0.069     4.1570   0.015819     0.1228     0.0738 0.0000e+00
        348     -0.066     4.1572   0.015838     0.1229     0.0739 0.0000e+00
        349     -0.066     4.1575   0.015871     0.1232     0.0741 0.0000e+00
        350     -0.067     4.1578   0.015905     0.1234     0.0743 0.0000e+00
        351     -0.062     4.1581   0.015926     0.1236     0.0745 0.0000e+00
        352     -0.056     4.1585   0.015932     0.1237     0.0745 0.0000e+00
        353     -0.056     4.1587   0.015945     0.1238     0.0746 0.0000e+00
        354     -0.060     4.1589   0.015970     0.1240     0.0747 0.0000e+00
        355     -0.064     4.1591   0.015984     0.1241     0.0748 0.0000e+00
        356     -0.066     4.1593   0.015967     0.1239     0.0747 0.0000e+00
        357     -0.063     4.1595   0.015931     0.1236     0.0745 0.0000e+00
        358     -0.059     4.1597   0.015910     0.1235     0.0743 0.0000e+00
        359     -0.059     4.1599   0.015924     0.1236     0.0744 0.0000e+00
        360     -0.063     4.1601   0.015969     0.1239     0.0747 0.0000e+00
        361     -0.067     4.1603   0.016018     0.1243     0.0750 0.0000e+00
        362     -0.068     4.1606   0.016038     0.1245     0.0752 0.0000e+00
        363     -0.068     4.1608   0.016020     0.1244     0.0750 0.0000e+00
        364     -0.069     4.1611   0.015988     0.1241     0.0748 0.0000e+00
        365     -0.070     4.1614   0.015966     0.1239     0.0747 0.0000e+00
        366     -0.069     4.1616   0.015969     0.1239     0.0747 0.0000e+00
        367     -0.065     4.1617   0.015990     0.1241     0.0748 0.0000e+00
        368     -0.062     4.1620   0.016005     0.1242     0.0749 0.0000e+00
        369     -0.062     4.1623   0.015993     0.1241     0.0749 0.0000e+00
        370     -0.061     4.1626   0.015967     0.1239     0.0747 0.0000e+00
        371     -0.059     4.1629   0.015937     0.1237     0.0745 0.0000e+00
        372     -0.057     4.1631   0.015907     0.1234     0.0743 0.0000e+00
        373     -0.057     4.1632   0.015880     0.1232     0.0741 0.0000e+00
        374     -0.058     4.1634   0.015855     0.1230     0.0740 0.0000e+00
        375     -0.060     4.1637   0.015837     0.1229     0.0738 0.0000e+00
        376     -0.064     4.1639   0.015839     0.1229     0.0739 0.0000e+00
        377     -0.067     4.1643   0.015872     0.1232     0.0741 0.0000e+00
        378     -0.067     4.1647   0.015926     0.1236     0.0744 0.0000e+00
        379     -0.067     4.1651   0.015956     0.1238     0.0746 0.0000e+00
        380     -0.067     4.1654   0.015940     0.1237     0.0745 0.0000e+00
        381     -0.067     4.1656   0.015905     0.1234     0.0743 0.0000e+00
        382     -0.065     4.1659   0.015880     0.1232     0.0741 0.0000e+00
        383     -0.064     4.1661   0.015874     0.1232     0.0741 0.0000e+00
        384     -0.062     4.1664   0.015877     0.1232     0.0741 0.0000e+00
        385     -0.059     4.1668   0.015877     0.1232     0.0741 0.0000e+00
        386     -0.058     4.1670   0.015862     0.1231     0.0740 0.0000e+00
        387     -0.059     4.1673   0.015828     0.1228     0.0738 0.0000e+00
        388     -0.058     4.1675   0.015783     0.1224     0.0735 0.0000e+00
        389     -0.056     4.1677   0.015733     0.1220     0.0731 0.0000e+00
        390     -0.055     4.1679   0.015686     0.1216     0.0728 0.0000e+00
        391     -0.057     4.1682   0.015651     0.1214     0.0726 0.0000e+00
        392     -0.059     4.1684   0.015625     0.1212     0.0724 0.0000e+00
        393     -0.060     4.1686   0.015602     0.1210     0.0723 0.0000e+00
        394     -0.061     4.1690   0.015577     0.1208     0.0721 0.0000e+00
        395     -0.064     4.1692   0.015552     0.1206     0.0720 0.0000e+00
        396     -0.064     4.1694   0.015529     0.1204     0.0718 0.0000e+00
        397     -0.062     4.1696   0.015504     0.1202     0.0717 0.0000e+00
        398     -0.059     4.1698   0.015478     0.1200     0.0715 0.0000e+00
        399     -0.057     4.1700   0.015457     0.1198     0.0713 0.0000e+00
        400     -0.057     4.1705   0.015447     0.1197     0.0713 0.0000e+00
        401     -0.057     4.1708   0.015440     0.1197     0.0712 0.0000e+00
        402     -0.057     4.1711   0.015427     0.1196     0.0711 0.0000e+00
        403     -0.058     4.1715   0.015405     0.1194     0.0710 0.0000e+00
        404     -0.060     4.1718   0.015382     0.1192     0.0709 0.0000e+00
        405     -0.064     4.1722   0.015368     0.1191     0.0708 0.0000e+00
        406     -0.066     4.1725   0.015355     0.1190     0.0707 0.0000e+00
        407     -0.065     4.1730   0.015342     0.1189     0.0706 0.0000e+00
        408     -0.062     4.1737   0.015330     0.1188     0.0705 0.0000e+00
        409     -0.062     4.1740   0.015309     0.1186     0.0704 0.0000e+00
        410     -0.064     4.1743   0.015287     0.1184     0.0702 0.0000e+00
