Datasets/Test_Dataset_39219_tow/originals/tel219_2021_034.cnv
* Sea-Bird SBE19plus Data File:
* Filename = C:/AQUIRE/tel219_2021_034.hex
* Software Version AquireV2 AF V2.0
* Temperature SN =  4020
* Conductivity SN =  4020
* System UpLoad Time = May 11 2021 08:13:54
** VESSEL/TRIP/SEQ STN: tel219_2021_034
** LATITUDE: 45 53.99 N
** LONGITUDE: 56 58.02 W
** DATE/TIME: 2021-05-11 07:09
** SOUNDING DEPTH (M): 0310
** PROBE TYPE: S4020
** CTD NUMBER:  34
** FORMAT: T
** COMMENTS: 
# nquan = 7                                 
# nvalues = 3026                        
# units = specified
# name 0 = scan: Scan Count
# name 1 = prdM: Pressure, Strain Gauge [db]
# name 2 = tv290C: Temperature [ITS-90, deg C]
# name 3 = c0S/m: Conductivity [S/m]
# name 4 = sal00: Salinity, Practical [PSU]
# name 5 = sigma-t00: Density [sigma-t, kg/m^3 ]
# name 6 = flag: flag
# span 0 =          1,       3026       
# span 1 =     -0.779,    311.040       
# span 2 =     1.0325,     9.5610       
# span 3 =   0.004602,   3.784993       
# span 4 =     0.0350,    35.1552       
# span 5 =    -0.0023,    27.4390       
# span 6 = 0.0000e+00, 0.0000e+00       
# interval = seconds: 1
# start_time = May 11 2021 07:09:28 [Instrument's time stamp, header]
# bad_flag = -9.990e-29
*END*
[from data line 616]
        617     80.075     2.1876   2.899205    32.5266    25.9765 0.0000e+00
        618     80.560     2.1798   2.898526    32.5259    25.9765 0.0000e+00
        619     81.043     2.1679   2.897526    32.5255    25.9770 0.0000e+00
        620     81.515     2.1544   2.896406    32.5252    25.9778 0.0000e+00
        621     81.983     2.1416   2.895220    32.5233    25.9773 0.0000e+00
        622     82.455     2.1305   2.894227    32.5221    25.9772 0.0000e+00
        623     82.928     2.1223   2.893729    32.5241    25.9793 0.0000e+00
        624     83.391     2.1151   2.893427    32.5275    25.9826 0.0000e+00
        625     83.845     2.1058   2.892835    32.5294    25.9848 0.0000e+00
        626     84.306     2.0930   2.891932    32.5311    25.9871 0.0000e+00
        627     84.786     2.0794   2.891160    32.5352    25.9914 0.0000e+00
        628     85.276     2.0687   2.890939    32.5431    25.9986 0.0000e+00
        629     85.758     2.0631   2.891257    32.5526    26.0065 0.0000e+00
        630     86.221     2.0618   2.891796    32.5604    26.0129 0.0000e+00
        631     86.679     2.0636   2.892346    32.5651    26.0165 0.0000e+00
        632     87.154     2.0660   2.892770    32.5676    26.0184 0.0000e+00
        633     87.656     2.0666   2.892995    32.5695    26.0199 0.0000e+00
        634     88.171     2.0659   2.893146    32.5719    26.0218 0.0000e+00
        635     88.682     2.0652   2.893296    32.5742    26.0237 0.0000e+00
        636     89.186     2.0637   2.893472    32.5776    26.0265 0.0000e+00
        637     89.690     2.0599   2.893767    32.5849    26.0327 0.0000e+00
        638     90.200     2.0532   2.894187    32.5967    26.0426 0.0000e+00
        639     90.714     2.0446   2.894598    32.6104    26.0542 0.0000e+00
        640     91.228     2.0315   2.894413    32.6213    26.0639 0.0000e+00
        641     91.747     2.0088   2.893008    32.6269    26.0701 0.0000e+00
        642     92.275     1.9787   2.890937    32.6318    26.0762 0.0000e+00
        643     92.808     1.9497   2.889147    32.6391    26.0842 0.0000e+00
        644     93.339     1.9206   2.887758    32.6515    26.0962 0.0000e+00
        645     93.864     1.8692   2.884628    32.6653    26.1109 0.0000e+00
        646     94.387     1.7795   2.877356    32.6667    26.1185 0.0000e+00
        647     94.914     1.6749   2.868655    32.6657    26.1249 0.0000e+00
        648     95.438     1.5928   2.862638    32.6749    26.1379 0.0000e+00
        649     95.949     1.5386   2.859058    32.6858    26.1504 0.0000e+00
        650     96.451     1.4926   2.855608    32.6898    26.1567 0.0000e+00
        651     96.960     1.4423   2.851400    32.6888    26.1592 0.0000e+00
        652     97.480     1.3935   2.847240    32.6867    26.1607 0.0000e+00
        653     98.011     1.3553   2.844177    32.6874    26.1638 0.0000e+00
        654     98.552     1.3260   2.842081    32.6911    26.1686 0.0000e+00
        655     99.101     1.2980   2.839866    32.6919    26.1711 0.0000e+00
        656     99.658     1.2675   2.837505    32.6935    26.1743 0.0000e+00
        657    100.214     1.2324   2.835434    32.7035    26.1846 0.0000e+00
        658    100.758     1.1917   2.832912    32.7137    26.1954 0.0000e+00
        659    101.282     1.1515   2.829876    32.7168    26.2004 0.0000e+00
        660    101.796     1.1143   2.826937    32.7181    26.2037 0.0000e+00
        661    102.310     1.0772   2.823859    32.7174    26.2054 0.0000e+00
        662    102.830     1.0467   2.821284    32.7162    26.2063 0.0000e+00
        663    103.356     1.0325   2.820269    32.7178    26.2085 0.0000e+00
        664    103.888     1.0333   2.820344    32.7176    26.2083 0.0000e+00
        665    104.427     1.0480   2.821089    32.7114    26.2024 0.0000e+00
        666    104.975     1.1067   2.825009    32.6996    26.1893 0.0000e+00
        667    105.532     1.2492   2.836920    32.7019    26.1822 0.0000e+00
        668    106.094     1.4516   2.854975    32.7192    26.1830 0.0000e+00
        669    106.649     1.6460   2.871642    32.7267    26.1758 0.0000e+00
        670    107.190     1.7935   2.884445    32.7340    26.1714 0.0000e+00
        671    107.721     1.8864   2.892998    32.7444    26.1731 0.0000e+00
        672    108.251     1.9373   2.897597    32.7489    26.1730 0.0000e+00
        673    108.783     1.9731   2.901107    32.7553    26.1755 0.0000e+00
        674    109.316     2.0123   2.905145    32.7648    26.1802 0.0000e+00
        675    109.855     2.0582   2.909632    32.7729    26.1833 0.0000e+00
        676    110.390     2.1037   2.914023    32.7802    26.1857 0.0000e+00
        677    110.921     2.1435   2.918188    32.7905    26.1910 0.0000e+00
        678    111.458     2.1803   2.922307    32.8033    26.1985 0.0000e+00
        679    112.008     2.2180   2.926279    32.8133    26.2036 0.0000e+00
        680    112.563     2.2564   2.929860    32.8177    26.2042 0.0000e+00
        681    113.109     2.2907   2.932996    32.8208    26.2040 0.0000e+00
        682    113.638     2.3190   2.935894    32.8272    26.2069 0.0000e+00
        683    114.162     2.3464   2.938903    32.8358    26.2116 0.0000e+00
        684    114.692     2.3755   2.942478    32.8497    26.2204 0.0000e+00
        685    115.227     2.4032   2.945974    32.8639    26.2297 0.0000e+00
        686    115.761     2.4296   2.948696    32.8700    26.2324 0.0000e+00
        687    116.293     2.4569   2.951672    32.8782    26.2368 0.0000e+00
        688    116.828     2.4789   2.954881    32.8948    26.2483 0.0000e+00
        689    117.369     2.4735   2.956163    32.9158    26.2655 0.0000e+00
        690    117.916     2.4057   2.952100    32.9354    26.2866 0.0000e+00
        691    118.466     2.2760   2.941226    32.9349    26.2964 0.0000e+00
        692    119.012     2.1527   2.930393    32.9280    26.3004 0.0000e+00
        693    119.551     2.0942   2.926767    32.9434    26.3171 0.0000e+00
        694    120.083     2.0903   2.928034    32.9629    26.3330 0.0000e+00
        695    120.615     2.1060   2.930199    32.9732    26.3401 0.0000e+00
        696    121.150     2.1221   2.932133    32.9802    26.3445 0.0000e+00
        697    121.685     2.1324   2.933325    32.9840    26.3468 0.0000e+00
        698    122.215     2.1349   2.933789    32.9869    26.3489 0.0000e+00
        699    122.745     2.1300   2.933664    32.9902    26.3518 0.0000e+00
        700    123.285     2.1207   2.933283    32.9948    26.3563 0.0000e+00
        701    123.830     2.1107   2.932959    33.0009    26.3619 0.0000e+00
        702    124.370     2.1027   2.932653    33.0051    26.3658 0.0000e+00
        703    124.905     2.0989   2.932537    33.0073    26.3679 0.0000e+00
        704    125.445     2.1006   2.932970    33.0106    26.3704 0.0000e+00
        705    125.988     2.1071   2.933831    33.0143    26.3729 0.0000e+00
        706    126.525     2.1163   2.934816    33.0166    26.3741 0.0000e+00
        707    127.054     2.1283   2.936013    33.0187    26.3748 0.0000e+00
        708    127.585     2.1435   2.937592    33.0223    26.3765 0.0000e+00
        709    128.123     2.1606   2.939457    33.0273    26.3793 0.0000e+00
        710    128.662     2.1783   2.941416    33.0330    26.3824 0.0000e+00
        711    129.198     2.1977   2.943482    33.0381    26.3851 0.0000e+00
        712    129.736     2.2242   2.946175    33.0437    26.3875 0.0000e+00
        713    130.276     2.2634   2.950105    33.0514    26.3905 0.0000e+00
        714    130.819     2.3204   2.955493    33.0585    26.3918 0.0000e+00
        715    131.364     2.4006   2.963231    33.0706    26.3951 0.0000e+00
        716    131.910     2.5005   2.973169    33.0892    26.4020 0.0000e+00
        717    132.458     2.6067   2.983324    33.1038    26.4049 0.0000e+00
        718    133.004     2.7183   2.993680    33.1150    26.4046 0.0000e+00
        719    133.545     2.8412   3.005581    33.1333    26.4088 0.0000e+00
        720    134.084     2.9621   3.017874    33.1581    26.4181 0.0000e+00
        721    134.622     3.0636   3.027778    33.1735    26.4216 0.0000e+00
        722    135.158     3.1479   3.035567    33.1809    26.4200 0.0000e+00
        723    135.696     3.2245   3.043239    33.1947    26.4241 0.0000e+00
        724    136.235     3.2939   3.050536    33.2112    26.4309 0.0000e+00
        725    136.774     3.3490   3.056320    33.2240    26.4361 0.0000e+00
        726    137.314     3.3879   3.060408    33.2330    26.4397 0.0000e+00
        727    137.856     3.4183   3.063624    33.2402    26.4426 0.0000e+00
        728    138.399     3.4480   3.066419    33.2431    26.4421 0.0000e+00
        729    138.937     3.4814   3.069330    33.2435    26.4393 0.0000e+00
        730    139.470     3.5246   3.073682    33.2512    26.4414 0.0000e+00
        731    140.004     3.5849   3.080029    33.2652    26.4468 0.0000e+00
        732    140.542     3.6654   3.088112    33.2792    26.4503 0.0000e+00
        733    141.079     3.7692   3.098210    33.2933    26.4514 0.0000e+00
        734    141.615     3.9004   3.111721    33.3198    26.4596 0.0000e+00
        735    142.153     4.0447   3.126645    33.3493    26.4687 0.0000e+00
        736    142.695     4.1847   3.139852    33.3626    26.4649 0.0000e+00
        737    143.243     4.3362   3.153747    33.3720    26.4567 0.0000e+00
        738    143.789     4.5276   3.172668    33.3994    26.4582 0.0000e+00
        739    144.325     4.7528   3.197010    33.4551    26.4780 0.0000e+00
        740    144.859     4.9757   3.222342    33.5233    26.5073 0.0000e+00
        741    145.407     5.1773   3.244160    33.5714    26.5225 0.0000e+00
        742    145.964     5.3770   3.262818    33.5844    26.5095 0.0000e+00
        743    146.517     5.6061   3.285410    33.6123    26.5043 0.0000e+00
        744    147.068     5.8598   3.315351    33.6977    26.5410 0.0000e+00
        745    147.628     6.0937   3.344476    33.7920    26.5863 0.0000e+00
        746    148.201     6.2772   3.365313    33.8424    26.6027 0.0000e+00
        747    148.772     6.4151   3.379318    33.8612    26.5998 0.0000e+00
        748    149.328     6.5229   3.391294    33.8871    26.6061 0.0000e+00
        749    149.871     6.6117   3.402829    33.9267    26.6256 0.0000e+00
        750    150.412     6.6933   3.413437    33.9629    26.6433 0.0000e+00
        751    150.956     6.7771   3.423707    33.9931    26.6558 0.0000e+00
        752    151.501     6.8575   3.433244    34.0183    26.6648 0.0000e+00
        753    152.043     6.9237   3.440913    34.0369    26.6705 0.0000e+00
        754    152.578     6.9786   3.447550    34.0552    26.6774 0.0000e+00
        755    153.107     7.0286   3.454013    34.0764    26.6873 0.0000e+00
        756    153.633     7.0724   3.459550    34.0935    26.6947 0.0000e+00
        757    154.155     7.1071   3.463512    34.1024    26.6969 0.0000e+00
        758    154.666     7.1310   3.466040    34.1062    26.6966 0.0000e+00
        759    155.168     7.1482   3.468184    34.1124    26.6991 0.0000e+00
        760    155.672     7.1707   3.471384    34.1249    26.7058 0.0000e+00
        761    156.191     7.2120   3.476694    34.1418    26.7134 0.0000e+00
        762    156.718     7.2761   3.484516    34.1636    26.7215 0.0000e+00
        763    157.242     7.3545   3.493650    34.1854    26.7277 0.0000e+00
        764    157.756     7.4374   3.503076    34.2059    26.7320 0.0000e+00
        765    158.258     7.5202   3.513103    34.2328    26.7413 0.0000e+00
        766    158.761     7.6019   3.523492    34.2645    26.7545 0.0000e+00
        767    159.275     7.6823   3.533543    34.2937    26.7658 0.0000e+00
        768    159.796     7.7702   3.542451    34.3030    26.7603 0.0000e+00
        769    160.309     7.8912   3.555092    34.3198    26.7558 0.0000e+00
        770    160.802     8.0494   3.575225    34.3802    26.7796 0.0000e+00
        771    161.280     8.2053   3.596278    34.4519    26.8125 0.0000e+00
        772    161.762     8.3235   3.612318    34.5065    26.8374 0.0000e+00
        773    162.261     8.3946   3.621509    34.5343    26.8483 0.0000e+00
        774    162.772     8.4264   3.625460    34.5448    26.8517 0.0000e+00
        775    163.284     8.4379   3.627437    34.5542    26.8573 0.0000e+00
        776    163.794     8.4449   3.628879    34.5624    26.8627 0.0000e+00
        777    164.304     8.4524   3.630166    34.5685    26.8663 0.0000e+00
        778    164.811     8.4579   3.630819    34.5698    26.8664 0.0000e+00
        779    165.308     8.4610   3.631057    34.5690    26.8654 0.0000e+00
        780    165.797     8.4794   3.633245    34.5739    26.8664 0.0000e+00
        781    166.292     8.5320   3.640360    34.5975    26.8767 0.0000e+00
        782    166.797     8.6010   3.649716    34.6286    26.8904 0.0000e+00
        783    167.299     8.6531   3.655735    34.6409    26.8919 0.0000e+00
        784    167.791     8.6869   3.659213    34.6443    26.8892 0.0000e+00
        785    168.280     8.7229   3.663507    34.6541    26.8912 0.0000e+00
        786    168.773     8.7688   3.669145    34.6683    26.8952 0.0000e+00
        787    169.267     8.8199   3.675742    34.6875    26.9021 0.0000e+00
        788    169.763     8.8696   3.681904    34.7034    26.9067 0.0000e+00
        789    170.264     8.9103   3.686553    34.7122    26.9071 0.0000e+00
        790    170.771     8.9397   3.690320    34.7227    26.9107 0.0000e+00
        791    171.287     8.9627   3.693719    34.7356    26.9171 0.0000e+00
        792    171.804     8.9840   3.696595    34.7447    26.9208 0.0000e+00
        793    172.313     9.0056   3.699218    34.7508    26.9221 0.0000e+00
        794    172.813     9.0267   3.702006    34.7592    26.9253 0.0000e+00
        795    173.310     9.0436   3.704251    34.7659    26.9278 0.0000e+00
        796    173.814     9.0555   3.705562    34.7678    26.9274 0.0000e+00
        797    174.326     9.0646   3.706753    34.7711    26.9285 0.0000e+00
        798    174.843     9.0684   3.707833    34.7784    26.9337 0.0000e+00
        799    175.360     9.0600   3.707589    34.7838    26.9392 0.0000e+00
        800    175.873     9.0380   3.705482    34.7831    26.9422 0.0000e+00
        801    176.380     9.0056   3.702102    34.7791    26.9443 0.0000e+00
        802    176.881     8.9727   3.698793    34.7764    26.9474 0.0000e+00
        803    177.382     8.9684   3.699281    34.7855    26.9552 0.0000e+00
        804    177.887     9.0171   3.706909    34.8175    26.9725 0.0000e+00
        805    178.391     9.1017   3.718936    34.8602    26.9923 0.0000e+00
        806    178.892     9.1827   3.729540    34.8915    27.0036 0.0000e+00
        807    179.393     9.2430   3.736776    34.9077    27.0065 0.0000e+00
        808    179.895     9.2888   3.741958    34.9166    27.0060 0.0000e+00
        809    180.399     9.3292   3.747049    34.9299    27.0097 0.0000e+00
        810    180.906     9.3676   3.753030    34.9542    27.0225 0.0000e+00
        811    181.415     9.3981   3.757737    34.9731    27.0322 0.0000e+00
        812    181.923     9.4149   3.759739    34.9772    27.0327 0.0000e+00
        813    182.426     9.4198   3.760425    34.9793    27.0335 0.0000e+00
        814    182.920     9.4181   3.760852    34.9851    27.0383 0.0000e+00
        815    183.410     9.4139   3.761150    34.9921    27.0445 0.0000e+00
        816    183.899     9.4077   3.761044    34.9968    27.0492 0.0000e+00
        817    184.380     9.3974   3.760266    34.9986    27.0523 0.0000e+00
        818    184.856     9.3849   3.759242    35.0000    27.0554 0.0000e+00
        819    185.343     9.3755   3.758803    35.0044    27.0604 0.0000e+00
        820    185.850     9.3736   3.759306    35.0112    27.0661 0.0000e+00
