Datasets/Test_Dataset_39219_tow/originals/tel219_2021_009.cnv
* Sea-Bird SBE19plus Data File:
* Filename = C:/AQUIRE/tel219_2021_009.hex
* Software Version AquireV2 AF V2.0
* Temperature SN =  4020
* Conductivity SN =  4020
* System UpLoad Time = May 06 2021 17:32:14
** VESSEL/TRIP/SEQ STN: tel219_2021_009
** LATITUDE: 45 56.69 N
** LONGITUDE: 55 57.60 W
** DATE/TIME: 2021-05-06 16:54
** SOUNDING DEPTH (M): 0068
** PROBE TYPE: S4020
** CTD NUMBER: 009
** FORMAT: t
** COMMENTS: 
# nquan = 7                                 
# nvalues = 2262                        
# units = specified
# name 0 = scan: Scan Count
# name 1 = prdM: Pressure, Strain Gauge [db]
# name 2 = tv290C: Temperature [ITS-90, deg C]
# name 3 = c0S/m: Conductivity [S/m]
# name 4 = sal00: Salinity, Practical [PSU]
# name 5 = sigma-t00: Density [sigma-t, kg/m^3 ]
# name 6 = flag: flag
# span 0 =          1,       2262       
# span 1 =     -0.111,     61.906       
# span 2 =     1.4090,     4.3653       
# span 3 =   0.008327,   2.991401       
# span 4 =     0.0630,    32.2317       
# span 5 =     0.0246,    25.7923       
# span 6 = 0.0000e+00, 0.0000e+00       
# interval = seconds: 1
# start_time = May 06 2021 16:54:58 [Instrument's time stamp, header]
# bad_flag = -9.990e-29
*END*
[from data line 206]
        207     -0.100     4.3630   0.008488     0.0642     0.0256 0.0000e+00
        208     -0.102     4.3632   0.008475     0.0641     0.0255 0.0000e+00
        209     -0.101     4.3632   0.008459     0.0640     0.0254 0.0000e+00
        210     -0.100     4.3632   0.008448     0.0639     0.0254 0.0000e+00
        211     -0.100     4.3631   0.008456     0.0640     0.0254 0.0000e+00
        212     -0.101     4.3629   0.008457     0.0640     0.0254 0.0000e+00
        213     -0.102     4.3628   0.008432     0.0638     0.0253 0.0000e+00
        214     -0.102     4.3628   0.008401     0.0636     0.0251 0.0000e+00
        215     -0.100     4.3627   0.008389     0.0635     0.0250 0.0000e+00
        216     -0.096     4.3623   0.008404     0.0636     0.0251 0.0000e+00
        217     -0.092     4.3617   0.008431     0.0638     0.0253 0.0000e+00
        218     -0.091     4.3611   0.008451     0.0640     0.0254 0.0000e+00
        219     -0.092     4.3608   0.008458     0.0640     0.0255 0.0000e+00
        220     -0.094     4.3603   0.008460     0.0640     0.0255 0.0000e+00
        221     -0.094     4.3595   0.008459     0.0640     0.0255 0.0000e+00
        222     -0.093     4.3590   0.008447     0.0639     0.0254 0.0000e+00
        223     -0.093     4.3585   0.008431     0.0638     0.0253 0.0000e+00
        224     -0.094     4.3581   0.008443     0.0639     0.0254 0.0000e+00
        225     -0.095     4.3576   0.008462     0.0641     0.0255 0.0000e+00
        226     -0.094     4.3575   0.008456     0.0640     0.0255 0.0000e+00
        227     -0.095     4.3579   0.008424     0.0638     0.0253 0.0000e+00
        228     -0.098     4.3586   0.008375     0.0634     0.0249 0.0000e+00
        229     -0.100     4.3594   0.008347     0.0632     0.0248 0.0000e+00
        230     -0.097     4.3598   0.008351     0.0632     0.0248 0.0000e+00
        231     -0.093     4.3601   0.008369     0.0633     0.0249 0.0000e+00
        232     -0.091     4.3605   0.008385     0.0634     0.0250 0.0000e+00
        233     -0.091     4.3609   0.008386     0.0635     0.0250 0.0000e+00
        234     -0.092     4.3613   0.008382     0.0634     0.0250 0.0000e+00
        235     -0.094     4.3613   0.008385     0.0634     0.0250 0.0000e+00
        236     -0.096     4.3612   0.008390     0.0635     0.0250 0.0000e+00
        237     -0.095     4.3613   0.008373     0.0634     0.0249 0.0000e+00
        238     -0.093     4.3617   0.008344     0.0631     0.0247 0.0000e+00
        239     -0.093     4.3624   0.008331     0.0630     0.0246 0.0000e+00
        240     -0.096     4.3630   0.008327     0.0630     0.0246 0.0000e+00
        241     -0.098     4.3636   0.008327     0.0630     0.0246 0.0000e+00
        242     -0.098     4.3640   0.008339     0.0631     0.0247 0.0000e+00
        243     -0.095     4.3641   0.008366     0.0633     0.0249 0.0000e+00
        244     -0.094     4.3639   0.008396     0.0635     0.0250 0.0000e+00
        245     -0.096     4.3636   0.008406     0.0636     0.0251 0.0000e+00
        246     -0.098     4.3636   0.008395     0.0635     0.0250 0.0000e+00
        247     -0.099     4.3637   0.008374     0.0634     0.0249 0.0000e+00
        248     -0.101     4.3641   0.008361     0.0633     0.0248 0.0000e+00
        249     -0.100     4.3644   0.008368     0.0633     0.0249 0.0000e+00
        250     -0.097     4.3646   0.008391     0.0635     0.0250 0.0000e+00
        251     -0.096     4.3647   0.008405     0.0636     0.0251 0.0000e+00
        252     -0.095     4.3648   0.008401     0.0636     0.0251 0.0000e+00
        253     -0.096     4.3646   0.008393     0.0635     0.0250 0.0000e+00
        254     -0.099     4.3644   0.008439     0.0639     0.0253 0.0000e+00
        255     -0.102     4.3641   0.008607     0.0652     0.0264 0.0000e+00
        256     -0.102     4.3636   0.008840     0.0670     0.0278 0.0000e+00
        257     -0.102     4.3634   0.009064     0.0687     0.0292 0.0000e+00
        258     -0.100     4.3630   0.009405     0.0714     0.0314 0.0000e+00
        259     -0.093     4.3625   0.010433     0.0794     0.0379 0.0000e+00
        260     -0.086     4.3615   0.012694     0.0973     0.0522 0.0000e+00
        261     -0.084     4.3601   0.015595     0.1203     0.0708 0.0000e+00
        262     -0.083     4.3589   0.018269     0.1417     0.0880 0.0000e+00
        263     -0.081     4.3583   0.020350     0.1584     0.1015 0.0000e+00
        264     -0.081     4.3581   0.021438     0.1672     0.1086 0.0000e+00
        265     -0.082     4.3574   0.021788     0.1700     0.1108 0.0000e+00
        266     -0.081     4.3560   0.022082     0.1724     0.1128 0.0000e+00
        267     -0.080     4.3537   0.022721     0.1776     0.1169 0.0000e+00
        268     -0.080     4.3508   0.023589     0.1846     0.1226 0.0000e+00
        269     -0.081     4.3487   0.024095     0.1887     0.1260 0.0000e+00
        270     -0.081     4.3482   0.030638     0.2421     0.1689 0.0000e+00
        271     -0.078     4.3377   0.159763     1.3579     1.0638 0.0000e+00
        272     -0.059     4.2574   0.931169     8.8827     7.0524 0.0000e+00
        273     -0.021     4.0658   2.159931    22.2423    17.6498 0.0000e+00
        274      0.023     3.8691   2.800972    29.7601    23.6322 0.0000e+00
        275      0.071     3.7826   2.896799    30.9667    24.5992 0.0000e+00
        276      0.120     3.7672   2.954653    31.6651    25.1561 0.0000e+00
        277      0.163     3.7601   2.976485    31.9305    25.3679 0.0000e+00
        278      0.197     3.7610   2.975141    31.9137    25.3545 0.0000e+00
        279      0.222     3.7649   2.977681    31.9400    25.3750 0.0000e+00
        280      0.249     3.7653   2.979836    31.9651    25.3949 0.0000e+00
        281      0.297     3.7769   2.978831    31.9418    25.3753 0.0000e+00
        282      0.365     3.7999   2.979072    31.9221    25.3575 0.0000e+00
        283      0.455     3.8235   2.981254    31.9248    25.3574 0.0000e+00
        284      0.571     3.8386   2.983831    31.9404    25.3684 0.0000e+00
        285      0.707     3.8333   2.985988    31.9711    25.3933 0.0000e+00
        286      0.847     3.8129   2.988664    32.0227    25.4363 0.0000e+00
        287      0.965     3.7829   2.991401    32.0845    25.4883 0.0000e+00
        288      1.055     3.7374   2.991334    32.1285    25.5275 0.0000e+00
        289      1.126     3.6890   2.988294    32.1401    25.5413 0.0000e+00
        290      1.181     3.6558   2.985215    32.1362    25.5413 0.0000e+00
        291      1.222     3.6347   2.983108    32.1320    25.5399 0.0000e+00
        292      1.253     3.6169   2.981535    32.1308    25.5406 0.0000e+00
        293      1.274     3.6044   2.980643    32.1325    25.5431 0.0000e+00
        294      1.288     3.6012   2.981357    32.1442    25.5527 0.0000e+00
        295      1.296     3.6034   2.983241    32.1645    25.5686 0.0000e+00
        296      1.281     3.6011   2.982424    32.1570    25.5629 0.0000e+00
        297      1.207     3.5913   2.977757    32.1111    25.5273 0.0000e+00
        298      1.060     3.5793   2.973136    32.0680    25.4941 0.0000e+00
        299      0.880     3.5700   2.971386    32.0564    25.4857 0.0000e+00
        300      0.705     3.5644   2.970833    32.0554    25.4854 0.0000e+00
        301      0.519     3.5648   2.969085    32.0343    25.4686 0.0000e+00
        302      0.351     3.5732   2.968265    32.0163    25.4535 0.0000e+00
        303      0.281     3.5884   2.969276    32.0134    25.4498 0.0000e+00
        304      0.328     3.6049   2.969733    32.0026    25.4397 0.0000e+00
        305      0.469     3.6140   2.970087    31.9978    25.4350 0.0000e+00
        306      0.657     3.6130   2.971394    32.0142    25.4482 0.0000e+00
        307      0.854     3.6096   2.972268    32.0279    25.4594 0.0000e+00
        308      1.041     3.6057   2.972435    32.0336    25.4643 0.0000e+00
        309      1.186     3.5985   2.972369    32.0399    25.4699 0.0000e+00
        310      1.290     3.5942   2.971921    32.0387    25.4694 0.0000e+00
        311      1.413     3.5988   2.971753    32.0321    25.4637 0.0000e+00
        312      1.556     3.6010   2.971477    32.0266    25.4591 0.0000e+00
        313      1.645     3.5903   2.970595    32.0266    25.4601 0.0000e+00
        314      1.683     3.5793   2.970387    32.0349    25.4677 0.0000e+00
        315      1.748     3.5809   2.971199    32.0430    25.4740 0.0000e+00
        316      1.866     3.5905   2.971832    32.0410    25.4716 0.0000e+00
        317      2.012     3.5993   2.971994    32.0342    25.4653 0.0000e+00
        318      2.144     3.6043   2.972279    32.0326    25.4636 0.0000e+00
        319      2.217     3.6033   2.972597    32.0373    25.4675 0.0000e+00
        320      2.199     3.5924   2.971478    32.0347    25.4664 0.0000e+00
        321      2.129     3.5739   2.969117    32.0249    25.4603 0.0000e+00
        322      2.100     3.5580   2.967569    32.0221    25.4595 0.0000e+00
        323      2.128     3.5491   2.966771    32.0214    25.4597 0.0000e+00
        324      2.171     3.5439   2.966223    32.0199    25.4590 0.0000e+00
        325      2.226     3.5404   2.965970    32.0203    25.4597 0.0000e+00
        326      2.293     3.5368   2.965616    32.0196    25.4595 0.0000e+00
        327      2.347     3.5331   2.965176    32.0180    25.4585 0.0000e+00
        328      2.351     3.5321   2.965038    32.0173    25.4581 0.0000e+00
        329      2.286     3.5351   2.965258    32.0170    25.4575 0.0000e+00
        330      2.175     3.5400   2.965586    32.0162    25.4564 0.0000e+00
        331      2.040     3.5431   2.965987    32.0180    25.4576 0.0000e+00
        332      1.885     3.5439   2.966429    32.0225    25.4611 0.0000e+00
        333      1.730     3.5446   2.966594    32.0239    25.4621 0.0000e+00
        334      1.604     3.5453   2.966453    32.0216    25.4602 0.0000e+00
        335      1.494     3.5442   2.966348    32.0215    25.4603 0.0000e+00
        336      1.366     3.5427   2.966268    32.0221    25.4609 0.0000e+00
        337      1.270     3.5434   2.966017    32.0184    25.4579 0.0000e+00
        338      1.271     3.5438   2.965876    32.0164    25.4562 0.0000e+00
        339      1.307     3.5400   2.965734    32.0184    25.4582 0.0000e+00
        340      1.308     3.5345   2.965393    32.0197    25.4598 0.0000e+00
        341      1.325     3.5323   2.965507    32.0233    25.4628 0.0000e+00
        342      1.449     3.5328   2.965860    32.0269    25.4656 0.0000e+00
        343      1.666     3.5324   2.965816    32.0267    25.4655 0.0000e+00
        344      1.860     3.5303   2.965554    32.0255    25.4647 0.0000e+00
        345      1.984     3.5288   2.965418    32.0253    25.4647 0.0000e+00
        346      2.086     3.5286   2.965485    32.0263    25.4655 0.0000e+00
        347      2.195     3.5294   2.965619    32.0270    25.4660 0.0000e+00
        348      2.292     3.5302   2.965685    32.0270    25.4659 0.0000e+00
        349      2.333     3.5308   2.965674    32.0262    25.4652 0.0000e+00
        350      2.265     3.5309   2.965659    32.0260    25.4650 0.0000e+00
        351      2.111     3.5311   2.965710    32.0265    25.4654 0.0000e+00
        352      1.974     3.5314   2.965807    32.0274    25.4661 0.0000e+00
        353      1.905     3.5313   2.965795    32.0274    25.4661 0.0000e+00
        354      1.850     3.5308   2.965714    32.0269    25.4658 0.0000e+00
        355      1.782     3.5306   2.965732    32.0274    25.4662 0.0000e+00
        356      1.734     3.5309   2.965772    32.0276    25.4663 0.0000e+00
        357      1.756     3.5314   2.965783    32.0272    25.4660 0.0000e+00
        358      1.879     3.5316   2.965800    32.0272    25.4659 0.0000e+00
        359      2.060     3.5313   2.965779    32.0271    25.4659 0.0000e+00
        360      2.196     3.5309   2.965727    32.0268    25.4657 0.0000e+00
        361      2.228     3.5303   2.965688    32.0269    25.4659 0.0000e+00
        362      2.173     3.5299   2.965641    32.0268    25.4658 0.0000e+00
        363      2.069     3.5290   2.965530    32.0264    25.4656 0.0000e+00
        364      1.972     3.5273   2.965367    32.0262    25.4655 0.0000e+00
        365      1.920     3.5252   2.965173    32.0260    25.4656 0.0000e+00
        366      1.885     3.5236   2.965020    32.0257    25.4655 0.0000e+00
        367      1.822     3.5229   2.964996    32.0262    25.4659 0.0000e+00
        368      1.728     3.5231   2.965043    32.0266    25.4662 0.0000e+00
        369      1.621     3.5235   2.965086    32.0268    25.4664 0.0000e+00
        370      1.524     3.5240   2.965090    32.0264    25.4660 0.0000e+00
        371      1.460     3.5245   2.965084    32.0258    25.4655 0.0000e+00
        372      1.398     3.5248   2.965111    32.0259    25.4655 0.0000e+00
        373      1.305     3.5246   2.965107    32.0261    25.4657 0.0000e+00
        374      1.222     3.5237   2.965026    32.0261    25.4658 0.0000e+00
        375      1.165     3.5232   2.964960    32.0258    25.4656 0.0000e+00
        376      1.097     3.5231   2.964962    32.0260    25.4657 0.0000e+00
        377      1.006     3.5229   2.964968    32.0263    25.4660 0.0000e+00
        378      0.917     3.5228   2.964969    32.0264    25.4661 0.0000e+00
        379      0.862     3.5231   2.965016    32.0267    25.4664 0.0000e+00
        380      0.840     3.5237   2.965076    32.0269    25.4664 0.0000e+00
        381      0.805     3.5245   2.965108    32.0265    25.4660 0.0000e+00
        382      0.743     3.5249   2.965122    32.0263    25.4658 0.0000e+00
        383      0.675     3.5244   2.965082    32.0263    25.4659 0.0000e+00
        384      0.616     3.5236   2.964997    32.0261    25.4658 0.0000e+00
        385      0.579     3.5233   2.964948    32.0259    25.4656 0.0000e+00
        386      0.552     3.5234   2.964964    32.0260    25.4657 0.0000e+00
        387      0.509     3.5242   2.965049    32.0262    25.4658 0.0000e+00
        388      0.447     3.5252   2.965154    32.0265    25.4660 0.0000e+00
        389      0.383     3.5258   2.965203    32.0265    25.4660 0.0000e+00
        390      0.338     3.5256   2.965178    32.0265    25.4659 0.0000e+00
        391      0.306     3.5246   2.965095    32.0265    25.4660 0.0000e+00
        392      0.267     3.5238   2.965006    32.0262    25.4659 0.0000e+00
        393      0.227     3.5236   2.964967    32.0260    25.4657 0.0000e+00
        394      0.196     3.5235   2.964963    32.0260    25.4658 0.0000e+00
        395      0.170     3.5233   2.964948    32.0261    25.4658 0.0000e+00
        396      0.154     3.5229   2.964902    32.0259    25.4657 0.0000e+00
        397      0.155     3.5226   2.964860    32.0257    25.4656 0.0000e+00
        398      0.163     3.5229   2.964906    32.0260    25.4658 0.0000e+00
        399      0.153     3.5240   2.965028    32.0263    25.4660 0.0000e+00
        400      0.136     3.5249   2.965101    32.0263    25.4659 0.0000e+00
        401      0.143     3.5252   2.965085    32.0258    25.4655 0.0000e+00
        402      0.169     3.5246   2.964986    32.0252    25.4650 0.0000e+00
        403      0.179     3.5236   2.964867    32.0248    25.4648 0.0000e+00
        404      0.153     3.5230   2.964832    32.0250    25.4650 0.0000e+00
        405      0.110     3.5227   2.964836    32.0254    25.4653 0.0000e+00
        406      0.087     3.5217   2.964766    32.0255    25.4655 0.0000e+00
        407      0.083     3.5202   2.964617    32.0252    25.4654 0.0000e+00
        408      0.087     3.5189   2.964487    32.0250    25.4653 0.0000e+00
        409      0.109     3.5186   2.964448    32.0248    25.4652 0.0000e+00
        410      0.173     3.5191   2.964488    32.0247    25.4651 0.0000e+00
