Datasets/Test_Dataset_39219_tow/originals/tel219_2021_050.cnv
* Sea-Bird SBE19plus Data File:
* Filename = C:/AQUIRE/tel219_2021_050.hex
* Software Version AquireV2 AF V2.0
* Temperature SN =  4020
* Conductivity SN =  4020
* System UpLoad Time = May 13 2021 07:02:34
** VESSEL/TRIP/SEQ STN: tel219_2021_050
** LATITUDE: 45 02.12 N
** LONGITUDE: 55 29.93 W
** DATE/TIME: 2021-05-13 05:46
** SOUNDING DEPTH (M): 0381
** PROBE TYPE: S4020
** CTD NUMBER:  50
** FORMAT: T
** COMMENTS: 
# nquan = 7                                 
# nvalues = 4100                        
# units = specified
# name 0 = scan: Scan Count
# name 1 = prdM: Pressure, Strain Gauge [db]
# name 2 = tv290C: Temperature [ITS-90, deg C]
# name 3 = c0S/m: Conductivity [S/m]
# name 4 = sal00: Salinity, Practical [PSU]
# name 5 = sigma-t00: Density [sigma-t, kg/m^3 ]
# name 6 = flag: flag
# span 0 =          1,       4100       
# span 1 =     -0.787,    392.343       
# span 2 =     0.7979,     8.4708       
# span 3 =   0.010068,   3.681542       
# span 4 =     0.0774,    35.0928       
# span 5 =     0.0375,    27.3537       
# span 6 = 0.0000e+00, 0.0000e+00       
# interval = seconds: 1
# start_time = May 13 2021 05:46:14 [Instrument's time stamp, header]
# bad_flag = -9.990e-29
*END*
[from data line 3283]
       3284    352.983     8.0999   3.650116    35.0395    27.2898 0.0000e+00
       3285    352.524     8.1000   3.650129    35.0397    27.2900 0.0000e+00
       3286    352.058     8.0998   3.650137    35.0402    27.2904 0.0000e+00
       3287    351.602     8.0998   3.650178    35.0409    27.2909 0.0000e+00
       3288    351.154     8.1003   3.650157    35.0404    27.2905 0.0000e+00
       3289    350.704     8.1014   3.650144    35.0394    27.2895 0.0000e+00
       3290    350.244     8.1027   3.650233    35.0392    27.2892 0.0000e+00
       3291    349.769     8.1032   3.650246    35.0391    27.2890 0.0000e+00
       3292    349.281     8.1028   3.650174    35.0390    27.2890 0.0000e+00
       3293    348.788     8.1022   3.650201    35.0401    27.2900 0.0000e+00
       3294    348.300     8.1023   3.650272    35.0410    27.2906 0.0000e+00
       3295    347.819     8.1029   3.650234    35.0402    27.2899 0.0000e+00
       3296    347.342     8.1048   3.650183    35.0380    27.2879 0.0000e+00
       3297    346.859     8.1088   3.650333    35.0358    27.2856 0.0000e+00
       3298    346.361     8.1124   3.650503    35.0343    27.2839 0.0000e+00
       3299    345.853     8.1124   3.650416    35.0336    27.2833 0.0000e+00
       3300    345.349     8.1095   3.650314    35.0357    27.2854 0.0000e+00
       3301    344.853     8.1069   3.650346    35.0388    27.2883 0.0000e+00
       3302    344.356     8.1062   3.650330    35.0396    27.2890 0.0000e+00
       3303    343.851     8.1073   3.650326    35.0387    27.2881 0.0000e+00
       3304    343.330     8.1090   3.650433    35.0384    27.2876 0.0000e+00
       3305    342.793     8.1103   3.650455    35.0376    27.2868 0.0000e+00
       3306    342.247     8.1101   3.650348    35.0369    27.2863 0.0000e+00
       3307    341.699     8.1089   3.650287    35.0377    27.2871 0.0000e+00
       3308    341.154     8.1078   3.650310    35.0393    27.2885 0.0000e+00
       3309    340.616     8.1075   3.650365    35.0405    27.2895 0.0000e+00
       3310    340.079     8.1078   3.650393    35.0407    27.2896 0.0000e+00
       3311    339.539     8.1092   3.650365    35.0393    27.2883 0.0000e+00
       3312    338.987     8.1127   3.650459    35.0371    27.2860 0.0000e+00
       3313    338.411     8.1169   3.650736    35.0361    27.2846 0.0000e+00
       3314    337.812     8.1190   3.650907    35.0361    27.2843 0.0000e+00
       3315    337.217     8.1186   3.651007    35.0379    27.2857 0.0000e+00
       3316    336.641     8.1184   3.651073    35.0391    27.2867 0.0000e+00
       3317    336.065     8.1203   3.651022    35.0369    27.2847 0.0000e+00
       3318    335.473     8.1254   3.651272    35.0348    27.2823 0.0000e+00
       3319    334.856     8.1319   3.651702    35.0332    27.2800 0.0000e+00
       3320    334.218     8.1345   3.651812    35.0321    27.2788 0.0000e+00
       3321    333.581     8.1331   3.651906    35.0348    27.2811 0.0000e+00
       3322    332.960     8.1320   3.652047    35.0377    27.2836 0.0000e+00
       3323    332.349     8.1323   3.651938    35.0365    27.2826 0.0000e+00
       3324    331.735     8.1334   3.651807    35.0343    27.2807 0.0000e+00
       3325    331.109     8.1357   3.651892    35.0332    27.2795 0.0000e+00
       3326    330.472     8.1381   3.651992    35.0322    27.2783 0.0000e+00
       3327    329.834     8.1385   3.651891    35.0310    27.2773 0.0000e+00
       3328    329.198     8.1364   3.651752    35.0319    27.2784 0.0000e+00
       3329    328.559     8.1368   3.651820    35.0326    27.2788 0.0000e+00
       3330    327.898     8.1455   3.652462    35.0311    27.2763 0.0000e+00
       3331    327.200     8.1580   3.653399    35.0290    27.2728 0.0000e+00
       3332    326.483     8.1639   3.653782    35.0275    27.2707 0.0000e+00
       3333    325.789     8.1639   3.653992    35.0301    27.2728 0.0000e+00
       3334    325.126     8.1653   3.654226    35.0315    27.2737 0.0000e+00
       3335    324.465     8.1737   3.654263    35.0239    27.2664 0.0000e+00
       3336    323.789     8.1946   3.655122    35.0126    27.2543 0.0000e+00
       3337    323.097     8.2220   3.656577    35.0012    27.2412 0.0000e+00
       3338    322.400     8.2429   3.657153    34.9869    27.2267 0.0000e+00
       3339    321.694     8.2570   3.657669    34.9787    27.2182 0.0000e+00
       3340    320.971     8.2713   3.659154    34.9806    27.2175 0.0000e+00
       3341    320.239     8.2825   3.659901    34.9778    27.2136 0.0000e+00
       3342    319.516     8.2790   3.658724    34.9691    27.2073 0.0000e+00
       3343    318.804     8.2633   3.657548    34.9725    27.2124 0.0000e+00
       3344    318.082     8.2627   3.658703    34.9858    27.2228 0.0000e+00
       3345    317.325     8.2871   3.661392    34.9905    27.2228 0.0000e+00
       3346    316.528     8.3074   3.662312    34.9805    27.2119 0.0000e+00
       3347    315.722     8.3068   3.661937    34.9775    27.2096 0.0000e+00
       3348    314.949     8.3032   3.662741    34.9900    27.2200 0.0000e+00
       3349    314.209     8.3084   3.663193    34.9900    27.2192 0.0000e+00
       3350    313.472     8.3158   3.662841    34.9793    27.2096 0.0000e+00
       3351    312.703     8.3247   3.663404    34.9768    27.2063 0.0000e+00
       3352    311.883     8.3351   3.664463    34.9782    27.2058 0.0000e+00
       3353    311.038     8.3391   3.664610    34.9761    27.2036 0.0000e+00
       3354    310.224     8.3352   3.664360    34.9777    27.2054 0.0000e+00
       3355    309.458     8.3323   3.664445    34.9819    27.2091 0.0000e+00
       3356    308.700     8.3360   3.664454    34.9787    27.2060 0.0000e+00
       3357    307.907     8.3445   3.664953    34.9759    27.2026 0.0000e+00
       3358    307.060     8.3517   3.665409    34.9740    27.2000 0.0000e+00
       3359    306.179     8.3515   3.665095    34.9713    27.1979 0.0000e+00
       3360    305.302     8.3474   3.665119    34.9761    27.2022 0.0000e+00
       3361    304.452     8.3467   3.665574    34.9820    27.2070 0.0000e+00
       3362    303.625     8.3489   3.665561    34.9801    27.2051 0.0000e+00
       3363    302.795     8.3523   3.665067    34.9718    27.1982 0.0000e+00
       3364    301.939     8.3587   3.664978    34.9650    27.1918 0.0000e+00
       3365    301.057     8.3655   3.665271    34.9617    27.1882 0.0000e+00
       3366    300.176     8.3660   3.665211    34.9610    27.1876 0.0000e+00
       3367    299.326     8.3607   3.665208    34.9667    27.1928 0.0000e+00
       3368    298.506     8.3567   3.665475    34.9739    27.1991 0.0000e+00
       3369    297.684     8.3577   3.665429    34.9728    27.1981 0.0000e+00
       3370    296.818     8.3633   3.665427    34.9676    27.1931 0.0000e+00
       3371    295.874     8.3712   3.665959    34.9659    27.1906 0.0000e+00
       3372    294.859     8.3766   3.666296    34.9646    27.1887 0.0000e+00
       3373    293.840     8.3772   3.666092    34.9623    27.1868 0.0000e+00
       3374    292.905     8.3758   3.665995    34.9631    27.1877 0.0000e+00
       3375    292.061     8.3745   3.665967    34.9645    27.1890 0.0000e+00
       3376    291.225     8.3684   3.665047    34.9612    27.1873 0.0000e+00
       3377    290.318     8.3544   3.662985    34.9536    27.1835 0.0000e+00
       3378    289.320     8.3392   3.660887    34.9468    27.1805 0.0000e+00
       3379    288.268     8.3305   3.659885    34.9453    27.1807 0.0000e+00
       3380    287.246     8.3286   3.659848    34.9472    27.1825 0.0000e+00
       3381    286.311     8.3303   3.659953    34.9471    27.1821 0.0000e+00
       3382    285.427     8.3309   3.659783    34.9451    27.1805 0.0000e+00
       3383    284.511     8.3272   3.658986    34.9408    27.1776 0.0000e+00
       3384    283.513     8.3205   3.657704    34.9342    27.1735 0.0000e+00
       3385    282.446     8.3154   3.656961    34.9319    27.1725 0.0000e+00
       3386    281.371     8.3137   3.656973    34.9342    27.1746 0.0000e+00
       3387    280.343     8.3142   3.656963    34.9341    27.1744 0.0000e+00
       3388    279.352     8.3143   3.656689    34.9316    27.1724 0.0000e+00
       3389    278.343     8.3117   3.656308    34.9306    27.1720 0.0000e+00
       3390    277.269     8.3067   3.655787    34.9305    27.1727 0.0000e+00
       3391    276.148     8.3029   3.655337    34.9300    27.1729 0.0000e+00
       3392    275.044     8.3018   3.654759    34.9255    27.1695 0.0000e+00
       3393    273.991     8.3002   3.653894    34.9184    27.1642 0.0000e+00
       3394    272.966     8.2969   3.653436    34.9172    27.1638 0.0000e+00
       3395    271.905     8.2910   3.652885    34.9177    27.1651 0.0000e+00
       3396    270.760     8.2813   3.651360    34.9117    27.1618 0.0000e+00
       3397    269.553     8.2716   3.649795    34.9052    27.1582 0.0000e+00
       3398    268.383     8.2670   3.649123    34.9031    27.1573 0.0000e+00
       3399    267.314     8.2675   3.649038    34.9023    27.1566 0.0000e+00
       3400    266.287     8.2668   3.648806    34.9010    27.1557 0.0000e+00
       3401    265.184     8.2599   3.647700    34.8965    27.1532 0.0000e+00
       3402    263.944     8.2466   3.645599    34.8879    27.1485 0.0000e+00
       3403    262.608     8.2298   3.643256    34.8802    27.1451 0.0000e+00
       3404    261.292     8.2170   3.641905    34.8792    27.1461 0.0000e+00
       3405    260.093     8.2157   3.641988    34.8819    27.1485 0.0000e+00
       3406    259.009     8.2194   3.642343    34.8825    27.1484 0.0000e+00
       3407    257.944     8.2073   3.641374    34.8847    27.1520 0.0000e+00
       3408    256.811     8.1686   3.637338    34.8806    27.1546 0.0000e+00
       3409    255.588     8.1284   3.633215    34.8770    27.1579 0.0000e+00
       3410    254.307     8.1220   3.633680    34.8890    27.1683 0.0000e+00
       3411    253.017     8.1395   3.634398    34.8799    27.1585 0.0000e+00
       3412    251.752     8.1424   3.631064    34.8420    27.1283 0.0000e+00
       3413    250.526     8.1245   3.627010    34.8170    27.1114 0.0000e+00
       3414    249.305     8.1017   3.625673    34.8259    27.1218 0.0000e+00
       3415    248.027     8.0677   3.623964    34.8420    27.1396 0.0000e+00
       3416    246.666     8.0152   3.617251    34.8228    27.1325 0.0000e+00
       3417    245.288     7.9707   3.610720    34.7977    27.1193 0.0000e+00
       3418    244.023     7.9490   3.608343    34.7943    27.1200 0.0000e+00
       3419    242.877     7.9042   3.603043    34.7825    27.1173 0.0000e+00
       3420    241.689     7.7857   3.587836    34.7372    27.0993 0.0000e+00
       3421    240.323     7.6317   3.567110    34.6673    27.0669 0.0000e+00
       3422    238.808     7.5321   3.554082    34.6261    27.0490 0.0000e+00
       3423    237.319     7.5091   3.552137    34.6287    27.0543 0.0000e+00
       3424    236.000     7.5210   3.554113    34.6389    27.0606 0.0000e+00
       3425    234.816     7.5284   3.555574    34.6479    27.0666 0.0000e+00
       3426    233.607     7.5084   3.553387    34.6447    27.0670 0.0000e+00
       3427    232.262     7.4679   3.547150    34.6180    27.0519 0.0000e+00
       3428    230.816     7.4357   3.542764    34.6032    27.0448 0.0000e+00
       3429    229.381     7.4272   3.543025    34.6152    27.0555 0.0000e+00
       3430    228.007     7.4353   3.544683    34.6258    27.0626 0.0000e+00
       3431    226.643     7.4426   3.545636    34.6295    27.0645 0.0000e+00
       3432    225.226     7.4343   3.544615    34.6274    27.0641 0.0000e+00
       3433    223.758     7.4148   3.542302    34.6224    27.0629 0.0000e+00
       3434    222.293     7.4067   3.542453    34.6329    27.0723 0.0000e+00
       3435    220.873     7.4200   3.544124    34.6385    27.0748 0.0000e+00
       3436    219.485     7.4367   3.544492    34.6265    27.0630 0.0000e+00
       3437    218.078     7.4346   3.543982    34.6237    27.0611 0.0000e+00
       3438    216.612     7.4110   3.541842    34.6247    27.0653 0.0000e+00
       3439    215.106     7.3790   3.539564    34.6326    27.0760 0.0000e+00
       3440    213.605     7.3594   3.540475    34.6628    27.1026 0.0000e+00
       3441    212.122     7.3643   3.542858    34.6846    27.1191 0.0000e+00
       3442    210.632     7.3725   3.542212    34.6701    27.1065 0.0000e+00
       3443    209.102     7.3497   3.535981    34.6258    27.0749 0.0000e+00
       3444    207.554     7.3103   3.529598    34.5963    27.0573 0.0000e+00
       3445    206.055     7.2989   3.528946    34.6013    27.0628 0.0000e+00
       3446    204.620     7.3094   3.529862    34.6015    27.0615 0.0000e+00
       3447    203.183     7.2588   3.524235    34.5914    27.0607 0.0000e+00
       3448    201.644     7.0731   3.499923    34.5118    27.0240 0.0000e+00
       3449    199.985     6.8296   3.466130    34.3845    26.9573 0.0000e+00
       3450    198.317     6.6776   3.451035    34.3708    26.9670 0.0000e+00
       3451    196.771     6.6426   3.452426    34.4221    27.0122 0.0000e+00
       3452    195.364     6.6534   3.455235    34.4431    27.0273 0.0000e+00
       3453    193.979     6.6370   3.454119    34.4479    27.0332 0.0000e+00
       3454    192.490     6.5532   3.441727    34.3954    27.0030 0.0000e+00
       3455    190.894     6.4319   3.423210    34.3121    26.9534 0.0000e+00
       3456    189.283     6.3335   3.413385    34.3023    26.9585 0.0000e+00
       3457    187.730     6.2767   3.413739    34.3643    27.0148 0.0000e+00
       3458    186.213     6.2204   3.412523    34.4083    27.0569 0.0000e+00
       3459    184.643     6.0959   3.393581    34.3225    27.0051 0.0000e+00
       3460    182.993     5.9148   3.363343    34.1658    26.9042 0.0000e+00
       3461    181.375     5.7879   3.348375    34.1256    26.8882 0.0000e+00
       3462    179.899     5.7618   3.350313    34.1747    26.9302 0.0000e+00
       3463    178.502     5.7712   3.353308    34.1998    26.9489 0.0000e+00
       3464    177.018     5.7532   3.349037    34.1704    26.9279 0.0000e+00
       3465    175.370     5.7090   3.339648    34.1096    26.8852 0.0000e+00
       3466    173.638     5.6728   3.334468    34.0883    26.8728 0.0000e+00
       3467    171.967     5.6593   3.335509    34.1146    26.8953 0.0000e+00
       3468    170.416     5.6572   3.338145    34.1475    26.9215 0.0000e+00
       3469    168.941     5.6567   3.339595    34.1652    26.9356 0.0000e+00
       3470    167.467     5.6508   3.339151    34.1669    26.9377 0.0000e+00
       3471    165.942     5.6314   3.336955    34.1624    26.9365 0.0000e+00
       3472    164.350     5.5930   3.330950    34.1338    26.9186 0.0000e+00
       3473    162.710     5.5394   3.321469    34.0811    26.8833 0.0000e+00
       3474    161.072     5.4866   3.314545    34.0565    26.8702 0.0000e+00
       3475    159.465     5.4490   3.311834    34.0645    26.8811 0.0000e+00
       3476    157.857     5.4240   3.309141    34.0600    26.8804 0.0000e+00
       3477    156.205     5.4013   3.305048    34.0371    26.8650 0.0000e+00
       3478    154.536     5.3807   3.302516    34.0299    26.8618 0.0000e+00
       3479    152.915     5.3662   3.303487    34.0565    26.8846 0.0000e+00
       3480    151.339     5.3503   3.303624    34.0751    26.9012 0.0000e+00
       3481    149.721     5.3137   3.297015    34.0374    26.8757 0.0000e+00
       3482    148.011     5.2510   3.285606    33.9712    26.8306 0.0000e+00
       3483    146.285     5.1896   3.277939    33.9464    26.8181 0.0000e+00
       3484    144.660     5.1609   3.278043    33.9775    26.8461 0.0000e+00
       3485    143.154     5.1625   3.281507    34.0165    26.8768 0.0000e+00
       3486    141.673     5.1483   3.281405    34.0306    26.8896 0.0000e+00
       3487    140.127     5.0746   3.273766    34.0185    26.8885 0.0000e+00
