Datasets/Test_Dataset_39219_tow/originals/tel219_2021_056.cnv
* Sea-Bird SBE19plus Data File:
* Filename = C:/AQUIRE/tel219_2021_056.hex
* Software Version AquireV2 AF V2.0
* Temperature SN =  4020
* Conductivity SN =  4020
* System UpLoad Time = May 14 2021 00:39:39
** VESSEL/TRIP/SEQ STN: tel219_2021_056
** LATITUDE: 45 09.48 N
** LONGITUDE: 55 00.06 W
** DATE/TIME: 2021-05-13 23:47
** SOUNDING DEPTH (M): 0147
** PROBE TYPE: S4020
** CTD NUMBER:  56
** FORMAT: t
** COMMENTS: 
# nquan = 7                                 
# nvalues = 3023                        
# units = specified
# name 0 = scan: Scan Count
# name 1 = prdM: Pressure, Strain Gauge [db]
# name 2 = tv290C: Temperature [ITS-90, deg C]
# name 3 = c0S/m: Conductivity [S/m]
# name 4 = sal00: Salinity, Practical [PSU]
# name 5 = sigma-t00: Density [sigma-t, kg/m^3 ]
# name 6 = flag: flag
# span 0 =          1,       3023       
# span 1 =     -0.072,    144.048       
# span 2 =     0.3589,     4.2244       
# span 3 =   0.013834,   3.113967       
# span 4 =     0.1068,    33.6242       
# span 5 =     0.0609,    26.7713       
# span 6 = 0.0000e+00, 0.0000e+00       
# interval = seconds: 1
# start_time = May 13 2021 23:47:00 [Instrument's time stamp, header]
# bad_flag = -9.990e-29
*END*
          1     -0.057     4.1627   0.014131     0.1092     0.0628 0.0000e+00
          2     -0.058     4.1625   0.014117     0.1091     0.0628 0.0000e+00
          3     -0.058     4.1625   0.014103     0.1090     0.0627 0.0000e+00
          4     -0.056     4.1627   0.014100     0.1090     0.0626 0.0000e+00
          5     -0.054     4.1629   0.014097     0.1089     0.0626 0.0000e+00
          6     -0.055     4.1631   0.014083     0.1088     0.0625 0.0000e+00
          7     -0.059     4.1631   0.014058     0.1086     0.0624 0.0000e+00
          8     -0.060     4.1631   0.014036     0.1085     0.0622 0.0000e+00
          9     -0.057     4.1631   0.014043     0.1085     0.0623 0.0000e+00
         10     -0.055     4.1632   0.014062     0.1087     0.0624 0.0000e+00
         11     -0.057     4.1631   0.014053     0.1086     0.0623 0.0000e+00
         12     -0.058     4.1628   0.014024     0.1084     0.0621 0.0000e+00
         13     -0.057     4.1626   0.014009     0.1082     0.0621 0.0000e+00
         14     -0.056     4.1631   0.014008     0.1082     0.0620 0.0000e+00
         15     -0.057     4.1635   0.013988     0.1081     0.0619 0.0000e+00
         16     -0.060     4.1636   0.013954     0.1078     0.0617 0.0000e+00
         17     -0.061     4.1632   0.013923     0.1076     0.0615 0.0000e+00
         18     -0.060     4.1630   0.013905     0.1074     0.0614 0.0000e+00
         19     -0.059     4.1627   0.013902     0.1074     0.0614 0.0000e+00
         20     -0.061     4.1623   0.013910     0.1075     0.0614 0.0000e+00
         21     -0.063     4.1619   0.013909     0.1074     0.0614 0.0000e+00
         22     -0.059     4.1619   0.013902     0.1074     0.0614 0.0000e+00
         23     -0.056     4.1620   0.013890     0.1073     0.0613 0.0000e+00
         24     -0.057     4.1623   0.013870     0.1071     0.0612 0.0000e+00
         25     -0.057     4.1624   0.013846     0.1069     0.0610 0.0000e+00
         26     -0.055     4.1624   0.013835     0.1069     0.0609 0.0000e+00
         27     -0.053     4.1624   0.013835     0.1069     0.0609 0.0000e+00
         28     -0.054     4.1625   0.013834     0.1068     0.0609 0.0000e+00
         29     -0.055     4.1625   0.013838     0.1069     0.0610 0.0000e+00
         30     -0.055     4.1624   0.013846     0.1069     0.0610 0.0000e+00
         31     -0.055     4.1624   0.013841     0.1069     0.0610 0.0000e+00
         32     -0.055     4.1619   0.013839     0.1069     0.0610 0.0000e+00
         33     -0.053     4.1605   0.013884     0.1073     0.0613 0.0000e+00
         34     -0.051     4.1589   0.013955     0.1078     0.0617 0.0000e+00
         35     -0.051     4.1582   0.013990     0.1081     0.0620 0.0000e+00
         36     -0.053     4.1584   0.013993     0.1081     0.0620 0.0000e+00
         37     -0.055     4.1587   0.013991     0.1081     0.0620 0.0000e+00
         38     -0.056     4.1593   0.013987     0.1081     0.0619 0.0000e+00
         39     -0.056     4.1596   0.013968     0.1079     0.0618 0.0000e+00
         40     -0.055     4.1599   0.013940     0.1077     0.0616 0.0000e+00
         41     -0.055     4.1601   0.013916     0.1075     0.0615 0.0000e+00
         42     -0.055     4.1606   0.013904     0.1074     0.0614 0.0000e+00
         43     -0.055     4.1609   0.013891     0.1073     0.0613 0.0000e+00
         44     -0.057     4.1610   0.013876     0.1072     0.0612 0.0000e+00
         45     -0.057     4.1610   0.013866     0.1071     0.0611 0.0000e+00
         46     -0.055     4.1611   0.013864     0.1071     0.0611 0.0000e+00
         47     -0.057     4.1612   0.013863     0.1071     0.0611 0.0000e+00
         48     -0.060     4.1610   0.013860     0.1071     0.0611 0.0000e+00
         49     -0.062     4.1609   0.013856     0.1070     0.0611 0.0000e+00
         50     -0.064     4.1609   0.013852     0.1070     0.0611 0.0000e+00
         51     -0.066     4.1611   0.013866     0.1071     0.0611 0.0000e+00
         52     -0.065     4.1614   0.013891     0.1073     0.0613 0.0000e+00
         53     -0.063     4.1616   0.013900     0.1074     0.0614 0.0000e+00
         54     -0.062     4.1617   0.013886     0.1073     0.0613 0.0000e+00
         55     -0.060     4.1619   0.013867     0.1071     0.0611 0.0000e+00
         56     -0.058     4.1621   0.013870     0.1071     0.0612 0.0000e+00
         57     -0.055     4.1623   0.013886     0.1073     0.0613 0.0000e+00
         58     -0.051     4.1623   0.013892     0.1073     0.0613 0.0000e+00
         59     -0.051     4.1621   0.013889     0.1073     0.0613 0.0000e+00
         60     -0.054     4.1620   0.013887     0.1073     0.0613 0.0000e+00
         61     -0.057     4.1621   0.013897     0.1074     0.0613 0.0000e+00
         62     -0.059     4.1623   0.013906     0.1074     0.0614 0.0000e+00
         63     -0.060     4.1622   0.013915     0.1075     0.0615 0.0000e+00
         64     -0.061     4.1618   0.013929     0.1076     0.0615 0.0000e+00
         65     -0.061     4.1617   0.013941     0.1077     0.0616 0.0000e+00
         66     -0.060     4.1619   0.013936     0.1077     0.0616 0.0000e+00
         67     -0.059     4.1620   0.013918     0.1075     0.0615 0.0000e+00
         68     -0.058     4.1619   0.013908     0.1074     0.0614 0.0000e+00
         69     -0.056     4.1616   0.013917     0.1075     0.0615 0.0000e+00
         70     -0.056     4.1615   0.013937     0.1077     0.0616 0.0000e+00
         71     -0.058     4.1616   0.013950     0.1078     0.0617 0.0000e+00
         72     -0.060     4.1615   0.013945     0.1077     0.0616 0.0000e+00
         73     -0.062     4.1599   0.013942     0.1077     0.0616 0.0000e+00
         74     -0.063     4.1570   0.013978     0.1080     0.0619 0.0000e+00
         75     -0.063     4.1546   0.014034     0.1085     0.0623 0.0000e+00
         76     -0.063     4.1539   0.014074     0.1088     0.0625 0.0000e+00
         77     -0.061     4.1544   0.014094     0.1089     0.0626 0.0000e+00
         78     -0.059     4.1554   0.014101     0.1090     0.0627 0.0000e+00
         79     -0.059     4.1561   0.014114     0.1091     0.0628 0.0000e+00
         80     -0.059     4.1564   0.014140     0.1093     0.0629 0.0000e+00
         81     -0.059     4.1567   0.014162     0.1095     0.0631 0.0000e+00
         82     -0.058     4.1570   0.014170     0.1095     0.0631 0.0000e+00
         83     -0.058     4.1571   0.014187     0.1097     0.0632 0.0000e+00
         84     -0.058     4.1572   0.014223     0.1100     0.0635 0.0000e+00
         85     -0.060     4.1573   0.014259     0.1103     0.0637 0.0000e+00
         86     -0.061     4.1575   0.014273     0.1104     0.0638 0.0000e+00
         87     -0.061     4.1580   0.014268     0.1103     0.0637 0.0000e+00
         88     -0.062     4.1582   0.014275     0.1104     0.0638 0.0000e+00
         89     -0.061     4.1578   0.014295     0.1105     0.0639 0.0000e+00
         90     -0.060     4.1572   0.014299     0.1106     0.0640 0.0000e+00
         91     -0.060     4.1567   0.014294     0.1105     0.0639 0.0000e+00
         92     -0.060     4.1563   0.014319     0.1107     0.0641 0.0000e+00
         93     -0.060     4.1563   0.014363     0.1111     0.0644 0.0000e+00
         94     -0.059     4.1565   0.014381     0.1112     0.0645 0.0000e+00
         95     -0.056     4.1569   0.014368     0.1111     0.0644 0.0000e+00
         96     -0.054     4.1574   0.014358     0.1110     0.0643 0.0000e+00
         97     -0.056     4.1577   0.014390     0.1113     0.0645 0.0000e+00
         98     -0.058     4.1576   0.014461     0.1119     0.0650 0.0000e+00
         99     -0.058     4.1573   0.014524     0.1124     0.0654 0.0000e+00
        100     -0.056     4.1573   0.014545     0.1125     0.0655 0.0000e+00
        101     -0.053     4.1577   0.014544     0.1125     0.0655 0.0000e+00
        102     -0.052     4.1582   0.014576     0.1128     0.0657 0.0000e+00
        103     -0.054     4.1582   0.014633     0.1132     0.0661 0.0000e+00
        104     -0.058     4.1571   0.014618     0.1131     0.0660 0.0000e+00
        105     -0.061     4.1555   0.014517     0.1123     0.0654 0.0000e+00
        106     -0.062     4.1539   0.014426     0.1116     0.0648 0.0000e+00
        107     -0.062     4.1525   0.014382     0.1113     0.0645 0.0000e+00
        108     -0.059     4.1518   0.014379     0.1112     0.0645 0.0000e+00
        109     -0.056     4.1518   0.014387     0.1113     0.0645 0.0000e+00
        110     -0.055     4.1522   0.014390     0.1113     0.0646 0.0000e+00
        111     -0.054     4.1521   0.014400     0.1114     0.0646 0.0000e+00
        112     -0.053     4.1510   0.014432     0.1117     0.0648 0.0000e+00
        113     -0.053     4.1502   0.014464     0.1119     0.0651 0.0000e+00
        114     -0.055     4.1505   0.014478     0.1120     0.0651 0.0000e+00
        115     -0.058     4.1513   0.014508     0.1123     0.0653 0.0000e+00
        116     -0.060     4.1517   0.014582     0.1129     0.0658 0.0000e+00
        117     -0.061     4.1513   0.014674     0.1136     0.0664 0.0000e+00
        118     -0.064     4.1507   0.014741     0.1141     0.0668 0.0000e+00
        119     -0.067     4.1503   0.014722     0.1140     0.0667 0.0000e+00
        120     -0.065     4.1505   0.014636     0.1133     0.0662 0.0000e+00
        121     -0.059     4.1513   0.014573     0.1128     0.0658 0.0000e+00
        122     -0.055     4.1522   0.014551     0.1126     0.0656 0.0000e+00
        123     -0.055     4.1528   0.014537     0.1125     0.0655 0.0000e+00
        124     -0.057     4.1532   0.014526     0.1124     0.0654 0.0000e+00
        125     -0.058     4.1536   0.014521     0.1124     0.0654 0.0000e+00
        126     -0.058     4.1541   0.014526     0.1124     0.0654 0.0000e+00
        127     -0.057     4.1547   0.014525     0.1124     0.0654 0.0000e+00
        128     -0.058     4.1555   0.014502     0.1122     0.0653 0.0000e+00
        129     -0.059     4.1561   0.014484     0.1121     0.0652 0.0000e+00
        130     -0.059     4.1564   0.014494     0.1121     0.0652 0.0000e+00
        131     -0.059     4.1567   0.014508     0.1123     0.0653 0.0000e+00
        132     -0.057     4.1570   0.014508     0.1122     0.0653 0.0000e+00
        133     -0.054     4.1570   0.014525     0.1124     0.0654 0.0000e+00
        134     -0.053     4.1568   0.014587     0.1129     0.0658 0.0000e+00
        135     -0.054     4.1565   0.014660     0.1135     0.0663 0.0000e+00
        136     -0.056     4.1559   0.014716     0.1139     0.0666 0.0000e+00
        137     -0.055     4.1544   0.014775     0.1144     0.0670 0.0000e+00
        138     -0.056     4.1494   0.014917     0.1155     0.0680 0.0000e+00
        139     -0.058     4.1394   0.015259     0.1183     0.0702 0.0000e+00
        140     -0.056     4.1287   0.015767     0.1224     0.0736 0.0000e+00
        141     -0.053     4.1227   0.016284     0.1266     0.0770 0.0000e+00
        142     -0.052     4.1207   0.016741     0.1303     0.0799 0.0000e+00
        143     -0.053     4.1197   0.017162     0.1337     0.0827 0.0000e+00
        144     -0.055     4.1188   0.017533     0.1367     0.0851 0.0000e+00
        145     -0.054     4.1182   0.017879     0.1395     0.0874 0.0000e+00
        146     -0.051     4.1174   0.018353     0.1433     0.0904 0.0000e+00
        147     -0.050     4.1166   0.019080     0.1492     0.0952 0.0000e+00
        148     -0.052     4.1153   0.019934     0.1561     0.1008 0.0000e+00
        149     -0.056     4.1138   0.020647     0.1619     0.1054 0.0000e+00
        150     -0.059     4.1114   0.021121     0.1658     0.1086 0.0000e+00
        151     -0.059     4.1092   0.021494     0.1688     0.1110 0.0000e+00
        152     -0.058     4.1084   0.022053     0.1734     0.1147 0.0000e+00
        153     -0.058     4.1068   0.023185     0.1826     0.1221 0.0000e+00
        154     -0.057     4.1022   0.024885     0.1965     0.1334 0.0000e+00
        155     -0.054     4.0967   0.026442     0.2093     0.1437 0.0000e+00
        156     -0.054     4.0929   0.027260     0.2161     0.1491 0.0000e+00
        157     -0.055     4.0897   0.028255     0.2243     0.1558 0.0000e+00
        158     -0.056     4.0853   0.030324     0.2414     0.1695 0.0000e+00
        159     -0.058     4.0814   0.032587     0.2601     0.1846 0.0000e+00
        160     -0.060     4.0792   0.033951     0.2714     0.1938 0.0000e+00
        161     -0.062     4.0793   0.033995     0.2718     0.1941 0.0000e+00
        162     -0.063     4.0824   0.033112     0.2645     0.1881 0.0000e+00
        163     -0.060     4.0870   0.032272     0.2575     0.1825 0.0000e+00
        164     -0.058     4.0903   0.032023     0.2554     0.1808 0.0000e+00
        165     -0.061     4.0918   0.032343     0.2580     0.1829 0.0000e+00
        166     -0.066     4.0929   0.032592     0.2601     0.1846 0.0000e+00
        167     -0.068     4.0950   0.032143     0.2563     0.1816 0.0000e+00
        168     -0.066     4.0983   0.031323     0.2495     0.1761 0.0000e+00
        169     -0.062     4.1009   0.030842     0.2455     0.1728 0.0000e+00
        170     -0.058     4.1000   0.031439     0.2505     0.1768 0.0000e+00
        171     -0.054     4.0953   0.032834     0.2620     0.1862 0.0000e+00
        172     -0.052     4.0907   0.033168     0.2649     0.1884 0.0000e+00
        173     -0.052     4.0892   0.032079     0.2558     0.1812 0.0000e+00
        174     -0.054     4.0893   0.030862     0.2458     0.1731 0.0000e+00
        175     -0.057     4.0895   0.029942     0.2382     0.1670 0.0000e+00
        176     -0.059     4.0903   0.029270     0.2326     0.1625 0.0000e+00
        177     -0.058     4.0922   0.028948     0.2300     0.1603 0.0000e+00
        178     -0.057     4.0948   0.029163     0.2317     0.1617 0.0000e+00
        179     -0.059     4.0971   0.030030     0.2388     0.1675 0.0000e+00
        180     -0.063     4.0987   0.031204     0.2485     0.1753 0.0000e+00
        181     -0.065     4.1002   0.032249     0.2572     0.1822 0.0000e+00
        182     -0.065     4.1025   0.032907     0.2626     0.1866 0.0000e+00
        183     -0.065     4.1059   0.032820     0.2618     0.1860 0.0000e+00
        184     -0.063     4.1087   0.032057     0.2555     0.1809 0.0000e+00
        185     -0.061     4.1089   0.031214     0.2485     0.1752 0.0000e+00
        186     -0.061     4.1070   0.030749     0.2447     0.1722 0.0000e+00
        187     -0.060     4.1060   0.030674     0.2441     0.1717 0.0000e+00
        188     -0.058     4.1075   0.030548     0.2430     0.1708 0.0000e+00
        189     -0.056     4.1106   0.030004     0.2385     0.1672 0.0000e+00
        190     -0.055     4.1140   0.029182     0.2317     0.1617 0.0000e+00
        191     -0.054     4.1168   0.028378     0.2251     0.1563 0.0000e+00
        192     -0.054     4.1195   0.027709     0.2196     0.1519 0.0000e+00
        193     -0.054     4.1217   0.027152     0.2150     0.1482 0.0000e+00
        194     -0.052     4.1235   0.026676     0.2111     0.1450 0.0000e+00
        195     -0.049     4.1248   0.026238     0.2075     0.1421 0.0000e+00
        196     -0.048     4.1259   0.025802     0.2039     0.1392 0.0000e+00
        197     -0.047     4.1272   0.025382     0.2004     0.1365 0.0000e+00
        198     -0.049     4.1285   0.025013     0.1974     0.1340 0.0000e+00
        199     -0.052     4.1300   0.024712     0.1949     0.1320 0.0000e+00
        200     -0.054     4.1312   0.024464     0.1929     0.1304 0.0000e+00
        201     -0.057     4.1320   0.024235     0.1910     0.1289 0.0000e+00
        202     -0.060     4.1327   0.023987     0.1890     0.1272 0.0000e+00
        203     -0.063     4.1337   0.023732     0.1869     0.1255 0.0000e+00
        204     -0.066     4.1347   0.023506     0.1851     0.1241 0.0000e+00
        205     -0.066     4.1354   0.023338     0.1837     0.1229 0.0000e+00
