Datasets/Test_Dataset_39219_tow/originals/tel219_2021_042.cnv
* Sea-Bird SBE19plus Data File:
* Filename = C:/AQUIRE/tel219_2021_042.hex
* Software Version AquireV2 AF V2.0
* Temperature SN =  4020
* Conductivity SN =  4020
* System UpLoad Time = May 12 2021 10:58:39
** VESSEL/TRIP/SEQ STN: tel219_2021_042
** LATITUDE: 45 08.48 N
** LONGITUDE: 56 06.89 W
** DATE/TIME: 2021-05-12 10:17
** SOUNDING DEPTH (M): 0088
** PROBE TYPE: S4020
** CTD NUMBER:  42
** FORMAT: T
** COMMENTS: 
# nquan = 7                                 
# nvalues = 2539                        
# units = specified
# name 0 = scan: Scan Count
# name 1 = prdM: Pressure, Strain Gauge [db]
# name 2 = tv290C: Temperature [ITS-90, deg C]
# name 3 = c0S/m: Conductivity [S/m]
# name 4 = sal00: Salinity, Practical [PSU]
# name 5 = sigma-t00: Density [sigma-t, kg/m^3 ]
# name 6 = flag: flag
# span 0 =          1,       2539       
# span 1 =     -0.156,     85.644       
# span 2 =     1.1273,     4.6376       
# span 3 =   0.012057,   2.992938       
# span 4 =     0.0917,    32.4424       
# span 5 =     0.0458,    25.9774       
# span 6 = 0.0000e+00, 0.0000e+00       
# interval = seconds: 1
# start_time = May 12 2021 10:17:28 [Instrument's time stamp, header]
# bad_flag = -9.990e-29
*END*
          1     -0.130     4.6232   0.014122     0.1078     0.0585 0.0000e+00
          2     -0.131     4.6234   0.014149     0.1080     0.0587 0.0000e+00
          3     -0.128     4.6235   0.014206     0.1085     0.0590 0.0000e+00
          4     -0.127     4.6235   0.014281     0.1091     0.0595 0.0000e+00
          5     -0.130     4.6235   0.014339     0.1095     0.0599 0.0000e+00
          6     -0.132     4.6236   0.014356     0.1096     0.0600 0.0000e+00
          7     -0.129     4.6238   0.014333     0.1095     0.0598 0.0000e+00
          8     -0.125     4.6240   0.014293     0.1091     0.0596 0.0000e+00
          9     -0.123     4.6243   0.014290     0.1091     0.0596 0.0000e+00
         10     -0.125     4.6244   0.014345     0.1096     0.0599 0.0000e+00
         11     -0.128     4.6246   0.014419     0.1101     0.0604 0.0000e+00
         12     -0.128     4.6248   0.014459     0.1104     0.0606 0.0000e+00
         13     -0.128     4.6250   0.014443     0.1103     0.0605 0.0000e+00
         14     -0.130     4.6250   0.014399     0.1100     0.0602 0.0000e+00
         15     -0.130     4.6250   0.014383     0.1099     0.0601 0.0000e+00
         16     -0.132     4.6250   0.014408     0.1100     0.0603 0.0000e+00
         17     -0.136     4.6250   0.014443     0.1103     0.0605 0.0000e+00
         18     -0.138     4.6250   0.014461     0.1105     0.0606 0.0000e+00
         19     -0.137     4.6252   0.014465     0.1105     0.0607 0.0000e+00
         20     -0.137     4.6255   0.014483     0.1106     0.0608 0.0000e+00
         21     -0.136     4.6258   0.014510     0.1108     0.0609 0.0000e+00
         22     -0.134     4.6260   0.014508     0.1108     0.0609 0.0000e+00
         23     -0.133     4.6262   0.014490     0.1107     0.0608 0.0000e+00
         24     -0.132     4.6263   0.014525     0.1110     0.0610 0.0000e+00
         25     -0.129     4.6265   0.014611     0.1116     0.0616 0.0000e+00
         26     -0.126     4.6265   0.014685     0.1122     0.0620 0.0000e+00
         27     -0.127     4.6268   0.014735     0.1126     0.0623 0.0000e+00
         28     -0.127     4.6272   0.014763     0.1128     0.0625 0.0000e+00
         29     -0.126     4.6275   0.014752     0.1128     0.0624 0.0000e+00
         30     -0.128     4.6279   0.014738     0.1126     0.0624 0.0000e+00
         31     -0.132     4.6281   0.014759     0.1128     0.0625 0.0000e+00
         32     -0.135     4.6283   0.014778     0.1130     0.0626 0.0000e+00
         33     -0.135     4.6286   0.014785     0.1130     0.0626 0.0000e+00
         34     -0.134     4.6288   0.014813     0.1132     0.0628 0.0000e+00
         35     -0.131     4.6288   0.014849     0.1135     0.0630 0.0000e+00
         36     -0.128     4.6288   0.014846     0.1135     0.0630 0.0000e+00
         37     -0.126     4.6290   0.014824     0.1133     0.0629 0.0000e+00
         38     -0.126     4.6294   0.014828     0.1133     0.0629 0.0000e+00
         39     -0.126     4.6296   0.014849     0.1135     0.0630 0.0000e+00
         40     -0.125     4.6298   0.014862     0.1136     0.0631 0.0000e+00
         41     -0.125     4.6303   0.014866     0.1136     0.0631 0.0000e+00
         42     -0.128     4.6308   0.014857     0.1136     0.0631 0.0000e+00
         43     -0.132     4.6315   0.014831     0.1134     0.0629 0.0000e+00
         44     -0.135     4.6319   0.014812     0.1132     0.0628 0.0000e+00
         45     -0.136     4.6319   0.014820     0.1133     0.0628 0.0000e+00
         46     -0.133     4.6319   0.014836     0.1134     0.0629 0.0000e+00
         47     -0.127     4.6317   0.014832     0.1134     0.0629 0.0000e+00
         48     -0.123     4.6317   0.014840     0.1134     0.0629 0.0000e+00
         49     -0.121     4.6318   0.014875     0.1137     0.0632 0.0000e+00
         50     -0.123     4.6320   0.014890     0.1138     0.0633 0.0000e+00
         51     -0.126     4.6323   0.014857     0.1136     0.0630 0.0000e+00
         52     -0.127     4.6323   0.014834     0.1134     0.0629 0.0000e+00
         53     -0.128     4.6323   0.014871     0.1137     0.0631 0.0000e+00
         54     -0.129     4.6324   0.014914     0.1140     0.0634 0.0000e+00
         55     -0.130     4.6326   0.014922     0.1141     0.0635 0.0000e+00
         56     -0.132     4.6326   0.014926     0.1141     0.0635 0.0000e+00
         57     -0.134     4.6326   0.014925     0.1141     0.0635 0.0000e+00
         58     -0.135     4.6327   0.014919     0.1141     0.0634 0.0000e+00
         59     -0.134     4.6328   0.014933     0.1142     0.0635 0.0000e+00
         60     -0.131     4.6329   0.014977     0.1145     0.0638 0.0000e+00
         61     -0.129     4.6332   0.015027     0.1149     0.0641 0.0000e+00
         62     -0.126     4.6334   0.015040     0.1150     0.0642 0.0000e+00
         63     -0.125     4.6334   0.014999     0.1147     0.0639 0.0000e+00
         64     -0.126     4.6335   0.014934     0.1142     0.0635 0.0000e+00
         65     -0.131     4.6336   0.014898     0.1139     0.0633 0.0000e+00
         66     -0.135     4.6338   0.014915     0.1140     0.0634 0.0000e+00
         67     -0.135     4.6338   0.014971     0.1145     0.0638 0.0000e+00
         68     -0.135     4.6338   0.015047     0.1151     0.0642 0.0000e+00
         69     -0.134     4.6340   0.015082     0.1153     0.0645 0.0000e+00
         70     -0.131     4.6341   0.015025     0.1149     0.0641 0.0000e+00
         71     -0.128     4.6342   0.014925     0.1141     0.0635 0.0000e+00
         72     -0.127     4.6342   0.014891     0.1138     0.0632 0.0000e+00
         73     -0.128     4.6342   0.014953     0.1143     0.0636 0.0000e+00
         74     -0.129     4.6342   0.015031     0.1149     0.0641 0.0000e+00
         75     -0.130     4.6343   0.015045     0.1150     0.0642 0.0000e+00
         76     -0.132     4.6345   0.014993     0.1146     0.0639 0.0000e+00
         77     -0.134     4.6345   0.014951     0.1143     0.0636 0.0000e+00
         78     -0.133     4.6344   0.014977     0.1145     0.0638 0.0000e+00
         79     -0.133     4.6343   0.015023     0.1149     0.0641 0.0000e+00
         80     -0.132     4.6345   0.015029     0.1149     0.0641 0.0000e+00
         81     -0.130     4.6348   0.015011     0.1148     0.0640 0.0000e+00
         82     -0.129     4.6349   0.015002     0.1147     0.0639 0.0000e+00
         83     -0.130     4.6350   0.014983     0.1145     0.0638 0.0000e+00
         84     -0.130     4.6350   0.014934     0.1142     0.0635 0.0000e+00
         85     -0.130     4.6351   0.014900     0.1139     0.0633 0.0000e+00
         86     -0.130     4.6354   0.014921     0.1141     0.0634 0.0000e+00
         87     -0.131     4.6355   0.014973     0.1145     0.0637 0.0000e+00
         88     -0.130     4.6355   0.015006     0.1147     0.0640 0.0000e+00
         89     -0.128     4.6356   0.014988     0.1146     0.0638 0.0000e+00
         90     -0.129     4.6356   0.014916     0.1140     0.0634 0.0000e+00
         91     -0.129     4.6356   0.014841     0.1134     0.0629 0.0000e+00
         92     -0.128     4.6356   0.014833     0.1134     0.0629 0.0000e+00
         93     -0.128     4.6357   0.014911     0.1140     0.0633 0.0000e+00
         94     -0.129     4.6357   0.014982     0.1145     0.0638 0.0000e+00
         95     -0.131     4.6356   0.014940     0.1142     0.0635 0.0000e+00
         96     -0.130     4.6354   0.014825     0.1133     0.0628 0.0000e+00
         97     -0.128     4.6353   0.014753     0.1127     0.0623 0.0000e+00
         98     -0.130     4.6356   0.014784     0.1130     0.0625 0.0000e+00
         99     -0.133     4.6359   0.014899     0.1139     0.0633 0.0000e+00
        100     -0.135     4.6364   0.014992     0.1146     0.0638 0.0000e+00
        101     -0.134     4.6367   0.014969     0.1144     0.0637 0.0000e+00
        102     -0.133     4.6371   0.014879     0.1137     0.0631 0.0000e+00
        103     -0.133     4.6372   0.014823     0.1133     0.0628 0.0000e+00
        104     -0.133     4.6371   0.014827     0.1133     0.0628 0.0000e+00
        105     -0.133     4.6368   0.014856     0.1135     0.0630 0.0000e+00
        106     -0.133     4.6366   0.014870     0.1137     0.0631 0.0000e+00
        107     -0.137     4.6367   0.014843     0.1134     0.0629 0.0000e+00
        108     -0.140     4.6368   0.014782     0.1130     0.0625 0.0000e+00
        109     -0.137     4.6368   0.014716     0.1124     0.0621 0.0000e+00
        110     -0.131     4.6368   0.014653     0.1119     0.0617 0.0000e+00
        111     -0.127     4.6370   0.014601     0.1115     0.0614 0.0000e+00
        112     -0.125     4.6371   0.014575     0.1113     0.0612 0.0000e+00
        113     -0.125     4.6368   0.014579     0.1114     0.0612 0.0000e+00
        114     -0.124     4.6366   0.014586     0.1114     0.0613 0.0000e+00
        115     -0.122     4.6365   0.014565     0.1113     0.0611 0.0000e+00
        116     -0.122     4.6367   0.014516     0.1109     0.0608 0.0000e+00
        117     -0.123     4.6370   0.014467     0.1105     0.0605 0.0000e+00
        118     -0.125     4.6372   0.014427     0.1102     0.0603 0.0000e+00
        119     -0.127     4.6372   0.014393     0.1099     0.0600 0.0000e+00
        120     -0.130     4.6372   0.014375     0.1098     0.0599 0.0000e+00
        121     -0.134     4.6372   0.014394     0.1099     0.0600 0.0000e+00
        122     -0.134     4.6372   0.014454     0.1104     0.0604 0.0000e+00
        123     -0.132     4.6372   0.014519     0.1109     0.0608 0.0000e+00
        124     -0.130     4.6371   0.014531     0.1110     0.0609 0.0000e+00
        125     -0.126     4.6368   0.014474     0.1105     0.0606 0.0000e+00
        126     -0.125     4.6367   0.014402     0.1100     0.0601 0.0000e+00
        127     -0.128     4.6368   0.014367     0.1097     0.0599 0.0000e+00
        128     -0.131     4.6368   0.014380     0.1098     0.0600 0.0000e+00
        129     -0.134     4.6369   0.014419     0.1101     0.0602 0.0000e+00
        130     -0.136     4.6371   0.014444     0.1103     0.0604 0.0000e+00
        131     -0.134     4.6372   0.014433     0.1102     0.0603 0.0000e+00
        132     -0.131     4.6373   0.014398     0.1099     0.0601 0.0000e+00
        133     -0.131     4.6375   0.014359     0.1096     0.0598 0.0000e+00
        134     -0.132     4.6376   0.014327     0.1094     0.0596 0.0000e+00
        135     -0.132     4.6376   0.014314     0.1093     0.0595 0.0000e+00
        136     -0.133     4.6376   0.014312     0.1093     0.0595 0.0000e+00
        137     -0.134     4.6376   0.014292     0.1091     0.0594 0.0000e+00
        138     -0.134     4.6376   0.014239     0.1087     0.0591 0.0000e+00
        139     -0.133     4.6376   0.014193     0.1083     0.0588 0.0000e+00
        140     -0.131     4.6376   0.014208     0.1084     0.0589 0.0000e+00
        141     -0.130     4.6375   0.014277     0.1090     0.0593 0.0000e+00
        142     -0.132     4.6375   0.014321     0.1093     0.0596 0.0000e+00
        143     -0.135     4.6374   0.014281     0.1090     0.0593 0.0000e+00
        144     -0.138     4.6372   0.014204     0.1084     0.0588 0.0000e+00
        145     -0.138     4.6371   0.014178     0.1082     0.0587 0.0000e+00
        146     -0.136     4.6368   0.014233     0.1086     0.0590 0.0000e+00
        147     -0.134     4.6365   0.014316     0.1093     0.0596 0.0000e+00
        148     -0.132     4.6362   0.014340     0.1095     0.0597 0.0000e+00
        149     -0.128     4.6361   0.014273     0.1090     0.0593 0.0000e+00
        150     -0.124     4.6359   0.014178     0.1082     0.0587 0.0000e+00
        151     -0.124     4.6357   0.014132     0.1078     0.0584 0.0000e+00
        152     -0.126     4.6357   0.014140     0.1079     0.0585 0.0000e+00
        153     -0.130     4.6357   0.014146     0.1080     0.0585 0.0000e+00
        154     -0.133     4.6357   0.014113     0.1077     0.0583 0.0000e+00
        155     -0.131     4.6357   0.014056     0.1072     0.0579 0.0000e+00
        156     -0.128     4.6357   0.014010     0.1069     0.0576 0.0000e+00
        157     -0.128     4.6356   0.013988     0.1067     0.0575 0.0000e+00
        158     -0.128     4.6355   0.013988     0.1067     0.0575 0.0000e+00
        159     -0.128     4.6353   0.013988     0.1067     0.0575 0.0000e+00
        160     -0.130     4.6353   0.013972     0.1066     0.0574 0.0000e+00
        161     -0.129     4.6353   0.013942     0.1063     0.0572 0.0000e+00
        162     -0.127     4.6352   0.013909     0.1061     0.0570 0.0000e+00
        163     -0.130     4.6350   0.013881     0.1059     0.0568 0.0000e+00
        164     -0.133     4.6349   0.013871     0.1058     0.0568 0.0000e+00
        165     -0.134     4.6347   0.013883     0.1059     0.0568 0.0000e+00
        166     -0.135     4.6342   0.013906     0.1061     0.0570 0.0000e+00
        167     -0.135     4.6334   0.013922     0.1062     0.0571 0.0000e+00
        168     -0.135     4.6328   0.013911     0.1061     0.0570 0.0000e+00
        169     -0.134     4.6326   0.013873     0.1058     0.0568 0.0000e+00
        170     -0.134     4.6325   0.013830     0.1055     0.0565 0.0000e+00
        171     -0.136     4.6323   0.013801     0.1052     0.0564 0.0000e+00
        172     -0.135     4.6323   0.013795     0.1052     0.0563 0.0000e+00
        173     -0.132     4.6322   0.013814     0.1054     0.0564 0.0000e+00
        174     -0.129     4.6320   0.013852     0.1057     0.0567 0.0000e+00
        175     -0.127     4.6319   0.013878     0.1059     0.0568 0.0000e+00
        176     -0.130     4.6319   0.013858     0.1057     0.0567 0.0000e+00
        177     -0.133     4.6316   0.013807     0.1053     0.0564 0.0000e+00
        178     -0.132     4.6312   0.013777     0.1051     0.0562 0.0000e+00
        179     -0.131     4.6311   0.013807     0.1053     0.0564 0.0000e+00
        180     -0.131     4.6311   0.013886     0.1059     0.0569 0.0000e+00
        181     -0.132     4.6310   0.013964     0.1065     0.0574 0.0000e+00
        182     -0.133     4.6307   0.013987     0.1067     0.0576 0.0000e+00
        183     -0.132     4.6304   0.013948     0.1064     0.0573 0.0000e+00
        184     -0.131     4.6304   0.013897     0.1060     0.0570 0.0000e+00
        185     -0.133     4.6303   0.013874     0.1058     0.0568 0.0000e+00
        186     -0.137     4.6301   0.013887     0.1059     0.0569 0.0000e+00
        187     -0.140     4.6298   0.013913     0.1061     0.0571 0.0000e+00
        188     -0.141     4.6296   0.013919     0.1062     0.0571 0.0000e+00
        189     -0.141     4.6292   0.013899     0.1060     0.0570 0.0000e+00
        190     -0.140     4.6288   0.013865     0.1058     0.0568 0.0000e+00
        191     -0.139     4.6285   0.013827     0.1055     0.0566 0.0000e+00
        192     -0.138     4.6282   0.013778     0.1051     0.0563 0.0000e+00
        193     -0.137     4.6281   0.013725     0.1047     0.0559 0.0000e+00
        194     -0.135     4.6278   0.013694     0.1044     0.0557 0.0000e+00
        195     -0.132     4.6274   0.013694     0.1044     0.0557 0.0000e+00
        196     -0.133     4.6273   0.013712     0.1046     0.0559 0.0000e+00
        197     -0.136     4.6273   0.013737     0.1048     0.0560 0.0000e+00
        198     -0.138     4.6270   0.013758     0.1049     0.0562 0.0000e+00
        199     -0.137     4.6266   0.013756     0.1049     0.0561 0.0000e+00
        200     -0.135     4.6264   0.013734     0.1047     0.0560 0.0000e+00
        201     -0.134     4.6262   0.013709     0.1045     0.0559 0.0000e+00
        202     -0.134     4.6259   0.013692     0.1044     0.0557 0.0000e+00
        203     -0.137     4.6258   0.013695     0.1044     0.0558 0.0000e+00
        204     -0.137     4.6258   0.013713     0.1046     0.0559 0.0000e+00
        205     -0.136     4.6255   0.013716     0.1046     0.0559 0.0000e+00
