Datasets/Test_Dataset_39219_tow/originals/tel219_2021_015.cnv
* Sea-Bird SBE19plus Data File:
* Filename = C:/AQUIRE/tel219_2021_015.hex
* Software Version AquireV2 AF V2.0
* Temperature SN =  4020
* Conductivity SN =  4020
* System UpLoad Time = May 07 2021 12:03:26
** VESSEL/TRIP/SEQ STN: tel219_2021_015
** LATITUDE: 46 29.99 N
** LONGITUDE: 56 28.87 W
** DATE/TIME: 2021-05-07 11:23
** SOUNDING DEPTH (M): 0058
** PROBE TYPE: S4020
** CTD NUMBER:  15
** FORMAT: T
** COMMENTS: 
# nquan = 7                                 
# nvalues = 2440                        
# units = specified
# name 0 = scan: Scan Count
# name 1 = prdM: Pressure, Strain Gauge [db]
# name 2 = tv290C: Temperature [ITS-90, deg C]
# name 3 = c0S/m: Conductivity [S/m]
# name 4 = sal00: Salinity, Practical [PSU]
# name 5 = sigma-t00: Density [sigma-t, kg/m^3 ]
# name 6 = flag: flag
# span 0 =          1,       2440       
# span 1 =     -0.166,     55.370       
# span 2 =     2.4451,     4.1311       
# span 3 =   0.005456,   2.939414       
# span 4 =     0.0410,    32.0550       
# span 5 =     0.0079,    25.5708       
# span 6 = 0.0000e+00, 0.0000e+00       
# interval = seconds: 1
# start_time = May 07 2021 11:23:10 [Instrument's time stamp, header]
# bad_flag = -9.990e-29
*END*
[from data line 206]
        207     -0.124     4.1170   0.005502     0.0414     0.0082 0.0000e+00
        208     -0.124     4.1169   0.005499     0.0414     0.0082 0.0000e+00
        209     -0.127     4.1167   0.005498     0.0414     0.0082 0.0000e+00
        210     -0.130     4.1166   0.005503     0.0414     0.0083 0.0000e+00
        211     -0.130     4.1165   0.005509     0.0414     0.0083 0.0000e+00
        212     -0.129     4.1163   0.005511     0.0415     0.0083 0.0000e+00
        213     -0.129     4.1162   0.005508     0.0414     0.0083 0.0000e+00
        214     -0.128     4.1161   0.005504     0.0414     0.0083 0.0000e+00
        215     -0.126     4.1158   0.005506     0.0414     0.0083 0.0000e+00
        216     -0.125     4.1155   0.005508     0.0414     0.0083 0.0000e+00
        217     -0.124     4.1155   0.005509     0.0414     0.0083 0.0000e+00
        218     -0.125     4.1151   0.005509     0.0414     0.0083 0.0000e+00
        219     -0.127     4.1142   0.005509     0.0414     0.0083 0.0000e+00
        220     -0.128     4.1132   0.005511     0.0415     0.0083 0.0000e+00
        221     -0.129     4.1127   0.005511     0.0415     0.0083 0.0000e+00
        222     -0.128     4.1124   0.005509     0.0414     0.0083 0.0000e+00
        223     -0.128     4.1122   0.005506     0.0414     0.0083 0.0000e+00
        224     -0.130     4.1121   0.005506     0.0414     0.0083 0.0000e+00
        225     -0.130     4.1121   0.005511     0.0415     0.0083 0.0000e+00
        226     -0.130     4.1120   0.005515     0.0415     0.0083 0.0000e+00
        227     -0.131     4.1118   0.005515     0.0415     0.0083 0.0000e+00
        228     -0.128     4.1115   0.005513     0.0415     0.0083 0.0000e+00
        229     -0.126     4.1113   0.005508     0.0414     0.0083 0.0000e+00
        230     -0.126     4.1113   0.005507     0.0414     0.0083 0.0000e+00
        231     -0.127     4.1114   0.005511     0.0415     0.0083 0.0000e+00
        232     -0.128     4.1113   0.005515     0.0415     0.0083 0.0000e+00
        233     -0.131     4.1111   0.005515     0.0415     0.0083 0.0000e+00
        234     -0.134     4.1105   0.005515     0.0415     0.0083 0.0000e+00
        235     -0.134     4.1096   0.005514     0.0415     0.0083 0.0000e+00
        236     -0.133     4.1084   0.005514     0.0415     0.0083 0.0000e+00
        237     -0.135     4.1076   0.005515     0.0415     0.0084 0.0000e+00
        238     -0.136     4.1074   0.005518     0.0415     0.0084 0.0000e+00
        239     -0.132     4.1073   0.005518     0.0415     0.0084 0.0000e+00
        240     -0.126     4.1075   0.005516     0.0415     0.0084 0.0000e+00
        241     -0.123     4.1077   0.005517     0.0415     0.0084 0.0000e+00
        242     -0.124     4.1078   0.005520     0.0415     0.0084 0.0000e+00
        243     -0.126     4.1078   0.005522     0.0415     0.0084 0.0000e+00
        244     -0.128     4.1077   0.005520     0.0415     0.0084 0.0000e+00
        245     -0.130     4.1075   0.005517     0.0415     0.0084 0.0000e+00
        246     -0.130     4.1075   0.005519     0.0415     0.0084 0.0000e+00
        247     -0.127     4.1074   0.005523     0.0416     0.0084 0.0000e+00
        248     -0.126     4.1074   0.005523     0.0416     0.0084 0.0000e+00
        249     -0.127     4.1074   0.005520     0.0415     0.0084 0.0000e+00
        250     -0.129     4.1073   0.005517     0.0415     0.0084 0.0000e+00
        251     -0.132     4.1069   0.005519     0.0415     0.0084 0.0000e+00
        252     -0.131     4.1065   0.005524     0.0416     0.0084 0.0000e+00
        253     -0.130     4.1061   0.005528     0.0416     0.0084 0.0000e+00
        254     -0.130     4.1058   0.005528     0.0416     0.0084 0.0000e+00
        255     -0.128     4.1054   0.005523     0.0416     0.0084 0.0000e+00
        256     -0.125     4.1053   0.005521     0.0415     0.0084 0.0000e+00
        257     -0.122     4.1053   0.005526     0.0416     0.0084 0.0000e+00
        258     -0.121     4.1052   0.005532     0.0416     0.0085 0.0000e+00
        259     -0.121     4.1051   0.005531     0.0416     0.0085 0.0000e+00
        260     -0.124     4.1051   0.005526     0.0416     0.0084 0.0000e+00
        261     -0.127     4.1051   0.005522     0.0416     0.0084 0.0000e+00
        262     -0.128     4.1050   0.005525     0.0416     0.0084 0.0000e+00
        263     -0.128     4.1049   0.005531     0.0416     0.0085 0.0000e+00
        264     -0.128     4.1046   0.005536     0.0417     0.0085 0.0000e+00
        265     -0.129     4.1045   0.005535     0.0417     0.0085 0.0000e+00
        266     -0.128     4.1045   0.005527     0.0416     0.0084 0.0000e+00
        267     -0.124     4.1045   0.005522     0.0416     0.0084 0.0000e+00
        268     -0.120     4.1044   0.005525     0.0416     0.0084 0.0000e+00
        269     -0.116     4.1042   0.005533     0.0416     0.0085 0.0000e+00
        270     -0.114     4.1037   0.005536     0.0417     0.0085 0.0000e+00
        271     -0.114     4.1036   0.005531     0.0416     0.0085 0.0000e+00
        272     -0.114     4.1035   0.005523     0.0416     0.0084 0.0000e+00
        273     -0.117     4.1036   0.005520     0.0415     0.0084 0.0000e+00
        274     -0.125     4.1035   0.005526     0.0416     0.0084 0.0000e+00
        275     -0.127     4.1033   0.005530     0.0416     0.0085 0.0000e+00
        276     -0.123     4.1031   0.005529     0.0416     0.0085 0.0000e+00
        277     -0.121     4.1032   0.005527     0.0416     0.0084 0.0000e+00
        278     -0.123     4.1033   0.005525     0.0416     0.0084 0.0000e+00
        279     -0.127     4.1032   0.005523     0.0416     0.0084 0.0000e+00
        280     -0.130     4.1030   0.005524     0.0416     0.0084 0.0000e+00
        281     -0.126     4.1026   0.005523     0.0416     0.0084 0.0000e+00
        282     -0.122     4.1017   0.005520     0.0415     0.0084 0.0000e+00
        283     -0.122     4.1008   0.005517     0.0415     0.0084 0.0000e+00
        284     -0.125     4.1005   0.005518     0.0415     0.0084 0.0000e+00
        285     -0.128     4.1006   0.005520     0.0415     0.0084 0.0000e+00
        286     -0.129     4.1005   0.005520     0.0415     0.0084 0.0000e+00
        287     -0.128     4.1005   0.005518     0.0415     0.0084 0.0000e+00
        288     -0.127     4.1006   0.005514     0.0415     0.0084 0.0000e+00
        289     -0.127     4.1005   0.005510     0.0415     0.0083 0.0000e+00
        290     -0.128     4.1003   0.005514     0.0415     0.0084 0.0000e+00
        291     -0.129     4.1000   0.005521     0.0415     0.0084 0.0000e+00
        292     -0.130     4.0998   0.005524     0.0416     0.0084 0.0000e+00
        293     -0.132     4.0993   0.005518     0.0415     0.0084 0.0000e+00
        294     -0.132     4.0989   0.005510     0.0415     0.0083 0.0000e+00
        295     -0.129     4.0987   0.005510     0.0415     0.0083 0.0000e+00
        296     -0.129     4.0985   0.005517     0.0415     0.0084 0.0000e+00
        297     -0.129     4.0983   0.005519     0.0415     0.0084 0.0000e+00
        298     -0.127     4.0980   0.005513     0.0415     0.0084 0.0000e+00
        299     -0.127     4.0979   0.005508     0.0414     0.0083 0.0000e+00
        300     -0.127     4.0979   0.005509     0.0415     0.0083 0.0000e+00
        301     -0.127     4.0980   0.005514     0.0415     0.0084 0.0000e+00
        302     -0.129     4.0980   0.005518     0.0415     0.0084 0.0000e+00
        303     -0.130     4.0980   0.005513     0.0415     0.0084 0.0000e+00
        304     -0.128     4.0979   0.005507     0.0414     0.0083 0.0000e+00
        305     -0.125     4.0977   0.005506     0.0414     0.0083 0.0000e+00
        306     -0.121     4.0975   0.005509     0.0415     0.0083 0.0000e+00
        307     -0.120     4.0972   0.005511     0.0415     0.0084 0.0000e+00
        308     -0.123     4.0972   0.005511     0.0415     0.0084 0.0000e+00
        309     -0.126     4.0972   0.005506     0.0414     0.0083 0.0000e+00
        310     -0.126     4.0970   0.005502     0.0414     0.0083 0.0000e+00
        311     -0.125     4.0968   0.005502     0.0414     0.0083 0.0000e+00
        312     -0.125     4.0964   0.005506     0.0414     0.0083 0.0000e+00
        313     -0.125     4.0962   0.005509     0.0415     0.0083 0.0000e+00
        314     -0.127     4.0962   0.005507     0.0414     0.0083 0.0000e+00
        315     -0.128     4.0962   0.005503     0.0414     0.0083 0.0000e+00
        316     -0.128     4.0961   0.005504     0.0414     0.0083 0.0000e+00
        317     -0.128     4.0960   0.005507     0.0414     0.0083 0.0000e+00
        318     -0.125     4.0961   0.005508     0.0414     0.0083 0.0000e+00
        319     -0.126     4.0961   0.005506     0.0414     0.0083 0.0000e+00
        320     -0.129     4.0961   0.005505     0.0414     0.0083 0.0000e+00
        321     -0.129     4.0961   0.005502     0.0414     0.0083 0.0000e+00
        322     -0.125     4.0959   0.005501     0.0414     0.0083 0.0000e+00
        323     -0.123     4.0957   0.005503     0.0414     0.0083 0.0000e+00
        324     -0.123     4.0956   0.005506     0.0414     0.0083 0.0000e+00
        325     -0.124     4.0954   0.005507     0.0414     0.0083 0.0000e+00
        326     -0.124     4.0951   0.005504     0.0414     0.0083 0.0000e+00
        327     -0.125     4.0945   0.005500     0.0414     0.0083 0.0000e+00
        328     -0.125     4.0942   0.005497     0.0414     0.0083 0.0000e+00
        329     -0.125     4.0939   0.005501     0.0414     0.0083 0.0000e+00
        330     -0.125     4.0939   0.005508     0.0415     0.0083 0.0000e+00
        331     -0.125     4.0938   0.005510     0.0415     0.0084 0.0000e+00
        332     -0.127     4.0934   0.005507     0.0414     0.0083 0.0000e+00
        333     -0.132     4.0926   0.005502     0.0414     0.0083 0.0000e+00
        334     -0.133     4.0920   0.005504     0.0414     0.0083 0.0000e+00
        335     -0.129     4.0919   0.005511     0.0415     0.0084 0.0000e+00
        336     -0.126     4.0921   0.005517     0.0415     0.0084 0.0000e+00
        337     -0.124     4.0920   0.005516     0.0415     0.0084 0.0000e+00
        338     -0.122     4.0919   0.005513     0.0415     0.0084 0.0000e+00
        339     -0.122     4.0918   0.005514     0.0415     0.0084 0.0000e+00
        340     -0.123     4.0916   0.005516     0.0415     0.0084 0.0000e+00
        341     -0.124     4.0915   0.005519     0.0415     0.0084 0.0000e+00
        342     -0.124     4.0913   0.005518     0.0415     0.0084 0.0000e+00
        343     -0.123     4.0910   0.005515     0.0415     0.0084 0.0000e+00
        344     -0.123     4.0906   0.005513     0.0415     0.0084 0.0000e+00
        345     -0.124     4.0902   0.005510     0.0415     0.0084 0.0000e+00
        346     -0.124     4.0903   0.005513     0.0415     0.0084 0.0000e+00
        347     -0.121     4.0906   0.005516     0.0415     0.0084 0.0000e+00
        348     -0.119     4.0906   0.005512     0.0415     0.0084 0.0000e+00
        349     -0.119     4.0904   0.005508     0.0415     0.0084 0.0000e+00
        350     -0.120     4.0903   0.005509     0.0415     0.0084 0.0000e+00
        351     -0.123     4.0903   0.005513     0.0415     0.0084 0.0000e+00
        352     -0.126     4.0902   0.005514     0.0415     0.0084 0.0000e+00
        353     -0.126     4.0900   0.005511     0.0415     0.0084 0.0000e+00
        354     -0.124     4.0898   0.005507     0.0414     0.0084 0.0000e+00
        355     -0.126     4.0894   0.005505     0.0414     0.0083 0.0000e+00
        356     -0.130     4.0892   0.005508     0.0415     0.0084 0.0000e+00
        357     -0.130     4.0891   0.005511     0.0415     0.0084 0.0000e+00
        358     -0.128     4.0890   0.005513     0.0415     0.0084 0.0000e+00
        359     -0.126     4.0887   0.005513     0.0415     0.0084 0.0000e+00
        360     -0.125     4.0885   0.005517     0.0415     0.0084 0.0000e+00
        361     -0.124     4.0884   0.005520     0.0415     0.0084 0.0000e+00
        362     -0.123     4.0885   0.005520     0.0415     0.0084 0.0000e+00
        363     -0.124     4.0885   0.005517     0.0415     0.0084 0.0000e+00
        364     -0.126     4.0884   0.005513     0.0415     0.0084 0.0000e+00
        365     -0.126     4.0884   0.005515     0.0415     0.0084 0.0000e+00
        366     -0.128     4.0883   0.005519     0.0415     0.0084 0.0000e+00
        367     -0.132     4.0881   0.005520     0.0415     0.0084 0.0000e+00
        368     -0.133     4.0878   0.005518     0.0415     0.0084 0.0000e+00
        369     -0.131     4.0878   0.005517     0.0415     0.0084 0.0000e+00
        370     -0.129     4.0878   0.005514     0.0415     0.0084 0.0000e+00
        371     -0.129     4.0877   0.005514     0.0415     0.0084 0.0000e+00
        372     -0.131     4.0876   0.005519     0.0415     0.0084 0.0000e+00
        373     -0.134     4.0873   0.005521     0.0416     0.0084 0.0000e+00
        374     -0.135     4.0870   0.005521     0.0416     0.0084 0.0000e+00
        375     -0.131     4.0868   0.005520     0.0415     0.0084 0.0000e+00
        376     -0.127     4.0865   0.005517     0.0415     0.0084 0.0000e+00
        377     -0.127     4.0865   0.005518     0.0415     0.0084 0.0000e+00
        378     -0.130     4.0865   0.005521     0.0416     0.0084 0.0000e+00
        379     -0.132     4.0863   0.005525     0.0416     0.0085 0.0000e+00
        380     -0.132     4.0861   0.005525     0.0416     0.0085 0.0000e+00
        381     -0.132     4.0858   0.005523     0.0416     0.0085 0.0000e+00
        382     -0.131     4.0854   0.005519     0.0415     0.0084 0.0000e+00
        383     -0.131     4.0851   0.005518     0.0415     0.0084 0.0000e+00
        384     -0.133     4.0848   0.005521     0.0416     0.0085 0.0000e+00
        385     -0.136     4.0846   0.005525     0.0416     0.0085 0.0000e+00
        386     -0.136     4.0845   0.005527     0.0416     0.0085 0.0000e+00
        387     -0.133     4.0840   0.005524     0.0416     0.0085 0.0000e+00
        388     -0.130     4.0832   0.005520     0.0416     0.0084 0.0000e+00
        389     -0.130     4.0825   0.005520     0.0416     0.0085 0.0000e+00
        390     -0.131     4.0823   0.005520     0.0416     0.0085 0.0000e+00
        391     -0.131     4.0822   0.005520     0.0416     0.0085 0.0000e+00
        392     -0.130     4.0820   0.005521     0.0416     0.0085 0.0000e+00
        393     -0.129     4.0819   0.005524     0.0416     0.0085 0.0000e+00
        394     -0.129     4.0816   0.005528     0.0416     0.0085 0.0000e+00
        395     -0.131     4.0815   0.005530     0.0416     0.0085 0.0000e+00
        396     -0.134     4.0815   0.005526     0.0416     0.0085 0.0000e+00
        397     -0.134     4.0816   0.005521     0.0416     0.0085 0.0000e+00
        398     -0.132     4.0817   0.005522     0.0416     0.0085 0.0000e+00
        399     -0.130     4.0817   0.005525     0.0416     0.0085 0.0000e+00
        400     -0.130     4.0816   0.005530     0.0416     0.0085 0.0000e+00
        401     -0.131     4.0815   0.005533     0.0417     0.0085 0.0000e+00
        402     -0.129     4.0810   0.005531     0.0416     0.0085 0.0000e+00
        403     -0.128     4.0806   0.005527     0.0416     0.0085 0.0000e+00
        404     -0.129     4.0804   0.005523     0.0416     0.0085 0.0000e+00
        405     -0.130     4.0804   0.005526     0.0416     0.0085 0.0000e+00
        406     -0.128     4.0804   0.005530     0.0416     0.0085 0.0000e+00
        407     -0.124     4.0803   0.005532     0.0416     0.0085 0.0000e+00
        408     -0.124     4.0801   0.005531     0.0416     0.0085 0.0000e+00
        409     -0.127     4.0797   0.005527     0.0416     0.0085 0.0000e+00
        410     -0.131     4.0794   0.005523     0.0416     0.0085 0.0000e+00
