Datasets/Test_Dataset_39219_tow/originals/tel219_2021_011.cnv
* Sea-Bird SBE19plus Data File:
* Filename = C:/AQUIRE/tel219_2021_011.hex
* Software Version AquireV2 AF V2.0
* Temperature SN =  4020
* Conductivity SN =  4020
* System UpLoad Time = May 06 2021 21:11:36
** VESSEL/TRIP/SEQ STN: tel219_2021_011
** LATITUDE: 46 00.26 N
** LONGITUDE: 55 33.41 W
** DATE/TIME: 2021-05-06 20:28
** SOUNDING DEPTH (M): 0072
** PROBE TYPE: S4020
** CTD NUMBER: 011
** FORMAT: T
** COMMENTS: 
# nquan = 7                                 
# nvalues = 2607                        
# units = specified
# name 0 = scan: Scan Count
# name 1 = prdM: Pressure, Strain Gauge [db]
# name 2 = tv290C: Temperature [ITS-90, deg C]
# name 3 = c0S/m: Conductivity [S/m]
# name 4 = sal00: Salinity, Practical [PSU]
# name 5 = sigma-t00: Density [sigma-t, kg/m^3 ]
# name 6 = flag: flag
# span 0 =          1,       2607       
# span 1 =     -0.146,     67.593       
# span 2 =     1.6376,     3.4107       
# span 3 =   0.006856,   2.945817       
# span 4 =     0.0531,    32.2025       
# span 5 =     0.0118,    25.7542       
# span 6 = 0.0000e+00, 0.0000e+00       
# interval = seconds: 1
# start_time = May 06 2021 20:28:00 [Instrument's time stamp, header]
# bad_flag = -9.990e-29
*END*
[from data line 1231]
       1232     67.461     1.6521   2.826891    32.1796    25.7368 0.0000e+00
       1233     67.431     1.6521   2.826877    32.1795    25.7367 0.0000e+00
       1234     67.425     1.6521   2.826868    32.1794    25.7366 0.0000e+00
       1235     67.437     1.6521   2.826875    32.1794    25.7366 0.0000e+00
       1236     67.450     1.6523   2.826891    32.1794    25.7366 0.0000e+00
       1237     67.455     1.6525   2.826899    32.1793    25.7365 0.0000e+00
       1238     67.448     1.6526   2.826900    32.1792    25.7364 0.0000e+00
       1239     67.434     1.6526   2.826898    32.1792    25.7364 0.0000e+00
       1240     67.423     1.6525   2.826893    32.1793    25.7365 0.0000e+00
       1241     67.413     1.6525   2.826894    32.1793    25.7365 0.0000e+00
       1242     67.404     1.6525   2.826898    32.1793    25.7365 0.0000e+00
       1243     67.403     1.6526   2.826901    32.1793    25.7365 0.0000e+00
       1244     67.409     1.6527   2.826910    32.1793    25.7365 0.0000e+00
       1245     67.412     1.6528   2.826921    32.1793    25.7365 0.0000e+00
       1246     67.409     1.6528   2.826930    32.1794    25.7366 0.0000e+00
       1247     67.405     1.6530   2.826932    32.1793    25.7364 0.0000e+00
       1248     67.409     1.6531   2.826943    32.1793    25.7364 0.0000e+00
       1249     67.420     1.6534   2.826971    32.1793    25.7364 0.0000e+00
       1250     67.429     1.6536   2.826991    32.1794    25.7365 0.0000e+00
       1251     67.428     1.6539   2.827008    32.1793    25.7364 0.0000e+00
       1252     67.417     1.6541   2.827024    32.1793    25.7364 0.0000e+00
       1253     67.400     1.6542   2.827026    32.1792    25.7363 0.0000e+00
       1254     67.387     1.6541   2.827018    32.1792    25.7363 0.0000e+00
       1255     67.381     1.6540   2.827014    32.1793    25.7364 0.0000e+00
       1256     67.381     1.6540   2.827014    32.1793    25.7364 0.0000e+00
       1257     67.387     1.6542   2.827022    32.1792    25.7363 0.0000e+00
       1258     67.390     1.6545   2.827048    32.1792    25.7363 0.0000e+00
       1259     67.381     1.6548   2.827078    32.1793    25.7363 0.0000e+00
       1260     67.364     1.6549   2.827084    32.1792    25.7363 0.0000e+00
       1261     67.350     1.6548   2.827075    32.1792    25.7363 0.0000e+00
       1262     67.345     1.6547   2.827068    32.1793    25.7363 0.0000e+00
       1263     67.344     1.6547   2.827069    32.1793    25.7363 0.0000e+00
       1264     67.339     1.6547   2.827073    32.1793    25.7364 0.0000e+00
       1265     67.336     1.6547   2.827076    32.1794    25.7364 0.0000e+00
       1266     67.336     1.6547   2.827070    32.1793    25.7363 0.0000e+00
       1267     67.336     1.6547   2.827064    32.1792    25.7363 0.0000e+00
       1268     67.333     1.6547   2.827064    32.1792    25.7363 0.0000e+00
       1269     67.327     1.6546   2.827059    32.1793    25.7363 0.0000e+00
       1270     67.324     1.6544   2.827041    32.1792    25.7363 0.0000e+00
       1271     67.328     1.6540   2.827019    32.1794    25.7364 0.0000e+00
       1272     67.332     1.6538   2.827003    32.1794    25.7365 0.0000e+00
       1273     67.333     1.6537   2.826997    32.1794    25.7365 0.0000e+00
       1274     67.330     1.6535   2.826986    32.1795    25.7366 0.0000e+00
       1275     67.314     1.6534   2.826975    32.1794    25.7365 0.0000e+00
       1276     67.285     1.6536   2.826981    32.1793    25.7364 0.0000e+00
       1277     67.257     1.6538   2.826995    32.1793    25.7364 0.0000e+00
       1278     67.251     1.6538   2.826998    32.1793    25.7364 0.0000e+00
       1279     67.263     1.6538   2.826996    32.1793    25.7364 0.0000e+00
       1280     67.268     1.6540   2.827010    32.1793    25.7364 0.0000e+00
       1281     67.258     1.6546   2.827049    32.1792    25.7362 0.0000e+00
       1282     67.247     1.6551   2.827100    32.1793    25.7363 0.0000e+00
       1283     67.245     1.6555   2.827133    32.1793    25.7363 0.0000e+00
       1284     67.250     1.6557   2.827144    32.1792    25.7362 0.0000e+00
       1285     67.251     1.6559   2.827153    32.1791    25.7361 0.0000e+00
       1286     67.241     1.6561   2.827159    32.1790    25.7360 0.0000e+00
       1287     67.225     1.6561   2.827156    32.1790    25.7360 0.0000e+00
       1288     67.205     1.6561   2.827157    32.1790    25.7360 0.0000e+00
       1289     67.186     1.6562   2.827165    32.1790    25.7360 0.0000e+00
       1290     67.179     1.6564   2.827182    32.1790    25.7360 0.0000e+00
       1291     67.188     1.6566   2.827199    32.1790    25.7360 0.0000e+00
       1292     67.204     1.6566   2.827203    32.1791    25.7360 0.0000e+00
       1293     67.213     1.6566   2.827201    32.1791    25.7360 0.0000e+00
       1294     67.206     1.6565   2.827195    32.1791    25.7360 0.0000e+00
       1295     67.193     1.6564   2.827182    32.1790    25.7360 0.0000e+00
       1296     67.191     1.6563   2.827171    32.1790    25.7360 0.0000e+00
       1297     67.204     1.6561   2.827163    32.1791    25.7361 0.0000e+00
       1298     67.218     1.6561   2.827169    32.1792    25.7361 0.0000e+00
       1299     67.214     1.6561   2.827171    32.1792    25.7362 0.0000e+00
       1300     67.193     1.6559   2.827155    32.1792    25.7362 0.0000e+00
       1301     67.173     1.6559   2.827148    32.1791    25.7361 0.0000e+00
       1302     67.162     1.6559   2.827160    32.1793    25.7362 0.0000e+00
       1303     67.158     1.6561   2.827165    32.1791    25.7361 0.0000e+00
       1304     67.164     1.6561   2.827165    32.1791    25.7361 0.0000e+00
       1305     67.183     1.6563   2.827177    32.1791    25.7361 0.0000e+00
       1306     67.207     1.6564   2.827190    32.1791    25.7361 0.0000e+00
       1307     67.228     1.6562   2.827178    32.1792    25.7361 0.0000e+00
       1308     67.237     1.6560   2.827157    32.1791    25.7361 0.0000e+00
       1309     67.226     1.6559   2.827154    32.1792    25.7362 0.0000e+00
       1310     67.202     1.6562   2.827171    32.1791    25.7361 0.0000e+00
       1311     67.183     1.6564   2.827195    32.1792    25.7361 0.0000e+00
       1312     67.178     1.6565   2.827205    32.1792    25.7362 0.0000e+00
       1313     67.178     1.6565   2.827199    32.1792    25.7361 0.0000e+00
       1314     67.175     1.6565   2.827194    32.1791    25.7361 0.0000e+00
       1315     67.173     1.6564   2.827192    32.1792    25.7361 0.0000e+00
       1316     67.181     1.6563   2.827188    32.1792    25.7362 0.0000e+00
       1317     67.190     1.6563   2.827185    32.1792    25.7361 0.0000e+00
       1318     67.188     1.6563   2.827185    32.1792    25.7361 0.0000e+00
       1319     67.171     1.6564   2.827186    32.1791    25.7361 0.0000e+00
       1320     67.154     1.6564   2.827188    32.1791    25.7361 0.0000e+00
       1321     67.151     1.6564   2.827191    32.1792    25.7361 0.0000e+00
       1322     67.153     1.6564   2.827191    32.1792    25.7361 0.0000e+00
       1323     67.142     1.6564   2.827185    32.1791    25.7361 0.0000e+00
       1324     67.124     1.6564   2.827178    32.1790    25.7360 0.0000e+00
       1325     67.123     1.6565   2.827186    32.1790    25.7360 0.0000e+00
       1326     67.143     1.6566   2.827201    32.1791    25.7360 0.0000e+00
       1327     67.167     1.6567   2.827216    32.1792    25.7361 0.0000e+00
       1328     67.177     1.6567   2.827223    32.1792    25.7362 0.0000e+00
       1329     67.173     1.6568   2.827223    32.1791    25.7361 0.0000e+00
       1330     67.170     1.6569   2.827230    32.1791    25.7361 0.0000e+00
       1331     67.169     1.6571   2.827245    32.1791    25.7360 0.0000e+00
       1332     67.164     1.6572   2.827251    32.1791    25.7360 0.0000e+00
       1333     67.158     1.6572   2.827245    32.1790    25.7360 0.0000e+00
       1334     67.155     1.6572   2.827246    32.1790    25.7360 0.0000e+00
       1335     67.155     1.6572   2.827249    32.1791    25.7360 0.0000e+00
       1336     67.158     1.6570   2.827241    32.1792    25.7361 0.0000e+00
       1337     67.162     1.6567   2.827214    32.1791    25.7361 0.0000e+00
       1338     67.167     1.6564   2.827188    32.1791    25.7361 0.0000e+00
       1339     67.171     1.6561   2.827175    32.1793    25.7362 0.0000e+00
       1340     67.169     1.6561   2.827176    32.1793    25.7362 0.0000e+00
       1341     67.167     1.6563   2.827186    32.1792    25.7362 0.0000e+00
       1342     67.175     1.6565   2.827197    32.1791    25.7361 0.0000e+00
       1343     67.190     1.6567   2.827212    32.1791    25.7360 0.0000e+00
       1344     67.198     1.6568   2.827221    32.1791    25.7360 0.0000e+00
       1345     67.196     1.6566   2.827204    32.1791    25.7361 0.0000e+00
       1346     67.189     1.6563   2.827178    32.1791    25.7361 0.0000e+00
       1347     67.179     1.6561   2.827165    32.1791    25.7361 0.0000e+00
       1348     67.167     1.6561   2.827172    32.1792    25.7362 0.0000e+00
       1349     67.158     1.6562   2.827183    32.1793    25.7362 0.0000e+00
       1350     67.166     1.6564   2.827192    32.1792    25.7361 0.0000e+00
       1351     67.188     1.6566   2.827202    32.1791    25.7360 0.0000e+00
       1352     67.203     1.6567   2.827215    32.1791    25.7361 0.0000e+00
       1353     67.195     1.6568   2.827227    32.1792    25.7361 0.0000e+00
       1354     67.175     1.6570   2.827237    32.1791    25.7360 0.0000e+00
       1355     67.166     1.6571   2.827246    32.1791    25.7360 0.0000e+00
       1356     67.169     1.6572   2.827249    32.1791    25.7360 0.0000e+00
       1357     67.167     1.6572   2.827246    32.1790    25.7360 0.0000e+00
       1358     67.155     1.6573   2.827255    32.1790    25.7360 0.0000e+00
       1359     67.144     1.6576   2.827282    32.1791    25.7360 0.0000e+00
       1360     67.140     1.6579   2.827300    32.1790    25.7359 0.0000e+00
       1361     67.132     1.6580   2.827292    32.1788    25.7357 0.0000e+00
       1362     67.118     1.6578   2.827284    32.1789    25.7358 0.0000e+00
       1363     67.106     1.6578   2.827296    32.1791    25.7360 0.0000e+00
       1364     67.105     1.6580   2.827315    32.1791    25.7360 0.0000e+00
       1365     67.112     1.6582   2.827330    32.1791    25.7359 0.0000e+00
       1366     67.103     1.6583   2.827333    32.1790    25.7359 0.0000e+00
       1367     67.066     1.6583   2.827324    32.1789    25.7358 0.0000e+00
       1368     67.021     1.6581   2.827310    32.1790    25.7359 0.0000e+00
       1369     66.999     1.6580   2.827302    32.1790    25.7359 0.0000e+00
       1370     67.010     1.6580   2.827304    32.1790    25.7359 0.0000e+00
       1371     67.033     1.6581   2.827307    32.1790    25.7358 0.0000e+00
       1372     67.048     1.6584   2.827322    32.1788    25.7357 0.0000e+00
       1373     67.057     1.6586   2.827346    32.1789    25.7358 0.0000e+00
       1374     67.064     1.6587   2.827366    32.1791    25.7359 0.0000e+00
       1375     67.064     1.6588   2.827372    32.1790    25.7359 0.0000e+00
       1376     67.052     1.6589   2.827372    32.1789    25.7358 0.0000e+00
       1377     67.035     1.6589   2.827372    32.1789    25.7358 0.0000e+00
       1378     67.020     1.6590   2.827377    32.1789    25.7357 0.0000e+00
       1379     67.007     1.6590   2.827386    32.1790    25.7358 0.0000e+00
       1380     66.990     1.6589   2.827387    32.1792    25.7359 0.0000e+00
       1381     66.975     1.6589   2.827381    32.1791    25.7359 0.0000e+00
       1382     66.973     1.6590   2.827378    32.1790    25.7358 0.0000e+00
       1383     66.985     1.6591   2.827381    32.1789    25.7357 0.0000e+00
       1384     66.993     1.6591   2.827379    32.1789    25.7357 0.0000e+00
       1385     66.989     1.6591   2.827383    32.1789    25.7357 0.0000e+00
       1386     66.984     1.6592   2.827390    32.1789    25.7357 0.0000e+00
       1387     66.988     1.6593   2.827396    32.1789    25.7357 0.0000e+00
       1388     66.992     1.6593   2.827397    32.1789    25.7357 0.0000e+00
       1389     66.987     1.6591   2.827391    32.1790    25.7358 0.0000e+00
       1390     66.982     1.6589   2.827376    32.1790    25.7358 0.0000e+00
       1391     66.982     1.6589   2.827370    32.1790    25.7358 0.0000e+00
       1392     66.978     1.6588   2.827370    32.1791    25.7359 0.0000e+00
       1393     66.962     1.6587   2.827366    32.1791    25.7359 0.0000e+00
       1394     66.941     1.6587   2.827356    32.1790    25.7358 0.0000e+00
       1395     66.933     1.6585   2.827343    32.1790    25.7359 0.0000e+00
       1396     66.937     1.6584   2.827333    32.1790    25.7359 0.0000e+00
       1397     66.939     1.6583   2.827324    32.1790    25.7359 0.0000e+00
       1398     66.935     1.6582   2.827317    32.1790    25.7359 0.0000e+00
       1399     66.935     1.6582   2.827311    32.1790    25.7358 0.0000e+00
       1400     66.944     1.6582   2.827316    32.1790    25.7359 0.0000e+00
       1401     66.949     1.6582   2.827323    32.1791    25.7359 0.0000e+00
       1402     66.946     1.6582   2.827323    32.1791    25.7359 0.0000e+00
       1403     66.938     1.6583   2.827326    32.1790    25.7359 0.0000e+00
       1404     66.927     1.6584   2.827331    32.1790    25.7359 0.0000e+00
       1405     66.908     1.6584   2.827335    32.1791    25.7359 0.0000e+00
       1406     66.886     1.6584   2.827336    32.1791    25.7359 0.0000e+00
       1407     66.879     1.6585   2.827336    32.1790    25.7358 0.0000e+00
       1408     66.891     1.6586   2.827342    32.1790    25.7358 0.0000e+00
       1409     66.907     1.6587   2.827350    32.1789    25.7358 0.0000e+00
       1410     66.913     1.6588   2.827352    32.1789    25.7357 0.0000e+00
       1411     66.910     1.6589   2.827349    32.1787    25.7356 0.0000e+00
       1412     66.907     1.6587   2.827345    32.1789    25.7357 0.0000e+00
       1413     66.907     1.6587   2.827345    32.1789    25.7357 0.0000e+00
       1414     66.901     1.6587   2.827349    32.1789    25.7358 0.0000e+00
       1415     66.881     1.6587   2.827351    32.1790    25.7358 0.0000e+00
       1416     66.854     1.6587   2.827343    32.1789    25.7357 0.0000e+00
       1417     66.836     1.6587   2.827335    32.1788    25.7357 0.0000e+00
       1418     66.833     1.6587   2.827337    32.1788    25.7357 0.0000e+00
       1419     66.843     1.6586   2.827337    32.1789    25.7358 0.0000e+00
       1420     66.859     1.6585   2.827337    32.1790    25.7359 0.0000e+00
       1421     66.868     1.6585   2.827341    32.1791    25.7359 0.0000e+00
       1422     66.864     1.6585   2.827343    32.1791    25.7359 0.0000e+00
       1423     66.851     1.6584   2.827340    32.1792    25.7360 0.0000e+00
       1424     66.837     1.6584   2.827333    32.1791    25.7359 0.0000e+00
       1425     66.832     1.6584   2.827328    32.1790    25.7359 0.0000e+00
       1426     66.831     1.6585   2.827332    32.1790    25.7358 0.0000e+00
       1427     66.814     1.6585   2.827336    32.1790    25.7359 0.0000e+00
       1428     66.775     1.6585   2.827335    32.1790    25.7359 0.0000e+00
       1429     66.735     1.6586   2.827332    32.1789    25.7358 0.0000e+00
       1430     66.712     1.6587   2.827340    32.1789    25.7358 0.0000e+00
       1431     66.708     1.6588   2.827351    32.1790    25.7358 0.0000e+00
       1432     66.711     1.6589   2.827355    32.1789    25.7357 0.0000e+00
       1433     66.707     1.6590   2.827355    32.1788    25.7357 0.0000e+00
       1434     66.695     1.6592   2.827369    32.1788    25.7356 0.0000e+00
       1435     66.678     1.6594   2.827392    32.1789    25.7357 0.0000e+00
