Datasets/Test_Dataset_39219_tow/originals/tel219_2021_034.cnv
* Sea-Bird SBE19plus Data File:
* Filename = C:/AQUIRE/tel219_2021_034.hex
* Software Version AquireV2 AF V2.0
* Temperature SN =  4020
* Conductivity SN =  4020
* System UpLoad Time = May 11 2021 08:13:54
** VESSEL/TRIP/SEQ STN: tel219_2021_034
** LATITUDE: 45 53.99 N
** LONGITUDE: 56 58.02 W
** DATE/TIME: 2021-05-11 07:09
** SOUNDING DEPTH (M): 0310
** PROBE TYPE: S4020
** CTD NUMBER:  34
** FORMAT: T
** COMMENTS: 
# nquan = 7                                 
# nvalues = 3026                        
# units = specified
# name 0 = scan: Scan Count
# name 1 = prdM: Pressure, Strain Gauge [db]
# name 2 = tv290C: Temperature [ITS-90, deg C]
# name 3 = c0S/m: Conductivity [S/m]
# name 4 = sal00: Salinity, Practical [PSU]
# name 5 = sigma-t00: Density [sigma-t, kg/m^3 ]
# name 6 = flag: flag
# span 0 =          1,       3026       
# span 1 =     -0.779,    311.040       
# span 2 =     1.0325,     9.5610       
# span 3 =   0.004602,   3.784993       
# span 4 =     0.0350,    35.1552       
# span 5 =    -0.0023,    27.4390       
# span 6 = 0.0000e+00, 0.0000e+00       
# interval = seconds: 1
# start_time = May 11 2021 07:09:28 [Instrument's time stamp, header]
# bad_flag = -9.990e-29
*END*
[from data line 206]
        207     -0.139     3.1643   0.004628     0.0352    -0.0018 0.0000e+00
        208     -0.138     3.1648   0.004629     0.0352    -0.0018 0.0000e+00
        209     -0.138     3.1658   0.004641     0.0353    -0.0017 0.0000e+00
        210     -0.140     3.1677   0.004653     0.0354    -0.0016 0.0000e+00
        211     -0.141     3.1694   0.004647     0.0354    -0.0017 0.0000e+00
        212     -0.141     3.1700   0.004631     0.0352    -0.0018 0.0000e+00
        213     -0.142     3.1700   0.004629     0.0352    -0.0018 0.0000e+00
        214     -0.145     3.1700   0.004639     0.0353    -0.0017 0.0000e+00
        215     -0.147     3.1702   0.004641     0.0353    -0.0017 0.0000e+00
        216     -0.147     3.1704   0.004630     0.0352    -0.0018 0.0000e+00
        217     -0.148     3.1704   0.004625     0.0352    -0.0018 0.0000e+00
        218     -0.147     3.1707   0.004638     0.0353    -0.0017 0.0000e+00
        219     -0.142     3.1712   0.004662     0.0355    -0.0015 0.0000e+00
        220     -0.141     3.1717   0.004678     0.0356    -0.0014 0.0000e+00
        221     -0.144     3.1721   0.004672     0.0356    -0.0015 0.0000e+00
        222     -0.143     3.1726   0.004659     0.0355    -0.0015 0.0000e+00
        223     -0.140     3.1732   0.004661     0.0355    -0.0015 0.0000e+00
        224     -0.139     3.1742   0.004682     0.0356    -0.0014 0.0000e+00
        225     -0.140     3.1752   0.004725     0.0360    -0.0011 0.0000e+00
        226     -0.141     3.1761   0.004779     0.0364    -0.0007 0.0000e+00
        227     -0.143     3.1767   0.004834     0.0368    -0.0004 0.0000e+00
        228     -0.144     3.1772   0.004922     0.0375     0.0002 0.0000e+00
        229     -0.147     3.1778   0.005010     0.0382     0.0008 0.0000e+00
        230     -0.149     3.1783   0.005063     0.0387     0.0011 0.0000e+00
        231     -0.148     3.1784   0.005511     0.0422     0.0040 0.0000e+00
        232     -0.152     3.1782   0.010869     0.0855     0.0390 0.0000e+00
        233     -0.158     3.1780   0.031969     0.2619     0.1818 0.0000e+00
        234     -0.164     3.1777   0.057806     0.4852     0.3621 0.0000e+00
        235     -0.166     3.1772   0.075394     0.6402     0.4872 0.0000e+00
        236     -0.165     3.1769   0.093784     0.8044     0.6195 0.0000e+00
        237     -0.164     3.1765   0.100878     0.8682     0.6709 0.0000e+00
        238     -0.156     3.1777   0.102507     0.8829     0.6828 0.0000e+00
        239     -0.125     3.2200   0.248678     2.2412     1.7746 0.0000e+00
        240     -0.049     3.3496   0.764649     7.3901     5.8876 0.0000e+00
        241      0.092     3.4969   1.662704    17.0191    13.5388 0.0000e+00
        242      0.306     3.5622   2.523068    26.7796    21.2887 0.0000e+00
        243      0.572     3.5700   2.916124    31.3989    24.9623 0.0000e+00
        244      0.818     3.5832   2.972134    32.0523    25.4813 0.0000e+00
        245      0.995     3.6078   2.959086    31.8727    25.3360 0.0000e+00
        246      1.146     3.6194   2.821321    30.2285    24.0266 0.0000e+00
        247      1.326     3.6139   2.710264    28.9253    22.9905 0.0000e+00
        248      1.510     3.6165   2.848887    30.5569    24.2881 0.0000e+00
        249      1.649     3.6347   2.974560    32.0300    25.4588 0.0000e+00
        250      1.755     3.6494   2.974873    32.0192    25.4488 0.0000e+00
        251      1.862     3.6543   2.974386    32.0086    25.4399 0.0000e+00
        252      1.963     3.6571   2.974577    32.0080    25.4392 0.0000e+00
        253      1.999     3.6605   2.975649    32.0174    25.4463 0.0000e+00
        254      1.875     3.6633   2.974384    31.9997    25.4320 0.0000e+00
        255      1.561     3.6653   2.940583    31.5965    25.1110 0.0000e+00
        256      1.194     3.6648   2.846518    30.4837    24.2257 0.0000e+00
        257      0.923     3.6620   2.784166    29.7512    23.6433 0.0000e+00
        258      0.779     3.6604   2.775384    29.6494    23.5625 0.0000e+00
        259      0.740     3.6618   2.777902    29.6778    23.5849 0.0000e+00
        260      0.775     3.6642   2.812100    30.0784    23.9033 0.0000e+00
        261      0.847     3.6650   2.815875    30.1221    23.9380 0.0000e+00
        262      0.926     3.6646   2.817518    30.1418    23.9537 0.0000e+00
        263      0.991     3.6649   2.869076    30.7503    24.4377 0.0000e+00
        264      1.031     3.6661   2.913756    31.2779    24.8574 0.0000e+00
        265      1.051     3.6647   2.903958    31.1632    24.7662 0.0000e+00
        266      1.076     3.6609   2.895615    31.0680    24.6909 0.0000e+00
        267      1.113     3.6597   2.944100    31.6439    25.1492 0.0000e+00
        268      1.126     3.6626   2.977497    32.0378    25.4623 0.0000e+00
        269      1.099     3.6648   2.977792    32.0391    25.4632 0.0000e+00
        270      1.065     3.6624   2.977304    32.0357    25.4607 0.0000e+00
        271      1.043     3.6578   2.976865    32.0350    25.4606 0.0000e+00
        272      0.988     3.6576   2.977327    32.0407    25.4652 0.0000e+00
        273      0.863     3.6619   2.978147    32.0463    25.4692 0.0000e+00
        274      0.713     3.6656   2.978492    32.0469    25.4693 0.0000e+00
        275      0.601     3.6677   2.977766    32.0362    25.4606 0.0000e+00
        276      0.528     3.6698   2.970000    31.9419    25.3854 0.0000e+00
        277      0.451     3.6715   2.963891    31.8677    25.3262 0.0000e+00
        278      0.356     3.6717   2.972066    31.9647    25.4033 0.0000e+00
        279      0.253     3.6712   2.979276    32.0509    25.4720 0.0000e+00
        280      0.161     3.6710   2.979296    32.0514    25.4724 0.0000e+00
        281      0.112     3.6703   2.979240    32.0514    25.4725 0.0000e+00
        282      0.125     3.6682   2.979080    32.0516    25.4728 0.0000e+00
        283      0.198     3.6666   2.979009    32.0523    25.4735 0.0000e+00
        284      0.297     3.6668   2.978862    32.0503    25.4719 0.0000e+00
        285      0.389     3.6679   2.978681    32.0470    25.4692 0.0000e+00
        286      0.478     3.6689   2.978747    32.0468    25.4689 0.0000e+00
        287      0.548     3.6694   2.978911    32.0482    25.4700 0.0000e+00
        288      0.600     3.6684   2.978808    32.0479    25.4699 0.0000e+00
        289      0.674     3.6658   2.978518    32.0470    25.4694 0.0000e+00
        290      0.782     3.6633   2.978307    32.0469    25.4695 0.0000e+00
        291      0.906     3.6620   2.978133    32.0460    25.4690 0.0000e+00
        292      1.047     3.6608   2.978002    32.0456    25.4687 0.0000e+00
        293      1.223     3.6581   2.978017    32.0483    25.4712 0.0000e+00
        294      1.428     3.6545   2.978141    32.0532    25.4754 0.0000e+00
        295      1.634     3.6518   2.978181    32.0563    25.4781 0.0000e+00
        296      1.828     3.6507   2.978166    32.0571    25.4788 0.0000e+00
        297      2.032     3.6507   2.978378    32.0595    25.4807 0.0000e+00
        298      2.269     3.6521   2.978659    32.0613    25.4821 0.0000e+00
        299      2.518     3.6536   2.978701    32.0602    25.4810 0.0000e+00
        300      2.760     3.6536   2.978593    32.0588    25.4799 0.0000e+00
        301      3.010     3.6526   2.978470    32.0582    25.4795 0.0000e+00
        302      3.297     3.6517   2.978399    32.0581    25.4795 0.0000e+00
        303      3.608     3.6516   2.978407    32.0581    25.4796 0.0000e+00
        304      3.889     3.6538   2.978419    32.0560    25.4776 0.0000e+00
        305      4.114     3.6588   2.978622    32.0533    25.4751 0.0000e+00
        306      4.305     3.6641   2.979089    32.0536    25.4748 0.0000e+00
        307      4.472     3.6676   2.979497    32.0549    25.4755 0.0000e+00
        308      4.585     3.6694   2.979681    32.0552    25.4756 0.0000e+00
        309      4.589     3.6698   2.979633    32.0543    25.4748 0.0000e+00
        310      4.469     3.6684   2.979469    32.0538    25.4745 0.0000e+00
        311      4.274     3.6662   2.979424    32.0555    25.4761 0.0000e+00
        312      4.073     3.6654   2.979488    32.0572    25.4775 0.0000e+00
        313      3.923     3.6662   2.979522    32.0568    25.4772 0.0000e+00
        314      3.849     3.6673   2.979534    32.0559    25.4764 0.0000e+00
        315      3.857     3.6680   2.979575    32.0557    25.4761 0.0000e+00
        316      3.949     3.6685   2.979636    32.0559    25.4762 0.0000e+00
        317      4.111     3.6689   2.979671    32.0559    25.4762 0.0000e+00
        318      4.317     3.6688   2.979659    32.0557    25.4760 0.0000e+00
        319      4.546     3.6680   2.979641    32.0562    25.4765 0.0000e+00
        320      4.784     3.6669   2.979650    32.0572    25.4774 0.0000e+00
        321      5.025     3.6665   2.979670    32.0577    25.4779 0.0000e+00
        322      5.289     3.6668   2.979687    32.0575    25.4777 0.0000e+00
        323      5.605     3.6671   2.979697    32.0572    25.4774 0.0000e+00
        324      5.953     3.6670   2.979652    32.0566    25.4769 0.0000e+00
        325      6.274     3.6669   2.979542    32.0552    25.4758 0.0000e+00
        326      6.541     3.6670   2.979459    32.0540    25.4748 0.0000e+00
        327      6.776     3.6673   2.979455    32.0535    25.4744 0.0000e+00
        328      7.002     3.6675   2.979532    32.0541    25.4749 0.0000e+00
        329      7.210     3.6669   2.979617    32.0556    25.4761 0.0000e+00
        330      7.392     3.6660   2.979647    32.0567    25.4771 0.0000e+00
        331      7.576     3.6654   2.979672    32.0575    25.4778 0.0000e+00
        332      7.788     3.6658   2.979679    32.0571    25.4774 0.0000e+00
        333      8.011     3.6664   2.979664    32.0562    25.4767 0.0000e+00
        334      8.210     3.6664   2.979675    32.0563    25.4767 0.0000e+00
        335      8.392     3.6657   2.979670    32.0568    25.4772 0.0000e+00
        336      8.585     3.6647   2.979613    32.0570    25.4774 0.0000e+00
        337      8.788     3.6635   2.979492    32.0566    25.4773 0.0000e+00
        338      8.976     3.6621   2.979349    32.0562    25.4771 0.0000e+00
        339      9.139     3.6610   2.979285    32.0565    25.4774 0.0000e+00
        340      9.273     3.6605   2.979263    32.0566    25.4775 0.0000e+00
        341      9.372     3.6601   2.979225    32.0565    25.4775 0.0000e+00
        342      9.443     3.6599   2.979201    32.0564    25.4774 0.0000e+00
        343      9.516     3.6597   2.979187    32.0564    25.4774 0.0000e+00
        344      9.615     3.6597   2.979171    32.0561    25.4772 0.0000e+00
        345      9.727     3.6597   2.979162    32.0560    25.4771 0.0000e+00
        346      9.805     3.6597   2.979167    32.0560    25.4771 0.0000e+00
        347      9.811     3.6599   2.979177    32.0559    25.4770 0.0000e+00
        348      9.768     3.6601   2.979194    32.0559    25.4770 0.0000e+00
        349      9.742     3.6604   2.979211    32.0559    25.4769 0.0000e+00
        350      9.762     3.6609   2.979239    32.0557    25.4768 0.0000e+00
        351      9.802     3.6619   2.979305    32.0555    25.4765 0.0000e+00
        352      9.827     3.6626   2.979381    32.0557    25.4766 0.0000e+00
        353      9.831     3.6629   2.979425    32.0559    25.4767 0.0000e+00
        354      9.830     3.6632   2.979472    32.0562    25.4769 0.0000e+00
        355      9.835     3.6641   2.979570    32.0564    25.4771 0.0000e+00
        356      9.839     3.6650   2.979680    32.0568    25.4773 0.0000e+00
        357      9.829     3.6657   2.979727    32.0567    25.4771 0.0000e+00
        358      9.804     3.6658   2.979715    32.0565    25.4769 0.0000e+00
        359      9.770     3.6654   2.979683    32.0565    25.4770 0.0000e+00
        360      9.741     3.6649   2.979626    32.0564    25.4769 0.0000e+00
        361      9.746     3.6647   2.979593    32.0562    25.4768 0.0000e+00
        362      9.790     3.6649   2.979655    32.0567    25.4772 0.0000e+00
        363      9.837     3.6652   2.979696    32.0568    25.4773 0.0000e+00
        364      9.843     3.6662   2.979717    32.0561    25.4766 0.0000e+00
        365      9.789     3.6681   2.979912    32.0566    25.4768 0.0000e+00
        366      9.693     3.6698   2.980102    32.0572    25.4771 0.0000e+00
        367      9.600     3.6699   2.980069    32.0568    25.4768 0.0000e+00
        368      9.540     3.6698   2.980053    32.0567    25.4767 0.0000e+00
        369      9.503     3.6700   2.980112    32.0572    25.4771 0.0000e+00
        370      9.440     3.6696   2.980070    32.0572    25.4771 0.0000e+00
        371      9.314     3.6687   2.979957    32.0568    25.4769 0.0000e+00
        372      9.163     3.6673   2.979818    32.0566    25.4769 0.0000e+00
        373      9.066     3.6661   2.979702    32.0564    25.4769 0.0000e+00
        374      9.035     3.6657   2.979704    32.0569    25.4772 0.0000e+00
        375      8.985     3.6659   2.979734    32.0570    25.4774 0.0000e+00
        376      8.834     3.6660   2.979721    32.0569    25.4772 0.0000e+00
        377      8.592     3.6661   2.979712    32.0568    25.4772 0.0000e+00
        378      8.315     3.6664   2.979708    32.0566    25.4770 0.0000e+00
        379      8.040     3.6667   2.979707    32.0564    25.4768 0.0000e+00
        380      7.790     3.6673   2.979740    32.0564    25.4767 0.0000e+00
        381      7.569     3.6681   2.979808    32.0565    25.4767 0.0000e+00
        382      7.374     3.6686   2.979874    32.0569    25.4770 0.0000e+00
        383      7.221     3.6687   2.979887    32.0570    25.4771 0.0000e+00
        384      7.123     3.6692   2.979930    32.0571    25.4771 0.0000e+00
        385      7.071     3.6704   2.980070    32.0576    25.4774 0.0000e+00
        386      7.049     3.6717   2.980196    32.0578    25.4775 0.0000e+00
        387      7.047     3.6724   2.980257    32.0579    25.4774 0.0000e+00
        388      7.050     3.6727   2.980275    32.0578    25.4773 0.0000e+00
        389      7.052     3.6727   2.980267    32.0577    25.4773 0.0000e+00
        390      7.056     3.6727   2.980260    32.0576    25.4772 0.0000e+00
        391      7.065     3.6727   2.980271    32.0577    25.4773 0.0000e+00
        392      7.098     3.6727   2.980270    32.0577    25.4773 0.0000e+00
        393      7.167     3.6727   2.980261    32.0576    25.4772 0.0000e+00
        394      7.252     3.6727   2.980282    32.0578    25.4773 0.0000e+00
        395      7.341     3.6730   2.980327    32.0580    25.4774 0.0000e+00
        396      7.420     3.6734   2.980373    32.0581    25.4775 0.0000e+00
        397      7.417     3.6742   2.980446    32.0581    25.4775 0.0000e+00
        398      7.249     3.6752   2.980553    32.0585    25.4777 0.0000e+00
        399      6.967     3.6756   2.980593    32.0587    25.4778 0.0000e+00
        400      6.702     3.6738   2.980358    32.0579    25.4773 0.0000e+00
        401      6.481     3.6708   2.979950    32.0561    25.4762 0.0000e+00
        402      6.266     3.6695   2.979836    32.0561    25.4763 0.0000e+00
        403      6.029     3.6712   2.980077    32.0574    25.4772 0.0000e+00
        404      5.763     3.6735   2.980315    32.0581    25.4775 0.0000e+00
        405      5.544     3.6745   2.980385    32.0581    25.4774 0.0000e+00
        406      5.491     3.6740   2.980321    32.0579    25.4773 0.0000e+00
        407      5.604     3.6728   2.980219    32.0578    25.4773 0.0000e+00
        408      5.753     3.6721   2.980176    32.0579    25.4775 0.0000e+00
        409      5.884     3.6723   2.980232    32.0583    25.4778 0.0000e+00
        410      6.033     3.6730   2.980315    32.0585    25.4779 0.0000e+00
