Datasets/Test_Dataset_39219_tow/originals/tel219_2021_055.cnv
* Sea-Bird SBE19plus Data File:
* Filename = C:/AQUIRE/tel219_2021_055.hex
* Software Version AquireV2 AF V2.0
* Temperature SN =  4020
* Conductivity SN =  4020
* System UpLoad Time = May 13 2021 22:26:11
** VESSEL/TRIP/SEQ STN: tel219_2021_055
** LATITUDE: 45 08.53 N
** LONGITUDE: 55 10.45 W
** DATE/TIME: 2021-05-13 21:42
** SOUNDING DEPTH (M): 0208
** PROBE TYPE: S4020
** CTD NUMBER:  55
** FORMAT: t
** COMMENTS: 
# nquan = 7                                 
# nvalues = 2531                        
# units = specified
# name 0 = scan: Scan Count
# name 1 = prdM: Pressure, Strain Gauge [db]
# name 2 = tv290C: Temperature [ITS-90, deg C]
# name 3 = c0S/m: Conductivity [S/m]
# name 4 = sal00: Salinity, Practical [PSU]
# name 5 = sigma-t00: Density [sigma-t, kg/m^3 ]
# name 6 = flag: flag
# span 0 =          1,       2531       
# span 1 =     -0.453,    207.730       
# span 2 =     1.1984,     8.4384       
# span 3 =   0.012343,   3.665333       
# span 4 =     0.0924,    34.9377       
# span 5 =     0.0373,    27.1610       
# span 6 = 0.0000e+00, 0.0000e+00       
# interval = seconds: 1
# start_time = May 13 2021 21:42:29 [Instrument's time stamp, header]
# bad_flag = -9.990e-29
*END*
[from data line 1642]
       1643    139.751     5.7921   3.337552    34.0200    26.8042 0.0000e+00
       1644    139.010     5.7915   3.337404    34.0193    26.8037 0.0000e+00
       1645    138.271     5.7923   3.337289    34.0176    26.8022 0.0000e+00
       1646    137.524     5.7981   3.337579    34.0154    26.7998 0.0000e+00
       1647    136.762     5.8070   3.338250    34.0144    26.7979 0.0000e+00
       1648    135.985     5.8167   3.339208    34.0159    26.7979 0.0000e+00
       1649    135.203     5.8256   3.340138    34.0178    26.7983 0.0000e+00
       1650    134.428     5.8299   3.340536    34.0184    26.7982 0.0000e+00
       1651    133.660     5.8243   3.339746    34.0155    26.7966 0.0000e+00
       1652    132.887     5.8069   3.337243    34.0051    26.7905 0.0000e+00
       1653    132.097     5.7797   3.333631    33.9920    26.7836 0.0000e+00
       1654    131.284     5.7480   3.329943    33.9826    26.7800 0.0000e+00
       1655    130.461     5.7189   3.326976    33.9787    26.7805 0.0000e+00
       1656    129.646     5.6964   3.324875    33.9780    26.7827 0.0000e+00
       1657    128.840     5.6736   3.322840    33.9783    26.7857 0.0000e+00
       1658    128.029     5.6370   3.319340    33.9759    26.7882 0.0000e+00
       1659    127.202     5.5792   3.312708    33.9592    26.7821 0.0000e+00
       1660    126.355     5.5122   3.304981    33.9393    26.7744 0.0000e+00
       1661    125.498     5.4580   3.299915    33.9367    26.7788 0.0000e+00
       1662    124.652     5.4250   3.297205    33.9396    26.7850 0.0000e+00
       1663    123.824     5.4085   3.295404    33.9361    26.7843 0.0000e+00
       1664    122.996     5.4029   3.294573    33.9327    26.7822 0.0000e+00
       1665    122.149     5.3944   3.293843    33.9334    26.7838 0.0000e+00
       1666    121.276     5.3562   3.288854    33.9155    26.7741 0.0000e+00
       1667    120.371     5.2895   3.279616    33.8776    26.7520 0.0000e+00
       1668    119.449     5.2332   3.273343    33.8632    26.7471 0.0000e+00
       1669    118.540     5.2058   3.271030    33.8648    26.7516 0.0000e+00
       1670    117.652     5.1942   3.269644    33.8611    26.7500 0.0000e+00
       1671    116.763     5.1883   3.268949    33.8596    26.7495 0.0000e+00
       1672    115.851     5.1857   3.268548    33.8581    26.7486 0.0000e+00
       1673    114.913     5.1834   3.268261    33.8576    26.7485 0.0000e+00
       1674    113.964     5.1702   3.267054    33.8576    26.7500 0.0000e+00
       1675    113.027     5.1300   3.262368    33.8449    26.7446 0.0000e+00
       1676    112.101     5.0594   3.254029    33.8209    26.7337 0.0000e+00
       1677    111.166     4.9560   3.242294    33.7909    26.7216 0.0000e+00
       1678    110.212     4.8217   3.227088    33.7517    26.7057 0.0000e+00
       1679    109.240     4.6856   3.212218    33.7179    26.6939 0.0000e+00
       1680    108.253     4.5735   3.200258    33.6932    26.6865 0.0000e+00
       1681    107.262     4.4852   3.191164    33.6774    26.6835 0.0000e+00
       1682    106.277     4.4108   3.183924    33.6691    26.6848 0.0000e+00
       1683    105.296     4.3331   3.175399    33.6489    26.6770 0.0000e+00
       1684    104.300     4.2398   3.163923    33.6099    26.6557 0.0000e+00
       1685    103.270     4.1340   3.150878    33.5648    26.6309 0.0000e+00
       1686    102.212     4.0257   3.139156    33.5376    26.6203 0.0000e+00
       1687    101.160     3.9291   3.130638    33.5362    26.6289 0.0000e+00
       1688    100.133     3.8302   3.122409    33.5404    26.6421 0.0000e+00
       1689     99.123     3.6640   3.106434    33.5214    26.6432 0.0000e+00
       1690     98.104     3.3744   3.075233    33.4462    26.6108 0.0000e+00
       1691     97.054     3.0016   3.032877    33.3196    26.5436 0.0000e+00
       1692     95.968     2.6753   2.998262    33.2358    26.5047 0.0000e+00
       1693     94.869     2.4783   2.982021    33.2415    26.5255 0.0000e+00
       1694     93.782     2.3749   2.975266    33.2666    26.5539 0.0000e+00
       1695     92.716     2.3033   2.969408    33.2695    26.5619 0.0000e+00
       1696     91.648     2.2381   2.962746    33.2557    26.5560 0.0000e+00
       1697     90.551     2.1770   2.954714    33.2205    26.5326 0.0000e+00
       1698     89.413     2.1096   2.944527    33.1649    26.4933 0.0000e+00
       1699     88.245     2.0010   2.929248    33.0887    26.4404 0.0000e+00
       1700     87.074     1.8586   2.913109    33.0364    26.4090 0.0000e+00
       1701     85.929     1.7448   2.905178    33.0567    26.4335 0.0000e+00
       1702     84.821     1.6810   2.901838    33.0823    26.4585 0.0000e+00
       1703     83.724     1.6368   2.896790    33.0658    26.4484 0.0000e+00
       1704     82.598     1.5859   2.888997    33.0216    26.4165 0.0000e+00
       1705     81.428     1.5234   2.878135    32.9507    26.3639 0.0000e+00
       1706     80.222     1.4590   2.868432    32.8962    26.3245 0.0000e+00
       1707     79.015     1.4040   2.864058    32.8992    26.3306 0.0000e+00
       1708     77.842     1.3602   2.862352    32.9242    26.3535 0.0000e+00
       1709     76.694     1.3198   2.858909    32.9236    26.3557 0.0000e+00
       1710     75.542     1.2760   2.853787    32.9052    26.3438 0.0000e+00
       1711     74.372     1.2330   2.849229    32.8931    26.3368 0.0000e+00
       1712     73.189     1.2046   2.846576    32.8899    26.3360 0.0000e+00
       1713     72.000     1.1984   2.846104    32.8911    26.3374 0.0000e+00
       1714     70.806     1.2066   2.846736    32.8912    26.3369 0.0000e+00
       1715     69.607     1.2210   2.847216    32.8828    26.3293 0.0000e+00
       1716     68.412     1.2378   2.847451    32.8688    26.3170 0.0000e+00
       1717     67.219     1.2516   2.846771    32.8463    26.2980 0.0000e+00
       1718     66.013     1.2605   2.845253    32.8183    26.2750 0.0000e+00
       1719     64.790     1.2740   2.846964    32.8266    26.2808 0.0000e+00
       1720     63.567     1.3070   2.853641    32.8775    26.3195 0.0000e+00
       1721     62.408     1.3508   2.856441    32.8677    26.3088 0.0000e+00
       1722     61.379     1.3706   2.852079    32.7922    26.2469 0.0000e+00
       1723     60.457     1.3592   2.849911    32.7771    26.2356 0.0000e+00
       1724     59.580     1.3397   2.850286    32.8028    26.2574 0.0000e+00
       1725     58.753     1.3261   2.848440    32.7941    26.2513 0.0000e+00
       1726     58.004     1.3290   2.846246    32.7636    26.2267 0.0000e+00
       1727     57.325     1.3626   2.846234    32.7287    26.1964 0.0000e+00
       1728     56.685     1.4289   2.848791    32.6922    26.1628 0.0000e+00
       1729     56.046     1.5152   2.853363    32.6605    26.1316 0.0000e+00
       1730     55.383     1.6001   2.858622    32.6390    26.1086 0.0000e+00
       1731     54.695     1.6668   2.862767    32.6223    26.0907 0.0000e+00
       1732     53.986     1.7216   2.865900    32.6053    26.0733 0.0000e+00
       1733     53.259     1.7830   2.869656    32.5894    26.0562 0.0000e+00
       1734     52.515     1.8487   2.874073    32.5772    26.0418 0.0000e+00
       1735     51.741     1.8990   2.877326    32.5664    26.0296 0.0000e+00
       1736     50.930     1.9286   2.878890    32.5559    26.0190 0.0000e+00
       1737     50.091     1.9495   2.879776    32.5459    26.0095 0.0000e+00
       1738     49.248     1.9817   2.881127    32.5301    25.9945 0.0000e+00
       1739     48.418     2.0491   2.885304    32.5133    25.9762 0.0000e+00
       1740     47.592     2.1455   2.893018    32.5108    25.9670 0.0000e+00
       1741     46.757     2.2127   2.898448    32.5097    25.9611 0.0000e+00
       1742     45.926     2.2196   2.897727    32.4942    25.9481 0.0000e+00
       1743     45.103     2.2203   2.896555    32.4794    25.9362 0.0000e+00
       1744     44.263     2.2778   2.900727    32.4727    25.9265 0.0000e+00
       1745     43.391     2.3977   2.910236    32.4682    25.9137 0.0000e+00
       1746     42.502     2.5492   2.922038    32.4596    25.8948 0.0000e+00
       1747     41.597     2.7011   2.933321    32.4442    25.8702 0.0000e+00
       1748     40.662     2.8361   2.943195    32.4285    25.8466 0.0000e+00
       1749     39.691     2.9444   2.951092    32.4157    25.8273 0.0000e+00
       1750     38.707     3.0185   2.956204    32.4036    25.8113 0.0000e+00
       1751     37.753     3.0737   2.959888    32.3932    25.7982 0.0000e+00
       1752     36.841     3.1469   2.966232    32.3968    25.7947 0.0000e+00
       1753     35.932     3.2550   2.976115    32.4079    25.7941 0.0000e+00
       1754     34.985     3.3897   2.987021    32.4045    25.7794 0.0000e+00
       1755     34.003     3.5358   2.997996    32.3905    25.7549 0.0000e+00
       1756     33.023     3.6669   3.007478    32.3735    25.7292 0.0000e+00
       1757     32.076     3.7615   3.013665    32.3536    25.7044 0.0000e+00
       1758     31.189     3.8205   3.016207    32.3257    25.6766 0.0000e+00
       1759     30.382     3.8757   3.018808    32.3023    25.6527 0.0000e+00
       1760     29.624     3.9719   3.029041    32.3285    25.6642 0.0000e+00
       1761     28.853     4.1023   3.043967    32.3760    25.6892 0.0000e+00
       1762     28.054     4.2198   3.054131    32.3799    25.6805 0.0000e+00
       1763     27.242     4.3098   3.060132    32.3620    25.6572 0.0000e+00
       1764     26.423     4.3673   3.062772    32.3368    25.6314 0.0000e+00
       1765     25.621     4.3824   3.060382    32.2945    25.5962 0.0000e+00
       1766     24.871     4.3847   3.057862    32.2632    25.5712 0.0000e+00
       1767     24.197     4.4056   3.058456    32.2500    25.5586 0.0000e+00
       1768     23.608     4.4278   3.056935    32.2109    25.5252 0.0000e+00
       1769     23.078     4.4385   3.053513    32.1608    25.4844 0.0000e+00
       1770     22.573     4.4657   3.058877    32.1970    25.5103 0.0000e+00
       1771     22.080     4.5219   3.071268    32.2865    25.5756 0.0000e+00
       1772     21.614     4.5856   3.080174    32.3280    25.6018 0.0000e+00
       1773     21.181     4.6406   3.085316    32.3341    25.6009 0.0000e+00
       1774     20.770     4.6824   3.087744    32.3216    25.5866 0.0000e+00
       1775     20.379     4.7093   3.087748    32.2956    25.5631 0.0000e+00
       1776     20.018     4.7257   3.088472    32.2882    25.5555 0.0000e+00
       1777     19.691     4.7373   3.091144    32.3080    25.5699 0.0000e+00
       1778     19.397     4.7476   3.094088    32.3321    25.5879 0.0000e+00
       1779     19.140     4.7573   3.095231    32.3360    25.5900 0.0000e+00
       1780     18.912     4.7641   3.094295    32.3187    25.5755 0.0000e+00
       1781     18.691     4.7683   3.092445    32.2933    25.5550 0.0000e+00
       1782     18.460     4.7720   3.091569    32.2797    25.5438 0.0000e+00
       1783     18.213     4.7726   3.091453    32.2779    25.5423 0.0000e+00
       1784     17.958     4.7626   3.088665    32.2556    25.5256 0.0000e+00
       1785     17.706     4.7468   3.085330    32.2325    25.5091 0.0000e+00
       1786     17.460     4.7456   3.086945    32.2525    25.5250 0.0000e+00
       1787     17.219     4.7607   3.091379    32.2891    25.5525 0.0000e+00
       1788     16.979     4.7739   3.094946    32.3176    25.5736 0.0000e+00
       1789     16.744     4.7804   3.096896    32.3339    25.5859 0.0000e+00
       1790     16.521     4.7849   3.097512    32.3368    25.5876 0.0000e+00
       1791     16.308     4.7889   3.097962    32.3382    25.5883 0.0000e+00
       1792     16.107     4.7924   3.098635    32.3426    25.5915 0.0000e+00
       1793     15.928     4.7948   3.099138    32.3462    25.5941 0.0000e+00
       1794     15.774     4.7963   3.099192    32.3454    25.5933 0.0000e+00
       1795     15.632     4.7969   3.099235    32.3454    25.5932 0.0000e+00
       1796     15.487     4.7957   3.099754    32.3527    25.5991 0.0000e+00
       1797     15.342     4.7925   3.100350    32.3627    25.6074 0.0000e+00
       1798     15.205     4.7893   3.100092    32.3629    25.6079 0.0000e+00
       1799     15.081     4.7888   3.099172    32.3529    25.6000 0.0000e+00
       1800     14.969     4.7906   3.099353    32.3533    25.6001 0.0000e+00
       1801     14.866     4.7931   3.101009    32.3700    25.6131 0.0000e+00
       1802     14.759     4.7957   3.102216    32.3814    25.6219 0.0000e+00
       1803     14.629     4.7958   3.101475    32.3729    25.6151 0.0000e+00
       1804     14.476     4.7806   3.098394    32.3522    25.6003 0.0000e+00
       1805     14.318     4.7447   3.095313    32.3517    25.6038 0.0000e+00
       1806     14.170     4.7149   3.094810    32.3750    25.6255 0.0000e+00
       1807     14.037     4.7197   3.096123    32.3856    25.6333 0.0000e+00
       1808     13.930     4.7468   3.097880    32.3795    25.6256 0.0000e+00
       1809     13.849     4.7675   3.098590    32.3675    25.6139 0.0000e+00
       1810     13.773     4.7685   3.097504    32.3541    25.6031 0.0000e+00
       1811     13.674     4.7512   3.095815    32.3515    25.6029 0.0000e+00
       1812     13.544     4.7371   3.095382    32.3603    25.6114 0.0000e+00
       1813     13.411     4.7458   3.096969    32.3702    25.6183 0.0000e+00
       1814     13.299     4.7668   3.099234    32.3759    25.6206 0.0000e+00
       1815     13.200     4.7828   3.100716    32.3775    25.6202 0.0000e+00
       1816     13.098     4.7917   3.101311    32.3757    25.6178 0.0000e+00
       1817     12.984     4.7958   3.101020    32.3684    25.6116 0.0000e+00
       1818     12.862     4.7965   3.099693    32.3525    25.5989 0.0000e+00
       1819     12.750     4.7965   3.099050    32.3451    25.5930 0.0000e+00
       1820     12.667     4.7975   3.100495    32.3609    25.6054 0.0000e+00
       1821     12.615     4.7997   3.102364    32.3803    25.6206 0.0000e+00
       1822     12.577     4.8023   3.103669    32.3929    25.6303 0.0000e+00
       1823     12.529     4.8054   3.104636    32.4011    25.6364 0.0000e+00
       1824     12.467     4.8065   3.104461    32.3980    25.6339 0.0000e+00
       1825     12.395     4.7975   3.102518    32.3844    25.6240 0.0000e+00
       1826     12.307     4.7772   3.100628    32.3824    25.6246 0.0000e+00
       1827     12.201     4.7614   3.100543    32.3969    25.6378 0.0000e+00
       1828     12.090     4.7650   3.101367    32.4030    25.6423 0.0000e+00
       1829     11.993     4.7813   3.102542    32.4007    25.6387 0.0000e+00
       1830     11.919     4.7943   3.103071    32.3941    25.6321 0.0000e+00
       1831     11.861     4.7999   3.102435    32.3813    25.6214 0.0000e+00
       1832     11.801     4.8039   3.102584    32.3792    25.6192 0.0000e+00
       1833     11.729     4.8085   3.103897    32.3899    25.6272 0.0000e+00
       1834     11.649     4.8123   3.104930    32.3982    25.6334 0.0000e+00
       1835     11.571     4.8146   3.105320    32.4005    25.6349 0.0000e+00
       1836     11.498     4.8158   3.105326    32.3994    25.6340 0.0000e+00
       1837     11.423     4.8164   3.105136    32.3966    25.6317 0.0000e+00
       1838     11.345     4.8165   3.105161    32.3969    25.6319 0.0000e+00
       1839     11.277     4.8156   3.105443    32.4010    25.6353 0.0000e+00
       1840     11.233     4.8133   3.105346    32.4022    25.6365 0.0000e+00
       1841     11.191     4.8094   3.104424    32.3954    25.6315 0.0000e+00
       1842     11.116     4.8024   3.103179    32.3879    25.6263 0.0000e+00
       1843     11.005     4.7956   3.102698    32.3890    25.6279 0.0000e+00
       1844     10.892     4.7959   3.103342    32.3962    25.6336 0.0000e+00
       1845     10.808     4.8025   3.104323    32.4011    25.6368 0.0000e+00
       1846     10.748     4.8063   3.104422    32.3986    25.6344 0.0000e+00
