Datasets/Test_Dataset_39219_tow/originals/tel219_2021_077.cnv
* Sea-Bird SBE19plus Data File:
* Filename = C:/AQUIRE/tel219_2021_077.hex
* Software Version AquireV2 AF V2.0
* Temperature SN =  4020
* Conductivity SN =  4020
* System UpLoad Time = May 16 2021 04:32:41
** VESSEL/TRIP/SEQ STN: tel219_2021_077
** LATITUDE: 45 37.70 N
** LONGITUDE: 56 12.06 W
** DATE/TIME: 2021-05-16 03:52
** SOUNDING DEPTH (M): 0047
** PROBE TYPE: S4020
** CTD NUMBER:  77
** FORMAT: T
** COMMENTS: 
# nquan = 7                                 
# nvalues = 2430                        
# units = specified
# name 0 = scan: Scan Count
# name 1 = prdM: Pressure, Strain Gauge [db]
# name 2 = tv290C: Temperature [ITS-90, deg C]
# name 3 = c0S/m: Conductivity [S/m]
# name 4 = sal00: Salinity, Practical [PSU]
# name 5 = sigma-t00: Density [sigma-t, kg/m^3 ]
# name 6 = flag: flag
# span 0 =          1,       2430       
# span 1 =     -0.013,     44.485       
# span 2 =     3.6116,     5.2805       
# span 3 =   0.007738,   3.069422       
# span 4 =     0.0573,    32.4654       
# span 5 =     0.0080,    25.7413       
# span 6 = 0.0000e+00, 0.0000e+00       
# interval = seconds: 1
# start_time = May 16 2021 03:52:59 [Instrument's time stamp, header]
# bad_flag = -9.990e-29
*END*
[from data line 206]
        207      0.038     5.2759   0.007842     0.0580     0.0083 0.0000e+00
        208      0.037     5.2734   0.007830     0.0579     0.0083 0.0000e+00
        209      0.036     5.2722   0.007822     0.0579     0.0083 0.0000e+00
        210      0.036     5.2716   0.007817     0.0578     0.0083 0.0000e+00
        211      0.034     5.2717   0.007815     0.0578     0.0083 0.0000e+00
        212      0.031     5.2727   0.007814     0.0578     0.0082 0.0000e+00
        213      0.030     5.2738   0.007815     0.0578     0.0082 0.0000e+00
        214      0.031     5.2746   0.007815     0.0578     0.0082 0.0000e+00
        215      0.034     5.2750   0.007814     0.0578     0.0082 0.0000e+00
        216      0.037     5.2756   0.007811     0.0578     0.0082 0.0000e+00
        217      0.039     5.2761   0.007808     0.0578     0.0081 0.0000e+00
        218      0.041     5.2763   0.007806     0.0577     0.0081 0.0000e+00
        219      0.042     5.2761   0.007803     0.0577     0.0081 0.0000e+00
        220      0.041     5.2756   0.007799     0.0577     0.0081 0.0000e+00
        221      0.039     5.2752   0.007796     0.0577     0.0081 0.0000e+00
        222      0.039     5.2754   0.007795     0.0577     0.0081 0.0000e+00
        223      0.040     5.2754   0.007793     0.0576     0.0080 0.0000e+00
        224      0.042     5.2748   0.007790     0.0576     0.0080 0.0000e+00
        225      0.041     5.2740   0.007788     0.0576     0.0080 0.0000e+00
        226      0.039     5.2740   0.007787     0.0576     0.0080 0.0000e+00
        227      0.039     5.2748   0.007791     0.0576     0.0081 0.0000e+00
        228      0.039     5.2754   0.007793     0.0576     0.0080 0.0000e+00
        229      0.039     5.2756   0.007792     0.0576     0.0080 0.0000e+00
        230      0.039     5.2755   0.007791     0.0576     0.0080 0.0000e+00
        231      0.039     5.2749   0.007788     0.0576     0.0080 0.0000e+00
        232      0.039     5.2738   0.007784     0.0576     0.0080 0.0000e+00
        233      0.038     5.2732   0.007781     0.0576     0.0080 0.0000e+00
        234      0.039     5.2733   0.007781     0.0576     0.0080 0.0000e+00
        235      0.039     5.2733   0.007780     0.0575     0.0080 0.0000e+00
        236      0.037     5.2728   0.007778     0.0575     0.0080 0.0000e+00
        237      0.036     5.2717   0.007774     0.0575     0.0080 0.0000e+00
        238      0.038     5.2705   0.007770     0.0575     0.0080 0.0000e+00
        239      0.038     5.2698   0.007769     0.0575     0.0080 0.0000e+00
        240      0.038     5.2697   0.007769     0.0575     0.0080 0.0000e+00
        241      0.041     5.2693   0.007769     0.0575     0.0080 0.0000e+00
        242      0.045     5.2686   0.007769     0.0575     0.0081 0.0000e+00
        243      0.047     5.2679   0.007768     0.0575     0.0081 0.0000e+00
        244      0.045     5.2678   0.007770     0.0575     0.0081 0.0000e+00
        245      0.043     5.2677   0.007770     0.0575     0.0081 0.0000e+00
        246      0.045     5.2670   0.007768     0.0575     0.0081 0.0000e+00
        247      0.045     5.2658   0.007764     0.0574     0.0081 0.0000e+00
        248      0.040     5.2646   0.007761     0.0574     0.0081 0.0000e+00
        249      0.037     5.2636   0.007760     0.0574     0.0081 0.0000e+00
        250      0.038     5.2623   0.007758     0.0574     0.0081 0.0000e+00
        251      0.039     5.2610   0.007756     0.0574     0.0081 0.0000e+00
        252      0.042     5.2595   0.007754     0.0574     0.0082 0.0000e+00
        253      0.046     5.2584   0.007754     0.0574     0.0082 0.0000e+00
        254      0.047     5.2583   0.007758     0.0574     0.0082 0.0000e+00
        255      0.048     5.2585   0.007762     0.0574     0.0082 0.0000e+00
        256      0.048     5.2583   0.007764     0.0574     0.0082 0.0000e+00
        257      0.045     5.2576   0.007761     0.0574     0.0082 0.0000e+00
        258      0.042     5.2570   0.007759     0.0574     0.0082 0.0000e+00
        259      0.039     5.2568   0.007761     0.0574     0.0083 0.0000e+00
        260      0.038     5.2569   0.007762     0.0574     0.0083 0.0000e+00
        261      0.039     5.2573   0.007763     0.0574     0.0083 0.0000e+00
        262      0.039     5.2576   0.007766     0.0575     0.0083 0.0000e+00
        263      0.041     5.2580   0.007767     0.0575     0.0083 0.0000e+00
        264      0.042     5.2588   0.007768     0.0575     0.0083 0.0000e+00
        265      0.039     5.2596   0.007767     0.0575     0.0082 0.0000e+00
        266      0.033     5.2599   0.007765     0.0575     0.0082 0.0000e+00
        267      0.030     5.2599   0.007762     0.0574     0.0082 0.0000e+00
        268      0.031     5.2596   0.007759     0.0574     0.0082 0.0000e+00
        269      0.034     5.2596   0.007760     0.0574     0.0082 0.0000e+00
        270      0.037     5.2593   0.007760     0.0574     0.0082 0.0000e+00
        271      0.039     5.2584   0.007757     0.0574     0.0082 0.0000e+00
        272      0.039     5.2573   0.007752     0.0574     0.0082 0.0000e+00
        273      0.040     5.2561   0.007747     0.0573     0.0082 0.0000e+00
        274      0.041     5.2550   0.007747     0.0573     0.0082 0.0000e+00
        275      0.043     5.2542   0.007749     0.0573     0.0082 0.0000e+00
        276      0.046     5.2534   0.007750     0.0573     0.0083 0.0000e+00
        277      0.048     5.2522   0.007747     0.0573     0.0083 0.0000e+00
        278      0.048     5.2508   0.007745     0.0573     0.0083 0.0000e+00
        279      0.044     5.2496   0.007743     0.0573     0.0083 0.0000e+00
        280      0.039     5.2488   0.007743     0.0573     0.0083 0.0000e+00
        281      0.038     5.2480   0.007743     0.0573     0.0083 0.0000e+00
        282      0.037     5.2469   0.007743     0.0573     0.0084 0.0000e+00
        283      0.037     5.2455   0.007743     0.0573     0.0084 0.0000e+00
        284      0.038     5.2444   0.007744     0.0573     0.0084 0.0000e+00
        285      0.041     5.2434   0.007740     0.0573     0.0084 0.0000e+00
        286      0.043     5.2425   0.007738     0.0573     0.0084 0.0000e+00
        287      0.046     5.2418   0.007739     0.0573     0.0084 0.0000e+00
        288      0.047     5.2414   0.007741     0.0573     0.0085 0.0000e+00
        289      0.044     5.2408   0.007741     0.0573     0.0085 0.0000e+00
        290      0.041     5.2401   0.007740     0.0573     0.0085 0.0000e+00
        291      0.039     5.2395   0.007743     0.0573     0.0085 0.0000e+00
        292      0.037     5.2393   0.007747     0.0573     0.0085 0.0000e+00
        293      0.038     5.2391   0.007749     0.0574     0.0086 0.0000e+00
        294      0.041     5.2390   0.007752     0.0574     0.0086 0.0000e+00
        295      0.044     5.2392   0.007754     0.0574     0.0086 0.0000e+00
        296      0.045     5.2390   0.007755     0.0574     0.0086 0.0000e+00
        297      0.045     5.2383   0.007754     0.0574     0.0086 0.0000e+00
        298      0.044     5.2374   0.007752     0.0574     0.0086 0.0000e+00
        299      0.041     5.2367   0.007753     0.0574     0.0086 0.0000e+00
        300      0.039     5.2359   0.007754     0.0574     0.0087 0.0000e+00
        301      0.041     5.2352   0.007755     0.0574     0.0087 0.0000e+00
        302      0.044     5.2344   0.007754     0.0574     0.0087 0.0000e+00
        303      0.046     5.2337   0.007754     0.0574     0.0087 0.0000e+00
        304      0.046     5.2332   0.007754     0.0574     0.0087 0.0000e+00
        305      0.045     5.2327   0.007756     0.0574     0.0087 0.0000e+00
        306      0.044     5.2327   0.007760     0.0575     0.0088 0.0000e+00
        307      0.042     5.2330   0.007764     0.0575     0.0088 0.0000e+00
        308      0.039     5.2333   0.007769     0.0575     0.0088 0.0000e+00
        309      0.040     5.2331   0.007770     0.0575     0.0088 0.0000e+00
        310      0.043     5.2326   0.007772     0.0575     0.0088 0.0000e+00
        311      0.047     5.2322   0.007776     0.0576     0.0089 0.0000e+00
        312      0.049     5.2320   0.007781     0.0576     0.0089 0.0000e+00
        313      0.046     5.2317   0.007785     0.0576     0.0089 0.0000e+00
        314      0.045     5.2311   0.007787     0.0577     0.0090 0.0000e+00
        315      0.047     5.2305   0.007790     0.0577     0.0090 0.0000e+00
        316      0.048     5.2300   0.007791     0.0577     0.0090 0.0000e+00
        317      0.045     5.2294   0.007793     0.0577     0.0090 0.0000e+00
        318      0.042     5.2288   0.007794     0.0577     0.0090 0.0000e+00
        319      0.041     5.2284   0.007797     0.0577     0.0091 0.0000e+00
        320      0.041     5.2280   0.007802     0.0578     0.0091 0.0000e+00
        321      0.040     5.2277   0.007806     0.0578     0.0091 0.0000e+00
        322      0.037     5.2271   0.007809     0.0578     0.0092 0.0000e+00
        323      0.034     5.2265   0.007812     0.0579     0.0092 0.0000e+00
        324      0.033     5.2261   0.007816     0.0579     0.0092 0.0000e+00
        325      0.035     5.2258   0.007821     0.0579     0.0093 0.0000e+00
        326      0.038     5.2257   0.007825     0.0579     0.0093 0.0000e+00
        327      0.038     5.2256   0.007828     0.0580     0.0093 0.0000e+00
        328      0.038     5.2254   0.007831     0.0580     0.0093 0.0000e+00
        329      0.038     5.2255   0.007834     0.0580     0.0094 0.0000e+00
        330      0.041     5.2260   0.007837     0.0580     0.0094 0.0000e+00
        331      0.046     5.2267   0.007843     0.0581     0.0094 0.0000e+00
        332      0.046     5.2273   0.007846     0.0581     0.0094 0.0000e+00
        333      0.039     5.2279   0.007848     0.0581     0.0094 0.0000e+00
        334      0.033     5.2279   0.007851     0.0581     0.0094 0.0000e+00
        335      0.030     5.2277   0.007854     0.0582     0.0094 0.0000e+00
        336      0.031     5.2272   0.007852     0.0582     0.0094 0.0000e+00
        337      0.038     5.2266   0.007852     0.0582     0.0094 0.0000e+00
        338      0.043     5.2262   0.007855     0.0582     0.0095 0.0000e+00
        339      0.044     5.2258   0.007856     0.0582     0.0095 0.0000e+00
        340      0.045     5.2254   0.007856     0.0582     0.0095 0.0000e+00
        341      0.044     5.2250   0.007859     0.0582     0.0095 0.0000e+00
        342      0.042     5.2249   0.007861     0.0582     0.0095 0.0000e+00
        343      0.039     5.2250   0.007864     0.0582     0.0095 0.0000e+00
        344      0.037     5.2253   0.007868     0.0583     0.0096 0.0000e+00
        345      0.036     5.2251   0.007868     0.0583     0.0096 0.0000e+00
        346      0.036     5.2249   0.007870     0.0583     0.0096 0.0000e+00
        347      0.035     5.2249   0.007874     0.0583     0.0096 0.0000e+00
        348      0.035     5.2250   0.007878     0.0584     0.0096 0.0000e+00
        349      0.038     5.2255   0.007880     0.0584     0.0096 0.0000e+00
        350      0.040     5.2259   0.007882     0.0584     0.0096 0.0000e+00
        351      0.039     5.2262   0.007885     0.0584     0.0096 0.0000e+00
        352      0.037     5.2264   0.007888     0.0584     0.0097 0.0000e+00
        353      0.037     5.2264   0.007890     0.0584     0.0097 0.0000e+00
        354      0.036     5.2262   0.007891     0.0584     0.0097 0.0000e+00
        355      0.037     5.2258   0.007890     0.0584     0.0097 0.0000e+00
        356      0.038     5.2258   0.007891     0.0584     0.0097 0.0000e+00
        357      0.037     5.2259   0.007893     0.0585     0.0097 0.0000e+00
        358      0.039     5.2257   0.007895     0.0585     0.0097 0.0000e+00
        359      0.041     5.2254   0.007896     0.0585     0.0097 0.0000e+00
        360      0.042     5.2248   0.007894     0.0585     0.0097 0.0000e+00
        361      0.042     5.2241   0.007893     0.0585     0.0097 0.0000e+00
        362      0.040     5.2233   0.007892     0.0585     0.0098 0.0000e+00
        363      0.038     5.2227   0.007892     0.0585     0.0098 0.0000e+00
        364      0.038     5.2223   0.007895     0.0585     0.0098 0.0000e+00
        365      0.038     5.2218   0.007898     0.0585     0.0098 0.0000e+00
        366      0.037     5.2216   0.007901     0.0585     0.0098 0.0000e+00
        367      0.037     5.2214   0.007902     0.0585     0.0099 0.0000e+00
        368      0.039     5.2211   0.007903     0.0585     0.0099 0.0000e+00
        369      0.040     5.2208   0.007904     0.0586     0.0099 0.0000e+00
        370      0.038     5.2203   0.007904     0.0586     0.0099 0.0000e+00
        371      0.035     5.2201   0.007905     0.0586     0.0099 0.0000e+00
        372      0.036     5.2198   0.007905     0.0586     0.0099 0.0000e+00
        373      0.037     5.2195   0.007905     0.0586     0.0099 0.0000e+00
        374      0.039     5.2188   0.007905     0.0586     0.0099 0.0000e+00
        375      0.039     5.2181   0.007902     0.0585     0.0099 0.0000e+00
        376      0.037     5.2176   0.007903     0.0585     0.0099 0.0000e+00
        377      0.037     5.2172   0.007906     0.0586     0.0100 0.0000e+00
        378      0.038     5.2169   0.007908     0.0586     0.0100 0.0000e+00
        379      0.038     5.2164   0.007909     0.0586     0.0100 0.0000e+00
        380      0.038     5.2158   0.007908     0.0586     0.0100 0.0000e+00
        381      0.038     5.2152   0.007911     0.0586     0.0100 0.0000e+00
        382      0.038     5.2149   0.007913     0.0586     0.0101 0.0000e+00
        383      0.036     5.2148   0.007917     0.0587     0.0101 0.0000e+00
        384      0.034     5.2150   0.007920     0.0587     0.0101 0.0000e+00
        385      0.035     5.2157   0.007926     0.0587     0.0101 0.0000e+00
        386      0.036     5.2163   0.007931     0.0588     0.0101 0.0000e+00
        387      0.038     5.2164   0.007933     0.0588     0.0101 0.0000e+00
        388      0.041     5.2161   0.007932     0.0588     0.0101 0.0000e+00
        389      0.040     5.2157   0.007931     0.0588     0.0101 0.0000e+00
        390      0.037     5.2153   0.007933     0.0588     0.0102 0.0000e+00
        391      0.036     5.2149   0.007934     0.0588     0.0102 0.0000e+00
        392      0.036     5.2139   0.007931     0.0588     0.0102 0.0000e+00
        393      0.034     5.2121   0.007926     0.0587     0.0102 0.0000e+00
        394      0.032     5.2104   0.007923     0.0587     0.0102 0.0000e+00
        395      0.031     5.2096   0.007925     0.0587     0.0102 0.0000e+00
        396      0.032     5.2097   0.007930     0.0588     0.0103 0.0000e+00
        397      0.036     5.2098   0.007932     0.0588     0.0103 0.0000e+00
        398      0.037     5.2097   0.007933     0.0588     0.0103 0.0000e+00
        399      0.037     5.2097   0.007935     0.0588     0.0103 0.0000e+00
        400      0.037     5.2099   0.007940     0.0588     0.0103 0.0000e+00
        401      0.036     5.2100   0.007944     0.0589     0.0103 0.0000e+00
        402      0.035     5.2099   0.007947     0.0589     0.0104 0.0000e+00
        403      0.033     5.2097   0.007949     0.0589     0.0104 0.0000e+00
        404      0.032     5.2096   0.007951     0.0589     0.0104 0.0000e+00
        405      0.032     5.2096   0.007953     0.0589     0.0104 0.0000e+00
        406      0.030     5.2095   0.007954     0.0589     0.0104 0.0000e+00
        407      0.027     5.2095   0.007955     0.0590     0.0104 0.0000e+00
        408      0.025     5.2095   0.007956     0.0590     0.0104 0.0000e+00
        409      0.027     5.2095   0.007956     0.0590     0.0104 0.0000e+00
        410      0.028     5.2095   0.007959     0.0590     0.0104 0.0000e+00
