Datasets/Test_Dataset_39219_tow/originals/tel219_2021_046.cnv
* Sea-Bird SBE19plus Data File:
* Filename = C:/AQUIRE/tel219_2021_046.hex
* Software Version AquireV2 AF V2.0
* Temperature SN =  4020
* Conductivity SN =  4020
* System UpLoad Time = May 12 2021 19:03:41
** VESSEL/TRIP/SEQ STN: tel219_2021_046
** LATITUDE: 45 30.58 N
** LONGITUDE: 55 58.00 W
** DATE/TIME: 2021-05-12 18:24
** SOUNDING DEPTH (M): 0050
** PROBE TYPE: S4020
** CTD NUMBER: 046
** FORMAT: T
** COMMENTS: 
# nquan = 7                                 
# nvalues = 2424                        
# units = specified
# name 0 = scan: Scan Count
# name 1 = prdM: Pressure, Strain Gauge [db]
# name 2 = tv290C: Temperature [ITS-90, deg C]
# name 3 = c0S/m: Conductivity [S/m]
# name 4 = sal00: Salinity, Practical [PSU]
# name 5 = sigma-t00: Density [sigma-t, kg/m^3 ]
# name 6 = flag: flag
# span 0 =          1,       2424       
# span 1 =     -0.239,     46.378       
# span 2 =     3.1257,     5.1799       
# span 3 =   0.004187,   3.024404       
# span 4 =     0.0309,    32.3759       
# span 5 =    -0.0105,    25.7295       
# span 6 = 0.0000e+00, 0.0000e+00       
# interval = seconds: 1
# start_time = May 12 2021 18:24:16 [Instrument's time stamp, header]
# bad_flag = -9.990e-29
*END*
[from data line 1642]
       1643     45.709     3.1327   2.955016    32.2710    25.6957 0.0000e+00
       1644     45.741     3.1326   2.955010    32.2710    25.6957 0.0000e+00
       1645     45.790     3.1331   2.955043    32.2709    25.6955 0.0000e+00
       1646     45.821     3.1338   2.955105    32.2709    25.6955 0.0000e+00
       1647     45.821     3.1344   2.955152    32.2709    25.6954 0.0000e+00
       1648     45.802     3.1343   2.955146    32.2709    25.6955 0.0000e+00
       1649     45.780     3.1337   2.955096    32.2709    25.6955 0.0000e+00
       1650     45.774     3.1326   2.955022    32.2711    25.6958 0.0000e+00
       1651     45.791     3.1315   2.954938    32.2712    25.6959 0.0000e+00
       1652     45.815     3.1313   2.954905    32.2710    25.6958 0.0000e+00
       1653     45.824     3.1318   2.954939    32.2709    25.6957 0.0000e+00
       1654     45.815     3.1322   2.954982    32.2710    25.6957 0.0000e+00
       1655     45.796     3.1323   2.954998    32.2711    25.6958 0.0000e+00
       1656     45.781     3.1322   2.954988    32.2711    25.6958 0.0000e+00
       1657     45.788     3.1320   2.954972    32.2711    25.6958 0.0000e+00
       1658     45.820     3.1319   2.954964    32.2711    25.6958 0.0000e+00
       1659     45.863     3.1319   2.954965    32.2711    25.6958 0.0000e+00
       1660     45.896     3.1321   2.954974    32.2710    25.6957 0.0000e+00
       1661     45.909     3.1327   2.955022    32.2710    25.6956 0.0000e+00
       1662     45.899     3.1338   2.955102    32.2708    25.6954 0.0000e+00
       1663     45.878     3.1349   2.955175    32.2706    25.6952 0.0000e+00
       1664     45.867     3.1357   2.955229    32.2705    25.6950 0.0000e+00
       1665     45.876     3.1360   2.955255    32.2705    25.6950 0.0000e+00
       1666     45.902     3.1359   2.955248    32.2705    25.6950 0.0000e+00
       1667     45.927     3.1357   2.955227    32.2704    25.6949 0.0000e+00
       1668     45.941     3.1350   2.955189    32.2707    25.6952 0.0000e+00
       1669     45.946     3.1338   2.955104    32.2708    25.6954 0.0000e+00
       1670     45.949     3.1326   2.955016    32.2710    25.6956 0.0000e+00
       1671     45.947     3.1320   2.954980    32.2711    25.6958 0.0000e+00
       1672     45.939     3.1319   2.954971    32.2711    25.6958 0.0000e+00
       1673     45.935     3.1320   2.954976    32.2711    25.6958 0.0000e+00
       1674     45.940     3.1323   2.954997    32.2710    25.6957 0.0000e+00
       1675     45.955     3.1326   2.955021    32.2710    25.6957 0.0000e+00
       1676     45.973     3.1329   2.955040    32.2709    25.6956 0.0000e+00
       1677     45.987     3.1330   2.955049    32.2709    25.6956 0.0000e+00
       1678     45.991     3.1330   2.955045    32.2709    25.6956 0.0000e+00
       1679     45.982     3.1330   2.955042    32.2709    25.6955 0.0000e+00
       1680     45.960     3.1328   2.955031    32.2709    25.6956 0.0000e+00
       1681     45.928     3.1327   2.955019    32.2709    25.6956 0.0000e+00
       1682     45.893     3.1327   2.955020    32.2709    25.6956 0.0000e+00
       1683     45.870     3.1327   2.955025    32.2710    25.6957 0.0000e+00
       1684     45.872     3.1327   2.955031    32.2711    25.6957 0.0000e+00
       1685     45.900     3.1328   2.955039    32.2711    25.6957 0.0000e+00
       1686     45.943     3.1330   2.955046    32.2709    25.6956 0.0000e+00
       1687     45.984     3.1330   2.955052    32.2710    25.6956 0.0000e+00
       1688     46.011     3.1330   2.955051    32.2710    25.6956 0.0000e+00
       1689     46.024     3.1327   2.955037    32.2711    25.6957 0.0000e+00
       1690     46.029     3.1325   2.955021    32.2711    25.6958 0.0000e+00
       1691     46.021     3.1323   2.955008    32.2711    25.6958 0.0000e+00
       1692     45.997     3.1323   2.955003    32.2711    25.6958 0.0000e+00
       1693     45.969     3.1323   2.955008    32.2712    25.6958 0.0000e+00
       1694     45.954     3.1325   2.955024    32.2712    25.6958 0.0000e+00
       1695     45.967     3.1326   2.955044    32.2713    25.6959 0.0000e+00
       1696     46.008     3.1328   2.955055    32.2712    25.6958 0.0000e+00
       1697     46.059     3.1330   2.955051    32.2709    25.6956 0.0000e+00
       1698     46.096     3.1332   2.955039    32.2706    25.6953 0.0000e+00
       1699     46.107     3.1332   2.955032    32.2705    25.6952 0.0000e+00
       1700     46.089     3.1333   2.955035    32.2704    25.6952 0.0000e+00
       1701     46.043     3.1334   2.955039    32.2704    25.6951 0.0000e+00
       1702     45.984     3.1334   2.955041    32.2704    25.6952 0.0000e+00
       1703     45.944     3.1334   2.955038    32.2704    25.6952 0.0000e+00
       1704     45.950     3.1334   2.955040    32.2705    25.6952 0.0000e+00
       1705     45.996     3.1334   2.955047    32.2705    25.6952 0.0000e+00
       1706     46.054     3.1332   2.955049    32.2707    25.6954 0.0000e+00
       1707     46.099     3.1328   2.955033    32.2709    25.6956 0.0000e+00
       1708     46.118     3.1327   2.955019    32.2708    25.6955 0.0000e+00
       1709     46.113     3.1331   2.955039    32.2707    25.6954 0.0000e+00
       1710     46.091     3.1340   2.955102    32.2705    25.6952 0.0000e+00
       1711     46.063     3.1349   2.955173    32.2705    25.6951 0.0000e+00
       1712     46.037     3.1351   2.955194    32.2706    25.6951 0.0000e+00
       1713     46.025     3.1345   2.955144    32.2706    25.6952 0.0000e+00
       1714     46.035     3.1337   2.955077    32.2706    25.6952 0.0000e+00
       1715     46.061     3.1329   2.955022    32.2707    25.6954 0.0000e+00
       1716     46.087     3.1319   2.954962    32.2709    25.6957 0.0000e+00
       1717     46.104     3.1312   2.954915    32.2711    25.6958 0.0000e+00
       1718     46.108     3.1307   2.954883    32.2712    25.6960 0.0000e+00
       1719     46.101     3.1303   2.954861    32.2713    25.6961 0.0000e+00
       1720     46.082     3.1300   2.954847    32.2715    25.6963 0.0000e+00
       1721     46.057     3.1299   2.954828    32.2713    25.6962 0.0000e+00
       1722     46.042     3.1298   2.954812    32.2713    25.6961 0.0000e+00
       1723     46.047     3.1300   2.954821    32.2712    25.6960 0.0000e+00
       1724     46.061     3.1304   2.954850    32.2711    25.6959 0.0000e+00
       1725     46.080     3.1309   2.954877    32.2709    25.6958 0.0000e+00
       1726     46.100     3.1313   2.954902    32.2708    25.6956 0.0000e+00
       1727     46.117     3.1315   2.954917    32.2708    25.6956 0.0000e+00
       1728     46.125     3.1316   2.954918    32.2707    25.6955 0.0000e+00
       1729     46.119     3.1318   2.954923    32.2706    25.6954 0.0000e+00
       1730     46.111     3.1318   2.954932    32.2707    25.6955 0.0000e+00
       1731     46.112     3.1313   2.954896    32.2707    25.6956 0.0000e+00
       1732     46.112     3.1304   2.954819    32.2707    25.6956 0.0000e+00
       1733     46.102     3.1296   2.954772    32.2709    25.6959 0.0000e+00
       1734     46.079     3.1294   2.954766    32.2711    25.6960 0.0000e+00
       1735     46.048     3.1296   2.954783    32.2711    25.6960 0.0000e+00
       1736     46.023     3.1302   2.954814    32.2709    25.6958 0.0000e+00
       1737     46.019     3.1313   2.954893    32.2707    25.6956 0.0000e+00
       1738     46.040     3.1328   2.955006    32.2706    25.6953 0.0000e+00
       1739     46.073     3.1338   2.955071    32.2704    25.6951 0.0000e+00
       1740     46.101     3.1340   2.955076    32.2702    25.6949 0.0000e+00
       1741     46.119     3.1334   2.955041    32.2704    25.6951 0.0000e+00
       1742     46.133     3.1326   2.954979    32.2704    25.6952 0.0000e+00
       1743     46.145     3.1321   2.954939    32.2704    25.6953 0.0000e+00
       1744     46.152     3.1318   2.954935    32.2707    25.6955 0.0000e+00
       1745     46.149     3.1319   2.954942    32.2707    25.6955 0.0000e+00
       1746     46.136     3.1319   2.954946    32.2707    25.6955 0.0000e+00
       1747     46.114     3.1318   2.954943    32.2708    25.6956 0.0000e+00
       1748     46.086     3.1315   2.954923    32.2709    25.6957 0.0000e+00
       1749     46.060     3.1314   2.954902    32.2707    25.6956 0.0000e+00
       1750     46.050     3.1315   2.954911    32.2707    25.6956 0.0000e+00
       1751     46.071     3.1326   2.954996    32.2707    25.6954 0.0000e+00
       1752     46.115     3.1345   2.955152    32.2706    25.6952 0.0000e+00
       1753     46.164     3.1360   2.955272    32.2705    25.6950 0.0000e+00
       1754     46.193     3.1362   2.955286    32.2705    25.6950 0.0000e+00
       1755     46.187     3.1354   2.955225    32.2706    25.6951 0.0000e+00
       1756     46.160     3.1347   2.955158    32.2705    25.6951 0.0000e+00
       1757     46.139     3.1349   2.955162    32.2703    25.6949 0.0000e+00
       1758     46.138     3.1356   2.955226    32.2704    25.6949 0.0000e+00
       1759     46.148     3.1362   2.955267    32.2703    25.6948 0.0000e+00
       1760     46.148     3.1363   2.955250    32.2700    25.6945 0.0000e+00
       1761     46.128     3.1355   2.955198    32.2702    25.6948 0.0000e+00
       1762     46.104     3.1340   2.955092    32.2704    25.6951 0.0000e+00
       1763     46.106     3.1321   2.954946    32.2705    25.6954 0.0000e+00
       1764     46.135     3.1307   2.954853    32.2708    25.6957 0.0000e+00
       1765     46.160     3.1302   2.954835    32.2711    25.6959 0.0000e+00
       1766     46.152     3.1301   2.954857    32.2714    25.6962 0.0000e+00
       1767     46.099     3.1304   2.954887    32.2715    25.6963 0.0000e+00
       1768     46.024     3.1304   2.954876    32.2714    25.6962 0.0000e+00
       1769     45.978     3.1302   2.954823    32.2710    25.6959 0.0000e+00
       1770     46.002     3.1298   2.954780    32.2709    25.6958 0.0000e+00
       1771     46.083     3.1296   2.954771    32.2709    25.6959 0.0000e+00
       1772     46.175     3.1296   2.954786    32.2711    25.6960 0.0000e+00
       1773     46.225     3.1298   2.954806    32.2711    25.6960 0.0000e+00
       1774     46.209     3.1299   2.954812    32.2711    25.6960 0.0000e+00
       1775     46.144     3.1296   2.954786    32.2711    25.6960 0.0000e+00
       1776     46.077     3.1292   2.954738    32.2709    25.6959 0.0000e+00
       1777     46.039     3.1288   2.954700    32.2709    25.6959 0.0000e+00
       1778     46.032     3.1286   2.954693    32.2710    25.6960 0.0000e+00
       1779     46.041     3.1286   2.954702    32.2711    25.6961 0.0000e+00
       1780     46.050     3.1286   2.954712    32.2712    25.6962 0.0000e+00
       1781     46.049     3.1285   2.954714    32.2714    25.6963 0.0000e+00
       1782     46.049     3.1284   2.954694    32.2712    25.6962 0.0000e+00
       1783     46.070     3.1280   2.954642    32.2710    25.6961 0.0000e+00
       1784     46.113     3.1276   2.954594    32.2708    25.6959 0.0000e+00
       1785     46.161     3.1273   2.954577    32.2709    25.6960 0.0000e+00
       1786     46.198     3.1274   2.954577    32.2707    25.6959 0.0000e+00
       1787     46.211     3.1276   2.954584    32.2706    25.6958 0.0000e+00
       1788     46.198     3.1280   2.954602    32.2704    25.6956 0.0000e+00
       1789     46.176     3.1288   2.954651    32.2702    25.6954 0.0000e+00
       1790     46.163     3.1296   2.954720    32.2703    25.6954 0.0000e+00
       1791     46.170     3.1302   2.954760    32.2702    25.6952 0.0000e+00
       1792     46.189     3.1300   2.954735    32.2700    25.6951 0.0000e+00
       1793     46.198     3.1292   2.954680    32.2702    25.6953 0.0000e+00
       1794     46.179     3.1285   2.954642    32.2704    25.6956 0.0000e+00
       1795     46.133     3.1281   2.954615    32.2705    25.6957 0.0000e+00
       1796     46.084     3.1280   2.954589    32.2703    25.6955 0.0000e+00
       1797     46.064     3.1280   2.954578    32.2702    25.6955 0.0000e+00
       1798     46.086     3.1280   2.954586    32.2703    25.6955 0.0000e+00
       1799     46.137     3.1281   2.954598    32.2703    25.6955 0.0000e+00
       1800     46.189     3.1281   2.954604    32.2704    25.6956 0.0000e+00
       1801     46.224     3.1281   2.954599    32.2703    25.6955 0.0000e+00
       1802     46.236     3.1281   2.954588    32.2701    25.6954 0.0000e+00
       1803     46.226     3.1280   2.954586    32.2702    25.6955 0.0000e+00
       1804     46.198     3.1278   2.954586    32.2704    25.6956 0.0000e+00
       1805     46.157     3.1276   2.954572    32.2705    25.6957 0.0000e+00
       1806     46.114     3.1274   2.954552    32.2705    25.6957 0.0000e+00
       1807     46.086     3.1273   2.954541    32.2705    25.6957 0.0000e+00
       1808     46.085     3.1272   2.954539    32.2705    25.6958 0.0000e+00
       1809     46.110     3.1271   2.954538    32.2706    25.6958 0.0000e+00
       1810     46.147     3.1266   2.954512    32.2708    25.6960 0.0000e+00
       1811     46.174     3.1261   2.954462    32.2707    25.6960 0.0000e+00
       1812     46.184     3.1257   2.954429    32.2707    25.6960 0.0000e+00
       1813     46.197     3.1258   2.954443    32.2707    25.6960 0.0000e+00
       1814     46.232     3.1265   2.954500    32.2707    25.6960 0.0000e+00
       1815     46.288     3.1274   2.954561    32.2705    25.6957 0.0000e+00
       1816     46.343     3.1281   2.954609    32.2703    25.6955 0.0000e+00
       1817     46.376     3.1285   2.954644    32.2703    25.6955 0.0000e+00
       1818     46.378     3.1286   2.954650    32.2703    25.6955 0.0000e+00
       1819     46.346     3.1285   2.954634    32.2702    25.6954 0.0000e+00
       1820     46.282     3.1285   2.954623    32.2701    25.6954 0.0000e+00
       1821     46.200     3.1285   2.954622    32.2702    25.6954 0.0000e+00
       1822     46.113     3.1285   2.954621    32.2702    25.6954 0.0000e+00
       1823     46.016     3.1285   2.954622    32.2703    25.6955 0.0000e+00
       1824     45.896     3.1285   2.954636    32.2705    25.6956 0.0000e+00
       1825     45.738     3.1289   2.954670    32.2706    25.6957 0.0000e+00
       1826     45.531     3.1296   2.954713    32.2705    25.6956 0.0000e+00
       1827     45.281     3.1302   2.954751    32.2705    25.6955 0.0000e+00
       1828     45.004     3.1307   2.954785    32.2706    25.6955 0.0000e+00
       1829     44.715     3.1313   2.954803    32.2703    25.6953 0.0000e+00
       1830     44.428     3.1315   2.954787    32.2701    25.6951 0.0000e+00
       1831     44.152     3.1315   2.954768    32.2700    25.6950 0.0000e+00
       1832     43.883     3.1315   2.954763    32.2701    25.6951 0.0000e+00
       1833     43.607     3.1315   2.954751    32.2701    25.6951 0.0000e+00
       1834     43.309     3.1315   2.954720    32.2699    25.6949 0.0000e+00
       1835     42.988     3.1313   2.954685    32.2698    25.6949 0.0000e+00
       1836     42.656     3.1310   2.954656    32.2700    25.6950 0.0000e+00
       1837     42.323     3.1308   2.954636    32.2701    25.6951 0.0000e+00
       1838     41.996     3.1307   2.954627    32.2703    25.6952 0.0000e+00
       1839     41.679     3.1308   2.954624    32.2703    25.6953 0.0000e+00
       1840     41.365     3.1310   2.954617    32.2702    25.6952 0.0000e+00
       1841     41.042     3.1311   2.954609    32.2701    25.6951 0.0000e+00
       1842     40.705     3.1311   2.954593    32.2701    25.6951 0.0000e+00
       1843     40.347     3.1309   2.954562    32.2701    25.6951 0.0000e+00
       1844     39.965     3.1308   2.954546    32.2702    25.6952 0.0000e+00
       1845     39.568     3.1310   2.954561    32.2704    25.6954 0.0000e+00
       1846     39.172     3.1315   2.954597    32.2706    25.6954 0.0000e+00
