Datasets/Test_Dataset_39219_tow/originals/tel219_2021_011.cnv
* Sea-Bird SBE19plus Data File:
* Filename = C:/AQUIRE/tel219_2021_011.hex
* Software Version AquireV2 AF V2.0
* Temperature SN =  4020
* Conductivity SN =  4020
* System UpLoad Time = May 06 2021 21:11:36
** VESSEL/TRIP/SEQ STN: tel219_2021_011
** LATITUDE: 46 00.26 N
** LONGITUDE: 55 33.41 W
** DATE/TIME: 2021-05-06 20:28
** SOUNDING DEPTH (M): 0072
** PROBE TYPE: S4020
** CTD NUMBER: 011
** FORMAT: T
** COMMENTS: 
# nquan = 7                                 
# nvalues = 2607                        
# units = specified
# name 0 = scan: Scan Count
# name 1 = prdM: Pressure, Strain Gauge [db]
# name 2 = tv290C: Temperature [ITS-90, deg C]
# name 3 = c0S/m: Conductivity [S/m]
# name 4 = sal00: Salinity, Practical [PSU]
# name 5 = sigma-t00: Density [sigma-t, kg/m^3 ]
# name 6 = flag: flag
# span 0 =          1,       2607       
# span 1 =     -0.146,     67.593       
# span 2 =     1.6376,     3.4107       
# span 3 =   0.006856,   2.945817       
# span 4 =     0.0531,    32.2025       
# span 5 =     0.0118,    25.7542       
# span 6 = 0.0000e+00, 0.0000e+00       
# interval = seconds: 1
# start_time = May 06 2021 20:28:00 [Instrument's time stamp, header]
# bad_flag = -9.990e-29
*END*
[from data line 411]
        412     -0.136     3.3770   0.009327     0.0725     0.0308 0.0000e+00
        413     -0.139     3.3775   0.009330     0.0726     0.0308 0.0000e+00
        414     -0.138     3.3790   0.009329     0.0726     0.0308 0.0000e+00
        415     -0.133     3.3803   0.009319     0.0725     0.0308 0.0000e+00
        416     -0.129     3.3813   0.009304     0.0724     0.0307 0.0000e+00
        417     -0.129     3.3831   0.009288     0.0722     0.0306 0.0000e+00
        418     -0.131     3.3860   0.009282     0.0722     0.0306 0.0000e+00
        419     -0.135     3.3887   0.009298     0.0723     0.0307 0.0000e+00
        420     -0.138     3.3902   0.009322     0.0725     0.0309 0.0000e+00
        421     -0.138     3.3912   0.009333     0.0726     0.0309 0.0000e+00
        422     -0.137     3.3924   0.009330     0.0725     0.0309 0.0000e+00
        423     -0.137     3.3938   0.009329     0.0725     0.0309 0.0000e+00
        424     -0.135     3.3957   0.009347     0.0727     0.0311 0.0000e+00
        425     -0.133     3.3973   0.009372     0.0729     0.0312 0.0000e+00
        426     -0.133     3.3975   0.009377     0.0729     0.0313 0.0000e+00
        427     -0.133     3.3960   0.009363     0.0728     0.0312 0.0000e+00
        428     -0.134     3.3932   0.009362     0.0728     0.0311 0.0000e+00
        429     -0.136     3.3887   0.009407     0.0732     0.0314 0.0000e+00
        430     -0.138     3.3842   0.009476     0.0737     0.0318 0.0000e+00
        431     -0.138     3.3811   0.009513     0.0740     0.0320 0.0000e+00
        432     -0.136     3.3805   0.009510     0.0740     0.0320 0.0000e+00
        433     -0.134     3.3830   0.009488     0.0738     0.0319 0.0000e+00
        434     -0.132     3.3870   0.009468     0.0737     0.0318 0.0000e+00
        435     -0.130     3.3906   0.009468     0.0737     0.0318 0.0000e+00
        436     -0.130     3.3933   0.009468     0.0737     0.0318 0.0000e+00
        437     -0.128     3.3952   0.009463     0.0736     0.0318 0.0000e+00
        438     -0.128     3.3963   0.009474     0.0737     0.0319 0.0000e+00
        439     -0.132     3.3971   0.009496     0.0739     0.0321 0.0000e+00
        440     -0.136     3.3985   0.009506     0.0739     0.0321 0.0000e+00
        441     -0.140     3.3998   0.009512     0.0740     0.0322 0.0000e+00
        442     -0.142     3.4009   0.009539     0.0742     0.0324 0.0000e+00
        443     -0.138     3.4019   0.009561     0.0744     0.0325 0.0000e+00
        444     -0.134     3.4021   0.009553     0.0743     0.0325 0.0000e+00
        445     -0.134     3.4000   0.009549     0.0743     0.0324 0.0000e+00
        446     -0.137     3.3961   0.009573     0.0745     0.0325 0.0000e+00
        447     -0.139     3.3915   0.009607     0.0748     0.0327 0.0000e+00
        448     -0.140     3.3871   0.009633     0.0750     0.0329 0.0000e+00
        449     -0.140     3.3846   0.009643     0.0751     0.0329 0.0000e+00
        450     -0.138     3.3844   0.009634     0.0750     0.0329 0.0000e+00
        451     -0.133     3.3840   0.009624     0.0749     0.0328 0.0000e+00
        452     -0.130     3.3813   0.009620     0.0749     0.0327 0.0000e+00
        453     -0.130     3.3777   0.009618     0.0749     0.0327 0.0000e+00
        454     -0.133     3.3758   0.009612     0.0748     0.0326 0.0000e+00
        455     -0.138     3.3769   0.009599     0.0747     0.0326 0.0000e+00
        456     -0.141     3.3803   0.009584     0.0746     0.0325 0.0000e+00
        457     -0.140     3.3831   0.009577     0.0746     0.0325 0.0000e+00
        458     -0.137     3.3827   0.009585     0.0746     0.0325 0.0000e+00
        459     -0.136     3.3796   0.009607     0.0748     0.0326 0.0000e+00
        460     -0.136     3.3758   0.009625     0.0750     0.0327 0.0000e+00
        461     -0.135     3.3730   0.009634     0.0750     0.0328 0.0000e+00
        462     -0.135     3.3725   0.009639     0.0751     0.0328 0.0000e+00
        463     -0.135     3.3753   0.009647     0.0751     0.0329 0.0000e+00
        464     -0.134     3.3792   0.009650     0.0751     0.0329 0.0000e+00
        465     -0.134     3.3814   0.009643     0.0751     0.0329 0.0000e+00
        466     -0.135     3.3813   0.009635     0.0750     0.0328 0.0000e+00
        467     -0.136     3.3794   0.009633     0.0750     0.0328 0.0000e+00
        468     -0.137     3.3761   0.009631     0.0750     0.0328 0.0000e+00
        469     -0.137     3.3722   0.009617     0.0749     0.0326 0.0000e+00
        470     -0.137     3.3693   0.009612     0.0749     0.0326 0.0000e+00
        471     -0.137     3.3690   0.009619     0.0749     0.0326 0.0000e+00
        472     -0.138     3.3705   0.009619     0.0749     0.0326 0.0000e+00
        473     -0.138     3.3729   0.009641     0.0751     0.0328 0.0000e+00
        474     -0.138     3.3761   0.009792     0.0763     0.0338 0.0000e+00
        475     -0.135     3.3792   0.010027     0.0782     0.0354 0.0000e+00
        476     -0.132     3.3807   0.010176     0.0794     0.0364 0.0000e+00
        477     -0.134     3.3798   0.010273     0.0802     0.0370 0.0000e+00
        478     -0.140     3.3765   0.010417     0.0814     0.0379 0.0000e+00
        479     -0.145     3.3729   0.010848     0.0849     0.0407 0.0000e+00
        480     -0.145     3.3718   0.017901     0.1426     0.0874 0.0000e+00
        481     -0.140     3.3730   0.073544     0.6201     0.4728 0.0000e+00
        482     -0.133     3.3745   0.148966     1.2991     1.0191 0.0000e+00
        483     -0.119     3.3678   0.245223     2.1982     1.7406 0.0000e+00
        484     -0.082     3.3287   0.965353     9.5015     7.5692 0.0000e+00
        485      0.002     3.2540   2.230179    23.6159    18.7946 0.0000e+00
        486      0.136     3.1906   2.895085    31.5161    25.0889 0.0000e+00
        487      0.285     3.1667   2.945817    32.1501    25.5963 0.0000e+00
        488      0.428     3.1603   2.945326    32.1504    25.5972 0.0000e+00
        489      0.570     3.1525   2.943485    32.1359    25.5863 0.0000e+00
        490      0.720     3.1448   2.941886    32.1243    25.5776 0.0000e+00
        491      0.887     3.1418   2.941402    32.1213    25.5755 0.0000e+00
        492      1.034     3.1429   2.941512    32.1215    25.5756 0.0000e+00
        493      1.082     3.1433   2.941403    32.1197    25.5741 0.0000e+00
        494      1.053     3.1406   2.941007    32.1177    25.5727 0.0000e+00
        495      1.065     3.1370   2.940661    32.1171    25.5726 0.0000e+00
        496      1.161     3.1348   2.940510    32.1174    25.5730 0.0000e+00
        497      1.293     3.1338   2.940444    32.1175    25.5732 0.0000e+00
        498      1.408     3.1339   2.940457    32.1175    25.5732 0.0000e+00
        499      1.436     3.1351   2.940603    32.1181    25.5735 0.0000e+00
        500      1.307     3.1365   2.940758    32.1186    25.5738 0.0000e+00
        501      1.024     3.1365   2.940820    32.1195    25.5745 0.0000e+00
        502      0.691     3.1361   2.940832    32.1202    25.5751 0.0000e+00
        503      0.438     3.1374   2.941010    32.1212    25.5758 0.0000e+00
        504      0.305     3.1403   2.941302    32.1219    25.5761 0.0000e+00
        505      0.247     3.1427   2.941394    32.1207    25.5749 0.0000e+00
        506      0.246     3.1448   2.941325    32.1177    25.5724 0.0000e+00
        507      0.293     3.1457   2.941212    32.1155    25.5705 0.0000e+00
        508      0.325     3.1434   2.941110    32.1165    25.5715 0.0000e+00
        509      0.347     3.1405   2.941138    32.1197    25.5744 0.0000e+00
        510      0.444     3.1401   2.941350    32.1226    25.5767 0.0000e+00
        511      0.581     3.1407   2.941452    32.1232    25.5771 0.0000e+00
        512      0.638     3.1405   2.941415    32.1229    25.5769 0.0000e+00
        513      0.596     3.1405   2.941536    32.1244    25.5781 0.0000e+00
        514      0.541     3.1426   2.941687    32.1241    25.5777 0.0000e+00
        515      0.536     3.1455   2.941721    32.1217    25.5755 0.0000e+00
        516      0.547     3.1452   2.941394    32.1180    25.5726 0.0000e+00
        517      0.533     3.1416   2.940620    32.1123    25.5683 0.0000e+00
        518      0.527     3.1381   2.940288    32.1118    25.5682 0.0000e+00
        519      0.559     3.1369   2.940651    32.1173    25.5728 0.0000e+00
        520      0.604     3.1364   2.940853    32.1202    25.5751 0.0000e+00
        521      0.618     3.1349   2.940622    32.1189    25.5742 0.0000e+00
        522      0.601     3.1334   2.940356    32.1172    25.5730 0.0000e+00
        523      0.612     3.1338   2.940401    32.1174    25.5731 0.0000e+00
        524      0.674     3.1350   2.940572    32.1182    25.5736 0.0000e+00
        525      0.714     3.1346   2.940501    32.1177    25.5733 0.0000e+00
        526      0.673     3.1326   2.940180    32.1158    25.5720 0.0000e+00
        527      0.579     3.1310   2.939908    32.1142    25.5708 0.0000e+00
        528      0.511     3.1304   2.939713    32.1125    25.5695 0.0000e+00
        529      0.500     3.1299   2.939578    32.1114    25.5686 0.0000e+00
        530      0.510     3.1291   2.939653    32.1131    25.5700 0.0000e+00
        531      0.516     3.1281   2.939712    32.1148    25.5715 0.0000e+00
        532      0.517     3.1275   2.939666    32.1148    25.5716 0.0000e+00
        533      0.509     3.1273   2.939678    32.1152    25.5719 0.0000e+00
        534      0.505     3.1277   2.939768    32.1158    25.5724 0.0000e+00
        535      0.533     3.1285   2.939900    32.1166    25.5729 0.0000e+00
        536      0.596     3.1292   2.939990    32.1170    25.5732 0.0000e+00
        537      0.672     3.1297   2.939989    32.1164    25.5727 0.0000e+00
        538      0.702     3.1297   2.939959    32.1161    25.5724 0.0000e+00
        539      0.666     3.1297   2.939983    32.1164    25.5726 0.0000e+00
        540      0.633     3.1299   2.940041    32.1169    25.5730 0.0000e+00
        541      0.612     3.1298   2.940010    32.1166    25.5728 0.0000e+00
        542      0.540     3.1293   2.939930    32.1162    25.5725 0.0000e+00
        543      0.425     3.1289   2.939922    32.1166    25.5728 0.0000e+00
        544      0.319     3.1292   2.939936    32.1165    25.5728 0.0000e+00
        545      0.259     3.1300   2.939939    32.1157    25.5721 0.0000e+00
        546      0.254     3.1302   2.939910    32.1152    25.5717 0.0000e+00
        547      0.279     3.1293   2.939802    32.1148    25.5714 0.0000e+00
        548      0.355     3.1280   2.939672    32.1145    25.5713 0.0000e+00
        549      0.510     3.1271   2.939623    32.1147    25.5715 0.0000e+00
        550      0.692     3.1261   2.939573    32.1150    25.5718 0.0000e+00
        551      0.854     3.1246   2.939412    32.1145    25.5715 0.0000e+00
        552      0.987     3.1231   2.939285    32.1143    25.5716 0.0000e+00
        553      1.055     3.1224   2.939278    32.1149    25.5721 0.0000e+00
        554      1.035     3.1220   2.939238    32.1148    25.5721 0.0000e+00
        555      0.985     3.1219   2.939174    32.1142    25.5716 0.0000e+00
        556      0.955     3.1227   2.939239    32.1142    25.5715 0.0000e+00
        557      0.971     3.1239   2.939352    32.1144    25.5715 0.0000e+00
        558      1.047     3.1239   2.939350    32.1143    25.5715 0.0000e+00
        559      1.111     3.1225   2.939235    32.1143    25.5716 0.0000e+00
        560      1.101     3.1208   2.939098    32.1143    25.5718 0.0000e+00
        561      1.075     3.1197   2.939010    32.1144    25.5719 0.0000e+00
        562      1.075     3.1189   2.938968    32.1147    25.5722 0.0000e+00
        563      1.083     3.1188   2.938952    32.1146    25.5721 0.0000e+00
        564      1.079     3.1193   2.938981    32.1144    25.5720 0.0000e+00
        565      1.064     3.1200   2.939045    32.1145    25.5720 0.0000e+00
        566      1.051     3.1206   2.939100    32.1146    25.5720 0.0000e+00
        567      0.988     3.1209   2.939122    32.1146    25.5720 0.0000e+00
        568      0.847     3.1210   2.939109    32.1144    25.5718 0.0000e+00
        569      0.719     3.1208   2.939090    32.1144    25.5718 0.0000e+00
        570      0.640     3.1204   2.939049    32.1144    25.5718 0.0000e+00
        571      0.556     3.1197   2.938969    32.1141    25.5717 0.0000e+00
        572      0.491     3.1189   2.938904    32.1142    25.5718 0.0000e+00
        573      0.494     3.1185   2.938877    32.1143    25.5719 0.0000e+00
        574      0.540     3.1184   2.938850    32.1140    25.5717 0.0000e+00
        575      0.564     3.1180   2.938819    32.1140    25.5718 0.0000e+00
        576      0.512     3.1176   2.938804    32.1143    25.5720 0.0000e+00
        577      0.416     3.1172   2.938781    32.1144    25.5722 0.0000e+00
        578      0.337     3.1168   2.938744    32.1144    25.5722 0.0000e+00
        579      0.261     3.1166   2.938711    32.1143    25.5721 0.0000e+00
        580      0.197     3.1164   2.938682    32.1142    25.5720 0.0000e+00
        581      0.184     3.1160   2.938648    32.1142    25.5720 0.0000e+00
        582      0.195     3.1154   2.938586    32.1140    25.5720 0.0000e+00
        583      0.171     3.1147   2.938217    32.1103    25.5690 0.0000e+00
        584      0.121     3.1139   2.936493    32.0903    25.5532 0.0000e+00
        585      0.082     3.1128   2.935138    32.0750    25.5411 0.0000e+00
        586      0.058     3.1119   2.936359    32.0907    25.5537 0.0000e+00
        587      0.041     3.1114   2.937593    32.1061    25.5660 0.0000e+00
        588      0.032     3.1113   2.937757    32.1082    25.5677 0.0000e+00
        589      0.027     3.1115   2.938017    32.1111    25.5700 0.0000e+00
        590      0.023     3.1116   2.938214    32.1134    25.5718 0.0000e+00
        591      0.023     3.1117   2.938208    32.1132    25.5717 0.0000e+00
        592      0.043     3.1117   2.938154    32.1125    25.5711 0.0000e+00
        593      0.073     3.1117   2.938203    32.1131    25.5716 0.0000e+00
        594      0.073     3.1121   2.938299    32.1139    25.5722 0.0000e+00
        595      0.054     3.1127   2.938343    32.1138    25.5721 0.0000e+00
        596      0.046     3.1125   2.938264    32.1131    25.5715 0.0000e+00
        597      0.041     3.1113   2.938024    32.1114    25.5702 0.0000e+00
        598      0.038     3.1097   2.937802    32.1103    25.5695 0.0000e+00
        599      0.039     3.1086   2.937793    32.1113    25.5704 0.0000e+00
        600      0.045     3.1084   2.937864    32.1123    25.5712 0.0000e+00
        601      0.063     3.1092   2.937912    32.1121    25.5710 0.0000e+00
        602      0.088     3.1106   2.938018    32.1120    25.5708 0.0000e+00
        603      0.118     3.1124   2.938169    32.1120    25.5706 0.0000e+00
        604      0.142     3.1135   2.938254    32.1119    25.5705 0.0000e+00
        605      0.173     3.1135   2.938209    32.1114    25.5700 0.0000e+00
        606      0.275     3.1126   2.938122    32.1111    25.5699 0.0000e+00
        607      0.475     3.1116   2.938084    32.1116    25.5704 0.0000e+00
        608      0.716     3.1108   2.938057    32.1119    25.5707 0.0000e+00
        609      0.894     3.1108   2.938086    32.1122    25.5709 0.0000e+00
        610      1.012     3.1116   2.938172    32.1124    25.5710 0.0000e+00
        611      1.186     3.1123   2.938246    32.1125    25.5710 0.0000e+00
        612      1.425     3.1126   2.938295    32.1126    25.5711 0.0000e+00
        613      1.643     3.1128   2.938333    32.1128    25.5712 0.0000e+00
        614      1.837     3.1129   2.938368    32.1130    25.5714 0.0000e+00
        615      2.076     3.1132   2.938402    32.1130    25.5713 0.0000e+00
