Datasets/Test_Dataset_39219_tow/originals/tel219_2021_004.cnv
* Sea-Bird SBE19plus Data File:
* Filename = C:/AQUIRE/tel219_2021_004.hex
* Software Version AquireV2 AF V2.0
* Temperature SN =  4020
* Conductivity SN =  4020
* System UpLoad Time = May 06 2021 06:45:21
** VESSEL/TRIP/SEQ STN: tel219_2021_004
** LATITUDE: 45 47.39 N
** LONGITUDE: 54 58.12 W
** DATE/TIME: 2021-05-06 06:09
** SOUNDING DEPTH (M): 0069
** PROBE TYPE: S4020
** CTD NUMBER:   4
** FORMAT: T
** COMMENTS: 
# nquan = 7                                 
# nvalues = 2189                        
# units = specified
# name 0 = scan: Scan Count
# name 1 = prdM: Pressure, Strain Gauge [db]
# name 2 = tv290C: Temperature [ITS-90, deg C]
# name 3 = c0S/m: Conductivity [S/m]
# name 4 = sal00: Salinity, Practical [PSU]
# name 5 = sigma-t00: Density [sigma-t, kg/m^3 ]
# name 6 = flag: flag
# span 0 =          1,       2189       
# span 1 =     -0.109,     65.581       
# span 2 =     0.7090,     3.6448       
# span 3 =   0.002382,   3.006627       
# span 4 =     0.0177,    32.6473       
# span 5 =    -0.0307,    26.1462       
# span 6 = 0.0000e+00, 0.0000e+00       
# interval = seconds: 1
# start_time = May 06 2021 06:09:44 [Instrument's time stamp, header]
# bad_flag = -9.990e-29
*END*
[from data line 411]
        412     38.698     2.4124   2.911786    32.4749    25.9178 0.0000e+00
        413     38.774     2.4048   2.911135    32.4746    25.9182 0.0000e+00
        414     38.846     2.3949   2.910329    32.4747    25.9190 0.0000e+00
        415     38.912     2.3870   2.909805    32.4762    25.9209 0.0000e+00
        416     38.973     2.3831   2.909633    32.4781    25.9227 0.0000e+00
        417     39.031     2.3810   2.909515    32.4787    25.9234 0.0000e+00
        418     39.087     2.3783   2.909328    32.4791    25.9239 0.0000e+00
        419     39.143     2.3751   2.909126    32.4799    25.9247 0.0000e+00
        420     39.203     2.3723   2.908941    32.4804    25.9254 0.0000e+00
        421     39.265     2.3688   2.908620    32.4800    25.9253 0.0000e+00
        422     39.329     2.3632   2.908000    32.4780    25.9242 0.0000e+00
        423     39.398     2.3548   2.907178    32.4764    25.9235 0.0000e+00
        424     39.469     2.3442   2.906350    32.4770    25.9248 0.0000e+00
        425     39.540     2.3337   2.905652    32.4790    25.9273 0.0000e+00
        426     39.613     2.3251   2.905137    32.4814    25.9298 0.0000e+00
        427     39.689     2.3186   2.904795    32.4838    25.9322 0.0000e+00
        428     39.768     2.3138   2.904531    32.4854    25.9339 0.0000e+00
        429     39.854     2.3099   2.904237    32.4857    25.9344 0.0000e+00
        430     39.950     2.3063   2.903909    32.4853    25.9344 0.0000e+00
        431     40.055     2.3022   2.903534    32.4848    25.9343 0.0000e+00
        432     40.168     2.2970   2.903140    32.4852    25.9350 0.0000e+00
        433     40.282     2.2922   2.902864    32.4866    25.9365 0.0000e+00
        434     40.393     2.2887   2.902742    32.4886    25.9384 0.0000e+00
        435     40.507     2.2866   2.902698    32.4901    25.9398 0.0000e+00
        436     40.632     2.2858   2.902617    32.4899    25.9396 0.0000e+00
        437     40.765     2.2850   2.902446    32.4885    25.9386 0.0000e+00
        438     40.899     2.2828   2.902282    32.4887    25.9389 0.0000e+00
        439     41.032     2.2800   2.902177    32.4901    25.9403 0.0000e+00
        440     41.168     2.2778   2.902055    32.4908    25.9410 0.0000e+00
        441     41.306     2.2764   2.901884    32.4901    25.9405 0.0000e+00
        442     41.449     2.2756   2.901774    32.4894    25.9400 0.0000e+00
        443     41.596     2.2756   2.901756    32.4891    25.9398 0.0000e+00
        444     41.751     2.2759   2.901736    32.4885    25.9393 0.0000e+00
        445     41.914     2.2750   2.901679    32.4886    25.9394 0.0000e+00
        446     42.082     2.2727   2.901594    32.4898    25.9406 0.0000e+00
        447     42.247     2.2703   2.901465    32.4906    25.9414 0.0000e+00
        448     42.407     2.2684   2.901294    32.4903    25.9413 0.0000e+00
        449     42.566     2.2670   2.901136    32.4897    25.9409 0.0000e+00
        450     42.733     2.2656   2.901014    32.4896    25.9409 0.0000e+00
        451     42.911     2.2633   2.900877    32.4901    25.9415 0.0000e+00
        452     43.093     2.2603   2.900681    32.4907    25.9422 0.0000e+00
        453     43.273     2.2578   2.900416    32.4898    25.9417 0.0000e+00
        454     43.453     2.2557   2.900132    32.4884    25.9407 0.0000e+00
        455     43.638     2.2527   2.899916    32.4887    25.9412 0.0000e+00
        456     43.830     2.2490   2.899755    32.4904    25.9428 0.0000e+00
        457     44.029     2.2451   2.899561    32.4918    25.9443 0.0000e+00
        458     44.231     2.2414   2.899314    32.4924    25.9451 0.0000e+00
        459     44.430     2.2378   2.899050    32.4928    25.9456 0.0000e+00
        460     44.626     2.2336   2.898768    32.4935    25.9465 0.0000e+00
        461     44.829     2.2292   2.898466    32.4941    25.9473 0.0000e+00
        462     45.040     2.2247   2.898137    32.4945    25.9480 0.0000e+00
        463     45.259     2.2200   2.897800    32.4950    25.9488 0.0000e+00
        464     45.482     2.2157   2.897512    32.4957    25.9497 0.0000e+00
        465     45.703     2.2121   2.897247    32.4960    25.9501 0.0000e+00
        466     45.923     2.2083   2.896918    32.4957    25.9502 0.0000e+00
        467     46.141     2.2037   2.896550    32.4958    25.9506 0.0000e+00
        468     46.359     2.1993   2.896256    32.4965    25.9515 0.0000e+00
        469     46.581     2.1963   2.896085    32.4973    25.9524 0.0000e+00
        470     46.809     2.1944   2.895985    32.4979    25.9530 0.0000e+00
        471     47.042     2.1925   2.895901    32.4987    25.9538 0.0000e+00
        472     47.272     2.1906   2.895810    32.4994    25.9544 0.0000e+00
        473     47.500     2.1889   2.895653    32.4990    25.9543 0.0000e+00
        474     47.733     2.1860   2.895363    32.4983    25.9539 0.0000e+00
        475     47.973     2.1809   2.894937    32.4981    25.9542 0.0000e+00
        476     48.214     2.1734   2.894323    32.4980    25.9547 0.0000e+00
        477     48.460     2.1652   2.893610    32.4975    25.9548 0.0000e+00
        478     48.714     2.1590   2.893091    32.4972    25.9551 0.0000e+00
        479     48.970     2.1543   2.892735    32.4975    25.9557 0.0000e+00
        480     49.222     2.1463   2.891936    32.4956    25.9548 0.0000e+00
        481     49.464     2.1224   2.888995    32.4835    25.9468 0.0000e+00
        482     49.699     2.0602   2.881663    32.4560    25.9294 0.0000e+00
        483     49.938     1.9464   2.869899    32.4260    25.9137 0.0000e+00
        484     50.180     1.7906   2.856560    32.4192    25.9193 0.0000e+00
        485     50.423     1.6167   2.844280    32.4440    25.9511 0.0000e+00
        486     50.668     1.4550   2.834139    32.4831    25.9933 0.0000e+00
        487     50.917     1.3318   2.827186    32.5227    26.0331 0.0000e+00
        488     51.169     1.2501   2.823085    32.5555    26.0646 0.0000e+00
        489     51.424     1.1956   2.820239    32.5760    26.0845 0.0000e+00
        490     51.679     1.1628   2.818443    32.5872    26.0955 0.0000e+00
        491     51.933     1.1491   2.817470    32.5889    26.0978 0.0000e+00
        492     52.186     1.1409   2.816426    32.5840    26.0943 0.0000e+00
        493     52.440     1.1290   2.815512    32.5847    26.0956 0.0000e+00
        494     52.695     1.1195   2.815061    32.5887    26.0994 0.0000e+00
        495     52.944     1.1139   2.814509    32.5873    26.0987 0.0000e+00
        496     53.188     1.1023   2.813366    32.5847    26.0973 0.0000e+00
        497     53.426     1.0807   2.811852    32.5879    26.1011 0.0000e+00
        498     53.663     1.0605   2.810673    32.5938    26.1071 0.0000e+00
        499     53.905     1.0516   2.810091    32.5955    26.1090 0.0000e+00
        500     54.152     1.0463   2.809589    32.5945    26.1086 0.0000e+00
        501     54.394     1.0370   2.809043    32.5971    26.1112 0.0000e+00
        502     54.628     1.0300   2.808742    32.6005    26.1143 0.0000e+00
        503     54.862     1.0305   2.808532    32.5971    26.1116 0.0000e+00
        504     55.105     1.0310   2.808055    32.5903    26.1061 0.0000e+00
        505     55.357     1.0233   2.807309    32.5887    26.1053 0.0000e+00
        506     55.606     1.0115   2.806742    32.5937    26.1100 0.0000e+00
        507     55.847     1.0044   2.806546    32.5985    26.1143 0.0000e+00
        508     56.086     1.0025   2.806428    32.5988    26.1147 0.0000e+00
        509     56.327     0.9994   2.806161    32.5985    26.1146 0.0000e+00
        510     56.567     0.9930   2.805831    32.6008    26.1169 0.0000e+00
        511     56.801     0.9872   2.805616    32.6040    26.1198 0.0000e+00
        512     57.034     0.9861   2.805437    32.6028    26.1188 0.0000e+00
        513     57.271     0.9885   2.805263    32.5979    26.1148 0.0000e+00
        514     57.508     0.9909   2.805153    32.5938    26.1113 0.0000e+00
        515     57.748     0.9899   2.804972    32.5924    26.1103 0.0000e+00
        516     57.992     0.9848   2.804711    32.5943    26.1121 0.0000e+00
        517     58.230     0.9787   2.804450    32.5972    26.1148 0.0000e+00
        518     58.461     0.9758   2.804335    32.5986    26.1161 0.0000e+00
        519     58.691     0.9767   2.804324    32.5974    26.1151 0.0000e+00
        520     58.927     0.9781   2.804219    32.5945    26.1126 0.0000e+00
        521     59.167     0.9777   2.804002    32.5920    26.1106 0.0000e+00
        522     59.397     0.9748   2.803730    32.5914    26.1103 0.0000e+00
        523     59.605     0.9707   2.803553    32.5933    26.1121 0.0000e+00
        524     59.799     0.9698   2.803559    32.5942    26.1129 0.0000e+00
        525     59.993     0.9738   2.803615    32.5906    26.1098 0.0000e+00
        526     60.193     0.9769   2.803518    32.5860    26.1059 0.0000e+00
        527     60.400     0.9749   2.803333    32.5856    26.1057 0.0000e+00
        528     60.615     0.9706   2.803212    32.5885    26.1082 0.0000e+00
        529     60.837     0.9678   2.803196    32.5911    26.1105 0.0000e+00
        530     61.068     0.9697   2.803260    32.5898    26.1093 0.0000e+00
        531     61.306     0.9748   2.803277    32.5845    26.1048 0.0000e+00
        532     61.546     0.9761   2.803162    32.5815    26.1023 0.0000e+00
        533     61.777     0.9733   2.802993    32.5822    26.1030 0.0000e+00
        534     61.996     0.9716   2.802940    32.5831    26.1039 0.0000e+00
        535     62.200     0.9722   2.802930    32.5823    26.1032 0.0000e+00
        536     62.395     0.9712   2.802794    32.5815    26.1026 0.0000e+00
        537     62.583     0.9687   2.802689    32.5826    26.1037 0.0000e+00
        538     62.771     0.9688   2.802690    32.5824    26.1035 0.0000e+00
        539     62.965     0.9700   2.802652    32.5806    26.1019 0.0000e+00
        540     63.159     0.9678   2.802551    32.5815    26.1028 0.0000e+00
        541     63.342     0.9645   2.802444    32.5835    26.1046 0.0000e+00
        542     63.508     0.9636   2.802403    32.5838    26.1049 0.0000e+00
        543     63.661     0.9639   2.802462    32.5841    26.1052 0.0000e+00
        544     63.809     0.9637   2.802462    32.5843    26.1053 0.0000e+00
        545     63.956     0.9619   2.802302    32.5840    26.1052 0.0000e+00
        546     64.095     0.9589   2.802153    32.5852    26.1063 0.0000e+00
        547     64.217     0.9580   2.802098    32.5853    26.1065 0.0000e+00
        548     64.323     0.9594   2.802084    32.5836    26.1050 0.0000e+00
        549     64.426     0.9611   2.802074    32.5817    26.1033 0.0000e+00
        550     64.530     0.9605   2.802007    32.5814    26.1032 0.0000e+00
        551     64.630     0.9568   2.801896    32.5838    26.1053 0.0000e+00
        552     64.722     0.9534   2.801843    32.5866    26.1078 0.0000e+00
        553     64.799     0.9535   2.801856    32.5866    26.1078 0.0000e+00
        554     64.864     0.9559   2.801835    32.5838    26.1054 0.0000e+00
        555     64.923     0.9580   2.801766    32.5807    26.1027 0.0000e+00
        556     64.977     0.9580   2.801668    32.5794    26.1017 0.0000e+00
        557     65.027     0.9558   2.801576    32.5805    26.1027 0.0000e+00
        558     65.073     0.9530   2.801506    32.5825    26.1045 0.0000e+00
        559     65.113     0.9504   2.801415    32.5840    26.1059 0.0000e+00
        560     65.145     0.9483   2.801329    32.5851    26.1069 0.0000e+00
        561     65.167     0.9478   2.801311    32.5854    26.1071 0.0000e+00
        562     65.185     0.9489   2.801331    32.5845    26.1063 0.0000e+00
        563     65.208     0.9496   2.801297    32.5833    26.1054 0.0000e+00
        564     65.231     0.9486   2.801209    32.5832    26.1053 0.0000e+00
        565     65.243     0.9473   2.801142    32.5837    26.1058 0.0000e+00
        566     65.242     0.9474   2.801140    32.5836    26.1057 0.0000e+00
        567     65.238     0.9483   2.801161    32.5829    26.1051 0.0000e+00
        568     65.239     0.9477   2.801146    32.5834    26.1055 0.0000e+00
        569     65.244     0.9463   2.801138    32.5847    26.1067 0.0000e+00
        570     65.255     0.9462   2.801168    32.5852    26.1071 0.0000e+00
        571     65.273     0.9475   2.801178    32.5840    26.1060 0.0000e+00
        572     65.299     0.9475   2.801155    32.5836    26.1057 0.0000e+00
        573     65.324     0.9455   2.801118    32.5852    26.1072 0.0000e+00
        574     65.336     0.9438   2.801070    32.5864    26.1082 0.0000e+00
        575     65.337     0.9441   2.801035    32.5856    26.1076 0.0000e+00
        576     65.343     0.9454   2.801015    32.5840    26.1062 0.0000e+00
        577     65.359     0.9458   2.800998    32.5834    26.1056 0.0000e+00
        578     65.376     0.9446   2.800971    32.5843    26.1064 0.0000e+00
        579     65.390     0.9432   2.800958    32.5856    26.1075 0.0000e+00
        580     65.400     0.9430   2.800979    32.5860    26.1079 0.0000e+00
        581     65.415     0.9442   2.800998    32.5850    26.1070 0.0000e+00
        582     65.436     0.9449   2.800976    32.5840    26.1062 0.0000e+00
        583     65.451     0.9441   2.800935    32.5843    26.1065 0.0000e+00
        584     65.452     0.9429   2.800930    32.5855    26.1075 0.0000e+00
        585     65.452     0.9434   2.800950    32.5852    26.1073 0.0000e+00
        586     65.463     0.9441   2.800937    32.5843    26.1065 0.0000e+00
        587     65.482     0.9429   2.800875    32.5848    26.1069 0.0000e+00
        588     65.499     0.9412   2.800804    32.5856    26.1077 0.0000e+00
        589     65.512     0.9406   2.800759    32.5857    26.1078 0.0000e+00
        590     65.520     0.9406   2.800733    32.5853    26.1075 0.0000e+00
        591     65.525     0.9404   2.800707    32.5852    26.1074 0.0000e+00
        592     65.532     0.9399   2.800678    32.5854    26.1076 0.0000e+00
        593     65.536     0.9394   2.800678    32.5859    26.1080 0.0000e+00
        594     65.531     0.9395   2.800713    32.5862    26.1083 0.0000e+00
        595     65.522     0.9406   2.800749    32.5855    26.1077 0.0000e+00
        596     65.519     0.9419   2.800755    32.5843    26.1066 0.0000e+00
        597     65.526     0.9419   2.800726    32.5839    26.1063 0.0000e+00
        598     65.537     0.9407   2.800683    32.5846    26.1069 0.0000e+00
        599     65.541     0.9394   2.800639    32.5854    26.1076 0.0000e+00
        600     65.541     0.9389   2.800606    32.5855    26.1077 0.0000e+00
        601     65.544     0.9391   2.800592    32.5851    26.1074 0.0000e+00
        602     65.551     0.9396   2.800596    32.5846    26.1070 0.0000e+00
        603     65.558     0.9399   2.800603    32.5844    26.1068 0.0000e+00
        604     65.556     0.9396   2.800619    32.5849    26.1072 0.0000e+00
        605     65.548     0.9391   2.800652    32.5859    26.1080 0.0000e+00
        606     65.545     0.9394   2.800696    32.5861    26.1082 0.0000e+00
        607     65.553     0.9402   2.800717    32.5855    26.1077 0.0000e+00
        608     65.568     0.9401   2.800689    32.5853    26.1075 0.0000e+00
        609     65.580     0.9392   2.800636    32.5855    26.1077 0.0000e+00
        610     65.581     0.9386   2.800609    32.5858    26.1080 0.0000e+00
        611     65.575     0.9387   2.800604    32.5856    26.1079 0.0000e+00
        612     65.567     0.9385   2.800565    32.5854    26.1077 0.0000e+00
        613     65.558     0.9374   2.800478    32.5854    26.1078 0.0000e+00
        614     65.545     0.9360   2.800401    32.5859    26.1082 0.0000e+00
        615     65.533     0.9358   2.800371    32.5857    26.1081 0.0000e+00
