Datasets/Test_Dataset_39219_tow/originals/tel219_2021_007.cnv
* Sea-Bird SBE19plus Data File:
* Filename = C:/AQUIRE/tel219_2021_007.hex
* Software Version AquireV2 AF V2.0
* Temperature SN =  4020
* Conductivity SN =  4020
* System UpLoad Time = May 06 2021 14:06:57
** VESSEL/TRIP/SEQ STN: tel219_2021_007
** LATITUDE: 45 52.93 N
** LONGITUDE: 55 57.97 W
** DATE/TIME: 2021-05-06 13:23
** SOUNDING DEPTH (M): 0054
** PROBE TYPE: S4020
** CTD NUMBER:   7
** FORMAT: T
** COMMENTS: 
# nquan = 7                                 
# nvalues = 2673                        
# units = specified
# name 0 = scan: Scan Count
# name 1 = prdM: Pressure, Strain Gauge [db]
# name 2 = tv290C: Temperature [ITS-90, deg C]
# name 3 = c0S/m: Conductivity [S/m]
# name 4 = sal00: Salinity, Practical [PSU]
# name 5 = sigma-t00: Density [sigma-t, kg/m^3 ]
# name 6 = flag: flag
# span 0 =          1,       2673       
# span 1 =     -0.136,     51.488       
# span 2 =     2.1197,     5.0223       
# span 3 =   0.001887,   3.011515       
# span 4 =     0.0141,    32.1573       
# span 5 =    -0.0210,    25.6742       
# span 6 = 0.0000e+00, 0.0000e+00       
# interval = seconds: 1
# start_time = May 06 2021 13:23:37 [Instrument's time stamp, header]
# bad_flag = -9.990e-29
*END*
[from data line 1642]
       1643     50.120     2.1442   2.863009    32.1387    25.6693 0.0000e+00
       1644     50.113     2.1441   2.863005    32.1388    25.6694 0.0000e+00
       1645     50.119     2.1441   2.863000    32.1387    25.6693 0.0000e+00
       1646     50.140     2.1440   2.862996    32.1388    25.6694 0.0000e+00
       1647     50.168     2.1439   2.862989    32.1388    25.6694 0.0000e+00
       1648     50.189     2.1439   2.862980    32.1386    25.6693 0.0000e+00
       1649     50.196     2.1437   2.862975    32.1388    25.6694 0.0000e+00
       1650     50.196     2.1437   2.862968    32.1387    25.6693 0.0000e+00
       1651     50.191     2.1435   2.862958    32.1388    25.6694 0.0000e+00
       1652     50.180     2.1433   2.862946    32.1388    25.6695 0.0000e+00
       1653     50.170     2.1433   2.862940    32.1388    25.6694 0.0000e+00
       1654     50.162     2.1432   2.862933    32.1388    25.6694 0.0000e+00
       1655     50.156     2.1430   2.862926    32.1389    25.6695 0.0000e+00
       1656     50.153     2.1430   2.862926    32.1389    25.6695 0.0000e+00
       1657     50.154     2.1430   2.862929    32.1389    25.6696 0.0000e+00
       1658     50.159     2.1433   2.862944    32.1388    25.6695 0.0000e+00
       1659     50.165     2.1436   2.862964    32.1388    25.6694 0.0000e+00
       1660     50.165     2.1434   2.862953    32.1388    25.6694 0.0000e+00
       1661     50.163     2.1429   2.862920    32.1389    25.6696 0.0000e+00
       1662     50.166     2.1426   2.862901    32.1390    25.6696 0.0000e+00
       1663     50.174     2.1426   2.862900    32.1390    25.6696 0.0000e+00
       1664     50.179     2.1427   2.862902    32.1389    25.6696 0.0000e+00
       1665     50.177     2.1426   2.862895    32.1389    25.6696 0.0000e+00
       1666     50.167     2.1424   2.862884    32.1390    25.6696 0.0000e+00
       1667     50.150     2.1422   2.862878    32.1391    25.6698 0.0000e+00
       1668     50.133     2.1422   2.862871    32.1390    25.6697 0.0000e+00
       1669     50.124     2.1422   2.862860    32.1389    25.6696 0.0000e+00
       1670     50.122     2.1421   2.862852    32.1389    25.6696 0.0000e+00
       1671     50.125     2.1422   2.862856    32.1389    25.6696 0.0000e+00
       1672     50.135     2.1422   2.862867    32.1390    25.6697 0.0000e+00
       1673     50.145     2.1422   2.862874    32.1391    25.6697 0.0000e+00
       1674     50.144     2.1424   2.862881    32.1390    25.6696 0.0000e+00
       1675     50.135     2.1424   2.862881    32.1390    25.6696 0.0000e+00
       1676     50.124     2.1425   2.862884    32.1389    25.6696 0.0000e+00
       1677     50.118     2.1429   2.862917    32.1389    25.6696 0.0000e+00
       1678     50.125     2.1430   2.862933    32.1390    25.6696 0.0000e+00
       1679     50.143     2.1426   2.862891    32.1389    25.6696 0.0000e+00
       1680     50.162     2.1421   2.862851    32.1389    25.6696 0.0000e+00
       1681     50.179     2.1417   2.862833    32.1391    25.6698 0.0000e+00
       1682     50.188     2.1415   2.862820    32.1391    25.6698 0.0000e+00
       1683     50.182     2.1413   2.862811    32.1392    25.6699 0.0000e+00
       1684     50.165     2.1411   2.862798    32.1392    25.6699 0.0000e+00
       1685     50.148     2.1410   2.862795    32.1393    25.6700 0.0000e+00
       1686     50.138     2.1411   2.862801    32.1393    25.6700 0.0000e+00
       1687     50.139     2.1413   2.862809    32.1392    25.6699 0.0000e+00
       1688     50.156     2.1413   2.862811    32.1392    25.6699 0.0000e+00
       1689     50.190     2.1411   2.862806    32.1393    25.6700 0.0000e+00
       1690     50.236     2.1411   2.862805    32.1393    25.6700 0.0000e+00
       1691     50.285     2.1413   2.862815    32.1392    25.6699 0.0000e+00
       1692     50.324     2.1414   2.862822    32.1391    25.6698 0.0000e+00
       1693     50.340     2.1414   2.862820    32.1391    25.6698 0.0000e+00
       1694     50.331     2.1412   2.862807    32.1392    25.6699 0.0000e+00
       1695     50.308     2.1410   2.862793    32.1392    25.6699 0.0000e+00
       1696     50.286     2.1410   2.862791    32.1392    25.6699 0.0000e+00
       1697     50.276     2.1409   2.862787    32.1392    25.6700 0.0000e+00
       1698     50.286     2.1408   2.862784    32.1393    25.6700 0.0000e+00
       1699     50.314     2.1408   2.862781    32.1392    25.6700 0.0000e+00
       1700     50.349     2.1407   2.862770    32.1392    25.6699 0.0000e+00
       1701     50.383     2.1406   2.862760    32.1392    25.6699 0.0000e+00
       1702     50.411     2.1404   2.862758    32.1393    25.6701 0.0000e+00
       1703     50.426     2.1403   2.862758    32.1394    25.6701 0.0000e+00
       1704     50.426     2.1403   2.862757    32.1394    25.6701 0.0000e+00
       1705     50.415     2.1403   2.862757    32.1394    25.6701 0.0000e+00
       1706     50.403     2.1403   2.862753    32.1394    25.6701 0.0000e+00
       1707     50.399     2.1403   2.862744    32.1392    25.6700 0.0000e+00
       1708     50.403     2.1402   2.862735    32.1392    25.6700 0.0000e+00
       1709     50.414     2.1400   2.862729    32.1394    25.6701 0.0000e+00
       1710     50.434     2.1399   2.862722    32.1394    25.6701 0.0000e+00
       1711     50.465     2.1398   2.862712    32.1393    25.6701 0.0000e+00
       1712     50.499     2.1396   2.862703    32.1394    25.6702 0.0000e+00
       1713     50.520     2.1395   2.862697    32.1394    25.6702 0.0000e+00
       1714     50.524     2.1395   2.862692    32.1393    25.6702 0.0000e+00
       1715     50.518     2.1395   2.862691    32.1393    25.6701 0.0000e+00
       1716     50.516     2.1395   2.862694    32.1394    25.6702 0.0000e+00
       1717     50.524     2.1395   2.862695    32.1394    25.6702 0.0000e+00
       1718     50.543     2.1396   2.862699    32.1393    25.6701 0.0000e+00
       1719     50.569     2.1397   2.862704    32.1393    25.6701 0.0000e+00
       1720     50.596     2.1396   2.862705    32.1394    25.6702 0.0000e+00
       1721     50.616     2.1395   2.862702    32.1394    25.6702 0.0000e+00
       1722     50.624     2.1393   2.862692    32.1395    25.6703 0.0000e+00
       1723     50.619     2.1391   2.862679    32.1395    25.6703 0.0000e+00
       1724     50.606     2.1388   2.862660    32.1396    25.6704 0.0000e+00
       1725     50.598     2.1386   2.862640    32.1396    25.6704 0.0000e+00
       1726     50.599     2.1384   2.862626    32.1396    25.6704 0.0000e+00
       1727     50.608     2.1384   2.862621    32.1395    25.6704 0.0000e+00
       1728     50.622     2.1383   2.862619    32.1396    25.6704 0.0000e+00
       1729     50.641     2.1383   2.862617    32.1396    25.6704 0.0000e+00
       1730     50.663     2.1383   2.862619    32.1396    25.6704 0.0000e+00
       1731     50.686     2.1383   2.862622    32.1396    25.6705 0.0000e+00
       1732     50.703     2.1383   2.862622    32.1396    25.6704 0.0000e+00
       1733     50.710     2.1384   2.862623    32.1395    25.6704 0.0000e+00
       1734     50.707     2.1384   2.862622    32.1395    25.6704 0.0000e+00
       1735     50.694     2.1384   2.862618    32.1395    25.6703 0.0000e+00
       1736     50.678     2.1382   2.862615    32.1396    25.6705 0.0000e+00
       1737     50.664     2.1380   2.862608    32.1398    25.6706 0.0000e+00
       1738     50.659     2.1380   2.862600    32.1397    25.6705 0.0000e+00
       1739     50.665     2.1380   2.862602    32.1397    25.6705 0.0000e+00
       1740     50.674     2.1380   2.862600    32.1396    25.6705 0.0000e+00
       1741     50.685     2.1380   2.862590    32.1395    25.6704 0.0000e+00
       1742     50.700     2.1379   2.862587    32.1396    25.6705 0.0000e+00
       1743     50.718     2.1379   2.862590    32.1396    25.6705 0.0000e+00
       1744     50.735     2.1379   2.862595    32.1397    25.6705 0.0000e+00
       1745     50.747     2.1379   2.862592    32.1396    25.6705 0.0000e+00
       1746     50.750     2.1378   2.862582    32.1396    25.6705 0.0000e+00
       1747     50.751     2.1376   2.862570    32.1396    25.6705 0.0000e+00
       1748     50.752     2.1376   2.862563    32.1396    25.6705 0.0000e+00
       1749     50.752     2.1374   2.862555    32.1397    25.6706 0.0000e+00
       1750     50.746     2.1372   2.862543    32.1397    25.6706 0.0000e+00
       1751     50.736     2.1370   2.862529    32.1397    25.6707 0.0000e+00
       1752     50.724     2.1368   2.862519    32.1398    25.6707 0.0000e+00
       1753     50.717     2.1368   2.862515    32.1398    25.6707 0.0000e+00
       1754     50.720     2.1368   2.862517    32.1398    25.6707 0.0000e+00
       1755     50.734     2.1368   2.862521    32.1399    25.6708 0.0000e+00
       1756     50.752     2.1369   2.862529    32.1398    25.6707 0.0000e+00
       1757     50.766     2.1371   2.862534    32.1397    25.6706 0.0000e+00
       1758     50.771     2.1371   2.862531    32.1397    25.6706 0.0000e+00
       1759     50.762     2.1370   2.862519    32.1396    25.6705 0.0000e+00
       1760     50.745     2.1367   2.862502    32.1397    25.6707 0.0000e+00
       1761     50.731     2.1365   2.862491    32.1398    25.6707 0.0000e+00
       1762     50.727     2.1365   2.862488    32.1397    25.6707 0.0000e+00
       1763     50.732     2.1364   2.862489    32.1399    25.6708 0.0000e+00
       1764     50.740     2.1363   2.862487    32.1399    25.6709 0.0000e+00
       1765     50.742     2.1363   2.862487    32.1399    25.6709 0.0000e+00
       1766     50.735     2.1363   2.862487    32.1399    25.6709 0.0000e+00
       1767     50.717     2.1363   2.862479    32.1398    25.6708 0.0000e+00
       1768     50.691     2.1364   2.862476    32.1397    25.6707 0.0000e+00
       1769     50.667     2.1365   2.862482    32.1397    25.6707 0.0000e+00
       1770     50.653     2.1365   2.862494    32.1399    25.6708 0.0000e+00
       1771     50.652     2.1364   2.862491    32.1399    25.6708 0.0000e+00
       1772     50.660     2.1362   2.862474    32.1399    25.6709 0.0000e+00
       1773     50.669     2.1361   2.862460    32.1398    25.6708 0.0000e+00
       1774     50.678     2.1361   2.862455    32.1398    25.6707 0.0000e+00
       1775     50.686     2.1360   2.862453    32.1398    25.6708 0.0000e+00
       1776     50.688     2.1359   2.862452    32.1399    25.6709 0.0000e+00
       1777     50.683     2.1357   2.862442    32.1400    25.6710 0.0000e+00
       1778     50.674     2.1357   2.862435    32.1399    25.6709 0.0000e+00
       1779     50.665     2.1357   2.862440    32.1400    25.6710 0.0000e+00
       1780     50.659     2.1357   2.862443    32.1400    25.6710 0.0000e+00
       1781     50.651     2.1357   2.862442    32.1400    25.6710 0.0000e+00
       1782     50.640     2.1357   2.862435    32.1400    25.6709 0.0000e+00
       1783     50.627     2.1355   2.862415    32.1399    25.6709 0.0000e+00
       1784     50.616     2.1351   2.862397    32.1401    25.6711 0.0000e+00
       1785     50.609     2.1350   2.862391    32.1401    25.6711 0.0000e+00
       1786     50.609     2.1352   2.862398    32.1400    25.6710 0.0000e+00
       1787     50.614     2.1352   2.862406    32.1401    25.6711 0.0000e+00
       1788     50.618     2.1352   2.862407    32.1401    25.6711 0.0000e+00
       1789     50.617     2.1351   2.862399    32.1401    25.6711 0.0000e+00
       1790     50.613     2.1350   2.862399    32.1402    25.6712 0.0000e+00
       1791     50.605     2.1352   2.862407    32.1401    25.6711 0.0000e+00
       1792     50.594     2.1353   2.862406    32.1400    25.6710 0.0000e+00
       1793     50.580     2.1351   2.862393    32.1401    25.6711 0.0000e+00
       1794     50.563     2.1349   2.862385    32.1402    25.6712 0.0000e+00
       1795     50.557     2.1349   2.862378    32.1401    25.6711 0.0000e+00
       1796     50.570     2.1349   2.862368    32.1400    25.6710 0.0000e+00
       1797     50.590     2.1347   2.862360    32.1401    25.6711 0.0000e+00
       1798     50.609     2.1345   2.862348    32.1401    25.6711 0.0000e+00
       1799     50.623     2.1343   2.862338    32.1402    25.6712 0.0000e+00
       1800     50.625     2.1342   2.862333    32.1402    25.6712 0.0000e+00
       1801     50.615     2.1342   2.862329    32.1402    25.6712 0.0000e+00
       1802     50.602     2.1341   2.862320    32.1402    25.6712 0.0000e+00
       1803     50.593     2.1339   2.862307    32.1402    25.6713 0.0000e+00
       1804     50.586     2.1338   2.862300    32.1402    25.6713 0.0000e+00
       1805     50.582     2.1338   2.862300    32.1402    25.6713 0.0000e+00
       1806     50.583     2.1338   2.862306    32.1403    25.6713 0.0000e+00
       1807     50.591     2.1338   2.862306    32.1403    25.6713 0.0000e+00
       1808     50.607     2.1338   2.862300    32.1402    25.6713 0.0000e+00
       1809     50.628     2.1337   2.862296    32.1403    25.6713 0.0000e+00
       1810     50.646     2.1336   2.862293    32.1403    25.6714 0.0000e+00
       1811     50.661     2.1336   2.862289    32.1403    25.6713 0.0000e+00
       1812     50.675     2.1336   2.862289    32.1402    25.6713 0.0000e+00
       1813     50.683     2.1336   2.862292    32.1403    25.6713 0.0000e+00
       1814     50.685     2.1334   2.862285    32.1404    25.6714 0.0000e+00
       1815     50.680     2.1334   2.862278    32.1403    25.6714 0.0000e+00
       1816     50.673     2.1334   2.862276    32.1403    25.6714 0.0000e+00
       1817     50.668     2.1334   2.862276    32.1403    25.6714 0.0000e+00
       1818     50.663     2.1333   2.862276    32.1404    25.6715 0.0000e+00
       1819     50.662     2.1333   2.862276    32.1404    25.6715 0.0000e+00
       1820     50.668     2.1333   2.862271    32.1403    25.6714 0.0000e+00
       1821     50.683     2.1332   2.862266    32.1404    25.6714 0.0000e+00
       1822     50.710     2.1330   2.862265    32.1405    25.6716 0.0000e+00
       1823     50.739     2.1330   2.862266    32.1405    25.6716 0.0000e+00
       1824     50.748     2.1330   2.862263    32.1405    25.6716 0.0000e+00
       1825     50.729     2.1330   2.862251    32.1404    25.6714 0.0000e+00
       1826     50.698     2.1328   2.862234    32.1404    25.6715 0.0000e+00
       1827     50.675     2.1326   2.862219    32.1404    25.6715 0.0000e+00
       1828     50.670     2.1326   2.862218    32.1404    25.6715 0.0000e+00
       1829     50.681     2.1326   2.862224    32.1405    25.6715 0.0000e+00
       1830     50.701     2.1327   2.862228    32.1404    25.6715 0.0000e+00
       1831     50.723     2.1325   2.862221    32.1405    25.6716 0.0000e+00
       1832     50.744     2.1321   2.862195    32.1406    25.6717 0.0000e+00
       1833     50.767     2.1318   2.862168    32.1405    25.6717 0.0000e+00
       1834     50.792     2.1315   2.862161    32.1407    25.6718 0.0000e+00
       1835     50.807     2.1315   2.862165    32.1408    25.6719 0.0000e+00
       1836     50.808     2.1316   2.862165    32.1407    25.6718 0.0000e+00
       1837     50.800     2.1316   2.862161    32.1406    25.6718 0.0000e+00
       1838     50.792     2.1317   2.862161    32.1405    25.6717 0.0000e+00
       1839     50.788     2.1318   2.862167    32.1405    25.6716 0.0000e+00
       1840     50.790     2.1318   2.862174    32.1406    25.6717 0.0000e+00
       1841     50.798     2.1319   2.862175    32.1405    25.6716 0.0000e+00
       1842     50.810     2.1319   2.862178    32.1405    25.6717 0.0000e+00
       1843     50.823     2.1319   2.862183    32.1406    25.6717 0.0000e+00
       1844     50.840     2.1321   2.862192    32.1405    25.6716 0.0000e+00
       1845     50.859     2.1323   2.862207    32.1405    25.6716 0.0000e+00
       1846     50.869     2.1325   2.862218    32.1404    25.6715 0.0000e+00
