Datasets/Test_Dataset_39219_tow/originals/tel219_2021_021.cnv
* Sea-Bird SBE19plus Data File:
* Filename = C:/AQUIRE/tel219_2021_021.hex
* Software Version AquireV2 AF V2.0
* Temperature SN =  4020
* Conductivity SN =  4020
* System UpLoad Time = May 08 2021 02:47:42
** VESSEL/TRIP/SEQ STN: tel219_2021_021
** LATITUDE: 46 51.96 N
** LONGITUDE: 57 11.07 W
** DATE/TIME: 2021-05-08 02:03
** SOUNDING DEPTH (M): 0207
** PROBE TYPE: S4020
** CTD NUMBER:  21
** FORMAT: T
** COMMENTS: 
# nquan = 7                                 
# nvalues = 2668                        
# units = specified
# name 0 = scan: Scan Count
# name 1 = prdM: Pressure, Strain Gauge [db]
# name 2 = tv290C: Temperature [ITS-90, deg C]
# name 3 = c0S/m: Conductivity [S/m]
# name 4 = sal00: Salinity, Practical [PSU]
# name 5 = sigma-t00: Density [sigma-t, kg/m^3 ]
# name 6 = flag: flag
# span 0 =          1,       2668       
# span 1 =     -0.836,    208.633       
# span 2 =     2.0563,     8.7221       
# span 3 =   0.005646,   3.700341       
# span 4 =     0.0425,    35.0343       
# span 5 =     0.0090,    27.1924       
# span 6 = 0.0000e+00, 0.0000e+00       
# interval = seconds: 1
# start_time = May 08 2021 02:03:55 [Instrument's time stamp, header]
# bad_flag = -9.990e-29
*END*
[from data line 2052]
       2053    173.816     8.1494   3.620087    34.7551    27.0590 0.0000e+00
       2054    173.384     8.1318   3.617902    34.7494    27.0572 0.0000e+00
       2055    172.920     8.1136   3.615584    34.7429    27.0548 0.0000e+00
       2056    172.450     8.0966   3.613509    34.7377    27.0534 0.0000e+00
       2057    172.000     8.0761   3.610962    34.7310    27.0511 0.0000e+00
       2058    171.579     8.0515   3.607845    34.7222    27.0479 0.0000e+00
       2059    171.162     8.0205   3.604221    34.7143    27.0464 0.0000e+00
       2060    170.712     7.9677   3.597724    34.6971    27.0408 0.0000e+00
       2061    170.221     7.8815   3.586315    34.6602    27.0246 0.0000e+00
       2062    169.714     7.7766   3.572718    34.6181    27.0070 0.0000e+00
       2063    169.218     7.6908   3.562560    34.5939    27.0006 0.0000e+00
       2064    168.744     7.6401   3.557565    34.5905    27.0053 0.0000e+00
       2065    168.284     7.5992   3.553083    34.5828    27.0052 0.0000e+00
       2066    167.821     7.5541   3.547079    34.5628    26.9960 0.0000e+00
       2067    167.331     7.5216   3.543159    34.5529    26.9929 0.0000e+00
       2068    166.811     7.5116   3.542429    34.5551    26.9961 0.0000e+00
       2069    166.281     7.5164   3.543080    34.5577    26.9974 0.0000e+00
       2070    165.756     7.5242   3.543611    34.5560    26.9949 0.0000e+00
       2071    165.229     7.5210   3.542287    34.5450    26.9868 0.0000e+00
       2072    164.695     7.5021   3.539005    34.5285    26.9765 0.0000e+00
       2073    164.160     7.4783   3.535712    34.5166    26.9706 0.0000e+00
       2074    163.631     7.4577   3.533303    34.5112    26.9693 0.0000e+00
       2075    163.099     7.4404   3.531364    34.5076    26.9689 0.0000e+00
       2076    162.548     7.4258   3.529591    34.5031    26.9675 0.0000e+00
       2077    161.970     7.4139   3.528177    34.4999    26.9666 0.0000e+00
       2078    161.375     7.4006   3.526585    34.4961    26.9655 0.0000e+00
       2079    160.789     7.3794   3.523718    34.4862    26.9608 0.0000e+00
       2080    160.217     7.3523   3.520087    34.4739    26.9550 0.0000e+00
       2081    159.644     7.3288   3.517334    34.4676    26.9534 0.0000e+00
       2082    159.055     7.3152   3.515972    34.4666    26.9545 0.0000e+00
       2083    158.443     7.3103   3.515529    34.4669    26.9554 0.0000e+00
       2084    157.810     7.3114   3.515615    34.4671    26.9554 0.0000e+00
       2085    157.174     7.3182   3.516246    34.4675    26.9548 0.0000e+00
       2086    156.551     7.3293   3.517370    34.4690    26.9544 0.0000e+00
       2087    155.937     7.3403   3.518415    34.4698    26.9534 0.0000e+00
       2088    155.313     7.3470   3.518915    34.4689    26.9517 0.0000e+00
       2089    154.666     7.3480   3.518721    34.4661    26.9494 0.0000e+00
       2090    153.998     7.3458   3.518080    34.4616    26.9462 0.0000e+00
       2091    153.311     7.3468   3.517735    34.4572    26.9426 0.0000e+00
       2092    152.604     7.3538   3.518060    34.4541    26.9392 0.0000e+00
       2093    151.888     7.3615   3.518436    34.4509    26.9355 0.0000e+00
       2094    151.181     7.3620   3.518069    34.4467    26.9322 0.0000e+00
       2095    150.486     7.3519   3.516574    34.4408    26.9290 0.0000e+00
       2096    149.786     7.3331   3.513992    34.4317    26.9245 0.0000e+00
       2097    149.062     7.3139   3.511425    34.4232    26.9205 0.0000e+00
       2098    148.304     7.3010   3.509803    34.4187    26.9188 0.0000e+00
       2099    147.514     7.2903   3.508394    34.4144    26.9169 0.0000e+00
       2100    146.713     7.2752   3.506377    34.4078    26.9138 0.0000e+00
       2101    145.921     7.2550   3.503771    34.3998    26.9104 0.0000e+00
       2102    145.147     7.2289   3.500481    34.3902    26.9065 0.0000e+00
       2103    144.384     7.1983   3.496264    34.3750    26.8988 0.0000e+00
       2104    143.614     7.1677   3.492072    34.3599    26.8913 0.0000e+00
       2105    142.820     7.1268   3.487461    34.3506    26.8896 0.0000e+00
       2106    141.988     7.0398   3.476194    34.3141    26.8729 0.0000e+00
       2107    141.114     6.8973   3.457325    34.2490    26.8412 0.0000e+00
       2108    140.207     6.7522   3.439839    34.2012    26.8232 0.0000e+00
       2109    139.300     6.6477   3.427756    34.1722    26.8144 0.0000e+00
       2110    138.428     6.5700   3.418300    34.1453    26.8036 0.0000e+00
       2111    137.588     6.4924   3.408866    34.1185    26.7926 0.0000e+00
       2112    136.739     6.3968   3.397848    34.0918    26.7841 0.0000e+00
       2113    135.838     6.2681   3.382248    34.0468    26.7653 0.0000e+00
       2114    134.865     6.1134   3.363043    33.9870    26.7379 0.0000e+00
       2115    133.835     5.9478   3.343791    33.9370    26.7192 0.0000e+00
       2116    132.787     5.7654   3.321456    33.8683    26.6875 0.0000e+00
       2117    131.761     5.5814   3.298826    33.7968    26.6533 0.0000e+00
       2118    130.784     5.4285   3.282328    33.7631    26.6449 0.0000e+00
       2119    129.860     5.3034   3.268586    33.7324    26.6354 0.0000e+00
       2120    128.941     5.1981   3.256713    33.7029    26.6242 0.0000e+00
       2121    127.956     5.0960   3.246446    33.6884    26.6245 0.0000e+00
       2122    126.876     4.9481   3.229142    33.6388    26.6020 0.0000e+00
       2123    125.734     4.7588   3.205299    33.5547    26.5564 0.0000e+00
       2124    124.599     4.5961   3.186152    33.4973    26.5285 0.0000e+00
       2125    123.530     4.4970   3.175691    33.4761    26.5224 0.0000e+00
       2126    122.535     4.4414   3.170436    33.4716    26.5247 0.0000e+00
       2127    121.558     4.3932   3.165569    33.4640    26.5238 0.0000e+00
       2128    120.533     4.3403   3.159463    33.4466    26.5156 0.0000e+00
       2129    119.427     4.2872   3.153315    33.4290    26.5071 0.0000e+00
       2130    118.268     4.2304   3.146622    33.4086    26.4968 0.0000e+00
       2131    117.121     4.1695   3.139145    33.3831    26.4828 0.0000e+00
       2132    116.026     4.1220   3.132904    33.3583    26.4680 0.0000e+00
       2133    114.969     4.1093   3.131408    33.3541    26.4659 0.0000e+00
       2134    113.902     4.1156   3.132387    33.3598    26.4698 0.0000e+00
       2135    112.772     4.0991   3.129219    33.3398    26.4556 0.0000e+00
       2136    111.548     4.0477   3.122009    33.3076    26.4351 0.0000e+00
       2137    110.259     3.9751   3.112793    33.2730    26.4150 0.0000e+00
       2138    108.997     3.8980   3.102622    33.2315    26.3896 0.0000e+00
       2139    107.838     3.8148   3.093110    33.2038    26.3757 0.0000e+00
       2140    106.762     3.6869   3.077811    33.1523    26.3472 0.0000e+00
       2141    105.659     3.5091   3.054755    33.0583    26.2892 0.0000e+00
       2142    104.437     3.3323   3.033316    32.9816    26.2444 0.0000e+00
       2143    103.104     3.1685   3.014412    32.9213    26.2111 0.0000e+00
       2144    101.752     2.9993   2.995011    32.8597    26.1768 0.0000e+00
       2145    100.486     2.8425   2.977964    32.8133    26.1532 0.0000e+00
       2146     99.339     2.7098   2.963254    32.7700    26.1297 0.0000e+00
       2147     98.245     2.5823   2.947507    32.7082    26.0908 0.0000e+00
       2148     97.112     2.4606   2.932214    32.6454    26.0504 0.0000e+00
       2149     95.891     2.3576   2.919588    32.5960    26.0189 0.0000e+00
       2150     94.585     2.2685   2.907339    32.5366    25.9783 0.0000e+00
       2151     93.232     2.1966   2.896684    32.4791    25.9377 0.0000e+00
       2152     91.871     2.1556   2.891287    32.4549    25.9214 0.0000e+00
       2153     90.541     2.1398   2.889432    32.4487    25.9177 0.0000e+00
       2154     89.270     2.1321   2.888080    32.4405    25.9117 0.0000e+00
       2155     88.067     2.1226   2.886418    32.4303    25.9042 0.0000e+00
       2156     86.897     2.1078   2.884483    32.4220    25.8987 0.0000e+00
       2157     85.676     2.0891   2.882659    32.4192    25.8978 0.0000e+00
       2158     84.334     2.0699   2.880434    32.4119    25.8934 0.0000e+00
       2159     82.879     2.0563   2.877313    32.3878    25.8751 0.0000e+00
       2160     81.389     2.0579   2.874832    32.3562    25.8497 0.0000e+00
       2161     79.953     2.0749   2.874478    32.3352    25.8317 0.0000e+00
       2162     78.626     2.0949   2.875133    32.3237    25.8210 0.0000e+00
       2163     77.380     2.1092   2.875517    32.3146    25.8126 0.0000e+00
       2164     76.135     2.1229   2.876076    32.3082    25.8065 0.0000e+00
       2165     74.829     2.1540   2.878168    32.3032    25.8002 0.0000e+00
       2166     73.450     2.2096   2.881765    32.2919    25.7870 0.0000e+00
       2167     72.055     2.2622   2.883966    32.2665    25.7627 0.0000e+00
       2168     70.764     2.2895   2.883723    32.2365    25.7367 0.0000e+00
       2169     69.667     2.3074   2.883699    32.2187    25.7210 0.0000e+00
       2170     68.738     2.3332   2.884886    32.2077    25.7103 0.0000e+00
       2171     67.903     2.3669   2.886578    32.1949    25.6975 0.0000e+00
       2172     67.117     2.4042   2.888650    32.1832    25.6852 0.0000e+00
       2173     66.365     2.4370   2.890535    32.1736    25.6751 0.0000e+00
       2174     65.632     2.4616   2.891837    32.1652    25.6665 0.0000e+00
       2175     64.908     2.4893   2.892915    32.1509    25.6529 0.0000e+00
       2176     64.196     2.5305   2.894288    32.1267    25.6303 0.0000e+00
       2177     63.501     2.5730   2.895715    32.1018    25.6071 0.0000e+00
       2178     62.834     2.5987   2.896480    32.0858    25.5922 0.0000e+00
       2179     62.196     2.6093   2.896702    32.0782    25.5853 0.0000e+00
       2180     61.564     2.6158   2.896829    32.0736    25.5811 0.0000e+00
       2181     60.907     2.6273   2.897167    32.0665    25.5745 0.0000e+00
       2182     60.203     2.6488   2.898038    32.0560    25.5644 0.0000e+00
       2183     59.456     2.6751   2.899180    32.0440    25.5527 0.0000e+00
       2184     58.697     2.6955   2.899939    32.0333    25.5425 0.0000e+00
       2185     57.970     2.7071   2.900231    32.0256    25.5355 0.0000e+00
       2186     57.289     2.7141   2.900363    32.0206    25.5309 0.0000e+00
       2187     56.624     2.7199   2.900521    32.0171    25.5276 0.0000e+00
       2188     55.935     2.7302   2.901000    32.0130    25.5235 0.0000e+00
       2189     55.198     2.7519   2.902377    32.0085    25.5182 0.0000e+00
       2190     54.421     2.7824   2.904360    32.0026    25.5110 0.0000e+00
       2191     53.652     2.8074   2.905638    31.9936    25.5018 0.0000e+00
       2192     52.910     2.8197   2.906021    31.9864    25.4950 0.0000e+00
       2193     52.178     2.8263   2.906369    31.9844    25.4929 0.0000e+00
       2194     51.461     2.8304   2.906733    31.9852    25.4931 0.0000e+00
       2195     50.744     2.8316   2.906822    31.9854    25.4932 0.0000e+00
       2196     49.972     2.8318   2.906816    31.9856    25.4933 0.0000e+00
       2197     49.142     2.8313   2.906680    31.9848    25.4928 0.0000e+00
       2198     48.291     2.8342   2.906730    31.9830    25.4911 0.0000e+00
       2199     47.443     2.8481   2.907615    31.9804    25.4879 0.0000e+00
       2200     46.616     2.8693   2.909015    31.9767    25.4832 0.0000e+00
       2201     45.798     2.8864   2.909978    31.9718    25.4779 0.0000e+00
       2202     44.969     2.8976   2.910466    31.9670    25.4731 0.0000e+00
       2203     44.152     2.9089   2.911115    31.9641    25.4698 0.0000e+00
       2204     43.376     2.9235   2.911969    31.9603    25.4656 0.0000e+00
       2205     42.632     2.9467   2.913614    31.9576    25.4615 0.0000e+00
       2206     41.894     2.9802   2.916516    31.9598    25.4605 0.0000e+00
       2207     41.144     3.0116   2.919071    31.9600    25.4580 0.0000e+00
       2208     40.399     3.0288   2.919844    31.9526    25.4507 0.0000e+00
       2209     39.713     3.0334   2.919296    31.9418    25.4416 0.0000e+00
       2210     39.111     3.0323   2.918309    31.9313    25.4333 0.0000e+00
       2211     38.565     3.0294   2.917311    31.9224    25.4265 0.0000e+00
       2212     38.056     3.0269   2.916469    31.9150    25.4208 0.0000e+00
       2213     37.594     3.0250   2.916158    31.9133    25.4196 0.0000e+00
       2214     37.179     3.0221   2.916663    31.9225    25.4272 0.0000e+00
       2215     36.787     3.0181   2.917304    31.9344    25.4370 0.0000e+00
       2216     36.399     3.0139   2.917284    31.9386    25.4407 0.0000e+00
       2217     36.023     3.0095   2.916948    31.9391    25.4415 0.0000e+00
       2218     35.686     3.0063   2.916963    31.9426    25.4445 0.0000e+00
       2219     35.400     3.0061   2.917244    31.9463    25.4476 0.0000e+00
       2220     35.137     3.0075   2.917256    31.9452    25.4466 0.0000e+00
       2221     34.850     3.0091   2.917081    31.9417    25.4436 0.0000e+00
       2222     34.523     3.0109   2.917196    31.9415    25.4433 0.0000e+00
       2223     34.189     3.0122   2.917427    31.9431    25.4445 0.0000e+00
       2224     33.882     3.0124   2.917605    31.9452    25.4462 0.0000e+00
       2225     33.623     3.0116   2.917871    31.9494    25.4495 0.0000e+00
       2226     33.411     3.0107   2.918103    31.9532    25.4526 0.0000e+00
       2227     33.202     3.0112   2.918030    31.9519    25.4516 0.0000e+00
       2228     32.928     3.0137   2.917839    31.9473    25.4477 0.0000e+00
       2229     32.580     3.0160   2.918006    31.9472    25.4474 0.0000e+00
       2230     32.222     3.0170   2.918445    31.9517    25.4509 0.0000e+00
       2231     31.893     3.0193   2.918873    31.9548    25.4532 0.0000e+00
       2232     31.586     3.0233   2.919049    31.9531    25.4515 0.0000e+00
       2233     31.292     3.0259   2.918818    31.9479    25.4471 0.0000e+00
       2234     31.017     3.0278   2.918823    31.9462    25.4456 0.0000e+00
       2235     30.777     3.0330   2.919572    31.9502    25.4484 0.0000e+00
       2236     30.571     3.0408   2.920413    31.9527    25.4497 0.0000e+00
       2237     30.372     3.0482   2.920581    31.9475    25.4450 0.0000e+00
       2238     30.142     3.0621   2.920879    31.9375    25.4358 0.0000e+00
       2239     29.873     3.0922   2.922965    31.9330    25.4296 0.0000e+00
       2240     29.575     3.1263   2.925588    31.9310    25.4251 0.0000e+00
       2241     29.256     3.1400   2.926230    31.9254    25.4194 0.0000e+00
       2242     28.944     3.1339   2.925829    31.9267    25.4211 0.0000e+00
       2243     28.649     3.1297   2.925750    31.9301    25.4241 0.0000e+00
       2244     28.342     3.1342   2.925727    31.9255    25.4201 0.0000e+00
       2245     28.024     3.1407   2.925914    31.9215    25.4163 0.0000e+00
       2246     27.716     3.1455   2.925973    31.9176    25.4128 0.0000e+00
       2247     27.411     3.1432   2.925657    31.9162    25.4119 0.0000e+00
       2248     27.106     3.1336   2.925685    31.9262    25.4207 0.0000e+00
       2249     26.804     3.1287   2.925861    31.9334    25.4268 0.0000e+00
       2250     26.496     3.1379   2.926219    31.9287    25.4223 0.0000e+00
       2251     26.182     3.1556   2.927380    31.9254    25.4181 0.0000e+00
       2252     25.870     3.1702   2.928398    31.9234    25.4153 0.0000e+00
       2253     25.550     3.1769   2.928527    31.9185    25.4108 0.0000e+00
       2254     25.217     3.1786   2.928272    31.9139    25.4070 0.0000e+00
       2255     24.881     3.1790   2.928291    31.9139    25.4069 0.0000e+00
       2256     24.543     3.1801   2.928937    31.9208    25.4123 0.0000e+00
