Datasets/Test_Dataset_39219_tow/originals/tel219_2021_036.cnv
* Sea-Bird SBE19plus Data File:
* Filename = C:/AQUIRE/tel219_2021_036.hex
* Software Version AquireV2 AF V2.0
* Temperature SN =  4020
* Conductivity SN =  4020
* System UpLoad Time = May 11 2021 12:45:43
** VESSEL/TRIP/SEQ STN: tel219_2021_036
** LATITUDE: 45 44.93 N
** LONGITUDE: 57 05.51 W
** DATE/TIME: 2021-05-11 11:41
** SOUNDING DEPTH (M): 0416
** PROBE TYPE: S4020
** CTD NUMBER:  36
** FORMAT: T
** COMMENTS: 
# nquan = 7                                 
# nvalues = 3912                        
# units = specified
# name 0 = scan: Scan Count
# name 1 = prdM: Pressure, Strain Gauge [db]
# name 2 = tv290C: Temperature [ITS-90, deg C]
# name 3 = c0S/m: Conductivity [S/m]
# name 4 = sal00: Salinity, Practical [PSU]
# name 5 = sigma-t00: Density [sigma-t, kg/m^3 ]
# name 6 = flag: flag
# span 0 =          1,       3912       
# span 1 =     -0.689,    423.070       
# span 2 =     1.2552,     9.4976       
# span 3 =   0.006266,   3.778448       
# span 4 =     0.0471,    35.1239       
# span 5 =     0.0114,    27.6053       
# span 6 = 0.0000e+00, 0.0000e+00       
# interval = seconds: 1
# start_time = May 11 2021 11:41:50 [Instrument's time stamp, header]
# bad_flag = -9.990e-29
*END*
[from data line 1436]
       1437    205.794     9.4976   3.778448    35.0791    27.0987 0.0000e+00
       1438    206.455     9.4902   3.777951    35.0809    27.1013 0.0000e+00
       1439    207.114     9.4769   3.776965    35.0834    27.1055 0.0000e+00
       1440    207.777     9.4642   3.776224    35.0878    27.1110 0.0000e+00
       1441    208.444     9.4515   3.775540    35.0929    27.1171 0.0000e+00
       1442    209.112     9.4338   3.774231    35.0963    27.1227 0.0000e+00
       1443    209.782     9.4112   3.772208    35.0971    27.1271 0.0000e+00
       1444    210.454     9.3909   3.770362    35.0976    27.1308 0.0000e+00
       1445    211.126     9.3790   3.769396    35.0989    27.1338 0.0000e+00
       1446    211.796     9.3744   3.769118    35.1002    27.1356 0.0000e+00
       1447    212.466     9.3712   3.769048    35.1023    27.1378 0.0000e+00
       1448    213.137     9.3616   3.768521    35.1059    27.1422 0.0000e+00
       1449    213.806     9.3402   3.766853    35.1093    27.1483 0.0000e+00
       1450    214.466     9.3102   3.764179    35.1106    27.1543 0.0000e+00
       1451    215.112     9.2830   3.761642    35.1106    27.1588 0.0000e+00
       1452    215.750     9.2653   3.760158    35.1122    27.1630 0.0000e+00
       1453    216.395     9.2531   3.759267    35.1146    27.1669 0.0000e+00
       1454    217.052     9.2404   3.758146    35.1151    27.1693 0.0000e+00
       1455    217.717     9.2249   3.756691    35.1149    27.1717 0.0000e+00
       1456    218.387     9.2072   3.755003    35.1144    27.1742 0.0000e+00
       1457    219.061     9.1896   3.753371    35.1144    27.1770 0.0000e+00
       1458    219.730     9.1732   3.752020    35.1161    27.1810 0.0000e+00
       1459    220.388     9.1552   3.750520    35.1178    27.1853 0.0000e+00
       1460    221.038     9.1346   3.748632    35.1181    27.1889 0.0000e+00
       1461    221.688     9.1138   3.746688    35.1180    27.1922 0.0000e+00
       1462    222.341     9.0940   3.744809    35.1175    27.1950 0.0000e+00
       1463    222.999     9.0762   3.743069    35.1165    27.1972 0.0000e+00
       1464    223.659     9.0616   3.741742    35.1167    27.1997 0.0000e+00
       1465    224.316     9.0497   3.740710    35.1174    27.2021 0.0000e+00
       1466    224.969     9.0384   3.739614    35.1167    27.2034 0.0000e+00
       1467    225.623     9.0278   3.738528    35.1155    27.2042 0.0000e+00
       1468    226.281     9.0191   3.737644    35.1145    27.2048 0.0000e+00
       1469    226.941     9.0122   3.736961    35.1138    27.2054 0.0000e+00
       1470    227.599     9.0054   3.736373    35.1141    27.2067 0.0000e+00
       1471    228.253     8.9962   3.735538    35.1141    27.2082 0.0000e+00
       1472    228.900     8.9815   3.734091    35.1131    27.2098 0.0000e+00
       1473    229.545     8.9614   3.732045    35.1112    27.2115 0.0000e+00
       1474    230.192     8.9375   3.729762    35.1105    27.2148 0.0000e+00
       1475    230.840     8.9091   3.727105    35.1104    27.2193 0.0000e+00
       1476    231.490     8.8747   3.723645    35.1077    27.2227 0.0000e+00
       1477    232.144     8.8367   3.719797    35.1045    27.2262 0.0000e+00
       1478    232.803     8.7996   3.716109    35.1021    27.2303 0.0000e+00
       1479    233.460     8.7652   3.712767    35.1006    27.2346 0.0000e+00
       1480    234.115     8.7306   3.709525    35.1004    27.2399 0.0000e+00
       1481    234.772     8.6951   3.706008    35.0981    27.2437 0.0000e+00
       1482    235.433     8.6652   3.703069    35.0964    27.2471 0.0000e+00
       1483    236.094     8.6439   3.701280    35.0983    27.2519 0.0000e+00
       1484    236.748     8.6258   3.699683    35.0990    27.2554 0.0000e+00
       1485    237.398     8.6083   3.697886    35.0971    27.2566 0.0000e+00
       1486    238.051     8.5922   3.696304    35.0960    27.2583 0.0000e+00
       1487    238.710     8.5763   3.694734    35.0949    27.2599 0.0000e+00
       1488    239.367     8.5594   3.692997    35.0929    27.2610 0.0000e+00
       1489    240.019     8.5421   3.691289    35.0917    27.2627 0.0000e+00
       1490    240.669     8.5262   3.689744    35.0908    27.2645 0.0000e+00
       1491    241.319     8.5122   3.688457    35.0908    27.2667 0.0000e+00
       1492    241.966     8.4990   3.687253    35.0908    27.2688 0.0000e+00
       1493    242.609     8.4853   3.685917    35.0899    27.2702 0.0000e+00
       1494    243.256     8.4697   3.684300    35.0880    27.2711 0.0000e+00
       1495    243.911     8.4524   3.682420    35.0849    27.2714 0.0000e+00
       1496    244.573     8.4360   3.680710    35.0827    27.2722 0.0000e+00
       1497    245.236     8.4220   3.679425    35.0827    27.2744 0.0000e+00
       1498    245.891     8.4095   3.678427    35.0842    27.2775 0.0000e+00
       1499    246.533     8.3957   3.677320    35.0859    27.2809 0.0000e+00
       1500    247.170     8.3782   3.675685    35.0856    27.2834 0.0000e+00
       1501    247.813     8.3580   3.673591    35.0831    27.2846 0.0000e+00
       1502    248.461     8.3391   3.671630    35.0807    27.2857 0.0000e+00
       1503    249.111     8.3236   3.670180    35.0804    27.2878 0.0000e+00
       1504    249.762     8.3099   3.668927    35.0804    27.2899 0.0000e+00
       1505    250.409     8.2961   3.667640    35.0801    27.2918 0.0000e+00
       1506    251.051     8.2821   3.666306    35.0796    27.2935 0.0000e+00
       1507    251.692     8.2688   3.664910    35.0776    27.2940 0.0000e+00
       1508    252.338     8.2573   3.663704    35.0759    27.2945 0.0000e+00
       1509    252.989     8.2473   3.662682    35.0747    27.2950 0.0000e+00
       1510    253.643     8.2372   3.661631    35.0732    27.2954 0.0000e+00
       1511    254.290     8.2263   3.660600    35.0728    27.2967 0.0000e+00
       1512    254.931     8.2151   3.659645    35.0734    27.2990 0.0000e+00
       1513    255.575     8.2038   3.658619    35.0734    27.3007 0.0000e+00
       1514    256.225     8.1908   3.657272    35.0717    27.3013 0.0000e+00
       1515    256.877     8.1741   3.655585    35.0700    27.3025 0.0000e+00
       1516    257.529     8.1534   3.653650    35.0697    27.3054 0.0000e+00
       1517    258.179     8.1315   3.651534    35.0686    27.3079 0.0000e+00
       1518    258.830     8.1075   3.649352    35.0689    27.3118 0.0000e+00
       1519    259.484     8.0761   3.646452    35.0689    27.3166 0.0000e+00
       1520    260.136     8.0399   3.642787    35.0655    27.3194 0.0000e+00
       1521    260.787     8.0104   3.639975    35.0645    27.3230 0.0000e+00
       1522    261.438     7.9909   3.638428    35.0671    27.3280 0.0000e+00
       1523    262.084     7.9765   3.637171    35.0677    27.3307 0.0000e+00
       1524    262.728     7.9650   3.635951    35.0658    27.3309 0.0000e+00
       1525    263.379     7.9611   3.635407    35.0636    27.3297 0.0000e+00
       1526    264.044     7.9691   3.636405    35.0660    27.3304 0.0000e+00
       1527    264.713     7.9848   3.638646    35.0740    27.3343 0.0000e+00
       1528    265.375     7.9983   3.640555    35.0807    27.3375 0.0000e+00
       1529    266.028     8.0042   3.641407    35.0836    27.3389 0.0000e+00
       1530    266.678     8.0014   3.641368    35.0857    27.3410 0.0000e+00
       1531    267.334     7.9914   3.640602    35.0871    27.3436 0.0000e+00
       1532    267.996     7.9765   3.639469    35.0896    27.3478 0.0000e+00
       1533    268.652     7.9543   3.637771    35.0932    27.3540 0.0000e+00
       1534    269.298     7.9201   3.634937    35.0967    27.3619 0.0000e+00
       1535    269.938     7.8775   3.631123    35.0981    27.3694 0.0000e+00
       1536    270.581     7.8384   3.627442    35.0974    27.3746 0.0000e+00
       1537    271.239     7.8119   3.625061    35.0980    27.3791 0.0000e+00
       1538    271.909     7.7978   3.623843    35.0987    27.3817 0.0000e+00
       1539    272.579     7.7900   3.623084    35.0981    27.3823 0.0000e+00
       1540    273.246     7.7846   3.622545    35.0973    27.3826 0.0000e+00
       1541    273.909     7.7798   3.622129    35.0974    27.3833 0.0000e+00
       1542    274.567     7.7744   3.621588    35.0966    27.3835 0.0000e+00
       1543    275.222     7.7680   3.620838    35.0946    27.3829 0.0000e+00
       1544    275.876     7.7616   3.620166    35.0935    27.3829 0.0000e+00
       1545    276.531     7.7556   3.619578    35.0929    27.3833 0.0000e+00
       1546    277.188     7.7486   3.618896    35.0922    27.3839 0.0000e+00
       1547    277.847     7.7389   3.618040    35.0924    27.3854 0.0000e+00
       1548    278.505     7.7241   3.616810    35.0937    27.3886 0.0000e+00
       1549    279.157     7.7003   3.614750    35.0950    27.3932 0.0000e+00
       1550    279.802     7.6656   3.611516    35.0946    27.3980 0.0000e+00
       1551    280.439     7.6268   3.607899    35.0942    27.4034 0.0000e+00
       1552    281.074     7.5940   3.604955    35.0951    27.4088 0.0000e+00
       1553    281.712     7.5698   3.602779    35.0956    27.4128 0.0000e+00
       1554    282.349     7.5492   3.601029    35.0970    27.4169 0.0000e+00
       1555    282.987     7.5293   3.599240    35.0974    27.4201 0.0000e+00
       1556    283.631     7.5119   3.597365    35.0943    27.4202 0.0000e+00
       1557    284.290     7.4981   3.595722    35.0900    27.4188 0.0000e+00
       1558    284.967     7.4874   3.594302    35.0850    27.4165 0.0000e+00
       1559    285.668     7.4802   3.593221    35.0802    27.4137 0.0000e+00
       1560    286.396     7.4754   3.592567    35.0776    27.4123 0.0000e+00
       1561    287.136     7.4709   3.592055    35.0762    27.4119 0.0000e+00
       1562    287.865     7.4649   3.591509    35.0760    27.4126 0.0000e+00
       1563    288.570     7.4566   3.590866    35.0770    27.4146 0.0000e+00
       1564    289.244     7.4466   3.590012    35.0775    27.4164 0.0000e+00
       1565    289.894     7.4349   3.588914    35.0770    27.4178 0.0000e+00
       1566    290.540     7.4231   3.587750    35.0760    27.4186 0.0000e+00
       1567    291.193     7.4130   3.586840    35.0759    27.4201 0.0000e+00
       1568    291.844     7.4052   3.586151    35.0760    27.4212 0.0000e+00
       1569    292.481     7.3994   3.585423    35.0736    27.4202 0.0000e+00
       1570    293.091     7.3955   3.584819    35.0707    27.4184 0.0000e+00
       1571    293.668     7.3930   3.584495    35.0694    27.4178 0.0000e+00
       1572    294.220     7.3903   3.584145    35.0680    27.4171 0.0000e+00
       1573    294.759     7.3858   3.583650    35.0669    27.4169 0.0000e+00
       1574    295.294     7.3779   3.582888    35.0663    27.4176 0.0000e+00
       1575    295.826     7.3644   3.581594    35.0656    27.4189 0.0000e+00
       1576    296.347     7.3455   3.579813    35.0650    27.4212 0.0000e+00
       1577    296.844     7.3242   3.577806    35.0644    27.4238 0.0000e+00
       1578    297.317     7.3049   3.576078    35.0648    27.4269 0.0000e+00
       1579    297.773     7.2884   3.574709    35.0664    27.4304 0.0000e+00
       1580    298.220     7.2717   3.573201    35.0666    27.4330 0.0000e+00
       1581    298.665     7.2554   3.571515    35.0644    27.4336 0.0000e+00
       1582    299.111     7.2422   3.570127    35.0624    27.4339 0.0000e+00
       1583    299.555     7.2334   3.569483    35.0640    27.4364 0.0000e+00
       1584    299.979     7.2284   3.569459    35.0686    27.4408 0.0000e+00
       1585    300.365     7.2253   3.569456    35.0716    27.4435 0.0000e+00
       1586    300.713     7.2222   3.569067    35.0703    27.4429 0.0000e+00
       1587    301.041     7.2182   3.568374    35.0666    27.4406 0.0000e+00
       1588    301.367     7.2140   3.567820    35.0646    27.4396 0.0000e+00
       1589    301.693     7.2104   3.567757    35.0674    27.4423 0.0000e+00
       1590    302.016     7.2083   3.567944    35.0714    27.4458 0.0000e+00
       1591    302.329     7.2069   3.567818    35.0713    27.4459 0.0000e+00
       1592    302.623     7.2051   3.567408    35.0685    27.4440 0.0000e+00
       1593    302.900     7.2033   3.566973    35.0654    27.4418 0.0000e+00
       1594    303.177     7.2014   3.566512    35.0622    27.4395 0.0000e+00
       1595    303.459     7.1991   3.566116    35.0600    27.4381 0.0000e+00
       1596    303.743     7.1965   3.565986    35.0611    27.4393 0.0000e+00
       1597    304.022     7.1935   3.566083    35.0651    27.4429 0.0000e+00
       1598    304.285     7.1891   3.565832    35.0666    27.4448 0.0000e+00
       1599    304.526     7.1826   3.564967    35.0636    27.4433 0.0000e+00
       1600    304.761     7.1751   3.564013    35.0607    27.4420 0.0000e+00
       1601    304.998     7.1674   3.563322    35.0608    27.4432 0.0000e+00
       1602    305.237     7.1588   3.562691    35.0625    27.4458 0.0000e+00
       1603    305.473     7.1490   3.561878    35.0634    27.4479 0.0000e+00
       1604    305.706     7.1395   3.560990    35.0632    27.4490 0.0000e+00
       1605    305.936     7.1320   3.560234    35.0624    27.4495 0.0000e+00
       1606    306.170     7.1269   3.559717    35.0618    27.4497 0.0000e+00
       1607    306.413     7.1238   3.559456    35.0619    27.4503 0.0000e+00
       1608    306.658     7.1217   3.559406    35.0634    27.4517 0.0000e+00
       1609    306.895     7.1201   3.559477    35.0657    27.4538 0.0000e+00
       1610    307.117     7.1182   3.559342    35.0660    27.4543 0.0000e+00
       1611    307.325     7.1155   3.558837    35.0631    27.4524 0.0000e+00
       1612    307.531     7.1121   3.558247    35.0600    27.4504 0.0000e+00
       1613    307.747     7.1089   3.557843    35.0587    27.4498 0.0000e+00
       1614    307.972     7.1057   3.557591    35.0591    27.4506 0.0000e+00
       1615    308.197     7.1020   3.557386    35.0605    27.4522 0.0000e+00
       1616    308.416     7.0976   3.557149    35.0622    27.4542 0.0000e+00
       1617    308.625     7.0918   3.556716    35.0632    27.4558 0.0000e+00
       1618    308.832     7.0840   3.555979    35.0630    27.4567 0.0000e+00
       1619    309.043     7.0754   3.555060    35.0615    27.4568 0.0000e+00
       1620    309.263     7.0663   3.554074    35.0598    27.4567 0.0000e+00
       1621    309.493     7.0572   3.553144    35.0587    27.4571 0.0000e+00
       1622    309.730     7.0499   3.552514    35.0591    27.4584 0.0000e+00
       1623    309.961     7.0449   3.552187    35.0605    27.4602 0.0000e+00
       1624    310.181     7.0416   3.551922    35.0608    27.4609 0.0000e+00
       1625    310.397     7.0387   3.551596    35.0601    27.4608 0.0000e+00
       1626    310.617     7.0358   3.551243    35.0590    27.4603 0.0000e+00
       1627    310.843     7.0330   3.550928    35.0583    27.4602 0.0000e+00
       1628    311.077     7.0305   3.550678    35.0580    27.4603 0.0000e+00
       1629    311.318     7.0281   3.550480    35.0581    27.4607 0.0000e+00
       1630    311.562     7.0253   3.550309    35.0589    27.4618 0.0000e+00
       1631    311.804     7.0220   3.550024    35.0590    27.4623 0.0000e+00
       1632    312.042     7.0176   3.549523    35.0579    27.4620 0.0000e+00
       1633    312.282     7.0130   3.549014    35.0568    27.4618 0.0000e+00
       1634    312.525     7.0091   3.548671    35.0569    27.4624 0.0000e+00
       1635    312.769     7.0056   3.548378    35.0571    27.4631 0.0000e+00
       1636    313.014     7.0016   3.548002    35.0569    27.4635 0.0000e+00
       1637    313.260     6.9963   3.547529    35.0570    27.4643 0.0000e+00
       1638    313.514     6.9887   3.546900    35.0577    27.4659 0.0000e+00
       1639    313.776     6.9779   3.545954    35.0581    27.4677 0.0000e+00
       1640    314.040     6.9634   3.544580    35.0576    27.4693 0.0000e+00
       1641    314.304     6.9476   3.543066    35.0569    27.4710 0.0000e+00
