Datasets/Test_Dataset_39219_tow/originals/tel219_2021_044.cnv
* Sea-Bird SBE19plus Data File:
* Filename = C:/AQUIRE/tel219_2021_044.hex
* Software Version AquireV2 AF V2.0
* Temperature SN =  4020
* Conductivity SN =  4020
* System UpLoad Time = May 12 2021 14:39:48
** VESSEL/TRIP/SEQ STN: tel219_2021_044
** LATITUDE: 45 22.29 N
** LONGITUDE: 55 58.63 W
** DATE/TIME: 2021-05-12 14:04
** SOUNDING DEPTH (M): 0052
** PROBE TYPE: S4020
** CTD NUMBER: 044
** FORMAT: T
** COMMENTS: 
# nquan = 7                                 
# nvalues = 2168                        
# units = specified
# name 0 = scan: Scan Count
# name 1 = prdM: Pressure, Strain Gauge [db]
# name 2 = tv290C: Temperature [ITS-90, deg C]
# name 3 = c0S/m: Conductivity [S/m]
# name 4 = sal00: Salinity, Practical [PSU]
# name 5 = sigma-t00: Density [sigma-t, kg/m^3 ]
# name 6 = flag: flag
# span 0 =          1,       2168       
# span 1 =     -0.194,     54.568       
# span 2 =     2.7742,     4.0289       
# span 3 =   0.005426,   2.973091       
# span 4 =     0.0409,    32.2583       
# span 5 =     0.0080,    25.6944       
# span 6 = 0.0000e+00, 0.0000e+00       
# interval = seconds: 1
# start_time = May 12 2021 14:04:33 [Instrument's time stamp, header]
# bad_flag = -9.990e-29
*END*
          1     -0.128     4.0243   0.005476     0.0413     0.0083 0.0000e+00
          2     -0.129     4.0251   0.005475     0.0413     0.0083 0.0000e+00
          3     -0.130     4.0258   0.005474     0.0412     0.0083 0.0000e+00
          4     -0.130     4.0262   0.005474     0.0412     0.0083 0.0000e+00
          5     -0.128     4.0268   0.005476     0.0413     0.0083 0.0000e+00
          6     -0.126     4.0275   0.005480     0.0413     0.0083 0.0000e+00
          7     -0.128     4.0278   0.005480     0.0413     0.0083 0.0000e+00
          8     -0.130     4.0280   0.005476     0.0413     0.0083 0.0000e+00
          9     -0.130     4.0285   0.005475     0.0412     0.0083 0.0000e+00
         10     -0.131     4.0289   0.005474     0.0412     0.0083 0.0000e+00
         11     -0.133     4.0289   0.005473     0.0412     0.0083 0.0000e+00
         12     -0.134     4.0287   0.005470     0.0412     0.0082 0.0000e+00
         13     -0.133     4.0285   0.005467     0.0412     0.0082 0.0000e+00
         14     -0.132     4.0282   0.005468     0.0412     0.0082 0.0000e+00
         15     -0.132     4.0279   0.005470     0.0412     0.0082 0.0000e+00
         16     -0.131     4.0279   0.005470     0.0412     0.0082 0.0000e+00
         17     -0.130     4.0278   0.005465     0.0412     0.0082 0.0000e+00
         18     -0.130     4.0275   0.005457     0.0411     0.0082 0.0000e+00
         19     -0.130     4.0273   0.005453     0.0411     0.0081 0.0000e+00
         20     -0.131     4.0274   0.005456     0.0411     0.0082 0.0000e+00
         21     -0.132     4.0276   0.005460     0.0411     0.0082 0.0000e+00
         22     -0.132     4.0278   0.005462     0.0411     0.0082 0.0000e+00
         23     -0.131     4.0278   0.005461     0.0411     0.0082 0.0000e+00
         24     -0.130     4.0280   0.005460     0.0411     0.0082 0.0000e+00
         25     -0.129     4.0282   0.005458     0.0411     0.0082 0.0000e+00
         26     -0.131     4.0282   0.005458     0.0411     0.0082 0.0000e+00
         27     -0.132     4.0282   0.005458     0.0411     0.0082 0.0000e+00
         28     -0.130     4.0282   0.005456     0.0411     0.0082 0.0000e+00
         29     -0.125     4.0282   0.005455     0.0411     0.0082 0.0000e+00
         30     -0.122     4.0283   0.005455     0.0411     0.0082 0.0000e+00
         31     -0.122     4.0282   0.005453     0.0411     0.0081 0.0000e+00
         32     -0.125     4.0276   0.005448     0.0410     0.0081 0.0000e+00
         33     -0.126     4.0272   0.005444     0.0410     0.0081 0.0000e+00
         34     -0.126     4.0271   0.005440     0.0410     0.0081 0.0000e+00
         35     -0.126     4.0272   0.005440     0.0410     0.0081 0.0000e+00
         36     -0.127     4.0274   0.005443     0.0410     0.0081 0.0000e+00
         37     -0.129     4.0274   0.005444     0.0410     0.0081 0.0000e+00
         38     -0.132     4.0271   0.005442     0.0410     0.0081 0.0000e+00
         39     -0.133     4.0270   0.005442     0.0410     0.0081 0.0000e+00
         40     -0.132     4.0269   0.005443     0.0410     0.0081 0.0000e+00
         41     -0.132     4.0267   0.005441     0.0410     0.0081 0.0000e+00
         42     -0.131     4.0267   0.005440     0.0410     0.0081 0.0000e+00
         43     -0.129     4.0267   0.005442     0.0410     0.0081 0.0000e+00
         44     -0.129     4.0266   0.005445     0.0410     0.0081 0.0000e+00
         45     -0.134     4.0265   0.005444     0.0410     0.0081 0.0000e+00
         46     -0.139     4.0262   0.005440     0.0410     0.0081 0.0000e+00
         47     -0.141     4.0260   0.005441     0.0410     0.0081 0.0000e+00
         48     -0.139     4.0259   0.005442     0.0410     0.0081 0.0000e+00
         49     -0.133     4.0257   0.005440     0.0410     0.0081 0.0000e+00
         50     -0.129     4.0256   0.005439     0.0410     0.0081 0.0000e+00
         51     -0.129     4.0254   0.005437     0.0410     0.0080 0.0000e+00
         52     -0.130     4.0253   0.005436     0.0409     0.0080 0.0000e+00
         53     -0.132     4.0252   0.005437     0.0410     0.0080 0.0000e+00
         54     -0.135     4.0251   0.005439     0.0410     0.0081 0.0000e+00
         55     -0.136     4.0251   0.005438     0.0410     0.0081 0.0000e+00
         56     -0.136     4.0251   0.005438     0.0410     0.0081 0.0000e+00
         57     -0.136     4.0250   0.005439     0.0410     0.0081 0.0000e+00
         58     -0.133     4.0246   0.005441     0.0410     0.0081 0.0000e+00
         59     -0.131     4.0244   0.005443     0.0410     0.0081 0.0000e+00
         60     -0.134     4.0243   0.005444     0.0410     0.0081 0.0000e+00
         61     -0.140     4.0242   0.005445     0.0410     0.0081 0.0000e+00
         62     -0.142     4.0237   0.005442     0.0410     0.0081 0.0000e+00
         63     -0.139     4.0228   0.005437     0.0410     0.0080 0.0000e+00
         64     -0.135     4.0217   0.005432     0.0409     0.0080 0.0000e+00
         65     -0.130     4.0207   0.005429     0.0409     0.0080 0.0000e+00
         66     -0.127     4.0199   0.005427     0.0409     0.0080 0.0000e+00
         67     -0.125     4.0197   0.005426     0.0409     0.0080 0.0000e+00
         68     -0.123     4.0198   0.005430     0.0409     0.0080 0.0000e+00
         69     -0.125     4.0198   0.005434     0.0409     0.0080 0.0000e+00
         70     -0.129     4.0198   0.005438     0.0410     0.0081 0.0000e+00
         71     -0.132     4.0198   0.005443     0.0410     0.0081 0.0000e+00
         72     -0.134     4.0198   0.005444     0.0410     0.0081 0.0000e+00
         73     -0.134     4.0198   0.005443     0.0410     0.0081 0.0000e+00
         74     -0.134     4.0198   0.005442     0.0410     0.0081 0.0000e+00
         75     -0.133     4.0197   0.005442     0.0410     0.0081 0.0000e+00
         76     -0.131     4.0196   0.005445     0.0410     0.0081 0.0000e+00
         77     -0.128     4.0193   0.005449     0.0411     0.0081 0.0000e+00
         78     -0.127     4.0191   0.005452     0.0411     0.0081 0.0000e+00
         79     -0.128     4.0191   0.005453     0.0411     0.0082 0.0000e+00
         80     -0.129     4.0189   0.005453     0.0411     0.0082 0.0000e+00
         81     -0.130     4.0185   0.005450     0.0411     0.0081 0.0000e+00
         82     -0.128     4.0183   0.005450     0.0411     0.0081 0.0000e+00
         83     -0.126     4.0183   0.005457     0.0411     0.0082 0.0000e+00
         84     -0.127     4.0182   0.005462     0.0412     0.0082 0.0000e+00
         85     -0.129     4.0181   0.005465     0.0412     0.0082 0.0000e+00
         86     -0.127     4.0178   0.005463     0.0412     0.0082 0.0000e+00
         87     -0.128     4.0177   0.005461     0.0411     0.0082 0.0000e+00
         88     -0.132     4.0179   0.005464     0.0412     0.0082 0.0000e+00
         89     -0.134     4.0180   0.005468     0.0412     0.0082 0.0000e+00
         90     -0.135     4.0179   0.005471     0.0412     0.0083 0.0000e+00
         91     -0.137     4.0178   0.005471     0.0412     0.0083 0.0000e+00
         92     -0.138     4.0176   0.005472     0.0412     0.0083 0.0000e+00
         93     -0.139     4.0175   0.005472     0.0412     0.0083 0.0000e+00
         94     -0.140     4.0172   0.005472     0.0412     0.0083 0.0000e+00
         95     -0.142     4.0169   0.005473     0.0412     0.0083 0.0000e+00
         96     -0.143     4.0168   0.005476     0.0413     0.0083 0.0000e+00
         97     -0.142     4.0167   0.005480     0.0413     0.0083 0.0000e+00
         98     -0.138     4.0166   0.005484     0.0413     0.0083 0.0000e+00
         99     -0.133     4.0165   0.005483     0.0413     0.0083 0.0000e+00
        100     -0.130     4.0162   0.005480     0.0413     0.0083 0.0000e+00
        101     -0.132     4.0161   0.005480     0.0413     0.0083 0.0000e+00
        102     -0.135     4.0161   0.005482     0.0413     0.0083 0.0000e+00
        103     -0.136     4.0160   0.005485     0.0413     0.0084 0.0000e+00
        104     -0.136     4.0159   0.005487     0.0414     0.0084 0.0000e+00
        105     -0.137     4.0157   0.005486     0.0413     0.0084 0.0000e+00
        106     -0.138     4.0157   0.005486     0.0413     0.0084 0.0000e+00
        107     -0.137     4.0157   0.005486     0.0413     0.0084 0.0000e+00
        108     -0.135     4.0157   0.005487     0.0414     0.0084 0.0000e+00
        109     -0.133     4.0157   0.005492     0.0414     0.0084 0.0000e+00
        110     -0.131     4.0159   0.005496     0.0414     0.0084 0.0000e+00
        111     -0.130     4.0159   0.005497     0.0414     0.0084 0.0000e+00
        112     -0.130     4.0157   0.005496     0.0414     0.0084 0.0000e+00
        113     -0.133     4.0155   0.005497     0.0414     0.0084 0.0000e+00
        114     -0.137     4.0153   0.005498     0.0414     0.0084 0.0000e+00
        115     -0.139     4.0152   0.005497     0.0414     0.0084 0.0000e+00
        116     -0.139     4.0153   0.005497     0.0414     0.0084 0.0000e+00
        117     -0.137     4.0154   0.005497     0.0414     0.0084 0.0000e+00
        118     -0.134     4.0159   0.005498     0.0414     0.0084 0.0000e+00
        119     -0.132     4.0165   0.005499     0.0414     0.0084 0.0000e+00
        120     -0.132     4.0168   0.005499     0.0414     0.0084 0.0000e+00
        121     -0.136     4.0166   0.005499     0.0414     0.0084 0.0000e+00
        122     -0.140     4.0162   0.005499     0.0414     0.0084 0.0000e+00
        123     -0.141     4.0160   0.005500     0.0415     0.0085 0.0000e+00
        124     -0.138     4.0159   0.005501     0.0415     0.0085 0.0000e+00
        125     -0.138     4.0156   0.005501     0.0415     0.0085 0.0000e+00
        126     -0.140     4.0157   0.005502     0.0415     0.0085 0.0000e+00
        127     -0.141     4.0159   0.005505     0.0415     0.0085 0.0000e+00
        128     -0.141     4.0162   0.005507     0.0415     0.0085 0.0000e+00
        129     -0.141     4.0168   0.005509     0.0415     0.0085 0.0000e+00
        130     -0.139     4.0174   0.005507     0.0415     0.0085 0.0000e+00
        131     -0.137     4.0174   0.005501     0.0415     0.0085 0.0000e+00
        132     -0.137     4.0172   0.005501     0.0415     0.0085 0.0000e+00
        133     -0.136     4.0172   0.005504     0.0415     0.0085 0.0000e+00
        134     -0.135     4.0174   0.005506     0.0415     0.0085 0.0000e+00
        135     -0.134     4.0172   0.005505     0.0415     0.0085 0.0000e+00
        136     -0.132     4.0169   0.005502     0.0415     0.0085 0.0000e+00
        137     -0.130     4.0168   0.005502     0.0415     0.0085 0.0000e+00
        138     -0.131     4.0172   0.005505     0.0415     0.0085 0.0000e+00
        139     -0.133     4.0182   0.005509     0.0415     0.0085 0.0000e+00
        140     -0.134     4.0198   0.005513     0.0415     0.0085 0.0000e+00
        141     -0.135     4.0210   0.005524     0.0416     0.0086 0.0000e+00
        142     -0.134     4.0214   0.005623     0.0424     0.0092 0.0000e+00
        143     -0.135     4.0206   0.005833     0.0440     0.0105 0.0000e+00
        144     -0.140     4.0195   0.006031     0.0456     0.0118 0.0000e+00
        145     -0.143     4.0184   0.006186     0.0468     0.0127 0.0000e+00
        146     -0.143     4.0177   0.006357     0.0481     0.0138 0.0000e+00
        147     -0.141     4.0176   0.006602     0.0500     0.0154 0.0000e+00
        148     -0.140     4.0174   0.007210     0.0548     0.0192 0.0000e+00
        149     -0.138     4.0171   0.010076     0.0773     0.0374 0.0000e+00
        150     -0.137     4.0172   0.022809     0.1800     0.1202 0.0000e+00
        151     -0.133     4.0174   0.043493     0.3518     0.2586 0.0000e+00
        152     -0.123     4.0152   0.085999     0.7161     0.5515 0.0000e+00
        153     -0.110     3.9724   0.410610     3.7290     2.9614 0.0000e+00
        154     -0.093     3.8507   0.885608     8.5211     6.7773 0.0000e+00
        155     -0.070     3.7115   1.126822    11.0942     8.8254 0.0000e+00
        156     -0.011     3.6151   1.693287    17.2966    13.7534 0.0000e+00
        157      0.121     3.5383   2.578631    27.4484    21.8222 0.0000e+00
        158      0.300     3.4772   2.964946    32.0715    25.5062 0.0000e+00
        159      0.453     3.4398   2.973091    32.2059    25.6166 0.0000e+00
        160      0.540     3.4076   2.970910    32.2117    25.6241 0.0000e+00
        161      0.565     3.3781   2.968593    32.2133    25.6280 0.0000e+00
        162      0.560     3.3616   2.967895    32.2213    25.6359 0.0000e+00
        163      0.562     3.3589   2.968964    32.2368    25.6485 0.0000e+00
        164      0.598     3.3663   2.971297    32.2574    25.6642 0.0000e+00
        165      0.658     3.3738   2.971999    32.2583    25.6643 0.0000e+00
        166      0.699     3.3689   2.969352    32.2314    25.6433 0.0000e+00
        167      0.687     3.3559   2.966261    32.2073    25.6253 0.0000e+00
        168      0.641     3.3475   2.965252    32.2036    25.6230 0.0000e+00
        169      0.619     3.3464   2.965583    32.2087    25.6272 0.0000e+00
        170      0.637     3.3478   2.965937    32.2115    25.6293 0.0000e+00
        171      0.671     3.3487   2.966204    32.2138    25.6311 0.0000e+00
        172      0.717     3.3505   2.967139    32.2232    25.6384 0.0000e+00
        173      0.774     3.3553   2.968601    32.2359    25.6481 0.0000e+00
        174      0.827     3.3613   2.969577    32.2416    25.6521 0.0000e+00
        175      0.859     3.3633   2.969419    32.2377    25.6488 0.0000e+00
        176      0.855     3.3596   2.968080    32.2254    25.6393 0.0000e+00
        177      0.815     3.3543   2.966641    32.2134    25.6303 0.0000e+00
        178      0.765     3.3509   2.966184    32.2113    25.6289 0.0000e+00
        179      0.735     3.3486   2.966203    32.2139    25.6311 0.0000e+00
        180      0.731     3.3449   2.965627    32.2106    25.6289 0.0000e+00
        181      0.759     3.3398   2.964636    32.2038    25.6239 0.0000e+00
        182      0.794     3.3331   2.963762    32.2000    25.6214 0.0000e+00
        183      0.769     3.3253   2.963057    32.1993    25.6216 0.0000e+00
        184      0.678     3.3205   2.963008    32.2035    25.6254 0.0000e+00
        185      0.596     3.3205   2.963489    32.2093    25.6300 0.0000e+00
        186      0.563     3.3215   2.963947    32.2138    25.6335 0.0000e+00
        187      0.572     3.3226   2.964473    32.2191    25.6376 0.0000e+00
        188      0.603     3.3259   2.965248    32.2251    25.6421 0.0000e+00
        189      0.637     3.3303   2.966012    32.2298    25.6455 0.0000e+00
        190      0.663     3.3330   2.966411    32.2319    25.6469 0.0000e+00
        191      0.691     3.3333   2.966572    32.2335    25.6482 0.0000e+00
        192      0.738     3.3326   2.966489    32.2332    25.6480 0.0000e+00
        193      0.791     3.3338   2.966349    32.2303    25.6456 0.0000e+00
        194      0.828     3.3370   2.966547    32.2295    25.6446 0.0000e+00
        195      0.833     3.3385   2.966235    32.2242    25.6403 0.0000e+00
        196      0.812     3.3366   2.965181    32.2135    25.6319 0.0000e+00
        197      0.796     3.3333   2.964478    32.2084    25.6281 0.0000e+00
        198      0.807     3.3312   2.964556    32.2114    25.6307 0.0000e+00
        199      0.857     3.3333   2.965179    32.2167    25.6348 0.0000e+00
        200      0.947     3.3385   2.965638    32.2170    25.6345 0.0000e+00
        201      1.053     3.3374   2.965108    32.2117    25.6304 0.0000e+00
        202      1.134     3.3231   2.963367    32.2050    25.6263 0.0000e+00
        203      1.156     3.3053   2.961639    32.2019    25.6255 0.0000e+00
        204      1.120     3.2958   2.961095    32.2049    25.6287 0.0000e+00
        205      1.050     3.2934   2.961063    32.2069    25.6305 0.0000e+00
