Datasets/Test_Dataset_39219_tow/originals/tel219_2021_066.cnv
* Sea-Bird SBE19plus Data File:
* Filename = C:/AQUIRE/tel219_2021_066.hex
* Software Version AquireV2 AF V2.0
* Temperature SN =  4020
* Conductivity SN =  4020
* System UpLoad Time = May 15 2021 01:15:26
** VESSEL/TRIP/SEQ STN: tel219_2021_066
** LATITUDE: 45 44.46 N
** LONGITUDE: 54 26.09 W
** DATE/TIME: 2021-05-15 00:23
** SOUNDING DEPTH (M): 0087
** PROBE TYPE: S4020
** CTD NUMBER: 066
** FORMAT: T
** COMMENTS: 
# nquan = 7                                 
# nvalues = 3170                        
# units = specified
# name 0 = scan: Scan Count
# name 1 = prdM: Pressure, Strain Gauge [db]
# name 2 = tv290C: Temperature [ITS-90, deg C]
# name 3 = c0S/m: Conductivity [S/m]
# name 4 = sal00: Salinity, Practical [PSU]
# name 5 = sigma-t00: Density [sigma-t, kg/m^3 ]
# name 6 = flag: flag
# span 0 =          1,       3170       
# span 1 =     -0.104,     84.763       
# span 2 =     0.6092,     3.9164       
# span 3 =   0.009425,   3.020151       
# span 4 =     0.0724,    32.7489       
# span 5 =     0.0334,    26.2545       
# span 6 = 0.0000e+00, 0.0000e+00       
# interval = seconds: 1
# start_time = May 15 2021 00:23:38 [Instrument's time stamp, header]
# bad_flag = -9.990e-29
*END*
[from data line 616]
        617     -0.075     3.8610   0.010262     0.0791     0.0388 0.0000e+00
        618     -0.075     3.8612   0.010254     0.0790     0.0387 0.0000e+00
        619     -0.073     3.8615   0.010243     0.0790     0.0387 0.0000e+00
        620     -0.071     3.8618   0.010235     0.0789     0.0386 0.0000e+00
        621     -0.071     3.8620   0.010235     0.0789     0.0386 0.0000e+00
        622     -0.074     3.8623   0.010239     0.0789     0.0386 0.0000e+00
        623     -0.078     3.8627   0.010238     0.0789     0.0386 0.0000e+00
        624     -0.077     3.8630   0.010234     0.0789     0.0386 0.0000e+00
        625     -0.075     3.8634   0.010230     0.0788     0.0386 0.0000e+00
        626     -0.072     3.8638   0.010221     0.0788     0.0385 0.0000e+00
        627     -0.068     3.8640   0.010214     0.0787     0.0385 0.0000e+00
        628     -0.068     3.8640   0.010214     0.0787     0.0385 0.0000e+00
        629     -0.071     3.8639   0.010222     0.0788     0.0385 0.0000e+00
        630     -0.074     3.8638   0.010226     0.0788     0.0386 0.0000e+00
        631     -0.075     3.8638   0.010216     0.0787     0.0385 0.0000e+00
        632     -0.077     3.8639   0.010194     0.0786     0.0384 0.0000e+00
        633     -0.079     3.8637   0.010174     0.0784     0.0382 0.0000e+00
        634     -0.080     3.8636   0.010172     0.0784     0.0382 0.0000e+00
        635     -0.082     3.8636   0.010190     0.0785     0.0383 0.0000e+00
        636     -0.083     3.8636   0.010208     0.0787     0.0384 0.0000e+00
        637     -0.082     3.8635   0.010202     0.0786     0.0384 0.0000e+00
        638     -0.078     3.8635   0.010175     0.0784     0.0382 0.0000e+00
        639     -0.073     3.8633   0.010154     0.0782     0.0381 0.0000e+00
        640     -0.070     3.8632   0.010152     0.0782     0.0381 0.0000e+00
        641     -0.069     3.8632   0.010153     0.0782     0.0381 0.0000e+00
        642     -0.070     3.8634   0.010158     0.0783     0.0381 0.0000e+00
        643     -0.074     3.8636   0.010177     0.0784     0.0382 0.0000e+00
        644     -0.078     3.8636   0.010196     0.0786     0.0384 0.0000e+00
        645     -0.080     3.8637   0.010189     0.0785     0.0383 0.0000e+00
        646     -0.083     3.8640   0.010158     0.0783     0.0381 0.0000e+00
        647     -0.088     3.8643   0.010132     0.0781     0.0380 0.0000e+00
        648     -0.089     3.8645   0.010131     0.0781     0.0379 0.0000e+00
        649     -0.086     3.8651   0.010161     0.0783     0.0381 0.0000e+00
        650     -0.083     3.8656   0.010192     0.0785     0.0383 0.0000e+00
        651     -0.082     3.8657   0.010197     0.0786     0.0384 0.0000e+00
        652     -0.083     3.8653   0.010180     0.0784     0.0383 0.0000e+00
        653     -0.086     3.8649   0.010162     0.0783     0.0381 0.0000e+00
        654     -0.086     3.8649   0.010159     0.0783     0.0381 0.0000e+00
        655     -0.083     3.8654   0.010179     0.0784     0.0383 0.0000e+00
        656     -0.081     3.8660   0.010205     0.0786     0.0384 0.0000e+00
        657     -0.081     3.8663   0.010204     0.0786     0.0384 0.0000e+00
        658     -0.082     3.8663   0.010184     0.0785     0.0383 0.0000e+00
        659     -0.080     3.8663   0.010164     0.0783     0.0382 0.0000e+00
        660     -0.078     3.8663   0.010157     0.0783     0.0381 0.0000e+00
        661     -0.078     3.8663   0.010159     0.0783     0.0381 0.0000e+00
        662     -0.077     3.8663   0.010167     0.0783     0.0382 0.0000e+00
        663     -0.076     3.8662   0.010170     0.0784     0.0382 0.0000e+00
        664     -0.076     3.8663   0.010171     0.0784     0.0382 0.0000e+00
        665     -0.076     3.8664   0.010165     0.0783     0.0382 0.0000e+00
        666     -0.075     3.8669   0.010152     0.0782     0.0381 0.0000e+00
        667     -0.074     3.8674   0.010140     0.0781     0.0380 0.0000e+00
        668     -0.077     3.8676   0.010143     0.0781     0.0380 0.0000e+00
        669     -0.080     3.8674   0.010160     0.0783     0.0381 0.0000e+00
        670     -0.080     3.8672   0.010176     0.0784     0.0382 0.0000e+00
        671     -0.081     3.8668   0.010168     0.0783     0.0382 0.0000e+00
        672     -0.082     3.8666   0.010137     0.0781     0.0380 0.0000e+00
        673     -0.080     3.8665   0.010117     0.0779     0.0379 0.0000e+00
        674     -0.077     3.8666   0.010132     0.0781     0.0380 0.0000e+00
        675     -0.074     3.8670   0.010155     0.0782     0.0381 0.0000e+00
        676     -0.074     3.8674   0.010156     0.0782     0.0381 0.0000e+00
        677     -0.079     3.8680   0.010145     0.0782     0.0380 0.0000e+00
        678     -0.084     3.8684   0.010137     0.0781     0.0380 0.0000e+00
        679     -0.087     3.8687   0.010131     0.0780     0.0379 0.0000e+00
        680     -0.084     3.8689   0.010126     0.0780     0.0379 0.0000e+00
        681     -0.079     3.8689   0.010131     0.0780     0.0379 0.0000e+00
        682     -0.079     3.8691   0.010146     0.0782     0.0380 0.0000e+00
        683     -0.080     3.8697   0.010149     0.0782     0.0381 0.0000e+00
        684     -0.077     3.8705   0.010143     0.0781     0.0380 0.0000e+00
        685     -0.072     3.8713   0.010151     0.0782     0.0381 0.0000e+00
        686     -0.071     3.8718   0.010170     0.0783     0.0382 0.0000e+00
        687     -0.074     3.8720   0.010174     0.0784     0.0382 0.0000e+00
        688     -0.078     3.8720   0.010155     0.0782     0.0381 0.0000e+00
        689     -0.082     3.8719   0.010131     0.0780     0.0379 0.0000e+00
        690     -0.085     3.8720   0.010130     0.0780     0.0379 0.0000e+00
        691     -0.087     3.8720   0.010147     0.0782     0.0380 0.0000e+00
        692     -0.088     3.8720   0.010156     0.0782     0.0381 0.0000e+00
        693     -0.089     3.8722   0.010145     0.0782     0.0380 0.0000e+00
        694     -0.086     3.8722   0.010124     0.0780     0.0379 0.0000e+00
        695     -0.080     3.8722   0.010107     0.0778     0.0378 0.0000e+00
        696     -0.076     3.8723   0.010112     0.0779     0.0378 0.0000e+00
        697     -0.077     3.8723   0.010129     0.0780     0.0379 0.0000e+00
        698     -0.078     3.8720   0.010141     0.0781     0.0380 0.0000e+00
        699     -0.080     3.8716   0.010140     0.0781     0.0380 0.0000e+00
        700     -0.083     3.8712   0.010118     0.0779     0.0379 0.0000e+00
        701     -0.085     3.8712   0.010087     0.0777     0.0377 0.0000e+00
        702     -0.084     3.8711   0.010071     0.0776     0.0376 0.0000e+00
        703     -0.081     3.8709   0.010081     0.0776     0.0376 0.0000e+00
        704     -0.080     3.8706   0.010105     0.0778     0.0378 0.0000e+00
        705     -0.080     3.8704   0.010111     0.0779     0.0378 0.0000e+00
        706     -0.079     3.8701   0.010088     0.0777     0.0377 0.0000e+00
        707     -0.077     3.8700   0.010056     0.0774     0.0375 0.0000e+00
        708     -0.077     3.8699   0.010044     0.0774     0.0374 0.0000e+00
        709     -0.076     3.8699   0.010056     0.0774     0.0375 0.0000e+00
        710     -0.076     3.8700   0.010077     0.0776     0.0376 0.0000e+00
        711     -0.077     3.8700   0.010076     0.0776     0.0376 0.0000e+00
        712     -0.080     3.8699   0.010057     0.0775     0.0375 0.0000e+00
        713     -0.080     3.8697   0.010042     0.0773     0.0374 0.0000e+00
        714     -0.082     3.8697   0.010044     0.0774     0.0374 0.0000e+00
        715     -0.087     3.8697   0.010055     0.0774     0.0375 0.0000e+00
        716     -0.088     3.8699   0.010070     0.0776     0.0376 0.0000e+00
        717     -0.084     3.8701   0.010079     0.0776     0.0376 0.0000e+00
        718     -0.079     3.8704   0.010072     0.0776     0.0376 0.0000e+00
        719     -0.075     3.8705   0.010051     0.0774     0.0374 0.0000e+00
        720     -0.075     3.8705   0.010036     0.0773     0.0373 0.0000e+00
        721     -0.077     3.8704   0.010040     0.0773     0.0374 0.0000e+00
        722     -0.077     3.8704   0.010058     0.0775     0.0375 0.0000e+00
        723     -0.077     3.8704   0.010059     0.0775     0.0375 0.0000e+00
        724     -0.076     3.8701   0.010039     0.0773     0.0374 0.0000e+00
        725     -0.075     3.8699   0.010023     0.0772     0.0373 0.0000e+00
        726     -0.074     3.8699   0.010022     0.0772     0.0372 0.0000e+00
        727     -0.076     3.8700   0.010029     0.0772     0.0373 0.0000e+00
        728     -0.080     3.8702   0.010034     0.0773     0.0373 0.0000e+00
        729     -0.084     3.8704   0.010028     0.0772     0.0373 0.0000e+00
        730     -0.086     3.8704   0.010014     0.0771     0.0372 0.0000e+00
        731     -0.086     3.8704   0.010000     0.0770     0.0371 0.0000e+00
        732     -0.086     3.8703   0.009993     0.0769     0.0371 0.0000e+00
        733     -0.090     3.8701   0.009994     0.0770     0.0371 0.0000e+00
        734     -0.095     3.8701   0.010002     0.0770     0.0371 0.0000e+00
        735     -0.094     3.8701   0.010004     0.0770     0.0371 0.0000e+00
        736     -0.088     3.8701   0.009993     0.0769     0.0371 0.0000e+00
        737     -0.084     3.8699   0.009977     0.0768     0.0370 0.0000e+00
        738     -0.084     3.8697   0.009974     0.0768     0.0369 0.0000e+00
        739     -0.086     3.8696   0.009984     0.0769     0.0370 0.0000e+00
        740     -0.087     3.8697   0.009995     0.0770     0.0371 0.0000e+00
        741     -0.088     3.8700   0.009989     0.0769     0.0370 0.0000e+00
        742     -0.085     3.8703   0.009975     0.0768     0.0369 0.0000e+00
        743     -0.082     3.8704   0.009971     0.0768     0.0369 0.0000e+00
        744     -0.082     3.8706   0.009981     0.0768     0.0370 0.0000e+00
        745     -0.084     3.8708   0.009992     0.0769     0.0371 0.0000e+00
        746     -0.085     3.8709   0.009994     0.0770     0.0371 0.0000e+00
        747     -0.084     3.8706   0.009984     0.0769     0.0370 0.0000e+00
        748     -0.083     3.8705   0.009970     0.0768     0.0369 0.0000e+00
        749     -0.084     3.8706   0.009960     0.0767     0.0368 0.0000e+00
        750     -0.087     3.8710   0.009959     0.0767     0.0368 0.0000e+00
        751     -0.089     3.8712   0.009967     0.0767     0.0369 0.0000e+00
        752     -0.088     3.8712   0.009975     0.0768     0.0369 0.0000e+00
        753     -0.084     3.8712   0.009978     0.0768     0.0370 0.0000e+00
        754     -0.079     3.8710   0.009967     0.0767     0.0369 0.0000e+00
        755     -0.076     3.8708   0.009948     0.0766     0.0368 0.0000e+00
        756     -0.077     3.8707   0.009933     0.0765     0.0367 0.0000e+00
        757     -0.080     3.8705   0.009927     0.0764     0.0366 0.0000e+00
        758     -0.081     3.8704   0.009934     0.0765     0.0367 0.0000e+00
        759     -0.080     3.8704   0.009936     0.0765     0.0367 0.0000e+00
        760     -0.077     3.8703   0.009922     0.0764     0.0366 0.0000e+00
        761     -0.075     3.8702   0.009904     0.0762     0.0365 0.0000e+00
        762     -0.076     3.8701   0.009907     0.0763     0.0365 0.0000e+00
        763     -0.077     3.8701   0.009929     0.0764     0.0366 0.0000e+00
        764     -0.076     3.8701   0.009934     0.0765     0.0367 0.0000e+00
        765     -0.074     3.8703   0.009919     0.0764     0.0366 0.0000e+00
        766     -0.073     3.8706   0.009906     0.0763     0.0365 0.0000e+00
        767     -0.073     3.8712   0.009908     0.0763     0.0365 0.0000e+00
        768     -0.076     3.8716   0.009918     0.0763     0.0366 0.0000e+00
        769     -0.081     3.8718   0.009925     0.0764     0.0366 0.0000e+00
        770     -0.086     3.8718   0.009921     0.0764     0.0366 0.0000e+00
        771     -0.088     3.8716   0.009901     0.0762     0.0365 0.0000e+00
        772     -0.088     3.8714   0.009881     0.0761     0.0363 0.0000e+00
        773     -0.089     3.8710   0.009879     0.0760     0.0363 0.0000e+00
        774     -0.088     3.8709   0.009888     0.0761     0.0364 0.0000e+00
        775     -0.085     3.8710   0.009884     0.0761     0.0364 0.0000e+00
        776     -0.084     3.8714   0.009869     0.0760     0.0363 0.0000e+00
        777     -0.088     3.8720   0.009866     0.0759     0.0362 0.0000e+00
        778     -0.092     3.8731   0.009893     0.0761     0.0364 0.0000e+00
        779     -0.092     3.8740   0.009921     0.0764     0.0366 0.0000e+00
        780     -0.088     3.8743   0.009918     0.0763     0.0366 0.0000e+00
        781     -0.084     3.8741   0.009892     0.0761     0.0364 0.0000e+00
        782     -0.083     3.8739   0.009871     0.0760     0.0363 0.0000e+00
        783     -0.083     3.8737   0.009864     0.0759     0.0362 0.0000e+00
        784     -0.084     3.8735   0.009871     0.0760     0.0363 0.0000e+00
        785     -0.084     3.8736   0.009884     0.0761     0.0364 0.0000e+00
        786     -0.085     3.8740   0.009893     0.0761     0.0364 0.0000e+00
        787     -0.085     3.8747   0.009893     0.0761     0.0364 0.0000e+00
        788     -0.084     3.8753   0.009875     0.0760     0.0363 0.0000e+00
        789     -0.085     3.8754   0.009857     0.0759     0.0362 0.0000e+00
        790     -0.085     3.8754   0.009870     0.0760     0.0363 0.0000e+00
        791     -0.085     3.8751   0.009897     0.0762     0.0364 0.0000e+00
        792     -0.086     3.8746   0.009898     0.0762     0.0364 0.0000e+00
        793     -0.085     3.8743   0.009872     0.0760     0.0363 0.0000e+00
        794     -0.084     3.8742   0.009844     0.0758     0.0361 0.0000e+00
        795     -0.083     3.8741   0.009837     0.0757     0.0361 0.0000e+00
        796     -0.083     3.8741   0.009850     0.0758     0.0361 0.0000e+00
        797     -0.084     3.8739   0.009863     0.0759     0.0362 0.0000e+00
        798     -0.085     3.8738   0.009864     0.0759     0.0362 0.0000e+00
        799     -0.085     3.8735   0.009851     0.0758     0.0361 0.0000e+00
        800     -0.084     3.8733   0.009830     0.0756     0.0360 0.0000e+00
        801     -0.084     3.8731   0.009808     0.0755     0.0359 0.0000e+00
        802     -0.086     3.8731   0.009803     0.0754     0.0358 0.0000e+00
        803     -0.086     3.8732   0.009812     0.0755     0.0359 0.0000e+00
        804     -0.084     3.8734   0.009828     0.0756     0.0360 0.0000e+00
        805     -0.082     3.8737   0.009837     0.0757     0.0361 0.0000e+00
        806     -0.082     3.8738   0.009828     0.0756     0.0360 0.0000e+00
        807     -0.083     3.8738   0.009804     0.0754     0.0358 0.0000e+00
        808     -0.085     3.8739   0.009797     0.0754     0.0358 0.0000e+00
        809     -0.086     3.8745   0.009822     0.0756     0.0360 0.0000e+00
        810     -0.083     3.8752   0.009844     0.0758     0.0361 0.0000e+00
        811     -0.080     3.8757   0.009833     0.0757     0.0360 0.0000e+00
        812     -0.079     3.8756   0.009819     0.0756     0.0359 0.0000e+00
        813     -0.079     3.8754   0.009825     0.0756     0.0360 0.0000e+00
        814     -0.079     3.8752   0.009830     0.0756     0.0360 0.0000e+00
        815     -0.081     3.8750   0.009816     0.0755     0.0359 0.0000e+00
        816     -0.085     3.8750   0.009793     0.0753     0.0358 0.0000e+00
        817     -0.088     3.8752   0.009785     0.0753     0.0357 0.0000e+00
        818     -0.087     3.8749   0.009796     0.0754     0.0358 0.0000e+00
        819     -0.088     3.8746   0.009813     0.0755     0.0359 0.0000e+00
        820     -0.090     3.8745   0.009814     0.0755     0.0359 0.0000e+00
