Datasets/Test_Dataset_39219_tow/originals/tel219_2021_012.cnv
* Sea-Bird SBE19plus Data File:
* Filename = C:/AQUIRE/tel219_2021_012.hex
* Software Version AquireV2 AF V2.0
* Temperature SN =  4020
* Conductivity SN =  4020
* System UpLoad Time = May 06 2021 23:51:20
** VESSEL/TRIP/SEQ STN: tel219_2021_012
** LATITUDE: 46 10.69 N
** LONGITUDE: 55 50.95 W
** DATE/TIME: 2021-05-06 23:04
** SOUNDING DEPTH (M): 0057
** PROBE TYPE: S4020
** CTD NUMBER: 012
** FORMAT: T
** COMMENTS: 
# nquan = 7                                 
# nvalues = 2664                        
# units = specified
# name 0 = scan: Scan Count
# name 1 = prdM: Pressure, Strain Gauge [db]
# name 2 = tv290C: Temperature [ITS-90, deg C]
# name 3 = c0S/m: Conductivity [S/m]
# name 4 = sal00: Salinity, Practical [PSU]
# name 5 = sigma-t00: Density [sigma-t, kg/m^3 ]
# name 6 = flag: flag
# span 0 =          1,       2664       
# span 1 =     -0.191,     53.847       
# span 2 =     2.0617,     3.4547       
# span 3 =   0.005544,   2.919314       
# span 4 =     0.0424,    32.1175       
# span 5 =     0.0054,    25.6578       
# span 6 = 0.0000e+00, 0.0000e+00       
# interval = seconds: 1
# start_time = May 06 2021 23:04:17 [Instrument's time stamp, header]
# bad_flag = -9.990e-29
*END*
[from data line 1231]
       1232     52.770     2.0903   2.855822    32.1028    25.6445 0.0000e+00
       1233     52.784     2.0910   2.855846    32.1024    25.6441 0.0000e+00
       1234     52.784     2.0907   2.855823    32.1024    25.6442 0.0000e+00
       1235     52.772     2.0894   2.855744    32.1027    25.6445 0.0000e+00
       1236     52.762     2.0873   2.855599    32.1031    25.6449 0.0000e+00
       1237     52.761     2.0850   2.855445    32.1035    25.6455 0.0000e+00
       1238     52.752     2.0837   2.855342    32.1035    25.6456 0.0000e+00
       1239     52.732     2.0842   2.855380    32.1035    25.6455 0.0000e+00
       1240     52.722     2.0862   2.855550    32.1036    25.6455 0.0000e+00
       1241     52.733     2.0881   2.855686    32.1034    25.6451 0.0000e+00
       1242     52.757     2.0892   2.855741    32.1029    25.6447 0.0000e+00
       1243     52.770     2.0905   2.855830    32.1027    25.6444 0.0000e+00
       1244     52.766     2.0929   2.856013    32.1025    25.6441 0.0000e+00
       1245     52.761     2.0949   2.856183    32.1026    25.6440 0.0000e+00
       1246     52.766     2.0950   2.856169    32.1023    25.6438 0.0000e+00
       1247     52.774     2.0949   2.856107    32.1017    25.6433 0.0000e+00
       1248     52.771     2.0962   2.856237    32.1020    25.6434 0.0000e+00
       1249     52.758     2.0978   2.856397    32.1023    25.6436 0.0000e+00
       1250     52.748     2.0971   2.856316    32.1021    25.6434 0.0000e+00
       1251     52.746     2.0948   2.856111    32.1018    25.6434 0.0000e+00
       1252     52.746     2.0931   2.856041    32.1027    25.6442 0.0000e+00
       1253     52.744     2.0925   2.856026    32.1031    25.6446 0.0000e+00
       1254     52.741     2.0928   2.856013    32.1027    25.6442 0.0000e+00
       1255     52.740     2.0948   2.856159    32.1024    25.6439 0.0000e+00
       1256     52.746     2.0977   2.856388    32.1023    25.6436 0.0000e+00
       1257     52.755     2.1003   2.856563    32.1019    25.6430 0.0000e+00
       1258     52.748     2.1018   2.856670    32.1017    25.6428 0.0000e+00
       1259     52.718     2.1025   2.856693    32.1013    25.6424 0.0000e+00
       1260     52.681     2.1034   2.856724    32.1008    25.6419 0.0000e+00
       1261     52.664     2.1052   2.856896    32.1011    25.6421 0.0000e+00
       1262     52.678     2.1069   2.857059    32.1014    25.6422 0.0000e+00
       1263     52.705     2.1071   2.857048    32.1010    25.6419 0.0000e+00
       1264     52.711     2.1067   2.856978    32.1006    25.6415 0.0000e+00
       1265     52.688     2.1063   2.856949    32.1006    25.6416 0.0000e+00
       1266     52.656     2.1062   2.856950    32.1008    25.6417 0.0000e+00
       1267     52.634     2.1063   2.856963    32.1008    25.6418 0.0000e+00
       1268     52.627     2.1064   2.856968    32.1008    25.6417 0.0000e+00
       1269     52.630     2.1070   2.857010    32.1007    25.6416 0.0000e+00
       1270     52.637     2.1084   2.857110    32.1005    25.6414 0.0000e+00
       1271     52.639     2.1103   2.857247    32.1003    25.6410 0.0000e+00
       1272     52.636     2.1117   2.857376    32.1005    25.6411 0.0000e+00
       1273     52.632     2.1103   2.857289    32.1008    25.6415 0.0000e+00
       1274     52.630     2.1070   2.856979    32.1003    25.6413 0.0000e+00
       1275     52.636     2.1064   2.856966    32.1008    25.6417 0.0000e+00
       1276     52.657     2.1082   2.857188    32.1017    25.6423 0.0000e+00
       1277     52.677     2.1075   2.857075    32.1010    25.6418 0.0000e+00
       1278     52.678     2.1050   2.856856    32.1008    25.6418 0.0000e+00
       1279     52.664     2.1027   2.856746    32.1018    25.6428 0.0000e+00
       1280     52.643     2.1004   2.856580    32.1020    25.6432 0.0000e+00
       1281     52.628     2.0989   2.856448    32.1019    25.6432 0.0000e+00
       1282     52.629     2.0983   2.856402    32.1020    25.6433 0.0000e+00
       1283     52.641     2.0975   2.856367    32.1023    25.6436 0.0000e+00
       1284     52.647     2.0964   2.856291    32.1025    25.6438 0.0000e+00
       1285     52.641     2.0957   2.856224    32.1024    25.6438 0.0000e+00
       1286     52.635     2.0957   2.856230    32.1025    25.6438 0.0000e+00
       1287     52.640     2.0960   2.856261    32.1025    25.6439 0.0000e+00
       1288     52.653     2.0960   2.856252    32.1024    25.6438 0.0000e+00
       1289     52.655     2.0959   2.856238    32.1024    25.6437 0.0000e+00
       1290     52.644     2.0964   2.856278    32.1023    25.6437 0.0000e+00
       1291     52.637     2.0973   2.856340    32.1022    25.6435 0.0000e+00
       1292     52.642     2.0980   2.856389    32.1021    25.6434 0.0000e+00
       1293     52.645     2.0982   2.856411    32.1022    25.6434 0.0000e+00
       1294     52.634     2.0987   2.856416    32.1017    25.6430 0.0000e+00
       1295     52.613     2.1004   2.856532    32.1015    25.6427 0.0000e+00
       1296     52.595     2.1037   2.856797    32.1014    25.6424 0.0000e+00
       1297     52.595     2.1084   2.857149    32.1010    25.6418 0.0000e+00
       1298     52.615     2.1136   2.857542    32.1006    25.6411 0.0000e+00
       1299     52.638     2.1170   2.857781    32.1001    25.6404 0.0000e+00
       1300     52.654     2.1157   2.857655    32.0999    25.6403 0.0000e+00
       1301     52.666     2.1092   2.857129    32.0999    25.6408 0.0000e+00
       1302     52.677     2.1018   2.856595    32.1008    25.6421 0.0000e+00
       1303     52.679     2.0985   2.856423    32.1020    25.6433 0.0000e+00
       1304     52.668     2.0994   2.856516    32.1022    25.6434 0.0000e+00
       1305     52.652     2.1010   2.856651    32.1023    25.6433 0.0000e+00
       1306     52.646     2.1003   2.856544    32.1017    25.6429 0.0000e+00
       1307     52.650     2.0995   2.856466    32.1015    25.6428 0.0000e+00
       1308     52.653     2.1012   2.856678    32.1024    25.6434 0.0000e+00
       1309     52.649     2.1023   2.856754    32.1023    25.6432 0.0000e+00
       1310     52.645     2.1020   2.856678    32.1016    25.6427 0.0000e+00
       1311     52.649     2.1015   2.856657    32.1019    25.6430 0.0000e+00
       1312     52.663     2.1010   2.856614    32.1018    25.6430 0.0000e+00
       1313     52.680     2.1002   2.856565    32.1020    25.6432 0.0000e+00
       1314     52.693     2.0987   2.856458    32.1022    25.6434 0.0000e+00
       1315     52.698     2.0973   2.856315    32.1019    25.6433 0.0000e+00
       1316     52.697     2.0989   2.856413    32.1015    25.6428 0.0000e+00
       1317     52.692     2.1055   2.856933    32.1012    25.6421 0.0000e+00
       1318     52.683     2.1150   2.857630    32.1003    25.6407 0.0000e+00
       1319     52.679     2.1251   2.858313    32.0985    25.6385 0.0000e+00
       1320     52.686     2.1315   2.858846    32.0986    25.6382 0.0000e+00
       1321     52.700     2.1262   2.858450    32.0991    25.6389 0.0000e+00
       1322     52.718     2.1121   2.857289    32.0990    25.6398 0.0000e+00
       1323     52.732     2.1014   2.856561    32.1007    25.6421 0.0000e+00
       1324     52.733     2.0985   2.856447    32.1023    25.6435 0.0000e+00
       1325     52.728     2.1010   2.856634    32.1021    25.6431 0.0000e+00
       1326     52.734     2.1056   2.856989    32.1018    25.6426 0.0000e+00
       1327     52.749     2.1083   2.857206    32.1018    25.6424 0.0000e+00
       1328     52.757     2.1093   2.857222    32.1009    25.6416 0.0000e+00
       1329     52.750     2.1098   2.857252    32.1008    25.6415 0.0000e+00
       1330     52.735     2.1093   2.857231    32.1011    25.6417 0.0000e+00
       1331     52.724     2.1075   2.857058    32.1007    25.6416 0.0000e+00
       1332     52.724     2.1077   2.857086    32.1009    25.6417 0.0000e+00
       1333     52.734     2.1090   2.857271    32.1019    25.6424 0.0000e+00
       1334     52.749     2.1072   2.857106    32.1016    25.6423 0.0000e+00
       1335     52.759     2.1033   2.856755    32.1012    25.6423 0.0000e+00
       1336     52.755     2.0999   2.856531    32.1019    25.6431 0.0000e+00
       1337     52.743     2.0973   2.856357    32.1024    25.6436 0.0000e+00
       1338     52.736     2.0955   2.856228    32.1026    25.6440 0.0000e+00
       1339     52.734     2.0952   2.856192    32.1024    25.6439 0.0000e+00
       1340     52.732     2.0964   2.856287    32.1024    25.6438 0.0000e+00
       1341     52.724     2.0978   2.856422    32.1027    25.6439 0.0000e+00
       1342     52.709     2.0979   2.856417    32.1025    25.6437 0.0000e+00
       1343     52.699     2.0966   2.856300    32.1024    25.6437 0.0000e+00
       1344     52.706     2.0970   2.856273    32.1016    25.6431 0.0000e+00
       1345     52.731     2.1024   2.856733    32.1019    25.6429 0.0000e+00
       1346     52.758     2.1094   2.857377    32.1028    25.6431 0.0000e+00
       1347     52.775     2.1092   2.857257    32.1015    25.6421 0.0000e+00
       1348     52.779     2.1058   2.856782    32.0990    25.6403 0.0000e+00
       1349     52.773     2.1126   2.857382    32.0996    25.6403 0.0000e+00
       1350     52.766     2.1305   2.858876    32.1000    25.6393 0.0000e+00
       1351     52.762     2.1482   2.860093    32.0971    25.6357 0.0000e+00
       1352     52.761     2.1578   2.860721    32.0952    25.6335 0.0000e+00
       1353     52.758     2.1637   2.861095    32.0939    25.6320 0.0000e+00
       1354     52.756     2.1716   2.861723    32.0937    25.6312 0.0000e+00
       1355     52.765     2.1753   2.862063    32.0941    25.6313 0.0000e+00
       1356     52.787     2.1697   2.861547    32.0934    25.6312 0.0000e+00
       1357     52.806     2.1610   2.860806    32.0930    25.6315 0.0000e+00
       1358     52.811     2.1584   2.860566    32.0927    25.6314 0.0000e+00
       1359     52.807     2.1647   2.861160    32.0936    25.6317 0.0000e+00
       1360     52.805     2.1706   2.861715    32.0946    25.6320 0.0000e+00
       1361     52.811     2.1710   2.861626    32.0930    25.6308 0.0000e+00
       1362     52.818     2.1694   2.861637    32.0948    25.6323 0.0000e+00
       1363     52.817     2.1629   2.861130    32.0951    25.6330 0.0000e+00
       1364     52.805     2.1548   2.860374    32.0939    25.6327 0.0000e+00
       1365     52.788     2.1517   2.860323    32.0964    25.6349 0.0000e+00
       1366     52.773     2.1501   2.860159    32.0960    25.6347 0.0000e+00
       1367     52.765     2.1519   2.860243    32.0953    25.6340 0.0000e+00
       1368     52.767     2.1687   2.861530    32.0942    25.6319 0.0000e+00
       1369     52.775     2.2031   2.864143    32.0918    25.6274 0.0000e+00
       1370     52.781     2.2428   2.867013    32.0871    25.6207 0.0000e+00
       1371     52.776     2.2767   2.869154    32.0794    25.6119 0.0000e+00
       1372     52.763     2.3055   2.871278    32.0765    25.6075 0.0000e+00
       1373     52.752     2.3289   2.873198    32.0766    25.6058 0.0000e+00
       1374     52.745     2.3466   2.874392    32.0735    25.6020 0.0000e+00
       1375     52.728     2.3595   2.875136    32.0697    25.5979 0.0000e+00
       1376     52.699     2.3676   2.875604    32.0673    25.5954 0.0000e+00
       1377     52.677     2.3727   2.876013    32.0672    25.5949 0.0000e+00
       1378     52.677     2.3770   2.876494    32.0688    25.5959 0.0000e+00
       1379     52.701     2.3777   2.876763    32.0714    25.5979 0.0000e+00
       1380     52.735     2.3661   2.875897    32.0724    25.5996 0.0000e+00
       1381     52.753     2.3418   2.873827    32.0714    25.6006 0.0000e+00
       1382     52.740     2.3183   2.872150    32.0744    25.6048 0.0000e+00
       1383     52.708     2.3002   2.871171    32.0806    25.6112 0.0000e+00
       1384     52.681     2.2803   2.869701    32.0825    25.6142 0.0000e+00
       1385     52.674     2.2529   2.867650    32.0849    25.6181 0.0000e+00
       1386     52.677     2.2193   2.865294    32.0897    25.6245 0.0000e+00
       1387     52.676     2.1909   2.863193    32.0924    25.6288 0.0000e+00
       1388     52.673     2.1700   2.861760    32.0958    25.6330 0.0000e+00
       1389     52.675     2.1485   2.860321    32.0997    25.6378 0.0000e+00
       1390     52.684     2.1285   2.858795    32.1010    25.6403 0.0000e+00
       1391     52.695     2.1183   2.858030    32.1019    25.6417 0.0000e+00
       1392     52.706     2.1208   2.858359    32.1034    25.6428 0.0000e+00
       1393     52.716     2.1272   2.858971    32.1045    25.6432 0.0000e+00
       1394     52.716     2.1259   2.858804    32.1038    25.6427 0.0000e+00
       1395     52.703     2.1212   2.858302    32.1023    25.6419 0.0000e+00
       1396     52.686     2.1259   2.858622    32.1015    25.6409 0.0000e+00
       1397     52.681     2.1367   2.859537    32.1019    25.6404 0.0000e+00
       1398     52.687     2.1387   2.859740    32.1024    25.6407 0.0000e+00
       1399     52.691     2.1285   2.858823    32.1014    25.6406 0.0000e+00
       1400     52.685     2.1153   2.857832    32.1025    25.6424 0.0000e+00
       1401     52.674     2.1054   2.857194    32.1046    25.6448 0.0000e+00
       1402     52.671     2.0980   2.856630    32.1051    25.6458 0.0000e+00
       1403     52.683     2.0919   2.856164    32.1055    25.6465 0.0000e+00
       1404     52.706     2.0876   2.855842    32.1058    25.6471 0.0000e+00
       1405     52.722     2.0859   2.855760    32.1065    25.6478 0.0000e+00
       1406     52.715     2.0865   2.855855    32.1071    25.6482 0.0000e+00
       1407     52.697     2.0879   2.855911    32.1064    25.6475 0.0000e+00
       1408     52.689     2.0890   2.855908    32.1052    25.6465 0.0000e+00
       1409     52.698     2.0907   2.856010    32.1048    25.6461 0.0000e+00
       1410     52.704     2.0934   2.856194    32.1043    25.6455 0.0000e+00
       1411     52.684     2.0964   2.856433    32.1042    25.6452 0.0000e+00
       1412     52.653     2.0974   2.856528    32.1044    25.6453 0.0000e+00
       1413     52.635     2.0966   2.856415    32.1038    25.6449 0.0000e+00
       1414     52.633     2.0963   2.856432    32.1044    25.6453 0.0000e+00
       1415     52.628     2.0951   2.856370    32.1048    25.6458 0.0000e+00
       1416     52.607     2.0913   2.856049    32.1047    25.6459 0.0000e+00
       1417     52.584     2.0865   2.855657    32.1047    25.6463 0.0000e+00
       1418     52.586     2.0831   2.855389    32.1048    25.6466 0.0000e+00
       1419     52.605     2.0818   2.855322    32.1053    25.6471 0.0000e+00
       1420     52.618     2.0820   2.855359    32.1055    25.6473 0.0000e+00
       1421     52.619     2.0833   2.855443    32.1053    25.6470 0.0000e+00
       1422     52.615     2.0842   2.855497    32.1050    25.6467 0.0000e+00
       1423     52.607     2.0845   2.855501    32.1048    25.6465 0.0000e+00
       1424     52.596     2.0847   2.855509    32.1047    25.6464 0.0000e+00
       1425     52.590     2.0852   2.855530    32.1044    25.6462 0.0000e+00
       1426     52.595     2.0860   2.855575    32.1042    25.6459 0.0000e+00
       1427     52.603     2.0864   2.855617    32.1043    25.6460 0.0000e+00
       1428     52.597     2.0866   2.855600    32.1039    25.6456 0.0000e+00
       1429     52.578     2.0887   2.855729    32.1034    25.6451 0.0000e+00
       1430     52.557     2.0917   2.855998    32.1037    25.6451 0.0000e+00
       1431     52.551     2.0911   2.855926    32.1034    25.6449 0.0000e+00
       1432     52.568     2.0873   2.855584    32.1030    25.6449 0.0000e+00
       1433     52.595     2.0853   2.855474    32.1036    25.6455 0.0000e+00
       1434     52.615     2.0853   2.855531    32.1043    25.6461 0.0000e+00
       1435     52.627     2.0843   2.855455    32.1044    25.6462 0.0000e+00
