Datasets/Test_Dataset_39219_tow/originals/tel219_2021_059.cnv
* Sea-Bird SBE19plus Data File:
* Filename = C:/AQUIRE/tel219_2021_059.hex
* Software Version AquireV2 AF V2.0
* Temperature SN =  4020
* Conductivity SN =  4020
* System UpLoad Time = May 14 2021 09:50:11
** VESSEL/TRIP/SEQ STN: tel219_2021_059
** LATITUDE: 45 02.26 N
** LONGITUDE: 54 49.06 W
** DATE/TIME: 2021-05-14 08:29
** SOUNDING DEPTH (M): 0707
** PROBE TYPE: S4020
** CTD NUMBER:  59
** FORMAT: T
** COMMENTS: 
# nquan = 7                                 
# nvalues = 4913                        
# units = specified
# name 0 = scan: Scan Count
# name 1 = prdM: Pressure, Strain Gauge [db]
# name 2 = tv290C: Temperature [ITS-90, deg C]
# name 3 = c0S/m: Conductivity [S/m]
# name 4 = sal00: Salinity, Practical [PSU]
# name 5 = sigma-t00: Density [sigma-t, kg/m^3 ]
# name 6 = flag: flag
# span 0 =          1,       4913       
# span 1 =     -0.441,    701.338       
# span 2 =     0.6143,    10.1102       
# span 3 =   0.009894,   3.833464       
# span 4 =     0.0753,    35.2148       
# span 5 =     0.0350,    27.6715       
# span 6 = 0.0000e+00, 0.0000e+00       
# interval = seconds: 1
# start_time = May 14 2021 08:29:25 [Instrument's time stamp, header]
# bad_flag = -9.990e-29
*END*
[from data line 2462]
       2463    624.337     4.7427   3.345435    34.9410    27.6582 0.0000e+00
       2464    624.632     4.7424   3.345455    34.9414    27.6585 0.0000e+00
       2465    624.908     4.7420   3.345426    34.9413    27.6585 0.0000e+00
       2466    625.169     4.7416   3.345392    34.9412    27.6585 0.0000e+00
       2467    625.437     4.7416   3.345386    34.9410    27.6583 0.0000e+00
       2468    625.722     4.7416   3.345384    34.9409    27.6582 0.0000e+00
       2469    626.017     4.7418   3.345420    34.9409    27.6582 0.0000e+00
       2470    626.309     4.7424   3.345509    34.9412    27.6583 0.0000e+00
       2471    626.587     4.7430   3.345572    34.9411    27.6582 0.0000e+00
       2472    626.852     4.7431   3.345574    34.9409    27.6580 0.0000e+00
       2473    627.119     4.7431   3.345573    34.9408    27.6579 0.0000e+00
       2474    627.402     4.7435   3.345629    34.9409    27.6580 0.0000e+00
       2475    627.704     4.7442   3.345721    34.9410    27.6580 0.0000e+00
       2476    628.008     4.7445   3.345761    34.9410    27.6580 0.0000e+00
       2477    628.293     4.7442   3.345746    34.9410    27.6580 0.0000e+00
       2478    628.561     4.7435   3.345691    34.9410    27.6581 0.0000e+00
       2479    628.831     4.7429   3.345626    34.9407    27.6579 0.0000e+00
       2480    629.120     4.7430   3.345638    34.9406    27.6578 0.0000e+00
       2481    629.422     4.7436   3.345726    34.9408    27.6579 0.0000e+00
       2482    629.719     4.7443   3.345808    34.9409    27.6579 0.0000e+00
       2483    630.005     4.7447   3.345849    34.9408    27.6578 0.0000e+00
       2484    630.283     4.7449   3.345876    34.9408    27.6577 0.0000e+00
       2485    630.561     4.7453   3.345924    34.9408    27.6577 0.0000e+00
       2486    630.842     4.7458   3.345975    34.9407    27.6576 0.0000e+00
       2487    631.126     4.7465   3.346035    34.9405    27.6573 0.0000e+00
       2488    631.408     4.7474   3.346140    34.9406    27.6573 0.0000e+00
       2489    631.687     4.7478   3.346213    34.9409    27.6575 0.0000e+00
       2490    631.965     4.7477   3.346205    34.9408    27.6574 0.0000e+00
       2491    632.244     4.7477   3.346212    34.9407    27.6574 0.0000e+00
       2492    632.525     4.7478   3.346244    34.9409    27.6575 0.0000e+00
       2493    632.802     4.7477   3.346260    34.9410    27.6576 0.0000e+00
       2494    633.072     4.7477   3.346266    34.9409    27.6575 0.0000e+00
       2495    633.341     4.7476   3.346262    34.9409    27.6575 0.0000e+00
       2496    633.608     4.7472   3.346239    34.9409    27.6576 0.0000e+00
       2497    633.875     4.7468   3.346209    34.9408    27.6575 0.0000e+00
       2498    634.142     4.7464   3.346182    34.9408    27.6576 0.0000e+00
       2499    634.409     4.7462   3.346177    34.9408    27.6576 0.0000e+00
       2500    634.676     4.7461   3.346190    34.9409    27.6577 0.0000e+00
       2501    634.943     4.7461   3.346205    34.9409    27.6577 0.0000e+00
       2502    635.206     4.7465   3.346241    34.9408    27.6576 0.0000e+00
       2503    635.466     4.7474   3.346336    34.9408    27.6575 0.0000e+00
       2504    635.725     4.7483   3.346435    34.9409    27.6575 0.0000e+00
       2505    635.983     4.7488   3.346484    34.9408    27.6573 0.0000e+00
       2506    636.233     4.7484   3.346475    34.9410    27.6575 0.0000e+00
       2507    636.477     4.7464   3.346315    34.9411    27.6578 0.0000e+00
       2508    636.721     4.7432   3.346011    34.9408    27.6580 0.0000e+00
       2509    636.965     4.7405   3.345763    34.9406    27.6581 0.0000e+00
       2510    637.210     4.7401   3.345724    34.9405    27.6580 0.0000e+00
       2511    637.452     4.7429   3.345995    34.9406    27.6578 0.0000e+00
       2512    637.687     4.7471   3.346427    34.9411    27.6577 0.0000e+00
       2513    637.917     4.7504   3.346729    34.9410    27.6573 0.0000e+00
       2514    638.143     4.7522   3.346881    34.9408    27.6569 0.0000e+00
       2515    638.369     4.7524   3.346920    34.9409    27.6570 0.0000e+00
       2516    638.598     4.7515   3.346829    34.9407    27.6569 0.0000e+00
       2517    638.828     4.7505   3.346731    34.9405    27.6568 0.0000e+00
       2518    639.063     4.7497   3.346702    34.9408    27.6572 0.0000e+00
       2519    639.300     4.7479   3.346583    34.9412    27.6577 0.0000e+00
       2520    639.533     4.7447   3.346285    34.9410    27.6579 0.0000e+00
       2521    639.757     4.7413   3.345982    34.9409    27.6583 0.0000e+00
       2522    639.971     4.7387   3.345787    34.9413    27.6588 0.0000e+00
       2523    640.179     4.7363   3.345596    34.9414    27.6592 0.0000e+00
       2524    640.392     4.7329   3.345271    34.9411    27.6594 0.0000e+00
       2525    640.621     4.7288   3.344871    34.9407    27.6595 0.0000e+00
       2526    640.857     4.7258   3.344630    34.9409    27.6600 0.0000e+00
       2527    641.086     4.7246   3.344592    34.9416    27.6607 0.0000e+00
       2528    641.305     4.7242   3.344578    34.9417    27.6608 0.0000e+00
       2529    641.520     4.7239   3.344527    34.9413    27.6606 0.0000e+00
       2530    641.735     4.7234   3.344458    34.9409    27.6603 0.0000e+00
       2531    641.956     4.7233   3.344426    34.9406    27.6600 0.0000e+00
       2532    642.185     4.7235   3.344462    34.9407    27.6601 0.0000e+00
       2533    642.419     4.7238   3.344504    34.9407    27.6601 0.0000e+00
       2534    642.653     4.7240   3.344518    34.9405    27.6599 0.0000e+00
       2535    642.879     4.7243   3.344560    34.9406    27.6599 0.0000e+00
       2536    643.085     4.7250   3.344648    34.9408    27.6600 0.0000e+00
       2537    643.276     4.7257   3.344713    34.9407    27.6599 0.0000e+00
       2538    643.467     4.7258   3.344716    34.9405    27.6597 0.0000e+00
       2539    643.670     4.7256   3.344695    34.9404    27.6596 0.0000e+00
       2540    643.886     4.7253   3.344677    34.9404    27.6597 0.0000e+00
       2541    644.104     4.7246   3.344651    34.9407    27.6600 0.0000e+00
       2542    644.311     4.7238   3.344610    34.9410    27.6603 0.0000e+00
       2543    644.502     4.7234   3.344563    34.9407    27.6601 0.0000e+00
       2544    644.690     4.7233   3.344529    34.9404    27.6599 0.0000e+00
       2545    644.891     4.7232   3.344513    34.9402    27.6597 0.0000e+00
       2546    645.107     4.7232   3.344522    34.9402    27.6597 0.0000e+00
       2547    645.325     4.7237   3.344569    34.9401    27.6596 0.0000e+00
       2548    645.532     4.7248   3.344668    34.9400    27.6594 0.0000e+00
       2549    645.725     4.7264   3.344826    34.9400    27.6592 0.0000e+00
       2550    645.909     4.7280   3.344987    34.9401    27.6591 0.0000e+00
       2551    646.101     4.7291   3.345093    34.9401    27.6590 0.0000e+00
       2552    646.315     4.7296   3.345143    34.9401    27.6589 0.0000e+00
       2553    646.538     4.7297   3.345158    34.9400    27.6589 0.0000e+00
       2554    646.753     4.7294   3.345137    34.9400    27.6589 0.0000e+00
       2555    646.953     4.7291   3.345112    34.9399    27.6588 0.0000e+00
       2556    647.141     4.7291   3.345117    34.9399    27.6588 0.0000e+00
       2557    647.331     4.7291   3.345131    34.9399    27.6588 0.0000e+00
       2558    647.535     4.7297   3.345187    34.9398    27.6587 0.0000e+00
       2559    647.747     4.7308   3.345300    34.9399    27.6586 0.0000e+00
       2560    647.958     4.7315   3.345379    34.9400    27.6586 0.0000e+00
       2561    648.164     4.7316   3.345393    34.9399    27.6586 0.0000e+00
       2562    648.366     4.7315   3.345384    34.9398    27.6585 0.0000e+00
       2563    648.567     4.7310   3.345353    34.9399    27.6586 0.0000e+00
       2564    648.770     4.7305   3.345304    34.9397    27.6585 0.0000e+00
       2565    648.972     4.7301   3.345272    34.9397    27.6585 0.0000e+00
       2566    649.169     4.7297   3.345253    34.9398    27.6587 0.0000e+00
       2567    649.367     4.7294   3.345237    34.9398    27.6587 0.0000e+00
       2568    649.572     4.7289   3.345215    34.9400    27.6589 0.0000e+00
       2569    649.785     4.7286   3.345186    34.9398    27.6588 0.0000e+00
       2570    650.003     4.7284   3.345168    34.9397    27.6588 0.0000e+00
       2571    650.219     4.7281   3.345168    34.9399    27.6590 0.0000e+00
       2572    650.425     4.7279   3.345164    34.9400    27.6590 0.0000e+00
       2573    650.619     4.7274   3.345134    34.9400    27.6591 0.0000e+00
       2574    650.816     4.7269   3.345081    34.9399    27.6590 0.0000e+00
       2575    651.026     4.7262   3.345014    34.9397    27.6590 0.0000e+00
       2576    651.247     4.7250   3.344939    34.9400    27.6594 0.0000e+00
       2577    651.468     4.7229   3.344801    34.9405    27.6600 0.0000e+00
       2578    651.682     4.7191   3.344483    34.9406    27.6605 0.0000e+00
       2579    651.894     4.7145   3.344047    34.9403    27.6608 0.0000e+00
       2580    652.105     4.7105   3.343699    34.9403    27.6613 0.0000e+00
       2581    652.312     4.7072   3.343431    34.9405    27.6618 0.0000e+00
       2582    652.518     4.7040   3.343143    34.9404    27.6621 0.0000e+00
       2583    652.730     4.7011   3.342859    34.9401    27.6621 0.0000e+00
       2584    652.951     4.6984   3.342616    34.9400    27.6624 0.0000e+00
       2585    653.181     4.6956   3.342374    34.9400    27.6627 0.0000e+00
       2586    653.410     4.6923   3.342096    34.9401    27.6631 0.0000e+00
       2587    653.629     4.6894   3.341867    34.9403    27.6637 0.0000e+00
       2588    653.843     4.6875   3.341700    34.9403    27.6638 0.0000e+00
       2589    654.060     4.6860   3.341537    34.9398    27.6637 0.0000e+00
       2590    654.285     4.6849   3.341416    34.9395    27.6635 0.0000e+00
       2591    654.519     4.6843   3.341373    34.9395    27.6636 0.0000e+00
       2592    654.751     4.6841   3.341378    34.9396    27.6637 0.0000e+00
       2593    654.974     4.6841   3.341391    34.9397    27.6637 0.0000e+00
       2594    655.192     4.6841   3.341387    34.9395    27.6636 0.0000e+00
       2595    655.417     4.6841   3.341374    34.9392    27.6634 0.0000e+00
       2596    655.648     4.6841   3.341367    34.9390    27.6632 0.0000e+00
       2597    655.880     4.6841   3.341370    34.9390    27.6632 0.0000e+00
       2598    656.111     4.6842   3.341388    34.9389    27.6632 0.0000e+00
       2599    656.340     4.6844   3.341419    34.9390    27.6632 0.0000e+00
       2600    656.566     4.6846   3.341447    34.9390    27.6631 0.0000e+00
       2601    656.795     4.6847   3.341458    34.9389    27.6631 0.0000e+00
       2602    657.031     4.6846   3.341441    34.9387    27.6629 0.0000e+00
       2603    657.271     4.6845   3.341417    34.9384    27.6627 0.0000e+00
       2604    657.508     4.6845   3.341431    34.9384    27.6627 0.0000e+00
       2605    657.738     4.6847   3.341474    34.9386    27.6628 0.0000e+00
       2606    657.964     4.6847   3.341487    34.9386    27.6628 0.0000e+00
       2607    658.197     4.6845   3.341465    34.9385    27.6627 0.0000e+00
       2608    658.441     4.6843   3.341453    34.9384    27.6627 0.0000e+00
       2609    658.688     4.6841   3.341454    34.9385    27.6628 0.0000e+00
       2610    658.931     4.6841   3.341464    34.9385    27.6628 0.0000e+00
       2611    659.166     4.6841   3.341476    34.9385    27.6628 0.0000e+00
       2612    659.396     4.6841   3.341482    34.9385    27.6628 0.0000e+00
       2613    659.628     4.6841   3.341478    34.9383    27.6626 0.0000e+00
       2614    659.866     4.6840   3.341469    34.9382    27.6626 0.0000e+00
       2615    660.114     4.6839   3.341460    34.9380    27.6625 0.0000e+00
       2616    660.369     4.6837   3.341456    34.9381    27.6625 0.0000e+00
       2617    660.615     4.6837   3.341459    34.9380    27.6624 0.0000e+00
       2618    660.843     4.6837   3.341467    34.9380    27.6624 0.0000e+00
       2619    661.065     4.6836   3.341472    34.9380    27.6625 0.0000e+00
       2620    661.298     4.6837   3.341485    34.9379    27.6624 0.0000e+00
       2621    661.547     4.6839   3.341512    34.9379    27.6624 0.0000e+00
       2622    661.799     4.6841   3.341540    34.9379    27.6623 0.0000e+00
       2623    662.041     4.6841   3.341563    34.9380    27.6625 0.0000e+00
       2624    662.270     4.6841   3.341577    34.9381    27.6625 0.0000e+00
       2625    662.495     4.6843   3.341584    34.9378    27.6623 0.0000e+00
       2626    662.729     4.6845   3.341603    34.9377    27.6622 0.0000e+00
       2627    662.977     4.6847   3.341640    34.9378    27.6622 0.0000e+00
       2628    663.226     4.6849   3.341675    34.9379    27.6622 0.0000e+00
       2629    663.461     4.6849   3.341686    34.9379    27.6623 0.0000e+00
       2630    663.681     4.6848   3.341678    34.9378    27.6622 0.0000e+00
       2631    663.898     4.6846   3.341663    34.9377    27.6621 0.0000e+00
       2632    664.123     4.6845   3.341656    34.9376    27.6621 0.0000e+00
       2633    664.358     4.6845   3.341666    34.9376    27.6621 0.0000e+00
       2634    664.597     4.6845   3.341686    34.9377    27.6622 0.0000e+00
       2635    664.826     4.6847   3.341717    34.9378    27.6622 0.0000e+00
       2636    665.042     4.6848   3.341735    34.9378    27.6622 0.0000e+00
       2637    665.254     4.6846   3.341726    34.9378    27.6622 0.0000e+00
       2638    665.469     4.6845   3.341720    34.9377    27.6621 0.0000e+00
       2639    665.691     4.6845   3.341720    34.9376    27.6620 0.0000e+00
       2640    665.922     4.6844   3.341716    34.9375    27.6620 0.0000e+00
       2641    666.152     4.6843   3.341715    34.9375    27.6620 0.0000e+00
       2642    666.367     4.6840   3.341705    34.9376    27.6621 0.0000e+00
       2643    666.570     4.6836   3.341685    34.9377    27.6622 0.0000e+00
       2644    666.774     4.6832   3.341664    34.9377    27.6623 0.0000e+00
       2645    666.989     4.6829   3.341653    34.9378    27.6624 0.0000e+00
       2646    667.217     4.6829   3.341662    34.9378    27.6624 0.0000e+00
       2647    667.447     4.6828   3.341674    34.9379    27.6625 0.0000e+00
       2648    667.668     4.6822   3.341644    34.9381    27.6627 0.0000e+00
       2649    667.876     4.6810   3.341547    34.9381    27.6629 0.0000e+00
       2650    668.075     4.6792   3.341390    34.9381    27.6630 0.0000e+00
       2651    668.272     4.6772   3.341195    34.9378    27.6630 0.0000e+00
       2652    668.480     4.6750   3.340995    34.9377    27.6632 0.0000e+00
       2653    668.704     4.6729   3.340811    34.9376    27.6634 0.0000e+00
       2654    668.931     4.6710   3.340656    34.9377    27.6636 0.0000e+00
       2655    669.143     4.6698   3.340571    34.9378    27.6639 0.0000e+00
       2656    669.336     4.6690   3.340540    34.9382    27.6643 0.0000e+00
       2657    669.524     4.6682   3.340480    34.9383    27.6644 0.0000e+00
       2658    669.725     4.6664   3.340316    34.9381    27.6645 0.0000e+00
       2659    669.940     4.6633   3.340003    34.9376    27.6645 0.0000e+00
       2660    670.154     4.6601   3.339690    34.9372    27.6645 0.0000e+00
       2661    670.360     4.6578   3.339550    34.9379    27.6653 0.0000e+00
       2662    670.555     4.6567   3.339479    34.9381    27.6656 0.0000e+00
       2663    670.742     4.6559   3.339400    34.9380    27.6656 0.0000e+00
       2664    670.932     4.6546   3.339264    34.9377    27.6655 0.0000e+00
       2665    671.136     4.6531   3.339106    34.9373    27.6653 0.0000e+00
       2666    671.350     4.6520   3.339038    34.9375    27.6657 0.0000e+00
