Datasets/Test_Dataset_39219_tow/originals/tel219_2021_063.cnv
* Sea-Bird SBE19plus Data File:
* Filename = C:/AQUIRE/tel219_2021_063.hex
* Software Version AquireV2 AF V2.0
* Temperature SN =  4020
* Conductivity SN =  4020
* System UpLoad Time = May 14 2021 19:51:24
** VESSEL/TRIP/SEQ STN: tel219_2021_063
** LATITUDE: 45 34.73 N
** LONGITUDE: 54 33.72 W
** DATE/TIME: 2021-05-14 19:11
** SOUNDING DEPTH (M): 0081
** PROBE TYPE: S4020
** CTD NUMBER: 063
** FORMAT: T
** COMMENTS: 
# nquan = 7                                 
# nvalues = 2217                        
# units = specified
# name 0 = scan: Scan Count
# name 1 = prdM: Pressure, Strain Gauge [db]
# name 2 = tv290C: Temperature [ITS-90, deg C]
# name 3 = c0S/m: Conductivity [S/m]
# name 4 = sal00: Salinity, Practical [PSU]
# name 5 = sigma-t00: Density [sigma-t, kg/m^3 ]
# name 6 = flag: flag
# span 0 =          1,       2217       
# span 1 =     -0.131,     75.594       
# span 2 =     0.6525,     5.5427       
# span 3 =   0.007622,   3.029889       
# span 4 =     0.0561,    32.7032       
# span 5 =     0.0010,    26.2142       
# span 6 = 0.0000e+00, 0.0000e+00       
# interval = seconds: 1
# start_time = May 14 2021 19:11:08 [Instrument's time stamp, header]
# bad_flag = -9.990e-29
*END*
[from data line 616]
        617     74.794     0.7576   2.794824    32.6965    26.2076 0.0000e+00
        618     74.807     0.7554   2.794810    32.6986    26.2094 0.0000e+00
        619     74.822     0.7550   2.794796    32.6989    26.2096 0.0000e+00
        620     74.840     0.7558   2.794754    32.6975    26.2084 0.0000e+00
        621     74.860     0.7562   2.794700    32.6963    26.2075 0.0000e+00
        622     74.871     0.7547   2.794703    32.6980    26.2089 0.0000e+00
        623     74.870     0.7531   2.794750    32.7003    26.2108 0.0000e+00
        624     74.868     0.7539   2.794754    32.6995    26.2101 0.0000e+00
        625     74.872     0.7556   2.794713    32.6971    26.2082 0.0000e+00
        626     74.881     0.7556   2.794648    32.6963    26.2075 0.0000e+00
        627     74.890     0.7538   2.794593    32.6975    26.2086 0.0000e+00
        628     74.898     0.7523   2.794560    32.6986    26.2096 0.0000e+00
        629     74.903     0.7518   2.794534    32.6988    26.2097 0.0000e+00
        630     74.904     0.7520   2.794534    32.6986    26.2096 0.0000e+00
        631     74.903     0.7527   2.794540    32.6980    26.2090 0.0000e+00
        632     74.902     0.7533   2.794521    32.6971    26.2083 0.0000e+00
        633     74.900     0.7528   2.794515    32.6975    26.2086 0.0000e+00
        634     74.899     0.7513   2.794536    32.6994    26.2102 0.0000e+00
        635     74.901     0.7509   2.794529    32.6997    26.2105 0.0000e+00
        636     74.903     0.7513   2.794487    32.6987    26.2097 0.0000e+00
        637     74.897     0.7508   2.794436    32.6986    26.2096 0.0000e+00
        638     74.882     0.7490   2.794391    32.6999    26.2108 0.0000e+00
        639     74.870     0.7475   2.794384    32.7014    26.2121 0.0000e+00
        640     74.871     0.7473   2.794397    32.7018    26.2124 0.0000e+00
        641     74.888     0.7480   2.794359    32.7006    26.2114 0.0000e+00
        642     74.911     0.7475   2.794274    32.7000    26.2109 0.0000e+00
        643     74.928     0.7457   2.794212    32.7011    26.2119 0.0000e+00
        644     74.933     0.7447   2.794195    32.7019    26.2126 0.0000e+00
        645     74.931     0.7449   2.794189    32.7016    26.2124 0.0000e+00
        646     74.934     0.7453   2.794179    32.7011    26.2119 0.0000e+00
        647     74.943     0.7451   2.794170    32.7012    26.2120 0.0000e+00
        648     74.948     0.7444   2.794159    32.7018    26.2125 0.0000e+00
        649     74.944     0.7431   2.794125    32.7027    26.2134 0.0000e+00
        650     74.932     0.7422   2.794088    32.7032    26.2138 0.0000e+00
        651     74.917     0.7421   2.794084    32.7032    26.2139 0.0000e+00
        652     74.910     0.7426   2.794092    32.7028    26.2135 0.0000e+00
        653     74.915     0.7429   2.794078    32.7023    26.2131 0.0000e+00
        654     74.931     0.7424   2.794054    32.7025    26.2133 0.0000e+00
        655     74.944     0.7418   2.794035    32.7029    26.2136 0.0000e+00
        656     74.945     0.7417   2.794006    32.7026    26.2134 0.0000e+00
        657     74.943     0.7420   2.793973    32.7019    26.2128 0.0000e+00
        658     74.950     0.7421   2.793952    32.7015    26.2125 0.0000e+00
        659     74.961     0.7417   2.793933    32.7017    26.2126 0.0000e+00
        660     74.964     0.7409   2.793921    32.7024    26.2132 0.0000e+00
        661     74.952     0.7402   2.793927    32.7032    26.2139 0.0000e+00
        662     74.935     0.7404   2.793942    32.7032    26.2139 0.0000e+00
        663     74.930     0.7409   2.793943    32.7027    26.2135 0.0000e+00
        664     74.941     0.7414   2.793936    32.7021    26.2129 0.0000e+00
        665     74.962     0.7414   2.793924    32.7019    26.2128 0.0000e+00
        666     74.982     0.7407   2.793904    32.7024    26.2132 0.0000e+00
        667     74.989     0.7401   2.793887    32.7028    26.2136 0.0000e+00
        668     74.979     0.7401   2.793870    32.7026    26.2134 0.0000e+00
        669     74.961     0.7402   2.793852    32.7022    26.2132 0.0000e+00
        670     74.950     0.7405   2.793836    32.7017    26.2127 0.0000e+00
        671     74.951     0.7405   2.793812    32.7014    26.2125 0.0000e+00
        672     74.953     0.7399   2.793794    32.7018    26.2128 0.0000e+00
        673     74.949     0.7390   2.793791    32.7027    26.2136 0.0000e+00
        674     74.939     0.7386   2.793791    32.7031    26.2140 0.0000e+00
        675     74.931     0.7387   2.793783    32.7029    26.2138 0.0000e+00
        676     74.932     0.7390   2.793769    32.7024    26.2134 0.0000e+00
        677     74.941     0.7390   2.793745    32.7021    26.2131 0.0000e+00
        678     74.954     0.7385   2.793727    32.7024    26.2134 0.0000e+00
        679     74.964     0.7380   2.793722    32.7029    26.2138 0.0000e+00
        680     74.967     0.7379   2.793712    32.7028    26.2138 0.0000e+00
        681     74.962     0.7375   2.793693    32.7030    26.2139 0.0000e+00
        682     74.951     0.7373   2.793679    32.7031    26.2140 0.0000e+00
        683     74.941     0.7376   2.793668    32.7026    26.2136 0.0000e+00
        684     74.939     0.7378   2.793657    32.7023    26.2133 0.0000e+00
        685     74.938     0.7378   2.793653    32.7022    26.2133 0.0000e+00
        686     74.935     0.7377   2.793659    32.7024    26.2134 0.0000e+00
        687     74.939     0.7377   2.793664    32.7025    26.2135 0.0000e+00
        688     74.954     0.7377   2.793665    32.7025    26.2135 0.0000e+00
        689     74.971     0.7374   2.793665    32.7028    26.2137 0.0000e+00
        690     74.978     0.7371   2.793661    32.7030    26.2140 0.0000e+00
        691     74.975     0.7370   2.793655    32.7031    26.2140 0.0000e+00
        692     74.971     0.7372   2.793653    32.7028    26.2138 0.0000e+00
        693     74.971     0.7377   2.793653    32.7023    26.2133 0.0000e+00
        694     74.969     0.7380   2.793653    32.7020    26.2131 0.0000e+00
        695     74.962     0.7378   2.793645    32.7021    26.2132 0.0000e+00
        696     74.955     0.7373   2.793634    32.7025    26.2135 0.0000e+00
        697     74.950     0.7370   2.793633    32.7028    26.2138 0.0000e+00
        698     74.950     0.7369   2.793631    32.7029    26.2139 0.0000e+00
        699     74.955     0.7370   2.793620    32.7026    26.2136 0.0000e+00
        700     74.962     0.7371   2.793610    32.7024    26.2134 0.0000e+00
        701     74.972     0.7370   2.793605    32.7024    26.2135 0.0000e+00
        702     74.981     0.7368   2.793602    32.7026    26.2136 0.0000e+00
        703     74.983     0.7366   2.793601    32.7028    26.2138 0.0000e+00
        704     74.982     0.7365   2.793599    32.7029    26.2139 0.0000e+00
        705     74.986     0.7364   2.793592    32.7029    26.2139 0.0000e+00
        706     74.999     0.7363   2.793575    32.7028    26.2138 0.0000e+00
        707     75.014     0.7360   2.793553    32.7028    26.2138 0.0000e+00
        708     75.022     0.7359   2.793540    32.7027    26.2138 0.0000e+00
        709     75.023     0.7359   2.793526    32.7025    26.2136 0.0000e+00
        710     75.024     0.7356   2.793493    32.7024    26.2136 0.0000e+00
        711     75.028     0.7352   2.793450    32.7023    26.2135 0.0000e+00
        712     75.033     0.7350   2.793419    32.7021    26.2133 0.0000e+00
        713     75.036     0.7348   2.793409    32.7022    26.2134 0.0000e+00
        714     75.038     0.7347   2.793412    32.7023    26.2135 0.0000e+00
        715     75.041     0.7348   2.793420    32.7023    26.2135 0.0000e+00
        716     75.044     0.7348   2.793436    32.7025    26.2137 0.0000e+00
        717     75.048     0.7348   2.793441    32.7026    26.2137 0.0000e+00
        718     75.052     0.7345   2.793417    32.7026    26.2138 0.0000e+00
        719     75.046     0.7340   2.793386    32.7027    26.2139 0.0000e+00
        720     75.031     0.7338   2.793372    32.7028    26.2139 0.0000e+00
        721     75.018     0.7339   2.793371    32.7026    26.2138 0.0000e+00
        722     75.013     0.7339   2.793371    32.7026    26.2138 0.0000e+00
        723     75.017     0.7339   2.793370    32.7026    26.2138 0.0000e+00
        724     75.022     0.7338   2.793374    32.7028    26.2140 0.0000e+00
        725     75.021     0.7337   2.793381    32.7030    26.2141 0.0000e+00
        726     75.014     0.7338   2.793385    32.7029    26.2141 0.0000e+00
        727     75.009     0.7340   2.793386    32.7027    26.2139 0.0000e+00
        728     75.013     0.7343   2.793392    32.7025    26.2137 0.0000e+00
        729     75.021     0.7343   2.793405    32.7027    26.2138 0.0000e+00
        730     75.025     0.7340   2.793412    32.7031    26.2142 0.0000e+00
        731     75.024     0.7339   2.793406    32.7031    26.2142 0.0000e+00
        732     75.017     0.7339   2.793390    32.7029    26.2140 0.0000e+00
        733     75.007     0.7338   2.793371    32.7028    26.2139 0.0000e+00
        734     74.996     0.7337   2.793358    32.7027    26.2139 0.0000e+00
        735     74.992     0.7337   2.793354    32.7026    26.2139 0.0000e+00
        736     75.003     0.7338   2.793348    32.7025    26.2137 0.0000e+00
        737     75.022     0.7337   2.793344    32.7025    26.2137 0.0000e+00
        738     75.039     0.7333   2.793336    32.7028    26.2140 0.0000e+00
        739     75.052     0.7330   2.793307    32.7027    26.2140 0.0000e+00
        740     75.061     0.7328   2.793267    32.7024    26.2137 0.0000e+00
        741     75.062     0.7326   2.793234    32.7022    26.2136 0.0000e+00
        742     75.059     0.7325   2.793214    32.7021    26.2135 0.0000e+00
        743     75.059     0.7325   2.793203    32.7019    26.2133 0.0000e+00
        744     75.063     0.7323   2.793192    32.7020    26.2134 0.0000e+00
        745     75.065     0.7320   2.793174    32.7021    26.2135 0.0000e+00
        746     75.058     0.7319   2.793160    32.7020    26.2134 0.0000e+00
        747     75.050     0.7317   2.793154    32.7021    26.2136 0.0000e+00
        748     75.050     0.7316   2.793154    32.7023    26.2137 0.0000e+00
        749     75.061     0.7316   2.793160    32.7023    26.2137 0.0000e+00
        750     75.080     0.7316   2.793164    32.7024    26.2137 0.0000e+00
        751     75.099     0.7316   2.793166    32.7024    26.2138 0.0000e+00
        752     75.109     0.7316   2.793173    32.7025    26.2138 0.0000e+00
        753     75.111     0.7317   2.793178    32.7024    26.2138 0.0000e+00
        754     75.113     0.7319   2.793187    32.7023    26.2137 0.0000e+00
        755     75.118     0.7319   2.793196    32.7024    26.2138 0.0000e+00
        756     75.118     0.7318   2.793196    32.7025    26.2139 0.0000e+00
        757     75.104     0.7317   2.793184    32.7025    26.2139 0.0000e+00
        758     75.086     0.7316   2.793174    32.7025    26.2138 0.0000e+00
        759     75.083     0.7317   2.793165    32.7023    26.2137 0.0000e+00
        760     75.098     0.7317   2.793147    32.7020    26.2135 0.0000e+00
        761     75.116     0.7313   2.793123    32.7021    26.2136 0.0000e+00
        762     75.122     0.7309   2.793097    32.7022    26.2137 0.0000e+00
        763     75.121     0.7308   2.793079    32.7021    26.2136 0.0000e+00
        764     75.124     0.7307   2.793065    32.7020    26.2135 0.0000e+00
        765     75.127     0.7306   2.793048    32.7019    26.2134 0.0000e+00
        766     75.118     0.7302   2.793037    32.7022    26.2137 0.0000e+00
        767     75.094     0.7300   2.793032    32.7023    26.2138 0.0000e+00
        768     75.064     0.7300   2.793025    32.7023    26.2138 0.0000e+00
        769     75.038     0.7300   2.793026    32.7023    26.2138 0.0000e+00
        770     75.030     0.7300   2.793032    32.7024    26.2138 0.0000e+00
        771     75.043     0.7300   2.793021    32.7022    26.2137 0.0000e+00
        772     75.058     0.7299   2.792993    32.7020    26.2135 0.0000e+00
        773     75.057     0.7297   2.792974    32.7019    26.2135 0.0000e+00
        774     75.039     0.7295   2.792972    32.7021    26.2137 0.0000e+00
        775     75.019     0.7296   2.792976    32.7021    26.2136 0.0000e+00
        776     75.019     0.7298   2.792979    32.7019    26.2135 0.0000e+00
        777     75.039     0.7299   2.792978    32.7018    26.2134 0.0000e+00
        778     75.062     0.7298   2.792975    32.7018    26.2134 0.0000e+00
        779     75.070     0.7294   2.792973    32.7022    26.2138 0.0000e+00
        780     75.056     0.7293   2.792970    32.7023    26.2138 0.0000e+00
        781     75.031     0.7294   2.792965    32.7021    26.2137 0.0000e+00
        782     75.010     0.7296   2.792964    32.7019    26.2135 0.0000e+00
        783     75.006     0.7297   2.792966    32.7019    26.2134 0.0000e+00
        784     75.019     0.7297   2.792966    32.7018    26.2134 0.0000e+00
        785     75.036     0.7294   2.792958    32.7021    26.2136 0.0000e+00
        786     75.038     0.7292   2.792951    32.7022    26.2137 0.0000e+00
        787     75.024     0.7291   2.792947    32.7022    26.2138 0.0000e+00
        788     75.013     0.7291   2.792944    32.7022    26.2138 0.0000e+00
        789     75.021     0.7292   2.792936    32.7020    26.2136 0.0000e+00
        790     75.042     0.7291   2.792922    32.7019    26.2135 0.0000e+00
        791     75.054     0.7291   2.792914    32.7018    26.2134 0.0000e+00
        792     75.048     0.7291   2.792915    32.7018    26.2134 0.0000e+00
        793     75.032     0.7291   2.792919    32.7019    26.2135 0.0000e+00
        794     75.021     0.7291   2.792917    32.7018    26.2135 0.0000e+00
        795     75.021     0.7291   2.792911    32.7018    26.2134 0.0000e+00
        796     75.028     0.7290   2.792904    32.7018    26.2134 0.0000e+00
        797     75.032     0.7290   2.792898    32.7017    26.2134 0.0000e+00
        798     75.034     0.7289   2.792900    32.7018    26.2135 0.0000e+00
        799     75.037     0.7289   2.792908    32.7019    26.2136 0.0000e+00
        800     75.036     0.7289   2.792907    32.7019    26.2135 0.0000e+00
        801     75.034     0.7289   2.792895    32.7018    26.2134 0.0000e+00
        802     75.035     0.7289   2.792885    32.7016    26.2133 0.0000e+00
        803     75.039     0.7289   2.792879    32.7016    26.2132 0.0000e+00
        804     75.047     0.7289   2.792867    32.7014    26.2131 0.0000e+00
        805     75.051     0.7287   2.792854    32.7014    26.2132 0.0000e+00
        806     75.043     0.7286   2.792840    32.7014    26.2131 0.0000e+00
        807     75.029     0.7285   2.792822    32.7012    26.2130 0.0000e+00
        808     75.017     0.7284   2.792806    32.7012    26.2130 0.0000e+00
        809     75.010     0.7281   2.792797    32.7014    26.2131 0.0000e+00
        810     75.010     0.7280   2.792796    32.7015    26.2132 0.0000e+00
        811     75.019     0.7280   2.792803    32.7015    26.2133 0.0000e+00
        812     75.034     0.7281   2.792807    32.7015    26.2132 0.0000e+00
        813     75.047     0.7281   2.792803    32.7014    26.2132 0.0000e+00
        814     75.049     0.7280   2.792794    32.7014    26.2132 0.0000e+00
        815     75.035     0.7279   2.792781    32.7014    26.2131 0.0000e+00
        816     75.013     0.7279   2.792764    32.7011    26.2130 0.0000e+00
        817     74.999     0.7278   2.792754    32.7011    26.2130 0.0000e+00
        818     74.997     0.7277   2.792755    32.7012    26.2131 0.0000e+00
        819     74.998     0.7277   2.792757    32.7013    26.2131 0.0000e+00
        820     74.993     0.7277   2.792763    32.7014    26.2132 0.0000e+00
