Datasets/Test_Dataset_39219_tow/originals/tel219_2021_046.cnv
* Sea-Bird SBE19plus Data File:
* Filename = C:/AQUIRE/tel219_2021_046.hex
* Software Version AquireV2 AF V2.0
* Temperature SN =  4020
* Conductivity SN =  4020
* System UpLoad Time = May 12 2021 19:03:41
** VESSEL/TRIP/SEQ STN: tel219_2021_046
** LATITUDE: 45 30.58 N
** LONGITUDE: 55 58.00 W
** DATE/TIME: 2021-05-12 18:24
** SOUNDING DEPTH (M): 0050
** PROBE TYPE: S4020
** CTD NUMBER: 046
** FORMAT: T
** COMMENTS: 
# nquan = 7                                 
# nvalues = 2424                        
# units = specified
# name 0 = scan: Scan Count
# name 1 = prdM: Pressure, Strain Gauge [db]
# name 2 = tv290C: Temperature [ITS-90, deg C]
# name 3 = c0S/m: Conductivity [S/m]
# name 4 = sal00: Salinity, Practical [PSU]
# name 5 = sigma-t00: Density [sigma-t, kg/m^3 ]
# name 6 = flag: flag
# span 0 =          1,       2424       
# span 1 =     -0.239,     46.378       
# span 2 =     3.1257,     5.1799       
# span 3 =   0.004187,   3.024404       
# span 4 =     0.0309,    32.3759       
# span 5 =    -0.0105,    25.7295       
# span 6 = 0.0000e+00, 0.0000e+00       
# interval = seconds: 1
# start_time = May 12 2021 18:24:16 [Instrument's time stamp, header]
# bad_flag = -9.990e-29
*END*
[from data line 2052]
       2053     -0.225     3.3375   0.110148     0.9473     0.7360 0.0000e+00
       2054     -0.227     3.3362   0.103753     0.8898     0.6897 0.0000e+00
       2055     -0.227     3.3350   0.098432     0.8421     0.6513 0.0000e+00
       2056     -0.230     3.3339   0.095309     0.8142     0.6288 0.0000e+00
       2057     -0.233     3.3327   0.094866     0.8102     0.6256 0.0000e+00
       2058     -0.235     3.3316   0.097026     0.8296     0.6412 0.0000e+00
       2059     -0.237     3.3306   0.099940     0.8557     0.6622 0.0000e+00
       2060     -0.239     3.3296   0.100242     0.8584     0.6644 0.0000e+00
       2061     -0.238     3.3286   0.097020     0.8296     0.6412 0.0000e+00
       2062     -0.234     3.3278   0.092816     0.7920     0.6109 0.0000e+00
       2063     -0.232     3.3270   0.090297     0.7696     0.5928 0.0000e+00
       2064     -0.230     3.3262   0.090473     0.7712     0.5941 0.0000e+00
       2065     -0.229     3.3254   0.092579     0.7900     0.6092 0.0000e+00
       2066     -0.228     3.3246   0.094438     0.8066     0.6226 0.0000e+00
       2067     -0.225     3.3238   0.094505     0.8072     0.6231 0.0000e+00
       2068     -0.222     3.3232   0.093048     0.7942     0.6126 0.0000e+00
       2069     -0.224     3.3224   0.090769     0.7739     0.5963 0.0000e+00
       2070     -0.228     3.3219   0.088289     0.7518     0.5785 0.0000e+00
       2071     -0.228     3.3213   0.086639     0.7371     0.5666 0.0000e+00
       2072     -0.226     3.3209   0.087181     0.7419     0.5705 0.0000e+00
       2073     -0.225     3.3204   0.090334     0.7701     0.5932 0.0000e+00
       2074     -0.222     3.3198   0.093090     0.7947     0.6130 0.0000e+00
       2075     -0.219     3.3194   0.091854     0.7836     0.6041 0.0000e+00
       2076     -0.220     3.3190   0.087840     0.7479     0.5753 0.0000e+00
       2077     -0.223     3.3186   0.084827     0.7211     0.5537 0.0000e+00
       2078     -0.222     3.3183   0.085449     0.7266     0.5581 0.0000e+00
       2079     -0.219     3.3180   0.089615     0.7637     0.5880 0.0000e+00
       2080     -0.218     3.3178   0.092639     0.7907     0.6097 0.0000e+00
       2081     -0.220     3.3175   0.090631     0.7728     0.5953 0.0000e+00
       2082     -0.220     3.3171   0.086113     0.7325     0.5629 0.0000e+00
       2083     -0.218     3.3169   0.083117     0.7059     0.5414 0.0000e+00
       2084     -0.218     3.3165   0.083435     0.7087     0.5437 0.0000e+00
       2085     -0.220     3.3163   0.087862     0.7481     0.5754 0.0000e+00
       2086     -0.222     3.3160   0.093060     0.7945     0.6128 0.0000e+00
       2087     -0.224     3.3158   0.094041     0.8033     0.6199 0.0000e+00
       2088     -0.224     3.3156   0.092236     0.7871     0.6069 0.0000e+00
       2089     -0.220     3.3154   0.091238     0.7782     0.5997 0.0000e+00
       2090     -0.218     3.3152   0.092278     0.7875     0.6072 0.0000e+00
       2091     -0.219     3.3150   0.100131     0.8578     0.6638 0.0000e+00
       2092     -0.220     3.3148   0.113353     0.9769     0.7596 0.0000e+00
       2093     -0.220     3.3146   0.118806     1.0263     0.7993 0.0000e+00
       2094     -0.218     3.3144   0.113639     0.9795     0.7617 0.0000e+00
       2095     -0.215     3.3142   0.105004     0.9016     0.6990 0.0000e+00
       2096     -0.215     3.3140   0.096553     0.8258     0.6380 0.0000e+00
       2097     -0.215     3.3140   0.090689     0.7734     0.5958 0.0000e+00
       2098     -0.215     3.3138   0.089110     0.7593     0.5844 0.0000e+00
       2099     -0.215     3.3137   0.092094     0.7859     0.6059 0.0000e+00
       2100     -0.216     3.3137   0.096809     0.8281     0.6398 0.0000e+00
       2101     -0.217     3.3137   0.097494     0.8342     0.6448 0.0000e+00
       2102     -0.217     3.3136   0.092884     0.7930     0.6116 0.0000e+00
       2103     -0.218     3.3135   0.087633     0.7461     0.5738 0.0000e+00
       2104     -0.220     3.3133   0.085689     0.7288     0.5599 0.0000e+00
       2105     -0.223     3.3133   0.087697     0.7467     0.5743 0.0000e+00
       2106     -0.224     3.3133   0.091113     0.7772     0.5988 0.0000e+00
       2107     -0.222     3.3133   0.091695     0.7824     0.6030 0.0000e+00
       2108     -0.221     3.3133   0.088368     0.7527     0.5791 0.0000e+00
       2109     -0.220     3.3133   0.084229     0.7159     0.5494 0.0000e+00
       2110     -0.220     3.3133   0.082352     0.6992     0.5360 0.0000e+00
       2111     -0.219     3.3133   0.083994     0.7138     0.5478 0.0000e+00
       2112     -0.216     3.3133   0.088199     0.7512     0.5779 0.0000e+00
       2113     -0.214     3.3133   0.091234     0.7783     0.5997 0.0000e+00
       2114     -0.212     3.3133   0.090347     0.7703     0.5933 0.0000e+00
       2115     -0.210     3.3133   0.087302     0.7432     0.5715 0.0000e+00
       2116     -0.211     3.3133   0.085217     0.7246     0.5565 0.0000e+00
       2117     -0.212     3.3133   0.084540     0.7186     0.5517 0.0000e+00
       2118     -0.212     3.3133   0.083716     0.7113     0.5458 0.0000e+00
       2119     -0.212     3.3133   0.082206     0.6979     0.5350 0.0000e+00
       2120     -0.212     3.3135   0.081332     0.6901     0.5287 0.0000e+00
       2121     -0.212     3.3135   0.082642     0.7018     0.5381 0.0000e+00
       2122     -0.213     3.3136   0.086280     0.7341     0.5641 0.0000e+00
       2123     -0.215     3.3136   0.089755     0.7650     0.5891 0.0000e+00
       2124     -0.216     3.3136   0.089928     0.7666     0.5903 0.0000e+00
       2125     -0.215     3.3136   0.087084     0.7412     0.5699 0.0000e+00
       2126     -0.215     3.3137   0.083907     0.7130     0.5471 0.0000e+00
       2127     -0.217     3.3137   0.082001     0.6961     0.5335 0.0000e+00
       2128     -0.218     3.3137   0.082132     0.6972     0.5344 0.0000e+00
       2129     -0.219     3.3137   0.085236     0.7248     0.5566 0.0000e+00
       2130     -0.220     3.3137   0.090627     0.7728     0.5953 0.0000e+00
       2131     -0.220     3.3139   0.094875     0.8108     0.6259 0.0000e+00
       2132     -0.218     3.3140   0.094917     0.8111     0.6262 0.0000e+00
       2133     -0.214     3.3140   0.091447     0.7801     0.6012 0.0000e+00
       2134     -0.210     3.3140   0.087919     0.7487     0.5759 0.0000e+00
       2135     -0.208     3.3140   0.086960     0.7401     0.5690 0.0000e+00
       2136     -0.211     3.3140   0.088421     0.7531     0.5795 0.0000e+00
       2137     -0.215     3.3140   0.090529     0.7719     0.5946 0.0000e+00
       2138     -0.214     3.3141   0.091959     0.7847     0.6049 0.0000e+00
       2139     -0.210     3.3141   0.092451     0.7891     0.6084 0.0000e+00
       2140     -0.209     3.3142   0.092372     0.7884     0.6079 0.0000e+00
       2141     -0.212     3.3142   0.092129     0.7862     0.6061 0.0000e+00
       2142     -0.215     3.3142   0.091574     0.7813     0.6021 0.0000e+00
       2143     -0.216     3.3144   0.090533     0.7720     0.5946 0.0000e+00
       2144     -0.215     3.3144   0.089673     0.7643     0.5885 0.0000e+00
       2145     -0.214     3.3144   0.089455     0.7624     0.5869 0.0000e+00
       2146     -0.211     3.3144   0.089309     0.7611     0.5859 0.0000e+00
       2147     -0.210     3.3144   0.089154     0.7597     0.5847 0.0000e+00
       2148     -0.214     3.3144   0.090033     0.7675     0.5911 0.0000e+00
       2149     -0.217     3.3144   0.092121     0.7861     0.6061 0.0000e+00
       2150     -0.218     3.3144   0.093753     0.8007     0.6178 0.0000e+00
       2151     -0.219     3.3144   0.093406     0.7976     0.6153 0.0000e+00
       2152     -0.220     3.3145   0.091936     0.7845     0.6047 0.0000e+00
       2153     -0.221     3.3145   0.091607     0.7816     0.6024 0.0000e+00
       2154     -0.219     3.3145   0.092679     0.7911     0.6101 0.0000e+00
       2155     -0.216     3.3146   0.092760     0.7918     0.6107 0.0000e+00
       2156     -0.213     3.3147   0.090449     0.7712     0.5940 0.0000e+00
       2157     -0.212     3.3147   0.088223     0.7514     0.5781 0.0000e+00
       2158     -0.212     3.3147   0.090448     0.7712     0.5940 0.0000e+00
       2159     -0.214     3.3147   0.098152     0.8401     0.6495 0.0000e+00
       2160     -0.216     3.3147   0.105965     0.9103     0.7060 0.0000e+00
       2161     -0.215     3.3148   0.106584     0.9158     0.7105 0.0000e+00
       2162     -0.213     3.3148   0.099914     0.8559     0.6622 0.0000e+00
       2163     -0.211     3.3148   0.094046     0.8033     0.6199 0.0000e+00
       2164     -0.211     3.3148   0.096352     0.8240     0.6365 0.0000e+00
       2165     -0.214     3.3148   0.105739     0.9082     0.7044 0.0000e+00
       2166     -0.215     3.3148   0.114691     0.9890     0.7694 0.0000e+00
       2167     -0.212     3.3148   0.115551     0.9968     0.7756 0.0000e+00
       2168     -0.209     3.3148   0.106464     0.9148     0.7096 0.0000e+00
       2169     -0.211     3.3148   0.095610     0.8173     0.6312 0.0000e+00
       2170     -0.214     3.3148   0.092632     0.7907     0.6097 0.0000e+00
       2171     -0.214     3.3148   0.098242     0.8409     0.6502 0.0000e+00
       2172     -0.215     3.3148   0.105497     0.9061     0.7026 0.0000e+00
       2173     -0.217     3.3149   0.107258     0.9219     0.7154 0.0000e+00
       2174     -0.216     3.3150   0.101665     0.8716     0.6749 0.0000e+00
       2175     -0.213     3.3150   0.092868     0.7928     0.6114 0.0000e+00
       2176     -0.211     3.3150   0.087789     0.7475     0.5749 0.0000e+00
       2177     -0.211     3.3150   0.089819     0.7656     0.5895 0.0000e+00
       2178     -0.211     3.3150   0.095208     0.8137     0.6283 0.0000e+00
       2179     -0.211     3.3150   0.097766     0.8366     0.6467 0.0000e+00
       2180     -0.208     3.3150   0.096544     0.8257     0.6379 0.0000e+00
       2181     -0.205     3.3150   0.094743     0.8096     0.6249 0.0000e+00
       2182     -0.204     3.3151   0.094411     0.8066     0.6225 0.0000e+00
       2183     -0.204     3.3151   0.094687     0.8091     0.6245 0.0000e+00
       2184     -0.206     3.3151   0.093080     0.7947     0.6130 0.0000e+00
       2185     -0.210     3.3151   0.089277     0.7608     0.5856 0.0000e+00
       2186     -0.212     3.3150   0.087018     0.7406     0.5694 0.0000e+00
       2187     -0.212     3.3149   0.090344     0.7703     0.5933 0.0000e+00
       2188     -0.213     3.3150   0.097010     0.8299     0.6413 0.0000e+00
       2189     -0.215     3.3151   0.101099     0.8665     0.6708 0.0000e+00
       2190     -0.217     3.3151   0.101468     0.8698     0.6735 0.0000e+00
       2191     -0.216     3.3151   0.099340     0.8507     0.6581 0.0000e+00
       2192     -0.216     3.3151   0.094599     0.8083     0.6239 0.0000e+00
       2193     -0.214     3.3151   0.089042     0.7587     0.5839 0.0000e+00
       2194     -0.209     3.3151   0.087598     0.7458     0.5736 0.0000e+00
       2195     -0.206     3.3150   0.093328     0.7969     0.6147 0.0000e+00
       2196     -0.209     3.3150   0.100963     0.8653     0.6698 0.0000e+00
       2197     -0.212     3.3151   0.103987     0.8925     0.6917 0.0000e+00
       2198     -0.212     3.3152   0.103087     0.8844     0.6852 0.0000e+00
       2199     -0.211     3.3152   0.099422     0.8515     0.6587 0.0000e+00
       2200     -0.211     3.3152   0.093767     0.8008     0.6179 0.0000e+00
       2201     -0.211     3.3152   0.091270     0.7785     0.5999 0.0000e+00
       2202     -0.212     3.3152   0.095774     0.8188     0.6324 0.0000e+00
       2203     -0.214     3.3152   0.101988     0.8745     0.6772 0.0000e+00
       2204     -0.216     3.3151   0.102858     0.8823     0.6835 0.0000e+00
       2205     -0.215     3.3151   0.099894     0.8557     0.6621 0.0000e+00
       2206     -0.212     3.3151   0.097489     0.8341     0.6447 0.0000e+00
       2207     -0.212     3.3152   0.097651     0.8356     0.6459 0.0000e+00
       2208     -0.213     3.3152   0.099750     0.8544     0.6610 0.0000e+00
       2209     -0.213     3.3152   0.100350     0.8598     0.6654 0.0000e+00
       2210     -0.212     3.3152   0.096899     0.8289     0.6405 0.0000e+00
       2211     -0.212     3.3152   0.093203     0.7958     0.6138 0.0000e+00
       2212     -0.213     3.3152   0.097629     0.8354     0.6457 0.0000e+00
       2213     -0.218     3.3152   0.107238     0.9217     0.7152 0.0000e+00
       2214     -0.222     3.3152   0.111318     0.9585     0.7448 0.0000e+00
       2215     -0.222     3.3153   0.110860     0.9544     0.7415 0.0000e+00
       2216     -0.219     3.3155   0.108113     0.9296     0.7216 0.0000e+00
       2217     -0.217     3.3156   0.100814     0.8639     0.6687 0.0000e+00
       2218     -0.217     3.3156   0.094855     0.8106     0.6257 0.0000e+00
       2219     -0.218     3.3156   0.097824     0.8371     0.6471 0.0000e+00
       2220     -0.221     3.3156   0.105020     0.9017     0.6991 0.0000e+00
       2221     -0.220     3.3156   0.107353     0.9227     0.7160 0.0000e+00
       2222     -0.215     3.3155   0.105658     0.9075     0.7038 0.0000e+00
       2223     -0.212     3.3156   0.102903     0.8827     0.6838 0.0000e+00
       2224     -0.213     3.3156   0.098323     0.8416     0.6507 0.0000e+00
       2225     -0.213     3.3158   0.094462     0.8070     0.6229 0.0000e+00
       2226     -0.210     3.3158   0.095916     0.8200     0.6334 0.0000e+00
       2227     -0.207     3.3157   0.100422     0.8604     0.6659 0.0000e+00
       2228     -0.205     3.3157   0.101633     0.8713     0.6746 0.0000e+00
       2229     -0.206     3.3156   0.099562     0.8527     0.6597 0.0000e+00
       2230     -0.209     3.3156   0.098349     0.8418     0.6509 0.0000e+00
       2231     -0.210     3.3156   0.099665     0.8536     0.6604 0.0000e+00
       2232     -0.205     3.3156   0.101374     0.8690     0.6728 0.0000e+00
       2233     -0.201     3.3157   0.101085     0.8664     0.6707 0.0000e+00
       2234     -0.203     3.3158   0.099274     0.8501     0.6576 0.0000e+00
       2235     -0.205     3.3158   0.098302     0.8414     0.6506 0.0000e+00
       2236     -0.204     3.3158   0.100264     0.8590     0.6647 0.0000e+00
       2237     -0.205     3.3158   0.103603     0.8890     0.6889 0.0000e+00
       2238     -0.211     3.3158   0.104975     0.9013     0.6988 0.0000e+00
       2239     -0.215     3.3158   0.104013     0.8927     0.6918 0.0000e+00
       2240     -0.214     3.3158   0.102214     0.8765     0.6788 0.0000e+00
       2241     -0.213     3.3159   0.100499     0.8611     0.6664 0.0000e+00
       2242     -0.214     3.3160   0.099177     0.8493     0.6569 0.0000e+00
       2243     -0.215     3.3160   0.098473     0.8429     0.6518 0.0000e+00
       2244     -0.215     3.3160   0.098880     0.8466     0.6547 0.0000e+00
       2245     -0.215     3.3160   0.100765     0.8635     0.6684 0.0000e+00
       2246     -0.218     3.3160   0.103530     0.8883     0.6884 0.0000e+00
       2247     -0.220     3.3160   0.105574     0.9067     0.7032 0.0000e+00
       2248     -0.218     3.3160   0.105480     0.9059     0.7025 0.0000e+00
       2249     -0.217     3.3161   0.103364     0.8868     0.6871 0.0000e+00
       2250     -0.217     3.3163   0.100862     0.8644     0.6691 0.0000e+00
       2251     -0.218     3.3163   0.099259     0.8500     0.6575 0.0000e+00
       2252     -0.219     3.3164   0.098940     0.8471     0.6552 0.0000e+00
       2253     -0.218     3.3164   0.100718     0.8631     0.6680 0.0000e+00
       2254     -0.217     3.3164   0.104198     0.8943     0.6932 0.0000e+00
       2255     -0.215     3.3164   0.106977     0.9193     0.7133 0.0000e+00
       2256     -0.213     3.3165   0.107749     0.9263     0.7189 0.0000e+00
