Datasets/Test_Dataset_39219_tow/originals/tel219_2021_016.cnv
* Sea-Bird SBE19plus Data File:
* Filename = C:/AQUIRE/tel219_2021_016.hex
* Software Version AquireV2 AF V2.0
* Temperature SN =  4020
* Conductivity SN =  4020
* System UpLoad Time = May 07 2021 14:23:44
** VESSEL/TRIP/SEQ STN: tel219_2021_016
** LATITUDE: 46 34.76 N
** LONGITUDE: 56 25.34 W
** DATE/TIME: 2021-05-07 13:06
** SOUNDING DEPTH (M): 0103
** PROBE TYPE: S4020
** CTD NUMBER:  16
** FORMAT: t
** COMMENTS: 
# nquan = 7                                 
# nvalues = 4376                        
# units = specified
# name 0 = scan: Scan Count
# name 1 = prdM: Pressure, Strain Gauge [db]
# name 2 = tv290C: Temperature [ITS-90, deg C]
# name 3 = c0S/m: Conductivity [S/m]
# name 4 = sal00: Salinity, Practical [PSU]
# name 5 = sigma-t00: Density [sigma-t, kg/m^3 ]
# name 6 = flag: flag
# span 0 =          1,       4376       
# span 1 =     -0.210,    103.042       
# span 2 =     1.0611,     4.8046       
# span 3 =   0.006184,   2.964525       
# span 4 =     0.0460,    32.3297       
# span 5 =     0.0069,    25.8883       
# span 6 = 0.0000e+00, 0.0000e+00       
# interval = seconds: 1
# start_time = May 07 2021 13:06:42 [Instrument's time stamp, header]
# bad_flag = -9.990e-29
*END*
[from data line 3693]
       3694     47.055     2.9619   2.914935    31.9562    25.4591 0.0000e+00
       3695     46.173     2.9607   2.913890    31.9452    25.4504 0.0000e+00
       3696     45.375     2.9593   2.913682    31.9445    25.4500 0.0000e+00
       3697     44.642     2.9620   2.914907    31.9570    25.4597 0.0000e+00
       3698     43.972     2.9671   2.915962    31.9650    25.4657 0.0000e+00
       3699     43.361     2.9726   2.916464    31.9660    25.4660 0.0000e+00
       3700     42.799     2.9777   2.916841    31.9658    25.4654 0.0000e+00
       3701     42.275     2.9821   2.917095    31.9647    25.4643 0.0000e+00
       3702     41.767     2.9863   2.917484    31.9655    25.4645 0.0000e+00
       3703     41.258     2.9909   2.918017    31.9677    25.4659 0.0000e+00
       3704     40.740     2.9952   2.918350    31.9677    25.4655 0.0000e+00
       3705     40.217     2.9972   2.917928    31.9609    25.4599 0.0000e+00
       3706     39.709     2.9945   2.916494    31.9465    25.4487 0.0000e+00
       3707     39.224     2.9901   2.915259    31.9362    25.4408 0.0000e+00
       3708     38.755     2.9971   2.916206    31.9410    25.4440 0.0000e+00
       3709     38.297     3.0211   2.919379    31.9557    25.4538 0.0000e+00
       3710     37.836     3.0499   2.922662    31.9671    25.4604 0.0000e+00
       3711     37.349     3.0719   2.924698    31.9701    25.4609 0.0000e+00
       3712     36.807     3.0876   2.925847    31.9687    25.4585 0.0000e+00
       3713     36.211     3.0961   2.925929    31.9616    25.4521 0.0000e+00
       3714     35.619     3.0930   2.924963    31.9533    25.4457 0.0000e+00
       3715     35.075     3.0828   2.924337    31.9561    25.4489 0.0000e+00
       3716     34.560     3.0777   2.924186    31.9596    25.4521 0.0000e+00
       3717     34.033     3.0841   2.924342    31.9554    25.4482 0.0000e+00
       3718     33.512     3.1006   2.925575    31.9542    25.4458 0.0000e+00
       3719     33.042     3.1203   2.926839    31.9502    25.4409 0.0000e+00
       3720     32.616     3.1361   2.927221    31.9394    25.4310 0.0000e+00
       3721     32.221     3.1466   2.927656    31.9344    25.4261 0.0000e+00
       3722     31.870     3.1518   2.927588    31.9287    25.4211 0.0000e+00
       3723     31.579     3.1460   2.926064    31.9162    25.4116 0.0000e+00
       3724     31.351     3.1241   2.924525    31.9194    25.4161 0.0000e+00
       3725     31.170     3.0999   2.924640    31.9449    25.4384 0.0000e+00
       3726     31.001     3.0894   2.925282    31.9631    25.4539 0.0000e+00
       3727     30.808     3.0863   2.924819    31.9607    25.4522 0.0000e+00
       3728     30.594     3.0821   2.924121    31.9566    25.4493 0.0000e+00
       3729     30.390     3.0793   2.924431    31.9632    25.4548 0.0000e+00
       3730     30.216     3.0827   2.925749    31.9758    25.4646 0.0000e+00
       3731     30.086     3.0942   2.927491    31.9855    25.4713 0.0000e+00
       3732     30.008     3.1111   2.928871    31.9854    25.4698 0.0000e+00
       3733     29.971     3.1261   2.929226    31.9748    25.4601 0.0000e+00
       3734     29.940     3.1314   2.928358    31.9591    25.4471 0.0000e+00
       3735     29.887     3.1260   2.926872    31.9466    25.4376 0.0000e+00
       3736     29.810     3.1170   2.925838    31.9431    25.4356 0.0000e+00
       3737     29.728     3.1091   2.925773    31.9502    25.4419 0.0000e+00
       3738     29.663     3.1039   2.926695    31.9665    25.4553 0.0000e+00
       3739     29.627     3.1096   2.928437    31.9819    25.4671 0.0000e+00
       3740     29.625     3.1311   2.930459    31.9849    25.4677 0.0000e+00
       3741     29.652     3.1576   2.931797    31.9748    25.4573 0.0000e+00
       3742     29.696     3.1723   2.931774    31.9599    25.4442 0.0000e+00
       3743     29.732     3.1715   2.930494    31.9453    25.4326 0.0000e+00
       3744     29.728     3.1675   2.929259    31.9344    25.4243 0.0000e+00
       3745     29.674     3.1702   2.929268    31.9318    25.4220 0.0000e+00
       3746     29.588     3.1723   2.929609    31.9339    25.4235 0.0000e+00
       3747     29.501     3.1636   2.929717    31.9439    25.4322 0.0000e+00
       3748     29.439     3.1507   2.930320    31.9639    25.4493 0.0000e+00
       3749     29.414     3.1471   2.931283    31.9791    25.4617 0.0000e+00
       3750     29.408     3.1529   2.931708    31.9785    25.4607 0.0000e+00
       3751     29.374     3.1623   2.931485    31.9665    25.4503 0.0000e+00
       3752     29.276     3.1734   2.931738    31.9586    25.4431 0.0000e+00
       3753     29.138     3.1807   2.932560    31.9614    25.4446 0.0000e+00
       3754     29.000     3.1793   2.933470    31.9738    25.4547 0.0000e+00
       3755     28.870     3.1782   2.934714    31.9899    25.4676 0.0000e+00
       3756     28.753     3.1867   2.935739    31.9939    25.4700 0.0000e+00
       3757     28.642     3.1999   2.935686    31.9802    25.4580 0.0000e+00
       3758     28.509     3.2090   2.934990    31.9629    25.4434 0.0000e+00
       3759     28.351     3.2123   2.934655    31.9557    25.4374 0.0000e+00
       3760     28.201     3.2089   2.934671    31.9593    25.4406 0.0000e+00
       3761     28.065     3.1997   2.934800    31.9701    25.4499 0.0000e+00
       3762     27.927     3.1923   2.934970    31.9795    25.4581 0.0000e+00
       3763     27.779     3.1906   2.934691    31.9779    25.4570 0.0000e+00
       3764     27.619     3.1947   2.934115    31.9670    25.4479 0.0000e+00
       3765     27.450     3.2088   2.934201    31.9542    25.4365 0.0000e+00
       3766     27.276     3.2329   2.935603    31.9473    25.4289 0.0000e+00
       3767     27.102     3.2500   2.936724    31.9440    25.4248 0.0000e+00
       3768     26.935     3.2426   2.936175    31.9448    25.4260 0.0000e+00
       3769     26.778     3.2240   2.935676    31.9572    25.4376 0.0000e+00
       3770     26.619     3.2245   2.936440    31.9660    25.4445 0.0000e+00
       3771     26.425     3.2515   2.938863    31.9685    25.4442 0.0000e+00
       3772     26.161     3.2872   2.942375    31.9755    25.4467 0.0000e+00
       3773     25.812     3.3128   2.944757    31.9790    25.4472 0.0000e+00
       3774     25.396     3.3247   2.945547    31.9769    25.4445 0.0000e+00
       3775     24.946     3.3287   2.945558    31.9734    25.4413 0.0000e+00
       3776     24.501     3.3293   2.945173    31.9684    25.4372 0.0000e+00
       3777     24.088     3.3293   2.944859    31.9648    25.4344 0.0000e+00
       3778     23.726     3.3293   2.944553    31.9613    25.4316 0.0000e+00
       3779     23.416     3.3284   2.944115    31.9571    25.4284 0.0000e+00
       3780     23.125     3.3278   2.944268    31.9597    25.4305 0.0000e+00
       3781     22.826     3.3293   2.945057    31.9679    25.4368 0.0000e+00
       3782     22.527     3.3336   2.945750    31.9721    25.4398 0.0000e+00
       3783     22.236     3.3390   2.946189    31.9722    25.4394 0.0000e+00
       3784     21.947     3.3424   2.946438    31.9719    25.4389 0.0000e+00
       3785     21.653     3.3438   2.946542    31.9719    25.4388 0.0000e+00
       3786     21.335     3.3444   2.946570    31.9719    25.4387 0.0000e+00
       3787     20.983     3.3442   2.946318    31.9692    25.4366 0.0000e+00
       3788     20.598     3.3432   2.945877    31.9651    25.4334 0.0000e+00
       3789     20.168     3.3434   2.945769    31.9639    25.4324 0.0000e+00
       3790     19.695     3.3455   2.946072    31.9657    25.4336 0.0000e+00
       3791     19.218     3.3477   2.946474    31.9686    25.4358 0.0000e+00
       3792     18.782     3.3489   2.946658    31.9698    25.4366 0.0000e+00
       3793     18.385     3.3494   2.946467    31.9672    25.4346 0.0000e+00
       3794     17.956     3.3499   2.946456    31.9668    25.4342 0.0000e+00
       3795     17.444     3.3514   2.946940    31.9714    25.4377 0.0000e+00
       3796     16.883     3.3529   2.947303    31.9746    25.4401 0.0000e+00
       3797     16.304     3.3536   2.947356    31.9748    25.4402 0.0000e+00
       3798     15.698     3.3546   2.947408    31.9748    25.4401 0.0000e+00
       3799     15.074     3.3570   2.947545    31.9744    25.4396 0.0000e+00
       3800     14.460     3.3628   2.948024    31.9747    25.4393 0.0000e+00
       3801     13.819     3.3724   2.948946    31.9766    25.4400 0.0000e+00
       3802     13.095     3.3797   2.949498    31.9764    25.4391 0.0000e+00
       3803     12.336     3.3807   2.949286    31.9732    25.4366 0.0000e+00
       3804     11.616     3.3800   2.949013    31.9710    25.4349 0.0000e+00
       3805     10.939     3.3836   2.949280    31.9710    25.4346 0.0000e+00
       3806     10.289     3.3912   2.949981    31.9723    25.4349 0.0000e+00
       3807      9.683     3.3984   2.950436    31.9709    25.4331 0.0000e+00
       3808      9.151     3.4021   2.950271    31.9656    25.4286 0.0000e+00
       3809      8.708     3.4031   2.949830    31.9595    25.4237 0.0000e+00
       3810      8.338     3.4026   2.949802    31.9599    25.4240 0.0000e+00
       3811      8.005     3.4007   2.950239    31.9672    25.4299 0.0000e+00
       3812      7.705     3.3979   2.950464    31.9728    25.4347 0.0000e+00
       3813      7.468     3.3945   2.950235    31.9735    25.4356 0.0000e+00
       3814      7.317     3.3912   2.949793    31.9716    25.4343 0.0000e+00
       3815      7.223     3.3903   2.949544    31.9695    25.4327 0.0000e+00
       3816      7.120     3.3921   2.949637    31.9689    25.4321 0.0000e+00
       3817      6.970     3.3933   2.949723    31.9688    25.4319 0.0000e+00
       3818      6.752     3.3921   2.949638    31.9691    25.4323 0.0000e+00
       3819      6.448     3.3902   2.949628    31.9710    25.4340 0.0000e+00
       3820      6.116     3.3904   2.949828    31.9734    25.4358 0.0000e+00
       3821      5.871     3.3928   2.950112    31.9746    25.4365 0.0000e+00
       3822      5.752     3.3945   2.950216    31.9742    25.4361 0.0000e+00
       3823      5.705     3.3937   2.950114    31.9738    25.4358 0.0000e+00
       3824      5.638     3.3924   2.950014    31.9739    25.4360 0.0000e+00
       3825      5.495     3.3933   2.950080    31.9739    25.4359 0.0000e+00
       3826      5.305     3.3959   2.950316    31.9742    25.4360 0.0000e+00
       3827      5.125     3.3980   2.950445    31.9738    25.4355 0.0000e+00
       3828      4.972     3.3991   2.950439    31.9727    25.4345 0.0000e+00
       3829      4.816     3.4002   2.950526    31.9728    25.4344 0.0000e+00
       3830      4.635     3.4020   2.950725    31.9735    25.4348 0.0000e+00
       3831      4.472     3.4036   2.950857    31.9735    25.4348 0.0000e+00
       3832      4.339     3.4043   2.950800    31.9722    25.4337 0.0000e+00
       3833      4.149     3.4045   2.950775    31.9718    25.4333 0.0000e+00
       3834      3.838     3.4044   2.950870    31.9732    25.4345 0.0000e+00
       3835      3.462     3.4025   2.950794    31.9744    25.4355 0.0000e+00
       3836      3.118     3.3986   2.950473    31.9746    25.4360 0.0000e+00
       3837      2.788     3.3947   2.950099    31.9741    25.4360 0.0000e+00
       3838      2.403     3.3959   2.950206    31.9744    25.4362 0.0000e+00
       3839      1.932     3.4063   2.951197    31.9763    25.4367 0.0000e+00
       3840      1.391     3.4208   2.952470    31.9775    25.4364 0.0000e+00
       3841      0.899     3.4306   2.953215    31.9770    25.4351 0.0000e+00
       3842      0.581     3.4341   2.953360    31.9754    25.4335 0.0000e+00
       3843      0.423     3.4363   2.953458    31.9745    25.4326 0.0000e+00
       3844      0.330     3.4397   2.953725    31.9744    25.4322 0.0000e+00
       3845      0.258     3.4429   2.953224    31.9653    25.4247 0.0000e+00
       3846      0.217     3.4436   2.949190    31.9164    25.3857 0.0000e+00
       3847      0.199     3.4417   2.900089    31.3321    24.9206 0.0000e+00
       3848      0.188     3.4386   2.574121    27.4798    21.8549 0.0000e+00
       3849      0.194     3.4360   2.328675    24.6211    19.5819 0.0000e+00
       3850      0.215     3.4344   2.641128    28.2708    22.4845 0.0000e+00
       3851      0.232     3.4341   2.925089    31.6378    25.1646 0.0000e+00
       3852      0.237     3.4350   2.912039    31.4811    25.0398 0.0000e+00
       3853      0.229     3.4368   2.623056    28.0561    22.3135 0.0000e+00
       3854      0.211     3.4384   1.884189    19.5348    15.5399 0.0000e+00
       3855      0.198     3.4388   1.201641    11.9922     9.5474 0.0000e+00
       3856      0.218     3.4378   1.468694    14.9020    11.8597 0.0000e+00
       3857      0.287     3.4357   2.424986    25.7395    20.4711 0.0000e+00
       3858      0.380     3.4334   2.913490    31.4999    25.0549 0.0000e+00
       3859      0.440     3.4291   2.937138    31.7865    25.2835 0.0000e+00
       3860      0.432     3.4197   2.948965    31.9371    25.4043 0.0000e+00
       3861      0.378     3.4099   2.949624    31.9547    25.4192 0.0000e+00
       3862      0.328     3.4050   2.949633    31.9597    25.4236 0.0000e+00
       3863      0.292     3.4036   2.949373    31.9580    25.4224 0.0000e+00
       3864      0.263     3.4029   2.949051    31.9548    25.4199 0.0000e+00
       3865      0.253     3.4030   2.949536    31.9605    25.4244 0.0000e+00
       3866      0.256     3.4036   2.906731    31.4482    25.0164 0.0000e+00
       3867      0.240     3.4046   2.406493    25.5489    20.3217 0.0000e+00
       3868      0.198     3.4055   1.314532    13.2286    10.5312 0.0000e+00
       3869      0.158     3.4059   0.438717     4.0718     3.2399 0.0000e+00
       3870      0.138     3.4059   0.169643     1.4881     1.1711 0.0000e+00
       3871      0.128     3.4059   0.128717     1.1132     0.8698 0.0000e+00
       3872      0.119     3.4058   0.112494     0.9664     0.7518 0.0000e+00
       3873      0.110     3.4055   0.107620     0.9226     0.7165 0.0000e+00
       3874      0.106     3.4051   0.102925     0.8805     0.6826 0.0000e+00
       3875      0.107     3.4048   0.095652     0.8154     0.6303 0.0000e+00
       3876      0.107     3.4046   0.089125     0.7573     0.5835 0.0000e+00
       3877      0.105     3.4044   0.087718     0.7448     0.5734 0.0000e+00
       3878      0.104     3.4040   0.089047     0.7566     0.5830 0.0000e+00
       3879      0.104     3.4038   0.086708     0.7359     0.5662 0.0000e+00
       3880      0.103     3.4035   0.083226     0.7050     0.5414 0.0000e+00
       3881      0.101     3.4032   0.082026     0.6944     0.5328 0.0000e+00
       3882      0.103     3.4029   0.078188     0.6605     0.5055 0.0000e+00
       3883      0.109     3.4027   0.069623     0.5851     0.4448 0.0000e+00
       3884      0.117     3.4023   0.062824     0.5256     0.3968 0.0000e+00
       3885      0.121     3.4019   0.059663     0.4981     0.3746 0.0000e+00
       3886      0.117     3.4016   0.057563     0.4798     0.3599 0.0000e+00
       3887      0.113     3.4013   0.056138     0.4674     0.3499 0.0000e+00
       3888      0.113     3.4011   0.055066     0.4581     0.3424 0.0000e+00
       3889      0.113     3.4008   0.054047     0.4493     0.3353 0.0000e+00
       3890      0.113     3.4004   0.053028     0.4405     0.3282 0.0000e+00
       3891      0.112     3.4001   0.052156     0.4329     0.3221 0.0000e+00
       3892      0.111     3.3998   0.051491     0.4272     0.3175 0.0000e+00
       3893      0.112     3.3994   0.050885     0.4220     0.3132 0.0000e+00
       3894      0.111     3.3991   0.050213     0.4162     0.3086 0.0000e+00
       3895      0.110     3.3988   0.049530     0.4103     0.3038 0.0000e+00
       3896      0.109     3.3986   0.048966     0.4054     0.2999 0.0000e+00
       3897      0.107     3.3984   0.048587     0.4022     0.2973 0.0000e+00
