Datasets/Test_Dataset_39219_tow/originals/tel219_2021_059.cnv
* Sea-Bird SBE19plus Data File:
* Filename = C:/AQUIRE/tel219_2021_059.hex
* Software Version AquireV2 AF V2.0
* Temperature SN =  4020
* Conductivity SN =  4020
* System UpLoad Time = May 14 2021 09:50:11
** VESSEL/TRIP/SEQ STN: tel219_2021_059
** LATITUDE: 45 02.26 N
** LONGITUDE: 54 49.06 W
** DATE/TIME: 2021-05-14 08:29
** SOUNDING DEPTH (M): 0707
** PROBE TYPE: S4020
** CTD NUMBER:  59
** FORMAT: T
** COMMENTS: 
# nquan = 7                                 
# nvalues = 4913                        
# units = specified
# name 0 = scan: Scan Count
# name 1 = prdM: Pressure, Strain Gauge [db]
# name 2 = tv290C: Temperature [ITS-90, deg C]
# name 3 = c0S/m: Conductivity [S/m]
# name 4 = sal00: Salinity, Practical [PSU]
# name 5 = sigma-t00: Density [sigma-t, kg/m^3 ]
# name 6 = flag: flag
# span 0 =          1,       4913       
# span 1 =     -0.441,    701.338       
# span 2 =     0.6143,    10.1102       
# span 3 =   0.009894,   3.833464       
# span 4 =     0.0753,    35.2148       
# span 5 =     0.0350,    27.6715       
# span 6 = 0.0000e+00, 0.0000e+00       
# interval = seconds: 1
# start_time = May 14 2021 08:29:25 [Instrument's time stamp, header]
# bad_flag = -9.990e-29
*END*
[from data line 1436]
       1437    162.103    10.0777   3.821933    34.9824    26.9249 0.0000e+00
       1438    162.704    10.0736   3.821576    34.9824    26.9256 0.0000e+00
       1439    163.313    10.0725   3.821788    34.9854    26.9281 0.0000e+00
       1440    163.931    10.0758   3.822983    34.9941    26.9344 0.0000e+00
       1441    164.551    10.0818   3.824531    35.0038    26.9409 0.0000e+00
       1442    165.161    10.0884   3.825868    35.0108    26.9452 0.0000e+00
       1443    165.760    10.0940   3.826945    35.0161    26.9484 0.0000e+00
       1444    166.357    10.0977   3.827689    35.0198    26.9507 0.0000e+00
       1445    166.956    10.0983   3.828057    35.0227    26.9529 0.0000e+00
       1446    167.556    10.0966   3.828188    35.0254    26.9553 0.0000e+00
       1447    168.152    10.0953   3.828418    35.0288    26.9581 0.0000e+00
       1448    168.737    10.0965   3.829115    35.0344    26.9623 0.0000e+00
       1449    169.315    10.0997   3.830123    35.0414    26.9672 0.0000e+00
       1450    169.896    10.1029   3.831066    35.0476    26.9715 0.0000e+00
       1451    170.487    10.1059   3.831831    35.0523    26.9746 0.0000e+00
       1452    171.086    10.1084   3.832349    35.0549    26.9762 0.0000e+00
       1453    171.689    10.1100   3.832644    35.0560    26.9768 0.0000e+00
       1454    172.292    10.1102   3.832827    35.0574    26.9779 0.0000e+00
       1455    172.896    10.1093   3.833018    35.0600    26.9800 0.0000e+00
       1456    173.499    10.1083   3.833302    35.0636    26.9830 0.0000e+00
       1457    174.098    10.1061   3.833464    35.0671    26.9861 0.0000e+00
       1458    174.693    10.1006   3.833244    35.0699    26.9893 0.0000e+00
       1459    175.289    10.0925   3.832773    35.0726    26.9928 0.0000e+00
       1460    175.886    10.0848   3.832314    35.0751    26.9961 0.0000e+00
       1461    176.482    10.0778   3.831899    35.0774    26.9991 0.0000e+00
       1462    177.079    10.0707   3.831480    35.0797    27.0021 0.0000e+00
       1463    177.681    10.0635   3.831050    35.0821    27.0052 0.0000e+00
       1464    178.284    10.0563   3.830625    35.0844    27.0083 0.0000e+00
       1465    178.888    10.0490   3.830126    35.0861    27.0109 0.0000e+00
       1466    179.490    10.0412   3.829511    35.0871    27.0130 0.0000e+00
       1467    180.087    10.0343   3.829085    35.0892    27.0158 0.0000e+00
       1468    180.679    10.0296   3.828977    35.0924    27.0191 0.0000e+00
       1469    181.270    10.0247   3.828742    35.0945    27.0215 0.0000e+00
       1470    181.860    10.0181   3.828192    35.0950    27.0231 0.0000e+00
       1471    182.446    10.0126   3.827817    35.0962    27.0250 0.0000e+00
       1472    183.033    10.0118   3.828092    35.0995    27.0277 0.0000e+00
       1473    183.626    10.0162   3.829105    35.1053    27.0315 0.0000e+00
       1474    184.223    10.0214   3.830338    35.1126    27.0363 0.0000e+00
       1475    184.822    10.0237   3.831066    35.1176    27.0398 0.0000e+00
       1476    185.426    10.0232   3.831319    35.1203    27.0420 0.0000e+00
       1477    186.030    10.0217   3.831383    35.1222    27.0437 0.0000e+00
       1478    186.625    10.0185   3.831169    35.1228    27.0448 0.0000e+00
       1479    187.207    10.0131   3.830666    35.1227    27.0456 0.0000e+00
       1480    187.786    10.0069   3.830119    35.1228    27.0468 0.0000e+00
       1481    188.374     9.9994   3.829537    35.1239    27.0489 0.0000e+00
       1482    188.974     9.9877   3.828458    35.1239    27.0509 0.0000e+00
       1483    189.584     9.9716   3.826824    35.1226    27.0526 0.0000e+00
       1484    190.193     9.9543   3.825191    35.1224    27.0554 0.0000e+00
       1485    190.793     9.9386   3.823790    35.1230    27.0586 0.0000e+00
       1486    191.386     9.9273   3.822883    35.1244    27.0616 0.0000e+00
       1487    191.977     9.9222   3.822760    35.1279    27.0652 0.0000e+00
       1488    192.569     9.9215   3.823074    35.1315    27.0682 0.0000e+00
       1489    193.167     9.9215   3.823312    35.1337    27.0698 0.0000e+00
       1490    193.764     9.9202   3.823270    35.1342    27.0705 0.0000e+00
       1491    194.353     9.9174   3.823032    35.1342    27.0710 0.0000e+00
       1492    194.939     9.9149   3.822826    35.1343    27.0715 0.0000e+00
       1493    195.523     9.9139   3.822804    35.1348    27.0720 0.0000e+00
       1494    196.109     9.9151   3.823026    35.1356    27.0724 0.0000e+00
       1495    196.699     9.9189   3.823618    35.1377    27.0734 0.0000e+00
       1496    197.291     9.9229   3.824375    35.1413    27.0756 0.0000e+00
       1497    197.883     9.9220   3.824557    35.1438    27.0776 0.0000e+00
       1498    198.470     9.9160   3.824071    35.1443    27.0791 0.0000e+00
       1499    199.049     9.9086   3.823534    35.1458    27.0815 0.0000e+00
       1500    199.632     9.9008   3.822968    35.1473    27.0840 0.0000e+00
       1501    200.227     9.8916   3.822145    35.1475    27.0858 0.0000e+00
       1502    200.826     9.8822   3.821282    35.1476    27.0874 0.0000e+00
       1503    201.416     9.8745   3.820649    35.1483    27.0893 0.0000e+00
       1504    201.992     9.8682   3.820172    35.1493    27.0911 0.0000e+00
       1505    202.562     9.8618   3.819616    35.1495    27.0924 0.0000e+00
       1506    203.141     9.8552   3.818980    35.1492    27.0933 0.0000e+00
       1507    203.738     9.8496   3.818471    35.1491    27.0942 0.0000e+00
       1508    204.349     9.8459   3.818192    35.1496    27.0952 0.0000e+00
       1509    204.959     9.8436   3.818064    35.1502    27.0961 0.0000e+00
       1510    205.556     9.8413   3.817926    35.1508    27.0969 0.0000e+00
       1511    206.141     9.8359   3.817506    35.1514    27.0983 0.0000e+00
       1512    206.726     9.8225   3.816267    35.1515    27.1007 0.0000e+00
       1513    207.321     9.7984   3.813829    35.1497    27.1033 0.0000e+00
       1514    207.927     9.7684   3.810773    35.1472    27.1065 0.0000e+00
       1515    208.535     9.7401   3.808019    35.1462    27.1105 0.0000e+00
       1516    209.138     9.7176   3.805936    35.1464    27.1145 0.0000e+00
       1517    209.734     9.7001   3.804291    35.1463    27.1173 0.0000e+00
       1518    210.324     9.6841   3.802660    35.1449    27.1189 0.0000e+00
       1519    210.912     9.6685   3.801076    35.1435    27.1204 0.0000e+00
       1520    211.505     9.6533   3.799632    35.1432    27.1227 0.0000e+00
       1521    212.106     9.6367   3.798055    35.1428    27.1253 0.0000e+00
       1522    212.710     9.6144   3.795728    35.1403    27.1271 0.0000e+00
       1523    213.311     9.5877   3.792742    35.1353    27.1276 0.0000e+00
       1524    213.903     9.5658   3.790451    35.1328    27.1293 0.0000e+00
       1525    214.487     9.5556   3.789643    35.1342    27.1321 0.0000e+00
       1526    215.067     9.5578   3.790234    35.1378    27.1346 0.0000e+00
       1527    215.652     9.5701   3.791992    35.1437    27.1371 0.0000e+00
       1528    216.243     9.5862   3.794225    35.1508    27.1399 0.0000e+00
       1529    216.836     9.5979   3.795971    35.1571    27.1429 0.0000e+00
       1530    217.426     9.6007   3.796663    35.1612    27.1457 0.0000e+00
       1531    218.017     9.5972   3.796651    35.1642    27.1486 0.0000e+00
       1532    218.613     9.5924   3.796466    35.1667    27.1514 0.0000e+00
       1533    219.211     9.5887   3.796301    35.1684    27.1533 0.0000e+00
       1534    219.810     9.5852   3.796099    35.1694    27.1547 0.0000e+00
       1535    220.406     9.5815   3.795745    35.1691    27.1551 0.0000e+00
       1536    221.000     9.5786   3.795512    35.1693    27.1557 0.0000e+00
       1537    221.595     9.5777   3.795658    35.1714    27.1575 0.0000e+00
       1538    222.189     9.5770   3.795839    35.1737    27.1594 0.0000e+00
       1539    222.778     9.5743   3.795753    35.1752    27.1610 0.0000e+00
       1540    223.363     9.5708   3.795551    35.1762    27.1624 0.0000e+00
       1541    223.948     9.5674   3.795365    35.1774    27.1639 0.0000e+00
       1542    224.534     9.5632   3.795093    35.1784    27.1654 0.0000e+00
       1543    225.121     9.5566   3.794691    35.1804    27.1681 0.0000e+00
       1544    225.710     9.5484   3.794256    35.1837    27.1720 0.0000e+00
       1545    226.301     9.5403   3.793759    35.1862    27.1753 0.0000e+00
       1546    226.894     9.5328   3.793204    35.1875    27.1776 0.0000e+00
       1547    227.487     9.5261   3.792695    35.1886    27.1795 0.0000e+00
       1548    228.078     9.5202   3.792274    35.1897    27.1814 0.0000e+00
       1549    228.667     9.5153   3.791983    35.1912    27.1834 0.0000e+00
       1550    229.253     9.5113   3.791797    35.1929    27.1854 0.0000e+00
       1551    229.835     9.5077   3.791598    35.1941    27.1870 0.0000e+00
       1552    230.420     9.5041   3.791347    35.1948    27.1881 0.0000e+00
       1553    231.007     9.5003   3.791017    35.1948    27.1888 0.0000e+00
       1554    231.594     9.4961   3.790616    35.1945    27.1892 0.0000e+00
       1555    232.177     9.4927   3.790323    35.1946    27.1898 0.0000e+00
       1556    232.765     9.4908   3.790225    35.1951    27.1906 0.0000e+00
       1557    233.362     9.4900   3.790254    35.1959    27.1913 0.0000e+00
       1558    233.959     9.4900   3.790397    35.1972    27.1923 0.0000e+00
       1559    234.554     9.4912   3.790739    35.1992    27.1937 0.0000e+00
       1560    235.147     9.4942   3.791364    35.2025    27.1958 0.0000e+00
       1561    235.735     9.4977   3.792083    35.2062    27.1981 0.0000e+00
       1562    236.315     9.4995   3.792515    35.2087    27.1997 0.0000e+00
       1563    236.891     9.4996   3.792732    35.2105    27.2012 0.0000e+00
       1564    237.473     9.4992   3.792980    35.2132    27.2033 0.0000e+00
       1565    238.067     9.4958   3.792838    35.2148    27.2051 0.0000e+00
       1566    238.667     9.4879   3.792027    35.2139    27.2057 0.0000e+00
       1567    239.260     9.4782   3.791036    35.2129    27.2065 0.0000e+00
       1568    239.844     9.4696   3.790289    35.2133    27.2083 0.0000e+00
       1569    240.420     9.4611   3.789552    35.2137    27.2101 0.0000e+00
       1570    240.999     9.4490   3.788332    35.2127    27.2113 0.0000e+00
       1571    241.588     9.4297   3.786239    35.2097    27.2121 0.0000e+00
       1572    242.181     9.4046   3.783395    35.2046    27.2123 0.0000e+00
       1573    242.774     9.3816   3.780986    35.2019    27.2140 0.0000e+00
       1574    243.367     9.3643   3.779533    35.2035    27.2181 0.0000e+00
       1575    243.953     9.3476   3.777896    35.2027    27.2202 0.0000e+00
       1576    244.531     9.3314   3.776115    35.1998    27.2206 0.0000e+00
       1577    245.111     9.3209   3.775314    35.2015    27.2237 0.0000e+00
       1578    245.705     9.3138   3.774957    35.2045    27.2272 0.0000e+00
       1579    246.314     9.3060   3.774301    35.2051    27.2290 0.0000e+00
       1580    246.925     9.2974   3.773548    35.2054    27.2306 0.0000e+00
       1581    247.525     9.2878   3.772674    35.2055    27.2323 0.0000e+00
       1582    248.114     9.2763   3.771527    35.2046    27.2335 0.0000e+00
       1583    248.699     9.2618   3.770004    35.2028    27.2344 0.0000e+00
       1584    249.288     9.2461   3.768316    35.2004    27.2351 0.0000e+00
       1585    249.882     9.2324   3.766943    35.1993    27.2365 0.0000e+00
       1586    250.479     9.2191   3.765781    35.2000    27.2392 0.0000e+00
       1587    251.075     9.1969   3.763629    35.1991    27.2422 0.0000e+00
       1588    251.669     9.1584   3.759432    35.1930    27.2437 0.0000e+00
       1589    252.259     9.1126   3.754426    35.1856    27.2454 0.0000e+00
       1590    252.845     9.0759   3.750715    35.1828    27.2491 0.0000e+00
       1591    253.427     9.0539   3.748721    35.1833    27.2531 0.0000e+00
       1592    254.008     9.0402   3.747520    35.1840    27.2558 0.0000e+00
       1593    254.595     9.0283   3.746328    35.1830    27.2570 0.0000e+00
       1594    255.185     9.0180   3.745314    35.1823    27.2581 0.0000e+00
       1595    255.769     9.0114   3.744736    35.1825    27.2593 0.0000e+00
       1596    256.344     9.0069   3.744335    35.1825    27.2600 0.0000e+00
       1597    256.920     9.0037   3.743999    35.1818    27.2600 0.0000e+00
       1598    257.507     9.0016   3.743745    35.1810    27.2597 0.0000e+00
       1599    258.103     9.0010   3.743651    35.1803    27.2593 0.0000e+00
       1600    258.704     9.0008   3.743732    35.1810    27.2599 0.0000e+00
       1601    259.301     8.9985   3.743558    35.1812    27.2604 0.0000e+00
       1602    259.886     8.9924   3.742937    35.1805    27.2608 0.0000e+00
       1603    260.468     8.9833   3.741973    35.1791    27.2612 0.0000e+00
       1604    261.057     8.9736   3.740887    35.1770    27.2611 0.0000e+00
       1605    261.654     8.9665   3.740204    35.1766    27.2619 0.0000e+00
       1606    262.258     8.9624   3.739959    35.1778    27.2635 0.0000e+00
       1607    262.860     8.9591   3.739721    35.1783    27.2644 0.0000e+00
       1608    263.455     8.9537   3.739255    35.1784    27.2654 0.0000e+00
       1609    264.046     8.9395   3.737956    35.1786    27.2678 0.0000e+00
       1610    264.637     8.9087   3.734737    35.1749    27.2699 0.0000e+00
       1611    265.230     8.8667   3.730111    35.1676    27.2709 0.0000e+00
       1612    265.827     8.8301   3.726174    35.1622    27.2725 0.0000e+00
       1613    266.424     8.8063   3.723769    35.1601    27.2747 0.0000e+00
       1614    267.015     8.7916   3.722475    35.1608    27.2776 0.0000e+00
       1615    267.599     8.7800   3.721413    35.1608    27.2794 0.0000e+00
       1616    268.179     8.7647   3.719694    35.1576    27.2793 0.0000e+00
       1617    268.758     8.7445   3.717354    35.1527    27.2787 0.0000e+00
       1618    269.345     8.7254   3.715126    35.1479    27.2779 0.0000e+00
       1619    269.943     8.7137   3.713866    35.1459    27.2782 0.0000e+00
       1620    270.544     8.7108   3.713668    35.1464    27.2791 0.0000e+00
       1621    271.142     8.7152   3.714233    35.1477    27.2794 0.0000e+00
       1622    271.732     8.7208   3.715029    35.1503    27.2805 0.0000e+00
       1623    272.313     8.7187   3.714720    35.1488    27.2797 0.0000e+00
       1624    272.896     8.7081   3.713210    35.1431    27.2769 0.0000e+00
       1625    273.488     8.6978   3.712020    35.1405    27.2765 0.0000e+00
       1626    274.087     8.6941   3.711820    35.1418    27.2781 0.0000e+00
       1627    274.688     8.6935   3.711889    35.1428    27.2790 0.0000e+00
       1628    275.285     8.6891   3.711327    35.1409    27.2782 0.0000e+00
       1629    275.877     8.6742   3.709825    35.1396    27.2795 0.0000e+00
       1630    276.471     8.6390   3.706124    35.1351    27.2816 0.0000e+00
       1631    277.070     8.5869   3.700134    35.1232    27.2804 0.0000e+00
       1632    277.674     8.5400   3.695171    35.1170    27.2829 0.0000e+00
       1633    278.282     8.5116   3.692728    35.1190    27.2889 0.0000e+00
       1634    278.889     8.4983   3.691699    35.1210    27.2926 0.0000e+00
       1635    279.491     8.4942   3.691525    35.1230    27.2947 0.0000e+00
       1636    280.088     8.4950   3.691807    35.1249    27.2961 0.0000e+00
       1637    280.684     8.4969   3.692042    35.1252    27.2961 0.0000e+00
       1638    281.281     8.4985   3.692192    35.1249    27.2956 0.0000e+00
       1639    281.880     8.5000   3.692371    35.1250    27.2955 0.0000e+00
       1640    282.478     8.5017   3.692555    35.1250    27.2952 0.0000e+00
       1641    283.078     8.5036   3.692783    35.1253    27.2951 0.0000e+00
