Datasets/Test_Dataset_39219_tow/originals/tel219_2021_062.cnv
* Sea-Bird SBE19plus Data File:
* Filename = C:/AQUIRE/tel219_2021_062.hex
* Software Version AquireV2 AF V2.0
* Temperature SN =  4020
* Conductivity SN =  4020
* System UpLoad Time = May 14 2021 17:28:46
** VESSEL/TRIP/SEQ STN: tel219_2021_062
** LATITUDE: 45 33.11 N
** LONGITUDE: 55 00.23 W
** DATE/TIME: 2021-05-14 16:47
** SOUNDING DEPTH (M): 0103
** PROBE TYPE: S4020
** CTD NUMBER: 062
** FORMAT: T
** COMMENTS: 
# nquan = 7                                 
# nvalues = 2568                        
# units = specified
# name 0 = scan: Scan Count
# name 1 = prdM: Pressure, Strain Gauge [db]
# name 2 = tv290C: Temperature [ITS-90, deg C]
# name 3 = c0S/m: Conductivity [S/m]
# name 4 = sal00: Salinity, Practical [PSU]
# name 5 = sigma-t00: Density [sigma-t, kg/m^3 ]
# name 6 = flag: flag
# span 0 =          1,       2568       
# span 1 =     -0.045,     99.929       
# span 2 =     0.3624,     6.7258       
# span 3 =   0.007869,   3.102760       
# span 4 =     0.0564,    33.0284       
# span 5 =    -0.0383,    26.4641       
# span 6 = 0.0000e+00, 0.0000e+00       
# interval = seconds: 1
# start_time = May 14 2021 16:47:05 [Instrument's time stamp, header]
# bad_flag = -9.990e-29
*END*
[from data line 616]
        617      1.099     3.8941   3.030518    32.4378    25.7587 0.0000e+00
        618      1.421     3.8949   3.030560    32.4373    25.7582 0.0000e+00
        619      1.752     3.8957   3.030637    32.4372    25.7581 0.0000e+00
        620      1.986     3.8971   3.030789    32.4375    25.7582 0.0000e+00
        621      2.113     3.8998   3.031047    32.4378    25.7582 0.0000e+00
        622      2.212     3.9042   3.031487    32.4386    25.7584 0.0000e+00
        623      2.336     3.9059   3.031753    32.4400    25.7593 0.0000e+00
        624      2.475     3.8978   3.031400    32.4438    25.7631 0.0000e+00
        625      2.587     3.8800   3.030004    32.4449    25.7657 0.0000e+00
        626      2.651     3.8638   3.028153    32.4391    25.7626 0.0000e+00
        627      2.700     3.8573   3.027281    32.4352    25.7601 0.0000e+00
        628      2.759     3.8586   3.027367    32.4349    25.7598 0.0000e+00
        629      2.809     3.8623   3.027643    32.4344    25.7591 0.0000e+00
        630      2.821     3.8668   3.028196    32.4365    25.7603 0.0000e+00
        631      2.827     3.8743   3.029054    32.4392    25.7617 0.0000e+00
        632      2.893     3.8826   3.029748    32.4391    25.7609 0.0000e+00
        633      3.030     3.8876   3.030116    32.4385    25.7598 0.0000e+00
        634      3.186     3.8887   3.030246    32.4388    25.7600 0.0000e+00
        635      3.323     3.8868   3.030103    32.4389    25.7603 0.0000e+00
        636      3.457     3.8856   3.029893    32.4376    25.7593 0.0000e+00
        637      3.581     3.8897   3.030207    32.4372    25.7586 0.0000e+00
        638      3.655     3.8956   3.030865    32.4391    25.7595 0.0000e+00
        639      3.705     3.8971   3.030971    32.4388    25.7592 0.0000e+00
        640      3.770     3.8947   3.030664    32.4375    25.7584 0.0000e+00
        641      3.832     3.8925   3.030454    32.4372    25.7583 0.0000e+00
        642      3.884     3.8907   3.030261    32.4367    25.7581 0.0000e+00
        643      3.977     3.8887   3.030112    32.4368    25.7584 0.0000e+00
        644      4.168     3.8871   3.030040    32.4375    25.7591 0.0000e+00
        645      4.398     3.8855   3.029980    32.4382    25.7598 0.0000e+00
        646      4.570     3.8821   3.029746    32.4387    25.7606 0.0000e+00
        647      4.681     3.8772   3.029228    32.4374    25.7600 0.0000e+00
        648      4.788     3.8750   3.028938    32.4361    25.7592 0.0000e+00
        649      4.937     3.8781   3.029268    32.4369    25.7595 0.0000e+00
        650      5.136     3.8822   3.029773    32.4387    25.7605 0.0000e+00
        651      5.369     3.8807   3.029691    32.4391    25.7610 0.0000e+00
        652      5.628     3.8741   3.029085    32.4383    25.7610 0.0000e+00
        653      5.911     3.8659   3.028445    32.4387    25.7621 0.0000e+00
        654      6.214     3.8579   3.027736    32.4381    25.7624 0.0000e+00
        655      6.516     3.8546   3.027434    32.4377    25.7624 0.0000e+00
        656      6.781     3.8569   3.027765    32.4392    25.7634 0.0000e+00
        657      6.999     3.8593   3.028070    32.4403    25.7640 0.0000e+00
        658      7.212     3.8550   3.027834    32.4416    25.7655 0.0000e+00
        659      7.483     3.8414   3.026705    32.4416    25.7668 0.0000e+00
        660      7.831     3.8276   3.025299    32.4385    25.7656 0.0000e+00
        661      8.196     3.8247   3.025090    32.4387    25.7661 0.0000e+00
        662      8.528     3.8276   3.025504    32.4406    25.7673 0.0000e+00
        663      8.855     3.8284   3.025319    32.4374    25.7647 0.0000e+00
        664      9.185     3.8297   3.025460    32.4376    25.7647 0.0000e+00
        665      9.495     3.8251   3.025559    32.4432    25.7696 0.0000e+00
        666      9.795     3.8057   3.024095    32.4450    25.7729 0.0000e+00
        667     10.106     3.7807   3.021887    32.4435    25.7741 0.0000e+00
        668     10.438     3.7639   3.020482    32.4434    25.7756 0.0000e+00
        669     10.792     3.7582   3.020051    32.4437    25.7764 0.0000e+00
        670     11.159     3.7638   3.020470    32.4429    25.7753 0.0000e+00
        671     11.521     3.7770   3.021627    32.4434    25.7743 0.0000e+00
        672     11.868     3.7854   3.022469    32.4448    25.7747 0.0000e+00
        673     12.210     3.7836   3.022275    32.4441    25.7743 0.0000e+00
        674     12.557     3.7770   3.021667    32.4433    25.7743 0.0000e+00
        675     12.893     3.7664   3.020850    32.4440    25.7758 0.0000e+00
        676     13.202     3.7490   3.019341    32.4432    25.7769 0.0000e+00
        677     13.495     3.7293   3.017664    32.4427    25.7784 0.0000e+00
        678     13.794     3.7150   3.016610    32.4443    25.7809 0.0000e+00
        679     14.106     3.7074   3.016146    32.4462    25.7832 0.0000e+00
        680     14.427     3.7037   3.015913    32.4469    25.7841 0.0000e+00
        681     14.758     3.7011   3.015691    32.4467    25.7842 0.0000e+00
        682     15.104     3.6984   3.015422    32.4460    25.7839 0.0000e+00
        683     15.466     3.6958   3.015174    32.4455    25.7837 0.0000e+00
        684     15.834     3.6936   3.015055    32.4460    25.7844 0.0000e+00
        685     16.196     3.6921   3.015007    32.4468    25.7851 0.0000e+00
        686     16.555     3.6908   3.014923    32.4469    25.7853 0.0000e+00
        687     16.916     3.6895   3.014812    32.4467    25.7853 0.0000e+00
        688     17.280     3.6883   3.014686    32.4462    25.7850 0.0000e+00
        689     17.654     3.6874   3.014560    32.4454    25.7844 0.0000e+00
        690     18.037     3.6867   3.014499    32.4451    25.7843 0.0000e+00
        691     18.416     3.6862   3.014488    32.4453    25.7845 0.0000e+00
        692     18.785     3.6856   3.014452    32.4453    25.7845 0.0000e+00
        693     19.147     3.6849   3.014391    32.4451    25.7844 0.0000e+00
        694     19.509     3.6841   3.014316    32.4448    25.7843 0.0000e+00
        695     19.879     3.6833   3.014236    32.4444    25.7841 0.0000e+00
        696     20.261     3.6824   3.014159    32.4442    25.7840 0.0000e+00
        697     20.651     3.6809   3.014062    32.4444    25.7842 0.0000e+00
        698     21.039     3.6787   3.013900    32.4444    25.7845 0.0000e+00
        699     21.427     3.6755   3.013645    32.4444    25.7847 0.0000e+00
        700     21.817     3.6722   3.013392    32.4445    25.7851 0.0000e+00
        701     22.205     3.6692   3.013218    32.4452    25.7860 0.0000e+00
        702     22.588     3.6663   3.013014    32.4454    25.7864 0.0000e+00
        703     22.965     3.6622   3.012676    32.4453    25.7867 0.0000e+00
        704     23.345     3.6553   3.012208    32.4464    25.7883 0.0000e+00
        705     23.731     3.6425   3.011310    32.4483    25.7909 0.0000e+00
        706     24.117     3.6231   3.009755    32.4489    25.7932 0.0000e+00
        707     24.507     3.6030   3.008144    32.4495    25.7956 0.0000e+00
        708     24.904     3.5879   3.007039    32.4512    25.7984 0.0000e+00
        709     25.303     3.5771   3.006288    32.4528    25.8007 0.0000e+00
        710     25.699     3.5688   3.005688    32.4537    25.8022 0.0000e+00
        711     26.090     3.5622   3.005212    32.4544    25.8033 0.0000e+00
        712     26.478     3.5567   3.004780    32.4546    25.8039 0.0000e+00
        713     26.867     3.5520   3.004353    32.4540    25.8039 0.0000e+00
        714     27.260     3.5482   3.004016    32.4535    25.8039 0.0000e+00
        715     27.656     3.5453   3.003799    32.4536    25.8043 0.0000e+00
        716     28.055     3.5431   3.003639    32.4537    25.8045 0.0000e+00
        717     28.462     3.5412   3.003449    32.4531    25.8042 0.0000e+00
        718     28.871     3.5393   3.003282    32.4528    25.8042 0.0000e+00
        719     29.273     3.5378   3.003220    32.4534    25.8047 0.0000e+00
        720     29.665     3.5368   3.003152    32.4533    25.8048 0.0000e+00
        721     30.061     3.5358   3.003019    32.4526    25.8043 0.0000e+00
        722     30.470     3.5347   3.002900    32.4520    25.8039 0.0000e+00
        723     30.881     3.5335   3.002840    32.4523    25.8043 0.0000e+00
        724     31.281     3.5317   3.002786    32.4532    25.8052 0.0000e+00
        725     31.668     3.5284   3.002547    32.4535    25.8057 0.0000e+00
        726     32.056     3.5221   3.001987    32.4529    25.8058 0.0000e+00
        727     32.454     3.5131   3.001231    32.4526    25.8064 0.0000e+00
        728     32.862     3.5032   3.000527    32.4539    25.8083 0.0000e+00
        729     33.276     3.4927   2.999819    32.4557    25.8107 0.0000e+00
        730     33.692     3.4810   2.998911    32.4563    25.8123 0.0000e+00
        731     34.108     3.4673   2.997888    32.4576    25.8145 0.0000e+00
        732     34.528     3.4497   2.996619    32.4598    25.8179 0.0000e+00
        733     34.946     3.4289   2.995042    32.4615    25.8212 0.0000e+00
        734     35.360     3.4091   2.993559    32.4633    25.8244 0.0000e+00
        735     35.775     3.3923   2.992259    32.4643    25.8268 0.0000e+00
        736     36.192     3.3785   2.991196    32.4652    25.8287 0.0000e+00
        737     36.612     3.3666   2.990387    32.4672    25.8314 0.0000e+00
        738     37.035     3.3544   2.989508    32.4686    25.8336 0.0000e+00
        739     37.457     3.3411   2.988434    32.4689    25.8350 0.0000e+00
        740     37.880     3.3261   2.987164    32.4684    25.8360 0.0000e+00
        741     38.305     3.3085   2.985719    32.4685    25.8376 0.0000e+00
        742     38.728     3.2900   2.984431    32.4714    25.8415 0.0000e+00
        743     39.145     3.2736   2.983474    32.4761    25.8468 0.0000e+00
        744     39.552     3.2603   2.982520    32.4777    25.8493 0.0000e+00
        745     39.955     3.2491   2.981507    32.4766    25.8494 0.0000e+00
        746     40.364     3.2403   2.980701    32.4755    25.8493 0.0000e+00
        747     40.781     3.2341   2.980205    32.4755    25.8499 0.0000e+00
        748     41.206     3.2291   2.979845    32.4760    25.8507 0.0000e+00
        749     41.637     3.2225   2.979307    32.4759    25.8512 0.0000e+00
        750     42.067     3.2145   2.978728    32.4768    25.8526 0.0000e+00
        751     42.491     3.2047   2.978167    32.4796    25.8557 0.0000e+00
        752     42.912     3.1893   2.977000    32.4808    25.8580 0.0000e+00
        753     43.333     3.1694   2.975288    32.4800    25.8591 0.0000e+00
        754     43.751     3.1516   2.973870    32.4806    25.8611 0.0000e+00
        755     44.167     3.1382   2.972853    32.4815    25.8631 0.0000e+00
        756     44.588     3.1247   2.971875    32.4831    25.8655 0.0000e+00
        757     45.017     3.1028   2.970314    32.4861    25.8698 0.0000e+00
        758     45.449     3.0697   2.967772    32.4885    25.8745 0.0000e+00
        759     45.880     3.0346   2.965135    32.4917    25.8802 0.0000e+00
        760     46.312     3.0064   2.963096    32.4952    25.8854 0.0000e+00
        761     46.749     2.9843   2.961482    32.4977    25.8893 0.0000e+00
        762     47.189     2.9648   2.960080    32.5002    25.8929 0.0000e+00
        763     47.623     2.9455   2.958656    32.5022    25.8961 0.0000e+00
        764     48.051     2.9283   2.957424    32.5044    25.8994 0.0000e+00
        765     48.475     2.9160   2.956773    32.5087    25.9038 0.0000e+00
        766     48.898     2.9065   2.956193    32.5110    25.9065 0.0000e+00
        767     49.325     2.8937   2.955148    32.5110    25.9076 0.0000e+00
        768     49.754     2.8732   2.953817    32.5154    25.9128 0.0000e+00
        769     50.182     2.8349   2.951528    32.5261    25.9245 0.0000e+00
        770     50.612     2.7550   2.946167    32.5415    25.9435 0.0000e+00
        771     51.047     2.6048   2.935700    32.5660    25.9753 0.0000e+00
        772     51.488     2.3769   2.919368    32.5976    26.0187 0.0000e+00
        773     51.935     2.1090   2.899020    32.6204    26.0574 0.0000e+00
        774     52.385     1.8727   2.880902    32.6379    26.0887 0.0000e+00
        775     52.839     1.7172   2.870321    32.6660    26.1223 0.0000e+00
        776     53.296     1.6327   2.865594    32.6941    26.1506 0.0000e+00
        777     53.748     1.5819   2.862601    32.7090    26.1660 0.0000e+00
        778     54.198     1.5389   2.859275    32.7115    26.1710 0.0000e+00
        779     54.647     1.4954   2.855888    32.7138    26.1757 0.0000e+00
        780     55.093     1.4510   2.852919    32.7223    26.1855 0.0000e+00
        781     55.538     1.4061   2.849673    32.7278    26.1929 0.0000e+00
        782     55.981     1.3597   2.846355    32.7340    26.2009 0.0000e+00
        783     56.424     1.3070   2.842801    32.7438    26.2122 0.0000e+00
        784     56.870     1.2450   2.838311    32.7514    26.2222 0.0000e+00
        785     57.316     1.1827   2.833596    32.7564    26.2302 0.0000e+00
        786     57.759     1.1314   2.829794    32.7615    26.2375 0.0000e+00
        787     58.195     1.0898   2.827084    32.7703    26.2472 0.0000e+00
        788     58.617     1.0515   2.824815    32.7814    26.2584 0.0000e+00
        789     59.021     1.0168   2.822912    32.7933    26.2701 0.0000e+00
        790     59.408     0.9868   2.821689    32.8090    26.2846 0.0000e+00
        791     59.773     0.9640   2.822916    32.8486    26.3178 0.0000e+00
        792     60.117     0.9561   2.829080    32.9359    26.3885 0.0000e+00
        793     60.442     0.9578   2.835721    33.0192    26.4553 0.0000e+00
        794     60.752     0.9345   2.834521    33.0284    26.4641 0.0000e+00
        795     61.050     0.8636   2.825576    32.9885    26.4363 0.0000e+00
        796     61.333     0.7651   2.813621    32.9389    26.4021 0.0000e+00
        797     61.601     0.6668   2.802036    32.8934    26.3712 0.0000e+00
        798     61.856     0.5850   2.794134    32.8779    26.3633 0.0000e+00
        799     62.095     0.5264   2.788693    32.8695    26.3597 0.0000e+00
        800     62.318     0.4868   2.784089    32.8517    26.3475 0.0000e+00
        801     62.534     0.4604   2.781515    32.8462    26.3445 0.0000e+00
        802     62.744     0.4468   2.781009    32.8540    26.3515 0.0000e+00
        803     62.942     0.4529   2.784911    32.8982    26.3868 0.0000e+00
        804     63.124     0.4698   2.789522    32.9401    26.4196 0.0000e+00
        805     63.297     0.4666   2.787814    32.9212    26.4046 0.0000e+00
        806     63.464     0.4396   2.782625    32.8823    26.3747 0.0000e+00
        807     63.623     0.4151   2.778265    32.8516    26.3512 0.0000e+00
        808     63.770     0.4023   2.776467    32.8417    26.3439 0.0000e+00
        809     63.906     0.3954   2.776486    32.8492    26.3504 0.0000e+00
        810     64.039     0.3908   2.776709    32.8570    26.3568 0.0000e+00
        811     64.171     0.3876   2.777756    32.8740    26.3707 0.0000e+00
        812     64.297     0.3852   2.778701    32.8888    26.3828 0.0000e+00
        813     64.424     0.3834   2.777839    32.8794    26.3753 0.0000e+00
        814     64.556     0.3823   2.777173    32.8718    26.3692 0.0000e+00
        815     64.692     0.3921   2.779546    32.8922    26.3852 0.0000e+00
        816     64.825     0.4315   2.783230    32.8981    26.3878 0.0000e+00
        817     64.949     0.4886   2.785818    32.8708    26.3628 0.0000e+00
        818     65.071     0.5216   2.787377    32.8558    26.3489 0.0000e+00
        819     65.208     0.5152   2.787662    32.8663    26.3577 0.0000e+00
        820     65.358     0.4998   2.786528    32.8678    26.3598 0.0000e+00
