Datasets/Test_Dataset_39219_tow/originals/tel219_2021_055.cnv
* Sea-Bird SBE19plus Data File:
* Filename = C:/AQUIRE/tel219_2021_055.hex
* Software Version AquireV2 AF V2.0
* Temperature SN =  4020
* Conductivity SN =  4020
* System UpLoad Time = May 13 2021 22:26:11
** VESSEL/TRIP/SEQ STN: tel219_2021_055
** LATITUDE: 45 08.53 N
** LONGITUDE: 55 10.45 W
** DATE/TIME: 2021-05-13 21:42
** SOUNDING DEPTH (M): 0208
** PROBE TYPE: S4020
** CTD NUMBER:  55
** FORMAT: t
** COMMENTS: 
# nquan = 7                                 
# nvalues = 2531                        
# units = specified
# name 0 = scan: Scan Count
# name 1 = prdM: Pressure, Strain Gauge [db]
# name 2 = tv290C: Temperature [ITS-90, deg C]
# name 3 = c0S/m: Conductivity [S/m]
# name 4 = sal00: Salinity, Practical [PSU]
# name 5 = sigma-t00: Density [sigma-t, kg/m^3 ]
# name 6 = flag: flag
# span 0 =          1,       2531       
# span 1 =     -0.453,    207.730       
# span 2 =     1.1984,     8.4384       
# span 3 =   0.012343,   3.665333       
# span 4 =     0.0924,    34.9377       
# span 5 =     0.0373,    27.1610       
# span 6 = 0.0000e+00, 0.0000e+00       
# interval = seconds: 1
# start_time = May 13 2021 21:42:29 [Instrument's time stamp, header]
# bad_flag = -9.990e-29
*END*
[from data line 206]
        207      0.116     4.9711   2.304971    23.2362    18.3664 0.0000e+00
        208      0.255     4.8267   3.057236    31.8400    25.1894 0.0000e+00
        209      0.372     4.7641   3.104919    32.4508    25.6803 0.0000e+00
        210      0.476     4.7474   3.104300    32.4600    25.6894 0.0000e+00
        211      0.558     4.7399   3.103402    32.4569    25.6877 0.0000e+00
        212      0.602     4.7377   3.103441    32.4595    25.6900 0.0000e+00
        213      0.630     4.7364   3.103306    32.4592    25.6899 0.0000e+00
        214      0.680     4.7330   3.102573    32.4540    25.6861 0.0000e+00
        215      0.779     4.7284   3.101461    32.4456    25.6800 0.0000e+00
        216      0.911     4.7229   3.099979    32.4337    25.6712 0.0000e+00
        217      1.021     4.7170   3.098934    32.4274    25.6667 0.0000e+00
        218      1.076     4.7118   3.098251    32.4245    25.6650 0.0000e+00
        219      1.080     4.7084   3.097868    32.4234    25.6645 0.0000e+00
        220      1.034     4.7077   3.098219    32.4282    25.6684 0.0000e+00
        221      0.949     4.7100   3.099155    32.4368    25.6750 0.0000e+00
        222      0.878     4.7132   3.100004    32.4435    25.6800 0.0000e+00
        223      0.847     4.7132   3.099829    32.4415    25.6784 0.0000e+00
        224      0.842     4.7103   3.098979    32.4345    25.6731 0.0000e+00
        225      0.852     4.7079   3.098577    32.4322    25.6716 0.0000e+00
        226      0.863     4.7088   3.098855    32.4346    25.6733 0.0000e+00
        227      0.880     4.7133   3.099518    32.4378    25.6754 0.0000e+00
        228      0.910     4.7165   3.099790    32.4378    25.6751 0.0000e+00
        229      0.920     4.7144   3.099233    32.4334    25.6718 0.0000e+00
        230      0.903     4.7117   3.098930    32.4326    25.6714 0.0000e+00
        231      0.903     4.7135   3.099522    32.4377    25.6753 0.0000e+00
        232      0.943     4.7176   3.100138    32.4408    25.6773 0.0000e+00
        233      0.990     4.7188   3.100180    32.4400    25.6766 0.0000e+00
        234      1.036     4.7176   3.100112    32.4404    25.6770 0.0000e+00
        235      1.100     4.7157   3.099787    32.4385    25.6757 0.0000e+00
        236      1.144     4.7118   3.098618    32.4287    25.6684 0.0000e+00
        237      1.104     4.7065   3.097582    32.4219    25.6636 0.0000e+00
        238      0.978     4.7036   3.097486    32.4237    25.6653 0.0000e+00
        239      0.841     4.7040   3.097727    32.4262    25.6672 0.0000e+00
        240      0.743     4.7049   3.097728    32.4254    25.6665 0.0000e+00
        241      0.661     4.7044   3.097543    32.4238    25.6652 0.0000e+00
        242      0.584     4.7037   3.097458    32.4235    25.6651 0.0000e+00
        243      0.512     4.7040   3.097491    32.4236    25.6652 0.0000e+00
        244      0.448     4.7055   3.097584    32.4233    25.6647 0.0000e+00
        245      0.444     4.7072   3.097671    32.4226    25.6640 0.0000e+00
        246      0.511     4.7081   3.097792    32.4231    25.6643 0.0000e+00
        247      0.545     4.7081   3.097922    32.4246    25.6655 0.0000e+00
        248      0.509     4.7085   3.097980    32.4249    25.6657 0.0000e+00
        249      0.506     4.7105   3.098076    32.4241    25.6648 0.0000e+00
        250      0.583     4.7123   3.098226    32.4240    25.6646 0.0000e+00
        251      0.662     4.7119   3.098328    32.4255    25.6658 0.0000e+00
        252      0.705     4.7114   3.098361    32.4264    25.6665 0.0000e+00
        253      0.763     4.7125   3.098437    32.4261    25.6663 0.0000e+00
        254      0.854     4.7137   3.098525    32.4259    25.6660 0.0000e+00
        255      0.930     4.7136   3.098544    32.4262    25.6662 0.0000e+00
        256      0.955     4.7123   3.098502    32.4270    25.6669 0.0000e+00
        257      0.927     4.7107   3.098371    32.4271    25.6672 0.0000e+00
        258      0.872     4.7101   3.098313    32.4270    25.6672 0.0000e+00
        259      0.854     4.7115   3.098457    32.4273    25.6673 0.0000e+00
        260      0.910     4.7142   3.098637    32.4267    25.6665 0.0000e+00
        261      1.002     4.7157   3.098700    32.4259    25.6657 0.0000e+00
        262      1.074     4.7151   3.098735    32.4269    25.6666 0.0000e+00
        263      1.102     4.7142   3.098761    32.4281    25.6676 0.0000e+00
        264      1.069     4.7128   3.098391    32.4252    25.6654 0.0000e+00
        265      0.985     4.7103   3.097714    32.4198    25.6615 0.0000e+00
        266      0.954     4.7076   3.097394    32.4188    25.6609 0.0000e+00
        267      1.079     4.7066   3.097429    32.4201    25.6621 0.0000e+00
        268      1.324     4.7074   3.097518    32.4202    25.6621 0.0000e+00
        269      1.583     4.7089   3.097580    32.4193    25.6612 0.0000e+00
        270      1.793     4.7091   3.097577    32.4190    25.6609 0.0000e+00
        271      1.946     4.7080   3.097618    32.4205    25.6622 0.0000e+00
        272      2.097     4.7073   3.097674    32.4217    25.6633 0.0000e+00
        273      2.308     4.7077   3.097720    32.4218    25.6633 0.0000e+00
        274      2.555     4.7081   3.097817    32.4224    25.6637 0.0000e+00
        275      2.791     4.7081   3.097946    32.4237    25.6648 0.0000e+00
        276      2.993     4.7081   3.098050    32.4248    25.6657 0.0000e+00
        277      3.153     4.7078   3.098046    32.4250    25.6659 0.0000e+00
        278      3.272     4.7072   3.097924    32.4241    25.6652 0.0000e+00
        279      3.369     4.7069   3.097844    32.4234    25.6647 0.0000e+00
        280      3.485     4.7074   3.097909    32.4236    25.6648 0.0000e+00
        281      3.623     4.7083   3.097996    32.4237    25.6648 0.0000e+00
        282      3.731     4.7087   3.098005    32.4234    25.6644 0.0000e+00
        283      3.772     4.7080   3.097902    32.4228    25.6641 0.0000e+00
        284      3.779     4.7066   3.097698    32.4218    25.6635 0.0000e+00
        285      3.844     4.7050   3.097515    32.4212    25.6632 0.0000e+00
        286      4.001     4.7039   3.097427    32.4212    25.6633 0.0000e+00
        287      4.185     4.7037   3.097438    32.4215    25.6635 0.0000e+00
        288      4.322     4.7042   3.097496    32.4216    25.6635 0.0000e+00
        289      4.399     4.7047   3.097541    32.4216    25.6634 0.0000e+00
        290      4.452     4.7050   3.097592    32.4218    25.6636 0.0000e+00
        291      4.550     4.7050   3.097637    32.4223    25.6640 0.0000e+00
        292      4.726     4.7049   3.097617    32.4221    25.6638 0.0000e+00
        293      4.915     4.7050   3.097569    32.4213    25.6632 0.0000e+00
        294      5.037     4.7050   3.097554    32.4211    25.6630 0.0000e+00
        295      5.085     4.7050   3.097559    32.4211    25.6631 0.0000e+00
        296      5.095     4.7050   3.097553    32.4211    25.6630 0.0000e+00
        297      5.080     4.7048   3.097535    32.4211    25.6630 0.0000e+00
        298      5.037     4.7045   3.097506    32.4210    25.6630 0.0000e+00
        299      4.968     4.7043   3.097480    32.4210    25.6630 0.0000e+00
        300      4.890     4.7043   3.097468    32.4209    25.6629 0.0000e+00
        301      4.813     4.7042   3.097444    32.4207    25.6628 0.0000e+00
        302      4.712     4.7037   3.097395    32.4207    25.6629 0.0000e+00
        303      4.549     4.7033   3.097349    32.4206    25.6629 0.0000e+00
        304      4.313     4.7032   3.097340    32.4207    25.6630 0.0000e+00
        305      4.037     4.7036   3.097369    32.4208    25.6630 0.0000e+00
        306      3.778     4.7042   3.097401    32.4207    25.6629 0.0000e+00
        307      3.578     4.7043   3.097392    32.4206    25.6628 0.0000e+00
        308      3.434     4.7042   3.097347    32.4203    25.6625 0.0000e+00
        309      3.307     4.7038   3.097315    32.4204    25.6626 0.0000e+00
        310      3.154     4.7036   3.097317    32.4207    25.6629 0.0000e+00
        311      2.960     4.7038   3.097320    32.4206    25.6628 0.0000e+00
        312      2.759     4.7040   3.097301    32.4203    25.6625 0.0000e+00
        313      2.600     4.7041   3.097281    32.4201    25.6623 0.0000e+00
        314      2.497     4.7040   3.097272    32.4201    25.6624 0.0000e+00
        315      2.430     4.7039   3.097271    32.4202    25.6625 0.0000e+00
        316      2.354     4.7038   3.097269    32.4203    25.6626 0.0000e+00
        317      2.226     4.7036   3.097251    32.4204    25.6626 0.0000e+00
        318      2.058     4.7035   3.097222    32.4202    25.6625 0.0000e+00
        319      1.886     4.7033   3.097185    32.4201    25.6624 0.0000e+00
        320      1.730     4.7030   3.097153    32.4201    25.6625 0.0000e+00
        321      1.603     4.7029   3.097137    32.4201    25.6625 0.0000e+00
        322      1.502     4.7031   3.097132    32.4199    25.6623 0.0000e+00
        323      1.417     4.7032   3.097139    32.4199    25.6623 0.0000e+00
        324      1.331     4.7034   3.097159    32.4200    25.6623 0.0000e+00
        325      1.233     4.7035   3.097170    32.4200    25.6624 0.0000e+00
        326      1.115     4.7035   3.097169    32.4201    25.6624 0.0000e+00
        327      0.970     4.7035   3.097169    32.4202    25.6625 0.0000e+00
        328      0.830     4.7035   3.097165    32.4202    25.6625 0.0000e+00
        329      0.739     4.7033   3.097145    32.4202    25.6625 0.0000e+00
        330      0.708     4.7029   3.097113    32.4202    25.6626 0.0000e+00
        331      0.690     4.7025   3.097072    32.4202    25.6626 0.0000e+00
        332      0.619     4.7021   3.097027    32.4201    25.6625 0.0000e+00
        333      0.511     4.7020   3.097002    32.4199    25.6624 0.0000e+00
        334      0.408     4.7020   3.097008    32.4201    25.6625 0.0000e+00
        335      0.320     4.7020   3.097028    32.4203    25.6628 0.0000e+00
        336      0.262     4.7022   3.097035    32.4202    25.6627 0.0000e+00
        337      0.244     4.7024   3.097019    32.4199    25.6624 0.0000e+00
        338      0.252     4.7024   3.097005    32.4197    25.6622 0.0000e+00
        339      0.288     4.7024   3.097010    32.4197    25.6623 0.0000e+00
        340      0.344     4.7024   3.097022    32.4199    25.6623 0.0000e+00
        341      0.392     4.7026   3.097029    32.4197    25.6622 0.0000e+00
        342      0.444     4.7027   3.097035    32.4197    25.6622 0.0000e+00
        343      0.531     4.7025   3.097031    32.4198    25.6623 0.0000e+00
        344      0.685     4.7020   3.096995    32.4198    25.6623 0.0000e+00
        345      0.915     4.7017   3.096968    32.4196    25.6622 0.0000e+00
        346      1.166     4.7014   3.096976    32.4199    25.6625 0.0000e+00
        347      1.405     4.7012   3.096985    32.4201    25.6626 0.0000e+00
        348      1.659     4.7012   3.096985    32.4199    25.6625 0.0000e+00
        349      1.914     4.7012   3.096991    32.4199    25.6625 0.0000e+00
        350      2.112     4.7015   3.097015    32.4198    25.6624 0.0000e+00
        351      2.251     4.7020   3.097061    32.4197    25.6623 0.0000e+00
        352      2.369     4.7022   3.097087    32.4198    25.6623 0.0000e+00
        353      2.481     4.7020   3.097066    32.4197    25.6622 0.0000e+00
        354      2.622     4.7017   3.097040    32.4196    25.6622 0.0000e+00
        355      2.795     4.7018   3.097059    32.4196    25.6622 0.0000e+00
        356      2.918     4.7020   3.097088    32.4197    25.6623 0.0000e+00
        357      2.970     4.7021   3.097105    32.4198    25.6623 0.0000e+00
        358      3.028     4.7025   3.097139    32.4198    25.6622 0.0000e+00
        359      3.168     4.7028   3.097189    32.4200    25.6624 0.0000e+00
        360      3.444     4.7032   3.097236    32.4200    25.6624 0.0000e+00
        361      3.846     4.7038   3.097326    32.4202    25.6625 0.0000e+00
        362      4.244     4.7044   3.097437    32.4207    25.6628 0.0000e+00
        363      4.523     4.7047   3.097480    32.4208    25.6628 0.0000e+00
        364      4.701     4.7045   3.097467    32.4207    25.6628 0.0000e+00
        365      4.871     4.7041   3.097440    32.4207    25.6629 0.0000e+00
        366      5.104     4.7035   3.097412    32.4209    25.6630 0.0000e+00
        367      5.402     4.7022   3.097308    32.4208    25.6631 0.0000e+00
        368      5.720     4.7001   3.097113    32.4204    25.6630 0.0000e+00
        369      6.018     4.6982   3.096964    32.4204    25.6632 0.0000e+00
        370      6.292     4.6972   3.096911    32.4206    25.6635 0.0000e+00
        371      6.585     4.6973   3.096924    32.4206    25.6634 0.0000e+00
        372      6.946     4.6983   3.097023    32.4205    25.6633 0.0000e+00
        373      7.391     4.7000   3.097189    32.4206    25.6632 0.0000e+00
        374      7.889     4.7014   3.097337    32.4207    25.6631 0.0000e+00
        375      8.385     4.7026   3.097451    32.4206    25.6629 0.0000e+00
        376      8.826     4.7044   3.097646    32.4208    25.6629 0.0000e+00
        377      9.150     4.7073   3.097973    32.4216    25.6632 0.0000e+00
        378      9.353     4.7101   3.098283    32.4224    25.6635 0.0000e+00
        379      9.538     4.7119   3.098449    32.4224    25.6634 0.0000e+00
        380      9.786     4.7126   3.098514    32.4224    25.6632 0.0000e+00
        381     10.093     4.7127   3.098536    32.4224    25.6632 0.0000e+00
        382     10.431     4.7123   3.098521    32.4224    25.6633 0.0000e+00
        383     10.787     4.7112   3.098442    32.4224    25.6634 0.0000e+00
        384     11.145     4.7104   3.098362    32.4221    25.6632 0.0000e+00
        385     11.459     4.7096   3.098326    32.4223    25.6635 0.0000e+00
        386     11.705     4.7087   3.098268    32.4224    25.6637 0.0000e+00
        387     11.925     4.7075   3.098158    32.4222    25.6636 0.0000e+00
        388     12.157     4.7075   3.098151    32.4220    25.6635 0.0000e+00
        389     12.402     4.7086   3.098292    32.4224    25.6637 0.0000e+00
        390     12.654     4.7089   3.098366    32.4228    25.6640 0.0000e+00
        391     12.912     4.7066   3.098211    32.4231    25.6645 0.0000e+00
        392     13.173     4.7012   3.097760    32.4231    25.6650 0.0000e+00
        393     13.428     4.6966   3.097305    32.4222    25.6648 0.0000e+00
        394     13.677     4.6959   3.097223    32.4218    25.6646 0.0000e+00
        395     13.927     4.6975   3.097420    32.4224    25.6649 0.0000e+00
        396     14.186     4.6971   3.097494    32.4235    25.6658 0.0000e+00
        397     14.457     4.6920   3.097049    32.4232    25.6661 0.0000e+00
        398     14.736     4.6856   3.096419    32.4220    25.6658 0.0000e+00
        399     15.010     4.6818   3.096128    32.4222    25.6664 0.0000e+00
        400     15.282     4.6807   3.096055    32.4223    25.6666 0.0000e+00
        401     15.562     4.6807   3.096055    32.4222    25.6665 0.0000e+00
        402     15.850     4.6807   3.096083    32.4224    25.6666 0.0000e+00
        403     16.140     4.6799   3.096026    32.4223    25.6667 0.0000e+00
        404     16.434     4.6789   3.095934    32.4221    25.6666 0.0000e+00
        405     16.728     4.6777   3.095877    32.4225    25.6670 0.0000e+00
        406     17.017     4.6766   3.095822    32.4228    25.6674 0.0000e+00
        407     17.309     4.6753   3.095713    32.4226    25.6674 0.0000e+00
        408     17.617     4.6746   3.095631    32.4222    25.6672 0.0000e+00
        409     17.930     4.6757   3.095727    32.4221    25.6669 0.0000e+00
        410     18.230     4.6781   3.095964    32.4223    25.6669 0.0000e+00
