Datasets/Test_Dataset_39219_tow/originals/tel219_2021_075.cnv
* Sea-Bird SBE19plus Data File:
* Filename = C:/AQUIRE/tel219_2021_075.hex
* Software Version AquireV2 AF V2.0
* Temperature SN =  4020
* Conductivity SN =  4020
* System UpLoad Time = May 15 2021 22:38:01
** VESSEL/TRIP/SEQ STN: tel219_2021_075
** LATITUDE: 45 12.52 N
** LONGITUDE: 55 50.90 W
** DATE/TIME: 2021-05-15 21:56
** SOUNDING DEPTH (M): 0081
** PROBE TYPE: S4020
** CTD NUMBER: 075
** FORMAT: t
** COMMENTS: 
# nquan = 7                                 
# nvalues = 2509                        
# units = specified
# name 0 = scan: Scan Count
# name 1 = prdM: Pressure, Strain Gauge [db]
# name 2 = tv290C: Temperature [ITS-90, deg C]
# name 3 = c0S/m: Conductivity [S/m]
# name 4 = sal00: Salinity, Practical [PSU]
# name 5 = sigma-t00: Density [sigma-t, kg/m^3 ]
# name 6 = flag: flag
# span 0 =          1,       2509       
# span 1 =     -0.009,     76.965       
# span 2 =     0.8799,     5.1927       
# span 3 =   0.004834,   3.068519       
# span 4 =     0.0356,    32.3024       
# span 5 =    -0.0079,    25.8835       
# span 6 = 0.0000e+00, 0.0000e+00       
# interval = seconds: 1
# start_time = May 15 2021 21:56:19 [Instrument's time stamp, header]
# bad_flag = -9.990e-29
*END*
          1      0.012     5.1594   0.005205     0.0384    -0.0052 0.0000e+00
          2      0.008     5.1594   0.005204     0.0384    -0.0052 0.0000e+00
          3      0.003     5.1594   0.005205     0.0384    -0.0052 0.0000e+00
          4      0.003     5.1593   0.005205     0.0384    -0.0052 0.0000e+00
          5      0.007     5.1593   0.005203     0.0384    -0.0052 0.0000e+00
          6      0.010     5.1593   0.005199     0.0383    -0.0052 0.0000e+00
          7      0.008     5.1593   0.005194     0.0383    -0.0052 0.0000e+00
          8      0.004     5.1593   0.005191     0.0383    -0.0052 0.0000e+00
          9      0.005     5.1593   0.005191     0.0383    -0.0052 0.0000e+00
         10      0.009     5.1593   0.005194     0.0383    -0.0052 0.0000e+00
         11      0.009     5.1593   0.005193     0.0383    -0.0052 0.0000e+00
         12      0.008     5.1593   0.005189     0.0383    -0.0053 0.0000e+00
         13      0.006     5.1593   0.005186     0.0382    -0.0053 0.0000e+00
         14      0.005     5.1593   0.005184     0.0382    -0.0053 0.0000e+00
         15      0.005     5.1593   0.005184     0.0382    -0.0053 0.0000e+00
         16      0.004     5.1594   0.005186     0.0382    -0.0053 0.0000e+00
         17      0.005     5.1596   0.005183     0.0382    -0.0053 0.0000e+00
         18      0.010     5.1597   0.005177     0.0382    -0.0053 0.0000e+00
         19      0.012     5.1597   0.005175     0.0382    -0.0053 0.0000e+00
         20      0.012     5.1597   0.005177     0.0382    -0.0053 0.0000e+00
         21      0.012     5.1597   0.005177     0.0382    -0.0053 0.0000e+00
         22      0.012     5.1599   0.005174     0.0381    -0.0054 0.0000e+00
         23      0.010     5.1600   0.005170     0.0381    -0.0054 0.0000e+00
         24      0.010     5.1601   0.005167     0.0381    -0.0054 0.0000e+00
         25      0.013     5.1601   0.005167     0.0381    -0.0054 0.0000e+00
         26      0.014     5.1601   0.005169     0.0381    -0.0054 0.0000e+00
         27      0.012     5.1600   0.005172     0.0381    -0.0054 0.0000e+00
         28      0.011     5.1601   0.005170     0.0381    -0.0054 0.0000e+00
         29      0.011     5.1601   0.005164     0.0381    -0.0054 0.0000e+00
         30      0.011     5.1601   0.005160     0.0380    -0.0054 0.0000e+00
         31      0.011     5.1601   0.005157     0.0380    -0.0055 0.0000e+00
         32      0.009     5.1603   0.005155     0.0380    -0.0055 0.0000e+00
         33      0.008     5.1604   0.005153     0.0380    -0.0055 0.0000e+00
         34      0.009     5.1605   0.005152     0.0380    -0.0055 0.0000e+00
         35      0.010     5.1605   0.005151     0.0380    -0.0055 0.0000e+00
         36      0.006     5.1606   0.005153     0.0380    -0.0055 0.0000e+00
         37      0.002     5.1607   0.005151     0.0380    -0.0055 0.0000e+00
         38      0.004     5.1608   0.005144     0.0379    -0.0055 0.0000e+00
         39      0.011     5.1608   0.005137     0.0379    -0.0056 0.0000e+00
         40      0.014     5.1608   0.005138     0.0379    -0.0056 0.0000e+00
         41      0.013     5.1609   0.005142     0.0379    -0.0056 0.0000e+00
         42      0.010     5.1609   0.005143     0.0379    -0.0056 0.0000e+00
         43      0.007     5.1610   0.005142     0.0379    -0.0056 0.0000e+00
         44      0.006     5.1612   0.005137     0.0379    -0.0056 0.0000e+00
         45      0.008     5.1613   0.005134     0.0379    -0.0056 0.0000e+00
         46      0.009     5.1615   0.005137     0.0379    -0.0056 0.0000e+00
         47      0.009     5.1616   0.005140     0.0379    -0.0056 0.0000e+00
         48      0.008     5.1616   0.005142     0.0379    -0.0056 0.0000e+00
         49      0.006     5.1617   0.005139     0.0379    -0.0056 0.0000e+00
         50      0.005     5.1617   0.005133     0.0378    -0.0056 0.0000e+00
         51      0.003     5.1619   0.005130     0.0378    -0.0057 0.0000e+00
         52      0.002     5.1620   0.005130     0.0378    -0.0057 0.0000e+00
         53      0.001     5.1621   0.005132     0.0378    -0.0056 0.0000e+00
         54      0.001     5.1623   0.005133     0.0378    -0.0056 0.0000e+00
         55      0.003     5.1624   0.005131     0.0378    -0.0057 0.0000e+00
         56      0.006     5.1624   0.005128     0.0378    -0.0057 0.0000e+00
         57      0.008     5.1624   0.005126     0.0378    -0.0057 0.0000e+00
         58      0.010     5.1624   0.005127     0.0378    -0.0057 0.0000e+00
         59      0.012     5.1624   0.005130     0.0378    -0.0057 0.0000e+00
         60      0.012     5.1625   0.005130     0.0378    -0.0057 0.0000e+00
         61      0.012     5.1625   0.005126     0.0378    -0.0057 0.0000e+00
         62      0.015     5.1625   0.005121     0.0378    -0.0057 0.0000e+00
         63      0.015     5.1625   0.005115     0.0377    -0.0058 0.0000e+00
         64      0.010     5.1626   0.005114     0.0377    -0.0058 0.0000e+00
         65      0.008     5.1627   0.005118     0.0377    -0.0057 0.0000e+00
         66      0.009     5.1627   0.005123     0.0378    -0.0057 0.0000e+00
         67      0.009     5.1628   0.005125     0.0378    -0.0057 0.0000e+00
         68      0.008     5.1628   0.005120     0.0377    -0.0057 0.0000e+00
         69      0.008     5.1628   0.005115     0.0377    -0.0058 0.0000e+00
         70      0.009     5.1629   0.005112     0.0377    -0.0058 0.0000e+00
         71      0.012     5.1631   0.005116     0.0377    -0.0058 0.0000e+00
         72      0.012     5.1631   0.005120     0.0377    -0.0057 0.0000e+00
         73      0.012     5.1631   0.005121     0.0378    -0.0057 0.0000e+00
         74      0.014     5.1632   0.005120     0.0377    -0.0057 0.0000e+00
         75      0.015     5.1632   0.005118     0.0377    -0.0057 0.0000e+00
         76      0.013     5.1634   0.005116     0.0377    -0.0058 0.0000e+00
         77      0.010     5.1635   0.005117     0.0377    -0.0058 0.0000e+00
         78      0.007     5.1635   0.005119     0.0377    -0.0057 0.0000e+00
         79      0.005     5.1637   0.005121     0.0378    -0.0057 0.0000e+00
         80      0.006     5.1639   0.005124     0.0378    -0.0057 0.0000e+00
         81      0.008     5.1639   0.005121     0.0378    -0.0057 0.0000e+00
         82      0.009     5.1639   0.005119     0.0377    -0.0058 0.0000e+00
         83      0.011     5.1639   0.005118     0.0377    -0.0058 0.0000e+00
         84      0.014     5.1640   0.005117     0.0377    -0.0058 0.0000e+00
         85      0.014     5.1642   0.005118     0.0377    -0.0058 0.0000e+00
         86      0.011     5.1643   0.005119     0.0377    -0.0058 0.0000e+00
         87      0.006     5.1645   0.005119     0.0377    -0.0058 0.0000e+00
         88      0.003     5.1647   0.005120     0.0377    -0.0058 0.0000e+00
         89      0.003     5.1647   0.005122     0.0378    -0.0058 0.0000e+00
         90      0.004     5.1647   0.005124     0.0378    -0.0057 0.0000e+00
         91      0.002     5.1648   0.005122     0.0378    -0.0058 0.0000e+00
         92      0.000     5.1650   0.005120     0.0377    -0.0058 0.0000e+00
         93      0.001     5.1650   0.005119     0.0377    -0.0058 0.0000e+00
         94      0.004     5.1650   0.005123     0.0378    -0.0058 0.0000e+00
         95      0.008     5.1650   0.005132     0.0378    -0.0057 0.0000e+00
         96      0.009     5.1650   0.005137     0.0379    -0.0057 0.0000e+00
         97      0.011     5.1652   0.005135     0.0379    -0.0057 0.0000e+00
         98      0.014     5.1654   0.005132     0.0378    -0.0057 0.0000e+00
         99      0.013     5.1655   0.005133     0.0378    -0.0057 0.0000e+00
        100      0.009     5.1657   0.005139     0.0379    -0.0057 0.0000e+00
        101      0.005     5.1658   0.005145     0.0379    -0.0056 0.0000e+00
        102      0.003     5.1658   0.005147     0.0379    -0.0056 0.0000e+00
        103      0.004     5.1658   0.005144     0.0379    -0.0056 0.0000e+00
        104      0.005     5.1658   0.005140     0.0379    -0.0057 0.0000e+00
        105      0.004     5.1658   0.005138     0.0379    -0.0057 0.0000e+00
        106      0.004     5.1660   0.005137     0.0379    -0.0057 0.0000e+00
        107      0.005     5.1662   0.005137     0.0379    -0.0057 0.0000e+00
        108      0.003     5.1662   0.005134     0.0378    -0.0057 0.0000e+00
        109      0.000     5.1662   0.005132     0.0378    -0.0057 0.0000e+00
        110      0.000     5.1662   0.005130     0.0378    -0.0057 0.0000e+00
        111      0.002     5.1662   0.005130     0.0378    -0.0057 0.0000e+00
        112      0.003     5.1662   0.005129     0.0378    -0.0057 0.0000e+00
        113      0.003     5.1662   0.005127     0.0378    -0.0058 0.0000e+00
        114      0.002     5.1663   0.005123     0.0378    -0.0058 0.0000e+00
        115      0.001     5.1662   0.005119     0.0377    -0.0058 0.0000e+00
        116      0.002     5.1662   0.005121     0.0378    -0.0058 0.0000e+00
        117      0.006     5.1660   0.005125     0.0378    -0.0058 0.0000e+00
        118      0.009     5.1656   0.005129     0.0378    -0.0057 0.0000e+00
        119      0.010     5.1654   0.005127     0.0378    -0.0057 0.0000e+00
        120      0.010     5.1654   0.005123     0.0378    -0.0058 0.0000e+00
        121      0.009     5.1655   0.005120     0.0377    -0.0058 0.0000e+00
        122      0.004     5.1659   0.005123     0.0378    -0.0058 0.0000e+00
        123      0.002     5.1662   0.005129     0.0378    -0.0057 0.0000e+00
        124      0.003     5.1662   0.005133     0.0378    -0.0057 0.0000e+00
        125      0.004     5.1662   0.005135     0.0379    -0.0057 0.0000e+00
        126      0.008     5.1662   0.005132     0.0378    -0.0057 0.0000e+00
        127      0.011     5.1662   0.005127     0.0378    -0.0058 0.0000e+00
        128      0.012     5.1662   0.005124     0.0378    -0.0058 0.0000e+00
        129      0.011     5.1662   0.005125     0.0378    -0.0058 0.0000e+00
        130      0.009     5.1662   0.005129     0.0378    -0.0057 0.0000e+00
        131      0.008     5.1662   0.005128     0.0378    -0.0057 0.0000e+00
        132      0.008     5.1662   0.005122     0.0378    -0.0058 0.0000e+00
        133      0.008     5.1662   0.005116     0.0377    -0.0058 0.0000e+00
        134      0.008     5.1662   0.005115     0.0377    -0.0058 0.0000e+00
        135      0.008     5.1662   0.005117     0.0377    -0.0058 0.0000e+00
        136      0.005     5.1662   0.005117     0.0377    -0.0058 0.0000e+00
        137      0.005     5.1662   0.005114     0.0377    -0.0058 0.0000e+00
        138      0.006     5.1662   0.005110     0.0377    -0.0059 0.0000e+00
        139      0.006     5.1661   0.005109     0.0377    -0.0059 0.0000e+00
        140      0.006     5.1661   0.005109     0.0377    -0.0059 0.0000e+00
        141      0.006     5.1661   0.005108     0.0377    -0.0059 0.0000e+00
        142      0.004     5.1661   0.005105     0.0376    -0.0059 0.0000e+00
        143      0.003     5.1661   0.005103     0.0376    -0.0059 0.0000e+00
        144      0.003     5.1660   0.005101     0.0376    -0.0059 0.0000e+00
        145      0.004     5.1658   0.005100     0.0376    -0.0059 0.0000e+00
        146      0.007     5.1658   0.005103     0.0376    -0.0059 0.0000e+00
        147      0.007     5.1658   0.005103     0.0376    -0.0059 0.0000e+00
        148      0.007     5.1659   0.005100     0.0376    -0.0059 0.0000e+00
        149      0.007     5.1661   0.005097     0.0376    -0.0059 0.0000e+00
        150      0.005     5.1662   0.005098     0.0376    -0.0059 0.0000e+00
        151      0.003     5.1662   0.005098     0.0376    -0.0059 0.0000e+00
        152      0.002     5.1663   0.005099     0.0376    -0.0059 0.0000e+00
        153      0.003     5.1665   0.005096     0.0376    -0.0059 0.0000e+00
        154      0.004     5.1666   0.005092     0.0375    -0.0060 0.0000e+00
        155      0.006     5.1666   0.005087     0.0375    -0.0060 0.0000e+00
        156      0.008     5.1666   0.005087     0.0375    -0.0060 0.0000e+00
        157      0.007     5.1667   0.005092     0.0375    -0.0060 0.0000e+00
        158      0.003     5.1667   0.005098     0.0376    -0.0059 0.0000e+00
        159     -0.001     5.1667   0.005097     0.0376    -0.0059 0.0000e+00
        160     -0.003     5.1668   0.005089     0.0375    -0.0060 0.0000e+00
        161     -0.003     5.1669   0.005082     0.0375    -0.0060 0.0000e+00
        162     -0.003     5.1669   0.005081     0.0375    -0.0060 0.0000e+00
        163     -0.005     5.1669   0.005087     0.0375    -0.0060 0.0000e+00
        164     -0.006     5.1668   0.005092     0.0375    -0.0060 0.0000e+00
        165     -0.005     5.1666   0.005090     0.0375    -0.0060 0.0000e+00
        166     -0.002     5.1666   0.005084     0.0375    -0.0060 0.0000e+00
        167     -0.000     5.1668   0.005079     0.0374    -0.0061 0.0000e+00
        168      0.002     5.1669   0.005079     0.0374    -0.0061 0.0000e+00
        169      0.003     5.1669   0.005086     0.0375    -0.0060 0.0000e+00
        170      0.003     5.1669   0.005091     0.0375    -0.0060 0.0000e+00
        171      0.003     5.1669   0.005089     0.0375    -0.0060 0.0000e+00
        172      0.003     5.1670   0.005083     0.0375    -0.0060 0.0000e+00
        173      0.004     5.1672   0.005081     0.0375    -0.0060 0.0000e+00
        174      0.005     5.1673   0.005082     0.0375    -0.0060 0.0000e+00
        175      0.007     5.1673   0.005080     0.0374    -0.0061 0.0000e+00
        176      0.007     5.1673   0.005078     0.0374    -0.0061 0.0000e+00
        177      0.007     5.1675   0.005075     0.0374    -0.0061 0.0000e+00
        178      0.006     5.1675   0.005071     0.0374    -0.0061 0.0000e+00
        179      0.005     5.1675   0.005068     0.0374    -0.0061 0.0000e+00
        180      0.007     5.1676   0.005065     0.0373    -0.0062 0.0000e+00
        181      0.010     5.1677   0.005060     0.0373    -0.0062 0.0000e+00
        182      0.012     5.1677   0.005059     0.0373    -0.0062 0.0000e+00
        183      0.011     5.1677   0.005058     0.0373    -0.0062 0.0000e+00
        184      0.009     5.1677   0.005058     0.0373    -0.0062 0.0000e+00
        185      0.008     5.1678   0.005056     0.0373    -0.0062 0.0000e+00
        186      0.008     5.1678   0.005052     0.0372    -0.0062 0.0000e+00
        187      0.008     5.1678   0.005048     0.0372    -0.0063 0.0000e+00
        188      0.007     5.1677   0.005045     0.0372    -0.0063 0.0000e+00
        189      0.006     5.1677   0.005044     0.0372    -0.0063 0.0000e+00
        190      0.005     5.1677   0.005045     0.0372    -0.0063 0.0000e+00
        191      0.006     5.1677   0.005046     0.0372    -0.0063 0.0000e+00
        192      0.007     5.1677   0.005045     0.0372    -0.0063 0.0000e+00
        193      0.006     5.1677   0.005043     0.0372    -0.0063 0.0000e+00
        194      0.005     5.1679   0.005044     0.0372    -0.0063 0.0000e+00
        195      0.004     5.1681   0.005048     0.0372    -0.0063 0.0000e+00
        196      0.002     5.1681   0.005051     0.0372    -0.0062 0.0000e+00
        197      0.001     5.1681   0.005049     0.0372    -0.0063 0.0000e+00
        198      0.003     5.1681   0.005045     0.0372    -0.0063 0.0000e+00
        199      0.005     5.1681   0.005044     0.0372    -0.0063 0.0000e+00
        200      0.007     5.1683   0.005044     0.0372    -0.0063 0.0000e+00
        201      0.007     5.1684   0.005040     0.0371    -0.0063 0.0000e+00
        202      0.003     5.1685   0.005039     0.0371    -0.0063 0.0000e+00
        203      0.000     5.1685   0.005038     0.0371    -0.0063 0.0000e+00
        204      0.003     5.1685   0.005036     0.0371    -0.0063 0.0000e+00
        205      0.006     5.1685   0.005036     0.0371    -0.0063 0.0000e+00
