Datasets/Test_Dataset_39219_tow/originals/tel219_2021_056.cnv
* Sea-Bird SBE19plus Data File:
* Filename = C:/AQUIRE/tel219_2021_056.hex
* Software Version AquireV2 AF V2.0
* Temperature SN =  4020
* Conductivity SN =  4020
* System UpLoad Time = May 14 2021 00:39:39
** VESSEL/TRIP/SEQ STN: tel219_2021_056
** LATITUDE: 45 09.48 N
** LONGITUDE: 55 00.06 W
** DATE/TIME: 2021-05-13 23:47
** SOUNDING DEPTH (M): 0147
** PROBE TYPE: S4020
** CTD NUMBER:  56
** FORMAT: t
** COMMENTS: 
# nquan = 7                                 
# nvalues = 3023                        
# units = specified
# name 0 = scan: Scan Count
# name 1 = prdM: Pressure, Strain Gauge [db]
# name 2 = tv290C: Temperature [ITS-90, deg C]
# name 3 = c0S/m: Conductivity [S/m]
# name 4 = sal00: Salinity, Practical [PSU]
# name 5 = sigma-t00: Density [sigma-t, kg/m^3 ]
# name 6 = flag: flag
# span 0 =          1,       3023       
# span 1 =     -0.072,    144.048       
# span 2 =     0.3589,     4.2244       
# span 3 =   0.013834,   3.113967       
# span 4 =     0.1068,    33.6242       
# span 5 =     0.0609,    26.7713       
# span 6 = 0.0000e+00, 0.0000e+00       
# interval = seconds: 1
# start_time = May 13 2021 23:47:00 [Instrument's time stamp, header]
# bad_flag = -9.990e-29
*END*
[from data line 1436]
       1437    142.729     3.1185   3.058543    33.4852    26.6654 0.0000e+00
       1438    142.737     3.1151   3.058177    33.4843    26.6650 0.0000e+00
       1439    142.741     3.1182   3.058673    33.4871    26.6669 0.0000e+00
       1440    142.744     3.1249   3.059249    33.4872    26.6663 0.0000e+00
       1441    142.745     3.1326   3.060224    33.4910    26.6687 0.0000e+00
       1442    142.740     3.1339   3.060546    33.4935    26.6706 0.0000e+00
       1443    142.730     3.1248   3.059417    33.4893    26.6680 0.0000e+00
       1444    142.713     3.1133   3.058048    33.4847    26.6654 0.0000e+00
       1445    142.692     3.1129   3.058023    33.4848    26.6655 0.0000e+00
       1446    142.674     3.1278   3.059699    33.4896    26.6680 0.0000e+00
       1447    142.659     3.1480   3.061791    33.4940    26.6697 0.0000e+00
       1448    142.640     3.1626   3.063121    33.4950    26.6692 0.0000e+00
       1449    142.612     3.1692   3.063744    33.4957    26.6692 0.0000e+00
       1450    142.581     3.1722   3.064130    33.4973    26.6701 0.0000e+00
       1451    142.558     3.1759   3.064530    33.4983    26.6706 0.0000e+00
       1452    142.541     3.1810   3.065039    33.4992    26.6709 0.0000e+00
       1453    142.513     3.1859   3.065496    33.4997    26.6708 0.0000e+00
       1454    142.464     3.1868   3.065655    33.5007    26.6715 0.0000e+00
       1455    142.406     3.1810   3.065091    33.4999    26.6714 0.0000e+00
       1456    142.359     3.1745   3.064227    33.4962    26.6691 0.0000e+00
       1457    142.335     3.1776   3.064557    33.4970    26.6694 0.0000e+00
       1458    142.320     3.1895   3.065977    33.5019    26.6722 0.0000e+00
       1459    142.299     3.2009   3.067194    33.5048    26.6735 0.0000e+00
       1460    142.273     3.2073   3.067845    33.5060    26.6739 0.0000e+00
       1461    142.249     3.2101   3.068098    33.5062    26.6738 0.0000e+00
       1462    142.237     3.2131   3.068395    33.5067    26.6739 0.0000e+00
       1463    142.240     3.2165   3.068890    33.5091    26.6756 0.0000e+00
       1464    142.245     3.2176   3.069006    33.5094    26.6757 0.0000e+00
       1465    142.239     3.2171   3.068835    33.5079    26.6745 0.0000e+00
       1466    142.225     3.2190   3.069061    33.5086    26.6749 0.0000e+00
       1467    142.217     3.2222   3.069569    33.5115    26.6769 0.0000e+00
       1468    142.220     3.2216   3.069552    33.5119    26.6773 0.0000e+00
       1469    142.224     3.2171   3.068915    33.5088    26.6753 0.0000e+00
       1470    142.218     3.2152   3.068677    33.5079    26.6747 0.0000e+00
       1471    142.211     3.2180   3.069141    33.5106    26.6766 0.0000e+00
       1472    142.210     3.2224   3.069658    33.5123    26.6776 0.0000e+00
       1473    142.220     3.2264   3.070085    33.5133    26.6780 0.0000e+00
       1474    142.234     3.2281   3.070310    33.5143    26.6786 0.0000e+00
       1475    142.243     3.2273   3.070097    33.5125    26.6773 0.0000e+00
       1476    142.248     3.2299   3.070245    33.5116    26.6763 0.0000e+00
       1477    142.257     3.2376   3.071211    33.5153    26.6785 0.0000e+00
       1478    142.276     3.2450   3.072084    33.5182    26.6802 0.0000e+00
       1479    142.301     3.2500   3.072533    33.5184    26.6799 0.0000e+00
       1480    142.319     3.2542   3.072903    33.5185    26.6796 0.0000e+00
       1481    142.325     3.2572   3.073168    33.5186    26.6794 0.0000e+00
       1482    142.328     3.2582   3.073317    33.5194    26.6799 0.0000e+00
       1483    142.339     3.2554   3.073147    33.5202    26.6808 0.0000e+00
       1484    142.354     3.2485   3.072380    33.5181    26.6798 0.0000e+00
       1485    142.368     3.2428   3.071693    33.5157    26.6784 0.0000e+00
       1486    142.382     3.2447   3.071992    33.5173    26.6795 0.0000e+00
       1487    142.391     3.2529   3.072985    33.5208    26.6815 0.0000e+00
       1488    142.395     3.2606   3.073794    33.5226    26.6823 0.0000e+00
       1489    142.399     3.2648   3.074175    33.5229    26.6821 0.0000e+00
       1490    142.409     3.2664   3.074331    33.5231    26.6821 0.0000e+00
       1491    142.426     3.2664   3.074343    33.5232    26.6822 0.0000e+00
       1492    142.444     3.2655   3.074239    33.5229    26.6820 0.0000e+00
       1493    142.457     3.2632   3.074060    33.5231    26.6824 0.0000e+00
       1494    142.465     3.2561   3.073443    33.5230    26.6830 0.0000e+00
       1495    142.464     3.2435   3.072077    33.5196    26.6814 0.0000e+00
       1496    142.451     3.2326   3.070838    33.5159    26.6795 0.0000e+00
       1497    142.423     3.2295   3.070558    33.5157    26.6796 0.0000e+00
       1498    142.384     3.2336   3.070997    33.5168    26.6801 0.0000e+00
       1499    142.338     3.2418   3.071788    33.5179    26.6802 0.0000e+00
       1500    142.279     3.2502   3.072581    33.5188    26.6802 0.0000e+00
       1501    142.201     3.2557   3.073196    33.5206    26.6811 0.0000e+00
       1502    142.114     3.2592   3.073611    33.5220    26.6819 0.0000e+00
       1503    142.030     3.2616   3.073812    33.5220    26.6817 0.0000e+00
       1504    141.955     3.2630   3.073854    33.5211    26.6808 0.0000e+00
       1505    141.884     3.2636   3.073751    33.5193    26.6793 0.0000e+00
       1506    141.807     3.2630   3.073534    33.5173    26.6778 0.0000e+00
       1507    141.718     3.2607   3.073293    33.5168    26.6776 0.0000e+00
       1508    141.624     3.2576   3.073208    33.5191    26.6797 0.0000e+00
       1509    141.527     3.2554   3.073311    33.5226    26.6828 0.0000e+00
       1510    141.424     3.2545   3.073432    33.5251    26.6848 0.0000e+00
       1511    141.321     3.2544   3.073424    33.5251    26.6848 0.0000e+00
       1512    141.228     3.2536   3.073286    33.5244    26.6843 0.0000e+00
       1513    141.153     3.2472   3.072823    33.5254    26.6857 0.0000e+00
       1514    141.106     3.2317   3.071586    33.5266    26.6881 0.0000e+00
       1515    141.080     3.2155   3.070116    33.5256    26.6888 0.0000e+00
       1516    141.055     3.2083   3.069461    33.5252    26.6891 0.0000e+00
       1517    141.024     3.2073   3.069326    33.5246    26.6887 0.0000e+00
       1518    140.998     3.2087   3.069149    33.5210    26.6857 0.0000e+00
       1519    140.983     3.2122   3.069084    33.5166    26.6819 0.0000e+00
       1520    140.970     3.2162   3.069242    33.5144    26.6798 0.0000e+00
       1521    140.959     3.2186   3.069531    33.5154    26.6804 0.0000e+00
       1522    140.961     3.2196   3.069761    33.5171    26.6817 0.0000e+00
       1523    140.979     3.2203   3.069866    33.5177    26.6820 0.0000e+00
       1524    140.997     3.2199   3.069892    33.5184    26.6826 0.0000e+00
       1525    141.004     3.2174   3.069833    33.5203    26.6843 0.0000e+00
       1526    141.006     3.2149   3.069665    33.5208    26.6850 0.0000e+00
       1527    141.015     3.2159   3.069476    33.5175    26.6823 0.0000e+00
       1528    141.038     3.2203   3.069477    33.5129    26.6782 0.0000e+00
       1529    141.068     3.2241   3.069642    33.5110    26.6763 0.0000e+00
       1530    141.098     3.2250   3.069771    33.5116    26.6767 0.0000e+00
       1531    141.142     3.2238   3.069867    33.5140    26.6787 0.0000e+00
       1532    141.218     3.2206   3.069631    33.5144    26.6794 0.0000e+00
       1533    141.329     3.2153   3.068966    33.5118    26.6778 0.0000e+00
       1534    141.454     3.2119   3.068605    33.5109    26.6774 0.0000e+00
       1535    141.568     3.2119   3.068695    33.5119    26.6782 0.0000e+00
       1536    141.667     3.2139   3.068869    33.5119    26.6780 0.0000e+00
       1537    141.762     3.2202   3.069466    33.5125    26.6779 0.0000e+00
       1538    141.867     3.2321   3.070778    33.5160    26.6796 0.0000e+00
       1539    141.987     3.2451   3.072083    33.5182    26.6802 0.0000e+00
       1540    142.105     3.2533   3.072459    33.5142    26.6762 0.0000e+00
       1541    142.204     3.2551   3.071934    33.5060    26.6695 0.0000e+00
       1542    142.284     3.2531   3.071402    33.5016    26.6662 0.0000e+00
       1543    142.358     3.2518   3.071406    33.5029    26.6674 0.0000e+00
       1544    142.436     3.2515   3.071500    33.5043    26.6685 0.0000e+00
       1545    142.510     3.2487   3.071470    33.5068    26.6708 0.0000e+00
       1546    142.575     3.2443   3.071693    33.5140    26.6769 0.0000e+00
       1547    142.635     3.2426   3.072181    33.5217    26.6831 0.0000e+00
       1548    142.692     3.2444   3.072678    33.5258    26.6863 0.0000e+00
       1549    142.752     3.2475   3.072954    33.5258    26.6860 0.0000e+00
       1550    142.815     3.2495   3.072977    33.5240    26.6844 0.0000e+00
       1551    142.883     3.2498   3.072983    33.5237    26.6842 0.0000e+00
       1552    142.954     3.2504   3.073096    33.5245    26.6847 0.0000e+00
       1553    143.020     3.2521   3.073294    33.5250    26.6850 0.0000e+00
       1554    143.072     3.2545   3.073544    33.5256    26.6852 0.0000e+00
       1555    143.111     3.2565   3.073729    33.5257    26.6851 0.0000e+00
       1556    143.146     3.2577   3.073829    33.5256    26.6849 0.0000e+00
       1557    143.176     3.2588   3.074002    33.5266    26.6856 0.0000e+00
       1558    143.192     3.2614   3.074466    33.5295    26.6876 0.0000e+00
       1559    143.190     3.2666   3.075238    33.5334    26.6903 0.0000e+00
       1560    143.183     3.2724   3.075628    33.5321    26.6887 0.0000e+00
       1561    143.189     3.2759   3.075432    33.5261    26.6836 0.0000e+00
       1562    143.221     3.2771   3.075392    33.5244    26.6821 0.0000e+00
       1563    143.274     3.2770   3.075536    33.5262    26.6836 0.0000e+00
       1564    143.327     3.2771   3.075742    33.5285    26.6855 0.0000e+00
       1565    143.368     3.2789   3.076143    33.5315    26.6877 0.0000e+00
       1566    143.401     3.2813   3.076420    33.5323    26.6881 0.0000e+00
       1567    143.435     3.2823   3.076433    33.5314    26.6873 0.0000e+00
       1568    143.472     3.2817   3.076283    33.5302    26.6864 0.0000e+00
       1569    143.513     3.2806   3.076050    33.5285    26.6851 0.0000e+00
       1570    143.557     3.2804   3.076119    33.5295    26.6860 0.0000e+00
       1571    143.596     3.2824   3.076643    33.5338    26.6891 0.0000e+00
       1572    143.623     3.2860   3.077113    33.5357    26.6904 0.0000e+00
       1573    143.634     3.2886   3.077237    33.5345    26.6892 0.0000e+00
       1574    143.641     3.2895   3.077053    33.5313    26.6866 0.0000e+00
       1575    143.658     3.2900   3.076744    33.5271    26.6831 0.0000e+00
       1576    143.683     3.2900   3.076688    33.5264    26.6826 0.0000e+00
       1577    143.712     3.2896   3.077063    33.5313    26.6865 0.0000e+00
       1578    143.740     3.2912   3.077743    33.5379    26.6916 0.0000e+00
       1579    143.760     3.2961   3.078405    33.5408    26.6935 0.0000e+00
       1580    143.777     3.3004   3.078649    33.5392    26.6918 0.0000e+00
       1581    143.803     3.3015   3.078393    33.5350    26.6884 0.0000e+00
       1582    143.833     3.3006   3.078099    33.5324    26.6863 0.0000e+00
       1583    143.862     3.2994   3.078187    33.5347    26.6883 0.0000e+00
       1584    143.890     3.2990   3.078478    33.5386    26.6914 0.0000e+00
       1585    143.914     3.2999   3.078545    33.5384    26.6912 0.0000e+00
       1586    143.936     3.3008   3.078382    33.5355    26.6888 0.0000e+00
       1587    143.954     3.3006   3.078213    33.5337    26.6874 0.0000e+00
       1588    143.969     3.2996   3.078061    33.5329    26.6868 0.0000e+00
       1589    143.984     3.2988   3.077944    33.5323    26.6864 0.0000e+00
       1590    143.999     3.2976   3.077964    33.5338    26.6877 0.0000e+00
       1591    144.014     3.2965   3.078094    33.5365    26.6900 0.0000e+00
       1592    144.029     3.2965   3.078176    33.5374    26.6908 0.0000e+00
       1593    144.038     3.2965   3.078012    33.5355    26.6892 0.0000e+00
       1594    144.038     3.2953   3.077664    33.5325    26.6869 0.0000e+00
       1595    144.031     3.2945   3.077515    33.5315    26.6862 0.0000e+00
       1596    144.029     3.2971   3.077711    33.5312    26.6857 0.0000e+00
       1597    144.038     3.3011   3.077921    33.5296    26.6841 0.0000e+00
       1598    144.044     3.3019   3.077916    33.5287    26.6833 0.0000e+00
       1599    144.029     3.2996   3.078020    33.5323    26.6864 0.0000e+00
       1600    143.994     3.2984   3.078344    33.5375    26.6907 0.0000e+00
       1601    143.956     3.3005   3.078549    33.5378    26.6907 0.0000e+00
       1602    143.933     3.3063   3.078850    33.5355    26.6883 0.0000e+00
       1603    143.931     3.3133   3.079313    33.5338    26.6863 0.0000e+00
       1604    143.942     3.3163   3.079548    33.5335    26.6858 0.0000e+00
       1605    143.945     3.3162   3.079874    33.5376    26.6890 0.0000e+00
       1606    143.930     3.3169   3.080219    33.5410    26.6917 0.0000e+00
       1607    143.914     3.3178   3.080230    33.5402    26.6910 0.0000e+00
       1608    143.917     3.3167   3.080198    33.5410    26.6917 0.0000e+00
       1609    143.940     3.3140   3.080201    33.5438    26.6942 0.0000e+00
       1610    143.967     3.3130   3.080159    33.5443    26.6947 0.0000e+00
       1611    143.981     3.3141   3.080032    33.5416    26.6925 0.0000e+00
       1612    143.982     3.3140   3.079749    33.5383    26.6898 0.0000e+00
       1613    143.976     3.3122   3.079400    33.5360    26.6881 0.0000e+00
       1614    143.970     3.3110   3.079202    33.5348    26.6873 0.0000e+00
       1615    143.966     3.3121   3.079226    33.5340    26.6866 0.0000e+00
       1616    143.964     3.3137   3.079248    33.5326    26.6853 0.0000e+00
       1617    143.966     3.3132   3.079147    33.5319    26.6848 0.0000e+00
       1618    143.970     3.3108   3.079033    33.5330    26.6859 0.0000e+00
       1619    143.976     3.3087   3.079013    33.5349    26.6876 0.0000e+00
       1620    143.983     3.3076   3.079091    33.5370    26.6894 0.0000e+00
       1621    143.991     3.3072   3.079168    33.5383    26.6905 0.0000e+00
       1622    144.000     3.3074   3.079159    33.5380    26.6902 0.0000e+00
       1623    144.009     3.3076   3.079097    33.5371    26.6894 0.0000e+00
       1624    144.016     3.3074   3.079007    33.5362    26.6888 0.0000e+00
       1625    144.015     3.3067   3.078926    33.5359    26.6886 0.0000e+00
       1626    144.003     3.3061   3.078930    33.5366    26.6892 0.0000e+00
       1627    143.982     3.3062   3.078865    33.5357    26.6885 0.0000e+00
       1628    143.962     3.3050   3.078647    33.5344    26.6875 0.0000e+00
       1629    143.956     3.2984   3.078209    33.5359    26.6894 0.0000e+00
       1630    143.968     3.2850   3.077199    33.5376    26.6920 0.0000e+00
       1631    143.986     3.2706   3.076253    33.5411    26.6961 0.0000e+00
       1632    143.998     3.2655   3.076369    33.5478    26.7019 0.0000e+00
       1633    144.003     3.2712   3.076885    33.5481    26.7016 0.0000e+00
       1634    144.007     3.2769   3.076895    33.5423    26.6964 0.0000e+00
       1635    144.021     3.2723   3.076395    33.5410    26.6959 0.0000e+00
       1636    144.040     3.2580   3.075334    33.5430    26.6988 0.0000e+00
       1637    144.048     3.2436   3.074297    33.5454    26.7020 0.0000e+00
       1638    144.046     3.2363   3.073855    33.5476    26.7044 0.0000e+00
       1639    144.041     3.2356   3.073346    33.5422    26.7002 0.0000e+00
       1640    144.038     3.2382   3.073014    33.5355    26.6946 0.0000e+00
       1641    144.036     3.2426   3.073619    33.5383    26.6964 0.0000e+00
