Datasets/Test_Dataset_39219_tow/originals/tel219_2021_047.cnv
* Sea-Bird SBE19plus Data File:
* Filename = C:/AQUIRE/tel219_2021_047.hex
* Software Version AquireV2 AF V2.0
* Temperature SN =  4020
* Conductivity SN =  4020
* System UpLoad Time = May 12 2021 21:38:08
** VESSEL/TRIP/SEQ STN: tel219_2021_047
** LATITUDE: 45 17.01 N
** LONGITUDE: 55 46.33 W
** DATE/TIME: 2021-05-12 20:57
** SOUNDING DEPTH (M): 0077
** PROBE TYPE: S4020
** CTD NUMBER: 047
** FORMAT: T
** COMMENTS: 
# nquan = 7                                 
# nvalues = 2466                        
# units = specified
# name 0 = scan: Scan Count
# name 1 = prdM: Pressure, Strain Gauge [db]
# name 2 = tv290C: Temperature [ITS-90, deg C]
# name 3 = c0S/m: Conductivity [S/m]
# name 4 = sal00: Salinity, Practical [PSU]
# name 5 = sigma-t00: Density [sigma-t, kg/m^3 ]
# name 6 = flag: flag
# span 0 =          1,       2466       
# span 1 =     -0.191,     76.179       
# span 2 =     2.0566,     4.5014       
# span 3 =   0.007467,   3.002948       
# span 4 =     0.0562,    32.2434       
# span 5 =     0.0187,    25.7533       
# span 6 = 0.0000e+00, 0.0000e+00       
# interval = seconds: 1
# start_time = May 12 2021 20:57:37 [Instrument's time stamp, header]
# bad_flag = -9.990e-29
*END*
[from data line 1642]
       1643     71.900     2.1288   2.870004    32.2292    25.7429 0.0000e+00
       1644     71.899     2.1289   2.870002    32.2291    25.7428 0.0000e+00
       1645     71.889     2.1292   2.870024    32.2291    25.7427 0.0000e+00
       1646     71.883     2.1297   2.870060    32.2290    25.7426 0.0000e+00
       1647     71.885     2.1300   2.870094    32.2291    25.7427 0.0000e+00
       1648     71.887     2.1302   2.870105    32.2291    25.7426 0.0000e+00
       1649     71.883     2.1305   2.870108    32.2288    25.7424 0.0000e+00
       1650     71.873     2.1310   2.870130    32.2286    25.7422 0.0000e+00
       1651     71.858     2.1315   2.870177    32.2287    25.7422 0.0000e+00
       1652     71.846     2.1321   2.870224    32.2286    25.7422 0.0000e+00
       1653     71.846     2.1329   2.870275    32.2285    25.7420 0.0000e+00
       1654     71.854     2.1342   2.870375    32.2284    25.7418 0.0000e+00
       1655     71.864     2.1359   2.870508    32.2283    25.7416 0.0000e+00
       1656     71.877     2.1368   2.870583    32.2283    25.7415 0.0000e+00
       1657     71.885     2.1366   2.870566    32.2283    25.7415 0.0000e+00
       1658     71.885     2.1363   2.870526    32.2281    25.7414 0.0000e+00
       1659     71.881     2.1363   2.870527    32.2281    25.7414 0.0000e+00
       1660     71.886     2.1364   2.870553    32.2283    25.7416 0.0000e+00
       1661     71.913     2.1363   2.870555    32.2284    25.7417 0.0000e+00
       1662     71.964     2.1364   2.870541    32.2281    25.7414 0.0000e+00
       1663     72.017     2.1365   2.870544    32.2280    25.7414 0.0000e+00
       1664     72.062     2.1363   2.870538    32.2281    25.7415 0.0000e+00
       1665     72.105     2.1353   2.870489    32.2285    25.7418 0.0000e+00
       1666     72.137     2.1345   2.870443    32.2288    25.7421 0.0000e+00
       1667     72.140     2.1345   2.870454    32.2289    25.7422 0.0000e+00
       1668     72.099     2.1351   2.870508    32.2290    25.7422 0.0000e+00
       1669     72.015     2.1357   2.870546    32.2289    25.7421 0.0000e+00
       1670     71.895     2.1359   2.870538    32.2286    25.7419 0.0000e+00
       1671     71.746     2.1363   2.870547    32.2284    25.7417 0.0000e+00
       1672     71.575     2.1374   2.870608    32.2282    25.7414 0.0000e+00
       1673     71.394     2.1390   2.870715    32.2280    25.7411 0.0000e+00
       1674     71.207     2.1403   2.870823    32.2281    25.7411 0.0000e+00
       1675     71.018     2.1408   2.870880    32.2284    25.7413 0.0000e+00
       1676     70.827     2.1413   2.870901    32.2282    25.7412 0.0000e+00
       1677     70.631     2.1421   2.870927    32.2279    25.7408 0.0000e+00
       1678     70.426     2.1433   2.871006    32.2277    25.7406 0.0000e+00
       1679     70.209     2.1441   2.871080    32.2279    25.7407 0.0000e+00
       1680     69.977     2.1443   2.871083    32.2279    25.7407 0.0000e+00
       1681     69.727     2.1444   2.871069    32.2278    25.7405 0.0000e+00
       1682     69.464     2.1447   2.871071    32.2276    25.7404 0.0000e+00
       1683     69.198     2.1458   2.871132    32.2274    25.7402 0.0000e+00
       1684     68.934     2.1474   2.871254    32.2274    25.7401 0.0000e+00
       1685     68.669     2.1490   2.871338    32.2270    25.7396 0.0000e+00
       1686     68.408     2.1510   2.871426    32.2262    25.7388 0.0000e+00
       1687     68.155     2.1537   2.871543    32.2250    25.7377 0.0000e+00
       1688     67.906     2.1559   2.871642    32.2242    25.7368 0.0000e+00
       1689     67.655     2.1567   2.871763    32.2250    25.7374 0.0000e+00
       1690     67.400     2.1574   2.871856    32.2256    25.7378 0.0000e+00
       1691     67.140     2.1594   2.871973    32.2251    25.7373 0.0000e+00
       1692     66.882     2.1626   2.872199    32.2248    25.7368 0.0000e+00
       1693     66.623     2.1654   2.872365    32.2242    25.7361 0.0000e+00
       1694     66.356     2.1672   2.872455    32.2236    25.7355 0.0000e+00
       1695     66.082     2.1692   2.872640    32.2240    25.7357 0.0000e+00
       1696     65.807     2.1714   2.872830    32.2243    25.7358 0.0000e+00
       1697     65.535     2.1725   2.872869    32.2238    25.7353 0.0000e+00
       1698     65.271     2.1725   2.872810    32.2232    25.7348 0.0000e+00
       1699     65.012     2.1730   2.872857    32.2234    25.7350 0.0000e+00
       1700     64.753     2.1743   2.873012    32.2242    25.7355 0.0000e+00
       1701     64.494     2.1759   2.873113    32.2239    25.7351 0.0000e+00
       1702     64.233     2.1776   2.873187    32.2233    25.7345 0.0000e+00
       1703     63.967     2.1800   2.873351    32.2230    25.7341 0.0000e+00
       1704     63.694     2.1828   2.873582    32.2232    25.7340 0.0000e+00
       1705     63.413     2.1852   2.873762    32.2231    25.7338 0.0000e+00
       1706     63.126     2.1871   2.873870    32.2227    25.7333 0.0000e+00
       1707     62.833     2.1887   2.873956    32.2223    25.7329 0.0000e+00
       1708     62.532     2.1904   2.874040    32.2218    25.7323 0.0000e+00
       1709     62.223     2.1921   2.874123    32.2212    25.7318 0.0000e+00
       1710     61.915     2.1934   2.874183    32.2208    25.7314 0.0000e+00
       1711     61.614     2.1942   2.874131    32.2195    25.7303 0.0000e+00
       1712     61.321     2.1946   2.873987    32.2175    25.7286 0.0000e+00
       1713     61.036     2.1941   2.873823    32.2161    25.7275 0.0000e+00
       1714     60.755     2.1914   2.873677    32.2172    25.7286 0.0000e+00
       1715     60.477     2.1888   2.873651    32.2197    25.7308 0.0000e+00
       1716     60.202     2.1904   2.873758    32.2195    25.7305 0.0000e+00
       1717     59.922     2.1955   2.873935    32.2167    25.7279 0.0000e+00
       1718     59.631     2.1989   2.873990    32.2141    25.7256 0.0000e+00
       1719     59.327     2.1969   2.873993    32.2163    25.7275 0.0000e+00
       1720     59.009     2.1932   2.874195    32.2227    25.7329 0.0000e+00
       1721     58.687     2.1925   2.874328    32.2253    25.7350 0.0000e+00
       1722     58.370     2.1945   2.874204    32.2219    25.7321 0.0000e+00
       1723     58.059     2.1970   2.874272    32.2203    25.7307 0.0000e+00
       1724     57.755     2.1999   2.874796    32.2241    25.7335 0.0000e+00
       1725     57.454     2.2032   2.875291    32.2270    25.7356 0.0000e+00
       1726     57.153     2.2054   2.875322    32.2253    25.7340 0.0000e+00
       1727     56.855     2.2056   2.875059    32.2220    25.7314 0.0000e+00
       1728     56.559     2.2066   2.875057    32.2211    25.7306 0.0000e+00
       1729     56.260     2.2121   2.875843    32.2254    25.7337 0.0000e+00
       1730     55.952     2.2226   2.876958    32.2287    25.7355 0.0000e+00
       1731     55.634     2.2325   2.877241    32.2224    25.7297 0.0000e+00
       1732     55.310     2.2380   2.876710    32.2104    25.7197 0.0000e+00
       1733     54.988     2.2491   2.876663    32.1988    25.7095 0.0000e+00
       1734     54.672     2.2836   2.878991    32.1927    25.7021 0.0000e+00
       1735     54.355     2.3380   2.883263    32.1906    25.6963 0.0000e+00
       1736     54.030     2.3813   2.885550    32.1752    25.6806 0.0000e+00
       1737     53.694     2.3996   2.884944    32.1494    25.6586 0.0000e+00
       1738     53.349     2.4258   2.886291    32.1398    25.6489 0.0000e+00
       1739     53.000     2.4916   2.892833    32.1540    25.6551 0.0000e+00
       1740     52.645     2.5751   2.900980    32.1700    25.6613 0.0000e+00
       1741     52.277     2.6379   2.905748    32.1653    25.6526 0.0000e+00
       1742     51.887     2.6719   2.906522    32.1408    25.6303 0.0000e+00
       1743     51.465     2.6864   2.905127    32.1095    25.6041 0.0000e+00
       1744     51.006     2.6898   2.902808    32.0780    25.5787 0.0000e+00
       1745     50.520     2.6939   2.902767    32.0737    25.5749 0.0000e+00
       1746     50.025     2.7104   2.907483    32.1149    25.6065 0.0000e+00
       1747     49.529     2.7347   2.912619    32.1535    25.6353 0.0000e+00
       1748     49.030     2.7547   2.914945    32.1620    25.6405 0.0000e+00
       1749     48.521     2.7698   2.916533    32.1665    25.6428 0.0000e+00
       1750     47.997     2.7838   2.918274    32.1739    25.6476 0.0000e+00
       1751     47.447     2.7955   2.918971    32.1710    25.6443 0.0000e+00
       1752     46.865     2.8011   2.917150    32.1435    25.6219 0.0000e+00
       1753     46.254     2.8012   2.914349    32.1096    25.5949 0.0000e+00
       1754     45.615     2.8020   2.914174    32.1071    25.5928 0.0000e+00
       1755     44.943     2.8080   2.916866    32.1341    25.6139 0.0000e+00
       1756     44.239     2.8167   2.919856    32.1622    25.6356 0.0000e+00
       1757     43.516     2.8240   2.921386    32.1739    25.6443 0.0000e+00
       1758     42.786     2.8291   2.921801    32.1742    25.6441 0.0000e+00
       1759     42.050     2.8329   2.921968    32.1728    25.6427 0.0000e+00
       1760     41.300     2.8368   2.922355    32.1740    25.6433 0.0000e+00
       1761     40.537     2.8422   2.922992    32.1767    25.6451 0.0000e+00
       1762     39.764     2.8488   2.923603    32.1779    25.6455 0.0000e+00
       1763     38.981     2.8552   2.924127    32.1783    25.6453 0.0000e+00
       1764     38.186     2.8603   2.924452    32.1776    25.6442 0.0000e+00
       1765     37.391     2.8631   2.924211    32.1723    25.6398 0.0000e+00
       1766     36.622     2.8638   2.923565    32.1641    25.6332 0.0000e+00
       1767     35.897     2.8655   2.923786    32.1655    25.6342 0.0000e+00
       1768     35.219     2.8710   2.925102    32.1763    25.6424 0.0000e+00
       1769     34.593     2.8781   2.926190    32.1828    25.6469 0.0000e+00
       1770     34.019     2.8846   2.926657    32.1822    25.6459 0.0000e+00
       1771     33.492     2.8901   2.926997    32.1811    25.6446 0.0000e+00
       1772     33.005     2.8958   2.927418    32.1808    25.6439 0.0000e+00
       1773     32.548     2.9043   2.928042    32.1801    25.6426 0.0000e+00
       1774     32.116     2.9165   2.929051    32.1803    25.6418 0.0000e+00
       1775     31.697     2.9301   2.930241    32.1814    25.6415 0.0000e+00
       1776     31.278     2.9427   2.931240    32.1811    25.6402 0.0000e+00
       1777     30.856     2.9543   2.932112    32.1803    25.6386 0.0000e+00
       1778     30.428     2.9653   2.932951    32.1797    25.6372 0.0000e+00
       1779     29.995     2.9744   2.933544    32.1780    25.6350 0.0000e+00
       1780     29.555     2.9806   2.933838    32.1756    25.6326 0.0000e+00
       1781     29.098     2.9852   2.934097    32.1744    25.6312 0.0000e+00
       1782     28.615     2.9893   2.934594    32.1766    25.6326 0.0000e+00
       1783     28.098     2.9949   2.935438    32.1815    25.6361 0.0000e+00
       1784     27.543     3.0032   2.936361    32.1846    25.6379 0.0000e+00
       1785     26.964     3.0144   2.937087    32.1825    25.6353 0.0000e+00
       1786     26.370     3.0283   2.937950    32.1794    25.6316 0.0000e+00
       1787     25.763     3.0431   2.939051    32.1782    25.6294 0.0000e+00
       1788     25.158     3.0530   2.939709    32.1766    25.6273 0.0000e+00
       1789     24.588     3.0534   2.939281    32.1714    25.6230 0.0000e+00
       1790     24.080     3.0477   2.938168    32.1639    25.6175 0.0000e+00
       1791     23.630     3.0419   2.937252    32.1588    25.6140 0.0000e+00
       1792     23.231     3.0353   2.936662    32.1585    25.6143 0.0000e+00
       1793     22.881     3.0278   2.936591    32.1653    25.6204 0.0000e+00
       1794     22.572     3.0258   2.936940    32.1717    25.6256 0.0000e+00
       1795     22.289     3.0365   2.937799    32.1715    25.6246 0.0000e+00
       1796     22.025     3.0596   2.939764    32.1724    25.6233 0.0000e+00
       1797     21.781     3.0833   2.941425    32.1689    25.6185 0.0000e+00
       1798     21.532     3.0962   2.941489    32.1569    25.6079 0.0000e+00
       1799     21.263     3.0949   2.940584    32.1474    25.6004 0.0000e+00
       1800     21.001     3.0808   2.939460    32.1481    25.6021 0.0000e+00
       1801     20.768     3.0642   2.938763    32.1563    25.6101 0.0000e+00
       1802     20.574     3.0575   2.938662    32.1619    25.6151 0.0000e+00
       1803     20.422     3.0634   2.939624    32.1677    25.6193 0.0000e+00
       1804     20.288     3.0751   2.941261    32.1759    25.6248 0.0000e+00
       1805     20.141     3.0843   2.941731    32.1725    25.6213 0.0000e+00
       1806     19.979     3.0855   2.940987    32.1624    25.6131 0.0000e+00
       1807     19.812     3.0788   2.940305    32.1609    25.6125 0.0000e+00
       1808     19.644     3.0755   2.940539    32.1671    25.6177 0.0000e+00
       1809     19.481     3.0861   2.942060    32.1750    25.6231 0.0000e+00
       1810     19.331     3.1028   2.943897    32.1806    25.6261 0.0000e+00
       1811     19.191     3.1121   2.944520    32.1789    25.6240 0.0000e+00
       1812     19.049     3.1126   2.944081    32.1732    25.6194 0.0000e+00
       1813     18.894     3.1114   2.943705    32.1699    25.6169 0.0000e+00
       1814     18.727     3.1120   2.943837    32.1710    25.6177 0.0000e+00
       1815     18.562     3.1155   2.944383    32.1742    25.6199 0.0000e+00
       1816     18.415     3.1212   2.945039    32.1765    25.6213 0.0000e+00
       1817     18.296     3.1264   2.945522    32.1772    25.6214 0.0000e+00
       1818     18.202     3.1304   2.945806    32.1767    25.6207 0.0000e+00
       1819     18.120     3.1337   2.945965    32.1753    25.6193 0.0000e+00
       1820     18.025     3.1356   2.946037    32.1744    25.6184 0.0000e+00
       1821     17.902     3.1362   2.946074    32.1743    25.6182 0.0000e+00
       1822     17.746     3.1366   2.946178    32.1752    25.6190 0.0000e+00
       1823     17.555     3.1373   2.946379    32.1770    25.6204 0.0000e+00
       1824     17.348     3.1376   2.946543    32.1788    25.6218 0.0000e+00
       1825     17.172     3.1378   2.946600    32.1794    25.6222 0.0000e+00
       1826     17.049     3.1382   2.946558    32.1786    25.6215 0.0000e+00
       1827     16.945     3.1389   2.946472    32.1769    25.6201 0.0000e+00
       1828     16.829     3.1401   2.946495    32.1760    25.6193 0.0000e+00
       1829     16.709     3.1414   2.946708    32.1774    25.6203 0.0000e+00
       1830     16.592     3.1430   2.946996    32.1793    25.6217 0.0000e+00
       1831     16.467     3.1455   2.947269    32.1802    25.6221 0.0000e+00
       1832     16.328     3.1536   2.947784    32.1784    25.6200 0.0000e+00
       1833     16.189     3.1705   2.949118    32.1777    25.6180 0.0000e+00
       1834     16.083     3.2007   2.951510    32.1765    25.6144 0.0000e+00
       1835     16.014     3.2592   2.956328    32.1762    25.6091 0.0000e+00
       1836     15.934     3.3309   2.962644    32.1808    25.6064 0.0000e+00
       1837     15.793     3.3629   2.965103    32.1786    25.6017 0.0000e+00
       1838     15.593     3.3392   2.962693    32.1733    25.5997 0.0000e+00
       1839     15.365     3.2991   2.959458    32.1745    25.6041 0.0000e+00
       1840     15.126     3.2796   2.957664    32.1724    25.6042 0.0000e+00
       1841     14.880     3.2784   2.956634    32.1614    25.5955 0.0000e+00
       1842     14.642     3.2755   2.955594    32.1519    25.5882 0.0000e+00
       1843     14.431     3.2651   2.954471    32.1489    25.5867 0.0000e+00
       1844     14.250     3.2527   2.953341    32.1477    25.5869 0.0000e+00
       1845     14.093     3.2430   2.952641    32.1490    25.5888 0.0000e+00
       1846     13.959     3.2359   2.952630    32.1560    25.5950 0.0000e+00
