Datasets/Test_Dataset_39219_tow/originals/tel219_2021_078.cnv
* Sea-Bird SBE19plus Data File:
* Filename = C:/AQUIRE/tel219_2021_078.hex
* Software Version AquireV2 AF V2.0
* Temperature SN =  4020
* Conductivity SN =  4020
* System UpLoad Time = May 16 2021 07:00:04
** VESSEL/TRIP/SEQ STN: tel219_2021_078
** LATITUDE: 45 33.48 N
** LONGITUDE: 55 45.68 W
** DATE/TIME: 2021-05-16 06:21
** SOUNDING DEPTH (M): 0049
** PROBE TYPE: S4020
** CTD NUMBER:  78
** FORMAT: T
** COMMENTS: 
# nquan = 7                                 
# nvalues = 2260                        
# units = specified
# name 0 = scan: Scan Count
# name 1 = prdM: Pressure, Strain Gauge [db]
# name 2 = tv290C: Temperature [ITS-90, deg C]
# name 3 = c0S/m: Conductivity [S/m]
# name 4 = sal00: Salinity, Practical [PSU]
# name 5 = sigma-t00: Density [sigma-t, kg/m^3 ]
# name 6 = flag: flag
# span 0 =          1,       2260       
# span 1 =     -0.068,     44.914       
# span 2 =     3.6414,     4.5481       
# span 3 =   0.011212,   3.050491       
# span 4 =     0.0858,    32.2554       
# span 5 =     0.0437,    25.6365       
# span 6 = 0.0000e+00, 0.0000e+00       
# interval = seconds: 1
# start_time = May 16 2021 06:21:52 [Instrument's time stamp, header]
# bad_flag = -9.990e-29
*END*
[from data line 1231]
       1232     43.506     3.6513   2.996219    32.2496    25.6320 0.0000e+00
       1233     43.504     3.6513   2.996224    32.2497    25.6320 0.0000e+00
       1234     43.513     3.6513   2.996234    32.2498    25.6321 0.0000e+00
       1235     43.520     3.6513   2.996240    32.2498    25.6322 0.0000e+00
       1236     43.512     3.6513   2.996240    32.2498    25.6322 0.0000e+00
       1237     43.490     3.6515   2.996234    32.2496    25.6320 0.0000e+00
       1238     43.468     3.6515   2.996225    32.2495    25.6319 0.0000e+00
       1239     43.456     3.6515   2.996222    32.2495    25.6319 0.0000e+00
       1240     43.452     3.6515   2.996225    32.2495    25.6319 0.0000e+00
       1241     43.448     3.6515   2.996222    32.2495    25.6319 0.0000e+00
       1242     43.443     3.6515   2.996223    32.2495    25.6319 0.0000e+00
       1243     43.440     3.6513   2.996223    32.2497    25.6321 0.0000e+00
       1244     43.442     3.6513   2.996223    32.2497    25.6320 0.0000e+00
       1245     43.455     3.6513   2.996230    32.2498    25.6321 0.0000e+00
       1246     43.472     3.6513   2.996234    32.2498    25.6321 0.0000e+00
       1247     43.480     3.6513   2.996236    32.2498    25.6322 0.0000e+00
       1248     43.474     3.6513   2.996236    32.2498    25.6322 0.0000e+00
       1249     43.463     3.6513   2.996233    32.2498    25.6321 0.0000e+00
       1250     43.453     3.6513   2.996232    32.2498    25.6321 0.0000e+00
       1251     43.449     3.6513   2.996236    32.2498    25.6322 0.0000e+00
       1252     43.458     3.6513   2.996233    32.2498    25.6321 0.0000e+00
       1253     43.478     3.6513   2.996227    32.2497    25.6321 0.0000e+00
       1254     43.492     3.6514   2.996227    32.2496    25.6320 0.0000e+00
       1255     43.487     3.6515   2.996231    32.2496    25.6319 0.0000e+00
       1256     43.466     3.6515   2.996237    32.2496    25.6320 0.0000e+00
       1257     43.440     3.6515   2.996236    32.2496    25.6320 0.0000e+00
       1258     43.425     3.6516   2.996234    32.2495    25.6319 0.0000e+00
       1259     43.434     3.6517   2.996240    32.2495    25.6319 0.0000e+00
       1260     43.460     3.6517   2.996250    32.2496    25.6319 0.0000e+00
       1261     43.485     3.6517   2.996253    32.2496    25.6320 0.0000e+00
       1262     43.489     3.6517   2.996247    32.2495    25.6319 0.0000e+00
       1263     43.467     3.6517   2.996238    32.2495    25.6318 0.0000e+00
       1264     43.435     3.6517   2.996234    32.2494    25.6318 0.0000e+00
       1265     43.416     3.6517   2.996233    32.2494    25.6318 0.0000e+00
       1266     43.416     3.6517   2.996233    32.2494    25.6318 0.0000e+00
       1267     43.426     3.6517   2.996237    32.2495    25.6318 0.0000e+00
       1268     43.432     3.6517   2.996244    32.2495    25.6319 0.0000e+00
       1269     43.431     3.6517   2.996246    32.2496    25.6319 0.0000e+00
       1270     43.430     3.6517   2.996249    32.2496    25.6319 0.0000e+00
       1271     43.437     3.6519   2.996258    32.2495    25.6319 0.0000e+00
       1272     43.450     3.6520   2.996264    32.2495    25.6318 0.0000e+00
       1273     43.456     3.6520   2.996265    32.2495    25.6318 0.0000e+00
       1274     43.447     3.6520   2.996265    32.2495    25.6318 0.0000e+00
       1275     43.431     3.6520   2.996262    32.2495    25.6318 0.0000e+00
       1276     43.421     3.6519   2.996256    32.2495    25.6318 0.0000e+00
       1277     43.424     3.6520   2.996257    32.2494    25.6318 0.0000e+00
       1278     43.437     3.6521   2.996266    32.2494    25.6318 0.0000e+00
       1279     43.448     3.6521   2.996273    32.2495    25.6318 0.0000e+00
       1280     43.451     3.6521   2.996277    32.2495    25.6319 0.0000e+00
       1281     43.449     3.6521   2.996278    32.2495    25.6319 0.0000e+00
       1282     43.447     3.6521   2.996272    32.2495    25.6318 0.0000e+00
       1283     43.449     3.6521   2.996266    32.2494    25.6317 0.0000e+00
       1284     43.457     3.6520   2.996265    32.2495    25.6318 0.0000e+00
       1285     43.469     3.6520   2.996265    32.2495    25.6318 0.0000e+00
       1286     43.476     3.6521   2.996267    32.2494    25.6317 0.0000e+00
       1287     43.473     3.6521   2.996276    32.2495    25.6318 0.0000e+00
       1288     43.465     3.6521   2.996288    32.2497    25.6320 0.0000e+00
       1289     43.456     3.6523   2.996296    32.2496    25.6319 0.0000e+00
       1290     43.448     3.6525   2.996299    32.2494    25.6317 0.0000e+00
       1291     43.440     3.6525   2.996298    32.2494    25.6317 0.0000e+00
       1292     43.434     3.6525   2.996302    32.2494    25.6317 0.0000e+00
       1293     43.429     3.6526   2.996308    32.2494    25.6317 0.0000e+00
       1294     43.425     3.6528   2.996315    32.2493    25.6316 0.0000e+00
       1295     43.428     3.6528   2.996318    32.2493    25.6316 0.0000e+00
       1296     43.442     3.6528   2.996311    32.2492    25.6316 0.0000e+00
       1297     43.463     3.6525   2.996297    32.2494    25.6317 0.0000e+00
       1298     43.482     3.6523   2.996284    32.2494    25.6317 0.0000e+00
       1299     43.483     3.6521   2.996267    32.2494    25.6317 0.0000e+00
       1300     43.466     3.6521   2.996258    32.2493    25.6317 0.0000e+00
       1301     43.442     3.6521   2.996257    32.2493    25.6317 0.0000e+00
       1302     43.417     3.6521   2.996256    32.2493    25.6317 0.0000e+00
       1303     43.401     3.6521   2.996255    32.2493    25.6317 0.0000e+00
       1304     43.404     3.6521   2.996255    32.2493    25.6317 0.0000e+00
       1305     43.418     3.6521   2.996261    32.2494    25.6317 0.0000e+00
       1306     43.428     3.6521   2.996268    32.2494    25.6318 0.0000e+00
       1307     43.428     3.6521   2.996269    32.2494    25.6318 0.0000e+00
       1308     43.422     3.6522   2.996265    32.2493    25.6317 0.0000e+00
       1309     43.417     3.6524   2.996272    32.2492    25.6316 0.0000e+00
       1310     43.410     3.6524   2.996285    32.2493    25.6317 0.0000e+00
       1311     43.402     3.6524   2.996288    32.2494    25.6317 0.0000e+00
       1312     43.394     3.6524   2.996284    32.2493    25.6317 0.0000e+00
       1313     43.395     3.6525   2.996286    32.2493    25.6316 0.0000e+00
       1314     43.410     3.6525   2.996293    32.2493    25.6317 0.0000e+00
       1315     43.430     3.6525   2.996298    32.2494    25.6317 0.0000e+00
       1316     43.433     3.6525   2.996291    32.2493    25.6316 0.0000e+00
       1317     43.416     3.6524   2.996276    32.2492    25.6316 0.0000e+00
       1318     43.391     3.6522   2.996259    32.2492    25.6316 0.0000e+00
       1319     43.372     3.6521   2.996248    32.2492    25.6316 0.0000e+00
       1320     43.365     3.6521   2.996250    32.2493    25.6316 0.0000e+00
       1321     43.369     3.6522   2.996260    32.2493    25.6316 0.0000e+00
       1322     43.368     3.6523   2.996264    32.2492    25.6316 0.0000e+00
       1323     43.353     3.6523   2.996264    32.2492    25.6316 0.0000e+00
       1324     43.335     3.6523   2.996264    32.2492    25.6316 0.0000e+00
       1325     43.331     3.6524   2.996269    32.2492    25.6316 0.0000e+00
       1326     43.342     3.6524   2.996278    32.2493    25.6316 0.0000e+00
       1327     43.353     3.6524   2.996282    32.2493    25.6317 0.0000e+00
       1328     43.353     3.6524   2.996278    32.2493    25.6316 0.0000e+00
       1329     43.339     3.6524   2.996274    32.2493    25.6316 0.0000e+00
       1330     43.317     3.6525   2.996272    32.2491    25.6315 0.0000e+00
       1331     43.301     3.6525   2.996268    32.2491    25.6315 0.0000e+00
       1332     43.299     3.6525   2.996271    32.2491    25.6315 0.0000e+00
       1333     43.312     3.6525   2.996283    32.2493    25.6316 0.0000e+00
       1334     43.337     3.6525   2.996288    32.2493    25.6317 0.0000e+00
       1335     43.363     3.6525   2.996285    32.2493    25.6316 0.0000e+00
       1336     43.378     3.6525   2.996283    32.2492    25.6316 0.0000e+00
       1337     43.378     3.6525   2.996283    32.2492    25.6316 0.0000e+00
       1338     43.366     3.6525   2.996281    32.2492    25.6316 0.0000e+00
       1339     43.348     3.6525   2.996287    32.2493    25.6316 0.0000e+00
       1340     43.330     3.6526   2.996296    32.2493    25.6316 0.0000e+00
       1341     43.324     3.6527   2.996300    32.2493    25.6316 0.0000e+00
       1342     43.335     3.6528   2.996303    32.2492    25.6315 0.0000e+00
       1343     43.355     3.6528   2.996307    32.2492    25.6316 0.0000e+00
       1344     43.368     3.6528   2.996307    32.2492    25.6316 0.0000e+00
       1345     43.367     3.6528   2.996304    32.2492    25.6315 0.0000e+00
       1346     43.357     3.6528   2.996303    32.2492    25.6315 0.0000e+00
       1347     43.345     3.6528   2.996303    32.2492    25.6315 0.0000e+00
       1348     43.338     3.6529   2.996302    32.2491    25.6314 0.0000e+00
       1349     43.340     3.6528   2.996300    32.2492    25.6315 0.0000e+00
       1350     43.351     3.6528   2.996299    32.2491    25.6315 0.0000e+00
       1351     43.366     3.6528   2.996296    32.2491    25.6315 0.0000e+00
       1352     43.381     3.6527   2.996297    32.2492    25.6315 0.0000e+00
       1353     43.390     3.6527   2.996297    32.2492    25.6315 0.0000e+00
       1354     43.390     3.6527   2.996296    32.2492    25.6315 0.0000e+00
       1355     43.376     3.6527   2.996293    32.2492    25.6315 0.0000e+00
       1356     43.355     3.6527   2.996286    32.2491    25.6314 0.0000e+00
       1357     43.343     3.6527   2.996283    32.2491    25.6314 0.0000e+00
       1358     43.343     3.6527   2.996288    32.2491    25.6315 0.0000e+00
       1359     43.346     3.6527   2.996290    32.2491    25.6315 0.0000e+00
       1360     43.346     3.6527   2.996285    32.2491    25.6314 0.0000e+00
       1361     43.342     3.6527   2.996283    32.2491    25.6314 0.0000e+00
       1362     43.337     3.6528   2.996288    32.2490    25.6314 0.0000e+00
       1363     43.335     3.6528   2.996287    32.2490    25.6314 0.0000e+00
       1364     43.337     3.6528   2.996286    32.2490    25.6314 0.0000e+00
       1365     43.338     3.6528   2.996294    32.2491    25.6314 0.0000e+00
       1366     43.332     3.6528   2.996294    32.2491    25.6314 0.0000e+00
       1367     43.316     3.6528   2.996290    32.2491    25.6314 0.0000e+00
       1368     43.293     3.6528   2.996287    32.2490    25.6314 0.0000e+00
       1369     43.273     3.6528   2.996284    32.2490    25.6314 0.0000e+00
       1370     43.265     3.6528   2.996288    32.2491    25.6314 0.0000e+00
       1371     43.273     3.6528   2.996292    32.2491    25.6315 0.0000e+00
       1372     43.293     3.6529   2.996302    32.2491    25.6314 0.0000e+00
       1373     43.311     3.6533   2.996335    32.2491    25.6314 0.0000e+00
       1374     43.317     3.6538   2.996373    32.2491    25.6313 0.0000e+00
       1375     43.313     3.6538   2.996369    32.2490    25.6313 0.0000e+00
       1376     43.305     3.6534   2.996335    32.2490    25.6313 0.0000e+00
       1377     43.296     3.6530   2.996318    32.2492    25.6315 0.0000e+00
       1378     43.287     3.6529   2.996308    32.2492    25.6315 0.0000e+00
       1379     43.276     3.6529   2.996305    32.2492    25.6315 0.0000e+00
       1380     43.260     3.6529   2.996305    32.2492    25.6315 0.0000e+00
       1381     43.245     3.6529   2.996299    32.2491    25.6314 0.0000e+00
       1382     43.234     3.6529   2.996302    32.2491    25.6315 0.0000e+00
       1383     43.236     3.6532   2.996327    32.2491    25.6314 0.0000e+00
       1384     43.255     3.6536   2.996355    32.2491    25.6313 0.0000e+00
       1385     43.283     3.6537   2.996364    32.2491    25.6313 0.0000e+00
       1386     43.305     3.6536   2.996355    32.2490    25.6313 0.0000e+00
       1387     43.314     3.6536   2.996346    32.2489    25.6312 0.0000e+00
       1388     43.310     3.6535   2.996336    32.2489    25.6312 0.0000e+00
       1389     43.300     3.6534   2.996333    32.2490    25.6313 0.0000e+00
       1390     43.294     3.6534   2.996335    32.2490    25.6313 0.0000e+00
       1391     43.295     3.6534   2.996332    32.2490    25.6313 0.0000e+00
       1392     43.299     3.6534   2.996329    32.2489    25.6313 0.0000e+00
       1393     43.302     3.6534   2.996328    32.2489    25.6313 0.0000e+00
       1394     43.304     3.6534   2.996332    32.2490    25.6313 0.0000e+00
       1395     43.306     3.6534   2.996335    32.2490    25.6313 0.0000e+00
       1396     43.311     3.6535   2.996333    32.2489    25.6312 0.0000e+00
       1397     43.318     3.6535   2.996332    32.2489    25.6312 0.0000e+00
       1398     43.320     3.6534   2.996329    32.2489    25.6313 0.0000e+00
       1399     43.315     3.6532   2.996321    32.2490    25.6314 0.0000e+00
       1400     43.301     3.6532   2.996318    32.2490    25.6313 0.0000e+00
       1401     43.283     3.6532   2.996320    32.2490    25.6314 0.0000e+00
       1402     43.267     3.6532   2.996318    32.2490    25.6313 0.0000e+00
       1403     43.257     3.6532   2.996309    32.2489    25.6313 0.0000e+00
       1404     43.257     3.6532   2.996308    32.2489    25.6313 0.0000e+00
       1405     43.264     3.6534   2.996325    32.2489    25.6312 0.0000e+00
       1406     43.268     3.6535   2.996342    32.2490    25.6313 0.0000e+00
       1407     43.267     3.6535   2.996344    32.2490    25.6313 0.0000e+00
       1408     43.266     3.6536   2.996347    32.2490    25.6313 0.0000e+00
       1409     43.269     3.6536   2.996349    32.2490    25.6313 0.0000e+00
       1410     43.274     3.6536   2.996342    32.2489    25.6312 0.0000e+00
       1411     43.274     3.6536   2.996334    32.2488    25.6311 0.0000e+00
       1412     43.270     3.6536   2.996326    32.2487    25.6311 0.0000e+00
       1413     43.264     3.6535   2.996328    32.2488    25.6312 0.0000e+00
       1414     43.262     3.6534   2.996333    32.2490    25.6313 0.0000e+00
       1415     43.267     3.6535   2.996337    32.2489    25.6313 0.0000e+00
       1416     43.279     3.6536   2.996348    32.2490    25.6313 0.0000e+00
       1417     43.293     3.6539   2.996361    32.2488    25.6311 0.0000e+00
       1418     43.316     3.6539   2.996368    32.2489    25.6312 0.0000e+00
       1419     43.353     3.6539   2.996373    32.2489    25.6312 0.0000e+00
       1420     43.398     3.6539   2.996374    32.2489    25.6312 0.0000e+00
       1421     43.437     3.6540   2.996377    32.2488    25.6311 0.0000e+00
       1422     43.467     3.6541   2.996388    32.2489    25.6311 0.0000e+00
       1423     43.492     3.6543   2.996406    32.2489    25.6311 0.0000e+00
       1424     43.495     3.6544   2.996417    32.2489    25.6311 0.0000e+00
       1425     43.464     3.6544   2.996416    32.2489    25.6311 0.0000e+00
       1426     43.401     3.6544   2.996410    32.2489    25.6311 0.0000e+00
       1427     43.308     3.6544   2.996404    32.2488    25.6311 0.0000e+00
       1428     43.187     3.6544   2.996404    32.2489    25.6311 0.0000e+00
       1429     43.045     3.6546   2.996406    32.2488    25.6310 0.0000e+00
       1430     42.883     3.6547   2.996400    32.2487    25.6310 0.0000e+00
       1431     42.691     3.6547   2.996392    32.2487    25.6310 0.0000e+00
       1432     42.470     3.6546   2.996383    32.2488    25.6311 0.0000e+00
       1433     42.232     3.6546   2.996369    32.2488    25.6310 0.0000e+00
       1434     41.986     3.6546   2.996356    32.2488    25.6310 0.0000e+00
       1435     41.740     3.6546   2.996335    32.2486    25.6309 0.0000e+00
