Datasets/Test_Dataset_39219_tow/originals/tel219_2021_085.cnv
* Sea-Bird SBE19plus Data File:
* Filename = C:/AQUIRE/tel219_2021_085.hex
* Software Version AquireV2 AF V2.0
* Temperature SN =  4020
* Conductivity SN =  4020
* System UpLoad Time = May 17 2021 03:20:28
** VESSEL/TRIP/SEQ STN: tel219_2021_085
** LATITUDE: 46 26.02 N
** LONGITUDE: 55 20.24 W
** DATE/TIME: 2021-05-17 02:39
** SOUNDING DEPTH (M): 0155
** PROBE TYPE: S4020
** CTD NUMBER:  85
** FORMAT: t
** COMMENTS: 
# nquan = 7                                 
# nvalues = 2512                        
# units = specified
# name 0 = scan: Scan Count
# name 1 = prdM: Pressure, Strain Gauge [db]
# name 2 = tv290C: Temperature [ITS-90, deg C]
# name 3 = c0S/m: Conductivity [S/m]
# name 4 = sal00: Salinity, Practical [PSU]
# name 5 = sigma-t00: Density [sigma-t, kg/m^3 ]
# name 6 = flag: flag
# span 0 =          1,       2512       
# span 1 =      0.007,    152.555       
# span 2 =     0.1345,     5.3261       
# span 3 =   0.005787,   3.041036       
# span 4 =     0.0427,    32.6385       
# span 5 =    -0.0031,    26.1937       
# span 6 = 0.0000e+00, 0.0000e+00       
# interval = seconds: 1
# start_time = May 17 2021 02:39:48 [Instrument's time stamp, header]
# bad_flag = -9.990e-29
*END*
[from data line 206]
        207      0.029     5.3137   0.006107     0.0450    -0.0029 0.0000e+00
        208      0.026     5.3139   0.006110     0.0450    -0.0029 0.0000e+00
        209      0.024     5.3144   0.006114     0.0450    -0.0029 0.0000e+00
        210      0.025     5.3150   0.006116     0.0450    -0.0029 0.0000e+00
        211      0.029     5.3155   0.006118     0.0451    -0.0029 0.0000e+00
        212      0.030     5.3158   0.006121     0.0451    -0.0029 0.0000e+00
        213      0.027     5.3160   0.006122     0.0451    -0.0029 0.0000e+00
        214      0.026     5.3161   0.006125     0.0451    -0.0029 0.0000e+00
        215      0.025     5.3164   0.006126     0.0451    -0.0029 0.0000e+00
        216      0.023     5.3167   0.006125     0.0451    -0.0029 0.0000e+00
        217      0.023     5.3151   0.006120     0.0451    -0.0029 0.0000e+00
        218      0.024     5.3081   0.006096     0.0449    -0.0029 0.0000e+00
        219      0.025     5.2946   0.006050     0.0446    -0.0029 0.0000e+00
        220      0.025     5.2767   0.005992     0.0441    -0.0028 0.0000e+00
        221      0.024     5.2572   0.005932     0.0437    -0.0028 0.0000e+00
        222      0.022     5.2374   0.005876     0.0433    -0.0027 0.0000e+00
        223      0.022     5.2207   0.005842     0.0431    -0.0026 0.0000e+00
        224      0.023     5.2087   0.005829     0.0430    -0.0024 0.0000e+00
        225      0.023     5.1988   0.005823     0.0430    -0.0022 0.0000e+00
        226      0.022     5.1876   0.005814     0.0429    -0.0021 0.0000e+00
        227      0.022     5.1746   0.005797     0.0428    -0.0019 0.0000e+00
        228      0.024     5.1627   0.005787     0.0427    -0.0017 0.0000e+00
        229      0.024     5.1551   0.005795     0.0428    -0.0015 0.0000e+00
        230      0.023     5.1519   0.005822     0.0430    -0.0013 0.0000e+00
        231      0.023     5.1490   0.005847     0.0432    -0.0011 0.0000e+00
        232      0.023     5.1441   0.005859     0.0433    -0.0009 0.0000e+00
        233      0.024     5.1407   0.005876     0.0434    -0.0008 0.0000e+00
        234      0.023     5.1432   0.005913     0.0437    -0.0006 0.0000e+00
        235      0.020     5.1513   0.005967     0.0441    -0.0004 0.0000e+00
        236      0.016     5.1616   0.006024     0.0445    -0.0003 0.0000e+00
        237      0.013     5.1715   0.006072     0.0448    -0.0002 0.0000e+00
        238      0.013     5.1787   0.006105     0.0451    -0.0001 0.0000e+00
        239      0.014     5.1822   0.006119     0.0452    -0.0001 0.0000e+00
        240      0.014     5.1842   0.006127     0.0452    -0.0001 0.0000e+00
        241      0.015     5.1883   0.006139     0.0453    -0.0001 0.0000e+00
        242      0.017     5.1943   0.006156     0.0454    -0.0001 0.0000e+00
        243      0.019     5.2001   0.006172     0.0456    -0.0002 0.0000e+00
        244      0.021     5.2062   0.006189     0.0457    -0.0002 0.0000e+00
        245      0.022     5.2139   0.006208     0.0458    -0.0002 0.0000e+00
        246      0.021     5.2223   0.006224     0.0459    -0.0003 0.0000e+00
        247      0.020     5.2290   0.006237     0.0460    -0.0004 0.0000e+00
        248      0.022     5.2320   0.006237     0.0460    -0.0004 0.0000e+00
        249      0.025     5.2311   0.006221     0.0459    -0.0005 0.0000e+00
        250      0.026     5.2279   0.006197     0.0457    -0.0006 0.0000e+00
        251      0.025     5.2234   0.006171     0.0455    -0.0006 0.0000e+00
        252      0.021     5.2189   0.006149     0.0454    -0.0007 0.0000e+00
        253      0.020     5.2149   0.006132     0.0452    -0.0007 0.0000e+00
        254      0.022     5.2099   0.006114     0.0451    -0.0007 0.0000e+00
        255      0.023     5.2040   0.006094     0.0450    -0.0007 0.0000e+00
        256      0.022     5.1978   0.006076     0.0448    -0.0007 0.0000e+00
        257      0.021     5.1921   0.006062     0.0447    -0.0007 0.0000e+00
        258      0.021     5.1911   0.006065     0.0448    -0.0006 0.0000e+00
        259      0.022     5.1955   0.006089     0.0449    -0.0006 0.0000e+00
        260      0.022     5.2000   0.006113     0.0451    -0.0005 0.0000e+00
        261      0.021     5.2007   0.006120     0.0452    -0.0005 0.0000e+00
        262      0.022     5.2002   0.006120     0.0452    -0.0005 0.0000e+00
        263      0.025     5.2028   0.006131     0.0452    -0.0005 0.0000e+00
        264      0.025     5.2091   0.006153     0.0454    -0.0005 0.0000e+00
        265      0.024     5.2165   0.006177     0.0456    -0.0005 0.0000e+00
        266      0.024     5.2233   0.006198     0.0457    -0.0005 0.0000e+00
        267      0.024     5.2291   0.006216     0.0459    -0.0005 0.0000e+00
        268      0.023     5.2345   0.006229     0.0460    -0.0005 0.0000e+00
        269      0.023     5.2397   0.006239     0.0460    -0.0006 0.0000e+00
        270      0.022     5.2445   0.006246     0.0461    -0.0006 0.0000e+00
        271      0.021     5.2484   0.006248     0.0461    -0.0007 0.0000e+00
        272      0.022     5.2518   0.006248     0.0461    -0.0008 0.0000e+00
        273      0.024     5.2546   0.006248     0.0461    -0.0008 0.0000e+00
        274      0.025     5.2572   0.006249     0.0461    -0.0009 0.0000e+00
        275      0.023     5.2595   0.006247     0.0461    -0.0009 0.0000e+00
        276      0.019     5.2618   0.006244     0.0460    -0.0010 0.0000e+00
        277      0.018     5.2641   0.006240     0.0460    -0.0011 0.0000e+00
        278      0.020     5.2662   0.006238     0.0460    -0.0011 0.0000e+00
        279      0.023     5.2679   0.006237     0.0460    -0.0012 0.0000e+00
        280      0.022     5.2696   0.006237     0.0460    -0.0012 0.0000e+00
        281      0.019     5.2715   0.006237     0.0460    -0.0012 0.0000e+00
        282      0.017     5.2734   0.006236     0.0460    -0.0013 0.0000e+00
        283      0.017     5.2748   0.006233     0.0459    -0.0013 0.0000e+00
        284      0.017     5.2756   0.006229     0.0459    -0.0014 0.0000e+00
        285      0.016     5.2760   0.006225     0.0459    -0.0014 0.0000e+00
        286      0.013     5.2758   0.006220     0.0458    -0.0014 0.0000e+00
        287      0.011     5.2740   0.006208     0.0458    -0.0015 0.0000e+00
        288      0.012     5.2717   0.006195     0.0457    -0.0015 0.0000e+00
        289      0.013     5.2706   0.006187     0.0456    -0.0015 0.0000e+00
        290      0.014     5.2697   0.006182     0.0456    -0.0015 0.0000e+00
        291      0.013     5.2670   0.006173     0.0455    -0.0015 0.0000e+00
        292      0.012     5.2641   0.006164     0.0454    -0.0015 0.0000e+00
        293      0.010     5.2630   0.006160     0.0454    -0.0015 0.0000e+00
        294      0.007     5.2636   0.006163     0.0454    -0.0015 0.0000e+00
        295      0.008     5.2653   0.006166     0.0455    -0.0015 0.0000e+00
        296      0.012     5.2673   0.006173     0.0455    -0.0015 0.0000e+00
        297      0.017     5.2695   0.006182     0.0456    -0.0015 0.0000e+00
        298      0.020     5.2723   0.006195     0.0457    -0.0015 0.0000e+00
        299      0.020     5.2755   0.006207     0.0458    -0.0015 0.0000e+00
        300      0.017     5.2783   0.006213     0.0458    -0.0015 0.0000e+00
        301      0.015     5.2803   0.006214     0.0458    -0.0016 0.0000e+00
        302      0.015     5.2813   0.006216     0.0458    -0.0016 0.0000e+00
        303      0.017     5.2820   0.006217     0.0458    -0.0016 0.0000e+00
        304      0.017     5.2819   0.006214     0.0458    -0.0016 0.0000e+00
        305      0.016     5.2812   0.006208     0.0458    -0.0016 0.0000e+00
        306      0.017     5.2809   0.006204     0.0457    -0.0016 0.0000e+00
        307      0.017     5.2799   0.006198     0.0457    -0.0017 0.0000e+00
        308      0.017     5.2756   0.006181     0.0456    -0.0017 0.0000e+00
        309      0.019     5.2668   0.006152     0.0453    -0.0016 0.0000e+00
        310      0.020     5.2566   0.006120     0.0451    -0.0016 0.0000e+00
        311      0.022     5.2489   0.006098     0.0450    -0.0016 0.0000e+00
        312      0.023     5.2448   0.006093     0.0449    -0.0015 0.0000e+00
        313      0.020     5.2405   0.006087     0.0449    -0.0015 0.0000e+00
        314      0.016     5.2313   0.006066     0.0447    -0.0014 0.0000e+00
        315      0.011     5.2180   0.006032     0.0445    -0.0014 0.0000e+00
        316      0.009     5.2062   0.006006     0.0443    -0.0013 0.0000e+00
        317      0.013     5.2008   0.006005     0.0443    -0.0012 0.0000e+00
        318      0.017     5.2010   0.006025     0.0445    -0.0011 0.0000e+00
        319      0.018     5.2017   0.006045     0.0446    -0.0010 0.0000e+00
        320      0.017     5.2019   0.006063     0.0447    -0.0009 0.0000e+00
        321      0.015     5.2048   0.006096     0.0450    -0.0007 0.0000e+00
        322      0.014     5.2104   0.006149     0.0454    -0.0005 0.0000e+00
        323      0.015     5.2160   0.006201     0.0458    -0.0003 0.0000e+00
        324      0.015     5.2203   0.006235     0.0460    -0.0002 0.0000e+00
        325      0.015     5.2235   0.006275     0.0463    -0.0000 0.0000e+00
        326      0.016     5.2269   0.006318     0.0466     0.0002 0.0000e+00
        327      0.018     5.2312   0.006326     0.0467     0.0001 0.0000e+00
        328      0.020     5.2362   0.006325     0.0467     0.0000 0.0000e+00
        329      0.021     5.2405   0.006346     0.0468     0.0001 0.0000e+00
        330      0.022     5.2439   0.006402     0.0472     0.0003 0.0000e+00
        331      0.023     5.2468   0.006644     0.0490     0.0017 0.0000e+00
        332      0.024     5.2494   0.007414     0.0548     0.0063 0.0000e+00
        333      0.023     5.2521   0.008636     0.0640     0.0137 0.0000e+00
        334      0.023     5.2543   0.009805     0.0729     0.0207 0.0000e+00
        335      0.024     5.2557   0.010823     0.0807     0.0269 0.0000e+00
        336      0.026     5.2567   0.011784     0.0880     0.0328 0.0000e+00
        337      0.026     5.2578   0.012736     0.0953     0.0387 0.0000e+00
        338      0.025     5.2592   0.013787     0.1034     0.0451 0.0000e+00
        339      0.026     5.2611   0.014787     0.1111     0.0513 0.0000e+00
        340      0.029     5.2633   0.015410     0.1159     0.0551 0.0000e+00
        341      0.032     5.2656   0.015671     0.1180     0.0567 0.0000e+00
        342      0.033     5.2675   0.015812     0.1190     0.0575 0.0000e+00
        343      0.033     5.2687   0.015903     0.1197     0.0580 0.0000e+00
        344      0.035     5.2695   0.016156     0.1217     0.0596 0.0000e+00
        345      0.039     5.2702   0.016619     0.1253     0.0625 0.0000e+00
        346      0.043     5.2697   0.051351     0.4029     0.2849 0.0000e+00
        347      0.059     5.1848   0.471857     4.1688     3.2841 0.0000e+00
        348      0.111     4.8931   1.574861    15.3771    12.1624 0.0000e+00
        349      0.209     4.5098   2.657705    27.5462    21.8178 0.0000e+00
        350      0.324     4.2814   3.025496    31.9985    25.3714 0.0000e+00
        351      0.430     4.2343   3.030019    32.0972    25.4546 0.0000e+00
        352      0.522     4.2561   3.035887    32.1446    25.4900 0.0000e+00
        353      0.591     4.2732   3.041036    32.1881    25.5228 0.0000e+00
        354      0.615     4.2546   3.039874    32.1927    25.5284 0.0000e+00
        355      0.577     4.2156   3.033670    32.1582    25.5049 0.0000e+00
        356      0.501     4.2010   3.031608    32.1484    25.4985 0.0000e+00
        357      0.435     4.2298   3.033463    32.1420    25.4906 0.0000e+00
        358      0.405     4.2621   3.032293    32.0967    25.4514 0.0000e+00
        359      0.416     4.2585   3.028967    32.0613    25.4236 0.0000e+00
        360      0.457     4.2416   3.027751    32.0635    25.4271 0.0000e+00
        361      0.506     4.2408   3.027815    32.0651    25.4284 0.0000e+00
        362      0.554     4.2526   3.027096    32.0451    25.4113 0.0000e+00
        363      0.608     4.2737   3.027185    32.0256    25.3937 0.0000e+00
        364      0.673     4.2981   3.029099    32.0241    25.3901 0.0000e+00
        365      0.743     4.3151   3.031610    32.0369    25.3986 0.0000e+00
        366      0.800     4.3234   3.034109    32.0580    25.4145 0.0000e+00
        367      0.830     4.3167   3.036305    32.0902    25.4407 0.0000e+00
        368      0.831     4.2837   3.037478    32.1361    25.4805 0.0000e+00
        369      0.813     4.2371   3.036855    32.1744    25.5156 0.0000e+00
        370      0.795     4.2118   3.036486    32.1948    25.5343 0.0000e+00
        371      0.801     4.2264   3.038120    32.1997    25.5367 0.0000e+00
        372      0.832     4.2608   3.039953    32.1874    25.5236 0.0000e+00
        373      0.868     4.2767   3.040784    32.1816    25.5173 0.0000e+00
        374      0.887     4.2614   3.039268    32.1788    25.5166 0.0000e+00
        375      0.883     4.2438   3.037112    32.1708    25.5120 0.0000e+00
        376      0.874     4.2507   3.037812    32.1722    25.5125 0.0000e+00
        377      0.867     4.2696   3.039354    32.1718    25.5102 0.0000e+00
        378      0.856     4.2778   3.039484    32.1653    25.5043 0.0000e+00
        379      0.833     4.2751   3.039326    32.1661    25.5052 0.0000e+00
        380      0.796     4.2735   3.039677    32.1718    25.5099 0.0000e+00
        381      0.740     4.2725   3.039613    32.1720    25.5102 0.0000e+00
        382      0.670     4.2805   3.039508    32.1630    25.5022 0.0000e+00
        383      0.608     4.3149   3.040006    32.1353    25.4767 0.0000e+00
        384      0.553     4.3561   3.040019    32.0953    25.4407 0.0000e+00
        385      0.501     4.3669   3.037448    32.0548    25.4075 0.0000e+00
        386      0.465     4.3391   3.032074    32.0191    25.3820 0.0000e+00
        387      0.455     4.2840   3.027605    32.0205    25.3887 0.0000e+00
        388      0.485     4.2133   3.023496    32.0413    25.4122 0.0000e+00
        389      0.577     4.1490   3.019025    32.0516    25.4268 0.0000e+00
        390      0.706     4.1138   3.017072    32.0630    25.4393 0.0000e+00
        391      0.812     4.1019   3.015739    32.0589    25.4372 0.0000e+00
        392      0.868     4.0965   3.014004    32.0438    25.4257 0.0000e+00
        393      0.873     4.0918   3.013268    32.0397    25.4230 0.0000e+00
        394      0.828     4.0888   3.013113    32.0409    25.4242 0.0000e+00
        395      0.738     4.0909   3.013347    32.0416    25.4246 0.0000e+00
        396      0.619     4.0980   3.013764    32.0396    25.4223 0.0000e+00
        397      0.510     4.1044   3.014032    32.0366    25.4192 0.0000e+00
        398      0.438     4.1069   3.014634    32.0412    25.4227 0.0000e+00
        399      0.406     4.1090   3.015660    32.0513    25.4305 0.0000e+00
        400      0.415     4.1138   3.016464    32.0560    25.4338 0.0000e+00
        401      0.449     4.1182   3.017021    32.0582    25.4351 0.0000e+00
        402      0.484     4.1178   3.017348    32.0624    25.4385 0.0000e+00
        403      0.516     4.1158   3.017365    32.0646    25.4404 0.0000e+00
        404      0.552     4.1204   3.017353    32.0599    25.4362 0.0000e+00
        405      0.598     4.1312   3.017455    32.0506    25.4277 0.0000e+00
        406      0.667     4.1404   3.017557    32.0427    25.4206 0.0000e+00
        407      0.776     4.1445   3.017155    32.0340    25.4132 0.0000e+00
        408      0.920     4.1424   3.016527    32.0286    25.4091 0.0000e+00
        409      1.098     4.1311   3.015857    32.0316    25.4127 0.0000e+00
        410      1.329     4.1129   3.014617    32.0347    25.4169 0.0000e+00
