Datasets/Test_Dataset_39219_tow/originals/tel219_2021_053.cnv
* Sea-Bird SBE19plus Data File:
* Filename = C:/AQUIRE/tel219_2021_053.hex
* Software Version AquireV2 AF V2.0
* Temperature SN =  4020
* Conductivity SN =  4020
* System UpLoad Time = May 13 2021 15:58:20
** VESSEL/TRIP/SEQ STN: tel219_2021_053
** LATITUDE: 44 59.00 N
** LONGITUDE: 55 18.38 W
** DATE/TIME: 2021-05-13 14:55
** SOUNDING DEPTH (M): 0315
** PROBE TYPE: S4020
** CTD NUMBER:  53
** FORMAT: t
** COMMENTS: 
# nquan = 7                                 
# nvalues = 3871                        
# units = specified
# name 0 = scan: Scan Count
# name 1 = prdM: Pressure, Strain Gauge [db]
# name 2 = tv290C: Temperature [ITS-90, deg C]
# name 3 = c0S/m: Conductivity [S/m]
# name 4 = sal00: Salinity, Practical [PSU]
# name 5 = sigma-t00: Density [sigma-t, kg/m^3 ]
# name 6 = flag: flag
# span 0 =          1,       3871       
# span 1 =     -0.756,    319.152       
# span 2 =     0.5625,     9.2762       
# span 3 =   0.009715,   3.756782       
# span 4 =     0.0716,    35.1671       
# span 5 =     0.0115,    27.3976       
# span 6 = 0.0000e+00, 0.0000e+00       
# interval = seconds: 1
# start_time = May 13 2021 14:55:00 [Instrument's time stamp, header]
# bad_flag = -9.990e-29
*END*
[from data line 2872]
       2873    318.268     7.7104   3.617289    35.0933    27.3903 0.0000e+00
       2874    318.199     7.7108   3.617313    35.0932    27.3902 0.0000e+00
       2875    318.086     7.7115   3.617404    35.0935    27.3904 0.0000e+00
       2876    317.949     7.7124   3.617510    35.0938    27.3905 0.0000e+00
       2877    317.826     7.7130   3.617533    35.0935    27.3902 0.0000e+00
       2878    317.739     7.7128   3.617492    35.0933    27.3900 0.0000e+00
       2879    317.675     7.7120   3.617420    35.0934    27.3902 0.0000e+00
       2880    317.605     7.7109   3.617280    35.0930    27.3901 0.0000e+00
       2881    317.507     7.7096   3.617149    35.0929    27.3902 0.0000e+00
       2882    317.375     7.7088   3.617073    35.0930    27.3904 0.0000e+00
       2883    317.223     7.7080   3.617003    35.0931    27.3906 0.0000e+00
       2884    317.076     7.7075   3.616947    35.0931    27.3906 0.0000e+00
       2885    316.959     7.7080   3.617015    35.0934    27.3908 0.0000e+00
       2886    316.875     7.7088   3.617095    35.0935    27.3907 0.0000e+00
       2887    316.802     7.7089   3.617038    35.0928    27.3902 0.0000e+00
       2888    316.715     7.7082   3.616947    35.0926    27.3901 0.0000e+00
       2889    316.601     7.7083   3.616965    35.0927    27.3902 0.0000e+00
       2890    316.465     7.7106   3.617235    35.0934    27.3904 0.0000e+00
       2891    316.316     7.7133   3.617539    35.0940    27.3905 0.0000e+00
       2892    316.164     7.7142   3.617598    35.0938    27.3902 0.0000e+00
       2893    316.023     7.7142   3.617550    35.0934    27.3899 0.0000e+00
       2894    315.907     7.7143   3.617538    35.0932    27.3897 0.0000e+00
       2895    315.819     7.7145   3.617588    35.0936    27.3900 0.0000e+00
       2896    315.738     7.7143   3.617570    35.0936    27.3900 0.0000e+00
       2897    315.622     7.7138   3.617500    35.0934    27.3900 0.0000e+00
       2898    315.456     7.7127   3.617375    35.0933    27.3900 0.0000e+00
       2899    315.278     7.7094   3.616961    35.0922    27.3896 0.0000e+00
       2900    315.140     7.7067   3.616659    35.0917    27.3897 0.0000e+00
       2901    315.053     7.7093   3.616973    35.0925    27.3899 0.0000e+00
       2902    314.983     7.7150   3.617656    35.0942    27.3904 0.0000e+00
       2903    314.878     7.7195   3.618076    35.0943    27.3898 0.0000e+00
       2904    314.720     7.7230   3.618345    35.0938    27.3889 0.0000e+00
       2905    314.539     7.7264   3.618765    35.0950    27.3893 0.0000e+00
       2906    314.382     7.7286   3.618904    35.0943    27.3885 0.0000e+00
       2907    314.272     7.7301   3.618898    35.0928    27.3871 0.0000e+00
       2908    314.187     7.7317   3.619074    35.0931    27.3871 0.0000e+00
       2909    314.085     7.7325   3.619224    35.0940    27.3877 0.0000e+00
       2910    313.950     7.7324   3.619273    35.0947    27.3882 0.0000e+00
       2911    313.805     7.7299   3.619014    35.0945    27.3884 0.0000e+00
       2912    313.672     7.7261   3.618525    35.0931    27.3879 0.0000e+00
       2913    313.555     7.7274   3.618637    35.0930    27.3877 0.0000e+00
       2914    313.436     7.7348   3.619449    35.0944    27.3877 0.0000e+00
       2915    313.298     7.7416   3.620149    35.0952    27.3873 0.0000e+00
       2916    313.145     7.7439   3.620325    35.0949    27.3867 0.0000e+00
       2917    313.004     7.7432   3.620197    35.0943    27.3863 0.0000e+00
       2918    312.890     7.7401   3.619881    35.0940    27.3866 0.0000e+00
       2919    312.792     7.7365   3.619471    35.0933    27.3865 0.0000e+00
       2920    312.684     7.7360   3.619470    35.0938    27.3870 0.0000e+00
       2921    312.550     7.7370   3.619652    35.0949    27.3876 0.0000e+00
       2922    312.398     7.7328   3.619109    35.0933    27.3870 0.0000e+00
       2923    312.252     7.7230   3.618007    35.0913    27.3869 0.0000e+00
       2924    312.133     7.7148   3.617271    35.0916    27.3884 0.0000e+00
       2925    312.039     7.7145   3.617298    35.0923    27.3890 0.0000e+00
       2926    311.945     7.7245   3.618305    35.0932    27.3882 0.0000e+00
       2927    311.833     7.7410   3.620059    35.0956    27.3876 0.0000e+00
       2928    311.693     7.7568   3.621615    35.0966    27.3861 0.0000e+00
       2929    311.529     7.7679   3.622553    35.0956    27.3837 0.0000e+00
       2930    311.365     7.7743   3.623037    35.0945    27.3818 0.0000e+00
       2931    311.228     7.7758   3.623151    35.0943    27.3815 0.0000e+00
       2932    311.124     7.7691   3.622461    35.0936    27.3819 0.0000e+00
       2933    311.032     7.7572   3.621197    35.0920    27.3824 0.0000e+00
       2934    310.924     7.7502   3.620578    35.0924    27.3838 0.0000e+00
       2935    310.794     7.7508   3.620725    35.0934    27.3845 0.0000e+00
       2936    310.651     7.7532   3.621001    35.0941    27.3846 0.0000e+00
       2937    310.506     7.7551   3.621196    35.0943    27.3846 0.0000e+00
       2938    310.359     7.7593   3.621576    35.0943    27.3839 0.0000e+00
       2939    310.215     7.7658   3.622210    35.0947    27.3832 0.0000e+00
       2940    310.085     7.7697   3.622553    35.0945    27.3825 0.0000e+00
       2941    309.965     7.7683   3.622375    35.0940    27.3824 0.0000e+00
       2942    309.831     7.7628   3.621816    35.0936    27.3829 0.0000e+00
       2943    309.665     7.7584   3.621323    35.0928    27.3829 0.0000e+00
       2944    309.484     7.7585   3.621373    35.0933    27.3833 0.0000e+00
       2945    309.312     7.7614   3.621714    35.0942    27.3835 0.0000e+00
       2946    309.159     7.7640   3.621950    35.0942    27.3831 0.0000e+00
       2947    309.017     7.7655   3.622044    35.0937    27.3826 0.0000e+00
       2948    308.872     7.7661   3.622056    35.0933    27.3822 0.0000e+00
       2949    308.714     7.7658   3.621982    35.0929    27.3819 0.0000e+00
       2950    308.547     7.7634   3.621708    35.0925    27.3819 0.0000e+00
       2951    308.377     7.7583   3.621256    35.0928    27.3829 0.0000e+00
       2952    308.198     7.7535   3.620872    35.0936    27.3842 0.0000e+00
       2953    308.005     7.7527   3.620755    35.0932    27.3840 0.0000e+00
       2954    307.813     7.7543   3.620924    35.0935    27.3840 0.0000e+00
       2955    307.633     7.7554   3.621043    35.0938    27.3841 0.0000e+00
       2956    307.455     7.7555   3.620985    35.0931    27.3836 0.0000e+00
       2957    307.268     7.7558   3.621004    35.0931    27.3835 0.0000e+00
       2958    307.072     7.7567   3.621101    35.0934    27.3836 0.0000e+00
       2959    306.877     7.7582   3.621248    35.0935    27.3835 0.0000e+00
       2960    306.685     7.7599   3.621415    35.0937    27.3834 0.0000e+00
       2961    306.494     7.7609   3.621475    35.0935    27.3830 0.0000e+00
       2962    306.305     7.7614   3.621488    35.0932    27.3827 0.0000e+00
       2963    306.116     7.7622   3.621548    35.0931    27.3826 0.0000e+00
       2964    305.917     7.7637   3.621678    35.0931    27.3823 0.0000e+00
       2965    305.708     7.7653   3.621851    35.0935    27.3824 0.0000e+00
       2966    305.501     7.7667   3.622003    35.0938    27.3824 0.0000e+00
       2967    305.301     7.7675   3.622076    35.0939    27.3824 0.0000e+00
       2968    305.106     7.7676   3.622046    35.0936    27.3821 0.0000e+00
       2969    304.903     7.7677   3.622031    35.0934    27.3820 0.0000e+00
       2970    304.682     7.7684   3.622084    35.0934    27.3818 0.0000e+00
       2971    304.459     7.7714   3.622314    35.0929    27.3811 0.0000e+00
       2972    304.244     7.7791   3.623131    35.0941    27.3809 0.0000e+00
       2973    304.027     7.7898   3.624354    35.0967    27.3813 0.0000e+00
       2974    303.806     7.7980   3.625081    35.0964    27.3798 0.0000e+00
       2975    303.597     7.8021   3.625281    35.0945    27.3778 0.0000e+00
       2976    303.403     7.8039   3.625441    35.0945    27.3775 0.0000e+00
       2977    303.202     7.8050   3.625554    35.0948    27.3775 0.0000e+00
       2978    302.961     7.8057   3.625614    35.0948    27.3774 0.0000e+00
       2979    302.677     7.8069   3.625666    35.0943    27.3769 0.0000e+00
       2980    302.387     7.8107   3.625996    35.0942    27.3762 0.0000e+00
       2981    302.129     7.8164   3.626588    35.0950    27.3760 0.0000e+00
       2982    301.911     7.8205   3.626859    35.0939    27.3745 0.0000e+00
       2983    301.705     7.8233   3.627050    35.0932    27.3736 0.0000e+00
       2984    301.472     7.8286   3.627615    35.0941    27.3735 0.0000e+00
       2985    301.192     7.8368   3.628309    35.0935    27.3718 0.0000e+00
       2986    300.882     7.8467   3.629153    35.0928    27.3698 0.0000e+00
       2987    300.582     7.8536   3.629688    35.0918    27.3679 0.0000e+00
       2988    300.311     7.8562   3.629684    35.0893    27.3656 0.0000e+00
       2989    300.063     7.8604   3.630064    35.0893    27.3650 0.0000e+00
       2990    299.812     7.8659   3.630659    35.0903    27.3649 0.0000e+00
       2991    299.530     7.8692   3.630835    35.0890    27.3634 0.0000e+00
       2992    299.212     7.8715   3.630921    35.0878    27.3621 0.0000e+00
       2993    298.884     7.8744   3.631171    35.0877    27.3616 0.0000e+00
       2994    298.574     7.8773   3.631400    35.0874    27.3610 0.0000e+00
       2995    298.286     7.8795   3.631594    35.0874    27.3607 0.0000e+00
       2996    298.005     7.8796   3.631575    35.0873    27.3605 0.0000e+00
       2997    297.704     7.8772   3.631248    35.0863    27.3601 0.0000e+00
       2998    297.358     7.8750   3.631059    35.0867    27.3607 0.0000e+00
       2999    296.978     7.8756   3.631130    35.0870    27.3609 0.0000e+00
       3000    296.602     7.8777   3.631317    35.0871    27.3607 0.0000e+00
       3001    296.256     7.8777   3.631341    35.0875    27.3610 0.0000e+00
       3002    295.936     7.8757   3.631078    35.0868    27.3608 0.0000e+00
       3003    295.622     7.8754   3.631008    35.0865    27.3606 0.0000e+00
       3004    295.294     7.8767   3.631220    35.0877    27.3613 0.0000e+00
       3005    294.929     7.8774   3.631234    35.0873    27.3609 0.0000e+00
       3006    294.526     7.8786   3.631188    35.0858    27.3595 0.0000e+00
       3007    294.117     7.8832   3.631675    35.0866    27.3595 0.0000e+00
       3008    293.736     7.8931   3.632719    35.0881    27.3592 0.0000e+00
       3009    293.386     7.9080   3.634215    35.0894    27.3580 0.0000e+00
       3010    293.042     7.9228   3.635741    35.0912    27.3571 0.0000e+00
       3011    292.673     7.9275   3.636058    35.0901    27.3555 0.0000e+00
       3012    292.269     7.9221   3.635242    35.0869    27.3539 0.0000e+00
       3013    291.847     7.9235   3.635215    35.0854    27.3525 0.0000e+00
       3014    291.422     7.9498   3.638383    35.0933    27.3548 0.0000e+00
       3015    290.995     7.9913   3.643329    35.1051    27.3578 0.0000e+00
       3016    290.571     8.0153   3.645175    35.1010    27.3510 0.0000e+00
       3017    290.164     8.0316   3.646002    35.0938    27.3428 0.0000e+00
       3018    289.766     8.0670   3.650310    35.1048    27.3461 0.0000e+00
       3019    289.359     8.0938   3.653047    35.1075    27.3441 0.0000e+00
       3020    288.936     8.1007   3.652629    35.0963    27.3343 0.0000e+00
       3021    288.502     8.1183   3.655470    35.1093    27.3419 0.0000e+00
       3022    288.073     8.1277   3.656795    35.1143    27.3444 0.0000e+00
       3023    287.655     8.1093   3.652966    35.0919    27.3296 0.0000e+00
       3024    287.230     8.1013   3.652254    35.0925    27.3313 0.0000e+00
       3025    286.785     8.1189   3.655202    35.1067    27.3397 0.0000e+00
       3026    286.324     8.1375   3.657276    35.1105    27.3399 0.0000e+00
       3027    285.861     8.1545   3.658742    35.1094    27.3365 0.0000e+00
       3028    285.403     8.1896   3.662514    35.1149    27.3354 0.0000e+00
       3029    284.944     8.2400   3.668121    35.1246    27.3353 0.0000e+00
       3030    284.477     8.2850   3.672325    35.1248    27.3286 0.0000e+00
       3031    284.001     8.3140   3.675028    35.1249    27.3242 0.0000e+00
       3032    283.526     8.3265   3.676233    35.1255    27.3227 0.0000e+00
       3033    283.062     8.3296   3.676343    35.1238    27.3209 0.0000e+00
       3034    282.609     8.3305   3.676387    35.1236    27.3206 0.0000e+00
       3035    282.157     8.3304   3.676289    35.1229    27.3201 0.0000e+00
       3036    281.690     8.3294   3.676032    35.1213    27.3190 0.0000e+00
       3037    281.195     8.3291   3.675917    35.1207    27.3185 0.0000e+00
       3038    280.676     8.3309   3.676155    35.1216    27.3190 0.0000e+00
       3039    280.142     8.3337   3.676433    35.1221    27.3189 0.0000e+00
       3040    279.598     8.3362   3.676657    35.1222    27.3187 0.0000e+00
       3041    279.054     8.3383   3.676839    35.1223    27.3184 0.0000e+00
       3042    278.520     8.3394   3.676918    35.1223    27.3183 0.0000e+00
       3043    278.006     8.3406   3.677011    35.1224    27.3181 0.0000e+00
       3044    277.508     8.3415   3.677069    35.1223    27.3179 0.0000e+00
       3045    277.001     8.3413   3.676974    35.1218    27.3175 0.0000e+00
       3046    276.462     8.3398   3.676768    35.1213    27.3174 0.0000e+00
       3047    275.888     8.3366   3.676329    35.1201    27.3169 0.0000e+00
       3048    275.289     8.3324   3.675656    35.1174    27.3155 0.0000e+00
       3049    274.691     8.3270   3.674882    35.1148    27.3143 0.0000e+00
       3050    274.117     8.3192   3.673845    35.1119    27.3131 0.0000e+00
       3051    273.563     8.3148   3.673176    35.1094    27.3119 0.0000e+00
       3052    273.010     8.3208   3.673737    35.1096    27.3112 0.0000e+00
       3053    272.426     8.3294   3.674457    35.1090    27.3093 0.0000e+00
       3054    271.782     8.3324   3.674312    35.1048    27.3056 0.0000e+00
       3055    271.079     8.3324   3.674053    35.1024    27.3037 0.0000e+00
       3056    270.374     8.3324   3.674018    35.1023    27.3036 0.0000e+00
       3057    269.737     8.3321   3.673953    35.1022    27.3036 0.0000e+00
       3058    269.178     8.3313   3.673833    35.1020    27.3036 0.0000e+00
       3059    268.643     8.3304   3.673702    35.1018    27.3035 0.0000e+00
       3060    268.057     8.3308   3.673730    35.1020    27.3036 0.0000e+00
       3061    267.377     8.3318   3.673845    35.1025    27.3039 0.0000e+00
       3062    266.641     8.3319   3.673800    35.1023    27.3037 0.0000e+00
       3063    265.929     8.3310   3.673594    35.1013    27.3031 0.0000e+00
       3064    265.279     8.3310   3.673497    35.1006    27.3025 0.0000e+00
       3065    264.673     8.3357   3.673965    35.1012    27.3023 0.0000e+00
       3066    264.059     8.3468   3.675161    35.1032    27.3021 0.0000e+00
       3067    263.395     8.3618   3.676698    35.1049    27.3011 0.0000e+00
       3068    262.678     8.3774   3.678113    35.1048    27.2986 0.0000e+00
       3069    261.937     8.3929   3.679628    35.1058    27.2970 0.0000e+00
       3070    261.209     8.4074   3.681332    35.1098    27.2979 0.0000e+00
       3071    260.513     8.4192   3.682539    35.1113    27.2972 0.0000e+00
       3072    259.838     8.4286   3.683289    35.1102    27.2949 0.0000e+00
       3073    259.151     8.4370   3.684176    35.1116    27.2947 0.0000e+00
       3074    258.428     8.4459   3.685177    35.1137    27.2950 0.0000e+00
       3075    257.683     8.4580   3.686404    35.1150    27.2942 0.0000e+00
       3076    256.937     8.4729   3.688079    35.1184    27.2944 0.0000e+00
