Datasets/Test_Dataset_39219_tow/originals/tel219_2021_035.cnv
* Sea-Bird SBE19plus Data File:
* Filename = C:/AQUIRE/tel219_2021_035.hex
* Software Version AquireV2 AF V2.0
* Temperature SN =  4020
* Conductivity SN =  4020
* System UpLoad Time = May 11 2021 10:40:42
** VESSEL/TRIP/SEQ STN: tel219_2021_035
** LATITUDE: 45 45.02 N
** LONGITUDE: 57 01.43 W
** DATE/TIME: 2021-05-11 09:27
** SOUNDING DEPTH (M): 0403
** PROBE TYPE: S4020
** CTD NUMBER:  35
** FORMAT: T
** COMMENTS: 
# nquan = 7                                 
# nvalues = 4410                        
# units = specified
# name 0 = scan: Scan Count
# name 1 = prdM: Pressure, Strain Gauge [db]
# name 2 = tv290C: Temperature [ITS-90, deg C]
# name 3 = c0S/m: Conductivity [S/m]
# name 4 = sal00: Salinity, Practical [PSU]
# name 5 = sigma-t00: Density [sigma-t, kg/m^3 ]
# name 6 = flag: flag
# span 0 =          1,       4410       
# span 1 =     -0.451,    408.286       
# span 2 =     0.8836,     9.5234       
# span 3 =   0.004219,   3.775999       
# span 4 =     0.0319,    35.1268       
# span 5 =    -0.0014,    27.6377       
# span 6 = 0.0000e+00, 0.0000e+00       
# interval = seconds: 1
# start_time = May 11 2021 09:27:54 [Instrument's time stamp, header]
# bad_flag = -9.990e-29
*END*
[from data line 1642]
       1643    313.091     6.6804   3.520489    35.0804    27.5263 0.0000e+00
       1644    313.354     6.6658   3.517907    35.0665    27.5173 0.0000e+00
       1645    313.632     6.6553   3.516674    35.0634    27.5163 0.0000e+00
       1646    313.907     6.6585   3.518160    35.0765    27.5262 0.0000e+00
       1647    314.169     6.6735   3.520581    35.0879    27.5331 0.0000e+00
       1648    314.438     6.6832   3.520840    35.0807    27.5262 0.0000e+00
       1649    314.734     6.6738   3.518311    35.0621    27.5128 0.0000e+00
       1650    315.059     6.6550   3.515607    35.0512    27.5067 0.0000e+00
       1651    315.392     6.6418   3.514881    35.0565    27.5126 0.0000e+00
       1652    315.716     6.6353   3.514976    35.0640    27.5195 0.0000e+00
       1653    316.033     6.6322   3.515008    35.0674    27.5225 0.0000e+00
       1654    316.357     6.6296   3.514715    35.0666    27.5223 0.0000e+00
       1655    316.692     6.6253   3.513814    35.0608    27.5183 0.0000e+00
       1656    317.032     6.6211   3.513666    35.0633    27.5208 0.0000e+00
       1657    317.369     6.6185   3.514353    35.0734    27.5292 0.0000e+00
       1658    317.706     6.6134   3.513826    35.0726    27.5292 0.0000e+00
       1659    318.056     6.6028   3.511973    35.0627    27.5228 0.0000e+00
       1660    318.423     6.5907   3.510345    35.0568    27.5198 0.0000e+00
       1661    318.792     6.5810   3.509181    35.0536    27.5186 0.0000e+00
       1662    319.152     6.5730   3.508136    35.0500    27.5168 0.0000e+00
       1663    319.506     6.5653   3.507263    35.0480    27.5163 0.0000e+00
       1664    319.863     6.5573   3.506503    35.0475    27.5170 0.0000e+00
       1665    320.230     6.5494   3.505875    35.0485    27.5188 0.0000e+00
       1666    320.604     6.5437   3.505790    35.0532    27.5233 0.0000e+00
       1667    320.978     6.5416   3.506462    35.0626    27.5310 0.0000e+00
       1668    321.351     6.5400   3.506835    35.0682    27.5357 0.0000e+00
       1669    321.722     6.5364   3.506008    35.0625    27.5316 0.0000e+00
       1670    322.094     6.5314   3.504836    35.0544    27.5259 0.0000e+00
       1671    322.471     6.5270   3.504189    35.0515    27.5242 0.0000e+00
       1672    322.847     6.5236   3.503954    35.0522    27.5252 0.0000e+00
       1673    323.213     6.5223   3.504246    35.0566    27.5289 0.0000e+00
       1674    323.565     6.5241   3.505451    35.0680    27.5376 0.0000e+00
       1675    323.910     6.5286   3.507080    35.0813    27.5475 0.0000e+00
       1676    324.259     6.5317   3.507466    35.0823    27.5479 0.0000e+00
       1677    324.626     6.5272   3.505648    35.0665    27.5360 0.0000e+00
       1678    325.015     6.5161   3.503136    35.0497    27.5242 0.0000e+00
       1679    325.420     6.5050   3.501631    35.0441    27.5213 0.0000e+00
       1680    325.834     6.4972   3.501183    35.0469    27.5246 0.0000e+00
       1681    326.249     6.4927   3.501247    35.0520    27.5292 0.0000e+00
       1682    326.666     6.4899   3.501094    35.0529    27.5303 0.0000e+00
       1683    327.100     6.4865   3.500304    35.0474    27.5264 0.0000e+00
       1684    327.553     6.4818   3.499355    35.0414    27.5223 0.0000e+00
       1685    328.009     6.4769   3.498757    35.0395    27.5215 0.0000e+00
       1686    328.452     6.4729   3.498401    35.0394    27.5220 0.0000e+00
       1687    328.879     6.4700   3.498246    35.0405    27.5232 0.0000e+00
       1688    329.307     6.4676   3.498367    35.0441    27.5263 0.0000e+00
       1689    329.749     6.4650   3.498486    35.0478    27.5296 0.0000e+00
       1690    330.202     6.4612   3.498287    35.0493    27.5313 0.0000e+00
       1691    330.656     6.4554   3.497622    35.0476    27.5307 0.0000e+00
       1692    331.110     6.4486   3.496610    35.0430    27.5280 0.0000e+00
       1693    331.571     6.4429   3.495775    35.0393    27.5259 0.0000e+00
       1694    332.043     6.4387   3.495364    35.0388    27.5260 0.0000e+00
       1695    332.520     6.4348   3.495082    35.0394    27.5270 0.0000e+00
       1696    332.983     6.4312   3.494838    35.0402    27.5281 0.0000e+00
       1697    333.423     6.4274   3.494813    35.0436    27.5313 0.0000e+00
       1698    333.850     6.4202   3.494493    35.0471    27.5351 0.0000e+00
       1699    334.280     6.4074   3.493325    35.0470    27.5367 0.0000e+00
       1700    334.721     6.3922   3.491937    35.0469    27.5386 0.0000e+00
       1701    335.174     6.3796   3.491008    35.0492    27.5421 0.0000e+00
       1702    335.630     6.3722   3.490595    35.0520    27.5452 0.0000e+00
       1703    336.083     6.3689   3.490492    35.0540    27.5473 0.0000e+00
       1704    336.533     6.3660   3.490225    35.0537    27.5475 0.0000e+00
       1705    336.976     6.3625   3.490231    35.0572    27.5506 0.0000e+00
       1706    337.408     6.3586   3.490524    35.0642    27.5567 0.0000e+00
       1707    337.836     6.3530   3.489908    35.0629    27.5564 0.0000e+00
       1708    338.270     6.3460   3.488955    35.0592    27.5544 0.0000e+00
       1709    338.714     6.3389   3.488276    35.0587    27.5550 0.0000e+00
       1710    339.163     6.3328   3.487664    35.0579    27.5551 0.0000e+00
       1711    339.607     6.3295   3.487809    35.0627    27.5593 0.0000e+00
       1712    340.040     6.3273   3.488122    35.0682    27.5640 0.0000e+00
       1713    340.467     6.3212   3.487037    35.0621    27.5600 0.0000e+00
       1714    340.898     6.3112   3.485011    35.0495    27.5514 0.0000e+00
       1715    341.335     6.3009   3.483501    35.0430    27.5476 0.0000e+00
       1716    341.772     6.2925   3.482778    35.0433    27.5489 0.0000e+00
       1717    342.206     6.2862   3.482210    35.0432    27.5497 0.0000e+00
       1718    342.642     6.2811   3.481488    35.0401    27.5479 0.0000e+00
       1719    343.084     6.2759   3.480848    35.0381    27.5470 0.0000e+00
       1720    343.528     6.2712   3.480206    35.0355    27.5456 0.0000e+00
       1721    343.966     6.2679   3.479731    35.0333    27.5443 0.0000e+00
       1722    344.388     6.2666   3.479987    35.0373    27.5476 0.0000e+00
       1723    344.799     6.2662   3.480559    35.0439    27.5529 0.0000e+00
       1724    345.211     6.2647   3.480336    35.0428    27.5522 0.0000e+00
       1725    345.631     6.2613   3.479288    35.0343    27.5459 0.0000e+00
       1726    346.063     6.2579   3.478418    35.0278    27.5413 0.0000e+00
       1727    346.503     6.2558   3.478140    35.0266    27.5406 0.0000e+00
       1728    346.944     6.2545   3.478216    35.0286    27.5423 0.0000e+00
       1729    347.380     6.2546   3.478727    35.0340    27.5466 0.0000e+00
       1730    347.808     6.2584   3.480047    35.0447    27.5545 0.0000e+00
       1731    348.230     6.2665   3.481574    35.0532    27.5602 0.0000e+00
       1732    348.647     6.2733   3.482045    35.0513    27.5578 0.0000e+00
       1733    349.057     6.2739   3.481683    35.0464    27.5539 0.0000e+00
       1734    349.465     6.2693   3.481230    35.0459    27.5540 0.0000e+00
       1735    349.875     6.2613   3.480241    35.0428    27.5527 0.0000e+00
       1736    350.297     6.2519   3.478640    35.0343    27.5472 0.0000e+00
       1737    350.734     6.2441   3.477240    35.0264    27.5420 0.0000e+00
       1738    351.176     6.2397   3.476603    35.0236    27.5403 0.0000e+00
       1739    351.608     6.2384   3.476999    35.0292    27.5449 0.0000e+00
       1740    352.019     6.2383   3.478196    35.0425    27.5554 0.0000e+00
       1741    352.412     6.2386   3.479131    35.0524    27.5633 0.0000e+00
       1742    352.806     6.2384   3.478751    35.0482    27.5599 0.0000e+00
       1743    353.216     6.2364   3.477399    35.0349    27.5497 0.0000e+00
       1744    353.641     6.2319   3.476329    35.0273    27.5443 0.0000e+00
       1745    354.070     6.2257   3.475692    35.0263    27.5443 0.0000e+00
       1746    354.491     6.2196   3.475177    35.0266    27.5453 0.0000e+00
       1747    354.906     6.2151   3.475001    35.0290    27.5478 0.0000e+00
       1748    355.325     6.2111   3.474748    35.0301    27.5492 0.0000e+00
       1749    355.752     6.2062   3.474032    35.0269    27.5473 0.0000e+00
       1750    356.184     6.2013   3.473467    35.0254    27.5468 0.0000e+00
       1751    356.612     6.1978   3.473198    35.0257    27.5475 0.0000e+00
       1752    357.028     6.1954   3.472919    35.0249    27.5471 0.0000e+00
       1753    357.439     6.1938   3.472843    35.0255    27.5478 0.0000e+00
       1754    357.854     6.1926   3.472955    35.0277    27.5498 0.0000e+00
       1755    358.273     6.1913   3.472870    35.0279    27.5501 0.0000e+00
       1756    358.689     6.1900   3.472624    35.0263    27.5489 0.0000e+00
       1757    359.092     6.1892   3.472634    35.0270    27.5496 0.0000e+00
       1758    359.481     6.1885   3.472710    35.0284    27.5508 0.0000e+00
       1759    359.874     6.1870   3.472429    35.0266    27.5496 0.0000e+00
       1760    360.288     6.1849   3.472076    35.0246    27.5482 0.0000e+00
       1761    360.711     6.1826   3.472007    35.0259    27.5496 0.0000e+00
       1762    361.117     6.1809   3.472324    35.0310    27.5539 0.0000e+00
       1763    361.493     6.1826   3.473110    35.0379    27.5591 0.0000e+00
       1764    361.854     6.1900   3.473961    35.0397    27.5595 0.0000e+00
       1765    362.227     6.1946   3.473906    35.0341    27.5546 0.0000e+00
       1766    362.629     6.1844   3.472362    35.0271    27.5503 0.0000e+00
       1767    363.052     6.1655   3.470359    35.0238    27.5502 0.0000e+00
       1768    363.468     6.1529   3.469454    35.0264    27.5539 0.0000e+00
       1769    363.858     6.1488   3.469743    35.0337    27.5602 0.0000e+00
       1770    364.233     6.1477   3.470074    35.0384    27.5640 0.0000e+00
       1771    364.617     6.1456   3.469490    35.0338    27.5606 0.0000e+00
       1772    365.023     6.1422   3.468508    35.0260    27.5550 0.0000e+00
       1773    365.441     6.1387   3.467982    35.0235    27.5534 0.0000e+00
       1774    365.847     6.1365   3.468221    35.0283    27.5575 0.0000e+00
       1775    366.227     6.1357   3.469012    35.0378    27.5651 0.0000e+00
       1776    366.592     6.1344   3.469230    35.0414    27.5681 0.0000e+00
       1777    366.967     6.1312   3.468492    35.0362    27.5644 0.0000e+00
       1778    367.367     6.1260   3.467494    35.0301    27.5603 0.0000e+00
       1779    367.789     6.1204   3.466687    35.0266    27.5583 0.0000e+00
       1780    368.209     6.1165   3.466591    35.0293    27.5609 0.0000e+00
       1781    368.602     6.1159   3.467448    35.0394    27.5689 0.0000e+00
       1782    368.966     6.1178   3.468446    35.0485    27.5759 0.0000e+00
       1783    369.325     6.1178   3.468636    35.0504    27.5774 0.0000e+00
       1784    369.698     6.1099   3.467492    35.0455    27.5745 0.0000e+00
       1785    370.093     6.0935   3.465285    35.0374    27.5702 0.0000e+00
       1786    370.499     6.0770   3.463575    35.0349    27.5704 0.0000e+00
       1787    370.893     6.0691   3.463737    35.0447    27.5792 0.0000e+00
       1788    371.268     6.0695   3.464881    35.0570    27.5888 0.0000e+00
       1789    371.638     6.0682   3.464767    35.0568    27.5889 0.0000e+00
       1790    372.022     6.0553   3.462797    35.0478    27.5834 0.0000e+00
       1791    372.427     6.0334   3.460374    35.0429    27.5823 0.0000e+00
       1792    372.835     6.0123   3.458808    35.0468    27.5881 0.0000e+00
       1793    373.225     5.9982   3.458459    35.0572    27.5982 0.0000e+00
       1794    373.597     5.9889   3.458361    35.0655    27.6059 0.0000e+00
       1795    373.960     5.9794   3.457226    35.0623    27.6047 0.0000e+00
       1796    374.325     5.9682   3.455477    35.0540    27.5995 0.0000e+00
       1797    374.696     5.9575   3.454196    35.0504    27.5980 0.0000e+00
       1798    375.071     5.9501   3.453743    35.0527    27.6008 0.0000e+00
       1799    375.442     5.9473   3.454664    35.0658    27.6115 0.0000e+00
       1800    375.808     5.9488   3.456794    35.0881    27.6290 0.0000e+00
       1801    376.173     5.9520   3.458132    35.0997    27.6377 0.0000e+00
       1802    376.547     5.9504   3.457139    35.0900    27.6302 0.0000e+00
       1803    376.931     5.9429   3.455286    35.0766    27.6206 0.0000e+00
       1804    377.312     5.9412   3.455599    35.0817    27.6249 0.0000e+00
       1805    377.680     5.9540   3.457773    35.0928    27.6320 0.0000e+00
       1806    378.043     5.9695   3.458839    35.0887    27.6268 0.0000e+00
       1807    378.412     5.9657   3.456874    35.0702    27.6127 0.0000e+00
       1808    378.788     5.9412   3.452789    35.0492    27.5992 0.0000e+00
       1809    379.165     5.9164   3.449935    35.0424    27.5970 0.0000e+00
       1810    379.529     5.9047   3.449544    35.0499    27.6044 0.0000e+00
       1811    379.878     5.9046   3.450842    35.0645    27.6159 0.0000e+00
       1812    380.221     5.9104   3.452506    35.0771    27.6252 0.0000e+00
       1813    380.573     5.9123   3.451915    35.0683    27.6180 0.0000e+00
       1814    380.944     5.9053   3.449348    35.0464    27.6015 0.0000e+00
       1815    381.325     5.8963   3.447788    35.0378    27.5959 0.0000e+00
       1816    381.699     5.8915   3.447571    35.0401    27.5984 0.0000e+00
       1817    382.056     5.8899   3.447685    35.0429    27.6007 0.0000e+00
       1818    382.393     5.8895   3.448069    35.0475    27.6044 0.0000e+00
       1819    382.719     5.8889   3.448160    35.0490    27.6057 0.0000e+00
       1820    383.062     5.8871   3.447397    35.0420    27.6004 0.0000e+00
       1821    383.439     5.8844   3.446538    35.0349    27.5951 0.0000e+00
       1822    383.839     5.8822   3.446181    35.0330    27.5938 0.0000e+00
       1823    384.236     5.8809   3.446093    35.0331    27.5941 0.0000e+00
       1824    384.610     5.8803   3.446083    35.0334    27.5945 0.0000e+00
       1825    384.964     5.8800   3.446122    35.0340    27.5949 0.0000e+00
       1826    385.314     5.8795   3.446171    35.0349    27.5957 0.0000e+00
       1827    385.666     5.8789   3.446141    35.0350    27.5959 0.0000e+00
       1828    386.017     5.8785   3.446090    35.0346    27.5957 0.0000e+00
       1829    386.361     5.8782   3.446061    35.0344    27.5955 0.0000e+00
       1830    386.701     5.8784   3.446184    35.0355    27.5963 0.0000e+00
       1831    387.040     5.8795   3.446765    35.0407    27.6003 0.0000e+00
       1832    387.378     5.8805   3.447258    35.0451    27.6037 0.0000e+00
       1833    387.716     5.8803   3.446881    35.0409    27.6003 0.0000e+00
       1834    388.060     5.8791   3.446155    35.0337    27.5948 0.0000e+00
       1835    388.413     5.8782   3.445850    35.0310    27.5928 0.0000e+00
       1836    388.765     5.8781   3.445908    35.0316    27.5933 0.0000e+00
       1837    389.110     5.8786   3.446049    35.0325    27.5939 0.0000e+00
       1838    389.448     5.8787   3.446007    35.0318    27.5933 0.0000e+00
       1839    389.786     5.8783   3.445808    35.0297    27.5918 0.0000e+00
       1840    390.126     5.8786   3.445818    35.0294    27.5915 0.0000e+00
       1841    390.463     5.8795   3.446114    35.0316    27.5931 0.0000e+00
       1842    390.796     5.8797   3.446267    35.0330    27.5942 0.0000e+00
       1843    391.133     5.8789   3.446010    35.0307    27.5925 0.0000e+00
       1844    391.474     5.8782   3.445760    35.0284    27.5908 0.0000e+00
       1845    391.813     5.8785   3.445793    35.0283    27.5907 0.0000e+00
       1846    392.148     5.8784   3.445783    35.0282    27.5905 0.0000e+00
