Datasets/Test_Dataset_39219_tow/originals/tel219_2021_036.cnv
* Sea-Bird SBE19plus Data File:
* Filename = C:/AQUIRE/tel219_2021_036.hex
* Software Version AquireV2 AF V2.0
* Temperature SN =  4020
* Conductivity SN =  4020
* System UpLoad Time = May 11 2021 12:45:43
** VESSEL/TRIP/SEQ STN: tel219_2021_036
** LATITUDE: 45 44.93 N
** LONGITUDE: 57 05.51 W
** DATE/TIME: 2021-05-11 11:41
** SOUNDING DEPTH (M): 0416
** PROBE TYPE: S4020
** CTD NUMBER:  36
** FORMAT: T
** COMMENTS: 
# nquan = 7                                 
# nvalues = 3912                        
# units = specified
# name 0 = scan: Scan Count
# name 1 = prdM: Pressure, Strain Gauge [db]
# name 2 = tv290C: Temperature [ITS-90, deg C]
# name 3 = c0S/m: Conductivity [S/m]
# name 4 = sal00: Salinity, Practical [PSU]
# name 5 = sigma-t00: Density [sigma-t, kg/m^3 ]
# name 6 = flag: flag
# span 0 =          1,       3912       
# span 1 =     -0.689,    423.070       
# span 2 =     1.2552,     9.4976       
# span 3 =   0.006266,   3.778448       
# span 4 =     0.0471,    35.1239       
# span 5 =     0.0114,    27.6053       
# span 6 = 0.0000e+00, 0.0000e+00       
# interval = seconds: 1
# start_time = May 11 2021 11:41:50 [Instrument's time stamp, header]
# bad_flag = -9.990e-29
*END*
[from data line 2462]
       2463    419.760     5.8118   3.440504    35.0232    27.5951 0.0000e+00
       2464    419.739     5.8118   3.440502    35.0232    27.5951 0.0000e+00
       2465    419.712     5.8118   3.440499    35.0232    27.5951 0.0000e+00
       2466    419.685     5.8118   3.440493    35.0232    27.5950 0.0000e+00
       2467    419.670     5.8117   3.440488    35.0232    27.5951 0.0000e+00
       2468    419.674     5.8117   3.440490    35.0232    27.5951 0.0000e+00
       2469    419.689     5.8117   3.440490    35.0232    27.5951 0.0000e+00
       2470    419.695     5.8117   3.440486    35.0232    27.5950 0.0000e+00
       2471    419.677     5.8116   3.440485    35.0233    27.5951 0.0000e+00
       2472    419.640     5.8114   3.440483    35.0235    27.5953 0.0000e+00
       2473    419.600     5.8114   3.440477    35.0234    27.5953 0.0000e+00
       2474    419.582     5.8114   3.440472    35.0234    27.5952 0.0000e+00
       2475    419.599     5.8116   3.440479    35.0232    27.5951 0.0000e+00
       2476    419.632     5.8118   3.440494    35.0232    27.5950 0.0000e+00
       2477    419.651     5.8118   3.440508    35.0233    27.5952 0.0000e+00
       2478    419.648     5.8118   3.440520    35.0235    27.5953 0.0000e+00
       2479    419.630     5.8119   3.440526    35.0235    27.5952 0.0000e+00
       2480    419.616     5.8121   3.440527    35.0233    27.5951 0.0000e+00
       2481    419.623     5.8121   3.440530    35.0233    27.5951 0.0000e+00
       2482    419.648     5.8121   3.440533    35.0233    27.5951 0.0000e+00
       2483    419.672     5.8121   3.440535    35.0233    27.5951 0.0000e+00
       2484    419.679     5.8121   3.440533    35.0233    27.5951 0.0000e+00
       2485    419.662     5.8121   3.440528    35.0233    27.5951 0.0000e+00
       2486    419.638     5.8119   3.440519    35.0234    27.5952 0.0000e+00
       2487    419.629     5.8118   3.440510    35.0234    27.5952 0.0000e+00
       2488    419.643     5.8118   3.440508    35.0233    27.5952 0.0000e+00
       2489    419.671     5.8119   3.440517    35.0233    27.5951 0.0000e+00
       2490    419.692     5.8121   3.440529    35.0232    27.5950 0.0000e+00
       2491    419.696     5.8121   3.440537    35.0233    27.5951 0.0000e+00
       2492    419.693     5.8121   3.440537    35.0233    27.5951 0.0000e+00
       2493    419.698     5.8119   3.440529    35.0235    27.5952 0.0000e+00
       2494    419.714     5.8119   3.440526    35.0234    27.5952 0.0000e+00
       2495    419.734     5.8120   3.440532    35.0234    27.5952 0.0000e+00
       2496    419.750     5.8121   3.440542    35.0234    27.5951 0.0000e+00
       2497    419.759     5.8121   3.440542    35.0234    27.5951 0.0000e+00
       2498    419.763     5.8121   3.440542    35.0234    27.5951 0.0000e+00
       2499    419.766     5.8121   3.440544    35.0234    27.5952 0.0000e+00
       2500    419.772     5.8121   3.440545    35.0234    27.5952 0.0000e+00
       2501    419.782     5.8121   3.440548    35.0234    27.5952 0.0000e+00
       2502    419.792     5.8121   3.440546    35.0234    27.5952 0.0000e+00
       2503    419.793     5.8121   3.440542    35.0233    27.5951 0.0000e+00
       2504    419.792     5.8121   3.440543    35.0234    27.5951 0.0000e+00
       2505    419.797     5.8121   3.440545    35.0234    27.5951 0.0000e+00
       2506    419.802     5.8121   3.440544    35.0234    27.5951 0.0000e+00
       2507    419.799     5.8121   3.440543    35.0234    27.5951 0.0000e+00
       2508    419.791     5.8121   3.440544    35.0234    27.5951 0.0000e+00
       2509    419.788     5.8120   3.440541    35.0234    27.5952 0.0000e+00
       2510    419.793     5.8119   3.440537    35.0235    27.5953 0.0000e+00
       2511    419.800     5.8120   3.440542    35.0234    27.5952 0.0000e+00
       2512    419.804     5.8121   3.440545    35.0234    27.5951 0.0000e+00
       2513    419.798     5.8119   3.440544    35.0236    27.5953 0.0000e+00
       2514    419.789     5.8119   3.440545    35.0236    27.5953 0.0000e+00
       2515    419.783     5.8121   3.440548    35.0234    27.5952 0.0000e+00
       2516    419.781     5.8121   3.440547    35.0234    27.5952 0.0000e+00
       2517    419.784     5.8121   3.440543    35.0234    27.5951 0.0000e+00
       2518    419.795     5.8121   3.440541    35.0233    27.5951 0.0000e+00
       2519    419.817     5.8120   3.440545    35.0235    27.5952 0.0000e+00
       2520    419.841     5.8119   3.440546    35.0236    27.5953 0.0000e+00
       2521    419.856     5.8118   3.440539    35.0236    27.5954 0.0000e+00
       2522    419.855     5.8118   3.440537    35.0236    27.5953 0.0000e+00
       2523    419.841     5.8118   3.440536    35.0236    27.5953 0.0000e+00
       2524    419.826     5.8118   3.440531    35.0235    27.5953 0.0000e+00
       2525    419.822     5.8118   3.440526    35.0235    27.5953 0.0000e+00
       2526    419.837     5.8118   3.440528    35.0235    27.5953 0.0000e+00
       2527    419.864     5.8118   3.440535    35.0235    27.5953 0.0000e+00
       2528    419.884     5.8118   3.440539    35.0236    27.5953 0.0000e+00
       2529    419.888     5.8119   3.440545    35.0235    27.5953 0.0000e+00
       2530    419.887     5.8121   3.440555    35.0234    27.5952 0.0000e+00
       2531    419.887     5.8121   3.440564    35.0235    27.5953 0.0000e+00
       2532    419.885     5.8122   3.440565    35.0235    27.5952 0.0000e+00
       2533    419.878     5.8122   3.440562    35.0234    27.5952 0.0000e+00
       2534    419.871     5.8122   3.440564    35.0234    27.5952 0.0000e+00
       2535    419.875     5.8122   3.440565    35.0235    27.5952 0.0000e+00
       2536    419.889     5.8122   3.440570    35.0235    27.5952 0.0000e+00
       2537    419.905     5.8124   3.440583    35.0234    27.5952 0.0000e+00
       2538    419.915     5.8125   3.440592    35.0234    27.5951 0.0000e+00
       2539    419.909     5.8125   3.440590    35.0234    27.5951 0.0000e+00
       2540    419.895     5.8125   3.440585    35.0234    27.5951 0.0000e+00
       2541    419.883     5.8125   3.440590    35.0234    27.5951 0.0000e+00
       2542    419.875     5.8125   3.440597    35.0235    27.5952 0.0000e+00
       2543    419.868     5.8125   3.440599    35.0235    27.5952 0.0000e+00
       2544    419.864     5.8127   3.440608    35.0234    27.5951 0.0000e+00
       2545    419.873     5.8129   3.440622    35.0234    27.5951 0.0000e+00
       2546    419.891     5.8130   3.440627    35.0233    27.5950 0.0000e+00
       2547    419.902     5.8131   3.440633    35.0233    27.5950 0.0000e+00
       2548    419.893     5.8131   3.440642    35.0234    27.5950 0.0000e+00
       2549    419.868     5.8131   3.440643    35.0234    27.5951 0.0000e+00
       2550    419.847     5.8129   3.440634    35.0235    27.5952 0.0000e+00
       2551    419.846     5.8129   3.440631    35.0235    27.5951 0.0000e+00
       2552    419.864     5.8131   3.440640    35.0234    27.5950 0.0000e+00
       2553    419.895     5.8132   3.440650    35.0234    27.5950 0.0000e+00
       2554    419.925     5.8132   3.440652    35.0234    27.5950 0.0000e+00
       2555    419.940     5.8131   3.440652    35.0235    27.5951 0.0000e+00
       2556    419.945     5.8131   3.440651    35.0235    27.5951 0.0000e+00
       2557    419.954     5.8131   3.440649    35.0234    27.5951 0.0000e+00
       2558    419.975     5.8131   3.440648    35.0234    27.5951 0.0000e+00
       2559    420.004     5.8131   3.440644    35.0234    27.5950 0.0000e+00
       2560    420.027     5.8130   3.440635    35.0233    27.5950 0.0000e+00
       2561    420.036     5.8129   3.440628    35.0234    27.5950 0.0000e+00
       2562    420.039     5.8129   3.440630    35.0234    27.5951 0.0000e+00
       2563    420.050     5.8130   3.440646    35.0235    27.5951 0.0000e+00
       2564    420.077     5.8132   3.440675    35.0236    27.5952 0.0000e+00
       2565    420.114     5.8133   3.440692    35.0236    27.5952 0.0000e+00
       2566    420.141     5.8133   3.440693    35.0236    27.5952 0.0000e+00
       2567    420.146     5.8133   3.440685    35.0235    27.5951 0.0000e+00
       2568    420.139     5.8133   3.440674    35.0234    27.5950 0.0000e+00
       2569    420.139     5.8133   3.440672    35.0234    27.5950 0.0000e+00
       2570    420.158     5.8131   3.440665    35.0235    27.5951 0.0000e+00
       2571    420.189     5.8129   3.440656    35.0236    27.5952 0.0000e+00
       2572    420.214     5.8129   3.440655    35.0236    27.5952 0.0000e+00
       2573    420.217     5.8129   3.440653    35.0236    27.5952 0.0000e+00
       2574    420.198     5.8128   3.440646    35.0236    27.5952 0.0000e+00
       2575    420.161     5.8128   3.440636    35.0235    27.5952 0.0000e+00
       2576    420.127     5.8129   3.440632    35.0234    27.5950 0.0000e+00
       2577    420.119     5.8130   3.440647    35.0234    27.5951 0.0000e+00
       2578    420.132     5.8132   3.440670    35.0235    27.5951 0.0000e+00
       2579    420.139     5.8132   3.440673    35.0235    27.5951 0.0000e+00
       2580    420.123     5.8133   3.440669    35.0234    27.5950 0.0000e+00
       2581    420.098     5.8133   3.440670    35.0234    27.5950 0.0000e+00
       2582    420.085     5.8133   3.440680    35.0235    27.5951 0.0000e+00
       2583    420.088     5.8134   3.440695    35.0236    27.5951 0.0000e+00
       2584    420.099     5.8134   3.440703    35.0237    27.5952 0.0000e+00
       2585    420.103     5.8134   3.440704    35.0237    27.5952 0.0000e+00
       2586    420.097     5.8134   3.440700    35.0236    27.5952 0.0000e+00
       2587    420.095     5.8134   3.440697    35.0236    27.5952 0.0000e+00
       2588    420.104     5.8134   3.440700    35.0236    27.5952 0.0000e+00
       2589    420.116     5.8133   3.440700    35.0237    27.5953 0.0000e+00
       2590    420.121     5.8133   3.440688    35.0236    27.5952 0.0000e+00
       2591    420.123     5.8133   3.440678    35.0235    27.5951 0.0000e+00
       2592    420.123     5.8133   3.440682    35.0235    27.5951 0.0000e+00
       2593    420.117     5.8132   3.440681    35.0236    27.5952 0.0000e+00
       2594    420.109     5.8131   3.440662    35.0235    27.5951 0.0000e+00
       2595    420.107     5.8129   3.440644    35.0235    27.5952 0.0000e+00
       2596    420.111     5.8129   3.440646    35.0235    27.5952 0.0000e+00
       2597    420.117     5.8129   3.440658    35.0237    27.5953 0.0000e+00
       2598    420.116     5.8129   3.440657    35.0237    27.5953 0.0000e+00
       2599    420.105     5.8128   3.440642    35.0236    27.5952 0.0000e+00
       2600    420.088     5.8126   3.440625    35.0236    27.5953 0.0000e+00
       2601    420.079     5.8126   3.440629    35.0237    27.5953 0.0000e+00
       2602    420.083     5.8128   3.440639    35.0236    27.5952 0.0000e+00
       2603    420.085     5.8129   3.440639    35.0235    27.5951 0.0000e+00
       2604    420.079     5.8128   3.440625    35.0234    27.5951 0.0000e+00
       2605    420.070     5.8126   3.440613    35.0235    27.5952 0.0000e+00
       2606    420.063     5.8126   3.440616    35.0235    27.5952 0.0000e+00
       2607    420.061     5.8128   3.440621    35.0234    27.5951 0.0000e+00
       2608    420.060     5.8129   3.440627    35.0233    27.5950 0.0000e+00
       2609    420.053     5.8129   3.440638    35.0235    27.5951 0.0000e+00
       2610    420.039     5.8130   3.440645    35.0235    27.5951 0.0000e+00
       2611    420.025     5.8131   3.440649    35.0234    27.5950 0.0000e+00
       2612    420.019     5.8132   3.440656    35.0234    27.5950 0.0000e+00
       2613    420.013     5.8132   3.440660    35.0234    27.5951 0.0000e+00
       2614    419.998     5.8132   3.440656    35.0234    27.5950 0.0000e+00
       2615    419.978     5.8132   3.440649    35.0233    27.5950 0.0000e+00
       2616    419.959     5.8131   3.440643    35.0234    27.5950 0.0000e+00
       2617    419.943     5.8129   3.440637    35.0235    27.5952 0.0000e+00
       2618    419.936     5.8129   3.440630    35.0234    27.5951 0.0000e+00
       2619    419.937     5.8129   3.440626    35.0234    27.5951 0.0000e+00
       2620    419.927     5.8128   3.440620    35.0234    27.5951 0.0000e+00
       2621    419.880     5.8126   3.440612    35.0236    27.5952 0.0000e+00
       2622    419.795     5.8125   3.440603    35.0236    27.5953 0.0000e+00
       2623    419.707     5.8125   3.440600    35.0236    27.5953 0.0000e+00
       2624    419.657     5.8126   3.440604    35.0236    27.5953 0.0000e+00
       2625    419.652     5.8129   3.440618    35.0234    27.5951 0.0000e+00
       2626    419.659     5.8131   3.440637    35.0235    27.5951 0.0000e+00
       2627    419.646     5.8132   3.440646    35.0235    27.5951 0.0000e+00
       2628    419.615     5.8132   3.440644    35.0235    27.5951 0.0000e+00
       2629    419.591     5.8130   3.440631    35.0235    27.5952 0.0000e+00
       2630    419.591     5.8129   3.440622    35.0235    27.5952 0.0000e+00
       2631    419.604     5.8129   3.440621    35.0235    27.5952 0.0000e+00
       2632    419.611     5.8129   3.440620    35.0235    27.5951 0.0000e+00
       2633    419.597     5.8128   3.440617    35.0236    27.5952 0.0000e+00
       2634    419.551     5.8128   3.440615    35.0236    27.5952 0.0000e+00
       2635    419.482     5.8129   3.440613    35.0235    27.5951 0.0000e+00
       2636    419.420     5.8130   3.440619    35.0235    27.5951 0.0000e+00
       2637    419.396     5.8132   3.440643    35.0236    27.5951 0.0000e+00
       2638    419.415     5.8133   3.440662    35.0237    27.5952 0.0000e+00
       2639    419.451     5.8133   3.440661    35.0236    27.5952 0.0000e+00
       2640    419.470     5.8133   3.440651    35.0235    27.5951 0.0000e+00
       2641    419.458     5.8132   3.440636    35.0234    27.5951 0.0000e+00
       2642    419.437     5.8130   3.440620    35.0235    27.5951 0.0000e+00
       2643    419.442     5.8129   3.440613    35.0235    27.5951 0.0000e+00
       2644    419.483     5.8131   3.440627    35.0234    27.5951 0.0000e+00
       2645    419.538     5.8133   3.440653    35.0235    27.5951 0.0000e+00
       2646    419.585     5.8133   3.440670    35.0237    27.5952 0.0000e+00
       2647    419.614     5.8133   3.440669    35.0236    27.5952 0.0000e+00
       2648    419.635     5.8133   3.440658    35.0235    27.5951 0.0000e+00
       2649    419.659     5.8133   3.440652    35.0234    27.5950 0.0000e+00
       2650    419.688     5.8133   3.440660    35.0235    27.5951 0.0000e+00
       2651    419.712     5.8135   3.440686    35.0236    27.5951 0.0000e+00
       2652    419.717     5.8138   3.440708    35.0235    27.5950 0.0000e+00
       2653    419.702     5.8140   3.440716    35.0234    27.5949 0.0000e+00
       2654    419.681     5.8142   3.440733    35.0234    27.5949 0.0000e+00
       2655    419.670     5.8144   3.440755    35.0234    27.5949 0.0000e+00
       2656    419.671     5.8142   3.440749    35.0236    27.5950 0.0000e+00
       2657    419.680     5.8140   3.440715    35.0234    27.5949 0.0000e+00
       2658    419.690     5.8138   3.440691    35.0233    27.5949 0.0000e+00
       2659    419.690     5.8139   3.440706    35.0234    27.5949 0.0000e+00
       2660    419.683     5.8139   3.440727    35.0236    27.5951 0.0000e+00
       2661    419.673     5.8135   3.440702    35.0238    27.5953 0.0000e+00
       2662    419.662     5.8132   3.440652    35.0235    27.5951 0.0000e+00
       2663    419.651     5.8132   3.440649    35.0235    27.5951 0.0000e+00
       2664    419.645     5.8137   3.440704    35.0236    27.5951 0.0000e+00
       2665    419.647     5.8144   3.440765    35.0236    27.5950 0.0000e+00
       2666    419.652     5.8148   3.440797    35.0235    27.5949 0.0000e+00
