Datasets/Test_Dataset_39219_tow/originals/tel219_2021_036.cnv
* Sea-Bird SBE19plus Data File:
* Filename = C:/AQUIRE/tel219_2021_036.hex
* Software Version AquireV2 AF V2.0
* Temperature SN =  4020
* Conductivity SN =  4020
* System UpLoad Time = May 11 2021 12:45:43
** VESSEL/TRIP/SEQ STN: tel219_2021_036
** LATITUDE: 45 44.93 N
** LONGITUDE: 57 05.51 W
** DATE/TIME: 2021-05-11 11:41
** SOUNDING DEPTH (M): 0416
** PROBE TYPE: S4020
** CTD NUMBER:  36
** FORMAT: T
** COMMENTS: 
# nquan = 7                                 
# nvalues = 3912                        
# units = specified
# name 0 = scan: Scan Count
# name 1 = prdM: Pressure, Strain Gauge [db]
# name 2 = tv290C: Temperature [ITS-90, deg C]
# name 3 = c0S/m: Conductivity [S/m]
# name 4 = sal00: Salinity, Practical [PSU]
# name 5 = sigma-t00: Density [sigma-t, kg/m^3 ]
# name 6 = flag: flag
# span 0 =          1,       3912       
# span 1 =     -0.689,    423.070       
# span 2 =     1.2552,     9.4976       
# span 3 =   0.006266,   3.778448       
# span 4 =     0.0471,    35.1239       
# span 5 =     0.0114,    27.6053       
# span 6 = 0.0000e+00, 0.0000e+00       
# interval = seconds: 1
# start_time = May 11 2021 11:41:50 [Instrument's time stamp, header]
# bad_flag = -9.990e-29
*END*
[from data line 3077]
       3078    346.343     6.1386   3.463245    34.9800    27.5191 0.0000e+00
       3079    345.783     6.1274   3.462614    34.9847    27.5243 0.0000e+00
       3080    345.230     6.1296   3.463111    34.9884    27.5268 0.0000e+00
       3081    344.678     6.1480   3.465042    34.9914    27.5269 0.0000e+00
       3082    344.122     6.1707   3.467648    34.9976    27.5288 0.0000e+00
       3083    343.563     6.1859   3.469244    35.0002    27.5289 0.0000e+00
       3084    343.006     6.1922   3.469122    34.9926    27.5221 0.0000e+00
       3085    342.448     6.1948   3.468367    34.9818    27.5132 0.0000e+00
       3086    341.889     6.2002   3.468913    34.9826    27.5131 0.0000e+00
       3087    341.326     6.2119   3.471083    34.9952    27.5216 0.0000e+00
       3088    340.763     6.2245   3.472403    34.9974    27.5216 0.0000e+00
       3089    340.202     6.2296   3.471420    34.9814    27.5083 0.0000e+00
       3090    339.646     6.2278   3.470147    34.9693    27.4990 0.0000e+00
       3091    339.099     6.2298   3.470745    34.9742    27.5026 0.0000e+00
       3092    338.556     6.2411   3.472838    34.9863    27.5107 0.0000e+00
       3093    338.013     6.2554   3.474857    34.9946    27.5153 0.0000e+00
       3094    337.468     6.2666   3.476028    34.9965    27.5153 0.0000e+00
       3095    336.921     6.2767   3.476953    34.9967    27.5142 0.0000e+00
       3096    336.368     6.2883   3.478297    35.0001    27.5154 0.0000e+00
       3097    335.811     6.2999   3.479470    35.0017    27.5151 0.0000e+00
       3098    335.259     6.3079   3.479717    34.9965    27.5099 0.0000e+00
       3099    334.715     6.3121   3.479546    34.9905    27.5047 0.0000e+00
       3100    334.175     6.3156   3.480045    34.9928    27.5060 0.0000e+00
       3101    333.634     6.3203   3.481142    35.0005    27.5115 0.0000e+00
       3102    333.088     6.3256   3.481996    35.0049    27.5143 0.0000e+00
       3103    332.535     6.3309   3.482392    35.0042    27.5130 0.0000e+00
       3104    331.983     6.3332   3.481938    34.9970    27.5070 0.0000e+00
       3105    331.442     6.3281   3.480379    34.9851    27.4983 0.0000e+00
       3106    330.906     6.3216   3.479453    34.9817    27.4964 0.0000e+00
       3107    330.367     6.3296   3.481117    34.9924    27.5038 0.0000e+00
       3108    329.823     6.3524   3.484376    35.0057    27.5113 0.0000e+00
       3109    329.273     6.3726   3.486254    35.0062    27.5091 0.0000e+00
       3110    328.720     6.3780   3.485253    34.9898    27.4954 0.0000e+00
       3111    328.171     6.3713   3.483099    34.9729    27.4829 0.0000e+00
       3112    327.631     6.3697   3.483141    34.9753    27.4850 0.0000e+00
       3113    327.099     6.3884   3.486431    34.9931    27.4967 0.0000e+00
       3114    326.566     6.4192   3.490522    35.0075    27.5039 0.0000e+00
       3115    326.025     6.4426   3.492673    35.0078    27.5010 0.0000e+00
       3116    325.472     6.4527   3.492142    34.9918    27.4871 0.0000e+00
       3117    324.913     6.4536   3.490322    34.9709    27.4704 0.0000e+00
       3118    324.357     6.4438   3.488814    34.9644    27.4666 0.0000e+00
       3119    323.811     6.4209   3.487897    34.9779    27.4803 0.0000e+00
       3120    323.276     6.4044   3.487855    34.9946    27.4957 0.0000e+00
       3121    322.742     6.4228   3.490137    35.0015    27.4987 0.0000e+00
       3122    322.196     6.4731   3.495439    35.0094    27.4982 0.0000e+00
       3123    321.643     6.5203   3.500198    35.0144    27.4958 0.0000e+00
       3124    321.086     6.5441   3.501654    35.0065    27.4864 0.0000e+00
       3125    320.522     6.5547   3.502040    35.0002    27.4800 0.0000e+00
       3126    319.952     6.5649   3.503323    35.0044    27.4819 0.0000e+00
       3127    319.376     6.5759   3.504882    35.0107    27.4855 0.0000e+00
       3128    318.791     6.5848   3.505696    35.0110    27.4845 0.0000e+00
       3129    318.202     6.5923   3.505939    35.0063    27.4798 0.0000e+00
       3130    317.612     6.6010   3.506462    35.0036    27.4764 0.0000e+00
       3131    317.021     6.6125   3.507476    35.0034    27.4747 0.0000e+00
       3132    316.425     6.6292   3.509087    35.0045    27.4734 0.0000e+00
       3133    315.816     6.6538   3.511556    35.0071    27.4721 0.0000e+00
       3134    315.191     6.6837   3.514265    35.0070    27.4679 0.0000e+00
       3135    314.553     6.7131   3.516809    35.0055    27.4627 0.0000e+00
       3136    313.904     6.7373   3.518945    35.0048    27.4589 0.0000e+00
       3137    313.238     6.7547   3.520498    35.0046    27.4563 0.0000e+00
       3138    312.553     6.7682   3.522024    35.0081    27.4572 0.0000e+00
       3139    311.853     6.7791   3.522791    35.0058    27.4540 0.0000e+00
       3140    311.150     6.7821   3.521198    34.9855    27.4375 0.0000e+00
       3141    310.443     6.7683   3.517930    34.9637    27.4223 0.0000e+00
       3142    309.716     6.7506   3.516393    34.9651    27.4258 0.0000e+00
       3143    308.965     6.7626   3.519615    34.9889    27.4429 0.0000e+00
       3144    308.205     6.8035   3.525209    35.0095    27.4535 0.0000e+00
       3145    307.433     6.8393   3.528492    35.0097    27.4488 0.0000e+00
       3146    306.640     6.8585   3.529837    35.0054    27.4427 0.0000e+00
       3147    305.827     6.8708   3.530697    35.0028    27.4390 0.0000e+00
       3148    304.998     6.8773   3.530214    34.9913    27.4290 0.0000e+00
       3149    304.155     6.8707   3.527544    34.9690    27.4123 0.0000e+00
       3150    303.298     6.8493   3.524241    34.9547    27.4040 0.0000e+00
       3151    302.429     6.8240   3.524005    34.9782    27.4260 0.0000e+00
       3152    301.552     6.8102   3.526145    35.0163    27.4580 0.0000e+00
       3153    300.662     6.8160   3.526786    35.0180    27.4585 0.0000e+00
       3154    299.750     6.8431   3.527577    34.9996    27.4403 0.0000e+00
       3155    298.813     6.8865   3.531401    34.9981    27.4331 0.0000e+00
       3156    297.852     6.9242   3.534776    34.9975    27.4274 0.0000e+00
       3157    296.883     6.9321   3.534464    34.9865    27.4176 0.0000e+00
       3158    295.920     6.9168   3.533883    34.9961    27.4273 0.0000e+00
       3159    294.961     6.9223   3.536571    35.0206    27.4459 0.0000e+00
       3160    293.992     6.9726   3.541687    35.0263    27.4434 0.0000e+00
       3161    292.997     7.0358   3.546639    35.0171    27.4273 0.0000e+00
       3162    291.975     7.0680   3.547345    34.9927    27.4036 0.0000e+00
       3163    290.932     7.0556   3.544573    34.9754    27.3917 0.0000e+00
       3164    289.866     7.0221   3.543852    35.0019    27.4173 0.0000e+00
       3165    288.784     7.0042   3.545943    35.0436    27.4527 0.0000e+00
       3166    287.709     7.0152   3.549128    35.0680    27.4703 0.0000e+00
       3167    286.662     7.0436   3.552641    35.0783    27.4745 0.0000e+00
       3168    285.640     7.0745   3.554695    35.0700    27.4636 0.0000e+00
       3169    284.611     7.1068   3.554527    35.0359    27.4322 0.0000e+00
       3170    283.537     7.1510   3.555180    34.9988    27.3967 0.0000e+00
       3171    282.417     7.2016   3.558134    34.9805    27.3752 0.0000e+00
       3172    281.280     7.2363   3.560088    34.9674    27.3599 0.0000e+00
       3173    280.157     7.2334   3.560343    34.9736    27.3652 0.0000e+00
       3174    279.059     7.2066   3.561454    35.0134    27.4004 0.0000e+00
       3175    277.972     7.2148   3.563295    35.0258    27.4090 0.0000e+00
       3176    276.874     7.2842   3.567494    35.0021    27.3804 0.0000e+00
       3177    275.745     7.3656   3.572514    34.9753    27.3477 0.0000e+00
       3178    274.588     7.4132   3.573984    34.9439    27.3161 0.0000e+00
       3179    273.418     7.4442   3.577274    34.9491    27.3157 0.0000e+00
       3180    272.249     7.4829   3.582817    34.9710    27.3274 0.0000e+00
       3181    271.090     7.5182   3.584108    34.9501    27.3058 0.0000e+00
       3182    269.940     7.5286   3.581240    34.9091    27.2720 0.0000e+00
       3183    268.794     7.5313   3.580847    34.9026    27.2666 0.0000e+00
       3184    267.630     7.5842   3.590773    34.9578    27.3023 0.0000e+00
       3185    266.434     7.6830   3.604876    35.0118    27.3303 0.0000e+00
       3186    265.224     7.7572   3.610485    34.9986    27.3090 0.0000e+00
       3187    264.039     7.7806   3.607015    34.9383    27.2581 0.0000e+00
       3188    262.886     7.7876   3.604196    34.9014    27.2281 0.0000e+00
       3189    261.730     7.8257   3.611515    34.9428    27.2550 0.0000e+00
       3190    260.538     7.8874   3.621186    34.9858    27.2796 0.0000e+00
       3191    259.312     7.9261   3.622759    34.9646    27.2572 0.0000e+00
       3192    258.094     7.9455   3.623554    34.9544    27.2462 0.0000e+00
       3193    256.918     7.9620   3.624416    34.9477    27.2386 0.0000e+00
       3194    255.762     7.9721   3.622588    34.9186    27.2141 0.0000e+00
       3195    254.579     8.0076   3.627707    34.9387    27.2246 0.0000e+00
       3196    253.362     8.0782   3.637074    34.9693    27.2380 0.0000e+00
       3197    252.144     8.1232   3.638440    34.9397    27.2080 0.0000e+00
       3198    250.962     8.0976   3.633778    34.9159    27.1931 0.0000e+00
       3199    249.816     8.0341   3.631502    34.9553    27.2336 0.0000e+00
       3200    248.667     8.0290   3.634950    34.9979    27.2679 0.0000e+00
       3201    247.489     8.1300   3.643441    34.9887    27.2454 0.0000e+00
       3202    246.298     8.2383   3.648146    34.9318    27.1842 0.0000e+00
       3203    245.121     8.2620   3.644863    34.8738    27.1351 0.0000e+00
       3204    243.955     8.2686   3.645952    34.8794    27.1385 0.0000e+00
       3205    242.781     8.3283   3.656458    34.9327    27.1711 0.0000e+00
       3206    241.604     8.3940   3.664126    34.9497    27.1743 0.0000e+00
       3207    240.447     8.3952   3.660275    34.9081    27.1415 0.0000e+00
       3208    239.318     8.3296   3.653008    34.8964    27.1424 0.0000e+00
       3209    238.192     8.2943   3.653241    34.9344    27.1777 0.0000e+00
       3210    237.041     8.3844   3.665276    34.9736    27.1946 0.0000e+00
       3211    235.858     8.5467   3.683075    35.0021    27.1918 0.0000e+00
       3212    234.670     8.6646   3.691443    34.9746    27.1517 0.0000e+00
       3213    233.515     8.6852   3.686503    34.9027    27.0920 0.0000e+00
       3214    232.404     8.6167   3.680138    34.9035    27.1035 0.0000e+00
       3215    231.320     8.5500   3.680177    34.9703    27.1663 0.0000e+00
       3216    230.232     8.5825   3.686343    35.0040    27.1876 0.0000e+00
       3217    229.121     8.6798   3.697403    35.0251    27.1889 0.0000e+00
       3218    227.984     8.7497   3.704886    35.0355    27.1860 0.0000e+00
       3219    226.842     8.7602   3.702638    35.0020    27.1580 0.0000e+00
       3220    225.717     8.7244   3.696137    34.9693    27.1381 0.0000e+00
       3221    224.612     8.6721   3.692905    34.9874    27.1605 0.0000e+00
       3222    223.512     8.6457   3.692875    35.0137    27.1853 0.0000e+00
       3223    222.407     8.6805   3.695298    35.0054    27.1733 0.0000e+00
       3224    221.309     8.7602   3.700733    34.9845    27.1444 0.0000e+00
       3225    220.233     8.8117   3.701806    34.9456    27.1057 0.0000e+00
       3226    219.168     8.8128   3.698679    34.9121    27.0793 0.0000e+00
       3227    218.086     8.8431   3.704127    34.9401    27.0964 0.0000e+00
       3228    216.976     8.9404   3.717728    34.9877    27.1181 0.0000e+00
       3229    215.860     9.0318   3.725884    34.9838    27.1004 0.0000e+00
       3230    214.780     9.0418   3.723938    34.9541    27.0755 0.0000e+00
       3231    213.754     8.9875   3.719798    34.9646    27.0925 0.0000e+00
       3232    212.756     8.9798   3.724593    35.0229    27.1394 0.0000e+00
       3233    211.733     9.0776   3.736869    35.0556    27.1492 0.0000e+00
       3234    210.664     9.1976   3.745955    35.0331    27.1121 0.0000e+00
       3235    209.567     9.2437   3.746537    34.9945    27.0743 0.0000e+00
       3236    208.476     9.2117   3.744012    35.0001    27.0839 0.0000e+00
       3237    207.404     9.1676   3.746259    35.0673    27.1437 0.0000e+00
       3238    206.350     9.1639   3.749258    35.1027    27.1721 0.0000e+00
       3239    205.304     9.1922   3.748199    35.0643    27.1374 0.0000e+00
       3240    204.253     9.2364   3.747854    35.0179    27.0938 0.0000e+00
       3241    203.193     9.2862   3.749815    34.9900    27.0639 0.0000e+00
       3242    202.130     9.3153   3.749031    34.9539    27.0308 0.0000e+00
       3243    201.067     9.3006   3.746727    34.9448    27.0261 0.0000e+00
       3244    200.010     9.2561   3.749583    35.0185    27.0911 0.0000e+00
       3245    198.967     9.2312   3.756286    35.1133    27.1694 0.0000e+00
       3246    197.929     9.2488   3.758921    35.1239    27.1748 0.0000e+00
       3247    196.877     9.2918   3.758054    35.0732    27.1280 0.0000e+00
       3248    195.813     9.3313   3.758602    35.0407    27.0961 0.0000e+00
       3249    194.753     9.3358   3.758952    35.0404    27.0951 0.0000e+00
       3250    193.700     9.3136   3.758366    35.0565    27.1114 0.0000e+00
       3251    192.640     9.3235   3.759554    35.0597    27.1123 0.0000e+00
       3252    191.573     9.3773   3.762273    35.0357    27.0847 0.0000e+00
       3253    190.517     9.4049   3.763035    35.0171    27.0656 0.0000e+00
       3254    189.481     9.3756   3.762312    35.0388    27.0873 0.0000e+00
       3255    188.452     9.3471   3.762620    35.0704    27.1168 0.0000e+00
       3256    187.401     9.3720   3.765034    35.0715    27.1136 0.0000e+00
       3257    186.309     9.4334   3.768700    35.0500    27.0865 0.0000e+00
       3258    185.198     9.4784   3.769575    35.0156    27.0522 0.0000e+00
       3259    184.115     9.4811   3.767529    34.9923    27.0335 0.0000e+00
       3260    183.080     9.4591   3.765566    34.9939    27.0384 0.0000e+00
       3261    182.062     9.4438   3.764947    35.0029    27.0480 0.0000e+00
       3262    181.003     9.4479   3.765247    35.0025    27.0470 0.0000e+00
       3263    179.875     9.4573   3.764791    34.9891    27.0350 0.0000e+00
       3264    178.719     9.4588   3.763085    34.9705    27.0202 0.0000e+00
       3265    177.602     9.4526   3.761100    34.9565    27.0102 0.0000e+00
       3266    176.544     9.4412   3.759548    34.9520    27.0086 0.0000e+00
       3267    175.513     9.4286   3.758537    34.9543    27.0125 0.0000e+00
       3268    174.470     9.4139   3.756862    34.9518    27.0130 0.0000e+00
       3269    173.387     9.3917   3.753153    34.9355    27.0039 0.0000e+00
       3270    172.242     9.3656   3.748735    34.9156    26.9926 0.0000e+00
       3271    171.037     9.3437   3.745459    34.9036    26.9868 0.0000e+00
       3272    169.815     9.3301   3.744091    34.9032    26.9887 0.0000e+00
       3273    168.640     9.3243   3.744138    34.9099    26.9949 0.0000e+00
       3274    167.531     9.3159   3.743377    34.9107    26.9969 0.0000e+00
       3275    166.442     9.2849   3.738247    34.8881    26.9843 0.0000e+00
       3276    165.313     9.2334   3.729484    34.8477    26.9611 0.0000e+00
       3277    164.131     9.1900   3.723669    34.8300    26.9544 0.0000e+00
       3278    162.942     9.1678   3.721757    34.8323    26.9598 0.0000e+00
       3279    161.774     9.1558   3.720427    34.8307    26.9605 0.0000e+00
       3280    160.604     9.1439   3.718893    34.8269    26.9594 0.0000e+00
       3281    159.393     9.1275   3.716323    34.8167    26.9540 0.0000e+00
       3282    158.137     9.1085   3.713482    34.8061    26.9489 0.0000e+00
