Datasets/Test_Dataset_39219_tow/originals/tel219_2021_012.cnv
* Sea-Bird SBE19plus Data File:
* Filename = C:/AQUIRE/tel219_2021_012.hex
* Software Version AquireV2 AF V2.0
* Temperature SN =  4020
* Conductivity SN =  4020
* System UpLoad Time = May 06 2021 23:51:20
** VESSEL/TRIP/SEQ STN: tel219_2021_012
** LATITUDE: 46 10.69 N
** LONGITUDE: 55 50.95 W
** DATE/TIME: 2021-05-06 23:04
** SOUNDING DEPTH (M): 0057
** PROBE TYPE: S4020
** CTD NUMBER: 012
** FORMAT: T
** COMMENTS: 
# nquan = 7                                 
# nvalues = 2664                        
# units = specified
# name 0 = scan: Scan Count
# name 1 = prdM: Pressure, Strain Gauge [db]
# name 2 = tv290C: Temperature [ITS-90, deg C]
# name 3 = c0S/m: Conductivity [S/m]
# name 4 = sal00: Salinity, Practical [PSU]
# name 5 = sigma-t00: Density [sigma-t, kg/m^3 ]
# name 6 = flag: flag
# span 0 =          1,       2664       
# span 1 =     -0.191,     53.847       
# span 2 =     2.0617,     3.4547       
# span 3 =   0.005544,   2.919314       
# span 4 =     0.0424,    32.1175       
# span 5 =     0.0054,    25.6578       
# span 6 = 0.0000e+00, 0.0000e+00       
# interval = seconds: 1
# start_time = May 06 2021 23:04:17 [Instrument's time stamp, header]
# bad_flag = -9.990e-29
*END*
[from data line 821]
        822      0.909     2.8867   2.913818    32.0418    25.5337 0.0000e+00
        823      0.949     2.8865   2.913815    32.0419    25.5338 0.0000e+00
        824      1.018     2.8865   2.913826    32.0420    25.5339 0.0000e+00
        825      1.060     2.8865   2.913854    32.0423    25.5342 0.0000e+00
        826      0.981     2.8864   2.913864    32.0426    25.5344 0.0000e+00
        827      0.811     2.8853   2.913758    32.0425    25.5344 0.0000e+00
        828      0.663     2.8827   2.913502    32.0421    25.5342 0.0000e+00
        829      0.580     2.8793   2.913188    32.0417    25.5342 0.0000e+00
        830      0.543     2.8776   2.913041    32.0416    25.5343 0.0000e+00
        831      0.530     2.8781   2.913137    32.0423    25.5348 0.0000e+00
        832      0.504     2.8790   2.913237    32.0426    25.5350 0.0000e+00
        833      0.463     2.8788   2.913199    32.0424    25.5348 0.0000e+00
        834      0.436     2.8774   2.913062    32.0421    25.5347 0.0000e+00
        835      0.417     2.8765   2.912970    32.0419    25.5346 0.0000e+00
        836      0.388     2.8768   2.913024    32.0423    25.5349 0.0000e+00
        837      0.345     2.8773   2.913101    32.0428    25.5352 0.0000e+00
        838      0.312     2.8758   2.912937    32.0423    25.5350 0.0000e+00
        839      0.330     2.8724   2.912566    32.0412    25.5344 0.0000e+00
        840      0.348     2.8717   2.912534    32.0415    25.5347 0.0000e+00
        841      0.298     2.8752   2.912915    32.0426    25.5353 0.0000e+00
        842      0.244     2.8792   2.913224    32.0424    25.5348 0.0000e+00
        843      0.268     2.8819   2.913414    32.0420    25.5343 0.0000e+00
        844      0.308     2.8836   2.913558    32.0420    25.5342 0.0000e+00
        845      0.278     2.8844   2.913600    32.0418    25.5339 0.0000e+00
        846      0.210     2.8845   2.913583    32.0415    25.5336 0.0000e+00
        847      0.176     2.8839   2.913533    32.0415    25.5337 0.0000e+00
        848      0.182     2.8826   2.913435    32.0416    25.5339 0.0000e+00
        849      0.177     2.8817   2.913360    32.0416    25.5340 0.0000e+00
        850      0.152     2.8823   2.913415    32.0417    25.5340 0.0000e+00
        851      0.138     2.8842   2.913574    32.0417    25.5338 0.0000e+00
        852      0.122     2.8861   2.913716    32.0416    25.5336 0.0000e+00
        853      0.098     2.8873   2.913789    32.0413    25.5332 0.0000e+00
        854      0.091     2.8876   2.913816    32.0413    25.5332 0.0000e+00
        855      0.091     2.8875   2.913812    32.0414    25.5333 0.0000e+00
        856      0.069     2.8876   2.913814    32.0413    25.5332 0.0000e+00
        857      0.039     2.8882   2.913862    32.0413    25.5332 0.0000e+00
        858      0.025     2.8893   2.913949    32.0413    25.5330 0.0000e+00
        859      0.015     2.8901   2.914010    32.0412    25.5329 0.0000e+00
        860      0.011     2.8901   2.913997    32.0410    25.5328 0.0000e+00
        861      0.020     2.8895   2.913956    32.0411    25.5329 0.0000e+00
        862      0.028     2.8884   2.913883    32.0414    25.5332 0.0000e+00
        863      0.039     2.8866   2.913733    32.0413    25.5333 0.0000e+00
        864      0.057     2.8843   2.913535    32.0412    25.5334 0.0000e+00
        865      0.062     2.8825   2.913391    32.0412    25.5336 0.0000e+00
        866      0.055     2.8821   2.913370    32.0414    25.5338 0.0000e+00
        867      0.045     2.8826   2.913432    32.0417    25.5339 0.0000e+00
        868      0.057     2.8830   2.913472    32.0417    25.5340 0.0000e+00
        869      0.125     2.8828   2.913456    32.0417    25.5339 0.0000e+00
        870      0.235     2.8821   2.913398    32.0416    25.5339 0.0000e+00
        871      0.351     2.8812   2.913324    32.0416    25.5340 0.0000e+00
        872      0.450     2.8808   2.913307    32.0417    25.5341 0.0000e+00
        873      0.495     2.8810   2.913338    32.0419    25.5342 0.0000e+00
        874      0.490     2.8810   2.913334    32.0418    25.5342 0.0000e+00
        875      0.536     2.8807   2.913295    32.0416    25.5341 0.0000e+00
        876      0.689     2.8800   2.913252    32.0417    25.5342 0.0000e+00
        877      0.868     2.8792   2.913213    32.0419    25.5344 0.0000e+00
        878      1.020     2.8785   2.913159    32.0419    25.5345 0.0000e+00
        879      1.157     2.8781   2.913101    32.0415    25.5342 0.0000e+00
        880      1.271     2.8777   2.913029    32.0410    25.5338 0.0000e+00
        881      1.415     2.8775   2.912939    32.0400    25.5330 0.0000e+00
        882      1.626     2.8767   2.912907    32.0403    25.5334 0.0000e+00
        883      1.823     2.8754   2.912907    32.0415    25.5344 0.0000e+00
        884      1.979     2.8739   2.912909    32.0430    25.5357 0.0000e+00
        885      2.131     2.8729   2.912966    32.0446    25.5370 0.0000e+00
        886      2.266     2.8727   2.913025    32.0454    25.5377 0.0000e+00
        887      2.385     2.8732   2.913075    32.0455    25.5377 0.0000e+00
        888      2.507     2.8741   2.913164    32.0456    25.5378 0.0000e+00
        889      2.594     2.8744   2.913230    32.0460    25.5381 0.0000e+00
        890      2.589     2.8743   2.913226    32.0461    25.5381 0.0000e+00
        891      2.500     2.8743   2.913210    32.0459    25.5380 0.0000e+00
        892      2.392     2.8744   2.913227    32.0461    25.5381 0.0000e+00
        893      2.337     2.8746   2.913242    32.0461    25.5381 0.0000e+00
        894      2.377     2.8743   2.913212    32.0460    25.5381 0.0000e+00
        895      2.524     2.8731   2.913112    32.0459    25.5381 0.0000e+00
        896      2.728     2.8720   2.913032    32.0460    25.5382 0.0000e+00
        897      2.893     2.8715   2.913009    32.0461    25.5384 0.0000e+00
        898      2.993     2.8715   2.912987    32.0458    25.5381 0.0000e+00
        899      3.086     2.8719   2.913038    32.0459    25.5382 0.0000e+00
        900      3.231     2.8723   2.913108    32.0463    25.5385 0.0000e+00
        901      3.410     2.8719   2.913062    32.0461    25.5383 0.0000e+00
        902      3.547     2.8708   2.912969    32.0459    25.5383 0.0000e+00
        903      3.626     2.8701   2.912920    32.0460    25.5384 0.0000e+00
        904      3.708     2.8699   2.912919    32.0462    25.5386 0.0000e+00
        905      3.844     2.8694   2.912891    32.0462    25.5387 0.0000e+00
        906      4.030     2.8686   2.912826    32.0462    25.5387 0.0000e+00
        907      4.227     2.8681   2.912806    32.0463    25.5388 0.0000e+00
        908      4.402     2.8677   2.912791    32.0464    25.5390 0.0000e+00
        909      4.545     2.8667   2.912716    32.0464    25.5391 0.0000e+00
        910      4.666     2.8651   2.912578    32.0463    25.5391 0.0000e+00
        911      4.801     2.8635   2.912434    32.0461    25.5390 0.0000e+00
        912      4.978     2.8628   2.912400    32.0463    25.5392 0.0000e+00
        913      5.178     2.8632   2.912480    32.0467    25.5396 0.0000e+00
        914      5.390     2.8647   2.912622    32.0468    25.5395 0.0000e+00
        915      5.623     2.8666   2.912797    32.0470    25.5395 0.0000e+00
        916      5.882     2.8678   2.912906    32.0469    25.5394 0.0000e+00
        917      6.163     2.8678   2.912891    32.0466    25.5391 0.0000e+00
        918      6.430     2.8673   2.912851    32.0465    25.5390 0.0000e+00
        919      6.661     2.8673   2.912885    32.0468    25.5393 0.0000e+00
        920      6.872     2.8672   2.912891    32.0468    25.5393 0.0000e+00
        921      7.082     2.8666   2.912819    32.0464    25.5391 0.0000e+00
        922      7.303     2.8663   2.912800    32.0464    25.5391 0.0000e+00
        923      7.551     2.8666   2.912858    32.0467    25.5393 0.0000e+00
        924      7.815     2.8673   2.912914    32.0465    25.5391 0.0000e+00
        925      8.052     2.8678   2.912977    32.0467    25.5391 0.0000e+00
        926      8.248     2.8685   2.913058    32.0468    25.5392 0.0000e+00
        927      8.456     2.8691   2.913111    32.0468    25.5391 0.0000e+00
        928      8.716     2.8689   2.913109    32.0468    25.5392 0.0000e+00
        929      8.986     2.8682   2.913043    32.0466    25.5390 0.0000e+00
        930      9.225     2.8672   2.912978    32.0466    25.5392 0.0000e+00
        931      9.452     2.8662   2.912915    32.0468    25.5394 0.0000e+00
        932      9.682     2.8652   2.912851    32.0469    25.5395 0.0000e+00
        933      9.905     2.8644   2.912807    32.0470    25.5397 0.0000e+00
        934     10.135     2.8628   2.912694    32.0471    25.5399 0.0000e+00
        935     10.416     2.8600   2.912480    32.0471    25.5402 0.0000e+00
        936     10.770     2.8579   2.912292    32.0468    25.5401 0.0000e+00
        937     11.163     2.8587   2.912344    32.0464    25.5397 0.0000e+00
        938     11.534     2.8612   2.912617    32.0470    25.5400 0.0000e+00
        939     11.869     2.8630   2.912807    32.0474    25.5401 0.0000e+00
        940     12.209     2.8635   2.912832    32.0470    25.5398 0.0000e+00
        941     12.575     2.8618   2.912708    32.0470    25.5399 0.0000e+00
        942     12.953     2.8572   2.912307    32.0465    25.5399 0.0000e+00
        943     13.328     2.8508   2.911791    32.0464    25.5404 0.0000e+00
        944     13.701     2.8450   2.911373    32.0469    25.5412 0.0000e+00
        945     14.090     2.8398   2.911001    32.0474    25.5420 0.0000e+00
        946     14.506     2.8345   2.910589    32.0475    25.5425 0.0000e+00
        947     14.931     2.8304   2.910235    32.0470    25.5425 0.0000e+00
        948     15.347     2.8286   2.910176    32.0479    25.5434 0.0000e+00
        949     15.756     2.8281   2.910216    32.0487    25.5440 0.0000e+00
        950     16.167     2.8258   2.910006    32.0482    25.5438 0.0000e+00
        951     16.590     2.8189   2.909410    32.0476    25.5439 0.0000e+00
        952     17.026     2.8100   2.908653    32.0471    25.5442 0.0000e+00
        953     17.459     2.8027   2.908161    32.0481    25.5457 0.0000e+00
        954     17.877     2.7965   2.907669    32.0481    25.5462 0.0000e+00
        955     18.294     2.7959   2.907528    32.0468    25.5452 0.0000e+00
        956     18.730     2.8079   2.908719    32.0490    25.5460 0.0000e+00
        957     19.183     2.8253   2.910314    32.0508    25.5460 0.0000e+00
        958     19.634     2.8337   2.910902    32.0493    25.5441 0.0000e+00
        959     20.075     2.8314   2.910555    32.0472    25.5426 0.0000e+00
        960     20.515     2.8304   2.910405    32.0461    25.5418 0.0000e+00
        961     20.965     2.8376   2.911199    32.0484    25.5430 0.0000e+00
        962     21.430     2.8453   2.911904    32.0490    25.5429 0.0000e+00
        963     21.901     2.8472   2.911928    32.0471    25.5412 0.0000e+00
        964     22.362     2.8458   2.911871    32.0476    25.5417 0.0000e+00
        965     22.813     2.8389   2.911413    32.0487    25.5431 0.0000e+00
        966     23.262     2.8209   2.909795    32.0467    25.5431 0.0000e+00
        967     23.710     2.7986   2.907792    32.0444    25.5430 0.0000e+00
        968     24.159     2.7858   2.906911    32.0463    25.5456 0.0000e+00
        969     24.608     2.7831   2.906999    32.0498    25.5486 0.0000e+00
        970     25.057     2.7792   2.906767    32.0506    25.5496 0.0000e+00
        971     25.509     2.7701   2.905862    32.0485    25.5486 0.0000e+00
        972     25.962     2.7634   2.905218    32.0471    25.5480 0.0000e+00
        973     26.411     2.7599   2.905129    32.0492    25.5501 0.0000e+00
        974     26.862     2.7507   2.904447    32.0499    25.5513 0.0000e+00
        975     27.323     2.7333   2.902878    32.0479    25.5512 0.0000e+00
        976     27.798     2.7137   2.901293    32.0480    25.5528 0.0000e+00
        977     28.283     2.6948   2.899846    32.0490    25.5551 0.0000e+00
        978     28.779     2.6776   2.898412    32.0484    25.5560 0.0000e+00
        979     29.292     2.6648   2.897342    32.0479    25.5567 0.0000e+00
        980     29.821     2.6578   2.896808    32.0481    25.5574 0.0000e+00
        981     30.353     2.6549   2.896601    32.0482    25.5577 0.0000e+00
        982     30.875     2.6532   2.896500    32.0484    25.5580 0.0000e+00
        983     31.390     2.6519   2.896415    32.0484    25.5581 0.0000e+00
        984     31.909     2.6509   2.896363    32.0485    25.5582 0.0000e+00
        985     32.428     2.6507   2.896396    32.0488    25.5585 0.0000e+00
        986     32.926     2.6511   2.896476    32.0491    25.5587 0.0000e+00
        987     33.393     2.6510   2.896506    32.0493    25.5589 0.0000e+00
        988     33.842     2.6500   2.896411    32.0489    25.5587 0.0000e+00
        989     34.288     2.6486   2.896296    32.0487    25.5586 0.0000e+00
        990     34.729     2.6481   2.896302    32.0490    25.5589 0.0000e+00
        991     35.164     2.6483   2.896354    32.0492    25.5590 0.0000e+00
        992     35.595     2.6484   2.896375    32.0492    25.5590 0.0000e+00
        993     36.011     2.6483   2.896386    32.0492    25.5590 0.0000e+00
        994     36.406     2.6483   2.896385    32.0490    25.5588 0.0000e+00
        995     36.787     2.6483   2.896391    32.0488    25.5587 0.0000e+00
        996     37.153     2.6483   2.896423    32.0490    25.5589 0.0000e+00
        997     37.498     2.6483   2.896464    32.0493    25.5591 0.0000e+00
        998     37.825     2.6481   2.896463    32.0493    25.5592 0.0000e+00
        999     38.135     2.6475   2.896413    32.0492    25.5591 0.0000e+00
       1000     38.421     2.6467   2.896361    32.0492    25.5591 0.0000e+00
       1001     38.686     2.6458   2.896313    32.0494    25.5593 0.0000e+00
       1002     38.943     2.6446   2.896236    32.0495    25.5595 0.0000e+00
       1003     39.197     2.6433   2.896143    32.0495    25.5597 0.0000e+00
       1004     39.432     2.6426   2.896122    32.0498    25.5600 0.0000e+00
       1005     39.628     2.6426   2.896190    32.0506    25.5606 0.0000e+00
       1006     39.781     2.6432   2.896243    32.0505    25.5605 0.0000e+00
       1007     39.912     2.6436   2.896257    32.0502    25.5602 0.0000e+00
       1008     40.046     2.6437   2.896256    32.0500    25.5601 0.0000e+00
       1009     40.189     2.6435   2.896219    32.0497    25.5598 0.0000e+00
       1010     40.334     2.6429   2.896161    32.0495    25.5597 0.0000e+00
       1011     40.472     2.6423   2.896114    32.0495    25.5597 0.0000e+00
       1012     40.601     2.6417   2.896077    32.0496    25.5598 0.0000e+00
       1013     40.723     2.6414   2.896063    32.0496    25.5599 0.0000e+00
       1014     40.841     2.6421   2.896132    32.0497    25.5599 0.0000e+00
       1015     40.952     2.6434   2.896260    32.0499    25.5600 0.0000e+00
       1016     41.053     2.6441   2.896314    32.0498    25.5598 0.0000e+00
       1017     41.161     2.6439   2.896257    32.0493    25.5594 0.0000e+00
       1018     41.292     2.6435   2.896203    32.0489    25.5592 0.0000e+00
       1019     41.436     2.6433   2.896217    32.0492    25.5594 0.0000e+00
       1020     41.570     2.6431   2.896220    32.0494    25.5596 0.0000e+00
       1021     41.691     2.6425   2.896166    32.0493    25.5595 0.0000e+00
       1022     41.817     2.6413   2.896068    32.0492    25.5596 0.0000e+00
       1023     41.962     2.6397   2.895934    32.0491    25.5596 0.0000e+00
       1024     42.119     2.6376   2.895797    32.0494    25.5601 0.0000e+00
       1025     42.272     2.6351   2.895642    32.0500    25.5607 0.0000e+00
