Datasets/Test_Dataset_39219_tow/originals/tel219_2021_085.cnv
* Sea-Bird SBE19plus Data File:
* Filename = C:/AQUIRE/tel219_2021_085.hex
* Software Version AquireV2 AF V2.0
* Temperature SN =  4020
* Conductivity SN =  4020
* System UpLoad Time = May 17 2021 03:20:28
** VESSEL/TRIP/SEQ STN: tel219_2021_085
** LATITUDE: 46 26.02 N
** LONGITUDE: 55 20.24 W
** DATE/TIME: 2021-05-17 02:39
** SOUNDING DEPTH (M): 0155
** PROBE TYPE: S4020
** CTD NUMBER:  85
** FORMAT: t
** COMMENTS: 
# nquan = 7                                 
# nvalues = 2512                        
# units = specified
# name 0 = scan: Scan Count
# name 1 = prdM: Pressure, Strain Gauge [db]
# name 2 = tv290C: Temperature [ITS-90, deg C]
# name 3 = c0S/m: Conductivity [S/m]
# name 4 = sal00: Salinity, Practical [PSU]
# name 5 = sigma-t00: Density [sigma-t, kg/m^3 ]
# name 6 = flag: flag
# span 0 =          1,       2512       
# span 1 =      0.007,    152.555       
# span 2 =     0.1345,     5.3261       
# span 3 =   0.005787,   3.041036       
# span 4 =     0.0427,    32.6385       
# span 5 =    -0.0031,    26.1937       
# span 6 = 0.0000e+00, 0.0000e+00       
# interval = seconds: 1
# start_time = May 17 2021 02:39:48 [Instrument's time stamp, header]
# bad_flag = -9.990e-29
*END*
[from data line 1026]
       1027    152.278     0.1374   2.743124    32.6366    26.1920 0.0000e+00
       1028    152.288     0.1375   2.743124    32.6365    26.1919 0.0000e+00
       1029    152.309     0.1376   2.743119    32.6363    26.1918 0.0000e+00
       1030    152.339     0.1376   2.743109    32.6362    26.1916 0.0000e+00
       1031    152.373     0.1377   2.743104    32.6360    26.1915 0.0000e+00
       1032    152.405     0.1378   2.743105    32.6359    26.1914 0.0000e+00
       1033    152.434     0.1377   2.743111    32.6360    26.1915 0.0000e+00
       1034    152.465     0.1376   2.743120    32.6362    26.1917 0.0000e+00
       1035    152.493     0.1375   2.743119    32.6363    26.1918 0.0000e+00
       1036    152.512     0.1373   2.743111    32.6364    26.1919 0.0000e+00
       1037    152.516     0.1371   2.743108    32.6366    26.1920 0.0000e+00
       1038    152.509     0.1371   2.743116    32.6367    26.1921 0.0000e+00
       1039    152.502     0.1371   2.743121    32.6368    26.1921 0.0000e+00
       1040    152.505     0.1371   2.743119    32.6367    26.1921 0.0000e+00
       1041    152.516     0.1371   2.743116    32.6367    26.1921 0.0000e+00
       1042    152.527     0.1371   2.743115    32.6367    26.1921 0.0000e+00
       1043    152.533     0.1371   2.743121    32.6368    26.1921 0.0000e+00
       1044    152.534     0.1370   2.743125    32.6369    26.1923 0.0000e+00
       1045    152.535     0.1369   2.743120    32.6370    26.1923 0.0000e+00
       1046    152.541     0.1369   2.743110    32.6368    26.1922 0.0000e+00
       1047    152.550     0.1370   2.743105    32.6366    26.1920 0.0000e+00
       1048    152.555     0.1371   2.743100    32.6365    26.1919 0.0000e+00
       1049    152.553     0.1371   2.743093    32.6364    26.1918 0.0000e+00
       1050    152.540     0.1371   2.743096    32.6364    26.1919 0.0000e+00
       1051    152.519     0.1371   2.743104    32.6365    26.1920 0.0000e+00
       1052    152.489     0.1371   2.743112    32.6367    26.1921 0.0000e+00
       1053    152.449     0.1370   2.743115    32.6368    26.1922 0.0000e+00
       1054    152.396     0.1370   2.743105    32.6367    26.1921 0.0000e+00
       1055    152.326     0.1371   2.743089    32.6365    26.1919 0.0000e+00
       1056    152.239     0.1371   2.743068    32.6362    26.1917 0.0000e+00
       1057    152.149     0.1372   2.743052    32.6360    26.1915 0.0000e+00
       1058    152.086     0.1371   2.743061    32.6362    26.1917 0.0000e+00
       1059    152.067     0.1370   2.743081    32.6366    26.1920 0.0000e+00
       1060    152.078     0.1368   2.743087    32.6369    26.1923 0.0000e+00
       1061    152.103     0.1366   2.743082    32.6370    26.1924 0.0000e+00
       1062    152.133     0.1366   2.743083    32.6370    26.1924 0.0000e+00
       1063    152.165     0.1366   2.743087    32.6371    26.1924 0.0000e+00
       1064    152.192     0.1366   2.743085    32.6370    26.1924 0.0000e+00
       1065    152.209     0.1366   2.743086    32.6370    26.1924 0.0000e+00
       1066    152.213     0.1366   2.743087    32.6370    26.1924 0.0000e+00
       1067    152.206     0.1366   2.743091    32.6371    26.1924 0.0000e+00
       1068    152.195     0.1366   2.743096    32.6372    26.1925 0.0000e+00
       1069    152.181     0.1365   2.743095    32.6373    26.1926 0.0000e+00
       1070    152.162     0.1364   2.743087    32.6373    26.1926 0.0000e+00
       1071    152.142     0.1365   2.743074    32.6370    26.1924 0.0000e+00
       1072    152.124     0.1365   2.743071    32.6370    26.1923 0.0000e+00
       1073    152.109     0.1365   2.743074    32.6370    26.1924 0.0000e+00
       1074    152.098     0.1365   2.743073    32.6370    26.1924 0.0000e+00
       1075    152.084     0.1365   2.743070    32.6370    26.1923 0.0000e+00
       1076    152.064     0.1365   2.743072    32.6370    26.1924 0.0000e+00
       1077    152.045     0.1364   2.743073    32.6372    26.1925 0.0000e+00
       1078    152.027     0.1364   2.743072    32.6371    26.1925 0.0000e+00
       1079    152.005     0.1364   2.743071    32.6371    26.1925 0.0000e+00
       1080    151.978     0.1364   2.743067    32.6371    26.1924 0.0000e+00
       1081    151.949     0.1363   2.743056    32.6371    26.1924 0.0000e+00
       1082    151.924     0.1362   2.743043    32.6370    26.1924 0.0000e+00
       1083    151.907     0.1362   2.743036    32.6370    26.1923 0.0000e+00
       1084    151.891     0.1362   2.743035    32.6370    26.1923 0.0000e+00
       1085    151.870     0.1362   2.743034    32.6370    26.1923 0.0000e+00
       1086    151.847     0.1362   2.743034    32.6370    26.1923 0.0000e+00
       1087    151.826     0.1362   2.743034    32.6370    26.1924 0.0000e+00
       1088    151.805     0.1361   2.743032    32.6371    26.1924 0.0000e+00
       1089    151.782     0.1361   2.743028    32.6370    26.1924 0.0000e+00
       1090    151.755     0.1361   2.743028    32.6370    26.1924 0.0000e+00
       1091    151.730     0.1360   2.743026    32.6371    26.1925 0.0000e+00
       1092    151.712     0.1359   2.743023    32.6372    26.1926 0.0000e+00
       1093    151.700     0.1359   2.743023    32.6372    26.1926 0.0000e+00
       1094    151.686     0.1359   2.743021    32.6372    26.1926 0.0000e+00
       1095    151.671     0.1357   2.743017    32.6374    26.1927 0.0000e+00
       1096    151.658     0.1357   2.743016    32.6374    26.1927 0.0000e+00
       1097    151.648     0.1357   2.743016    32.6374    26.1927 0.0000e+00
       1098    151.639     0.1358   2.743020    32.6373    26.1927 0.0000e+00
       1099    151.628     0.1358   2.743027    32.6374    26.1927 0.0000e+00
       1100    151.613     0.1359   2.743028    32.6373    26.1927 0.0000e+00
       1101    151.594     0.1359   2.743022    32.6373    26.1926 0.0000e+00
       1102    151.571     0.1359   2.743017    32.6372    26.1926 0.0000e+00
       1103    151.550     0.1359   2.743014    32.6372    26.1925 0.0000e+00
       1104    151.533     0.1360   2.743008    32.6370    26.1924 0.0000e+00
       1105    151.519     0.1361   2.742997    32.6368    26.1922 0.0000e+00
       1106    151.507     0.1361   2.742980    32.6366    26.1920 0.0000e+00
       1107    151.495     0.1361   2.742974    32.6365    26.1920 0.0000e+00
       1108    151.481     0.1361   2.742981    32.6366    26.1920 0.0000e+00
       1109    151.470     0.1361   2.742985    32.6366    26.1921 0.0000e+00
       1110    151.462     0.1361   2.742985    32.6367    26.1921 0.0000e+00
       1111    151.452     0.1359   2.742992    32.6370    26.1924 0.0000e+00
       1112    151.441     0.1356   2.742998    32.6374    26.1927 0.0000e+00
       1113    151.432     0.1356   2.742998    32.6374    26.1927 0.0000e+00
       1114    151.422     0.1356   2.742988    32.6372    26.1926 0.0000e+00
       1115    151.412     0.1356   2.742978    32.6371    26.1925 0.0000e+00
       1116    151.409     0.1356   2.742977    32.6371    26.1925 0.0000e+00
       1117    151.406     0.1356   2.742980    32.6372    26.1925 0.0000e+00
       1118    151.395     0.1356   2.742976    32.6371    26.1925 0.0000e+00
       1119    151.378     0.1356   2.742964    32.6370    26.1924 0.0000e+00
       1120    151.353     0.1356   2.742961    32.6369    26.1923 0.0000e+00
       1121    151.320     0.1356   2.742967    32.6370    26.1924 0.0000e+00
       1122    151.285     0.1355   2.742966    32.6371    26.1925 0.0000e+00
       1123    151.252     0.1354   2.742959    32.6372    26.1926 0.0000e+00
       1124    151.229     0.1355   2.742954    32.6370    26.1924 0.0000e+00
       1125    151.221     0.1355   2.742952    32.6370    26.1924 0.0000e+00
       1126    151.224     0.1356   2.742948    32.6368    26.1923 0.0000e+00
       1127    151.231     0.1356   2.742936    32.6367    26.1921 0.0000e+00
       1128    151.235     0.1356   2.742927    32.6366    26.1920 0.0000e+00
       1129    151.232     0.1356   2.742935    32.6367    26.1921 0.0000e+00
       1130    151.222     0.1356   2.742944    32.6368    26.1922 0.0000e+00
       1131    151.212     0.1355   2.742950    32.6370    26.1924 0.0000e+00
       1132    151.205     0.1354   2.742958    32.6372    26.1926 0.0000e+00
       1133    151.199     0.1353   2.742963    32.6374    26.1927 0.0000e+00
       1134    151.195     0.1353   2.742958    32.6373    26.1927 0.0000e+00
       1135    151.185     0.1353   2.742947    32.6372    26.1925 0.0000e+00
       1136    151.171     0.1352   2.742936    32.6371    26.1925 0.0000e+00
       1137    151.159     0.1352   2.742938    32.6372    26.1926 0.0000e+00
       1138    151.149     0.1352   2.742950    32.6373    26.1927 0.0000e+00
       1139    151.139     0.1352   2.742954    32.6374    26.1927 0.0000e+00
       1140    151.132     0.1353   2.742952    32.6373    26.1926 0.0000e+00
       1141    151.125     0.1354   2.742941    32.6370    26.1924 0.0000e+00
       1142    151.115     0.1354   2.742929    32.6369    26.1923 0.0000e+00
       1143    151.103     0.1354   2.742925    32.6368    26.1923 0.0000e+00
       1144    151.093     0.1354   2.742926    32.6368    26.1923 0.0000e+00
       1145    151.091     0.1352   2.742929    32.6371    26.1925 0.0000e+00
       1146    151.097     0.1352   2.742938    32.6372    26.1926 0.0000e+00
       1147    151.102     0.1352   2.742941    32.6372    26.1926 0.0000e+00
       1148    151.099     0.1352   2.742939    32.6372    26.1926 0.0000e+00
       1149    151.091     0.1352   2.742936    32.6372    26.1926 0.0000e+00
       1150    151.084     0.1352   2.742928    32.6371    26.1925 0.0000e+00
       1151    151.083     0.1352   2.742922    32.6370    26.1924 0.0000e+00
       1152    151.085     0.1352   2.742926    32.6371    26.1925 0.0000e+00
       1153    151.087     0.1352   2.742931    32.6371    26.1925 0.0000e+00
       1154    151.086     0.1352   2.742921    32.6370    26.1924 0.0000e+00
       1155    151.079     0.1352   2.742903    32.6368    26.1922 0.0000e+00
       1156    151.067     0.1352   2.742900    32.6367    26.1922 0.0000e+00
       1157    151.058     0.1351   2.742913    32.6370    26.1924 0.0000e+00
       1158    151.057     0.1351   2.742928    32.6372    26.1926 0.0000e+00
       1159    151.056     0.1351   2.742939    32.6373    26.1927 0.0000e+00
       1160    151.052     0.1351   2.742941    32.6374    26.1927 0.0000e+00
       1161    151.050     0.1350   2.742940    32.6375    26.1928 0.0000e+00
       1162    151.049     0.1350   2.742935    32.6374    26.1928 0.0000e+00
       1163    151.045     0.1350   2.742935    32.6374    26.1928 0.0000e+00
       1164    151.041     0.1350   2.742944    32.6375    26.1929 0.0000e+00
       1165    151.041     0.1349   2.742948    32.6377    26.1930 0.0000e+00
       1166    151.039     0.1349   2.742947    32.6377    26.1930 0.0000e+00
       1167    151.034     0.1349   2.742945    32.6377    26.1930 0.0000e+00
       1168    151.030     0.1349   2.742943    32.6376    26.1929 0.0000e+00
       1169    151.028     0.1350   2.742935    32.6374    26.1928 0.0000e+00
       1170    151.027     0.1350   2.742923    32.6373    26.1926 0.0000e+00
       1171    151.021     0.1350   2.742917    32.6372    26.1926 0.0000e+00
       1172    151.006     0.1350   2.742916    32.6372    26.1926 0.0000e+00
       1173    150.988     0.1350   2.742916    32.6372    26.1926 0.0000e+00
       1174    150.969     0.1350   2.742921    32.6373    26.1926 0.0000e+00
       1175    150.948     0.1349   2.742920    32.6374    26.1927 0.0000e+00
       1176    150.926     0.1349   2.742913    32.6373    26.1927 0.0000e+00
       1177    150.901     0.1349   2.742915    32.6373    26.1927 0.0000e+00
       1178    150.874     0.1349   2.742921    32.6374    26.1928 0.0000e+00
       1179    150.852     0.1349   2.742921    32.6374    26.1928 0.0000e+00
       1180    150.838     0.1349   2.742926    32.6375    26.1928 0.0000e+00
       1181    150.827     0.1348   2.742937    32.6378    26.1931 0.0000e+00
       1182    150.816     0.1347   2.742942    32.6380    26.1932 0.0000e+00
       1183    150.803     0.1347   2.742937    32.6379    26.1932 0.0000e+00
       1184    150.786     0.1347   2.742933    32.6378    26.1931 0.0000e+00
       1185    150.768     0.1347   2.742939    32.6379    26.1932 0.0000e+00
       1186    150.756     0.1347   2.742940    32.6380    26.1932 0.0000e+00
       1187    150.750     0.1347   2.742933    32.6379    26.1931 0.0000e+00
       1188    150.741     0.1349   2.742925    32.6376    26.1929 0.0000e+00
       1189    150.727     0.1349   2.742909    32.6374    26.1927 0.0000e+00
       1190    150.710     0.1349   2.742891    32.6371    26.1925 0.0000e+00
       1191    150.694     0.1348   2.742875    32.6370    26.1925 0.0000e+00
       1192    150.679     0.1348   2.742862    32.6369    26.1923 0.0000e+00
       1193    150.666     0.1347   2.742879    32.6372    26.1926 0.0000e+00
       1194    150.655     0.1347   2.742911    32.6376    26.1930 0.0000e+00
       1195    150.642     0.1347   2.742924    32.6378    26.1931 0.0000e+00
       1196    150.627     0.1347   2.742917    32.6377    26.1930 0.0000e+00
       1197    150.611     0.1347   2.742912    32.6377    26.1930 0.0000e+00
       1198    150.600     0.1346   2.742919    32.6379    26.1932 0.0000e+00
       1199    150.595     0.1346   2.742927    32.6380    26.1932 0.0000e+00
       1200    150.589     0.1346   2.742920    32.6379    26.1932 0.0000e+00
       1201    150.576     0.1346   2.742904    32.6377    26.1930 0.0000e+00
       1202    150.560     0.1347   2.742897    32.6375    26.1929 0.0000e+00
       1203    150.546     0.1347   2.742896    32.6375    26.1928 0.0000e+00
       1204    150.536     0.1347   2.742895    32.6375    26.1928 0.0000e+00
       1205    150.528     0.1347   2.742902    32.6376    26.1929 0.0000e+00
       1206    150.514     0.1346   2.742917    32.6379    26.1932 0.0000e+00
       1207    150.494     0.1346   2.742935    32.6382    26.1934 0.0000e+00
       1208    150.474     0.1346   2.742945    32.6383    26.1935 0.0000e+00
       1209    150.458     0.1345   2.742945    32.6384    26.1936 0.0000e+00
       1210    150.445     0.1345   2.742942    32.6384    26.1936 0.0000e+00
       1211    150.433     0.1345   2.742940    32.6384    26.1935 0.0000e+00
       1212    150.423     0.1345   2.742939    32.6384    26.1935 0.0000e+00
       1213    150.415     0.1345   2.742943    32.6384    26.1936 0.0000e+00
       1214    150.403     0.1345   2.742946    32.6385    26.1936 0.0000e+00
       1215    150.388     0.1345   2.742939    32.6384    26.1936 0.0000e+00
       1216    150.372     0.1345   2.742929    32.6382    26.1935 0.0000e+00
       1217    150.356     0.1345   2.742929    32.6383    26.1935 0.0000e+00
       1218    150.341     0.1346   2.742925    32.6381    26.1933 0.0000e+00
       1219    150.324     0.1346   2.742909    32.6379    26.1932 0.0000e+00
       1220    150.304     0.1346   2.742900    32.6378    26.1931 0.0000e+00
       1221    150.283     0.1346   2.742898    32.6378    26.1931 0.0000e+00
       1222    150.257     0.1346   2.742908    32.6379    26.1932 0.0000e+00
       1223    150.228     0.1346   2.742919    32.6381    26.1933 0.0000e+00
       1224    150.208     0.1346   2.742920    32.6381    26.1934 0.0000e+00
       1225    150.200     0.1346   2.742922    32.6382    26.1934 0.0000e+00
       1226    150.197     0.1346   2.742919    32.6381    26.1933 0.0000e+00
       1227    150.194     0.1346   2.742906    32.6379    26.1932 0.0000e+00
       1228    150.190     0.1346   2.742887    32.6377    26.1930 0.0000e+00
       1229    150.187     0.1346   2.742876    32.6376    26.1929 0.0000e+00
       1230    150.183     0.1346   2.742885    32.6377    26.1930 0.0000e+00
