Datasets/Test_Dataset_39219_tow/originals/tel219_2021_017.cnv
* Sea-Bird SBE19plus Data File:
* Filename = C:/AQUIRE/tel219_2021_017.hex
* Software Version AquireV2 AF V2.0
* Temperature SN =  4020
* Conductivity SN =  4020
* System UpLoad Time = May 07 2021 16:33:57
** VESSEL/TRIP/SEQ STN: tel219_2021_017
** LATITUDE: 46 38.82 N
** LONGITUDE: 56 44.55 W
** DATE/TIME: 2021-05-07 15:55
** SOUNDING DEPTH (M): 0050
** PROBE TYPE: S4020
** CTD NUMBER:  17
** FORMAT: t
** COMMENTS: 
# nquan = 7                                 
# nvalues = 2370                        
# units = specified
# name 0 = scan: Scan Count
# name 1 = prdM: Pressure, Strain Gauge [db]
# name 2 = tv290C: Temperature [ITS-90, deg C]
# name 3 = c0S/m: Conductivity [S/m]
# name 4 = sal00: Salinity, Practical [PSU]
# name 5 = sigma-t00: Density [sigma-t, kg/m^3 ]
# name 6 = flag: flag
# span 0 =          1,       2370       
# span 1 =     -0.346,     47.619       
# span 2 =     3.3029,     7.1377       
# span 3 =   0.004876,   3.046552       
# span 4 =     0.0349,    32.3302       
# span 5 =    -0.0740,    25.6945       
# span 6 = 0.0000e+00, 0.0000e+00       
# interval = seconds: 1
# start_time = May 07 2021 15:55:33 [Instrument's time stamp, header]
# bad_flag = -9.990e-29
*END*
[from data line 2052]
       2053     -0.158     3.7186   0.012255     0.0954     0.0516 0.0000e+00
       2054     -0.159     3.7196   0.012359     0.0962     0.0522 0.0000e+00
       2055     -0.162     3.7202   0.012292     0.0957     0.0518 0.0000e+00
       2056     -0.166     3.7207   0.012140     0.0945     0.0508 0.0000e+00
       2057     -0.168     3.7211   0.012073     0.0939     0.0504 0.0000e+00
       2058     -0.166     3.7217   0.012143     0.0945     0.0508 0.0000e+00
       2059     -0.163     3.7222   0.012236     0.0952     0.0514 0.0000e+00
       2060     -0.161     3.7228   0.012223     0.0951     0.0514 0.0000e+00
       2061     -0.159     3.7232   0.012095     0.0941     0.0505 0.0000e+00
       2062     -0.160     3.7234   0.011961     0.0930     0.0497 0.0000e+00
       2063     -0.163     3.7241   0.011952     0.0929     0.0496 0.0000e+00
       2064     -0.164     3.7260   0.012079     0.0940     0.0504 0.0000e+00
       2065     -0.162     3.7299   0.012205     0.0950     0.0512 0.0000e+00
       2066     -0.160     3.7341   0.012183     0.0948     0.0511 0.0000e+00
       2067     -0.158     3.7368   0.012045     0.0937     0.0502 0.0000e+00
       2068     -0.157     3.7382   0.011950     0.0929     0.0496 0.0000e+00
       2069     -0.160     3.7390   0.011972     0.0931     0.0497 0.0000e+00
       2070     -0.163     3.7393   0.012037     0.0936     0.0502 0.0000e+00
       2071     -0.161     3.7403   0.012061     0.0938     0.0503 0.0000e+00
       2072     -0.159     3.7437   0.012027     0.0935     0.0501 0.0000e+00
       2073     -0.162     3.7482   0.011966     0.0930     0.0497 0.0000e+00
       2074     -0.165     3.7505   0.011908     0.0925     0.0494 0.0000e+00
       2075     -0.163     3.7502   0.011865     0.0922     0.0491 0.0000e+00
       2076     -0.161     3.7493   0.011827     0.0919     0.0488 0.0000e+00
       2077     -0.161     3.7489   0.011782     0.0915     0.0485 0.0000e+00
       2078     -0.161     3.7494   0.011734     0.0911     0.0482 0.0000e+00
       2079     -0.163     3.7506   0.011704     0.0909     0.0480 0.0000e+00
       2080     -0.167     3.7515   0.011707     0.0909     0.0480 0.0000e+00
       2081     -0.169     3.7523   0.011747     0.0912     0.0483 0.0000e+00
       2082     -0.169     3.7533   0.011770     0.0914     0.0485 0.0000e+00
       2083     -0.168     3.7553   0.011725     0.0910     0.0482 0.0000e+00
       2084     -0.169     3.7589   0.011629     0.0903     0.0476 0.0000e+00
       2085     -0.169     3.7641   0.011549     0.0896     0.0470 0.0000e+00
       2086     -0.165     3.7702   0.011549     0.0896     0.0470 0.0000e+00
       2087     -0.162     3.7749   0.011612     0.0901     0.0475 0.0000e+00
       2088     -0.163     3.7756   0.011665     0.0905     0.0478 0.0000e+00
       2089     -0.165     3.7743   0.011676     0.0906     0.0479 0.0000e+00
       2090     -0.166     3.7738   0.011650     0.0904     0.0477 0.0000e+00
       2091     -0.165     3.7757   0.011598     0.0900     0.0474 0.0000e+00
       2092     -0.164     3.7805   0.011538     0.0895     0.0470 0.0000e+00
       2093     -0.164     3.7866   0.011483     0.0890     0.0466 0.0000e+00
       2094     -0.166     3.7906   0.011439     0.0887     0.0464 0.0000e+00
       2095     -0.165     3.7913   0.011426     0.0886     0.0463 0.0000e+00
       2096     -0.164     3.7901   0.011456     0.0888     0.0465 0.0000e+00
       2097     -0.164     3.7889   0.011501     0.0892     0.0468 0.0000e+00
       2098     -0.161     3.7906   0.011497     0.0891     0.0467 0.0000e+00
       2099     -0.159     3.7964   0.011417     0.0885     0.0462 0.0000e+00
       2100     -0.161     3.8019   0.011314     0.0876     0.0456 0.0000e+00
       2101     -0.164     3.8030   0.011296     0.0875     0.0454 0.0000e+00
       2102     -0.167     3.8020   0.011406     0.0884     0.0461 0.0000e+00
       2103     -0.170     3.8042   0.011541     0.0894     0.0470 0.0000e+00
       2104     -0.170     3.8093   0.011547     0.0895     0.0471 0.0000e+00
       2105     -0.163     3.8128   0.011418     0.0884     0.0462 0.0000e+00
       2106     -0.155     3.8127   0.011323     0.0877     0.0456 0.0000e+00
       2107     -0.153     3.8110   0.011423     0.0885     0.0463 0.0000e+00
       2108     -0.154     3.8099   0.011695     0.0907     0.0480 0.0000e+00
       2109     -0.155     3.8125   0.011921     0.0925     0.0495 0.0000e+00
       2110     -0.156     3.8204   0.011935     0.0926     0.0496 0.0000e+00
       2111     -0.157     3.8297   0.011795     0.0914     0.0487 0.0000e+00
       2112     -0.158     3.8350   0.011661     0.0903     0.0478 0.0000e+00
       2113     -0.160     3.8352   0.011659     0.0903     0.0478 0.0000e+00
       2114     -0.161     3.8333   0.011807     0.0915     0.0488 0.0000e+00
       2115     -0.161     3.8343   0.011983     0.0929     0.0499 0.0000e+00
       2116     -0.162     3.8425   0.012043     0.0934     0.0503 0.0000e+00
       2117     -0.162     3.8556   0.011962     0.0927     0.0498 0.0000e+00
       2118     -0.160     3.8648   0.011804     0.0914     0.0487 0.0000e+00
       2119     -0.160     3.8654   0.011660     0.0903     0.0478 0.0000e+00
       2120     -0.163     3.8620   0.011609     0.0899     0.0475 0.0000e+00
       2121     -0.165     3.8589   0.011640     0.0901     0.0477 0.0000e+00
       2122     -0.166     3.8556   0.011660     0.0903     0.0478 0.0000e+00
       2123     -0.167     3.8511   0.011596     0.0898     0.0474 0.0000e+00
       2124     -0.166     3.8462   0.011467     0.0888     0.0466 0.0000e+00
       2125     -0.163     3.8424   0.011369     0.0880     0.0459 0.0000e+00
       2126     -0.160     3.8411   0.011377     0.0880     0.0460 0.0000e+00
       2127     -0.159     3.8445   0.011442     0.0886     0.0464 0.0000e+00
       2128     -0.159     3.8514   0.011455     0.0886     0.0465 0.0000e+00
       2129     -0.160     3.8560   0.011386     0.0881     0.0460 0.0000e+00
       2130     -0.162     3.8569   0.011330     0.0876     0.0457 0.0000e+00
       2131     -0.164     3.8590   0.011380     0.0880     0.0460 0.0000e+00
       2132     -0.164     3.8630   0.011481     0.0888     0.0466 0.0000e+00
       2133     -0.160     3.8652   0.011515     0.0891     0.0469 0.0000e+00
       2134     -0.159     3.8656   0.011459     0.0886     0.0465 0.0000e+00
       2135     -0.159     3.8670   0.011378     0.0880     0.0460 0.0000e+00
       2136     -0.159     3.8690   0.011313     0.0875     0.0456 0.0000e+00
       2137     -0.161     3.8695   0.011248     0.0870     0.0451 0.0000e+00
       2138     -0.159     3.8688   0.011170     0.0863     0.0446 0.0000e+00
       2139     -0.155     3.8684   0.011151     0.0862     0.0445 0.0000e+00
       2140     -0.154     3.8692   0.011268     0.0871     0.0453 0.0000e+00
       2141     -0.153     3.8729   0.011441     0.0885     0.0464 0.0000e+00
       2142     -0.152     3.8776   0.011478     0.0888     0.0466 0.0000e+00
       2143     -0.154     3.8807   0.011338     0.0876     0.0457 0.0000e+00
       2144     -0.159     3.8838   0.011156     0.0862     0.0445 0.0000e+00
       2145     -0.161     3.8880   0.011088     0.0856     0.0441 0.0000e+00
       2146     -0.158     3.8911   0.011218     0.0867     0.0449 0.0000e+00
       2147     -0.156     3.8911   0.011449     0.0885     0.0464 0.0000e+00
       2148     -0.158     3.8899   0.011604     0.0898     0.0474 0.0000e+00
       2149     -0.161     3.8918   0.011589     0.0896     0.0473 0.0000e+00
       2150     -0.161     3.8972   0.011451     0.0885     0.0464 0.0000e+00
       2151     -0.159     3.9032   0.011311     0.0874     0.0455 0.0000e+00
       2152     -0.158     3.9066   0.011256     0.0869     0.0452 0.0000e+00
       2153     -0.159     3.9061   0.011252     0.0869     0.0451 0.0000e+00
       2154     -0.160     3.9028   0.011185     0.0864     0.0447 0.0000e+00
       2155     -0.160     3.8988   0.011042     0.0852     0.0438 0.0000e+00
       2156     -0.157     3.8964   0.010924     0.0843     0.0430 0.0000e+00
       2157     -0.153     3.8983   0.010878     0.0839     0.0427 0.0000e+00
       2158     -0.151     3.9051   0.010839     0.0836     0.0425 0.0000e+00
       2159     -0.152     3.9121   0.010727     0.0827     0.0418 0.0000e+00
       2160     -0.156     3.9143   0.010563     0.0814     0.0407 0.0000e+00
       2161     -0.156     3.9134   0.010475     0.0807     0.0401 0.0000e+00
       2162     -0.155     3.9129   0.010569     0.0814     0.0407 0.0000e+00
       2163     -0.158     3.9136   0.010792     0.0832     0.0422 0.0000e+00
       2164     -0.162     3.9168   0.010976     0.0847     0.0434 0.0000e+00
       2165     -0.161     3.9231   0.010995     0.0848     0.0435 0.0000e+00
       2166     -0.157     3.9308   0.010870     0.0838     0.0427 0.0000e+00
       2167     -0.157     3.9381   0.010741     0.0828     0.0418 0.0000e+00
       2168     -0.158     3.9448   0.010744     0.0828     0.0418 0.0000e+00
       2169     -0.157     3.9497   0.010872     0.0838     0.0426 0.0000e+00
       2170     -0.154     3.9526   0.010993     0.0847     0.0434 0.0000e+00
       2171     -0.153     3.9542   0.011009     0.0849     0.0435 0.0000e+00
       2172     -0.154     3.9535   0.010911     0.0841     0.0429 0.0000e+00
       2173     -0.157     3.9509   0.010768     0.0829     0.0420 0.0000e+00
       2174     -0.157     3.9493   0.010675     0.0822     0.0414 0.0000e+00
       2175     -0.155     3.9509   0.010674     0.0822     0.0414 0.0000e+00
       2176     -0.156     3.9528   0.010723     0.0826     0.0417 0.0000e+00
       2177     -0.158     3.9513   0.010722     0.0826     0.0417 0.0000e+00
       2178     -0.159     3.9472   0.010635     0.0819     0.0411 0.0000e+00
       2179     -0.158     3.9447   0.010518     0.0810     0.0404 0.0000e+00
       2180     -0.157     3.9456   0.010434     0.0803     0.0398 0.0000e+00
       2181     -0.157     3.9484   0.010416     0.0802     0.0397 0.0000e+00
       2182     -0.158     3.9515   0.010448     0.0804     0.0399 0.0000e+00
       2183     -0.161     3.9532   0.010460     0.0805     0.0400 0.0000e+00
       2184     -0.162     3.9515   0.010400     0.0800     0.0396 0.0000e+00
       2185     -0.159     3.9478   0.010288     0.0791     0.0389 0.0000e+00
       2186     -0.155     3.9456   0.010201     0.0784     0.0383 0.0000e+00
       2187     -0.154     3.9469   0.010203     0.0785     0.0384 0.0000e+00
       2188     -0.154     3.9510   0.010272     0.0790     0.0388 0.0000e+00
       2189     -0.154     3.9544   0.010291     0.0791     0.0389 0.0000e+00
       2190     -0.154     3.9545   0.010201     0.0784     0.0383 0.0000e+00
       2191     -0.154     3.9533   0.010091     0.0776     0.0376 0.0000e+00
       2192     -0.154     3.9539   0.010102     0.0776     0.0377 0.0000e+00
       2193     -0.155     3.9553   0.010259     0.0789     0.0387 0.0000e+00
       2194     -0.156     3.9576   0.010449     0.0804     0.0399 0.0000e+00
       2195     -0.156     3.9630   0.010532     0.0810     0.0404 0.0000e+00
       2196     -0.156     3.9706   0.010472     0.0806     0.0400 0.0000e+00
       2197     -0.157     3.9762   0.010350     0.0796     0.0392 0.0000e+00
       2198     -0.157     3.9782   0.010261     0.0789     0.0387 0.0000e+00
       2199     -0.157     3.9775   0.010252     0.0788     0.0386 0.0000e+00
       2200     -0.156     3.9756   0.010332     0.0794     0.0391 0.0000e+00
       2201     -0.156     3.9730   0.010432     0.0802     0.0398 0.0000e+00
       2202     -0.158     3.9703   0.010453     0.0804     0.0399 0.0000e+00
       2203     -0.160     3.9683   0.010358     0.0797     0.0393 0.0000e+00
       2204     -0.160     3.9683   0.010214     0.0785     0.0384 0.0000e+00
       2205     -0.158     3.9719   0.010139     0.0779     0.0379 0.0000e+00
       2206     -0.156     3.9769   0.010195     0.0783     0.0383 0.0000e+00
       2207     -0.153     3.9793   0.010320     0.0793     0.0390 0.0000e+00
       2208     -0.152     3.9783   0.010384     0.0798     0.0395 0.0000e+00
       2209     -0.152     3.9759   0.010334     0.0794     0.0391 0.0000e+00
       2210     -0.155     3.9743   0.010227     0.0786     0.0385 0.0000e+00
       2211     -0.158     3.9748   0.010137     0.0779     0.0379 0.0000e+00
       2212     -0.158     3.9776   0.010099     0.0776     0.0376 0.0000e+00
       2213     -0.155     3.9806   0.010107     0.0776     0.0377 0.0000e+00
       2214     -0.152     3.9812   0.010137     0.0779     0.0379 0.0000e+00
       2215     -0.151     3.9800   0.010157     0.0780     0.0380 0.0000e+00
       2216     -0.150     3.9802   0.010149     0.0780     0.0380 0.0000e+00
       2217     -0.150     3.9825   0.010102     0.0776     0.0376 0.0000e+00
       2218     -0.150     3.9855   0.010031     0.0770     0.0372 0.0000e+00
       2219     -0.151     3.9895   0.009986     0.0767     0.0369 0.0000e+00
       2220     -0.153     3.9954   0.009995     0.0767     0.0369 0.0000e+00
       2221     -0.156     4.0008   0.010020     0.0769     0.0371 0.0000e+00
       2222     -0.158     4.0024   0.010018     0.0769     0.0371 0.0000e+00
       2223     -0.157     4.0004   0.009975     0.0765     0.0368 0.0000e+00
       2224     -0.156     3.9972   0.009892     0.0759     0.0363 0.0000e+00
       2225     -0.156     3.9954   0.009788     0.0751     0.0356 0.0000e+00
       2226     -0.156     3.9957   0.009695     0.0743     0.0350 0.0000e+00
       2227     -0.154     3.9979   0.009665     0.0741     0.0348 0.0000e+00
       2228     -0.153     4.0012   0.009706     0.0744     0.0351 0.0000e+00
       2229     -0.152     4.0031   0.009742     0.0747     0.0353 0.0000e+00
       2230     -0.152     4.0027   0.009712     0.0745     0.0351 0.0000e+00
       2231     -0.154     4.0015   0.009632     0.0738     0.0346 0.0000e+00
       2232     -0.154     4.0007   0.009550     0.0732     0.0341 0.0000e+00
       2233     -0.153     3.9994   0.009491     0.0727     0.0337 0.0000e+00
       2234     -0.153     3.9999   0.009477     0.0726     0.0336 0.0000e+00
       2235     -0.153     4.0036   0.009491     0.0727     0.0337 0.0000e+00
       2236     -0.154     4.0079   0.009483     0.0726     0.0336 0.0000e+00
       2237     -0.154     4.0102   0.009448     0.0724     0.0334 0.0000e+00
       2238     -0.151     4.0107   0.009405     0.0720     0.0331 0.0000e+00
       2239     -0.149     4.0108   0.009368     0.0717     0.0329 0.0000e+00
       2240     -0.148     4.0122   0.009358     0.0716     0.0328 0.0000e+00
       2241     -0.148     4.0147   0.009363     0.0717     0.0329 0.0000e+00
       2242     -0.149     4.0162   0.009332     0.0714     0.0327 0.0000e+00
       2243     -0.148     4.0164   0.009260     0.0709     0.0322 0.0000e+00
       2244     -0.146     4.0168   0.009202     0.0704     0.0318 0.0000e+00
       2245     -0.147     4.0185   0.009231     0.0706     0.0320 0.0000e+00
       2246     -0.151     4.0222   0.009342     0.0715     0.0327 0.0000e+00
       2247     -0.153     4.0274   0.009442     0.0723     0.0333 0.0000e+00
       2248     -0.150     4.0313   0.009437     0.0722     0.0333 0.0000e+00
       2249     -0.146     4.0341   0.009355     0.0716     0.0328 0.0000e+00
       2250     -0.144     4.0370   0.009282     0.0710     0.0323 0.0000e+00
       2251     -0.145     4.0387   0.009267     0.0709     0.0322 0.0000e+00
       2252     -0.146     4.0382   0.009315     0.0713     0.0325 0.0000e+00
       2253     -0.148     4.0367   0.009369     0.0717     0.0328 0.0000e+00
       2254     -0.150     4.0336   0.009357     0.0716     0.0328 0.0000e+00
       2255     -0.151     4.0298   0.009273     0.0709     0.0323 0.0000e+00
       2256     -0.151     4.0286   0.009179     0.0702     0.0317 0.0000e+00
