Datasets/Test_Dataset_39219_tow/originals/tel219_2021_002.cnv
* Sea-Bird SBE19plus Data File:
* Filename = C:/AQUIRE/tel219_2021_002.hex
* Software Version AquireV2 AF V2.0
* Temperature SN =  4020
* Conductivity SN =  4020
* System UpLoad Time = May 06 2021 03:30:51
** VESSEL/TRIP/SEQ STN: tel219_2021_002
** LATITUDE: 57 00.51 N
** LONGITUDE: 54 00.39 W
** DATE/TIME: 2021-05-06 02:45
** SOUNDING DEPTH (M): 0140
** PROBE TYPE: S4020
** CTD NUMBER:   2
** FORMAT: T
** COMMENTS: 
# nquan = 7                                 
# nvalues = 2708                        
# units = specified
# name 0 = scan: Scan Count
# name 1 = prdM: Pressure, Strain Gauge [db]
# name 2 = tv290C: Temperature [ITS-90, deg C]
# name 3 = c0S/m: Conductivity [S/m]
# name 4 = sal00: Salinity, Practical [PSU]
# name 5 = sigma-t00: Density [sigma-t, kg/m^3 ]
# name 6 = flag: flag
# span 0 =          1,       2708       
# span 1 =     -0.134,    136.893       
# span 2 =     0.1622,     3.2531       
# span 3 =   0.002205,   2.948972       
# span 4 =     0.0163,    32.6704       
# span 5 =    -0.0256,    26.2180       
# span 6 = 0.0000e+00, 0.0000e+00       
# interval = seconds: 1
# start_time = May 06 2021 02:45:59 [Instrument's time stamp, header]
# bad_flag = -9.990e-29
*END*
          1     -0.116     2.7642   0.002330     0.0173    -0.0230 0.0000e+00
          2     -0.113     2.7637   0.002325     0.0172    -0.0230 0.0000e+00
          3     -0.107     2.7626   0.002317     0.0172    -0.0231 0.0000e+00
          4     -0.102     2.7613   0.002310     0.0171    -0.0232 0.0000e+00
          5     -0.101     2.7607   0.002309     0.0171    -0.0232 0.0000e+00
          6     -0.104     2.7606   0.002309     0.0171    -0.0232 0.0000e+00
          7     -0.107     2.7606   0.002307     0.0171    -0.0232 0.0000e+00
          8     -0.108     2.7606   0.002307     0.0171    -0.0232 0.0000e+00
          9     -0.107     2.7607   0.002310     0.0171    -0.0232 0.0000e+00
         10     -0.106     2.7607   0.002312     0.0171    -0.0232 0.0000e+00
         11     -0.108     2.7607   0.002312     0.0171    -0.0232 0.0000e+00
         12     -0.112     2.7605   0.002312     0.0171    -0.0232 0.0000e+00
         13     -0.115     2.7601   0.002312     0.0171    -0.0232 0.0000e+00
         14     -0.115     2.7597   0.002313     0.0171    -0.0232 0.0000e+00
         15     -0.112     2.7595   0.002312     0.0171    -0.0232 0.0000e+00
         16     -0.111     2.7595   0.002309     0.0171    -0.0232 0.0000e+00
         17     -0.112     2.7592   0.002306     0.0171    -0.0233 0.0000e+00
         18     -0.112     2.7588   0.002306     0.0171    -0.0233 0.0000e+00
         19     -0.112     2.7579   0.002304     0.0171    -0.0233 0.0000e+00
         20     -0.111     2.7572   0.002303     0.0171    -0.0233 0.0000e+00
         21     -0.109     2.7569   0.002304     0.0171    -0.0233 0.0000e+00
         22     -0.111     2.7569   0.002307     0.0171    -0.0233 0.0000e+00
         23     -0.113     2.7569   0.002308     0.0171    -0.0233 0.0000e+00
         24     -0.110     2.7568   0.002307     0.0171    -0.0233 0.0000e+00
         25     -0.107     2.7565   0.002307     0.0171    -0.0233 0.0000e+00
         26     -0.109     2.7562   0.002307     0.0171    -0.0233 0.0000e+00
         27     -0.112     2.7561   0.002308     0.0171    -0.0233 0.0000e+00
         28     -0.114     2.7561   0.002311     0.0171    -0.0233 0.0000e+00
         29     -0.117     2.7561   0.002310     0.0171    -0.0233 0.0000e+00
         30     -0.121     2.7561   0.002309     0.0171    -0.0233 0.0000e+00
         31     -0.121     2.7561   0.002311     0.0171    -0.0233 0.0000e+00
         32     -0.119     2.7561   0.002311     0.0171    -0.0233 0.0000e+00
         33     -0.115     2.7561   0.002312     0.0171    -0.0233 0.0000e+00
         34     -0.110     2.7559   0.002314     0.0171    -0.0233 0.0000e+00
         35     -0.109     2.7557   0.002315     0.0171    -0.0233 0.0000e+00
         36     -0.112     2.7554   0.002313     0.0171    -0.0233 0.0000e+00
         37     -0.113     2.7550   0.002310     0.0171    -0.0233 0.0000e+00
         38     -0.112     2.7549   0.002312     0.0171    -0.0233 0.0000e+00
         39     -0.115     2.7548   0.002313     0.0171    -0.0233 0.0000e+00
         40     -0.119     2.7547   0.002314     0.0171    -0.0233 0.0000e+00
         41     -0.117     2.7544   0.002314     0.0171    -0.0233 0.0000e+00
         42     -0.113     2.7538   0.002313     0.0171    -0.0233 0.0000e+00
         43     -0.112     2.7535   0.002309     0.0171    -0.0233 0.0000e+00
         44     -0.112     2.7535   0.002307     0.0171    -0.0234 0.0000e+00
         45     -0.113     2.7534   0.002306     0.0171    -0.0234 0.0000e+00
         46     -0.113     2.7531   0.002307     0.0171    -0.0234 0.0000e+00
         47     -0.113     2.7528   0.002308     0.0171    -0.0234 0.0000e+00
         48     -0.115     2.7523   0.002308     0.0171    -0.0234 0.0000e+00
         49     -0.117     2.7515   0.002306     0.0171    -0.0234 0.0000e+00
         50     -0.116     2.7508   0.002303     0.0171    -0.0234 0.0000e+00
         51     -0.115     2.7506   0.002301     0.0170    -0.0235 0.0000e+00
         52     -0.116     2.7506   0.002303     0.0171    -0.0234 0.0000e+00
         53     -0.117     2.7504   0.002305     0.0171    -0.0234 0.0000e+00
         54     -0.117     2.7502   0.002304     0.0171    -0.0234 0.0000e+00
         55     -0.116     2.7498   0.002303     0.0171    -0.0235 0.0000e+00
         56     -0.115     2.7496   0.002304     0.0171    -0.0235 0.0000e+00
         57     -0.114     2.7493   0.002305     0.0171    -0.0235 0.0000e+00
         58     -0.111     2.7493   0.002305     0.0171    -0.0235 0.0000e+00
         59     -0.110     2.7491   0.002303     0.0171    -0.0235 0.0000e+00
         60     -0.111     2.7488   0.002300     0.0170    -0.0235 0.0000e+00
         61     -0.112     2.7485   0.002298     0.0170    -0.0235 0.0000e+00
         62     -0.112     2.7481   0.002295     0.0170    -0.0235 0.0000e+00
         63     -0.113     2.7477   0.002293     0.0170    -0.0236 0.0000e+00
         64     -0.113     2.7474   0.002293     0.0170    -0.0236 0.0000e+00
         65     -0.112     2.7472   0.002292     0.0170    -0.0236 0.0000e+00
         66     -0.112     2.7469   0.002291     0.0170    -0.0236 0.0000e+00
         67     -0.112     2.7466   0.002291     0.0170    -0.0236 0.0000e+00
         68     -0.112     2.7463   0.002291     0.0170    -0.0236 0.0000e+00
         69     -0.111     2.7462   0.002291     0.0170    -0.0236 0.0000e+00
         70     -0.114     2.7461   0.002292     0.0170    -0.0236 0.0000e+00
         71     -0.117     2.7459   0.002292     0.0170    -0.0236 0.0000e+00
         72     -0.118     2.7456   0.002290     0.0170    -0.0236 0.0000e+00
         73     -0.118     2.7454   0.002288     0.0169    -0.0236 0.0000e+00
         74     -0.117     2.7453   0.002291     0.0170    -0.0236 0.0000e+00
         75     -0.115     2.7450   0.002294     0.0170    -0.0236 0.0000e+00
         76     -0.112     2.7445   0.002294     0.0170    -0.0236 0.0000e+00
         77     -0.111     2.7437   0.002292     0.0170    -0.0237 0.0000e+00
         78     -0.112     2.7423   0.002286     0.0169    -0.0237 0.0000e+00
         79     -0.113     2.7412   0.002282     0.0169    -0.0238 0.0000e+00
         80     -0.112     2.7409   0.002281     0.0169    -0.0238 0.0000e+00
         81     -0.108     2.7412   0.002285     0.0169    -0.0237 0.0000e+00
         82     -0.105     2.7413   0.002290     0.0170    -0.0237 0.0000e+00
         83     -0.107     2.7412   0.002293     0.0170    -0.0237 0.0000e+00
         84     -0.113     2.7410   0.002294     0.0170    -0.0237 0.0000e+00
         85     -0.117     2.7409   0.002294     0.0170    -0.0237 0.0000e+00
         86     -0.116     2.7407   0.002293     0.0170    -0.0237 0.0000e+00
         87     -0.114     2.7405   0.002292     0.0170    -0.0237 0.0000e+00
         88     -0.111     2.7405   0.002292     0.0170    -0.0237 0.0000e+00
         89     -0.108     2.7404   0.002292     0.0170    -0.0237 0.0000e+00
         90     -0.110     2.7403   0.002291     0.0170    -0.0237 0.0000e+00
         91     -0.112     2.7398   0.002290     0.0170    -0.0237 0.0000e+00
         92     -0.111     2.7395   0.002289     0.0169    -0.0238 0.0000e+00
         93     -0.108     2.7394   0.002288     0.0169    -0.0238 0.0000e+00
         94     -0.106     2.7393   0.002289     0.0169    -0.0238 0.0000e+00
         95     -0.107     2.7391   0.002289     0.0169    -0.0238 0.0000e+00
         96     -0.109     2.7389   0.002289     0.0169    -0.0238 0.0000e+00
         97     -0.109     2.7388   0.002288     0.0169    -0.0238 0.0000e+00
         98     -0.109     2.7388   0.002288     0.0169    -0.0238 0.0000e+00
         99     -0.112     2.7387   0.002288     0.0169    -0.0238 0.0000e+00
        100     -0.114     2.7382   0.002283     0.0169    -0.0238 0.0000e+00
        101     -0.114     2.7375   0.002277     0.0168    -0.0239 0.0000e+00
        102     -0.113     2.7370   0.002271     0.0168    -0.0239 0.0000e+00
        103     -0.113     2.7363   0.002264     0.0167    -0.0240 0.0000e+00
        104     -0.113     2.7348   0.002255     0.0167    -0.0241 0.0000e+00
        105     -0.114     2.7327   0.002244     0.0166    -0.0242 0.0000e+00
        106     -0.113     2.7313   0.002236     0.0165    -0.0243 0.0000e+00
        107     -0.109     2.7305   0.002236     0.0165    -0.0243 0.0000e+00
        108     -0.108     2.7298   0.002237     0.0165    -0.0243 0.0000e+00
        109     -0.109     2.7294   0.002237     0.0165    -0.0243 0.0000e+00
        110     -0.112     2.7298   0.002238     0.0165    -0.0243 0.0000e+00
        111     -0.116     2.7304   0.002242     0.0166    -0.0242 0.0000e+00
        112     -0.117     2.7308   0.002245     0.0166    -0.0242 0.0000e+00
        113     -0.114     2.7312   0.002249     0.0166    -0.0242 0.0000e+00
        114     -0.112     2.7317   0.002253     0.0167    -0.0241 0.0000e+00
        115     -0.113     2.7319   0.002256     0.0167    -0.0241 0.0000e+00
        116     -0.114     2.7317   0.002255     0.0167    -0.0241 0.0000e+00
        117     -0.114     2.7314   0.002252     0.0167    -0.0242 0.0000e+00
        118     -0.112     2.7306   0.002248     0.0166    -0.0242 0.0000e+00
        119     -0.110     2.7287   0.002244     0.0166    -0.0243 0.0000e+00
        120     -0.110     2.7269   0.002240     0.0166    -0.0243 0.0000e+00
        121     -0.111     2.7262   0.002242     0.0166    -0.0243 0.0000e+00
        122     -0.113     2.7263   0.002245     0.0166    -0.0243 0.0000e+00
        123     -0.114     2.7263   0.002245     0.0166    -0.0243 0.0000e+00
        124     -0.112     2.7259   0.002242     0.0166    -0.0243 0.0000e+00
        125     -0.108     2.7254   0.002242     0.0166    -0.0243 0.0000e+00
        126     -0.106     2.7253   0.002244     0.0166    -0.0243 0.0000e+00
        127     -0.107     2.7256   0.002247     0.0166    -0.0243 0.0000e+00
        128     -0.111     2.7258   0.002248     0.0166    -0.0243 0.0000e+00
        129     -0.113     2.7260   0.002251     0.0166    -0.0243 0.0000e+00
        130     -0.112     2.7253   0.002248     0.0166    -0.0243 0.0000e+00
        131     -0.109     2.7230   0.002239     0.0166    -0.0244 0.0000e+00
        132     -0.106     2.7205   0.002230     0.0165    -0.0245 0.0000e+00
        133     -0.105     2.7193   0.002226     0.0165    -0.0246 0.0000e+00
        134     -0.107     2.7192   0.002227     0.0165    -0.0246 0.0000e+00
        135     -0.110     2.7196   0.002232     0.0165    -0.0245 0.0000e+00
        136     -0.109     2.7200   0.002236     0.0165    -0.0245 0.0000e+00
        137     -0.106     2.7196   0.002238     0.0165    -0.0245 0.0000e+00
        138     -0.105     2.7182   0.002234     0.0165    -0.0245 0.0000e+00
        139     -0.107     2.7167   0.002229     0.0165    -0.0246 0.0000e+00
        140     -0.109     2.7162   0.002230     0.0165    -0.0246 0.0000e+00
        141     -0.110     2.7165   0.002235     0.0165    -0.0246 0.0000e+00
        142     -0.112     2.7171   0.002240     0.0166    -0.0245 0.0000e+00
        143     -0.114     2.7174   0.002243     0.0166    -0.0245 0.0000e+00
        144     -0.114     2.7178   0.002244     0.0166    -0.0245 0.0000e+00
        145     -0.115     2.7176   0.002243     0.0166    -0.0245 0.0000e+00
        146     -0.118     2.7164   0.002240     0.0166    -0.0245 0.0000e+00
        147     -0.120     2.7146   0.002234     0.0165    -0.0246 0.0000e+00
        148     -0.121     2.7126   0.002229     0.0165    -0.0247 0.0000e+00
        149     -0.121     2.7100   0.002222     0.0164    -0.0248 0.0000e+00
        150     -0.116     2.7084   0.002217     0.0164    -0.0249 0.0000e+00
        151     -0.112     2.7084   0.002219     0.0164    -0.0248 0.0000e+00
        152     -0.113     2.7088   0.002222     0.0164    -0.0248 0.0000e+00
        153     -0.115     2.7089   0.002228     0.0165    -0.0248 0.0000e+00
        154     -0.115     2.7087   0.002232     0.0165    -0.0248 0.0000e+00
        155     -0.114     2.7081   0.002232     0.0165    -0.0248 0.0000e+00
        156     -0.113     2.7077   0.002232     0.0165    -0.0248 0.0000e+00
        157     -0.114     2.7078   0.002232     0.0165    -0.0248 0.0000e+00
        158     -0.116     2.7081   0.002233     0.0165    -0.0248 0.0000e+00
        159     -0.118     2.7085   0.002236     0.0165    -0.0247 0.0000e+00
        160     -0.117     2.7090   0.002241     0.0166    -0.0247 0.0000e+00
        161     -0.116     2.7094   0.002245     0.0166    -0.0247 0.0000e+00
        162     -0.116     2.7095   0.002246     0.0166    -0.0246 0.0000e+00
        163     -0.116     2.7092   0.002244     0.0166    -0.0247 0.0000e+00
        164     -0.115     2.7087   0.002242     0.0166    -0.0247 0.0000e+00
        165     -0.115     2.7083   0.002241     0.0166    -0.0247 0.0000e+00
        166     -0.117     2.7081   0.002240     0.0166    -0.0247 0.0000e+00
        167     -0.119     2.7081   0.002239     0.0166    -0.0247 0.0000e+00
        168     -0.117     2.7081   0.002237     0.0165    -0.0247 0.0000e+00
        169     -0.113     2.7081   0.002236     0.0165    -0.0247 0.0000e+00
        170     -0.112     2.7080   0.002237     0.0165    -0.0247 0.0000e+00
        171     -0.113     2.7077   0.002238     0.0165    -0.0247 0.0000e+00
        172     -0.112     2.7074   0.002235     0.0165    -0.0248 0.0000e+00
        173     -0.112     2.7071   0.002234     0.0165    -0.0248 0.0000e+00
        174     -0.113     2.7069   0.002235     0.0165    -0.0248 0.0000e+00
        175     -0.114     2.7065   0.002234     0.0165    -0.0248 0.0000e+00
        176     -0.114     2.7062   0.002234     0.0165    -0.0248 0.0000e+00
        177     -0.112     2.7058   0.002233     0.0165    -0.0248 0.0000e+00
        178     -0.110     2.7054   0.002233     0.0165    -0.0248 0.0000e+00
        179     -0.110     2.7050   0.002232     0.0165    -0.0248 0.0000e+00
        180     -0.110     2.7047   0.002232     0.0165    -0.0248 0.0000e+00
        181     -0.110     2.7043   0.002232     0.0165    -0.0248 0.0000e+00
        182     -0.111     2.7038   0.002233     0.0165    -0.0248 0.0000e+00
        183     -0.113     2.7033   0.002235     0.0165    -0.0248 0.0000e+00
        184     -0.116     2.7031   0.002235     0.0165    -0.0248 0.0000e+00
        185     -0.117     2.7028   0.002232     0.0165    -0.0249 0.0000e+00
        186     -0.116     2.7022   0.002231     0.0165    -0.0249 0.0000e+00
        187     -0.114     2.7015   0.002232     0.0165    -0.0249 0.0000e+00
        188     -0.113     2.7011   0.002233     0.0165    -0.0249 0.0000e+00
        189     -0.114     2.7007   0.002235     0.0165    -0.0249 0.0000e+00
        190     -0.116     2.7003   0.002236     0.0165    -0.0249 0.0000e+00
        191     -0.119     2.6999   0.002236     0.0165    -0.0249 0.0000e+00
        192     -0.122     2.6993   0.002236     0.0165    -0.0249 0.0000e+00
        193     -0.122     2.6990   0.002238     0.0165    -0.0249 0.0000e+00
        194     -0.119     2.6986   0.002237     0.0165    -0.0249 0.0000e+00
        195     -0.120     2.6982   0.002235     0.0165    -0.0249 0.0000e+00
        196     -0.123     2.6976   0.002233     0.0165    -0.0250 0.0000e+00
        197     -0.123     2.6969   0.002232     0.0165    -0.0250 0.0000e+00
        198     -0.120     2.6963   0.002232     0.0165    -0.0250 0.0000e+00
        199     -0.119     2.6959   0.002232     0.0165    -0.0250 0.0000e+00
        200     -0.118     2.6954   0.002231     0.0165    -0.0250 0.0000e+00
        201     -0.117     2.6950   0.002234     0.0165    -0.0250 0.0000e+00
        202     -0.119     2.6944   0.002233     0.0165    -0.0250 0.0000e+00
        203     -0.123     2.6936   0.002229     0.0165    -0.0251 0.0000e+00
        204     -0.124     2.6930   0.002227     0.0165    -0.0251 0.0000e+00
        205     -0.122     2.6923   0.002226     0.0164    -0.0251 0.0000e+00
