Datasets/Test_Dataset_39219_tow/originals/tel219_2021_063.cnv
* Sea-Bird SBE19plus Data File:
* Filename = C:/AQUIRE/tel219_2021_063.hex
* Software Version AquireV2 AF V2.0
* Temperature SN =  4020
* Conductivity SN =  4020
* System UpLoad Time = May 14 2021 19:51:24
** VESSEL/TRIP/SEQ STN: tel219_2021_063
** LATITUDE: 45 34.73 N
** LONGITUDE: 54 33.72 W
** DATE/TIME: 2021-05-14 19:11
** SOUNDING DEPTH (M): 0081
** PROBE TYPE: S4020
** CTD NUMBER: 063
** FORMAT: T
** COMMENTS: 
# nquan = 7                                 
# nvalues = 2217                        
# units = specified
# name 0 = scan: Scan Count
# name 1 = prdM: Pressure, Strain Gauge [db]
# name 2 = tv290C: Temperature [ITS-90, deg C]
# name 3 = c0S/m: Conductivity [S/m]
# name 4 = sal00: Salinity, Practical [PSU]
# name 5 = sigma-t00: Density [sigma-t, kg/m^3 ]
# name 6 = flag: flag
# span 0 =          1,       2217       
# span 1 =     -0.131,     75.594       
# span 2 =     0.6525,     5.5427       
# span 3 =   0.007622,   3.029889       
# span 4 =     0.0561,    32.7032       
# span 5 =     0.0010,    26.2142       
# span 6 = 0.0000e+00, 0.0000e+00       
# interval = seconds: 1
# start_time = May 14 2021 19:11:08 [Instrument's time stamp, header]
# bad_flag = -9.990e-29
*END*
[from data line 411]
        412     19.813     3.2558   2.977213    32.4288    25.8107 0.0000e+00
        413     20.190     3.2496   2.976891    32.4310    25.8130 0.0000e+00
        414     20.575     3.2441   2.976630    32.4331    25.8152 0.0000e+00
        415     20.959     3.2397   2.976345    32.4339    25.8162 0.0000e+00
        416     21.334     3.2358   2.975929    32.4326    25.8155 0.0000e+00
        417     21.704     3.2324   2.975476    32.4304    25.8140 0.0000e+00
        418     22.080     3.2289   2.975062    32.4287    25.8130 0.0000e+00
        419     22.467     3.2241   2.974626    32.4281    25.8129 0.0000e+00
        420     22.863     3.2178   2.974270    32.4299    25.8149 0.0000e+00
        421     23.263     3.2131   2.974219    32.4338    25.8184 0.0000e+00
        422     23.663     3.2119   2.974220    32.4348    25.8193 0.0000e+00
        423     24.063     3.2100   2.973919    32.4329    25.8180 0.0000e+00
        424     24.460     3.2058   2.973591    32.4329    25.8184 0.0000e+00
        425     24.852     3.2022   2.973453    32.4347    25.8201 0.0000e+00
        426     25.238     3.2005   2.973347    32.4349    25.8204 0.0000e+00
        427     25.617     3.1995   2.973114    32.4329    25.8189 0.0000e+00
        428     25.990     3.1980   2.972829    32.4308    25.8173 0.0000e+00
        429     26.364     3.1957   2.972626    32.4304    25.8173 0.0000e+00
        430     26.752     3.1933   2.972550    32.4317    25.8185 0.0000e+00
        431     27.157     3.1917   2.972611    32.4338    25.8204 0.0000e+00
        432     27.572     3.1910   2.972650    32.4348    25.8212 0.0000e+00
        433     27.990     3.1910   2.972545    32.4333    25.8200 0.0000e+00
        434     28.399     3.1898   2.972366    32.4321    25.8192 0.0000e+00
        435     28.794     3.1868   2.972166    32.4325    25.8197 0.0000e+00
        436     29.180     3.1837   2.972018    32.4337    25.8209 0.0000e+00
        437     29.569     3.1822   2.971982    32.4345    25.8217 0.0000e+00
        438     29.965     3.1818   2.971986    32.4348    25.8220 0.0000e+00
        439     30.364     3.1817   2.971988    32.4347    25.8219 0.0000e+00
        440     30.761     3.1822   2.971992    32.4340    25.8213 0.0000e+00
        441     31.162     3.1825   2.971975    32.4333    25.8207 0.0000e+00
        442     31.564     3.1816   2.971978    32.4340    25.8214 0.0000e+00
        443     31.967     3.1807   2.972017    32.4352    25.8224 0.0000e+00
        444     32.375     3.1809   2.972022    32.4348    25.8221 0.0000e+00
        445     32.786     3.1809   2.971997    32.4343    25.8217 0.0000e+00
        446     33.191     3.1802   2.971977    32.4346    25.8219 0.0000e+00
        447     33.585     3.1795   2.971962    32.4349    25.8223 0.0000e+00
        448     33.973     3.1796   2.971951    32.4344    25.8219 0.0000e+00
        449     34.362     3.1795   2.971948    32.4343    25.8218 0.0000e+00
        450     34.758     3.1787   2.971940    32.4348    25.8223 0.0000e+00
        451     35.161     3.1779   2.971905    32.4350    25.8225 0.0000e+00
        452     35.572     3.1774   2.971892    32.4351    25.8226 0.0000e+00
        453     35.988     3.1772   2.971917    32.4354    25.8228 0.0000e+00
        454     36.407     3.1768   2.971926    32.4357    25.8231 0.0000e+00
        455     36.826     3.1765   2.971875    32.4351    25.8227 0.0000e+00
        456     37.244     3.1760   2.971797    32.4345    25.8222 0.0000e+00
        457     37.661     3.1750   2.971726    32.4344    25.8223 0.0000e+00
        458     38.079     3.1739   2.971665    32.4345    25.8225 0.0000e+00
        459     38.493     3.1730   2.971643    32.4350    25.8229 0.0000e+00
        460     38.901     3.1725   2.971643    32.4352    25.8232 0.0000e+00
        461     39.308     3.1721   2.971611    32.4350    25.8230 0.0000e+00
        462     39.718     3.1715   2.971555    32.4348    25.8229 0.0000e+00
        463     40.129     3.1707   2.971500    32.4347    25.8229 0.0000e+00
        464     40.544     3.1692   2.971442    32.4353    25.8235 0.0000e+00
        465     40.970     3.1677   2.971415    32.4362    25.8244 0.0000e+00
        466     41.403     3.1670   2.971411    32.4366    25.8248 0.0000e+00
        467     41.840     3.1671   2.971379    32.4359    25.8242 0.0000e+00
        468     42.280     3.1669   2.971328    32.4353    25.8237 0.0000e+00
        469     42.720     3.1662   2.971276    32.4351    25.8236 0.0000e+00
        470     43.158     3.1652   2.971184    32.4348    25.8234 0.0000e+00
        471     43.593     3.1633   2.970951    32.4337    25.8227 0.0000e+00
        472     44.019     3.1588   2.970453    32.4319    25.8217 0.0000e+00
        473     44.433     3.1510   2.969661    32.4300    25.8209 0.0000e+00
        474     44.834     3.1408   2.968678    32.4282    25.8203 0.0000e+00
        475     45.224     3.1296   2.967689    32.4273    25.8206 0.0000e+00
        476     45.610     3.1197   2.966877    32.4272    25.8214 0.0000e+00
        477     46.009     3.1109   2.966078    32.4262    25.8213 0.0000e+00
        478     46.432     3.0994   2.964871    32.4230    25.8197 0.0000e+00
        479     46.879     3.0838   2.963451    32.4213    25.8197 0.0000e+00
        480     47.339     3.0686   2.962263    32.4219    25.8216 0.0000e+00
        481     47.794     3.0562   2.961332    32.4229    25.8234 0.0000e+00
        482     48.234     3.0469   2.960726    32.4247    25.8257 0.0000e+00
        483     48.663     3.0399   2.960087    32.4238    25.8255 0.0000e+00
        484     49.084     3.0302   2.958791    32.4176    25.8215 0.0000e+00
        485     49.494     3.0136   2.956742    32.4093    25.8162 0.0000e+00
        486     49.895     2.9890   2.953771    32.3979    25.8092 0.0000e+00
        487     50.287     2.9542   2.949900    32.3858    25.8025 0.0000e+00
        488     50.668     2.9066   2.944987    32.3739    25.7970 0.0000e+00
        489     51.036     2.8421   2.938497    32.3598    25.7912 0.0000e+00
        490     51.397     2.7590   2.931137    32.3537    25.7933 0.0000e+00
        491     51.749     2.6669   2.924161    32.3614    25.8069 0.0000e+00
        492     52.078     2.5850   2.918412    32.3737    25.8233 0.0000e+00
        493     52.382     2.5195   2.913291    32.3771    25.8313 0.0000e+00
        494     52.676     2.4459   2.905769    32.3592    25.8228 0.0000e+00
        495     52.972     2.3323   2.894488    32.3355    25.8126 0.0000e+00
        496     53.260     2.1860   2.882289    32.3333    25.8219 0.0000e+00
        497     53.529     2.0463   2.872346    32.3523    25.8474 0.0000e+00
        498     53.782     1.9356   2.865241    32.3769    25.8751 0.0000e+00
        499     54.024     1.8526   2.859899    32.3951    25.8957 0.0000e+00
        500     54.255     1.7847   2.855104    32.4047    25.9081 0.0000e+00
        501     54.474     1.7237   2.851288    32.4195    25.9242 0.0000e+00
        502     54.680     1.6833   2.850710    32.4538    25.9544 0.0000e+00
        503     54.874     1.6743   2.852992    32.4916    25.9854 0.0000e+00
        504     55.059     1.6779   2.854519    32.5070    25.9975 0.0000e+00
        505     55.242     1.6696   2.853391    32.5013    25.9935 0.0000e+00
        506     55.423     1.6435   2.849853    32.4836    25.9811 0.0000e+00
        507     55.606     1.6004   2.844899    32.4657    25.9696 0.0000e+00
        508     55.787     1.5436   2.840622    32.4704    25.9772 0.0000e+00
        509     55.961     1.4931   2.837939    32.4887    25.9953 0.0000e+00
        510     56.131     1.4591   2.835624    32.4946    26.0022 0.0000e+00
        511     56.304     1.4248   2.833062    32.4976    26.0069 0.0000e+00
        512     56.481     1.3872   2.830646    32.5059    26.0160 0.0000e+00
        513     56.660     1.3635   2.829051    32.5102    26.0210 0.0000e+00
        514     56.843     1.3567   2.828606    32.5115    26.0225 0.0000e+00
        515     57.029     1.3495   2.830805    32.5468    26.0513 0.0000e+00
        516     57.217     1.3426   2.836153    32.6217    26.1119 0.0000e+00
        517     57.406     1.3583   2.838411    32.6339    26.1206 0.0000e+00
        518     57.598     1.3833   2.834406    32.5570    26.0573 0.0000e+00
        519     57.789     1.3835   2.830148    32.5027    26.0137 0.0000e+00
        520     57.976     1.3681   2.829594    32.5116    26.0218 0.0000e+00
        521     58.161     1.3672   2.832416    32.5482    26.0513 0.0000e+00
        522     58.346     1.3764   2.837137    32.5984    26.0909 0.0000e+00
        523     58.534     1.3758   2.841007    32.6479    26.1308 0.0000e+00
        524     58.729     1.3605   2.842261    32.6797    26.1572 0.0000e+00
        525     58.932     1.3215   2.838876    32.6773    26.1579 0.0000e+00
        526     59.137     1.2631   2.831903    32.6496    26.1394 0.0000e+00
        527     59.343     1.2299   2.828711    32.6436    26.1366 0.0000e+00
        528     59.548     1.2487   2.830161    32.6423    26.1344 0.0000e+00
        529     59.749     1.2856   2.830388    32.6065    26.1033 0.0000e+00
        530     59.951     1.3018   2.828851    32.5700    26.0730 0.0000e+00
        531     60.156     1.2957   2.827285    32.5563    26.0624 0.0000e+00
        532     60.363     1.2824   2.825870    32.5521    26.0598 0.0000e+00
        533     60.574     1.2714   2.824405    32.5448    26.0547 0.0000e+00
        534     60.789     1.2598   2.823045    32.5395    26.0511 0.0000e+00
        535     61.010     1.2461   2.822128    32.5420    26.0540 0.0000e+00
        536     61.237     1.2348   2.820959    32.5387    26.0521 0.0000e+00
        537     61.467     1.2222   2.818991    32.5267    26.0432 0.0000e+00
        538     61.698     1.2014   2.817124    32.5245    26.0427 0.0000e+00
        539     61.927     1.1778   2.815878    32.5330    26.0511 0.0000e+00
        540     62.154     1.1588   2.814975    32.5412    26.0589 0.0000e+00
        541     62.379     1.1413   2.814614    32.5548    26.0708 0.0000e+00
        542     62.607     1.1273   2.814541    32.5683    26.0826 0.0000e+00
        543     62.839     1.1235   2.814044    32.5658    26.0808 0.0000e+00
        544     63.072     1.1246   2.813088    32.5523    26.0699 0.0000e+00
        545     63.309     1.1206   2.812296    32.5463    26.0653 0.0000e+00
        546     63.554     1.1128   2.811452    32.5435    26.0635 0.0000e+00
        547     63.804     1.1043   2.809848    32.5317    26.0546 0.0000e+00
        548     64.058     1.0905   2.807966    32.5220    26.0476 0.0000e+00
        549     64.312     1.0692   2.806264    32.5223    26.0491 0.0000e+00
        550     64.564     1.0432   2.804682    32.5291    26.0562 0.0000e+00
        551     64.820     1.0174   2.803227    32.5373    26.0643 0.0000e+00
        552     65.080     0.9969   2.801534    32.5369    26.0652 0.0000e+00
        553     65.343     0.9772   2.799255    32.5282    26.0594 0.0000e+00
        554     65.606     0.9502   2.796657    32.5230    26.0568 0.0000e+00
        555     65.864     0.9165   2.794384    32.5289    26.0636 0.0000e+00
        556     66.119     0.8829   2.792587    32.5409    26.0752 0.0000e+00
        557     66.379     0.8555   2.791027    32.5494    26.0836 0.0000e+00
        558     66.655     0.8361   2.789532    32.5504    26.0855 0.0000e+00
        559     66.948     0.8181   2.788079    32.5504    26.0866 0.0000e+00
        560     67.246     0.7971   2.787244    32.5615    26.0967 0.0000e+00
        561     67.535     0.7832   2.787433    32.5784    26.1111 0.0000e+00
        562     67.811     0.7817   2.788331    32.5914    26.1216 0.0000e+00
        563     68.084     0.7841   2.789678    32.6061    26.1333 0.0000e+00
        564     68.363     0.7876   2.791193    32.6217    26.1457 0.0000e+00
        565     68.651     0.7957   2.792612    32.6313    26.1530 0.0000e+00
        566     68.939     0.8063   2.794084    32.6390    26.1585 0.0000e+00
        567     69.214     0.8176   2.795614    32.6466    26.1640 0.0000e+00
        568     69.475     0.8287   2.797041    32.6532    26.1686 0.0000e+00
        569     69.733     0.8380   2.798270    32.6591    26.1728 0.0000e+00
        570     69.999     0.8440   2.799090    32.6632    26.1757 0.0000e+00
        571     70.271     0.8461   2.799404    32.6648    26.1770 0.0000e+00
        572     70.539     0.8457   2.799278    32.6635    26.1759 0.0000e+00
        573     70.790     0.8398   2.798733    32.6625    26.1755 0.0000e+00
        574     71.014     0.8263   2.798071    32.6681    26.1807 0.0000e+00
        575     71.213     0.8149   2.797732    32.6756    26.1875 0.0000e+00
        576     71.404     0.8124   2.797669    32.6773    26.1890 0.0000e+00
        577     71.601     0.8123   2.797589    32.6763    26.1882 0.0000e+00
        578     71.809     0.8081   2.797365    32.6777    26.1895 0.0000e+00
        579     72.023     0.8015   2.797006    32.6799    26.1917 0.0000e+00
        580     72.229     0.7943   2.796703    32.6835    26.1950 0.0000e+00
        581     72.419     0.7877   2.796710    32.6904    26.2009 0.0000e+00
        582     72.600     0.7852   2.796868    32.6950    26.2048 0.0000e+00
        583     72.783     0.7887   2.796832    32.6907    26.2011 0.0000e+00
        584     72.967     0.7947   2.796617    32.6815    26.1934 0.0000e+00
        585     73.141     0.7962   2.796388    32.6769    26.1896 0.0000e+00
        586     73.295     0.7914   2.796276    32.6804    26.1927 0.0000e+00
        587     73.428     0.7857   2.796279    32.6864    26.1978 0.0000e+00
        588     73.545     0.7840   2.796247    32.6877    26.1990 0.0000e+00
        589     73.653     0.7848   2.796121    32.6852    26.1969 0.0000e+00
        590     73.758     0.7839   2.795991    32.6844    26.1963 0.0000e+00
        591     73.861     0.7795   2.795984    32.6889    26.2002 0.0000e+00
        592     73.960     0.7747   2.796074    32.6951    26.2054 0.0000e+00
        593     74.053     0.7743   2.796085    32.6956    26.2059 0.0000e+00
        594     74.136     0.7768   2.796018    32.6920    26.2029 0.0000e+00
        595     74.209     0.7781   2.795986    32.6902    26.2013 0.0000e+00
        596     74.272     0.7784   2.795907    32.6888    26.2002 0.0000e+00
        597     74.327     0.7779   2.795751    32.6873    26.1990 0.0000e+00
        598     74.373     0.7764   2.795654    32.6876    26.1993 0.0000e+00
        599     74.413     0.7741   2.795632    32.6897    26.2012 0.0000e+00
        600     74.453     0.7716   2.795593    32.6918    26.2030 0.0000e+00
        601     74.492     0.7703   2.795489    32.6919    26.2031 0.0000e+00
        602     74.527     0.7700   2.795363    32.6905    26.2020 0.0000e+00
        603     74.560     0.7693   2.795302    32.6905    26.2020 0.0000e+00
        604     74.590     0.7685   2.795290    32.6911    26.2026 0.0000e+00
        605     74.624     0.7677   2.795246    32.6914    26.2029 0.0000e+00
        606     74.662     0.7670   2.795203    32.6916    26.2030 0.0000e+00
        607     74.691     0.7659   2.795219    32.6929    26.2042 0.0000e+00
        608     74.708     0.7651   2.795246    32.6941    26.2052 0.0000e+00
        609     74.723     0.7648   2.795193    32.6937    26.2049 0.0000e+00
        610     74.738     0.7637   2.795086    32.6935    26.2048 0.0000e+00
        611     74.747     0.7610   2.795018    32.6954    26.2065 0.0000e+00
        612     74.746     0.7580   2.795096    32.6996    26.2100 0.0000e+00
        613     74.741     0.7572   2.795217    32.7020    26.2120 0.0000e+00
        614     74.744     0.7595   2.795165    32.6989    26.2094 0.0000e+00
        615     74.760     0.7616   2.795003    32.6946    26.2058 0.0000e+00
