Datasets/Test_Dataset_39219_tow/originals/tel219_2021_078.cnv
* Sea-Bird SBE19plus Data File:
* Filename = C:/AQUIRE/tel219_2021_078.hex
* Software Version AquireV2 AF V2.0
* Temperature SN =  4020
* Conductivity SN =  4020
* System UpLoad Time = May 16 2021 07:00:04
** VESSEL/TRIP/SEQ STN: tel219_2021_078
** LATITUDE: 45 33.48 N
** LONGITUDE: 55 45.68 W
** DATE/TIME: 2021-05-16 06:21
** SOUNDING DEPTH (M): 0049
** PROBE TYPE: S4020
** CTD NUMBER:  78
** FORMAT: T
** COMMENTS: 
# nquan = 7                                 
# nvalues = 2260                        
# units = specified
# name 0 = scan: Scan Count
# name 1 = prdM: Pressure, Strain Gauge [db]
# name 2 = tv290C: Temperature [ITS-90, deg C]
# name 3 = c0S/m: Conductivity [S/m]
# name 4 = sal00: Salinity, Practical [PSU]
# name 5 = sigma-t00: Density [sigma-t, kg/m^3 ]
# name 6 = flag: flag
# span 0 =          1,       2260       
# span 1 =     -0.068,     44.914       
# span 2 =     3.6414,     4.5481       
# span 3 =   0.011212,   3.050491       
# span 4 =     0.0858,    32.2554       
# span 5 =     0.0437,    25.6365       
# span 6 = 0.0000e+00, 0.0000e+00       
# interval = seconds: 1
# start_time = May 16 2021 06:21:52 [Instrument's time stamp, header]
# bad_flag = -9.990e-29
*END*
[from data line 616]
        617     44.771     3.6436   2.995856    32.2523    25.6348 0.0000e+00
        618     44.764     3.6437   2.995857    32.2522    25.6347 0.0000e+00
        619     44.762     3.6437   2.995857    32.2522    25.6347 0.0000e+00
        620     44.768     3.6437   2.995859    32.2522    25.6348 0.0000e+00
        621     44.778     3.6437   2.995862    32.2522    25.6348 0.0000e+00
        622     44.789     3.6437   2.995860    32.2522    25.6348 0.0000e+00
        623     44.793     3.6437   2.995857    32.2522    25.6347 0.0000e+00
        624     44.783     3.6437   2.995853    32.2521    25.6347 0.0000e+00
        625     44.765     3.6437   2.995852    32.2521    25.6347 0.0000e+00
        626     44.747     3.6437   2.995857    32.2522    25.6347 0.0000e+00
        627     44.740     3.6437   2.995863    32.2523    25.6348 0.0000e+00
        628     44.743     3.6437   2.995863    32.2523    25.6348 0.0000e+00
        629     44.747     3.6437   2.995862    32.2522    25.6348 0.0000e+00
        630     44.746     3.6439   2.995861    32.2520    25.6346 0.0000e+00
        631     44.745     3.6438   2.995856    32.2521    25.6346 0.0000e+00
        632     44.750     3.6437   2.995854    32.2521    25.6347 0.0000e+00
        633     44.756     3.6437   2.995858    32.2522    25.6348 0.0000e+00
        634     44.758     3.6437   2.995864    32.2523    25.6348 0.0000e+00
        635     44.754     3.6437   2.995865    32.2523    25.6348 0.0000e+00
        636     44.748     3.6437   2.995864    32.2523    25.6348 0.0000e+00
        637     44.744     3.6437   2.995868    32.2523    25.6349 0.0000e+00
        638     44.742     3.6437   2.995870    32.2523    25.6349 0.0000e+00
        639     44.738     3.6437   2.995870    32.2523    25.6349 0.0000e+00
        640     44.736     3.6439   2.995871    32.2522    25.6347 0.0000e+00
        641     44.743     3.6439   2.995869    32.2521    25.6347 0.0000e+00
        642     44.754     3.6440   2.995869    32.2520    25.6346 0.0000e+00
        643     44.761     3.6441   2.995876    32.2520    25.6346 0.0000e+00
        644     44.766     3.6442   2.995880    32.2519    25.6345 0.0000e+00
        645     44.769     3.6441   2.995878    32.2520    25.6346 0.0000e+00
        646     44.768     3.6441   2.995878    32.2520    25.6346 0.0000e+00
        647     44.764     3.6440   2.995879    32.2521    25.6347 0.0000e+00
        648     44.755     3.6439   2.995880    32.2523    25.6348 0.0000e+00
        649     44.738     3.6439   2.995876    32.2522    25.6348 0.0000e+00
        650     44.719     3.6439   2.995874    32.2522    25.6347 0.0000e+00
        651     44.708     3.6440   2.995874    32.2521    25.6347 0.0000e+00
        652     44.707     3.6440   2.995878    32.2522    25.6347 0.0000e+00
        653     44.714     3.6441   2.995884    32.2521    25.6347 0.0000e+00
        654     44.723     3.6441   2.995885    32.2521    25.6347 0.0000e+00
        655     44.727     3.6441   2.995885    32.2521    25.6347 0.0000e+00
        656     44.728     3.6441   2.995884    32.2521    25.6347 0.0000e+00
        657     44.731     3.6441   2.995880    32.2521    25.6346 0.0000e+00
        658     44.737     3.6442   2.995876    32.2519    25.6345 0.0000e+00
        659     44.742     3.6443   2.995877    32.2518    25.6344 0.0000e+00
        660     44.745     3.6442   2.995875    32.2519    25.6345 0.0000e+00
        661     44.746     3.6441   2.995874    32.2520    25.6346 0.0000e+00
        662     44.748     3.6441   2.995880    32.2521    25.6346 0.0000e+00
        663     44.748     3.6443   2.995888    32.2520    25.6345 0.0000e+00
        664     44.742     3.6443   2.995888    32.2520    25.6345 0.0000e+00
        665     44.728     3.6443   2.995885    32.2519    25.6345 0.0000e+00
        666     44.706     3.6443   2.995884    32.2519    25.6345 0.0000e+00
        667     44.675     3.6442   2.995881    32.2520    25.6346 0.0000e+00
        668     44.640     3.6441   2.995880    32.2521    25.6347 0.0000e+00
        669     44.617     3.6441   2.995880    32.2521    25.6347 0.0000e+00
        670     44.611     3.6441   2.995884    32.2522    25.6347 0.0000e+00
        671     44.617     3.6443   2.995889    32.2520    25.6346 0.0000e+00
        672     44.626     3.6443   2.995888    32.2520    25.6346 0.0000e+00
        673     44.629     3.6441   2.995888    32.2522    25.6347 0.0000e+00
        674     44.621     3.6441   2.995886    32.2522    25.6347 0.0000e+00
        675     44.606     3.6441   2.995881    32.2521    25.6347 0.0000e+00
        676     44.593     3.6441   2.995879    32.2521    25.6347 0.0000e+00
        677     44.591     3.6442   2.995884    32.2521    25.6346 0.0000e+00
        678     44.595     3.6444   2.995888    32.2519    25.6345 0.0000e+00
        679     44.597     3.6444   2.995887    32.2519    25.6345 0.0000e+00
        680     44.591     3.6444   2.995882    32.2519    25.6344 0.0000e+00
        681     44.581     3.6444   2.995877    32.2518    25.6344 0.0000e+00
        682     44.576     3.6443   2.995878    32.2519    25.6345 0.0000e+00
        683     44.580     3.6443   2.995886    32.2520    25.6346 0.0000e+00
        684     44.589     3.6444   2.995888    32.2519    25.6345 0.0000e+00
        685     44.595     3.6444   2.995888    32.2519    25.6345 0.0000e+00
        686     44.586     3.6444   2.995889    32.2519    25.6345 0.0000e+00
        687     44.564     3.6444   2.995888    32.2519    25.6345 0.0000e+00
        688     44.546     3.6444   2.995892    32.2520    25.6345 0.0000e+00
        689     44.544     3.6445   2.995897    32.2520    25.6345 0.0000e+00
        690     44.560     3.6445   2.995901    32.2520    25.6345 0.0000e+00
        691     44.582     3.6445   2.995905    32.2520    25.6346 0.0000e+00
        692     44.591     3.6445   2.995905    32.2520    25.6346 0.0000e+00
        693     44.580     3.6445   2.995897    32.2519    25.6345 0.0000e+00
        694     44.560     3.6445   2.995885    32.2518    25.6344 0.0000e+00
        695     44.549     3.6445   2.995884    32.2518    25.6344 0.0000e+00
        696     44.554     3.6445   2.995900    32.2520    25.6345 0.0000e+00
        697     44.569     3.6447   2.995914    32.2520    25.6345 0.0000e+00
        698     44.583     3.6448   2.995915    32.2519    25.6344 0.0000e+00
        699     44.590     3.6448   2.995914    32.2518    25.6344 0.0000e+00
        700     44.593     3.6448   2.995919    32.2519    25.6344 0.0000e+00
        701     44.595     3.6448   2.995922    32.2519    25.6345 0.0000e+00
        702     44.593     3.6446   2.995917    32.2521    25.6346 0.0000e+00
        703     44.581     3.6445   2.995913    32.2521    25.6346 0.0000e+00
        704     44.564     3.6445   2.995910    32.2521    25.6346 0.0000e+00
        705     44.554     3.6445   2.995907    32.2521    25.6346 0.0000e+00
        706     44.554     3.6446   2.995909    32.2520    25.6345 0.0000e+00
        707     44.556     3.6446   2.995910    32.2520    25.6345 0.0000e+00
        708     44.553     3.6447   2.995909    32.2519    25.6344 0.0000e+00
        709     44.546     3.6447   2.995915    32.2520    25.6345 0.0000e+00
        710     44.546     3.6448   2.995918    32.2519    25.6344 0.0000e+00
        711     44.557     3.6448   2.995915    32.2519    25.6344 0.0000e+00
        712     44.577     3.6448   2.995912    32.2518    25.6344 0.0000e+00
        713     44.595     3.6448   2.995908    32.2518    25.6343 0.0000e+00
        714     44.607     3.6448   2.995909    32.2518    25.6343 0.0000e+00
        715     44.609     3.6448   2.995919    32.2519    25.6344 0.0000e+00
        716     44.595     3.6448   2.995926    32.2520    25.6345 0.0000e+00
        717     44.573     3.6450   2.995932    32.2519    25.6344 0.0000e+00
        718     44.555     3.6453   2.995943    32.2517    25.6342 0.0000e+00
        719     44.547     3.6454   2.995949    32.2517    25.6342 0.0000e+00
        720     44.542     3.6452   2.995941    32.2518    25.6343 0.0000e+00
        721     44.534     3.6450   2.995928    32.2518    25.6344 0.0000e+00
        722     44.524     3.6448   2.995915    32.2519    25.6344 0.0000e+00
        723     44.517     3.6448   2.995913    32.2519    25.6344 0.0000e+00
        724     44.513     3.6448   2.995915    32.2519    25.6344 0.0000e+00
        725     44.511     3.6448   2.995919    32.2519    25.6345 0.0000e+00
        726     44.506     3.6449   2.995925    32.2519    25.6344 0.0000e+00
        727     44.502     3.6449   2.995926    32.2519    25.6344 0.0000e+00
        728     44.504     3.6449   2.995923    32.2519    25.6344 0.0000e+00
        729     44.515     3.6449   2.995924    32.2519    25.6344 0.0000e+00
        730     44.531     3.6449   2.995925    32.2519    25.6344 0.0000e+00
        731     44.544     3.6449   2.995925    32.2519    25.6344 0.0000e+00
        732     44.549     3.6449   2.995927    32.2519    25.6344 0.0000e+00
        733     44.542     3.6449   2.995926    32.2519    25.6344 0.0000e+00
        734     44.519     3.6449   2.995925    32.2519    25.6344 0.0000e+00
        735     44.484     3.6449   2.995927    32.2520    25.6345 0.0000e+00
        736     44.454     3.6449   2.995928    32.2520    25.6345 0.0000e+00
        737     44.442     3.6451   2.995928    32.2518    25.6343 0.0000e+00
        738     44.445     3.6452   2.995928    32.2517    25.6342 0.0000e+00
        739     44.453     3.6452   2.995934    32.2518    25.6343 0.0000e+00
        740     44.461     3.6452   2.995938    32.2518    25.6343 0.0000e+00
        741     44.465     3.6452   2.995932    32.2517    25.6342 0.0000e+00
        742     44.466     3.6453   2.995929    32.2516    25.6341 0.0000e+00
        743     44.465     3.6453   2.995930    32.2516    25.6341 0.0000e+00
        744     44.466     3.6453   2.995931    32.2516    25.6342 0.0000e+00
        745     44.467     3.6453   2.995935    32.2517    25.6342 0.0000e+00
        746     44.462     3.6452   2.995938    32.2518    25.6343 0.0000e+00
        747     44.449     3.6452   2.995940    32.2518    25.6343 0.0000e+00
        748     44.433     3.6452   2.995943    32.2519    25.6344 0.0000e+00
        749     44.424     3.6452   2.995943    32.2519    25.6344 0.0000e+00
        750     44.425     3.6452   2.995939    32.2518    25.6343 0.0000e+00
        751     44.424     3.6452   2.995935    32.2518    25.6343 0.0000e+00
        752     44.416     3.6452   2.995934    32.2518    25.6343 0.0000e+00
        753     44.406     3.6452   2.995935    32.2518    25.6343 0.0000e+00
        754     44.402     3.6453   2.995938    32.2517    25.6342 0.0000e+00
        755     44.405     3.6454   2.995941    32.2517    25.6342 0.0000e+00
        756     44.411     3.6455   2.995946    32.2516    25.6341 0.0000e+00
        757     44.417     3.6455   2.995952    32.2517    25.6342 0.0000e+00
        758     44.419     3.6456   2.995958    32.2517    25.6342 0.0000e+00
        759     44.419     3.6456   2.995964    32.2517    25.6342 0.0000e+00
        760     44.420     3.6458   2.995967    32.2516    25.6341 0.0000e+00
        761     44.419     3.6458   2.995963    32.2515    25.6340 0.0000e+00
        762     44.411     3.6458   2.995957    32.2515    25.6340 0.0000e+00
        763     44.400     3.6457   2.995958    32.2516    25.6341 0.0000e+00
        764     44.393     3.6456   2.995956    32.2517    25.6342 0.0000e+00
        765     44.393     3.6455   2.995948    32.2517    25.6342 0.0000e+00
        766     44.398     3.6455   2.995949    32.2517    25.6342 0.0000e+00
        767     44.405     3.6455   2.995953    32.2517    25.6342 0.0000e+00
        768     44.403     3.6455   2.995949    32.2517    25.6342 0.0000e+00
        769     44.389     3.6455   2.995941    32.2516    25.6341 0.0000e+00
        770     44.371     3.6455   2.995941    32.2516    25.6341 0.0000e+00
        771     44.361     3.6455   2.995953    32.2517    25.6342 0.0000e+00
        772     44.362     3.6455   2.995958    32.2518    25.6343 0.0000e+00
        773     44.377     3.6455   2.995957    32.2518    25.6343 0.0000e+00
        774     44.398     3.6455   2.995958    32.2518    25.6343 0.0000e+00
        775     44.413     3.6455   2.995953    32.2517    25.6342 0.0000e+00
        776     44.414     3.6455   2.995944    32.2516    25.6341 0.0000e+00
        777     44.410     3.6456   2.995941    32.2515    25.6340 0.0000e+00
        778     44.408     3.6456   2.995948    32.2516    25.6341 0.0000e+00
        779     44.407     3.6456   2.995956    32.2517    25.6341 0.0000e+00
        780     44.401     3.6456   2.995963    32.2517    25.6342 0.0000e+00
        781     44.390     3.6458   2.995956    32.2515    25.6340 0.0000e+00
        782     44.375     3.6458   2.995947    32.2514    25.6339 0.0000e+00
        783     44.362     3.6458   2.995958    32.2515    25.6340 0.0000e+00
        784     44.363     3.6458   2.995964    32.2516    25.6341 0.0000e+00
        785     44.377     3.6458   2.995964    32.2516    25.6341 0.0000e+00
        786     44.393     3.6459   2.995975    32.2516    25.6341 0.0000e+00
        787     44.404     3.6461   2.995989    32.2515    25.6340 0.0000e+00
        788     44.416     3.6463   2.995998    32.2515    25.6339 0.0000e+00
        789     44.427     3.6464   2.996006    32.2514    25.6339 0.0000e+00
        790     44.433     3.6465   2.996013    32.2514    25.6339 0.0000e+00
        791     44.427     3.6467   2.996012    32.2512    25.6337 0.0000e+00
        792     44.409     3.6467   2.996012    32.2512    25.6337 0.0000e+00
        793     44.386     3.6466   2.996015    32.2514    25.6338 0.0000e+00
        794     44.363     3.6464   2.996003    32.2514    25.6339 0.0000e+00
        795     44.346     3.6462   2.995985    32.2514    25.6339 0.0000e+00
        796     44.340     3.6460   2.995977    32.2515    25.6340 0.0000e+00
        797     44.341     3.6459   2.995972    32.2516    25.6341 0.0000e+00
        798     44.343     3.6460   2.995974    32.2515    25.6340 0.0000e+00
        799     44.340     3.6460   2.995977    32.2515    25.6340 0.0000e+00
        800     44.335     3.6460   2.995972    32.2515    25.6340 0.0000e+00
        801     44.333     3.6460   2.995970    32.2515    25.6340 0.0000e+00
        802     44.337     3.6460   2.995969    32.2514    25.6339 0.0000e+00
        803     44.341     3.6460   2.995970    32.2515    25.6340 0.0000e+00
        804     44.339     3.6460   2.995977    32.2515    25.6340 0.0000e+00
        805     44.329     3.6460   2.995979    32.2516    25.6340 0.0000e+00
        806     44.319     3.6460   2.995974    32.2515    25.6340 0.0000e+00
        807     44.317     3.6460   2.995970    32.2515    25.6340 0.0000e+00
        808     44.322     3.6461   2.995977    32.2514    25.6339 0.0000e+00
        809     44.327     3.6462   2.995987    32.2515    25.6339 0.0000e+00
        810     44.326     3.6461   2.995983    32.2515    25.6340 0.0000e+00
        811     44.314     3.6460   2.995978    32.2516    25.6340 0.0000e+00
        812     44.297     3.6460   2.995979    32.2516    25.6341 0.0000e+00
        813     44.281     3.6459   2.995978    32.2517    25.6341 0.0000e+00
        814     44.273     3.6460   2.995975    32.2516    25.6340 0.0000e+00
        815     44.278     3.6460   2.995973    32.2515    25.6340 0.0000e+00
        816     44.283     3.6460   2.995978    32.2516    25.6341 0.0000e+00
        817     44.280     3.6462   2.995985    32.2515    25.6339 0.0000e+00
        818     44.274     3.6463   2.995987    32.2514    25.6339 0.0000e+00
        819     44.272     3.6464   2.995989    32.2513    25.6338 0.0000e+00
        820     44.275     3.6464   2.995987    32.2513    25.6338 0.0000e+00
