Datasets/Test_Dataset_39219_tow/originals/tel219_2021_074.cnv
* Sea-Bird SBE19plus Data File:
* Filename = C:/AQUIRE/tel219_2021_074.hex
* Software Version AquireV2 AF V2.0
* Temperature SN =  4020
* Conductivity SN =  4020
* System UpLoad Time = May 15 2021 21:00:30
** VESSEL/TRIP/SEQ STN: tel219_2021_074
** LATITUDE: 45 11.44 N
** LONGITUDE: 55 46.79 W
** DATE/TIME: 2021-05-15 20:13
** SOUNDING DEPTH (M): 0077
** PROBE TYPE: S4020
** CTD NUMBER: 074
** FORMAT: t
** COMMENTS: 
# nquan = 7                                 
# nvalues = 2837                        
# units = specified
# name 0 = scan: Scan Count
# name 1 = prdM: Pressure, Strain Gauge [db]
# name 2 = tv290C: Temperature [ITS-90, deg C]
# name 3 = c0S/m: Conductivity [S/m]
# name 4 = sal00: Salinity, Practical [PSU]
# name 5 = sigma-t00: Density [sigma-t, kg/m^3 ]
# name 6 = flag: flag
# span 0 =          1,       2837       
# span 1 =     -0.017,     75.545       
# span 2 =     0.8650,     7.0837       
# span 3 =   0.005551,   3.064376       
# span 4 =     0.0398,    32.4044       
# span 5 =    -0.0673,    25.8804       
# span 6 = 0.0000e+00, 0.0000e+00       
# interval = seconds: 1
# start_time = May 15 2021 20:13:19 [Instrument's time stamp, header]
# bad_flag = -9.990e-29
*END*
[from data line 206]
        207      4.450     4.0390   3.016713    32.1301    25.5000 0.0000e+00
        208      4.550     4.0513   3.018236    32.1359    25.5034 0.0000e+00
        209      4.607     4.0496   3.018210    32.1373    25.5046 0.0000e+00
        210      4.634     4.0471   3.018021    32.1375    25.5050 0.0000e+00
        211      4.644     4.0502   3.018135    32.1358    25.5034 0.0000e+00
        212      4.633     4.0538   3.018120    32.1321    25.5001 0.0000e+00
        213      4.622     4.0553   3.017780    32.1266    25.4956 0.0000e+00
        214      4.649     4.0553   3.017316    32.1211    25.4912 0.0000e+00
        215      4.727     4.0528   3.017121    32.1212    25.4916 0.0000e+00
        216      4.852     4.0480   3.017245    32.1273    25.4969 0.0000e+00
        217      5.021     4.0443   3.017421    32.1330    25.5017 0.0000e+00
        218      5.227     4.0443   3.017729    32.1365    25.5045 0.0000e+00
        219      5.460     4.0467   3.018299    32.1407    25.5076 0.0000e+00
        220      5.709     4.0468   3.018509    32.1430    25.5094 0.0000e+00
        221      5.970     4.0438   3.018194    32.1421    25.5090 0.0000e+00
        222      6.255     4.0417   3.018200    32.1440    25.5108 0.0000e+00
        223      6.568     4.0424   3.018586    32.1477    25.5137 0.0000e+00
        224      6.900     4.0441   3.018470    32.1445    25.5109 0.0000e+00
        225      7.224     4.0425   3.017563    32.1353    25.5037 0.0000e+00
        226      7.521     4.0290   3.015980    32.1297    25.5006 0.0000e+00
        227      7.790     4.0015   3.013690    32.1296    25.5032 0.0000e+00
        228      8.032     3.9707   3.011602    32.1351    25.5106 0.0000e+00
        229      8.248     3.9509   3.010919    32.1464    25.5215 0.0000e+00
        230      8.432     3.9502   3.011598    32.1550    25.5284 0.0000e+00
        231      8.579     3.9634   3.011760    32.1438    25.5182 0.0000e+00
        232      8.702     3.9732   3.010456    32.1188    25.4974 0.0000e+00
        233      8.812     3.9702   3.009623    32.1118    25.4921 0.0000e+00
        234      8.912     3.9616   3.009828    32.1226    25.5016 0.0000e+00
        235      9.001     3.9584   3.010024    32.1281    25.5062 0.0000e+00
        236      9.090     3.9595   3.010206    32.1291    25.5069 0.0000e+00
        237      9.183     3.9470   3.009411    32.1319    25.5103 0.0000e+00
        238      9.260     3.9116   3.006634    32.1339    25.5153 0.0000e+00
        239      9.305     3.8685   3.003223    32.1359    25.5211 0.0000e+00
        240      9.327     3.8332   3.000462    32.1380    25.5261 0.0000e+00
        241      9.330     3.8065   2.998471    32.1407    25.5308 0.0000e+00
        242      9.318     3.7836   2.996975    32.1456    25.5368 0.0000e+00
        243      9.297     3.7640   2.995650    32.1492    25.5415 0.0000e+00
        244      9.266     3.7487   2.994384    32.1493    25.5430 0.0000e+00
        245      9.224     3.7367   2.993179    32.1468    25.5422 0.0000e+00
        246      9.170     3.7266   2.992057    32.1435    25.5405 0.0000e+00
        247      9.088     3.7176   2.990856    32.1382    25.5371 0.0000e+00
        248      8.952     3.7113   2.989772    32.1316    25.5325 0.0000e+00
        249      8.766     3.7115   2.989448    32.1276    25.5293 0.0000e+00
        250      8.593     3.7208   2.990223    32.1277    25.5285 0.0000e+00
        251      8.481     3.7356   2.991519    32.1286    25.5278 0.0000e+00
        252      8.413     3.7484   2.992510    32.1278    25.5260 0.0000e+00
        253      8.353     3.7555   2.993076    32.1275    25.5251 0.0000e+00
        254      8.292     3.7581   2.993370    32.1285    25.5256 0.0000e+00
        255      8.245     3.7596   2.993549    32.1291    25.5260 0.0000e+00
        256      8.220     3.7637   2.993703    32.1269    25.5239 0.0000e+00
        257      8.198     3.7703   2.994061    32.1247    25.5214 0.0000e+00
        258      8.157     3.7760   2.994621    32.1257    25.5217 0.0000e+00
        259      8.095     3.7803   2.994984    32.1258    25.5214 0.0000e+00
        260      8.026     3.7868   2.995498    32.1256    25.5206 0.0000e+00
        261      7.962     3.7986   2.996456    32.1253    25.5193 0.0000e+00
        262      7.906     3.8156   2.997770    32.1242    25.5168 0.0000e+00
        263      7.854     3.8363   2.999379    32.1229    25.5138 0.0000e+00
        264      7.802     3.8557   3.001122    32.1245    25.5132 0.0000e+00
        265      7.747     3.8628   3.001848    32.1261    25.5138 0.0000e+00
        266      7.692     3.8560   3.000962    32.1223    25.5114 0.0000e+00
        267      7.639     3.8460   3.000105    32.1221    25.5122 0.0000e+00
        268      7.579     3.8365   2.999438    32.1235    25.5143 0.0000e+00
        269      7.512     3.8306   2.998827    32.1221    25.5137 0.0000e+00
        270      7.449     3.8381   2.999586    32.1238    25.5143 0.0000e+00
        271      7.395     3.8606   3.001704    32.1267    25.5145 0.0000e+00
        272      7.346     3.8905   3.004413    32.1294    25.5138 0.0000e+00
        273      7.279     3.9168   3.006606    32.1295    25.5113 0.0000e+00
        274      7.174     3.9314   3.007544    32.1263    25.5073 0.0000e+00
        275      7.050     3.9303   3.007207    32.1234    25.5052 0.0000e+00
        276      6.939     3.9192   3.005998    32.1201    25.5036 0.0000e+00
        277      6.847     3.9151   3.005826    32.1222    25.5056 0.0000e+00
        278      6.761     3.9236   3.006939    32.1270    25.5087 0.0000e+00
        279      6.682     3.9375   3.007963    32.1255    25.5061 0.0000e+00
        280      6.612     3.9606   3.010075    32.1277    25.5057 0.0000e+00
        281      6.506     3.9896   3.012914    32.1328    25.5069 0.0000e+00
        282      6.342     4.0055   3.013790    32.1276    25.5012 0.0000e+00
        283      6.162     4.0108   3.013943    32.1243    25.4981 0.0000e+00
        284      5.981     4.0153   3.014492    32.1264    25.4994 0.0000e+00
        285      5.796     4.0153   3.014453    32.1261    25.4991 0.0000e+00
        286      5.615     4.0160   3.014481    32.1258    25.4988 0.0000e+00
        287      5.427     4.0215   3.014898    32.1254    25.4979 0.0000e+00
        288      5.218     4.0263   3.015250    32.1250    25.4971 0.0000e+00
        289      5.018     4.0271   3.015251    32.1243    25.4965 0.0000e+00
        290      4.880     4.0278   3.015383    32.1252    25.4972 0.0000e+00
        291      4.804     4.0315   3.015777    32.1263    25.4977 0.0000e+00
        292      4.763     4.0293   3.015372    32.1237    25.4958 0.0000e+00
        293      4.742     4.0214   3.014382    32.1198    25.4935 0.0000e+00
        294      4.717     4.0225   3.014670    32.1221    25.4952 0.0000e+00
        295      4.677     4.0288   3.015629    32.1272    25.4987 0.0000e+00
        296      4.670     4.0240   3.015018    32.1248    25.4972 0.0000e+00
        297      4.770     4.0101   3.013644    32.1222    25.4965 0.0000e+00
        298      4.919     3.9932   3.012351    32.1234    25.4991 0.0000e+00
        299      4.929     3.9673   3.009891    32.1198    25.4988 0.0000e+00
        300      4.759     3.9396   3.007218    32.1156    25.4981 0.0000e+00
        301      4.555     3.9331   3.007059    32.1202    25.5024 0.0000e+00
        302      4.394     3.9423   3.008236    32.1251    25.5054 0.0000e+00
        303      4.258     3.9361   3.007820    32.1264    25.5070 0.0000e+00
        304      4.135     3.9008   3.004276    32.1193    25.5047 0.0000e+00
        305      4.003     3.8540   2.999303    32.1066    25.4991 0.0000e+00
        306      3.872     3.8278   2.997781    32.1144    25.5078 0.0000e+00
        307      3.815     3.8376   2.999543    32.1256    25.5158 0.0000e+00
        308      3.853     3.8703   3.002217    32.1251    25.5123 0.0000e+00
        309      3.953     3.8996   3.004818    32.1270    25.5110 0.0000e+00
        310      4.114     3.9219   3.006606    32.1261    25.5081 0.0000e+00
        311      4.304     3.9447   3.008536    32.1264    25.5061 0.0000e+00
        312      4.472     3.9554   3.009363    32.1255    25.5045 0.0000e+00
        313      4.654     3.9446   3.008115    32.1213    25.5021 0.0000e+00
        314      4.825     3.9220   3.006203    32.1209    25.5040 0.0000e+00
        315      4.934     3.9038   3.004492    32.1185    25.5038 0.0000e+00
        316      5.055     3.8999   3.004149    32.1182    25.5040 0.0000e+00
        317      5.243     3.9094   3.005257    32.1219    25.5060 0.0000e+00
        318      5.425     3.9044   3.005532    32.1299    25.5129 0.0000e+00
        319      5.530     3.8466   3.000075    32.1222    25.5122 0.0000e+00
        320      5.571     3.7645   2.991069    32.0963    25.4994 0.0000e+00
        321      5.576     3.7522   2.990758    32.1047    25.5073 0.0000e+00
        322      5.544     3.8336   3.000313    32.1378    25.5259 0.0000e+00
        323      5.439     3.9180   3.007825    32.1436    25.5224 0.0000e+00
        324      5.226     3.9257   3.006780    32.1238    25.5060 0.0000e+00
        325      5.003     3.8814   3.001661    32.1070    25.4968 0.0000e+00
        326      4.904     3.8595   3.000638    32.1165    25.5065 0.0000e+00
        327      4.930     3.8832   3.004063    32.1337    25.5179 0.0000e+00
        328      5.034     3.9261   3.007611    32.1334    25.5135 0.0000e+00
        329      5.179     3.9593   3.010244    32.1317    25.5090 0.0000e+00
        330      5.299     3.9557   3.009577    32.1273    25.5059 0.0000e+00
        331      5.365     3.9165   3.005212    32.1143    25.4993 0.0000e+00
        332      5.420     3.8792   3.002189    32.1152    25.5035 0.0000e+00
        333      5.517     3.8634   3.001889    32.1271    25.5146 0.0000e+00
        334      5.671     3.8539   3.000654    32.1218    25.5112 0.0000e+00
        335      5.871     3.8580   3.000522    32.1161    25.5063 0.0000e+00
        336      6.098     3.8921   3.004735    32.1323    25.5159 0.0000e+00
        337      6.323     3.9097   3.006227    32.1325    25.5144 0.0000e+00
        338      6.503     3.8731   3.001664    32.1144    25.5035 0.0000e+00
        339      6.641     3.8272   2.997451    32.1097    25.5041 0.0000e+00
        340      6.783     3.8121   2.996768    32.1163    25.5109 0.0000e+00
        341      6.952     3.8127   2.997497    32.1243    25.5171 0.0000e+00
        342      7.153     3.8057   2.996838    32.1233    25.5170 0.0000e+00
        343      7.394     3.7942   2.995625    32.1201    25.5155 0.0000e+00
        344      7.649     3.7831   2.994287    32.1151    25.5126 0.0000e+00
        345      7.890     3.7651   2.992772    32.1147    25.5140 0.0000e+00
        346      8.120     3.7508   2.992447    32.1248    25.5234 0.0000e+00
        347      8.341     3.7484   2.992594    32.1288    25.5268 0.0000e+00
        348      8.565     3.7299   2.990352    32.1203    25.5218 0.0000e+00
        349      8.804     3.6749   2.984585    32.1059    25.5154 0.0000e+00
        350      9.051     3.6284   2.980729    32.1058    25.5197 0.0000e+00
        351      9.311     3.6523   2.984298    32.1245    25.5324 0.0000e+00
        352      9.602     3.7280   2.991875    32.1397    25.5374 0.0000e+00
        353      9.903     3.7693   2.994911    32.1349    25.5296 0.0000e+00
        354     10.159     3.7386   2.990484    32.1125    25.5147 0.0000e+00
        355     10.368     3.7004   2.986530    32.1031    25.5108 0.0000e+00
        356     10.575     3.7115   2.989521    32.1276    25.5292 0.0000e+00
        357     10.787     3.7254   2.991927    32.1423    25.5397 0.0000e+00
        358     11.000     3.6742   2.985685    32.1186    25.5256 0.0000e+00
        359     11.235     3.5751   2.975186    32.0913    25.5130 0.0000e+00
        360     11.507     3.4960   2.969092    32.0966    25.5245 0.0000e+00
        361     11.803     3.4630   2.967604    32.1113    25.5392 0.0000e+00
        362     12.105     3.4544   2.967109    32.1138    25.5419 0.0000e+00
        363     12.403     3.4522   2.967026    32.1148    25.5429 0.0000e+00
        364     12.702     3.4514   2.967012    32.1153    25.5434 0.0000e+00
        365     13.000     3.4496   2.966879    32.1153    25.5435 0.0000e+00
        366     13.284     3.4478   2.966809    32.1161    25.5443 0.0000e+00
        367     13.553     3.4469   2.966840    32.1172    25.5453 0.0000e+00
        368     13.830     3.4456   2.966747    32.1172    25.5455 0.0000e+00
        369     14.138     3.4440   2.966606    32.1170    25.5454 0.0000e+00
        370     14.474     3.4430   2.966579    32.1175    25.5459 0.0000e+00
        371     14.824     3.4425   2.966571    32.1177    25.5461 0.0000e+00
        372     15.182     3.4418   2.966520    32.1176    25.5461 0.0000e+00
        373     15.538     3.4409   2.966465    32.1176    25.5462 0.0000e+00
        374     15.885     3.4397   2.966410    32.1180    25.5466 0.0000e+00
        375     16.231     3.4381   2.966312    32.1182    25.5469 0.0000e+00
        376     16.591     3.4362   2.966162    32.1181    25.5470 0.0000e+00
        377     16.972     3.4348   2.966054    32.1180    25.5470 0.0000e+00
        378     17.375     3.4341   2.966035    32.1183    25.5473 0.0000e+00
        379     17.798     3.4334   2.965994    32.1182    25.5474 0.0000e+00
        380     18.232     3.4317   2.965838    32.1178    25.5472 0.0000e+00
        381     18.670     3.4284   2.965538    32.1173    25.5470 0.0000e+00
        382     19.105     3.4254   2.965269    32.1168    25.5469 0.0000e+00
        383     19.538     3.4243   2.965239    32.1173    25.5474 0.0000e+00
        384     19.977     3.4232   2.965208    32.1178    25.5479 0.0000e+00
        385     20.423     3.4200   2.964885    32.1169    25.5475 0.0000e+00
        386     20.877     3.4150   2.964407    32.1159    25.5471 0.0000e+00
        387     21.335     3.4101   2.964037    32.1161    25.5477 0.0000e+00
        388     21.792     3.4047   2.963642    32.1165    25.5485 0.0000e+00
        389     22.247     3.3924   2.962629    32.1163    25.5495 0.0000e+00
        390     22.702     3.3684   2.960402    32.1131    25.5491 0.0000e+00
        391     23.157     3.3357   2.957268    32.1078    25.5477 0.0000e+00
        392     23.612     3.3045   2.954529    32.1056    25.5488 0.0000e+00
        393     24.075     3.2828   2.952849    32.1067    25.5516 0.0000e+00
        394     24.547     3.2694   2.951772    32.1069    25.5529 0.0000e+00
        395     25.022     3.2581   2.950775    32.1058    25.5531 0.0000e+00
        396     25.499     3.2473   2.949806    32.1047    25.5531 0.0000e+00
        397     25.982     3.2409   2.949278    32.1044    25.5534 0.0000e+00
        398     26.469     3.2418   2.949496    32.1059    25.5545 0.0000e+00
        399     26.951     3.2501   2.950401    32.1083    25.5557 0.0000e+00
        400     27.429     3.2630   2.951754    32.1115    25.5571 0.0000e+00
        401     27.911     3.2753   2.952941    32.1133    25.5575 0.0000e+00
        402     28.401     3.2831   2.953596    32.1131    25.5567 0.0000e+00
        403     28.894     3.2874   2.953987    32.1133    25.5564 0.0000e+00
        404     29.383     3.2904   2.954265    32.1134    25.5563 0.0000e+00
        405     29.869     3.2930   2.954508    32.1135    25.5561 0.0000e+00
        406     30.358     3.2962   2.954850    32.1142    25.5563 0.0000e+00
        407     30.854     3.3004   2.955274    32.1148    25.5565 0.0000e+00
        408     31.358     3.3067   2.955905    32.1159    25.5568 0.0000e+00
        409     31.867     3.3165   2.956923    32.1181    25.5577 0.0000e+00
        410     32.380     3.3280   2.958095    32.1205    25.5586 0.0000e+00
