Datasets/Test_Dataset_39219_tow/originals/tel219_2021_056.cnv
* Sea-Bird SBE19plus Data File:
* Filename = C:/AQUIRE/tel219_2021_056.hex
* Software Version AquireV2 AF V2.0
* Temperature SN =  4020
* Conductivity SN =  4020
* System UpLoad Time = May 14 2021 00:39:39
** VESSEL/TRIP/SEQ STN: tel219_2021_056
** LATITUDE: 45 09.48 N
** LONGITUDE: 55 00.06 W
** DATE/TIME: 2021-05-13 23:47
** SOUNDING DEPTH (M): 0147
** PROBE TYPE: S4020
** CTD NUMBER:  56
** FORMAT: t
** COMMENTS: 
# nquan = 7                                 
# nvalues = 3023                        
# units = specified
# name 0 = scan: Scan Count
# name 1 = prdM: Pressure, Strain Gauge [db]
# name 2 = tv290C: Temperature [ITS-90, deg C]
# name 3 = c0S/m: Conductivity [S/m]
# name 4 = sal00: Salinity, Practical [PSU]
# name 5 = sigma-t00: Density [sigma-t, kg/m^3 ]
# name 6 = flag: flag
# span 0 =          1,       3023       
# span 1 =     -0.072,    144.048       
# span 2 =     0.3589,     4.2244       
# span 3 =   0.013834,   3.113967       
# span 4 =     0.1068,    33.6242       
# span 5 =     0.0609,    26.7713       
# span 6 = 0.0000e+00, 0.0000e+00       
# interval = seconds: 1
# start_time = May 13 2021 23:47:00 [Instrument's time stamp, header]
# bad_flag = -9.990e-29
*END*
[from data line 616]
        617     -0.062     4.2237   0.014889     0.1151     0.0673 0.0000e+00
        618     -0.060     4.2241   0.016502     0.1280     0.0777 0.0000e+00
        619     -0.053     4.2244   0.028385     0.2245     0.1554 0.0000e+00
        620     -0.046     4.2244   0.053514     0.4338     0.3238 0.0000e+00
        621     -0.043     4.2244   0.072285     0.5935     0.4521 0.0000e+00
        622     -0.044     4.2242   0.073103     0.6005     0.4577 0.0000e+00
        623     -0.046     4.2241   0.065941     0.5393     0.4085 0.0000e+00
        624     -0.046     4.2242   0.058819     0.4787     0.3599 0.0000e+00
        625     -0.045     4.2244   0.052825     0.4280     0.3191 0.0000e+00
        626     -0.040     4.2227   0.068988     0.5653     0.4294 0.0000e+00
        627     -0.026     4.1906   0.347826     3.1048     2.4608 0.0000e+00
        628     -0.001     4.0928   1.248427    12.2493     9.7281 0.0000e+00
        629      0.026     3.9717   2.122754    21.8871    17.3746 0.0000e+00
        630      0.049     3.9054   2.339521    24.3928    19.3671 0.0000e+00
        631      0.071     3.8983   2.570289    27.0505    21.4773 0.0000e+00
        632      0.090     3.9027   2.907611    30.9801    24.5989 0.0000e+00
        633      0.105     3.8803   2.919867    31.1456    24.7325 0.0000e+00
        634      0.115     3.8353   2.831317    30.1468    23.9426 0.0000e+00
        635      0.128     3.8037   2.745330    29.1678    23.1672 0.0000e+00
        636      0.157     3.8026   2.687324    28.4911    22.6295 0.0000e+00
        637      0.204     3.8148   2.854833    30.4421    24.1792 0.0000e+00
        638      0.248     3.8197   3.006414    32.2265    25.5977 0.0000e+00
        639      0.275     3.8120   3.007511    32.2471    25.6149 0.0000e+00
        640      0.291     3.7960   3.006746    32.2538    25.6217 0.0000e+00
        641      0.311     3.7824   3.005408    32.2514    25.6211 0.0000e+00
        642      0.363     3.7830   3.005680    32.2540    25.6231 0.0000e+00
        643      0.465     3.7992   3.006223    32.2444    25.6139 0.0000e+00
        644      0.591     3.8162   3.005663    32.2209    25.5936 0.0000e+00
        645      0.688     3.8209   3.005684    32.2164    25.5896 0.0000e+00
        646      0.730     3.8140   3.006407    32.2318    25.6025 0.0000e+00
        647      0.723     3.8004   3.006124    32.2419    25.6118 0.0000e+00
        648      0.704     3.7897   3.005608    32.2463    25.6164 0.0000e+00
        649      0.702     3.7882   3.005961    32.2520    25.6210 0.0000e+00
        650      0.713     3.7904   3.006540    32.2567    25.6246 0.0000e+00
        651      0.737     3.7921   3.007144    32.2622    25.6287 0.0000e+00
        652      0.780     3.7946   3.007498    32.2639    25.6299 0.0000e+00
        653      0.817     3.7910   3.005969    32.2493    25.6186 0.0000e+00
        654      0.797     3.7770   3.002537    32.2224    25.5986 0.0000e+00
        655      0.718     3.7637   3.000482    32.2112    25.5909 0.0000e+00
        656      0.658     3.7607   3.001107    32.2216    25.5995 0.0000e+00
        657      0.671     3.7622   3.001641    32.2265    25.6032 0.0000e+00
        658      0.716     3.7588   3.000231    32.2131    25.5929 0.0000e+00
        659      0.756     3.7519   2.997121    32.1830    25.5696 0.0000e+00
        660      0.803     3.7474   2.994702    32.1587    25.5507 0.0000e+00
        661      0.857     3.7462   2.995625    32.1708    25.5604 0.0000e+00
        662      0.906     3.7464   2.996238    32.1779    25.5660 0.0000e+00
        663      0.969     3.7485   2.984021    32.0308    25.4488 0.0000e+00
        664      1.079     3.7531   2.973658    31.9034    25.3470 0.0000e+00
        665      1.239     3.7571   2.986280    32.0490    25.4625 0.0000e+00
        666      1.393     3.7566   2.998004    32.1885    25.5735 0.0000e+00
        667      1.489     3.7524   2.997876    32.1911    25.5759 0.0000e+00
        668      1.508     3.7475   2.997457    32.1909    25.5763 0.0000e+00
        669      1.451     3.7439   2.997209    32.1916    25.5771 0.0000e+00
        670      1.338     3.7423   2.997094    32.1919    25.5775 0.0000e+00
        671      1.176     3.7423   2.997091    32.1919    25.5775 0.0000e+00
        672      0.952     3.7426   2.997088    32.1917    25.5773 0.0000e+00
        673      0.713     3.7431   2.997127    32.1918    25.5774 0.0000e+00
        674      0.543     3.7434   2.997178    32.1922    25.5777 0.0000e+00
        675      0.454     3.7435   2.997179    32.1921    25.5776 0.0000e+00
        676      0.414     3.7432   2.997176    32.1924    25.5779 0.0000e+00
        677      0.420     3.7430   2.997227    32.1932    25.5785 0.0000e+00
        678      0.486     3.7439   2.997371    32.1940    25.5791 0.0000e+00
        679      0.606     3.7456   2.997564    32.1945    25.5793 0.0000e+00
        680      0.726     3.7472   2.997784    32.1955    25.5800 0.0000e+00
        681      0.785     3.7480   2.998023    32.1975    25.5815 0.0000e+00
        682      0.777     3.7481   2.998147    32.1989    25.5826 0.0000e+00
        683      0.730     3.7473   2.998016    32.1982    25.5821 0.0000e+00
        684      0.674     3.7458   2.997707    32.1960    25.5805 0.0000e+00
        685      0.633     3.7445   2.997573    32.1957    25.5804 0.0000e+00
        686      0.638     3.7441   2.997752    32.1982    25.5824 0.0000e+00
        687      0.695     3.7444   2.997994    32.2008    25.5844 0.0000e+00
        688      0.759     3.7449   2.997998    32.2003    25.5840 0.0000e+00
        689      0.796     3.7449   2.997837    32.1984    25.5825 0.0000e+00
        690      0.825     3.7445   2.997762    32.1979    25.5821 0.0000e+00
        691      0.849     3.7439   2.997588    32.1964    25.5810 0.0000e+00
        692      0.860     3.7435   2.997286    32.1932    25.5785 0.0000e+00
        693      0.925     3.7430   2.997170    32.1923    25.5778 0.0000e+00
        694      1.115     3.7428   2.997209    32.1928    25.5782 0.0000e+00
        695      1.379     3.7427   2.997235    32.1931    25.5785 0.0000e+00
        696      1.597     3.7428   2.997265    32.1933    25.5786 0.0000e+00
        697      1.694     3.7435   2.997335    32.1933    25.5786 0.0000e+00
        698      1.651     3.7446   2.997408    32.1931    25.5783 0.0000e+00
        699      1.471     3.7458   2.997438    32.1924    25.5776 0.0000e+00
        700      1.211     3.7465   2.997416    32.1916    25.5769 0.0000e+00
        701      1.004     3.7468   2.997362    32.1908    25.5762 0.0000e+00
        702      0.964     3.7462   2.997310    32.1908    25.5763 0.0000e+00
        703      1.057     3.7446   2.997207    32.1911    25.5767 0.0000e+00
        704      1.128     3.7428   2.997067    32.1911    25.5769 0.0000e+00
        705      1.076     3.7421   2.997037    32.1915    25.5773 0.0000e+00
        706      0.955     3.7425   2.997063    32.1915    25.5772 0.0000e+00
        707      0.899     3.7428   2.997079    32.1914    25.5771 0.0000e+00
        708      0.943     3.7425   2.997082    32.1917    25.5774 0.0000e+00
        709      0.972     3.7420   2.997024    32.1915    25.5773 0.0000e+00
        710      0.904     3.7416   2.996989    32.1915    25.5773 0.0000e+00
        711      0.772     3.7416   2.997012    32.1919    25.5776 0.0000e+00
        712      0.633     3.7417   2.997027    32.1920    25.5777 0.0000e+00
        713      0.507     3.7417   2.997016    32.1919    25.5776 0.0000e+00
        714      0.415     3.7417   2.997004    32.1919    25.5776 0.0000e+00
        715      0.381     3.7419   2.997004    32.1917    25.5774 0.0000e+00
        716      0.389     3.7419   2.996972    32.1913    25.5771 0.0000e+00
        717      0.387     3.7418   2.996928    32.1909    25.5768 0.0000e+00
        718      0.354     3.7420   2.996930    32.1907    25.5766 0.0000e+00
        719      0.317     3.7423   2.996950    32.1907    25.5766 0.0000e+00
        720      0.298     3.7425   2.996963    32.1906    25.5765 0.0000e+00
        721      0.283     3.7427   2.996978    32.1906    25.5765 0.0000e+00
        722      0.254     3.7428   2.996997    32.1908    25.5766 0.0000e+00
        723      0.216     3.7430   2.997023    32.1909    25.5767 0.0000e+00
        724      0.184     3.7431   2.997047    32.1911    25.5768 0.0000e+00
        725      0.171     3.7433   2.997053    32.1910    25.5767 0.0000e+00
        726      0.172     3.7434   2.997042    32.1908    25.5765 0.0000e+00
        727      0.173     3.7435   2.997053    32.1908    25.5765 0.0000e+00
        728      0.166     3.7436   2.997093    32.1912    25.5768 0.0000e+00
        729      0.150     3.7438   2.997134    32.1915    25.5771 0.0000e+00
        730      0.133     3.7440   2.997171    32.1917    25.5772 0.0000e+00
        731      0.125     3.7442   2.997211    32.1920    25.5774 0.0000e+00
        732      0.125     3.7443   2.997205    32.1918    25.5773 0.0000e+00
        733      0.124     3.7442   2.997148    32.1912    25.5768 0.0000e+00
        734      0.117     3.7439   2.997105    32.1910    25.5767 0.0000e+00
        735      0.109     3.7437   2.996977    32.1897    25.5757 0.0000e+00
        736      0.104     3.7432   2.996702    32.1869    25.5735 0.0000e+00
        737      0.102     3.7430   2.995175    32.1690    25.5593 0.0000e+00
        738      0.095     3.7431   2.992433    32.1364    25.5333 0.0000e+00
        739      0.090     3.7432   2.985174    32.0502    25.4647 0.0000e+00
        740      0.103     3.7432   2.978477    31.9707    25.4015 0.0000e+00
        741      0.129     3.7439   2.984918    32.0464    25.4617 0.0000e+00
        742      0.147     3.7449   2.994548    32.1597    25.5517 0.0000e+00
        743      0.144     3.7457   2.997133    32.1896    25.5754 0.0000e+00
        744      0.123     3.7461   2.997343    32.1917    25.5770 0.0000e+00
        745      0.100     3.7462   2.997343    32.1916    25.5769 0.0000e+00
        746      0.086     3.7459   2.997306    32.1915    25.5769 0.0000e+00
        747      0.082     3.7454   2.997149    32.1901    25.5758 0.0000e+00
        748      0.087     3.7447   2.996254    32.1802    25.5680 0.0000e+00
        749      0.093     3.7440   2.995330    32.1699    25.5599 0.0000e+00
        750      0.097     3.7435   2.995915    32.1773    25.5658 0.0000e+00
        751      0.099     3.7434   2.996902    32.1891    25.5752 0.0000e+00
        752      0.100     3.7435   2.997152    32.1920    25.5775 0.0000e+00
        753      0.104     3.7436   2.997120    32.1915    25.5771 0.0000e+00
        754      0.124     3.7438   2.996790    32.1874    25.5738 0.0000e+00
        755      0.156     3.7440   2.996493    32.1837    25.5708 0.0000e+00
        756      0.179     3.7444   2.996798    32.1869    25.5733 0.0000e+00
        757      0.200     3.7449   2.997178    32.1909    25.5765 0.0000e+00
        758      0.237     3.7451   2.997234    32.1913    25.5768 0.0000e+00
        759      0.277     3.7449   2.997182    32.1909    25.5765 0.0000e+00
        760      0.313     3.7442   2.997096    32.1905    25.5763 0.0000e+00
        761      0.373     3.7435   2.997046    32.1906    25.5764 0.0000e+00
        762      0.503     3.7434   2.997033    32.1905    25.5763 0.0000e+00
        763      0.698     3.7435   2.996946    32.1892    25.5753 0.0000e+00
        764      0.866     3.7435   2.996886    32.1884    25.5747 0.0000e+00
        765      0.968     3.7435   2.996989    32.1896    25.5756 0.0000e+00
        766      1.079     3.7434   2.997061    32.1905    25.5763 0.0000e+00
        767      1.242     3.7432   2.997035    32.1903    25.5762 0.0000e+00
        768      1.466     3.7431   2.997031    32.1902    25.5762 0.0000e+00
        769      1.756     3.7431   2.997067    32.1905    25.5764 0.0000e+00
        770      2.064     3.7431   2.997102    32.1908    25.5766 0.0000e+00
        771      2.357     3.7431   2.997137    32.1910    25.5768 0.0000e+00
        772      2.652     3.7434   2.997204    32.1914    25.5770 0.0000e+00
        773      2.921     3.7437   2.997270    32.1917    25.5773 0.0000e+00
        774      3.099     3.7441   2.997312    32.1917    25.5773 0.0000e+00
        775      3.184     3.7444   2.997363    32.1920    25.5774 0.0000e+00
        776      3.234     3.7443   2.997397    32.1925    25.5778 0.0000e+00
        777      3.306     3.7440   2.997376    32.1925    25.5779 0.0000e+00
        778      3.432     3.7441   2.997388    32.1925    25.5778 0.0000e+00
        779      3.585     3.7443   2.997451    32.1929    25.5782 0.0000e+00
        780      3.694     3.7445   2.997488    32.1931    25.5783 0.0000e+00
        781      3.754     3.7451   2.997566    32.1934    25.5785 0.0000e+00
        782      3.837     3.7468   2.997811    32.1946    25.5793 0.0000e+00
        783      3.976     3.7489   2.998199    32.1971    25.5810 0.0000e+00
        784      4.173     3.7497   2.998408    32.1987    25.5822 0.0000e+00
        785      4.400     3.7493   2.998250    32.1971    25.5810 0.0000e+00
        786      4.595     3.7491   2.998130    32.1957    25.5800 0.0000e+00
        787      4.768     3.7497   2.998275    32.1968    25.5807 0.0000e+00
        788      4.978     3.7504   2.998437    32.1979    25.5816 0.0000e+00
        789      5.229     3.7503   2.998406    32.1975    25.5813 0.0000e+00
        790      5.502     3.7498   2.998278    32.1963    25.5804 0.0000e+00
        791      5.776     3.7498   2.998289    32.1963    25.5804 0.0000e+00
        792      6.009     3.7508   2.998486    32.1976    25.5812 0.0000e+00
        793      6.198     3.7534   2.999021    32.2012    25.5839 0.0000e+00
        794      6.403     3.7561   2.999739    32.2070    25.5882 0.0000e+00
        795      6.653     3.7566   2.999821    32.2073    25.5885 0.0000e+00
        796      6.929     3.7543   2.999205    32.2022    25.5846 0.0000e+00
        797      7.202     3.7515   2.998653    32.1982    25.5817 0.0000e+00
        798      7.449     3.7497   2.998423    32.1971    25.5810 0.0000e+00
        799      7.673     3.7499   2.998471    32.1974    25.5812 0.0000e+00
        800      7.883     3.7529   2.999138    32.2022    25.5848 0.0000e+00
        801      8.103     3.7578   3.000374    32.2120    25.5920 0.0000e+00
        802      8.361     3.7617   3.001176    32.2175    25.5961 0.0000e+00
        803      8.657     3.7632   3.001344    32.2178    25.5962 0.0000e+00
        804      8.976     3.7625   3.001191    32.2166    25.5953 0.0000e+00
        805      9.323     3.7596   3.000441    32.2103    25.5906 0.0000e+00
        806      9.704     3.7562   2.999559    32.2030    25.5851 0.0000e+00
        807     10.058     3.7557   2.999460    32.2022    25.5845 0.0000e+00
        808     10.296     3.7603   3.000767    32.2130    25.5927 0.0000e+00
        809     10.439     3.7683   3.003045    32.2321    25.6070 0.0000e+00
        810     10.598     3.7752   3.004706    32.2449    25.6166 0.0000e+00
        811     10.834     3.7784   3.005269    32.2482    25.6190 0.0000e+00
        812     11.136     3.7792   3.005381    32.2486    25.6192 0.0000e+00
        813     11.471     3.7790   3.005370    32.2485    25.6191 0.0000e+00
        814     11.817     3.7788   3.005332    32.2481    25.6188 0.0000e+00
        815     12.169     3.7782   3.005272    32.2478    25.6186 0.0000e+00
        816     12.529     3.7769   3.005074    32.2465    25.6178 0.0000e+00
        817     12.892     3.7743   3.004582    32.2431    25.6153 0.0000e+00
        818     13.234     3.7695   3.003334    32.2329    25.6076 0.0000e+00
        819     13.533     3.7649   3.001826    32.2194    25.5973 0.0000e+00
        820     13.800     3.7648   3.001774    32.2187    25.5967 0.0000e+00
