Datasets/Test_Dataset_39219_tow/originals/tel219_2021_025.cnv
* Sea-Bird SBE19plus Data File:
* Filename = C:/AQUIRE/tel219_2021_025.hex
* Software Version AquireV2 AF V2.0
* Temperature SN =  4020
* Conductivity SN =  4020
* System UpLoad Time = May 08 2021 15:04:18
** VESSEL/TRIP/SEQ STN: tel219_2021_025
** LATITUDE: 46 02.66 N
** LONGITUDE: 57 03.44 W
** DATE/TIME: 2021-05-08 12:45
** SOUNDING DEPTH (M): 0265
** PROBE TYPE: S4020
** CTD NUMBER: 025
** FORMAT: t
** COMMENTS: unsuccessful
# nquan = 7                                 
# nvalues = 8286                        
# units = specified
# name 0 = scan: Scan Count
# name 1 = prdM: Pressure, Strain Gauge [db]
# name 2 = tv290C: Temperature [ITS-90, deg C]
# name 3 = c0S/m: Conductivity [S/m]
# name 4 = sal00: Salinity, Practical [PSU]
# name 5 = sigma-t00: Density [sigma-t, kg/m^3 ]
# name 6 = flag: flag
# span 0 =          1,       8286       
# span 1 =     -0.667,    270.618       
# span 2 =     1.1822,     9.2051       
# span 3 =   0.004146,   3.748867       
# span 4 =     0.0311,    35.1432       
# span 5 =     0.0001,    27.3707       
# span 6 = 0.0000e+00, 0.0000e+00       
# interval = seconds: 1
# start_time = May 08 2021 12:45:38 [Instrument's time stamp, header]
# bad_flag = -9.990e-29
*END*
[from data line 7385]
       7386     -0.164     3.9414   0.004206     0.0315     0.0004 0.0000e+00
       7387     -0.167     3.9417   0.004212     0.0316     0.0005 0.0000e+00
       7388     -0.171     3.9420   0.004219     0.0316     0.0005 0.0000e+00
       7389     -0.170     3.9420   0.004220     0.0316     0.0005 0.0000e+00
       7390     -0.167     3.9420   0.004215     0.0316     0.0005 0.0000e+00
       7391     -0.166     3.9421   0.004212     0.0316     0.0005 0.0000e+00
       7392     -0.167     3.9423   0.004212     0.0316     0.0005 0.0000e+00
       7393     -0.168     3.9423   0.004211     0.0316     0.0005 0.0000e+00
       7394     -0.168     3.9421   0.004209     0.0315     0.0005 0.0000e+00
       7395     -0.171     3.9421   0.004210     0.0316     0.0005 0.0000e+00
       7396     -0.173     3.9421   0.004209     0.0315     0.0005 0.0000e+00
       7397     -0.171     3.9421   0.004210     0.0316     0.0005 0.0000e+00
       7398     -0.168     3.9421   0.004211     0.0316     0.0005 0.0000e+00
       7399     -0.168     3.9421   0.004211     0.0316     0.0005 0.0000e+00
       7400     -0.171     3.9423   0.004212     0.0316     0.0005 0.0000e+00
       7401     -0.173     3.9424   0.004213     0.0316     0.0005 0.0000e+00
       7402     -0.174     3.9425   0.004211     0.0316     0.0005 0.0000e+00
       7403     -0.174     3.9425   0.004210     0.0316     0.0005 0.0000e+00
       7404     -0.172     3.9425   0.004210     0.0316     0.0005 0.0000e+00
       7405     -0.169     3.9427   0.004209     0.0315     0.0005 0.0000e+00
       7406     -0.167     3.9428   0.004208     0.0315     0.0005 0.0000e+00
       7407     -0.168     3.9429   0.004209     0.0315     0.0005 0.0000e+00
       7408     -0.169     3.9429   0.004209     0.0315     0.0005 0.0000e+00
       7409     -0.169     3.9429   0.004209     0.0315     0.0005 0.0000e+00
       7410     -0.170     3.9431   0.004211     0.0316     0.0005 0.0000e+00
       7411     -0.171     3.9432   0.004215     0.0316     0.0005 0.0000e+00
       7412     -0.170     3.9433   0.004221     0.0316     0.0005 0.0000e+00
       7413     -0.169     3.9435   0.004224     0.0317     0.0006 0.0000e+00
       7414     -0.169     3.9436   0.004222     0.0316     0.0005 0.0000e+00
       7415     -0.169     3.9438   0.004215     0.0316     0.0005 0.0000e+00
       7416     -0.169     3.9440   0.004209     0.0315     0.0005 0.0000e+00
       7417     -0.169     3.9442   0.004210     0.0316     0.0005 0.0000e+00
       7418     -0.170     3.9444   0.004214     0.0316     0.0005 0.0000e+00
       7419     -0.170     3.9444   0.004218     0.0316     0.0005 0.0000e+00
       7420     -0.169     3.9444   0.004219     0.0316     0.0005 0.0000e+00
       7421     -0.169     3.9446   0.004218     0.0316     0.0005 0.0000e+00
       7422     -0.171     3.9448   0.004217     0.0316     0.0005 0.0000e+00
       7423     -0.176     3.9448   0.004215     0.0316     0.0005 0.0000e+00
       7424     -0.179     3.9450   0.004216     0.0316     0.0005 0.0000e+00
       7425     -0.176     3.9451   0.004219     0.0316     0.0005 0.0000e+00
       7426     -0.171     3.9451   0.004219     0.0316     0.0005 0.0000e+00
       7427     -0.169     3.9453   0.004215     0.0316     0.0005 0.0000e+00
       7428     -0.171     3.9455   0.004213     0.0316     0.0005 0.0000e+00
       7429     -0.173     3.9455   0.004213     0.0316     0.0005 0.0000e+00
       7430     -0.174     3.9455   0.004217     0.0316     0.0005 0.0000e+00
       7431     -0.172     3.9457   0.004219     0.0316     0.0005 0.0000e+00
       7432     -0.171     3.9459   0.004217     0.0316     0.0005 0.0000e+00
       7433     -0.173     3.9460   0.004211     0.0316     0.0005 0.0000e+00
       7434     -0.175     3.9462   0.004208     0.0315     0.0005 0.0000e+00
       7435     -0.173     3.9463   0.004208     0.0315     0.0005 0.0000e+00
       7436     -0.170     3.9463   0.004205     0.0315     0.0004 0.0000e+00
       7437     -0.170     3.9463   0.004202     0.0315     0.0004 0.0000e+00
       7438     -0.172     3.9465   0.004201     0.0315     0.0004 0.0000e+00
       7439     -0.171     3.9466   0.004207     0.0315     0.0004 0.0000e+00
       7440     -0.167     3.9467   0.004213     0.0316     0.0005 0.0000e+00
       7441     -0.163     3.9469   0.004215     0.0316     0.0005 0.0000e+00
       7442     -0.164     3.9470   0.004217     0.0316     0.0005 0.0000e+00
       7443     -0.165     3.9472   0.004218     0.0316     0.0005 0.0000e+00
       7444     -0.163     3.9474   0.004218     0.0316     0.0005 0.0000e+00
       7445     -0.161     3.9476   0.004213     0.0316     0.0005 0.0000e+00
       7446     -0.162     3.9478   0.004208     0.0315     0.0005 0.0000e+00
       7447     -0.165     3.9478   0.004206     0.0315     0.0004 0.0000e+00
       7448     -0.168     3.9479   0.004208     0.0315     0.0005 0.0000e+00
       7449     -0.172     3.9481   0.004208     0.0315     0.0005 0.0000e+00
       7450     -0.171     3.9482   0.004208     0.0315     0.0005 0.0000e+00
       7451     -0.167     3.9484   0.004209     0.0315     0.0005 0.0000e+00
       7452     -0.165     3.9486   0.004211     0.0316     0.0005 0.0000e+00
       7453     -0.164     3.9488   0.004212     0.0316     0.0005 0.0000e+00
       7454     -0.164     3.9490   0.004212     0.0316     0.0005 0.0000e+00
       7455     -0.166     3.9491   0.004208     0.0315     0.0005 0.0000e+00
       7456     -0.165     3.9493   0.004207     0.0315     0.0004 0.0000e+00
       7457     -0.163     3.9493   0.004206     0.0315     0.0004 0.0000e+00
       7458     -0.164     3.9494   0.004207     0.0315     0.0004 0.0000e+00
       7459     -0.168     3.9495   0.004208     0.0315     0.0005 0.0000e+00
       7460     -0.171     3.9497   0.004210     0.0316     0.0005 0.0000e+00
       7461     -0.172     3.9499   0.004211     0.0316     0.0005 0.0000e+00
       7462     -0.171     3.9501   0.004208     0.0315     0.0005 0.0000e+00
       7463     -0.170     3.9503   0.004207     0.0315     0.0004 0.0000e+00
       7464     -0.171     3.9505   0.004207     0.0315     0.0004 0.0000e+00
       7465     -0.173     3.9507   0.004208     0.0315     0.0005 0.0000e+00
       7466     -0.174     3.9509   0.004209     0.0315     0.0005 0.0000e+00
       7467     -0.175     3.9510   0.004214     0.0316     0.0005 0.0000e+00
       7468     -0.175     3.9512   0.004216     0.0316     0.0005 0.0000e+00
       7469     -0.173     3.9512   0.004212     0.0316     0.0005 0.0000e+00
       7470     -0.169     3.9513   0.004208     0.0315     0.0005 0.0000e+00
       7471     -0.167     3.9515   0.004206     0.0315     0.0004 0.0000e+00
       7472     -0.167     3.9516   0.004206     0.0315     0.0004 0.0000e+00
       7473     -0.168     3.9517   0.004208     0.0315     0.0005 0.0000e+00
       7474     -0.168     3.9519   0.004213     0.0316     0.0005 0.0000e+00
       7475     -0.166     3.9520   0.004217     0.0316     0.0005 0.0000e+00
       7476     -0.166     3.9522   0.004217     0.0316     0.0005 0.0000e+00
       7477     -0.170     3.9524   0.004213     0.0316     0.0005 0.0000e+00
       7478     -0.172     3.9527   0.004207     0.0315     0.0004 0.0000e+00
       7479     -0.171     3.9528   0.004202     0.0315     0.0004 0.0000e+00
       7480     -0.170     3.9528   0.004201     0.0315     0.0004 0.0000e+00
       7481     -0.168     3.9529   0.004205     0.0315     0.0004 0.0000e+00
       7482     -0.166     3.9531   0.004207     0.0315     0.0004 0.0000e+00
       7483     -0.166     3.9532   0.004208     0.0315     0.0005 0.0000e+00
       7484     -0.166     3.9534   0.004208     0.0315     0.0005 0.0000e+00
       7485     -0.164     3.9535   0.004208     0.0315     0.0005 0.0000e+00
       7486     -0.162     3.9536   0.004208     0.0315     0.0005 0.0000e+00
       7487     -0.164     3.9538   0.004209     0.0315     0.0005 0.0000e+00
       7488     -0.168     3.9540   0.004212     0.0316     0.0005 0.0000e+00
       7489     -0.170     3.9542   0.004218     0.0316     0.0005 0.0000e+00
       7490     -0.170     3.9543   0.004220     0.0316     0.0005 0.0000e+00
       7491     -0.170     3.9543   0.004219     0.0316     0.0005 0.0000e+00
       7492     -0.171     3.9545   0.004219     0.0316     0.0005 0.0000e+00
       7493     -0.173     3.9547   0.004220     0.0316     0.0005 0.0000e+00
       7494     -0.174     3.9549   0.004222     0.0316     0.0005 0.0000e+00
       7495     -0.171     3.9551   0.004224     0.0317     0.0006 0.0000e+00
       7496     -0.167     3.9553   0.004224     0.0317     0.0006 0.0000e+00
       7497     -0.167     3.9555   0.004220     0.0316     0.0005 0.0000e+00
       7498     -0.168     3.9557   0.004213     0.0316     0.0005 0.0000e+00
       7499     -0.167     3.9558   0.004208     0.0315     0.0005 0.0000e+00
       7500     -0.167     3.9559   0.004207     0.0315     0.0004 0.0000e+00
       7501     -0.166     3.9561   0.004209     0.0315     0.0005 0.0000e+00
       7502     -0.166     3.9562   0.004212     0.0316     0.0005 0.0000e+00
       7503     -0.168     3.9564   0.004215     0.0316     0.0005 0.0000e+00
       7504     -0.169     3.9566   0.004215     0.0316     0.0005 0.0000e+00
       7505     -0.166     3.9566   0.004211     0.0316     0.0005 0.0000e+00
       7506     -0.165     3.9568   0.004209     0.0315     0.0005 0.0000e+00
       7507     -0.168     3.9570   0.004209     0.0315     0.0005 0.0000e+00
       7508     -0.169     3.9570   0.004210     0.0315     0.0005 0.0000e+00
       7509     -0.167     3.9572   0.004214     0.0316     0.0005 0.0000e+00
       7510     -0.168     3.9573   0.004219     0.0316     0.0005 0.0000e+00
       7511     -0.172     3.9575   0.004220     0.0316     0.0005 0.0000e+00
       7512     -0.174     3.9577   0.004219     0.0316     0.0005 0.0000e+00
       7513     -0.174     3.9579   0.004217     0.0316     0.0005 0.0000e+00
       7514     -0.173     3.9581   0.004214     0.0316     0.0005 0.0000e+00
       7515     -0.171     3.9582   0.004214     0.0316     0.0005 0.0000e+00
       7516     -0.171     3.9584   0.004214     0.0316     0.0005 0.0000e+00
       7517     -0.169     3.9585   0.004211     0.0316     0.0005 0.0000e+00
       7518     -0.166     3.9585   0.004210     0.0315     0.0005 0.0000e+00
       7519     -0.166     3.9587   0.004209     0.0315     0.0005 0.0000e+00
       7520     -0.169     3.9589   0.004211     0.0316     0.0005 0.0000e+00
       7521     -0.171     3.9591   0.004216     0.0316     0.0005 0.0000e+00
       7522     -0.172     3.9592   0.004218     0.0316     0.0005 0.0000e+00
       7523     -0.171     3.9594   0.004217     0.0316     0.0005 0.0000e+00
       7524     -0.168     3.9596   0.004217     0.0316     0.0005 0.0000e+00
       7525     -0.165     3.9598   0.004218     0.0316     0.0005 0.0000e+00
       7526     -0.165     3.9600   0.004215     0.0316     0.0005 0.0000e+00
       7527     -0.167     3.9603   0.004213     0.0316     0.0005 0.0000e+00
       7528     -0.169     3.9605   0.004213     0.0316     0.0005 0.0000e+00
       7529     -0.170     3.9607   0.004212     0.0316     0.0005 0.0000e+00
       7530     -0.172     3.9608   0.004209     0.0315     0.0005 0.0000e+00
       7531     -0.174     3.9608   0.004207     0.0315     0.0004 0.0000e+00
       7532     -0.172     3.9608   0.004206     0.0315     0.0004 0.0000e+00
       7533     -0.169     3.9610   0.004213     0.0316     0.0005 0.0000e+00
       7534     -0.170     3.9611   0.004220     0.0316     0.0005 0.0000e+00
       7535     -0.172     3.9611   0.004224     0.0317     0.0005 0.0000e+00
       7536     -0.173     3.9611   0.004224     0.0317     0.0005 0.0000e+00
       7537     -0.173     3.9611   0.004224     0.0317     0.0005 0.0000e+00
       7538     -0.172     3.9613   0.004221     0.0316     0.0005 0.0000e+00
       7539     -0.172     3.9615   0.004219     0.0316     0.0005 0.0000e+00
       7540     -0.171     3.9617   0.004220     0.0316     0.0005 0.0000e+00
       7541     -0.169     3.9619   0.004218     0.0316     0.0005 0.0000e+00
       7542     -0.170     3.9619   0.004212     0.0316     0.0005 0.0000e+00
       7543     -0.170     3.9621   0.004207     0.0315     0.0004 0.0000e+00
       7544     -0.169     3.9623   0.004206     0.0315     0.0004 0.0000e+00
       7545     -0.170     3.9623   0.004208     0.0315     0.0005 0.0000e+00
       7546     -0.170     3.9625   0.004210     0.0315     0.0005 0.0000e+00
       7547     -0.169     3.9627   0.004206     0.0315     0.0004 0.0000e+00
       7548     -0.170     3.9628   0.004201     0.0315     0.0004 0.0000e+00
       7549     -0.172     3.9630   0.004198     0.0315     0.0004 0.0000e+00
       7550     -0.173     3.9631   0.004197     0.0314     0.0004 0.0000e+00
       7551     -0.173     3.9631   0.004197     0.0314     0.0004 0.0000e+00
       7552     -0.172     3.9633   0.004197     0.0314     0.0004 0.0000e+00
       7553     -0.169     3.9634   0.004200     0.0315     0.0004 0.0000e+00
       7554     -0.166     3.9636   0.004204     0.0315     0.0004 0.0000e+00
       7555     -0.164     3.9638   0.004205     0.0315     0.0004 0.0000e+00
       7556     -0.166     3.9640   0.004201     0.0315     0.0004 0.0000e+00
       7557     -0.169     3.9642   0.004200     0.0315     0.0004 0.0000e+00
       7558     -0.172     3.9642   0.004203     0.0315     0.0004 0.0000e+00
       7559     -0.173     3.9643   0.004206     0.0315     0.0004 0.0000e+00
       7560     -0.173     3.9645   0.004210     0.0315     0.0005 0.0000e+00
       7561     -0.172     3.9649   0.004214     0.0316     0.0005 0.0000e+00
       7562     -0.170     3.9652   0.004216     0.0316     0.0005 0.0000e+00
       7563     -0.169     3.9653   0.004214     0.0316     0.0005 0.0000e+00
       7564     -0.170     3.9655   0.004212     0.0316     0.0005 0.0000e+00
       7565     -0.172     3.9657   0.004209     0.0315     0.0005 0.0000e+00
       7566     -0.172     3.9659   0.004207     0.0315     0.0004 0.0000e+00
       7567     -0.172     3.9661   0.004204     0.0315     0.0004 0.0000e+00
       7568     -0.171     3.9661   0.004204     0.0315     0.0004 0.0000e+00
       7569     -0.169     3.9661   0.004204     0.0315     0.0004 0.0000e+00
       7570     -0.166     3.9663   0.004201     0.0315     0.0004 0.0000e+00
       7571     -0.164     3.9665   0.004199     0.0315     0.0004 0.0000e+00
       7572     -0.166     3.9665   0.004197     0.0314     0.0004 0.0000e+00
       7573     -0.170     3.9667   0.004199     0.0315     0.0004 0.0000e+00
       7574     -0.172     3.9669   0.004203     0.0315     0.0004 0.0000e+00
       7575     -0.173     3.9669   0.004208     0.0315     0.0004 0.0000e+00
       7576     -0.170     3.9670   0.004213     0.0316     0.0005 0.0000e+00
       7577     -0.165     3.9672   0.004213     0.0316     0.0005 0.0000e+00
       7578     -0.162     3.9672   0.004211     0.0316     0.0005 0.0000e+00
       7579     -0.162     3.9673   0.004208     0.0315     0.0004 0.0000e+00
       7580     -0.166     3.9675   0.004210     0.0315     0.0005 0.0000e+00
       7581     -0.173     3.9676   0.004213     0.0316     0.0005 0.0000e+00
       7582     -0.176     3.9678   0.004216     0.0316     0.0005 0.0000e+00
       7583     -0.174     3.9680   0.004221     0.0316     0.0005 0.0000e+00
       7584     -0.172     3.9682   0.004225     0.0317     0.0006 0.0000e+00
       7585     -0.173     3.9684   0.004227     0.0317     0.0006 0.0000e+00
       7586     -0.175     3.9684   0.004224     0.0317     0.0005 0.0000e+00
       7587     -0.176     3.9686   0.004218     0.0316     0.0005 0.0000e+00
       7588     -0.176     3.9688   0.004215     0.0316     0.0005 0.0000e+00
       7589     -0.176     3.9690   0.004217     0.0316     0.0005 0.0000e+00
