Datasets/Test_Dataset_39219_tow/originals/tel219_2021_075.cnv
* Sea-Bird SBE19plus Data File:
* Filename = C:/AQUIRE/tel219_2021_075.hex
* Software Version AquireV2 AF V2.0
* Temperature SN =  4020
* Conductivity SN =  4020
* System UpLoad Time = May 15 2021 22:38:01
** VESSEL/TRIP/SEQ STN: tel219_2021_075
** LATITUDE: 45 12.52 N
** LONGITUDE: 55 50.90 W
** DATE/TIME: 2021-05-15 21:56
** SOUNDING DEPTH (M): 0081
** PROBE TYPE: S4020
** CTD NUMBER: 075
** FORMAT: t
** COMMENTS: 
# nquan = 7                                 
# nvalues = 2509                        
# units = specified
# name 0 = scan: Scan Count
# name 1 = prdM: Pressure, Strain Gauge [db]
# name 2 = tv290C: Temperature [ITS-90, deg C]
# name 3 = c0S/m: Conductivity [S/m]
# name 4 = sal00: Salinity, Practical [PSU]
# name 5 = sigma-t00: Density [sigma-t, kg/m^3 ]
# name 6 = flag: flag
# span 0 =          1,       2509       
# span 1 =     -0.009,     76.965       
# span 2 =     0.8799,     5.1927       
# span 3 =   0.004834,   3.068519       
# span 4 =     0.0356,    32.3024       
# span 5 =    -0.0079,    25.8835       
# span 6 = 0.0000e+00, 0.0000e+00       
# interval = seconds: 1
# start_time = May 15 2021 21:56:19 [Instrument's time stamp, header]
# bad_flag = -9.990e-29
*END*
[from data line 1642]
       1643     76.596     0.9822   2.780898    32.2816    25.8609 0.0000e+00
       1644     76.620     0.9754   2.780433    32.2827    25.8621 0.0000e+00
       1645     76.646     0.9720   2.780273    32.2841    25.8635 0.0000e+00
       1646     76.659     0.9707   2.780218    32.2848    25.8641 0.0000e+00
       1647     76.657     0.9704   2.780206    32.2849    25.8642 0.0000e+00
       1648     76.653     0.9708   2.780255    32.2851    25.8644 0.0000e+00
       1649     76.657     0.9697   2.780170    32.2852    25.8645 0.0000e+00
       1650     76.662     0.9667   2.779932    32.2852    25.8647 0.0000e+00
       1651     76.660     0.9637   2.779762    32.2862    25.8657 0.0000e+00
       1652     76.655     0.9614   2.779647    32.2871    25.8665 0.0000e+00
       1653     76.651     0.9595   2.779499    32.2872    25.8667 0.0000e+00
       1654     76.653     0.9585   2.779439    32.2875    25.8670 0.0000e+00
       1655     76.665     0.9570   2.779363    32.2880    25.8675 0.0000e+00
       1656     76.681     0.9539   2.779119    32.2881    25.8678 0.0000e+00
       1657     76.690     0.9507   2.778910    32.2888    25.8685 0.0000e+00
       1658     76.689     0.9484   2.778791    32.2896    25.8693 0.0000e+00
       1659     76.682     0.9470   2.778698    32.2899    25.8696 0.0000e+00
       1660     76.673     0.9457   2.778650    32.2906    25.8703 0.0000e+00
       1661     76.662     0.9423   2.778412    32.2911    25.8709 0.0000e+00
       1662     76.652     0.9379   2.778070    32.2913    25.8713 0.0000e+00
       1663     76.645     0.9360   2.777985    32.2922    25.8721 0.0000e+00
       1664     76.642     0.9354   2.777996    32.2930    25.8728 0.0000e+00
       1665     76.643     0.9338   2.777875    32.2931    25.8729 0.0000e+00
       1666     76.652     0.9317   2.777719    32.2932    25.8732 0.0000e+00
       1667     76.668     0.9301   2.777605    32.2934    25.8735 0.0000e+00
       1668     76.680     0.9291   2.777559    32.2939    25.8739 0.0000e+00
       1669     76.683     0.9289   2.777551    32.2940    25.8740 0.0000e+00
       1670     76.678     0.9291   2.777557    32.2939    25.8738 0.0000e+00
       1671     76.674     0.9295   2.777575    32.2937    25.8737 0.0000e+00
       1672     76.675     0.9306   2.777630    32.2932    25.8733 0.0000e+00
       1673     76.678     0.9318   2.777727    32.2932    25.8732 0.0000e+00
       1674     76.674     0.9315   2.777698    32.2932    25.8732 0.0000e+00
       1675     76.662     0.9297   2.777556    32.2932    25.8733 0.0000e+00
       1676     76.649     0.9282   2.777455    32.2935    25.8736 0.0000e+00
       1677     76.641     0.9275   2.777427    32.2939    25.8740 0.0000e+00
       1678     76.638     0.9271   2.777419    32.2942    25.8742 0.0000e+00
       1679     76.638     0.9256   2.777312    32.2944    25.8745 0.0000e+00
       1680     76.639     0.9240   2.777183    32.2944    25.8746 0.0000e+00
       1681     76.637     0.9234   2.777155    32.2947    25.8748 0.0000e+00
       1682     76.639     0.9230   2.777138    32.2948    25.8750 0.0000e+00
       1683     76.642     0.9227   2.777105    32.2947    25.8749 0.0000e+00
       1684     76.641     0.9231   2.777140    32.2948    25.8749 0.0000e+00
       1685     76.636     0.9235   2.777173    32.2948    25.8749 0.0000e+00
       1686     76.633     0.9229   2.777120    32.2947    25.8749 0.0000e+00
       1687     76.631     0.9219   2.777052    32.2949    25.8751 0.0000e+00
       1688     76.628     0.9214   2.777032    32.2952    25.8753 0.0000e+00
       1689     76.625     0.9214   2.777031    32.2951    25.8753 0.0000e+00
       1690     76.621     0.9214   2.777025    32.2951    25.8753 0.0000e+00
       1691     76.615     0.9209   2.776988    32.2951    25.8753 0.0000e+00
       1692     76.612     0.9201   2.776929    32.2952    25.8754 0.0000e+00
       1693     76.612     0.9194   2.776877    32.2953    25.8755 0.0000e+00
       1694     76.612     0.9188   2.776848    32.2955    25.8758 0.0000e+00
       1695     76.609     0.9186   2.776836    32.2956    25.8758 0.0000e+00
       1696     76.601     0.9193   2.776873    32.2953    25.8756 0.0000e+00
       1697     76.594     0.9208   2.776985    32.2952    25.8754 0.0000e+00
       1698     76.590     0.9224   2.777090    32.2949    25.8751 0.0000e+00
       1699     76.593     0.9231   2.777116    32.2945    25.8747 0.0000e+00
       1700     76.601     0.9226   2.777076    32.2945    25.8747 0.0000e+00
       1701     76.606     0.9217   2.777005    32.2945    25.8748 0.0000e+00
       1702     76.606     0.9209   2.776956    32.2947    25.8750 0.0000e+00
       1703     76.607     0.9207   2.776961    32.2950    25.8752 0.0000e+00
       1704     76.614     0.9206   2.776957    32.2950    25.8753 0.0000e+00
       1705     76.625     0.9199   2.776896    32.2950    25.8753 0.0000e+00
       1706     76.634     0.9192   2.776840    32.2950    25.8753 0.0000e+00
       1707     76.637     0.9192   2.776852    32.2951    25.8754 0.0000e+00
       1708     76.629     0.9195   2.776888    32.2953    25.8756 0.0000e+00
       1709     76.611     0.9195   2.776881    32.2952    25.8755 0.0000e+00
       1710     76.592     0.9193   2.776851    32.2950    25.8754 0.0000e+00
       1711     76.584     0.9191   2.776830    32.2950    25.8753 0.0000e+00
       1712     76.589     0.9192   2.776839    32.2950    25.8753 0.0000e+00
       1713     76.602     0.9197   2.776878    32.2950    25.8753 0.0000e+00
       1714     76.609     0.9200   2.776892    32.2948    25.8752 0.0000e+00
       1715     76.599     0.9194   2.776843    32.2948    25.8752 0.0000e+00
       1716     76.580     0.9183   2.776766    32.2950    25.8754 0.0000e+00
       1717     76.566     0.9176   2.776720    32.2951    25.8755 0.0000e+00
       1718     76.566     0.9175   2.776720    32.2952    25.8756 0.0000e+00
       1719     76.579     0.9181   2.776762    32.2952    25.8755 0.0000e+00
       1720     76.588     0.9188   2.776818    32.2951    25.8755 0.0000e+00
       1721     76.582     0.9192   2.776839    32.2950    25.8753 0.0000e+00
       1722     76.570     0.9191   2.776819    32.2949    25.8752 0.0000e+00
       1723     76.568     0.9188   2.776805    32.2950    25.8753 0.0000e+00
       1724     76.580     0.9188   2.776813    32.2951    25.8754 0.0000e+00
       1725     76.596     0.9187   2.776809    32.2951    25.8755 0.0000e+00
       1726     76.606     0.9184   2.776793    32.2952    25.8756 0.0000e+00
       1727     76.600     0.9181   2.776768    32.2952    25.8756 0.0000e+00
       1728     76.582     0.9176   2.776744    32.2954    25.8758 0.0000e+00
       1729     76.566     0.9175   2.776733    32.2954    25.8758 0.0000e+00
       1730     76.566     0.9174   2.776723    32.2954    25.8758 0.0000e+00
       1731     76.580     0.9174   2.776715    32.2953    25.8757 0.0000e+00
       1732     76.592     0.9173   2.776708    32.2953    25.8757 0.0000e+00
       1733     76.588     0.9173   2.776707    32.2953    25.8757 0.0000e+00
       1734     76.576     0.9173   2.776713    32.2954    25.8757 0.0000e+00
       1735     76.573     0.9173   2.776710    32.2953    25.8757 0.0000e+00
       1736     76.585     0.9171   2.776698    32.2954    25.8758 0.0000e+00
       1737     76.597     0.9168   2.776682    32.2955    25.8759 0.0000e+00
       1738     76.599     0.9165   2.776663    32.2955    25.8759 0.0000e+00
       1739     76.594     0.9163   2.776650    32.2956    25.8760 0.0000e+00
       1740     76.591     0.9160   2.776633    32.2957    25.8761 0.0000e+00
       1741     76.594     0.9157   2.776616    32.2958    25.8762 0.0000e+00
       1742     76.598     0.9156   2.776608    32.2958    25.8762 0.0000e+00
       1743     76.599     0.9156   2.776608    32.2958    25.8762 0.0000e+00
       1744     76.596     0.9155   2.776601    32.2958    25.8762 0.0000e+00
       1745     76.595     0.9155   2.776596    32.2957    25.8761 0.0000e+00
       1746     76.598     0.9155   2.776602    32.2958    25.8762 0.0000e+00
       1747     76.603     0.9154   2.776605    32.2959    25.8763 0.0000e+00
       1748     76.605     0.9154   2.776597    32.2958    25.8762 0.0000e+00
       1749     76.602     0.9154   2.776585    32.2957    25.8761 0.0000e+00
       1750     76.598     0.9152   2.776573    32.2957    25.8762 0.0000e+00
       1751     76.601     0.9151   2.776567    32.2958    25.8762 0.0000e+00
       1752     76.605     0.9151   2.776570    32.2958    25.8762 0.0000e+00
       1753     76.601     0.9152   2.776583    32.2959    25.8763 0.0000e+00
       1754     76.589     0.9152   2.776579    32.2958    25.8762 0.0000e+00
       1755     76.569     0.9148   2.776543    32.2958    25.8762 0.0000e+00
       1756     76.555     0.9145   2.776512    32.2957    25.8762 0.0000e+00
       1757     76.558     0.9144   2.776507    32.2957    25.8762 0.0000e+00
       1758     76.565     0.9144   2.776511    32.2958    25.8763 0.0000e+00
       1759     76.566     0.9144   2.776507    32.2957    25.8762 0.0000e+00
       1760     76.559     0.9142   2.776499    32.2958    25.8763 0.0000e+00
       1761     76.546     0.9139   2.776480    32.2959    25.8764 0.0000e+00
       1762     76.536     0.9132   2.776433    32.2961    25.8765 0.0000e+00
       1763     76.534     0.9125   2.776383    32.2961    25.8766 0.0000e+00
       1764     76.540     0.9118   2.776339    32.2963    25.8768 0.0000e+00
       1765     76.545     0.9109   2.776288    32.2966    25.8771 0.0000e+00
       1766     76.542     0.9103   2.776264    32.2969    25.8774 0.0000e+00
       1767     76.538     0.9099   2.776243    32.2970    25.8775 0.0000e+00
       1768     76.538     0.9092   2.776193    32.2971    25.8776 0.0000e+00
       1769     76.537     0.9084   2.776136    32.2972    25.8778 0.0000e+00
       1770     76.528     0.9073   2.776069    32.2975    25.8781 0.0000e+00
       1771     76.515     0.9062   2.775991    32.2977    25.8782 0.0000e+00
       1772     76.506     0.9055   2.775945    32.2978    25.8784 0.0000e+00
       1773     76.502     0.9054   2.775946    32.2979    25.8785 0.0000e+00
       1774     76.498     0.9055   2.775962    32.2980    25.8786 0.0000e+00
       1775     76.492     0.9054   2.775951    32.2980    25.8786 0.0000e+00
       1776     76.491     0.9052   2.775927    32.2979    25.8785 0.0000e+00
       1777     76.497     0.9048   2.775912    32.2981    25.8787 0.0000e+00
       1778     76.505     0.9044   2.775880    32.2981    25.8787 0.0000e+00
       1779     76.513     0.9038   2.775833    32.2981    25.8788 0.0000e+00
       1780     76.512     0.9031   2.775796    32.2984    25.8790 0.0000e+00
       1781     76.501     0.9023   2.775735    32.2985    25.8791 0.0000e+00
       1782     76.490     0.9013   2.775658    32.2985    25.8792 0.0000e+00
       1783     76.486     0.9004   2.775613    32.2989    25.8795 0.0000e+00
       1784     76.488     0.9000   2.775593    32.2990    25.8797 0.0000e+00
       1785     76.493     0.9000   2.775592    32.2990    25.8797 0.0000e+00
       1786     76.500     0.9000   2.775594    32.2990    25.8797 0.0000e+00
       1787     76.508     0.8999   2.775583    32.2990    25.8797 0.0000e+00
       1788     76.511     0.8998   2.775578    32.2990    25.8797 0.0000e+00
       1789     76.508     0.8999   2.775598    32.2992    25.8798 0.0000e+00
       1790     76.506     0.9000   2.775604    32.2992    25.8798 0.0000e+00
       1791     76.511     0.8997   2.775566    32.2990    25.8797 0.0000e+00
       1792     76.520     0.8994   2.775544    32.2990    25.8797 0.0000e+00
       1793     76.525     0.8999   2.775583    32.2990    25.8797 0.0000e+00
       1794     76.524     0.9005   2.775635    32.2990    25.8797 0.0000e+00
       1795     76.520     0.9014   2.775684    32.2987    25.8794 0.0000e+00
       1796     76.516     0.9020   2.775725    32.2986    25.8792 0.0000e+00
       1797     76.515     0.9019   2.775710    32.2985    25.8792 0.0000e+00
       1798     76.513     0.9013   2.775645    32.2983    25.8790 0.0000e+00
       1799     76.508     0.9009   2.775623    32.2985    25.8792 0.0000e+00
       1800     76.503     0.9010   2.775631    32.2985    25.8792 0.0000e+00
       1801     76.503     0.9011   2.775633    32.2984    25.8791 0.0000e+00
       1802     76.508     0.9006   2.775624    32.2988    25.8795 0.0000e+00
       1803     76.512     0.8997   2.775555    32.2988    25.8796 0.0000e+00
       1804     76.514     0.8985   2.775468    32.2990    25.8797 0.0000e+00
       1805     76.516     0.8977   2.775430    32.2993    25.8800 0.0000e+00
       1806     76.516     0.8973   2.775412    32.2995    25.8802 0.0000e+00
       1807     76.516     0.8972   2.775398    32.2994    25.8802 0.0000e+00
       1808     76.519     0.8972   2.775410    32.2996    25.8803 0.0000e+00
       1809     76.520     0.8971   2.775414    32.2997    25.8804 0.0000e+00
       1810     76.514     0.8965   2.775376    32.2999    25.8806 0.0000e+00
       1811     76.500     0.8960   2.775330    32.2998    25.8805 0.0000e+00
       1812     76.485     0.8956   2.775302    32.2999    25.8806 0.0000e+00
       1813     76.480     0.8954   2.775295    32.3000    25.8807 0.0000e+00
       1814     76.485     0.8956   2.775278    32.2996    25.8804 0.0000e+00
       1815     76.492     0.8958   2.775263    32.2992    25.8800 0.0000e+00
       1816     76.498     0.8960   2.775297    32.2994    25.8802 0.0000e+00
       1817     76.501     0.8962   2.775328    32.2996    25.8803 0.0000e+00
       1818     76.502     0.8962   2.775325    32.2995    25.8803 0.0000e+00
       1819     76.500     0.8960   2.775313    32.2996    25.8804 0.0000e+00
       1820     76.496     0.8957   2.775293    32.2996    25.8804 0.0000e+00
       1821     76.489     0.8953   2.775273    32.2998    25.8806 0.0000e+00
       1822     76.484     0.8952   2.775266    32.2998    25.8806 0.0000e+00
       1823     76.488     0.8952   2.775280    32.3000    25.8807 0.0000e+00
       1824     76.498     0.8952   2.775280    32.3000    25.8807 0.0000e+00
       1825     76.505     0.8949   2.775249    32.2999    25.8807 0.0000e+00
       1826     76.502     0.8942   2.775202    32.3000    25.8808 0.0000e+00
       1827     76.490     0.8935   2.775155    32.3002    25.8810 0.0000e+00
       1828     76.476     0.8934   2.775145    32.3001    25.8810 0.0000e+00
       1829     76.473     0.8934   2.775140    32.3001    25.8809 0.0000e+00
       1830     76.483     0.8927   2.775093    32.3002    25.8811 0.0000e+00
       1831     76.494     0.8922   2.775064    32.3003    25.8812 0.0000e+00
       1832     76.495     0.8922   2.775074    32.3005    25.8813 0.0000e+00
       1833     76.491     0.8923   2.775076    32.3004    25.8812 0.0000e+00
       1834     76.490     0.8922   2.775057    32.3003    25.8811 0.0000e+00
       1835     76.494     0.8920   2.775041    32.3003    25.8811 0.0000e+00
       1836     76.502     0.8917   2.775019    32.3003    25.8812 0.0000e+00
       1837     76.509     0.8911   2.774979    32.3004    25.8813 0.0000e+00
       1838     76.513     0.8905   2.774944    32.3006    25.8815 0.0000e+00
       1839     76.511     0.8902   2.774932    32.3007    25.8816 0.0000e+00
       1840     76.504     0.8901   2.774928    32.3008    25.8817 0.0000e+00
       1841     76.502     0.8900   2.774915    32.3007    25.8816 0.0000e+00
       1842     76.508     0.8899   2.774905    32.3007    25.8816 0.0000e+00
       1843     76.515     0.8898   2.774908    32.3008    25.8817 0.0000e+00
       1844     76.512     0.8898   2.774907    32.3008    25.8817 0.0000e+00
       1845     76.506     0.8896   2.774884    32.3007    25.8817 0.0000e+00
       1846     76.510     0.8893   2.774851    32.3006    25.8816 0.0000e+00
