Datasets/Test_Dataset_39219_tow/originals/tel219_2021_073.cnv
* Sea-Bird SBE19plus Data File:
* Filename = C:/AQUIRE/tel219_2021_073.hex
* Software Version AquireV2 AF V2.0
* Temperature SN =  4020
* Conductivity SN =  4020
* System UpLoad Time = May 15 2021 17:54:08
** VESSEL/TRIP/SEQ STN: tel219_2021_073
** LATITUDE: 45 30.81 N
** LONGITUDE: 55 24.89 W
** DATE/TIME: 2021-05-15 17:15
** SOUNDING DEPTH (M): 0117
** PROBE TYPE: S4020
** CTD NUMBER:  73
** FORMAT: T
** COMMENTS: 
# nquan = 7                                 
# nvalues = 2318                        
# units = specified
# name 0 = scan: Scan Count
# name 1 = prdM: Pressure, Strain Gauge [db]
# name 2 = tv290C: Temperature [ITS-90, deg C]
# name 3 = c0S/m: Conductivity [S/m]
# name 4 = sal00: Salinity, Practical [PSU]
# name 5 = sigma-t00: Density [sigma-t, kg/m^3 ]
# name 6 = flag: flag
# span 0 =          1,       2318       
# span 1 =     -0.139,    113.350       
# span 2 =     0.2717,     7.0682       
# span 3 =   0.007659,   3.104588       
# span 4 =     0.0546,    32.4979       
# span 5 =    -0.0548,    26.0735       
# span 6 = 0.0000e+00, 0.0000e+00       
# interval = seconds: 1
# start_time = May 15 2021 17:15:20 [Instrument's time stamp, header]
# bad_flag = -9.990e-29
*END*
[from data line 821]
        822    111.879     0.2765   2.741471    32.4908    26.0676 0.0000e+00
        823    111.881     0.2763   2.741457    32.4908    26.0676 0.0000e+00
        824    111.884     0.2762   2.741453    32.4909    26.0677 0.0000e+00
        825    111.886     0.2761   2.741452    32.4910    26.0678 0.0000e+00
        826    111.884     0.2759   2.741443    32.4911    26.0678 0.0000e+00
        827    111.884     0.2758   2.741436    32.4911    26.0679 0.0000e+00
        828    111.892     0.2763   2.741456    32.4908    26.0676 0.0000e+00
        829    111.899     0.2768   2.741490    32.4907    26.0675 0.0000e+00
        830    111.897     0.2769   2.741492    32.4906    26.0674 0.0000e+00
        831    111.891     0.2764   2.741458    32.4907    26.0675 0.0000e+00
        832    111.888     0.2763   2.741448    32.4907    26.0675 0.0000e+00
        833    111.890     0.2764   2.741466    32.4908    26.0676 0.0000e+00
        834    111.890     0.2770   2.741498    32.4906    26.0674 0.0000e+00
        835    111.887     0.2783   2.741556    32.4900    26.0669 0.0000e+00
        836    111.889     0.2794   2.741614    32.4896    26.0665 0.0000e+00
        837    111.897     0.2798   2.741630    32.4894    26.0663 0.0000e+00
        838    111.904     0.2797   2.741622    32.4894    26.0663 0.0000e+00
        839    111.905     0.2791   2.741597    32.4897    26.0666 0.0000e+00
        840    111.899     0.2781   2.741543    32.4900    26.0669 0.0000e+00
        841    111.891     0.2769   2.741483    32.4905    26.0674 0.0000e+00
        842    111.886     0.2761   2.741443    32.4908    26.0677 0.0000e+00
        843    111.884     0.2756   2.741423    32.4911    26.0679 0.0000e+00
        844    111.882     0.2753   2.741413    32.4913    26.0681 0.0000e+00
        845    111.879     0.2753   2.741409    32.4913    26.0680 0.0000e+00
        846    111.879     0.2753   2.741410    32.4913    26.0680 0.0000e+00
        847    111.885     0.2752   2.741410    32.4914    26.0681 0.0000e+00
        848    111.892     0.2752   2.741414    32.4914    26.0682 0.0000e+00
        849    111.894     0.2755   2.741430    32.4913    26.0681 0.0000e+00
        850    111.895     0.2760   2.741451    32.4911    26.0678 0.0000e+00
        851    111.901     0.2762   2.741462    32.4910    26.0678 0.0000e+00
        852    111.910     0.2762   2.741461    32.4910    26.0677 0.0000e+00
        853    111.916     0.2763   2.741469    32.4910    26.0677 0.0000e+00
        854    111.918     0.2765   2.741482    32.4909    26.0677 0.0000e+00
        855    111.918     0.2763   2.741477    32.4911    26.0678 0.0000e+00
        856    111.915     0.2760   2.741457    32.4911    26.0679 0.0000e+00
        857    111.908     0.2754   2.741424    32.4913    26.0681 0.0000e+00
        858    111.907     0.2752   2.741400    32.4912    26.0680 0.0000e+00
        859    111.915     0.2752   2.741409    32.4913    26.0681 0.0000e+00
        860    111.923     0.2755   2.741429    32.4913    26.0680 0.0000e+00
        861    111.923     0.2759   2.741437    32.4910    26.0678 0.0000e+00
        862    111.917     0.2763   2.741461    32.4909    26.0677 0.0000e+00
        863    111.915     0.2769   2.741497    32.4907    26.0675 0.0000e+00
        864    111.917     0.2774   2.741525    32.4905    26.0673 0.0000e+00
        865    111.920     0.2777   2.741545    32.4905    26.0673 0.0000e+00
        866    111.919     0.2775   2.741535    32.4905    26.0673 0.0000e+00
        867    111.907     0.2771   2.741502    32.4905    26.0674 0.0000e+00
        868    111.891     0.2765   2.741474    32.4908    26.0676 0.0000e+00
        869    111.886     0.2762   2.741449    32.4908    26.0676 0.0000e+00
        870    111.893     0.2759   2.741437    32.4910    26.0678 0.0000e+00
        871    111.905     0.2758   2.741438    32.4911    26.0679 0.0000e+00
        872    111.911     0.2758   2.741436    32.4911    26.0678 0.0000e+00
        873    111.908     0.2760   2.741445    32.4910    26.0678 0.0000e+00
        874    111.895     0.2762   2.741464    32.4910    26.0678 0.0000e+00
        875    111.881     0.2762   2.741462    32.4910    26.0678 0.0000e+00
        876    111.878     0.2760   2.741447    32.4910    26.0678 0.0000e+00
        877    111.886     0.2757   2.741438    32.4912    26.0680 0.0000e+00
        878    111.895     0.2754   2.741431    32.4914    26.0682 0.0000e+00
        879    111.900     0.2753   2.741424    32.4914    26.0682 0.0000e+00
        880    111.901     0.2755   2.741431    32.4913    26.0681 0.0000e+00
        881    111.896     0.2760   2.741461    32.4912    26.0679 0.0000e+00
        882    111.892     0.2766   2.741491    32.4909    26.0677 0.0000e+00
        883    111.896     0.2770   2.741498    32.4906    26.0674 0.0000e+00
        884    111.900     0.2769   2.741489    32.4906    26.0674 0.0000e+00
        885    111.890     0.2764   2.741469    32.4909    26.0677 0.0000e+00
        886    111.871     0.2759   2.741438    32.4910    26.0678 0.0000e+00
        887    111.859     0.2752   2.741408    32.4914    26.0681 0.0000e+00
        888    111.860     0.2750   2.741397    32.4914    26.0682 0.0000e+00
        889    111.868     0.2752   2.741412    32.4914    26.0682 0.0000e+00
        890    111.874     0.2758   2.741446    32.4912    26.0680 0.0000e+00
        891    111.880     0.2762   2.741468    32.4911    26.0678 0.0000e+00
        892    111.894     0.2763   2.741474    32.4910    26.0678 0.0000e+00
        893    111.910     0.2763   2.741474    32.4910    26.0678 0.0000e+00
        894    111.917     0.2763   2.741473    32.4910    26.0678 0.0000e+00
        895    111.913     0.2763   2.741473    32.4910    26.0678 0.0000e+00
        896    111.910     0.2762   2.741470    32.4911    26.0678 0.0000e+00
        897    111.912     0.2761   2.741465    32.4911    26.0679 0.0000e+00
        898    111.911     0.2760   2.741442    32.4909    26.0677 0.0000e+00
        899    111.898     0.2758   2.741422    32.4909    26.0677 0.0000e+00
        900    111.879     0.2758   2.741435    32.4911    26.0678 0.0000e+00
        901    111.867     0.2757   2.741439    32.4912    26.0680 0.0000e+00
        902    111.869     0.2757   2.741433    32.4911    26.0679 0.0000e+00
        903    111.880     0.2758   2.741443    32.4912    26.0679 0.0000e+00
        904    111.881     0.2758   2.741449    32.4912    26.0680 0.0000e+00
        905    111.872     0.2758   2.741446    32.4912    26.0680 0.0000e+00
        906    111.868     0.2758   2.741452    32.4913    26.0680 0.0000e+00
        907    111.878     0.2760   2.741459    32.4912    26.0679 0.0000e+00
        908    111.895     0.2759   2.741460    32.4913    26.0680 0.0000e+00
        909    111.909     0.2758   2.741458    32.4913    26.0681 0.0000e+00
        910    111.915     0.2758   2.741455    32.4913    26.0680 0.0000e+00
        911    111.919     0.2755   2.741452    32.4916    26.0683 0.0000e+00
        912    111.927     0.2753   2.741444    32.4917    26.0684 0.0000e+00
        913    111.936     0.2753   2.741440    32.4916    26.0683 0.0000e+00
        914    111.944     0.2755   2.741445    32.4915    26.0682 0.0000e+00
        915    111.946     0.2756   2.741447    32.4914    26.0681 0.0000e+00
        916    111.943     0.2754   2.741440    32.4915    26.0682 0.0000e+00
        917    111.936     0.2753   2.741434    32.4915    26.0683 0.0000e+00
        918    111.929     0.2753   2.741430    32.4915    26.0682 0.0000e+00
        919    111.927     0.2753   2.741427    32.4915    26.0682 0.0000e+00
        920    111.929     0.2754   2.741433    32.4914    26.0682 0.0000e+00
        921    111.934     0.2758   2.741452    32.4913    26.0680 0.0000e+00
        922    111.946     0.2763   2.741469    32.4909    26.0677 0.0000e+00
        923    111.957     0.2767   2.741483    32.4907    26.0675 0.0000e+00
        924    111.956     0.2770   2.741491    32.4905    26.0673 0.0000e+00
        925    111.938     0.2772   2.741497    32.4904    26.0672 0.0000e+00
        926    111.911     0.2773   2.741509    32.4904    26.0673 0.0000e+00
        927    111.892     0.2773   2.741513    32.4905    26.0673 0.0000e+00
        928    111.891     0.2772   2.741501    32.4904    26.0673 0.0000e+00
        929    111.900     0.2769   2.741488    32.4906    26.0674 0.0000e+00
        930    111.908     0.2768   2.741493    32.4907    26.0675 0.0000e+00
        931    111.911     0.2771   2.741512    32.4907    26.0675 0.0000e+00
        932    111.914     0.2772   2.741512    32.4906    26.0674 0.0000e+00
        933    111.919     0.2769   2.741499    32.4907    26.0675 0.0000e+00
        934    111.922     0.2767   2.741493    32.4908    26.0676 0.0000e+00
        935    111.922     0.2765   2.741491    32.4910    26.0678 0.0000e+00
        936    111.926     0.2763   2.741487    32.4912    26.0679 0.0000e+00
        937    111.935     0.2763   2.741482    32.4911    26.0679 0.0000e+00
        938    111.944     0.2762   2.741479    32.4912    26.0679 0.0000e+00
        939    111.943     0.2761   2.741479    32.4913    26.0680 0.0000e+00
        940    111.926     0.2760   2.741475    32.4913    26.0681 0.0000e+00
        941    111.901     0.2758   2.741466    32.4915    26.0682 0.0000e+00
        942    111.893     0.2756   2.741463    32.4916    26.0683 0.0000e+00
        943    111.907     0.2756   2.741471    32.4917    26.0684 0.0000e+00
        944    111.929     0.2759   2.741483    32.4916    26.0682 0.0000e+00
        945    111.942     0.2762   2.741498    32.4914    26.0681 0.0000e+00
        946    111.945     0.2763   2.741504    32.4914    26.0681 0.0000e+00
        947    111.946     0.2761   2.741489    32.4914    26.0681 0.0000e+00
        948    111.952     0.2758   2.741470    32.4915    26.0682 0.0000e+00
        949    111.961     0.2757   2.741476    32.4917    26.0683 0.0000e+00
        950    111.965     0.2761   2.741500    32.4915    26.0682 0.0000e+00
        951    111.962     0.2764   2.741517    32.4915    26.0681 0.0000e+00
        952    111.960     0.2767   2.741519    32.4912    26.0679 0.0000e+00
        953    111.966     0.2768   2.741522    32.4911    26.0678 0.0000e+00
        954    111.980     0.2768   2.741529    32.4912    26.0679 0.0000e+00
        955    111.994     0.2768   2.741529    32.4912    26.0679 0.0000e+00
        956    112.004     0.2765   2.741521    32.4914    26.0681 0.0000e+00
        957    112.013     0.2763   2.741511    32.4914    26.0681 0.0000e+00
        958    112.025     0.2762   2.741501    32.4914    26.0681 0.0000e+00
        959    112.036     0.2760   2.741498    32.4916    26.0683 0.0000e+00
        960    112.042     0.2757   2.741495    32.4919    26.0685 0.0000e+00
        961    112.041     0.2754   2.741486    32.4921    26.0687 0.0000e+00
        962    112.037     0.2754   2.741484    32.4920    26.0687 0.0000e+00
        963    112.042     0.2754   2.741492    32.4921    26.0687 0.0000e+00
        964    112.051     0.2754   2.741495    32.4922    26.0688 0.0000e+00
        965    112.047     0.2754   2.741494    32.4922    26.0688 0.0000e+00
        966    112.031     0.2757   2.741506    32.4920    26.0686 0.0000e+00
        967    112.020     0.2758   2.741519    32.4921    26.0687 0.0000e+00
        968    112.022     0.2757   2.741511    32.4921    26.0687 0.0000e+00
        969    112.036     0.2753   2.741492    32.4922    26.0688 0.0000e+00
        970    112.048     0.2752   2.741485    32.4923    26.0688 0.0000e+00
        971    112.051     0.2750   2.741481    32.4924    26.0690 0.0000e+00
        972    112.048     0.2748   2.741468    32.4925    26.0690 0.0000e+00
        973    112.046     0.2746   2.741457    32.4925    26.0691 0.0000e+00
        974    112.053     0.2744   2.741450    32.4926    26.0692 0.0000e+00
        975    112.070     0.2742   2.741449    32.4928    26.0693 0.0000e+00
        976    112.085     0.2742   2.741449    32.4928    26.0693 0.0000e+00
        977    112.088     0.2742   2.741445    32.4928    26.0693 0.0000e+00
        978    112.088     0.2745   2.741452    32.4925    26.0691 0.0000e+00
        979    112.095     0.2747   2.741457    32.4924    26.0690 0.0000e+00
        980    112.106     0.2747   2.741458    32.4924    26.0690 0.0000e+00
        981    112.113     0.2746   2.741461    32.4925    26.0691 0.0000e+00
        982    112.112     0.2744   2.741460    32.4927    26.0693 0.0000e+00
        983    112.109     0.2743   2.741451    32.4927    26.0693 0.0000e+00
        984    112.113     0.2743   2.741453    32.4927    26.0693 0.0000e+00
        985    112.125     0.2744   2.741466    32.4928    26.0693 0.0000e+00
        986    112.140     0.2746   2.741481    32.4928    26.0693 0.0000e+00
        987    112.151     0.2746   2.741485    32.4928    26.0693 0.0000e+00
        988    112.158     0.2744   2.741474    32.4929    26.0694 0.0000e+00
        989    112.165     0.2742   2.741460    32.4929    26.0694 0.0000e+00
        990    112.172     0.2742   2.741457    32.4929    26.0694 0.0000e+00
        991    112.171     0.2741   2.741459    32.4930    26.0695 0.0000e+00
        992    112.166     0.2741   2.741462    32.4930    26.0695 0.0000e+00
        993    112.168     0.2742   2.741468    32.4930    26.0695 0.0000e+00
        994    112.178     0.2745   2.741477    32.4928    26.0693 0.0000e+00
        995    112.184     0.2749   2.741484    32.4925    26.0690 0.0000e+00
        996    112.175     0.2752   2.741494    32.4923    26.0689 0.0000e+00
        997    112.149     0.2754   2.741509    32.4923    26.0689 0.0000e+00
        998    112.123     0.2757   2.741513    32.4920    26.0686 0.0000e+00
        999    112.114     0.2757   2.741511    32.4920    26.0686 0.0000e+00
       1000    112.129     0.2757   2.741514    32.4921    26.0687 0.0000e+00
       1001    112.153     0.2756   2.741518    32.4922    26.0688 0.0000e+00
       1002    112.167     0.2756   2.741520    32.4922    26.0688 0.0000e+00
       1003    112.169     0.2756   2.741518    32.4922    26.0688 0.0000e+00
       1004    112.171     0.2756   2.741520    32.4922    26.0688 0.0000e+00
       1005    112.180     0.2756   2.741529    32.4923    26.0689 0.0000e+00
       1006    112.199     0.2757   2.741533    32.4923    26.0688 0.0000e+00
       1007    112.219     0.2757   2.741537    32.4923    26.0689 0.0000e+00
       1008    112.234     0.2757   2.741535    32.4923    26.0688 0.0000e+00
       1009    112.244     0.2757   2.741533    32.4922    26.0688 0.0000e+00
       1010    112.246     0.2757   2.741537    32.4923    26.0688 0.0000e+00
       1011    112.245     0.2756   2.741532    32.4923    26.0689 0.0000e+00
       1012    112.249     0.2753   2.741516    32.4924    26.0690 0.0000e+00
       1013    112.259     0.2750   2.741500    32.4925    26.0691 0.0000e+00
       1014    112.267     0.2750   2.741500    32.4925    26.0691 0.0000e+00
       1015    112.271     0.2751   2.741505    32.4925    26.0690 0.0000e+00
       1016    112.271     0.2752   2.741510    32.4925    26.0690 0.0000e+00
       1017    112.268     0.2752   2.741519    32.4926    26.0691 0.0000e+00
       1018    112.270     0.2753   2.741530    32.4926    26.0691 0.0000e+00
       1019    112.280     0.2753   2.741532    32.4926    26.0691 0.0000e+00
       1020    112.292     0.2752   2.741524    32.4926    26.0691 0.0000e+00
       1021    112.304     0.2751   2.741512    32.4926    26.0691 0.0000e+00
       1022    112.316     0.2749   2.741503    32.4927    26.0692 0.0000e+00
       1023    112.323     0.2747   2.741497    32.4928    26.0693 0.0000e+00
       1024    112.323     0.2745   2.741500    32.4930    26.0695 0.0000e+00
       1025    112.321     0.2744   2.741501    32.4931    26.0696 0.0000e+00
