Datasets/Test_Dataset_39219_tow/originals/tel219_2021_057.cnv
* Sea-Bird SBE19plus Data File:
* Filename = C:/AQUIRE/tel219_2021_057.hex
* Software Version AquireV2 AF V2.0
* Temperature SN =  4020
* Conductivity SN =  4020
* System UpLoad Time = May 14 2021 03:25:08
** VESSEL/TRIP/SEQ STN: tel219_2021_057
** LATITUDE: 45 15.39 N
** LONGITUDE: 55 13.32 W
** DATE/TIME: 2021-05-14 02:45
** SOUNDING DEPTH (M): 0170
** PROBE TYPE: S4020
** CTD NUMBER:  57
** FORMAT: T
** COMMENTS: 
# nquan = 7                                 
# nvalues = 2457                        
# units = specified
# name 0 = scan: Scan Count
# name 1 = prdM: Pressure, Strain Gauge [db]
# name 2 = tv290C: Temperature [ITS-90, deg C]
# name 3 = c0S/m: Conductivity [S/m]
# name 4 = sal00: Salinity, Practical [PSU]
# name 5 = sigma-t00: Density [sigma-t, kg/m^3 ]
# name 6 = flag: flag
# span 0 =          1,       2457       
# span 1 =     -0.767,    166.304       
# span 2 =     0.4130,     7.1883       
# span 3 =   0.008887,   3.513534       
# span 4 =     0.0674,    34.5656       
# span 5 =     0.0282,    27.0943       
# span 6 = 0.0000e+00, 0.0000e+00       
# interval = seconds: 1
# start_time = May 14 2021 02:45:25 [Instrument's time stamp, header]
# bad_flag = -9.990e-29
*END*
[from data line 1436]
       1437    164.900     7.0373   3.496473    34.5279    27.0417 0.0000e+00
       1438    164.929     7.0389   3.496748    34.5293    27.0426 0.0000e+00
       1439    164.947     7.0395   3.496886    34.5302    27.0432 0.0000e+00
       1440    164.939     7.0396   3.496929    34.5305    27.0435 0.0000e+00
       1441    164.915     7.0402   3.496919    34.5298    27.0428 0.0000e+00
       1442    164.900     7.0408   3.496910    34.5292    27.0422 0.0000e+00
       1443    164.911     7.0406   3.496859    34.5288    27.0420 0.0000e+00
       1444    164.940     7.0398   3.496763    34.5285    27.0419 0.0000e+00
       1445    164.958     7.0397   3.496772    34.5287    27.0420 0.0000e+00
       1446    164.945     7.0403   3.496873    34.5292    27.0423 0.0000e+00
       1447    164.909     7.0412   3.496933    34.5290    27.0420 0.0000e+00
       1448    164.885     7.0420   3.496974    34.5287    27.0417 0.0000e+00
       1449    164.896     7.0421   3.496991    34.5287    27.0417 0.0000e+00
       1450    164.923     7.0418   3.496969    34.5288    27.0418 0.0000e+00
       1451    164.931     7.0412   3.496955    34.5292    27.0422 0.0000e+00
       1452    164.916     7.0397   3.496802    34.5291    27.0423 0.0000e+00
       1453    164.906     7.0376   3.496516    34.5280    27.0418 0.0000e+00
       1454    164.920     7.0365   3.496390    34.5277    27.0417 0.0000e+00
       1455    164.954     7.0360   3.496420    34.5286    27.0424 0.0000e+00
       1456    164.980     7.0357   3.496474    34.5294    27.0431 0.0000e+00
       1457    164.978     7.0355   3.496501    34.5299    27.0436 0.0000e+00
       1458    164.953     7.0355   3.496391    34.5287    27.0426 0.0000e+00
       1459    164.931     7.0359   3.496324    34.5276    27.0417 0.0000e+00
       1460    164.935     7.0366   3.496371    34.5274    27.0414 0.0000e+00
       1461    164.959     7.0371   3.496347    34.5267    27.0408 0.0000e+00
       1462    164.977     7.0382   3.496394    34.5261    27.0401 0.0000e+00
       1463    164.973     7.0399   3.496577    34.5264    27.0401 0.0000e+00
       1464    164.954     7.0411   3.496754    34.5271    27.0406 0.0000e+00
       1465    164.946     7.0417   3.496867    34.5278    27.0410 0.0000e+00
       1466    164.962     7.0419   3.496905    34.5280    27.0411 0.0000e+00
       1467    164.989     7.0418   3.496902    34.5280    27.0412 0.0000e+00
       1468    165.002     7.0414   3.496878    34.5282    27.0413 0.0000e+00
       1469    165.000     7.0405   3.496810    34.5283    27.0416 0.0000e+00
       1470    165.001     7.0390   3.496643    34.5280    27.0415 0.0000e+00
       1471    165.014     7.0374   3.496428    34.5272    27.0412 0.0000e+00
       1472    165.034     7.0371   3.496362    34.5268    27.0409 0.0000e+00
       1473    165.049     7.0381   3.496496    34.5272    27.0411 0.0000e+00
       1474    165.056     7.0390   3.496644    34.5280    27.0415 0.0000e+00
       1475    165.063     7.0385   3.496591    34.5279    27.0415 0.0000e+00
       1476    165.075     7.0374   3.496418    34.5271    27.0410 0.0000e+00
       1477    165.094     7.0368   3.496369    34.5271    27.0412 0.0000e+00
       1478    165.110     7.0358   3.496350    34.5279    27.0419 0.0000e+00
       1479    165.115     7.0339   3.496173    34.5279    27.0422 0.0000e+00
       1480    165.117     7.0319   3.495935    34.5273    27.0420 0.0000e+00
       1481    165.126     7.0305   3.495730    34.5264    27.0415 0.0000e+00
       1482    165.141     7.0308   3.495691    34.5257    27.0409 0.0000e+00
       1483    165.157     7.0327   3.495887    34.5259    27.0408 0.0000e+00
       1484    165.163     7.0344   3.496084    34.5264    27.0409 0.0000e+00
       1485    165.154     7.0355   3.496190    34.5264    27.0408 0.0000e+00
       1486    165.143     7.0366   3.496314    34.5267    27.0409 0.0000e+00
       1487    165.148     7.0377   3.496444    34.5270    27.0410 0.0000e+00
       1488    165.170     7.0385   3.496526    34.5271    27.0409 0.0000e+00
       1489    165.186     7.0389   3.496562    34.5271    27.0409 0.0000e+00
       1490    165.179     7.0389   3.496567    34.5272    27.0409 0.0000e+00
       1491    165.157     7.0389   3.496565    34.5271    27.0409 0.0000e+00
       1492    165.145     7.0391   3.496605    34.5274    27.0411 0.0000e+00
       1493    165.158     7.0396   3.496681    34.5277    27.0412 0.0000e+00
       1494    165.185     7.0397   3.496712    34.5279    27.0414 0.0000e+00
       1495    165.206     7.0387   3.496663    34.5284    27.0419 0.0000e+00
       1496    165.209     7.0366   3.496503    34.5287    27.0425 0.0000e+00
       1497    165.205     7.0339   3.496175    34.5278    27.0421 0.0000e+00
       1498    165.210     7.0311   3.495777    34.5263    27.0413 0.0000e+00
       1499    165.224     7.0294   3.495500    34.5249    27.0405 0.0000e+00
       1500    165.237     7.0297   3.495478    34.5244    27.0400 0.0000e+00
       1501    165.240     7.0310   3.495626    34.5247    27.0401 0.0000e+00
       1502    165.232     7.0319   3.495777    34.5255    27.0405 0.0000e+00
       1503    165.225     7.0323   3.495845    34.5258    27.0408 0.0000e+00
       1504    165.231     7.0327   3.495866    34.5256    27.0406 0.0000e+00
       1505    165.247     7.0337   3.495964    34.5257    27.0405 0.0000e+00
       1506    165.258     7.0350   3.496113    34.5260    27.0406 0.0000e+00
       1507    165.254     7.0353   3.496163    34.5263    27.0407 0.0000e+00
       1508    165.245     7.0346   3.496099    34.5263    27.0408 0.0000e+00
       1509    165.247     7.0334   3.495973    34.5261    27.0408 0.0000e+00
       1510    165.268     7.0320   3.495826    34.5259    27.0409 0.0000e+00
       1511    165.296     7.0309   3.495726    34.5259    27.0410 0.0000e+00
       1512    165.309     7.0305   3.495694    34.5259    27.0411 0.0000e+00
       1513    165.298     7.0309   3.495711    34.5257    27.0409 0.0000e+00
       1514    165.274     7.0322   3.495824    34.5257    27.0407 0.0000e+00
       1515    165.257     7.0339   3.496008    34.5260    27.0407 0.0000e+00
       1516    165.264     7.0352   3.496156    34.5263    27.0407 0.0000e+00
       1517    165.294     7.0355   3.496200    34.5265    27.0408 0.0000e+00
       1518    165.327     7.0353   3.496182    34.5265    27.0409 0.0000e+00
       1519    165.340     7.0351   3.496172    34.5265    27.0409 0.0000e+00
       1520    165.334     7.0353   3.496176    34.5264    27.0408 0.0000e+00
       1521    165.326     7.0357   3.496201    34.5263    27.0406 0.0000e+00
       1522    165.334     7.0358   3.496214    34.5263    27.0407 0.0000e+00
       1523    165.362     7.0357   3.496200    34.5262    27.0406 0.0000e+00
       1524    165.393     7.0356   3.496213    34.5265    27.0408 0.0000e+00
       1525    165.410     7.0338   3.496104    34.5271    27.0415 0.0000e+00
       1526    165.417     7.0293   3.495599    34.5260    27.0413 0.0000e+00
       1527    165.429     7.0251   3.495024    34.5239    27.0403 0.0000e+00
       1528    165.443     7.0237   3.494893    34.5239    27.0404 0.0000e+00
       1529    165.445     7.0244   3.495012    34.5245    27.0408 0.0000e+00
       1530    165.441     7.0255   3.495130    34.5247    27.0408 0.0000e+00
       1531    165.447     7.0260   3.495207    34.5250    27.0410 0.0000e+00
       1532    165.467     7.0256   3.495174    34.5250    27.0411 0.0000e+00
       1533    165.486     7.0248   3.495147    34.5255    27.0416 0.0000e+00
       1534    165.483     7.0246   3.495168    34.5260    27.0419 0.0000e+00
       1535    165.460     7.0257   3.495191    34.5251    27.0411 0.0000e+00
       1536    165.443     7.0279   3.495373    34.5249    27.0407 0.0000e+00
       1537    165.452     7.0301   3.495653    34.5258    27.0411 0.0000e+00
       1538    165.476     7.0305   3.495705    34.5260    27.0411 0.0000e+00
       1539    165.500     7.0292   3.495542    34.5255    27.0409 0.0000e+00
       1540    165.525     7.0270   3.495305    34.5250    27.0409 0.0000e+00
       1541    165.547     7.0246   3.495020    34.5243    27.0406 0.0000e+00
       1542    165.561     7.0238   3.494878    34.5235    27.0401 0.0000e+00
       1543    165.566     7.0254   3.495016    34.5235    27.0399 0.0000e+00
       1544    165.567     7.0286   3.495389    34.5243    27.0401 0.0000e+00
       1545    165.577     7.0317   3.495782    34.5256    27.0406 0.0000e+00
       1546    165.594     7.0332   3.495950    34.5259    27.0407 0.0000e+00
       1547    165.599     7.0333   3.495945    34.5257    27.0406 0.0000e+00
       1548    165.585     7.0327   3.495887    34.5257    27.0406 0.0000e+00
       1549    165.571     7.0309   3.495686    34.5253    27.0405 0.0000e+00
       1550    165.577     7.0269   3.494861    34.5202    27.0371 0.0000e+00
       1551    165.600     7.0219   3.493940    34.5151    27.0338 0.0000e+00
       1552    165.616     7.0195   3.494024    34.5184    27.0367 0.0000e+00
       1553    165.616     7.0210   3.494576    34.5230    27.0401 0.0000e+00
       1554    165.611     7.0236   3.494916    34.5241    27.0406 0.0000e+00
       1555    165.605     7.0257   3.495098    34.5240    27.0403 0.0000e+00
       1556    165.603     7.0284   3.495364    34.5243    27.0401 0.0000e+00
       1557    165.613     7.0318   3.495772    34.5253    27.0404 0.0000e+00
       1558    165.633     7.0343   3.496029    34.5256    27.0403 0.0000e+00
       1559    165.646     7.0351   3.496022    34.5247    27.0395 0.0000e+00
       1560    165.636     7.0347   3.495883    34.5236    27.0387 0.0000e+00
       1561    165.601     7.0339   3.495820    34.5238    27.0389 0.0000e+00
       1562    165.562     7.0333   3.495860    34.5248    27.0398 0.0000e+00
       1563    165.549     7.0326   3.495858    34.5255    27.0405 0.0000e+00
       1564    165.574     7.0317   3.495787    34.5256    27.0407 0.0000e+00
       1565    165.608     7.0313   3.495750    34.5256    27.0407 0.0000e+00
       1566    165.618     7.0313   3.495746    34.5255    27.0407 0.0000e+00
       1567    165.603     7.0309   3.495711    34.5256    27.0408 0.0000e+00
       1568    165.586     7.0297   3.495578    34.5253    27.0407 0.0000e+00
       1569    165.591     7.0281   3.495437    34.5254    27.0410 0.0000e+00
       1570    165.616     7.0264   3.495316    34.5257    27.0415 0.0000e+00
       1571    165.640     7.0255   3.495095    34.5242    27.0404 0.0000e+00
       1572    165.647     7.0259   3.494967    34.5224    27.0389 0.0000e+00
       1573    165.641     7.0276   3.495101    34.5221    27.0385 0.0000e+00
       1574    165.637     7.0306   3.495484    34.5234    27.0391 0.0000e+00
       1575    165.644     7.0335   3.495917    34.5252    27.0401 0.0000e+00
       1576    165.667     7.0348   3.496104    34.5259    27.0405 0.0000e+00
       1577    165.696     7.0349   3.496088    34.5256    27.0403 0.0000e+00
       1578    165.705     7.0345   3.496035    34.5255    27.0402 0.0000e+00
       1579    165.685     7.0341   3.495980    34.5253    27.0401 0.0000e+00
       1580    165.647     7.0333   3.495908    34.5253    27.0402 0.0000e+00
       1581    165.615     7.0316   3.495746    34.5252    27.0404 0.0000e+00
       1582    165.614     7.0295   3.495511    34.5248    27.0403 0.0000e+00
       1583    165.644     7.0283   3.495401    34.5247    27.0405 0.0000e+00
       1584    165.679     7.0274   3.495411    34.5257    27.0414 0.0000e+00
       1585    165.695     7.0252   3.495265    34.5263    27.0421 0.0000e+00
       1586    165.700     7.0223   3.494875    34.5249    27.0415 0.0000e+00
       1587    165.713     7.0215   3.494625    34.5230    27.0400 0.0000e+00
       1588    165.734     7.0236   3.494822    34.5230    27.0398 0.0000e+00
       1589    165.752     7.0267   3.495191    34.5240    27.0401 0.0000e+00
       1590    165.765     7.0287   3.495440    34.5247    27.0404 0.0000e+00
       1591    165.777     7.0285   3.495473    34.5253    27.0409 0.0000e+00
       1592    165.789     7.0266   3.495269    34.5249    27.0408 0.0000e+00
       1593    165.800     7.0252   3.495067    34.5241    27.0404 0.0000e+00
       1594    165.812     7.0263   3.495123    34.5236    27.0399 0.0000e+00
       1595    165.821     7.0286   3.495397    34.5243    27.0401 0.0000e+00
       1596    165.827     7.0310   3.495699    34.5252    27.0405 0.0000e+00
       1597    165.835     7.0327   3.495884    34.5255    27.0405 0.0000e+00
       1598    165.834     7.0334   3.495914    34.5252    27.0401 0.0000e+00
       1599    165.814     7.0335   3.495887    34.5248    27.0398 0.0000e+00
       1600    165.780     7.0329   3.495861    34.5251    27.0401 0.0000e+00
       1601    165.755     7.0319   3.495762    34.5250    27.0402 0.0000e+00
       1602    165.760     7.0312   3.495681    34.5249    27.0402 0.0000e+00
       1603    165.788     7.0315   3.495760    34.5254    27.0405 0.0000e+00
       1604    165.806     7.0321   3.495841    34.5257    27.0407 0.0000e+00
       1605    165.798     7.0322   3.495832    34.5255    27.0405 0.0000e+00
       1606    165.775     7.0312   3.495748    34.5256    27.0407 0.0000e+00
       1607    165.765     7.0287   3.495479    34.5251    27.0407 0.0000e+00
       1608    165.782     7.0252   3.495081    34.5243    27.0405 0.0000e+00
       1609    165.808     7.0218   3.494793    34.5245    27.0412 0.0000e+00
       1610    165.812     7.0196   3.494732    34.5260    27.0427 0.0000e+00
       1611    165.784     7.0188   3.494758    34.5271    27.0437 0.0000e+00
       1612    165.740     7.0183   3.494573    34.5256    27.0425 0.0000e+00
       1613    165.706     7.0177   3.494282    34.5230    27.0406 0.0000e+00
       1614    165.696     7.0187   3.494290    34.5221    27.0397 0.0000e+00
       1615    165.706     7.0221   3.494666    34.5228    27.0398 0.0000e+00
       1616    165.727     7.0265   3.495171    34.5240    27.0401 0.0000e+00
       1617    165.748     7.0302   3.495578    34.5247    27.0402 0.0000e+00
       1618    165.762     7.0323   3.495809    34.5252    27.0402 0.0000e+00
       1619    165.765     7.0328   3.495866    34.5253    27.0403 0.0000e+00
       1620    165.761     7.0318   3.495780    34.5253    27.0405 0.0000e+00
       1621    165.763     7.0294   3.495555    34.5253    27.0407 0.0000e+00
       1622    165.778     7.0257   3.495181    34.5249    27.0409 0.0000e+00
       1623    165.797     7.0225   3.494934    34.5253    27.0417 0.0000e+00
       1624    165.802     7.0214   3.494995    34.5271    27.0433 0.0000e+00
       1625    165.786     7.0210   3.494957    34.5271    27.0433 0.0000e+00
       1626    165.766     7.0180   3.494488    34.5250    27.0421 0.0000e+00
       1627    165.762     7.0126   3.493668    34.5214    27.0400 0.0000e+00
       1628    165.779     7.0083   3.493045    34.5188    27.0386 0.0000e+00
       1629    165.809     7.0061   3.492936    34.5198    27.0397 0.0000e+00
       1630    165.836     7.0049   3.492866    34.5202    27.0402 0.0000e+00
       1631    165.847     7.0054   3.492776    34.5187    27.0389 0.0000e+00
       1632    165.842     7.0086   3.493051    34.5186    27.0383 0.0000e+00
       1633    165.828     7.0131   3.493582    34.5199    27.0388 0.0000e+00
       1634    165.814     7.0174   3.494087    34.5211    27.0391 0.0000e+00
       1635    165.812     7.0216   3.494567    34.5222    27.0394 0.0000e+00
       1636    165.822     7.0252   3.494987    34.5232    27.0397 0.0000e+00
       1637    165.834     7.0270   3.495163    34.5233    27.0395 0.0000e+00
       1638    165.842     7.0272   3.495152    34.5230    27.0393 0.0000e+00
       1639    165.836     7.0271   3.495125    34.5228    27.0391 0.0000e+00
       1640    165.811     7.0269   3.495123    34.5230    27.0393 0.0000e+00
       1641    165.785     7.0255   3.495032    34.5234    27.0398 0.0000e+00
