Datasets/Test_Dataset_39219_tow/originals/tel219_2021_068.cnv
* Sea-Bird SBE19plus Data File:
* Filename = C:/AQUIRE/tel219_2021_068.hex
* Software Version AquireV2 AF V2.0
* Temperature SN =  4020
* Conductivity SN =  4020
* System UpLoad Time = May 15 2021 06:39:57
** VESSEL/TRIP/SEQ STN: tel219_2021_068
** LATITUDE: 46 02.10 N
** LONGITUDE: 54 42.20 W
** DATE/TIME: 2021-05-15 05:59
** SOUNDING DEPTH (M): 0083
** PROBE TYPE: S4020
** CTD NUMBER:  68
** FORMAT: T
** COMMENTS: 
# nquan = 7                                 
# nvalues = 2488                        
# units = specified
# name 0 = scan: Scan Count
# name 1 = prdM: Pressure, Strain Gauge [db]
# name 2 = tv290C: Temperature [ITS-90, deg C]
# name 3 = c0S/m: Conductivity [S/m]
# name 4 = sal00: Salinity, Practical [PSU]
# name 5 = sigma-t00: Density [sigma-t, kg/m^3 ]
# name 6 = flag: flag
# span 0 =          1,       2488       
# span 1 =     -0.102,     82.641       
# span 2 =     0.4633,     4.7843       
# span 3 =   0.015682,   2.992425       
# span 4 =     0.1196,    32.6429       
# span 5 =     0.0661,    26.1780       
# span 6 = 0.0000e+00, 0.0000e+00       
# interval = seconds: 1
# start_time = May 15 2021 05:59:42 [Instrument's time stamp, header]
# bad_flag = -9.990e-29
*END*
          1     -0.089     4.7653   0.020580     0.1584     0.0975 0.0000e+00
          2     -0.090     4.7653   0.020372     0.1568     0.0962 0.0000e+00
          3     -0.091     4.7653   0.020280     0.1560     0.0956 0.0000e+00
          4     -0.090     4.7653   0.020135     0.1549     0.0947 0.0000e+00
          5     -0.088     4.7653   0.019828     0.1524     0.0927 0.0000e+00
          6     -0.086     4.7653   0.019571     0.1504     0.0911 0.0000e+00
          7     -0.087     4.7655   0.019449     0.1494     0.0903 0.0000e+00
          8     -0.091     4.7656   0.019411     0.1491     0.0901 0.0000e+00
          9     -0.094     4.7656   0.019394     0.1490     0.0900 0.0000e+00
         10     -0.094     4.7656   0.019328     0.1485     0.0895 0.0000e+00
         11     -0.093     4.7656   0.019326     0.1484     0.0895 0.0000e+00
         12     -0.093     4.7656   0.019356     0.1487     0.0897 0.0000e+00
         13     -0.093     4.7656   0.019305     0.1483     0.0894 0.0000e+00
         14     -0.092     4.7657   0.019272     0.1480     0.0892 0.0000e+00
         15     -0.090     4.7657   0.019368     0.1488     0.0898 0.0000e+00
         16     -0.086     4.7657   0.019627     0.1508     0.0914 0.0000e+00
         17     -0.082     4.7659   0.019838     0.1525     0.0928 0.0000e+00
         18     -0.080     4.7659   0.019863     0.1527     0.0929 0.0000e+00
         19     -0.084     4.7659   0.019774     0.1520     0.0924 0.0000e+00
         20     -0.087     4.7660   0.019668     0.1512     0.0917 0.0000e+00
         21     -0.089     4.7660   0.019675     0.1512     0.0917 0.0000e+00
         22     -0.089     4.7660   0.019866     0.1527     0.0930 0.0000e+00
         23     -0.086     4.7660   0.020016     0.1539     0.0939 0.0000e+00
         24     -0.084     4.7660   0.019937     0.1533     0.0934 0.0000e+00
         25     -0.087     4.7660   0.019847     0.1526     0.0928 0.0000e+00
         26     -0.091     4.7660   0.019800     0.1522     0.0925 0.0000e+00
         27     -0.092     4.7660   0.019621     0.1508     0.0914 0.0000e+00
         28     -0.090     4.7660   0.019451     0.1494     0.0903 0.0000e+00
         29     -0.088     4.7660   0.019444     0.1494     0.0903 0.0000e+00
         30     -0.088     4.7660   0.019390     0.1490     0.0899 0.0000e+00
         31     -0.089     4.7662   0.019274     0.1480     0.0892 0.0000e+00
         32     -0.090     4.7663   0.019257     0.1479     0.0891 0.0000e+00
         33     -0.090     4.7663   0.019234     0.1477     0.0889 0.0000e+00
         34     -0.090     4.7663   0.019065     0.1464     0.0878 0.0000e+00
         35     -0.091     4.7663   0.018813     0.1444     0.0862 0.0000e+00
         36     -0.089     4.7663   0.018635     0.1430     0.0851 0.0000e+00
         37     -0.085     4.7663   0.018572     0.1425     0.0847 0.0000e+00
         38     -0.082     4.7663   0.018568     0.1424     0.0847 0.0000e+00
         39     -0.081     4.7664   0.018609     0.1428     0.0849 0.0000e+00
         40     -0.081     4.7664   0.018691     0.1434     0.0855 0.0000e+00
         41     -0.081     4.7664   0.018718     0.1436     0.0856 0.0000e+00
         42     -0.083     4.7664   0.018642     0.1430     0.0851 0.0000e+00
         43     -0.087     4.7664   0.018596     0.1427     0.0849 0.0000e+00
         44     -0.090     4.7664   0.018600     0.1427     0.0849 0.0000e+00
         45     -0.092     4.7664   0.018599     0.1427     0.0849 0.0000e+00
         46     -0.090     4.7665   0.018706     0.1435     0.0856 0.0000e+00
         47     -0.087     4.7667   0.018857     0.1447     0.0865 0.0000e+00
         48     -0.088     4.7667   0.018841     0.1446     0.0864 0.0000e+00
         49     -0.091     4.7667   0.018755     0.1439     0.0859 0.0000e+00
         50     -0.092     4.7667   0.018729     0.1437     0.0857 0.0000e+00
         51     -0.091     4.7668   0.018723     0.1437     0.0857 0.0000e+00
         52     -0.091     4.7668   0.018693     0.1434     0.0855 0.0000e+00
         53     -0.093     4.7668   0.018670     0.1432     0.0853 0.0000e+00
         54     -0.094     4.7668   0.018644     0.1430     0.0852 0.0000e+00
         55     -0.094     4.7668   0.018560     0.1424     0.0846 0.0000e+00
         56     -0.093     4.7669   0.018514     0.1420     0.0843 0.0000e+00
         57     -0.094     4.7670   0.018501     0.1419     0.0842 0.0000e+00
         58     -0.096     4.7671   0.018451     0.1415     0.0839 0.0000e+00
         59     -0.094     4.7671   0.018483     0.1418     0.0841 0.0000e+00
         60     -0.091     4.7672   0.018610     0.1428     0.0849 0.0000e+00
         61     -0.088     4.7672   0.018854     0.1447     0.0865 0.0000e+00
         62     -0.086     4.7672   0.019131     0.1469     0.0883 0.0000e+00
         63     -0.086     4.7673   0.019162     0.1471     0.0884 0.0000e+00
         64     -0.087     4.7675   0.019023     0.1460     0.0876 0.0000e+00
         65     -0.088     4.7675   0.018884     0.1449     0.0867 0.0000e+00
         66     -0.086     4.7675   0.018788     0.1442     0.0861 0.0000e+00
         67     -0.084     4.7676   0.018706     0.1435     0.0855 0.0000e+00
         68     -0.084     4.7676   0.018532     0.1421     0.0844 0.0000e+00
         69     -0.084     4.7676   0.018411     0.1412     0.0837 0.0000e+00
         70     -0.086     4.7677   0.018449     0.1415     0.0839 0.0000e+00
         71     -0.090     4.7679   0.018503     0.1419     0.0842 0.0000e+00
         72     -0.091     4.7679   0.018504     0.1419     0.0842 0.0000e+00
         73     -0.088     4.7679   0.018480     0.1417     0.0841 0.0000e+00
         74     -0.085     4.7679   0.018441     0.1414     0.0838 0.0000e+00
         75     -0.086     4.7680   0.018379     0.1409     0.0834 0.0000e+00
         76     -0.088     4.7682   0.018270     0.1401     0.0828 0.0000e+00
         77     -0.091     4.7683   0.018233     0.1398     0.0825 0.0000e+00
         78     -0.093     4.7683   0.018438     0.1414     0.0838 0.0000e+00
         79     -0.092     4.7683   0.018652     0.1431     0.0852 0.0000e+00
         80     -0.090     4.7684   0.018599     0.1427     0.0848 0.0000e+00
         81     -0.090     4.7686   0.018469     0.1416     0.0840 0.0000e+00
         82     -0.089     4.7687   0.018387     0.1410     0.0835 0.0000e+00
         83     -0.089     4.7687   0.018300     0.1403     0.0829 0.0000e+00
         84     -0.090     4.7688   0.018184     0.1394     0.0822 0.0000e+00
         85     -0.091     4.7690   0.018116     0.1388     0.0818 0.0000e+00
         86     -0.092     4.7691   0.018241     0.1398     0.0826 0.0000e+00
         87     -0.093     4.7691   0.018538     0.1422     0.0844 0.0000e+00
         88     -0.091     4.7691   0.018768     0.1440     0.0859 0.0000e+00
         89     -0.090     4.7692   0.018682     0.1433     0.0854 0.0000e+00
         90     -0.090     4.7694   0.018372     0.1409     0.0834 0.0000e+00
         91     -0.090     4.7695   0.018137     0.1390     0.0819 0.0000e+00
         92     -0.089     4.7695   0.018047     0.1383     0.0813 0.0000e+00
         93     -0.090     4.7696   0.018011     0.1380     0.0811 0.0000e+00
         94     -0.091     4.7698   0.018055     0.1384     0.0814 0.0000e+00
         95     -0.092     4.7698   0.018145     0.1391     0.0819 0.0000e+00
         96     -0.092     4.7698   0.018136     0.1390     0.0819 0.0000e+00
         97     -0.093     4.7699   0.018014     0.1380     0.0811 0.0000e+00
         98     -0.093     4.7700   0.017917     0.1373     0.0805 0.0000e+00
         99     -0.092     4.7702   0.017895     0.1371     0.0803 0.0000e+00
        100     -0.092     4.7702   0.017846     0.1367     0.0800 0.0000e+00
        101     -0.094     4.7704   0.017707     0.1356     0.0791 0.0000e+00
        102     -0.092     4.7705   0.017534     0.1342     0.0780 0.0000e+00
        103     -0.087     4.7706   0.017446     0.1335     0.0775 0.0000e+00
        104     -0.082     4.7706   0.017422     0.1333     0.0773 0.0000e+00
        105     -0.079     4.7706   0.017394     0.1331     0.0771 0.0000e+00
        106     -0.081     4.7707   0.017374     0.1330     0.0770 0.0000e+00
        107     -0.085     4.7709   0.017391     0.1331     0.0771 0.0000e+00
        108     -0.088     4.7710   0.017443     0.1335     0.0774 0.0000e+00
        109     -0.089     4.7710   0.017477     0.1338     0.0777 0.0000e+00
        110     -0.089     4.7712   0.017430     0.1334     0.0774 0.0000e+00
        111     -0.090     4.7714   0.017304     0.1324     0.0766 0.0000e+00
        112     -0.090     4.7714   0.017236     0.1319     0.0761 0.0000e+00
        113     -0.091     4.7714   0.017369     0.1329     0.0770 0.0000e+00
        114     -0.093     4.7715   0.017686     0.1354     0.0790 0.0000e+00
        115     -0.094     4.7717   0.018008     0.1380     0.0810 0.0000e+00
        116     -0.095     4.7717   0.018127     0.1389     0.0818 0.0000e+00
        117     -0.094     4.7719   0.018032     0.1382     0.0812 0.0000e+00
        118     -0.092     4.7721   0.017867     0.1369     0.0801 0.0000e+00
        119     -0.092     4.7721   0.017798     0.1363     0.0797 0.0000e+00
        120     -0.093     4.7721   0.017890     0.1370     0.0803 0.0000e+00
        121     -0.092     4.7721   0.017957     0.1376     0.0807 0.0000e+00
        122     -0.089     4.7723   0.017905     0.1372     0.0804 0.0000e+00
        123     -0.088     4.7725   0.017937     0.1374     0.0806 0.0000e+00
        124     -0.088     4.7725   0.018180     0.1393     0.0821 0.0000e+00
        125     -0.089     4.7727   0.018399     0.1411     0.0835 0.0000e+00
        126     -0.093     4.7729   0.018373     0.1409     0.0833 0.0000e+00
        127     -0.096     4.7729   0.018257     0.1399     0.0826 0.0000e+00
        128     -0.094     4.7729   0.018207     0.1395     0.0823 0.0000e+00
        129     -0.091     4.7729   0.018120     0.1389     0.0817 0.0000e+00
        130     -0.090     4.7731   0.017978     0.1377     0.0808 0.0000e+00
        131     -0.090     4.7733   0.017910     0.1372     0.0804 0.0000e+00
        132     -0.091     4.7733   0.017987     0.1378     0.0809 0.0000e+00
        133     -0.092     4.7734   0.018084     0.1386     0.0815 0.0000e+00
        134     -0.094     4.7736   0.018021     0.1381     0.0811 0.0000e+00
        135     -0.094     4.7736   0.017929     0.1373     0.0805 0.0000e+00
        136     -0.093     4.7736   0.017959     0.1376     0.0807 0.0000e+00
        137     -0.092     4.7737   0.018110     0.1388     0.0816 0.0000e+00
        138     -0.089     4.7739   0.018314     0.1404     0.0829 0.0000e+00
        139     -0.088     4.7740   0.018354     0.1407     0.0832 0.0000e+00
        140     -0.089     4.7740   0.018198     0.1395     0.0822 0.0000e+00
        141     -0.091     4.7742   0.017954     0.1375     0.0806 0.0000e+00
        142     -0.094     4.7744   0.017769     0.1361     0.0795 0.0000e+00
        143     -0.096     4.7744   0.017745     0.1359     0.0793 0.0000e+00
        144     -0.096     4.7744   0.017705     0.1356     0.0791 0.0000e+00
        145     -0.094     4.7744   0.017572     0.1345     0.0782 0.0000e+00
        146     -0.090     4.7746   0.017489     0.1339     0.0777 0.0000e+00
        147     -0.088     4.7748   0.017454     0.1336     0.0775 0.0000e+00
        148     -0.087     4.7748   0.017398     0.1331     0.0771 0.0000e+00
        149     -0.086     4.7750   0.017331     0.1326     0.0767 0.0000e+00
        150     -0.088     4.7751   0.017290     0.1323     0.0764 0.0000e+00
        151     -0.090     4.7752   0.017275     0.1322     0.0763 0.0000e+00
        152     -0.091     4.7752   0.017251     0.1320     0.0762 0.0000e+00
        153     -0.093     4.7752   0.017226     0.1318     0.0760 0.0000e+00
        154     -0.094     4.7753   0.017179     0.1314     0.0757 0.0000e+00
        155     -0.092     4.7755   0.017074     0.1306     0.0750 0.0000e+00
        156     -0.089     4.7756   0.016983     0.1299     0.0745 0.0000e+00
        157     -0.088     4.7756   0.016953     0.1296     0.0743 0.0000e+00
        158     -0.090     4.7757   0.016979     0.1298     0.0744 0.0000e+00
        159     -0.093     4.7758   0.017089     0.1307     0.0751 0.0000e+00
        160     -0.096     4.7759   0.017246     0.1319     0.0761 0.0000e+00
        161     -0.096     4.7759   0.017328     0.1326     0.0766 0.0000e+00
        162     -0.093     4.7759   0.017349     0.1328     0.0768 0.0000e+00
        163     -0.092     4.7760   0.017387     0.1331     0.0770 0.0000e+00
        164     -0.093     4.7762   0.017417     0.1333     0.0772 0.0000e+00
        165     -0.092     4.7763   0.017447     0.1335     0.0774 0.0000e+00
        166     -0.091     4.7763   0.017490     0.1339     0.0777 0.0000e+00
        167     -0.091     4.7765   0.017510     0.1340     0.0778 0.0000e+00
        168     -0.088     4.7766   0.017456     0.1336     0.0774 0.0000e+00
        169     -0.086     4.7767   0.017318     0.1325     0.0766 0.0000e+00
        170     -0.087     4.7767   0.017166     0.1313     0.0756 0.0000e+00
        171     -0.090     4.7767   0.017015     0.1301     0.0746 0.0000e+00
        172     -0.092     4.7767   0.016888     0.1291     0.0738 0.0000e+00
        173     -0.091     4.7769   0.016880     0.1290     0.0738 0.0000e+00
        174     -0.089     4.7771   0.016912     0.1293     0.0740 0.0000e+00
        175     -0.088     4.7771   0.016864     0.1289     0.0737 0.0000e+00
        176     -0.088     4.7772   0.016806     0.1285     0.0733 0.0000e+00
        177     -0.089     4.7774   0.016796     0.1284     0.0732 0.0000e+00
        178     -0.092     4.7774   0.016804     0.1284     0.0733 0.0000e+00
        179     -0.095     4.7774   0.016816     0.1285     0.0734 0.0000e+00
        180     -0.096     4.7775   0.016824     0.1286     0.0734 0.0000e+00
        181     -0.095     4.7775   0.016818     0.1286     0.0734 0.0000e+00
        182     -0.095     4.7775   0.016775     0.1282     0.0731 0.0000e+00
        183     -0.093     4.7776   0.016715     0.1277     0.0727 0.0000e+00
        184     -0.089     4.7778   0.016678     0.1274     0.0725 0.0000e+00
        185     -0.088     4.7778   0.016642     0.1272     0.0723 0.0000e+00
        186     -0.091     4.7778   0.016648     0.1272     0.0723 0.0000e+00
        187     -0.094     4.7779   0.016725     0.1278     0.0728 0.0000e+00
        188     -0.094     4.7781   0.016775     0.1282     0.0731 0.0000e+00
        189     -0.091     4.7782   0.016769     0.1282     0.0731 0.0000e+00
        190     -0.089     4.7782   0.016826     0.1286     0.0734 0.0000e+00
        191     -0.088     4.7782   0.016956     0.1296     0.0742 0.0000e+00
        192     -0.088     4.7782   0.017012     0.1301     0.0746 0.0000e+00
        193     -0.088     4.7783   0.016950     0.1296     0.0742 0.0000e+00
        194     -0.088     4.7785   0.016871     0.1290     0.0737 0.0000e+00
        195     -0.088     4.7786   0.016818     0.1285     0.0734 0.0000e+00
        196     -0.088     4.7786   0.016706     0.1277     0.0727 0.0000e+00
        197     -0.089     4.7786   0.016552     0.1265     0.0717 0.0000e+00
        198     -0.090     4.7787   0.016489     0.1260     0.0713 0.0000e+00
        199     -0.089     4.7789   0.016507     0.1261     0.0714 0.0000e+00
        200     -0.088     4.7790   0.016494     0.1260     0.0713 0.0000e+00
        201     -0.089     4.7790   0.016459     0.1257     0.0711 0.0000e+00
        202     -0.092     4.7790   0.016454     0.1257     0.0710 0.0000e+00
        203     -0.093     4.7790   0.016445     0.1256     0.0710 0.0000e+00
        204     -0.092     4.7790   0.016392     0.1252     0.0707 0.0000e+00
        205     -0.091     4.7792   0.016290     0.1244     0.0700 0.0000e+00
