Datasets/Test_Dataset_39219_tow/originals/tel219_2021_049.cnv
* Sea-Bird SBE19plus Data File:
* Filename = C:/AQUIRE/tel219_2021_049.hex
* Software Version AquireV2 AF V2.0
* Temperature SN =  4020
* Conductivity SN =  4020
* System UpLoad Time = May 13 2021 06:53:59
** VESSEL/TRIP/SEQ STN: tel219_2021_049
** LATITUDE: 45 00.00 N
** LONGITUDE: 55 00.00 W
** DATE/TIME: 2021-05-13 04:46
** SOUNDING DEPTH (M): 0381
** PROBE TYPE: S4020
** CTD NUMBER:  49
** FORMAT: T
** COMMENTS: abort - sensor
# nquan = 7                                 
# nvalues = 3570                        
# units = specified
# name 0 = scan: Scan Count
# name 1 = prdM: Pressure, Strain Gauge [db]
# name 2 = tv290C: Temperature [ITS-90, deg C]
# name 3 = c0S/m: Conductivity [S/m]
# name 4 = sal00: Salinity, Practical [PSU]
# name 5 = sigma-t00: Density [sigma-t, kg/m^3 ]
# name 6 = flag: flag
# span 0 =          1,       3570       
# span 1 =     -0.368,    395.460       
# span 2 =     0.5912,     8.4070       
# span 3 =   0.006579,   3.670906       
# span 4 =     0.0501,    35.0566       
# span 5 =     0.0150,    27.3306       
# span 6 = 0.0000e+00, 0.0000e+00       
# interval = seconds: 1
# start_time = May 13 2021 04:46:34 [Instrument's time stamp, header]
# bad_flag = -9.990e-29
*END*
[from data line 2257]
       2258    392.668     7.9888   3.642439    35.0491    27.3142 0.0000e+00
       2259    392.707     7.9886   3.642360    35.0485    27.3137 0.0000e+00
       2260    392.750     7.9909   3.642682    35.0496    27.3142 0.0000e+00
       2261    392.786     7.9937   3.642960    35.0498    27.3140 0.0000e+00
       2262    392.819     7.9935   3.642843    35.0487    27.3131 0.0000e+00
       2263    392.860     7.9926   3.642848    35.0496    27.3140 0.0000e+00
       2264    392.912     7.9877   3.642385    35.0495    27.3147 0.0000e+00
       2265    392.971     7.9739   3.640826    35.0466    27.3144 0.0000e+00
       2266    393.030     7.9613   3.639656    35.0466    27.3163 0.0000e+00
       2267    393.082     7.9581   3.639592    35.0491    27.3187 0.0000e+00
       2268    393.125     7.9577   3.639578    35.0493    27.3190 0.0000e+00
       2269    393.163     7.9552   3.639314    35.0490    27.3191 0.0000e+00
       2270    393.202     7.9508   3.638961    35.0495    27.3202 0.0000e+00
       2271    393.243     7.9449   3.638357    35.0489    27.3206 0.0000e+00
       2272    393.276     7.9406   3.637905    35.0484    27.3208 0.0000e+00
       2273    393.296     7.9387   3.637866    35.0498    27.3223 0.0000e+00
       2274    393.316     7.9356   3.637615    35.0502    27.3230 0.0000e+00
       2275    393.353     7.9322   3.637263    35.0498    27.3232 0.0000e+00
       2276    393.398     7.9322   3.637333    35.0506    27.3238 0.0000e+00
       2277    393.424     7.9344   3.637582    35.0510    27.3238 0.0000e+00
       2278    393.422     7.9373   3.637843    35.0509    27.3233 0.0000e+00
       2279    393.417     7.9405   3.638132    35.0508    27.3228 0.0000e+00
       2280    393.447     7.9421   3.638286    35.0509    27.3226 0.0000e+00
       2281    393.514     7.9417   3.638164    35.0499    27.3219 0.0000e+00
       2282    393.587     7.9421   3.638168    35.0495    27.3215 0.0000e+00
       2283    393.640     7.9436   3.638415    35.0507    27.3222 0.0000e+00
       2284    393.666     7.9444   3.638459    35.0503    27.3218 0.0000e+00
       2285    393.673     7.9463   3.638603    35.0500    27.3212 0.0000e+00
       2286    393.677     7.9491   3.638968    35.0511    27.3217 0.0000e+00
       2287    393.704     7.9460   3.638596    35.0502    27.3214 0.0000e+00
       2288    393.763     7.9360   3.637464    35.0480    27.3212 0.0000e+00
       2289    393.830     7.9285   3.636900    35.0494    27.3234 0.0000e+00
       2290    393.875     7.9291   3.637183    35.0518    27.3253 0.0000e+00
       2291    393.894     7.9343   3.637644    35.0516    27.3243 0.0000e+00
       2292    393.911     7.9391   3.638054    35.0512    27.3232 0.0000e+00
       2293    393.948     7.9419   3.638300    35.0510    27.3227 0.0000e+00
       2294    393.999     7.9420   3.638294    35.0508    27.3225 0.0000e+00
       2295    394.046     7.9399   3.638066    35.0504    27.3225 0.0000e+00
       2296    394.088     7.9378   3.637842    35.0501    27.3226 0.0000e+00
       2297    394.137     7.9382   3.637926    35.0506    27.3229 0.0000e+00
       2298    394.195     7.9413   3.638241    35.0508    27.3227 0.0000e+00
       2299    394.245     7.9419   3.638302    35.0509    27.3226 0.0000e+00
       2300    394.268     7.9366   3.637790    35.0507    27.3232 0.0000e+00
       2301    394.264     7.9303   3.637224    35.0509    27.3243 0.0000e+00
       2302    394.256     7.9283   3.637105    35.0516    27.3252 0.0000e+00
       2303    394.281     7.9294   3.637210    35.0516    27.3251 0.0000e+00
       2304    394.351     7.9300   3.637285    35.0518    27.3251 0.0000e+00
       2305    394.452     7.9292   3.637191    35.0515    27.3250 0.0000e+00
       2306    394.563     7.9279   3.637020    35.0509    27.3247 0.0000e+00
       2307    394.675     7.9280   3.637060    35.0512    27.3249 0.0000e+00
       2308    394.804     7.9302   3.637285    35.0514    27.3247 0.0000e+00
       2309    394.958     7.9320   3.637507    35.0519    27.3249 0.0000e+00
       2310    395.108     7.9305   3.637316    35.0513    27.3246 0.0000e+00
       2311    395.235     7.9271   3.636917    35.0503    27.3244 0.0000e+00
       2312    395.343     7.9254   3.636885    35.0516    27.3257 0.0000e+00
       2313    395.428     7.9262   3.637008    35.0521    27.3259 0.0000e+00
       2314    395.460     7.9292   3.637308    35.0523    27.3256 0.0000e+00
       2315    395.426     7.9338   3.637746    35.0524    27.3250 0.0000e+00
       2316    395.366     7.9371   3.637947    35.0513    27.3237 0.0000e+00
       2317    395.335     7.9368   3.637924    35.0514    27.3238 0.0000e+00
       2318    395.333     7.9351   3.637691    35.0506    27.3234 0.0000e+00
       2319    395.310     7.9360   3.637817    35.0510    27.3236 0.0000e+00
       2320    395.241     7.9375   3.638138    35.0530    27.3249 0.0000e+00
       2321    395.144     7.9353   3.637739    35.0510    27.3237 0.0000e+00
       2322    395.044     7.9314   3.637331    35.0506    27.3239 0.0000e+00
       2323    394.945     7.9297   3.637246    35.0514    27.3248 0.0000e+00
       2324    394.841     7.9308   3.637318    35.0511    27.3244 0.0000e+00
       2325    394.732     7.9318   3.637481    35.0519    27.3249 0.0000e+00
       2326    394.621     7.9292   3.637166    35.0512    27.3247 0.0000e+00
       2327    394.500     7.9250   3.636757    35.0511    27.3253 0.0000e+00
       2328    394.358     7.9225   3.636590    35.0518    27.3262 0.0000e+00
       2329    394.198     7.9229   3.636604    35.0517    27.3260 0.0000e+00
       2330    394.027     7.9255   3.636889    35.0522    27.3261 0.0000e+00
       2331    393.845     7.9297   3.637281    35.0523    27.3255 0.0000e+00
       2332    393.653     7.9343   3.637683    35.0521    27.3247 0.0000e+00
       2333    393.460     7.9366   3.637867    35.0519    27.3242 0.0000e+00
       2334    393.273     7.9366   3.637902    35.0523    27.3245 0.0000e+00
       2335    393.080     7.9358   3.637798    35.0521    27.3245 0.0000e+00
       2336    392.865     7.9341   3.637413    35.0498    27.3229 0.0000e+00
       2337    392.627     7.9342   3.637453    35.0502    27.3232 0.0000e+00
       2338    392.382     7.9384   3.638042    35.0525    27.3244 0.0000e+00
       2339    392.153     7.9448   3.638647    35.0527    27.3236 0.0000e+00
       2340    391.941     7.9513   3.639177    35.0520    27.3220 0.0000e+00
       2341    391.725     7.9555   3.639578    35.0522    27.3216 0.0000e+00
       2342    391.484     7.9540   3.639409    35.0520    27.3216 0.0000e+00
       2343    391.224     7.9481   3.638705    35.0504    27.3213 0.0000e+00
       2344    390.971     7.9447   3.638389    35.0506    27.3219 0.0000e+00
       2345    390.738     7.9459   3.638550    35.0512    27.3223 0.0000e+00
       2346    390.509     7.9482   3.638722    35.0509    27.3216 0.0000e+00
       2347    390.262     7.9499   3.638896    35.0512    27.3216 0.0000e+00
       2348    389.996     7.9519   3.639012    35.0505    27.3208 0.0000e+00
       2349    389.728     7.9535   3.639100    35.0500    27.3202 0.0000e+00
       2350    389.478     7.9546   3.639239    35.0505    27.3204 0.0000e+00
       2351    389.245     7.9551   3.639275    35.0505    27.3203 0.0000e+00
       2352    389.015     7.9568   3.639397    35.0502    27.3199 0.0000e+00
       2353    388.770     7.9599   3.639731    35.0508    27.3199 0.0000e+00
       2354    388.501     7.9612   3.639830    35.0507    27.3196 0.0000e+00
       2355    388.217     7.9611   3.639778    35.0504    27.3193 0.0000e+00
       2356    387.948     7.9613   3.639753    35.0501    27.3190 0.0000e+00
       2357    387.711     7.9618   3.639713    35.0492    27.3183 0.0000e+00
       2358    387.496     7.9628   3.639866    35.0500    27.3188 0.0000e+00
       2359    387.281     7.9636   3.639951    35.0502    27.3188 0.0000e+00
       2360    387.050     7.9624   3.639790    35.0498    27.3187 0.0000e+00
       2361    386.805     7.9605   3.639609    35.0499    27.3190 0.0000e+00
       2362    386.565     7.9609   3.639628    35.0498    27.3189 0.0000e+00
       2363    386.342     7.9652   3.640041    35.0500    27.3184 0.0000e+00
       2364    386.129     7.9707   3.640594    35.0506    27.3180 0.0000e+00
       2365    385.905     7.9728   3.640785    35.0506    27.3178 0.0000e+00
       2366    385.669     7.9714   3.640515    35.0492    27.3169 0.0000e+00
       2367    385.429     7.9710   3.640429    35.0488    27.3166 0.0000e+00
       2368    385.194     7.9684   3.640300    35.0502    27.3181 0.0000e+00
       2369    384.973     7.9551   3.638971    35.0493    27.3194 0.0000e+00
       2370    384.763     7.9404   3.637538    35.0487    27.3211 0.0000e+00
       2371    384.553     7.9404   3.637772    35.0513    27.3232 0.0000e+00
       2372    384.329     7.9489   3.638819    35.0542    27.3241 0.0000e+00
       2373    384.096     7.9501   3.638808    35.0530    27.3230 0.0000e+00
       2374    383.882     7.9424   3.637757    35.0495    27.3214 0.0000e+00
       2375    383.697     7.9352   3.637127    35.0500    27.3229 0.0000e+00
       2376    383.521     7.9357   3.637379    35.0523    27.3246 0.0000e+00
       2377    383.332     7.9402   3.637930    35.0538    27.3251 0.0000e+00
       2378    383.134     7.9374   3.637542    35.0525    27.3246 0.0000e+00
       2379    382.940     7.9300   3.636577    35.0497    27.3234 0.0000e+00
       2380    382.757     7.9329   3.637008    35.0515    27.3244 0.0000e+00
       2381    382.579     7.9429   3.638235    35.0547    27.3255 0.0000e+00
       2382    382.396     7.9474   3.638534    35.0535    27.3239 0.0000e+00
       2383    382.215     7.9461   3.638222    35.0516    27.3225 0.0000e+00
       2384    382.050     7.9459   3.638292    35.0526    27.3234 0.0000e+00
       2385    381.895     7.9475   3.638480    35.0531    27.3235 0.0000e+00
       2386    381.727     7.9476   3.638394    35.0522    27.3227 0.0000e+00
       2387    381.531     7.9467   3.638318    35.0523    27.3230 0.0000e+00
       2388    381.327     7.9459   3.638275    35.0528    27.3235 0.0000e+00
       2389    381.152     7.9445   3.638123    35.0526    27.3236 0.0000e+00
       2390    381.008     7.9441   3.638060    35.0524    27.3235 0.0000e+00
       2391    380.879     7.9450   3.638167    35.0527    27.3236 0.0000e+00
       2392    380.750     7.9460   3.638255    35.0527    27.3234 0.0000e+00
       2393    380.605     7.9459   3.638242    35.0528    27.3235 0.0000e+00
       2394    380.437     7.9428   3.637925    35.0525    27.3238 0.0000e+00
       2395    380.257     7.9385   3.637408    35.0514    27.3235 0.0000e+00
       2396    380.088     7.9375   3.637314    35.0514    27.3237 0.0000e+00
       2397    379.938     7.9397   3.637600    35.0524    27.3241 0.0000e+00
       2398    379.799     7.9407   3.637677    35.0523    27.3239 0.0000e+00
       2399    379.657     7.9402   3.637594    35.0520    27.3237 0.0000e+00
       2400    379.498     7.9394   3.637574    35.0526    27.3243 0.0000e+00
       2401    379.319     7.9375   3.637400    35.0527    27.3247 0.0000e+00
       2402    379.141     7.9348   3.637115    35.0525    27.3249 0.0000e+00
       2403    378.987     7.9337   3.637045    35.0529    27.3254 0.0000e+00
       2404    378.864     7.9343   3.637140    35.0534    27.3257 0.0000e+00
       2405    378.757     7.9346   3.637166    35.0534    27.3257 0.0000e+00
       2406    378.633     7.9334   3.636991    35.0528    27.3254 0.0000e+00
       2407    378.476     7.9308   3.636792    35.0533    27.3262 0.0000e+00
       2408    378.299     7.9285   3.636645    35.0541    27.3271 0.0000e+00
       2409    378.128     7.9268   3.636470    35.0540    27.3273 0.0000e+00
       2410    377.985     7.9257   3.636338    35.0538    27.3273 0.0000e+00
       2411    377.869     7.9250   3.636287    35.0540    27.3276 0.0000e+00
       2412    377.748     7.9246   3.636288    35.0544    27.3280 0.0000e+00
       2413    377.596     7.9245   3.636249    35.0542    27.3278 0.0000e+00
       2414    377.426     7.9242   3.636222    35.0543    27.3279 0.0000e+00
       2415    377.271     7.9243   3.636245    35.0545    27.3281 0.0000e+00
       2416    377.141     7.9242   3.636264    35.0549    27.3284 0.0000e+00
       2417    377.013     7.9219   3.635991    35.0543    27.3283 0.0000e+00
       2418    376.861     7.9193   3.635639    35.0532    27.3278 0.0000e+00
       2419    376.685     7.9218   3.635989    35.0545    27.3285 0.0000e+00
       2420    376.505     7.9269   3.636565    35.0557    27.3286 0.0000e+00
       2421    376.345     7.9275   3.636477    35.0543    27.3274 0.0000e+00
       2422    376.214     7.9253   3.636170    35.0532    27.3269 0.0000e+00
       2423    376.082     7.9260   3.636337    35.0544    27.3277 0.0000e+00
       2424    375.919     7.9299   3.636742    35.0549    27.3276 0.0000e+00
       2425    375.737     7.9336   3.637058    35.0547    27.3268 0.0000e+00
       2426    375.571     7.9355   3.637221    35.0546    27.3265 0.0000e+00
       2427    375.431     7.9363   3.637254    35.0542    27.3261 0.0000e+00
       2428    375.287     7.9378   3.637403    35.0544    27.3260 0.0000e+00
       2429    375.111     7.9404   3.637654    35.0546    27.3257 0.0000e+00
       2430    374.911     7.9419   3.637754    35.0543    27.3252 0.0000e+00
       2431    374.721     7.9409   3.637644    35.0542    27.3253 0.0000e+00
       2432    374.560     7.9383   3.637405    35.0543    27.3258 0.0000e+00
       2433    374.417     7.9358   3.637166    35.0543    27.3262 0.0000e+00
       2434    374.258     7.9351   3.637112    35.0545    27.3264 0.0000e+00
       2435    374.059     7.9366   3.637298    35.0551    27.3267 0.0000e+00
       2436    373.837     7.9388   3.637504    35.0552    27.3264 0.0000e+00
       2437    373.632     7.9403   3.637598    35.0548    27.3259 0.0000e+00
       2438    373.473     7.9415   3.637717    35.0549    27.3259 0.0000e+00
       2439    373.347     7.9421   3.637805    35.0554    27.3261 0.0000e+00
       2440    373.202     7.9402   3.637581    35.0549    27.3260 0.0000e+00
       2441    372.998     7.9347   3.636969    35.0539    27.3261 0.0000e+00
       2442    372.760     7.9271   3.636252    35.0540    27.3272 0.0000e+00
       2443    372.534     7.9214   3.635736    35.0542    27.3283 0.0000e+00
       2444    372.343     7.9195   3.635599    35.0547    27.3290 0.0000e+00
       2445    372.180     7.9201   3.635722    35.0555    27.3295 0.0000e+00
       2446    372.023     7.9218   3.635880    35.0556    27.3293 0.0000e+00
       2447    371.853     7.9241   3.636068    35.0554    27.3288 0.0000e+00
       2448    371.672     7.9275   3.636391    35.0556    27.3284 0.0000e+00
       2449    371.481     7.9307   3.636745    35.0563    27.3285 0.0000e+00
       2450    371.285     7.9320   3.636835    35.0560    27.3281 0.0000e+00
       2451    371.098     7.9323   3.636863    35.0561    27.3282 0.0000e+00
       2452    370.927     7.9332   3.636987    35.0566    27.3284 0.0000e+00
       2453    370.765     7.9339   3.636987    35.0560    27.3278 0.0000e+00
       2454    370.584     7.9354   3.637096    35.0558    27.3274 0.0000e+00
       2455    370.371     7.9383   3.637417    35.0564    27.3275 0.0000e+00
       2456    370.145     7.9383   3.637391    35.0562    27.3274 0.0000e+00
       2457    369.926     7.9348   3.636966    35.0553    27.3271 0.0000e+00
       2458    369.725     7.9306   3.636566    35.0553    27.3278 0.0000e+00
       2459    369.545     7.9261   3.636148    35.0554    27.3285 0.0000e+00
       2460    369.378     7.9220   3.635800    35.0558    27.3295 0.0000e+00
       2461    369.213     7.9197   3.635627    35.0563    27.3302 0.0000e+00
