Datasets/Test_Dataset_39219_tow/originals/tel219_2021_010.cnv
* Sea-Bird SBE19plus Data File:
* Filename = C:/AQUIRE/tel219_2021_010.hex
* Software Version AquireV2 AF V2.0
* Temperature SN =  4020
* Conductivity SN =  4020
* System UpLoad Time = May 06 2021 19:14:00
** VESSEL/TRIP/SEQ STN: tel219_2021_010
** LATITUDE: 46 01.21 N
** LONGITUDE: 55 52.42 W
** DATE/TIME: 2021-05-06 18:29
** SOUNDING DEPTH (M): 0076
** PROBE TYPE: S4020
** CTD NUMBER: 010
** FORMAT: T
** COMMENTS: 
# nquan = 7                                 
# nvalues = 2742                        
# units = specified
# name 0 = scan: Scan Count
# name 1 = prdM: Pressure, Strain Gauge [db]
# name 2 = tv290C: Temperature [ITS-90, deg C]
# name 3 = c0S/m: Conductivity [S/m]
# name 4 = sal00: Salinity, Practical [PSU]
# name 5 = sigma-t00: Density [sigma-t, kg/m^3 ]
# name 6 = flag: flag
# span 0 =          1,       2742       
# span 1 =     -0.150,     71.403       
# span 2 =     1.2203,     3.6856       
# span 3 =   0.008465,   2.969765       
# span 4 =     0.0654,    32.2478       
# span 5 =     0.0259,    25.8164       
# span 6 = 0.0000e+00, 0.0000e+00       
# interval = seconds: 1
# start_time = May 06 2021 18:29:35 [Instrument's time stamp, header]
# bad_flag = -9.990e-29
*END*
[from data line 1847]
       1848     70.560     1.2212   2.796971    32.2426    25.8151 0.0000e+00
       1849     70.552     1.2211   2.796955    32.2425    25.8151 0.0000e+00
       1850     70.544     1.2209   2.796935    32.2425    25.8150 0.0000e+00
       1851     70.540     1.2214   2.796971    32.2424    25.8150 0.0000e+00
       1852     70.539     1.2223   2.797053    32.2425    25.8150 0.0000e+00
       1853     70.537     1.2230   2.797099    32.2424    25.8149 0.0000e+00
       1854     70.524     1.2233   2.797105    32.2422    25.8147 0.0000e+00
       1855     70.500     1.2235   2.797111    32.2420    25.8145 0.0000e+00
       1856     70.482     1.2234   2.797110    32.2421    25.8146 0.0000e+00
       1857     70.483     1.2227   2.797056    32.2422    25.8147 0.0000e+00
       1858     70.498     1.2220   2.797001    32.2422    25.8148 0.0000e+00
       1859     70.514     1.2222   2.797025    32.2423    25.8148 0.0000e+00
       1860     70.524     1.2229   2.797080    32.2422    25.8148 0.0000e+00
       1861     70.523     1.2233   2.797108    32.2422    25.8147 0.0000e+00
       1862     70.508     1.2236   2.797121    32.2421    25.8146 0.0000e+00
       1863     70.483     1.2240   2.797144    32.2419    25.8144 0.0000e+00
       1864     70.458     1.2243   2.797164    32.2419    25.8144 0.0000e+00
       1865     70.444     1.2240   2.797142    32.2419    25.8144 0.0000e+00
       1866     70.443     1.2239   2.797139    32.2420    25.8145 0.0000e+00
       1867     70.453     1.2245   2.797182    32.2419    25.8144 0.0000e+00
       1868     70.468     1.2248   2.797165    32.2414    25.8140 0.0000e+00
       1869     70.477     1.2246   2.797122    32.2411    25.8137 0.0000e+00
       1870     70.477     1.2245   2.797154    32.2416    25.8141 0.0000e+00
       1871     70.473     1.2245   2.797177    32.2419    25.8143 0.0000e+00
       1872     70.471     1.2247   2.797185    32.2418    25.8142 0.0000e+00
       1873     70.469     1.2251   2.797220    32.2418    25.8142 0.0000e+00
       1874     70.465     1.2252   2.797227    32.2418    25.8142 0.0000e+00
       1875     70.456     1.2248   2.797205    32.2419    25.8144 0.0000e+00
       1876     70.449     1.2242   2.797171    32.2421    25.8146 0.0000e+00
       1877     70.449     1.2235   2.797113    32.2421    25.8146 0.0000e+00
       1878     70.448     1.2230   2.797070    32.2421    25.8146 0.0000e+00
       1879     70.440     1.2226   2.797056    32.2423    25.8148 0.0000e+00
       1880     70.427     1.2226   2.797057    32.2423    25.8148 0.0000e+00
       1881     70.416     1.2230   2.797092    32.2424    25.8148 0.0000e+00
       1882     70.413     1.2233   2.797114    32.2423    25.8148 0.0000e+00
       1883     70.416     1.2232   2.797104    32.2423    25.8148 0.0000e+00
       1884     70.423     1.2230   2.797092    32.2424    25.8148 0.0000e+00
       1885     70.428     1.2228   2.797070    32.2423    25.8148 0.0000e+00
       1886     70.425     1.2232   2.797085    32.2421    25.8146 0.0000e+00
       1887     70.415     1.2240   2.797157    32.2422    25.8146 0.0000e+00
       1888     70.407     1.2248   2.797217    32.2421    25.8145 0.0000e+00
       1889     70.406     1.2250   2.797218    32.2419    25.8143 0.0000e+00
       1890     70.407     1.2245   2.797182    32.2420    25.8144 0.0000e+00
       1891     70.403     1.2239   2.797149    32.2422    25.8146 0.0000e+00
       1892     70.396     1.2235   2.797112    32.2421    25.8146 0.0000e+00
       1893     70.387     1.2232   2.797085    32.2421    25.8146 0.0000e+00
       1894     70.377     1.2233   2.797103    32.2422    25.8147 0.0000e+00
       1895     70.373     1.2239   2.797148    32.2422    25.8146 0.0000e+00
       1896     70.375     1.2245   2.797183    32.2420    25.8144 0.0000e+00
       1897     70.377     1.2245   2.797189    32.2421    25.8145 0.0000e+00
       1898     70.376     1.2243   2.797163    32.2419    25.8144 0.0000e+00
       1899     70.375     1.2240   2.797142    32.2420    25.8145 0.0000e+00
       1900     70.372     1.2239   2.797147    32.2422    25.8146 0.0000e+00
       1901     70.365     1.2236   2.797140    32.2424    25.8148 0.0000e+00
       1902     70.356     1.2231   2.797101    32.2424    25.8149 0.0000e+00
       1903     70.347     1.2226   2.797062    32.2424    25.8149 0.0000e+00
       1904     70.339     1.2224   2.797041    32.2424    25.8149 0.0000e+00
       1905     70.328     1.2222   2.797025    32.2424    25.8149 0.0000e+00
       1906     70.312     1.2218   2.797004    32.2425    25.8151 0.0000e+00
       1907     70.298     1.2218   2.796999    32.2425    25.8150 0.0000e+00
       1908     70.293     1.2220   2.797024    32.2426    25.8151 0.0000e+00
       1909     70.296     1.2222   2.797038    32.2426    25.8151 0.0000e+00
       1910     70.298     1.2220   2.797007    32.2424    25.8149 0.0000e+00
       1911     70.292     1.2216   2.796976    32.2424    25.8150 0.0000e+00
       1912     70.285     1.2214   2.796970    32.2425    25.8151 0.0000e+00
       1913     70.283     1.2213   2.796961    32.2425    25.8151 0.0000e+00
       1914     70.286     1.2212   2.796955    32.2425    25.8151 0.0000e+00
       1915     70.288     1.2214   2.796976    32.2426    25.8151 0.0000e+00
       1916     70.287     1.2220   2.797020    32.2425    25.8151 0.0000e+00
       1917     70.289     1.2222   2.797033    32.2425    25.8150 0.0000e+00
       1918     70.297     1.2221   2.797014    32.2424    25.8149 0.0000e+00
       1919     70.301     1.2220   2.797014    32.2425    25.8150 0.0000e+00
       1920     70.295     1.2220   2.797010    32.2424    25.8149 0.0000e+00
       1921     70.285     1.2216   2.796967    32.2423    25.8149 0.0000e+00
       1922     70.276     1.2219   2.796991    32.2423    25.8148 0.0000e+00
       1923     70.271     1.2231   2.797102    32.2425    25.8149 0.0000e+00
       1924     70.271     1.2239   2.797158    32.2423    25.8148 0.0000e+00
       1925     70.275     1.2234   2.797109    32.2422    25.8147 0.0000e+00
       1926     70.274     1.2224   2.797025    32.2422    25.8148 0.0000e+00
       1927     70.269     1.2216   2.796980    32.2425    25.8150 0.0000e+00
       1928     70.266     1.2216   2.796985    32.2425    25.8151 0.0000e+00
       1929     70.273     1.2218   2.796999    32.2425    25.8150 0.0000e+00
       1930     70.286     1.2218   2.796999    32.2425    25.8150 0.0000e+00
       1931     70.285     1.2219   2.797003    32.2424    25.8150 0.0000e+00
       1932     70.260     1.2222   2.797028    32.2425    25.8150 0.0000e+00
       1933     70.230     1.2226   2.797051    32.2424    25.8149 0.0000e+00
       1934     70.213     1.2230   2.797074    32.2422    25.8147 0.0000e+00
       1935     70.212     1.2238   2.797141    32.2423    25.8147 0.0000e+00
       1936     70.218     1.2247   2.797212    32.2422    25.8146 0.0000e+00
       1937     70.226     1.2253   2.797237    32.2419    25.8144 0.0000e+00
       1938     70.234     1.2255   2.797252    32.2419    25.8143 0.0000e+00
       1939     70.234     1.2249   2.797215    32.2421    25.8145 0.0000e+00
       1940     70.227     1.2233   2.797090    32.2421    25.8146 0.0000e+00
       1941     70.224     1.2220   2.796989    32.2422    25.8148 0.0000e+00
       1942     70.227     1.2218   2.796985    32.2423    25.8149 0.0000e+00
       1943     70.230     1.2218   2.797012    32.2427    25.8152 0.0000e+00
       1944     70.230     1.2216   2.796988    32.2426    25.8151 0.0000e+00
       1945     70.226     1.2213   2.796952    32.2424    25.8150 0.0000e+00
       1946     70.221     1.2214   2.796963    32.2425    25.8150 0.0000e+00
       1947     70.218     1.2219   2.797001    32.2424    25.8150 0.0000e+00
       1948     70.220     1.2223   2.797035    32.2425    25.8150 0.0000e+00
       1949     70.222     1.2224   2.797044    32.2425    25.8150 0.0000e+00
       1950     70.216     1.2226   2.797051    32.2424    25.8149 0.0000e+00
       1951     70.207     1.2226   2.797059    32.2425    25.8149 0.0000e+00
       1952     70.200     1.2223   2.797034    32.2425    25.8150 0.0000e+00
       1953     70.197     1.2219   2.797005    32.2425    25.8150 0.0000e+00
       1954     70.194     1.2219   2.797005    32.2425    25.8150 0.0000e+00
       1955     70.181     1.2220   2.797015    32.2425    25.8150 0.0000e+00
       1956     70.155     1.2219   2.797006    32.2425    25.8151 0.0000e+00
       1957     70.128     1.2215   2.796973    32.2426    25.8151 0.0000e+00
       1958     70.116     1.2214   2.796968    32.2426    25.8151 0.0000e+00
       1959     70.124     1.2221   2.797020    32.2425    25.8150 0.0000e+00
       1960     70.143     1.2229   2.797069    32.2423    25.8148 0.0000e+00
       1961     70.152     1.2231   2.797076    32.2422    25.8147 0.0000e+00
       1962     70.146     1.2229   2.797062    32.2422    25.8147 0.0000e+00
       1963     70.136     1.2226   2.797052    32.2424    25.8149 0.0000e+00
       1964     70.135     1.2226   2.797055    32.2425    25.8149 0.0000e+00
       1965     70.143     1.2226   2.797049    32.2424    25.8149 0.0000e+00
       1966     70.147     1.2228   2.797057    32.2423    25.8148 0.0000e+00
       1967     70.142     1.2232   2.797088    32.2423    25.8147 0.0000e+00
       1968     70.132     1.2233   2.797100    32.2423    25.8148 0.0000e+00
       1969     70.120     1.2230   2.797078    32.2423    25.8148 0.0000e+00
       1970     70.110     1.2224   2.797036    32.2424    25.8149 0.0000e+00
       1971     70.104     1.2220   2.797005    32.2425    25.8150 0.0000e+00
       1972     70.107     1.2218   2.796990    32.2425    25.8150 0.0000e+00
       1973     70.119     1.2220   2.797001    32.2424    25.8149 0.0000e+00
       1974     70.130     1.2222   2.797025    32.2425    25.8150 0.0000e+00
       1975     70.138     1.2221   2.797014    32.2424    25.8150 0.0000e+00
       1976     70.142     1.2216   2.796970    32.2424    25.8150 0.0000e+00
       1977     70.141     1.2211   2.796929    32.2424    25.8150 0.0000e+00
       1978     70.137     1.2207   2.796906    32.2425    25.8151 0.0000e+00
       1979     70.136     1.2206   2.796906    32.2426    25.8152 0.0000e+00
       1980     70.137     1.2209   2.796933    32.2427    25.8152 0.0000e+00
       1981     70.134     1.2212   2.796961    32.2427    25.8152 0.0000e+00
       1982     70.127     1.2215   2.796971    32.2425    25.8151 0.0000e+00
       1983     70.117     1.2218   2.796992    32.2425    25.8150 0.0000e+00
       1984     70.104     1.2221   2.797015    32.2425    25.8150 0.0000e+00
       1985     70.094     1.2221   2.797008    32.2424    25.8149 0.0000e+00
       1986     70.097     1.2220   2.797004    32.2424    25.8150 0.0000e+00
       1987     70.115     1.2220   2.797016    32.2426    25.8151 0.0000e+00
       1988     70.136     1.2222   2.797029    32.2425    25.8150 0.0000e+00
       1989     70.148     1.2223   2.797040    32.2426    25.8150 0.0000e+00
       1990     70.154     1.2220   2.797025    32.2427    25.8152 0.0000e+00
       1991     70.154     1.2214   2.796976    32.2427    25.8152 0.0000e+00
       1992     70.148     1.2208   2.796919    32.2426    25.8152 0.0000e+00
       1993     70.138     1.2203   2.796876    32.2426    25.8152 0.0000e+00
       1994     70.129     1.2203   2.796878    32.2426    25.8152 0.0000e+00
       1995     70.129     1.2208   2.796919    32.2426    25.8152 0.0000e+00
       1996     70.139     1.2210   2.796936    32.2426    25.8151 0.0000e+00
       1997     70.148     1.2207   2.796916    32.2426    25.8152 0.0000e+00
       1998     70.153     1.2204   2.796892    32.2426    25.8152 0.0000e+00
       1999     70.155     1.2205   2.796894    32.2426    25.8152 0.0000e+00
       2000     70.161     1.2207   2.796912    32.2426    25.8152 0.0000e+00
       2001     70.174     1.2208   2.796915    32.2425    25.8151 0.0000e+00
       2002     70.192     1.2208   2.796921    32.2426    25.8152 0.0000e+00
       2003     70.217     1.2210   2.796942    32.2426    25.8152 0.0000e+00
       2004     70.242     1.2211   2.796949    32.2426    25.8151 0.0000e+00
       2005     70.260     1.2214   2.796963    32.2425    25.8150 0.0000e+00
       2006     70.266     1.2220   2.797006    32.2424    25.8149 0.0000e+00
       2007     70.259     1.2224   2.797036    32.2424    25.8149 0.0000e+00
       2008     70.248     1.2226   2.797038    32.2422    25.8147 0.0000e+00
       2009     70.249     1.2227   2.797048    32.2422    25.8147 0.0000e+00
       2010     70.265     1.2227   2.797050    32.2422    25.8147 0.0000e+00
       2011     70.283     1.2223   2.797033    32.2424    25.8149 0.0000e+00
       2012     70.292     1.2220   2.797022    32.2426    25.8151 0.0000e+00
       2013     70.294     1.2219   2.797012    32.2425    25.8151 0.0000e+00
       2014     70.297     1.2216   2.796986    32.2425    25.8151 0.0000e+00
       2015     70.301     1.2214   2.796961    32.2424    25.8150 0.0000e+00
       2016     70.307     1.2214   2.796973    32.2426    25.8151 0.0000e+00
       2017     70.312     1.2219   2.797011    32.2425    25.8150 0.0000e+00
       2018     70.308     1.2224   2.797045    32.2424    25.8149 0.0000e+00
       2019     70.302     1.2227   2.797067    32.2424    25.8149 0.0000e+00
       2020     70.305     1.2226   2.797062    32.2424    25.8149 0.0000e+00
       2021     70.319     1.2220   2.797020    32.2425    25.8150 0.0000e+00
       2022     70.335     1.2215   2.796974    32.2424    25.8150 0.0000e+00
       2023     70.345     1.2216   2.796983    32.2425    25.8150 0.0000e+00
       2024     70.347     1.2220   2.797029    32.2426    25.8151 0.0000e+00
       2025     70.346     1.2220   2.797029    32.2426    25.8151 0.0000e+00
       2026     70.350     1.2214   2.796969    32.2425    25.8150 0.0000e+00
       2027     70.364     1.2209   2.796930    32.2425    25.8151 0.0000e+00
       2028     70.382     1.2207   2.796928    32.2427    25.8152 0.0000e+00
       2029     70.391     1.2208   2.796930    32.2426    25.8152 0.0000e+00
       2030     70.391     1.2210   2.796938    32.2425    25.8151 0.0000e+00
       2031     70.384     1.2212   2.796952    32.2425    25.8150 0.0000e+00
       2032     70.375     1.2212   2.796955    32.2425    25.8151 0.0000e+00
       2033     70.368     1.2216   2.796981    32.2424    25.8150 0.0000e+00
       2034     70.369     1.2220   2.797022    32.2425    25.8150 0.0000e+00
       2035     70.376     1.2222   2.797037    32.2425    25.8150 0.0000e+00
       2036     70.388     1.2222   2.797032    32.2424    25.8149 0.0000e+00
       2037     70.407     1.2218   2.797010    32.2426    25.8151 0.0000e+00
       2038     70.430     1.2215   2.796990    32.2426    25.8151 0.0000e+00
       2039     70.453     1.2214   2.796988    32.2427    25.8152 0.0000e+00
       2040     70.475     1.2214   2.796983    32.2426    25.8151 0.0000e+00
       2041     70.488     1.2214   2.796977    32.2425    25.8151 0.0000e+00
       2042     70.489     1.2216   2.796997    32.2426    25.8151 0.0000e+00
       2043     70.480     1.2222   2.797042    32.2425    25.8150 0.0000e+00
       2044     70.466     1.2224   2.797066    32.2426    25.8151 0.0000e+00
       2045     70.455     1.2224   2.797050    32.2424    25.8149 0.0000e+00
       2046     70.448     1.2222   2.797035    32.2424    25.8150 0.0000e+00
       2047     70.448     1.2221   2.797028    32.2425    25.8150 0.0000e+00
       2048     70.457     1.2218   2.797010    32.2425    25.8151 0.0000e+00
       2049     70.474     1.2214   2.796985    32.2426    25.8151 0.0000e+00
       2050     70.488     1.2214   2.796993    32.2427    25.8152 0.0000e+00
       2051     70.493     1.2220   2.797040    32.2427    25.8152 0.0000e+00
