Datasets/Test_Dataset_39219_tow/originals/tel219_2021_042.cnv
* Sea-Bird SBE19plus Data File:
* Filename = C:/AQUIRE/tel219_2021_042.hex
* Software Version AquireV2 AF V2.0
* Temperature SN =  4020
* Conductivity SN =  4020
* System UpLoad Time = May 12 2021 10:58:39
** VESSEL/TRIP/SEQ STN: tel219_2021_042
** LATITUDE: 45 08.48 N
** LONGITUDE: 56 06.89 W
** DATE/TIME: 2021-05-12 10:17
** SOUNDING DEPTH (M): 0088
** PROBE TYPE: S4020
** CTD NUMBER:  42
** FORMAT: T
** COMMENTS: 
# nquan = 7                                 
# nvalues = 2539                        
# units = specified
# name 0 = scan: Scan Count
# name 1 = prdM: Pressure, Strain Gauge [db]
# name 2 = tv290C: Temperature [ITS-90, deg C]
# name 3 = c0S/m: Conductivity [S/m]
# name 4 = sal00: Salinity, Practical [PSU]
# name 5 = sigma-t00: Density [sigma-t, kg/m^3 ]
# name 6 = flag: flag
# span 0 =          1,       2539       
# span 1 =     -0.156,     85.644       
# span 2 =     1.1273,     4.6376       
# span 3 =   0.012057,   2.992938       
# span 4 =     0.0917,    32.4424       
# span 5 =     0.0458,    25.9774       
# span 6 = 0.0000e+00, 0.0000e+00       
# interval = seconds: 1
# start_time = May 12 2021 10:17:28 [Instrument's time stamp, header]
# bad_flag = -9.990e-29
*END*
[from data line 1436]
       1437     85.541     1.5763   2.842007    32.4376    25.9487 0.0000e+00
       1438     85.537     1.5742   2.841814    32.4373    25.9487 0.0000e+00
       1439     85.545     1.5719   2.841586    32.4368    25.9484 0.0000e+00
       1440     85.563     1.5689   2.841339    32.4368    25.9486 0.0000e+00
       1441     85.590     1.5637   2.840803    32.4354    25.9478 0.0000e+00
       1442     85.621     1.5576   2.840071    32.4325    25.9459 0.0000e+00
       1443     85.644     1.5541   2.839686    32.4312    25.9451 0.0000e+00
       1444     85.638     1.5544   2.839776    32.4320    25.9457 0.0000e+00
       1445     85.591     1.5559   2.840075    32.4343    25.9474 0.0000e+00
       1446     85.523     1.5573   2.840266    32.4353    25.9482 0.0000e+00
       1447     85.464     1.5592   2.840338    32.4343    25.9472 0.0000e+00
       1448     85.435     1.5625   2.840548    32.4335    25.9464 0.0000e+00
       1449     85.446     1.5665   2.840966    32.4347    25.9470 0.0000e+00
       1450     85.489     1.5686   2.841256    32.4361    25.9481 0.0000e+00
       1451     85.541     1.5667   2.841057    32.4355    25.9477 0.0000e+00
       1452     85.583     1.5630   2.840692    32.4347    25.9473 0.0000e+00
       1453     85.596     1.5608   2.840598    32.4358    25.9483 0.0000e+00
       1454     85.574     1.5593   2.840551    32.4368    25.9492 0.0000e+00
       1455     85.535     1.5533   2.839930    32.4352    25.9483 0.0000e+00
       1456     85.506     1.5415   2.838523    32.4296    25.9447 0.0000e+00
       1457     85.501     1.5303   2.837203    32.4246    25.9413 0.0000e+00
       1458     85.515     1.5257   2.836775    32.4239    25.9411 0.0000e+00
       1459     85.536     1.5256   2.836859    32.4251    25.9421 0.0000e+00
       1460     85.556     1.5252   2.836840    32.4252    25.9422 0.0000e+00
       1461     85.570     1.5238   2.836670    32.4245    25.9417 0.0000e+00
       1462     85.573     1.5229   2.836569    32.4242    25.9415 0.0000e+00
       1463     85.568     1.5219   2.836492    32.4242    25.9416 0.0000e+00
       1464     85.555     1.5194   2.836215    32.4233    25.9411 0.0000e+00
       1465     85.537     1.5165   2.835876    32.4221    25.9403 0.0000e+00
       1466     85.518     1.5156   2.835789    32.4219    25.9402 0.0000e+00
       1467     85.500     1.5165   2.835883    32.4222    25.9403 0.0000e+00
       1468     85.491     1.5176   2.835949    32.4219    25.9400 0.0000e+00
       1469     85.499     1.5177   2.835926    32.4215    25.9397 0.0000e+00
       1470     85.521     1.5169   2.835848    32.4213    25.9396 0.0000e+00
       1471     85.545     1.5164   2.835792    32.4211    25.9395 0.0000e+00
       1472     85.563     1.5170   2.835811    32.4207    25.9391 0.0000e+00
       1473     85.575     1.5183   2.835911    32.4206    25.9390 0.0000e+00
       1474     85.578     1.5196   2.836028    32.4207    25.9390 0.0000e+00
       1475     85.569     1.5212   2.836126    32.4203    25.9386 0.0000e+00
       1476     85.551     1.5254   2.836440    32.4200    25.9380 0.0000e+00
       1477     85.534     1.5331   2.837211    32.4218    25.9389 0.0000e+00
       1478     85.520     1.5418   2.838128    32.4243    25.9404 0.0000e+00
       1479     85.506     1.5482   2.838616    32.4239    25.9396 0.0000e+00
       1480     85.488     1.5515   2.838680    32.4213    25.9373 0.0000e+00
       1481     85.470     1.5536   2.838862    32.4214    25.9373 0.0000e+00
       1482     85.465     1.5564   2.839382    32.4251    25.9400 0.0000e+00
       1483     85.476     1.5600   2.839937    32.4284    25.9424 0.0000e+00
       1484     85.494     1.5631   2.840274    32.4294    25.9431 0.0000e+00
       1485     85.506     1.5660   2.840485    32.4291    25.9426 0.0000e+00
       1486     85.508     1.5696   2.840783    32.4291    25.9424 0.0000e+00
       1487     85.510     1.5741   2.841344    32.4315    25.9440 0.0000e+00
       1488     85.519     1.5799   2.842120    32.4353    25.9467 0.0000e+00
       1489     85.529     1.5855   2.842780    32.4378    25.9483 0.0000e+00
       1490     85.530     1.5888   2.843075    32.4382    25.9483 0.0000e+00
       1491     85.515     1.5896   2.842955    32.4358    25.9464 0.0000e+00
       1492     85.483     1.5880   2.842468    32.4314    25.9429 0.0000e+00
       1493     85.438     1.5838   2.841997    32.4298    25.9420 0.0000e+00
       1494     85.400     1.5768   2.841703    32.4333    25.9453 0.0000e+00
       1495     85.392     1.5674   2.841038    32.4347    25.9470 0.0000e+00
       1496     85.413     1.5590   2.840140    32.4320    25.9454 0.0000e+00
       1497     85.441     1.5554   2.839827    32.4318    25.9455 0.0000e+00
       1498     85.451     1.5556   2.839999    32.4337    25.9470 0.0000e+00
       1499     85.440     1.5571   2.840146    32.4340    25.9472 0.0000e+00
       1500     85.426     1.5597   2.840312    32.4334    25.9465 0.0000e+00
       1501     85.423     1.5629   2.840596    32.4337    25.9465 0.0000e+00
       1502     85.428     1.5659   2.840895    32.4344    25.9469 0.0000e+00
       1503     85.434     1.5682   2.841089    32.4345    25.9468 0.0000e+00
       1504     85.432     1.5700   2.841160    32.4335    25.9459 0.0000e+00
       1505     85.419     1.5721   2.841308    32.4332    25.9455 0.0000e+00
       1506     85.405     1.5745   2.841643    32.4349    25.9467 0.0000e+00
       1507     85.404     1.5759   2.841884    32.4365    25.9479 0.0000e+00
       1508     85.417     1.5769   2.841957    32.4364    25.9477 0.0000e+00
       1509     85.430     1.5792   2.842136    32.4363    25.9475 0.0000e+00
       1510     85.432     1.5823   2.842320    32.4354    25.9466 0.0000e+00
       1511     85.414     1.5844   2.842253    32.4324    25.9440 0.0000e+00
       1512     85.376     1.5845   2.842165    32.4312    25.9431 0.0000e+00
       1513     85.337     1.5821   2.842186    32.4340    25.9454 0.0000e+00
       1514     85.320     1.5773   2.841950    32.4360    25.9474 0.0000e+00
       1515     85.330     1.5726   2.841525    32.4355    25.9473 0.0000e+00
       1516     85.347     1.5707   2.841340    32.4351    25.9471 0.0000e+00
       1517     85.347     1.5707   2.841356    32.4353    25.9473 0.0000e+00
       1518     85.323     1.5701   2.841380    32.4362    25.9480 0.0000e+00
       1519     85.296     1.5671   2.841118    32.4360    25.9481 0.0000e+00
       1520     85.294     1.5630   2.840579    32.4335    25.9463 0.0000e+00
       1521     85.313     1.5617   2.840400    32.4325    25.9457 0.0000e+00
       1522     85.333     1.5640   2.840650    32.4333    25.9461 0.0000e+00
       1523     85.337     1.5668   2.840840    32.4328    25.9455 0.0000e+00
       1524     85.320     1.5678   2.840853    32.4320    25.9448 0.0000e+00
       1525     85.291     1.5676   2.840854    32.4322    25.9450 0.0000e+00
       1526     85.268     1.5667   2.840891    32.4336    25.9462 0.0000e+00
       1527     85.264     1.5645   2.840750    32.4341    25.9467 0.0000e+00
       1528     85.278     1.5625   2.840505    32.4331    25.9460 0.0000e+00
       1529     85.301     1.5625   2.840552    32.4336    25.9465 0.0000e+00
       1530     85.318     1.5634   2.840761    32.4353    25.9478 0.0000e+00
       1531     85.316     1.5628   2.840780    32.4362    25.9485 0.0000e+00
       1532     85.301     1.5599   2.840481    32.4354    25.9481 0.0000e+00
       1533     85.288     1.5560   2.839964    32.4330    25.9464 0.0000e+00
       1534     85.286     1.5540   2.839705    32.4318    25.9455 0.0000e+00
       1535     85.290     1.5548   2.839807    32.4322    25.9459 0.0000e+00
       1536     85.290     1.5566   2.839978    32.4325    25.9460 0.0000e+00
       1537     85.287     1.5583   2.840149    32.4329    25.9462 0.0000e+00
       1538     85.292     1.5595   2.840274    32.4332    25.9464 0.0000e+00
       1539     85.303     1.5597   2.840299    32.4333    25.9464 0.0000e+00
       1540     85.311     1.5593   2.840267    32.4334    25.9465 0.0000e+00
       1541     85.308     1.5587   2.840257    32.4338    25.9469 0.0000e+00
       1542     85.292     1.5581   2.840268    32.4346    25.9476 0.0000e+00
       1543     85.274     1.5573   2.840198    32.4346    25.9476 0.0000e+00
       1544     85.267     1.5556   2.839944    32.4331    25.9465 0.0000e+00
       1545     85.274     1.5533   2.839614    32.4313    25.9453 0.0000e+00
       1546     85.284     1.5525   2.839481    32.4305    25.9446 0.0000e+00
       1547     85.289     1.5539   2.839631    32.4309    25.9449 0.0000e+00
       1548     85.292     1.5570   2.839956    32.4318    25.9454 0.0000e+00
       1549     85.299     1.5620   2.840453    32.4329    25.9459 0.0000e+00
       1550     85.309     1.5680   2.841091    32.4348    25.9470 0.0000e+00
       1551     85.316     1.5727   2.841591    32.4362    25.9479 0.0000e+00
       1552     85.312     1.5749   2.841803    32.4366    25.9480 0.0000e+00
       1553     85.296     1.5755   2.841770    32.4356    25.9472 0.0000e+00
       1554     85.270     1.5757   2.841618    32.4335    25.9455 0.0000e+00
       1555     85.241     1.5750   2.841566    32.4336    25.9456 0.0000e+00
       1556     85.224     1.5711   2.841379    32.4352    25.9472 0.0000e+00
       1557     85.233     1.5630   2.840678    32.4348    25.9473 0.0000e+00
       1558     85.264     1.5538   2.839764    32.4327    25.9463 0.0000e+00
       1559     85.298     1.5470   2.839057    32.4308    25.9452 0.0000e+00
       1560     85.320     1.5437   2.838697    32.4297    25.9445 0.0000e+00
       1561     85.326     1.5427   2.838649    32.4301    25.9450 0.0000e+00
       1562     85.318     1.5417   2.838568    32.4301    25.9450 0.0000e+00
       1563     85.307     1.5402   2.838358    32.4290    25.9443 0.0000e+00
       1564     85.299     1.5385   2.838201    32.4288    25.9442 0.0000e+00
       1565     85.286     1.5361   2.838012    32.4289    25.9444 0.0000e+00
       1566     85.265     1.5331   2.837696    32.4280    25.9439 0.0000e+00
       1567     85.248     1.5285   2.837217    32.4267    25.9432 0.0000e+00
       1568     85.246     1.5217   2.836402    32.4235    25.9411 0.0000e+00
       1569     85.263     1.5164   2.835724    32.4204    25.9389 0.0000e+00
       1570     85.287     1.5153   2.835811    32.4226    25.9408 0.0000e+00
       1571     85.301     1.5167   2.836257    32.4268    25.9440 0.0000e+00
       1572     85.297     1.5186   2.836562    32.4287    25.9454 0.0000e+00
       1573     85.283     1.5199   2.836528    32.4269    25.9439 0.0000e+00
       1574     85.274     1.5211   2.836287    32.4226    25.9404 0.0000e+00
       1575     85.281     1.5257   2.836569    32.4214    25.9391 0.0000e+00
       1576     85.301     1.5351   2.837597    32.4247    25.9411 0.0000e+00
       1577     85.321     1.5446   2.838610    32.4276    25.9429 0.0000e+00
       1578     85.327     1.5507   2.839150    32.4281    25.9429 0.0000e+00
       1579     85.324     1.5547   2.839549    32.4290    25.9433 0.0000e+00
       1580     85.319     1.5579   2.839911    32.4303    25.9441 0.0000e+00
       1581     85.306     1.5609   2.840112    32.4297    25.9435 0.0000e+00
       1582     85.284     1.5640   2.840239    32.4282    25.9420 0.0000e+00
       1583     85.255     1.5664   2.840356    32.4272    25.9410 0.0000e+00
       1584     85.230     1.5677   2.840566    32.4285    25.9420 0.0000e+00
       1585     85.221     1.5686   2.840903    32.4318    25.9446 0.0000e+00
       1586     85.235     1.5690   2.841146    32.4345    25.9467 0.0000e+00
       1587     85.266     1.5684   2.841145    32.4350    25.9472 0.0000e+00
       1588     85.304     1.5666   2.840987    32.4349    25.9472 0.0000e+00
       1589     85.338     1.5640   2.840762    32.4347    25.9473 0.0000e+00
       1590     85.355     1.5613   2.840520    32.4344    25.9472 0.0000e+00
       1591     85.352     1.5598   2.840319    32.4335    25.9465 0.0000e+00
       1592     85.334     1.5601   2.840238    32.4321    25.9454 0.0000e+00
       1593     85.307     1.5618   2.840343    32.4317    25.9450 0.0000e+00
       1594     85.281     1.5646   2.840651    32.4327    25.9456 0.0000e+00
       1595     85.261     1.5691   2.841168    32.4346    25.9468 0.0000e+00
       1596     85.252     1.5739   2.841743    32.4369    25.9483 0.0000e+00
       1597     85.256     1.5777   2.842133    32.4379    25.9489 0.0000e+00
       1598     85.264     1.5798   2.842266    32.4374    25.9483 0.0000e+00
       1599     85.270     1.5806   2.842280    32.4367    25.9478 0.0000e+00
       1600     85.275     1.5804   2.842313    32.4374    25.9483 0.0000e+00
       1601     85.281     1.5790   2.842273    32.4383    25.9491 0.0000e+00
       1602     85.293     1.5762   2.842043    32.4383    25.9493 0.0000e+00
       1603     85.309     1.5740   2.841792    32.4374    25.9487 0.0000e+00
       1604     85.314     1.5734   2.841731    32.4372    25.9486 0.0000e+00
       1605     85.303     1.5735   2.841769    32.4376    25.9489 0.0000e+00
       1606     85.282     1.5732   2.841768    32.4379    25.9492 0.0000e+00
       1607     85.262     1.5718   2.841669    32.4381    25.9495 0.0000e+00
       1608     85.251     1.5690   2.841389    32.4375    25.9492 0.0000e+00
       1609     85.254     1.5659   2.841083    32.4369    25.9488 0.0000e+00
       1610     85.265     1.5632   2.840901    32.4373    25.9494 0.0000e+00
       1611     85.278     1.5604   2.840626    32.4368    25.9491 0.0000e+00
       1612     85.291     1.5578   2.840277    32.4350    25.9479 0.0000e+00
       1613     85.301     1.5562   2.840117    32.4347    25.9477 0.0000e+00
       1614     85.300     1.5553   2.840128    32.4357    25.9486 0.0000e+00
       1615     85.286     1.5549   2.840218    32.4373    25.9499 0.0000e+00
       1616     85.266     1.5553   2.840276    32.4376    25.9502 0.0000e+00
       1617     85.248     1.5559   2.840205    32.4361    25.9489 0.0000e+00
       1618     85.244     1.5564   2.840100    32.4343    25.9474 0.0000e+00
       1619     85.257     1.5566   2.840062    32.4336    25.9468 0.0000e+00
       1620     85.282     1.5570   2.840072    32.4333    25.9466 0.0000e+00
       1621     85.308     1.5577   2.840108    32.4330    25.9463 0.0000e+00
       1622     85.320     1.5587   2.840180    32.4329    25.9461 0.0000e+00
       1623     85.313     1.5604   2.840323    32.4329    25.9460 0.0000e+00
       1624     85.299     1.5627   2.840585    32.4339    25.9466 0.0000e+00
       1625     85.285     1.5652   2.840864    32.4348    25.9472 0.0000e+00
       1626     85.273     1.5671   2.841038    32.4350    25.9473 0.0000e+00
       1627     85.264     1.5685   2.841150    32.4350    25.9472 0.0000e+00
       1628     85.254     1.5691   2.841238    32.4355    25.9475 0.0000e+00
       1629     85.248     1.5682   2.841221    32.4362    25.9482 0.0000e+00
       1630     85.258     1.5663   2.841059    32.4361    25.9482 0.0000e+00
       1631     85.283     1.5648   2.840896    32.4356    25.9479 0.0000e+00
       1632     85.309     1.5640   2.840828    32.4356    25.9479 0.0000e+00
       1633     85.324     1.5633   2.840790    32.4358    25.9482 0.0000e+00
       1634     85.329     1.5623   2.840711    32.4358    25.9483 0.0000e+00
       1635     85.324     1.5612   2.840591    32.4355    25.9480 0.0000e+00
       1636     85.312     1.5595   2.840409    32.4349    25.9477 0.0000e+00
       1637     85.301     1.5576   2.840150    32.4336    25.9468 0.0000e+00
       1638     85.295     1.5566   2.840002    32.4328    25.9462 0.0000e+00
       1639     85.294     1.5577   2.840109    32.4330    25.9463 0.0000e+00
       1640     85.297     1.5598   2.840325    32.4336    25.9466 0.0000e+00
       1641     85.303     1.5616   2.840476    32.4336    25.9465 0.0000e+00
