Datasets/Test_Dataset_39219_tow/originals/tel219_2021_077.cnv
* Sea-Bird SBE19plus Data File:
* Filename = C:/AQUIRE/tel219_2021_077.hex
* Software Version AquireV2 AF V2.0
* Temperature SN =  4020
* Conductivity SN =  4020
* System UpLoad Time = May 16 2021 04:32:41
** VESSEL/TRIP/SEQ STN: tel219_2021_077
** LATITUDE: 45 37.70 N
** LONGITUDE: 56 12.06 W
** DATE/TIME: 2021-05-16 03:52
** SOUNDING DEPTH (M): 0047
** PROBE TYPE: S4020
** CTD NUMBER:  77
** FORMAT: T
** COMMENTS: 
# nquan = 7                                 
# nvalues = 2430                        
# units = specified
# name 0 = scan: Scan Count
# name 1 = prdM: Pressure, Strain Gauge [db]
# name 2 = tv290C: Temperature [ITS-90, deg C]
# name 3 = c0S/m: Conductivity [S/m]
# name 4 = sal00: Salinity, Practical [PSU]
# name 5 = sigma-t00: Density [sigma-t, kg/m^3 ]
# name 6 = flag: flag
# span 0 =          1,       2430       
# span 1 =     -0.013,     44.485       
# span 2 =     3.6116,     5.2805       
# span 3 =   0.007738,   3.069422       
# span 4 =     0.0573,    32.4654       
# span 5 =     0.0080,    25.7413       
# span 6 = 0.0000e+00, 0.0000e+00       
# interval = seconds: 1
# start_time = May 16 2021 03:52:59 [Instrument's time stamp, header]
# bad_flag = -9.990e-29
*END*
[from data line 616]
        617      1.196     4.2081   3.047332    32.3254    25.6385 0.0000e+00
        618      1.204     4.2102   3.047536    32.3258    25.6385 0.0000e+00
        619      1.177     4.2126   3.047758    32.3260    25.6385 0.0000e+00
        620      1.096     4.2134   3.047803    32.3258    25.6382 0.0000e+00
        621      1.003     4.2129   3.047730    32.3255    25.6380 0.0000e+00
        622      0.916     4.2121   3.047681    32.3257    25.6383 0.0000e+00
        623      0.849     4.2120   3.047671    32.3257    25.6383 0.0000e+00
        624      0.784     4.2123   3.047676    32.3255    25.6381 0.0000e+00
        625      0.725     4.2126   3.047696    32.3255    25.6381 0.0000e+00
        626      0.728     4.2127   3.047713    32.3256    25.6381 0.0000e+00
        627      0.786     4.2126   3.047705    32.3256    25.6381 0.0000e+00
        628      0.838     4.2123   3.047679    32.3256    25.6381 0.0000e+00
        629      0.892     4.2128   3.047709    32.3254    25.6380 0.0000e+00
        630      0.978     4.2142   3.047832    32.3254    25.6378 0.0000e+00
        631      1.077     4.2152   3.047949    32.3257    25.6380 0.0000e+00
        632      1.164     4.2150   3.047973    32.3262    25.6384 0.0000e+00
        633      1.239     4.2146   3.047956    32.3263    25.6385 0.0000e+00
        634      1.300     4.2150   3.047947    32.3258    25.6381 0.0000e+00
        635      1.337     4.2158   3.047967    32.3252    25.6375 0.0000e+00
        636      1.375     4.2172   3.048073    32.3251    25.6373 0.0000e+00
        637      1.445     4.2184   3.048197    32.3253    25.6373 0.0000e+00
        638      1.572     4.2187   3.048229    32.3253    25.6373 0.0000e+00
        639      1.777     4.2184   3.048207    32.3253    25.6373 0.0000e+00
        640      2.011     4.2166   3.048123    32.3259    25.6380 0.0000e+00
        641      2.190     4.2104   3.047544    32.3251    25.6380 0.0000e+00
        642      2.301     4.2005   3.046547    32.3231    25.6374 0.0000e+00
        643      2.407     4.1920   3.045867    32.3235    25.6385 0.0000e+00
        644      2.571     4.1881   3.045637    32.3245    25.6397 0.0000e+00
        645      2.790     4.1881   3.045722    32.3254    25.6404 0.0000e+00
        646      3.019     4.1895   3.045914    32.3262    25.6409 0.0000e+00
        647      3.245     4.1913   3.046063    32.3260    25.6406 0.0000e+00
        648      3.480     4.1932   3.046235    32.3261    25.6404 0.0000e+00
        649      3.721     4.1948   3.046377    32.3260    25.6403 0.0000e+00
        650      3.922     4.1967   3.046513    32.3256    25.6398 0.0000e+00
        651      4.076     4.1997   3.046700    32.3248    25.6388 0.0000e+00
        652      4.213     4.2020   3.046850    32.3242    25.6381 0.0000e+00
        653      4.318     4.2026   3.046937    32.3246    25.6384 0.0000e+00
        654      4.425     4.2028   3.046992    32.3250    25.6387 0.0000e+00
        655      4.550     4.2035   3.047053    32.3250    25.6386 0.0000e+00
        656      4.605     4.2043   3.047141    32.3252    25.6386 0.0000e+00
        657      4.549     4.2045   3.047176    32.3254    25.6388 0.0000e+00
        658      4.428     4.2044   3.047129    32.3250    25.6385 0.0000e+00
        659      4.302     4.2051   3.047158    32.3248    25.6382 0.0000e+00
        660      4.218     4.2062   3.047293    32.3253    25.6385 0.0000e+00
        661      4.143     4.2070   3.047358    32.3253    25.6385 0.0000e+00
        662      4.023     4.2080   3.047433    32.3253    25.6383 0.0000e+00
        663      3.885     4.2098   3.047605    32.3256    25.6384 0.0000e+00
        664      3.758     4.2111   3.047674    32.3252    25.6380 0.0000e+00
        665      3.645     4.2112   3.047640    32.3247    25.6376 0.0000e+00
        666      3.521     4.2119   3.047706    32.3249    25.6376 0.0000e+00
        667      3.353     4.2131   3.047809    32.3250    25.6376 0.0000e+00
        668      3.125     4.2145   3.047899    32.3248    25.6373 0.0000e+00
        669      2.834     4.2165   3.048090    32.3252    25.6374 0.0000e+00
        670      2.567     4.2165   3.048112    32.3256    25.6378 0.0000e+00
        671      2.422     4.2135   3.047783    32.3248    25.6374 0.0000e+00
        672      2.401     4.2102   3.047479    32.3245    25.6375 0.0000e+00
        673      2.485     4.2082   3.047345    32.3248    25.6380 0.0000e+00
        674      2.663     4.2073   3.047281    32.3249    25.6381 0.0000e+00
        675      2.908     4.2073   3.047288    32.3248    25.6381 0.0000e+00
        676      3.173     4.2084   3.047273    32.3234    25.6368 0.0000e+00
        677      3.414     4.2103   3.047288    32.3216    25.6352 0.0000e+00
        678      3.631     4.2113   3.047403    32.3219    25.6353 0.0000e+00
        679      3.836     4.2105   3.047476    32.3234    25.6366 0.0000e+00
        680      4.025     4.2057   3.047337    32.3264    25.6395 0.0000e+00
        681      4.224     4.1959   3.046887    32.3307    25.6438 0.0000e+00
        682      4.476     4.1857   3.046533    32.3364    25.6494 0.0000e+00
        683      4.787     4.1819   3.046521    32.3399    25.6525 0.0000e+00
        684      5.125     4.1863   3.046474    32.3348    25.6481 0.0000e+00
        685      5.437     4.1959   3.046544    32.3260    25.6401 0.0000e+00
        686      5.701     4.2044   3.046943    32.3222    25.6363 0.0000e+00
        687      5.958     4.2079   3.047205    32.3217    25.6355 0.0000e+00
        688      6.255     4.2074   3.047235    32.3224    25.6361 0.0000e+00
        689      6.600     4.2063   3.047283    32.3239    25.6374 0.0000e+00
        690      6.949     4.2058   3.047355    32.3250    25.6384 0.0000e+00
        691      7.245     4.2056   3.047422    32.3258    25.6390 0.0000e+00
        692      7.506     4.2058   3.047487    32.3263    25.6394 0.0000e+00
        693      7.786     4.2066   3.047609    32.3268    25.6397 0.0000e+00
        694      8.089     4.2083   3.047758    32.3267    25.6394 0.0000e+00
        695      8.387     4.2095   3.047687    32.3245    25.6376 0.0000e+00
        696      8.670     4.2074   3.047154    32.3202    25.6344 0.0000e+00
        697      8.950     4.2012   3.046259    32.3157    25.6314 0.0000e+00
        698      9.249     4.1920   3.045375    32.3142    25.6311 0.0000e+00
        699      9.578     4.1820   3.044688    32.3158    25.6334 0.0000e+00
        700      9.909     4.1734   3.044343    32.3200    25.6376 0.0000e+00
        701     10.197     4.1692   3.044465    32.3255    25.6424 0.0000e+00
        702     10.440     4.1687   3.044797    32.3297    25.6458 0.0000e+00
        703     10.682     4.1637   3.044690    32.3333    25.6491 0.0000e+00
        704     10.958     4.1463   3.043609    32.3376    25.6543 0.0000e+00
        705     11.273     4.1235   3.042317    32.3447    25.6622 0.0000e+00
        706     11.609     4.1082   3.042077    32.3568    25.6733 0.0000e+00
        707     11.940     4.1021   3.042630    32.3692    25.6838 0.0000e+00
        708     12.260     4.0995   3.042995    32.3758    25.6893 0.0000e+00
        709     12.584     4.0942   3.042748    32.3780    25.6916 0.0000e+00
        710     12.920     4.0804   3.041553    32.3774    25.6925 0.0000e+00
        711     13.259     4.0597   3.039542    32.3740    25.6918 0.0000e+00
        712     13.594     4.0400   3.037783    32.3726    25.6926 0.0000e+00
        713     13.924     4.0271   3.036849    32.3741    25.6951 0.0000e+00
        714     14.253     4.0230   3.036451    32.3733    25.6949 0.0000e+00
        715     14.589     4.0252   3.036440    32.3709    25.6927 0.0000e+00
        716     14.931     4.0289   3.036762    32.3708    25.6923 0.0000e+00
        717     15.282     4.0318   3.037021    32.3708    25.6920 0.0000e+00
        718     15.640     4.0336   3.037203    32.3710    25.6920 0.0000e+00
        719     15.996     4.0403   3.037986    32.3734    25.6932 0.0000e+00
        720     16.343     4.0570   3.038649    32.3646    25.6846 0.0000e+00
        721     16.679     4.0716   3.037791    32.3399    25.6635 0.0000e+00
        722     17.014     4.0728   3.036684    32.3255    25.6519 0.0000e+00
        723     17.363     4.0689   3.036605    32.3282    25.6545 0.0000e+00
        724     17.722     4.0673   3.036471    32.3280    25.6545 0.0000e+00
        725     18.081     4.0609   3.034843    32.3150    25.6448 0.0000e+00
        726     18.440     4.0417   3.031984    32.3001    25.6348 0.0000e+00
        727     18.800     4.0204   3.030026    32.2978    25.6351 0.0000e+00
        728     19.166     4.0108   3.029368    32.2994    25.6373 0.0000e+00
        729     19.541     4.0047   3.028468    32.2946    25.6341 0.0000e+00
        730     19.923     3.9879   3.026769    32.2909    25.6328 0.0000e+00
        731     20.307     3.9608   3.024550    32.2913    25.6357 0.0000e+00
        732     20.695     3.9318   3.022369    32.2940    25.6406 0.0000e+00
        733     21.088     3.9097   3.020901    32.2982    25.6462 0.0000e+00
        734     21.481     3.8947   3.019577    32.2972    25.6468 0.0000e+00
        735     21.869     3.8750   3.017705    32.2943    25.6464 0.0000e+00
        736     22.254     3.8491   3.016279    32.3029    25.6557 0.0000e+00
        737     22.640     3.8312   3.015767    32.3143    25.6665 0.0000e+00
        738     23.026     3.8234   3.015047    32.3133    25.6665 0.0000e+00
        739     23.409     3.8143   3.013791    32.3072    25.6625 0.0000e+00
        740     23.787     3.8010   3.012901    32.3097    25.6657 0.0000e+00
        741     24.161     3.7898   3.012466    32.3154    25.6713 0.0000e+00
        742     24.535     3.7823   3.011927    32.3162    25.6727 0.0000e+00
        743     24.910     3.7746   3.010958    32.3122    25.6702 0.0000e+00
        744     25.282     3.7652   3.009829    32.3079    25.6677 0.0000e+00
        745     25.645     3.7553   3.009043    32.3082    25.6689 0.0000e+00
        746     25.998     3.7449   3.008367    32.3103    25.6715 0.0000e+00
        747     26.350     3.7350   3.007756    32.3127    25.6743 0.0000e+00
        748     26.704     3.7279   3.007423    32.3156    25.6773 0.0000e+00
        749     27.059     3.7238   3.007239    32.3173    25.6791 0.0000e+00
        750     27.419     3.7218   3.007158    32.3181    25.6799 0.0000e+00
        751     27.779     3.7203   3.007177    32.3196    25.6813 0.0000e+00
        752     28.133     3.7186   3.007156    32.3209    25.6824 0.0000e+00
        753     28.482     3.7172   3.007044    32.3208    25.6824 0.0000e+00
        754     28.825     3.7161   3.006905    32.3200    25.6820 0.0000e+00
        755     29.158     3.7143   3.006734    32.3196    25.6818 0.0000e+00
        756     29.476     3.7118   3.006525    32.3194    25.6819 0.0000e+00
        757     29.782     3.7089   3.006301    32.3195    25.6822 0.0000e+00
        758     30.081     3.7062   3.006122    32.3199    25.6828 0.0000e+00
        759     30.374     3.7043   3.005994    32.3201    25.6831 0.0000e+00
        760     30.659     3.7035   3.005881    32.3194    25.6827 0.0000e+00
        761     30.933     3.7029   3.005800    32.3189    25.6823 0.0000e+00
        762     31.193     3.7020   3.005756    32.3191    25.6826 0.0000e+00
        763     31.437     3.7008   3.005723    32.3198    25.6832 0.0000e+00
        764     31.662     3.6995   3.005694    32.3206    25.6840 0.0000e+00
        765     31.875     3.6986   3.005684    32.3213    25.6846 0.0000e+00
        766     32.084     3.6982   3.005666    32.3214    25.6847 0.0000e+00
        767     32.293     3.6982   3.005614    32.3206    25.6841 0.0000e+00
        768     32.498     3.6978   3.005533    32.3200    25.6836 0.0000e+00
        769     32.693     3.6969   3.005448    32.3197    25.6836 0.0000e+00
        770     32.872     3.6959   3.005366    32.3197    25.6836 0.0000e+00
        771     33.033     3.6951   3.005308    32.3197    25.6837 0.0000e+00
        772     33.182     3.6943   3.005310    32.3204    25.6843 0.0000e+00
        773     33.330     3.6939   3.005334    32.3210    25.6849 0.0000e+00
        774     33.487     3.6936   3.005314    32.3210    25.6849 0.0000e+00
        775     33.648     3.6932   3.005255    32.3206    25.6846 0.0000e+00
        776     33.805     3.6926   3.005200    32.3205    25.6845 0.0000e+00
        777     33.956     3.6920   3.005161    32.3205    25.6846 0.0000e+00
        778     34.098     3.6913   3.005123    32.3207    25.6848 0.0000e+00
        779     34.235     3.6910   3.005084    32.3205    25.6847 0.0000e+00
        780     34.370     3.6905   3.005052    32.3205    25.6848 0.0000e+00
        781     34.500     3.6898   3.005033    32.3209    25.6851 0.0000e+00
        782     34.621     3.6891   3.005033    32.3216    25.6857 0.0000e+00
        783     34.738     3.6889   3.005031    32.3217    25.6858 0.0000e+00
        784     34.852     3.6889   3.005006    32.3213    25.6855 0.0000e+00
        785     34.957     3.6888   3.004969    32.3209    25.6852 0.0000e+00
        786     35.054     3.6886   3.004931    32.3206    25.6850 0.0000e+00
        787     35.154     3.6882   3.004900    32.3206    25.6850 0.0000e+00
        788     35.262     3.6875   3.004858    32.3207    25.6852 0.0000e+00
        789     35.378     3.6867   3.004795    32.3207    25.6853 0.0000e+00
        790     35.493     3.6860   3.004741    32.3207    25.6853 0.0000e+00
        791     35.596     3.6858   3.004742    32.3209    25.6855 0.0000e+00
        792     35.690     3.6859   3.004791    32.3213    25.6858 0.0000e+00
        793     35.784     3.6860   3.004836    32.3217    25.6861 0.0000e+00
        794     35.883     3.6862   3.004858    32.3217    25.6861 0.0000e+00
        795     35.993     3.6863   3.004863    32.3216    25.6860 0.0000e+00
        796     36.114     3.6863   3.004861    32.3215    25.6859 0.0000e+00
        797     36.240     3.6863   3.004876    32.3216    25.6860 0.0000e+00
        798     36.364     3.6864   3.004904    32.3218    25.6862 0.0000e+00
        799     36.495     3.6865   3.004922    32.3218    25.6862 0.0000e+00
        800     36.636     3.6864   3.004919    32.3218    25.6862 0.0000e+00
        801     36.784     3.6863   3.004895    32.3216    25.6860 0.0000e+00
        802     36.934     3.6862   3.004857    32.3211    25.6857 0.0000e+00
        803     37.078     3.6857   3.004816    32.3211    25.6857 0.0000e+00
        804     37.207     3.6849   3.004780    32.3214    25.6860 0.0000e+00
        805     37.326     3.6843   3.004755    32.3216    25.6862 0.0000e+00
        806     37.449     3.6841   3.004727    32.3214    25.6861 0.0000e+00
        807     37.581     3.6839   3.004696    32.3212    25.6859 0.0000e+00
        808     37.718     3.6838   3.004690    32.3211    25.6859 0.0000e+00
        809     37.854     3.6838   3.004719    32.3214    25.6861 0.0000e+00
        810     37.986     3.6837   3.004746    32.3218    25.6864 0.0000e+00
        811     38.118     3.6836   3.004749    32.3218    25.6864 0.0000e+00
        812     38.251     3.6836   3.004735    32.3216    25.6863 0.0000e+00
        813     38.382     3.6833   3.004712    32.3215    25.6862 0.0000e+00
        814     38.509     3.6830   3.004694    32.3216    25.6863 0.0000e+00
        815     38.637     3.6828   3.004683    32.3216    25.6863 0.0000e+00
        816     38.773     3.6826   3.004682    32.3217    25.6864 0.0000e+00
        817     38.920     3.6825   3.004690    32.3218    25.6865 0.0000e+00
        818     39.075     3.6825   3.004692    32.3217    25.6865 0.0000e+00
        819     39.228     3.6825   3.004689    32.3216    25.6864 0.0000e+00
        820     39.367     3.6822   3.004682    32.3218    25.6865 0.0000e+00
