Datasets/Test_Dataset_39219_tow/originals/tel219_2021_048.cnv
* Sea-Bird SBE19plus Data File:
* Filename = C:/AQUIRE/tel219_2021_048.hex
* Software Version AquireV2 AF V2.0
* Temperature SN =  4020
* Conductivity SN =  4020
* System UpLoad Time = May 13 2021 02:58:26
** VESSEL/TRIP/SEQ STN: tel219_2021_048
** LATITUDE: 44 47.37 N
** LONGITUDE: 55 39.51 W
** DATE/TIME: 2021-05-13 01:43
** SOUNDING DEPTH (M): 0669
** PROBE TYPE: S4020
** CTD NUMBER:  48
** FORMAT: T
** COMMENTS: 
# nquan = 7                                 
# nvalues = 4582                        
# units = specified
# name 0 = scan: Scan Count
# name 1 = prdM: Pressure, Strain Gauge [db]
# name 2 = tv290C: Temperature [ITS-90, deg C]
# name 3 = c0S/m: Conductivity [S/m]
# name 4 = sal00: Salinity, Practical [PSU]
# name 5 = sigma-t00: Density [sigma-t, kg/m^3 ]
# name 6 = flag: flag
# span 0 =          1,       4582       
# span 1 =     -0.547,    680.517       
# span 2 =     0.5744,     9.9149       
# span 3 =   0.016813,   3.801354       
# span 4 =     0.1333,    35.0940       
# span 5 =     0.0807,    27.6925       
# span 6 = 0.0000e+00, 0.0000e+00       
# interval = seconds: 1
# start_time = May 13 2021 01:43:04 [Instrument's time stamp, header]
# bad_flag = -9.990e-29
*END*
[from data line 2052]
       2053    582.616     4.9492   3.364698    34.9696    27.6571 0.0000e+00
       2054    582.971     4.9485   3.364601    34.9690    27.6567 0.0000e+00
       2055    583.338     4.9476   3.364520    34.9688    27.6567 0.0000e+00
       2056    583.707     4.9468   3.364471    34.9689    27.6568 0.0000e+00
       2057    584.064     4.9463   3.364448    34.9690    27.6570 0.0000e+00
       2058    584.404     4.9457   3.364421    34.9691    27.6571 0.0000e+00
       2059    584.731     4.9450   3.364383    34.9692    27.6573 0.0000e+00
       2060    585.054     4.9440   3.364320    34.9694    27.6576 0.0000e+00
       2061    585.380     4.9429   3.364236    34.9694    27.6577 0.0000e+00
       2062    585.715     4.9418   3.364154    34.9694    27.6579 0.0000e+00
       2063    586.066     4.9409   3.364073    34.9692    27.6578 0.0000e+00
       2064    586.427     4.9401   3.363992    34.9690    27.6577 0.0000e+00
       2065    586.780     4.9390   3.363925    34.9692    27.6580 0.0000e+00
       2066    587.114     4.9377   3.363845    34.9694    27.6583 0.0000e+00
       2067    587.434     4.9361   3.363706    34.9693    27.6584 0.0000e+00
       2068    587.756     4.9342   3.363531    34.9691    27.6585 0.0000e+00
       2069    588.096     4.9323   3.363352    34.9689    27.6585 0.0000e+00
       2070    588.456     4.9307   3.363186    34.9684    27.6583 0.0000e+00
       2071    588.828     4.9294   3.363064    34.9682    27.6583 0.0000e+00
       2072    589.199     4.9284   3.362998    34.9683    27.6585 0.0000e+00
       2073    589.554     4.9277   3.362961    34.9684    27.6587 0.0000e+00
       2074    589.892     4.9270   3.362913    34.9684    27.6588 0.0000e+00
       2075    590.225     4.9261   3.362832    34.9682    27.6587 0.0000e+00
       2076    590.566     4.9249   3.362724    34.9681    27.6587 0.0000e+00
       2077    590.913     4.9237   3.362627    34.9680    27.6588 0.0000e+00
       2078    591.254     4.9228   3.362603    34.9685    27.6593 0.0000e+00
       2079    591.578     4.9224   3.362634    34.9691    27.6599 0.0000e+00
       2080    591.887     4.9223   3.362630    34.9690    27.6598 0.0000e+00
       2081    592.194     4.9221   3.362571    34.9684    27.6593 0.0000e+00
       2082    592.512     4.9217   3.362506    34.9679    27.6590 0.0000e+00
       2083    592.846     4.9215   3.362475    34.9676    27.6587 0.0000e+00
       2084    593.187     4.9212   3.362469    34.9676    27.6588 0.0000e+00
       2085    593.521     4.9208   3.362467    34.9679    27.6590 0.0000e+00
       2086    593.841     4.9204   3.362447    34.9679    27.6591 0.0000e+00
       2087    594.156     4.9200   3.362397    34.9676    27.6589 0.0000e+00
       2088    594.483     4.9196   3.362342    34.9672    27.6586 0.0000e+00
       2089    594.828     4.9191   3.362312    34.9672    27.6587 0.0000e+00
       2090    595.179     4.9186   3.362304    34.9674    27.6590 0.0000e+00
       2091    595.518     4.9183   3.362296    34.9675    27.6590 0.0000e+00
       2092    595.839     4.9179   3.362275    34.9675    27.6591 0.0000e+00
       2093    596.154     4.9176   3.362260    34.9675    27.6591 0.0000e+00
       2094    596.472     4.9173   3.362251    34.9675    27.6592 0.0000e+00
       2095    596.798     4.9169   3.362217    34.9674    27.6591 0.0000e+00
       2096    597.129     4.9164   3.362177    34.9673    27.6591 0.0000e+00
       2097    597.459     4.9161   3.362168    34.9673    27.6591 0.0000e+00
       2098    597.781     4.9158   3.362176    34.9675    27.6594 0.0000e+00
       2099    598.096     4.9155   3.362168    34.9676    27.6595 0.0000e+00
       2100    598.409     4.9152   3.362141    34.9674    27.6594 0.0000e+00
       2101    598.726     4.9150   3.362116    34.9672    27.6592 0.0000e+00
       2102    599.053     4.9151   3.362123    34.9670    27.6590 0.0000e+00
       2103    599.395     4.9153   3.362145    34.9669    27.6589 0.0000e+00
       2104    599.740     4.9154   3.362153    34.9667    27.6587 0.0000e+00
       2105    600.076     4.9152   3.362159    34.9668    27.6588 0.0000e+00
       2106    600.401     4.9151   3.362173    34.9669    27.6589 0.0000e+00
       2107    600.719     4.9151   3.362194    34.9670    27.6590 0.0000e+00
       2108    601.037     4.9151   3.362211    34.9670    27.6590 0.0000e+00
       2109    601.357     4.9151   3.362219    34.9669    27.6590 0.0000e+00
       2110    601.680     4.9149   3.362209    34.9669    27.6589 0.0000e+00
       2111    602.011     4.9141   3.362147    34.9668    27.6590 0.0000e+00
       2112    602.348     4.9126   3.362015    34.9667    27.6591 0.0000e+00
       2113    602.679     4.9108   3.361876    34.9668    27.6594 0.0000e+00
       2114    602.995     4.9094   3.361798    34.9672    27.6598 0.0000e+00
       2115    603.294     4.9087   3.361759    34.9673    27.6600 0.0000e+00
       2116    603.588     4.9084   3.361718    34.9670    27.6598 0.0000e+00
       2117    603.899     4.9080   3.361689    34.9669    27.6598 0.0000e+00
       2118    604.237     4.9078   3.361672    34.9668    27.6597 0.0000e+00
       2119    604.590     4.9074   3.361655    34.9668    27.6598 0.0000e+00
       2120    604.934     4.9070   3.361653    34.9670    27.6600 0.0000e+00
       2121    605.256     4.9067   3.361641    34.9670    27.6600 0.0000e+00
       2122    605.557     4.9062   3.361591    34.9668    27.6599 0.0000e+00
       2123    605.857     4.9056   3.361544    34.9668    27.6599 0.0000e+00
       2124    606.172     4.9051   3.361510    34.9667    27.6600 0.0000e+00
       2125    606.502     4.9044   3.361475    34.9669    27.6602 0.0000e+00
       2126    606.835     4.9038   3.361446    34.9670    27.6603 0.0000e+00
       2127    607.151     4.9031   3.361416    34.9672    27.6606 0.0000e+00
       2128    607.447     4.9022   3.361355    34.9673    27.6608 0.0000e+00
       2129    607.738     4.9006   3.361205    34.9671    27.6608 0.0000e+00
       2130    608.041     4.8984   3.360978    34.9666    27.6606 0.0000e+00
       2131    608.363     4.8958   3.360745    34.9665    27.6608 0.0000e+00
       2132    608.693     4.8935   3.360582    34.9668    27.6614 0.0000e+00
       2133    609.006     4.8919   3.360511    34.9675    27.6621 0.0000e+00
       2134    609.299     4.8908   3.360453    34.9678    27.6625 0.0000e+00
       2135    609.589     4.8895   3.360324    34.9676    27.6624 0.0000e+00
       2136    609.890     4.8861   3.360046    34.9677    27.6630 0.0000e+00
       2137    610.212     4.8766   3.359248    34.9683    27.6645 0.0000e+00
       2138    610.547     4.8600   3.357748    34.9681    27.6663 0.0000e+00
       2139    610.877     4.8414   3.356105    34.9684    27.6686 0.0000e+00
       2140    611.193     4.8267   3.354866    34.9692    27.6710 0.0000e+00
       2141    611.493     4.8178   3.354099    34.9695    27.6722 0.0000e+00
       2142    611.781     4.8128   3.353629    34.9691    27.6725 0.0000e+00
       2143    612.074     4.8094   3.353245    34.9681    27.6721 0.0000e+00
       2144    612.384     4.8065   3.352867    34.9666    27.6712 0.0000e+00
       2145    612.709     4.8039   3.352635    34.9665    27.6714 0.0000e+00
       2146    613.027     4.8019   3.352638    34.9684    27.6732 0.0000e+00
       2147    613.316     4.8010   3.352675    34.9696    27.6742 0.0000e+00
       2148    613.581     4.8007   3.352618    34.9692    27.6739 0.0000e+00
       2149    613.847     4.8007   3.352506    34.9677    27.6728 0.0000e+00
       2150    614.140     4.8005   3.352360    34.9661    27.6715 0.0000e+00
       2151    614.474     4.7997   3.352192    34.9648    27.6706 0.0000e+00
       2152    614.828     4.7985   3.352122    34.9651    27.6709 0.0000e+00
       2153    615.169     4.7973   3.352228    34.9674    27.6729 0.0000e+00
       2154    615.476     4.7961   3.352230    34.9685    27.6739 0.0000e+00
       2155    615.756     4.7944   3.351931    34.9667    27.6726 0.0000e+00
       2156    616.039     4.7921   3.351543    34.9644    27.6711 0.0000e+00
       2157    616.355     4.7897   3.351251    34.9634    27.6706 0.0000e+00
       2158    616.703     4.7879   3.351108    34.9634    27.6708 0.0000e+00
       2159    617.051     4.7865   3.351080    34.9644    27.6718 0.0000e+00
       2160    617.368     4.7852   3.351021    34.9649    27.6723 0.0000e+00
       2161    617.660     4.7842   3.350884    34.9642    27.6719 0.0000e+00
       2162    617.954     4.7829   3.350708    34.9634    27.6714 0.0000e+00
       2163    618.270     4.7812   3.350486    34.9624    27.6708 0.0000e+00
       2164    618.604     4.7788   3.350263    34.9622    27.6709 0.0000e+00
       2165    618.935     4.7765   3.350094    34.9625    27.6714 0.0000e+00
       2166    619.245     4.7749   3.349979    34.9627    27.6717 0.0000e+00
       2167    619.539     4.7737   3.349894    34.9628    27.6719 0.0000e+00
       2168    619.834     4.7727   3.349780    34.9623    27.6717 0.0000e+00
       2169    620.139     4.7713   3.349621    34.9618    27.6714 0.0000e+00
       2170    620.448     4.7695   3.349457    34.9616    27.6715 0.0000e+00
       2171    620.753     4.7680   3.349340    34.9617    27.6717 0.0000e+00
       2172    621.048     4.7668   3.349262    34.9619    27.6720 0.0000e+00
       2173    621.336     4.7652   3.349140    34.9620    27.6723 0.0000e+00
       2174    621.624     4.7623   3.348883    34.9619    27.6725 0.0000e+00
       2175    621.914     4.7585   3.348546    34.9618    27.6729 0.0000e+00
       2176    622.205     4.7553   3.348281    34.9620    27.6734 0.0000e+00
       2177    622.498     4.7531   3.348120    34.9622    27.6738 0.0000e+00
       2178    622.790     4.7515   3.347966    34.9620    27.6738 0.0000e+00
       2179    623.079     4.7498   3.347789    34.9616    27.6737 0.0000e+00
       2180    623.364     4.7482   3.347657    34.9616    27.6739 0.0000e+00
       2181    623.644     4.7469   3.347574    34.9618    27.6742 0.0000e+00
       2182    623.916     4.7455   3.347458    34.9618    27.6743 0.0000e+00
       2183    624.184     4.7442   3.347305    34.9612    27.6741 0.0000e+00
       2184    624.456     4.7425   3.347130    34.9608    27.6739 0.0000e+00
       2185    624.734     4.7405   3.346944    34.9606    27.6740 0.0000e+00
       2186    625.008     4.7384   3.346796    34.9610    27.6745 0.0000e+00
       2187    625.272     4.7364   3.346689    34.9617    27.6753 0.0000e+00
       2188    625.536     4.7347   3.346563    34.9619    27.6756 0.0000e+00
       2189    625.810     4.7332   3.346399    34.9614    27.6754 0.0000e+00
       2190    626.098     4.7317   3.346213    34.9607    27.6750 0.0000e+00
       2191    626.397     4.7303   3.346047    34.9601    27.6747 0.0000e+00
       2192    626.702     4.7293   3.345964    34.9600    27.6747 0.0000e+00
       2193    626.996     4.7286   3.345921    34.9601    27.6749 0.0000e+00
       2194    627.270     4.7279   3.345844    34.9598    27.6747 0.0000e+00
       2195    627.533     4.7272   3.345758    34.9594    27.6745 0.0000e+00
       2196    627.800     4.7262   3.345664    34.9592    27.6745 0.0000e+00
       2197    628.084     4.7248   3.345513    34.9587    27.6743 0.0000e+00
       2198    628.389     4.7231   3.345347    34.9584    27.6742 0.0000e+00
       2199    628.700     4.7217   3.345285    34.9590    27.6749 0.0000e+00
       2200    628.992     4.7207   3.345300    34.9601    27.6758 0.0000e+00
       2201    629.262     4.7195   3.345194    34.9600    27.6759 0.0000e+00
       2202    629.531     4.7171   3.344908    34.9590    27.6754 0.0000e+00
       2203    629.819     4.7141   3.344600    34.9585    27.6753 0.0000e+00
       2204    630.121     4.7115   3.344387    34.9586    27.6756 0.0000e+00
       2205    630.420     4.7094   3.344234    34.9588    27.6761 0.0000e+00
       2206    630.705     4.7074   3.344093    34.9591    27.6766 0.0000e+00
       2207    630.982     4.7058   3.343932    34.9588    27.6765 0.0000e+00
       2208    631.261     4.7045   3.343772    34.9582    27.6761 0.0000e+00
       2209    631.539     4.7029   3.343628    34.9580    27.6762 0.0000e+00
       2210    631.811     4.7008   3.343464    34.9582    27.6765 0.0000e+00
       2211    632.084     4.6988   3.343305    34.9583    27.6769 0.0000e+00
       2212    632.363     4.6970   3.343162    34.9584    27.6771 0.0000e+00
       2213    632.647     4.6951   3.342975    34.9580    27.6771 0.0000e+00
       2214    632.936     4.6929   3.342772    34.9578    27.6772 0.0000e+00
       2215    633.230     4.6906   3.342603    34.9581    27.6777 0.0000e+00
       2216    633.527     4.6883   3.342414    34.9582    27.6780 0.0000e+00
       2217    633.821     4.6859   3.342207    34.9581    27.6782 0.0000e+00
       2218    634.106     4.6841   3.342064    34.9582    27.6785 0.0000e+00
       2219    634.383     4.6826   3.341967    34.9585    27.6789 0.0000e+00
       2220    634.659     4.6809   3.341822    34.9585    27.6790 0.0000e+00
       2221    634.936     4.6790   3.341622    34.9580    27.6789 0.0000e+00
       2222    635.220     4.6768   3.341427    34.9579    27.6790 0.0000e+00
       2223    635.516     4.6746   3.341232    34.9578    27.6792 0.0000e+00
       2224    635.822     4.6721   3.341029    34.9579    27.6796 0.0000e+00
       2225    636.125     4.6698   3.340875    34.9583    27.6802 0.0000e+00
       2226    636.412     4.6682   3.340838    34.9594    27.6812 0.0000e+00
       2227    636.682     4.6668   3.340795    34.9603    27.6821 0.0000e+00
       2228    636.949     4.6650   3.340579    34.9595    27.6817 0.0000e+00
       2229    637.229     4.6627   3.340282    34.9583    27.6810 0.0000e+00
       2230    637.528     4.6601   3.340006    34.9577    27.6808 0.0000e+00
       2231    637.841     4.6571   3.339737    34.9575    27.6810 0.0000e+00
       2232    638.154     4.6536   3.339465    34.9579    27.6816 0.0000e+00
       2233    638.446     4.6502   3.339213    34.9584    27.6824 0.0000e+00
       2234    638.716     4.6475   3.338997    34.9586    27.6829 0.0000e+00
       2235    638.980     4.6449   3.338731    34.9580    27.6828 0.0000e+00
       2236    639.254     4.6418   3.338392    34.9572    27.6824 0.0000e+00
       2237    639.545     4.6389   3.338122    34.9570    27.6826 0.0000e+00
       2238    639.844     4.6366   3.337975    34.9575    27.6833 0.0000e+00
       2239    640.131     4.6350   3.337867    34.9578    27.6837 0.0000e+00
       2240    640.405     4.6335   3.337730    34.9576    27.6837 0.0000e+00
       2241    640.678     4.6318   3.337534    34.9570    27.6834 0.0000e+00
       2242    640.963     4.6295   3.337308    34.9566    27.6833 0.0000e+00
       2243    641.257     4.6273   3.337123    34.9566    27.6836 0.0000e+00
       2244    641.546     4.6257   3.337023    34.9570    27.6841 0.0000e+00
       2245    641.819     4.6243   3.336974    34.9577    27.6848 0.0000e+00
       2246    642.079     4.6228   3.336866    34.9579    27.6851 0.0000e+00
       2247    642.341     4.6208   3.336639    34.9572    27.6848 0.0000e+00
       2248    642.618     4.6182   3.336352    34.9565    27.6845 0.0000e+00
       2249    642.913     4.6154   3.336081    34.9561    27.6845 0.0000e+00
       2250    643.212     4.6132   3.335914    34.9563    27.6850 0.0000e+00
       2251    643.498     4.6119   3.335855    34.9569    27.6855 0.0000e+00
       2252    643.768     4.6112   3.335803    34.9568    27.6856 0.0000e+00
       2253    644.033     4.6109   3.335734    34.9562    27.6851 0.0000e+00
       2254    644.310     4.6116   3.335755    34.9556    27.6845 0.0000e+00
       2255    644.601     4.6134   3.335959    34.9559    27.6846 0.0000e+00
       2256    644.890     4.6140   3.336158    34.9575    27.6858 0.0000e+00
