Datasets/Test_Dataset_39219_tow/originals/tel219_2021_044.cnv
* Sea-Bird SBE19plus Data File:
* Filename = C:/AQUIRE/tel219_2021_044.hex
* Software Version AquireV2 AF V2.0
* Temperature SN =  4020
* Conductivity SN =  4020
* System UpLoad Time = May 12 2021 14:39:48
** VESSEL/TRIP/SEQ STN: tel219_2021_044
** LATITUDE: 45 22.29 N
** LONGITUDE: 55 58.63 W
** DATE/TIME: 2021-05-12 14:04
** SOUNDING DEPTH (M): 0052
** PROBE TYPE: S4020
** CTD NUMBER: 044
** FORMAT: T
** COMMENTS: 
# nquan = 7                                 
# nvalues = 2168                        
# units = specified
# name 0 = scan: Scan Count
# name 1 = prdM: Pressure, Strain Gauge [db]
# name 2 = tv290C: Temperature [ITS-90, deg C]
# name 3 = c0S/m: Conductivity [S/m]
# name 4 = sal00: Salinity, Practical [PSU]
# name 5 = sigma-t00: Density [sigma-t, kg/m^3 ]
# name 6 = flag: flag
# span 0 =          1,       2168       
# span 1 =     -0.194,     54.568       
# span 2 =     2.7742,     4.0289       
# span 3 =   0.005426,   2.973091       
# span 4 =     0.0409,    32.2583       
# span 5 =     0.0080,    25.6944       
# span 6 = 0.0000e+00, 0.0000e+00       
# interval = seconds: 1
# start_time = May 12 2021 14:04:33 [Instrument's time stamp, header]
# bad_flag = -9.990e-29
*END*
[from data line 821]
        822     53.279     2.8148   2.925780    32.2313    25.6909 0.0000e+00
        823     53.297     2.8149   2.925796    32.2314    25.6910 0.0000e+00
        824     53.311     2.8150   2.925795    32.2313    25.6909 0.0000e+00
        825     53.320     2.8149   2.925778    32.2312    25.6908 0.0000e+00
        826     53.327     2.8146   2.925737    32.2310    25.6907 0.0000e+00
        827     53.328     2.8141   2.925689    32.2309    25.6906 0.0000e+00
        828     53.318     2.8138   2.925677    32.2311    25.6908 0.0000e+00
        829     53.301     2.8137   2.925688    32.2313    25.6910 0.0000e+00
        830     53.284     2.8139   2.925694    32.2312    25.6909 0.0000e+00
        831     53.276     2.8140   2.925694    32.2311    25.6908 0.0000e+00
        832     53.282     2.8140   2.925696    32.2311    25.6908 0.0000e+00
        833     53.301     2.8140   2.925702    32.2312    25.6909 0.0000e+00
        834     53.320     2.8140   2.925707    32.2312    25.6909 0.0000e+00
        835     53.326     2.8140   2.925711    32.2313    25.6910 0.0000e+00
        836     53.319     2.8140   2.925713    32.2313    25.6910 0.0000e+00
        837     53.304     2.8140   2.925706    32.2312    25.6909 0.0000e+00
        838     53.287     2.8140   2.925692    32.2311    25.6908 0.0000e+00
        839     53.274     2.8140   2.925670    32.2308    25.6906 0.0000e+00
        840     53.268     2.8137   2.925652    32.2309    25.6907 0.0000e+00
        841     53.274     2.8136   2.925662    32.2311    25.6909 0.0000e+00
        842     53.292     2.8137   2.925692    32.2314    25.6910 0.0000e+00
        843     53.307     2.8139   2.925720    32.2315    25.6911 0.0000e+00
        844     53.309     2.8142   2.925746    32.2315    25.6911 0.0000e+00
        845     53.305     2.8145   2.925773    32.2315    25.6911 0.0000e+00
        846     53.302     2.8148   2.925800    32.2316    25.6911 0.0000e+00
        847     53.298     2.8152   2.925826    32.2315    25.6910 0.0000e+00
        848     53.292     2.8156   2.925853    32.2314    25.6909 0.0000e+00
        849     53.288     2.8158   2.925883    32.2316    25.6910 0.0000e+00
        850     53.292     2.8160   2.925909    32.2317    25.6911 0.0000e+00
        851     53.306     2.8161   2.925935    32.2319    25.6913 0.0000e+00
        852     53.322     2.8164   2.925962    32.2319    25.6913 0.0000e+00
        853     53.328     2.8166   2.925972    32.2318    25.6912 0.0000e+00
        854     53.318     2.8167   2.925971    32.2317    25.6911 0.0000e+00
        855     53.292     2.8167   2.925962    32.2316    25.6910 0.0000e+00
        856     53.263     2.8167   2.925945    32.2314    25.6909 0.0000e+00
        857     53.243     2.8167   2.925952    32.2315    25.6909 0.0000e+00
        858     53.230     2.8167   2.925986    32.2320    25.6913 0.0000e+00
        859     53.227     2.8169   2.925996    32.2319    25.6912 0.0000e+00
        860     53.246     2.8170   2.925982    32.2316    25.6910 0.0000e+00
        861     53.286     2.8171   2.925989    32.2316    25.6909 0.0000e+00
        862     53.329     2.8171   2.926019    32.2319    25.6912 0.0000e+00
        863     53.353     2.8173   2.926037    32.2319    25.6912 0.0000e+00
        864     53.355     2.8174   2.926028    32.2317    25.6910 0.0000e+00
        865     53.351     2.8174   2.926006    32.2314    25.6908 0.0000e+00
        866     53.345     2.8173   2.925999    32.2315    25.6908 0.0000e+00
        867     53.329     2.8174   2.926018    32.2316    25.6909 0.0000e+00
        868     53.305     2.8175   2.926041    32.2318    25.6911 0.0000e+00
        869     53.281     2.8175   2.926051    32.2319    25.6912 0.0000e+00
        870     53.269     2.8177   2.926053    32.2318    25.6910 0.0000e+00
        871     53.283     2.8176   2.926054    32.2319    25.6911 0.0000e+00
        872     53.320     2.8175   2.926053    32.2319    25.6912 0.0000e+00
        873     53.359     2.8175   2.926051    32.2319    25.6911 0.0000e+00
        874     53.385     2.8175   2.926043    32.2318    25.6911 0.0000e+00
        875     53.394     2.8174   2.926026    32.2317    25.6910 0.0000e+00
        876     53.394     2.8172   2.926012    32.2317    25.6910 0.0000e+00
        877     53.393     2.8171   2.926005    32.2317    25.6910 0.0000e+00
        878     53.393     2.8171   2.926012    32.2318    25.6911 0.0000e+00
        879     53.392     2.8171   2.926025    32.2320    25.6912 0.0000e+00
        880     53.392     2.8173   2.926041    32.2319    25.6912 0.0000e+00
        881     53.399     2.8175   2.926056    32.2319    25.6912 0.0000e+00
        882     53.406     2.8176   2.926065    32.2319    25.6912 0.0000e+00
        883     53.407     2.8177   2.926063    32.2318    25.6911 0.0000e+00
        884     53.403     2.8176   2.926062    32.2319    25.6911 0.0000e+00
        885     53.396     2.8175   2.926069    32.2321    25.6913 0.0000e+00
        886     53.390     2.8177   2.926076    32.2320    25.6912 0.0000e+00
        887     53.393     2.8179   2.926078    32.2318    25.6910 0.0000e+00
        888     53.399     2.8179   2.926084    32.2319    25.6911 0.0000e+00
        889     53.399     2.8179   2.926095    32.2320    25.6912 0.0000e+00
        890     53.393     2.8179   2.926097    32.2320    25.6912 0.0000e+00
        891     53.392     2.8179   2.926095    32.2320    25.6912 0.0000e+00
        892     53.406     2.8179   2.926110    32.2322    25.6913 0.0000e+00
        893     53.422     2.8182   2.926151    32.2324    25.6915 0.0000e+00
        894     53.413     2.8187   2.926194    32.2324    25.6914 0.0000e+00
        895     53.378     2.8192   2.926225    32.2323    25.6913 0.0000e+00
        896     53.340     2.8193   2.926227    32.2322    25.6913 0.0000e+00
        897     53.318     2.8194   2.926223    32.2321    25.6912 0.0000e+00
        898     53.312     2.8194   2.926236    32.2323    25.6913 0.0000e+00
        899     53.315     2.8195   2.926252    32.2323    25.6913 0.0000e+00
        900     53.325     2.8196   2.926261    32.2323    25.6913 0.0000e+00
        901     53.340     2.8197   2.926262    32.2323    25.6913 0.0000e+00
        902     53.358     2.8197   2.926261    32.2322    25.6912 0.0000e+00
        903     53.371     2.8197   2.926259    32.2322    25.6912 0.0000e+00
        904     53.369     2.8197   2.926250    32.2321    25.6911 0.0000e+00
        905     53.354     2.8195   2.926236    32.2321    25.6912 0.0000e+00
        906     53.332     2.8194   2.926229    32.2322    25.6912 0.0000e+00
        907     53.312     2.8194   2.926226    32.2321    25.6912 0.0000e+00
        908     53.304     2.8194   2.926226    32.2321    25.6912 0.0000e+00
        909     53.313     2.8193   2.926223    32.2322    25.6912 0.0000e+00
        910     53.334     2.8193   2.926222    32.2322    25.6912 0.0000e+00
        911     53.358     2.8193   2.926227    32.2322    25.6913 0.0000e+00
        912     53.369     2.8193   2.926231    32.2323    25.6913 0.0000e+00
        913     53.360     2.8193   2.926233    32.2323    25.6913 0.0000e+00
        914     53.344     2.8193   2.926234    32.2323    25.6913 0.0000e+00
        915     53.335     2.8194   2.926226    32.2321    25.6912 0.0000e+00
        916     53.333     2.8194   2.926225    32.2321    25.6912 0.0000e+00
        917     53.323     2.8194   2.926236    32.2322    25.6913 0.0000e+00
        918     53.299     2.8195   2.926250    32.2323    25.6913 0.0000e+00
        919     53.278     2.8197   2.926259    32.2322    25.6913 0.0000e+00
        920     53.274     2.8198   2.926264    32.2322    25.6912 0.0000e+00
        921     53.282     2.8198   2.926277    32.2324    25.6913 0.0000e+00
        922     53.294     2.8199   2.926291    32.2324    25.6914 0.0000e+00
        923     53.312     2.8200   2.926291    32.2323    25.6913 0.0000e+00
        924     53.334     2.8200   2.926281    32.2322    25.6912 0.0000e+00
        925     53.350     2.8198   2.926279    32.2324    25.6913 0.0000e+00
        926     53.351     2.8198   2.926276    32.2323    25.6913 0.0000e+00
        927     53.330     2.8198   2.926255    32.2321    25.6911 0.0000e+00
        928     53.290     2.8196   2.926224    32.2319    25.6910 0.0000e+00
        929     53.246     2.8193   2.926202    32.2320    25.6911 0.0000e+00
        930     53.212     2.8190   2.926193    32.2322    25.6913 0.0000e+00
        931     53.193     2.8190   2.926181    32.2320    25.6912 0.0000e+00
        932     53.187     2.8190   2.926179    32.2320    25.6911 0.0000e+00
        933     53.195     2.8191   2.926203    32.2322    25.6913 0.0000e+00
        934     53.218     2.8193   2.926240    32.2325    25.6914 0.0000e+00
        935     53.252     2.8195   2.926268    32.2326    25.6915 0.0000e+00
        936     53.287     2.8197   2.926287    32.2326    25.6915 0.0000e+00
        937     53.302     2.8200   2.926294    32.2324    25.6913 0.0000e+00
        938     53.285     2.8201   2.926287    32.2322    25.6912 0.0000e+00
        939     53.247     2.8200   2.926266    32.2320    25.6911 0.0000e+00
        940     53.206     2.8198   2.926251    32.2321    25.6911 0.0000e+00
        941     53.179     2.8198   2.926241    32.2320    25.6910 0.0000e+00
        942     53.165     2.8197   2.926216    32.2318    25.6909 0.0000e+00
        943     53.157     2.8195   2.926205    32.2319    25.6910 0.0000e+00
        944     53.151     2.8196   2.926248    32.2323    25.6913 0.0000e+00
        945     53.150     2.8198   2.926297    32.2327    25.6916 0.0000e+00
        946     53.161     2.8200   2.926313    32.2327    25.6916 0.0000e+00
        947     53.185     2.8201   2.926314    32.2326    25.6915 0.0000e+00
        948     53.211     2.8202   2.926310    32.2324    25.6913 0.0000e+00
        949     53.224     2.8201   2.926304    32.2324    25.6914 0.0000e+00
        950     53.219     2.8201   2.926304    32.2324    25.6914 0.0000e+00
        951     53.197     2.8201   2.926308    32.2325    25.6914 0.0000e+00
        952     53.163     2.8202   2.926317    32.2325    25.6914 0.0000e+00
        953     53.123     2.8204   2.926332    32.2325    25.6914 0.0000e+00
        954     53.087     2.8205   2.926344    32.2326    25.6915 0.0000e+00
        955     53.067     2.8207   2.926350    32.2325    25.6913 0.0000e+00
        956     53.069     2.8207   2.926346    32.2324    25.6913 0.0000e+00
        957     53.088     2.8205   2.926322    32.2323    25.6912 0.0000e+00
        958     53.115     2.8202   2.926288    32.2322    25.6912 0.0000e+00
        959     53.147     2.8200   2.926272    32.2322    25.6912 0.0000e+00
        960     53.176     2.8198   2.926273    32.2324    25.6913 0.0000e+00
        961     53.191     2.8198   2.926273    32.2324    25.6913 0.0000e+00
        962     53.182     2.8198   2.926275    32.2324    25.6914 0.0000e+00
        963     53.147     2.8200   2.926276    32.2322    25.6912 0.0000e+00
        964     53.094     2.8201   2.926257    32.2319    25.6910 0.0000e+00
        965     53.034     2.8201   2.926242    32.2318    25.6908 0.0000e+00
        966     52.988     2.8201   2.926264    32.2321    25.6911 0.0000e+00
        967     52.973     2.8201   2.926287    32.2323    25.6913 0.0000e+00
        968     52.987     2.8201   2.926298    32.2325    25.6914 0.0000e+00
        969     53.017     2.8201   2.926301    32.2325    25.6914 0.0000e+00
        970     53.055     2.8201   2.926292    32.2324    25.6913 0.0000e+00
        971     53.097     2.8201   2.926280    32.2322    25.6912 0.0000e+00
        972     53.133     2.8201   2.926278    32.2322    25.6911 0.0000e+00
        973     53.150     2.8201   2.926283    32.2322    25.6912 0.0000e+00
        974     53.141     2.8201   2.926291    32.2323    25.6913 0.0000e+00
        975     53.114     2.8201   2.926298    32.2324    25.6913 0.0000e+00
        976     53.079     2.8201   2.926303    32.2325    25.6914 0.0000e+00
        977     53.040     2.8202   2.926309    32.2325    25.6914 0.0000e+00
        978     52.999     2.8203   2.926319    32.2325    25.6914 0.0000e+00
        979     52.969     2.8205   2.926331    32.2325    25.6914 0.0000e+00
        980     52.961     2.8206   2.926345    32.2326    25.6914 0.0000e+00
        981     52.975     2.8208   2.926365    32.2326    25.6914 0.0000e+00
        982     53.003     2.8210   2.926383    32.2326    25.6914 0.0000e+00
        983     53.033     2.8212   2.926400    32.2326    25.6914 0.0000e+00
        984     53.057     2.8213   2.926404    32.2325    25.6913 0.0000e+00
        985     53.073     2.8213   2.926388    32.2323    25.6912 0.0000e+00
        986     53.077     2.8212   2.926376    32.2323    25.6911 0.0000e+00
        987     53.067     2.8212   2.926394    32.2325    25.6913 0.0000e+00
        988     53.043     2.8213   2.926425    32.2328    25.6916 0.0000e+00
        989     53.014     2.8217   2.926458    32.2328    25.6915 0.0000e+00
        990     52.991     2.8220   2.926486    32.2329    25.6915 0.0000e+00
        991     52.972     2.8222   2.926502    32.2329    25.6915 0.0000e+00
        992     52.958     2.8224   2.926509    32.2327    25.6914 0.0000e+00
        993     52.951     2.8226   2.926519    32.2327    25.6914 0.0000e+00
        994     52.953     2.8227   2.926526    32.2327    25.6913 0.0000e+00
        995     52.969     2.8227   2.926515    32.2325    25.6912 0.0000e+00
        996     53.000     2.8227   2.926504    32.2324    25.6911 0.0000e+00
        997     53.029     2.8228   2.926521    32.2325    25.6912 0.0000e+00
        998     53.038     2.8228   2.926556    32.2329    25.6915 0.0000e+00
        999     53.024     2.8230   2.926574    32.2329    25.6915 0.0000e+00
       1000     52.995     2.8231   2.926569    32.2328    25.6914 0.0000e+00
       1001     52.962     2.8231   2.926567    32.2327    25.6914 0.0000e+00
       1002     52.933     2.8232   2.926574    32.2327    25.6914 0.0000e+00
       1003     52.909     2.8232   2.926578    32.2328    25.6914 0.0000e+00
       1004     52.897     2.8232   2.926579    32.2328    25.6914 0.0000e+00
       1005     52.906     2.8232   2.926584    32.2329    25.6915 0.0000e+00
       1006     52.937     2.8232   2.926590    32.2329    25.6915 0.0000e+00
       1007     52.978     2.8233   2.926605    32.2330    25.6916 0.0000e+00
       1008     53.009     2.8235   2.926629    32.2331    25.6916 0.0000e+00
       1009     53.022     2.8238   2.926645    32.2330    25.6915 0.0000e+00
       1010     53.018     2.8239   2.926645    32.2329    25.6914 0.0000e+00
       1011     52.997     2.8239   2.926643    32.2329    25.6914 0.0000e+00
       1012     52.961     2.8238   2.926636    32.2329    25.6914 0.0000e+00
       1013     52.915     2.8236   2.926627    32.2330    25.6915 0.0000e+00
       1014     52.870     2.8236   2.926631    32.2331    25.6916 0.0000e+00
       1015     52.841     2.8238   2.926647    32.2331    25.6916 0.0000e+00
       1016     52.836     2.8240   2.926662    32.2331    25.6916 0.0000e+00
       1017     52.853     2.8241   2.926678    32.2332    25.6916 0.0000e+00
       1018     52.883     2.8243   2.926689    32.2331    25.6915 0.0000e+00
       1019     52.920     2.8243   2.926688    32.2330    25.6915 0.0000e+00
       1020     52.958     2.8242   2.926677    32.2330    25.6915 0.0000e+00
       1021     52.980     2.8240   2.926667    32.2331    25.6915 0.0000e+00
       1022     52.977     2.8240   2.926666    32.2330    25.6915 0.0000e+00
       1023     52.945     2.8240   2.926665    32.2330    25.6915 0.0000e+00
       1024     52.885     2.8240   2.926665    32.2331    25.6916 0.0000e+00
       1025     52.814     2.8242   2.926676    32.2330    25.6915 0.0000e+00
