Datasets/Test_Dataset_39219_tow/originals/tel219_2021_071.cnv
* Sea-Bird SBE19plus Data File:
* Filename = C:/AQUIRE/tel219_2021_071.hex
* Software Version AquireV2 AF V2.0
* Temperature SN =  4020
* Conductivity SN =  4020
* System UpLoad Time = May 15 2021 13:17:02
** VESSEL/TRIP/SEQ STN: tel219_2021_071
** LATITUDE: 45 53.52 N
** LONGITUDE: 55 04.30 W
** DATE/TIME: 2021-05-15 12:33
** SOUNDING DEPTH (M): 0143
** PROBE TYPE: S4020
** CTD NUMBER:  71
** FORMAT: T
** COMMENTS: 
# nquan = 7                                 
# nvalues = 2698                        
# units = specified
# name 0 = scan: Scan Count
# name 1 = prdM: Pressure, Strain Gauge [db]
# name 2 = tv290C: Temperature [ITS-90, deg C]
# name 3 = c0S/m: Conductivity [S/m]
# name 4 = sal00: Salinity, Practical [PSU]
# name 5 = sigma-t00: Density [sigma-t, kg/m^3 ]
# name 6 = flag: flag
# span 0 =          1,       2698       
# span 1 =     -0.053,    139.076       
# span 2 =     0.3887,     4.5497       
# span 3 =   0.006758,   3.024307       
# span 4 =     0.0508,    32.7024       
# span 5 =     0.0138,    26.2289       
# span 6 = 0.0000e+00, 0.0000e+00       
# interval = seconds: 1
# start_time = May 15 2021 12:33:17 [Instrument's time stamp, header]
# bad_flag = -9.990e-29
*END*
[from data line 2052]
       2053     40.092     3.1696   2.969960    32.4172    25.8091 0.0000e+00
       2054     39.517     3.1844   2.970496    32.4091    25.8013 0.0000e+00
       2055     38.951     3.1959   2.971621    32.4115    25.8021 0.0000e+00
       2056     38.387     3.2061   2.972894    32.4169    25.8056 0.0000e+00
       2057     37.810     3.2142   2.973228    32.4131    25.8018 0.0000e+00
       2058     37.202     3.2161   2.971500    32.3907    25.7838 0.0000e+00
       2059     36.578     3.2014   2.967872    32.3620    25.7623 0.0000e+00
       2060     35.989     3.1690   2.965585    32.3672    25.7692 0.0000e+00
       2061     35.469     3.1406   2.965353    32.3932    25.7924 0.0000e+00
       2062     35.001     3.1395   2.966172    32.4044    25.8015 0.0000e+00
       2063     34.540     3.1673   2.969801    32.4206    25.8119 0.0000e+00
       2064     34.049     3.2074   2.974091    32.4323    25.8177 0.0000e+00
       2065     33.535     3.2427   2.975718    32.4167    25.8022 0.0000e+00
       2066     33.029     3.2620   2.974523    32.3833    25.7738 0.0000e+00
       2067     32.543     3.2656   2.972668    32.3576    25.7531 0.0000e+00
       2068     32.068     3.2672   2.972113    32.3496    25.7465 0.0000e+00
       2069     31.611     3.2676   2.971765    32.3452    25.7430 0.0000e+00
       2070     31.206     3.2487   2.971196    32.3575    25.7545 0.0000e+00
       2071     30.884     3.2142   2.971102    32.3911    25.7843 0.0000e+00
       2072     30.642     3.1913   2.971983    32.4248    25.8132 0.0000e+00
       2073     30.447     3.1871   2.972654    32.4372    25.8235 0.0000e+00
       2074     30.271     3.1873   2.972026    32.4296    25.8173 0.0000e+00
       2075     30.091     3.1826   2.970696    32.4183    25.8088 0.0000e+00
       2076     29.910     3.1735   2.970277    32.4225    25.8129 0.0000e+00
       2077     29.756     3.1677   2.971675    32.4453    25.8316 0.0000e+00
       2078     29.643     3.1769   2.973597    32.4593    25.8419 0.0000e+00
       2079     29.565     3.1980   2.974972    32.4547    25.8364 0.0000e+00
       2080     29.515     3.2132   2.974579    32.4347    25.8192 0.0000e+00
       2081     29.471     3.2188   2.972387    32.4027    25.7932 0.0000e+00
       2082     29.415     3.2221   2.970578    32.3777    25.7729 0.0000e+00
       2083     29.358     3.2196   2.970421    32.3783    25.7736 0.0000e+00
       2084     29.316     3.2102   2.971941    32.4061    25.7966 0.0000e+00
       2085     29.302     3.2077   2.973990    32.4333    25.8185 0.0000e+00
       2086     29.316     3.2130   2.974816    32.4379    25.8217 0.0000e+00
       2087     29.336     3.2117   2.973687    32.4256    25.8120 0.0000e+00
       2088     29.339     3.2024   2.971701    32.4110    25.8012 0.0000e+00
       2089     29.328     3.1940   2.971297    32.4145    25.8048 0.0000e+00
       2090     29.325     3.1936   2.973281    32.4389    25.8242 0.0000e+00
       2091     29.343     3.2053   2.975712    32.4564    25.8371 0.0000e+00
       2092     29.378     3.2189   2.976374    32.4507    25.8314 0.0000e+00
       2093     29.416     3.2192   2.974987    32.4337    25.8178 0.0000e+00
       2094     29.446     3.2096   2.973097    32.4205    25.8082 0.0000e+00
       2095     29.468     3.2013   2.972618    32.4231    25.8109 0.0000e+00
       2096     29.495     3.1961   2.973784    32.4423    25.8267 0.0000e+00
       2097     29.534     3.1917   2.974868    32.4598    25.8411 0.0000e+00
       2098     29.581     3.1861   2.974651    32.4628    25.8439 0.0000e+00
       2099     29.632     3.1791   2.973947    32.4613    25.8434 0.0000e+00
       2100     29.688     3.1733   2.974112    32.4691    25.8501 0.0000e+00
       2101     29.751     3.1723   2.975171    32.4828    25.8611 0.0000e+00
       2102     29.823     3.1762   2.975962    32.4884    25.8652 0.0000e+00
       2103     29.899     3.1784   2.975559    32.4813    25.8594 0.0000e+00
       2104     29.968     3.1742   2.974393    32.4714    25.8519 0.0000e+00
       2105     30.026     3.1703   2.974063    32.4713    25.8521 0.0000e+00
       2106     30.087     3.1787   2.975523    32.4805    25.8587 0.0000e+00
       2107     30.169     3.2062   2.977975    32.4823    25.8577 0.0000e+00
       2108     30.266     3.2424   2.979687    32.4665    25.8419 0.0000e+00
       2109     30.354     3.2637   2.979021    32.4371    25.8166 0.0000e+00
       2110     30.417     3.2622   2.976732    32.4110    25.7959 0.0000e+00
       2111     30.452     3.2510   2.975777    32.4107    25.7967 0.0000e+00
       2112     30.481     3.2470   2.977360    32.4338    25.8154 0.0000e+00
       2113     30.534     3.2664   2.980398    32.4509    25.8273 0.0000e+00
       2114     30.616     3.3050   2.982931    32.4426    25.8173 0.0000e+00
       2115     30.703     3.3329   2.982903    32.4142    25.7922 0.0000e+00
       2116     30.762     3.3367   2.980707    32.3840    25.7678 0.0000e+00
       2117     30.774     3.3373   2.979098    32.3641    25.7518 0.0000e+00
       2118     30.734     3.3516   2.979363    32.3530    25.7417 0.0000e+00
       2119     30.644     3.3728   2.981415    32.3565    25.7426 0.0000e+00
       2120     30.502     3.3924   2.985119    32.3814    25.7607 0.0000e+00
       2121     30.298     3.4095   2.988540    32.4054    25.7783 0.0000e+00
       2122     30.012     3.4195   2.989672    32.4091    25.7803 0.0000e+00
       2123     29.622     3.4188   2.989310    32.4057    25.7777 0.0000e+00
       2124     29.116     3.4152   2.988981    32.4056    25.7779 0.0000e+00
       2125     28.516     3.4169   2.989063    32.4052    25.7774 0.0000e+00
       2126     27.846     3.4245   2.989476    32.4029    25.7749 0.0000e+00
       2127     27.119     3.4348   2.990029    32.3996    25.7714 0.0000e+00
       2128     26.353     3.4446   2.990439    32.3952    25.7669 0.0000e+00
       2129     25.551     3.4516   2.990449    32.3887    25.7611 0.0000e+00
       2130     24.707     3.4562   2.990164    32.3812    25.7547 0.0000e+00
       2131     23.837     3.4595   2.989753    32.3734    25.7482 0.0000e+00
       2132     22.985     3.4590   2.989311    32.3691    25.7448 0.0000e+00
       2133     22.224     3.4563   2.989196    32.3708    25.7464 0.0000e+00
       2134     21.586     3.4635   2.989388    32.3662    25.7421 0.0000e+00
       2135     21.036     3.4850   2.989687    32.3486    25.7262 0.0000e+00
       2136     20.553     3.5046   2.989774    32.3304    25.7099 0.0000e+00
       2137     20.135     3.5112   2.989297    32.3184    25.6997 0.0000e+00
       2138     19.753     3.5141   2.988927    32.3113    25.6937 0.0000e+00
       2139     19.384     3.5246   2.989458    32.3073    25.6897 0.0000e+00
       2140     19.025     3.5400   2.990464    32.3042    25.6858 0.0000e+00
       2141     18.681     3.5535   2.991080    32.2983    25.6798 0.0000e+00
       2142     18.351     3.5637   2.991192    32.2897    25.6720 0.0000e+00
       2143     18.038     3.5709   2.991129    32.2820    25.6652 0.0000e+00
       2144     17.742     3.5770   2.991351    32.2787    25.6620 0.0000e+00
       2145     17.457     3.5871   2.992136    32.2782    25.6607 0.0000e+00
       2146     17.174     3.6036   2.993137    32.2739    25.6557 0.0000e+00
       2147     16.886     3.6237   2.993885    32.2630    25.6452 0.0000e+00
       2148     16.589     3.6420   2.994058    32.2471    25.6308 0.0000e+00
       2149     16.281     3.6552   2.993791    32.2310    25.6168 0.0000e+00
       2150     15.967     3.6651   2.993755    32.2209    25.6079 0.0000e+00
       2151     15.658     3.6743   2.994176    32.2170    25.6039 0.0000e+00
       2152     15.355     3.6820   2.994517    32.2136    25.6005 0.0000e+00
       2153     15.042     3.6873   2.994397    32.2071    25.5948 0.0000e+00
       2154     14.711     3.6913   2.994251    32.2016    25.5900 0.0000e+00
       2155     14.370     3.6927   2.994468    32.2029    25.5910 0.0000e+00
       2156     14.023     3.6875   2.994802    32.2122    25.5989 0.0000e+00
       2157     13.683     3.6773   2.995043    32.2253    25.6103 0.0000e+00
       2158     13.380     3.6673   2.995098    32.2361    25.6197 0.0000e+00
       2159     13.132     3.6598   2.994859    32.2408    25.6242 0.0000e+00
       2160     12.917     3.6546   2.994523    32.2420    25.6257 0.0000e+00
       2161     12.685     3.6510   2.994491    32.2453    25.6286 0.0000e+00
       2162     12.415     3.6486   2.994644    32.2497    25.6323 0.0000e+00
       2163     12.108     3.6465   2.994381    32.2488    25.6318 0.0000e+00
       2164     11.766     3.6451   2.993765    32.2430    25.6273 0.0000e+00
       2165     11.406     3.6469   2.993651    32.2401    25.6248 0.0000e+00
       2166     11.049     3.6544   2.994136    32.2386    25.6229 0.0000e+00
       2167     10.718     3.6640   2.994394    32.2323    25.6171 0.0000e+00
       2168     10.420     3.6709   2.994137    32.2226    25.6087 0.0000e+00
       2169     10.135     3.6759   2.993810    32.2139    25.6013 0.0000e+00
       2170      9.848     3.6809   2.993761    32.2085    25.5965 0.0000e+00
       2171      9.559     3.6849   2.993759    32.2047    25.5931 0.0000e+00
       2172      9.277     3.6864   2.993540    32.2008    25.5898 0.0000e+00
       2173      9.013     3.6859   2.993128    32.1965    25.5865 0.0000e+00
       2174      8.760     3.6830   2.992615    32.1934    25.5843 0.0000e+00
       2175      8.448     3.6792   2.992315    32.1938    25.5849 0.0000e+00
       2176      7.970     3.6808   2.992749    32.1976    25.5878 0.0000e+00
       2177      7.373     3.6898   2.993571    32.1988    25.5879 0.0000e+00
       2178      6.885     3.7007   2.994147    32.1951    25.5840 0.0000e+00
       2179      6.580     3.7110   2.994853    32.1934    25.5817 0.0000e+00
       2180      6.280     3.7199   2.995650    32.1943    25.5815 0.0000e+00
       2181      5.921     3.7262   2.996172    32.1944    25.5811 0.0000e+00
       2182      5.641     3.7317   2.996627    32.1945    25.5807 0.0000e+00
       2183      5.446     3.7363   2.997013    32.1947    25.5803 0.0000e+00
       2184      5.174     3.7358   2.996835    32.1932    25.5792 0.0000e+00
       2185      4.747     3.7319   2.996337    32.1914    25.5781 0.0000e+00
       2186      4.299     3.7291   2.996138    32.1920    25.5789 0.0000e+00
       2187      4.012     3.7283   2.996067    32.1921    25.5790 0.0000e+00
       2188      3.878     3.7306   2.996232    32.1919    25.5786 0.0000e+00
       2189      3.762     3.7359   2.996714    32.1924    25.5786 0.0000e+00
       2190      3.561     3.7413   2.997177    32.1927    25.5783 0.0000e+00
       2191      3.296     3.7461   2.997536    32.1923    25.5775 0.0000e+00
       2192      3.063     3.7500   2.997787    32.1916    25.5766 0.0000e+00
       2193      2.868     3.7524   2.997944    32.1912    25.5760 0.0000e+00
       2194      2.630     3.7527   2.997971    32.1913    25.5761 0.0000e+00
       2195      2.297     3.7495   2.997625    32.1905    25.5758 0.0000e+00
       2196      1.941     3.7435   2.997021    32.1895    25.5755 0.0000e+00
       2197      1.691     3.7382   2.996596    32.1898    25.5763 0.0000e+00
       2198      1.567     3.7399   2.996778    32.1904    25.5765 0.0000e+00
       2199      1.472     3.7517   2.997904    32.1921    25.5768 0.0000e+00
       2200      1.311     3.7643   2.999018    32.1930    25.5763 0.0000e+00
       2201      1.095     3.7679   2.999138    32.1909    25.5744 0.0000e+00
       2202      0.885     3.7645   2.998745    32.1898    25.5737 0.0000e+00
       2203      0.723     3.7589   2.998286    32.1899    25.5744 0.0000e+00
       2204      0.634     3.7550   2.997979    32.1902    25.5750 0.0000e+00
       2205      0.604     3.7565   2.998181    32.1911    25.5756 0.0000e+00
       2206      0.577     3.7601   2.998444    32.1907    25.5749 0.0000e+00
       2207      0.531     3.7611   2.997413    32.1775    25.5643 0.0000e+00
       2208      0.490     3.7606   2.995565    32.1561    25.5473 0.0000e+00
       2209      0.471     3.7591   2.994467    32.1445    25.5383 0.0000e+00
       2210      0.473     3.7550   2.994796    32.1525    25.5450 0.0000e+00
       2211      0.481     3.7496   2.994864    32.1586    25.5504 0.0000e+00
       2212      0.471     3.7460   2.928815    31.3797    24.9310 0.0000e+00
       2213      0.446     3.7460   2.358845    24.7339    19.6496 0.0000e+00
       2214      0.437     3.7512   1.585326    16.0347    12.7453 0.0000e+00
       2215      0.445     3.7610   1.688057    17.1613    13.6388 0.0000e+00
       2216      0.460     3.7719   2.148673    22.3151    17.7275 0.0000e+00
       2217      0.470     3.7884   2.253507    23.4965    18.6641 0.0000e+00
       2218      0.454     3.8135   2.085241    21.5688    17.1326 0.0000e+00
       2219      0.426     3.8330   1.588767    16.0322    12.7394 0.0000e+00
       2220      0.426     3.8395   1.708520    17.3458    13.7810 0.0000e+00
       2221      0.454     3.8428   2.572771    27.1250    21.5410 0.0000e+00
       2222      0.467     3.8476   3.005004    32.1822    25.5598 0.0000e+00
       2223      0.451     3.8518   3.005127    32.1795    25.5573 0.0000e+00
       2224      0.434     3.8539   3.005220    32.1785    25.5563 0.0000e+00
       2225      0.445     3.8519   3.004928    32.1770    25.5553 0.0000e+00
       2226      0.477     3.8503   3.004749    32.1765    25.5550 0.0000e+00
       2227      0.490     3.8579   3.005487    32.1777    25.5553 0.0000e+00
       2228      0.472     3.8729   3.003150    32.1353    25.5201 0.0000e+00
       2229      0.448     3.8856   2.936107    31.3316    24.8799 0.0000e+00
       2230      0.438     3.8897   2.558008    26.9154    21.3708 0.0000e+00
       2231      0.444     3.8854   1.896651    19.4072    15.4134 0.0000e+00
       2232      0.458     3.8779   1.854297    18.9399    15.0432 0.0000e+00
       2233      0.476     3.8741   2.570527    27.0731    21.4972 0.0000e+00
       2234      0.477     3.8758   2.994814    32.0339    25.4392 0.0000e+00
       2235      0.462     3.8796   3.007899    32.1849    25.5589 0.0000e+00
       2236      0.459     3.8825   3.007994    32.1831    25.5573 0.0000e+00
       2237      0.468     3.8837   3.007865    32.1804    25.5550 0.0000e+00
       2238      0.479     3.8819   2.996189    32.0442    25.4468 0.0000e+00
       2239      0.474     3.8749   2.839542    30.2065    23.9865 0.0000e+00
       2240      0.445     3.8646   2.334951    24.3709    19.3527 0.0000e+00
       2241      0.428     3.8564   2.119597    21.9285    17.4152 0.0000e+00
       2242      0.444     3.8513   2.634191    27.8304    22.1006 0.0000e+00
       2243      0.471     3.8460   3.004816    32.1815    25.5595 0.0000e+00
       2244      0.489     3.8354   3.004414    32.1872    25.5650 0.0000e+00
       2245      0.505     3.8156   3.002026    32.1784    25.5599 0.0000e+00
       2246      0.518     3.7910   2.996736    32.1400    25.5317 0.0000e+00
       2247      0.518     3.7724   2.990721    32.0870    25.4913 0.0000e+00
       2248      0.504     3.7643   2.989105    32.0758    25.4831 0.0000e+00
       2249      0.485     3.7638   2.932569    31.4069    24.9511 0.0000e+00
       2250      0.474     3.7659   2.300720    24.0524    19.1071 0.0000e+00
       2251      0.476     3.7663   1.160203    11.4301     9.0903 0.0000e+00
       2252      0.483     3.7635   1.045478    10.2161     8.1263 0.0000e+00
       2253      0.482     3.7596   2.122567    22.0273    17.4999 0.0000e+00
       2254      0.469     3.7586   2.859058    30.5442    24.2654 0.0000e+00
       2255      0.451     3.7604   2.819876    30.0813    23.8972 0.0000e+00
       2256      0.446     3.7616   2.383436    25.0047    19.8634 0.0000e+00
