Datasets/Test_Dataset_39219_tow/originals/tel219_2021_010.cnv
* Sea-Bird SBE19plus Data File:
* Filename = C:/AQUIRE/tel219_2021_010.hex
* Software Version AquireV2 AF V2.0
* Temperature SN =  4020
* Conductivity SN =  4020
* System UpLoad Time = May 06 2021 19:14:00
** VESSEL/TRIP/SEQ STN: tel219_2021_010
** LATITUDE: 46 01.21 N
** LONGITUDE: 55 52.42 W
** DATE/TIME: 2021-05-06 18:29
** SOUNDING DEPTH (M): 0076
** PROBE TYPE: S4020
** CTD NUMBER: 010
** FORMAT: T
** COMMENTS: 
# nquan = 7                                 
# nvalues = 2742                        
# units = specified
# name 0 = scan: Scan Count
# name 1 = prdM: Pressure, Strain Gauge [db]
# name 2 = tv290C: Temperature [ITS-90, deg C]
# name 3 = c0S/m: Conductivity [S/m]
# name 4 = sal00: Salinity, Practical [PSU]
# name 5 = sigma-t00: Density [sigma-t, kg/m^3 ]
# name 6 = flag: flag
# span 0 =          1,       2742       
# span 1 =     -0.150,     71.403       
# span 2 =     1.2203,     3.6856       
# span 3 =   0.008465,   2.969765       
# span 4 =     0.0654,    32.2478       
# span 5 =     0.0259,    25.8164       
# span 6 = 0.0000e+00, 0.0000e+00       
# interval = seconds: 1
# start_time = May 06 2021 18:29:35 [Instrument's time stamp, header]
# bad_flag = -9.990e-29
*END*
[from data line 2667]
       2668     -0.084     3.3125   0.247414     2.2227     1.7602 0.0000e+00
       2669     -0.082     3.3114   0.230427     2.0617     1.6310 0.0000e+00
       2670     -0.082     3.3104   0.205077     1.8230     1.4395 0.0000e+00
       2671     -0.082     3.3092   0.175261     1.5447     1.2160 0.0000e+00
       2672     -0.081     3.3079   0.150758     1.3183     1.0341 0.0000e+00
       2673     -0.083     3.3065   0.132176     1.1481     0.8973 0.0000e+00
       2674     -0.089     3.3052   0.118492     1.0237     0.7972 0.0000e+00
       2675     -0.096     3.3038   0.111529     0.9608     0.7465 0.0000e+00
       2676     -0.097     3.3027   0.107921     0.9282     0.7204 0.0000e+00
       2677     -0.094     3.3019   0.105696     0.9082     0.7042 0.0000e+00
       2678     -0.092     3.3011   0.103880     0.8919     0.6911 0.0000e+00
       2679     -0.091     3.3004   0.100472     0.8613     0.6664 0.0000e+00
       2680     -0.090     3.2999   0.095010     0.8123     0.6270 0.0000e+00
       2681     -0.090     3.2992   0.089464     0.7628     0.5871 0.0000e+00
       2682     -0.092     3.2984   0.085200     0.7248     0.5565 0.0000e+00
       2683     -0.093     3.2978   0.082246     0.6986     0.5354 0.0000e+00
       2684     -0.091     3.2973   0.080513     0.6832     0.5230 0.0000e+00
       2685     -0.090     3.2969   0.079613     0.6752     0.5166 0.0000e+00
       2686     -0.091     3.2965   0.078289     0.6635     0.5071 0.0000e+00
       2687     -0.091     3.2961   0.075658     0.6402     0.4884 0.0000e+00
       2688     -0.091     3.2957   0.072882     0.6157     0.4686 0.0000e+00
       2689     -0.091     3.2954   0.071537     0.6039     0.4590 0.0000e+00
       2690     -0.091     3.2950   0.071727     0.6056     0.4604 0.0000e+00
       2691     -0.092     3.2945   0.072701     0.6142     0.4673 0.0000e+00
       2692     -0.095     3.2940   0.073218     0.6187     0.4710 0.0000e+00
       2693     -0.097     3.2936   0.072093     0.6088     0.4630 0.0000e+00
       2694     -0.100     3.2931   0.069698     0.5877     0.4460 0.0000e+00
       2695     -0.102     3.2926   0.067654     0.5697     0.4315 0.0000e+00
       2696     -0.102     3.2920   0.066726     0.5616     0.4249 0.0000e+00
       2697     -0.102     3.2917   0.066291     0.5578     0.4219 0.0000e+00
       2698     -0.101     3.2915   0.065671     0.5523     0.4175 0.0000e+00
       2699     -0.100     3.2911   0.064868     0.5453     0.4118 0.0000e+00
       2700     -0.100     3.2904   0.064076     0.5384     0.4062 0.0000e+00
       2701     -0.099     3.2900   0.063030     0.5292     0.3988 0.0000e+00
       2702     -0.097     3.2897   0.061280     0.5139     0.3864 0.0000e+00
       2703     -0.099     3.2897   0.059333     0.4969     0.3727 0.0000e+00
       2704     -0.103     3.2895   0.058599     0.4905     0.3676 0.0000e+00
       2705     -0.106     3.2893   0.059586     0.4991     0.3745 0.0000e+00
       2706     -0.105     3.2892   0.060931     0.5109     0.3840 0.0000e+00
       2707     -0.102     3.2890   0.061039     0.5118     0.3847 0.0000e+00
       2708     -0.102     3.2889   0.059782     0.5008     0.3759 0.0000e+00
       2709     -0.102     3.2887   0.058041     0.4856     0.3636 0.0000e+00
       2710     -0.102     3.2887   0.057006     0.4766     0.3563 0.0000e+00
       2711     -0.103     3.2888   0.057287     0.4790     0.3583 0.0000e+00
       2712     -0.104     3.2889   0.057940     0.4847     0.3629 0.0000e+00
       2713     -0.105     3.2888   0.058131     0.4864     0.3643 0.0000e+00
       2714     -0.104     3.2889   0.067993     0.5728     0.4339 0.0000e+00
       2715     -0.101     3.2896   0.105956     0.9109     0.7063 0.0000e+00
       2716     -0.099     3.2910   0.140216     1.2222     0.9567 0.0000e+00
       2717     -0.097     3.2931   0.136667     1.1896     0.9306 0.0000e+00
       2718     -0.094     3.2949   0.119655     1.0346     0.8059 0.0000e+00
       2719     -0.093     3.2961   0.097518     0.8349     0.6452 0.0000e+00
       2720     -0.095     3.2981   0.070691     0.5964     0.4530 0.0000e+00
       2721     -0.097     3.3019   0.049771     0.4136     0.3056 0.0000e+00
       2722     -0.098     3.3060   0.038173     0.3138     0.2251 0.0000e+00
       2723     -0.098     3.3086   0.034541     0.2828     0.2001 0.0000e+00
       2724     -0.098     3.3098   0.032831     0.2682     0.1883 0.0000e+00
       2725     -0.098     3.3104   0.031238     0.2547     0.1774 0.0000e+00
       2726     -0.098     3.3106   0.029703     0.2417     0.1669 0.0000e+00
       2727     -0.097     3.3107   0.028756     0.2337     0.1605 0.0000e+00
       2728     -0.096     3.3108   0.028536     0.2318     0.1590 0.0000e+00
       2729     -0.098     3.3109   0.028652     0.2328     0.1598 0.0000e+00
       2730     -0.100     3.3111   0.028602     0.2324     0.1594 0.0000e+00
       2731     -0.104     3.3114   0.028126     0.2284     0.1562 0.0000e+00
       2732     -0.108     3.3117   0.027324     0.2216     0.1507 0.0000e+00
       2733     -0.109     3.3116   0.026467     0.2144     0.1449 0.0000e+00
       2734     -0.109     3.3112   0.025893     0.2096     0.1410 0.0000e+00
       2735     -0.110     3.3106   0.025938     0.2100     0.1413 0.0000e+00
       2736     -0.112     3.3102   0.026508     0.2148     0.1452 0.0000e+00
       2737     -0.113     3.3099   0.026928     0.2183     0.1480 0.0000e+00
       2738     -0.112     3.3099   0.026718     0.2165     0.1466 0.0000e+00
       2739     -0.110     3.3099   0.026131     0.2116     0.1426 0.0000e+00
       2740     -0.108     3.3099   0.025678     0.2078     0.1395 0.0000e+00
       2741     -0.108     3.3098   0.025537     0.2066     0.1386 0.0000e+00
       2742     -0.109 -9.990e-29   0.025531 -9.990e-29 -9.990e-29 0.0000e+00
