Datasets/Test_Dataset_39219_tow/originals/tel219_2021_066.cnv
* Sea-Bird SBE19plus Data File:
* Filename = C:/AQUIRE/tel219_2021_066.hex
* Software Version AquireV2 AF V2.0
* Temperature SN =  4020
* Conductivity SN =  4020
* System UpLoad Time = May 15 2021 01:15:26
** VESSEL/TRIP/SEQ STN: tel219_2021_066
** LATITUDE: 45 44.46 N
** LONGITUDE: 54 26.09 W
** DATE/TIME: 2021-05-15 00:23
** SOUNDING DEPTH (M): 0087
** PROBE TYPE: S4020
** CTD NUMBER: 066
** FORMAT: T
** COMMENTS: 
# nquan = 7                                 
# nvalues = 3170                        
# units = specified
# name 0 = scan: Scan Count
# name 1 = prdM: Pressure, Strain Gauge [db]
# name 2 = tv290C: Temperature [ITS-90, deg C]
# name 3 = c0S/m: Conductivity [S/m]
# name 4 = sal00: Salinity, Practical [PSU]
# name 5 = sigma-t00: Density [sigma-t, kg/m^3 ]
# name 6 = flag: flag
# span 0 =          1,       3170       
# span 1 =     -0.104,     84.763       
# span 2 =     0.6092,     3.9164       
# span 3 =   0.009425,   3.020151       
# span 4 =     0.0724,    32.7489       
# span 5 =     0.0334,    26.2545       
# span 6 = 0.0000e+00, 0.0000e+00       
# interval = seconds: 1
# start_time = May 15 2021 00:23:38 [Instrument's time stamp, header]
# bad_flag = -9.990e-29
*END*
[from data line 3077]
       3078      0.012     3.5616   0.104618     0.8914     0.6922 0.0000e+00
       3079      0.012     3.5614   0.102010     0.8681     0.6735 0.0000e+00
       3080      0.011     3.5614   0.100814     0.8575     0.6649 0.0000e+00
       3081      0.010     3.5614   0.106739     0.9103     0.7074 0.0000e+00
       3082      0.008     3.5615   0.112506     0.9619     0.7489 0.0000e+00
       3083      0.009     3.5618   0.109299     0.9332     0.7258 0.0000e+00
       3084      0.011     3.5625   0.101942     0.8675     0.6730 0.0000e+00
       3085      0.010     3.5630   0.094356     0.8000     0.6187 0.0000e+00
       3086      0.009     3.5634   0.086395     0.7295     0.5620 0.0000e+00
       3087      0.008     3.5637   0.080127     0.6743     0.5175 0.0000e+00
       3088      0.007     3.5640   0.077088     0.6476     0.4960 0.0000e+00
       3089      0.007     3.5644   0.078144     0.6568     0.5035 0.0000e+00
       3090      0.008     3.5648   0.086029     0.7262     0.5594 0.0000e+00
       3091      0.009     3.5652   0.097417     0.8271     0.6405 0.0000e+00
       3092      0.008     3.5659   0.099481     0.8455     0.6553 0.0000e+00
       3093      0.006     3.5668   0.090433     0.7651     0.5907 0.0000e+00
       3094      0.003     3.5679   0.081069     0.6825     0.5241 0.0000e+00
       3095      0.001     3.5689   0.077272     0.6491     0.4973 0.0000e+00
       3096      0.001     3.5696   0.079188     0.6659     0.5108 0.0000e+00
       3097     -0.002     3.5695   0.086063     0.7264     0.5595 0.0000e+00
       3098     -0.002     3.5689   0.094651     0.8025     0.6207 0.0000e+00
       3099      0.001     3.5682   0.100629     0.8556     0.6635 0.0000e+00
       3100      0.004     3.5677   0.102822     0.8752     0.6792 0.0000e+00
       3101      0.004     3.5674   0.102308     0.8706     0.6755 0.0000e+00
       3102      0.002     3.5671   0.100632     0.8557     0.6635 0.0000e+00
       3103      0.000     3.5670   0.098322     0.8351     0.6470 0.0000e+00
       3104      0.000     3.5672   0.095578     0.8107     0.6274 0.0000e+00
       3105     -0.003     3.5675   0.094826     0.8041     0.6220 0.0000e+00
       3106     -0.007     3.5675   0.097510     0.8279     0.6412 0.0000e+00
       3107     -0.005     3.5671   0.101147     0.8603     0.6672 0.0000e+00
       3108     -0.001     3.5666   0.102557     0.8729     0.6773 0.0000e+00
       3109     -0.001     3.5663   0.100545     0.8549     0.6629 0.0000e+00
       3110     -0.002     3.5667   0.095982     0.8143     0.6302 0.0000e+00
       3111     -0.004     3.5677   0.091846     0.7776     0.6007 0.0000e+00
       3112     -0.009     3.5686   0.092302     0.7816     0.6040 0.0000e+00
       3113     -0.014     3.5698   0.094479     0.8009     0.6195 0.0000e+00
       3114     -0.016     3.5717   0.089995     0.7611     0.5875 0.0000e+00
       3115     -0.013     3.5737   0.080510     0.6774     0.5201 0.0000e+00
       3116     -0.010     3.5750   0.073809     0.6186     0.4728 0.0000e+00
       3117     -0.007     3.5755   0.071794     0.6010     0.4586 0.0000e+00
       3118     -0.007     3.5764   0.071583     0.5991     0.4571 0.0000e+00
       3119     -0.010     3.5775   0.071614     0.5994     0.4573 0.0000e+00
       3120     -0.013     3.5785   0.076303     0.6404     0.4903 0.0000e+00
       3121     -0.016     3.5793   0.086243     0.7278     0.5607 0.0000e+00
       3122     -0.018     3.5810   0.090984     0.7697     0.5944 0.0000e+00
       3123     -0.016     3.5846   0.085016     0.7169     0.5519 0.0000e+00
       3124     -0.012     3.5888   0.076007     0.6376     0.4881 0.0000e+00
       3125     -0.011     3.5915   0.072019     0.6026     0.4600 0.0000e+00
       3126     -0.011     3.5928   0.074754     0.6265     0.4792 0.0000e+00
       3127     -0.012     3.5929   0.083934     0.7072     0.5441 0.0000e+00
       3128     -0.016     3.5918   0.094303     0.7988     0.6179 0.0000e+00
       3129     -0.020     3.5899   0.098621     0.8372     0.6487 0.0000e+00
       3130     -0.020     3.5879   0.098117     0.8328     0.6452 0.0000e+00
       3131     -0.017     3.5861   0.096422     0.8178     0.6331 0.0000e+00
       3132     -0.016     3.5852   0.094797     0.8034     0.6215 0.0000e+00
       3133     -0.017     3.5861   0.094290     0.7988     0.6179 0.0000e+00
       3134     -0.017     3.5898   0.094497     0.8006     0.6193 0.0000e+00
       3135     -0.016     3.5960   0.093943     0.7955     0.6152 0.0000e+00
       3136     -0.014     3.6032   0.091460     0.7734     0.5974 0.0000e+00
       3137     -0.014     3.6094   0.086706     0.7312     0.5635 0.0000e+00
       3138     -0.014     3.6136   0.081589     0.6861     0.5272 0.0000e+00
       3139     -0.016     3.6157   0.081977     0.6895     0.5300 0.0000e+00
       3140     -0.018     3.6155   0.089337     0.7543     0.5821 0.0000e+00
       3141     -0.019     3.6132   0.095851     0.8120     0.6285 0.0000e+00
       3142     -0.020     3.6101   0.097377     0.8256     0.6395 0.0000e+00
       3143     -0.021     3.6075   0.096548     0.8183     0.6336 0.0000e+00
       3144     -0.021     3.6060   0.094700     0.8020     0.6205 0.0000e+00
       3145     -0.021     3.6046   0.092370     0.7814     0.6039 0.0000e+00
       3146     -0.020     3.6032   0.090702     0.7667     0.5920 0.0000e+00
       3147     -0.016     3.6026   0.090402     0.7640     0.5899 0.0000e+00
       3148     -0.014     3.6041   0.091525     0.7739     0.5979 0.0000e+00
       3149     -0.016     3.6064   0.097360     0.8256     0.6394 0.0000e+00
       3150     -0.017     3.6072   0.108722     0.9268     0.7208 0.0000e+00
       3151     -0.015     3.6059   0.111791     0.9542     0.7429 0.0000e+00
       3152     -0.012     3.6037   0.099467     0.8444     0.6545 0.0000e+00
       3153     -0.009     3.6014   0.085771     0.7232     0.5570 0.0000e+00
       3154     -0.006     3.5987   0.078408     0.6585     0.5049 0.0000e+00
       3155     -0.002     3.5957   0.071427     0.5974     0.4558 0.0000e+00
       3156     -0.002     3.5930   0.062183     0.5170     0.3910 0.0000e+00
       3157     -0.004     3.5907   0.053716     0.4439     0.3321 0.0000e+00
       3158     -0.004     3.5886   0.048289     0.3973     0.2946 0.0000e+00
       3159     -0.006     3.5866   0.045278     0.3716     0.2738 0.0000e+00
       3160     -0.010     3.5847   0.042126     0.3447     0.2522 0.0000e+00
       3161     -0.013     3.5833   0.037565     0.3060     0.2209 0.0000e+00
       3162     -0.014     3.5823   0.033096     0.2683     0.1905 0.0000e+00
       3163     -0.014     3.5822   0.029790     0.2405     0.1681 0.0000e+00
       3164     -0.015     3.5827   0.027377     0.2203     0.1518 0.0000e+00
       3165     -0.017     3.5829   0.025416     0.2039     0.1386 0.0000e+00
       3166     -0.020     3.5826   0.023735     0.1900     0.1273 0.0000e+00
       3167     -0.022     3.5826   0.022540     0.1800     0.1193 0.0000e+00
       3168     -0.023     3.5841   0.021831     0.1742     0.1145 0.0000e+00
       3169     -0.023     3.5862   0.021342     0.1701     0.1113 0.0000e+00
       3170     -0.023 -9.990e-29   0.021125 -9.990e-29 -9.990e-29 0.0000e+00
