Datasets/Test_Dataset_39219_tow/originals/tel219_2021_047.cnv
* Sea-Bird SBE19plus Data File:
* Filename = C:/AQUIRE/tel219_2021_047.hex
* Software Version AquireV2 AF V2.0
* Temperature SN =  4020
* Conductivity SN =  4020
* System UpLoad Time = May 12 2021 21:38:08
** VESSEL/TRIP/SEQ STN: tel219_2021_047
** LATITUDE: 45 17.01 N
** LONGITUDE: 55 46.33 W
** DATE/TIME: 2021-05-12 20:57
** SOUNDING DEPTH (M): 0077
** PROBE TYPE: S4020
** CTD NUMBER: 047
** FORMAT: T
** COMMENTS: 
# nquan = 7                                 
# nvalues = 2466                        
# units = specified
# name 0 = scan: Scan Count
# name 1 = prdM: Pressure, Strain Gauge [db]
# name 2 = tv290C: Temperature [ITS-90, deg C]
# name 3 = c0S/m: Conductivity [S/m]
# name 4 = sal00: Salinity, Practical [PSU]
# name 5 = sigma-t00: Density [sigma-t, kg/m^3 ]
# name 6 = flag: flag
# span 0 =          1,       2466       
# span 1 =     -0.191,     76.179       
# span 2 =     2.0566,     4.5014       
# span 3 =   0.007467,   3.002948       
# span 4 =     0.0562,    32.2434       
# span 5 =     0.0187,    25.7533       
# span 6 = 0.0000e+00, 0.0000e+00       
# interval = seconds: 1
# start_time = May 12 2021 20:57:37 [Instrument's time stamp, header]
# bad_flag = -9.990e-29
*END*
[from data line 206]
        207     -0.162     4.4680   0.007611     0.0573     0.0193 0.0000e+00
        208     -0.163     4.4680   0.007612     0.0573     0.0193 0.0000e+00
        209     -0.164     4.4680   0.007611     0.0573     0.0193 0.0000e+00
        210     -0.162     4.4681   0.007611     0.0573     0.0193 0.0000e+00
        211     -0.160     4.4684   0.007613     0.0573     0.0193 0.0000e+00
        212     -0.159     4.4687   0.007615     0.0573     0.0193 0.0000e+00
        213     -0.161     4.4688   0.007617     0.0573     0.0193 0.0000e+00
        214     -0.160     4.4689   0.007617     0.0573     0.0193 0.0000e+00
        215     -0.157     4.4692   0.007614     0.0573     0.0193 0.0000e+00
        216     -0.158     4.4694   0.007611     0.0573     0.0193 0.0000e+00
        217     -0.163     4.4695   0.007613     0.0573     0.0193 0.0000e+00
        218     -0.164     4.4695   0.007616     0.0573     0.0193 0.0000e+00
        219     -0.163     4.4695   0.007618     0.0574     0.0193 0.0000e+00
        220     -0.163     4.4696   0.007619     0.0574     0.0193 0.0000e+00
        221     -0.164     4.4697   0.007622     0.0574     0.0193 0.0000e+00
        222     -0.166     4.4700   0.007621     0.0574     0.0193 0.0000e+00
        223     -0.167     4.4702   0.007618     0.0574     0.0193 0.0000e+00
        224     -0.168     4.4703   0.007618     0.0574     0.0193 0.0000e+00
        225     -0.171     4.4703   0.007622     0.0574     0.0193 0.0000e+00
        226     -0.173     4.4703   0.007625     0.0574     0.0193 0.0000e+00
        227     -0.172     4.4703   0.007627     0.0574     0.0194 0.0000e+00
        228     -0.168     4.4703   0.007625     0.0574     0.0193 0.0000e+00
        229     -0.166     4.4702   0.007623     0.0574     0.0193 0.0000e+00
        230     -0.167     4.4703   0.007623     0.0574     0.0193 0.0000e+00
        231     -0.169     4.4707   0.007625     0.0574     0.0193 0.0000e+00
        232     -0.167     4.4710   0.007631     0.0574     0.0194 0.0000e+00
        233     -0.164     4.4711   0.007635     0.0575     0.0194 0.0000e+00
        234     -0.165     4.4712   0.007631     0.0574     0.0194 0.0000e+00
        235     -0.169     4.4714   0.007627     0.0574     0.0193 0.0000e+00
        236     -0.174     4.4716   0.007629     0.0574     0.0194 0.0000e+00
        237     -0.177     4.4718   0.007634     0.0575     0.0194 0.0000e+00
        238     -0.174     4.4719   0.007636     0.0575     0.0194 0.0000e+00
        239     -0.168     4.4721   0.007632     0.0575     0.0194 0.0000e+00
        240     -0.166     4.4722   0.007627     0.0574     0.0193 0.0000e+00
        241     -0.167     4.4724   0.007626     0.0574     0.0193 0.0000e+00
        242     -0.164     4.4726   0.007632     0.0575     0.0194 0.0000e+00
        243     -0.161     4.4730   0.007638     0.0575     0.0194 0.0000e+00
        244     -0.161     4.4733   0.007641     0.0575     0.0194 0.0000e+00
        245     -0.164     4.4735   0.007639     0.0575     0.0194 0.0000e+00
        246     -0.167     4.4739   0.007634     0.0575     0.0194 0.0000e+00
        247     -0.168     4.4743   0.007634     0.0575     0.0194 0.0000e+00
        248     -0.166     4.4749   0.007637     0.0575     0.0194 0.0000e+00
        249     -0.166     4.4756   0.007638     0.0575     0.0194 0.0000e+00
        250     -0.167     4.4763   0.007638     0.0575     0.0194 0.0000e+00
        251     -0.166     4.4766   0.007639     0.0575     0.0194 0.0000e+00
        252     -0.164     4.4766   0.007640     0.0575     0.0194 0.0000e+00
        253     -0.163     4.4765   0.007641     0.0575     0.0194 0.0000e+00
        254     -0.164     4.4766   0.007641     0.0575     0.0194 0.0000e+00
        255     -0.166     4.4770   0.007643     0.0575     0.0194 0.0000e+00
        256     -0.167     4.4771   0.007642     0.0575     0.0194 0.0000e+00
        257     -0.169     4.4770   0.007644     0.0575     0.0194 0.0000e+00
        258     -0.173     4.4768   0.007645     0.0576     0.0194 0.0000e+00
        259     -0.174     4.4766   0.007644     0.0575     0.0194 0.0000e+00
        260     -0.174     4.4770   0.007646     0.0576     0.0194 0.0000e+00
        261     -0.173     4.4780   0.007647     0.0576     0.0194 0.0000e+00
        262     -0.173     4.4791   0.007645     0.0575     0.0194 0.0000e+00
        263     -0.171     4.4795   0.007646     0.0576     0.0194 0.0000e+00
        264     -0.166     4.4795   0.007651     0.0576     0.0194 0.0000e+00
        265     -0.163     4.4794   0.007655     0.0576     0.0194 0.0000e+00
        266     -0.163     4.4794   0.007657     0.0576     0.0195 0.0000e+00
        267     -0.167     4.4793   0.007654     0.0576     0.0194 0.0000e+00
        268     -0.170     4.4791   0.007649     0.0576     0.0194 0.0000e+00
        269     -0.170     4.4791   0.007643     0.0575     0.0194 0.0000e+00
        270     -0.171     4.4791   0.007641     0.0575     0.0194 0.0000e+00
        271     -0.171     4.4791   0.007649     0.0576     0.0194 0.0000e+00
        272     -0.170     4.4791   0.007659     0.0577     0.0195 0.0000e+00
        273     -0.171     4.4792   0.007662     0.0577     0.0195 0.0000e+00
        274     -0.171     4.4793   0.007658     0.0576     0.0195 0.0000e+00
        275     -0.167     4.4792   0.007654     0.0576     0.0194 0.0000e+00
        276     -0.164     4.4789   0.007654     0.0576     0.0194 0.0000e+00
        277     -0.166     4.4789   0.007656     0.0576     0.0195 0.0000e+00
        278     -0.169     4.4793   0.007659     0.0577     0.0195 0.0000e+00
        279     -0.169     4.4795   0.007665     0.0577     0.0195 0.0000e+00
        280     -0.166     4.4794   0.007668     0.0577     0.0195 0.0000e+00
        281     -0.165     4.4792   0.007667     0.0577     0.0195 0.0000e+00
        282     -0.166     4.4791   0.007666     0.0577     0.0195 0.0000e+00
        283     -0.167     4.4791   0.007664     0.0577     0.0195 0.0000e+00
        284     -0.166     4.4793   0.007660     0.0577     0.0195 0.0000e+00
        285     -0.167     4.4794   0.007658     0.0576     0.0195 0.0000e+00
        286     -0.171     4.4794   0.007660     0.0577     0.0195 0.0000e+00
        287     -0.174     4.4795   0.007667     0.0577     0.0195 0.0000e+00
        288     -0.174     4.4796   0.007676     0.0578     0.0196 0.0000e+00
        289     -0.174     4.4795   0.007681     0.0578     0.0196 0.0000e+00
        290     -0.175     4.4794   0.007681     0.0578     0.0196 0.0000e+00
        291     -0.175     4.4802   0.007677     0.0578     0.0196 0.0000e+00
        292     -0.174     4.4822   0.007675     0.0578     0.0195 0.0000e+00
        293     -0.173     4.4844   0.007675     0.0578     0.0195 0.0000e+00
        294     -0.170     4.4855   0.007676     0.0578     0.0195 0.0000e+00
        295     -0.169     4.4855   0.007679     0.0578     0.0195 0.0000e+00
        296     -0.172     4.4852   0.007684     0.0578     0.0196 0.0000e+00
        297     -0.177     4.4847   0.007690     0.0579     0.0196 0.0000e+00
        298     -0.179     4.4842   0.007690     0.0579     0.0196 0.0000e+00
        299     -0.179     4.4839   0.007685     0.0578     0.0196 0.0000e+00
        300     -0.179     4.4836   0.007681     0.0578     0.0196 0.0000e+00
        301     -0.177     4.4834   0.007680     0.0578     0.0196 0.0000e+00
        302     -0.172     4.4833   0.007679     0.0578     0.0196 0.0000e+00
        303     -0.170     4.4833   0.007677     0.0578     0.0195 0.0000e+00
        304     -0.170     4.4835   0.007680     0.0578     0.0196 0.0000e+00
        305     -0.170     4.4841   0.007687     0.0579     0.0196 0.0000e+00
        306     -0.173     4.4846   0.007690     0.0579     0.0196 0.0000e+00
        307     -0.174     4.4847   0.007689     0.0579     0.0196 0.0000e+00
        308     -0.171     4.4846   0.007688     0.0579     0.0196 0.0000e+00
        309     -0.167     4.4846   0.007687     0.0579     0.0196 0.0000e+00
        310     -0.166     4.4844   0.007685     0.0578     0.0196 0.0000e+00
        311     -0.169     4.4843   0.007683     0.0578     0.0196 0.0000e+00
        312     -0.171     4.4844   0.007682     0.0578     0.0196 0.0000e+00
        313     -0.171     4.4844   0.007684     0.0578     0.0196 0.0000e+00
        314     -0.171     4.4844   0.007686     0.0579     0.0196 0.0000e+00
        315     -0.172     4.4844   0.007692     0.0579     0.0196 0.0000e+00
        316     -0.170     4.4845   0.007695     0.0579     0.0196 0.0000e+00
        317     -0.168     4.4847   0.007696     0.0579     0.0197 0.0000e+00
        318     -0.166     4.4848   0.007694     0.0579     0.0196 0.0000e+00
        319     -0.165     4.4850   0.007692     0.0579     0.0196 0.0000e+00
        320     -0.167     4.4854   0.007689     0.0579     0.0196 0.0000e+00
        321     -0.168     4.4855   0.007687     0.0579     0.0196 0.0000e+00
        322     -0.166     4.4856   0.007688     0.0579     0.0196 0.0000e+00
        323     -0.165     4.4856   0.007692     0.0579     0.0196 0.0000e+00
        324     -0.166     4.4856   0.007695     0.0579     0.0196 0.0000e+00
        325     -0.167     4.4856   0.007697     0.0579     0.0197 0.0000e+00
        326     -0.171     4.4856   0.007700     0.0580     0.0197 0.0000e+00
        327     -0.177     4.4859   0.007701     0.0580     0.0197 0.0000e+00
        328     -0.181     4.4862   0.007700     0.0580     0.0197 0.0000e+00
        329     -0.179     4.4863   0.007699     0.0580     0.0197 0.0000e+00
        330     -0.175     4.4863   0.007701     0.0580     0.0197 0.0000e+00
        331     -0.173     4.4869   0.007704     0.0580     0.0197 0.0000e+00
        332     -0.172     4.4879   0.007707     0.0580     0.0197 0.0000e+00
        333     -0.169     4.4887   0.007709     0.0580     0.0197 0.0000e+00
        334     -0.167     4.4890   0.007711     0.0580     0.0197 0.0000e+00
        335     -0.171     4.4887   0.007709     0.0580     0.0197 0.0000e+00
        336     -0.177     4.4885   0.007708     0.0580     0.0197 0.0000e+00
        337     -0.177     4.4886   0.007706     0.0580     0.0197 0.0000e+00
        338     -0.173     4.4890   0.007705     0.0580     0.0197 0.0000e+00
        339     -0.173     4.4893   0.007705     0.0580     0.0197 0.0000e+00
        340     -0.173     4.4894   0.007706     0.0580     0.0197 0.0000e+00
        341     -0.172     4.4894   0.007710     0.0580     0.0197 0.0000e+00
        342     -0.172     4.4894   0.007716     0.0581     0.0197 0.0000e+00
        343     -0.172     4.4894   0.007716     0.0581     0.0197 0.0000e+00
        344     -0.173     4.4894   0.007713     0.0581     0.0197 0.0000e+00
        345     -0.175     4.4894   0.007710     0.0580     0.0197 0.0000e+00
        346     -0.175     4.4895   0.007709     0.0580     0.0197 0.0000e+00
        347     -0.174     4.4900   0.007708     0.0580     0.0197 0.0000e+00
        348     -0.175     4.4905   0.007708     0.0580     0.0197 0.0000e+00
        349     -0.176     4.4910   0.007711     0.0580     0.0197 0.0000e+00
        350     -0.176     4.4914   0.007713     0.0581     0.0197 0.0000e+00
        351     -0.174     4.4917   0.007711     0.0580     0.0197 0.0000e+00
        352     -0.170     4.4924   0.007711     0.0580     0.0197 0.0000e+00
        353     -0.169     4.4932   0.007713     0.0581     0.0197 0.0000e+00
        354     -0.168     4.4938   0.007715     0.0581     0.0197 0.0000e+00
        355     -0.165     4.4939   0.007717     0.0581     0.0197 0.0000e+00
        356     -0.162     4.4939   0.007718     0.0581     0.0197 0.0000e+00
        357     -0.162     4.4943   0.007713     0.0581     0.0197 0.0000e+00
        358     -0.164     4.4959   0.007713     0.0581     0.0197 0.0000e+00
        359     -0.166     4.4984   0.007715     0.0581     0.0196 0.0000e+00
        360     -0.169     4.5004   0.007717     0.0581     0.0196 0.0000e+00
        361     -0.169     4.5014   0.007723     0.0581     0.0197 0.0000e+00
        362     -0.169     4.5014   0.007748     0.0583     0.0198 0.0000e+00
        363     -0.170     4.5008   0.007835     0.0590     0.0204 0.0000e+00
        364     -0.169     4.4999   0.007939     0.0598     0.0210 0.0000e+00
        365     -0.168     4.4989   0.008024     0.0604     0.0216 0.0000e+00
        366     -0.168     4.4982   0.008711     0.0658     0.0259 0.0000e+00
        367     -0.169     4.4978   0.010650     0.0809     0.0380 0.0000e+00
        368     -0.168     4.4977   0.013288     0.1016     0.0547 0.0000e+00
        369     -0.166     4.4977   0.015707     0.1207     0.0701 0.0000e+00
        370     -0.165     4.4978   0.017947     0.1385     0.0845 0.0000e+00
        371     -0.164     4.4979   0.020294     0.1573     0.0996 0.0000e+00
        372     -0.160     4.4978   0.023184     0.1806     0.1183 0.0000e+00
        373     -0.152     4.4977   0.026469     0.2071     0.1396 0.0000e+00
        374     -0.144     4.4972   0.050755     0.4072     0.3004 0.0000e+00
        375     -0.131     4.4592   0.341967     3.0245     2.3926 0.0000e+00
        376     -0.090     4.3048   1.329331    13.0259    10.3343 0.0000e+00
        377     -0.022     4.0628   2.522897    26.3704    20.9241 0.0000e+00
        378      0.038     3.8873   2.993854    32.0115    25.4203 0.0000e+00
        379      0.088     3.8346   2.971749    31.8017    25.2585 0.0000e+00
        380      0.148     3.8273   2.942393    31.4620    24.9890 0.0000e+00
        381      0.205     3.8028   2.941000    31.4691    24.9969 0.0000e+00
        382      0.233     3.7555   2.958951    31.7273    25.2067 0.0000e+00
        383      0.221     3.7072   2.973333    31.9450    25.3843 0.0000e+00
        384      0.183     3.6756   2.983777    32.1001    25.5107 0.0000e+00
        385      0.154     3.6600   2.984149    32.1199    25.5280 0.0000e+00
        386      0.139     3.6534   2.977701    32.0498    25.4727 0.0000e+00
        387      0.118     3.6513   2.976250    32.0346    25.4609 0.0000e+00
        388      0.088     3.6521   2.975757    32.0280    25.4555 0.0000e+00
        389      0.069     3.6612   2.951967    31.7364    25.2226 0.0000e+00
        390      0.085     3.6852   2.883653    30.9039    24.5581 0.0000e+00
        391      0.137     3.7154   2.855099    30.5382    24.2645 0.0000e+00
        392      0.205     3.7320   2.926139    31.3616    24.9180 0.0000e+00
        393      0.255     3.7236   2.988709    32.1113    25.5152 0.0000e+00
        394      0.278     3.7050   2.997075    32.2291    25.6106 0.0000e+00
        395      0.314     3.7071   2.998003    32.2380    25.6175 0.0000e+00
        396      0.396     3.7345   3.000013    32.2347    25.6123 0.0000e+00
        397      0.505     3.7600   3.000802    32.2188    25.5973 0.0000e+00
        398      0.604     3.7615   3.001133    32.2212    25.5990 0.0000e+00
        399      0.654     3.7384   2.999442    32.2239    25.6034 0.0000e+00
        400      0.633     3.7115   2.996697    32.2179    25.6012 0.0000e+00
        401      0.575     3.7045   2.996817    32.2263    25.6085 0.0000e+00
        402      0.521     3.7102   2.997731    32.2316    25.6121 0.0000e+00
        403      0.443     3.7042   2.995681    32.2132    25.5981 0.0000e+00
        404      0.318     3.6889   2.993194    32.1988    25.5881 0.0000e+00
        405      0.197     3.6800   2.992766    32.2026    25.5919 0.0000e+00
        406      0.124     3.6780   2.992558    32.2022    25.5917 0.0000e+00
        407      0.095     3.6791   2.991845    32.1926    25.5840 0.0000e+00
        408      0.090     3.6820   2.991818    32.1894    25.5812 0.0000e+00
        409      0.095     3.6850   2.992121    32.1900    25.5814 0.0000e+00
        410      0.101     3.6869   2.992092    32.1878    25.5795 0.0000e+00
