Datasets/Test_Dataset_39219_tow/originals/tel219_2021_049.cnv
* Sea-Bird SBE19plus Data File:
* Filename = C:/AQUIRE/tel219_2021_049.hex
* Software Version AquireV2 AF V2.0
* Temperature SN =  4020
* Conductivity SN =  4020
* System UpLoad Time = May 13 2021 06:53:59
** VESSEL/TRIP/SEQ STN: tel219_2021_049
** LATITUDE: 45 00.00 N
** LONGITUDE: 55 00.00 W
** DATE/TIME: 2021-05-13 04:46
** SOUNDING DEPTH (M): 0381
** PROBE TYPE: S4020
** CTD NUMBER:  49
** FORMAT: T
** COMMENTS: abort - sensor
# nquan = 7                                 
# nvalues = 3570                        
# units = specified
# name 0 = scan: Scan Count
# name 1 = prdM: Pressure, Strain Gauge [db]
# name 2 = tv290C: Temperature [ITS-90, deg C]
# name 3 = c0S/m: Conductivity [S/m]
# name 4 = sal00: Salinity, Practical [PSU]
# name 5 = sigma-t00: Density [sigma-t, kg/m^3 ]
# name 6 = flag: flag
# span 0 =          1,       3570       
# span 1 =     -0.368,    395.460       
# span 2 =     0.5912,     8.4070       
# span 3 =   0.006579,   3.670906       
# span 4 =     0.0501,    35.0566       
# span 5 =     0.0150,    27.3306       
# span 6 = 0.0000e+00, 0.0000e+00       
# interval = seconds: 1
# start_time = May 13 2021 04:46:34 [Instrument's time stamp, header]
# bad_flag = -9.990e-29
*END*
[from data line 206]
        207     -0.103     3.7416   0.006619     0.0504     0.0153 0.0000e+00
        208     -0.105     3.7416   0.006622     0.0505     0.0153 0.0000e+00
        209     -0.107     3.7416   0.006617     0.0504     0.0153 0.0000e+00
        210     -0.105     3.7416   0.006606     0.0503     0.0152 0.0000e+00
        211     -0.104     3.7416   0.006599     0.0503     0.0152 0.0000e+00
        212     -0.104     3.7416   0.006601     0.0503     0.0152 0.0000e+00
        213     -0.101     3.7416   0.006618     0.0504     0.0153 0.0000e+00
        214     -0.100     3.7416   0.006641     0.0506     0.0154 0.0000e+00
        215     -0.103     3.7416   0.006653     0.0507     0.0155 0.0000e+00
        216     -0.107     3.7417   0.006644     0.0506     0.0155 0.0000e+00
        217     -0.108     3.7418   0.006630     0.0505     0.0154 0.0000e+00
        218     -0.105     3.7418   0.006620     0.0504     0.0153 0.0000e+00
        219     -0.103     3.7418   0.006612     0.0504     0.0153 0.0000e+00
        220     -0.103     3.7417   0.006612     0.0504     0.0153 0.0000e+00
        221     -0.101     3.7417   0.006623     0.0505     0.0153 0.0000e+00
        222     -0.101     3.7417   0.006639     0.0506     0.0154 0.0000e+00
        223     -0.105     3.7417   0.006642     0.0506     0.0155 0.0000e+00
        224     -0.108     3.7417   0.006630     0.0505     0.0154 0.0000e+00
        225     -0.109     3.7418   0.006625     0.0505     0.0153 0.0000e+00
        226     -0.109     3.7418   0.006625     0.0505     0.0153 0.0000e+00
        227     -0.108     3.7418   0.006621     0.0505     0.0153 0.0000e+00
        228     -0.106     3.7418   0.006621     0.0505     0.0153 0.0000e+00
        229     -0.103     3.7418   0.006625     0.0505     0.0153 0.0000e+00
        230     -0.104     3.7418   0.006626     0.0505     0.0154 0.0000e+00
        231     -0.109     3.7418   0.006631     0.0505     0.0154 0.0000e+00
        232     -0.113     3.7420   0.006636     0.0506     0.0154 0.0000e+00
        233     -0.110     3.7420   0.006634     0.0506     0.0154 0.0000e+00
        234     -0.105     3.7420   0.006623     0.0505     0.0153 0.0000e+00
        235     -0.104     3.7421   0.006611     0.0504     0.0153 0.0000e+00
        236     -0.105     3.7420   0.006611     0.0504     0.0153 0.0000e+00
        237     -0.105     3.7418   0.006621     0.0505     0.0153 0.0000e+00
        238     -0.104     3.7419   0.006619     0.0504     0.0153 0.0000e+00
        239     -0.105     3.7420   0.006613     0.0504     0.0153 0.0000e+00
        240     -0.107     3.7420   0.006626     0.0505     0.0154 0.0000e+00
        241     -0.107     3.7420   0.006659     0.0508     0.0156 0.0000e+00
        242     -0.106     3.7420   0.006683     0.0509     0.0157 0.0000e+00
        243     -0.106     3.7419   0.006674     0.0509     0.0157 0.0000e+00
        244     -0.108     3.7417   0.006655     0.0507     0.0155 0.0000e+00
        245     -0.110     3.7417   0.006650     0.0507     0.0155 0.0000e+00
        246     -0.112     3.7418   0.006650     0.0507     0.0155 0.0000e+00
        247     -0.111     3.7418   0.006645     0.0506     0.0155 0.0000e+00
        248     -0.108     3.7418   0.006645     0.0506     0.0155 0.0000e+00
        249     -0.105     3.7418   0.006664     0.0508     0.0156 0.0000e+00
        250     -0.102     3.7418   0.006684     0.0510     0.0157 0.0000e+00
        251     -0.098     3.7417   0.006681     0.0509     0.0157 0.0000e+00
        252     -0.098     3.7416   0.006664     0.0508     0.0156 0.0000e+00
        253     -0.102     3.7416   0.006651     0.0507     0.0155 0.0000e+00
        254     -0.108     3.7416   0.006643     0.0506     0.0155 0.0000e+00
        255     -0.112     3.7416   0.006642     0.0506     0.0155 0.0000e+00
        256     -0.110     3.7416   0.006641     0.0506     0.0154 0.0000e+00
        257     -0.106     3.7416   0.006640     0.0506     0.0154 0.0000e+00
        258     -0.105     3.7416   0.006640     0.0506     0.0154 0.0000e+00
        259     -0.109     3.7415   0.006633     0.0506     0.0154 0.0000e+00
        260     -0.114     3.7414   0.006629     0.0505     0.0154 0.0000e+00
        261     -0.115     3.7414   0.006633     0.0506     0.0154 0.0000e+00
        262     -0.116     3.7414   0.006640     0.0506     0.0154 0.0000e+00
        263     -0.117     3.7413   0.006650     0.0507     0.0155 0.0000e+00
        264     -0.116     3.7413   0.006650     0.0507     0.0155 0.0000e+00
        265     -0.115     3.7413   0.006634     0.0506     0.0154 0.0000e+00
        266     -0.110     3.7413   0.006625     0.0505     0.0153 0.0000e+00
        267     -0.106     3.7413   0.006629     0.0505     0.0154 0.0000e+00
        268     -0.107     3.7413   0.006632     0.0505     0.0154 0.0000e+00
        269     -0.109     3.7413   0.006627     0.0505     0.0154 0.0000e+00
        270     -0.110     3.7413   0.006625     0.0505     0.0153 0.0000e+00
        271     -0.112     3.7412   0.006638     0.0506     0.0154 0.0000e+00
        272     -0.113     3.7411   0.006660     0.0508     0.0156 0.0000e+00
        273     -0.114     3.7409   0.006670     0.0508     0.0156 0.0000e+00
        274     -0.115     3.7409   0.006673     0.0509     0.0157 0.0000e+00
        275     -0.114     3.7409   0.006673     0.0509     0.0157 0.0000e+00
        276     -0.111     3.7409   0.006662     0.0508     0.0156 0.0000e+00
        277     -0.109     3.7409   0.006649     0.0507     0.0155 0.0000e+00
        278     -0.107     3.7409   0.006647     0.0507     0.0155 0.0000e+00
        279     -0.104     3.7409   0.006647     0.0507     0.0155 0.0000e+00
        280     -0.105     3.7408   0.006646     0.0507     0.0155 0.0000e+00
        281     -0.106     3.7407   0.006644     0.0506     0.0155 0.0000e+00
        282     -0.106     3.7407   0.006635     0.0506     0.0154 0.0000e+00
        283     -0.107     3.7406   0.006629     0.0505     0.0154 0.0000e+00
        284     -0.109     3.7405   0.006631     0.0505     0.0154 0.0000e+00
        285     -0.109     3.7405   0.006629     0.0505     0.0154 0.0000e+00
        286     -0.108     3.7405   0.006625     0.0505     0.0153 0.0000e+00
        287     -0.106     3.7405   0.006620     0.0504     0.0153 0.0000e+00
        288     -0.104     3.7405   0.006608     0.0504     0.0152 0.0000e+00
        289     -0.104     3.7404   0.006598     0.0503     0.0152 0.0000e+00
        290     -0.104     3.7404   0.006604     0.0503     0.0152 0.0000e+00
        291     -0.103     3.7403   0.006617     0.0504     0.0153 0.0000e+00
        292     -0.103     3.7403   0.006621     0.0505     0.0153 0.0000e+00
        293     -0.106     3.7401   0.006619     0.0504     0.0153 0.0000e+00
        294     -0.109     3.7401   0.006625     0.0505     0.0153 0.0000e+00
        295     -0.112     3.7401   0.006641     0.0506     0.0154 0.0000e+00
        296     -0.114     3.7401   0.006666     0.0508     0.0156 0.0000e+00
        297     -0.113     3.7400   0.006668     0.0508     0.0156 0.0000e+00
        298     -0.111     3.7398   0.006650     0.0507     0.0155 0.0000e+00
        299     -0.109     3.7398   0.006641     0.0506     0.0154 0.0000e+00
        300     -0.108     3.7397   0.006642     0.0506     0.0155 0.0000e+00
        301     -0.106     3.7397   0.006646     0.0507     0.0155 0.0000e+00
        302     -0.105     3.7397   0.006645     0.0506     0.0155 0.0000e+00
        303     -0.107     3.7396   0.006632     0.0505     0.0154 0.0000e+00
        304     -0.107     3.7395   0.006622     0.0505     0.0153 0.0000e+00
        305     -0.105     3.7394   0.006615     0.0504     0.0153 0.0000e+00
        306     -0.105     3.7394   0.006612     0.0504     0.0153 0.0000e+00
        307     -0.106     3.7394   0.006617     0.0504     0.0153 0.0000e+00
        308     -0.108     3.7393   0.006622     0.0505     0.0153 0.0000e+00
        309     -0.110     3.7393   0.006633     0.0506     0.0154 0.0000e+00
        310     -0.113     3.7393   0.006651     0.0507     0.0155 0.0000e+00
        311     -0.115     3.7391   0.006658     0.0507     0.0156 0.0000e+00
        312     -0.112     3.7390   0.006642     0.0506     0.0154 0.0000e+00
        313     -0.109     3.7390   0.006623     0.0505     0.0153 0.0000e+00
        314     -0.109     3.7390   0.006625     0.0505     0.0153 0.0000e+00
        315     -0.108     3.7389   0.006646     0.0507     0.0155 0.0000e+00
        316     -0.106     3.7389   0.006659     0.0508     0.0156 0.0000e+00
        317     -0.106     3.7389   0.006647     0.0507     0.0155 0.0000e+00
        318     -0.105     3.7388   0.006635     0.0506     0.0154 0.0000e+00
        319     -0.103     3.7386   0.006632     0.0505     0.0154 0.0000e+00
        320     -0.103     3.7386   0.006625     0.0505     0.0153 0.0000e+00
        321     -0.104     3.7386   0.006616     0.0504     0.0153 0.0000e+00
        322     -0.103     3.7385   0.006614     0.0504     0.0153 0.0000e+00
        323     -0.103     3.7384   0.006613     0.0504     0.0153 0.0000e+00
        324     -0.106     3.7384   0.006606     0.0503     0.0152 0.0000e+00
        325     -0.107     3.7384   0.006595     0.0503     0.0151 0.0000e+00
        326     -0.105     3.7382   0.006588     0.0502     0.0151 0.0000e+00
        327     -0.104     3.7382   0.006594     0.0502     0.0151 0.0000e+00
        328     -0.103     3.7382   0.006604     0.0503     0.0152 0.0000e+00
        329     -0.103     3.7381   0.006603     0.0503     0.0152 0.0000e+00
        330     -0.105     3.7379   0.006599     0.0503     0.0152 0.0000e+00
        331     -0.105     3.7378   0.006603     0.0503     0.0152 0.0000e+00
        332     -0.105     3.7378   0.006609     0.0504     0.0152 0.0000e+00
        333     -0.108     3.7377   0.006610     0.0504     0.0152 0.0000e+00
        334     -0.110     3.7376   0.006610     0.0504     0.0152 0.0000e+00
        335     -0.109     3.7376   0.006609     0.0504     0.0152 0.0000e+00
        336     -0.108     3.7376   0.006602     0.0503     0.0152 0.0000e+00
        337     -0.107     3.7375   0.006588     0.0502     0.0151 0.0000e+00
        338     -0.105     3.7375   0.006579     0.0501     0.0150 0.0000e+00
        339     -0.104     3.7374   0.006587     0.0502     0.0151 0.0000e+00
        340     -0.105     3.7374   0.006604     0.0503     0.0152 0.0000e+00
        341     -0.107     3.7374   0.006617     0.0504     0.0153 0.0000e+00
        342     -0.106     3.7374   0.006622     0.0505     0.0153 0.0000e+00
        343     -0.102     3.7374   0.006619     0.0504     0.0153 0.0000e+00
        344     -0.100     3.7374   0.006613     0.0504     0.0153 0.0000e+00
        345     -0.103     3.7374   0.006605     0.0503     0.0152 0.0000e+00
        346     -0.104     3.7373   0.006593     0.0502     0.0151 0.0000e+00
        347     -0.103     3.7373   0.006581     0.0501     0.0151 0.0000e+00
        348     -0.103     3.7373   0.006581     0.0501     0.0151 0.0000e+00
        349     -0.104     3.7373   0.006588     0.0502     0.0151 0.0000e+00
        350     -0.104     3.7372   0.006588     0.0502     0.0151 0.0000e+00
        351     -0.103     3.7371   0.006581     0.0501     0.0151 0.0000e+00
        352     -0.103     3.7371   0.006582     0.0502     0.0151 0.0000e+00
        353     -0.105     3.7371   0.006611     0.0504     0.0152 0.0000e+00
        354     -0.107     3.7371   0.006650     0.0507     0.0155 0.0000e+00
        355     -0.108     3.7371   0.006666     0.0508     0.0156 0.0000e+00
        356     -0.110     3.7371   0.006656     0.0507     0.0155 0.0000e+00
        357     -0.109     3.7371   0.006646     0.0507     0.0155 0.0000e+00
        358     -0.109     3.7371   0.006653     0.0507     0.0155 0.0000e+00
        359     -0.110     3.7371   0.006672     0.0509     0.0156 0.0000e+00
        360     -0.110     3.7371   0.006674     0.0509     0.0156 0.0000e+00
        361     -0.109     3.7370   0.006657     0.0507     0.0155 0.0000e+00
        362     -0.108     3.7370   0.006650     0.0507     0.0155 0.0000e+00
        363     -0.105     3.7370   0.006663     0.0508     0.0156 0.0000e+00
        364     -0.105     3.7370   0.006674     0.0509     0.0156 0.0000e+00
        365     -0.109     3.7370   0.006672     0.0509     0.0156 0.0000e+00
        366     -0.113     3.7369   0.006668     0.0508     0.0156 0.0000e+00
        367     -0.115     3.7369   0.006659     0.0508     0.0156 0.0000e+00
        368     -0.113     3.7369   0.006644     0.0506     0.0155 0.0000e+00
        369     -0.110     3.7369   0.006637     0.0506     0.0154 0.0000e+00
        370     -0.112     3.7369   0.006633     0.0506     0.0154 0.0000e+00
        371     -0.114     3.7370   0.006629     0.0505     0.0154 0.0000e+00
        372     -0.112     3.7370   0.006618     0.0504     0.0153 0.0000e+00
        373     -0.111     3.7370   0.006608     0.0504     0.0152 0.0000e+00
        374     -0.111     3.7370   0.006608     0.0504     0.0152 0.0000e+00
        375     -0.111     3.7370   0.006618     0.0504     0.0153 0.0000e+00
        376     -0.110     3.7370   0.006627     0.0505     0.0153 0.0000e+00
        377     -0.106     3.7370   0.006627     0.0505     0.0153 0.0000e+00
        378     -0.104     3.7370   0.006627     0.0505     0.0153 0.0000e+00
        379     -0.105     3.7370   0.006640     0.0506     0.0154 0.0000e+00
        380     -0.108     3.7370   0.006651     0.0507     0.0155 0.0000e+00
        381     -0.111     3.7370   0.006645     0.0506     0.0155 0.0000e+00
        382     -0.113     3.7370   0.006636     0.0506     0.0154 0.0000e+00
        383     -0.113     3.7371   0.006641     0.0506     0.0154 0.0000e+00
        384     -0.113     3.7371   0.006648     0.0507     0.0155 0.0000e+00
        385     -0.113     3.7371   0.006674     0.0509     0.0156 0.0000e+00
        386     -0.115     3.7371   0.006726     0.0513     0.0160 0.0000e+00
        387     -0.118     3.7371   0.006757     0.0515     0.0162 0.0000e+00
        388     -0.121     3.7372   0.006748     0.0515     0.0161 0.0000e+00
        389     -0.122     3.7374   0.006717     0.0512     0.0159 0.0000e+00
        390     -0.121     3.7374   0.006690     0.0510     0.0157 0.0000e+00
        391     -0.120     3.7374   0.006674     0.0509     0.0156 0.0000e+00
        392     -0.117     3.7374   0.006665     0.0508     0.0156 0.0000e+00
        393     -0.113     3.7374   0.006656     0.0507     0.0155 0.0000e+00
        394     -0.112     3.7374   0.006646     0.0507     0.0155 0.0000e+00
        395     -0.113     3.7374   0.006642     0.0506     0.0154 0.0000e+00
        396     -0.111     3.7374   0.006646     0.0507     0.0155 0.0000e+00
        397     -0.110     3.7374   0.006651     0.0507     0.0155 0.0000e+00
        398     -0.111     3.7374   0.006648     0.0507     0.0155 0.0000e+00
        399     -0.112     3.7375   0.006650     0.0507     0.0155 0.0000e+00
        400     -0.112     3.7375   0.006661     0.0508     0.0156 0.0000e+00
        401     -0.111     3.7375   0.006663     0.0508     0.0156 0.0000e+00
        402     -0.109     3.7376   0.006649     0.0507     0.0155 0.0000e+00
        403     -0.108     3.7378   0.006640     0.0506     0.0154 0.0000e+00
        404     -0.107     3.7378   0.006647     0.0507     0.0155 0.0000e+00
        405     -0.107     3.7378   0.006660     0.0508     0.0156 0.0000e+00
        406     -0.108     3.7378   0.006667     0.0508     0.0156 0.0000e+00
        407     -0.107     3.7378   0.006664     0.0508     0.0156 0.0000e+00
        408     -0.105     3.7378   0.006655     0.0507     0.0155 0.0000e+00
        409     -0.102     3.7378   0.006654     0.0507     0.0155 0.0000e+00
        410     -0.101     3.7380   0.006660     0.0508     0.0156 0.0000e+00
