Datasets/Test_Dataset_39219_tow/originals/tel219_2021_055.cnv
* Sea-Bird SBE19plus Data File:
* Filename = C:/AQUIRE/tel219_2021_055.hex
* Software Version AquireV2 AF V2.0
* Temperature SN =  4020
* Conductivity SN =  4020
* System UpLoad Time = May 13 2021 22:26:11
** VESSEL/TRIP/SEQ STN: tel219_2021_055
** LATITUDE: 45 08.53 N
** LONGITUDE: 55 10.45 W
** DATE/TIME: 2021-05-13 21:42
** SOUNDING DEPTH (M): 0208
** PROBE TYPE: S4020
** CTD NUMBER:  55
** FORMAT: t
** COMMENTS: 
# nquan = 7                                 
# nvalues = 2531                        
# units = specified
# name 0 = scan: Scan Count
# name 1 = prdM: Pressure, Strain Gauge [db]
# name 2 = tv290C: Temperature [ITS-90, deg C]
# name 3 = c0S/m: Conductivity [S/m]
# name 4 = sal00: Salinity, Practical [PSU]
# name 5 = sigma-t00: Density [sigma-t, kg/m^3 ]
# name 6 = flag: flag
# span 0 =          1,       2531       
# span 1 =     -0.453,    207.730       
# span 2 =     1.1984,     8.4384       
# span 3 =   0.012343,   3.665333       
# span 4 =     0.0924,    34.9377       
# span 5 =     0.0373,    27.1610       
# span 6 = 0.0000e+00, 0.0000e+00       
# interval = seconds: 1
# start_time = May 13 2021 21:42:29 [Instrument's time stamp, header]
# bad_flag = -9.990e-29
*END*
[from data line 821]
        822    201.692     8.3563   3.650273    34.8588    27.1088 0.0000e+00
        823    201.685     8.3518   3.649753    34.8577    27.1087 0.0000e+00
        824    201.696     8.3471   3.649129    34.8557    27.1079 0.0000e+00
        825    201.729     8.3455   3.648754    34.8533    27.1062 0.0000e+00
        826    201.764     8.3503   3.649423    34.8557    27.1073 0.0000e+00
        827    201.781     8.3597   3.650953    34.8626    27.1113 0.0000e+00
        828    201.784     8.3667   3.652092    34.8678    27.1143 0.0000e+00
        829    201.791     8.3684   3.652323    34.8686    27.1147 0.0000e+00
        830    201.818     8.3672   3.652058    34.8669    27.1136 0.0000e+00
        831    201.864     8.3638   3.651576    34.8652    27.1127 0.0000e+00
        832    201.913     8.3593   3.651023    34.8637    27.1122 0.0000e+00
        833    201.940     8.3574   3.650618    34.8613    27.1106 0.0000e+00
        834    201.936     8.3591   3.650769    34.8612    27.1103 0.0000e+00
        835    201.914     8.3637   3.651541    34.8649    27.1125 0.0000e+00
        836    201.903     8.3703   3.652580    34.8694    27.1150 0.0000e+00
        837    201.919     8.3764   3.653467    34.8728    27.1167 0.0000e+00
        838    201.942     8.3804   3.654025    34.8747    27.1176 0.0000e+00
        839    201.948     8.3831   3.654383    34.8759    27.1181 0.0000e+00
        840    201.930     8.3838   3.654572    34.8772    27.1190 0.0000e+00
        841    201.903     8.3818   3.654248    34.8757    27.1182 0.0000e+00
        842    201.889     8.3795   3.653905    34.8744    27.1175 0.0000e+00
        843    201.893     8.3775   3.653911    34.8764    27.1194 0.0000e+00
        844    201.900     8.3729   3.653299    34.8745    27.1186 0.0000e+00
        845    201.902     8.3650   3.652149    34.8701    27.1163 0.0000e+00
        846    201.902     8.3547   3.650771    34.8656    27.1144 0.0000e+00
        847    201.898     8.3437   3.649103    34.8587    27.1107 0.0000e+00
        848    201.894     8.3351   3.647777    34.8531    27.1077 0.0000e+00
        849    201.894     8.3309   3.647242    34.8516    27.1071 0.0000e+00
        850    201.897     8.3287   3.647038    34.8516    27.1074 0.0000e+00
        851    201.902     8.3262   3.646587    34.8493    27.1060 0.0000e+00
        852    201.911     8.3260   3.646429    34.8478    27.1049 0.0000e+00
        853    201.918     8.3328   3.647290    34.8502    27.1057 0.0000e+00
        854    201.916     8.3475   3.649356    34.8577    27.1093 0.0000e+00
        855    201.915     8.3682   3.652498    34.8706    27.1163 0.0000e+00
        856    201.932     8.3924   3.656256    34.8866    27.1251 0.0000e+00
        857    201.969     8.4136   3.659423    34.8992    27.1317 0.0000e+00
        858    202.008     8.4265   3.661062    34.9038    27.1334 0.0000e+00
        859    202.032     8.4327   3.661964    34.9073    27.1351 0.0000e+00
        860    202.049     8.4351   3.662684    34.9125    27.1388 0.0000e+00
        861    202.075     8.4353   3.662932    34.9150    27.1407 0.0000e+00
        862    202.112     8.4352   3.662961    34.9154    27.1410 0.0000e+00
        863    202.150     8.4350   3.663063    34.9166    27.1421 0.0000e+00
        864    202.180     8.4339   3.663021    34.9172    27.1427 0.0000e+00
        865    202.206     8.4320   3.662702    34.9157    27.1418 0.0000e+00
        866    202.234     8.4295   3.662331    34.9142    27.1410 0.0000e+00
        867    202.272     8.4274   3.662077    34.9136    27.1409 0.0000e+00
        868    202.321     8.4250   3.661877    34.9138    27.1414 0.0000e+00
        869    202.372     8.4214   3.661446    34.9128    27.1412 0.0000e+00
        870    202.425     8.4151   3.660452    34.9085    27.1387 0.0000e+00
        871    202.480     8.4074   3.659142    34.9021    27.1350 0.0000e+00
        872    202.529     8.4005   3.658193    34.8989    27.1335 0.0000e+00
        873    202.560     8.3941   3.657409    34.8968    27.1329 0.0000e+00
        874    202.576     8.3887   3.656568    34.8932    27.1309 0.0000e+00
        875    202.594     8.3853   3.656052    34.8911    27.1297 0.0000e+00
        876    202.620     8.3820   3.655547    34.8890    27.1286 0.0000e+00
        877    202.647     8.3779   3.654825    34.8854    27.1264 0.0000e+00
        878    202.669     8.3759   3.654507    34.8840    27.1256 0.0000e+00
        879    202.682     8.3770   3.654639    34.8843    27.1256 0.0000e+00
        880    202.674     8.3815   3.655022    34.8839    27.1246 0.0000e+00
        881    202.639     8.3905   3.656328    34.8889    27.1272 0.0000e+00
        882    202.596     8.4009   3.658285    34.8994    27.1338 0.0000e+00
        883    202.569     8.4071   3.659496    34.9062    27.1382 0.0000e+00
        884    202.560     8.4091   3.659697    34.9063    27.1380 0.0000e+00
        885    202.552     8.4119   3.660063    34.9074    27.1384 0.0000e+00
        886    202.528     8.4171   3.661151    34.9139    27.1427 0.0000e+00
        887    202.486     8.4196   3.661815    34.9184    27.1459 0.0000e+00
        888    202.440     8.4155   3.661081    34.9147    27.1436 0.0000e+00
        889    202.402     8.4104   3.659949    34.9078    27.1389 0.0000e+00
        890    202.368     8.4117   3.660229    34.9095    27.1401 0.0000e+00
        891    202.329     8.4168   3.661402    34.9169    27.1451 0.0000e+00
        892    202.284     8.4186   3.661658    34.9179    27.1456 0.0000e+00
        893    202.237     8.4170   3.661205    34.9147    27.1433 0.0000e+00
        894    202.193     8.4166   3.661046    34.9134    27.1424 0.0000e+00
        895    202.155     8.4199   3.661634    34.9164    27.1442 0.0000e+00
        896    202.122     8.4255   3.662746    34.9227    27.1483 0.0000e+00
        897    202.091     8.4291   3.663345    34.9255    27.1499 0.0000e+00
        898    202.056     8.4297   3.663282    34.9242    27.1489 0.0000e+00
        899    202.017     8.4291   3.663155    34.9235    27.1484 0.0000e+00
        900    201.980     8.4290   3.663162    34.9237    27.1485 0.0000e+00
        901    201.952     8.4296   3.663313    34.9247    27.1492 0.0000e+00
        902    201.929     8.4300   3.663386    34.9251    27.1495 0.0000e+00
        903    201.899     8.4291   3.663135    34.9233    27.1482 0.0000e+00
        904    201.864     8.4278   3.662842    34.9215    27.1470 0.0000e+00
        905    201.837     8.4268   3.662673    34.9207    27.1466 0.0000e+00
        906    201.826     8.4262   3.662568    34.9202    27.1462 0.0000e+00
        907    201.828     8.4263   3.662651    34.9210    27.1468 0.0000e+00
        908    201.830     8.4271   3.662815    34.9220    27.1475 0.0000e+00
        909    201.822     8.4280   3.663044    34.9235    27.1485 0.0000e+00
        910    201.805     8.4281   3.663116    34.9242    27.1491 0.0000e+00
        911    201.787     8.4278   3.663014    34.9234    27.1485 0.0000e+00
        912    201.775     8.4300   3.663539    34.9268    27.1508 0.0000e+00
        913    201.765     8.4341   3.664548    34.9335    27.1554 0.0000e+00
        914    201.741     8.4369   3.665064    34.9362    27.1571 0.0000e+00
        915    201.693     8.4375   3.665067    34.9356    27.1566 0.0000e+00
        916    201.632     8.4368   3.664903    34.9346    27.1559 0.0000e+00
        917    201.585     8.4361   3.664742    34.9336    27.1552 0.0000e+00
        918    201.565     8.4366   3.664887    34.9347    27.1560 0.0000e+00
        919    201.552     8.4377   3.665204    34.9370    27.1576 0.0000e+00
        920    201.517     8.4384   3.665333    34.9377    27.1580 0.0000e+00
        921    201.455     8.4384   3.665327    34.9376    27.1580 0.0000e+00
        922    201.384     8.4375   3.665173    34.9369    27.1576 0.0000e+00
        923    201.331     8.4360   3.664794    34.9344    27.1558 0.0000e+00
        924    201.308     8.4347   3.664422    34.9317    27.1540 0.0000e+00
        925    201.296     8.4342   3.664286    34.9308    27.1533 0.0000e+00
        926    201.267     8.4346   3.664419    34.9318    27.1541 0.0000e+00
        927    201.213     8.4353   3.664657    34.9337    27.1554 0.0000e+00
        928    201.145     8.4360   3.664934    34.9360    27.1571 0.0000e+00
        929    201.087     8.4365   3.665144    34.9377    27.1584 0.0000e+00
        930    201.049     8.4367   3.665135    34.9375    27.1581 0.0000e+00
        931    201.016     8.4368   3.665057    34.9365    27.1574 0.0000e+00
        932    200.972     8.4368   3.665000    34.9360    27.1570 0.0000e+00
        933    200.915     8.4368   3.665000    34.9360    27.1570 0.0000e+00
        934    200.855     8.4352   3.664886    34.9364    27.1575 0.0000e+00
        935    200.808     8.4299   3.663898    34.9312    27.1543 0.0000e+00
        936    200.780     8.4216   3.662228    34.9217    27.1481 0.0000e+00
        937    200.756     8.4138   3.661089    34.9173    27.1459 0.0000e+00
        938    200.723     8.4042   3.659854    34.9137    27.1445 0.0000e+00
        939    200.684     8.3895   3.657389    34.9021    27.1377 0.0000e+00
        940    200.652     8.3741   3.654817    34.8900    27.1306 0.0000e+00
        941    200.623     8.3644   3.653497    34.8856    27.1286 0.0000e+00
        942    200.583     8.3594   3.653011    34.8854    27.1292 0.0000e+00
        943    200.532     8.3550   3.652331    34.8825    27.1277 0.0000e+00
        944    200.486     8.3481   3.651132    34.8766    27.1241 0.0000e+00
        945    200.456     8.3377   3.649420    34.8687    27.1195 0.0000e+00
        946    200.439     8.3267   3.647673    34.8610    27.1151 0.0000e+00
        947    200.418     8.3192   3.646680    34.8579    27.1138 0.0000e+00
        948    200.390     8.3156   3.646204    34.8564    27.1132 0.0000e+00
        949    200.365     8.3142   3.645828    34.8538    27.1114 0.0000e+00
        950    200.355     8.3146   3.645810    34.8532    27.1109 0.0000e+00
        951    200.359     8.3164   3.646079    34.8543    27.1114 0.0000e+00
        952    200.371     8.3180   3.646265    34.8547    27.1115 0.0000e+00
        953    200.383     8.3201   3.646516    34.8553    27.1116 0.0000e+00
        954    200.386     8.3240   3.647131    34.8580    27.1132 0.0000e+00
        955    200.379     8.3282   3.647889    34.8619    27.1156 0.0000e+00
        956    200.365     8.3286   3.648104    34.8638    27.1170 0.0000e+00
        957    200.354     8.3203   3.646918    34.8594    27.1148 0.0000e+00
        958    200.361     8.3003   3.643658    34.8445    27.1062 0.0000e+00
        959    200.394     8.2761   3.639649    34.8257    27.0952 0.0000e+00
        960    200.435     8.2596   3.637393    34.8180    27.0916 0.0000e+00
        961    200.460     8.2546   3.637073    34.8195    27.0936 0.0000e+00
        962    200.470     8.2575   3.637630    34.8226    27.0955 0.0000e+00
        963    200.479     8.2631   3.638471    34.8260    27.0974 0.0000e+00
        964    200.503     8.2676   3.639096    34.8282    27.0984 0.0000e+00
        965    200.540     8.2714   3.639561    34.8294    27.0987 0.0000e+00
        966    200.577     8.2767   3.640202    34.8309    27.0992 0.0000e+00
        967    200.600     8.2866   3.641439    34.8343    27.1003 0.0000e+00
        968    200.610     8.3013   3.643886    34.8458    27.1071 0.0000e+00
        969    200.615     8.3132   3.645992    34.8564    27.1136 0.0000e+00
        970    200.628     8.3175   3.646322    34.8557    27.1124 0.0000e+00
        971    200.662     8.3200   3.646490    34.8550    27.1114 0.0000e+00
        972    200.719     8.3260   3.647458    34.8593    27.1139 0.0000e+00
        973    200.781     8.3356   3.648756    34.8636    27.1158 0.0000e+00
        974    200.830     8.3483   3.650303    34.8675    27.1169 0.0000e+00
        975    200.858     8.3621   3.652384    34.8759    27.1214 0.0000e+00
        976    200.870     8.3718   3.654408    34.8878    27.1292 0.0000e+00
        977    200.886     8.3736   3.654902    34.8913    27.1317 0.0000e+00
        978    200.923     8.3717   3.654283    34.8866    27.1283 0.0000e+00
        979    200.972     8.3760   3.655000    34.8899    27.1302 0.0000e+00
        980    201.012     8.3884   3.657239    34.9014    27.1373 0.0000e+00
        981    201.032     8.4006   3.659109    34.9092    27.1416 0.0000e+00
        982    201.030     8.4084   3.660236    34.9135    27.1437 0.0000e+00
        983    201.014     8.4133   3.661150    34.9183    27.1468 0.0000e+00
        984    200.999     8.4169   3.662040    34.9242    27.1508 0.0000e+00
        985    201.001     8.4201   3.662800    34.9291    27.1542 0.0000e+00
        986    201.016     8.4231   3.663295    34.9314    27.1555 0.0000e+00
        987    201.021     8.4252   3.663616    34.9327    27.1562 0.0000e+00
        988    201.007     8.4259   3.663808    34.9341    27.1572 0.0000e+00
        989    200.992     8.4252   3.663803    34.9347    27.1578 0.0000e+00
        990    200.993     8.4237   3.663578    34.9338    27.1573 0.0000e+00
        991    201.011     8.4218   3.663323    34.9330    27.1569 0.0000e+00
        992    201.027     8.4194   3.663000    34.9319    27.1565 0.0000e+00
        993    201.029     8.4162   3.662444    34.9292    27.1548 0.0000e+00
        994    201.027     8.4124   3.661833    34.9265    27.1533 0.0000e+00
        995    201.037     8.4089   3.661305    34.9243    27.1521 0.0000e+00
        996    201.057     8.4068   3.661040    34.9236    27.1519 0.0000e+00
        997    201.065     8.4054   3.660943    34.9239    27.1524 0.0000e+00
        998    201.050     8.4034   3.660616    34.9224    27.1515 0.0000e+00
        999    201.021     8.4009   3.660134    34.9198    27.1498 0.0000e+00
       1000    201.002     8.3972   3.659577    34.9176    27.1486 0.0000e+00
       1001    201.001     8.3921   3.658795    34.9143    27.1469 0.0000e+00
       1002    200.997     8.3859   3.657939    34.9114    27.1455 0.0000e+00
       1003    200.959     8.3734   3.656609    34.9096    27.1461 0.0000e+00
       1004    200.880     8.3417   3.652107    34.8932    27.1381 0.0000e+00
       1005    200.788     8.2903   3.643400    34.8514    27.1132 0.0000e+00
       1006    200.716     8.2421   3.635079    34.8105    27.0884 0.0000e+00
       1007    200.687     8.2170   3.631325    34.7953    27.0803 0.0000e+00
       1008    200.691     8.2112   3.631333    34.8011    27.0858 0.0000e+00
       1009    200.691     8.2107   3.631961    34.8083    27.0915 0.0000e+00
       1010    200.665     8.2052   3.631242    34.8061    27.0906 0.0000e+00
       1011    200.626     8.1889   3.628368    34.7916    27.0817 0.0000e+00
       1012    200.608     8.1626   3.623538    34.7661    27.0656 0.0000e+00
       1013    200.624     8.1374   3.619232    34.7450    27.0529 0.0000e+00
       1014    200.661     8.1231   3.617244    34.7379    27.0495 0.0000e+00
       1015    200.700     8.1187   3.616756    34.7370    27.0494 0.0000e+00
       1016    200.731     8.1174   3.616639    34.7370    27.0497 0.0000e+00
       1017    200.750     8.1163   3.616624    34.7379    27.0505 0.0000e+00
       1018    200.757     8.1157   3.616442    34.7366    27.0496 0.0000e+00
       1019    200.766     8.1153   3.615889    34.7311    27.0453 0.0000e+00
       1020    200.801     8.1140   3.615306    34.7261    27.0416 0.0000e+00
       1021    200.861     8.1117   3.615000    34.7251    27.0411 0.0000e+00
       1022    200.922     8.1100   3.615017    34.7269    27.0428 0.0000e+00
       1023    200.963     8.1146   3.615615    34.7287    27.0436 0.0000e+00
       1024    200.983     8.1333   3.618134    34.7371    27.0474 0.0000e+00
       1025    200.998     8.1638   3.623289    34.7620    27.0623 0.0000e+00
