Datasets/Test_Dataset_39219_tow/originals/tel219_2021_035.cnv
* Sea-Bird SBE19plus Data File:
* Filename = C:/AQUIRE/tel219_2021_035.hex
* Software Version AquireV2 AF V2.0
* Temperature SN =  4020
* Conductivity SN =  4020
* System UpLoad Time = May 11 2021 10:40:42
** VESSEL/TRIP/SEQ STN: tel219_2021_035
** LATITUDE: 45 45.02 N
** LONGITUDE: 57 01.43 W
** DATE/TIME: 2021-05-11 09:27
** SOUNDING DEPTH (M): 0403
** PROBE TYPE: S4020
** CTD NUMBER:  35
** FORMAT: T
** COMMENTS: 
# nquan = 7                                 
# nvalues = 4410                        
# units = specified
# name 0 = scan: Scan Count
# name 1 = prdM: Pressure, Strain Gauge [db]
# name 2 = tv290C: Temperature [ITS-90, deg C]
# name 3 = c0S/m: Conductivity [S/m]
# name 4 = sal00: Salinity, Practical [PSU]
# name 5 = sigma-t00: Density [sigma-t, kg/m^3 ]
# name 6 = flag: flag
# span 0 =          1,       4410       
# span 1 =     -0.451,    408.286       
# span 2 =     0.8836,     9.5234       
# span 3 =   0.004219,   3.775999       
# span 4 =     0.0319,    35.1268       
# span 5 =    -0.0014,    27.6377       
# span 6 = 0.0000e+00, 0.0000e+00       
# interval = seconds: 1
# start_time = May 11 2021 09:27:54 [Instrument's time stamp, header]
# bad_flag = -9.990e-29
*END*
[from data line 3693]
       3694      3.967     3.7146   2.993786    32.1786    25.5695 0.0000e+00
       3695      4.009     3.7150   2.993801    32.1783    25.5693 0.0000e+00
       3696      4.005     3.7152   2.993817    32.1783    25.5693 0.0000e+00
       3697      3.990     3.7154   2.993824    32.1782    25.5692 0.0000e+00
       3698      3.986     3.7156   2.993836    32.1782    25.5691 0.0000e+00
       3699      3.984     3.7159   2.993858    32.1781    25.5691 0.0000e+00
       3700      3.986     3.7160   2.993871    32.1782    25.5691 0.0000e+00
       3701      4.009     3.7160   2.993870    32.1782    25.5691 0.0000e+00
       3702      4.056     3.7160   2.993867    32.1781    25.5690 0.0000e+00
       3703      4.112     3.7158   2.993859    32.1782    25.5691 0.0000e+00
       3704      4.145     3.7157   2.993852    32.1782    25.5691 0.0000e+00
       3705      4.128     3.7155   2.993848    32.1783    25.5693 0.0000e+00
       3706      4.082     3.7154   2.993845    32.1784    25.5694 0.0000e+00
       3707      4.061     3.7154   2.993848    32.1785    25.5694 0.0000e+00
       3708      4.058     3.7153   2.993849    32.1786    25.5695 0.0000e+00
       3709      4.020     3.7152   2.993830    32.1785    25.5694 0.0000e+00
       3710      3.943     3.7149   2.993807    32.1785    25.5695 0.0000e+00
       3711      3.868     3.7148   2.993795    32.1785    25.5695 0.0000e+00
       3712      3.829     3.7148   2.993795    32.1786    25.5695 0.0000e+00
       3713      3.820     3.7149   2.993806    32.1786    25.5695 0.0000e+00
       3714      3.812     3.7149   2.993816    32.1787    25.5696 0.0000e+00
       3715      3.793     3.7150   2.993815    32.1786    25.5695 0.0000e+00
       3716      3.766     3.7150   2.993816    32.1786    25.5696 0.0000e+00
       3717      3.720     3.7151   2.993822    32.1786    25.5695 0.0000e+00
       3718      3.664     3.7152   2.993815    32.1785    25.5694 0.0000e+00
       3719      3.628     3.7151   2.993804    32.1785    25.5694 0.0000e+00
       3720      3.622     3.7148   2.993786    32.1786    25.5695 0.0000e+00
       3721      3.629     3.7142   2.993752    32.1787    25.5697 0.0000e+00
       3722      3.625     3.7138   2.993722    32.1788    25.5698 0.0000e+00
       3723      3.605     3.7135   2.993713    32.1790    25.5700 0.0000e+00
       3724      3.592     3.7134   2.993702    32.1790    25.5700 0.0000e+00
       3725      3.604     3.7132   2.993676    32.1788    25.5699 0.0000e+00
       3726      3.631     3.7129   2.993645    32.1788    25.5698 0.0000e+00
       3727      3.648     3.7123   2.993601    32.1788    25.5700 0.0000e+00
       3728      3.618     3.7119   2.993566    32.1788    25.5700 0.0000e+00
       3729      3.542     3.7116   2.993561    32.1791    25.5702 0.0000e+00
       3730      3.481     3.7116   2.993581    32.1794    25.5704 0.0000e+00
       3731      3.480     3.7119   2.993596    32.1792    25.5703 0.0000e+00
       3732      3.529     3.7119   2.993582    32.1790    25.5702 0.0000e+00
       3733      3.585     3.7116   2.993535    32.1788    25.5700 0.0000e+00
       3734      3.585     3.7112   2.993487    32.1786    25.5699 0.0000e+00
       3735      3.528     3.7108   2.993455    32.1786    25.5699 0.0000e+00
       3736      3.468     3.7106   2.993435    32.1786    25.5700 0.0000e+00
       3737      3.427     3.7102   2.993409    32.1787    25.5701 0.0000e+00
       3738      3.397     3.7097   2.993376    32.1788    25.5702 0.0000e+00
       3739      3.396     3.7093   2.993355    32.1790    25.5704 0.0000e+00
       3740      3.434     3.7091   2.993339    32.1790    25.5704 0.0000e+00
       3741      3.493     3.7089   2.993314    32.1788    25.5703 0.0000e+00
       3742      3.547     3.7085   2.993282    32.1788    25.5703 0.0000e+00
       3743      3.577     3.7078   2.993234    32.1789    25.5705 0.0000e+00
       3744      3.577     3.7071   2.993174    32.1789    25.5705 0.0000e+00
       3745      3.558     3.7066   2.993125    32.1788    25.5705 0.0000e+00
       3746      3.550     3.7062   2.993095    32.1789    25.5706 0.0000e+00
       3747      3.572     3.7061   2.993084    32.1788    25.5706 0.0000e+00
       3748      3.606     3.7062   2.993093    32.1788    25.5705 0.0000e+00
       3749      3.630     3.7062   2.993101    32.1789    25.5706 0.0000e+00
       3750      3.641     3.7061   2.993093    32.1789    25.5706 0.0000e+00
       3751      3.637     3.7057   2.993062    32.1789    25.5707 0.0000e+00
       3752      3.640     3.7051   2.993041    32.1793    25.5710 0.0000e+00
       3753      3.684     3.7050   2.993077    32.1798    25.5714 0.0000e+00
       3754      3.751     3.7054   2.993129    32.1800    25.5715 0.0000e+00
       3755      3.792     3.7057   2.993126    32.1796    25.5712 0.0000e+00
       3756      3.794     3.7056   2.993078    32.1791    25.5708 0.0000e+00
       3757      3.784     3.7055   2.993052    32.1789    25.5707 0.0000e+00
       3758      3.806     3.7056   2.993082    32.1792    25.5709 0.0000e+00
       3759      3.870     3.7060   2.993130    32.1793    25.5710 0.0000e+00
       3760      3.949     3.7062   2.993148    32.1793    25.5709 0.0000e+00
       3761      4.028     3.7062   2.993142    32.1792    25.5708 0.0000e+00
       3762      4.101     3.7060   2.993124    32.1791    25.5708 0.0000e+00
       3763      4.141     3.7053   2.993069    32.1792    25.5709 0.0000e+00
       3764      4.147     3.7048   2.993019    32.1790    25.5708 0.0000e+00
       3765      4.164     3.7048   2.993037    32.1793    25.5710 0.0000e+00
       3766      4.216     3.7051   2.993068    32.1793    25.5710 0.0000e+00
       3767      4.267     3.7054   2.993068    32.1790    25.5707 0.0000e+00
       3768      4.289     3.7055   2.993069    32.1789    25.5706 0.0000e+00
       3769      4.292     3.7057   2.993087    32.1789    25.5706 0.0000e+00
       3770      4.303     3.7057   2.993091    32.1789    25.5707 0.0000e+00
       3771      4.330     3.7055   2.993080    32.1790    25.5707 0.0000e+00
       3772      4.357     3.7054   2.993081    32.1791    25.5708 0.0000e+00
       3773      4.374     3.7055   2.993100    32.1792    25.5709 0.0000e+00
       3774      4.378     3.7057   2.993113    32.1792    25.5708 0.0000e+00
       3775      4.377     3.7058   2.993122    32.1792    25.5708 0.0000e+00
       3776      4.383     3.7059   2.993131    32.1792    25.5708 0.0000e+00
       3777      4.402     3.7058   2.993141    32.1794    25.5710 0.0000e+00
       3778      4.446     3.7058   2.993152    32.1795    25.5711 0.0000e+00
       3779      4.521     3.7057   2.993165    32.1797    25.5713 0.0000e+00
       3780      4.596     3.7054   2.993169    32.1800    25.5715 0.0000e+00
       3781      4.632     3.7046   2.993144    32.1805    25.5720 0.0000e+00
       3782      4.635     3.7035   2.993078    32.1808    25.5723 0.0000e+00
       3783      4.630     3.7028   2.993006    32.1806    25.5723 0.0000e+00
       3784      4.624     3.7028   2.992983    32.1803    25.5721 0.0000e+00
       3785      4.638     3.7031   2.993010    32.1804    25.5721 0.0000e+00
       3786      4.704     3.7033   2.993053    32.1806    25.5723 0.0000e+00
       3787      4.809     3.7035   2.993082    32.1807    25.5723 0.0000e+00
       3788      4.900     3.7035   2.993091    32.1808    25.5724 0.0000e+00
       3789      4.942     3.7037   2.993111    32.1808    25.5724 0.0000e+00
       3790      4.948     3.7039   2.993118    32.1807    25.5722 0.0000e+00
       3791      4.967     3.7042   2.993106    32.1802    25.5719 0.0000e+00
       3792      5.014     3.7043   2.993122    32.1803    25.5719 0.0000e+00
       3793      5.064     3.7042   2.993148    32.1807    25.5722 0.0000e+00
       3794      5.094     3.7038   2.993150    32.1811    25.5726 0.0000e+00
       3795      5.098     3.7033   2.993152    32.1816    25.5730 0.0000e+00
       3796      5.086     3.7034   2.993159    32.1816    25.5730 0.0000e+00
       3797      5.078     3.7039   2.993111    32.1805    25.5721 0.0000e+00
       3798      5.094     3.7035   2.993033    32.1800    25.5717 0.0000e+00
       3799      5.139     3.7022   2.993002    32.1809    25.5726 0.0000e+00
       3800      5.189     3.7009   2.992977    32.1819    25.5734 0.0000e+00
       3801      5.215     3.6999   2.992931    32.1823    25.5739 0.0000e+00
       3802      5.230     3.6993   2.992914    32.1827    25.5742 0.0000e+00
       3803      5.262     3.6989   2.992918    32.1831    25.5746 0.0000e+00
       3804      5.300     3.6980   2.992905    32.1838    25.5753 0.0000e+00
       3805      5.314     3.6970   2.992861    32.1843    25.5757 0.0000e+00
       3806      5.301     3.6967   2.992856    32.1845    25.5760 0.0000e+00
       3807      5.288     3.6974   2.992928    32.1847    25.5760 0.0000e+00
       3808      5.298     3.6987   2.992986    32.1841    25.5754 0.0000e+00
       3809      5.335     3.6995   2.992974    32.1831    25.5746 0.0000e+00
       3810      5.374     3.6999   2.992936    32.1823    25.5739 0.0000e+00
       3811      5.383     3.7003   2.992927    32.1818    25.5734 0.0000e+00
       3812      5.366     3.7006   2.992937    32.1816    25.5733 0.0000e+00
       3813      5.342     3.7007   2.992936    32.1815    25.5732 0.0000e+00
       3814      5.292     3.7006   2.992943    32.1817    25.5733 0.0000e+00
       3815      5.212     3.7008   2.992962    32.1818    25.5734 0.0000e+00
       3816      5.157     3.7010   2.992969    32.1817    25.5733 0.0000e+00
       3817      5.161     3.7012   2.992976    32.1816    25.5732 0.0000e+00
       3818      5.181     3.7012   2.992991    32.1817    25.5733 0.0000e+00
       3819      5.157     3.7012   2.992999    32.1818    25.5734 0.0000e+00
       3820      5.088     3.7013   2.992991    32.1817    25.5733 0.0000e+00
       3821      5.034     3.7013   2.992977    32.1815    25.5732 0.0000e+00
       3822      5.045     3.7013   2.992979    32.1816    25.5732 0.0000e+00
       3823      5.098     3.7010   2.992991    32.1820    25.5735 0.0000e+00
       3824      5.137     3.7005   2.992997    32.1825    25.5740 0.0000e+00
       3825      5.146     3.7000   2.993000    32.1830    25.5745 0.0000e+00
       3826      5.144     3.7003   2.993034    32.1832    25.5745 0.0000e+00
       3827      5.139     3.7013   2.993109    32.1831    25.5744 0.0000e+00
       3828      5.138     3.7024   2.993182    32.1828    25.5741 0.0000e+00
       3829      5.159     3.7030   2.993253    32.1831    25.5742 0.0000e+00
       3830      5.201     3.7035   2.993354    32.1838    25.5747 0.0000e+00
       3831      5.244     3.7040   2.993401    32.1838    25.5747 0.0000e+00
       3832      5.265     3.7043   2.993360    32.1830    25.5740 0.0000e+00
       3833      5.254     3.7044   2.993327    32.1825    25.5736 0.0000e+00
       3834      5.220     3.7046   2.993345    32.1826    25.5737 0.0000e+00
       3835      5.168     3.7048   2.993353    32.1825    25.5736 0.0000e+00
       3836      5.106     3.7049   2.993336    32.1822    25.5734 0.0000e+00
       3837      5.060     3.7050   2.993320    32.1820    25.5731 0.0000e+00
       3838      5.045     3.7050   2.993307    32.1818    25.5730 0.0000e+00
       3839      5.048     3.7050   2.993294    32.1817    25.5729 0.0000e+00
       3840      5.063     3.7050   2.993287    32.1816    25.5728 0.0000e+00
       3841      5.090     3.7050   2.993288    32.1816    25.5728 0.0000e+00
       3842      5.120     3.7051   2.993288    32.1814    25.5727 0.0000e+00
       3843      5.142     3.7051   2.993293    32.1815    25.5728 0.0000e+00
       3844      5.150     3.7052   2.993307    32.1816    25.5728 0.0000e+00
       3845      5.144     3.7051   2.993311    32.1817    25.5729 0.0000e+00
       3846      5.136     3.7051   2.993302    32.1816    25.5728 0.0000e+00
       3847      5.141     3.7049   2.993289    32.1816    25.5729 0.0000e+00
       3848      5.167     3.7047   2.993284    32.1818    25.5730 0.0000e+00
       3849      5.206     3.7045   2.993292    32.1820    25.5733 0.0000e+00
       3850      5.224     3.7039   2.993280    32.1825    25.5737 0.0000e+00
       3851      5.191     3.7031   2.993235    32.1828    25.5739 0.0000e+00
       3852      5.116     3.7022   2.993192    32.1832    25.5744 0.0000e+00
       3853      5.034     3.7018   2.993181    32.1835    25.5746 0.0000e+00
       3854      4.963     3.7022   2.993209    32.1835    25.5746 0.0000e+00
       3855      4.898     3.7029   2.993244    32.1832    25.5743 0.0000e+00
       3856      4.839     3.7035   2.993250    32.1827    25.5739 0.0000e+00
       3857      4.795     3.7039   2.993233    32.1821    25.5734 0.0000e+00
       3858      4.763     3.7039   2.993220    32.1820    25.5733 0.0000e+00
       3859      4.720     3.7036   2.993186    32.1819    25.5732 0.0000e+00
       3860      4.645     3.7030   2.993139    32.1820    25.5734 0.0000e+00
       3861      4.567     3.7026   2.993113    32.1821    25.5735 0.0000e+00
       3862      4.549     3.7024   2.993110    32.1823    25.5736 0.0000e+00
       3863      4.608     3.7024   2.993127    32.1825    25.5738 0.0000e+00
       3864      4.684     3.7022   2.993153    32.1829    25.5742 0.0000e+00
       3865      4.725     3.7012   2.993145    32.1838    25.5750 0.0000e+00
       3866      4.750     3.6995   2.993090    32.1848    25.5759 0.0000e+00
       3867      4.792     3.6980   2.993024    32.1855    25.5766 0.0000e+00
       3868      4.851     3.6973   2.992987    32.1857    25.5768 0.0000e+00
       3869      4.889     3.6971   2.992974    32.1857    25.5769 0.0000e+00
       3870      4.879     3.6977   2.992969    32.1851    25.5763 0.0000e+00
       3871      4.840     3.6989   2.993001    32.1843    25.5756 0.0000e+00
       3872      4.813     3.7000   2.993055    32.1839    25.5751 0.0000e+00
       3873      4.822     3.7004   2.993079    32.1838    25.5750 0.0000e+00
       3874      4.846     3.7004   2.993073    32.1837    25.5749 0.0000e+00
       3875      4.852     3.7004   2.993063    32.1836    25.5748 0.0000e+00
       3876      4.839     3.7003   2.993071    32.1838    25.5750 0.0000e+00
       3877      4.831     3.7005   2.993100    32.1839    25.5751 0.0000e+00
       3878      4.851     3.7012   2.993128    32.1835    25.5747 0.0000e+00
       3879      4.895     3.7023   2.993176    32.1830    25.5742 0.0000e+00
       3880      4.944     3.7034   2.993247    32.1827    25.5739 0.0000e+00
       3881      4.996     3.7039   2.993273    32.1825    25.5737 0.0000e+00
       3882      5.056     3.7037   2.993272    32.1827    25.5738 0.0000e+00
       3883      5.128     3.7036   2.993304    32.1831    25.5742 0.0000e+00
       3884      5.216     3.7039   2.993345    32.1833    25.5743 0.0000e+00
       3885      5.311     3.7043   2.993363    32.1830    25.5741 0.0000e+00
       3886      5.383     3.7045   2.993374    32.1829    25.5740 0.0000e+00
       3887      5.414     3.7046   2.993391    32.1830    25.5740 0.0000e+00
       3888      5.415     3.7046   2.993396    32.1831    25.5741 0.0000e+00
       3889      5.408     3.7047   2.993397    32.1830    25.5740 0.0000e+00
       3890      5.402     3.7047   2.993398    32.1830    25.5740 0.0000e+00
       3891      5.409     3.7047   2.993392    32.1829    25.5739 0.0000e+00
       3892      5.444     3.7047   2.993393    32.1829    25.5739 0.0000e+00
       3893      5.504     3.7047   2.993407    32.1831    25.5740 0.0000e+00
       3894      5.564     3.7047   2.993419    32.1832    25.5741 0.0000e+00
       3895      5.607     3.7045   2.993420    32.1834    25.5743 0.0000e+00
       3896      5.639     3.7042   2.993417    32.1836    25.5745 0.0000e+00
       3897      5.669     3.7040   2.993413    32.1837    25.5746 0.0000e+00
