Datasets/Test_Dataset_39219_tow/originals/tel219_2021_021.cnv
* Sea-Bird SBE19plus Data File:
* Filename = C:/AQUIRE/tel219_2021_021.hex
* Software Version AquireV2 AF V2.0
* Temperature SN =  4020
* Conductivity SN =  4020
* System UpLoad Time = May 08 2021 02:47:42
** VESSEL/TRIP/SEQ STN: tel219_2021_021
** LATITUDE: 46 51.96 N
** LONGITUDE: 57 11.07 W
** DATE/TIME: 2021-05-08 02:03
** SOUNDING DEPTH (M): 0207
** PROBE TYPE: S4020
** CTD NUMBER:  21
** FORMAT: T
** COMMENTS: 
# nquan = 7                                 
# nvalues = 2668                        
# units = specified
# name 0 = scan: Scan Count
# name 1 = prdM: Pressure, Strain Gauge [db]
# name 2 = tv290C: Temperature [ITS-90, deg C]
# name 3 = c0S/m: Conductivity [S/m]
# name 4 = sal00: Salinity, Practical [PSU]
# name 5 = sigma-t00: Density [sigma-t, kg/m^3 ]
# name 6 = flag: flag
# span 0 =          1,       2668       
# span 1 =     -0.836,    208.633       
# span 2 =     2.0563,     8.7221       
# span 3 =   0.005646,   3.700341       
# span 4 =     0.0425,    35.0343       
# span 5 =     0.0090,    27.1924       
# span 6 = 0.0000e+00, 0.0000e+00       
# interval = seconds: 1
# start_time = May 08 2021 02:03:55 [Instrument's time stamp, header]
# bad_flag = -9.990e-29
*END*
[from data line 821]
        822    136.533     5.3734   3.285449    33.8513    26.7213 0.0000e+00
        823    136.953     5.4533   3.294057    33.8688    26.7256 0.0000e+00
        824    137.373     5.5070   3.299566    33.8773    26.7259 0.0000e+00
        825    137.789     5.5494   3.304151    33.8865    26.7281 0.0000e+00
        826    138.193     5.5896   3.308612    33.8966    26.7312 0.0000e+00
        827    138.590     5.6373   3.313646    33.9055    26.7326 0.0000e+00
        828    138.990     5.7176   3.323163    33.9325    26.7441 0.0000e+00
        829    139.403     5.8325   3.337578    33.9798    26.7674 0.0000e+00
        830    139.831     5.9412   3.350093    34.0116    26.7790 0.0000e+00
        831    140.271     6.0183   3.358199    34.0252    26.7801 0.0000e+00
        832    140.710     6.0748   3.364546    34.0396    26.7843 0.0000e+00
        833    141.129     6.1166   3.369297    34.0508    26.7879 0.0000e+00
        834    141.527     6.1467   3.372442    34.0557    26.7879 0.0000e+00
        835    141.916     6.1830   3.376704    34.0669    26.7921 0.0000e+00
        836    142.304     6.2460   3.384655    34.0926    26.8043 0.0000e+00
        837    142.688     6.3392   3.396352    34.1297    26.8215 0.0000e+00
        838    143.058     6.4440   3.409159    34.1674    26.8376 0.0000e+00
        839    143.408     6.5348   3.419511    34.1915    26.8446 0.0000e+00
        840    143.741     6.6049   3.426948    34.2038    26.8450 0.0000e+00
        841    144.062     6.6639   3.433645    34.2189    26.8490 0.0000e+00
        842    144.377     6.7166   3.440012    34.2365    26.8559 0.0000e+00
        843    144.696     6.7584   3.444756    34.2471    26.8586 0.0000e+00
        844    145.026     6.7869   3.447720    34.2512    26.8580 0.0000e+00
        845    145.357     6.8068   3.449848    34.2547    26.8580 0.0000e+00
        846    145.679     6.8240   3.451794    34.2588    26.8590 0.0000e+00
        847    145.998     6.8419   3.453811    34.2631    26.8599 0.0000e+00
        848    146.318     6.8616   3.456078    34.2683    26.8613 0.0000e+00
        849    146.634     6.8803   3.458225    34.2731    26.8626 0.0000e+00
        850    146.947     6.8977   3.460150    34.2768    26.8631 0.0000e+00
        851    147.261     6.9214   3.462933    34.2837    26.8653 0.0000e+00
        852    147.576     6.9562   3.467518    34.2993    26.8728 0.0000e+00
        853    147.887     6.9947   3.472538    34.3159    26.8806 0.0000e+00
        854    148.191     7.0225   3.475619    34.3219    26.8815 0.0000e+00
        855    148.484     7.0360   3.476876    34.3221    26.8798 0.0000e+00
        856    148.763     7.0422   3.477597    34.3237    26.8802 0.0000e+00
        857    149.037     7.0454   3.478055    34.3254    26.8811 0.0000e+00
        858    149.312     7.0473   3.478300    34.3261    26.8814 0.0000e+00
        859    149.591     7.0507   3.478701    34.3270    26.8816 0.0000e+00
        860    149.874     7.0575   3.479557    34.3295    26.8826 0.0000e+00
        861    150.164     7.0670   3.480791    34.3334    26.8844 0.0000e+00
        862    150.454     7.0764   3.482009    34.3372    26.8861 0.0000e+00
        863    150.737     7.0831   3.482882    34.3400    26.8873 0.0000e+00
        864    151.015     7.0877   3.483553    34.3426    26.8888 0.0000e+00
        865    151.296     7.0941   3.484516    34.3467    26.8911 0.0000e+00
        866    151.584     7.1061   3.486317    34.3543    26.8954 0.0000e+00
        867    151.878     7.1257   3.489187    34.3661    26.9020 0.0000e+00
        868    152.177     7.1537   3.493095    34.3809    26.9097 0.0000e+00
        869    152.473     7.1897   3.498145    34.4001    26.9198 0.0000e+00
        870    152.764     7.2285   3.503571    34.4206    26.9305 0.0000e+00
        871    153.057     7.2644   3.508391    34.4374    26.9387 0.0000e+00
        872    153.356     7.2935   3.512356    34.4516    26.9457 0.0000e+00
        873    153.657     7.3122   3.514855    34.4600    26.9497 0.0000e+00
        874    153.956     7.3203   3.515846    34.4626    26.9506 0.0000e+00
        875    154.252     7.3228   3.516136    34.4632    26.9507 0.0000e+00
        876    154.550     7.3236   3.516247    34.4634    26.9508 0.0000e+00
        877    154.855     7.3246   3.516383    34.4638    26.9509 0.0000e+00
        878    155.161     7.3257   3.516573    34.4646    26.9514 0.0000e+00
        879    155.460     7.3270   3.516790    34.4655    26.9520 0.0000e+00
        880    155.757     7.3281   3.517029    34.4669    26.9529 0.0000e+00
        881    156.057     7.3295   3.517296    34.4683    26.9538 0.0000e+00
        882    156.367     7.3323   3.517726    34.4700    26.9547 0.0000e+00
        883    156.687     7.3369   3.518431    34.4730    26.9564 0.0000e+00
        884    157.007     7.3421   3.519191    34.4759    26.9580 0.0000e+00
        885    157.321     7.3474   3.519997    34.4793    26.9599 0.0000e+00
        886    157.623     7.3544   3.521167    34.4849    26.9633 0.0000e+00
        887    157.920     7.3624   3.522471    34.4910    26.9670 0.0000e+00
        888    158.222     7.3695   3.523528    34.4953    26.9693 0.0000e+00
        889    158.534     7.3756   3.524435    34.4989    26.9713 0.0000e+00
        890    158.860     7.3807   3.525185    34.5019    26.9729 0.0000e+00
        891    159.200     7.3849   3.525720    34.5033    26.9735 0.0000e+00
        892    159.552     7.3890   3.526291    34.5053    26.9744 0.0000e+00
        893    159.915     7.3954   3.527311    34.5099    26.9771 0.0000e+00
        894    160.285     7.4082   3.529378    34.5194    26.9828 0.0000e+00
        895    160.657     7.4318   3.533006    34.5352    26.9919 0.0000e+00
        896    161.032     7.4668   3.537932    34.5537    27.0014 0.0000e+00
        897    161.412     7.5099   3.543329    34.5692    27.0074 0.0000e+00
        898    161.801     7.5561   3.548981    34.5844    27.0127 0.0000e+00
        899    162.198     7.5997   3.554188    34.5972    27.0165 0.0000e+00
        900    162.591     7.6487   3.559840    34.6095    27.0190 0.0000e+00
        901    162.973     7.7209   3.569036    34.6370    27.0300 0.0000e+00
        902    163.353     7.8085   3.579894    34.6669    27.0407 0.0000e+00
        903    163.741     7.8866   3.588789    34.6849    27.0433 0.0000e+00
        904    164.135     7.9486   3.595904    34.6997    27.0457 0.0000e+00
        905    164.531     8.0012   3.602222    34.7152    27.0500 0.0000e+00
        906    164.927     8.0459   3.607892    34.7314    27.0560 0.0000e+00
        907    165.333     8.0784   3.611830    34.7412    27.0588 0.0000e+00
        908    165.750     8.0978   3.613921    34.7442    27.0582 0.0000e+00
        909    166.161     8.1097   3.615265    34.7466    27.0583 0.0000e+00
        910    166.554     8.1207   3.616636    34.7502    27.0595 0.0000e+00
        911    166.939     8.1341   3.618414    34.7557    27.0618 0.0000e+00
        912    167.332     8.1477   3.620164    34.7608    27.0637 0.0000e+00
        913    167.742     8.1583   3.621344    34.7627    27.0636 0.0000e+00
        914    168.164     8.1665   3.622187    34.7634    27.0629 0.0000e+00
        915    168.589     8.1753   3.623284    34.7662    27.0638 0.0000e+00
        916    169.005     8.1865   3.624745    34.7705    27.0655 0.0000e+00
        917    169.411     8.2005   3.626522    34.7754    27.0672 0.0000e+00
        918    169.815     8.2185   3.628878    34.7825    27.0701 0.0000e+00
        919    170.223     8.2398   3.631628    34.7906    27.0732 0.0000e+00
        920    170.636     8.2615   3.634293    34.7973    27.0751 0.0000e+00
        921    171.052     8.2825   3.636847    34.8036    27.0768 0.0000e+00
        922    171.469     8.3025   3.639329    34.8100    27.0788 0.0000e+00
        923    171.881     8.3198   3.641498    34.8158    27.0807 0.0000e+00
        924    172.285     8.3330   3.643105    34.8197    27.0817 0.0000e+00
        925    172.685     8.3424   3.644227    34.8221    27.0822 0.0000e+00
        926    173.090     8.3517   3.645297    34.8241    27.0823 0.0000e+00
        927    173.506     8.3654   3.647104    34.8296    27.0845 0.0000e+00
        928    173.927     8.3832   3.649640    34.8388    27.0890 0.0000e+00
        929    174.341     8.4000   3.651913    34.8461    27.0921 0.0000e+00
        930    174.742     8.4143   3.653764    34.8514    27.0941 0.0000e+00
        931    175.139     8.4276   3.655554    34.8571    27.0965 0.0000e+00
        932    175.538     8.4388   3.657040    34.8616    27.0983 0.0000e+00
        933    175.942     8.4467   3.658034    34.8642    27.0991 0.0000e+00
        934    176.347     8.4525   3.658832    34.8667    27.1002 0.0000e+00
        935    176.747     8.4594   3.659757    34.8695    27.1013 0.0000e+00
        936    177.142     8.4687   3.661006    34.8734    27.1029 0.0000e+00
        937    177.539     8.4791   3.662420    34.8779    27.1049 0.0000e+00
        938    177.948     8.4880   3.663510    34.8805    27.1055 0.0000e+00
        939    178.368     8.4949   3.664293    34.8818    27.1054 0.0000e+00
        940    178.786     8.5014   3.665125    34.8840    27.1061 0.0000e+00
        941    179.190     8.5084   3.666056    34.8867    27.1072 0.0000e+00
        942    179.580     8.5157   3.667005    34.8894    27.1082 0.0000e+00
        943    179.967     8.5223   3.667892    34.8921    27.1093 0.0000e+00
        944    180.359     8.5290   3.668762    34.8945    27.1101 0.0000e+00
        945    180.760     8.5374   3.669886    34.8979    27.1115 0.0000e+00
        946    181.167     8.5474   3.671296    34.9028    27.1137 0.0000e+00
        947    181.573     8.5568   3.672608    34.9072    27.1157 0.0000e+00
        948    181.970     8.5637   3.673556    34.9102    27.1170 0.0000e+00
        949    182.354     8.5688   3.674219    34.9120    27.1176 0.0000e+00
        950    182.736     8.5731   3.674817    34.9139    27.1184 0.0000e+00
        951    183.127     8.5765   3.675330    34.9158    27.1194 0.0000e+00
        952    183.522     8.5783   3.675558    34.9162    27.1195 0.0000e+00
        953    183.913     8.5790   3.675639    34.9162    27.1193 0.0000e+00
        954    184.294     8.5801   3.675884    34.9175    27.1202 0.0000e+00
        955    184.666     8.5818   3.676321    34.9203    27.1221 0.0000e+00
        956    185.036     8.5839   3.676798    34.9231    27.1240 0.0000e+00
        957    185.415     8.5869   3.677354    34.9258    27.1257 0.0000e+00
        958    185.806     8.5914   3.678141    34.9295    27.1278 0.0000e+00
        959    186.203     8.5966   3.679076    34.9341    27.1306 0.0000e+00
        960    186.591     8.6006   3.679887    34.9385    27.1335 0.0000e+00
        961    186.961     8.6029   3.680375    34.9413    27.1352 0.0000e+00
        962    187.314     8.6043   3.680672    34.9428    27.1363 0.0000e+00
        963    187.666     8.6056   3.681002    34.9449    27.1377 0.0000e+00
        964    188.033     8.6074   3.681365    34.9468    27.1388 0.0000e+00
        965    188.411     8.6091   3.681725    34.9487    27.1401 0.0000e+00
        966    188.783     8.6107   3.682109    34.9510    27.1417 0.0000e+00
        967    189.143     8.6124   3.682522    34.9535    27.1434 0.0000e+00
        968    189.497     8.6143   3.682933    34.9558    27.1449 0.0000e+00
        969    189.852     8.6162   3.683317    34.9578    27.1462 0.0000e+00
        970    190.214     8.6184   3.683746    34.9600    27.1475 0.0000e+00
        971    190.576     8.6227   3.684522    34.9638    27.1498 0.0000e+00
        972    190.938     8.6326   3.686317    34.9728    27.1553 0.0000e+00
        973    191.299     8.6478   3.689065    34.9867    27.1638 0.0000e+00
        974    191.657     8.6624   3.691483    34.9976    27.1701 0.0000e+00
        975    192.007     8.6732   3.692999    35.0028    27.1724 0.0000e+00
        976    192.356     8.6808   3.694047    35.0062    27.1739 0.0000e+00
        977    192.717     8.6839   3.694443    35.0071    27.1741 0.0000e+00
        978    193.092     8.6843   3.694344    35.0055    27.1728 0.0000e+00
        979    193.469     8.6876   3.694850    35.0074    27.1738 0.0000e+00
        980    193.839     8.6925   3.695626    35.0106    27.1755 0.0000e+00
        981    194.198     8.6944   3.695803    35.0104    27.1750 0.0000e+00
        982    194.541     8.6949   3.695870    35.0104    27.1750 0.0000e+00
        983    194.877     8.6962   3.696115    35.0116    27.1757 0.0000e+00
        984    195.224     8.6975   3.696290    35.0120    27.1758 0.0000e+00
        985    195.581     8.6992   3.696466    35.0120    27.1755 0.0000e+00
        986    195.939     8.7014   3.696730    35.0124    27.1755 0.0000e+00
        987    196.292     8.7033   3.696980    35.0130    27.1757 0.0000e+00
        988    196.631     8.7048   3.697178    35.0135    27.1758 0.0000e+00
        989    196.947     8.7055   3.697296    35.0139    27.1760 0.0000e+00
        990    197.253     8.7048   3.697198    35.0134    27.1757 0.0000e+00
        991    197.567     8.7032   3.696976    35.0125    27.1753 0.0000e+00
        992    197.892     8.7032   3.697029    35.0129    27.1756 0.0000e+00
        993    198.223     8.7050   3.697329    35.0141    27.1763 0.0000e+00
        994    198.550     8.7059   3.697438    35.0142    27.1762 0.0000e+00
        995    198.858     8.7050   3.697311    35.0136    27.1759 0.0000e+00
        996    199.138     8.7040   3.697244    35.0138    27.1762 0.0000e+00
        997    199.404     8.7053   3.697488    35.0149    27.1769 0.0000e+00
        998    199.680     8.7090   3.698052    35.0171    27.1780 0.0000e+00
        999    199.971     8.7129   3.698600    35.0189    27.1788 0.0000e+00
       1000    200.263     8.7155   3.698922    35.0196    27.1789 0.0000e+00
       1001    200.545     8.7170   3.699149    35.0203    27.1793 0.0000e+00
       1002    200.820     8.7180   3.699337    35.0212    27.1798 0.0000e+00
       1003    201.082     8.7187   3.699452    35.0216    27.1800 0.0000e+00
       1004    201.329     8.7188   3.699462    35.0215    27.1799 0.0000e+00
       1005    201.572     8.7190   3.699471    35.0213    27.1797 0.0000e+00
       1006    201.815     8.7196   3.699576    35.0217    27.1799 0.0000e+00
       1007    202.053     8.7203   3.699682    35.0220    27.1800 0.0000e+00
       1008    202.281     8.7212   3.699816    35.0224    27.1802 0.0000e+00
       1009    202.496     8.7218   3.699987    35.0235    27.1810 0.0000e+00
       1010    202.697     8.7220   3.700077    35.0242    27.1815 0.0000e+00
       1011    202.891     8.7220   3.700098    35.0243    27.1816 0.0000e+00
       1012    203.089     8.7221   3.700121    35.0243    27.1816 0.0000e+00
       1013    203.293     8.7220   3.700149    35.0246    27.1819 0.0000e+00
       1014    203.487     8.7218   3.700173    35.0250    27.1822 0.0000e+00
       1015    203.663     8.7216   3.700197    35.0254    27.1825 0.0000e+00
       1016    203.829     8.7212   3.700220    35.0259    27.1830 0.0000e+00
       1017    203.991     8.7211   3.700242    35.0262    27.1832 0.0000e+00
       1018    204.154     8.7211   3.700252    35.0262    27.1832 0.0000e+00
       1019    204.315     8.7211   3.700253    35.0261    27.1832 0.0000e+00
       1020    204.467     8.7209   3.700243    35.0262    27.1832 0.0000e+00
       1021    204.603     8.7204   3.700227    35.0264    27.1835 0.0000e+00
       1022    204.727     8.7197   3.700214    35.0269    27.1840 0.0000e+00
       1023    204.844     8.7190   3.700202    35.0274    27.1845 0.0000e+00
       1024    204.954     8.7188   3.700193    35.0275    27.1846 0.0000e+00
       1025    205.061     8.7188   3.700193    35.0274    27.1845 0.0000e+00
