Datasets/Test_Dataset_39219_tow/originals/tel219_2021_042.cnv
* Sea-Bird SBE19plus Data File:
* Filename = C:/AQUIRE/tel219_2021_042.hex
* Software Version AquireV2 AF V2.0
* Temperature SN =  4020
* Conductivity SN =  4020
* System UpLoad Time = May 12 2021 10:58:39
** VESSEL/TRIP/SEQ STN: tel219_2021_042
** LATITUDE: 45 08.48 N
** LONGITUDE: 56 06.89 W
** DATE/TIME: 2021-05-12 10:17
** SOUNDING DEPTH (M): 0088
** PROBE TYPE: S4020
** CTD NUMBER:  42
** FORMAT: T
** COMMENTS: 
# nquan = 7                                 
# nvalues = 2539                        
# units = specified
# name 0 = scan: Scan Count
# name 1 = prdM: Pressure, Strain Gauge [db]
# name 2 = tv290C: Temperature [ITS-90, deg C]
# name 3 = c0S/m: Conductivity [S/m]
# name 4 = sal00: Salinity, Practical [PSU]
# name 5 = sigma-t00: Density [sigma-t, kg/m^3 ]
# name 6 = flag: flag
# span 0 =          1,       2539       
# span 1 =     -0.156,     85.644       
# span 2 =     1.1273,     4.6376       
# span 3 =   0.012057,   2.992938       
# span 4 =     0.0917,    32.4424       
# span 5 =     0.0458,    25.9774       
# span 6 = 0.0000e+00, 0.0000e+00       
# interval = seconds: 1
# start_time = May 12 2021 10:17:28 [Instrument's time stamp, header]
# bad_flag = -9.990e-29
*END*
[from data line 1231]
       1232     85.314     1.4341   2.825967    32.3821    25.9136 0.0000e+00
       1233     85.327     1.4361   2.826377    32.3852    25.9160 0.0000e+00
       1234     85.343     1.4362   2.826296    32.3841    25.9151 0.0000e+00
       1235     85.360     1.4367   2.825965    32.3794    25.9113 0.0000e+00
       1236     85.370     1.4377   2.825779    32.3760    25.9085 0.0000e+00
       1237     85.370     1.4391   2.825980    32.3771    25.9093 0.0000e+00
       1238     85.373     1.4420   2.826700    32.3832    25.9140 0.0000e+00
       1239     85.383     1.4471   2.827518    32.3883    25.9177 0.0000e+00
       1240     85.389     1.4527   2.827908    32.3874    25.9167 0.0000e+00
       1241     85.381     1.4552   2.827539    32.3802    25.9107 0.0000e+00
       1242     85.361     1.4548   2.827258    32.3771    25.9082 0.0000e+00
       1243     85.346     1.4536   2.827803    32.3852    25.9148 0.0000e+00
       1244     85.342     1.4527   2.828259    32.3919    25.9202 0.0000e+00
       1245     85.345     1.4517   2.828253    32.3928    25.9211 0.0000e+00
       1246     85.352     1.4505   2.828139    32.3926    25.9210 0.0000e+00
       1247     85.361     1.4487   2.827967    32.3923    25.9209 0.0000e+00
       1248     85.374     1.4453   2.827727    32.3928    25.9215 0.0000e+00
       1249     85.388     1.4399   2.827269    32.3926    25.9216 0.0000e+00
       1250     85.401     1.4350   2.826691    32.3903    25.9201 0.0000e+00
       1251     85.411     1.4350   2.826421    32.3869    25.9174 0.0000e+00
       1252     85.416     1.4422   2.826967    32.3864    25.9165 0.0000e+00
       1253     85.420     1.4530   2.828276    32.3917    25.9201 0.0000e+00
       1254     85.420     1.4602   2.829199    32.3960    25.9230 0.0000e+00
       1255     85.410     1.4618   2.829254    32.3950    25.9222 0.0000e+00
       1256     85.386     1.4609   2.829088    32.3939    25.9213 0.0000e+00
       1257     85.354     1.4624   2.829179    32.3935    25.9209 0.0000e+00
       1258     85.330     1.4700   2.829946    32.3953    25.9219 0.0000e+00
       1259     85.326     1.4824   2.831322    32.3999    25.9247 0.0000e+00
       1260     85.341     1.4938   2.832524    32.4033    25.9267 0.0000e+00
       1261     85.364     1.4994   2.833099    32.4048    25.9275 0.0000e+00
       1262     85.384     1.4991   2.833085    32.4049    25.9276 0.0000e+00
       1263     85.399     1.4978   2.832924    32.4042    25.9272 0.0000e+00
       1264     85.411     1.5023   2.833274    32.4040    25.9267 0.0000e+00
       1265     85.416     1.5134   2.834167    32.4038    25.9258 0.0000e+00
       1266     85.407     1.5251   2.835010    32.4023    25.9239 0.0000e+00
       1267     85.380     1.5337   2.835718    32.4024    25.9233 0.0000e+00
       1268     85.348     1.5400   2.836553    32.4064    25.9262 0.0000e+00
       1269     85.328     1.5458   2.837482    32.4122    25.9304 0.0000e+00
       1270     85.328     1.5516   2.838443    32.4183    25.9349 0.0000e+00
       1271     85.347     1.5555   2.839085    32.4224    25.9379 0.0000e+00
       1272     85.373     1.5562   2.839068    32.4214    25.9371 0.0000e+00
       1273     85.389     1.5558   2.838743    32.4177    25.9342 0.0000e+00
       1274     85.386     1.5564   2.838620    32.4156    25.9324 0.0000e+00
       1275     85.378     1.5579   2.838857    32.4170    25.9334 0.0000e+00
       1276     85.380     1.5585   2.839244    32.4212    25.9368 0.0000e+00
       1277     85.391     1.5570   2.839361    32.4243    25.9393 0.0000e+00
       1278     85.401     1.5539   2.839101    32.4242    25.9395 0.0000e+00
       1279     85.400     1.5513   2.838769    32.4227    25.9384 0.0000e+00
       1280     85.388     1.5495   2.838591    32.4223    25.9383 0.0000e+00
       1281     85.377     1.5454   2.838341    32.4234    25.9394 0.0000e+00
       1282     85.379     1.5375   2.837622    32.4225    25.9392 0.0000e+00
       1283     85.397     1.5305   2.836807    32.4194    25.9372 0.0000e+00
       1284     85.419     1.5278   2.836490    32.4182    25.9364 0.0000e+00
       1285     85.430     1.5275   2.836441    32.4179    25.9362 0.0000e+00
       1286     85.425     1.5280   2.836413    32.4170    25.9355 0.0000e+00
       1287     85.411     1.5301   2.836662    32.4180    25.9361 0.0000e+00
       1288     85.402     1.5347   2.837201    32.4200    25.9374 0.0000e+00
       1289     85.405     1.5411   2.837813    32.4212    25.9379 0.0000e+00
       1290     85.413     1.5469   2.838452    32.4232    25.9392 0.0000e+00
       1291     85.415     1.5486   2.838781    32.4256    25.9410 0.0000e+00
       1292     85.411     1.5465   2.838566    32.4251    25.9407 0.0000e+00
       1293     85.408     1.5442   2.838246    32.4234    25.9395 0.0000e+00
       1294     85.414     1.5422   2.838109    32.4237    25.9399 0.0000e+00
       1295     85.430     1.5379   2.837916    32.4257    25.9418 0.0000e+00
       1296     85.446     1.5313   2.837433    32.4265    25.9428 0.0000e+00
       1297     85.451     1.5248   2.836896    32.4264    25.9432 0.0000e+00
       1298     85.449     1.5194   2.836484    32.4268    25.9439 0.0000e+00
       1299     85.449     1.5131   2.835841    32.4252    25.9430 0.0000e+00
       1300     85.456     1.5036   2.834745    32.4211    25.9404 0.0000e+00
       1301     85.471     1.4925   2.833377    32.4153    25.9365 0.0000e+00
       1302     85.486     1.4865   2.832511    32.4106    25.9330 0.0000e+00
       1303     85.489     1.4894   2.832747    32.4106    25.9328 0.0000e+00
       1304     85.480     1.4966   2.833480    32.4124    25.9338 0.0000e+00
       1305     85.464     1.5030   2.834079    32.4134    25.9342 0.0000e+00
       1306     85.440     1.5074   2.834435    32.4133    25.9339 0.0000e+00
       1307     85.410     1.5115   2.834849    32.4143    25.9344 0.0000e+00
       1308     85.392     1.5149   2.835372    32.4174    25.9366 0.0000e+00
       1309     85.396     1.5147   2.835428    32.4183    25.9374 0.0000e+00
       1310     85.411     1.5122   2.835180    32.4178    25.9371 0.0000e+00
       1311     85.419     1.5111   2.835114    32.4181    25.9374 0.0000e+00
       1312     85.419     1.5122   2.835154    32.4174    25.9368 0.0000e+00
       1313     85.423     1.5165   2.835451    32.4168    25.9360 0.0000e+00
       1314     85.443     1.5236   2.836265    32.4197    25.9379 0.0000e+00
       1315     85.473     1.5282   2.836957    32.4236    25.9408 0.0000e+00
       1316     85.493     1.5271   2.836831    32.4232    25.9405 0.0000e+00
       1317     85.494     1.5239   2.836323    32.4201    25.9382 0.0000e+00
       1318     85.482     1.5242   2.836222    32.4185    25.9369 0.0000e+00
       1319     85.464     1.5290   2.836694    32.4195    25.9374 0.0000e+00
       1320     85.444     1.5354   2.837351    32.4212    25.9383 0.0000e+00
       1321     85.427     1.5414   2.837769    32.4203    25.9372 0.0000e+00
       1322     85.414     1.5456   2.837824    32.4166    25.9340 0.0000e+00
       1323     85.405     1.5476   2.837811    32.4144    25.9321 0.0000e+00
       1324     85.408     1.5486   2.838110    32.4172    25.9342 0.0000e+00
       1325     85.431     1.5494   2.838611    32.4226    25.9385 0.0000e+00
       1326     85.468     1.5506   2.839026    32.4266    25.9416 0.0000e+00
       1327     85.501     1.5517   2.839126    32.4267    25.9416 0.0000e+00
       1328     85.514     1.5517   2.838785    32.4224    25.9382 0.0000e+00
       1329     85.501     1.5499   2.838507    32.4208    25.9370 0.0000e+00
       1330     85.478     1.5452   2.838421    32.4245    25.9403 0.0000e+00
       1331     85.463     1.5376   2.837949    32.4265    25.9424 0.0000e+00
       1332     85.460     1.5308   2.837293    32.4252    25.9418 0.0000e+00
       1333     85.465     1.5262   2.836873    32.4247    25.9417 0.0000e+00
       1334     85.473     1.5232   2.836558    32.4238    25.9412 0.0000e+00
       1335     85.482     1.5217   2.836353    32.4227    25.9405 0.0000e+00
       1336     85.489     1.5221   2.836333    32.4221    25.9399 0.0000e+00
       1337     85.492     1.5236   2.836423    32.4216    25.9395 0.0000e+00
       1338     85.496     1.5258   2.836567    32.4212    25.9389 0.0000e+00
       1339     85.505     1.5286   2.836717    32.4202    25.9380 0.0000e+00
       1340     85.511     1.5307   2.836787    32.4189    25.9368 0.0000e+00
       1341     85.509     1.5314   2.836832    32.4187    25.9366 0.0000e+00
       1342     85.506     1.5322   2.837044    32.4206    25.9380 0.0000e+00
       1343     85.508     1.5339   2.837380    32.4231    25.9399 0.0000e+00
       1344     85.509     1.5353   2.837578    32.4241    25.9407 0.0000e+00
       1345     85.506     1.5356   2.837610    32.4242    25.9407 0.0000e+00
       1346     85.502     1.5358   2.837618    32.4241    25.9406 0.0000e+00
       1347     85.504     1.5378   2.837797    32.4243    25.9406 0.0000e+00
       1348     85.511     1.5408   2.838142    32.4256    25.9414 0.0000e+00
       1349     85.514     1.5430   2.838348    32.4259    25.9416 0.0000e+00
       1350     85.508     1.5438   2.838382    32.4255    25.9412 0.0000e+00
       1351     85.497     1.5438   2.838396    32.4257    25.9413 0.0000e+00
       1352     85.491     1.5437   2.838401    32.4258    25.9415 0.0000e+00
       1353     85.496     1.5444   2.838478    32.4261    25.9416 0.0000e+00
       1354     85.511     1.5462   2.838667    32.4266    25.9419 0.0000e+00
       1355     85.533     1.5491   2.838954    32.4272    25.9422 0.0000e+00
       1356     85.555     1.5531   2.839371    32.4283    25.9428 0.0000e+00
       1357     85.571     1.5566   2.839695    32.4288    25.9430 0.0000e+00
       1358     85.577     1.5582   2.839745    32.4278    25.9421 0.0000e+00
       1359     85.573     1.5589   2.839773    32.4274    25.9417 0.0000e+00
       1360     85.566     1.5594   2.839944    32.4290    25.9430 0.0000e+00
       1361     85.559     1.5600   2.840114    32.4306    25.9442 0.0000e+00
       1362     85.550     1.5604   2.840158    32.4307    25.9443 0.0000e+00
       1363     85.543     1.5605   2.840045    32.4292    25.9430 0.0000e+00
       1364     85.531     1.5602   2.839832    32.4268    25.9412 0.0000e+00
       1365     85.514     1.5597   2.839785    32.4268    25.9411 0.0000e+00
       1366     85.508     1.5604   2.840062    32.4295    25.9433 0.0000e+00
       1367     85.524     1.5616   2.840348    32.4319    25.9451 0.0000e+00
       1368     85.552     1.5617   2.840371    32.4321    25.9453 0.0000e+00
       1369     85.576     1.5606   2.840251    32.4317    25.9450 0.0000e+00
       1370     85.586     1.5591   2.840122    32.4316    25.9451 0.0000e+00
       1371     85.589     1.5571   2.839945    32.4314    25.9451 0.0000e+00
       1372     85.591     1.5548   2.839697    32.4307    25.9446 0.0000e+00
       1373     85.585     1.5533   2.839504    32.4298    25.9440 0.0000e+00
       1374     85.567     1.5530   2.839471    32.4297    25.9439 0.0000e+00
       1375     85.543     1.5530   2.839502    32.4301    25.9443 0.0000e+00
       1376     85.524     1.5519   2.839440    32.4304    25.9446 0.0000e+00
       1377     85.519     1.5496   2.839217    32.4300    25.9444 0.0000e+00
       1378     85.528     1.5470   2.838925    32.4290    25.9438 0.0000e+00
       1379     85.548     1.5457   2.838748    32.4281    25.9432 0.0000e+00
       1380     85.569     1.5461   2.838757    32.4278    25.9429 0.0000e+00
       1381     85.580     1.5477   2.838895    32.4279    25.9429 0.0000e+00
       1382     85.582     1.5498   2.839114    32.4285    25.9432 0.0000e+00
       1383     85.578     1.5520   2.839332    32.4290    25.9434 0.0000e+00
       1384     85.571     1.5544   2.839521    32.4289    25.9432 0.0000e+00
       1385     85.561     1.5574   2.839755    32.4287    25.9429 0.0000e+00
       1386     85.558     1.5614   2.840096    32.4289    25.9428 0.0000e+00
       1387     85.573     1.5660   2.840499    32.4292    25.9427 0.0000e+00
       1388     85.594     1.5690   2.840617    32.4276    25.9412 0.0000e+00
       1389     85.603     1.5687   2.840351    32.4245    25.9388 0.0000e+00
       1390     85.597     1.5677   2.840376    32.4259    25.9399 0.0000e+00
       1391     85.587     1.5691   2.840971    32.4320    25.9447 0.0000e+00
       1392     85.583     1.5709   2.841397    32.4355    25.9474 0.0000e+00
       1393     85.581     1.5707   2.841302    32.4345    25.9466 0.0000e+00
       1394     85.563     1.5696   2.841102    32.4331    25.9456 0.0000e+00
       1395     85.529     1.5688   2.841004    32.4327    25.9453 0.0000e+00
       1396     85.495     1.5673   2.840922    32.4332    25.9458 0.0000e+00
       1397     85.480     1.5630   2.840581    32.4334    25.9463 0.0000e+00
       1398     85.498     1.5569   2.839919    32.4313    25.9450 0.0000e+00
       1399     85.541     1.5521   2.839403    32.4298    25.9441 0.0000e+00
       1400     85.585     1.5499   2.839232    32.4299    25.9443 0.0000e+00
       1401     85.608     1.5498   2.839225    32.4299    25.9443 0.0000e+00
       1402     85.601     1.5507   2.839280    32.4296    25.9441 0.0000e+00
       1403     85.573     1.5515   2.839362    32.4299    25.9442 0.0000e+00
       1404     85.544     1.5508   2.839309    32.4299    25.9443 0.0000e+00
       1405     85.529     1.5496   2.839145    32.4291    25.9437 0.0000e+00
       1406     85.532     1.5494   2.839135    32.4292    25.9438 0.0000e+00
       1407     85.547     1.5499   2.839222    32.4298    25.9442 0.0000e+00
       1408     85.565     1.5498   2.839213    32.4297    25.9442 0.0000e+00
       1409     85.580     1.5502   2.839185    32.4290    25.9436 0.0000e+00
       1410     85.591     1.5533   2.839438    32.4289    25.9433 0.0000e+00
       1411     85.606     1.5580   2.839976    32.4309    25.9446 0.0000e+00
       1412     85.625     1.5612   2.840353    32.4323    25.9455 0.0000e+00
       1413     85.632     1.5621   2.840401    32.4320    25.9452 0.0000e+00
       1414     85.618     1.5614   2.840327    32.4318    25.9451 0.0000e+00
       1415     85.596     1.5587   2.840112    32.4319    25.9453 0.0000e+00
       1416     85.581     1.5544   2.839654    32.4305    25.9445 0.0000e+00
       1417     85.575     1.5518   2.839300    32.4288    25.9433 0.0000e+00
       1418     85.572     1.5533   2.839397    32.4284    25.9429 0.0000e+00
       1419     85.565     1.5570   2.839778    32.4294    25.9435 0.0000e+00
       1420     85.558     1.5604   2.840127    32.4303    25.9440 0.0000e+00
       1421     85.558     1.5639   2.840457    32.4309    25.9442 0.0000e+00
       1422     85.569     1.5680   2.840895    32.4321    25.9449 0.0000e+00
       1423     85.587     1.5728   2.841409    32.4337    25.9458 0.0000e+00
       1424     85.606     1.5772   2.841866    32.4349    25.9465 0.0000e+00
       1425     85.619     1.5804   2.842184    32.4356    25.9468 0.0000e+00
       1426     85.623     1.5817   2.842350    32.4363    25.9473 0.0000e+00
       1427     85.620     1.5814   2.842317    32.4362    25.9473 0.0000e+00
       1428     85.616     1.5802   2.842193    32.4359    25.9471 0.0000e+00
       1429     85.613     1.5787   2.842125    32.4366    25.9477 0.0000e+00
       1430     85.611     1.5776   2.842054    32.4368    25.9480 0.0000e+00
       1431     85.611     1.5777   2.842059    32.4368    25.9480 0.0000e+00
       1432     85.613     1.5781   2.842146    32.4375    25.9485 0.0000e+00
       1433     85.610     1.5777   2.842115    32.4375    25.9485 0.0000e+00
       1434     85.598     1.5776   2.842079    32.4371    25.9483 0.0000e+00
       1435     85.577     1.5779   2.842131    32.4375    25.9485 0.0000e+00
