Datasets/Test_Dataset_39219_tow/originals/tel219_2021_016.cnv
* Sea-Bird SBE19plus Data File:
* Filename = C:/AQUIRE/tel219_2021_016.hex
* Software Version AquireV2 AF V2.0
* Temperature SN =  4020
* Conductivity SN =  4020
* System UpLoad Time = May 07 2021 14:23:44
** VESSEL/TRIP/SEQ STN: tel219_2021_016
** LATITUDE: 46 34.76 N
** LONGITUDE: 56 25.34 W
** DATE/TIME: 2021-05-07 13:06
** SOUNDING DEPTH (M): 0103
** PROBE TYPE: S4020
** CTD NUMBER:  16
** FORMAT: t
** COMMENTS: 
# nquan = 7                                 
# nvalues = 4376                        
# units = specified
# name 0 = scan: Scan Count
# name 1 = prdM: Pressure, Strain Gauge [db]
# name 2 = tv290C: Temperature [ITS-90, deg C]
# name 3 = c0S/m: Conductivity [S/m]
# name 4 = sal00: Salinity, Practical [PSU]
# name 5 = sigma-t00: Density [sigma-t, kg/m^3 ]
# name 6 = flag: flag
# span 0 =          1,       4376       
# span 1 =     -0.210,    103.042       
# span 2 =     1.0611,     4.8046       
# span 3 =   0.006184,   2.964525       
# span 4 =     0.0460,    32.3297       
# span 5 =     0.0069,    25.8883       
# span 6 = 0.0000e+00, 0.0000e+00       
# interval = seconds: 1
# start_time = May 07 2021 13:06:42 [Instrument's time stamp, header]
# bad_flag = -9.990e-29
*END*
[from data line 206]
        207     -0.164     4.5015   0.006961     0.0523     0.0149 0.0000e+00
        208     -0.162     4.5008   0.006956     0.0522     0.0149 0.0000e+00
        209     -0.161     4.5002   0.006943     0.0521     0.0148 0.0000e+00
        210     -0.164     4.4996   0.006938     0.0521     0.0148 0.0000e+00
        211     -0.168     4.4989   0.006928     0.0520     0.0148 0.0000e+00
        212     -0.168     4.4982   0.006929     0.0520     0.0148 0.0000e+00
        213     -0.165     4.4975   0.006948     0.0522     0.0149 0.0000e+00
        214     -0.161     4.4966   0.006958     0.0522     0.0150 0.0000e+00
        215     -0.158     4.4958   0.006960     0.0522     0.0150 0.0000e+00
        216     -0.159     4.4952   0.006958     0.0522     0.0150 0.0000e+00
        217     -0.162     4.4946   0.006963     0.0523     0.0150 0.0000e+00
        218     -0.167     4.4939   0.006964     0.0523     0.0150 0.0000e+00
        219     -0.170     4.4932   0.006955     0.0522     0.0150 0.0000e+00
        220     -0.171     4.4924   0.006953     0.0522     0.0150 0.0000e+00
        221     -0.171     4.4917   0.006957     0.0522     0.0150 0.0000e+00
        222     -0.168     4.4913   0.006951     0.0522     0.0150 0.0000e+00
        223     -0.165     4.4906   0.006928     0.0520     0.0148 0.0000e+00
        224     -0.163     4.4897   0.006911     0.0519     0.0147 0.0000e+00
        225     -0.162     4.4889   0.006915     0.0519     0.0148 0.0000e+00
        226     -0.164     4.4882   0.006924     0.0520     0.0148 0.0000e+00
        227     -0.166     4.4876   0.006933     0.0521     0.0149 0.0000e+00
        228     -0.167     4.4870   0.006942     0.0521     0.0150 0.0000e+00
        229     -0.167     4.4863   0.006945     0.0521     0.0150 0.0000e+00
        230     -0.169     4.4854   0.006947     0.0522     0.0150 0.0000e+00
        231     -0.172     4.4846   0.006946     0.0522     0.0150 0.0000e+00
        232     -0.171     4.4839   0.006932     0.0520     0.0149 0.0000e+00
        233     -0.167     4.4833   0.006922     0.0520     0.0149 0.0000e+00
        234     -0.163     4.4825   0.006937     0.0521     0.0150 0.0000e+00
        235     -0.165     4.4817   0.006963     0.0523     0.0151 0.0000e+00
        236     -0.169     4.4810   0.006972     0.0524     0.0152 0.0000e+00
        237     -0.169     4.4802   0.006952     0.0522     0.0151 0.0000e+00
        238     -0.169     4.4794   0.006929     0.0520     0.0149 0.0000e+00
        239     -0.171     4.4787   0.006925     0.0520     0.0149 0.0000e+00
        240     -0.170     4.4779   0.006921     0.0520     0.0149 0.0000e+00
        241     -0.169     4.4773   0.006921     0.0520     0.0149 0.0000e+00
        242     -0.170     4.4767   0.006933     0.0521     0.0150 0.0000e+00
        243     -0.171     4.4760   0.006939     0.0521     0.0150 0.0000e+00
        244     -0.172     4.4753   0.006936     0.0521     0.0150 0.0000e+00
        245     -0.173     4.4745   0.006930     0.0520     0.0150 0.0000e+00
        246     -0.173     4.4737   0.006925     0.0520     0.0150 0.0000e+00
        247     -0.170     4.4730   0.006927     0.0520     0.0150 0.0000e+00
        248     -0.166     4.4723   0.006926     0.0520     0.0150 0.0000e+00
        249     -0.166     4.4717   0.006919     0.0520     0.0149 0.0000e+00
        250     -0.169     4.4710   0.006909     0.0519     0.0149 0.0000e+00
        251     -0.171     4.4702   0.006906     0.0519     0.0149 0.0000e+00
        252     -0.173     4.4695   0.006928     0.0520     0.0150 0.0000e+00
        253     -0.173     4.4689   0.006971     0.0524     0.0153 0.0000e+00
        254     -0.171     4.4682   0.007002     0.0526     0.0155 0.0000e+00
        255     -0.170     4.4673   0.006998     0.0526     0.0155 0.0000e+00
        256     -0.168     4.4665   0.006965     0.0523     0.0153 0.0000e+00
        257     -0.167     4.4657   0.006932     0.0521     0.0151 0.0000e+00
        258     -0.167     4.4650   0.006925     0.0520     0.0150 0.0000e+00
        259     -0.167     4.4644   0.006927     0.0520     0.0151 0.0000e+00
        260     -0.169     4.4638   0.006921     0.0520     0.0150 0.0000e+00
        261     -0.170     4.4631   0.006924     0.0520     0.0151 0.0000e+00
        262     -0.168     4.4623   0.006927     0.0520     0.0151 0.0000e+00
        263     -0.164     4.4616   0.006928     0.0520     0.0151 0.0000e+00
        264     -0.162     4.4610   0.006923     0.0520     0.0151 0.0000e+00
        265     -0.163     4.4604   0.006918     0.0520     0.0150 0.0000e+00
        266     -0.165     4.4595   0.006930     0.0521     0.0151 0.0000e+00
        267     -0.167     4.4585   0.006934     0.0521     0.0152 0.0000e+00
        268     -0.167     4.4577   0.006919     0.0520     0.0151 0.0000e+00
        269     -0.166     4.4570   0.006907     0.0519     0.0150 0.0000e+00
        270     -0.166     4.4564   0.006909     0.0519     0.0150 0.0000e+00
        271     -0.168     4.4556   0.006921     0.0520     0.0151 0.0000e+00
        272     -0.171     4.4547   0.006935     0.0521     0.0152 0.0000e+00
        273     -0.172     4.4539   0.006935     0.0521     0.0152 0.0000e+00
        274     -0.171     4.4532   0.006926     0.0520     0.0152 0.0000e+00
        275     -0.171     4.4524   0.006920     0.0520     0.0151 0.0000e+00
        276     -0.172     4.4514   0.006909     0.0519     0.0151 0.0000e+00
        277     -0.173     4.4504   0.006900     0.0518     0.0150 0.0000e+00
        278     -0.173     4.4495   0.006898     0.0518     0.0150 0.0000e+00
        279     -0.172     4.4486   0.006907     0.0519     0.0151 0.0000e+00
        280     -0.170     4.4480   0.006923     0.0520     0.0152 0.0000e+00
        281     -0.166     4.4473   0.006930     0.0521     0.0152 0.0000e+00
        282     -0.162     4.4465   0.006930     0.0521     0.0152 0.0000e+00
        283     -0.161     4.4455   0.006926     0.0520     0.0152 0.0000e+00
        284     -0.164     4.4445   0.006922     0.0520     0.0152 0.0000e+00
        285     -0.165     4.4437   0.006918     0.0520     0.0152 0.0000e+00
        286     -0.165     4.4429   0.006917     0.0520     0.0152 0.0000e+00
        287     -0.167     4.4421   0.006910     0.0519     0.0151 0.0000e+00
        288     -0.167     4.4414   0.006896     0.0518     0.0151 0.0000e+00
        289     -0.169     4.4407   0.006896     0.0518     0.0151 0.0000e+00
        290     -0.171     4.4402   0.006903     0.0519     0.0151 0.0000e+00
        291     -0.172     4.4394   0.006906     0.0519     0.0151 0.0000e+00
        292     -0.173     4.4385   0.006903     0.0519     0.0151 0.0000e+00
        293     -0.175     4.4378   0.006891     0.0518     0.0151 0.0000e+00
        294     -0.178     4.4369   0.006878     0.0517     0.0150 0.0000e+00
        295     -0.177     4.4361   0.006878     0.0517     0.0150 0.0000e+00
        296     -0.174     4.4355   0.006893     0.0518     0.0151 0.0000e+00
        297     -0.172     4.4347   0.006902     0.0519     0.0152 0.0000e+00
        298     -0.171     4.4340   0.006900     0.0519     0.0152 0.0000e+00
        299     -0.171     4.4333   0.006890     0.0518     0.0151 0.0000e+00
        300     -0.171     4.4326   0.006872     0.0516     0.0150 0.0000e+00
        301     -0.173     4.4318   0.006876     0.0517     0.0150 0.0000e+00
        302     -0.173     4.4310   0.006899     0.0519     0.0152 0.0000e+00
        303     -0.172     4.4305   0.006906     0.0519     0.0152 0.0000e+00
        304     -0.171     4.4298   0.006897     0.0518     0.0152 0.0000e+00
        305     -0.170     4.4289   0.006884     0.0517     0.0151 0.0000e+00
        306     -0.170     4.4282   0.006876     0.0517     0.0151 0.0000e+00
        307     -0.171     4.4276   0.006883     0.0517     0.0151 0.0000e+00
        308     -0.173     4.4268   0.006893     0.0518     0.0152 0.0000e+00
        309     -0.174     4.4261   0.006892     0.0518     0.0152 0.0000e+00
        310     -0.174     4.4254   0.006883     0.0517     0.0151 0.0000e+00
        311     -0.175     4.4249   0.006879     0.0517     0.0151 0.0000e+00
        312     -0.175     4.4242   0.006874     0.0517     0.0151 0.0000e+00
        313     -0.173     4.4234   0.006878     0.0517     0.0151 0.0000e+00
        314     -0.174     4.4227   0.006899     0.0519     0.0152 0.0000e+00
        315     -0.175     4.4221   0.006915     0.0520     0.0153 0.0000e+00
        316     -0.173     4.4215   0.006915     0.0520     0.0153 0.0000e+00
        317     -0.169     4.4208   0.006907     0.0519     0.0153 0.0000e+00
        318     -0.168     4.4202   0.006899     0.0519     0.0153 0.0000e+00
        319     -0.172     4.4196   0.006880     0.0517     0.0151 0.0000e+00
        320     -0.176     4.4189   0.006856     0.0515     0.0150 0.0000e+00
        321     -0.179     4.4183   0.006858     0.0516     0.0150 0.0000e+00
        322     -0.180     4.4176   0.006869     0.0516     0.0151 0.0000e+00
        323     -0.181     4.4170   0.006867     0.0516     0.0151 0.0000e+00
        324     -0.180     4.4164   0.006868     0.0516     0.0151 0.0000e+00
        325     -0.179     4.4159   0.006886     0.0518     0.0152 0.0000e+00
        326     -0.181     4.4153   0.006897     0.0519     0.0153 0.0000e+00
        327     -0.184     4.4147   0.006878     0.0517     0.0152 0.0000e+00
        328     -0.182     4.4140   0.006857     0.0515     0.0150 0.0000e+00
        329     -0.177     4.4135   0.006875     0.0517     0.0152 0.0000e+00
        330     -0.175     4.4131   0.006907     0.0519     0.0154 0.0000e+00
        331     -0.176     4.4125   0.006910     0.0520     0.0154 0.0000e+00
        332     -0.179     4.4120   0.006898     0.0519     0.0153 0.0000e+00
        333     -0.180     4.4112   0.006887     0.0518     0.0153 0.0000e+00
        334     -0.176     4.4107   0.006866     0.0516     0.0151 0.0000e+00
        335     -0.173     4.4103   0.006846     0.0515     0.0150 0.0000e+00
        336     -0.173     4.4099   0.006851     0.0515     0.0150 0.0000e+00
        337     -0.173     4.4093   0.006872     0.0517     0.0152 0.0000e+00
        338     -0.172     4.4087   0.006887     0.0518     0.0153 0.0000e+00
        339     -0.171     4.4083   0.006876     0.0517     0.0152 0.0000e+00
        340     -0.171     4.4077   0.006857     0.0516     0.0151 0.0000e+00
        341     -0.173     4.4071   0.006854     0.0515     0.0151 0.0000e+00
        342     -0.175     4.4066   0.006873     0.0517     0.0152 0.0000e+00
        343     -0.176     4.4060   0.006895     0.0519     0.0153 0.0000e+00
        344     -0.176     4.4055   0.006894     0.0518     0.0153 0.0000e+00
        345     -0.176     4.4051   0.006881     0.0517     0.0153 0.0000e+00
        346     -0.179     4.4047   0.006873     0.0517     0.0152 0.0000e+00
        347     -0.181     4.4042   0.006870     0.0517     0.0152 0.0000e+00
        348     -0.179     4.4037   0.006879     0.0517     0.0153 0.0000e+00
        349     -0.177     4.4031   0.006912     0.0520     0.0155 0.0000e+00
        350     -0.178     4.4026   0.006926     0.0521     0.0156 0.0000e+00
        351     -0.178     4.4022   0.006908     0.0520     0.0155 0.0000e+00
        352     -0.177     4.4017   0.006888     0.0518     0.0153 0.0000e+00
        353     -0.180     4.4013   0.006878     0.0517     0.0153 0.0000e+00
        354     -0.181     4.4009   0.006880     0.0517     0.0153 0.0000e+00
        355     -0.180     4.4003   0.006892     0.0518     0.0154 0.0000e+00
        356     -0.179     4.3999   0.006900     0.0519     0.0154 0.0000e+00
        357     -0.175     4.3993   0.006913     0.0520     0.0155 0.0000e+00
        358     -0.172     4.3988   0.006919     0.0520     0.0156 0.0000e+00
        359     -0.173     4.3985   0.006909     0.0520     0.0155 0.0000e+00
        360     -0.173     4.3981   0.006894     0.0519     0.0154 0.0000e+00
        361     -0.171     4.3977   0.006883     0.0518     0.0153 0.0000e+00
        362     -0.171     4.3972   0.006881     0.0518     0.0153 0.0000e+00
        363     -0.175     4.3967   0.006885     0.0518     0.0154 0.0000e+00
        364     -0.179     4.3963   0.006897     0.0519     0.0154 0.0000e+00
        365     -0.180     4.3959   0.006902     0.0519     0.0155 0.0000e+00
        366     -0.178     4.3955   0.006896     0.0519     0.0154 0.0000e+00
        367     -0.177     4.3950   0.006895     0.0519     0.0154 0.0000e+00
        368     -0.179     4.3945   0.006892     0.0518     0.0154 0.0000e+00
        369     -0.181     4.3940   0.006883     0.0518     0.0154 0.0000e+00
        370     -0.179     4.3935   0.006884     0.0518     0.0154 0.0000e+00
        371     -0.179     4.3930   0.006900     0.0519     0.0155 0.0000e+00
        372     -0.180     4.3925   0.006901     0.0519     0.0155 0.0000e+00
        373     -0.182     4.3920   0.006899     0.0519     0.0155 0.0000e+00
        374     -0.183     4.3915   0.006906     0.0520     0.0155 0.0000e+00
        375     -0.183     4.3910   0.006908     0.0520     0.0155 0.0000e+00
        376     -0.181     4.3905   0.006906     0.0520     0.0155 0.0000e+00
        377     -0.178     4.3901   0.006903     0.0519     0.0155 0.0000e+00
        378     -0.179     4.3895   0.006902     0.0519     0.0155 0.0000e+00
        379     -0.181     4.3888   0.006898     0.0519     0.0155 0.0000e+00
        380     -0.179     4.3884   0.006886     0.0518     0.0154 0.0000e+00
        381     -0.178     4.3880   0.006882     0.0518     0.0154 0.0000e+00
        382     -0.180     4.3875   0.006885     0.0518     0.0154 0.0000e+00
        383     -0.182     4.3869   0.006880     0.0518     0.0154 0.0000e+00
        384     -0.184     4.3864   0.006881     0.0518     0.0154 0.0000e+00
        385     -0.184     4.3857   0.006887     0.0518     0.0155 0.0000e+00
        386     -0.183     4.3850   0.006880     0.0518     0.0154 0.0000e+00
        387     -0.182     4.3845   0.006872     0.0517     0.0154 0.0000e+00
        388     -0.181     4.3841   0.006872     0.0517     0.0154 0.0000e+00
        389     -0.179     4.3836   0.006865     0.0516     0.0153 0.0000e+00
        390     -0.179     4.3829   0.006859     0.0516     0.0153 0.0000e+00
        391     -0.179     4.3822   0.006864     0.0516     0.0153 0.0000e+00
        392     -0.179     4.3816   0.006871     0.0517     0.0154 0.0000e+00
        393     -0.180     4.3810   0.006873     0.0517     0.0154 0.0000e+00
        394     -0.179     4.3804   0.006869     0.0517     0.0154 0.0000e+00
        395     -0.177     4.3798   0.006870     0.0517     0.0154 0.0000e+00
        396     -0.175     4.3792   0.006880     0.0518     0.0155 0.0000e+00
        397     -0.177     4.3786   0.006886     0.0518     0.0155 0.0000e+00
        398     -0.177     4.3781   0.006899     0.0519     0.0156 0.0000e+00
        399     -0.175     4.3775   0.006898     0.0519     0.0156 0.0000e+00
        400     -0.174     4.3767   0.006864     0.0516     0.0154 0.0000e+00
        401     -0.173     4.3760   0.006838     0.0514     0.0152 0.0000e+00
        402     -0.173     4.3754   0.006845     0.0515     0.0153 0.0000e+00
        403     -0.174     4.3746   0.006857     0.0516     0.0153 0.0000e+00
        404     -0.176     4.3741   0.006848     0.0515     0.0153 0.0000e+00
        405     -0.177     4.3735   0.006841     0.0515     0.0153 0.0000e+00
        406     -0.176     4.3729   0.006861     0.0516     0.0154 0.0000e+00
        407     -0.174     4.3723   0.006878     0.0518     0.0155 0.0000e+00
        408     -0.174     4.3716   0.006869     0.0517     0.0154 0.0000e+00
        409     -0.175     4.3710   0.006842     0.0515     0.0153 0.0000e+00
        410     -0.179     4.3704   0.006812     0.0513     0.0151 0.0000e+00
