Datasets/Test_Dataset_39219_tow/originals/tel219_2021_078.cnv
* Sea-Bird SBE19plus Data File:
* Filename = C:/AQUIRE/tel219_2021_078.hex
* Software Version AquireV2 AF V2.0
* Temperature SN =  4020
* Conductivity SN =  4020
* System UpLoad Time = May 16 2021 07:00:04
** VESSEL/TRIP/SEQ STN: tel219_2021_078
** LATITUDE: 45 33.48 N
** LONGITUDE: 55 45.68 W
** DATE/TIME: 2021-05-16 06:21
** SOUNDING DEPTH (M): 0049
** PROBE TYPE: S4020
** CTD NUMBER:  78
** FORMAT: T
** COMMENTS: 
# nquan = 7                                 
# nvalues = 2260                        
# units = specified
# name 0 = scan: Scan Count
# name 1 = prdM: Pressure, Strain Gauge [db]
# name 2 = tv290C: Temperature [ITS-90, deg C]
# name 3 = c0S/m: Conductivity [S/m]
# name 4 = sal00: Salinity, Practical [PSU]
# name 5 = sigma-t00: Density [sigma-t, kg/m^3 ]
# name 6 = flag: flag
# span 0 =          1,       2260       
# span 1 =     -0.068,     44.914       
# span 2 =     3.6414,     4.5481       
# span 3 =   0.011212,   3.050491       
# span 4 =     0.0858,    32.2554       
# span 5 =     0.0437,    25.6365       
# span 6 = 0.0000e+00, 0.0000e+00       
# interval = seconds: 1
# start_time = May 16 2021 06:21:52 [Instrument's time stamp, header]
# bad_flag = -9.990e-29
*END*
[from data line 2052]
       2053     -0.046     4.2295   0.011852     0.0909     0.0478 0.0000e+00
       2054     -0.046     4.2294   0.011811     0.0906     0.0476 0.0000e+00
       2055     -0.046     4.2294   0.011774     0.0903     0.0473 0.0000e+00
       2056     -0.044     4.2295   0.011745     0.0901     0.0471 0.0000e+00
       2057     -0.040     4.2298   0.011719     0.0899     0.0470 0.0000e+00
       2058     -0.039     4.2301   0.011679     0.0895     0.0467 0.0000e+00
       2059     -0.041     4.2301   0.011623     0.0891     0.0464 0.0000e+00
       2060     -0.044     4.2301   0.011578     0.0887     0.0461 0.0000e+00
       2061     -0.045     4.2301   0.011555     0.0886     0.0459 0.0000e+00
       2062     -0.043     4.2302   0.011534     0.0884     0.0458 0.0000e+00
       2063     -0.042     4.2303   0.011498     0.0881     0.0456 0.0000e+00
       2064     -0.044     4.2305   0.011459     0.0878     0.0453 0.0000e+00
       2065     -0.046     4.2306   0.011513     0.0882     0.0457 0.0000e+00
       2066     -0.045     4.2306   0.011828     0.0907     0.0477 0.0000e+00
       2067     -0.041     4.2306   0.012209     0.0937     0.0501 0.0000e+00
       2068     -0.039     4.2308   0.012306     0.0945     0.0507 0.0000e+00
       2069     -0.041     4.2313   0.012387     0.0952     0.0512 0.0000e+00
       2070     -0.046     4.2317   0.012577     0.0967     0.0524 0.0000e+00
       2071     -0.047     4.2317   0.012579     0.0967     0.0525 0.0000e+00
       2072     -0.044     4.2319   0.012450     0.0957     0.0516 0.0000e+00
       2073     -0.043     4.2325   0.012344     0.0948     0.0510 0.0000e+00
       2074     -0.044     4.2328   0.012257     0.0941     0.0504 0.0000e+00
       2075     -0.044     4.2326   0.012184     0.0935     0.0499 0.0000e+00
       2076     -0.044     4.2325   0.012116     0.0930     0.0495 0.0000e+00
       2077     -0.045     4.2325   0.012054     0.0925     0.0491 0.0000e+00
       2078     -0.047     4.2325   0.012000     0.0921     0.0488 0.0000e+00
       2079     -0.050     4.2325   0.011944     0.0916     0.0484 0.0000e+00
       2080     -0.046     4.2325   0.011886     0.0912     0.0480 0.0000e+00
       2081     -0.041     4.2325   0.011839     0.0908     0.0477 0.0000e+00
       2082     -0.042     4.2324   0.011796     0.0905     0.0475 0.0000e+00
       2083     -0.045     4.2323   0.011746     0.0901     0.0471 0.0000e+00
       2084     -0.047     4.2323   0.011695     0.0897     0.0468 0.0000e+00
       2085     -0.050     4.2322   0.011653     0.0893     0.0465 0.0000e+00
       2086     -0.053     4.2321   0.011622     0.0891     0.0463 0.0000e+00
       2087     -0.054     4.2321   0.011589     0.0888     0.0461 0.0000e+00
       2088     -0.052     4.2323   0.011550     0.0885     0.0459 0.0000e+00
       2089     -0.047     4.2327   0.011504     0.0882     0.0456 0.0000e+00
       2090     -0.044     4.2329   0.011459     0.0878     0.0453 0.0000e+00
       2091     -0.044     4.2331   0.011429     0.0876     0.0451 0.0000e+00
       2092     -0.045     4.2332   0.011412     0.0874     0.0450 0.0000e+00
       2093     -0.043     4.2334   0.011388     0.0872     0.0448 0.0000e+00
       2094     -0.038     4.2336   0.011341     0.0869     0.0445 0.0000e+00
       2095     -0.035     4.2336   0.011286     0.0864     0.0442 0.0000e+00
       2096     -0.036     4.2334   0.011247     0.0861     0.0440 0.0000e+00
       2097     -0.041     4.2333   0.011225     0.0860     0.0438 0.0000e+00
       2098     -0.044     4.2333   0.011212     0.0858     0.0437 0.0000e+00
       2099     -0.045     4.2334   0.011214     0.0859     0.0437 0.0000e+00
       2100     -0.045     4.2338   0.011311     0.0866     0.0444 0.0000e+00
       2101     -0.045     4.2341   0.011797     0.0905     0.0475 0.0000e+00
       2102     -0.045     4.2346   0.012849     0.0988     0.0542 0.0000e+00
       2103     -0.046     4.2348   0.014243     0.1099     0.0631 0.0000e+00
       2104     -0.048     4.2348   0.015509     0.1200     0.0713 0.0000e+00
       2105     -0.051     4.2348   0.016353     0.1268     0.0767 0.0000e+00
       2106     -0.052     4.2348   0.016881     0.1310     0.0801 0.0000e+00
       2107     -0.052     4.2346   0.017215     0.1337     0.0823 0.0000e+00
       2108     -0.054     4.2344   0.017675     0.1374     0.0853 0.0000e+00
       2109     -0.055     4.2344   0.018626     0.1450     0.0914 0.0000e+00
       2110     -0.053     4.2342   0.019809     0.1546     0.0991 0.0000e+00
       2111     -0.052     4.2340   0.020709     0.1619     0.1050 0.0000e+00
       2112     -0.054     4.2340   0.021403     0.1675     0.1095 0.0000e+00
       2113     -0.054     4.2340   0.022329     0.1750     0.1155 0.0000e+00
       2114     -0.053     4.2342   0.023171     0.1818     0.1210 0.0000e+00
       2115     -0.051     4.2343   0.023455     0.1841     0.1229 0.0000e+00
       2116     -0.049     4.2344   0.023593     0.1852     0.1238 0.0000e+00
       2117     -0.047     4.2344   0.023848     0.1873     0.1255 0.0000e+00
       2118     -0.047     4.2344   0.023906     0.1878     0.1259 0.0000e+00
       2119     -0.049     4.2344   0.023701     0.1861     0.1245 0.0000e+00
       2120     -0.053     4.2343   0.023588     0.1852     0.1238 0.0000e+00
       2121     -0.055     4.2341   0.023870     0.1875     0.1256 0.0000e+00
       2122     -0.054     4.2340   0.024388     0.1917     0.1290 0.0000e+00
       2123     -0.053     4.2340   0.024841     0.1954     0.1320 0.0000e+00
       2124     -0.054     4.2341   0.025177     0.1982     0.1342 0.0000e+00
       2125     -0.054     4.2341   0.025495     0.2007     0.1363 0.0000e+00
       2126     -0.050     4.2341   0.025787     0.2031     0.1382 0.0000e+00
       2127     -0.047     4.2341   0.026006     0.2049     0.1396 0.0000e+00
       2128     -0.048     4.2341   0.026177     0.2063     0.1408 0.0000e+00
       2129     -0.049     4.2341   0.026321     0.2075     0.1417 0.0000e+00
       2130     -0.048     4.2341   0.026449     0.2085     0.1426 0.0000e+00
       2131     -0.046     4.2343   0.026584     0.2096     0.1434 0.0000e+00
       2132     -0.046     4.2344   0.026676     0.2104     0.1441 0.0000e+00
       2133     -0.048     4.2344   0.026628     0.2100     0.1437 0.0000e+00
       2134     -0.051     4.2346   0.026427     0.2084     0.1424 0.0000e+00
       2135     -0.053     4.2346   0.026200     0.2065     0.1409 0.0000e+00
       2136     -0.053     4.2347   0.026119     0.2058     0.1404 0.0000e+00
       2137     -0.052     4.2348   0.026191     0.2064     0.1409 0.0000e+00
       2138     -0.051     4.2348   0.026177     0.2063     0.1408 0.0000e+00
       2139     -0.051     4.2351   0.025953     0.2045     0.1393 0.0000e+00
       2140     -0.051     4.2354   0.025750     0.2028     0.1380 0.0000e+00
       2141     -0.050     4.2356   0.025763     0.2029     0.1380 0.0000e+00
       2142     -0.050     4.2359   0.025824     0.2034     0.1384 0.0000e+00
       2143     -0.050     4.2362   0.025758     0.2029     0.1380 0.0000e+00
       2144     -0.049     4.2363   0.025664     0.2021     0.1374 0.0000e+00
       2145     -0.048     4.2363   0.025648     0.2020     0.1373 0.0000e+00
       2146     -0.047     4.2363   0.025679     0.2022     0.1375 0.0000e+00
       2147     -0.048     4.2364   0.025750     0.2028     0.1379 0.0000e+00
       2148     -0.050     4.2365   0.025854     0.2037     0.1386 0.0000e+00
       2149     -0.051     4.2366   0.025893     0.2040     0.1389 0.0000e+00
       2150     -0.051     4.2365   0.025803     0.2032     0.1383 0.0000e+00
       2151     -0.053     4.2364   0.025672     0.2022     0.1374 0.0000e+00
       2152     -0.055     4.2364   0.025620     0.2018     0.1371 0.0000e+00
       2153     -0.055     4.2366   0.025625     0.2018     0.1371 0.0000e+00
       2154     -0.054     4.2367   0.025617     0.2017     0.1371 0.0000e+00
       2155     -0.057     4.2367   0.025613     0.2017     0.1370 0.0000e+00
       2156     -0.058     4.2368   0.025595     0.2015     0.1369 0.0000e+00
       2157     -0.057     4.2369   0.025488     0.2007     0.1362 0.0000e+00
       2158     -0.057     4.2370   0.025362     0.1996     0.1354 0.0000e+00
       2159     -0.058     4.2370   0.025346     0.1995     0.1353 0.0000e+00
       2160     -0.058     4.2370   0.025379     0.1998     0.1355 0.0000e+00
       2161     -0.055     4.2371   0.025320     0.1993     0.1351 0.0000e+00
       2162     -0.053     4.2371   0.025219     0.1985     0.1344 0.0000e+00
       2163     -0.055     4.2371   0.025220     0.1985     0.1345 0.0000e+00
       2164     -0.055     4.2372   0.025277     0.1990     0.1348 0.0000e+00
       2165     -0.053     4.2377   0.025246     0.1987     0.1346 0.0000e+00
       2166     -0.050     4.2384   0.025129     0.1977     0.1338 0.0000e+00
       2167     -0.048     4.2393   0.024980     0.1965     0.1329 0.0000e+00
       2168     -0.049     4.2402   0.024785     0.1949     0.1316 0.0000e+00
       2169     -0.052     4.2409   0.024569     0.1932     0.1301 0.0000e+00
       2170     -0.053     4.2412   0.024383     0.1916     0.1289 0.0000e+00
       2171     -0.053     4.2414   0.024240     0.1905     0.1280 0.0000e+00
       2172     -0.052     4.2417   0.024156     0.1898     0.1274 0.0000e+00
       2173     -0.052     4.2421   0.024177     0.1900     0.1276 0.0000e+00
       2174     -0.056     4.2423   0.024253     0.1906     0.1281 0.0000e+00
       2175     -0.057     4.2424   0.024220     0.1903     0.1278 0.0000e+00
       2176     -0.054     4.2429   0.023967     0.1882     0.1262 0.0000e+00
       2177     -0.051     4.2435   0.023539     0.1848     0.1234 0.0000e+00
       2178     -0.049     4.2443   0.023207     0.1821     0.1212 0.0000e+00
       2179     -0.050     4.2449   0.023225     0.1822     0.1213 0.0000e+00
       2180     -0.052     4.2453   0.023505     0.1845     0.1231 0.0000e+00
       2181     -0.054     4.2454   0.023722     0.1862     0.1246 0.0000e+00
       2182     -0.057     4.2454   0.023654     0.1857     0.1241 0.0000e+00
       2183     -0.060     4.2454   0.023414     0.1837     0.1225 0.0000e+00
       2184     -0.061     4.2454   0.023282     0.1827     0.1217 0.0000e+00
       2185     -0.061     4.2452   0.023348     0.1832     0.1221 0.0000e+00
       2186     -0.061     4.2451   0.023499     0.1844     0.1231 0.0000e+00
       2187     -0.059     4.2451   0.023648     0.1856     0.1241 0.0000e+00
       2188     -0.057     4.2450   0.023743     0.1864     0.1247 0.0000e+00
       2189     -0.057     4.2451   0.023700     0.1861     0.1244 0.0000e+00
       2190     -0.057     4.2451   0.023518     0.1846     0.1232 0.0000e+00
       2191     -0.055     4.2453   0.023359     0.1833     0.1222 0.0000e+00
       2192     -0.053     4.2454   0.023326     0.1830     0.1220 0.0000e+00
       2193     -0.054     4.2456   0.023348     0.1832     0.1221 0.0000e+00
       2194     -0.057     4.2460   0.023363     0.1833     0.1222 0.0000e+00
       2195     -0.060     4.2461   0.023388     0.1835     0.1224 0.0000e+00
       2196     -0.061     4.2460   0.023397     0.1836     0.1224 0.0000e+00
       2197     -0.061     4.2458   0.023352     0.1832     0.1221 0.0000e+00
       2198     -0.064     4.2456   0.023252     0.1824     0.1215 0.0000e+00
       2199     -0.068     4.2455   0.023135     0.1815     0.1207 0.0000e+00
       2200     -0.067     4.2455   0.023103     0.1812     0.1205 0.0000e+00
       2201     -0.062     4.2455   0.023236     0.1823     0.1214 0.0000e+00
       2202     -0.058     4.2454   0.023460     0.1841     0.1228 0.0000e+00
       2203     -0.059     4.2454   0.023583     0.1851     0.1236 0.0000e+00
       2204     -0.063     4.2454   0.023523     0.1846     0.1233 0.0000e+00
       2205     -0.065     4.2454   0.023419     0.1838     0.1226 0.0000e+00
       2206     -0.064     4.2454   0.023447     0.1840     0.1228 0.0000e+00
       2207     -0.063     4.2452   0.023778     0.1867     0.1249 0.0000e+00
       2208     -0.062     4.2449   0.026370     0.2078     0.1419 0.0000e+00
       2209     -0.058     4.2447   0.034226     0.2724     0.1939 0.0000e+00
       2210     -0.053     4.2447   0.041054     0.3290     0.2395 0.0000e+00
       2211     -0.047     4.2447   0.038543     0.3082     0.2227 0.0000e+00
       2212     -0.043     4.2447   0.032263     0.2562     0.1809 0.0000e+00
       2213     -0.042     4.2447   0.028403     0.2245     0.1553 0.0000e+00
       2214     -0.043     4.2448   0.025995     0.2048     0.1395 0.0000e+00
       2215     -0.044     4.2450   0.024167     0.1899     0.1275 0.0000e+00
       2216     -0.043     4.2451   0.022795     0.1787     0.1185 0.0000e+00
       2217     -0.040     4.2451   0.021843     0.1710     0.1123 0.0000e+00
       2218     -0.040     4.2450   0.021105     0.1650     0.1075 0.0000e+00
       2219     -0.041     4.2448   0.020380     0.1591     0.1027 0.0000e+00
       2220     -0.041     4.2447   0.019709     0.1537     0.0984 0.0000e+00
       2221     -0.044     4.2447   0.019028     0.1482     0.0939 0.0000e+00
       2222     -0.050     4.2446   0.018313     0.1425     0.0893 0.0000e+00
       2223     -0.052     4.2445   0.017822     0.1385     0.0861 0.0000e+00
       2224     -0.052     4.2446   0.017556     0.1364     0.0844 0.0000e+00
       2225     -0.052     4.2447   0.017342     0.1347     0.0830 0.0000e+00
       2226     -0.053     4.2447   0.017145     0.1331     0.0817 0.0000e+00
       2227     -0.052     4.2447   0.016972     0.1317     0.0806 0.0000e+00
       2228     -0.051     4.2449   0.016813     0.1304     0.0796 0.0000e+00
       2229     -0.051     4.2451   0.016653     0.1291     0.0786 0.0000e+00
       2230     -0.050     4.2454   0.016486     0.1278     0.0775 0.0000e+00
       2231     -0.049     4.2460   0.016310     0.1264     0.0763 0.0000e+00
       2232     -0.049     4.2462   0.016132     0.1250     0.0752 0.0000e+00
       2233     -0.050     4.2463   0.015977     0.1237     0.0742 0.0000e+00
       2234     -0.053     4.2464   0.015848     0.1227     0.0734 0.0000e+00
       2235     -0.055     4.2466   0.015727     0.1217     0.0726 0.0000e+00
       2236     -0.056     4.2467   0.015593     0.1206     0.0717 0.0000e+00
       2237     -0.055     4.2470   0.015444     0.1194     0.0707 0.0000e+00
       2238     -0.052     4.2476   0.015297     0.1183     0.0698 0.0000e+00
       2239     -0.052     4.2479   0.015162     0.1172     0.0689 0.0000e+00
       2240     -0.056     4.2482   0.015044     0.1162     0.0682 0.0000e+00
       2241     -0.059     4.2484   0.014925     0.1153     0.0674 0.0000e+00
       2242     -0.057     4.2485   0.014800     0.1143     0.0666 0.0000e+00
       2243     -0.056     4.2485   0.014670     0.1133     0.0658 0.0000e+00
       2244     -0.056     4.2486   0.014541     0.1122     0.0649 0.0000e+00
       2245     -0.054     4.2489   0.014417     0.1112     0.0641 0.0000e+00
       2246     -0.053     4.2493   0.014304     0.1103     0.0634 0.0000e+00
       2247     -0.052     4.2494   0.014200     0.1095     0.0627 0.0000e+00
       2248     -0.053     4.2494   0.014106     0.1088     0.0621 0.0000e+00
       2249     -0.055     4.2493   0.014023     0.1081     0.0616 0.0000e+00
       2250     -0.055     4.2494   0.013934     0.1074     0.0610 0.0000e+00
       2251     -0.052     4.2496   0.013834     0.1066     0.0604 0.0000e+00
       2252     -0.050     4.2497   0.013746     0.1059     0.0598 0.0000e+00
       2253     -0.052     4.2502   0.013675     0.1053     0.0594 0.0000e+00
       2254     -0.052     4.2515   0.013592     0.1047     0.0588 0.0000e+00
       2255     -0.050     4.2532   0.013487     0.1038     0.0581 0.0000e+00
       2256     -0.048     4.2543   0.013378     0.1030     0.0574 0.0000e+00
