Datasets/Test_Dataset_39219_tow/originals/tel219_2021_040.cnv
* Sea-Bird SBE19plus Data File:
* Filename = C:/AQUIRE/tel219_2021_040.hex
* Software Version AquireV2 AF V2.0
* Temperature SN =  4020
* Conductivity SN =  4020
* System UpLoad Time = May 12 2021 01:40:01
** VESSEL/TRIP/SEQ STN: tel219_2021_040
** LATITUDE: 44 54.05 N
** LONGITUDE: 56 15.31 W
** DATE/TIME: 2021-05-12 00:39
** SOUNDING DEPTH (M): 0336
** PROBE TYPE: S4020
** CTD NUMBER:  40
** FORMAT: t
** COMMENTS: 
# nquan = 7                                 
# nvalues = 3661                        
# units = specified
# name 0 = scan: Scan Count
# name 1 = prdM: Pressure, Strain Gauge [db]
# name 2 = tv290C: Temperature [ITS-90, deg C]
# name 3 = c0S/m: Conductivity [S/m]
# name 4 = sal00: Salinity, Practical [PSU]
# name 5 = sigma-t00: Density [sigma-t, kg/m^3 ]
# name 6 = flag: flag
# span 0 =          1,       3661       
# span 1 =     -0.430,    340.873       
# span 2 =     4.3728,     9.5709       
# span 3 =   0.011744,   3.788525       
# span 4 =     0.0872,    35.2073       
# span 5 =     0.0175,    27.5487       
# span 6 = 0.0000e+00, 0.0000e+00       
# interval = seconds: 1
# start_time = May 12 2021 00:39:55 [Instrument's time stamp, header]
# bad_flag = -9.990e-29
*END*
[from data line 616]
        617     -0.139     5.4347   0.012762     0.0951     0.0346 0.0000e+00
        618     -0.141     5.4344   0.012777     0.0952     0.0347 0.0000e+00
        619     -0.142     5.4348   0.012810     0.0955     0.0349 0.0000e+00
        620     -0.141     5.4356   0.012841     0.0957     0.0351 0.0000e+00
        621     -0.140     5.4360   0.012861     0.0958     0.0352 0.0000e+00
        622     -0.141     5.4358   0.012857     0.0958     0.0352 0.0000e+00
        623     -0.142     5.4352   0.012817     0.0955     0.0350 0.0000e+00
        624     -0.139     5.4347   0.012766     0.0951     0.0347 0.0000e+00
        625     -0.135     5.4345   0.012734     0.0949     0.0345 0.0000e+00
        626     -0.133     5.4349   0.012730     0.0948     0.0344 0.0000e+00
        627     -0.132     5.4353   0.012737     0.0949     0.0345 0.0000e+00
        628     -0.131     5.4359   0.012741     0.0949     0.0345 0.0000e+00
        629     -0.130     5.4364   0.012748     0.0950     0.0345 0.0000e+00
        630     -0.130     5.4368   0.012766     0.0951     0.0346 0.0000e+00
        631     -0.131     5.4370   0.012791     0.0953     0.0347 0.0000e+00
        632     -0.131     5.4371   0.012805     0.0954     0.0348 0.0000e+00
        633     -0.132     5.4370   0.012784     0.0952     0.0347 0.0000e+00
        634     -0.134     5.4368   0.012753     0.0950     0.0345 0.0000e+00
        635     -0.134     5.4366   0.012753     0.0950     0.0345 0.0000e+00
        636     -0.132     5.4362   0.012790     0.0953     0.0348 0.0000e+00
        637     -0.132     5.4360   0.012840     0.0957     0.0351 0.0000e+00
        638     -0.135     5.4359   0.012865     0.0959     0.0352 0.0000e+00
        639     -0.137     5.4359   0.012855     0.0958     0.0352 0.0000e+00
        640     -0.135     5.4357   0.012822     0.0955     0.0350 0.0000e+00
        641     -0.134     5.4354   0.012765     0.0951     0.0346 0.0000e+00
        642     -0.137     5.4349   0.012696     0.0946     0.0342 0.0000e+00
        643     -0.140     5.4341   0.012662     0.0943     0.0340 0.0000e+00
        644     -0.142     5.4331   0.012688     0.0945     0.0342 0.0000e+00
        645     -0.145     5.4326   0.012731     0.0949     0.0345 0.0000e+00
        646     -0.142     5.4324   0.012731     0.0949     0.0345 0.0000e+00
        647     -0.137     5.4321   0.012672     0.0944     0.0341 0.0000e+00
        648     -0.135     5.4314   0.012616     0.0940     0.0338 0.0000e+00
        649     -0.135     5.4302   0.012613     0.0940     0.0338 0.0000e+00
        650     -0.137     5.4290   0.012642     0.0942     0.0340 0.0000e+00
        651     -0.138     5.4276   0.012669     0.0944     0.0342 0.0000e+00
        652     -0.136     5.4256   0.012696     0.0946     0.0344 0.0000e+00
        653     -0.133     5.4238   0.012716     0.0948     0.0346 0.0000e+00
        654     -0.132     5.4229   0.012698     0.0946     0.0345 0.0000e+00
        655     -0.132     5.4198   0.012641     0.0942     0.0343 0.0000e+00
        656     -0.133     5.4105   0.012612     0.0940     0.0343 0.0000e+00
        657     -0.136     5.3969   0.012682     0.0946     0.0351 0.0000e+00
        658     -0.140     5.3857   0.012809     0.0956     0.0361 0.0000e+00
        659     -0.143     5.3807   0.012920     0.0964     0.0369 0.0000e+00
        660     -0.141     5.3808   0.012998     0.0970     0.0374 0.0000e+00
        661     -0.138     5.3830   0.013050     0.0974     0.0377 0.0000e+00
        662     -0.137     5.3854   0.013064     0.0975     0.0377 0.0000e+00
        663     -0.135     5.3872   0.013031     0.0973     0.0375 0.0000e+00
        664     -0.131     5.3879   0.012996     0.0970     0.0372 0.0000e+00
        665     -0.129     5.3879   0.013000     0.0970     0.0372 0.0000e+00
        666     -0.130     5.3885   0.013007     0.0971     0.0373 0.0000e+00
        667     -0.132     5.3902   0.012993     0.0970     0.0371 0.0000e+00
        668     -0.133     5.3923   0.012979     0.0969     0.0370 0.0000e+00
        669     -0.136     5.3941   0.012962     0.0967     0.0369 0.0000e+00
        670     -0.140     5.3956   0.012937     0.0965     0.0367 0.0000e+00
        671     -0.140     5.3964   0.012925     0.0964     0.0366 0.0000e+00
        672     -0.140     5.3952   0.012939     0.0965     0.0367 0.0000e+00
        673     -0.145     5.3926   0.012951     0.0966     0.0368 0.0000e+00
        674     -0.148     5.3910   0.012942     0.0966     0.0368 0.0000e+00
        675     -0.148     5.3911   0.012937     0.0965     0.0368 0.0000e+00
        676     -0.147     5.3916   0.012962     0.0967     0.0369 0.0000e+00
        677     -0.143     5.3919   0.012998     0.0970     0.0371 0.0000e+00
        678     -0.140     5.3926   0.013020     0.0972     0.0373 0.0000e+00
        679     -0.140     5.3931   0.013011     0.0971     0.0372 0.0000e+00
        680     -0.141     5.3935   0.012972     0.0968     0.0369 0.0000e+00
        681     -0.143     5.3939   0.012933     0.0965     0.0367 0.0000e+00
        682     -0.144     5.3935   0.012924     0.0964     0.0366 0.0000e+00
        683     -0.142     5.3904   0.012983     0.0969     0.0371 0.0000e+00
        684     -0.140     5.3842   0.013115     0.0979     0.0380 0.0000e+00
        685     -0.137     5.3788   0.013242     0.0989     0.0390 0.0000e+00
        686     -0.135     5.3777   0.013292     0.0993     0.0393 0.0000e+00
        687     -0.137     5.3790   0.013274     0.0991     0.0391 0.0000e+00
        688     -0.138     5.3803   0.013224     0.0988     0.0388 0.0000e+00
        689     -0.135     5.3794   0.013198     0.0986     0.0387 0.0000e+00
        690     -0.132     5.3757   0.013235     0.0989     0.0390 0.0000e+00
        691     -0.132     5.3723   0.013303     0.0994     0.0395 0.0000e+00
        692     -0.134     5.3715   0.013375     0.0999     0.0399 0.0000e+00
        693     -0.134     5.3718   0.013454     0.1005     0.0404 0.0000e+00
        694     -0.132     5.3722   0.013494     0.1009     0.0407 0.0000e+00
        695     -0.131     5.3735   0.013467     0.1006     0.0405 0.0000e+00
        696     -0.132     5.3753   0.013392     0.1001     0.0400 0.0000e+00
        697     -0.134     5.3752   0.013305     0.0994     0.0394 0.0000e+00
        698     -0.134     5.3693   0.013311     0.0995     0.0396 0.0000e+00
        699     -0.133     5.3576   0.013453     0.1006     0.0408 0.0000e+00
        700     -0.132     5.3452   0.013610     0.1018     0.0420 0.0000e+00
        701     -0.136     5.3362   0.013730     0.1028     0.0430 0.0000e+00
        702     -0.142     5.3322   0.013825     0.1035     0.0437 0.0000e+00
        703     -0.143     5.3332   0.013857     0.1037     0.0438 0.0000e+00
        704     -0.139     5.3369   0.013831     0.1035     0.0436 0.0000e+00
        705     -0.136     5.3402   0.013788     0.1032     0.0432 0.0000e+00
        706     -0.136     5.3412   0.013770     0.1031     0.0431 0.0000e+00
        707     -0.139     5.3412   0.013788     0.1032     0.0432 0.0000e+00
        708     -0.141     5.3424   0.013813     0.1034     0.0433 0.0000e+00
        709     -0.139     5.3446   0.013830     0.1035     0.0434 0.0000e+00
        710     -0.137     5.3465   0.013828     0.1035     0.0433 0.0000e+00
        711     -0.137     5.3477   0.013796     0.1032     0.0431 0.0000e+00
        712     -0.141     5.3478   0.013761     0.1030     0.0429 0.0000e+00
        713     -0.146     5.3467   0.013762     0.1030     0.0429 0.0000e+00
        714     -0.147     5.3461   0.013794     0.1032     0.0431 0.0000e+00
        715     -0.144     5.3476   0.013828     0.1035     0.0433 0.0000e+00
        716     -0.140     5.3499   0.013850     0.1036     0.0434 0.0000e+00
        717     -0.137     5.3518   0.013863     0.1037     0.0434 0.0000e+00
        718     -0.136     5.3532   0.013861     0.1037     0.0434 0.0000e+00
        719     -0.137     5.3543   0.013862     0.1037     0.0434 0.0000e+00
        720     -0.141     5.3548   0.013886     0.1039     0.0435 0.0000e+00
        721     -0.144     5.3538   0.013935     0.1043     0.0438 0.0000e+00
        722     -0.143     5.3513   0.013975     0.1046     0.0441 0.0000e+00
        723     -0.142     5.3500   0.013953     0.1044     0.0440 0.0000e+00
        724     -0.143     5.3505   0.013897     0.1040     0.0437 0.0000e+00
        725     -0.143     5.3503   0.013883     0.1039     0.0436 0.0000e+00
        726     -0.143     5.3494   0.013921     0.1042     0.0438 0.0000e+00
        727     -0.144     5.3494   0.013970     0.1046     0.0441 0.0000e+00
        728     -0.145     5.3504   0.014006     0.1048     0.0443 0.0000e+00
        729     -0.147     5.3515   0.014018     0.1049     0.0444 0.0000e+00
        730     -0.148     5.3528   0.013987     0.1047     0.0442 0.0000e+00
        731     -0.146     5.3533   0.013939     0.1043     0.0439 0.0000e+00
        732     -0.143     5.3530   0.013912     0.1041     0.0437 0.0000e+00
        733     -0.144     5.3524   0.013876     0.1038     0.0435 0.0000e+00
        734     -0.145     5.3518   0.013818     0.1034     0.0432 0.0000e+00
        735     -0.144     5.3512   0.013781     0.1031     0.0429 0.0000e+00
        736     -0.142     5.3512   0.013798     0.1032     0.0430 0.0000e+00
        737     -0.143     5.3510   0.013880     0.1039     0.0436 0.0000e+00
        738     -0.144     5.3498   0.013965     0.1045     0.0441 0.0000e+00
        739     -0.142     5.3488   0.013986     0.1047     0.0443 0.0000e+00
        740     -0.140     5.3493   0.013944     0.1044     0.0440 0.0000e+00
        741     -0.140     5.3506   0.013871     0.1038     0.0435 0.0000e+00
        742     -0.142     5.3516   0.013817     0.1034     0.0432 0.0000e+00
        743     -0.145     5.3512   0.013830     0.1035     0.0432 0.0000e+00
        744     -0.145     5.3486   0.013903     0.1041     0.0438 0.0000e+00
        745     -0.142     5.3452   0.013977     0.1046     0.0443 0.0000e+00
        746     -0.140     5.3435   0.014006     0.1049     0.0445 0.0000e+00
        747     -0.141     5.3440   0.013995     0.1048     0.0444 0.0000e+00
        748     -0.143     5.3452   0.013970     0.1046     0.0443 0.0000e+00
        749     -0.145     5.3462   0.013952     0.1044     0.0441 0.0000e+00
        750     -0.145     5.3475   0.013966     0.1045     0.0442 0.0000e+00
        751     -0.144     5.3488   0.014000     0.1048     0.0443 0.0000e+00
        752     -0.145     5.3499   0.013999     0.1048     0.0443 0.0000e+00
        753     -0.145     5.3506   0.013947     0.1044     0.0440 0.0000e+00
        754     -0.145     5.3503   0.013888     0.1039     0.0436 0.0000e+00
        755     -0.144     5.3494   0.013849     0.1036     0.0434 0.0000e+00
        756     -0.141     5.3490   0.013827     0.1035     0.0433 0.0000e+00
        757     -0.140     5.3494   0.013827     0.1035     0.0433 0.0000e+00
        758     -0.142     5.3496   0.013844     0.1036     0.0434 0.0000e+00
        759     -0.144     5.3490   0.013869     0.1038     0.0435 0.0000e+00
        760     -0.144     5.3482   0.013875     0.1038     0.0436 0.0000e+00
        761     -0.143     5.3478   0.013841     0.1036     0.0434 0.0000e+00
        762     -0.143     5.3481   0.013793     0.1032     0.0431 0.0000e+00
        763     -0.146     5.3485   0.013761     0.1030     0.0429 0.0000e+00
        764     -0.149     5.3490   0.013753     0.1029     0.0428 0.0000e+00
        765     -0.150     5.3497   0.013750     0.1029     0.0428 0.0000e+00
        766     -0.152     5.3503   0.013738     0.1028     0.0427 0.0000e+00
        767     -0.153     5.3510   0.013698     0.1025     0.0424 0.0000e+00
        768     -0.153     5.3513   0.013635     0.1020     0.0420 0.0000e+00
        769     -0.151     5.3509   0.013612     0.1018     0.0419 0.0000e+00
        770     -0.150     5.3495   0.013668     0.1022     0.0423 0.0000e+00
        771     -0.150     5.3484   0.013749     0.1029     0.0428 0.0000e+00
        772     -0.148     5.3482   0.013772     0.1031     0.0430 0.0000e+00
        773     -0.142     5.3484   0.013706     0.1025     0.0425 0.0000e+00
        774     -0.138     5.3487   0.013604     0.1018     0.0419 0.0000e+00
        775     -0.138     5.3488   0.013543     0.1013     0.0415 0.0000e+00
        776     -0.139     5.3481   0.013546     0.1013     0.0416 0.0000e+00
        777     -0.142     5.3461   0.013593     0.1017     0.0419 0.0000e+00
        778     -0.145     5.3420   0.013689     0.1024     0.0426 0.0000e+00
        779     -0.145     5.3359   0.013834     0.1036     0.0436 0.0000e+00
        780     -0.145     5.3314   0.013942     0.1044     0.0444 0.0000e+00
        781     -0.146     5.3302   0.013943     0.1044     0.0444 0.0000e+00
        782     -0.146     5.3308   0.013889     0.1040     0.0441 0.0000e+00
        783     -0.145     5.3314   0.013858     0.1038     0.0439 0.0000e+00
        784     -0.145     5.3318   0.013864     0.1038     0.0439 0.0000e+00
        785     -0.143     5.3324   0.013871     0.1039     0.0439 0.0000e+00
        786     -0.141     5.3334   0.013856     0.1037     0.0438 0.0000e+00
        787     -0.142     5.3342   0.013835     0.1036     0.0437 0.0000e+00
        788     -0.145     5.3350   0.013809     0.1034     0.0435 0.0000e+00
        789     -0.148     5.3356   0.013783     0.1032     0.0433 0.0000e+00
        790     -0.148     5.3355   0.013771     0.1031     0.0433 0.0000e+00
        791     -0.150     5.3352   0.013759     0.1030     0.0432 0.0000e+00
        792     -0.152     5.3355   0.013737     0.1028     0.0430 0.0000e+00
        793     -0.151     5.3365   0.013725     0.1027     0.0429 0.0000e+00
        794     -0.149     5.3370   0.013733     0.1028     0.0430 0.0000e+00
        795     -0.147     5.3369   0.013760     0.1030     0.0432 0.0000e+00
        796     -0.147     5.3369   0.013779     0.1031     0.0433 0.0000e+00
        797     -0.147     5.3373   0.013765     0.1030     0.0432 0.0000e+00
        798     -0.144     5.3380   0.013726     0.1027     0.0429 0.0000e+00
        799     -0.142     5.3388   0.013683     0.1024     0.0426 0.0000e+00
        800     -0.145     5.3395   0.013627     0.1020     0.0423 0.0000e+00
        801     -0.148     5.3400   0.013548     0.1014     0.0418 0.0000e+00
        802     -0.148     5.3405   0.013472     0.1008     0.0413 0.0000e+00
        803     -0.146     5.3409   0.013455     0.1006     0.0412 0.0000e+00
        804     -0.146     5.3413   0.013516     0.1011     0.0415 0.0000e+00
        805     -0.146     5.3418   0.013586     0.1016     0.0420 0.0000e+00
        806     -0.145     5.3422   0.013581     0.1016     0.0419 0.0000e+00
        807     -0.143     5.3425   0.013499     0.1010     0.0414 0.0000e+00
        808     -0.145     5.3424   0.013400     0.1002     0.0408 0.0000e+00
        809     -0.149     5.3419   0.013327     0.0996     0.0404 0.0000e+00
        810     -0.150     5.3415   0.013286     0.0993     0.0401 0.0000e+00
        811     -0.148     5.3413   0.013287     0.0993     0.0401 0.0000e+00
        812     -0.144     5.3413   0.013328     0.0997     0.0404 0.0000e+00
        813     -0.144     5.3416   0.013359     0.0999     0.0406 0.0000e+00
        814     -0.145     5.3421   0.013354     0.0999     0.0405 0.0000e+00
        815     -0.148     5.3423   0.013313     0.0995     0.0403 0.0000e+00
        816     -0.152     5.3423   0.013248     0.0990     0.0399 0.0000e+00
        817     -0.153     5.3422   0.013179     0.0985     0.0394 0.0000e+00
        818     -0.152     5.3416   0.013132     0.0982     0.0392 0.0000e+00
        819     -0.150     5.3406   0.013109     0.0980     0.0391 0.0000e+00
        820     -0.146     5.3399   0.013090     0.0978     0.0390 0.0000e+00
