Datasets/Test_Dataset_39219_tow/originals/tel219_2021_010.cnv
* Sea-Bird SBE19plus Data File:
* Filename = C:/AQUIRE/tel219_2021_010.hex
* Software Version AquireV2 AF V2.0
* Temperature SN =  4020
* Conductivity SN =  4020
* System UpLoad Time = May 06 2021 19:14:00
** VESSEL/TRIP/SEQ STN: tel219_2021_010
** LATITUDE: 46 01.21 N
** LONGITUDE: 55 52.42 W
** DATE/TIME: 2021-05-06 18:29
** SOUNDING DEPTH (M): 0076
** PROBE TYPE: S4020
** CTD NUMBER: 010
** FORMAT: T
** COMMENTS: 
# nquan = 7                                 
# nvalues = 2742                        
# units = specified
# name 0 = scan: Scan Count
# name 1 = prdM: Pressure, Strain Gauge [db]
# name 2 = tv290C: Temperature [ITS-90, deg C]
# name 3 = c0S/m: Conductivity [S/m]
# name 4 = sal00: Salinity, Practical [PSU]
# name 5 = sigma-t00: Density [sigma-t, kg/m^3 ]
# name 6 = flag: flag
# span 0 =          1,       2742       
# span 1 =     -0.150,     71.403       
# span 2 =     1.2203,     3.6856       
# span 3 =   0.008465,   2.969765       
# span 4 =     0.0654,    32.2478       
# span 5 =     0.0259,    25.8164       
# span 6 = 0.0000e+00, 0.0000e+00       
# interval = seconds: 1
# start_time = May 06 2021 18:29:35 [Instrument's time stamp, header]
# bad_flag = -9.990e-29
*END*
[from data line 411]
        412     -0.135     3.6160   0.009711     0.0752     0.0347 0.0000e+00
        413     -0.135     3.6164   0.009716     0.0752     0.0348 0.0000e+00
        414     -0.138     3.6168   0.009716     0.0752     0.0348 0.0000e+00
        415     -0.143     3.6176   0.009726     0.0753     0.0348 0.0000e+00
        416     -0.145     3.6189   0.009742     0.0754     0.0349 0.0000e+00
        417     -0.145     3.6202   0.009758     0.0756     0.0351 0.0000e+00
        418     -0.144     3.6205   0.009766     0.0756     0.0351 0.0000e+00
        419     -0.143     3.6197   0.009746     0.0755     0.0350 0.0000e+00
        420     -0.140     3.6189   0.009718     0.0752     0.0348 0.0000e+00
        421     -0.136     3.6190   0.009705     0.0751     0.0347 0.0000e+00
        422     -0.133     3.6197   0.009699     0.0751     0.0347 0.0000e+00
        423     -0.134     3.6207   0.009713     0.0752     0.0348 0.0000e+00
        424     -0.137     3.6215   0.009753     0.0755     0.0350 0.0000e+00
        425     -0.137     3.6217   0.009776     0.0757     0.0352 0.0000e+00
        426     -0.136     3.6210   0.009764     0.0756     0.0351 0.0000e+00
        427     -0.136     3.6197   0.009739     0.0754     0.0349 0.0000e+00
        428     -0.136     3.6189   0.009721     0.0753     0.0348 0.0000e+00
        429     -0.136     3.6189   0.009710     0.0752     0.0347 0.0000e+00
        430     -0.137     3.6191   0.009710     0.0752     0.0347 0.0000e+00
        431     -0.138     3.6189   0.009712     0.0752     0.0348 0.0000e+00
        432     -0.139     3.6189   0.009711     0.0752     0.0347 0.0000e+00
        433     -0.138     3.6195   0.009713     0.0752     0.0348 0.0000e+00
        434     -0.135     3.6203   0.009705     0.0751     0.0347 0.0000e+00
        435     -0.136     3.6208   0.009690     0.0750     0.0346 0.0000e+00
        436     -0.137     3.6211   0.009689     0.0750     0.0346 0.0000e+00
        437     -0.135     3.6210   0.009679     0.0749     0.0345 0.0000e+00
        438     -0.132     3.6210   0.009663     0.0748     0.0344 0.0000e+00
        439     -0.131     3.6215   0.009657     0.0747     0.0344 0.0000e+00
        440     -0.131     3.6222   0.009669     0.0748     0.0345 0.0000e+00
        441     -0.131     3.6227   0.009689     0.0750     0.0346 0.0000e+00
        442     -0.134     3.6225   0.009690     0.0750     0.0346 0.0000e+00
        443     -0.136     3.6224   0.009673     0.0749     0.0345 0.0000e+00
        444     -0.138     3.6226   0.009664     0.0748     0.0345 0.0000e+00
        445     -0.140     3.6227   0.009661     0.0748     0.0344 0.0000e+00
        446     -0.142     3.6229   0.009648     0.0747     0.0344 0.0000e+00
        447     -0.142     3.6235   0.009639     0.0746     0.0343 0.0000e+00
        448     -0.140     3.6246   0.009666     0.0748     0.0345 0.0000e+00
        449     -0.138     3.6257   0.009709     0.0751     0.0348 0.0000e+00
        450     -0.138     3.6263   0.009722     0.0753     0.0348 0.0000e+00
        451     -0.138     3.6264   0.009710     0.0752     0.0348 0.0000e+00
        452     -0.138     3.6259   0.009702     0.0751     0.0347 0.0000e+00
        453     -0.137     3.6257   0.009697     0.0751     0.0347 0.0000e+00
        454     -0.133     3.6260   0.009688     0.0750     0.0346 0.0000e+00
        455     -0.131     3.6265   0.009675     0.0749     0.0345 0.0000e+00
        456     -0.130     3.6273   0.009672     0.0749     0.0345 0.0000e+00
        457     -0.130     3.6282   0.009683     0.0749     0.0346 0.0000e+00
        458     -0.135     3.6292   0.009685     0.0750     0.0346 0.0000e+00
        459     -0.139     3.6299   0.009683     0.0749     0.0346 0.0000e+00
        460     -0.140     3.6304   0.009709     0.0751     0.0348 0.0000e+00
        461     -0.140     3.6311   0.009753     0.0755     0.0351 0.0000e+00
        462     -0.138     3.6317   0.009776     0.0757     0.0352 0.0000e+00
        463     -0.135     3.6319   0.009768     0.0756     0.0352 0.0000e+00
        464     -0.134     3.6323   0.009744     0.0754     0.0350 0.0000e+00
        465     -0.134     3.6328   0.009740     0.0754     0.0350 0.0000e+00
        466     -0.130     3.6335   0.009760     0.0755     0.0351 0.0000e+00
        467     -0.127     3.6342   0.009780     0.0757     0.0353 0.0000e+00
        468     -0.130     3.6347   0.009798     0.0758     0.0354 0.0000e+00
        469     -0.133     3.6347   0.009815     0.0760     0.0355 0.0000e+00
        470     -0.133     3.6340   0.009816     0.0760     0.0355 0.0000e+00
        471     -0.133     3.6325   0.009778     0.0757     0.0352 0.0000e+00
        472     -0.133     3.6307   0.009722     0.0752     0.0349 0.0000e+00
        473     -0.132     3.6300   0.009705     0.0751     0.0347 0.0000e+00
        474     -0.132     3.6301   0.009732     0.0753     0.0349 0.0000e+00
        475     -0.132     3.6300   0.009752     0.0755     0.0351 0.0000e+00
        476     -0.133     3.6299   0.009742     0.0754     0.0350 0.0000e+00
        477     -0.135     3.6295   0.009719     0.0752     0.0348 0.0000e+00
        478     -0.137     3.6288   0.009688     0.0750     0.0346 0.0000e+00
        479     -0.136     3.6288   0.009655     0.0747     0.0344 0.0000e+00
        480     -0.136     3.6298   0.009641     0.0746     0.0343 0.0000e+00
        481     -0.138     3.6308   0.009651     0.0747     0.0344 0.0000e+00
        482     -0.141     3.6315   0.009664     0.0748     0.0345 0.0000e+00
        483     -0.140     3.6317   0.009665     0.0748     0.0345 0.0000e+00
        484     -0.137     3.6311   0.009654     0.0747     0.0344 0.0000e+00
        485     -0.135     3.6296   0.009641     0.0746     0.0343 0.0000e+00
        486     -0.135     3.6283   0.009646     0.0746     0.0344 0.0000e+00
        487     -0.135     3.6278   0.009655     0.0747     0.0344 0.0000e+00
        488     -0.137     3.6276   0.009636     0.0746     0.0343 0.0000e+00
        489     -0.140     3.6265   0.009594     0.0742     0.0340 0.0000e+00
        490     -0.143     3.6254   0.009571     0.0740     0.0339 0.0000e+00
        491     -0.144     3.6259   0.009585     0.0742     0.0340 0.0000e+00
        492     -0.145     3.6275   0.009616     0.0744     0.0342 0.0000e+00
        493     -0.143     3.6290   0.009654     0.0747     0.0344 0.0000e+00
        494     -0.138     3.6292   0.009677     0.0749     0.0346 0.0000e+00
        495     -0.137     3.6283   0.009666     0.0748     0.0345 0.0000e+00
        496     -0.138     3.6276   0.009656     0.0747     0.0344 0.0000e+00
        497     -0.137     3.6281   0.009665     0.0748     0.0345 0.0000e+00
        498     -0.136     3.6292   0.009695     0.0750     0.0347 0.0000e+00
        499     -0.135     3.6298   0.009742     0.0754     0.0350 0.0000e+00
        500     -0.136     3.6304   0.009775     0.0757     0.0352 0.0000e+00
        501     -0.139     3.6316   0.009784     0.0757     0.0353 0.0000e+00
        502     -0.141     3.6328   0.009791     0.0758     0.0353 0.0000e+00
        503     -0.142     3.6337   0.009794     0.0758     0.0353 0.0000e+00
        504     -0.143     3.6338   0.009776     0.0757     0.0352 0.0000e+00
        505     -0.142     3.6332   0.009746     0.0754     0.0350 0.0000e+00
        506     -0.139     3.6328   0.009720     0.0752     0.0349 0.0000e+00
        507     -0.137     3.6330   0.009694     0.0750     0.0347 0.0000e+00
        508     -0.137     3.6332   0.009669     0.0748     0.0345 0.0000e+00
        509     -0.138     3.6326   0.009658     0.0747     0.0345 0.0000e+00
        510     -0.140     3.6320   0.009667     0.0748     0.0345 0.0000e+00
        511     -0.143     3.6324   0.009701     0.0751     0.0347 0.0000e+00
        512     -0.145     3.6339   0.009737     0.0754     0.0350 0.0000e+00
        513     -0.144     3.6351   0.009744     0.0754     0.0350 0.0000e+00
        514     -0.142     3.6355   0.009740     0.0754     0.0350 0.0000e+00
        515     -0.142     3.6356   0.009753     0.0755     0.0351 0.0000e+00
        516     -0.142     3.6356   0.009774     0.0757     0.0352 0.0000e+00
        517     -0.143     3.6357   0.009780     0.0757     0.0353 0.0000e+00
        518     -0.143     3.6361   0.009773     0.0756     0.0352 0.0000e+00
        519     -0.141     3.6368   0.009764     0.0756     0.0352 0.0000e+00
        520     -0.141     3.6375   0.009772     0.0756     0.0352 0.0000e+00
        521     -0.140     3.6380   0.009818     0.0760     0.0355 0.0000e+00
        522     -0.140     3.6387   0.009884     0.0765     0.0359 0.0000e+00
        523     -0.140     3.6397   0.009923     0.0768     0.0362 0.0000e+00
        524     -0.136     3.6408   0.009925     0.0769     0.0362 0.0000e+00
        525     -0.133     3.6419   0.009909     0.0767     0.0361 0.0000e+00
        526     -0.135     3.6429   0.009895     0.0766     0.0360 0.0000e+00
        527     -0.137     3.6437   0.009882     0.0765     0.0359 0.0000e+00
        528     -0.139     3.6444   0.009857     0.0763     0.0358 0.0000e+00
        529     -0.141     3.6446   0.009828     0.0761     0.0356 0.0000e+00
        530     -0.142     3.6446   0.009812     0.0759     0.0355 0.0000e+00
        531     -0.142     3.6443   0.009822     0.0760     0.0356 0.0000e+00
        532     -0.140     3.6440   0.009866     0.0764     0.0358 0.0000e+00
        533     -0.137     3.6440   0.009916     0.0768     0.0362 0.0000e+00
        534     -0.136     3.6442   0.009931     0.0769     0.0363 0.0000e+00
        535     -0.137     3.6444   0.009911     0.0767     0.0361 0.0000e+00
        536     -0.138     3.6441   0.009873     0.0764     0.0359 0.0000e+00
        537     -0.141     3.6440   0.009830     0.0761     0.0356 0.0000e+00
        538     -0.144     3.6441   0.009796     0.0758     0.0354 0.0000e+00
        539     -0.144     3.6445   0.009793     0.0758     0.0354 0.0000e+00
        540     -0.143     3.6450   0.009813     0.0759     0.0355 0.0000e+00
        541     -0.143     3.6453   0.009829     0.0761     0.0356 0.0000e+00
        542     -0.142     3.6450   0.009823     0.0760     0.0356 0.0000e+00
        543     -0.140     3.6445   0.009801     0.0759     0.0354 0.0000e+00
        544     -0.140     3.6450   0.009791     0.0758     0.0354 0.0000e+00
        545     -0.141     3.6461   0.009800     0.0758     0.0354 0.0000e+00
        546     -0.143     3.6471   0.009817     0.0760     0.0355 0.0000e+00
        547     -0.144     3.6476   0.009835     0.0761     0.0357 0.0000e+00
        548     -0.144     3.6479   0.009840     0.0762     0.0357 0.0000e+00
        549     -0.145     3.6483   0.009830     0.0761     0.0356 0.0000e+00
        550     -0.147     3.6490   0.009829     0.0761     0.0356 0.0000e+00
        551     -0.147     3.6496   0.009843     0.0762     0.0357 0.0000e+00
        552     -0.144     3.6502   0.009858     0.0763     0.0358 0.0000e+00
        553     -0.142     3.6506   0.009851     0.0762     0.0358 0.0000e+00
        554     -0.140     3.6509   0.009825     0.0760     0.0356 0.0000e+00
        555     -0.140     3.6505   0.009790     0.0758     0.0354 0.0000e+00
        556     -0.143     3.6501   0.009765     0.0756     0.0352 0.0000e+00
        557     -0.145     3.6502   0.009761     0.0755     0.0352 0.0000e+00
        558     -0.146     3.6507   0.009760     0.0755     0.0352 0.0000e+00
        559     -0.146     3.6509   0.009752     0.0754     0.0351 0.0000e+00
        560     -0.145     3.6509   0.009741     0.0754     0.0351 0.0000e+00
        561     -0.144     3.6510   0.009729     0.0753     0.0350 0.0000e+00
        562     -0.144     3.6515   0.009711     0.0751     0.0349 0.0000e+00
        563     -0.144     3.6523   0.009696     0.0750     0.0348 0.0000e+00
        564     -0.145     3.6532   0.009708     0.0751     0.0349 0.0000e+00
        565     -0.145     3.6540   0.009737     0.0753     0.0350 0.0000e+00
        566     -0.145     3.6547   0.009743     0.0754     0.0351 0.0000e+00
        567     -0.148     3.6551   0.009717     0.0752     0.0349 0.0000e+00
        568     -0.150     3.6555   0.009684     0.0749     0.0347 0.0000e+00
        569     -0.148     3.6558   0.009666     0.0747     0.0346 0.0000e+00
        570     -0.142     3.6561   0.009665     0.0747     0.0346 0.0000e+00
        571     -0.135     3.6566   0.009677     0.0748     0.0347 0.0000e+00
        572     -0.133     3.6570   0.009697     0.0750     0.0348 0.0000e+00
        573     -0.136     3.6572   0.009702     0.0750     0.0348 0.0000e+00
        574     -0.137     3.6577   0.009690     0.0749     0.0348 0.0000e+00
        575     -0.138     3.6583   0.009678     0.0748     0.0347 0.0000e+00
        576     -0.141     3.6589   0.009675     0.0748     0.0347 0.0000e+00
        577     -0.141     3.6593   0.009672     0.0748     0.0346 0.0000e+00
        578     -0.139     3.6597   0.009665     0.0747     0.0346 0.0000e+00
        579     -0.139     3.6604   0.009657     0.0747     0.0345 0.0000e+00
        580     -0.141     3.6614   0.009651     0.0746     0.0345 0.0000e+00
        581     -0.140     3.6624   0.009659     0.0747     0.0346 0.0000e+00
        582     -0.137     3.6629   0.009667     0.0747     0.0346 0.0000e+00
        583     -0.137     3.6632   0.009662     0.0747     0.0346 0.0000e+00
        584     -0.139     3.6638   0.009644     0.0746     0.0345 0.0000e+00
        585     -0.139     3.6643   0.009627     0.0744     0.0344 0.0000e+00
        586     -0.139     3.6645   0.009620     0.0744     0.0343 0.0000e+00
        587     -0.139     3.6647   0.009616     0.0743     0.0343 0.0000e+00
        588     -0.141     3.6648   0.009607     0.0743     0.0342 0.0000e+00
        589     -0.141     3.6652   0.009597     0.0742     0.0342 0.0000e+00
        590     -0.141     3.6656   0.009582     0.0741     0.0341 0.0000e+00
        591     -0.142     3.6660   0.009575     0.0740     0.0340 0.0000e+00
        592     -0.143     3.6666   0.009593     0.0741     0.0342 0.0000e+00
        593     -0.141     3.6673   0.009619     0.0744     0.0343 0.0000e+00
        594     -0.139     3.6682   0.009627     0.0744     0.0344 0.0000e+00
        595     -0.140     3.6690   0.009615     0.0743     0.0343 0.0000e+00
        596     -0.142     3.6698   0.009612     0.0743     0.0343 0.0000e+00
        597     -0.143     3.6703   0.009628     0.0744     0.0344 0.0000e+00
        598     -0.143     3.6704   0.009639     0.0745     0.0345 0.0000e+00
        599     -0.143     3.6704   0.009626     0.0744     0.0344 0.0000e+00
        600     -0.144     3.6705   0.009593     0.0741     0.0342 0.0000e+00
        601     -0.146     3.6708   0.009568     0.0739     0.0340 0.0000e+00
        602     -0.146     3.6714   0.009567     0.0739     0.0340 0.0000e+00
        603     -0.144     3.6719   0.009578     0.0740     0.0341 0.0000e+00
        604     -0.142     3.6723   0.009585     0.0741     0.0341 0.0000e+00
        605     -0.141     3.6727   0.009591     0.0741     0.0342 0.0000e+00
        606     -0.140     3.6733   0.009597     0.0742     0.0342 0.0000e+00
        607     -0.140     3.6737   0.009596     0.0742     0.0342 0.0000e+00
        608     -0.141     3.6738   0.009578     0.0740     0.0341 0.0000e+00
        609     -0.143     3.6740   0.009551     0.0738     0.0339 0.0000e+00
        610     -0.143     3.6745   0.009535     0.0737     0.0338 0.0000e+00
        611     -0.144     3.6749   0.009528     0.0736     0.0338 0.0000e+00
        612     -0.146     3.6753   0.009532     0.0736     0.0338 0.0000e+00
        613     -0.146     3.6760   0.009560     0.0739     0.0340 0.0000e+00
        614     -0.145     3.6767   0.009599     0.0742     0.0342 0.0000e+00
        615     -0.145     3.6771   0.009613     0.0743     0.0343 0.0000e+00
