Datasets/Test_Dataset_39219_tow/originals/tel219_2021_001.cnv
* Sea-Bird SBE19plus Data File:
* Filename = C:/AQUIRE/tel219_2021_001.hex
* Software Version AquireV2 AF V2.0
* Temperature SN =  4020
* Conductivity SN =  4020
* System UpLoad Time = May 06 2021 01:41:22
** VESSEL/TRIP/SEQ STN: tel219_2021_001
** LATITUDE: 46 04.17 N
** LONGITUDE: 55 15.62 W
** DATE/TIME: 2021-05-06 00:55
** SOUNDING DEPTH (M): 0135
** PROBE TYPE: S4020
** CTD NUMBER: 001
** FORMAT: T
** COMMENTS: 
# nquan = 7                                 
# nvalues = 2778                        
# units = specified
# name 0 = scan: Scan Count
# name 1 = prdM: Pressure, Strain Gauge [db]
# name 2 = tv290C: Temperature [ITS-90, deg C]
# name 3 = c0S/m: Conductivity [S/m]
# name 4 = sal00: Salinity, Practical [PSU]
# name 5 = sigma-t00: Density [sigma-t, kg/m^3 ]
# name 6 = flag: flag
# span 0 =          1,       2778       
# span 1 =     -0.158,    132.653       
# span 2 =     0.2218,     4.0961       
# span 3 =   0.000182,   2.966688       
# span 4 =     0.0020,    32.5315       
# span 5 =    -0.0235,    26.1031       
# span 6 = 0.0000e+00, 0.0000e+00       
# interval = seconds: 1
# start_time = May 06 2021 00:55:45 [Instrument's time stamp, header]
# bad_flag = -9.990e-29
*END*
[from data line 2257]
       2258     17.633     2.6446   2.899212    32.0972    25.5977 0.0000e+00
       2259     17.457     2.6537   2.900046    32.0984    25.5978 0.0000e+00
       2260     17.276     2.6679   2.901874    32.1065    25.6032 0.0000e+00
       2261     17.077     2.6864   2.903911    32.1130    25.6069 0.0000e+00
       2262     16.817     2.7062   2.905629    32.1142    25.6063 0.0000e+00
       2263     16.458     2.7262   2.907337    32.1152    25.6054 0.0000e+00
       2264     16.000     2.7380   2.908089    32.1128    25.6026 0.0000e+00
       2265     15.471     2.7412   2.908024    32.1090    25.5993 0.0000e+00
       2266     14.909     2.7491   2.908800    32.1109    25.6002 0.0000e+00
       2267     14.337     2.7662   2.910436    32.1140    25.6012 0.0000e+00
       2268     13.760     2.7846   2.911888    32.1136    25.5994 0.0000e+00
       2269     13.170     2.7990   2.912792    32.1105    25.5957 0.0000e+00
       2270     12.563     2.8104   2.913321    32.1058    25.5911 0.0000e+00
       2271     11.949     2.8205   2.913737    32.1011    25.5865 0.0000e+00
       2272     11.349     2.8372   2.914752    32.0970    25.5819 0.0000e+00
       2273     10.768     2.8785   2.917971    32.0952    25.5770 0.0000e+00
       2274     10.192     2.9393   2.923336    32.0999    25.5756 0.0000e+00
       2275      9.608     2.9750   2.926405    32.1017    25.5741 0.0000e+00
       2276      9.036     2.9654   2.925043    32.0951    25.5697 0.0000e+00
       2277      8.513     2.9417   2.922763    32.0914    25.5687 0.0000e+00
       2278      8.037     2.9310   2.921765    32.0902    25.5687 0.0000e+00
       2279      7.604     2.9346   2.922173    32.0918    25.5696 0.0000e+00
       2280      7.232     2.9453   2.923583    32.0984    25.5740 0.0000e+00
       2281      6.934     2.9595   2.925002    32.1016    25.5753 0.0000e+00
       2282      6.699     2.9799   2.926704    32.1020    25.5739 0.0000e+00
       2283      6.493     3.0040   2.928790    32.1033    25.5730 0.0000e+00
       2284      6.299     3.0226   2.930066    32.1003    25.5690 0.0000e+00
       2285      6.142     3.0324   2.930311    32.0936    25.5628 0.0000e+00
       2286      6.043     3.0418   2.930832    32.0906    25.5596 0.0000e+00
       2287      5.969     3.0652   2.933301    32.0971    25.5628 0.0000e+00
       2288      5.890     3.1010   2.937218    32.1088    25.5691 0.0000e+00
       2289      5.766     3.1306   2.939979    32.1127    25.5697 0.0000e+00
       2290      5.537     3.1500   2.941354    32.1101    25.5659 0.0000e+00
       2291      5.203     3.1666   2.942634    32.1092    25.5637 0.0000e+00
       2292      4.766     3.1789   2.943529    32.1080    25.5617 0.0000e+00
       2293      4.184     3.1814   2.943480    32.1052    25.5593 0.0000e+00
       2294      3.519     3.1759   2.942816    32.1030    25.5580 0.0000e+00
       2295      2.914     3.1709   2.942306    32.1022    25.5578 0.0000e+00
       2296      2.393     3.1715   2.942310    32.1019    25.5575 0.0000e+00
       2297      1.880     3.1748   2.942555    32.1019    25.5572 0.0000e+00
       2298      1.375     3.1788   2.942807    32.1012    25.5563 0.0000e+00
       2299      0.939     3.1841   2.943110    32.0998    25.5547 0.0000e+00
       2300      0.607     3.1886   2.943302    32.0978    25.5527 0.0000e+00
       2301      0.381     3.1895   2.940594    32.0644    25.5260 0.0000e+00
       2302      0.258     3.1877   2.922887    31.8531    25.3578 0.0000e+00
       2303      0.215     3.1860   2.908261    31.6789    25.2190 0.0000e+00
       2304      0.209     3.1853   2.910916    31.7115    25.2451 0.0000e+00
       2305      0.212     3.1851   2.799013    30.3698    24.1758 0.0000e+00
       2306      0.214     3.1855   2.640692    28.4838    22.6735 0.0000e+00
       2307      0.217     3.1860   2.712120    29.3322    23.3491 0.0000e+00
       2308      0.218     3.1864   2.881733    31.3598    24.9646 0.0000e+00
       2309      0.215     3.1872   2.932991    31.9752    25.4551 0.0000e+00
       2310      0.212     3.1886   2.931550    31.9565    25.4401 0.0000e+00
       2311      0.208     3.1899   2.915424    31.7612    25.2843 0.0000e+00
       2312      0.208     3.1903   2.676492    28.9046    23.0082 0.0000e+00
       2313      0.225     3.1898   1.998483    20.9906    16.7105 0.0000e+00
       2314      0.256     3.1892   1.738410    18.0337    14.3593 0.0000e+00
       2315      0.271     3.1889   2.361154    25.1891    20.0504 0.0000e+00
       2316      0.263     3.1886   2.627459    28.3242    22.5461 0.0000e+00
       2317      0.241     3.1879   2.405031    25.7034    20.4597 0.0000e+00
       2318      0.212     3.1873   1.921647    20.1138    16.0133 0.0000e+00
       2319      0.192     3.1863   0.953663     9.4191     7.5064 0.0000e+00
       2320      0.188     3.1844   0.337494     3.1014     2.4639 0.0000e+00
       2321      0.193     3.1817   0.264944     2.3995     1.9014 0.0000e+00
       2322      0.208     3.1797   0.441933     4.1325     3.2891 0.0000e+00
       2323      0.225     3.1806   0.980046     9.7018     7.7317 0.0000e+00
       2324      0.222     3.1837   1.228237    12.3767     9.8606 0.0000e+00
       2325      0.201     3.1852   0.738499     7.1555     5.7027 0.0000e+00
       2326      0.187     3.1839   0.268995     2.4382     1.9324 0.0000e+00
       2327      0.183     3.1808   0.163838     1.4446     1.1347 0.0000e+00
       2328      0.180     3.1773   0.134635     1.1752     0.9181 0.0000e+00
       2329      0.176     3.1737   0.115997     1.0052     0.7812 0.0000e+00
       2330      0.172     3.1701   0.108531     0.9375     0.7267 0.0000e+00
       2331      0.167     3.1666   0.104596     0.9021     0.6981 0.0000e+00
       2332      0.165     3.1631   0.100641     0.8664     0.6694 0.0000e+00
       2333      0.168     3.1597   0.095938     0.8242     0.6353 0.0000e+00
       2334      0.172     3.1563   0.093304     0.8006     0.6162 0.0000e+00
       2335      0.176     3.1531   0.093267     0.8003     0.6160 0.0000e+00
       2336      0.178     3.1498   0.090120     0.7722     0.5933 0.0000e+00
       2337      0.177     3.1467   0.088115     0.7543     0.5788 0.0000e+00
       2338      0.174     3.1437   0.093285     0.8007     0.6162 0.0000e+00
       2339      0.175     3.1408   0.098701     0.8495     0.6555 0.0000e+00
       2340      0.179     3.1380   0.101867     0.8782     0.6786 0.0000e+00
       2341      0.182     3.1354   0.104198     0.8993     0.6956 0.0000e+00
       2342      0.183     3.1329   0.103233     0.8907     0.6886 0.0000e+00
       2343      0.184     3.1304   0.098578     0.8487     0.6547 0.0000e+00
       2344      0.184     3.1280   0.092376     0.7929     0.6098 0.0000e+00
       2345      0.184     3.1256   0.087191     0.7465     0.5723 0.0000e+00
       2346      0.184     3.1233   0.084185     0.7197     0.5506 0.0000e+00
       2347      0.183     3.1212   0.083336     0.7121     0.5445 0.0000e+00
       2348      0.180     3.1191   0.084042     0.7185     0.5496 0.0000e+00
       2349      0.178     3.1172   0.085427     0.7309     0.5596 0.0000e+00
       2350      0.179     3.1153   0.086725     0.7426     0.5690 0.0000e+00
       2351      0.181     3.1134   0.087693     0.7513     0.5760 0.0000e+00
       2352      0.181     3.1115   0.088487     0.7584     0.5818 0.0000e+00
       2353      0.182     3.1098   0.089236     0.7652     0.5872 0.0000e+00
       2354      0.185     3.1081   0.089654     0.7690     0.5902 0.0000e+00
       2355      0.187     3.1063   0.089376     0.7665     0.5882 0.0000e+00
       2356      0.190     3.1048   0.088590     0.7595     0.5826 0.0000e+00
       2357      0.196     3.1033   0.087549     0.7502     0.5750 0.0000e+00
       2358      0.200     3.1020   0.085957     0.7360     0.5636 0.0000e+00
       2359      0.200     3.1007   0.083466     0.7137     0.5456 0.0000e+00
       2360      0.198     3.0995   0.080611     0.6882     0.5250 0.0000e+00
       2361      0.197     3.0982   0.078346     0.6681     0.5087 0.0000e+00
       2362      0.198     3.0971   0.076855     0.6548     0.4980 0.0000e+00
       2363      0.199     3.0961   0.075660     0.6442     0.4895 0.0000e+00
       2364      0.198     3.0949   0.074438     0.6334     0.4807 0.0000e+00
       2365      0.197     3.0938   0.073201     0.6224     0.4718 0.0000e+00
       2366      0.196     3.0928   0.071846     0.6104     0.4621 0.0000e+00
       2367      0.195     3.0918   0.070273     0.5964     0.4509 0.0000e+00
       2368      0.194     3.0908   0.068660     0.5822     0.4394 0.0000e+00
       2369      0.192     3.0900   0.067046     0.5679     0.4278 0.0000e+00
       2370      0.190     3.0891   0.065485     0.5541     0.4167 0.0000e+00
       2371      0.192     3.0881   0.064407     0.5446     0.4090 0.0000e+00
       2372      0.195     3.0873   0.063911     0.5403     0.4055 0.0000e+00
       2373      0.195     3.0865   0.063419     0.5359     0.4020 0.0000e+00
       2374      0.196     3.0856   0.062499     0.5279     0.3955 0.0000e+00
       2375      0.197     3.0847   0.061226     0.5167     0.3864 0.0000e+00
       2376      0.198     3.0839   0.059911     0.5051     0.3771 0.0000e+00
       2377      0.196     3.0832   0.058919     0.4964     0.3700 0.0000e+00
       2378      0.191     3.0825   0.058257     0.4906     0.3653 0.0000e+00
       2379      0.189     3.0819   0.057470     0.4837     0.3598 0.0000e+00
       2380      0.190     3.0812   0.056378     0.4741     0.3520 0.0000e+00
       2381      0.190     3.0806   0.055406     0.4656     0.3451 0.0000e+00
       2382      0.190     3.0800   0.054797     0.4603     0.3408 0.0000e+00
       2383      0.190     3.0794   0.053848     0.4520     0.3341 0.0000e+00
       2384      0.190     3.0788   0.052229     0.4378     0.3227 0.0000e+00
       2385      0.190     3.0782   0.051516     0.4316     0.3177 0.0000e+00
       2386      0.193     3.0778   0.053074     0.4452     0.3287 0.0000e+00
       2387      0.197     3.0772   0.056401     0.4744     0.3522 0.0000e+00
       2388      0.200     3.0766   0.060604     0.5113     0.3820 0.0000e+00
       2389      0.200     3.0761   0.064662     0.5471     0.4109 0.0000e+00
       2390      0.196     3.0755   0.068033     0.5769     0.4349 0.0000e+00
       2391      0.192     3.0751   0.071383     0.6066     0.4589 0.0000e+00
       2392      0.192     3.0745   0.074165     0.6313     0.4788 0.0000e+00
       2393      0.194     3.0740   0.075154     0.6401     0.4859 0.0000e+00
       2394      0.195     3.0736   0.074776     0.6368     0.4832 0.0000e+00
       2395      0.193     3.0733   0.073645     0.6267     0.4751 0.0000e+00
       2396      0.192     3.0732   0.071933     0.6115     0.4628 0.0000e+00
       2397      0.191     3.0732   0.070056     0.5949     0.4494 0.0000e+00
       2398      0.190     3.0730   0.068453     0.5807     0.4379 0.0000e+00
       2399      0.191     3.0727   0.067235     0.5699     0.4292 0.0000e+00
       2400      0.190     3.0724   0.066313     0.5617     0.4226 0.0000e+00
       2401      0.188     3.0720   0.065729     0.5566     0.4185 0.0000e+00
       2402      0.187     3.0717   0.065482     0.5544     0.4167 0.0000e+00
       2403      0.186     3.0713   0.065433     0.5540     0.4164 0.0000e+00
       2404      0.186     3.0709   0.065301     0.5528     0.4154 0.0000e+00
       2405      0.187     3.0704   0.064942     0.5497     0.4129 0.0000e+00
       2406      0.187     3.0700   0.064815     0.5485     0.4120 0.0000e+00
       2407      0.185     3.0696   0.065198     0.5519     0.4147 0.0000e+00
       2408      0.182     3.0692   0.065599     0.5555     0.4175 0.0000e+00
       2409      0.178     3.0687   0.065702     0.5564     0.4183 0.0000e+00
       2410      0.176     3.0682   0.065796     0.5572     0.4190 0.0000e+00
       2411      0.177     3.0677   0.066084     0.5598     0.4210 0.0000e+00
       2412      0.177     3.0671   0.066240     0.5612     0.4221 0.0000e+00
       2413      0.177     3.0666   0.065986     0.5589     0.4203 0.0000e+00
       2414      0.179     3.0660   0.065620     0.5557     0.4177 0.0000e+00
       2415      0.178     3.0653   0.065553     0.5551     0.4172 0.0000e+00
       2416      0.175     3.0647   0.065840     0.5577     0.4193 0.0000e+00
       2417      0.174     3.0641   0.066109     0.5601     0.4212 0.0000e+00
       2418      0.173     3.0637   0.065798     0.5573     0.4190 0.0000e+00
       2419      0.170     3.0633   0.064829     0.5488     0.4121 0.0000e+00
       2420      0.166     3.0628   0.063581     0.5378     0.4032 0.0000e+00
       2421      0.163     3.0621   0.062404     0.5274     0.3948 0.0000e+00
       2422      0.162     3.0614   0.061348     0.5181     0.3873 0.0000e+00
       2423      0.164     3.0608   0.060281     0.5087     0.3797 0.0000e+00
       2424      0.165     3.0602   0.059291     0.5000     0.3727 0.0000e+00
       2425      0.167     3.0596   0.058566     0.4936     0.3675 0.0000e+00
       2426      0.170     3.0590   0.057955     0.4883     0.3632 0.0000e+00
       2427      0.172     3.0583   0.057127     0.4810     0.3573 0.0000e+00
       2428      0.171     3.0576   0.056059     0.4717     0.3497 0.0000e+00
       2429      0.165     3.0568   0.055009     0.4625     0.3423 0.0000e+00
       2430      0.158     3.0561   0.054132     0.4548     0.3361 0.0000e+00
       2431      0.155     3.0555   0.053398     0.4484     0.3309 0.0000e+00
       2432      0.155     3.0549   0.052805     0.4432     0.3267 0.0000e+00
       2433      0.157     3.0544   0.052315     0.4389     0.3232 0.0000e+00
       2434      0.160     3.0538   0.051701     0.4336     0.3189 0.0000e+00
       2435      0.162     3.0533   0.050817     0.4258     0.3127 0.0000e+00
       2436      0.161     3.0526   0.049941     0.4182     0.3065 0.0000e+00
       2437      0.157     3.0520   0.049416     0.4136     0.3028 0.0000e+00
       2438      0.152     3.0515   0.049107     0.4110     0.3006 0.0000e+00
       2439      0.153     3.0507   0.048660     0.4071     0.2975 0.0000e+00
       2440      0.156     3.0499   0.048021     0.4015     0.2930 0.0000e+00
       2441      0.155     3.0493   0.047347     0.3957     0.2882 0.0000e+00
       2442      0.152     3.0486   0.046747     0.3904     0.2840 0.0000e+00
       2443      0.149     3.0480   0.046258     0.3862     0.2806 0.0000e+00
       2444      0.146     3.0473   0.045871     0.3828     0.2778 0.0000e+00
       2445      0.144     3.0465   0.045525     0.3798     0.2754 0.0000e+00
       2446      0.145     3.0458   0.045155     0.3766     0.2728 0.0000e+00
       2447      0.145     3.0452   0.044786     0.3734     0.2702 0.0000e+00
       2448      0.141     3.0444   0.044486     0.3708     0.2681 0.0000e+00
       2449      0.137     3.0437   0.044183     0.3682     0.2660 0.0000e+00
       2450      0.137     3.0431   0.043758     0.3645     0.2630 0.0000e+00
       2451      0.138     3.0423   0.043201     0.3597     0.2591 0.0000e+00
       2452      0.138     3.0417   0.042626     0.3547     0.2551 0.0000e+00
       2453      0.137     3.0410   0.042191     0.3510     0.2520 0.0000e+00
       2454      0.137     3.0402   0.041901     0.3485     0.2500 0.0000e+00
       2455      0.137     3.0396   0.041592     0.3458     0.2478 0.0000e+00
       2456      0.135     3.0391   0.041169     0.3422     0.2449 0.0000e+00
       2457      0.131     3.0385   0.040656     0.3377     0.2413 0.0000e+00
       2458      0.129     3.0378   0.040085     0.3328     0.2373 0.0000e+00
       2459      0.128     3.0373   0.039421     0.3271     0.2326 0.0000e+00
       2460      0.125     3.0366   0.038697     0.3208     0.2276 0.0000e+00
       2461      0.123     3.0358   0.038092     0.3156     0.2234 0.0000e+00
