Datasets/Test_Dataset_39219_tow/originals/tel219_2021_065.cnv
* Sea-Bird SBE19plus Data File:
* Filename = C:/AQUIRE/tel219_2021_065.hex
* Software Version AquireV2 AF V2.0
* Temperature SN =  4020
* Conductivity SN =  4020
* System UpLoad Time = May 14 2021 23:05:47
** VESSEL/TRIP/SEQ STN: tel219_2021_065
** LATITUDE: 45 44.67 N
** LONGITUDE: 54 29.69 W
** DATE/TIME: 2021-05-14 22:19
** SOUNDING DEPTH (M): 0084
** PROBE TYPE: S4020
** CTD NUMBER: 065
** FORMAT: T
** COMMENTS: 
# nquan = 7                                 
# nvalues = 2751                        
# units = specified
# name 0 = scan: Scan Count
# name 1 = prdM: Pressure, Strain Gauge [db]
# name 2 = tv290C: Temperature [ITS-90, deg C]
# name 3 = c0S/m: Conductivity [S/m]
# name 4 = sal00: Salinity, Practical [PSU]
# name 5 = sigma-t00: Density [sigma-t, kg/m^3 ]
# name 6 = flag: flag
# span 0 =          1,       2751       
# span 1 =     -0.097,     80.283       
# span 2 =     0.4476,     4.6211       
# span 3 =   0.006075,   3.035221       
# span 4 =     0.0454,    32.9207       
# span 5 =     0.0085,    26.2682       
# span 6 = 0.0000e+00, 0.0000e+00       
# interval = seconds: 1
# start_time = May 14 2021 22:19:35 [Instrument's time stamp, header]
# bad_flag = -9.990e-29
*END*
[from data line 821]
        822     79.547     0.4735   2.773679    32.7205    26.2425 0.0000e+00
        823     79.553     0.4731   2.773654    32.7206    26.2426 0.0000e+00
        824     79.562     0.4729   2.773644    32.7207    26.2427 0.0000e+00
        825     79.572     0.4728   2.773643    32.7208    26.2428 0.0000e+00
        826     79.582     0.4729   2.773644    32.7207    26.2427 0.0000e+00
        827     79.591     0.4731   2.773650    32.7205    26.2426 0.0000e+00
        828     79.597     0.4734   2.773656    32.7203    26.2424 0.0000e+00
        829     79.600     0.4736   2.773665    32.7202    26.2423 0.0000e+00
        830     79.596     0.4738   2.773678    32.7202    26.2422 0.0000e+00
        831     79.588     0.4740   2.773694    32.7202    26.2422 0.0000e+00
        832     79.581     0.4742   2.773712    32.7202    26.2422 0.0000e+00
        833     79.578     0.4744   2.773734    32.7203    26.2423 0.0000e+00
        834     79.578     0.4747   2.773776    32.7205    26.2425 0.0000e+00
        835     79.584     0.4751   2.773846    32.7210    26.2428 0.0000e+00
        836     79.594     0.4758   2.773884    32.7207    26.2426 0.0000e+00
        837     79.596     0.4763   2.773862    32.7199    26.2419 0.0000e+00
        838     79.592     0.4764   2.773826    32.7193    26.2414 0.0000e+00
        839     79.597     0.4763   2.773797    32.7191    26.2412 0.0000e+00
        840     79.607     0.4761   2.773780    32.7190    26.2412 0.0000e+00
        841     79.612     0.4759   2.773769    32.7191    26.2413 0.0000e+00
        842     79.610     0.4759   2.773768    32.7191    26.2413 0.0000e+00
        843     79.601     0.4759   2.773760    32.7190    26.2412 0.0000e+00
        844     79.592     0.4759   2.773746    32.7188    26.2411 0.0000e+00
        845     79.581     0.4758   2.773734    32.7188    26.2410 0.0000e+00
        846     79.575     0.4757   2.773728    32.7188    26.2411 0.0000e+00
        847     79.578     0.4757   2.773734    32.7189    26.2411 0.0000e+00
        848     79.583     0.4758   2.773750    32.7190    26.2412 0.0000e+00
        849     79.588     0.4760   2.773765    32.7190    26.2412 0.0000e+00
        850     79.588     0.4763   2.773773    32.7187    26.2410 0.0000e+00
        851     79.582     0.4763   2.773770    32.7187    26.2409 0.0000e+00
        852     79.571     0.4763   2.773764    32.7186    26.2409 0.0000e+00
        853     79.559     0.4763   2.773772    32.7187    26.2410 0.0000e+00
        854     79.555     0.4765   2.773787    32.7187    26.2410 0.0000e+00
        855     79.555     0.4766   2.773785    32.7186    26.2408 0.0000e+00
        856     79.543     0.4764   2.773768    32.7186    26.2408 0.0000e+00
        857     79.517     0.4761   2.773769    32.7189    26.2411 0.0000e+00
        858     79.490     0.4759   2.773797    32.7195    26.2416 0.0000e+00
        859     79.479     0.4759   2.773821    32.7199    26.2419 0.0000e+00
        860     79.486     0.4761   2.773816    32.7196    26.2417 0.0000e+00
        861     79.490     0.4764   2.773811    32.7192    26.2413 0.0000e+00
        862     79.480     0.4763   2.773811    32.7193    26.2414 0.0000e+00
        863     79.468     0.4757   2.773768    32.7194    26.2415 0.0000e+00
        864     79.471     0.4749   2.773686    32.7192    26.2414 0.0000e+00
        865     79.477     0.4744   2.773651    32.7192    26.2415 0.0000e+00
        866     79.467     0.4740   2.773637    32.7195    26.2417 0.0000e+00
        867     79.444     0.4738   2.773610    32.7194    26.2416 0.0000e+00
        868     79.426     0.4738   2.773609    32.7194    26.2416 0.0000e+00
        869     79.424     0.4740   2.773635    32.7195    26.2417 0.0000e+00
        870     79.432     0.4742   2.773652    32.7195    26.2417 0.0000e+00
        871     79.437     0.4742   2.773652    32.7195    26.2417 0.0000e+00
        872     79.429     0.4739   2.773633    32.7196    26.2418 0.0000e+00
        873     79.415     0.4736   2.773583    32.7192    26.2415 0.0000e+00
        874     79.408     0.4732   2.773525    32.7189    26.2413 0.0000e+00
        875     79.412     0.4729   2.773505    32.7190    26.2413 0.0000e+00
        876     79.423     0.4729   2.773512    32.7191    26.2414 0.0000e+00
        877     79.426     0.4730   2.773523    32.7191    26.2414 0.0000e+00
        878     79.415     0.4735   2.773552    32.7189    26.2413 0.0000e+00
        879     79.398     0.4739   2.773592    32.7190    26.2413 0.0000e+00
        880     79.389     0.4743   2.773627    32.7191    26.2414 0.0000e+00
        881     79.387     0.4746   2.773651    32.7191    26.2413 0.0000e+00
        882     79.383     0.4747   2.773656    32.7190    26.2413 0.0000e+00
        883     79.376     0.4746   2.773648    32.7190    26.2413 0.0000e+00
        884     79.375     0.4744   2.773632    32.7191    26.2413 0.0000e+00
        885     79.380     0.4742   2.773610    32.7190    26.2413 0.0000e+00
        886     79.391     0.4740   2.773598    32.7190    26.2413 0.0000e+00
        887     79.401     0.4739   2.773591    32.7190    26.2413 0.0000e+00
        888     79.405     0.4739   2.773586    32.7190    26.2413 0.0000e+00
        889     79.404     0.4738   2.773586    32.7191    26.2414 0.0000e+00
        890     79.403     0.4738   2.773579    32.7190    26.2413 0.0000e+00
        891     79.406     0.4739   2.773582    32.7189    26.2412 0.0000e+00
        892     79.411     0.4741   2.773608    32.7190    26.2413 0.0000e+00
        893     79.414     0.4744   2.773640    32.7191    26.2414 0.0000e+00
        894     79.416     0.4746   2.773653    32.7191    26.2413 0.0000e+00
        895     79.417     0.4747   2.773646    32.7189    26.2412 0.0000e+00
        896     79.413     0.4745   2.773621    32.7188    26.2411 0.0000e+00
        897     79.405     0.4743   2.773597    32.7187    26.2410 0.0000e+00
        898     79.396     0.4740   2.773580    32.7188    26.2411 0.0000e+00
        899     79.397     0.4738   2.773566    32.7188    26.2412 0.0000e+00
        900     79.411     0.4738   2.773561    32.7187    26.2411 0.0000e+00
        901     79.432     0.4738   2.773572    32.7189    26.2412 0.0000e+00
        902     79.450     0.4739   2.773587    32.7190    26.2413 0.0000e+00
        903     79.453     0.4739   2.773588    32.7190    26.2413 0.0000e+00
        904     79.444     0.4738   2.773568    32.7188    26.2412 0.0000e+00
        905     79.438     0.4737   2.773542    32.7186    26.2410 0.0000e+00
        906     79.434     0.4735   2.773532    32.7187    26.2411 0.0000e+00
        907     79.414     0.4736   2.773537    32.7186    26.2410 0.0000e+00
        908     79.375     0.4738   2.773544    32.7185    26.2409 0.0000e+00
        909     79.339     0.4738   2.773547    32.7186    26.2410 0.0000e+00
        910     79.328     0.4737   2.773534    32.7185    26.2409 0.0000e+00
        911     79.336     0.4735   2.773517    32.7185    26.2409 0.0000e+00
        912     79.343     0.4733   2.773508    32.7186    26.2410 0.0000e+00
        913     79.337     0.4733   2.773499    32.7185    26.2409 0.0000e+00
        914     79.325     0.4733   2.773484    32.7183    26.2408 0.0000e+00
        915     79.317     0.4733   2.773471    32.7182    26.2407 0.0000e+00
        916     79.312     0.4730   2.773458    32.7183    26.2408 0.0000e+00
        917     79.307     0.4728   2.773437    32.7183    26.2408 0.0000e+00
        918     79.306     0.4725   2.773416    32.7183    26.2408 0.0000e+00
        919     79.310     0.4721   2.773401    32.7185    26.2410 0.0000e+00
        920     79.314     0.4720   2.773395    32.7185    26.2410 0.0000e+00
        921     79.314     0.4720   2.773395    32.7185    26.2410 0.0000e+00
        922     79.312     0.4719   2.773384    32.7185    26.2410 0.0000e+00
        923     79.315     0.4719   2.773368    32.7183    26.2409 0.0000e+00
        924     79.323     0.4719   2.773369    32.7183    26.2409 0.0000e+00
        925     79.328     0.4719   2.773379    32.7184    26.2410 0.0000e+00
        926     79.324     0.4719   2.773381    32.7185    26.2410 0.0000e+00
        927     79.317     0.4719   2.773383    32.7185    26.2410 0.0000e+00
        928     79.318     0.4718   2.773377    32.7185    26.2410 0.0000e+00
        929     79.330     0.4718   2.773364    32.7183    26.2409 0.0000e+00
        930     79.342     0.4718   2.773363    32.7183    26.2409 0.0000e+00
        931     79.338     0.4720   2.773378    32.7183    26.2409 0.0000e+00
        932     79.317     0.4722   2.773391    32.7183    26.2408 0.0000e+00
        933     79.295     0.4723   2.773395    32.7182    26.2408 0.0000e+00
        934     79.289     0.4722   2.773386    32.7182    26.2408 0.0000e+00
        935     79.298     0.4719   2.773363    32.7182    26.2408 0.0000e+00
        936     79.305     0.4718   2.773346    32.7181    26.2407 0.0000e+00
        937     79.300     0.4718   2.773345    32.7181    26.2407 0.0000e+00
        938     79.285     0.4718   2.773347    32.7182    26.2407 0.0000e+00
        939     79.270     0.4719   2.773351    32.7181    26.2407 0.0000e+00
        940     79.269     0.4722   2.773367    32.7180    26.2406 0.0000e+00
        941     79.282     0.4728   2.773391    32.7177    26.2403 0.0000e+00
        942     79.292     0.4731   2.773412    32.7176    26.2402 0.0000e+00
        943     79.288     0.4731   2.773416    32.7177    26.2403 0.0000e+00
        944     79.273     0.4728   2.773399    32.7178    26.2404 0.0000e+00
        945     79.259     0.4725   2.773384    32.7179    26.2405 0.0000e+00
        946     79.256     0.4724   2.773381    32.7180    26.2406 0.0000e+00
        947     79.261     0.4724   2.773382    32.7180    26.2406 0.0000e+00
        948     79.262     0.4723   2.773379    32.7181    26.2406 0.0000e+00
        949     79.258     0.4722   2.773366    32.7180    26.2406 0.0000e+00
        950     79.260     0.4720   2.773345    32.7179    26.2405 0.0000e+00
        951     79.276     0.4719   2.773327    32.7178    26.2404 0.0000e+00
        952     79.307     0.4718   2.773315    32.7177    26.2404 0.0000e+00
        953     79.343     0.4718   2.773307    32.7176    26.2403 0.0000e+00
        954     79.372     0.4717   2.773300    32.7176    26.2403 0.0000e+00
        955     79.384     0.4716   2.773306    32.7178    26.2404 0.0000e+00
        956     79.379     0.4716   2.773316    32.7179    26.2405 0.0000e+00
        957     79.372     0.4716   2.773319    32.7180    26.2406 0.0000e+00
        958     79.376     0.4714   2.773317    32.7181    26.2407 0.0000e+00
        959     79.381     0.4714   2.773315    32.7181    26.2407 0.0000e+00
        960     79.365     0.4714   2.773310    32.7181    26.2407 0.0000e+00
        961     79.333     0.4713   2.773298    32.7180    26.2407 0.0000e+00
        962     79.305     0.4713   2.773283    32.7178    26.2405 0.0000e+00
        963     79.300     0.4713   2.773263    32.7176    26.2403 0.0000e+00
        964     79.325     0.4712   2.773252    32.7175    26.2403 0.0000e+00
        965     79.365     0.4713   2.773257    32.7175    26.2402 0.0000e+00
        966     79.397     0.4713   2.773274    32.7177    26.2404 0.0000e+00
        967     79.411     0.4713   2.773282    32.7178    26.2405 0.0000e+00
        968     79.415     0.4713   2.773278    32.7177    26.2404 0.0000e+00
        969     79.421     0.4713   2.773270    32.7176    26.2403 0.0000e+00
        970     79.432     0.4713   2.773263    32.7175    26.2402 0.0000e+00
        971     79.443     0.4713   2.773263    32.7175    26.2402 0.0000e+00
        972     79.453     0.4713   2.773277    32.7177    26.2404 0.0000e+00
        973     79.454     0.4714   2.773290    32.7177    26.2404 0.0000e+00
        974     79.442     0.4713   2.773287    32.7178    26.2405 0.0000e+00
        975     79.425     0.4713   2.773269    32.7176    26.2403 0.0000e+00
        976     79.416     0.4711   2.773247    32.7175    26.2403 0.0000e+00
        977     79.424     0.4709   2.773237    32.7176    26.2403 0.0000e+00
        978     79.448     0.4708   2.773243    32.7178    26.2405 0.0000e+00
        979     79.477     0.4708   2.773255    32.7179    26.2406 0.0000e+00
        980     79.501     0.4709   2.773257    32.7178    26.2405 0.0000e+00
        981     79.512     0.4710   2.773255    32.7177    26.2404 0.0000e+00
        982     79.508     0.4710   2.773256    32.7177    26.2404 0.0000e+00
        983     79.489     0.4710   2.773256    32.7177    26.2404 0.0000e+00
        984     79.465     0.4710   2.773255    32.7177    26.2404 0.0000e+00
        985     79.449     0.4712   2.773252    32.7175    26.2402 0.0000e+00
        986     79.449     0.4712   2.773244    32.7174    26.2401 0.0000e+00
        987     79.457     0.4712   2.773236    32.7172    26.2400 0.0000e+00
        988     79.458     0.4710   2.773229    32.7174    26.2401 0.0000e+00
        989     79.454     0.4709   2.773205    32.7172    26.2400 0.0000e+00
        990     79.455     0.4707   2.773178    32.7170    26.2399 0.0000e+00
        991     79.465     0.4706   2.773185    32.7172    26.2400 0.0000e+00
        992     79.484     0.4706   2.773205    32.7175    26.2402 0.0000e+00
        993     79.500     0.4706   2.773202    32.7174    26.2402 0.0000e+00
        994     79.510     0.4706   2.773188    32.7172    26.2401 0.0000e+00
        995     79.516     0.4704   2.773178    32.7173    26.2401 0.0000e+00
        996     79.517     0.4703   2.773167    32.7173    26.2401 0.0000e+00
        997     79.511     0.4703   2.773157    32.7171    26.2400 0.0000e+00
        998     79.504     0.4703   2.773154    32.7171    26.2400 0.0000e+00
        999     79.503     0.4703   2.773161    32.7172    26.2400 0.0000e+00
       1000     79.506     0.4703   2.773174    32.7174    26.2402 0.0000e+00
       1001     79.502     0.4703   2.773182    32.7175    26.2403 0.0000e+00
       1002     79.486     0.4704   2.773185    32.7174    26.2402 0.0000e+00
       1003     79.468     0.4703   2.773176    32.7174    26.2402 0.0000e+00
       1004     79.465     0.4703   2.773162    32.7172    26.2401 0.0000e+00
       1005     79.486     0.4703   2.773155    32.7171    26.2400 0.0000e+00
       1006     79.513     0.4703   2.773155    32.7171    26.2400 0.0000e+00
       1007     79.527     0.4703   2.773161    32.7172    26.2400 0.0000e+00
       1008     79.533     0.4703   2.773161    32.7172    26.2400 0.0000e+00
       1009     79.543     0.4702   2.773152    32.7172    26.2400 0.0000e+00
       1010     79.553     0.4702   2.773148    32.7171    26.2400 0.0000e+00
       1011     79.559     0.4702   2.773143    32.7170    26.2399 0.0000e+00
       1012     79.562     0.4700   2.773130    32.7171    26.2400 0.0000e+00
       1013     79.565     0.4699   2.773128    32.7172    26.2400 0.0000e+00
       1014     79.574     0.4699   2.773138    32.7173    26.2401 0.0000e+00
       1015     79.584     0.4699   2.773139    32.7173    26.2401 0.0000e+00
       1016     79.585     0.4698   2.773128    32.7173    26.2401 0.0000e+00
       1017     79.578     0.4698   2.773117    32.7171    26.2400 0.0000e+00
       1018     79.570     0.4698   2.773112    32.7171    26.2400 0.0000e+00
       1019     79.563     0.4698   2.773108    32.7170    26.2399 0.0000e+00
       1020     79.557     0.4698   2.773107    32.7170    26.2399 0.0000e+00
       1021     79.557     0.4699   2.773108    32.7169    26.2398 0.0000e+00
       1022     79.567     0.4699   2.773106    32.7169    26.2398 0.0000e+00
       1023     79.579     0.4700   2.773108    32.7168    26.2397 0.0000e+00
       1024     79.588     0.4704   2.773119    32.7165    26.2395 0.0000e+00
       1025     79.597     0.4707   2.773126    32.7163    26.2393 0.0000e+00
