Datasets/Test_Dataset_39219_tow/originals/tel219_2021_042.cnv
* Sea-Bird SBE19plus Data File:
* Filename = C:/AQUIRE/tel219_2021_042.hex
* Software Version AquireV2 AF V2.0
* Temperature SN =  4020
* Conductivity SN =  4020
* System UpLoad Time = May 12 2021 10:58:39
** VESSEL/TRIP/SEQ STN: tel219_2021_042
** LATITUDE: 45 08.48 N
** LONGITUDE: 56 06.89 W
** DATE/TIME: 2021-05-12 10:17
** SOUNDING DEPTH (M): 0088
** PROBE TYPE: S4020
** CTD NUMBER:  42
** FORMAT: T
** COMMENTS: 
# nquan = 7                                 
# nvalues = 2539                        
# units = specified
# name 0 = scan: Scan Count
# name 1 = prdM: Pressure, Strain Gauge [db]
# name 2 = tv290C: Temperature [ITS-90, deg C]
# name 3 = c0S/m: Conductivity [S/m]
# name 4 = sal00: Salinity, Practical [PSU]
# name 5 = sigma-t00: Density [sigma-t, kg/m^3 ]
# name 6 = flag: flag
# span 0 =          1,       2539       
# span 1 =     -0.156,     85.644       
# span 2 =     1.1273,     4.6376       
# span 3 =   0.012057,   2.992938       
# span 4 =     0.0917,    32.4424       
# span 5 =     0.0458,    25.9774       
# span 6 = 0.0000e+00, 0.0000e+00       
# interval = seconds: 1
# start_time = May 12 2021 10:17:28 [Instrument's time stamp, header]
# bad_flag = -9.990e-29
*END*
[from data line 821]
        822     84.741     1.1330   2.794691    32.2968    25.8641 0.0000e+00
        823     84.706     1.1329   2.794658    32.2965    25.8639 0.0000e+00
        824     84.696     1.1327   2.794614    32.2962    25.8636 0.0000e+00
        825     84.703     1.1326   2.794597    32.2961    25.8635 0.0000e+00
        826     84.712     1.1326   2.794607    32.2962    25.8636 0.0000e+00
        827     84.723     1.1330   2.794629    32.2961    25.8635 0.0000e+00
        828     84.739     1.1334   2.794664    32.2961    25.8635 0.0000e+00
        829     84.763     1.1338   2.794701    32.2961    25.8635 0.0000e+00
        830     84.793     1.1340   2.794720    32.2961    25.8635 0.0000e+00
        831     84.828     1.1340   2.794724    32.2962    25.8635 0.0000e+00
        832     84.861     1.1339   2.794721    32.2962    25.8636 0.0000e+00
        833     84.882     1.1338   2.794715    32.2962    25.8636 0.0000e+00
        834     84.877     1.1338   2.794718    32.2963    25.8636 0.0000e+00
        835     84.843     1.1337   2.794731    32.2966    25.8639 0.0000e+00
        836     84.803     1.1336   2.794726    32.2966    25.8639 0.0000e+00
        837     84.781     1.1336   2.794703    32.2964    25.8637 0.0000e+00
        838     84.784     1.1336   2.794704    32.2964    25.8637 0.0000e+00
        839     84.792     1.1337   2.794726    32.2965    25.8638 0.0000e+00
        840     84.788     1.1336   2.794720    32.2966    25.8639 0.0000e+00
        841     84.779     1.1333   2.794681    32.2964    25.8637 0.0000e+00
        842     84.777     1.1330   2.794644    32.2962    25.8636 0.0000e+00
        843     84.784     1.1328   2.794630    32.2963    25.8637 0.0000e+00
        844     84.788     1.1326   2.794631    32.2965    25.8638 0.0000e+00
        845     84.774     1.1327   2.794637    32.2964    25.8638 0.0000e+00
        846     84.744     1.1329   2.794648    32.2964    25.8638 0.0000e+00
        847     84.719     1.1330   2.794655    32.2964    25.8638 0.0000e+00
        848     84.715     1.1330   2.794653    32.2964    25.8637 0.0000e+00
        849     84.734     1.1329   2.794642    32.2963    25.8637 0.0000e+00
        850     84.758     1.1327   2.794632    32.2964    25.8638 0.0000e+00
        851     84.771     1.1326   2.794628    32.2964    25.8638 0.0000e+00
        852     84.770     1.1326   2.794623    32.2964    25.8638 0.0000e+00
        853     84.761     1.1326   2.794619    32.2963    25.8637 0.0000e+00
        854     84.749     1.1328   2.794630    32.2963    25.8637 0.0000e+00
        855     84.736     1.1332   2.794656    32.2962    25.8636 0.0000e+00
        856     84.712     1.1334   2.794682    32.2963    25.8637 0.0000e+00
        857     84.664     1.1334   2.794696    32.2965    25.8639 0.0000e+00
        858     84.588     1.1335   2.794697    32.2965    25.8638 0.0000e+00
        859     84.499     1.1334   2.794681    32.2964    25.8638 0.0000e+00
        860     84.417     1.1333   2.794666    32.2964    25.8637 0.0000e+00
        861     84.350     1.1332   2.794655    32.2964    25.8638 0.0000e+00
        862     84.296     1.1332   2.794646    32.2963    25.8637 0.0000e+00
        863     84.267     1.1334   2.794658    32.2963    25.8636 0.0000e+00
        864     84.267     1.1339   2.794684    32.2961    25.8635 0.0000e+00
        865     84.288     1.1342   2.794706    32.2960    25.8634 0.0000e+00
        866     84.324     1.1344   2.794716    32.2959    25.8633 0.0000e+00
        867     84.375     1.1345   2.794728    32.2960    25.8633 0.0000e+00
        868     84.431     1.1345   2.794742    32.2961    25.8634 0.0000e+00
        869     84.474     1.1347   2.794754    32.2960    25.8634 0.0000e+00
        870     84.495     1.1347   2.794760    32.2961    25.8634 0.0000e+00
        871     84.495     1.1348   2.794766    32.2961    25.8634 0.0000e+00
        872     84.482     1.1349   2.794775    32.2961    25.8634 0.0000e+00
        873     84.468     1.1349   2.794786    32.2962    25.8635 0.0000e+00
        874     84.459     1.1351   2.794795    32.2962    25.8634 0.0000e+00
        875     84.461     1.1351   2.794795    32.2962    25.8634 0.0000e+00
        876     84.474     1.1350   2.794789    32.2962    25.8635 0.0000e+00
        877     84.498     1.1349   2.794791    32.2963    25.8636 0.0000e+00
        878     84.529     1.1351   2.794809    32.2963    25.8636 0.0000e+00
        879     84.563     1.1353   2.794829    32.2963    25.8636 0.0000e+00
        880     84.598     1.1353   2.794842    32.2965    25.8637 0.0000e+00
        881     84.627     1.1353   2.794844    32.2965    25.8637 0.0000e+00
        882     84.642     1.1353   2.794841    32.2964    25.8636 0.0000e+00
        883     84.646     1.1353   2.794837    32.2964    25.8636 0.0000e+00
        884     84.653     1.1353   2.794839    32.2964    25.8636 0.0000e+00
        885     84.668     1.1353   2.794844    32.2965    25.8637 0.0000e+00
        886     84.681     1.1353   2.794848    32.2965    25.8637 0.0000e+00
        887     84.681     1.1353   2.794853    32.2966    25.8638 0.0000e+00
        888     84.667     1.1353   2.794848    32.2965    25.8637 0.0000e+00
        889     84.650     1.1355   2.794836    32.2962    25.8634 0.0000e+00
        890     84.643     1.1356   2.794842    32.2961    25.8634 0.0000e+00
        891     84.653     1.1357   2.794871    32.2964    25.8636 0.0000e+00
        892     84.674     1.1357   2.794892    32.2966    25.8638 0.0000e+00
        893     84.700     1.1357   2.794894    32.2967    25.8638 0.0000e+00
        894     84.730     1.1357   2.794891    32.2966    25.8638 0.0000e+00
        895     84.755     1.1357   2.794887    32.2965    25.8637 0.0000e+00
        896     84.773     1.1357   2.794889    32.2966    25.8637 0.0000e+00
        897     84.782     1.1357   2.794894    32.2966    25.8638 0.0000e+00
        898     84.779     1.1357   2.794888    32.2965    25.8637 0.0000e+00
        899     84.767     1.1357   2.794883    32.2965    25.8637 0.0000e+00
        900     84.756     1.1357   2.794888    32.2966    25.8637 0.0000e+00
        901     84.754     1.1357   2.794893    32.2966    25.8638 0.0000e+00
        902     84.758     1.1358   2.794901    32.2966    25.8638 0.0000e+00
        903     84.758     1.1357   2.794906    32.2968    25.8639 0.0000e+00
        904     84.752     1.1357   2.794911    32.2968    25.8640 0.0000e+00
        905     84.740     1.1357   2.794912    32.2969    25.8640 0.0000e+00
        906     84.730     1.1357   2.794911    32.2969    25.8640 0.0000e+00
        907     84.737     1.1357   2.794913    32.2969    25.8640 0.0000e+00
        908     84.765     1.1357   2.794908    32.2968    25.8639 0.0000e+00
        909     84.798     1.1357   2.794897    32.2966    25.8638 0.0000e+00
        910     84.820     1.1357   2.794897    32.2966    25.8638 0.0000e+00
        911     84.818     1.1358   2.794906    32.2966    25.8638 0.0000e+00
        912     84.799     1.1359   2.794921    32.2967    25.8639 0.0000e+00
        913     84.778     1.1359   2.794932    32.2969    25.8640 0.0000e+00
        914     84.766     1.1361   2.794936    32.2967    25.8639 0.0000e+00
        915     84.765     1.1362   2.794940    32.2967    25.8638 0.0000e+00
        916     84.771     1.1362   2.794946    32.2968    25.8639 0.0000e+00
        917     84.777     1.1363   2.794947    32.2967    25.8638 0.0000e+00
        918     84.781     1.1364   2.794953    32.2966    25.8638 0.0000e+00
        919     84.788     1.1365   2.794967    32.2967    25.8638 0.0000e+00
        920     84.802     1.1367   2.794983    32.2967    25.8638 0.0000e+00
        921     84.821     1.1368   2.794993    32.2967    25.8638 0.0000e+00
        922     84.837     1.1368   2.794977    32.2965    25.8636 0.0000e+00
        923     84.845     1.1368   2.794958    32.2963    25.8634 0.0000e+00
        924     84.849     1.1366   2.794968    32.2966    25.8637 0.0000e+00
        925     84.857     1.1366   2.794976    32.2967    25.8638 0.0000e+00
        926     84.868     1.1365   2.794970    32.2967    25.8638 0.0000e+00
        927     84.873     1.1364   2.794969    32.2968    25.8639 0.0000e+00
        928     84.868     1.1363   2.794970    32.2969    25.8640 0.0000e+00
        929     84.864     1.1363   2.794973    32.2970    25.8640 0.0000e+00
        930     84.868     1.1363   2.794974    32.2970    25.8640 0.0000e+00
        931     84.876     1.1363   2.794966    32.2969    25.8639 0.0000e+00
        932     84.879     1.1364   2.794937    32.2964    25.8635 0.0000e+00
        933     84.876     1.1365   2.794917    32.2960    25.8633 0.0000e+00
        934     84.868     1.1365   2.794941    32.2963    25.8635 0.0000e+00
        935     84.856     1.1366   2.794974    32.2967    25.8638 0.0000e+00
        936     84.844     1.1366   2.794985    32.2968    25.8639 0.0000e+00
        937     84.830     1.1366   2.794994    32.2969    25.8640 0.0000e+00
        938     84.815     1.1366   2.794996    32.2970    25.8640 0.0000e+00
        939     84.802     1.1366   2.794985    32.2968    25.8639 0.0000e+00
        940     84.799     1.1365   2.794967    32.2967    25.8638 0.0000e+00
        941     84.811     1.1363   2.794946    32.2966    25.8638 0.0000e+00
        942     84.826     1.1360   2.794930    32.2967    25.8639 0.0000e+00
        943     84.836     1.1359   2.794921    32.2967    25.8638 0.0000e+00
        944     84.839     1.1357   2.794914    32.2968    25.8640 0.0000e+00
        945     84.840     1.1357   2.794914    32.2968    25.8640 0.0000e+00
        946     84.843     1.1359   2.794924    32.2968    25.8639 0.0000e+00
        947     84.840     1.1359   2.794930    32.2968    25.8639 0.0000e+00
        948     84.827     1.1359   2.794925    32.2968    25.8639 0.0000e+00
        949     84.805     1.1359   2.794919    32.2967    25.8638 0.0000e+00
        950     84.781     1.1359   2.794917    32.2967    25.8638 0.0000e+00
        951     84.763     1.1362   2.794923    32.2965    25.8636 0.0000e+00
        952     84.753     1.1365   2.794943    32.2964    25.8636 0.0000e+00
        953     84.746     1.1368   2.794963    32.2964    25.8635 0.0000e+00
        954     84.735     1.1370   2.794973    32.2963    25.8634 0.0000e+00
        955     84.722     1.1372   2.794992    32.2963    25.8635 0.0000e+00
        956     84.717     1.1378   2.795044    32.2964    25.8635 0.0000e+00
        957     84.725     1.1384   2.795105    32.2965    25.8635 0.0000e+00
        958     84.739     1.1387   2.795140    32.2967    25.8636 0.0000e+00
        959     84.753     1.1387   2.795146    32.2967    25.8637 0.0000e+00
        960     84.764     1.1387   2.795143    32.2967    25.8637 0.0000e+00
        961     84.770     1.1387   2.795141    32.2967    25.8636 0.0000e+00
        962     84.767     1.1387   2.795135    32.2966    25.8636 0.0000e+00
        963     84.749     1.1387   2.795132    32.2966    25.8635 0.0000e+00
        964     84.722     1.1389   2.795155    32.2967    25.8636 0.0000e+00
        965     84.696     1.1393   2.795193    32.2967    25.8637 0.0000e+00
        966     84.675     1.1395   2.795214    32.2968    25.8637 0.0000e+00
        967     84.656     1.1397   2.795211    32.2966    25.8635 0.0000e+00
        968     84.643     1.1397   2.795213    32.2966    25.8635 0.0000e+00
        969     84.643     1.1399   2.795226    32.2966    25.8635 0.0000e+00
        970     84.653     1.1400   2.795233    32.2966    25.8635 0.0000e+00
        971     84.663     1.1401   2.795235    32.2965    25.8634 0.0000e+00
        972     84.671     1.1401   2.795242    32.2966    25.8635 0.0000e+00
        973     84.680     1.1400   2.795244    32.2967    25.8636 0.0000e+00
        974     84.688     1.1398   2.795224    32.2966    25.8635 0.0000e+00
        975     84.689     1.1395   2.795191    32.2965    25.8635 0.0000e+00
        976     84.684     1.1393   2.795163    32.2964    25.8634 0.0000e+00
        977     84.675     1.1391   2.795140    32.2963    25.8633 0.0000e+00
        978     84.661     1.1391   2.795134    32.2962    25.8632 0.0000e+00
        979     84.647     1.1393   2.795152    32.2962    25.8633 0.0000e+00
        980     84.640     1.1395   2.795178    32.2964    25.8634 0.0000e+00
        981     84.643     1.1397   2.795203    32.2965    25.8634 0.0000e+00
        982     84.654     1.1398   2.795217    32.2966    25.8635 0.0000e+00
        983     84.663     1.1399   2.795222    32.2965    25.8634 0.0000e+00
        984     84.666     1.1399   2.795226    32.2966    25.8635 0.0000e+00
        985     84.664     1.1399   2.795228    32.2966    25.8635 0.0000e+00
        986     84.662     1.1399   2.795229    32.2966    25.8635 0.0000e+00
        987     84.657     1.1399   2.795241    32.2968    25.8636 0.0000e+00
        988     84.644     1.1401   2.795251    32.2967    25.8636 0.0000e+00
        989     84.625     1.1402   2.795250    32.2966    25.8635 0.0000e+00
        990     84.611     1.1403   2.795258    32.2966    25.8635 0.0000e+00
        991     84.606     1.1404   2.795284    32.2968    25.8636 0.0000e+00
        992     84.611     1.1406   2.795311    32.2969    25.8637 0.0000e+00
        993     84.617     1.1410   2.795328    32.2967    25.8636 0.0000e+00
        994     84.616     1.1412   2.795340    32.2967    25.8635 0.0000e+00
        995     84.607     1.1412   2.795348    32.2968    25.8636 0.0000e+00
        996     84.588     1.1412   2.795350    32.2968    25.8636 0.0000e+00
        997     84.568     1.1412   2.795349    32.2968    25.8636 0.0000e+00
        998     84.557     1.1410   2.795347    32.2970    25.8638 0.0000e+00
        999     84.559     1.1408   2.795339    32.2971    25.8639 0.0000e+00
       1000     84.569     1.1409   2.795331    32.2969    25.8637 0.0000e+00
       1001     84.581     1.1410   2.795329    32.2968    25.8636 0.0000e+00
       1002     84.591     1.1410   2.795330    32.2968    25.8636 0.0000e+00
       1003     84.602     1.1409   2.795331    32.2969    25.8637 0.0000e+00
       1004     84.617     1.1406   2.795313    32.2970    25.8638 0.0000e+00
       1005     84.631     1.1403   2.795286    32.2969    25.8637 0.0000e+00
       1006     84.629     1.1400   2.795273    32.2971    25.8639 0.0000e+00
       1007     84.603     1.1399   2.795273    32.2972    25.8640 0.0000e+00
       1008     84.565     1.1399   2.795270    32.2972    25.8640 0.0000e+00
       1009     84.537     1.1400   2.795265    32.2970    25.8638 0.0000e+00
       1010     84.530     1.1402   2.795271    32.2969    25.8637 0.0000e+00
       1011     84.546     1.1404   2.795287    32.2969    25.8637 0.0000e+00
       1012     84.570     1.1405   2.795295    32.2969    25.8637 0.0000e+00
       1013     84.580     1.1406   2.795301    32.2968    25.8637 0.0000e+00
       1014     84.575     1.1406   2.795311    32.2970    25.8638 0.0000e+00
       1015     84.564     1.1406   2.795325    32.2972    25.8639 0.0000e+00
       1016     84.552     1.1408   2.795334    32.2971    25.8638 0.0000e+00
       1017     84.537     1.1408   2.795339    32.2971    25.8639 0.0000e+00
       1018     84.516     1.1410   2.795349    32.2971    25.8638 0.0000e+00
       1019     84.496     1.1411   2.795359    32.2971    25.8638 0.0000e+00
       1020     84.487     1.1413   2.795372    32.2971    25.8638 0.0000e+00
       1021     84.492     1.1414   2.795385    32.2971    25.8638 0.0000e+00
       1022     84.497     1.1414   2.795391    32.2972    25.8639 0.0000e+00
       1023     84.489     1.1414   2.795385    32.2971    25.8638 0.0000e+00
       1024     84.468     1.1415   2.795383    32.2970    25.8637 0.0000e+00
       1025     84.448     1.1416   2.795392    32.2970    25.8638 0.0000e+00
