Datasets/Test_Dataset_39219_tow/originals/tel219_2021_040.cnv
* Sea-Bird SBE19plus Data File:
* Filename = C:/AQUIRE/tel219_2021_040.hex
* Software Version AquireV2 AF V2.0
* Temperature SN =  4020
* Conductivity SN =  4020
* System UpLoad Time = May 12 2021 01:40:01
** VESSEL/TRIP/SEQ STN: tel219_2021_040
** LATITUDE: 44 54.05 N
** LONGITUDE: 56 15.31 W
** DATE/TIME: 2021-05-12 00:39
** SOUNDING DEPTH (M): 0336
** PROBE TYPE: S4020
** CTD NUMBER:  40
** FORMAT: t
** COMMENTS: 
# nquan = 7                                 
# nvalues = 3661                        
# units = specified
# name 0 = scan: Scan Count
# name 1 = prdM: Pressure, Strain Gauge [db]
# name 2 = tv290C: Temperature [ITS-90, deg C]
# name 3 = c0S/m: Conductivity [S/m]
# name 4 = sal00: Salinity, Practical [PSU]
# name 5 = sigma-t00: Density [sigma-t, kg/m^3 ]
# name 6 = flag: flag
# span 0 =          1,       3661       
# span 1 =     -0.430,    340.873       
# span 2 =     4.3728,     9.5709       
# span 3 =   0.011744,   3.788525       
# span 4 =     0.0872,    35.2073       
# span 5 =     0.0175,    27.5487       
# span 6 = 0.0000e+00, 0.0000e+00       
# interval = seconds: 1
# start_time = May 12 2021 00:39:55 [Instrument's time stamp, header]
# bad_flag = -9.990e-29
*END*
[from data line 1231]
       1232     17.093     4.4215   3.072400    32.4007    25.6765 0.0000e+00
       1233     17.425     4.4291   3.072828    32.3980    25.6736 0.0000e+00
       1234     17.760     4.4349   3.073073    32.3950    25.6706 0.0000e+00
       1235     18.102     4.4387   3.073425    32.3952    25.6704 0.0000e+00
       1236     18.445     4.4427   3.074170    32.3998    25.6736 0.0000e+00
       1237     18.792     4.4535   3.076107    32.4116    25.6819 0.0000e+00
       1238     19.151     4.4786   3.079891    32.4308    25.6946 0.0000e+00
       1239     19.520     4.5175   3.084754    32.4490    25.7050 0.0000e+00
       1240     19.887     4.5620   3.089303    32.4580    25.7075 0.0000e+00
       1241     20.252     4.6022   3.092845    32.4595    25.7044 0.0000e+00
       1242     20.628     4.6339   3.095584    32.4600    25.7015 0.0000e+00
       1243     21.019     4.6622   3.098339    32.4640    25.7016 0.0000e+00
       1244     21.404     4.6923   3.101363    32.4694    25.7027 0.0000e+00
       1245     21.768     4.7210   3.104179    32.4737    25.7030 0.0000e+00
       1246     22.117     4.7440   3.106505    32.4779    25.7039 0.0000e+00
       1247     22.463     4.7621   3.108184    32.4794    25.7032 0.0000e+00
       1248     22.812     4.7778   3.109495    32.4790    25.7012 0.0000e+00
       1249     23.164     4.7933   3.111012    32.4812    25.7012 0.0000e+00
       1250     23.522     4.8071   3.112266    32.4820    25.7004 0.0000e+00
       1251     23.892     4.8154   3.111776    32.4680    25.6884 0.0000e+00
       1252     24.282     4.8179   3.109965    32.4444    25.6695 0.0000e+00
       1253     24.694     4.8187   3.108405    32.4254    25.6543 0.0000e+00
       1254     25.117     4.8166   3.107789    32.4202    25.6504 0.0000e+00
       1255     25.542     4.8083   3.109613    32.4491    25.6742 0.0000e+00
       1256     25.963     4.8037   3.113421    32.4974    25.7130 0.0000e+00
       1257     26.379     4.8119   3.115891    32.5177    25.7282 0.0000e+00
       1258     26.799     4.8323   3.117976    32.5216    25.7290 0.0000e+00
       1259     27.224     4.8757   3.124131    32.5498    25.7467 0.0000e+00
       1260     27.647     4.9434   3.132240    32.5767    25.7607 0.0000e+00
       1261     28.072     5.0024   3.136727    32.5704    25.7491 0.0000e+00
       1262     28.505     5.0255   3.135849    32.5375    25.7205 0.0000e+00
       1263     28.947     5.0186   3.132523    32.5058    25.6962 0.0000e+00
       1264     29.395     5.0008   3.132306    32.5205    25.7098 0.0000e+00
       1265     29.846     4.9876   3.135411    32.5689    25.7496 0.0000e+00
       1266     30.297     4.9911   3.138833    32.6045    25.7775 0.0000e+00
       1267     30.742     5.0074   3.141724    32.6216    25.7892 0.0000e+00
       1268     31.184     5.0193   3.142885    32.6231    25.7890 0.0000e+00
       1269     31.627     5.0238   3.141634    32.6041    25.7735 0.0000e+00
       1270     32.074     5.0299   3.138963    32.5672    25.7436 0.0000e+00
       1271     32.527     5.0418   3.138443    32.5494    25.7281 0.0000e+00
       1272     32.980     5.0702   3.143864    32.5836    25.7521 0.0000e+00
       1273     33.420     5.1260   3.152363    32.6263    25.7797 0.0000e+00
       1274     33.843     5.1916   3.158042    32.6270    25.7728 0.0000e+00
       1275     34.253     5.2377   3.160289    32.6075    25.7522 0.0000e+00
       1276     34.664     5.2603   3.161164    32.5952    25.7399 0.0000e+00
       1277     35.088     5.2710   3.160521    32.5772    25.7245 0.0000e+00
       1278     35.529     5.2713   3.157976    32.5477    25.7011 0.0000e+00
       1279     35.986     5.2605   3.156614    32.5424    25.6981 0.0000e+00
       1280     36.454     5.2485   3.158227    32.5723    25.7231 0.0000e+00
       1281     36.931     5.2435   3.159059    32.5864    25.7349 0.0000e+00
       1282     37.418     5.2420   3.157123    32.5655    25.7185 0.0000e+00
       1283     37.918     5.2406   3.154304    32.5345    25.6941 0.0000e+00
       1284     38.435     5.2431   3.152430    32.5104    25.6747 0.0000e+00
       1285     38.963     5.2480   3.151727    32.4973    25.6638 0.0000e+00
       1286     39.496     5.2500   3.151292    32.4901    25.6579 0.0000e+00
       1287     40.029     5.2452   3.151075    32.4921    25.6600 0.0000e+00
       1288     40.567     5.2300   3.151429    32.5106    25.6764 0.0000e+00
       1289     41.111     5.2128   3.153175    32.5470    25.7071 0.0000e+00
       1290     41.658     5.2116   3.156471    32.5856    25.7378 0.0000e+00
       1291     42.200     5.2272   3.159111    32.6003    25.7477 0.0000e+00
       1292     42.735     5.2455   3.159813    32.5902    25.7376 0.0000e+00
       1293     43.276     5.2702   3.159278    32.5598    25.7107 0.0000e+00
       1294     43.837     5.3232   3.161500    32.5333    25.6837 0.0000e+00
       1295     44.422     5.3989   3.169701    32.5528    25.6905 0.0000e+00
       1296     45.026     5.4589   3.176358    32.5699    25.6971 0.0000e+00
       1297     45.631     5.4792   3.174938    32.5338    25.6662 0.0000e+00
       1298     46.225     5.4678   3.170410    32.4932    25.6354 0.0000e+00
       1299     46.805     5.4463   3.167350    32.4790    25.6266 0.0000e+00
       1300     47.376     5.4320   3.166391    32.4816    25.6304 0.0000e+00
       1301     47.946     5.4198   3.166380    32.4930    25.6408 0.0000e+00
       1302     48.513     5.3906   3.166576    32.5233    25.6681 0.0000e+00
       1303     49.074     5.3503   3.167987    32.5782    25.7162 0.0000e+00
       1304     49.629     5.3275   3.169037    32.6121    25.7456 0.0000e+00
       1305     50.183     5.3369   3.169062    32.6029    25.7373 0.0000e+00
       1306     50.746     5.3693   3.172154    32.6063    25.7363 0.0000e+00
       1307     51.324     5.3934   3.180175    32.6739    25.7870 0.0000e+00
       1308     51.909     5.3871   3.187006    32.7575    25.8538 0.0000e+00
       1309     52.485     5.3650   3.186812    32.7766    25.8715 0.0000e+00
       1310     53.044     5.3525   3.183798    32.7542    25.8552 0.0000e+00
       1311     53.589     5.3532   3.184109    32.7568    25.8572 0.0000e+00
       1312     54.127     5.3570   3.186454    32.7795    25.8748 0.0000e+00
       1313     54.668     5.3586   3.188559    32.8017    25.8921 0.0000e+00
       1314     55.219     5.3582   3.190199    32.8205    25.9070 0.0000e+00
       1315     55.786     5.3542   3.190182    32.8239    25.9102 0.0000e+00
       1316     56.366     5.3360   3.188622    32.8237    25.9121 0.0000e+00
       1317     56.945     5.3026   3.187994    32.8490    25.9360 0.0000e+00
       1318     57.517     5.2850   3.189713    32.8856    25.9670 0.0000e+00
       1319     58.088     5.2976   3.191705    32.8957    25.9735 0.0000e+00
       1320     58.664     5.3052   3.191279    32.8830    25.9627 0.0000e+00
       1321     59.244     5.2738   3.187935    32.8754    25.9602 0.0000e+00
       1322     59.822     5.2050   3.182679    32.8827    25.9738 0.0000e+00
       1323     60.394     5.1142   3.177053    32.9074    26.0036 0.0000e+00
       1324     60.963     5.0208   3.172712    32.9494    26.0474 0.0000e+00
       1325     61.532     4.9564   3.170713    32.9899    26.0867 0.0000e+00
       1326     62.107     4.9356   3.170933    33.0128    26.1071 0.0000e+00
       1327     62.691     4.9389   3.172217    33.0240    26.1156 0.0000e+00
       1328     63.278     4.9399   3.172876    33.0303    26.1205 0.0000e+00
       1329     63.859     4.9239   3.173698    33.0554    26.1422 0.0000e+00
       1330     64.428     4.9001   3.177719    33.1252    26.2002 0.0000e+00
       1331     64.990     4.8940   3.184721    33.2119    26.2695 0.0000e+00
       1332     65.552     4.9107   3.190809    33.2652    26.3100 0.0000e+00
       1333     66.118     4.9350   3.194431    33.2824    26.3209 0.0000e+00
       1334     66.688     4.9619   3.198041    33.2969    26.3294 0.0000e+00
       1335     67.260     5.0034   3.204806    33.3331    26.3534 0.0000e+00
       1336     67.829     5.0684   3.214452    33.3788    26.3823 0.0000e+00
       1337     68.389     5.1424   3.223405    33.4074    26.3965 0.0000e+00
       1338     68.946     5.2075   3.230646    33.4251    26.4031 0.0000e+00
       1339     69.505     5.2667   3.237003    33.4384    26.4068 0.0000e+00
       1340     70.062     5.3207   3.240706    33.4266    26.3912 0.0000e+00
       1341     70.613     5.3626   3.243021    33.4110    26.3739 0.0000e+00
       1342     71.160     5.3951   3.245131    33.4024    26.3633 0.0000e+00
       1343     71.707     5.4199   3.242493    33.3473    26.3168 0.0000e+00
       1344     72.260     5.4362   3.239087    33.2921    26.2712 0.0000e+00
       1345     72.822     5.4493   3.239920    33.2883    26.2666 0.0000e+00
       1346     73.387     5.4552   3.240988    33.2943    26.2707 0.0000e+00
       1347     73.948     5.4446   3.242033    33.3164    26.2895 0.0000e+00
       1348     74.500     5.4246   3.244753    33.3670    26.3319 0.0000e+00
       1349     75.046     5.4131   3.248386    33.4196    26.3749 0.0000e+00
       1350     75.589     5.4177   3.252000    33.4560    26.4031 0.0000e+00
       1351     76.130     5.4311   3.254180    33.4672    26.4104 0.0000e+00
       1352     76.671     5.4391   3.254474    33.4623    26.4056 0.0000e+00
       1353     77.213     5.4365   3.253538    33.4539    26.3993 0.0000e+00
       1354     77.760     5.4288   3.252179    33.4458    26.3938 0.0000e+00
       1355     78.313     5.4213   3.251963    33.4506    26.3984 0.0000e+00
       1356     78.868     5.4146   3.252688    33.4653    26.4108 0.0000e+00
       1357     79.427     5.4067   3.252285    33.4683    26.4141 0.0000e+00
       1358     79.988     5.3977   3.250812    33.4601    26.4087 0.0000e+00
       1359     80.554     5.3904   3.249559    33.4528    26.4038 0.0000e+00
       1360     81.125     5.3849   3.248660    33.4478    26.4005 0.0000e+00
       1361     81.696     5.3788   3.247793    33.4437    26.3979 0.0000e+00
       1362     82.262     5.3666   3.246129    33.4366    26.3937 0.0000e+00
       1363     82.824     5.3382   3.241854    33.4158    26.3806 0.0000e+00
       1364     83.388     5.2908   3.235549    33.3907    26.3662 0.0000e+00
       1365     83.954     5.2336   3.229458    33.3777    26.3626 0.0000e+00
       1366     84.517     5.1687   3.223430    33.3731    26.3664 0.0000e+00
       1367     85.076     5.1001   3.217921    33.3782    26.3782 0.0000e+00
       1368     85.632     5.0538   3.216056    33.4028    26.4030 0.0000e+00
       1369     86.189     5.0467   3.219405    33.4482    26.4397 0.0000e+00
       1370     86.751     5.0609   3.224284    33.4898    26.4711 0.0000e+00
       1371     87.322     5.0754   3.225975    33.4944    26.4731 0.0000e+00
       1372     87.895     5.0864   3.223128    33.4503    26.4369 0.0000e+00
       1373     88.467     5.0880   3.217841    33.3876    26.3871 0.0000e+00
       1374     89.041     5.0794   3.214848    33.3615    26.3674 0.0000e+00
       1375     89.616     5.0662   3.215030    33.3765    26.3808 0.0000e+00
       1376     90.189     5.0419   3.217205    33.4256    26.4224 0.0000e+00
       1377     90.753     5.0129   3.221303    33.5016    26.4859 0.0000e+00
       1378     91.316     4.9982   3.224342    33.5512    26.5269 0.0000e+00
       1379     91.889     5.0037   3.226254    33.5674    26.5391 0.0000e+00
       1380     92.467     5.0370   3.232063    33.6005    26.5616 0.0000e+00
       1381     93.040     5.0975   3.241185    33.6443    26.5894 0.0000e+00
       1382     93.606     5.1561   3.244845    33.6270    26.5690 0.0000e+00
       1383     94.169     5.1978   3.241658    33.5482    26.5018 0.0000e+00
       1384     94.732     5.2320   3.239278    33.4864    26.4488 0.0000e+00
       1385     95.295     5.2498   3.240906    33.4869    26.4472 0.0000e+00
       1386     95.860     5.2416   3.244009    33.5304    26.4826 0.0000e+00
       1387     96.428     5.2287   3.245096    33.5555    26.5039 0.0000e+00
       1388     97.003     5.2507   3.244663    33.5282    26.4798 0.0000e+00
       1389     97.582     5.3598   3.249184    33.4705    26.4214 0.0000e+00
       1390     98.161     5.5565   3.263656    33.4390    26.3732 0.0000e+00
       1391     98.739     5.7263   3.274350    33.3915    26.3152 0.0000e+00
       1392     99.309     5.7596   3.268799    33.2955    26.2353 0.0000e+00
       1393     99.869     5.7022   3.261595    33.2705    26.2225 0.0000e+00
       1394    100.423     5.6784   3.262400    33.3028    26.2509 0.0000e+00
       1395    100.980     5.6962   3.263250    33.2946    26.2422 0.0000e+00
       1396    101.544     5.6563   3.262792    33.3285    26.2739 0.0000e+00
       1397    102.112     5.5516   3.265725    33.4654    26.3947 0.0000e+00
       1398    102.682     5.5090   3.269258    33.5478    26.4649 0.0000e+00
       1399    103.256     5.6305   3.274703    33.4883    26.4033 0.0000e+00
       1400    103.836     5.8484   3.285347    33.3923    26.3010 0.0000e+00
       1401    104.421     5.9766   3.289712    33.3147    26.2239 0.0000e+00
       1402    105.009     5.9297   3.285340    33.3115    26.2271 0.0000e+00
       1403    105.596     5.8032   3.286085    33.4445    26.3478 0.0000e+00
       1404    106.178     5.7362   3.299931    33.6673    26.5321 0.0000e+00
       1405    106.748     5.7790   3.321850    33.8722    26.6889 0.0000e+00
       1406    107.306     5.8651   3.335986    33.9453    26.7361 0.0000e+00
       1407    107.860     5.9208   3.334583    33.8733    26.6723 0.0000e+00
       1408    108.423     5.9614   3.325932    33.7350    26.5579 0.0000e+00
       1409    108.999     5.9926   3.324542    33.6881    26.5169 0.0000e+00
       1410    109.579     5.9841   3.331088    33.7699    26.5826 0.0000e+00
       1411    110.155     5.9628   3.331427    33.7946    26.6048 0.0000e+00
       1412    110.728     5.9596   3.330539    33.7875    26.5996 0.0000e+00
       1413    111.299     5.9537   3.338998    33.8884    26.6801 0.0000e+00
       1414    111.866     5.9478   3.350988    34.0292    26.7920 0.0000e+00
       1415    112.430     5.9725   3.362484    34.1336    26.8715 0.0000e+00
       1416    112.996     6.0274   3.372134    34.1866    26.9065 0.0000e+00
       1417    113.564     6.0944   3.377064    34.1743    26.8882 0.0000e+00
       1418    114.133     6.1906   3.385718    34.1743    26.8759 0.0000e+00
       1419    114.696     6.3465   3.404104    34.2230    26.8942 0.0000e+00
       1420    115.249     6.5205   3.420917    34.2355    26.8812 0.0000e+00
       1421    115.795     6.6413   3.429457    34.2091    26.8444 0.0000e+00
       1422    116.339     6.7045   3.430516    34.1575    26.7952 0.0000e+00
       1423    116.889     6.7301   3.425413    34.0753    26.7270 0.0000e+00
       1424    117.445     6.7256   3.424570    34.0702    26.7235 0.0000e+00
       1425    118.001     6.7136   3.430811    34.1509    26.7887 0.0000e+00
       1426    118.553     6.7212   3.430448    34.1390    26.7784 0.0000e+00
       1427    119.112     6.7879   3.421851    33.9775    26.6421 0.0000e+00
       1428    119.677     6.9150   3.416528    33.7933    26.4798 0.0000e+00
       1429    120.242     6.9961   3.416380    33.7119    26.4046 0.0000e+00
       1430    120.807     6.9697   3.417245    33.7470    26.4358 0.0000e+00
       1431    121.372     6.9118   3.417181    33.8028    26.4877 0.0000e+00
       1432    121.939     6.8733   3.417040    33.8389    26.5213 0.0000e+00
       1433    122.506     6.8274   3.424031    33.9608    26.6236 0.0000e+00
       1434    123.067     6.7962   3.443361    34.2047    26.8201 0.0000e+00
       1435    123.618     6.8454   3.467743    34.4243    26.9865 0.0000e+00
