Datasets/Test_Dataset_39219_tow/originals/tel219_2021_075.cnv
* Sea-Bird SBE19plus Data File:
* Filename = C:/AQUIRE/tel219_2021_075.hex
* Software Version AquireV2 AF V2.0
* Temperature SN =  4020
* Conductivity SN =  4020
* System UpLoad Time = May 15 2021 22:38:01
** VESSEL/TRIP/SEQ STN: tel219_2021_075
** LATITUDE: 45 12.52 N
** LONGITUDE: 55 50.90 W
** DATE/TIME: 2021-05-15 21:56
** SOUNDING DEPTH (M): 0081
** PROBE TYPE: S4020
** CTD NUMBER: 075
** FORMAT: t
** COMMENTS: 
# nquan = 7                                 
# nvalues = 2509                        
# units = specified
# name 0 = scan: Scan Count
# name 1 = prdM: Pressure, Strain Gauge [db]
# name 2 = tv290C: Temperature [ITS-90, deg C]
# name 3 = c0S/m: Conductivity [S/m]
# name 4 = sal00: Salinity, Practical [PSU]
# name 5 = sigma-t00: Density [sigma-t, kg/m^3 ]
# name 6 = flag: flag
# span 0 =          1,       2509       
# span 1 =     -0.009,     76.965       
# span 2 =     0.8799,     5.1927       
# span 3 =   0.004834,   3.068519       
# span 4 =     0.0356,    32.3024       
# span 5 =    -0.0079,    25.8835       
# span 6 = 0.0000e+00, 0.0000e+00       
# interval = seconds: 1
# start_time = May 15 2021 21:56:19 [Instrument's time stamp, header]
# bad_flag = -9.990e-29
*END*
[from data line 2257]
       2258      0.319     4.0303   0.044546     0.3605     0.2655 0.0000e+00
       2259      0.316     4.0299   0.043653     0.3530     0.2595 0.0000e+00
       2260      0.314     4.0296   0.043978     0.3557     0.2617 0.0000e+00
       2261      0.314     4.0292   0.044912     0.3636     0.2680 0.0000e+00
       2262      0.315     4.0289   0.045083     0.3650     0.2692 0.0000e+00
       2263      0.317     4.0285   0.044257     0.3581     0.2636 0.0000e+00
       2264      0.317     4.0282   0.043224     0.3494     0.2566 0.0000e+00
       2265      0.317     4.0278   0.043025     0.3477     0.2553 0.0000e+00
       2266      0.316     4.0276   0.043694     0.3533     0.2598 0.0000e+00
       2267      0.312     4.0274   0.044105     0.3568     0.2626 0.0000e+00
       2268      0.309     4.0271   0.043610     0.3526     0.2592 0.0000e+00
       2269      0.308     4.0267   0.042691     0.3449     0.2530 0.0000e+00
       2270      0.309     4.0265   0.042068     0.3397     0.2488 0.0000e+00
       2271      0.308     4.0262   0.041798     0.3374     0.2470 0.0000e+00
       2272      0.306     4.0260   0.041407     0.3341     0.2444 0.0000e+00
       2273      0.304     4.0258   0.040684     0.3281     0.2395 0.0000e+00
       2274      0.305     4.0254   0.039971     0.3221     0.2347 0.0000e+00
       2275      0.306     4.0252   0.039667     0.3196     0.2326 0.0000e+00
       2276      0.306     4.0250   0.039603     0.3190     0.2322 0.0000e+00
       2277      0.305     4.0248   0.039324     0.3167     0.2303 0.0000e+00
       2278      0.304     4.0245   0.038736     0.3118     0.2264 0.0000e+00
       2279      0.303     4.0243   0.038043     0.3060     0.2217 0.0000e+00
       2280      0.301     4.0241   0.037519     0.3016     0.2182 0.0000e+00
       2281      0.295     4.0238   0.037350     0.3002     0.2170 0.0000e+00
       2282      0.289     4.0236   0.037349     0.3002     0.2170 0.0000e+00
       2283      0.287     4.0234   0.037105     0.2982     0.2154 0.0000e+00
       2284      0.287     4.0231   0.036426     0.2925     0.2108 0.0000e+00
       2285      0.287     4.0229   0.035613     0.2857     0.2054 0.0000e+00
       2286      0.285     4.0227   0.035174     0.2821     0.2024 0.0000e+00
       2287      0.281     4.0225   0.035200     0.2823     0.2026 0.0000e+00
       2288      0.280     4.0222   0.035365     0.2837     0.2037 0.0000e+00
       2289      0.282     4.0220   0.035325     0.2833     0.2035 0.0000e+00
       2290      0.284     4.0217   0.034872     0.2796     0.2004 0.0000e+00
       2291      0.285     4.0215   0.034175     0.2738     0.1958 0.0000e+00
       2292      0.286     4.0213   0.033693     0.2698     0.1925 0.0000e+00
       2293      0.283     4.0210   0.033702     0.2698     0.1926 0.0000e+00
       2294      0.279     4.0207   0.034021     0.2725     0.1947 0.0000e+00
       2295      0.276     4.0205   0.034059     0.2728     0.1950 0.0000e+00
       2296      0.274     4.0202   0.033542     0.2685     0.1915 0.0000e+00
       2297      0.274     4.0199   0.032974     0.2638     0.1877 0.0000e+00
       2298      0.276     4.0197   0.032828     0.2626     0.1868 0.0000e+00
       2299      0.278     4.0195   0.032913     0.2633     0.1873 0.0000e+00
       2300      0.279     4.0192   0.032871     0.2629     0.1870 0.0000e+00
       2301      0.277     4.0190   0.032618     0.2608     0.1854 0.0000e+00
       2302      0.276     4.0187   0.032216     0.2575     0.1827 0.0000e+00
       2303      0.276     4.0184   0.031847     0.2544     0.1802 0.0000e+00
       2304      0.275     4.0182   0.031709     0.2533     0.1793 0.0000e+00
       2305      0.274     4.0179   0.031726     0.2534     0.1794 0.0000e+00
       2306      0.270     4.0176   0.031622     0.2526     0.1787 0.0000e+00
       2307      0.263     4.0174   0.031334     0.2502     0.1768 0.0000e+00
       2308      0.259     4.0170   0.031104     0.2483     0.1753 0.0000e+00
       2309      0.257     4.0168   0.031043     0.2478     0.1748 0.0000e+00
       2310      0.257     4.0166   0.030987     0.2473     0.1745 0.0000e+00
       2311      0.257     4.0162   0.030844     0.2462     0.1735 0.0000e+00
       2312      0.256     4.0160   0.030681     0.2448     0.1724 0.0000e+00
       2313      0.253     4.0157   0.030475     0.2431     0.1711 0.0000e+00
       2314      0.250     4.0153   0.030185     0.2407     0.1691 0.0000e+00
       2315      0.248     4.0151   0.029962     0.2389     0.1677 0.0000e+00
       2316      0.248     4.0149   0.029879     0.2382     0.1671 0.0000e+00
       2317      0.249     4.0145   0.029829     0.2378     0.1668 0.0000e+00
       2318      0.247     4.0143   0.029766     0.2372     0.1664 0.0000e+00
       2319      0.244     4.0139   0.029656     0.2363     0.1656 0.0000e+00
       2320      0.244     4.0136   0.029433     0.2345     0.1641 0.0000e+00
       2321      0.246     4.0134   0.029145     0.2321     0.1622 0.0000e+00
       2322      0.246     4.0130   0.028977     0.2307     0.1611 0.0000e+00
       2323      0.245     4.0128   0.029044     0.2313     0.1616 0.0000e+00
       2324      0.243     4.0124   0.029181     0.2324     0.1625 0.0000e+00
       2325      0.239     4.0122   0.029088     0.2317     0.1618 0.0000e+00
       2326      0.238     4.0119   0.028703     0.2285     0.1593 0.0000e+00
       2327      0.236     4.0116   0.028333     0.2254     0.1568 0.0000e+00
       2328      0.232     4.0114   0.028238     0.2246     0.1562 0.0000e+00
       2329      0.231     4.0110   0.028299     0.2251     0.1566 0.0000e+00
       2330      0.233     4.0107   0.028307     0.2252     0.1567 0.0000e+00
       2331      0.235     4.0105   0.028225     0.2245     0.1561 0.0000e+00
       2332      0.232     4.0101   0.028082     0.2234     0.1552 0.0000e+00
       2333      0.225     4.0098   0.027867     0.2216     0.1537 0.0000e+00
       2334      0.226     4.0095   0.027613     0.2195     0.1521 0.0000e+00
       2335      0.232     4.0092   0.027454     0.2182     0.1510 0.0000e+00
       2336      0.235     4.0090   0.027416     0.2179     0.1508 0.0000e+00
       2337      0.233     4.0086   0.027387     0.2176     0.1506 0.0000e+00
       2338      0.231     4.0083   0.027321     0.2171     0.1501 0.0000e+00
       2339      0.228     4.0079   0.027223     0.2163     0.1495 0.0000e+00
       2340      0.225     4.0077   0.027097     0.2153     0.1486 0.0000e+00
       2341      0.223     4.0075   0.026957     0.2141     0.1477 0.0000e+00
       2342      0.223     4.0071   0.026807     0.2129     0.1467 0.0000e+00
       2343      0.225     4.0069   0.026685     0.2119     0.1459 0.0000e+00
       2344      0.224     4.0066   0.026636     0.2115     0.1456 0.0000e+00
       2345      0.223     4.0062   0.026659     0.2117     0.1457 0.0000e+00
       2346      0.222     4.0060   0.026698     0.2120     0.1460 0.0000e+00
       2347      0.218     4.0056   0.026618     0.2113     0.1455 0.0000e+00
       2348      0.216     4.0054   0.026352     0.2091     0.1437 0.0000e+00
       2349      0.216     4.0050   0.026067     0.2068     0.1418 0.0000e+00
       2350      0.215     4.0047   0.025995     0.2062     0.1414 0.0000e+00
       2351      0.213     4.0045   0.026119     0.2072     0.1422 0.0000e+00
       2352      0.210     4.0041   0.026240     0.2082     0.1430 0.0000e+00
       2353      0.207     4.0038   0.026190     0.2078     0.1426 0.0000e+00
       2354      0.202     4.0036   0.025931     0.2057     0.1409 0.0000e+00
       2355      0.198     4.0032   0.025646     0.2033     0.1390 0.0000e+00
       2356      0.198     4.0030   0.025569     0.2027     0.1385 0.0000e+00
       2357      0.201     4.0028   0.025660     0.2035     0.1391 0.0000e+00
       2358      0.203     4.0024   0.025689     0.2037     0.1393 0.0000e+00
       2359      0.206     4.0022   0.025557     0.2026     0.1385 0.0000e+00
       2360      0.209     4.0018   0.025354     0.2009     0.1371 0.0000e+00
       2361      0.210     4.0015   0.025181     0.1995     0.1360 0.0000e+00
       2362      0.207     4.0013   0.025056     0.1985     0.1351 0.0000e+00
       2363      0.202     4.0009   0.025013     0.1981     0.1349 0.0000e+00
       2364      0.197     4.0007   0.025055     0.1985     0.1351 0.0000e+00
       2365      0.194     4.0004   0.025057     0.1985     0.1352 0.0000e+00
       2366      0.193     4.0001   0.024925     0.1974     0.1343 0.0000e+00
       2367      0.193     3.9998   0.024753     0.1960     0.1332 0.0000e+00
       2368      0.195     3.9996   0.024685     0.1955     0.1327 0.0000e+00
       2369      0.196     3.9993   0.024731     0.1958     0.1330 0.0000e+00
       2370      0.196     3.9989   0.024861     0.1969     0.1339 0.0000e+00
       2371      0.193     3.9987   0.024875     0.1970     0.1340 0.0000e+00
       2372      0.188     3.9984   0.024587     0.1947     0.1321 0.0000e+00
       2373      0.186     3.9981   0.024304     0.1923     0.1302 0.0000e+00
       2374      0.187     3.9977   0.024236     0.1918     0.1297 0.0000e+00
       2375      0.188     3.9974   0.024225     0.1917     0.1297 0.0000e+00
       2376      0.189     3.9972   0.024109     0.1908     0.1289 0.0000e+00
       2377      0.188     3.9969   0.023876     0.1888     0.1274 0.0000e+00
       2378      0.186     3.9966   0.023675     0.1872     0.1260 0.0000e+00
       2379      0.183     3.9964   0.023603     0.1866     0.1256 0.0000e+00
       2380      0.179     3.9960   0.023594     0.1865     0.1255 0.0000e+00
       2381      0.178     3.9958   0.023567     0.1863     0.1253 0.0000e+00
       2382      0.177     3.9955   0.023497     0.1857     0.1249 0.0000e+00
       2383      0.177     3.9953   0.023437     0.1853     0.1245 0.0000e+00
       2384      0.176     3.9950   0.023433     0.1852     0.1245 0.0000e+00
       2385      0.177     3.9947   0.023430     0.1852     0.1244 0.0000e+00
       2386      0.179     3.9945   0.023384     0.1848     0.1241 0.0000e+00
       2387      0.179     3.9942   0.023324     0.1843     0.1237 0.0000e+00
       2388      0.176     3.9939   0.023235     0.1836     0.1232 0.0000e+00
       2389      0.173     3.9937   0.023115     0.1826     0.1224 0.0000e+00
       2390      0.172     3.9935   0.023020     0.1818     0.1217 0.0000e+00
       2391      0.172     3.9932   0.022972     0.1815     0.1214 0.0000e+00
       2392      0.171     3.9930   0.022922     0.1810     0.1211 0.0000e+00
       2393      0.170     3.9927   0.022848     0.1804     0.1206 0.0000e+00
       2394      0.168     3.9924   0.022787     0.1799     0.1202 0.0000e+00
       2395      0.166     3.9922   0.022743     0.1796     0.1199 0.0000e+00
       2396      0.166     3.9920   0.022666     0.1790     0.1194 0.0000e+00
       2397      0.170     3.9916   0.022555     0.1781     0.1187 0.0000e+00
       2398      0.175     3.9914   0.022474     0.1774     0.1181 0.0000e+00
       2399      0.176     3.9912   0.022456     0.1772     0.1180 0.0000e+00
       2400      0.173     3.9910   0.022482     0.1775     0.1182 0.0000e+00
       2401      0.169     3.9908   0.022494     0.1776     0.1183 0.0000e+00
       2402      0.165     3.9905   0.022412     0.1769     0.1177 0.0000e+00
       2403      0.163     3.9903   0.022280     0.1758     0.1169 0.0000e+00
       2404      0.160     3.9900   0.022236     0.1755     0.1166 0.0000e+00
       2405      0.155     3.9898   0.022276     0.1758     0.1168 0.0000e+00
       2406      0.154     3.9896   0.022260     0.1756     0.1167 0.0000e+00
       2407      0.154     3.9894   0.022134     0.1746     0.1159 0.0000e+00
       2408      0.154     3.9892   0.022013     0.1736     0.1151 0.0000e+00
       2409      0.156     3.9890   0.022002     0.1735     0.1150 0.0000e+00
       2410      0.159     3.9888   0.022066     0.1741     0.1155 0.0000e+00
       2411      0.160     3.9886   0.023411     0.1851     0.1243 0.0000e+00
       2412      0.157     3.9884   0.035024     0.2811     0.2017 0.0000e+00
       2413      0.155     3.9881   0.060100     0.4930     0.3723 0.0000e+00
       2414      0.153     3.9878   0.081578     0.6782     0.5211 0.0000e+00
       2415      0.149     3.9875   0.090214     0.7535     0.5816 0.0000e+00
       2416      0.147     3.9873   0.090686     0.7576     0.5849 0.0000e+00
       2417      0.149     3.9869   0.085868     0.7156     0.5511 0.0000e+00
       2418      0.150     3.9865   0.081190     0.6749     0.5184 0.0000e+00
       2419      0.148     3.9860   0.079139     0.6571     0.5041 0.0000e+00
       2420      0.146     3.9856   0.077615     0.6439     0.4935 0.0000e+00
       2421      0.146     3.9852   0.075755     0.6278     0.4806 0.0000e+00
       2422      0.148     3.9850   0.073292     0.6065     0.4635 0.0000e+00
       2423      0.149     3.9846   0.070620     0.5834     0.4449 0.0000e+00
       2424      0.148     3.9843   0.068585     0.5659     0.4309 0.0000e+00
       2425      0.146     3.9840   0.067781     0.5590     0.4253 0.0000e+00
       2426      0.145     3.9836   0.068145     0.5621     0.4278 0.0000e+00
       2427      0.143     3.9834   0.068627     0.5663     0.4312 0.0000e+00
       2428      0.141     3.9832   0.067924     0.5602     0.4263 0.0000e+00
       2429      0.145     3.9830   0.066100     0.5445     0.4137 0.0000e+00
       2430      0.149     3.9828   0.064757     0.5330     0.4044 0.0000e+00
       2431      0.149     3.9826   0.065058     0.5356     0.4065 0.0000e+00
       2432      0.147     3.9824   0.066237     0.5457     0.4146 0.0000e+00
       2433      0.144     3.9822   0.066670     0.5495     0.4176 0.0000e+00
       2434      0.139     3.9821   0.065672     0.5409     0.4107 0.0000e+00
       2435      0.136     3.9820   0.064135     0.5277     0.4001 0.0000e+00
       2436      0.138     3.9818   0.063351     0.5210     0.3947 0.0000e+00
       2437      0.141     3.9816   0.063612     0.5232     0.3965 0.0000e+00
       2438      0.139     3.9814   0.064300     0.5291     0.4013 0.0000e+00
       2439      0.136     3.9813   0.064593     0.5316     0.4033 0.0000e+00
       2440      0.133     3.9813   0.063990     0.5265     0.3991 0.0000e+00
       2441      0.131     3.9811   0.062526     0.5139     0.3891 0.0000e+00
       2442      0.128     3.9810   0.060917     0.5001     0.3780 0.0000e+00
       2443      0.127     3.9808   0.060069     0.4929     0.3721 0.0000e+00
       2444      0.130     3.9806   0.059999     0.4923     0.3717 0.0000e+00
       2445      0.133     3.9806   0.059900     0.4914     0.3710 0.0000e+00
       2446      0.132     3.9806   0.059098     0.4846     0.3655 0.0000e+00
       2447      0.129     3.9806   0.057621     0.4720     0.3553 0.0000e+00
       2448      0.127     3.9804   0.056331     0.4610     0.3465 0.0000e+00
       2449      0.128     3.9802   0.056063     0.4587     0.3446 0.0000e+00
       2450      0.128     3.9802   0.056301     0.4607     0.3463 0.0000e+00
       2451      0.128     3.9801   0.055902     0.4573     0.3435 0.0000e+00
       2452      0.128     3.9800   0.054736     0.4474     0.3355 0.0000e+00
       2453      0.129     3.9799   0.053460     0.4365     0.3268 0.0000e+00
       2454      0.131     3.9798   0.052579     0.4290     0.3208 0.0000e+00
       2455      0.133     3.9798   0.052183     0.4257     0.3181 0.0000e+00
       2456      0.134     3.9796   0.052098     0.4249     0.3175 0.0000e+00
       2457      0.133     3.9795   0.052062     0.4246     0.3173 0.0000e+00
       2458      0.131     3.9794   0.051708     0.4216     0.3148 0.0000e+00
       2459      0.129     3.9794   0.050781     0.4138     0.3085 0.0000e+00
       2460      0.127     3.9794   0.049576     0.4035     0.3003 0.0000e+00
       2461      0.123     3.9794   0.048764     0.3967     0.2948 0.0000e+00
