Datasets/Test_Dataset_39219_tow/originals/tel219_2021_063.cnv
* Sea-Bird SBE19plus Data File:
* Filename = C:/AQUIRE/tel219_2021_063.hex
* Software Version AquireV2 AF V2.0
* Temperature SN =  4020
* Conductivity SN =  4020
* System UpLoad Time = May 14 2021 19:51:24
** VESSEL/TRIP/SEQ STN: tel219_2021_063
** LATITUDE: 45 34.73 N
** LONGITUDE: 54 33.72 W
** DATE/TIME: 2021-05-14 19:11
** SOUNDING DEPTH (M): 0081
** PROBE TYPE: S4020
** CTD NUMBER: 063
** FORMAT: T
** COMMENTS: 
# nquan = 7                                 
# nvalues = 2217                        
# units = specified
# name 0 = scan: Scan Count
# name 1 = prdM: Pressure, Strain Gauge [db]
# name 2 = tv290C: Temperature [ITS-90, deg C]
# name 3 = c0S/m: Conductivity [S/m]
# name 4 = sal00: Salinity, Practical [PSU]
# name 5 = sigma-t00: Density [sigma-t, kg/m^3 ]
# name 6 = flag: flag
# span 0 =          1,       2217       
# span 1 =     -0.131,     75.594       
# span 2 =     0.6525,     5.5427       
# span 3 =   0.007622,   3.029889       
# span 4 =     0.0561,    32.7032       
# span 5 =     0.0010,    26.2142       
# span 6 = 0.0000e+00, 0.0000e+00       
# interval = seconds: 1
# start_time = May 14 2021 19:11:08 [Instrument's time stamp, header]
# bad_flag = -9.990e-29
*END*
[from data line 1026]
       1027     75.488     0.7185   2.791688    32.6969    26.2101 0.0000e+00
       1028     75.495     0.7185   2.791686    32.6969    26.2101 0.0000e+00
       1029     75.510     0.7185   2.791683    32.6968    26.2100 0.0000e+00
       1030     75.514     0.7184   2.791683    32.6969    26.2101 0.0000e+00
       1031     75.504     0.7184   2.791681    32.6969    26.2101 0.0000e+00
       1032     75.493     0.7184   2.791676    32.6969    26.2101 0.0000e+00
       1033     75.500     0.7184   2.791673    32.6968    26.2100 0.0000e+00
       1034     75.528     0.7184   2.791665    32.6967    26.2099 0.0000e+00
       1035     75.555     0.7183   2.791654    32.6966    26.2099 0.0000e+00
       1036     75.566     0.7181   2.791646    32.6967    26.2100 0.0000e+00
       1037     75.562     0.7181   2.791641    32.6967    26.2099 0.0000e+00
       1038     75.552     0.7181   2.791644    32.6967    26.2100 0.0000e+00
       1039     75.550     0.7181   2.791646    32.6967    26.2100 0.0000e+00
       1040     75.557     0.7180   2.791636    32.6967    26.2100 0.0000e+00
       1041     75.561     0.7179   2.791621    32.6966    26.2099 0.0000e+00
       1042     75.554     0.7178   2.791610    32.6966    26.2099 0.0000e+00
       1043     75.541     0.7178   2.791604    32.6965    26.2098 0.0000e+00
       1044     75.536     0.7178   2.791597    32.6964    26.2098 0.0000e+00
       1045     75.544     0.7178   2.791594    32.6964    26.2097 0.0000e+00
       1046     75.565     0.7178   2.791596    32.6964    26.2097 0.0000e+00
       1047     75.588     0.7178   2.791596    32.6964    26.2097 0.0000e+00
       1048     75.594     0.7178   2.791588    32.6963    26.2096 0.0000e+00
       1049     75.575     0.7178   2.791573    32.6961    26.2095 0.0000e+00
       1050     75.542     0.7177   2.791552    32.6960    26.2094 0.0000e+00
       1051     75.515     0.7176   2.791535    32.6959    26.2093 0.0000e+00
       1052     75.506     0.7175   2.791526    32.6959    26.2093 0.0000e+00
       1053     75.516     0.7174   2.791519    32.6959    26.2093 0.0000e+00
       1054     75.525     0.7174   2.791512    32.6958    26.2092 0.0000e+00
       1055     75.520     0.7174   2.791505    32.6957    26.2092 0.0000e+00
       1056     75.509     0.7172   2.791502    32.6959    26.2093 0.0000e+00
       1057     75.504     0.7171   2.791503    32.6960    26.2094 0.0000e+00
       1058     75.511     0.7171   2.791506    32.6960    26.2095 0.0000e+00
       1059     75.528     0.7171   2.791513    32.6961    26.2095 0.0000e+00
       1060     75.538     0.7171   2.791517    32.6961    26.2096 0.0000e+00
       1061     75.530     0.7171   2.791519    32.6962    26.2096 0.0000e+00
       1062     75.507     0.7171   2.791522    32.6962    26.2096 0.0000e+00
       1063     75.484     0.7172   2.791518    32.6961    26.2095 0.0000e+00
       1064     75.476     0.7171   2.791507    32.6961    26.2095 0.0000e+00
       1065     75.478     0.7170   2.791498    32.6960    26.2095 0.0000e+00
       1066     75.477     0.7169   2.791490    32.6960    26.2095 0.0000e+00
       1067     75.467     0.7168   2.791486    32.6961    26.2095 0.0000e+00
       1068     75.458     0.7168   2.791493    32.6962    26.2096 0.0000e+00
       1069     75.464     0.7168   2.791499    32.6963    26.2097 0.0000e+00
       1070     75.486     0.7169   2.791491    32.6960    26.2095 0.0000e+00
       1071     75.508     0.7169   2.791471    32.6958    26.2093 0.0000e+00
       1072     75.511     0.7168   2.791454    32.6957    26.2092 0.0000e+00
       1073     75.491     0.7168   2.791447    32.6956    26.2091 0.0000e+00
       1074     75.463     0.7168   2.791442    32.6955    26.2091 0.0000e+00
       1075     75.444     0.7168   2.791430    32.6954    26.2090 0.0000e+00
       1076     75.436     0.7167   2.791409    32.6952    26.2088 0.0000e+00
       1077     75.431     0.7166   2.791386    32.6950    26.2087 0.0000e+00
       1078     75.424     0.7165   2.791371    32.6950    26.2086 0.0000e+00
       1079     75.420     0.7164   2.791369    32.6950    26.2087 0.0000e+00
       1080     75.428     0.7163   2.791368    32.6951    26.2088 0.0000e+00
       1081     75.445     0.7161   2.791363    32.6953    26.2089 0.0000e+00
       1082     75.458     0.7160   2.791364    32.6954    26.2090 0.0000e+00
       1083     75.462     0.7160   2.791372    32.6955    26.2091 0.0000e+00
       1084     75.457     0.7160   2.791371    32.6955    26.2091 0.0000e+00
       1085     75.443     0.7160   2.791363    32.6954    26.2090 0.0000e+00
       1086     75.422     0.7160   2.791362    32.6954    26.2090 0.0000e+00
       1087     75.394     0.7160   2.791362    32.6954    26.2090 0.0000e+00
       1088     75.367     0.7160   2.791357    32.6953    26.2090 0.0000e+00
       1089     75.351     0.7160   2.791348    32.6952    26.2089 0.0000e+00
       1090     75.346     0.7159   2.791338    32.6952    26.2089 0.0000e+00
       1091     75.348     0.7158   2.791328    32.6952    26.2089 0.0000e+00
       1092     75.357     0.7158   2.791320    32.6951    26.2088 0.0000e+00
       1093     75.370     0.7158   2.791310    32.6949    26.2087 0.0000e+00
       1094     75.377     0.7157   2.791297    32.6949    26.2086 0.0000e+00
       1095     75.374     0.7156   2.791286    32.6948    26.2086 0.0000e+00
       1096     75.361     0.7155   2.791282    32.6949    26.2087 0.0000e+00
       1097     75.344     0.7155   2.791278    32.6949    26.2086 0.0000e+00
       1098     75.326     0.7154   2.791270    32.6949    26.2086 0.0000e+00
       1099     75.309     0.7154   2.791271    32.6949    26.2087 0.0000e+00
       1100     75.296     0.7154   2.791281    32.6950    26.2088 0.0000e+00
       1101     75.290     0.7154   2.791286    32.6951    26.2088 0.0000e+00
       1102     75.287     0.7154   2.791276    32.6950    26.2087 0.0000e+00
       1103     75.286     0.7154   2.791270    32.6949    26.2087 0.0000e+00
       1104     75.283     0.7152   2.791271    32.6951    26.2088 0.0000e+00
       1105     75.274     0.7152   2.791270    32.6951    26.2088 0.0000e+00
       1106     75.260     0.7152   2.791264    32.6950    26.2088 0.0000e+00
       1107     75.244     0.7152   2.791259    32.6950    26.2087 0.0000e+00
       1108     75.226     0.7152   2.791258    32.6950    26.2087 0.0000e+00
       1109     75.204     0.7152   2.791256    32.6950    26.2087 0.0000e+00
       1110     75.182     0.7151   2.791245    32.6949    26.2087 0.0000e+00
       1111     75.164     0.7150   2.791225    32.6948    26.2086 0.0000e+00
       1112     75.153     0.7149   2.791207    32.6947    26.2085 0.0000e+00
       1113     75.148     0.7148   2.791197    32.6947    26.2085 0.0000e+00
       1114     75.142     0.7148   2.791191    32.6946    26.2084 0.0000e+00
       1115     75.138     0.7148   2.791180    32.6944    26.2083 0.0000e+00
       1116     75.141     0.7148   2.791169    32.6943    26.2082 0.0000e+00
       1117     75.144     0.7148   2.791161    32.6942    26.2081 0.0000e+00
       1118     75.140     0.7148   2.791161    32.6942    26.2081 0.0000e+00
       1119     75.122     0.7147   2.791161    32.6943    26.2082 0.0000e+00
       1120     75.090     0.7146   2.791163    32.6945    26.2084 0.0000e+00
       1121     75.058     0.7145   2.791163    32.6946    26.2085 0.0000e+00
       1122     75.034     0.7145   2.791149    32.6944    26.2083 0.0000e+00
       1123     75.015     0.7145   2.791133    32.6942    26.2082 0.0000e+00
       1124     74.992     0.7144   2.791127    32.6943    26.2082 0.0000e+00
       1125     74.968     0.7143   2.791122    32.6943    26.2083 0.0000e+00
       1126     74.955     0.7143   2.791121    32.6943    26.2083 0.0000e+00
       1127     74.957     0.7143   2.791117    32.6943    26.2082 0.0000e+00
       1128     74.967     0.7143   2.791103    32.6941    26.2081 0.0000e+00
       1129     74.973     0.7142   2.791092    32.6940    26.2080 0.0000e+00
       1130     74.970     0.7139   2.791088    32.6943    26.2083 0.0000e+00
       1131     74.961     0.7139   2.791089    32.6943    26.2083 0.0000e+00
       1132     74.949     0.7139   2.791091    32.6944    26.2083 0.0000e+00
       1133     74.929     0.7140   2.791094    32.6943    26.2083 0.0000e+00
       1134     74.900     0.7139   2.791092    32.6944    26.2083 0.0000e+00
       1135     74.866     0.7139   2.791087    32.6944    26.2083 0.0000e+00
       1136     74.840     0.7139   2.791089    32.6944    26.2083 0.0000e+00
       1137     74.837     0.7139   2.791090    32.6944    26.2083 0.0000e+00
       1138     74.855     0.7139   2.791079    32.6943    26.2082 0.0000e+00
       1139     74.872     0.7138   2.791065    32.6942    26.2082 0.0000e+00
       1140     74.874     0.7138   2.791056    32.6941    26.2081 0.0000e+00
       1141     74.865     0.7138   2.791057    32.6941    26.2081 0.0000e+00
       1142     74.856     0.7138   2.791056    32.6941    26.2081 0.0000e+00
       1143     74.850     0.7137   2.791048    32.6941    26.2081 0.0000e+00
       1144     74.834     0.7137   2.791041    32.6940    26.2080 0.0000e+00
       1145     74.805     0.7136   2.791038    32.6941    26.2081 0.0000e+00
       1146     74.776     0.7136   2.791029    32.6940    26.2080 0.0000e+00
       1147     74.756     0.7135   2.791011    32.6939    26.2079 0.0000e+00
       1148     74.743     0.7133   2.790995    32.6939    26.2079 0.0000e+00
       1149     74.733     0.7132   2.790988    32.6939    26.2080 0.0000e+00
       1150     74.731     0.7132   2.790989    32.6939    26.2080 0.0000e+00
       1151     74.736     0.7132   2.790995    32.6940    26.2080 0.0000e+00
       1152     74.745     0.7132   2.791001    32.6941    26.2081 0.0000e+00
       1153     74.754     0.7132   2.791003    32.6941    26.2081 0.0000e+00
       1154     74.763     0.7132   2.791000    32.6940    26.2081 0.0000e+00
       1155     74.771     0.7132   2.790991    32.6939    26.2080 0.0000e+00
       1156     74.767     0.7131   2.790982    32.6939    26.2080 0.0000e+00
       1157     74.743     0.7130   2.790970    32.6939    26.2080 0.0000e+00
       1158     74.704     0.7130   2.790961    32.6938    26.2079 0.0000e+00
       1159     74.667     0.7130   2.790962    32.6938    26.2079 0.0000e+00
       1160     74.645     0.7129   2.790964    32.6939    26.2080 0.0000e+00
       1161     74.640     0.7129   2.790954    32.6938    26.2079 0.0000e+00
       1162     74.644     0.7128   2.790938    32.6937    26.2079 0.0000e+00
       1163     74.645     0.7128   2.790933    32.6937    26.2078 0.0000e+00
       1164     74.636     0.7127   2.790937    32.6938    26.2079 0.0000e+00
       1165     74.632     0.7127   2.790939    32.6938    26.2080 0.0000e+00
       1166     74.645     0.7127   2.790938    32.6938    26.2079 0.0000e+00
       1167     74.666     0.7127   2.790929    32.6937    26.2078 0.0000e+00
       1168     74.676     0.7127   2.790915    32.6935    26.2077 0.0000e+00
       1169     74.663     0.7127   2.790908    32.6934    26.2076 0.0000e+00
       1170     74.631     0.7127   2.790911    32.6935    26.2077 0.0000e+00
       1171     74.606     0.7127   2.790910    32.6935    26.2077 0.0000e+00
       1172     74.602     0.7127   2.790894    32.6933    26.2075 0.0000e+00
       1173     74.608     0.7127   2.790874    32.6930    26.2073 0.0000e+00
       1174     74.611     0.7126   2.790864    32.6930    26.2073 0.0000e+00
       1175     74.614     0.7125   2.790862    32.6931    26.2073 0.0000e+00
       1176     74.622     0.7124   2.790860    32.6931    26.2074 0.0000e+00
       1177     74.633     0.7122   2.790851    32.6932    26.2075 0.0000e+00
       1178     74.639     0.7120   2.790841    32.6933    26.2076 0.0000e+00
       1179     74.636     0.7119   2.790840    32.6934    26.2077 0.0000e+00
       1180     74.628     0.7119   2.790843    32.6935    26.2077 0.0000e+00
       1181     74.616     0.7119   2.790838    32.6934    26.2076 0.0000e+00
       1182     74.601     0.7119   2.790836    32.6934    26.2076 0.0000e+00
       1183     74.591     0.7119   2.790838    32.6934    26.2077 0.0000e+00
       1184     74.595     0.7119   2.790835    32.6934    26.2076 0.0000e+00
       1185     74.611     0.7118   2.790829    32.6934    26.2076 0.0000e+00
       1186     74.628     0.7118   2.790825    32.6933    26.2076 0.0000e+00
       1187     74.637     0.7117   2.790820    32.6934    26.2076 0.0000e+00
       1188     74.637     0.7117   2.790816    32.6933    26.2076 0.0000e+00
       1189     74.638     0.7117   2.790814    32.6933    26.2076 0.0000e+00
       1190     74.643     0.7117   2.790813    32.6933    26.2075 0.0000e+00
       1191     74.644     0.7117   2.790812    32.6933    26.2075 0.0000e+00
       1192     74.633     0.7116   2.790803    32.6932    26.2075 0.0000e+00
       1193     74.616     0.7115   2.790790    32.6932    26.2075 0.0000e+00
       1194     74.604     0.7115   2.790780    32.6931    26.2074 0.0000e+00
       1195     74.598     0.7115   2.790772    32.6930    26.2073 0.0000e+00
       1196     74.594     0.7114   2.790771    32.6931    26.2074 0.0000e+00
       1197     74.595     0.7114   2.790770    32.6931    26.2074 0.0000e+00
       1198     74.606     0.7114   2.790766    32.6930    26.2073 0.0000e+00
       1199     74.626     0.7114   2.790765    32.6930    26.2073 0.0000e+00
       1200     74.645     0.7113   2.790766    32.6931    26.2074 0.0000e+00
       1201     74.648     0.7113   2.790766    32.6931    26.2074 0.0000e+00
       1202     74.632     0.7111   2.790759    32.6932    26.2075 0.0000e+00
       1203     74.609     0.7110   2.790746    32.6932    26.2075 0.0000e+00
       1204     74.592     0.7110   2.790740    32.6931    26.2074 0.0000e+00
       1205     74.584     0.7109   2.790736    32.6931    26.2075 0.0000e+00
       1206     74.582     0.7108   2.790732    32.6932    26.2076 0.0000e+00
       1207     74.591     0.7108   2.790723    32.6931    26.2075 0.0000e+00
       1208     74.607     0.7108   2.790721    32.6930    26.2074 0.0000e+00
       1209     74.628     0.7107   2.790723    32.6932    26.2075 0.0000e+00
       1210     74.653     0.7107   2.790727    32.6932    26.2076 0.0000e+00
       1211     74.678     0.7107   2.790722    32.6931    26.2075 0.0000e+00
       1212     74.691     0.7107   2.790716    32.6930    26.2074 0.0000e+00
       1213     74.686     0.7107   2.790712    32.6930    26.2074 0.0000e+00
       1214     74.666     0.7107   2.790710    32.6930    26.2074 0.0000e+00
       1215     74.644     0.7106   2.790706    32.6930    26.2074 0.0000e+00
       1216     74.636     0.7106   2.790702    32.6930    26.2074 0.0000e+00
       1217     74.647     0.7106   2.790696    32.6929    26.2073 0.0000e+00
       1218     74.668     0.7106   2.790690    32.6928    26.2073 0.0000e+00
       1219     74.695     0.7105   2.790680    32.6928    26.2072 0.0000e+00
       1220     74.727     0.7104   2.790671    32.6928    26.2072 0.0000e+00
       1221     74.755     0.7103   2.790665    32.6928    26.2072 0.0000e+00
       1222     74.770     0.7101   2.790654    32.6928    26.2073 0.0000e+00
       1223     74.771     0.7099   2.790643    32.6929    26.2074 0.0000e+00
       1224     74.768     0.7099   2.790637    32.6928    26.2073 0.0000e+00
       1225     74.765     0.7099   2.790637    32.6928    26.2073 0.0000e+00
       1226     74.757     0.7099   2.790642    32.6929    26.2074 0.0000e+00
       1227     74.740     0.7099   2.790648    32.6930    26.2074 0.0000e+00
       1228     74.720     0.7099   2.790652    32.6930    26.2075 0.0000e+00
       1229     74.720     0.7099   2.790646    32.6930    26.2074 0.0000e+00
       1230     74.744     0.7098   2.790630    32.6928    26.2073 0.0000e+00
