Datasets/Test_Dataset_39219_tow/originals/tel219_2021_077.cnv
* Sea-Bird SBE19plus Data File:
* Filename = C:/AQUIRE/tel219_2021_077.hex
* Software Version AquireV2 AF V2.0
* Temperature SN =  4020
* Conductivity SN =  4020
* System UpLoad Time = May 16 2021 04:32:41
** VESSEL/TRIP/SEQ STN: tel219_2021_077
** LATITUDE: 45 37.70 N
** LONGITUDE: 56 12.06 W
** DATE/TIME: 2021-05-16 03:52
** SOUNDING DEPTH (M): 0047
** PROBE TYPE: S4020
** CTD NUMBER:  77
** FORMAT: T
** COMMENTS: 
# nquan = 7                                 
# nvalues = 2430                        
# units = specified
# name 0 = scan: Scan Count
# name 1 = prdM: Pressure, Strain Gauge [db]
# name 2 = tv290C: Temperature [ITS-90, deg C]
# name 3 = c0S/m: Conductivity [S/m]
# name 4 = sal00: Salinity, Practical [PSU]
# name 5 = sigma-t00: Density [sigma-t, kg/m^3 ]
# name 6 = flag: flag
# span 0 =          1,       2430       
# span 1 =     -0.013,     44.485       
# span 2 =     3.6116,     5.2805       
# span 3 =   0.007738,   3.069422       
# span 4 =     0.0573,    32.4654       
# span 5 =     0.0080,    25.7413       
# span 6 = 0.0000e+00, 0.0000e+00       
# interval = seconds: 1
# start_time = May 16 2021 03:52:59 [Instrument's time stamp, header]
# bad_flag = -9.990e-29
*END*
          1      0.043     5.1967   0.008061     0.0598     0.0113 0.0000e+00
          2      0.039     5.1981   0.008064     0.0598     0.0113 0.0000e+00
          3      0.038     5.2004   0.008067     0.0598     0.0113 0.0000e+00
          4      0.037     5.2028   0.008070     0.0598     0.0113 0.0000e+00
          5      0.035     5.2035   0.008066     0.0598     0.0112 0.0000e+00
          6      0.036     5.2018   0.008055     0.0597     0.0112 0.0000e+00
          7      0.039     5.1987   0.008040     0.0596     0.0112 0.0000e+00
          8      0.040     5.1961   0.008029     0.0595     0.0111 0.0000e+00
          9      0.038     5.1962   0.008029     0.0595     0.0111 0.0000e+00
         10      0.036     5.1988   0.008038     0.0596     0.0111 0.0000e+00
         11      0.035     5.2013   0.008046     0.0597     0.0111 0.0000e+00
         12      0.034     5.2018   0.008044     0.0596     0.0111 0.0000e+00
         13      0.033     5.2005   0.008033     0.0596     0.0111 0.0000e+00
         14      0.033     5.1986   0.008022     0.0595     0.0110 0.0000e+00
         15      0.034     5.1967   0.008014     0.0594     0.0110 0.0000e+00
         16      0.034     5.1948   0.008008     0.0594     0.0110 0.0000e+00
         17      0.035     5.1929   0.008003     0.0593     0.0110 0.0000e+00
         18      0.035     5.1912   0.008000     0.0593     0.0111 0.0000e+00
         19      0.035     5.1910   0.008001     0.0593     0.0111 0.0000e+00
         20      0.038     5.1941   0.008015     0.0594     0.0111 0.0000e+00
         21      0.041     5.1998   0.008035     0.0596     0.0111 0.0000e+00
         22      0.041     5.2051   0.008052     0.0597     0.0111 0.0000e+00
         23      0.038     5.2076   0.008056     0.0597     0.0111 0.0000e+00
         24      0.035     5.2073   0.008047     0.0597     0.0110 0.0000e+00
         25      0.034     5.2066   0.008037     0.0596     0.0110 0.0000e+00
         26      0.033     5.2066   0.008036     0.0596     0.0110 0.0000e+00
         27      0.032     5.2070   0.008035     0.0596     0.0110 0.0000e+00
         28      0.034     5.2073   0.008030     0.0595     0.0109 0.0000e+00
         29      0.039     5.2080   0.008028     0.0595     0.0109 0.0000e+00
         30      0.041     5.2092   0.008030     0.0595     0.0109 0.0000e+00
         31      0.039     5.2104   0.008029     0.0595     0.0108 0.0000e+00
         32      0.034     5.2108   0.008028     0.0595     0.0108 0.0000e+00
         33      0.033     5.2101   0.008022     0.0595     0.0108 0.0000e+00
         34      0.034     5.2088   0.008014     0.0594     0.0108 0.0000e+00
         35      0.034     5.2081   0.008010     0.0594     0.0108 0.0000e+00
         36      0.034     5.2080   0.008008     0.0594     0.0108 0.0000e+00
         37      0.037     5.2084   0.008008     0.0594     0.0108 0.0000e+00
         38      0.039     5.2108   0.008017     0.0594     0.0108 0.0000e+00
         39      0.037     5.2146   0.008028     0.0595     0.0108 0.0000e+00
         40      0.034     5.2166   0.008030     0.0595     0.0107 0.0000e+00
         41      0.033     5.2157   0.008019     0.0594     0.0107 0.0000e+00
         42      0.032     5.2129   0.008004     0.0593     0.0106 0.0000e+00
         43      0.032     5.2101   0.007993     0.0592     0.0106 0.0000e+00
         44      0.034     5.2089   0.007989     0.0592     0.0106 0.0000e+00
         45      0.035     5.2092   0.007993     0.0592     0.0107 0.0000e+00
         46      0.034     5.2096   0.007995     0.0593     0.0107 0.0000e+00
         47      0.034     5.2100   0.007994     0.0592     0.0106 0.0000e+00
         48      0.033     5.2118   0.008000     0.0593     0.0106 0.0000e+00
         49      0.031     5.2139   0.008007     0.0593     0.0106 0.0000e+00
         50      0.029     5.2147   0.008009     0.0594     0.0106 0.0000e+00
         51      0.029     5.2150   0.008007     0.0593     0.0106 0.0000e+00
         52      0.031     5.2165   0.008009     0.0594     0.0106 0.0000e+00
         53      0.032     5.2193   0.008016     0.0594     0.0106 0.0000e+00
         54      0.032     5.2218   0.008020     0.0594     0.0106 0.0000e+00
         55      0.034     5.2237   0.008023     0.0594     0.0105 0.0000e+00
         56      0.034     5.2247   0.008022     0.0594     0.0105 0.0000e+00
         57      0.032     5.2255   0.008020     0.0594     0.0105 0.0000e+00
         58      0.031     5.2276   0.008021     0.0594     0.0104 0.0000e+00
         59      0.032     5.2310   0.008027     0.0595     0.0104 0.0000e+00
         60      0.032     5.2343   0.008032     0.0595     0.0104 0.0000e+00
         61      0.033     5.2366   0.008032     0.0595     0.0103 0.0000e+00
         62      0.032     5.2371   0.008023     0.0594     0.0103 0.0000e+00
         63      0.029     5.2359   0.008009     0.0593     0.0102 0.0000e+00
         64      0.031     5.2348   0.008000     0.0593     0.0102 0.0000e+00
         65      0.036     5.2348   0.007997     0.0592     0.0101 0.0000e+00
         66      0.037     5.2352   0.007997     0.0592     0.0101 0.0000e+00
         67      0.034     5.2363   0.007997     0.0592     0.0101 0.0000e+00
         68      0.033     5.2386   0.008000     0.0593     0.0101 0.0000e+00
         69      0.035     5.2412   0.008002     0.0593     0.0100 0.0000e+00
         70      0.037     5.2432   0.008003     0.0593     0.0100 0.0000e+00
         71      0.036     5.2440   0.007999     0.0592     0.0100 0.0000e+00
         72      0.035     5.2438   0.007991     0.0592     0.0099 0.0000e+00
         73      0.033     5.2430   0.007985     0.0591     0.0099 0.0000e+00
         74      0.031     5.2420   0.007978     0.0591     0.0099 0.0000e+00
         75      0.029     5.2410   0.007973     0.0590     0.0099 0.0000e+00
         76      0.027     5.2400   0.007968     0.0590     0.0099 0.0000e+00
         77      0.026     5.2392   0.007963     0.0590     0.0098 0.0000e+00
         78      0.027     5.2395   0.007962     0.0590     0.0098 0.0000e+00
         79      0.030     5.2414   0.007968     0.0590     0.0098 0.0000e+00
         80      0.033     5.2438   0.007974     0.0591     0.0098 0.0000e+00
         81      0.036     5.2460   0.007977     0.0591     0.0098 0.0000e+00
         82      0.039     5.2475   0.007977     0.0591     0.0098 0.0000e+00
         83      0.041     5.2464   0.007967     0.0590     0.0097 0.0000e+00
         84      0.037     5.2431   0.007952     0.0589     0.0097 0.0000e+00
         85      0.032     5.2412   0.007945     0.0588     0.0097 0.0000e+00
         86      0.033     5.2424   0.007948     0.0589     0.0097 0.0000e+00
         87      0.036     5.2449   0.007956     0.0589     0.0097 0.0000e+00
         88      0.035     5.2464   0.007957     0.0589     0.0097 0.0000e+00
         89      0.034     5.2462   0.007954     0.0589     0.0096 0.0000e+00
         90      0.035     5.2454   0.007950     0.0589     0.0096 0.0000e+00
         91      0.036     5.2448   0.007947     0.0588     0.0096 0.0000e+00
         92      0.038     5.2448   0.007944     0.0588     0.0096 0.0000e+00
         93      0.040     5.2446   0.007942     0.0588     0.0096 0.0000e+00
         94      0.041     5.2433   0.007937     0.0588     0.0096 0.0000e+00
         95      0.041     5.2406   0.007926     0.0587     0.0096 0.0000e+00
         96      0.039     5.2375   0.007916     0.0586     0.0096 0.0000e+00
         97      0.037     5.2366   0.007917     0.0586     0.0096 0.0000e+00
         98      0.036     5.2387   0.007929     0.0587     0.0097 0.0000e+00
         99      0.036     5.2416   0.007941     0.0588     0.0097 0.0000e+00
        100      0.037     5.2431   0.007945     0.0588     0.0097 0.0000e+00
        101      0.038     5.2430   0.007943     0.0588     0.0096 0.0000e+00
        102      0.038     5.2422   0.007939     0.0588     0.0096 0.0000e+00
        103      0.038     5.2411   0.007935     0.0588     0.0096 0.0000e+00
        104      0.039     5.2396   0.007931     0.0587     0.0096 0.0000e+00
        105      0.041     5.2381   0.007928     0.0587     0.0097 0.0000e+00
        106      0.040     5.2377   0.007929     0.0587     0.0097 0.0000e+00
        107      0.038     5.2388   0.007935     0.0588     0.0097 0.0000e+00
        108      0.038     5.2416   0.007946     0.0588     0.0097 0.0000e+00
        109      0.040     5.2440   0.007951     0.0589     0.0097 0.0000e+00
        110      0.041     5.2445   0.007952     0.0589     0.0097 0.0000e+00
        111      0.038     5.2435   0.007947     0.0588     0.0097 0.0000e+00
        112      0.035     5.2426   0.007942     0.0588     0.0097 0.0000e+00
        113      0.036     5.2425   0.007940     0.0588     0.0096 0.0000e+00
        114      0.039     5.2427   0.007941     0.0588     0.0096 0.0000e+00
        115      0.043     5.2428   0.007942     0.0588     0.0096 0.0000e+00
        116      0.045     5.2430   0.007943     0.0588     0.0096 0.0000e+00
        117      0.045     5.2437   0.007944     0.0588     0.0096 0.0000e+00
        118      0.043     5.2451   0.007948     0.0589     0.0096 0.0000e+00
        119      0.041     5.2470   0.007955     0.0589     0.0096 0.0000e+00
        120      0.039     5.2491   0.007959     0.0589     0.0096 0.0000e+00
        121      0.036     5.2511   0.007963     0.0590     0.0096 0.0000e+00
        122      0.033     5.2528   0.007966     0.0590     0.0096 0.0000e+00
        123      0.031     5.2536   0.007964     0.0590     0.0096 0.0000e+00
        124      0.031     5.2536   0.007959     0.0589     0.0095 0.0000e+00
        125      0.032     5.2530   0.007954     0.0589     0.0095 0.0000e+00
        126      0.034     5.2520   0.007948     0.0588     0.0095 0.0000e+00
        127      0.033     5.2519   0.007946     0.0588     0.0095 0.0000e+00
        128      0.032     5.2539   0.007952     0.0589     0.0095 0.0000e+00
        129      0.034     5.2568   0.007959     0.0589     0.0095 0.0000e+00
        130      0.037     5.2583   0.007960     0.0589     0.0094 0.0000e+00
        131      0.037     5.2582   0.007957     0.0589     0.0094 0.0000e+00
        132      0.033     5.2574   0.007951     0.0589     0.0094 0.0000e+00
        133      0.030     5.2565   0.007944     0.0588     0.0094 0.0000e+00
        134      0.031     5.2561   0.007939     0.0588     0.0093 0.0000e+00
        135      0.033     5.2567   0.007940     0.0588     0.0093 0.0000e+00
        136      0.034     5.2577   0.007941     0.0588     0.0093 0.0000e+00
        137      0.033     5.2579   0.007940     0.0588     0.0093 0.0000e+00
        138      0.032     5.2577   0.007937     0.0588     0.0093 0.0000e+00
        139      0.030     5.2585   0.007939     0.0588     0.0093 0.0000e+00
        140      0.028     5.2603   0.007944     0.0588     0.0093 0.0000e+00
        141      0.027     5.2620   0.007948     0.0588     0.0093 0.0000e+00
        142      0.028     5.2631   0.007949     0.0588     0.0093 0.0000e+00
        143      0.030     5.2637   0.007946     0.0588     0.0092 0.0000e+00
        144      0.030     5.2634   0.007941     0.0588     0.0092 0.0000e+00
        145      0.030     5.2622   0.007935     0.0587     0.0092 0.0000e+00
        146      0.033     5.2608   0.007931     0.0587     0.0092 0.0000e+00
        147      0.038     5.2601   0.007926     0.0587     0.0092 0.0000e+00
        148      0.038     5.2601   0.007923     0.0586     0.0092 0.0000e+00
        149      0.036     5.2601   0.007923     0.0586     0.0092 0.0000e+00
        150      0.035     5.2595   0.007921     0.0586     0.0092 0.0000e+00
        151      0.035     5.2584   0.007917     0.0586     0.0092 0.0000e+00
        152      0.035     5.2576   0.007915     0.0586     0.0092 0.0000e+00
        153      0.034     5.2568   0.007915     0.0586     0.0092 0.0000e+00
        154      0.033     5.2555   0.007913     0.0586     0.0092 0.0000e+00
        155      0.031     5.2543   0.007910     0.0586     0.0092 0.0000e+00
        156      0.030     5.2547   0.007913     0.0586     0.0092 0.0000e+00
        157      0.032     5.2568   0.007923     0.0586     0.0092 0.0000e+00
        158      0.033     5.2593   0.007933     0.0587     0.0092 0.0000e+00
        159      0.032     5.2621   0.007941     0.0588     0.0092 0.0000e+00
        160      0.032     5.2641   0.007944     0.0588     0.0092 0.0000e+00
        161      0.031     5.2652   0.007942     0.0588     0.0092 0.0000e+00
        162      0.031     5.2664   0.007943     0.0588     0.0092 0.0000e+00
        163      0.033     5.2675   0.007945     0.0588     0.0091 0.0000e+00
        164      0.035     5.2679   0.007943     0.0588     0.0091 0.0000e+00
        165      0.036     5.2686   0.007941     0.0588     0.0091 0.0000e+00
        166      0.036     5.2697   0.007940     0.0588     0.0091 0.0000e+00
        167      0.037     5.2706   0.007938     0.0587     0.0090 0.0000e+00
        168      0.038     5.2715   0.007938     0.0587     0.0090 0.0000e+00
        169      0.038     5.2723   0.007937     0.0587     0.0090 0.0000e+00
        170      0.037     5.2729   0.007935     0.0587     0.0090 0.0000e+00
        171      0.036     5.2736   0.007933     0.0587     0.0089 0.0000e+00
        172      0.035     5.2738   0.007929     0.0587     0.0089 0.0000e+00
        173      0.032     5.2729   0.007923     0.0586     0.0089 0.0000e+00
        174      0.029     5.2721   0.007918     0.0586     0.0089 0.0000e+00
        175      0.029     5.2732   0.007920     0.0586     0.0089 0.0000e+00
        176      0.030     5.2751   0.007923     0.0586     0.0088 0.0000e+00
        177      0.030     5.2763   0.007924     0.0586     0.0088 0.0000e+00
        178      0.032     5.2764   0.007920     0.0586     0.0088 0.0000e+00
        179      0.035     5.2752   0.007912     0.0585     0.0088 0.0000e+00
        180      0.034     5.2738   0.007902     0.0585     0.0087 0.0000e+00
        181      0.030     5.2736   0.007897     0.0584     0.0087 0.0000e+00
        182      0.030     5.2746   0.007900     0.0585     0.0087 0.0000e+00
        183      0.033     5.2756   0.007904     0.0585     0.0087 0.0000e+00
        184      0.034     5.2758   0.007899     0.0584     0.0087 0.0000e+00
        185      0.035     5.2752   0.007893     0.0584     0.0087 0.0000e+00
        186      0.038     5.2743   0.007887     0.0584     0.0086 0.0000e+00
        187      0.039     5.2727   0.007880     0.0583     0.0086 0.0000e+00
        188      0.038     5.2708   0.007874     0.0583     0.0086 0.0000e+00
        189      0.038     5.2701   0.007872     0.0582     0.0086 0.0000e+00
        190      0.039     5.2707   0.007876     0.0583     0.0087 0.0000e+00
        191      0.038     5.2711   0.007877     0.0583     0.0087 0.0000e+00
        192      0.035     5.2710   0.007875     0.0583     0.0086 0.0000e+00
        193      0.035     5.2719   0.007877     0.0583     0.0086 0.0000e+00
        194      0.036     5.2734   0.007881     0.0583     0.0086 0.0000e+00
        195      0.037     5.2739   0.007881     0.0583     0.0086 0.0000e+00
        196      0.037     5.2745   0.007881     0.0583     0.0086 0.0000e+00
        197      0.038     5.2759   0.007882     0.0583     0.0086 0.0000e+00
        198      0.038     5.2767   0.007880     0.0583     0.0085 0.0000e+00
        199      0.037     5.2764   0.007877     0.0583     0.0085 0.0000e+00
        200      0.034     5.2762   0.007873     0.0582     0.0085 0.0000e+00
        201      0.032     5.2769   0.007872     0.0582     0.0085 0.0000e+00
        202      0.030     5.2781   0.007875     0.0583     0.0085 0.0000e+00
        203      0.032     5.2791   0.007875     0.0583     0.0085 0.0000e+00
        204      0.037     5.2801   0.007873     0.0582     0.0084 0.0000e+00
        205      0.040     5.2805   0.007869     0.0582     0.0084 0.0000e+00
