Datasets/Test_Dataset_39219_tow/originals/tel219_2021_068.cnv
* Sea-Bird SBE19plus Data File:
* Filename = C:/AQUIRE/tel219_2021_068.hex
* Software Version AquireV2 AF V2.0
* Temperature SN =  4020
* Conductivity SN =  4020
* System UpLoad Time = May 15 2021 06:39:57
** VESSEL/TRIP/SEQ STN: tel219_2021_068
** LATITUDE: 46 02.10 N
** LONGITUDE: 54 42.20 W
** DATE/TIME: 2021-05-15 05:59
** SOUNDING DEPTH (M): 0083
** PROBE TYPE: S4020
** CTD NUMBER:  68
** FORMAT: T
** COMMENTS: 
# nquan = 7                                 
# nvalues = 2488                        
# units = specified
# name 0 = scan: Scan Count
# name 1 = prdM: Pressure, Strain Gauge [db]
# name 2 = tv290C: Temperature [ITS-90, deg C]
# name 3 = c0S/m: Conductivity [S/m]
# name 4 = sal00: Salinity, Practical [PSU]
# name 5 = sigma-t00: Density [sigma-t, kg/m^3 ]
# name 6 = flag: flag
# span 0 =          1,       2488       
# span 1 =     -0.102,     82.641       
# span 2 =     0.4633,     4.7843       
# span 3 =   0.015682,   2.992425       
# span 4 =     0.1196,    32.6429       
# span 5 =     0.0661,    26.1780       
# span 6 = 0.0000e+00, 0.0000e+00       
# interval = seconds: 1
# start_time = May 15 2021 05:59:42 [Instrument's time stamp, header]
# bad_flag = -9.990e-29
*END*
[from data line 1231]
       1232     80.871     0.4774   2.767514    32.6355    26.1738 0.0000e+00
       1233     80.882     0.4778   2.767527    32.6352    26.1736 0.0000e+00
       1234     80.889     0.4780   2.767543    32.6352    26.1736 0.0000e+00
       1235     80.894     0.4782   2.767545    32.6350    26.1734 0.0000e+00
       1236     80.899     0.4781   2.767540    32.6351    26.1735 0.0000e+00
       1237     80.903     0.4779   2.767540    32.6353    26.1736 0.0000e+00
       1238     80.906     0.4778   2.767539    32.6354    26.1737 0.0000e+00
       1239     80.907     0.4775   2.767524    32.6355    26.1738 0.0000e+00
       1240     80.912     0.4770   2.767496    32.6356    26.1740 0.0000e+00
       1241     80.931     0.4768   2.767486    32.6357    26.1741 0.0000e+00
       1242     80.961     0.4769   2.767508    32.6359    26.1742 0.0000e+00
       1243     80.984     0.4772   2.767519    32.6357    26.1740 0.0000e+00
       1244     80.998     0.4774   2.767520    32.6355    26.1738 0.0000e+00
       1245     81.018     0.4776   2.767525    32.6353    26.1737 0.0000e+00
       1246     81.057     0.4776   2.767528    32.6353    26.1737 0.0000e+00
       1247     81.107     0.4776   2.767531    32.6353    26.1737 0.0000e+00
       1248     81.153     0.4776   2.767528    32.6353    26.1737 0.0000e+00
       1249     81.186     0.4776   2.767524    32.6352    26.1736 0.0000e+00
       1250     81.208     0.4776   2.767525    32.6352    26.1736 0.0000e+00
       1251     81.234     0.4776   2.767528    32.6352    26.1736 0.0000e+00
       1252     81.269     0.4776   2.767528    32.6352    26.1736 0.0000e+00
       1253     81.306     0.4774   2.767515    32.6352    26.1736 0.0000e+00
       1254     81.332     0.4772   2.767497    32.6352    26.1736 0.0000e+00
       1255     81.348     0.4770   2.767487    32.6353    26.1737 0.0000e+00
       1256     81.366     0.4770   2.767487    32.6353    26.1737 0.0000e+00
       1257     81.392     0.4770   2.767496    32.6354    26.1738 0.0000e+00
       1258     81.414     0.4770   2.767516    32.6356    26.1740 0.0000e+00
       1259     81.422     0.4773   2.767532    32.6355    26.1739 0.0000e+00
       1260     81.424     0.4774   2.767534    32.6354    26.1738 0.0000e+00
       1261     81.434     0.4776   2.767532    32.6352    26.1736 0.0000e+00
       1262     81.454     0.4777   2.767532    32.6351    26.1735 0.0000e+00
       1263     81.469     0.4777   2.767537    32.6351    26.1735 0.0000e+00
       1264     81.469     0.4775   2.767537    32.6353    26.1737 0.0000e+00
       1265     81.460     0.4774   2.767536    32.6354    26.1738 0.0000e+00
       1266     81.463     0.4774   2.767539    32.6355    26.1738 0.0000e+00
       1267     81.486     0.4776   2.767538    32.6352    26.1736 0.0000e+00
       1268     81.507     0.4775   2.767524    32.6351    26.1736 0.0000e+00
       1269     81.507     0.4773   2.767517    32.6353    26.1737 0.0000e+00
       1270     81.497     0.4773   2.767516    32.6352    26.1737 0.0000e+00
       1271     81.499     0.4773   2.767508    32.6351    26.1736 0.0000e+00
       1272     81.516     0.4772   2.767496    32.6351    26.1735 0.0000e+00
       1273     81.534     0.4770   2.767491    32.6352    26.1737 0.0000e+00
       1274     81.542     0.4769   2.767495    32.6354    26.1738 0.0000e+00
       1275     81.544     0.4769   2.767505    32.6355    26.1739 0.0000e+00
       1276     81.546     0.4769   2.767512    32.6356    26.1740 0.0000e+00
       1277     81.547     0.4771   2.767514    32.6354    26.1738 0.0000e+00
       1278     81.545     0.4772   2.767512    32.6353    26.1737 0.0000e+00
       1279     81.536     0.4772   2.767506    32.6352    26.1736 0.0000e+00
       1280     81.524     0.4770   2.767493    32.6352    26.1737 0.0000e+00
       1281     81.518     0.4769   2.767478    32.6352    26.1736 0.0000e+00
       1282     81.526     0.4767   2.767461    32.6351    26.1736 0.0000e+00
       1283     81.542     0.4764   2.767452    32.6353    26.1738 0.0000e+00
       1284     81.552     0.4763   2.767453    32.6355    26.1739 0.0000e+00
       1285     81.553     0.4763   2.767457    32.6355    26.1739 0.0000e+00
       1286     81.556     0.4764   2.767462    32.6355    26.1739 0.0000e+00
       1287     81.567     0.4764   2.767465    32.6355    26.1739 0.0000e+00
       1288     81.582     0.4764   2.767468    32.6355    26.1739 0.0000e+00
       1289     81.595     0.4764   2.767466    32.6355    26.1739 0.0000e+00
       1290     81.601     0.4764   2.767449    32.6353    26.1737 0.0000e+00
       1291     81.596     0.4761   2.767426    32.6353    26.1738 0.0000e+00
       1292     81.577     0.4759   2.767419    32.6354    26.1739 0.0000e+00
       1293     81.553     0.4758   2.767428    32.6357    26.1741 0.0000e+00
       1294     81.542     0.4758   2.767433    32.6357    26.1741 0.0000e+00
       1295     81.548     0.4759   2.767432    32.6356    26.1740 0.0000e+00
       1296     81.558     0.4759   2.767432    32.6356    26.1740 0.0000e+00
       1297     81.552     0.4759   2.767437    32.6357    26.1741 0.0000e+00
       1298     81.539     0.4759   2.767448    32.6358    26.1742 0.0000e+00
       1299     81.542     0.4760   2.767459    32.6359    26.1742 0.0000e+00
       1300     81.556     0.4763   2.767469    32.6357    26.1740 0.0000e+00
       1301     81.554     0.4765   2.767481    32.6356    26.1740 0.0000e+00
       1302     81.536     0.4767   2.767491    32.6355    26.1739 0.0000e+00
       1303     81.524     0.4768   2.767497    32.6355    26.1739 0.0000e+00
       1304     81.528     0.4769   2.767504    32.6355    26.1739 0.0000e+00
       1305     81.539     0.4770   2.767508    32.6354    26.1738 0.0000e+00
       1306     81.542     0.4772   2.767505    32.6352    26.1736 0.0000e+00
       1307     81.537     0.4772   2.767506    32.6352    26.1736 0.0000e+00
       1308     81.531     0.4772   2.767508    32.6352    26.1737 0.0000e+00
       1309     81.535     0.4772   2.767504    32.6352    26.1736 0.0000e+00
       1310     81.551     0.4771   2.767493    32.6351    26.1736 0.0000e+00
       1311     81.569     0.4769   2.767475    32.6351    26.1736 0.0000e+00
       1312     81.579     0.4767   2.767462    32.6351    26.1736 0.0000e+00
       1313     81.579     0.4765   2.767453    32.6352    26.1737 0.0000e+00
       1314     81.577     0.4764   2.767447    32.6353    26.1737 0.0000e+00
       1315     81.582     0.4761   2.767437    32.6354    26.1739 0.0000e+00
       1316     81.590     0.4759   2.767427    32.6355    26.1740 0.0000e+00
       1317     81.589     0.4758   2.767419    32.6355    26.1740 0.0000e+00
       1318     81.578     0.4757   2.767422    32.6357    26.1741 0.0000e+00
       1319     81.569     0.4757   2.767430    32.6358    26.1742 0.0000e+00
       1320     81.569     0.4759   2.767441    32.6357    26.1741 0.0000e+00
       1321     81.574     0.4760   2.767452    32.6357    26.1741 0.0000e+00
       1322     81.578     0.4762   2.767456    32.6356    26.1740 0.0000e+00
       1323     81.587     0.4763   2.767454    32.6354    26.1739 0.0000e+00
       1324     81.607     0.4764   2.767454    32.6353    26.1738 0.0000e+00
       1325     81.626     0.4764   2.767464    32.6354    26.1739 0.0000e+00
       1326     81.627     0.4764   2.767474    32.6356    26.1740 0.0000e+00
       1327     81.615     0.4765   2.767473    32.6355    26.1739 0.0000e+00
       1328     81.611     0.4766   2.767469    32.6353    26.1737 0.0000e+00
       1329     81.622     0.4766   2.767464    32.6352    26.1737 0.0000e+00
       1330     81.632     0.4764   2.767459    32.6354    26.1738 0.0000e+00
       1331     81.632     0.4764   2.767458    32.6354    26.1738 0.0000e+00
       1332     81.630     0.4763   2.767455    32.6354    26.1739 0.0000e+00
       1333     81.630     0.4763   2.767453    32.6354    26.1738 0.0000e+00
       1334     81.626     0.4763   2.767453    32.6354    26.1738 0.0000e+00
       1335     81.616     0.4763   2.767454    32.6354    26.1739 0.0000e+00
       1336     81.615     0.4764   2.767459    32.6354    26.1738 0.0000e+00
       1337     81.629     0.4765   2.767474    32.6355    26.1739 0.0000e+00
       1338     81.640     0.4768   2.767498    32.6355    26.1739 0.0000e+00
       1339     81.636     0.4770   2.767514    32.6355    26.1738 0.0000e+00
       1340     81.625     0.4773   2.767523    32.6353    26.1737 0.0000e+00
       1341     81.621     0.4774   2.767530    32.6352    26.1737 0.0000e+00
       1342     81.626     0.4776   2.767544    32.6352    26.1736 0.0000e+00
       1343     81.638     0.4778   2.767559    32.6352    26.1736 0.0000e+00
       1344     81.656     0.4780   2.767567    32.6351    26.1735 0.0000e+00
       1345     81.669     0.4782   2.767566    32.6348    26.1733 0.0000e+00
       1346     81.668     0.4782   2.767549    32.6346    26.1731 0.0000e+00
       1347     81.655     0.4780   2.767535    32.6347    26.1732 0.0000e+00
       1348     81.643     0.4779   2.767538    32.6348    26.1733 0.0000e+00
       1349     81.650     0.4778   2.767536    32.6349    26.1733 0.0000e+00
       1350     81.670     0.4776   2.767521    32.6349    26.1734 0.0000e+00
       1351     81.685     0.4773   2.767508    32.6350    26.1735 0.0000e+00
       1352     81.689     0.4770   2.767497    32.6352    26.1736 0.0000e+00
       1353     81.687     0.4768   2.767485    32.6353    26.1737 0.0000e+00
       1354     81.685     0.4766   2.767473    32.6353    26.1738 0.0000e+00
       1355     81.686     0.4764   2.767464    32.6354    26.1738 0.0000e+00
       1356     81.695     0.4764   2.767463    32.6354    26.1738 0.0000e+00
       1357     81.711     0.4764   2.767468    32.6354    26.1739 0.0000e+00
       1358     81.722     0.4766   2.767478    32.6354    26.1738 0.0000e+00
       1359     81.715     0.4768   2.767500    32.6354    26.1738 0.0000e+00
       1360     81.689     0.4770   2.767523    32.6355    26.1739 0.0000e+00
       1361     81.663     0.4772   2.767533    32.6355    26.1739 0.0000e+00
       1362     81.658     0.4774   2.767544    32.6354    26.1738 0.0000e+00
       1363     81.667     0.4776   2.767558    32.6354    26.1738 0.0000e+00
       1364     81.670     0.4778   2.767562    32.6352    26.1736 0.0000e+00
       1365     81.665     0.4779   2.767555    32.6350    26.1734 0.0000e+00
       1366     81.666     0.4779   2.767539    32.6348    26.1733 0.0000e+00
       1367     81.677     0.4777   2.767521    32.6348    26.1733 0.0000e+00
       1368     81.693     0.4773   2.767512    32.6351    26.1735 0.0000e+00
       1369     81.709     0.4770   2.767504    32.6353    26.1737 0.0000e+00
       1370     81.719     0.4769   2.767491    32.6352    26.1737 0.0000e+00
       1371     81.717     0.4767   2.767476    32.6352    26.1737 0.0000e+00
       1372     81.700     0.4764   2.767464    32.6354    26.1738 0.0000e+00
       1373     81.680     0.4763   2.767462    32.6355    26.1739 0.0000e+00
       1374     81.678     0.4764   2.767473    32.6355    26.1739 0.0000e+00
       1375     81.697     0.4766   2.767493    32.6356    26.1740 0.0000e+00
       1376     81.716     0.4768   2.767512    32.6356    26.1740 0.0000e+00
       1377     81.720     0.4769   2.767521    32.6356    26.1740 0.0000e+00
       1378     81.718     0.4770   2.767525    32.6356    26.1739 0.0000e+00
       1379     81.725     0.4771   2.767527    32.6355    26.1739 0.0000e+00
       1380     81.742     0.4770   2.767521    32.6355    26.1739 0.0000e+00
       1381     81.750     0.4770   2.767514    32.6354    26.1738 0.0000e+00
       1382     81.741     0.4770   2.767515    32.6354    26.1738 0.0000e+00
       1383     81.725     0.4770   2.767520    32.6355    26.1739 0.0000e+00
       1384     81.715     0.4771   2.767531    32.6355    26.1739 0.0000e+00
       1385     81.715     0.4775   2.767548    32.6353    26.1737 0.0000e+00
       1386     81.718     0.4777   2.767563    32.6353    26.1737 0.0000e+00
       1387     81.721     0.4779   2.767576    32.6353    26.1736 0.0000e+00
       1388     81.727     0.4781   2.767584    32.6351    26.1735 0.0000e+00
       1389     81.742     0.4783   2.767584    32.6349    26.1734 0.0000e+00
       1390     81.761     0.4781   2.767569    32.6349    26.1734 0.0000e+00
       1391     81.772     0.4779   2.767548    32.6349    26.1733 0.0000e+00
       1392     81.776     0.4778   2.767538    32.6348    26.1733 0.0000e+00
       1393     81.783     0.4776   2.767533    32.6350    26.1734 0.0000e+00
       1394     81.790     0.4774   2.767531    32.6352    26.1736 0.0000e+00
       1395     81.783     0.4774   2.767537    32.6352    26.1737 0.0000e+00
       1396     81.762     0.4774   2.767541    32.6353    26.1737 0.0000e+00
       1397     81.745     0.4774   2.767539    32.6353    26.1737 0.0000e+00
       1398     81.750     0.4775   2.767545    32.6353    26.1737 0.0000e+00
       1399     81.764     0.4777   2.767552    32.6351    26.1736 0.0000e+00
       1400     81.763     0.4778   2.767555    32.6351    26.1735 0.0000e+00
       1401     81.749     0.4778   2.767547    32.6350    26.1734 0.0000e+00
       1402     81.744     0.4777   2.767530    32.6349    26.1733 0.0000e+00
       1403     81.751     0.4772   2.767510    32.6351    26.1736 0.0000e+00
       1404     81.759     0.4769   2.767491    32.6352    26.1736 0.0000e+00
       1405     81.761     0.4767   2.767479    32.6352    26.1737 0.0000e+00
       1406     81.762     0.4765   2.767477    32.6354    26.1739 0.0000e+00
       1407     81.762     0.4764   2.767478    32.6355    26.1740 0.0000e+00
       1408     81.758     0.4764   2.767473    32.6355    26.1739 0.0000e+00
       1409     81.750     0.4764   2.767469    32.6354    26.1739 0.0000e+00
       1410     81.746     0.4763   2.767468    32.6355    26.1739 0.0000e+00
       1411     81.754     0.4762   2.767474    32.6357    26.1741 0.0000e+00
       1412     81.775     0.4764   2.767491    32.6357    26.1741 0.0000e+00
       1413     81.796     0.4766   2.767503    32.6356    26.1740 0.0000e+00
       1414     81.807     0.4768   2.767510    32.6355    26.1739 0.0000e+00
       1415     81.809     0.4769   2.767513    32.6354    26.1738 0.0000e+00
       1416     81.813     0.4769   2.767513    32.6354    26.1738 0.0000e+00
       1417     81.826     0.4770   2.767520    32.6354    26.1738 0.0000e+00
       1418     81.835     0.4770   2.767526    32.6355    26.1739 0.0000e+00
       1419     81.826     0.4770   2.767526    32.6355    26.1739 0.0000e+00
       1420     81.809     0.4771   2.767526    32.6354    26.1738 0.0000e+00
       1421     81.800     0.4773   2.767527    32.6352    26.1736 0.0000e+00
       1422     81.799     0.4774   2.767531    32.6352    26.1736 0.0000e+00
       1423     81.797     0.4774   2.767529    32.6351    26.1736 0.0000e+00
       1424     81.799     0.4774   2.767524    32.6351    26.1735 0.0000e+00
       1425     81.811     0.4771   2.767512    32.6352    26.1737 0.0000e+00
       1426     81.831     0.4769   2.767497    32.6352    26.1737 0.0000e+00
       1427     81.847     0.4767   2.767485    32.6353    26.1737 0.0000e+00
       1428     81.853     0.4764   2.767474    32.6354    26.1739 0.0000e+00
       1429     81.853     0.4763   2.767474    32.6356    26.1740 0.0000e+00
       1430     81.852     0.4763   2.767481    32.6356    26.1740 0.0000e+00
       1431     81.849     0.4764   2.767487    32.6356    26.1740 0.0000e+00
       1432     81.840     0.4764   2.767494    32.6357    26.1741 0.0000e+00
       1433     81.832     0.4766   2.767510    32.6357    26.1741 0.0000e+00
       1434     81.830     0.4768   2.767522    32.6357    26.1740 0.0000e+00
       1435     81.834     0.4769   2.767525    32.6356    26.1740 0.0000e+00
