Datasets/Test_Dataset_39219_tow/originals/tel219_2021_041.cnv
* Sea-Bird SBE19plus Data File:
* Filename = C:/AQUIRE/tel219_2021_041.hex
* Software Version AquireV2 AF V2.0
* Temperature SN =  4020
* Conductivity SN =  4020
* System UpLoad Time = May 12 2021 08:10:39
** VESSEL/TRIP/SEQ STN: tel219_2021_041
** LATITUDE: 44 54.71 N
** LONGITUDE: 056 02.07 W
** DATE/TIME: 2021-05-12 07:17
** SOUNDING DEPTH (M): 0214
** PROBE TYPE: S4020
** CTD NUMBER: 041
** FORMAT: T
** COMMENTS: 
# nquan = 7                                 
# nvalues = 3070                        
# units = specified
# name 0 = scan: Scan Count
# name 1 = prdM: Pressure, Strain Gauge [db]
# name 2 = tv290C: Temperature [ITS-90, deg C]
# name 3 = c0S/m: Conductivity [S/m]
# name 4 = sal00: Salinity, Practical [PSU]
# name 5 = sigma-t00: Density [sigma-t, kg/m^3 ]
# name 6 = flag: flag
# span 0 =          1,       3070       
# span 1 =     -1.157,    211.807       
# span 2 =     0.3927,    10.1599       
# span 3 =   0.006084,   3.824091       
# span 4 =     0.0444,    35.0958       
# span 5 =    -0.0190,    27.1889       
# span 6 = 0.0000e+00, 0.0000e+00       
# interval = seconds: 1
# start_time = May 12 2021 07:17:26 [Instrument's time stamp, header]
# bad_flag = -9.990e-29
*END*
[from data line 2872]
       2873     -0.463     3.6813   0.017642     0.1393     0.0868 0.0000e+00
       2874     -0.463     3.6818   0.017649     0.1393     0.0869 0.0000e+00
       2875     -0.461     3.6823   0.017678     0.1396     0.0871 0.0000e+00
       2876     -0.462     3.6830   0.017657     0.1394     0.0869 0.0000e+00
       2877     -0.461     3.6838   0.017544     0.1385     0.0862 0.0000e+00
       2878     -0.459     3.6842   0.017348     0.1369     0.0849 0.0000e+00
       2879     -0.460     3.6844   0.017208     0.1357     0.0840 0.0000e+00
       2880     -0.458     3.6845   0.017294     0.1364     0.0845 0.0000e+00
       2881     -0.452     3.6847   0.017551     0.1385     0.0862 0.0000e+00
       2882     -0.446     3.6849   0.017746     0.1401     0.0875 0.0000e+00
       2883     -0.445     3.6852   0.017725     0.1399     0.0874 0.0000e+00
       2884     -0.445     3.6854   0.017530     0.1383     0.0861 0.0000e+00
       2885     -0.444     3.6858   0.017329     0.1367     0.0848 0.0000e+00
       2886     -0.442     3.6862   0.017226     0.1358     0.0841 0.0000e+00
       2887     -0.439     3.6864   0.017206     0.1357     0.0840 0.0000e+00
       2888     -0.438     3.6867   0.017185     0.1355     0.0838 0.0000e+00
       2889     -0.438     3.6869   0.017100     0.1348     0.0833 0.0000e+00
       2890     -0.435     3.6871   0.016996     0.1340     0.0826 0.0000e+00
       2891     -0.435     3.6873   0.016986     0.1339     0.0825 0.0000e+00
       2892     -0.436     3.6876   0.017084     0.1347     0.0832 0.0000e+00
       2893     -0.435     3.6878   0.017148     0.1352     0.0836 0.0000e+00
       2894     -0.434     3.6881   0.017067     0.1345     0.0830 0.0000e+00
       2895     -0.433     3.6883   0.016873     0.1330     0.0818 0.0000e+00
       2896     -0.432     3.6887   0.016696     0.1315     0.0806 0.0000e+00
       2897     -0.431     3.6890   0.016643     0.1311     0.0803 0.0000e+00
       2898     -0.427     3.6894   0.016715     0.1317     0.0807 0.0000e+00
       2899     -0.424     3.6896   0.016767     0.1321     0.0811 0.0000e+00
       2900     -0.423     3.6898   0.016690     0.1315     0.0806 0.0000e+00
       2901     -0.422     3.6902   0.016561     0.1304     0.0797 0.0000e+00
       2902     -0.422     3.6904   0.016484     0.1298     0.0792 0.0000e+00
       2903     -0.425     3.6906   0.016407     0.1291     0.0787 0.0000e+00
       2904     -0.428     3.6910   0.016241     0.1278     0.0776 0.0000e+00
       2905     -0.426     3.6913   0.016018     0.1260     0.0761 0.0000e+00
       2906     -0.421     3.6917   0.015843     0.1245     0.0750 0.0000e+00
       2907     -0.417     3.6920   0.015792     0.1241     0.0747 0.0000e+00
       2908     -0.414     3.6924   0.015874     0.1248     0.0752 0.0000e+00
       2909     -0.413     3.6929   0.015984     0.1257     0.0759 0.0000e+00
       2910     -0.414     3.6935   0.015995     0.1258     0.0760 0.0000e+00
       2911     -0.416     3.6939   0.015887     0.1249     0.0753 0.0000e+00
       2912     -0.415     3.6941   0.015747     0.1238     0.0744 0.0000e+00
       2913     -0.413     3.6943   0.015660     0.1230     0.0738 0.0000e+00
       2914     -0.412     3.6945   0.015628     0.1228     0.0736 0.0000e+00
       2915     -0.411     3.6947   0.015610     0.1226     0.0735 0.0000e+00
       2916     -0.411     3.6950   0.015582     0.1224     0.0733 0.0000e+00
       2917     -0.412     3.6953   0.015567     0.1223     0.0732 0.0000e+00
       2918     -0.408     3.6957   0.015583     0.1224     0.0733 0.0000e+00
       2919     -0.405     3.6961   0.015598     0.1225     0.0734 0.0000e+00
       2920     -0.406     3.6965   0.015552     0.1222     0.0731 0.0000e+00
       2921     -0.406     3.6974   0.015412     0.1210     0.0722 0.0000e+00
       2922     -0.403     3.6993   0.015224     0.1195     0.0709 0.0000e+00
       2923     -0.399     3.7016   0.015080     0.1183     0.0700 0.0000e+00
       2924     -0.396     3.7042   0.015023     0.1178     0.0696 0.0000e+00
       2925     -0.396     3.7066   0.015029     0.1179     0.0697 0.0000e+00
       2926     -0.399     3.7085   0.015050     0.1180     0.0698 0.0000e+00
       2927     -0.401     3.7096   0.015036     0.1179     0.0697 0.0000e+00
       2928     -0.398     3.7094   0.015005     0.1177     0.0695 0.0000e+00
       2929     -0.394     3.7088   0.014984     0.1175     0.0694 0.0000e+00
       2930     -0.393     3.7083   0.014959     0.1173     0.0692 0.0000e+00
       2931     -0.394     3.7079   0.014898     0.1168     0.0688 0.0000e+00
       2932     -0.391     3.7075   0.014792     0.1159     0.0681 0.0000e+00
       2933     -0.389     3.7071   0.014680     0.1150     0.0674 0.0000e+00
       2934     -0.387     3.7070   0.014623     0.1146     0.0670 0.0000e+00
       2935     -0.384     3.7070   0.014659     0.1149     0.0672 0.0000e+00
       2936     -0.381     3.7069   0.014736     0.1155     0.0677 0.0000e+00
       2937     -0.379     3.7068   0.014747     0.1156     0.0678 0.0000e+00
       2938     -0.376     3.7068   0.014679     0.1150     0.0674 0.0000e+00
       2939     -0.374     3.7068   0.014635     0.1147     0.0671 0.0000e+00
       2940     -0.374     3.7069   0.014664     0.1149     0.0673 0.0000e+00
       2941     -0.376     3.7074   0.014668     0.1149     0.0673 0.0000e+00
       2942     -0.378     3.7092   0.014560     0.1141     0.0666 0.0000e+00
       2943     -0.378     3.7130   0.014375     0.1125     0.0654 0.0000e+00
       2944     -0.375     3.7179   0.014214     0.1112     0.0643 0.0000e+00
       2945     -0.372     3.7211   0.014205     0.1111     0.0643 0.0000e+00
       2946     -0.372     3.7217   0.014359     0.1124     0.0653 0.0000e+00
       2947     -0.374     3.7212   0.014494     0.1135     0.0662 0.0000e+00
       2948     -0.374     3.7210   0.014487     0.1134     0.0661 0.0000e+00
       2949     -0.374     3.7206   0.014385     0.1126     0.0655 0.0000e+00
       2950     -0.375     3.7198   0.014237     0.1114     0.0645 0.0000e+00
       2951     -0.374     3.7191   0.014095     0.1103     0.0636 0.0000e+00
       2952     -0.372     3.7186   0.014049     0.1099     0.0633 0.0000e+00
       2953     -0.369     3.7183   0.014109     0.1104     0.0637 0.0000e+00
       2954     -0.368     3.7183   0.014177     0.1109     0.0641 0.0000e+00
       2955     -0.369     3.7187   0.014173     0.1109     0.0641 0.0000e+00
       2956     -0.369     3.7196   0.014096     0.1103     0.0636 0.0000e+00
       2957     -0.368     3.7211   0.013986     0.1094     0.0629 0.0000e+00
       2958     -0.369     3.7222   0.013898     0.1087     0.0623 0.0000e+00
       2959     -0.370     3.7224   0.013834     0.1081     0.0619 0.0000e+00
       2960     -0.368     3.7222   0.013782     0.1077     0.0615 0.0000e+00
       2961     -0.365     3.7222   0.013788     0.1078     0.0616 0.0000e+00
       2962     -0.363     3.7222   0.013868     0.1084     0.0621 0.0000e+00
       2963     -0.364     3.7224   0.013938     0.1090     0.0625 0.0000e+00
       2964     -0.364     3.7233   0.013898     0.1087     0.0623 0.0000e+00
       2965     -0.363     3.7256   0.013771     0.1076     0.0615 0.0000e+00
       2966     -0.362     3.7283   0.013667     0.1068     0.0608 0.0000e+00
       2967     -0.360     3.7298   0.013634     0.1065     0.0606 0.0000e+00
       2968     -0.356     3.7302   0.013624     0.1064     0.0605 0.0000e+00
       2969     -0.352     3.7306   0.013572     0.1060     0.0602 0.0000e+00
       2970     -0.351     3.7318   0.013470     0.1052     0.0595 0.0000e+00
       2971     -0.352     3.7337   0.013381     0.1044     0.0589 0.0000e+00
       2972     -0.353     3.7365   0.013358     0.1042     0.0588 0.0000e+00
       2973     -0.356     3.7399   0.013397     0.1046     0.0590 0.0000e+00
       2974     -0.360     3.7426   0.013443     0.1049     0.0593 0.0000e+00
       2975     -0.363     3.7441   0.013432     0.1048     0.0593 0.0000e+00
       2976     -0.364     3.7450   0.013356     0.1042     0.0588 0.0000e+00
       2977     -0.361     3.7454   0.013261     0.1034     0.0581 0.0000e+00
       2978     -0.357     3.7454   0.013199     0.1029     0.0577 0.0000e+00
       2979     -0.356     3.7459   0.013158     0.1026     0.0575 0.0000e+00
       2980     -0.356     3.7468   0.013114     0.1022     0.0572 0.0000e+00
       2981     -0.354     3.7472   0.013078     0.1020     0.0570 0.0000e+00
       2982     -0.352     3.7473   0.013040     0.1016     0.0567 0.0000e+00
       2983     -0.350     3.7470   0.013016     0.1015     0.0566 0.0000e+00
       2984     -0.348     3.7464   0.013018     0.1015     0.0566 0.0000e+00
       2985     -0.348     3.7457   0.013014     0.1014     0.0565 0.0000e+00
       2986     -0.348     3.7456   0.012974     0.1011     0.0563 0.0000e+00
       2987     -0.345     3.7466   0.012887     0.1004     0.0557 0.0000e+00
       2988     -0.339     3.7479   0.012809     0.0998     0.0552 0.0000e+00
       2989     -0.338     3.7484   0.012818     0.0999     0.0553 0.0000e+00
       2990     -0.338     3.7483   0.012871     0.1003     0.0556 0.0000e+00
       2991     -0.336     3.7485   0.012879     0.1003     0.0557 0.0000e+00
       2992     -0.336     3.7492   0.012824     0.0999     0.0553 0.0000e+00
       2993     -0.338     3.7502   0.012734     0.0992     0.0547 0.0000e+00
       2994     -0.337     3.7509   0.012656     0.0985     0.0542 0.0000e+00
       2995     -0.333     3.7507   0.012630     0.0983     0.0540 0.0000e+00
       2996     -0.331     3.7504   0.012665     0.0986     0.0543 0.0000e+00
       2997     -0.332     3.7510   0.012709     0.0990     0.0546 0.0000e+00
       2998     -0.335     3.7521   0.012706     0.0989     0.0545 0.0000e+00
       2999     -0.334     3.7531   0.012638     0.0984     0.0541 0.0000e+00
       3000     -0.331     3.7538   0.012544     0.0976     0.0535 0.0000e+00
       3001     -0.329     3.7539   0.012491     0.0972     0.0531 0.0000e+00
       3002     -0.330     3.7537   0.012476     0.0971     0.0530 0.0000e+00
       3003     -0.330     3.7542   0.012449     0.0969     0.0529 0.0000e+00
       3004     -0.328     3.7565   0.012392     0.0964     0.0525 0.0000e+00
       3005     -0.325     3.7602   0.012333     0.0959     0.0521 0.0000e+00
       3006     -0.324     3.7634   0.012304     0.0957     0.0519 0.0000e+00
       3007     -0.327     3.7651   0.012307     0.0957     0.0520 0.0000e+00
       3008     -0.332     3.7655   0.012314     0.0958     0.0520 0.0000e+00
       3009     -0.331     3.7652   0.012305     0.0957     0.0519 0.0000e+00
       3010     -0.328     3.7645   0.012264     0.0954     0.0517 0.0000e+00
       3011     -0.329     3.7640   0.012196     0.0948     0.0512 0.0000e+00
       3012     -0.329     3.7634   0.012153     0.0945     0.0510 0.0000e+00
       3013     -0.324     3.7633   0.012184     0.0947     0.0512 0.0000e+00
       3014     -0.320     3.7638   0.012254     0.0953     0.0516 0.0000e+00
       3015     -0.318     3.7648   0.012298     0.0956     0.0519 0.0000e+00
       3016     -0.317     3.7651   0.012287     0.0955     0.0518 0.0000e+00
       3017     -0.315     3.7645   0.012225     0.0950     0.0514 0.0000e+00
       3018     -0.314     3.7637   0.012162     0.0945     0.0510 0.0000e+00
       3019     -0.314     3.7630   0.012174     0.0946     0.0511 0.0000e+00
       3020     -0.315     3.7631   0.012286     0.0955     0.0518 0.0000e+00
       3021     -0.317     3.7647   0.012393     0.0964     0.0525 0.0000e+00
       3022     -0.319     3.7679   0.012394     0.0964     0.0525 0.0000e+00
       3023     -0.323     3.7713   0.012373     0.0962     0.0524 0.0000e+00
       3024     -0.326     3.7732   0.012480     0.0971     0.0531 0.0000e+00
       3025     -0.327     3.7735   0.012658     0.0985     0.0543 0.0000e+00
       3026     -0.327     3.7728   0.012767     0.0994     0.0550 0.0000e+00
       3027     -0.326     3.7718   0.012824     0.0998     0.0553 0.0000e+00
       3028     -0.322     3.7711   0.012857     0.1001     0.0555 0.0000e+00
       3029     -0.320     3.7707   0.012871     0.1002     0.0556 0.0000e+00
       3030     -0.321     3.7706   0.012932     0.1007     0.0560 0.0000e+00
       3031     -0.322     3.7703   0.013059     0.1017     0.0569 0.0000e+00
       3032     -0.321     3.7699   0.013237     0.1032     0.0580 0.0000e+00
       3033     -0.317     3.7695   0.013452     0.1049     0.0594 0.0000e+00
       3034     -0.314     3.7693   0.013640     0.1064     0.0606 0.0000e+00
       3035     -0.315     3.7693   0.013722     0.1071     0.0612 0.0000e+00
       3036     -0.318     3.7698   0.013781     0.1076     0.0616 0.0000e+00
       3037     -0.321     3.7709   0.013871     0.1083     0.0622 0.0000e+00
       3038     -0.320     3.7720   0.013884     0.1084     0.0622 0.0000e+00
       3039     -0.319     3.7730   0.013861     0.1082     0.0621 0.0000e+00
       3040     -0.316     3.7744   0.013859     0.1082     0.0621 0.0000e+00
       3041     -0.311     3.7760   0.013822     0.1079     0.0618 0.0000e+00
       3042     -0.306     3.7772   0.013754     0.1073     0.0614 0.0000e+00
       3043     -0.304     3.7773   0.013706     0.1069     0.0611 0.0000e+00
       3044     -0.306     3.7770   0.013703     0.1069     0.0611 0.0000e+00
       3045     -0.309     3.7767   0.013736     0.1072     0.0613 0.0000e+00
       3046     -0.312     3.7765   0.013785     0.1076     0.0616 0.0000e+00
       3047     -0.314     3.7763   0.013821     0.1079     0.0618 0.0000e+00
       3048     -0.313     3.7766   0.013834     0.1080     0.0619 0.0000e+00
       3049     -0.310     3.7771   0.013836     0.1080     0.0619 0.0000e+00
       3050     -0.309     3.7777   0.013853     0.1081     0.0620 0.0000e+00
       3051     -0.308     3.7781   0.013889     0.1084     0.0623 0.0000e+00
       3052     -0.307     3.7788   0.013931     0.1088     0.0625 0.0000e+00
       3053     -0.306     3.7799   0.013962     0.1090     0.0627 0.0000e+00
       3054     -0.305     3.7815   0.013984     0.1092     0.0629 0.0000e+00
       3055     -0.303     3.7825   0.014019     0.1095     0.0631 0.0000e+00
       3056     -0.301     3.7830   0.014060     0.1098     0.0634 0.0000e+00
       3057     -0.302     3.7832   0.014079     0.1099     0.0635 0.0000e+00
       3058     -0.303     3.7834   0.014074     0.1099     0.0635 0.0000e+00
       3059     -0.301     3.7836   0.014066     0.1098     0.0634 0.0000e+00
       3060     -0.301     3.7837   0.014082     0.1100     0.0635 0.0000e+00
       3061     -0.302     3.7846   0.014117     0.1102     0.0638 0.0000e+00
       3062     -0.301     3.7861   0.014164     0.1106     0.0641 0.0000e+00
       3063     -0.299     3.7876   0.014224     0.1111     0.0645 0.0000e+00
       3064     -0.298     3.7883   0.014287     0.1116     0.0649 0.0000e+00
       3065     -0.300     3.7885   0.014333     0.1120     0.0652 0.0000e+00
       3066     -0.302     3.7887   0.014353     0.1121     0.0653 0.0000e+00
       3067     -0.300     3.7893   0.014354     0.1121     0.0653 0.0000e+00
       3068     -0.298     3.7902   0.014382     0.1124     0.0655 0.0000e+00
       3069     -0.298     3.7907   0.014474     0.1131     0.0661 0.0000e+00
       3070     -0.299 -9.990e-29   0.014520 -9.990e-29 -9.990e-29 0.0000e+00
