Datasets/Test_Dataset_39219_tow/originals/tel219_2021_048.cnv
* Sea-Bird SBE19plus Data File:
* Filename = C:/AQUIRE/tel219_2021_048.hex
* Software Version AquireV2 AF V2.0
* Temperature SN =  4020
* Conductivity SN =  4020
* System UpLoad Time = May 13 2021 02:58:26
** VESSEL/TRIP/SEQ STN: tel219_2021_048
** LATITUDE: 44 47.37 N
** LONGITUDE: 55 39.51 W
** DATE/TIME: 2021-05-13 01:43
** SOUNDING DEPTH (M): 0669
** PROBE TYPE: S4020
** CTD NUMBER:  48
** FORMAT: T
** COMMENTS: 
# nquan = 7                                 
# nvalues = 4582                        
# units = specified
# name 0 = scan: Scan Count
# name 1 = prdM: Pressure, Strain Gauge [db]
# name 2 = tv290C: Temperature [ITS-90, deg C]
# name 3 = c0S/m: Conductivity [S/m]
# name 4 = sal00: Salinity, Practical [PSU]
# name 5 = sigma-t00: Density [sigma-t, kg/m^3 ]
# name 6 = flag: flag
# span 0 =          1,       4582       
# span 1 =     -0.547,    680.517       
# span 2 =     0.5744,     9.9149       
# span 3 =   0.016813,   3.801354       
# span 4 =     0.1333,    35.0940       
# span 5 =     0.0807,    27.6925       
# span 6 = 0.0000e+00, 0.0000e+00       
# interval = seconds: 1
# start_time = May 13 2021 01:43:04 [Instrument's time stamp, header]
# bad_flag = -9.990e-29
*END*
          1     -0.143     3.7344   0.031032     0.2498     0.1762 0.0000e+00
          2     -0.144     3.7294   0.031128     0.2506     0.1769 0.0000e+00
          3     -0.146     3.7253   0.031271     0.2518     0.1779 0.0000e+00
          4     -0.148     3.7262   0.031349     0.2525     0.1784 0.0000e+00
          5     -0.147     3.7293   0.031570     0.2543     0.1799 0.0000e+00
          6     -0.145     3.7308   0.032164     0.2593     0.1839 0.0000e+00
          7     -0.145     3.7317   0.032784     0.2645     0.1880 0.0000e+00
          8     -0.147     3.7335   0.032986     0.2661     0.1894 0.0000e+00
          9     -0.147     3.7340   0.032930     0.2657     0.1890 0.0000e+00
         10     -0.147     3.7319   0.032748     0.2642     0.1878 0.0000e+00
         11     -0.146     3.7291   0.032398     0.2612     0.1854 0.0000e+00
         12     -0.146     3.7256   0.031985     0.2578     0.1827 0.0000e+00
         13     -0.147     3.7200   0.031706     0.2555     0.1808 0.0000e+00
         14     -0.149     3.7147   0.031684     0.2554     0.1807 0.0000e+00
         15     -0.148     3.7122   0.031711     0.2556     0.1809 0.0000e+00
         16     -0.148     3.7130   0.031668     0.2553     0.1806 0.0000e+00
         17     -0.149     3.7163   0.031848     0.2567     0.1818 0.0000e+00
         18     -0.148     3.7205   0.032513     0.2623     0.1863 0.0000e+00
         19     -0.145     3.7236   0.033367     0.2694     0.1920 0.0000e+00
         20     -0.141     3.7240   0.033802     0.2731     0.1950 0.0000e+00
         21     -0.143     3.7228   0.033710     0.2723     0.1943 0.0000e+00
         22     -0.152     3.7229   0.033397     0.2697     0.1922 0.0000e+00
         23     -0.158     3.7234   0.033023     0.2665     0.1897 0.0000e+00
         24     -0.158     3.7220   0.032627     0.2632     0.1870 0.0000e+00
         25     -0.158     3.7202   0.032311     0.2606     0.1849 0.0000e+00
         26     -0.158     3.7213   0.032127     0.2590     0.1836 0.0000e+00
         27     -0.155     3.7249   0.031938     0.2574     0.1824 0.0000e+00
         28     -0.152     3.7293   0.031630     0.2548     0.1803 0.0000e+00
         29     -0.149     3.7332   0.031314     0.2521     0.1781 0.0000e+00
         30     -0.146     3.7362   0.031259     0.2517     0.1777 0.0000e+00
         31     -0.144     3.7381   0.031497     0.2536     0.1793 0.0000e+00
         32     -0.143     3.7389   0.031683     0.2552     0.1806 0.0000e+00
         33     -0.143     3.7390   0.031580     0.2543     0.1799 0.0000e+00
         34     -0.142     3.7397   0.031279     0.2518     0.1779 0.0000e+00
         35     -0.142     3.7411   0.031024     0.2497     0.1761 0.0000e+00
         36     -0.146     3.7405   0.030901     0.2486     0.1753 0.0000e+00
         37     -0.151     3.7366   0.030798     0.2478     0.1746 0.0000e+00
         38     -0.151     3.7306   0.030692     0.2470     0.1739 0.0000e+00
         39     -0.146     3.7241   0.030689     0.2470     0.1739 0.0000e+00
         40     -0.140     3.7180   0.030822     0.2481     0.1748 0.0000e+00
         41     -0.138     3.7126   0.031014     0.2498     0.1762 0.0000e+00
         42     -0.139     3.7080   0.031105     0.2506     0.1768 0.0000e+00
         43     -0.142     3.7047   0.031022     0.2499     0.1762 0.0000e+00
         44     -0.145     3.7048   0.030994     0.2497     0.1760 0.0000e+00
         45     -0.144     3.7084   0.031116     0.2507     0.1769 0.0000e+00
         46     -0.142     3.7125   0.031175     0.2511     0.1772 0.0000e+00
         47     -0.144     3.7155   0.031098     0.2505     0.1767 0.0000e+00
         48     -0.144     3.7174   0.031016     0.2498     0.1762 0.0000e+00
         49     -0.144     3.7173   0.031001     0.2496     0.1761 0.0000e+00
         50     -0.145     3.7164   0.031168     0.2511     0.1772 0.0000e+00
         51     -0.146     3.7168   0.031633     0.2549     0.1803 0.0000e+00
         52     -0.145     3.7188   0.032202     0.2597     0.1842 0.0000e+00
         53     -0.143     3.7218   0.032514     0.2623     0.1863 0.0000e+00
         54     -0.143     3.7234   0.032382     0.2612     0.1854 0.0000e+00
         55     -0.145     3.7204   0.032008     0.2581     0.1828 0.0000e+00
         56     -0.143     3.7144   0.031902     0.2572     0.1821 0.0000e+00
         57     -0.140     3.7094   0.032020     0.2582     0.1830 0.0000e+00
         58     -0.140     3.7054   0.031809     0.2565     0.1815 0.0000e+00
         59     -0.142     3.7027   0.031563     0.2545     0.1799 0.0000e+00
         60     -0.142     3.7024   0.031604     0.2548     0.1802 0.0000e+00
         61     -0.140     3.7036   0.031511     0.2540     0.1795 0.0000e+00
         62     -0.139     3.7054   0.031303     0.2523     0.1781 0.0000e+00
         63     -0.140     3.7073   0.031224     0.2516     0.1776 0.0000e+00
         64     -0.142     3.7088   0.031259     0.2519     0.1778 0.0000e+00
         65     -0.143     3.7098   0.031366     0.2528     0.1785 0.0000e+00
         66     -0.142     3.7111   0.031678     0.2554     0.1806 0.0000e+00
         67     -0.141     3.7131   0.032342     0.2609     0.1851 0.0000e+00
         68     -0.142     3.7150   0.032949     0.2660     0.1892 0.0000e+00
         69     -0.142     3.7155   0.033129     0.2675     0.1904 0.0000e+00
         70     -0.142     3.7132   0.033104     0.2673     0.1903 0.0000e+00
         71     -0.145     3.7087   0.033156     0.2678     0.1906 0.0000e+00
         72     -0.149     3.7045   0.033347     0.2694     0.1919 0.0000e+00
         73     -0.149     3.7019   0.033448     0.2703     0.1926 0.0000e+00
         74     -0.147     3.7004   0.033179     0.2680     0.1908 0.0000e+00
         75     -0.150     3.6998   0.032723     0.2642     0.1877 0.0000e+00
         76     -0.151     3.6995   0.032376     0.2613     0.1854 0.0000e+00
         77     -0.146     3.6978   0.031997     0.2581     0.1828 0.0000e+00
         78     -0.141     3.6943   0.031537     0.2543     0.1797 0.0000e+00
         79     -0.140     3.6923   0.031416     0.2533     0.1789 0.0000e+00
         80     -0.140     3.6928   0.031416     0.2533     0.1789 0.0000e+00
         81     -0.140     3.6933   0.031146     0.2510     0.1771 0.0000e+00
         82     -0.140     3.6951   0.031004     0.2498     0.1761 0.0000e+00
         83     -0.141     3.6989   0.030998     0.2498     0.1761 0.0000e+00
         84     -0.140     3.7016   0.030833     0.2484     0.1750 0.0000e+00
         85     -0.137     3.6989   0.030359     0.2444     0.1718 0.0000e+00
         86     -0.137     3.6923   0.029789     0.2397     0.1679 0.0000e+00
         87     -0.141     3.6880   0.029702     0.2390     0.1674 0.0000e+00
         88     -0.145     3.6873   0.029841     0.2402     0.1683 0.0000e+00
         89     -0.145     3.6862   0.029763     0.2395     0.1678 0.0000e+00
         90     -0.146     3.6842   0.029651     0.2386     0.1670 0.0000e+00
         91     -0.149     3.6834   0.029632     0.2384     0.1669 0.0000e+00
         92     -0.150     3.6827   0.029603     0.2382     0.1667 0.0000e+00
         93     -0.149     3.6802   0.029392     0.2365     0.1653 0.0000e+00
         94     -0.149     3.6761   0.029090     0.2340     0.1633 0.0000e+00
         95     -0.150     3.6710   0.028841     0.2319     0.1616 0.0000e+00
         96     -0.148     3.6660   0.028601     0.2300     0.1600 0.0000e+00
         97     -0.146     3.6647   0.028469     0.2289     0.1591 0.0000e+00
         98     -0.144     3.6673   0.028550     0.2295     0.1596 0.0000e+00
         99     -0.141     3.6692   0.028650     0.2303     0.1603 0.0000e+00
        100     -0.139     3.6690   0.028762     0.2313     0.1611 0.0000e+00
        101     -0.139     3.6673   0.028721     0.2310     0.1608 0.0000e+00
        102     -0.139     3.6616   0.028082     0.2257     0.1565 0.0000e+00
        103     -0.139     3.6533   0.027202     0.2184     0.1506 0.0000e+00
        104     -0.139     3.6487   0.026722     0.2144     0.1474 0.0000e+00
        105     -0.140     3.6495   0.026833     0.2153     0.1481 0.0000e+00
        106     -0.142     3.6528   0.027456     0.2205     0.1523 0.0000e+00
        107     -0.143     3.6567   0.028247     0.2271     0.1576 0.0000e+00
        108     -0.144     3.6614   0.028731     0.2311     0.1609 0.0000e+00
        109     -0.145     3.6660   0.028720     0.2310     0.1608 0.0000e+00
        110     -0.144     3.6671   0.028375     0.2281     0.1585 0.0000e+00
        111     -0.144     3.6630   0.027888     0.2240     0.1552 0.0000e+00
        112     -0.146     3.6572   0.027581     0.2215     0.1531 0.0000e+00
        113     -0.146     3.6515   0.027412     0.2201     0.1520 0.0000e+00
        114     -0.147     3.6452   0.026991     0.2167     0.1492 0.0000e+00
        115     -0.146     3.6410   0.026513     0.2127     0.1460 0.0000e+00
        116     -0.144     3.6421   0.026400     0.2118     0.1452 0.0000e+00
        117     -0.144     3.6464   0.026692     0.2142     0.1472 0.0000e+00
        118     -0.146     3.6479   0.026884     0.2158     0.1484 0.0000e+00
        119     -0.146     3.6414   0.026281     0.2108     0.1444 0.0000e+00
        120     -0.146     3.6307   0.025354     0.2031     0.1382 0.0000e+00
        121     -0.147     3.6258   0.025183     0.2017     0.1370 0.0000e+00
        122     -0.144     3.6284   0.025601     0.2052     0.1398 0.0000e+00
        123     -0.142     3.6312   0.025800     0.2068     0.1412 0.0000e+00
        124     -0.145     3.6302   0.025710     0.2061     0.1406 0.0000e+00
        125     -0.145     3.6296   0.025772     0.2066     0.1410 0.0000e+00
        126     -0.141     3.6337   0.026175     0.2099     0.1437 0.0000e+00
        127     -0.141     3.6395   0.026745     0.2147     0.1475 0.0000e+00
        128     -0.144     3.6427   0.027144     0.2180     0.1502 0.0000e+00
        129     -0.146     3.6428   0.027225     0.2186     0.1507 0.0000e+00
        130     -0.149     3.6418   0.027202     0.2185     0.1506 0.0000e+00
        131     -0.149     3.6411   0.027209     0.2185     0.1506 0.0000e+00
        132     -0.147     3.6423   0.027231     0.2187     0.1508 0.0000e+00
        133     -0.146     3.6445   0.027397     0.2201     0.1519 0.0000e+00
        134     -0.142     3.6453   0.027832     0.2237     0.1548 0.0000e+00
        135     -0.138     3.6453   0.028339     0.2279     0.1582 0.0000e+00
        136     -0.137     3.6475   0.028529     0.2295     0.1595 0.0000e+00
        137     -0.139     3.6515   0.028573     0.2298     0.1598 0.0000e+00
        138     -0.142     3.6549   0.029072     0.2340     0.1632 0.0000e+00
        139     -0.143     3.6574   0.029788     0.2399     0.1680 0.0000e+00
        140     -0.142     3.6601   0.030049     0.2421     0.1697 0.0000e+00
        141     -0.142     3.6646   0.030076     0.2423     0.1699 0.0000e+00
        142     -0.144     3.6704   0.030860     0.2488     0.1752 0.0000e+00
        143     -0.147     3.6764   0.032826     0.2652     0.1885 0.0000e+00
        144     -0.147     3.6813   0.034550     0.2797     0.2002 0.0000e+00
        145     -0.144     3.6830   0.034809     0.2819     0.2019 0.0000e+00
        146     -0.148     3.6826   0.034314     0.2777     0.1986 0.0000e+00
        147     -0.152     3.6833   0.033956     0.2747     0.1961 0.0000e+00
        148     -0.150     3.6852   0.033974     0.2748     0.1962 0.0000e+00
        149     -0.147     3.6878   0.034105     0.2759     0.1971 0.0000e+00
        150     -0.146     3.6909   0.033779     0.2731     0.1949 0.0000e+00
        151     -0.148     3.6940   0.032962     0.2663     0.1894 0.0000e+00
        152     -0.149     3.6970   0.032187     0.2597     0.1841 0.0000e+00
        153     -0.147     3.7001   0.031759     0.2561     0.1812 0.0000e+00
        154     -0.144     3.7031   0.031486     0.2538     0.1794 0.0000e+00
        155     -0.142     3.7058   0.030937     0.2492     0.1757 0.0000e+00
        156     -0.140     3.7081   0.030122     0.2424     0.1702 0.0000e+00
        157     -0.139     3.7096   0.029402     0.2363     0.1653 0.0000e+00
        158     -0.140     3.7087   0.028886     0.2320     0.1618 0.0000e+00
        159     -0.143     3.7054   0.028538     0.2292     0.1595 0.0000e+00
        160     -0.147     3.7020   0.028177     0.2262     0.1571 0.0000e+00
        161     -0.149     3.6984   0.027787     0.2230     0.1545 0.0000e+00
        162     -0.149     3.6945   0.027619     0.2216     0.1533 0.0000e+00
        163     -0.146     3.6924   0.027657     0.2219     0.1536 0.0000e+00
        164     -0.143     3.6928   0.027714     0.2224     0.1540 0.0000e+00
        165     -0.144     3.6936   0.027708     0.2223     0.1539 0.0000e+00
        166     -0.146     3.6930   0.027637     0.2217     0.1535 0.0000e+00
        167     -0.147     3.6909   0.027530     0.2209     0.1527 0.0000e+00
        168     -0.149     3.6871   0.027463     0.2203     0.1523 0.0000e+00
        169     -0.150     3.6810   0.027587     0.2214     0.1531 0.0000e+00
        170     -0.148     3.6746   0.027905     0.2241     0.1553 0.0000e+00
        171     -0.145     3.6708   0.028235     0.2269     0.1575 0.0000e+00
        172     -0.143     3.6699   0.028441     0.2286     0.1589 0.0000e+00
        173     -0.144     3.6718   0.028442     0.2286     0.1589 0.0000e+00
        174     -0.146     3.6757   0.028247     0.2269     0.1576 0.0000e+00
        175     -0.146     3.6802   0.028009     0.2249     0.1560 0.0000e+00
        176     -0.146     3.6844   0.027838     0.2235     0.1548 0.0000e+00
        177     -0.147     3.6870   0.027639     0.2218     0.1535 0.0000e+00
        178     -0.148     3.6852   0.027374     0.2196     0.1517 0.0000e+00
        179     -0.150     3.6780   0.027329     0.2193     0.1514 0.0000e+00
        180     -0.152     3.6707   0.027686     0.2223     0.1538 0.0000e+00
        181     -0.151     3.6681   0.028131     0.2260     0.1568 0.0000e+00
        182     -0.147     3.6687   0.028454     0.2287     0.1590 0.0000e+00
        183     -0.145     3.6696   0.028713     0.2309     0.1607 0.0000e+00
        184     -0.144     3.6683   0.028829     0.2318     0.1615 0.0000e+00
        185     -0.143     3.6643   0.028833     0.2319     0.1615 0.0000e+00
        186     -0.145     3.6599   0.028839     0.2320     0.1616 0.0000e+00
        187     -0.147     3.6558   0.028828     0.2319     0.1615 0.0000e+00
        188     -0.148     3.6519   0.028826     0.2319     0.1615 0.0000e+00
        189     -0.150     3.6515   0.028809     0.2318     0.1614 0.0000e+00
        190     -0.154     3.6559   0.028632     0.2303     0.1602 0.0000e+00
        191     -0.153     3.6607   0.028351     0.2279     0.1583 0.0000e+00
        192     -0.148     3.6618   0.028180     0.2265     0.1571 0.0000e+00
        193     -0.143     3.6618   0.028144     0.2262     0.1569 0.0000e+00
        194     -0.140     3.6643   0.028132     0.2261     0.1568 0.0000e+00
        195     -0.140     3.6685   0.028070     0.2255     0.1564 0.0000e+00
        196     -0.143     3.6712   0.027876     0.2239     0.1551 0.0000e+00
        197     -0.145     3.6700   0.027576     0.2214     0.1531 0.0000e+00
        198     -0.147     3.6646   0.027400     0.2200     0.1519 0.0000e+00
        199     -0.149     3.6565   0.027344     0.2195     0.1515 0.0000e+00
        200     -0.150     3.6471   0.027331     0.2195     0.1514 0.0000e+00
        201     -0.149     3.6400   0.027492     0.2209     0.1525 0.0000e+00
        202     -0.148     3.6391   0.027794     0.2234     0.1546 0.0000e+00
        203     -0.146     3.6416   0.028105     0.2260     0.1567 0.0000e+00
        204     -0.144     3.6428   0.028456     0.2289     0.1590 0.0000e+00
        205     -0.143     3.6421   0.028761     0.2315     0.1611 0.0000e+00
