Datasets/Test_Dataset_39219_tow/originals/tel219_2021_050.cnv
* Sea-Bird SBE19plus Data File:
* Filename = C:/AQUIRE/tel219_2021_050.hex
* Software Version AquireV2 AF V2.0
* Temperature SN =  4020
* Conductivity SN =  4020
* System UpLoad Time = May 13 2021 07:02:34
** VESSEL/TRIP/SEQ STN: tel219_2021_050
** LATITUDE: 45 02.12 N
** LONGITUDE: 55 29.93 W
** DATE/TIME: 2021-05-13 05:46
** SOUNDING DEPTH (M): 0381
** PROBE TYPE: S4020
** CTD NUMBER:  50
** FORMAT: T
** COMMENTS: 
# nquan = 7                                 
# nvalues = 4100                        
# units = specified
# name 0 = scan: Scan Count
# name 1 = prdM: Pressure, Strain Gauge [db]
# name 2 = tv290C: Temperature [ITS-90, deg C]
# name 3 = c0S/m: Conductivity [S/m]
# name 4 = sal00: Salinity, Practical [PSU]
# name 5 = sigma-t00: Density [sigma-t, kg/m^3 ]
# name 6 = flag: flag
# span 0 =          1,       4100       
# span 1 =     -0.787,    392.343       
# span 2 =     0.7979,     8.4708       
# span 3 =   0.010068,   3.681542       
# span 4 =     0.0774,    35.0928       
# span 5 =     0.0375,    27.3537       
# span 6 = 0.0000e+00, 0.0000e+00       
# interval = seconds: 1
# start_time = May 13 2021 05:46:14 [Instrument's time stamp, header]
# bad_flag = -9.990e-29
*END*
[from data line 411]
        412     -0.266     3.9836   0.011444     0.0883     0.0463 0.0000e+00
        413     -0.269     3.9844   0.011433     0.0882     0.0462 0.0000e+00
        414     -0.268     3.9829   0.011411     0.0880     0.0460 0.0000e+00
        415     -0.264     3.9788   0.011365     0.0876     0.0458 0.0000e+00
        416     -0.262     3.9745   0.011355     0.0876     0.0457 0.0000e+00
        417     -0.262     3.9726   0.011410     0.0880     0.0461 0.0000e+00
        418     -0.262     3.9730   0.011458     0.0884     0.0464 0.0000e+00
        419     -0.262     3.9735   0.011429     0.0882     0.0462 0.0000e+00
        420     -0.262     3.9741   0.011363     0.0876     0.0458 0.0000e+00
        421     -0.262     3.9761   0.011333     0.0874     0.0456 0.0000e+00
        422     -0.262     3.9791   0.011340     0.0874     0.0456 0.0000e+00
        423     -0.262     3.9820   0.011353     0.0875     0.0457 0.0000e+00
        424     -0.262     3.9841   0.011352     0.0875     0.0457 0.0000e+00
        425     -0.261     3.9855   0.011331     0.0874     0.0455 0.0000e+00
        426     -0.261     3.9861   0.011308     0.0872     0.0454 0.0000e+00
        427     -0.263     3.9866   0.011310     0.0872     0.0454 0.0000e+00
        428     -0.263     3.9865   0.011318     0.0872     0.0454 0.0000e+00
        429     -0.263     3.9858   0.011292     0.0870     0.0453 0.0000e+00
        430     -0.266     3.9852   0.011263     0.0868     0.0451 0.0000e+00
        431     -0.269     3.9852   0.011284     0.0870     0.0452 0.0000e+00
        432     -0.270     3.9853   0.011317     0.0872     0.0454 0.0000e+00
        433     -0.270     3.9859   0.011310     0.0872     0.0454 0.0000e+00
        434     -0.268     3.9865   0.011270     0.0869     0.0451 0.0000e+00
        435     -0.266     3.9872   0.011242     0.0866     0.0449 0.0000e+00
        436     -0.265     3.9884   0.011235     0.0866     0.0449 0.0000e+00
        437     -0.264     3.9901   0.011235     0.0866     0.0449 0.0000e+00
        438     -0.262     3.9920   0.011233     0.0866     0.0449 0.0000e+00
        439     -0.261     3.9937   0.011227     0.0865     0.0448 0.0000e+00
        440     -0.262     3.9950   0.011227     0.0865     0.0448 0.0000e+00
        441     -0.263     3.9956   0.011226     0.0865     0.0448 0.0000e+00
        442     -0.264     3.9955   0.011227     0.0865     0.0448 0.0000e+00
        443     -0.266     3.9950   0.011231     0.0865     0.0449 0.0000e+00
        444     -0.267     3.9947   0.011207     0.0863     0.0447 0.0000e+00
        445     -0.268     3.9947   0.011161     0.0860     0.0444 0.0000e+00
        446     -0.269     3.9945   0.011137     0.0858     0.0443 0.0000e+00
        447     -0.267     3.9938   0.011139     0.0858     0.0443 0.0000e+00
        448     -0.265     3.9932   0.011158     0.0860     0.0444 0.0000e+00
        449     -0.263     3.9936   0.011193     0.0862     0.0446 0.0000e+00
        450     -0.259     3.9942   0.011219     0.0864     0.0448 0.0000e+00
        451     -0.258     3.9940   0.011212     0.0864     0.0447 0.0000e+00
        452     -0.260     3.9920   0.011183     0.0862     0.0446 0.0000e+00
        453     -0.262     3.9878   0.011155     0.0859     0.0444 0.0000e+00
        454     -0.261     3.9836   0.011137     0.0858     0.0443 0.0000e+00
        455     -0.259     3.9821   0.011135     0.0858     0.0443 0.0000e+00
        456     -0.259     3.9820   0.011134     0.0858     0.0443 0.0000e+00
        457     -0.263     3.9812   0.011123     0.0857     0.0442 0.0000e+00
        458     -0.267     3.9798   0.011117     0.0857     0.0442 0.0000e+00
        459     -0.266     3.9796   0.011125     0.0857     0.0442 0.0000e+00
        460     -0.261     3.9805   0.011135     0.0858     0.0443 0.0000e+00
        461     -0.257     3.9805   0.011128     0.0857     0.0442 0.0000e+00
        462     -0.260     3.9785   0.011102     0.0855     0.0441 0.0000e+00
        463     -0.266     3.9762   0.011080     0.0854     0.0439 0.0000e+00
        464     -0.267     3.9747   0.011075     0.0853     0.0439 0.0000e+00
        465     -0.266     3.9721   0.011071     0.0853     0.0439 0.0000e+00
        466     -0.265     3.9692   0.011068     0.0853     0.0439 0.0000e+00
        467     -0.267     3.9678   0.011081     0.0854     0.0440 0.0000e+00
        468     -0.270     3.9679   0.011106     0.0856     0.0441 0.0000e+00
        469     -0.271     3.9688   0.011120     0.0857     0.0442 0.0000e+00
        470     -0.270     3.9710   0.011123     0.0857     0.0442 0.0000e+00
        471     -0.266     3.9733   0.011103     0.0856     0.0441 0.0000e+00
        472     -0.264     3.9745   0.011069     0.0853     0.0439 0.0000e+00
        473     -0.265     3.9754   0.011052     0.0852     0.0438 0.0000e+00
        474     -0.264     3.9762   0.011057     0.0852     0.0438 0.0000e+00
        475     -0.265     3.9764   0.011073     0.0853     0.0439 0.0000e+00
        476     -0.267     3.9770   0.011082     0.0854     0.0439 0.0000e+00
        477     -0.266     3.9787   0.011073     0.0853     0.0439 0.0000e+00
        478     -0.265     3.9810   0.011071     0.0853     0.0439 0.0000e+00
        479     -0.263     3.9834   0.011091     0.0854     0.0440 0.0000e+00
        480     -0.262     3.9854   0.011110     0.0856     0.0441 0.0000e+00
        481     -0.263     3.9871   0.011110     0.0856     0.0441 0.0000e+00
        482     -0.263     3.9886   0.011093     0.0854     0.0440 0.0000e+00
        483     -0.262     3.9902   0.011073     0.0853     0.0439 0.0000e+00
        484     -0.264     3.9920   0.011060     0.0852     0.0438 0.0000e+00
        485     -0.269     3.9935   0.011064     0.0852     0.0438 0.0000e+00
        486     -0.273     3.9942   0.011073     0.0853     0.0438 0.0000e+00
        487     -0.272     3.9934   0.011071     0.0853     0.0438 0.0000e+00
        488     -0.269     3.9918   0.011069     0.0853     0.0438 0.0000e+00
        489     -0.266     3.9899   0.011062     0.0852     0.0438 0.0000e+00
        490     -0.265     3.9882   0.011037     0.0850     0.0436 0.0000e+00
        491     -0.266     3.9874   0.011009     0.0848     0.0435 0.0000e+00
        492     -0.267     3.9876   0.011013     0.0848     0.0435 0.0000e+00
        493     -0.269     3.9883   0.011040     0.0850     0.0436 0.0000e+00
        494     -0.270     3.9884   0.011054     0.0851     0.0437 0.0000e+00
        495     -0.267     3.9870   0.011031     0.0850     0.0436 0.0000e+00
        496     -0.263     3.9840   0.010984     0.0846     0.0433 0.0000e+00
        497     -0.262     3.9816   0.010944     0.0843     0.0430 0.0000e+00
        498     -0.265     3.9816   0.010919     0.0841     0.0429 0.0000e+00
        499     -0.267     3.9829   0.010911     0.0840     0.0428 0.0000e+00
        500     -0.266     3.9840   0.010932     0.0842     0.0430 0.0000e+00
        501     -0.263     3.9846   0.010977     0.0845     0.0433 0.0000e+00
        502     -0.263     3.9849   0.011004     0.0847     0.0434 0.0000e+00
        503     -0.267     3.9849   0.010983     0.0846     0.0433 0.0000e+00
        504     -0.270     3.9842   0.010936     0.0842     0.0430 0.0000e+00
        505     -0.268     3.9828   0.010910     0.0840     0.0428 0.0000e+00
        506     -0.266     3.9817   0.010925     0.0841     0.0429 0.0000e+00
        507     -0.264     3.9817   0.010952     0.0843     0.0431 0.0000e+00
        508     -0.263     3.9826   0.010975     0.0845     0.0432 0.0000e+00
        509     -0.262     3.9838   0.010992     0.0847     0.0434 0.0000e+00
        510     -0.261     3.9834   0.010983     0.0846     0.0433 0.0000e+00
        511     -0.262     3.9797   0.010929     0.0842     0.0430 0.0000e+00
        512     -0.267     3.9741   0.010853     0.0836     0.0425 0.0000e+00
        513     -0.270     3.9692   0.010801     0.0832     0.0422 0.0000e+00
        514     -0.268     3.9672   0.010789     0.0831     0.0421 0.0000e+00
        515     -0.267     3.9682   0.010808     0.0832     0.0422 0.0000e+00
        516     -0.268     3.9704   0.010850     0.0836     0.0425 0.0000e+00
        517     -0.268     3.9724   0.010900     0.0839     0.0428 0.0000e+00
        518     -0.265     3.9741   0.010926     0.0842     0.0429 0.0000e+00
        519     -0.262     3.9756   0.010908     0.0840     0.0428 0.0000e+00
        520     -0.262     3.9772   0.010879     0.0838     0.0426 0.0000e+00
        521     -0.264     3.9789   0.010876     0.0837     0.0426 0.0000e+00
        522     -0.263     3.9806   0.010887     0.0838     0.0427 0.0000e+00
        523     -0.261     3.9817   0.010878     0.0838     0.0426 0.0000e+00
        524     -0.261     3.9815   0.010863     0.0836     0.0425 0.0000e+00
        525     -0.260     3.9796   0.010872     0.0837     0.0426 0.0000e+00
        526     -0.258     3.9774   0.010880     0.0838     0.0426 0.0000e+00
        527     -0.257     3.9766   0.010866     0.0837     0.0426 0.0000e+00
        528     -0.259     3.9767   0.010843     0.0835     0.0424 0.0000e+00
        529     -0.261     3.9769   0.010838     0.0834     0.0424 0.0000e+00
        530     -0.262     3.9771   0.010847     0.0835     0.0424 0.0000e+00
        531     -0.264     3.9764   0.010848     0.0835     0.0424 0.0000e+00
        532     -0.265     3.9750   0.010850     0.0835     0.0425 0.0000e+00
        533     -0.263     3.9741   0.010855     0.0836     0.0425 0.0000e+00
        534     -0.261     3.9745   0.010852     0.0836     0.0425 0.0000e+00
        535     -0.260     3.9762   0.010842     0.0835     0.0424 0.0000e+00
        536     -0.260     3.9785   0.010832     0.0834     0.0423 0.0000e+00
        537     -0.260     3.9801   0.010821     0.0833     0.0423 0.0000e+00
        538     -0.259     3.9803   0.010815     0.0833     0.0422 0.0000e+00
        539     -0.260     3.9787   0.010807     0.0832     0.0422 0.0000e+00
        540     -0.264     3.9756   0.010793     0.0831     0.0421 0.0000e+00
        541     -0.264     3.9726   0.010800     0.0832     0.0421 0.0000e+00
        542     -0.260     3.9707   0.010840     0.0835     0.0424 0.0000e+00
        543     -0.259     3.9693   0.010880     0.0838     0.0427 0.0000e+00
        544     -0.261     3.9684   0.010884     0.0838     0.0427 0.0000e+00
        545     -0.263     3.9680   0.010854     0.0836     0.0425 0.0000e+00
        546     -0.265     3.9678   0.010811     0.0833     0.0422 0.0000e+00
        547     -0.266     3.9667   0.010760     0.0828     0.0419 0.0000e+00
        548     -0.264     3.9665   0.010729     0.0826     0.0417 0.0000e+00
        549     -0.263     3.9682   0.010735     0.0826     0.0417 0.0000e+00
        550     -0.262     3.9687   0.010746     0.0827     0.0418 0.0000e+00
        551     -0.260     3.9657   0.010746     0.0827     0.0418 0.0000e+00
        552     -0.261     3.9619   0.010762     0.0829     0.0419 0.0000e+00
        553     -0.261     3.9600   0.010793     0.0831     0.0421 0.0000e+00
        554     -0.260     3.9600   0.010816     0.0833     0.0423 0.0000e+00
        555     -0.261     3.9612   0.010831     0.0834     0.0424 0.0000e+00
        556     -0.266     3.9629   0.010834     0.0834     0.0424 0.0000e+00
        557     -0.268     3.9642   0.010824     0.0834     0.0423 0.0000e+00
        558     -0.268     3.9657   0.010818     0.0833     0.0423 0.0000e+00
        559     -0.268     3.9672   0.010820     0.0833     0.0423 0.0000e+00
        560     -0.268     3.9683   0.010824     0.0834     0.0423 0.0000e+00
        561     -0.266     3.9692   0.010824     0.0834     0.0423 0.0000e+00
        562     -0.263     3.9703   0.010824     0.0833     0.0423 0.0000e+00
        563     -0.264     3.9712   0.010829     0.0834     0.0423 0.0000e+00
        564     -0.264     3.9713   0.010830     0.0834     0.0423 0.0000e+00
        565     -0.262     3.9702   0.010815     0.0833     0.0422 0.0000e+00
        566     -0.262     3.9674   0.010779     0.0830     0.0420 0.0000e+00
        567     -0.265     3.9627   0.010729     0.0826     0.0417 0.0000e+00
        568     -0.265     3.9570   0.010689     0.0823     0.0415 0.0000e+00
        569     -0.263     3.9513   0.010679     0.0822     0.0414 0.0000e+00
        570     -0.263     3.9471   0.010690     0.0823     0.0415 0.0000e+00
        571     -0.262     3.9444   0.010706     0.0825     0.0416 0.0000e+00
        572     -0.261     3.9429   0.010755     0.0829     0.0419 0.0000e+00
        573     -0.260     3.9430   0.010826     0.0834     0.0424 0.0000e+00
        574     -0.258     3.9448   0.010864     0.0837     0.0426 0.0000e+00
        575     -0.257     3.9472   0.010843     0.0836     0.0425 0.0000e+00
        576     -0.256     3.9492   0.010793     0.0831     0.0421 0.0000e+00
        577     -0.256     3.9512   0.010747     0.0828     0.0418 0.0000e+00
        578     -0.258     3.9537   0.010709     0.0825     0.0416 0.0000e+00
        579     -0.259     3.9564   0.010689     0.0823     0.0415 0.0000e+00
        580     -0.256     3.9583   0.010691     0.0823     0.0415 0.0000e+00
        581     -0.254     3.9580   0.010701     0.0824     0.0415 0.0000e+00
        582     -0.254     3.9554   0.010698     0.0824     0.0415 0.0000e+00
        583     -0.255     3.9527   0.010687     0.0823     0.0414 0.0000e+00
        584     -0.255     3.9520   0.010703     0.0824     0.0416 0.0000e+00
        585     -0.256     3.9537   0.010754     0.0828     0.0419 0.0000e+00
        586     -0.257     3.9551   0.010786     0.0831     0.0421 0.0000e+00
        587     -0.257     3.9535   0.010763     0.0829     0.0419 0.0000e+00
        588     -0.258     3.9509   0.010722     0.0826     0.0417 0.0000e+00
        589     -0.260     3.9494   0.010689     0.0823     0.0415 0.0000e+00
        590     -0.261     3.9492   0.010666     0.0821     0.0413 0.0000e+00
        591     -0.261     3.9499   0.010671     0.0822     0.0414 0.0000e+00
        592     -0.261     3.9523   0.010706     0.0824     0.0416 0.0000e+00
        593     -0.261     3.9556   0.010729     0.0826     0.0417 0.0000e+00
        594     -0.262     3.9590   0.010715     0.0825     0.0416 0.0000e+00
        595     -0.261     3.9622   0.010687     0.0823     0.0414 0.0000e+00
        596     -0.259     3.9648   0.010677     0.0822     0.0414 0.0000e+00
        597     -0.258     3.9667   0.010688     0.0823     0.0414 0.0000e+00
        598     -0.257     3.9680   0.010699     0.0824     0.0415 0.0000e+00
        599     -0.256     3.9689   0.010696     0.0823     0.0415 0.0000e+00
        600     -0.255     3.9694   0.010679     0.0822     0.0414 0.0000e+00
        601     -0.258     3.9699   0.010656     0.0820     0.0412 0.0000e+00
        602     -0.261     3.9702   0.010640     0.0819     0.0411 0.0000e+00
        603     -0.260     3.9695   0.010637     0.0819     0.0411 0.0000e+00
        604     -0.257     3.9692   0.010647     0.0819     0.0412 0.0000e+00
        605     -0.256     3.9707   0.010651     0.0820     0.0412 0.0000e+00
        606     -0.257     3.9725   0.010654     0.0820     0.0412 0.0000e+00
        607     -0.259     3.9733   0.010680     0.0822     0.0414 0.0000e+00
        608     -0.259     3.9737   0.010694     0.0823     0.0415 0.0000e+00
        609     -0.258     3.9748   0.010658     0.0820     0.0412 0.0000e+00
        610     -0.257     3.9760   0.010600     0.0816     0.0409 0.0000e+00
        611     -0.255     3.9772   0.010563     0.0813     0.0406 0.0000e+00
        612     -0.257     3.9787   0.010545     0.0811     0.0405 0.0000e+00
        613     -0.264     3.9801   0.010534     0.0810     0.0404 0.0000e+00
        614     -0.268     3.9810   0.010525     0.0810     0.0404 0.0000e+00
        615     -0.264     3.9810   0.010510     0.0808     0.0403 0.0000e+00
