Datasets/Test_Dataset_39219_tow/originals/tel219_2021_050.cnv
* Sea-Bird SBE19plus Data File:
* Filename = C:/AQUIRE/tel219_2021_050.hex
* Software Version AquireV2 AF V2.0
* Temperature SN =  4020
* Conductivity SN =  4020
* System UpLoad Time = May 13 2021 07:02:34
** VESSEL/TRIP/SEQ STN: tel219_2021_050
** LATITUDE: 45 02.12 N
** LONGITUDE: 55 29.93 W
** DATE/TIME: 2021-05-13 05:46
** SOUNDING DEPTH (M): 0381
** PROBE TYPE: S4020
** CTD NUMBER:  50
** FORMAT: T
** COMMENTS: 
# nquan = 7                                 
# nvalues = 4100                        
# units = specified
# name 0 = scan: Scan Count
# name 1 = prdM: Pressure, Strain Gauge [db]
# name 2 = tv290C: Temperature [ITS-90, deg C]
# name 3 = c0S/m: Conductivity [S/m]
# name 4 = sal00: Salinity, Practical [PSU]
# name 5 = sigma-t00: Density [sigma-t, kg/m^3 ]
# name 6 = flag: flag
# span 0 =          1,       4100       
# span 1 =     -0.787,    392.343       
# span 2 =     0.7979,     8.4708       
# span 3 =   0.010068,   3.681542       
# span 4 =     0.0774,    35.0928       
# span 5 =     0.0375,    27.3537       
# span 6 = 0.0000e+00, 0.0000e+00       
# interval = seconds: 1
# start_time = May 13 2021 05:46:14 [Instrument's time stamp, header]
# bad_flag = -9.990e-29
*END*
[from data line 1642]
       1643    185.027     4.6876   3.219083    33.7564    26.7242 0.0000e+00
       1644    185.587     4.6913   3.218623    33.7470    26.7163 0.0000e+00
       1645    186.146     4.7054   3.218722    33.7335    26.7041 0.0000e+00
       1646    186.702     4.7336   3.220706    33.7276    26.6963 0.0000e+00
       1647    187.258     4.7689   3.224353    33.7338    26.6973 0.0000e+00
       1648    187.810     4.8057   3.227855    33.7368    26.6956 0.0000e+00
       1649    188.358     4.8446   3.231190    33.7356    26.6904 0.0000e+00
       1650    188.905     4.8811   3.235238    33.7452    26.6939 0.0000e+00
       1651    189.454     4.9083   3.238345    33.7533    26.6972 0.0000e+00
       1652    190.001     4.9371   3.240067    33.7437    26.6864 0.0000e+00
       1653    190.542     4.9947   3.244588    33.7373    26.6748 0.0000e+00
       1654    191.082     5.0885   3.254138    33.7522    26.6759 0.0000e+00
       1655    191.626     5.1960   3.265117    33.7695    26.6772 0.0000e+00
       1656    192.175     5.2977   3.275199    33.7821    26.6754 0.0000e+00
       1657    192.734     5.3880   3.285206    33.8053    26.6831 0.0000e+00
       1658    193.297     5.4646   3.293503    33.8225    26.6876 0.0000e+00
       1659    193.857     5.5283   3.298318    33.8130    26.6725 0.0000e+00
       1660    194.411     5.5896   3.301733    33.7900    26.6469 0.0000e+00
       1661    194.959     5.6691   3.308577    33.7876    26.6354 0.0000e+00
       1662    195.505     5.7758   3.320976    33.8208    26.6487 0.0000e+00
       1663    196.050     5.8886   3.335574    33.8724    26.6756 0.0000e+00
       1664    196.593     5.9802   3.347262    33.9121    26.6955 0.0000e+00
       1665    197.131     6.0438   3.354279    33.9271    26.6993 0.0000e+00
       1666    197.661     6.0804   3.357436    33.9257    26.6936 0.0000e+00
       1667    198.185     6.0954   3.356139    33.8959    26.6682 0.0000e+00
       1668    198.708     6.1103   3.354920    33.8671    26.6436 0.0000e+00
       1669    199.238     6.1407   3.358431    33.8759    26.6466 0.0000e+00
       1670    199.778     6.1771   3.363593    33.8971    26.6588 0.0000e+00
       1671    200.325     6.2048   3.366475    33.9015    26.6587 0.0000e+00
       1672    200.872     6.2237   3.367647    33.8955    26.6515 0.0000e+00
       1673    201.416     6.2286   3.363980    33.8494    26.6145 0.0000e+00
       1674    201.954     6.2023   3.353342    33.7564    26.5444 0.0000e+00
       1675    202.484     6.1768   3.350623    33.7510    26.5434 0.0000e+00
       1676    203.010     6.2115   3.363603    33.8614    26.6262 0.0000e+00
       1677    203.534     6.2859   3.380096    33.9713    26.7033 0.0000e+00
       1678    204.054     6.3369   3.390282    34.0338    26.7461 0.0000e+00
       1679    204.568     6.3594   3.395155    34.0654    26.7681 0.0000e+00
       1680    205.085     6.3764   3.398647    34.0871    26.7830 0.0000e+00
       1681    205.610     6.3976   3.401463    34.0970    26.7881 0.0000e+00
       1682    206.135     6.4232   3.402927    34.0875    26.7772 0.0000e+00
       1683    206.653     6.4485   3.404359    34.0779    26.7664 0.0000e+00
       1684    207.169     6.4703   3.408596    34.1030    26.7833 0.0000e+00
       1685    207.698     6.4796   3.411423    34.1249    26.7993 0.0000e+00
       1686    208.241     6.4643   3.402846    34.0445    26.7380 0.0000e+00
       1687    208.781     6.4226   3.385902    33.8974    26.6273 0.0000e+00
       1688    209.310     6.3731   3.375415    33.8295    26.5802 0.0000e+00
       1689    209.839     6.3655   3.379694    33.8845    26.6245 0.0000e+00
       1690    210.381     6.4237   3.393308    33.9778    26.6907 0.0000e+00
       1691    210.930     6.4935   3.400198    33.9847    26.6870 0.0000e+00
       1692    211.470     6.5164   3.394610    33.8997    26.6169 0.0000e+00
       1693    211.991     6.4631   3.385158    33.8474    26.5826 0.0000e+00
       1694    212.503     6.3393   3.378835    33.8996    26.6399 0.0000e+00
       1695    213.022     6.2437   3.378443    33.9902    26.7237 0.0000e+00
       1696    213.561     6.2744   3.383402    34.0147    26.7391 0.0000e+00
       1697    214.121     6.4007   3.391112    33.9745    26.6910 0.0000e+00
       1698    214.681     6.5213   3.394911    33.8966    26.6138 0.0000e+00
       1699    215.224     6.5797   3.391487    33.8007    26.5304 0.0000e+00
       1700    215.759     6.5914   3.388076    33.7511    26.4898 0.0000e+00
       1701    216.301     6.6011   3.390946    33.7730    26.5058 0.0000e+00
       1702    216.857     6.6395   3.402766    33.8656    26.5737 0.0000e+00
       1703    217.422     6.6947   3.417869    33.9776    26.6547 0.0000e+00
       1704    217.982     6.7291   3.423738    34.0081    26.6741 0.0000e+00
       1705    218.523     6.7322   3.420947    33.9739    26.6468 0.0000e+00
       1706    219.049     6.7305   3.418030    33.9432    26.6227 0.0000e+00
       1707    219.574     6.7569   3.421360    33.9535    26.6274 0.0000e+00
       1708    220.108     6.8188   3.433775    34.0288    26.6784 0.0000e+00
       1709    220.651     6.8922   3.448447    34.1173    26.7382 0.0000e+00
       1710    221.201     6.9461   3.458892    34.1784    26.7789 0.0000e+00
       1711    221.752     6.9659   3.463201    34.2058    26.7978 0.0000e+00
       1712    222.296     6.9595   3.459775    34.1743    26.7738 0.0000e+00
       1713    222.828     6.9300   3.447403    34.0674    26.6937 0.0000e+00
       1714    223.358     6.8674   3.430495    33.9431    26.6043 0.0000e+00
       1715    223.901     6.7849   3.420230    33.9113    26.5903 0.0000e+00
       1716    224.464     6.7056   3.418126    33.9662    26.6442 0.0000e+00
       1717    225.034     6.6265   3.419885    34.0638    26.7318 0.0000e+00
       1718    225.590     6.5539   3.427260    34.2176    26.8627 0.0000e+00
       1719    226.126     6.5158   3.436746    34.3609    26.9808 0.0000e+00
       1720    226.652     6.5025   3.439117    34.4004    27.0137 0.0000e+00
       1721    227.181     6.4827   3.435509    34.3799    27.0001 0.0000e+00
       1722    227.723     6.4613   3.432788    34.3709    26.9959 0.0000e+00
       1723    228.279     6.4649   3.432197    34.3604    26.9871 0.0000e+00
       1724    228.842     6.5199   3.432515    34.3084    26.9388 0.0000e+00
       1725    229.400     6.6037   3.432365    34.2226    26.8600 0.0000e+00
       1726    229.949     6.6397   3.431656    34.1785    26.8205 0.0000e+00
       1727    230.494     6.6012   3.432597    34.2271    26.8639 0.0000e+00
       1728    231.039     6.5345   3.436280    34.3345    26.9575 0.0000e+00
       1729    231.593     6.4843   3.440675    34.4335    27.0423 0.0000e+00
       1730    232.157     6.4794   3.446946    34.5080    27.1017 0.0000e+00
       1731    232.720     6.5469   3.457961    34.5620    27.1353 0.0000e+00
       1732    233.271     6.6672   3.469045    34.5634    27.1203 0.0000e+00
       1733    233.809     6.7720   3.474107    34.5136    27.0669 0.0000e+00
       1734    234.345     6.8278   3.471208    34.4254    26.9897 0.0000e+00
       1735    234.894     6.8557   3.464421    34.3224    26.9048 0.0000e+00
       1736    235.456     6.8686   3.460882    34.2703    26.8620 0.0000e+00
       1737    236.015     6.8559   3.461877    34.2937    26.8821 0.0000e+00
       1738    236.565     6.8229   3.467096    34.3839    26.9577 0.0000e+00
       1739    237.115     6.8019   3.474070    34.4816    27.0375 0.0000e+00
       1740    237.663     6.8115   3.479608    34.5328    27.0766 0.0000e+00
       1741    238.206     6.8417   3.484720    34.5586    27.0928 0.0000e+00
       1742    238.754     6.8810   3.485204    34.5242    27.0603 0.0000e+00
       1743    239.319     6.9405   3.480549    34.4131    26.9646 0.0000e+00
       1744    239.891     7.0357   3.480602    34.3185    26.8770 0.0000e+00
       1745    240.455     7.1469   3.487701    34.2855    26.8355 0.0000e+00
       1746    241.013     7.2477   3.499346    34.3124    26.8426 0.0000e+00
       1747    241.577     7.3386   3.514133    34.3831    26.8855 0.0000e+00
       1748    242.157     7.4199   3.526900    34.4410    26.9195 0.0000e+00
       1749    242.753     7.4777   3.533282    34.4527    26.9204 0.0000e+00
       1750    243.351     7.5069   3.533364    34.4244    26.8939 0.0000e+00
       1751    243.932     7.5241   3.532852    34.4015    26.8734 0.0000e+00
       1752    244.497     7.5435   3.536646    34.4231    26.8877 0.0000e+00
       1753    245.054     7.5620   3.542041    34.4630    26.9163 0.0000e+00
       1754    245.604     7.5742   3.546297    34.4967    26.9411 0.0000e+00
       1755    246.149     7.5832   3.550013    34.5277    26.9642 0.0000e+00
       1756    246.689     7.5970   3.553707    34.5537    26.9826 0.0000e+00
       1757    247.215     7.6170   3.557331    34.5728    26.9948 0.0000e+00
       1758    247.724     7.6353   3.560060    34.5839    27.0008 0.0000e+00
       1759    248.219     7.6459   3.561770    34.5916    27.0054 0.0000e+00
       1760    248.706     7.6510   3.563125    34.6010    27.0120 0.0000e+00
       1761    249.194     7.6541   3.564523    34.6128    27.0208 0.0000e+00
       1762    249.689     7.6568   3.566264    34.6287    27.0329 0.0000e+00
       1763    250.188     7.6591   3.568138    34.6464    27.0465 0.0000e+00
       1764    250.676     7.6608   3.569322    34.6573    27.0548 0.0000e+00
       1765    251.133     7.6606   3.569508    34.6593    27.0564 0.0000e+00
       1766    251.559     7.6580   3.569338    34.6598    27.0572 0.0000e+00
       1767    251.970     7.6547   3.569403    34.6636    27.0606 0.0000e+00
       1768    252.382     7.6528   3.569602    34.6674    27.0639 0.0000e+00
       1769    252.793     7.6516   3.569582    34.6682    27.0647 0.0000e+00
       1770    253.185     7.6495   3.569310    34.6672    27.0642 0.0000e+00
       1771    253.549     7.6460   3.568913    34.6662    27.0640 0.0000e+00
       1772    253.893     7.6411   3.568466    34.6661    27.0646 0.0000e+00
       1773    254.232     7.6366   3.568133    34.6668    27.0658 0.0000e+00
       1774    254.567     7.6334   3.567881    34.6671    27.0665 0.0000e+00
       1775    254.890     7.6303   3.567584    34.6668    27.0667 0.0000e+00
       1776    255.200     7.6262   3.567229    34.6669    27.0674 0.0000e+00
       1777    255.499     7.6206   3.566666    34.6662    27.0677 0.0000e+00
       1778    255.788     7.6140   3.565937    34.6648    27.0675 0.0000e+00
       1779    256.068     7.6082   3.565342    34.6640    27.0677 0.0000e+00
       1780    256.338     7.6037   3.564907    34.6636    27.0681 0.0000e+00
       1781    256.595     7.6004   3.564547    34.6629    27.0680 0.0000e+00
       1782    256.840     7.5974   3.564251    34.6625    27.0681 0.0000e+00
       1783    257.073     7.5942   3.563980    34.6627    27.0687 0.0000e+00
       1784    257.294     7.5914   3.563753    34.6629    27.0693 0.0000e+00
       1785    257.513     7.5893   3.563582    34.6630    27.0697 0.0000e+00
       1786    257.733     7.5877   3.563417    34.6627    27.0697 0.0000e+00
       1787    257.953     7.5861   3.563242    34.6623    27.0696 0.0000e+00
       1788    258.166     7.5841   3.563063    34.6623    27.0699 0.0000e+00
       1789    258.363     7.5822   3.562884    34.6621    27.0700 0.0000e+00
       1790    258.551     7.5803   3.562716    34.6621    27.0703 0.0000e+00
       1791    258.747     7.5786   3.562583    34.6623    27.0707 0.0000e+00
       1792    258.958     7.5772   3.562499    34.6626    27.0712 0.0000e+00
       1793    259.176     7.5762   3.562421    34.6627    27.0713 0.0000e+00
       1794    259.388     7.5755   3.562333    34.6623    27.0712 0.0000e+00
       1795    259.584     7.5745   3.562279    34.6626    27.0716 0.0000e+00
       1796    259.771     7.5726   3.562197    34.6636    27.0726 0.0000e+00
       1797    259.960     7.5702   3.562082    34.6646    27.0737 0.0000e+00
       1798    260.155     7.5699   3.562270    34.6669    27.0755 0.0000e+00
       1799    260.351     7.5737   3.563023    34.6711    27.0783 0.0000e+00
       1800    260.548     7.5799   3.564020    34.6757    27.0810 0.0000e+00
       1801    260.752     7.5854   3.564791    34.6784    27.0824 0.0000e+00
       1802    260.960     7.5892   3.565303    34.6801    27.0831 0.0000e+00
       1803    261.159     7.5919   3.565640    34.6809    27.0834 0.0000e+00
       1804    261.344     7.5928   3.565685    34.6804    27.0829 0.0000e+00
       1805    261.520     7.5910   3.565401    34.6791    27.0821 0.0000e+00
       1806    261.700     7.5877   3.564986    34.6778    27.0816 0.0000e+00
       1807    261.899     7.5857   3.564781    34.6775    27.0816 0.0000e+00
       1808    262.113     7.5859   3.564913    34.6786    27.0824 0.0000e+00
       1809    262.325     7.5883   3.565214    34.6794    27.0827 0.0000e+00
       1810    262.525     7.5919   3.565591    34.6798    27.0825 0.0000e+00
       1811    262.715     7.5956   3.566003    34.6804    27.0825 0.0000e+00
       1812    262.907     7.5994   3.566509    34.6820    27.0832 0.0000e+00
       1813    263.115     7.6036   3.567183    34.6850    27.0850 0.0000e+00
       1814    263.343     7.6078   3.567819    34.6876    27.0864 0.0000e+00
       1815    263.576     7.6115   3.568249    34.6885    27.0865 0.0000e+00
       1816    263.799     7.6148   3.568582    34.6887    27.0862 0.0000e+00
       1817    264.011     7.6182   3.568988    34.6896    27.0864 0.0000e+00
       1818    264.223     7.6220   3.569444    34.6907    27.0867 0.0000e+00
       1819    264.442     7.6264   3.569924    34.6914    27.0866 0.0000e+00
       1820    264.667     7.6319   3.570583    34.6929    27.0870 0.0000e+00
       1821    264.893     7.6376   3.571308    34.6950    27.0878 0.0000e+00
       1822    265.118     7.6415   3.571748    34.6957    27.0878 0.0000e+00
       1823    265.339     7.6441   3.572031    34.6961    27.0877 0.0000e+00
       1824    265.561     7.6475   3.572489    34.6975    27.0884 0.0000e+00
       1825    265.786     7.6521   3.573056    34.6990    27.0889 0.0000e+00
       1826    266.013     7.6570   3.573611    34.7000    27.0889 0.0000e+00
       1827    266.240     7.6626   3.574250    34.7012    27.0891 0.0000e+00
       1828    266.470     7.6709   3.575181    34.7029    27.0892 0.0000e+00
       1829    266.705     7.6832   3.576594    34.7058    27.0897 0.0000e+00
       1830    266.948     7.6992   3.578461    34.7099    27.0906 0.0000e+00
       1831    267.194     7.7163   3.580328    34.7130    27.0904 0.0000e+00
       1832    267.438     7.7333   3.582098    34.7150    27.0896 0.0000e+00
       1833    267.679     7.7528   3.584370    34.7200    27.0906 0.0000e+00
       1834    267.917     7.7757   3.587133    34.7269    27.0927 0.0000e+00
       1835    268.154     7.7993   3.589602    34.7299    27.0916 0.0000e+00
       1836    268.388     7.8231   3.591865    34.7306    27.0886 0.0000e+00
       1837    268.623     7.8476   3.594628    34.7358    27.0891 0.0000e+00
       1838    268.869     7.8725   3.597501    34.7419    27.0901 0.0000e+00
       1839    269.128     7.9020   3.600539    34.7451    27.0883 0.0000e+00
       1840    269.392     7.9409   3.604844    34.7526    27.0884 0.0000e+00
       1841    269.655     7.9817   3.609628    34.7633    27.0907 0.0000e+00
       1842    269.914     8.0128   3.612995    34.7684    27.0901 0.0000e+00
       1843    270.167     8.0328   3.614896    34.7689    27.0874 0.0000e+00
       1844    270.420     8.0474   3.616351    34.7698    27.0860 0.0000e+00
       1845    270.680     8.0641   3.618286    34.7739    27.0866 0.0000e+00
       1846    270.953     8.0904   3.621508    34.7822    27.0892 0.0000e+00
