Datasets/Test_Dataset_39219_tow/originals/tel219_2021_010.cnv
* Sea-Bird SBE19plus Data File:
* Filename = C:/AQUIRE/tel219_2021_010.hex
* Software Version AquireV2 AF V2.0
* Temperature SN =  4020
* Conductivity SN =  4020
* System UpLoad Time = May 06 2021 19:14:00
** VESSEL/TRIP/SEQ STN: tel219_2021_010
** LATITUDE: 46 01.21 N
** LONGITUDE: 55 52.42 W
** DATE/TIME: 2021-05-06 18:29
** SOUNDING DEPTH (M): 0076
** PROBE TYPE: S4020
** CTD NUMBER: 010
** FORMAT: T
** COMMENTS: 
# nquan = 7                                 
# nvalues = 2742                        
# units = specified
# name 0 = scan: Scan Count
# name 1 = prdM: Pressure, Strain Gauge [db]
# name 2 = tv290C: Temperature [ITS-90, deg C]
# name 3 = c0S/m: Conductivity [S/m]
# name 4 = sal00: Salinity, Practical [PSU]
# name 5 = sigma-t00: Density [sigma-t, kg/m^3 ]
# name 6 = flag: flag
# span 0 =          1,       2742       
# span 1 =     -0.150,     71.403       
# span 2 =     1.2203,     3.6856       
# span 3 =   0.008465,   2.969765       
# span 4 =     0.0654,    32.2478       
# span 5 =     0.0259,    25.8164       
# span 6 = 0.0000e+00, 0.0000e+00       
# interval = seconds: 1
# start_time = May 06 2021 18:29:35 [Instrument's time stamp, header]
# bad_flag = -9.990e-29
*END*
[from data line 2462]
       2463      0.036     3.3518   0.117998     1.0178     0.7928 0.0000e+00
       2464      0.036     3.3514   0.117262     1.0111     0.7874 0.0000e+00
       2465      0.039     3.3511   0.114852     0.9894     0.7699 0.0000e+00
       2466      0.039     3.3510   0.113987     0.9815     0.7636 0.0000e+00
       2467      0.038     3.3511   0.115679     0.9968     0.7759 0.0000e+00
       2468      0.037     3.3508   0.118557     1.0229     0.7969 0.0000e+00
       2469      0.035     3.3500   0.121164     1.0465     0.8159 0.0000e+00
       2470      0.033     3.3492   0.120818     1.0434     0.8134 0.0000e+00
       2471      0.035     3.3488   0.116925     1.0082     0.7850 0.0000e+00
       2472      0.039     3.3488   0.114273     0.9842     0.7657 0.0000e+00
       2473      0.040     3.3488   0.115718     0.9972     0.7762 0.0000e+00
       2474      0.035     3.3483   0.117666     1.0149     0.7904 0.0000e+00
       2475      0.030     3.3476   0.117008     1.0089     0.7856 0.0000e+00
       2476      0.027     3.3470   0.116498     1.0044     0.7819 0.0000e+00
       2477      0.024     3.3462   0.118701     1.0243     0.7980 0.0000e+00
       2478      0.025     3.3456   0.120075     1.0368     0.8080 0.0000e+00
       2479      0.029     3.3449   0.117028     1.0092     0.7858 0.0000e+00
       2480      0.032     3.3443   0.112274     0.9663     0.7513 0.0000e+00
       2481      0.032     3.3441   0.110354     0.9490     0.7374 0.0000e+00
       2482      0.029     3.3441   0.111037     0.9551     0.7423 0.0000e+00
       2483      0.026     3.3437   0.112264     0.9662     0.7512 0.0000e+00
       2484      0.024     3.3430   0.114450     0.9860     0.7671 0.0000e+00
       2485      0.024     3.3422   0.116981     1.0089     0.7855 0.0000e+00
       2486      0.025     3.3418   0.117108     1.0100     0.7865 0.0000e+00
       2487      0.025     3.3417   0.113138     0.9742     0.7576 0.0000e+00
       2488      0.025     3.3414   0.105866     0.9086     0.7049 0.0000e+00
       2489      0.026     3.3407   0.100645     0.8618     0.6671 0.0000e+00
       2490      0.025     3.3398   0.104352     0.8951     0.6939 0.0000e+00
       2491      0.022     3.3392   0.115180     0.9927     0.7725 0.0000e+00
       2492      0.020     3.3388   0.122662     1.0604     0.8270 0.0000e+00
       2493      0.019     3.3384   0.119886     1.0353     0.8068 0.0000e+00
       2494      0.017     3.3381   0.110904     0.9541     0.7414 0.0000e+00
       2495      0.014     3.3379   0.106175     0.9115     0.7072 0.0000e+00
       2496      0.012     3.3377   0.109999     0.9460     0.7349 0.0000e+00
       2497      0.014     3.3374   0.117506     1.0138     0.7894 0.0000e+00
       2498      0.015     3.3375   0.122657     1.0604     0.8270 0.0000e+00
       2499      0.014     3.3376   0.122366     1.0578     0.8249 0.0000e+00
       2500      0.011     3.3373   0.119215     1.0292     0.8019 0.0000e+00
       2501      0.010     3.3368   0.117838     1.0168     0.7919 0.0000e+00
       2502      0.011     3.3364   0.117912     1.0175     0.7924 0.0000e+00
       2503      0.010     3.3362   0.116768     1.0071     0.7841 0.0000e+00
       2504      0.009     3.3359   0.115055     0.9916     0.7716 0.0000e+00
       2505      0.011     3.3356   0.115273     0.9936     0.7732 0.0000e+00
       2506      0.015     3.3353   0.116730     1.0068     0.7838 0.0000e+00
       2507      0.014     3.3348   0.117086     1.0101     0.7864 0.0000e+00
       2508      0.009     3.3339   0.116227     1.0023     0.7802 0.0000e+00
       2509      0.006     3.3329   0.115503     0.9958     0.7750 0.0000e+00
       2510      0.008     3.3323   0.115482     0.9956     0.7748 0.0000e+00
       2511      0.010     3.3318   0.115328     0.9942     0.7737 0.0000e+00
       2512      0.013     3.3314   0.115037     0.9916     0.7716 0.0000e+00
       2513      0.013     3.3312   0.115905     0.9995     0.7779 0.0000e+00
       2514      0.011     3.3312   0.118120     1.0195     0.7940 0.0000e+00
       2515      0.008     3.3312   0.120490     1.0410     0.8113 0.0000e+00
       2516      0.006     3.3310   0.120825     1.0440     0.8138 0.0000e+00
       2517      0.006     3.3306   0.118401     1.0221     0.7961 0.0000e+00
       2518      0.006     3.3301   0.116080     1.0011     0.7792 0.0000e+00
       2519      0.004     3.3293   0.116604     1.0059     0.7830 0.0000e+00
       2520      0.003     3.3286   0.119493     1.0320     0.8041 0.0000e+00
       2521      0.003     3.3285   0.121288     1.0483     0.8172 0.0000e+00
       2522      0.003     3.3292   0.119658     1.0335     0.8053 0.0000e+00
       2523      0.001     3.3294   0.117368     1.0128     0.7886 0.0000e+00
       2524     -0.002     3.3289   0.117418     1.0132     0.7890 0.0000e+00
       2525     -0.001     3.3281   0.117772     1.0165     0.7916 0.0000e+00
       2526      0.004     3.3274   0.115898     0.9995     0.7779 0.0000e+00
       2527      0.003     3.3269   0.113861     0.9811     0.7631 0.0000e+00
       2528     -0.002     3.3263   0.114648     0.9883     0.7688 0.0000e+00
       2529     -0.006     3.3256   0.117716     1.0160     0.7912 0.0000e+00
       2530     -0.008     3.3248   0.119956     1.0364     0.8075 0.0000e+00
       2531     -0.007     3.3243   0.118519     1.0234     0.7971 0.0000e+00
       2532     -0.006     3.3238   0.114924     0.9908     0.7709 0.0000e+00
       2533     -0.006     3.3234   0.113651     0.9793     0.7616 0.0000e+00
       2534     -0.008     3.3228   0.115493     0.9960     0.7751 0.0000e+00
       2535     -0.010     3.3222   0.117607     1.0152     0.7905 0.0000e+00
       2536     -0.012     3.3220   0.117996     1.0187     0.7933 0.0000e+00
       2537     -0.016     3.3219   0.117267     1.0121     0.7880 0.0000e+00
       2538     -0.018     3.3216   0.116971     1.0094     0.7858 0.0000e+00
       2539     -0.015     3.3213   0.117497     1.0142     0.7897 0.0000e+00
       2540     -0.011     3.3210   0.118322     1.0217     0.7957 0.0000e+00
       2541     -0.009     3.3210   0.118807     1.0261     0.7992 0.0000e+00
       2542     -0.009     3.3213   0.118857     1.0265     0.7996 0.0000e+00
       2543     -0.010     3.3218   0.119090     1.0286     0.8013 0.0000e+00
       2544     -0.011     3.3220   0.119557     1.0328     0.8047 0.0000e+00
       2545     -0.014     3.3220   0.119375     1.0312     0.8033 0.0000e+00
       2546     -0.017     3.3220   0.118354     1.0219     0.7959 0.0000e+00
       2547     -0.016     3.3218   0.117632     1.0154     0.7906 0.0000e+00
       2548     -0.014     3.3213   0.118178     1.0204     0.7946 0.0000e+00
       2549     -0.014     3.3206   0.119162     1.0293     0.8018 0.0000e+00
       2550     -0.016     3.3205   0.119062     1.0284     0.8011 0.0000e+00
       2551     -0.020     3.3209   0.118183     1.0204     0.7947 0.0000e+00
       2552     -0.024     3.3209   0.118288     1.0214     0.7954 0.0000e+00
       2553     -0.024     3.3200   0.120588     1.0422     0.8122 0.0000e+00
       2554     -0.023     3.3189   0.121462     1.0502     0.8186 0.0000e+00
       2555     -0.022     3.3179   0.117064     1.0104     0.7866 0.0000e+00
       2556     -0.022     3.3172   0.112768     0.9715     0.7553 0.0000e+00
       2557     -0.024     3.3167   0.113441     0.9776     0.7602 0.0000e+00
       2558     -0.026     3.3166   0.116396     1.0044     0.7817 0.0000e+00
       2559     -0.025     3.3167   0.119557     1.0330     0.8048 0.0000e+00
       2560     -0.024     3.3173   0.121797     1.0533     0.8211 0.0000e+00
       2561     -0.026     3.3184   0.121864     1.0539     0.8216 0.0000e+00
       2562     -0.030     3.3197   0.120493     1.0414     0.8115 0.0000e+00
       2563     -0.033     3.3205   0.119125     1.0290     0.8016 0.0000e+00
       2564     -0.034     3.3209   0.118477     1.0231     0.7968 0.0000e+00
       2565     -0.035     3.3209   0.118689     1.0250     0.7984 0.0000e+00
       2566     -0.035     3.3202   0.120148     1.0382     0.8090 0.0000e+00
       2567     -0.035     3.3196   0.121194     1.0478     0.8167 0.0000e+00
       2568     -0.037     3.3190   0.119260     1.0302     0.8026 0.0000e+00
       2569     -0.038     3.3184   0.115922     1.0000     0.7783 0.0000e+00
       2570     -0.033     3.3178   0.114849     0.9903     0.7705 0.0000e+00
       2571     -0.028     3.3173   0.116085     1.0015     0.7795 0.0000e+00
       2572     -0.028     3.3171   0.116555     1.0058     0.7829 0.0000e+00
       2573     -0.028     3.3170   0.115131     0.9929     0.7725 0.0000e+00
       2574     -0.024     3.3167   0.114047     0.9831     0.7646 0.0000e+00
       2575     -0.023     3.3167   0.115332     0.9947     0.7740 0.0000e+00
       2576     -0.026     3.3167   0.117710     1.0163     0.7913 0.0000e+00
       2577     -0.031     3.3165   0.119416     1.0317     0.8037 0.0000e+00
       2578     -0.038     3.3163   0.120530     1.0418     0.8119 0.0000e+00
       2579     -0.043     3.3163   0.120017     1.0372     0.8081 0.0000e+00
       2580     -0.043     3.3163   0.116792     1.0080     0.7846 0.0000e+00
       2581     -0.041     3.3159   0.113119     0.9748     0.7579 0.0000e+00
       2582     -0.042     3.3152   0.112618     0.9703     0.7543 0.0000e+00
       2583     -0.045     3.3144   0.118698     1.0253     0.7986 0.0000e+00
       2584     -0.045     3.3140   0.128887     1.1179     0.8730 0.0000e+00
       2585     -0.044     3.3137   0.134982     1.1735     0.9177 0.0000e+00
       2586     -0.041     3.3132   0.143317     1.2497     0.9791 0.0000e+00
       2587     -0.037     3.3129   0.158302     1.3876     1.0898 0.0000e+00
       2588     -0.035     3.3135   0.172453     1.5184     1.1950 0.0000e+00
       2589     -0.037     3.3145   0.188866     1.6711     1.3175 0.0000e+00
       2590     -0.040     3.3148   0.201661     1.7907     1.4136 0.0000e+00
       2591     -0.043     3.3140   0.203508     1.8081     1.4275 0.0000e+00
       2592     -0.046     3.3132   0.202144     1.7953     1.4173 0.0000e+00
       2593     -0.048     3.3123   0.197695     1.7537     1.3839 0.0000e+00
       2594     -0.050     3.3118   0.186308     1.6474     1.2985 0.0000e+00
       2595     -0.050     3.3117   0.172754     1.5213     1.1973 0.0000e+00
       2596     -0.049     3.3116   0.162394     1.4254     1.1202 0.0000e+00
       2597     -0.046     3.3110   0.155018     1.3574     1.0655 0.0000e+00
       2598     -0.043     3.3104   0.148599     1.2983     1.0181 0.0000e+00
       2599     -0.043     3.3106   0.141194     1.2304     0.9635 0.0000e+00
       2600     -0.046     3.3111   0.132680     1.1525     0.9009 0.0000e+00
       2601     -0.048     3.3113   0.125135     1.0838     0.8456 0.0000e+00
       2602     -0.048     3.3111   0.119379     1.0316     0.8036 0.0000e+00
       2603     -0.048     3.3109   0.114662     0.9889     0.7692 0.0000e+00
       2604     -0.048     3.3103   0.110598     0.9522     0.7397 0.0000e+00
       2605     -0.050     3.3095   0.107760     0.9266     0.7191 0.0000e+00
       2606     -0.054     3.3089   0.106193     0.9125     0.7077 0.0000e+00
       2607     -0.057     3.3088   0.104539     0.8976     0.6958 0.0000e+00
       2608     -0.058     3.3092   0.101559     0.8708     0.6742 0.0000e+00
       2609     -0.058     3.3097   0.097853     0.8375     0.6474 0.0000e+00
       2610     -0.057     3.3097   0.095303     0.8147     0.6290 0.0000e+00
       2611     -0.055     3.3095   0.094057     0.8036     0.6200 0.0000e+00
       2612     -0.054     3.3097   0.092001     0.7852     0.6053 0.0000e+00
       2613     -0.054     3.3098   0.087816     0.7479     0.5752 0.0000e+00
       2614     -0.054     3.3095   0.083453     0.7090     0.5439 0.0000e+00
       2615     -0.054     3.3093   0.081882     0.6951     0.5327 0.0000e+00
       2616     -0.054     3.3098   0.082509     0.7007     0.5372 0.0000e+00
       2617     -0.059     3.3108   0.082408     0.6997     0.5364 0.0000e+00
       2618     -0.063     3.3116   0.080503     0.6828     0.5228 0.0000e+00
       2619     -0.065     3.3116   0.077699     0.6580     0.5028 0.0000e+00
       2620     -0.068     3.3112   0.075108     0.6351     0.4843 0.0000e+00
       2621     -0.070     3.3112   0.072913     0.6157     0.4687 0.0000e+00
       2622     -0.066     3.3121   0.070904     0.5980     0.4544 0.0000e+00
       2623     -0.064     3.3133   0.069756     0.5879     0.4463 0.0000e+00
       2624     -0.065     3.3139   0.069636     0.5868     0.4454 0.0000e+00
       2625     -0.065     3.3141   0.069432     0.5850     0.4440 0.0000e+00
       2626     -0.066     3.3151   0.068343     0.5754     0.4363 0.0000e+00
       2627     -0.071     3.3163   0.066728     0.5612     0.4248 0.0000e+00
       2628     -0.072     3.3170   0.065185     0.5477     0.4139 0.0000e+00
       2629     -0.068     3.3171   0.063848     0.5359     0.4045 0.0000e+00
       2630     -0.064     3.3170   0.063078     0.5292     0.3990 0.0000e+00
       2631     -0.064     3.3171   0.062928     0.5279     0.3980 0.0000e+00
       2632     -0.065     3.3173   0.062804     0.5268     0.3971 0.0000e+00
       2633     -0.062     3.3174   0.062170     0.5212     0.3926 0.0000e+00
       2634     -0.062     3.3175   0.060561     0.5072     0.3813 0.0000e+00
       2635     -0.066     3.3175   0.058215     0.4867     0.3648 0.0000e+00
       2636     -0.068     3.3173   0.056603     0.4727     0.3534 0.0000e+00
       2637     -0.068     3.3168   0.056539     0.4721     0.3530 0.0000e+00
       2638     -0.068     3.3159   0.057153     0.4775     0.3573 0.0000e+00
       2639     -0.068     3.3144   0.057024     0.4764     0.3564 0.0000e+00
       2640     -0.068     3.3133   0.055481     0.4630     0.3456 0.0000e+00
       2641     -0.069     3.3129   0.053431     0.4452     0.3312 0.0000e+00
       2642     -0.070     3.3127   0.051989     0.4327     0.3211 0.0000e+00
       2643     -0.070     3.3123   0.051261     0.4263     0.3160 0.0000e+00
       2644     -0.071     3.3118   0.050865     0.4229     0.3133 0.0000e+00
       2645     -0.073     3.3114   0.050253     0.4176     0.3090 0.0000e+00
       2646     -0.073     3.3115   0.049202     0.4085     0.3016 0.0000e+00
       2647     -0.074     3.3118   0.048092     0.3989     0.2939 0.0000e+00
       2648     -0.076     3.3121   0.047346     0.3925     0.2887 0.0000e+00
       2649     -0.077     3.3120   0.046910     0.3887     0.2857 0.0000e+00
       2650     -0.078     3.3118   0.046515     0.3853     0.2829 0.0000e+00
       2651     -0.078     3.3117   0.045980     0.3807     0.2792 0.0000e+00
       2652     -0.076     3.3117   0.045380     0.3755     0.2750 0.0000e+00
       2653     -0.073     3.3121   0.044957     0.3719     0.2721 0.0000e+00
       2654     -0.073     3.3127   0.044725     0.3699     0.2705 0.0000e+00
       2655     -0.074     3.3131   0.044594     0.3688     0.2696 0.0000e+00
       2656     -0.076     3.3133   0.044510     0.3680     0.2690 0.0000e+00
       2657     -0.077     3.3133   0.044534     0.3682     0.2691 0.0000e+00
       2658     -0.079     3.3133   0.044617     0.3690     0.2697 0.0000e+00
       2659     -0.080     3.3130   0.044478     0.3678     0.2688 0.0000e+00
       2660     -0.079     3.3128   0.045203     0.3740     0.2738 0.0000e+00
       2661     -0.078     3.3131   0.061193     0.5128     0.3858 0.0000e+00
       2662     -0.078     3.3139   0.119986     1.0370     0.8080 0.0000e+00
       2663     -0.080     3.3142   0.209544     1.8647     1.4730 0.0000e+00
       2664     -0.082     3.3142   0.267130     2.4105     1.9107 0.0000e+00
       2665     -0.085     3.3148   0.272052     2.4576     1.9484 0.0000e+00
       2666     -0.088     3.3151   0.261696     2.3586     1.8691 0.0000e+00
