Datasets/Test_Dataset_39219_tow/originals/tel219_2021_002.cnv
* Sea-Bird SBE19plus Data File:
* Filename = C:/AQUIRE/tel219_2021_002.hex
* Software Version AquireV2 AF V2.0
* Temperature SN =  4020
* Conductivity SN =  4020
* System UpLoad Time = May 06 2021 03:30:51
** VESSEL/TRIP/SEQ STN: tel219_2021_002
** LATITUDE: 57 00.51 N
** LONGITUDE: 54 00.39 W
** DATE/TIME: 2021-05-06 02:45
** SOUNDING DEPTH (M): 0140
** PROBE TYPE: S4020
** CTD NUMBER:   2
** FORMAT: T
** COMMENTS: 
# nquan = 7                                 
# nvalues = 2708                        
# units = specified
# name 0 = scan: Scan Count
# name 1 = prdM: Pressure, Strain Gauge [db]
# name 2 = tv290C: Temperature [ITS-90, deg C]
# name 3 = c0S/m: Conductivity [S/m]
# name 4 = sal00: Salinity, Practical [PSU]
# name 5 = sigma-t00: Density [sigma-t, kg/m^3 ]
# name 6 = flag: flag
# span 0 =          1,       2708       
# span 1 =     -0.134,    136.893       
# span 2 =     0.1622,     3.2531       
# span 3 =   0.002205,   2.948972       
# span 4 =     0.0163,    32.6704       
# span 5 =    -0.0256,    26.2180       
# span 6 = 0.0000e+00, 0.0000e+00       
# interval = seconds: 1
# start_time = May 06 2021 02:45:59 [Instrument's time stamp, header]
# bad_flag = -9.990e-29
*END*
[from data line 2667]
       2668     -0.090     2.7178   0.009408     0.0744     0.0225 0.0000e+00
       2669     -0.092     2.7176   0.009355     0.0740     0.0221 0.0000e+00
       2670     -0.092     2.7173   0.009322     0.0737     0.0219 0.0000e+00
       2671     -0.093     2.7171   0.009295     0.0735     0.0217 0.0000e+00
       2672     -0.096     2.7167   0.009240     0.0731     0.0214 0.0000e+00
       2673     -0.099     2.7164   0.009180     0.0726     0.0210 0.0000e+00
       2674     -0.100     2.7162   0.009133     0.0722     0.0206 0.0000e+00
       2675     -0.101     2.7160   0.009102     0.0719     0.0204 0.0000e+00
       2676     -0.101     2.7157   0.009096     0.0719     0.0204 0.0000e+00
       2677     -0.100     2.7154   0.009082     0.0718     0.0203 0.0000e+00
       2678     -0.100     2.7152   0.009030     0.0713     0.0199 0.0000e+00
       2679     -0.102     2.7150   0.008987     0.0710     0.0196 0.0000e+00
       2680     -0.104     2.7148   0.008970     0.0708     0.0195 0.0000e+00
       2681     -0.105     2.7145   0.008961     0.0708     0.0195 0.0000e+00
       2682     -0.104     2.7142   0.008959     0.0708     0.0194 0.0000e+00
       2683     -0.103     2.7138   0.008940     0.0706     0.0193 0.0000e+00
       2684     -0.103     2.7135   0.008903     0.0703     0.0190 0.0000e+00
       2685     -0.105     2.7132   0.008881     0.0701     0.0189 0.0000e+00
       2686     -0.105     2.7130   0.008866     0.0700     0.0188 0.0000e+00
       2687     -0.103     2.7127   0.008848     0.0698     0.0187 0.0000e+00
       2688     -0.100     2.7123   0.008848     0.0698     0.0187 0.0000e+00
       2689     -0.099     2.7121   0.008846     0.0698     0.0186 0.0000e+00
       2690     -0.099     2.7119   0.008808     0.0695     0.0184 0.0000e+00
       2691     -0.099     2.7117   0.008765     0.0692     0.0181 0.0000e+00
       2692     -0.098     2.7113   0.008755     0.0691     0.0180 0.0000e+00
       2693     -0.100     2.7111   0.008768     0.0692     0.0181 0.0000e+00
       2694     -0.102     2.7110   0.008757     0.0691     0.0180 0.0000e+00
       2695     -0.103     2.7107   0.008731     0.0689     0.0178 0.0000e+00
       2696     -0.105     2.7104   0.008719     0.0688     0.0178 0.0000e+00
       2697     -0.106     2.7102   0.008689     0.0685     0.0176 0.0000e+00
       2698     -0.104     2.7099   0.008633     0.0681     0.0172 0.0000e+00
       2699     -0.102     2.7097   0.008612     0.0679     0.0170 0.0000e+00
       2700     -0.100     2.7094   0.008646     0.0682     0.0173 0.0000e+00
       2701     -0.098     2.7092   0.008663     0.0683     0.0174 0.0000e+00
       2702     -0.099     2.7089   0.008638     0.0681     0.0172 0.0000e+00
       2703     -0.101     2.7087   0.008619     0.0680     0.0171 0.0000e+00
       2704     -0.102     2.7085   0.008586     0.0677     0.0168 0.0000e+00
       2705     -0.103     2.7083   0.008536     0.0673     0.0165 0.0000e+00
       2706     -0.104     2.7081   0.008536     0.0673     0.0165 0.0000e+00
       2707     -0.104     2.7080   0.008574     0.0676     0.0167 0.0000e+00
       2708     -0.103 -9.990e-29   0.008597 -9.990e-29 -9.990e-29 0.0000e+00
