Datasets/Test_Dataset_39219_tow/originals/tel219_2021_023.cnv
* Sea-Bird SBE19plus Data File:
* Filename = C:/AQUIRE/tel219_2021_023.hex
* Software Version AquireV2 AF V2.0
* Temperature SN =  4020
* Conductivity SN =  4020
* System UpLoad Time = May 08 2021 07:11:34
** VESSEL/TRIP/SEQ STN: tel219_2021_023
** LATITUDE: 46 29.44 N
** LONGITUDE: 57 07.00 W
** DATE/TIME: 2021-05-08 06:36
** SOUNDING DEPTH (M): 0046
** PROBE TYPE: S4020
** CTD NUMBER:  23
** FORMAT: T
** COMMENTS: 
# nquan = 7                                 
# nvalues = 2202                        
# units = specified
# name 0 = scan: Scan Count
# name 1 = prdM: Pressure, Strain Gauge [db]
# name 2 = tv290C: Temperature [ITS-90, deg C]
# name 3 = c0S/m: Conductivity [S/m]
# name 4 = sal00: Salinity, Practical [PSU]
# name 5 = sigma-t00: Density [sigma-t, kg/m^3 ]
# name 6 = flag: flag
# span 0 =          1,       2202       
# span 1 =     -0.154,     43.735       
# span 2 =     3.4166,     3.9440       
# span 3 =   0.005739,   2.973233       
# span 4 =     0.0434,    31.9131       
# span 5 =     0.0100,    25.3677       
# span 6 = 0.0000e+00, 0.0000e+00       
# interval = seconds: 1
# start_time = May 08 2021 06:36:05 [Instrument's time stamp, header]
# bad_flag = -9.990e-29
*END*
[from data line 1436]
       1437     42.542     3.4225   2.946883    31.8877    25.3647 0.0000e+00
       1438     42.552     3.4231   2.946955    31.8879    25.3648 0.0000e+00
       1439     42.566     3.4242   2.947068    31.8882    25.3649 0.0000e+00
       1440     42.577     3.4252   2.947164    31.8883    25.3650 0.0000e+00
       1441     42.578     3.4248   2.947110    31.8881    25.3648 0.0000e+00
       1442     42.567     3.4233   2.946944    31.8876    25.3645 0.0000e+00
       1443     42.550     3.4228   2.946918    31.8878    25.3647 0.0000e+00
       1444     42.533     3.4238   2.947024    31.8881    25.3649 0.0000e+00
       1445     42.531     3.4248   2.947133    31.8884    25.3650 0.0000e+00
       1446     42.552     3.4248   2.947123    31.8883    25.3649 0.0000e+00
       1447     42.579     3.4238   2.946985    31.8876    25.3645 0.0000e+00
       1448     42.589     3.4228   2.946913    31.8877    25.3647 0.0000e+00
       1449     42.573     3.4231   2.946955    31.8879    25.3648 0.0000e+00
       1450     42.543     3.4241   2.947045    31.8880    25.3648 0.0000e+00
       1451     42.516     3.4251   2.947142    31.8882    25.3649 0.0000e+00
       1452     42.504     3.4261   2.947215    31.8881    25.3647 0.0000e+00
       1453     42.513     3.4269   2.947295    31.8883    25.3648 0.0000e+00
       1454     42.539     3.4279   2.947379    31.8883    25.3647 0.0000e+00
       1455     42.561     3.4286   2.947450    31.8884    25.3647 0.0000e+00
       1456     42.564     3.4285   2.947440    31.8884    25.3647 0.0000e+00
       1457     42.548     3.4277   2.947334    31.8879    25.3644 0.0000e+00
       1458     42.524     3.4272   2.947300    31.8880    25.3645 0.0000e+00
       1459     42.504     3.4276   2.947372    31.8885    25.3649 0.0000e+00
       1460     42.494     3.4283   2.947429    31.8885    25.3648 0.0000e+00
       1461     42.491     3.4284   2.947423    31.8883    25.3647 0.0000e+00
       1462     42.489     3.4283   2.947399    31.8881    25.3645 0.0000e+00
       1463     42.491     3.4280   2.947373    31.8881    25.3646 0.0000e+00
       1464     42.502     3.4275   2.947320    31.8880    25.3645 0.0000e+00
       1465     42.521     3.4269   2.947269    31.8879    25.3645 0.0000e+00
       1466     42.538     3.4267   2.947259    31.8880    25.3646 0.0000e+00
       1467     42.549     3.4264   2.947236    31.8880    25.3646 0.0000e+00
       1468     42.555     3.4257   2.947162    31.8878    25.3645 0.0000e+00
       1469     42.551     3.4249   2.947096    31.8878    25.3646 0.0000e+00
       1470     42.536     3.4245   2.947075    31.8880    25.3648 0.0000e+00
       1471     42.515     3.4241   2.947035    31.8879    25.3647 0.0000e+00
       1472     42.494     3.4235   2.946969    31.8877    25.3646 0.0000e+00
       1473     42.485     3.4231   2.946932    31.8877    25.3646 0.0000e+00
       1474     42.495     3.4229   2.946922    31.8877    25.3647 0.0000e+00
       1475     42.520     3.4228   2.946921    31.8878    25.3648 0.0000e+00
       1476     42.551     3.4229   2.946926    31.8878    25.3647 0.0000e+00
       1477     42.580     3.4231   2.946942    31.8877    25.3647 0.0000e+00
       1478     42.592     3.4234   2.946981    31.8879    25.3648 0.0000e+00
       1479     42.583     3.4238   2.947024    31.8880    25.3649 0.0000e+00
       1480     42.566     3.4239   2.947019    31.8879    25.3647 0.0000e+00
       1481     42.561     3.4237   2.946991    31.8878    25.3646 0.0000e+00
       1482     42.564     3.4234   2.946975    31.8879    25.3647 0.0000e+00
       1483     42.562     3.4230   2.946929    31.8877    25.3647 0.0000e+00
       1484     42.552     3.4224   2.946863    31.8875    25.3646 0.0000e+00
       1485     42.532     3.4220   2.946836    31.8876    25.3647 0.0000e+00
       1486     42.506     3.4221   2.946855    31.8877    25.3648 0.0000e+00
       1487     42.491     3.4228   2.946932    31.8880    25.3649 0.0000e+00
       1488     42.500     3.4235   2.946990    31.8880    25.3648 0.0000e+00
       1489     42.529     3.4228   2.946884    31.8874    25.3644 0.0000e+00
       1490     42.563     3.4215   2.946767    31.8872    25.3644 0.0000e+00
       1491     42.587     3.4211   2.946777    31.8877    25.3649 0.0000e+00
       1492     42.592     3.4204   2.946708    31.8876    25.3648 0.0000e+00
       1493     42.570     3.4185   2.946496    31.8869    25.3645 0.0000e+00
       1494     42.532     3.4170   2.946356    31.8868    25.3645 0.0000e+00
       1495     42.506     3.4168   2.946377    31.8872    25.3648 0.0000e+00
       1496     42.506     3.4175   2.946462    31.8876    25.3650 0.0000e+00
       1497     42.528     3.4184   2.946530    31.8875    25.3649 0.0000e+00
       1498     42.554     3.4188   2.946564    31.8875    25.3649 0.0000e+00
       1499     42.569     3.4189   2.946577    31.8875    25.3649 0.0000e+00
       1500     42.568     3.4191   2.946588    31.8875    25.3648 0.0000e+00
       1501     42.556     3.4192   2.946592    31.8874    25.3648 0.0000e+00
       1502     42.541     3.4190   2.946572    31.8874    25.3648 0.0000e+00
       1503     42.531     3.4193   2.946591    31.8873    25.3647 0.0000e+00
       1504     42.525     3.4201   2.946675    31.8875    25.3648 0.0000e+00
       1505     42.517     3.4209   2.946751    31.8877    25.3648 0.0000e+00
       1506     42.510     3.4215   2.946792    31.8876    25.3647 0.0000e+00
       1507     42.516     3.4216   2.946801    31.8876    25.3647 0.0000e+00
       1508     42.533     3.4212   2.946767    31.8875    25.3647 0.0000e+00
       1509     42.549     3.4207   2.946716    31.8874    25.3646 0.0000e+00
       1510     42.551     3.4202   2.946668    31.8873    25.3646 0.0000e+00
       1511     42.539     3.4198   2.946630    31.8873    25.3646 0.0000e+00
       1512     42.520     3.4198   2.946644    31.8875    25.3648 0.0000e+00
       1513     42.499     3.4204   2.946703    31.8876    25.3648 0.0000e+00
       1514     42.482     3.4210   2.946753    31.8876    25.3648 0.0000e+00
       1515     42.475     3.4208   2.946736    31.8876    25.3648 0.0000e+00
       1516     42.487     3.4200   2.946643    31.8873    25.3646 0.0000e+00
       1517     42.521     3.4196   2.946593    31.8870    25.3644 0.0000e+00
       1518     42.557     3.4203   2.946692    31.8875    25.3648 0.0000e+00
       1519     42.572     3.4224   2.946898    31.8879    25.3649 0.0000e+00
       1520     42.563     3.4244   2.947064    31.8879    25.3647 0.0000e+00
       1521     42.541     3.4253   2.947121    31.8877    25.3645 0.0000e+00
       1522     42.520     3.4249   2.947092    31.8878    25.3646 0.0000e+00
       1523     42.511     3.4231   2.946922    31.8875    25.3645 0.0000e+00
       1524     42.509     3.4209   2.946689    31.8869    25.3642 0.0000e+00
       1525     42.514     3.4200   2.946616    31.8869    25.3643 0.0000e+00
       1526     42.526     3.4208   2.946728    31.8875    25.3647 0.0000e+00
       1527     42.542     3.4219   2.946840    31.8877    25.3648 0.0000e+00
       1528     42.552     3.4219   2.946813    31.8874    25.3645 0.0000e+00
       1529     42.544     3.4213   2.946753    31.8873    25.3645 0.0000e+00
       1530     42.526     3.4211   2.946747    31.8874    25.3646 0.0000e+00
       1531     42.518     3.4216   2.946781    31.8873    25.3645 0.0000e+00
       1532     42.534     3.4229   2.946920    31.8877    25.3647 0.0000e+00
       1533     42.572     3.4239   2.947032    31.8880    25.3649 0.0000e+00
       1534     42.609     3.4234   2.946949    31.8875    25.3645 0.0000e+00
       1535     42.624     3.4221   2.946811    31.8871    25.3643 0.0000e+00
       1536     42.614     3.4211   2.946734    31.8872    25.3644 0.0000e+00
       1537     42.589     3.4208   2.946717    31.8873    25.3645 0.0000e+00
       1538     42.568     3.4210   2.946754    31.8876    25.3647 0.0000e+00
       1539     42.566     3.4209   2.946740    31.8875    25.3647 0.0000e+00
       1540     42.582     3.4206   2.946679    31.8871    25.3644 0.0000e+00
       1541     42.597     3.4203   2.946663    31.8872    25.3645 0.0000e+00
       1542     42.595     3.4202   2.946668    31.8873    25.3646 0.0000e+00
       1543     42.583     3.4201   2.946653    31.8872    25.3646 0.0000e+00
       1544     42.579     3.4200   2.946640    31.8872    25.3645 0.0000e+00
       1545     42.595     3.4200   2.946647    31.8873    25.3646 0.0000e+00
       1546     42.625     3.4200   2.946649    31.8873    25.3646 0.0000e+00
       1547     42.645     3.4200   2.946633    31.8871    25.3644 0.0000e+00
       1548     42.631     3.4200   2.946644    31.8872    25.3645 0.0000e+00
       1549     42.584     3.4206   2.946699    31.8873    25.3646 0.0000e+00
       1550     42.535     3.4211   2.946754    31.8875    25.3647 0.0000e+00
       1551     42.522     3.4215   2.946792    31.8876    25.3647 0.0000e+00
       1552     42.565     3.4218   2.946811    31.8875    25.3646 0.0000e+00
       1553     42.637     3.4220   2.946818    31.8873    25.3644 0.0000e+00
       1554     42.688     3.4223   2.946855    31.8874    25.3645 0.0000e+00
       1555     42.691     3.4228   2.946910    31.8876    25.3646 0.0000e+00
       1556     42.661     3.4232   2.946944    31.8876    25.3646 0.0000e+00
       1557     42.633     3.4234   2.946956    31.8876    25.3645 0.0000e+00
       1558     42.634     3.4230   2.946916    31.8875    25.3645 0.0000e+00
       1559     42.659     3.4226   2.946862    31.8872    25.3643 0.0000e+00
       1560     42.685     3.4227   2.946890    31.8875    25.3645 0.0000e+00
       1561     42.695     3.4226   2.946894    31.8876    25.3646 0.0000e+00
       1562     42.685     3.4216   2.946781    31.8872    25.3644 0.0000e+00
       1563     42.667     3.4204   2.946656    31.8869    25.3643 0.0000e+00
       1564     42.663     3.4192   2.946554    31.8869    25.3644 0.0000e+00
       1565     42.688     3.4188   2.946514    31.8868    25.3643 0.0000e+00
       1566     42.731     3.4188   2.946542    31.8871    25.3646 0.0000e+00
       1567     42.766     3.4192   2.946581    31.8872    25.3646 0.0000e+00
       1568     42.779     3.4193   2.946596    31.8872    25.3646 0.0000e+00
       1569     42.775     3.4192   2.946581    31.8872    25.3646 0.0000e+00
       1570     42.765     3.4193   2.946578    31.8870    25.3645 0.0000e+00
       1571     42.765     3.4196   2.946616    31.8872    25.3646 0.0000e+00
       1572     42.778     3.4201   2.946664    31.8873    25.3646 0.0000e+00
       1573     42.792     3.4202   2.946667    31.8872    25.3645 0.0000e+00
       1574     42.802     3.4200   2.946631    31.8870    25.3643 0.0000e+00
       1575     42.813     3.4202   2.946651    31.8870    25.3644 0.0000e+00
       1576     42.825     3.4207   2.946720    31.8873    25.3646 0.0000e+00
       1577     42.832     3.4211   2.946750    31.8873    25.3645 0.0000e+00
       1578     42.838     3.4212   2.946743    31.8871    25.3643 0.0000e+00
       1579     42.850     3.4213   2.946747    31.8870    25.3643 0.0000e+00
       1580     42.860     3.4219   2.946808    31.8872    25.3643 0.0000e+00
       1581     42.856     3.4226   2.946900    31.8876    25.3646 0.0000e+00
       1582     42.843     3.4223   2.946863    31.8875    25.3645 0.0000e+00
       1583     42.836     3.4205   2.946661    31.8868    25.3642 0.0000e+00
       1584     42.850     3.4192   2.946542    31.8867    25.3642 0.0000e+00
       1585     42.883     3.4194   2.946625    31.8874    25.3648 0.0000e+00
       1586     42.920     3.4199   2.946676    31.8875    25.3648 0.0000e+00
       1587     42.941     3.4188   2.946526    31.8868    25.3643 0.0000e+00
       1588     42.937     3.4173   2.946373    31.8865    25.3642 0.0000e+00
       1589     42.920     3.4166   2.946352    31.8869    25.3646 0.0000e+00
       1590     42.919     3.4167   2.946348    31.8868    25.3645 0.0000e+00
       1591     42.964     3.4170   2.946375    31.8868    25.3645 0.0000e+00
       1592     43.064     3.4177   2.946469    31.8872    25.3647 0.0000e+00
       1593     43.189     3.4187   2.946560    31.8872    25.3646 0.0000e+00
       1594     43.307     3.4195   2.946628    31.8872    25.3645 0.0000e+00
       1595     43.415     3.4196   2.946647    31.8872    25.3646 0.0000e+00
       1596     43.512     3.4196   2.946632    31.8870    25.3644 0.0000e+00
       1597     43.576     3.4200   2.946666    31.8870    25.3644 0.0000e+00
       1598     43.585     3.4210   2.946776    31.8873    25.3645 0.0000e+00
       1599     43.536     3.4223   2.946910    31.8877    25.3647 0.0000e+00
       1600     43.434     3.4233   2.946997    31.8878    25.3647 0.0000e+00
       1601     43.288     3.4230   2.946926    31.8873    25.3643 0.0000e+00
       1602     43.111     3.4209   2.946701    31.8868    25.3641 0.0000e+00
       1603     42.913     3.4192   2.946543    31.8866    25.3642 0.0000e+00
       1604     42.700     3.4195   2.946585    31.8870    25.3644 0.0000e+00
       1605     42.474     3.4209   2.946742    31.8876    25.3647 0.0000e+00
       1606     42.233     3.4215   2.946785    31.8876    25.3647 0.0000e+00
       1607     41.975     3.4212   2.946692    31.8869    25.3642 0.0000e+00
       1608     41.706     3.4215   2.946715    31.8871    25.3643 0.0000e+00
       1609     41.429     3.4227   2.946833    31.8874    25.3645 0.0000e+00
       1610     41.138     3.4238   2.946929    31.8876    25.3645 0.0000e+00
       1611     40.826     3.4240   2.946936    31.8877    25.3646 0.0000e+00
       1612     40.491     3.4230   2.946780    31.8870    25.3641 0.0000e+00
       1613     40.145     3.4221   2.946672    31.8868    25.3640 0.0000e+00
       1614     39.802     3.4228   2.946754    31.8872    25.3643 0.0000e+00
       1615     39.463     3.4242   2.946876    31.8875    25.3644 0.0000e+00
       1616     39.125     3.4249   2.946909    31.8874    25.3642 0.0000e+00
       1617     38.787     3.4242   2.946847    31.8875    25.3644 0.0000e+00
       1618     38.445     3.4226   2.946676    31.8872    25.3643 0.0000e+00
       1619     38.089     3.4204   2.946429    31.8866    25.3640 0.0000e+00
       1620     37.722     3.4189   2.946278    31.8865    25.3640 0.0000e+00
       1621     37.362     3.4191   2.946301    31.8867    25.3642 0.0000e+00
       1622     37.010     3.4200   2.946395    31.8871    25.3645 0.0000e+00
       1623     36.650     3.4208   2.946438    31.8871    25.3643 0.0000e+00
       1624     36.271     3.4215   2.946467    31.8869    25.3642 0.0000e+00
       1625     35.870     3.4220   2.946496    31.8870    25.3642 0.0000e+00
       1626     35.463     3.4224   2.946517    31.8870    25.3642 0.0000e+00
       1627     35.077     3.4236   2.946659    31.8878    25.3647 0.0000e+00
       1628     34.721     3.4253   2.946795    31.8879    25.3646 0.0000e+00
       1629     34.377     3.4263   2.946812    31.8873    25.3640 0.0000e+00
       1630     34.019     3.4265   2.946815    31.8873    25.3640 0.0000e+00
       1631     33.634     3.4250   2.946665    31.8872    25.3641 0.0000e+00
       1632     33.224     3.4214   2.946293    31.8865    25.3638 0.0000e+00
       1633     32.801     3.4184   2.946013    31.8863    25.3640 0.0000e+00
       1634     32.381     3.4180   2.945985    31.8866    25.3642 0.0000e+00
       1635     31.972     3.4185   2.946000    31.8865    25.3641 0.0000e+00
       1636     31.568     3.4186   2.945989    31.8865    25.3641 0.0000e+00
       1637     31.155     3.4191   2.946032    31.8867    25.3642 0.0000e+00
       1638     30.720     3.4206   2.946162    31.8870    25.3643 0.0000e+00
       1639     30.269     3.4225   2.946314    31.8872    25.3643 0.0000e+00
       1640     29.818     3.4248   2.946479    31.8871    25.3641 0.0000e+00
       1641     29.372     3.4272   2.946696    31.8876    25.3642 0.0000e+00
