Datasets/Test_Dataset_39219_tow/originals/tel219_2021_069.cnv
* Sea-Bird SBE19plus Data File:
* Filename = C:/AQUIRE/tel219_2021_069.hex
* Software Version AquireV2 AF V2.0
* Temperature SN =  4020
* Conductivity SN =  4020
* System UpLoad Time = May 15 2021 08:52:49
** VESSEL/TRIP/SEQ STN: tel219_2021_069
** LATITUDE: 45 56.45 N
** LONGITUDE: 54 38.76 W
** DATE/TIME: 2021-05-15 08:08
** SOUNDING DEPTH (M): 0085
** PROBE TYPE: S4020
** CTD NUMBER:  69
** FORMAT: T
** COMMENTS: 
# nquan = 7                                 
# nvalues = 2527                        
# units = specified
# name 0 = scan: Scan Count
# name 1 = prdM: Pressure, Strain Gauge [db]
# name 2 = tv290C: Temperature [ITS-90, deg C]
# name 3 = c0S/m: Conductivity [S/m]
# name 4 = sal00: Salinity, Practical [PSU]
# name 5 = sigma-t00: Density [sigma-t, kg/m^3 ]
# name 6 = flag: flag
# span 0 =          1,       2527       
# span 1 =     -0.069,     81.277       
# span 2 =     0.4214,     3.9420       
# span 3 =   0.016703,   3.000765       
# span 4 =     0.1322,    32.7161       
# span 5 =     0.0802,    26.2417       
# span 6 = 0.0000e+00, 0.0000e+00       
# interval = seconds: 1
# start_time = May 15 2021 08:08:51 [Instrument's time stamp, header]
# bad_flag = -9.990e-29
*END*
[from data line 1642]
       1643     80.050     0.4228   2.769065    32.7140    26.2400 0.0000e+00
       1644     80.051     0.4229   2.769055    32.7138    26.2398 0.0000e+00
       1645     80.042     0.4226   2.769065    32.7142    26.2402 0.0000e+00
       1646     80.025     0.4224   2.769091    32.7148    26.2406 0.0000e+00
       1647     80.010     0.4224   2.769097    32.7149    26.2407 0.0000e+00
       1648     80.001     0.4224   2.769084    32.7147    26.2406 0.0000e+00
       1649     79.993     0.4224   2.769077    32.7146    26.2405 0.0000e+00
       1650     79.979     0.4227   2.769052    32.7140    26.2400 0.0000e+00
       1651     79.960     0.4232   2.769000    32.7128    26.2390 0.0000e+00
       1652     79.938     0.4234   2.768962    32.7121    26.2384 0.0000e+00
       1653     79.918     0.4233   2.768976    32.7124    26.2387 0.0000e+00
       1654     79.908     0.4231   2.769001    32.7129    26.2391 0.0000e+00
       1655     79.914     0.4233   2.768967    32.7123    26.2386 0.0000e+00
       1656     79.926     0.4237   2.768899    32.7110    26.2375 0.0000e+00
       1657     79.925     0.4238   2.768876    32.7105    26.2371 0.0000e+00
       1658     79.907     0.4235   2.768912    32.7113    26.2378 0.0000e+00
       1659     79.886     0.4233   2.768953    32.7121    26.2384 0.0000e+00
       1660     79.877     0.4229   2.768983    32.7129    26.2391 0.0000e+00
       1661     79.882     0.4226   2.769019    32.7137    26.2398 0.0000e+00
       1662     79.884     0.4224   2.769034    32.7141    26.2401 0.0000e+00
       1663     79.872     0.4224   2.769046    32.7143    26.2402 0.0000e+00
       1664     79.858     0.4223   2.769057    32.7145    26.2404 0.0000e+00
       1665     79.861     0.4224   2.769037    32.7142    26.2401 0.0000e+00
       1666     79.881     0.4223   2.769036    32.7142    26.2402 0.0000e+00
       1667     79.902     0.4221   2.769078    32.7150    26.2408 0.0000e+00
       1668     79.910     0.4219   2.769104    32.7155    26.2413 0.0000e+00
       1669     79.910     0.4218   2.769098    32.7156    26.2413 0.0000e+00
       1670     79.914     0.4218   2.769095    32.7155    26.2413 0.0000e+00
       1671     79.928     0.4217   2.769099    32.7157    26.2414 0.0000e+00
       1672     79.942     0.4215   2.769102    32.7159    26.2416 0.0000e+00
       1673     79.949     0.4215   2.769115    32.7161    26.2417 0.0000e+00
       1674     79.957     0.4215   2.769116    32.7161    26.2417 0.0000e+00
       1675     79.973     0.4217   2.769096    32.7156    26.2413 0.0000e+00
       1676     79.992     0.4220   2.769073    32.7150    26.2408 0.0000e+00
       1677     80.004     0.4222   2.769056    32.7145    26.2405 0.0000e+00
       1678     80.000     0.4224   2.769039    32.7141    26.2401 0.0000e+00
       1679     79.982     0.4224   2.769020    32.7139    26.2399 0.0000e+00
       1680     79.966     0.4224   2.769004    32.7137    26.2397 0.0000e+00
       1681     79.964     0.4225   2.768994    32.7134    26.2395 0.0000e+00
       1682     79.972     0.4225   2.768984    32.7133    26.2394 0.0000e+00
       1683     79.984     0.4224   2.768990    32.7135    26.2396 0.0000e+00
       1684     79.991     0.4222   2.769020    32.7141    26.2401 0.0000e+00
       1685     79.984     0.4219   2.769041    32.7147    26.2406 0.0000e+00
       1686     79.966     0.4217   2.769042    32.7149    26.2408 0.0000e+00
       1687     79.952     0.4216   2.769032    32.7149    26.2408 0.0000e+00
       1688     79.957     0.4217   2.769012    32.7145    26.2405 0.0000e+00
       1689     79.972     0.4220   2.768988    32.7139    26.2399 0.0000e+00
       1690     79.980     0.4221   2.768972    32.7136    26.2397 0.0000e+00
       1691     79.971     0.4219   2.768978    32.7139    26.2399 0.0000e+00
       1692     79.954     0.4216   2.768997    32.7144    26.2404 0.0000e+00
       1693     79.945     0.4214   2.769007    32.7148    26.2407 0.0000e+00
       1694     79.952     0.4214   2.769007    32.7148    26.2407 0.0000e+00
       1695     79.966     0.4215   2.769003    32.7146    26.2405 0.0000e+00
       1696     79.970     0.4216   2.768994    32.7144    26.2404 0.0000e+00
       1697     79.957     0.4216   2.768987    32.7143    26.2403 0.0000e+00
       1698     79.945     0.4216   2.768977    32.7142    26.2402 0.0000e+00
       1699     79.951     0.4217   2.768960    32.7139    26.2399 0.0000e+00
       1700     79.969     0.4221   2.768929    32.7130    26.2392 0.0000e+00
       1701     79.984     0.4226   2.768872    32.7117    26.2382 0.0000e+00
       1702     79.992     0.4233   2.768801    32.7101    26.2368 0.0000e+00
       1703     80.000     0.4235   2.768766    32.7094    26.2362 0.0000e+00
       1704     80.009     0.4234   2.768776    32.7096    26.2364 0.0000e+00
       1705     80.013     0.4232   2.768802    32.7102    26.2369 0.0000e+00
       1706     80.014     0.4225   2.768860    32.7117    26.2381 0.0000e+00
       1707     80.020     0.4221   2.768916    32.7128    26.2391 0.0000e+00
       1708     80.029     0.4220   2.768916    32.7129    26.2392 0.0000e+00
       1709     80.038     0.4223   2.768888    32.7122    26.2386 0.0000e+00
       1710     80.048     0.4225   2.768861    32.7117    26.2381 0.0000e+00
       1711     80.054     0.4227   2.768841    32.7112    26.2377 0.0000e+00
       1712     80.051     0.4228   2.768834    32.7110    26.2376 0.0000e+00
       1713     80.044     0.4225   2.768852    32.7115    26.2380 0.0000e+00
       1714     80.046     0.4221   2.768892    32.7125    26.2388 0.0000e+00
       1715     80.065     0.4216   2.768937    32.7136    26.2397 0.0000e+00
       1716     80.088     0.4214   2.768964    32.7141    26.2402 0.0000e+00
       1717     80.104     0.4214   2.768969    32.7142    26.2402 0.0000e+00
       1718     80.118     0.4214   2.768965    32.7141    26.2402 0.0000e+00
       1719     80.135     0.4214   2.768956    32.7140    26.2401 0.0000e+00
       1720     80.148     0.4215   2.768939    32.7137    26.2398 0.0000e+00
       1721     80.147     0.4220   2.768897    32.7126    26.2389 0.0000e+00
       1722     80.134     0.4228   2.768825    32.7108    26.2374 0.0000e+00
       1723     80.119     0.4234   2.768757    32.7093    26.2362 0.0000e+00
       1724     80.118     0.4234   2.768746    32.7092    26.2361 0.0000e+00
       1725     80.131     0.4232   2.768779    32.7098    26.2366 0.0000e+00
       1726     80.137     0.4229   2.768793    32.7103    26.2370 0.0000e+00
       1727     80.132     0.4231   2.768776    32.7099    26.2366 0.0000e+00
       1728     80.136     0.4234   2.768739    32.7091    26.2360 0.0000e+00
       1729     80.160     0.4238   2.768697    32.7081    26.2352 0.0000e+00
       1730     80.194     0.4240   2.768665    32.7074    26.2346 0.0000e+00
       1731     80.223     0.4239   2.768678    32.7077    26.2348 0.0000e+00
       1732     80.239     0.4238   2.768703    32.7081    26.2352 0.0000e+00
       1733     80.242     0.4238   2.768702    32.7081    26.2352 0.0000e+00
       1734     80.237     0.4235   2.768720    32.7087    26.2356 0.0000e+00
       1735     80.234     0.4234   2.768731    32.7089    26.2358 0.0000e+00
       1736     80.237     0.4237   2.768700    32.7082    26.2352 0.0000e+00
       1737     80.243     0.4240   2.768669    32.7075    26.2346 0.0000e+00
       1738     80.247     0.4239   2.768674    32.7076    26.2348 0.0000e+00
       1739     80.257     0.4235   2.768718    32.7086    26.2356 0.0000e+00
       1740     80.281     0.4233   2.768757    32.7093    26.2362 0.0000e+00
       1741     80.306     0.4233   2.768747    32.7092    26.2361 0.0000e+00
       1742     80.320     0.4235   2.768718    32.7086    26.2356 0.0000e+00
       1743     80.327     0.4237   2.768686    32.7079    26.2351 0.0000e+00
       1744     80.328     0.4239   2.768650    32.7073    26.2345 0.0000e+00
       1745     80.323     0.4241   2.768634    32.7068    26.2341 0.0000e+00
       1746     80.317     0.4243   2.768614    32.7064    26.2338 0.0000e+00
       1747     80.314     0.4243   2.768598    32.7062    26.2336 0.0000e+00
       1748     80.320     0.4240   2.768629    32.7069    26.2342 0.0000e+00
       1749     80.337     0.4234   2.768695    32.7084    26.2354 0.0000e+00
       1750     80.358     0.4232   2.768733    32.7091    26.2360 0.0000e+00
       1751     80.373     0.4234   2.768708    32.7085    26.2355 0.0000e+00
       1752     80.381     0.4238   2.768654    32.7074    26.2346 0.0000e+00
       1753     80.387     0.4243   2.768611    32.7063    26.2337 0.0000e+00
       1754     80.397     0.4244   2.768599    32.7060    26.2335 0.0000e+00
       1755     80.406     0.4243   2.768610    32.7063    26.2337 0.0000e+00
       1756     80.404     0.4241   2.768622    32.7066    26.2340 0.0000e+00
       1757     80.389     0.4239   2.768631    32.7070    26.2343 0.0000e+00
       1758     80.371     0.4239   2.768638    32.7071    26.2344 0.0000e+00
       1759     80.363     0.4240   2.768627    32.7068    26.2341 0.0000e+00
       1760     80.369     0.4243   2.768599    32.7062    26.2336 0.0000e+00
       1761     80.384     0.4243   2.768588    32.7060    26.2335 0.0000e+00
       1762     80.406     0.4239   2.768634    32.7070    26.2343 0.0000e+00
       1763     80.431     0.4232   2.768717    32.7088    26.2358 0.0000e+00
       1764     80.450     0.4226   2.768767    32.7101    26.2368 0.0000e+00
       1765     80.451     0.4224   2.768778    32.7105    26.2371 0.0000e+00
       1766     80.436     0.4224   2.768779    32.7105    26.2372 0.0000e+00
       1767     80.421     0.4226   2.768760    32.7100    26.2368 0.0000e+00
       1768     80.412     0.4231   2.768722    32.7090    26.2359 0.0000e+00
       1769     80.411     0.4233   2.768700    32.7085    26.2355 0.0000e+00
       1770     80.415     0.4232   2.768715    32.7088    26.2358 0.0000e+00
       1771     80.419     0.4230   2.768738    32.7093    26.2362 0.0000e+00
       1772     80.417     0.4232   2.768728    32.7090    26.2359 0.0000e+00
       1773     80.413     0.4234   2.768692    32.7083    26.2354 0.0000e+00
       1774     80.418     0.4236   2.768658    32.7076    26.2348 0.0000e+00
       1775     80.432     0.4238   2.768649    32.7073    26.2345 0.0000e+00
       1776     80.441     0.4235   2.768672    32.7079    26.2350 0.0000e+00
       1777     80.441     0.4233   2.768704    32.7085    26.2356 0.0000e+00
       1778     80.434     0.4230   2.768718    32.7090    26.2360 0.0000e+00
       1779     80.429     0.4229   2.768723    32.7092    26.2361 0.0000e+00
       1780     80.431     0.4231   2.768708    32.7088    26.2358 0.0000e+00
       1781     80.441     0.4234   2.768671    32.7080    26.2351 0.0000e+00
       1782     80.452     0.4238   2.768628    32.7070    26.2343 0.0000e+00
       1783     80.452     0.4241   2.768605    32.7064    26.2338 0.0000e+00
       1784     80.442     0.4239   2.768619    32.7068    26.2341 0.0000e+00
       1785     80.435     0.4236   2.768648    32.7075    26.2347 0.0000e+00
       1786     80.443     0.4234   2.768673    32.7080    26.2351 0.0000e+00
       1787     80.462     0.4234   2.768690    32.7082    26.2353 0.0000e+00
       1788     80.477     0.4234   2.768691    32.7082    26.2353 0.0000e+00
       1789     80.480     0.4240   2.768635    32.7069    26.2342 0.0000e+00
       1790     80.476     0.4248   2.768548    32.7049    26.2325 0.0000e+00
       1791     80.478     0.4253   2.768504    32.7038    26.2316 0.0000e+00
       1792     80.490     0.4254   2.768488    32.7035    26.2314 0.0000e+00
       1793     80.503     0.4255   2.768472    32.7031    26.2311 0.0000e+00
       1794     80.507     0.4257   2.768454    32.7027    26.2307 0.0000e+00
       1795     80.506     0.4259   2.768446    32.7024    26.2305 0.0000e+00
       1796     80.508     0.4259   2.768452    32.7025    26.2305 0.0000e+00
       1797     80.510     0.4261   2.768444    32.7021    26.2303 0.0000e+00
       1798     80.508     0.4265   2.768399    32.7011    26.2294 0.0000e+00
       1799     80.511     0.4271   2.768339    32.6997    26.2282 0.0000e+00
       1800     80.526     0.4277   2.768288    32.6984    26.2272 0.0000e+00
       1801     80.546     0.4282   2.768256    32.6974    26.2264 0.0000e+00
       1802     80.555     0.4286   2.768231    32.6967    26.2257 0.0000e+00
       1803     80.550     0.4292   2.768203    32.6957    26.2249 0.0000e+00
       1804     80.540     0.4293   2.768196    32.6955    26.2247 0.0000e+00
       1805     80.536     0.4288   2.768250    32.6967    26.2258 0.0000e+00
       1806     80.540     0.4281   2.768317    32.6984    26.2271 0.0000e+00
       1807     80.543     0.4277   2.768328    32.6989    26.2276 0.0000e+00
       1808     80.533     0.4279   2.768299    32.6983    26.2271 0.0000e+00
       1809     80.516     0.4280   2.768279    32.6980    26.2268 0.0000e+00
       1810     80.510     0.4277   2.768309    32.6987    26.2274 0.0000e+00
       1811     80.520     0.4273   2.768367    32.6999    26.2284 0.0000e+00
       1812     80.531     0.4272   2.768380    32.7001    26.2286 0.0000e+00
       1813     80.535     0.4272   2.768374    32.7001    26.2285 0.0000e+00
       1814     80.536     0.4271   2.768393    32.7004    26.2288 0.0000e+00
       1815     80.547     0.4273   2.768399    32.7003    26.2287 0.0000e+00
       1816     80.582     0.4275   2.768388    32.6999    26.2284 0.0000e+00
       1817     80.634     0.4276   2.768388    32.6998    26.2282 0.0000e+00
       1818     80.687     0.4276   2.768401    32.6999    26.2284 0.0000e+00
       1819     80.733     0.4275   2.768440    32.7005    26.2288 0.0000e+00
       1820     80.763     0.4275   2.768489    32.7011    26.2293 0.0000e+00
       1821     80.761     0.4275   2.768493    32.7012    26.2294 0.0000e+00
       1822     80.724     0.4274   2.768472    32.7010    26.2293 0.0000e+00
       1823     80.647     0.4271   2.768489    32.7016    26.2298 0.0000e+00
       1824     80.528     0.4270   2.768544    32.7025    26.2305 0.0000e+00
       1825     80.380     0.4272   2.768553    32.7025    26.2305 0.0000e+00
       1826     80.213     0.4272   2.768536    32.7023    26.2304 0.0000e+00
       1827     80.030     0.4270   2.768545    32.7028    26.2307 0.0000e+00
       1828     79.837     0.4271   2.768550    32.7029    26.2308 0.0000e+00
       1829     79.642     0.4273   2.768540    32.7026    26.2306 0.0000e+00
       1830     79.442     0.4274   2.768514    32.7023    26.2303 0.0000e+00
       1831     79.228     0.4280   2.768467    32.7012    26.2294 0.0000e+00
       1832     79.005     0.4292   2.768396    32.6991    26.2276 0.0000e+00
       1833     78.782     0.4310   2.768319    32.6963    26.2253 0.0000e+00
       1834     78.554     0.4334   2.768222    32.6926    26.2222 0.0000e+00
       1835     78.314     0.4368   2.768072    32.6872    26.2177 0.0000e+00
       1836     78.065     0.4416   2.767934    32.6805    26.2120 0.0000e+00
       1837     77.810     0.4466   2.767834    32.6740    26.2065 0.0000e+00
       1838     77.551     0.4506   2.767767    32.6691    26.2023 0.0000e+00
       1839     77.290     0.4535   2.767749    32.6659    26.1996 0.0000e+00
       1840     77.030     0.4565   2.767776    32.6632    26.1973 0.0000e+00
       1841     76.772     0.4604   2.767842    32.6601    26.1946 0.0000e+00
       1842     76.519     0.4647   2.767958    32.6572    26.1920 0.0000e+00
       1843     76.273     0.4686   2.768107    32.6551    26.1901 0.0000e+00
       1844     76.032     0.4715   2.768181    32.6532    26.1884 0.0000e+00
       1845     75.791     0.4733   2.768175    32.6513    26.1868 0.0000e+00
       1846     75.545     0.4744   2.768193    32.6505    26.1861 0.0000e+00
