Datasets/Test_Dataset_39219_tow/originals/tel219_2021_001.cnv
* Sea-Bird SBE19plus Data File:
* Filename = C:/AQUIRE/tel219_2021_001.hex
* Software Version AquireV2 AF V2.0
* Temperature SN =  4020
* Conductivity SN =  4020
* System UpLoad Time = May 06 2021 01:41:22
** VESSEL/TRIP/SEQ STN: tel219_2021_001
** LATITUDE: 46 04.17 N
** LONGITUDE: 55 15.62 W
** DATE/TIME: 2021-05-06 00:55
** SOUNDING DEPTH (M): 0135
** PROBE TYPE: S4020
** CTD NUMBER: 001
** FORMAT: T
** COMMENTS: 
# nquan = 7                                 
# nvalues = 2778                        
# units = specified
# name 0 = scan: Scan Count
# name 1 = prdM: Pressure, Strain Gauge [db]
# name 2 = tv290C: Temperature [ITS-90, deg C]
# name 3 = c0S/m: Conductivity [S/m]
# name 4 = sal00: Salinity, Practical [PSU]
# name 5 = sigma-t00: Density [sigma-t, kg/m^3 ]
# name 6 = flag: flag
# span 0 =          1,       2778       
# span 1 =     -0.158,    132.653       
# span 2 =     0.2218,     4.0961       
# span 3 =   0.000182,   2.966688       
# span 4 =     0.0020,    32.5315       
# span 5 =    -0.0235,    26.1031       
# span 6 = 0.0000e+00, 0.0000e+00       
# interval = seconds: 1
# start_time = May 06 2021 00:55:45 [Instrument's time stamp, header]
# bad_flag = -9.990e-29
*END*
[from data line 1642]
       1643    130.776     0.2434   2.741796    32.5192    26.0921 0.0000e+00
       1644    130.777     0.2435   2.741797    32.5191    26.0920 0.0000e+00
       1645    130.769     0.2433   2.741789    32.5192    26.0921 0.0000e+00
       1646    130.757     0.2430   2.741782    32.5194    26.0923 0.0000e+00
       1647    130.750     0.2428   2.741768    32.5195    26.0924 0.0000e+00
       1648    130.753     0.2424   2.741754    32.5197    26.0926 0.0000e+00
       1649    130.759     0.2420   2.741738    32.5199    26.0928 0.0000e+00
       1650    130.761     0.2419   2.741722    32.5198    26.0927 0.0000e+00
       1651    130.754     0.2420   2.741723    32.5197    26.0926 0.0000e+00
       1652    130.743     0.2423   2.741739    32.5196    26.0925 0.0000e+00
       1653    130.736     0.2424   2.741746    32.5196    26.0925 0.0000e+00
       1654    130.734     0.2423   2.741737    32.5196    26.0925 0.0000e+00
       1655    130.734     0.2422   2.741731    32.5196    26.0925 0.0000e+00
       1656    130.734     0.2425   2.741748    32.5195    26.0924 0.0000e+00
       1657    130.733     0.2429   2.741771    32.5194    26.0923 0.0000e+00
       1658    130.729     0.2430   2.741780    32.5194    26.0923 0.0000e+00
       1659    130.722     0.2429   2.741774    32.5195    26.0924 0.0000e+00
       1660    130.714     0.2427   2.741759    32.5195    26.0924 0.0000e+00
       1661    130.708     0.2427   2.741758    32.5195    26.0924 0.0000e+00
       1662    130.706     0.2427   2.741765    32.5196    26.0925 0.0000e+00
       1663    130.710     0.2429   2.741773    32.5194    26.0924 0.0000e+00
       1664    130.714     0.2435   2.741805    32.5192    26.0922 0.0000e+00
       1665    130.714     0.2440   2.741839    32.5191    26.0921 0.0000e+00
       1666    130.710     0.2441   2.741834    32.5190    26.0919 0.0000e+00
       1667    130.702     0.2441   2.741825    32.5189    26.0918 0.0000e+00
       1668    130.689     0.2445   2.741845    32.5187    26.0917 0.0000e+00
       1669    130.676     0.2449   2.741872    32.5186    26.0916 0.0000e+00
       1670    130.670     0.2451   2.741884    32.5186    26.0916 0.0000e+00
       1671    130.672     0.2450   2.741882    32.5187    26.0916 0.0000e+00
       1672    130.674     0.2450   2.741877    32.5186    26.0916 0.0000e+00
       1673    130.670     0.2449   2.741877    32.5187    26.0917 0.0000e+00
       1674    130.661     0.2451   2.741885    32.5186    26.0916 0.0000e+00
       1675    130.649     0.2456   2.741915    32.5185    26.0914 0.0000e+00
       1676    130.639     0.2463   2.741950    32.5182    26.0912 0.0000e+00
       1677    130.639     0.2465   2.741956    32.5181    26.0911 0.0000e+00
       1678    130.647     0.2468   2.741967    32.5179    26.0909 0.0000e+00
       1679    130.652     0.2474   2.742006    32.5178    26.0908 0.0000e+00
       1680    130.648     0.2480   2.742042    32.5176    26.0906 0.0000e+00
       1681    130.636     0.2484   2.742062    32.5174    26.0905 0.0000e+00
       1682    130.625     0.2488   2.742082    32.5173    26.0903 0.0000e+00
       1683    130.620     0.2493   2.742109    32.5171    26.0902 0.0000e+00
       1684    130.623     0.2499   2.742140    32.5169    26.0900 0.0000e+00
       1685    130.629     0.2509   2.742189    32.5165    26.0896 0.0000e+00
       1686    130.633     0.2520   2.742251    32.5161    26.0892 0.0000e+00
       1687    130.632     0.2525   2.742272    32.5159    26.0890 0.0000e+00
       1688    130.632     0.2528   2.742276    32.5156    26.0888 0.0000e+00
       1689    130.639     0.2538   2.742333    32.5153    26.0885 0.0000e+00
       1690    130.644     0.2548   2.742383    32.5149    26.0881 0.0000e+00
       1691    130.637     0.2551   2.742389    32.5146    26.0879 0.0000e+00
       1692    130.618     0.2547   2.742368    32.5148    26.0880 0.0000e+00
       1693    130.600     0.2541   2.742338    32.5150    26.0883 0.0000e+00
       1694    130.592     0.2536   2.742323    32.5154    26.0886 0.0000e+00
       1695    130.595     0.2530   2.742296    32.5157    26.0888 0.0000e+00
       1696    130.598     0.2519   2.742239    32.5161    26.0892 0.0000e+00
       1697    130.594     0.2505   2.742159    32.5165    26.0896 0.0000e+00
       1698    130.588     0.2500   2.742123    32.5166    26.0897 0.0000e+00
       1699    130.586     0.2513   2.742204    32.5163    26.0894 0.0000e+00
       1700    130.592     0.2535   2.742330    32.5156    26.0887 0.0000e+00
       1701    130.605     0.2546   2.742389    32.5152    26.0883 0.0000e+00
       1702    130.621     0.2547   2.742382    32.5150    26.0882 0.0000e+00
       1703    130.634     0.2547   2.742373    32.5148    26.0881 0.0000e+00
       1704    130.645     0.2549   2.742390    32.5149    26.0881 0.0000e+00
       1705    130.652     0.2550   2.742400    32.5149    26.0881 0.0000e+00
       1706    130.646     0.2547   2.742384    32.5150    26.0882 0.0000e+00
       1707    130.627     0.2540   2.742346    32.5152    26.0884 0.0000e+00
       1708    130.612     0.2533   2.742312    32.5155    26.0887 0.0000e+00
       1709    130.609     0.2535   2.742326    32.5155    26.0887 0.0000e+00
       1710    130.614     0.2539   2.742354    32.5155    26.0886 0.0000e+00
       1711    130.615     0.2539   2.742348    32.5154    26.0885 0.0000e+00
       1712    130.612     0.2540   2.742347    32.5153    26.0884 0.0000e+00
       1713    130.608     0.2541   2.742374    32.5155    26.0886 0.0000e+00
       1714    130.609     0.2537   2.742355    32.5157    26.0888 0.0000e+00
       1715    130.618     0.2526   2.742281    32.5159    26.0890 0.0000e+00
       1716    130.630     0.2518   2.742234    32.5161    26.0892 0.0000e+00
       1717    130.637     0.2518   2.742242    32.5162    26.0893 0.0000e+00
       1718    130.637     0.2525   2.742288    32.5161    26.0892 0.0000e+00
       1719    130.637     0.2534   2.742340    32.5158    26.0889 0.0000e+00
       1720    130.638     0.2539   2.742364    32.5156    26.0887 0.0000e+00
       1721    130.638     0.2537   2.742353    32.5156    26.0888 0.0000e+00
       1722    130.637     0.2530   2.742315    32.5159    26.0890 0.0000e+00
       1723    130.638     0.2523   2.742277    32.5161    26.0892 0.0000e+00
       1724    130.637     0.2518   2.742249    32.5163    26.0894 0.0000e+00
       1725    130.633     0.2514   2.742226    32.5164    26.0895 0.0000e+00
       1726    130.629     0.2509   2.742204    32.5167    26.0897 0.0000e+00
       1727    130.626     0.2501   2.742162    32.5170    26.0900 0.0000e+00
       1728    130.622     0.2496   2.742133    32.5171    26.0901 0.0000e+00
       1729    130.618     0.2498   2.742151    32.5171    26.0902 0.0000e+00
       1730    130.616     0.2502   2.742183    32.5171    26.0901 0.0000e+00
       1731    130.615     0.2505   2.742192    32.5169    26.0900 0.0000e+00
       1732    130.610     0.2505   2.742180    32.5168    26.0898 0.0000e+00
       1733    130.597     0.2505   2.742178    32.5168    26.0898 0.0000e+00
       1734    130.581     0.2505   2.742179    32.5168    26.0898 0.0000e+00
       1735    130.568     0.2505   2.742180    32.5168    26.0899 0.0000e+00
       1736    130.564     0.2504   2.742182    32.5169    26.0900 0.0000e+00
       1737    130.568     0.2502   2.742169    32.5170    26.0900 0.0000e+00
       1738    130.574     0.2501   2.742163    32.5170    26.0900 0.0000e+00
       1739    130.577     0.2503   2.742176    32.5170    26.0900 0.0000e+00
       1740    130.580     0.2505   2.742184    32.5169    26.0899 0.0000e+00
       1741    130.584     0.2505   2.742188    32.5169    26.0899 0.0000e+00
       1742    130.583     0.2505   2.742189    32.5169    26.0899 0.0000e+00
       1743    130.578     0.2502   2.742178    32.5171    26.0901 0.0000e+00
       1744    130.574     0.2498   2.742154    32.5172    26.0902 0.0000e+00
       1745    130.571     0.2493   2.742117    32.5173    26.0903 0.0000e+00
       1746    130.570     0.2498   2.742133    32.5169    26.0900 0.0000e+00
       1747    130.567     0.2518   2.742255    32.5164    26.0895 0.0000e+00
       1748    130.559     0.2535   2.742346    32.5158    26.0889 0.0000e+00
       1749    130.549     0.2538   2.742334    32.5153    26.0885 0.0000e+00
       1750    130.542     0.2535   2.742329    32.5156    26.0887 0.0000e+00
       1751    130.537     0.2527   2.742308    32.5162    26.0892 0.0000e+00
       1752    130.535     0.2512   2.742214    32.5165    26.0896 0.0000e+00
       1753    130.540     0.2498   2.742132    32.5169    26.0900 0.0000e+00
       1754    130.546     0.2490   2.742102    32.5174    26.0904 0.0000e+00
       1755    130.547     0.2484   2.742077    32.5177    26.0907 0.0000e+00
       1756    130.542     0.2476   2.742041    32.5181    26.0910 0.0000e+00
       1757    130.536     0.2471   2.742015    32.5183    26.0912 0.0000e+00
       1758    130.533     0.2470   2.742003    32.5182    26.0912 0.0000e+00
       1759    130.535     0.2470   2.742004    32.5182    26.0912 0.0000e+00
       1760    130.539     0.2472   2.742019    32.5182    26.0912 0.0000e+00
       1761    130.542     0.2472   2.742021    32.5182    26.0912 0.0000e+00
       1762    130.543     0.2470   2.742007    32.5183    26.0912 0.0000e+00
       1763    130.537     0.2470   2.742003    32.5182    26.0912 0.0000e+00
       1764    130.528     0.2471   2.742014    32.5183    26.0912 0.0000e+00
       1765    130.525     0.2471   2.742018    32.5183    26.0912 0.0000e+00
       1766    130.529     0.2469   2.742001    32.5183    26.0912 0.0000e+00
       1767    130.534     0.2465   2.741975    32.5184    26.0913 0.0000e+00
       1768    130.535     0.2460   2.741949    32.5186    26.0915 0.0000e+00
       1769    130.531     0.2458   2.741931    32.5185    26.0915 0.0000e+00
       1770    130.526     0.2456   2.741926    32.5187    26.0916 0.0000e+00
       1771    130.524     0.2453   2.741912    32.5188    26.0917 0.0000e+00
       1772    130.524     0.2450   2.741896    32.5189    26.0918 0.0000e+00
       1773    130.524     0.2450   2.741896    32.5189    26.0918 0.0000e+00
       1774    130.519     0.2450   2.741894    32.5189    26.0918 0.0000e+00
       1775    130.514     0.2448   2.741879    32.5189    26.0919 0.0000e+00
       1776    130.513     0.2446   2.741867    32.5190    26.0919 0.0000e+00
       1777    130.514     0.2444   2.741863    32.5191    26.0920 0.0000e+00
       1778    130.504     0.2440   2.741846    32.5194    26.0922 0.0000e+00
       1779    130.485     0.2435   2.741815    32.5195    26.0924 0.0000e+00
       1780    130.467     0.2431   2.741791    32.5196    26.0925 0.0000e+00
       1781    130.456     0.2434   2.741793    32.5193    26.0922 0.0000e+00
       1782    130.459     0.2442   2.741838    32.5191    26.0920 0.0000e+00
       1783    130.469     0.2447   2.741878    32.5191    26.0920 0.0000e+00
       1784    130.470     0.2448   2.741865    32.5188    26.0917 0.0000e+00
       1785    130.459     0.2452   2.741876    32.5185    26.0915 0.0000e+00
       1786    130.443     0.2465   2.741957    32.5182    26.0912 0.0000e+00
       1787    130.433     0.2474   2.742009    32.5179    26.0909 0.0000e+00
       1788    130.433     0.2473   2.741995    32.5179    26.0909 0.0000e+00
       1789    130.441     0.2469   2.741976    32.5180    26.0910 0.0000e+00
       1790    130.453     0.2466   2.741976    32.5183    26.0913 0.0000e+00
       1791    130.463     0.2463   2.741956    32.5184    26.0913 0.0000e+00
       1792    130.462     0.2462   2.741937    32.5182    26.0912 0.0000e+00
       1793    130.457     0.2465   2.741952    32.5181    26.0911 0.0000e+00
       1794    130.455     0.2473   2.741994    32.5178    26.0908 0.0000e+00
       1795    130.454     0.2484   2.742060    32.5175    26.0905 0.0000e+00
       1796    130.455     0.2492   2.742110    32.5173    26.0903 0.0000e+00
       1797    130.459     0.2495   2.742128    32.5172    26.0903 0.0000e+00
       1798    130.463     0.2500   2.742141    32.5169    26.0899 0.0000e+00
       1799    130.459     0.2505   2.742163    32.5166    26.0897 0.0000e+00
       1800    130.447     0.2511   2.742194    32.5164    26.0895 0.0000e+00
       1801    130.437     0.2517   2.742225    32.5162    26.0893 0.0000e+00
       1802    130.437     0.2520   2.742240    32.5161    26.0892 0.0000e+00
       1803    130.443     0.2516   2.742216    32.5162    26.0893 0.0000e+00
       1804    130.445     0.2505   2.742151    32.5165    26.0896 0.0000e+00
       1805    130.440     0.2490   2.742074    32.5171    26.0902 0.0000e+00
       1806    130.436     0.2479   2.742024    32.5176    26.0906 0.0000e+00
       1807    130.436     0.2475   2.742007    32.5178    26.0908 0.0000e+00
       1808    130.435     0.2474   2.741996    32.5178    26.0908 0.0000e+00
       1809    130.434     0.2470   2.741975    32.5179    26.0909 0.0000e+00
       1810    130.436     0.2464   2.741946    32.5182    26.0912 0.0000e+00
       1811    130.434     0.2459   2.741923    32.5184    26.0914 0.0000e+00
       1812    130.427     0.2457   2.741914    32.5185    26.0915 0.0000e+00
       1813    130.417     0.2461   2.741931    32.5183    26.0913 0.0000e+00
       1814    130.414     0.2471   2.741989    32.5180    26.0910 0.0000e+00
       1815    130.417     0.2483   2.742064    32.5177    26.0907 0.0000e+00
       1816    130.415     0.2492   2.742107    32.5173    26.0903 0.0000e+00
       1817    130.401     0.2495   2.742113    32.5171    26.0901 0.0000e+00
       1818    130.383     0.2495   2.742110    32.5171    26.0901 0.0000e+00
       1819    130.373     0.2495   2.742104    32.5170    26.0900 0.0000e+00
       1820    130.371     0.2492   2.742085    32.5171    26.0901 0.0000e+00
       1821    130.373     0.2489   2.742073    32.5172    26.0903 0.0000e+00
       1822    130.377     0.2486   2.742058    32.5173    26.0904 0.0000e+00
       1823    130.381     0.2486   2.742055    32.5173    26.0903 0.0000e+00
       1824    130.383     0.2490   2.742086    32.5173    26.0903 0.0000e+00
       1825    130.381     0.2495   2.742103    32.5170    26.0900 0.0000e+00
       1826    130.374     0.2495   2.742093    32.5168    26.0899 0.0000e+00
       1827    130.369     0.2490   2.742071    32.5171    26.0902 0.0000e+00
       1828    130.369     0.2484   2.742030    32.5172    26.0903 0.0000e+00
       1829    130.370     0.2475   2.741989    32.5176    26.0906 0.0000e+00
       1830    130.367     0.2466   2.741945    32.5180    26.0910 0.0000e+00
       1831    130.359     0.2461   2.741922    32.5182    26.0912 0.0000e+00
       1832    130.351     0.2465   2.741955    32.5182    26.0912 0.0000e+00
       1833    130.346     0.2473   2.741997    32.5179    26.0909 0.0000e+00
       1834    130.344     0.2477   2.742007    32.5176    26.0907 0.0000e+00
       1835    130.347     0.2479   2.742005    32.5174    26.0905 0.0000e+00
       1836    130.349     0.2480   2.742014    32.5174    26.0905 0.0000e+00
       1837    130.346     0.2481   2.742030    32.5175    26.0905 0.0000e+00
       1838    130.345     0.2480   2.742026    32.5176    26.0906 0.0000e+00
       1839    130.342     0.2477   2.742006    32.5176    26.0907 0.0000e+00
       1840    130.333     0.2472   2.741980    32.5178    26.0908 0.0000e+00
       1841    130.321     0.2467   2.741950    32.5180    26.0910 0.0000e+00
       1842    130.309     0.2462   2.741926    32.5182    26.0912 0.0000e+00
       1843    130.304     0.2456   2.741901    32.5185    26.0915 0.0000e+00
       1844    130.309     0.2447   2.741856    32.5189    26.0918 0.0000e+00
       1845    130.323     0.2439   2.741807    32.5191    26.0920 0.0000e+00
       1846    130.335     0.2434   2.741780    32.5192    26.0922 0.0000e+00
