Datasets/Test_Dataset_39219_tow/originals/tel219_2021_059.cnv
* Sea-Bird SBE19plus Data File:
* Filename = C:/AQUIRE/tel219_2021_059.hex
* Software Version AquireV2 AF V2.0
* Temperature SN =  4020
* Conductivity SN =  4020
* System UpLoad Time = May 14 2021 09:50:11
** VESSEL/TRIP/SEQ STN: tel219_2021_059
** LATITUDE: 45 02.26 N
** LONGITUDE: 54 49.06 W
** DATE/TIME: 2021-05-14 08:29
** SOUNDING DEPTH (M): 0707
** PROBE TYPE: S4020
** CTD NUMBER:  59
** FORMAT: T
** COMMENTS: 
# nquan = 7                                 
# nvalues = 4913                        
# units = specified
# name 0 = scan: Scan Count
# name 1 = prdM: Pressure, Strain Gauge [db]
# name 2 = tv290C: Temperature [ITS-90, deg C]
# name 3 = c0S/m: Conductivity [S/m]
# name 4 = sal00: Salinity, Practical [PSU]
# name 5 = sigma-t00: Density [sigma-t, kg/m^3 ]
# name 6 = flag: flag
# span 0 =          1,       4913       
# span 1 =     -0.441,    701.338       
# span 2 =     0.6143,    10.1102       
# span 3 =   0.009894,   3.833464       
# span 4 =     0.0753,    35.2148       
# span 5 =     0.0350,    27.6715       
# span 6 = 0.0000e+00, 0.0000e+00       
# interval = seconds: 1
# start_time = May 14 2021 08:29:25 [Instrument's time stamp, header]
# bad_flag = -9.990e-29
*END*
[from data line 4718]
       4719     -0.225     4.9752   0.025872     0.1995     0.1275 0.0000e+00
       4720     -0.223     4.9750   0.025664     0.1979     0.1262 0.0000e+00
       4721     -0.222     4.9749   0.025268     0.1947     0.1236 0.0000e+00
       4722     -0.222     4.9749   0.024929     0.1920     0.1215 0.0000e+00
       4723     -0.222     4.9749   0.024856     0.1914     0.1210 0.0000e+00
       4724     -0.221     4.9747   0.025048     0.1930     0.1222 0.0000e+00
       4725     -0.220     4.9743   0.025191     0.1941     0.1231 0.0000e+00
       4726     -0.217     4.9741   0.025041     0.1929     0.1222 0.0000e+00
       4727     -0.214     4.9741   0.024684     0.1901     0.1199 0.0000e+00
       4728     -0.212     4.9740   0.024325     0.1872     0.1176 0.0000e+00
       4729     -0.214     4.9740   0.024065     0.1851     0.1159 0.0000e+00
       4730     -0.216     4.9738   0.023880     0.1837     0.1148 0.0000e+00
       4731     -0.217     4.9735   0.023710     0.1823     0.1137 0.0000e+00
       4732     -0.218     4.9733   0.023532     0.1809     0.1126 0.0000e+00
       4733     -0.218     4.9732   0.023357     0.1795     0.1114 0.0000e+00
       4734     -0.216     4.9730   0.023191     0.1782     0.1104 0.0000e+00
       4735     -0.215     4.9728   0.023020     0.1768     0.1093 0.0000e+00
       4736     -0.212     4.9726   0.022827     0.1753     0.1081 0.0000e+00
       4737     -0.209     4.9726   0.022642     0.1738     0.1069 0.0000e+00
       4738     -0.209     4.9726   0.022529     0.1729     0.1062 0.0000e+00
       4739     -0.211     4.9724   0.022499     0.1727     0.1060 0.0000e+00
       4740     -0.211     4.9722   0.022457     0.1724     0.1057 0.0000e+00
       4741     -0.212     4.9719   0.022333     0.1714     0.1049 0.0000e+00
       4742     -0.214     4.9717   0.022175     0.1701     0.1039 0.0000e+00
       4743     -0.216     4.9715   0.022076     0.1693     0.1033 0.0000e+00
       4744     -0.215     4.9714   0.022057     0.1692     0.1032 0.0000e+00
       4745     -0.213     4.9712   0.022045     0.1691     0.1031 0.0000e+00
       4746     -0.211     4.9711   0.021954     0.1684     0.1025 0.0000e+00
       4747     -0.210     4.9711   0.021786     0.1670     0.1015 0.0000e+00
       4748     -0.213     4.9709   0.021611     0.1657     0.1004 0.0000e+00
       4749     -0.215     4.9707   0.021554     0.1652     0.1000 0.0000e+00
       4750     -0.213     4.9705   0.021709     0.1664     0.1010 0.0000e+00
       4751     -0.210     4.9703   0.021965     0.1685     0.1026 0.0000e+00
       4752     -0.208     4.9703   0.022069     0.1693     0.1033 0.0000e+00
       4753     -0.209     4.9703   0.021950     0.1684     0.1025 0.0000e+00
       4754     -0.211     4.9703   0.021751     0.1668     0.1013 0.0000e+00
       4755     -0.211     4.9702   0.021635     0.1659     0.1005 0.0000e+00
       4756     -0.211     4.9700   0.021701     0.1664     0.1010 0.0000e+00
       4757     -0.211     4.9699   0.021851     0.1676     0.1019 0.0000e+00
       4758     -0.210     4.9698   0.021872     0.1677     0.1021 0.0000e+00
       4759     -0.207     4.9697   0.021717     0.1665     0.1011 0.0000e+00
       4760     -0.205     4.9697   0.021523     0.1650     0.0998 0.0000e+00
       4761     -0.206     4.9696   0.021461     0.1645     0.0994 0.0000e+00
       4762     -0.209     4.9695   0.021606     0.1656     0.1004 0.0000e+00
       4763     -0.211     4.9695   0.021785     0.1670     0.1015 0.0000e+00
       4764     -0.210     4.9693   0.021757     0.1668     0.1013 0.0000e+00
       4765     -0.208     4.9692   0.021547     0.1652     0.1000 0.0000e+00
       4766     -0.208     4.9692   0.021345     0.1636     0.0987 0.0000e+00
       4767     -0.208     4.9690   0.021320     0.1634     0.0986 0.0000e+00
       4768     -0.205     4.9688   0.021515     0.1649     0.0998 0.0000e+00
       4769     -0.203     4.9687   0.021744     0.1667     0.1013 0.0000e+00
       4770     -0.204     4.9685   0.021760     0.1669     0.1014 0.0000e+00
       4771     -0.206     4.9683   0.021561     0.1653     0.1001 0.0000e+00
       4772     -0.208     4.9681   0.021298     0.1632     0.0984 0.0000e+00
       4773     -0.211     4.9680   0.021099     0.1616     0.0972 0.0000e+00
       4774     -0.212     4.9680   0.021035     0.1611     0.0968 0.0000e+00
       4775     -0.210     4.9680   0.021084     0.1615     0.0971 0.0000e+00
       4776     -0.207     4.9679   0.021131     0.1619     0.0974 0.0000e+00
       4777     -0.206     4.9678   0.021078     0.1615     0.0970 0.0000e+00
       4778     -0.207     4.9676   0.020924     0.1602     0.0961 0.0000e+00
       4779     -0.206     4.9676   0.020732     0.1587     0.0948 0.0000e+00
       4780     -0.206     4.9676   0.020561     0.1574     0.0938 0.0000e+00
       4781     -0.210     4.9674   0.020433     0.1564     0.0930 0.0000e+00
       4782     -0.213     4.9672   0.020336     0.1556     0.0923 0.0000e+00
       4783     -0.212     4.9672   0.020252     0.1549     0.0918 0.0000e+00
       4784     -0.211     4.9671   0.020168     0.1543     0.0913 0.0000e+00
       4785     -0.209     4.9669   0.020085     0.1536     0.0908 0.0000e+00
       4786     -0.207     4.9669   0.020005     0.1530     0.0902 0.0000e+00
       4787     -0.207     4.9669   0.019927     0.1524     0.0897 0.0000e+00
       4788     -0.207     4.9669   0.019852     0.1518     0.0893 0.0000e+00
       4789     -0.206     4.9667   0.019773     0.1511     0.0888 0.0000e+00
       4790     -0.204     4.9665   0.019684     0.1504     0.0882 0.0000e+00
       4791     -0.202     4.9665   0.019604     0.1498     0.0877 0.0000e+00
       4792     -0.201     4.9665   0.019578     0.1496     0.0875 0.0000e+00
       4793     -0.202     4.9665   0.019596     0.1497     0.0877 0.0000e+00
       4794     -0.204     4.9665   0.019581     0.1496     0.0876 0.0000e+00
       4795     -0.204     4.9663   0.019497     0.1490     0.0870 0.0000e+00
       4796     -0.206     4.9659   0.019403     0.1482     0.0864 0.0000e+00
       4797     -0.206     4.9657   0.019390     0.1481     0.0864 0.0000e+00
       4798     -0.203     4.9657   0.019462     0.1487     0.0868 0.0000e+00
       4799     -0.201     4.9657   0.019499     0.1490     0.0871 0.0000e+00
       4800     -0.202     4.9656   0.019430     0.1484     0.0866 0.0000e+00
       4801     -0.203     4.9654   0.019316     0.1475     0.0859 0.0000e+00
       4802     -0.204     4.9653   0.019253     0.1470     0.0855 0.0000e+00
       4803     -0.205     4.9653   0.019287     0.1473     0.0857 0.0000e+00
       4804     -0.204     4.9650   0.019345     0.1478     0.0861 0.0000e+00
       4805     -0.201     4.9647   0.019322     0.1476     0.0860 0.0000e+00
       4806     -0.199     4.9644   0.019209     0.1467     0.0852 0.0000e+00
       4807     -0.200     4.9644   0.019074     0.1456     0.0844 0.0000e+00
       4808     -0.202     4.9643   0.018971     0.1448     0.0837 0.0000e+00
       4809     -0.203     4.9642   0.018971     0.1448     0.0837 0.0000e+00
       4810     -0.204     4.9641   0.019121     0.1460     0.0847 0.0000e+00
       4811     -0.204     4.9641   0.019321     0.1476     0.0860 0.0000e+00
       4812     -0.205     4.9640   0.019390     0.1481     0.0864 0.0000e+00
       4813     -0.206     4.9638   0.019295     0.1474     0.0858 0.0000e+00
       4814     -0.203     4.9638   0.019147     0.1462     0.0849 0.0000e+00
       4815     -0.198     4.9638   0.019052     0.1455     0.0843 0.0000e+00
       4816     -0.196     4.9637   0.019078     0.1457     0.0844 0.0000e+00
       4817     -0.198     4.9635   0.019194     0.1466     0.0852 0.0000e+00
       4818     -0.203     4.9634   0.019268     0.1472     0.0856 0.0000e+00
       4819     -0.207     4.9632   0.019214     0.1467     0.0853 0.0000e+00
       4820     -0.207     4.9631   0.019083     0.1457     0.0845 0.0000e+00
       4821     -0.208     4.9631   0.018964     0.1448     0.0837 0.0000e+00
       4822     -0.211     4.9629   0.018930     0.1445     0.0835 0.0000e+00
       4823     -0.209     4.9627   0.019175     0.1464     0.0851 0.0000e+00
       4824     -0.206     4.9626   0.020347     0.1557     0.0925 0.0000e+00
       4825     -0.206     4.9626   0.022742     0.1747     0.1077 0.0000e+00
       4826     -0.205     4.9626   0.024969     0.1924     0.1220 0.0000e+00
       4827     -0.203     4.9626   0.025747     0.1986     0.1269 0.0000e+00
       4828     -0.201     4.9627   0.025619     0.1976     0.1261 0.0000e+00
       4829     -0.199     4.9628   0.025425     0.1960     0.1249 0.0000e+00
       4830     -0.197     4.9632   0.025320     0.1952     0.1242 0.0000e+00
       4831     -0.193     4.9634   0.025105     0.1935     0.1228 0.0000e+00
       4832     -0.191     4.9634   0.024717     0.1904     0.1203 0.0000e+00
       4833     -0.194     4.9634   0.024310     0.1871     0.1177 0.0000e+00
       4834     -0.198     4.9633   0.024025     0.1849     0.1159 0.0000e+00
       4835     -0.201     4.9631   0.024791     0.1910     0.1208 0.0000e+00
       4836     -0.201     4.9627   0.033615     0.2618     0.1777 0.0000e+00
       4837     -0.199     4.9623   0.048382     0.3821     0.2741 0.0000e+00
       4838     -0.197     4.9619   0.053701     0.4259     0.3093 0.0000e+00
       4839     -0.194     4.9619   0.050044     0.3958     0.2851 0.0000e+00
       4840     -0.193     4.9619   0.046000     0.3626     0.2585 0.0000e+00
       4841     -0.196     4.9618   0.042691     0.3355     0.2368 0.0000e+00
       4842     -0.197     4.9616   0.040303     0.3161     0.2212 0.0000e+00
       4843     -0.196     4.9615   0.038847     0.3042     0.2117 0.0000e+00
       4844     -0.197     4.9613   0.038160     0.2986     0.2072 0.0000e+00
       4845     -0.198     4.9611   0.037897     0.2965     0.2055 0.0000e+00
       4846     -0.198     4.9611   0.037536     0.2936     0.2032 0.0000e+00
       4847     -0.200     4.9610   0.036768     0.2873     0.1982 0.0000e+00
       4848     -0.204     4.9608   0.035736     0.2790     0.1915 0.0000e+00
       4849     -0.206     4.9608   0.034797     0.2714     0.1854 0.0000e+00
       4850     -0.207     4.9607   0.034311     0.2674     0.1822 0.0000e+00
       4851     -0.205     4.9605   0.034496     0.2689     0.1834 0.0000e+00
       4852     -0.202     4.9604   0.035038     0.2733     0.1869 0.0000e+00
       4853     -0.201     4.9604   0.035171     0.2744     0.1878 0.0000e+00
       4854     -0.202     4.9603   0.034532     0.2692     0.1837 0.0000e+00
       4855     -0.202     4.9600   0.033564     0.2614     0.1774 0.0000e+00
       4856     -0.204     4.9596   0.032956     0.2565     0.1735 0.0000e+00
       4857     -0.208     4.9594   0.033070     0.2574     0.1742 0.0000e+00
       4858     -0.206     4.9592   0.033599     0.2617     0.1776 0.0000e+00
       4859     -0.200     4.9590   0.033794     0.2633     0.1789 0.0000e+00
       4860     -0.196     4.9589   0.033359     0.2598     0.1761 0.0000e+00
       4861     -0.196     4.9589   0.032667     0.2542     0.1716 0.0000e+00
       4862     -0.197     4.9587   0.032235     0.2507     0.1688 0.0000e+00
       4863     -0.199     4.9585   0.032388     0.2519     0.1698 0.0000e+00
       4864     -0.201     4.9583   0.032962     0.2566     0.1735 0.0000e+00
       4865     -0.202     4.9581   0.033233     0.2587     0.1753 0.0000e+00
       4866     -0.202     4.9579   0.032797     0.2552     0.1725 0.0000e+00
       4867     -0.203     4.9576   0.032080     0.2494     0.1678 0.0000e+00
       4868     -0.202     4.9574   0.031678     0.2462     0.1652 0.0000e+00
       4869     -0.198     4.9573   0.031874     0.2478     0.1665 0.0000e+00
       4870     -0.194     4.9573   0.032519     0.2530     0.1707 0.0000e+00
       4871     -0.192     4.9572   0.033170     0.2582     0.1749 0.0000e+00
       4872     -0.190     4.9571   0.033412     0.2602     0.1765 0.0000e+00
       4873     -0.189     4.9568   0.033138     0.2580     0.1747 0.0000e+00
       4874     -0.190     4.9566   0.032572     0.2534     0.1710 0.0000e+00
       4875     -0.195     4.9565   0.031952     0.2484     0.1670 0.0000e+00
       4876     -0.199     4.9563   0.031568     0.2453     0.1645 0.0000e+00
       4877     -0.198     4.9560   0.031734     0.2467     0.1656 0.0000e+00
       4878     -0.194     4.9558   0.033194     0.2584     0.1751 0.0000e+00
       4879     -0.190     4.9557   0.041593     0.3266     0.2298 0.0000e+00
       4880     -0.185     4.9555   0.053369     0.4233     0.3072 0.0000e+00
       4881     -0.181     4.9556   0.052599     0.4169     0.3021 0.0000e+00
       4882     -0.180     4.9560   0.042532     0.3343     0.2359 0.0000e+00
       4883     -0.180     4.9563   0.036222     0.2829     0.1947 0.0000e+00
       4884     -0.179     4.9562   0.033878     0.2640     0.1795 0.0000e+00
       4885     -0.178     4.9562   0.033954     0.2646     0.1800 0.0000e+00
       4886     -0.179     4.9560   0.035513     0.2772     0.1901 0.0000e+00
       4887     -0.180     4.9556   0.035528     0.2773     0.1902 0.0000e+00
       4888     -0.181     4.9552   0.033543     0.2613     0.1774 0.0000e+00
       4889     -0.183     4.9551   0.031011     0.2409     0.1610 0.0000e+00
       4890     -0.183     4.9549   0.028719     0.2224     0.1462 0.0000e+00
       4891     -0.180     4.9544   0.026895     0.2078     0.1345 0.0000e+00
       4892     -0.181     4.9535   0.025425     0.1961     0.1251 0.0000e+00
       4893     -0.183     4.9524   0.024217     0.1865     0.1174 0.0000e+00
       4894     -0.180     4.9520   0.023232     0.1786     0.1111 0.0000e+00
       4895     -0.179     4.9520   0.022433     0.1723     0.1060 0.0000e+00
       4896     -0.182     4.9521   0.021777     0.1671     0.1018 0.0000e+00
       4897     -0.183     4.9524   0.021246     0.1629     0.0984 0.0000e+00
       4898     -0.180     4.9528   0.020832     0.1596     0.0958 0.0000e+00
       4899     -0.177     4.9534   0.020541     0.1573     0.0939 0.0000e+00
       4900     -0.177     4.9538   0.020588     0.1576     0.0942 0.0000e+00
       4901     -0.180     4.9539   0.020979     0.1607     0.0967 0.0000e+00
       4902     -0.185     4.9538   0.021115     0.1618     0.0975 0.0000e+00
       4903     -0.190     4.9538   0.020839     0.1596     0.0958 0.0000e+00
       4904     -0.193     4.9535   0.020540     0.1573     0.0939 0.0000e+00
       4905     -0.194     4.9531   0.020348     0.1557     0.0927 0.0000e+00
       4906     -0.196     4.9528   0.020210     0.1547     0.0918 0.0000e+00
       4907     -0.197     4.9523   0.020081     0.1536     0.0910 0.0000e+00
       4908     -0.196     4.9517   0.019928     0.1524     0.0901 0.0000e+00
       4909     -0.193     4.9513   0.019741     0.1510     0.0889 0.0000e+00
       4910     -0.194     4.9513   0.019571     0.1496     0.0878 0.0000e+00
       4911     -0.199     4.9513   0.019466     0.1488     0.0871 0.0000e+00
       4912     -0.203     4.9511   0.019396     0.1482     0.0867 0.0000e+00
       4913     -0.205 -9.990e-29   0.019367 -9.990e-29 -9.990e-29 0.0000e+00
