Datasets/Test_Dataset_39219_tow/originals/tel219_2021_071.cnv
* Sea-Bird SBE19plus Data File:
* Filename = C:/AQUIRE/tel219_2021_071.hex
* Software Version AquireV2 AF V2.0
* Temperature SN =  4020
* Conductivity SN =  4020
* System UpLoad Time = May 15 2021 13:17:02
** VESSEL/TRIP/SEQ STN: tel219_2021_071
** LATITUDE: 45 53.52 N
** LONGITUDE: 55 04.30 W
** DATE/TIME: 2021-05-15 12:33
** SOUNDING DEPTH (M): 0143
** PROBE TYPE: S4020
** CTD NUMBER:  71
** FORMAT: T
** COMMENTS: 
# nquan = 7                                 
# nvalues = 2698                        
# units = specified
# name 0 = scan: Scan Count
# name 1 = prdM: Pressure, Strain Gauge [db]
# name 2 = tv290C: Temperature [ITS-90, deg C]
# name 3 = c0S/m: Conductivity [S/m]
# name 4 = sal00: Salinity, Practical [PSU]
# name 5 = sigma-t00: Density [sigma-t, kg/m^3 ]
# name 6 = flag: flag
# span 0 =          1,       2698       
# span 1 =     -0.053,    139.076       
# span 2 =     0.3887,     4.5497       
# span 3 =   0.006758,   3.024307       
# span 4 =     0.0508,    32.7024       
# span 5 =     0.0138,    26.2289       
# span 6 = 0.0000e+00, 0.0000e+00       
# interval = seconds: 1
# start_time = May 15 2021 12:33:17 [Instrument's time stamp, header]
# bad_flag = -9.990e-29
*END*
[from data line 1847]
       1848    138.646     0.4940   2.775589    32.6897    26.2166 0.0000e+00
       1849    138.482     0.4940   2.775583    32.6897    26.2166 0.0000e+00
       1850    138.299     0.4943   2.775602    32.6897    26.2166 0.0000e+00
       1851    138.109     0.4948   2.775629    32.6897    26.2166 0.0000e+00
       1852    137.916     0.4950   2.775632    32.6896    26.2165 0.0000e+00
       1853    137.712     0.4950   2.775624    32.6896    26.2165 0.0000e+00
       1854    137.498     0.4950   2.775611    32.6896    26.2165 0.0000e+00
       1855    137.278     0.4952   2.775611    32.6895    26.2164 0.0000e+00
       1856    137.056     0.4957   2.775631    32.6893    26.2162 0.0000e+00
       1857    136.834     0.4960   2.775640    32.6893    26.2162 0.0000e+00
       1858    136.609     0.4962   2.775654    32.6894    26.2162 0.0000e+00
       1859    136.380     0.4967   2.775678    32.6893    26.2161 0.0000e+00
       1860    136.146     0.4973   2.775711    32.6892    26.2160 0.0000e+00
       1861    135.908     0.4980   2.775749    32.6891    26.2159 0.0000e+00
       1862    135.668     0.4986   2.775776    32.6889    26.2158 0.0000e+00
       1863    135.428     0.4990   2.775784    32.6888    26.2156 0.0000e+00
       1864    135.194     0.4989   2.775756    32.6886    26.2155 0.0000e+00
       1865    134.964     0.4986   2.775709    32.6885    26.2154 0.0000e+00
       1866    134.731     0.4981   2.775671    32.6886    26.2156 0.0000e+00
       1867    134.493     0.4979   2.775644    32.6886    26.2156 0.0000e+00
       1868    134.254     0.4976   2.775612    32.6887    26.2156 0.0000e+00
       1869    134.019     0.4973   2.775569    32.6886    26.2155 0.0000e+00
       1870    133.789     0.4974   2.775558    32.6884    26.2154 0.0000e+00
       1871    133.557     0.4978   2.775586    32.6885    26.2155 0.0000e+00
       1872    133.318     0.4981   2.775607    32.6886    26.2155 0.0000e+00
       1873    133.078     0.4987   2.775639    32.6885    26.2154 0.0000e+00
       1874    132.840     0.4995   2.775695    32.6885    26.2154 0.0000e+00
       1875    132.609     0.5000   2.775722    32.6885    26.2153 0.0000e+00
       1876    132.383     0.5004   2.775724    32.6882    26.2151 0.0000e+00
       1877    132.153     0.5009   2.775761    32.6883    26.2151 0.0000e+00
       1878    131.919     0.5015   2.775815    32.6885    26.2153 0.0000e+00
       1879    131.688     0.5022   2.775847    32.6883    26.2151 0.0000e+00
       1880    131.456     0.5029   2.775892    32.6883    26.2150 0.0000e+00
       1881    131.221     0.5036   2.775945    32.6884    26.2151 0.0000e+00
       1882    130.992     0.5044   2.775987    32.6882    26.2149 0.0000e+00
       1883    130.767     0.5049   2.776016    32.6882    26.2148 0.0000e+00
       1884    130.537     0.5053   2.776034    32.6881    26.2148 0.0000e+00
       1885    130.303     0.5057   2.776050    32.6880    26.2147 0.0000e+00
       1886    130.074     0.5061   2.776069    32.6880    26.2146 0.0000e+00
       1887    129.850     0.5062   2.776078    32.6881    26.2147 0.0000e+00
       1888    129.633     0.5063   2.776070    32.6881    26.2146 0.0000e+00
       1889    129.418     0.5063   2.776057    32.6880    26.2146 0.0000e+00
       1890    129.198     0.5062   2.776036    32.6880    26.2146 0.0000e+00
       1891    128.970     0.5059   2.775992    32.6878    26.2145 0.0000e+00
       1892    128.736     0.5054   2.775945    32.6879    26.2146 0.0000e+00
       1893    128.504     0.5051   2.775916    32.6880    26.2146 0.0000e+00
       1894    128.279     0.5049   2.775889    32.6880    26.2146 0.0000e+00
       1895    128.063     0.5048   2.775851    32.6877    26.2144 0.0000e+00
       1896    127.848     0.5047   2.775818    32.6875    26.2143 0.0000e+00
       1897    127.625     0.5046   2.775798    32.6875    26.2143 0.0000e+00
       1898    127.391     0.5042   2.775772    32.6877    26.2145 0.0000e+00
       1899    127.157     0.5041   2.775748    32.6876    26.2144 0.0000e+00
       1900    126.929     0.5043   2.775754    32.6876    26.2144 0.0000e+00
       1901    126.703     0.5047   2.775777    32.6876    26.2144 0.0000e+00
       1902    126.475     0.5051   2.775792    32.6875    26.2143 0.0000e+00
       1903    126.246     0.5060   2.775840    32.6873    26.2141 0.0000e+00
       1904    126.018     0.5078   2.775954    32.6870    26.2137 0.0000e+00
       1905    125.790     0.5110   2.776188    32.6868    26.2134 0.0000e+00
       1906    125.567     0.5153   2.776530    32.6868    26.2132 0.0000e+00
       1907    125.351     0.5200   2.776859    32.6862    26.2125 0.0000e+00
       1908    125.133     0.5251   2.777170    32.6850    26.2112 0.0000e+00
       1909    124.903     0.5313   2.777592    32.6841    26.2101 0.0000e+00
       1910    124.666     0.5392   2.778169    32.6833    26.2091 0.0000e+00
       1911    124.429     0.5476   2.778758    32.6822    26.2077 0.0000e+00
       1912    124.196     0.5550   2.779148    32.6796    26.2052 0.0000e+00
       1913    123.966     0.5599   2.779326    32.6768    26.2027 0.0000e+00
       1914    123.732     0.5627   2.779392    32.6749    26.2010 0.0000e+00
       1915    123.494     0.5642   2.779401    32.6735    26.1998 0.0000e+00
       1916    123.256     0.5658   2.779468    32.6728    26.1992 0.0000e+00
       1917    123.017     0.5689   2.779669    32.6723    26.1986 0.0000e+00
       1918    122.779     0.5741   2.779953    32.6706    26.1969 0.0000e+00
       1919    122.543     0.5794   2.780184    32.6681    26.1947 0.0000e+00
       1920    122.304     0.5813   2.780101    32.6652    26.1922 0.0000e+00
       1921    122.060     0.5792   2.779631    32.6615    26.1893 0.0000e+00
       1922    121.812     0.5757   2.779108    32.6585    26.1871 0.0000e+00
       1923    121.565     0.5734   2.778817    32.6573    26.1863 0.0000e+00
       1924    121.321     0.5733   2.778756    32.6568    26.1859 0.0000e+00
       1925    121.074     0.5749   2.778850    32.6565    26.1855 0.0000e+00
       1926    120.821     0.5767   2.778950    32.6560    26.1850 0.0000e+00
       1927    120.562     0.5777   2.778976    32.6554    26.1845 0.0000e+00
       1928    120.300     0.5781   2.778986    32.6553    26.1844 0.0000e+00
       1929    120.037     0.5788   2.779044    32.6554    26.1845 0.0000e+00
       1930    119.778     0.5799   2.779141    32.6557    26.1846 0.0000e+00
       1931    119.521     0.5811   2.779204    32.6554    26.1843 0.0000e+00
       1932    119.260     0.5820   2.779248    32.6551    26.1841 0.0000e+00
       1933    118.990     0.5831   2.779318    32.6550    26.1839 0.0000e+00
       1934    118.710     0.5842   2.779402    32.6551    26.1839 0.0000e+00
       1935    118.428     0.5852   2.779476    32.6552    26.1839 0.0000e+00
       1936    118.149     0.5857   2.779518    32.6554    26.1840 0.0000e+00
       1937    117.871     0.5861   2.779545    32.6555    26.1841 0.0000e+00
       1938    117.590     0.5867   2.779561    32.6552    26.1838 0.0000e+00
       1939    117.298     0.5872   2.779567    32.6549    26.1836 0.0000e+00
       1940    116.994     0.5877   2.779603    32.6550    26.1836 0.0000e+00
       1941    116.681     0.5882   2.779663    32.6554    26.1840 0.0000e+00
       1942    116.366     0.5889   2.779721    32.6556    26.1841 0.0000e+00
       1943    116.047     0.5897   2.779766    32.6556    26.1840 0.0000e+00
       1944    115.717     0.5910   2.779848    32.6554    26.1838 0.0000e+00
       1945    115.376     0.5934   2.780047    32.6557    26.1839 0.0000e+00
       1946    115.027     0.5965   2.780333    32.6563    26.1842 0.0000e+00
       1947    114.671     0.5991   2.780546    32.6565    26.1842 0.0000e+00
       1948    114.306     0.6009   2.780629    32.6559    26.1836 0.0000e+00
       1949    113.930     0.6034   2.780807    32.6558    26.1834 0.0000e+00
       1950    113.541     0.6079   2.781236    32.6568    26.1840 0.0000e+00
       1951    113.140     0.6134   2.781723    32.6575    26.1843 0.0000e+00
       1952    112.733     0.6187   2.782154    32.6577    26.1841 0.0000e+00
       1953    112.321     0.6242   2.782598    32.6579    26.1840 0.0000e+00
       1954    111.900     0.6307   2.783049    32.6571    26.1830 0.0000e+00
       1955    111.460     0.6387   2.783635    32.6565    26.1820 0.0000e+00
       1956    110.995     0.6466   2.784265    32.6566    26.1817 0.0000e+00
       1957    110.513     0.6516   2.784636    32.6564    26.1812 0.0000e+00
       1958    110.027     0.6538   2.784807    32.6566    26.1812 0.0000e+00
       1959    109.539     0.6538   2.784760    32.6562    26.1810 0.0000e+00
       1960    109.043     0.6530   2.784590    32.6552    26.1802 0.0000e+00
       1961    108.528     0.6536   2.784599    32.6549    26.1799 0.0000e+00
       1962    107.994     0.6545   2.784660    32.6551    26.1800 0.0000e+00
       1963    107.454     0.6535   2.784497    32.6543    26.1795 0.0000e+00
       1964    106.913     0.6502   2.784115    32.6532    26.1787 0.0000e+00
       1965    106.360     0.6472   2.783776    32.6523    26.1782 0.0000e+00
       1966    105.781     0.6466   2.783662    32.6518    26.1778 0.0000e+00
       1967    105.175     0.6481   2.783657    32.6505    26.1767 0.0000e+00
       1968    104.558     0.6507   2.783756    32.6494    26.1756 0.0000e+00
       1969    103.941     0.6571   2.784236    32.6492    26.1751 0.0000e+00
       1970    103.322     0.6701   2.785302    32.6496    26.1747 0.0000e+00
       1971    102.690     0.6872   2.786601    32.6487    26.1731 0.0000e+00
       1972    102.029     0.7051   2.787864    32.6465    26.1703 0.0000e+00
       1973    101.347     0.7234   2.789307    32.6462    26.1690 0.0000e+00
       1974    100.667     0.7400   2.790665    32.6467    26.1684 0.0000e+00
       1975     99.996     0.7511   2.791533    32.6465    26.1677 0.0000e+00
       1976     99.322     0.7576   2.791944    32.6454    26.1664 0.0000e+00
       1977     98.633     0.7622   2.792098    32.6429    26.1642 0.0000e+00
       1978     97.920     0.7677   2.792288    32.6400    26.1615 0.0000e+00
       1979     97.185     0.7753   2.792808    32.6391    26.1604 0.0000e+00
       1980     96.443     0.7843   2.793588    32.6401    26.1606 0.0000e+00
       1981     95.706     0.7930   2.794284    32.6403    26.1603 0.0000e+00
       1982     94.973     0.7993   2.794677    32.6392    26.1590 0.0000e+00
       1983     94.229     0.8019   2.794587    32.6357    26.1561 0.0000e+00
       1984     93.457     0.8012   2.794098    32.6306    26.1520 0.0000e+00
       1985     92.664     0.8010   2.793664    32.6257    26.1481 0.0000e+00
       1986     91.869     0.8054   2.793926    32.6249    26.1472 0.0000e+00
       1987     91.082     0.8130   2.794806    32.6286    26.1498 0.0000e+00
       1988     90.303     0.8184   2.795313    32.6299    26.1505 0.0000e+00
       1989     89.521     0.8199   2.795197    32.6273    26.1483 0.0000e+00
       1990     88.722     0.8194   2.794925    32.6248    26.1463 0.0000e+00
       1991     87.905     0.8173   2.794591    32.6232    26.1451 0.0000e+00
       1992     87.078     0.8136   2.794176    32.6222    26.1445 0.0000e+00
       1993     86.243     0.8102   2.793889    32.6225    26.1450 0.0000e+00
       1994     85.401     0.8066   2.793668    32.6239    26.1464 0.0000e+00
       1995     84.551     0.7979   2.792799    32.6224    26.1456 0.0000e+00
       1996     83.686     0.7828   2.791200    32.6182    26.1431 0.0000e+00
       1997     82.804     0.7676   2.789878    32.6176    26.1435 0.0000e+00
       1998     81.920     0.7561   2.789110    32.6203    26.1463 0.0000e+00
       1999     81.046     0.7436   2.787905    32.6184    26.1455 0.0000e+00
       2000     80.174     0.7287   2.786197    32.6126    26.1417 0.0000e+00
       2001     79.288     0.7167   2.785160    32.6123    26.1421 0.0000e+00
       2002     78.387     0.7100   2.784956    32.6173    26.1465 0.0000e+00
       2003     77.483     0.6996   2.784255    32.6197    26.1490 0.0000e+00
       2004     76.585     0.6654   2.780905    32.6130    26.1455 0.0000e+00
       2005     75.688     0.5954   2.773670    32.5937    26.1338 0.0000e+00
       2006     74.773     0.5072   2.765220    32.5777    26.1257 0.0000e+00
       2007     73.826     0.4363   2.760178    32.5876    26.1374 0.0000e+00
       2008     72.861     0.3989   2.759801    32.6228    26.1678 0.0000e+00
       2009     71.908     0.3887   2.760766    32.6468    26.1876 0.0000e+00
       2010     70.979     0.4068   2.760822    32.6288    26.1722 0.0000e+00
       2011     70.057     0.4637   2.763454    32.6034    26.1487 0.0000e+00
       2012     69.117     0.5479   2.769712    32.5962    26.1385 0.0000e+00
       2013     68.151     0.6156   2.773807    32.5784    26.1205 0.0000e+00
       2014     67.174     0.6462   2.774537    32.5562    26.1009 0.0000e+00
       2015     66.207     0.6889   2.778581    32.5641    26.1049 0.0000e+00
       2016     65.246     0.7805   2.787724    32.5863    26.1176 0.0000e+00
       2017     64.274     0.8875   2.796578    32.5884    26.1131 0.0000e+00
       2018     63.275     0.9751   2.802291    32.5704    26.0935 0.0000e+00
       2019     62.250     1.0248   2.803530    32.5349    26.0619 0.0000e+00
       2020     61.222     1.0297   2.802452    32.5166    26.0469 0.0000e+00
       2021     60.214     1.0488   2.804839    32.5277    26.0547 0.0000e+00
       2022     59.221     1.1578   2.813952    32.5309    26.0506 0.0000e+00
       2023     58.221     1.3421   2.829947    32.5429    26.0487 0.0000e+00
       2024     57.203     1.5168   2.844336    32.5442    26.0382 0.0000e+00
       2025     56.198     1.6107   2.848453    32.4995    25.9960 0.0000e+00
       2026     55.272     1.6273   2.847852    32.4753    25.9755 0.0000e+00
       2027     54.459     1.6285   2.849232    32.4918    25.9887 0.0000e+00
       2028     53.729     1.6757   2.850004    32.4532    25.9545 0.0000e+00
       2029     53.054     1.8428   2.861115    32.4209    25.9170 0.0000e+00
       2030     52.424     2.1392   2.889600    32.4722    25.9365 0.0000e+00
       2031     51.838     2.4319   2.914508    32.4814    25.9215 0.0000e+00
       2032     51.288     2.6158   2.926003    32.4359    25.8705 0.0000e+00
       2033     50.770     2.7142   2.931783    32.4072    25.8396 0.0000e+00
       2034     50.275     2.7770   2.936294    32.3990    25.8279 0.0000e+00
       2035     49.793     2.8280   2.940964    32.4047    25.8282 0.0000e+00
       2036     49.314     2.8731   2.944907    32.4074    25.8266 0.0000e+00
       2037     48.822     2.8958   2.946759    32.4072    25.8246 0.0000e+00
       2038     48.299     2.8750   2.945060    32.4079    25.8268 0.0000e+00
       2039     47.754     2.8283   2.940457    32.3993    25.8239 0.0000e+00
       2040     47.222     2.8132   2.938463    32.3905    25.8181 0.0000e+00
       2041     46.713     2.8628   2.943663    32.4040    25.8248 0.0000e+00
       2042     46.215     2.9462   2.952677    32.4297    25.8382 0.0000e+00
       2043     45.711     3.0126   2.958703    32.4361    25.8377 0.0000e+00
       2044     45.192     3.0477   2.960918    32.4278    25.8281 0.0000e+00
       2045     44.647     3.0665   2.962230    32.4251    25.8243 0.0000e+00
       2046     44.065     3.0792   2.963649    32.4298    25.8269 0.0000e+00
       2047     43.451     3.0837   2.963624    32.4253    25.8229 0.0000e+00
       2048     42.848     3.0791   2.961613    32.4059    25.8079 0.0000e+00
       2049     42.299     3.0747   2.960460    32.3967    25.8009 0.0000e+00
       2050     41.776     3.0854   2.962333    32.4088    25.8097 0.0000e+00
       2051     41.235     3.1145   2.966151    32.4260    25.8209 0.0000e+00
