Datasets/Test_Dataset_39219_tow/originals/tel219_2021_024.cnv
* Sea-Bird SBE19plus Data File:
* Filename = C:/AQUIRE/tel219_2021_024.hex
* Software Version AquireV2 AF V2.0
* Temperature SN =  4020
* Conductivity SN =  4020
* System UpLoad Time = May 08 2021 09:52:55
** VESSEL/TRIP/SEQ STN: tel219_2021_024
** LATITUDE: 46 25.86 N
** LONGITUDE: 57 23.39 W
** DATE/TIME: 2021-05-08 09:03
** SOUNDING DEPTH (M): 0202
** PROBE TYPE: S4020
** CTD NUMBER:  24
** FORMAT: T
** COMMENTS: 
# nquan = 7                                 
# nvalues = 3057                        
# units = specified
# name 0 = scan: Scan Count
# name 1 = prdM: Pressure, Strain Gauge [db]
# name 2 = tv290C: Temperature [ITS-90, deg C]
# name 3 = c0S/m: Conductivity [S/m]
# name 4 = sal00: Salinity, Practical [PSU]
# name 5 = sigma-t00: Density [sigma-t, kg/m^3 ]
# name 6 = flag: flag
# span 0 =          1,       3057       
# span 1 =     -0.677,    201.577       
# span 2 =     1.8163,     9.0239       
# span 3 =   0.006005,   3.729878       
# span 4 =     0.0450,    35.0481       
# span 5 =     0.0098,    27.1543       
# span 6 = 0.0000e+00, 0.0000e+00       
# interval = seconds: 1
# start_time = May 08 2021 09:03:01 [Instrument's time stamp, header]
# bad_flag = -9.990e-29
*END*
[from data line 1231]
       1232    193.161     8.9712   3.715030    34.9403    27.0761 0.0000e+00
       1233    193.515     8.9796   3.715786    34.9398    27.0744 0.0000e+00
       1234    193.846     8.9849   3.716156    34.9384    27.0723 0.0000e+00
       1235    194.153     8.9868   3.716340    34.9383    27.0720 0.0000e+00
       1236    194.452     8.9882   3.716849    34.9421    27.0747 0.0000e+00
       1237    194.756     8.9932   3.717982    34.9489    27.0793 0.0000e+00
       1238    195.067     9.0015   3.719369    34.9551    27.0828 0.0000e+00
       1239    195.380     9.0091   3.720367    34.9580    27.0838 0.0000e+00
       1240    195.680     9.0137   3.720830    34.9582    27.0832 0.0000e+00
       1241    195.957     9.0158   3.721012    34.9579    27.0827 0.0000e+00
       1242    196.214     9.0166   3.721210    34.9590    27.0834 0.0000e+00
       1243    196.467     9.0176   3.721790    34.9640    27.0872 0.0000e+00
       1244    196.723     9.0196   3.722851    34.9730    27.0939 0.0000e+00
       1245    196.984     9.0221   3.724037    34.9829    27.1012 0.0000e+00
       1246    197.245     9.0238   3.724867    34.9898    27.1064 0.0000e+00
       1247    197.490     9.0239   3.725194    34.9930    27.1088 0.0000e+00
       1248    197.713     9.0225   3.725230    34.9946    27.1104 0.0000e+00
       1249    197.921     9.0206   3.725270    34.9968    27.1124 0.0000e+00
       1250    198.120     9.0198   3.725391    34.9988    27.1141 0.0000e+00
       1251    198.313     9.0203   3.725529    34.9996    27.1146 0.0000e+00
       1252    198.499     9.0206   3.725723    35.0013    27.1159 0.0000e+00
       1253    198.678     9.0206   3.725886    35.0029    27.1172 0.0000e+00
       1254    198.853     9.0213   3.725931    35.0026    27.1168 0.0000e+00
       1255    199.022     9.0220   3.725925    35.0018    27.1160 0.0000e+00
       1256    199.180     9.0221   3.725892    35.0013    27.1156 0.0000e+00
       1257    199.320     9.0217   3.725853    35.0012    27.1156 0.0000e+00
       1258    199.444     9.0207   3.725891    35.0025    27.1168 0.0000e+00
       1259    199.559     9.0198   3.726036    35.0049    27.1188 0.0000e+00
       1260    199.675     9.0193   3.726231    35.0073    27.1208 0.0000e+00
       1261    199.795     9.0194   3.726414    35.0091    27.1222 0.0000e+00
       1262    199.911     9.0201   3.726542    35.0097    27.1225 0.0000e+00
       1263    200.007     9.0206   3.726550    35.0092    27.1221 0.0000e+00
       1264    200.083     9.0207   3.726465    35.0082    27.1213 0.0000e+00
       1265    200.147     9.0203   3.726456    35.0085    27.1216 0.0000e+00
       1266    200.212     9.0191   3.726691    35.0121    27.1246 0.0000e+00
       1267    200.289     9.0183   3.727147    35.0176    27.1290 0.0000e+00
       1268    200.373     9.0185   3.727568    35.0218    27.1323 0.0000e+00
       1269    200.447     9.0191   3.727750    35.0231    27.1332 0.0000e+00
       1270    200.501     9.0193   3.727798    35.0234    27.1334 0.0000e+00
       1271    200.542     9.0188   3.727928    35.0252    27.1349 0.0000e+00
       1272    200.588     9.0180   3.728206    35.0289    27.1379 0.0000e+00
       1273    200.647     9.0181   3.728510    35.0319    27.1403 0.0000e+00
       1274    200.716     9.0191   3.728683    35.0327    27.1407 0.0000e+00
       1275    200.782     9.0198   3.728724    35.0324    27.1404 0.0000e+00
       1276    200.835     9.0200   3.728726    35.0322    27.1402 0.0000e+00
       1277    200.878     9.0198   3.728795    35.0331    27.1410 0.0000e+00
       1278    200.922     9.0194   3.729000    35.0356    27.1430 0.0000e+00
       1279    200.973     9.0196   3.729260    35.0381    27.1449 0.0000e+00
       1280    201.025     9.0204   3.729414    35.0389    27.1454 0.0000e+00
       1281    201.069     9.0209   3.729426    35.0386    27.1450 0.0000e+00
       1282    201.098     9.0208   3.729392    35.0383    27.1448 0.0000e+00
       1283    201.120     9.0201   3.729421    35.0393    27.1457 0.0000e+00
       1284    201.146     9.0190   3.729560    35.0418    27.1479 0.0000e+00
       1285    201.182     9.0177   3.729687    35.0444    27.1501 0.0000e+00
       1286    201.223     9.0168   3.729685    35.0452    27.1509 0.0000e+00
       1287    201.260     9.0160   3.729598    35.0451    27.1509 0.0000e+00
       1288    201.287     9.0150   3.729502    35.0451    27.1511 0.0000e+00
       1289    201.309     9.0139   3.729458    35.0457    27.1517 0.0000e+00
       1290    201.338     9.0136   3.729484    35.0462    27.1522 0.0000e+00
       1291    201.378     9.0143   3.729548    35.0462    27.1521 0.0000e+00
       1292    201.421     9.0153   3.729598    35.0457    27.1515 0.0000e+00
       1293    201.456     9.0156   3.729582    35.0452    27.1511 0.0000e+00
       1294    201.476     9.0153   3.729535    35.0450    27.1510 0.0000e+00
       1295    201.489     9.0155   3.729555    35.0450    27.1510 0.0000e+00
       1296    201.507     9.0166   3.729658    35.0450    27.1508 0.0000e+00
       1297    201.527     9.0179   3.729749    35.0447    27.1503 0.0000e+00
       1298    201.542     9.0183   3.729743    35.0442    27.1499 0.0000e+00
       1299    201.554     9.0177   3.729660    35.0439    27.1498 0.0000e+00
       1300    201.563     9.0165   3.729570    35.0442    27.1501 0.0000e+00
       1301    201.569     9.0147   3.729473    35.0449    27.1510 0.0000e+00
       1302    201.574     9.0132   3.729380    35.0454    27.1516 0.0000e+00
       1303    201.577     9.0127   3.729309    35.0452    27.1515 0.0000e+00
       1304    201.574     9.0127   3.729274    35.0448    27.1512 0.0000e+00
       1305    201.565     9.0125   3.729293    35.0452    27.1516 0.0000e+00
       1306    201.556     9.0121   3.729312    35.0458    27.1521 0.0000e+00
       1307    201.551     9.0116   3.729319    35.0464    27.1526 0.0000e+00
       1308    201.550     9.0109   3.729329    35.0472    27.1534 0.0000e+00
       1309    201.550     9.0101   3.729329    35.0479    27.1541 0.0000e+00
       1310    201.549     9.0100   3.729331    35.0481    27.1542 0.0000e+00
       1311    201.545     9.0103   3.729322    35.0477    27.1539 0.0000e+00
       1312    201.536     9.0105   3.729301    35.0473    27.1535 0.0000e+00
       1313    201.528     9.0101   3.729284    35.0475    27.1538 0.0000e+00
       1314    201.527     9.0096   3.729286    35.0480    27.1542 0.0000e+00
       1315    201.536     9.0097   3.729302    35.0481    27.1543 0.0000e+00
       1316    201.548     9.0107   3.729318    35.0472    27.1535 0.0000e+00
       1317    201.556     9.0120   3.729327    35.0461    27.1523 0.0000e+00
       1318    201.552     9.0122   3.729321    35.0458    27.1521 0.0000e+00
       1319    201.540     9.0114   3.729313    35.0465    27.1528 0.0000e+00
       1320    201.534     9.0104   3.729330    35.0477    27.1539 0.0000e+00
       1321    201.537     9.0103   3.729358    35.0481    27.1542 0.0000e+00
       1322    201.538     9.0107   3.729362    35.0477    27.1538 0.0000e+00
       1323    201.523     9.0110   3.729339    35.0472    27.1534 0.0000e+00
       1324    201.496     9.0112   3.729321    35.0468    27.1531 0.0000e+00
       1325    201.470     9.0115   3.729333    35.0466    27.1529 0.0000e+00
       1326    201.452     9.0120   3.729360    35.0464    27.1526 0.0000e+00
       1327    201.439     9.0126   3.729382    35.0461    27.1523 0.0000e+00
       1328    201.421     9.0129   3.729392    35.0459    27.1521 0.0000e+00
       1329    201.394     9.0130   3.729384    35.0457    27.1519 0.0000e+00
       1330    201.366     9.0129   3.729374    35.0457    27.1520 0.0000e+00
       1331    201.348     9.0129   3.729391    35.0459    27.1521 0.0000e+00
       1332    201.347     9.0132   3.729422    35.0460    27.1521 0.0000e+00
       1333    201.357     9.0137   3.729445    35.0457    27.1518 0.0000e+00
       1334    201.360     9.0141   3.729455    35.0454    27.1515 0.0000e+00
       1335    201.350     9.0144   3.729452    35.0451    27.1512 0.0000e+00
       1336    201.329     9.0146   3.729457    35.0450    27.1511 0.0000e+00
       1337    201.306     9.0148   3.729490    35.0451    27.1512 0.0000e+00
       1338    201.294     9.0152   3.729553    35.0454    27.1513 0.0000e+00
       1339    201.299     9.0159   3.729630    35.0455    27.1513 0.0000e+00
       1340    201.310     9.0168   3.729716    35.0455    27.1511 0.0000e+00
       1341    201.317     9.0175   3.729805    35.0458    27.1512 0.0000e+00
       1342    201.314     9.0178   3.729861    35.0461    27.1514 0.0000e+00
       1343    201.305     9.0180   3.729874    35.0460    27.1513 0.0000e+00
       1344    201.295     9.0182   3.729874    35.0458    27.1511 0.0000e+00
       1345    201.292     9.0183   3.729877    35.0457    27.1511 0.0000e+00
       1346    201.300     9.0182   3.729878    35.0458    27.1512 0.0000e+00
       1347    201.314     9.0177   3.729856    35.0461    27.1515 0.0000e+00
       1348    201.329     9.0169   3.729816    35.0465    27.1519 0.0000e+00
       1349    201.338     9.0161   3.729784    35.0469    27.1523 0.0000e+00
       1350    201.335     9.0159   3.729762    35.0469    27.1524 0.0000e+00
       1351    201.322     9.0159   3.729750    35.0468    27.1523 0.0000e+00
       1352    201.307     9.0160   3.729759    35.0468    27.1522 0.0000e+00
       1353    201.300     9.0161   3.729781    35.0469    27.1523 0.0000e+00
       1354    201.305     9.0166   3.729801    35.0466    27.1520 0.0000e+00
       1355    201.316     9.0171   3.729797    35.0461    27.1515 0.0000e+00
       1356    201.318     9.0172   3.729773    35.0457    27.1512 0.0000e+00
       1357    201.304     9.0173   3.729750    35.0454    27.1510 0.0000e+00
       1358    201.282     9.0175   3.729741    35.0451    27.1507 0.0000e+00
       1359    201.263     9.0180   3.729755    35.0448    27.1504 0.0000e+00
       1360    201.262     9.0191   3.729762    35.0438    27.1494 0.0000e+00
       1361    201.279     9.0204   3.729749    35.0423    27.1481 0.0000e+00
       1362    201.295     9.0210   3.729738    35.0416    27.1474 0.0000e+00
       1363    201.290     9.0209   3.729728    35.0416    27.1474 0.0000e+00
       1364    201.262     9.0205   3.729708    35.0418    27.1476 0.0000e+00
       1365    201.231     9.0196   3.729691    35.0425    27.1484 0.0000e+00
       1366    201.217     9.0184   3.729690    35.0437    27.1495 0.0000e+00
       1367    201.225     9.0175   3.729701    35.0447    27.1504 0.0000e+00
       1368    201.241     9.0168   3.729707    35.0455    27.1511 0.0000e+00
       1369    201.249     9.0164   3.729705    35.0458    27.1514 0.0000e+00
       1370    201.246     9.0162   3.729702    35.0460    27.1516 0.0000e+00
       1371    201.244     9.0163   3.729717    35.0461    27.1516 0.0000e+00
       1372    201.255     9.0166   3.729751    35.0461    27.1516 0.0000e+00
       1373    201.274     9.0169   3.729782    35.0461    27.1516 0.0000e+00
       1374    201.290     9.0174   3.729796    35.0458    27.1512 0.0000e+00
       1375    201.297     9.0178   3.729802    35.0454    27.1509 0.0000e+00
       1376    201.295     9.0184   3.729815    35.0450    27.1505 0.0000e+00
       1377    201.289     9.0189   3.729828    35.0446    27.1501 0.0000e+00
       1378    201.285     9.0192   3.729819    35.0442    27.1498 0.0000e+00
       1379    201.284     9.0194   3.729787    35.0437    27.1493 0.0000e+00
       1380    201.283     9.0197   3.729749    35.0430    27.1487 0.0000e+00
       1381    201.281     9.0198   3.729724    35.0427    27.1484 0.0000e+00
       1382    201.287     9.0195   3.729700    35.0427    27.1485 0.0000e+00
       1383    201.296     9.0192   3.729668    35.0427    27.1485 0.0000e+00
       1384    201.296     9.0192   3.729644    35.0424    27.1483 0.0000e+00
       1385    201.279     9.0194   3.729629    35.0421    27.1480 0.0000e+00
       1386    201.254     9.0197   3.729617    35.0417    27.1476 0.0000e+00
       1387    201.236     9.0201   3.729607    35.0412    27.1472 0.0000e+00
       1388    201.230     9.0204   3.729606    35.0409    27.1469 0.0000e+00
       1389    201.238     9.0202   3.729610    35.0411    27.1471 0.0000e+00
       1390    201.247     9.0197   3.729608    35.0416    27.1476 0.0000e+00
       1391    201.242     9.0191   3.729591    35.0420    27.1480 0.0000e+00
       1392    201.221     9.0185   3.729553    35.0422    27.1483 0.0000e+00
       1393    201.197     9.0178   3.729513    35.0425    27.1486 0.0000e+00
       1394    201.184     9.0175   3.729493    35.0426    27.1487 0.0000e+00
       1395    201.186     9.0171   3.729469    35.0427    27.1489 0.0000e+00
       1396    201.192     9.0164   3.729423    35.0429    27.1492 0.0000e+00
       1397    201.191     9.0157   3.729371    35.0430    27.1494 0.0000e+00
       1398    201.183     9.0153   3.729320    35.0429    27.1493 0.0000e+00
       1399    201.172     9.0149   3.729283    35.0429    27.1494 0.0000e+00
       1400    201.163     9.0148   3.729268    35.0429    27.1494 0.0000e+00
       1401    201.159     9.0149   3.729257    35.0427    27.1492 0.0000e+00
       1402    201.159     9.0147   3.729244    35.0427    27.1493 0.0000e+00
       1403    201.159     9.0145   3.729229    35.0428    27.1493 0.0000e+00
       1404    201.152     9.0145   3.729213    35.0426    27.1492 0.0000e+00
       1405    201.142     9.0145   3.729202    35.0425    27.1491 0.0000e+00
       1406    201.132     9.0143   3.729195    35.0426    27.1493 0.0000e+00
       1407    201.123     9.0141   3.729200    35.0429    27.1495 0.0000e+00
       1408    201.115     9.0139   3.729213    35.0432    27.1498 0.0000e+00
       1409    201.111     9.0141   3.729238    35.0433    27.1498 0.0000e+00
       1410    201.113     9.0144   3.729268    35.0433    27.1498 0.0000e+00
       1411    201.119     9.0148   3.729289    35.0431    27.1496 0.0000e+00
       1412    201.120     9.0152   3.729302    35.0428    27.1493 0.0000e+00
       1413    201.109     9.0154   3.729301    35.0426    27.1491 0.0000e+00
       1414    201.087     9.0157   3.729295    35.0423    27.1488 0.0000e+00
       1415    201.070     9.0160   3.729311    35.0422    27.1487 0.0000e+00
       1416    201.070     9.0165   3.729345    35.0420    27.1485 0.0000e+00
       1417    201.079     9.0169   3.729362    35.0418    27.1482 0.0000e+00
       1418    201.084     9.0170   3.729348    35.0416    27.1480 0.0000e+00
       1419    201.084     9.0171   3.729332    35.0413    27.1478 0.0000e+00
       1420    201.079     9.0174   3.729323    35.0409    27.1474 0.0000e+00
       1421    201.067     9.0178   3.729309    35.0404    27.1470 0.0000e+00
       1422    201.049     9.0181   3.729285    35.0398    27.1465 0.0000e+00
       1423    201.030     9.0179   3.729261    35.0398    27.1465 0.0000e+00
       1424    201.016     9.0175   3.729269    35.0403    27.1469 0.0000e+00
       1425    201.012     9.0172   3.729305    35.0410    27.1475 0.0000e+00
       1426    201.016     9.0170   3.729330    35.0414    27.1479 0.0000e+00
       1427    201.017     9.0170   3.729329    35.0414    27.1479 0.0000e+00
       1428    201.005     9.0169   3.729311    35.0413    27.1478 0.0000e+00
       1429    200.981     9.0172   3.729302    35.0409    27.1475 0.0000e+00
       1430    200.958     9.0176   3.729314    35.0407    27.1472 0.0000e+00
       1431    200.948     9.0178   3.729337    35.0407    27.1472 0.0000e+00
       1432    200.954     9.0178   3.729363    35.0410    27.1474 0.0000e+00
       1433    200.966     9.0176   3.729378    35.0414    27.1478 0.0000e+00
       1434    200.968     9.0177   3.729376    35.0412    27.1476 0.0000e+00
       1435    200.949     9.0178   3.729364    35.0410    27.1475 0.0000e+00
