Datasets/Test_Dataset_39219_tow/originals/tel219_2021_017.cnv
* Sea-Bird SBE19plus Data File:
* Filename = C:/AQUIRE/tel219_2021_017.hex
* Software Version AquireV2 AF V2.0
* Temperature SN =  4020
* Conductivity SN =  4020
* System UpLoad Time = May 07 2021 16:33:57
** VESSEL/TRIP/SEQ STN: tel219_2021_017
** LATITUDE: 46 38.82 N
** LONGITUDE: 56 44.55 W
** DATE/TIME: 2021-05-07 15:55
** SOUNDING DEPTH (M): 0050
** PROBE TYPE: S4020
** CTD NUMBER:  17
** FORMAT: t
** COMMENTS: 
# nquan = 7                                 
# nvalues = 2370                        
# units = specified
# name 0 = scan: Scan Count
# name 1 = prdM: Pressure, Strain Gauge [db]
# name 2 = tv290C: Temperature [ITS-90, deg C]
# name 3 = c0S/m: Conductivity [S/m]
# name 4 = sal00: Salinity, Practical [PSU]
# name 5 = sigma-t00: Density [sigma-t, kg/m^3 ]
# name 6 = flag: flag
# span 0 =          1,       2370       
# span 1 =     -0.346,     47.619       
# span 2 =     3.3029,     7.1377       
# span 3 =   0.004876,   3.046552       
# span 4 =     0.0349,    32.3302       
# span 5 =    -0.0740,    25.6945       
# span 6 = 0.0000e+00, 0.0000e+00       
# interval = seconds: 1
# start_time = May 07 2021 15:55:33 [Instrument's time stamp, header]
# bad_flag = -9.990e-29
*END*
[from data line 411]
        412     -0.236     3.4972   2.956478    31.9509    25.4083 0.0000e+00
        413     -0.247     3.4968   2.956502    31.9516    25.4089 0.0000e+00
        414     -0.266     3.4973   2.956568    31.9519    25.4091 0.0000e+00
        415     -0.294     3.4987   2.956677    31.9518    25.4089 0.0000e+00
        416     -0.323     3.5003   2.956826    31.9521    25.4090 0.0000e+00
        417     -0.345     3.5012   2.956931    31.9524    25.4092 0.0000e+00
        418     -0.346     3.5017   2.956979    31.9525    25.4092 0.0000e+00
        419     -0.321     3.5023   2.957005    31.9522    25.4089 0.0000e+00
        420     -0.285     3.5032   2.957015    31.9514    25.4082 0.0000e+00
        421     -0.239     3.5040   2.957040    31.9509    25.4077 0.0000e+00
        422     -0.185     3.5048   2.957090    31.9507    25.4075 0.0000e+00
        423     -0.133     3.5056   2.957176    31.9509    25.4076 0.0000e+00
        424     -0.075     3.5064   2.957271    31.9512    25.4078 0.0000e+00
        425     -0.013     3.5063   2.957279    31.9514    25.4079 0.0000e+00
        426      0.036     3.5048   2.957126    31.9510    25.4077 0.0000e+00
        427      0.085     3.5027   2.956914    31.9505    25.4075 0.0000e+00
        428      0.157     3.5019   2.956861    31.9507    25.4077 0.0000e+00
        429      0.266     3.5028   2.956967    31.9510    25.4079 0.0000e+00
        430      0.434     3.5047   2.957122    31.9509    25.4076 0.0000e+00
        431      0.668     3.5069   2.957289    31.9506    25.4072 0.0000e+00
        432      0.973     3.5088   2.957432    31.9503    25.4068 0.0000e+00
        433      1.345     3.5100   2.957544    31.9502    25.4066 0.0000e+00
        434      1.686     3.5110   2.957666    31.9505    25.4068 0.0000e+00
        435      1.815     3.5105   2.957643    31.9507    25.4069 0.0000e+00
        436      1.680     3.5069   2.957286    31.9500    25.4068 0.0000e+00
        437      1.468     3.5020   2.956796    31.9491    25.4065 0.0000e+00
        438      1.385     3.4981   2.956422    31.9485    25.4064 0.0000e+00
        439      1.475     3.4959   2.956253    31.9486    25.4066 0.0000e+00
        440      1.661     3.4951   2.956268    31.9495    25.4074 0.0000e+00
        441      1.841     3.4943   2.956151    31.9488    25.4069 0.0000e+00
        442      1.960     3.4927   2.955877    31.9470    25.4057 0.0000e+00
        443      2.017     3.4899   2.955730    31.9480    25.4067 0.0000e+00
        444      2.042     3.4855   2.955519    31.9498    25.4085 0.0000e+00
        445      2.084     3.4811   2.955241    31.9508    25.4097 0.0000e+00
        446      2.160     3.4790   2.955219    31.9526    25.4113 0.0000e+00
        447      2.291     3.4770   2.954986    31.9517    25.4108 0.0000e+00
        448      2.474     3.4744   2.954578    31.9493    25.4091 0.0000e+00
        449      2.602     3.4728   2.954497    31.9498    25.4097 0.0000e+00
        450      2.637     3.4704   2.954183    31.9484    25.4088 0.0000e+00
        451      2.677     3.4714   2.954216    31.9478    25.4082 0.0000e+00
        452      2.738     3.4789   2.955107    31.9510    25.4101 0.0000e+00
        453      2.738     3.4842   2.955503    31.9505    25.4092 0.0000e+00
        454      2.681     3.4838   2.955324    31.9488    25.4079 0.0000e+00
        455      2.663     3.4800   2.955124    31.9502    25.4093 0.0000e+00
        456      2.726     3.4695   2.954325    31.9509    25.4109 0.0000e+00
        457      2.841     3.4541   2.952979    31.9500    25.4115 0.0000e+00
        458      2.994     3.4432   2.952140    31.9506    25.4130 0.0000e+00
        459      3.176     3.4432   2.952201    31.9512    25.4135 0.0000e+00
        460      3.383     3.4541   2.953105    31.9512    25.4125 0.0000e+00
        461      3.617     3.4691   2.954429    31.9521    25.4118 0.0000e+00
        462      3.852     3.4787   2.955163    31.9513    25.4103 0.0000e+00
        463      4.063     3.4810   2.955220    31.9496    25.4088 0.0000e+00
        464      4.245     3.4813   2.955217    31.9492    25.4084 0.0000e+00
        465      4.415     3.4830   2.955380    31.9494    25.4084 0.0000e+00
        466      4.612     3.4857   2.955663    31.9500    25.4086 0.0000e+00
        467      4.808     3.4874   2.955831    31.9502    25.4087 0.0000e+00
        468      4.951     3.4876   2.955769    31.9492    25.4079 0.0000e+00
        469      5.082     3.4859   2.955678    31.9497    25.4084 0.0000e+00
        470      5.273     3.4777   2.955167    31.9516    25.4107 0.0000e+00
        471      5.543     3.4630   2.953815    31.9498    25.4105 0.0000e+00
        472      5.876     3.4563   2.953168    31.9485    25.4101 0.0000e+00
        473      6.229     3.4673   2.954391    31.9521    25.4120 0.0000e+00
        474      6.561     3.4828   2.955806    31.9535    25.4117 0.0000e+00
        475      6.848     3.4878   2.956017    31.9510    25.4093 0.0000e+00
        476      7.095     3.4839   2.955535    31.9490    25.4080 0.0000e+00
        477      7.341     3.4772   2.954968    31.9487    25.4083 0.0000e+00
        478      7.605     3.4724   2.954564    31.9484    25.4086 0.0000e+00
        479      7.886     3.4745   2.954832    31.9494    25.4092 0.0000e+00
        480      8.180     3.4829   2.955705    31.9514    25.4100 0.0000e+00
        481      8.467     3.4899   2.956301    31.9515    25.4094 0.0000e+00
        482      8.733     3.4912   2.956342    31.9506    25.4086 0.0000e+00
        483      9.001     3.4850   2.955908    31.9513    25.4098 0.0000e+00
        484      9.301     3.4695   2.954638    31.9513    25.4111 0.0000e+00
        485      9.631     3.4497   2.952875    31.9495    25.4115 0.0000e+00
        486      9.965     3.4359   2.951673    31.9486    25.4120 0.0000e+00
        487     10.292     3.4362   2.951811    31.9498    25.4129 0.0000e+00
        488     10.614     3.4488   2.953137    31.9531    25.4144 0.0000e+00
        489     10.928     3.4593   2.954016    31.9530    25.4135 0.0000e+00
        490     11.248     3.4581   2.953743    31.9508    25.4118 0.0000e+00
        491     11.602     3.4520   2.953168    31.9498    25.4115 0.0000e+00
        492     12.008     3.4524   2.953178    31.9493    25.4111 0.0000e+00
        493     12.437     3.4597   2.953982    31.9515    25.4122 0.0000e+00
        494     12.822     3.4620   2.954274    31.9525    25.4128 0.0000e+00
        495     13.146     3.4535   2.953398    31.9502    25.4117 0.0000e+00
        496     13.450     3.4434   2.952480    31.9490    25.4117 0.0000e+00
        497     13.757     3.4401   2.952318    31.9502    25.4129 0.0000e+00
        498     14.066     3.4386   2.952324    31.9516    25.4142 0.0000e+00
        499     14.383     3.4326   2.951774    31.9508    25.4140 0.0000e+00
        500     14.719     3.4227   2.950872    31.9496    25.4140 0.0000e+00
        501     15.077     3.4134   2.950147    31.9499    25.4150 0.0000e+00
        502     15.451     3.4078   2.949775    31.9507    25.4162 0.0000e+00
        503     15.835     3.4062   2.949719    31.9515    25.4169 0.0000e+00
        504     16.226     3.4070   2.949841    31.9519    25.4172 0.0000e+00
        505     16.616     3.4076   2.949907    31.9519    25.4172 0.0000e+00
        506     16.998     3.4064   2.949807    31.9517    25.4171 0.0000e+00
        507     17.373     3.4040   2.949605    31.9515    25.4171 0.0000e+00
        508     17.745     3.4009   2.949393    31.9518    25.4177 0.0000e+00
        509     18.114     3.3970   2.949127    31.9523    25.4184 0.0000e+00
        510     18.485     3.3925   2.948781    31.9524    25.4189 0.0000e+00
        511     18.865     3.3883   2.948463    31.9525    25.4194 0.0000e+00
        512     19.247     3.3849   2.948241    31.9530    25.4201 0.0000e+00
        513     19.622     3.3826   2.948096    31.9533    25.4205 0.0000e+00
        514     19.995     3.3808   2.947988    31.9536    25.4209 0.0000e+00
        515     20.373     3.3797   2.947914    31.9536    25.4210 0.0000e+00
        516     20.758     3.3785   2.947848    31.9538    25.4213 0.0000e+00
        517     21.148     3.3762   2.947720    31.9543    25.4219 0.0000e+00
        518     21.539     3.3725   2.947422    31.9542    25.4221 0.0000e+00
        519     21.935     3.3695   2.947162    31.9539    25.4221 0.0000e+00
        520     22.334     3.3694   2.947224    31.9545    25.4226 0.0000e+00
        521     22.723     3.3704   2.947354    31.9549    25.4228 0.0000e+00
        522     23.095     3.3701   2.947317    31.9545    25.4226 0.0000e+00
        523     23.457     3.3669   2.947085    31.9547    25.4230 0.0000e+00
        524     23.821     3.3588   2.946444    31.9548    25.4239 0.0000e+00
        525     24.193     3.3472   2.945489    31.9547    25.4247 0.0000e+00
        526     24.576     3.3379   2.944831    31.9557    25.4264 0.0000e+00
        527     24.967     3.3362   2.944831    31.9572    25.4278 0.0000e+00
        528     25.352     3.3412   2.945332    31.9581    25.4280 0.0000e+00
        529     25.719     3.3467   2.945866    31.9589    25.4281 0.0000e+00
        530     26.060     3.3478   2.945961    31.9587    25.4279 0.0000e+00
        531     26.378     3.3461   2.945748    31.9577    25.4273 0.0000e+00
        532     26.693     3.3458   2.945752    31.9579    25.4274 0.0000e+00
        533     27.019     3.3472   2.945987    31.9591    25.4283 0.0000e+00
        534     27.351     3.3489   2.946186    31.9597    25.4286 0.0000e+00
        535     27.677     3.3488   2.946247    31.9603    25.4291 0.0000e+00
        536     27.986     3.3446   2.945902    31.9602    25.4294 0.0000e+00
        537     28.275     3.3383   2.945315    31.9592    25.4292 0.0000e+00
        538     28.549     3.3348   2.945118    31.9602    25.4302 0.0000e+00
        539     28.812     3.3353   2.945298    31.9617    25.4314 0.0000e+00
        540     29.065     3.3375   2.945434    31.9610    25.4307 0.0000e+00
        541     29.307     3.3386   2.945329    31.9586    25.4286 0.0000e+00
        542     29.536     3.3373   2.945064    31.9566    25.4271 0.0000e+00
        543     29.751     3.3345   2.944786    31.9559    25.4268 0.0000e+00
        544     29.959     3.3316   2.944570    31.9560    25.4272 0.0000e+00
        545     30.160     3.3291   2.944424    31.9566    25.4279 0.0000e+00
        546     30.345     3.3269   2.944298    31.9572    25.4286 0.0000e+00
        547     30.513     3.3251   2.944227    31.9581    25.4294 0.0000e+00
        548     30.668     3.3247   2.944263    31.9588    25.4300 0.0000e+00
        549     30.817     3.3254   2.944371    31.9593    25.4304 0.0000e+00
        550     30.967     3.3266   2.944513    31.9598    25.4306 0.0000e+00
        551     31.123     3.3278   2.944602    31.9596    25.4304 0.0000e+00
        552     31.288     3.3286   2.944597    31.9586    25.4295 0.0000e+00
        553     31.458     3.3290   2.944588    31.9580    25.4290 0.0000e+00
        554     31.623     3.3286   2.944643    31.9590    25.4298 0.0000e+00
        555     31.774     3.3267   2.944644    31.9608    25.4315 0.0000e+00
        556     31.920     3.3235   2.944407    31.9611    25.4319 0.0000e+00
        557     32.076     3.3202   2.944063    31.9601    25.4315 0.0000e+00
        558     32.240     3.3178   2.943829    31.9596    25.4313 0.0000e+00
        559     32.405     3.3161   2.943712    31.9598    25.4316 0.0000e+00
        560     32.568     3.3150   2.943652    31.9601    25.4319 0.0000e+00
        561     32.726     3.3141   2.943603    31.9603    25.4321 0.0000e+00
        562     32.883     3.3132   2.943519    31.9601    25.4321 0.0000e+00
        563     33.046     3.3121   2.943401    31.9597    25.4318 0.0000e+00
        564     33.215     3.3110   2.943310    31.9596    25.4318 0.0000e+00
        565     33.387     3.3108   2.943303    31.9596    25.4319 0.0000e+00
        566     33.558     3.3111   2.943353    31.9598    25.4320 0.0000e+00
        567     33.723     3.3117   2.943396    31.9596    25.4318 0.0000e+00
        568     33.883     3.3133   2.943513    31.9594    25.4315 0.0000e+00
        569     34.044     3.3156   2.943729    31.9596    25.4315 0.0000e+00
        570     34.213     3.3163   2.943772    31.9594    25.4312 0.0000e+00
        571     34.394     3.3160   2.943690    31.9586    25.4306 0.0000e+00
        572     34.585     3.3165   2.943770    31.9589    25.4309 0.0000e+00
        573     34.778     3.3169   2.943822    31.9591    25.4309 0.0000e+00
        574     34.964     3.3167   2.943775    31.9586    25.4306 0.0000e+00
        575     35.149     3.3171   2.943837    31.9589    25.4307 0.0000e+00
        576     35.343     3.3171   2.943850    31.9589    25.4308 0.0000e+00
        577     35.552     3.3160   2.943739    31.9586    25.4306 0.0000e+00
        578     35.772     3.3150   2.943669    31.9586    25.4307 0.0000e+00
        579     35.993     3.3144   2.943645    31.9588    25.4309 0.0000e+00
        580     36.215     3.3140   2.943617    31.9587    25.4309 0.0000e+00
        581     36.433     3.3133   2.943570    31.9587    25.4310 0.0000e+00
        582     36.638     3.3125   2.943523    31.9589    25.4312 0.0000e+00
        583     36.827     3.3121   2.943513    31.9590    25.4313 0.0000e+00
        584     37.008     3.3121   2.943526    31.9591    25.4314 0.0000e+00
        585     37.204     3.3119   2.943515    31.9591    25.4314 0.0000e+00
        586     37.430     3.3116   2.943482    31.9588    25.4312 0.0000e+00
        587     37.682     3.3114   2.943481    31.9589    25.4313 0.0000e+00
        588     37.948     3.3118   2.943545    31.9591    25.4314 0.0000e+00
        589     38.210     3.3121   2.943597    31.9593    25.4316 0.0000e+00
        590     38.452     3.3116   2.943548    31.9591    25.4314 0.0000e+00
        591     38.672     3.3103   2.943442    31.9590    25.4315 0.0000e+00
        592     38.877     3.3093   2.943362    31.9589    25.4315 0.0000e+00
        593     39.084     3.3089   2.943326    31.9588    25.4314 0.0000e+00
        594     39.308     3.3093   2.943355    31.9586    25.4312 0.0000e+00
        595     39.553     3.3100   2.943444    31.9589    25.4314 0.0000e+00
        596     39.811     3.3106   2.943515    31.9590    25.4314 0.0000e+00
        597     40.071     3.3110   2.943548    31.9589    25.4313 0.0000e+00
        598     40.325     3.3108   2.943552    31.9590    25.4314 0.0000e+00
        599     40.570     3.3101   2.943503    31.9589    25.4314 0.0000e+00
        600     40.814     3.3093   2.943443    31.9589    25.4315 0.0000e+00
        601     41.062     3.3089   2.943426    31.9590    25.4315 0.0000e+00
        602     41.316     3.3083   2.943409    31.9592    25.4318 0.0000e+00
        603     41.574     3.3078   2.943363    31.9590    25.4317 0.0000e+00
        604     41.830     3.3072   2.943330    31.9591    25.4318 0.0000e+00
        605     42.081     3.3069   2.943319    31.9591    25.4318 0.0000e+00
        606     42.325     3.3068   2.943316    31.9591    25.4318 0.0000e+00
        607     42.561     3.3066   2.943314    31.9591    25.4319 0.0000e+00
        608     42.792     3.3061   2.943296    31.9593    25.4320 0.0000e+00
        609     43.030     3.3056   2.943264    31.9592    25.4321 0.0000e+00
        610     43.280     3.3052   2.943243    31.9593    25.4321 0.0000e+00
        611     43.534     3.3049   2.943238    31.9594    25.4322 0.0000e+00
        612     43.782     3.3049   2.943245    31.9593    25.4322 0.0000e+00
        613     44.012     3.3048   2.943256    31.9594    25.4323 0.0000e+00
        614     44.229     3.3049   2.943263    31.9593    25.4322 0.0000e+00
        615     44.443     3.3049   2.943272    31.9593    25.4322 0.0000e+00
