Datasets/Test_Dataset_39219_tow/originals/tel219_2021_043.cnv
* Sea-Bird SBE19plus Data File:
* Filename = C:/AQUIRE/tel219_2021_043.hex
* Software Version AquireV2 AF V2.0
* Temperature SN =  4020
* Conductivity SN =  4020
* System UpLoad Time = May 12 2021 12:44:25
** VESSEL/TRIP/SEQ STN: tel219_2021_043
** LATITUDE: 45 14.15 N
** LONGITUDE: 56 10.92 W
** DATE/TIME: 2021-05-12 11:56
** SOUNDING DEPTH (M): 0089
** PROBE TYPE: S4020
** CTD NUMBER:  43
** FORMAT: T
** COMMENTS: 
# nquan = 7                                 
# nvalues = 2950                        
# units = specified
# name 0 = scan: Scan Count
# name 1 = prdM: Pressure, Strain Gauge [db]
# name 2 = tv290C: Temperature [ITS-90, deg C]
# name 3 = c0S/m: Conductivity [S/m]
# name 4 = sal00: Salinity, Practical [PSU]
# name 5 = sigma-t00: Density [sigma-t, kg/m^3 ]
# name 6 = flag: flag
# span 0 =          1,       2950       
# span 1 =     -0.161,     85.051       
# span 2 =     1.2716,     3.9680       
# span 3 =   0.004382,   2.981512       
# span 4 =     0.0329,    32.3716       
# span 5 =     0.0015,    25.9014       
# span 6 = 0.0000e+00, 0.0000e+00       
# interval = seconds: 1
# start_time = May 12 2021 11:56:30 [Instrument's time stamp, header]
# bad_flag = -9.990e-29
*END*
          1     -0.113     3.9047   0.004382     0.0329     0.0015 0.0000e+00
          2     -0.113     3.9048   0.004382     0.0329     0.0015 0.0000e+00
          3     -0.118     3.9051   0.004383     0.0329     0.0015 0.0000e+00
          4     -0.127     3.9052   0.004387     0.0329     0.0015 0.0000e+00
          5     -0.132     3.9054   0.004391     0.0330     0.0016 0.0000e+00
          6     -0.131     3.9054   0.004393     0.0330     0.0016 0.0000e+00
          7     -0.128     3.9055   0.004392     0.0330     0.0016 0.0000e+00
          8     -0.128     3.9058   0.004387     0.0329     0.0015 0.0000e+00
          9     -0.128     3.9062   0.004383     0.0329     0.0015 0.0000e+00
         10     -0.127     3.9065   0.004383     0.0329     0.0015 0.0000e+00
         11     -0.126     3.9067   0.004382     0.0329     0.0015 0.0000e+00
         12     -0.124     3.9069   0.004383     0.0329     0.0015 0.0000e+00
         13     -0.125     3.9071   0.004386     0.0329     0.0015 0.0000e+00
         14     -0.129     3.9073   0.004391     0.0330     0.0016 0.0000e+00
         15     -0.130     3.9074   0.004395     0.0330     0.0016 0.0000e+00
         16     -0.132     3.9074   0.004392     0.0330     0.0016 0.0000e+00
         17     -0.136     3.9076   0.004386     0.0329     0.0015 0.0000e+00
         18     -0.135     3.9079   0.004383     0.0329     0.0015 0.0000e+00
         19     -0.130     3.9082   0.004382     0.0329     0.0015 0.0000e+00
         20     -0.126     3.9085   0.004382     0.0329     0.0015 0.0000e+00
         21     -0.125     3.9087   0.004385     0.0329     0.0015 0.0000e+00
         22     -0.126     3.9089   0.004390     0.0330     0.0016 0.0000e+00
         23     -0.129     3.9093   0.004390     0.0330     0.0016 0.0000e+00
         24     -0.132     3.9096   0.004390     0.0330     0.0016 0.0000e+00
         25     -0.132     3.9098   0.004389     0.0329     0.0016 0.0000e+00
         26     -0.130     3.9101   0.004390     0.0330     0.0016 0.0000e+00
         27     -0.125     3.9104   0.004391     0.0330     0.0016 0.0000e+00
         28     -0.122     3.9106   0.004390     0.0330     0.0016 0.0000e+00
         29     -0.121     3.9108   0.004389     0.0329     0.0016 0.0000e+00
         30     -0.122     3.9112   0.004387     0.0329     0.0016 0.0000e+00
         31     -0.123     3.9114   0.004386     0.0329     0.0015 0.0000e+00
         32     -0.125     3.9116   0.004389     0.0329     0.0016 0.0000e+00
         33     -0.126     3.9117   0.004390     0.0330     0.0016 0.0000e+00
         34     -0.127     3.9120   0.004389     0.0329     0.0016 0.0000e+00
         35     -0.129     3.9126   0.004385     0.0329     0.0015 0.0000e+00
         36     -0.132     3.9130   0.004385     0.0329     0.0015 0.0000e+00
         37     -0.133     3.9133   0.004390     0.0330     0.0016 0.0000e+00
         38     -0.131     3.9135   0.004394     0.0330     0.0016 0.0000e+00
         39     -0.130     3.9137   0.004395     0.0330     0.0016 0.0000e+00
         40     -0.130     3.9139   0.004391     0.0330     0.0016 0.0000e+00
         41     -0.128     3.9141   0.004385     0.0329     0.0015 0.0000e+00
         42     -0.127     3.9143   0.004384     0.0329     0.0015 0.0000e+00
         43     -0.127     3.9147   0.004388     0.0329     0.0016 0.0000e+00
         44     -0.125     3.9150   0.004392     0.0330     0.0016 0.0000e+00
         45     -0.123     3.9154   0.004393     0.0330     0.0016 0.0000e+00
         46     -0.124     3.9157   0.004390     0.0330     0.0016 0.0000e+00
         47     -0.124     3.9160   0.004387     0.0329     0.0016 0.0000e+00
         48     -0.126     3.9163   0.004390     0.0330     0.0016 0.0000e+00
         49     -0.130     3.9166   0.004393     0.0330     0.0016 0.0000e+00
         50     -0.134     3.9169   0.004394     0.0330     0.0016 0.0000e+00
         51     -0.134     3.9171   0.004392     0.0330     0.0016 0.0000e+00
         52     -0.131     3.9173   0.004390     0.0329     0.0016 0.0000e+00
         53     -0.128     3.9176   0.004389     0.0329     0.0016 0.0000e+00
         54     -0.127     3.9179   0.004392     0.0330     0.0016 0.0000e+00
         55     -0.127     3.9181   0.004394     0.0330     0.0016 0.0000e+00
         56     -0.129     3.9181   0.004392     0.0330     0.0016 0.0000e+00
         57     -0.129     3.9184   0.004390     0.0329     0.0016 0.0000e+00
         58     -0.128     3.9188   0.004389     0.0329     0.0016 0.0000e+00
         59     -0.129     3.9192   0.004389     0.0329     0.0016 0.0000e+00
         60     -0.130     3.9196   0.004390     0.0329     0.0016 0.0000e+00
         61     -0.128     3.9200   0.004393     0.0330     0.0016 0.0000e+00
         62     -0.126     3.9203   0.004394     0.0330     0.0016 0.0000e+00
         63     -0.126     3.9206   0.004393     0.0330     0.0016 0.0000e+00
         64     -0.127     3.9208   0.004390     0.0329     0.0016 0.0000e+00
         65     -0.129     3.9210   0.004389     0.0329     0.0016 0.0000e+00
         66     -0.132     3.9213   0.004389     0.0329     0.0016 0.0000e+00
         67     -0.133     3.9215   0.004391     0.0330     0.0016 0.0000e+00
         68     -0.131     3.9217   0.004392     0.0330     0.0016 0.0000e+00
         69     -0.128     3.9218   0.004391     0.0330     0.0016 0.0000e+00
         70     -0.126     3.9221   0.004390     0.0329     0.0016 0.0000e+00
         71     -0.125     3.9223   0.004389     0.0329     0.0016 0.0000e+00
         72     -0.125     3.9226   0.004391     0.0330     0.0016 0.0000e+00
         73     -0.123     3.9227   0.004393     0.0330     0.0016 0.0000e+00
         74     -0.119     3.9229   0.004392     0.0330     0.0016 0.0000e+00
         75     -0.120     3.9230   0.004388     0.0329     0.0016 0.0000e+00
         76     -0.125     3.9232   0.004388     0.0329     0.0016 0.0000e+00
         77     -0.127     3.9236   0.004393     0.0330     0.0016 0.0000e+00
         78     -0.128     3.9239   0.004396     0.0330     0.0016 0.0000e+00
         79     -0.128     3.9242   0.004393     0.0330     0.0016 0.0000e+00
         80     -0.125     3.9245   0.004387     0.0329     0.0016 0.0000e+00
         81     -0.122     3.9246   0.004383     0.0329     0.0015 0.0000e+00
         82     -0.121     3.9247   0.004384     0.0329     0.0015 0.0000e+00
         83     -0.123     3.9249   0.004391     0.0330     0.0016 0.0000e+00
         84     -0.125     3.9252   0.004397     0.0330     0.0016 0.0000e+00
         85     -0.128     3.9257   0.004398     0.0330     0.0016 0.0000e+00
         86     -0.131     3.9260   0.004394     0.0330     0.0016 0.0000e+00
         87     -0.132     3.9260   0.004387     0.0329     0.0016 0.0000e+00
         88     -0.131     3.9259   0.004383     0.0329     0.0015 0.0000e+00
         89     -0.130     3.9260   0.004387     0.0329     0.0016 0.0000e+00
         90     -0.130     3.9262   0.004396     0.0330     0.0016 0.0000e+00
         91     -0.131     3.9265   0.004402     0.0330     0.0017 0.0000e+00
         92     -0.131     3.9268   0.004399     0.0330     0.0016 0.0000e+00
         93     -0.131     3.9269   0.004390     0.0329     0.0016 0.0000e+00
         94     -0.131     3.9270   0.004383     0.0329     0.0015 0.0000e+00
         95     -0.129     3.9270   0.004386     0.0329     0.0016 0.0000e+00
         96     -0.126     3.9272   0.004396     0.0330     0.0016 0.0000e+00
         97     -0.125     3.9276   0.004402     0.0330     0.0017 0.0000e+00
         98     -0.126     3.9279   0.004399     0.0330     0.0016 0.0000e+00
         99     -0.130     3.9282   0.004393     0.0330     0.0016 0.0000e+00
        100     -0.133     3.9284   0.004388     0.0329     0.0016 0.0000e+00
        101     -0.134     3.9284   0.004385     0.0329     0.0015 0.0000e+00
        102     -0.136     3.9284   0.004389     0.0329     0.0016 0.0000e+00
        103     -0.135     3.9285   0.004398     0.0330     0.0016 0.0000e+00
        104     -0.131     3.9288   0.004401     0.0330     0.0016 0.0000e+00
        105     -0.126     3.9290   0.004397     0.0330     0.0016 0.0000e+00
        106     -0.123     3.9292   0.004391     0.0330     0.0016 0.0000e+00
        107     -0.122     3.9293   0.004388     0.0329     0.0016 0.0000e+00
        108     -0.120     3.9293   0.004390     0.0329     0.0016 0.0000e+00
        109     -0.116     3.9295   0.004396     0.0330     0.0016 0.0000e+00
        110     -0.116     3.9297   0.004398     0.0330     0.0016 0.0000e+00
        111     -0.119     3.9299   0.004396     0.0330     0.0016 0.0000e+00
        112     -0.121     3.9300   0.004391     0.0330     0.0016 0.0000e+00
        113     -0.123     3.9302   0.004386     0.0329     0.0016 0.0000e+00
        114     -0.126     3.9303   0.004384     0.0329     0.0015 0.0000e+00
        115     -0.128     3.9305   0.004388     0.0329     0.0016 0.0000e+00
        116     -0.126     3.9307   0.004395     0.0330     0.0016 0.0000e+00
        117     -0.125     3.9310   0.004398     0.0330     0.0016 0.0000e+00
        118     -0.125     3.9310   0.004395     0.0330     0.0016 0.0000e+00
        119     -0.124     3.9311   0.004390     0.0329     0.0016 0.0000e+00
        120     -0.123     3.9313   0.004390     0.0329     0.0016 0.0000e+00
        121     -0.123     3.9315   0.004391     0.0330     0.0016 0.0000e+00
        122     -0.123     3.9317   0.004392     0.0330     0.0016 0.0000e+00
        123     -0.125     3.9318   0.004392     0.0330     0.0016 0.0000e+00
        124     -0.130     3.9318   0.004390     0.0329     0.0016 0.0000e+00
        125     -0.132     3.9319   0.004389     0.0329     0.0016 0.0000e+00
        126     -0.127     3.9322   0.004389     0.0329     0.0016 0.0000e+00
        127     -0.122     3.9325   0.004391     0.0329     0.0016 0.0000e+00
        128     -0.121     3.9326   0.004391     0.0329     0.0016 0.0000e+00
        129     -0.121     3.9327   0.004391     0.0329     0.0016 0.0000e+00
        130     -0.122     3.9328   0.004389     0.0329     0.0016 0.0000e+00
        131     -0.123     3.9329   0.004390     0.0329     0.0016 0.0000e+00
        132     -0.123     3.9330   0.004390     0.0329     0.0016 0.0000e+00
        133     -0.122     3.9333   0.004389     0.0329     0.0016 0.0000e+00
        134     -0.120     3.9334   0.004385     0.0329     0.0015 0.0000e+00
        135     -0.119     3.9333   0.004384     0.0329     0.0015 0.0000e+00
        136     -0.121     3.9334   0.004389     0.0329     0.0016 0.0000e+00
        137     -0.124     3.9337   0.004395     0.0330     0.0016 0.0000e+00
        138     -0.125     3.9340   0.004395     0.0330     0.0016 0.0000e+00
        139     -0.127     3.9341   0.004389     0.0329     0.0016 0.0000e+00
        140     -0.128     3.9341   0.004386     0.0329     0.0016 0.0000e+00
        141     -0.127     3.9343   0.004387     0.0329     0.0016 0.0000e+00
        142     -0.127     3.9345   0.004390     0.0329     0.0016 0.0000e+00
        143     -0.130     3.9347   0.004395     0.0330     0.0016 0.0000e+00
        144     -0.130     3.9349   0.004398     0.0330     0.0016 0.0000e+00
        145     -0.128     3.9350   0.004393     0.0330     0.0016 0.0000e+00
        146     -0.128     3.9352   0.004387     0.0329     0.0016 0.0000e+00
        147     -0.130     3.9352   0.004383     0.0329     0.0015 0.0000e+00
        148     -0.131     3.9354   0.004387     0.0329     0.0016 0.0000e+00
        149     -0.134     3.9356   0.004394     0.0330     0.0016 0.0000e+00
        150     -0.136     3.9357   0.004398     0.0330     0.0016 0.0000e+00
        151     -0.133     3.9360   0.004397     0.0330     0.0016 0.0000e+00
        152     -0.130     3.9363   0.004391     0.0329     0.0016 0.0000e+00
        153     -0.129     3.9364   0.004389     0.0329     0.0016 0.0000e+00
        154     -0.129     3.9364   0.004388     0.0329     0.0016 0.0000e+00
        155     -0.130     3.9366   0.004391     0.0329     0.0016 0.0000e+00
        156     -0.129     3.9368   0.004393     0.0330     0.0016 0.0000e+00
        157     -0.126     3.9368   0.004395     0.0330     0.0016 0.0000e+00
        158     -0.125     3.9368   0.004395     0.0330     0.0016 0.0000e+00
        159     -0.125     3.9369   0.004393     0.0330     0.0016 0.0000e+00
        160     -0.127     3.9371   0.004390     0.0329     0.0016 0.0000e+00
        161     -0.131     3.9373   0.004389     0.0329     0.0016 0.0000e+00
        162     -0.134     3.9377   0.004391     0.0329     0.0016 0.0000e+00
        163     -0.132     3.9379   0.004392     0.0330     0.0016 0.0000e+00
        164     -0.128     3.9379   0.004392     0.0330     0.0016 0.0000e+00
        165     -0.123     3.9379   0.004393     0.0330     0.0016 0.0000e+00
        166     -0.120     3.9379   0.004393     0.0330     0.0016 0.0000e+00
        167     -0.120     3.9381   0.004397     0.0330     0.0016 0.0000e+00
        168     -0.122     3.9383   0.004399     0.0330     0.0016 0.0000e+00
        169     -0.124     3.9386   0.004397     0.0330     0.0016 0.0000e+00
        170     -0.125     3.9387   0.004390     0.0329     0.0016 0.0000e+00
        171     -0.125     3.9388   0.004389     0.0329     0.0016 0.0000e+00
        172     -0.126     3.9390   0.004392     0.0330     0.0016 0.0000e+00
        173     -0.127     3.9391   0.004395     0.0330     0.0016 0.0000e+00
        174     -0.127     3.9392   0.004396     0.0330     0.0016 0.0000e+00
        175     -0.128     3.9394   0.004397     0.0330     0.0016 0.0000e+00
        176     -0.129     3.9396   0.004396     0.0330     0.0016 0.0000e+00
        177     -0.131     3.9399   0.004396     0.0330     0.0016 0.0000e+00
        178     -0.130     3.9401   0.004396     0.0330     0.0016 0.0000e+00
        179     -0.128     3.9402   0.004396     0.0330     0.0016 0.0000e+00
        180     -0.129     3.9403   0.004394     0.0330     0.0016 0.0000e+00
        181     -0.130     3.9405   0.004394     0.0330     0.0016 0.0000e+00
        182     -0.130     3.9406   0.004395     0.0330     0.0016 0.0000e+00
        183     -0.129     3.9408   0.004399     0.0330     0.0016 0.0000e+00
        184     -0.130     3.9410   0.004400     0.0330     0.0016 0.0000e+00
        185     -0.132     3.9410   0.004399     0.0330     0.0016 0.0000e+00
        186     -0.130     3.9411   0.004399     0.0330     0.0016 0.0000e+00
        187     -0.125     3.9413   0.004398     0.0330     0.0016 0.0000e+00
        188     -0.120     3.9415   0.004395     0.0330     0.0016 0.0000e+00
        189     -0.119     3.9417   0.004394     0.0330     0.0016 0.0000e+00
        190     -0.123     3.9418   0.004392     0.0330     0.0016 0.0000e+00
        191     -0.128     3.9421   0.004394     0.0330     0.0016 0.0000e+00
        192     -0.131     3.9423   0.004395     0.0330     0.0016 0.0000e+00
        193     -0.132     3.9425   0.004396     0.0330     0.0016 0.0000e+00
        194     -0.129     3.9428   0.004402     0.0330     0.0017 0.0000e+00
        195     -0.127     3.9429   0.004403     0.0330     0.0017 0.0000e+00
        196     -0.126     3.9430   0.004400     0.0330     0.0016 0.0000e+00
        197     -0.123     3.9431   0.004395     0.0330     0.0016 0.0000e+00
        198     -0.120     3.9433   0.004389     0.0329     0.0016 0.0000e+00
        199     -0.119     3.9434   0.004389     0.0329     0.0016 0.0000e+00
        200     -0.121     3.9434   0.004397     0.0330     0.0016 0.0000e+00
        201     -0.122     3.9435   0.004404     0.0330     0.0017 0.0000e+00
        202     -0.123     3.9438   0.004404     0.0330     0.0017 0.0000e+00
        203     -0.125     3.9440   0.004400     0.0330     0.0016 0.0000e+00
        204     -0.129     3.9441   0.004395     0.0330     0.0016 0.0000e+00
        205     -0.133     3.9443   0.004398     0.0330     0.0016 0.0000e+00
