Datasets/Test_Dataset_39219_tow/originals/tel219_2021_040.cnv
* Sea-Bird SBE19plus Data File:
* Filename = C:/AQUIRE/tel219_2021_040.hex
* Software Version AquireV2 AF V2.0
* Temperature SN =  4020
* Conductivity SN =  4020
* System UpLoad Time = May 12 2021 01:40:01
** VESSEL/TRIP/SEQ STN: tel219_2021_040
** LATITUDE: 44 54.05 N
** LONGITUDE: 56 15.31 W
** DATE/TIME: 2021-05-12 00:39
** SOUNDING DEPTH (M): 0336
** PROBE TYPE: S4020
** CTD NUMBER:  40
** FORMAT: t
** COMMENTS: 
# nquan = 7                                 
# nvalues = 3661                        
# units = specified
# name 0 = scan: Scan Count
# name 1 = prdM: Pressure, Strain Gauge [db]
# name 2 = tv290C: Temperature [ITS-90, deg C]
# name 3 = c0S/m: Conductivity [S/m]
# name 4 = sal00: Salinity, Practical [PSU]
# name 5 = sigma-t00: Density [sigma-t, kg/m^3 ]
# name 6 = flag: flag
# span 0 =          1,       3661       
# span 1 =     -0.430,    340.873       
# span 2 =     4.3728,     9.5709       
# span 3 =   0.011744,   3.788525       
# span 4 =     0.0872,    35.2073       
# span 5 =     0.0175,    27.5487       
# span 6 = 0.0000e+00, 0.0000e+00       
# interval = seconds: 1
# start_time = May 12 2021 00:39:55 [Instrument's time stamp, header]
# bad_flag = -9.990e-29
*END*
[from data line 2872]
       2873    272.641     7.7246   3.614831    35.0746    27.3736 0.0000e+00
       2874    271.927     7.7355   3.615346    35.0696    27.3680 0.0000e+00
       2875    271.229     7.7425   3.615507    35.0646    27.3631 0.0000e+00
       2876    270.535     7.7465   3.615428    35.0601    27.3589 0.0000e+00
       2877    269.829     7.7478   3.615380    35.0586    27.3576 0.0000e+00
       2878    269.106     7.7499   3.615797    35.0614    27.3594 0.0000e+00
       2879    268.368     7.7581   3.616992    35.0664    27.3622 0.0000e+00
       2880    267.618     7.7777   3.619666    35.0759    27.3668 0.0000e+00
       2881    266.864     7.8104   3.623673    35.0867    27.3704 0.0000e+00
       2882    266.112     7.8467   3.627089    35.0874    27.3656 0.0000e+00
       2883    265.360     7.8757   3.629378    35.0834    27.3580 0.0000e+00
       2884    264.608     7.9006   3.632160    35.0887    27.3585 0.0000e+00
       2885    263.859     7.9293   3.635517    35.0964    27.3602 0.0000e+00
       2886    263.108     7.9604   3.638312    35.0956    27.3550 0.0000e+00
       2887    262.347     7.9890   3.640678    35.0928    27.3484 0.0000e+00
       2888    261.578     8.0178   3.643639    35.0961    27.3467 0.0000e+00
       2889    260.809     8.0558   3.648090    35.1061    27.3489 0.0000e+00
       2890    260.045     8.1037   3.653205    35.1134    27.3473 0.0000e+00
       2891    259.281     8.1488   3.657164    35.1110    27.3386 0.0000e+00
       2892    258.501     8.1814   3.659558    35.1044    27.3284 0.0000e+00
       2893    257.696     8.2050   3.661620    35.1033    27.3239 0.0000e+00
       2894    256.874     8.2279   3.664203    35.1084    27.3244 0.0000e+00
       2895    256.053     8.2537   3.666812    35.1109    27.3224 0.0000e+00
       2896    255.259     8.2783   3.668797    35.1079    27.3163 0.0000e+00
       2897    254.498     8.2929   3.669710    35.1034    27.3106 0.0000e+00
       2898    253.748     8.2936   3.669148    35.0971    27.3055 0.0000e+00
       2899    252.985     8.2868   3.666540    35.0764    27.2903 0.0000e+00
       2900    252.189     8.2796   3.664070    35.0577    27.2767 0.0000e+00
       2901    251.353     8.2820   3.666278    35.0792    27.2933 0.0000e+00
       2902    250.490     8.3102   3.672741    35.1204    27.3212 0.0000e+00
       2903    249.630     8.3659   3.680029    35.1429    27.3303 0.0000e+00
       2904    248.793     8.4268   3.685932    35.1453    27.3228 0.0000e+00
       2905    247.975     8.4687   3.688429    35.1305    27.3047 0.0000e+00
       2906    247.163     8.4840   3.688403    35.1154    27.2904 0.0000e+00
       2907    246.347     8.4835   3.688527    35.1176    27.2922 0.0000e+00
       2908    245.522     8.4858   3.689848    35.1298    27.3014 0.0000e+00
       2909    244.695     8.4987   3.691558    35.1355    27.3038 0.0000e+00
       2910    243.864     8.5116   3.692617    35.1343    27.3009 0.0000e+00
       2911    243.021     8.5187   3.693086    35.1326    27.2985 0.0000e+00
       2912    242.161     8.5241   3.693407    35.1310    27.2964 0.0000e+00
       2913    241.289     8.5328   3.694344    35.1327    27.2964 0.0000e+00
       2914    240.420     8.5477   3.695704    35.1327    27.2940 0.0000e+00
       2915    239.568     8.5641   3.696515    35.1254    27.2857 0.0000e+00
       2916    238.725     8.5760   3.696444    35.1133    27.2743 0.0000e+00
       2917    237.868     8.5826   3.694618    35.0878    27.2533 0.0000e+00
       2918    236.982     8.5829   3.691801    35.0581    27.2300 0.0000e+00
       2919    236.077     8.5775   3.691882    35.0647    27.2361 0.0000e+00
       2920    235.178     8.5795   3.695525    35.1017    27.2648 0.0000e+00
       2921    234.304     8.5945   3.698462    35.1184    27.2754 0.0000e+00
       2922    233.443     8.6074   3.698810    35.1096    27.2666 0.0000e+00
       2923    232.556     8.6151   3.697703    35.0907    27.2505 0.0000e+00
       2924    231.624     8.6259   3.696692    35.0698    27.2324 0.0000e+00
       2925    230.665     8.6346   3.698761    35.0835    27.2418 0.0000e+00
       2926    229.720     8.6477   3.703492    35.1209    27.2691 0.0000e+00
       2927    228.809     8.6732   3.706848    35.1315    27.2734 0.0000e+00
       2928    227.926     8.6953   3.707572    35.1177    27.2590 0.0000e+00
       2929    227.043     8.7102   3.706939    35.0967    27.2402 0.0000e+00
       2930    226.130     8.7310   3.707116    35.0784    27.2225 0.0000e+00
       2931    225.186     8.7478   3.708175    35.0733    27.2160 0.0000e+00
       2932    224.226     8.7450   3.709111    35.0864    27.2267 0.0000e+00
       2933    223.262     8.7395   3.711312    35.1156    27.2504 0.0000e+00
       2934    222.301     8.7488   3.713747    35.1325    27.2622 0.0000e+00
       2935    221.345     8.7628   3.714880    35.1310    27.2588 0.0000e+00
       2936    220.391     8.7722   3.715652    35.1303    27.2567 0.0000e+00
       2937    219.440     8.7797   3.716443    35.1316    27.2566 0.0000e+00
       2938    218.492     8.7881   3.717230    35.1321    27.2556 0.0000e+00
       2939    217.544     8.7981   3.718276    35.1336    27.2552 0.0000e+00
       2940    216.582     8.8107   3.720172    35.1416    27.2594 0.0000e+00
       2941    215.600     8.8328   3.723685    35.1571    27.2681 0.0000e+00
       2942    214.606     8.8703   3.728485    35.1710    27.2730 0.0000e+00
       2943    213.607     8.9222   3.734481    35.1831    27.2741 0.0000e+00
       2944    212.611     8.9889   3.742414    35.2008    27.2773 0.0000e+00
       2945    211.627     9.0633   3.750012    35.2073    27.2703 0.0000e+00
       2946    210.649     9.1228   3.754613    35.1971    27.2527 0.0000e+00
       2947    209.655     9.1530   3.756957    35.1923    27.2440 0.0000e+00
       2948    208.629     9.1666   3.758206    35.1924    27.2419 0.0000e+00
       2949    207.576     9.1873   3.759754    35.1886    27.2355 0.0000e+00
       2950    206.521     9.2219   3.762514    35.1838    27.2261 0.0000e+00
       2951    205.491     9.2548   3.764347    35.1710    27.2107 0.0000e+00
       2952    204.496     9.2724   3.764286    35.1535    27.1941 0.0000e+00
       2953    203.512     9.2799   3.763102    35.1343    27.1778 0.0000e+00
       2954    202.504     9.2923   3.761105    35.1018    27.1504 0.0000e+00
       2955    201.447     9.3137   3.759916    35.0689    27.1211 0.0000e+00
       2956    200.354     9.3258   3.761276    35.0717    27.1213 0.0000e+00
       2957    199.271     9.3319   3.766160    35.1170    27.1558 0.0000e+00
       2958    198.227     9.3607   3.772672    35.1569    27.1822 0.0000e+00
       2959    197.212     9.4007   3.775533    35.1478    27.1685 0.0000e+00
       2960    196.188     9.4291   3.773541    35.0998    27.1262 0.0000e+00
       2961    195.133     9.4501   3.771552    35.0591    27.0909 0.0000e+00
       2962    194.063     9.4577   3.773699    35.0744    27.1016 0.0000e+00
       2963    193.011     9.4589   3.779555    35.1344    27.1484 0.0000e+00
       2964    191.984     9.4816   3.785710    35.1764    27.1775 0.0000e+00
       2965    190.956     9.5166   3.788525    35.1718    27.1680 0.0000e+00
       2966    189.900     9.5326   3.786802    35.1387    27.1395 0.0000e+00
       2967    188.815     9.5326   3.785491    35.1257    27.1293 0.0000e+00
       2968    187.726     9.5405   3.787696    35.1413    27.1401 0.0000e+00
       2969    186.655     9.5554   3.788456    35.1350    27.1328 0.0000e+00
       2970    185.601     9.5604   3.786760    35.1131    27.1148 0.0000e+00
       2971    184.563     9.5569   3.785503    35.1040    27.1083 0.0000e+00
       2972    183.541     9.5549   3.784669    35.0978    27.1038 0.0000e+00
       2973    182.526     9.5561   3.783636    35.0864    27.0947 0.0000e+00
       2974    181.493     9.5587   3.781761    35.0650    27.0774 0.0000e+00
       2975    180.419     9.5640   3.780128    35.0434    27.0597 0.0000e+00
       2976    179.300     9.5699   3.780007    35.0369    27.0536 0.0000e+00
       2977    178.159     9.5675   3.780422    35.0441    27.0596 0.0000e+00
       2978    177.036     9.5614   3.781021    35.0568    27.0706 0.0000e+00
       2979    175.956     9.5638   3.781350    35.0583    27.0714 0.0000e+00
       2980    174.910     9.5699   3.780945    35.0487    27.0628 0.0000e+00
       2981    173.882     9.5709   3.780533    35.0439    27.0589 0.0000e+00
       2982    172.855     9.5693   3.780286    35.0434    27.0588 0.0000e+00
       2983    171.812     9.5684   3.779883    35.0406    27.0568 0.0000e+00
       2984    170.738     9.5661   3.779216    35.0365    27.0539 0.0000e+00
       2985    169.626     9.5588   3.778078    35.0323    27.0519 0.0000e+00
       2986    168.490     9.5460   3.775751    35.0213    27.0454 0.0000e+00
       2987    167.363     9.5279   3.771912    34.9998    27.0316 0.0000e+00
       2988    166.268     9.5041   3.767123    34.9739    27.0153 0.0000e+00
       2989    165.201     9.4778   3.762618    34.9534    27.0037 0.0000e+00
       2990    164.147     9.4551   3.759514    34.9439    27.0000 0.0000e+00
       2991    163.095     9.4394   3.757719    34.9411    27.0004 0.0000e+00
       2992    162.039     9.4293   3.756699    34.9409    27.0019 0.0000e+00
       2993    160.961     9.4207   3.756322    34.9459    27.0072 0.0000e+00
       2994    159.836     9.4091   3.755598    34.9502    27.0125 0.0000e+00
       2995    158.668     9.3984   3.754098    34.9456    27.0107 0.0000e+00
       2996    157.489     9.3935   3.752322    34.9325    27.0013 0.0000e+00
       2997    156.336     9.3835   3.748299    34.9011    26.9783 0.0000e+00
       2998    155.225     9.3558   3.741701    34.8601    26.9508 0.0000e+00
       2999    154.150     9.3169   3.735762    34.8368    26.9390 0.0000e+00
       3000    153.088     9.2853   3.732402    34.8332    26.9413 0.0000e+00
       3001    152.013     9.2724   3.731871    34.8407    26.9493 0.0000e+00
       3002    150.904     9.2745   3.732837    34.8493    26.9556 0.0000e+00
       3003    149.752     9.2773   3.732652    34.8451    26.9519 0.0000e+00
       3004    148.557     9.2737   3.731181    34.8339    26.9437 0.0000e+00
       3005    147.325     9.2695   3.730384    34.8303    26.9416 0.0000e+00
       3006    146.072     9.2704   3.730468    34.8309    26.9419 0.0000e+00
       3007    144.829     9.2765   3.731101    34.8321    26.9419 0.0000e+00
       3008    143.622     9.2856   3.732021    34.8334    26.9414 0.0000e+00
       3009    142.451     9.2930   3.732377    34.8304    26.9378 0.0000e+00
       3010    141.298     9.2958   3.732215    34.8265    26.9343 0.0000e+00
       3011    140.151     9.2965   3.732135    34.8255    26.9335 0.0000e+00
       3012    138.998     9.2988   3.732381    34.8264    26.9338 0.0000e+00
       3013    137.817     9.2994   3.732693    34.8296    26.9362 0.0000e+00
       3014    136.588     9.2898   3.732580    34.8384    26.9446 0.0000e+00
       3015    135.308     9.2635   3.729404    34.8316    26.9436 0.0000e+00
       3016    134.010     9.1993   3.715352    34.7484    26.8889 0.0000e+00
       3017    132.738     9.0779   3.691809    34.6215    26.8092 0.0000e+00
       3018    131.514     8.9398   3.673741    34.5673    26.7889 0.0000e+00
       3019    130.328     8.8487   3.665874    34.5741    26.8087 0.0000e+00
       3020    129.136     8.7955   3.663457    34.6011    26.8383 0.0000e+00
       3021    127.879     8.6981   3.656268    34.6212    26.8693 0.0000e+00
       3022    126.521     8.5464   3.641189    34.6111    26.8851 0.0000e+00
       3023    125.092     8.4449   3.629875    34.5914    26.8854 0.0000e+00
       3024    123.675     8.3991   3.617638    34.5071    26.8263 0.0000e+00
       3025    122.350     8.3161   3.599980    34.4014    26.7560 0.0000e+00
       3026    121.122     8.2017   3.591729    34.4261    26.7928 0.0000e+00
       3027    119.914     8.0934   3.588279    34.4962    26.8642 0.0000e+00
       3028    118.638     7.9839   3.574674    34.4589    26.8512 0.0000e+00
       3029    117.267     7.9021   3.563103    34.4159    26.8296 0.0000e+00
       3030    115.841     7.8874   3.562019    34.4194    26.8346 0.0000e+00
       3031    114.422     7.9046   3.559955    34.3810    26.8018 0.0000e+00
       3032    113.044     7.8990   3.553467    34.3174    26.7527 0.0000e+00
       3033    111.684     7.8866   3.549085    34.2832    26.7277 0.0000e+00
       3034    110.289     7.8924   3.549179    34.2792    26.7237 0.0000e+00
       3035    108.836     7.8800   3.546411    34.2623    26.7122 0.0000e+00
       3036    107.356     7.8183   3.536759    34.2198    26.6879 0.0000e+00
       3037    105.894     7.7338   3.526185    34.1895    26.6764 0.0000e+00
       3038    104.480     7.6597   3.517767    34.1720    26.6734 0.0000e+00
       3039    103.099     7.6051   3.512629    34.1708    26.6804 0.0000e+00
       3040    101.691     7.5575   3.513840    34.2314    26.7349 0.0000e+00
       3041    100.204     7.4858   3.513559    34.2999    26.7990 0.0000e+00
       3042     98.638     7.4124   3.506849    34.3003    26.8098 0.0000e+00
       3043     97.055     7.3811   3.498409    34.2402    26.7670 0.0000e+00
       3044     95.547     7.3461   3.485734    34.1376    26.6912 0.0000e+00
       3045     94.156     7.2739   3.475863    34.1019    26.6733 0.0000e+00
       3046     92.814     7.1738   3.473634    34.1771    26.7465 0.0000e+00
       3047     91.407     7.0083   3.460064    34.1932    26.7821 0.0000e+00
       3048     89.873     6.8276   3.437749    34.1279    26.7553 0.0000e+00
       3049     88.244     6.7606   3.428776    34.0963    26.7394 0.0000e+00
       3050     86.612     6.7724   3.423398    34.0260    26.6824 0.0000e+00
       3051     85.053     6.7403   3.411045    33.9222    26.6049 0.0000e+00
       3052     83.571     6.6761   3.403265    33.9005    26.5963 0.0000e+00
       3053     82.105     6.6584   3.403087    33.9167    26.6115 0.0000e+00
       3054     80.610     6.6823   3.402883    33.8916    26.5885 0.0000e+00
       3055     79.131     6.6993   3.401023    33.8549    26.5573 0.0000e+00
       3056     77.809     6.7064   3.400730    33.8453    26.5488 0.0000e+00
       3057     76.739     6.7133   3.400554    33.8371    26.5414 0.0000e+00
       3058     75.828     6.6803   3.399432    33.8577    26.5621 0.0000e+00
       3059     74.905     6.5378   3.386150    33.8521    26.5765 0.0000e+00
       3060     73.894     6.3086   3.357835    33.7647    26.5373 0.0000e+00
       3061     72.844     6.1425   3.341324    33.7455    26.5434 0.0000e+00
       3062     71.856     6.1168   3.341460    33.7731    26.5684 0.0000e+00
       3063     70.988     6.1476   3.341258    33.7406    26.5389 0.0000e+00
       3064     70.232     6.1573   3.341870    33.7382    26.5358 0.0000e+00
       3065     69.533     6.1322   3.344887    33.7973    26.5857 0.0000e+00
       3066     68.826     6.0472   3.336974    33.7936    26.5934 0.0000e+00
       3067     68.064     5.9152   3.317218    33.7032    26.5385 0.0000e+00
       3068     67.223     5.8117   3.303898    33.6565    26.5143 0.0000e+00
       3069     66.326     5.7734   3.302555    33.6800    26.5376 0.0000e+00
       3070     65.438     5.7862   3.307787    33.7268    26.5731 0.0000e+00
       3071     64.608     5.8308   3.314530    33.7589    26.5929 0.0000e+00
       3072     63.830     5.8732   3.315759    33.7308    26.5655 0.0000e+00
       3073     63.077     5.8945   3.312309    33.6710    26.5156 0.0000e+00
       3074     62.335     5.9071   3.310443    33.6378    26.4878 0.0000e+00
       3075     61.598     5.9064   3.309080    33.6235    26.4766 0.0000e+00
       3076     60.858     5.8782   3.304705    33.6026    26.4635 0.0000e+00
