Datasets/Test_Dataset_39219_tow/originals/tel219_2021_048.cnv
* Sea-Bird SBE19plus Data File:
* Filename = C:/AQUIRE/tel219_2021_048.hex
* Software Version AquireV2 AF V2.0
* Temperature SN =  4020
* Conductivity SN =  4020
* System UpLoad Time = May 13 2021 02:58:26
** VESSEL/TRIP/SEQ STN: tel219_2021_048
** LATITUDE: 44 47.37 N
** LONGITUDE: 55 39.51 W
** DATE/TIME: 2021-05-13 01:43
** SOUNDING DEPTH (M): 0669
** PROBE TYPE: S4020
** CTD NUMBER:  48
** FORMAT: T
** COMMENTS: 
# nquan = 7                                 
# nvalues = 4582                        
# units = specified
# name 0 = scan: Scan Count
# name 1 = prdM: Pressure, Strain Gauge [db]
# name 2 = tv290C: Temperature [ITS-90, deg C]
# name 3 = c0S/m: Conductivity [S/m]
# name 4 = sal00: Salinity, Practical [PSU]
# name 5 = sigma-t00: Density [sigma-t, kg/m^3 ]
# name 6 = flag: flag
# span 0 =          1,       4582       
# span 1 =     -0.547,    680.517       
# span 2 =     0.5744,     9.9149       
# span 3 =   0.016813,   3.801354       
# span 4 =     0.1333,    35.0940       
# span 5 =     0.0807,    27.6925       
# span 6 = 0.0000e+00, 0.0000e+00       
# interval = seconds: 1
# start_time = May 13 2021 01:43:04 [Instrument's time stamp, header]
# bad_flag = -9.990e-29
*END*
[from data line 3898]
       3899    219.411     7.9088   3.624675    35.0219    27.3048 0.0000e+00
       3900    217.977     7.9214   3.622441    34.9859    27.2746 0.0000e+00
       3901    216.566     7.9073   3.618302    34.9562    27.2534 0.0000e+00
       3902    215.190     7.9260   3.618708    34.9425    27.2398 0.0000e+00
       3903    213.835     8.0257   3.629018    34.9544    27.2342 0.0000e+00
       3904    212.471     8.1634   3.645242    34.9915    27.2425 0.0000e+00
       3905    211.092     8.2701   3.655341    34.9938    27.2280 0.0000e+00
       3906    209.715     8.3383   3.658923    34.9648    27.1948 0.0000e+00
       3907    208.355     8.3926   3.661377    34.9377    27.1652 0.0000e+00
       3908    207.009     8.4449   3.664796    34.9229    27.1454 0.0000e+00
       3909    205.656     8.5027   3.671469    34.9371    27.1476 0.0000e+00
       3910    204.280     8.5691   3.678680    34.9485    27.1462 0.0000e+00
       3911    202.881     8.6295   3.682958    34.9347    27.1259 0.0000e+00
       3912    201.473     8.6707   3.684577    34.9118    27.1015 0.0000e+00
       3913    200.074     8.6971   3.685450    34.8957    27.0847 0.0000e+00
       3914    198.693     8.7150   3.686182    34.8864    27.0746 0.0000e+00
       3915    197.315     8.7192   3.685077    34.8713    27.0621 0.0000e+00
       3916    195.917     8.7070   3.681291    34.8440    27.0427 0.0000e+00
       3917    194.499     8.6878   3.676469    34.8127    27.0211 0.0000e+00
       3918    193.084     8.6679   3.671803    34.7837    27.0015 0.0000e+00
       3919    191.697     8.6427   3.667705    34.7659    26.9915 0.0000e+00
       3920    190.343     8.6166   3.665350    34.7673    26.9967 0.0000e+00
       3921    189.006     8.6056   3.664663    34.7715    27.0017 0.0000e+00
       3922    187.664     8.6080   3.664327    34.7662    26.9972 0.0000e+00
       3923    186.293     8.6060   3.662995    34.7548    26.9885 0.0000e+00
       3924    184.883     8.5906   3.660217    34.7412    26.9803 0.0000e+00
       3925    183.449     8.5640   3.656217    34.7257    26.9723 0.0000e+00
       3926    182.014     8.5282   3.651979    34.7168    26.9708 0.0000e+00
       3927    180.596     8.4664   3.645340    34.7079    26.9734 0.0000e+00
       3928    179.198     8.3623   3.632080    34.6702    26.9599 0.0000e+00
       3929    177.815     8.2475   3.616358    34.6166    26.9354 0.0000e+00
       3930    176.444     8.1620   3.605089    34.5812    26.9206 0.0000e+00
       3931    175.080     8.0970   3.597099    34.5605    26.9141 0.0000e+00
       3932    173.710     8.0266   3.587891    34.5320    26.9023 0.0000e+00
       3933    172.318     7.9528   3.577970    34.4991    26.8874 0.0000e+00
       3934    170.906     7.8964   3.571433    34.4852    26.8849 0.0000e+00
       3935    169.497     7.8727   3.571697    34.5121    26.9095 0.0000e+00
       3936    168.114     7.8670   3.575251    34.5566    26.9454 0.0000e+00
       3937    166.747     7.8066   3.566493    34.5227    26.9277 0.0000e+00
       3938    165.352     7.6448   3.541662    34.4155    26.8670 0.0000e+00
       3939    163.892     7.4459   3.519274    34.3704    26.8602 0.0000e+00
       3940    162.382     7.2974   3.510484    34.4228    26.9226 0.0000e+00
       3941    160.884     7.2461   3.512968    34.5018    26.9919 0.0000e+00
       3942    159.443     7.2761   3.517769    34.5250    27.0060 0.0000e+00
       3943    158.050     7.2189   3.505781    34.4518    26.9564 0.0000e+00
       3944    156.653     6.9353   3.467015    34.3101    26.8842 0.0000e+00
       3945    155.211     6.6011   3.430580    34.2422    26.8758 0.0000e+00
       3946    153.735     6.4274   3.424174    34.3460    26.9807 0.0000e+00
       3947    152.263     6.3294   3.419514    34.3935    27.0310 0.0000e+00
       3948    150.820     6.1764   3.396240    34.2881    26.9676 0.0000e+00
       3949    149.397     5.9989   3.369687    34.1694    26.8965 0.0000e+00
       3950    147.953     5.8495   3.346365    34.0577    26.8268 0.0000e+00
       3951    146.464     5.7556   3.337125    34.0486    26.8313 0.0000e+00
       3952    144.963     5.7616   3.345908    34.1428    26.9050 0.0000e+00
       3953    143.490     5.7707   3.351166    34.1939    26.9443 0.0000e+00
       3954    142.044     5.5181   3.320177    34.0985    26.8997 0.0000e+00
       3955    140.594     4.9661   3.250052    33.8550    26.7714 0.0000e+00
       3956    139.104     4.4110   3.191991    33.7462    26.7460 0.0000e+00
       3957    137.580     4.0713   3.176567    33.9146    26.9154 0.0000e+00
       3958    136.067     3.8906   3.174294    34.0759    27.0622 0.0000e+00
       3959    134.576     3.6963   3.147634    33.9612    26.9903 0.0000e+00
       3960    133.068     3.4059   3.099062    33.6815    26.7954 0.0000e+00
       3961    131.519     3.0943   3.063188    33.5727    26.7374 0.0000e+00
       3962    129.963     2.8635   3.048884    33.6403    26.8117 0.0000e+00
       3963    128.452     2.7275   3.038866    33.6611    26.8401 0.0000e+00
       3964    126.983     2.6266   3.024222    33.5881    26.7903 0.0000e+00
       3965    125.504     2.4994   3.003168    33.4632    26.7011 0.0000e+00
       3966    123.963     2.3370   2.983066    33.3860    26.6525 0.0000e+00
       3967    122.354     2.1847   2.974238    33.4373    26.7056 0.0000e+00
       3968    120.719     2.0926   2.985327    33.6736    26.9019 0.0000e+00
       3969    119.099     2.0360   2.993082    33.8316    27.0328 0.0000e+00
       3970    117.506     1.9419   2.966785    33.6037    26.8574 0.0000e+00
       3971    115.940     1.8078   2.934765    33.3452    26.6602 0.0000e+00
       3972    114.412     1.6894   2.922193    33.3131    26.6430 0.0000e+00
       3973    112.925     1.6072   2.914649    33.3058    26.6430 0.0000e+00
       3974    111.441     1.5424   2.902288    33.2191    26.5779 0.0000e+00
       3975    109.896     1.4791   2.890752    33.1409    26.5195 0.0000e+00
       3976    108.261     1.4326   2.887785    33.1533    26.5327 0.0000e+00
       3977    106.579     1.4629   2.899250    33.2675    26.6222 0.0000e+00
       3978    104.927     1.6018   2.917553    33.3527    26.6810 0.0000e+00
       3979    103.356     1.7752   2.926755    33.2861    26.6152 0.0000e+00
       3980    101.854     1.9672   2.933621    33.1711    26.5089 0.0000e+00
       3981    100.356     2.2845   2.954402    33.0991    26.4271 0.0000e+00
       3982     98.798     2.6844   2.985668    33.0705    26.3719 0.0000e+00
       3983     97.164     2.9826   3.006331    33.0166    26.3035 0.0000e+00
       3984     95.501     3.1293   3.013236    32.9512    26.2384 0.0000e+00
       3985     93.889     3.2043   3.019274    32.9485    26.2296 0.0000e+00
       3986     92.350     3.2587   3.025324    32.9668    26.2393 0.0000e+00
       3987     90.837     3.2974   3.028813    32.9702    26.2385 0.0000e+00
       3988     89.290     3.3291   3.030915    32.9641    26.2307 0.0000e+00
       3989     87.682     3.3569   3.032799    32.9593    26.2244 0.0000e+00
       3990     86.027     3.3644   3.033709    32.9635    26.2270 0.0000e+00
       3991     84.365     3.3480   3.033064    32.9733    26.2363 0.0000e+00
       3992     82.740     3.3287   3.031917    32.9800    26.2435 0.0000e+00
       3993     81.176     3.3010   3.029598    32.9811    26.2469 0.0000e+00
       3994     79.657     3.2179   3.020362    32.9553    26.2338 0.0000e+00
       3995     78.148     3.0526   3.001383    32.8952    26.2005 0.0000e+00
       3996     76.641     2.8449   2.979411    32.8412    26.1753 0.0000e+00
       3997     75.197     2.6906   2.965038    32.8245    26.1748 0.0000e+00
       3998     73.913     2.5866   2.959701    32.8665    26.2170 0.0000e+00
       3999     72.795     2.3490   2.939225    32.8597    26.2305 0.0000e+00
       4000     71.774     1.9106   2.892735    32.7359    26.1645 0.0000e+00
       4001     70.814     1.4826   2.851114    32.6578    26.1316 0.0000e+00
       4002     69.921     1.2410   2.833095    32.6818    26.1666 0.0000e+00
       4003     69.096     1.1587   2.828267    32.7069    26.1920 0.0000e+00
       4004     68.304     1.1528   2.825929    32.6837    26.1737 0.0000e+00
       4005     67.490     1.1657   2.823253    32.6366    26.1350 0.0000e+00
       4006     66.633     1.1697   2.821056    32.6048    26.1093 0.0000e+00
       4007     65.757     1.1710   2.821333    32.6075    26.1113 0.0000e+00
       4008     64.901     1.1876   2.825073    32.6383    26.1351 0.0000e+00
       4009     64.082     1.2312   2.829257    32.6465    26.1389 0.0000e+00
       4010     63.283     1.2959   2.831985    32.6141    26.1087 0.0000e+00
       4011     62.473     1.3606   2.834713    32.5818    26.0786 0.0000e+00
       4012     61.629     1.4219   2.837997    32.5601    26.0573 0.0000e+00
       4013     60.751     1.4985   2.843102    32.5456    26.0406 0.0000e+00
       4014     59.868     1.5839   2.849917    32.5436    26.0332 0.0000e+00
       4015     59.003     1.6511   2.854910    32.5374    26.0237 0.0000e+00
       4016     58.139     1.7056   2.857893    32.5190    26.0052 0.0000e+00
       4017     57.249     1.7733   2.862011    32.5014    25.9863 0.0000e+00
       4018     56.320     1.8504   2.867271    32.4883    25.9705 0.0000e+00
       4019     55.370     1.9077   2.870871    32.4749    25.9556 0.0000e+00
       4020     54.447     1.9357   2.872209    32.4633    25.9444 0.0000e+00
       4021     53.579     1.9528   2.872962    32.4557    25.9370 0.0000e+00
       4022     52.746     1.9772   2.874441    32.4495    25.9303 0.0000e+00
       4023     51.921     2.0124   2.876895    32.4444    25.9237 0.0000e+00
       4024     51.086     2.0495   2.879533    32.4397    25.9172 0.0000e+00
       4025     50.223     2.0830   2.881794    32.4340    25.9101 0.0000e+00
       4026     49.322     2.1157   2.884051    32.4291    25.9038 0.0000e+00
       4027     48.368     2.1467   2.886200    32.4246    25.8979 0.0000e+00
       4028     47.362     2.1748   2.887947    32.4181    25.8906 0.0000e+00
       4029     46.338     2.2052   2.889700    32.4093    25.8813 0.0000e+00
       4030     45.333     2.2456   2.892176    32.3993    25.8702 0.0000e+00
       4031     44.364     2.2942   2.895359    32.3896    25.8588 0.0000e+00
       4032     43.435     2.3366   2.897848    32.3777    25.8460 0.0000e+00
       4033     42.542     2.3648   2.899196    32.3661    25.8346 0.0000e+00
       4034     41.666     2.3851   2.900474    32.3617    25.8295 0.0000e+00
       4035     40.785     2.4001   2.901684    32.3619    25.8284 0.0000e+00
       4036     39.890     2.4073   2.902152    32.3608    25.8270 0.0000e+00
       4037     38.985     2.4083   2.901948    32.3578    25.8245 0.0000e+00
       4038     38.118     2.4039   2.901348    32.3553    25.8229 0.0000e+00
       4039     37.337     2.3947   2.900669    32.3567    25.8247 0.0000e+00
       4040     36.614     2.3865   2.900293    32.3608    25.8286 0.0000e+00
       4041     35.925     2.3815   2.900557    32.3695    25.8360 0.0000e+00
       4042     35.312     2.3783   2.901336    32.3827    25.8468 0.0000e+00
       4043     34.793     2.3811   2.901487    32.3820    25.8460 0.0000e+00
       4044     34.346     2.4059   2.901590    32.3583    25.8251 0.0000e+00
       4045     33.949     2.4660   2.903989    32.3271    25.7955 0.0000e+00
       4046     33.579     2.5362   2.906495    32.2870    25.7579 0.0000e+00
       4047     33.215     2.5768   2.905797    32.2376    25.7152 0.0000e+00
       4048     32.851     2.5922   2.904658    32.2084    25.6906 0.0000e+00
       4049     32.488     2.6183   2.907168    32.2130    25.6922 0.0000e+00
       4050     32.115     2.6788   2.913919    32.2348    25.7048 0.0000e+00
       4051     31.719     2.7628   2.921116    32.2383    25.7007 0.0000e+00
       4052     31.306     2.8331   2.923748    32.1999    25.6643 0.0000e+00
       4053     30.886     2.8657   2.921515    32.1404    25.6141 0.0000e+00
       4054     30.467     2.8776   2.919934    32.1095    25.5885 0.0000e+00
       4055     30.056     2.9064   2.924895    32.1411    25.6113 0.0000e+00
       4056     29.662     2.9626   2.934085    32.1965    25.6508 0.0000e+00
       4057     29.305     3.0266   2.941273    32.2197    25.6639 0.0000e+00
       4058     28.976     3.0869   2.946438    32.2221    25.6606 0.0000e+00
       4059     28.637     3.1383   2.951493    32.2319    25.6640 0.0000e+00
       4060     28.276     3.1653   2.954292    32.2389    25.6672 0.0000e+00
       4061     27.907     3.1643   2.953592    32.2316    25.6615 0.0000e+00
       4062     27.540     3.1575   2.952517    32.2256    25.6574 0.0000e+00
       4063     27.175     3.1686   2.953715    32.2292    25.6592 0.0000e+00
       4064     26.815     3.2003   2.956597    32.2325    25.6591 0.0000e+00
       4065     26.460     3.2431   2.959394    32.2236    25.6483 0.0000e+00
       4066     26.108     3.2981   2.963027    32.2127    25.6347 0.0000e+00
       4067     25.753     3.3692   2.969683    32.2220    25.6358 0.0000e+00
       4068     25.390     3.4382   2.976802    32.2388    25.6430 0.0000e+00
       4069     25.015     3.4828   2.980437    32.2382    25.6384 0.0000e+00
       4070     24.632     3.5042   2.981186    32.2261    25.6268 0.0000e+00
       4071     24.245     3.5139   2.981317    32.2182    25.6197 0.0000e+00
       4072     23.863     3.5175   2.981589    32.2181    25.6192 0.0000e+00
       4073     23.501     3.5179   2.982201    32.2252    25.6249 0.0000e+00
       4074     23.159     3.5176   2.983125    32.2367    25.6341 0.0000e+00
       4075     22.822     3.5141   2.983603    32.2461    25.6418 0.0000e+00
       4076     22.473     3.5015   2.982779    32.2489    25.6453 0.0000e+00
       4077     22.104     3.4777   2.980616    32.2469    25.6458 0.0000e+00
       4078     21.716     3.4472   2.977756    32.2432    25.6456 0.0000e+00
       4079     21.320     3.4184   2.974982    32.2389    25.6448 0.0000e+00
       4080     20.933     3.3991   2.973052    32.2351    25.6436 0.0000e+00
       4081     20.560     3.3934   2.972379    32.2329    25.6423 0.0000e+00
       4082     20.196     3.3994   2.972584    32.2296    25.6391 0.0000e+00
       4083     19.831     3.4116   2.973122    32.2241    25.6337 0.0000e+00
       4084     19.470     3.4241   2.973777    32.2197    25.6290 0.0000e+00
       4085     19.124     3.4330   2.974390    32.2184    25.6272 0.0000e+00
       4086     18.794     3.4378   2.974829    32.2191    25.6273 0.0000e+00
       4087     18.467     3.4394   2.974892    32.2184    25.6266 0.0000e+00
       4088     18.129     3.4393   2.974584    32.2150    25.6239 0.0000e+00
       4089     17.774     3.4385   2.974362    32.2133    25.6226 0.0000e+00
       4090     17.406     3.4373   2.974258    32.2135    25.6228 0.0000e+00
       4091     17.036     3.4365   2.973826    32.2093    25.6196 0.0000e+00
       4092     16.636     3.4365   2.973343    32.2037    25.6151 0.0000e+00
       4093     16.166     3.4364   2.973015    32.2001    25.6123 0.0000e+00
       4094     15.631     3.4359   2.972625    32.1962    25.6092 0.0000e+00
       4095     15.040     3.4369   2.972699    32.1964    25.6093 0.0000e+00
       4096     14.398     3.4389   2.973184    32.2006    25.6124 0.0000e+00
       4097     13.733     3.4390   2.973316    32.2024    25.6139 0.0000e+00
       4098     13.076     3.4371   2.973051    32.2015    25.6133 0.0000e+00
       4099     12.437     3.4350   2.972607    32.1986    25.6112 0.0000e+00
       4100     11.814     3.4337   2.972254    32.1960    25.6092 0.0000e+00
       4101     11.207     3.4331   2.972162    32.1958    25.6091 0.0000e+00
       4102     10.613     3.4326   2.972043    32.1952    25.6087 0.0000e+00
