Datasets/Test_Dataset_39219_tow/originals/tel219_2021_012.cnv
* Sea-Bird SBE19plus Data File:
* Filename = C:/AQUIRE/tel219_2021_012.hex
* Software Version AquireV2 AF V2.0
* Temperature SN =  4020
* Conductivity SN =  4020
* System UpLoad Time = May 06 2021 23:51:20
** VESSEL/TRIP/SEQ STN: tel219_2021_012
** LATITUDE: 46 10.69 N
** LONGITUDE: 55 50.95 W
** DATE/TIME: 2021-05-06 23:04
** SOUNDING DEPTH (M): 0057
** PROBE TYPE: S4020
** CTD NUMBER: 012
** FORMAT: T
** COMMENTS: 
# nquan = 7                                 
# nvalues = 2664                        
# units = specified
# name 0 = scan: Scan Count
# name 1 = prdM: Pressure, Strain Gauge [db]
# name 2 = tv290C: Temperature [ITS-90, deg C]
# name 3 = c0S/m: Conductivity [S/m]
# name 4 = sal00: Salinity, Practical [PSU]
# name 5 = sigma-t00: Density [sigma-t, kg/m^3 ]
# name 6 = flag: flag
# span 0 =          1,       2664       
# span 1 =     -0.191,     53.847       
# span 2 =     2.0617,     3.4547       
# span 3 =   0.005544,   2.919314       
# span 4 =     0.0424,    32.1175       
# span 5 =     0.0054,    25.6578       
# span 6 = 0.0000e+00, 0.0000e+00       
# interval = seconds: 1
# start_time = May 06 2021 23:04:17 [Instrument's time stamp, header]
# bad_flag = -9.990e-29
*END*
[from data line 1436]
       1437     52.655     2.0806   2.855181    32.1047    25.6468 0.0000e+00
       1438     52.652     2.0801   2.855166    32.1051    25.6471 0.0000e+00
       1439     52.629     2.0802   2.855177    32.1051    25.6471 0.0000e+00
       1440     52.607     2.0804   2.855179    32.1049    25.6469 0.0000e+00
       1441     52.605     2.0803   2.855153    32.1047    25.6468 0.0000e+00
       1442     52.627     2.0799   2.855111    32.1046    25.6467 0.0000e+00
       1443     52.660     2.0796   2.855091    32.1046    25.6468 0.0000e+00
       1444     52.691     2.0797   2.855112    32.1048    25.6469 0.0000e+00
       1445     52.712     2.0804   2.855163    32.1047    25.6467 0.0000e+00
       1446     52.721     2.0810   2.855209    32.1046    25.6467 0.0000e+00
       1447     52.718     2.0809   2.855197    32.1046    25.6466 0.0000e+00
       1448     52.713     2.0802   2.855132    32.1045    25.6466 0.0000e+00
       1449     52.723     2.0797   2.855088    32.1045    25.6466 0.0000e+00
       1450     52.754     2.0799   2.855103    32.1044    25.6466 0.0000e+00
       1451     52.792     2.0804   2.855150    32.1045    25.6466 0.0000e+00
       1452     52.817     2.0809   2.855187    32.1044    25.6465 0.0000e+00
       1453     52.825     2.0816   2.855227    32.1042    25.6463 0.0000e+00
       1454     52.827     2.0826   2.855298    32.1041    25.6461 0.0000e+00
       1455     52.838     2.0838   2.855396    32.1041    25.6460 0.0000e+00
       1456     52.850     2.0840   2.855425    32.1042    25.6461 0.0000e+00
       1457     52.838     2.0831   2.855335    32.1040    25.6460 0.0000e+00
       1458     52.805     2.0821   2.855259    32.1041    25.6461 0.0000e+00
       1459     52.784     2.0817   2.855226    32.1041    25.6462 0.0000e+00
       1460     52.794     2.0813   2.855185    32.1040    25.6461 0.0000e+00
       1461     52.822     2.0815   2.855195    32.1039    25.6460 0.0000e+00
       1462     52.844     2.0831   2.855323    32.1039    25.6459 0.0000e+00
       1463     52.848     2.0857   2.855518    32.1036    25.6455 0.0000e+00
       1464     52.850     2.0871   2.855609    32.1034    25.6452 0.0000e+00
       1465     52.864     2.0868   2.855564    32.1031    25.6450 0.0000e+00
       1466     52.878     2.0858   2.855496    32.1033    25.6452 0.0000e+00
       1467     52.877     2.0848   2.855440    32.1036    25.6455 0.0000e+00
       1468     52.867     2.0838   2.855364    32.1036    25.6457 0.0000e+00
       1469     52.868     2.0836   2.855351    32.1037    25.6457 0.0000e+00
       1470     52.889     2.0845   2.855438    32.1038    25.6458 0.0000e+00
       1471     52.921     2.0850   2.855481    32.1039    25.6457 0.0000e+00
       1472     52.945     2.0846   2.855438    32.1037    25.6457 0.0000e+00
       1473     52.953     2.0836   2.855358    32.1037    25.6457 0.0000e+00
       1474     52.949     2.0827   2.855298    32.1039    25.6459 0.0000e+00
       1475     52.948     2.0824   2.855296    32.1042    25.6462 0.0000e+00
       1476     52.962     2.0829   2.855321    32.1040    25.6460 0.0000e+00
       1477     52.983     2.0842   2.855406    32.1037    25.6457 0.0000e+00
       1478     52.994     2.0863   2.855562    32.1035    25.6454 0.0000e+00
       1479     52.988     2.0881   2.855694    32.1033    25.6451 0.0000e+00
       1480     52.975     2.0880   2.855678    32.1032    25.6450 0.0000e+00
       1481     52.973     2.0863   2.855527    32.1031    25.6450 0.0000e+00
       1482     52.981     2.0845   2.855407    32.1034    25.6454 0.0000e+00
       1483     52.983     2.0833   2.855335    32.1037    25.6458 0.0000e+00
       1484     52.981     2.0823   2.855274    32.1040    25.6460 0.0000e+00
       1485     52.992     2.0820   2.855260    32.1041    25.6462 0.0000e+00
       1486     53.020     2.0826   2.855296    32.1039    25.6460 0.0000e+00
       1487     53.051     2.0839   2.855390    32.1038    25.6458 0.0000e+00
       1488     53.070     2.0852   2.855478    32.1035    25.6455 0.0000e+00
       1489     53.074     2.0853   2.855458    32.1032    25.6452 0.0000e+00
       1490     53.066     2.0851   2.855443    32.1032    25.6452 0.0000e+00
       1491     53.046     2.0856   2.855507    32.1035    25.6454 0.0000e+00
       1492     53.023     2.0860   2.855536    32.1035    25.6454 0.0000e+00
       1493     53.014     2.0862   2.855540    32.1033    25.6452 0.0000e+00
       1494     53.026     2.0865   2.855554    32.1032    25.6451 0.0000e+00
       1495     53.047     2.0863   2.855557    32.1034    25.6453 0.0000e+00
       1496     53.067     2.0858   2.855522    32.1035    25.6454 0.0000e+00
       1497     53.082     2.0854   2.855492    32.1035    25.6454 0.0000e+00
       1498     53.093     2.0854   2.855500    32.1036    25.6455 0.0000e+00
       1499     53.104     2.0854   2.855494    32.1035    25.6454 0.0000e+00
       1500     53.105     2.0852   2.855477    32.1035    25.6454 0.0000e+00
       1501     53.082     2.0848   2.855454    32.1036    25.6456 0.0000e+00
       1502     53.046     2.0844   2.855418    32.1036    25.6456 0.0000e+00
       1503     53.024     2.0841   2.855386    32.1035    25.6455 0.0000e+00
       1504     53.031     2.0839   2.855388    32.1038    25.6457 0.0000e+00
       1505     53.055     2.0844   2.855432    32.1038    25.6457 0.0000e+00
       1506     53.071     2.0853   2.855494    32.1036    25.6455 0.0000e+00
       1507     53.067     2.0857   2.855518    32.1035    25.6454 0.0000e+00
       1508     53.051     2.0854   2.855469    32.1032    25.6452 0.0000e+00
       1509     53.043     2.0846   2.855404    32.1032    25.6453 0.0000e+00
       1510     53.057     2.0842   2.855393    32.1035    25.6455 0.0000e+00
       1511     53.087     2.0839   2.855401    32.1039    25.6458 0.0000e+00
       1512     53.119     2.0839   2.855392    32.1038    25.6457 0.0000e+00
       1513     53.147     2.0839   2.855388    32.1037    25.6457 0.0000e+00
       1514     53.170     2.0839   2.855397    32.1038    25.6458 0.0000e+00
       1515     53.186     2.0839   2.855401    32.1038    25.6458 0.0000e+00
       1516     53.196     2.0838   2.855390    32.1038    25.6458 0.0000e+00
       1517     53.207     2.0837   2.855388    32.1039    25.6458 0.0000e+00
       1518     53.222     2.0838   2.855400    32.1039    25.6459 0.0000e+00
       1519     53.239     2.0839   2.855410    32.1039    25.6459 0.0000e+00
       1520     53.250     2.0840   2.855413    32.1038    25.6458 0.0000e+00
       1521     53.252     2.0842   2.855422    32.1038    25.6457 0.0000e+00
       1522     53.252     2.0846   2.855443    32.1036    25.6456 0.0000e+00
       1523     53.258     2.0848   2.855462    32.1036    25.6456 0.0000e+00
       1524     53.270     2.0850   2.855477    32.1036    25.6455 0.0000e+00
       1525     53.280     2.0853   2.855501    32.1036    25.6455 0.0000e+00
       1526     53.286     2.0852   2.855502    32.1037    25.6456 0.0000e+00
       1527     53.290     2.0848   2.855468    32.1037    25.6456 0.0000e+00
       1528     53.298     2.0846   2.855447    32.1036    25.6456 0.0000e+00
       1529     53.314     2.0846   2.855455    32.1037    25.6457 0.0000e+00
       1530     53.325     2.0846   2.855462    32.1038    25.6457 0.0000e+00
       1531     53.321     2.0845   2.855450    32.1038    25.6457 0.0000e+00
       1532     53.309     2.0843   2.855437    32.1038    25.6458 0.0000e+00
       1533     53.306     2.0844   2.855453    32.1039    25.6458 0.0000e+00
       1534     53.316     2.0848   2.855487    32.1039    25.6458 0.0000e+00
       1535     53.329     2.0850   2.855495    32.1038    25.6457 0.0000e+00
       1536     53.336     2.0850   2.855480    32.1036    25.6455 0.0000e+00
       1537     53.338     2.0848   2.855462    32.1036    25.6455 0.0000e+00
       1538     53.337     2.0846   2.855447    32.1036    25.6456 0.0000e+00
       1539     53.336     2.0843   2.855427    32.1037    25.6456 0.0000e+00
       1540     53.331     2.0843   2.855426    32.1037    25.6456 0.0000e+00
       1541     53.318     2.0848   2.855464    32.1036    25.6456 0.0000e+00
       1542     53.313     2.0852   2.855494    32.1036    25.6455 0.0000e+00
       1543     53.330     2.0850   2.855476    32.1036    25.6455 0.0000e+00
       1544     53.359     2.0846   2.855453    32.1037    25.6456 0.0000e+00
       1545     53.382     2.0846   2.855462    32.1038    25.6457 0.0000e+00
       1546     53.394     2.0848   2.855482    32.1038    25.6457 0.0000e+00
       1547     53.406     2.0847   2.855482    32.1039    25.6458 0.0000e+00
       1548     53.425     2.0845   2.855461    32.1038    25.6458 0.0000e+00
       1549     53.443     2.0844   2.855448    32.1038    25.6457 0.0000e+00
       1550     53.454     2.0846   2.855463    32.1038    25.6457 0.0000e+00
       1551     53.456     2.0850   2.855492    32.1037    25.6456 0.0000e+00
       1552     53.454     2.0854   2.855523    32.1037    25.6456 0.0000e+00
       1553     53.451     2.0858   2.855558    32.1037    25.6456 0.0000e+00
       1554     53.450     2.0861   2.855588    32.1038    25.6456 0.0000e+00
       1555     53.451     2.0863   2.855597    32.1037    25.6455 0.0000e+00
       1556     53.447     2.0862   2.855584    32.1036    25.6455 0.0000e+00
       1557     53.441     2.0858   2.855552    32.1036    25.6455 0.0000e+00
       1558     53.449     2.0853   2.855507    32.1036    25.6455 0.0000e+00
       1559     53.472     2.0850   2.855484    32.1036    25.6455 0.0000e+00
       1560     53.493     2.0851   2.855504    32.1037    25.6456 0.0000e+00
       1561     53.499     2.0855   2.855534    32.1037    25.6456 0.0000e+00
       1562     53.491     2.0858   2.855540    32.1035    25.6454 0.0000e+00
       1563     53.478     2.0859   2.855552    32.1035    25.6454 0.0000e+00
       1564     53.466     2.0861   2.855577    32.1036    25.6455 0.0000e+00
       1565     53.452     2.0864   2.855594    32.1036    25.6454 0.0000e+00
       1566     53.436     2.0866   2.855605    32.1035    25.6453 0.0000e+00
       1567     53.432     2.0868   2.855623    32.1035    25.6453 0.0000e+00
       1568     53.450     2.0869   2.855639    32.1036    25.6454 0.0000e+00
       1569     53.478     2.0871   2.855650    32.1035    25.6453 0.0000e+00
       1570     53.500     2.0873   2.855656    32.1034    25.6452 0.0000e+00
       1571     53.511     2.0873   2.855654    32.1034    25.6452 0.0000e+00
       1572     53.508     2.0872   2.855649    32.1034    25.6452 0.0000e+00
       1573     53.499     2.0873   2.855655    32.1034    25.6452 0.0000e+00
       1574     53.495     2.0873   2.855663    32.1035    25.6453 0.0000e+00
       1575     53.494     2.0874   2.855675    32.1035    25.6453 0.0000e+00
       1576     53.493     2.0876   2.855687    32.1035    25.6452 0.0000e+00
       1577     53.492     2.0877   2.855696    32.1035    25.6452 0.0000e+00
       1578     53.491     2.0877   2.855702    32.1036    25.6453 0.0000e+00
       1579     53.497     2.0879   2.855707    32.1034    25.6452 0.0000e+00
       1580     53.515     2.0878   2.855709    32.1035    25.6453 0.0000e+00
       1581     53.538     2.0877   2.855711    32.1036    25.6454 0.0000e+00
       1582     53.550     2.0879   2.855712    32.1034    25.6452 0.0000e+00
       1583     53.545     2.0879   2.855711    32.1034    25.6452 0.0000e+00
       1584     53.531     2.0880   2.855715    32.1034    25.6451 0.0000e+00
       1585     53.520     2.0881   2.855721    32.1034    25.6451 0.0000e+00
       1586     53.520     2.0881   2.855722    32.1034    25.6451 0.0000e+00
       1587     53.531     2.0881   2.855722    32.1034    25.6451 0.0000e+00
       1588     53.547     2.0880   2.855721    32.1035    25.6452 0.0000e+00
       1589     53.556     2.0880   2.855718    32.1034    25.6452 0.0000e+00
       1590     53.547     2.0879   2.855711    32.1034    25.6452 0.0000e+00
       1591     53.520     2.0879   2.855707    32.1034    25.6452 0.0000e+00
       1592     53.494     2.0880   2.855716    32.1034    25.6452 0.0000e+00
       1593     53.485     2.0881   2.855732    32.1035    25.6452 0.0000e+00
       1594     53.485     2.0882   2.855743    32.1036    25.6453 0.0000e+00
       1595     53.482     2.0883   2.855747    32.1035    25.6452 0.0000e+00
       1596     53.475     2.0884   2.855750    32.1035    25.6452 0.0000e+00
       1597     53.465     2.0884   2.855749    32.1034    25.6452 0.0000e+00
       1598     53.451     2.0884   2.855745    32.1034    25.6451 0.0000e+00
       1599     53.435     2.0884   2.855748    32.1034    25.6452 0.0000e+00
       1600     53.425     2.0884   2.855755    32.1035    25.6452 0.0000e+00
       1601     53.432     2.0886   2.855768    32.1035    25.6452 0.0000e+00
       1602     53.454     2.0889   2.855786    32.1034    25.6451 0.0000e+00
       1603     53.470     2.0890   2.855795    32.1034    25.6451 0.0000e+00
       1604     53.470     2.0891   2.855791    32.1033    25.6450 0.0000e+00
       1605     53.461     2.0892   2.855800    32.1033    25.6450 0.0000e+00
       1606     53.455     2.0894   2.855818    32.1033    25.6450 0.0000e+00
       1607     53.451     2.0896   2.855823    32.1032    25.6448 0.0000e+00
       1608     53.442     2.0895   2.855815    32.1032    25.6449 0.0000e+00
       1609     53.434     2.0893   2.855801    32.1032    25.6449 0.0000e+00
       1610     53.437     2.0892   2.855793    32.1032    25.6449 0.0000e+00
       1611     53.453     2.0892   2.855794    32.1032    25.6449 0.0000e+00
       1612     53.464     2.0892   2.855796    32.1032    25.6449 0.0000e+00
       1613     53.459     2.0892   2.855797    32.1032    25.6449 0.0000e+00
       1614     53.449     2.0892   2.855799    32.1033    25.6450 0.0000e+00
       1615     53.449     2.0892   2.855800    32.1033    25.6450 0.0000e+00
       1616     53.455     2.0892   2.855801    32.1033    25.6450 0.0000e+00
       1617     53.454     2.0895   2.855818    32.1032    25.6449 0.0000e+00
       1618     53.443     2.0899   2.855856    32.1033    25.6449 0.0000e+00
       1619     53.438     2.0904   2.855895    32.1032    25.6449 0.0000e+00
       1620     53.451     2.0906   2.855902    32.1031    25.6447 0.0000e+00
       1621     53.467     2.0907   2.855897    32.1029    25.6446 0.0000e+00
       1622     53.468     2.0913   2.855933    32.1028    25.6444 0.0000e+00
       1623     53.455     2.0919   2.855989    32.1029    25.6445 0.0000e+00
       1624     53.442     2.0917   2.855981    32.1030    25.6446 0.0000e+00
       1625     53.437     2.0909   2.855927    32.1031    25.6447 0.0000e+00
       1626     53.443     2.0904   2.855898    32.1033    25.6449 0.0000e+00
       1627     53.453     2.0903   2.855892    32.1033    25.6449 0.0000e+00
       1628     53.459     2.0903   2.855887    32.1032    25.6449 0.0000e+00
       1629     53.457     2.0903   2.855881    32.1032    25.6448 0.0000e+00
       1630     53.452     2.0903   2.855876    32.1031    25.6447 0.0000e+00
       1631     53.448     2.0902   2.855866    32.1031    25.6447 0.0000e+00
       1632     53.450     2.0900   2.855853    32.1031    25.6448 0.0000e+00
       1633     53.460     2.0900   2.855854    32.1031    25.6448 0.0000e+00
       1634     53.469     2.0899   2.855857    32.1033    25.6449 0.0000e+00
       1635     53.470     2.0899   2.855852    32.1032    25.6449 0.0000e+00
       1636     53.467     2.0899   2.855846    32.1031    25.6448 0.0000e+00
       1637     53.467     2.0899   2.855854    32.1032    25.6449 0.0000e+00
       1638     53.472     2.0902   2.855875    32.1032    25.6448 0.0000e+00
       1639     53.473     2.0905   2.855901    32.1032    25.6448 0.0000e+00
       1640     53.469     2.0909   2.855925    32.1031    25.6447 0.0000e+00
       1641     53.460     2.0911   2.855941    32.1031    25.6447 0.0000e+00
