Datasets/Test_Dataset_39219_tow/originals/tel219_2021_011.cnv
* Sea-Bird SBE19plus Data File:
* Filename = C:/AQUIRE/tel219_2021_011.hex
* Software Version AquireV2 AF V2.0
* Temperature SN =  4020
* Conductivity SN =  4020
* System UpLoad Time = May 06 2021 21:11:36
** VESSEL/TRIP/SEQ STN: tel219_2021_011
** LATITUDE: 46 00.26 N
** LONGITUDE: 55 33.41 W
** DATE/TIME: 2021-05-06 20:28
** SOUNDING DEPTH (M): 0072
** PROBE TYPE: S4020
** CTD NUMBER: 011
** FORMAT: T
** COMMENTS: 
# nquan = 7                                 
# nvalues = 2607                        
# units = specified
# name 0 = scan: Scan Count
# name 1 = prdM: Pressure, Strain Gauge [db]
# name 2 = tv290C: Temperature [ITS-90, deg C]
# name 3 = c0S/m: Conductivity [S/m]
# name 4 = sal00: Salinity, Practical [PSU]
# name 5 = sigma-t00: Density [sigma-t, kg/m^3 ]
# name 6 = flag: flag
# span 0 =          1,       2607       
# span 1 =     -0.146,     67.593       
# span 2 =     1.6376,     3.4107       
# span 3 =   0.006856,   2.945817       
# span 4 =     0.0531,    32.2025       
# span 5 =     0.0118,    25.7542       
# span 6 = 0.0000e+00, 0.0000e+00       
# interval = seconds: 1
# start_time = May 06 2021 20:28:00 [Instrument's time stamp, header]
# bad_flag = -9.990e-29
*END*
[from data line 616]
        617      2.620     3.1138   2.938487    32.1131    25.5714 0.0000e+00
        618      2.838     3.1140   2.938516    32.1132    25.5714 0.0000e+00
        619      3.002     3.1142   2.938548    32.1133    25.5715 0.0000e+00
        620      3.099     3.1143   2.938565    32.1133    25.5715 0.0000e+00
        621      3.157     3.1140   2.938548    32.1134    25.5716 0.0000e+00
        622      3.189     3.1132   2.938482    32.1134    25.5716 0.0000e+00
        623      3.186     3.1121   2.938380    32.1132    25.5716 0.0000e+00
        624      3.185     3.1114   2.938325    32.1133    25.5717 0.0000e+00
        625      3.270     3.1113   2.938335    32.1134    25.5719 0.0000e+00
        626      3.449     3.1118   2.938400    32.1136    25.5720 0.0000e+00
        627      3.682     3.1128   2.938521    32.1140    25.5722 0.0000e+00
        628      3.942     3.1136   2.938608    32.1141    25.5722 0.0000e+00
        629      4.156     3.1140   2.938636    32.1139    25.5720 0.0000e+00
        630      4.251     3.1140   2.938648    32.1140    25.5721 0.0000e+00
        631      4.277     3.1140   2.938646    32.1140    25.5721 0.0000e+00
        632      4.356     3.1140   2.938636    32.1138    25.5719 0.0000e+00
        633      4.525     3.1139   2.938644    32.1139    25.5720 0.0000e+00
        634      4.718     3.1138   2.938670    32.1142    25.5723 0.0000e+00
        635      4.870     3.1138   2.938686    32.1143    25.5724 0.0000e+00
        636      4.956     3.1139   2.938720    32.1146    25.5726 0.0000e+00
        637      4.993     3.1140   2.938774    32.1151    25.5730 0.0000e+00
        638      5.014     3.1137   2.938764    32.1153    25.5732 0.0000e+00
        639      5.054     3.1128   2.938677    32.1151    25.5731 0.0000e+00
        640      5.141     3.1121   2.938614    32.1150    25.5731 0.0000e+00
        641      5.290     3.1116   2.938588    32.1151    25.5732 0.0000e+00
        642      5.490     3.1110   2.938555    32.1152    25.5733 0.0000e+00
        643      5.692     3.1105   2.938526    32.1153    25.5734 0.0000e+00
        644      5.853     3.1102   2.938510    32.1153    25.5734 0.0000e+00
        645      5.979     3.1098   2.938494    32.1154    25.5736 0.0000e+00
        646      6.115     3.1095   2.938478    32.1155    25.5736 0.0000e+00
        647      6.278     3.1089   2.938434    32.1154    25.5737 0.0000e+00
        648      6.460     3.1079   2.938356    32.1154    25.5737 0.0000e+00
        649      6.656     3.1075   2.938322    32.1153    25.5737 0.0000e+00
        650      6.861     3.1074   2.938338    32.1155    25.5738 0.0000e+00
        651      7.073     3.1072   2.938341    32.1156    25.5739 0.0000e+00
        652      7.294     3.1069   2.938326    32.1156    25.5740 0.0000e+00
        653      7.528     3.1066   2.938315    32.1156    25.5740 0.0000e+00
        654      7.749     3.1062   2.938305    32.1158    25.5742 0.0000e+00
        655      7.898     3.1060   2.938289    32.1157    25.5741 0.0000e+00
        656      8.018     3.1061   2.938295    32.1156    25.5741 0.0000e+00
        657      8.197     3.1063   2.938341    32.1159    25.5743 0.0000e+00
        658      8.408     3.1063   2.938367    32.1161    25.5744 0.0000e+00
        659      8.600     3.1060   2.938333    32.1159    25.5743 0.0000e+00
        660      8.801     3.1053   2.938275    32.1158    25.5742 0.0000e+00
        661      9.049     3.1051   2.938261    32.1157    25.5742 0.0000e+00
        662      9.315     3.1054   2.938308    32.1158    25.5743 0.0000e+00
        663      9.560     3.1056   2.938347    32.1159    25.5744 0.0000e+00
        664      9.785     3.1050   2.938296    32.1158    25.5743 0.0000e+00
        665     10.013     3.1039   2.938215    32.1158    25.5744 0.0000e+00
        666     10.248     3.1030   2.938180    32.1162    25.5748 0.0000e+00
        667     10.467     3.1028   2.938177    32.1162    25.5748 0.0000e+00
        668     10.682     3.1025   2.938169    32.1163    25.5749 0.0000e+00
        669     10.931     3.1008   2.938032    32.1162    25.5750 0.0000e+00
        670     11.211     3.0982   2.937765    32.1154    25.5746 0.0000e+00
        671     11.485     3.0968   2.937666    32.1155    25.5747 0.0000e+00
        672     11.732     3.0978   2.937805    32.1160    25.5751 0.0000e+00
        673     11.974     3.0995   2.938010    32.1167    25.5755 0.0000e+00
        674     12.232     3.0996   2.938039    32.1168    25.5756 0.0000e+00
        675     12.501     3.0953   2.937660    32.1164    25.5756 0.0000e+00
        676     12.776     3.0863   2.936898    32.1160    25.5760 0.0000e+00
        677     13.064     3.0757   2.936009    32.1157    25.5767 0.0000e+00
        678     13.375     3.0677   2.935339    32.1154    25.5771 0.0000e+00
        679     13.704     3.0628   2.935035    32.1164    25.5784 0.0000e+00
        680     14.029     3.0583   2.934720    32.1169    25.5792 0.0000e+00
        681     14.334     3.0520   2.934161    32.1163    25.5792 0.0000e+00
        682     14.624     3.0447   2.933603    32.1167    25.5801 0.0000e+00
        683     14.915     3.0406   2.933250    32.1163    25.5802 0.0000e+00
        684     15.214     3.0420   2.933415    32.1168    25.5805 0.0000e+00
        685     15.522     3.0454   2.933757    32.1173    25.5806 0.0000e+00
        686     15.839     3.0473   2.933869    32.1166    25.5799 0.0000e+00
        687     16.162     3.0485   2.933985    32.1167    25.5798 0.0000e+00
        688     16.477     3.0498   2.934121    32.1169    25.5799 0.0000e+00
        689     16.777     3.0511   2.934212    32.1165    25.5795 0.0000e+00
        690     17.074     3.0528   2.934351    32.1163    25.5792 0.0000e+00
        691     17.376     3.0545   2.934510    32.1164    25.5791 0.0000e+00
        692     17.679     3.0551   2.934548    32.1161    25.5788 0.0000e+00
        693     17.986     3.0531   2.934396    32.1161    25.5790 0.0000e+00
        694     18.304     3.0482   2.934001    32.1160    25.5793 0.0000e+00
        695     18.633     3.0423   2.933495    32.1156    25.5795 0.0000e+00
        696     18.967     3.0391   2.933248    32.1157    25.5798 0.0000e+00
        697     19.299     3.0392   2.933318    32.1162    25.5803 0.0000e+00
        698     19.633     3.0404   2.933497    32.1170    25.5808 0.0000e+00
        699     19.982     3.0406   2.933461    32.1162    25.5801 0.0000e+00
        700     20.352     3.0400   2.933411    32.1160    25.5800 0.0000e+00
        701     20.734     3.0352   2.933360    32.1200    25.5836 0.0000e+00
        702     21.117     3.0103   2.931220    32.1187    25.5847 0.0000e+00
        703     21.503     2.9573   2.926591    32.1154    25.5865 0.0000e+00
        704     21.892     2.8825   2.920519    32.1162    25.5934 0.0000e+00
        705     22.279     2.7979   2.913271    32.1125    25.5975 0.0000e+00
        706     22.664     2.7295   2.907702    32.1130    25.6034 0.0000e+00
        707     23.047     2.6933   2.905316    32.1200    25.6120 0.0000e+00
        708     23.430     2.6776   2.904269    32.1228    25.6154 0.0000e+00
        709     23.814     2.6678   2.903466    32.1226    25.6161 0.0000e+00
        710     24.201     2.6587   2.902664    32.1217    25.6161 0.0000e+00
        711     24.588     2.6509   2.901989    32.1211    25.6162 0.0000e+00
        712     24.976     2.6463   2.901665    32.1215    25.6170 0.0000e+00
        713     25.364     2.6443   2.901522    32.1216    25.6172 0.0000e+00
        714     25.753     2.6428   2.901380    32.1212    25.6169 0.0000e+00
        715     26.144     2.6411   2.901219    32.1207    25.6167 0.0000e+00
        716     26.544     2.6397   2.901054    32.1199    25.6162 0.0000e+00
        717     26.951     2.6387   2.900960    32.1195    25.6159 0.0000e+00
        718     27.358     2.6377   2.900919    32.1198    25.6163 0.0000e+00
        719     27.767     2.6359   2.900798    32.1199    25.6165 0.0000e+00
        720     28.184     2.6335   2.900598    32.1196    25.6165 0.0000e+00
        721     28.612     2.6315   2.900428    32.1193    25.6164 0.0000e+00
        722     29.042     2.6303   2.900323    32.1190    25.6162 0.0000e+00
        723     29.470     2.6298   2.900262    32.1186    25.6159 0.0000e+00
        724     29.898     2.6294   2.900254    32.1186    25.6160 0.0000e+00
        725     30.328     2.6290   2.900268    32.1190    25.6163 0.0000e+00
        726     30.761     2.6288   2.900272    32.1190    25.6163 0.0000e+00
        727     31.206     2.6284   2.900252    32.1189    25.6163 0.0000e+00
        728     31.659     2.6279   2.900217    32.1188    25.6162 0.0000e+00
        729     32.107     2.6273   2.900181    32.1187    25.6162 0.0000e+00
        730     32.549     2.6265   2.900145    32.1188    25.6164 0.0000e+00
        731     32.994     2.6257   2.900100    32.1188    25.6164 0.0000e+00
        732     33.450     2.6248   2.900035    32.1187    25.6164 0.0000e+00
        733     33.916     2.6239   2.899967    32.1185    25.6163 0.0000e+00
        734     34.387     2.6234   2.899943    32.1185    25.6163 0.0000e+00
        735     34.855     2.6231   2.899958    32.1187    25.6166 0.0000e+00
        736     35.315     2.6229   2.899965    32.1187    25.6166 0.0000e+00
        737     35.774     2.6225   2.899942    32.1186    25.6165 0.0000e+00
        738     36.241     2.6219   2.899876    32.1182    25.6162 0.0000e+00
        739     36.715     2.6210   2.899666    32.1163    25.6148 0.0000e+00
        740     37.189     2.6197   2.899483    32.1151    25.6139 0.0000e+00
        741     37.659     2.6181   2.899513    32.1168    25.6154 0.0000e+00
        742     38.130     2.6157   2.899456    32.1183    25.6168 0.0000e+00
        743     38.604     2.6123   2.899218    32.1185    25.6172 0.0000e+00
        744     39.075     2.6083   2.898951    32.1190    25.6180 0.0000e+00
        745     39.542     2.6044   2.898697    32.1196    25.6187 0.0000e+00
        746     40.013     2.6009   2.898475    32.1201    25.6194 0.0000e+00
        747     40.494     2.5980   2.898287    32.1205    25.6200 0.0000e+00
        748     40.979     2.5953   2.898125    32.1209    25.6205 0.0000e+00
        749     41.467     2.5924   2.897926    32.1212    25.6210 0.0000e+00
        750     41.965     2.5890   2.897655    32.1210    25.6211 0.0000e+00
        751     42.471     2.5854   2.897393    32.1211    25.6215 0.0000e+00
        752     42.971     2.5815   2.897151    32.1218    25.6223 0.0000e+00
        753     43.457     2.5759   2.896787    32.1227    25.6235 0.0000e+00
        754     43.932     2.5680   2.896244    32.1238    25.6250 0.0000e+00
        755     44.396     2.5577   2.895499    32.1248    25.6266 0.0000e+00
        756     44.850     2.5439   2.894468    32.1258    25.6285 0.0000e+00
        757     45.300     2.5258   2.893127    32.1273    25.6311 0.0000e+00
        758     45.747     2.5051   2.891596    32.1291    25.6342 0.0000e+00
        759     46.191     2.4824   2.889943    32.1314    25.6378 0.0000e+00
        760     46.636     2.4559   2.887977    32.1337    25.6417 0.0000e+00
        761     47.082     2.4272   2.885849    32.1363    25.6460 0.0000e+00
        762     47.515     2.3994   2.883838    32.1393    25.6506 0.0000e+00
        763     47.931     2.3724   2.881803    32.1413    25.6542 0.0000e+00
        764     48.343     2.3457   2.879734    32.1426    25.6573 0.0000e+00
        765     48.761     2.3205   2.877796    32.1439    25.6602 0.0000e+00
        766     49.185     2.2996   2.876249    32.1457    25.6633 0.0000e+00
        767     49.604     2.2830   2.875152    32.1487    25.6669 0.0000e+00
        768     50.008     2.2619   2.873651    32.1513    25.6706 0.0000e+00
        769     50.404     2.2277   2.871013    32.1531    25.6746 0.0000e+00
        770     50.798     2.1816   2.867477    32.1558    25.6802 0.0000e+00
        771     51.185     2.1334   2.863749    32.1583    25.6857 0.0000e+00
        772     51.560     2.0942   2.860932    32.1629    25.6923 0.0000e+00
        773     51.923     2.0666   2.859205    32.1693    25.6994 0.0000e+00
        774     52.277     2.0428   2.857533    32.1725    25.7037 0.0000e+00
        775     52.629     2.0157   2.855421    32.1736    25.7066 0.0000e+00
        776     52.982     1.9842   2.853071    32.1762    25.7109 0.0000e+00
        777     53.336     1.9491   2.850441    32.1789    25.7156 0.0000e+00
        778     53.687     1.9091   2.847393    32.1815    25.7205 0.0000e+00
        779     54.031     1.8637   2.843906    32.1840    25.7257 0.0000e+00
        780     54.367     1.8184   2.840319    32.1852    25.7299 0.0000e+00
        781     54.697     1.7809   2.837557    32.1887    25.7353 0.0000e+00
        782     55.019     1.7520   2.835565    32.1931    25.7408 0.0000e+00
        783     55.335     1.7277   2.833633    32.1936    25.7428 0.0000e+00
        784     55.645     1.7090   2.832149    32.1939    25.7444 0.0000e+00
        785     55.952     1.6964   2.831354    32.1967    25.7474 0.0000e+00
        786     56.270     1.6849   2.830539    32.1980    25.7493 0.0000e+00
        787     56.597     1.6735   2.829765    32.1998    25.7515 0.0000e+00
        788     56.921     1.6660   2.829388    32.2025    25.7542 0.0000e+00
        789     57.239     1.6624   2.829014    32.2014    25.7535 0.0000e+00
        790     57.553     1.6605   2.828693    32.1991    25.7518 0.0000e+00
        791     57.865     1.6590   2.828554    32.1987    25.7516 0.0000e+00
        792     58.171     1.6573   2.828377    32.1981    25.7512 0.0000e+00
        793     58.466     1.6554   2.828223    32.1979    25.7512 0.0000e+00
        794     58.753     1.6528   2.828102    32.1989    25.7522 0.0000e+00
        795     59.038     1.6496   2.827829    32.1986    25.7521 0.0000e+00
        796     59.322     1.6470   2.827463    32.1965    25.7506 0.0000e+00
        797     59.605     1.6453   2.827183    32.1946    25.7492 0.0000e+00
        798     59.892     1.6439   2.827007    32.1936    25.7486 0.0000e+00
        799     60.186     1.6427   2.826928    32.1937    25.7487 0.0000e+00
        800     60.485     1.6420   2.826945    32.1945    25.7494 0.0000e+00
        801     60.781     1.6416   2.826958    32.1949    25.7497 0.0000e+00
        802     61.064     1.6414   2.826924    32.1945    25.7494 0.0000e+00
        803     61.326     1.6414   2.826849    32.1934    25.7486 0.0000e+00
        804     61.575     1.6415   2.826737    32.1918    25.7472 0.0000e+00
        805     61.826     1.6414   2.826607    32.1901    25.7459 0.0000e+00
        806     62.079     1.6409   2.826510    32.1893    25.7452 0.0000e+00
        807     62.323     1.6402   2.826514    32.1899    25.7458 0.0000e+00
        808     62.553     1.6394   2.826557    32.1911    25.7468 0.0000e+00
        809     62.774     1.6391   2.826529    32.1910    25.7467 0.0000e+00
        810     62.996     1.6392   2.826422    32.1894    25.7455 0.0000e+00
        811     63.231     1.6393   2.826305    32.1877    25.7441 0.0000e+00
        812     63.477     1.6391   2.826255    32.1871    25.7437 0.0000e+00
        813     63.717     1.6389   2.826280    32.1875    25.7440 0.0000e+00
        814     63.937     1.6389   2.826324    32.1879    25.7443 0.0000e+00
        815     64.137     1.6393   2.826350    32.1877    25.7442 0.0000e+00
        816     64.328     1.6396   2.826347    32.1873    25.7438 0.0000e+00
        817     64.513     1.6398   2.826325    32.1867    25.7433 0.0000e+00
        818     64.693     1.6400   2.826298    32.1861    25.7428 0.0000e+00
        819     64.874     1.6400   2.826276    32.1857    25.7425 0.0000e+00
        820     65.057     1.6397   2.826283    32.1860    25.7427 0.0000e+00
