Datasets/Test_Dataset_39219_tow/originals/tel219_2021_085.cnv
* Sea-Bird SBE19plus Data File:
* Filename = C:/AQUIRE/tel219_2021_085.hex
* Software Version AquireV2 AF V2.0
* Temperature SN =  4020
* Conductivity SN =  4020
* System UpLoad Time = May 17 2021 03:20:28
** VESSEL/TRIP/SEQ STN: tel219_2021_085
** LATITUDE: 46 26.02 N
** LONGITUDE: 55 20.24 W
** DATE/TIME: 2021-05-17 02:39
** SOUNDING DEPTH (M): 0155
** PROBE TYPE: S4020
** CTD NUMBER:  85
** FORMAT: t
** COMMENTS: 
# nquan = 7                                 
# nvalues = 2512                        
# units = specified
# name 0 = scan: Scan Count
# name 1 = prdM: Pressure, Strain Gauge [db]
# name 2 = tv290C: Temperature [ITS-90, deg C]
# name 3 = c0S/m: Conductivity [S/m]
# name 4 = sal00: Salinity, Practical [PSU]
# name 5 = sigma-t00: Density [sigma-t, kg/m^3 ]
# name 6 = flag: flag
# span 0 =          1,       2512       
# span 1 =      0.007,    152.555       
# span 2 =     0.1345,     5.3261       
# span 3 =   0.005787,   3.041036       
# span 4 =     0.0427,    32.6385       
# span 5 =    -0.0031,    26.1937       
# span 6 = 0.0000e+00, 0.0000e+00       
# interval = seconds: 1
# start_time = May 17 2021 02:39:48 [Instrument's time stamp, header]
# bad_flag = -9.990e-29
*END*
[from data line 2257]
       2258      0.444     4.0740   0.026413     0.2092     0.1437 0.0000e+00
       2259      0.442     4.0730   0.026410     0.2092     0.1437 0.0000e+00
       2260      0.442     4.0718   0.026393     0.2091     0.1435 0.0000e+00
       2261      0.440     4.0705   0.026366     0.2088     0.1434 0.0000e+00
       2262      0.437     4.0698   0.026347     0.2087     0.1433 0.0000e+00
       2263      0.436     4.0707   0.026334     0.2086     0.1432 0.0000e+00
       2264      0.438     4.0727   0.026305     0.2083     0.1430 0.0000e+00
       2265      0.440     4.0741   0.026249     0.2079     0.1426 0.0000e+00
       2266      0.439     4.0741   0.026188     0.2074     0.1422 0.0000e+00
       2267      0.437     4.0731   0.026143     0.2070     0.1419 0.0000e+00
       2268      0.434     4.0718   0.026123     0.2068     0.1418 0.0000e+00
       2269      0.428     4.0712   0.026104     0.2067     0.1416 0.0000e+00
       2270      0.422     4.0714   0.026073     0.2064     0.1414 0.0000e+00
       2271      0.419     4.0720   0.026033     0.2061     0.1412 0.0000e+00
       2272      0.419     4.0726   0.025995     0.2058     0.1409 0.0000e+00
       2273      0.421     4.0730   0.025956     0.2055     0.1406 0.0000e+00
       2274      0.420     4.0736   0.025906     0.2051     0.1403 0.0000e+00
       2275      0.415     4.0749   0.025840     0.2045     0.1399 0.0000e+00
       2276      0.415     4.0763   0.025755     0.2038     0.1393 0.0000e+00
       2277      0.417     4.0761   0.025675     0.2031     0.1388 0.0000e+00
       2278      0.416     4.0739   0.025617     0.2027     0.1384 0.0000e+00
       2279      0.412     4.0705   0.025581     0.2024     0.1382 0.0000e+00
       2280      0.406     4.0670   0.025576     0.2024     0.1382 0.0000e+00
       2281      0.403     4.0643   0.025594     0.2025     0.1383 0.0000e+00
       2282      0.405     4.0630   0.025597     0.2026     0.1383 0.0000e+00
       2283      0.407     4.0625   0.025568     0.2023     0.1382 0.0000e+00
       2284      0.404     4.0625   0.025525     0.2020     0.1379 0.0000e+00
       2285      0.398     4.0633   0.025495     0.2017     0.1377 0.0000e+00
       2286      0.395     4.0644   0.025477     0.2016     0.1375 0.0000e+00
       2287      0.398     4.0647   0.025460     0.2014     0.1374 0.0000e+00
       2288      0.401     4.0633   0.025435     0.2013     0.1373 0.0000e+00
       2289      0.401     4.0604   0.025401     0.2010     0.1371 0.0000e+00
       2290      0.399     4.0573   0.025367     0.2007     0.1369 0.0000e+00
       2291      0.398     4.0550   0.025346     0.2006     0.1367 0.0000e+00
       2292      0.399     4.0540   0.025349     0.2006     0.1368 0.0000e+00
       2293      0.400     4.0540   0.025359     0.2007     0.1368 0.0000e+00
       2294      0.397     4.0545   0.025344     0.2006     0.1367 0.0000e+00
       2295      0.394     4.0550   0.025299     0.2002     0.1364 0.0000e+00
       2296      0.393     4.0549   0.025259     0.1999     0.1362 0.0000e+00
       2297      0.392     4.0543   0.025255     0.1998     0.1361 0.0000e+00
       2298      0.390     4.0545   0.025259     0.1999     0.1362 0.0000e+00
       2299      0.386     4.0552   0.025231     0.1996     0.1360 0.0000e+00
       2300      0.382     4.0542   0.025184     0.1992     0.1357 0.0000e+00
       2301      0.381     4.0511   0.025142     0.1989     0.1354 0.0000e+00
       2302      0.381     4.0473   0.025108     0.1987     0.1352 0.0000e+00
       2303      0.378     4.0447   0.025082     0.1985     0.1351 0.0000e+00
       2304      0.377     4.0435   0.025075     0.1984     0.1350 0.0000e+00
       2305      0.378     4.0430   0.025080     0.1985     0.1351 0.0000e+00
       2306      0.377     4.0419   0.025083     0.1985     0.1351 0.0000e+00
       2307      0.373     4.0404   0.025059     0.1983     0.1349 0.0000e+00
       2308      0.371     4.0391   0.025019     0.1980     0.1347 0.0000e+00
       2309      0.372     4.0383   0.025005     0.1979     0.1346 0.0000e+00
       2310      0.374     4.0389   0.025022     0.1980     0.1347 0.0000e+00
       2311      0.372     4.0403   0.025033     0.1981     0.1348 0.0000e+00
       2312      0.370     4.0412   0.025019     0.1980     0.1347 0.0000e+00
       2313      0.368     4.0407   0.024988     0.1977     0.1345 0.0000e+00
       2314      0.367     4.0388   0.024960     0.1975     0.1343 0.0000e+00
       2315      0.365     4.0372   0.024948     0.1974     0.1342 0.0000e+00
       2316      0.362     4.0372   0.024945     0.1974     0.1342 0.0000e+00
       2317      0.360     4.0389   0.024930     0.1972     0.1341 0.0000e+00
       2318      0.356     4.0406   0.024899     0.1970     0.1339 0.0000e+00
       2319      0.352     4.0412   0.024880     0.1968     0.1337 0.0000e+00
       2320      0.352     4.0410   0.024880     0.1968     0.1337 0.0000e+00
       2321      0.351     4.0408   0.024883     0.1969     0.1338 0.0000e+00
       2322      0.349     4.0408   0.024887     0.1969     0.1338 0.0000e+00
       2323      0.348     4.0410   0.024882     0.1968     0.1338 0.0000e+00
       2324      0.349     4.0405   0.024865     0.1967     0.1337 0.0000e+00
       2325      0.349     4.0389   0.024842     0.1965     0.1335 0.0000e+00
       2326      0.349     4.0364   0.024819     0.1964     0.1334 0.0000e+00
       2327      0.349     4.0342   0.024789     0.1961     0.1332 0.0000e+00
       2328      0.348     4.0325   0.024750     0.1958     0.1329 0.0000e+00
       2329      0.342     4.0312   0.024718     0.1956     0.1327 0.0000e+00
       2330      0.339     4.0308   0.024693     0.1954     0.1326 0.0000e+00
       2331      0.343     4.0314   0.024671     0.1952     0.1324 0.0000e+00
       2332      0.344     4.0316   0.024666     0.1951     0.1324 0.0000e+00
       2333      0.340     4.0301   0.024670     0.1952     0.1324 0.0000e+00
       2334      0.336     4.0277   0.024665     0.1951     0.1324 0.0000e+00
       2335      0.334     4.0257   0.024647     0.1950     0.1323 0.0000e+00
       2336      0.334     4.0251   0.024623     0.1948     0.1321 0.0000e+00
       2337      0.331     4.0253   0.024604     0.1947     0.1320 0.0000e+00
       2338      0.325     4.0252   0.024598     0.1946     0.1320 0.0000e+00
       2339      0.320     4.0243   0.024594     0.1946     0.1320 0.0000e+00
       2340      0.321     4.0230   0.024584     0.1945     0.1319 0.0000e+00
       2341      0.323     4.0218   0.024560     0.1943     0.1318 0.0000e+00
       2342      0.322     4.0209   0.024524     0.1940     0.1315 0.0000e+00
       2343      0.320     4.0200   0.024485     0.1937     0.1313 0.0000e+00
       2344      0.320     4.0189   0.024453     0.1935     0.1311 0.0000e+00
       2345      0.321     4.0177   0.024431     0.1933     0.1309 0.0000e+00
       2346      0.320     4.0166   0.024415     0.1932     0.1308 0.0000e+00
       2347      0.317     4.0150   0.024399     0.1930     0.1307 0.0000e+00
       2348      0.316     4.0137   0.024376     0.1928     0.1306 0.0000e+00
       2349      0.314     4.0139   0.024352     0.1927     0.1304 0.0000e+00
       2350      0.310     4.0149   0.024338     0.1925     0.1303 0.0000e+00
       2351      0.310     4.0151   0.024351     0.1926     0.1304 0.0000e+00
       2352      0.311     4.0145   0.024375     0.1928     0.1306 0.0000e+00
       2353      0.308     4.0142   0.024387     0.1929     0.1307 0.0000e+00
       2354      0.305     4.0135   0.024373     0.1928     0.1306 0.0000e+00
       2355      0.304     4.0122   0.024340     0.1926     0.1304 0.0000e+00
       2356      0.304     4.0111   0.024309     0.1923     0.1302 0.0000e+00
       2357      0.301     4.0105   0.024289     0.1922     0.1300 0.0000e+00
       2358      0.299     4.0100   0.024281     0.1921     0.1300 0.0000e+00
       2359      0.300     4.0094   0.024271     0.1920     0.1299 0.0000e+00
       2360      0.303     4.0083   0.024242     0.1918     0.1297 0.0000e+00
       2361      0.305     4.0070   0.024197     0.1914     0.1294 0.0000e+00
       2362      0.305     4.0063   0.024162     0.1911     0.1292 0.0000e+00
       2363      0.304     4.0065   0.024143     0.1910     0.1291 0.0000e+00
       2364      0.301     4.0076   0.024137     0.1909     0.1290 0.0000e+00
       2365      0.298     4.0086   0.024140     0.1909     0.1291 0.0000e+00
       2366      0.296     4.0083   0.024145     0.1910     0.1291 0.0000e+00
       2367      0.296     4.0075   0.024140     0.1909     0.1291 0.0000e+00
       2368      0.297     4.0068   0.024115     0.1907     0.1289 0.0000e+00
       2369      0.295     4.0061   0.024077     0.1904     0.1286 0.0000e+00
       2370      0.290     4.0059   0.024045     0.1902     0.1284 0.0000e+00
       2371      0.286     4.0065   0.024033     0.1901     0.1284 0.0000e+00
       2372      0.286     4.0073   0.024043     0.1902     0.1284 0.0000e+00
       2373      0.288     4.0077   0.024059     0.1903     0.1285 0.0000e+00
       2374      0.289     4.0081   0.024059     0.1903     0.1285 0.0000e+00
       2375      0.286     4.0083   0.024040     0.1901     0.1284 0.0000e+00
       2376      0.283     4.0084   0.024018     0.1899     0.1282 0.0000e+00
       2377      0.280     4.0083   0.024007     0.1899     0.1282 0.0000e+00
       2378      0.276     4.0078   0.024006     0.1898     0.1282 0.0000e+00
       2379      0.274     4.0073   0.024008     0.1899     0.1282 0.0000e+00
       2380      0.278     4.0082   0.024010     0.1899     0.1282 0.0000e+00
       2381      0.282     4.0106   0.024011     0.1899     0.1282 0.0000e+00
       2382      0.281     4.0133   0.024012     0.1899     0.1282 0.0000e+00
       2383      0.280     4.0151   0.024017     0.1899     0.1282 0.0000e+00
       2384      0.281     4.0164   0.024026     0.1900     0.1283 0.0000e+00
       2385      0.279     4.0183   0.024025     0.1899     0.1282 0.0000e+00
       2386      0.276     4.0208   0.024017     0.1899     0.1282 0.0000e+00
       2387      0.274     4.0222   0.024013     0.1898     0.1281 0.0000e+00
       2388      0.272     4.0211   0.024025     0.1899     0.1282 0.0000e+00
       2389      0.267     4.0180   0.024038     0.1901     0.1283 0.0000e+00
       2390      0.263     4.0151   0.024038     0.1901     0.1283 0.0000e+00
       2391      0.261     4.0132   0.024018     0.1899     0.1282 0.0000e+00
       2392      0.260     4.0112   0.023976     0.1896     0.1280 0.0000e+00
       2393      0.258     4.0085   0.023907     0.1890     0.1275 0.0000e+00
       2394      0.255     4.0065   0.023841     0.1885     0.1271 0.0000e+00
       2395      0.253     4.0063   0.023802     0.1882     0.1268 0.0000e+00
       2396      0.254     4.0084   0.023787     0.1880     0.1267 0.0000e+00
       2397      0.254     4.0114   0.023780     0.1880     0.1267 0.0000e+00
       2398      0.254     4.0137   0.023781     0.1880     0.1267 0.0000e+00
       2399      0.255     4.0149   0.023796     0.1881     0.1267 0.0000e+00
       2400      0.256     4.0151   0.023816     0.1883     0.1269 0.0000e+00
       2401      0.254     4.0141   0.023825     0.1883     0.1269 0.0000e+00
       2402      0.252     4.0126   0.023823     0.1883     0.1269 0.0000e+00
       2403      0.253     4.0118   0.023802     0.1882     0.1268 0.0000e+00
       2404      0.253     4.0126   0.023766     0.1879     0.1266 0.0000e+00
       2405      0.251     4.0147   0.023727     0.1875     0.1263 0.0000e+00
       2406      0.249     4.0175   0.023707     0.1873     0.1261 0.0000e+00
       2407      0.248     4.0204   0.023717     0.1874     0.1262 0.0000e+00
       2408      0.248     4.0233   0.023744     0.1876     0.1264 0.0000e+00
       2409      0.248     4.0262   0.023771     0.1878     0.1265 0.0000e+00
       2410      0.246     4.0283   0.023790     0.1880     0.1266 0.0000e+00
       2411      0.243     4.0297   0.023790     0.1880     0.1266 0.0000e+00
       2412      0.241     4.0307   0.023782     0.1879     0.1266 0.0000e+00
       2413      0.241     4.0306   0.023789     0.1879     0.1266 0.0000e+00
       2414      0.242     4.0286   0.023806     0.1881     0.1267 0.0000e+00
       2415      0.243     4.0251   0.023805     0.1881     0.1267 0.0000e+00
       2416      0.243     4.0215   0.023770     0.1878     0.1265 0.0000e+00
       2417      0.242     4.0185   0.023702     0.1873     0.1261 0.0000e+00
       2418      0.239     4.0164   0.023624     0.1867     0.1256 0.0000e+00
       2419      0.235     4.0153   0.023567     0.1862     0.1252 0.0000e+00
       2420      0.233     4.0152   0.023532     0.1859     0.1250 0.0000e+00
       2421      0.233     4.0172   0.023514     0.1858     0.1249 0.0000e+00
       2422      0.231     4.0217   0.023516     0.1858     0.1249 0.0000e+00
       2423      0.229     4.0255   0.023531     0.1859     0.1249 0.0000e+00
       2424      0.228     4.0273   0.023535     0.1859     0.1250 0.0000e+00
       2425      0.228     4.0280   0.023531     0.1858     0.1249 0.0000e+00
       2426      0.227     4.0275   0.023525     0.1858     0.1249 0.0000e+00
       2427      0.228     4.0256   0.023493     0.1855     0.1247 0.0000e+00
       2428      0.228     4.0231   0.023439     0.1851     0.1243 0.0000e+00
       2429      0.226     4.0211   0.023387     0.1847     0.1240 0.0000e+00
       2430      0.226     4.0193   0.023358     0.1845     0.1238 0.0000e+00
       2431      0.227     4.0168   0.023339     0.1843     0.1237 0.0000e+00
       2432      0.227     4.0132   0.023297     0.1840     0.1235 0.0000e+00
       2433      0.226     4.0097   0.023229     0.1835     0.1230 0.0000e+00
       2434      0.224     4.0065   0.023158     0.1829     0.1226 0.0000e+00
       2435      0.224     4.0031   0.023098     0.1824     0.1222 0.0000e+00
       2436      0.224     3.9996   0.023051     0.1821     0.1219 0.0000e+00
       2437      0.224     3.9969   0.023007     0.1817     0.1216 0.0000e+00
       2438      0.222     3.9958   0.022963     0.1814     0.1213 0.0000e+00
       2439      0.218     3.9966   0.022938     0.1812     0.1212 0.0000e+00
       2440      0.214     3.9987   0.022939     0.1812     0.1212 0.0000e+00
       2441      0.212     4.0010   0.022941     0.1812     0.1212 0.0000e+00
       2442      0.211     4.0017   0.022916     0.1810     0.1210 0.0000e+00
       2443      0.211     4.0021   0.022881     0.1807     0.1208 0.0000e+00
       2444      0.210     4.0046   0.022883     0.1807     0.1208 0.0000e+00
       2445      0.209     4.0085   0.022921     0.1810     0.1210 0.0000e+00
       2446      0.210     4.0122   0.022956     0.1812     0.1212 0.0000e+00
       2447      0.210     4.0154   0.022978     0.1814     0.1213 0.0000e+00
       2448      0.209     4.0177   0.023001     0.1816     0.1215 0.0000e+00
       2449      0.208     4.0180   0.023039     0.1819     0.1217 0.0000e+00
       2450      0.207     4.0162   0.023068     0.1821     0.1219 0.0000e+00
       2451      0.205     4.0140   0.023060     0.1821     0.1219 0.0000e+00
       2452      0.204     4.0128   0.023025     0.1818     0.1217 0.0000e+00
       2453      0.202     4.0124   0.023003     0.1816     0.1215 0.0000e+00
       2454      0.202     4.0128   0.023002     0.1816     0.1215 0.0000e+00
       2455      0.204     4.0137   0.023000     0.1816     0.1215 0.0000e+00
       2456      0.206     4.0142   0.022982     0.1814     0.1214 0.0000e+00
       2457      0.203     4.0141   0.022954     0.1812     0.1212 0.0000e+00
       2458      0.199     4.0134   0.022932     0.1810     0.1210 0.0000e+00
       2459      0.197     4.0117   0.022916     0.1809     0.1210 0.0000e+00
       2460      0.198     4.0095   0.022892     0.1807     0.1208 0.0000e+00
       2461      0.199     4.0079   0.022850     0.1804     0.1205 0.0000e+00
