Datasets/Test_Dataset_39219_tow/originals/tel219_2021_069.cnv
* Sea-Bird SBE19plus Data File:
* Filename = C:/AQUIRE/tel219_2021_069.hex
* Software Version AquireV2 AF V2.0
* Temperature SN =  4020
* Conductivity SN =  4020
* System UpLoad Time = May 15 2021 08:52:49
** VESSEL/TRIP/SEQ STN: tel219_2021_069
** LATITUDE: 45 56.45 N
** LONGITUDE: 54 38.76 W
** DATE/TIME: 2021-05-15 08:08
** SOUNDING DEPTH (M): 0085
** PROBE TYPE: S4020
** CTD NUMBER:  69
** FORMAT: T
** COMMENTS: 
# nquan = 7                                 
# nvalues = 2527                        
# units = specified
# name 0 = scan: Scan Count
# name 1 = prdM: Pressure, Strain Gauge [db]
# name 2 = tv290C: Temperature [ITS-90, deg C]
# name 3 = c0S/m: Conductivity [S/m]
# name 4 = sal00: Salinity, Practical [PSU]
# name 5 = sigma-t00: Density [sigma-t, kg/m^3 ]
# name 6 = flag: flag
# span 0 =          1,       2527       
# span 1 =     -0.069,     81.277       
# span 2 =     0.4214,     3.9420       
# span 3 =   0.016703,   3.000765       
# span 4 =     0.1322,    32.7161       
# span 5 =     0.0802,    26.2417       
# span 6 = 0.0000e+00, 0.0000e+00       
# interval = seconds: 1
# start_time = May 15 2021 08:08:51 [Instrument's time stamp, header]
# bad_flag = -9.990e-29
*END*
[from data line 2462]
       2463      0.038     3.4876   0.021541     0.1723     0.1124 0.0000e+00
       2464      0.036     3.4875   0.021470     0.1717     0.1119 0.0000e+00
       2465      0.035     3.4874   0.021373     0.1709     0.1112 0.0000e+00
       2466      0.033     3.4873   0.021287     0.1701     0.1106 0.0000e+00
       2467      0.031     3.4871   0.021239     0.1698     0.1103 0.0000e+00
       2468      0.030     3.4871   0.021205     0.1695     0.1101 0.0000e+00
       2469      0.029     3.4870   0.021169     0.1692     0.1099 0.0000e+00
       2470      0.033     3.4868   0.021158     0.1691     0.1098 0.0000e+00
       2471      0.036     3.4866   0.021156     0.1691     0.1098 0.0000e+00
       2472      0.034     3.4863   0.021106     0.1687     0.1094 0.0000e+00
       2473      0.033     3.4863   0.021082     0.1685     0.1093 0.0000e+00
       2474      0.034     3.4861   0.021365     0.1708     0.1112 0.0000e+00
       2475      0.032     3.4859   0.022230     0.1780     0.1170 0.0000e+00
       2476      0.030     3.4857   0.023105     0.1853     0.1228 0.0000e+00
       2477      0.029     3.4855   0.023216     0.1862     0.1236 0.0000e+00
       2478      0.029     3.4855   0.022922     0.1837     0.1216 0.0000e+00
       2479      0.027     3.4855   0.022689     0.1818     0.1200 0.0000e+00
       2480      0.024     3.4855   0.022419     0.1796     0.1182 0.0000e+00
       2481      0.024     3.4855   0.022079     0.1767     0.1160 0.0000e+00
       2482      0.027     3.4855   0.021812     0.1745     0.1142 0.0000e+00
       2483      0.029     3.4855   0.021734     0.1739     0.1136 0.0000e+00
       2484      0.028     3.4853   0.021821     0.1746     0.1142 0.0000e+00
       2485      0.027     3.4852   0.021843     0.1748     0.1144 0.0000e+00
       2486      0.027     3.4852   0.021660     0.1733     0.1131 0.0000e+00
       2487      0.028     3.4852   0.021553     0.1724     0.1124 0.0000e+00
       2488      0.026     3.4852   0.021653     0.1732     0.1131 0.0000e+00
       2489      0.023     3.4851   0.021837     0.1747     0.1143 0.0000e+00
       2490      0.022     3.4851   0.023377     0.1875     0.1247 0.0000e+00
       2491      0.022     3.4851   0.027433     0.2214     0.1520 0.0000e+00
       2492      0.023     3.4851   0.031367     0.2545     0.1787 0.0000e+00
       2493      0.023     3.4851   0.032658     0.2653     0.1875 0.0000e+00
       2494      0.023     3.4850   0.032547     0.2644     0.1868 0.0000e+00
       2495      0.022     3.4848   0.032296     0.2623     0.1850 0.0000e+00
       2496      0.019     3.4847   0.032122     0.2608     0.1839 0.0000e+00
       2497      0.017     3.4845   0.032425     0.2634     0.1859 0.0000e+00
       2498      0.015     3.4844   0.033071     0.2688     0.1903 0.0000e+00
       2499      0.012     3.4844   0.033298     0.2708     0.1919 0.0000e+00
       2500      0.009     3.4844   0.032860     0.2671     0.1889 0.0000e+00
       2501      0.010     3.4844   0.032324     0.2625     0.1852 0.0000e+00
       2502      0.014     3.4844   0.032192     0.2614     0.1843 0.0000e+00
       2503      0.017     3.4842   0.032307     0.2624     0.1851 0.0000e+00
       2504      0.018     3.4840   0.032298     0.2623     0.1851 0.0000e+00
       2505      0.017     3.4838   0.032235     0.2618     0.1846 0.0000e+00
       2506      0.014     3.4836   0.032285     0.2622     0.1850 0.0000e+00
       2507      0.013     3.4835   0.032320     0.2625     0.1852 0.0000e+00
       2508      0.011     3.4833   0.032156     0.2611     0.1841 0.0000e+00
       2509      0.010     3.4833   0.031936     0.2593     0.1826 0.0000e+00
       2510      0.009     3.4833   0.031866     0.2587     0.1821 0.0000e+00
       2511      0.008     3.4832   0.031910     0.2590     0.1824 0.0000e+00
       2512      0.008     3.4832   0.031923     0.2592     0.1825 0.0000e+00
       2513      0.007     3.4830   0.031843     0.2585     0.1820 0.0000e+00
       2514      0.006     3.4828   0.031963     0.2595     0.1828 0.0000e+00
       2515      0.007     3.4825   0.032160     0.2612     0.1841 0.0000e+00
       2516      0.009     3.4825   0.031453     0.2552     0.1793 0.0000e+00
       2517      0.010     3.4825   0.029789     0.2412     0.1680 0.0000e+00
       2518      0.009     3.4826   0.028176     0.2276     0.1571 0.0000e+00
       2519      0.007     3.4828   0.027083     0.2185     0.1497 0.0000e+00
       2520      0.005     3.4829   0.026732     0.2155     0.1473 0.0000e+00
       2521      0.004     3.4829   0.026783     0.2160     0.1476 0.0000e+00
       2522      0.003     3.4829   0.026597     0.2144     0.1464 0.0000e+00
       2523      0.004     3.4829   0.026393     0.2127     0.1450 0.0000e+00
       2524      0.006     3.4829   0.026403     0.2128     0.1451 0.0000e+00
       2525      0.007     3.4829   0.026482     0.2134     0.1456 0.0000e+00
       2526      0.005     3.4829   0.026593     0.2144     0.1463 0.0000e+00
       2527      0.003 -9.990e-29   0.026665 -9.990e-29 -9.990e-29 0.0000e+00
