Datasets/Test_Dataset_39219_tow/originals/tel219_2021_066.cnv
* Sea-Bird SBE19plus Data File:
* Filename = C:/AQUIRE/tel219_2021_066.hex
* Software Version AquireV2 AF V2.0
* Temperature SN =  4020
* Conductivity SN =  4020
* System UpLoad Time = May 15 2021 01:15:26
** VESSEL/TRIP/SEQ STN: tel219_2021_066
** LATITUDE: 45 44.46 N
** LONGITUDE: 54 26.09 W
** DATE/TIME: 2021-05-15 00:23
** SOUNDING DEPTH (M): 0087
** PROBE TYPE: S4020
** CTD NUMBER: 066
** FORMAT: T
** COMMENTS: 
# nquan = 7                                 
# nvalues = 3170                        
# units = specified
# name 0 = scan: Scan Count
# name 1 = prdM: Pressure, Strain Gauge [db]
# name 2 = tv290C: Temperature [ITS-90, deg C]
# name 3 = c0S/m: Conductivity [S/m]
# name 4 = sal00: Salinity, Practical [PSU]
# name 5 = sigma-t00: Density [sigma-t, kg/m^3 ]
# name 6 = flag: flag
# span 0 =          1,       3170       
# span 1 =     -0.104,     84.763       
# span 2 =     0.6092,     3.9164       
# span 3 =   0.009425,   3.020151       
# span 4 =     0.0724,    32.7489       
# span 5 =     0.0334,    26.2545       
# span 6 = 0.0000e+00, 0.0000e+00       
# interval = seconds: 1
# start_time = May 15 2021 00:23:38 [Instrument's time stamp, header]
# bad_flag = -9.990e-29
*END*
[from data line 1642]
       1643     84.625     0.6171   2.784799    32.7098    26.2261 0.0000e+00
       1644     84.629     0.6172   2.784815    32.7099    26.2262 0.0000e+00
       1645     84.623     0.6170   2.784812    32.7100    26.2263 0.0000e+00
       1646     84.607     0.6160   2.784738    32.7101    26.2265 0.0000e+00
       1647     84.592     0.6147   2.784623    32.7100    26.2265 0.0000e+00
       1648     84.595     0.6137   2.784540    32.7100    26.2265 0.0000e+00
       1649     84.615     0.6131   2.784504    32.7102    26.2267 0.0000e+00
       1650     84.637     0.6132   2.784514    32.7102    26.2267 0.0000e+00
       1651     84.651     0.6137   2.784558    32.7102    26.2267 0.0000e+00
       1652     84.652     0.6141   2.784597    32.7103    26.2267 0.0000e+00
       1653     84.635     0.6142   2.784598    32.7102    26.2266 0.0000e+00
       1654     84.608     0.6142   2.784588    32.7101    26.2265 0.0000e+00
       1655     84.589     0.6144   2.784598    32.7100    26.2265 0.0000e+00
       1656     84.582     0.6150   2.784642    32.7100    26.2264 0.0000e+00
       1657     84.579     0.6157   2.784704    32.7100    26.2264 0.0000e+00
       1658     84.569     0.6162   2.784744    32.7100    26.2264 0.0000e+00
       1659     84.551     0.6166   2.784784    32.7101    26.2264 0.0000e+00
       1660     84.537     0.6167   2.784794    32.7102    26.2265 0.0000e+00
       1661     84.541     0.6161   2.784737    32.7101    26.2264 0.0000e+00
       1662     84.562     0.6155   2.784686    32.7100    26.2264 0.0000e+00
       1663     84.583     0.6152   2.784674    32.7102    26.2265 0.0000e+00
       1664     84.596     0.6152   2.784673    32.7102    26.2265 0.0000e+00
       1665     84.601     0.6151   2.784672    32.7102    26.2266 0.0000e+00
       1666     84.599     0.6150   2.784663    32.7102    26.2266 0.0000e+00
       1667     84.591     0.6153   2.784682    32.7102    26.2265 0.0000e+00
       1668     84.585     0.6159   2.784741    32.7103    26.2266 0.0000e+00
       1669     84.578     0.6164   2.784783    32.7103    26.2266 0.0000e+00
       1670     84.562     0.6166   2.784788    32.7102    26.2265 0.0000e+00
       1671     84.539     0.6165   2.784783    32.7102    26.2265 0.0000e+00
       1672     84.523     0.6163   2.784771    32.7103    26.2266 0.0000e+00
       1673     84.522     0.6159   2.784728    32.7102    26.2265 0.0000e+00
       1674     84.534     0.6150   2.784659    32.7102    26.2266 0.0000e+00
       1675     84.548     0.6142   2.784604    32.7103    26.2267 0.0000e+00
       1676     84.555     0.6140   2.784592    32.7104    26.2268 0.0000e+00
       1677     84.556     0.6143   2.784612    32.7103    26.2267 0.0000e+00
       1678     84.556     0.6148   2.784642    32.7102    26.2266 0.0000e+00
       1679     84.557     0.6153   2.784681    32.7102    26.2265 0.0000e+00
       1680     84.549     0.6158   2.784716    32.7101    26.2264 0.0000e+00
       1681     84.525     0.6159   2.784722    32.7101    26.2264 0.0000e+00
       1682     84.489     0.6156   2.784698    32.7101    26.2265 0.0000e+00
       1683     84.460     0.6151   2.784660    32.7102    26.2265 0.0000e+00
       1684     84.450     0.6146   2.784626    32.7103    26.2266 0.0000e+00
       1685     84.454     0.6140   2.784587    32.7104    26.2268 0.0000e+00
       1686     84.460     0.6137   2.784551    32.7102    26.2267 0.0000e+00
       1687     84.464     0.6135   2.784535    32.7102    26.2267 0.0000e+00
       1688     84.469     0.6130   2.784509    32.7104    26.2269 0.0000e+00
       1689     84.480     0.6133   2.784506    32.7101    26.2266 0.0000e+00
       1690     84.494     0.6154   2.784645    32.7096    26.2261 0.0000e+00
       1691     84.500     0.6188   2.784908    32.7094    26.2258 0.0000e+00
       1692     84.489     0.6214   2.785135    32.7096    26.2258 0.0000e+00
       1693     84.470     0.6223   2.785229    32.7099    26.2259 0.0000e+00
       1694     84.458     0.6223   2.785231    32.7099    26.2260 0.0000e+00
       1695     84.453     0.6218   2.785203    32.7101    26.2261 0.0000e+00
       1696     84.444     0.6201   2.785076    32.7103    26.2263 0.0000e+00
       1697     84.428     0.6186   2.784931    32.7100    26.2262 0.0000e+00
       1698     84.408     0.6191   2.784980    32.7101    26.2263 0.0000e+00
       1699     84.391     0.6206   2.785132    32.7105    26.2265 0.0000e+00
       1700     84.385     0.6210   2.785166    32.7105    26.2265 0.0000e+00
       1701     84.390     0.6195   2.785039    32.7105    26.2265 0.0000e+00
       1702     84.403     0.6176   2.784865    32.7102    26.2264 0.0000e+00
       1703     84.422     0.6167   2.784790    32.7102    26.2265 0.0000e+00
       1704     84.435     0.6168   2.784824    32.7105    26.2267 0.0000e+00
       1705     84.431     0.6170   2.784856    32.7107    26.2269 0.0000e+00
       1706     84.413     0.6170   2.784846    32.7106    26.2268 0.0000e+00
       1707     84.396     0.6167   2.784816    32.7105    26.2267 0.0000e+00
       1708     84.385     0.6160   2.784762    32.7106    26.2268 0.0000e+00
       1709     84.372     0.6151   2.784697    32.7107    26.2270 0.0000e+00
       1710     84.346     0.6142   2.784626    32.7107    26.2271 0.0000e+00
       1711     84.311     0.6141   2.784601    32.7105    26.2269 0.0000e+00
       1712     84.287     0.6148   2.784663    32.7106    26.2269 0.0000e+00
       1713     84.284     0.6152   2.784711    32.7108    26.2271 0.0000e+00
       1714     84.292     0.6145   2.784662    32.7109    26.2272 0.0000e+00
       1715     84.298     0.6131   2.784551    32.7110    26.2273 0.0000e+00
       1716     84.302     0.6120   2.784452    32.7108    26.2273 0.0000e+00
       1717     84.310     0.6113   2.784386    32.7107    26.2272 0.0000e+00
       1718     84.321     0.6109   2.784361    32.7108    26.2273 0.0000e+00
       1719     84.330     0.6112   2.784386    32.7108    26.2273 0.0000e+00
       1720     84.331     0.6119   2.784440    32.7108    26.2272 0.0000e+00
       1721     84.320     0.6124   2.784482    32.7108    26.2272 0.0000e+00
       1722     84.302     0.6129   2.784511    32.7107    26.2271 0.0000e+00
       1723     84.286     0.6136   2.784574    32.7107    26.2271 0.0000e+00
       1724     84.279     0.6140   2.784621    32.7109    26.2272 0.0000e+00
       1725     84.283     0.6138   2.784583    32.7106    26.2270 0.0000e+00
       1726     84.291     0.6130   2.784521    32.7107    26.2271 0.0000e+00
       1727     84.291     0.6126   2.784496    32.7108    26.2272 0.0000e+00
       1728     84.278     0.6126   2.784497    32.7108    26.2272 0.0000e+00
       1729     84.268     0.6131   2.784529    32.7107    26.2271 0.0000e+00
       1730     84.271     0.6145   2.784639    32.7106    26.2270 0.0000e+00
       1731     84.282     0.6166   2.784805    32.7106    26.2268 0.0000e+00
       1732     84.285     0.6181   2.784922    32.7105    26.2266 0.0000e+00
       1733     84.267     0.6189   2.784966    32.7102    26.2264 0.0000e+00
       1734     84.235     0.6189   2.784967    32.7103    26.2264 0.0000e+00
       1735     84.210     0.6189   2.784964    32.7102    26.2264 0.0000e+00
       1736     84.201     0.6194   2.784999    32.7102    26.2263 0.0000e+00
       1737     84.198     0.6195   2.785016    32.7103    26.2264 0.0000e+00
       1738     84.189     0.6183   2.784921    32.7103    26.2265 0.0000e+00
       1739     84.182     0.6165   2.784768    32.7102    26.2265 0.0000e+00
       1740     84.182     0.6153   2.784670    32.7102    26.2266 0.0000e+00
       1741     84.183     0.6147   2.784645    32.7106    26.2269 0.0000e+00
       1742     84.183     0.6142   2.784615    32.7107    26.2270 0.0000e+00
       1743     84.188     0.6133   2.784537    32.7106    26.2270 0.0000e+00
       1744     84.191     0.6123   2.784462    32.7107    26.2271 0.0000e+00
       1745     84.182     0.6119   2.784432    32.7108    26.2272 0.0000e+00
       1746     84.163     0.6119   2.784441    32.7109    26.2273 0.0000e+00
       1747     84.149     0.6123   2.784470    32.7108    26.2272 0.0000e+00
       1748     84.151     0.6131   2.784502    32.7104    26.2268 0.0000e+00
       1749     84.165     0.6144   2.784608    32.7104    26.2268 0.0000e+00
       1750     84.171     0.6156   2.784749    32.7110    26.2271 0.0000e+00
       1751     84.159     0.6153   2.784724    32.7110    26.2272 0.0000e+00
       1752     84.137     0.6142   2.784593    32.7104    26.2268 0.0000e+00
       1753     84.122     0.6144   2.784607    32.7104    26.2268 0.0000e+00
       1754     84.123     0.6164   2.784795    32.7107    26.2269 0.0000e+00
       1755     84.133     0.6182   2.784940    32.7107    26.2268 0.0000e+00
       1756     84.139     0.6184   2.784946    32.7106    26.2267 0.0000e+00
       1757     84.135     0.6179   2.784900    32.7105    26.2267 0.0000e+00
       1758     84.123     0.6169   2.784819    32.7105    26.2267 0.0000e+00
       1759     84.114     0.6156   2.784712    32.7105    26.2268 0.0000e+00
       1760     84.115     0.6146   2.784644    32.7107    26.2270 0.0000e+00
       1761     84.123     0.6140   2.784612    32.7109    26.2272 0.0000e+00
       1762     84.125     0.6139   2.784598    32.7108    26.2271 0.0000e+00
       1763     84.115     0.6139   2.784604    32.7109    26.2272 0.0000e+00
       1764     84.104     0.6139   2.784605    32.7109    26.2272 0.0000e+00
       1765     84.102     0.6134   2.784558    32.7108    26.2272 0.0000e+00
       1766     84.109     0.6125   2.784484    32.7108    26.2272 0.0000e+00
       1767     84.117     0.6118   2.784434    32.7109    26.2273 0.0000e+00
       1768     84.122     0.6116   2.784413    32.7109    26.2273 0.0000e+00
       1769     84.125     0.6116   2.784406    32.7108    26.2272 0.0000e+00
       1770     84.128     0.6121   2.784435    32.7106    26.2271 0.0000e+00
       1771     84.125     0.6135   2.784553    32.7107    26.2270 0.0000e+00
       1772     84.120     0.6154   2.784726    32.7109    26.2271 0.0000e+00
       1773     84.119     0.6165   2.784812    32.7108    26.2270 0.0000e+00
       1774     84.117     0.6165   2.784793    32.7106    26.2268 0.0000e+00
       1775     84.115     0.6160   2.784753    32.7106    26.2269 0.0000e+00
       1776     84.114     0.6155   2.784709    32.7106    26.2268 0.0000e+00
       1777     84.112     0.6155   2.784704    32.7105    26.2268 0.0000e+00
       1778     84.108     0.6155   2.784718    32.7107    26.2269 0.0000e+00
       1779     84.098     0.6150   2.784675    32.7107    26.2270 0.0000e+00
       1780     84.080     0.6140   2.784594    32.7107    26.2270 0.0000e+00
       1781     84.058     0.6130   2.784514    32.7107    26.2271 0.0000e+00
       1782     84.044     0.6120   2.784433    32.7107    26.2272 0.0000e+00
       1783     84.040     0.6116   2.784384    32.7105    26.2270 0.0000e+00
       1784     84.040     0.6117   2.784400    32.7106    26.2271 0.0000e+00
       1785     84.036     0.6119   2.784427    32.7108    26.2272 0.0000e+00
       1786     84.023     0.6118   2.784421    32.7108    26.2272 0.0000e+00
       1787     84.002     0.6116   2.784399    32.7108    26.2272 0.0000e+00
       1788     83.981     0.6119   2.784417    32.7107    26.2271 0.0000e+00
       1789     83.969     0.6127   2.784487    32.7107    26.2271 0.0000e+00
       1790     83.966     0.6144   2.784607    32.7105    26.2268 0.0000e+00
       1791     83.967     0.6162   2.784757    32.7105    26.2268 0.0000e+00
       1792     83.964     0.6173   2.784843    32.7105    26.2267 0.0000e+00
       1793     83.956     0.6175   2.784855    32.7104    26.2266 0.0000e+00
       1794     83.952     0.6173   2.784854    32.7106    26.2268 0.0000e+00
       1795     83.955     0.6167   2.784817    32.7108    26.2270 0.0000e+00
       1796     83.958     0.6159   2.784748    32.7107    26.2270 0.0000e+00
       1797     83.948     0.6148   2.784670    32.7109    26.2272 0.0000e+00
       1798     83.929     0.6135   2.784564    32.7109    26.2272 0.0000e+00
       1799     83.914     0.6122   2.784447    32.7108    26.2272 0.0000e+00
       1800     83.905     0.6120   2.784407    32.7105    26.2270 0.0000e+00
       1801     83.893     0.6135   2.784528    32.7105    26.2269 0.0000e+00
       1802     83.877     0.6159   2.784754    32.7109    26.2271 0.0000e+00
       1803     83.867     0.6180   2.784936    32.7110    26.2271 0.0000e+00
       1804     83.865     0.6194   2.785032    32.7108    26.2268 0.0000e+00
       1805     83.866     0.6201   2.785090    32.7108    26.2268 0.0000e+00
       1806     83.867     0.6202   2.785101    32.7108    26.2268 0.0000e+00
       1807     83.867     0.6201   2.785078    32.7106    26.2266 0.0000e+00
       1808     83.869     0.6200   2.785072    32.7107    26.2267 0.0000e+00
       1809     83.871     0.6202   2.785095    32.7107    26.2267 0.0000e+00
       1810     83.868     0.6206   2.785137    32.7109    26.2268 0.0000e+00
       1811     83.854     0.6209   2.785160    32.7109    26.2268 0.0000e+00
       1812     83.836     0.6207   2.785145    32.7109    26.2268 0.0000e+00
       1813     83.823     0.6200   2.785106    32.7111    26.2270 0.0000e+00
       1814     83.819     0.6190   2.785024    32.7111    26.2271 0.0000e+00
       1815     83.822     0.6180   2.784933    32.7110    26.2271 0.0000e+00
       1816     83.826     0.6175   2.784894    32.7110    26.2271 0.0000e+00
       1817     83.820     0.6178   2.784918    32.7110    26.2271 0.0000e+00
       1818     83.805     0.6183   2.784971    32.7112    26.2272 0.0000e+00
       1819     83.795     0.6189   2.785017    32.7112    26.2271 0.0000e+00
       1820     83.793     0.6192   2.785038    32.7111    26.2271 0.0000e+00
       1821     83.784     0.6189   2.785014    32.7111    26.2271 0.0000e+00
       1822     83.764     0.6180   2.784942    32.7111    26.2272 0.0000e+00
       1823     83.744     0.6173   2.784876    32.7110    26.2271 0.0000e+00
       1824     83.736     0.6167   2.784836    32.7112    26.2273 0.0000e+00
       1825     83.738     0.6159   2.784776    32.7112    26.2274 0.0000e+00
       1826     83.740     0.6150   2.784699    32.7112    26.2274 0.0000e+00
       1827     83.737     0.6144   2.784662    32.7113    26.2275 0.0000e+00
       1828     83.730     0.6145   2.784670    32.7113    26.2275 0.0000e+00
       1829     83.722     0.6149   2.784687    32.7112    26.2273 0.0000e+00
       1830     83.713     0.6149   2.784689    32.7112    26.2274 0.0000e+00
       1831     83.708     0.6144   2.784651    32.7112    26.2274 0.0000e+00
       1832     83.716     0.6140   2.784597    32.7109    26.2272 0.0000e+00
       1833     83.733     0.6142   2.784613    32.7109    26.2272 0.0000e+00
       1834     83.746     0.6150   2.784691    32.7111    26.2273 0.0000e+00
       1835     83.743     0.6154   2.784725    32.7111    26.2273 0.0000e+00
       1836     83.722     0.6152   2.784714    32.7112    26.2274 0.0000e+00
       1837     83.695     0.6150   2.784693    32.7111    26.2273 0.0000e+00
       1838     83.679     0.6150   2.784679    32.7110    26.2272 0.0000e+00
       1839     83.681     0.6152   2.784699    32.7110    26.2272 0.0000e+00
       1840     83.687     0.6155   2.784733    32.7111    26.2273 0.0000e+00
       1841     83.683     0.6157   2.784741    32.7110    26.2272 0.0000e+00
       1842     83.667     0.6159   2.784743    32.7108    26.2270 0.0000e+00
       1843     83.653     0.6162   2.784782    32.7110    26.2272 0.0000e+00
       1844     83.652     0.6164   2.784824    32.7114    26.2274 0.0000e+00
       1845     83.664     0.6159   2.784776    32.7113    26.2274 0.0000e+00
       1846     83.673     0.6148   2.784670    32.7111    26.2273 0.0000e+00
