Datasets/Test_Dataset_39219_tow/originals/tel219_2021_053.cnv
* Sea-Bird SBE19plus Data File:
* Filename = C:/AQUIRE/tel219_2021_053.hex
* Software Version AquireV2 AF V2.0
* Temperature SN =  4020
* Conductivity SN =  4020
* System UpLoad Time = May 13 2021 15:58:20
** VESSEL/TRIP/SEQ STN: tel219_2021_053
** LATITUDE: 44 59.00 N
** LONGITUDE: 55 18.38 W
** DATE/TIME: 2021-05-13 14:55
** SOUNDING DEPTH (M): 0315
** PROBE TYPE: S4020
** CTD NUMBER:  53
** FORMAT: t
** COMMENTS: 
# nquan = 7                                 
# nvalues = 3871                        
# units = specified
# name 0 = scan: Scan Count
# name 1 = prdM: Pressure, Strain Gauge [db]
# name 2 = tv290C: Temperature [ITS-90, deg C]
# name 3 = c0S/m: Conductivity [S/m]
# name 4 = sal00: Salinity, Practical [PSU]
# name 5 = sigma-t00: Density [sigma-t, kg/m^3 ]
# name 6 = flag: flag
# span 0 =          1,       3871       
# span 1 =     -0.756,    319.152       
# span 2 =     0.5625,     9.2762       
# span 3 =   0.009715,   3.756782       
# span 4 =     0.0716,    35.1671       
# span 5 =     0.0115,    27.3976       
# span 6 = 0.0000e+00, 0.0000e+00       
# interval = seconds: 1
# start_time = May 13 2021 14:55:00 [Instrument's time stamp, header]
# bad_flag = -9.990e-29
*END*
[from data line 1642]
       1643    222.181     9.0781   3.743675    35.1214    27.2007 0.0000e+00
       1644    222.252     9.0820   3.744099    35.1220    27.2005 0.0000e+00
       1645    222.317     9.0897   3.745083    35.1246    27.2013 0.0000e+00
       1646    222.383     9.0978   3.746127    35.1275    27.2023 0.0000e+00
       1647    222.449     9.1006   3.746305    35.1266    27.2011 0.0000e+00
       1648    222.512     9.0992   3.745840    35.1231    27.1986 0.0000e+00
       1649    222.581     9.0996   3.745891    35.1232    27.1986 0.0000e+00
       1650    222.662     9.1027   3.746468    35.1261    27.2004 0.0000e+00
       1651    222.753     9.1051   3.746714    35.1263    27.2001 0.0000e+00
       1652    222.844     9.1056   3.746629    35.1249    27.1989 0.0000e+00
       1653    222.924     9.1050   3.746491    35.1240    27.1983 0.0000e+00
       1654    222.993     9.1038   3.746302    35.1232    27.1979 0.0000e+00
       1655    223.066     9.1022   3.746072    35.1223    27.1975 0.0000e+00
       1656    223.159     9.1022   3.746007    35.1216    27.1969 0.0000e+00
       1657    223.263     9.1037   3.746218    35.1223    27.1972 0.0000e+00
       1658    223.364     9.1040   3.746259    35.1223    27.1972 0.0000e+00
       1659    223.463     9.1034   3.746059    35.1208    27.1961 0.0000e+00
       1660    223.566     9.1055   3.746289    35.1211    27.1960 0.0000e+00
       1661    223.671     9.1112   3.747116    35.1241    27.1974 0.0000e+00
       1662    223.779     9.1193   3.748106    35.1264    27.1979 0.0000e+00
       1663    223.896     9.1265   3.748900    35.1275    27.1976 0.0000e+00
       1664    224.026     9.1296   3.749230    35.1279    27.1974 0.0000e+00
       1665    224.160     9.1281   3.749027    35.1271    27.1970 0.0000e+00
       1666    224.284     9.1245   3.748599    35.1262    27.1969 0.0000e+00
       1667    224.395     9.1209   3.748231    35.1258    27.1972 0.0000e+00
       1668    224.508     9.1182   3.748046    35.1265    27.1981 0.0000e+00
       1669    224.642     9.1166   3.747845    35.1259    27.1979 0.0000e+00
       1670    224.789     9.1169   3.747777    35.1248    27.1970 0.0000e+00
       1671    224.926     9.1211   3.748434    35.1275    27.1985 0.0000e+00
       1672    225.050     9.1262   3.749106    35.1294    27.1991 0.0000e+00
       1673    225.181     9.1291   3.749295    35.1285    27.1979 0.0000e+00
       1674    225.334     9.1301   3.749420    35.1287    27.1980 0.0000e+00
       1675    225.509     9.1286   3.749378    35.1297    27.1990 0.0000e+00
       1676    225.691     9.1230   3.748808    35.1292    27.1995 0.0000e+00
       1677    225.862     9.1132   3.747553    35.1256    27.1983 0.0000e+00
       1678    226.023     9.1022   3.746265    35.1229    27.1979 0.0000e+00
       1679    226.184     9.0953   3.745690    35.1236    27.1996 0.0000e+00
       1680    226.350     9.0934   3.745640    35.1249    27.2009 0.0000e+00
       1681    226.521     9.0934   3.745627    35.1247    27.2008 0.0000e+00
       1682    226.690     9.0945   3.745694    35.1242    27.2002 0.0000e+00
       1683    226.857     9.0953   3.745928    35.1258    27.2013 0.0000e+00
       1684    227.029     9.0929   3.745588    35.1245    27.2007 0.0000e+00
       1685    227.215     9.0878   3.744672    35.1199    27.1979 0.0000e+00
       1686    227.412     9.0873   3.744544    35.1190    27.1973 0.0000e+00
       1687    227.612     9.0939   3.745597    35.1234    27.1996 0.0000e+00
       1688    227.809     9.1019   3.746751    35.1275    27.2015 0.0000e+00
       1689    227.996     9.1073   3.747355    35.1284    27.2014 0.0000e+00
       1690    228.183     9.1100   3.747810    35.1304    27.2025 0.0000e+00
       1691    228.390     9.1073   3.747729    35.1321    27.2043 0.0000e+00
       1692    228.627     9.0962   3.746403    35.1290    27.2037 0.0000e+00
       1693    228.893     9.0847   3.745066    35.1263    27.2034 0.0000e+00
       1694    229.173     9.0821   3.745039    35.1284    27.2055 0.0000e+00
       1695    229.450     9.0850   3.745554    35.1308    27.2069 0.0000e+00
       1696    229.725     9.0869   3.745765    35.1310    27.2068 0.0000e+00
       1697    230.012     9.0849   3.745597    35.1311    27.2072 0.0000e+00
       1698    230.318     9.0772   3.744664    35.1288    27.2066 0.0000e+00
       1699    230.639     9.0684   3.743542    35.1256    27.2055 0.0000e+00
       1700    230.959     9.0667   3.743579    35.1275    27.2073 0.0000e+00
       1701    231.272     9.0718   3.744465    35.1316    27.2097 0.0000e+00
       1702    231.585     9.0793   3.745286    35.1326    27.2093 0.0000e+00
       1703    231.908     9.0844   3.745916    35.1340    27.2095 0.0000e+00
       1704    232.246     9.0773   3.745103    35.1324    27.2094 0.0000e+00
       1705    232.601     9.0566   3.742439    35.1247    27.2068 0.0000e+00
       1706    232.961     9.0377   3.740425    35.1221    27.2078 0.0000e+00
       1707    233.306     9.0311   3.740061    35.1247    27.2108 0.0000e+00
       1708    233.635     9.0302   3.740095    35.1258    27.2118 0.0000e+00
       1709    233.966     9.0294   3.740012    35.1255    27.2118 0.0000e+00
       1710    234.320     9.0267   3.739863    35.1265    27.2129 0.0000e+00
       1711    234.703     9.0193   3.739129    35.1259    27.2137 0.0000e+00
       1712    235.105     9.0105   3.737957    35.1221    27.2121 0.0000e+00
       1713    235.504     9.0070   3.737699    35.1227    27.2132 0.0000e+00
       1714    235.894     9.0064   3.738033    35.1266    27.2163 0.0000e+00
       1715    236.281     9.0020   3.737539    35.1256    27.2162 0.0000e+00
       1716    236.664     8.9936   3.736499    35.1228    27.2154 0.0000e+00
       1717    237.035     8.9855   3.735734    35.1226    27.2165 0.0000e+00
       1718    237.404     8.9800   3.735290    35.1232    27.2179 0.0000e+00
       1719    237.790     8.9779   3.735133    35.1234    27.2184 0.0000e+00
       1720    238.188     8.9782   3.735233    35.1240    27.2188 0.0000e+00
       1721    238.574     8.9801   3.735451    35.1242    27.2187 0.0000e+00
       1722    238.932     8.9826   3.735733    35.1245    27.2185 0.0000e+00
       1723    239.271     8.9859   3.736105    35.1250    27.2184 0.0000e+00
       1724    239.620     8.9894   3.736473    35.1252    27.2180 0.0000e+00
       1725    239.995     8.9896   3.736483    35.1250    27.2178 0.0000e+00
       1726    240.388     8.9871   3.736206    35.1243    27.2177 0.0000e+00
       1727    240.777     8.9853   3.736085    35.1247    27.2182 0.0000e+00
       1728    241.147     8.9843   3.736047    35.1251    27.2187 0.0000e+00
       1729    241.501     8.9827   3.735864    35.1246    27.2186 0.0000e+00
       1730    241.859     8.9811   3.735691    35.1242    27.2185 0.0000e+00
       1731    242.238     8.9800   3.735639    35.1245    27.2190 0.0000e+00
       1732    242.636     8.9786   3.735496    35.1242    27.2190 0.0000e+00
       1733    243.037     8.9757   3.735191    35.1237    27.2190 0.0000e+00
       1734    243.422     8.9725   3.734947    35.1241    27.2199 0.0000e+00
       1735    243.772     8.9708   3.734894    35.1251    27.2209 0.0000e+00
       1736    244.098     8.9709   3.734970    35.1256    27.2213 0.0000e+00
       1737    244.433     8.9716   3.735073    35.1259    27.2214 0.0000e+00
       1738    244.796     8.9720   3.735136    35.1260    27.2214 0.0000e+00
       1739    245.172     8.9719   3.735161    35.1261    27.2215 0.0000e+00
       1740    245.531     8.9719   3.735228    35.1267    27.2219 0.0000e+00
       1741    245.860     8.9721   3.735333    35.1274    27.2225 0.0000e+00
       1742    246.175     8.9722   3.735400    35.1279    27.2228 0.0000e+00
       1743    246.506     8.9720   3.735440    35.1283    27.2232 0.0000e+00
       1744    246.865     8.9720   3.735476    35.1285    27.2234 0.0000e+00
       1745    247.235     8.9722   3.735493    35.1283    27.2232 0.0000e+00
       1746    247.593     8.9718   3.735482    35.1285    27.2234 0.0000e+00
       1747    247.933     8.9697   3.735341    35.1289    27.2240 0.0000e+00
       1748    248.266     8.9642   3.734879    35.1293    27.2253 0.0000e+00
       1749    248.595     8.9557   3.734051    35.1289    27.2263 0.0000e+00
       1750    248.923     8.9476   3.733312    35.1290    27.2277 0.0000e+00
       1751    249.260     8.9408   3.732786    35.1300    27.2296 0.0000e+00
       1752    249.611     8.9335   3.732137    35.1302    27.2309 0.0000e+00
       1753    249.957     8.9279   3.731696    35.1310    27.2324 0.0000e+00
       1754    250.270     8.9257   3.731601    35.1320    27.2336 0.0000e+00
       1755    250.558     8.9246   3.731533    35.1322    27.2339 0.0000e+00
       1756    250.859     8.9230   3.731401    35.1323    27.2342 0.0000e+00
       1757    251.196     8.9214   3.731229    35.1319    27.2342 0.0000e+00
       1758    251.543     8.9200   3.731100    35.1318    27.2343 0.0000e+00
       1759    251.860     8.9185   3.730971    35.1318    27.2345 0.0000e+00
       1760    252.148     8.9169   3.730833    35.1318    27.2348 0.0000e+00
       1761    252.443     8.9147   3.730655    35.1319    27.2352 0.0000e+00
       1762    252.763     8.9106   3.730235    35.1314    27.2355 0.0000e+00
       1763    253.089     8.9055   3.729748    35.1312    27.2361 0.0000e+00
       1764    253.387     8.9018   3.729482    35.1319    27.2373 0.0000e+00
       1765    253.657     8.8993   3.729300    35.1323    27.2380 0.0000e+00
       1766    253.922     8.8960   3.728991    35.1322    27.2385 0.0000e+00
       1767    254.204     8.8903   3.728421    35.1317    27.2390 0.0000e+00
       1768    254.504     8.8819   3.727590    35.1312    27.2399 0.0000e+00
       1769    254.800     8.8715   3.726667    35.1316    27.2419 0.0000e+00
       1770    255.077     8.8597   3.725627    35.1322    27.2443 0.0000e+00
       1771    255.340     8.8481   3.724623    35.1330    27.2468 0.0000e+00
       1772    255.604     8.8395   3.723952    35.1343    27.2492 0.0000e+00
       1773    255.875     8.8345   3.723578    35.1352    27.2507 0.0000e+00
       1774    256.145     8.8324   3.723449    35.1358    27.2515 0.0000e+00
       1775    256.409     8.8319   3.723456    35.1363    27.2519 0.0000e+00
       1776    256.661     8.8310   3.723387    35.1363    27.2521 0.0000e+00
       1777    256.889     8.8286   3.723176    35.1363    27.2525 0.0000e+00
       1778    257.096     8.8258   3.722929    35.1364    27.2530 0.0000e+00
       1779    257.303     8.8225   3.722618    35.1363    27.2534 0.0000e+00
       1780    257.525     8.8178   3.722123    35.1357    27.2537 0.0000e+00
       1781    257.758     8.8143   3.721781    35.1354    27.2540 0.0000e+00
       1782    257.976     8.8133   3.721761    35.1361    27.2547 0.0000e+00
       1783    258.164     8.8143   3.721902    35.1365    27.2549 0.0000e+00
       1784    258.343     8.8174   3.722225    35.1367    27.2546 0.0000e+00
       1785    258.537     8.8219   3.722669    35.1369    27.2540 0.0000e+00
       1786    258.741     8.8269   3.723196    35.1374    27.2536 0.0000e+00
       1787    258.931     8.8309   3.723588    35.1374    27.2530 0.0000e+00
       1788    259.102     8.8313   3.723526    35.1363    27.2520 0.0000e+00
       1789    259.267     8.8293   3.723251    35.1353    27.2516 0.0000e+00
       1790    259.437     8.8298   3.723316    35.1354    27.2516 0.0000e+00
       1791    259.597     8.8342   3.723796    35.1360    27.2514 0.0000e+00
       1792    259.730     8.8397   3.724357    35.1364    27.2508 0.0000e+00
       1793    259.845     8.8445   3.724796    35.1363    27.2499 0.0000e+00
       1794    259.965     8.8487   3.725153    35.1358    27.2489 0.0000e+00
       1795    260.098     8.8533   3.725604    35.1359    27.2482 0.0000e+00
       1796    260.224     8.8583   3.726091    35.1360    27.2475 0.0000e+00
       1797    260.326     8.8611   3.726315    35.1356    27.2467 0.0000e+00
       1798    260.410     8.8614   3.726251    35.1346    27.2459 0.0000e+00
       1799    260.495     8.8612   3.726207    35.1343    27.2457 0.0000e+00
       1800    260.585     8.8617   3.726294    35.1346    27.2459 0.0000e+00
       1801    260.664     8.8621   3.726327    35.1346    27.2457 0.0000e+00
       1802    260.728     8.8626   3.726319    35.1340    27.2452 0.0000e+00
       1803    260.786     8.8639   3.726436    35.1339    27.2449 0.0000e+00
       1804    260.854     8.8659   3.726631    35.1339    27.2446 0.0000e+00
       1805    260.936     8.8681   3.726875    35.1343    27.2445 0.0000e+00
       1806    261.015     8.8692   3.726933    35.1337    27.2440 0.0000e+00
       1807    261.070     8.8704   3.726907    35.1323    27.2426 0.0000e+00
       1808    261.101     8.8739   3.727339    35.1333    27.2429 0.0000e+00
       1809    261.126     8.8774   3.727735    35.1340    27.2429 0.0000e+00
       1810    261.168     8.8792   3.727784    35.1327    27.2416 0.0000e+00
       1811    261.221     8.8818   3.728044    35.1329    27.2413 0.0000e+00
       1812    261.257     8.8857   3.728512    35.1339    27.2415 0.0000e+00
       1813    261.264     8.8901   3.728929    35.1339    27.2408 0.0000e+00
       1814    261.266     8.8941   3.729322    35.1341    27.2403 0.0000e+00
       1815    261.283     8.8971   3.729602    35.1341    27.2398 0.0000e+00
       1816    261.312     8.8992   3.729767    35.1337    27.2391 0.0000e+00
       1817    261.339     8.9014   3.729984    35.1338    27.2389 0.0000e+00
       1818    261.347     8.9030   3.730104    35.1335    27.2384 0.0000e+00
       1819    261.332     8.9035   3.730126    35.1332    27.2381 0.0000e+00
       1820    261.318     8.9042   3.730202    35.1333    27.2381 0.0000e+00
       1821    261.327     8.9050   3.730275    35.1333    27.2379 0.0000e+00
       1822    261.347     8.9052   3.730280    35.1332    27.2377 0.0000e+00
       1823    261.353     8.9055   3.730310    35.1332    27.2377 0.0000e+00
       1824    261.335     8.9070   3.730479    35.1335    27.2377 0.0000e+00
       1825    261.306     8.9082   3.730598    35.1336    27.2376 0.0000e+00
       1826    261.273     8.9090   3.730610    35.1329    27.2369 0.0000e+00
       1827    261.240     8.9098   3.730700    35.1331    27.2369 0.0000e+00
       1828    261.205     8.9108   3.730781    35.1330    27.2367 0.0000e+00
       1829    261.162     8.9119   3.730840    35.1325    27.2362 0.0000e+00
       1830    261.115     8.9138   3.731039    35.1327    27.2360 0.0000e+00
       1831    261.075     8.9158   3.731265    35.1332    27.2360 0.0000e+00
       1832    261.034     8.9181   3.731475    35.1331    27.2356 0.0000e+00
       1833    260.973     8.9201   3.731689    35.1334    27.2356 0.0000e+00
       1834    260.898     8.9209   3.731725    35.1330    27.2351 0.0000e+00
       1835    260.836     8.9208   3.731663    35.1325    27.2347 0.0000e+00
       1836    260.798     8.9214   3.731730    35.1326    27.2347 0.0000e+00
       1837    260.764     8.9230   3.731918    35.1330    27.2348 0.0000e+00
       1838    260.712     8.9241   3.732014    35.1330    27.2346 0.0000e+00
       1839    260.644     8.9239   3.731923    35.1323    27.2340 0.0000e+00
       1840    260.580     8.9229   3.731824    35.1322    27.2342 0.0000e+00
       1841    260.533     8.9217   3.731712    35.1323    27.2344 0.0000e+00
       1842    260.498     8.9208   3.731634    35.1324    27.2346 0.0000e+00
       1843    260.453     8.9202   3.731618    35.1328    27.2351 0.0000e+00
       1844    260.376     8.9200   3.731571    35.1326    27.2349 0.0000e+00
       1845    260.281     8.9199   3.731560    35.1326    27.2349 0.0000e+00
       1846    260.202     8.9191   3.731470    35.1325    27.2350 0.0000e+00
