Datasets/Test_Dataset_39219_tow/originals/tel219_2021_019.cnv
* Sea-Bird SBE19plus Data File:
* Filename = C:/AQUIRE/tel219_2021_019.hex
* Software Version AquireV2 AF V2.0
* Temperature SN =  4020
* Conductivity SN =  4020
* System UpLoad Time = May 07 2021 21:37:25
** VESSEL/TRIP/SEQ STN: tel219_2021_019
** LATITUDE: 47 01.02 N
** LONGITUDE: 56 42.79 W
** DATE/TIME: 2021-05-07 20:55
** SOUNDING DEPTH (M): 0146
** PROBE TYPE: S4020
** CTD NUMBER:  19
** FORMAT: t
** COMMENTS: 
# nquan = 7                                 
# nvalues = 2584                        
# units = specified
# name 0 = scan: Scan Count
# name 1 = prdM: Pressure, Strain Gauge [db]
# name 2 = tv290C: Temperature [ITS-90, deg C]
# name 3 = c0S/m: Conductivity [S/m]
# name 4 = sal00: Salinity, Practical [PSU]
# name 5 = sigma-t00: Density [sigma-t, kg/m^3 ]
# name 6 = flag: flag
# span 0 =          1,       2584       
# span 1 =     -0.102,    143.473       
# span 2 =     1.4538,     4.2111       
# span 3 =   0.006942,   2.959630       
# span 4 =     0.0525,    32.4182       
# span 5 =     0.0170,    25.8929       
# span 6 = 0.0000e+00, 0.0000e+00       
# interval = seconds: 1
# start_time = May 07 2021 20:55:07 [Instrument's time stamp, header]
# bad_flag = -9.990e-29
*END*
[from data line 1847]
       1848    143.132     2.0845   2.881276    32.3755    25.8632 0.0000e+00
       1849    143.137     2.0931   2.882622    32.3835    25.8689 0.0000e+00
       1850    143.145     2.0912   2.882125    32.3792    25.8657 0.0000e+00
       1851    143.150     2.0818   2.880662    32.3707    25.8595 0.0000e+00
       1852    143.154     2.0810   2.880530    32.3698    25.8589 0.0000e+00
       1853    143.157     2.0922   2.882326    32.3807    25.8668 0.0000e+00
       1854    143.160     2.1008   2.883531    32.3869    25.8711 0.0000e+00
       1855    143.159     2.1001   2.883019    32.3812    25.8666 0.0000e+00
       1856    143.149     2.0954   2.882490    32.3795    25.8656 0.0000e+00
       1857    143.132     2.0901   2.881799    32.3763    25.8634 0.0000e+00
       1858    143.118     2.0864   2.881305    32.3740    25.8618 0.0000e+00
       1859    143.111     2.0851   2.881296    32.3752    25.8629 0.0000e+00
       1860    143.115     2.0871   2.881393    32.3743    25.8621 0.0000e+00
       1861    143.138     2.0973   2.882712    32.3803    25.8661 0.0000e+00
       1862    143.181     2.1148   2.885126    32.3923    25.8745 0.0000e+00
       1863    143.238     2.1275   2.886562    32.3972    25.8774 0.0000e+00
       1864    143.297     2.1319   2.886669    32.3940    25.8745 0.0000e+00
       1865    143.352     2.1363   2.887289    32.3971    25.8767 0.0000e+00
       1866    143.403     2.1443   2.888405    32.4028    25.8806 0.0000e+00
       1867    143.447     2.1540   2.889416    32.4054    25.8820 0.0000e+00
       1868    143.473     2.1580   2.890002    32.4085    25.8842 0.0000e+00
       1869    143.467     2.1467   2.888516    32.4017    25.8795 0.0000e+00
       1870    143.418     2.1216   2.885147    32.3855    25.8685 0.0000e+00
       1871    143.328     2.0928   2.881837    32.3739    25.8613 0.0000e+00
       1872    143.209     2.0703   2.879293    32.3654    25.8562 0.0000e+00
       1873    143.070     2.0553   2.877662    32.3605    25.8534 0.0000e+00
       1874    142.912     2.0452   2.876604    32.3578    25.8519 0.0000e+00
       1875    142.740     2.0409   2.875957    32.3542    25.8494 0.0000e+00
       1876    142.559     2.0379   2.875624    32.3532    25.8488 0.0000e+00
       1877    142.367     2.0296   2.874701    32.3503    25.8471 0.0000e+00
       1878    142.161     2.0206   2.873685    32.3470    25.8451 0.0000e+00
       1879    141.947     2.0149   2.873200    32.3469    25.8454 0.0000e+00
       1880    141.731     2.0087   2.872448    32.3440    25.8435 0.0000e+00
       1881    141.522     2.0008   2.871449    32.3398    25.8407 0.0000e+00
       1882    141.317     1.9914   2.870397    32.3364    25.8387 0.0000e+00
       1883    141.111     1.9778   2.868742    32.3298    25.8344 0.0000e+00
       1884    140.902     1.9605   2.866594    32.3208    25.8285 0.0000e+00
       1885    140.685     1.9450   2.864765    32.3140    25.8241 0.0000e+00
       1886    140.460     1.9367   2.863887    32.3117    25.8228 0.0000e+00
       1887    140.235     1.9344   2.863797    32.3130    25.8241 0.0000e+00
       1888    140.014     1.9319   2.863646    32.3138    25.8249 0.0000e+00
       1889    139.795     1.9255   2.863027    32.3128    25.8245 0.0000e+00
       1890    139.576     1.9138   2.861616    32.3072    25.8209 0.0000e+00
       1891    139.361     1.8983   2.859700    32.2993    25.8157 0.0000e+00
       1892    139.155     1.8833   2.858020    32.2938    25.8123 0.0000e+00
       1893    138.954     1.8693   2.856521    32.2895    25.8098 0.0000e+00
       1894    138.754     1.8578   2.855306    32.2862    25.8080 0.0000e+00
       1895    138.550     1.8572   2.855278    32.2866    25.8083 0.0000e+00
       1896    138.342     1.8666   2.856390    32.2909    25.8112 0.0000e+00
       1897    138.132     1.8740   2.856858    32.2893    25.8094 0.0000e+00
       1898    137.924     1.8780   2.857133    32.2888    25.8087 0.0000e+00
       1899    137.720     1.8788   2.857752    32.2958    25.8142 0.0000e+00
       1900    137.521     1.8643   2.856269    32.2922    25.8124 0.0000e+00
       1901    137.325     1.8348   2.852629    32.2770    25.8023 0.0000e+00
       1902    137.126     1.8090   2.849670    32.2665    25.7957 0.0000e+00
       1903    136.926     1.7963   2.848417    32.2640    25.7945 0.0000e+00
       1904    136.731     1.7924   2.848034    32.2633    25.7942 0.0000e+00
       1905    136.540     1.7909   2.847805    32.2620    25.7933 0.0000e+00
       1906    136.349     1.7889   2.847561    32.2611    25.7927 0.0000e+00
       1907    136.156     1.7857   2.847268    32.2608    25.7927 0.0000e+00
       1908    135.961     1.7799   2.846659    32.2593    25.7919 0.0000e+00
       1909    135.770     1.7721   2.845982    32.2589    25.7921 0.0000e+00
       1910    135.586     1.7656   2.845798    32.2633    25.7961 0.0000e+00
       1911    135.400     1.7616   2.845686    32.2661    25.7986 0.0000e+00
       1912    135.209     1.7588   2.845091    32.2616    25.7952 0.0000e+00
       1913    135.021     1.7579   2.844664    32.2573    25.7918 0.0000e+00
       1914    134.843     1.7589   2.844808    32.2582    25.7925 0.0000e+00
       1915    134.668     1.7595   2.845353    32.2645    25.7975 0.0000e+00
       1916    134.489     1.7591   2.846013    32.2732    25.8045 0.0000e+00
       1917    134.304     1.7575   2.845786    32.2721    25.8037 0.0000e+00
       1918    134.114     1.7551   2.844720    32.2614    25.7953 0.0000e+00
       1919    133.927     1.7527   2.843981    32.2547    25.7901 0.0000e+00
       1920    133.750     1.7502   2.843678    32.2535    25.7893 0.0000e+00
       1921    133.580     1.7475   2.843495    32.2541    25.7900 0.0000e+00
       1922    133.412     1.7448   2.843360    32.2552    25.7911 0.0000e+00
       1923    133.245     1.7419   2.843143    32.2556    25.7916 0.0000e+00
       1924    133.071     1.7394   2.842891    32.2551    25.7913 0.0000e+00
       1925    132.886     1.7380   2.842694    32.2541    25.7907 0.0000e+00
       1926    132.695     1.7375   2.842494    32.2523    25.7892 0.0000e+00
       1927    132.509     1.7376   2.842298    32.2498    25.7872 0.0000e+00
       1928    132.330     1.7376   2.842220    32.2489    25.7865 0.0000e+00
       1929    132.152     1.7374   2.842229    32.2493    25.7869 0.0000e+00
       1930    131.967     1.7372   2.842378    32.2515    25.7886 0.0000e+00
       1931    131.774     1.7376   2.842724    32.2555    25.7918 0.0000e+00
       1932    131.570     1.7370   2.842720    32.2562    25.7924 0.0000e+00
       1933    131.361     1.7336   2.842027    32.2511    25.7886 0.0000e+00
       1934    131.154     1.7285   2.841200    32.2461    25.7849 0.0000e+00
       1935    130.955     1.7226   2.840579    32.2445    25.7840 0.0000e+00
       1936    130.759     1.7164   2.840115    32.2451    25.7849 0.0000e+00
       1937    130.554     1.7105   2.839831    32.2477    25.7874 0.0000e+00
       1938    130.337     1.7056   2.839579    32.2497    25.7893 0.0000e+00
       1939    130.111     1.7023   2.839136    32.2476    25.7879 0.0000e+00
       1940    129.882     1.7010   2.838602    32.2424    25.7838 0.0000e+00
       1941    129.651     1.7019   2.838382    32.2388    25.7809 0.0000e+00
       1942    129.418     1.7039   2.838529    32.2387    25.7807 0.0000e+00
       1943    129.182     1.7056   2.838749    32.2399    25.7815 0.0000e+00
       1944    128.945     1.7068   2.838901    32.2407    25.7820 0.0000e+00
       1945    128.705     1.7082   2.838954    32.2401    25.7814 0.0000e+00
       1946    128.463     1.7102   2.838980    32.2385    25.7800 0.0000e+00
       1947    128.226     1.7115   2.839056    32.2382    25.7797 0.0000e+00
       1948    127.995     1.7104   2.838981    32.2385    25.7800 0.0000e+00
       1949    127.758     1.7074   2.838733    32.2386    25.7803 0.0000e+00
       1950    127.506     1.7049   2.838636    32.2401    25.7817 0.0000e+00
       1951    127.240     1.7035   2.838601    32.2412    25.7827 0.0000e+00
       1952    126.966     1.7022   2.838314    32.2391    25.7811 0.0000e+00
       1953    126.692     1.6999   2.837836    32.2356    25.7784 0.0000e+00
       1954    126.425     1.6973   2.837422    32.2332    25.7767 0.0000e+00
       1955    126.162     1.6963   2.837293    32.2328    25.7764 0.0000e+00
       1956    125.895     1.6976   2.837449    32.2336    25.7769 0.0000e+00
       1957    125.615     1.6998   2.837682    32.2344    25.7774 0.0000e+00
       1958    125.315     1.7023   2.837879    32.2345    25.7773 0.0000e+00
       1959    125.004     1.7054   2.838104    32.2343    25.7770 0.0000e+00
       1960    124.691     1.7080   2.838329    32.2346    25.7771 0.0000e+00
       1961    124.383     1.7083   2.838390    32.2352    25.7776 0.0000e+00
       1962    124.078     1.7062   2.838220    32.2354    25.7778 0.0000e+00
       1963    123.770     1.7024   2.837834    32.2346    25.7775 0.0000e+00
       1964    123.452     1.6980   2.837360    32.2334    25.7768 0.0000e+00
       1965    123.127     1.6944   2.836987    32.2326    25.7764 0.0000e+00
       1966    122.796     1.6923   2.836767    32.2321    25.7761 0.0000e+00
       1967    122.460     1.6915   2.836673    32.2320    25.7761 0.0000e+00
       1968    122.118     1.6917   2.836651    32.2317    25.7758 0.0000e+00
       1969    121.771     1.6930   2.836715    32.2313    25.7755 0.0000e+00
       1970    121.420     1.6950   2.836897    32.2318    25.7757 0.0000e+00
       1971    121.066     1.6968   2.837077    32.2324    25.7760 0.0000e+00
       1972    120.714     1.6978   2.837147    32.2324    25.7760 0.0000e+00
       1973    120.362     1.6988   2.837136    32.2314    25.7752 0.0000e+00
       1974    120.007     1.7003   2.837160    32.2304    25.7742 0.0000e+00
       1975    119.646     1.7024   2.837264    32.2298    25.7736 0.0000e+00
       1976    119.277     1.7051   2.837378    32.2286    25.7725 0.0000e+00
       1977    118.901     1.7087   2.837541    32.2272    25.7711 0.0000e+00
       1978    118.517     1.7115   2.837806    32.2279    25.7714 0.0000e+00
       1979    118.127     1.7109   2.837854    32.2293    25.7726 0.0000e+00
       1980    117.733     1.7077   2.837550    32.2290    25.7726 0.0000e+00
       1981    117.334     1.7054   2.837349    32.2290    25.7728 0.0000e+00
       1982    116.928     1.7039   2.837326    32.2305    25.7740 0.0000e+00
       1983    116.520     1.7012   2.837138    32.2311    25.7747 0.0000e+00
       1984    116.108     1.6977   2.836791    32.2306    25.7745 0.0000e+00
       1985    115.690     1.6947   2.836497    32.2302    25.7744 0.0000e+00
       1986    115.269     1.6923   2.836278    32.2301    25.7745 0.0000e+00
       1987    114.845     1.6903   2.836072    32.2298    25.7744 0.0000e+00
       1988    114.418     1.6894   2.835937    32.2293    25.7741 0.0000e+00
       1989    113.986     1.6903   2.835970    32.2290    25.7738 0.0000e+00
       1990    113.546     1.6914   2.836053    32.2292    25.7738 0.0000e+00
       1991    113.100     1.6910   2.835958    32.2286    25.7734 0.0000e+00
       1992    112.651     1.6898   2.835782    32.2279    25.7729 0.0000e+00
       1993    112.192     1.6892   2.835715    32.2279    25.7730 0.0000e+00
       1994    111.719     1.6898   2.835742    32.2279    25.7729 0.0000e+00
       1995    111.235     1.6917   2.835808    32.2270    25.7721 0.0000e+00
       1996    110.745     1.6974   2.836076    32.2248    25.7700 0.0000e+00
       1997    110.250     1.7083   2.836881    32.2241    25.7686 0.0000e+00
       1998    109.744     1.7204   2.838009    32.2261    25.7694 0.0000e+00
       1999    109.226     1.7285   2.838767    32.2276    25.7700 0.0000e+00
       2000    108.696     1.7323   2.838963    32.2265    25.7689 0.0000e+00
       2001    108.154     1.7340   2.838953    32.2249    25.7675 0.0000e+00
       2002    107.601     1.7358   2.839068    32.2248    25.7673 0.0000e+00
       2003    107.039     1.7384   2.839342    32.2259    25.7680 0.0000e+00
       2004    106.470     1.7406   2.839553    32.2266    25.7684 0.0000e+00
       2005    105.896     1.7414   2.839570    32.2263    25.7681 0.0000e+00
       2006    105.309     1.7415   2.839531    32.2260    25.7679 0.0000e+00
       2007    104.706     1.7416   2.839502    32.2259    25.7678 0.0000e+00
       2008    104.087     1.7414   2.839394    32.2251    25.7671 0.0000e+00
       2009    103.460     1.7428   2.839336    32.2233    25.7656 0.0000e+00
       2010    102.833     1.7489   2.839735    32.2224    25.7644 0.0000e+00
       2011    102.206     1.7580   2.840507    32.2231    25.7644 0.0000e+00
       2012    101.572     1.7660   2.841106    32.2227    25.7636 0.0000e+00
       2013    100.916     1.7735   2.841559    32.2211    25.7617 0.0000e+00
       2014    100.232     1.7820   2.841971    32.2180    25.7586 0.0000e+00
       2015     99.532     1.7898   2.842061    32.2115    25.7529 0.0000e+00
       2016     98.837     1.7969   2.842273    32.2073    25.7491 0.0000e+00
       2017     98.153     1.8047   2.842975    32.2085    25.7495 0.0000e+00
       2018     97.468     1.8131   2.843645    32.2087    25.7490 0.0000e+00
       2019     96.767     1.8188   2.843999    32.2076    25.7478 0.0000e+00
       2020     96.035     1.8141   2.843608    32.2080    25.7484 0.0000e+00
       2021     95.274     1.7887   2.841522    32.2082    25.7504 0.0000e+00
       2022     94.509     1.7459   2.837503    32.2020    25.7484 0.0000e+00
       2023     93.752     1.7077   2.833378    32.1898    25.7412 0.0000e+00
       2024     92.995     1.6908   2.831275    32.1811    25.7353 0.0000e+00
       2025     92.226     1.6926   2.831005    32.1763    25.7314 0.0000e+00
       2026     91.436     1.7022   2.831412    32.1720    25.7273 0.0000e+00
       2027     90.630     1.7126   2.831901    32.1680    25.7233 0.0000e+00
       2028     89.820     1.7213   2.832303    32.1646    25.7200 0.0000e+00
       2029     89.009     1.7279   2.832622    32.1623    25.7177 0.0000e+00
       2030     88.195     1.7327   2.832822    32.1603    25.7158 0.0000e+00
       2031     87.371     1.7366   2.832922    32.1581    25.7138 0.0000e+00
       2032     86.537     1.7400   2.832975    32.1557    25.7116 0.0000e+00
       2033     85.702     1.7443   2.833038    32.1526    25.7088 0.0000e+00
       2034     84.859     1.7517   2.833216    32.1477    25.7044 0.0000e+00
       2035     83.977     1.7615   2.833471    32.1414    25.6987 0.0000e+00
       2036     83.031     1.7692   2.833559    32.1352    25.6932 0.0000e+00
       2037     82.037     1.7719   2.833397    32.1309    25.6896 0.0000e+00
       2038     81.049     1.7728   2.833233    32.1285    25.6876 0.0000e+00
       2039     80.107     1.7778   2.833397    32.1260    25.6852 0.0000e+00
       2040     79.209     1.7954   2.834389    32.1210    25.6800 0.0000e+00
       2041     78.315     1.8385   2.837292    32.1139    25.6713 0.0000e+00
       2042     77.370     1.9072   2.842189    32.1056    25.6599 0.0000e+00
       2043     76.335     1.9789   2.846394    32.0858    25.6389 0.0000e+00
       2044     75.216     2.0419   2.849551    32.0618    25.6152 0.0000e+00
       2045     74.079     2.1012   2.853203    32.0478    25.5997 0.0000e+00
       2046     73.005     2.1466   2.855359    32.0292    25.5815 0.0000e+00
       2047     72.020     2.1673   2.856212    32.0195    25.5722 0.0000e+00
       2048     71.075     2.1742   2.857833    32.0331    25.5825 0.0000e+00
       2049     70.101     2.1793   2.859371    32.0475    25.5937 0.0000e+00
       2050     69.049     2.1851   2.860072    32.0508    25.5960 0.0000e+00
       2051     67.902     2.1917   2.860289    32.0475    25.5928 0.0000e+00
