Datasets/Test_Dataset_39219_tow/originals/tel219_2021_075.cnv
* Sea-Bird SBE19plus Data File:
* Filename = C:/AQUIRE/tel219_2021_075.hex
* Software Version AquireV2 AF V2.0
* Temperature SN =  4020
* Conductivity SN =  4020
* System UpLoad Time = May 15 2021 22:38:01
** VESSEL/TRIP/SEQ STN: tel219_2021_075
** LATITUDE: 45 12.52 N
** LONGITUDE: 55 50.90 W
** DATE/TIME: 2021-05-15 21:56
** SOUNDING DEPTH (M): 0081
** PROBE TYPE: S4020
** CTD NUMBER: 075
** FORMAT: t
** COMMENTS: 
# nquan = 7                                 
# nvalues = 2509                        
# units = specified
# name 0 = scan: Scan Count
# name 1 = prdM: Pressure, Strain Gauge [db]
# name 2 = tv290C: Temperature [ITS-90, deg C]
# name 3 = c0S/m: Conductivity [S/m]
# name 4 = sal00: Salinity, Practical [PSU]
# name 5 = sigma-t00: Density [sigma-t, kg/m^3 ]
# name 6 = flag: flag
# span 0 =          1,       2509       
# span 1 =     -0.009,     76.965       
# span 2 =     0.8799,     5.1927       
# span 3 =   0.004834,   3.068519       
# span 4 =     0.0356,    32.3024       
# span 5 =    -0.0079,    25.8835       
# span 6 = 0.0000e+00, 0.0000e+00       
# interval = seconds: 1
# start_time = May 15 2021 21:56:19 [Instrument's time stamp, header]
# bad_flag = -9.990e-29
*END*
[from data line 821]
        822     55.060     1.4541   2.815750    32.2492    25.8057 0.0000e+00
        823     55.451     1.4490   2.815363    32.2493    25.8061 0.0000e+00
        824     55.819     1.4450   2.815145    32.2505    25.8073 0.0000e+00
        825     56.155     1.4411   2.814987    32.2523    25.8090 0.0000e+00
        826     56.459     1.4377   2.814672    32.2517    25.8087 0.0000e+00
        827     56.741     1.4352   2.814312    32.2495    25.8072 0.0000e+00
        828     57.005     1.4333   2.814117    32.2489    25.8068 0.0000e+00
        829     57.252     1.4320   2.814004    32.2486    25.8067 0.0000e+00
        830     57.480     1.4308   2.813808    32.2473    25.8056 0.0000e+00
        831     57.691     1.4291   2.813601    32.2463    25.8050 0.0000e+00
        832     57.886     1.4270   2.813456    32.2465    25.8053 0.0000e+00
        833     58.067     1.4255   2.813296    32.2459    25.8049 0.0000e+00
        834     58.237     1.4244   2.813114    32.2447    25.8040 0.0000e+00
        835     58.396     1.4232   2.813000    32.2444    25.8038 0.0000e+00
        836     58.539     1.4224   2.812973    32.2448    25.8042 0.0000e+00
        837     58.665     1.4223   2.812963    32.2447    25.8041 0.0000e+00
        838     58.778     1.4227   2.812923    32.2437    25.8033 0.0000e+00
        839     58.881     1.4227   2.812912    32.2435    25.8031 0.0000e+00
        840     58.976     1.4220   2.812894    32.2440    25.8035 0.0000e+00
        841     59.059     1.4208   2.812777    32.2437    25.8034 0.0000e+00
        842     59.133     1.4198   2.812697    32.2436    25.8034 0.0000e+00
        843     59.205     1.4194   2.812693    32.2440    25.8037 0.0000e+00
        844     59.275     1.4187   2.812609    32.2436    25.8035 0.0000e+00
        845     59.340     1.4166   2.812424    32.2434    25.8034 0.0000e+00
        846     59.400     1.4142   2.812196    32.2429    25.8032 0.0000e+00
        847     59.456     1.4127   2.812039    32.2424    25.8029 0.0000e+00
        848     59.507     1.4120   2.811990    32.2425    25.8030 0.0000e+00
        849     59.550     1.4116   2.811950    32.2424    25.8030 0.0000e+00
        850     59.591     1.4112   2.811904    32.2422    25.8028 0.0000e+00
        851     59.633     1.4107   2.811849    32.2420    25.8027 0.0000e+00
        852     59.676     1.4098   2.811772    32.2419    25.8027 0.0000e+00
        853     59.718     1.4087   2.811708    32.2422    25.8030 0.0000e+00
        854     59.758     1.4081   2.811689    32.2426    25.8033 0.0000e+00
        855     59.798     1.4076   2.811665    32.2428    25.8035 0.0000e+00
        856     59.847     1.4070   2.811593    32.2425    25.8033 0.0000e+00
        857     59.906     1.4062   2.811506    32.2421    25.8031 0.0000e+00
        858     59.973     1.4053   2.811455    32.2424    25.8034 0.0000e+00
        859     60.046     1.4047   2.811429    32.2426    25.8036 0.0000e+00
        860     60.125     1.4044   2.811402    32.2426    25.8036 0.0000e+00
        861     60.210     1.4042   2.811404    32.2427    25.8037 0.0000e+00
        862     60.301     1.4040   2.811414    32.2430    25.8040 0.0000e+00
        863     60.396     1.4037   2.811391    32.2430    25.8040 0.0000e+00
        864     60.492     1.4035   2.811355    32.2427    25.8037 0.0000e+00
        865     60.600     1.4032   2.811312    32.2424    25.8035 0.0000e+00
        866     60.725     1.4028   2.811285    32.2424    25.8035 0.0000e+00
        867     60.855     1.4024   2.811282    32.2427    25.8038 0.0000e+00
        868     60.982     1.4021   2.811248    32.2425    25.8037 0.0000e+00
        869     61.111     1.4017   2.811188    32.2421    25.8034 0.0000e+00
        870     61.254     1.4015   2.811157    32.2418    25.8032 0.0000e+00
        871     61.411     1.4012   2.811141    32.2418    25.8032 0.0000e+00
        872     61.571     1.4006   2.811125    32.2422    25.8035 0.0000e+00
        873     61.727     1.3998   2.811098    32.2426    25.8039 0.0000e+00
        874     61.885     1.3990   2.811047    32.2427    25.8040 0.0000e+00
        875     62.052     1.3985   2.810983    32.2423    25.8037 0.0000e+00
        876     62.225     1.3975   2.810870    32.2418    25.8034 0.0000e+00
        877     62.407     1.3962   2.810756    32.2416    25.8033 0.0000e+00
        878     62.601     1.3954   2.810722    32.2418    25.8036 0.0000e+00
        879     62.796     1.3952   2.810741    32.2422    25.8039 0.0000e+00
        880     62.987     1.3951   2.810733    32.2421    25.8038 0.0000e+00
        881     63.181     1.3948   2.810704    32.2419    25.8037 0.0000e+00
        882     63.383     1.3946   2.810695    32.2419    25.8037 0.0000e+00
        883     63.592     1.3944   2.810677    32.2418    25.8036 0.0000e+00
        884     63.809     1.3937   2.810638    32.2419    25.8037 0.0000e+00
        885     64.031     1.3931   2.810611    32.2420    25.8039 0.0000e+00
        886     64.254     1.3926   2.810586    32.2421    25.8039 0.0000e+00
        887     64.480     1.3920   2.810536    32.2420    25.8039 0.0000e+00
        888     64.708     1.3911   2.810461    32.2418    25.8038 0.0000e+00
        889     64.937     1.3901   2.810398    32.2419    25.8040 0.0000e+00
        890     65.171     1.3889   2.810337    32.2422    25.8043 0.0000e+00
        891     65.409     1.3874   2.810234    32.2424    25.8045 0.0000e+00
        892     65.646     1.3861   2.810133    32.2423    25.8045 0.0000e+00
        893     65.885     1.3852   2.810075    32.2423    25.8046 0.0000e+00
        894     66.128     1.3847   2.810051    32.2424    25.8047 0.0000e+00
        895     66.377     1.3845   2.810040    32.2423    25.8047 0.0000e+00
        896     66.635     1.3842   2.810018    32.2422    25.8046 0.0000e+00
        897     66.898     1.3835   2.809978    32.2423    25.8047 0.0000e+00
        898     67.160     1.3825   2.809925    32.2425    25.8049 0.0000e+00
        899     67.416     1.3815   2.809868    32.2427    25.8051 0.0000e+00
        900     67.673     1.3807   2.809812    32.2427    25.8052 0.0000e+00
        901     67.937     1.3801   2.809768    32.2426    25.8051 0.0000e+00
        902     68.207     1.3795   2.809742    32.2427    25.8053 0.0000e+00
        903     68.481     1.3785   2.809687    32.2429    25.8055 0.0000e+00
        904     68.755     1.3767   2.809557    32.2429    25.8056 0.0000e+00
        905     69.029     1.3744   2.809384    32.2430    25.8058 0.0000e+00
        906     69.304     1.3725   2.809243    32.2430    25.8059 0.0000e+00
        907     69.578     1.3712   2.809161    32.2431    25.8062 0.0000e+00
        908     69.852     1.3703   2.809110    32.2433    25.8063 0.0000e+00
        909     70.124     1.3691   2.809036    32.2434    25.8065 0.0000e+00
        910     70.391     1.3666   2.808856    32.2436    25.8068 0.0000e+00
        911     70.658     1.3632   2.808595    32.2436    25.8070 0.0000e+00
        912     70.930     1.3594   2.808325    32.2440    25.8076 0.0000e+00
        913     71.200     1.3561   2.808079    32.2441    25.8079 0.0000e+00
        914     71.463     1.3539   2.807924    32.2442    25.8081 0.0000e+00
        915     71.721     1.3523   2.807823    32.2445    25.8084 0.0000e+00
        916     71.974     1.3505   2.807707    32.2447    25.8087 0.0000e+00
        917     72.220     1.3491   2.807613    32.2448    25.8089 0.0000e+00
        918     72.458     1.3489   2.807624    32.2450    25.8091 0.0000e+00
        919     72.690     1.3490   2.807654    32.2452    25.8092 0.0000e+00
        920     72.915     1.3483   2.807568    32.2447    25.8089 0.0000e+00
        921     73.132     1.3475   2.807504    32.2446    25.8088 0.0000e+00
        922     73.336     1.3466   2.807476    32.2451    25.8093 0.0000e+00
        923     73.526     1.3452   2.807362    32.2449    25.8093 0.0000e+00
        924     73.709     1.3434   2.807208    32.2447    25.8092 0.0000e+00
        925     73.895     1.3417   2.807086    32.2448    25.8094 0.0000e+00
        926     74.082     1.3403   2.807005    32.2452    25.8097 0.0000e+00
        927     74.258     1.3396   2.806961    32.2452    25.8098 0.0000e+00
        928     74.420     1.3392   2.806953    32.2454    25.8100 0.0000e+00
        929     74.570     1.3390   2.806951    32.2455    25.8101 0.0000e+00
        930     74.703     1.3384   2.806906    32.2455    25.8101 0.0000e+00
        931     74.816     1.3373   2.806814    32.2454    25.8101 0.0000e+00
        932     74.910     1.3363   2.806739    32.2455    25.8102 0.0000e+00
        933     74.993     1.3361   2.806733    32.2455    25.8103 0.0000e+00
        934     75.073     1.3367   2.806784    32.2455    25.8103 0.0000e+00
        935     75.151     1.3373   2.806832    32.2455    25.8102 0.0000e+00
        936     75.227     1.3375   2.806832    32.2452    25.8100 0.0000e+00
        937     75.296     1.3375   2.806827    32.2451    25.8099 0.0000e+00
        938     75.354     1.3371   2.806825    32.2455    25.8102 0.0000e+00
        939     75.407     1.3361   2.806752    32.2455    25.8103 0.0000e+00
        940     75.456     1.3344   2.806607    32.2454    25.8103 0.0000e+00
        941     75.500     1.3327   2.806461    32.2453    25.8103 0.0000e+00
        942     75.540     1.3313   2.806357    32.2454    25.8105 0.0000e+00
        943     75.581     1.3305   2.806301    32.2455    25.8106 0.0000e+00
        944     75.618     1.3301   2.806267    32.2455    25.8106 0.0000e+00
        945     75.641     1.3298   2.806235    32.2454    25.8106 0.0000e+00
        946     75.655     1.3300   2.806263    32.2455    25.8107 0.0000e+00
        947     75.668     1.3306   2.806322    32.2456    25.8107 0.0000e+00
        948     75.689     1.3307   2.806308    32.2453    25.8105 0.0000e+00
        949     75.722     1.3307   2.806300    32.2452    25.8104 0.0000e+00
        950     75.756     1.3310   2.806355    32.2456    25.8107 0.0000e+00
        951     75.781     1.3314   2.806380    32.2455    25.8106 0.0000e+00
        952     75.796     1.3318   2.806401    32.2453    25.8104 0.0000e+00
        953     75.811     1.3322   2.806428    32.2452    25.8103 0.0000e+00
        954     75.837     1.3321   2.806397    32.2449    25.8101 0.0000e+00
        955     75.873     1.3320   2.806386    32.2449    25.8100 0.0000e+00
        956     75.905     1.3317   2.806395    32.2453    25.8104 0.0000e+00
        957     75.923     1.3304   2.806296    32.2454    25.8105 0.0000e+00
        958     75.930     1.3281   2.806094    32.2452    25.8105 0.0000e+00
        959     75.940     1.3259   2.805920    32.2452    25.8107 0.0000e+00
        960     75.952     1.3247   2.805863    32.2457    25.8112 0.0000e+00
        961     75.955     1.3245   2.805867    32.2460    25.8114 0.0000e+00
        962     75.950     1.3243   2.805860    32.2461    25.8115 0.0000e+00
        963     75.942     1.3240   2.805828    32.2460    25.8115 0.0000e+00
        964     75.940     1.3236   2.805786    32.2459    25.8114 0.0000e+00
        965     75.945     1.3232   2.805743    32.2458    25.8113 0.0000e+00
        966     75.954     1.3228   2.805713    32.2458    25.8113 0.0000e+00
        967     75.972     1.3228   2.805715    32.2458    25.8114 0.0000e+00
        968     75.995     1.3232   2.805750    32.2458    25.8113 0.0000e+00
        969     76.009     1.3244   2.805842    32.2457    25.8112 0.0000e+00
        970     76.009     1.3259   2.805974    32.2459    25.8112 0.0000e+00
        971     76.007     1.3264   2.806002    32.2457    25.8111 0.0000e+00
        972     76.017     1.3253   2.805879    32.2453    25.8108 0.0000e+00
        973     76.042     1.3241   2.805782    32.2453    25.8109 0.0000e+00
        974     76.069     1.3238   2.805774    32.2455    25.8110 0.0000e+00
        975     76.091     1.3239   2.805789    32.2455    25.8111 0.0000e+00
        976     76.115     1.3240   2.805794    32.2455    25.8110 0.0000e+00
        977     76.145     1.3239   2.805783    32.2454    25.8110 0.0000e+00
        978     76.176     1.3230   2.805720    32.2455    25.8111 0.0000e+00
        979     76.200     1.3215   2.805600    32.2456    25.8112 0.0000e+00
        980     76.217     1.3207   2.805541    32.2456    25.8113 0.0000e+00
        981     76.231     1.3209   2.805572    32.2458    25.8115 0.0000e+00
        982     76.245     1.3213   2.805601    32.2457    25.8114 0.0000e+00
        983     76.259     1.3213   2.805597    32.2457    25.8114 0.0000e+00
        984     76.273     1.3208   2.805566    32.2458    25.8115 0.0000e+00
        985     76.290     1.3201   2.805499    32.2457    25.8114 0.0000e+00
        986     76.312     1.3191   2.805422    32.2457    25.8115 0.0000e+00
        987     76.337     1.3182   2.805367    32.2459    25.8118 0.0000e+00
        988     76.361     1.3177   2.805323    32.2459    25.8117 0.0000e+00
        989     76.382     1.3171   2.805275    32.2459    25.8118 0.0000e+00
        990     76.400     1.3166   2.805233    32.2458    25.8118 0.0000e+00
        991     76.417     1.3163   2.805211    32.2459    25.8118 0.0000e+00
        992     76.431     1.3164   2.805213    32.2458    25.8117 0.0000e+00
        993     76.439     1.3166   2.805238    32.2459    25.8118 0.0000e+00
        994     76.440     1.3166   2.805257    32.2461    25.8120 0.0000e+00
        995     76.439     1.3160   2.805201    32.2460    25.8120 0.0000e+00
        996     76.439     1.3150   2.805113    32.2459    25.8120 0.0000e+00
        997     76.444     1.3145   2.805083    32.2461    25.8121 0.0000e+00
        998     76.455     1.3143   2.805076    32.2462    25.8122 0.0000e+00
        999     76.469     1.3139   2.805040    32.2461    25.8122 0.0000e+00
       1000     76.481     1.3133   2.804991    32.2461    25.8122 0.0000e+00
       1001     76.492     1.3131   2.804971    32.2461    25.8122 0.0000e+00
       1002     76.510     1.3129   2.804966    32.2462    25.8123 0.0000e+00
       1003     76.531     1.3130   2.804971    32.2462    25.8123 0.0000e+00
       1004     76.544     1.3131   2.804978    32.2461    25.8122 0.0000e+00
       1005     76.546     1.3127   2.804945    32.2461    25.8123 0.0000e+00
       1006     76.540     1.3120   2.804893    32.2462    25.8124 0.0000e+00
       1007     76.526     1.3115   2.804846    32.2461    25.8123 0.0000e+00
       1008     76.504     1.3115   2.804842    32.2461    25.8123 0.0000e+00
       1009     76.476     1.3122   2.804914    32.2463    25.8124 0.0000e+00
       1010     76.449     1.3126   2.804953    32.2464    25.8125 0.0000e+00
       1011     76.430     1.3119   2.804878    32.2462    25.8123 0.0000e+00
       1012     76.419     1.3108   2.804783    32.2461    25.8124 0.0000e+00
       1013     76.408     1.3103   2.804747    32.2462    25.8124 0.0000e+00
       1014     76.393     1.3101   2.804743    32.2463    25.8126 0.0000e+00
       1015     76.381     1.3098   2.804716    32.2463    25.8126 0.0000e+00
       1016     76.381     1.3094   2.804679    32.2462    25.8126 0.0000e+00
       1017     76.395     1.3091   2.804656    32.2463    25.8126 0.0000e+00
       1018     76.415     1.3088   2.804637    32.2463    25.8127 0.0000e+00
       1019     76.430     1.3091   2.804646    32.2461    25.8125 0.0000e+00
       1020     76.436     1.3102   2.804740    32.2462    25.8124 0.0000e+00
       1021     76.440     1.3113   2.804847    32.2464    25.8126 0.0000e+00
       1022     76.451     1.3109   2.804805    32.2463    25.8125 0.0000e+00
       1023     76.468     1.3091   2.804644    32.2461    25.8124 0.0000e+00
       1024     76.483     1.3076   2.804526    32.2461    25.8126 0.0000e+00
       1025     76.488     1.3068   2.804483    32.2464    25.8128 0.0000e+00
