Datasets/Test_Dataset_39219_tow/originals/tel219_2021_062.cnv
* Sea-Bird SBE19plus Data File:
* Filename = C:/AQUIRE/tel219_2021_062.hex
* Software Version AquireV2 AF V2.0
* Temperature SN =  4020
* Conductivity SN =  4020
* System UpLoad Time = May 14 2021 17:28:46
** VESSEL/TRIP/SEQ STN: tel219_2021_062
** LATITUDE: 45 33.11 N
** LONGITUDE: 55 00.23 W
** DATE/TIME: 2021-05-14 16:47
** SOUNDING DEPTH (M): 0103
** PROBE TYPE: S4020
** CTD NUMBER: 062
** FORMAT: T
** COMMENTS: 
# nquan = 7                                 
# nvalues = 2568                        
# units = specified
# name 0 = scan: Scan Count
# name 1 = prdM: Pressure, Strain Gauge [db]
# name 2 = tv290C: Temperature [ITS-90, deg C]
# name 3 = c0S/m: Conductivity [S/m]
# name 4 = sal00: Salinity, Practical [PSU]
# name 5 = sigma-t00: Density [sigma-t, kg/m^3 ]
# name 6 = flag: flag
# span 0 =          1,       2568       
# span 1 =     -0.045,     99.929       
# span 2 =     0.3624,     6.7258       
# span 3 =   0.007869,   3.102760       
# span 4 =     0.0564,    33.0284       
# span 5 =    -0.0383,    26.4641       
# span 6 = 0.0000e+00, 0.0000e+00       
# interval = seconds: 1
# start_time = May 14 2021 16:47:05 [Instrument's time stamp, header]
# bad_flag = -9.990e-29
*END*
[from data line 821]
        822     65.658     0.5007   2.780256    32.7852    26.2932 0.0000e+00
        823     65.805     0.4812   2.779319    32.7936    26.3010 0.0000e+00
        824     65.962     0.4500   2.780112    32.8371    26.3377 0.0000e+00
        825     66.131     0.4179   2.778908    32.8555    26.3542 0.0000e+00
        826     66.306     0.3938   2.776367    32.8480    26.3494 0.0000e+00
        827     66.487     0.3819   2.774387    32.8347    26.3394 0.0000e+00
        828     66.675     0.3777   2.774175    32.8363    26.3409 0.0000e+00
        829     66.865     0.3748   2.774760    32.8470    26.3496 0.0000e+00
        830     67.059     0.3730   2.774333    32.8432    26.3467 0.0000e+00
        831     67.257     0.3749   2.773786    32.8339    26.3391 0.0000e+00
        832     67.455     0.3771   2.773589    32.8289    26.3349 0.0000e+00
        833     67.663     0.3776   2.773396    32.8257    26.3324 0.0000e+00
        834     67.884     0.3775   2.773737    32.8301    26.3359 0.0000e+00
        835     68.110     0.3764   2.773988    32.8345    26.3395 0.0000e+00
        836     68.337     0.3747   2.773240    32.8264    26.3330 0.0000e+00
        837     68.569     0.3727   2.772046    32.8128    26.3222 0.0000e+00
        838     68.808     0.3703   2.771236    32.8047    26.3158 0.0000e+00
        839     69.050     0.3679   2.770947    32.8033    26.3148 0.0000e+00
        840     69.298     0.3658   2.770987    32.8059    26.3170 0.0000e+00
        841     69.549     0.3650   2.771169    32.8090    26.3195 0.0000e+00
        842     69.802     0.3661   2.771441    32.8112    26.3213 0.0000e+00
        843     70.061     0.3687   2.772034    32.8160    26.3250 0.0000e+00
        844     70.324     0.3708   2.772294    32.8170    26.3257 0.0000e+00
        845     70.592     0.3719   2.771794    32.8092    26.3193 0.0000e+00
        846     70.869     0.3724   2.771473    32.8043    26.3154 0.0000e+00
        847     71.153     0.3732   2.771451    32.8030    26.3143 0.0000e+00
        848     71.438     0.3742   2.771408    32.8012    26.3128 0.0000e+00
        849     71.718     0.3745   2.771372    32.8003    26.3120 0.0000e+00
        850     71.995     0.3738   2.771192    32.7985    26.3106 0.0000e+00
        851     72.281     0.3722   2.770992    32.7974    26.3098 0.0000e+00
        852     72.576     0.3705   2.770865    32.7974    26.3099 0.0000e+00
        853     72.876     0.3689   2.770731    32.7972    26.3098 0.0000e+00
        854     73.181     0.3675   2.770789    32.7993    26.3116 0.0000e+00
        855     73.487     0.3665   2.770973    32.8026    26.3143 0.0000e+00
        856     73.791     0.3658   2.770837    32.8014    26.3133 0.0000e+00
        857     74.098     0.3659   2.770513    32.7968    26.3097 0.0000e+00
        858     74.411     0.3663   2.770379    32.7945    26.3078 0.0000e+00
        859     74.733     0.3662   2.770411    32.7948    26.3081 0.0000e+00
        860     75.060     0.3660   2.770435    32.7952    26.3083 0.0000e+00
        861     75.383     0.3657   2.770317    32.7938    26.3072 0.0000e+00
        862     75.698     0.3651   2.770158    32.7921    26.3060 0.0000e+00
        863     76.012     0.3644   2.770117    32.7922    26.3060 0.0000e+00
        864     76.334     0.3635   2.770113    32.7929    26.3066 0.0000e+00
        865     76.664     0.3626   2.770095    32.7934    26.3071 0.0000e+00
        866     76.993     0.3624   2.770165    32.7944    26.3079 0.0000e+00
        867     77.318     0.3629   2.770263    32.7949    26.3083 0.0000e+00
        868     77.644     0.3633   2.770243    32.7940    26.3076 0.0000e+00
        869     77.975     0.3635   2.770159    32.7925    26.3064 0.0000e+00
        870     78.311     0.3635   2.770133    32.7920    26.3059 0.0000e+00
        871     78.652     0.3634   2.770113    32.7916    26.3056 0.0000e+00
        872     78.995     0.3630   2.770013    32.7906    26.3048 0.0000e+00
        873     79.330     0.3634   2.769939    32.7890    26.3035 0.0000e+00
        874     79.655     0.3656   2.770023    32.7875    26.3022 0.0000e+00
        875     79.981     0.3700   2.770279    32.7860    26.3008 0.0000e+00
        876     80.319     0.3746   2.770615    32.7853    26.2999 0.0000e+00
        877     80.668     0.3776   2.770877    32.7853    26.2998 0.0000e+00
        878     81.015     0.3784   2.771012    32.7860    26.3003 0.0000e+00
        879     81.346     0.3782   2.771046    32.7865    26.3007 0.0000e+00
        880     81.667     0.3786   2.771045    32.7859    26.3002 0.0000e+00
        881     81.996     0.3800   2.771104    32.7850    26.2994 0.0000e+00
        882     82.343     0.3813   2.771203    32.7847    26.2991 0.0000e+00
        883     82.696     0.3818   2.771291    32.7851    26.2994 0.0000e+00
        884     83.034     0.3817   2.771358    32.7859    26.3000 0.0000e+00
        885     83.354     0.3819   2.771412    32.7862    26.3003 0.0000e+00
        886     83.666     0.3821   2.771456    32.7863    26.3004 0.0000e+00
        887     83.976     0.3822   2.771470    32.7862    26.3003 0.0000e+00
        888     84.288     0.3820   2.771459    32.7861    26.3002 0.0000e+00
        889     84.606     0.3813   2.771417    32.7861    26.3003 0.0000e+00
        890     84.937     0.3812   2.771376    32.7855    26.2998 0.0000e+00
        891     85.284     0.3821   2.771415    32.7849    26.2992 0.0000e+00
        892     85.640     0.3827   2.771495    32.7851    26.2993 0.0000e+00
        893     85.996     0.3824   2.771516    32.7855    26.2997 0.0000e+00
        894     86.350     0.3815   2.771465    32.7855    26.2998 0.0000e+00
        895     86.708     0.3807   2.771399    32.7853    26.2997 0.0000e+00
        896     87.076     0.3802   2.771373    32.7853    26.2997 0.0000e+00
        897     87.451     0.3801   2.771400    32.7856    26.2999 0.0000e+00
        898     87.823     0.3801   2.771449    32.7860    26.3002 0.0000e+00
        899     88.182     0.3799   2.771474    32.7863    26.3005 0.0000e+00
        900     88.533     0.3799   2.771475    32.7861    26.3003 0.0000e+00
        901     88.889     0.3806   2.771511    32.7856    26.2999 0.0000e+00
        902     89.260     0.3819   2.771612    32.7854    26.2996 0.0000e+00
        903     89.642     0.3830   2.771735    32.7856    26.2997 0.0000e+00
        904     90.019     0.3835   2.771822    32.7860    26.3000 0.0000e+00
        905     90.374     0.3834   2.771855    32.7863    26.3003 0.0000e+00
        906     90.707     0.3830   2.771833    32.7862    26.3003 0.0000e+00
        907     91.030     0.3821   2.771752    32.7859    26.3001 0.0000e+00
        908     91.352     0.3813   2.771657    32.7854    26.2997 0.0000e+00
        909     91.681     0.3807   2.771622    32.7854    26.2997 0.0000e+00
        910     92.005     0.3798   2.771627    32.7862    26.3004 0.0000e+00
        911     92.303     0.3788   2.771602    32.7868    26.3009 0.0000e+00
        912     92.576     0.3781   2.771546    32.7866    26.3008 0.0000e+00
        913     92.848     0.3776   2.771492    32.7863    26.3006 0.0000e+00
        914     93.124     0.3771   2.771530    32.7872    26.3013 0.0000e+00
        915     93.380     0.3768   2.771623    32.7885    26.3025 0.0000e+00
        916     93.599     0.3766   2.771594    32.7883    26.3022 0.0000e+00
        917     93.787     0.3769   2.771518    32.7868    26.3011 0.0000e+00
        918     93.971     0.3778   2.771581    32.7866    26.3008 0.0000e+00
        919     94.176     0.3796   2.771834    32.7879    26.3018 0.0000e+00
        920     94.409     0.3816   2.772183    32.7901    26.3035 0.0000e+00
        921     94.650     0.3830   2.772432    32.7918    26.3047 0.0000e+00
        922     94.869     0.3838   2.772533    32.7921    26.3049 0.0000e+00
        923     95.056     0.3841   2.772567    32.7921    26.3049 0.0000e+00
        924     95.229     0.3844   2.772579    32.7919    26.3047 0.0000e+00
        925     95.413     0.3842   2.772544    32.7915    26.3044 0.0000e+00
        926     95.615     0.3835   2.772470    32.7912    26.3042 0.0000e+00
        927     95.817     0.3823   2.772407    32.7915    26.3045 0.0000e+00
        928     95.997     0.3814   2.772335    32.7914    26.3045 0.0000e+00
        929     96.155     0.3813   2.772278    32.7907    26.3039 0.0000e+00
        930     96.310     0.3818   2.772278    32.7901    26.3034 0.0000e+00
        931     96.472     0.3830   2.772333    32.7894    26.3028 0.0000e+00
        932     96.628     0.3844   2.772465    32.7896    26.3029 0.0000e+00
        933     96.765     0.3853   2.772605    32.7903    26.3035 0.0000e+00
        934     96.884     0.3856   2.772718    32.7914    26.3043 0.0000e+00
        935     96.995     0.3853   2.772835    32.7932    26.3058 0.0000e+00
        936     97.103     0.3851   2.772916    32.7944    26.3067 0.0000e+00
        937     97.207     0.3851   2.772943    32.7947    26.3070 0.0000e+00
        938     97.300     0.3851   2.772950    32.7947    26.3070 0.0000e+00
        939     97.385     0.3851   2.772969    32.7949    26.3072 0.0000e+00
        940     97.464     0.3850   2.773006    32.7955    26.3076 0.0000e+00
        941     97.543     0.3848   2.773045    32.7962    26.3082 0.0000e+00
        942     97.630     0.3846   2.773087    32.7969    26.3088 0.0000e+00
        943     97.726     0.3847   2.773131    32.7973    26.3091 0.0000e+00
        944     97.820     0.3849   2.773162    32.7974    26.3092 0.0000e+00
        945     97.897     0.3850   2.773175    32.7974    26.3092 0.0000e+00
        946     97.955     0.3851   2.773181    32.7974    26.3091 0.0000e+00
        947     98.008     0.3851   2.773180    32.7973    26.3091 0.0000e+00
        948     98.067     0.3853   2.773177    32.7971    26.3089 0.0000e+00
        949     98.124     0.3856   2.773182    32.7968    26.3086 0.0000e+00
        950     98.171     0.3860   2.773188    32.7964    26.3083 0.0000e+00
        951     98.208     0.3862   2.773189    32.7962    26.3081 0.0000e+00
        952     98.244     0.3865   2.773177    32.7957    26.3077 0.0000e+00
        953     98.291     0.3869   2.773146    32.7948    26.3070 0.0000e+00
        954     98.351     0.3872   2.773121    32.7941    26.3064 0.0000e+00
        955     98.416     0.3876   2.773122    32.7937    26.3060 0.0000e+00
        956     98.472     0.3880   2.773132    32.7934    26.3057 0.0000e+00
        957     98.515     0.3883   2.773136    32.7931    26.3055 0.0000e+00
        958     98.552     0.3887   2.773134    32.7926    26.3051 0.0000e+00
        959     98.585     0.3887   2.773123    32.7924    26.3050 0.0000e+00
        960     98.616     0.3878   2.773097    32.7930    26.3055 0.0000e+00
        961     98.647     0.3862   2.773101    32.7948    26.3070 0.0000e+00
        962     98.676     0.3849   2.773173    32.7971    26.3089 0.0000e+00
        963     98.704     0.3842   2.773226    32.7985    26.3101 0.0000e+00
        964     98.734     0.3840   2.773233    32.7988    26.3103 0.0000e+00
        965     98.769     0.3839   2.773239    32.7989    26.3105 0.0000e+00
        966     98.806     0.3839   2.773242    32.7990    26.3105 0.0000e+00
        967     98.836     0.3837   2.773243    32.7992    26.3107 0.0000e+00
        968     98.860     0.3834   2.773248    32.7995    26.3110 0.0000e+00
        969     98.885     0.3831   2.773257    32.8000    26.3113 0.0000e+00
        970     98.911     0.3831   2.773263    32.8000    26.3114 0.0000e+00
        971     98.930     0.3832   2.773266    32.8000    26.3113 0.0000e+00
        972     98.936     0.3832   2.773269    32.8000    26.3113 0.0000e+00
        973     98.936     0.3833   2.773264    32.7998    26.3112 0.0000e+00
        974     98.935     0.3837   2.773252    32.7992    26.3107 0.0000e+00
        975     98.940     0.3841   2.773238    32.7986    26.3102 0.0000e+00
        976     98.953     0.3842   2.773226    32.7984    26.3100 0.0000e+00
        977     98.977     0.3843   2.773215    32.7981    26.3097 0.0000e+00
        978     99.003     0.3843   2.773212    32.7980    26.3097 0.0000e+00
        979     99.021     0.3846   2.773211    32.7977    26.3094 0.0000e+00
        980     99.034     0.3851   2.773194    32.7969    26.3088 0.0000e+00
        981     99.051     0.3858   2.773171    32.7959    26.3079 0.0000e+00
        982     99.072     0.3861   2.773157    32.7954    26.3075 0.0000e+00
        983     99.088     0.3859   2.773153    32.7955    26.3076 0.0000e+00
        984     99.091     0.3854   2.773152    32.7960    26.3080 0.0000e+00
        985     99.085     0.3851   2.773155    32.7964    26.3083 0.0000e+00
        986     99.085     0.3851   2.773157    32.7964    26.3084 0.0000e+00
        987     99.096     0.3850   2.773160    32.7966    26.3085 0.0000e+00
        988     99.111     0.3847   2.773174    32.7970    26.3089 0.0000e+00
        989     99.123     0.3842   2.773198    32.7979    26.3096 0.0000e+00
        990     99.135     0.3841   2.773213    32.7982    26.3098 0.0000e+00
        991     99.149     0.3839   2.773214    32.7984    26.3100 0.0000e+00
        992     99.167     0.3835   2.773216    32.7988    26.3104 0.0000e+00
        993     99.192     0.3832   2.773228    32.7993    26.3108 0.0000e+00
        994     99.216     0.3830   2.773237    32.7996    26.3111 0.0000e+00
        995     99.235     0.3828   2.773240    32.7999    26.3113 0.0000e+00
        996     99.250     0.3826   2.773240    32.8001    26.3114 0.0000e+00
        997     99.262     0.3823   2.773238    32.8004    26.3117 0.0000e+00
        998     99.274     0.3821   2.773201    32.8001    26.3115 0.0000e+00
        999     99.285     0.3822   2.773072    32.7983    26.3100 0.0000e+00
       1000     99.292     0.3825   2.773014    32.7972    26.3091 0.0000e+00
       1001     99.298     0.3830   2.773143    32.7983    26.3100 0.0000e+00
       1002     99.308     0.3831   2.773238    32.7995    26.3109 0.0000e+00
       1003     99.319     0.3831   2.773236    32.7994    26.3109 0.0000e+00
       1004     99.327     0.3831   2.773230    32.7994    26.3108 0.0000e+00
       1005     99.336     0.3831   2.773224    32.7993    26.3108 0.0000e+00
       1006     99.347     0.3831   2.773221    32.7992    26.3107 0.0000e+00
       1007     99.363     0.3834   2.773223    32.7989    26.3105 0.0000e+00
       1008     99.384     0.3838   2.773228    32.7986    26.3101 0.0000e+00
       1009     99.399     0.3840   2.773231    32.7984    26.3100 0.0000e+00
       1010     99.402     0.3841   2.773221    32.7981    26.3098 0.0000e+00
       1011     99.401     0.3843   2.773202    32.7977    26.3094 0.0000e+00
       1012     99.408     0.3848   2.773180    32.7968    26.3087 0.0000e+00
       1013     99.424     0.3851   2.773169    32.7964    26.3083 0.0000e+00
       1014     99.439     0.3851   2.773172    32.7964    26.3084 0.0000e+00
       1015     99.444     0.3851   2.773174    32.7964    26.3084 0.0000e+00
       1016     99.449     0.3849   2.773165    32.7965    26.3085 0.0000e+00
       1017     99.461     0.3844   2.773163    32.7970    26.3089 0.0000e+00
       1018     99.473     0.3840   2.773175    32.7976    26.3094 0.0000e+00
       1019     99.476     0.3834   2.773184    32.7984    26.3100 0.0000e+00
       1020     99.472     0.3828   2.773188    32.7990    26.3106 0.0000e+00
       1021     99.472     0.3822   2.773191    32.7997    26.3112 0.0000e+00
       1022     99.479     0.3820   2.773184    32.7998    26.3113 0.0000e+00
       1023     99.493     0.3820   2.773169    32.7996    26.3111 0.0000e+00
       1024     99.512     0.3821   2.773158    32.7994    26.3109 0.0000e+00
       1025     99.529     0.3821   2.773165    32.7995    26.3110 0.0000e+00
