Datasets/Test_Dataset_39219_tow/originals/tel219_2021_009.cnv
* Sea-Bird SBE19plus Data File:
* Filename = C:/AQUIRE/tel219_2021_009.hex
* Software Version AquireV2 AF V2.0
* Temperature SN =  4020
* Conductivity SN =  4020
* System UpLoad Time = May 06 2021 17:32:14
** VESSEL/TRIP/SEQ STN: tel219_2021_009
** LATITUDE: 45 56.69 N
** LONGITUDE: 55 57.60 W
** DATE/TIME: 2021-05-06 16:54
** SOUNDING DEPTH (M): 0068
** PROBE TYPE: S4020
** CTD NUMBER: 009
** FORMAT: t
** COMMENTS: 
# nquan = 7                                 
# nvalues = 2262                        
# units = specified
# name 0 = scan: Scan Count
# name 1 = prdM: Pressure, Strain Gauge [db]
# name 2 = tv290C: Temperature [ITS-90, deg C]
# name 3 = c0S/m: Conductivity [S/m]
# name 4 = sal00: Salinity, Practical [PSU]
# name 5 = sigma-t00: Density [sigma-t, kg/m^3 ]
# name 6 = flag: flag
# span 0 =          1,       2262       
# span 1 =     -0.111,     61.906       
# span 2 =     1.4090,     4.3653       
# span 3 =   0.008327,   2.991401       
# span 4 =     0.0630,    32.2317       
# span 5 =     0.0246,    25.7923       
# span 6 = 0.0000e+00, 0.0000e+00       
# interval = seconds: 1
# start_time = May 06 2021 16:54:58 [Instrument's time stamp, header]
# bad_flag = -9.990e-29
*END*
[from data line 1847]
       1848      0.741     3.4621   2.961072    32.0399    25.4824 0.0000e+00
       1849      0.615     3.4668   2.950646    31.9108    25.3791 0.0000e+00
       1850      0.435     3.4730   2.782835    29.9092    23.7851 0.0000e+00
       1851      0.234     3.4753   2.128876    22.2928    17.7289 0.0000e+00
       1852      0.121     3.4730   1.585438    16.1738    12.8685 0.0000e+00
       1853      0.111     3.4683   2.042784    21.3148    16.9523 0.0000e+00
       1854      0.151     3.4652   2.748669    29.5122    23.4698 0.0000e+00
       1855      0.183     3.4661   2.903524    31.3495    24.9322 0.0000e+00
       1856      0.168     3.4697   2.343668    24.7691    19.6972 0.0000e+00
       1857      0.124     3.4724   1.290570    12.9412    10.3005 0.0000e+00
       1858      0.098     3.4714   1.029369    10.1373     8.0718 0.0000e+00
       1859      0.114     3.4682   1.900447    19.7004    15.6699 0.0000e+00
       1860      0.156     3.4665   2.725693    29.2395    23.2527 0.0000e+00
       1861      0.183     3.4673   2.930599    31.6712    25.1883 0.0000e+00
       1862      0.167     3.4687   2.589082    27.6298    21.9719 0.0000e+00
       1863      0.122     3.4694   1.723483    17.7114    14.0900 0.0000e+00
       1864      0.088     3.4687   1.212568    12.0989     9.6313 0.0000e+00
       1865      0.087     3.4666   1.831101    18.9197    15.0498 0.0000e+00
       1866      0.105     3.4649   2.643207    28.2687    22.4805 0.0000e+00
       1867      0.104     3.4647   2.511610    26.7263    21.2537 0.0000e+00
       1868      0.077     3.4648   1.508288    15.3254    12.1949 0.0000e+00
       1869      0.056     3.4636   0.547908     5.1528     4.1025 0.0000e+00
       1870      0.052     3.4615   0.191358     1.6867     1.3306 0.0000e+00
       1871      0.052     3.4588   0.145482     1.2639     0.9912 0.0000e+00
       1872      0.051     3.4556   0.123619     1.0653     0.8316 0.0000e+00
       1873      0.052     3.4518   0.107228     0.9178     0.7129 0.0000e+00
       1874      0.052     3.4470   0.093774     0.7977     0.6162 0.0000e+00
       1875      0.049     3.4408   0.083002     0.7022     0.5394 0.0000e+00
       1876      0.045     3.4341   0.073304     0.6168     0.4706 0.0000e+00
       1877      0.045     3.4289   0.064874     0.5431     0.4111 0.0000e+00
       1878      0.046     3.4253   0.057592     0.4797     0.3600 0.0000e+00
       1879      0.046     3.4221   0.052080     0.4320     0.3215 0.0000e+00
       1880      0.047     3.4187   0.048817     0.4039     0.2988 0.0000e+00
       1881      0.047     3.4154   0.046847     0.3870     0.2851 0.0000e+00
       1882      0.047     3.4126   0.045438     0.3749     0.2754 0.0000e+00
       1883      0.048     3.4100   0.046194     0.3814     0.2806 0.0000e+00
       1884      0.048     3.4074   0.050773     0.4209     0.3124 0.0000e+00
       1885      0.047     3.4044   0.054470     0.4529     0.3382 0.0000e+00
       1886      0.045     3.4011   0.052566     0.4365     0.3250 0.0000e+00
       1887      0.045     3.3983   0.048587     0.4022     0.2973 0.0000e+00
       1888      0.049     3.3956   0.045704     0.3774     0.2772 0.0000e+00
       1889      0.053     3.3930   0.043458     0.3581     0.2617 0.0000e+00
       1890      0.054     3.3907   0.041640     0.3426     0.2491 0.0000e+00
       1891      0.055     3.3888   0.040125     0.3296     0.2387 0.0000e+00
       1892      0.058     3.3872   0.038877     0.3190     0.2301 0.0000e+00
       1893      0.062     3.3854   0.037845     0.3102     0.2229 0.0000e+00
       1894      0.064     3.3835   0.036875     0.3020     0.2163 0.0000e+00
       1895      0.065     3.3825   0.035781     0.2927     0.2088 0.0000e+00
       1896      0.062     3.3827   0.034590     0.2825     0.2006 0.0000e+00
       1897      0.058     3.3833   0.033541     0.2736     0.1934 0.0000e+00
       1898      0.060     3.3829   0.032771     0.2671     0.1881 0.0000e+00
       1899      0.064     3.3815   0.032270     0.2629     0.1847 0.0000e+00
       1900      0.066     3.3795   0.031888     0.2597     0.1821 0.0000e+00
       1901      0.066     3.3775   0.031369     0.2553     0.1785 0.0000e+00
       1902      0.065     3.3758   0.030688     0.2495     0.1739 0.0000e+00
       1903      0.063     3.3746   0.029994     0.2437     0.1691 0.0000e+00
       1904      0.065     3.3739   0.029397     0.2387     0.1651 0.0000e+00
       1905      0.069     3.3733   0.029015     0.2354     0.1625 0.0000e+00
       1906      0.072     3.3724   0.028803     0.2337     0.1610 0.0000e+00
       1907      0.074     3.3712   0.028489     0.2310     0.1589 0.0000e+00
       1908      0.074     3.3701   0.027980     0.2268     0.1554 0.0000e+00
       1909      0.071     3.3691   0.027461     0.2224     0.1519 0.0000e+00
       1910      0.067     3.3681   0.027079     0.2192     0.1493 0.0000e+00
       1911      0.065     3.3669   0.026829     0.2171     0.1476 0.0000e+00
       1912      0.067     3.3655   0.026612     0.2153     0.1461 0.0000e+00
       1913      0.070     3.3645   0.026310     0.2128     0.1441 0.0000e+00
       1914      0.071     3.3641   0.025912     0.2094     0.1414 0.0000e+00
       1915      0.068     3.3641   0.025537     0.2063     0.1388 0.0000e+00
       1916      0.068     3.3642   0.025291     0.2042     0.1371 0.0000e+00
       1917      0.069     3.3640   0.025093     0.2025     0.1358 0.0000e+00
       1918      0.069     3.3639   0.024769     0.1998     0.1336 0.0000e+00
       1919      0.071     3.3640   0.024312     0.1960     0.1305 0.0000e+00
       1920      0.071     3.3642   0.023884     0.1924     0.1276 0.0000e+00
       1921      0.069     3.3638   0.023630     0.1903     0.1259 0.0000e+00
       1922      0.069     3.3628   0.023551     0.1896     0.1254 0.0000e+00
       1923      0.071     3.3619   0.023522     0.1894     0.1252 0.0000e+00
       1924      0.073     3.3611   0.023420     0.1886     0.1245 0.0000e+00
       1925      0.074     3.3602   0.023208     0.1868     0.1230 0.0000e+00
       1926      0.074     3.3593   0.022951     0.1847     0.1213 0.0000e+00
       1927      0.074     3.3583   0.022737     0.1829     0.1199 0.0000e+00
       1928      0.073     3.3577   0.022594     0.1817     0.1189 0.0000e+00
       1929      0.073     3.3574   0.022491     0.1808     0.1182 0.0000e+00
       1930      0.072     3.3573   0.022383     0.1799     0.1175 0.0000e+00
       1931      0.069     3.3573   0.022248     0.1788     0.1165 0.0000e+00
       1932      0.066     3.3572   0.022059     0.1772     0.1153 0.0000e+00
       1933      0.068     3.3572   0.021807     0.1751     0.1136 0.0000e+00
       1934      0.072     3.3570   0.021568     0.1731     0.1120 0.0000e+00
       1935      0.074     3.3565   0.021429     0.1720     0.1110 0.0000e+00
       1936      0.075     3.3562   0.021375     0.1715     0.1107 0.0000e+00
       1937      0.075     3.3559   0.021292     0.1708     0.1101 0.0000e+00
       1938      0.073     3.3557   0.021111     0.1693     0.1089 0.0000e+00
       1939      0.072     3.3556   0.020885     0.1675     0.1074 0.0000e+00
       1940      0.073     3.3556   0.020726     0.1661     0.1063 0.0000e+00
       1941      0.074     3.3556   0.020687     0.1658     0.1060 0.0000e+00
       1942      0.077     3.3557   0.020703     0.1659     0.1061 0.0000e+00
       1943      0.079     3.3560   0.020627     0.1653     0.1056 0.0000e+00
       1944      0.077     3.3563   0.020396     0.1634     0.1041 0.0000e+00
       1945      0.073     3.3563   0.020125     0.1611     0.1023 0.0000e+00
       1946      0.075     3.3560   0.019955     0.1597     0.1011 0.0000e+00
       1947      0.081     3.3559   0.019922     0.1594     0.1009 0.0000e+00
       1948      0.085     3.3559   0.019934     0.1595     0.1010 0.0000e+00
       1949      0.085     3.3562   0.019836     0.1587     0.1003 0.0000e+00
       1950      0.082     3.3562   0.019610     0.1569     0.0988 0.0000e+00
       1951      0.077     3.3556   0.019406     0.1552     0.0974 0.0000e+00
       1952      0.071     3.3548   0.019307     0.1543     0.0968 0.0000e+00
       1953      0.067     3.3541   0.019308     0.1544     0.0968 0.0000e+00
       1954      0.066     3.3533   0.019338     0.1546     0.0970 0.0000e+00
       1955      0.069     3.3525   0.019301     0.1543     0.0967 0.0000e+00
       1956      0.073     3.3520   0.019176     0.1533     0.0959 0.0000e+00
       1957      0.071     3.3516   0.019032     0.1521     0.0949 0.0000e+00
       1958      0.066     3.3512   0.018959     0.1515     0.0944 0.0000e+00
       1959      0.064     3.3507   0.018958     0.1515     0.0944 0.0000e+00
       1960      0.065     3.3503   0.018963     0.1515     0.0944 0.0000e+00
       1961      0.066     3.3498   0.018911     0.1511     0.0941 0.0000e+00
       1962      0.064     3.3493   0.018808     0.1502     0.0934 0.0000e+00
       1963      0.062     3.3487   0.018715     0.1495     0.0928 0.0000e+00
       1964      0.062     3.3480   0.018658     0.1490     0.0924 0.0000e+00
       1965      0.062     3.3476   0.018607     0.1486     0.0920 0.0000e+00
       1966      0.061     3.3472   0.018553     0.1481     0.0917 0.0000e+00
       1967      0.061     3.3467   0.018512     0.1478     0.0914 0.0000e+00
       1968      0.063     3.3461   0.018480     0.1475     0.0912 0.0000e+00
       1969      0.062     3.3457   0.018439     0.1472     0.0909 0.0000e+00
       1970      0.058     3.3454   0.018388     0.1468     0.0905 0.0000e+00
       1971      0.057     3.3449   0.018356     0.1465     0.0903 0.0000e+00
       1972      0.057     3.3443   0.018382     0.1467     0.0905 0.0000e+00
       1973      0.057     3.3439   0.018427     0.1471     0.0908 0.0000e+00
       1974      0.057     3.3437   0.018396     0.1468     0.0906 0.0000e+00
       1975      0.057     3.3434   0.018295     0.1460     0.0899 0.0000e+00
       1976      0.057     3.3430   0.018213     0.1453     0.0894 0.0000e+00
       1977      0.055     3.3426   0.018195     0.1452     0.0892 0.0000e+00
       1978      0.053     3.3422   0.018244     0.1456     0.0896 0.0000e+00
       1979      0.055     3.3418   0.018316     0.1462     0.0900 0.0000e+00
       1980      0.055     3.3413   0.018327     0.1463     0.0901 0.0000e+00
       1981      0.054     3.3409   0.018248     0.1456     0.0896 0.0000e+00
       1982      0.053     3.3403   0.018153     0.1448     0.0889 0.0000e+00
       1983      0.050     3.3399   0.018114     0.1445     0.0887 0.0000e+00
       1984      0.046     3.3398   0.018153     0.1449     0.0889 0.0000e+00
       1985      0.049     3.3398   0.018204     0.1453     0.0893 0.0000e+00
       1986      0.054     3.3398   0.018154     0.1449     0.0889 0.0000e+00
       1987      0.055     3.3399   0.018012     0.1437     0.0880 0.0000e+00
       1988      0.054     3.3403   0.017891     0.1427     0.0872 0.0000e+00
       1989      0.054     3.3411   0.017848     0.1423     0.0869 0.0000e+00
       1990      0.054     3.3419   0.017819     0.1421     0.0867 0.0000e+00
       1991      0.053     3.3426   0.017718     0.1412     0.0860 0.0000e+00
       1992      0.051     3.3435   0.017567     0.1400     0.0850 0.0000e+00
       1993      0.050     3.3443   0.017445     0.1390     0.0842 0.0000e+00
       1994      0.052     3.3445   0.017402     0.1386     0.0839 0.0000e+00
       1995      0.054     3.3442   0.017405     0.1386     0.0840 0.0000e+00
       1996      0.055     3.3437   0.017392     0.1385     0.0839 0.0000e+00
       1997      0.054     3.3432   0.017346     0.1382     0.0836 0.0000e+00
       1998      0.050     3.3427   0.017286     0.1377     0.0832 0.0000e+00
       1999      0.044     3.3421   0.017232     0.1372     0.0828 0.0000e+00
       2000      0.036     3.3415   0.017181     0.1368     0.0824 0.0000e+00
       2001      0.034     3.3410   0.017138     0.1365     0.0822 0.0000e+00
       2002      0.040     3.3407   0.017111     0.1362     0.0820 0.0000e+00
       2003      0.044     3.3407   0.017088     0.1360     0.0818 0.0000e+00
       2004      0.044     3.3411   0.017027     0.1355     0.0814 0.0000e+00
       2005      0.043     3.3423   0.016888     0.1344     0.0805 0.0000e+00
       2006      0.043     3.3440   0.016746     0.1332     0.0796 0.0000e+00
       2007      0.041     3.3453   0.016709     0.1329     0.0793 0.0000e+00
       2008      0.039     3.3455   0.016753     0.1333     0.0796 0.0000e+00
       2009      0.038     3.3447   0.016744     0.1332     0.0795 0.0000e+00
       2010      0.038     3.3436   0.016647     0.1324     0.0789 0.0000e+00
       2011      0.038     3.3424   0.016563     0.1317     0.0783 0.0000e+00
       2012      0.038     3.3415   0.016567     0.1317     0.0783 0.0000e+00
       2013      0.036     3.3409   0.016605     0.1321     0.0786 0.0000e+00
       2014      0.032     3.3406   0.016604     0.1320     0.0786 0.0000e+00
       2015      0.030     3.3405   0.016553     0.1316     0.0782 0.0000e+00
       2016      0.031     3.3408   0.016492     0.1311     0.0778 0.0000e+00
       2017      0.033     3.3418   0.016432     0.1306     0.0774 0.0000e+00
       2018      0.032     3.3438   0.016340     0.1299     0.0768 0.0000e+00
       2019      0.031     3.3461   0.016204     0.1287     0.0760 0.0000e+00
       2020      0.031     3.3469   0.016078     0.1277     0.0751 0.0000e+00
       2021      0.030     3.3464   0.016015     0.1272     0.0747 0.0000e+00
       2022      0.029     3.3460   0.015998     0.1270     0.0746 0.0000e+00
       2023      0.028     3.3463   0.015983     0.1269     0.0745 0.0000e+00
       2024      0.028     3.3465   0.015944     0.1266     0.0742 0.0000e+00
       2025      0.029     3.3461   0.015883     0.1261     0.0738 0.0000e+00
       2026      0.029     3.3459   0.015808     0.1255     0.0733 0.0000e+00
       2027      0.029     3.3468   0.015720     0.1247     0.0727 0.0000e+00
       2028      0.030     3.3492   0.015617     0.1239     0.0721 0.0000e+00
       2029      0.032     3.3514   0.015536     0.1232     0.0715 0.0000e+00
       2030      0.030     3.3520   0.015498     0.1229     0.0713 0.0000e+00
       2031      0.025     3.3512   0.015465     0.1226     0.0711 0.0000e+00
       2032      0.023     3.3510   0.015399     0.1221     0.0706 0.0000e+00
       2033      0.022     3.3522   0.015297     0.1212     0.0700 0.0000e+00
       2034      0.018     3.3533   0.015198     0.1204     0.0693 0.0000e+00
       2035      0.016     3.3535   0.015138     0.1199     0.0689 0.0000e+00
       2036      0.016     3.3535   0.015083     0.1195     0.0685 0.0000e+00
       2037      0.016     3.3536   0.015014     0.1189     0.0681 0.0000e+00
       2038      0.015     3.3528   0.014981     0.1186     0.0679 0.0000e+00
       2039      0.014     3.3516   0.014994     0.1188     0.0679 0.0000e+00
       2040      0.016     3.3509   0.014970     0.1186     0.0678 0.0000e+00
       2041      0.018     3.3499   0.014884     0.1179     0.0672 0.0000e+00
       2042      0.019     3.3484   0.014809     0.1172     0.0667 0.0000e+00
       2043      0.019     3.3468   0.014778     0.1170     0.0665 0.0000e+00
       2044      0.020     3.3457   0.014762     0.1169     0.0664 0.0000e+00
       2045      0.022     3.3447   0.014726     0.1166     0.0661 0.0000e+00
       2046      0.022     3.3438   0.014660     0.1160     0.0657 0.0000e+00
       2047      0.019     3.3430   0.014578     0.1154     0.0651 0.0000e+00
       2048      0.015     3.3426   0.014503     0.1148     0.0646 0.0000e+00
       2049      0.011     3.3422   0.014453     0.1143     0.0643 0.0000e+00
       2050      0.008     3.3414   0.014432     0.1142     0.0641 0.0000e+00
       2051      0.007     3.3406   0.014418     0.1141     0.0640 0.0000e+00
