Datasets/Test_Dataset_39219_tow/originals/tel219_2021_053.cnv
* Sea-Bird SBE19plus Data File:
* Filename = C:/AQUIRE/tel219_2021_053.hex
* Software Version AquireV2 AF V2.0
* Temperature SN =  4020
* Conductivity SN =  4020
* System UpLoad Time = May 13 2021 15:58:20
** VESSEL/TRIP/SEQ STN: tel219_2021_053
** LATITUDE: 44 59.00 N
** LONGITUDE: 55 18.38 W
** DATE/TIME: 2021-05-13 14:55
** SOUNDING DEPTH (M): 0315
** PROBE TYPE: S4020
** CTD NUMBER:  53
** FORMAT: t
** COMMENTS: 
# nquan = 7                                 
# nvalues = 3871                        
# units = specified
# name 0 = scan: Scan Count
# name 1 = prdM: Pressure, Strain Gauge [db]
# name 2 = tv290C: Temperature [ITS-90, deg C]
# name 3 = c0S/m: Conductivity [S/m]
# name 4 = sal00: Salinity, Practical [PSU]
# name 5 = sigma-t00: Density [sigma-t, kg/m^3 ]
# name 6 = flag: flag
# span 0 =          1,       3871       
# span 1 =     -0.756,    319.152       
# span 2 =     0.5625,     9.2762       
# span 3 =   0.009715,   3.756782       
# span 4 =     0.0716,    35.1671       
# span 5 =     0.0115,    27.3976       
# span 6 = 0.0000e+00, 0.0000e+00       
# interval = seconds: 1
# start_time = May 13 2021 14:55:00 [Instrument's time stamp, header]
# bad_flag = -9.990e-29
*END*
          1     -0.062     5.2059   0.010700     0.0798     0.0273 0.0000e+00
          2     -0.063     5.2066   0.010709     0.0799     0.0273 0.0000e+00
          3     -0.064     5.2074   0.010719     0.0800     0.0273 0.0000e+00
          4     -0.065     5.2082   0.010718     0.0800     0.0273 0.0000e+00
          5     -0.066     5.2089   0.010703     0.0798     0.0272 0.0000e+00
          6     -0.069     5.2097   0.010683     0.0797     0.0271 0.0000e+00
          7     -0.070     5.2107   0.010685     0.0797     0.0271 0.0000e+00
          8     -0.068     5.2116   0.010703     0.0798     0.0272 0.0000e+00
          9     -0.066     5.2126   0.010716     0.0799     0.0272 0.0000e+00
         10     -0.068     5.2134   0.010710     0.0799     0.0272 0.0000e+00
         11     -0.072     5.2140   0.010690     0.0797     0.0270 0.0000e+00
         12     -0.075     5.2146   0.010662     0.0795     0.0268 0.0000e+00
         13     -0.074     5.2153   0.010635     0.0793     0.0267 0.0000e+00
         14     -0.071     5.2161   0.010631     0.0793     0.0266 0.0000e+00
         15     -0.069     5.2171   0.010650     0.0794     0.0267 0.0000e+00
         16     -0.069     5.2180   0.010674     0.0796     0.0268 0.0000e+00
         17     -0.068     5.2188   0.010684     0.0797     0.0269 0.0000e+00
         18     -0.067     5.2195   0.010675     0.0796     0.0268 0.0000e+00
         19     -0.065     5.2202   0.010651     0.0794     0.0266 0.0000e+00
         20     -0.063     5.2208   0.010628     0.0792     0.0265 0.0000e+00
         21     -0.062     5.2214   0.010623     0.0792     0.0265 0.0000e+00
         22     -0.063     5.2222   0.010631     0.0793     0.0265 0.0000e+00
         23     -0.065     5.2234   0.010633     0.0793     0.0265 0.0000e+00
         24     -0.065     5.2247   0.010616     0.0791     0.0263 0.0000e+00
         25     -0.066     5.2256   0.010599     0.0790     0.0262 0.0000e+00
         26     -0.067     5.2262   0.010599     0.0790     0.0262 0.0000e+00
         27     -0.069     5.2267   0.010604     0.0791     0.0262 0.0000e+00
         28     -0.071     5.2272   0.010598     0.0790     0.0262 0.0000e+00
         29     -0.070     5.2279   0.010583     0.0789     0.0261 0.0000e+00
         30     -0.068     5.2288   0.010568     0.0788     0.0260 0.0000e+00
         31     -0.065     5.2298   0.010559     0.0787     0.0259 0.0000e+00
         32     -0.064     5.2309   0.010548     0.0786     0.0258 0.0000e+00
         33     -0.066     5.2320   0.010545     0.0786     0.0257 0.0000e+00
         34     -0.069     5.2328   0.010564     0.0787     0.0258 0.0000e+00
         35     -0.070     5.2334   0.010588     0.0789     0.0260 0.0000e+00
         36     -0.071     5.2342   0.010581     0.0789     0.0259 0.0000e+00
         37     -0.071     5.2353   0.010547     0.0786     0.0257 0.0000e+00
         38     -0.071     5.2365   0.010527     0.0784     0.0255 0.0000e+00
         39     -0.071     5.2374   0.010535     0.0785     0.0256 0.0000e+00
         40     -0.069     5.2377   0.010545     0.0786     0.0256 0.0000e+00
         41     -0.067     5.2376   0.010550     0.0786     0.0257 0.0000e+00
         42     -0.067     5.2378   0.010556     0.0787     0.0257 0.0000e+00
         43     -0.068     5.2382   0.010555     0.0787     0.0257 0.0000e+00
         44     -0.066     5.2386   0.010546     0.0786     0.0256 0.0000e+00
         45     -0.065     5.2390   0.010534     0.0785     0.0255 0.0000e+00
         46     -0.068     5.2395   0.010515     0.0783     0.0254 0.0000e+00
         47     -0.068     5.2401   0.010501     0.0782     0.0253 0.0000e+00
         48     -0.067     5.2406   0.010501     0.0782     0.0253 0.0000e+00
         49     -0.066     5.2409   0.010511     0.0783     0.0253 0.0000e+00
         50     -0.063     5.2414   0.010524     0.0784     0.0254 0.0000e+00
         51     -0.061     5.2420   0.010533     0.0785     0.0255 0.0000e+00
         52     -0.060     5.2431   0.010528     0.0784     0.0254 0.0000e+00
         53     -0.059     5.2442   0.010508     0.0783     0.0253 0.0000e+00
         54     -0.057     5.2451   0.010498     0.0782     0.0252 0.0000e+00
         55     -0.057     5.2458   0.010508     0.0783     0.0252 0.0000e+00
         56     -0.059     5.2466   0.010525     0.0784     0.0253 0.0000e+00
         57     -0.059     5.2474   0.010538     0.0785     0.0254 0.0000e+00
         58     -0.058     5.2481   0.010538     0.0785     0.0254 0.0000e+00
         59     -0.059     5.2488   0.010524     0.0784     0.0253 0.0000e+00
         60     -0.062     5.2494   0.010509     0.0783     0.0252 0.0000e+00
         61     -0.061     5.2500   0.010515     0.0783     0.0252 0.0000e+00
         62     -0.059     5.2507   0.010542     0.0785     0.0253 0.0000e+00
         63     -0.062     5.2515   0.010569     0.0787     0.0255 0.0000e+00
         64     -0.065     5.2523   0.010578     0.0788     0.0255 0.0000e+00
         65     -0.065     5.2531   0.010555     0.0786     0.0254 0.0000e+00
         66     -0.065     5.2538   0.010516     0.0783     0.0251 0.0000e+00
         67     -0.064     5.2545   0.010497     0.0782     0.0250 0.0000e+00
         68     -0.062     5.2551   0.010512     0.0783     0.0250 0.0000e+00
         69     -0.060     5.2557   0.010528     0.0784     0.0251 0.0000e+00
         70     -0.058     5.2565   0.010524     0.0784     0.0251 0.0000e+00
         71     -0.056     5.2574   0.010507     0.0783     0.0250 0.0000e+00
         72     -0.056     5.2584   0.010494     0.0782     0.0249 0.0000e+00
         73     -0.056     5.2591   0.010492     0.0781     0.0248 0.0000e+00
         74     -0.054     5.2595   0.010493     0.0781     0.0248 0.0000e+00
         75     -0.056     5.2600   0.010494     0.0781     0.0248 0.0000e+00
         76     -0.060     5.2606   0.010502     0.0782     0.0249 0.0000e+00
         77     -0.062     5.2613   0.010510     0.0783     0.0249 0.0000e+00
         78     -0.060     5.2621   0.010500     0.0782     0.0248 0.0000e+00
         79     -0.057     5.2629   0.010474     0.0780     0.0246 0.0000e+00
         80     -0.055     5.2636   0.010453     0.0778     0.0245 0.0000e+00
         81     -0.057     5.2641   0.010456     0.0778     0.0245 0.0000e+00
         82     -0.060     5.2644   0.010477     0.0780     0.0246 0.0000e+00
         83     -0.061     5.2645   0.010494     0.0781     0.0247 0.0000e+00
         84     -0.063     5.2648   0.010508     0.0782     0.0248 0.0000e+00
         85     -0.064     5.2653   0.010519     0.0783     0.0249 0.0000e+00
         86     -0.063     5.2659   0.010516     0.0783     0.0248 0.0000e+00
         87     -0.062     5.2664   0.010509     0.0782     0.0248 0.0000e+00
         88     -0.064     5.2672   0.010505     0.0782     0.0247 0.0000e+00
         89     -0.067     5.2677   0.010488     0.0781     0.0246 0.0000e+00
         90     -0.068     5.2684   0.010463     0.0779     0.0245 0.0000e+00
         91     -0.068     5.2692   0.010454     0.0778     0.0244 0.0000e+00
         92     -0.068     5.2696   0.010469     0.0779     0.0245 0.0000e+00
         93     -0.066     5.2699   0.010501     0.0782     0.0247 0.0000e+00
         94     -0.064     5.2706   0.010526     0.0784     0.0248 0.0000e+00
         95     -0.064     5.2714   0.010529     0.0784     0.0248 0.0000e+00
         96     -0.063     5.2720   0.010514     0.0783     0.0247 0.0000e+00
         97     -0.061     5.2726   0.010510     0.0782     0.0246 0.0000e+00
         98     -0.060     5.2732   0.010523     0.0783     0.0247 0.0000e+00
         99     -0.063     5.2739   0.010532     0.0784     0.0248 0.0000e+00
        100     -0.065     5.2746   0.010515     0.0783     0.0246 0.0000e+00
        101     -0.065     5.2752   0.010487     0.0781     0.0245 0.0000e+00
        102     -0.065     5.2757   0.010472     0.0779     0.0243 0.0000e+00
        103     -0.066     5.2763   0.010474     0.0780     0.0243 0.0000e+00
        104     -0.063     5.2770   0.010487     0.0781     0.0244 0.0000e+00
        105     -0.058     5.2777   0.010504     0.0782     0.0245 0.0000e+00
        106     -0.055     5.2783   0.010517     0.0783     0.0246 0.0000e+00
        107     -0.056     5.2790   0.010514     0.0783     0.0245 0.0000e+00
        108     -0.058     5.2797   0.010495     0.0781     0.0244 0.0000e+00
        109     -0.061     5.2805   0.010477     0.0780     0.0243 0.0000e+00
        110     -0.065     5.2812   0.010475     0.0780     0.0242 0.0000e+00
        111     -0.065     5.2820   0.010480     0.0780     0.0243 0.0000e+00
        112     -0.061     5.2828   0.010481     0.0780     0.0242 0.0000e+00
        113     -0.057     5.2835   0.010464     0.0779     0.0241 0.0000e+00
        114     -0.055     5.2840   0.010441     0.0777     0.0240 0.0000e+00
        115     -0.055     5.2844   0.010445     0.0777     0.0240 0.0000e+00
        116     -0.056     5.2849   0.010478     0.0780     0.0242 0.0000e+00
        117     -0.056     5.2854   0.010508     0.0782     0.0244 0.0000e+00
        118     -0.055     5.2859   0.010500     0.0781     0.0243 0.0000e+00
        119     -0.053     5.2864   0.010465     0.0779     0.0241 0.0000e+00
        120     -0.054     5.2867   0.010446     0.0777     0.0239 0.0000e+00
        121     -0.058     5.2875   0.010460     0.0778     0.0240 0.0000e+00
        122     -0.059     5.2887   0.010485     0.0780     0.0241 0.0000e+00
        123     -0.057     5.2896   0.010504     0.0782     0.0242 0.0000e+00
        124     -0.056     5.2905   0.010502     0.0781     0.0242 0.0000e+00
        125     -0.056     5.2917   0.010476     0.0779     0.0240 0.0000e+00
        126     -0.056     5.2929   0.010453     0.0778     0.0238 0.0000e+00
        127     -0.057     5.2939   0.010452     0.0778     0.0238 0.0000e+00
        128     -0.059     5.2946   0.010464     0.0779     0.0239 0.0000e+00
        129     -0.061     5.2953   0.010470     0.0779     0.0239 0.0000e+00
        130     -0.063     5.2958   0.010464     0.0778     0.0239 0.0000e+00
        131     -0.065     5.2962   0.010444     0.0777     0.0237 0.0000e+00
        132     -0.063     5.2966   0.010422     0.0775     0.0236 0.0000e+00
        133     -0.060     5.2973   0.010412     0.0775     0.0235 0.0000e+00
        134     -0.059     5.2979   0.010419     0.0775     0.0235 0.0000e+00
        135     -0.060     5.2984   0.010426     0.0776     0.0236 0.0000e+00
        136     -0.059     5.2987   0.010417     0.0775     0.0235 0.0000e+00
        137     -0.060     5.2989   0.010406     0.0774     0.0234 0.0000e+00
        138     -0.065     5.2993   0.010408     0.0774     0.0234 0.0000e+00
        139     -0.070     5.2999   0.010405     0.0774     0.0234 0.0000e+00
        140     -0.070     5.3007   0.010388     0.0773     0.0233 0.0000e+00
        141     -0.065     5.3013   0.010371     0.0771     0.0232 0.0000e+00
        142     -0.061     5.3017   0.010371     0.0771     0.0231 0.0000e+00
        143     -0.059     5.3020   0.010391     0.0773     0.0233 0.0000e+00
        144     -0.058     5.3026   0.010416     0.0775     0.0234 0.0000e+00
        145     -0.059     5.3031   0.010420     0.0775     0.0234 0.0000e+00
        146     -0.061     5.3035   0.010401     0.0774     0.0233 0.0000e+00
        147     -0.060     5.3039   0.010384     0.0772     0.0232 0.0000e+00
        148     -0.057     5.3045   0.010368     0.0771     0.0231 0.0000e+00
        149     -0.056     5.3053   0.010351     0.0770     0.0229 0.0000e+00
        150     -0.057     5.3062   0.010345     0.0769     0.0229 0.0000e+00
        151     -0.056     5.3069   0.010361     0.0770     0.0230 0.0000e+00
        152     -0.055     5.3074   0.010388     0.0772     0.0231 0.0000e+00
        153     -0.057     5.3079   0.010416     0.0775     0.0233 0.0000e+00
        154     -0.061     5.3085   0.010433     0.0776     0.0234 0.0000e+00
        155     -0.062     5.3091   0.010436     0.0776     0.0234 0.0000e+00
        156     -0.060     5.3095   0.010411     0.0774     0.0232 0.0000e+00
        157     -0.060     5.3099   0.010364     0.0771     0.0229 0.0000e+00
        158     -0.062     5.3102   0.010342     0.0769     0.0228 0.0000e+00
        159     -0.063     5.3106   0.010369     0.0771     0.0229 0.0000e+00
        160     -0.062     5.3110   0.010404     0.0774     0.0231 0.0000e+00
        161     -0.062     5.3116   0.010416     0.0775     0.0232 0.0000e+00
        162     -0.062     5.3121   0.010402     0.0773     0.0231 0.0000e+00
        163     -0.060     5.3129   0.010380     0.0772     0.0230 0.0000e+00
        164     -0.060     5.3140   0.010376     0.0771     0.0229 0.0000e+00
        165     -0.060     5.3151   0.010390     0.0772     0.0230 0.0000e+00
        166     -0.062     5.3159   0.010416     0.0774     0.0231 0.0000e+00
        167     -0.066     5.3164   0.010447     0.0777     0.0233 0.0000e+00
        168     -0.071     5.3170   0.010459     0.0778     0.0233 0.0000e+00
        169     -0.071     5.3174   0.010426     0.0775     0.0231 0.0000e+00
        170     -0.066     5.3178   0.010373     0.0771     0.0228 0.0000e+00
        171     -0.063     5.3180   0.010347     0.0769     0.0226 0.0000e+00
        172     -0.064     5.3184   0.010352     0.0770     0.0227 0.0000e+00
        173     -0.064     5.3188   0.010351     0.0769     0.0226 0.0000e+00
        174     -0.062     5.3193   0.010324     0.0767     0.0225 0.0000e+00
        175     -0.062     5.3198   0.010299     0.0765     0.0223 0.0000e+00
        176     -0.062     5.3206   0.010310     0.0766     0.0223 0.0000e+00
        177     -0.060     5.3215   0.010344     0.0769     0.0225 0.0000e+00
        178     -0.057     5.3224   0.010365     0.0770     0.0226 0.0000e+00
        179     -0.057     5.3231   0.010366     0.0771     0.0226 0.0000e+00
        180     -0.060     5.3236   0.010370     0.0771     0.0226 0.0000e+00
        181     -0.062     5.3240   0.010381     0.0772     0.0227 0.0000e+00
        182     -0.062     5.3247   0.010391     0.0772     0.0228 0.0000e+00
        183     -0.061     5.3253   0.010390     0.0772     0.0227 0.0000e+00
        184     -0.058     5.3259   0.010370     0.0771     0.0226 0.0000e+00
        185     -0.055     5.3263   0.010333     0.0768     0.0224 0.0000e+00
        186     -0.054     5.3271   0.010312     0.0766     0.0222 0.0000e+00
        187     -0.057     5.3283   0.010322     0.0767     0.0222 0.0000e+00
        188     -0.062     5.3295   0.010345     0.0769     0.0224 0.0000e+00
        189     -0.063     5.3307   0.010343     0.0769     0.0223 0.0000e+00
        190     -0.064     5.3315   0.010321     0.0767     0.0222 0.0000e+00
        191     -0.065     5.3320   0.010309     0.0766     0.0221 0.0000e+00
        192     -0.064     5.3323   0.010314     0.0766     0.0221 0.0000e+00
        193     -0.062     5.3327   0.010315     0.0766     0.0221 0.0000e+00
        194     -0.061     5.3332   0.010301     0.0765     0.0220 0.0000e+00
        195     -0.060     5.3337   0.010283     0.0764     0.0219 0.0000e+00
        196     -0.061     5.3342   0.010278     0.0764     0.0218 0.0000e+00
        197     -0.062     5.3349   0.010275     0.0763     0.0218 0.0000e+00
        198     -0.060     5.3354   0.010256     0.0762     0.0217 0.0000e+00
        199     -0.054     5.3359   0.010222     0.0759     0.0215 0.0000e+00
        200     -0.050     5.3365   0.010199     0.0758     0.0213 0.0000e+00
        201     -0.050     5.3370   0.010190     0.0757     0.0212 0.0000e+00
        202     -0.052     5.3376   0.010192     0.0757     0.0212 0.0000e+00
        203     -0.057     5.3381   0.010215     0.0759     0.0214 0.0000e+00
        204     -0.061     5.3385   0.010252     0.0762     0.0216 0.0000e+00
        205     -0.059     5.3391   0.010275     0.0763     0.0217 0.0000e+00
