Datasets/Test_Dataset_39219_tow/originals/tel219_2021_074.cnv
* Sea-Bird SBE19plus Data File:
* Filename = C:/AQUIRE/tel219_2021_074.hex
* Software Version AquireV2 AF V2.0
* Temperature SN =  4020
* Conductivity SN =  4020
* System UpLoad Time = May 15 2021 21:00:30
** VESSEL/TRIP/SEQ STN: tel219_2021_074
** LATITUDE: 45 11.44 N
** LONGITUDE: 55 46.79 W
** DATE/TIME: 2021-05-15 20:13
** SOUNDING DEPTH (M): 0077
** PROBE TYPE: S4020
** CTD NUMBER: 074
** FORMAT: t
** COMMENTS: 
# nquan = 7                                 
# nvalues = 2837                        
# units = specified
# name 0 = scan: Scan Count
# name 1 = prdM: Pressure, Strain Gauge [db]
# name 2 = tv290C: Temperature [ITS-90, deg C]
# name 3 = c0S/m: Conductivity [S/m]
# name 4 = sal00: Salinity, Practical [PSU]
# name 5 = sigma-t00: Density [sigma-t, kg/m^3 ]
# name 6 = flag: flag
# span 0 =          1,       2837       
# span 1 =     -0.017,     75.545       
# span 2 =     0.8650,     7.0837       
# span 3 =   0.005551,   3.064376       
# span 4 =     0.0398,    32.4044       
# span 5 =    -0.0673,    25.8804       
# span 6 = 0.0000e+00, 0.0000e+00       
# interval = seconds: 1
# start_time = May 15 2021 20:13:19 [Instrument's time stamp, header]
# bad_flag = -9.990e-29
*END*
[from data line 1026]
       1027     72.567     0.9371   2.777427    32.2862    25.8672 0.0000e+00
       1028     72.552     0.9360   2.777339    32.2862    25.8673 0.0000e+00
       1029     72.537     0.9350   2.777272    32.2864    25.8675 0.0000e+00
       1030     72.536     0.9341   2.777195    32.2864    25.8675 0.0000e+00
       1031     72.551     0.9335   2.777142    32.2863    25.8675 0.0000e+00
       1032     72.567     0.9331   2.777131    32.2866    25.8677 0.0000e+00
       1033     72.562     0.9326   2.777097    32.2866    25.8678 0.0000e+00
       1034     72.537     0.9323   2.777087    32.2868    25.8680 0.0000e+00
       1035     72.511     0.9322   2.777095    32.2871    25.8682 0.0000e+00
       1036     72.496     0.9322   2.777065    32.2867    25.8679 0.0000e+00
       1037     72.489     0.9320   2.777029    32.2864    25.8677 0.0000e+00
       1038     72.478     0.9315   2.777006    32.2867    25.8679 0.0000e+00
       1039     72.458     0.9308   2.776966    32.2869    25.8681 0.0000e+00
       1040     72.439     0.9299   2.776897    32.2870    25.8682 0.0000e+00
       1041     72.431     0.9295   2.776867    32.2870    25.8683 0.0000e+00
       1042     72.431     0.9293   2.776879    32.2873    25.8686 0.0000e+00
       1043     72.435     0.9289   2.776867    32.2876    25.8688 0.0000e+00
       1044     72.436     0.9288   2.776854    32.2875    25.8688 0.0000e+00
       1045     72.436     0.9288   2.776864    32.2877    25.8689 0.0000e+00
       1046     72.438     0.9283   2.776812    32.2875    25.8688 0.0000e+00
       1047     72.442     0.9270   2.776675    32.2871    25.8685 0.0000e+00
       1048     72.444     0.9269   2.776686    32.2874    25.8687 0.0000e+00
       1049     72.439     0.9290   2.776887    32.2878    25.8689 0.0000e+00
       1050     72.426     0.9311   2.777035    32.2875    25.8686 0.0000e+00
       1051     72.414     0.9311   2.777009    32.2872    25.8683 0.0000e+00
       1052     72.410     0.9295   2.776887    32.2873    25.8685 0.0000e+00
       1053     72.422     0.9285   2.776798    32.2871    25.8685 0.0000e+00
       1054     72.438     0.9284   2.776795    32.2872    25.8685 0.0000e+00
       1055     72.442     0.9284   2.776823    32.2876    25.8688 0.0000e+00
       1056     72.434     0.9278   2.776772    32.2875    25.8688 0.0000e+00
       1057     72.424     0.9266   2.776663    32.2874    25.8688 0.0000e+00
       1058     72.422     0.9263   2.776659    32.2877    25.8690 0.0000e+00
       1059     72.431     0.9265   2.776695    32.2879    25.8692 0.0000e+00
       1060     72.440     0.9257   2.776629    32.2879    25.8692 0.0000e+00
       1061     72.435     0.9244   2.776534    32.2880    25.8694 0.0000e+00
       1062     72.419     0.9242   2.776528    32.2882    25.8695 0.0000e+00
       1063     72.405     0.9247   2.776571    32.2882    25.8695 0.0000e+00
       1064     72.400     0.9254   2.776604    32.2879    25.8693 0.0000e+00
       1065     72.404     0.9262   2.776672    32.2879    25.8692 0.0000e+00
       1066     72.413     0.9271   2.776747    32.2880    25.8692 0.0000e+00
       1067     72.418     0.9278   2.776788    32.2877    25.8690 0.0000e+00
       1068     72.421     0.9283   2.776820    32.2876    25.8689 0.0000e+00
       1069     72.430     0.9282   2.776799    32.2875    25.8688 0.0000e+00
       1070     72.444     0.9275   2.776745    32.2875    25.8688 0.0000e+00
       1071     72.457     0.9268   2.776714    32.2878    25.8691 0.0000e+00
       1072     72.466     0.9267   2.776702    32.2878    25.8691 0.0000e+00
       1073     72.468     0.9266   2.776699    32.2878    25.8691 0.0000e+00
       1074     72.468     0.9266   2.776700    32.2878    25.8692 0.0000e+00
       1075     72.472     0.9273   2.776752    32.2878    25.8691 0.0000e+00
       1076     72.479     0.9285   2.776849    32.2878    25.8690 0.0000e+00
       1077     72.487     0.9291   2.776877    32.2875    25.8687 0.0000e+00
       1078     72.492     0.9286   2.776804    32.2871    25.8684 0.0000e+00
       1079     72.498     0.9281   2.776771    32.2872    25.8685 0.0000e+00
       1080     72.507     0.9286   2.776860    32.2878    25.8690 0.0000e+00
       1081     72.516     0.9298   2.776962    32.2878    25.8690 0.0000e+00
       1082     72.517     0.9304   2.776971    32.2873    25.8685 0.0000e+00
       1083     72.509     0.9303   2.776930    32.2869    25.8682 0.0000e+00
       1084     72.500     0.9302   2.776941    32.2872    25.8684 0.0000e+00
       1085     72.500     0.9305   2.776987    32.2874    25.8686 0.0000e+00
       1086     72.504     0.9307   2.776968    32.2870    25.8682 0.0000e+00
       1087     72.492     0.9305   2.776943    32.2869    25.8682 0.0000e+00
       1088     72.467     0.9306   2.776976    32.2872    25.8684 0.0000e+00
       1089     72.454     0.9310   2.777011    32.2873    25.8684 0.0000e+00
       1090     72.458     0.9313   2.777020    32.2871    25.8683 0.0000e+00
       1091     72.466     0.9309   2.776996    32.2872    25.8684 0.0000e+00
       1092     72.468     0.9303   2.776925    32.2869    25.8682 0.0000e+00
       1093     72.469     0.9294   2.776866    32.2871    25.8684 0.0000e+00
       1094     72.476     0.9284   2.776810    32.2874    25.8687 0.0000e+00
       1095     72.484     0.9281   2.776790    32.2874    25.8687 0.0000e+00
       1096     72.486     0.9287   2.776849    32.2876    25.8688 0.0000e+00
       1097     72.485     0.9285   2.776844    32.2877    25.8689 0.0000e+00
       1098     72.487     0.9263   2.776690    32.2880    25.8693 0.0000e+00
       1099     72.490     0.9239   2.776476    32.2878    25.8692 0.0000e+00
       1100     72.489     0.9224   2.776352    32.2877    25.8693 0.0000e+00
       1101     72.484     0.9211   2.776307    32.2885    25.8700 0.0000e+00
       1102     72.479     0.9192   2.776166    32.2887    25.8703 0.0000e+00
       1103     72.478     0.9175   2.776025    32.2886    25.8703 0.0000e+00
       1104     72.479     0.9184   2.776127    32.2890    25.8706 0.0000e+00
       1105     72.475     0.9202   2.776301    32.2894    25.8708 0.0000e+00
       1106     72.467     0.9196   2.776238    32.2892    25.8706 0.0000e+00
       1107     72.463     0.9166   2.775987    32.2891    25.8707 0.0000e+00
       1108     72.463     0.9140   2.775796    32.2893    25.8711 0.0000e+00
       1109     72.466     0.9133   2.775797    32.2901    25.8717 0.0000e+00
       1110     72.470     0.9135   2.775825    32.2902    25.8718 0.0000e+00
       1111     72.476     0.9134   2.775781    32.2898    25.8715 0.0000e+00
       1112     72.480     0.9133   2.775792    32.2900    25.8717 0.0000e+00
       1113     72.476     0.9123   2.775747    32.2905    25.8721 0.0000e+00
       1114     72.466     0.9098   2.775531    32.2903    25.8721 0.0000e+00
       1115     72.451     0.9076   2.775384    32.2907    25.8726 0.0000e+00
       1116     72.434     0.9072   2.775375    32.2910    25.8728 0.0000e+00
       1117     72.419     0.9073   2.775388    32.2911    25.8729 0.0000e+00
       1118     72.405     0.9073   2.775388    32.2911    25.8729 0.0000e+00
       1119     72.393     0.9074   2.775389    32.2910    25.8728 0.0000e+00
       1120     72.394     0.9082   2.775466    32.2912    25.8729 0.0000e+00
       1121     72.406     0.9095   2.775574    32.2912    25.8728 0.0000e+00
       1122     72.410     0.9113   2.775682    32.2907    25.8724 0.0000e+00
       1123     72.394     0.9128   2.775776    32.2904    25.8720 0.0000e+00
       1124     72.368     0.9134   2.775791    32.2900    25.8716 0.0000e+00
       1125     72.351     0.9131   2.775766    32.2900    25.8716 0.0000e+00
       1126     72.351     0.9126   2.775738    32.2901    25.8718 0.0000e+00
       1127     72.354     0.9128   2.775771    32.2903    25.8720 0.0000e+00
       1128     72.345     0.9138   2.775859    32.2904    25.8720 0.0000e+00
       1129     72.330     0.9142   2.775867    32.2901    25.8717 0.0000e+00
       1130     72.324     0.9137   2.775832    32.2902    25.8718 0.0000e+00
       1131     72.331     0.9136   2.775825    32.2902    25.8718 0.0000e+00
       1132     72.343     0.9148   2.775902    32.2899    25.8715 0.0000e+00
       1133     72.344     0.9174   2.776096    32.2897    25.8712 0.0000e+00
       1134     72.327     0.9194   2.776241    32.2895    25.8709 0.0000e+00
       1135     72.302     0.9201   2.776263    32.2891    25.8705 0.0000e+00
       1136     72.283     0.9199   2.776258    32.2892    25.8707 0.0000e+00
       1137     72.277     0.9183   2.776128    32.2892    25.8708 0.0000e+00
       1138     72.289     0.9166   2.775985    32.2892    25.8708 0.0000e+00
       1139     72.312     0.9166   2.776008    32.2894    25.8710 0.0000e+00
       1140     72.328     0.9162   2.775968    32.2893    25.8710 0.0000e+00
       1141     72.329     0.9141   2.775823    32.2897    25.8713 0.0000e+00
       1142     72.327     0.9123   2.775724    32.2903    25.8719 0.0000e+00
       1143     72.338     0.9125   2.775752    32.2904    25.8720 0.0000e+00
       1144     72.357     0.9131   2.775790    32.2903    25.8719 0.0000e+00
       1145     72.361     0.9120   2.775686    32.2901    25.8718 0.0000e+00
       1146     72.331     0.9106   2.775593    32.2903    25.8721 0.0000e+00
       1147     72.277     0.9111   2.775668    32.2908    25.8724 0.0000e+00
       1148     72.232     0.9123   2.775763    32.2908    25.8724 0.0000e+00
       1149     72.221     0.9124   2.775723    32.2902    25.8719 0.0000e+00
       1150     72.232     0.9115   2.775656    32.2903    25.8720 0.0000e+00
       1151     72.234     0.9106   2.775622    32.2908    25.8724 0.0000e+00
       1152     72.217     0.9101   2.775572    32.2907    25.8724 0.0000e+00
       1153     72.195     0.9093   2.775509    32.2907    25.8725 0.0000e+00
       1154     72.191     0.9089   2.775486    32.2908    25.8726 0.0000e+00
       1155     72.209     0.9097   2.775548    32.2908    25.8725 0.0000e+00
       1156     72.225     0.9109   2.775658    32.2909    25.8725 0.0000e+00
       1157     72.218     0.9112   2.775677    32.2909    25.8725 0.0000e+00
       1158     72.192     0.9111   2.775629    32.2904    25.8721 0.0000e+00
       1159     72.176     0.9115   2.775652    32.2903    25.8720 0.0000e+00
       1160     72.186     0.9117   2.775683    32.2904    25.8721 0.0000e+00
       1161     72.211     0.9114   2.775659    32.2904    25.8721 0.0000e+00
       1162     72.225     0.9113   2.775650    32.2904    25.8721 0.0000e+00
       1163     72.214     0.9113   2.775671    32.2907    25.8723 0.0000e+00
       1164     72.200     0.9103   2.775605    32.2909    25.8725 0.0000e+00
       1165     72.205     0.9084   2.775432    32.2906    25.8725 0.0000e+00
       1166     72.217     0.9061   2.775263    32.2909    25.8728 0.0000e+00
       1167     72.216     0.9042   2.775141    32.2913    25.8732 0.0000e+00
       1168     72.199     0.9035   2.775124    32.2918    25.8737 0.0000e+00
       1169     72.177     0.9044   2.775184    32.2916    25.8735 0.0000e+00
       1170     72.165     0.9060   2.775296    32.2914    25.8732 0.0000e+00
       1171     72.172     0.9058   2.775294    32.2916    25.8734 0.0000e+00
       1172     72.187     0.9038   2.775115    32.2914    25.8733 0.0000e+00
       1173     72.191     0.9029   2.775066    32.2917    25.8736 0.0000e+00
       1174     72.182     0.9037   2.775156    32.2920    25.8738 0.0000e+00
       1175     72.170     0.9041   2.775209    32.2923    25.8740 0.0000e+00
       1176     72.167     0.9030   2.775092    32.2919    25.8738 0.0000e+00
       1177     72.178     0.9009   2.774869    32.2912    25.8734 0.0000e+00
       1178     72.193     0.8993   2.774815    32.2922    25.8742 0.0000e+00
       1179     72.193     0.8991   2.774870    32.2931    25.8750 0.0000e+00
       1180     72.180     0.8997   2.774902    32.2929    25.8748 0.0000e+00
       1181     72.168     0.9002   2.774935    32.2928    25.8747 0.0000e+00
       1182     72.168     0.9002   2.774906    32.2924    25.8744 0.0000e+00
       1183     72.173     0.8997   2.774840    32.2921    25.8741 0.0000e+00
       1184     72.172     0.8987   2.774783    32.2924    25.8744 0.0000e+00
       1185     72.168     0.8981   2.774741    32.2925    25.8746 0.0000e+00
       1186     72.169     0.8986   2.774783    32.2925    25.8745 0.0000e+00
       1187     72.178     0.8998   2.774884    32.2926    25.8745 0.0000e+00
       1188     72.186     0.9003   2.774930    32.2926    25.8745 0.0000e+00
       1189     72.184     0.9005   2.774937    32.2925    25.8744 0.0000e+00
       1190     72.170     0.9017   2.775021    32.2924    25.8742 0.0000e+00
       1191     72.154     0.9039   2.775192    32.2923    25.8740 0.0000e+00
       1192     72.151     0.9051   2.775285    32.2922    25.8739 0.0000e+00
       1193     72.162     0.9039   2.775158    32.2918    25.8737 0.0000e+00
       1194     72.168     0.9023   2.775009    32.2916    25.8736 0.0000e+00
       1195     72.163     0.9033   2.775106    32.2918    25.8737 0.0000e+00
       1196     72.154     0.9059   2.775321    32.2918    25.8736 0.0000e+00
       1197     72.149     0.9073   2.775396    32.2914    25.8731 0.0000e+00
       1198     72.154     0.9060   2.775281    32.2912    25.8731 0.0000e+00
       1199     72.165     0.9034   2.775101    32.2916    25.8735 0.0000e+00
       1200     72.168     0.9013   2.774973    32.2922    25.8741 0.0000e+00
       1201     72.159     0.9000   2.774887    32.2924    25.8744 0.0000e+00
       1202     72.152     0.8998   2.774869    32.2924    25.8744 0.0000e+00
       1203     72.152     0.9006   2.774941    32.2925    25.8744 0.0000e+00
       1204     72.151     0.9016   2.775004    32.2922    25.8741 0.0000e+00
       1205     72.144     0.9023   2.775050    32.2921    25.8740 0.0000e+00
       1206     72.135     0.9036   2.775148    32.2920    25.8738 0.0000e+00
       1207     72.134     0.9050   2.775261    32.2920    25.8738 0.0000e+00
       1208     72.140     0.9060   2.775325    32.2918    25.8735 0.0000e+00
       1209     72.146     0.9064   2.775328    32.2914    25.8732 0.0000e+00
       1210     72.151     0.9065   2.775329    32.2913    25.8731 0.0000e+00
       1211     72.160     0.9068   2.775375    32.2916    25.8733 0.0000e+00
       1212     72.171     0.9079   2.775454    32.2915    25.8731 0.0000e+00
       1213     72.173     0.9096   2.775556    32.2910    25.8727 0.0000e+00
       1214     72.163     0.9117   2.775707    32.2908    25.8724 0.0000e+00
       1215     72.149     0.9123   2.775748    32.2907    25.8723 0.0000e+00
       1216     72.136     0.9109   2.775582    32.2900    25.8718 0.0000e+00
       1217     72.124     0.9104   2.775562    32.2903    25.8720 0.0000e+00
       1218     72.119     0.9116   2.775726    32.2911    25.8727 0.0000e+00
       1219     72.121     0.9113   2.775699    32.2911    25.8727 0.0000e+00
       1220     72.126     0.9088   2.775451    32.2905    25.8723 0.0000e+00
       1221     72.133     0.9072   2.775333    32.2907    25.8725 0.0000e+00
       1222     72.140     0.9076   2.775427    32.2914    25.8732 0.0000e+00
       1223     72.143     0.9086   2.775512    32.2915    25.8731 0.0000e+00
       1224     72.139     0.9084   2.775483    32.2913    25.8730 0.0000e+00
       1225     72.128     0.9080   2.775426    32.2910    25.8728 0.0000e+00
       1226     72.117     0.9083   2.775457    32.2911    25.8728 0.0000e+00
       1227     72.112     0.9089   2.775526    32.2914    25.8730 0.0000e+00
       1228     72.110     0.9103   2.775614    32.2911    25.8727 0.0000e+00
       1229     72.105     0.9126   2.775755    32.2905    25.8721 0.0000e+00
       1230     72.096     0.9136   2.775836    32.2905    25.8720 0.0000e+00
