Datasets/Test_Dataset_39219_tow/originals/tel219_2021_077.cnv
* Sea-Bird SBE19plus Data File:
* Filename = C:/AQUIRE/tel219_2021_077.hex
* Software Version AquireV2 AF V2.0
* Temperature SN =  4020
* Conductivity SN =  4020
* System UpLoad Time = May 16 2021 04:32:41
** VESSEL/TRIP/SEQ STN: tel219_2021_077
** LATITUDE: 45 37.70 N
** LONGITUDE: 56 12.06 W
** DATE/TIME: 2021-05-16 03:52
** SOUNDING DEPTH (M): 0047
** PROBE TYPE: S4020
** CTD NUMBER:  77
** FORMAT: T
** COMMENTS: 
# nquan = 7                                 
# nvalues = 2430                        
# units = specified
# name 0 = scan: Scan Count
# name 1 = prdM: Pressure, Strain Gauge [db]
# name 2 = tv290C: Temperature [ITS-90, deg C]
# name 3 = c0S/m: Conductivity [S/m]
# name 4 = sal00: Salinity, Practical [PSU]
# name 5 = sigma-t00: Density [sigma-t, kg/m^3 ]
# name 6 = flag: flag
# span 0 =          1,       2430       
# span 1 =     -0.013,     44.485       
# span 2 =     3.6116,     5.2805       
# span 3 =   0.007738,   3.069422       
# span 4 =     0.0573,    32.4654       
# span 5 =     0.0080,    25.7413       
# span 6 = 0.0000e+00, 0.0000e+00       
# interval = seconds: 1
# start_time = May 16 2021 03:52:59 [Instrument's time stamp, header]
# bad_flag = -9.990e-29
*END*
[from data line 1231]
       1232     44.344     3.6559   3.002692    32.3216    25.6889 0.0000e+00
       1233     44.345     3.6559   3.002707    32.3218    25.6890 0.0000e+00
       1234     44.351     3.6561   3.002711    32.3216    25.6889 0.0000e+00
       1235     44.365     3.6562   3.002709    32.3215    25.6888 0.0000e+00
       1236     44.380     3.6562   3.002705    32.3214    25.6887 0.0000e+00
       1237     44.384     3.6560   3.002695    32.3215    25.6888 0.0000e+00
       1238     44.371     3.6559   3.002676    32.3214    25.6887 0.0000e+00
       1239     44.351     3.6559   3.002666    32.3213    25.6886 0.0000e+00
       1240     44.340     3.6558   3.002662    32.3214    25.6887 0.0000e+00
       1241     44.347     3.6557   3.002653    32.3213    25.6887 0.0000e+00
       1242     44.361     3.6555   3.002638    32.3214    25.6887 0.0000e+00
       1243     44.371     3.6552   3.002618    32.3214    25.6888 0.0000e+00
       1244     44.379     3.6550   3.002598    32.3214    25.6888 0.0000e+00
       1245     44.391     3.6548   3.002578    32.3213    25.6887 0.0000e+00
       1246     44.404     3.6546   3.002557    32.3213    25.6887 0.0000e+00
       1247     44.413     3.6543   3.002540    32.3214    25.6888 0.0000e+00
       1248     44.411     3.6541   3.002533    32.3215    25.6889 0.0000e+00
       1249     44.401     3.6540   3.002538    32.3216    25.6891 0.0000e+00
       1250     44.390     3.6541   3.002548    32.3217    25.6891 0.0000e+00
       1251     44.387     3.6543   3.002550    32.3215    25.6889 0.0000e+00
       1252     44.391     3.6543   3.002533    32.3213    25.6888 0.0000e+00
       1253     44.397     3.6540   3.002502    32.3212    25.6887 0.0000e+00
       1254     44.401     3.6536   3.002475    32.3213    25.6888 0.0000e+00
       1255     44.400     3.6533   3.002461    32.3214    25.6890 0.0000e+00
       1256     44.395     3.6532   3.002455    32.3214    25.6890 0.0000e+00
       1257     44.392     3.6532   3.002451    32.3214    25.6890 0.0000e+00
       1258     44.401     3.6532   3.002454    32.3214    25.6890 0.0000e+00
       1259     44.416     3.6531   3.002464    32.3216    25.6892 0.0000e+00
       1260     44.427     3.6532   3.002473    32.3216    25.6891 0.0000e+00
       1261     44.432     3.6534   3.002482    32.3215    25.6891 0.0000e+00
       1262     44.431     3.6535   3.002492    32.3216    25.6891 0.0000e+00
       1263     44.427     3.6535   3.002501    32.3217    25.6891 0.0000e+00
       1264     44.419     3.6535   3.002497    32.3216    25.6891 0.0000e+00
       1265     44.411     3.6535   3.002475    32.3214    25.6889 0.0000e+00
       1266     44.409     3.6533   3.002450    32.3213    25.6888 0.0000e+00
       1267     44.416     3.6530   3.002427    32.3213    25.6889 0.0000e+00
       1268     44.426     3.6528   3.002408    32.3213    25.6889 0.0000e+00
       1269     44.431     3.6525   3.002388    32.3213    25.6890 0.0000e+00
       1270     44.429     3.6524   3.002370    32.3212    25.6889 0.0000e+00
       1271     44.426     3.6522   3.002355    32.3212    25.6889 0.0000e+00
       1272     44.426     3.6520   3.002342    32.3213    25.6890 0.0000e+00
       1273     44.427     3.6518   3.002329    32.3213    25.6890 0.0000e+00
       1274     44.425     3.6517   3.002311    32.3212    25.6889 0.0000e+00
       1275     44.420     3.6516   3.002295    32.3211    25.6889 0.0000e+00
       1276     44.413     3.6515   3.002286    32.3211    25.6889 0.0000e+00
       1277     44.406     3.6513   3.002280    32.3212    25.6890 0.0000e+00
       1278     44.401     3.6511   3.002273    32.3214    25.6891 0.0000e+00
       1279     44.399     3.6510   3.002266    32.3214    25.6891 0.0000e+00
       1280     44.399     3.6509   3.002265    32.3215    25.6892 0.0000e+00
       1281     44.398     3.6509   3.002273    32.3216    25.6893 0.0000e+00
       1282     44.398     3.6510   3.002292    32.3217    25.6894 0.0000e+00
       1283     44.398     3.6513   3.002323    32.3218    25.6894 0.0000e+00
       1284     44.400     3.6516   3.002355    32.3218    25.6895 0.0000e+00
       1285     44.405     3.6519   3.002382    32.3219    25.6894 0.0000e+00
       1286     44.411     3.6522   3.002390    32.3217    25.6893 0.0000e+00
       1287     44.412     3.6521   3.002359    32.3214    25.6890 0.0000e+00
       1288     44.404     3.6517   3.002303    32.3211    25.6889 0.0000e+00
       1289     44.394     3.6512   3.002264    32.3212    25.6889 0.0000e+00
       1290     44.391     3.6509   3.002247    32.3213    25.6891 0.0000e+00
       1291     44.397     3.6507   3.002235    32.3213    25.6891 0.0000e+00
       1292     44.400     3.6506   3.002221    32.3212    25.6891 0.0000e+00
       1293     44.394     3.6505   3.002214    32.3213    25.6891 0.0000e+00
       1294     44.383     3.6504   3.002221    32.3214    25.6893 0.0000e+00
       1295     44.377     3.6505   3.002235    32.3215    25.6893 0.0000e+00
       1296     44.381     3.6506   3.002242    32.3215    25.6893 0.0000e+00
       1297     44.389     3.6506   3.002249    32.3216    25.6893 0.0000e+00
       1298     44.392     3.6506   3.002252    32.3216    25.6894 0.0000e+00
       1299     44.386     3.6506   3.002243    32.3215    25.6893 0.0000e+00
       1300     44.383     3.6506   3.002234    32.3214    25.6892 0.0000e+00
       1301     44.384     3.6506   3.002224    32.3213    25.6891 0.0000e+00
       1302     44.385     3.6505   3.002214    32.3213    25.6891 0.0000e+00
       1303     44.387     3.6504   3.002211    32.3213    25.6892 0.0000e+00
       1304     44.387     3.6503   3.002213    32.3214    25.6893 0.0000e+00
       1305     44.381     3.6502   3.002211    32.3215    25.6893 0.0000e+00
       1306     44.373     3.6502   3.002196    32.3214    25.6892 0.0000e+00
       1307     44.372     3.6502   3.002177    32.3211    25.6890 0.0000e+00
       1308     44.375     3.6500   3.002168    32.3212    25.6891 0.0000e+00
       1309     44.380     3.6498   3.002169    32.3214    25.6893 0.0000e+00
       1310     44.385     3.6498   3.002171    32.3214    25.6893 0.0000e+00
       1311     44.391     3.6498   3.002171    32.3214    25.6893 0.0000e+00
       1312     44.399     3.6498   3.002173    32.3215    25.6893 0.0000e+00
       1313     44.404     3.6498   3.002182    32.3216    25.6894 0.0000e+00
       1314     44.402     3.6498   3.002186    32.3216    25.6894 0.0000e+00
       1315     44.395     3.6499   3.002185    32.3215    25.6893 0.0000e+00
       1316     44.387     3.6500   3.002184    32.3214    25.6893 0.0000e+00
       1317     44.378     3.6500   3.002176    32.3213    25.6892 0.0000e+00
       1318     44.372     3.6500   3.002168    32.3212    25.6891 0.0000e+00
       1319     44.368     3.6498   3.002158    32.3213    25.6892 0.0000e+00
       1320     44.364     3.6498   3.002148    32.3212    25.6891 0.0000e+00
       1321     44.363     3.6497   3.002144    32.3212    25.6892 0.0000e+00
       1322     44.369     3.6496   3.002149    32.3214    25.6893 0.0000e+00
       1323     44.383     3.6497   3.002164    32.3215    25.6893 0.0000e+00
       1324     44.401     3.6498   3.002179    32.3215    25.6894 0.0000e+00
       1325     44.414     3.6498   3.002180    32.3215    25.6894 0.0000e+00
       1326     44.419     3.6498   3.002171    32.3214    25.6893 0.0000e+00
       1327     44.411     3.6498   3.002159    32.3213    25.6892 0.0000e+00
       1328     44.392     3.6496   3.002142    32.3213    25.6892 0.0000e+00
       1329     44.368     3.6494   3.002128    32.3213    25.6893 0.0000e+00
       1330     44.349     3.6494   3.002122    32.3213    25.6892 0.0000e+00
       1331     44.339     3.6494   3.002121    32.3213    25.6892 0.0000e+00
       1332     44.338     3.6494   3.002122    32.3213    25.6892 0.0000e+00
       1333     44.338     3.6494   3.002123    32.3213    25.6892 0.0000e+00
       1334     44.336     3.6494   3.002119    32.3212    25.6892 0.0000e+00
       1335     44.338     3.6494   3.002115    32.3212    25.6892 0.0000e+00
       1336     44.350     3.6493   3.002110    32.3212    25.6892 0.0000e+00
       1337     44.365     3.6491   3.002094    32.3212    25.6892 0.0000e+00
       1338     44.370     3.6489   3.002068    32.3211    25.6891 0.0000e+00
       1339     44.364     3.6487   3.002054    32.3212    25.6892 0.0000e+00
       1340     44.353     3.6486   3.002056    32.3213    25.6893 0.0000e+00
       1341     44.344     3.6486   3.002054    32.3213    25.6893 0.0000e+00
       1342     44.338     3.6485   3.002043    32.3212    25.6893 0.0000e+00
       1343     44.339     3.6484   3.002032    32.3212    25.6892 0.0000e+00
       1344     44.343     3.6483   3.002014    32.3211    25.6892 0.0000e+00
       1345     44.337     3.6481   3.002001    32.3211    25.6892 0.0000e+00
       1346     44.322     3.6479   3.002000    32.3213    25.6894 0.0000e+00
       1347     44.312     3.6478   3.002000    32.3214    25.6895 0.0000e+00
       1348     44.310     3.6479   3.001997    32.3213    25.6894 0.0000e+00
       1349     44.311     3.6479   3.001987    32.3212    25.6893 0.0000e+00
       1350     44.310     3.6478   3.001975    32.3211    25.6893 0.0000e+00
       1351     44.303     3.6475   3.001956    32.3212    25.6893 0.0000e+00
       1352     44.291     3.6474   3.001941    32.3211    25.6893 0.0000e+00
       1353     44.283     3.6473   3.001938    32.3212    25.6894 0.0000e+00
       1354     44.280     3.6473   3.001932    32.3211    25.6893 0.0000e+00
       1355     44.276     3.6471   3.001904    32.3210    25.6892 0.0000e+00
       1356     44.267     3.6467   3.001878    32.3211    25.6893 0.0000e+00
       1357     44.259     3.6465   3.001864    32.3211    25.6894 0.0000e+00
       1358     44.261     3.6463   3.001848    32.3211    25.6894 0.0000e+00
       1359     44.268     3.6461   3.001837    32.3212    25.6895 0.0000e+00
       1360     44.269     3.6460   3.001836    32.3213    25.6895 0.0000e+00
       1361     44.262     3.6460   3.001844    32.3214    25.6896 0.0000e+00
       1362     44.259     3.6460   3.001858    32.3216    25.6898 0.0000e+00
       1363     44.268     3.6462   3.001866    32.3214    25.6896 0.0000e+00
       1364     44.271     3.6464   3.001877    32.3214    25.6896 0.0000e+00
       1365     44.257     3.6465   3.001896    32.3215    25.6897 0.0000e+00
       1366     44.240     3.6467   3.001919    32.3216    25.6897 0.0000e+00
       1367     44.234     3.6470   3.001945    32.3216    25.6897 0.0000e+00
       1368     44.237     3.6473   3.001958    32.3215    25.6896 0.0000e+00
       1369     44.245     3.6474   3.001938    32.3211    25.6893 0.0000e+00
       1370     44.257     3.6471   3.001900    32.3210    25.6892 0.0000e+00
       1371     44.263     3.6467   3.001870    32.3210    25.6892 0.0000e+00
       1372     44.252     3.6464   3.001860    32.3212    25.6894 0.0000e+00
       1373     44.229     3.6463   3.001860    32.3213    25.6895 0.0000e+00
       1374     44.212     3.6463   3.001854    32.3212    25.6895 0.0000e+00
       1375     44.206     3.6463   3.001846    32.3211    25.6894 0.0000e+00
       1376     44.200     3.6462   3.001840    32.3212    25.6894 0.0000e+00
       1377     44.188     3.6460   3.001841    32.3214    25.6896 0.0000e+00
       1378     44.175     3.6461   3.001844    32.3213    25.6896 0.0000e+00
       1379     44.176     3.6462   3.001848    32.3213    25.6895 0.0000e+00
       1380     44.197     3.6462   3.001849    32.3213    25.6895 0.0000e+00
       1381     44.226     3.6461   3.001836    32.3212    25.6895 0.0000e+00
       1382     44.244     3.6459   3.001814    32.3211    25.6894 0.0000e+00
       1383     44.238     3.6457   3.001802    32.3212    25.6895 0.0000e+00
       1384     44.215     3.6456   3.001795    32.3212    25.6895 0.0000e+00
       1385     44.195     3.6456   3.001787    32.3211    25.6895 0.0000e+00
       1386     44.192     3.6455   3.001785    32.3212    25.6895 0.0000e+00
       1387     44.202     3.6454   3.001782    32.3213    25.6896 0.0000e+00
       1388     44.209     3.6452   3.001769    32.3213    25.6896 0.0000e+00
       1389     44.203     3.6452   3.001754    32.3211    25.6895 0.0000e+00
       1390     44.190     3.6451   3.001734    32.3210    25.6894 0.0000e+00
       1391     44.179     3.6449   3.001710    32.3209    25.6894 0.0000e+00
       1392     44.172     3.6446   3.001698    32.3211    25.6895 0.0000e+00
       1393     44.169     3.6445   3.001697    32.3212    25.6896 0.0000e+00
       1394     44.173     3.6444   3.001695    32.3213    25.6897 0.0000e+00
       1395     44.180     3.6444   3.001691    32.3212    25.6896 0.0000e+00
       1396     44.183     3.6444   3.001687    32.3212    25.6896 0.0000e+00
       1397     44.182     3.6444   3.001687    32.3212    25.6896 0.0000e+00
       1398     44.182     3.6444   3.001687    32.3212    25.6896 0.0000e+00
       1399     44.187     3.6444   3.001686    32.3211    25.6896 0.0000e+00
       1400     44.195     3.6445   3.001689    32.3211    25.6895 0.0000e+00
       1401     44.196     3.6445   3.001704    32.3212    25.6896 0.0000e+00
       1402     44.184     3.6447   3.001725    32.3213    25.6897 0.0000e+00
       1403     44.159     3.6448   3.001736    32.3213    25.6897 0.0000e+00
       1404     44.131     3.6449   3.001736    32.3213    25.6896 0.0000e+00
       1405     44.118     3.6449   3.001728    32.3212    25.6896 0.0000e+00
       1406     44.127     3.6448   3.001715    32.3211    25.6895 0.0000e+00
       1407     44.147     3.6446   3.001693    32.3210    25.6895 0.0000e+00
       1408     44.162     3.6443   3.001665    32.3210    25.6895 0.0000e+00
       1409     44.169     3.6441   3.001648    32.3210    25.6895 0.0000e+00
       1410     44.175     3.6440   3.001641    32.3210    25.6895 0.0000e+00
       1411     44.186     3.6439   3.001626    32.3209    25.6894 0.0000e+00
       1412     44.191     3.6437   3.001600    32.3208    25.6894 0.0000e+00
       1413     44.179     3.6433   3.001578    32.3209    25.6895 0.0000e+00
       1414     44.153     3.6431   3.001567    32.3210    25.6896 0.0000e+00
       1415     44.131     3.6430   3.001564    32.3211    25.6897 0.0000e+00
       1416     44.130     3.6432   3.001560    32.3209    25.6895 0.0000e+00
       1417     44.148     3.6431   3.001549    32.3208    25.6894 0.0000e+00
       1418     44.165     3.6429   3.001542    32.3209    25.6895 0.0000e+00
       1419     44.169     3.6427   3.001548    32.3212    25.6898 0.0000e+00
       1420     44.162     3.6427   3.001562    32.3214    25.6899 0.0000e+00
       1421     44.156     3.6429   3.001578    32.3214    25.6899 0.0000e+00
       1422     44.162     3.6429   3.001585    32.3214    25.6899 0.0000e+00
       1423     44.178     3.6430   3.001580    32.3213    25.6898 0.0000e+00
       1424     44.192     3.6429   3.001561    32.3211    25.6897 0.0000e+00
       1425     44.195     3.6426   3.001538    32.3212    25.6898 0.0000e+00
       1426     44.188     3.6425   3.001523    32.3211    25.6897 0.0000e+00
       1427     44.186     3.6424   3.001517    32.3211    25.6897 0.0000e+00
       1428     44.201     3.6424   3.001519    32.3211    25.6897 0.0000e+00
       1429     44.220     3.6424   3.001523    32.3212    25.6898 0.0000e+00
       1430     44.229     3.6424   3.001523    32.3212    25.6898 0.0000e+00
       1431     44.227     3.6423   3.001516    32.3212    25.6898 0.0000e+00
       1432     44.222     3.6423   3.001515    32.3212    25.6898 0.0000e+00
       1433     44.227     3.6422   3.001514    32.3213    25.6899 0.0000e+00
       1434     44.238     3.6421   3.001497    32.3211    25.6898 0.0000e+00
       1435     44.243     3.6419   3.001478    32.3211    25.6898 0.0000e+00
