Datasets/Test_Dataset_39219_tow/originals/tel219_2021_007.cnv
* Sea-Bird SBE19plus Data File:
* Filename = C:/AQUIRE/tel219_2021_007.hex
* Software Version AquireV2 AF V2.0
* Temperature SN =  4020
* Conductivity SN =  4020
* System UpLoad Time = May 06 2021 14:06:57
** VESSEL/TRIP/SEQ STN: tel219_2021_007
** LATITUDE: 45 52.93 N
** LONGITUDE: 55 57.97 W
** DATE/TIME: 2021-05-06 13:23
** SOUNDING DEPTH (M): 0054
** PROBE TYPE: S4020
** CTD NUMBER:   7
** FORMAT: T
** COMMENTS: 
# nquan = 7                                 
# nvalues = 2673                        
# units = specified
# name 0 = scan: Scan Count
# name 1 = prdM: Pressure, Strain Gauge [db]
# name 2 = tv290C: Temperature [ITS-90, deg C]
# name 3 = c0S/m: Conductivity [S/m]
# name 4 = sal00: Salinity, Practical [PSU]
# name 5 = sigma-t00: Density [sigma-t, kg/m^3 ]
# name 6 = flag: flag
# span 0 =          1,       2673       
# span 1 =     -0.136,     51.488       
# span 2 =     2.1197,     5.0223       
# span 3 =   0.001887,   3.011515       
# span 4 =     0.0141,    32.1573       
# span 5 =    -0.0210,    25.6742       
# span 6 = 0.0000e+00, 0.0000e+00       
# interval = seconds: 1
# start_time = May 06 2021 13:23:37 [Instrument's time stamp, header]
# bad_flag = -9.990e-29
*END*
[from data line 1436]
       1437     49.964     2.1553   2.863780    32.1371    25.6672 0.0000e+00
       1438     49.969     2.1551   2.863772    32.1372    25.6673 0.0000e+00
       1439     49.971     2.1551   2.863765    32.1371    25.6672 0.0000e+00
       1440     49.967     2.1551   2.863759    32.1371    25.6672 0.0000e+00
       1441     49.962     2.1551   2.863757    32.1370    25.6672 0.0000e+00
       1442     49.963     2.1549   2.863752    32.1372    25.6673 0.0000e+00
       1443     49.969     2.1547   2.863746    32.1373    25.6674 0.0000e+00
       1444     49.975     2.1547   2.863744    32.1373    25.6674 0.0000e+00
       1445     49.980     2.1546   2.863738    32.1373    25.6674 0.0000e+00
       1446     49.981     2.1547   2.863734    32.1372    25.6673 0.0000e+00
       1447     49.973     2.1548   2.863744    32.1372    25.6673 0.0000e+00
       1448     49.959     2.1549   2.863756    32.1372    25.6673 0.0000e+00
       1449     49.944     2.1548   2.863747    32.1372    25.6673 0.0000e+00
       1450     49.934     2.1546   2.863724    32.1372    25.6673 0.0000e+00
       1451     49.931     2.1544   2.863710    32.1372    25.6673 0.0000e+00
       1452     49.932     2.1543   2.863702    32.1372    25.6673 0.0000e+00
       1453     49.933     2.1541   2.863694    32.1373    25.6674 0.0000e+00
       1454     49.933     2.1540   2.863690    32.1373    25.6675 0.0000e+00
       1455     49.927     2.1540   2.863686    32.1373    25.6674 0.0000e+00
       1456     49.907     2.1539   2.863673    32.1372    25.6674 0.0000e+00
       1457     49.873     2.1539   2.863661    32.1371    25.6673 0.0000e+00
       1458     49.836     2.1537   2.863659    32.1373    25.6675 0.0000e+00
       1459     49.809     2.1536   2.863656    32.1374    25.6676 0.0000e+00
       1460     49.792     2.1536   2.863651    32.1373    25.6675 0.0000e+00
       1461     49.783     2.1536   2.863650    32.1373    25.6675 0.0000e+00
       1462     49.781     2.1536   2.863654    32.1374    25.6675 0.0000e+00
       1463     49.779     2.1536   2.863654    32.1374    25.6675 0.0000e+00
       1464     49.771     2.1536   2.863649    32.1373    25.6675 0.0000e+00
       1465     49.760     2.1536   2.863649    32.1373    25.6675 0.0000e+00
       1466     49.750     2.1536   2.863646    32.1373    25.6675 0.0000e+00
       1467     49.740     2.1535   2.863636    32.1373    25.6675 0.0000e+00
       1468     49.729     2.1533   2.863624    32.1373    25.6675 0.0000e+00
       1469     49.720     2.1532   2.863613    32.1373    25.6675 0.0000e+00
       1470     49.713     2.1531   2.863604    32.1373    25.6675 0.0000e+00
       1471     49.708     2.1529   2.863601    32.1375    25.6677 0.0000e+00
       1472     49.710     2.1528   2.863599    32.1376    25.6677 0.0000e+00
       1473     49.721     2.1528   2.863588    32.1374    25.6676 0.0000e+00
       1474     49.735     2.1528   2.863577    32.1373    25.6675 0.0000e+00
       1475     49.738     2.1528   2.863575    32.1372    25.6675 0.0000e+00
       1476     49.731     2.1529   2.863585    32.1373    25.6675 0.0000e+00
       1477     49.724     2.1528   2.863594    32.1375    25.6677 0.0000e+00
       1478     49.719     2.1528   2.863596    32.1375    25.6677 0.0000e+00
       1479     49.717     2.1528   2.863595    32.1375    25.6677 0.0000e+00
       1480     49.718     2.1527   2.863590    32.1375    25.6677 0.0000e+00
       1481     49.723     2.1525   2.863575    32.1376    25.6678 0.0000e+00
       1482     49.727     2.1525   2.863563    32.1374    25.6676 0.0000e+00
       1483     49.732     2.1525   2.863565    32.1374    25.6677 0.0000e+00
       1484     49.741     2.1525   2.863565    32.1374    25.6677 0.0000e+00
       1485     49.756     2.1523   2.863555    32.1375    25.6677 0.0000e+00
       1486     49.772     2.1521   2.863549    32.1376    25.6678 0.0000e+00
       1487     49.783     2.1520   2.863544    32.1376    25.6679 0.0000e+00
       1488     49.786     2.1520   2.863538    32.1376    25.6678 0.0000e+00
       1489     49.781     2.1521   2.863550    32.1376    25.6678 0.0000e+00
       1490     49.769     2.1523   2.863568    32.1376    25.6678 0.0000e+00
       1491     49.760     2.1522   2.863565    32.1377    25.6679 0.0000e+00
       1492     49.760     2.1520   2.863549    32.1377    25.6679 0.0000e+00
       1493     49.767     2.1517   2.863527    32.1377    25.6680 0.0000e+00
       1494     49.777     2.1516   2.863508    32.1376    25.6679 0.0000e+00
       1495     49.790     2.1515   2.863502    32.1376    25.6679 0.0000e+00
       1496     49.805     2.1514   2.863503    32.1377    25.6680 0.0000e+00
       1497     49.818     2.1514   2.863499    32.1377    25.6679 0.0000e+00
       1498     49.825     2.1513   2.863496    32.1377    25.6680 0.0000e+00
       1499     49.825     2.1513   2.863497    32.1377    25.6680 0.0000e+00
       1500     49.824     2.1513   2.863500    32.1378    25.6680 0.0000e+00
       1501     49.829     2.1513   2.863497    32.1377    25.6680 0.0000e+00
       1502     49.845     2.1515   2.863496    32.1375    25.6678 0.0000e+00
       1503     49.871     2.1515   2.863505    32.1376    25.6679 0.0000e+00
       1504     49.901     2.1515   2.863511    32.1377    25.6679 0.0000e+00
       1505     49.924     2.1514   2.863512    32.1378    25.6680 0.0000e+00
       1506     49.934     2.1513   2.863504    32.1378    25.6680 0.0000e+00
       1507     49.931     2.1513   2.863490    32.1376    25.6679 0.0000e+00
       1508     49.919     2.1511   2.863484    32.1377    25.6680 0.0000e+00
       1509     49.909     2.1511   2.863486    32.1378    25.6680 0.0000e+00
       1510     49.908     2.1510   2.863483    32.1378    25.6681 0.0000e+00
       1511     49.915     2.1509   2.863477    32.1379    25.6681 0.0000e+00
       1512     49.934     2.1509   2.863473    32.1378    25.6681 0.0000e+00
       1513     49.966     2.1509   2.863470    32.1377    25.6680 0.0000e+00
       1514     49.999     2.1508   2.863471    32.1378    25.6681 0.0000e+00
       1515     50.018     2.1507   2.863471    32.1379    25.6682 0.0000e+00
       1516     50.020     2.1509   2.863468    32.1377    25.6680 0.0000e+00
       1517     50.011     2.1509   2.863473    32.1378    25.6680 0.0000e+00
       1518     49.999     2.1510   2.863482    32.1378    25.6680 0.0000e+00
       1519     49.993     2.1510   2.863481    32.1378    25.6680 0.0000e+00
       1520     49.999     2.1509   2.863473    32.1378    25.6680 0.0000e+00
       1521     50.015     2.1508   2.863462    32.1377    25.6680 0.0000e+00
       1522     50.033     2.1506   2.863449    32.1377    25.6681 0.0000e+00
       1523     50.045     2.1506   2.863447    32.1377    25.6680 0.0000e+00
       1524     50.047     2.1506   2.863450    32.1378    25.6681 0.0000e+00
       1525     50.049     2.1505   2.863443    32.1378    25.6681 0.0000e+00
       1526     50.058     2.1506   2.863441    32.1376    25.6680 0.0000e+00
       1527     50.070     2.1506   2.863445    32.1377    25.6680 0.0000e+00
       1528     50.072     2.1506   2.863444    32.1377    25.6680 0.0000e+00
       1529     50.060     2.1505   2.863437    32.1377    25.6680 0.0000e+00
       1530     50.040     2.1504   2.863432    32.1377    25.6681 0.0000e+00
       1531     50.026     2.1504   2.863435    32.1378    25.6681 0.0000e+00
       1532     50.029     2.1507   2.863451    32.1377    25.6680 0.0000e+00
       1533     50.052     2.1510   2.863480    32.1377    25.6680 0.0000e+00
       1534     50.082     2.1510   2.863489    32.1378    25.6681 0.0000e+00
       1535     50.101     2.1509   2.863472    32.1377    25.6680 0.0000e+00
       1536     50.104     2.1506   2.863449    32.1377    25.6680 0.0000e+00
       1537     50.099     2.1504   2.863434    32.1377    25.6681 0.0000e+00
       1538     50.098     2.1501   2.863415    32.1378    25.6681 0.0000e+00
       1539     50.111     2.1499   2.863402    32.1378    25.6682 0.0000e+00
       1540     50.137     2.1498   2.863399    32.1379    25.6682 0.0000e+00
       1541     50.163     2.1497   2.863386    32.1378    25.6682 0.0000e+00
       1542     50.176     2.1498   2.863382    32.1377    25.6680 0.0000e+00
       1543     50.179     2.1499   2.863400    32.1378    25.6681 0.0000e+00
       1544     50.176     2.1498   2.863403    32.1379    25.6682 0.0000e+00
       1545     50.171     2.1496   2.863388    32.1379    25.6683 0.0000e+00
       1546     50.172     2.1494   2.863375    32.1380    25.6683 0.0000e+00
       1547     50.185     2.1491   2.863361    32.1381    25.6684 0.0000e+00
       1548     50.209     2.1490   2.863352    32.1381    25.6684 0.0000e+00
       1549     50.239     2.1490   2.863351    32.1380    25.6684 0.0000e+00
       1550     50.261     2.1490   2.863353    32.1381    25.6684 0.0000e+00
       1551     50.265     2.1490   2.863357    32.1381    25.6685 0.0000e+00
       1552     50.259     2.1491   2.863357    32.1380    25.6684 0.0000e+00
       1553     50.256     2.1491   2.863356    32.1380    25.6684 0.0000e+00
       1554     50.256     2.1491   2.863358    32.1380    25.6684 0.0000e+00
       1555     50.257     2.1491   2.863363    32.1381    25.6684 0.0000e+00
       1556     50.261     2.1490   2.863360    32.1381    25.6685 0.0000e+00
       1557     50.270     2.1490   2.863348    32.1380    25.6684 0.0000e+00
       1558     50.284     2.1490   2.863341    32.1379    25.6683 0.0000e+00
       1559     50.303     2.1488   2.863336    32.1380    25.6684 0.0000e+00
       1560     50.321     2.1486   2.863325    32.1381    25.6685 0.0000e+00
       1561     50.331     2.1486   2.863318    32.1380    25.6684 0.0000e+00
       1562     50.335     2.1485   2.863319    32.1381    25.6685 0.0000e+00
       1563     50.332     2.1485   2.863317    32.1381    25.6685 0.0000e+00
       1564     50.330     2.1486   2.863313    32.1379    25.6683 0.0000e+00
       1565     50.333     2.1490   2.863339    32.1378    25.6683 0.0000e+00
       1566     50.335     2.1501   2.863415    32.1377    25.6680 0.0000e+00
       1567     50.337     2.1506   2.863472    32.1379    25.6682 0.0000e+00
       1568     50.344     2.1506   2.863461    32.1377    25.6680 0.0000e+00
       1569     50.356     2.1502   2.863432    32.1378    25.6681 0.0000e+00
       1570     50.369     2.1498   2.863411    32.1379    25.6682 0.0000e+00
       1571     50.376     2.1496   2.863390    32.1378    25.6682 0.0000e+00
       1572     50.374     2.1494   2.863376    32.1379    25.6682 0.0000e+00
       1573     50.370     2.1491   2.863362    32.1380    25.6684 0.0000e+00
       1574     50.370     2.1488   2.863343    32.1381    25.6685 0.0000e+00
       1575     50.369     2.1485   2.863322    32.1381    25.6685 0.0000e+00
       1576     50.368     2.1483   2.863306    32.1381    25.6685 0.0000e+00
       1577     50.369     2.1482   2.863294    32.1381    25.6685 0.0000e+00
       1578     50.371     2.1481   2.863288    32.1381    25.6685 0.0000e+00
       1579     50.373     2.1481   2.863289    32.1381    25.6685 0.0000e+00
       1580     50.370     2.1482   2.863288    32.1380    25.6684 0.0000e+00
       1581     50.369     2.1482   2.863287    32.1380    25.6684 0.0000e+00
       1582     50.378     2.1482   2.863287    32.1380    25.6684 0.0000e+00
       1583     50.391     2.1483   2.863292    32.1379    25.6684 0.0000e+00
       1584     50.399     2.1483   2.863302    32.1381    25.6685 0.0000e+00
       1585     50.399     2.1483   2.863305    32.1381    25.6685 0.0000e+00
       1586     50.390     2.1483   2.863296    32.1380    25.6684 0.0000e+00
       1587     50.377     2.1483   2.863293    32.1380    25.6684 0.0000e+00
       1588     50.365     2.1482   2.863294    32.1381    25.6685 0.0000e+00
       1589     50.361     2.1479   2.863275    32.1382    25.6686 0.0000e+00
       1590     50.364     2.1476   2.863254    32.1382    25.6686 0.0000e+00
       1591     50.371     2.1475   2.863250    32.1382    25.6687 0.0000e+00
       1592     50.380     2.1475   2.863257    32.1383    25.6687 0.0000e+00
       1593     50.393     2.1475   2.863262    32.1384    25.6688 0.0000e+00
       1594     50.405     2.1475   2.863265    32.1384    25.6688 0.0000e+00
       1595     50.408     2.1475   2.863262    32.1384    25.6688 0.0000e+00
       1596     50.393     2.1474   2.863245    32.1383    25.6687 0.0000e+00
       1597     50.368     2.1471   2.863228    32.1384    25.6688 0.0000e+00
       1598     50.349     2.1469   2.863222    32.1385    25.6689 0.0000e+00
       1599     50.341     2.1468   2.863217    32.1386    25.6690 0.0000e+00
       1600     50.342     2.1467   2.863207    32.1385    25.6690 0.0000e+00
       1601     50.353     2.1467   2.863195    32.1384    25.6688 0.0000e+00
       1602     50.370     2.1466   2.863190    32.1384    25.6689 0.0000e+00
       1603     50.388     2.1465   2.863183    32.1384    25.6689 0.0000e+00
       1604     50.402     2.1463   2.863169    32.1384    25.6689 0.0000e+00
       1605     50.408     2.1462   2.863159    32.1384    25.6689 0.0000e+00
       1606     50.406     2.1463   2.863160    32.1383    25.6688 0.0000e+00
       1607     50.400     2.1463   2.863164    32.1384    25.6689 0.0000e+00
       1608     50.391     2.1463   2.863170    32.1385    25.6689 0.0000e+00
       1609     50.376     2.1463   2.863172    32.1385    25.6690 0.0000e+00
       1610     50.355     2.1463   2.863164    32.1384    25.6689 0.0000e+00
       1611     50.335     2.1463   2.863152    32.1383    25.6688 0.0000e+00
       1612     50.326     2.1461   2.863141    32.1383    25.6689 0.0000e+00
       1613     50.328     2.1460   2.863137    32.1384    25.6689 0.0000e+00
       1614     50.331     2.1460   2.863136    32.1384    25.6689 0.0000e+00
       1615     50.324     2.1459   2.863134    32.1384    25.6690 0.0000e+00
       1616     50.305     2.1457   2.863127    32.1386    25.6691 0.0000e+00
       1617     50.283     2.1456   2.863115    32.1385    25.6691 0.0000e+00
       1618     50.270     2.1456   2.863105    32.1384    25.6690 0.0000e+00
       1619     50.264     2.1454   2.863097    32.1385    25.6691 0.0000e+00
       1620     50.257     2.1452   2.863087    32.1386    25.6691 0.0000e+00
       1621     50.242     2.1452   2.863088    32.1386    25.6692 0.0000e+00
       1622     50.217     2.1452   2.863091    32.1387    25.6692 0.0000e+00
       1623     50.189     2.1452   2.863085    32.1386    25.6692 0.0000e+00
       1624     50.169     2.1452   2.863077    32.1385    25.6691 0.0000e+00
       1625     50.164     2.1452   2.863076    32.1385    25.6691 0.0000e+00
       1626     50.170     2.1452   2.863077    32.1385    25.6691 0.0000e+00
       1627     50.181     2.1452   2.863079    32.1386    25.6691 0.0000e+00
       1628     50.191     2.1450   2.863077    32.1387    25.6693 0.0000e+00
       1629     50.192     2.1448   2.863072    32.1389    25.6694 0.0000e+00
       1630     50.181     2.1448   2.863064    32.1388    25.6693 0.0000e+00
       1631     50.161     2.1448   2.863055    32.1387    25.6692 0.0000e+00
       1632     50.140     2.1448   2.863050    32.1386    25.6692 0.0000e+00
       1633     50.126     2.1448   2.863049    32.1386    25.6692 0.0000e+00
       1634     50.122     2.1448   2.863051    32.1386    25.6692 0.0000e+00
       1635     50.128     2.1448   2.863052    32.1387    25.6692 0.0000e+00
       1636     50.142     2.1448   2.863052    32.1386    25.6692 0.0000e+00
       1637     50.160     2.1447   2.863044    32.1386    25.6692 0.0000e+00
       1638     50.172     2.1445   2.863032    32.1387    25.6693 0.0000e+00
       1639     50.176     2.1445   2.863031    32.1387    25.6692 0.0000e+00
       1640     50.171     2.1444   2.863027    32.1387    25.6693 0.0000e+00
       1641     50.157     2.1444   2.863018    32.1386    25.6692 0.0000e+00
