Datasets/Test_Dataset_39219_tow/originals/tel219_2021_063.cnv
* Sea-Bird SBE19plus Data File:
* Filename = C:/AQUIRE/tel219_2021_063.hex
* Software Version AquireV2 AF V2.0
* Temperature SN =  4020
* Conductivity SN =  4020
* System UpLoad Time = May 14 2021 19:51:24
** VESSEL/TRIP/SEQ STN: tel219_2021_063
** LATITUDE: 45 34.73 N
** LONGITUDE: 54 33.72 W
** DATE/TIME: 2021-05-14 19:11
** SOUNDING DEPTH (M): 0081
** PROBE TYPE: S4020
** CTD NUMBER: 063
** FORMAT: T
** COMMENTS: 
# nquan = 7                                 
# nvalues = 2217                        
# units = specified
# name 0 = scan: Scan Count
# name 1 = prdM: Pressure, Strain Gauge [db]
# name 2 = tv290C: Temperature [ITS-90, deg C]
# name 3 = c0S/m: Conductivity [S/m]
# name 4 = sal00: Salinity, Practical [PSU]
# name 5 = sigma-t00: Density [sigma-t, kg/m^3 ]
# name 6 = flag: flag
# span 0 =          1,       2217       
# span 1 =     -0.131,     75.594       
# span 2 =     0.6525,     5.5427       
# span 3 =   0.007622,   3.029889       
# span 4 =     0.0561,    32.7032       
# span 5 =     0.0010,    26.2142       
# span 6 = 0.0000e+00, 0.0000e+00       
# interval = seconds: 1
# start_time = May 14 2021 19:11:08 [Instrument's time stamp, header]
# bad_flag = -9.990e-29
*END*
[from data line 1642]
       1643     38.573     3.1056   2.962348    32.3904    25.7933 0.0000e+00
       1644     38.361     3.1050   2.962625    32.3945    25.7965 0.0000e+00
       1645     38.129     3.1045   2.962825    32.3975    25.7990 0.0000e+00
       1646     37.880     3.1050   2.962934    32.3985    25.7997 0.0000e+00
       1647     37.618     3.1054   2.962891    32.3977    25.7991 0.0000e+00
       1648     37.350     3.1045   2.962806    32.3977    25.7992 0.0000e+00
       1649     37.082     3.1017   2.962675    32.3991    25.8005 0.0000e+00
       1650     36.815     3.0980   2.962463    32.4004    25.8018 0.0000e+00
       1651     36.547     3.0950   2.962361    32.4023    25.8036 0.0000e+00
       1652     36.264     3.0940   2.962442    32.4044    25.8054 0.0000e+00
       1653     35.958     3.0952   2.962658    32.4060    25.8066 0.0000e+00
       1654     35.629     3.0976   2.962910    32.4068    25.8070 0.0000e+00
       1655     35.283     3.0997   2.963113    32.4073    25.8073 0.0000e+00
       1656     34.926     3.1016   2.963362    32.4086    25.8081 0.0000e+00
       1657     34.554     3.1033   2.963655    32.4107    25.8096 0.0000e+00
       1658     34.165     3.1048   2.963881    32.4121    25.8106 0.0000e+00
       1659     33.760     3.1069   2.964094    32.4128    25.8110 0.0000e+00
       1660     33.343     3.1096   2.964360    32.4135    25.8113 0.0000e+00
       1661     32.921     3.1121   2.964621    32.4143    25.8118 0.0000e+00
       1662     32.489     3.1162   2.964961    32.4146    25.8116 0.0000e+00
       1663     32.038     3.1226   2.965530    32.4152    25.8116 0.0000e+00
       1664     31.562     3.1278   2.965986    32.4158    25.8115 0.0000e+00
       1665     31.064     3.1295   2.965993    32.4144    25.8103 0.0000e+00
       1666     30.559     3.1278   2.965778    32.4138    25.8100 0.0000e+00
       1667     30.066     3.1240   2.965476    32.4142    25.8106 0.0000e+00
       1668     29.578     3.1211   2.965182    32.4138    25.8106 0.0000e+00
       1669     29.091     3.1184   2.964748    32.4116    25.8090 0.0000e+00
       1670     28.628     3.1115   2.963804    32.4074    25.8062 0.0000e+00
       1671     28.208     3.1048   2.962765    32.4018    25.8024 0.0000e+00
       1672     27.819     3.1037   2.961999    32.3938    25.7961 0.0000e+00
       1673     27.455     3.1014   2.961301    32.3879    25.7916 0.0000e+00
       1674     27.123     3.0906   2.960722    32.3919    25.7957 0.0000e+00
       1675     26.820     3.0768   2.960482    32.4030    25.8058 0.0000e+00
       1676     26.538     3.0667   2.960745    32.4165    25.8174 0.0000e+00
       1677     26.275     3.0595   2.961251    32.4300    25.8288 0.0000e+00
       1678     26.023     3.0527   2.961701    32.4425    25.8393 0.0000e+00
       1679     25.777     3.0476   2.961872    32.4498    25.8456 0.0000e+00
       1680     25.542     3.0482   2.961907    32.4497    25.8455 0.0000e+00
       1681     25.323     3.0598   2.962635    32.4470    25.8423 0.0000e+00
       1682     25.115     3.0792   2.963769    32.4413    25.8361 0.0000e+00
       1683     24.922     3.0935   2.964461    32.4354    25.8301 0.0000e+00
       1684     24.751     3.0967   2.964155    32.4285    25.8244 0.0000e+00
       1685     24.599     3.0947   2.962892    32.4154    25.8141 0.0000e+00
       1686     24.458     3.0922   2.961873    32.4056    25.8065 0.0000e+00
       1687     24.319     3.0879   2.961817    32.4093    25.8099 0.0000e+00
       1688     24.173     3.0814   2.962104    32.4194    25.8185 0.0000e+00
       1689     24.020     3.0753   2.961661    32.4203    25.8197 0.0000e+00
       1690     23.867     3.0711   2.960928    32.4157    25.8164 0.0000e+00
       1691     23.718     3.0669   2.961103    32.4221    25.8219 0.0000e+00
       1692     23.570     3.0635   2.961976    32.4362    25.8334 0.0000e+00
       1693     23.422     3.0644   2.962713    32.4443    25.8398 0.0000e+00
       1694     23.272     3.0682   2.962604    32.4392    25.8354 0.0000e+00
       1695     23.119     3.0701   2.961697    32.4264    25.8250 0.0000e+00
       1696     22.964     3.0687   2.961300    32.4231    25.8225 0.0000e+00
       1697     22.811     3.0686   2.962181    32.4340    25.8312 0.0000e+00
       1698     22.664     3.0767   2.963511    32.4420    25.8369 0.0000e+00
       1699     22.521     3.0892   2.964052    32.4360    25.8310 0.0000e+00
       1700     22.378     3.0939   2.963479    32.4244    25.8214 0.0000e+00
       1701     22.231     3.0922   2.962589    32.4155    25.8144 0.0000e+00
       1702     22.081     3.0979   2.962780    32.4121    25.8112 0.0000e+00
       1703     21.934     3.1147   2.964515    32.4163    25.8131 0.0000e+00
       1704     21.788     3.1323   2.966298    32.4202    25.8147 0.0000e+00
       1705     21.637     3.1421   2.967085    32.4199    25.8136 0.0000e+00
       1706     21.484     3.1459   2.967385    32.4198    25.8132 0.0000e+00
       1707     21.325     3.1488   2.967656    32.4203    25.8133 0.0000e+00
       1708     21.161     3.1556   2.968423    32.4228    25.8147 0.0000e+00
       1709     20.995     3.1662   2.969732    32.4280    25.8179 0.0000e+00
       1710     20.823     3.1756   2.970667    32.4299    25.8186 0.0000e+00
       1711     20.640     3.1809   2.971039    32.4292    25.8176 0.0000e+00
       1712     20.449     3.1832   2.971340    32.4306    25.8185 0.0000e+00
       1713     20.248     3.1832   2.971478    32.4324    25.8199 0.0000e+00
       1714     20.040     3.1821   2.971409    32.4328    25.8203 0.0000e+00
       1715     19.824     3.1830   2.971534    32.4335    25.8208 0.0000e+00
       1716     19.595     3.1868   2.971845    32.4335    25.8205 0.0000e+00
       1717     19.361     3.1903   2.972054    32.4327    25.8195 0.0000e+00
       1718     19.130     3.1908   2.972035    32.4321    25.8190 0.0000e+00
       1719     18.908     3.1885   2.971863    32.4324    25.8195 0.0000e+00
       1720     18.701     3.1849   2.971668    32.4338    25.8209 0.0000e+00
       1721     18.504     3.1819   2.971456    32.4343    25.8216 0.0000e+00
       1722     18.290     3.1819   2.971425    32.4341    25.8214 0.0000e+00
       1723     18.039     3.1861   2.971880    32.4355    25.8222 0.0000e+00
       1724     17.766     3.1902   2.972365    32.4374    25.8233 0.0000e+00
       1725     17.489     3.1931   2.972613    32.4376    25.8232 0.0000e+00
       1726     17.181     3.2000   2.973258    32.4386    25.8234 0.0000e+00
       1727     16.810     3.2096   2.974105    32.4394    25.8232 0.0000e+00
       1728     16.380     3.2162   2.974517    32.4379    25.8214 0.0000e+00
       1729     15.895     3.2207   2.974754    32.4365    25.8199 0.0000e+00
       1730     15.358     3.2256   2.975159    32.4368    25.8197 0.0000e+00
       1731     14.786     3.2325   2.975716    32.4368    25.8191 0.0000e+00
       1732     14.197     3.2439   2.976647    32.4369    25.8182 0.0000e+00
       1733     13.600     3.2605   2.978089    32.4379    25.8175 0.0000e+00
       1734     12.996     3.2806   2.979675    32.4372    25.8151 0.0000e+00
       1735     12.392     3.3063   2.981775    32.4370    25.8127 0.0000e+00
       1736     11.798     3.3346   2.984389    32.4403    25.8128 0.0000e+00
       1737     11.213     3.3511   2.985664    32.4394    25.8106 0.0000e+00
       1738     10.630     3.3539   2.985549    32.4355    25.8073 0.0000e+00
       1739     10.049     3.3594   2.986023    32.4360    25.8072 0.0000e+00
       1740      9.479     3.3758   2.987590    32.4387    25.8078 0.0000e+00
       1741      8.948     3.3990   2.989300    32.4363    25.8038 0.0000e+00
       1742      8.509     3.4253   2.991060    32.4313    25.7974 0.0000e+00
       1743      8.176     3.4531   2.992966    32.4265    25.7911 0.0000e+00
       1744      7.867     3.4829   2.995040    32.4217    25.7845 0.0000e+00
       1745      7.500     3.5172   2.998660    32.4309    25.7887 0.0000e+00
       1746      7.103     3.5463   3.002014    32.4421    25.7950 0.0000e+00
       1747      6.750     3.5536   3.002180    32.4370    25.7902 0.0000e+00
       1748      6.438     3.5412   3.000561    32.4302    25.7860 0.0000e+00
       1749      6.124     3.5260   2.999164    32.4288    25.7863 0.0000e+00
       1750      5.825     3.5239   2.999095    32.4303    25.7876 0.0000e+00
       1751      5.584     3.5382   3.000671    32.4349    25.7900 0.0000e+00
       1752      5.414     3.5583   3.002451    32.4362    25.7892 0.0000e+00
       1753      5.277     3.5735   3.003549    32.4342    25.7862 0.0000e+00
       1754      5.114     3.5798   3.004091    32.4345    25.7858 0.0000e+00
       1755      4.921     3.5788   3.003892    32.4332    25.7849 0.0000e+00
       1756      4.713     3.5729   3.003152    32.4304    25.7832 0.0000e+00
       1757      4.489     3.5675   3.002516    32.4283    25.7820 0.0000e+00
       1758      4.288     3.5703   3.003003    32.4314    25.7842 0.0000e+00
       1759      4.136     3.5786   3.004309    32.4388    25.7894 0.0000e+00
       1760      3.988     3.5816   3.004520    32.4384    25.7888 0.0000e+00
       1761      3.791     3.5758   3.003844    32.4362    25.7876 0.0000e+00
       1762      3.536     3.5660   3.003243    32.4390    25.7907 0.0000e+00
       1763      3.232     3.5587   3.002551    32.4382    25.7907 0.0000e+00
       1764      2.892     3.5613   3.002776    32.4384    25.7907 0.0000e+00
       1765      2.545     3.5761   3.004377    32.4429    25.7929 0.0000e+00
       1766      2.152     3.5945   3.005987    32.4440    25.7920 0.0000e+00
       1767      1.675     3.6078   3.006984    32.4429    25.7899 0.0000e+00
       1768      1.213     3.6163   3.007602    32.4420    25.7884 0.0000e+00
       1769      0.868     3.6227   3.008006    32.4406    25.7867 0.0000e+00
       1770      0.623     3.6273   3.008302    32.4397    25.7855 0.0000e+00
       1771      0.445     3.6309   3.008295    32.4361    25.7823 0.0000e+00
       1772      0.336     3.6342   2.977890    32.0708    25.4913 0.0000e+00
       1773      0.287     3.6369   2.667673    28.4059    22.5756 0.0000e+00
       1774      0.271     3.6387   2.141937    22.3297    17.7479 0.0000e+00
       1775      0.266     3.6401   2.140758    22.3154    17.7364 0.0000e+00
       1776      0.264     3.6418   2.322645    24.3963    19.3890 0.0000e+00
       1777      0.262     3.6437   2.083172    21.6580    17.2142 0.0000e+00
       1778      0.271     3.6438   1.974435    20.4272    16.2371 0.0000e+00
       1779      0.300     3.6408   2.254861    23.6187    18.7714 0.0000e+00
       1780      0.335     3.6384   2.738015    29.2300    23.2308 0.0000e+00
       1781      0.342     3.6395   2.988101    32.1871    25.5833 0.0000e+00
       1782      0.316     3.6429   2.736021    29.2025    23.2086 0.0000e+00
       1783      0.292     3.6460   2.062621    21.4233    17.0277 0.0000e+00
       1784      0.297     3.6471   1.335920    13.3618    10.6283 0.0000e+00
       1785      0.318     3.6459   1.268931    12.6388    10.0543 0.0000e+00
       1786      0.325     3.6432   1.958272    20.2453    16.0927 0.0000e+00
       1787      0.315     3.6414   2.672673    28.4605    22.6187 0.0000e+00
       1788      0.301     3.6412   2.959733    31.8481    25.3133 0.0000e+00
       1789      0.285     3.6425   2.983465    32.1290    25.5368 0.0000e+00
       1790      0.270     3.6446   2.724107    29.0610    23.0959 0.0000e+00
       1791      0.253     3.6467   2.025757    21.0053    16.6958 0.0000e+00
       1792      0.233     3.6479   1.219266    12.1041     9.6295 0.0000e+00
       1793      0.222     3.6483   0.754095     7.2138     5.7422 0.0000e+00
       1794      0.235     3.6475   0.934453     9.0845     7.2302 0.0000e+00
       1795      0.267     3.6475   1.675025    17.0768    13.5774 0.0000e+00
       1796      0.281     3.6508   1.946553    20.1086    15.9837 0.0000e+00
       1797      0.261     3.6547   1.241929    12.3449     9.8205 0.0000e+00
       1798      0.236     3.6558   0.454820     4.1988     3.3396 0.0000e+00
       1799      0.222     3.6543   0.175430     1.5299     1.2051 0.0000e+00
       1800      0.213     3.6521   0.138013     1.1887     0.9313 0.0000e+00
       1801      0.204     3.6494   0.119184     1.0192     0.7951 0.0000e+00
       1802      0.196     3.6462   0.104433     0.8874     0.6893 0.0000e+00
       1803      0.193     3.6429   0.093171     0.7876     0.6090 0.0000e+00
       1804      0.195     3.6399   0.084992     0.7155     0.5510 0.0000e+00
       1805      0.198     3.6375   0.078755     0.6607     0.5069 0.0000e+00
       1806      0.199     3.6354   0.074990     0.6278     0.4804 0.0000e+00
       1807      0.201     3.6334   0.072137     0.6029     0.4604 0.0000e+00
       1808      0.204     3.6315   0.068898     0.5747     0.4377 0.0000e+00
       1809      0.204     3.6296   0.067103     0.5591     0.4251 0.0000e+00
       1810      0.203     3.6276   0.068511     0.5714     0.4350 0.0000e+00
       1811      0.204     3.6256   0.069593     0.5809     0.4426 0.0000e+00
       1812      0.206     3.6237   0.066956     0.5579     0.4241 0.0000e+00
       1813      0.207     3.6220   0.062194     0.5166     0.3909 0.0000e+00
       1814      0.209     3.6203   0.057734     0.4781     0.3598 0.0000e+00
       1815      0.212     3.6185   0.054400     0.4494     0.3367 0.0000e+00
       1816      0.213     3.6169   0.052061     0.4293     0.3205 0.0000e+00
       1817      0.213     3.6152   0.050409     0.4151     0.3091 0.0000e+00
       1818      0.213     3.6136   0.049013     0.4032     0.2994 0.0000e+00
       1819      0.215     3.6121   0.047488     0.3902     0.2889 0.0000e+00
       1820      0.218     3.6105   0.045935     0.3769     0.2782 0.0000e+00
       1821      0.219     3.6091   0.044573     0.3653     0.2689 0.0000e+00
       1822      0.215     3.6078   0.043424     0.3555     0.2610 0.0000e+00
       1823      0.213     3.6064   0.042393     0.3468     0.2539 0.0000e+00
       1824      0.215     3.6052   0.041399     0.3383     0.2471 0.0000e+00
       1825      0.220     3.6039   0.040450     0.3303     0.2406 0.0000e+00
       1826      0.223     3.6026   0.039556     0.3227     0.2345 0.0000e+00
       1827      0.224     3.6014   0.038721     0.3156     0.2288 0.0000e+00
       1828      0.226     3.6002   0.037956     0.3092     0.2236 0.0000e+00
       1829      0.230     3.5991   0.037275     0.3034     0.2189 0.0000e+00
       1830      0.232     3.5980   0.036681     0.2984     0.2149 0.0000e+00
       1831      0.234     3.5970   0.036144     0.2939     0.2112 0.0000e+00
       1832      0.235     3.5959   0.035624     0.2895     0.2077 0.0000e+00
       1833      0.231     3.5949   0.035111     0.2851     0.2042 0.0000e+00
       1834      0.227     3.5941   0.034610     0.2809     0.2008 0.0000e+00
       1835      0.225     3.5933   0.034127     0.2769     0.1975 0.0000e+00
       1836      0.225     3.5924   0.033673     0.2730     0.1944 0.0000e+00
       1837      0.224     3.5915   0.033273     0.2697     0.1917 0.0000e+00
       1838      0.221     3.5907   0.032942     0.2669     0.1894 0.0000e+00
       1839      0.219     3.5900   0.032630     0.2643     0.1873 0.0000e+00
       1840      0.217     3.5892   0.032284     0.2614     0.1850 0.0000e+00
       1841      0.217     3.5884   0.031918     0.2583     0.1825 0.0000e+00
       1842      0.219     3.5877   0.031572     0.2554     0.1801 0.0000e+00
       1843      0.220     3.5869   0.031266     0.2528     0.1781 0.0000e+00
       1844      0.218     3.5862   0.030985     0.2505     0.1762 0.0000e+00
       1845      0.215     3.5856   0.030696     0.2481     0.1742 0.0000e+00
       1846      0.216     3.5848   0.030391     0.2455     0.1721 0.0000e+00
