Datasets/Test_Dataset_39219_tow/originals/tel219_2021_071.cnv
* Sea-Bird SBE19plus Data File:
* Filename = C:/AQUIRE/tel219_2021_071.hex
* Software Version AquireV2 AF V2.0
* Temperature SN =  4020
* Conductivity SN =  4020
* System UpLoad Time = May 15 2021 13:17:02
** VESSEL/TRIP/SEQ STN: tel219_2021_071
** LATITUDE: 45 53.52 N
** LONGITUDE: 55 04.30 W
** DATE/TIME: 2021-05-15 12:33
** SOUNDING DEPTH (M): 0143
** PROBE TYPE: S4020
** CTD NUMBER:  71
** FORMAT: T
** COMMENTS: 
# nquan = 7                                 
# nvalues = 2698                        
# units = specified
# name 0 = scan: Scan Count
# name 1 = prdM: Pressure, Strain Gauge [db]
# name 2 = tv290C: Temperature [ITS-90, deg C]
# name 3 = c0S/m: Conductivity [S/m]
# name 4 = sal00: Salinity, Practical [PSU]
# name 5 = sigma-t00: Density [sigma-t, kg/m^3 ]
# name 6 = flag: flag
# span 0 =          1,       2698       
# span 1 =     -0.053,    139.076       
# span 2 =     0.3887,     4.5497       
# span 3 =   0.006758,   3.024307       
# span 4 =     0.0508,    32.7024       
# span 5 =     0.0138,    26.2289       
# span 6 = 0.0000e+00, 0.0000e+00       
# interval = seconds: 1
# start_time = May 15 2021 12:33:17 [Instrument's time stamp, header]
# bad_flag = -9.990e-29
*END*
[from data line 1642]
       1643    138.830     0.4743   2.774206    32.6925    26.2199 0.0000e+00
       1644    138.817     0.4744   2.774215    32.6925    26.2199 0.0000e+00
       1645    138.807     0.4746   2.774230    32.6925    26.2199 0.0000e+00
       1646    138.811     0.4748   2.774241    32.6924    26.2198 0.0000e+00
       1647    138.822     0.4748   2.774248    32.6925    26.2199 0.0000e+00
       1648    138.831     0.4749   2.774249    32.6924    26.2198 0.0000e+00
       1649    138.828     0.4749   2.774248    32.6924    26.2198 0.0000e+00
       1650    138.816     0.4749   2.774252    32.6924    26.2199 0.0000e+00
       1651    138.810     0.4750   2.774258    32.6924    26.2198 0.0000e+00
       1652    138.817     0.4751   2.774262    32.6924    26.2198 0.0000e+00
       1653    138.823     0.4753   2.774265    32.6922    26.2196 0.0000e+00
       1654    138.811     0.4753   2.774270    32.6922    26.2197 0.0000e+00
       1655    138.777     0.4753   2.774276    32.6923    26.2198 0.0000e+00
       1656    138.739     0.4754   2.774277    32.6923    26.2197 0.0000e+00
       1657    138.721     0.4755   2.774280    32.6922    26.2196 0.0000e+00
       1658    138.725     0.4757   2.774290    32.6921    26.2196 0.0000e+00
       1659    138.739     0.4758   2.774296    32.6921    26.2195 0.0000e+00
       1660    138.748     0.4759   2.774298    32.6920    26.2195 0.0000e+00
       1661    138.747     0.4759   2.774304    32.6921    26.2195 0.0000e+00
       1662    138.746     0.4759   2.774308    32.6921    26.2196 0.0000e+00
       1663    138.755     0.4759   2.774308    32.6921    26.2196 0.0000e+00
       1664    138.770     0.4759   2.774314    32.6922    26.2196 0.0000e+00
       1665    138.781     0.4760   2.774323    32.6922    26.2196 0.0000e+00
       1666    138.789     0.4762   2.774328    32.6921    26.2195 0.0000e+00
       1667    138.801     0.4764   2.774338    32.6920    26.2194 0.0000e+00
       1668    138.813     0.4764   2.774346    32.6921    26.2195 0.0000e+00
       1669    138.820     0.4764   2.774346    32.6921    26.2195 0.0000e+00
       1670    138.823     0.4764   2.774342    32.6920    26.2194 0.0000e+00
       1671    138.823     0.4764   2.774341    32.6920    26.2194 0.0000e+00
       1672    138.826     0.4765   2.774352    32.6920    26.2194 0.0000e+00
       1673    138.829     0.4766   2.774359    32.6920    26.2194 0.0000e+00
       1674    138.830     0.4766   2.774355    32.6920    26.2194 0.0000e+00
       1675    138.828     0.4767   2.774353    32.6918    26.2193 0.0000e+00
       1676    138.826     0.4768   2.774362    32.6918    26.2193 0.0000e+00
       1677    138.830     0.4769   2.774374    32.6919    26.2193 0.0000e+00
       1678    138.840     0.4769   2.774384    32.6920    26.2194 0.0000e+00
       1679    138.852     0.4769   2.774388    32.6921    26.2194 0.0000e+00
       1680    138.859     0.4769   2.774389    32.6921    26.2195 0.0000e+00
       1681    138.861     0.4769   2.774389    32.6921    26.2195 0.0000e+00
       1682    138.864     0.4770   2.774387    32.6919    26.2193 0.0000e+00
       1683    138.870     0.4771   2.774392    32.6919    26.2193 0.0000e+00
       1684    138.879     0.4772   2.774398    32.6919    26.2193 0.0000e+00
       1685    138.882     0.4773   2.774400    32.6918    26.2192 0.0000e+00
       1686    138.873     0.4774   2.774404    32.6917    26.2192 0.0000e+00
       1687    138.857     0.4775   2.774416    32.6918    26.2192 0.0000e+00
       1688    138.850     0.4776   2.774420    32.6917    26.2191 0.0000e+00
       1689    138.857     0.4776   2.774415    32.6917    26.2191 0.0000e+00
       1690    138.865     0.4777   2.774417    32.6916    26.2190 0.0000e+00
       1691    138.859     0.4777   2.774417    32.6916    26.2190 0.0000e+00
       1692    138.838     0.4777   2.774414    32.6916    26.2190 0.0000e+00
       1693    138.816     0.4777   2.774415    32.6916    26.2190 0.0000e+00
       1694    138.809     0.4777   2.774425    32.6917    26.2191 0.0000e+00
       1695    138.823     0.4778   2.774431    32.6917    26.2191 0.0000e+00
       1696    138.839     0.4778   2.774433    32.6917    26.2191 0.0000e+00
       1697    138.840     0.4779   2.774436    32.6916    26.2190 0.0000e+00
       1698    138.824     0.4779   2.774438    32.6917    26.2191 0.0000e+00
       1699    138.804     0.4779   2.774439    32.6917    26.2191 0.0000e+00
       1700    138.798     0.4779   2.774441    32.6917    26.2191 0.0000e+00
       1701    138.810     0.4779   2.774441    32.6917    26.2191 0.0000e+00
       1702    138.824     0.4779   2.774444    32.6917    26.2191 0.0000e+00
       1703    138.819     0.4779   2.774443    32.6917    26.2191 0.0000e+00
       1704    138.793     0.4779   2.774440    32.6917    26.2191 0.0000e+00
       1705    138.757     0.4779   2.774443    32.6918    26.2192 0.0000e+00
       1706    138.736     0.4781   2.774450    32.6917    26.2191 0.0000e+00
       1707    138.749     0.4783   2.774459    32.6916    26.2190 0.0000e+00
       1708    138.778     0.4783   2.774469    32.6917    26.2191 0.0000e+00
       1709    138.793     0.4783   2.774473    32.6917    26.2191 0.0000e+00
       1710    138.787     0.4783   2.774470    32.6917    26.2191 0.0000e+00
       1711    138.775     0.4784   2.774468    32.6916    26.2190 0.0000e+00
       1712    138.775     0.4784   2.774476    32.6917    26.2190 0.0000e+00
       1713    138.788     0.4786   2.774491    32.6916    26.2190 0.0000e+00
       1714    138.802     0.4788   2.774499    32.6915    26.2189 0.0000e+00
       1715    138.805     0.4789   2.774502    32.6915    26.2188 0.0000e+00
       1716    138.797     0.4789   2.774503    32.6915    26.2189 0.0000e+00
       1717    138.786     0.4789   2.774505    32.6915    26.2189 0.0000e+00
       1718    138.784     0.4789   2.774511    32.6916    26.2190 0.0000e+00
       1719    138.799     0.4791   2.774527    32.6916    26.2189 0.0000e+00
       1720    138.825     0.4794   2.774538    32.6914    26.2188 0.0000e+00
       1721    138.843     0.4794   2.774534    32.6913    26.2187 0.0000e+00
       1722    138.843     0.4793   2.774529    32.6914    26.2188 0.0000e+00
       1723    138.831     0.4794   2.774531    32.6913    26.2187 0.0000e+00
       1724    138.819     0.4795   2.774541    32.6913    26.2187 0.0000e+00
       1725    138.817     0.4797   2.774562    32.6914    26.2187 0.0000e+00
       1726    138.826     0.4799   2.774580    32.6914    26.2187 0.0000e+00
       1727    138.831     0.4799   2.774585    32.6915    26.2188 0.0000e+00
       1728    138.825     0.4799   2.774582    32.6914    26.2188 0.0000e+00
       1729    138.815     0.4801   2.774588    32.6913    26.2187 0.0000e+00
       1730    138.814     0.4803   2.774586    32.6911    26.2185 0.0000e+00
       1731    138.828     0.4805   2.774587    32.6908    26.2183 0.0000e+00
       1732    138.847     0.4807   2.774611    32.6909    26.2183 0.0000e+00
       1733    138.857     0.4808   2.774625    32.6910    26.2184 0.0000e+00
       1734    138.852     0.4808   2.774608    32.6908    26.2182 0.0000e+00
       1735    138.835     0.4808   2.774595    32.6906    26.2181 0.0000e+00
       1736    138.816     0.4808   2.774613    32.6909    26.2183 0.0000e+00
       1737    138.807     0.4809   2.774628    32.6910    26.2184 0.0000e+00
       1738    138.814     0.4809   2.774635    32.6911    26.2184 0.0000e+00
       1739    138.830     0.4809   2.774655    32.6913    26.2186 0.0000e+00
       1740    138.831     0.4811   2.774661    32.6912    26.2185 0.0000e+00
       1741    138.801     0.4812   2.774658    32.6910    26.2184 0.0000e+00
       1742    138.753     0.4813   2.774662    32.6910    26.2184 0.0000e+00
       1743    138.719     0.4814   2.774671    32.6910    26.2184 0.0000e+00
       1744    138.720     0.4814   2.774686    32.6912    26.2185 0.0000e+00
       1745    138.741     0.4816   2.774702    32.6912    26.2185 0.0000e+00
       1746    138.749     0.4817   2.774702    32.6911    26.2184 0.0000e+00
       1747    138.724     0.4816   2.774687    32.6910    26.2184 0.0000e+00
       1748    138.680     0.4815   2.774678    32.6911    26.2184 0.0000e+00
       1749    138.646     0.4816   2.774683    32.6910    26.2184 0.0000e+00
       1750    138.644     0.4818   2.774687    32.6909    26.2182 0.0000e+00
       1751    138.667     0.4818   2.774690    32.6909    26.2183 0.0000e+00
       1752    138.681     0.4818   2.774694    32.6909    26.2183 0.0000e+00
       1753    138.660     0.4818   2.774689    32.6909    26.2182 0.0000e+00
       1754    138.613     0.4816   2.774676    32.6910    26.2183 0.0000e+00
       1755    138.570     0.4814   2.774668    32.6911    26.2184 0.0000e+00
       1756    138.557     0.4814   2.774671    32.6911    26.2185 0.0000e+00
       1757    138.575     0.4816   2.774682    32.6911    26.2184 0.0000e+00
       1758    138.598     0.4818   2.774695    32.6910    26.2183 0.0000e+00
       1759    138.601     0.4819   2.774704    32.6910    26.2183 0.0000e+00
       1760    138.584     0.4819   2.774700    32.6910    26.2183 0.0000e+00
       1761    138.562     0.4818   2.774679    32.6908    26.2182 0.0000e+00
       1762    138.550     0.4815   2.774659    32.6909    26.2183 0.0000e+00
       1763    138.556     0.4814   2.774655    32.6909    26.2183 0.0000e+00
       1764    138.566     0.4814   2.774662    32.6910    26.2184 0.0000e+00
       1765    138.563     0.4817   2.774674    32.6909    26.2182 0.0000e+00
       1766    138.550     0.4819   2.774683    32.6908    26.2181 0.0000e+00
       1767    138.541     0.4820   2.774693    32.6908    26.2182 0.0000e+00
       1768    138.544     0.4821   2.774700    32.6908    26.2181 0.0000e+00
       1769    138.555     0.4821   2.774683    32.6906    26.2180 0.0000e+00
       1770    138.567     0.4821   2.774673    32.6904    26.2178 0.0000e+00
       1771    138.572     0.4822   2.774700    32.6907    26.2180 0.0000e+00
       1772    138.571     0.4824   2.774726    32.6908    26.2181 0.0000e+00
       1773    138.568     0.4824   2.774733    32.6909    26.2182 0.0000e+00
       1774    138.566     0.4824   2.774724    32.6908    26.2181 0.0000e+00
       1775    138.567     0.4824   2.774716    32.6907    26.2180 0.0000e+00
       1776    138.571     0.4824   2.774722    32.6907    26.2181 0.0000e+00
       1777    138.578     0.4827   2.774740    32.6906    26.2180 0.0000e+00
       1778    138.588     0.4829   2.774759    32.6907    26.2180 0.0000e+00
       1779    138.597     0.4829   2.774762    32.6907    26.2180 0.0000e+00
       1780    138.597     0.4827   2.774745    32.6907    26.2180 0.0000e+00
       1781    138.594     0.4825   2.774725    32.6907    26.2180 0.0000e+00
       1782    138.598     0.4824   2.774713    32.6906    26.2180 0.0000e+00
       1783    138.609     0.4824   2.774710    32.6906    26.2179 0.0000e+00
       1784    138.625     0.4825   2.774720    32.6906    26.2180 0.0000e+00
       1785    138.632     0.4827   2.774744    32.6907    26.2180 0.0000e+00
       1786    138.628     0.4829   2.774759    32.6907    26.2180 0.0000e+00
       1787    138.624     0.4829   2.774765    32.6907    26.2181 0.0000e+00
       1788    138.625     0.4832   2.774785    32.6907    26.2180 0.0000e+00
       1789    138.631     0.4836   2.774815    32.6906    26.2179 0.0000e+00
       1790    138.644     0.4839   2.774836    32.6906    26.2179 0.0000e+00
       1791    138.657     0.4840   2.774846    32.6906    26.2179 0.0000e+00
       1792    138.660     0.4843   2.774867    32.6906    26.2178 0.0000e+00
       1793    138.658     0.4848   2.774900    32.6905    26.2177 0.0000e+00
       1794    138.662     0.4849   2.774916    32.6906    26.2178 0.0000e+00
       1795    138.674     0.4848   2.774898    32.6904    26.2177 0.0000e+00
       1796    138.689     0.4843   2.774862    32.6905    26.2178 0.0000e+00
       1797    138.705     0.4840   2.774844    32.6906    26.2179 0.0000e+00
       1798    138.716     0.4839   2.774844    32.6906    26.2179 0.0000e+00
       1799    138.716     0.4839   2.774849    32.6907    26.2180 0.0000e+00
       1800    138.716     0.4841   2.774856    32.6906    26.2179 0.0000e+00
       1801    138.726     0.4845   2.774868    32.6903    26.2176 0.0000e+00
       1802    138.739     0.4850   2.774914    32.6904    26.2177 0.0000e+00
       1803    138.748     0.4857   2.774972    32.6904    26.2176 0.0000e+00
       1804    138.756     0.4860   2.774996    32.6904    26.2176 0.0000e+00
       1805    138.762     0.4863   2.774999    32.6901    26.2174 0.0000e+00
       1806    138.761     0.4864   2.775011    32.6901    26.2174 0.0000e+00
       1807    138.758     0.4865   2.775027    32.6902    26.2175 0.0000e+00
       1808    138.762     0.4867   2.775038    32.6902    26.2174 0.0000e+00
       1809    138.771     0.4867   2.775040    32.6902    26.2174 0.0000e+00
       1810    138.772     0.4868   2.775046    32.6902    26.2174 0.0000e+00
       1811    138.766     0.4869   2.775057    32.6902    26.2174 0.0000e+00
       1812    138.766     0.4872   2.775077    32.6902    26.2174 0.0000e+00
       1813    138.777     0.4875   2.775100    32.6901    26.2173 0.0000e+00
       1814    138.788     0.4877   2.775114    32.6901    26.2173 0.0000e+00
       1815    138.795     0.4877   2.775118    32.6901    26.2173 0.0000e+00
       1816    138.798     0.4876   2.775117    32.6902    26.2174 0.0000e+00
       1817    138.801     0.4875   2.775116    32.6903    26.2175 0.0000e+00
       1818    138.808     0.4875   2.775118    32.6903    26.2175 0.0000e+00
       1819    138.819     0.4877   2.775125    32.6902    26.2174 0.0000e+00
       1820    138.826     0.4879   2.775135    32.6901    26.2173 0.0000e+00
       1821    138.818     0.4882   2.775155    32.6901    26.2172 0.0000e+00
       1822    138.797     0.4886   2.775182    32.6900    26.2172 0.0000e+00
       1823    138.779     0.4888   2.775204    32.6901    26.2172 0.0000e+00
       1824    138.778     0.4890   2.775220    32.6901    26.2172 0.0000e+00
       1825    138.792     0.4894   2.775238    32.6899    26.2170 0.0000e+00
       1826    138.806     0.4895   2.775245    32.6899    26.2170 0.0000e+00
       1827    138.799     0.4896   2.775244    32.6898    26.2169 0.0000e+00
       1828    138.772     0.4898   2.775251    32.6897    26.2168 0.0000e+00
       1829    138.752     0.4899   2.775276    32.6899    26.2170 0.0000e+00
       1830    138.754     0.4900   2.775299    32.6901    26.2172 0.0000e+00
       1831    138.771     0.4902   2.775305    32.6899    26.2170 0.0000e+00
       1832    138.784     0.4903   2.775300    32.6898    26.2169 0.0000e+00
       1833    138.778     0.4904   2.775295    32.6896    26.2167 0.0000e+00
       1834    138.764     0.4905   2.775302    32.6896    26.2167 0.0000e+00
       1835    138.759     0.4906   2.775320    32.6897    26.2168 0.0000e+00
       1836    138.771     0.4909   2.775341    32.6897    26.2168 0.0000e+00
       1837    138.802     0.4912   2.775370    32.6897    26.2168 0.0000e+00
       1838    138.851     0.4917   2.775423    32.6898    26.2169 0.0000e+00
       1839    138.915     0.4920   2.775454    32.6899    26.2169 0.0000e+00
       1840    138.982     0.4920   2.775449    32.6898    26.2168 0.0000e+00
       1841    139.037     0.4920   2.775451    32.6898    26.2168 0.0000e+00
       1842    139.069     0.4922   2.775473    32.6898    26.2168 0.0000e+00
       1843    139.076     0.4925   2.775493    32.6898    26.2168 0.0000e+00
       1844    139.056     0.4927   2.775499    32.6896    26.2167 0.0000e+00
       1845    139.005     0.4929   2.775506    32.6896    26.2166 0.0000e+00
       1846    138.916     0.4932   2.775534    32.6896    26.2166 0.0000e+00
