Datasets/Test_Dataset_39219_tow/originals/tel219_2021_015.cnv
* Sea-Bird SBE19plus Data File:
* Filename = C:/AQUIRE/tel219_2021_015.hex
* Software Version AquireV2 AF V2.0
* Temperature SN =  4020
* Conductivity SN =  4020
* System UpLoad Time = May 07 2021 12:03:26
** VESSEL/TRIP/SEQ STN: tel219_2021_015
** LATITUDE: 46 29.99 N
** LONGITUDE: 56 28.87 W
** DATE/TIME: 2021-05-07 11:23
** SOUNDING DEPTH (M): 0058
** PROBE TYPE: S4020
** CTD NUMBER:  15
** FORMAT: T
** COMMENTS: 
# nquan = 7                                 
# nvalues = 2440                        
# units = specified
# name 0 = scan: Scan Count
# name 1 = prdM: Pressure, Strain Gauge [db]
# name 2 = tv290C: Temperature [ITS-90, deg C]
# name 3 = c0S/m: Conductivity [S/m]
# name 4 = sal00: Salinity, Practical [PSU]
# name 5 = sigma-t00: Density [sigma-t, kg/m^3 ]
# name 6 = flag: flag
# span 0 =          1,       2440       
# span 1 =     -0.166,     55.370       
# span 2 =     2.4451,     4.1311       
# span 3 =   0.005456,   2.939414       
# span 4 =     0.0410,    32.0550       
# span 5 =     0.0079,    25.5708       
# span 6 = 0.0000e+00, 0.0000e+00       
# interval = seconds: 1
# start_time = May 07 2021 11:23:10 [Instrument's time stamp, header]
# bad_flag = -9.990e-29
*END*
[from data line 821]
        822     54.553     2.4627   2.880936    32.0362    25.5633 0.0000e+00
        823     54.565     2.4631   2.880907    32.0355    25.5626 0.0000e+00
        824     54.576     2.4665   2.881254    32.0363    25.5630 0.0000e+00
        825     54.548     2.4703   2.881593    32.0367    25.5630 0.0000e+00
        826     54.470     2.4751   2.881893    32.0356    25.5618 0.0000e+00
        827     54.378     2.4833   2.882453    32.0343    25.5601 0.0000e+00
        828     54.334     2.4909   2.882989    32.0332    25.5587 0.0000e+00
        829     54.360     2.4945   2.883234    32.0326    25.5579 0.0000e+00
        830     54.418     2.4971   2.883377    32.0317    25.5570 0.0000e+00
        831     54.461     2.5031   2.883748    32.0302    25.5553 0.0000e+00
        832     54.473     2.5094   2.884295    32.0306    25.5551 0.0000e+00
        833     54.465     2.5067   2.884187    32.0320    25.5565 0.0000e+00
        834     54.457     2.4943   2.883156    32.0318    25.5573 0.0000e+00
        835     54.469     2.4821   2.882183    32.0321    25.5585 0.0000e+00
        836     54.508     2.4774   2.881910    32.0334    25.5599 0.0000e+00
        837     54.554     2.4791   2.882111    32.0342    25.5604 0.0000e+00
        838     54.573     2.4817   2.882401    32.0351    25.5609 0.0000e+00
        839     54.549     2.4822   2.882455    32.0353    25.5610 0.0000e+00
        840     54.495     2.4808   2.882303    32.0349    25.5608 0.0000e+00
        841     54.440     2.4768   2.881935    32.0344    25.5607 0.0000e+00
        842     54.421     2.4693   2.881268    32.0337    25.5608 0.0000e+00
        843     54.455     2.4625   2.880762    32.0343    25.5618 0.0000e+00
        844     54.511     2.4598   2.880727    32.0366    25.5638 0.0000e+00
        845     54.535     2.4603   2.880923    32.0385    25.5653 0.0000e+00
        846     54.502     2.4616   2.881036    32.0386    25.5652 0.0000e+00
        847     54.436     2.4622   2.880955    32.0370    25.5639 0.0000e+00
        848     54.395     2.4607   2.880707    32.0355    25.5628 0.0000e+00
        849     54.407     2.4581   2.880442    32.0349    25.5625 0.0000e+00
        850     54.434     2.4564   2.880358    32.0355    25.5632 0.0000e+00
        851     54.431     2.4558   2.880390    32.0365    25.5640 0.0000e+00
        852     54.409     2.4559   2.880373    32.0362    25.5638 0.0000e+00
        853     54.406     2.4570   2.880406    32.0355    25.5631 0.0000e+00
        854     54.436     2.4603   2.880646    32.0351    25.5626 0.0000e+00
        855     54.480     2.4653   2.880996    32.0344    25.5616 0.0000e+00
        856     54.510     2.4692   2.881273    32.0339    25.5609 0.0000e+00
        857     54.523     2.4711   2.881397    32.0335    25.5604 0.0000e+00
        858     54.535     2.4713   2.881422    32.0336    25.5605 0.0000e+00
        859     54.554     2.4699   2.881324    32.0338    25.5607 0.0000e+00
        860     54.574     2.4665   2.881069    32.0340    25.5612 0.0000e+00
        861     54.575     2.4634   2.880857    32.0345    25.5619 0.0000e+00
        862     54.554     2.4623   2.880799    32.0349    25.5623 0.0000e+00
        863     54.535     2.4610   2.880707    32.0351    25.5625 0.0000e+00
        864     54.543     2.4587   2.880491    32.0348    25.5624 0.0000e+00
        865     54.576     2.4575   2.880392    32.0348    25.5625 0.0000e+00
        866     54.608     2.4582   2.880502    32.0354    25.5629 0.0000e+00
        867     54.614     2.4591   2.880631    32.0361    25.5634 0.0000e+00
        868     54.586     2.4587   2.880637    32.0366    25.5638 0.0000e+00
        869     54.540     2.4571   2.880495    32.0364    25.5639 0.0000e+00
        870     54.510     2.4552   2.880280    32.0357    25.5634 0.0000e+00
        871     54.519     2.4533   2.880086    32.0353    25.5632 0.0000e+00
        872     54.552     2.4519   2.880009    32.0357    25.5637 0.0000e+00
        873     54.565     2.4518   2.880080    32.0367    25.5644 0.0000e+00
        874     54.515     2.4526   2.880192    32.0373    25.5649 0.0000e+00
        875     54.408     2.4531   2.880182    32.0367    25.5644 0.0000e+00
        876     54.314     2.4529   2.880084    32.0357    25.5636 0.0000e+00
        877     54.288     2.4523   2.880016    32.0355    25.5635 0.0000e+00
        878     54.300     2.4516   2.880006    32.0361    25.5640 0.0000e+00
        879     54.292     2.4512   2.880064    32.0372    25.5649 0.0000e+00
        880     54.245     2.4517   2.880082    32.0370    25.5647 0.0000e+00
        881     54.199     2.4533   2.880100    32.0356    25.5635 0.0000e+00
        882     54.199     2.4555   2.880241    32.0351    25.5629 0.0000e+00
        883     54.240     2.4566   2.880322    32.0350    25.5627 0.0000e+00
        884     54.281     2.4558   2.880255    32.0349    25.5628 0.0000e+00
        885     54.294     2.4544   2.880159    32.0352    25.5631 0.0000e+00
        886     54.289     2.4530   2.880053    32.0353    25.5632 0.0000e+00
        887     54.296     2.4519   2.879957    32.0352    25.5633 0.0000e+00
        888     54.323     2.4516   2.879934    32.0352    25.5633 0.0000e+00
        889     54.355     2.4516   2.879954    32.0354    25.5635 0.0000e+00
        890     54.377     2.4512   2.879935    32.0356    25.5636 0.0000e+00
        891     54.385     2.4505   2.879885    32.0357    25.5638 0.0000e+00
        892     54.387     2.4501   2.879868    32.0359    25.5639 0.0000e+00
        893     54.391     2.4508   2.879898    32.0355    25.5636 0.0000e+00
        894     54.407     2.4524   2.880011    32.0353    25.5633 0.0000e+00
        895     54.442     2.4547   2.880175    32.0350    25.5629 0.0000e+00
        896     54.491     2.4559   2.880252    32.0347    25.5626 0.0000e+00
        897     54.532     2.4558   2.880242    32.0346    25.5625 0.0000e+00
        898     54.541     2.4548   2.880189    32.0350    25.5629 0.0000e+00
        899     54.520     2.4528   2.880048    32.0353    25.5633 0.0000e+00
        900     54.499     2.4503   2.879841    32.0353    25.5635 0.0000e+00
        901     54.506     2.4478   2.879651    32.0354    25.5638 0.0000e+00
        902     54.541     2.4462   2.879549    32.0358    25.5642 0.0000e+00
        903     54.582     2.4456   2.879537    32.0362    25.5646 0.0000e+00
        904     54.611     2.4453   2.879540    32.0365    25.5649 0.0000e+00
        905     54.628     2.4451   2.879511    32.0364    25.5647 0.0000e+00
        906     54.645     2.4454   2.879516    32.0361    25.5645 0.0000e+00
        907     54.667     2.4463   2.879597    32.0362    25.5645 0.0000e+00
        908     54.691     2.4476   2.879680    32.0359    25.5642 0.0000e+00
        909     54.707     2.4483   2.879707    32.0355    25.5638 0.0000e+00
        910     54.713     2.4481   2.879689    32.0355    25.5638 0.0000e+00
        911     54.726     2.4478   2.879676    32.0356    25.5639 0.0000e+00
        912     54.755     2.4476   2.879666    32.0357    25.5640 0.0000e+00
        913     54.795     2.4470   2.879615    32.0356    25.5640 0.0000e+00
        914     54.830     2.4466   2.879588    32.0357    25.5641 0.0000e+00
        915     54.853     2.4468   2.879611    32.0358    25.5641 0.0000e+00
        916     54.873     2.4470   2.879617    32.0356    25.5640 0.0000e+00
        917     54.897     2.4470   2.879624    32.0357    25.5641 0.0000e+00
        918     54.913     2.4472   2.879647    32.0358    25.5641 0.0000e+00
        919     54.912     2.4472   2.879650    32.0358    25.5641 0.0000e+00
        920     54.896     2.4470   2.879631    32.0358    25.5641 0.0000e+00
        921     54.882     2.4477   2.879675    32.0356    25.5639 0.0000e+00
        922     54.891     2.4488   2.879768    32.0357    25.5639 0.0000e+00
        923     54.929     2.4492   2.879783    32.0354    25.5637 0.0000e+00
        924     54.971     2.4488   2.879745    32.0353    25.5636 0.0000e+00
        925     54.981     2.4485   2.879734    32.0355    25.5638 0.0000e+00
        926     54.956     2.4488   2.879751    32.0354    25.5637 0.0000e+00
        927     54.934     2.4496   2.879814    32.0354    25.5636 0.0000e+00
        928     54.946     2.4501   2.879874    32.0356    25.5638 0.0000e+00
        929     54.980     2.4496   2.879831    32.0356    25.5638 0.0000e+00
        930     55.007     2.4486   2.879733    32.0354    25.5637 0.0000e+00
        931     55.011     2.4478   2.879684    32.0356    25.5639 0.0000e+00
        932     55.010     2.4477   2.879675    32.0356    25.5639 0.0000e+00
        933     55.032     2.4474   2.879654    32.0356    25.5639 0.0000e+00
        934     55.073     2.4467   2.879603    32.0357    25.5640 0.0000e+00
        935     55.106     2.4469   2.879597    32.0354    25.5638 0.0000e+00
        936     55.124     2.4490   2.879777    32.0355    25.5637 0.0000e+00
        937     55.134     2.4520   2.880036    32.0356    25.5636 0.0000e+00
        938     55.146     2.4567   2.880280    32.0339    25.5619 0.0000e+00
        939     55.164     2.4678   2.881106    32.0329    25.5602 0.0000e+00
        940     55.188     2.4793   2.882146    32.0341    25.5603 0.0000e+00
        941     55.212     2.4802   2.882110    32.0327    25.5591 0.0000e+00
        942     55.233     2.4764   2.881589    32.0301    25.5573 0.0000e+00
        943     55.252     2.4800   2.881866    32.0299    25.5569 0.0000e+00
        944     55.271     2.4876   2.882597    32.0312    25.5573 0.0000e+00
        945     55.292     2.4899   2.882765    32.0310    25.5569 0.0000e+00
        946     55.316     2.4897   2.882599    32.0291    25.5555 0.0000e+00
        947     55.335     2.4911   2.882821    32.0304    25.5564 0.0000e+00
        948     55.346     2.4886   2.882790    32.0326    25.5583 0.0000e+00
        949     55.346     2.4790   2.881966    32.0321    25.5587 0.0000e+00
        950     55.337     2.4673   2.881033    32.0324    25.5598 0.0000e+00
        951     55.333     2.4594   2.880505    32.0338    25.5616 0.0000e+00
        952     55.342     2.4556   2.880294    32.0351    25.5629 0.0000e+00
        953     55.358     2.4534   2.880157    32.0356    25.5635 0.0000e+00
        954     55.370     2.4514   2.880001    32.0357    25.5637 0.0000e+00
        955     55.369     2.4507   2.879949    32.0357    25.5638 0.0000e+00
        956     55.355     2.4516   2.880024    32.0358    25.5637 0.0000e+00
        957     55.333     2.4524   2.880086    32.0357    25.5637 0.0000e+00
        958     55.311     2.4522   2.880057    32.0356    25.5636 0.0000e+00
        959     55.297     2.4511   2.879963    32.0355    25.5636 0.0000e+00
        960     55.293     2.4499   2.879878    32.0357    25.5638 0.0000e+00
        961     55.287     2.4493   2.879834    32.0358    25.5639 0.0000e+00
        962     55.268     2.4501   2.879900    32.0358    25.5639 0.0000e+00
        963     55.239     2.4514   2.880021    32.0360    25.5639 0.0000e+00
        964     55.216     2.4518   2.880030    32.0357    25.5637 0.0000e+00
        965     55.212     2.4509   2.879956    32.0357    25.5637 0.0000e+00
        966     55.219     2.4498   2.879862    32.0356    25.5638 0.0000e+00
        967     55.225     2.4492   2.879804    32.0355    25.5637 0.0000e+00
        968     55.225     2.4491   2.879808    32.0357    25.5639 0.0000e+00
        969     55.221     2.4489   2.879798    32.0358    25.5640 0.0000e+00
        970     55.209     2.4484   2.879759    32.0358    25.5640 0.0000e+00
        971     55.190     2.4486   2.879767    32.0357    25.5639 0.0000e+00
        972     55.175     2.4494   2.879835    32.0357    25.5639 0.0000e+00
        973     55.177     2.4497   2.879846    32.0356    25.5637 0.0000e+00
        974     55.187     2.4497   2.879800    32.0350    25.5633 0.0000e+00
        975     55.190     2.4505   2.879864    32.0350    25.5632 0.0000e+00
        976     55.176     2.4513   2.879965    32.0354    25.5635 0.0000e+00
        977     55.160     2.4505   2.879907    32.0355    25.5636 0.0000e+00
        978     55.159     2.4489   2.879765    32.0354    25.5637 0.0000e+00
        979     55.169     2.4486   2.879746    32.0354    25.5637 0.0000e+00
        980     55.173     2.4495   2.879832    32.0356    25.5638 0.0000e+00
        981     55.168     2.4497   2.879852    32.0356    25.5638 0.0000e+00
        982     55.159     2.4486   2.879759    32.0356    25.5639 0.0000e+00
        983     55.148     2.4474   2.879673    32.0358    25.5641 0.0000e+00
        984     55.139     2.4468   2.879632    32.0359    25.5642 0.0000e+00
        985     55.140     2.4465   2.879603    32.0358    25.5642 0.0000e+00
        986     55.157     2.4466   2.879612    32.0358    25.5642 0.0000e+00
        987     55.175     2.4469   2.879636    32.0358    25.5641 0.0000e+00
        988     55.175     2.4471   2.879651    32.0358    25.5641 0.0000e+00
        989     55.156     2.4472   2.879653    32.0357    25.5641 0.0000e+00
        990     55.132     2.4476   2.879663    32.0355    25.5638 0.0000e+00
        991     55.118     2.4499   2.879811    32.0350    25.5632 0.0000e+00
        992     55.116     2.4547   2.880218    32.0351    25.5630 0.0000e+00
        993     55.121     2.4590   2.880581    32.0353    25.5628 0.0000e+00
        994     55.126     2.4589   2.880504    32.0344    25.5621 0.0000e+00
        995     55.134     2.4558   2.880224    32.0341    25.5621 0.0000e+00
        996     55.144     2.4530   2.880037    32.0346    25.5627 0.0000e+00
        997     55.152     2.4512   2.879925    32.0350    25.5632 0.0000e+00
        998     55.157     2.4507   2.879895    32.0352    25.5633 0.0000e+00
        999     55.156     2.4512   2.879931    32.0351    25.5633 0.0000e+00
       1000     55.145     2.4528   2.880043    32.0349    25.5630 0.0000e+00
       1001     55.134     2.4551   2.880218    32.0347    25.5627 0.0000e+00
       1002     55.135     2.4581   2.880446    32.0345    25.5623 0.0000e+00
       1003     55.148     2.4615   2.880710    32.0343    25.5618 0.0000e+00
       1004     55.156     2.4631   2.880856    32.0345    25.5619 0.0000e+00
       1005     55.144     2.4619   2.880736    32.0343    25.5618 0.0000e+00
       1006     55.123     2.4603   2.880605    32.0343    25.5619 0.0000e+00
       1007     55.114     2.4597   2.880617    32.0350    25.5625 0.0000e+00
       1008     55.114     2.4578   2.880453    32.0349    25.5626 0.0000e+00
       1009     55.100     2.4549   2.880204    32.0348    25.5627 0.0000e+00
       1010     55.064     2.4533   2.880124    32.0354    25.5633 0.0000e+00
       1011     55.020     2.4530   2.880102    32.0355    25.5634 0.0000e+00
       1012     54.999     2.4528   2.880071    32.0353    25.5633 0.0000e+00
       1013     55.011     2.4528   2.880055    32.0351    25.5631 0.0000e+00
       1014     55.028     2.4528   2.880057    32.0351    25.5631 0.0000e+00
       1015     55.022     2.4530   2.880072    32.0351    25.5631 0.0000e+00
       1016     55.003     2.4527   2.880054    32.0352    25.5632 0.0000e+00
       1017     54.999     2.4518   2.879964    32.0350    25.5631 0.0000e+00
       1018     55.018     2.4522   2.879985    32.0348    25.5630 0.0000e+00
       1019     55.037     2.4537   2.880140    32.0352    25.5632 0.0000e+00
       1020     55.041     2.4550   2.880217    32.0349    25.5628 0.0000e+00
       1021     55.036     2.4569   2.880327    32.0343    25.5622 0.0000e+00
       1022     55.035     2.4589   2.880538    32.0349    25.5625 0.0000e+00
       1023     55.044     2.4585   2.880541    32.0353    25.5629 0.0000e+00
       1024     55.060     2.4559   2.880277    32.0347    25.5626 0.0000e+00
       1025     55.071     2.4552   2.880166    32.0340    25.5621 0.0000e+00
