Datasets/Test_Dataset_39219_tow/originals/tel219_2021_023.cnv
* Sea-Bird SBE19plus Data File:
* Filename = C:/AQUIRE/tel219_2021_023.hex
* Software Version AquireV2 AF V2.0
* Temperature SN =  4020
* Conductivity SN =  4020
* System UpLoad Time = May 08 2021 07:11:34
** VESSEL/TRIP/SEQ STN: tel219_2021_023
** LATITUDE: 46 29.44 N
** LONGITUDE: 57 07.00 W
** DATE/TIME: 2021-05-08 06:36
** SOUNDING DEPTH (M): 0046
** PROBE TYPE: S4020
** CTD NUMBER:  23
** FORMAT: T
** COMMENTS: 
# nquan = 7                                 
# nvalues = 2202                        
# units = specified
# name 0 = scan: Scan Count
# name 1 = prdM: Pressure, Strain Gauge [db]
# name 2 = tv290C: Temperature [ITS-90, deg C]
# name 3 = c0S/m: Conductivity [S/m]
# name 4 = sal00: Salinity, Practical [PSU]
# name 5 = sigma-t00: Density [sigma-t, kg/m^3 ]
# name 6 = flag: flag
# span 0 =          1,       2202       
# span 1 =     -0.154,     43.735       
# span 2 =     3.4166,     3.9440       
# span 3 =   0.005739,   2.973233       
# span 4 =     0.0434,    31.9131       
# span 5 =     0.0100,    25.3677       
# span 6 = 0.0000e+00, 0.0000e+00       
# interval = seconds: 1
# start_time = May 08 2021 06:36:05 [Instrument's time stamp, header]
# bad_flag = -9.990e-29
*END*
[from data line 1231]
       1232     42.348     3.4254   2.947208    31.8888    25.3653 0.0000e+00
       1233     42.338     3.4257   2.947244    31.8889    25.3654 0.0000e+00
       1234     42.331     3.4263   2.947292    31.8889    25.3653 0.0000e+00
       1235     42.332     3.4270   2.947358    31.8890    25.3653 0.0000e+00
       1236     42.349     3.4279   2.947456    31.8893    25.3655 0.0000e+00
       1237     42.379     3.4287   2.947525    31.8893    25.3654 0.0000e+00
       1238     42.410     3.4291   2.947548    31.8892    25.3653 0.0000e+00
       1239     42.436     3.4293   2.947571    31.8892    25.3653 0.0000e+00
       1240     42.447     3.4296   2.947592    31.8892    25.3653 0.0000e+00
       1241     42.439     3.4295   2.947577    31.8891    25.3652 0.0000e+00
       1242     42.417     3.4290   2.947514    31.8889    25.3651 0.0000e+00
       1243     42.392     3.4282   2.947435    31.8887    25.3650 0.0000e+00
       1244     42.374     3.4275   2.947381    31.8888    25.3651 0.0000e+00
       1245     42.365     3.4271   2.947346    31.8888    25.3651 0.0000e+00
       1246     42.369     3.4269   2.947316    31.8886    25.3650 0.0000e+00
       1247     42.387     3.4265   2.947302    31.8888    25.3652 0.0000e+00
       1248     42.409     3.4261   2.947277    31.8889    25.3653 0.0000e+00
       1249     42.419     3.4258   2.947240    31.8887    25.3652 0.0000e+00
       1250     42.413     3.4257   2.947224    31.8886    25.3652 0.0000e+00
       1251     42.393     3.4255   2.947214    31.8887    25.3653 0.0000e+00
       1252     42.361     3.4251   2.947179    31.8887    25.3653 0.0000e+00
       1253     42.328     3.4247   2.947136    31.8886    25.3652 0.0000e+00
       1254     42.318     3.4245   2.947113    31.8885    25.3652 0.0000e+00
       1255     42.336     3.4246   2.947125    31.8886    25.3652 0.0000e+00
       1256     42.371     3.4249   2.947160    31.8887    25.3653 0.0000e+00
       1257     42.406     3.4253   2.947199    31.8887    25.3653 0.0000e+00
       1258     42.422     3.4255   2.947222    31.8888    25.3653 0.0000e+00
       1259     42.415     3.4257   2.947240    31.8888    25.3653 0.0000e+00
       1260     42.391     3.4261   2.947269    31.8888    25.3653 0.0000e+00
       1261     42.360     3.4263   2.947289    31.8889    25.3653 0.0000e+00
       1262     42.337     3.4261   2.947264    31.8888    25.3652 0.0000e+00
       1263     42.331     3.4255   2.947206    31.8887    25.3652 0.0000e+00
       1264     42.331     3.4250   2.947156    31.8886    25.3652 0.0000e+00
       1265     42.323     3.4249   2.947143    31.8885    25.3651 0.0000e+00
       1266     42.310     3.4249   2.947150    31.8886    25.3652 0.0000e+00
       1267     42.300     3.4250   2.947173    31.8888    25.3653 0.0000e+00
       1268     42.304     3.4252   2.947197    31.8889    25.3654 0.0000e+00
       1269     42.331     3.4251   2.947184    31.8888    25.3654 0.0000e+00
       1270     42.366     3.4248   2.947138    31.8885    25.3652 0.0000e+00
       1271     42.385     3.4246   2.947113    31.8884    25.3651 0.0000e+00
       1272     42.385     3.4247   2.947136    31.8886    25.3652 0.0000e+00
       1273     42.368     3.4253   2.947190    31.8887    25.3652 0.0000e+00
       1274     42.347     3.4257   2.947231    31.8888    25.3653 0.0000e+00
       1275     42.329     3.4257   2.947218    31.8886    25.3652 0.0000e+00
       1276     42.311     3.4255   2.947203    31.8886    25.3652 0.0000e+00
       1277     42.303     3.4254   2.947211    31.8888    25.3654 0.0000e+00
       1278     42.319     3.4257   2.947224    31.8887    25.3652 0.0000e+00
       1279     42.356     3.4260   2.947243    31.8886    25.3651 0.0000e+00
       1280     42.392     3.4264   2.947284    31.8887    25.3651 0.0000e+00
       1281     42.408     3.4261   2.947266    31.8888    25.3652 0.0000e+00
       1282     42.399     3.4252   2.947162    31.8884    25.3650 0.0000e+00
       1283     42.380     3.4246   2.947106    31.8883    25.3650 0.0000e+00
       1284     42.358     3.4246   2.947121    31.8885    25.3652 0.0000e+00
       1285     42.336     3.4245   2.947114    31.8886    25.3652 0.0000e+00
       1286     42.326     3.4243   2.947092    31.8885    25.3652 0.0000e+00
       1287     42.336     3.4242   2.947090    31.8886    25.3652 0.0000e+00
       1288     42.359     3.4242   2.947091    31.8886    25.3652 0.0000e+00
       1289     42.379     3.4242   2.947080    31.8884    25.3651 0.0000e+00
       1290     42.385     3.4241   2.947072    31.8884    25.3651 0.0000e+00
       1291     42.383     3.4242   2.947082    31.8884    25.3651 0.0000e+00
       1292     42.380     3.4243   2.947101    31.8886    25.3652 0.0000e+00
       1293     42.375     3.4244   2.947107    31.8885    25.3652 0.0000e+00
       1294     42.364     3.4245   2.947106    31.8884    25.3651 0.0000e+00
       1295     42.345     3.4246   2.947109    31.8884    25.3651 0.0000e+00
       1296     42.326     3.4245   2.947104    31.8884    25.3651 0.0000e+00
       1297     42.323     3.4242   2.947080    31.8884    25.3651 0.0000e+00
       1298     42.340     3.4238   2.947050    31.8885    25.3652 0.0000e+00
       1299     42.364     3.4236   2.947029    31.8884    25.3652 0.0000e+00
       1300     42.379     3.4235   2.947018    31.8884    25.3651 0.0000e+00
       1301     42.375     3.4237   2.947042    31.8885    25.3652 0.0000e+00
       1302     42.353     3.4242   2.947089    31.8885    25.3652 0.0000e+00
       1303     42.326     3.4246   2.947126    31.8886    25.3652 0.0000e+00
       1304     42.306     3.4250   2.947160    31.8886    25.3652 0.0000e+00
       1305     42.303     3.4257   2.947211    31.8885    25.3651 0.0000e+00
       1306     42.314     3.4264   2.947279    31.8887    25.3651 0.0000e+00
       1307     42.326     3.4269   2.947330    31.8888    25.3652 0.0000e+00
       1308     42.328     3.4272   2.947339    31.8886    25.3650 0.0000e+00
       1309     42.322     3.4277   2.947386    31.8887    25.3650 0.0000e+00
       1310     42.313     3.4287   2.947508    31.8891    25.3653 0.0000e+00
       1311     42.309     3.4293   2.947551    31.8891    25.3652 0.0000e+00
       1312     42.311     3.4293   2.947520    31.8887    25.3649 0.0000e+00
       1313     42.310     3.4288   2.947490    31.8888    25.3650 0.0000e+00
       1314     42.300     3.4268   2.947303    31.8886    25.3650 0.0000e+00
       1315     42.290     3.4239   2.947006    31.8879    25.3647 0.0000e+00
       1316     42.291     3.4220   2.946857    31.8880    25.3650 0.0000e+00
       1317     42.304     3.4215   2.946839    31.8882    25.3652 0.0000e+00
       1318     42.329     3.4215   2.946828    31.8881    25.3651 0.0000e+00
       1319     42.355     3.4213   2.946810    31.8881    25.3651 0.0000e+00
       1320     42.364     3.4211   2.946803    31.8882    25.3652 0.0000e+00
       1321     42.345     3.4209   2.946799    31.8883    25.3653 0.0000e+00
       1322     42.314     3.4208   2.946784    31.8883    25.3653 0.0000e+00
       1323     42.294     3.4207   2.946766    31.8882    25.3652 0.0000e+00
       1324     42.295     3.4209   2.946778    31.8881    25.3652 0.0000e+00
       1325     42.312     3.4215   2.946836    31.8882    25.3652 0.0000e+00
       1326     42.336     3.4218   2.946867    31.8883    25.3652 0.0000e+00
       1327     42.357     3.4212   2.946814    31.8882    25.3652 0.0000e+00
       1328     42.365     3.4207   2.946761    31.8881    25.3651 0.0000e+00
       1329     42.361     3.4207   2.946756    31.8880    25.3651 0.0000e+00
       1330     42.357     3.4209   2.946785    31.8881    25.3652 0.0000e+00
       1331     42.360     3.4213   2.946817    31.8881    25.3652 0.0000e+00
       1332     42.356     3.4214   2.946823    31.8881    25.3651 0.0000e+00
       1333     42.334     3.4213   2.946806    31.8880    25.3651 0.0000e+00
       1334     42.303     3.4209   2.946775    31.8881    25.3651 0.0000e+00
       1335     42.286     3.4206   2.946753    31.8881    25.3652 0.0000e+00
       1336     42.299     3.4206   2.946751    31.8881    25.3652 0.0000e+00
       1337     42.334     3.4211   2.946802    31.8882    25.3652 0.0000e+00
       1338     42.362     3.4218   2.946891    31.8885    25.3654 0.0000e+00
       1339     42.366     3.4217   2.946876    31.8884    25.3654 0.0000e+00
       1340     42.350     3.4203   2.946713    31.8879    25.3650 0.0000e+00
       1341     42.335     3.4185   2.946533    31.8875    25.3649 0.0000e+00
       1342     42.340     3.4183   2.946506    31.8874    25.3648 0.0000e+00
       1343     42.359     3.4195   2.946665    31.8881    25.3653 0.0000e+00
       1344     42.365     3.4206   2.946785    31.8884    25.3655 0.0000e+00
       1345     42.350     3.4208   2.946765    31.8880    25.3651 0.0000e+00
       1346     42.325     3.4211   2.946789    31.8880    25.3651 0.0000e+00
       1347     42.307     3.4222   2.946901    31.8883    25.3652 0.0000e+00
       1348     42.306     3.4233   2.947006    31.8885    25.3652 0.0000e+00
       1349     42.319     3.4240   2.947064    31.8885    25.3652 0.0000e+00
       1350     42.338     3.4242   2.947083    31.8885    25.3652 0.0000e+00
       1351     42.353     3.4245   2.947106    31.8884    25.3651 0.0000e+00
       1352     42.360     3.4253   2.947174    31.8885    25.3651 0.0000e+00
       1353     42.361     3.4265   2.947288    31.8887    25.3651 0.0000e+00
       1354     42.366     3.4272   2.947341    31.8886    25.3650 0.0000e+00
       1355     42.379     3.4261   2.947219    31.8882    25.3648 0.0000e+00
       1356     42.395     3.4250   2.947081    31.8876    25.3644 0.0000e+00
       1357     42.402     3.4257   2.947182    31.8882    25.3648 0.0000e+00
       1358     42.397     3.4277   2.947404    31.8888    25.3651 0.0000e+00
       1359     42.383     3.4291   2.947525    31.8889    25.3651 0.0000e+00
       1360     42.366     3.4298   2.947567    31.8887    25.3649 0.0000e+00
       1361     42.358     3.4299   2.947579    31.8888    25.3649 0.0000e+00
       1362     42.366     3.4289   2.947486    31.8887    25.3649 0.0000e+00
       1363     42.381     3.4261   2.947202    31.8880    25.3646 0.0000e+00
       1364     42.398     3.4228   2.946887    31.8875    25.3645 0.0000e+00
       1365     42.423     3.4210   2.946747    31.8876    25.3647 0.0000e+00
       1366     42.458     3.4205   2.946728    31.8878    25.3650 0.0000e+00
       1367     42.490     3.4204   2.946726    31.8879    25.3650 0.0000e+00
       1368     42.498     3.4205   2.946736    31.8879    25.3650 0.0000e+00
       1369     42.477     3.4210   2.946779    31.8879    25.3650 0.0000e+00
       1370     42.445     3.4214   2.946820    31.8880    25.3651 0.0000e+00
       1371     42.421     3.4213   2.946806    31.8880    25.3650 0.0000e+00
       1372     42.410     3.4212   2.946787    31.8879    25.3649 0.0000e+00
       1373     42.414     3.4215   2.946819    31.8879    25.3650 0.0000e+00
       1374     42.429     3.4222   2.946885    31.8880    25.3650 0.0000e+00
       1375     42.446     3.4227   2.946946    31.8883    25.3651 0.0000e+00
       1376     42.466     3.4229   2.946963    31.8883    25.3651 0.0000e+00
       1377     42.493     3.4230   2.946948    31.8880    25.3649 0.0000e+00
       1378     42.521     3.4232   2.946974    31.8881    25.3649 0.0000e+00
       1379     42.540     3.4236   2.947016    31.8882    25.3650 0.0000e+00
       1380     42.541     3.4237   2.947014    31.8880    25.3649 0.0000e+00
       1381     42.518     3.4235   2.947003    31.8881    25.3649 0.0000e+00
       1382     42.487     3.4234   2.946998    31.8882    25.3650 0.0000e+00
       1383     42.464     3.4235   2.946994    31.8880    25.3649 0.0000e+00
       1384     42.457     3.4237   2.947006    31.8880    25.3648 0.0000e+00
       1385     42.466     3.4238   2.947019    31.8880    25.3649 0.0000e+00
       1386     42.479     3.4238   2.947024    31.8881    25.3649 0.0000e+00
       1387     42.485     3.4239   2.947031    31.8881    25.3649 0.0000e+00
       1388     42.488     3.4241   2.947048    31.8881    25.3649 0.0000e+00
       1389     42.493     3.4244   2.947076    31.8881    25.3649 0.0000e+00
       1390     42.501     3.4246   2.947110    31.8883    25.3650 0.0000e+00
       1391     42.505     3.4250   2.947152    31.8884    25.3651 0.0000e+00
       1392     42.498     3.4257   2.947202    31.8883    25.3649 0.0000e+00
       1393     42.482     3.4269   2.947299    31.8883    25.3648 0.0000e+00
       1394     42.468     3.4284   2.947451    31.8887    25.3650 0.0000e+00
       1395     42.462     3.4295   2.947554    31.8888    25.3650 0.0000e+00
       1396     42.465     3.4296   2.947548    31.8887    25.3648 0.0000e+00
       1397     42.479     3.4288   2.947464    31.8884    25.3647 0.0000e+00
       1398     42.504     3.4280   2.947377    31.8882    25.3646 0.0000e+00
       1399     42.529     3.4274   2.947356    31.8885    25.3649 0.0000e+00
       1400     42.538     3.4270   2.947323    31.8885    25.3649 0.0000e+00
       1401     42.525     3.4268   2.947271    31.8881    25.3646 0.0000e+00
       1402     42.501     3.4272   2.947318    31.8883    25.3647 0.0000e+00
       1403     42.482     3.4283   2.947443    31.8887    25.3650 0.0000e+00
       1404     42.484     3.4293   2.947536    31.8888    25.3650 0.0000e+00
       1405     42.506     3.4296   2.947549    31.8886    25.3648 0.0000e+00
       1406     42.524     3.4289   2.947473    31.8884    25.3647 0.0000e+00
       1407     42.512     3.4275   2.947330    31.8881    25.3646 0.0000e+00
       1408     42.477     3.4262   2.947211    31.8880    25.3646 0.0000e+00
       1409     42.449     3.4255   2.947159    31.8880    25.3647 0.0000e+00
       1410     42.451     3.4252   2.947140    31.8881    25.3648 0.0000e+00
       1411     42.478     3.4248   2.947103    31.8881    25.3648 0.0000e+00
       1412     42.500     3.4242   2.947031    31.8878    25.3646 0.0000e+00
       1413     42.498     3.4238   2.947009    31.8879    25.3647 0.0000e+00
       1414     42.481     3.4240   2.947051    31.8882    25.3650 0.0000e+00
       1415     42.463     3.4242   2.947071    31.8883    25.3650 0.0000e+00
       1416     42.454     3.4240   2.947040    31.8881    25.3649 0.0000e+00
       1417     42.456     3.4237   2.947002    31.8879    25.3648 0.0000e+00
       1418     42.471     3.4237   2.947003    31.8879    25.3648 0.0000e+00
       1419     42.496     3.4241   2.947042    31.8880    25.3648 0.0000e+00
       1420     42.522     3.4249   2.947121    31.8881    25.3648 0.0000e+00
       1421     42.537     3.4258   2.947209    31.8883    25.3649 0.0000e+00
       1422     42.537     3.4259   2.947214    31.8883    25.3649 0.0000e+00
       1423     42.523     3.4252   2.947135    31.8880    25.3647 0.0000e+00
       1424     42.499     3.4245   2.947067    31.8879    25.3647 0.0000e+00
       1425     42.476     3.4242   2.947044    31.8879    25.3647 0.0000e+00
       1426     42.471     3.4244   2.947074    31.8881    25.3649 0.0000e+00
       1427     42.493     3.4249   2.947134    31.8883    25.3650 0.0000e+00
       1428     42.531     3.4256   2.947180    31.8882    25.3648 0.0000e+00
       1429     42.560     3.4259   2.947200    31.8881    25.3647 0.0000e+00
       1430     42.563     3.4260   2.947214    31.8882    25.3648 0.0000e+00
       1431     42.548     3.4264   2.947269    31.8884    25.3649 0.0000e+00
       1432     42.534     3.4265   2.947265    31.8883    25.3648 0.0000e+00
       1433     42.528     3.4257   2.947152    31.8877    25.3644 0.0000e+00
       1434     42.528     3.4249   2.947088    31.8877    25.3645 0.0000e+00
       1435     42.531     3.4241   2.947040    31.8880    25.3648 0.0000e+00
