Datasets/Test_Dataset_39219_tow/originals/tel219_2021_073.cnv
* Sea-Bird SBE19plus Data File:
* Filename = C:/AQUIRE/tel219_2021_073.hex
* Software Version AquireV2 AF V2.0
* Temperature SN =  4020
* Conductivity SN =  4020
* System UpLoad Time = May 15 2021 17:54:08
** VESSEL/TRIP/SEQ STN: tel219_2021_073
** LATITUDE: 45 30.81 N
** LONGITUDE: 55 24.89 W
** DATE/TIME: 2021-05-15 17:15
** SOUNDING DEPTH (M): 0117
** PROBE TYPE: S4020
** CTD NUMBER:  73
** FORMAT: T
** COMMENTS: 
# nquan = 7                                 
# nvalues = 2318                        
# units = specified
# name 0 = scan: Scan Count
# name 1 = prdM: Pressure, Strain Gauge [db]
# name 2 = tv290C: Temperature [ITS-90, deg C]
# name 3 = c0S/m: Conductivity [S/m]
# name 4 = sal00: Salinity, Practical [PSU]
# name 5 = sigma-t00: Density [sigma-t, kg/m^3 ]
# name 6 = flag: flag
# span 0 =          1,       2318       
# span 1 =     -0.139,    113.350       
# span 2 =     0.2717,     7.0682       
# span 3 =   0.007659,   3.104588       
# span 4 =     0.0546,    32.4979       
# span 5 =    -0.0548,    26.0735       
# span 6 = 0.0000e+00, 0.0000e+00       
# interval = seconds: 1
# start_time = May 15 2021 17:15:20 [Instrument's time stamp, header]
# bad_flag = -9.990e-29
*END*
[from data line 616]
        617     93.097     0.7554   2.766029    32.3173    25.9026 0.0000e+00
        618     93.344     0.7464   2.765320    32.3174    25.9032 0.0000e+00
        619     93.593     0.7355   2.764459    32.3175    25.9039 0.0000e+00
        620     93.845     0.7275   2.763932    32.3189    25.9055 0.0000e+00
        621     94.100     0.7225   2.763704    32.3211    25.9075 0.0000e+00
        622     94.356     0.7182   2.763511    32.3229    25.9092 0.0000e+00
        623     94.608     0.7108   2.763025    32.3242    25.9107 0.0000e+00
        624     94.858     0.6969   2.761934    32.3245    25.9117 0.0000e+00
        625     95.116     0.6779   2.760497    32.3257    25.9136 0.0000e+00
        626     95.383     0.6593   2.759448    32.3314    25.9193 0.0000e+00
        627     95.651     0.6439   2.758938    32.3408    25.9276 0.0000e+00
        628     95.916     0.6298   2.758510    32.3498    25.9357 0.0000e+00
        629     96.184     0.6151   2.757975    32.3582    25.9432 0.0000e+00
        630     96.457     0.6007   2.757450    32.3663    25.9505 0.0000e+00
        631     96.734     0.5889   2.757007    32.3728    25.9563 0.0000e+00
        632     97.012     0.5807   2.756686    32.3770    25.9602 0.0000e+00
        633     97.290     0.5746   2.756459    32.3803    25.9632 0.0000e+00
        634     97.570     0.5684   2.756187    32.3831    25.9658 0.0000e+00
        635     97.851     0.5617   2.755859    32.3858    25.9683 0.0000e+00
        636     98.133     0.5556   2.755562    32.3881    25.9705 0.0000e+00
        637     98.416     0.5504   2.755312    32.3902    25.9724 0.0000e+00
        638     98.693     0.5451   2.755140    32.3934    25.9753 0.0000e+00
        639     98.962     0.5365   2.754834    32.3983    25.9797 0.0000e+00
        640     99.224     0.5199   2.753877    32.4031    25.9845 0.0000e+00
        641     99.488     0.4959   2.752389    32.4089    25.9904 0.0000e+00
        642     99.761     0.4724   2.751177    32.4177    25.9987 0.0000e+00
        643    100.052     0.4550   2.750522    32.4273    26.0073 0.0000e+00
        644    100.364     0.4435   2.750132    32.4341    26.0135 0.0000e+00
        645    100.690     0.4356   2.749824    32.4383    26.0172 0.0000e+00
        646    101.020     0.4300   2.749596    32.4410    26.0197 0.0000e+00
        647    101.349     0.4252   2.749384    32.4431    26.0216 0.0000e+00
        648    101.682     0.4199   2.749024    32.4438    26.0225 0.0000e+00
        649    102.030     0.4129   2.748548    32.4448    26.0236 0.0000e+00
        650    102.394     0.4048   2.748092    32.4472    26.0260 0.0000e+00
        651    102.764     0.3966   2.747742    32.4511    26.0295 0.0000e+00
        652    103.124     0.3889   2.747479    32.4555    26.0335 0.0000e+00
        653    103.463     0.3803   2.747089    32.4593    26.0370 0.0000e+00
        654    103.790     0.3698   2.746436    32.4617    26.0395 0.0000e+00
        655    104.119     0.3579   2.745693    32.4644    26.0422 0.0000e+00
        656    104.449     0.3461   2.745080    32.4687    26.0463 0.0000e+00
        657    104.768     0.3354   2.744603    32.4735    26.0507 0.0000e+00
        658    105.075     0.3266   2.744215    32.4776    26.0544 0.0000e+00
        659    105.380     0.3193   2.743858    32.4805    26.0571 0.0000e+00
        660    105.681     0.3130   2.743542    32.4828    26.0594 0.0000e+00
        661    105.966     0.3086   2.743416    32.4857    26.0619 0.0000e+00
        662    106.235     0.3061   2.743412    32.4881    26.0639 0.0000e+00
        663    106.495     0.3043   2.743315    32.4886    26.0644 0.0000e+00
        664    106.751     0.3025   2.743168    32.4884    26.0644 0.0000e+00
        665    107.005     0.3011   2.743071    32.4885    26.0645 0.0000e+00
        666    107.251     0.3004   2.743053    32.4889    26.0648 0.0000e+00
        667    107.485     0.3007   2.743114    32.4892    26.0651 0.0000e+00
        668    107.710     0.3013   2.743131    32.4887    26.0646 0.0000e+00
        669    107.928     0.3010   2.743044    32.4877    26.0639 0.0000e+00
        670    108.144     0.3000   2.742959    32.4875    26.0638 0.0000e+00
        671    108.354     0.2990   2.742937    32.4882    26.0644 0.0000e+00
        672    108.553     0.2980   2.742893    32.4886    26.0647 0.0000e+00
        673    108.746     0.2973   2.742783    32.4877    26.0641 0.0000e+00
        674    108.936     0.2964   2.742701    32.4875    26.0640 0.0000e+00
        675    109.120     0.2954   2.742666    32.4880    26.0644 0.0000e+00
        676    109.295     0.2944   2.742621    32.4884    26.0648 0.0000e+00
        677    109.458     0.2939   2.742589    32.4884    26.0648 0.0000e+00
        678    109.608     0.2942   2.742590    32.4880    26.0645 0.0000e+00
        679    109.747     0.2945   2.742595    32.4877    26.0642 0.0000e+00
        680    109.878     0.2945   2.742583    32.4874    26.0640 0.0000e+00
        681    110.001     0.2941   2.742545    32.4873    26.0639 0.0000e+00
        682    110.116     0.2935   2.742492    32.4872    26.0638 0.0000e+00
        683    110.226     0.2927   2.742435    32.4872    26.0639 0.0000e+00
        684    110.333     0.2914   2.742365    32.4876    26.0643 0.0000e+00
        685    110.433     0.2900   2.742301    32.4882    26.0648 0.0000e+00
        686    110.521     0.2889   2.742246    32.4886    26.0652 0.0000e+00
        687    110.594     0.2883   2.742196    32.4885    26.0652 0.0000e+00
        688    110.658     0.2882   2.742185    32.4885    26.0651 0.0000e+00
        689    110.715     0.2881   2.742200    32.4887    26.0653 0.0000e+00
        690    110.762     0.2877   2.742195    32.4891    26.0656 0.0000e+00
        691    110.801     0.2874   2.742171    32.4890    26.0656 0.0000e+00
        692    110.833     0.2872   2.742146    32.4889    26.0655 0.0000e+00
        693    110.858     0.2870   2.742106    32.4886    26.0653 0.0000e+00
        694    110.884     0.2868   2.742067    32.4883    26.0650 0.0000e+00
        695    110.919     0.2865   2.742050    32.4883    26.0651 0.0000e+00
        696    110.958     0.2861   2.742034    32.4885    26.0653 0.0000e+00
        697    110.993     0.2857   2.742014    32.4887    26.0654 0.0000e+00
        698    111.020     0.2859   2.742025    32.4886    26.0654 0.0000e+00
        699    111.044     0.2864   2.742048    32.4883    26.0651 0.0000e+00
        700    111.069     0.2864   2.742036    32.4882    26.0650 0.0000e+00
        701    111.095     0.2860   2.742001    32.4881    26.0650 0.0000e+00
        702    111.120     0.2854   2.741973    32.4884    26.0652 0.0000e+00
        703    111.141     0.2855   2.741981    32.4884    26.0652 0.0000e+00
        704    111.162     0.2860   2.742008    32.4882    26.0650 0.0000e+00
        705    111.189     0.2861   2.741997    32.4879    26.0648 0.0000e+00
        706    111.218     0.2855   2.741967    32.4881    26.0650 0.0000e+00
        707    111.238     0.2850   2.741947    32.4884    26.0652 0.0000e+00
        708    111.249     0.2851   2.741938    32.4882    26.0650 0.0000e+00
        709    111.262     0.2855   2.741940    32.4878    26.0647 0.0000e+00
        710    111.289     0.2856   2.741933    32.4875    26.0645 0.0000e+00
        711    111.327     0.2854   2.741938    32.4878    26.0647 0.0000e+00
        712    111.358     0.2853   2.741971    32.4883    26.0652 0.0000e+00
        713    111.373     0.2853   2.741979    32.4884    26.0652 0.0000e+00
        714    111.382     0.2848   2.741929    32.4883    26.0652 0.0000e+00
        715    111.395     0.2843   2.741870    32.4880    26.0650 0.0000e+00
        716    111.416     0.2839   2.741848    32.4882    26.0651 0.0000e+00
        717    111.440     0.2840   2.741867    32.4883    26.0652 0.0000e+00
        718    111.460     0.2842   2.741893    32.4884    26.0653 0.0000e+00
        719    111.470     0.2842   2.741886    32.4883    26.0652 0.0000e+00
        720    111.480     0.2837   2.741843    32.4883    26.0652 0.0000e+00
        721    111.497     0.2832   2.741814    32.4884    26.0653 0.0000e+00
        722    111.519     0.2828   2.741805    32.4887    26.0656 0.0000e+00
        723    111.541     0.2826   2.741799    32.4888    26.0657 0.0000e+00
        724    111.562     0.2825   2.741790    32.4888    26.0657 0.0000e+00
        725    111.585     0.2825   2.741786    32.4887    26.0656 0.0000e+00
        726    111.606     0.2825   2.741780    32.4886    26.0656 0.0000e+00
        727    111.624     0.2825   2.741782    32.4887    26.0656 0.0000e+00
        728    111.636     0.2825   2.741794    32.4888    26.0657 0.0000e+00
        729    111.641     0.2824   2.741788    32.4888    26.0657 0.0000e+00
        730    111.640     0.2823   2.741757    32.4885    26.0655 0.0000e+00
        731    111.644     0.2823   2.741746    32.4884    26.0654 0.0000e+00
        732    111.660     0.2824   2.741768    32.4886    26.0655 0.0000e+00
        733    111.681     0.2824   2.741777    32.4887    26.0656 0.0000e+00
        734    111.696     0.2822   2.741762    32.4887    26.0656 0.0000e+00
        735    111.706     0.2821   2.741749    32.4886    26.0656 0.0000e+00
        736    111.715     0.2822   2.741754    32.4886    26.0655 0.0000e+00
        737    111.717     0.2822   2.741763    32.4887    26.0656 0.0000e+00
        738    111.719     0.2822   2.741764    32.4887    26.0656 0.0000e+00
        739    111.726     0.2822   2.741761    32.4886    26.0656 0.0000e+00
        740    111.733     0.2820   2.741751    32.4887    26.0657 0.0000e+00
        741    111.735     0.2818   2.741742    32.4888    26.0657 0.0000e+00
        742    111.737     0.2816   2.741729    32.4889    26.0658 0.0000e+00
        743    111.744     0.2816   2.741725    32.4888    26.0657 0.0000e+00
        744    111.755     0.2818   2.741740    32.4888    26.0657 0.0000e+00
        745    111.767     0.2818   2.741746    32.4888    26.0658 0.0000e+00
        746    111.774     0.2814   2.741724    32.4890    26.0659 0.0000e+00
        747    111.779     0.2812   2.741706    32.4890    26.0659 0.0000e+00
        748    111.785     0.2811   2.741706    32.4891    26.0660 0.0000e+00
        749    111.792     0.2810   2.741710    32.4892    26.0661 0.0000e+00
        750    111.792     0.2808   2.741700    32.4893    26.0662 0.0000e+00
        751    111.787     0.2806   2.741687    32.4893    26.0662 0.0000e+00
        752    111.782     0.2806   2.741683    32.4893    26.0662 0.0000e+00
        753    111.783     0.2805   2.741682    32.4894    26.0663 0.0000e+00
        754    111.787     0.2803   2.741675    32.4895    26.0664 0.0000e+00
        755    111.788     0.2802   2.741662    32.4894    26.0663 0.0000e+00
        756    111.791     0.2801   2.741654    32.4894    26.0663 0.0000e+00
        757    111.801     0.2801   2.741653    32.4894    26.0663 0.0000e+00
        758    111.814     0.2801   2.741656    32.4894    26.0663 0.0000e+00
        759    111.821     0.2800   2.741653    32.4895    26.0664 0.0000e+00
        760    111.820     0.2800   2.741648    32.4894    26.0663 0.0000e+00
        761    111.820     0.2800   2.741645    32.4894    26.0663 0.0000e+00
        762    111.829     0.2798   2.741640    32.4895    26.0664 0.0000e+00
        763    111.842     0.2794   2.741628    32.4898    26.0667 0.0000e+00
        764    111.848     0.2793   2.741617    32.4898    26.0666 0.0000e+00
        765    111.844     0.2796   2.741628    32.4896    26.0665 0.0000e+00
        766    111.837     0.2798   2.741648    32.4896    26.0665 0.0000e+00
        767    111.840     0.2798   2.741643    32.4896    26.0664 0.0000e+00
        768    111.855     0.2797   2.741632    32.4895    26.0664 0.0000e+00
        769    111.869     0.2796   2.741635    32.4897    26.0665 0.0000e+00
        770    111.870     0.2794   2.741626    32.4898    26.0666 0.0000e+00
        771    111.866     0.2793   2.741614    32.4897    26.0666 0.0000e+00
        772    111.867     0.2795   2.741629    32.4897    26.0666 0.0000e+00
        773    111.873     0.2800   2.741653    32.4895    26.0664 0.0000e+00
        774    111.882     0.2803   2.741660    32.4892    26.0662 0.0000e+00
        775    111.893     0.2803   2.741663    32.4893    26.0662 0.0000e+00
        776    111.903     0.2804   2.741676    32.4893    26.0662 0.0000e+00
        777    111.907     0.2803   2.741673    32.4894    26.0663 0.0000e+00
        778    111.908     0.2799   2.741650    32.4895    26.0664 0.0000e+00
        779    111.909     0.2792   2.741609    32.4897    26.0666 0.0000e+00
        780    111.911     0.2783   2.741559    32.4900    26.0669 0.0000e+00
        781    111.912     0.2774   2.741520    32.4905    26.0673 0.0000e+00
        782    111.910     0.2770   2.741503    32.4907    26.0675 0.0000e+00
        783    111.903     0.2768   2.741495    32.4908    26.0676 0.0000e+00
        784    111.893     0.2768   2.741488    32.4907    26.0675 0.0000e+00
        785    111.884     0.2774   2.741515    32.4904    26.0672 0.0000e+00
        786    111.877     0.2790   2.741601    32.4898    26.0667 0.0000e+00
        787    111.868     0.2808   2.741691    32.4891    26.0660 0.0000e+00
        788    111.858     0.2817   2.741737    32.4888    26.0657 0.0000e+00
        789    111.859     0.2816   2.741722    32.4887    26.0656 0.0000e+00
        790    111.870     0.2808   2.741676    32.4889    26.0659 0.0000e+00
        791    111.875     0.2801   2.741635    32.4891    26.0661 0.0000e+00
        792    111.867     0.2799   2.741628    32.4893    26.0662 0.0000e+00
        793    111.856     0.2800   2.741644    32.4894    26.0663 0.0000e+00
        794    111.854     0.2795   2.741618    32.4896    26.0665 0.0000e+00
        795    111.858     0.2784   2.741555    32.4899    26.0668 0.0000e+00
        796    111.858     0.2776   2.741522    32.4903    26.0672 0.0000e+00
        797    111.850     0.2775   2.741529    32.4905    26.0673 0.0000e+00
        798    111.844     0.2777   2.741537    32.4904    26.0672 0.0000e+00
        799    111.844     0.2778   2.741540    32.4903    26.0672 0.0000e+00
        800    111.847     0.2780   2.741553    32.4903    26.0671 0.0000e+00
        801    111.851     0.2779   2.741547    32.4903    26.0671 0.0000e+00
        802    111.857     0.2775   2.741513    32.4903    26.0671 0.0000e+00
        803    111.865     0.2770   2.741488    32.4905    26.0673 0.0000e+00
        804    111.874     0.2767   2.741485    32.4908    26.0676 0.0000e+00
        805    111.878     0.2769   2.741492    32.4906    26.0675 0.0000e+00
        806    111.876     0.2774   2.741516    32.4904    26.0673 0.0000e+00
        807    111.874     0.2780   2.741543    32.4902    26.0670 0.0000e+00
        808    111.878     0.2786   2.741568    32.4898    26.0667 0.0000e+00
        809    111.887     0.2791   2.741599    32.4897    26.0666 0.0000e+00
        810    111.897     0.2790   2.741609    32.4899    26.0668 0.0000e+00
        811    111.907     0.2785   2.741578    32.4901    26.0669 0.0000e+00
        812    111.912     0.2782   2.741549    32.4900    26.0669 0.0000e+00
        813    111.913     0.2780   2.741530    32.4900    26.0668 0.0000e+00
        814    111.915     0.2775   2.741495    32.4900    26.0669 0.0000e+00
        815    111.921     0.2769   2.741468    32.4903    26.0672 0.0000e+00
        816    111.924     0.2765   2.741468    32.4907    26.0675 0.0000e+00
        817    111.921     0.2766   2.741477    32.4907    26.0675 0.0000e+00
        818    111.912     0.2768   2.741487    32.4907    26.0675 0.0000e+00
        819    111.900     0.2770   2.741496    32.4906    26.0674 0.0000e+00
        820    111.887     0.2771   2.741500    32.4905    26.0674 0.0000e+00
