Datasets/Test_Dataset_39219_tow/originals/tel219_2021_041.cnv
* Sea-Bird SBE19plus Data File:
* Filename = C:/AQUIRE/tel219_2021_041.hex
* Software Version AquireV2 AF V2.0
* Temperature SN =  4020
* Conductivity SN =  4020
* System UpLoad Time = May 12 2021 08:10:39
** VESSEL/TRIP/SEQ STN: tel219_2021_041
** LATITUDE: 44 54.71 N
** LONGITUDE: 056 02.07 W
** DATE/TIME: 2021-05-12 07:17
** SOUNDING DEPTH (M): 0214
** PROBE TYPE: S4020
** CTD NUMBER: 041
** FORMAT: T
** COMMENTS: 
# nquan = 7                                 
# nvalues = 3070                        
# units = specified
# name 0 = scan: Scan Count
# name 1 = prdM: Pressure, Strain Gauge [db]
# name 2 = tv290C: Temperature [ITS-90, deg C]
# name 3 = c0S/m: Conductivity [S/m]
# name 4 = sal00: Salinity, Practical [PSU]
# name 5 = sigma-t00: Density [sigma-t, kg/m^3 ]
# name 6 = flag: flag
# span 0 =          1,       3070       
# span 1 =     -1.157,    211.807       
# span 2 =     0.3927,    10.1599       
# span 3 =   0.006084,   3.824091       
# span 4 =     0.0444,    35.0958       
# span 5 =    -0.0190,    27.1889       
# span 6 = 0.0000e+00, 0.0000e+00       
# interval = seconds: 1
# start_time = May 12 2021 07:17:26 [Instrument's time stamp, header]
# bad_flag = -9.990e-29
*END*
          1     -0.122     5.9415   0.006249     0.0455    -0.0188 0.0000e+00
          2     -0.123     5.9422   0.006254     0.0455    -0.0187 0.0000e+00
          3     -0.125     5.9428   0.006256     0.0455    -0.0188 0.0000e+00
          4     -0.126     5.9425   0.006252     0.0455    -0.0188 0.0000e+00
          5     -0.127     5.9412   0.006241     0.0454    -0.0188 0.0000e+00
          6     -0.127     5.9394   0.006230     0.0453    -0.0188 0.0000e+00
          7     -0.123     5.9385   0.006228     0.0453    -0.0188 0.0000e+00
          8     -0.118     5.9390   0.006233     0.0454    -0.0188 0.0000e+00
          9     -0.115     5.9403   0.006238     0.0454    -0.0188 0.0000e+00
         10     -0.115     5.9420   0.006246     0.0454    -0.0188 0.0000e+00
         11     -0.117     5.9435   0.006256     0.0455    -0.0188 0.0000e+00
         12     -0.119     5.9445   0.006260     0.0455    -0.0188 0.0000e+00
         13     -0.120     5.9453   0.006262     0.0456    -0.0188 0.0000e+00
         14     -0.119     5.9459   0.006263     0.0456    -0.0188 0.0000e+00
         15     -0.117     5.9466   0.006264     0.0456    -0.0188 0.0000e+00
         16     -0.117     5.9470   0.006260     0.0455    -0.0189 0.0000e+00
         17     -0.119     5.9473   0.006254     0.0455    -0.0189 0.0000e+00
         18     -0.120     5.9474   0.006250     0.0455    -0.0189 0.0000e+00
         19     -0.119     5.9474   0.006248     0.0455    -0.0189 0.0000e+00
         20     -0.118     5.9475   0.006248     0.0455    -0.0189 0.0000e+00
         21     -0.119     5.9479   0.006253     0.0455    -0.0189 0.0000e+00
         22     -0.120     5.9484   0.006258     0.0455    -0.0189 0.0000e+00
         23     -0.120     5.9488   0.006259     0.0455    -0.0189 0.0000e+00
         24     -0.119     5.9488   0.006257     0.0455    -0.0189 0.0000e+00
         25     -0.118     5.9484   0.006258     0.0455    -0.0189 0.0000e+00
         26     -0.118     5.9478   0.006257     0.0455    -0.0189 0.0000e+00
         27     -0.120     5.9471   0.006254     0.0455    -0.0189 0.0000e+00
         28     -0.123     5.9467   0.006253     0.0455    -0.0189 0.0000e+00
         29     -0.124     5.9466   0.006252     0.0455    -0.0189 0.0000e+00
         30     -0.123     5.9465   0.006251     0.0455    -0.0189 0.0000e+00
         31     -0.122     5.9463   0.006247     0.0455    -0.0189 0.0000e+00
         32     -0.121     5.9460   0.006245     0.0454    -0.0189 0.0000e+00
         33     -0.119     5.9460   0.006245     0.0454    -0.0189 0.0000e+00
         34     -0.117     5.9462   0.006249     0.0455    -0.0189 0.0000e+00
         35     -0.117     5.9463   0.006251     0.0455    -0.0189 0.0000e+00
         36     -0.117     5.9465   0.006252     0.0455    -0.0189 0.0000e+00
         37     -0.115     5.9467   0.006252     0.0455    -0.0189 0.0000e+00
         38     -0.112     5.9467   0.006249     0.0455    -0.0189 0.0000e+00
         39     -0.107     5.9467   0.006248     0.0455    -0.0189 0.0000e+00
         40     -0.107     5.9468   0.006248     0.0455    -0.0189 0.0000e+00
         41     -0.113     5.9468   0.006246     0.0454    -0.0189 0.0000e+00
         42     -0.120     5.9467   0.006242     0.0454    -0.0190 0.0000e+00
         43     -0.124     5.9465   0.006242     0.0454    -0.0189 0.0000e+00
         44     -0.127     5.9461   0.006244     0.0454    -0.0189 0.0000e+00
         45     -0.129     5.9458   0.006248     0.0455    -0.0189 0.0000e+00
         46     -0.128     5.9455   0.006246     0.0454    -0.0189 0.0000e+00
         47     -0.126     5.9453   0.006238     0.0454    -0.0189 0.0000e+00
         48     -0.125     5.9451   0.006232     0.0453    -0.0190 0.0000e+00
         49     -0.123     5.9450   0.006232     0.0453    -0.0190 0.0000e+00
         50     -0.123     5.9447   0.006236     0.0454    -0.0189 0.0000e+00
         51     -0.125     5.9444   0.006241     0.0454    -0.0189 0.0000e+00
         52     -0.126     5.9442   0.006248     0.0455    -0.0188 0.0000e+00
         53     -0.126     5.9438   0.006253     0.0455    -0.0188 0.0000e+00
         54     -0.125     5.9436   0.006255     0.0455    -0.0188 0.0000e+00
         55     -0.123     5.9432   0.006252     0.0455    -0.0188 0.0000e+00
         56     -0.120     5.9429   0.006247     0.0455    -0.0188 0.0000e+00
         57     -0.118     5.9428   0.006248     0.0455    -0.0188 0.0000e+00
         58     -0.116     5.9428   0.006246     0.0454    -0.0188 0.0000e+00
         59     -0.115     5.9429   0.006243     0.0454    -0.0188 0.0000e+00
         60     -0.116     5.9432   0.006241     0.0454    -0.0189 0.0000e+00
         61     -0.117     5.9435   0.006238     0.0454    -0.0189 0.0000e+00
         62     -0.116     5.9436   0.006239     0.0454    -0.0189 0.0000e+00
         63     -0.116     5.9434   0.006241     0.0454    -0.0189 0.0000e+00
         64     -0.115     5.9430   0.006245     0.0454    -0.0188 0.0000e+00
         65     -0.113     5.9427   0.006247     0.0455    -0.0188 0.0000e+00
         66     -0.110     5.9421   0.006246     0.0454    -0.0188 0.0000e+00
         67     -0.110     5.9413   0.006245     0.0454    -0.0188 0.0000e+00
         68     -0.115     5.9401   0.006241     0.0454    -0.0188 0.0000e+00
         69     -0.121     5.9385   0.006237     0.0454    -0.0187 0.0000e+00
         70     -0.121     5.9373   0.006237     0.0454    -0.0187 0.0000e+00
         71     -0.119     5.9368   0.006238     0.0454    -0.0187 0.0000e+00
         72     -0.119     5.9366   0.006240     0.0454    -0.0187 0.0000e+00
         73     -0.120     5.9360   0.006237     0.0454    -0.0186 0.0000e+00
         74     -0.121     5.9347   0.006231     0.0453    -0.0186 0.0000e+00
         75     -0.121     5.9330   0.006225     0.0453    -0.0186 0.0000e+00
         76     -0.120     5.9319   0.006224     0.0453    -0.0186 0.0000e+00
         77     -0.119     5.9314   0.006224     0.0453    -0.0186 0.0000e+00
         78     -0.120     5.9314   0.006223     0.0453    -0.0186 0.0000e+00
         79     -0.119     5.9314   0.006225     0.0453    -0.0186 0.0000e+00
         80     -0.118     5.9316   0.006227     0.0453    -0.0186 0.0000e+00
         81     -0.119     5.9318   0.006235     0.0454    -0.0185 0.0000e+00
         82     -0.120     5.9319   0.006242     0.0454    -0.0185 0.0000e+00
         83     -0.119     5.9321   0.006243     0.0454    -0.0185 0.0000e+00
         84     -0.119     5.9324   0.006246     0.0455    -0.0185 0.0000e+00
         85     -0.121     5.9328   0.006246     0.0455    -0.0185 0.0000e+00
         86     -0.123     5.9333   0.006249     0.0455    -0.0185 0.0000e+00
         87     -0.123     5.9338   0.006252     0.0455    -0.0185 0.0000e+00
         88     -0.121     5.9343   0.006254     0.0455    -0.0185 0.0000e+00
         89     -0.121     5.9343   0.006246     0.0455    -0.0185 0.0000e+00
         90     -0.121     5.9338   0.006237     0.0454    -0.0186 0.0000e+00
         91     -0.121     5.9332   0.006233     0.0454    -0.0186 0.0000e+00
         92     -0.123     5.9326   0.006233     0.0454    -0.0186 0.0000e+00
         93     -0.126     5.9323   0.006238     0.0454    -0.0185 0.0000e+00
         94     -0.128     5.9326   0.006248     0.0455    -0.0185 0.0000e+00
         95     -0.129     5.9327   0.006252     0.0455    -0.0185 0.0000e+00
         96     -0.128     5.9322   0.006247     0.0455    -0.0185 0.0000e+00
         97     -0.126     5.9310   0.006237     0.0454    -0.0185 0.0000e+00
         98     -0.126     5.9292   0.006230     0.0453    -0.0185 0.0000e+00
         99     -0.126     5.9281   0.006231     0.0453    -0.0184 0.0000e+00
        100     -0.124     5.9280   0.006235     0.0454    -0.0184 0.0000e+00
        101     -0.124     5.9284   0.006241     0.0454    -0.0184 0.0000e+00
        102     -0.124     5.9289   0.006244     0.0454    -0.0184 0.0000e+00
        103     -0.124     5.9292   0.006243     0.0454    -0.0184 0.0000e+00
        104     -0.124     5.9295   0.006245     0.0455    -0.0184 0.0000e+00
        105     -0.126     5.9296   0.006251     0.0455    -0.0184 0.0000e+00
        106     -0.126     5.9298   0.006256     0.0455    -0.0183 0.0000e+00
        107     -0.124     5.9299   0.006257     0.0455    -0.0183 0.0000e+00
        108     -0.122     5.9300   0.006254     0.0455    -0.0184 0.0000e+00
        109     -0.119     5.9300   0.006248     0.0455    -0.0184 0.0000e+00
        110     -0.117     5.9303   0.006247     0.0455    -0.0184 0.0000e+00
        111     -0.118     5.9307   0.006246     0.0455    -0.0184 0.0000e+00
        112     -0.124     5.9310   0.006243     0.0454    -0.0185 0.0000e+00
        113     -0.131     5.9313   0.006245     0.0454    -0.0185 0.0000e+00
        114     -0.131     5.9312   0.006251     0.0455    -0.0184 0.0000e+00
        115     -0.128     5.9309   0.006260     0.0456    -0.0184 0.0000e+00
        116     -0.124     5.9307   0.006266     0.0456    -0.0183 0.0000e+00
        117     -0.122     5.9307   0.006269     0.0456    -0.0183 0.0000e+00
        118     -0.123     5.9307   0.006268     0.0456    -0.0183 0.0000e+00
        119     -0.125     5.9306   0.006262     0.0456    -0.0183 0.0000e+00
        120     -0.126     5.9304   0.006252     0.0455    -0.0184 0.0000e+00
        121     -0.126     5.9299   0.006243     0.0454    -0.0184 0.0000e+00
        122     -0.126     5.9292   0.006240     0.0454    -0.0184 0.0000e+00
        123     -0.125     5.9286   0.006245     0.0455    -0.0184 0.0000e+00
        124     -0.121     5.9283   0.006252     0.0455    -0.0183 0.0000e+00
        125     -0.116     5.9280   0.006255     0.0455    -0.0183 0.0000e+00
        126     -0.111     5.9273   0.006258     0.0455    -0.0183 0.0000e+00
        127     -0.110     5.9263   0.006259     0.0456    -0.0182 0.0000e+00
        128     -0.111     5.9247   0.006257     0.0455    -0.0182 0.0000e+00
        129     -0.112     5.9226   0.006249     0.0455    -0.0182 0.0000e+00
        130     -0.114     5.9205   0.006241     0.0454    -0.0181 0.0000e+00
        131     -0.117     5.9192   0.006234     0.0454    -0.0181 0.0000e+00
        132     -0.119     5.9186   0.006231     0.0454    -0.0181 0.0000e+00
        133     -0.119     5.9187   0.006232     0.0454    -0.0181 0.0000e+00
        134     -0.120     5.9192   0.006235     0.0454    -0.0181 0.0000e+00
        135     -0.122     5.9197   0.006238     0.0454    -0.0181 0.0000e+00
        136     -0.123     5.9199   0.006240     0.0454    -0.0181 0.0000e+00
        137     -0.122     5.9198   0.006245     0.0455    -0.0181 0.0000e+00
        138     -0.118     5.9192   0.006247     0.0455    -0.0181 0.0000e+00
        139     -0.116     5.9178   0.006244     0.0455    -0.0180 0.0000e+00
        140     -0.116     5.9162   0.006240     0.0454    -0.0180 0.0000e+00
        141     -0.116     5.9154   0.006240     0.0454    -0.0180 0.0000e+00
        142     -0.115     5.9158   0.006243     0.0454    -0.0180 0.0000e+00
        143     -0.119     5.9162   0.006242     0.0454    -0.0180 0.0000e+00
        144     -0.123     5.9161   0.006238     0.0454    -0.0180 0.0000e+00
        145     -0.124     5.9153   0.006234     0.0454    -0.0180 0.0000e+00
        146     -0.124     5.9145   0.006234     0.0454    -0.0180 0.0000e+00
        147     -0.121     5.9144   0.006239     0.0454    -0.0180 0.0000e+00
        148     -0.118     5.9147   0.006243     0.0454    -0.0180 0.0000e+00
        149     -0.117     5.9149   0.006246     0.0455    -0.0179 0.0000e+00
        150     -0.116     5.9151   0.006249     0.0455    -0.0179 0.0000e+00
        151     -0.115     5.9154   0.006253     0.0455    -0.0179 0.0000e+00
        152     -0.116     5.9157   0.006256     0.0455    -0.0179 0.0000e+00
        153     -0.118     5.9161   0.006255     0.0455    -0.0179 0.0000e+00
        154     -0.118     5.9162   0.006250     0.0455    -0.0180 0.0000e+00
        155     -0.116     5.9162   0.006246     0.0455    -0.0180 0.0000e+00
        156     -0.114     5.9164   0.006248     0.0455    -0.0180 0.0000e+00
        157     -0.114     5.9166   0.006251     0.0455    -0.0180 0.0000e+00
        158     -0.117     5.9166   0.006253     0.0455    -0.0180 0.0000e+00
        159     -0.118     5.9168   0.006253     0.0455    -0.0180 0.0000e+00
        160     -0.117     5.9169   0.006250     0.0455    -0.0180 0.0000e+00
        161     -0.119     5.9171   0.006249     0.0455    -0.0180 0.0000e+00
        162     -0.121     5.9174   0.006250     0.0455    -0.0180 0.0000e+00
        163     -0.121     5.9177   0.006250     0.0455    -0.0180 0.0000e+00
        164     -0.121     5.9178   0.006251     0.0455    -0.0180 0.0000e+00
        165     -0.121     5.9176   0.006250     0.0455    -0.0180 0.0000e+00
        166     -0.120     5.9162   0.006244     0.0455    -0.0180 0.0000e+00
        167     -0.117     5.9129   0.006233     0.0454    -0.0180 0.0000e+00
        168     -0.112     5.9081   0.006216     0.0453    -0.0179 0.0000e+00
        169     -0.109     5.9044   0.006204     0.0452    -0.0179 0.0000e+00
        170     -0.110     5.9030   0.006202     0.0452    -0.0178 0.0000e+00
        171     -0.114     5.9030   0.006204     0.0452    -0.0178 0.0000e+00
        172     -0.118     5.9032   0.006211     0.0452    -0.0178 0.0000e+00
        173     -0.120     5.9032   0.006223     0.0453    -0.0177 0.0000e+00
        174     -0.121     5.9032   0.006235     0.0454    -0.0176 0.0000e+00
        175     -0.123     5.9035   0.006242     0.0455    -0.0176 0.0000e+00
        176     -0.122     5.9039   0.006241     0.0454    -0.0176 0.0000e+00
        177     -0.120     5.9044   0.006235     0.0454    -0.0177 0.0000e+00
        178     -0.119     5.9047   0.006233     0.0454    -0.0177 0.0000e+00
        179     -0.119     5.9050   0.006235     0.0454    -0.0177 0.0000e+00
        180     -0.120     5.9053   0.006242     0.0454    -0.0177 0.0000e+00
        181     -0.124     5.9057   0.006249     0.0455    -0.0176 0.0000e+00
        182     -0.124     5.9063   0.006251     0.0455    -0.0176 0.0000e+00
        183     -0.121     5.9069   0.006255     0.0455    -0.0176 0.0000e+00
        184     -0.123     5.9072   0.006259     0.0456    -0.0176 0.0000e+00
        185     -0.127     5.9074   0.006260     0.0456    -0.0176 0.0000e+00
        186     -0.128     5.9072   0.006257     0.0456    -0.0176 0.0000e+00
        187     -0.127     5.9067   0.006251     0.0455    -0.0177 0.0000e+00
        188     -0.128     5.9055   0.006239     0.0454    -0.0177 0.0000e+00
        189     -0.128     5.9040   0.006231     0.0454    -0.0177 0.0000e+00
        190     -0.127     5.9030   0.006229     0.0454    -0.0177 0.0000e+00
        191     -0.126     5.9030   0.006231     0.0454    -0.0177 0.0000e+00
        192     -0.124     5.9038   0.006236     0.0454    -0.0177 0.0000e+00
        193     -0.123     5.9047   0.006243     0.0455    -0.0176 0.0000e+00
        194     -0.124     5.9053   0.006249     0.0455    -0.0176 0.0000e+00
        195     -0.124     5.9059   0.006257     0.0456    -0.0176 0.0000e+00
        196     -0.122     5.9067   0.006266     0.0456    -0.0176 0.0000e+00
        197     -0.122     5.9074   0.006267     0.0456    -0.0176 0.0000e+00
        198     -0.126     5.9076   0.006265     0.0456    -0.0176 0.0000e+00
        199     -0.129     5.9074   0.006266     0.0456    -0.0176 0.0000e+00
        200     -0.128     5.9070   0.006271     0.0457    -0.0176 0.0000e+00
        201     -0.127     5.9065   0.006272     0.0457    -0.0175 0.0000e+00
        202     -0.126     5.9063   0.006273     0.0457    -0.0175 0.0000e+00
        203     -0.125     5.9061   0.006274     0.0457    -0.0175 0.0000e+00
        204     -0.124     5.9056   0.006273     0.0457    -0.0175 0.0000e+00
        205     -0.125     5.9054   0.006272     0.0457    -0.0175 0.0000e+00
