Datasets/Test_Dataset_39219_tow/originals/tel219_2021_038.cnv
* Sea-Bird SBE19plus Data File:
* Filename = C:/AQUIRE/tel219_2021_038.hex
* Software Version AquireV2 AF V2.0
* Temperature SN =  4020
* Conductivity SN =  4020
* System UpLoad Time = May 11 2021 20:18:23
** VESSEL/TRIP/SEQ STN: tel219_2021_038
** LATITUDE: 45 13.65 N
** LONGITUDE: 56 51.01 W
** DATE/TIME: 2021-05-11 19:10
** SOUNDING DEPTH (M): 0418
** PROBE TYPE: S4020
** CTD NUMBER:  38
** FORMAT: t
** COMMENTS: 
# nquan = 7                                 
# nvalues = 3878                        
# units = specified
# name 0 = scan: Scan Count
# name 1 = prdM: Pressure, Strain Gauge [db]
# name 2 = tv290C: Temperature [ITS-90, deg C]
# name 3 = c0S/m: Conductivity [S/m]
# name 4 = sal00: Salinity, Practical [PSU]
# name 5 = sigma-t00: Density [sigma-t, kg/m^3 ]
# name 6 = flag: flag
# span 0 =          1,       3878       
# span 1 =     -0.557,    421.709       
# span 2 =     1.8964,     8.7422       
# span 3 =   0.005632,   3.676102       
# span 4 =     0.0409,    35.1082       
# span 5 =    -0.0266,    27.6237       
# span 6 = 0.0000e+00, 0.0000e+00       
# interval = seconds: 1
# start_time = May 11 2021 19:10:03 [Instrument's time stamp, header]
# bad_flag = -9.990e-29
*END*
[from data line 2667]
       2668    421.373     5.5850   3.418341    35.0056    27.6094 0.0000e+00
       2669    421.383     5.5859   3.418453    35.0059    27.6096 0.0000e+00
       2670    421.383     5.5858   3.418465    35.0062    27.6098 0.0000e+00
       2671    421.370     5.5848   3.418391    35.0064    27.6101 0.0000e+00
       2672    421.346     5.5840   3.418287    35.0060    27.6099 0.0000e+00
       2673    421.320     5.5838   3.418251    35.0058    27.6098 0.0000e+00
       2674    421.308     5.5832   3.418226    35.0062    27.6101 0.0000e+00
       2675    421.313     5.5819   3.418087    35.0059    27.6101 0.0000e+00
       2676    421.329     5.5807   3.417959    35.0057    27.6101 0.0000e+00
       2677    421.348     5.5804   3.417946    35.0059    27.6102 0.0000e+00
       2678    421.359     5.5802   3.417949    35.0061    27.6104 0.0000e+00
       2679    421.361     5.5799   3.417908    35.0059    27.6104 0.0000e+00
       2680    421.358     5.5794   3.417855    35.0059    27.6103 0.0000e+00
       2681    421.349     5.5795   3.417848    35.0057    27.6102 0.0000e+00
       2682    421.331     5.5802   3.417911    35.0057    27.6101 0.0000e+00
       2683    421.309     5.5806   3.417963    35.0059    27.6102 0.0000e+00
       2684    421.294     5.5804   3.417925    35.0057    27.6101 0.0000e+00
       2685    421.294     5.5801   3.417881    35.0055    27.6099 0.0000e+00
       2686    421.305     5.5801   3.417898    35.0057    27.6101 0.0000e+00
       2687    421.322     5.5804   3.417925    35.0056    27.6100 0.0000e+00
       2688    421.339     5.5810   3.417957    35.0054    27.6098 0.0000e+00
       2689    421.346     5.5814   3.417985    35.0053    27.6096 0.0000e+00
       2690    421.330     5.5814   3.417992    35.0054    27.6097 0.0000e+00
       2691    421.297     5.5816   3.418032    35.0056    27.6099 0.0000e+00
       2692    421.273     5.5821   3.418102    35.0059    27.6101 0.0000e+00
       2693    421.273     5.5820   3.418089    35.0059    27.6100 0.0000e+00
       2694    421.287     5.5811   3.417990    35.0057    27.6100 0.0000e+00
       2695    421.296     5.5807   3.417942    35.0055    27.6099 0.0000e+00
       2696    421.293     5.5811   3.417976    35.0055    27.6099 0.0000e+00
       2697    421.280     5.5815   3.418017    35.0056    27.6099 0.0000e+00
       2698    421.269     5.5815   3.418021    35.0056    27.6099 0.0000e+00
       2699    421.269     5.5812   3.418005    35.0057    27.6100 0.0000e+00
       2700    421.273     5.5809   3.417991    35.0059    27.6102 0.0000e+00
       2701    421.276     5.5807   3.417973    35.0059    27.6102 0.0000e+00
       2702    421.275     5.5802   3.417926    35.0059    27.6103 0.0000e+00
       2703    421.271     5.5798   3.417859    35.0055    27.6100 0.0000e+00
       2704    421.268     5.5797   3.417828    35.0053    27.6099 0.0000e+00
       2705    421.272     5.5802   3.417878    35.0053    27.6098 0.0000e+00
       2706    421.278     5.5814   3.418027    35.0058    27.6100 0.0000e+00
       2707    421.275     5.5823   3.418139    35.0061    27.6102 0.0000e+00
       2708    421.253     5.5823   3.418119    35.0059    27.6100 0.0000e+00
       2709    421.218     5.5814   3.418027    35.0058    27.6101 0.0000e+00
       2710    421.186     5.5797   3.417875    35.0059    27.6103 0.0000e+00
       2711    421.173     5.5778   3.417691    35.0057    27.6105 0.0000e+00
       2712    421.178     5.5766   3.417578    35.0057    27.6106 0.0000e+00
       2713    421.195     5.5759   3.417529    35.0059    27.6108 0.0000e+00
       2714    421.217     5.5753   3.417470    35.0058    27.6108 0.0000e+00
       2715    421.235     5.5750   3.417445    35.0058    27.6109 0.0000e+00
       2716    421.239     5.5751   3.417465    35.0059    27.6109 0.0000e+00
       2717    421.225     5.5751   3.417468    35.0060    27.6110 0.0000e+00
       2718    421.199     5.5749   3.417435    35.0058    27.6109 0.0000e+00
       2719    421.179     5.5742   3.417348    35.0056    27.6108 0.0000e+00
       2720    421.176     5.5733   3.417254    35.0054    27.6108 0.0000e+00
       2721    421.185     5.5730   3.417226    35.0054    27.6108 0.0000e+00
       2722    421.189     5.5732   3.417256    35.0056    27.6109 0.0000e+00
       2723    421.183     5.5736   3.417305    35.0057    27.6109 0.0000e+00
       2724    421.175     5.5740   3.417346    35.0058    27.6109 0.0000e+00
       2725    421.172     5.5745   3.417378    35.0056    27.6108 0.0000e+00
       2726    421.176     5.5751   3.417425    35.0055    27.6106 0.0000e+00
       2727    421.181     5.5755   3.417465    35.0056    27.6106 0.0000e+00
       2728    421.180     5.5755   3.417473    35.0056    27.6107 0.0000e+00
       2729    421.173     5.5755   3.417462    35.0055    27.6106 0.0000e+00
       2730    421.161     5.5757   3.417474    35.0055    27.6105 0.0000e+00
       2731    421.148     5.5762   3.417533    35.0056    27.6106 0.0000e+00
       2732    421.140     5.5763   3.417550    35.0057    27.6106 0.0000e+00
       2733    421.136     5.5758   3.417483    35.0055    27.6105 0.0000e+00
       2734    421.140     5.5751   3.417413    35.0054    27.6105 0.0000e+00
       2735    421.151     5.5743   3.417353    35.0055    27.6107 0.0000e+00
       2736    421.162     5.5737   3.417292    35.0055    27.6107 0.0000e+00
       2737    421.163     5.5733   3.417272    35.0056    27.6109 0.0000e+00
       2738    421.148     5.5732   3.417269    35.0057    27.6110 0.0000e+00
       2739    421.123     5.5734   3.417277    35.0056    27.6109 0.0000e+00
       2740    421.101     5.5736   3.417295    35.0056    27.6109 0.0000e+00
       2741    421.094     5.5733   3.417247    35.0054    27.6107 0.0000e+00
       2742    421.102     5.5727   3.417172    35.0052    27.6106 0.0000e+00
       2743    421.115     5.5724   3.417146    35.0052    27.6107 0.0000e+00
       2744    421.120     5.5725   3.417159    35.0052    27.6107 0.0000e+00
       2745    421.116     5.5732   3.417213    35.0051    27.6105 0.0000e+00
       2746    421.108     5.5738   3.417276    35.0052    27.6105 0.0000e+00
       2747    421.105     5.5739   3.417283    35.0052    27.6105 0.0000e+00
       2748    421.109     5.5739   3.417279    35.0051    27.6104 0.0000e+00
       2749    421.116     5.5743   3.417321    35.0052    27.6104 0.0000e+00
       2750    421.118     5.5748   3.417381    35.0054    27.6105 0.0000e+00
       2751    421.105     5.5747   3.417415    35.0059    27.6109 0.0000e+00
       2752    421.084     5.5742   3.417382    35.0060    27.6111 0.0000e+00
       2753    421.067     5.5738   3.417309    35.0056    27.6108 0.0000e+00
       2754    421.063     5.5733   3.417246    35.0054    27.6107 0.0000e+00
       2755    421.067     5.5734   3.417248    35.0053    27.6107 0.0000e+00
       2756    421.067     5.5740   3.417317    35.0055    27.6107 0.0000e+00
       2757    421.058     5.5741   3.417334    35.0056    27.6108 0.0000e+00
       2758    421.047     5.5733   3.417245    35.0054    27.6107 0.0000e+00
       2759    421.040     5.5723   3.417136    35.0052    27.6107 0.0000e+00
       2760    421.045     5.5716   3.417060    35.0051    27.6107 0.0000e+00
       2761    421.058     5.5712   3.417021    35.0050    27.6107 0.0000e+00
       2762    421.068     5.5714   3.417032    35.0049    27.6106 0.0000e+00
       2763    421.067     5.5719   3.417081    35.0050    27.6106 0.0000e+00
       2764    421.050     5.5723   3.417120    35.0050    27.6106 0.0000e+00
       2765    421.013     5.5726   3.417141    35.0050    27.6105 0.0000e+00
       2766    420.970     5.5736   3.417234    35.0050    27.6104 0.0000e+00
       2767    420.947     5.5756   3.417440    35.0053    27.6104 0.0000e+00
       2768    420.951     5.5779   3.417668    35.0055    27.6102 0.0000e+00
       2769    420.972     5.5793   3.417794    35.0055    27.6100 0.0000e+00
       2770    420.994     5.5797   3.417806    35.0052    27.6098 0.0000e+00
       2771    421.000     5.5797   3.417791    35.0050    27.6096 0.0000e+00
       2772    420.989     5.5797   3.417791    35.0050    27.6096 0.0000e+00
       2773    420.976     5.5797   3.417801    35.0051    27.6097 0.0000e+00
       2774    420.976     5.5797   3.417824    35.0054    27.6099 0.0000e+00
       2775    420.982     5.5793   3.417803    35.0056    27.6101 0.0000e+00
       2776    420.982     5.5780   3.417692    35.0056    27.6104 0.0000e+00
       2777    420.972     5.5766   3.417563    35.0056    27.6105 0.0000e+00
       2778    420.953     5.5756   3.417474    35.0057    27.6107 0.0000e+00
       2779    420.936     5.5754   3.417447    35.0056    27.6106 0.0000e+00
       2780    420.932     5.5751   3.417415    35.0055    27.6106 0.0000e+00
       2781    420.941     5.5743   3.417321    35.0053    27.6105 0.0000e+00
       2782    420.957     5.5735   3.417262    35.0054    27.6107 0.0000e+00
       2783    420.969     5.5731   3.417269    35.0059    27.6112 0.0000e+00
       2784    420.966     5.5731   3.417265    35.0059    27.6111 0.0000e+00
       2785    420.951     5.5732   3.417238    35.0055    27.6108 0.0000e+00
       2786    420.931     5.5734   3.417238    35.0053    27.6106 0.0000e+00
       2787    420.910     5.5737   3.417269    35.0053    27.6106 0.0000e+00
       2788    420.894     5.5739   3.417281    35.0053    27.6106 0.0000e+00
       2789    420.886     5.5741   3.417293    35.0052    27.6105 0.0000e+00
       2790    420.891     5.5743   3.417305    35.0051    27.6104 0.0000e+00
       2791    420.911     5.5745   3.417316    35.0050    27.6103 0.0000e+00
       2792    420.932     5.5749   3.417373    35.0053    27.6104 0.0000e+00
       2793    420.943     5.5749   3.417397    35.0055    27.6106 0.0000e+00
       2794    420.938     5.5746   3.417370    35.0055    27.6107 0.0000e+00
       2795    420.920     5.5742   3.417343    35.0056    27.6108 0.0000e+00
       2796    420.899     5.5738   3.417278    35.0053    27.6106 0.0000e+00
       2797    420.883     5.5733   3.417222    35.0052    27.6106 0.0000e+00
       2798    420.882     5.5730   3.417210    35.0054    27.6108 0.0000e+00
       2799    420.896     5.5728   3.417185    35.0053    27.6107 0.0000e+00
       2800    420.919     5.5730   3.417177    35.0050    27.6105 0.0000e+00
       2801    420.940     5.5735   3.417229    35.0051    27.6104 0.0000e+00
       2802    420.949     5.5739   3.417279    35.0052    27.6105 0.0000e+00
       2803    420.952     5.5738   3.417262    35.0051    27.6105 0.0000e+00
       2804    420.963     5.5733   3.417203    35.0050    27.6104 0.0000e+00
       2805    420.985     5.5729   3.417176    35.0051    27.6105 0.0000e+00
       2806    421.010     5.5730   3.417190    35.0051    27.6105 0.0000e+00
       2807    421.034     5.5735   3.417254    35.0053    27.6106 0.0000e+00
       2808    421.058     5.5737   3.417284    35.0054    27.6107 0.0000e+00
       2809    421.079     5.5730   3.417191    35.0051    27.6105 0.0000e+00
       2810    421.085     5.5724   3.417105    35.0047    27.6103 0.0000e+00
       2811    421.065     5.5729   3.417173    35.0050    27.6105 0.0000e+00
       2812    421.017     5.5739   3.417312    35.0056    27.6108 0.0000e+00
       2813    420.951     5.5744   3.417337    35.0054    27.6106 0.0000e+00
       2814    420.875     5.5747   3.417324    35.0049    27.6102 0.0000e+00
       2815    420.786     5.5751   3.417380    35.0052    27.6104 0.0000e+00
       2816    420.683     5.5753   3.417411    35.0054    27.6105 0.0000e+00
       2817    420.573     5.5749   3.417371    35.0054    27.6106 0.0000e+00
       2818    420.454     5.5747   3.417325    35.0052    27.6104 0.0000e+00
       2819    420.322     5.5747   3.417313    35.0051    27.6103 0.0000e+00
       2820    420.177     5.5749   3.417332    35.0052    27.6104 0.0000e+00
       2821    420.023     5.5753   3.417355    35.0051    27.6103 0.0000e+00
       2822    419.863     5.5756   3.417361    35.0049    27.6101 0.0000e+00
       2823    419.700     5.5768   3.417401    35.0042    27.6094 0.0000e+00
       2824    419.533     5.5791   3.417580    35.0040    27.6089 0.0000e+00
       2825    419.356     5.5818   3.417837    35.0042    27.6087 0.0000e+00
       2826    419.165     5.5833   3.417904    35.0035    27.6080 0.0000e+00
       2827    418.963     5.5830   3.417778    35.0025    27.6072 0.0000e+00
       2828    418.760     5.5820   3.417691    35.0026    27.6075 0.0000e+00
       2829    418.555     5.5823   3.417734    35.0029    27.6077 0.0000e+00
       2830    418.345     5.5850   3.417973    35.0029    27.6073 0.0000e+00
       2831    418.130     5.5882   3.418236    35.0027    27.6068 0.0000e+00
       2832    417.912     5.5890   3.418253    35.0022    27.6063 0.0000e+00
       2833    417.688     5.5875   3.418248    35.0038    27.6077 0.0000e+00
       2834    417.456     5.5864   3.418318    35.0059    27.6095 0.0000e+00
       2835    417.222     5.5867   3.418271    35.0051    27.6089 0.0000e+00
       2836    416.986     5.5876   3.418182    35.0033    27.6073 0.0000e+00
       2837    416.748     5.5883   3.418201    35.0029    27.6069 0.0000e+00
       2838    416.508     5.5881   3.418299    35.0044    27.6081 0.0000e+00
       2839    416.260     5.5877   3.418362    35.0056    27.6091 0.0000e+00
       2840    416.005     5.5884   3.418357    35.0050    27.6085 0.0000e+00
       2841    415.748     5.5910   3.418378    35.0027    27.6064 0.0000e+00
       2842    415.489     5.5935   3.418699    35.0038    27.6070 0.0000e+00
       2843    415.227     5.5961   3.419420    35.0095    27.6112 0.0000e+00
       2844    414.963     5.6003   3.420046    35.0124    27.6129 0.0000e+00
       2845    414.699     5.6042   3.420130    35.0094    27.6101 0.0000e+00
       2846    414.438     5.6052   3.419970    35.0067    27.6078 0.0000e+00
       2847    414.183     5.6044   3.419882    35.0067    27.6079 0.0000e+00
       2848    413.927     5.6068   3.419835    35.0038    27.6053 0.0000e+00
       2849    413.664     5.6207   3.420423    34.9962    27.5976 0.0000e+00
       2850    413.394     5.6488   3.422156    34.9869    27.5868 0.0000e+00
       2851    413.118     5.6783   3.423857    34.9759    27.5744 0.0000e+00
       2852    412.841     5.6949   3.424202    34.9628    27.5619 0.0000e+00
       2853    412.567     5.6986   3.423690    34.9533    27.5539 0.0000e+00
       2854    412.294     5.6979   3.423595    34.9531    27.5539 0.0000e+00
       2855    412.023     5.6979   3.423758    34.9550    27.5554 0.0000e+00
       2856    411.753     5.6992   3.423889    34.9553    27.5555 0.0000e+00
       2857    411.488     5.7074   3.425478    34.9650    27.5621 0.0000e+00
       2858    411.229     5.7235   3.427883    34.9758    27.5686 0.0000e+00
       2859    410.970     5.7370   3.428781    34.9722    27.5641 0.0000e+00
       2860    410.708     5.7437   3.429093    34.9689    27.5607 0.0000e+00
       2861    410.444     5.7439   3.429202    34.9701    27.5616 0.0000e+00
       2862    410.181     5.7335   3.428127    34.9688    27.5618 0.0000e+00
       2863    409.921     5.7169   3.427712    34.9814    27.5739 0.0000e+00
       2864    409.665     5.7069   3.429023    35.0067    27.5952 0.0000e+00
       2865    409.414     5.7085   3.430647    35.0236    27.6084 0.0000e+00
       2866    409.173     5.7196   3.431243    35.0190    27.6033 0.0000e+00
       2867    408.941     5.7438   3.432084    35.0036    27.5881 0.0000e+00
       2868    408.712     5.7806   3.434970    34.9984    27.5794 0.0000e+00
       2869    408.481     5.8151   3.438211    34.9996    27.5760 0.0000e+00
       2870    408.249     5.8355   3.440066    34.9996    27.5734 0.0000e+00
       2871    408.014     5.8444   3.440249    34.9926    27.5668 0.0000e+00
