Datasets/Test_Dataset_39219_tow/originals/tel219_2021_055.cnv
* Sea-Bird SBE19plus Data File:
* Filename = C:/AQUIRE/tel219_2021_055.hex
* Software Version AquireV2 AF V2.0
* Temperature SN =  4020
* Conductivity SN =  4020
* System UpLoad Time = May 13 2021 22:26:11
** VESSEL/TRIP/SEQ STN: tel219_2021_055
** LATITUDE: 45 08.53 N
** LONGITUDE: 55 10.45 W
** DATE/TIME: 2021-05-13 21:42
** SOUNDING DEPTH (M): 0208
** PROBE TYPE: S4020
** CTD NUMBER:  55
** FORMAT: t
** COMMENTS: 
# nquan = 7                                 
# nvalues = 2531                        
# units = specified
# name 0 = scan: Scan Count
# name 1 = prdM: Pressure, Strain Gauge [db]
# name 2 = tv290C: Temperature [ITS-90, deg C]
# name 3 = c0S/m: Conductivity [S/m]
# name 4 = sal00: Salinity, Practical [PSU]
# name 5 = sigma-t00: Density [sigma-t, kg/m^3 ]
# name 6 = flag: flag
# span 0 =          1,       2531       
# span 1 =     -0.453,    207.730       
# span 2 =     1.1984,     8.4384       
# span 3 =   0.012343,   3.665333       
# span 4 =     0.0924,    34.9377       
# span 5 =     0.0373,    27.1610       
# span 6 = 0.0000e+00, 0.0000e+00       
# interval = seconds: 1
# start_time = May 13 2021 21:42:29 [Instrument's time stamp, header]
# bad_flag = -9.990e-29
*END*
[from data line 2052]
       2053     -0.302     4.7615   0.043726     0.3460     0.2482 0.0000e+00
       2054     -0.303     4.7613   0.043899     0.3474     0.2494 0.0000e+00
       2055     -0.304     4.7611   0.043985     0.3481     0.2499 0.0000e+00
       2056     -0.305     4.7612   0.043738     0.3461     0.2483 0.0000e+00
       2057     -0.307     4.7614   0.043243     0.3420     0.2450 0.0000e+00
       2058     -0.307     4.7614   0.042817     0.3385     0.2422 0.0000e+00
       2059     -0.305     4.7613   0.042740     0.3379     0.2417 0.0000e+00
       2060     -0.302     4.7614   0.042998     0.3400     0.2434 0.0000e+00
       2061     -0.303     4.7615   0.043049     0.3404     0.2438 0.0000e+00
       2062     -0.304     4.7615   0.042555     0.3364     0.2405 0.0000e+00
       2063     -0.305     4.7615   0.042058     0.3323     0.2372 0.0000e+00
       2064     -0.304     4.7613   0.041869     0.3308     0.2360 0.0000e+00
       2065     -0.303     4.7608   0.041720     0.3295     0.2350 0.0000e+00
       2066     -0.301     4.7604   0.042074     0.3324     0.2373 0.0000e+00
       2067     -0.298     4.7600   0.043096     0.3408     0.2441 0.0000e+00
       2068     -0.296     4.7598   0.043688     0.3457     0.2480 0.0000e+00
       2069     -0.294     4.7594   0.043560     0.3447     0.2472 0.0000e+00
       2070     -0.291     4.7592   0.043339     0.3429     0.2457 0.0000e+00
       2071     -0.290     4.7592   0.043219     0.3419     0.2449 0.0000e+00
       2072     -0.291     4.7594   0.043267     0.3423     0.2452 0.0000e+00
       2073     -0.294     4.7595   0.043563     0.3447     0.2472 0.0000e+00
       2074     -0.295     4.7597   0.043784     0.3465     0.2486 0.0000e+00
       2075     -0.293     4.7599   0.043552     0.3446     0.2471 0.0000e+00
       2076     -0.294     4.7599   0.043095     0.3408     0.2441 0.0000e+00
       2077     -0.297     4.7601   0.042765     0.3381     0.2419 0.0000e+00
       2078     -0.297     4.7603   0.042589     0.3367     0.2407 0.0000e+00
       2079     -0.296     4.7603   0.042454     0.3356     0.2399 0.0000e+00
       2080     -0.294     4.7603   0.042265     0.3340     0.2386 0.0000e+00
       2081     -0.292     4.7603   0.042010     0.3319     0.2369 0.0000e+00
       2082     -0.292     4.7603   0.041722     0.3296     0.2350 0.0000e+00
       2083     -0.293     4.7605   0.041414     0.3270     0.2330 0.0000e+00
       2084     -0.292     4.7607   0.041114     0.3246     0.2310 0.0000e+00
       2085     -0.290     4.7608   0.040832     0.3223     0.2292 0.0000e+00
       2086     -0.287     4.7611   0.040516     0.3197     0.2271 0.0000e+00
       2087     -0.286     4.7614   0.040173     0.3168     0.2248 0.0000e+00
       2088     -0.285     4.7615   0.039858     0.3143     0.2227 0.0000e+00
       2089     -0.284     4.7615   0.039587     0.3120     0.2210 0.0000e+00
       2090     -0.283     4.7616   0.039363     0.3102     0.2195 0.0000e+00
       2091     -0.281     4.7615   0.039223     0.3091     0.2186 0.0000e+00
       2092     -0.281     4.7615   0.039262     0.3094     0.2188 0.0000e+00
       2093     -0.283     4.7615   0.039434     0.3108     0.2200 0.0000e+00
       2094     -0.284     4.7615   0.039498     0.3113     0.2204 0.0000e+00
       2095     -0.285     4.7616   0.039367     0.3102     0.2195 0.0000e+00
       2096     -0.287     4.7618   0.039174     0.3087     0.2182 0.0000e+00
       2097     -0.285     4.7618   0.039018     0.3074     0.2172 0.0000e+00
       2098     -0.285     4.7619   0.038928     0.3066     0.2166 0.0000e+00
       2099     -0.287     4.7619   0.038960     0.3069     0.2168 0.0000e+00
       2100     -0.286     4.7619   0.039136     0.3084     0.2180 0.0000e+00
       2101     -0.282     4.7619   0.039328     0.3099     0.2193 0.0000e+00
       2102     -0.280     4.7620   0.039400     0.3105     0.2197 0.0000e+00
       2103     -0.280     4.7619   0.039368     0.3102     0.2195 0.0000e+00
       2104     -0.280     4.7618   0.039384     0.3104     0.2196 0.0000e+00
       2105     -0.280     4.7618   0.039522     0.3115     0.2205 0.0000e+00
       2106     -0.279     4.7618   0.039710     0.3131     0.2218 0.0000e+00
       2107     -0.279     4.7618   0.039828     0.3140     0.2225 0.0000e+00
       2108     -0.278     4.7618   0.039812     0.3139     0.2224 0.0000e+00
       2109     -0.277     4.7617   0.039760     0.3135     0.2221 0.0000e+00
       2110     -0.275     4.7615   0.039872     0.3144     0.2228 0.0000e+00
       2111     -0.272     4.7615   0.040135     0.3165     0.2246 0.0000e+00
       2112     -0.271     4.7615   0.040272     0.3177     0.2255 0.0000e+00
       2113     -0.272     4.7615   0.040142     0.3166     0.2246 0.0000e+00
       2114     -0.274     4.7615   0.039914     0.3147     0.2231 0.0000e+00
       2115     -0.276     4.7615   0.039821     0.3140     0.2225 0.0000e+00
       2116     -0.277     4.7615   0.039868     0.3143     0.2228 0.0000e+00
       2117     -0.276     4.7615   0.039888     0.3145     0.2229 0.0000e+00
       2118     -0.272     4.7615   0.039812     0.3139     0.2224 0.0000e+00
       2119     -0.268     4.7615   0.039697     0.3129     0.2217 0.0000e+00
       2120     -0.267     4.7614   0.039591     0.3121     0.2210 0.0000e+00
       2121     -0.268     4.7613   0.039475     0.3111     0.2202 0.0000e+00
       2122     -0.268     4.7613   0.039348     0.3101     0.2194 0.0000e+00
       2123     -0.269     4.7613   0.039280     0.3095     0.2190 0.0000e+00
       2124     -0.270     4.7613   0.039307     0.3098     0.2191 0.0000e+00
       2125     -0.270     4.7613   0.039352     0.3101     0.2194 0.0000e+00
       2126     -0.270     4.7611   0.039299     0.3097     0.2191 0.0000e+00
       2127     -0.271     4.7611   0.039131     0.3083     0.2180 0.0000e+00
       2128     -0.275     4.7609   0.038974     0.3070     0.2169 0.0000e+00
       2129     -0.276     4.7608   0.038911     0.3065     0.2165 0.0000e+00
       2130     -0.274     4.7609   0.038858     0.3061     0.2162 0.0000e+00
       2131     -0.271     4.7612   0.038796     0.3056     0.2158 0.0000e+00
       2132     -0.268     4.7613   0.038780     0.3054     0.2157 0.0000e+00
       2133     -0.266     4.7613   0.038767     0.3053     0.2156 0.0000e+00
       2134     -0.265     4.7612   0.038669     0.3045     0.2149 0.0000e+00
       2135     -0.263     4.7611   0.038441     0.3027     0.2134 0.0000e+00
       2136     -0.261     4.7611   0.038178     0.3005     0.2117 0.0000e+00
       2137     -0.260     4.7611   0.038189     0.3006     0.2118 0.0000e+00
       2138     -0.259     4.7611   0.038781     0.3055     0.2157 0.0000e+00
       2139     -0.257     4.7611   0.039618     0.3123     0.2212 0.0000e+00
       2140     -0.257     4.7611   0.039903     0.3146     0.2230 0.0000e+00
       2141     -0.256     4.7611   0.039527     0.3116     0.2206 0.0000e+00
       2142     -0.255     4.7611   0.039106     0.3081     0.2178 0.0000e+00
       2143     -0.257     4.7611   0.039042     0.3076     0.2174 0.0000e+00
       2144     -0.261     4.7611   0.039220     0.3090     0.2186 0.0000e+00
       2145     -0.260     4.7611   0.039344     0.3101     0.2194 0.0000e+00
       2146     -0.258     4.7610   0.039278     0.3095     0.2189 0.0000e+00
       2147     -0.255     4.7608   0.039105     0.3081     0.2178 0.0000e+00
       2148     -0.253     4.7608   0.038921     0.3066     0.2166 0.0000e+00
       2149     -0.255     4.7608   0.038672     0.3046     0.2150 0.0000e+00
       2150     -0.256     4.7608   0.038264     0.3012     0.2123 0.0000e+00
       2151     -0.256     4.7608   0.037781     0.2973     0.2091 0.0000e+00
       2152     -0.257     4.7608   0.037601     0.2958     0.2079 0.0000e+00
       2153     -0.259     4.7608   0.037998     0.2991     0.2105 0.0000e+00
       2154     -0.258     4.7608   0.038727     0.3050     0.2153 0.0000e+00
       2155     -0.257     4.7610   0.039260     0.3094     0.2188 0.0000e+00
       2156     -0.257     4.7610   0.039176     0.3087     0.2183 0.0000e+00
       2157     -0.256     4.7611   0.038519     0.3033     0.2140 0.0000e+00
       2158     -0.255     4.7611   0.037880     0.2981     0.2098 0.0000e+00
       2159     -0.255     4.7611   0.037776     0.2972     0.2091 0.0000e+00
       2160     -0.256     4.7613   0.038209     0.3008     0.2119 0.0000e+00
       2161     -0.256     4.7613   0.038855     0.3061     0.2162 0.0000e+00
       2162     -0.255     4.7613   0.039224     0.3091     0.2186 0.0000e+00
       2163     -0.253     4.7613   0.038947     0.3068     0.2168 0.0000e+00
       2164     -0.255     4.7611   0.038185     0.3006     0.2118 0.0000e+00
       2165     -0.258     4.7611   0.037524     0.2952     0.2074 0.0000e+00
       2166     -0.257     4.7611   0.037271     0.2931     0.2058 0.0000e+00
       2167     -0.257     4.7612   0.037281     0.2932     0.2058 0.0000e+00
       2168     -0.257     4.7612   0.037462     0.2947     0.2070 0.0000e+00
       2169     -0.257     4.7612   0.037847     0.2978     0.2095 0.0000e+00
       2170     -0.259     4.7613   0.038188     0.3006     0.2118 0.0000e+00
       2171     -0.260     4.7613   0.038017     0.2992     0.2107 0.0000e+00
       2172     -0.260     4.7613   0.037309     0.2934     0.2060 0.0000e+00
       2173     -0.259     4.7613   0.036683     0.2883     0.2019 0.0000e+00
       2174     -0.257     4.7613   0.036679     0.2883     0.2019 0.0000e+00
       2175     -0.255     4.7613   0.037285     0.2932     0.2059 0.0000e+00
       2176     -0.251     4.7613   0.037960     0.2987     0.2103 0.0000e+00
       2177     -0.248     4.7612   0.038073     0.2997     0.2110 0.0000e+00
       2178     -0.250     4.7611   0.037583     0.2957     0.2078 0.0000e+00
       2179     -0.252     4.7611   0.036901     0.2901     0.2034 0.0000e+00
       2180     -0.252     4.7611   0.036399     0.2860     0.2001 0.0000e+00
       2181     -0.251     4.7613   0.036290     0.2851     0.1993 0.0000e+00
       2182     -0.249     4.7615   0.036489     0.2867     0.2006 0.0000e+00
       2183     -0.246     4.7615   0.036611     0.2877     0.2014 0.0000e+00
       2184     -0.245     4.7615   0.036355     0.2856     0.1998 0.0000e+00
       2185     -0.245     4.7615   0.035841     0.2814     0.1964 0.0000e+00
       2186     -0.246     4.7615   0.035394     0.2778     0.1935 0.0000e+00
       2187     -0.247     4.7616   0.035167     0.2760     0.1920 0.0000e+00
       2188     -0.249     4.7616   0.035053     0.2750     0.1912 0.0000e+00
       2189     -0.251     4.7616   0.034895     0.2737     0.1902 0.0000e+00
       2190     -0.250     4.7616   0.034707     0.2722     0.1890 0.0000e+00
       2191     -0.248     4.7616   0.034569     0.2711     0.1881 0.0000e+00
       2192     -0.247     4.7618   0.035804     0.2811     0.1962 0.0000e+00
       2193     -0.249     4.7618   0.046319     0.3674     0.2653 0.0000e+00
       2194     -0.251     4.7619   0.064343     0.5173     0.3855 0.0000e+00
       2195     -0.249     4.7621   0.071876     0.5806     0.4363 0.0000e+00
       2196     -0.249     4.7621   0.066653     0.5366     0.4011 0.0000e+00
       2197     -0.252     4.7622   0.058872     0.4715     0.3489 0.0000e+00
       2198     -0.255     4.7622   0.051866     0.4132     0.3021 0.0000e+00
       2199     -0.256     4.7622   0.046875     0.3719     0.2690 0.0000e+00
       2200     -0.257     4.7622   0.043928     0.3477     0.2495 0.0000e+00
       2201     -0.256     4.7622   0.042069     0.3324     0.2373 0.0000e+00
       2202     -0.248     4.7623   0.040961     0.3233     0.2300 0.0000e+00
       2203     -0.242     4.7624   0.039841     0.3141     0.2226 0.0000e+00
       2204     -0.241     4.7625   0.038094     0.2998     0.2111 0.0000e+00
       2205     -0.240     4.7626   0.036384     0.2859     0.1999 0.0000e+00
       2206     -0.239     4.7626   0.035352     0.2775     0.1932 0.0000e+00
       2207     -0.235     4.7626   0.034779     0.2728     0.1894 0.0000e+00
       2208     -0.231     4.7626   0.034355     0.2693     0.1867 0.0000e+00
       2209     -0.232     4.7626   0.033914     0.2658     0.1838 0.0000e+00
       2210     -0.236     4.7626   0.033429     0.2618     0.1806 0.0000e+00
       2211     -0.239     4.7626   0.032994     0.2583     0.1778 0.0000e+00
       2212     -0.240     4.7626   0.032626     0.2553     0.1754 0.0000e+00
       2213     -0.241     4.7626   0.032335     0.2529     0.1735 0.0000e+00
       2214     -0.241     4.7626   0.032164     0.2515     0.1724 0.0000e+00
       2215     -0.239     4.7626   0.032093     0.2510     0.1719 0.0000e+00
       2216     -0.237     4.7625   0.031992     0.2501     0.1713 0.0000e+00
       2217     -0.238     4.7625   0.031706     0.2478     0.1694 0.0000e+00
       2218     -0.240     4.7625   0.031332     0.2448     0.1670 0.0000e+00
       2219     -0.242     4.7625   0.031117     0.2431     0.1656 0.0000e+00
       2220     -0.242     4.7626   0.031039     0.2424     0.1651 0.0000e+00
       2221     -0.240     4.7626   0.030921     0.2415     0.1643 0.0000e+00
       2222     -0.239     4.7626   0.030727     0.2399     0.1630 0.0000e+00
       2223     -0.238     4.7626   0.030524     0.2383     0.1617 0.0000e+00
       2224     -0.238     4.7626   0.030392     0.2372     0.1609 0.0000e+00
       2225     -0.241     4.7626   0.030309     0.2365     0.1603 0.0000e+00
       2226     -0.243     4.7627   0.030177     0.2355     0.1595 0.0000e+00
       2227     -0.243     4.7628   0.029968     0.2338     0.1581 0.0000e+00
       2228     -0.242     4.7629   0.029755     0.2320     0.1567 0.0000e+00
       2229     -0.240     4.7630   0.029615     0.2309     0.1558 0.0000e+00
       2230     -0.238     4.7630   0.029512     0.2301     0.1551 0.0000e+00
       2231     -0.235     4.7630   0.029331     0.2286     0.1540 0.0000e+00
       2232     -0.235     4.7630   0.029062     0.2264     0.1522 0.0000e+00
       2233     -0.236     4.7631   0.028818     0.2245     0.1506 0.0000e+00
       2234     -0.236     4.7631   0.028702     0.2235     0.1499 0.0000e+00
       2235     -0.236     4.7631   0.028675     0.2233     0.1497 0.0000e+00
       2236     -0.240     4.7631   0.028602     0.2227     0.1492 0.0000e+00
       2237     -0.244     4.7631   0.028426     0.2213     0.1481 0.0000e+00
       2238     -0.243     4.7631   0.028232     0.2197     0.1468 0.0000e+00
       2239     -0.239     4.7631   0.028118     0.2188     0.1461 0.0000e+00
       2240     -0.234     4.7633   0.028077     0.2185     0.1458 0.0000e+00
       2241     -0.231     4.7633   0.028045     0.2182     0.1456 0.0000e+00
       2242     -0.228     4.7633   0.027971     0.2176     0.1451 0.0000e+00
       2243     -0.227     4.7633   0.027821     0.2164     0.1442 0.0000e+00
       2244     -0.231     4.7633   0.027648     0.2150     0.1431 0.0000e+00
       2245     -0.236     4.7634   0.027546     0.2142     0.1424 0.0000e+00
       2246     -0.238     4.7634   0.027493     0.2138     0.1420 0.0000e+00
       2247     -0.238     4.7634   0.027437     0.2133     0.1417 0.0000e+00
       2248     -0.239     4.7634   0.027388     0.2129     0.1414 0.0000e+00
       2249     -0.238     4.7634   0.027298     0.2122     0.1408 0.0000e+00
       2250     -0.235     4.7635   0.027141     0.2109     0.1398 0.0000e+00
       2251     -0.236     4.7636   0.026989     0.2097     0.1388 0.0000e+00
       2252     -0.237     4.7636   0.026868     0.2087     0.1380 0.0000e+00
       2253     -0.234     4.7637   0.026780     0.2080     0.1374 0.0000e+00
       2254     -0.230     4.7637   0.026766     0.2079     0.1373 0.0000e+00
       2255     -0.229     4.7637   0.026795     0.2082     0.1375 0.0000e+00
       2256     -0.231     4.7637   0.026744     0.2078     0.1372 0.0000e+00
