Datasets/Test_Dataset_39219_tow/originals/tel219_2021_004.cnv
* Sea-Bird SBE19plus Data File:
* Filename = C:/AQUIRE/tel219_2021_004.hex
* Software Version AquireV2 AF V2.0
* Temperature SN =  4020
* Conductivity SN =  4020
* System UpLoad Time = May 06 2021 06:45:21
** VESSEL/TRIP/SEQ STN: tel219_2021_004
** LATITUDE: 45 47.39 N
** LONGITUDE: 54 58.12 W
** DATE/TIME: 2021-05-06 06:09
** SOUNDING DEPTH (M): 0069
** PROBE TYPE: S4020
** CTD NUMBER:   4
** FORMAT: T
** COMMENTS: 
# nquan = 7                                 
# nvalues = 2189                        
# units = specified
# name 0 = scan: Scan Count
# name 1 = prdM: Pressure, Strain Gauge [db]
# name 2 = tv290C: Temperature [ITS-90, deg C]
# name 3 = c0S/m: Conductivity [S/m]
# name 4 = sal00: Salinity, Practical [PSU]
# name 5 = sigma-t00: Density [sigma-t, kg/m^3 ]
# name 6 = flag: flag
# span 0 =          1,       2189       
# span 1 =     -0.109,     65.581       
# span 2 =     0.7090,     3.6448       
# span 3 =   0.002382,   3.006627       
# span 4 =     0.0177,    32.6473       
# span 5 =    -0.0307,    26.1462       
# span 6 = 0.0000e+00, 0.0000e+00       
# interval = seconds: 1
# start_time = May 06 2021 06:09:44 [Instrument's time stamp, header]
# bad_flag = -9.990e-29
*END*
[from data line 2052]
       2053      0.019     3.4791   0.014807     0.1168     0.0675 0.0000e+00
       2054      0.019     3.4787   0.014354     0.1131     0.0645 0.0000e+00
       2055      0.021     3.4783   0.013707     0.1078     0.0602 0.0000e+00
       2056      0.020     3.4779   0.012906     0.1013     0.0549 0.0000e+00
       2057      0.017     3.4775   0.012034     0.0942     0.0492 0.0000e+00
       2058      0.015     3.4772   0.011316     0.0884     0.0445 0.0000e+00
       2059      0.015     3.4768   0.010898     0.0850     0.0418 0.0000e+00
       2060      0.018     3.4763   0.010589     0.0825     0.0397 0.0000e+00
       2061      0.021     3.4758   0.010196     0.0794     0.0372 0.0000e+00
       2062      0.018     3.4754   0.009721     0.0755     0.0341 0.0000e+00
       2063      0.013     3.4752   0.009230     0.0716     0.0309 0.0000e+00
       2064      0.014     3.4748   0.008801     0.0681     0.0281 0.0000e+00
       2065      0.017     3.4744   0.008446     0.0653     0.0258 0.0000e+00
       2066      0.017     3.4740   0.008005     0.0618     0.0229 0.0000e+00
       2067      0.017     3.4734   0.007350     0.0565     0.0187 0.0000e+00
       2068      0.017     3.4730   0.006562     0.0503     0.0136 0.0000e+00
       2069      0.014     3.4725   0.005671     0.0432     0.0079 0.0000e+00
       2070      0.012     3.4721   0.004877     0.0370     0.0028 0.0000e+00
       2071      0.012     3.4716   0.004521     0.0342     0.0006 0.0000e+00
       2072      0.012     3.4712   0.004468     0.0338     0.0002 0.0000e+00
       2073      0.012     3.4708   0.004444     0.0336     0.0001 0.0000e+00
       2074      0.010     3.4704   0.004417     0.0334    -0.0001 0.0000e+00
       2075      0.009     3.4699   0.004393     0.0332    -0.0002 0.0000e+00
       2076      0.005     3.4695   0.004376     0.0331    -0.0003 0.0000e+00
       2077      0.002     3.4692   0.004366     0.0330    -0.0004 0.0000e+00
       2078      0.005     3.4688   0.004361     0.0330    -0.0004 0.0000e+00
       2079      0.008     3.4684   0.004355     0.0329    -0.0005 0.0000e+00
       2080      0.006     3.4682   0.004342     0.0328    -0.0006 0.0000e+00
       2081      0.004     3.4677   0.004329     0.0327    -0.0007 0.0000e+00
       2082      0.007     3.4672   0.004318     0.0326    -0.0007 0.0000e+00
       2083      0.009     3.4668   0.004312     0.0326    -0.0008 0.0000e+00
       2084      0.006     3.4663   0.004310     0.0326    -0.0008 0.0000e+00
       2085      0.004     3.4660   0.004306     0.0325    -0.0008 0.0000e+00
       2086      0.003     3.4656   0.004296     0.0325    -0.0009 0.0000e+00
       2087      0.002     3.4652   0.004280     0.0323    -0.0010 0.0000e+00
       2088      0.005     3.4648   0.004268     0.0322    -0.0011 0.0000e+00
       2089      0.008     3.4644   0.004261     0.0322    -0.0011 0.0000e+00
       2090      0.008     3.4639   0.004254     0.0321    -0.0012 0.0000e+00
       2091      0.005     3.4635   0.004242     0.0320    -0.0012 0.0000e+00
       2092      0.002     3.4632   0.004229     0.0319    -0.0013 0.0000e+00
       2093     -0.000     3.4629   0.004219     0.0319    -0.0014 0.0000e+00
       2094     -0.001     3.4625   0.004213     0.0318    -0.0014 0.0000e+00
       2095     -0.001     3.4621   0.004209     0.0318    -0.0015 0.0000e+00
       2096     -0.002     3.4617   0.004214     0.0318    -0.0014 0.0000e+00
       2097     -0.001     3.4613   0.004233     0.0320    -0.0013 0.0000e+00
       2098      0.000     3.4610   0.004251     0.0321    -0.0012 0.0000e+00
       2099     -0.001     3.4606   0.004260     0.0322    -0.0011 0.0000e+00
       2100     -0.003     3.4603   0.004264     0.0322    -0.0011 0.0000e+00
       2101     -0.004     3.4600   0.004267     0.0322    -0.0011 0.0000e+00
       2102     -0.002     3.4596   0.004263     0.0322    -0.0011 0.0000e+00
       2103     -0.001     3.4593   0.004254     0.0321    -0.0012 0.0000e+00
       2104     -0.004     3.4590   0.004240     0.0320    -0.0013 0.0000e+00
       2105     -0.007     3.4586   0.004239     0.0320    -0.0013 0.0000e+00
       2106     -0.009     3.4581   0.004278     0.0323    -0.0011 0.0000e+00
       2107     -0.011     3.4577   0.004339     0.0328    -0.0007 0.0000e+00
       2108     -0.011     3.4573   0.004352     0.0329    -0.0006 0.0000e+00
       2109     -0.010     3.4570   0.004324     0.0327    -0.0008 0.0000e+00
       2110     -0.009     3.4568   0.004296     0.0325    -0.0010 0.0000e+00
       2111     -0.010     3.4564   0.004287     0.0324    -0.0010 0.0000e+00
       2112     -0.013     3.4561   0.004301     0.0325    -0.0009 0.0000e+00
       2113     -0.015     3.4558   0.004314     0.0326    -0.0008 0.0000e+00
       2114     -0.017     3.4554   0.004309     0.0326    -0.0009 0.0000e+00
       2115     -0.018     3.4551   0.004297     0.0325    -0.0010 0.0000e+00
       2116     -0.017     3.4547   0.004284     0.0324    -0.0010 0.0000e+00
       2117     -0.017     3.4543   0.004266     0.0322    -0.0012 0.0000e+00
       2118     -0.019     3.4539   0.004248     0.0321    -0.0013 0.0000e+00
       2119     -0.019     3.4536   0.004231     0.0319    -0.0014 0.0000e+00
       2120     -0.015     3.4533   0.004216     0.0318    -0.0015 0.0000e+00
       2121     -0.011     3.4530   0.004203     0.0317    -0.0016 0.0000e+00
       2122     -0.012     3.4526   0.004191     0.0316    -0.0016 0.0000e+00
       2123     -0.014     3.4522   0.004178     0.0315    -0.0017 0.0000e+00
       2124     -0.014     3.4518   0.004162     0.0314    -0.0018 0.0000e+00
       2125     -0.013     3.4514   0.004144     0.0313    -0.0020 0.0000e+00
       2126     -0.012     3.4511   0.004131     0.0312    -0.0020 0.0000e+00
       2127     -0.010     3.4507   0.004118     0.0311    -0.0021 0.0000e+00
       2128     -0.009     3.4503   0.004101     0.0309    -0.0022 0.0000e+00
       2129     -0.013     3.4499   0.004082     0.0308    -0.0024 0.0000e+00
       2130     -0.019     3.4495   0.004066     0.0307    -0.0025 0.0000e+00
       2131     -0.020     3.4490   0.004051     0.0305    -0.0026 0.0000e+00
       2132     -0.017     3.4486   0.004012     0.0302    -0.0028 0.0000e+00
       2133     -0.017     3.4482   0.003939     0.0297    -0.0033 0.0000e+00
       2134     -0.019     3.4478   0.003871     0.0291    -0.0037 0.0000e+00
       2135     -0.020     3.4474   0.003839     0.0289    -0.0039 0.0000e+00
       2136     -0.018     3.4470   0.003826     0.0288    -0.0040 0.0000e+00
       2137     -0.015     3.4467   0.003808     0.0287    -0.0041 0.0000e+00
       2138     -0.014     3.4463   0.003786     0.0285    -0.0043 0.0000e+00
       2139     -0.014     3.4459   0.003767     0.0283    -0.0044 0.0000e+00
       2140     -0.017     3.4455   0.003758     0.0283    -0.0044 0.0000e+00
       2141     -0.023     3.4451   0.003754     0.0282    -0.0045 0.0000e+00
       2142     -0.026     3.4448   0.003754     0.0282    -0.0045 0.0000e+00
       2143     -0.027     3.4444   0.003751     0.0282    -0.0045 0.0000e+00
       2144     -0.027     3.4440   0.003742     0.0281    -0.0045 0.0000e+00
       2145     -0.026     3.4435   0.003729     0.0280    -0.0046 0.0000e+00
       2146     -0.025     3.4429   0.003712     0.0279    -0.0047 0.0000e+00
       2147     -0.025     3.4425   0.003697     0.0278    -0.0048 0.0000e+00
       2148     -0.026     3.4421   0.003684     0.0277    -0.0049 0.0000e+00
       2149     -0.028     3.4417   0.003671     0.0276    -0.0050 0.0000e+00
       2150     -0.032     3.4413   0.003646     0.0274    -0.0052 0.0000e+00
       2151     -0.033     3.4409   0.003613     0.0271    -0.0054 0.0000e+00
       2152     -0.029     3.4404   0.003582     0.0269    -0.0056 0.0000e+00
       2153     -0.024     3.4400   0.003556     0.0267    -0.0058 0.0000e+00
       2154     -0.025     3.4396   0.003535     0.0265    -0.0059 0.0000e+00
       2155     -0.030     3.4391   0.003517     0.0264    -0.0060 0.0000e+00
       2156     -0.033     3.4387   0.003504     0.0263    -0.0061 0.0000e+00
       2157     -0.033     3.4383   0.003501     0.0263    -0.0061 0.0000e+00
       2158     -0.029     3.4378   0.003557     0.0267    -0.0058 0.0000e+00
       2159     -0.021     3.4373   0.003856     0.0290    -0.0039 0.0000e+00
       2160     -0.013     3.4369   0.004394     0.0332    -0.0005 0.0000e+00
       2161     -0.009     3.4364   0.004822     0.0366     0.0022 0.0000e+00
       2162     -0.010     3.4357   0.004985     0.0379     0.0033 0.0000e+00
       2163     -0.013     3.4351   0.004991     0.0379     0.0033 0.0000e+00
       2164     -0.015     3.4345   0.004957     0.0376     0.0031 0.0000e+00
       2165     -0.014     3.4340   0.004970     0.0377     0.0031 0.0000e+00
       2166     -0.013     3.4335   0.005541     0.0422     0.0068 0.0000e+00
       2167     -0.017     3.4330   0.009441     0.0734     0.0320 0.0000e+00
       2168     -0.022     3.4325   0.015764     0.1248     0.0736 0.0000e+00
       2169     -0.025     3.4320   0.018636     0.1485     0.0927 0.0000e+00
       2170     -0.024     3.4315   0.018051     0.1436     0.0888 0.0000e+00
       2171     -0.022     3.4311   0.017073     0.1356     0.0823 0.0000e+00
       2172     -0.022     3.4306   0.016178     0.1282     0.0763 0.0000e+00
       2173     -0.024     3.4301   0.015442     0.1222     0.0714 0.0000e+00
       2174     -0.024     3.4296   0.014834     0.1172     0.0674 0.0000e+00
       2175     -0.022     3.4291   0.014314     0.1129     0.0639 0.0000e+00
       2176     -0.020     3.4286   0.013840     0.1091     0.0608 0.0000e+00
       2177     -0.019     3.4280   0.013397     0.1054     0.0579 0.0000e+00
       2178     -0.023     3.4275   0.013000     0.1022     0.0553 0.0000e+00
       2179     -0.031     3.4269   0.012662     0.0995     0.0530 0.0000e+00
       2180     -0.034     3.4265   0.012364     0.0970     0.0511 0.0000e+00
       2181     -0.032     3.4260   0.012071     0.0947     0.0491 0.0000e+00
       2182     -0.031     3.4254   0.011785     0.0923     0.0472 0.0000e+00
       2183     -0.032     3.4250   0.011518     0.0902     0.0455 0.0000e+00
       2184     -0.031     3.4246   0.011276     0.0882     0.0439 0.0000e+00
       2185     -0.030     3.4242   0.011060     0.0865     0.0425 0.0000e+00
       2186     -0.031     3.4237   0.010869     0.0849     0.0412 0.0000e+00
       2187     -0.031     3.4231   0.010703     0.0836     0.0401 0.0000e+00
       2188     -0.028     3.4227   0.010562     0.0824     0.0392 0.0000e+00
       2189     -0.026 -9.990e-29   0.010513 -9.990e-29 -9.990e-29 0.0000e+00
