Datasets/Test_Dataset_39219_tow/originals/tel219_2021_053.cnv
* Sea-Bird SBE19plus Data File:
* Filename = C:/AQUIRE/tel219_2021_053.hex
* Software Version AquireV2 AF V2.0
* Temperature SN =  4020
* Conductivity SN =  4020
* System UpLoad Time = May 13 2021 15:58:20
** VESSEL/TRIP/SEQ STN: tel219_2021_053
** LATITUDE: 44 59.00 N
** LONGITUDE: 55 18.38 W
** DATE/TIME: 2021-05-13 14:55
** SOUNDING DEPTH (M): 0315
** PROBE TYPE: S4020
** CTD NUMBER:  53
** FORMAT: t
** COMMENTS: 
# nquan = 7                                 
# nvalues = 3871                        
# units = specified
# name 0 = scan: Scan Count
# name 1 = prdM: Pressure, Strain Gauge [db]
# name 2 = tv290C: Temperature [ITS-90, deg C]
# name 3 = c0S/m: Conductivity [S/m]
# name 4 = sal00: Salinity, Practical [PSU]
# name 5 = sigma-t00: Density [sigma-t, kg/m^3 ]
# name 6 = flag: flag
# span 0 =          1,       3871       
# span 1 =     -0.756,    319.152       
# span 2 =     0.5625,     9.2762       
# span 3 =   0.009715,   3.756782       
# span 4 =     0.0716,    35.1671       
# span 5 =     0.0115,    27.3976       
# span 6 = 0.0000e+00, 0.0000e+00       
# interval = seconds: 1
# start_time = May 13 2021 14:55:00 [Instrument's time stamp, header]
# bad_flag = -9.990e-29
*END*
[from data line 1847]
       1848    260.114     8.9120   3.730634    35.1307    27.2348 0.0000e+00
       1849    260.048     8.9078   3.730220    35.1306    27.2353 0.0000e+00
       1850    259.955     8.9042   3.729922    35.1310    27.2363 0.0000e+00
       1851    259.860     8.9003   3.729550    35.1310    27.2369 0.0000e+00
       1852    259.783     8.8962   3.729162    35.1311    27.2375 0.0000e+00
       1853    259.727     8.8909   3.728626    35.1307    27.2381 0.0000e+00
       1854    259.678     8.8853   3.728003    35.1297    27.2382 0.0000e+00
       1855    259.615     8.8810   3.727643    35.1302    27.2393 0.0000e+00
       1856    259.535     8.8782   3.727419    35.1307    27.2401 0.0000e+00
       1857    259.451     8.8773   3.727373    35.1311    27.2406 0.0000e+00
       1858    259.379     8.8786   3.727552    35.1317    27.2409 0.0000e+00
       1859    259.332     8.8799   3.727664    35.1316    27.2406 0.0000e+00
       1860    259.307     8.8795   3.727643    35.1318    27.2408 0.0000e+00
       1861    259.287     8.8784   3.727548    35.1319    27.2411 0.0000e+00
       1862    259.256     8.8792   3.727605    35.1317    27.2408 0.0000e+00
       1863    259.213     8.8815   3.727882    35.1324    27.2410 0.0000e+00
       1864    259.178     8.8823   3.727956    35.1324    27.2408 0.0000e+00
       1865    259.176     8.8819   3.727838    35.1316    27.2402 0.0000e+00
       1866    259.207     8.8819   3.727865    35.1318    27.2404 0.0000e+00
       1867    259.243     8.8831   3.727997    35.1320    27.2404 0.0000e+00
       1868    259.255     8.8853   3.728253    35.1325    27.2404 0.0000e+00
       1869    259.245     8.8874   3.728508    35.1331    27.2406 0.0000e+00
       1870    259.244     8.8867   3.728416    35.1329    27.2405 0.0000e+00
       1871    259.281     8.8817   3.727846    35.1318    27.2404 0.0000e+00
       1872    259.353     8.8741   3.727033    35.1307    27.2408 0.0000e+00
       1873    259.431     8.8667   3.726327    35.1306    27.2419 0.0000e+00
       1874    259.492     8.8591   3.725622    35.1307    27.2432 0.0000e+00
       1875    259.542     8.8514   3.724912    35.1308    27.2445 0.0000e+00
       1876    259.599     8.8451   3.724409    35.1317    27.2462 0.0000e+00
       1877    259.683     8.8405   3.724046    35.1324    27.2475 0.0000e+00
       1878    259.805     8.8366   3.723731    35.1329    27.2485 0.0000e+00
       1879    259.949     8.8333   3.723461    35.1332    27.2493 0.0000e+00
       1880    260.085     8.8308   3.723280    35.1338    27.2501 0.0000e+00
       1881    260.198     8.8291   3.723151    35.1340    27.2506 0.0000e+00
       1882    260.302     8.8283   3.723095    35.1342    27.2508 0.0000e+00
       1883    260.428     8.8287   3.723161    35.1344    27.2510 0.0000e+00
       1884    260.597     8.8298   3.723273    35.1344    27.2508 0.0000e+00
       1885    260.797     8.8309   3.723397    35.1345    27.2507 0.0000e+00
       1886    260.995     8.8317   3.723490    35.1346    27.2507 0.0000e+00
       1887    261.175     8.8321   3.723540    35.1347    27.2506 0.0000e+00
       1888    261.340     8.8323   3.723577    35.1348    27.2507 0.0000e+00
       1889    261.507     8.8318   3.723546    35.1349    27.2508 0.0000e+00
       1890    261.690     8.8299   3.723423    35.1354    27.2515 0.0000e+00
       1891    261.895     8.8253   3.723059    35.1360    27.2528 0.0000e+00
       1892    262.123     8.8125   3.721865    35.1360    27.2548 0.0000e+00
       1893    262.363     8.7854   3.719155    35.1342    27.2577 0.0000e+00
       1894    262.602     8.7492   3.715477    35.1312    27.2611 0.0000e+00
       1895    262.835     8.7182   3.712497    35.1304    27.2653 0.0000e+00
       1896    263.068     8.6997   3.710870    35.1314    27.2691 0.0000e+00
       1897    263.315     8.6898   3.710080    35.1328    27.2717 0.0000e+00
       1898    263.584     8.6825   3.709515    35.1339    27.2738 0.0000e+00
       1899    263.864     8.6728   3.708651    35.1343    27.2756 0.0000e+00
       1900    264.138     8.6593   3.707326    35.1336    27.2772 0.0000e+00
       1901    264.407     8.6464   3.706083    35.1331    27.2788 0.0000e+00
       1902    264.677     8.6381   3.705400    35.1340    27.2808 0.0000e+00
       1903    264.951     8.6342   3.705112    35.1347    27.2820 0.0000e+00
       1904    265.225     8.6323   3.704993    35.1352    27.2827 0.0000e+00
       1905    265.500     8.6306   3.704848    35.1352    27.2830 0.0000e+00
       1906    265.784     8.6250   3.704333    35.1352    27.2838 0.0000e+00
       1907    266.088     8.6136   3.703151    35.1338    27.2846 0.0000e+00
       1908    266.409     8.6003   3.701765    35.1322    27.2854 0.0000e+00
       1909    266.732     8.5879   3.700533    35.1314    27.2867 0.0000e+00
       1910    267.045     8.5776   3.699451    35.1300    27.2872 0.0000e+00
       1911    267.355     8.5738   3.699140    35.1303    27.2881 0.0000e+00
       1912    267.680     8.5773   3.699741    35.1331    27.2897 0.0000e+00
       1913    268.024     8.5823   3.700396    35.1349    27.2903 0.0000e+00
       1914    268.368     8.5824   3.700261    35.1332    27.2890 0.0000e+00
       1915    268.698     8.5789   3.699819    35.1318    27.2884 0.0000e+00
       1916    269.030     8.5745   3.699521    35.1329    27.2900 0.0000e+00
       1917    269.386     8.5639   3.698408    35.1314    27.2905 0.0000e+00
       1918    269.766     8.5447   3.696258    35.1276    27.2905 0.0000e+00
       1919    270.139     8.5258   3.694386    35.1263    27.2925 0.0000e+00
       1920    270.480     8.5140   3.693466    35.1282    27.2957 0.0000e+00
       1921    270.800     8.5084   3.693059    35.1293    27.2975 0.0000e+00
       1922    271.139     8.5063   3.692869    35.1292    27.2977 0.0000e+00
       1923    271.527     8.5045   3.692619    35.1281    27.2972 0.0000e+00
       1924    271.957     8.5019   3.692331    35.1275    27.2971 0.0000e+00
       1925    272.393     8.5010   3.692334    35.1282    27.2978 0.0000e+00
       1926    272.809     8.5016   3.692460    35.1287    27.2981 0.0000e+00
       1927    273.209     8.5006   3.692353    35.1284    27.2980 0.0000e+00
       1928    273.616     8.4985   3.692142    35.1280    27.2980 0.0000e+00
       1929    274.046     8.4963   3.692019    35.1287    27.2989 0.0000e+00
       1930    274.502     8.4901   3.691297    35.1270    27.2986 0.0000e+00
       1931    274.976     8.4772   3.689760    35.1233    27.2977 0.0000e+00
       1932    275.450     8.4629   3.688432    35.1232    27.2998 0.0000e+00
       1933    275.908     8.4535   3.687711    35.1247    27.3024 0.0000e+00
       1934    276.351     8.4477   3.687169    35.1245    27.3032 0.0000e+00
       1935    276.790     8.4377   3.686168    35.1236    27.3040 0.0000e+00
       1936    277.239     8.4198   3.684258    35.1209    27.3047 0.0000e+00
       1937    277.710     8.3984   3.682118    35.1193    27.3067 0.0000e+00
       1938    278.202     8.3750   3.679962    35.1194    27.3105 0.0000e+00
       1939    278.707     8.3455   3.677087    35.1180    27.3139 0.0000e+00
       1940    279.205     8.3075   3.673147    35.1136    27.3164 0.0000e+00
       1941    279.676     8.2618   3.668292    35.1072    27.3183 0.0000e+00
       1942    280.118     8.2137   3.663637    35.1053    27.3242 0.0000e+00
       1943    280.557     8.1737   3.659798    35.1041    27.3293 0.0000e+00
       1944    281.029     8.1532   3.657959    35.1047    27.3329 0.0000e+00
       1945    281.531     8.1478   3.658032    35.1106    27.3384 0.0000e+00
       1946    282.025     8.1401   3.657233    35.1095    27.3387 0.0000e+00
       1947    282.487     8.1262   3.655624    35.1060    27.3381 0.0000e+00
       1948    282.929     8.1128   3.654473    35.1068    27.3408 0.0000e+00
       1949    283.374     8.1006   3.653344    35.1067    27.3425 0.0000e+00
       1950    283.827     8.0902   3.652303    35.1058    27.3434 0.0000e+00
       1951    284.274     8.0844   3.651808    35.1060    27.3445 0.0000e+00
       1952    284.700     8.0828   3.651720    35.1065    27.3451 0.0000e+00
       1953    285.107     8.0827   3.651802    35.1073    27.3457 0.0000e+00
       1954    285.499     8.0831   3.651945    35.1082    27.3464 0.0000e+00
       1955    285.876     8.0828   3.651965    35.1086    27.3467 0.0000e+00
       1956    286.247     8.0813   3.651815    35.1083    27.3467 0.0000e+00
       1957    286.629     8.0790   3.651566    35.1077    27.3466 0.0000e+00
       1958    287.019     8.0775   3.651456    35.1079    27.3469 0.0000e+00
       1959    287.387     8.0776   3.651566    35.1088    27.3476 0.0000e+00
       1960    287.720     8.0781   3.651637    35.1089    27.3476 0.0000e+00
       1961    288.049     8.0770   3.651538    35.1087    27.3477 0.0000e+00
       1962    288.411     8.0736   3.651209    35.1084    27.3480 0.0000e+00
       1963    288.807     8.0691   3.650773    35.1081    27.3484 0.0000e+00
       1964    289.195     8.0645   3.650293    35.1073    27.3485 0.0000e+00
       1965    289.545     8.0603   3.649886    35.1070    27.3489 0.0000e+00
       1966    289.867     8.0590   3.649847    35.1077    27.3496 0.0000e+00
       1967    290.190     8.0606   3.650058    35.1083    27.3498 0.0000e+00
       1968    290.532     8.0630   3.650344    35.1087    27.3498 0.0000e+00
       1969    290.887     8.0650   3.650576    35.1091    27.3498 0.0000e+00
       1970    291.228     8.0657   3.650637    35.1089    27.3495 0.0000e+00
       1971    291.540     8.0633   3.650334    35.1079    27.3491 0.0000e+00
       1972    291.838     8.0541   3.649382    35.1067    27.3496 0.0000e+00
       1973    292.140     8.0369   3.647643    35.1051    27.3509 0.0000e+00
       1974    292.451     8.0194   3.645814    35.1029    27.3518 0.0000e+00
       1975    292.762     8.0099   3.644967    35.1032    27.3535 0.0000e+00
       1976    293.059     8.0062   3.644767    35.1046    27.3551 0.0000e+00
       1977    293.334     8.0013   3.644342    35.1048    27.3560 0.0000e+00
       1978    293.584     7.9954   3.643685    35.1035    27.3559 0.0000e+00
       1979    293.823     7.9920   3.643387    35.1036    27.3565 0.0000e+00
       1980    294.069     7.9901   3.643276    35.1042    27.3573 0.0000e+00
       1981    294.324     7.9904   3.643290    35.1039    27.3570 0.0000e+00
       1982    294.570     7.9932   3.643691    35.1053    27.3577 0.0000e+00
       1983    294.791     7.9934   3.643695    35.1051    27.3574 0.0000e+00
       1984    294.993     7.9904   3.643299    35.1037    27.3568 0.0000e+00
       1985    295.198     7.9867   3.642974    35.1038    27.3575 0.0000e+00
       1986    295.411     7.9823   3.642558    35.1037    27.3580 0.0000e+00
       1987    295.618     7.9777   3.642110    35.1034    27.3585 0.0000e+00
       1988    295.805     7.9757   3.641925    35.1033    27.3587 0.0000e+00
       1989    295.977     7.9792   3.642356    35.1043    27.3590 0.0000e+00
       1990    296.150     7.9834   3.642918    35.1061    27.3597 0.0000e+00
       1991    296.330     7.9809   3.642530    35.1043    27.3587 0.0000e+00
       1992    296.512     7.9728   3.641550    35.1018    27.3580 0.0000e+00
       1993    296.682     7.9625   3.640631    35.1022    27.3598 0.0000e+00
       1994    296.827     7.9487   3.639303    35.1017    27.3615 0.0000e+00
       1995    296.952     7.9364   3.638050    35.1005    27.3624 0.0000e+00
       1996    297.073     7.9316   3.637687    35.1013    27.3638 0.0000e+00
       1997    297.198     7.9338   3.637972    35.1021    27.3641 0.0000e+00
       1998    297.323     7.9361   3.638237    35.1026    27.3641 0.0000e+00
       1999    297.437     7.9268   3.637219    35.1009    27.3642 0.0000e+00
       2000    297.532     7.9047   3.634550    35.0944    27.3623 0.0000e+00
       2001    297.606     7.8881   3.632973    35.0940    27.3645 0.0000e+00
       2002    297.672     7.8845   3.633375    35.1019    27.3713 0.0000e+00
       2003    297.743     7.8771   3.632708    35.1021    27.3725 0.0000e+00
       2004    297.807     7.8604   3.630757    35.0978    27.3717 0.0000e+00
       2005    297.844     7.8426   3.628881    35.0955    27.3725 0.0000e+00
       2006    297.867     7.8267   3.627269    35.0940    27.3737 0.0000e+00
       2007    297.907     7.8138   3.626147    35.0949    27.3763 0.0000e+00
       2008    297.974     7.8041   3.625209    35.0945    27.3774 0.0000e+00
       2009    298.044     7.7956   3.624302    35.0932    27.3777 0.0000e+00
       2010    298.077     7.7893   3.623752    35.0936    27.3789 0.0000e+00
       2011    298.069     7.7931   3.624315    35.0958    27.3801 0.0000e+00
       2012    298.047     7.8079   3.626096    35.1002    27.3813 0.0000e+00
       2013    298.031     7.8197   3.627247    35.1008    27.3800 0.0000e+00
       2014    298.020     7.8192   3.626915    35.0977    27.3777 0.0000e+00
       2015    297.995     7.8112   3.626060    35.0965    27.3780 0.0000e+00
       2016    297.937     7.8040   3.625237    35.0949    27.3778 0.0000e+00
       2017    297.845     7.8052   3.625347    35.0949    27.3776 0.0000e+00
       2018    297.734     7.8171   3.627038    35.1013    27.3808 0.0000e+00
       2019    297.624     7.8282   3.628358    35.1044    27.3816 0.0000e+00
       2020    297.527     7.8308   3.627954    35.0975    27.3758 0.0000e+00
       2021    297.441     7.8397   3.628566    35.0952    27.3727 0.0000e+00
       2022    297.340     7.8635   3.631531    35.1033    27.3755 0.0000e+00
       2023    297.209     7.8828   3.633748    35.1078    27.3762 0.0000e+00
       2024    297.064     7.8811   3.633058    35.1022    27.3720 0.0000e+00
       2025    296.930     7.8716   3.631868    35.0990    27.3709 0.0000e+00
       2026    296.814     7.8675   3.631982    35.1044    27.3758 0.0000e+00
       2027    296.696     7.8546   3.630376    35.1001    27.3743 0.0000e+00
       2028    296.554     7.8341   3.627475    35.0895    27.3690 0.0000e+00
       2029    296.382     7.8335   3.627856    35.0943    27.3729 0.0000e+00
       2030    296.193     7.8535   3.630648    35.1044    27.3778 0.0000e+00
       2031    296.008     7.8705   3.632345    35.1057    27.3763 0.0000e+00
       2032    295.838     7.8697   3.631843    35.1011    27.3729 0.0000e+00
       2033    295.669     7.8493   3.629454    35.0960    27.3719 0.0000e+00
       2034    295.484     7.8207   3.626492    35.0929    27.3737 0.0000e+00
       2035    295.284     7.7979   3.624269    35.0919    27.3763 0.0000e+00
       2036    295.085     7.7881   3.623500    35.0935    27.3790 0.0000e+00
       2037    294.892     7.7896   3.623899    35.0964    27.3811 0.0000e+00
       2038    294.702     7.7932   3.624304    35.0973    27.3812 0.0000e+00
       2039    294.515     7.7946   3.624360    35.0965    27.3805 0.0000e+00
       2040    294.329     7.7965   3.624573    35.0970    27.3805 0.0000e+00
       2041    294.142     7.7990   3.624870    35.0978    27.3808 0.0000e+00
       2042    293.950     7.8007   3.624950    35.0971    27.3799 0.0000e+00
       2043    293.753     7.8042   3.625274    35.0971    27.3795 0.0000e+00
       2044    293.547     7.8116   3.626162    35.0994    27.3801 0.0000e+00
       2045    293.333     7.8165   3.626667    35.1000    27.3799 0.0000e+00
       2046    293.121     7.8122   3.626036    35.0976    27.3787 0.0000e+00
       2047    292.917     7.8042   3.625100    35.0957    27.3783 0.0000e+00
       2048    292.718     7.8007   3.624841    35.0965    27.3795 0.0000e+00
       2049    292.513     7.8022   3.625101    35.0979    27.3804 0.0000e+00
       2050    292.296     7.8076   3.625622    35.0982    27.3798 0.0000e+00
       2051    292.072     7.8161   3.626500    35.0992    27.3794 0.0000e+00
