Datasets/Test_Dataset_39219_tow/originals/tel219_2021_004.cnv
* Sea-Bird SBE19plus Data File:
* Filename = C:/AQUIRE/tel219_2021_004.hex
* Software Version AquireV2 AF V2.0
* Temperature SN =  4020
* Conductivity SN =  4020
* System UpLoad Time = May 06 2021 06:45:21
** VESSEL/TRIP/SEQ STN: tel219_2021_004
** LATITUDE: 45 47.39 N
** LONGITUDE: 54 58.12 W
** DATE/TIME: 2021-05-06 06:09
** SOUNDING DEPTH (M): 0069
** PROBE TYPE: S4020
** CTD NUMBER:   4
** FORMAT: T
** COMMENTS: 
# nquan = 7                                 
# nvalues = 2189                        
# units = specified
# name 0 = scan: Scan Count
# name 1 = prdM: Pressure, Strain Gauge [db]
# name 2 = tv290C: Temperature [ITS-90, deg C]
# name 3 = c0S/m: Conductivity [S/m]
# name 4 = sal00: Salinity, Practical [PSU]
# name 5 = sigma-t00: Density [sigma-t, kg/m^3 ]
# name 6 = flag: flag
# span 0 =          1,       2189       
# span 1 =     -0.109,     65.581       
# span 2 =     0.7090,     3.6448       
# span 3 =   0.002382,   3.006627       
# span 4 =     0.0177,    32.6473       
# span 5 =    -0.0307,    26.1462       
# span 6 = 0.0000e+00, 0.0000e+00       
# interval = seconds: 1
# start_time = May 06 2021 06:09:44 [Instrument's time stamp, header]
# bad_flag = -9.990e-29
*END*
[from data line 616]
        617     65.537     0.9362   2.800317    32.5846    26.1072 0.0000e+00
        618     65.543     0.9355   2.800277    32.5848    26.1074 0.0000e+00
        619     65.542     0.9347   2.800240    32.5852    26.1077 0.0000e+00
        620     65.535     0.9340   2.800179    32.5851    26.1077 0.0000e+00
        621     65.525     0.9329   2.800074    32.5849    26.1077 0.0000e+00
        622     65.516     0.9318   2.799986    32.5850    26.1077 0.0000e+00
        623     65.508     0.9314   2.799975    32.5853    26.1080 0.0000e+00
        624     65.497     0.9320   2.800020    32.5852    26.1079 0.0000e+00
        625     65.480     0.9325   2.800060    32.5852    26.1079 0.0000e+00
        626     65.463     0.9325   2.800074    32.5854    26.1080 0.0000e+00
        627     65.445     0.9325   2.800090    32.5856    26.1082 0.0000e+00
        628     65.426     0.9327   2.800131    32.5859    26.1085 0.0000e+00
        629     65.411     0.9332   2.800148    32.5856    26.1082 0.0000e+00
        630     65.405     0.9331   2.800092    32.5850    26.1077 0.0000e+00
        631     65.405     0.9323   2.800006    32.5848    26.1076 0.0000e+00
        632     65.405     0.9311   2.799937    32.5851    26.1079 0.0000e+00
        633     65.405     0.9301   2.799882    32.5855    26.1083 0.0000e+00
        634     65.397     0.9290   2.799822    32.5859    26.1086 0.0000e+00
        635     65.383     0.9285   2.799776    32.5858    26.1086 0.0000e+00
        636     65.369     0.9285   2.799768    32.5857    26.1085 0.0000e+00
        637     65.356     0.9285   2.799801    32.5862    26.1089 0.0000e+00
        638     65.337     0.9287   2.799853    32.5866    26.1093 0.0000e+00
        639     65.311     0.9292   2.799903    32.5868    26.1093 0.0000e+00
        640     65.284     0.9299   2.799937    32.5865    26.1091 0.0000e+00
        641     65.262     0.9305   2.799971    32.5863    26.1089 0.0000e+00
        642     65.251     0.9311   2.800017    32.5863    26.1088 0.0000e+00
        643     65.250     0.9315   2.800032    32.5860    26.1086 0.0000e+00
        644     65.249     0.9311   2.799991    32.5859    26.1086 0.0000e+00
        645     65.240     0.9306   2.799931    32.5857    26.1084 0.0000e+00
        646     65.221     0.9305   2.799880    32.5851    26.1080 0.0000e+00
        647     65.197     0.9303   2.799809    32.5845    26.1074 0.0000e+00
        648     65.180     0.9295   2.799716    32.5841    26.1072 0.0000e+00
        649     65.167     0.9282   2.799653    32.5847    26.1077 0.0000e+00
        650     65.150     0.9271   2.799655    32.5859    26.1087 0.0000e+00
        651     65.131     0.9271   2.799701    32.5865    26.1092 0.0000e+00
        652     65.117     0.9280   2.799750    32.5862    26.1089 0.0000e+00
        653     65.106     0.9286   2.799782    32.5859    26.1087 0.0000e+00
        654     65.093     0.9287   2.799793    32.5860    26.1087 0.0000e+00
        655     65.076     0.9287   2.799781    32.5858    26.1086 0.0000e+00
        656     65.059     0.9287   2.799758    32.5856    26.1084 0.0000e+00
        657     65.047     0.9286   2.799745    32.5855    26.1084 0.0000e+00
        658     65.037     0.9285   2.799745    32.5856    26.1085 0.0000e+00
        659     65.024     0.9283   2.799738    32.5857    26.1086 0.0000e+00
        660     65.005     0.9280   2.799681    32.5853    26.1083 0.0000e+00
        661     64.985     0.9270   2.799527    32.5844    26.1076 0.0000e+00
        662     64.970     0.9247   2.799310    32.5841    26.1074 0.0000e+00
        663     64.960     0.9220   2.799152    32.5849    26.1082 0.0000e+00
        664     64.947     0.9204   2.799127    32.5862    26.1094 0.0000e+00
        665     64.927     0.9205   2.799217    32.5873    26.1103 0.0000e+00
        666     64.908     0.9218   2.799328    32.5874    26.1103 0.0000e+00
        667     64.900     0.9230   2.799378    32.5868    26.1097 0.0000e+00
        668     64.902     0.9234   2.799347    32.5859    26.1090 0.0000e+00
        669     64.899     0.9226   2.799233    32.5853    26.1086 0.0000e+00
        670     64.886     0.9210   2.799073    32.5849    26.1084 0.0000e+00
        671     64.868     0.9193   2.798934    32.5850    26.1085 0.0000e+00
        672     64.850     0.9180   2.798855    32.5853    26.1088 0.0000e+00
        673     64.834     0.9174   2.798827    32.5856    26.1091 0.0000e+00
        674     64.817     0.9170   2.798802    32.5857    26.1092 0.0000e+00
        675     64.795     0.9164   2.798751    32.5857    26.1092 0.0000e+00
        676     64.771     0.9156   2.798707    32.5860    26.1095 0.0000e+00
        677     64.748     0.9154   2.798706    32.5862    26.1097 0.0000e+00
        678     64.729     0.9154   2.798723    32.5864    26.1099 0.0000e+00
        679     64.708     0.9157   2.798747    32.5864    26.1099 0.0000e+00
        680     64.681     0.9162   2.798778    32.5863    26.1097 0.0000e+00
        681     64.659     0.9165   2.798798    32.5863    26.1097 0.0000e+00
        682     64.650     0.9166   2.798801    32.5862    26.1096 0.0000e+00
        683     64.649     0.9166   2.798802    32.5862    26.1096 0.0000e+00
        684     64.648     0.9167   2.798808    32.5862    26.1096 0.0000e+00
        685     64.644     0.9169   2.798824    32.5862    26.1096 0.0000e+00
        686     64.634     0.9173   2.798849    32.5861    26.1095 0.0000e+00
        687     64.622     0.9175   2.798864    32.5861    26.1095 0.0000e+00
        688     64.610     0.9175   2.798843    32.5858    26.1093 0.0000e+00
        689     64.604     0.9169   2.798770    32.5855    26.1091 0.0000e+00
        690     64.597     0.9158   2.798675    32.5855    26.1091 0.0000e+00
        691     64.580     0.9148   2.798626    32.5859    26.1095 0.0000e+00
        692     64.556     0.9145   2.798626    32.5862    26.1098 0.0000e+00
        693     64.539     0.9146   2.798628    32.5861    26.1097 0.0000e+00
        694     64.535     0.9146   2.798616    32.5860    26.1096 0.0000e+00
        695     64.541     0.9144   2.798601    32.5860    26.1096 0.0000e+00
        696     64.553     0.9142   2.798571    32.5858    26.1095 0.0000e+00
        697     64.564     0.9135   2.798513    32.5858    26.1095 0.0000e+00
        698     64.564     0.9125   2.798439    32.5859    26.1096 0.0000e+00
        699     64.550     0.9117   2.798363    32.5858    26.1096 0.0000e+00
        700     64.528     0.9109   2.798284    32.5856    26.1095 0.0000e+00
        701     64.503     0.9101   2.798190    32.5853    26.1092 0.0000e+00
        702     64.477     0.9088   2.798089    32.5853    26.1094 0.0000e+00
        703     64.456     0.9077   2.798008    32.5855    26.1096 0.0000e+00
        704     64.445     0.9069   2.797974    32.5859    26.1099 0.0000e+00
        705     64.448     0.9068   2.797996    32.5863    26.1102 0.0000e+00
        706     64.459     0.9071   2.798013    32.5862    26.1101 0.0000e+00
        707     64.471     0.9067   2.797953    32.5858    26.1099 0.0000e+00
        708     64.479     0.9056   2.797829    32.5854    26.1096 0.0000e+00
        709     64.479     0.9043   2.797706    32.5851    26.1095 0.0000e+00
        710     64.472     0.9033   2.797612    32.5850    26.1094 0.0000e+00
        711     64.459     0.9023   2.797540    32.5851    26.1096 0.0000e+00
        712     64.440     0.9014   2.797483    32.5853    26.1098 0.0000e+00
        713     64.417     0.9004   2.797445    32.5859    26.1103 0.0000e+00
        714     64.394     0.9001   2.797428    32.5860    26.1104 0.0000e+00
        715     64.380     0.9001   2.797420    32.5859    26.1104 0.0000e+00
        716     64.381     0.9002   2.797419    32.5858    26.1103 0.0000e+00
        717     64.391     0.9002   2.797431    32.5860    26.1104 0.0000e+00
        718     64.396     0.9003   2.797475    32.5864    26.1108 0.0000e+00
        719     64.392     0.9010   2.797548    32.5866    26.1109 0.0000e+00
        720     64.382     0.9020   2.797603    32.5863    26.1105 0.0000e+00
        721     64.373     0.9026   2.797632    32.5860    26.1103 0.0000e+00
        722     64.365     0.9029   2.797639    32.5858    26.1101 0.0000e+00
        723     64.353     0.9027   2.797629    32.5859    26.1102 0.0000e+00
        724     64.332     0.9026   2.797625    32.5860    26.1103 0.0000e+00
        725     64.309     0.9026   2.797619    32.5859    26.1102 0.0000e+00
        726     64.295     0.9025   2.797581    32.5855    26.1099 0.0000e+00
        727     64.297     0.9020   2.797512    32.5852    26.1096 0.0000e+00
        728     64.308     0.9011   2.797462    32.5855    26.1099 0.0000e+00
        729     64.316     0.9004   2.797451    32.5860    26.1105 0.0000e+00
        730     64.321     0.9003   2.797464    32.5863    26.1107 0.0000e+00
        731     64.321     0.9005   2.797484    32.5864    26.1107 0.0000e+00
        732     64.314     0.9008   2.797483    32.5860    26.1104 0.0000e+00
        733     64.304     0.9009   2.797443    32.5854    26.1099 0.0000e+00
        734     64.298     0.9005   2.797377    32.5850    26.1096 0.0000e+00
        735     64.300     0.8998   2.797325    32.5851    26.1097 0.0000e+00
        736     64.298     0.8991   2.797308    32.5856    26.1102 0.0000e+00
        737     64.279     0.8986   2.797299    32.5860    26.1105 0.0000e+00
        738     64.247     0.8984   2.797282    32.5860    26.1105 0.0000e+00
        739     64.224     0.8983   2.797276    32.5861    26.1106 0.0000e+00
        740     64.229     0.8984   2.797278    32.5860    26.1105 0.0000e+00
        741     64.255     0.8985   2.797281    32.5859    26.1104 0.0000e+00
        742     64.282     0.8984   2.797282    32.5860    26.1105 0.0000e+00
        743     64.292     0.8982   2.797263    32.5860    26.1105 0.0000e+00
        744     64.285     0.8979   2.797205    32.5855    26.1102 0.0000e+00
        745     64.275     0.8972   2.797118    32.5851    26.1099 0.0000e+00
        746     64.274     0.8963   2.797036    32.5850    26.1099 0.0000e+00
        747     64.279     0.8953   2.796979    32.5854    26.1102 0.0000e+00
        748     64.280     0.8945   2.796964    32.5860    26.1108 0.0000e+00
        749     64.278     0.8942   2.796945    32.5861    26.1108 0.0000e+00
        750     64.277     0.8936   2.796847    32.5854    26.1104 0.0000e+00
        751     64.275     0.8922   2.796712    32.5852    26.1102 0.0000e+00
        752     64.271     0.8907   2.796618    32.5855    26.1106 0.0000e+00
        753     64.267     0.8898   2.796578    32.5860    26.1110 0.0000e+00
        754     64.262     0.8898   2.796615    32.5865    26.1114 0.0000e+00
        755     64.252     0.8908   2.796718    32.5867    26.1116 0.0000e+00
        756     64.237     0.8922   2.796812    32.5865    26.1113 0.0000e+00
        757     64.217     0.8932   2.796865    32.5861    26.1109 0.0000e+00
        758     64.200     0.8939   2.796910    32.5860    26.1108 0.0000e+00
        759     64.195     0.8945   2.796969    32.5861    26.1108 0.0000e+00
        760     64.197     0.8952   2.797040    32.5863    26.1110 0.0000e+00
        761     64.200     0.8959   2.797111    32.5865    26.1111 0.0000e+00
        762     64.200     0.8965   2.797152    32.5864    26.1109 0.0000e+00
        763     64.197     0.8969   2.797146    32.5859    26.1105 0.0000e+00
        764     64.194     0.8967   2.797109    32.5856    26.1103 0.0000e+00
        765     64.186     0.8960   2.797060    32.5857    26.1104 0.0000e+00
        766     64.171     0.8953   2.797009    32.5858    26.1106 0.0000e+00
        767     64.154     0.8949   2.796974    32.5858    26.1106 0.0000e+00
        768     64.138     0.8947   2.796980    32.5861    26.1108 0.0000e+00
        769     64.125     0.8950   2.797022    32.5863    26.1110 0.0000e+00
        770     64.115     0.8955   2.797053    32.5862    26.1109 0.0000e+00
        771     64.105     0.8958   2.797029    32.5856    26.1103 0.0000e+00
        772     64.099     0.8953   2.796956    32.5852    26.1100 0.0000e+00
        773     64.104     0.8943   2.796864    32.5850    26.1100 0.0000e+00
        774     64.114     0.8930   2.796754    32.5850    26.1100 0.0000e+00
        775     64.114     0.8915   2.796642    32.5851    26.1102 0.0000e+00
        776     64.098     0.8902   2.796567    32.5855    26.1106 0.0000e+00
        777     64.074     0.8895   2.796540    32.5859    26.1110 0.0000e+00
        778     64.059     0.8892   2.796540    32.5862    26.1113 0.0000e+00
        779     64.061     0.8892   2.796527    32.5861    26.1111 0.0000e+00
        780     64.074     0.8888   2.796482    32.5859    26.1110 0.0000e+00
        781     64.086     0.8884   2.796458    32.5860    26.1111 0.0000e+00
        782     64.087     0.8883   2.796477    32.5864    26.1114 0.0000e+00
        783     64.077     0.8885   2.796502    32.5865    26.1115 0.0000e+00
        784     64.068     0.8889   2.796519    32.5863    26.1113 0.0000e+00
        785     64.073     0.8892   2.796538    32.5862    26.1112 0.0000e+00
        786     64.093     0.8892   2.796551    32.5864    26.1114 0.0000e+00
        787     64.118     0.8893   2.796543    32.5861    26.1112 0.0000e+00
        788     64.133     0.8892   2.796524    32.5860    26.1111 0.0000e+00
        789     64.132     0.8890   2.796510    32.5860    26.1111 0.0000e+00
        790     64.121     0.8889   2.796498    32.5860    26.1111 0.0000e+00
        791     64.109     0.8887   2.796473    32.5859    26.1110 0.0000e+00
        792     64.107     0.8884   2.796437    32.5857    26.1109 0.0000e+00
        793     64.118     0.8881   2.796405    32.5856    26.1108 0.0000e+00
        794     64.139     0.8879   2.796397    32.5857    26.1109 0.0000e+00
        795     64.157     0.8877   2.796397    32.5859    26.1111 0.0000e+00
        796     64.163     0.8874   2.796376    32.5860    26.1111 0.0000e+00
        797     64.157     0.8871   2.796336    32.5858    26.1110 0.0000e+00
        798     64.143     0.8868   2.796321    32.5859    26.1111 0.0000e+00
        799     64.132     0.8867   2.796318    32.5860    26.1112 0.0000e+00
        800     64.131     0.8865   2.796292    32.5858    26.1111 0.0000e+00
        801     64.128     0.8860   2.796237    32.5857    26.1110 0.0000e+00
        802     64.115     0.8852   2.796183    32.5858    26.1112 0.0000e+00
        803     64.102     0.8846   2.796165    32.5862    26.1115 0.0000e+00
        804     64.101     0.8845   2.796162    32.5863    26.1116 0.0000e+00
        805     64.112     0.8844   2.796128    32.5860    26.1113 0.0000e+00
        806     64.124     0.8840   2.796058    32.5855    26.1109 0.0000e+00
        807     64.130     0.8830   2.795957    32.5852    26.1108 0.0000e+00
        808     64.132     0.8817   2.795831    32.5850    26.1107 0.0000e+00
        809     64.136     0.8802   2.795723    32.5851    26.1109 0.0000e+00
        810     64.142     0.8791   2.795668    32.5856    26.1113 0.0000e+00
        811     64.153     0.8785   2.795654    32.5860    26.1117 0.0000e+00
        812     64.168     0.8786   2.795669    32.5861    26.1118 0.0000e+00
        813     64.185     0.8788   2.795696    32.5862    26.1119 0.0000e+00
        814     64.203     0.8791   2.795731    32.5864    26.1119 0.0000e+00
        815     64.211     0.8797   2.795774    32.5863    26.1118 0.0000e+00
        816     64.205     0.8801   2.795806    32.5863    26.1118 0.0000e+00
        817     64.195     0.8801   2.795798    32.5862    26.1117 0.0000e+00
        818     64.194     0.8801   2.795791    32.5861    26.1117 0.0000e+00
        819     64.202     0.8802   2.795815    32.5863    26.1118 0.0000e+00
        820     64.208     0.8804   2.795839    32.5864    26.1119 0.0000e+00
