Datasets/Test_Dataset_39219_tow/originals/tel219_2021_001.cnv
* Sea-Bird SBE19plus Data File:
* Filename = C:/AQUIRE/tel219_2021_001.hex
* Software Version AquireV2 AF V2.0
* Temperature SN =  4020
* Conductivity SN =  4020
* System UpLoad Time = May 06 2021 01:41:22
** VESSEL/TRIP/SEQ STN: tel219_2021_001
** LATITUDE: 46 04.17 N
** LONGITUDE: 55 15.62 W
** DATE/TIME: 2021-05-06 00:55
** SOUNDING DEPTH (M): 0135
** PROBE TYPE: S4020
** CTD NUMBER: 001
** FORMAT: T
** COMMENTS: 
# nquan = 7                                 
# nvalues = 2778                        
# units = specified
# name 0 = scan: Scan Count
# name 1 = prdM: Pressure, Strain Gauge [db]
# name 2 = tv290C: Temperature [ITS-90, deg C]
# name 3 = c0S/m: Conductivity [S/m]
# name 4 = sal00: Salinity, Practical [PSU]
# name 5 = sigma-t00: Density [sigma-t, kg/m^3 ]
# name 6 = flag: flag
# span 0 =          1,       2778       
# span 1 =     -0.158,    132.653       
# span 2 =     0.2218,     4.0961       
# span 3 =   0.000182,   2.966688       
# span 4 =     0.0020,    32.5315       
# span 5 =    -0.0235,    26.1031       
# span 6 = 0.0000e+00, 0.0000e+00       
# interval = seconds: 1
# start_time = May 06 2021 00:55:45 [Instrument's time stamp, header]
# bad_flag = -9.990e-29
*END*
[from data line 1436]
       1437    131.479     0.2288   2.741131    32.5255    26.0980 0.0000e+00
       1438    131.479     0.2288   2.741134    32.5256    26.0980 0.0000e+00
       1439    131.482     0.2286   2.741126    32.5257    26.0981 0.0000e+00
       1440    131.483     0.2286   2.741118    32.5256    26.0980 0.0000e+00
       1441    131.483     0.2287   2.741116    32.5254    26.0979 0.0000e+00
       1442    131.479     0.2289   2.741124    32.5253    26.0978 0.0000e+00
       1443    131.470     0.2290   2.741134    32.5254    26.0978 0.0000e+00
       1444    131.461     0.2291   2.741137    32.5253    26.0978 0.0000e+00
       1445    131.459     0.2292   2.741139    32.5252    26.0977 0.0000e+00
       1446    131.462     0.2294   2.741145    32.5251    26.0976 0.0000e+00
       1447    131.459     0.2294   2.741145    32.5251    26.0976 0.0000e+00
       1448    131.449     0.2293   2.741145    32.5252    26.0977 0.0000e+00
       1449    131.438     0.2294   2.741148    32.5251    26.0976 0.0000e+00
       1450    131.432     0.2296   2.741154    32.5250    26.0975 0.0000e+00
       1451    131.431     0.2296   2.741158    32.5251    26.0975 0.0000e+00
       1452    131.434     0.2296   2.741162    32.5251    26.0976 0.0000e+00
       1453    131.438     0.2296   2.741162    32.5251    26.0976 0.0000e+00
       1454    131.440     0.2296   2.741153    32.5250    26.0975 0.0000e+00
       1455    131.436     0.2294   2.741124    32.5248    26.0974 0.0000e+00
       1456    131.425     0.2294   2.741112    32.5247    26.0972 0.0000e+00
       1457    131.419     0.2295   2.741142    32.5250    26.0975 0.0000e+00
       1458    131.419     0.2298   2.741164    32.5249    26.0974 0.0000e+00
       1459    131.416     0.2299   2.741163    32.5248    26.0973 0.0000e+00
       1460    131.412     0.2299   2.741163    32.5248    26.0973 0.0000e+00
       1461    131.414     0.2300   2.741172    32.5248    26.0973 0.0000e+00
       1462    131.422     0.2303   2.741182    32.5246    26.0972 0.0000e+00
       1463    131.426     0.2303   2.741179    32.5246    26.0971 0.0000e+00
       1464    131.417     0.2301   2.741175    32.5248    26.0973 0.0000e+00
       1465    131.400     0.2299   2.741172    32.5249    26.0974 0.0000e+00
       1466    131.388     0.2299   2.741168    32.5249    26.0974 0.0000e+00
       1467    131.387     0.2299   2.741168    32.5249    26.0974 0.0000e+00
       1468    131.390     0.2301   2.741172    32.5247    26.0973 0.0000e+00
       1469    131.392     0.2301   2.741174    32.5248    26.0973 0.0000e+00
       1470    131.393     0.2299   2.741170    32.5249    26.0974 0.0000e+00
       1471    131.397     0.2299   2.741169    32.5249    26.0974 0.0000e+00
       1472    131.397     0.2299   2.741173    32.5250    26.0975 0.0000e+00
       1473    131.387     0.2300   2.741175    32.5249    26.0974 0.0000e+00
       1474    131.368     0.2301   2.741172    32.5248    26.0973 0.0000e+00
       1475    131.354     0.2301   2.741170    32.5247    26.0973 0.0000e+00
       1476    131.356     0.2304   2.741184    32.5246    26.0971 0.0000e+00
       1477    131.368     0.2308   2.741201    32.5244    26.0969 0.0000e+00
       1478    131.380     0.2309   2.741206    32.5243    26.0969 0.0000e+00
       1479    131.386     0.2309   2.741206    32.5243    26.0969 0.0000e+00
       1480    131.389     0.2309   2.741208    32.5244    26.0969 0.0000e+00
       1481    131.391     0.2310   2.741209    32.5243    26.0968 0.0000e+00
       1482    131.393     0.2312   2.741214    32.5241    26.0967 0.0000e+00
       1483    131.395     0.2313   2.741216    32.5240    26.0966 0.0000e+00
       1484    131.395     0.2313   2.741213    32.5240    26.0966 0.0000e+00
       1485    131.387     0.2311   2.741208    32.5242    26.0967 0.0000e+00
       1486    131.370     0.2309   2.741204    32.5243    26.0969 0.0000e+00
       1487    131.356     0.2308   2.741192    32.5243    26.0969 0.0000e+00
       1488    131.357     0.2307   2.741186    32.5243    26.0969 0.0000e+00
       1489    131.371     0.2308   2.741199    32.5244    26.0969 0.0000e+00
       1490    131.389     0.2310   2.741213    32.5243    26.0969 0.0000e+00
       1491    131.399     0.2311   2.741209    32.5242    26.0967 0.0000e+00
       1492    131.396     0.2310   2.741202    32.5242    26.0968 0.0000e+00
       1493    131.390     0.2313   2.741213    32.5240    26.0966 0.0000e+00
       1494    131.388     0.2318   2.741238    32.5238    26.0964 0.0000e+00
       1495    131.388     0.2322   2.741256    32.5236    26.0963 0.0000e+00
       1496    131.382     0.2322   2.741256    32.5236    26.0963 0.0000e+00
       1497    131.373     0.2320   2.741240    32.5236    26.0963 0.0000e+00
       1498    131.369     0.2319   2.741235    32.5237    26.0963 0.0000e+00
       1499    131.371     0.2320   2.741249    32.5238    26.0964 0.0000e+00
       1500    131.373     0.2323   2.741263    32.5236    26.0962 0.0000e+00
       1501    131.368     0.2324   2.741263    32.5235    26.0962 0.0000e+00
       1502    131.354     0.2324   2.741265    32.5235    26.0962 0.0000e+00
       1503    131.343     0.2325   2.741273    32.5236    26.0962 0.0000e+00
       1504    131.341     0.2324   2.741274    32.5237    26.0963 0.0000e+00
       1505    131.343     0.2324   2.741264    32.5235    26.0962 0.0000e+00
       1506    131.340     0.2323   2.741249    32.5235    26.0961 0.0000e+00
       1507    131.328     0.2323   2.741250    32.5235    26.0961 0.0000e+00
       1508    131.316     0.2325   2.741267    32.5235    26.0961 0.0000e+00
       1509    131.310     0.2328   2.741280    32.5233    26.0960 0.0000e+00
       1510    131.307     0.2328   2.741278    32.5233    26.0960 0.0000e+00
       1511    131.301     0.2327   2.741269    32.5233    26.0960 0.0000e+00
       1512    131.293     0.2328   2.741270    32.5232    26.0959 0.0000e+00
       1513    131.285     0.2328   2.741275    32.5233    26.0960 0.0000e+00
       1514    131.278     0.2329   2.741279    32.5232    26.0959 0.0000e+00
       1515    131.273     0.2331   2.741285    32.5231    26.0958 0.0000e+00
       1516    131.267     0.2334   2.741297    32.5230    26.0957 0.0000e+00
       1517    131.261     0.2336   2.741299    32.5228    26.0955 0.0000e+00
       1518    131.255     0.2336   2.741295    32.5227    26.0955 0.0000e+00
       1519    131.251     0.2334   2.741293    32.5229    26.0956 0.0000e+00
       1520    131.248     0.2332   2.741291    32.5231    26.0958 0.0000e+00
       1521    131.246     0.2330   2.741284    32.5232    26.0959 0.0000e+00
       1522    131.244     0.2329   2.741273    32.5232    26.0959 0.0000e+00
       1523    131.242     0.2329   2.741271    32.5232    26.0958 0.0000e+00
       1524    131.236     0.2332   2.741290    32.5231    26.0958 0.0000e+00
       1525    131.223     0.2337   2.741313    32.5229    26.0956 0.0000e+00
       1526    131.207     0.2340   2.741325    32.5227    26.0954 0.0000e+00
       1527    131.200     0.2341   2.741324    32.5226    26.0953 0.0000e+00
       1528    131.200     0.2341   2.741322    32.5226    26.0953 0.0000e+00
       1529    131.197     0.2339   2.741318    32.5227    26.0955 0.0000e+00
       1530    131.183     0.2340   2.741319    32.5227    26.0954 0.0000e+00
       1531    131.166     0.2343   2.741331    32.5225    26.0953 0.0000e+00
       1532    131.156     0.2347   2.741349    32.5223    26.0951 0.0000e+00
       1533    131.156     0.2349   2.741364    32.5223    26.0951 0.0000e+00
       1534    131.155     0.2351   2.741371    32.5222    26.0950 0.0000e+00
       1535    131.146     0.2352   2.741367    32.5220    26.0948 0.0000e+00
       1536    131.139     0.2353   2.741372    32.5220    26.0948 0.0000e+00
       1537    131.142     0.2352   2.741376    32.5222    26.0949 0.0000e+00
       1538    131.150     0.2349   2.741360    32.5223    26.0950 0.0000e+00
       1539    131.152     0.2347   2.741344    32.5223    26.0950 0.0000e+00
       1540    131.145     0.2347   2.741352    32.5224    26.0951 0.0000e+00
       1541    131.133     0.2349   2.741361    32.5223    26.0950 0.0000e+00
       1542    131.123     0.2349   2.741361    32.5223    26.0950 0.0000e+00
       1543    131.123     0.2351   2.741361    32.5221    26.0949 0.0000e+00
       1544    131.130     0.2352   2.741363    32.5220    26.0948 0.0000e+00
       1545    131.135     0.2351   2.741363    32.5221    26.0949 0.0000e+00
       1546    131.132     0.2350   2.741356    32.5221    26.0949 0.0000e+00
       1547    131.122     0.2352   2.741360    32.5220    26.0948 0.0000e+00
       1548    131.111     0.2355   2.741380    32.5219    26.0947 0.0000e+00
       1549    131.103     0.2358   2.741398    32.5218    26.0946 0.0000e+00
       1550    131.099     0.2357   2.741397    32.5219    26.0947 0.0000e+00
       1551    131.096     0.2354   2.741382    32.5220    26.0948 0.0000e+00
       1552    131.089     0.2353   2.741372    32.5220    26.0948 0.0000e+00
       1553    131.082     0.2353   2.741376    32.5221    26.0949 0.0000e+00
       1554    131.081     0.2356   2.741392    32.5220    26.0948 0.0000e+00
       1555    131.082     0.2359   2.741400    32.5218    26.0946 0.0000e+00
       1556    131.072     0.2359   2.741381    32.5215    26.0944 0.0000e+00
       1557    131.055     0.2360   2.741375    32.5213    26.0942 0.0000e+00
       1558    131.045     0.2363   2.741409    32.5215    26.0943 0.0000e+00
       1559    131.050     0.2365   2.741439    32.5217    26.0945 0.0000e+00
       1560    131.055     0.2368   2.741450    32.5215    26.0943 0.0000e+00
       1561    131.048     0.2368   2.741449    32.5215    26.0943 0.0000e+00
       1562    131.032     0.2365   2.741436    32.5216    26.0944 0.0000e+00
       1563    131.012     0.2364   2.741429    32.5217    26.0945 0.0000e+00
       1564    130.998     0.2367   2.741444    32.5215    26.0944 0.0000e+00
       1565    130.997     0.2369   2.741460    32.5215    26.0943 0.0000e+00
       1566    131.003     0.2368   2.741453    32.5215    26.0944 0.0000e+00
       1567    131.002     0.2367   2.741444    32.5215    26.0944 0.0000e+00
       1568    130.994     0.2369   2.741455    32.5215    26.0943 0.0000e+00
       1569    130.986     0.2373   2.741477    32.5213    26.0942 0.0000e+00
       1570    130.982     0.2376   2.741492    32.5212    26.0941 0.0000e+00
       1571    130.986     0.2377   2.741492    32.5211    26.0940 0.0000e+00
       1572    130.995     0.2377   2.741490    32.5211    26.0939 0.0000e+00
       1573    131.002     0.2377   2.741496    32.5212    26.0940 0.0000e+00
       1574    131.004     0.2378   2.741501    32.5211    26.0940 0.0000e+00
       1575    130.997     0.2380   2.741511    32.5210    26.0939 0.0000e+00
       1576    130.982     0.2383   2.741528    32.5210    26.0938 0.0000e+00
       1577    130.965     0.2385   2.741538    32.5209    26.0937 0.0000e+00
       1578    130.956     0.2387   2.741545    32.5208    26.0936 0.0000e+00
       1579    130.955     0.2389   2.741551    32.5206    26.0935 0.0000e+00
       1580    130.958     0.2389   2.741545    32.5206    26.0935 0.0000e+00
       1581    130.960     0.2386   2.741533    32.5207    26.0936 0.0000e+00
       1582    130.955     0.2385   2.741531    32.5208    26.0937 0.0000e+00
       1583    130.939     0.2388   2.741539    32.5206    26.0935 0.0000e+00
       1584    130.921     0.2390   2.741551    32.5205    26.0934 0.0000e+00
       1585    130.912     0.2393   2.741561    32.5204    26.0933 0.0000e+00
       1586    130.917     0.2397   2.741586    32.5203    26.0932 0.0000e+00
       1587    130.930     0.2398   2.741605    32.5204    26.0933 0.0000e+00
       1588    130.935     0.2395   2.741587    32.5205    26.0934 0.0000e+00
       1589    130.926     0.2394   2.741573    32.5204    26.0933 0.0000e+00
       1590    130.905     0.2397   2.741595    32.5204    26.0933 0.0000e+00
       1591    130.886     0.2402   2.741629    32.5203    26.0932 0.0000e+00
       1592    130.886     0.2407   2.741655    32.5201    26.0930 0.0000e+00
       1593    130.890     0.2410   2.741668    32.5200    26.0929 0.0000e+00
       1594    130.877     0.2409   2.741659    32.5200    26.0929 0.0000e+00
       1595    130.853     0.2407   2.741647    32.5200    26.0930 0.0000e+00
       1596    130.839     0.2407   2.741636    32.5199    26.0928 0.0000e+00
       1597    130.843     0.2408   2.741633    32.5198    26.0927 0.0000e+00
       1598    130.858     0.2410   2.741661    32.5199    26.0928 0.0000e+00
       1599    130.872     0.2414   2.741693    32.5199    26.0928 0.0000e+00
       1600    130.875     0.2419   2.741710    32.5196    26.0925 0.0000e+00
       1601    130.877     0.2424   2.741733    32.5194    26.0923 0.0000e+00
       1602    130.884     0.2429   2.741763    32.5192    26.0922 0.0000e+00
       1603    130.888     0.2433   2.741784    32.5191    26.0920 0.0000e+00
       1604    130.882     0.2434   2.741789    32.5190    26.0920 0.0000e+00
       1605    130.872     0.2435   2.741798    32.5190    26.0920 0.0000e+00
       1606    130.864     0.2440   2.741819    32.5188    26.0918 0.0000e+00
       1607    130.863     0.2446   2.741847    32.5185    26.0915 0.0000e+00
       1608    130.866     0.2450   2.741872    32.5184    26.0914 0.0000e+00
       1609    130.872     0.2448   2.741866    32.5186    26.0916 0.0000e+00
       1610    130.875     0.2443   2.741840    32.5187    26.0917 0.0000e+00
       1611    130.870     0.2440   2.741823    32.5188    26.0918 0.0000e+00
       1612    130.860     0.2438   2.741814    32.5189    26.0919 0.0000e+00
       1613    130.850     0.2437   2.741815    32.5191    26.0920 0.0000e+00
       1614    130.845     0.2436   2.741812    32.5191    26.0921 0.0000e+00
       1615    130.847     0.2434   2.741792    32.5191    26.0920 0.0000e+00
       1616    130.846     0.2431   2.741774    32.5192    26.0921 0.0000e+00
       1617    130.838     0.2430   2.741777    32.5193    26.0923 0.0000e+00
       1618    130.836     0.2431   2.741782    32.5193    26.0922 0.0000e+00
       1619    130.843     0.2432   2.741781    32.5192    26.0921 0.0000e+00
       1620    130.854     0.2432   2.741779    32.5191    26.0921 0.0000e+00
       1621    130.854     0.2432   2.741784    32.5192    26.0921 0.0000e+00
       1622    130.842     0.2432   2.741787    32.5192    26.0922 0.0000e+00
       1623    130.832     0.2432   2.741783    32.5192    26.0921 0.0000e+00
       1624    130.832     0.2430   2.741775    32.5193    26.0922 0.0000e+00
       1625    130.836     0.2428   2.741768    32.5194    26.0923 0.0000e+00
       1626    130.834     0.2427   2.741763    32.5195    26.0924 0.0000e+00
       1627    130.827     0.2425   2.741753    32.5195    26.0925 0.0000e+00
       1628    130.821     0.2424   2.741742    32.5195    26.0924 0.0000e+00
       1629    130.816     0.2425   2.741748    32.5195    26.0924 0.0000e+00
       1630    130.813     0.2427   2.741757    32.5194    26.0923 0.0000e+00
       1631    130.810     0.2428   2.741767    32.5194    26.0923 0.0000e+00
       1632    130.806     0.2430   2.741778    32.5194    26.0923 0.0000e+00
       1633    130.803     0.2429   2.741772    32.5194    26.0923 0.0000e+00
       1634    130.802     0.2425   2.741751    32.5195    26.0924 0.0000e+00
       1635    130.803     0.2424   2.741741    32.5195    26.0924 0.0000e+00
       1636    130.800     0.2425   2.741756    32.5196    26.0925 0.0000e+00
       1637    130.793     0.2429   2.741777    32.5195    26.0924 0.0000e+00
       1638    130.784     0.2430   2.741784    32.5194    26.0924 0.0000e+00
       1639    130.774     0.2430   2.741784    32.5194    26.0924 0.0000e+00
       1640    130.766     0.2432   2.741790    32.5193    26.0922 0.0000e+00
       1641    130.763     0.2431   2.741787    32.5194    26.0923 0.0000e+00
