Datasets/Test_Dataset_39219_tow/originals/tel219_2021_038.cnv
* Sea-Bird SBE19plus Data File:
* Filename = C:/AQUIRE/tel219_2021_038.hex
* Software Version AquireV2 AF V2.0
* Temperature SN =  4020
* Conductivity SN =  4020
* System UpLoad Time = May 11 2021 20:18:23
** VESSEL/TRIP/SEQ STN: tel219_2021_038
** LATITUDE: 45 13.65 N
** LONGITUDE: 56 51.01 W
** DATE/TIME: 2021-05-11 19:10
** SOUNDING DEPTH (M): 0418
** PROBE TYPE: S4020
** CTD NUMBER:  38
** FORMAT: t
** COMMENTS: 
# nquan = 7                                 
# nvalues = 3878                        
# units = specified
# name 0 = scan: Scan Count
# name 1 = prdM: Pressure, Strain Gauge [db]
# name 2 = tv290C: Temperature [ITS-90, deg C]
# name 3 = c0S/m: Conductivity [S/m]
# name 4 = sal00: Salinity, Practical [PSU]
# name 5 = sigma-t00: Density [sigma-t, kg/m^3 ]
# name 6 = flag: flag
# span 0 =          1,       3878       
# span 1 =     -0.557,    421.709       
# span 2 =     1.8964,     8.7422       
# span 3 =   0.005632,   3.676102       
# span 4 =     0.0409,    35.1082       
# span 5 =    -0.0266,    27.6237       
# span 6 = 0.0000e+00, 0.0000e+00       
# interval = seconds: 1
# start_time = May 11 2021 19:10:03 [Instrument's time stamp, header]
# bad_flag = -9.990e-29
*END*
[from data line 1847]
       1848    394.923     5.9981   3.459398    35.0569    27.5980 0.0000e+00
       1849    395.189     5.9955   3.458585    35.0503    27.5931 0.0000e+00
       1850    395.467     5.9928   3.457804    35.0441    27.5885 0.0000e+00
       1851    395.751     5.9909   3.457581    35.0434    27.5882 0.0000e+00
       1852    396.033     5.9896   3.457513    35.0438    27.5887 0.0000e+00
       1853    396.306     5.9878   3.457272    35.0428    27.5882 0.0000e+00
       1854    396.571     5.9850   3.456909    35.0415    27.5875 0.0000e+00
       1855    396.834     5.9814   3.456587    35.0414    27.5879 0.0000e+00
       1856    397.099     5.9772   3.456311    35.0425    27.5893 0.0000e+00
       1857    397.363     5.9722   3.455961    35.0436    27.5908 0.0000e+00
       1858    397.623     5.9671   3.455470    35.0432    27.5911 0.0000e+00
       1859    397.878     5.9627   3.454835    35.0405    27.5895 0.0000e+00
       1860    398.135     5.9591   3.454243    35.0374    27.5875 0.0000e+00
       1861    398.402     5.9558   3.453789    35.0355    27.5865 0.0000e+00
       1862    398.680     5.9525   3.453402    35.0344    27.5860 0.0000e+00
       1863    398.965     5.9493   3.453122    35.0344    27.5864 0.0000e+00
       1864    399.245     5.9456   3.452944    35.0361    27.5882 0.0000e+00
       1865    399.513     5.9413   3.452785    35.0386    27.5908 0.0000e+00
       1866    399.766     5.9369   3.452476    35.0395    27.5921 0.0000e+00
       1867    400.012     5.9323   3.451854    35.0371    27.5907 0.0000e+00
       1868    400.260     5.9270   3.451129    35.0343    27.5892 0.0000e+00
       1869    400.518     5.9206   3.450577    35.0345    27.5902 0.0000e+00
       1870    400.786     5.9125   3.450117    35.0375    27.5936 0.0000e+00
       1871    401.055     5.9046   3.449689    35.0407    27.5971 0.0000e+00
       1872    401.310     5.8985   3.449440    35.0441    27.6006 0.0000e+00
       1873    401.549     5.8935   3.449065    35.0449    27.6019 0.0000e+00
       1874    401.781     5.8883   3.448228    35.0407    27.5992 0.0000e+00
       1875    402.021     5.8808   3.447211    35.0368    27.5971 0.0000e+00
       1876    402.276     5.8687   3.446004    35.0355    27.5976 0.0000e+00
       1877    402.544     5.8552   3.444904    35.0369    27.6004 0.0000e+00
       1878    402.811     5.8454   3.444366    35.0408    27.6047 0.0000e+00
       1879    403.065     5.8393   3.443964    35.0425    27.6068 0.0000e+00
       1880    403.306     5.8341   3.443347    35.0407    27.6061 0.0000e+00
       1881    403.541     5.8286   3.442584    35.0377    27.6044 0.0000e+00
       1882    403.777     5.8237   3.441977    35.0357    27.6035 0.0000e+00
       1883    404.016     5.8200   3.441567    35.0348    27.6032 0.0000e+00
       1884    404.260     5.8172   3.441296    35.0345    27.6033 0.0000e+00
       1885    404.510     5.8152   3.441223    35.0356    27.6044 0.0000e+00
       1886    404.760     5.8141   3.441259    35.0370    27.6057 0.0000e+00
       1887    405.000     5.8137   3.441225    35.0369    27.6057 0.0000e+00
       1888    405.229     5.8132   3.440975    35.0345    27.6038 0.0000e+00
       1889    405.453     5.8123   3.440678    35.0320    27.6019 0.0000e+00
       1890    405.678     5.8111   3.440498    35.0310    27.6013 0.0000e+00
       1891    405.909     5.8100   3.440380    35.0307    27.6012 0.0000e+00
       1892    406.144     5.8085   3.440209    35.0302    27.6010 0.0000e+00
       1893    406.373     5.8066   3.439973    35.0294    27.6006 0.0000e+00
       1894    406.590     5.8050   3.439765    35.0286    27.6002 0.0000e+00
       1895    406.800     5.8039   3.439604    35.0278    27.5997 0.0000e+00
       1896    407.018     5.8032   3.439502    35.0273    27.5993 0.0000e+00
       1897    407.249     5.8022   3.439395    35.0270    27.5992 0.0000e+00
       1898    407.486     5.8009   3.439221    35.0262    27.5988 0.0000e+00
       1899    407.725     5.7999   3.439121    35.0260    27.5988 0.0000e+00
       1900    407.959     5.7992   3.439153    35.0270    27.5996 0.0000e+00
       1901    408.178     5.7981   3.439070    35.0270    27.5998 0.0000e+00
       1902    408.387     5.7966   3.438803    35.0255    27.5988 0.0000e+00
       1903    408.593     5.7952   3.438620    35.0247    27.5984 0.0000e+00
       1904    408.795     5.7943   3.438607    35.0254    27.5990 0.0000e+00
       1905    409.003     5.7938   3.438607    35.0258    27.5994 0.0000e+00
       1906    409.222     5.7929   3.438470    35.0251    27.5989 0.0000e+00
       1907    409.445     5.7912   3.438262    35.0244    27.5986 0.0000e+00
       1908    409.664     5.7895   3.438128    35.0245    27.5989 0.0000e+00
       1909    409.880     5.7873   3.437990    35.0251    27.5997 0.0000e+00
       1910    410.091     5.7798   3.437481    35.0270    27.6021 0.0000e+00
       1911    410.298     5.7611   3.435950    35.0289    27.6059 0.0000e+00
       1912    410.503     5.7339   3.433470    35.0288    27.6093 0.0000e+00
       1913    410.708     5.7087   3.431125    35.0282    27.6119 0.0000e+00
       1914    410.917     5.6902   3.429401    35.0277    27.6138 0.0000e+00
       1915    411.135     5.6773   3.428111    35.0263    27.6143 0.0000e+00
       1916    411.351     5.6683   3.427288    35.0261    27.6154 0.0000e+00
       1917    411.555     5.6615   3.426899    35.0286    27.6182 0.0000e+00
       1918    411.750     5.6550   3.426423    35.0299    27.6200 0.0000e+00
       1919    411.942     5.6485   3.425566    35.0268    27.6183 0.0000e+00
       1920    412.138     5.6422   3.424659    35.0229    27.6160 0.0000e+00
       1921    412.345     5.6362   3.423931    35.0207    27.6151 0.0000e+00
       1922    412.564     5.6307   3.423402    35.0203    27.6154 0.0000e+00
       1923    412.785     5.6266   3.423152    35.0216    27.6170 0.0000e+00
       1924    412.995     5.6244   3.423305    35.0255    27.6203 0.0000e+00
       1925    413.185     5.6228   3.423520    35.0295    27.6237 0.0000e+00
       1926    413.363     5.6209   3.423199    35.0277    27.6225 0.0000e+00
       1927    413.542     5.6187   3.422512    35.0221    27.6183 0.0000e+00
       1928    413.736     5.6163   3.421966    35.0183    27.6156 0.0000e+00
       1929    413.949     5.6135   3.421675    35.0178    27.6156 0.0000e+00
       1930    414.170     5.6108   3.421519    35.0187    27.6166 0.0000e+00
       1931    414.384     5.6088   3.421431    35.0196    27.6176 0.0000e+00
       1932    414.579     5.6069   3.421268    35.0197    27.6179 0.0000e+00
       1933    414.761     5.6049   3.420884    35.0173    27.6162 0.0000e+00
       1934    414.944     5.6029   3.420482    35.0147    27.6144 0.0000e+00
       1935    415.133     5.6009   3.420248    35.0140    27.6141 0.0000e+00
       1936    415.330     5.5992   3.420145    35.0145    27.6147 0.0000e+00
       1937    415.535     5.5983   3.420181    35.0157    27.6158 0.0000e+00
       1938    415.739     5.5980   3.420311    35.0174    27.6172 0.0000e+00
       1939    415.934     5.5976   3.420351    35.0182    27.6178 0.0000e+00
       1940    416.121     5.5965   3.420186    35.0173    27.6173 0.0000e+00
       1941    416.304     5.5948   3.419857    35.0153    27.6159 0.0000e+00
       1942    416.486     5.5930   3.419504    35.0130    27.6143 0.0000e+00
       1943    416.670     5.5916   3.419267    35.0117    27.6134 0.0000e+00
       1944    416.858     5.5905   3.419168    35.0116    27.6135 0.0000e+00
       1945    417.051     5.5893   3.419103    35.0120    27.6140 0.0000e+00
       1946    417.249     5.5886   3.419040    35.0119    27.6140 0.0000e+00
       1947    417.447     5.5884   3.419034    35.0120    27.6141 0.0000e+00
       1948    417.636     5.5881   3.419033    35.0122    27.6143 0.0000e+00
       1949    417.814     5.5876   3.418972    35.0119    27.6141 0.0000e+00
       1950    417.986     5.5871   3.418872    35.0112    27.6136 0.0000e+00
       1951    418.162     5.5867   3.418786    35.0105    27.6131 0.0000e+00
       1952    418.346     5.5862   3.418726    35.0103    27.6130 0.0000e+00
       1953    418.531     5.5858   3.418682    35.0101    27.6129 0.0000e+00
       1954    418.706     5.5855   3.418655    35.0100    27.6129 0.0000e+00
       1955    418.866     5.5854   3.418628    35.0097    27.6127 0.0000e+00
       1956    419.016     5.5853   3.418570    35.0091    27.6122 0.0000e+00
       1957    419.165     5.5851   3.418481    35.0082    27.6115 0.0000e+00
       1958    419.318     5.5849   3.418413    35.0076    27.6110 0.0000e+00
       1959    419.470     5.5847   3.418407    35.0076    27.6111 0.0000e+00
       1960    419.610     5.5846   3.418451    35.0081    27.6115 0.0000e+00
       1961    419.734     5.5845   3.418489    35.0086    27.6119 0.0000e+00
       1962    419.841     5.5843   3.418464    35.0085    27.6118 0.0000e+00
       1963    419.944     5.5842   3.418405    35.0079    27.6113 0.0000e+00
       1964    420.051     5.5843   3.418428    35.0080    27.6114 0.0000e+00
       1965    420.151     5.5846   3.418627    35.0099    27.6129 0.0000e+00
       1966    420.226     5.5852   3.418922    35.0126    27.6149 0.0000e+00
       1967    420.276     5.5856   3.418987    35.0129    27.6151 0.0000e+00
       1968    420.319     5.5856   3.418722    35.0098    27.6127 0.0000e+00
       1969    420.370     5.5852   3.418480    35.0075    27.6109 0.0000e+00
       1970    420.427     5.5847   3.418404    35.0071    27.6107 0.0000e+00
       1971    420.484     5.5844   3.418368    35.0070    27.6106 0.0000e+00
       1972    420.540     5.5842   3.418329    35.0067    27.6104 0.0000e+00
       1973    420.596     5.5842   3.418301    35.0064    27.6101 0.0000e+00
       1974    420.647     5.5840   3.418282    35.0063    27.6101 0.0000e+00
       1975    420.692     5.5841   3.418291    35.0063    27.6101 0.0000e+00
       1976    420.730     5.5842   3.418343    35.0068    27.6105 0.0000e+00
       1977    420.755     5.5842   3.418388    35.0073    27.6109 0.0000e+00
       1978    420.767     5.5843   3.418365    35.0069    27.6106 0.0000e+00
       1979    420.776     5.5843   3.418293    35.0061    27.6099 0.0000e+00
       1980    420.798     5.5842   3.418252    35.0057    27.6096 0.0000e+00
       1981    420.831     5.5842   3.418262    35.0058    27.6097 0.0000e+00
       1982    420.864     5.5842   3.418305    35.0063    27.6101 0.0000e+00
       1983    420.889     5.5842   3.418353    35.0068    27.6105 0.0000e+00
       1984    420.905     5.5844   3.418342    35.0065    27.6102 0.0000e+00
       1985    420.919     5.5846   3.418298    35.0057    27.6096 0.0000e+00
       1986    420.939     5.5848   3.418322    35.0058    27.6096 0.0000e+00
       1987    420.962     5.5854   3.418437    35.0065    27.6101 0.0000e+00
       1988    420.978     5.5863   3.418555    35.0069    27.6103 0.0000e+00
       1989    420.977     5.5873   3.418590    35.0062    27.6097 0.0000e+00
       1990    420.966     5.5873   3.418539    35.0057    27.6092 0.0000e+00
       1991    420.959     5.5864   3.418422    35.0053    27.6090 0.0000e+00
       1992    420.966     5.5855   3.418331    35.0052    27.6090 0.0000e+00
       1993    420.989     5.5851   3.418302    35.0052    27.6091 0.0000e+00
       1994    421.021     5.5850   3.418310    35.0054    27.6093 0.0000e+00
       1995    421.048     5.5851   3.418359    35.0058    27.6096 0.0000e+00
       1996    421.064     5.5852   3.418418    35.0064    27.6101 0.0000e+00
       1997    421.068     5.5852   3.418424    35.0065    27.6101 0.0000e+00
       1998    421.067     5.5852   3.418366    35.0058    27.6096 0.0000e+00
       1999    421.074     5.5852   3.418316    35.0052    27.6091 0.0000e+00
       2000    421.094     5.5852   3.418308    35.0051    27.6091 0.0000e+00
       2001    421.120     5.5853   3.418324    35.0052    27.6091 0.0000e+00
       2002    421.142     5.5854   3.418347    35.0054    27.6092 0.0000e+00
       2003    421.152     5.5854   3.418358    35.0055    27.6093 0.0000e+00
       2004    421.152     5.5854   3.418349    35.0054    27.6092 0.0000e+00
       2005    421.152     5.5853   3.418331    35.0053    27.6091 0.0000e+00
       2006    421.160     5.5853   3.418324    35.0052    27.6091 0.0000e+00
       2007    421.174     5.5854   3.418329    35.0051    27.6090 0.0000e+00
       2008    421.191     5.5855   3.418347    35.0052    27.6091 0.0000e+00
       2009    421.203     5.5857   3.418361    35.0052    27.6090 0.0000e+00
       2010    421.208     5.5857   3.418357    35.0051    27.6090 0.0000e+00
       2011    421.207     5.5857   3.418349    35.0050    27.6089 0.0000e+00
       2012    421.202     5.5858   3.418353    35.0050    27.6089 0.0000e+00
       2013    421.199     5.5859   3.418364    35.0050    27.6089 0.0000e+00
       2014    421.203     5.5861   3.418377    35.0049    27.6088 0.0000e+00
       2015    421.216     5.5861   3.418396    35.0051    27.6090 0.0000e+00
       2016    421.238     5.5862   3.418427    35.0054    27.6091 0.0000e+00
       2017    421.253     5.5864   3.418466    35.0056    27.6093 0.0000e+00
       2018    421.251     5.5866   3.418487    35.0056    27.6093 0.0000e+00
       2019    421.235     5.5867   3.418470    35.0054    27.6090 0.0000e+00
       2020    421.215     5.5867   3.418442    35.0050    27.6088 0.0000e+00
       2021    421.203     5.5867   3.418427    35.0049    27.6087 0.0000e+00
       2022    421.207     5.5867   3.418420    35.0048    27.6086 0.0000e+00
       2023    421.229     5.5867   3.418429    35.0049    27.6087 0.0000e+00
       2024    421.254     5.5867   3.418452    35.0051    27.6089 0.0000e+00
       2025    421.263     5.5867   3.418465    35.0053    27.6090 0.0000e+00
       2026    421.255     5.5868   3.418462    35.0052    27.6089 0.0000e+00
       2027    421.243     5.5869   3.418456    35.0050    27.6087 0.0000e+00
       2028    421.244     5.5869   3.418452    35.0049    27.6087 0.0000e+00
       2029    421.265     5.5869   3.418457    35.0050    27.6087 0.0000e+00
       2030    421.297     5.5869   3.418479    35.0052    27.6089 0.0000e+00
       2031    421.322     5.5871   3.418512    35.0054    27.6090 0.0000e+00
       2032    421.333     5.5872   3.418526    35.0054    27.6090 0.0000e+00
       2033    421.337     5.5869   3.418497    35.0054    27.6091 0.0000e+00
       2034    421.344     5.5866   3.418446    35.0051    27.6089 0.0000e+00
       2035    421.360     5.5862   3.418417    35.0052    27.6090 0.0000e+00
       2036    421.382     5.5861   3.418420    35.0053    27.6091 0.0000e+00
       2037    421.395     5.5861   3.418430    35.0054    27.6092 0.0000e+00
       2038    421.391     5.5858   3.418412    35.0056    27.6093 0.0000e+00
       2039    421.382     5.5853   3.418354    35.0054    27.6093 0.0000e+00
       2040    421.382     5.5846   3.418282    35.0053    27.6093 0.0000e+00
       2041    421.393     5.5839   3.418222    35.0054    27.6094 0.0000e+00
       2042    421.412     5.5833   3.418185    35.0055    27.6096 0.0000e+00
       2043    421.432     5.5830   3.418175    35.0057    27.6098 0.0000e+00
       2044    421.442     5.5826   3.418175    35.0061    27.6102 0.0000e+00
       2045    421.437     5.5824   3.418148    35.0060    27.6101 0.0000e+00
       2046    421.429     5.5821   3.418098    35.0058    27.6100 0.0000e+00
       2047    421.424     5.5816   3.418041    35.0057    27.6099 0.0000e+00
       2048    421.425     5.5811   3.417976    35.0054    27.6098 0.0000e+00
       2049    421.440     5.5805   3.417917    35.0054    27.6098 0.0000e+00
       2050    421.459     5.5802   3.417920    35.0057    27.6101 0.0000e+00
       2051    421.465     5.5804   3.417990    35.0063    27.6106 0.0000e+00
