Datasets/Test_Dataset_39219_tow/originals/tel219_2021_017.cnv
* Sea-Bird SBE19plus Data File:
* Filename = C:/AQUIRE/tel219_2021_017.hex
* Software Version AquireV2 AF V2.0
* Temperature SN =  4020
* Conductivity SN =  4020
* System UpLoad Time = May 07 2021 16:33:57
** VESSEL/TRIP/SEQ STN: tel219_2021_017
** LATITUDE: 46 38.82 N
** LONGITUDE: 56 44.55 W
** DATE/TIME: 2021-05-07 15:55
** SOUNDING DEPTH (M): 0050
** PROBE TYPE: S4020
** CTD NUMBER:  17
** FORMAT: t
** COMMENTS: 
# nquan = 7                                 
# nvalues = 2370                        
# units = specified
# name 0 = scan: Scan Count
# name 1 = prdM: Pressure, Strain Gauge [db]
# name 2 = tv290C: Temperature [ITS-90, deg C]
# name 3 = c0S/m: Conductivity [S/m]
# name 4 = sal00: Salinity, Practical [PSU]
# name 5 = sigma-t00: Density [sigma-t, kg/m^3 ]
# name 6 = flag: flag
# span 0 =          1,       2370       
# span 1 =     -0.346,     47.619       
# span 2 =     3.3029,     7.1377       
# span 3 =   0.004876,   3.046552       
# span 4 =     0.0349,    32.3302       
# span 5 =    -0.0740,    25.6945       
# span 6 = 0.0000e+00, 0.0000e+00       
# interval = seconds: 1
# start_time = May 07 2021 15:55:33 [Instrument's time stamp, header]
# bad_flag = -9.990e-29
*END*
          1     -0.124     7.0351   0.004889     0.0350    -0.0695 0.0000e+00
          2     -0.125     7.0351   0.004890     0.0350    -0.0695 0.0000e+00
          3     -0.127     7.0353   0.004893     0.0350    -0.0695 0.0000e+00
          4     -0.125     7.0357   0.004896     0.0350    -0.0695 0.0000e+00
          5     -0.120     7.0360   0.004897     0.0350    -0.0695 0.0000e+00
          6     -0.116     7.0366   0.004897     0.0350    -0.0695 0.0000e+00
          7     -0.113     7.0374   0.004901     0.0351    -0.0695 0.0000e+00
          8     -0.114     7.0379   0.004917     0.0352    -0.0695 0.0000e+00
          9     -0.117     7.0382   0.004932     0.0353    -0.0694 0.0000e+00
         10     -0.121     7.0386   0.004932     0.0353    -0.0694 0.0000e+00
         11     -0.122     7.0389   0.004922     0.0352    -0.0695 0.0000e+00
         12     -0.121     7.0393   0.004910     0.0351    -0.0696 0.0000e+00
         13     -0.121     7.0397   0.004898     0.0351    -0.0697 0.0000e+00
         14     -0.122     7.0404   0.004901     0.0351    -0.0697 0.0000e+00
         15     -0.120     7.0411   0.004929     0.0353    -0.0696 0.0000e+00
         16     -0.117     7.0414   0.004969     0.0355    -0.0693 0.0000e+00
         17     -0.116     7.0417   0.004993     0.0357    -0.0692 0.0000e+00
         18     -0.114     7.0420   0.004988     0.0357    -0.0693 0.0000e+00
         19     -0.112     7.0427   0.004967     0.0355    -0.0694 0.0000e+00
         20     -0.111     7.0435   0.004947     0.0354    -0.0696 0.0000e+00
         21     -0.112     7.0442   0.004937     0.0353    -0.0697 0.0000e+00
         22     -0.114     7.0446   0.004939     0.0353    -0.0697 0.0000e+00
         23     -0.116     7.0450   0.004942     0.0354    -0.0697 0.0000e+00
         24     -0.117     7.0453   0.004941     0.0353    -0.0697 0.0000e+00
         25     -0.117     7.0457   0.004944     0.0354    -0.0697 0.0000e+00
         26     -0.116     7.0459   0.004957     0.0355    -0.0696 0.0000e+00
         27     -0.116     7.0463   0.004971     0.0356    -0.0696 0.0000e+00
         28     -0.116     7.0466   0.004971     0.0356    -0.0696 0.0000e+00
         29     -0.115     7.0471   0.004958     0.0355    -0.0697 0.0000e+00
         30     -0.115     7.0474   0.004941     0.0353    -0.0698 0.0000e+00
         31     -0.116     7.0477   0.004930     0.0353    -0.0699 0.0000e+00
         32     -0.115     7.0479   0.004930     0.0353    -0.0699 0.0000e+00
         33     -0.115     7.0480   0.004935     0.0353    -0.0698 0.0000e+00
         34     -0.117     7.0481   0.004936     0.0353    -0.0698 0.0000e+00
         35     -0.119     7.0484   0.004932     0.0353    -0.0699 0.0000e+00
         36     -0.116     7.0488   0.004924     0.0352    -0.0699 0.0000e+00
         37     -0.111     7.0493   0.004916     0.0352    -0.0700 0.0000e+00
         38     -0.111     7.0496   0.004911     0.0351    -0.0701 0.0000e+00
         39     -0.114     7.0497   0.004910     0.0351    -0.0701 0.0000e+00
         40     -0.115     7.0499   0.004910     0.0351    -0.0701 0.0000e+00
         41     -0.115     7.0503   0.004905     0.0351    -0.0701 0.0000e+00
         42     -0.118     7.0507   0.004896     0.0350    -0.0702 0.0000e+00
         43     -0.121     7.0512   0.004894     0.0350    -0.0702 0.0000e+00
         44     -0.123     7.0516   0.004897     0.0350    -0.0702 0.0000e+00
         45     -0.123     7.0519   0.004896     0.0350    -0.0702 0.0000e+00
         46     -0.121     7.0521   0.004887     0.0350    -0.0703 0.0000e+00
         47     -0.121     7.0525   0.004879     0.0349    -0.0704 0.0000e+00
         48     -0.121     7.0528   0.004878     0.0349    -0.0704 0.0000e+00
         49     -0.120     7.0533   0.004891     0.0350    -0.0703 0.0000e+00
         50     -0.118     7.0535   0.004912     0.0351    -0.0702 0.0000e+00
         51     -0.117     7.0538   0.004923     0.0352    -0.0702 0.0000e+00
         52     -0.116     7.0541   0.004917     0.0352    -0.0702 0.0000e+00
         53     -0.114     7.0543   0.004905     0.0351    -0.0703 0.0000e+00
         54     -0.115     7.0545   0.004898     0.0350    -0.0704 0.0000e+00
         55     -0.116     7.0547   0.004893     0.0350    -0.0704 0.0000e+00
         56     -0.114     7.0549   0.004887     0.0350    -0.0704 0.0000e+00
         57     -0.112     7.0553   0.004883     0.0349    -0.0705 0.0000e+00
         58     -0.114     7.0556   0.004885     0.0350    -0.0705 0.0000e+00
         59     -0.120     7.0558   0.004892     0.0350    -0.0705 0.0000e+00
         60     -0.125     7.0562   0.004902     0.0351    -0.0704 0.0000e+00
         61     -0.125     7.0566   0.004906     0.0351    -0.0704 0.0000e+00
         62     -0.124     7.0570   0.004904     0.0351    -0.0704 0.0000e+00
         63     -0.122     7.0572   0.004896     0.0350    -0.0705 0.0000e+00
         64     -0.119     7.0577   0.004890     0.0350    -0.0706 0.0000e+00
         65     -0.117     7.0580   0.004885     0.0350    -0.0706 0.0000e+00
         66     -0.118     7.0583   0.004884     0.0349    -0.0706 0.0000e+00
         67     -0.119     7.0585   0.004884     0.0349    -0.0706 0.0000e+00
         68     -0.117     7.0587   0.004882     0.0349    -0.0707 0.0000e+00
         69     -0.114     7.0589   0.004880     0.0349    -0.0707 0.0000e+00
         70     -0.113     7.0593   0.004877     0.0349    -0.0707 0.0000e+00
         71     -0.115     7.0597   0.004876     0.0349    -0.0707 0.0000e+00
         72     -0.120     7.0602   0.004878     0.0349    -0.0707 0.0000e+00
         73     -0.123     7.0605   0.004885     0.0350    -0.0707 0.0000e+00
         74     -0.122     7.0608   0.004895     0.0350    -0.0707 0.0000e+00
         75     -0.119     7.0610   0.004898     0.0350    -0.0707 0.0000e+00
         76     -0.118     7.0614   0.004895     0.0350    -0.0707 0.0000e+00
         77     -0.118     7.0617   0.004890     0.0350    -0.0707 0.0000e+00
         78     -0.118     7.0619   0.004888     0.0350    -0.0708 0.0000e+00
         79     -0.120     7.0621   0.004889     0.0350    -0.0708 0.0000e+00
         80     -0.122     7.0624   0.004891     0.0350    -0.0708 0.0000e+00
         81     -0.123     7.0625   0.004891     0.0350    -0.0708 0.0000e+00
         82     -0.123     7.0628   0.004890     0.0350    -0.0708 0.0000e+00
         83     -0.122     7.0632   0.004891     0.0350    -0.0708 0.0000e+00
         84     -0.119     7.0635   0.004894     0.0350    -0.0708 0.0000e+00
         85     -0.121     7.0640   0.004898     0.0350    -0.0708 0.0000e+00
         86     -0.125     7.0646   0.004904     0.0351    -0.0708 0.0000e+00
         87     -0.125     7.0649   0.004911     0.0351    -0.0708 0.0000e+00
         88     -0.122     7.0653   0.004918     0.0352    -0.0708 0.0000e+00
         89     -0.120     7.0655   0.004919     0.0352    -0.0708 0.0000e+00
         90     -0.118     7.0658   0.004913     0.0351    -0.0708 0.0000e+00
         91     -0.118     7.0661   0.004904     0.0351    -0.0709 0.0000e+00
         92     -0.119     7.0663   0.004894     0.0350    -0.0709 0.0000e+00
         93     -0.119     7.0665   0.004891     0.0350    -0.0710 0.0000e+00
         94     -0.119     7.0669   0.004894     0.0350    -0.0710 0.0000e+00
         95     -0.120     7.0674   0.004899     0.0350    -0.0710 0.0000e+00
         96     -0.118     7.0681   0.004908     0.0351    -0.0710 0.0000e+00
         97     -0.116     7.0689   0.004923     0.0352    -0.0709 0.0000e+00
         98     -0.117     7.0694   0.004937     0.0353    -0.0709 0.0000e+00
         99     -0.118     7.0696   0.004943     0.0354    -0.0708 0.0000e+00
        100     -0.118     7.0698   0.004938     0.0353    -0.0709 0.0000e+00
        101     -0.118     7.0698   0.004928     0.0352    -0.0709 0.0000e+00
        102     -0.118     7.0698   0.004917     0.0352    -0.0710 0.0000e+00
        103     -0.117     7.0700   0.004911     0.0351    -0.0710 0.0000e+00
        104     -0.116     7.0703   0.004921     0.0352    -0.0710 0.0000e+00
        105     -0.117     7.0709   0.004947     0.0354    -0.0709 0.0000e+00
        106     -0.118     7.0715   0.004969     0.0355    -0.0708 0.0000e+00
        107     -0.118     7.0718   0.004972     0.0356    -0.0708 0.0000e+00
        108     -0.121     7.0722   0.004964     0.0355    -0.0708 0.0000e+00
        109     -0.125     7.0725   0.004949     0.0354    -0.0709 0.0000e+00
        110     -0.124     7.0729   0.004939     0.0353    -0.0710 0.0000e+00
        111     -0.121     7.0733   0.004938     0.0353    -0.0710 0.0000e+00
        112     -0.120     7.0737   0.004944     0.0354    -0.0710 0.0000e+00
        113     -0.121     7.0741   0.004952     0.0354    -0.0710 0.0000e+00
        114     -0.119     7.0745   0.004954     0.0354    -0.0710 0.0000e+00
        115     -0.116     7.0749   0.004949     0.0354    -0.0710 0.0000e+00
        116     -0.114     7.0754   0.004942     0.0353    -0.0711 0.0000e+00
        117     -0.114     7.0759   0.004939     0.0353    -0.0712 0.0000e+00
        118     -0.115     7.0766   0.004949     0.0354    -0.0711 0.0000e+00
        119     -0.116     7.0770   0.004966     0.0355    -0.0711 0.0000e+00
        120     -0.117     7.0774   0.004979     0.0356    -0.0710 0.0000e+00
        121     -0.118     7.0777   0.004977     0.0356    -0.0710 0.0000e+00
        122     -0.116     7.0778   0.004962     0.0355    -0.0711 0.0000e+00
        123     -0.114     7.0778   0.004944     0.0354    -0.0712 0.0000e+00
        124     -0.116     7.0779   0.004932     0.0353    -0.0713 0.0000e+00
        125     -0.119     7.0781   0.004933     0.0353    -0.0713 0.0000e+00
        126     -0.120     7.0786   0.004940     0.0353    -0.0713 0.0000e+00
        127     -0.117     7.0794   0.004947     0.0354    -0.0713 0.0000e+00
        128     -0.114     7.0804   0.004948     0.0354    -0.0713 0.0000e+00
        129     -0.114     7.0812   0.004942     0.0353    -0.0714 0.0000e+00
        130     -0.116     7.0816   0.004937     0.0353    -0.0714 0.0000e+00
        131     -0.119     7.0820   0.004945     0.0354    -0.0714 0.0000e+00
        132     -0.121     7.0824   0.004959     0.0355    -0.0714 0.0000e+00
        133     -0.123     7.0829   0.004962     0.0355    -0.0714 0.0000e+00
        134     -0.126     7.0835   0.004955     0.0354    -0.0714 0.0000e+00
        135     -0.126     7.0839   0.004948     0.0354    -0.0715 0.0000e+00
        136     -0.124     7.0841   0.004944     0.0354    -0.0715 0.0000e+00
        137     -0.124     7.0840   0.004938     0.0353    -0.0715 0.0000e+00
        138     -0.124     7.0841   0.004933     0.0353    -0.0716 0.0000e+00
        139     -0.124     7.0844   0.004927     0.0352    -0.0716 0.0000e+00
        140     -0.123     7.0848   0.004925     0.0352    -0.0717 0.0000e+00
        141     -0.120     7.0853   0.004934     0.0353    -0.0716 0.0000e+00
        142     -0.116     7.0858   0.004945     0.0354    -0.0716 0.0000e+00
        143     -0.115     7.0863   0.004953     0.0354    -0.0716 0.0000e+00
        144     -0.116     7.0869   0.004955     0.0354    -0.0716 0.0000e+00
        145     -0.117     7.0877   0.004955     0.0354    -0.0716 0.0000e+00
        146     -0.115     7.0884   0.004943     0.0353    -0.0717 0.0000e+00
        147     -0.113     7.0890   0.004929     0.0352    -0.0718 0.0000e+00
        148     -0.112     7.0896   0.004914     0.0351    -0.0719 0.0000e+00
        149     -0.112     7.0900   0.004906     0.0351    -0.0720 0.0000e+00
        150     -0.114     7.0903   0.004914     0.0351    -0.0720 0.0000e+00
        151     -0.116     7.0906   0.004935     0.0353    -0.0719 0.0000e+00
        152     -0.115     7.0909   0.004951     0.0354    -0.0718 0.0000e+00
        153     -0.114     7.0915   0.004955     0.0354    -0.0718 0.0000e+00
        154     -0.115     7.0924   0.004953     0.0354    -0.0719 0.0000e+00
        155     -0.116     7.0934   0.004953     0.0354    -0.0719 0.0000e+00
        156     -0.115     7.0943   0.004957     0.0354    -0.0719 0.0000e+00
        157     -0.112     7.0949   0.004954     0.0354    -0.0720 0.0000e+00
        158     -0.113     7.0953   0.004946     0.0354    -0.0720 0.0000e+00
        159     -0.119     7.0953   0.004937     0.0353    -0.0721 0.0000e+00
        160     -0.123     7.0955   0.004928     0.0352    -0.0722 0.0000e+00
        161     -0.123     7.0958   0.004930     0.0352    -0.0722 0.0000e+00
        162     -0.117     7.0961   0.004946     0.0354    -0.0721 0.0000e+00
        163     -0.114     7.0968   0.004956     0.0354    -0.0721 0.0000e+00
        164     -0.118     7.0974   0.004955     0.0354    -0.0721 0.0000e+00
        165     -0.121     7.0978   0.004949     0.0354    -0.0721 0.0000e+00
        166     -0.121     7.0984   0.004943     0.0353    -0.0722 0.0000e+00
        167     -0.119     7.0991   0.004941     0.0353    -0.0723 0.0000e+00
        168     -0.120     7.0997   0.004942     0.0353    -0.0723 0.0000e+00
        169     -0.121     7.1003   0.004943     0.0353    -0.0723 0.0000e+00
        170     -0.120     7.1006   0.004933     0.0353    -0.0724 0.0000e+00
        171     -0.116     7.1009   0.004919     0.0352    -0.0725 0.0000e+00
        172     -0.112     7.1010   0.004904     0.0351    -0.0726 0.0000e+00
        173     -0.113     7.1010   0.004893     0.0350    -0.0726 0.0000e+00
        174     -0.116     7.1012   0.004898     0.0350    -0.0726 0.0000e+00
        175     -0.117     7.1017   0.004924     0.0352    -0.0725 0.0000e+00
        176     -0.118     7.1023   0.004976     0.0356    -0.0722 0.0000e+00
        177     -0.120     7.1029   0.005021     0.0359    -0.0720 0.0000e+00
        178     -0.121     7.1036   0.005035     0.0360    -0.0719 0.0000e+00
        179     -0.121     7.1040   0.005021     0.0359    -0.0720 0.0000e+00
        180     -0.121     7.1044   0.004999     0.0357    -0.0722 0.0000e+00
        181     -0.121     7.1048   0.004976     0.0356    -0.0723 0.0000e+00
        182     -0.122     7.1052   0.004956     0.0354    -0.0725 0.0000e+00
        183     -0.124     7.1053   0.004953     0.0354    -0.0725 0.0000e+00
        184     -0.125     7.1052   0.004970     0.0355    -0.0724 0.0000e+00
        185     -0.123     7.1054   0.004984     0.0356    -0.0723 0.0000e+00
        186     -0.120     7.1060   0.004984     0.0356    -0.0723 0.0000e+00
        187     -0.118     7.1069   0.004979     0.0356    -0.0724 0.0000e+00
        188     -0.115     7.1079   0.004973     0.0355    -0.0725 0.0000e+00
        189     -0.114     7.1086   0.004969     0.0355    -0.0726 0.0000e+00
        190     -0.114     7.1093   0.004968     0.0355    -0.0726 0.0000e+00
        191     -0.114     7.1098   0.004962     0.0355    -0.0727 0.0000e+00
        192     -0.114     7.1100   0.004951     0.0354    -0.0727 0.0000e+00
        193     -0.114     7.1103   0.004939     0.0353    -0.0728 0.0000e+00
        194     -0.115     7.1105   0.004929     0.0352    -0.0729 0.0000e+00
        195     -0.116     7.1109   0.004933     0.0353    -0.0729 0.0000e+00
        196     -0.118     7.1113   0.004955     0.0354    -0.0728 0.0000e+00
        197     -0.118     7.1117   0.004986     0.0356    -0.0726 0.0000e+00
        198     -0.116     7.1122   0.005006     0.0358    -0.0725 0.0000e+00
        199     -0.113     7.1129   0.005007     0.0358    -0.0726 0.0000e+00
        200     -0.113     7.1139   0.004994     0.0357    -0.0727 0.0000e+00
        201     -0.114     7.1147   0.004976     0.0356    -0.0728 0.0000e+00
        202     -0.115     7.1152   0.004958     0.0354    -0.0729 0.0000e+00
        203     -0.119     7.1157   0.004949     0.0354    -0.0730 0.0000e+00
        204     -0.122     7.1160   0.004948     0.0354    -0.0730 0.0000e+00
        205     -0.121     7.1164   0.004951     0.0354    -0.0730 0.0000e+00
