Datasets/Test_Dataset_39219_tow/originals/tel219_2021_065.cnv
* Sea-Bird SBE19plus Data File:
* Filename = C:/AQUIRE/tel219_2021_065.hex
* Software Version AquireV2 AF V2.0
* Temperature SN =  4020
* Conductivity SN =  4020
* System UpLoad Time = May 14 2021 23:05:47
** VESSEL/TRIP/SEQ STN: tel219_2021_065
** LATITUDE: 45 44.67 N
** LONGITUDE: 54 29.69 W
** DATE/TIME: 2021-05-14 22:19
** SOUNDING DEPTH (M): 0084
** PROBE TYPE: S4020
** CTD NUMBER: 065
** FORMAT: T
** COMMENTS: 
# nquan = 7                                 
# nvalues = 2751                        
# units = specified
# name 0 = scan: Scan Count
# name 1 = prdM: Pressure, Strain Gauge [db]
# name 2 = tv290C: Temperature [ITS-90, deg C]
# name 3 = c0S/m: Conductivity [S/m]
# name 4 = sal00: Salinity, Practical [PSU]
# name 5 = sigma-t00: Density [sigma-t, kg/m^3 ]
# name 6 = flag: flag
# span 0 =          1,       2751       
# span 1 =     -0.097,     80.283       
# span 2 =     0.4476,     4.6211       
# span 3 =   0.006075,   3.035221       
# span 4 =     0.0454,    32.9207       
# span 5 =     0.0085,    26.2682       
# span 6 = 0.0000e+00, 0.0000e+00       
# interval = seconds: 1
# start_time = May 14 2021 22:19:35 [Instrument's time stamp, header]
# bad_flag = -9.990e-29
*END*
[from data line 616]
        617     38.622     3.3380   2.986985    32.4540    25.8234 0.0000e+00
        618     39.132     3.3354   2.987117    32.4579    25.8267 0.0000e+00
        619     39.639     3.3338   2.987446    32.4632    25.8311 0.0000e+00
        620     40.151     3.3287   2.987367    32.4671    25.8347 0.0000e+00
        621     40.673     3.3152   2.986595    32.4710    25.8391 0.0000e+00
        622     41.202     3.2958   2.985683    32.4793    25.8473 0.0000e+00
        623     41.725     3.2808   2.985486    32.4917    25.8586 0.0000e+00
        624     42.243     3.2695   2.985369    32.5014    25.8673 0.0000e+00
        625     42.767     3.2462   2.983094    32.4971    25.8660 0.0000e+00
        626     43.302     3.2060   2.978871    32.4864    25.8610 0.0000e+00
        627     43.843     3.1669   2.975503    32.4848    25.8632 0.0000e+00
        628     44.381     3.1427   2.974576    32.4977    25.8756 0.0000e+00
        629     44.907     3.1278   2.975023    32.5178    25.8929 0.0000e+00
        630     45.426     3.1073   2.974054    32.5265    25.9016 0.0000e+00
        631     45.947     3.0720   2.971291    32.5284    25.9062 0.0000e+00
        632     46.473     3.0244   2.967834    32.5344    25.9151 0.0000e+00
        633     47.001     2.9760   2.964050    32.5371    25.9214 0.0000e+00
        634     47.527     2.9320   2.961164    32.5463    25.9325 0.0000e+00
        635     48.049     2.8726   2.958064    32.5685    25.9553 0.0000e+00
        636     48.570     2.7814   2.952783    32.5965    25.9852 0.0000e+00
        637     49.096     2.6911   2.949591    32.6491    26.0347 0.0000e+00
        638     49.631     2.6491   2.953075    32.7344    26.1063 0.0000e+00
        639     50.179     2.6347   2.957641    32.8047    26.1637 0.0000e+00
        640     50.744     2.5695   2.954775    32.8362    26.1941 0.0000e+00
        641     51.326     2.4715   2.950646    32.8859    26.2418 0.0000e+00
        642     51.915     2.4886   2.954927    32.9207    26.2682 0.0000e+00
        643     52.496     2.6483   2.958137    32.7956    26.1553 0.0000e+00
        644     53.065     2.7519   2.945829    32.5392    25.9419 0.0000e+00
        645     53.626     2.6351   2.919907    32.3405    25.7928 0.0000e+00
        646     54.173     2.3760   2.893987    32.2843    25.7683 0.0000e+00
        647     54.704     2.1306   2.875054    32.2993    25.7988 0.0000e+00
        648     55.218     1.9310   2.861609    32.3355    25.8423 0.0000e+00
        649     55.720     1.7679   2.851669    32.3782    25.8880 0.0000e+00
        650     56.214     1.6516   2.843931    32.4004    25.9138 0.0000e+00
        651     56.705     1.5689   2.838169    32.4128    25.9294 0.0000e+00
        652     57.192     1.5065   2.834462    32.4303    25.9475 0.0000e+00
        653     57.668     1.4563   2.832131    32.4525    25.9686 0.0000e+00
        654     58.130     1.4070   2.829753    32.4732    25.9885 0.0000e+00
        655     58.585     1.3615   2.827255    32.4885    26.0037 0.0000e+00
        656     59.034     1.3249   2.825304    32.5015    26.0165 0.0000e+00
        657     59.471     1.2935   2.824154    32.5193    26.0328 0.0000e+00
        658     59.895     1.2658   2.823539    32.5400    26.0512 0.0000e+00
        659     60.304     1.2444   2.822601    32.5501    26.0607 0.0000e+00
        660     60.692     1.2300   2.821282    32.5482    26.0600 0.0000e+00
        661     61.058     1.2228   2.820314    32.5431    26.0564 0.0000e+00
        662     61.409     1.2160   2.819628    32.5413    26.0553 0.0000e+00
        663     61.748     1.2025   2.818431    32.5399    26.0551 0.0000e+00
        664     62.072     1.1835   2.816805    32.5388    26.0554 0.0000e+00
        665     62.376     1.1628   2.815586    32.5447    26.0614 0.0000e+00
        666     62.656     1.1429   2.815047    32.5584    26.0737 0.0000e+00
        667     62.921     1.1300   2.814915    32.5701    26.0838 0.0000e+00
        668     63.176     1.1272   2.814784    32.5712    26.0849 0.0000e+00
        669     63.416     1.1248   2.814230    32.5665    26.0813 0.0000e+00
        670     63.640     1.1149   2.813347    32.5654    26.0810 0.0000e+00
        671     63.855     1.1030   2.812485    32.5667    26.0828 0.0000e+00
        672     64.059     1.0898   2.811590    32.5690    26.0854 0.0000e+00
        673     64.256     1.0741   2.810793    32.5751    26.0913 0.0000e+00
        674     64.456     1.0614   2.810198    32.5807    26.0965 0.0000e+00
        675     64.654     1.0520   2.809339    32.5794    26.0961 0.0000e+00
        676     64.842     1.0413   2.807970    32.5730    26.0916 0.0000e+00
        677     65.020     1.0277   2.806722    32.5711    26.0909 0.0000e+00
        678     65.193     1.0143   2.806069    32.5767    26.0962 0.0000e+00
        679     65.363     1.0015   2.805501    32.5827    26.1018 0.0000e+00
        680     65.527     0.9882   2.804576    32.5847    26.1042 0.0000e+00
        681     65.681     0.9769   2.803563    32.5835    26.1039 0.0000e+00
        682     65.826     0.9674   2.802772    32.5832    26.1042 0.0000e+00
        683     65.954     0.9577   2.802250    32.5866    26.1075 0.0000e+00
        684     66.061     0.9489   2.801759    32.5895    26.1104 0.0000e+00
        685     66.162     0.9397   2.800951    32.5887    26.1103 0.0000e+00
        686     66.271     0.9280   2.800155    32.5907    26.1126 0.0000e+00
        687     66.391     0.9179   2.799708    32.5955    26.1170 0.0000e+00
        688     66.512     0.9103   2.799186    32.5967    26.1184 0.0000e+00
        689     66.626     0.9024   2.798556    32.5968    26.1190 0.0000e+00
        690     66.739     0.8952   2.798270    32.6006    26.1225 0.0000e+00
        691     66.854     0.8932   2.798325    32.6034    26.1248 0.0000e+00
        692     66.970     0.8962   2.798295    32.5998    26.1217 0.0000e+00
        693     67.089     0.8959   2.797918    32.5952    26.1181 0.0000e+00
        694     67.212     0.8914   2.797379    32.5929    26.1165 0.0000e+00
        695     67.338     0.8843   2.796452    32.5884    26.1133 0.0000e+00
        696     67.469     0.8651   2.794592    32.5846    26.1113 0.0000e+00
        697     67.604     0.8330   2.792206    32.5875    26.1155 0.0000e+00
        698     67.747     0.7988   2.790093    32.5961    26.1245 0.0000e+00
        699     67.897     0.7630   2.788247    32.6099    26.1376 0.0000e+00
        700     68.051     0.7264   2.786699    32.6284    26.1545 0.0000e+00
        701     68.205     0.7012   2.785814    32.6435    26.1681 0.0000e+00
        702     68.360     0.6892   2.785449    32.6513    26.1750 0.0000e+00
        703     68.513     0.6783   2.785017    32.6571    26.1803 0.0000e+00
        704     68.661     0.6641   2.784499    32.6653    26.1877 0.0000e+00
        705     68.805     0.6559   2.784284    32.6711    26.1929 0.0000e+00
        706     68.954     0.6551   2.784004    32.6683    26.1906 0.0000e+00
        707     69.114     0.6508   2.783308    32.6637    26.1872 0.0000e+00
        708     69.282     0.6387   2.782570    32.6669    26.1904 0.0000e+00
        709     69.454     0.6283   2.782145    32.6722    26.1953 0.0000e+00
        710     69.630     0.6252   2.782044    32.6741    26.1970 0.0000e+00
        711     69.810     0.6223   2.781842    32.6745    26.1974 0.0000e+00
        712     69.996     0.6153   2.781162    32.6729    26.1966 0.0000e+00
        713     70.184     0.6047   2.780428    32.6745    26.1984 0.0000e+00
        714     70.371     0.5941   2.780049    32.6807    26.2040 0.0000e+00
        715     70.559     0.5898   2.779857    32.6827    26.2058 0.0000e+00
        716     70.743     0.5874   2.779663    32.6826    26.2059 0.0000e+00
        717     70.923     0.5798   2.779689    32.6909    26.2129 0.0000e+00
        718     71.105     0.5755   2.780988    32.7122    26.2303 0.0000e+00
        719     71.291     0.5819   2.782554    32.7256    26.2408 0.0000e+00
        720     71.482     0.5879   2.781624    32.7071    26.2255 0.0000e+00
        721     71.677     0.5803   2.779350    32.6855    26.2086 0.0000e+00
        722     71.871     0.5651   2.778347    32.6885    26.2118 0.0000e+00
        723     72.064     0.5553   2.778426    32.6998    26.2214 0.0000e+00
        724     72.263     0.5549   2.778764    32.7045    26.2252 0.0000e+00
        725     72.471     0.5595   2.778819    32.7002    26.2216 0.0000e+00
        726     72.685     0.5611   2.778295    32.6916    26.2145 0.0000e+00
        727     72.900     0.5575   2.777813    32.6890    26.2127 0.0000e+00
        728     73.110     0.5521   2.777865    32.6953    26.2180 0.0000e+00
        729     73.313     0.5489   2.777973    32.7000    26.2219 0.0000e+00
        730     73.514     0.5479   2.777533    32.6952    26.2182 0.0000e+00
        731     73.715     0.5403   2.776827    32.6940    26.2176 0.0000e+00
        732     73.914     0.5266   2.776360    32.7023    26.2250 0.0000e+00
        733     74.115     0.5173   2.776184    32.7097    26.2315 0.0000e+00
        734     74.327     0.5142   2.776208    32.7132    26.2345 0.0000e+00
        735     74.553     0.5129   2.776152    32.7137    26.2350 0.0000e+00
        736     74.788     0.5099   2.775840    32.7127    26.2343 0.0000e+00
        737     75.026     0.5051   2.775504    32.7133    26.2351 0.0000e+00
        738     75.258     0.5028   2.775360    32.7138    26.2355 0.0000e+00
        739     75.484     0.5035   2.775318    32.7123    26.2344 0.0000e+00
        740     75.707     0.5024   2.775222    32.7121    26.2343 0.0000e+00
        741     75.925     0.4977   2.775070    32.7150    26.2368 0.0000e+00
        742     76.132     0.4935   2.774945    32.7177    26.2392 0.0000e+00
        743     76.324     0.4924   2.774889    32.7181    26.2396 0.0000e+00
        744     76.501     0.4929   2.774944    32.7181    26.2396 0.0000e+00
        745     76.671     0.4947   2.775008    32.7170    26.2386 0.0000e+00
        746     76.844     0.4974   2.774990    32.7138    26.2358 0.0000e+00
        747     77.023     0.4980   2.774937    32.7123    26.2347 0.0000e+00
        748     77.203     0.4959   2.774843    32.7132    26.2355 0.0000e+00
        749     77.377     0.4942   2.774744    32.7137    26.2359 0.0000e+00
        750     77.542     0.4942   2.774715    32.7132    26.2355 0.0000e+00
        751     77.698     0.4945   2.774736    32.7130    26.2354 0.0000e+00
        752     77.841     0.4948   2.774754    32.7129    26.2353 0.0000e+00
        753     77.975     0.4954   2.774731    32.7119    26.2344 0.0000e+00
        754     78.104     0.4952   2.774673    32.7113    26.2339 0.0000e+00
        755     78.230     0.4938   2.774618    32.7119    26.2346 0.0000e+00
        756     78.344     0.4914   2.774581    32.7139    26.2363 0.0000e+00
        757     78.440     0.4889   2.774596    32.7167    26.2387 0.0000e+00
        758     78.522     0.4881   2.774656    32.7183    26.2400 0.0000e+00
        759     78.604     0.4901   2.774672    32.7164    26.2383 0.0000e+00
        760     78.688     0.4917   2.774628    32.7140    26.2364 0.0000e+00
        761     78.762     0.4911   2.774569    32.7139    26.2363 0.0000e+00
        762     78.822     0.4905   2.774530    32.7140    26.2364 0.0000e+00
        763     78.878     0.4894   2.774493    32.7146    26.2369 0.0000e+00
        764     78.930     0.4874   2.774439    32.7160    26.2382 0.0000e+00
        765     78.968     0.4866   2.774478    32.7173    26.2393 0.0000e+00
        766     78.997     0.4865   2.774839    32.7221    26.2431 0.0000e+00
        767     79.028     0.4865   2.775381    32.7292    26.2488 0.0000e+00
        768     79.067     0.4888   2.775500    32.7282    26.2479 0.0000e+00
        769     79.101     0.4928   2.775160    32.7196    26.2407 0.0000e+00
        770     79.123     0.4948   2.774853    32.7134    26.2357 0.0000e+00
        771     79.144     0.4940   2.774655    32.7117    26.2343 0.0000e+00
        772     79.167     0.4914   2.774477    32.7121    26.2348 0.0000e+00
        773     79.179     0.4880   2.774418    32.7150    26.2373 0.0000e+00
        774     79.176     0.4854   2.774621    32.7204    26.2418 0.0000e+00
        775     79.170     0.4832   2.774850    32.7257    26.2462 0.0000e+00
        776     79.176     0.4804   2.774684    32.7265    26.2470 0.0000e+00
        777     79.192     0.4775   2.774345    32.7251    26.2461 0.0000e+00
        778     79.202     0.4758   2.774167    32.7246    26.2457 0.0000e+00
        779     79.201     0.4753   2.774097    32.7242    26.2455 0.0000e+00
        780     79.191     0.4750   2.774050    32.7240    26.2452 0.0000e+00
        781     79.174     0.4746   2.773961    32.7232    26.2447 0.0000e+00
        782     79.161     0.4738   2.773830    32.7224    26.2440 0.0000e+00
        783     79.160     0.4729   2.773737    32.7221    26.2439 0.0000e+00
        784     79.172     0.4725   2.773721    32.7223    26.2441 0.0000e+00
        785     79.185     0.4722   2.773736    32.7228    26.2445 0.0000e+00
        786     79.191     0.4720   2.773743    32.7231    26.2447 0.0000e+00
        787     79.188     0.4718   2.773737    32.7233    26.2449 0.0000e+00
        788     79.181     0.4718   2.773715    32.7230    26.2446 0.0000e+00
        789     79.173     0.4717   2.773685    32.7227    26.2444 0.0000e+00
        790     79.169     0.4717   2.773655    32.7223    26.2441 0.0000e+00
        791     79.175     0.4717   2.773626    32.7220    26.2438 0.0000e+00
        792     79.189     0.4717   2.773621    32.7219    26.2437 0.0000e+00
        793     79.202     0.4716   2.773635    32.7222    26.2440 0.0000e+00
        794     79.202     0.4714   2.773635    32.7224    26.2442 0.0000e+00
        795     79.192     0.4714   2.773612    32.7221    26.2439 0.0000e+00
        796     79.187     0.4716   2.773577    32.7214    26.2434 0.0000e+00
        797     79.199     0.4718   2.773570    32.7211    26.2431 0.0000e+00
        798     79.227     0.4718   2.773596    32.7214    26.2434 0.0000e+00
        799     79.258     0.4720   2.773629    32.7216    26.2435 0.0000e+00
        800     79.284     0.4725   2.773656    32.7214    26.2433 0.0000e+00
        801     79.304     0.4729   2.773678    32.7213    26.2432 0.0000e+00
        802     79.318     0.4733   2.773696    32.7211    26.2430 0.0000e+00
        803     79.333     0.4734   2.773704    32.7211    26.2430 0.0000e+00
        804     79.351     0.4733   2.773694    32.7210    26.2430 0.0000e+00
        805     79.367     0.4733   2.773678    32.7208    26.2428 0.0000e+00
        806     79.380     0.4733   2.773674    32.7208    26.2428 0.0000e+00
        807     79.388     0.4736   2.773691    32.7207    26.2427 0.0000e+00
        808     79.388     0.4740   2.773723    32.7207    26.2426 0.0000e+00
        809     79.386     0.4744   2.773760    32.7207    26.2427 0.0000e+00
        810     79.394     0.4747   2.773790    32.7208    26.2427 0.0000e+00
        811     79.409     0.4748   2.773799    32.7208    26.2427 0.0000e+00
        812     79.426     0.4746   2.773785    32.7208    26.2427 0.0000e+00
        813     79.449     0.4743   2.773768    32.7209    26.2428 0.0000e+00
        814     79.475     0.4740   2.773753    32.7210    26.2429 0.0000e+00
        815     79.498     0.4737   2.773727    32.7210    26.2429 0.0000e+00
        816     79.511     0.4733   2.773688    32.7209    26.2428 0.0000e+00
        817     79.514     0.4732   2.773672    32.7208    26.2428 0.0000e+00
        818     79.518     0.4733   2.773689    32.7209    26.2428 0.0000e+00
        819     79.529     0.4736   2.773709    32.7208    26.2428 0.0000e+00
        820     79.539     0.4737   2.773713    32.7208    26.2427 0.0000e+00
