Datasets/Test_Dataset_39219_tow/originals/tel219_2021_043.cnv
* Sea-Bird SBE19plus Data File:
* Filename = C:/AQUIRE/tel219_2021_043.hex
* Software Version AquireV2 AF V2.0
* Temperature SN =  4020
* Conductivity SN =  4020
* System UpLoad Time = May 12 2021 12:44:25
** VESSEL/TRIP/SEQ STN: tel219_2021_043
** LATITUDE: 45 14.15 N
** LONGITUDE: 56 10.92 W
** DATE/TIME: 2021-05-12 11:56
** SOUNDING DEPTH (M): 0089
** PROBE TYPE: S4020
** CTD NUMBER:  43
** FORMAT: T
** COMMENTS: 
# nquan = 7                                 
# nvalues = 2950                        
# units = specified
# name 0 = scan: Scan Count
# name 1 = prdM: Pressure, Strain Gauge [db]
# name 2 = tv290C: Temperature [ITS-90, deg C]
# name 3 = c0S/m: Conductivity [S/m]
# name 4 = sal00: Salinity, Practical [PSU]
# name 5 = sigma-t00: Density [sigma-t, kg/m^3 ]
# name 6 = flag: flag
# span 0 =          1,       2950       
# span 1 =     -0.161,     85.051       
# span 2 =     1.2716,     3.9680       
# span 3 =   0.004382,   2.981512       
# span 4 =     0.0329,    32.3716       
# span 5 =     0.0015,    25.9014       
# span 6 = 0.0000e+00, 0.0000e+00       
# interval = seconds: 1
# start_time = May 12 2021 11:56:30 [Instrument's time stamp, header]
# bad_flag = -9.990e-29
*END*
[from data line 821]
        822     -0.154     3.9641   0.004440     0.0333     0.0019 0.0000e+00
        823     -0.151     3.9642   0.004443     0.0333     0.0019 0.0000e+00
        824     -0.148     3.9642   0.004441     0.0333     0.0019 0.0000e+00
        825     -0.150     3.9642   0.004436     0.0333     0.0019 0.0000e+00
        826     -0.154     3.9642   0.004433     0.0333     0.0018 0.0000e+00
        827     -0.156     3.9642   0.004438     0.0333     0.0019 0.0000e+00
        828     -0.156     3.9642   0.004445     0.0333     0.0019 0.0000e+00
        829     -0.155     3.9642   0.004445     0.0333     0.0019 0.0000e+00
        830     -0.154     3.9642   0.004441     0.0333     0.0019 0.0000e+00
        831     -0.152     3.9642   0.004438     0.0333     0.0019 0.0000e+00
        832     -0.153     3.9642   0.004436     0.0333     0.0019 0.0000e+00
        833     -0.158     3.9642   0.004438     0.0333     0.0019 0.0000e+00
        834     -0.161     3.9642   0.004445     0.0333     0.0019 0.0000e+00
        835     -0.157     3.9642   0.004448     0.0334     0.0019 0.0000e+00
        836     -0.153     3.9642   0.004445     0.0333     0.0019 0.0000e+00
        837     -0.153     3.9643   0.004439     0.0333     0.0019 0.0000e+00
        838     -0.152     3.9644   0.004437     0.0333     0.0019 0.0000e+00
        839     -0.151     3.9644   0.004437     0.0333     0.0019 0.0000e+00
        840     -0.151     3.9644   0.004440     0.0333     0.0019 0.0000e+00
        841     -0.152     3.9644   0.004443     0.0333     0.0019 0.0000e+00
        842     -0.153     3.9644   0.004445     0.0333     0.0019 0.0000e+00
        843     -0.154     3.9645   0.004445     0.0333     0.0019 0.0000e+00
        844     -0.153     3.9645   0.004442     0.0333     0.0019 0.0000e+00
        845     -0.153     3.9645   0.004438     0.0333     0.0019 0.0000e+00
        846     -0.155     3.9645   0.004435     0.0333     0.0019 0.0000e+00
        847     -0.156     3.9645   0.004436     0.0333     0.0019 0.0000e+00
        848     -0.156     3.9645   0.004440     0.0333     0.0019 0.0000e+00
        849     -0.156     3.9646   0.004443     0.0333     0.0019 0.0000e+00
        850     -0.158     3.9646   0.004442     0.0333     0.0019 0.0000e+00
        851     -0.161     3.9646   0.004439     0.0333     0.0019 0.0000e+00
        852     -0.160     3.9646   0.004436     0.0333     0.0019 0.0000e+00
        853     -0.156     3.9646   0.004438     0.0333     0.0019 0.0000e+00
        854     -0.155     3.9646   0.004439     0.0333     0.0019 0.0000e+00
        855     -0.154     3.9648   0.004437     0.0333     0.0019 0.0000e+00
        856     -0.153     3.9649   0.004434     0.0333     0.0019 0.0000e+00
        857     -0.153     3.9649   0.004435     0.0333     0.0019 0.0000e+00
        858     -0.154     3.9649   0.004440     0.0333     0.0019 0.0000e+00
        859     -0.156     3.9649   0.004444     0.0333     0.0019 0.0000e+00
        860     -0.157     3.9649   0.004444     0.0333     0.0019 0.0000e+00
        861     -0.157     3.9650   0.004444     0.0333     0.0019 0.0000e+00
        862     -0.158     3.9650   0.004442     0.0333     0.0019 0.0000e+00
        863     -0.157     3.9650   0.004439     0.0333     0.0019 0.0000e+00
        864     -0.154     3.9651   0.004437     0.0333     0.0019 0.0000e+00
        865     -0.154     3.9651   0.004433     0.0333     0.0018 0.0000e+00
        866     -0.159     3.9652   0.004438     0.0333     0.0019 0.0000e+00
        867     -0.160     3.9653   0.004450     0.0334     0.0020 0.0000e+00
        868     -0.154     3.9653   0.004456     0.0334     0.0020 0.0000e+00
        869     -0.149     3.9653   0.004451     0.0334     0.0020 0.0000e+00
        870     -0.152     3.9653   0.004442     0.0333     0.0019 0.0000e+00
        871     -0.154     3.9653   0.004437     0.0333     0.0019 0.0000e+00
        872     -0.153     3.9654   0.004439     0.0333     0.0019 0.0000e+00
        873     -0.152     3.9654   0.004444     0.0333     0.0019 0.0000e+00
        874     -0.152     3.9655   0.004449     0.0334     0.0019 0.0000e+00
        875     -0.154     3.9655   0.004448     0.0334     0.0019 0.0000e+00
        876     -0.155     3.9655   0.004446     0.0334     0.0019 0.0000e+00
        877     -0.153     3.9657   0.004446     0.0334     0.0019 0.0000e+00
        878     -0.151     3.9657   0.004447     0.0334     0.0019 0.0000e+00
        879     -0.153     3.9657   0.004446     0.0334     0.0019 0.0000e+00
        880     -0.156     3.9659   0.004445     0.0333     0.0019 0.0000e+00
        881     -0.158     3.9659   0.004444     0.0333     0.0019 0.0000e+00
        882     -0.157     3.9660   0.004445     0.0333     0.0019 0.0000e+00
        883     -0.159     3.9661   0.004443     0.0333     0.0019 0.0000e+00
        884     -0.161     3.9661   0.004444     0.0333     0.0019 0.0000e+00
        885     -0.160     3.9661   0.004446     0.0334     0.0019 0.0000e+00
        886     -0.155     3.9663   0.004447     0.0334     0.0019 0.0000e+00
        887     -0.153     3.9664   0.004444     0.0333     0.0019 0.0000e+00
        888     -0.154     3.9664   0.004440     0.0333     0.0019 0.0000e+00
        889     -0.158     3.9664   0.004435     0.0333     0.0019 0.0000e+00
        890     -0.160     3.9665   0.004437     0.0333     0.0019 0.0000e+00
        891     -0.158     3.9665   0.004445     0.0333     0.0019 0.0000e+00
        892     -0.155     3.9665   0.004451     0.0334     0.0020 0.0000e+00
        893     -0.152     3.9667   0.004453     0.0334     0.0020 0.0000e+00
        894     -0.149     3.9668   0.004450     0.0334     0.0020 0.0000e+00
        895     -0.147     3.9668   0.004443     0.0333     0.0019 0.0000e+00
        896     -0.146     3.9669   0.004438     0.0333     0.0019 0.0000e+00
        897     -0.146     3.9669   0.004439     0.0333     0.0019 0.0000e+00
        898     -0.147     3.9671   0.004444     0.0333     0.0019 0.0000e+00
        899     -0.150     3.9671   0.004448     0.0334     0.0019 0.0000e+00
        900     -0.153     3.9672   0.004448     0.0334     0.0019 0.0000e+00
        901     -0.153     3.9672   0.004445     0.0333     0.0019 0.0000e+00
        902     -0.151     3.9672   0.004442     0.0333     0.0019 0.0000e+00
        903     -0.151     3.9672   0.004438     0.0333     0.0019 0.0000e+00
        904     -0.154     3.9673   0.004439     0.0333     0.0019 0.0000e+00
        905     -0.155     3.9674   0.004440     0.0333     0.0019 0.0000e+00
        906     -0.152     3.9676   0.004442     0.0333     0.0019 0.0000e+00
        907     -0.151     3.9676   0.004445     0.0333     0.0019 0.0000e+00
        908     -0.151     3.9676   0.004450     0.0334     0.0019 0.0000e+00
        909     -0.152     3.9678   0.004497     0.0337     0.0022 0.0000e+00
        910     -0.153     3.9680   0.004585     0.0344     0.0028 0.0000e+00
        911     -0.151     3.9680   0.004631     0.0348     0.0031 0.0000e+00
        912     -0.148     3.9679   0.004632     0.0348     0.0031 0.0000e+00
        913     -0.145     3.9677   0.004635     0.0348     0.0031 0.0000e+00
        914     -0.144     3.9678   0.004669     0.0351     0.0033 0.0000e+00
        915     -0.142     3.9680   0.004755     0.0357     0.0038 0.0000e+00
        916     -0.142     3.9680   0.004845     0.0364     0.0044 0.0000e+00
        917     -0.143     3.9680   0.004871     0.0366     0.0046 0.0000e+00
        918     -0.143     3.9678   0.004850     0.0365     0.0044 0.0000e+00
        919     -0.142     3.9676   0.004833     0.0363     0.0043 0.0000e+00
        920     -0.140     3.9676   0.004828     0.0363     0.0043 0.0000e+00
        921     -0.139     3.9676   0.004829     0.0363     0.0043 0.0000e+00
        922     -0.137     3.9637   0.025400     0.2015     0.1376 0.0000e+00
        923     -0.124     3.9104   0.304912     2.7230     2.1590 0.0000e+00
        924     -0.099     3.7590   1.281207    12.7269    10.1201 0.0000e+00
        925     -0.068     3.5819   2.459692    26.0266    20.6887 0.0000e+00
        926     -0.026     3.4899   2.730403    29.2741    23.2783 0.0000e+00
        927      0.037     3.4798   2.551835    27.1841    21.6166 0.0000e+00
        928      0.116     3.4907   2.758763    29.6083    23.5442 0.0000e+00
        929      0.191     3.4936   2.965592    32.0631    25.4980 0.0000e+00
        930      0.232     3.4906   2.978804    32.2239    25.6263 0.0000e+00
        931      0.230     3.4815   2.980474    32.2529    25.6502 0.0000e+00
        932      0.211     3.4626   2.980287    32.2694    25.6651 0.0000e+00
        933      0.206     3.4474   2.980385    32.2857    25.6795 0.0000e+00
        934      0.231     3.4453   2.981512    32.3013    25.6921 0.0000e+00
        935      0.276     3.4390   2.980578    32.2964    25.6887 0.0000e+00
        936      0.317     3.4189   2.977247    32.2765    25.6747 0.0000e+00
        937      0.340     3.4089   2.976318    32.2753    25.6747 0.0000e+00
        938      0.349     3.4276   2.978338    32.2809    25.6774 0.0000e+00
        939      0.340     3.4573   2.979553    32.2659    25.6628 0.0000e+00
        940      0.307     3.4733   2.980015    32.2555    25.6531 0.0000e+00
        941      0.263     3.4707   2.979901    32.2567    25.6543 0.0000e+00
        942      0.225     3.4646   2.978825    32.2499    25.6494 0.0000e+00
        943      0.223     3.4751   2.977970    32.2293    25.6320 0.0000e+00
        944      0.284     3.4888   2.975674    32.1882    25.5981 0.0000e+00
        945      0.392     3.4842   2.972636    32.1564    25.5732 0.0000e+00
        946      0.489     3.4668   2.971848    32.1642    25.5809 0.0000e+00
        947      0.520     3.4430   2.971944    32.1889    25.6028 0.0000e+00
        948      0.505     3.4252   2.971406    32.2002    25.6134 0.0000e+00
        949      0.500     3.4242   2.971380    32.2009    25.6140 0.0000e+00
        950      0.497     3.4305   2.972316    32.2058    25.6174 0.0000e+00
        951      0.467     3.4343   2.973395    32.2150    25.6243 0.0000e+00
        952      0.411     3.4330   2.973946    32.2229    25.6307 0.0000e+00
        953      0.337     3.4264   2.974108    32.2314    25.6381 0.0000e+00
        954      0.256     3.4240   2.974339    32.2366    25.6425 0.0000e+00
        955      0.195     3.4364   2.974478    32.2260    25.6329 0.0000e+00
        956      0.166     3.4532   2.974559    32.2103    25.6189 0.0000e+00
        957      0.153     3.4554   2.974493    32.2073    25.6163 0.0000e+00
        958      0.148     3.4456   2.973856    32.2094    25.6189 0.0000e+00
        959      0.146     3.4320   2.972118    32.2021    25.6143 0.0000e+00
        960      0.125     3.4074   2.968961    32.1888    25.6059 0.0000e+00
        961      0.093     3.3804   2.966658    32.1880    25.6077 0.0000e+00
        962      0.087     3.3719   2.966930    32.1997    25.6178 0.0000e+00
        963      0.096     3.3743   2.942603    31.9059    25.3835 0.0000e+00
        964      0.075     3.3701   2.653560    28.4737    22.6510 0.0000e+00
        965      0.035     3.3613   2.031535    21.2568    16.9125 0.0000e+00
        966      0.011     3.3562   1.895604    19.7137    15.6865 0.0000e+00
        967      0.005     3.3548   2.477932    26.4227    21.0203 0.0000e+00
        968      0.008     3.3548   2.859325    30.9295    24.6075 0.0000e+00
        969      0.019     3.3553   2.894478    31.3488    24.9414 0.0000e+00
        970      0.037     3.3553   2.872462    31.0858    24.7319 0.0000e+00
        971      0.044     3.3547   2.661290    28.5785    22.7357 0.0000e+00
        972      0.026     3.3552   2.123938    22.3189    17.7570 0.0000e+00
        973      0.019     3.3586   1.852501    19.2245    15.2976 0.0000e+00
        974      0.066     3.3618   2.359613    25.0370    19.9177 0.0000e+00
        975      0.176     3.3613   2.867191    31.0171    24.6766 0.0000e+00
        976      0.304     3.3588   2.959381    32.1221    25.5571 0.0000e+00
        977      0.384     3.3564   2.960722    32.1406    25.5720 0.0000e+00
        978      0.408     3.3548   2.960437    32.1387    25.5707 0.0000e+00
        979      0.418     3.3543   2.959852    32.1322    25.5655 0.0000e+00
        980      0.434     3.3544   2.961007    32.1459    25.5765 0.0000e+00
        981      0.424     3.3544   2.957849    32.1081    25.5463 0.0000e+00
        982      0.359     3.3550   2.947012    31.9776    25.4423 0.0000e+00
        983      0.271     3.3571   2.945102    31.9527    25.4223 0.0000e+00
        984      0.214     3.3602   2.956972    32.0919    25.5329 0.0000e+00
        985      0.199     3.3624   2.964151    32.1758    25.5996 0.0000e+00
        986      0.193     3.3621   2.964101    32.1755    25.5994 0.0000e+00
        987      0.169     3.3592   2.963776    32.1745    25.5988 0.0000e+00
        988      0.160     3.3554   2.963381    32.1736    25.5984 0.0000e+00
        989      0.207     3.3529   2.963213    32.1740    25.5990 0.0000e+00
        990      0.287     3.3526   2.963299    32.1753    25.6000 0.0000e+00
        991      0.345     3.3537   2.963448    32.1759    25.6005 0.0000e+00
        992      0.358     3.3556   2.963436    32.1739    25.5987 0.0000e+00
        993      0.339     3.3573   2.963327    32.1709    25.5961 0.0000e+00
        994      0.323     3.3572   2.963245    32.1700    25.5955 0.0000e+00
        995      0.338     3.3552   2.963210    32.1716    25.5969 0.0000e+00
        996      0.388     3.3530   2.963171    32.1733    25.5984 0.0000e+00
        997      0.462     3.3514   2.963171    32.1748    25.5998 0.0000e+00
        998      0.514     3.3506   2.963230    32.1763    25.6010 0.0000e+00
        999      0.498     3.3503   2.963269    32.1771    25.6017 0.0000e+00
       1000      0.425     3.3501   2.963251    32.1771    25.6017 0.0000e+00
       1001      0.338     3.3502   2.963192    32.1764    25.6011 0.0000e+00
       1002      0.273     3.3504   2.963148    32.1757    25.6005 0.0000e+00
       1003      0.255     3.3506   2.963137    32.1753    25.6003 0.0000e+00
       1004      0.281     3.3504   2.963162    32.1758    25.6007 0.0000e+00
       1005      0.298     3.3504   2.963244    32.1768    25.6014 0.0000e+00
       1006      0.252     3.3513   2.963346    32.1772    25.6016 0.0000e+00
       1007      0.169     3.3522   2.963357    32.1764    25.6010 0.0000e+00
       1008      0.117     3.3520   2.963231    32.1752    25.6000 0.0000e+00
       1009      0.105     3.3513   2.963127    32.1746    25.5996 0.0000e+00
       1010      0.109     3.3514   2.963176    32.1751    25.6000 0.0000e+00
       1011      0.117     3.3510   2.963164    32.1753    25.6002 0.0000e+00
       1012      0.113     3.3497   2.963008    32.1748    25.5999 0.0000e+00
       1013      0.092     3.3489   2.962947    32.1748    25.6000 0.0000e+00
       1014      0.065     3.3487   2.962996    32.1756    25.6007 0.0000e+00
       1015      0.045     3.3469   2.962897    32.1763    25.6013 0.0000e+00
       1016      0.033     3.3438   2.962595    32.1757    25.6012 0.0000e+00
       1017      0.024     3.3413   2.962348    32.1752    25.6010 0.0000e+00
       1018      0.021     3.3408   2.962323    32.1754    25.6012 0.0000e+00
       1019      0.024     3.3416   2.962417    32.1758    25.6014 0.0000e+00
       1020      0.033     3.3429   2.962515    32.1757    25.6012 0.0000e+00
       1021      0.047     3.3439   2.962594    32.1756    25.6011 0.0000e+00
       1022      0.059     3.3444   2.962649    32.1758    25.6011 0.0000e+00
       1023      0.060     3.3442   2.962641    32.1759    25.6012 0.0000e+00
       1024      0.052     3.3434   2.962572    32.1758    25.6013 0.0000e+00
       1025      0.031     3.3424   2.962480    32.1757    25.6013 0.0000e+00
