Datasets/Test_Dataset_39219_tow/originals/tel219_2021_034.cnv
* Sea-Bird SBE19plus Data File:
* Filename = C:/AQUIRE/tel219_2021_034.hex
* Software Version AquireV2 AF V2.0
* Temperature SN =  4020
* Conductivity SN =  4020
* System UpLoad Time = May 11 2021 08:13:54
** VESSEL/TRIP/SEQ STN: tel219_2021_034
** LATITUDE: 45 53.99 N
** LONGITUDE: 56 58.02 W
** DATE/TIME: 2021-05-11 07:09
** SOUNDING DEPTH (M): 0310
** PROBE TYPE: S4020
** CTD NUMBER:  34
** FORMAT: T
** COMMENTS: 
# nquan = 7                                 
# nvalues = 3026                        
# units = specified
# name 0 = scan: Scan Count
# name 1 = prdM: Pressure, Strain Gauge [db]
# name 2 = tv290C: Temperature [ITS-90, deg C]
# name 3 = c0S/m: Conductivity [S/m]
# name 4 = sal00: Salinity, Practical [PSU]
# name 5 = sigma-t00: Density [sigma-t, kg/m^3 ]
# name 6 = flag: flag
# span 0 =          1,       3026       
# span 1 =     -0.779,    311.040       
# span 2 =     1.0325,     9.5610       
# span 3 =   0.004602,   3.784993       
# span 4 =     0.0350,    35.1552       
# span 5 =    -0.0023,    27.4390       
# span 6 = 0.0000e+00, 0.0000e+00       
# interval = seconds: 1
# start_time = May 11 2021 07:09:28 [Instrument's time stamp, header]
# bad_flag = -9.990e-29
*END*
[from data line 2667]
       2668     -0.589     3.7049   0.029277     0.2353     0.1645 0.0000e+00
       2669     -0.589     3.7047   0.028495     0.2288     0.1592 0.0000e+00
       2670     -0.589     3.7047   0.027610     0.2214     0.1533 0.0000e+00
       2671     -0.586     3.7047   0.026916     0.2157     0.1486 0.0000e+00
       2672     -0.582     3.7046   0.026484     0.2121     0.1457 0.0000e+00
       2673     -0.581     3.7045   0.026289     0.2105     0.1444 0.0000e+00
       2674     -0.581     3.7045   0.026221     0.2099     0.1439 0.0000e+00
       2675     -0.577     3.7045   0.026064     0.2086     0.1429 0.0000e+00
       2676     -0.573     3.7046   0.025684     0.2054     0.1403 0.0000e+00
       2677     -0.568     3.7046   0.025176     0.2012     0.1369 0.0000e+00
       2678     -0.565     3.7046   0.024712     0.1974     0.1338 0.0000e+00
       2679     -0.564     3.7045   0.024402     0.1948     0.1318 0.0000e+00
       2680     -0.564     3.7045   0.024286     0.1938     0.1310 0.0000e+00
       2681     -0.565     3.7044   0.024259     0.1936     0.1308 0.0000e+00
       2682     -0.565     3.7043   0.024120     0.1925     0.1299 0.0000e+00
       2683     -0.561     3.7044   0.023803     0.1899     0.1278 0.0000e+00
       2684     -0.557     3.7043   0.023410     0.1866     0.1251 0.0000e+00
       2685     -0.559     3.7041   0.022989     0.1831     0.1223 0.0000e+00
       2686     -0.562     3.7039   0.022466     0.1788     0.1189 0.0000e+00
       2687     -0.561     3.7036   0.021891     0.1741     0.1150 0.0000e+00
       2688     -0.558     3.7035   0.021503     0.1709     0.1124 0.0000e+00
       2689     -0.555     3.7035   0.021391     0.1699     0.1117 0.0000e+00
       2690     -0.554     3.7037   0.021336     0.1695     0.1113 0.0000e+00
       2691     -0.553     3.7040   0.021103     0.1676     0.1098 0.0000e+00
       2692     -0.551     3.7042   0.020705     0.1643     0.1071 0.0000e+00
       2693     -0.548     3.7043   0.020361     0.1615     0.1049 0.0000e+00
       2694     -0.544     3.7043   0.020259     0.1606     0.1042 0.0000e+00
       2695     -0.542     3.7043   0.020310     0.1610     0.1045 0.0000e+00
       2696     -0.541     3.7042   0.020193     0.1601     0.1037 0.0000e+00
       2697     -0.539     3.7041   0.019828     0.1571     0.1013 0.0000e+00
       2698     -0.538     3.7040   0.019476     0.1542     0.0990 0.0000e+00
       2699     -0.537     3.7039   0.019373     0.1534     0.0983 0.0000e+00
       2700     -0.535     3.7040   0.019497     0.1544     0.0991 0.0000e+00
       2701     -0.534     3.7042   0.019679     0.1559     0.1003 0.0000e+00
       2702     -0.534     3.7043   0.019746     0.1564     0.1008 0.0000e+00
       2703     -0.533     3.7043   0.019626     0.1554     0.1000 0.0000e+00
       2704     -0.533     3.7043   0.019349     0.1532     0.0981 0.0000e+00
       2705     -0.531     3.7043   0.019001     0.1503     0.0958 0.0000e+00
       2706     -0.528     3.7043   0.018738     0.1481     0.0941 0.0000e+00
       2707     -0.526     3.7042   0.018644     0.1474     0.0935 0.0000e+00
       2708     -0.526     3.7042   0.018624     0.1472     0.0933 0.0000e+00
       2709     -0.527     3.7042   0.018614     0.1471     0.0933 0.0000e+00
       2710     -0.527     3.7043   0.018659     0.1475     0.0936 0.0000e+00
       2711     -0.528     3.7043   0.018697     0.1478     0.0938 0.0000e+00
       2712     -0.528     3.7043   0.018558     0.1467     0.0929 0.0000e+00
       2713     -0.526     3.7043   0.018242     0.1441     0.0908 0.0000e+00
       2714     -0.521     3.7043   0.017952     0.1417     0.0889 0.0000e+00
       2715     -0.517     3.7043   0.017833     0.1407     0.0881 0.0000e+00
       2716     -0.517     3.7045   0.017819     0.1406     0.0880 0.0000e+00
       2717     -0.519     3.7045   0.017763     0.1402     0.0877 0.0000e+00
       2718     -0.519     3.7045   0.017633     0.1391     0.0868 0.0000e+00
       2719     -0.518     3.7046   0.017536     0.1383     0.0862 0.0000e+00
       2720     -0.519     3.7047   0.017521     0.1382     0.0861 0.0000e+00
       2721     -0.519     3.7048   0.017459     0.1377     0.0857 0.0000e+00
       2722     -0.516     3.7049   0.017271     0.1361     0.0844 0.0000e+00
       2723     -0.512     3.7048   0.017094     0.1347     0.0832 0.0000e+00
       2724     -0.508     3.7047   0.017051     0.1343     0.0830 0.0000e+00
       2725     -0.505     3.7047   0.017062     0.1344     0.0830 0.0000e+00
       2726     -0.503     3.7047   0.017010     0.1340     0.0827 0.0000e+00
       2727     -0.502     3.7047   0.016930     0.1334     0.0822 0.0000e+00
       2728     -0.499     3.7047   0.016861     0.1328     0.0817 0.0000e+00
       2729     -0.497     3.7049   0.016727     0.1317     0.0808 0.0000e+00
       2730     -0.496     3.7051   0.016505     0.1299     0.0794 0.0000e+00
       2731     -0.497     3.7051   0.016314     0.1283     0.0781 0.0000e+00
       2732     -0.497     3.7051   0.016275     0.1280     0.0779 0.0000e+00
       2733     -0.495     3.7050   0.016356     0.1287     0.0784 0.0000e+00
       2734     -0.491     3.7050   0.016405     0.1291     0.0787 0.0000e+00
       2735     -0.487     3.7050   0.016304     0.1283     0.0780 0.0000e+00
       2736     -0.486     3.7050   0.016079     0.1264     0.0766 0.0000e+00
       2737     -0.488     3.7050   0.015888     0.1249     0.0753 0.0000e+00
       2738     -0.488     3.7051   0.015857     0.1246     0.0751 0.0000e+00
       2739     -0.486     3.7052   0.015922     0.1251     0.0755 0.0000e+00
       2740     -0.482     3.7054   0.015905     0.1250     0.0754 0.0000e+00
       2741     -0.481     3.7054   0.015765     0.1239     0.0745 0.0000e+00
       2742     -0.482     3.7054   0.015653     0.1230     0.0738 0.0000e+00
       2743     -0.483     3.7055   0.015630     0.1228     0.0736 0.0000e+00
       2744     -0.482     3.7057   0.015580     0.1224     0.0733 0.0000e+00
       2745     -0.484     3.7058   0.015449     0.1213     0.0724 0.0000e+00
       2746     -0.485     3.7058   0.015351     0.1205     0.0718 0.0000e+00
       2747     -0.481     3.7057   0.015347     0.1205     0.0718 0.0000e+00
       2748     -0.478     3.7058   0.015368     0.1206     0.0719 0.0000e+00
       2749     -0.474     3.7058   0.015347     0.1205     0.0718 0.0000e+00
       2750     -0.469     3.7060   0.015270     0.1198     0.0712 0.0000e+00
       2751     -0.469     3.7061   0.015130     0.1187     0.0703 0.0000e+00
       2752     -0.473     3.7062   0.014972     0.1174     0.0693 0.0000e+00
       2753     -0.475     3.7062   0.014886     0.1167     0.0687 0.0000e+00
       2754     -0.470     3.7062   0.014900     0.1168     0.0688 0.0000e+00
       2755     -0.465     3.7063   0.014920     0.1170     0.0689 0.0000e+00
       2756     -0.466     3.7065   0.014833     0.1163     0.0684 0.0000e+00
       2757     -0.468     3.7066   0.014681     0.1150     0.0674 0.0000e+00
       2758     -0.466     3.7066   0.014623     0.1146     0.0670 0.0000e+00
       2759     -0.463     3.7066   0.014699     0.1152     0.0675 0.0000e+00
       2760     -0.459     3.7065   0.014754     0.1156     0.0679 0.0000e+00
       2761     -0.455     3.7066   0.014678     0.1150     0.0674 0.0000e+00
       2762     -0.455     3.7067   0.014532     0.1138     0.0664 0.0000e+00
       2763     -0.456     3.7066   0.014397     0.1127     0.0655 0.0000e+00
       2764     -0.455     3.7064   0.014303     0.1120     0.0649 0.0000e+00
       2765     -0.454     3.7062   0.014287     0.1119     0.0648 0.0000e+00
       2766     -0.453     3.7064   0.014322     0.1121     0.0650 0.0000e+00
       2767     -0.451     3.7065   0.014291     0.1119     0.0648 0.0000e+00
       2768     -0.449     3.7066   0.014151     0.1108     0.0639 0.0000e+00
       2769     -0.450     3.7066   0.014049     0.1099     0.0632 0.0000e+00
       2770     -0.451     3.7068   0.014108     0.1104     0.0636 0.0000e+00
       2771     -0.449     3.7070   0.014235     0.1114     0.0645 0.0000e+00
       2772     -0.450     3.7070   0.014263     0.1117     0.0646 0.0000e+00
       2773     -0.452     3.7071   0.014174     0.1109     0.0641 0.0000e+00
       2774     -0.451     3.7073   0.014060     0.1100     0.0633 0.0000e+00
       2775     -0.450     3.7073   0.014002     0.1095     0.0629 0.0000e+00
       2776     -0.451     3.7070   0.014012     0.1096     0.0630 0.0000e+00
       2777     -0.452     3.7065   0.014016     0.1097     0.0630 0.0000e+00
       2778     -0.450     3.7059   0.013944     0.1091     0.0626 0.0000e+00
       2779     -0.445     3.7057   0.013816     0.1080     0.0617 0.0000e+00
       2780     -0.440     3.7058   0.013716     0.1072     0.0611 0.0000e+00
       2781     -0.437     3.7058   0.013715     0.1072     0.0611 0.0000e+00
       2782     -0.435     3.7059   0.013745     0.1075     0.0613 0.0000e+00
       2783     -0.436     3.7061   0.013689     0.1070     0.0609 0.0000e+00
       2784     -0.438     3.7062   0.013558     0.1060     0.0600 0.0000e+00
       2785     -0.439     3.7062   0.013441     0.1050     0.0593 0.0000e+00
       2786     -0.439     3.7063   0.013371     0.1044     0.0588 0.0000e+00
       2787     -0.440     3.7065   0.013348     0.1043     0.0587 0.0000e+00
       2788     -0.440     3.7066   0.013344     0.1042     0.0586 0.0000e+00
       2789     -0.437     3.7068   0.013308     0.1039     0.0584 0.0000e+00
       2790     -0.432     3.7069   0.013225     0.1033     0.0579 0.0000e+00
       2791     -0.430     3.7070   0.013147     0.1026     0.0573 0.0000e+00
       2792     -0.430     3.7070   0.013132     0.1025     0.0573 0.0000e+00
       2793     -0.430     3.7070   0.013138     0.1026     0.0573 0.0000e+00
       2794     -0.429     3.7070   0.013100     0.1022     0.0570 0.0000e+00
       2795     -0.428     3.7070   0.013022     0.1016     0.0565 0.0000e+00
       2796     -0.425     3.7072   0.012950     0.1010     0.0561 0.0000e+00
       2797     -0.422     3.7073   0.012910     0.1007     0.0558 0.0000e+00
       2798     -0.422     3.7072   0.012892     0.1006     0.0557 0.0000e+00
       2799     -0.424     3.7070   0.012877     0.1004     0.0556 0.0000e+00
       2800     -0.424     3.7069   0.012841     0.1002     0.0554 0.0000e+00
       2801     -0.423     3.7069   0.012768     0.0996     0.0549 0.0000e+00
       2802     -0.423     3.7067   0.012683     0.0989     0.0543 0.0000e+00
       2803     -0.422     3.7065   0.012593     0.0982     0.0537 0.0000e+00
       2804     -0.417     3.7063   0.012488     0.0973     0.0530 0.0000e+00
       2805     -0.413     3.7062   0.012405     0.0966     0.0525 0.0000e+00
       2806     -0.413     3.7062   0.012388     0.0965     0.0524 0.0000e+00
       2807     -0.415     3.7062   0.012398     0.0966     0.0525 0.0000e+00
       2808     -0.416     3.7062   0.012327     0.0960     0.0520 0.0000e+00
       2809     -0.418     3.7062   0.012185     0.0949     0.0511 0.0000e+00
       2810     -0.420     3.7062   0.012091     0.0941     0.0505 0.0000e+00
       2811     -0.420     3.7061   0.012081     0.0940     0.0504 0.0000e+00
       2812     -0.417     3.7060   0.012074     0.0940     0.0504 0.0000e+00
       2813     -0.411     3.7060   0.012001     0.0934     0.0499 0.0000e+00
       2814     -0.408     3.7060   0.011783     0.0916     0.0485 0.0000e+00
       2815     -0.409     3.7058   0.011443     0.0889     0.0463 0.0000e+00
       2816     -0.409     3.7058   0.011169     0.0867     0.0445 0.0000e+00
       2817     -0.407     3.7057   0.011008     0.0854     0.0434 0.0000e+00
       2818     -0.405     3.7055   0.010874     0.0843     0.0426 0.0000e+00
       2819     -0.402     3.7054   0.010756     0.0834     0.0418 0.0000e+00
       2820     -0.402     3.7052   0.010697     0.0829     0.0414 0.0000e+00
       2821     -0.406     3.7049   0.010674     0.0827     0.0413 0.0000e+00
       2822     -0.407     3.7047   0.010606     0.0822     0.0408 0.0000e+00
       2823     -0.406     3.7047   0.010475     0.0811     0.0400 0.0000e+00
       2824     -0.405     3.7046   0.010332     0.0800     0.0390 0.0000e+00
       2825     -0.403     3.7044   0.010234     0.0792     0.0384 0.0000e+00
       2826     -0.403     3.7043   0.010179     0.0788     0.0381 0.0000e+00
       2827     -0.404     3.7043   0.010138     0.0784     0.0378 0.0000e+00
       2828     -0.403     3.7043   0.010087     0.0780     0.0375 0.0000e+00
       2829     -0.400     3.7041   0.010016     0.0775     0.0370 0.0000e+00
       2830     -0.398     3.7037   0.009926     0.0767     0.0364 0.0000e+00
       2831     -0.398     3.7033   0.009813     0.0758     0.0357 0.0000e+00
       2832     -0.398     3.7031   0.009692     0.0749     0.0349 0.0000e+00
       2833     -0.395     3.7028   0.009609     0.0742     0.0344 0.0000e+00
       2834     -0.392     3.7026   0.009590     0.0741     0.0342 0.0000e+00
       2835     -0.391     3.7024   0.009594     0.0741     0.0343 0.0000e+00
       2836     -0.393     3.7022   0.009564     0.0738     0.0341 0.0000e+00
       2837     -0.394     3.7019   0.009492     0.0733     0.0336 0.0000e+00
       2838     -0.391     3.7012   0.009407     0.0726     0.0331 0.0000e+00
       2839     -0.386     3.7007   0.009357     0.0722     0.0327 0.0000e+00
       2840     -0.384     3.7005   0.009351     0.0721     0.0327 0.0000e+00
       2841     -0.383     3.7005   0.009359     0.0722     0.0327 0.0000e+00
       2842     -0.382     3.7005   0.009344     0.0721     0.0327 0.0000e+00
       2843     -0.381     3.7004   0.009289     0.0717     0.0323 0.0000e+00
       2844     -0.382     3.7003   0.009213     0.0710     0.0318 0.0000e+00
       2845     -0.383     3.6999   0.009165     0.0707     0.0315 0.0000e+00
       2846     -0.381     3.6997   0.009160     0.0706     0.0315 0.0000e+00
       2847     -0.378     3.6996   0.009157     0.0706     0.0314 0.0000e+00
       2848     -0.377     3.6993   0.009119     0.0703     0.0312 0.0000e+00
       2849     -0.380     3.6990   0.009067     0.0699     0.0309 0.0000e+00
       2850     -0.383     3.6990   0.009020     0.0695     0.0306 0.0000e+00
       2851     -0.383     3.6990   0.008967     0.0691     0.0302 0.0000e+00
       2852     -0.382     3.6990   0.008897     0.0685     0.0298 0.0000e+00
       2853     -0.383     3.6989   0.008838     0.0681     0.0294 0.0000e+00
       2854     -0.384     3.6987   0.008818     0.0679     0.0293 0.0000e+00
       2855     -0.383     3.6986   0.008824     0.0680     0.0293 0.0000e+00
       2856     -0.379     3.6985   0.008814     0.0679     0.0292 0.0000e+00
       2857     -0.378     3.6983   0.008799     0.0678     0.0291 0.0000e+00
       2858     -0.377     3.6982   0.008848     0.0681     0.0294 0.0000e+00
       2859     -0.376     3.6980   0.008959     0.0690     0.0302 0.0000e+00
       2860     -0.376     3.6976   0.009340     0.0721     0.0326 0.0000e+00
       2861     -0.376     3.6963   0.009927     0.0768     0.0364 0.0000e+00
       2862     -0.375     3.6941   0.010134     0.0784     0.0377 0.0000e+00
       2863     -0.375     3.6923   0.010042     0.0777     0.0371 0.0000e+00
       2864     -0.376     3.6918   0.010018     0.0775     0.0370 0.0000e+00
       2865     -0.377     3.6921   0.009997     0.0773     0.0368 0.0000e+00
       2866     -0.377     3.6924   0.009885     0.0764     0.0361 0.0000e+00
       2867     -0.375     3.6925   0.009700     0.0750     0.0349 0.0000e+00
       2868     -0.374     3.6925   0.009997     0.0773     0.0368 0.0000e+00
       2869     -0.375     3.6925   0.014456     0.1133     0.0659 0.0000e+00
       2870     -0.377     3.6924   0.027134     0.2176     0.1501 0.0000e+00
       2871     -0.381     3.6922   0.044768     0.3660     0.2698 0.0000e+00
