Datasets/Test_Dataset_39219_tow/originals/tel219_2021_038.cnv
* Sea-Bird SBE19plus Data File:
* Filename = C:/AQUIRE/tel219_2021_038.hex
* Software Version AquireV2 AF V2.0
* Temperature SN =  4020
* Conductivity SN =  4020
* System UpLoad Time = May 11 2021 20:18:23
** VESSEL/TRIP/SEQ STN: tel219_2021_038
** LATITUDE: 45 13.65 N
** LONGITUDE: 56 51.01 W
** DATE/TIME: 2021-05-11 19:10
** SOUNDING DEPTH (M): 0418
** PROBE TYPE: S4020
** CTD NUMBER:  38
** FORMAT: t
** COMMENTS: 
# nquan = 7                                 
# nvalues = 3878                        
# units = specified
# name 0 = scan: Scan Count
# name 1 = prdM: Pressure, Strain Gauge [db]
# name 2 = tv290C: Temperature [ITS-90, deg C]
# name 3 = c0S/m: Conductivity [S/m]
# name 4 = sal00: Salinity, Practical [PSU]
# name 5 = sigma-t00: Density [sigma-t, kg/m^3 ]
# name 6 = flag: flag
# span 0 =          1,       3878       
# span 1 =     -0.557,    421.709       
# span 2 =     1.8964,     8.7422       
# span 3 =   0.005632,   3.676102       
# span 4 =     0.0409,    35.1082       
# span 5 =    -0.0266,    27.6237       
# span 6 = 0.0000e+00, 0.0000e+00       
# interval = seconds: 1
# start_time = May 11 2021 19:10:03 [Instrument's time stamp, header]
# bad_flag = -9.990e-29
*END*
[from data line 206]
        207     -0.087     6.0533   0.005884     0.0427    -0.0245 0.0000e+00
        208     -0.086     6.0530   0.005878     0.0427    -0.0245 0.0000e+00
        209     -0.088     6.0525   0.005871     0.0426    -0.0245 0.0000e+00
        210     -0.090     6.0520   0.005871     0.0426    -0.0245 0.0000e+00
        211     -0.090     6.0517   0.005880     0.0427    -0.0244 0.0000e+00
        212     -0.087     6.0512   0.005889     0.0428    -0.0244 0.0000e+00
        213     -0.084     6.0508   0.005895     0.0428    -0.0243 0.0000e+00
        214     -0.082     6.0503   0.005899     0.0428    -0.0243 0.0000e+00
        215     -0.078     6.0500   0.005901     0.0428    -0.0243 0.0000e+00
        216     -0.076     6.0496   0.005895     0.0428    -0.0243 0.0000e+00
        217     -0.079     6.0493   0.005886     0.0427    -0.0243 0.0000e+00
        218     -0.080     6.0488   0.005877     0.0427    -0.0244 0.0000e+00
        219     -0.077     6.0482   0.005867     0.0426    -0.0244 0.0000e+00
        220     -0.078     6.0478   0.005864     0.0426    -0.0244 0.0000e+00
        221     -0.082     6.0473   0.005870     0.0426    -0.0244 0.0000e+00
        222     -0.085     6.0467   0.005880     0.0427    -0.0243 0.0000e+00
        223     -0.087     6.0463   0.005881     0.0427    -0.0243 0.0000e+00
        224     -0.085     6.0459   0.005883     0.0427    -0.0242 0.0000e+00
        225     -0.082     6.0456   0.005895     0.0428    -0.0242 0.0000e+00
        226     -0.082     6.0450   0.005901     0.0428    -0.0241 0.0000e+00
        227     -0.082     6.0446   0.005895     0.0428    -0.0241 0.0000e+00
        228     -0.082     6.0442   0.005886     0.0427    -0.0242 0.0000e+00
        229     -0.085     6.0437   0.005879     0.0427    -0.0242 0.0000e+00
        230     -0.087     6.0433   0.005871     0.0426    -0.0242 0.0000e+00
        231     -0.087     6.0429   0.005864     0.0426    -0.0242 0.0000e+00
        232     -0.086     6.0425   0.005869     0.0426    -0.0242 0.0000e+00
        233     -0.086     6.0421   0.005880     0.0427    -0.0241 0.0000e+00
        234     -0.087     6.0418   0.005882     0.0427    -0.0241 0.0000e+00
        235     -0.089     6.0415   0.005876     0.0427    -0.0241 0.0000e+00
        236     -0.090     6.0411   0.005873     0.0426    -0.0241 0.0000e+00
        237     -0.090     6.0407   0.005871     0.0426    -0.0241 0.0000e+00
        238     -0.089     6.0403   0.005871     0.0426    -0.0241 0.0000e+00
        239     -0.086     6.0398   0.005875     0.0427    -0.0241 0.0000e+00
        240     -0.083     6.0395   0.005880     0.0427    -0.0240 0.0000e+00
        241     -0.083     6.0390   0.005874     0.0427    -0.0241 0.0000e+00
        242     -0.084     6.0385   0.005866     0.0426    -0.0241 0.0000e+00
        243     -0.082     6.0381   0.005869     0.0426    -0.0241 0.0000e+00
        244     -0.080     6.0376   0.005880     0.0427    -0.0240 0.0000e+00
        245     -0.079     6.0373   0.005887     0.0428    -0.0239 0.0000e+00
        246     -0.080     6.0368   0.005879     0.0427    -0.0240 0.0000e+00
        247     -0.083     6.0364   0.005872     0.0426    -0.0240 0.0000e+00
        248     -0.084     6.0360   0.005874     0.0427    -0.0240 0.0000e+00
        249     -0.082     6.0357   0.005871     0.0426    -0.0240 0.0000e+00
        250     -0.081     6.0353   0.005858     0.0425    -0.0240 0.0000e+00
        251     -0.082     6.0351   0.005853     0.0425    -0.0241 0.0000e+00
        252     -0.081     6.0347   0.005866     0.0426    -0.0240 0.0000e+00
        253     -0.079     6.0343   0.005881     0.0427    -0.0239 0.0000e+00
        254     -0.081     6.0341   0.005879     0.0427    -0.0239 0.0000e+00
        255     -0.084     6.0337   0.005870     0.0426    -0.0239 0.0000e+00
        256     -0.085     6.0335   0.005866     0.0426    -0.0239 0.0000e+00
        257     -0.086     6.0331   0.005873     0.0427    -0.0239 0.0000e+00
        258     -0.087     6.0328   0.005885     0.0427    -0.0238 0.0000e+00
        259     -0.087     6.0325   0.005885     0.0427    -0.0238 0.0000e+00
        260     -0.087     6.0320   0.005873     0.0427    -0.0238 0.0000e+00
        261     -0.089     6.0315   0.005863     0.0426    -0.0239 0.0000e+00
        262     -0.088     6.0311   0.005856     0.0425    -0.0239 0.0000e+00
        263     -0.085     6.0306   0.005855     0.0425    -0.0239 0.0000e+00
        264     -0.083     6.0303   0.005858     0.0425    -0.0239 0.0000e+00
        265     -0.083     6.0299   0.005858     0.0425    -0.0239 0.0000e+00
        266     -0.084     6.0295   0.005861     0.0426    -0.0238 0.0000e+00
        267     -0.087     6.0291   0.005870     0.0426    -0.0238 0.0000e+00
        268     -0.087     6.0289   0.005875     0.0427    -0.0237 0.0000e+00
        269     -0.085     6.0285   0.005870     0.0426    -0.0237 0.0000e+00
        270     -0.084     6.0281   0.005866     0.0426    -0.0238 0.0000e+00
        271     -0.085     6.0276   0.005867     0.0426    -0.0237 0.0000e+00
        272     -0.088     6.0272   0.005865     0.0426    -0.0237 0.0000e+00
        273     -0.092     6.0268   0.005863     0.0426    -0.0237 0.0000e+00
        274     -0.094     6.0266   0.005868     0.0426    -0.0237 0.0000e+00
        275     -0.096     6.0263   0.005878     0.0427    -0.0236 0.0000e+00
        276     -0.097     6.0259   0.005881     0.0427    -0.0236 0.0000e+00
        277     -0.096     6.0256   0.005877     0.0427    -0.0236 0.0000e+00
        278     -0.093     6.0252   0.005878     0.0427    -0.0236 0.0000e+00
        279     -0.089     6.0250   0.005883     0.0427    -0.0236 0.0000e+00
        280     -0.087     6.0246   0.005873     0.0427    -0.0236 0.0000e+00
        281     -0.087     6.0244   0.005859     0.0426    -0.0237 0.0000e+00
        282     -0.089     6.0244   0.005865     0.0426    -0.0236 0.0000e+00
        283     -0.091     6.0242   0.005882     0.0427    -0.0235 0.0000e+00
        284     -0.091     6.0239   0.005890     0.0428    -0.0235 0.0000e+00
        285     -0.091     6.0237   0.005885     0.0427    -0.0235 0.0000e+00
        286     -0.091     6.0236   0.005880     0.0427    -0.0235 0.0000e+00
        287     -0.091     6.0235   0.005877     0.0427    -0.0235 0.0000e+00
        288     -0.091     6.0230   0.005872     0.0427    -0.0236 0.0000e+00
        289     -0.089     6.0227   0.005866     0.0426    -0.0236 0.0000e+00
        290     -0.087     6.0224   0.005861     0.0426    -0.0236 0.0000e+00
        291     -0.086     6.0222   0.005862     0.0426    -0.0236 0.0000e+00
        292     -0.086     6.0220   0.005862     0.0426    -0.0236 0.0000e+00
        293     -0.086     6.0217   0.005858     0.0426    -0.0236 0.0000e+00
        294     -0.085     6.0215   0.005858     0.0426    -0.0236 0.0000e+00
        295     -0.083     6.0214   0.005874     0.0427    -0.0235 0.0000e+00
        296     -0.087     6.0212   0.005891     0.0428    -0.0234 0.0000e+00
        297     -0.094     6.0208   0.005888     0.0428    -0.0234 0.0000e+00
        298     -0.096     6.0205   0.005875     0.0427    -0.0235 0.0000e+00
        299     -0.092     6.0203   0.005867     0.0426    -0.0235 0.0000e+00
        300     -0.090     6.0199   0.005866     0.0426    -0.0235 0.0000e+00
        301     -0.093     6.0196   0.005859     0.0426    -0.0235 0.0000e+00
        302     -0.093     6.0192   0.005843     0.0424    -0.0236 0.0000e+00
        303     -0.089     6.0190   0.005835     0.0424    -0.0236 0.0000e+00
        304     -0.089     6.0188   0.005847     0.0425    -0.0236 0.0000e+00
        305     -0.092     6.0186   0.005869     0.0426    -0.0234 0.0000e+00
        306     -0.091     6.0184   0.005883     0.0427    -0.0233 0.0000e+00
        307     -0.089     6.0184   0.005879     0.0427    -0.0234 0.0000e+00
        308     -0.090     6.0184   0.005870     0.0426    -0.0234 0.0000e+00
        309     -0.092     6.0183   0.005861     0.0426    -0.0235 0.0000e+00
        310     -0.093     6.0182   0.005850     0.0425    -0.0235 0.0000e+00
        311     -0.090     6.0180   0.005845     0.0425    -0.0235 0.0000e+00
        312     -0.089     6.0179   0.005844     0.0425    -0.0235 0.0000e+00
        313     -0.088     6.0177   0.005845     0.0425    -0.0235 0.0000e+00
        314     -0.088     6.0176   0.005850     0.0425    -0.0235 0.0000e+00
        315     -0.092     6.0174   0.005856     0.0425    -0.0235 0.0000e+00
        316     -0.095     6.0172   0.005864     0.0426    -0.0234 0.0000e+00
        317     -0.093     6.0172   0.005874     0.0427    -0.0234 0.0000e+00
        318     -0.091     6.0171   0.005877     0.0427    -0.0233 0.0000e+00
        319     -0.090     6.0169   0.005870     0.0426    -0.0234 0.0000e+00
        320     -0.091     6.0168   0.005865     0.0426    -0.0234 0.0000e+00
        321     -0.091     6.0166   0.005866     0.0426    -0.0234 0.0000e+00
        322     -0.088     6.0164   0.005869     0.0426    -0.0234 0.0000e+00
        323     -0.089     6.0162   0.005864     0.0426    -0.0234 0.0000e+00
        324     -0.091     6.0160   0.005857     0.0426    -0.0234 0.0000e+00
        325     -0.093     6.0160   0.005862     0.0426    -0.0234 0.0000e+00
        326     -0.092     6.0159   0.005881     0.0427    -0.0233 0.0000e+00
        327     -0.090     6.0155   0.005901     0.0429    -0.0231 0.0000e+00
        328     -0.090     6.0154   0.005904     0.0429    -0.0231 0.0000e+00
        329     -0.089     6.0154   0.005895     0.0428    -0.0232 0.0000e+00
        330     -0.088     6.0154   0.005898     0.0428    -0.0232 0.0000e+00
        331     -0.085     6.0153   0.005907     0.0429    -0.0231 0.0000e+00
        332     -0.082     6.0153   0.005901     0.0429    -0.0231 0.0000e+00
        333     -0.083     6.0152   0.005885     0.0428    -0.0232 0.0000e+00
        334     -0.088     6.0151   0.005880     0.0427    -0.0232 0.0000e+00
        335     -0.094     6.0151   0.005884     0.0427    -0.0232 0.0000e+00
        336     -0.096     6.0149   0.005883     0.0427    -0.0232 0.0000e+00
        337     -0.094     6.0149   0.005885     0.0428    -0.0232 0.0000e+00
        338     -0.092     6.0147   0.005900     0.0429    -0.0231 0.0000e+00
        339     -0.092     6.0145   0.005913     0.0430    -0.0230 0.0000e+00
        340     -0.093     6.0144   0.005916     0.0430    -0.0230 0.0000e+00
        341     -0.094     6.0141   0.005917     0.0430    -0.0230 0.0000e+00
        342     -0.095     6.0138   0.005910     0.0429    -0.0230 0.0000e+00
        343     -0.095     6.0137   0.005892     0.0428    -0.0231 0.0000e+00
        344     -0.093     6.0134   0.005870     0.0426    -0.0233 0.0000e+00
        345     -0.088     6.0131   0.005864     0.0426    -0.0233 0.0000e+00
        346     -0.084     6.0129   0.005875     0.0427    -0.0232 0.0000e+00
        347     -0.086     6.0125   0.005893     0.0428    -0.0231 0.0000e+00
        348     -0.089     6.0122   0.005915     0.0430    -0.0230 0.0000e+00
        349     -0.090     6.0118   0.005932     0.0431    -0.0228 0.0000e+00
        350     -0.089     6.0115   0.005931     0.0431    -0.0228 0.0000e+00
        351     -0.089     6.0113   0.005904     0.0429    -0.0230 0.0000e+00
        352     -0.092     6.0109   0.005874     0.0427    -0.0231 0.0000e+00
        353     -0.094     6.0107   0.005872     0.0427    -0.0232 0.0000e+00
        354     -0.093     6.0106   0.005888     0.0428    -0.0231 0.0000e+00
        355     -0.091     6.0104   0.005902     0.0429    -0.0230 0.0000e+00
        356     -0.091     6.0102   0.005909     0.0429    -0.0229 0.0000e+00
        357     -0.091     6.0099   0.005910     0.0429    -0.0229 0.0000e+00
        358     -0.091     6.0097   0.005900     0.0429    -0.0230 0.0000e+00
        359     -0.089     6.0094   0.005885     0.0428    -0.0230 0.0000e+00
        360     -0.087     6.0092   0.005871     0.0427    -0.0231 0.0000e+00
        361     -0.085     6.0090   0.005861     0.0426    -0.0232 0.0000e+00
        362     -0.084     6.0087   0.005863     0.0426    -0.0231 0.0000e+00
        363     -0.086     6.0084   0.005880     0.0427    -0.0230 0.0000e+00
        364     -0.088     6.0081   0.005898     0.0429    -0.0229 0.0000e+00
        365     -0.090     6.0077   0.005901     0.0429    -0.0229 0.0000e+00
        366     -0.092     6.0075   0.005889     0.0428    -0.0229 0.0000e+00
        367     -0.094     6.0073   0.005874     0.0427    -0.0230 0.0000e+00
        368     -0.093     6.0070   0.005862     0.0426    -0.0231 0.0000e+00
        369     -0.092     6.0068   0.005860     0.0426    -0.0231 0.0000e+00
        370     -0.091     6.0065   0.005859     0.0426    -0.0231 0.0000e+00
        371     -0.089     6.0062   0.005857     0.0426    -0.0231 0.0000e+00
        372     -0.090     6.0060   0.005859     0.0426    -0.0231 0.0000e+00
        373     -0.092     6.0057   0.005866     0.0426    -0.0230 0.0000e+00
        374     -0.092     6.0054   0.005868     0.0426    -0.0230 0.0000e+00
        375     -0.093     6.0053   0.005858     0.0426    -0.0231 0.0000e+00
        376     -0.093     6.0050   0.005844     0.0425    -0.0231 0.0000e+00
        377     -0.090     6.0046   0.005838     0.0424    -0.0232 0.0000e+00
        378     -0.089     6.0043   0.005837     0.0424    -0.0231 0.0000e+00
        379     -0.090     6.0039   0.005832     0.0424    -0.0232 0.0000e+00
        380     -0.090     6.0036   0.005828     0.0423    -0.0232 0.0000e+00
        381     -0.090     6.0032   0.005831     0.0424    -0.0231 0.0000e+00
        382     -0.090     6.0031   0.005836     0.0424    -0.0231 0.0000e+00
        383     -0.088     6.0029   0.005838     0.0424    -0.0231 0.0000e+00
        384     -0.088     6.0025   0.005839     0.0424    -0.0231 0.0000e+00
        385     -0.089     6.0021   0.005839     0.0424    -0.0231 0.0000e+00
        386     -0.090     6.0017   0.005837     0.0424    -0.0231 0.0000e+00
        387     -0.089     6.0014   0.005827     0.0423    -0.0231 0.0000e+00
        388     -0.088     6.0010   0.005813     0.0422    -0.0232 0.0000e+00
        389     -0.089     6.0007   0.005804     0.0422    -0.0232 0.0000e+00
        390     -0.091     6.0004   0.005804     0.0422    -0.0232 0.0000e+00
        391     -0.091     6.0000   0.005808     0.0422    -0.0232 0.0000e+00
        392     -0.090     5.9995   0.005812     0.0422    -0.0231 0.0000e+00
        393     -0.088     5.9991   0.005815     0.0423    -0.0231 0.0000e+00
        394     -0.084     5.9987   0.005821     0.0423    -0.0231 0.0000e+00
        395     -0.080     5.9983   0.005816     0.0423    -0.0231 0.0000e+00
        396     -0.079     5.9977   0.005804     0.0422    -0.0231 0.0000e+00
        397     -0.080     5.9972   0.005792     0.0421    -0.0232 0.0000e+00
        398     -0.084     5.9969   0.005792     0.0421    -0.0232 0.0000e+00
        399     -0.089     5.9966   0.005798     0.0421    -0.0231 0.0000e+00
        400     -0.093     5.9962   0.005801     0.0422    -0.0231 0.0000e+00
        401     -0.094     5.9960   0.005797     0.0421    -0.0231 0.0000e+00
        402     -0.093     5.9956   0.005791     0.0421    -0.0231 0.0000e+00
        403     -0.092     5.9953   0.005791     0.0421    -0.0231 0.0000e+00
        404     -0.091     5.9950   0.005794     0.0421    -0.0231 0.0000e+00
        405     -0.091     5.9947   0.005798     0.0421    -0.0231 0.0000e+00
        406     -0.094     5.9946   0.005796     0.0421    -0.0231 0.0000e+00
        407     -0.098     5.9943   0.005790     0.0421    -0.0231 0.0000e+00
        408     -0.101     5.9940   0.005786     0.0421    -0.0231 0.0000e+00
        409     -0.101     5.9939   0.005786     0.0421    -0.0231 0.0000e+00
        410     -0.098     5.9936   0.005789     0.0421    -0.0231 0.0000e+00
