Datasets/Test_Dataset_39219_tow/originals/tel219_2021_040.cnv
* Sea-Bird SBE19plus Data File:
* Filename = C:/AQUIRE/tel219_2021_040.hex
* Software Version AquireV2 AF V2.0
* Temperature SN =  4020
* Conductivity SN =  4020
* System UpLoad Time = May 12 2021 01:40:01
** VESSEL/TRIP/SEQ STN: tel219_2021_040
** LATITUDE: 44 54.05 N
** LONGITUDE: 56 15.31 W
** DATE/TIME: 2021-05-12 00:39
** SOUNDING DEPTH (M): 0336
** PROBE TYPE: S4020
** CTD NUMBER:  40
** FORMAT: t
** COMMENTS: 
# nquan = 7                                 
# nvalues = 3661                        
# units = specified
# name 0 = scan: Scan Count
# name 1 = prdM: Pressure, Strain Gauge [db]
# name 2 = tv290C: Temperature [ITS-90, deg C]
# name 3 = c0S/m: Conductivity [S/m]
# name 4 = sal00: Salinity, Practical [PSU]
# name 5 = sigma-t00: Density [sigma-t, kg/m^3 ]
# name 6 = flag: flag
# span 0 =          1,       3661       
# span 1 =     -0.430,    340.873       
# span 2 =     4.3728,     9.5709       
# span 3 =   0.011744,   3.788525       
# span 4 =     0.0872,    35.2073       
# span 5 =     0.0175,    27.5487       
# span 6 = 0.0000e+00, 0.0000e+00       
# interval = seconds: 1
# start_time = May 12 2021 00:39:55 [Instrument's time stamp, header]
# bad_flag = -9.990e-29
*END*
[from data line 1026]
       1027      2.825     4.7692   2.659183    27.3469    21.6360 0.0000e+00
       1028      3.048     4.7744   2.561137    26.2365    20.7566 0.0000e+00
       1029      3.163     4.7767   2.876481    29.8112    23.5869 0.0000e+00
       1030      3.062     4.7786   2.991984    31.1335    24.6345 0.0000e+00
       1031      2.750     4.7843   2.891897    29.9808    23.7205 0.0000e+00
       1032      2.337     4.7923   2.974410    30.9192    24.4632 0.0000e+00
       1033      1.930     4.7975   3.085826    32.1969    25.4754 0.0000e+00
       1034      1.596     4.7984   3.105761    32.4264    25.6573 0.0000e+00
       1035      1.357     4.7988   3.105998    32.4289    25.6592 0.0000e+00
       1036      1.219     4.8048   3.106126    32.4246    25.6551 0.0000e+00
       1037      1.173     4.8171   3.105958    32.4106    25.6427 0.0000e+00
       1038      1.175     4.8261   3.105996    32.4023    25.6351 0.0000e+00
       1039      1.172     4.8214   3.106248    32.4098    25.6416 0.0000e+00
       1040      1.135     4.8046   3.105497    32.4175    25.6496 0.0000e+00
       1041      1.064     4.7860   3.103712    32.4151    25.6496 0.0000e+00
       1042      0.978     4.7735   3.102363    32.4118    25.6483 0.0000e+00
       1043      0.907     4.7676   3.101906    32.4123    25.6494 0.0000e+00
       1044      0.872     4.7687   3.102199    32.4146    25.6511 0.0000e+00
       1045      0.883     4.7768   3.103144    32.4176    25.6526 0.0000e+00
       1046      0.949     4.7866   3.103770    32.4153    25.6497 0.0000e+00
       1047      1.043     4.7920   3.103799    32.4103    25.6452 0.0000e+00
       1048      1.118     4.7911   3.103684    32.4098    25.6449 0.0000e+00
       1049      1.149     4.7853   3.103272    32.4107    25.6462 0.0000e+00
       1050      1.143     4.7803   3.102699    32.4089    25.6454 0.0000e+00
       1051      1.129     4.7797   3.102462    32.4068    25.6437 0.0000e+00
       1052      1.130     4.7810   3.102438    32.4053    25.6424 0.0000e+00
       1053      1.151     4.7812   3.102331    32.4038    25.6412 0.0000e+00
       1054      1.194     4.7809   3.102241    32.4030    25.6406 0.0000e+00
       1055      1.261     4.7813   3.102277    32.4030    25.6406 0.0000e+00
       1056      1.346     4.7816   3.102318    32.4032    25.6406 0.0000e+00
       1057      1.428     4.7811   3.102262    32.4030    25.6405 0.0000e+00
       1058      1.488     4.7799   3.102204    32.4034    25.6410 0.0000e+00
       1059      1.513     4.7793   3.102271    32.4048    25.6422 0.0000e+00
       1060      1.503     4.7799   3.102392    32.4056    25.6428 0.0000e+00
       1061      1.474     4.7820   3.102500    32.4048    25.6419 0.0000e+00
       1062      1.443     4.7844   3.102698    32.4048    25.6416 0.0000e+00
       1063      1.413     4.7860   3.102911    32.4057    25.6422 0.0000e+00
       1064      1.392     4.7871   3.102922    32.4048    25.6413 0.0000e+00
       1065      1.400     4.7882   3.102771    32.4019    25.6389 0.0000e+00
       1066      1.431     4.7891   3.102756    32.4009    25.6380 0.0000e+00
       1067      1.429     4.7884   3.102810    32.4022    25.6391 0.0000e+00
       1068      1.326     4.7858   3.102585    32.4022    25.6394 0.0000e+00
       1069      1.113     4.7832   3.102282    32.4013    25.6390 0.0000e+00
       1070      0.848     4.7820   3.102237    32.4021    25.6397 0.0000e+00
       1071      0.607     4.7827   3.102368    32.4030    25.6404 0.0000e+00
       1072      0.455     4.7850   3.102563    32.4031    25.6402 0.0000e+00
       1073      0.420     4.7877   3.102781    32.4030    25.6399 0.0000e+00
       1074      0.486     4.7911   3.103103    32.4034    25.6398 0.0000e+00
       1075      0.630     4.7968   3.103697    32.4046    25.6402 0.0000e+00
       1076      0.820     4.8027   3.104254    32.4052    25.6400 0.0000e+00
       1077      1.016     4.8073   3.104522    32.4037    25.6383 0.0000e+00
       1078      1.208     4.8146   3.105031    32.4023    25.6364 0.0000e+00
       1079      1.405     4.8270   3.106277    32.4045    25.6368 0.0000e+00
       1080      1.590     4.8378   3.107487    32.4078    25.6383 0.0000e+00
       1081      1.720     4.8400   3.107668    32.4077    25.6380 0.0000e+00
       1082      1.762     4.8381   3.107449    32.4070    25.6376 0.0000e+00
       1083      1.718     4.8430   3.107925    32.4078    25.6377 0.0000e+00
       1084      1.622     4.8565   3.109222    32.4096    25.6377 0.0000e+00
       1085      1.527     4.8712   3.110493    32.4100    25.6364 0.0000e+00
       1086      1.496     4.8809   3.111069    32.4071    25.6331 0.0000e+00
       1087      1.571     4.8857   3.111389    32.4061    25.6317 0.0000e+00
       1088      1.718     4.8892   3.111793    32.4073    25.6323 0.0000e+00
       1089      1.838     4.8933   3.112156    32.4074    25.6319 0.0000e+00
       1090      1.896     4.9002   3.112819    32.4083    25.6319 0.0000e+00
       1091      1.958     4.9121   3.114198    32.4125    25.6340 0.0000e+00
       1092      2.054     4.9254   3.115703    32.4168    25.6359 0.0000e+00
       1093      2.131     4.9327   3.116178    32.4152    25.6338 0.0000e+00
       1094      2.143     4.9322   3.115485    32.4077    25.6279 0.0000e+00
       1095      2.103     4.9292   3.114770    32.4024    25.6240 0.0000e+00
       1096      2.058     4.9288   3.114651    32.4014    25.6233 0.0000e+00
       1097      2.022     4.9271   3.114548    32.4019    25.6239 0.0000e+00
       1098      1.979     4.9201   3.114492    32.4081    25.6296 0.0000e+00
       1099      1.926     4.9178   3.115161    32.4181    25.6377 0.0000e+00
       1100      1.881     4.9277   3.116430    32.4231    25.6406 0.0000e+00
       1101      1.865     4.9410   3.117540    32.4229    25.6390 0.0000e+00
       1102      1.892     4.9497   3.118060    32.4204    25.6361 0.0000e+00
       1103      1.938     4.9560   3.118359    32.4176    25.6332 0.0000e+00
       1104      1.970     4.9620   3.118701    32.4157    25.6310 0.0000e+00
       1105      1.971     4.9666   3.118643    32.4106    25.6264 0.0000e+00
       1106      1.919     4.9709   3.118642    32.4064    25.6227 0.0000e+00
       1107      1.815     4.9780   3.119546    32.4099    25.6247 0.0000e+00
       1108      1.712     4.9870   3.120853    32.4162    25.6287 0.0000e+00
       1109      1.653     4.9931   3.121777    32.4209    25.6318 0.0000e+00
       1110      1.633     4.9936   3.121639    32.4189    25.6301 0.0000e+00
       1111      1.632     4.9884   3.120518    32.4111    25.6244 0.0000e+00
       1112      1.668     4.9811   3.120034    32.4126    25.6265 0.0000e+00
       1113      1.745     4.9781   3.120710    32.4232    25.6352 0.0000e+00
       1114      1.803     4.9791   3.121181    32.4277    25.6386 0.0000e+00
       1115      1.775     4.9791   3.120870    32.4241    25.6358 0.0000e+00
       1116      1.651     4.9766   3.120490    32.4222    25.6346 0.0000e+00
       1117      1.493     4.9743   3.120680    32.4267    25.6384 0.0000e+00
       1118      1.371     4.9750   3.121107    32.4310    25.6417 0.0000e+00
       1119      1.303     4.9783   3.121098    32.4277    25.6388 0.0000e+00
       1120      1.282     4.9831   3.121013    32.4221    25.6338 0.0000e+00
       1121      1.298     4.9887   3.121538    32.4227    25.6336 0.0000e+00
       1122      1.331     4.9933   3.122337    32.4273    25.6368 0.0000e+00
       1123      1.363     4.9976   3.122838    32.4289    25.6376 0.0000e+00
       1124      1.375     5.0044   3.123375    32.4284    25.6364 0.0000e+00
       1125      1.349     5.0112   3.123684    32.4254    25.6333 0.0000e+00
       1126      1.277     5.0121   3.123317    32.4203    25.6292 0.0000e+00
       1127      1.169     5.0082   3.123346    32.4245    25.6329 0.0000e+00
       1128      1.049     5.0055   3.124110    32.4360    25.6423 0.0000e+00
       1129      0.938     5.0065   3.124653    32.4413    25.6464 0.0000e+00
       1130      0.846     5.0090   3.124788    32.4405    25.6455 0.0000e+00
       1131      0.789     5.0112   3.124798    32.4385    25.6436 0.0000e+00
       1132      0.797     5.0126   3.124680    32.4357    25.6413 0.0000e+00
       1133      0.875     5.0122   3.124467    32.4336    25.6397 0.0000e+00
       1134      0.958     5.0103   3.124284    32.4333    25.6397 0.0000e+00
       1135      0.980     5.0078   3.124104    32.4337    25.6402 0.0000e+00
       1136      0.977     5.0058   3.123904    32.4333    25.6402 0.0000e+00
       1137      1.007     5.0042   3.123769    32.4333    25.6404 0.0000e+00
       1138      1.048     5.0019   3.123653    32.4342    25.6413 0.0000e+00
       1139      1.096     4.9974   3.123337    32.4350    25.6424 0.0000e+00
       1140      1.200     4.9919   3.122889    32.4351    25.6431 0.0000e+00
       1141      1.367     4.9875   3.122560    32.4355    25.6439 0.0000e+00
       1142      1.547     4.9843   3.122285    32.4354    25.6442 0.0000e+00
       1143      1.689     4.9810   3.122010    32.4354    25.6445 0.0000e+00
       1144      1.792     4.9779   3.121707    32.4349    25.6445 0.0000e+00
       1145      1.901     4.9744   3.121372    32.4344    25.6445 0.0000e+00
       1146      2.055     4.9702   3.120975    32.4338    25.6445 0.0000e+00
       1147      2.271     4.9674   3.120679    32.4330    25.6442 0.0000e+00
       1148      2.555     4.9697   3.120843    32.4326    25.6435 0.0000e+00
       1149      2.857     4.9794   3.121750    32.4334    25.6431 0.0000e+00
       1150      3.069     4.9943   3.123313    32.4367    25.6441 0.0000e+00
       1151      3.163     5.0061   3.124429    32.4380    25.6438 0.0000e+00
       1152      3.192     5.0106   3.124623    32.4358    25.6416 0.0000e+00
       1153      3.229     5.0104   3.124491    32.4345    25.6406 0.0000e+00
       1154      3.332     5.0066   3.124217    32.4350    25.6414 0.0000e+00
       1155      3.500     4.9986   3.123557    32.4351    25.6424 0.0000e+00
       1156      3.670     4.9917   3.122861    32.4337    25.6421 0.0000e+00
       1157      3.776     4.9919   3.122931    32.4343    25.6425 0.0000e+00
       1158      3.817     4.9961   3.123382    32.4354    25.6429 0.0000e+00
       1159      3.787     4.9987   3.123562    32.4349    25.6422 0.0000e+00
       1160      3.653     4.9988   3.123550    32.4348    25.6421 0.0000e+00
       1161      3.463     4.9969   3.123450    32.4356    25.6429 0.0000e+00
       1162      3.321     4.9928   3.123141    32.4361    25.6438 0.0000e+00
       1163      3.249     4.9897   3.122873    32.4360    25.6441 0.0000e+00
       1164      3.209     4.9820   3.122500    32.4393    25.6475 0.0000e+00
       1165      3.180     4.9537   3.119859    32.4365    25.6484 0.0000e+00
       1166      3.186     4.9173   3.115725    32.4244    25.6428 0.0000e+00
       1167      3.230     4.9052   3.114870    32.4264    25.6457 0.0000e+00
       1168      3.272     4.9155   3.117020    32.4411    25.6562 0.0000e+00
       1169      3.290     4.9197   3.117990    32.4481    25.6613 0.0000e+00
       1170      3.297     4.8960   3.115474    32.4423    25.6593 0.0000e+00
       1171      3.318     4.8356   3.109357    32.4307    25.6567 0.0000e+00
       1172      3.363     4.7429   3.100161    32.4150    25.6542 0.0000e+00
       1173      3.423     4.6555   3.090640    32.3903    25.6438 0.0000e+00
       1174      3.491     4.6361   3.089406    32.3949    25.6496 0.0000e+00
       1175      3.572     4.6821   3.095770    32.4236    25.6675 0.0000e+00
       1176      3.670     4.7243   3.099280    32.4229    25.6624 0.0000e+00
       1177      3.775     4.7391   3.099542    32.4114    25.6517 0.0000e+00
       1178      3.871     4.7472   3.100270    32.4118    25.6512 0.0000e+00
       1179      3.947     4.7556   3.101132    32.4136    25.6517 0.0000e+00
       1180      4.025     4.7741   3.102258    32.4084    25.6456 0.0000e+00
       1181      4.123     4.8066   3.103847    32.3950    25.6315 0.0000e+00
       1182      4.227     4.8264   3.105139    32.3905    25.6258 0.0000e+00
       1183      4.325     4.8207   3.106308    32.4096    25.6415 0.0000e+00
       1184      4.434     4.8036   3.107180    32.4363    25.6645 0.0000e+00
       1185      4.567     4.7764   3.105872    32.4477    25.6765 0.0000e+00
       1186      4.722     4.7481   3.102614    32.4376    25.6716 0.0000e+00
       1187      4.900     4.7439   3.101107    32.4242    25.6614 0.0000e+00
       1188      5.096     4.7573   3.102091    32.4224    25.6585 0.0000e+00
       1189      5.289     4.7626   3.102365    32.4203    25.6563 0.0000e+00
       1190      5.474     4.7574   3.101703    32.4176    25.6547 0.0000e+00
       1191      5.662     4.7461   3.100870    32.4189    25.6570 0.0000e+00
       1192      5.857     4.7285   3.099267    32.4175    25.6577 0.0000e+00
       1193      6.057     4.7119   3.097875    32.4175    25.6595 0.0000e+00
       1194      6.266     4.7032   3.097096    32.4169    25.6599 0.0000e+00
       1195      6.477     4.7092   3.096689    32.4062    25.6508 0.0000e+00
       1196      6.670     4.7376   3.098130    32.3951    25.6389 0.0000e+00
       1197      6.850     4.7885   3.102355    32.3941    25.6327 0.0000e+00
       1198      7.043     4.8529   3.108624    32.4035    25.6332 0.0000e+00
       1199      7.261     4.9084   3.114502    32.4170    25.6379 0.0000e+00
       1200      7.501     4.9342   3.116993    32.4204    25.6378 0.0000e+00
       1201      7.751     4.9351   3.116239    32.4107    25.6300 0.0000e+00
       1202      8.006     4.9246   3.114727    32.4034    25.6254 0.0000e+00
       1203      8.268     4.8921   3.113939    32.4259    25.6467 0.0000e+00
       1204      8.535     4.8215   3.112752    32.4810    25.6981 0.0000e+00
       1205      8.810     4.7315   3.107611    32.5097    25.7304 0.0000e+00
       1206      9.100     4.6556   3.098213    32.4751    25.7111 0.0000e+00
       1207      9.400     4.6176   3.092026    32.4404    25.6876 0.0000e+00
       1208      9.692     4.6212   3.092724    32.4448    25.6908 0.0000e+00
       1209      9.965     4.6357   3.092570    32.4287    25.6764 0.0000e+00
       1210     10.230     4.6288   3.088437    32.3874    25.6444 0.0000e+00
       1211     10.500     4.6063   3.085692    32.3774    25.6388 0.0000e+00
       1212     10.787     4.5902   3.085491    32.3907    25.6511 0.0000e+00
       1213     11.088     4.5872   3.085939    32.3987    25.6577 0.0000e+00
       1214     11.395     4.5912   3.086588    32.4022    25.6601 0.0000e+00
       1215     11.702     4.5905   3.087845    32.4173    25.6721 0.0000e+00
       1216     12.008     4.5796   3.089179    32.4433    25.6939 0.0000e+00
       1217     12.309     4.5634   3.086534    32.4283    25.6837 0.0000e+00
       1218     12.593     4.5324   3.078196    32.3616    25.6341 0.0000e+00
       1219     12.865     4.4787   3.070164    32.3206    25.6071 0.0000e+00
       1220     13.148     4.4288   3.066941    32.3318    25.6211 0.0000e+00
       1221     13.453     4.4021   3.066181    32.3490    25.6375 0.0000e+00
       1222     13.775     4.3874   3.065549    32.3559    25.6445 0.0000e+00
       1223     14.100     4.3771   3.065348    32.3635    25.6516 0.0000e+00
       1224     14.417     4.3728   3.065861    32.3736    25.6600 0.0000e+00
       1225     14.726     4.3743   3.066679    32.3815    25.6661 0.0000e+00
       1226     15.032     4.3796   3.067502    32.3857    25.6690 0.0000e+00
       1227     15.342     4.3872   3.068215    32.3864    25.6687 0.0000e+00
       1228     15.667     4.3948   3.068792    32.3855    25.6673 0.0000e+00
       1229     16.021     4.4017   3.069542    32.3873    25.6680 0.0000e+00
       1230     16.394     4.4077   3.070615    32.3938    25.6725 0.0000e+00
