Datasets/Test_Dataset_39219_tow/originals/tel219_2021_047.cnv
* Sea-Bird SBE19plus Data File:
* Filename = C:/AQUIRE/tel219_2021_047.hex
* Software Version AquireV2 AF V2.0
* Temperature SN =  4020
* Conductivity SN =  4020
* System UpLoad Time = May 12 2021 21:38:08
** VESSEL/TRIP/SEQ STN: tel219_2021_047
** LATITUDE: 45 17.01 N
** LONGITUDE: 55 46.33 W
** DATE/TIME: 2021-05-12 20:57
** SOUNDING DEPTH (M): 0077
** PROBE TYPE: S4020
** CTD NUMBER: 047
** FORMAT: T
** COMMENTS: 
# nquan = 7                                 
# nvalues = 2466                        
# units = specified
# name 0 = scan: Scan Count
# name 1 = prdM: Pressure, Strain Gauge [db]
# name 2 = tv290C: Temperature [ITS-90, deg C]
# name 3 = c0S/m: Conductivity [S/m]
# name 4 = sal00: Salinity, Practical [PSU]
# name 5 = sigma-t00: Density [sigma-t, kg/m^3 ]
# name 6 = flag: flag
# span 0 =          1,       2466       
# span 1 =     -0.191,     76.179       
# span 2 =     2.0566,     4.5014       
# span 3 =   0.007467,   3.002948       
# span 4 =     0.0562,    32.2434       
# span 5 =     0.0187,    25.7533       
# span 6 = 0.0000e+00, 0.0000e+00       
# interval = seconds: 1
# start_time = May 12 2021 20:57:37 [Instrument's time stamp, header]
# bad_flag = -9.990e-29
*END*
[from data line 411]
        412      0.115     3.6899   2.991760    32.1809    25.5737 0.0000e+00
        413      0.131     3.6929   2.991942    32.1801    25.5728 0.0000e+00
        414      0.167     3.6947   2.992156    32.1808    25.5732 0.0000e+00
        415      0.211     3.6949   2.991862    32.1771    25.5702 0.0000e+00
        416      0.257     3.6944   2.991316    32.1711    25.5655 0.0000e+00
        417      0.329     3.6940   2.991052    32.1683    25.5633 0.0000e+00
        418      0.423     3.6930   2.990904    32.1675    25.5628 0.0000e+00
        419      0.488     3.6915   2.990738    32.1670    25.5625 0.0000e+00
        420      0.485     3.6929   2.990940    32.1680    25.5632 0.0000e+00
        421      0.415     3.6962   2.991307    32.1691    25.5638 0.0000e+00
        422      0.334     3.6969   2.991389    32.1695    25.5640 0.0000e+00
        423      0.297     3.6967   2.991530    32.1714    25.5655 0.0000e+00
        424      0.306     3.6983   2.991902    32.1742    25.5676 0.0000e+00
        425      0.338     3.6995   2.992238    32.1770    25.5697 0.0000e+00
        426      0.380     3.6994   2.992229    32.1770    25.5697 0.0000e+00
        427      0.419     3.7004   2.991975    32.1729    25.5664 0.0000e+00
        428      0.451     3.7036   2.992034    32.1704    25.5641 0.0000e+00
        429      0.481     3.7066   2.992333    32.1710    25.5643 0.0000e+00
        430      0.504     3.7077   2.992462    32.1715    25.5645 0.0000e+00
        431      0.521     3.7078   2.992528    32.1721    25.5651 0.0000e+00
        432      0.545     3.7079   2.992673    32.1737    25.5663 0.0000e+00
        433      0.580     3.7078   2.992693    32.1741    25.5666 0.0000e+00
        434      0.626     3.7064   2.992572    32.1740    25.5667 0.0000e+00
        435      0.688     3.7028   2.992196    32.1730    25.5662 0.0000e+00
        436      0.799     3.6969   2.991577    32.1715    25.5655 0.0000e+00
        437      0.977     3.6753   2.989902    32.1728    25.5686 0.0000e+00
        438      1.169     3.6271   2.985850    32.1721    25.5726 0.0000e+00
        439      1.294     3.5801   2.982386    32.1773    25.5810 0.0000e+00
        440      1.334     3.5678   2.982281    32.1882    25.5909 0.0000e+00
        441      1.323     3.5843   2.983359    32.1847    25.5866 0.0000e+00
        442      1.303     3.6137   2.984983    32.1750    25.5761 0.0000e+00
        443      1.316     3.6494   2.987695    32.1720    25.5704 0.0000e+00
        444      1.371     3.6798   2.990082    32.1703    25.5662 0.0000e+00
        445      1.447     3.6878   2.990808    32.1710    25.5660 0.0000e+00
        446      1.508     3.6551   2.988110    32.1712    25.5692 0.0000e+00
        447      1.525     3.5956   2.982591    32.1643    25.5693 0.0000e+00
        448      1.496     3.5718   2.980717    32.1655    25.5724 0.0000e+00
        449      1.427     3.6085   2.984639    32.1760    25.5774 0.0000e+00
        450      1.318     3.6574   2.988658    32.1755    25.5725 0.0000e+00
        451      1.183     3.6799   2.989867    32.1677    25.5642 0.0000e+00
        452      1.058     3.6833   2.989684    32.1623    25.5595 0.0000e+00
        453      0.972     3.6854   2.989880    32.1626    25.5595 0.0000e+00
        454      0.918     3.6911   2.990555    32.1650    25.5609 0.0000e+00
        455      0.877     3.6970   2.991001    32.1645    25.5600 0.0000e+00
        456      0.852     3.7013   2.991391    32.1649    25.5599 0.0000e+00
        457      0.831     3.7027   2.991525    32.1651    25.5599 0.0000e+00
        458      0.781     3.7028   2.991426    32.1638    25.5589 0.0000e+00
        459      0.697     3.7038   2.991525    32.1641    25.5590 0.0000e+00
        460      0.596     3.7034   2.991529    32.1646    25.5595 0.0000e+00
        461      0.491     3.6994   2.991251    32.1653    25.5604 0.0000e+00
        462      0.412     3.6914   2.990674    32.1664    25.5620 0.0000e+00
        463      0.388     3.6826   2.989912    32.1660    25.5625 0.0000e+00
        464      0.403     3.6795   2.989691    32.1664    25.5632 0.0000e+00
        465      0.395     3.6823   2.990008    32.1674    25.5637 0.0000e+00
        466      0.335     3.6860   2.990237    32.1665    25.5626 0.0000e+00
        467      0.262     3.6908   2.990564    32.1657    25.5615 0.0000e+00
        468      0.208     3.6982   2.991144    32.1653    25.5605 0.0000e+00
        469      0.162     3.7054   2.991657    32.1643    25.5591 0.0000e+00
        470      0.105     3.7106   2.992080    32.1643    25.5585 0.0000e+00
        471      0.051     3.7142   2.992402    32.1646    25.5584 0.0000e+00
        472      0.020     3.7157   2.992533    32.1646    25.5584 0.0000e+00
        473      0.001     3.7142   2.992402    32.1646    25.5585 0.0000e+00
        474     -0.015     3.7117   2.992126    32.1638    25.5580 0.0000e+00
        475     -0.024     3.7112   2.992069    32.1636    25.5580 0.0000e+00
        476     -0.031     3.7121   2.992181    32.1641    25.5582 0.0000e+00
        477     -0.047     3.7122   2.992173    32.1639    25.5581 0.0000e+00
        478     -0.062     3.7117   2.992095    32.1634    25.5578 0.0000e+00
        479     -0.067     3.7115   2.992076    32.1634    25.5578 0.0000e+00
        480     -0.064     3.7117   2.992116    32.1637    25.5580 0.0000e+00
        481     -0.050     3.7121   2.992188    32.1641    25.5583 0.0000e+00
        482     -0.034     3.7123   2.992232    32.1645    25.5585 0.0000e+00
        483     -0.036     3.7126   2.992247    32.1643    25.5584 0.0000e+00
        484     -0.052     3.7134   2.992310    32.1643    25.5583 0.0000e+00
        485     -0.057     3.7118   2.992244    32.1651    25.5591 0.0000e+00
        486     -0.050     3.7044   2.991705    32.1660    25.5605 0.0000e+00
        487     -0.047     3.6919   2.990821    32.1679    25.5631 0.0000e+00
        488     -0.043     3.6816   2.990082    32.1692    25.5652 0.0000e+00
        489     -0.026     3.6821   2.990059    32.1685    25.5645 0.0000e+00
        490      0.007     3.6912   2.990787    32.1681    25.5634 0.0000e+00
        491      0.047     3.6982   2.991308    32.1674    25.5622 0.0000e+00
        492      0.080     3.6978   2.991191    32.1664    25.5614 0.0000e+00
        493      0.121     3.6925   2.990716    32.1659    25.5615 0.0000e+00
        494      0.206     3.6819   2.990005    32.1679    25.5641 0.0000e+00
        495      0.327     3.6616   2.988344    32.1681    25.5662 0.0000e+00
        496      0.449     3.6380   2.986231    32.1663    25.5669 0.0000e+00
        497      0.557     3.6212   2.985293    32.1717    25.5727 0.0000e+00
        498      0.651     3.6051   2.984414    32.1771    25.5785 0.0000e+00
        499      0.767     3.5867   2.982910    32.1773    25.5804 0.0000e+00
        500      0.947     3.5789   2.982264    32.1772    25.5811 0.0000e+00
        501      1.161     3.5857   2.982749    32.1762    25.5796 0.0000e+00
        502      1.394     3.6011   2.983872    32.1742    25.5766 0.0000e+00
        503      1.685     3.6227   2.985617    32.1735    25.5740 0.0000e+00
        504      2.051     3.6388   2.987037    32.1742    25.5732 0.0000e+00
        505      2.428     3.6345   2.986523    32.1722    25.5719 0.0000e+00
        506      2.700     3.6140   2.984547    32.1688    25.5711 0.0000e+00
        507      2.853     3.5884   2.982587    32.1707    25.5750 0.0000e+00
        508      2.978     3.5587   2.980437    32.1744    25.5807 0.0000e+00
        509      3.083     3.5330   2.978278    32.1740    25.5827 0.0000e+00
        510      3.112     3.5252   2.977738    32.1753    25.5845 0.0000e+00
        511      3.107     3.5284   2.978416    32.1802    25.5881 0.0000e+00
        512      3.173     3.5267   2.978442    32.1822    25.5898 0.0000e+00
        513      3.350     3.5205   2.977768    32.1802    25.5888 0.0000e+00
        514      3.594     3.5214   2.977693    32.1783    25.5872 0.0000e+00
        515      3.850     3.5316   2.978709    32.1802    25.5878 0.0000e+00
        516      4.085     3.5398   2.979521    32.1816    25.5882 0.0000e+00
        517      4.269     3.5415   2.979398    32.1784    25.5854 0.0000e+00
        518      4.391     3.5416   2.979341    32.1775    25.5847 0.0000e+00
        519      4.482     3.5343   2.978875    32.1791    25.5867 0.0000e+00
        520      4.605     3.5178   2.977218    32.1756    25.5854 0.0000e+00
        521      4.796     3.5099   2.976598    32.1760    25.5864 0.0000e+00
        522      5.041     3.5160   2.977497    32.1805    25.5895 0.0000e+00
        523      5.304     3.5191   2.977757    32.1804    25.5891 0.0000e+00
        524      5.552     3.5104   2.977011    32.1800    25.5896 0.0000e+00
        525      5.751     3.4898   2.975283    32.1797    25.5912 0.0000e+00
        526      5.890     3.4596   2.972729    32.1790    25.5934 0.0000e+00
        527      6.016     3.4318   2.970891    32.1846    25.6003 0.0000e+00
        528      6.191     3.4194   2.970725    32.1948    25.6096 0.0000e+00
        529      6.413     3.4212   2.971268    32.1994    25.6131 0.0000e+00
        530      6.646     3.4318   2.971705    32.1940    25.6078 0.0000e+00
        531      6.881     3.4504   2.972790    32.1884    25.6017 0.0000e+00
        532      7.126     3.4608   2.973474    32.1861    25.5989 0.0000e+00
        533      7.372     3.4497   2.972170    32.1814    25.5962 0.0000e+00
        534      7.601     3.4349   2.970945    32.1813    25.5975 0.0000e+00
        535      7.804     3.4269   2.970555    32.1845    25.6007 0.0000e+00
        536      8.006     3.4169   2.969761    32.1848    25.6019 0.0000e+00
        537      8.241     3.4049   2.968858    32.1858    25.6037 0.0000e+00
        538      8.521     3.4000   2.968371    32.1847    25.6033 0.0000e+00
        539      8.844     3.4108   2.969364    32.1857    25.6031 0.0000e+00
        540      9.181     3.4297   2.971246    32.1893    25.6043 0.0000e+00
        541      9.479     3.4354   2.971516    32.1867    25.6017 0.0000e+00
        542      9.747     3.4240   2.970318    32.1835    25.6002 0.0000e+00
        543     10.037     3.4070   2.969023    32.1847    25.6027 0.0000e+00
        544     10.370     3.3980   2.968341    32.1853    25.6040 0.0000e+00
        545     10.729     3.4070   2.969239    32.1870    25.6045 0.0000e+00
        546     11.044     3.4245   2.970927    32.1896    25.6050 0.0000e+00
        547     11.262     3.4289   2.971153    32.1879    25.6032 0.0000e+00
        548     11.439     3.4152   2.969787    32.1850    25.6022 0.0000e+00
        549     11.663     3.3962   2.968325    32.1863    25.6049 0.0000e+00
        550     11.956     3.3826   2.967376    32.1882    25.6077 0.0000e+00
        551     12.301     3.3762   2.966890    32.1886    25.6085 0.0000e+00
        552     12.676     3.3746   2.966775    32.1886    25.6087 0.0000e+00
        553     13.062     3.3749   2.966820    32.1886    25.6087 0.0000e+00
        554     13.451     3.3753   2.966867    32.1886    25.6086 0.0000e+00
        555     13.839     3.3750   2.966881    32.1889    25.6089 0.0000e+00
        556     14.225     3.3745   2.966855    32.1889    25.6089 0.0000e+00
        557     14.611     3.3739   2.966809    32.1887    25.6088 0.0000e+00
        558     14.995     3.3728   2.966761    32.1890    25.6092 0.0000e+00
        559     15.375     3.3706   2.966638    32.1895    25.6098 0.0000e+00
        560     15.753     3.3669   2.966368    32.1898    25.6103 0.0000e+00
        561     16.140     3.3626   2.966045    32.1900    25.6108 0.0000e+00
        562     16.540     3.3592   2.965803    32.1902    25.6114 0.0000e+00
        563     16.950     3.3563   2.965616    32.1907    25.6120 0.0000e+00
        564     17.362     3.3521   2.965319    32.1911    25.6127 0.0000e+00
        565     17.771     3.3435   2.964679    32.1917    25.6139 0.0000e+00
        566     18.168     3.3251   2.963178    32.1918    25.6156 0.0000e+00
        567     18.555     3.2927   2.960442    32.1910    25.6179 0.0000e+00
        568     18.942     3.2543   2.957238    32.1905    25.6209 0.0000e+00
        569     19.337     3.2229   2.954702    32.1911    25.6241 0.0000e+00
        570     19.750     3.2012   2.953078    32.1929    25.6275 0.0000e+00
        571     20.182     3.1820   2.951663    32.1948    25.6306 0.0000e+00
        572     20.627     3.1591   2.949792    32.1948    25.6327 0.0000e+00
        573     21.072     3.1342   2.947783    32.1952    25.6351 0.0000e+00
        574     21.514     3.1115   2.946074    32.1970    25.6385 0.0000e+00
        575     21.958     3.0920   2.944521    32.1975    25.6406 0.0000e+00
        576     22.402     3.0760   2.943171    32.1969    25.6415 0.0000e+00
        577     22.842     3.0648   2.942296    32.1973    25.6428 0.0000e+00
        578     23.273     3.0576   2.941816    32.1985    25.6443 0.0000e+00
        579     23.695     3.0529   2.941546    32.1997    25.6457 0.0000e+00
        580     24.114     3.0497   2.941411    32.2010    25.6470 0.0000e+00
        581     24.534     3.0474   2.941300    32.2018    25.6478 0.0000e+00
        582     24.964     3.0455   2.941173    32.2019    25.6481 0.0000e+00
        583     25.407     3.0437   2.941042    32.2019    25.6482 0.0000e+00
        584     25.861     3.0421   2.940910    32.2017    25.6482 0.0000e+00
        585     26.324     3.0411   2.940823    32.2014    25.6480 0.0000e+00
        586     26.791     3.0406   2.940766    32.2009    25.6477 0.0000e+00
        587     27.261     3.0399   2.940647    32.1999    25.6470 0.0000e+00
        588     27.731     3.0388   2.940522    32.1993    25.6465 0.0000e+00
        589     28.198     3.0378   2.940493    32.1997    25.6470 0.0000e+00
        590     28.658     3.0374   2.940514    32.2001    25.6473 0.0000e+00
        591     29.118     3.0370   2.940496    32.2000    25.6473 0.0000e+00
        592     29.587     3.0362   2.940426    32.1997    25.6471 0.0000e+00
        593     30.061     3.0343   2.940297    32.1998    25.6474 0.0000e+00
        594     30.540     3.0318   2.940098    32.1997    25.6475 0.0000e+00
        595     31.022     3.0292   2.939894    32.1995    25.6476 0.0000e+00
        596     31.504     3.0267   2.939731    32.1998    25.6480 0.0000e+00
        597     31.988     3.0244   2.939600    32.2003    25.6486 0.0000e+00
        598     32.476     3.0220   2.939445    32.2005    25.6490 0.0000e+00
        599     32.967     3.0187   2.939193    32.2005    25.6493 0.0000e+00
        600     33.459     3.0146   2.938849    32.2002    25.6494 0.0000e+00
        601     33.948     3.0097   2.938469    32.2003    25.6498 0.0000e+00
        602     34.430     3.0036   2.937989    32.2003    25.6503 0.0000e+00
        603     34.907     2.9964   2.937428    32.2004    25.6511 0.0000e+00
        604     35.379     2.9875   2.936762    32.2010    25.6523 0.0000e+00
        605     35.846     2.9760   2.935823    32.2009    25.6532 0.0000e+00
        606     36.313     2.9642   2.934901    32.2013    25.6545 0.0000e+00
        607     36.791     2.9548   2.934269    32.2028    25.6565 0.0000e+00
        608     37.281     2.9467   2.933627    32.2029    25.6572 0.0000e+00
        609     37.778     2.9393   2.932933    32.2016    25.6568 0.0000e+00
        610     38.276     2.9340   2.932505    32.2015    25.6572 0.0000e+00
        611     38.775     2.9307   2.932307    32.2021    25.6579 0.0000e+00
        612     39.275     2.9282   2.932115    32.2020    25.6581 0.0000e+00
        613     39.776     2.9268   2.931989    32.2016    25.6579 0.0000e+00
        614     40.274     2.9260   2.931989    32.2022    25.6584 0.0000e+00
        615     40.770     2.9236   2.931852    32.2026    25.6590 0.0000e+00
