Datasets/Test_Dataset_39219_tow/originals/tel219_2021_049.cnv
* Sea-Bird SBE19plus Data File:
* Filename = C:/AQUIRE/tel219_2021_049.hex
* Software Version AquireV2 AF V2.0
* Temperature SN =  4020
* Conductivity SN =  4020
* System UpLoad Time = May 13 2021 06:53:59
** VESSEL/TRIP/SEQ STN: tel219_2021_049
** LATITUDE: 45 00.00 N
** LONGITUDE: 55 00.00 W
** DATE/TIME: 2021-05-13 04:46
** SOUNDING DEPTH (M): 0381
** PROBE TYPE: S4020
** CTD NUMBER:  49
** FORMAT: T
** COMMENTS: abort - sensor
# nquan = 7                                 
# nvalues = 3570                        
# units = specified
# name 0 = scan: Scan Count
# name 1 = prdM: Pressure, Strain Gauge [db]
# name 2 = tv290C: Temperature [ITS-90, deg C]
# name 3 = c0S/m: Conductivity [S/m]
# name 4 = sal00: Salinity, Practical [PSU]
# name 5 = sigma-t00: Density [sigma-t, kg/m^3 ]
# name 6 = flag: flag
# span 0 =          1,       3570       
# span 1 =     -0.368,    395.460       
# span 2 =     0.5912,     8.4070       
# span 3 =   0.006579,   3.670906       
# span 4 =     0.0501,    35.0566       
# span 5 =     0.0150,    27.3306       
# span 6 = 0.0000e+00, 0.0000e+00       
# interval = seconds: 1
# start_time = May 13 2021 04:46:34 [Instrument's time stamp, header]
# bad_flag = -9.990e-29
*END*
[from data line 1642]
       1643    270.398     8.0327   3.619289    34.8159    27.1244 0.0000e+00
       1644    270.628     8.0319   3.619092    34.8145    27.1234 0.0000e+00
       1645    270.847     8.0235   3.618108    34.8122    27.1228 0.0000e+00
       1646    271.056     8.0156   3.617384    34.8122    27.1240 0.0000e+00
       1647    271.261     8.0115   3.617088    34.8130    27.1252 0.0000e+00
       1648    271.466     8.0105   3.617066    34.8136    27.1259 0.0000e+00
       1649    271.669     8.0107   3.617182    34.8146    27.1266 0.0000e+00
       1650    271.874     8.0110   3.617297    34.8154    27.1272 0.0000e+00
       1651    272.085     8.0117   3.617475    34.8165    27.1280 0.0000e+00
       1652    272.309     8.0131   3.617736    34.8178    27.1288 0.0000e+00
       1653    272.546     8.0152   3.618036    34.8188    27.1293 0.0000e+00
       1654    272.770     8.0185   3.618604    34.8215    27.1309 0.0000e+00
       1655    272.957     8.0232   3.619328    34.8245    27.1326 0.0000e+00
       1656    273.123     8.0290   3.620068    34.8266    27.1333 0.0000e+00
       1657    273.306     8.0342   3.620809    34.8293    27.1347 0.0000e+00
       1658    273.526     8.0355   3.620886    34.8287    27.1340 0.0000e+00
       1659    273.773     8.0331   3.620388    34.8257    27.1320 0.0000e+00
       1660    274.016     8.0317   3.620238    34.8253    27.1319 0.0000e+00
       1661    274.224     8.0350   3.620728    34.8272    27.1329 0.0000e+00
       1662    274.409     8.0459   3.622166    34.8317    27.1348 0.0000e+00
       1663    274.612     8.0646   3.624832    34.8416    27.1397 0.0000e+00
       1664    274.860     8.0806   3.626936    34.8481    27.1424 0.0000e+00
       1665    275.140     8.0873   3.627363    34.8459    27.1397 0.0000e+00
       1666    275.414     8.0941   3.628251    34.8485    27.1407 0.0000e+00
       1667    275.660     8.1050   3.630050    34.8568    27.1456 0.0000e+00
       1668    275.890     8.1101   3.630826    34.8599    27.1473 0.0000e+00
       1669    276.129     8.1046   3.629642    34.8526    27.1424 0.0000e+00
       1670    276.389     8.0968   3.628088    34.8436    27.1365 0.0000e+00
       1671    276.659     8.0984   3.628752    34.8490    27.1404 0.0000e+00
       1672    276.920     8.1083   3.630481    34.8575    27.1457 0.0000e+00
       1673    277.171     8.1159   3.631233    34.8579    27.1448 0.0000e+00
       1674    277.419     8.1226   3.631972    34.8590    27.1447 0.0000e+00
       1675    277.675     8.1343   3.633574    34.8644    27.1471 0.0000e+00
       1676    277.946     8.1451   3.635216    34.8711    27.1508 0.0000e+00
       1677    278.228     8.1464   3.635427    34.8719    27.1512 0.0000e+00
       1678    278.515     8.1402   3.633976    34.8625    27.1447 0.0000e+00
       1679    278.797     8.1370   3.633214    34.8574    27.1412 0.0000e+00
       1680    279.061     8.1450   3.634685    34.8650    27.1460 0.0000e+00
       1681    279.313     8.1624   3.637359    34.8762    27.1521 0.0000e+00
       1682    279.573     8.1792   3.639641    34.8838    27.1555 0.0000e+00
       1683    279.858     8.1881   3.640392    34.8828    27.1534 0.0000e+00
       1684    280.158     8.1934   3.640885    34.8827    27.1525 0.0000e+00
       1685    280.447     8.2037   3.642503    34.8896    27.1564 0.0000e+00
       1686    280.712     8.2189   3.644514    34.8958    27.1589 0.0000e+00
       1687    280.970     8.2337   3.646411    34.9012    27.1609 0.0000e+00
       1688    281.246     8.2454   3.647916    34.9056    27.1625 0.0000e+00
       1689    281.544     8.2585   3.649633    34.9107    27.1646 0.0000e+00
       1690    281.845     8.2770   3.652218    34.9198    27.1689 0.0000e+00
       1691    282.132     8.2968   3.654743    34.9269    27.1714 0.0000e+00
       1692    282.408     8.3143   3.657014    34.9336    27.1740 0.0000e+00
       1693    282.686     8.3300   3.659300    34.9422    27.1783 0.0000e+00
       1694    282.976     8.3458   3.661426    34.9490    27.1812 0.0000e+00
       1695    283.287     8.3627   3.663691    34.9562    27.1843 0.0000e+00
       1696    283.611     8.3774   3.665720    34.9630    27.1874 0.0000e+00
       1697    283.932     8.3873   3.667007    34.9667    27.1888 0.0000e+00
       1698    284.236     8.3934   3.667852    34.9695    27.1900 0.0000e+00
       1699    284.526     8.3971   3.668381    34.9713    27.1908 0.0000e+00
       1700    284.819     8.3993   3.668693    34.9723    27.1913 0.0000e+00
       1701    285.129     8.4009   3.669040    34.9743    27.1926 0.0000e+00
       1702    285.456     8.4022   3.669358    34.9762    27.1939 0.0000e+00
       1703    285.788     8.4027   3.669494    34.9770    27.1944 0.0000e+00
       1704    286.103     8.4027   3.669536    34.9773    27.1947 0.0000e+00
       1705    286.395     8.4027   3.669567    34.9775    27.1948 0.0000e+00
       1706    286.686     8.4023   3.669521    34.9773    27.1947 0.0000e+00
       1707    287.003     8.4016   3.669408    34.9766    27.1943 0.0000e+00
       1708    287.352     8.4010   3.669326    34.9762    27.1940 0.0000e+00
       1709    287.704     8.4017   3.669494    34.9771    27.1946 0.0000e+00
       1710    288.022     8.4034   3.669915    34.9797    27.1965 0.0000e+00
       1711    288.309     8.4047   3.670193    34.9812    27.1975 0.0000e+00
       1712    288.600     8.4052   3.670273    34.9815    27.1975 0.0000e+00
       1713    288.927     8.4051   3.670278    34.9815    27.1976 0.0000e+00
       1714    289.294     8.4047   3.670229    34.9812    27.1974 0.0000e+00
       1715    289.662     8.4046   3.670264    34.9815    27.1976 0.0000e+00
       1716    289.990     8.4051   3.670433    34.9826    27.1984 0.0000e+00
       1717    290.287     8.4060   3.670626    34.9836    27.1991 0.0000e+00
       1718    290.595     8.4064   3.670734    34.9842    27.1995 0.0000e+00
       1719    290.945     8.4068   3.670813    34.9845    27.1997 0.0000e+00
       1720    291.335     8.4070   3.670906    34.9851    27.2001 0.0000e+00
       1721    291.721     8.4062   3.670898    34.9856    27.2007 0.0000e+00
       1722    292.068     8.4045   3.670790    34.9860    27.2012 0.0000e+00
       1723    292.389     8.4035   3.670753    34.9864    27.2017 0.0000e+00
       1724    292.725     8.4037   3.670794    34.9865    27.2017 0.0000e+00
       1725    293.103     8.4037   3.670772    34.9861    27.2014 0.0000e+00
       1726    293.500     8.4032   3.670695    34.9856    27.2011 0.0000e+00
       1727    293.877     8.4026   3.670652    34.9856    27.2012 0.0000e+00
       1728    294.223     8.4016   3.670584    34.9857    27.2014 0.0000e+00
       1729    294.566     8.4004   3.670509    34.9859    27.2018 0.0000e+00
       1730    294.931     8.3994   3.670542    34.9871    27.2028 0.0000e+00
       1731    295.312     8.3972   3.670446    34.9880    27.2039 0.0000e+00
       1732    295.689     8.3934   3.670038    34.9873    27.2039 0.0000e+00
       1733    296.055     8.3898   3.669702    34.9871    27.2044 0.0000e+00
       1734    296.416     8.3885   3.669696    34.9882    27.2054 0.0000e+00
       1735    296.787     8.3888   3.669887    34.9897    27.2066 0.0000e+00
       1736    297.169     8.3894   3.670068    34.9909    27.2074 0.0000e+00
       1737    297.556     8.3893   3.670123    34.9914    27.2078 0.0000e+00
       1738    297.937     8.3890   3.670135    34.9916    27.2080 0.0000e+00
       1739    298.303     8.3891   3.670174    34.9918    27.2081 0.0000e+00
       1740    298.651     8.3892   3.670213    34.9919    27.2082 0.0000e+00
       1741    298.990     8.3890   3.670241    34.9922    27.2085 0.0000e+00
       1742    299.334     8.3884   3.670270    34.9930    27.2092 0.0000e+00
       1743    299.697     8.3879   3.670305    34.9937    27.2098 0.0000e+00
       1744    300.082     8.3876   3.670344    34.9942    27.2103 0.0000e+00
       1745    300.467     8.3873   3.670373    34.9946    27.2106 0.0000e+00
       1746    300.829     8.3872   3.670389    34.9947    27.2107 0.0000e+00
       1747    301.168     8.3871   3.670398    34.9948    27.2108 0.0000e+00
       1748    301.503     8.3868   3.670411    34.9950    27.2110 0.0000e+00
       1749    301.853     8.3865   3.670410    34.9952    27.2112 0.0000e+00
       1750    302.230     8.3860   3.670379    34.9951    27.2112 0.0000e+00
       1751    302.620     8.3852   3.670349    34.9954    27.2116 0.0000e+00
       1752    302.982     8.3847   3.670326    34.9955    27.2117 0.0000e+00
       1753    303.302     8.3840   3.670290    34.9957    27.2120 0.0000e+00
       1754    303.611     8.3832   3.670253    34.9959    27.2123 0.0000e+00
       1755    303.944     8.3821   3.670222    34.9965    27.2129 0.0000e+00
       1756    304.308     8.3811   3.670188    34.9970    27.2134 0.0000e+00
       1757    304.675     8.3803   3.670166    34.9974    27.2139 0.0000e+00
       1758    305.017     8.3799   3.670165    34.9976    27.2141 0.0000e+00
       1759    305.343     8.3796   3.670181    34.9979    27.2144 0.0000e+00
       1760    305.693     8.3794   3.670190    34.9980    27.2145 0.0000e+00
       1761    306.084     8.3788   3.670159    34.9981    27.2147 0.0000e+00
       1762    306.498     8.3781   3.670101    34.9980    27.2147 0.0000e+00
       1763    306.909     8.3773   3.670048    34.9980    27.2149 0.0000e+00
       1764    307.312     8.3762   3.669986    34.9983    27.2152 0.0000e+00
       1765    307.735     8.3751   3.669917    34.9984    27.2155 0.0000e+00
       1766    308.196     8.3737   3.669859    34.9990    27.2162 0.0000e+00
       1767    308.668     8.3720   3.669732    34.9991    27.2165 0.0000e+00
       1768    309.105     8.3703   3.669583    34.9990    27.2167 0.0000e+00
       1769    309.495     8.3689   3.669503    34.9993    27.2172 0.0000e+00
       1770    309.880     8.3674   3.669414    34.9997    27.2177 0.0000e+00
       1771    310.305     8.3660   3.669342    35.0001    27.2182 0.0000e+00
       1772    310.777     8.3645   3.669308    35.0010    27.2192 0.0000e+00
       1773    311.258     8.3629   3.669243    35.0017    27.2199 0.0000e+00
       1774    311.710     8.3617   3.669189    35.0021    27.2204 0.0000e+00
       1775    312.133     8.3613   3.669184    35.0022    27.2206 0.0000e+00
       1776    312.561     8.3612   3.669197    35.0023    27.2207 0.0000e+00
       1777    313.020     8.3608   3.669163    35.0021    27.2206 0.0000e+00
       1778    313.502     8.3602   3.669097    35.0017    27.2204 0.0000e+00
       1779    313.978     8.3593   3.669060    35.0020    27.2208 0.0000e+00
       1780    314.422     8.3584   3.669035    35.0024    27.2212 0.0000e+00
       1781    314.845     8.3575   3.669008    35.0028    27.2217 0.0000e+00
       1782    315.284     8.3565   3.668977    35.0033    27.2222 0.0000e+00
       1783    315.756     8.3554   3.668950    35.0039    27.2228 0.0000e+00
       1784    316.232     8.3545   3.668942    35.0045    27.2234 0.0000e+00
       1785    316.676     8.3534   3.668887    35.0048    27.2238 0.0000e+00
       1786    317.093     8.3514   3.668744    35.0050    27.2243 0.0000e+00
       1787    317.516     8.3494   3.668612    35.0054    27.2249 0.0000e+00
       1788    317.958     8.3485   3.668570    35.0056    27.2253 0.0000e+00
       1789    318.407     8.3483   3.668593    35.0059    27.2255 0.0000e+00
       1790    318.847     8.3482   3.668626    35.0061    27.2257 0.0000e+00
       1791    319.274     8.3477   3.668616    35.0063    27.2259 0.0000e+00
       1792    319.694     8.3470   3.668573    35.0063    27.2260 0.0000e+00
       1793    320.108     8.3464   3.668539    35.0064    27.2262 0.0000e+00
       1794    320.508     8.3457   3.668492    35.0064    27.2263 0.0000e+00
       1795    320.900     8.3445   3.668414    35.0065    27.2266 0.0000e+00
       1796    321.300     8.3425   3.668276    35.0069    27.2272 0.0000e+00
       1797    321.713     8.3391   3.668017    35.0073    27.2280 0.0000e+00
       1798    322.133     8.3337   3.667622    35.0083    27.2296 0.0000e+00
       1799    322.546     8.3276   3.667164    35.0092    27.2313 0.0000e+00
       1800    322.948     8.3222   3.666769    35.0102    27.2329 0.0000e+00
       1801    323.349     8.3186   3.666532    35.0111    27.2341 0.0000e+00
       1802    323.758     8.3173   3.666505    35.0119    27.2350 0.0000e+00
       1803    324.162     8.3175   3.666582    35.0123    27.2353 0.0000e+00
       1804    324.545     8.3179   3.666645    35.0124    27.2353 0.0000e+00
       1805    324.922     8.3182   3.666683    35.0123    27.2352 0.0000e+00
       1806    325.316     8.3184   3.666712    35.0123    27.2351 0.0000e+00
       1807    325.724     8.3186   3.666743    35.0122    27.2350 0.0000e+00
       1808    326.121     8.3186   3.666764    35.0122    27.2350 0.0000e+00
       1809    326.490     8.3183   3.666769    35.0124    27.2352 0.0000e+00
       1810    326.839     8.3179   3.666751    35.0124    27.2353 0.0000e+00
       1811    327.199     8.3163   3.666632    35.0126    27.2357 0.0000e+00
       1812    327.595     8.3131   3.666377    35.0129    27.2364 0.0000e+00
       1813    328.005     8.3083   3.665984    35.0133    27.2374 0.0000e+00
       1814    328.375     8.3029   3.665501    35.0133    27.2383 0.0000e+00
       1815    328.694     8.2980   3.665119    35.0140    27.2396 0.0000e+00
       1816    329.003     8.2933   3.664768    35.0147    27.2409 0.0000e+00
       1817    329.353     8.2897   3.664470    35.0150    27.2416 0.0000e+00
       1818    329.751     8.2905   3.664634    35.0157    27.2421 0.0000e+00
       1819    330.147     8.2931   3.664945    35.0163    27.2421 0.0000e+00
       1820    330.498     8.2928   3.664827    35.0152    27.2413 0.0000e+00
       1821    330.826     8.2892   3.664505    35.0152    27.2419 0.0000e+00
       1822    331.177     8.2838   3.664118    35.0162    27.2435 0.0000e+00
       1823    331.572     8.2798   3.663796    35.0166    27.2444 0.0000e+00
       1824    331.987     8.2801   3.663880    35.0170    27.2447 0.0000e+00
       1825    332.383     8.2840   3.664240    35.0168    27.2439 0.0000e+00
       1826    332.756     8.2890   3.664670    35.0162    27.2427 0.0000e+00
       1827    333.129     8.2927   3.664983    35.0157    27.2417 0.0000e+00
       1828    333.512     8.2922   3.664927    35.0154    27.2416 0.0000e+00
       1829    333.897     8.2866   3.664435    35.0155    27.2426 0.0000e+00
       1830    334.275     8.2765   3.663648    35.0170    27.2453 0.0000e+00
       1831    334.651     8.2660   3.662944    35.0198    27.2490 0.0000e+00
       1832    335.029     8.2588   3.662527    35.0223    27.2521 0.0000e+00
       1833    335.397     8.2564   3.662414    35.0233    27.2533 0.0000e+00
       1834    335.747     8.2572   3.662513    35.0234    27.2532 0.0000e+00
       1835    336.099     8.2577   3.662555    35.0232    27.2530 0.0000e+00
       1836    336.465     8.2551   3.662395    35.0239    27.2539 0.0000e+00
       1837    336.829     8.2499   3.662070    35.0254    27.2559 0.0000e+00
       1838    337.177     8.2450   3.661769    35.0269    27.2579 0.0000e+00
       1839    337.514     8.2434   3.661697    35.0276    27.2586 0.0000e+00
       1840    337.855     8.2459   3.661874    35.0268    27.2577 0.0000e+00
       1841    338.211     8.2496   3.662155    35.0260    27.2564 0.0000e+00
       1842    338.573     8.2499   3.662196    35.0259    27.2563 0.0000e+00
       1843    338.927     8.2455   3.661840    35.0263    27.2573 0.0000e+00
       1844    339.268     8.2411   3.661533    35.0273    27.2588 0.0000e+00
       1845    339.601     8.2393   3.661467    35.0282    27.2598 0.0000e+00
       1846    339.936     8.2384   3.661414    35.0284    27.2600 0.0000e+00
