Datasets/Test_Dataset_39219_tow/originals/tel219_2021_012.cnv
* Sea-Bird SBE19plus Data File:
* Filename = C:/AQUIRE/tel219_2021_012.hex
* Software Version AquireV2 AF V2.0
* Temperature SN =  4020
* Conductivity SN =  4020
* System UpLoad Time = May 06 2021 23:51:20
** VESSEL/TRIP/SEQ STN: tel219_2021_012
** LATITUDE: 46 10.69 N
** LONGITUDE: 55 50.95 W
** DATE/TIME: 2021-05-06 23:04
** SOUNDING DEPTH (M): 0057
** PROBE TYPE: S4020
** CTD NUMBER: 012
** FORMAT: T
** COMMENTS: 
# nquan = 7                                 
# nvalues = 2664                        
# units = specified
# name 0 = scan: Scan Count
# name 1 = prdM: Pressure, Strain Gauge [db]
# name 2 = tv290C: Temperature [ITS-90, deg C]
# name 3 = c0S/m: Conductivity [S/m]
# name 4 = sal00: Salinity, Practical [PSU]
# name 5 = sigma-t00: Density [sigma-t, kg/m^3 ]
# name 6 = flag: flag
# span 0 =          1,       2664       
# span 1 =     -0.191,     53.847       
# span 2 =     2.0617,     3.4547       
# span 3 =   0.005544,   2.919314       
# span 4 =     0.0424,    32.1175       
# span 5 =     0.0054,    25.6578       
# span 6 = 0.0000e+00, 0.0000e+00       
# interval = seconds: 1
# start_time = May 06 2021 23:04:17 [Instrument's time stamp, header]
# bad_flag = -9.990e-29
*END*
[from data line 1642]
       1643     53.417     2.0910   2.855926    32.1030    25.6446 0.0000e+00
       1644     53.402     2.0909   2.855926    32.1031    25.6447 0.0000e+00
       1645     53.408     2.0909   2.855926    32.1031    25.6447 0.0000e+00
       1646     53.412     2.0910   2.855926    32.1030    25.6446 0.0000e+00
       1647     53.403     2.0910   2.855929    32.1031    25.6447 0.0000e+00
       1648     53.391     2.0910   2.855929    32.1031    25.6447 0.0000e+00
       1649     53.383     2.0911   2.855937    32.1031    25.6447 0.0000e+00
       1650     53.388     2.0915   2.855969    32.1031    25.6446 0.0000e+00
       1651     53.407     2.0918   2.856003    32.1032    25.6447 0.0000e+00
       1652     53.426     2.0919   2.856007    32.1031    25.6446 0.0000e+00
       1653     53.424     2.0917   2.855981    32.1030    25.6446 0.0000e+00
       1654     53.409     2.0914   2.855953    32.1030    25.6446 0.0000e+00
       1655     53.401     2.0912   2.855945    32.1031    25.6447 0.0000e+00
       1656     53.402     2.0911   2.855938    32.1031    25.6447 0.0000e+00
       1657     53.406     2.0911   2.855933    32.1030    25.6446 0.0000e+00
       1658     53.414     2.0912   2.855948    32.1031    25.6447 0.0000e+00
       1659     53.434     2.0915   2.855976    32.1031    25.6447 0.0000e+00
       1660     53.465     2.0918   2.855990    32.1030    25.6446 0.0000e+00
       1661     53.490     2.0919   2.855991    32.1029    25.6445 0.0000e+00
       1662     53.498     2.0921   2.856002    32.1028    25.6444 0.0000e+00
       1663     53.496     2.0926   2.856037    32.1027    25.6443 0.0000e+00
       1664     53.495     2.0931   2.856082    32.1028    25.6443 0.0000e+00
       1665     53.493     2.0934   2.856101    32.1027    25.6442 0.0000e+00
       1666     53.481     2.0934   2.856093    32.1026    25.6442 0.0000e+00
       1667     53.462     2.0932   2.856083    32.1027    25.6442 0.0000e+00
       1668     53.455     2.0930   2.856075    32.1028    25.6443 0.0000e+00
       1669     53.467     2.0928   2.856063    32.1029    25.6444 0.0000e+00
       1670     53.478     2.0926   2.856051    32.1029    25.6444 0.0000e+00
       1671     53.466     2.0924   2.856043    32.1030    25.6445 0.0000e+00
       1672     53.436     2.0925   2.856041    32.1029    25.6445 0.0000e+00
       1673     53.412     2.0928   2.856055    32.1028    25.6443 0.0000e+00
       1674     53.415     2.0930   2.856080    32.1029    25.6444 0.0000e+00
       1675     53.439     2.0933   2.856091    32.1027    25.6442 0.0000e+00
       1676     53.464     2.0932   2.856080    32.1027    25.6442 0.0000e+00
       1677     53.480     2.0930   2.856072    32.1028    25.6443 0.0000e+00
       1678     53.493     2.0930   2.856072    32.1028    25.6443 0.0000e+00
       1679     53.502     2.0931   2.856079    32.1028    25.6443 0.0000e+00
       1680     53.502     2.0934   2.856100    32.1027    25.6442 0.0000e+00
       1681     53.487     2.0937   2.856126    32.1027    25.6442 0.0000e+00
       1682     53.467     2.0940   2.856157    32.1028    25.6443 0.0000e+00
       1683     53.461     2.0942   2.856180    32.1029    25.6443 0.0000e+00
       1684     53.479     2.0942   2.856175    32.1028    25.6443 0.0000e+00
       1685     53.512     2.0943   2.856173    32.1027    25.6441 0.0000e+00
       1686     53.541     2.0948   2.856202    32.1025    25.6440 0.0000e+00
       1687     53.567     2.0953   2.856254    32.1027    25.6440 0.0000e+00
       1688     53.591     2.0961   2.856321    32.1027    25.6440 0.0000e+00
       1689     53.602     2.0964   2.856358    32.1028    25.6441 0.0000e+00
       1690     53.591     2.0962   2.856326    32.1026    25.6439 0.0000e+00
       1691     53.568     2.0959   2.856285    32.1024    25.6438 0.0000e+00
       1692     53.553     2.0958   2.856290    32.1026    25.6440 0.0000e+00
       1693     53.557     2.0961   2.856323    32.1027    25.6440 0.0000e+00
       1694     53.575     2.0967   2.856364    32.1026    25.6439 0.0000e+00
       1695     53.598     2.0972   2.856400    32.1025    25.6438 0.0000e+00
       1696     53.623     2.0978   2.856449    32.1025    25.6437 0.0000e+00
       1697     53.649     2.0987   2.856519    32.1025    25.6436 0.0000e+00
       1698     53.673     2.0991   2.856553    32.1025    25.6436 0.0000e+00
       1699     53.684     2.0987   2.856517    32.1024    25.6436 0.0000e+00
       1700     53.682     2.0981   2.856461    32.1023    25.6436 0.0000e+00
       1701     53.678     2.0976   2.856428    32.1024    25.6437 0.0000e+00
       1702     53.678     2.0974   2.856411    32.1024    25.6437 0.0000e+00
       1703     53.683     2.0974   2.856410    32.1024    25.6437 0.0000e+00
       1704     53.691     2.0975   2.856428    32.1025    25.6438 0.0000e+00
       1705     53.697     2.0974   2.856423    32.1026    25.6438 0.0000e+00
       1706     53.702     2.0972   2.856394    32.1024    25.6437 0.0000e+00
       1707     53.712     2.0972   2.856388    32.1023    25.6436 0.0000e+00
       1708     53.719     2.0973   2.856410    32.1025    25.6438 0.0000e+00
       1709     53.710     2.0975   2.856417    32.1024    25.6436 0.0000e+00
       1710     53.687     2.0976   2.856413    32.1022    25.6435 0.0000e+00
       1711     53.670     2.0978   2.856432    32.1023    25.6435 0.0000e+00
       1712     53.669     2.0980   2.856456    32.1024    25.6436 0.0000e+00
       1713     53.678     2.0983   2.856470    32.1022    25.6435 0.0000e+00
       1714     53.682     2.0983   2.856487    32.1025    25.6436 0.0000e+00
       1715     53.678     2.0985   2.856501    32.1024    25.6436 0.0000e+00
       1716     53.671     2.0989   2.856514    32.1022    25.6434 0.0000e+00
       1717     53.672     2.0991   2.856531    32.1022    25.6434 0.0000e+00
       1718     53.682     2.0992   2.856546    32.1023    25.6434 0.0000e+00
       1719     53.690     2.0993   2.856558    32.1023    25.6435 0.0000e+00
       1720     53.686     2.0991   2.856555    32.1025    25.6436 0.0000e+00
       1721     53.669     2.0993   2.856552    32.1023    25.6434 0.0000e+00
       1722     53.646     2.0997   2.856574    32.1021    25.6433 0.0000e+00
       1723     53.629     2.0999   2.856597    32.1022    25.6434 0.0000e+00
       1724     53.623     2.0998   2.856590    32.1022    25.6434 0.0000e+00
       1725     53.631     2.0996   2.856573    32.1022    25.6434 0.0000e+00
       1726     53.652     2.0995   2.856567    32.1022    25.6434 0.0000e+00
       1727     53.677     2.0995   2.856568    32.1022    25.6434 0.0000e+00
       1728     53.691     2.0995   2.856569    32.1023    25.6434 0.0000e+00
       1729     53.684     2.0998   2.856581    32.1021    25.6433 0.0000e+00
       1730     53.666     2.0999   2.856594    32.1022    25.6433 0.0000e+00
       1731     53.659     2.0998   2.856588    32.1022    25.6433 0.0000e+00
       1732     53.670     2.0996   2.856575    32.1022    25.6434 0.0000e+00
       1733     53.686     2.0995   2.856571    32.1023    25.6434 0.0000e+00
       1734     53.694     2.0994   2.856562    32.1023    25.6434 0.0000e+00
       1735     53.696     2.0993   2.856552    32.1022    25.6434 0.0000e+00
       1736     53.700     2.0993   2.856548    32.1022    25.6434 0.0000e+00
       1737     53.705     2.0993   2.856551    32.1022    25.6434 0.0000e+00
       1738     53.707     2.0994   2.856562    32.1023    25.6434 0.0000e+00
       1739     53.707     2.0997   2.856588    32.1023    25.6434 0.0000e+00
       1740     53.717     2.1001   2.856612    32.1022    25.6433 0.0000e+00
       1741     53.742     2.1002   2.856611    32.1020    25.6432 0.0000e+00
       1742     53.765     2.0999   2.856594    32.1021    25.6433 0.0000e+00
       1743     53.773     2.0998   2.856590    32.1022    25.6433 0.0000e+00
       1744     53.772     2.0998   2.856592    32.1022    25.6433 0.0000e+00
       1745     53.773     2.0999   2.856601    32.1022    25.6433 0.0000e+00
       1746     53.774     2.1002   2.856622    32.1022    25.6433 0.0000e+00
       1747     53.764     2.1006   2.856646    32.1021    25.6432 0.0000e+00
       1748     53.740     2.1009   2.856664    32.1020    25.6431 0.0000e+00
       1749     53.712     2.1011   2.856679    32.1020    25.6431 0.0000e+00
       1750     53.698     2.1014   2.856703    32.1020    25.6430 0.0000e+00
       1751     53.707     2.1017   2.856731    32.1020    25.6431 0.0000e+00
       1752     53.732     2.1021   2.856761    32.1020    25.6430 0.0000e+00
       1753     53.756     2.1022   2.856774    32.1020    25.6430 0.0000e+00
       1754     53.765     2.1020   2.856752    32.1020    25.6430 0.0000e+00
       1755     53.760     2.1016   2.856713    32.1019    25.6429 0.0000e+00
       1756     53.751     2.1013   2.856691    32.1019    25.6430 0.0000e+00
       1757     53.738     2.1010   2.856683    32.1021    25.6432 0.0000e+00
       1758     53.719     2.1010   2.856681    32.1021    25.6432 0.0000e+00
       1759     53.700     2.1009   2.856675    32.1021    25.6432 0.0000e+00
       1760     53.687     2.1006   2.856658    32.1022    25.6433 0.0000e+00
       1761     53.685     2.1004   2.856646    32.1023    25.6434 0.0000e+00
       1762     53.690     2.1005   2.856646    32.1022    25.6433 0.0000e+00
       1763     53.684     2.1006   2.856645    32.1021    25.6432 0.0000e+00
       1764     53.664     2.1004   2.856642    32.1023    25.6433 0.0000e+00
       1765     53.646     2.1005   2.856648    32.1022    25.6433 0.0000e+00
       1766     53.643     2.1009   2.856674    32.1022    25.6432 0.0000e+00
       1767     53.650     2.1014   2.856703    32.1020    25.6431 0.0000e+00
       1768     53.655     2.1018   2.856730    32.1019    25.6430 0.0000e+00
       1769     53.661     2.1021   2.856762    32.1020    25.6430 0.0000e+00
       1770     53.672     2.1025   2.856781    32.1019    25.6429 0.0000e+00
       1771     53.683     2.1027   2.856789    32.1017    25.6428 0.0000e+00
       1772     53.686     2.1028   2.856804    32.1018    25.6428 0.0000e+00
       1773     53.670     2.1027   2.856806    32.1020    25.6429 0.0000e+00
       1774     53.636     2.1025   2.856794    32.1020    25.6430 0.0000e+00
       1775     53.602     2.1026   2.856800    32.1020    25.6430 0.0000e+00
       1776     53.586     2.1028   2.856816    32.1020    25.6430 0.0000e+00
       1777     53.595     2.1029   2.856826    32.1020    25.6430 0.0000e+00
       1778     53.617     2.1031   2.856835    32.1019    25.6429 0.0000e+00
       1779     53.631     2.1033   2.856840    32.1018    25.6428 0.0000e+00
       1780     53.635     2.1033   2.856841    32.1018    25.6428 0.0000e+00
       1781     53.636     2.1035   2.856854    32.1018    25.6427 0.0000e+00
       1782     53.638     2.1037   2.856876    32.1018    25.6428 0.0000e+00
       1783     53.638     2.1039   2.856892    32.1018    25.6427 0.0000e+00
       1784     53.634     2.1041   2.856907    32.1018    25.6427 0.0000e+00
       1785     53.628     2.1044   2.856922    32.1017    25.6426 0.0000e+00
       1786     53.619     2.1045   2.856932    32.1017    25.6426 0.0000e+00
       1787     53.608     2.1047   2.856942    32.1017    25.6425 0.0000e+00
       1788     53.599     2.1050   2.856959    32.1016    25.6425 0.0000e+00
       1789     53.598     2.1052   2.856980    32.1016    25.6425 0.0000e+00
       1790     53.611     2.1054   2.856996    32.1016    25.6425 0.0000e+00
       1791     53.628     2.1056   2.857008    32.1016    25.6424 0.0000e+00
       1792     53.632     2.1057   2.857019    32.1016    25.6424 0.0000e+00
       1793     53.622     2.1057   2.857020    32.1016    25.6424 0.0000e+00
       1794     53.608     2.1056   2.857004    32.1015    25.6424 0.0000e+00
       1795     53.607     2.1056   2.857001    32.1015    25.6423 0.0000e+00
       1796     53.621     2.1058   2.857025    32.1016    25.6424 0.0000e+00
       1797     53.641     2.1060   2.857046    32.1016    25.6424 0.0000e+00
       1798     53.657     2.1061   2.857057    32.1016    25.6424 0.0000e+00
       1799     53.662     2.1063   2.857064    32.1015    25.6423 0.0000e+00
       1800     53.656     2.1063   2.857056    32.1014    25.6422 0.0000e+00
       1801     53.646     2.1062   2.857041    32.1013    25.6422 0.0000e+00
       1802     53.639     2.1060   2.857036    32.1015    25.6423 0.0000e+00
       1803     53.635     2.1060   2.857039    32.1015    25.6423 0.0000e+00
       1804     53.623     2.1061   2.857051    32.1016    25.6424 0.0000e+00
       1805     53.604     2.1063   2.857062    32.1015    25.6423 0.0000e+00
       1806     53.586     2.1064   2.857072    32.1016    25.6423 0.0000e+00
       1807     53.569     2.1066   2.857080    32.1015    25.6423 0.0000e+00
       1808     53.560     2.1067   2.857083    32.1014    25.6422 0.0000e+00
       1809     53.565     2.1067   2.857082    32.1014    25.6422 0.0000e+00
       1810     53.577     2.1067   2.857082    32.1014    25.6422 0.0000e+00
       1811     53.589     2.1067   2.857088    32.1015    25.6422 0.0000e+00
       1812     53.595     2.1067   2.857094    32.1015    25.6423 0.0000e+00
       1813     53.591     2.1067   2.857100    32.1016    25.6424 0.0000e+00
       1814     53.580     2.1068   2.857104    32.1016    25.6423 0.0000e+00
       1815     53.572     2.1068   2.857099    32.1015    25.6423 0.0000e+00
       1816     53.570     2.1067   2.857093    32.1015    25.6423 0.0000e+00
       1817     53.568     2.1067   2.857093    32.1015    25.6423 0.0000e+00
       1818     53.563     2.1067   2.857093    32.1015    25.6423 0.0000e+00
       1819     53.556     2.1067   2.857087    32.1015    25.6422 0.0000e+00
       1820     53.556     2.1067   2.857086    32.1014    25.6422 0.0000e+00
       1821     53.564     2.1067   2.857094    32.1015    25.6423 0.0000e+00
       1822     53.568     2.1067   2.857103    32.1017    25.6424 0.0000e+00
       1823     53.555     2.1069   2.857114    32.1016    25.6423 0.0000e+00
       1824     53.528     2.1071   2.857127    32.1016    25.6423 0.0000e+00
       1825     53.505     2.1073   2.857137    32.1015    25.6422 0.0000e+00
       1826     53.501     2.1075   2.857146    32.1014    25.6421 0.0000e+00
       1827     53.511     2.1075   2.857154    32.1015    25.6422 0.0000e+00
       1828     53.521     2.1077   2.857164    32.1014    25.6421 0.0000e+00
       1829     53.526     2.1078   2.857158    32.1012    25.6420 0.0000e+00
       1830     53.530     2.1078   2.857151    32.1012    25.6419 0.0000e+00
       1831     53.533     2.1077   2.857158    32.1013    25.6421 0.0000e+00
       1832     53.532     2.1075   2.857164    32.1016    25.6423 0.0000e+00
       1833     53.520     2.1075   2.857162    32.1016    25.6423 0.0000e+00
       1834     53.496     2.1075   2.857154    32.1015    25.6422 0.0000e+00
       1835     53.468     2.1075   2.857150    32.1015    25.6422 0.0000e+00
       1836     53.449     2.1075   2.857154    32.1015    25.6422 0.0000e+00
       1837     53.450     2.1077   2.857162    32.1014    25.6421 0.0000e+00
       1838     53.470     2.1079   2.857169    32.1013    25.6420 0.0000e+00
       1839     53.490     2.1079   2.857169    32.1013    25.6420 0.0000e+00
       1840     53.490     2.1079   2.857166    32.1013    25.6420 0.0000e+00
       1841     53.469     2.1079   2.857166    32.1013    25.6420 0.0000e+00
       1842     53.441     2.1079   2.857167    32.1013    25.6420 0.0000e+00
       1843     53.420     2.1078   2.857163    32.1014    25.6421 0.0000e+00
       1844     53.409     2.1076   2.857155    32.1015    25.6422 0.0000e+00
       1845     53.400     2.1075   2.857149    32.1015    25.6422 0.0000e+00
       1846     53.392     2.1077   2.857149    32.1013    25.6420 0.0000e+00
