Datasets/Test_Dataset_39219_tow/originals/tel219_2021_059.cnv
* Sea-Bird SBE19plus Data File:
* Filename = C:/AQUIRE/tel219_2021_059.hex
* Software Version AquireV2 AF V2.0
* Temperature SN =  4020
* Conductivity SN =  4020
* System UpLoad Time = May 14 2021 09:50:11
** VESSEL/TRIP/SEQ STN: tel219_2021_059
** LATITUDE: 45 02.26 N
** LONGITUDE: 54 49.06 W
** DATE/TIME: 2021-05-14 08:29
** SOUNDING DEPTH (M): 0707
** PROBE TYPE: S4020
** CTD NUMBER:  59
** FORMAT: T
** COMMENTS: 
# nquan = 7                                 
# nvalues = 4913                        
# units = specified
# name 0 = scan: Scan Count
# name 1 = prdM: Pressure, Strain Gauge [db]
# name 2 = tv290C: Temperature [ITS-90, deg C]
# name 3 = c0S/m: Conductivity [S/m]
# name 4 = sal00: Salinity, Practical [PSU]
# name 5 = sigma-t00: Density [sigma-t, kg/m^3 ]
# name 6 = flag: flag
# span 0 =          1,       4913       
# span 1 =     -0.441,    701.338       
# span 2 =     0.6143,    10.1102       
# span 3 =   0.009894,   3.833464       
# span 4 =     0.0753,    35.2148       
# span 5 =     0.0350,    27.6715       
# span 6 = 0.0000e+00, 0.0000e+00       
# interval = seconds: 1
# start_time = May 14 2021 08:29:25 [Instrument's time stamp, header]
# bad_flag = -9.990e-29
*END*
[from data line 2052]
       2053    462.007     6.0449   3.464544    35.0328    27.5729 0.0000e+00
       2054    462.586     6.0379   3.464134    35.0351    27.5756 0.0000e+00
       2055    463.147     6.0309   3.463641    35.0364    27.5776 0.0000e+00
       2056    463.697     6.0236   3.462916    35.0355    27.5778 0.0000e+00
       2057    464.253     6.0157   3.462010    35.0332    27.5770 0.0000e+00
       2058    464.822     6.0070   3.461103    35.0316    27.5769 0.0000e+00
       2059    465.391     5.9979   3.460301    35.0317    27.5781 0.0000e+00
       2060    465.952     5.9895   3.459631    35.0325    27.5798 0.0000e+00
       2061    466.505     5.9821   3.458974    35.0325    27.5807 0.0000e+00
       2062    467.060     5.9754   3.458233    35.0307    27.5802 0.0000e+00
       2063    467.631     5.9688   3.457508    35.0291    27.5797 0.0000e+00
       2064    468.212     5.9612   3.456806    35.0287    27.5804 0.0000e+00
       2065    468.783     5.9541   3.456189    35.0288    27.5814 0.0000e+00
       2066    469.331     5.9499   3.455903    35.0296    27.5826 0.0000e+00
       2067    469.867     5.9485   3.455806    35.0297    27.5828 0.0000e+00
       2068    470.413     5.9465   3.455473    35.0277    27.5815 0.0000e+00
       2069    470.983     5.9410   3.454773    35.0252    27.5802 0.0000e+00
       2070    471.572     5.9324   3.453911    35.0241    27.5804 0.0000e+00
       2071    472.156     5.9235   3.453228    35.0252    27.5825 0.0000e+00
       2072    472.710     5.9167   3.452737    35.0264    27.5843 0.0000e+00
       2073    473.248     5.9111   3.452142    35.0252    27.5841 0.0000e+00
       2074    473.802     5.9056   3.451414    35.0224    27.5825 0.0000e+00
       2075    474.383     5.9003   3.450782    35.0204    27.5816 0.0000e+00
       2076    474.975     5.8961   3.450423    35.0204    27.5822 0.0000e+00
       2077    475.553     5.8938   3.450316    35.0213    27.5832 0.0000e+00
       2078    476.103     5.8935   3.450360    35.0218    27.5836 0.0000e+00
       2079    476.640     5.8945   3.450453    35.0216    27.5833 0.0000e+00
       2080    477.186     5.8956   3.450473    35.0204    27.5822 0.0000e+00
       2081    477.754     5.8954   3.450372    35.0192    27.5813 0.0000e+00
       2082    478.336     5.8938   3.450183    35.0184    27.5809 0.0000e+00
       2083    478.913     5.8914   3.449999    35.0185    27.5812 0.0000e+00
       2084    479.473     5.8891   3.449857    35.0190    27.5819 0.0000e+00
       2085    480.018     5.8873   3.449694    35.0187    27.5819 0.0000e+00
       2086    480.552     5.8857   3.449478    35.0177    27.5813 0.0000e+00
       2087    481.082     5.8842   3.449296    35.0169    27.5809 0.0000e+00
       2088    481.622     5.8834   3.449194    35.0163    27.5805 0.0000e+00
       2089    482.176     5.8829   3.449118    35.0157    27.5801 0.0000e+00
       2090    482.736     5.8819   3.449038    35.0155    27.5801 0.0000e+00
       2091    483.291     5.8808   3.448954    35.0154    27.5802 0.0000e+00
       2092    483.834     5.8795   3.448870    35.0155    27.5804 0.0000e+00
       2093    484.364     5.8777   3.448741    35.0157    27.5808 0.0000e+00
       2094    484.885     5.8750   3.448491    35.0154    27.5809 0.0000e+00
       2095    485.402     5.8713   3.448131    35.0149    27.5809 0.0000e+00
       2096    485.923     5.8678   3.447790    35.0144    27.5810 0.0000e+00
       2097    486.456     5.8653   3.447549    35.0139    27.5810 0.0000e+00
       2098    487.005     5.8636   3.447355    35.0132    27.5806 0.0000e+00
       2099    487.561     5.8619   3.447206    35.0130    27.5807 0.0000e+00
       2100    488.104     5.8603   3.447141    35.0137    27.5814 0.0000e+00
       2101    488.620     5.8582   3.447030    35.0143    27.5822 0.0000e+00
       2102    489.120     5.8549   3.446723    35.0140    27.5823 0.0000e+00
       2103    489.626     5.8506   3.446245    35.0128    27.5819 0.0000e+00
       2104    490.154     5.8457   3.445747    35.0119    27.5819 0.0000e+00
       2105    490.700     5.8390   3.445272    35.0132    27.5837 0.0000e+00
       2106    491.240     5.8294   3.444630    35.0156    27.5868 0.0000e+00
       2107    491.755     5.8187   3.443745    35.0164    27.5888 0.0000e+00
       2108    492.249     5.8094   3.442810    35.0151    27.5890 0.0000e+00
       2109    492.738     5.8020   3.441963    35.0130    27.5882 0.0000e+00
       2110    493.232     5.7950   3.441180    35.0111    27.5876 0.0000e+00
       2111    493.735     5.7875   3.440447    35.0103    27.5879 0.0000e+00
       2112    494.240     5.7810   3.439892    35.0104    27.5888 0.0000e+00
       2113    494.736     5.7773   3.439642    35.0112    27.5899 0.0000e+00
       2114    495.211     5.7756   3.439594    35.0122    27.5909 0.0000e+00
       2115    495.672     5.7729   3.439361    35.0121    27.5911 0.0000e+00
       2116    496.137     5.7668   3.438675    35.0104    27.5906 0.0000e+00
       2117    496.613     5.7584   3.437804    35.0089    27.5905 0.0000e+00
       2118    497.096     5.7490   3.436963    35.0089    27.5916 0.0000e+00
       2119    497.580     5.7379   3.435998    35.0092    27.5932 0.0000e+00
       2120    498.060     5.7262   3.434882    35.0084    27.5941 0.0000e+00
       2121    498.537     5.7148   3.433926    35.0091    27.5961 0.0000e+00
       2122    499.010     5.6948   3.432403    35.0122    27.6011 0.0000e+00
       2123    499.477     5.6594   3.429080    35.0109    27.6044 0.0000e+00
       2124    499.943     5.6210   3.425271    35.0072    27.6062 0.0000e+00
       2125    500.413     5.5938   3.422798    35.0070    27.6094 0.0000e+00
       2126    500.882     5.5796   3.421568    35.0074    27.6116 0.0000e+00
       2127    501.342     5.5745   3.421229    35.0086    27.6132 0.0000e+00
       2128    501.795     5.5722   3.421108    35.0094    27.6141 0.0000e+00
       2129    502.245     5.5686   3.420542    35.0065    27.6122 0.0000e+00
       2130    502.701     5.5659   3.419983    35.0027    27.6095 0.0000e+00
       2131    503.166     5.5675   3.420016    35.0012    27.6081 0.0000e+00
       2132    503.630     5.5725   3.420520    35.0015    27.6077 0.0000e+00
       2133    504.079     5.5795   3.421185    35.0016    27.6069 0.0000e+00
       2134    504.516     5.5863   3.421817    35.0015    27.6060 0.0000e+00
       2135    504.956     5.5882   3.421921    35.0005    27.6050 0.0000e+00
       2136    505.412     5.5852   3.421436    34.9978    27.6033 0.0000e+00
       2137    505.876     5.5829   3.421192    34.9972    27.6031 0.0000e+00
       2138    506.331     5.5804   3.421232    35.0000    27.6056 0.0000e+00
       2139    506.774     5.5704   3.420408    35.0008    27.6074 0.0000e+00
       2140    507.215     5.5528   3.418528    34.9974    27.6069 0.0000e+00
       2141    507.662     5.5366   3.416875    34.9951    27.6071 0.0000e+00
       2142    508.112     5.5281   3.416159    34.9956    27.6085 0.0000e+00
       2143    508.558     5.5255   3.416004    34.9963    27.6094 0.0000e+00
       2144    508.995     5.5252   3.415985    34.9961    27.6093 0.0000e+00
       2145    509.432     5.5254   3.415974    34.9956    27.6089 0.0000e+00
       2146    509.872     5.5256   3.415950    34.9949    27.6083 0.0000e+00
       2147    510.315     5.5250   3.415840    34.9940    27.6077 0.0000e+00
       2148    510.761     5.5232   3.415604    34.9930    27.6071 0.0000e+00
       2149    511.213     5.5205   3.415372    34.9929    27.6073 0.0000e+00
       2150    511.671     5.5147   3.414920    34.9935    27.6086 0.0000e+00
       2151    512.134     5.5027   3.413782    34.9928    27.6094 0.0000e+00
       2152    512.592     5.4864   3.412271    34.9922    27.6110 0.0000e+00
       2153    513.038     5.4699   3.410884    34.9933    27.6138 0.0000e+00
       2154    513.473     5.4507   3.409354    34.9955    27.6180 0.0000e+00
       2155    513.902     5.4227   3.406879    34.9961    27.6218 0.0000e+00
       2156    514.337     5.3854   3.403220    34.9928    27.6237 0.0000e+00
       2157    514.786     5.3468   3.399400    34.9890    27.6254 0.0000e+00
       2158    515.245     5.3170   3.396559    34.9872    27.6276 0.0000e+00
       2159    515.706     5.3016   3.395208    34.9875    27.6297 0.0000e+00
       2160    516.160     5.2958   3.394929    34.9901    27.6324 0.0000e+00
       2161    516.601     5.2918   3.394682    34.9912    27.6338 0.0000e+00
       2162    517.028     5.2880   3.394259    34.9901    27.6334 0.0000e+00
       2163    517.450     5.2852   3.393875    34.9884    27.6323 0.0000e+00
       2164    517.883     5.2817   3.393340    34.9857    27.6306 0.0000e+00
       2165    518.338     5.2771   3.392692    34.9828    27.6289 0.0000e+00
       2166    518.810     5.2740   3.392395    34.9824    27.6289 0.0000e+00
       2167    519.278     5.2728   3.392546    34.9851    27.6312 0.0000e+00
       2168    519.723     5.2690   3.392509    34.9884    27.6343 0.0000e+00
       2169    520.151     5.2573   3.391494    34.9887    27.6360 0.0000e+00
       2170    520.582     5.2375   3.389403    34.9851    27.6355 0.0000e+00
       2171    521.031     5.2150   3.386995    34.9807    27.6346 0.0000e+00
       2172    521.494     5.1963   3.385172    34.9790    27.6355 0.0000e+00
       2173    521.957     5.1849   3.384289    34.9805    27.6381 0.0000e+00
       2174    522.409     5.1798   3.383998    34.9822    27.6401 0.0000e+00
       2175    522.859     5.1773   3.383692    34.9811    27.6394 0.0000e+00
       2176    523.320     5.1747   3.383208    34.9780    27.6373 0.0000e+00
       2177    523.787     5.1718   3.382868    34.9769    27.6368 0.0000e+00
       2178    524.243     5.1700   3.382836    34.9781    27.6380 0.0000e+00
       2179    524.678     5.1697   3.382915    34.9791    27.6388 0.0000e+00
       2180    525.099     5.1696   3.382859    34.9784    27.6382 0.0000e+00
       2181    525.528     5.1683   3.382584    34.9764    27.6368 0.0000e+00
       2182    525.980     5.1661   3.382215    34.9742    27.6353 0.0000e+00
       2183    526.449     5.1637   3.381932    34.9732    27.6348 0.0000e+00
       2184    526.918     5.1619   3.381789    34.9732    27.6350 0.0000e+00
       2185    527.378     5.1607   3.381728    34.9735    27.6354 0.0000e+00
       2186    527.831     5.1595   3.381648    34.9736    27.6356 0.0000e+00
       2187    528.281     5.1582   3.381500    34.9730    27.6353 0.0000e+00
       2188    528.728     5.1568   3.381336    34.9724    27.6350 0.0000e+00
       2189    529.171     5.1556   3.381199    34.9718    27.6347 0.0000e+00
       2190    529.614     5.1547   3.381057    34.9709    27.6340 0.0000e+00
       2191    530.064     5.1541   3.380925    34.9698    27.6332 0.0000e+00
       2192    530.530     5.1538   3.380870    34.9692    27.6328 0.0000e+00
       2193    531.003     5.1533   3.380868    34.9695    27.6331 0.0000e+00
       2194    531.464     5.1525   3.380868    34.9701    27.6336 0.0000e+00
       2195    531.901     5.1517   3.380846    34.9704    27.6340 0.0000e+00
       2196    532.326     5.1511   3.380767    34.9699    27.6337 0.0000e+00
       2197    532.765     5.1505   3.380637    34.9688    27.6329 0.0000e+00
       2198    533.229     5.1494   3.380493    34.9681    27.6324 0.0000e+00
       2199    533.703     5.1483   3.380382    34.9677    27.6323 0.0000e+00
       2200    534.168     5.1475   3.380343    34.9678    27.6325 0.0000e+00
       2201    534.621     5.1471   3.380337    34.9680    27.6326 0.0000e+00
       2202    535.063     5.1468   3.380308    34.9677    27.6325 0.0000e+00
       2203    535.505     5.1466   3.380255    34.9671    27.6320 0.0000e+00
       2204    535.959     5.1463   3.380195    34.9665    27.6315 0.0000e+00
       2205    536.426     5.1457   3.380135    34.9662    27.6314 0.0000e+00
       2206    536.900     5.1448   3.380071    34.9661    27.6314 0.0000e+00
       2207    537.373     5.1440   3.380023    34.9662    27.6316 0.0000e+00
       2208    537.836     5.1430   3.379986    34.9665    27.6320 0.0000e+00
       2209    538.281     5.1415   3.379883    34.9667    27.6323 0.0000e+00
       2210    538.719     5.1382   3.379577    34.9664    27.6324 0.0000e+00
       2211    539.169     5.1325   3.379001    34.9655    27.6324 0.0000e+00
       2212    539.638     5.1251   3.378316    34.9651    27.6329 0.0000e+00
       2213    540.121     5.1170   3.377630    34.9654    27.6341 0.0000e+00
       2214    540.598     5.1088   3.376956    34.9659    27.6355 0.0000e+00
       2215    541.049     5.1018   3.376416    34.9668    27.6370 0.0000e+00
       2216    541.481     5.0961   3.375907    34.9666    27.6376 0.0000e+00
       2217    541.920     5.0910   3.375310    34.9648    27.6368 0.0000e+00
       2218    542.387     5.0862   3.374799    34.9637    27.6364 0.0000e+00
       2219    542.874     5.0825   3.374523    34.9641    27.6372 0.0000e+00
       2220    543.345     5.0801   3.374408    34.9651    27.6383 0.0000e+00
       2221    543.784     5.0786   3.374330    34.9655    27.6388 0.0000e+00
       2222    544.210     5.0778   3.374226    34.9649    27.6384 0.0000e+00
       2223    544.650     5.0768   3.374060    34.9638    27.6377 0.0000e+00
       2224    545.117     5.0754   3.373861    34.9628    27.6370 0.0000e+00
       2225    545.603     5.0739   3.373725    34.9625    27.6370 0.0000e+00
       2226    546.079     5.0726   3.373689    34.9632    27.6377 0.0000e+00
       2227    546.526     5.0713   3.373664    34.9641    27.6385 0.0000e+00
       2228    546.950     5.0689   3.373471    34.9641    27.6388 0.0000e+00
       2229    547.370     5.0649   3.373051    34.9632    27.6386 0.0000e+00
       2230    547.809     5.0597   3.372501    34.9621    27.6383 0.0000e+00
       2231    548.275     5.0538   3.371922    34.9613    27.6384 0.0000e+00
       2232    548.750     5.0480   3.371473    34.9620    27.6396 0.0000e+00
       2233    549.211     5.0436   3.371190    34.9631    27.6409 0.0000e+00
       2234    549.649     5.0407   3.370964    34.9633    27.6414 0.0000e+00
       2235    550.074     5.0385   3.370720    34.9625    27.6411 0.0000e+00
       2236    550.508     5.0365   3.370444    34.9612    27.6403 0.0000e+00
       2237    550.962     5.0343   3.370181    34.9602    27.6398 0.0000e+00
       2238    551.427     5.0328   3.370051    34.9601    27.6398 0.0000e+00
       2239    551.887     5.0321   3.370069    34.9608    27.6405 0.0000e+00
       2240    552.331     5.0316   3.370094    34.9613    27.6410 0.0000e+00
       2241    552.755     5.0301   3.369968    34.9612    27.6411 0.0000e+00
       2242    553.170     5.0275   3.369689    34.9605    27.6408 0.0000e+00
       2243    553.584     5.0245   3.369379    34.9599    27.6406 0.0000e+00
       2244    554.008     5.0218   3.369113    34.9594    27.6406 0.0000e+00
       2245    554.448     5.0187   3.368861    34.9595    27.6410 0.0000e+00
       2246    554.893     5.0133   3.368456    34.9602    27.6422 0.0000e+00
       2247    555.330     5.0043   3.367688    34.9605    27.6435 0.0000e+00
       2248    555.753     4.9940   3.366766    34.9604    27.6447 0.0000e+00
       2249    556.165     4.9854   3.365983    34.9602    27.6454 0.0000e+00
       2250    556.577     4.9783   3.365294    34.9594    27.6457 0.0000e+00
       2251    556.997     4.9731   3.364773    34.9586    27.6456 0.0000e+00
       2252    557.422     4.9698   3.364493    34.9586    27.6460 0.0000e+00
       2253    557.846     4.9684   3.364364    34.9584    27.6460 0.0000e+00
       2254    558.264     4.9685   3.364368    34.9581    27.6458 0.0000e+00
       2255    558.678     4.9684   3.364374    34.9580    27.6457 0.0000e+00
       2256    559.094     4.9653   3.364058    34.9574    27.6456 0.0000e+00
