Datasets/Test_Dataset_39219_tow/originals/tel219_2021_047.cnv
* Sea-Bird SBE19plus Data File:
* Filename = C:/AQUIRE/tel219_2021_047.hex
* Software Version AquireV2 AF V2.0
* Temperature SN =  4020
* Conductivity SN =  4020
* System UpLoad Time = May 12 2021 21:38:08
** VESSEL/TRIP/SEQ STN: tel219_2021_047
** LATITUDE: 45 17.01 N
** LONGITUDE: 55 46.33 W
** DATE/TIME: 2021-05-12 20:57
** SOUNDING DEPTH (M): 0077
** PROBE TYPE: S4020
** CTD NUMBER: 047
** FORMAT: T
** COMMENTS: 
# nquan = 7                                 
# nvalues = 2466                        
# units = specified
# name 0 = scan: Scan Count
# name 1 = prdM: Pressure, Strain Gauge [db]
# name 2 = tv290C: Temperature [ITS-90, deg C]
# name 3 = c0S/m: Conductivity [S/m]
# name 4 = sal00: Salinity, Practical [PSU]
# name 5 = sigma-t00: Density [sigma-t, kg/m^3 ]
# name 6 = flag: flag
# span 0 =          1,       2466       
# span 1 =     -0.191,     76.179       
# span 2 =     2.0566,     4.5014       
# span 3 =   0.007467,   3.002948       
# span 4 =     0.0562,    32.2434       
# span 5 =     0.0187,    25.7533       
# span 6 = 0.0000e+00, 0.0000e+00       
# interval = seconds: 1
# start_time = May 12 2021 20:57:37 [Instrument's time stamp, header]
# bad_flag = -9.990e-29
*END*
[from data line 616]
        617     41.782     2.9124   2.930912    32.2019    25.6593 0.0000e+00
        618     42.302     2.9057   2.930407    32.2022    25.6601 0.0000e+00
        619     42.823     2.8994   2.929922    32.2024    25.6608 0.0000e+00
        620     43.345     2.8945   2.929572    32.2028    25.6615 0.0000e+00
        621     43.869     2.8895   2.929244    32.2035    25.6625 0.0000e+00
        622     44.392     2.8803   2.928499    32.2034    25.6632 0.0000e+00
        623     44.913     2.8680   2.927481    32.2031    25.6640 0.0000e+00
        624     45.430     2.8560   2.926655    32.2048    25.6663 0.0000e+00
        625     45.936     2.8452   2.925891    32.2061    25.6683 0.0000e+00
        626     46.433     2.8361   2.925169    32.2062    25.6691 0.0000e+00
        627     46.925     2.8296   2.924700    32.2067    25.6701 0.0000e+00
        628     47.413     2.8241   2.924339    32.2076    25.6712 0.0000e+00
        629     47.896     2.8167   2.923773    32.2079    25.6720 0.0000e+00
        630     48.379     2.8045   2.922776    32.2077    25.6729 0.0000e+00
        631     48.862     2.7841   2.921201    32.2088    25.6755 0.0000e+00
        632     49.333     2.7537   2.918799    32.2098    25.6788 0.0000e+00
        633     49.790     2.7181   2.916013    32.2114    25.6829 0.0000e+00
        634     50.230     2.6870   2.913812    32.2155    25.6888 0.0000e+00
        635     50.652     2.6644   2.912217    32.2186    25.6930 0.0000e+00
        636     51.069     2.6454   2.910622    32.2180    25.6941 0.0000e+00
        637     51.490     2.6235   2.908718    32.2165    25.6947 0.0000e+00
        638     51.914     2.5995   2.906776    32.2167    25.6967 0.0000e+00
        639     52.335     2.5776   2.905103    32.2181    25.6996 0.0000e+00
        640     52.748     2.5570   2.903511    32.2191    25.7020 0.0000e+00
        641     53.152     2.5358   2.901918    32.2208    25.7050 0.0000e+00
        642     53.542     2.5156   2.900509    32.2237    25.7089 0.0000e+00
        643     53.915     2.4958   2.899052    32.2256    25.7120 0.0000e+00
        644     54.267     2.4732   2.897197    32.2254    25.7137 0.0000e+00
        645     54.600     2.4463   2.895042    32.2259    25.7162 0.0000e+00
        646     54.918     2.4173   2.892865    32.2283    25.7203 0.0000e+00
        647     55.220     2.3895   2.890759    32.2304    25.7241 0.0000e+00
        648     55.501     2.3653   2.888874    32.2315    25.7269 0.0000e+00
        649     55.766     2.3462   2.887465    32.2333    25.7298 0.0000e+00
        650     56.027     2.3302   2.886352    32.2356    25.7329 0.0000e+00
        651     56.284     2.3116   2.884984    32.2375    25.7358 0.0000e+00
        652     56.535     2.2881   2.883131    32.2383    25.7382 0.0000e+00
        653     56.781     2.2643   2.881285    32.2395    25.7410 0.0000e+00
        654     57.026     2.2437   2.879772    32.2415    25.7442 0.0000e+00
        655     57.271     2.2251   2.878321    32.2423    25.7462 0.0000e+00
        656     57.510     2.2090   2.877053    32.2429    25.7478 0.0000e+00
        657     57.740     2.1978   2.876188    32.2434    25.7491 0.0000e+00
        658     57.959     2.1906   2.875479    32.2418    25.7484 0.0000e+00
        659     58.169     2.1844   2.874798    32.2396    25.7470 0.0000e+00
        660     58.373     2.1780   2.874167    32.2382    25.7464 0.0000e+00
        661     58.571     2.1719   2.873570    32.2369    25.7458 0.0000e+00
        662     58.767     2.1658   2.873066    32.2367    25.7461 0.0000e+00
        663     58.970     2.1603   2.872688    32.2375    25.7472 0.0000e+00
        664     59.176     2.1553   2.872460    32.2396    25.7492 0.0000e+00
        665     59.375     2.1506   2.872218    32.2413    25.7509 0.0000e+00
        666     59.563     2.1452   2.871681    32.2400    25.7503 0.0000e+00
        667     59.746     2.1386   2.870946    32.2375    25.7488 0.0000e+00
        668     59.932     2.1323   2.870399    32.2371    25.7489 0.0000e+00
        669     60.120     2.1276   2.870199    32.2393    25.7510 0.0000e+00
        670     60.307     2.1238   2.870067    32.2414    25.7530 0.0000e+00
        671     60.488     2.1198   2.869735    32.2412    25.7531 0.0000e+00
        672     60.668     2.1145   2.869134    32.2391    25.7518 0.0000e+00
        673     60.856     2.1085   2.868477    32.2369    25.7505 0.0000e+00
        674     61.049     2.1043   2.868171    32.2373    25.7511 0.0000e+00
        675     61.243     2.1028   2.868203    32.2391    25.7527 0.0000e+00
        676     61.436     2.1013   2.868142    32.2398    25.7533 0.0000e+00
        677     61.630     2.0980   2.867796    32.2387    25.7527 0.0000e+00
        678     61.828     2.0940   2.867339    32.2370    25.7517 0.0000e+00
        679     62.028     2.0908   2.866944    32.2352    25.7505 0.0000e+00
        680     62.229     2.0888   2.866707    32.2342    25.7498 0.0000e+00
        681     62.432     2.0871   2.866625    32.2348    25.7504 0.0000e+00
        682     62.628     2.0854   2.866598    32.2361    25.7516 0.0000e+00
        683     62.810     2.0839   2.866551    32.2370    25.7524 0.0000e+00
        684     62.984     2.0828   2.866420    32.2364    25.7520 0.0000e+00
        685     63.159     2.0815   2.866213    32.2350    25.7510 0.0000e+00
        686     63.338     2.0791   2.865956    32.2342    25.7505 0.0000e+00
        687     63.521     2.0753   2.865681    32.2345    25.7510 0.0000e+00
        688     63.709     2.0722   2.865532    32.2357    25.7522 0.0000e+00
        689     63.904     2.0712   2.865496    32.2362    25.7527 0.0000e+00
        690     64.110     2.0709   2.865437    32.2357    25.7523 0.0000e+00
        691     64.325     2.0701   2.865337    32.2351    25.7519 0.0000e+00
        692     64.547     2.0691   2.865211    32.2344    25.7514 0.0000e+00
        693     64.772     2.0682   2.865078    32.2336    25.7508 0.0000e+00
        694     64.996     2.0679   2.865016    32.2330    25.7504 0.0000e+00
        695     65.219     2.0682   2.865055    32.2331    25.7504 0.0000e+00
        696     65.436     2.0690   2.865137    32.2331    25.7504 0.0000e+00
        697     65.650     2.0700   2.865222    32.2331    25.7503 0.0000e+00
        698     65.864     2.0713   2.865306    32.2327    25.7498 0.0000e+00
        699     66.087     2.0727   2.865384    32.2321    25.7493 0.0000e+00
        700     66.321     2.0735   2.865431    32.2317    25.7489 0.0000e+00
        701     66.559     2.0730   2.865410    32.2319    25.7491 0.0000e+00
        702     66.790     2.0717   2.865326    32.2320    25.7493 0.0000e+00
        703     67.006     2.0704   2.865217    32.2319    25.7493 0.0000e+00
        704     67.214     2.0697   2.865145    32.2316    25.7491 0.0000e+00
        705     67.424     2.0693   2.865148    32.2319    25.7494 0.0000e+00
        706     67.636     2.0691   2.865165    32.2322    25.7496 0.0000e+00
        707     67.852     2.0690   2.865138    32.2318    25.7493 0.0000e+00
        708     68.083     2.0688   2.865078    32.2312    25.7488 0.0000e+00
        709     68.341     2.0685   2.864994    32.2303    25.7481 0.0000e+00
        710     68.625     2.0678   2.864898    32.2297    25.7477 0.0000e+00
        711     68.924     2.0673   2.864860    32.2295    25.7476 0.0000e+00
        712     69.230     2.0671   2.864908    32.2302    25.7482 0.0000e+00
        713     69.533     2.0671   2.864964    32.2307    25.7486 0.0000e+00
        714     69.829     2.0667   2.864966    32.2310    25.7488 0.0000e+00
        715     70.121     2.0660   2.864908    32.2308    25.7487 0.0000e+00
        716     70.409     2.0658   2.864849    32.2301    25.7482 0.0000e+00
        717     70.691     2.0659   2.864844    32.2298    25.7479 0.0000e+00
        718     70.964     2.0659   2.864852    32.2298    25.7479 0.0000e+00
        719     71.225     2.0655   2.864807    32.2295    25.7477 0.0000e+00
        720     71.476     2.0647   2.864750    32.2294    25.7477 0.0000e+00
        721     71.719     2.0640   2.864727    32.2297    25.7480 0.0000e+00
        722     71.958     2.0637   2.864715    32.2298    25.7481 0.0000e+00
        723     72.199     2.0633   2.864679    32.2296    25.7480 0.0000e+00
        724     72.447     2.0631   2.864644    32.2292    25.7477 0.0000e+00
        725     72.698     2.0629   2.864628    32.2291    25.7476 0.0000e+00
        726     72.944     2.0623   2.864584    32.2290    25.7476 0.0000e+00
        727     73.176     2.0613   2.864514    32.2290    25.7477 0.0000e+00
        728     73.384     2.0606   2.864477    32.2292    25.7478 0.0000e+00
        729     73.569     2.0602   2.864463    32.2293    25.7480 0.0000e+00
        730     73.742     2.0599   2.864432    32.2291    25.7478 0.0000e+00
        731     73.909     2.0599   2.864417    32.2289    25.7476 0.0000e+00
        732     74.066     2.0600   2.864448    32.2291    25.7478 0.0000e+00
        733     74.208     2.0600   2.864498    32.2296    25.7482 0.0000e+00
        734     74.335     2.0603   2.864526    32.2296    25.7482 0.0000e+00
        735     74.459     2.0608   2.864519    32.2289    25.7476 0.0000e+00
        736     74.593     2.0610   2.864493    32.2283    25.7471 0.0000e+00
        737     74.730     2.0610   2.864488    32.2282    25.7470 0.0000e+00
        738     74.853     2.0610   2.864508    32.2284    25.7471 0.0000e+00
        739     74.961     2.0610   2.864506    32.2283    25.7471 0.0000e+00
        740     75.066     2.0607   2.864467    32.2280    25.7469 0.0000e+00
        741     75.174     2.0602   2.864411    32.2278    25.7467 0.0000e+00
        742     75.279     2.0595   2.864368    32.2279    25.7469 0.0000e+00
        743     75.371     2.0593   2.864366    32.2280    25.7470 0.0000e+00
        744     75.447     2.0595   2.864403    32.2283    25.7472 0.0000e+00
        745     75.509     2.0599   2.864450    32.2284    25.7473 0.0000e+00
        746     75.557     2.0599   2.864457    32.2285    25.7473 0.0000e+00
        747     75.596     2.0597   2.864424    32.2282    25.7471 0.0000e+00
        748     75.630     2.0595   2.864405    32.2282    25.7471 0.0000e+00
        749     75.663     2.0594   2.864393    32.2281    25.7471 0.0000e+00
        750     75.702     2.0592   2.864360    32.2279    25.7469 0.0000e+00
        751     75.749     2.0591   2.864347    32.2278    25.7468 0.0000e+00
        752     75.797     2.0591   2.864361    32.2280    25.7470 0.0000e+00
        753     75.842     2.0592   2.864374    32.2280    25.7470 0.0000e+00
        754     75.876     2.0595   2.864399    32.2280    25.7469 0.0000e+00
        755     75.901     2.0600   2.864439    32.2279    25.7469 0.0000e+00
        756     75.932     2.0608   2.864478    32.2276    25.7466 0.0000e+00
        757     75.973     2.0613   2.864511    32.2275    25.7464 0.0000e+00
        758     76.009     2.0610   2.864507    32.2277    25.7466 0.0000e+00
        759     76.025     2.0603   2.864464    32.2279    25.7468 0.0000e+00
        760     76.019     2.0597   2.864423    32.2280    25.7469 0.0000e+00
        761     76.006     2.0594   2.864391    32.2279    25.7469 0.0000e+00
        762     76.000     2.0591   2.864353    32.2277    25.7468 0.0000e+00
        763     76.004     2.0590   2.864327    32.2275    25.7466 0.0000e+00
        764     76.010     2.0590   2.864333    32.2276    25.7467 0.0000e+00
        765     76.016     2.0593   2.864367    32.2277    25.7467 0.0000e+00
        766     76.027     2.0597   2.864396    32.2277    25.7467 0.0000e+00
        767     76.047     2.0601   2.864425    32.2276    25.7466 0.0000e+00
        768     76.078     2.0602   2.864440    32.2277    25.7466 0.0000e+00
        769     76.116     2.0599   2.864418    32.2277    25.7467 0.0000e+00
        770     76.146     2.0597   2.864405    32.2277    25.7467 0.0000e+00
        771     76.162     2.0599   2.864427    32.2278    25.7467 0.0000e+00
        772     76.167     2.0605   2.864466    32.2276    25.7466 0.0000e+00
        773     76.163     2.0610   2.864492    32.2274    25.7464 0.0000e+00
        774     76.156     2.0613   2.864505    32.2273    25.7463 0.0000e+00
        775     76.151     2.0614   2.864522    32.2274    25.7464 0.0000e+00
        776     76.146     2.0613   2.864518    32.2275    25.7464 0.0000e+00
        777     76.138     2.0608   2.864482    32.2275    25.7465 0.0000e+00
        778     76.131     2.0602   2.864434    32.2276    25.7466 0.0000e+00
        779     76.132     2.0600   2.864412    32.2275    25.7465 0.0000e+00
        780     76.136     2.0602   2.864424    32.2274    25.7465 0.0000e+00
        781     76.138     2.0607   2.864461    32.2274    25.7464 0.0000e+00
        782     76.138     2.0610   2.864494    32.2275    25.7464 0.0000e+00
        783     76.138     2.0610   2.864492    32.2275    25.7464 0.0000e+00
        784     76.144     2.0612   2.864493    32.2273    25.7463 0.0000e+00
        785     76.151     2.0616   2.864530    32.2273    25.7463 0.0000e+00
        786     76.152     2.0617   2.864550    32.2275    25.7464 0.0000e+00
        787     76.148     2.0614   2.864535    32.2276    25.7465 0.0000e+00
        788     76.144     2.0612   2.864506    32.2274    25.7464 0.0000e+00
        789     76.142     2.0606   2.864464    32.2275    25.7465 0.0000e+00
        790     76.142     2.0600   2.864418    32.2276    25.7466 0.0000e+00
        791     76.138     2.0597   2.864403    32.2277    25.7467 0.0000e+00
        792     76.130     2.0594   2.864398    32.2279    25.7469 0.0000e+00
        793     76.123     2.0587   2.864345    32.2280    25.7470 0.0000e+00
        794     76.125     2.0579   2.864260    32.2277    25.7469 0.0000e+00
        795     76.141     2.0572   2.864197    32.2277    25.7469 0.0000e+00
        796     76.164     2.0567   2.864177    32.2279    25.7471 0.0000e+00
        797     76.179     2.0567   2.864188    32.2280    25.7472 0.0000e+00
        798     76.178     2.0568   2.864204    32.2281    25.7473 0.0000e+00
        799     76.165     2.0572   2.864225    32.2280    25.7471 0.0000e+00
        800     76.147     2.0578   2.864264    32.2279    25.7470 0.0000e+00
        801     76.128     2.0584   2.864311    32.2279    25.7469 0.0000e+00
        802     76.110     2.0591   2.864360    32.2278    25.7468 0.0000e+00
        803     76.095     2.0597   2.864407    32.2277    25.7468 0.0000e+00
        804     76.086     2.0597   2.864409    32.2278    25.7468 0.0000e+00
        805     76.079     2.0591   2.864370    32.2279    25.7469 0.0000e+00
        806     76.072     2.0584   2.864313    32.2279    25.7470 0.0000e+00
        807     76.069     2.0577   2.864246    32.2278    25.7469 0.0000e+00
        808     76.077     2.0574   2.864213    32.2277    25.7469 0.0000e+00
        809     76.095     2.0575   2.864227    32.2278    25.7469 0.0000e+00
        810     76.110     2.0579   2.864267    32.2278    25.7470 0.0000e+00
        811     76.115     2.0582   2.864307    32.2280    25.7471 0.0000e+00
        812     76.110     2.0583   2.864310    32.2280    25.7470 0.0000e+00
        813     76.089     2.0580   2.864290    32.2280    25.7471 0.0000e+00
        814     76.052     2.0579   2.864267    32.2279    25.7470 0.0000e+00
        815     76.013     2.0579   2.864247    32.2276    25.7468 0.0000e+00
        816     75.987     2.0581   2.864260    32.2276    25.7468 0.0000e+00
        817     75.976     2.0586   2.864299    32.2276    25.7467 0.0000e+00
        818     75.973     2.0591   2.864335    32.2275    25.7466 0.0000e+00
        819     75.971     2.0593   2.864358    32.2276    25.7467 0.0000e+00
        820     75.968     2.0592   2.864359    32.2277    25.7468 0.0000e+00
