Datasets/Test_Dataset_39219_tow/originals/tel219_2021_001.cnv
* Sea-Bird SBE19plus Data File:
* Filename = C:/AQUIRE/tel219_2021_001.hex
* Software Version AquireV2 AF V2.0
* Temperature SN =  4020
* Conductivity SN =  4020
* System UpLoad Time = May 06 2021 01:41:22
** VESSEL/TRIP/SEQ STN: tel219_2021_001
** LATITUDE: 46 04.17 N
** LONGITUDE: 55 15.62 W
** DATE/TIME: 2021-05-06 00:55
** SOUNDING DEPTH (M): 0135
** PROBE TYPE: S4020
** CTD NUMBER: 001
** FORMAT: T
** COMMENTS: 
# nquan = 7                                 
# nvalues = 2778                        
# units = specified
# name 0 = scan: Scan Count
# name 1 = prdM: Pressure, Strain Gauge [db]
# name 2 = tv290C: Temperature [ITS-90, deg C]
# name 3 = c0S/m: Conductivity [S/m]
# name 4 = sal00: Salinity, Practical [PSU]
# name 5 = sigma-t00: Density [sigma-t, kg/m^3 ]
# name 6 = flag: flag
# span 0 =          1,       2778       
# span 1 =     -0.158,    132.653       
# span 2 =     0.2218,     4.0961       
# span 3 =   0.000182,   2.966688       
# span 4 =     0.0020,    32.5315       
# span 5 =    -0.0235,    26.1031       
# span 6 = 0.0000e+00, 0.0000e+00       
# interval = seconds: 1
# start_time = May 06 2021 00:55:45 [Instrument's time stamp, header]
# bad_flag = -9.990e-29
*END*
[from data line 2462]
       2463      0.125     3.0343   0.037241     0.3083     0.2174 0.0000e+00
       2464      0.124     3.0337   0.036763     0.3042     0.2141 0.0000e+00
       2465      0.123     3.0330   0.036279     0.3000     0.2107 0.0000e+00
       2466      0.124     3.0322   0.035882     0.2966     0.2079 0.0000e+00
       2467      0.123     3.0316   0.035597     0.2942     0.2060 0.0000e+00
       2468      0.119     3.0309   0.035363     0.2922     0.2043 0.0000e+00
       2469      0.116     3.0301   0.035092     0.2899     0.2024 0.0000e+00
       2470      0.117     3.0294   0.034735     0.2868     0.2000 0.0000e+00
       2471      0.119     3.0288   0.034318     0.2832     0.1971 0.0000e+00
       2472      0.121     3.0282   0.033921     0.2798     0.1943 0.0000e+00
       2473      0.122     3.0275   0.033603     0.2771     0.1921 0.0000e+00
       2474      0.118     3.0269   0.033375     0.2752     0.1905 0.0000e+00
       2475      0.112     3.0263   0.033222     0.2739     0.1894 0.0000e+00
       2476      0.109     3.0256   0.033115     0.2729     0.1887 0.0000e+00
       2477      0.108     3.0248   0.032955     0.2716     0.1876 0.0000e+00
       2478      0.108     3.0240   0.032643     0.2689     0.1854 0.0000e+00
       2479      0.110     3.0232   0.032218     0.2653     0.1825 0.0000e+00
       2480      0.111     3.0225   0.031860     0.2622     0.1800 0.0000e+00
       2481      0.108     3.0220   0.031715     0.2610     0.1790 0.0000e+00
       2482      0.105     3.0214   0.031726     0.2611     0.1790 0.0000e+00
       2483      0.104     3.0209   0.031712     0.2610     0.1789 0.0000e+00
       2484      0.105     3.0202   0.031587     0.2599     0.1781 0.0000e+00
       2485      0.105     3.0196   0.031373     0.2581     0.1766 0.0000e+00
       2486      0.103     3.0191   0.031098     0.2557     0.1747 0.0000e+00
       2487      0.103     3.0183   0.030796     0.2532     0.1726 0.0000e+00
       2488      0.107     3.0177   0.030547     0.2510     0.1709 0.0000e+00
       2489      0.108     3.0171   0.030421     0.2500     0.1700 0.0000e+00
       2490      0.104     3.0164   0.030418     0.2499     0.1700 0.0000e+00
       2491      0.100     3.0157   0.030461     0.2503     0.1702 0.0000e+00
       2492      0.097     3.0151   0.030427     0.2500     0.1700 0.0000e+00
       2493      0.093     3.0145   0.030249     0.2485     0.1688 0.0000e+00
       2494      0.089     3.0137   0.029988     0.2463     0.1670 0.0000e+00
       2495      0.088     3.0130   0.029785     0.2446     0.1655 0.0000e+00
       2496      0.088     3.0124   0.029732     0.2441     0.1652 0.0000e+00
       2497      0.089     3.0118   0.029812     0.2448     0.1657 0.0000e+00
       2498      0.089     3.0113   0.029897     0.2455     0.1663 0.0000e+00
       2499      0.089     3.0106   0.029849     0.2451     0.1660 0.0000e+00
       2500      0.087     3.0099   0.029633     0.2433     0.1645 0.0000e+00
       2501      0.084     3.0092   0.029330     0.2407     0.1624 0.0000e+00
       2502      0.084     3.0085   0.029094     0.2387     0.1607 0.0000e+00
       2503      0.085     3.0078   0.029035     0.2382     0.1603 0.0000e+00
       2504      0.083     3.0072   0.029099     0.2388     0.1608 0.0000e+00
       2505      0.081     3.0065   0.029125     0.2390     0.1609 0.0000e+00
       2506      0.082     3.0059   0.029034     0.2382     0.1603 0.0000e+00
       2507      0.082     3.0053   0.028886     0.2370     0.1593 0.0000e+00
       2508      0.080     3.0046   0.028750     0.2358     0.1583 0.0000e+00
       2509      0.078     3.0040   0.028605     0.2346     0.1573 0.0000e+00
       2510      0.076     3.0033   0.028417     0.2330     0.1560 0.0000e+00
       2511      0.072     3.0025   0.028243     0.2315     0.1548 0.0000e+00
       2512      0.070     3.0018   0.028191     0.2311     0.1545 0.0000e+00
       2513      0.071     3.0012   0.028259     0.2316     0.1549 0.0000e+00
       2514      0.071     3.0006   0.028283     0.2318     0.1551 0.0000e+00
       2515      0.069     3.0000   0.028138     0.2306     0.1541 0.0000e+00
       2516      0.070     2.9994   0.027893     0.2285     0.1524 0.0000e+00
       2517      0.071     2.9989   0.027699     0.2269     0.1510 0.0000e+00
       2518      0.067     2.9984   0.027636     0.2264     0.1506 0.0000e+00
       2519      0.063     2.9977   0.027662     0.2266     0.1508 0.0000e+00
       2520      0.063     2.9971   0.027606     0.2261     0.1504 0.0000e+00
       2521      0.064     2.9966   0.027369     0.2241     0.1487 0.0000e+00
       2522      0.064     2.9960   0.027067     0.2215     0.1467 0.0000e+00
       2523      0.063     2.9953   0.026902     0.2201     0.1455 0.0000e+00
       2524      0.061     2.9945   0.026948     0.2205     0.1458 0.0000e+00
       2525      0.059     2.9937   0.027090     0.2217     0.1468 0.0000e+00
       2526      0.057     2.9931   0.027148     0.2222     0.1472 0.0000e+00
       2527      0.054     2.9924   0.027017     0.2211     0.1463 0.0000e+00
       2528      0.052     2.9919   0.026723     0.2186     0.1442 0.0000e+00
       2529      0.054     2.9913   0.026386     0.2158     0.1419 0.0000e+00
       2530      0.059     2.9909   0.026145     0.2137     0.1403 0.0000e+00
       2531      0.062     2.9904   0.026069     0.2131     0.1397 0.0000e+00
       2532      0.059     2.9898   0.026116     0.2135     0.1401 0.0000e+00
       2533      0.056     2.9893   0.026190     0.2141     0.1406 0.0000e+00
       2534      0.057     2.9887   0.026205     0.2142     0.1407 0.0000e+00
       2535      0.060     2.9881   0.026113     0.2135     0.1400 0.0000e+00
       2536      0.059     2.9875   0.025916     0.2118     0.1387 0.0000e+00
       2537      0.054     2.9870   0.025659     0.2096     0.1369 0.0000e+00
       2538      0.051     2.9865   0.025410     0.2075     0.1352 0.0000e+00
       2539      0.050     2.9860   0.025238     0.2061     0.1340 0.0000e+00
       2540      0.047     2.9855   0.025206     0.2058     0.1338 0.0000e+00
       2541      0.044     2.9850   0.025312     0.2067     0.1345 0.0000e+00
       2542      0.045     2.9844   0.025444     0.2078     0.1354 0.0000e+00
       2543      0.044     2.9839   0.025442     0.2078     0.1354 0.0000e+00
       2544      0.040     2.9833   0.025259     0.2063     0.1341 0.0000e+00
       2545      0.035     2.9828   0.025010     0.2041     0.1324 0.0000e+00
       2546      0.034     2.9823   0.024809     0.2024     0.1310 0.0000e+00
       2547      0.038     2.9817   0.024681     0.2014     0.1301 0.0000e+00
       2548      0.040     2.9813   0.024604     0.2007     0.1296 0.0000e+00
       2549      0.040     2.9809   0.024578     0.2005     0.1294 0.0000e+00
       2550      0.038     2.9804   0.024582     0.2005     0.1294 0.0000e+00
       2551      0.036     2.9798   0.024529     0.2001     0.1290 0.0000e+00
       2552      0.035     2.9794   0.024394     0.1989     0.1281 0.0000e+00
       2553      0.035     2.9788   0.024267     0.1979     0.1272 0.0000e+00
       2554      0.034     2.9782   0.024231     0.1976     0.1270 0.0000e+00
       2555      0.032     2.9776   0.024267     0.1979     0.1272 0.0000e+00
       2556      0.033     2.9770   0.024321     0.1983     0.1276 0.0000e+00
       2557      0.034     2.9764   0.024364     0.1987     0.1279 0.0000e+00
       2558      0.034     2.9757   0.024384     0.1989     0.1280 0.0000e+00
       2559      0.031     2.9753   0.024352     0.1986     0.1278 0.0000e+00
       2560      0.028     2.9749   0.024256     0.1978     0.1271 0.0000e+00
       2561      0.029     2.9744   0.024138     0.1968     0.1263 0.0000e+00
       2562      0.031     2.9740   0.024049     0.1961     0.1257 0.0000e+00
       2563      0.029     2.9734   0.024008     0.1957     0.1254 0.0000e+00
       2564      0.028     2.9730   0.023984     0.1955     0.1252 0.0000e+00
       2565      0.026     2.9725   0.023920     0.1950     0.1248 0.0000e+00
       2566      0.021     2.9720   0.023798     0.1939     0.1240 0.0000e+00
       2567      0.017     2.9716   0.023650     0.1927     0.1229 0.0000e+00
       2568      0.015     2.9712   0.023495     0.1914     0.1219 0.0000e+00
       2569      0.012     2.9709   0.023318     0.1899     0.1207 0.0000e+00
       2570      0.010     2.9705   0.023116     0.1882     0.1193 0.0000e+00
       2571      0.012     2.9701   0.022925     0.1866     0.1180 0.0000e+00
       2572      0.017     2.9697   0.022750     0.1851     0.1167 0.0000e+00
       2573      0.023     2.9692   0.022529     0.1832     0.1152 0.0000e+00
       2574      0.026     2.9688   0.022249     0.1809     0.1133 0.0000e+00
       2575      0.021     2.9686   0.021969     0.1785     0.1114 0.0000e+00
       2576      0.017     2.9683   0.021708     0.1763     0.1096 0.0000e+00
       2577      0.016     2.9680   0.021472     0.1743     0.1080 0.0000e+00
       2578      0.015     2.9676   0.021265     0.1726     0.1066 0.0000e+00
       2579      0.014     2.9672   0.021079     0.1710     0.1053 0.0000e+00
       2580      0.014     2.9667   0.020901     0.1695     0.1041 0.0000e+00
       2581      0.013     2.9661   0.020745     0.1682     0.1030 0.0000e+00
       2582      0.012     2.9657   0.020621     0.1671     0.1022 0.0000e+00
       2583      0.013     2.9653   0.020506     0.1662     0.1014 0.0000e+00
       2584      0.015     2.9649   0.020369     0.1650     0.1004 0.0000e+00
       2585      0.014     2.9645   0.020202     0.1636     0.0993 0.0000e+00
       2586      0.011     2.9641   0.020026     0.1621     0.0981 0.0000e+00
       2587      0.009     2.9635   0.019867     0.1608     0.0970 0.0000e+00
       2588      0.009     2.9631   0.019754     0.1599     0.0962 0.0000e+00
       2589      0.010     2.9627   0.019683     0.1593     0.0957 0.0000e+00
       2590      0.011     2.9623   0.019611     0.1587     0.0952 0.0000e+00
       2591      0.010     2.9619   0.019498     0.1577     0.0945 0.0000e+00
       2592      0.006     2.9613   0.019346     0.1564     0.0934 0.0000e+00
       2593      0.001     2.9608   0.019189     0.1551     0.0923 0.0000e+00
       2594      0.000     2.9604   0.019050     0.1540     0.0914 0.0000e+00
       2595      0.004     2.9601   0.018941     0.1531     0.0907 0.0000e+00
       2596      0.008     2.9596   0.018852     0.1523     0.0900 0.0000e+00
       2597      0.009     2.9592   0.018770     0.1516     0.0895 0.0000e+00
       2598      0.008     2.9589   0.018675     0.1508     0.0888 0.0000e+00
       2599      0.009     2.9585   0.018559     0.1499     0.0880 0.0000e+00
       2600      0.008     2.9581   0.018430     0.1488     0.0872 0.0000e+00
       2601      0.004     2.9577   0.018309     0.1478     0.0863 0.0000e+00
       2602     -0.000     2.9573   0.018208     0.1469     0.0856 0.0000e+00
       2603     -0.003     2.9569   0.018119     0.1462     0.0850 0.0000e+00
       2604     -0.006     2.9564   0.018026     0.1454     0.0844 0.0000e+00
       2605     -0.009     2.9560   0.017931     0.1446     0.0837 0.0000e+00
       2606     -0.011     2.9556   0.017842     0.1439     0.0831 0.0000e+00
       2607     -0.009     2.9552   0.017758     0.1432     0.0826 0.0000e+00
       2608     -0.006     2.9549   0.017675     0.1425     0.0820 0.0000e+00
       2609     -0.006     2.9545   0.017583     0.1417     0.0814 0.0000e+00
       2610     -0.009     2.9541   0.017484     0.1409     0.0807 0.0000e+00
       2611     -0.011     2.9535   0.017387     0.1401     0.0800 0.0000e+00
       2612     -0.013     2.9530   0.017306     0.1394     0.0795 0.0000e+00
       2613     -0.013     2.9524   0.017236     0.1388     0.0790 0.0000e+00
       2614     -0.011     2.9520   0.017171     0.1383     0.0785 0.0000e+00
       2615     -0.012     2.9516   0.017101     0.1377     0.0781 0.0000e+00
       2616     -0.015     2.9511   0.017018     0.1370     0.0775 0.0000e+00
       2617     -0.014     2.9507   0.016927     0.1362     0.0769 0.0000e+00
       2618     -0.012     2.9503   0.016842     0.1355     0.0763 0.0000e+00
       2619     -0.013     2.9499   0.016766     0.1349     0.0758 0.0000e+00
       2620     -0.016     2.9495   0.016696     0.1343     0.0753 0.0000e+00
       2621     -0.015     2.9491   0.016632     0.1338     0.0749 0.0000e+00
       2622     -0.013     2.9486   0.016576     0.1333     0.0745 0.0000e+00
       2623     -0.015     2.9482   0.016520     0.1328     0.0741 0.0000e+00
       2624     -0.016     2.9478   0.016448     0.1322     0.0736 0.0000e+00
       2625     -0.015     2.9473   0.016363     0.1315     0.0730 0.0000e+00
       2626     -0.016     2.9470   0.016286     0.1309     0.0725 0.0000e+00
       2627     -0.020     2.9466   0.016242     0.1305     0.0722 0.0000e+00
       2628     -0.022     2.9462   0.016240     0.1305     0.0722 0.0000e+00
       2629     -0.021     2.9457   0.016241     0.1305     0.0722 0.0000e+00
       2630     -0.018     2.9453   0.016207     0.1302     0.0719 0.0000e+00
       2631     -0.017     2.9451   0.016136     0.1296     0.0714 0.0000e+00
       2632     -0.019     2.9450   0.016045     0.1289     0.0708 0.0000e+00
       2633     -0.020     2.9448   0.015966     0.1282     0.0703 0.0000e+00
       2634     -0.018     2.9444   0.015922     0.1279     0.0700 0.0000e+00
       2635     -0.018     2.9440   0.015898     0.1277     0.0698 0.0000e+00
       2636     -0.021     2.9438   0.015857     0.1273     0.0695 0.0000e+00
       2637     -0.022     2.9434   0.015781     0.1267     0.0690 0.0000e+00
       2638     -0.022     2.9432   0.015684     0.1259     0.0684 0.0000e+00
       2639     -0.025     2.9429   0.015585     0.1251     0.0677 0.0000e+00
       2640     -0.030     2.9425   0.015496     0.1243     0.0671 0.0000e+00
       2641     -0.031     2.9421   0.015427     0.1237     0.0666 0.0000e+00
       2642     -0.028     2.9419   0.015379     0.1233     0.0663 0.0000e+00
       2643     -0.024     2.9416   0.015325     0.1229     0.0659 0.0000e+00
       2644     -0.025     2.9413   0.015244     0.1222     0.0654 0.0000e+00
       2645     -0.028     2.9410   0.015139     0.1213     0.0647 0.0000e+00
       2646     -0.027     2.9408   0.015046     0.1206     0.0640 0.0000e+00
       2647     -0.024     2.9405   0.014997     0.1202     0.0637 0.0000e+00
       2648     -0.022     2.9402   0.014963     0.1199     0.0635 0.0000e+00
       2649     -0.027     2.9398   0.014911     0.1194     0.0631 0.0000e+00
       2650     -0.032     2.9396   0.014841     0.1189     0.0626 0.0000e+00
       2651     -0.034     2.9392   0.014763     0.1182     0.0621 0.0000e+00
       2652     -0.033     2.9390   0.014693     0.1176     0.0616 0.0000e+00
       2653     -0.033     2.9387   0.014643     0.1172     0.0613 0.0000e+00
       2654     -0.034     2.9383   0.014600     0.1169     0.0610 0.0000e+00
       2655     -0.034     2.9379   0.014541     0.1164     0.0606 0.0000e+00
       2656     -0.034     2.9375   0.014462     0.1157     0.0600 0.0000e+00
       2657     -0.036     2.9372   0.014382     0.1151     0.0595 0.0000e+00
       2658     -0.038     2.9369   0.014319     0.1145     0.0591 0.0000e+00
       2659     -0.038     2.9366   0.014261     0.1141     0.0587 0.0000e+00
       2660     -0.036     2.9363   0.014184     0.1134     0.0582 0.0000e+00
       2661     -0.035     2.9360   0.014080     0.1126     0.0574 0.0000e+00
       2662     -0.037     2.9356   0.013953     0.1115     0.0566 0.0000e+00
       2663     -0.038     2.9352   0.013840     0.1106     0.0558 0.0000e+00
       2664     -0.039     2.9349   0.013839     0.1106     0.0558 0.0000e+00
       2665     -0.040     2.9345   0.014000     0.1119     0.0569 0.0000e+00
       2666     -0.040     2.9343   0.014288     0.1143     0.0588 0.0000e+00
