Datasets/Test_Dataset_39219_tow/originals/tel219_2021_069.cnv
* Sea-Bird SBE19plus Data File:
* Filename = C:/AQUIRE/tel219_2021_069.hex
* Software Version AquireV2 AF V2.0
* Temperature SN =  4020
* Conductivity SN =  4020
* System UpLoad Time = May 15 2021 08:52:49
** VESSEL/TRIP/SEQ STN: tel219_2021_069
** LATITUDE: 45 56.45 N
** LONGITUDE: 54 38.76 W
** DATE/TIME: 2021-05-15 08:08
** SOUNDING DEPTH (M): 0085
** PROBE TYPE: S4020
** CTD NUMBER:  69
** FORMAT: T
** COMMENTS: 
# nquan = 7                                 
# nvalues = 2527                        
# units = specified
# name 0 = scan: Scan Count
# name 1 = prdM: Pressure, Strain Gauge [db]
# name 2 = tv290C: Temperature [ITS-90, deg C]
# name 3 = c0S/m: Conductivity [S/m]
# name 4 = sal00: Salinity, Practical [PSU]
# name 5 = sigma-t00: Density [sigma-t, kg/m^3 ]
# name 6 = flag: flag
# span 0 =          1,       2527       
# span 1 =     -0.069,     81.277       
# span 2 =     0.4214,     3.9420       
# span 3 =   0.016703,   3.000765       
# span 4 =     0.1322,    32.7161       
# span 5 =     0.0802,    26.2417       
# span 6 = 0.0000e+00, 0.0000e+00       
# interval = seconds: 1
# start_time = May 15 2021 08:08:51 [Instrument's time stamp, header]
# bad_flag = -9.990e-29
*END*
[from data line 1231]
       1232     79.164     0.4292   2.768397    32.6990    26.2276 0.0000e+00
       1233     79.152     0.4290   2.768415    32.6995    26.2279 0.0000e+00
       1234     79.140     0.4285   2.768447    32.7004    26.2287 0.0000e+00
       1235     79.146     0.4283   2.768464    32.7009    26.2291 0.0000e+00
       1236     79.168     0.4282   2.768478    32.7011    26.2293 0.0000e+00
       1237     79.188     0.4284   2.768487    32.7010    26.2292 0.0000e+00
       1238     79.196     0.4287   2.768467    32.7004    26.2287 0.0000e+00
       1239     79.198     0.4293   2.768444    32.6995    26.2280 0.0000e+00
       1240     79.204     0.4297   2.768432    32.6989    26.2275 0.0000e+00
       1241     79.216     0.4303   2.768403    32.6979    26.2266 0.0000e+00
       1242     79.220     0.4307   2.768367    32.6970    26.2259 0.0000e+00
       1243     79.213     0.4307   2.768364    32.6970    26.2258 0.0000e+00
       1244     79.201     0.4304   2.768379    32.6975    26.2263 0.0000e+00
       1245     79.195     0.4302   2.768388    32.6978    26.2266 0.0000e+00
       1246     79.200     0.4297   2.768420    32.6988    26.2273 0.0000e+00
       1247     79.217     0.4292   2.768469    32.6999    26.2283 0.0000e+00
       1248     79.245     0.4289   2.768493    32.7005    26.2288 0.0000e+00
       1249     79.275     0.4289   2.768489    32.7005    26.2288 0.0000e+00
       1250     79.294     0.4290   2.768470    32.7001    26.2285 0.0000e+00
       1251     79.298     0.4290   2.768456    32.6999    26.2283 0.0000e+00
       1252     79.295     0.4289   2.768469    32.7002    26.2285 0.0000e+00
       1253     79.296     0.4286   2.768490    32.7008    26.2290 0.0000e+00
       1254     79.301     0.4285   2.768507    32.7011    26.2293 0.0000e+00
       1255     79.302     0.4285   2.768518    32.7013    26.2294 0.0000e+00
       1256     79.290     0.4291   2.768493    32.7003    26.2286 0.0000e+00
       1257     79.269     0.4302   2.768420    32.6982    26.2269 0.0000e+00
       1258     79.259     0.4311   2.768359    32.6965    26.2254 0.0000e+00
       1259     79.270     0.4315   2.768334    32.6957    26.2248 0.0000e+00
       1260     79.280     0.4319   2.768301    32.6948    26.2241 0.0000e+00
       1261     79.278     0.4323   2.768269    32.6940    26.2234 0.0000e+00
       1262     79.277     0.4319   2.768294    32.6947    26.2240 0.0000e+00
       1263     79.286     0.4307   2.768380    32.6971    26.2260 0.0000e+00
       1264     79.304     0.4296   2.768457    32.6993    26.2278 0.0000e+00
       1265     79.320     0.4292   2.768494    32.7002    26.2285 0.0000e+00
       1266     79.321     0.4292   2.768499    32.7003    26.2286 0.0000e+00
       1267     79.312     0.4295   2.768470    32.6996    26.2280 0.0000e+00
       1268     79.308     0.4301   2.768429    32.6984    26.2270 0.0000e+00
       1269     79.308     0.4303   2.768409    32.6979    26.2266 0.0000e+00
       1270     79.314     0.4300   2.768437    32.6986    26.2272 0.0000e+00
       1271     79.333     0.4294   2.768494    32.7000    26.2283 0.0000e+00
       1272     79.358     0.4288   2.768540    32.7012    26.2293 0.0000e+00
       1273     79.373     0.4286   2.768564    32.7017    26.2298 0.0000e+00
       1274     79.365     0.4289   2.768563    32.7014    26.2295 0.0000e+00
       1275     79.341     0.4291   2.768544    32.7009    26.2291 0.0000e+00
       1276     79.320     0.4294   2.768522    32.7003    26.2286 0.0000e+00
       1277     79.320     0.4297   2.768497    32.6997    26.2281 0.0000e+00
       1278     79.342     0.4298   2.768490    32.6995    26.2279 0.0000e+00
       1279     79.368     0.4295   2.768526    32.7003    26.2286 0.0000e+00
       1280     79.383     0.4291   2.768571    32.7013    26.2294 0.0000e+00
       1281     79.385     0.4289   2.768589    32.7017    26.2298 0.0000e+00
       1282     79.383     0.4290   2.768574    32.7014    26.2295 0.0000e+00
       1283     79.393     0.4289   2.768567    32.7014    26.2295 0.0000e+00
       1284     79.421     0.4284   2.768607    32.7025    26.2304 0.0000e+00
       1285     79.459     0.4278   2.768653    32.7037    26.2314 0.0000e+00
       1286     79.490     0.4275   2.768682    32.7043    26.2320 0.0000e+00
       1287     79.508     0.4274   2.768702    32.7047    26.2322 0.0000e+00
       1288     79.521     0.4275   2.768697    32.7045    26.2321 0.0000e+00
       1289     79.538     0.4279   2.768665    32.7037    26.2314 0.0000e+00
       1290     79.558     0.4284   2.768638    32.7028    26.2306 0.0000e+00
       1291     79.570     0.4285   2.768636    32.7026    26.2305 0.0000e+00
       1292     79.576     0.4284   2.768644    32.7028    26.2307 0.0000e+00
       1293     79.586     0.4280   2.768664    32.7035    26.2313 0.0000e+00
       1294     79.600     0.4275   2.768703    32.7046    26.2321 0.0000e+00
       1295     79.612     0.4274   2.768720    32.7049    26.2324 0.0000e+00
       1296     79.618     0.4278   2.768687    32.7040    26.2317 0.0000e+00
       1297     79.623     0.4283   2.768645    32.7029    26.2308 0.0000e+00
       1298     79.633     0.4283   2.768648    32.7030    26.2308 0.0000e+00
       1299     79.641     0.4278   2.768687    32.7040    26.2317 0.0000e+00
       1300     79.633     0.4274   2.768719    32.7049    26.2324 0.0000e+00
       1301     79.610     0.4272   2.768736    32.7053    26.2327 0.0000e+00
       1302     79.588     0.4269   2.768747    32.7058    26.2331 0.0000e+00
       1303     79.586     0.4269   2.768747    32.7058    26.2331 0.0000e+00
       1304     79.602     0.4270   2.768749    32.7057    26.2331 0.0000e+00
       1305     79.615     0.4270   2.768756    32.7058    26.2331 0.0000e+00
       1306     79.607     0.4270   2.768753    32.7057    26.2331 0.0000e+00
       1307     79.587     0.4272   2.768736    32.7053    26.2327 0.0000e+00
       1308     79.576     0.4273   2.768721    32.7050    26.2325 0.0000e+00
       1309     79.579     0.4274   2.768720    32.7049    26.2324 0.0000e+00
       1310     79.588     0.4274   2.768718    32.7049    26.2324 0.0000e+00
       1311     79.595     0.4272   2.768726    32.7052    26.2326 0.0000e+00
       1312     79.605     0.4271   2.768738    32.7054    26.2329 0.0000e+00
       1313     79.624     0.4272   2.768727    32.7052    26.2326 0.0000e+00
       1314     79.644     0.4271   2.768730    32.7053    26.2327 0.0000e+00
       1315     79.655     0.4270   2.768751    32.7057    26.2331 0.0000e+00
       1316     79.659     0.4270   2.768754    32.7057    26.2331 0.0000e+00
       1317     79.665     0.4274   2.768728    32.7049    26.2324 0.0000e+00
       1318     79.679     0.4283   2.768648    32.7029    26.2308 0.0000e+00
       1319     79.695     0.4291   2.768567    32.7010    26.2292 0.0000e+00
       1320     79.703     0.4289   2.768572    32.7013    26.2294 0.0000e+00
       1321     79.703     0.4283   2.768632    32.7027    26.2306 0.0000e+00
       1322     79.707     0.4278   2.768665    32.7037    26.2314 0.0000e+00
       1323     79.723     0.4275   2.768686    32.7043    26.2319 0.0000e+00
       1324     79.742     0.4274   2.768724    32.7049    26.2324 0.0000e+00
       1325     79.758     0.4278   2.768697    32.7041    26.2317 0.0000e+00
       1326     79.769     0.4284   2.768624    32.7025    26.2304 0.0000e+00
       1327     79.770     0.4285   2.768620    32.7023    26.2303 0.0000e+00
       1328     79.761     0.4281   2.768664    32.7033    26.2311 0.0000e+00
       1329     79.752     0.4279   2.768685    32.7038    26.2315 0.0000e+00
       1330     79.754     0.4282   2.768661    32.7032    26.2310 0.0000e+00
       1331     79.766     0.4285   2.768620    32.7023    26.2303 0.0000e+00
       1332     79.780     0.4284   2.768627    32.7025    26.2304 0.0000e+00
       1333     79.793     0.4279   2.768670    32.7036    26.2313 0.0000e+00
       1334     79.808     0.4274   2.768709    32.7046    26.2322 0.0000e+00
       1335     79.821     0.4271   2.768734    32.7053    26.2327 0.0000e+00
       1336     79.829     0.4270   2.768749    32.7056    26.2330 0.0000e+00
       1337     79.834     0.4270   2.768749    32.7055    26.2330 0.0000e+00
       1338     79.837     0.4271   2.768729    32.7052    26.2326 0.0000e+00
       1339     79.841     0.4272   2.768723    32.7050    26.2325 0.0000e+00
       1340     79.845     0.4270   2.768744    32.7055    26.2329 0.0000e+00
       1341     79.846     0.4270   2.768749    32.7055    26.2329 0.0000e+00
       1342     79.836     0.4270   2.768740    32.7054    26.2329 0.0000e+00
       1343     79.815     0.4270   2.768741    32.7055    26.2329 0.0000e+00
       1344     79.796     0.4269   2.768752    32.7057    26.2331 0.0000e+00
       1345     79.787     0.4266   2.768773    32.7063    26.2336 0.0000e+00
       1346     79.788     0.4265   2.768792    32.7067    26.2339 0.0000e+00
       1347     79.797     0.4265   2.768796    32.7067    26.2339 0.0000e+00
       1348     79.813     0.4265   2.768802    32.7068    26.2340 0.0000e+00
       1349     79.827     0.4264   2.768826    32.7072    26.2343 0.0000e+00
       1350     79.825     0.4261   2.768857    32.7079    26.2349 0.0000e+00
       1351     79.805     0.4257   2.768885    32.7087    26.2356 0.0000e+00
       1352     79.779     0.4256   2.768890    32.7089    26.2357 0.0000e+00
       1353     79.762     0.4257   2.768874    32.7086    26.2355 0.0000e+00
       1354     79.760     0.4260   2.768855    32.7080    26.2350 0.0000e+00
       1355     79.763     0.4260   2.768855    32.7080    26.2350 0.0000e+00
       1356     79.768     0.4259   2.768878    32.7084    26.2353 0.0000e+00
       1357     79.772     0.4256   2.768902    32.7091    26.2359 0.0000e+00
       1358     79.777     0.4257   2.768907    32.7090    26.2358 0.0000e+00
       1359     79.784     0.4260   2.768886    32.7084    26.2353 0.0000e+00
       1360     79.791     0.4262   2.768868    32.7080    26.2349 0.0000e+00
       1361     79.798     0.4261   2.768870    32.7081    26.2351 0.0000e+00
       1362     79.805     0.4259   2.768882    32.7085    26.2354 0.0000e+00
       1363     79.803     0.4258   2.768897    32.7088    26.2356 0.0000e+00
       1364     79.792     0.4259   2.768889    32.7086    26.2354 0.0000e+00
       1365     79.786     0.4260   2.768867    32.7082    26.2351 0.0000e+00
       1366     79.789     0.4262   2.768849    32.7077    26.2347 0.0000e+00
       1367     79.795     0.4263   2.768841    32.7075    26.2346 0.0000e+00
       1368     79.800     0.4262   2.768858    32.7078    26.2348 0.0000e+00
       1369     79.804     0.4260   2.768886    32.7084    26.2353 0.0000e+00
       1370     79.819     0.4259   2.768901    32.7087    26.2356 0.0000e+00
       1371     79.848     0.4258   2.768909    32.7089    26.2357 0.0000e+00
       1372     79.871     0.4258   2.768917    32.7090    26.2358 0.0000e+00
       1373     79.866     0.4259   2.768904    32.7087    26.2356 0.0000e+00
       1374     79.845     0.4260   2.768882    32.7083    26.2352 0.0000e+00
       1375     79.834     0.4260   2.768885    32.7084    26.2353 0.0000e+00
       1376     79.844     0.4259   2.768897    32.7086    26.2355 0.0000e+00
       1377     79.861     0.4257   2.768905    32.7089    26.2358 0.0000e+00
       1378     79.865     0.4255   2.768919    32.7093    26.2361 0.0000e+00
       1379     79.855     0.4254   2.768935    32.7097    26.2363 0.0000e+00
       1380     79.847     0.4254   2.768928    32.7096    26.2363 0.0000e+00
       1381     79.854     0.4256   2.768900    32.7090    26.2358 0.0000e+00
       1382     79.877     0.4258   2.768882    32.7085    26.2354 0.0000e+00
       1383     79.902     0.4260   2.768870    32.7081    26.2351 0.0000e+00
       1384     79.912     0.4260   2.768867    32.7081    26.2351 0.0000e+00
       1385     79.914     0.4262   2.768870    32.7079    26.2349 0.0000e+00
       1386     79.928     0.4263   2.768855    32.7076    26.2347 0.0000e+00
       1387     79.949     0.4264   2.768847    32.7074    26.2345 0.0000e+00
       1388     79.963     0.4262   2.768872    32.7079    26.2349 0.0000e+00
       1389     79.971     0.4259   2.768896    32.7086    26.2354 0.0000e+00
       1390     79.981     0.4258   2.768900    32.7087    26.2356 0.0000e+00
       1391     79.994     0.4257   2.768903    32.7088    26.2357 0.0000e+00
       1392     80.004     0.4257   2.768907    32.7089    26.2357 0.0000e+00
       1393     80.005     0.4256   2.768914    32.7091    26.2359 0.0000e+00
       1394     80.001     0.4255   2.768932    32.7094    26.2362 0.0000e+00
       1395     80.008     0.4253   2.768965    32.7101    26.2367 0.0000e+00
       1396     80.027     0.4252   2.768992    32.7105    26.2370 0.0000e+00
       1397     80.038     0.4252   2.768996    32.7106    26.2371 0.0000e+00
       1398     80.028     0.4252   2.768990    32.7105    26.2370 0.0000e+00
       1399     80.013     0.4253   2.768980    32.7103    26.2368 0.0000e+00
       1400     80.009     0.4254   2.768962    32.7099    26.2366 0.0000e+00
       1401     80.016     0.4257   2.768931    32.7092    26.2360 0.0000e+00
       1402     80.018     0.4260   2.768900    32.7085    26.2354 0.0000e+00
       1403     80.014     0.4258   2.768913    32.7089    26.2357 0.0000e+00
       1404     80.022     0.4255   2.768955    32.7097    26.2364 0.0000e+00
       1405     80.048     0.4254   2.768966    32.7100    26.2366 0.0000e+00
       1406     80.080     0.4256   2.768941    32.7094    26.2361 0.0000e+00
       1407     80.102     0.4259   2.768919    32.7088    26.2356 0.0000e+00
       1408     80.113     0.4260   2.768912    32.7086    26.2354 0.0000e+00
       1409     80.125     0.4259   2.768922    32.7088    26.2356 0.0000e+00
       1410     80.140     0.4257   2.768936    32.7092    26.2360 0.0000e+00
       1411     80.150     0.4256   2.768944    32.7094    26.2361 0.0000e+00
       1412     80.145     0.4257   2.768937    32.7092    26.2360 0.0000e+00
       1413     80.132     0.4261   2.768899    32.7083    26.2352 0.0000e+00
       1414     80.131     0.4264   2.768864    32.7075    26.2346 0.0000e+00
       1415     80.146     0.4262   2.768883    32.7080    26.2349 0.0000e+00
       1416     80.161     0.4258   2.768919    32.7088    26.2357 0.0000e+00
       1417     80.165     0.4256   2.768936    32.7093    26.2360 0.0000e+00
       1418     80.168     0.4256   2.768936    32.7093    26.2360 0.0000e+00
       1419     80.187     0.4259   2.768918    32.7087    26.2356 0.0000e+00
       1420     80.218     0.4261   2.768902    32.7083    26.2352 0.0000e+00
       1421     80.246     0.4263   2.768895    32.7080    26.2349 0.0000e+00
       1422     80.260     0.4263   2.768889    32.7079    26.2349 0.0000e+00
       1423     80.260     0.4263   2.768891    32.7079    26.2349 0.0000e+00
       1424     80.254     0.4261   2.768904    32.7083    26.2352 0.0000e+00
       1425     80.254     0.4260   2.768923    32.7086    26.2355 0.0000e+00
       1426     80.266     0.4259   2.768932    32.7089    26.2357 0.0000e+00
       1427     80.285     0.4259   2.768932    32.7088    26.2357 0.0000e+00
       1428     80.301     0.4260   2.768929    32.7087    26.2355 0.0000e+00
       1429     80.315     0.4260   2.768924    32.7086    26.2355 0.0000e+00
       1430     80.334     0.4260   2.768917    32.7085    26.2354 0.0000e+00
       1431     80.355     0.4263   2.768900    32.7080    26.2349 0.0000e+00
       1432     80.374     0.4265   2.768869    32.7073    26.2344 0.0000e+00
       1433     80.395     0.4266   2.768857    32.7071    26.2342 0.0000e+00
       1434     80.415     0.4265   2.768879    32.7074    26.2345 0.0000e+00
       1435     80.417     0.4265   2.768893    32.7076    26.2346 0.0000e+00
