Datasets/Test_Dataset_39219_tow/originals/tel219_2021_017.cnv
* Sea-Bird SBE19plus Data File:
* Filename = C:/AQUIRE/tel219_2021_017.hex
* Software Version AquireV2 AF V2.0
* Temperature SN =  4020
* Conductivity SN =  4020
* System UpLoad Time = May 07 2021 16:33:57
** VESSEL/TRIP/SEQ STN: tel219_2021_017
** LATITUDE: 46 38.82 N
** LONGITUDE: 56 44.55 W
** DATE/TIME: 2021-05-07 15:55
** SOUNDING DEPTH (M): 0050
** PROBE TYPE: S4020
** CTD NUMBER:  17
** FORMAT: t
** COMMENTS: 
# nquan = 7                                 
# nvalues = 2370                        
# units = specified
# name 0 = scan: Scan Count
# name 1 = prdM: Pressure, Strain Gauge [db]
# name 2 = tv290C: Temperature [ITS-90, deg C]
# name 3 = c0S/m: Conductivity [S/m]
# name 4 = sal00: Salinity, Practical [PSU]
# name 5 = sigma-t00: Density [sigma-t, kg/m^3 ]
# name 6 = flag: flag
# span 0 =          1,       2370       
# span 1 =     -0.346,     47.619       
# span 2 =     3.3029,     7.1377       
# span 3 =   0.004876,   3.046552       
# span 4 =     0.0349,    32.3302       
# span 5 =    -0.0740,    25.6945       
# span 6 = 0.0000e+00, 0.0000e+00       
# interval = seconds: 1
# start_time = May 07 2021 15:55:33 [Instrument's time stamp, header]
# bad_flag = -9.990e-29
*END*
[from data line 206]
        207     -0.122     7.1178   0.004942     0.0353    -0.0732 0.0000e+00
        208     -0.123     7.1184   0.004939     0.0353    -0.0732 0.0000e+00
        209     -0.122     7.1190   0.004939     0.0353    -0.0732 0.0000e+00
        210     -0.118     7.1196   0.004937     0.0353    -0.0733 0.0000e+00
        211     -0.115     7.1200   0.004936     0.0353    -0.0733 0.0000e+00
        212     -0.115     7.1201   0.004935     0.0353    -0.0733 0.0000e+00
        213     -0.117     7.1204   0.004932     0.0352    -0.0733 0.0000e+00
        214     -0.120     7.1208   0.004926     0.0352    -0.0734 0.0000e+00
        215     -0.120     7.1212   0.004916     0.0351    -0.0735 0.0000e+00
        216     -0.115     7.1214   0.004911     0.0351    -0.0735 0.0000e+00
        217     -0.112     7.1218   0.004915     0.0351    -0.0735 0.0000e+00
        218     -0.111     7.1220   0.004929     0.0352    -0.0734 0.0000e+00
        219     -0.113     7.1225   0.004942     0.0353    -0.0734 0.0000e+00
        220     -0.116     7.1231   0.004942     0.0353    -0.0734 0.0000e+00
        221     -0.115     7.1243   0.004933     0.0353    -0.0735 0.0000e+00
        222     -0.113     7.1256   0.004926     0.0352    -0.0736 0.0000e+00
        223     -0.113     7.1264   0.004926     0.0352    -0.0737 0.0000e+00
        224     -0.111     7.1265   0.004926     0.0352    -0.0737 0.0000e+00
        225     -0.110     7.1265   0.004925     0.0352    -0.0737 0.0000e+00
        226     -0.113     7.1264   0.004921     0.0352    -0.0737 0.0000e+00
        227     -0.118     7.1260   0.004915     0.0351    -0.0737 0.0000e+00
        228     -0.120     7.1258   0.004909     0.0351    -0.0737 0.0000e+00
        229     -0.119     7.1259   0.004919     0.0352    -0.0737 0.0000e+00
        230     -0.120     7.1265   0.004945     0.0353    -0.0736 0.0000e+00
        231     -0.122     7.1273   0.004959     0.0354    -0.0735 0.0000e+00
        232     -0.122     7.1279   0.004954     0.0354    -0.0736 0.0000e+00
        233     -0.120     7.1281   0.004943     0.0353    -0.0736 0.0000e+00
        234     -0.119     7.1282   0.004935     0.0353    -0.0737 0.0000e+00
        235     -0.117     7.1287   0.004932     0.0352    -0.0737 0.0000e+00
        236     -0.116     7.1292   0.004931     0.0352    -0.0738 0.0000e+00
        237     -0.116     7.1296   0.004929     0.0352    -0.0738 0.0000e+00
        238     -0.118     7.1300   0.004925     0.0352    -0.0738 0.0000e+00
        239     -0.118     7.1303   0.004926     0.0352    -0.0738 0.0000e+00
        240     -0.116     7.1305   0.004942     0.0353    -0.0738 0.0000e+00
        241     -0.114     7.1307   0.004963     0.0355    -0.0737 0.0000e+00
        242     -0.115     7.1307   0.004967     0.0355    -0.0736 0.0000e+00
        243     -0.115     7.1310   0.004957     0.0354    -0.0737 0.0000e+00
        244     -0.115     7.1312   0.004940     0.0353    -0.0738 0.0000e+00
        245     -0.116     7.1314   0.004928     0.0352    -0.0739 0.0000e+00
        246     -0.119     7.1316   0.004922     0.0352    -0.0739 0.0000e+00
        247     -0.119     7.1318   0.004926     0.0352    -0.0739 0.0000e+00
        248     -0.118     7.1319   0.004941     0.0353    -0.0738 0.0000e+00
        249     -0.117     7.1319   0.004961     0.0354    -0.0737 0.0000e+00
        250     -0.113     7.1321   0.004976     0.0355    -0.0737 0.0000e+00
        251     -0.108     7.1325   0.004974     0.0355    -0.0737 0.0000e+00
        252     -0.108     7.1327   0.004956     0.0354    -0.0738 0.0000e+00
        253     -0.110     7.1328   0.004937     0.0353    -0.0739 0.0000e+00
        254     -0.110     7.1327   0.004921     0.0352    -0.0740 0.0000e+00
        255     -0.110     7.1326   0.004914     0.0351    -0.0740 0.0000e+00
        256     -0.113     7.1326   0.004921     0.0352    -0.0740 0.0000e+00
        257     -0.117     7.1328   0.004936     0.0353    -0.0739 0.0000e+00
        258     -0.122     7.1332   0.004951     0.0354    -0.0738 0.0000e+00
        259     -0.123     7.1336   0.004961     0.0354    -0.0738 0.0000e+00
        260     -0.121     7.1340   0.004958     0.0354    -0.0738 0.0000e+00
        261     -0.120     7.1343   0.004952     0.0354    -0.0739 0.0000e+00
        262     -0.121     7.1345   0.004948     0.0354    -0.0739 0.0000e+00
        263     -0.122     7.1348   0.004948     0.0354    -0.0739 0.0000e+00
        264     -0.122     7.1350   0.004945     0.0353    -0.0740 0.0000e+00
        265     -0.122     7.1353   0.004943     0.0353    -0.0740 0.0000e+00
        266     -0.119     7.1356   0.004952     0.0354    -0.0740 0.0000e+00
        267     -0.115     7.1359   0.004968     0.0355    -0.0739 0.0000e+00
        268     -0.114     7.1364   0.004987     0.0356    -0.0738 0.0000e+00
        269     -0.114     7.1369   0.005000     0.0357    -0.0738 0.0000e+00
        270     -0.115     7.1375   0.005018     0.0358    -0.0737 0.0000e+00
        271     -0.118     7.1377   0.005168     0.0369    -0.0729 0.0000e+00
        272     -0.118     7.1372   0.005438     0.0388    -0.0713 0.0000e+00
        273     -0.116     7.1366   0.005616     0.0400    -0.0703 0.0000e+00
        274     -0.115     7.1363   0.005733     0.0408    -0.0696 0.0000e+00
        275     -0.116     7.1358   0.005970     0.0425    -0.0683 0.0000e+00
        276     -0.119     7.1349   0.006493     0.0462    -0.0653 0.0000e+00
        277     -0.123     7.1344   0.007660     0.0544    -0.0587 0.0000e+00
        278     -0.125     7.1344   0.012224     0.0872    -0.0326 0.0000e+00
        279     -0.122     7.1345   0.021003     0.1516     0.0187 0.0000e+00
        280     -0.116     7.1341   0.026860     0.1953     0.0535 0.0000e+00
        281     -0.106     7.1336   0.028190     0.2053     0.0614 0.0000e+00
        282     -0.090     7.0502   0.096437     0.7382     0.4889 0.0000e+00
        283     -0.057     6.6210   0.701139     6.1026     4.7468 0.0000e+00
        284     -0.003     5.7676   1.912898    18.5097    14.5708 0.0000e+00
        285      0.052     4.9337   2.802495    28.8319    22.7957 0.0000e+00
        286      0.090     4.5025   3.031174    31.8505    25.2316 0.0000e+00
        287      0.103     4.3301   3.046552    32.1972    25.5243 0.0000e+00
        288      0.095     4.1490   3.036546    32.2575    25.5904 0.0000e+00
        289      0.086     3.9259   3.012104    32.1892    25.5579 0.0000e+00
        290      0.092     3.7553   2.995949    32.1661    25.5558 0.0000e+00
        291      0.114     3.6653   2.991807    32.2058    25.5958 0.0000e+00
        292      0.143     3.6183   2.987394    32.1998    25.5954 0.0000e+00
        293      0.163     3.5908   2.980998    32.1508    25.5589 0.0000e+00
        294      0.180     3.5908   2.983186    32.1768    25.5797 0.0000e+00
        295      0.216     3.6301   2.996601    32.2977    25.6722 0.0000e+00
        296      0.264     3.6683   3.002517    32.3302    25.6945 0.0000e+00
        297      0.290     3.6523   2.991842    32.2190    25.6075 0.0000e+00
        298      0.303     3.6365   2.985156    32.1550    25.5581 0.0000e+00
        299      0.350     3.7194   2.994400    32.1830    25.5726 0.0000e+00
        300      0.447     3.8623   3.005138    32.1693    25.5482 0.0000e+00
        301      0.561     3.9524   3.008856    32.1245    25.5039 0.0000e+00
        302      0.655     3.9565   3.010730    32.1425    25.5179 0.0000e+00
        303      0.700     3.8923   3.010438    32.2023    25.5715 0.0000e+00
        304      0.684     3.7897   3.003352    32.2196    25.5951 0.0000e+00
        305      0.604     3.6924   2.989434    32.1505    25.5493 0.0000e+00
        306      0.465     3.6273   2.975332    32.0471    25.4731 0.0000e+00
        307      0.306     3.5940   2.968610    32.0000    25.4386 0.0000e+00
        308      0.180     3.5894   2.968559    32.0040    25.4422 0.0000e+00
        309      0.125     3.6150   2.971494    32.0137    25.4476 0.0000e+00
        310      0.135     3.6487   2.973132    32.0001    25.4336 0.0000e+00
        311      0.165     3.6545   2.972915    31.9918    25.4265 0.0000e+00
        312      0.181     3.6311   2.974837    32.0376    25.4652 0.0000e+00
        313      0.189     3.6083   2.976935    32.0851    25.5050 0.0000e+00
        314      0.190     3.5943   2.975349    32.0800    25.5023 0.0000e+00
        315      0.184     3.5785   2.971789    32.0532    25.4824 0.0000e+00
        316      0.182     3.5656   2.969484    32.0384    25.4718 0.0000e+00
        317      0.203     3.5795   2.970095    32.0320    25.4654 0.0000e+00
        318      0.264     3.6352   2.974603    32.0308    25.4593 0.0000e+00
        319      0.356     3.6914   2.979356    32.0319    25.4550 0.0000e+00
        320      0.413     3.6869   2.977515    32.0144    25.4415 0.0000e+00
        321      0.372     3.6334   2.970383    31.9823    25.4209 0.0000e+00
        322      0.274     3.5952   2.966628    31.9752    25.4188 0.0000e+00
        323      0.214     3.5955   2.967137    31.9810    25.4234 0.0000e+00
        324      0.193     3.6014   2.967421    31.9786    25.4209 0.0000e+00
        325      0.152     3.5866   2.952525    31.8159    25.2927 0.0000e+00
        326      0.081     3.5624   2.817676    30.2390    24.0399 0.0000e+00
        327      0.011     3.5481   2.560392    27.2270    21.6454 0.0000e+00
        328     -0.029     3.5475   2.301815    24.2271    19.2611 0.0000e+00
        329     -0.036     3.5559   2.185914    22.8897    18.1980 0.0000e+00
        330     -0.035     3.5649   2.425814    25.6471    20.3883 0.0000e+00
        331     -0.042     3.5621   2.804258    30.0806    23.9139 0.0000e+00
        332     -0.045     3.5488   2.947839    31.7972    25.2813 0.0000e+00
        333     -0.027     3.5423   2.940920    31.7211    25.2213 0.0000e+00
        334      0.026     3.5518   2.936226    31.6559    25.1685 0.0000e+00
        335      0.123     3.5674   2.945301    31.7487    25.2410 0.0000e+00
        336      0.248     3.5745   2.957854    31.8911    25.3537 0.0000e+00
        337      0.368     3.5712   2.963864    31.9659    25.4135 0.0000e+00
        338      0.448     3.5629   2.964396    31.9803    25.4258 0.0000e+00
        339      0.461     3.5539   2.963373    31.9770    25.4240 0.0000e+00
        340      0.402     3.5508   2.962432    31.9689    25.4178 0.0000e+00
        341      0.329     3.5594   2.963155    31.9690    25.4171 0.0000e+00
        342      0.319     3.5745   2.964189    31.9665    25.4137 0.0000e+00
        343      0.399     3.5823   2.963470    31.9502    25.4001 0.0000e+00
        344      0.547     3.5773   2.962608    31.9448    25.3962 0.0000e+00
        345      0.688     3.5635   2.961985    31.9509    25.4023 0.0000e+00
        346      0.748     3.5490   2.959271    31.9328    25.3892 0.0000e+00
        347      0.752     3.5430   2.957096    31.9127    25.3738 0.0000e+00
        348      0.764     3.5427   2.958107    31.9251    25.3836 0.0000e+00
        349      0.817     3.5390   2.959016    31.9395    25.3955 0.0000e+00
        350      0.906     3.5322   2.958945    31.9453    25.4007 0.0000e+00
        351      0.969     3.5261   2.958955    31.9514    25.4061 0.0000e+00
        352      0.955     3.5214   2.958798    31.9542    25.4087 0.0000e+00
        353      0.889     3.5209   2.958782    31.9545    25.4090 0.0000e+00
        354      0.819     3.5240   2.958803    31.9517    25.4066 0.0000e+00
        355      0.761     3.5255   2.958998    31.9526    25.4071 0.0000e+00
        356      0.706     3.5235   2.959450    31.9600    25.4132 0.0000e+00
        357      0.631     3.5189   2.959343    31.9633    25.4162 0.0000e+00
        358      0.540     3.5143   2.958864    31.9622    25.4157 0.0000e+00
        359      0.494     3.5136   2.959100    31.9657    25.4186 0.0000e+00
        360      0.540     3.5151   2.959262    31.9661    25.4188 0.0000e+00
        361      0.637     3.5125   2.958379    31.9581    25.4127 0.0000e+00
        362      0.714     3.5067   2.957514    31.9534    25.4095 0.0000e+00
        363      0.729     3.5030   2.957320    31.9548    25.4109 0.0000e+00
        364      0.673     3.5022   2.957406    31.9566    25.4124 0.0000e+00
        365      0.566     3.5032   2.957631    31.9584    25.4137 0.0000e+00
        366      0.448     3.5065   2.958005    31.9596    25.4144 0.0000e+00
        367      0.394     3.5111   2.958371    31.9595    25.4139 0.0000e+00
        368      0.451     3.5129   2.958269    31.9565    25.4114 0.0000e+00
        369      0.554     3.5105   2.957771    31.9528    25.4087 0.0000e+00
        370      0.600     3.5080   2.957566    31.9528    25.4089 0.0000e+00
        371      0.561     3.5075   2.957718    31.9552    25.4108 0.0000e+00
        372      0.479     3.5082   2.957825    31.9558    25.4112 0.0000e+00
        373      0.405     3.5093   2.957779    31.9542    25.4099 0.0000e+00
        374      0.346     3.5100   2.957732    31.9530    25.4088 0.0000e+00
        375      0.282     3.5101   2.957736    31.9530    25.4088 0.0000e+00
        376      0.227     3.5104   2.957868    31.9543    25.4098 0.0000e+00
        377      0.219     3.5114   2.958114    31.9562    25.4113 0.0000e+00
        378      0.253     3.5126   2.958179    31.9558    25.4108 0.0000e+00
        379      0.263     3.5133   2.958044    31.9535    25.4089 0.0000e+00
        380      0.218     3.5132   2.958047    31.9537    25.4091 0.0000e+00
        381      0.157     3.5128   2.958094    31.9546    25.4099 0.0000e+00
        382      0.115     3.5119   2.957931    31.9536    25.4092 0.0000e+00
        383      0.087     3.5106   2.957744    31.9527    25.4085 0.0000e+00
        384      0.046     3.5094   2.957644    31.9527    25.4086 0.0000e+00
        385     -0.007     3.5090   2.957630    31.9529    25.4089 0.0000e+00
        386     -0.046     3.5102   2.957758    31.9533    25.4091 0.0000e+00
        387     -0.041     3.5122   2.957893    31.9529    25.4086 0.0000e+00
        388      0.004     3.5128   2.957823    31.9515    25.4074 0.0000e+00
        389      0.043     3.5115   2.957603    31.9501    25.4064 0.0000e+00
        390      0.051     3.5104   2.957489    31.9498    25.4063 0.0000e+00
        391      0.015     3.5107   2.957572    31.9506    25.4068 0.0000e+00
        392     -0.053     3.5118   2.957723    31.9513    25.4073 0.0000e+00
        393     -0.101     3.5133   2.957814    31.9509    25.4069 0.0000e+00
        394     -0.091     3.5141   2.957843    31.9505    25.4065 0.0000e+00
        395     -0.042     3.5146   2.957878    31.9504    25.4064 0.0000e+00
        396     -0.006     3.5148   2.957902    31.9505    25.4064 0.0000e+00
        397     -0.005     3.5124   2.957678    31.9502    25.4064 0.0000e+00
        398     -0.034     3.5061   2.957184    31.9505    25.4072 0.0000e+00
        399     -0.089     3.4997   2.956913    31.9536    25.4102 0.0000e+00
        400     -0.154     3.4973   2.956905    31.9559    25.4123 0.0000e+00
        401     -0.209     3.4982   2.956940    31.9554    25.4118 0.0000e+00
        402     -0.227     3.5008   2.957133    31.9552    25.4114 0.0000e+00
        403     -0.190     3.5029   2.957218    31.9541    25.4104 0.0000e+00
        404     -0.116     3.5027   2.957027    31.9520    25.4087 0.0000e+00
        405     -0.040     3.5017   2.956887    31.9513    25.4082 0.0000e+00
        406     -0.002     3.5006   2.956832    31.9517    25.4086 0.0000e+00
        407     -0.027     3.4996   2.956808    31.9524    25.4093 0.0000e+00
        408     -0.071     3.5006   2.956955    31.9532    25.4098 0.0000e+00
        409     -0.106     3.5022   2.957090    31.9532    25.4097 0.0000e+00
        410     -0.157     3.5015   2.956925    31.9520    25.4088 0.0000e+00
