Datasets/Test_Dataset_39219_tow/originals/tel219_2021_041.cnv
* Sea-Bird SBE19plus Data File:
* Filename = C:/AQUIRE/tel219_2021_041.hex
* Software Version AquireV2 AF V2.0
* Temperature SN =  4020
* Conductivity SN =  4020
* System UpLoad Time = May 12 2021 08:10:39
** VESSEL/TRIP/SEQ STN: tel219_2021_041
** LATITUDE: 44 54.71 N
** LONGITUDE: 056 02.07 W
** DATE/TIME: 2021-05-12 07:17
** SOUNDING DEPTH (M): 0214
** PROBE TYPE: S4020
** CTD NUMBER: 041
** FORMAT: T
** COMMENTS: 
# nquan = 7                                 
# nvalues = 3070                        
# units = specified
# name 0 = scan: Scan Count
# name 1 = prdM: Pressure, Strain Gauge [db]
# name 2 = tv290C: Temperature [ITS-90, deg C]
# name 3 = c0S/m: Conductivity [S/m]
# name 4 = sal00: Salinity, Practical [PSU]
# name 5 = sigma-t00: Density [sigma-t, kg/m^3 ]
# name 6 = flag: flag
# span 0 =          1,       3070       
# span 1 =     -1.157,    211.807       
# span 2 =     0.3927,    10.1599       
# span 3 =   0.006084,   3.824091       
# span 4 =     0.0444,    35.0958       
# span 5 =    -0.0190,    27.1889       
# span 6 = 0.0000e+00, 0.0000e+00       
# interval = seconds: 1
# start_time = May 12 2021 07:17:26 [Instrument's time stamp, header]
# bad_flag = -9.990e-29
*END*
[from data line 206]
        207     -0.126     5.9062   0.006276     0.0457    -0.0175 0.0000e+00
        208     -0.125     5.9068   0.006275     0.0457    -0.0175 0.0000e+00
        209     -0.123     5.9074   0.006276     0.0457    -0.0175 0.0000e+00
        210     -0.125     5.9082   0.006282     0.0457    -0.0175 0.0000e+00
        211     -0.126     5.9091   0.006289     0.0458    -0.0175 0.0000e+00
        212     -0.124     5.9096   0.006292     0.0458    -0.0175 0.0000e+00
        213     -0.121     5.9097   0.006291     0.0458    -0.0175 0.0000e+00
        214     -0.120     5.9095   0.006287     0.0458    -0.0175 0.0000e+00
        215     -0.121     5.9093   0.006285     0.0458    -0.0175 0.0000e+00
        216     -0.124     5.9090   0.006283     0.0457    -0.0175 0.0000e+00
        217     -0.129     5.9085   0.006280     0.0457    -0.0175 0.0000e+00
        218     -0.132     5.9080   0.006278     0.0457    -0.0175 0.0000e+00
        219     -0.129     5.9076   0.006278     0.0457    -0.0175 0.0000e+00
        220     -0.126     5.9071   0.006281     0.0457    -0.0175 0.0000e+00
        221     -0.126     5.9068   0.006283     0.0457    -0.0175 0.0000e+00
        222     -0.129     5.9066   0.006283     0.0457    -0.0175 0.0000e+00
        223     -0.131     5.9064   0.006281     0.0457    -0.0175 0.0000e+00
        224     -0.131     5.9063   0.006283     0.0457    -0.0175 0.0000e+00
        225     -0.133     5.9055   0.006282     0.0457    -0.0174 0.0000e+00
        226     -0.133     5.9031   0.006274     0.0457    -0.0174 0.0000e+00
        227     -0.130     5.8993   0.006262     0.0456    -0.0174 0.0000e+00
        228     -0.125     5.8948   0.006250     0.0455    -0.0173 0.0000e+00
        229     -0.122     5.8895   0.006239     0.0454    -0.0172 0.0000e+00
        230     -0.121     5.8820   0.006219     0.0453    -0.0171 0.0000e+00
        231     -0.122     5.8720   0.006190     0.0451    -0.0170 0.0000e+00
        232     -0.127     5.8597   0.006157     0.0449    -0.0168 0.0000e+00
        233     -0.133     5.8461   0.006126     0.0447    -0.0166 0.0000e+00
        234     -0.133     5.8335   0.006104     0.0445    -0.0163 0.0000e+00
        235     -0.129     5.8235   0.006095     0.0444    -0.0161 0.0000e+00
        236     -0.128     5.8159   0.006092     0.0444    -0.0159 0.0000e+00
        237     -0.130     5.8088   0.006088     0.0444    -0.0157 0.0000e+00
        238     -0.135     5.8024   0.006086     0.0444    -0.0155 0.0000e+00
        239     -0.137     5.7988   0.006097     0.0445    -0.0153 0.0000e+00
        240     -0.134     5.7974   0.006116     0.0446    -0.0152 0.0000e+00
        241     -0.132     5.7954   0.006131     0.0447    -0.0150 0.0000e+00
        242     -0.133     5.7938   0.006146     0.0448    -0.0149 0.0000e+00
        243     -0.133     5.7956   0.006170     0.0450    -0.0148 0.0000e+00
        244     -0.131     5.7989   0.006198     0.0452    -0.0147 0.0000e+00
        245     -0.129     5.7995   0.006210     0.0453    -0.0147 0.0000e+00
        246     -0.130     5.7950   0.006203     0.0453    -0.0146 0.0000e+00
        247     -0.130     5.7851   0.006176     0.0451    -0.0145 0.0000e+00
        248     -0.128     5.7750   0.006151     0.0449    -0.0143 0.0000e+00
        249     -0.125     5.7717   0.006156     0.0449    -0.0142 0.0000e+00
        250     -0.124     5.7758   0.006185     0.0451    -0.0141 0.0000e+00
        251     -0.125     5.7843   0.006229     0.0455    -0.0141 0.0000e+00
        252     -0.127     5.7941   0.006274     0.0458    -0.0142 0.0000e+00
        253     -0.128     5.8020   0.006302     0.0460    -0.0142 0.0000e+00
        254     -0.126     5.8078   0.006317     0.0461    -0.0143 0.0000e+00
        255     -0.123     5.8132   0.006330     0.0462    -0.0144 0.0000e+00
        256     -0.119     5.8180   0.006343     0.0463    -0.0144 0.0000e+00
        257     -0.115     5.8197   0.006343     0.0463    -0.0145 0.0000e+00
        258     -0.116     5.8160   0.006323     0.0461    -0.0145 0.0000e+00
        259     -0.121     5.8080   0.006288     0.0459    -0.0145 0.0000e+00
        260     -0.126     5.7999   0.006260     0.0457    -0.0144 0.0000e+00
        261     -0.128     5.7953   0.006250     0.0456    -0.0143 0.0000e+00
        262     -0.127     5.7950   0.006254     0.0456    -0.0143 0.0000e+00
        263     -0.127     5.7974   0.006265     0.0457    -0.0143 0.0000e+00
        264     -0.127     5.8013   0.006279     0.0458    -0.0143 0.0000e+00
        265     -0.127     5.8063   0.006297     0.0459    -0.0144 0.0000e+00
        266     -0.127     5.8118   0.006314     0.0461    -0.0144 0.0000e+00
        267     -0.128     5.8171   0.006327     0.0462    -0.0145 0.0000e+00
        268     -0.128     5.8217   0.006334     0.0462    -0.0146 0.0000e+00
        269     -0.127     5.8250   0.006337     0.0462    -0.0147 0.0000e+00
        270     -0.125     5.8277   0.006341     0.0462    -0.0147 0.0000e+00
        271     -0.126     5.8300   0.006346     0.0463    -0.0148 0.0000e+00
        272     -0.130     5.8313   0.006344     0.0463    -0.0148 0.0000e+00
        273     -0.134     5.8304   0.006328     0.0461    -0.0149 0.0000e+00
        274     -0.136     5.8282   0.006309     0.0460    -0.0149 0.0000e+00
        275     -0.134     5.8277   0.006303     0.0460    -0.0150 0.0000e+00
        276     -0.130     5.8298   0.006310     0.0460    -0.0150 0.0000e+00
        277     -0.126     5.8335   0.006320     0.0461    -0.0150 0.0000e+00
        278     -0.124     5.8371   0.006327     0.0461    -0.0151 0.0000e+00
        279     -0.123     5.8404   0.006334     0.0462    -0.0152 0.0000e+00
        280     -0.123     5.8434   0.006337     0.0462    -0.0152 0.0000e+00
        281     -0.127     5.8457   0.006334     0.0462    -0.0153 0.0000e+00
        282     -0.132     5.8468   0.006327     0.0461    -0.0154 0.0000e+00
        283     -0.135     5.8472   0.006320     0.0461    -0.0154 0.0000e+00
        284     -0.136     5.8476   0.006316     0.0460    -0.0155 0.0000e+00
        285     -0.136     5.8483   0.006316     0.0460    -0.0155 0.0000e+00
        286     -0.134     5.8493   0.006315     0.0460    -0.0155 0.0000e+00
        287     -0.132     5.8509   0.006316     0.0460    -0.0156 0.0000e+00
        288     -0.131     5.8528   0.006315     0.0460    -0.0156 0.0000e+00
        289     -0.130     5.8545   0.006312     0.0460    -0.0157 0.0000e+00
        290     -0.129     5.8561   0.006313     0.0460    -0.0158 0.0000e+00
        291     -0.127     5.8574   0.006315     0.0460    -0.0158 0.0000e+00
        292     -0.126     5.8581   0.006308     0.0460    -0.0158 0.0000e+00
        293     -0.126     5.8582   0.006298     0.0459    -0.0159 0.0000e+00
        294     -0.125     5.8575   0.006288     0.0458    -0.0159 0.0000e+00
        295     -0.125     5.8560   0.006279     0.0458    -0.0160 0.0000e+00
        296     -0.129     5.8550   0.006278     0.0458    -0.0159 0.0000e+00
        297     -0.133     5.8550   0.006279     0.0458    -0.0159 0.0000e+00
        298     -0.133     5.8554   0.006277     0.0458    -0.0159 0.0000e+00
        299     -0.129     5.8560   0.006277     0.0457    -0.0160 0.0000e+00
        300     -0.126     5.8568   0.006278     0.0458    -0.0160 0.0000e+00
        301     -0.126     5.8576   0.006278     0.0458    -0.0160 0.0000e+00
        302     -0.129     5.8582   0.006277     0.0457    -0.0160 0.0000e+00
        303     -0.132     5.8583   0.006276     0.0457    -0.0160 0.0000e+00
        304     -0.133     5.8584   0.006277     0.0457    -0.0160 0.0000e+00
        305     -0.132     5.8585   0.006279     0.0458    -0.0160 0.0000e+00
        306     -0.131     5.8588   0.006280     0.0458    -0.0160 0.0000e+00
        307     -0.129     5.8590   0.006275     0.0457    -0.0161 0.0000e+00
        308     -0.127     5.8593   0.006266     0.0457    -0.0161 0.0000e+00
        309     -0.127     5.8597   0.006260     0.0456    -0.0162 0.0000e+00
        310     -0.128     5.8599   0.006259     0.0456    -0.0162 0.0000e+00
        311     -0.130     5.8603   0.006264     0.0457    -0.0162 0.0000e+00
        312     -0.131     5.8609   0.006272     0.0457    -0.0161 0.0000e+00
        313     -0.129     5.8618   0.006282     0.0458    -0.0161 0.0000e+00
        314     -0.129     5.8628   0.006288     0.0458    -0.0161 0.0000e+00
        315     -0.130     5.8636   0.006284     0.0458    -0.0162 0.0000e+00
        316     -0.130     5.8641   0.006275     0.0457    -0.0162 0.0000e+00
        317     -0.130     5.8644   0.006269     0.0457    -0.0163 0.0000e+00
        318     -0.133     5.8646   0.006268     0.0457    -0.0163 0.0000e+00
        319     -0.135     5.8644   0.006267     0.0457    -0.0163 0.0000e+00
        320     -0.135     5.8643   0.006267     0.0457    -0.0163 0.0000e+00
        321     -0.133     5.8643   0.006268     0.0457    -0.0163 0.0000e+00
        322     -0.131     5.8643   0.006270     0.0457    -0.0163 0.0000e+00
        323     -0.130     5.8641   0.006270     0.0457    -0.0162 0.0000e+00
        324     -0.130     5.8640   0.006267     0.0457    -0.0163 0.0000e+00
        325     -0.130     5.8642   0.006265     0.0457    -0.0163 0.0000e+00
        326     -0.130     5.8644   0.006264     0.0456    -0.0163 0.0000e+00
        327     -0.130     5.8649   0.006267     0.0457    -0.0163 0.0000e+00
        328     -0.129     5.8652   0.006274     0.0457    -0.0163 0.0000e+00
        329     -0.130     5.8652   0.006280     0.0458    -0.0162 0.0000e+00
        330     -0.133     5.8649   0.006282     0.0458    -0.0162 0.0000e+00
        331     -0.135     5.8644   0.006276     0.0457    -0.0162 0.0000e+00
        332     -0.132     5.8638   0.006268     0.0457    -0.0163 0.0000e+00
        333     -0.128     5.8636   0.006266     0.0457    -0.0163 0.0000e+00
        334     -0.127     5.8636   0.006267     0.0457    -0.0163 0.0000e+00
        335     -0.128     5.8636   0.006267     0.0457    -0.0163 0.0000e+00
        336     -0.128     5.8634   0.006267     0.0457    -0.0162 0.0000e+00
        337     -0.128     5.8634   0.006269     0.0457    -0.0162 0.0000e+00
        338     -0.130     5.8637   0.006274     0.0457    -0.0162 0.0000e+00
        339     -0.133     5.8644   0.006281     0.0458    -0.0162 0.0000e+00
        340     -0.132     5.8653   0.006286     0.0458    -0.0162 0.0000e+00
        341     -0.128     5.8662   0.006286     0.0458    -0.0162 0.0000e+00
        342     -0.125     5.8665   0.006282     0.0458    -0.0163 0.0000e+00
        343     -0.125     5.8665   0.006277     0.0457    -0.0163 0.0000e+00
        344     -0.126     5.8665   0.006272     0.0457    -0.0163 0.0000e+00
        345     -0.128     5.8667   0.006271     0.0457    -0.0163 0.0000e+00
        346     -0.129     5.8671   0.006275     0.0457    -0.0163 0.0000e+00
        347     -0.131     5.8673   0.006279     0.0458    -0.0163 0.0000e+00
        348     -0.134     5.8673   0.006279     0.0458    -0.0163 0.0000e+00
        349     -0.134     5.8673   0.006280     0.0458    -0.0163 0.0000e+00
        350     -0.130     5.8678   0.006281     0.0458    -0.0163 0.0000e+00
        351     -0.127     5.8684   0.006282     0.0458    -0.0163 0.0000e+00
        352     -0.127     5.8688   0.006280     0.0458    -0.0163 0.0000e+00
        353     -0.128     5.8687   0.006276     0.0457    -0.0164 0.0000e+00
        354     -0.130     5.8683   0.006273     0.0457    -0.0164 0.0000e+00
        355     -0.131     5.8679   0.006274     0.0457    -0.0163 0.0000e+00
        356     -0.129     5.8678   0.006277     0.0457    -0.0163 0.0000e+00
        357     -0.127     5.8681   0.006278     0.0457    -0.0163 0.0000e+00
        358     -0.128     5.8684   0.006277     0.0457    -0.0163 0.0000e+00
        359     -0.128     5.8685   0.006274     0.0457    -0.0164 0.0000e+00
        360     -0.128     5.8683   0.006272     0.0457    -0.0164 0.0000e+00
        361     -0.131     5.8681   0.006273     0.0457    -0.0164 0.0000e+00
        362     -0.136     5.8679   0.006275     0.0457    -0.0163 0.0000e+00
        363     -0.138     5.8677   0.006275     0.0457    -0.0163 0.0000e+00
        364     -0.138     5.8673   0.006272     0.0457    -0.0163 0.0000e+00
        365     -0.138     5.8664   0.006268     0.0457    -0.0163 0.0000e+00
        366     -0.138     5.8650   0.006262     0.0456    -0.0163 0.0000e+00
        367     -0.135     5.8633   0.006260     0.0456    -0.0163 0.0000e+00
        368     -0.130     5.8620   0.006262     0.0456    -0.0162 0.0000e+00
        369     -0.129     5.8614   0.006261     0.0456    -0.0162 0.0000e+00
        370     -0.132     5.8617   0.006263     0.0456    -0.0162 0.0000e+00
        371     -0.133     5.8623   0.006265     0.0457    -0.0162 0.0000e+00
        372     -0.133     5.8630   0.006268     0.0457    -0.0162 0.0000e+00
        373     -0.135     5.8633   0.006268     0.0457    -0.0162 0.0000e+00
        374     -0.136     5.8624   0.006265     0.0457    -0.0162 0.0000e+00
        375     -0.133     5.8600   0.006256     0.0456    -0.0162 0.0000e+00
        376     -0.130     5.8573   0.006250     0.0456    -0.0162 0.0000e+00
        377     -0.129     5.8564   0.006252     0.0456    -0.0161 0.0000e+00
        378     -0.131     5.8575   0.006263     0.0456    -0.0161 0.0000e+00
        379     -0.132     5.8590   0.006271     0.0457    -0.0161 0.0000e+00
        380     -0.134     5.8605   0.006277     0.0457    -0.0161 0.0000e+00
        381     -0.135     5.8613   0.006277     0.0457    -0.0161 0.0000e+00
        382     -0.135     5.8612   0.006269     0.0457    -0.0162 0.0000e+00
        383     -0.135     5.8600   0.006260     0.0456    -0.0162 0.0000e+00
        384     -0.133     5.8585   0.006258     0.0456    -0.0162 0.0000e+00
        385     -0.130     5.8579   0.006263     0.0456    -0.0161 0.0000e+00
        386     -0.128     5.8585   0.006272     0.0457    -0.0161 0.0000e+00
        387     -0.129     5.8594   0.006277     0.0457    -0.0161 0.0000e+00
        388     -0.132     5.8602   0.006274     0.0457    -0.0161 0.0000e+00
        389     -0.135     5.8606   0.006270     0.0457    -0.0161 0.0000e+00
        390     -0.135     5.8610   0.006269     0.0457    -0.0162 0.0000e+00
        391     -0.135     5.8612   0.006269     0.0457    -0.0162 0.0000e+00
        392     -0.136     5.8611   0.006270     0.0457    -0.0162 0.0000e+00
        393     -0.137     5.8608   0.006272     0.0457    -0.0161 0.0000e+00
        394     -0.138     5.8605   0.006275     0.0457    -0.0161 0.0000e+00
        395     -0.135     5.8605   0.006275     0.0457    -0.0161 0.0000e+00
        396     -0.130     5.8614   0.006274     0.0457    -0.0161 0.0000e+00
        397     -0.129     5.8630   0.006273     0.0457    -0.0162 0.0000e+00
        398     -0.131     5.8647   0.006276     0.0457    -0.0162 0.0000e+00
        399     -0.133     5.8657   0.006282     0.0458    -0.0162 0.0000e+00
        400     -0.136     5.8650   0.006282     0.0458    -0.0162 0.0000e+00
        401     -0.139     5.8609   0.006266     0.0457    -0.0162 0.0000e+00
        402     -0.137     5.8547   0.006245     0.0455    -0.0161 0.0000e+00
        403     -0.133     5.8510   0.006236     0.0455    -0.0161 0.0000e+00
        404     -0.133     5.8508   0.006239     0.0455    -0.0160 0.0000e+00
        405     -0.135     5.8522   0.006245     0.0455    -0.0160 0.0000e+00
        406     -0.136     5.8537   0.006247     0.0455    -0.0161 0.0000e+00
        407     -0.137     5.8549   0.006249     0.0455    -0.0161 0.0000e+00
        408     -0.135     5.8556   0.006253     0.0456    -0.0161 0.0000e+00
        409     -0.130     5.8558   0.006262     0.0456    -0.0160 0.0000e+00
        410     -0.125     5.8558   0.006267     0.0457    -0.0160 0.0000e+00
