Datasets/Test_Dataset_39219_tow/originals/tel219_2021_024.cnv
* Sea-Bird SBE19plus Data File:
* Filename = C:/AQUIRE/tel219_2021_024.hex
* Software Version AquireV2 AF V2.0
* Temperature SN =  4020
* Conductivity SN =  4020
* System UpLoad Time = May 08 2021 09:52:55
** VESSEL/TRIP/SEQ STN: tel219_2021_024
** LATITUDE: 46 25.86 N
** LONGITUDE: 57 23.39 W
** DATE/TIME: 2021-05-08 09:03
** SOUNDING DEPTH (M): 0202
** PROBE TYPE: S4020
** CTD NUMBER:  24
** FORMAT: T
** COMMENTS: 
# nquan = 7                                 
# nvalues = 3057                        
# units = specified
# name 0 = scan: Scan Count
# name 1 = prdM: Pressure, Strain Gauge [db]
# name 2 = tv290C: Temperature [ITS-90, deg C]
# name 3 = c0S/m: Conductivity [S/m]
# name 4 = sal00: Salinity, Practical [PSU]
# name 5 = sigma-t00: Density [sigma-t, kg/m^3 ]
# name 6 = flag: flag
# span 0 =          1,       3057       
# span 1 =     -0.677,    201.577       
# span 2 =     1.8163,     9.0239       
# span 3 =   0.006005,   3.729878       
# span 4 =     0.0450,    35.0481       
# span 5 =     0.0098,    27.1543       
# span 6 = 0.0000e+00, 0.0000e+00       
# interval = seconds: 1
# start_time = May 08 2021 09:03:01 [Instrument's time stamp, header]
# bad_flag = -9.990e-29
*END*
[from data line 1026]
       1027    111.412     2.2889   2.934232    32.8389    26.2186 0.0000e+00
       1028    112.024     2.2908   2.934838    32.8441    26.2226 0.0000e+00
       1029    112.641     2.3008   2.936141    32.8496    26.2262 0.0000e+00
       1030    113.270     2.3176   2.938036    32.8553    26.2295 0.0000e+00
       1031    113.906     2.3380   2.940274    32.8616    26.2329 0.0000e+00
       1032    114.539     2.3562   2.942186    32.8660    26.2350 0.0000e+00
       1033    115.166     2.3685   2.943515    32.8694    26.2368 0.0000e+00
       1034    115.791     2.3756   2.944458    32.8734    26.2394 0.0000e+00
       1035    116.419     2.3792   2.945321    32.8800    26.2444 0.0000e+00
       1036    117.053     2.3813   2.946368    32.8904    26.2525 0.0000e+00
       1037    117.690     2.3832   2.947480    32.9018    26.2615 0.0000e+00
       1038    118.319     2.3839   2.948255    32.9103    26.2682 0.0000e+00
       1039    118.938     2.3815   2.948532    32.9158    26.2729 0.0000e+00
       1040    119.551     2.3783   2.948969    32.9242    26.2798 0.0000e+00
       1041    120.167     2.3829   2.950677    32.9402    26.2922 0.0000e+00
       1042    120.792     2.4031   2.954199    32.9624    26.3084 0.0000e+00
       1043    121.424     2.4360   2.958603    32.9824    26.3217 0.0000e+00
       1044    122.058     2.4715   2.962531    32.9937    26.3279 0.0000e+00
       1045    122.691     2.5018   2.965638    33.0003    26.3308 0.0000e+00
       1046    123.320     2.5247   2.967954    33.0048    26.3325 0.0000e+00
       1047    123.950     2.5428   2.969828    33.0088    26.3342 0.0000e+00
       1048    124.585     2.5598   2.971728    33.0142    26.3372 0.0000e+00
       1049    125.223     2.5763   2.973534    33.0190    26.3397 0.0000e+00
       1050    125.855     2.5915   2.975164    33.0230    26.3416 0.0000e+00
       1051    126.477     2.6050   2.976820    33.0290    26.3453 0.0000e+00
       1052    127.093     2.6166   2.978388    33.0359    26.3499 0.0000e+00
       1053    127.711     2.6269   2.979717    33.0413    26.3533 0.0000e+00
       1054    128.336     2.6364   2.980952    33.0463    26.3565 0.0000e+00
       1055    128.967     2.6450   2.982005    33.0500    26.3588 0.0000e+00
       1056    129.598     2.6532   2.982845    33.0515    26.3593 0.0000e+00
       1057    130.226     2.6645   2.983969    33.0532    26.3597 0.0000e+00
       1058    130.851     2.6841   2.986093    33.0587    26.3625 0.0000e+00
       1059    131.476     2.7106   2.989111    33.0679    26.3677 0.0000e+00
       1060    132.103     2.7370   2.991906    33.0745    26.3707 0.0000e+00
       1061    132.732     2.7648   2.994554    33.0779    26.3711 0.0000e+00
       1062    133.363     2.8028   2.998575    33.0875    26.3755 0.0000e+00
       1063    133.998     2.8512   3.003906    33.1023    26.3832 0.0000e+00
       1064    134.633     2.8988   3.008846    33.1131    26.3878 0.0000e+00
       1065    135.265     2.9358   3.012522    33.1194    26.3896 0.0000e+00
       1066    135.900     2.9649   3.015319    33.1232    26.3900 0.0000e+00
       1067    136.540     3.0010   3.018958    33.1299    26.3923 0.0000e+00
       1068    137.183     3.0573   3.025089    33.1460    26.4002 0.0000e+00
       1069    137.828     3.1357   3.033543    33.1675    26.4104 0.0000e+00
       1070    138.474     3.2298   3.043430    33.1900    26.4199 0.0000e+00
       1071    139.116     3.3317   3.053999    33.2126    26.4286 0.0000e+00
       1072    139.753     3.4306   3.064126    33.2327    26.4354 0.0000e+00
       1073    140.385     3.5175   3.072642    33.2455    26.4375 0.0000e+00
       1074    141.015     3.5989   3.080581    33.2570    26.4389 0.0000e+00
       1075    141.654     3.6860   3.089980    33.2799    26.4488 0.0000e+00
       1076    142.298     3.7748   3.100199    33.3106    26.4647 0.0000e+00
       1077    142.943     3.8518   3.108696    33.3327    26.4747 0.0000e+00
       1078    143.585     3.9127   3.114856    33.3434    26.4772 0.0000e+00
       1079    144.232     3.9692   3.120811    33.3561    26.4816 0.0000e+00
       1080    144.894     4.0394   3.128702    33.3776    26.4917 0.0000e+00
       1081    145.574     4.1378   3.140045    33.4110    26.5082 0.0000e+00
       1082    146.269     4.2677   3.155569    33.4612    26.5348 0.0000e+00
       1083    146.973     4.4166   3.173044    33.5145    26.5615 0.0000e+00
       1084    147.681     4.5642   3.189772    33.5598    26.5816 0.0000e+00
       1085    148.387     4.6907   3.204251    33.5998    26.5996 0.0000e+00
       1086    149.088     4.7881   3.214948    33.6250    26.6089 0.0000e+00
       1087    149.782     4.8746   3.224933    33.6527    26.6212 0.0000e+00
       1088    150.468     4.9718   3.237282    33.6967    26.6452 0.0000e+00
       1089    151.145     5.0861   3.251094    33.7400    26.6665 0.0000e+00
       1090    151.814     5.2172   3.266352    33.7826    26.6851 0.0000e+00
       1091    152.475     5.3582   3.282603    33.8260    26.7030 0.0000e+00
       1092    153.127     5.5000   3.299060    33.8705    26.7214 0.0000e+00
       1093    153.762     5.6327   3.314266    33.9095    26.7363 0.0000e+00
       1094    154.373     5.7439   3.327029    33.9420    26.7484 0.0000e+00
       1095    154.959     5.8308   3.337270    33.9702    26.7600 0.0000e+00
       1096    155.529     5.8954   3.344529    33.9870    26.7652 0.0000e+00
       1097    156.090     5.9387   3.349453    33.9987    26.7691 0.0000e+00
       1098    156.645     5.9674   3.352575    34.0048    26.7703 0.0000e+00
       1099    157.190     5.9904   3.353406    33.9908    26.7564 0.0000e+00
       1100    157.713     6.0168   3.353934    33.9700    26.7366 0.0000e+00
       1101    158.203     6.0523   3.357618    33.9756    26.7366 0.0000e+00
       1102    158.660     6.0958   3.364412    34.0081    26.7567 0.0000e+00
       1103    159.095     6.1457   3.371867    34.0415    26.7768 0.0000e+00
       1104    159.518     6.1960   3.376898    34.0473    26.7749 0.0000e+00
       1105    159.927     6.2272   3.375463    33.9998    26.7334 0.0000e+00
       1106    160.316     6.2181   3.370120    33.9489    26.6944 0.0000e+00
       1107    160.677     6.1791   3.369862    33.9848    26.7277 0.0000e+00
       1108    161.008     6.1502   3.374711    34.0679    26.7971 0.0000e+00
       1109    161.312     6.1492   3.378967    34.1165    26.8355 0.0000e+00
       1110    161.593     6.1802   3.385422    34.1576    26.8640 0.0000e+00
       1111    161.851     6.2522   3.396110    34.2047    26.8920 0.0000e+00
       1112    162.083     6.3378   3.405584    34.2245    26.8965 0.0000e+00
       1113    162.289     6.3918   3.409283    34.2115    26.8792 0.0000e+00
       1114    162.479     6.4050   3.408652    34.1911    26.8614 0.0000e+00
       1115    162.662     6.4130   3.412970    34.2311    26.8919 0.0000e+00
       1116    162.835     6.4608   3.424541    34.3119    26.9494 0.0000e+00
       1117    162.988     6.5378   3.432788    34.3262    26.9505 0.0000e+00
       1118    163.123     6.5990   3.436558    34.3066    26.9269 0.0000e+00
       1119    163.247     6.6459   3.442903    34.3299    26.9390 0.0000e+00
       1120    163.364     6.6974   3.449544    34.3518    26.9494 0.0000e+00
       1121    163.477     6.7409   3.452806    34.3443    26.9375 0.0000e+00
       1122    163.587     6.7637   3.454019    34.3348    26.9270 0.0000e+00
       1123    163.691     6.7752   3.453278    34.3150    26.9099 0.0000e+00
       1124    163.788     6.7822   3.449835    34.2700    26.8734 0.0000e+00
       1125    163.880     6.7791   3.448532    34.2587    26.8649 0.0000e+00
       1126    163.966     6.7707   3.449834    34.2814    26.8839 0.0000e+00
       1127    164.049     6.7587   3.448396    34.2774    26.8825 0.0000e+00
       1128    164.136     6.7582   3.446982    34.2623    26.8706 0.0000e+00
       1129    164.232     6.7931   3.448646    34.2458    26.8529 0.0000e+00
       1130    164.330     6.8253   3.452155    34.2523    26.8537 0.0000e+00
       1131    164.424     6.8259   3.456209    34.2964    26.8883 0.0000e+00
       1132    164.509     6.8388   3.458522    34.3090    26.8965 0.0000e+00
       1133    164.586     6.8843   3.460898    34.2897    26.8751 0.0000e+00
       1134    164.664     6.9351   3.467103    34.3073    26.8820 0.0000e+00
       1135    164.757     6.9713   3.471361    34.3180    26.8855 0.0000e+00
       1136    164.868     6.9856   3.469856    34.2872    26.8592 0.0000e+00
       1137    164.990     6.9740   3.466932    34.2665    26.8446 0.0000e+00
       1138    165.111     6.9514   3.465152    34.2694    26.8499 0.0000e+00
       1139    165.221     6.9497   3.466827    34.2895    26.8660 0.0000e+00
       1140    165.325     6.9729   3.471712    34.3200    26.8868 0.0000e+00
       1141    165.435     6.9978   3.475174    34.3332    26.8938 0.0000e+00
       1142    165.558     7.0152   3.476464    34.3299    26.8888 0.0000e+00
       1143    165.690     7.0287   3.477091    34.3233    26.8817 0.0000e+00
       1144    165.823     7.0407   3.477627    34.3172    26.8752 0.0000e+00
       1145    165.956     7.0517   3.479546    34.3272    26.8816 0.0000e+00
       1146    166.088     7.0624   3.482191    34.3455    26.8945 0.0000e+00
       1147    166.226     7.0751   3.484337    34.3563    26.9013 0.0000e+00
       1148    166.379     7.0905   3.485879    34.3578    26.9003 0.0000e+00
       1149    166.547     7.1075   3.487340    34.3568    26.8972 0.0000e+00
       1150    166.715     7.1249   3.489328    34.3612    26.8982 0.0000e+00
       1151    166.877     7.1411   3.491479    34.3685    26.9017 0.0000e+00
       1152    167.040     7.1564   3.493466    34.3749    26.9047 0.0000e+00
       1153    167.209     7.1704   3.495283    34.3808    26.9073 0.0000e+00
       1154    167.385     7.1808   3.496480    34.3835    26.9080 0.0000e+00
       1155    167.573     7.1871   3.497000    34.3828    26.9065 0.0000e+00
       1156    167.765     7.1926   3.497590    34.3837    26.9065 0.0000e+00
       1157    167.954     7.2027   3.498951    34.3884    26.9088 0.0000e+00
       1158    168.149     7.2211   3.501365    34.3964    26.9125 0.0000e+00
       1159    168.359     7.2490   3.504863    34.4067    26.9167 0.0000e+00
       1160    168.583     7.2860   3.509111    34.4162    26.9189 0.0000e+00
       1161    168.807     7.3283   3.513800    34.4251    26.9200 0.0000e+00
       1162    169.023     7.3670   3.518326    34.4359    26.9229 0.0000e+00
       1163    169.237     7.3939   3.521503    34.4436    26.9252 0.0000e+00
       1164    169.458     7.4128   3.523901    34.4508    26.9282 0.0000e+00
       1165    169.690     7.4364   3.527341    34.4646    26.9357 0.0000e+00
       1166    169.934     7.4689   3.531396    34.4763    26.9402 0.0000e+00
       1167    170.192     7.5066   3.534946    34.4773    26.9356 0.0000e+00
       1168    170.454     7.5511   3.539349    34.4807    26.9319 0.0000e+00
       1169    170.703     7.6039   3.545223    34.4919    26.9330 0.0000e+00
       1170    170.937     7.6592   3.551700    34.5070    26.9369 0.0000e+00
       1171    171.170     7.7117   3.558486    34.5282    26.9459 0.0000e+00
       1172    171.418     7.7571   3.564592    34.5490    26.9556 0.0000e+00
       1173    171.686     7.7907   3.568748    34.5604    26.9596 0.0000e+00
       1174    171.969     7.8140   3.571042    34.5619    26.9573 0.0000e+00
       1175    172.247     7.8337   3.572858    34.5618    26.9544 0.0000e+00
       1176    172.514     7.8517   3.574969    34.5666    26.9555 0.0000e+00
       1177    172.777     7.8668   3.577188    34.5754    26.9602 0.0000e+00
       1178    173.046     7.8807   3.579431    34.5856    26.9661 0.0000e+00
       1179    173.329     7.8961   3.581486    34.5923    26.9691 0.0000e+00
       1180    173.617     7.9123   3.583164    34.5942    26.9682 0.0000e+00
       1181    173.903     7.9256   3.584371    34.5939    26.9660 0.0000e+00
       1182    174.191     7.9336   3.584998    34.5926    26.9637 0.0000e+00
       1183    174.482     7.9389   3.585461    34.5922    26.9626 0.0000e+00
       1184    174.780     7.9456   3.586472    34.5962    26.9648 0.0000e+00
       1185    175.097     7.9556   3.588126    34.6040    26.9694 0.0000e+00
       1186    175.433     7.9684   3.589862    34.6098    26.9721 0.0000e+00
       1187    175.771     7.9814   3.591165    34.6107    26.9709 0.0000e+00
       1188    176.098     7.9924   3.592038    34.6091    26.9679 0.0000e+00
       1189    176.420     8.0054   3.593520    34.6119    26.9683 0.0000e+00
       1190    176.752     8.0298   3.596837    34.6232    26.9735 0.0000e+00
       1191    177.098     8.0740   3.602403    34.6390    26.9792 0.0000e+00
       1192    177.448     8.1374   3.609843    34.6558    26.9828 0.0000e+00
       1193    177.793     8.2077   3.617453    34.6675    26.9814 0.0000e+00
       1194    178.133     8.2811   3.625240    34.6779    26.9784 0.0000e+00
       1195    178.480     8.3765   3.637297    34.7120    26.9905 0.0000e+00
       1196    178.840     8.4938   3.653481    34.7680    27.0164 0.0000e+00
       1197    179.215     8.5961   3.666550    34.8055    27.0298 0.0000e+00
       1198    179.602     8.6574   3.672988    34.8130    27.0261 0.0000e+00
       1199    179.993     8.6851   3.675328    34.8102    27.0196 0.0000e+00
       1200    180.380     8.6952   3.676070    34.8079    27.0162 0.0000e+00
       1201    180.761     8.6985   3.676184    34.8057    27.0140 0.0000e+00
       1202    181.139     8.7007   3.676719    34.8090    27.0162 0.0000e+00
       1203    181.523     8.7058   3.678264    34.8201    27.0241 0.0000e+00
       1204    181.920     8.7160   3.679995    34.8282    27.0288 0.0000e+00
       1205    182.331     8.7295   3.681549    34.8311    27.0289 0.0000e+00
       1206    182.744     8.7430   3.682861    34.8314    27.0271 0.0000e+00
       1207    183.143     8.7547   3.684012    34.8319    27.0256 0.0000e+00
       1208    183.531     8.7652   3.685446    34.8365    27.0275 0.0000e+00
       1209    183.920     8.7772   3.687322    34.8442    27.0317 0.0000e+00
       1210    184.311     8.7917   3.689412    34.8518    27.0354 0.0000e+00
       1211    184.699     8.8054   3.690863    34.8534    27.0345 0.0000e+00
       1212    185.088     8.8157   3.691778    34.8528    27.0323 0.0000e+00
       1213    185.486     8.8241   3.693089    34.8581    27.0352 0.0000e+00
       1214    185.897     8.8347   3.694857    34.8661    27.0397 0.0000e+00
       1215    186.319     8.8472   3.696517    34.8711    27.0416 0.0000e+00
       1216    186.738     8.8573   3.697672    34.8731    27.0416 0.0000e+00
       1217    187.147     8.8629   3.698495    34.8760    27.0430 0.0000e+00
       1218    187.555     8.8666   3.699272    34.8804    27.0458 0.0000e+00
       1219    187.971     8.8712   3.700084    34.8842    27.0481 0.0000e+00
       1220    188.390     8.8765   3.700859    34.8869    27.0494 0.0000e+00
       1221    188.806     8.8794   3.701341    34.8889    27.0505 0.0000e+00
       1222    189.218     8.8798   3.701484    34.8899    27.0512 0.0000e+00
       1223    189.627     8.8816   3.701740    34.8906    27.0514 0.0000e+00
       1224    190.039     8.8865   3.702663    34.8953    27.0543 0.0000e+00
       1225    190.462     8.8941   3.704210    34.9038    27.0598 0.0000e+00
       1226    190.891     8.9050   3.705831    34.9100    27.0629 0.0000e+00
       1227    191.303     8.9187   3.707357    34.9123    27.0625 0.0000e+00
       1228    191.690     8.9325   3.708980    34.9156    27.0629 0.0000e+00
       1229    192.061     8.9435   3.710630    34.9219    27.0661 0.0000e+00
       1230    192.426     8.9523   3.712241    34.9300    27.0710 0.0000e+00
