Datasets/Test_Dataset_39219_tow/originals/tel219_2021_074.cnv
* Sea-Bird SBE19plus Data File:
* Filename = C:/AQUIRE/tel219_2021_074.hex
* Software Version AquireV2 AF V2.0
* Temperature SN =  4020
* Conductivity SN =  4020
* System UpLoad Time = May 15 2021 21:00:30
** VESSEL/TRIP/SEQ STN: tel219_2021_074
** LATITUDE: 45 11.44 N
** LONGITUDE: 55 46.79 W
** DATE/TIME: 2021-05-15 20:13
** SOUNDING DEPTH (M): 0077
** PROBE TYPE: S4020
** CTD NUMBER: 074
** FORMAT: t
** COMMENTS: 
# nquan = 7                                 
# nvalues = 2837                        
# units = specified
# name 0 = scan: Scan Count
# name 1 = prdM: Pressure, Strain Gauge [db]
# name 2 = tv290C: Temperature [ITS-90, deg C]
# name 3 = c0S/m: Conductivity [S/m]
# name 4 = sal00: Salinity, Practical [PSU]
# name 5 = sigma-t00: Density [sigma-t, kg/m^3 ]
# name 6 = flag: flag
# span 0 =          1,       2837       
# span 1 =     -0.017,     75.545       
# span 2 =     0.8650,     7.0837       
# span 3 =   0.005551,   3.064376       
# span 4 =     0.0398,    32.4044       
# span 5 =    -0.0673,    25.8804       
# span 6 = 0.0000e+00, 0.0000e+00       
# interval = seconds: 1
# start_time = May 15 2021 20:13:19 [Instrument's time stamp, header]
# bad_flag = -9.990e-29
*END*
[from data line 1436]
       1437     71.882     0.8740   2.773067    32.2962    25.8789 0.0000e+00
       1438     71.884     0.8730   2.772967    32.2960    25.8788 0.0000e+00
       1439     71.897     0.8717   2.772840    32.2957    25.8786 0.0000e+00
       1440     71.910     0.8723   2.772925    32.2962    25.8790 0.0000e+00
       1441     71.915     0.8736   2.773072    32.2967    25.8793 0.0000e+00
       1442     71.915     0.8737   2.773037    32.2962    25.8789 0.0000e+00
       1443     71.916     0.8730   2.772952    32.2958    25.8786 0.0000e+00
       1444     71.922     0.8722   2.772908    32.2961    25.8789 0.0000e+00
       1445     71.934     0.8714   2.772859    32.2962    25.8791 0.0000e+00
       1446     71.948     0.8715   2.772884    32.2965    25.8793 0.0000e+00
       1447     71.951     0.8723   2.772963    32.2966    25.8794 0.0000e+00
       1448     71.941     0.8723   2.772945    32.2964    25.8792 0.0000e+00
       1449     71.928     0.8715   2.772850    32.2960    25.8789 0.0000e+00
       1450     71.922     0.8710   2.772811    32.2961    25.8790 0.0000e+00
       1451     71.932     0.8712   2.772861    32.2965    25.8793 0.0000e+00
       1452     71.951     0.8716   2.772901    32.2966    25.8793 0.0000e+00
       1453     71.963     0.8710   2.772851    32.2965    25.8794 0.0000e+00
       1454     71.967     0.8696   2.772728    32.2964    25.8793 0.0000e+00
       1455     71.967     0.8690   2.772682    32.2965    25.8794 0.0000e+00
       1456     71.968     0.8700   2.772792    32.2968    25.8796 0.0000e+00
       1457     71.976     0.8717   2.772915    32.2966    25.8794 0.0000e+00
       1458     71.984     0.8727   2.772963    32.2962    25.8790 0.0000e+00
       1459     71.978     0.8733   2.772997    32.2960    25.8788 0.0000e+00
       1460     71.956     0.8743   2.773083    32.2961    25.8788 0.0000e+00
       1461     71.937     0.8760   2.773218    32.2961    25.8787 0.0000e+00
       1462     71.939     0.8767   2.773257    32.2958    25.8785 0.0000e+00
       1463     71.958     0.8742   2.773038    32.2956    25.8784 0.0000e+00
       1464     71.973     0.8698   2.772693    32.2958    25.8788 0.0000e+00
       1465     71.970     0.8668   2.772509    32.2965    25.8796 0.0000e+00
       1466     71.957     0.8663   2.772512    32.2971    25.8801 0.0000e+00
       1467     71.953     0.8667   2.772553    32.2972    25.8801 0.0000e+00
       1468     71.966     0.8660   2.772500    32.2972    25.8802 0.0000e+00
       1469     71.983     0.8650   2.772410    32.2971    25.8802 0.0000e+00
       1470     71.982     0.8652   2.772447    32.2974    25.8804 0.0000e+00
       1471     71.961     0.8662   2.772534    32.2975    25.8804 0.0000e+00
       1472     71.943     0.8672   2.772582    32.2971    25.8800 0.0000e+00
       1473     71.949     0.8675   2.772595    32.2969    25.8798 0.0000e+00
       1474     71.972     0.8671   2.772576    32.2971    25.8800 0.0000e+00
       1475     71.989     0.8670   2.772578    32.2972    25.8801 0.0000e+00
       1476     71.988     0.8679   2.772623    32.2968    25.8798 0.0000e+00
       1477     71.984     0.8700   2.772765    32.2965    25.8794 0.0000e+00
       1478     71.995     0.8728   2.772995    32.2965    25.8792 0.0000e+00
       1479     72.022     0.8750   2.773150    32.2962    25.8788 0.0000e+00
       1480     72.058     0.8751   2.773152    32.2961    25.8788 0.0000e+00
       1481     72.107     0.8730   2.772974    32.2960    25.8788 0.0000e+00
       1482     72.185     0.8695   2.772666    32.2956    25.8787 0.0000e+00
       1483     72.285     0.8669   2.772499    32.2961    25.8792 0.0000e+00
       1484     72.387     0.8666   2.772546    32.2970    25.8799 0.0000e+00
       1485     72.484     0.8678   2.772642    32.2969    25.8798 0.0000e+00
       1486     72.568     0.8686   2.772690    32.2966    25.8796 0.0000e+00
       1487     72.624     0.8686   2.772699    32.2967    25.8796 0.0000e+00
       1488     72.637     0.8681   2.772670    32.2969    25.8798 0.0000e+00
       1489     72.599     0.8677   2.772615    32.2966    25.8796 0.0000e+00
       1490     72.514     0.8688   2.772703    32.2966    25.8795 0.0000e+00
       1491     72.392     0.8720   2.772967    32.2968    25.8795 0.0000e+00
       1492     72.243     0.8757   2.773224    32.2963    25.8789 0.0000e+00
       1493     72.077     0.8770   2.773305    32.2961    25.8786 0.0000e+00
       1494     71.909     0.8748   2.773111    32.2960    25.8787 0.0000e+00
       1495     71.738     0.8726   2.772903    32.2957    25.8786 0.0000e+00
       1496     71.550     0.8743   2.773073    32.2962    25.8789 0.0000e+00
       1497     71.346     0.8765   2.773286    32.2968    25.8792 0.0000e+00
       1498     71.134     0.8755   2.773116    32.2957    25.8784 0.0000e+00
       1499     70.920     0.8744   2.773003    32.2955    25.8784 0.0000e+00
       1500     70.707     0.8761   2.773132    32.2956    25.8783 0.0000e+00
       1501     70.492     0.8773   2.773173    32.2950    25.8777 0.0000e+00
       1502     70.256     0.8780   2.773226    32.2950    25.8777 0.0000e+00
       1503     69.997     0.8825   2.773587    32.2951    25.8776 0.0000e+00
       1504     69.741     0.8909   2.774232    32.2948    25.8768 0.0000e+00
       1505     69.507     0.9000   2.774865    32.2936    25.8753 0.0000e+00
       1506     69.286     0.9085   2.775418    32.2920    25.8735 0.0000e+00
       1507     69.053     0.9158   2.775924    32.2910    25.8723 0.0000e+00
       1508     68.796     0.9217   2.776337    32.2903    25.8714 0.0000e+00
       1509     68.537     0.9273   2.776759    32.2901    25.8709 0.0000e+00
       1510     68.302     0.9319   2.777090    32.2897    25.8703 0.0000e+00
       1511     68.088     0.9348   2.777223    32.2885    25.8692 0.0000e+00
       1512     67.878     0.9381   2.777445    32.2880    25.8686 0.0000e+00
       1513     67.650     0.9431   2.777855    32.2882    25.8685 0.0000e+00
       1514     67.394     0.9482   2.778194    32.2874    25.8675 0.0000e+00
       1515     67.132     0.9512   2.778354    32.2865    25.8666 0.0000e+00
       1516     66.893     0.9534   2.778473    32.2859    25.8660 0.0000e+00
       1517     66.675     0.9566   2.778701    32.2856    25.8656 0.0000e+00
       1518     66.457     0.9609   2.779022    32.2853    25.8651 0.0000e+00
       1519     66.227     0.9649   2.779296    32.2848    25.8645 0.0000e+00
       1520     65.982     0.9676   2.779456    32.2842    25.8638 0.0000e+00
       1521     65.730     0.9690   2.779537    32.2839    25.8635 0.0000e+00
       1522     65.481     0.9701   2.779579    32.2835    25.8631 0.0000e+00
       1523     65.238     0.9708   2.779593    32.2831    25.8627 0.0000e+00
       1524     64.998     0.9711   2.779591    32.2829    25.8626 0.0000e+00
       1525     64.752     0.9715   2.779589    32.2826    25.8623 0.0000e+00
       1526     64.493     0.9719   2.779607    32.2825    25.8622 0.0000e+00
       1527     64.229     0.9725   2.779629    32.2823    25.8620 0.0000e+00
       1528     63.972     0.9734   2.779689    32.2823    25.8620 0.0000e+00
       1529     63.728     0.9749   2.779791    32.2822    25.8618 0.0000e+00
       1530     63.488     0.9765   2.779876    32.2818    25.8613 0.0000e+00
       1531     63.242     0.9776   2.779944    32.2816    25.8612 0.0000e+00
       1532     62.988     0.9781   2.779964    32.2815    25.8610 0.0000e+00
       1533     62.730     0.9782   2.779945    32.2813    25.8609 0.0000e+00
       1534     62.473     0.9788   2.779971    32.2812    25.8607 0.0000e+00
       1535     62.210     0.9799   2.780050    32.2812    25.8607 0.0000e+00
       1536     61.932     0.9819   2.780202    32.2812    25.8606 0.0000e+00
       1537     61.646     0.9854   2.780467    32.2811    25.8603 0.0000e+00
       1538     61.366     0.9888   2.780707    32.2808    25.8599 0.0000e+00
       1539     61.100     0.9904   2.780768    32.2801    25.8592 0.0000e+00
       1540     60.841     0.9906   2.780735    32.2796    25.8588 0.0000e+00
       1541     60.580     0.9902   2.780690    32.2796    25.8588 0.0000e+00
       1542     60.317     0.9895   2.780640    32.2798    25.8590 0.0000e+00
       1543     60.060     0.9897   2.780649    32.2799    25.8591 0.0000e+00
       1544     59.803     0.9908   2.780705    32.2796    25.8588 0.0000e+00
       1545     59.537     0.9933   2.780877    32.2793    25.8584 0.0000e+00
       1546     59.262     0.9965   2.781143    32.2796    25.8584 0.0000e+00
       1547     58.986     1.0000   2.781392    32.2793    25.8580 0.0000e+00
       1548     58.711     1.0057   2.781789    32.2786    25.8571 0.0000e+00
       1549     58.438     1.0137   2.782363    32.2778    25.8560 0.0000e+00
       1550     58.161     1.0233   2.783031    32.2766    25.8544 0.0000e+00
       1551     57.879     1.0387   2.784163    32.2752    25.8524 0.0000e+00
       1552     57.595     1.0648   2.786230    32.2747    25.8505 0.0000e+00
       1553     57.309     1.0963   2.788621    32.2728    25.8470 0.0000e+00
       1554     57.024     1.1275   2.790830    32.2688    25.8419 0.0000e+00
       1555     56.744     1.1571   2.793045    32.2666    25.8383 0.0000e+00
       1556     56.463     1.1807   2.794584    32.2619    25.8332 0.0000e+00
       1557     56.177     1.1975   2.795651    32.2583    25.8292 0.0000e+00
       1558     55.888     1.2112   2.796760    32.2584    25.8285 0.0000e+00
       1559     55.604     1.2214   2.797423    32.2565    25.8263 0.0000e+00
       1560     55.320     1.2293   2.797931    32.2549    25.8245 0.0000e+00
       1561     55.026     1.2367   2.798492    32.2546    25.8238 0.0000e+00
       1562     54.721     1.2418   2.798779    32.2531    25.8223 0.0000e+00
       1563     54.410     1.2437   2.798814    32.2518    25.8211 0.0000e+00
       1564     54.094     1.2443   2.798778    32.2509    25.8204 0.0000e+00
       1565     53.769     1.2451   2.798800    32.2505    25.8200 0.0000e+00
       1566     53.430     1.2456   2.798825    32.2505    25.8200 0.0000e+00
       1567     53.065     1.2467   2.798802    32.2493    25.8189 0.0000e+00
       1568     52.674     1.2545   2.799385    32.2489    25.8181 0.0000e+00
       1569     52.267     1.2754   2.801154    32.2500    25.8177 0.0000e+00
       1570     51.860     1.3130   2.803979    32.2473    25.8132 0.0000e+00
       1571     51.456     1.3700   2.808398    32.2448    25.8075 0.0000e+00
       1572     51.042     1.4450   2.814158    32.2407    25.7994 0.0000e+00
       1573     50.602     1.5434   2.821650    32.2343    25.7879 0.0000e+00
       1574     50.133     1.6643   2.831479    32.2343    25.7798 0.0000e+00
       1575     49.646     1.7809   2.840239    32.2251    25.7644 0.0000e+00
       1576     49.146     1.8765   2.846815    32.2099    25.7456 0.0000e+00
       1577     48.626     1.9602   2.852966    32.2016    25.7330 0.0000e+00
       1578     48.074     2.0343   2.858401    32.1942    25.7217 0.0000e+00
       1579     47.491     2.0972   2.863087    32.1888    25.7128 0.0000e+00
       1580     46.893     2.1558   2.867284    32.1817    25.7028 0.0000e+00
       1581     46.297     2.2248   2.872464    32.1762    25.6933 0.0000e+00
       1582     45.707     2.3026   2.878681    32.1745    25.6861 0.0000e+00
       1583     45.117     2.3625   2.881972    32.1549    25.6658 0.0000e+00
       1584     44.551     2.3996   2.882714    32.1269    25.6406 0.0000e+00
       1585     44.030     2.4417   2.885565    32.1198    25.6317 0.0000e+00
       1586     43.549     2.4996   2.890606    32.1237    25.6303 0.0000e+00
       1587     43.119     2.5536   2.894810    32.1211    25.6240 0.0000e+00
       1588     42.739     2.5845   2.896914    32.1160    25.6175 0.0000e+00
       1589     42.392     2.5955   2.897494    32.1123    25.6136 0.0000e+00
       1590     42.068     2.5998   2.897652    32.1101    25.6115 0.0000e+00
       1591     41.764     2.6052   2.897977    32.1088    25.6100 0.0000e+00
       1592     41.476     2.6141   2.898668    32.1084    25.6091 0.0000e+00
       1593     41.193     2.6250   2.899589    32.1089    25.6086 0.0000e+00
       1594     40.906     2.6345   2.900329    32.1086    25.6075 0.0000e+00
       1595     40.612     2.6421   2.900794    32.1068    25.6055 0.0000e+00
       1596     40.311     2.6498   2.901294    32.1053    25.6037 0.0000e+00
       1597     40.005     2.6576   2.901940    32.1056    25.6033 0.0000e+00
       1598     39.698     2.6641   2.902442    32.1053    25.6026 0.0000e+00
       1599     39.387     2.6709   2.902935    32.1047    25.6015 0.0000e+00
       1600     39.064     2.6814   2.903774    32.1046    25.6006 0.0000e+00
       1601     38.728     2.6948   2.904869    32.1047    25.5996 0.0000e+00
       1602     38.380     2.7113   2.906139    32.1038    25.5976 0.0000e+00
       1603     38.017     2.7359   2.908059    32.1028    25.5948 0.0000e+00
       1604     37.638     2.7760   2.911316    32.1025    25.5913 0.0000e+00
       1605     37.246     2.8186   2.915353    32.1092    25.5931 0.0000e+00
       1606     36.847     2.8383   2.916637    32.1053    25.5884 0.0000e+00
       1607     36.443     2.8503   2.916503    32.0919    25.5767 0.0000e+00
       1608     36.021     2.8826   2.919531    32.0967    25.5778 0.0000e+00
       1609     35.568     2.9279   2.923455    32.0993    25.5761 0.0000e+00
       1610     35.089     2.9837   2.928125    32.1004    25.5724 0.0000e+00
       1611     34.591     3.0517   2.934869    32.1145    25.5778 0.0000e+00
       1612     34.069     3.1059   2.939830    32.1206    25.5781 0.0000e+00
       1613     33.514     3.1243   2.940423    32.1098    25.5678 0.0000e+00
       1614     32.929     3.1120   2.938378    32.0976    25.5592 0.0000e+00
       1615     32.341     3.0933   2.936642    32.0956    25.5592 0.0000e+00
       1616     31.776     3.1117   2.939375    32.1106    25.5696 0.0000e+00
       1617     31.216     3.1749   2.946389    32.1325    25.5816 0.0000e+00
       1618     30.615     3.2304   2.950439    32.1264    25.5719 0.0000e+00
       1619     29.977     3.2477   2.950256    32.1073    25.5552 0.0000e+00
       1620     29.355     3.2420   2.949257    32.1013    25.5509 0.0000e+00
       1621     28.762     3.2300   2.948329    32.1024    25.5528 0.0000e+00
       1622     28.176     3.2206   2.947795    32.1056    25.5562 0.0000e+00
       1623     27.590     3.2176   2.947582    32.1063    25.5570 0.0000e+00
       1624     26.988     3.2216   2.947773    32.1050    25.5556 0.0000e+00
       1625     26.358     3.2340   2.948731    32.1045    25.5541 0.0000e+00
       1626     25.742     3.2488   2.949700    32.1018    25.5506 0.0000e+00
       1627     25.193     3.2553   2.949566    32.0940    25.5439 0.0000e+00
       1628     24.721     3.2520   2.948517    32.0849    25.5369 0.0000e+00
       1629     24.303     3.2431   2.947234    32.0785    25.5326 0.0000e+00
       1630     23.922     3.2314   2.946208    32.0780    25.5332 0.0000e+00
       1631     23.574     3.2199   2.945626    32.0826    25.5379 0.0000e+00
       1632     23.250     3.2115   2.945303    32.0872    25.5423 0.0000e+00
       1633     22.943     3.2061   2.944955    32.0886    25.5439 0.0000e+00
       1634     22.656     3.2021   2.944337    32.0853    25.5416 0.0000e+00
       1635     22.387     3.2024   2.943922    32.0801    25.5374 0.0000e+00
       1636     22.125     3.2094   2.943956    32.0737    25.5317 0.0000e+00
       1637     21.870     3.2146   2.943625    32.0647    25.5241 0.0000e+00
       1638     21.630     3.2121   2.942868    32.0582    25.5191 0.0000e+00
       1639     21.409     3.2109   2.942946    32.0604    25.5210 0.0000e+00
       1640     21.214     3.2201   2.944734    32.0729    25.5302 0.0000e+00
       1641     21.041     3.2350   2.947137    32.0871    25.5402 0.0000e+00
