Datasets/Test_Dataset_39219_tow/originals/tel219_2021_050.cnv
* Sea-Bird SBE19plus Data File:
* Filename = C:/AQUIRE/tel219_2021_050.hex
* Software Version AquireV2 AF V2.0
* Temperature SN =  4020
* Conductivity SN =  4020
* System UpLoad Time = May 13 2021 07:02:34
** VESSEL/TRIP/SEQ STN: tel219_2021_050
** LATITUDE: 45 02.12 N
** LONGITUDE: 55 29.93 W
** DATE/TIME: 2021-05-13 05:46
** SOUNDING DEPTH (M): 0381
** PROBE TYPE: S4020
** CTD NUMBER:  50
** FORMAT: T
** COMMENTS: 
# nquan = 7                                 
# nvalues = 4100                        
# units = specified
# name 0 = scan: Scan Count
# name 1 = prdM: Pressure, Strain Gauge [db]
# name 2 = tv290C: Temperature [ITS-90, deg C]
# name 3 = c0S/m: Conductivity [S/m]
# name 4 = sal00: Salinity, Practical [PSU]
# name 5 = sigma-t00: Density [sigma-t, kg/m^3 ]
# name 6 = flag: flag
# span 0 =          1,       4100       
# span 1 =     -0.787,    392.343       
# span 2 =     0.7979,     8.4708       
# span 3 =   0.010068,   3.681542       
# span 4 =     0.0774,    35.0928       
# span 5 =     0.0375,    27.3537       
# span 6 = 0.0000e+00, 0.0000e+00       
# interval = seconds: 1
# start_time = May 13 2021 05:46:14 [Instrument's time stamp, header]
# bad_flag = -9.990e-29
*END*
[from data line 1436]
       1437     80.004     1.5991   2.876963    32.8574    26.2839 0.0000e+00
       1438     80.482     1.5964   2.877293    32.8641    26.2895 0.0000e+00
       1439     80.949     1.5930   2.877708    32.8727    26.2965 0.0000e+00
       1440     81.398     1.5903   2.877031    32.8667    26.2919 0.0000e+00
       1441     81.838     1.5892   2.875830    32.8525    26.2806 0.0000e+00
       1442     82.287     1.5895   2.874861    32.8397    26.2703 0.0000e+00
       1443     82.754     1.5889   2.874559    32.8362    26.2676 0.0000e+00
       1444     83.230     1.5852   2.874844    32.8434    26.2736 0.0000e+00
       1445     83.695     1.5784   2.874657    32.8479    26.2777 0.0000e+00
       1446     84.147     1.5708   2.873734    32.8440    26.2750 0.0000e+00
       1447     84.593     1.5638   2.872894    32.8404    26.2727 0.0000e+00
       1448     85.043     1.5566   2.872430    32.8419    26.2743 0.0000e+00
       1449     85.497     1.5482   2.872026    32.8453    26.2776 0.0000e+00
       1450     85.951     1.5391   2.871584    32.8490    26.2812 0.0000e+00
       1451     86.403     1.5307   2.871216    32.8528    26.2849 0.0000e+00
       1452     86.849     1.5229   2.870877    32.8565    26.2883 0.0000e+00
       1453     87.288     1.5150   2.870240    32.8564    26.2888 0.0000e+00
       1454     87.736     1.5065   2.869248    32.8525    26.2863 0.0000e+00
       1455     88.212     1.4972   2.868388    32.8511    26.2858 0.0000e+00
       1456     88.713     1.4872   2.867933    32.8556    26.2900 0.0000e+00
       1457     89.214     1.4773   2.867855    32.8647    26.2980 0.0000e+00
       1458     89.692     1.4682   2.867972    32.8754    26.3072 0.0000e+00
       1459     90.150     1.4604   2.867634    32.8791    26.3107 0.0000e+00
       1460     90.614     1.4536   2.866530    32.8720    26.3054 0.0000e+00
       1461     91.095     1.4480   2.865538    32.8650    26.3002 0.0000e+00
       1462     91.590     1.4443   2.865548    32.8687    26.3034 0.0000e+00
       1463     92.082     1.4432   2.866258    32.8786    26.3114 0.0000e+00
       1464     92.554     1.4441   2.867072    32.8877    26.3187 0.0000e+00
       1465     93.012     1.4415   2.867154    32.8912    26.3217 0.0000e+00
       1466     93.477     1.4250   2.865544    32.8878    26.3201 0.0000e+00
       1467     93.966     1.3883   2.862688    32.8899    26.3241 0.0000e+00
       1468     94.471     1.3377   2.859747    32.9054    26.3399 0.0000e+00
       1469     94.972     1.2851   2.856988    32.9254    26.3594 0.0000e+00
       1470     95.461     1.2327   2.853539    32.9364    26.3716 0.0000e+00
       1471     95.938     1.1799   2.849148    32.9358    26.3745 0.0000e+00
       1472     96.412     1.1328   2.845442    32.9380    26.3792 0.0000e+00
       1473     96.895     1.0927   2.843115    32.9503    26.3916 0.0000e+00
       1474     97.388     1.0560   2.841760    32.9715    26.4109 0.0000e+00
       1475     97.881     1.0282   2.842190    33.0062    26.4405 0.0000e+00
       1476     98.369     1.0118   2.844048    33.0471    26.4744 0.0000e+00
       1477     98.849     1.0108   2.846956    33.0852    26.5051 0.0000e+00
       1478     99.328     1.0334   2.850999    33.1127    26.5258 0.0000e+00
       1479     99.813     1.0591   2.852475    33.1040    26.5173 0.0000e+00
       1480    100.310     1.0526   2.849111    33.0676    26.4884 0.0000e+00
       1481    100.815     1.0230   2.844953    33.0454    26.4724 0.0000e+00
       1482    101.323     1.0032   2.843832    33.0518    26.4787 0.0000e+00
       1483    101.826     0.9945   2.843569    33.0573    26.4837 0.0000e+00
       1484    102.325     0.9834   2.841575    33.0433    26.4731 0.0000e+00
       1485    102.823     0.9721   2.839329    33.0261    26.4600 0.0000e+00
       1486    103.323     0.9663   2.837961    33.0145    26.4510 0.0000e+00
       1487    103.825     0.9668   2.837542    33.0083    26.4460 0.0000e+00
       1488    104.328     0.9733   2.838001    33.0070    26.4445 0.0000e+00
       1489    104.827     0.9888   2.838766    33.0001    26.4380 0.0000e+00
       1490    105.320     1.0150   2.839938    32.9870    26.4260 0.0000e+00
       1491    105.813     1.0472   2.842015    32.9793    26.4177 0.0000e+00
       1492    106.310     1.0769   2.844576    32.9803    26.4168 0.0000e+00
       1493    106.810     1.0985   2.846688    32.9842    26.4185 0.0000e+00
       1494    107.299     1.1124   2.848220    32.9888    26.4214 0.0000e+00
       1495    107.770     1.1221   2.849269    32.9917    26.4231 0.0000e+00
       1496    108.241     1.1357   2.850045    32.9870    26.4184 0.0000e+00
       1497    108.734     1.1582   2.851328    32.9793    26.4108 0.0000e+00
       1498    109.245     1.1795   2.852718    32.9743    26.4054 0.0000e+00
       1499    109.747     1.1891   2.853294    32.9712    26.4023 0.0000e+00
       1500    110.226     1.1957   2.853698    32.9691    26.4002 0.0000e+00
       1501    110.698     1.2178   2.855479    32.9682    26.3981 0.0000e+00
       1502    111.184     1.2586   2.859209    32.9724    26.3989 0.0000e+00
       1503    111.682     1.3018   2.863119    32.9763    26.3992 0.0000e+00
       1504    112.176     1.3354   2.865760    32.9742    26.3953 0.0000e+00
       1505    112.658     1.3640   2.868226    32.9752    26.3942 0.0000e+00
       1506    113.136     1.3924   2.871282    32.9838    26.3992 0.0000e+00
       1507    113.618     1.4173   2.874079    32.9928    26.4048 0.0000e+00
       1508    114.103     1.4369   2.876189    32.9986    26.4082 0.0000e+00
       1509    114.589     1.4529   2.877794    33.0018    26.4097 0.0000e+00
       1510    115.079     1.4666   2.879131    33.0041    26.4106 0.0000e+00
       1511    115.569     1.4798   2.880501    33.0072    26.4122 0.0000e+00
       1512    116.058     1.4930   2.881966    33.0116    26.4148 0.0000e+00
       1513    116.547     1.5031   2.883332    33.0180    26.4193 0.0000e+00
       1514    117.042     1.5084   2.884174    33.0228    26.4228 0.0000e+00
       1515    117.542     1.5129   2.884721    33.0247    26.4240 0.0000e+00
       1516    118.041     1.5200   2.885668    33.0289    26.4269 0.0000e+00
       1517    118.539     1.5289   2.886769    33.0332    26.4297 0.0000e+00
       1518    119.034     1.5374   2.887365    33.0315    26.4278 0.0000e+00
       1519    119.521     1.5492   2.887787    33.0242    26.4211 0.0000e+00
       1520    119.998     1.5720   2.889357    33.0198    26.4160 0.0000e+00
       1521    120.478     1.6061   2.892465    33.0229    26.4161 0.0000e+00
       1522    120.971     1.6400   2.895433    33.0245    26.4150 0.0000e+00
       1523    121.469     1.6632   2.896873    33.0180    26.4082 0.0000e+00
       1524    121.956     1.6787   2.897365    33.0077    26.3989 0.0000e+00
       1525    122.432     1.7073   2.899003    32.9980    26.3891 0.0000e+00
       1526    122.911     1.7689   2.904488    33.0022    26.3881 0.0000e+00
       1527    123.401     1.8504   2.911787    33.0082    26.3871 0.0000e+00
       1528    123.897     1.9224   2.916210    32.9881    26.3657 0.0000e+00
       1529    124.391     1.9842   2.919297    32.9620    26.3402 0.0000e+00
       1530    124.881     2.0627   2.926243    32.9667    26.3381 0.0000e+00
       1531    125.374     2.1661   2.937193    32.9950    26.3530 0.0000e+00
       1532    125.868     2.2651   2.946973    33.0132    26.3599 0.0000e+00
       1533    126.355     2.3368   2.953273    33.0165    26.3569 0.0000e+00
       1534    126.834     2.3886   2.959109    33.0347    26.3673 0.0000e+00
       1535    127.314     2.4330   2.965955    33.0728    26.3943 0.0000e+00
       1536    127.805     2.4735   2.971347    33.0970    26.4104 0.0000e+00
       1537    128.299     2.5095   2.974946    33.1037    26.4129 0.0000e+00
       1538    128.783     2.5398   2.978436    33.1150    26.4194 0.0000e+00
       1539    129.256     2.5613   2.981006    33.1241    26.4249 0.0000e+00
       1540    129.724     2.5747   2.981753    33.1191    26.4198 0.0000e+00
       1541    130.196     2.5872   2.982736    33.1180    26.4179 0.0000e+00
       1542    130.676     2.5980   2.984387    33.1268    26.4240 0.0000e+00
       1543    131.161     2.5992   2.982860    33.1066    26.4078 0.0000e+00
       1544    131.640     2.5964   2.980217    33.0768    26.3842 0.0000e+00
       1545    132.115     2.6035   2.982704    33.0997    26.4019 0.0000e+00
       1546    132.603     2.6217   2.988280    33.1490    26.4398 0.0000e+00
       1547    133.113     2.6444   2.992445    33.1763    26.4597 0.0000e+00
       1548    133.637     2.6666   2.994726    33.1809    26.4616 0.0000e+00
       1549    134.162     2.6806   2.994587    33.1645    26.4473 0.0000e+00
       1550    134.680     2.6833   2.992205    33.1322    26.4213 0.0000e+00
       1551    135.182     2.6883   2.992615    33.1318    26.4206 0.0000e+00
       1552    135.678     2.7054   2.997991    33.1797    26.4573 0.0000e+00
       1553    136.184     2.7283   3.003923    33.2283    26.4942 0.0000e+00
       1554    136.701     2.7458   3.007408    33.2525    26.5121 0.0000e+00
       1555    137.221     2.7515   3.006926    33.2404    26.5020 0.0000e+00
       1556    137.733     2.7492   3.002491    33.1883    26.4605 0.0000e+00
       1557    138.230     2.7482   2.998229    33.1370    26.4196 0.0000e+00
       1558    138.724     2.7555   2.999230    33.1414    26.4225 0.0000e+00
       1559    139.236     2.7737   3.005239    33.1957    26.4644 0.0000e+00
       1560    139.774     2.7965   3.010690    33.2384    26.4966 0.0000e+00
       1561    140.320     2.8155   3.013063    33.2474    26.5021 0.0000e+00
       1562    140.850     2.8320   3.014325    33.2454    26.4992 0.0000e+00
       1563    141.364     2.8506   3.016452    33.2519    26.5027 0.0000e+00
       1564    141.876     2.8700   3.019472    33.2683    26.5142 0.0000e+00
       1565    142.396     2.8859   3.021992    33.2823    26.5239 0.0000e+00
       1566    142.926     2.8966   3.023764    33.2925    26.5312 0.0000e+00
       1567    143.460     2.9040   3.025305    33.3034    26.5392 0.0000e+00
       1568    143.993     2.9093   3.026936    33.3174    26.5500 0.0000e+00
       1569    144.522     2.9132   3.028363    33.3305    26.5600 0.0000e+00
       1570    145.049     2.9171   3.029158    33.3358    26.5640 0.0000e+00
       1571    145.573     2.9187   3.028932    33.3311    26.5601 0.0000e+00
       1572    146.090     2.9158   3.027483    33.3162    26.5484 0.0000e+00
       1573    146.599     2.9165   3.026997    33.3093    26.5429 0.0000e+00
       1574    147.112     2.9283   3.029290    33.3247    26.5541 0.0000e+00
       1575    147.645     2.9459   3.032604    33.3465    26.5700 0.0000e+00
       1576    148.198     2.9606   3.034353    33.3523    26.5733 0.0000e+00
       1577    148.753     2.9698   3.033951    33.3376    26.5608 0.0000e+00
       1578    149.288     2.9791   3.033806    33.3259    26.5506 0.0000e+00
       1579    149.800     2.9951   3.035850    33.3339    26.5556 0.0000e+00
       1580    150.303     3.0176   3.038295    33.3401    26.5585 0.0000e+00
       1581    150.815     3.0433   3.040907    33.3449    26.5601 0.0000e+00
       1582    151.348     3.0671   3.044085    33.3586    26.5689 0.0000e+00
       1583    151.895     3.0804   3.044279    33.3469    26.5584 0.0000e+00
       1584    152.434     3.0804   3.040912    33.3058    26.5256 0.0000e+00
       1585    152.950     3.0795   3.039937    33.2946    26.5168 0.0000e+00
       1586    153.455     3.0938   3.044488    33.3348    26.5475 0.0000e+00
       1587    153.979     3.1193   3.050480    33.3807    26.5819 0.0000e+00
       1588    154.537     3.1414   3.053987    33.4000    26.5953 0.0000e+00
       1589    155.112     3.1535   3.054560    33.3941    26.5895 0.0000e+00
       1590    155.680     3.1584   3.053374    33.3744    26.5734 0.0000e+00
       1591    156.226     3.1666   3.052986    33.3610    26.5619 0.0000e+00
       1592    156.747     3.1866   3.054772    33.3616    26.5606 0.0000e+00
       1593    157.262     3.2167   3.058561    33.3761    26.5694 0.0000e+00
       1594    157.792     3.2516   3.063643    33.4012    26.5862 0.0000e+00
       1595    158.342     3.2811   3.066780    33.4083    26.5892 0.0000e+00
       1596    158.894     3.2964   3.066242    33.3857    26.5698 0.0000e+00
       1597    159.427     3.3076   3.066047    33.3715    26.5575 0.0000e+00
       1598    159.945     3.3285   3.069766    33.3945    26.5739 0.0000e+00
       1599    160.472     3.3543   3.074819    33.4285    26.5986 0.0000e+00
       1600    161.017     3.3761   3.077687    33.4402    26.6059 0.0000e+00
       1601    161.572     3.3940   3.079008    33.4374    26.6019 0.0000e+00
       1602    162.122     3.4096   3.080534    33.4393    26.6021 0.0000e+00
       1603    162.668     3.4209   3.082569    33.4519    26.6110 0.0000e+00
       1604    163.217     3.4265   3.084365    33.4674    26.6228 0.0000e+00
       1605    163.776     3.4290   3.085146    33.4739    26.6278 0.0000e+00
       1606    164.342     3.4316   3.085233    33.4719    26.6260 0.0000e+00
       1607    164.902     3.4356   3.085665    33.4727    26.6262 0.0000e+00
       1608    165.454     3.4417   3.086865    33.4805    26.6319 0.0000e+00
       1609    166.008     3.4513   3.088224    33.4866    26.6359 0.0000e+00
       1610    166.572     3.4658   3.089366    33.4851    26.6333 0.0000e+00
       1611    167.138     3.4884   3.091024    33.4814    26.6282 0.0000e+00
       1612    167.700     3.5261   3.094231    33.4807    26.6241 0.0000e+00
       1613    168.262     3.5800   3.098756    33.4792    26.6177 0.0000e+00
       1614    168.817     3.6468   3.103439    33.4662    26.6009 0.0000e+00
       1615    169.358     3.7387   3.110004    33.4499    26.5791 0.0000e+00
       1616    169.901     3.8614   3.121994    33.4666    26.5803 0.0000e+00
       1617    170.463     3.9895   3.137606    33.5203    26.6102 0.0000e+00
       1618    171.042     4.0861   3.149383    33.5605    26.6323 0.0000e+00
       1619    171.617     4.1376   3.153307    33.5539    26.6218 0.0000e+00
       1620    172.171     4.1638   3.154973    33.5465    26.6132 0.0000e+00
       1621    172.710     4.1845   3.159451    33.5778    26.6360 0.0000e+00
       1622    173.251     4.1967   3.163601    33.6139    26.6635 0.0000e+00
       1623    173.808     4.2006   3.164977    33.6259    26.6725 0.0000e+00
       1624    174.385     4.2085   3.165386    33.6223    26.6689 0.0000e+00
       1625    174.970     4.2238   3.166294    33.6170    26.6631 0.0000e+00
       1626    175.552     4.2458   3.168509    33.6203    26.6634 0.0000e+00
       1627    176.125     4.2778   3.172537    33.6347    26.6715 0.0000e+00
       1628    176.683     4.3194   3.177177    33.6464    26.6765 0.0000e+00
       1629    177.234     4.3634   3.181387    33.6506    26.6752 0.0000e+00
       1630    177.793     4.4070   3.185644    33.6558    26.6746 0.0000e+00
       1631    178.363     4.4534   3.190175    33.6612    26.6740 0.0000e+00
       1632    178.936     4.4986   3.194084    33.6606    26.6687 0.0000e+00
       1633    179.504     4.5346   3.196994    33.6576    26.6625 0.0000e+00
       1634    180.058     4.5609   3.199408    33.6587    26.6605 0.0000e+00
       1635    180.600     4.5825   3.202193    33.6690    26.6663 0.0000e+00
       1636    181.142     4.6019   3.205839    33.6914    26.6820 0.0000e+00
       1637    181.693     4.6194   3.209140    33.7118    26.6963 0.0000e+00
       1638    182.254     4.6353   3.211284    33.7203    26.7013 0.0000e+00
       1639    182.814     4.6504   3.212751    33.7217    26.7008 0.0000e+00
       1640    183.367     4.6643   3.214169    33.7238    26.7009 0.0000e+00
       1641    183.917     4.6761   3.216315    33.7365    26.7097 0.0000e+00
