Datasets/Test_Dataset_39219_tow/originals/tel219_2021_009.cnv
* Sea-Bird SBE19plus Data File:
* Filename = C:/AQUIRE/tel219_2021_009.hex
* Software Version AquireV2 AF V2.0
* Temperature SN =  4020
* Conductivity SN =  4020
* System UpLoad Time = May 06 2021 17:32:14
** VESSEL/TRIP/SEQ STN: tel219_2021_009
** LATITUDE: 45 56.69 N
** LONGITUDE: 55 57.60 W
** DATE/TIME: 2021-05-06 16:54
** SOUNDING DEPTH (M): 0068
** PROBE TYPE: S4020
** CTD NUMBER: 009
** FORMAT: t
** COMMENTS: 
# nquan = 7                                 
# nvalues = 2262                        
# units = specified
# name 0 = scan: Scan Count
# name 1 = prdM: Pressure, Strain Gauge [db]
# name 2 = tv290C: Temperature [ITS-90, deg C]
# name 3 = c0S/m: Conductivity [S/m]
# name 4 = sal00: Salinity, Practical [PSU]
# name 5 = sigma-t00: Density [sigma-t, kg/m^3 ]
# name 6 = flag: flag
# span 0 =          1,       2262       
# span 1 =     -0.111,     61.906       
# span 2 =     1.4090,     4.3653       
# span 3 =   0.008327,   2.991401       
# span 4 =     0.0630,    32.2317       
# span 5 =     0.0246,    25.7923       
# span 6 = 0.0000e+00, 0.0000e+00       
# interval = seconds: 1
# start_time = May 06 2021 16:54:58 [Instrument's time stamp, header]
# bad_flag = -9.990e-29
*END*
[from data line 1436]
       1437     61.618     1.4710   2.812630    32.1888    25.7561 0.0000e+00
       1438     61.595     1.4710   2.812634    32.1889    25.7562 0.0000e+00
       1439     61.578     1.4710   2.812629    32.1888    25.7561 0.0000e+00
       1440     61.578     1.4710   2.812623    32.1888    25.7561 0.0000e+00
       1441     61.587     1.4712   2.812636    32.1887    25.7560 0.0000e+00
       1442     61.593     1.4714   2.812661    32.1888    25.7561 0.0000e+00
       1443     61.592     1.4718   2.812679    32.1886    25.7559 0.0000e+00
       1444     61.586     1.4720   2.812693    32.1886    25.7559 0.0000e+00
       1445     61.579     1.4719   2.812697    32.1888    25.7560 0.0000e+00
       1446     61.575     1.4717   2.812689    32.1889    25.7561 0.0000e+00
       1447     61.574     1.4714   2.812672    32.1890    25.7562 0.0000e+00
       1448     61.571     1.4710   2.812647    32.1891    25.7563 0.0000e+00
       1449     61.564     1.4709   2.812640    32.1891    25.7563 0.0000e+00
       1450     61.557     1.4710   2.812651    32.1891    25.7564 0.0000e+00
       1451     61.557     1.4712   2.812659    32.1890    25.7563 0.0000e+00
       1452     61.567     1.4714   2.812667    32.1889    25.7562 0.0000e+00
       1453     61.581     1.4717   2.812687    32.1888    25.7561 0.0000e+00
       1454     61.587     1.4719   2.812709    32.1889    25.7561 0.0000e+00
       1455     61.584     1.4720   2.812721    32.1890    25.7562 0.0000e+00
       1456     61.577     1.4722   2.812730    32.1889    25.7561 0.0000e+00
       1457     61.564     1.4724   2.812739    32.1888    25.7560 0.0000e+00
       1458     61.543     1.4728   2.812748    32.1885    25.7558 0.0000e+00
       1459     61.522     1.4731   2.812758    32.1883    25.7556 0.0000e+00
       1460     61.504     1.4733   2.812778    32.1884    25.7556 0.0000e+00
       1461     61.489     1.4736   2.812804    32.1884    25.7556 0.0000e+00
       1462     61.479     1.4738   2.812817    32.1884    25.7556 0.0000e+00
       1463     61.481     1.4739   2.812822    32.1883    25.7556 0.0000e+00
       1464     61.494     1.4741   2.812828    32.1882    25.7554 0.0000e+00
       1465     61.507     1.4741   2.812834    32.1883    25.7555 0.0000e+00
       1466     61.517     1.4739   2.812828    32.1884    25.7556 0.0000e+00
       1467     61.516     1.4737   2.812812    32.1884    25.7556 0.0000e+00
       1468     61.500     1.4734   2.812801    32.1886    25.7558 0.0000e+00
       1469     61.481     1.4733   2.812794    32.1886    25.7558 0.0000e+00
       1470     61.465     1.4733   2.812788    32.1885    25.7558 0.0000e+00
       1471     61.447     1.4733   2.812785    32.1885    25.7557 0.0000e+00
       1472     61.430     1.4732   2.812785    32.1886    25.7558 0.0000e+00
       1473     61.418     1.4731   2.812784    32.1887    25.7559 0.0000e+00
       1474     61.414     1.4731   2.812782    32.1887    25.7559 0.0000e+00
       1475     61.417     1.4732   2.812781    32.1886    25.7558 0.0000e+00
       1476     61.418     1.4733   2.812786    32.1885    25.7558 0.0000e+00
       1477     61.413     1.4735   2.812792    32.1884    25.7556 0.0000e+00
       1478     61.405     1.4739   2.812804    32.1882    25.7554 0.0000e+00
       1479     61.394     1.4742   2.812828    32.1882    25.7554 0.0000e+00
       1480     61.387     1.4743   2.812842    32.1882    25.7555 0.0000e+00
       1481     61.391     1.4746   2.812849    32.1880    25.7553 0.0000e+00
       1482     61.399     1.4750   2.812879    32.1880    25.7552 0.0000e+00
       1483     61.407     1.4752   2.812910    32.1882    25.7553 0.0000e+00
       1484     61.413     1.4750   2.812900    32.1882    25.7554 0.0000e+00
       1485     61.413     1.4744   2.812862    32.1884    25.7556 0.0000e+00
       1486     61.403     1.4740   2.812835    32.1884    25.7556 0.0000e+00
       1487     61.382     1.4740   2.812838    32.1885    25.7557 0.0000e+00
       1488     61.360     1.4743   2.812863    32.1885    25.7557 0.0000e+00
       1489     61.343     1.4749   2.812895    32.1883    25.7555 0.0000e+00
       1490     61.327     1.4753   2.812919    32.1882    25.7554 0.0000e+00
       1491     61.313     1.4754   2.812919    32.1881    25.7553 0.0000e+00
       1492     61.308     1.4751   2.812900    32.1882    25.7554 0.0000e+00
       1493     61.316     1.4748   2.812881    32.1883    25.7554 0.0000e+00
       1494     61.332     1.4748   2.812878    32.1882    25.7554 0.0000e+00
       1495     61.340     1.4750   2.812893    32.1882    25.7554 0.0000e+00
       1496     61.335     1.4752   2.812907    32.1882    25.7553 0.0000e+00
       1497     61.328     1.4754   2.812910    32.1880    25.7552 0.0000e+00
       1498     61.329     1.4754   2.812914    32.1880    25.7552 0.0000e+00
       1499     61.337     1.4754   2.812925    32.1882    25.7553 0.0000e+00
       1500     61.352     1.4752   2.812922    32.1883    25.7555 0.0000e+00
       1501     61.370     1.4751   2.812907    32.1882    25.7554 0.0000e+00
       1502     61.387     1.4751   2.812906    32.1882    25.7554 0.0000e+00
       1503     61.402     1.4754   2.812925    32.1881    25.7553 0.0000e+00
       1504     61.412     1.4758   2.812952    32.1881    25.7552 0.0000e+00
       1505     61.416     1.4761   2.812972    32.1880    25.7552 0.0000e+00
       1506     61.416     1.4763   2.812987    32.1880    25.7551 0.0000e+00
       1507     61.413     1.4764   2.812988    32.1879    25.7551 0.0000e+00
       1508     61.404     1.4762   2.812977    32.1880    25.7551 0.0000e+00
       1509     61.396     1.4759   2.812958    32.1881    25.7552 0.0000e+00
       1510     61.394     1.4759   2.812952    32.1880    25.7551 0.0000e+00
       1511     61.396     1.4762   2.812968    32.1879    25.7550 0.0000e+00
       1512     61.393     1.4763   2.812982    32.1879    25.7551 0.0000e+00
       1513     61.377     1.4762   2.812979    32.1880    25.7552 0.0000e+00
       1514     61.359     1.4761   2.812976    32.1881    25.7552 0.0000e+00
       1515     61.358     1.4762   2.812976    32.1880    25.7551 0.0000e+00
       1516     61.377     1.4765   2.812981    32.1877    25.7549 0.0000e+00
       1517     61.404     1.4768   2.813002    32.1877    25.7548 0.0000e+00
       1518     61.426     1.4772   2.813035    32.1877    25.7548 0.0000e+00
       1519     61.438     1.4775   2.813064    32.1877    25.7548 0.0000e+00
       1520     61.443     1.4775   2.813081    32.1879    25.7550 0.0000e+00
       1521     61.445     1.4773   2.813075    32.1881    25.7551 0.0000e+00
       1522     61.450     1.4771   2.813050    32.1880    25.7550 0.0000e+00
       1523     61.456     1.4771   2.813031    32.1877    25.7548 0.0000e+00
       1524     61.461     1.4775   2.813044    32.1875    25.7546 0.0000e+00
       1525     61.460     1.4778   2.813074    32.1875    25.7547 0.0000e+00
       1526     61.450     1.4779   2.813088    32.1876    25.7547 0.0000e+00
       1527     61.432     1.4779   2.813094    32.1877    25.7548 0.0000e+00
       1528     61.416     1.4781   2.813106    32.1877    25.7547 0.0000e+00
       1529     61.410     1.4785   2.813127    32.1875    25.7546 0.0000e+00
       1530     61.414     1.4789   2.813148    32.1874    25.7545 0.0000e+00
       1531     61.421     1.4792   2.813161    32.1872    25.7543 0.0000e+00
       1532     61.428     1.4793   2.813174    32.1873    25.7544 0.0000e+00
       1533     61.439     1.4791   2.813176    32.1875    25.7545 0.0000e+00
       1534     61.456     1.4789   2.813161    32.1875    25.7546 0.0000e+00
       1535     61.471     1.4787   2.813145    32.1875    25.7546 0.0000e+00
       1536     61.471     1.4787   2.813141    32.1874    25.7545 0.0000e+00
       1537     61.455     1.4787   2.813148    32.1875    25.7546 0.0000e+00
       1538     61.433     1.4788   2.813163    32.1876    25.7547 0.0000e+00
       1539     61.417     1.4791   2.813176    32.1875    25.7546 0.0000e+00
       1540     61.409     1.4793   2.813188    32.1875    25.7545 0.0000e+00
       1541     61.403     1.4794   2.813194    32.1874    25.7545 0.0000e+00
       1542     61.393     1.4794   2.813189    32.1874    25.7544 0.0000e+00
       1543     61.386     1.4794   2.813189    32.1874    25.7544 0.0000e+00
       1544     61.387     1.4795   2.813200    32.1874    25.7545 0.0000e+00
       1545     61.392     1.4796   2.813211    32.1874    25.7545 0.0000e+00
       1546     61.393     1.4798   2.813215    32.1873    25.7543 0.0000e+00
       1547     61.389     1.4798   2.813217    32.1873    25.7544 0.0000e+00
       1548     61.393     1.4797   2.813215    32.1874    25.7544 0.0000e+00
       1549     61.409     1.4796   2.813210    32.1874    25.7545 0.0000e+00
       1550     61.423     1.4794   2.813206    32.1876    25.7546 0.0000e+00
       1551     61.425     1.4796   2.813210    32.1874    25.7545 0.0000e+00
       1552     61.417     1.4800   2.813231    32.1873    25.7543 0.0000e+00
       1553     61.404     1.4804   2.813261    32.1873    25.7543 0.0000e+00
       1554     61.394     1.4806   2.813278    32.1873    25.7543 0.0000e+00
       1555     61.395     1.4806   2.813275    32.1872    25.7542 0.0000e+00
       1556     61.406     1.4804   2.813265    32.1873    25.7543 0.0000e+00
       1557     61.420     1.4804   2.813256    32.1872    25.7542 0.0000e+00
       1558     61.429     1.4805   2.813257    32.1871    25.7541 0.0000e+00
       1559     61.431     1.4808   2.813276    32.1870    25.7541 0.0000e+00
       1560     61.432     1.4811   2.813298    32.1870    25.7540 0.0000e+00
       1561     61.437     1.4810   2.813305    32.1872    25.7542 0.0000e+00
       1562     61.442     1.4808   2.813294    32.1872    25.7542 0.0000e+00
       1563     61.443     1.4808   2.813290    32.1872    25.7542 0.0000e+00
       1564     61.441     1.4811   2.813306    32.1871    25.7541 0.0000e+00
       1565     61.440     1.4815   2.813328    32.1870    25.7540 0.0000e+00
       1566     61.441     1.4819   2.813353    32.1869    25.7538 0.0000e+00
       1567     61.443     1.4822   2.813381    32.1869    25.7539 0.0000e+00
       1568     61.446     1.4823   2.813395    32.1870    25.7539 0.0000e+00
       1569     61.451     1.4821   2.813381    32.1870    25.7540 0.0000e+00
       1570     61.454     1.4817   2.813358    32.1871    25.7541 0.0000e+00
       1571     61.452     1.4814   2.813338    32.1872    25.7541 0.0000e+00
       1572     61.448     1.4813   2.813325    32.1871    25.7541 0.0000e+00
       1573     61.443     1.4812   2.813321    32.1872    25.7541 0.0000e+00
       1574     61.440     1.4812   2.813320    32.1872    25.7541 0.0000e+00
       1575     61.438     1.4812   2.813320    32.1872    25.7541 0.0000e+00
       1576     61.439     1.4813   2.813327    32.1871    25.7541 0.0000e+00
       1577     61.442     1.4814   2.813338    32.1872    25.7541 0.0000e+00
       1578     61.444     1.4817   2.813351    32.1870    25.7540 0.0000e+00
       1579     61.444     1.4819   2.813361    32.1870    25.7539 0.0000e+00
       1580     61.442     1.4821   2.813369    32.1869    25.7538 0.0000e+00
       1581     61.443     1.4824   2.813387    32.1868    25.7537 0.0000e+00
       1582     61.447     1.4830   2.813427    32.1867    25.7536 0.0000e+00
       1583     61.445     1.4836   2.813473    32.1866    25.7536 0.0000e+00
       1584     61.433     1.4839   2.813500    32.1867    25.7536 0.0000e+00
       1585     61.417     1.4838   2.813497    32.1867    25.7536 0.0000e+00
       1586     61.399     1.4834   2.813469    32.1868    25.7537 0.0000e+00
       1587     61.387     1.4831   2.813438    32.1867    25.7537 0.0000e+00
       1588     61.385     1.4829   2.813421    32.1867    25.7537 0.0000e+00
       1589     61.388     1.4830   2.813417    32.1866    25.7535 0.0000e+00
       1590     61.387     1.4834   2.813431    32.1863    25.7533 0.0000e+00
       1591     61.376     1.4838   2.813468    32.1864    25.7534 0.0000e+00
       1592     61.354     1.4840   2.813491    32.1865    25.7534 0.0000e+00
       1593     61.332     1.4840   2.813492    32.1865    25.7534 0.0000e+00
       1594     61.319     1.4838   2.813489    32.1867    25.7536 0.0000e+00
       1595     61.321     1.4838   2.813487    32.1867    25.7536 0.0000e+00
       1596     61.334     1.4836   2.813478    32.1867    25.7537 0.0000e+00
       1597     61.347     1.4835   2.813466    32.1867    25.7536 0.0000e+00
       1598     61.356     1.4836   2.813466    32.1866    25.7535 0.0000e+00
       1599     61.354     1.4840   2.813485    32.1864    25.7534 0.0000e+00
       1600     61.333     1.4845   2.813519    32.1863    25.7533 0.0000e+00
       1601     61.301     1.4850   2.813552    32.1863    25.7532 0.0000e+00
       1602     61.280     1.4852   2.813565    32.1862    25.7531 0.0000e+00
       1603     61.273     1.4853   2.813565    32.1861    25.7531 0.0000e+00
       1604     61.271     1.4854   2.813576    32.1862    25.7531 0.0000e+00
       1605     61.266     1.4857   2.813603    32.1862    25.7531 0.0000e+00
       1606     61.256     1.4861   2.813632    32.1862    25.7530 0.0000e+00
       1607     61.247     1.4864   2.813652    32.1861    25.7530 0.0000e+00
       1608     61.240     1.4865   2.813658    32.1861    25.7529 0.0000e+00
       1609     61.235     1.4865   2.813651    32.1860    25.7529 0.0000e+00
       1610     61.234     1.4864   2.813640    32.1860    25.7528 0.0000e+00
       1611     61.232     1.4863   2.813634    32.1860    25.7529 0.0000e+00
       1612     61.222     1.4861   2.813631    32.1862    25.7530 0.0000e+00
       1613     61.203     1.4857   2.813615    32.1864    25.7532 0.0000e+00
       1614     61.183     1.4854   2.813598    32.1865    25.7533 0.0000e+00
       1615     61.173     1.4853   2.813584    32.1864    25.7533 0.0000e+00
       1616     61.179     1.4853   2.813576    32.1863    25.7532 0.0000e+00
       1617     61.189     1.4852   2.813579    32.1865    25.7533 0.0000e+00
       1618     61.190     1.4852   2.813585    32.1865    25.7534 0.0000e+00
       1619     61.181     1.4852   2.813580    32.1865    25.7533 0.0000e+00
       1620     61.172     1.4853   2.813575    32.1863    25.7532 0.0000e+00
       1621     61.167     1.4854   2.813578    32.1863    25.7531 0.0000e+00
       1622     61.156     1.4857   2.813596    32.1862    25.7531 0.0000e+00
       1623     61.141     1.4862   2.813633    32.1861    25.7530 0.0000e+00
       1624     61.132     1.4868   2.813673    32.1860    25.7529 0.0000e+00
       1625     61.135     1.4873   2.813700    32.1859    25.7527 0.0000e+00
       1626     61.142     1.4874   2.813709    32.1859    25.7527 0.0000e+00
       1627     61.139     1.4874   2.813711    32.1859    25.7527 0.0000e+00
       1628     61.126     1.4876   2.813720    32.1858    25.7526 0.0000e+00
       1629     61.113     1.4878   2.813733    32.1858    25.7526 0.0000e+00
       1630     61.102     1.4878   2.813739    32.1859    25.7527 0.0000e+00
       1631     61.090     1.4877   2.813735    32.1859    25.7527 0.0000e+00
       1632     61.084     1.4875   2.813729    32.1861    25.7528 0.0000e+00
       1633     61.093     1.4874   2.813732    32.1862    25.7530 0.0000e+00
       1634     61.118     1.4874   2.813734    32.1862    25.7530 0.0000e+00
       1635     61.159     1.4874   2.813725    32.1861    25.7529 0.0000e+00
       1636     61.209     1.4874   2.813714    32.1859    25.7527 0.0000e+00
       1637     61.247     1.4874   2.813716    32.1859    25.7527 0.0000e+00
       1638     61.267     1.4876   2.813737    32.1859    25.7528 0.0000e+00
       1639     61.274     1.4880   2.813756    32.1858    25.7526 0.0000e+00
       1640     61.268     1.4882   2.813758    32.1856    25.7524 0.0000e+00
       1641     61.240     1.4882   2.813752    32.1855    25.7524 0.0000e+00
