Datasets/Test_Dataset_39219_tow/originals/tel219_2021_062.cnv
* Sea-Bird SBE19plus Data File:
* Filename = C:/AQUIRE/tel219_2021_062.hex
* Software Version AquireV2 AF V2.0
* Temperature SN =  4020
* Conductivity SN =  4020
* System UpLoad Time = May 14 2021 17:28:46
** VESSEL/TRIP/SEQ STN: tel219_2021_062
** LATITUDE: 45 33.11 N
** LONGITUDE: 55 00.23 W
** DATE/TIME: 2021-05-14 16:47
** SOUNDING DEPTH (M): 0103
** PROBE TYPE: S4020
** CTD NUMBER: 062
** FORMAT: T
** COMMENTS: 
# nquan = 7                                 
# nvalues = 2568                        
# units = specified
# name 0 = scan: Scan Count
# name 1 = prdM: Pressure, Strain Gauge [db]
# name 2 = tv290C: Temperature [ITS-90, deg C]
# name 3 = c0S/m: Conductivity [S/m]
# name 4 = sal00: Salinity, Practical [PSU]
# name 5 = sigma-t00: Density [sigma-t, kg/m^3 ]
# name 6 = flag: flag
# span 0 =          1,       2568       
# span 1 =     -0.045,     99.929       
# span 2 =     0.3624,     6.7258       
# span 3 =   0.007869,   3.102760       
# span 4 =     0.0564,    33.0284       
# span 5 =    -0.0383,    26.4641       
# span 6 = 0.0000e+00, 0.0000e+00       
# interval = seconds: 1
# start_time = May 14 2021 16:47:05 [Instrument's time stamp, header]
# bad_flag = -9.990e-29
*END*
[from data line 2462]
       2463      0.094     3.8346   0.024177     0.1922     0.1300 0.0000e+00
       2464      0.095     3.8416   0.024682     0.1963     0.1334 0.0000e+00
       2465      0.094     3.8452   0.025207     0.2007     0.1368 0.0000e+00
       2466      0.091     3.8465   0.025635     0.2042     0.1397 0.0000e+00
       2467      0.088     3.8472   0.025960     0.2069     0.1419 0.0000e+00
       2468      0.087     3.8483   0.026286     0.2095     0.1440 0.0000e+00
       2469      0.090     3.8511   0.026708     0.2130     0.1468 0.0000e+00
       2470      0.093     3.8559   0.027193     0.2170     0.1501 0.0000e+00
       2471      0.092     3.8602   0.027612     0.2204     0.1528 0.0000e+00
       2472      0.090     3.8623   0.027905     0.2229     0.1548 0.0000e+00
       2473      0.091     3.8636   0.028153     0.2249     0.1564 0.0000e+00
       2474      0.091     3.8653   0.028422     0.2271     0.1582 0.0000e+00
       2475      0.089     3.8674   0.028712     0.2295     0.1602 0.0000e+00
       2476      0.085     3.8708   0.029044     0.2323     0.1624 0.0000e+00
       2477      0.081     3.8773   0.029456     0.2356     0.1651 0.0000e+00
       2478      0.079     3.8865   0.029911     0.2393     0.1681 0.0000e+00
       2479      0.078     3.8975   0.030371     0.2431     0.1711 0.0000e+00
       2480      0.076     3.9097   0.030906     0.2474     0.1746 0.0000e+00
       2481      0.074     3.9179   0.031537     0.2526     0.1788 0.0000e+00
       2482      0.072     3.9178   0.032065     0.2570     0.1823 0.0000e+00
       2483      0.072     3.9133   0.032231     0.2584     0.1835 0.0000e+00
       2484      0.075     3.9109   0.032094     0.2573     0.1826 0.0000e+00
       2485      0.078     3.9135   0.031973     0.2563     0.1818 0.0000e+00
       2486      0.079     3.9179   0.032037     0.2568     0.1822 0.0000e+00
       2487      0.076     3.9198   0.032320     0.2591     0.1840 0.0000e+00
       2488      0.072     3.9183   0.032712     0.2624     0.1867 0.0000e+00
       2489      0.070     3.9156   0.032892     0.2639     0.1879 0.0000e+00
       2490      0.069     3.9137   0.032697     0.2623     0.1866 0.0000e+00
       2491      0.070     3.9135   0.032277     0.2588     0.1838 0.0000e+00
       2492      0.072     3.9154   0.031902     0.2557     0.1813 0.0000e+00
       2493      0.073     3.9202   0.031862     0.2553     0.1810 0.0000e+00
       2494      0.072     3.9272   0.032181     0.2579     0.1831 0.0000e+00
       2495      0.070     3.9331   0.032429     0.2599     0.1847 0.0000e+00
       2496      0.068     3.9372   0.032244     0.2584     0.1834 0.0000e+00
       2497      0.065     3.9429   0.031778     0.2544     0.1803 0.0000e+00
       2498      0.065     3.9505   0.031440     0.2516     0.1780 0.0000e+00
       2499      0.068     3.9560   0.031436     0.2515     0.1779 0.0000e+00
       2500      0.070     3.9577   0.031565     0.2526     0.1787 0.0000e+00
       2501      0.069     3.9566   0.031444     0.2516     0.1779 0.0000e+00
       2502      0.066     3.9537   0.030990     0.2478     0.1749 0.0000e+00
       2503      0.064     3.9496   0.030518     0.2439     0.1718 0.0000e+00
       2504      0.065     3.9454   0.030363     0.2427     0.1708 0.0000e+00
       2505      0.066     3.9420   0.030490     0.2438     0.1717 0.0000e+00
       2506      0.065     3.9398   0.030588     0.2446     0.1723 0.0000e+00
       2507      0.065     3.9390   0.030478     0.2437     0.1716 0.0000e+00
       2508      0.063     3.9399   0.030237     0.2417     0.1700 0.0000e+00
       2509      0.059     3.9425   0.030027     0.2399     0.1686 0.0000e+00
       2510      0.057     3.9463   0.029927     0.2391     0.1679 0.0000e+00
       2511      0.059     3.9493   0.029867     0.2385     0.1674 0.0000e+00
       2512      0.060     3.9495   0.029750     0.2376     0.1667 0.0000e+00
       2513      0.060     3.9480   0.029598     0.2363     0.1657 0.0000e+00
       2514      0.061     3.9463   0.029460     0.2352     0.1647 0.0000e+00
       2515      0.064     3.9452   0.029321     0.2340     0.1638 0.0000e+00
       2516      0.064     3.9445   0.029134     0.2325     0.1626 0.0000e+00
       2517      0.061     3.9457   0.028919     0.2307     0.1611 0.0000e+00
       2518      0.059     3.9511   0.028780     0.2295     0.1602 0.0000e+00
       2519      0.059     3.9610   0.028814     0.2297     0.1604 0.0000e+00
       2520      0.058     3.9718   0.028971     0.2310     0.1613 0.0000e+00
       2521      0.055     3.9809   0.029054     0.2316     0.1618 0.0000e+00
       2522      0.051     3.9895   0.028931     0.2305     0.1610 0.0000e+00
       2523      0.052     3.9983   0.028629     0.2280     0.1589 0.0000e+00
       2524      0.056     4.0039   0.028252     0.2248     0.1563 0.0000e+00
       2525      0.060     4.0042   0.027971     0.2225     0.1545 0.0000e+00
       2526      0.061     4.0014   0.027941     0.2223     0.1543 0.0000e+00
       2527      0.061     3.9980   0.028120     0.2238     0.1555 0.0000e+00
       2528      0.059     3.9948   0.028357     0.2257     0.1571 0.0000e+00
       2529      0.056     3.9927   0.029252     0.2331     0.1631 0.0000e+00
       2530      0.051     3.9938   0.031282     0.2499     0.1766 0.0000e+00
       2531      0.048     3.9976   0.033725     0.2702     0.1929 0.0000e+00
       2532      0.048     4.0003   0.037337     0.3003     0.2172 0.0000e+00
       2533      0.048     4.0004   0.041928     0.3388     0.2481 0.0000e+00
       2534      0.048     4.0002   0.044260     0.3584     0.2639 0.0000e+00
       2535      0.047     4.0016   0.043572     0.3526     0.2593 0.0000e+00
       2536      0.045     4.0061   0.041476     0.3349     0.2450 0.0000e+00
       2537      0.044     4.0149   0.039152     0.3154     0.2293 0.0000e+00
       2538      0.042     4.0246   0.037175     0.2987     0.2159 0.0000e+00
       2539      0.041     4.0296   0.035501     0.2847     0.2046 0.0000e+00
       2540      0.040     4.0297   0.034172     0.2737     0.1957 0.0000e+00
       2541      0.037     4.0306   0.033348     0.2668     0.1901 0.0000e+00
       2542      0.036     4.0343   0.032647     0.2610     0.1854 0.0000e+00
       2543      0.036     4.0364   0.031547     0.2518     0.1781 0.0000e+00
       2544      0.036     4.0344   0.030362     0.2420     0.1702 0.0000e+00
       2545      0.036     4.0309   0.029465     0.2346     0.1642 0.0000e+00
       2546      0.037     4.0276   0.028775     0.2290     0.1597 0.0000e+00
       2547      0.039     4.0260   0.028189     0.2241     0.1558 0.0000e+00
       2548      0.039     4.0286   0.027633     0.2195     0.1521 0.0000e+00
       2549      0.040     4.0357   0.027116     0.2152     0.1486 0.0000e+00
       2550      0.041     4.0421   0.026689     0.2117     0.1457 0.0000e+00
       2551      0.039     4.0440   0.026341     0.2088     0.1434 0.0000e+00
       2552      0.038     4.0458   0.026037     0.2063     0.1414 0.0000e+00
       2553      0.042     4.0538   0.025771     0.2041     0.1396 0.0000e+00
       2554      0.043     4.0655   0.025521     0.2019     0.1378 0.0000e+00
       2555      0.038     4.0737   0.025268     0.1998     0.1361 0.0000e+00
       2556      0.036     4.0755   0.025056     0.1981     0.1347 0.0000e+00
       2557      0.039     4.0737   0.024921     0.1970     0.1338 0.0000e+00
       2558      0.041     4.0741   0.024771     0.1957     0.1328 0.0000e+00
       2559      0.042     4.0796   0.024517     0.1936     0.1311 0.0000e+00
       2560      0.041     4.0846   0.024225     0.1912     0.1291 0.0000e+00
       2561      0.040     4.0850   0.023949     0.1890     0.1273 0.0000e+00
       2562      0.037     4.0834   0.023667     0.1867     0.1255 0.0000e+00
       2563      0.035     4.0833   0.023365     0.1842     0.1235 0.0000e+00
       2564      0.032     4.0854   0.023060     0.1817     0.1215 0.0000e+00
       2565      0.027     4.0879   0.022797     0.1795     0.1197 0.0000e+00
       2566      0.026     4.0879   0.022594     0.1779     0.1184 0.0000e+00
       2567      0.030     4.0861   0.022432     0.1766     0.1173 0.0000e+00
       2568      0.032 -9.990e-29   0.022319 -9.990e-29 -9.990e-29 0.0000e+00
