Datasets/Test_Dataset_39219_tow/originals/tel219_2021_021.cnv
* Sea-Bird SBE19plus Data File:
* Filename = C:/AQUIRE/tel219_2021_021.hex
* Software Version AquireV2 AF V2.0
* Temperature SN =  4020
* Conductivity SN =  4020
* System UpLoad Time = May 08 2021 02:47:42
** VESSEL/TRIP/SEQ STN: tel219_2021_021
** LATITUDE: 46 51.96 N
** LONGITUDE: 57 11.07 W
** DATE/TIME: 2021-05-08 02:03
** SOUNDING DEPTH (M): 0207
** PROBE TYPE: S4020
** CTD NUMBER:  21
** FORMAT: T
** COMMENTS: 
# nquan = 7                                 
# nvalues = 2668                        
# units = specified
# name 0 = scan: Scan Count
# name 1 = prdM: Pressure, Strain Gauge [db]
# name 2 = tv290C: Temperature [ITS-90, deg C]
# name 3 = c0S/m: Conductivity [S/m]
# name 4 = sal00: Salinity, Practical [PSU]
# name 5 = sigma-t00: Density [sigma-t, kg/m^3 ]
# name 6 = flag: flag
# span 0 =          1,       2668       
# span 1 =     -0.836,    208.633       
# span 2 =     2.0563,     8.7221       
# span 3 =   0.005646,   3.700341       
# span 4 =     0.0425,    35.0343       
# span 5 =     0.0090,    27.1924       
# span 6 = 0.0000e+00, 0.0000e+00       
# interval = seconds: 1
# start_time = May 08 2021 02:03:55 [Instrument's time stamp, header]
# bad_flag = -9.990e-29
*END*
[from data line 411]
        412      1.868     3.4890   2.942697    31.7934    25.2837 0.0000e+00
        413      1.787     3.4901   2.942757    31.7931    25.2833 0.0000e+00
        414      1.747     3.4911   2.942804    31.7927    25.2829 0.0000e+00
        415      1.742     3.4916   2.942825    31.7925    25.2827 0.0000e+00
        416      1.704     3.4916   2.942790    31.7921    25.2824 0.0000e+00
        417      1.599     3.4913   2.942714    31.7915    25.2819 0.0000e+00
        418      1.458     3.4908   2.942662    31.7915    25.2819 0.0000e+00
        419      1.360     3.4903   2.942645    31.7918    25.2823 0.0000e+00
        420      1.348     3.4902   2.942645    31.7919    25.2824 0.0000e+00
        421      1.372     3.4905   2.942661    31.7918    25.2822 0.0000e+00
        422      1.400     3.4909   2.942694    31.7918    25.2822 0.0000e+00
        423      1.449     3.4911   2.942723    31.7919    25.2823 0.0000e+00
        424      1.542     3.4910   2.942719    31.7919    25.2823 0.0000e+00
        425      1.674     3.4908   2.942692    31.7917    25.2821 0.0000e+00
        426      1.791     3.4905   2.942683    31.7918    25.2823 0.0000e+00
        427      1.837     3.4901   2.942698    31.7924    25.2827 0.0000e+00
        428      1.819     3.4900   2.942697    31.7925    25.2828 0.0000e+00
        429      1.778     3.4900   2.942688    31.7924    25.2828 0.0000e+00
        430      1.714     3.4897   2.942699    31.7928    25.2832 0.0000e+00
        431      1.616     3.4890   2.942703    31.7936    25.2838 0.0000e+00
        432      1.495     3.4885   2.942681    31.7939    25.2841 0.0000e+00
        433      1.372     3.4889   2.942655    31.7933    25.2836 0.0000e+00
        434      1.262     3.4903   2.942632    31.7917    25.2822 0.0000e+00
        435      1.193     3.4913   2.942609    31.7905    25.2811 0.0000e+00
        436      1.190     3.4907   2.942592    31.7909    25.2815 0.0000e+00
        437      1.206     3.4901   2.942575    31.7912    25.2818 0.0000e+00
        438      1.168     3.4910   2.942567    31.7903    25.2810 0.0000e+00
        439      1.056     3.4919   2.942581    31.7896    25.2804 0.0000e+00
        440      0.890     3.4916   2.942581    31.7900    25.2807 0.0000e+00
        441      0.721     3.4914   2.942569    31.7901    25.2808 0.0000e+00
        442      0.608     3.4920   2.942599    31.7900    25.2807 0.0000e+00
        443      0.542     3.4928   2.942660    31.7900    25.2806 0.0000e+00
        444      0.455     3.4935   2.942667    31.7894    25.2801 0.0000e+00
        445      0.361     3.4941   2.942641    31.7885    25.2793 0.0000e+00
        446      0.351     3.4943   2.942638    31.7883    25.2791 0.0000e+00
        447      0.439     3.4943   2.942624    31.7881    25.2790 0.0000e+00
        448      0.541     3.4943   2.942589    31.7876    25.2786 0.0000e+00
        449      0.561     3.4941   2.942561    31.7875    25.2785 0.0000e+00
        450      0.470     3.4938   2.942534    31.7875    25.2785 0.0000e+00
        451      0.338     3.4939   2.942508    31.7872    25.2782 0.0000e+00
        452      0.246     3.4942   2.942513    31.7870    25.2781 0.0000e+00
        453      0.206     3.4943   2.942542    31.7872    25.2783 0.0000e+00
        454      0.193     3.4945   2.942575    31.7875    25.2784 0.0000e+00
        455      0.187     3.4947   2.942604    31.7876    25.2785 0.0000e+00
        456      0.189     3.4943   2.942614    31.7881    25.2790 0.0000e+00
        457      0.193     3.4931   2.942623    31.7894    25.2801 0.0000e+00
        458      0.192     3.4923   2.942631    31.7903    25.2809 0.0000e+00
        459      0.201     3.4931   2.942633    31.7895    25.2802 0.0000e+00
        460      0.216     3.4943   2.942665    31.7887    25.2794 0.0000e+00
        461      0.240     3.4948   2.942678    31.7884    25.2791 0.0000e+00
        462      0.287     3.4950   2.942638    31.7877    25.2785 0.0000e+00
        463      0.310     3.4951   2.942605    31.7872    25.2781 0.0000e+00
        464      0.269     3.4951   2.942602    31.7871    25.2781 0.0000e+00
        465      0.204     3.4952   2.942605    31.7871    25.2781 0.0000e+00
        466      0.166     3.4953   2.942600    31.7870    25.2780 0.0000e+00
        467      0.169     3.4951   2.942600    31.7872    25.2781 0.0000e+00
        468      0.210     3.4952   2.942598    31.7870    25.2780 0.0000e+00
        469      0.282     3.4954   2.942592    31.7867    25.2778 0.0000e+00
        470      0.372     3.4958   2.942642    31.7869    25.2779 0.0000e+00
        471      0.445     3.4964   2.942705    31.7870    25.2779 0.0000e+00
        472      0.481     3.4969   2.942710    31.7866    25.2775 0.0000e+00
        473      0.489     3.4973   2.942699    31.7860    25.2770 0.0000e+00
        474      0.467     3.4968   2.942711    31.7867    25.2776 0.0000e+00
        475      0.424     3.4955   2.942746    31.7884    25.2791 0.0000e+00
        476      0.404     3.4950   2.942772    31.7892    25.2798 0.0000e+00
        477      0.437     3.4956   2.942769    31.7886    25.2792 0.0000e+00
        478      0.532     3.4966   2.942778    31.7876    25.2784 0.0000e+00
        479      0.681     3.4972   2.942814    31.7874    25.2781 0.0000e+00
        480      0.847     3.4977   2.942870    31.7875    25.2782 0.0000e+00
        481      1.019     3.4983   2.942941    31.7877    25.2783 0.0000e+00
        482      1.241     3.4984   2.942964    31.7877    25.2783 0.0000e+00
        483      1.525     3.4981   2.942911    31.7872    25.2779 0.0000e+00
        484      1.856     3.4966   2.942849    31.7878    25.2785 0.0000e+00
        485      2.223     3.4913   2.942643    31.7904    25.2810 0.0000e+00
        486      2.550     3.4829   2.942225    31.7934    25.2842 0.0000e+00
        487      2.779     3.4772   2.941969    31.7958    25.2866 0.0000e+00
        488      3.015     3.4787   2.942154    31.7965    25.2870 0.0000e+00
        489      3.335     3.4832   2.942473    31.7957    25.2860 0.0000e+00
        490      3.659     3.4856   2.942542    31.7940    25.2844 0.0000e+00
        491      3.891     3.4861   2.942554    31.7935    25.2840 0.0000e+00
        492      3.965     3.4797   2.942206    31.7956    25.2862 0.0000e+00
        493      3.872     3.4634   2.941337    31.8013    25.2922 0.0000e+00
        494      3.709     3.4430   2.940306    31.8090    25.3002 0.0000e+00
        495      3.602     3.4268   2.939338    31.8134    25.3052 0.0000e+00
        496      3.579     3.4228   2.939252    31.8163    25.3078 0.0000e+00
        497      3.578     3.4227   2.939375    31.8179    25.3091 0.0000e+00
        498      3.582     3.4139   2.938697    31.8184    25.3103 0.0000e+00
        499      3.670     3.4139   2.938684    31.8182    25.3101 0.0000e+00
        500      3.871     3.4399   2.940356    31.8126    25.3033 0.0000e+00
        501      4.091     3.4703   2.941993    31.8022    25.2923 0.0000e+00
        502      4.217     3.4789   2.942220    31.7964    25.2870 0.0000e+00
        503      4.232     3.4695   2.941760    31.8001    25.2908 0.0000e+00
        504      4.214     3.4585   2.941186    31.8041    25.2949 0.0000e+00
        505      4.217     3.4584   2.941162    31.8039    25.2947 0.0000e+00
        506      4.223     3.4687   2.941854    31.8020    25.2924 0.0000e+00
        507      4.197     3.4773   2.942278    31.7987    25.2889 0.0000e+00
        508      4.157     3.4781   2.942286    31.7980    25.2883 0.0000e+00
        509      4.130     3.4736   2.942089    31.8001    25.2904 0.0000e+00
        510      4.108     3.4701   2.941878    31.8010    25.2914 0.0000e+00
        511      4.105     3.4690   2.941836    31.8016    25.2920 0.0000e+00
        512      4.156     3.4646   2.941585    31.8029    25.2934 0.0000e+00
        513      4.282     3.4557   2.941064    31.8053    25.2961 0.0000e+00
        514      4.499     3.4487   2.940668    31.8074    25.2984 0.0000e+00
        515      4.807     3.4543   2.941042    31.8062    25.2969 0.0000e+00
        516      5.158     3.4712   2.942101    31.8021    25.2921 0.0000e+00
        517      5.486     3.4863   2.942868    31.7962    25.2862 0.0000e+00
        518      5.772     3.4914   2.943048    31.7933    25.2833 0.0000e+00
        519      6.060     3.4777   2.942216    31.7966    25.2872 0.0000e+00
        520      6.354     3.4434   2.940120    31.8050    25.2970 0.0000e+00
        521      6.630     3.4162   2.938740    31.8151    25.3074 0.0000e+00
        522      6.894     3.4165   2.939100    31.8190    25.3105 0.0000e+00
        523      7.151     3.4316   2.940003    31.8148    25.3058 0.0000e+00
        524      7.384     3.4424   2.940631    31.8116    25.3023 0.0000e+00
        525      7.578     3.4377   2.940292    31.8121    25.3031 0.0000e+00
        526      7.775     3.4243   2.939481    31.8154    25.3070 0.0000e+00
        527      8.021     3.4222   2.939447    31.8169    25.3084 0.0000e+00
        528      8.293     3.4337   2.940155    31.8140    25.3050 0.0000e+00
        529      8.549     3.4403   2.940613    31.8128    25.3035 0.0000e+00
        530      8.802     3.4321   2.940128    31.8150    25.3059 0.0000e+00
        531      9.101     3.4155   2.939044    31.8181    25.3099 0.0000e+00
        532      9.450     3.4039   2.938454    31.8223    25.3143 0.0000e+00
        533      9.789     3.4046   2.938770    31.8252    25.3165 0.0000e+00
        534     10.065     3.4071   2.939002    31.8254    25.3164 0.0000e+00
        535     10.301     3.3998   2.938517    31.8266    25.3181 0.0000e+00
        536     10.550     3.3856   2.937776    31.8316    25.3233 0.0000e+00
        537     10.845     3.3733   2.937312    31.8380    25.3295 0.0000e+00
        538     11.186     3.3653   2.937057    31.8426    25.3339 0.0000e+00
        539     11.557     3.3605   2.936912    31.8454    25.3365 0.0000e+00
        540     11.946     3.3621   2.936957    31.8442    25.3354 0.0000e+00
        541     12.344     3.3750   2.937528    31.8381    25.3294 0.0000e+00
        542     12.719     3.3937   2.938588    31.8322    25.3231 0.0000e+00
        543     13.037     3.3981   2.938807    31.8303    25.3212 0.0000e+00
        544     13.314     3.3828   2.937895    31.8343    25.3257 0.0000e+00
        545     13.588     3.3666   2.937249    31.8424    25.3336 0.0000e+00
        546     13.884     3.3616   2.937250    31.8471    25.3378 0.0000e+00
        547     14.213     3.3640   2.937410    31.8465    25.3371 0.0000e+00
        548     14.572     3.3699   2.937743    31.8445    25.3350 0.0000e+00
        549     14.943     3.3716   2.937968    31.8454    25.3355 0.0000e+00
        550     15.306     3.3582   2.937468    31.8524    25.3423 0.0000e+00
        551     15.665     3.3368   2.936673    31.8637    25.3532 0.0000e+00
        552     16.027     3.3244   2.936332    31.8716    25.3606 0.0000e+00
        553     16.388     3.3218   2.936332    31.8740    25.3627 0.0000e+00
        554     16.751     3.3221   2.936383    31.8741    25.3628 0.0000e+00
        555     17.117     3.3222   2.936405    31.8741    25.3628 0.0000e+00
        556     17.486     3.3201   2.936329    31.8751    25.3637 0.0000e+00
        557     17.863     3.3147   2.936107    31.8775    25.3662 0.0000e+00
        558     18.245     3.3057   2.935704    31.8814    25.3700 0.0000e+00
        559     18.619     3.2934   2.935102    31.8861    25.3748 0.0000e+00
        560     18.980     3.2797   2.934412    31.8911    25.3800 0.0000e+00
        561     19.336     3.2672   2.933772    31.8956    25.3847 0.0000e+00
        562     19.692     3.2573   2.933284    31.8993    25.3885 0.0000e+00
        563     20.052     3.2508   2.932996    31.9021    25.3913 0.0000e+00
        564     20.419     3.2458   2.932781    31.9042    25.3935 0.0000e+00
        565     20.794     3.2405   2.932497    31.9059    25.3952 0.0000e+00
        566     21.169     3.2344   2.932176    31.9078    25.3973 0.0000e+00
        567     21.536     3.2277   2.931844    31.9103    25.3998 0.0000e+00
        568     21.898     3.2199   2.931428    31.9128    25.4025 0.0000e+00
        569     22.262     3.2113   2.930974    31.9156    25.4055 0.0000e+00
        570     22.625     3.2028   2.930539    31.9186    25.4086 0.0000e+00
        571     22.983     3.1951   2.930153    31.9214    25.4115 0.0000e+00
        572     23.350     3.1887   2.929825    31.9236    25.4138 0.0000e+00
        573     23.737     3.1828   2.929513    31.9254    25.4158 0.0000e+00
        574     24.141     3.1771   2.929191    31.9270    25.4175 0.0000e+00
        575     24.555     3.1710   2.928817    31.9283    25.4191 0.0000e+00
        576     24.964     3.1628   2.928271    31.9296    25.4209 0.0000e+00
        577     25.361     3.1515   2.927475    31.9310    25.4230 0.0000e+00
        578     25.751     3.1375   2.926480    31.9327    25.4255 0.0000e+00
        579     26.137     3.1235   2.925485    31.9343    25.4280 0.0000e+00
        580     26.518     3.1121   2.924735    31.9364    25.4306 0.0000e+00
        581     26.900     3.1031   2.924155    31.9381    25.4328 0.0000e+00
        582     27.284     3.0940   2.923532    31.9394    25.4346 0.0000e+00
        583     27.672     3.0836   2.922784    31.9405    25.4363 0.0000e+00
        584     28.068     3.0730   2.921979    31.9410    25.4377 0.0000e+00
        585     28.471     3.0640   2.921348    31.9421    25.4393 0.0000e+00
        586     28.878     3.0575   2.920930    31.9433    25.4408 0.0000e+00
        587     29.284     3.0530   2.920684    31.9446    25.4422 0.0000e+00
        588     29.681     3.0501   2.920548    31.9456    25.4433 0.0000e+00
        589     30.065     3.0469   2.920333    31.9460    25.4438 0.0000e+00
        590     30.445     3.0427   2.920016    31.9461    25.4443 0.0000e+00
        591     30.826     3.0382   2.919720    31.9468    25.4452 0.0000e+00
        592     31.209     3.0351   2.919552    31.9477    25.4462 0.0000e+00
        593     31.597     3.0339   2.919525    31.9483    25.4468 0.0000e+00
        594     31.993     3.0336   2.919544    31.9486    25.4471 0.0000e+00
        595     32.400     3.0335   2.919546    31.9486    25.4470 0.0000e+00
        596     32.805     3.0331   2.919528    31.9485    25.4470 0.0000e+00
        597     33.202     3.0322   2.919470    31.9485    25.4471 0.0000e+00
        598     33.600     3.0310   2.919376    31.9483    25.4471 0.0000e+00
        599     34.004     3.0297   2.919291    31.9484    25.4472 0.0000e+00
        600     34.419     3.0286   2.919235    31.9486    25.4475 0.0000e+00
        601     34.843     3.0268   2.919123    31.9488    25.4478 0.0000e+00
        602     35.264     3.0235   2.918882    31.9489    25.4482 0.0000e+00
        603     35.681     3.0196   2.918627    31.9495    25.4490 0.0000e+00
        604     36.097     3.0164   2.918426    31.9500    25.4496 0.0000e+00
        605     36.509     3.0133   2.918189    31.9500    25.4499 0.0000e+00
        606     36.916     3.0102   2.917965    31.9502    25.4503 0.0000e+00
        607     37.324     3.0075   2.917798    31.9506    25.4509 0.0000e+00
        608     37.737     3.0046   2.917618    31.9511    25.4515 0.0000e+00
        609     38.150     3.0013   2.917413    31.9517    25.4522 0.0000e+00
        610     38.561     2.9978   2.917176    31.9521    25.4528 0.0000e+00
        611     38.969     2.9945   2.916932    31.9522    25.4532 0.0000e+00
        612     39.372     2.9921   2.916792    31.9527    25.4538 0.0000e+00
        613     39.779     2.9907   2.916737    31.9532    25.4543 0.0000e+00
        614     40.196     2.9886   2.916598    31.9534    25.4546 0.0000e+00
        615     40.623     2.9838   2.916244    31.9536    25.4552 0.0000e+00
