Datasets/Test_Dataset_39219_tow/originals/tel219_2021_007.cnv
* Sea-Bird SBE19plus Data File:
* Filename = C:/AQUIRE/tel219_2021_007.hex
* Software Version AquireV2 AF V2.0
* Temperature SN =  4020
* Conductivity SN =  4020
* System UpLoad Time = May 06 2021 14:06:57
** VESSEL/TRIP/SEQ STN: tel219_2021_007
** LATITUDE: 45 52.93 N
** LONGITUDE: 55 57.97 W
** DATE/TIME: 2021-05-06 13:23
** SOUNDING DEPTH (M): 0054
** PROBE TYPE: S4020
** CTD NUMBER:   7
** FORMAT: T
** COMMENTS: 
# nquan = 7                                 
# nvalues = 2673                        
# units = specified
# name 0 = scan: Scan Count
# name 1 = prdM: Pressure, Strain Gauge [db]
# name 2 = tv290C: Temperature [ITS-90, deg C]
# name 3 = c0S/m: Conductivity [S/m]
# name 4 = sal00: Salinity, Practical [PSU]
# name 5 = sigma-t00: Density [sigma-t, kg/m^3 ]
# name 6 = flag: flag
# span 0 =          1,       2673       
# span 1 =     -0.136,     51.488       
# span 2 =     2.1197,     5.0223       
# span 3 =   0.001887,   3.011515       
# span 4 =     0.0141,    32.1573       
# span 5 =    -0.0210,    25.6742       
# span 6 = 0.0000e+00, 0.0000e+00       
# interval = seconds: 1
# start_time = May 06 2021 13:23:37 [Instrument's time stamp, header]
# bad_flag = -9.990e-29
*END*
          1     -0.083     4.9977   0.002123     0.0158    -0.0205 0.0000e+00
          2     -0.082     4.9977   0.002123     0.0158    -0.0205 0.0000e+00
          3     -0.083     4.9976   0.002122     0.0158    -0.0205 0.0000e+00
          4     -0.081     4.9977   0.002123     0.0158    -0.0205 0.0000e+00
          5     -0.077     4.9979   0.002124     0.0159    -0.0205 0.0000e+00
          6     -0.076     4.9983   0.002124     0.0159    -0.0205 0.0000e+00
          7     -0.077     4.9989   0.002124     0.0159    -0.0205 0.0000e+00
          8     -0.078     4.9996   0.002123     0.0158    -0.0205 0.0000e+00
          9     -0.076     5.0005   0.002122     0.0158    -0.0205 0.0000e+00
         10     -0.074     5.0010   0.002121     0.0158    -0.0205 0.0000e+00
         11     -0.073     5.0011   0.002120     0.0158    -0.0205 0.0000e+00
         12     -0.072     5.0010   0.002117     0.0158    -0.0206 0.0000e+00
         13     -0.071     5.0012   0.002116     0.0158    -0.0206 0.0000e+00
         14     -0.069     5.0015   0.002114     0.0158    -0.0206 0.0000e+00
         15     -0.070     5.0021   0.002114     0.0158    -0.0206 0.0000e+00
         16     -0.074     5.0030   0.002115     0.0158    -0.0206 0.0000e+00
         17     -0.077     5.0046   0.002120     0.0158    -0.0206 0.0000e+00
         18     -0.078     5.0066   0.002128     0.0159    -0.0206 0.0000e+00
         19     -0.080     5.0079   0.002129     0.0159    -0.0206 0.0000e+00
         20     -0.084     5.0084   0.002124     0.0159    -0.0206 0.0000e+00
         21     -0.086     5.0092   0.002123     0.0158    -0.0207 0.0000e+00
         22     -0.086     5.0106   0.002126     0.0159    -0.0207 0.0000e+00
         23     -0.084     5.0122   0.002128     0.0159    -0.0207 0.0000e+00
         24     -0.079     5.0137   0.002129     0.0159    -0.0207 0.0000e+00
         25     -0.074     5.0149   0.002129     0.0159    -0.0207 0.0000e+00
         26     -0.072     5.0154   0.002129     0.0159    -0.0207 0.0000e+00
         27     -0.072     5.0158   0.002128     0.0159    -0.0207 0.0000e+00
         28     -0.071     5.0165   0.002127     0.0159    -0.0208 0.0000e+00
         29     -0.074     5.0175   0.002125     0.0159    -0.0208 0.0000e+00
         30     -0.078     5.0186   0.002125     0.0159    -0.0208 0.0000e+00
         31     -0.078     5.0195   0.002126     0.0159    -0.0208 0.0000e+00
         32     -0.078     5.0200   0.002126     0.0159    -0.0208 0.0000e+00
         33     -0.078     5.0200   0.002121     0.0158    -0.0208 0.0000e+00
         34     -0.078     5.0200   0.002117     0.0158    -0.0209 0.0000e+00
         35     -0.080     5.0200   0.002116     0.0158    -0.0209 0.0000e+00
         36     -0.080     5.0198   0.002116     0.0158    -0.0209 0.0000e+00
         37     -0.079     5.0198   0.002115     0.0158    -0.0209 0.0000e+00
         38     -0.075     5.0198   0.002113     0.0158    -0.0209 0.0000e+00
         39     -0.073     5.0198   0.002113     0.0158    -0.0209 0.0000e+00
         40     -0.075     5.0201   0.002114     0.0158    -0.0209 0.0000e+00
         41     -0.075     5.0207   0.002114     0.0158    -0.0209 0.0000e+00
         42     -0.074     5.0213   0.002113     0.0158    -0.0209 0.0000e+00
         43     -0.073     5.0215   0.002114     0.0158    -0.0209 0.0000e+00
         44     -0.072     5.0221   0.002115     0.0158    -0.0209 0.0000e+00
         45     -0.074     5.0223   0.002115     0.0158    -0.0209 0.0000e+00
         46     -0.078     5.0213   0.002111     0.0158    -0.0209 0.0000e+00
         47     -0.080     5.0189   0.002101     0.0157    -0.0209 0.0000e+00
         48     -0.076     5.0165   0.002091     0.0156    -0.0210 0.0000e+00
         49     -0.073     5.0155   0.002089     0.0156    -0.0210 0.0000e+00
         50     -0.075     5.0157   0.002092     0.0156    -0.0209 0.0000e+00
         51     -0.080     5.0164   0.002099     0.0157    -0.0209 0.0000e+00
         52     -0.081     5.0168   0.002103     0.0157    -0.0209 0.0000e+00
         53     -0.079     5.0170   0.002104     0.0157    -0.0209 0.0000e+00
         54     -0.079     5.0176   0.002109     0.0157    -0.0209 0.0000e+00
         55     -0.080     5.0183   0.002112     0.0158    -0.0209 0.0000e+00
         56     -0.080     5.0190   0.002115     0.0158    -0.0209 0.0000e+00
         57     -0.080     5.0195   0.002116     0.0158    -0.0209 0.0000e+00
         58     -0.082     5.0197   0.002116     0.0158    -0.0209 0.0000e+00
         59     -0.081     5.0194   0.002115     0.0158    -0.0209 0.0000e+00
         60     -0.081     5.0187   0.002113     0.0158    -0.0209 0.0000e+00
         61     -0.083     5.0180   0.002110     0.0158    -0.0209 0.0000e+00
         62     -0.082     5.0170   0.002108     0.0157    -0.0209 0.0000e+00
         63     -0.078     5.0152   0.002104     0.0157    -0.0209 0.0000e+00
         64     -0.075     5.0136   0.002100     0.0157    -0.0209 0.0000e+00
         65     -0.072     5.0132   0.002102     0.0157    -0.0208 0.0000e+00
         66     -0.072     5.0137   0.002105     0.0157    -0.0208 0.0000e+00
         67     -0.076     5.0140   0.002108     0.0157    -0.0208 0.0000e+00
         68     -0.079     5.0139   0.002111     0.0158    -0.0208 0.0000e+00
         69     -0.082     5.0130   0.002110     0.0158    -0.0208 0.0000e+00
         70     -0.084     5.0120   0.002108     0.0157    -0.0208 0.0000e+00
         71     -0.084     5.0115   0.002107     0.0157    -0.0208 0.0000e+00
         72     -0.083     5.0111   0.002108     0.0157    -0.0208 0.0000e+00
         73     -0.082     5.0107   0.002110     0.0158    -0.0208 0.0000e+00
         74     -0.081     5.0107   0.002111     0.0158    -0.0208 0.0000e+00
         75     -0.081     5.0107   0.002112     0.0158    -0.0207 0.0000e+00
         76     -0.082     5.0107   0.002115     0.0158    -0.0207 0.0000e+00
         77     -0.082     5.0107   0.002118     0.0158    -0.0207 0.0000e+00
         78     -0.081     5.0108   0.002123     0.0158    -0.0207 0.0000e+00
         79     -0.081     5.0107   0.002123     0.0158    -0.0207 0.0000e+00
         80     -0.082     5.0106   0.002123     0.0158    -0.0207 0.0000e+00
         81     -0.083     5.0107   0.002126     0.0159    -0.0207 0.0000e+00
         82     -0.082     5.0108   0.002129     0.0159    -0.0207 0.0000e+00
         83     -0.079     5.0105   0.002129     0.0159    -0.0206 0.0000e+00
         84     -0.077     5.0090   0.002124     0.0159    -0.0207 0.0000e+00
         85     -0.077     5.0058   0.002113     0.0158    -0.0207 0.0000e+00
         86     -0.079     5.0023   0.002103     0.0157    -0.0207 0.0000e+00
         87     -0.080     5.0007   0.002103     0.0157    -0.0206 0.0000e+00
         88     -0.080     5.0008   0.002109     0.0157    -0.0206 0.0000e+00
         89     -0.081     5.0011   0.002115     0.0158    -0.0206 0.0000e+00
         90     -0.082     5.0010   0.002119     0.0158    -0.0206 0.0000e+00
         91     -0.082     5.0006   0.002121     0.0158    -0.0205 0.0000e+00
         92     -0.082     5.0004   0.002122     0.0158    -0.0205 0.0000e+00
         93     -0.083     5.0004   0.002125     0.0159    -0.0205 0.0000e+00
         94     -0.086     5.0004   0.002130     0.0159    -0.0205 0.0000e+00
         95     -0.089     5.0004   0.002135     0.0159    -0.0204 0.0000e+00
         96     -0.088     5.0002   0.002135     0.0159    -0.0204 0.0000e+00
         97     -0.086     4.9998   0.002134     0.0159    -0.0204 0.0000e+00
         98     -0.086     4.9992   0.002136     0.0159    -0.0204 0.0000e+00
         99     -0.086     4.9980   0.002136     0.0159    -0.0204 0.0000e+00
        100     -0.083     4.9959   0.002134     0.0159    -0.0204 0.0000e+00
        101     -0.080     4.9943   0.002133     0.0159    -0.0204 0.0000e+00
        102     -0.079     4.9939   0.002133     0.0159    -0.0204 0.0000e+00
        103     -0.079     4.9939   0.002135     0.0159    -0.0203 0.0000e+00
        104     -0.080     4.9938   0.002137     0.0159    -0.0203 0.0000e+00
        105     -0.082     4.9932   0.002138     0.0160    -0.0203 0.0000e+00
        106     -0.085     4.9922   0.002138     0.0160    -0.0203 0.0000e+00
        107     -0.090     4.9912   0.002138     0.0159    -0.0203 0.0000e+00
        108     -0.091     4.9909   0.002138     0.0159    -0.0203 0.0000e+00
        109     -0.088     4.9909   0.002141     0.0160    -0.0203 0.0000e+00
        110     -0.087     4.9903   0.002143     0.0160    -0.0202 0.0000e+00
        111     -0.087     4.9887   0.002140     0.0160    -0.0202 0.0000e+00
        112     -0.087     4.9871   0.002138     0.0159    -0.0202 0.0000e+00
        113     -0.082     4.9866   0.002140     0.0160    -0.0202 0.0000e+00
        114     -0.078     4.9864   0.002144     0.0160    -0.0202 0.0000e+00
        115     -0.078     4.9844   0.002140     0.0160    -0.0202 0.0000e+00
        116     -0.080     4.9798   0.002126     0.0159    -0.0202 0.0000e+00
        117     -0.083     4.9750   0.002112     0.0158    -0.0202 0.0000e+00
        118     -0.084     4.9718   0.002107     0.0157    -0.0202 0.0000e+00
        119     -0.082     4.9692   0.002105     0.0157    -0.0201 0.0000e+00
        120     -0.079     4.9661   0.002102     0.0157    -0.0201 0.0000e+00
        121     -0.076     4.9642   0.002102     0.0157    -0.0201 0.0000e+00
        122     -0.077     4.9643   0.002109     0.0157    -0.0200 0.0000e+00
        123     -0.079     4.9656   0.002122     0.0158    -0.0200 0.0000e+00
        124     -0.081     4.9668   0.002132     0.0159    -0.0199 0.0000e+00
        125     -0.082     4.9669   0.002135     0.0159    -0.0199 0.0000e+00
        126     -0.082     4.9653   0.002132     0.0159    -0.0199 0.0000e+00
        127     -0.079     4.9632   0.002128     0.0159    -0.0199 0.0000e+00
        128     -0.075     4.9623   0.002129     0.0159    -0.0199 0.0000e+00
        129     -0.076     4.9627   0.002136     0.0159    -0.0198 0.0000e+00
        130     -0.080     4.9633   0.002141     0.0160    -0.0198 0.0000e+00
        131     -0.082     4.9634   0.002143     0.0160    -0.0198 0.0000e+00
        132     -0.083     4.9635   0.002146     0.0160    -0.0198 0.0000e+00
        133     -0.082     4.9637   0.002148     0.0160    -0.0198 0.0000e+00
        134     -0.079     4.9633   0.002148     0.0160    -0.0198 0.0000e+00
        135     -0.078     4.9624   0.002146     0.0160    -0.0198 0.0000e+00
        136     -0.079     4.9617   0.002146     0.0160    -0.0198 0.0000e+00
        137     -0.080     4.9615   0.002147     0.0160    -0.0198 0.0000e+00
        138     -0.080     4.9618   0.002150     0.0160    -0.0198 0.0000e+00
        139     -0.083     4.9618   0.002152     0.0160    -0.0197 0.0000e+00
        140     -0.087     4.9606   0.002148     0.0160    -0.0197 0.0000e+00
        141     -0.087     4.9584   0.002143     0.0160    -0.0197 0.0000e+00
        142     -0.085     4.9562   0.002137     0.0159    -0.0197 0.0000e+00
        143     -0.084     4.9554   0.002137     0.0159    -0.0197 0.0000e+00
        144     -0.082     4.9558   0.002142     0.0160    -0.0197 0.0000e+00
        145     -0.082     4.9566   0.002147     0.0160    -0.0197 0.0000e+00
        146     -0.084     4.9570   0.002151     0.0160    -0.0197 0.0000e+00
        147     -0.083     4.9567   0.002151     0.0160    -0.0197 0.0000e+00
        148     -0.081     4.9565   0.002152     0.0160    -0.0197 0.0000e+00
        149     -0.080     4.9564   0.002152     0.0160    -0.0197 0.0000e+00
        150     -0.080     4.9562   0.002152     0.0160    -0.0197 0.0000e+00
        151     -0.078     4.9554   0.002151     0.0160    -0.0196 0.0000e+00
        152     -0.077     4.9543   0.002150     0.0160    -0.0196 0.0000e+00
        153     -0.079     4.9535   0.002149     0.0160    -0.0196 0.0000e+00
        154     -0.082     4.9535   0.002149     0.0160    -0.0196 0.0000e+00
        155     -0.083     4.9536   0.002152     0.0160    -0.0196 0.0000e+00
        156     -0.079     4.9534   0.002156     0.0161    -0.0196 0.0000e+00
        157     -0.075     4.9529   0.002159     0.0161    -0.0196 0.0000e+00
        158     -0.075     4.9526   0.002158     0.0161    -0.0196 0.0000e+00
        159     -0.078     4.9513   0.002154     0.0161    -0.0196 0.0000e+00
        160     -0.081     4.9474   0.002142     0.0160    -0.0196 0.0000e+00
        161     -0.084     4.9429   0.002128     0.0159    -0.0196 0.0000e+00
        162     -0.084     4.9411   0.002127     0.0159    -0.0196 0.0000e+00
        163     -0.081     4.9415   0.002136     0.0159    -0.0195 0.0000e+00
        164     -0.079     4.9422   0.002144     0.0160    -0.0195 0.0000e+00
        165     -0.079     4.9427   0.002148     0.0160    -0.0195 0.0000e+00
        166     -0.079     4.9428   0.002149     0.0160    -0.0195 0.0000e+00
        167     -0.080     4.9428   0.002154     0.0161    -0.0194 0.0000e+00
        168     -0.080     4.9421   0.002157     0.0161    -0.0194 0.0000e+00
        169     -0.079     4.9406   0.002156     0.0161    -0.0194 0.0000e+00
        170     -0.081     4.9392   0.002154     0.0161    -0.0194 0.0000e+00
        171     -0.085     4.9388   0.002155     0.0161    -0.0194 0.0000e+00
        172     -0.087     4.9390   0.002160     0.0161    -0.0193 0.0000e+00
        173     -0.086     4.9392   0.002165     0.0161    -0.0193 0.0000e+00
        174     -0.084     4.9394   0.002170     0.0162    -0.0193 0.0000e+00
        175     -0.083     4.9394   0.002172     0.0162    -0.0193 0.0000e+00
        176     -0.083     4.9390   0.002173     0.0162    -0.0193 0.0000e+00
        177     -0.082     4.9381   0.002171     0.0162    -0.0193 0.0000e+00
        178     -0.081     4.9371   0.002168     0.0162    -0.0193 0.0000e+00
        179     -0.082     4.9369   0.002168     0.0162    -0.0193 0.0000e+00
        180     -0.085     4.9369   0.002170     0.0162    -0.0193 0.0000e+00
        181     -0.085     4.9366   0.002171     0.0162    -0.0192 0.0000e+00
        182     -0.083     4.9363   0.002172     0.0162    -0.0192 0.0000e+00
        183     -0.083     4.9364   0.002174     0.0162    -0.0192 0.0000e+00
        184     -0.086     4.9367   0.002175     0.0162    -0.0192 0.0000e+00
        185     -0.089     4.9368   0.002176     0.0162    -0.0192 0.0000e+00
        186     -0.089     4.9368   0.002177     0.0162    -0.0192 0.0000e+00
        187     -0.085     4.9368   0.002179     0.0162    -0.0192 0.0000e+00
        188     -0.083     4.9370   0.002180     0.0162    -0.0192 0.0000e+00
        189     -0.083     4.9373   0.002183     0.0163    -0.0192 0.0000e+00
        190     -0.084     4.9375   0.002184     0.0163    -0.0192 0.0000e+00
        191     -0.085     4.9377   0.002187     0.0163    -0.0192 0.0000e+00
        192     -0.086     4.9378   0.002186     0.0163    -0.0192 0.0000e+00
        193     -0.088     4.9376   0.002183     0.0163    -0.0192 0.0000e+00
        194     -0.088     4.9374   0.002183     0.0163    -0.0192 0.0000e+00
        195     -0.083     4.9371   0.002184     0.0163    -0.0192 0.0000e+00
        196     -0.080     4.9371   0.002183     0.0163    -0.0192 0.0000e+00
        197     -0.081     4.9371   0.002182     0.0163    -0.0192 0.0000e+00
        198     -0.081     4.9370   0.002182     0.0163    -0.0192 0.0000e+00
        199     -0.083     4.9361   0.002177     0.0162    -0.0192 0.0000e+00
        200     -0.087     4.9336   0.002167     0.0162    -0.0192 0.0000e+00
        201     -0.090     4.9291   0.002154     0.0161    -0.0192 0.0000e+00
        202     -0.091     4.9234   0.002140     0.0160    -0.0192 0.0000e+00
        203     -0.092     4.9181   0.002127     0.0159    -0.0192 0.0000e+00
        204     -0.091     4.9129   0.002115     0.0158    -0.0192 0.0000e+00
        205     -0.091     4.9065   0.002100     0.0157    -0.0192 0.0000e+00
