Datasets/Test_Dataset_39219_tow/originals/tel219_2021_066.cnv
* Sea-Bird SBE19plus Data File:
* Filename = C:/AQUIRE/tel219_2021_066.hex
* Software Version AquireV2 AF V2.0
* Temperature SN =  4020
* Conductivity SN =  4020
* System UpLoad Time = May 15 2021 01:15:26
** VESSEL/TRIP/SEQ STN: tel219_2021_066
** LATITUDE: 45 44.46 N
** LONGITUDE: 54 26.09 W
** DATE/TIME: 2021-05-15 00:23
** SOUNDING DEPTH (M): 0087
** PROBE TYPE: S4020
** CTD NUMBER: 066
** FORMAT: T
** COMMENTS: 
# nquan = 7                                 
# nvalues = 3170                        
# units = specified
# name 0 = scan: Scan Count
# name 1 = prdM: Pressure, Strain Gauge [db]
# name 2 = tv290C: Temperature [ITS-90, deg C]
# name 3 = c0S/m: Conductivity [S/m]
# name 4 = sal00: Salinity, Practical [PSU]
# name 5 = sigma-t00: Density [sigma-t, kg/m^3 ]
# name 6 = flag: flag
# span 0 =          1,       3170       
# span 1 =     -0.104,     84.763       
# span 2 =     0.6092,     3.9164       
# span 3 =   0.009425,   3.020151       
# span 4 =     0.0724,    32.7489       
# span 5 =     0.0334,    26.2545       
# span 6 = 0.0000e+00, 0.0000e+00       
# interval = seconds: 1
# start_time = May 15 2021 00:23:38 [Instrument's time stamp, header]
# bad_flag = -9.990e-29
*END*
[from data line 821]
        822     -0.086     3.8745   0.009786     0.0753     0.0357 0.0000e+00
        823     -0.083     3.8749   0.009779     0.0752     0.0357 0.0000e+00
        824     -0.081     3.8753   0.009776     0.0752     0.0357 0.0000e+00
        825     -0.081     3.8756   0.009776     0.0752     0.0357 0.0000e+00
        826     -0.085     3.8758   0.009778     0.0752     0.0357 0.0000e+00
        827     -0.090     3.8762   0.009781     0.0752     0.0357 0.0000e+00
        828     -0.090     3.8765   0.009780     0.0752     0.0357 0.0000e+00
        829     -0.088     3.8765   0.009766     0.0751     0.0356 0.0000e+00
        830     -0.086     3.8764   0.009753     0.0750     0.0355 0.0000e+00
        831     -0.084     3.8762   0.009758     0.0751     0.0355 0.0000e+00
        832     -0.084     3.8761   0.009767     0.0751     0.0356 0.0000e+00
        833     -0.088     3.8758   0.009760     0.0751     0.0356 0.0000e+00
        834     -0.091     3.8756   0.009743     0.0749     0.0355 0.0000e+00
        835     -0.088     3.8756   0.009732     0.0749     0.0354 0.0000e+00
        836     -0.084     3.8757   0.009740     0.0749     0.0354 0.0000e+00
        837     -0.083     3.8760   0.009754     0.0750     0.0355 0.0000e+00
        838     -0.086     3.8764   0.009750     0.0750     0.0355 0.0000e+00
        839     -0.089     3.8766   0.009734     0.0749     0.0354 0.0000e+00
        840     -0.089     3.8767   0.009721     0.0748     0.0353 0.0000e+00
        841     -0.087     3.8767   0.009721     0.0748     0.0353 0.0000e+00
        842     -0.083     3.8769   0.009736     0.0749     0.0354 0.0000e+00
        843     -0.080     3.8773   0.009753     0.0750     0.0355 0.0000e+00
        844     -0.082     3.8777   0.009754     0.0750     0.0355 0.0000e+00
        845     -0.085     3.8781   0.009736     0.0749     0.0354 0.0000e+00
        846     -0.087     3.8784   0.009716     0.0747     0.0353 0.0000e+00
        847     -0.091     3.8786   0.009717     0.0747     0.0353 0.0000e+00
        848     -0.094     3.8791   0.009740     0.0749     0.0354 0.0000e+00
        849     -0.094     3.8797   0.009762     0.0751     0.0356 0.0000e+00
        850     -0.093     3.8803   0.009760     0.0751     0.0356 0.0000e+00
        851     -0.093     3.8807   0.009742     0.0749     0.0354 0.0000e+00
        852     -0.093     3.8808   0.009728     0.0748     0.0354 0.0000e+00
        853     -0.091     3.8808   0.009724     0.0748     0.0353 0.0000e+00
        854     -0.088     3.8806   0.009722     0.0748     0.0353 0.0000e+00
        855     -0.085     3.8806   0.009718     0.0747     0.0353 0.0000e+00
        856     -0.085     3.8807   0.009714     0.0747     0.0353 0.0000e+00
        857     -0.088     3.8808   0.009710     0.0747     0.0352 0.0000e+00
        858     -0.090     3.8810   0.009706     0.0746     0.0352 0.0000e+00
        859     -0.090     3.8811   0.009693     0.0745     0.0351 0.0000e+00
        860     -0.091     3.8811   0.009681     0.0744     0.0351 0.0000e+00
        861     -0.092     3.8813   0.009683     0.0745     0.0351 0.0000e+00
        862     -0.093     3.8813   0.009691     0.0745     0.0351 0.0000e+00
        863     -0.092     3.8811   0.009687     0.0745     0.0351 0.0000e+00
        864     -0.089     3.8810   0.009672     0.0744     0.0350 0.0000e+00
        865     -0.087     3.8812   0.009665     0.0743     0.0350 0.0000e+00
        866     -0.087     3.8815   0.009668     0.0743     0.0350 0.0000e+00
        867     -0.090     3.8817   0.009671     0.0744     0.0350 0.0000e+00
        868     -0.093     3.8816   0.009670     0.0744     0.0350 0.0000e+00
        869     -0.095     3.8815   0.009669     0.0743     0.0350 0.0000e+00
        870     -0.094     3.8819   0.009672     0.0744     0.0350 0.0000e+00
        871     -0.091     3.8829   0.009683     0.0745     0.0351 0.0000e+00
        872     -0.088     3.8843   0.009700     0.0746     0.0352 0.0000e+00
        873     -0.088     3.8858   0.009729     0.0748     0.0354 0.0000e+00
        874     -0.090     3.8869   0.009767     0.0751     0.0356 0.0000e+00
        875     -0.091     3.8875   0.009792     0.0753     0.0358 0.0000e+00
        876     -0.090     3.8876   0.009791     0.0753     0.0358 0.0000e+00
        877     -0.088     3.8880   0.009780     0.0752     0.0357 0.0000e+00
        878     -0.087     3.8883   0.009775     0.0752     0.0357 0.0000e+00
        879     -0.086     3.8882   0.009778     0.0752     0.0357 0.0000e+00
        880     -0.088     3.8877   0.009781     0.0752     0.0357 0.0000e+00
        881     -0.090     3.8872   0.009774     0.0752     0.0356 0.0000e+00
        882     -0.090     3.8869   0.009755     0.0750     0.0355 0.0000e+00
        883     -0.090     3.8867   0.009734     0.0749     0.0354 0.0000e+00
        884     -0.092     3.8865   0.009727     0.0748     0.0353 0.0000e+00
        885     -0.093     3.8862   0.009743     0.0749     0.0355 0.0000e+00
        886     -0.093     3.8862   0.009765     0.0751     0.0356 0.0000e+00
        887     -0.093     3.8865   0.009769     0.0751     0.0356 0.0000e+00
        888     -0.090     3.8870   0.009759     0.0751     0.0356 0.0000e+00
        889     -0.087     3.8872   0.009743     0.0749     0.0355 0.0000e+00
        890     -0.088     3.8867   0.009727     0.0748     0.0353 0.0000e+00
        891     -0.091     3.8862   0.009724     0.0748     0.0353 0.0000e+00
        892     -0.093     3.8863   0.009740     0.0749     0.0354 0.0000e+00
        893     -0.095     3.8865   0.009757     0.0750     0.0355 0.0000e+00
        894     -0.096     3.8868   0.009754     0.0750     0.0355 0.0000e+00
        895     -0.097     3.8868   0.009730     0.0748     0.0354 0.0000e+00
        896     -0.098     3.8871   0.009710     0.0747     0.0352 0.0000e+00
        897     -0.097     3.8876   0.009717     0.0747     0.0353 0.0000e+00
        898     -0.095     3.8884   0.009747     0.0750     0.0355 0.0000e+00
        899     -0.094     3.8890   0.009764     0.0751     0.0356 0.0000e+00
        900     -0.093     3.8893   0.009752     0.0750     0.0355 0.0000e+00
        901     -0.094     3.8892   0.009737     0.0749     0.0354 0.0000e+00
        902     -0.095     3.8892   0.009741     0.0749     0.0354 0.0000e+00
        903     -0.094     3.8895   0.009746     0.0749     0.0355 0.0000e+00
        904     -0.092     3.8898   0.009733     0.0748     0.0354 0.0000e+00
        905     -0.092     3.8900   0.009723     0.0748     0.0353 0.0000e+00
        906     -0.093     3.8903   0.009735     0.0749     0.0354 0.0000e+00
        907     -0.095     3.8906   0.009749     0.0750     0.0355 0.0000e+00
        908     -0.094     3.8906   0.009734     0.0748     0.0354 0.0000e+00
        909     -0.089     3.8905   0.009706     0.0746     0.0352 0.0000e+00
        910     -0.084     3.8903   0.009700     0.0746     0.0352 0.0000e+00
        911     -0.084     3.8903   0.009720     0.0747     0.0353 0.0000e+00
        912     -0.087     3.8905   0.009741     0.0749     0.0354 0.0000e+00
        913     -0.091     3.8908   0.009730     0.0748     0.0354 0.0000e+00
        914     -0.095     3.8912   0.009700     0.0746     0.0352 0.0000e+00
        915     -0.096     3.8914   0.009697     0.0746     0.0352 0.0000e+00
        916     -0.095     3.8917   0.009718     0.0747     0.0353 0.0000e+00
        917     -0.095     3.8921   0.009719     0.0747     0.0353 0.0000e+00
        918     -0.094     3.8921   0.009699     0.0746     0.0352 0.0000e+00
        919     -0.093     3.8919   0.009688     0.0745     0.0351 0.0000e+00
        920     -0.091     3.8918   0.009693     0.0745     0.0351 0.0000e+00
        921     -0.090     3.8918   0.009695     0.0745     0.0351 0.0000e+00
        922     -0.091     3.8918   0.009683     0.0744     0.0351 0.0000e+00
        923     -0.094     3.8919   0.009672     0.0744     0.0350 0.0000e+00
        924     -0.094     3.8922   0.009669     0.0743     0.0350 0.0000e+00
        925     -0.092     3.8926   0.009667     0.0743     0.0350 0.0000e+00
        926     -0.089     3.8928   0.009663     0.0743     0.0349 0.0000e+00
        927     -0.088     3.8929   0.009662     0.0743     0.0349 0.0000e+00
        928     -0.088     3.8927   0.009662     0.0743     0.0349 0.0000e+00
        929     -0.089     3.8925   0.009660     0.0743     0.0349 0.0000e+00
        930     -0.090     3.8923   0.009655     0.0742     0.0349 0.0000e+00
        931     -0.091     3.8922   0.009642     0.0741     0.0348 0.0000e+00
        932     -0.089     3.8921   0.009626     0.0740     0.0347 0.0000e+00
        933     -0.086     3.8921   0.009631     0.0740     0.0347 0.0000e+00
        934     -0.085     3.8922   0.009651     0.0742     0.0349 0.0000e+00
        935     -0.088     3.8921   0.009647     0.0742     0.0348 0.0000e+00
        936     -0.091     3.8918   0.009621     0.0739     0.0347 0.0000e+00
        937     -0.093     3.8913   0.009605     0.0738     0.0346 0.0000e+00
        938     -0.095     3.8912   0.009614     0.0739     0.0346 0.0000e+00
        939     -0.095     3.8917   0.009627     0.0740     0.0347 0.0000e+00
        940     -0.092     3.8920   0.009629     0.0740     0.0347 0.0000e+00
        941     -0.089     3.8918   0.009626     0.0740     0.0347 0.0000e+00
        942     -0.087     3.8916   0.009618     0.0739     0.0346 0.0000e+00
        943     -0.087     3.8916   0.009599     0.0738     0.0345 0.0000e+00
        944     -0.089     3.8918   0.009580     0.0736     0.0344 0.0000e+00
        945     -0.090     3.8920   0.009580     0.0736     0.0344 0.0000e+00
        946     -0.090     3.8921   0.009599     0.0738     0.0345 0.0000e+00
        947     -0.088     3.8921   0.009623     0.0740     0.0347 0.0000e+00
        948     -0.086     3.8919   0.009622     0.0740     0.0347 0.0000e+00
        949     -0.086     3.8918   0.009597     0.0738     0.0345 0.0000e+00
        950     -0.088     3.8918   0.009576     0.0736     0.0344 0.0000e+00
        951     -0.090     3.8918   0.009572     0.0736     0.0344 0.0000e+00
        952     -0.091     3.8920   0.009573     0.0736     0.0344 0.0000e+00
        953     -0.091     3.8920   0.009579     0.0736     0.0344 0.0000e+00
        954     -0.092     3.8918   0.009595     0.0737     0.0345 0.0000e+00
        955     -0.094     3.8914   0.009600     0.0738     0.0345 0.0000e+00
        956     -0.095     3.8911   0.009578     0.0736     0.0344 0.0000e+00
        957     -0.094     3.8912   0.009552     0.0734     0.0342 0.0000e+00
        958     -0.091     3.8920   0.009567     0.0735     0.0343 0.0000e+00
        959     -0.089     3.8935   0.009621     0.0739     0.0347 0.0000e+00
        960     -0.090     3.8952   0.009658     0.0742     0.0349 0.0000e+00
        961     -0.094     3.8961   0.009645     0.0741     0.0348 0.0000e+00
        962     -0.099     3.8967   0.009618     0.0739     0.0346 0.0000e+00
        963     -0.100     3.8971   0.009630     0.0740     0.0347 0.0000e+00
        964     -0.096     3.8969   0.009665     0.0743     0.0349 0.0000e+00
        965     -0.093     3.8967   0.009685     0.0744     0.0351 0.0000e+00
        966     -0.095     3.8967   0.009667     0.0743     0.0350 0.0000e+00
        967     -0.096     3.8968   0.009635     0.0740     0.0348 0.0000e+00
        968     -0.094     3.8971   0.009621     0.0739     0.0347 0.0000e+00
        969     -0.092     3.8975   0.009632     0.0740     0.0347 0.0000e+00
        970     -0.089     3.8979   0.009654     0.0742     0.0349 0.0000e+00
        971     -0.089     3.8981   0.009662     0.0743     0.0349 0.0000e+00
        972     -0.093     3.8978   0.009646     0.0741     0.0348 0.0000e+00
        973     -0.096     3.8971   0.009625     0.0740     0.0347 0.0000e+00
        974     -0.097     3.8964   0.009603     0.0738     0.0345 0.0000e+00
        975     -0.093     3.8956   0.009584     0.0736     0.0344 0.0000e+00
        976     -0.089     3.8952   0.009579     0.0736     0.0344 0.0000e+00
        977     -0.091     3.8950   0.009591     0.0737     0.0345 0.0000e+00
        978     -0.094     3.8949   0.009599     0.0738     0.0345 0.0000e+00
        979     -0.092     3.8949   0.009588     0.0737     0.0345 0.0000e+00
        980     -0.089     3.8949   0.009560     0.0735     0.0343 0.0000e+00
        981     -0.087     3.8949   0.009545     0.0733     0.0342 0.0000e+00
        982     -0.087     3.8947   0.009564     0.0735     0.0343 0.0000e+00
        983     -0.089     3.8943   0.009596     0.0737     0.0345 0.0000e+00
        984     -0.094     3.8941   0.009602     0.0738     0.0345 0.0000e+00
        985     -0.099     3.8940   0.009577     0.0736     0.0344 0.0000e+00
        986     -0.100     3.8937   0.009550     0.0734     0.0342 0.0000e+00
        987     -0.098     3.8935   0.009542     0.0733     0.0342 0.0000e+00
        988     -0.098     3.8937   0.009550     0.0734     0.0342 0.0000e+00
        989     -0.097     3.8940   0.009562     0.0735     0.0343 0.0000e+00
        990     -0.095     3.8940   0.009563     0.0735     0.0343 0.0000e+00
        991     -0.093     3.8941   0.009554     0.0734     0.0342 0.0000e+00
        992     -0.091     3.8945   0.009545     0.0733     0.0342 0.0000e+00
        993     -0.090     3.8949   0.009542     0.0733     0.0342 0.0000e+00
        994     -0.092     3.8950   0.009543     0.0733     0.0342 0.0000e+00
        995     -0.095     3.8952   0.009542     0.0733     0.0342 0.0000e+00
        996     -0.096     3.8952   0.009531     0.0732     0.0341 0.0000e+00
        997     -0.095     3.8952   0.009516     0.0731     0.0340 0.0000e+00
        998     -0.093     3.8952   0.009510     0.0731     0.0340 0.0000e+00
        999     -0.091     3.8956   0.009518     0.0731     0.0340 0.0000e+00
       1000     -0.090     3.8963   0.009529     0.0732     0.0341 0.0000e+00
       1001     -0.090     3.8967   0.009527     0.0732     0.0341 0.0000e+00
       1002     -0.091     3.8969   0.009519     0.0731     0.0340 0.0000e+00
       1003     -0.091     3.8971   0.009512     0.0731     0.0340 0.0000e+00
       1004     -0.093     3.8973   0.009503     0.0730     0.0339 0.0000e+00
       1005     -0.094     3.8974   0.009495     0.0729     0.0339 0.0000e+00
       1006     -0.094     3.8975   0.009498     0.0730     0.0339 0.0000e+00
       1007     -0.093     3.8975   0.009506     0.0730     0.0339 0.0000e+00
       1008     -0.095     3.8973   0.009506     0.0730     0.0339 0.0000e+00
       1009     -0.099     3.8970   0.009492     0.0729     0.0338 0.0000e+00
       1010     -0.101     3.8969   0.009478     0.0728     0.0337 0.0000e+00
       1011     -0.099     3.8969   0.009480     0.0728     0.0338 0.0000e+00
       1012     -0.096     3.8971   0.009488     0.0729     0.0338 0.0000e+00
       1013     -0.097     3.8971   0.009485     0.0729     0.0338 0.0000e+00
       1014     -0.099     3.8972   0.009471     0.0727     0.0337 0.0000e+00
       1015     -0.096     3.8975   0.009457     0.0726     0.0336 0.0000e+00
       1016     -0.091     3.8978   0.009459     0.0727     0.0336 0.0000e+00
       1017     -0.088     3.8979   0.009470     0.0727     0.0337 0.0000e+00
       1018     -0.089     3.8980   0.009473     0.0728     0.0337 0.0000e+00
       1019     -0.090     3.8982   0.009465     0.0727     0.0337 0.0000e+00
       1020     -0.091     3.8985   0.009459     0.0726     0.0336 0.0000e+00
       1021     -0.093     3.8990   0.009457     0.0726     0.0336 0.0000e+00
       1022     -0.094     3.8996   0.009454     0.0726     0.0336 0.0000e+00
       1023     -0.096     3.8997   0.009452     0.0726     0.0336 0.0000e+00
       1024     -0.099     3.8997   0.009466     0.0727     0.0337 0.0000e+00
       1025     -0.100     3.8995   0.009480     0.0728     0.0338 0.0000e+00
