Datasets/Test_Dataset_39219_tow/originals/tel219_2021_004.cnv
* Sea-Bird SBE19plus Data File:
* Filename = C:/AQUIRE/tel219_2021_004.hex
* Software Version AquireV2 AF V2.0
* Temperature SN =  4020
* Conductivity SN =  4020
* System UpLoad Time = May 06 2021 06:45:21
** VESSEL/TRIP/SEQ STN: tel219_2021_004
** LATITUDE: 45 47.39 N
** LONGITUDE: 54 58.12 W
** DATE/TIME: 2021-05-06 06:09
** SOUNDING DEPTH (M): 0069
** PROBE TYPE: S4020
** CTD NUMBER:   4
** FORMAT: T
** COMMENTS: 
# nquan = 7                                 
# nvalues = 2189                        
# units = specified
# name 0 = scan: Scan Count
# name 1 = prdM: Pressure, Strain Gauge [db]
# name 2 = tv290C: Temperature [ITS-90, deg C]
# name 3 = c0S/m: Conductivity [S/m]
# name 4 = sal00: Salinity, Practical [PSU]
# name 5 = sigma-t00: Density [sigma-t, kg/m^3 ]
# name 6 = flag: flag
# span 0 =          1,       2189       
# span 1 =     -0.109,     65.581       
# span 2 =     0.7090,     3.6448       
# span 3 =   0.002382,   3.006627       
# span 4 =     0.0177,    32.6473       
# span 5 =    -0.0307,    26.1462       
# span 6 = 0.0000e+00, 0.0000e+00       
# interval = seconds: 1
# start_time = May 06 2021 06:09:44 [Instrument's time stamp, header]
# bad_flag = -9.990e-29
*END*
[from data line 206]
        207      4.097     3.2550   2.965009    32.2911    25.7010 0.0000e+00
        208      4.153     3.2564   2.965146    32.2913    25.7010 0.0000e+00
        209      4.161     3.2580   2.965274    32.2912    25.7008 0.0000e+00
        210      4.119     3.2595   2.965404    32.2913    25.7008 0.0000e+00
        211      4.042     3.2609   2.965534    32.2915    25.7008 0.0000e+00
        212      3.972     3.2615   2.965565    32.2913    25.7006 0.0000e+00
        213      3.929     3.2607   2.965475    32.2911    25.7005 0.0000e+00
        214      3.893     3.2593   2.965345    32.2909    25.7005 0.0000e+00
        215      3.833     3.2590   2.965314    32.2909    25.7005 0.0000e+00
        216      3.736     3.2600   2.965415    32.2912    25.7006 0.0000e+00
        217      3.616     3.2617   2.965560    32.2913    25.7005 0.0000e+00
        218      3.516     3.2629   2.965652    32.2912    25.7004 0.0000e+00
        219      3.467     3.2631   2.965674    32.2913    25.7004 0.0000e+00
        220      3.440     3.2630   2.965662    32.2913    25.7004 0.0000e+00
        221      3.392     3.2626   2.965637    32.2914    25.7006 0.0000e+00
        222      3.312     3.2619   2.965583    32.2915    25.7007 0.0000e+00
        223      3.214     3.2611   2.965524    32.2916    25.7009 0.0000e+00
        224      3.124     3.2611   2.965533    32.2918    25.7010 0.0000e+00
        225      3.066     3.2626   2.965667    32.2919    25.7010 0.0000e+00
        226      3.028     3.2645   2.965848    32.2922    25.7011 0.0000e+00
        227      2.944     3.2662   2.965977    32.2921    25.7008 0.0000e+00
        228      2.769     3.2678   2.966101    32.2921    25.7007 0.0000e+00
        229      2.547     3.2688   2.966176    32.2921    25.7006 0.0000e+00
        230      2.360     3.2687   2.966138    32.2919    25.7004 0.0000e+00
        231      2.255     3.2683   2.966100    32.2919    25.7004 0.0000e+00
        232      2.227     3.2685   2.966144    32.2922    25.7007 0.0000e+00
        233      2.230     3.2696   2.966266    32.2926    25.7009 0.0000e+00
        234      2.211     3.2710   2.966396    32.2928    25.7009 0.0000e+00
        235      2.134     3.2719   2.966447    32.2925    25.7006 0.0000e+00
        236      1.980     3.2720   2.966426    32.2922    25.7004 0.0000e+00
        237      1.797     3.2718   2.966399    32.2922    25.7004 0.0000e+00
        238      1.687     3.2715   2.966372    32.2923    25.7005 0.0000e+00
        239      1.667     3.2707   2.966306    32.2923    25.7005 0.0000e+00
        240      1.645     3.2700   2.966234    32.2921    25.7005 0.0000e+00
        241      1.576     3.2701   2.966238    32.2921    25.7005 0.0000e+00
        242      1.503     3.2708   2.966309    32.2923    25.7005 0.0000e+00
        243      1.451     3.2708   2.966322    32.2925    25.7007 0.0000e+00
        244      1.370     3.2699   2.966237    32.2924    25.7007 0.0000e+00
        245      1.209     3.2694   2.966184    32.2923    25.7007 0.0000e+00
        246      1.022     3.2695   2.966204    32.2926    25.7009 0.0000e+00
        247      0.901     3.2694   2.966188    32.2926    25.7009 0.0000e+00
        248      0.867     3.2690   2.966126    32.2922    25.7006 0.0000e+00
        249      0.911     3.2689   2.966130    32.2923    25.7008 0.0000e+00
        250      0.980     3.2693   2.966187    32.2926    25.7009 0.0000e+00
        251      0.999     3.2696   2.966200    32.2924    25.7008 0.0000e+00
        252      0.946     3.2699   2.966205    32.2922    25.7006 0.0000e+00
        253      0.847     3.2703   2.966251    32.2924    25.7007 0.0000e+00
        254      0.744     3.2708   2.966269    32.2922    25.7005 0.0000e+00
        255      0.687     3.2710   2.966242    32.2917    25.7001 0.0000e+00
        256      0.691     3.2708   2.966244    32.2919    25.7003 0.0000e+00
        257      0.738     3.2706   2.966265    32.2924    25.7006 0.0000e+00
        258      0.813     3.2705   2.966243    32.2922    25.7005 0.0000e+00
        259      0.866     3.2705   2.966240    32.2921    25.7004 0.0000e+00
        260      0.836     3.2709   2.966320    32.2927    25.7008 0.0000e+00
        261      0.752     3.2714   2.966398    32.2932    25.7012 0.0000e+00
        262      0.719     3.2721   2.966456    32.2932    25.7011 0.0000e+00
        263      0.787     3.2732   2.966550    32.2932    25.7010 0.0000e+00
        264      0.902     3.2741   2.966633    32.2932    25.7010 0.0000e+00
        265      0.959     3.2746   2.966683    32.2933    25.7010 0.0000e+00
        266      0.881     3.2751   2.966752    32.2937    25.7012 0.0000e+00
        267      0.719     3.2755   2.966809    32.2940    25.7015 0.0000e+00
        268      0.564     3.2753   2.966802    32.2942    25.7017 0.0000e+00
        269      0.447     3.2750   2.966765    32.2941    25.7016 0.0000e+00
        270      0.402     3.2747   2.966742    32.2942    25.7017 0.0000e+00
        271      0.441     3.2745   2.966724    32.2941    25.7017 0.0000e+00
        272      0.527     3.2744   2.966712    32.2941    25.7016 0.0000e+00
        273      0.632     3.2744   2.966725    32.2942    25.7017 0.0000e+00
        274      0.743     3.2741   2.966701    32.2941    25.7017 0.0000e+00
        275      0.817     3.2740   2.966693    32.2941    25.7017 0.0000e+00
        276      0.826     3.2748   2.966823    32.2948    25.7022 0.0000e+00
        277      0.810     3.2759   2.966965    32.2955    25.7026 0.0000e+00
        278      0.815     3.2766   2.967024    32.2955    25.7026 0.0000e+00
        279      0.826     3.2768   2.967017    32.2952    25.7023 0.0000e+00
        280      0.825     3.2767   2.966976    32.2948    25.7020 0.0000e+00
        281      0.812     3.2763   2.966924    32.2946    25.7019 0.0000e+00
        282      0.777     3.2759   2.966854    32.2941    25.7016 0.0000e+00
        283      0.753     3.2756   2.966805    32.2939    25.7014 0.0000e+00
        284      0.754     3.2756   2.966805    32.2939    25.7014 0.0000e+00
        285      0.739     3.2757   2.966824    32.2940    25.7015 0.0000e+00
        286      0.739     3.2759   2.966846    32.2941    25.7015 0.0000e+00
        287      0.812     3.2759   2.966902    32.2947    25.7020 0.0000e+00
        288      0.912     3.2761   2.966994    32.2955    25.7027 0.0000e+00
        289      1.005     3.2765   2.967058    32.2959    25.7029 0.0000e+00
        290      1.131     3.2768   2.967106    32.2961    25.7030 0.0000e+00
        291      1.285     3.2774   2.967179    32.2963    25.7031 0.0000e+00
        292      1.388     3.2782   2.967254    32.2963    25.7031 0.0000e+00
        293      1.412     3.2788   2.967323    32.2965    25.7032 0.0000e+00
        294      1.424     3.2794   2.967393    32.2968    25.7034 0.0000e+00
        295      1.499     3.2801   2.967446    32.2967    25.7032 0.0000e+00
        296      1.651     3.2806   2.967447    32.2961    25.7027 0.0000e+00
        297      1.855     3.2809   2.967419    32.2954    25.7021 0.0000e+00
        298      2.040     3.2809   2.967424    32.2953    25.7021 0.0000e+00
        299      2.142     3.2809   2.967463    32.2957    25.7024 0.0000e+00
        300      2.200     3.2809   2.967508    32.2963    25.7028 0.0000e+00
        301      2.277     3.2809   2.967549    32.2967    25.7032 0.0000e+00
        302      2.393     3.2810   2.967568    32.2968    25.7032 0.0000e+00
        303      2.547     3.2811   2.967569    32.2966    25.7031 0.0000e+00
        304      2.713     3.2809   2.967567    32.2967    25.7032 0.0000e+00
        305      2.884     3.2809   2.967564    32.2966    25.7031 0.0000e+00
        306      3.110     3.2807   2.967559    32.2966    25.7031 0.0000e+00
        307      3.412     3.2805   2.967519    32.2961    25.7028 0.0000e+00
        308      3.730     3.2805   2.967486    32.2956    25.7023 0.0000e+00
        309      4.004     3.2803   2.967536    32.2962    25.7028 0.0000e+00
        310      4.231     3.2801   2.967562    32.2966    25.7032 0.0000e+00
        311      4.469     3.2801   2.967554    32.2964    25.7030 0.0000e+00
        312      4.751     3.2799   2.967594    32.2969    25.7034 0.0000e+00
        313      5.050     3.2798   2.967643    32.2975    25.7039 0.0000e+00
        314      5.346     3.2798   2.967676    32.2977    25.7041 0.0000e+00
        315      5.640     3.2797   2.967694    32.2979    25.7042 0.0000e+00
        316      5.942     3.2794   2.967679    32.2978    25.7042 0.0000e+00
        317      6.255     3.2785   2.967635    32.2980    25.7044 0.0000e+00
        318      6.584     3.2776   2.967607    32.2984    25.7048 0.0000e+00
        319      6.925     3.2771   2.967637    32.2991    25.7054 0.0000e+00
        320      7.264     3.2773   2.967703    32.2995    25.7057 0.0000e+00
        321      7.610     3.2778   2.967756    32.2995    25.7057 0.0000e+00
        322      7.953     3.2782   2.967783    32.2992    25.7054 0.0000e+00
        323      8.271     3.2784   2.967803    32.2991    25.7053 0.0000e+00
        324      8.592     3.2784   2.967817    32.2991    25.7053 0.0000e+00
        325      8.951     3.2783   2.967824    32.2991    25.7053 0.0000e+00
        326      9.345     3.2780   2.967825    32.2992    25.7054 0.0000e+00
        327      9.748     3.2774   2.967788    32.2991    25.7054 0.0000e+00
        328     10.139     3.2762   2.967718    32.2993    25.7056 0.0000e+00
        329     10.519     3.2751   2.967683    32.2998    25.7061 0.0000e+00
        330     10.898     3.2747   2.967714    32.3003    25.7066 0.0000e+00
        331     11.285     3.2746   2.967725    32.3004    25.7066 0.0000e+00
        332     11.676     3.2734   2.967612    32.3000    25.7065 0.0000e+00
        333     12.044     3.2711   2.967473    32.3004    25.7070 0.0000e+00
        334     12.361     3.2695   2.967488    32.3020    25.7084 0.0000e+00
        335     12.642     3.2699   2.967612    32.3030    25.7092 0.0000e+00
        336     12.936     3.2713   2.967727    32.3028    25.7089 0.0000e+00
        337     13.265     3.2725   2.967806    32.3024    25.7084 0.0000e+00
        338     13.616     3.2726   2.967754    32.3015    25.7077 0.0000e+00
        339     13.967     3.2701   2.967437    32.3000    25.7067 0.0000e+00
        340     14.318     3.2637   2.966892    32.2996    25.7070 0.0000e+00
        341     14.689     3.2553   2.966381    32.3017    25.7094 0.0000e+00
        342     15.085     3.2493   2.966163    32.3049    25.7125 0.0000e+00
        343     15.491     3.2464   2.966071    32.3064    25.7140 0.0000e+00
        344     15.900     3.2428   2.965715    32.3055    25.7136 0.0000e+00
        345     16.306     3.2359   2.965089    32.3047    25.7135 0.0000e+00
        346     16.706     3.2279   2.964456    32.3049    25.7143 0.0000e+00
        347     17.099     3.2216   2.964028    32.3058    25.7156 0.0000e+00
        348     17.489     3.2180   2.963920    32.3079    25.7176 0.0000e+00
        349     17.876     3.2172   2.964140    32.3111    25.7203 0.0000e+00
        350     18.258     3.2195   2.964496    32.3129    25.7215 0.0000e+00
        351     18.637     3.2213   2.964438    32.3102    25.7192 0.0000e+00
        352     19.025     3.2165   2.963700    32.3059    25.7162 0.0000e+00
        353     19.427     3.2053   2.962750    32.3055    25.7168 0.0000e+00
        354     19.831     3.1934   2.962036    32.3086    25.7203 0.0000e+00
        355     20.224     3.1852   2.961693    32.3124    25.7241 0.0000e+00
        356     20.611     3.1814   2.961688    32.3160    25.7273 0.0000e+00
        357     21.000     3.1806   2.961789    32.3178    25.7288 0.0000e+00
        358     21.396     3.1800   2.961817    32.3185    25.7294 0.0000e+00
        359     21.798     3.1787   2.961833    32.3198    25.7306 0.0000e+00
        360     22.203     3.1771   2.961952    32.3226    25.7330 0.0000e+00
        361     22.610     3.1753   2.962105    32.3260    25.7358 0.0000e+00
        362     23.016     3.1722   2.962057    32.3284    25.7380 0.0000e+00
        363     23.422     3.1665   2.961680    32.3293    25.7392 0.0000e+00
        364     23.828     3.1572   2.960945    32.3295    25.7402 0.0000e+00
        365     24.234     3.1439   2.959775    32.3285    25.7406 0.0000e+00
        366     24.647     3.1246   2.958232    32.3290    25.7426 0.0000e+00
        367     25.064     3.0999   2.956658    32.3346    25.7492 0.0000e+00
        368     25.477     3.0758   2.955412    32.3435    25.7584 0.0000e+00
        369     25.882     3.0577   2.954502    32.3504    25.7655 0.0000e+00
        370     26.283     3.0433   2.953741    32.3554    25.7707 0.0000e+00
        371     26.687     3.0301   2.953106    32.3608    25.7761 0.0000e+00
        372     27.089     3.0204   2.952708    32.3655    25.7807 0.0000e+00
        373     27.490     3.0143   2.952497    32.3689    25.7839 0.0000e+00
        374     27.896     3.0092   2.952356    32.3721    25.7869 0.0000e+00
        375     28.306     3.0041   2.952278    32.3761    25.7905 0.0000e+00
        376     28.718     2.9993   2.952243    32.3802    25.7943 0.0000e+00
        377     29.132     2.9951   2.952176    32.3834    25.7972 0.0000e+00
        378     29.547     2.9915   2.952043    32.3852    25.7989 0.0000e+00
        379     29.968     2.9874   2.951807    32.3863    25.8001 0.0000e+00
        380     30.395     2.9821   2.951432    32.3868    25.8010 0.0000e+00
        381     30.828     2.9739   2.950740    32.3865    25.8014 0.0000e+00
        382     31.265     2.9574   2.949209    32.3843    25.8011 0.0000e+00
        383     31.706     2.9261   2.946543    32.3832    25.8029 0.0000e+00
        384     32.147     2.8798   2.943146    32.3884    25.8109 0.0000e+00
        385     32.586     2.8263   2.939552    32.3984    25.8233 0.0000e+00
        386     33.017     2.7738   2.936066    32.4087    25.8359 0.0000e+00
        387     33.434     2.7256   2.932874    32.4183    25.8475 0.0000e+00
        388     33.839     2.6830   2.929977    32.4258    25.8570 0.0000e+00
        389     34.237     2.6438   2.927048    32.4295    25.8631 0.0000e+00
        390     34.627     2.6005   2.923713    32.4323    25.8689 0.0000e+00
        391     35.000     2.5548   2.920440    32.4384    25.8774 0.0000e+00
        392     35.345     2.5183   2.918135    32.4470    25.8872 0.0000e+00
        393     35.659     2.4951   2.916890    32.4551    25.8955 0.0000e+00
        394     35.947     2.4806   2.916160    32.4607    25.9012 0.0000e+00
        395     36.219     2.4706   2.915582    32.4637    25.9043 0.0000e+00
        396     36.477     2.4629   2.915067    32.4650    25.9060 0.0000e+00
        397     36.710     2.4563   2.914654    32.4665    25.9077 0.0000e+00
        398     36.921     2.4516   2.914380    32.4678    25.9091 0.0000e+00
        399     37.120     2.4475   2.914132    32.4689    25.9103 0.0000e+00
        400     37.308     2.4425   2.913838    32.4702    25.9118 0.0000e+00
        401     37.486     2.4374   2.913580    32.4722    25.9137 0.0000e+00
        402     37.647     2.4345   2.913430    32.4732    25.9147 0.0000e+00
        403     37.790     2.4340   2.913325    32.4723    25.9141 0.0000e+00
        404     37.922     2.4321   2.913108    32.4715    25.9136 0.0000e+00
        405     38.050     2.4269   2.912761    32.4725    25.9148 0.0000e+00
        406     38.172     2.4223   2.912508    32.4740    25.9163 0.0000e+00
        407     38.281     2.4208   2.912435    32.4745    25.9169 0.0000e+00
        408     38.379     2.4204   2.912394    32.4744    25.9168 0.0000e+00
        409     38.469     2.4192   2.912334    32.4748    25.9173 0.0000e+00
        410     38.549     2.4179   2.912283    32.4755    25.9179 0.0000e+00
