Datasets/Test_Dataset_39219_tow/originals/tel219_2021_016.cnv
* Sea-Bird SBE19plus Data File:
* Filename = C:/AQUIRE/tel219_2021_016.hex
* Software Version AquireV2 AF V2.0
* Temperature SN =  4020
* Conductivity SN =  4020
* System UpLoad Time = May 07 2021 14:23:44
** VESSEL/TRIP/SEQ STN: tel219_2021_016
** LATITUDE: 46 34.76 N
** LONGITUDE: 56 25.34 W
** DATE/TIME: 2021-05-07 13:06
** SOUNDING DEPTH (M): 0103
** PROBE TYPE: S4020
** CTD NUMBER:  16
** FORMAT: t
** COMMENTS: 
# nquan = 7                                 
# nvalues = 4376                        
# units = specified
# name 0 = scan: Scan Count
# name 1 = prdM: Pressure, Strain Gauge [db]
# name 2 = tv290C: Temperature [ITS-90, deg C]
# name 3 = c0S/m: Conductivity [S/m]
# name 4 = sal00: Salinity, Practical [PSU]
# name 5 = sigma-t00: Density [sigma-t, kg/m^3 ]
# name 6 = flag: flag
# span 0 =          1,       4376       
# span 1 =     -0.210,    103.042       
# span 2 =     1.0611,     4.8046       
# span 3 =   0.006184,   2.964525       
# span 4 =     0.0460,    32.3297       
# span 5 =     0.0069,    25.8883       
# span 6 = 0.0000e+00, 0.0000e+00       
# interval = seconds: 1
# start_time = May 07 2021 13:06:42 [Instrument's time stamp, header]
# bad_flag = -9.990e-29
*END*
[from data line 411]
        412     -0.178     4.3690   0.006811     0.0512     0.0151 0.0000e+00
        413     -0.176     4.3684   0.006843     0.0515     0.0153 0.0000e+00
        414     -0.176     4.3678   0.006864     0.0517     0.0154 0.0000e+00
        415     -0.176     4.3672   0.006864     0.0517     0.0154 0.0000e+00
        416     -0.177     4.3666   0.006843     0.0515     0.0153 0.0000e+00
        417     -0.179     4.3659   0.006820     0.0513     0.0152 0.0000e+00
        418     -0.178     4.3653   0.006825     0.0514     0.0152 0.0000e+00
        419     -0.176     4.3647   0.006846     0.0515     0.0154 0.0000e+00
        420     -0.177     4.3640   0.006859     0.0516     0.0154 0.0000e+00
        421     -0.179     4.3632   0.006851     0.0516     0.0154 0.0000e+00
        422     -0.180     4.3626   0.006838     0.0515     0.0153 0.0000e+00
        423     -0.181     4.3620   0.006840     0.0515     0.0153 0.0000e+00
        424     -0.181     4.3613   0.006852     0.0516     0.0154 0.0000e+00
        425     -0.180     4.3606   0.006860     0.0516     0.0155 0.0000e+00
        426     -0.179     4.3601   0.006854     0.0516     0.0154 0.0000e+00
        427     -0.179     4.3594   0.006830     0.0514     0.0153 0.0000e+00
        428     -0.182     4.3589   0.006804     0.0512     0.0151 0.0000e+00
        429     -0.186     4.3583   0.006789     0.0511     0.0150 0.0000e+00
        430     -0.186     4.3576   0.006809     0.0512     0.0152 0.0000e+00
        431     -0.183     4.3570   0.006846     0.0515     0.0154 0.0000e+00
        432     -0.180     4.3564   0.006859     0.0516     0.0155 0.0000e+00
        433     -0.179     4.3559   0.006857     0.0516     0.0155 0.0000e+00
        434     -0.180     4.3553   0.006840     0.0515     0.0154 0.0000e+00
        435     -0.181     4.3547   0.006818     0.0513     0.0153 0.0000e+00
        436     -0.183     4.3541   0.006834     0.0514     0.0154 0.0000e+00
        437     -0.182     4.3533   0.006863     0.0517     0.0155 0.0000e+00
        438     -0.179     4.3528   0.006870     0.0517     0.0156 0.0000e+00
        439     -0.178     4.3522   0.006861     0.0516     0.0155 0.0000e+00
        440     -0.178     4.3517   0.006850     0.0516     0.0155 0.0000e+00
        441     -0.178     4.3512   0.006865     0.0517     0.0156 0.0000e+00
        442     -0.178     4.3506   0.006882     0.0518     0.0157 0.0000e+00
        443     -0.180     4.3499   0.006875     0.0518     0.0156 0.0000e+00
        444     -0.184     4.3493   0.006865     0.0517     0.0156 0.0000e+00
        445     -0.187     4.3487   0.006847     0.0515     0.0155 0.0000e+00
        446     -0.186     4.3481   0.006827     0.0514     0.0154 0.0000e+00
        447     -0.184     4.3475   0.006816     0.0513     0.0153 0.0000e+00
        448     -0.185     4.3468   0.006808     0.0512     0.0152 0.0000e+00
        449     -0.186     4.3461   0.006803     0.0512     0.0152 0.0000e+00
        450     -0.186     4.3453   0.006805     0.0512     0.0152 0.0000e+00
        451     -0.187     4.3447   0.006816     0.0513     0.0153 0.0000e+00
        452     -0.188     4.3441   0.006827     0.0514     0.0154 0.0000e+00
        453     -0.187     4.3436   0.006833     0.0514     0.0154 0.0000e+00
        454     -0.185     4.3430   0.006821     0.0514     0.0153 0.0000e+00
        455     -0.185     4.3424   0.006800     0.0512     0.0152 0.0000e+00
        456     -0.184     4.3418   0.006810     0.0513     0.0153 0.0000e+00
        457     -0.184     4.3411   0.006835     0.0515     0.0155 0.0000e+00
        458     -0.186     4.3404   0.006841     0.0515     0.0155 0.0000e+00
        459     -0.189     4.3398   0.006844     0.0515     0.0155 0.0000e+00
        460     -0.190     4.3392   0.006852     0.0516     0.0156 0.0000e+00
        461     -0.190     4.3387   0.006844     0.0515     0.0155 0.0000e+00
        462     -0.191     4.3381   0.006822     0.0514     0.0154 0.0000e+00
        463     -0.193     4.3373   0.006805     0.0512     0.0153 0.0000e+00
        464     -0.195     4.3368   0.006793     0.0511     0.0152 0.0000e+00
        465     -0.195     4.3361   0.006787     0.0511     0.0152 0.0000e+00
        466     -0.193     4.3355   0.006800     0.0512     0.0153 0.0000e+00
        467     -0.191     4.3349   0.006819     0.0513     0.0154 0.0000e+00
        468     -0.187     4.3342   0.006821     0.0514     0.0154 0.0000e+00
        469     -0.185     4.3335   0.006801     0.0512     0.0153 0.0000e+00
        470     -0.186     4.3329   0.006786     0.0511     0.0152 0.0000e+00
        471     -0.185     4.3323   0.006800     0.0512     0.0153 0.0000e+00
        472     -0.180     4.3317   0.006825     0.0514     0.0155 0.0000e+00
        473     -0.177     4.3311   0.006837     0.0515     0.0155 0.0000e+00
        474     -0.179     4.3304   0.006829     0.0514     0.0155 0.0000e+00
        475     -0.180     4.3298   0.006811     0.0513     0.0154 0.0000e+00
        476     -0.178     4.3292   0.006815     0.0513     0.0154 0.0000e+00
        477     -0.176     4.3285   0.006845     0.0516     0.0156 0.0000e+00
        478     -0.179     4.3278   0.006858     0.0517     0.0157 0.0000e+00
        479     -0.182     4.3272   0.006853     0.0516     0.0157 0.0000e+00
        480     -0.183     4.3266   0.006838     0.0515     0.0156 0.0000e+00
        481     -0.182     4.3259   0.006809     0.0513     0.0154 0.0000e+00
        482     -0.182     4.3251   0.006785     0.0511     0.0152 0.0000e+00
        483     -0.183     4.3244   0.006792     0.0511     0.0153 0.0000e+00
        484     -0.184     4.3238   0.006814     0.0513     0.0154 0.0000e+00
        485     -0.185     4.3232   0.006814     0.0513     0.0154 0.0000e+00
        486     -0.187     4.3224   0.006800     0.0512     0.0154 0.0000e+00
        487     -0.191     4.3218   0.006805     0.0513     0.0154 0.0000e+00
        488     -0.194     4.3213   0.006822     0.0514     0.0155 0.0000e+00
        489     -0.195     4.3206   0.006821     0.0514     0.0155 0.0000e+00
        490     -0.197     4.3200   0.006805     0.0513     0.0154 0.0000e+00
        491     -0.197     4.3194   0.006799     0.0512     0.0154 0.0000e+00
        492     -0.195     4.3187   0.006809     0.0513     0.0154 0.0000e+00
        493     -0.192     4.3181   0.006826     0.0514     0.0155 0.0000e+00
        494     -0.191     4.3176   0.006837     0.0515     0.0156 0.0000e+00
        495     -0.188     4.3170   0.006836     0.0515     0.0156 0.0000e+00
        496     -0.183     4.3163   0.006832     0.0515     0.0156 0.0000e+00
        497     -0.182     4.3157   0.006824     0.0514     0.0155 0.0000e+00
        498     -0.183     4.3151   0.006812     0.0513     0.0155 0.0000e+00
        499     -0.185     4.3144   0.006818     0.0514     0.0155 0.0000e+00
        500     -0.188     4.3137   0.006840     0.0515     0.0157 0.0000e+00
        501     -0.188     4.3132   0.006848     0.0516     0.0157 0.0000e+00
        502     -0.184     4.3126   0.006830     0.0515     0.0156 0.0000e+00
        503     -0.181     4.3120   0.006810     0.0513     0.0155 0.0000e+00
        504     -0.181     4.3114   0.006804     0.0513     0.0155 0.0000e+00
        505     -0.183     4.3108   0.006812     0.0513     0.0155 0.0000e+00
        506     -0.186     4.3102   0.006824     0.0514     0.0156 0.0000e+00
        507     -0.188     4.3096   0.006832     0.0515     0.0156 0.0000e+00
        508     -0.190     4.3091   0.006843     0.0516     0.0157 0.0000e+00
        509     -0.192     4.3083   0.006848     0.0516     0.0157 0.0000e+00
        510     -0.192     4.3076   0.006839     0.0515     0.0157 0.0000e+00
        511     -0.190     4.3071   0.006824     0.0514     0.0156 0.0000e+00
        512     -0.187     4.3065   0.006820     0.0514     0.0156 0.0000e+00
        513     -0.183     4.3060   0.006819     0.0514     0.0156 0.0000e+00
        514     -0.180     4.3053   0.006825     0.0514     0.0156 0.0000e+00
        515     -0.181     4.3048   0.006840     0.0515     0.0157 0.0000e+00
        516     -0.183     4.3041   0.006838     0.0515     0.0157 0.0000e+00
        517     -0.181     4.3035   0.006845     0.0516     0.0158 0.0000e+00
        518     -0.181     4.3029   0.006850     0.0516     0.0158 0.0000e+00
        519     -0.185     4.3022   0.006831     0.0515     0.0157 0.0000e+00
        520     -0.188     4.3015   0.006819     0.0514     0.0156 0.0000e+00
        521     -0.188     4.3010   0.006827     0.0514     0.0157 0.0000e+00
        522     -0.188     4.3004   0.006834     0.0515     0.0157 0.0000e+00
        523     -0.187     4.2999   0.006836     0.0515     0.0157 0.0000e+00
        524     -0.187     4.2992   0.006829     0.0515     0.0157 0.0000e+00
        525     -0.186     4.2986   0.006810     0.0513     0.0156 0.0000e+00
        526     -0.187     4.2980   0.006789     0.0512     0.0154 0.0000e+00
        527     -0.188     4.2974   0.006785     0.0511     0.0154 0.0000e+00
        528     -0.189     4.2968   0.006796     0.0512     0.0155 0.0000e+00
        529     -0.191     4.2962   0.006803     0.0513     0.0155 0.0000e+00
        530     -0.189     4.2957   0.006798     0.0512     0.0155 0.0000e+00
        531     -0.187     4.2950   0.006798     0.0512     0.0155 0.0000e+00
        532     -0.188     4.2942   0.006810     0.0513     0.0156 0.0000e+00
        533     -0.191     4.2936   0.006817     0.0514     0.0156 0.0000e+00
        534     -0.193     4.2931   0.006819     0.0514     0.0157 0.0000e+00
        535     -0.191     4.2926   0.006823     0.0514     0.0157 0.0000e+00
        536     -0.190     4.2919   0.006810     0.0513     0.0156 0.0000e+00
        537     -0.191     4.2912   0.006790     0.0512     0.0155 0.0000e+00
        538     -0.192     4.2906   0.006784     0.0511     0.0155 0.0000e+00
        539     -0.191     4.2901   0.006793     0.0512     0.0155 0.0000e+00
        540     -0.189     4.2895   0.006798     0.0512     0.0155 0.0000e+00
        541     -0.188     4.2888   0.006796     0.0512     0.0155 0.0000e+00
        542     -0.188     4.2882   0.006798     0.0512     0.0156 0.0000e+00
        543     -0.189     4.2877   0.006796     0.0512     0.0155 0.0000e+00
        544     -0.192     4.2872   0.006788     0.0512     0.0155 0.0000e+00
        545     -0.195     4.2866   0.006785     0.0511     0.0155 0.0000e+00
        546     -0.197     4.2859   0.006783     0.0511     0.0155 0.0000e+00
        547     -0.196     4.2855   0.006784     0.0511     0.0155 0.0000e+00
        548     -0.194     4.2849   0.006787     0.0512     0.0155 0.0000e+00
        549     -0.193     4.2843   0.006777     0.0511     0.0154 0.0000e+00
        550     -0.194     4.2836   0.006769     0.0510     0.0154 0.0000e+00
        551     -0.193     4.2831   0.006783     0.0511     0.0155 0.0000e+00
        552     -0.193     4.2824   0.006797     0.0512     0.0156 0.0000e+00
        553     -0.193     4.2819   0.006808     0.0513     0.0157 0.0000e+00
        554     -0.190     4.2813   0.006806     0.0513     0.0156 0.0000e+00
        555     -0.188     4.2807   0.006778     0.0511     0.0155 0.0000e+00
        556     -0.189     4.2802   0.006764     0.0510     0.0154 0.0000e+00
        557     -0.192     4.2797   0.006780     0.0511     0.0155 0.0000e+00
        558     -0.195     4.2794   0.006789     0.0512     0.0156 0.0000e+00
        559     -0.193     4.2788   0.006784     0.0511     0.0155 0.0000e+00
        560     -0.187     4.2782   0.006786     0.0512     0.0155 0.0000e+00
        561     -0.184     4.2776   0.006789     0.0512     0.0156 0.0000e+00
        562     -0.186     4.2772   0.006783     0.0511     0.0155 0.0000e+00
        563     -0.190     4.2768   0.006777     0.0511     0.0155 0.0000e+00
        564     -0.193     4.2763   0.006770     0.0510     0.0155 0.0000e+00
        565     -0.192     4.2757   0.006767     0.0510     0.0154 0.0000e+00
        566     -0.190     4.2752   0.006773     0.0511     0.0155 0.0000e+00
        567     -0.188     4.2748   0.006777     0.0511     0.0155 0.0000e+00
        568     -0.187     4.2743   0.006795     0.0512     0.0156 0.0000e+00
        569     -0.189     4.2738   0.006809     0.0513     0.0157 0.0000e+00
        570     -0.191     4.2733   0.006789     0.0512     0.0156 0.0000e+00
        571     -0.192     4.2729   0.006767     0.0510     0.0155 0.0000e+00
        572     -0.192     4.2725   0.006758     0.0509     0.0154 0.0000e+00
        573     -0.191     4.2720   0.006752     0.0509     0.0154 0.0000e+00
        574     -0.191     4.2715   0.006774     0.0511     0.0155 0.0000e+00
        575     -0.192     4.2712   0.006807     0.0513     0.0157 0.0000e+00
        576     -0.192     4.2706   0.006809     0.0513     0.0157 0.0000e+00
        577     -0.190     4.2702   0.006804     0.0513     0.0157 0.0000e+00
        578     -0.191     4.2697   0.006809     0.0513     0.0157 0.0000e+00
        579     -0.191     4.2692   0.006804     0.0513     0.0157 0.0000e+00
        580     -0.189     4.2688   0.006792     0.0512     0.0156 0.0000e+00
        581     -0.190     4.2684   0.006785     0.0512     0.0156 0.0000e+00
        582     -0.193     4.2681   0.006784     0.0511     0.0156 0.0000e+00
        583     -0.193     4.2677   0.006796     0.0512     0.0157 0.0000e+00
        584     -0.194     4.2672   0.006817     0.0514     0.0158 0.0000e+00
        585     -0.197     4.2667   0.006810     0.0513     0.0158 0.0000e+00
        586     -0.197     4.2662   0.006791     0.0512     0.0156 0.0000e+00
        587     -0.196     4.2659   0.006794     0.0512     0.0157 0.0000e+00
        588     -0.197     4.2654   0.006793     0.0512     0.0157 0.0000e+00
        589     -0.200     4.2650   0.006777     0.0511     0.0156 0.0000e+00
        590     -0.201     4.2646   0.006762     0.0510     0.0155 0.0000e+00
        591     -0.198     4.2643   0.006762     0.0510     0.0155 0.0000e+00
        592     -0.195     4.2638   0.006775     0.0511     0.0156 0.0000e+00
        593     -0.192     4.2634   0.006785     0.0512     0.0156 0.0000e+00
        594     -0.190     4.2629   0.006769     0.0510     0.0155 0.0000e+00
        595     -0.189     4.2624   0.006740     0.0508     0.0153 0.0000e+00
        596     -0.190     4.2621   0.006733     0.0508     0.0153 0.0000e+00
        597     -0.191     4.2617   0.006749     0.0509     0.0154 0.0000e+00
        598     -0.190     4.2613   0.006767     0.0510     0.0155 0.0000e+00
        599     -0.187     4.2608   0.006779     0.0511     0.0156 0.0000e+00
        600     -0.186     4.2604   0.006785     0.0512     0.0156 0.0000e+00
        601     -0.188     4.2600   0.006779     0.0511     0.0156 0.0000e+00
        602     -0.193     4.2595   0.006759     0.0510     0.0155 0.0000e+00
        603     -0.197     4.2592   0.006756     0.0509     0.0155 0.0000e+00
        604     -0.196     4.2588   0.006766     0.0510     0.0155 0.0000e+00
        605     -0.192     4.2584   0.006774     0.0511     0.0156 0.0000e+00
        606     -0.190     4.2580   0.006783     0.0512     0.0156 0.0000e+00
        607     -0.192     4.2576   0.006781     0.0511     0.0156 0.0000e+00
        608     -0.195     4.2571   0.006762     0.0510     0.0155 0.0000e+00
        609     -0.198     4.2568   0.006756     0.0509     0.0155 0.0000e+00
        610     -0.199     4.2563   0.006764     0.0510     0.0155 0.0000e+00
        611     -0.199     4.2559   0.006770     0.0511     0.0156 0.0000e+00
        612     -0.198     4.2554   0.006773     0.0511     0.0156 0.0000e+00
        613     -0.196     4.2550   0.006771     0.0511     0.0156 0.0000e+00
        614     -0.193     4.2546   0.006767     0.0510     0.0156 0.0000e+00
        615     -0.193     4.2542   0.006757     0.0510     0.0155 0.0000e+00
