Datasets/Test_Dataset_39219_tow/originals/tel219_2021_065.cnv
* Sea-Bird SBE19plus Data File:
* Filename = C:/AQUIRE/tel219_2021_065.hex
* Software Version AquireV2 AF V2.0
* Temperature SN =  4020
* Conductivity SN =  4020
* System UpLoad Time = May 14 2021 23:05:47
** VESSEL/TRIP/SEQ STN: tel219_2021_065
** LATITUDE: 45 44.67 N
** LONGITUDE: 54 29.69 W
** DATE/TIME: 2021-05-14 22:19
** SOUNDING DEPTH (M): 0084
** PROBE TYPE: S4020
** CTD NUMBER: 065
** FORMAT: T
** COMMENTS: 
# nquan = 7                                 
# nvalues = 2751                        
# units = specified
# name 0 = scan: Scan Count
# name 1 = prdM: Pressure, Strain Gauge [db]
# name 2 = tv290C: Temperature [ITS-90, deg C]
# name 3 = c0S/m: Conductivity [S/m]
# name 4 = sal00: Salinity, Practical [PSU]
# name 5 = sigma-t00: Density [sigma-t, kg/m^3 ]
# name 6 = flag: flag
# span 0 =          1,       2751       
# span 1 =     -0.097,     80.283       
# span 2 =     0.4476,     4.6211       
# span 3 =   0.006075,   3.035221       
# span 4 =     0.0454,    32.9207       
# span 5 =     0.0085,    26.2682       
# span 6 = 0.0000e+00, 0.0000e+00       
# interval = seconds: 1
# start_time = May 14 2021 22:19:35 [Instrument's time stamp, header]
# bad_flag = -9.990e-29
*END*
[from data line 1642]
       1643     79.879     0.4562   2.771097    32.7051    26.2310 0.0000e+00
       1644     79.890     0.4562   2.771098    32.7051    26.2311 0.0000e+00
       1645     79.902     0.4564   2.771100    32.7049    26.2309 0.0000e+00
       1646     79.909     0.4566   2.771110    32.7048    26.2308 0.0000e+00
       1647     79.914     0.4568   2.771125    32.7048    26.2308 0.0000e+00
       1648     79.922     0.4572   2.771143    32.7046    26.2306 0.0000e+00
       1649     79.931     0.4575   2.771154    32.7044    26.2304 0.0000e+00
       1650     79.937     0.4576   2.771155    32.7043    26.2304 0.0000e+00
       1651     79.931     0.4574   2.771144    32.7044    26.2304 0.0000e+00
       1652     79.912     0.4572   2.771133    32.7045    26.2305 0.0000e+00
       1653     79.897     0.4569   2.771125    32.7047    26.2307 0.0000e+00
       1654     79.896     0.4567   2.771113    32.7048    26.2308 0.0000e+00
       1655     79.904     0.4567   2.771103    32.7046    26.2306 0.0000e+00
       1656     79.913     0.4566   2.771102    32.7047    26.2307 0.0000e+00
       1657     79.920     0.4565   2.771109    32.7049    26.2309 0.0000e+00
       1658     79.923     0.4566   2.771114    32.7049    26.2308 0.0000e+00
       1659     79.925     0.4566   2.771115    32.7049    26.2309 0.0000e+00
       1660     79.931     0.4567   2.771110    32.7047    26.2307 0.0000e+00
       1661     79.934     0.4567   2.771109    32.7047    26.2307 0.0000e+00
       1662     79.927     0.4568   2.771116    32.7047    26.2307 0.0000e+00
       1663     79.915     0.4570   2.771130    32.7047    26.2306 0.0000e+00
       1664     79.911     0.4572   2.771136    32.7045    26.2305 0.0000e+00
       1665     79.914     0.4572   2.771133    32.7045    26.2305 0.0000e+00
       1666     79.920     0.4570   2.771125    32.7046    26.2306 0.0000e+00
       1667     79.933     0.4568   2.771119    32.7047    26.2307 0.0000e+00
       1668     79.953     0.4567   2.771115    32.7048    26.2307 0.0000e+00
       1669     79.972     0.4567   2.771115    32.7047    26.2307 0.0000e+00
       1670     79.981     0.4567   2.771083    32.7043    26.2304 0.0000e+00
       1671     79.981     0.4570   2.771062    32.7037    26.2299 0.0000e+00
       1672     79.980     0.4577   2.771118    32.7037    26.2299 0.0000e+00
       1673     79.985     0.4585   2.771189    32.7038    26.2299 0.0000e+00
       1674     80.005     0.4587   2.771211    32.7039    26.2299 0.0000e+00
       1675     80.047     0.4586   2.771199    32.7038    26.2299 0.0000e+00
       1676     80.107     0.4583   2.771182    32.7038    26.2299 0.0000e+00
       1677     80.170     0.4582   2.771182    32.7039    26.2300 0.0000e+00
       1678     80.227     0.4582   2.771200    32.7041    26.2301 0.0000e+00
       1679     80.268     0.4584   2.771224    32.7042    26.2302 0.0000e+00
       1680     80.283     0.4586   2.771244    32.7042    26.2302 0.0000e+00
       1681     80.275     0.4588   2.771252    32.7041    26.2301 0.0000e+00
       1682     80.241     0.4590   2.771258    32.7040    26.2300 0.0000e+00
       1683     80.172     0.4592   2.771264    32.7039    26.2299 0.0000e+00
       1684     80.069     0.4592   2.771271    32.7041    26.2301 0.0000e+00
       1685     79.938     0.4592   2.771277    32.7042    26.2302 0.0000e+00
       1686     79.783     0.4593   2.771271    32.7041    26.2301 0.0000e+00
       1687     79.609     0.4593   2.771258    32.7041    26.2300 0.0000e+00
       1688     79.421     0.4594   2.771247    32.7039    26.2299 0.0000e+00
       1689     79.216     0.4596   2.771240    32.7037    26.2298 0.0000e+00
       1690     78.995     0.4597   2.771240    32.7038    26.2298 0.0000e+00
       1691     78.768     0.4598   2.771234    32.7037    26.2297 0.0000e+00
       1692     78.544     0.4597   2.771216    32.7037    26.2297 0.0000e+00
       1693     78.321     0.4597   2.771198    32.7036    26.2297 0.0000e+00
       1694     78.101     0.4598   2.771193    32.7036    26.2296 0.0000e+00
       1695     77.886     0.4601   2.771197    32.7034    26.2295 0.0000e+00
       1696     77.673     0.4608   2.771210    32.7030    26.2291 0.0000e+00
       1697     77.450     0.4615   2.771223    32.7025    26.2287 0.0000e+00
       1698     77.217     0.4617   2.771213    32.7023    26.2285 0.0000e+00
       1699     76.983     0.4617   2.771212    32.7024    26.2286 0.0000e+00
       1700     76.747     0.4617   2.771233    32.7028    26.2289 0.0000e+00
       1701     76.509     0.4620   2.771251    32.7029    26.2290 0.0000e+00
       1702     76.268     0.4622   2.771245    32.7027    26.2288 0.0000e+00
       1703     76.023     0.4622   2.771220    32.7026    26.2287 0.0000e+00
       1704     75.774     0.4622   2.771200    32.7024    26.2286 0.0000e+00
       1705     75.522     0.4622   2.771190    32.7025    26.2286 0.0000e+00
       1706     75.275     0.4622   2.771179    32.7025    26.2286 0.0000e+00
       1707     75.039     0.4626   2.771162    32.7019    26.2282 0.0000e+00
       1708     74.811     0.4634   2.771161    32.7012    26.2275 0.0000e+00
       1709     74.583     0.4646   2.771181    32.7003    26.2268 0.0000e+00
       1710     74.351     0.4651   2.771181    32.6999    26.2264 0.0000e+00
       1711     74.114     0.4647   2.771192    32.7006    26.2270 0.0000e+00
       1712     73.875     0.4646   2.771255    32.7017    26.2279 0.0000e+00
       1713     73.635     0.4650   2.771305    32.7021    26.2281 0.0000e+00
       1714     73.393     0.4658   2.771330    32.7017    26.2278 0.0000e+00
       1715     73.151     0.4668   2.771344    32.7009    26.2271 0.0000e+00
       1716     72.909     0.4689   2.771346    32.6989    26.2254 0.0000e+00
       1717     72.668     0.4709   2.771366    32.6972    26.2239 0.0000e+00
       1718     72.426     0.4714   2.771438    32.6977    26.2243 0.0000e+00
       1719     72.180     0.4715   2.771602    32.6999    26.2260 0.0000e+00
       1720     71.932     0.4728   2.771778    32.7009    26.2268 0.0000e+00
       1721     71.685     0.4743   2.771797    32.6997    26.2258 0.0000e+00
       1722     71.439     0.4750   2.771695    32.6978    26.2242 0.0000e+00
       1723     71.193     0.4757   2.771734    32.6977    26.2241 0.0000e+00
       1724     70.943     0.4778   2.772002    32.6991    26.2251 0.0000e+00
       1725     70.686     0.4814   2.772301    32.6993    26.2251 0.0000e+00
       1726     70.424     0.4848   2.772518    32.6987    26.2244 0.0000e+00
       1727     70.165     0.4875   2.772663    32.6979    26.2236 0.0000e+00
       1728     69.912     0.4909   2.772910    32.6976    26.2232 0.0000e+00
       1729     69.664     0.4981   2.773574    32.6988    26.2237 0.0000e+00
       1730     69.418     0.5112   2.774576    32.6980    26.2224 0.0000e+00
       1731     69.175     0.5263   2.775438    32.6934    26.2179 0.0000e+00
       1732     68.938     0.5379   2.775960    32.6880    26.2129 0.0000e+00
       1733     68.701     0.5453   2.776274    32.6844    26.2096 0.0000e+00
       1734     68.460     0.5509   2.776598    32.6828    26.2080 0.0000e+00
       1735     68.215     0.5575   2.777095    32.6824    26.2073 0.0000e+00
       1736     67.969     0.5659   2.777617    32.6804    26.2053 0.0000e+00
       1737     67.723     0.5735   2.777984    32.6773    26.2023 0.0000e+00
       1738     67.482     0.5767   2.778053    32.6749    26.2003 0.0000e+00
       1739     67.247     0.5771   2.778004    32.6740    26.1995 0.0000e+00
       1740     67.016     0.5818   2.778391    32.6742    26.1994 0.0000e+00
       1741     66.788     0.5938   2.779127    32.6712    26.1963 0.0000e+00
       1742     66.557     0.6071   2.779754    32.6653    26.1909 0.0000e+00
       1743     66.323     0.6166   2.780281    32.6623    26.1879 0.0000e+00
       1744     66.089     0.6248   2.780900    32.6618    26.1870 0.0000e+00
       1745     65.855     0.6368   2.781664    32.6591    26.1842 0.0000e+00
       1746     65.619     0.6514   2.782428    32.6537    26.1791 0.0000e+00
       1747     65.379     0.6640   2.783055    32.6486    26.1743 0.0000e+00
       1748     65.136     0.6742   2.783671    32.6460    26.1716 0.0000e+00
       1749     64.892     0.6849   2.784346    32.6436    26.1691 0.0000e+00
       1750     64.647     0.6977   2.785136    32.6404    26.1658 0.0000e+00
       1751     64.399     0.7126   2.786106    32.6374    26.1625 0.0000e+00
       1752     64.144     0.7286   2.787122    32.6338    26.1587 0.0000e+00
       1753     63.877     0.7444   2.787964    32.6282    26.1533 0.0000e+00
       1754     63.599     0.7569   2.788363    32.6203    26.1463 0.0000e+00
       1755     63.319     0.7628   2.788444    32.6153    26.1419 0.0000e+00
       1756     63.044     0.7651   2.788658    32.6158    26.1422 0.0000e+00
       1757     62.770     0.7706   2.789227    32.6175    26.1432 0.0000e+00
       1758     62.488     0.7833   2.790182    32.6166    26.1418 0.0000e+00
       1759     62.192     0.8029   2.791689    32.6156    26.1398 0.0000e+00
       1760     61.879     0.8274   2.793639    32.6151    26.1380 0.0000e+00
       1761     61.551     0.8522   2.795420    32.6121    26.1342 0.0000e+00
       1762     61.210     0.8746   2.796949    32.6084    26.1300 0.0000e+00
       1763     60.857     0.8976   2.798464    32.6040    26.1250 0.0000e+00
       1764     60.488     0.9209   2.799726    32.5959    26.1172 0.0000e+00
       1765     60.095     0.9414   2.800807    32.5885    26.1100 0.0000e+00
       1766     59.675     0.9617   2.802048    32.5834    26.1047 0.0000e+00
       1767     59.233     0.9831   2.803430    32.5789    26.0998 0.0000e+00
       1768     58.770     1.0042   2.804905    32.5760    26.0962 0.0000e+00
       1769     58.286     1.0237   2.806399    32.5750    26.0942 0.0000e+00
       1770     57.784     1.0418   2.807814    32.5744    26.0927 0.0000e+00
       1771     57.258     1.0610   2.809207    32.5725    26.0900 0.0000e+00
       1772     56.703     1.0845   2.810516    32.5650    26.0825 0.0000e+00
       1773     56.120     1.1083   2.811423    32.5520    26.0706 0.0000e+00
       1774     55.513     1.1263   2.811989    32.5408    26.0605 0.0000e+00
       1775     54.883     1.1412   2.812879    32.5369    26.0565 0.0000e+00
       1776     54.229     1.1611   2.814531    32.5376    26.0558 0.0000e+00
       1777     53.545     1.1882   2.816580    32.5359    26.0527 0.0000e+00
       1778     52.830     1.2175   2.818571    32.5311    26.0471 0.0000e+00
       1779     52.083     1.2441   2.819984    32.5218    26.0379 0.0000e+00
       1780     51.292     1.2624   2.818701    32.4869    26.0087 0.0000e+00
       1781     50.452     1.2621   2.816097    32.4546    25.9828 0.0000e+00
       1782     49.572     1.2499   2.817430    32.4847    26.0078 0.0000e+00
       1783     48.664     1.2658   2.823597    32.5471    26.0568 0.0000e+00
       1784     47.738     1.3355   2.832077    32.5827    26.0810 0.0000e+00
       1785     46.805     1.4411   2.840668    32.5822    26.0738 0.0000e+00
       1786     45.869     1.5519   2.848468    32.5663    26.0536 0.0000e+00
       1787     44.931     1.6477   2.855397    32.5548    26.0379 0.0000e+00
       1788     44.008     1.7329   2.862346    32.5546    26.0318 0.0000e+00
       1789     43.140     1.8136   2.867279    32.5336    26.0093 0.0000e+00
       1790     42.347     1.8828   2.870488    32.5029    25.9798 0.0000e+00
       1791     41.616     1.9999   2.875233    32.4422    25.9228 0.0000e+00
       1792     40.931     2.2538   2.890730    32.3754    25.8505 0.0000e+00
       1793     40.289     2.5797   2.919674    32.4009    25.8455 0.0000e+00
       1794     39.692     2.8209   2.940525    32.4119    25.8346 0.0000e+00
       1795     39.131     2.9467   2.948363    32.3806    25.7990 0.0000e+00
       1796     38.589     3.0242   2.954429    32.3764    25.7891 0.0000e+00
       1797     38.056     3.0917   2.959853    32.3745    25.7818 0.0000e+00
       1798     37.527     3.1493   2.964280    32.3704    25.7735 0.0000e+00
       1799     37.003     3.1922   2.967669    32.3686    25.7683 0.0000e+00
       1800     36.489     3.2234   2.970516    32.3719    25.7682 0.0000e+00
       1801     35.984     3.2493   2.973161    32.3780    25.7708 0.0000e+00
       1802     35.478     3.2712   2.975459    32.3840    25.7736 0.0000e+00
       1803     34.961     3.2871   2.976741    32.3838    25.7720 0.0000e+00
       1804     34.438     3.2961   2.976426    32.3713    25.7612 0.0000e+00
       1805     33.910     3.3003   2.976027    32.3626    25.7539 0.0000e+00
       1806     33.369     3.3030   2.977023    32.3721    25.7613 0.0000e+00
       1807     32.840     3.3070   2.978021    32.3804    25.7675 0.0000e+00
       1808     32.367     3.3117   2.978072    32.3765    25.7641 0.0000e+00
       1809     31.941     3.3157   2.978024    32.3722    25.7602 0.0000e+00
       1810     31.515     3.3183   2.978367    32.3739    25.7614 0.0000e+00
       1811     31.071     3.3205   2.978950    32.3790    25.7652 0.0000e+00
       1812     30.621     3.3234   2.979312    32.3806    25.7663 0.0000e+00
       1813     30.173     3.3265   2.979420    32.3791    25.7648 0.0000e+00
       1814     29.738     3.3277   2.979315    32.3768    25.7629 0.0000e+00
       1815     29.329     3.3228   2.976889    32.3528    25.7442 0.0000e+00
       1816     28.949     3.3082   2.971919    32.3079    25.7097 0.0000e+00
       1817     28.594     3.2805   2.968638    32.2963    25.7029 0.0000e+00
       1818     28.270     3.2418   2.968507    32.3336    25.7360 0.0000e+00
       1819     27.967     3.2049   2.968844    32.3748    25.7721 0.0000e+00
       1820     27.672     3.1807   2.967823    32.3869    25.7839 0.0000e+00
       1821     27.393     3.1691   2.965687    32.3729    25.7738 0.0000e+00
       1822     27.144     3.1621   2.963723    32.3564    25.7612 0.0000e+00
       1823     26.922     3.1553   2.964577    32.3736    25.7755 0.0000e+00
       1824     26.723     3.1624   2.968614    32.4153    25.8081 0.0000e+00
       1825     26.540     3.1885   2.971285    32.4214    25.8107 0.0000e+00
       1826     26.361     3.2051   2.969639    32.3850    25.7802 0.0000e+00
       1827     26.178     3.1962   2.966008    32.3503    25.7533 0.0000e+00
       1828     26.003     3.1783   2.964043    32.3446    25.7504 0.0000e+00
       1829     25.857     3.1659   2.965577    32.3756    25.7762 0.0000e+00
       1830     25.745     3.1715   2.969839    32.4215    25.8123 0.0000e+00
       1831     25.666     3.2013   2.973662    32.4377    25.8226 0.0000e+00
       1832     25.619     3.2353   2.975104    32.4209    25.8062 0.0000e+00
       1833     25.594     3.2515   2.974613    32.3988    25.7871 0.0000e+00
       1834     25.580     3.2499   2.973158    32.3829    25.7746 0.0000e+00
       1835     25.577     3.2385   2.972132    32.3820    25.7749 0.0000e+00
       1836     25.581     3.2264   2.972507    32.3986    25.7892 0.0000e+00
       1837     25.579     3.2229   2.973506    32.4141    25.8019 0.0000e+00
       1838     25.570     3.2248   2.973564    32.4129    25.8008 0.0000e+00
       1839     25.557     3.2203   2.972205    32.4011    25.7917 0.0000e+00
       1840     25.540     3.2098   2.970295    32.3886    25.7827 0.0000e+00
       1841     25.514     3.2004   2.969101    32.3837    25.7796 0.0000e+00
       1842     25.483     3.1930   2.969011    32.3900    25.7853 0.0000e+00
       1843     25.452     3.1835   2.969347    32.4036    25.7970 0.0000e+00
       1844     25.424     3.1687   2.969756    32.4234    25.8141 0.0000e+00
       1845     25.400     3.1539   2.970606    32.4486    25.8354 0.0000e+00
       1846     25.381     3.1501   2.971697    32.4656    25.8493 0.0000e+00
