Datasets/Test_Dataset_39219_tow/originals/tel219_2021_002.cnv
* Sea-Bird SBE19plus Data File:
* Filename = C:/AQUIRE/tel219_2021_002.hex
* Software Version AquireV2 AF V2.0
* Temperature SN =  4020
* Conductivity SN =  4020
* System UpLoad Time = May 06 2021 03:30:51
** VESSEL/TRIP/SEQ STN: tel219_2021_002
** LATITUDE: 57 00.51 N
** LONGITUDE: 54 00.39 W
** DATE/TIME: 2021-05-06 02:45
** SOUNDING DEPTH (M): 0140
** PROBE TYPE: S4020
** CTD NUMBER:   2
** FORMAT: T
** COMMENTS: 
# nquan = 7                                 
# nvalues = 2708                        
# units = specified
# name 0 = scan: Scan Count
# name 1 = prdM: Pressure, Strain Gauge [db]
# name 2 = tv290C: Temperature [ITS-90, deg C]
# name 3 = c0S/m: Conductivity [S/m]
# name 4 = sal00: Salinity, Practical [PSU]
# name 5 = sigma-t00: Density [sigma-t, kg/m^3 ]
# name 6 = flag: flag
# span 0 =          1,       2708       
# span 1 =     -0.134,    136.893       
# span 2 =     0.1622,     3.2531       
# span 3 =   0.002205,   2.948972       
# span 4 =     0.0163,    32.6704       
# span 5 =    -0.0256,    26.2180       
# span 6 = 0.0000e+00, 0.0000e+00       
# interval = seconds: 1
# start_time = May 06 2021 02:45:59 [Instrument's time stamp, header]
# bad_flag = -9.990e-29
*END*
[from data line 616]
        617     57.747     1.1377   2.792011    32.2729    25.8446 0.0000e+00
        618     58.203     1.1261   2.791220    32.2746    25.8467 0.0000e+00
        619     58.660     1.1201   2.790770    32.2748    25.8472 0.0000e+00
        620     59.119     1.1155   2.790475    32.2755    25.8481 0.0000e+00
        621     59.576     1.1096   2.790125    32.2769    25.8495 0.0000e+00
        622     60.029     1.1015   2.789535    32.2775    25.8505 0.0000e+00
        623     60.486     1.0937   2.788922    32.2775    25.8510 0.0000e+00
        624     60.950     1.0882   2.788556    32.2783    25.8519 0.0000e+00
        625     61.417     1.0829   2.788229    32.2794    25.8531 0.0000e+00
        626     61.885     1.0709   2.787395    32.2809    25.8550 0.0000e+00
        627     62.353     1.0497   2.785786    32.2820    25.8572 0.0000e+00
        628     62.822     1.0248   2.783856    32.2829    25.8594 0.0000e+00
        629     63.289     1.0014   2.782119    32.2847    25.8623 0.0000e+00
        630     63.754     0.9804   2.780633    32.2872    25.8655 0.0000e+00
        631     64.217     0.9601   2.779261    32.2905    25.8693 0.0000e+00
        632     64.677     0.9366   2.777620    32.2936    25.8732 0.0000e+00
        633     65.132     0.9082   2.775557    32.2964    25.8771 0.0000e+00
        634     65.589     0.8810   2.773672    32.3003    25.8818 0.0000e+00
        635     66.055     0.8622   2.772529    32.3049    25.8866 0.0000e+00
        636     66.528     0.8497   2.771867    32.3091    25.8907 0.0000e+00
        637     67.002     0.8360   2.771148    32.3139    25.8953 0.0000e+00
        638     67.471     0.8165   2.769952    32.3186    25.9002 0.0000e+00
        639     67.935     0.7916   2.768162    32.3212    25.9037 0.0000e+00
        640     68.402     0.7651   2.766204    32.3234    25.9069 0.0000e+00
        641     68.877     0.7399   2.764514    32.3276    25.9118 0.0000e+00
        642     69.360     0.7182   2.763191    32.3330    25.9173 0.0000e+00
        643     69.847     0.7004   2.762094    32.3371    25.9216 0.0000e+00
        644     70.333     0.6847   2.761046    32.3397    25.9245 0.0000e+00
        645     70.815     0.6670   2.759859    32.3426    25.9278 0.0000e+00
        646     71.298     0.6425   2.758158    32.3460    25.9319 0.0000e+00
        647     71.783     0.6129   2.755894    32.3474    25.9346 0.0000e+00
        648     72.269     0.5867   2.753928    32.3491    25.9374 0.0000e+00
        649     72.748     0.5698   2.752990    32.3544    25.9426 0.0000e+00
        650     73.213     0.5595   2.752619    32.3601    25.9477 0.0000e+00
        651     73.664     0.5504   2.752162    32.3635    25.9509 0.0000e+00
        652     74.107     0.5407   2.751583    32.3659    25.9534 0.0000e+00
        653     74.546     0.5317   2.750929    32.3666    25.9544 0.0000e+00
        654     74.987     0.5242   2.750245    32.3653    25.9538 0.0000e+00
        655     75.437     0.5168   2.749724    32.3661    25.9548 0.0000e+00
        656     75.892     0.5081   2.749336    32.3699    25.9583 0.0000e+00
        657     76.341     0.4985   2.748906    32.3742    25.9623 0.0000e+00
        658     76.778     0.4896   2.748455    32.3774    25.9653 0.0000e+00
        659     77.196     0.4821   2.748050    32.3798    25.9676 0.0000e+00
        660     77.594     0.4767   2.747710    32.3808    25.9688 0.0000e+00
        661     77.976     0.4723   2.747496    32.3824    25.9703 0.0000e+00
        662     78.345     0.4683   2.747297    32.3838    25.9716 0.0000e+00
        663     78.696     0.4646   2.747067    32.3845    25.9724 0.0000e+00
        664     79.028     0.4618   2.746979    32.3861    25.9738 0.0000e+00
        665     79.345     0.4602   2.746972    32.3875    25.9750 0.0000e+00
        666     79.652     0.4598   2.746916    32.3871    25.9747 0.0000e+00
        667     79.954     0.4602   2.746927    32.3866    25.9743 0.0000e+00
        668     80.254     0.4622   2.747203    32.3879    25.9752 0.0000e+00
        669     80.547     0.4658   2.747739    32.3909    25.9775 0.0000e+00
        670     80.822     0.4673   2.748071    32.3935    25.9795 0.0000e+00
        671     81.082     0.4646   2.747925    32.3943    25.9803 0.0000e+00
        672     81.326     0.4598   2.747591    32.3949    25.9810 0.0000e+00
        673     81.552     0.4555   2.747303    32.3955    25.9817 0.0000e+00
        674     81.764     0.4529   2.747176    32.3965    25.9826 0.0000e+00
        675     81.964     0.4543   2.747381    32.3976    25.9834 0.0000e+00
        676     82.156     0.4631   2.748326    32.4005    25.9853 0.0000e+00
        677     82.344     0.4829   2.750264    32.4047    25.9877 0.0000e+00
        678     82.525     0.5154   2.753264    32.4094    25.9898 0.0000e+00
        679     82.699     0.5564   2.757093    32.4159    25.9928 0.0000e+00
        680     82.871     0.5923   2.760328    32.4201    25.9942 0.0000e+00
        681     83.037     0.6144   2.762081    32.4195    25.9926 0.0000e+00
        682     83.195     0.6272   2.763042    32.4184    25.9910 0.0000e+00
        683     83.348     0.6377   2.763926    32.4187    25.9907 0.0000e+00
        684     83.503     0.6478   2.764851    32.4200    25.9912 0.0000e+00
        685     83.662     0.6535   2.765479    32.4221    25.9925 0.0000e+00
        686     83.824     0.6483   2.765074    32.4222    25.9929 0.0000e+00
        687     83.988     0.6336   2.763742    32.4203    25.9922 0.0000e+00
        688     84.150     0.6186   2.762582    32.4209    25.9935 0.0000e+00
        689     84.309     0.6076   2.761848    32.4229    25.9957 0.0000e+00
        690     84.465     0.6007   2.761355    32.4236    25.9967 0.0000e+00
        691     84.621     0.6009   2.761439    32.4244    25.9973 0.0000e+00
        692     84.779     0.6114   2.762552    32.4277    25.9994 0.0000e+00
        693     84.940     0.6278   2.764287    32.4329    26.0026 0.0000e+00
        694     85.101     0.6399   2.765413    32.4346    26.0034 0.0000e+00
        695     85.262     0.6427   2.765582    32.4338    26.0026 0.0000e+00
        696     85.429     0.6389   2.765272    32.4337    26.0027 0.0000e+00
        697     85.600     0.6312   2.764681    32.4340    26.0034 0.0000e+00
        698     85.769     0.6227   2.764030    32.4344    26.0041 0.0000e+00
        699     85.939     0.6159   2.763586    32.4357    26.0056 0.0000e+00
        700     86.115     0.6099   2.763218    32.4371    26.0070 0.0000e+00
        701     86.300     0.6034   2.762727    32.4375    26.0077 0.0000e+00
        702     86.491     0.5980   2.762321    32.4378    26.0082 0.0000e+00
        703     86.683     0.5974   2.762353    32.4387    26.0090 0.0000e+00
        704     86.876     0.6019   2.762866    32.4406    26.0102 0.0000e+00
        705     87.068     0.6092   2.763580    32.4420    26.0110 0.0000e+00
        706     87.261     0.6154   2.764158    32.4429    26.0114 0.0000e+00
        707     87.458     0.6194   2.764509    32.4431    26.0113 0.0000e+00
        708     87.660     0.6221   2.764800    32.4439    26.0118 0.0000e+00
        709     87.871     0.6239   2.765047    32.4451    26.0127 0.0000e+00
        710     88.088     0.6235   2.765112    32.4463    26.0136 0.0000e+00
        711     88.307     0.6199   2.764933    32.4476    26.0149 0.0000e+00
        712     88.528     0.6136   2.764567    32.4493    26.0167 0.0000e+00
        713     88.748     0.6067   2.764154    32.4511    26.0185 0.0000e+00
        714     88.969     0.6008   2.763803    32.4526    26.0200 0.0000e+00
        715     89.192     0.5959   2.763530    32.4541    26.0215 0.0000e+00
        716     89.416     0.5905   2.763222    32.4557    26.0230 0.0000e+00
        717     89.642     0.5817   2.762638    32.4572    26.0247 0.0000e+00
        718     89.870     0.5698   2.761776    32.4584    26.0263 0.0000e+00
        719     90.099     0.5590   2.761064    32.4604    26.0285 0.0000e+00
        720     90.334     0.5521   2.760731    32.4632    26.0312 0.0000e+00
        721     90.577     0.5480   2.760571    32.4653    26.0331 0.0000e+00
        722     90.824     0.5448   2.760415    32.4665    26.0342 0.0000e+00
        723     91.074     0.5416   2.760244    32.4675    26.0352 0.0000e+00
        724     91.324     0.5385   2.760087    32.4686    26.0362 0.0000e+00
        725     91.577     0.5357   2.759977    32.4700    26.0375 0.0000e+00
        726     91.830     0.5335   2.759891    32.4710    26.0384 0.0000e+00
        727     92.081     0.5317   2.759815    32.4718    26.0392 0.0000e+00
        728     92.331     0.5294   2.759723    32.4729    26.0401 0.0000e+00
        729     92.580     0.5266   2.759616    32.4743    26.0414 0.0000e+00
        730     92.831     0.5239   2.759563    32.4763    26.0432 0.0000e+00
        731     93.088     0.5223   2.759599    32.4783    26.0449 0.0000e+00
        732     93.346     0.5213   2.759701    32.4806    26.0467 0.0000e+00
        733     93.603     0.5197   2.759752    32.4827    26.0486 0.0000e+00
        734     93.862     0.5146   2.759509    32.4848    26.0505 0.0000e+00
        735     94.125     0.5038   2.758782    32.4866    26.0525 0.0000e+00
        736     94.390     0.4899   2.757783    32.4881    26.0545 0.0000e+00
        737     94.654     0.4773   2.756870    32.4894    26.0562 0.0000e+00
        738     94.920     0.4661   2.756051    32.4904    26.0576 0.0000e+00
        739     95.184     0.4530   2.755059    32.4911    26.0589 0.0000e+00
        740     95.449     0.4376   2.753837    32.4913    26.0598 0.0000e+00
        741     95.719     0.4259   2.752982    32.4924    26.0613 0.0000e+00
        742     95.989     0.4214   2.752883    32.4957    26.0642 0.0000e+00
        743     96.257     0.4209   2.753027    32.4979    26.0660 0.0000e+00
        744     96.522     0.4205   2.753010    32.4980    26.0661 0.0000e+00
        745     96.786     0.4202   2.752969    32.4976    26.0658 0.0000e+00
        746     97.052     0.4212   2.753177    32.4991    26.0670 0.0000e+00
        747     97.323     0.4209   2.753384    32.5020    26.0693 0.0000e+00
        748     97.600     0.4152   2.753111    32.5043    26.0714 0.0000e+00
        749     97.877     0.4044   2.752441    32.5068    26.0740 0.0000e+00
        750     98.148     0.3923   2.751576    32.5081    26.0757 0.0000e+00
        751     98.415     0.3821   2.750828    32.5090    26.0769 0.0000e+00
        752     98.680     0.3760   2.750509    32.5112    26.0790 0.0000e+00
        753     98.945     0.3760   2.750676    32.5132    26.0806 0.0000e+00
        754     99.212     0.3814   2.751286    32.5153    26.0820 0.0000e+00
        755     99.480     0.3887   2.752024    32.5170    26.0830 0.0000e+00
        756     99.745     0.3937   2.752530    32.5182    26.0837 0.0000e+00
        757    100.007     0.3946   2.752728    32.5197    26.0849 0.0000e+00
        758    100.273     0.3900   2.752557    32.5221    26.0871 0.0000e+00
        759    100.538     0.3800   2.751971    32.5249    26.0899 0.0000e+00
        760    100.799     0.3684   2.751330    32.5287    26.0935 0.0000e+00
        761    101.063     0.3591   2.750999    32.5340    26.0983 0.0000e+00
        762    101.332     0.3520   2.750864    32.5396    26.1031 0.0000e+00
        763    101.607     0.3446   2.750672    32.5448    26.1077 0.0000e+00
        764    101.884     0.3357   2.750332    32.5496    26.1120 0.0000e+00
        765    102.161     0.3267   2.749957    32.5541    26.1161 0.0000e+00
        766    102.441     0.3193   2.749690    32.5582    26.1198 0.0000e+00
        767    102.719     0.3138   2.749554    32.5621    26.1232 0.0000e+00
        768    102.991     0.3100   2.749505    32.5654    26.1260 0.0000e+00
        769    103.260     0.3068   2.749458    32.5680    26.1283 0.0000e+00
        770    103.529     0.3039   2.749376    32.5698    26.1299 0.0000e+00
        771    103.802     0.3004   2.749271    32.5720    26.1319 0.0000e+00
        772    104.080     0.2951   2.749121    32.5755    26.1349 0.0000e+00
        773    104.357     0.2878   2.748888    32.5800    26.1390 0.0000e+00
        774    104.625     0.2803   2.748617    32.5843    26.1428 0.0000e+00
        775    104.885     0.2742   2.748413    32.5879    26.1460 0.0000e+00
        776    105.148     0.2699   2.748283    32.5906    26.1484 0.0000e+00
        777    105.420     0.2671   2.748190    32.5922    26.1498 0.0000e+00
        778    105.702     0.2655   2.748142    32.5931    26.1507 0.0000e+00
        779    105.995     0.2645   2.748103    32.5935    26.1510 0.0000e+00
        780    106.303     0.2633   2.748003    32.5933    26.1509 0.0000e+00
        781    106.630     0.2609   2.747853    32.5937    26.1513 0.0000e+00
        782    106.976     0.2559   2.747667    32.5964    26.1537 0.0000e+00
        783    107.328     0.2474   2.747357    32.6011    26.1580 0.0000e+00
        784    107.674     0.2372   2.746917    32.6060    26.1624 0.0000e+00
        785    108.017     0.2293   2.746577    32.6098    26.1658 0.0000e+00
        786    108.364     0.2253   2.746466    32.6123    26.1681 0.0000e+00
        787    108.716     0.2240   2.746477    32.6137    26.1693 0.0000e+00
        788    109.075     0.2236   2.746532    32.6146    26.1700 0.0000e+00
        789    109.441     0.2229   2.746581    32.6158    26.1710 0.0000e+00
        790    109.805     0.2213   2.746577    32.6172    26.1723 0.0000e+00
        791    110.165     0.2196   2.746548    32.6184    26.1733 0.0000e+00
        792    110.524     0.2180   2.746506    32.6194    26.1742 0.0000e+00
        793    110.886     0.2159   2.746456    32.6207    26.1754 0.0000e+00
        794    111.258     0.2129   2.746437    32.6235    26.1777 0.0000e+00
        795    111.640     0.2094   2.746457    32.6272    26.1809 0.0000e+00
        796    112.022     0.2062   2.746467    32.6305    26.1837 0.0000e+00
        797    112.394     0.2037   2.746482    32.6332    26.1860 0.0000e+00
        798    112.759     0.2021   2.746553    32.6356    26.1880 0.0000e+00
        799    113.122     0.2008   2.746630    32.6378    26.1898 0.0000e+00
        800    113.483     0.1992   2.746647    32.6395    26.1913 0.0000e+00
        801    113.842     0.1970   2.746618    32.6412    26.1928 0.0000e+00
        802    114.201     0.1938   2.746550    32.6435    26.1948 0.0000e+00
        803    114.557     0.1903   2.746478    32.6461    26.1971 0.0000e+00
        804    114.909     0.1868   2.746465    32.6495    26.2000 0.0000e+00
        805    115.254     0.1840   2.746501    32.6527    26.2027 0.0000e+00
        806    115.595     0.1820   2.746505    32.6547    26.2044 0.0000e+00
        807    115.935     0.1806   2.746472    32.6556    26.2052 0.0000e+00
        808    116.279     0.1795   2.746465    32.6564    26.2059 0.0000e+00
        809    116.628     0.1787   2.746486    32.6574    26.2067 0.0000e+00
        810    116.974     0.1781   2.746505    32.6580    26.2073 0.0000e+00
        811    117.308     0.1774   2.746514    32.6587    26.2079 0.0000e+00
        812    117.633     0.1765   2.746512    32.6595    26.2085 0.0000e+00
        813    117.960     0.1754   2.746504    32.6603    26.2093 0.0000e+00
        814    118.293     0.1744   2.746492    32.6611    26.2099 0.0000e+00
        815    118.631     0.1734   2.746493    32.6619    26.2107 0.0000e+00
        816    118.967     0.1727   2.746504    32.6626    26.2113 0.0000e+00
        817    119.294     0.1720   2.746490    32.6630    26.2116 0.0000e+00
        818    119.616     0.1714   2.746456    32.6630    26.2116 0.0000e+00
        819    119.940     0.1710   2.746440    32.6630    26.2117 0.0000e+00
        820    120.270     0.1708   2.746462    32.6633    26.2119 0.0000e+00
