Datasets/Test_Dataset_39219_tow/originals/tel219_2021_025.cnv
* Sea-Bird SBE19plus Data File:
* Filename = C:/AQUIRE/tel219_2021_025.hex
* Software Version AquireV2 AF V2.0
* Temperature SN =  4020
* Conductivity SN =  4020
* System UpLoad Time = May 08 2021 15:04:18
** VESSEL/TRIP/SEQ STN: tel219_2021_025
** LATITUDE: 46 02.66 N
** LONGITUDE: 57 03.44 W
** DATE/TIME: 2021-05-08 12:45
** SOUNDING DEPTH (M): 0265
** PROBE TYPE: S4020
** CTD NUMBER: 025
** FORMAT: t
** COMMENTS: unsuccessful
# nquan = 7                                 
# nvalues = 8286                        
# units = specified
# name 0 = scan: Scan Count
# name 1 = prdM: Pressure, Strain Gauge [db]
# name 2 = tv290C: Temperature [ITS-90, deg C]
# name 3 = c0S/m: Conductivity [S/m]
# name 4 = sal00: Salinity, Practical [PSU]
# name 5 = sigma-t00: Density [sigma-t, kg/m^3 ]
# name 6 = flag: flag
# span 0 =          1,       8286       
# span 1 =     -0.667,    270.618       
# span 2 =     1.1822,     9.2051       
# span 3 =   0.004146,   3.748867       
# span 4 =     0.0311,    35.1432       
# span 5 =     0.0001,    27.3707       
# span 6 = 0.0000e+00, 0.0000e+00       
# interval = seconds: 1
# start_time = May 08 2021 12:45:38 [Instrument's time stamp, header]
# bad_flag = -9.990e-29
*END*
[from data line 6154]
       6155     -0.176     3.9253   0.004345     0.0326     0.0013 0.0000e+00
       6156     -0.175     3.9256   0.004348     0.0326     0.0013 0.0000e+00
       6157     -0.178     3.9259   0.004349     0.0326     0.0013 0.0000e+00
       6158     -0.181     3.9263   0.004347     0.0326     0.0013 0.0000e+00
       6159     -0.179     3.9267   0.004351     0.0326     0.0013 0.0000e+00
       6160     -0.175     3.9268   0.004356     0.0327     0.0014 0.0000e+00
       6161     -0.172     3.9268   0.004356     0.0327     0.0014 0.0000e+00
       6162     -0.170     3.9268   0.004355     0.0327     0.0014 0.0000e+00
       6163     -0.172     3.9266   0.004349     0.0326     0.0013 0.0000e+00
       6164     -0.177     3.9264   0.004345     0.0326     0.0013 0.0000e+00
       6165     -0.180     3.9260   0.004342     0.0326     0.0013 0.0000e+00
       6166     -0.178     3.9253   0.004340     0.0326     0.0013 0.0000e+00
       6167     -0.175     3.9246   0.004339     0.0326     0.0013 0.0000e+00
       6168     -0.174     3.9242   0.004337     0.0325     0.0012 0.0000e+00
       6169     -0.172     3.9239   0.004336     0.0325     0.0012 0.0000e+00
       6170     -0.168     3.9238   0.004336     0.0325     0.0012 0.0000e+00
       6171     -0.165     3.9234   0.004333     0.0325     0.0012 0.0000e+00
       6172     -0.165     3.9230   0.004328     0.0325     0.0012 0.0000e+00
       6173     -0.167     3.9228   0.004321     0.0324     0.0011 0.0000e+00
       6174     -0.169     3.9228   0.004320     0.0324     0.0011 0.0000e+00
       6175     -0.171     3.9230   0.004324     0.0324     0.0012 0.0000e+00
       6176     -0.174     3.9230   0.004328     0.0325     0.0012 0.0000e+00
       6177     -0.174     3.9232   0.004335     0.0325     0.0012 0.0000e+00
       6178     -0.172     3.9235   0.004338     0.0325     0.0013 0.0000e+00
       6179     -0.171     3.9234   0.004333     0.0325     0.0012 0.0000e+00
       6180     -0.171     3.9230   0.004325     0.0324     0.0012 0.0000e+00
       6181     -0.172     3.9222   0.004319     0.0324     0.0011 0.0000e+00
       6182     -0.172     3.9213   0.004317     0.0324     0.0011 0.0000e+00
       6183     -0.173     3.9207   0.004319     0.0324     0.0011 0.0000e+00
       6184     -0.175     3.9203   0.004318     0.0324     0.0011 0.0000e+00
       6185     -0.178     3.9196   0.004314     0.0324     0.0011 0.0000e+00
       6186     -0.178     3.9189   0.004311     0.0323     0.0011 0.0000e+00
       6187     -0.175     3.9182   0.004310     0.0323     0.0011 0.0000e+00
       6188     -0.173     3.9177   0.004312     0.0323     0.0011 0.0000e+00
       6189     -0.173     3.9177   0.004314     0.0324     0.0011 0.0000e+00
       6190     -0.173     3.9177   0.004313     0.0324     0.0011 0.0000e+00
       6191     -0.175     3.9175   0.004309     0.0323     0.0011 0.0000e+00
       6192     -0.177     3.9168   0.004305     0.0323     0.0010 0.0000e+00
       6193     -0.178     3.9157   0.004302     0.0323     0.0010 0.0000e+00
       6194     -0.177     3.9147   0.004300     0.0323     0.0010 0.0000e+00
       6195     -0.177     3.9138   0.004299     0.0323     0.0010 0.0000e+00
       6196     -0.178     3.9134   0.004299     0.0323     0.0010 0.0000e+00
       6197     -0.179     3.9134   0.004299     0.0323     0.0010 0.0000e+00
       6198     -0.180     3.9134   0.004298     0.0322     0.0010 0.0000e+00
       6199     -0.181     3.9132   0.004295     0.0322     0.0010 0.0000e+00
       6200     -0.181     3.9129   0.004293     0.0322     0.0010 0.0000e+00
       6201     -0.179     3.9128   0.004292     0.0322     0.0010 0.0000e+00
       6202     -0.177     3.9127   0.004293     0.0322     0.0010 0.0000e+00
       6203     -0.175     3.9125   0.004293     0.0322     0.0010 0.0000e+00
       6204     -0.174     3.9122   0.004292     0.0322     0.0010 0.0000e+00
       6205     -0.172     3.9119   0.004290     0.0322     0.0009 0.0000e+00
       6206     -0.171     3.9116   0.004285     0.0321     0.0009 0.0000e+00
       6207     -0.171     3.9113   0.004282     0.0321     0.0009 0.0000e+00
       6208     -0.174     3.9111   0.004285     0.0321     0.0009 0.0000e+00
       6209     -0.177     3.9110   0.004289     0.0322     0.0009 0.0000e+00
       6210     -0.178     3.9114   0.004293     0.0322     0.0010 0.0000e+00
       6211     -0.178     3.9120   0.004295     0.0322     0.0010 0.0000e+00
       6212     -0.177     3.9126   0.004294     0.0322     0.0010 0.0000e+00
       6213     -0.177     3.9129   0.004289     0.0322     0.0009 0.0000e+00
       6214     -0.179     3.9133   0.004287     0.0322     0.0009 0.0000e+00
       6215     -0.179     3.9137   0.004293     0.0322     0.0010 0.0000e+00
       6216     -0.176     3.9143   0.004303     0.0323     0.0010 0.0000e+00
       6217     -0.175     3.9150   0.004311     0.0323     0.0011 0.0000e+00
       6218     -0.175     3.9157   0.004314     0.0324     0.0011 0.0000e+00
       6219     -0.175     3.9164   0.004314     0.0324     0.0011 0.0000e+00
       6220     -0.173     3.9169   0.004307     0.0323     0.0011 0.0000e+00
       6221     -0.173     3.9171   0.004303     0.0323     0.0010 0.0000e+00
       6222     -0.176     3.9175   0.004305     0.0323     0.0010 0.0000e+00
       6223     -0.179     3.9177   0.004308     0.0323     0.0011 0.0000e+00
       6224     -0.178     3.9179   0.004313     0.0324     0.0011 0.0000e+00
       6225     -0.177     3.9181   0.004315     0.0324     0.0011 0.0000e+00
       6226     -0.179     3.9183   0.004311     0.0323     0.0011 0.0000e+00
       6227     -0.179     3.9185   0.004307     0.0323     0.0011 0.0000e+00
       6228     -0.179     3.9184   0.004306     0.0323     0.0011 0.0000e+00
       6229     -0.180     3.9181   0.004302     0.0323     0.0010 0.0000e+00
       6230     -0.181     3.9176   0.004296     0.0322     0.0010 0.0000e+00
       6231     -0.181     3.9169   0.004291     0.0322     0.0010 0.0000e+00
       6232     -0.179     3.9164   0.004290     0.0322     0.0010 0.0000e+00
       6233     -0.178     3.9162   0.004295     0.0322     0.0010 0.0000e+00
       6234     -0.180     3.9162   0.004297     0.0322     0.0010 0.0000e+00
       6235     -0.178     3.9162   0.004299     0.0323     0.0010 0.0000e+00
       6236     -0.172     3.9158   0.004298     0.0322     0.0010 0.0000e+00
       6237     -0.167     3.9150   0.004291     0.0322     0.0010 0.0000e+00
       6238     -0.166     3.9141   0.004280     0.0321     0.0009 0.0000e+00
       6239     -0.168     3.9130   0.004274     0.0321     0.0009 0.0000e+00
       6240     -0.172     3.9120   0.004275     0.0321     0.0009 0.0000e+00
       6241     -0.176     3.9117   0.004281     0.0321     0.0009 0.0000e+00
       6242     -0.178     3.9123   0.004288     0.0322     0.0009 0.0000e+00
       6243     -0.177     3.9131   0.004294     0.0322     0.0010 0.0000e+00
       6244     -0.173     3.9138   0.004297     0.0322     0.0010 0.0000e+00
       6245     -0.171     3.9143   0.004297     0.0322     0.0010 0.0000e+00
       6246     -0.173     3.9147   0.004296     0.0322     0.0010 0.0000e+00
       6247     -0.176     3.9150   0.004294     0.0322     0.0010 0.0000e+00
       6248     -0.179     3.9150   0.004289     0.0322     0.0009 0.0000e+00
       6249     -0.182     3.9147   0.004288     0.0322     0.0009 0.0000e+00
       6250     -0.182     3.9139   0.004286     0.0322     0.0009 0.0000e+00
       6251     -0.178     3.9129   0.004284     0.0321     0.0009 0.0000e+00
       6252     -0.172     3.9122   0.004284     0.0321     0.0009 0.0000e+00
       6253     -0.167     3.9120   0.004286     0.0322     0.0009 0.0000e+00
       6254     -0.168     3.9120   0.004285     0.0321     0.0009 0.0000e+00
       6255     -0.173     3.9120   0.004280     0.0321     0.0009 0.0000e+00
       6256     -0.176     3.9119   0.004274     0.0321     0.0008 0.0000e+00
       6257     -0.176     3.9113   0.004268     0.0320     0.0008 0.0000e+00
       6258     -0.176     3.9101   0.004268     0.0320     0.0008 0.0000e+00
       6259     -0.177     3.9086   0.004266     0.0320     0.0008 0.0000e+00
       6260     -0.178     3.9078   0.004264     0.0320     0.0008 0.0000e+00
       6261     -0.179     3.9080   0.004267     0.0320     0.0008 0.0000e+00
       6262     -0.178     3.9078   0.004268     0.0320     0.0008 0.0000e+00
       6263     -0.176     3.9071   0.004267     0.0320     0.0008 0.0000e+00
       6264     -0.176     3.9065   0.004265     0.0320     0.0008 0.0000e+00
       6265     -0.177     3.9059   0.004261     0.0320     0.0008 0.0000e+00
       6266     -0.176     3.9047   0.004257     0.0319     0.0007 0.0000e+00
       6267     -0.175     3.9030   0.004253     0.0319     0.0007 0.0000e+00
       6268     -0.177     3.9013   0.004250     0.0319     0.0007 0.0000e+00
       6269     -0.179     3.9002   0.004250     0.0319     0.0007 0.0000e+00
       6270     -0.180     3.9002   0.004250     0.0319     0.0007 0.0000e+00
       6271     -0.180     3.9007   0.004253     0.0319     0.0007 0.0000e+00
       6272     -0.180     3.9012   0.004254     0.0319     0.0007 0.0000e+00
       6273     -0.180     3.9019   0.004256     0.0319     0.0007 0.0000e+00
       6274     -0.179     3.9028   0.004262     0.0320     0.0008 0.0000e+00
       6275     -0.178     3.9039   0.004268     0.0320     0.0008 0.0000e+00
       6276     -0.177     3.9050   0.004274     0.0321     0.0008 0.0000e+00
       6277     -0.176     3.9059   0.004279     0.0321     0.0009 0.0000e+00
       6278     -0.177     3.9067   0.004284     0.0321     0.0009 0.0000e+00
       6279     -0.176     3.9074   0.004289     0.0322     0.0009 0.0000e+00
       6280     -0.173     3.9074   0.004290     0.0322     0.0009 0.0000e+00
       6281     -0.171     3.9068   0.004287     0.0322     0.0009 0.0000e+00
       6282     -0.172     3.9065   0.004281     0.0321     0.0009 0.0000e+00
       6283     -0.175     3.9062   0.004276     0.0321     0.0009 0.0000e+00
       6284     -0.176     3.9055   0.004272     0.0320     0.0008 0.0000e+00
       6285     -0.175     3.9049   0.004271     0.0320     0.0008 0.0000e+00
       6286     -0.173     3.9049   0.004274     0.0321     0.0008 0.0000e+00
       6287     -0.172     3.9055   0.004278     0.0321     0.0009 0.0000e+00
       6288     -0.172     3.9065   0.004281     0.0321     0.0009 0.0000e+00
       6289     -0.172     3.9073   0.004285     0.0321     0.0009 0.0000e+00
       6290     -0.175     3.9078   0.004288     0.0322     0.0009 0.0000e+00
       6291     -0.177     3.9082   0.004289     0.0322     0.0009 0.0000e+00
       6292     -0.176     3.9086   0.004288     0.0322     0.0009 0.0000e+00
       6293     -0.176     3.9089   0.004286     0.0322     0.0009 0.0000e+00
       6294     -0.177     3.9093   0.004286     0.0322     0.0009 0.0000e+00
       6295     -0.175     3.9096   0.004289     0.0322     0.0009 0.0000e+00
       6296     -0.173     3.9097   0.004295     0.0322     0.0010 0.0000e+00
       6297     -0.173     3.9097   0.004295     0.0322     0.0010 0.0000e+00
       6298     -0.174     3.9096   0.004291     0.0322     0.0010 0.0000e+00
       6299     -0.175     3.9095   0.004284     0.0321     0.0009 0.0000e+00
       6300     -0.176     3.9097   0.004280     0.0321     0.0009 0.0000e+00
       6301     -0.175     3.9100   0.004284     0.0321     0.0009 0.0000e+00
       6302     -0.174     3.9103   0.004291     0.0322     0.0010 0.0000e+00
       6303     -0.176     3.9107   0.004297     0.0322     0.0010 0.0000e+00
       6304     -0.176     3.9111   0.004299     0.0323     0.0010 0.0000e+00
       6305     -0.174     3.9114   0.004296     0.0322     0.0010 0.0000e+00
       6306     -0.173     3.9116   0.004292     0.0322     0.0010 0.0000e+00
       6307     -0.175     3.9119   0.004292     0.0322     0.0010 0.0000e+00
       6308     -0.181     3.9122   0.004294     0.0322     0.0010 0.0000e+00
       6309     -0.184     3.9121   0.004297     0.0322     0.0010 0.0000e+00
       6310     -0.182     3.9120   0.004299     0.0323     0.0010 0.0000e+00
       6311     -0.181     3.9120   0.004302     0.0323     0.0010 0.0000e+00
       6312     -0.180     3.9122   0.004304     0.0323     0.0010 0.0000e+00
       6313     -0.179     3.9124   0.004304     0.0323     0.0010 0.0000e+00
       6314     -0.180     3.9125   0.004300     0.0323     0.0010 0.0000e+00
       6315     -0.180     3.9127   0.004297     0.0322     0.0010 0.0000e+00
       6316     -0.179     3.9128   0.004297     0.0322     0.0010 0.0000e+00
       6317     -0.176     3.9129   0.004302     0.0323     0.0010 0.0000e+00
       6318     -0.172     3.9129   0.004306     0.0323     0.0010 0.0000e+00
       6319     -0.171     3.9131   0.004308     0.0323     0.0011 0.0000e+00
       6320     -0.173     3.9131   0.004307     0.0323     0.0011 0.0000e+00
       6321     -0.175     3.9131   0.004305     0.0323     0.0010 0.0000e+00
       6322     -0.176     3.9131   0.004306     0.0323     0.0010 0.0000e+00
       6323     -0.176     3.9131   0.004305     0.0323     0.0010 0.0000e+00
       6324     -0.175     3.9129   0.004300     0.0323     0.0010 0.0000e+00
       6325     -0.175     3.9124   0.004293     0.0322     0.0010 0.0000e+00
       6326     -0.175     3.9115   0.004289     0.0322     0.0009 0.0000e+00
       6327     -0.176     3.9106   0.004291     0.0322     0.0010 0.0000e+00
       6328     -0.179     3.9101   0.004294     0.0322     0.0010 0.0000e+00
       6329     -0.182     3.9101   0.004297     0.0322     0.0010 0.0000e+00
       6330     -0.184     3.9103   0.004297     0.0322     0.0010 0.0000e+00
       6331     -0.183     3.9105   0.004295     0.0322     0.0010 0.0000e+00
       6332     -0.180     3.9105   0.004293     0.0322     0.0010 0.0000e+00
       6333     -0.178     3.9107   0.004292     0.0322     0.0010 0.0000e+00
       6334     -0.179     3.9108   0.004290     0.0322     0.0009 0.0000e+00
       6335     -0.181     3.9105   0.004289     0.0322     0.0009 0.0000e+00
       6336     -0.182     3.9102   0.004289     0.0322     0.0009 0.0000e+00
       6337     -0.183     3.9101   0.004290     0.0322     0.0009 0.0000e+00
       6338     -0.183     3.9103   0.004293     0.0322     0.0010 0.0000e+00
       6339     -0.183     3.9105   0.004296     0.0322     0.0010 0.0000e+00
       6340     -0.184     3.9108   0.004297     0.0322     0.0010 0.0000e+00
       6341     -0.184     3.9108   0.004293     0.0322     0.0010 0.0000e+00
       6342     -0.182     3.9108   0.004287     0.0322     0.0009 0.0000e+00
       6343     -0.178     3.9108   0.004285     0.0321     0.0009 0.0000e+00
       6344     -0.174     3.9108   0.004287     0.0322     0.0009 0.0000e+00
       6345     -0.172     3.9108   0.004291     0.0322     0.0010 0.0000e+00
       6346     -0.173     3.9111   0.004295     0.0322     0.0010 0.0000e+00
       6347     -0.175     3.9116   0.004298     0.0322     0.0010 0.0000e+00
       6348     -0.175     3.9119   0.004297     0.0322     0.0010 0.0000e+00
       6349     -0.174     3.9119   0.004296     0.0322     0.0010 0.0000e+00
       6350     -0.172     3.9117   0.004296     0.0322     0.0010 0.0000e+00
       6351     -0.170     3.9116   0.004295     0.0322     0.0010 0.0000e+00
       6352     -0.169     3.9114   0.004293     0.0322     0.0010 0.0000e+00
       6353     -0.168     3.9110   0.004291     0.0322     0.0010 0.0000e+00
       6354     -0.169     3.9107   0.004290     0.0322     0.0009 0.0000e+00
       6355     -0.172     3.9104   0.004289     0.0322     0.0009 0.0000e+00
       6356     -0.172     3.9101   0.004290     0.0322     0.0009 0.0000e+00
       6357     -0.170     3.9102   0.004290     0.0322     0.0009 0.0000e+00
       6358     -0.171     3.9102   0.004286     0.0322     0.0009 0.0000e+00
