Datasets/Test_Dataset_39219_tow/originals/tel219_2021_019.cnv
* Sea-Bird SBE19plus Data File:
* Filename = C:/AQUIRE/tel219_2021_019.hex
* Software Version AquireV2 AF V2.0
* Temperature SN =  4020
* Conductivity SN =  4020
* System UpLoad Time = May 07 2021 21:37:25
** VESSEL/TRIP/SEQ STN: tel219_2021_019
** LATITUDE: 47 01.02 N
** LONGITUDE: 56 42.79 W
** DATE/TIME: 2021-05-07 20:55
** SOUNDING DEPTH (M): 0146
** PROBE TYPE: S4020
** CTD NUMBER:  19
** FORMAT: t
** COMMENTS: 
# nquan = 7                                 
# nvalues = 2584                        
# units = specified
# name 0 = scan: Scan Count
# name 1 = prdM: Pressure, Strain Gauge [db]
# name 2 = tv290C: Temperature [ITS-90, deg C]
# name 3 = c0S/m: Conductivity [S/m]
# name 4 = sal00: Salinity, Practical [PSU]
# name 5 = sigma-t00: Density [sigma-t, kg/m^3 ]
# name 6 = flag: flag
# span 0 =          1,       2584       
# span 1 =     -0.102,    143.473       
# span 2 =     1.4538,     4.2111       
# span 3 =   0.006942,   2.959630       
# span 4 =     0.0525,    32.4182       
# span 5 =     0.0170,    25.8929       
# span 6 = 0.0000e+00, 0.0000e+00       
# interval = seconds: 1
# start_time = May 07 2021 20:55:07 [Instrument's time stamp, header]
# bad_flag = -9.990e-29
*END*
[from data line 2257]
       2258      0.048     3.1905   0.028484     0.2322     0.1580 0.0000e+00
       2259      0.049     3.1905   0.028068     0.2287     0.1551 0.0000e+00
       2260      0.050     3.1902   0.027835     0.2267     0.1535 0.0000e+00
       2261      0.051     3.1899   0.027690     0.2255     0.1525 0.0000e+00
       2262      0.051     3.1897   0.027498     0.2239     0.1512 0.0000e+00
       2263      0.048     3.1898   0.027215     0.2215     0.1493 0.0000e+00
       2264      0.044     3.1904   0.026872     0.2186     0.1469 0.0000e+00
       2265      0.042     3.1907   0.026517     0.2156     0.1445 0.0000e+00
       2266      0.043     3.1908   0.026187     0.2128     0.1423 0.0000e+00
       2267      0.047     3.1906   0.025888     0.2103     0.1402 0.0000e+00
       2268      0.048     3.1904   0.025605     0.2079     0.1383 0.0000e+00
       2269      0.047     3.1902   0.025321     0.2055     0.1363 0.0000e+00
       2270      0.047     3.1901   0.025032     0.2031     0.1344 0.0000e+00
       2271      0.047     3.1898   0.024748     0.2007     0.1324 0.0000e+00
       2272      0.050     3.1895   0.024514     0.1987     0.1308 0.0000e+00
       2273      0.050     3.1894   0.024326     0.1971     0.1296 0.0000e+00
       2274      0.046     3.1894   0.024136     0.1955     0.1283 0.0000e+00
       2275      0.041     3.1893   0.023915     0.1937     0.1268 0.0000e+00
       2276      0.038     3.1891   0.023669     0.1916     0.1251 0.0000e+00
       2277      0.040     3.1890   0.023412     0.1895     0.1233 0.0000e+00
       2278      0.045     3.1888   0.023171     0.1874     0.1217 0.0000e+00
       2279      0.045     3.1885   0.022971     0.1858     0.1203 0.0000e+00
       2280      0.044     3.1882   0.022818     0.1845     0.1193 0.0000e+00
       2281      0.044     3.1879   0.022688     0.1834     0.1184 0.0000e+00
       2282      0.044     3.1876   0.022541     0.1821     0.1174 0.0000e+00
       2283      0.045     3.1874   0.022370     0.1807     0.1163 0.0000e+00
       2284      0.044     3.1872   0.022185     0.1792     0.1150 0.0000e+00
       2285      0.042     3.1871   0.021997     0.1776     0.1137 0.0000e+00
       2286      0.040     3.1870   0.021818     0.1761     0.1125 0.0000e+00
       2287      0.039     3.1868   0.021675     0.1749     0.1115 0.0000e+00
       2288      0.039     3.1866   0.021579     0.1741     0.1109 0.0000e+00
       2289      0.039     3.1864   0.021498     0.1734     0.1103 0.0000e+00
       2290      0.040     3.1862   0.021400     0.1726     0.1097 0.0000e+00
       2291      0.042     3.1860   0.021267     0.1715     0.1088 0.0000e+00
       2292      0.044     3.1860   0.021070     0.1698     0.1074 0.0000e+00
       2293      0.044     3.1864   0.020838     0.1679     0.1059 0.0000e+00
       2294      0.043     3.1866   0.020677     0.1665     0.1048 0.0000e+00
       2295      0.042     3.1864   0.020619     0.1661     0.1044 0.0000e+00
       2296      0.041     3.1861   0.020582     0.1657     0.1041 0.0000e+00
       2297      0.039     3.1859   0.020507     0.1651     0.1036 0.0000e+00
       2298      0.038     3.1857   0.020372     0.1640     0.1027 0.0000e+00
       2299      0.039     3.1855   0.020180     0.1624     0.1014 0.0000e+00
       2300      0.040     3.1852   0.019961     0.1606     0.0999 0.0000e+00
       2301      0.040     3.1849   0.019770     0.1590     0.0986 0.0000e+00
       2302      0.039     3.1847   0.019674     0.1582     0.0980 0.0000e+00
       2303      0.036     3.1845   0.019674     0.1582     0.0980 0.0000e+00
       2304      0.032     3.1845   0.019678     0.1582     0.0980 0.0000e+00
       2305      0.031     3.1845   0.019604     0.1576     0.0975 0.0000e+00
       2306      0.035     3.1844   0.019460     0.1564     0.0965 0.0000e+00
       2307      0.042     3.1842   0.019295     0.1550     0.0954 0.0000e+00
       2308      0.046     3.1841   0.019148     0.1538     0.0944 0.0000e+00
       2309      0.045     3.1840   0.019025     0.1528     0.0936 0.0000e+00
       2310      0.041     3.1840   0.018800     0.1509     0.0921 0.0000e+00
       2311      0.039     3.1839   0.018435     0.1478     0.0896 0.0000e+00
       2312      0.037     3.1837   0.018138     0.1454     0.0876 0.0000e+00
       2313      0.035     3.1836   0.017946     0.1438     0.0863 0.0000e+00
       2314      0.034     3.1836   0.017733     0.1420     0.0849 0.0000e+00
       2315      0.034     3.1833   0.017493     0.1400     0.0833 0.0000e+00
       2316      0.034     3.1832   0.017303     0.1384     0.0820 0.0000e+00
       2317      0.031     3.1833   0.017177     0.1374     0.0812 0.0000e+00
       2318      0.027     3.1831   0.017082     0.1366     0.0805 0.0000e+00
       2319      0.029     3.1829   0.016999     0.1359     0.0800 0.0000e+00
       2320      0.032     3.1826   0.016893     0.1350     0.0792 0.0000e+00
       2321      0.031     3.1824   0.016716     0.1336     0.0781 0.0000e+00
       2322      0.032     3.1822   0.016506     0.1318     0.0766 0.0000e+00
       2323      0.032     3.1820   0.016354     0.1306     0.0756 0.0000e+00
       2324      0.030     3.1818   0.016270     0.1299     0.0751 0.0000e+00
       2325      0.028     3.1814   0.016211     0.1294     0.0747 0.0000e+00
       2326      0.026     3.1811   0.016153     0.1289     0.0743 0.0000e+00
       2327      0.023     3.1809   0.016079     0.1283     0.0738 0.0000e+00
       2328      0.021     3.1807   0.015984     0.1275     0.0731 0.0000e+00
       2329      0.022     3.1807   0.015882     0.1267     0.0724 0.0000e+00
       2330      0.023     3.1807   0.015797     0.1260     0.0719 0.0000e+00
       2331      0.025     3.1805   0.015748     0.1256     0.0715 0.0000e+00
       2332      0.027     3.1804   0.015733     0.1254     0.0714 0.0000e+00
       2333      0.028     3.1805   0.015724     0.1254     0.0714 0.0000e+00
       2334      0.026     3.1806   0.015692     0.1251     0.0712 0.0000e+00
       2335      0.023     3.1805   0.015627     0.1246     0.0707 0.0000e+00
       2336      0.021     3.1803   0.015537     0.1238     0.0701 0.0000e+00
       2337      0.020     3.1800   0.015400     0.1227     0.0692 0.0000e+00
       2338      0.020     3.1796   0.015228     0.1213     0.0681 0.0000e+00
       2339      0.017     3.1792   0.015097     0.1202     0.0672 0.0000e+00
       2340      0.016     3.1790   0.015019     0.1195     0.0666 0.0000e+00
       2341      0.018     3.1791   0.014972     0.1192     0.0663 0.0000e+00
       2342      0.021     3.1790   0.014956     0.1190     0.0662 0.0000e+00
       2343      0.021     3.1788   0.014955     0.1190     0.0662 0.0000e+00
       2344      0.018     3.1784   0.014944     0.1189     0.0661 0.0000e+00
       2345      0.014     3.1782   0.014897     0.1185     0.0658 0.0000e+00
       2346      0.012     3.1779   0.014811     0.1178     0.0652 0.0000e+00
       2347      0.013     3.1776   0.014711     0.1170     0.0646 0.0000e+00
       2348      0.015     3.1772   0.014628     0.1163     0.0640 0.0000e+00
       2349      0.015     3.1769   0.014585     0.1160     0.0637 0.0000e+00
       2350      0.014     3.1766   0.014572     0.1159     0.0636 0.0000e+00
       2351      0.014     3.1764   0.014570     0.1158     0.0636 0.0000e+00
       2352      0.014     3.1762   0.014567     0.1158     0.0636 0.0000e+00
       2353      0.013     3.1760   0.014537     0.1156     0.0634 0.0000e+00
       2354      0.013     3.1758   0.014470     0.1150     0.0629 0.0000e+00
       2355      0.013     3.1757   0.014384     0.1143     0.0624 0.0000e+00
       2356      0.010     3.1755   0.014305     0.1137     0.0618 0.0000e+00
       2357      0.006     3.1753   0.014254     0.1132     0.0615 0.0000e+00
       2358      0.007     3.1751   0.014237     0.1131     0.0614 0.0000e+00
       2359      0.011     3.1749   0.014244     0.1132     0.0614 0.0000e+00
       2360      0.013     3.1749   0.014248     0.1132     0.0615 0.0000e+00
       2361      0.013     3.1748   0.014224     0.1130     0.0613 0.0000e+00
       2362      0.012     3.1746   0.014179     0.1126     0.0610 0.0000e+00
       2363      0.010     3.1744   0.014130     0.1122     0.0607 0.0000e+00
       2364      0.007     3.1741   0.014074     0.1118     0.0603 0.0000e+00
       2365      0.005     3.1738   0.014022     0.1113     0.0599 0.0000e+00
       2366      0.003     3.1738   0.013985     0.1110     0.0597 0.0000e+00
       2367      0.001     3.1738   0.013964     0.1109     0.0596 0.0000e+00
       2368      0.002     3.1735   0.013948     0.1107     0.0594 0.0000e+00
       2369      0.005     3.1731   0.013924     0.1105     0.0593 0.0000e+00
       2370      0.004     3.1728   0.013905     0.1104     0.0591 0.0000e+00
       2371      0.001     3.1727   0.013891     0.1103     0.0591 0.0000e+00
       2372     -0.000     3.1727   0.013865     0.1100     0.0589 0.0000e+00
       2373      0.001     3.1726   0.013821     0.1097     0.0586 0.0000e+00
       2374      0.002     3.1723   0.013774     0.1093     0.0583 0.0000e+00
       2375      0.001     3.1721   0.013730     0.1089     0.0580 0.0000e+00
       2376      0.000     3.1719   0.013693     0.1086     0.0577 0.0000e+00
       2377     -0.001     3.1717   0.013669     0.1084     0.0576 0.0000e+00
       2378      0.002     3.1712   0.013663     0.1084     0.0575 0.0000e+00
       2379      0.006     3.1708   0.013672     0.1085     0.0576 0.0000e+00
       2380      0.006     3.1704   0.013686     0.1086     0.0577 0.0000e+00
       2381      0.002     3.1702   0.013685     0.1086     0.0577 0.0000e+00
       2382     -0.001     3.1700   0.013653     0.1083     0.0574 0.0000e+00
       2383      0.001     3.1700   0.013606     0.1079     0.0571 0.0000e+00
       2384      0.001     3.1698   0.013565     0.1076     0.0568 0.0000e+00
       2385     -0.001     3.1696   0.013554     0.1075     0.0568 0.0000e+00
       2386     -0.003     3.1694   0.013571     0.1076     0.0569 0.0000e+00
       2387     -0.002     3.1692   0.013590     0.1078     0.0570 0.0000e+00
       2388     -0.001     3.1690   0.013584     0.1077     0.0570 0.0000e+00
       2389     -0.002     3.1688   0.013558     0.1075     0.0568 0.0000e+00
       2390     -0.007     3.1688   0.013530     0.1073     0.0566 0.0000e+00
       2391     -0.011     3.1687   0.013507     0.1071     0.0565 0.0000e+00
       2392     -0.012     3.1687   0.013492     0.1070     0.0564 0.0000e+00
       2393     -0.010     3.1686   0.013481     0.1069     0.0563 0.0000e+00
       2394     -0.008     3.1684   0.013472     0.1068     0.0562 0.0000e+00
       2395     -0.008     3.1682   0.013450     0.1066     0.0561 0.0000e+00
       2396     -0.008     3.1680   0.013416     0.1064     0.0558 0.0000e+00
       2397     -0.008     3.1678   0.013382     0.1061     0.0556 0.0000e+00
       2398     -0.009     3.1677   0.013375     0.1060     0.0556 0.0000e+00
       2399     -0.009     3.1676   0.013424     0.1064     0.0559 0.0000e+00
       2400     -0.010     3.1674   0.013495     0.1070     0.0564 0.0000e+00
       2401     -0.009     3.1673   0.013520     0.1072     0.0565 0.0000e+00
       2402     -0.008     3.1673   0.013480     0.1069     0.0563 0.0000e+00
       2403     -0.009     3.1673   0.013420     0.1064     0.0559 0.0000e+00
       2404     -0.010     3.1673   0.013380     0.1061     0.0556 0.0000e+00
       2405     -0.012     3.1672   0.013388     0.1061     0.0556 0.0000e+00
       2406     -0.012     3.1670   0.013444     0.1066     0.0560 0.0000e+00
       2407     -0.013     3.1669   0.013506     0.1071     0.0564 0.0000e+00
       2408     -0.016     3.1666   0.013517     0.1072     0.0565 0.0000e+00
       2409     -0.016     3.1662   0.013474     0.1068     0.0562 0.0000e+00
       2410     -0.016     3.1660   0.013416     0.1064     0.0558 0.0000e+00
       2411     -0.016     3.1657   0.013390     0.1062     0.0556 0.0000e+00
       2412     -0.017     3.1654   0.013422     0.1064     0.0559 0.0000e+00
       2413     -0.020     3.1652   0.013487     0.1070     0.0563 0.0000e+00
       2414     -0.022     3.1650   0.013511     0.1071     0.0564 0.0000e+00
       2415     -0.022     3.1647   0.013466     0.1068     0.0561 0.0000e+00
       2416     -0.021     3.1647   0.013406     0.1063     0.0557 0.0000e+00
       2417     -0.023     3.1645   0.013373     0.1060     0.0555 0.0000e+00
       2418     -0.026     3.1643   0.013367     0.1060     0.0555 0.0000e+00
       2419     -0.025     3.1643   0.013355     0.1059     0.0554 0.0000e+00
       2420     -0.024     3.1642   0.013315     0.1055     0.0551 0.0000e+00
       2421     -0.023     3.1641   0.013257     0.1051     0.0547 0.0000e+00
       2422     -0.021     3.1641   0.013197     0.1046     0.0543 0.0000e+00
       2423     -0.019     3.1639   0.013152     0.1042     0.0540 0.0000e+00
       2424     -0.020     3.1638   0.013146     0.1042     0.0540 0.0000e+00
       2425     -0.021     3.1636   0.013172     0.1044     0.0542 0.0000e+00
       2426     -0.021     3.1634   0.013178     0.1044     0.0542 0.0000e+00
       2427     -0.021     3.1632   0.013140     0.1041     0.0539 0.0000e+00
       2428     -0.022     3.1629   0.013090     0.1037     0.0536 0.0000e+00
       2429     -0.024     3.1628   0.013054     0.1034     0.0534 0.0000e+00
       2430     -0.026     3.1627   0.013046     0.1033     0.0533 0.0000e+00
       2431     -0.029     3.1627   0.013075     0.1036     0.0535 0.0000e+00
       2432     -0.030     3.1626   0.013113     0.1039     0.0538 0.0000e+00
       2433     -0.027     3.1624   0.013111     0.1039     0.0537 0.0000e+00
       2434     -0.025     3.1622   0.013068     0.1035     0.0535 0.0000e+00
       2435     -0.027     3.1620   0.013028     0.1032     0.0532 0.0000e+00
       2436     -0.027     3.1619   0.013018     0.1031     0.0531 0.0000e+00
       2437     -0.026     3.1617   0.013044     0.1033     0.0533 0.0000e+00
       2438     -0.028     3.1616   0.013082     0.1036     0.0535 0.0000e+00
       2439     -0.030     3.1616   0.013080     0.1036     0.0535 0.0000e+00
       2440     -0.032     3.1615   0.013034     0.1032     0.0532 0.0000e+00
       2441     -0.035     3.1613   0.012979     0.1028     0.0529 0.0000e+00
       2442     -0.035     3.1612   0.012942     0.1025     0.0526 0.0000e+00
       2443     -0.033     3.1610   0.012926     0.1024     0.0525 0.0000e+00
       2444     -0.033     3.1609   0.012917     0.1023     0.0524 0.0000e+00
       2445     -0.035     3.1608   0.012905     0.1022     0.0524 0.0000e+00
       2446     -0.035     3.1608   0.012900     0.1021     0.0523 0.0000e+00
       2447     -0.032     3.1608   0.012928     0.1024     0.0525 0.0000e+00
       2448     -0.032     3.1608   0.012970     0.1027     0.0528 0.0000e+00
       2449     -0.035     3.1609   0.012988     0.1029     0.0529 0.0000e+00
       2450     -0.037     3.1611   0.012989     0.1029     0.0529 0.0000e+00
       2451     -0.038     3.1612   0.012993     0.1029     0.0530 0.0000e+00
       2452     -0.038     3.1612   0.013007     0.1030     0.0530 0.0000e+00
       2453     -0.038     3.1612   0.013027     0.1032     0.0532 0.0000e+00
       2454     -0.039     3.1612   0.013052     0.1034     0.0533 0.0000e+00
       2455     -0.040     3.1612   0.013105     0.1038     0.0537 0.0000e+00
       2456     -0.042     3.1610   0.013204     0.1046     0.0544 0.0000e+00
       2457     -0.041     3.1610   0.013313     0.1055     0.0551 0.0000e+00
       2458     -0.039     3.1610   0.013368     0.1060     0.0554 0.0000e+00
       2459     -0.039     3.1610   0.013350     0.1058     0.0553 0.0000e+00
       2460     -0.040     3.1612   0.013305     0.1055     0.0550 0.0000e+00
       2461     -0.039     3.1612   0.013275     0.1052     0.0548 0.0000e+00
