Datasets/Test_Dataset_39219_tow/originals/tel219_2021_073.cnv
* Sea-Bird SBE19plus Data File:
* Filename = C:/AQUIRE/tel219_2021_073.hex
* Software Version AquireV2 AF V2.0
* Temperature SN =  4020
* Conductivity SN =  4020
* System UpLoad Time = May 15 2021 17:54:08
** VESSEL/TRIP/SEQ STN: tel219_2021_073
** LATITUDE: 45 30.81 N
** LONGITUDE: 55 24.89 W
** DATE/TIME: 2021-05-15 17:15
** SOUNDING DEPTH (M): 0117
** PROBE TYPE: S4020
** CTD NUMBER:  73
** FORMAT: T
** COMMENTS: 
# nquan = 7                                 
# nvalues = 2318                        
# units = specified
# name 0 = scan: Scan Count
# name 1 = prdM: Pressure, Strain Gauge [db]
# name 2 = tv290C: Temperature [ITS-90, deg C]
# name 3 = c0S/m: Conductivity [S/m]
# name 4 = sal00: Salinity, Practical [PSU]
# name 5 = sigma-t00: Density [sigma-t, kg/m^3 ]
# name 6 = flag: flag
# span 0 =          1,       2318       
# span 1 =     -0.139,    113.350       
# span 2 =     0.2717,     7.0682       
# span 3 =   0.007659,   3.104588       
# span 4 =     0.0546,    32.4979       
# span 5 =    -0.0548,    26.0735       
# span 6 = 0.0000e+00, 0.0000e+00       
# interval = seconds: 1
# start_time = May 15 2021 17:15:20 [Instrument's time stamp, header]
# bad_flag = -9.990e-29
*END*
[from data line 1231]
       1232    112.414     0.2790   2.741679    32.4906    26.0673 0.0000e+00
       1233    112.420     0.2788   2.741672    32.4907    26.0674 0.0000e+00
       1234    112.436     0.2788   2.741671    32.4907    26.0674 0.0000e+00
       1235    112.449     0.2789   2.741669    32.4905    26.0673 0.0000e+00
       1236    112.453     0.2792   2.741671    32.4902    26.0670 0.0000e+00
       1237    112.447     0.2794   2.741677    32.4901    26.0669 0.0000e+00
       1238    112.439     0.2794   2.741677    32.4901    26.0669 0.0000e+00
       1239    112.439     0.2793   2.741669    32.4901    26.0669 0.0000e+00
       1240    112.445     0.2793   2.741664    32.4900    26.0668 0.0000e+00
       1241    112.450     0.2791   2.741666    32.4903    26.0670 0.0000e+00
       1242    112.454     0.2787   2.741663    32.4906    26.0674 0.0000e+00
       1243    112.459     0.2784   2.741656    32.4909    26.0676 0.0000e+00
       1244    112.466     0.2784   2.741658    32.4909    26.0676 0.0000e+00
       1245    112.475     0.2786   2.741662    32.4907    26.0674 0.0000e+00
       1246    112.480     0.2786   2.741663    32.4907    26.0674 0.0000e+00
       1247    112.480     0.2784   2.741659    32.4909    26.0676 0.0000e+00
       1248    112.484     0.2783   2.741655    32.4909    26.0676 0.0000e+00
       1249    112.494     0.2783   2.741654    32.4909    26.0676 0.0000e+00
       1250    112.504     0.2782   2.741655    32.4910    26.0677 0.0000e+00
       1251    112.513     0.2783   2.741658    32.4910    26.0676 0.0000e+00
       1252    112.519     0.2783   2.741657    32.4910    26.0676 0.0000e+00
       1253    112.521     0.2782   2.741647    32.4909    26.0676 0.0000e+00
       1254    112.527     0.2781   2.741638    32.4909    26.0676 0.0000e+00
       1255    112.538     0.2779   2.741637    32.4911    26.0678 0.0000e+00
       1256    112.544     0.2778   2.741634    32.4912    26.0678 0.0000e+00
       1257    112.545     0.2779   2.741632    32.4910    26.0677 0.0000e+00
       1258    112.547     0.2780   2.741635    32.4910    26.0677 0.0000e+00
       1259    112.555     0.2778   2.741631    32.4911    26.0678 0.0000e+00
       1260    112.564     0.2778   2.741630    32.4911    26.0678 0.0000e+00
       1261    112.570     0.2778   2.741632    32.4911    26.0678 0.0000e+00
       1262    112.572     0.2780   2.741633    32.4909    26.0676 0.0000e+00
       1263    112.572     0.2784   2.741649    32.4907    26.0674 0.0000e+00
       1264    112.576     0.2791   2.741684    32.4904    26.0672 0.0000e+00
       1265    112.584     0.2793   2.741699    32.4904    26.0671 0.0000e+00
       1266    112.593     0.2791   2.741683    32.4904    26.0672 0.0000e+00
       1267    112.598     0.2786   2.741664    32.4907    26.0674 0.0000e+00
       1268    112.597     0.2783   2.741655    32.4909    26.0676 0.0000e+00
       1269    112.592     0.2783   2.741655    32.4909    26.0676 0.0000e+00
       1270    112.592     0.2786   2.741675    32.4908    26.0675 0.0000e+00
       1271    112.600     0.2792   2.741704    32.4906    26.0673 0.0000e+00
       1272    112.611     0.2795   2.741717    32.4904    26.0671 0.0000e+00
       1273    112.616     0.2793   2.741709    32.4905    26.0672 0.0000e+00
       1274    112.611     0.2790   2.741692    32.4906    26.0673 0.0000e+00
       1275    112.601     0.2787   2.741678    32.4908    26.0675 0.0000e+00
       1276    112.594     0.2787   2.741678    32.4908    26.0675 0.0000e+00
       1277    112.594     0.2789   2.741689    32.4907    26.0674 0.0000e+00
       1278    112.598     0.2792   2.741707    32.4906    26.0673 0.0000e+00
       1279    112.604     0.2795   2.741731    32.4906    26.0673 0.0000e+00
       1280    112.613     0.2800   2.741751    32.4903    26.0670 0.0000e+00
       1281    112.621     0.2807   2.741783    32.4900    26.0667 0.0000e+00
       1282    112.622     0.2813   2.741824    32.4899    26.0666 0.0000e+00
       1283    112.614     0.2814   2.741822    32.4898    26.0665 0.0000e+00
       1284    112.611     0.2809   2.741789    32.4899    26.0666 0.0000e+00
       1285    112.626     0.2804   2.741778    32.4903    26.0670 0.0000e+00
       1286    112.649     0.2803   2.741783    32.4904    26.0671 0.0000e+00
       1287    112.662     0.2805   2.741790    32.4903    26.0670 0.0000e+00
       1288    112.664     0.2806   2.741789    32.4902    26.0669 0.0000e+00
       1289    112.670     0.2803   2.741768    32.4902    26.0669 0.0000e+00
       1290    112.682     0.2800   2.741749    32.4903    26.0670 0.0000e+00
       1291    112.689     0.2800   2.741751    32.4903    26.0670 0.0000e+00
       1292    112.686     0.2803   2.741774    32.4903    26.0670 0.0000e+00
       1293    112.679     0.2806   2.741797    32.4903    26.0670 0.0000e+00
       1294    112.673     0.2804   2.741794    32.4904    26.0671 0.0000e+00
       1295    112.674     0.2802   2.741774    32.4904    26.0671 0.0000e+00
       1296    112.681     0.2801   2.741764    32.4904    26.0671 0.0000e+00
       1297    112.688     0.2802   2.741770    32.4903    26.0670 0.0000e+00
       1298    112.686     0.2802   2.741777    32.4904    26.0671 0.0000e+00
       1299    112.671     0.2800   2.741766    32.4905    26.0672 0.0000e+00
       1300    112.654     0.2798   2.741751    32.4905    26.0672 0.0000e+00
       1301    112.647     0.2798   2.741743    32.4904    26.0671 0.0000e+00
       1302    112.655     0.2797   2.741744    32.4905    26.0672 0.0000e+00
       1303    112.670     0.2797   2.741750    32.4906    26.0673 0.0000e+00
       1304    112.682     0.2798   2.741763    32.4907    26.0673 0.0000e+00
       1305    112.689     0.2799   2.741773    32.4907    26.0673 0.0000e+00
       1306    112.695     0.2801   2.741775    32.4905    26.0672 0.0000e+00
       1307    112.699     0.2800   2.741769    32.4905    26.0672 0.0000e+00
       1308    112.699     0.2798   2.741759    32.4906    26.0673 0.0000e+00
       1309    112.695     0.2798   2.741756    32.4906    26.0672 0.0000e+00
       1310    112.692     0.2800   2.741770    32.4905    26.0672 0.0000e+00
       1311    112.688     0.2801   2.741785    32.4906    26.0673 0.0000e+00
       1312    112.685     0.2800   2.741774    32.4906    26.0673 0.0000e+00
       1313    112.690     0.2795   2.741748    32.4908    26.0674 0.0000e+00
       1314    112.700     0.2793   2.741733    32.4908    26.0674 0.0000e+00
       1315    112.709     0.2793   2.741734    32.4908    26.0675 0.0000e+00
       1316    112.714     0.2798   2.741767    32.4907    26.0673 0.0000e+00
       1317    112.715     0.2805   2.741822    32.4907    26.0673 0.0000e+00
       1318    112.719     0.2808   2.741840    32.4906    26.0672 0.0000e+00
       1319    112.731     0.2804   2.741812    32.4906    26.0673 0.0000e+00
       1320    112.743     0.2799   2.741785    32.4908    26.0674 0.0000e+00
       1321    112.747     0.2794   2.741768    32.4911    26.0677 0.0000e+00
       1322    112.744     0.2792   2.741753    32.4911    26.0677 0.0000e+00
       1323    112.738     0.2790   2.741740    32.4912    26.0678 0.0000e+00
       1324    112.725     0.2786   2.741724    32.4914    26.0680 0.0000e+00
       1325    112.708     0.2783   2.741704    32.4915    26.0680 0.0000e+00
       1326    112.702     0.2781   2.741684    32.4914    26.0680 0.0000e+00
       1327    112.709     0.2780   2.741677    32.4914    26.0680 0.0000e+00
       1328    112.714     0.2780   2.741685    32.4915    26.0681 0.0000e+00
       1329    112.705     0.2782   2.741702    32.4915    26.0681 0.0000e+00
       1330    112.692     0.2785   2.741727    32.4916    26.0681 0.0000e+00
       1331    112.693     0.2788   2.741745    32.4915    26.0680 0.0000e+00
       1332    112.706     0.2788   2.741738    32.4914    26.0679 0.0000e+00
       1333    112.717     0.2791   2.741738    32.4911    26.0677 0.0000e+00
       1334    112.716     0.2799   2.741788    32.4909    26.0675 0.0000e+00
       1335    112.708     0.2811   2.741865    32.4906    26.0672 0.0000e+00
       1336    112.704     0.2820   2.741912    32.4903    26.0669 0.0000e+00
       1337    112.704     0.2822   2.741919    32.4901    26.0668 0.0000e+00
       1338    112.706     0.2817   2.741896    32.4904    26.0670 0.0000e+00
       1339    112.712     0.2809   2.741854    32.4907    26.0673 0.0000e+00
       1340    112.722     0.2803   2.741817    32.4908    26.0674 0.0000e+00
       1341    112.732     0.2802   2.741808    32.4908    26.0674 0.0000e+00
       1342    112.735     0.2803   2.741822    32.4909    26.0675 0.0000e+00
       1343    112.732     0.2803   2.741837    32.4911    26.0676 0.0000e+00
       1344    112.735     0.2802   2.741829    32.4911    26.0676 0.0000e+00
       1345    112.745     0.2802   2.741818    32.4909    26.0675 0.0000e+00
       1346    112.756     0.2804   2.741842    32.4910    26.0676 0.0000e+00
       1347    112.759     0.2809   2.741870    32.4908    26.0674 0.0000e+00
       1348    112.751     0.2809   2.741864    32.4908    26.0674 0.0000e+00
       1349    112.743     0.2804   2.741836    32.4909    26.0675 0.0000e+00
       1350    112.745     0.2800   2.741813    32.4911    26.0676 0.0000e+00
       1351    112.754     0.2793   2.741781    32.4914    26.0679 0.0000e+00
       1352    112.759     0.2788   2.741747    32.4915    26.0680 0.0000e+00
       1353    112.756     0.2786   2.741738    32.4916    26.0681 0.0000e+00
       1354    112.747     0.2788   2.741748    32.4915    26.0680 0.0000e+00
       1355    112.738     0.2792   2.741774    32.4914    26.0680 0.0000e+00
       1356    112.738     0.2796   2.741798    32.4913    26.0678 0.0000e+00
       1357    112.744     0.2798   2.741812    32.4913    26.0678 0.0000e+00
       1358    112.747     0.2798   2.741823    32.4914    26.0679 0.0000e+00
       1359    112.747     0.2797   2.741816    32.4914    26.0679 0.0000e+00
       1360    112.745     0.2793   2.741788    32.4915    26.0680 0.0000e+00
       1361    112.742     0.2790   2.741765    32.4915    26.0680 0.0000e+00
       1362    112.737     0.2786   2.741750    32.4917    26.0682 0.0000e+00
       1363    112.735     0.2783   2.741731    32.4918    26.0683 0.0000e+00
       1364    112.737     0.2782   2.741724    32.4918    26.0683 0.0000e+00
       1365    112.737     0.2782   2.741725    32.4918    26.0683 0.0000e+00
       1366    112.732     0.2781   2.741721    32.4919    26.0684 0.0000e+00
       1367    112.724     0.2779   2.741710    32.4919    26.0685 0.0000e+00
       1368    112.717     0.2775   2.741694    32.4922    26.0687 0.0000e+00
       1369    112.713     0.2773   2.741683    32.4922    26.0687 0.0000e+00
       1370    112.705     0.2773   2.741682    32.4922    26.0687 0.0000e+00
       1371    112.687     0.2772   2.741679    32.4923    26.0688 0.0000e+00
       1372    112.666     0.2772   2.741680    32.4923    26.0688 0.0000e+00
       1373    112.656     0.2773   2.741688    32.4923    26.0688 0.0000e+00
       1374    112.659     0.2773   2.741692    32.4924    26.0688 0.0000e+00
       1375    112.667     0.2773   2.741690    32.4924    26.0688 0.0000e+00
       1376    112.670     0.2774   2.741698    32.4924    26.0688 0.0000e+00
       1377    112.667     0.2779   2.741727    32.4922    26.0687 0.0000e+00
       1378    112.661     0.2784   2.741762    32.4921    26.0686 0.0000e+00
       1379    112.657     0.2787   2.741776    32.4920    26.0685 0.0000e+00
       1380    112.656     0.2787   2.741773    32.4920    26.0684 0.0000e+00
       1381    112.650     0.2785   2.741765    32.4921    26.0685 0.0000e+00
       1382    112.636     0.2783   2.741754    32.4922    26.0686 0.0000e+00
       1383    112.619     0.2782   2.741740    32.4921    26.0686 0.0000e+00
       1384    112.612     0.2778   2.741718    32.4922    26.0687 0.0000e+00
       1385    112.620     0.2773   2.741695    32.4924    26.0689 0.0000e+00
       1386    112.632     0.2771   2.741684    32.4925    26.0689 0.0000e+00
       1387    112.634     0.2767   2.741676    32.4928    26.0692 0.0000e+00
       1388    112.626     0.2764   2.741668    32.4930    26.0694 0.0000e+00
       1389    112.620     0.2763   2.741661    32.4931    26.0694 0.0000e+00
       1390    112.619     0.2763   2.741659    32.4930    26.0694 0.0000e+00
       1391    112.620     0.2763   2.741661    32.4931    26.0694 0.0000e+00
       1392    112.619     0.2762   2.741655    32.4931    26.0695 0.0000e+00
       1393    112.616     0.2760   2.741638    32.4931    26.0695 0.0000e+00
       1394    112.618     0.2758   2.741626    32.4931    26.0695 0.0000e+00
       1395    112.626     0.2757   2.741629    32.4933    26.0696 0.0000e+00
       1396    112.634     0.2757   2.741630    32.4933    26.0696 0.0000e+00
       1397    112.632     0.2757   2.741628    32.4933    26.0696 0.0000e+00
       1398    112.623     0.2756   2.741628    32.4934    26.0697 0.0000e+00
       1399    112.617     0.2756   2.741628    32.4934    26.0697 0.0000e+00
       1400    112.618     0.2756   2.741630    32.4934    26.0697 0.0000e+00
       1401    112.622     0.2756   2.741634    32.4934    26.0698 0.0000e+00
       1402    112.627     0.2757   2.741643    32.4935    26.0698 0.0000e+00
       1403    112.630     0.2758   2.741650    32.4934    26.0698 0.0000e+00
       1404    112.627     0.2758   2.741654    32.4935    26.0698 0.0000e+00
       1405    112.623     0.2758   2.741652    32.4935    26.0698 0.0000e+00
       1406    112.621     0.2758   2.741644    32.4934    26.0697 0.0000e+00
       1407    112.622     0.2756   2.741634    32.4934    26.0698 0.0000e+00
       1408    112.621     0.2754   2.741628    32.4936    26.0699 0.0000e+00
       1409    112.623     0.2753   2.741634    32.4938    26.0700 0.0000e+00
       1410    112.630     0.2752   2.741640    32.4939    26.0702 0.0000e+00
       1411    112.628     0.2752   2.741634    32.4939    26.0701 0.0000e+00
       1412    112.617     0.2752   2.741625    32.4938    26.0700 0.0000e+00
       1413    112.610     0.2752   2.741618    32.4937    26.0700 0.0000e+00
       1414    112.617     0.2752   2.741610    32.4936    26.0699 0.0000e+00
       1415    112.634     0.2750   2.741605    32.4937    26.0700 0.0000e+00
       1416    112.646     0.2748   2.741603    32.4939    26.0702 0.0000e+00
       1417    112.645     0.2746   2.741597    32.4940    26.0703 0.0000e+00
       1418    112.638     0.2744   2.741586    32.4941    26.0703 0.0000e+00
       1419    112.633     0.2742   2.741582    32.4942    26.0705 0.0000e+00
       1420    112.632     0.2742   2.741583    32.4943    26.0705 0.0000e+00
       1421    112.636     0.2740   2.741579    32.4944    26.0706 0.0000e+00
       1422    112.639     0.2738   2.741577    32.4946    26.0708 0.0000e+00
       1423    112.636     0.2739   2.741583    32.4946    26.0708 0.0000e+00
       1424    112.633     0.2741   2.741593    32.4945    26.0707 0.0000e+00
       1425    112.639     0.2741   2.741597    32.4945    26.0707 0.0000e+00
       1426    112.647     0.2741   2.741602    32.4946    26.0708 0.0000e+00
       1427    112.650     0.2742   2.741611    32.4946    26.0708 0.0000e+00
       1428    112.652     0.2744   2.741625    32.4946    26.0708 0.0000e+00
       1429    112.654     0.2748   2.741640    32.4944    26.0705 0.0000e+00
       1430    112.655     0.2750   2.741642    32.4942    26.0704 0.0000e+00
       1431    112.647     0.2748   2.741627    32.4942    26.0704 0.0000e+00
       1432    112.631     0.2747   2.741620    32.4942    26.0704 0.0000e+00
       1433    112.620     0.2745   2.741619    32.4944    26.0706 0.0000e+00
       1434    112.621     0.2743   2.741599    32.4944    26.0706 0.0000e+00
       1435    112.627     0.2741   2.741576    32.4943    26.0705 0.0000e+00
