Datasets/Test_Dataset_39219_tow/originals/tel219_2021_019.cnv
* Sea-Bird SBE19plus Data File:
* Filename = C:/AQUIRE/tel219_2021_019.hex
* Software Version AquireV2 AF V2.0
* Temperature SN =  4020
* Conductivity SN =  4020
* System UpLoad Time = May 07 2021 21:37:25
** VESSEL/TRIP/SEQ STN: tel219_2021_019
** LATITUDE: 47 01.02 N
** LONGITUDE: 56 42.79 W
** DATE/TIME: 2021-05-07 20:55
** SOUNDING DEPTH (M): 0146
** PROBE TYPE: S4020
** CTD NUMBER:  19
** FORMAT: t
** COMMENTS: 
# nquan = 7                                 
# nvalues = 2584                        
# units = specified
# name 0 = scan: Scan Count
# name 1 = prdM: Pressure, Strain Gauge [db]
# name 2 = tv290C: Temperature [ITS-90, deg C]
# name 3 = c0S/m: Conductivity [S/m]
# name 4 = sal00: Salinity, Practical [PSU]
# name 5 = sigma-t00: Density [sigma-t, kg/m^3 ]
# name 6 = flag: flag
# span 0 =          1,       2584       
# span 1 =     -0.102,    143.473       
# span 2 =     1.4538,     4.2111       
# span 3 =   0.006942,   2.959630       
# span 4 =     0.0525,    32.4182       
# span 5 =     0.0170,    25.8929       
# span 6 = 0.0000e+00, 0.0000e+00       
# interval = seconds: 1
# start_time = May 07 2021 20:55:07 [Instrument's time stamp, header]
# bad_flag = -9.990e-29
*END*
[from data line 2462]
       2463     -0.038     3.1614   0.013359     0.1059     0.0554 0.0000e+00
       2464     -0.039     3.1614   0.013486     0.1070     0.0562 0.0000e+00
       2465     -0.039     3.1612   0.013588     0.1078     0.0569 0.0000e+00
       2466     -0.041     3.1612   0.013592     0.1078     0.0569 0.0000e+00
       2467     -0.046     3.1611   0.013527     0.1073     0.0565 0.0000e+00
       2468     -0.049     3.1610   0.013478     0.1069     0.0562 0.0000e+00
       2469     -0.047     3.1610   0.013510     0.1072     0.0564 0.0000e+00
       2470     -0.043     3.1609   0.013620     0.1081     0.0571 0.0000e+00
       2471     -0.043     3.1608   0.013732     0.1090     0.0579 0.0000e+00
       2472     -0.046     3.1606   0.013757     0.1092     0.0580 0.0000e+00
       2473     -0.046     3.1604   0.013703     0.1087     0.0577 0.0000e+00
       2474     -0.044     3.1602   0.013642     0.1082     0.0573 0.0000e+00
       2475     -0.042     3.1601   0.013608     0.1080     0.0570 0.0000e+00
       2476     -0.041     3.1601   0.013584     0.1078     0.0569 0.0000e+00
       2477     -0.041     3.1601   0.013551     0.1075     0.0567 0.0000e+00
       2478     -0.044     3.1601   0.013525     0.1073     0.0565 0.0000e+00
       2479     -0.048     3.1601   0.013532     0.1073     0.0565 0.0000e+00
       2480     -0.051     3.1601   0.013562     0.1076     0.0567 0.0000e+00
       2481     -0.051     3.1600   0.013558     0.1076     0.0567 0.0000e+00
       2482     -0.050     3.1600   0.013504     0.1071     0.0563 0.0000e+00
       2483     -0.049     3.1600   0.013435     0.1065     0.0559 0.0000e+00
       2484     -0.050     3.1599   0.013405     0.1063     0.0557 0.0000e+00
       2485     -0.053     3.1599   0.013437     0.1066     0.0559 0.0000e+00
       2486     -0.055     3.1599   0.013498     0.1071     0.0563 0.0000e+00
       2487     -0.055     3.1599   0.013528     0.1073     0.0565 0.0000e+00
       2488     -0.054     3.1597   0.013495     0.1070     0.0563 0.0000e+00
       2489     -0.051     3.1596   0.013435     0.1065     0.0559 0.0000e+00
       2490     -0.048     3.1594   0.013396     0.1062     0.0556 0.0000e+00
       2491     -0.049     3.1593   0.013394     0.1062     0.0556 0.0000e+00
       2492     -0.053     3.1591   0.013415     0.1064     0.0557 0.0000e+00
       2493     -0.054     3.1590   0.013435     0.1065     0.0559 0.0000e+00
       2494     -0.053     3.1589   0.013425     0.1065     0.0558 0.0000e+00
       2495     -0.051     3.1589   0.013389     0.1062     0.0556 0.0000e+00
       2496     -0.050     3.1589   0.013351     0.1059     0.0553 0.0000e+00
       2497     -0.052     3.1589   0.013320     0.1056     0.0551 0.0000e+00
       2498     -0.054     3.1587   0.013289     0.1053     0.0549 0.0000e+00
       2499     -0.056     3.1587   0.013258     0.1051     0.0547 0.0000e+00
       2500     -0.059     3.1587   0.013234     0.1049     0.0545 0.0000e+00
       2501     -0.062     3.1587   0.013221     0.1048     0.0544 0.0000e+00
       2502     -0.064     3.1587   0.013205     0.1047     0.0543 0.0000e+00
       2503     -0.063     3.1589   0.013167     0.1043     0.0541 0.0000e+00
       2504     -0.061     3.1589   0.013132     0.1040     0.0539 0.0000e+00
       2505     -0.060     3.1590   0.013127     0.1040     0.0538 0.0000e+00
       2506     -0.057     3.1590   0.013143     0.1041     0.0539 0.0000e+00
       2507     -0.052     3.1589   0.013154     0.1042     0.0540 0.0000e+00
       2508     -0.048     3.1589   0.013139     0.1041     0.0539 0.0000e+00
       2509     -0.046     3.1589   0.013100     0.1038     0.0536 0.0000e+00
       2510     -0.046     3.1589   0.013064     0.1035     0.0534 0.0000e+00
       2511     -0.047     3.1589   0.013076     0.1036     0.0535 0.0000e+00
       2512     -0.052     3.1587   0.013154     0.1042     0.0540 0.0000e+00
       2513     -0.056     3.1586   0.013241     0.1049     0.0546 0.0000e+00
       2514     -0.055     3.1586   0.013253     0.1050     0.0547 0.0000e+00
       2515     -0.053     3.1586   0.013185     0.1045     0.0542 0.0000e+00
       2516     -0.053     3.1587   0.013103     0.1038     0.0537 0.0000e+00
       2517     -0.053     3.1589   0.013067     0.1035     0.0534 0.0000e+00
       2518     -0.054     3.1589   0.013094     0.1037     0.0536 0.0000e+00
       2519     -0.055     3.1589   0.013149     0.1042     0.0540 0.0000e+00
       2520     -0.055     3.1589   0.013181     0.1045     0.0542 0.0000e+00
       2521     -0.052     3.1590   0.013165     0.1043     0.0541 0.0000e+00
       2522     -0.052     3.1590   0.013108     0.1039     0.0537 0.0000e+00
       2523     -0.057     3.1589   0.013050     0.1034     0.0533 0.0000e+00
       2524     -0.061     3.1589   0.013017     0.1031     0.0531 0.0000e+00
       2525     -0.063     3.1590   0.013008     0.1030     0.0530 0.0000e+00
       2526     -0.065     3.1592   0.013011     0.1031     0.0530 0.0000e+00
       2527     -0.064     3.1593   0.013009     0.1030     0.0530 0.0000e+00
       2528     -0.061     3.1593   0.013002     0.1030     0.0530 0.0000e+00
       2529     -0.060     3.1593   0.012989     0.1029     0.0529 0.0000e+00
       2530     -0.061     3.1593   0.012960     0.1026     0.0527 0.0000e+00
       2531     -0.061     3.1594   0.012905     0.1022     0.0523 0.0000e+00
       2532     -0.061     3.1596   0.012857     0.1018     0.0520 0.0000e+00
       2533     -0.061     3.1596   0.012851     0.1017     0.0520 0.0000e+00
       2534     -0.062     3.1596   0.012879     0.1020     0.0522 0.0000e+00
       2535     -0.065     3.1596   0.012894     0.1021     0.0523 0.0000e+00
       2536     -0.068     3.1596   0.012884     0.1020     0.0522 0.0000e+00
       2537     -0.066     3.1596   0.012866     0.1019     0.0521 0.0000e+00
       2538     -0.063     3.1596   0.012860     0.1018     0.0520 0.0000e+00
       2539     -0.061     3.1597   0.012876     0.1019     0.0522 0.0000e+00
       2540     -0.061     3.1597   0.013152     0.1042     0.0540 0.0000e+00
       2541     -0.062     3.1598   0.015343     0.1223     0.0686 0.0000e+00
       2542     -0.064     3.1602   0.019985     0.1609     0.0999 0.0000e+00
       2543     -0.067     3.1607   0.024021     0.1947     0.1273 0.0000e+00
       2544     -0.071     3.1609   0.025967     0.2111     0.1405 0.0000e+00
       2545     -0.072     3.1610   0.027146     0.2211     0.1486 0.0000e+00
       2546     -0.068     3.1609   0.028108     0.2293     0.1552 0.0000e+00
       2547     -0.063     3.1609   0.028971     0.2366     0.1611 0.0000e+00
       2548     -0.061     3.1609   0.029928     0.2447     0.1677 0.0000e+00
       2549     -0.063     3.1612   0.031092     0.2546     0.1757 0.0000e+00
       2550     -0.068     3.1622   0.032756     0.2688     0.1871 0.0000e+00
       2551     -0.072     3.1638   0.033983     0.2792     0.1956 0.0000e+00
       2552     -0.076     3.1648   0.033800     0.2776     0.1944 0.0000e+00
       2553     -0.077     3.1650   0.033375     0.2740     0.1914 0.0000e+00
       2554     -0.077     3.1648   0.033377     0.2740     0.1914 0.0000e+00
       2555     -0.078     3.1647   0.033349     0.2738     0.1912 0.0000e+00
       2556     -0.077     3.1650   0.033179     0.2723     0.1901 0.0000e+00
       2557     -0.071     3.1653   0.033113     0.2718     0.1896 0.0000e+00
       2558     -0.067     3.1653   0.033467     0.2748     0.1921 0.0000e+00
       2559     -0.067     3.1652   0.033466     0.2748     0.1921 0.0000e+00
       2560     -0.067     3.1653   0.032485     0.2664     0.1853 0.0000e+00
       2561     -0.067     3.1656   0.030997     0.2538     0.1751 0.0000e+00
       2562     -0.065     3.1659   0.028812     0.2352     0.1600 0.0000e+00
       2563     -0.064     3.1661   0.026248     0.2135     0.1425 0.0000e+00
       2564     -0.066     3.1662   0.024384     0.1978     0.1298 0.0000e+00
       2565     -0.069     3.1665   0.023369     0.1892     0.1229 0.0000e+00
       2566     -0.067     3.1666   0.023007     0.1862     0.1204 0.0000e+00
       2567     -0.065     3.1666   0.022307     0.1803     0.1157 0.0000e+00
       2568     -0.065     3.1664   0.020663     0.1665     0.1045 0.0000e+00
       2569     -0.067     3.1662   0.019262     0.1548     0.0950 0.0000e+00
       2570     -0.069     3.1662   0.018581     0.1491     0.0904 0.0000e+00
       2571     -0.068     3.1662   0.018144     0.1455     0.0875 0.0000e+00
       2572     -0.068     3.1662   0.017816     0.1428     0.0853 0.0000e+00
       2573     -0.070     3.1662   0.017510     0.1402     0.0832 0.0000e+00
       2574     -0.070     3.1662   0.017189     0.1376     0.0811 0.0000e+00
       2575     -0.067     3.1663   0.016914     0.1353     0.0792 0.0000e+00
       2576     -0.064     3.1664   0.016721     0.1337     0.0779 0.0000e+00
       2577     -0.062     3.1664   0.016581     0.1325     0.0770 0.0000e+00
       2578     -0.060     3.1664   0.016489     0.1318     0.0764 0.0000e+00
       2579     -0.060     3.1664   0.016498     0.1318     0.0764 0.0000e+00
       2580     -0.063     3.1664   0.016595     0.1326     0.0771 0.0000e+00
       2581     -0.067     3.1665   0.016685     0.1334     0.0777 0.0000e+00
       2582     -0.068     3.1666   0.016750     0.1339     0.0781 0.0000e+00
       2583     -0.068     3.1669   0.016824     0.1345     0.0786 0.0000e+00
       2584     -0.068 -9.990e-29   0.016861 -9.990e-29 -9.990e-29 0.0000e+00
