Datasets/Test_Dataset_39219_tow/originals/tel219_2021_021.cnv
* Sea-Bird SBE19plus Data File:
* Filename = C:/AQUIRE/tel219_2021_021.hex
* Software Version AquireV2 AF V2.0
* Temperature SN =  4020
* Conductivity SN =  4020
* System UpLoad Time = May 08 2021 02:47:42
** VESSEL/TRIP/SEQ STN: tel219_2021_021
** LATITUDE: 46 51.96 N
** LONGITUDE: 57 11.07 W
** DATE/TIME: 2021-05-08 02:03
** SOUNDING DEPTH (M): 0207
** PROBE TYPE: S4020
** CTD NUMBER:  21
** FORMAT: T
** COMMENTS: 
# nquan = 7                                 
# nvalues = 2668                        
# units = specified
# name 0 = scan: Scan Count
# name 1 = prdM: Pressure, Strain Gauge [db]
# name 2 = tv290C: Temperature [ITS-90, deg C]
# name 3 = c0S/m: Conductivity [S/m]
# name 4 = sal00: Salinity, Practical [PSU]
# name 5 = sigma-t00: Density [sigma-t, kg/m^3 ]
# name 6 = flag: flag
# span 0 =          1,       2668       
# span 1 =     -0.836,    208.633       
# span 2 =     2.0563,     8.7221       
# span 3 =   0.005646,   3.700341       
# span 4 =     0.0425,    35.0343       
# span 5 =     0.0090,    27.1924       
# span 6 = 0.0000e+00, 0.0000e+00       
# interval = seconds: 1
# start_time = May 08 2021 02:03:55 [Instrument's time stamp, header]
# bad_flag = -9.990e-29
*END*
[from data line 1026]
       1027    205.275     8.7188   3.700212    35.0275    27.1846 0.0000e+00
       1028    205.363     8.7188   3.700232    35.0277    27.1848 0.0000e+00
       1029    205.434     8.7188   3.700244    35.0278    27.1848 0.0000e+00
       1030    205.500     8.7188   3.700240    35.0277    27.1848 0.0000e+00
       1031    205.567     8.7190   3.700271    35.0278    27.1848 0.0000e+00
       1032    205.634     8.7194   3.700306    35.0277    27.1847 0.0000e+00
       1033    205.702     8.7195   3.700323    35.0278    27.1847 0.0000e+00
       1034    205.771     8.7195   3.700341    35.0280    27.1849 0.0000e+00
       1035    205.834     8.7193   3.700338    35.0281    27.1850 0.0000e+00
       1036    205.882     8.7189   3.700308    35.0281    27.1851 0.0000e+00
       1037    205.914     8.7187   3.700281    35.0280    27.1850 0.0000e+00
       1038    205.945     8.7187   3.700283    35.0280    27.1851 0.0000e+00
       1039    205.987     8.7188   3.700292    35.0280    27.1850 0.0000e+00
       1040    206.035     8.7188   3.700291    35.0280    27.1850 0.0000e+00
       1041    206.083     8.7186   3.700287    35.0281    27.1851 0.0000e+00
       1042    206.127     8.7181   3.700271    35.0284    27.1854 0.0000e+00
       1043    206.166     8.7176   3.700256    35.0287    27.1858 0.0000e+00
       1044    206.207     8.7174   3.700249    35.0288    27.1859 0.0000e+00
       1045    206.254     8.7174   3.700260    35.0289    27.1860 0.0000e+00
       1046    206.298     8.7175   3.700276    35.0290    27.1860 0.0000e+00
       1047    206.327     8.7174   3.700280    35.0291    27.1861 0.0000e+00
       1048    206.346     8.7173   3.700274    35.0291    27.1861 0.0000e+00
       1049    206.369     8.7172   3.700261    35.0291    27.1861 0.0000e+00
       1050    206.405     8.7171   3.700244    35.0290    27.1861 0.0000e+00
       1051    206.448     8.7169   3.700231    35.0290    27.1861 0.0000e+00
       1052    206.479     8.7166   3.700218    35.0292    27.1863 0.0000e+00
       1053    206.497     8.7165   3.700212    35.0292    27.1863 0.0000e+00
       1054    206.511     8.7167   3.700222    35.0291    27.1862 0.0000e+00
       1055    206.530     8.7169   3.700230    35.0290    27.1861 0.0000e+00
       1056    206.560     8.7169   3.700220    35.0289    27.1860 0.0000e+00
       1057    206.597     8.7169   3.700218    35.0288    27.1860 0.0000e+00
       1058    206.627     8.7171   3.700238    35.0288    27.1859 0.0000e+00
       1059    206.646     8.7172   3.700258    35.0289    27.1860 0.0000e+00
       1060    206.658     8.7172   3.700259    35.0289    27.1860 0.0000e+00
       1061    206.671     8.7172   3.700244    35.0288    27.1859 0.0000e+00
       1062    206.689     8.7171   3.700229    35.0287    27.1858 0.0000e+00
       1063    206.708     8.7171   3.700225    35.0287    27.1858 0.0000e+00
       1064    206.723     8.7171   3.700229    35.0287    27.1858 0.0000e+00
       1065    206.736     8.7171   3.700231    35.0287    27.1858 0.0000e+00
       1066    206.749     8.7171   3.700231    35.0287    27.1858 0.0000e+00
       1067    206.758     8.7170   3.700233    35.0288    27.1859 0.0000e+00
       1068    206.764     8.7170   3.700232    35.0288    27.1859 0.0000e+00
       1069    206.773     8.7171   3.700229    35.0287    27.1858 0.0000e+00
       1070    206.791     8.7172   3.700231    35.0286    27.1857 0.0000e+00
       1071    206.813     8.7172   3.700241    35.0287    27.1858 0.0000e+00
       1072    206.825     8.7172   3.700251    35.0288    27.1859 0.0000e+00
       1073    206.825     8.7173   3.700250    35.0287    27.1858 0.0000e+00
       1074    206.827     8.7174   3.700246    35.0285    27.1856 0.0000e+00
       1075    206.844     8.7174   3.700253    35.0286    27.1857 0.0000e+00
       1076    206.870     8.7175   3.700255    35.0285    27.1856 0.0000e+00
       1077    206.886     8.7174   3.700246    35.0285    27.1856 0.0000e+00
       1078    206.888     8.7173   3.700244    35.0286    27.1857 0.0000e+00
       1079    206.884     8.7174   3.700253    35.0286    27.1857 0.0000e+00
       1080    206.885     8.7173   3.700248    35.0286    27.1857 0.0000e+00
       1081    206.897     8.7172   3.700232    35.0285    27.1857 0.0000e+00
       1082    206.911     8.7172   3.700234    35.0286    27.1857 0.0000e+00
       1083    206.920     8.7173   3.700243    35.0285    27.1857 0.0000e+00
       1084    206.930     8.7172   3.700241    35.0286    27.1857 0.0000e+00
       1085    206.940     8.7172   3.700232    35.0285    27.1857 0.0000e+00
       1086    206.945     8.7170   3.700211    35.0285    27.1857 0.0000e+00
       1087    206.950     8.7169   3.700202    35.0285    27.1857 0.0000e+00
       1088    206.955     8.7171   3.700230    35.0286    27.1857 0.0000e+00
       1089    206.958     8.7173   3.700251    35.0286    27.1857 0.0000e+00
       1090    206.954     8.7175   3.700257    35.0285    27.1856 0.0000e+00
       1091    206.946     8.7179   3.700281    35.0283    27.1854 0.0000e+00
       1092    206.942     8.7180   3.700291    35.0284    27.1854 0.0000e+00
       1093    206.950     8.7175   3.700253    35.0284    27.1856 0.0000e+00
       1094    206.967     8.7170   3.700201    35.0284    27.1856 0.0000e+00
       1095    206.982     8.7168   3.700173    35.0283    27.1855 0.0000e+00
       1096    206.988     8.7169   3.700181    35.0283    27.1855 0.0000e+00
       1097    206.985     8.7169   3.700164    35.0281    27.1854 0.0000e+00
       1098    206.974     8.7164   3.700117    35.0281    27.1854 0.0000e+00
       1099    206.948     8.7161   3.700100    35.0282    27.1856 0.0000e+00
       1100    206.909     8.7163   3.700123    35.0283    27.1856 0.0000e+00
       1101    206.868     8.7167   3.700148    35.0282    27.1855 0.0000e+00
       1102    206.841     8.7170   3.700152    35.0279    27.1852 0.0000e+00
       1103    206.840     8.7169   3.700144    35.0279    27.1853 0.0000e+00
       1104    206.848     8.7168   3.700140    35.0280    27.1853 0.0000e+00
       1105    206.842     8.7169   3.700139    35.0279    27.1852 0.0000e+00
       1106    206.825     8.7168   3.700125    35.0278    27.1852 0.0000e+00
       1107    206.806     8.7164   3.700091    35.0279    27.1853 0.0000e+00
       1108    206.792     8.7157   3.700035    35.0280    27.1855 0.0000e+00
       1109    206.785     8.7152   3.699955    35.0276    27.1853 0.0000e+00
       1110    206.780     8.7149   3.699904    35.0274    27.1852 0.0000e+00
       1111    206.777     8.7149   3.699900    35.0274    27.1851 0.0000e+00
       1112    206.775     8.7149   3.699913    35.0275    27.1852 0.0000e+00
       1113    206.773     8.7149   3.699961    35.0280    27.1856 0.0000e+00
       1114    206.770     8.7146   3.700021    35.0289    27.1864 0.0000e+00
       1115    206.764     8.7144   3.700036    35.0293    27.1867 0.0000e+00
       1116    206.754     8.7142   3.700018    35.0293    27.1868 0.0000e+00
       1117    206.738     8.7142   3.700003    35.0292    27.1866 0.0000e+00
       1118    206.722     8.7140   3.699988    35.0292    27.1867 0.0000e+00
       1119    206.709     8.7138   3.699935    35.0289    27.1865 0.0000e+00
       1120    206.697     8.7136   3.699857    35.0282    27.1860 0.0000e+00
       1121    206.690     8.7134   3.699795    35.0278    27.1857 0.0000e+00
       1122    206.690     8.7133   3.699778    35.0277    27.1856 0.0000e+00
       1123    206.694     8.7133   3.699852    35.0285    27.1863 0.0000e+00
       1124    206.692     8.7135   3.699975    35.0296    27.1871 0.0000e+00
       1125    206.672     8.7137   3.700034    35.0300    27.1874 0.0000e+00
       1126    206.639     8.7136   3.700017    35.0300    27.1874 0.0000e+00
       1127    206.606     8.7135   3.699981    35.0297    27.1872 0.0000e+00
       1128    206.588     8.7135   3.699970    35.0296    27.1871 0.0000e+00
       1129    206.586     8.7137   3.699983    35.0295    27.1870 0.0000e+00
       1130    206.587     8.7138   3.699982    35.0294    27.1869 0.0000e+00
       1131    206.579     8.7138   3.699956    35.0291    27.1867 0.0000e+00
       1132    206.564     8.7136   3.699911    35.0289    27.1865 0.0000e+00
       1133    206.546     8.7134   3.699861    35.0286    27.1863 0.0000e+00
       1134    206.530     8.7132   3.699824    35.0284    27.1862 0.0000e+00
       1135    206.518     8.7135   3.699840    35.0282    27.1860 0.0000e+00
       1136    206.511     8.7141   3.699909    35.0284    27.1860 0.0000e+00
       1137    206.505     8.7145   3.699980    35.0287    27.1863 0.0000e+00
       1138    206.496     8.7149   3.700022    35.0288    27.1862 0.0000e+00
       1139    206.482     8.7150   3.700039    35.0289    27.1863 0.0000e+00
       1140    206.463     8.7150   3.700050    35.0290    27.1864 0.0000e+00
       1141    206.440     8.7150   3.700066    35.0292    27.1865 0.0000e+00
       1142    206.424     8.7150   3.700080    35.0293    27.1867 0.0000e+00
       1143    206.417     8.7151   3.700111    35.0296    27.1868 0.0000e+00
       1144    206.414     8.7151   3.700143    35.0299    27.1871 0.0000e+00
       1145    206.415     8.7152   3.700154    35.0299    27.1871 0.0000e+00
       1146    206.412     8.7152   3.700155    35.0299    27.1871 0.0000e+00
       1147    206.400     8.7152   3.700151    35.0299    27.1871 0.0000e+00
       1148    206.383     8.7154   3.700146    35.0297    27.1868 0.0000e+00
       1149    206.370     8.7154   3.700152    35.0297    27.1869 0.0000e+00
       1150    206.365     8.7155   3.700164    35.0298    27.1869 0.0000e+00
       1151    206.370     8.7158   3.700185    35.0297    27.1868 0.0000e+00
       1152    206.380     8.7162   3.700216    35.0296    27.1867 0.0000e+00
       1153    206.384     8.7166   3.700240    35.0295    27.1865 0.0000e+00
       1154    206.384     8.7167   3.700252    35.0295    27.1865 0.0000e+00
       1155    206.385     8.7166   3.700251    35.0296    27.1866 0.0000e+00
       1156    206.384     8.7165   3.700240    35.0296    27.1866 0.0000e+00
       1157    206.383     8.7165   3.700229    35.0294    27.1865 0.0000e+00
       1158    206.387     8.7165   3.700225    35.0294    27.1865 0.0000e+00
       1159    206.394     8.7166   3.700239    35.0294    27.1865 0.0000e+00
       1160    206.400     8.7169   3.700254    35.0293    27.1863 0.0000e+00
       1161    206.406     8.7170   3.700256    35.0292    27.1862 0.0000e+00
       1162    206.417     8.7171   3.700256    35.0291    27.1861 0.0000e+00
       1163    206.430     8.7171   3.700257    35.0291    27.1862 0.0000e+00
       1164    206.431     8.7171   3.700248    35.0290    27.1861 0.0000e+00
       1165    206.412     8.7169   3.700226    35.0290    27.1861 0.0000e+00
       1166    206.390     8.7165   3.700197    35.0291    27.1862 0.0000e+00
       1167    206.385     8.7164   3.700185    35.0291    27.1862 0.0000e+00
       1168    206.401     8.7161   3.700175    35.0293    27.1864 0.0000e+00
       1169    206.427     8.7157   3.700116    35.0290    27.1863 0.0000e+00
       1170    206.439     8.7151   3.700042    35.0288    27.1862 0.0000e+00
       1171    206.424     8.7146   3.699997    35.0289    27.1863 0.0000e+00
       1172    206.396     8.7143   3.699965    35.0288    27.1864 0.0000e+00
       1173    206.376     8.7143   3.699961    35.0288    27.1863 0.0000e+00
       1174    206.378     8.7146   3.700002    35.0289    27.1864 0.0000e+00
       1175    206.399     8.7150   3.700045    35.0290    27.1864 0.0000e+00
       1176    206.424     8.7151   3.700062    35.0290    27.1864 0.0000e+00
       1177    206.445     8.7152   3.700061    35.0289    27.1863 0.0000e+00
       1178    206.460     8.7150   3.700025    35.0287    27.1862 0.0000e+00
       1179    206.468     8.7145   3.699970    35.0286    27.1862 0.0000e+00
       1180    206.466     8.7142   3.699943    35.0287    27.1862 0.0000e+00
       1181    206.455     8.7140   3.699935    35.0288    27.1864 0.0000e+00
       1182    206.449     8.7139   3.699926    35.0288    27.1864 0.0000e+00
       1183    206.459     8.7137   3.699930    35.0290    27.1866 0.0000e+00
       1184    206.480     8.7136   3.699945    35.0293    27.1868 0.0000e+00
       1185    206.506     8.7139   3.699969    35.0292    27.1867 0.0000e+00
       1186    206.532     8.7141   3.700006    35.0294    27.1868 0.0000e+00
       1187    206.547     8.7142   3.700052    35.0298    27.1871 0.0000e+00
       1188    206.549     8.7143   3.700076    35.0299    27.1872 0.0000e+00
       1189    206.548     8.7142   3.700068    35.0299    27.1873 0.0000e+00
       1190    206.552     8.7141   3.700060    35.0300    27.1873 0.0000e+00
       1191    206.561     8.7141   3.700054    35.0299    27.1872 0.0000e+00
       1192    206.577     8.7141   3.700018    35.0295    27.1869 0.0000e+00
       1193    206.597     8.7138   3.699944    35.0290    27.1866 0.0000e+00
       1194    206.615     8.7135   3.699900    35.0288    27.1865 0.0000e+00
       1195    206.633     8.7138   3.699944    35.0290    27.1866 0.0000e+00
       1196    206.656     8.7144   3.700036    35.0294    27.1868 0.0000e+00
       1197    206.675     8.7151   3.700097    35.0293    27.1866 0.0000e+00
       1198    206.684     8.7156   3.700131    35.0292    27.1864 0.0000e+00
       1199    206.688     8.7156   3.700154    35.0294    27.1866 0.0000e+00
       1200    206.702     8.7149   3.700131    35.0298    27.1871 0.0000e+00
       1201    206.730     8.7142   3.700095    35.0301    27.1874 0.0000e+00
       1202    206.761     8.7141   3.700099    35.0303    27.1875 0.0000e+00
       1203    206.774     8.7144   3.700123    35.0302    27.1874 0.0000e+00
       1204    206.771     8.7148   3.700133    35.0299    27.1871 0.0000e+00
       1205    206.766     8.7145   3.700118    35.0301    27.1873 0.0000e+00
       1206    206.770     8.7142   3.700096    35.0301    27.1874 0.0000e+00
       1207    206.792     8.7142   3.700091    35.0301    27.1874 0.0000e+00
       1208    206.826     8.7144   3.700108    35.0300    27.1873 0.0000e+00
       1209    206.852     8.7149   3.700142    35.0299    27.1871 0.0000e+00
       1210    206.858     8.7153   3.700172    35.0298    27.1870 0.0000e+00
       1211    206.853     8.7154   3.700183    35.0298    27.1870 0.0000e+00
       1212    206.848     8.7153   3.700170    35.0298    27.1870 0.0000e+00
       1213    206.848     8.7150   3.700154    35.0299    27.1871 0.0000e+00
       1214    206.859     8.7150   3.700159    35.0300    27.1871 0.0000e+00
       1215    206.887     8.7151   3.700167    35.0299    27.1871 0.0000e+00
       1216    206.919     8.7150   3.700163    35.0300    27.1872 0.0000e+00
       1217    206.937     8.7147   3.700149    35.0301    27.1873 0.0000e+00
       1218    206.938     8.7144   3.700140    35.0303    27.1875 0.0000e+00
       1219    206.934     8.7144   3.700141    35.0303    27.1875 0.0000e+00
       1220    206.940     8.7142   3.700112    35.0302    27.1875 0.0000e+00
       1221    206.957     8.7139   3.700056    35.0299    27.1873 0.0000e+00
       1222    206.972     8.7136   3.700047    35.0301    27.1875 0.0000e+00
       1223    206.972     8.7137   3.700061    35.0302    27.1875 0.0000e+00
       1224    206.962     8.7135   3.700044    35.0302    27.1876 0.0000e+00
       1225    206.958     8.7133   3.700022    35.0302    27.1876 0.0000e+00
       1226    206.972     8.7132   3.700016    35.0302    27.1876 0.0000e+00
       1227    206.999     8.7133   3.700020    35.0301    27.1875 0.0000e+00
       1228    207.023     8.7132   3.700029    35.0303    27.1877 0.0000e+00
       1229    207.030     8.7129   3.700047    35.0308    27.1881 0.0000e+00
       1230    207.019     8.7127   3.700062    35.0311    27.1884 0.0000e+00
