Datasets/Test_Dataset_39219_tow/originals/tel219_2021_069.cnv
* Sea-Bird SBE19plus Data File:
* Filename = C:/AQUIRE/tel219_2021_069.hex
* Software Version AquireV2 AF V2.0
* Temperature SN =  4020
* Conductivity SN =  4020
* System UpLoad Time = May 15 2021 08:52:49
** VESSEL/TRIP/SEQ STN: tel219_2021_069
** LATITUDE: 45 56.45 N
** LONGITUDE: 54 38.76 W
** DATE/TIME: 2021-05-15 08:08
** SOUNDING DEPTH (M): 0085
** PROBE TYPE: S4020
** CTD NUMBER:  69
** FORMAT: T
** COMMENTS: 
# nquan = 7                                 
# nvalues = 2527                        
# units = specified
# name 0 = scan: Scan Count
# name 1 = prdM: Pressure, Strain Gauge [db]
# name 2 = tv290C: Temperature [ITS-90, deg C]
# name 3 = c0S/m: Conductivity [S/m]
# name 4 = sal00: Salinity, Practical [PSU]
# name 5 = sigma-t00: Density [sigma-t, kg/m^3 ]
# name 6 = flag: flag
# span 0 =          1,       2527       
# span 1 =     -0.069,     81.277       
# span 2 =     0.4214,     3.9420       
# span 3 =   0.016703,   3.000765       
# span 4 =     0.1322,    32.7161       
# span 5 =     0.0802,    26.2417       
# span 6 = 0.0000e+00, 0.0000e+00       
# interval = seconds: 1
# start_time = May 15 2021 08:08:51 [Instrument's time stamp, header]
# bad_flag = -9.990e-29
*END*
[from data line 1026]
       1027     78.708     0.4289   2.768296    32.6983    26.2270 0.0000e+00
       1028     78.713     0.4289   2.768286    32.6982    26.2269 0.0000e+00
       1029     78.728     0.4287   2.768288    32.6984    26.2271 0.0000e+00
       1030     78.743     0.4282   2.768308    32.6992    26.2277 0.0000e+00
       1031     78.744     0.4277   2.768327    32.6999    26.2284 0.0000e+00
       1032     78.728     0.4276   2.768341    32.7002    26.2286 0.0000e+00
       1033     78.699     0.4280   2.768343    32.6999    26.2283 0.0000e+00
       1034     78.674     0.4284   2.768333    32.6993    26.2279 0.0000e+00
       1035     78.662     0.4285   2.768323    32.6991    26.2277 0.0000e+00
       1036     78.668     0.4285   2.768317    32.6990    26.2276 0.0000e+00
       1037     78.684     0.4286   2.768312    32.6988    26.2274 0.0000e+00
       1038     78.695     0.4286   2.768313    32.6988    26.2275 0.0000e+00
       1039     78.693     0.4285   2.768329    32.6991    26.2277 0.0000e+00
       1040     78.683     0.4283   2.768349    32.6996    26.2281 0.0000e+00
       1041     78.675     0.4284   2.768349    32.6995    26.2280 0.0000e+00
       1042     78.678     0.4290   2.768332    32.6987    26.2273 0.0000e+00
       1043     78.696     0.4295   2.768323    32.6980    26.2267 0.0000e+00
       1044     78.715     0.4297   2.768332    32.6979    26.2266 0.0000e+00
       1045     78.720     0.4296   2.768343    32.6981    26.2269 0.0000e+00
       1046     78.711     0.4294   2.768344    32.6984    26.2270 0.0000e+00
       1047     78.698     0.4289   2.768345    32.6989    26.2275 0.0000e+00
       1048     78.694     0.4284   2.768354    32.6996    26.2281 0.0000e+00
       1049     78.705     0.4282   2.768366    32.6999    26.2284 0.0000e+00
       1050     78.722     0.4285   2.768367    32.6996    26.2281 0.0000e+00
       1051     78.732     0.4294   2.768360    32.6986    26.2272 0.0000e+00
       1052     78.730     0.4300   2.768356    32.6979    26.2266 0.0000e+00
       1053     78.722     0.4298   2.768358    32.6981    26.2268 0.0000e+00
       1054     78.715     0.4295   2.768365    32.6985    26.2272 0.0000e+00
       1055     78.714     0.4292   2.768372    32.6990    26.2275 0.0000e+00
       1056     78.724     0.4290   2.768377    32.6992    26.2277 0.0000e+00
       1057     78.736     0.4290   2.768379    32.6992    26.2278 0.0000e+00
       1058     78.736     0.4290   2.768380    32.6993    26.2278 0.0000e+00
       1059     78.725     0.4291   2.768376    32.6991    26.2276 0.0000e+00
       1060     78.718     0.4293   2.768376    32.6989    26.2275 0.0000e+00
       1061     78.724     0.4294   2.768375    32.6988    26.2274 0.0000e+00
       1062     78.744     0.4297   2.768371    32.6984    26.2270 0.0000e+00
       1063     78.767     0.4302   2.768371    32.6978    26.2266 0.0000e+00
       1064     78.776     0.4302   2.768379    32.6979    26.2267 0.0000e+00
       1065     78.766     0.4299   2.768384    32.6983    26.2270 0.0000e+00
       1066     78.750     0.4295   2.768385    32.6988    26.2274 0.0000e+00
       1067     78.746     0.4289   2.768392    32.6995    26.2280 0.0000e+00
       1068     78.762     0.4283   2.768400    32.7002    26.2286 0.0000e+00
       1069     78.786     0.4282   2.768406    32.7004    26.2288 0.0000e+00
       1070     78.799     0.4287   2.768407    32.6999    26.2283 0.0000e+00
       1071     78.804     0.4290   2.768407    32.6996    26.2280 0.0000e+00
       1072     78.815     0.4286   2.768408    32.7000    26.2284 0.0000e+00
       1073     78.834     0.4282   2.768412    32.7005    26.2288 0.0000e+00
       1074     78.848     0.4281   2.768414    32.7006    26.2289 0.0000e+00
       1075     78.859     0.4284   2.768416    32.7003    26.2286 0.0000e+00
       1076     78.872     0.4290   2.768415    32.6996    26.2281 0.0000e+00
       1077     78.887     0.4296   2.768412    32.6989    26.2275 0.0000e+00
       1078     78.902     0.4300   2.768410    32.6985    26.2271 0.0000e+00
       1079     78.916     0.4298   2.768410    32.6987    26.2273 0.0000e+00
       1080     78.926     0.4295   2.768417    32.6991    26.2276 0.0000e+00
       1081     78.937     0.4296   2.768420    32.6990    26.2276 0.0000e+00
       1082     78.954     0.4302   2.768415    32.6983    26.2270 0.0000e+00
       1083     78.970     0.4305   2.768411    32.6979    26.2266 0.0000e+00
       1084     78.978     0.4303   2.768410    32.6981    26.2268 0.0000e+00
       1085     78.983     0.4298   2.768413    32.6987    26.2273 0.0000e+00
       1086     78.992     0.4294   2.768421    32.6992    26.2277 0.0000e+00
       1087     79.001     0.4294   2.768430    32.6993    26.2278 0.0000e+00
       1088     79.000     0.4297   2.768429    32.6990    26.2275 0.0000e+00
       1089     78.991     0.4300   2.768422    32.6986    26.2272 0.0000e+00
       1090     78.988     0.4301   2.768418    32.6984    26.2271 0.0000e+00
       1091     78.997     0.4303   2.768417    32.6982    26.2269 0.0000e+00
       1092     79.009     0.4303   2.768418    32.6982    26.2269 0.0000e+00
       1093     79.018     0.4303   2.768419    32.6982    26.2269 0.0000e+00
       1094     79.026     0.4304   2.768421    32.6981    26.2268 0.0000e+00
       1095     79.042     0.4307   2.768423    32.6978    26.2265 0.0000e+00
       1096     79.065     0.4309   2.768428    32.6977    26.2264 0.0000e+00
       1097     79.082     0.4304   2.768439    32.6983    26.2270 0.0000e+00
       1098     79.088     0.4296   2.768446    32.6993    26.2278 0.0000e+00
       1099     79.086     0.4292   2.768448    32.6997    26.2281 0.0000e+00
       1100     79.084     0.4296   2.768444    32.6993    26.2277 0.0000e+00
       1101     79.089     0.4308   2.768438    32.6979    26.2266 0.0000e+00
       1102     79.104     0.4313   2.768438    32.6974    26.2261 0.0000e+00
       1103     79.123     0.4309   2.768441    32.6978    26.2265 0.0000e+00
       1104     79.137     0.4300   2.768444    32.6988    26.2274 0.0000e+00
       1105     79.144     0.4293   2.768450    32.6996    26.2280 0.0000e+00
       1106     79.154     0.4289   2.768457    32.7001    26.2285 0.0000e+00
       1107     79.174     0.4288   2.768461    32.7003    26.2286 0.0000e+00
       1108     79.198     0.4289   2.768466    32.7002    26.2286 0.0000e+00
       1109     79.218     0.4290   2.768468    32.7001    26.2285 0.0000e+00
       1110     79.230     0.4290   2.768467    32.7001    26.2285 0.0000e+00
       1111     79.235     0.4288   2.768464    32.7003    26.2286 0.0000e+00
       1112     79.243     0.4285   2.768467    32.7006    26.2289 0.0000e+00
       1113     79.256     0.4285   2.768469    32.7006    26.2289 0.0000e+00
       1114     79.264     0.4287   2.768462    32.7003    26.2287 0.0000e+00
       1115     79.262     0.4287   2.768452    32.7002    26.2286 0.0000e+00
       1116     79.262     0.4285   2.768449    32.7004    26.2287 0.0000e+00
       1117     79.271     0.4283   2.768445    32.7005    26.2288 0.0000e+00
       1118     79.287     0.4279   2.768449    32.7010    26.2292 0.0000e+00
       1119     79.300     0.4273   2.768467    32.7019    26.2300 0.0000e+00
       1120     79.304     0.4272   2.768473    32.7020    26.2301 0.0000e+00
       1121     79.301     0.4272   2.768461    32.7019    26.2300 0.0000e+00
       1122     79.297     0.4272   2.768456    32.7018    26.2299 0.0000e+00
       1123     79.300     0.4272   2.768460    32.7019    26.2300 0.0000e+00
       1124     79.310     0.4273   2.768457    32.7017    26.2299 0.0000e+00
       1125     79.313     0.4273   2.768463    32.7018    26.2299 0.0000e+00
       1126     79.304     0.4274   2.768461    32.7017    26.2298 0.0000e+00
       1127     79.295     0.4276   2.768448    32.7013    26.2295 0.0000e+00
       1128     79.301     0.4277   2.768447    32.7012    26.2294 0.0000e+00
       1129     79.320     0.4275   2.768460    32.7016    26.2297 0.0000e+00
       1130     79.340     0.4274   2.768464    32.7017    26.2298 0.0000e+00
       1131     79.346     0.4274   2.768462    32.7017    26.2298 0.0000e+00
       1132     79.334     0.4270   2.768470    32.7022    26.2303 0.0000e+00
       1133     79.319     0.4266   2.768477    32.7027    26.2307 0.0000e+00
       1134     79.315     0.4267   2.768470    32.7025    26.2305 0.0000e+00
       1135     79.321     0.4270   2.768467    32.7022    26.2302 0.0000e+00
       1136     79.329     0.4270   2.768465    32.7021    26.2302 0.0000e+00
       1137     79.334     0.4267   2.768462    32.7024    26.2304 0.0000e+00
       1138     79.336     0.4264   2.768467    32.7028    26.2308 0.0000e+00
       1139     79.338     0.4263   2.768474    32.7030    26.2309 0.0000e+00
       1140     79.342     0.4265   2.768471    32.7027    26.2307 0.0000e+00
       1141     79.341     0.4270   2.768461    32.7021    26.2302 0.0000e+00
       1142     79.335     0.4274   2.768448    32.7015    26.2297 0.0000e+00
       1143     79.333     0.4275   2.768442    32.7013    26.2295 0.0000e+00
       1144     79.333     0.4276   2.768443    32.7012    26.2294 0.0000e+00
       1145     79.332     0.4275   2.768446    32.7014    26.2296 0.0000e+00
       1146     79.329     0.4272   2.768451    32.7017    26.2299 0.0000e+00
       1147     79.329     0.4271   2.768450    32.7018    26.2300 0.0000e+00
       1148     79.335     0.4273   2.768444    32.7015    26.2297 0.0000e+00
       1149     79.339     0.4274   2.768443    32.7014    26.2296 0.0000e+00
       1150     79.336     0.4271   2.768451    32.7019    26.2300 0.0000e+00
       1151     79.326     0.4267   2.768461    32.7024    26.2304 0.0000e+00
       1152     79.314     0.4265   2.768467    32.7027    26.2307 0.0000e+00
       1153     79.303     0.4265   2.768468    32.7027    26.2307 0.0000e+00
       1154     79.298     0.4265   2.768463    32.7027    26.2307 0.0000e+00
       1155     79.298     0.4265   2.768462    32.7027    26.2306 0.0000e+00
       1156     79.292     0.4266   2.768465    32.7026    26.2306 0.0000e+00
       1157     79.276     0.4268   2.768463    32.7024    26.2304 0.0000e+00
       1158     79.266     0.4270   2.768452    32.7020    26.2301 0.0000e+00
       1159     79.267     0.4272   2.768445    32.7017    26.2298 0.0000e+00
       1160     79.269     0.4274   2.768445    32.7015    26.2297 0.0000e+00
       1161     79.260     0.4273   2.768449    32.7017    26.2298 0.0000e+00
       1162     79.243     0.4268   2.768459    32.7023    26.2304 0.0000e+00
       1163     79.232     0.4266   2.768459    32.7025    26.2306 0.0000e+00
       1164     79.238     0.4267   2.768447    32.7023    26.2303 0.0000e+00
       1165     79.250     0.4267   2.768450    32.7023    26.2304 0.0000e+00
       1166     79.253     0.4265   2.768465    32.7027    26.2307 0.0000e+00
       1167     79.242     0.4264   2.768472    32.7029    26.2309 0.0000e+00
       1168     79.224     0.4266   2.768459    32.7026    26.2306 0.0000e+00
       1169     79.211     0.4271   2.768439    32.7018    26.2299 0.0000e+00
       1170     79.212     0.4275   2.768430    32.7012    26.2294 0.0000e+00
       1171     79.217     0.4277   2.768423    32.7009    26.2292 0.0000e+00
       1172     79.210     0.4276   2.768418    32.7010    26.2292 0.0000e+00
       1173     79.191     0.4273   2.768437    32.7015    26.2297 0.0000e+00
       1174     79.176     0.4270   2.768450    32.7020    26.2301 0.0000e+00
       1175     79.176     0.4274   2.768436    32.7014    26.2296 0.0000e+00
       1176     79.186     0.4278   2.768416    32.7007    26.2290 0.0000e+00
       1177     79.186     0.4280   2.768406    32.7004    26.2287 0.0000e+00
       1178     79.171     0.4280   2.768403    32.7004    26.2287 0.0000e+00
       1179     79.152     0.4283   2.768400    32.7000    26.2284 0.0000e+00
       1180     79.144     0.4287   2.768380    32.6993    26.2279 0.0000e+00
       1181     79.149     0.4288   2.768379    32.6992    26.2278 0.0000e+00
       1182     79.155     0.4282   2.768409    32.7002    26.2286 0.0000e+00
       1183     79.154     0.4274   2.768443    32.7015    26.2297 0.0000e+00
       1184     79.146     0.4266   2.768470    32.7027    26.2307 0.0000e+00
       1185     79.143     0.4262   2.768489    32.7034    26.2313 0.0000e+00
       1186     79.148     0.4260   2.768494    32.7037    26.2315 0.0000e+00
       1187     79.149     0.4260   2.768500    32.7038    26.2316 0.0000e+00
       1188     79.144     0.4264   2.768503    32.7034    26.2312 0.0000e+00
       1189     79.136     0.4270   2.768484    32.7025    26.2305 0.0000e+00
       1190     79.126     0.4276   2.768454    32.7015    26.2296 0.0000e+00
       1191     79.120     0.4275   2.768454    32.7016    26.2297 0.0000e+00
       1192     79.121     0.4274   2.768469    32.7019    26.2300 0.0000e+00
       1193     79.125     0.4275   2.768464    32.7017    26.2298 0.0000e+00
       1194     79.126     0.4277   2.768451    32.7013    26.2295 0.0000e+00
       1195     79.120     0.4276   2.768449    32.7014    26.2296 0.0000e+00
       1196     79.106     0.4275   2.768462    32.7017    26.2298 0.0000e+00
       1197     79.085     0.4275   2.768465    32.7018    26.2299 0.0000e+00
       1198     79.068     0.4279   2.768447    32.7011    26.2293 0.0000e+00
       1199     79.066     0.4285   2.768423    32.7002    26.2285 0.0000e+00
       1200     79.081     0.4289   2.768407    32.6995    26.2280 0.0000e+00
       1201     79.098     0.4290   2.768410    32.6994    26.2279 0.0000e+00
       1202     79.097     0.4287   2.768420    32.6999    26.2283 0.0000e+00
       1203     79.077     0.4286   2.768423    32.7000    26.2284 0.0000e+00
       1204     79.054     0.4288   2.768411    32.6997    26.2281 0.0000e+00
       1205     79.047     0.4289   2.768397    32.6994    26.2279 0.0000e+00
       1206     79.059     0.4286   2.768404    32.6998    26.2282 0.0000e+00
       1207     79.066     0.4282   2.768427    32.7005    26.2288 0.0000e+00
       1208     79.045     0.4280   2.768437    32.7009    26.2291 0.0000e+00
       1209     79.012     0.4281   2.768429    32.7007    26.2290 0.0000e+00
       1210     78.998     0.4284   2.768404    32.7001    26.2284 0.0000e+00
       1211     79.011     0.4286   2.768385    32.6996    26.2281 0.0000e+00
       1212     79.036     0.4285   2.768393    32.6998    26.2282 0.0000e+00
       1213     79.056     0.4282   2.768415    32.7004    26.2287 0.0000e+00
       1214     79.065     0.4280   2.768427    32.7007    26.2290 0.0000e+00
       1215     79.075     0.4280   2.768437    32.7009    26.2291 0.0000e+00
       1216     79.095     0.4284   2.768439    32.7005    26.2288 0.0000e+00
       1217     79.116     0.4292   2.768403    32.6991    26.2277 0.0000e+00
       1218     79.126     0.4295   2.768370    32.6984    26.2270 0.0000e+00
       1219     79.125     0.4291   2.768395    32.6991    26.2277 0.0000e+00
       1220     79.125     0.4283   2.768445    32.7006    26.2289 0.0000e+00
       1221     79.132     0.4276   2.768490    32.7019    26.2300 0.0000e+00
       1222     79.137     0.4272   2.768519    32.7027    26.2307 0.0000e+00
       1223     79.125     0.4270   2.768522    32.7030    26.2309 0.0000e+00
       1224     79.098     0.4270   2.768507    32.7028    26.2308 0.0000e+00
       1225     79.080     0.4270   2.768499    32.7027    26.2307 0.0000e+00
       1226     79.083     0.4272   2.768506    32.7026    26.2306 0.0000e+00
       1227     79.099     0.4276   2.768496    32.7020    26.2301 0.0000e+00
       1228     79.114     0.4280   2.768475    32.7013    26.2295 0.0000e+00
       1229     79.127     0.4283   2.768461    32.7008    26.2291 0.0000e+00
       1230     79.143     0.4285   2.768437    32.7003    26.2286 0.0000e+00
