Datasets/AZMP/TEL211/tel211_2020_001.cnv
* Sea-Bird SBE25plus Data File
* Filename = tel211_2020_001
* Software Version AquireV2 AF V2.0
* System UpLoad Time = Aug 01 2020 11:48:27
** VESSEL/TRIP/SEQ STN: tel211_2020_001
** LATITUDE: 47 32.84 N
** LONGITUDE: 52 35.27 W
** DATE/TIME: 2020-08-01 11:30
** SOUNDING DEPTH (M): 0176
** PROBE TYPE: S1101
** CTD NUMBER:    
** COMMENTS (14 CHAR): STN. 27
# nquan = 8
# nvalues = 8955                        
# units = specified
# name 0 = scan: Scan Count
# name 1 = prdM: Pressure, Strain Gauge [db]
# name 2 = t090C: Temperature [ITS-90, deg C]
# name 3 = c0S/m: Conductivity [S/m]
# name 4 = flECO-AFL: Fluorescence, WET Labs ECO-AFL/FL [mg/m^3]
# name 5 = sal00: Salinity, Practical [PSU]
# name 6 = sigma-t00: Density [sigma-t, kg/m^3 ]
# name 7 = flag: flag
# span 0 =          2,      17910       
# span 1 =      0.088,    174.906       
# span 2 =    -1.4253,    20.9829       
# span 3 =  -0.016334,   3.988221       
# span 4 =    -0.1387,    60.6581       
# span 5 =     0.0000,    34.9535       
# span 6 =    -1.9915,    27.5646       
# span 7 = 0.0000e+00, 0.0000e+00       
# interval = scans: 2                   
# start_time = Aug 01 2020 11:30:42 [Instrument's time stamp, header]
# bad_flag = -9.990e-29
*END*
[from data line 3236]
       6474     91.312    -1.3307   2.623617    48.6291    32.6544    26.2623 0.0000e+00
       6476     91.397    -1.3317   2.623582    48.6301    32.6549    26.2629 0.0000e+00
       6478     91.481    -1.3327   2.623600    48.5844    32.6561    26.2638 0.0000e+00
       6480     91.565    -1.3333   2.623588    48.5662    32.6566    26.2642 0.0000e+00
       6482     91.649    -1.3340   2.623550    48.5662    32.6568    26.2644 0.0000e+00
       6484     91.732    -1.3346   2.623520    48.5653    32.6570    26.2646 0.0000e+00
       6486     91.813    -1.3353   2.623484    48.5662    32.6573    26.2649 0.0000e+00
       6488     91.894    -1.3363   2.623453    48.5681    32.6578    26.2653 0.0000e+00
       6490     91.977    -1.3373   2.623432    48.5662    32.6587    26.2660 0.0000e+00
       6492     92.060    -1.3386   2.623376    48.5653    32.6592    26.2665 0.0000e+00
       6494     92.142    -1.3398   2.623316    48.5653    32.6597    26.2670 0.0000e+00
       6496     92.225    -1.3420   2.623290    48.5967    32.6617    26.2686 0.0000e+00
       6498     92.306    -1.3433   2.623283    48.5986    32.6630    26.2696 0.0000e+00
       6500     92.386    -1.3434   2.623217    48.5977    32.6621    26.2690 0.0000e+00
       6502     92.465    -1.3453   2.623161    48.5995    32.6634    26.2701 0.0000e+00
       6504     92.545    -1.3475   2.623102    48.5967    32.6649    26.2713 0.0000e+00
       6506     92.626    -1.3488   2.623066    48.5948    32.6658    26.2722 0.0000e+00
       6508     92.707    -1.3497   2.622999    48.5967    32.6658    26.2722 0.0000e+00
       6510     92.787    -1.3504   2.622945    48.5977    32.6659    26.2723 0.0000e+00
       6512     92.867    -1.3512   2.622879    48.5891    32.6658    26.2722 0.0000e+00
       6514     92.948    -1.3519   2.622785    48.5653    32.6651    26.2717 0.0000e+00
       6516     93.028    -1.3525   2.622713    48.5643    32.6649    26.2715 0.0000e+00
       6518     93.107    -1.3527   2.622650    48.5681    32.6641    26.2709 0.0000e+00
       6520     93.186    -1.3533   2.622585    48.5671    32.6638    26.2707 0.0000e+00
       6522     93.266    -1.3535   2.622527    48.5671    32.6632    26.2701 0.0000e+00
       6524     93.345    -1.3539   2.622516    48.5709    32.6634    26.2703 0.0000e+00
       6526     93.420    -1.3540   2.622473    48.5662    32.6628    26.2699 0.0000e+00
       6528     93.496    -1.3542   2.622453    48.5671    32.6628    26.2698 0.0000e+00
       6530     93.571    -1.3542   2.622437    48.5815    32.6625    26.2696 0.0000e+00
       6532     93.644    -1.3539   2.622410    48.5986    32.6618    26.2691 0.0000e+00
       6534     93.718    -1.3537   2.622407    48.5967    32.6614    26.2687 0.0000e+00
       6536     93.790    -1.3533   2.622399    48.5957    32.6610    26.2683 0.0000e+00
       6538     93.861    -1.3533   2.622386    48.5967    32.6607    26.2681 0.0000e+00
       6540     93.930    -1.3532   2.622418    48.5967    32.6610    26.2683 0.0000e+00
       6542     93.999    -1.3531   2.622503    48.5977    32.6620    26.2691 0.0000e+00
       6544     94.069    -1.3535   2.622498    48.5967    32.6623    26.2694 0.0000e+00
       6546     94.137    -1.3541   2.622517    48.5977    32.6632    26.2701 0.0000e+00
       6548     94.202    -1.3550   2.622546    48.5967    32.6646    26.2713 0.0000e+00
       6550     94.266    -1.3561   2.622514    48.5967    32.6652    26.2719 0.0000e+00
       6552     94.332    -1.3573   2.622497    48.5986    32.6663    26.2727 0.0000e+00
       6554     94.399    -1.3582   2.622507    48.5977    32.6673    26.2737 0.0000e+00
       6556     94.466    -1.3588   2.622517    48.5986    32.6681    26.2743 0.0000e+00
       6558     94.534    -1.3600   2.622488    48.5948    32.6689    26.2750 0.0000e+00
       6560     94.601    -1.3609   2.622467    48.5939    32.6697    26.2756 0.0000e+00
       6562     94.667    -1.3616   2.622433    48.5967    32.6699    26.2758 0.0000e+00
       6564     94.735    -1.3623   2.622394    48.5948    32.6701    26.2759 0.0000e+00
       6566     94.802    -1.3626   2.622368    48.5957    32.6700    26.2759 0.0000e+00
       6568     94.869    -1.3630   2.622326    48.5977    32.6698    26.2758 0.0000e+00
       6570     94.937    -1.3634   2.622275    48.5957    32.6696    26.2756 0.0000e+00
       6572     95.005    -1.3639   2.622226    48.5977    32.6694    26.2754 0.0000e+00
       6574     95.073    -1.3643   2.622231    48.5967    32.6698    26.2758 0.0000e+00
       6576     95.142    -1.3647   2.622183    48.5957    32.6697    26.2757 0.0000e+00
       6578     95.207    -1.3647   2.622139    48.5986    32.6689    26.2751 0.0000e+00
       6580     95.273    -1.3650   2.622152    48.5977    32.6694    26.2755 0.0000e+00
       6582     95.341    -1.3653   2.622127    48.5995    32.6694    26.2755 0.0000e+00
       6584     95.410    -1.3655   2.622078    48.5967    32.6688    26.2751 0.0000e+00
       6586     95.478    -1.3657   2.622019    48.5948    32.6681    26.2745 0.0000e+00
       6588     95.549    -1.3655   2.621995    48.5948    32.6677    26.2741 0.0000e+00
       6590     95.618    -1.3655   2.621977    48.5967    32.6673    26.2739 0.0000e+00
       6592     95.689    -1.3657   2.621938    48.5957    32.6670    26.2735 0.0000e+00
       6594     95.758    -1.3657   2.621904    48.5977    32.6664    26.2732 0.0000e+00
       6596     95.829    -1.3657   2.621884    48.5967    32.6662    26.2729 0.0000e+00
       6598     95.898    -1.3657   2.621868    48.5957    32.6659    26.2727 0.0000e+00
       6600     95.971    -1.3655   2.621868    48.6138    32.6656    26.2725 0.0000e+00
       6602     96.044    -1.3658   2.621822    48.6301    32.6653    26.2722 0.0000e+00
       6604     96.118    -1.3654   2.621858    48.6282    32.6653    26.2722 0.0000e+00
       6606     96.192    -1.3653   2.621880    48.6244    32.6655    26.2723 0.0000e+00
       6608     96.266    -1.3653   2.621907    48.6282    32.6658    26.2725 0.0000e+00
       6610     96.340    -1.3651   2.621912    48.6253    32.6656    26.2724 0.0000e+00
       6612     96.415    -1.3652   2.621917    48.6272    32.6658    26.2725 0.0000e+00
       6614     96.490    -1.3653   2.621922    48.6272    32.6658    26.2726 0.0000e+00
       6616     96.564    -1.3653   2.621944    48.6282    32.6662    26.2729 0.0000e+00
       6618     96.637    -1.3653   2.621938    48.6292    32.6659    26.2726 0.0000e+00
       6620     96.712    -1.3652   2.622001    48.6262    32.6667    26.2733 0.0000e+00
       6622     96.785    -1.3653   2.622022    48.6282    32.6671    26.2736 0.0000e+00
       6624     96.859    -1.3653   2.622031    48.6272    32.6672    26.2737 0.0000e+00
       6626     96.931    -1.3651   2.622014    48.6262    32.6666    26.2732 0.0000e+00
       6628     97.005    -1.3652   2.622021    48.6301    32.6668    26.2734 0.0000e+00
       6630     97.078    -1.3653   2.622027    48.6301    32.6670    26.2736 0.0000e+00
       6632     97.155    -1.3653   2.622025    48.6282    32.6668    26.2734 0.0000e+00
       6634     97.233    -1.3653   2.621993    48.6349    32.6664    26.2730 0.0000e+00
       6636     97.313    -1.3656   2.622017    48.6893    32.6670    26.2736 0.0000e+00
       6638     97.392    -1.3656   2.622027    48.6883    32.6671    26.2737 0.0000e+00
       6640     97.473    -1.3655   2.622004    48.6883    32.6666    26.2732 0.0000e+00
       6642     97.553    -1.3655   2.621989    48.6883    32.6664    26.2731 0.0000e+00
       6644     97.633    -1.3656   2.622004    48.6902    32.6666    26.2732 0.0000e+00
       6646     97.716    -1.3656   2.621961    48.6893    32.6659    26.2728 0.0000e+00
       6648     97.801    -1.3659   2.621960    48.6883    32.6662    26.2729 0.0000e+00
       6650     97.886    -1.3664   2.621936    48.6873    32.6664    26.2730 0.0000e+00
       6652     97.972    -1.3672   2.621912    48.6521    32.6669    26.2736 0.0000e+00
       6654     98.059    -1.3682   2.621934    48.5967    32.6682    26.2747 0.0000e+00
       6656     98.145    -1.3692   2.621919    48.5967    32.6691    26.2754 0.0000e+00
       6658     98.236    -1.3704   2.621893    48.5957    32.6700    26.2762 0.0000e+00
       6660     98.329    -1.3721   2.621888    48.5977    32.6717    26.2775 0.0000e+00
       6662     98.425    -1.3729   2.621844    48.5986    32.6720    26.2778 0.0000e+00
       6664     98.520    -1.3738   2.621790    48.5977    32.6722    26.2779 0.0000e+00
       6666     98.617    -1.3743   2.621732    48.5977    32.6718    26.2777 0.0000e+00
       6668     98.715    -1.3755   2.621664    48.5957    32.6722    26.2780 0.0000e+00
       6670     98.814    -1.3767   2.621606    48.6749    32.6725    26.2784 0.0000e+00
       6672     98.916    -1.3769   2.621550    48.7188    32.6719    26.2779 0.0000e+00
       6674     99.018    -1.3773   2.621541    48.7178    32.6722    26.2781 0.0000e+00
       6676     99.119    -1.3780   2.621497    48.7188    32.6723    26.2782 0.0000e+00
       6678     99.220    -1.3783   2.621440    48.7178    32.6718    26.2778 0.0000e+00
       6680     99.321    -1.3787   2.621383    48.7178    32.6714    26.2775 0.0000e+00
       6682     99.422    -1.3788   2.621348    48.7188    32.6710    26.2771 0.0000e+00
       6684     99.525    -1.3791   2.621317    48.7207    32.6708    26.2770 0.0000e+00
       6686     99.627    -1.3796   2.621294    48.7188    32.6710    26.2771 0.0000e+00
       6688     99.727    -1.3800   2.621283    48.8876    32.6712    26.2774 0.0000e+00
       6690     99.827    -1.3804   2.621273    48.8962    32.6714    26.2775 0.0000e+00
       6692     99.926    -1.3804   2.621242    48.8991    32.6709    26.2771 0.0000e+00
       6694    100.025    -1.3804   2.621243    48.8981    32.6709    26.2771 0.0000e+00
       6696    100.125    -1.3806   2.621264    48.8981    32.6714    26.2775 0.0000e+00
       6698    100.223    -1.3806   2.621227    48.8962    32.6708    26.2771 0.0000e+00
       6700    100.318    -1.3808   2.621225    48.8981    32.6710    26.2771 0.0000e+00
       6702    100.411    -1.3809   2.621233    48.8962    32.6711    26.2773 0.0000e+00
       6704    100.500    -1.3809   2.621245    48.8399    32.6713    26.2775 0.0000e+00
       6706    100.590    -1.3810   2.621263    48.5948    32.6715    26.2776 0.0000e+00
       6708    100.678    -1.3812   2.621271    48.5977    32.6718    26.2779 0.0000e+00
       6710    100.762    -1.3815   2.621263    48.5967    32.6719    26.2780 0.0000e+00
       6712    100.842    -1.3819   2.621302    48.5977    32.6728    26.2788 0.0000e+00
       6714    100.918    -1.3832   2.621330    48.5977    32.6746    26.2802 0.0000e+00
       6716    100.991    -1.3842   2.621371    48.5986    32.6762    26.2815 0.0000e+00
       6718    101.059    -1.3848   2.621434    48.5977    32.6777    26.2828 0.0000e+00
       6720    101.123    -1.3851   2.621535    48.5986    32.6794    26.2842 0.0000e+00
       6722    101.183    -1.3855   2.621622    48.5948    32.6810    26.2855 0.0000e+00
       6724    101.239    -1.3856   2.621674    48.5977    32.6818    26.2861 0.0000e+00
       6726    101.290    -1.3859   2.621726    48.5977    32.6827    26.2869 0.0000e+00
       6728    101.337    -1.3860   2.621925    48.5986    32.6856    26.2892 0.0000e+00
       6730    101.379    -1.3863   2.622306    48.5967    32.6911    26.2937 0.0000e+00
       6732    101.418    -1.3864   2.622761    48.5995    32.6975    26.2989 0.0000e+00
       6734    101.453    -1.3864   2.623153    48.5967    32.7028    26.3032 0.0000e+00
       6736    101.486    -1.3861   2.623376    48.5957    32.7055    26.3053 0.0000e+00
       6738    101.518    -1.3854   2.623467    48.5986    32.7060    26.3057 0.0000e+00
       6740    101.548    -1.3845   2.623524    48.5748    32.7058    26.3056 0.0000e+00
       6742    101.575    -1.3842   2.623557    48.5691    32.7058    26.3056 0.0000e+00
       6744    101.602    -1.3838   2.623593    48.5653    32.7060    26.3057 0.0000e+00
       6746    101.627    -1.3836   2.623642    48.5662    32.7064    26.3060 0.0000e+00
       6748    101.649    -1.3835   2.623665    48.5671    32.7065    26.3062 0.0000e+00
       6750    101.671    -1.3832   2.623705    48.5671    32.7068    26.3063 0.0000e+00
       6752    101.695    -1.3830   2.623723    48.5662    32.7068    26.3064 0.0000e+00
       6754    101.721    -1.3831   2.623689    48.5662    32.7064    26.3060 0.0000e+00
       6756    101.750    -1.3841   2.623434    48.5671    32.7039    26.3041 0.0000e+00
       6758    101.780    -1.3849   2.623113    48.5681    32.7005    26.3013 0.0000e+00
       6760    101.814    -1.3855   2.622812    48.5681    32.6970    26.2984 0.0000e+00
       6762    101.851    -1.3861   2.622574    48.5671    32.6942    26.2962 0.0000e+00
       6764    101.896    -1.3863   2.622363    48.5681    32.6915    26.2940 0.0000e+00
       6766    101.946    -1.3863   2.622167    48.5662    32.6889    26.2919 0.0000e+00
       6768    102.001    -1.3862   2.622005    48.5671    32.6864    26.2899 0.0000e+00
       6770    102.060    -1.3863   2.621815    48.5653    32.6839    26.2879 0.0000e+00
       6772    102.126    -1.3863   2.621623    48.5662    32.6813    26.2858 0.0000e+00
       6774    102.197    -1.3865   2.621468    48.5824    32.6793    26.2841 0.0000e+00
       6776    102.274    -1.3865   2.621348    48.6291    32.6777    26.2828 0.0000e+00
       6778    102.356    -1.3866   2.621256    48.6262    32.6765    26.2818 0.0000e+00
       6780    102.444    -1.3865   2.621145    48.6262    32.6748    26.2805 0.0000e+00
       6782    102.537    -1.3865   2.621087    48.6272    32.6739    26.2797 0.0000e+00
       6784    102.636    -1.3863   2.621020    48.6282    32.6727    26.2787 0.0000e+00
       6786    102.737    -1.3858   2.621011    48.6282    32.6720    26.2782 0.0000e+00
       6788    102.843    -1.3855   2.620982    48.6272    32.6713    26.2776 0.0000e+00
       6790    102.952    -1.3851   2.620983    48.6262    32.6708    26.2771 0.0000e+00
       6792    103.065    -1.3849   2.621013    48.6110    32.6709    26.2773 0.0000e+00
       6794    103.179    -1.3847   2.621032    48.5957    32.6707    26.2771 0.0000e+00
       6796    103.295    -1.3845   2.621073    48.5967    32.6711    26.2774 0.0000e+00
       6798    103.414    -1.3846   2.621106    48.5957    32.6715    26.2778 0.0000e+00
       6800    103.535    -1.3849   2.621175    48.5967    32.6728    26.2788 0.0000e+00
       6802    103.656    -1.3849   2.621206    48.5957    32.6732    26.2791 0.0000e+00
       6804    103.777    -1.3849   2.621258    48.5957    32.6737    26.2796 0.0000e+00
       6806    103.897    -1.3847   2.621301    48.5977    32.6740    26.2798 0.0000e+00
       6808    104.018    -1.3839   2.621339    48.5967    32.6736    26.2794 0.0000e+00
       6810    104.138    -1.3828   2.621386    48.6206    32.6730    26.2788 0.0000e+00
       6812    104.255    -1.3817   2.621456    48.6262    32.6726    26.2786 0.0000e+00
       6814    104.370    -1.3812   2.621547    48.6253    32.6733    26.2791 0.0000e+00
       6816    104.483    -1.3805   2.621618    48.6253    32.6735    26.2792 0.0000e+00
       6818    104.591    -1.3801   2.621698    48.6272    32.6741    26.2797 0.0000e+00
       6820    104.694    -1.3796   2.621775    48.6262    32.6745    26.2800 0.0000e+00
       6822    104.791    -1.3794   2.621833    48.6262    32.6750    26.2805 0.0000e+00
       6824    104.887    -1.3794   2.621881    48.6272    32.6755    26.2809 0.0000e+00
       6826    104.979    -1.3794   2.621918    48.6262    32.6760    26.2813 0.0000e+00
       6828    105.070    -1.3790   2.621983    48.6272    32.6764    26.2816 0.0000e+00
       6830    105.156    -1.3782   2.622023    48.6253    32.6761    26.2813 0.0000e+00
