Datasets/AZMP/TEL211/tel211_2020_004.cnv
* Sea-Bird SBE25plus Data File
* Filename = tel211_2020_004
* Software Version AquireV2 AF V2.0
* System UpLoad Time = Aug 04 2020 17:42:24
** VESSEL/TRIP/SEQ STN: tel211_2020_004
** LATITUDE: 47 50.93 N
** LONGITUDE: 53 53.75 W
** DATE/TIME: 2020-08-04 17:27
** SOUNDING DEPTH (M): 0082
** PROBE TYPE: S1101
** CTD NUMBER:    
** COMMENTS (14 CHAR): Bull Arm # 3
# nquan = 8
# nvalues = 7841                        
# units = specified
# name 0 = scan: Scan Count
# name 1 = prdM: Pressure, Strain Gauge [db]
# name 2 = t090C: Temperature [ITS-90, deg C]
# name 3 = c0S/m: Conductivity [S/m]
# name 4 = flECO-AFL: Fluorescence, WET Labs ECO-AFL/FL [mg/m^3]
# name 5 = sal00: Salinity, Practical [PSU]
# name 6 = sigma-t00: Density [sigma-t, kg/m^3 ]
# name 7 = flag: flag
# span 0 =          2,      15682       
# span 1 =      0.095,     83.624       
# span 2 =     0.2361,    25.4785       
# span 3 =  -0.013752,   4.414398       
# span 4 =    -0.1387,    55.9153       
# span 5 =     0.0000,    34.3209       
# span 6 =    -3.0672,    27.0530       
# span 7 = 0.0000e+00, 0.0000e+00       
# interval = scans: 2                   
# start_time = Aug 04 2020 17:27:32 [Instrument's time stamp, header]
# bad_flag = -9.990e-29
*END*
[from data line 360]
        722      0.200    24.9801  -0.000621    32.7646     0.0000    -2.9485 0.0000e+00
        724      0.201    24.9738  -0.000634    32.7655     0.0000    -2.9469 0.0000e+00
        726      0.202    24.9678  -0.000641    32.7665     0.0000    -2.9454 0.0000e+00
        728      0.201    24.9676  -0.000623    32.7646     0.0000    -2.9453 0.0000e+00
        730      0.201    24.9727  -0.000583    32.7636     0.0000    -2.9466 0.0000e+00
        732      0.200    24.9795  -0.000553    32.7665     0.0000    -2.9484 0.0000e+00
        734      0.198    24.9825  -0.000519    32.7360     0.0000    -2.9490 0.0000e+00
        736      0.197    24.9760  -0.000527    32.7350     0.0000    -2.9474 0.0000e+00
        738      0.195    24.9675  -0.000553    32.7340     0.0000    -2.9453 0.0000e+00
        740      0.194    24.9658  -0.000550    32.7350     0.0000    -2.9448 0.0000e+00
        742      0.195    24.9647  -0.000534    32.7350     0.0000    -2.9446 0.0000e+00
        744      0.195    24.9555  -0.000555    32.7340     0.0000    -2.9422 0.0000e+00
        746      0.196    24.9532  -0.000561    32.7350     0.0000    -2.9415 0.0000e+00
        748      0.197    24.9541  -0.000535    32.7340     0.0000    -2.9419 0.0000e+00
        750      0.196    24.9565  -0.000512    32.6711     0.0000    -2.9424 0.0000e+00
        752      0.195    24.9624  -0.000480    32.4965     0.0000    -2.9440 0.0000e+00
        754      0.196    24.9662  -0.000445    32.5032     0.0000    -2.9450 0.0000e+00
        756      0.197    24.9601  -0.000460    32.5004     0.0000    -2.9433 0.0000e+00
        758      0.198    24.9536  -0.000464    32.5004     0.0000    -2.9417 0.0000e+00
        760      0.201    24.9426  -0.000507    32.4985     0.0000    -2.9389 0.0000e+00
        762      0.203    24.9372  -0.000517    32.5004     0.0000    -2.9375 0.0000e+00
        764      0.203    24.9274  -0.000538    32.5004     0.0000    -2.9350 0.0000e+00
        766      0.203    24.9305  -0.000520    32.5004     0.0000    -2.9357 0.0000e+00
        768      0.203    24.9380  -0.000459    32.5671     0.0000    -2.9377 0.0000e+00
        770      0.203    24.9374  -0.000451    32.6444     0.0000    -2.9375 0.0000e+00
        772      0.202    24.9304  -0.000474    32.6434     0.0000    -2.9358 0.0000e+00
        774      0.200    24.9290  -0.000463    32.6434     0.0000    -2.9354 0.0000e+00
        776      0.200    24.9303  -0.000445    32.6434     0.0000    -2.9357 0.0000e+00
        778      0.201    24.9263  -0.000451    32.6444     0.0000    -2.9347 0.0000e+00
        780      0.203    24.9217  -0.000455    32.6444     0.0000    -2.9335 0.0000e+00
        782      0.203    24.9102  -0.000486    32.6424     0.0000    -2.9306 0.0000e+00
        784      0.202    24.9103  -0.000476    32.6434     0.0000    -2.9307 0.0000e+00
        786      0.202    24.9143  -0.000436    32.9209     0.0000    -2.9317 0.0000e+00
        788      0.201    24.9071  -0.000458    32.9781     0.0000    -2.9298 0.0000e+00
        790      0.200    24.8994  -0.000484    32.9763     0.0000    -2.9279 0.0000e+00
        792      0.199    24.8928  -0.000495    32.9753     0.0000    -2.9261 0.0000e+00
        794      0.198    24.8909  -0.000489    32.9772     0.0000    -2.9257 0.0000e+00
        796      0.198    24.8886  -0.000472    32.9781     0.0000    -2.9251 0.0000e+00
        798      0.199    24.8852  -0.000483    32.9781     0.0000    -2.9242 0.0000e+00
        800      0.198    24.8783  -0.000491    32.9772     0.0000    -2.9225 0.0000e+00
        802      0.198    24.8698  -0.000525    32.9658     0.0000    -2.9203 0.0000e+00
        804      0.199    24.8626  -0.000533    32.3811     0.0000    -2.9185 0.0000e+00
        806      0.200    24.8560  -0.000549    32.3792     0.0000    -2.9168 0.0000e+00
        808      0.200    24.8569  -0.000544    32.3774     0.0000    -2.9169 0.0000e+00
        810      0.199    24.8601  -0.000510    32.3774     0.0000    -2.9178 0.0000e+00
        812      0.200    24.8558  -0.000520    32.3783     0.0000    -2.9167 0.0000e+00
        814      0.199    24.8451  -0.000547    32.3755     0.0000    -2.9139 0.0000e+00
        816      0.198    24.8353  -0.000561    32.3755     0.0000    -2.9114 0.0000e+00
        818      0.197    24.8328  -0.000557    32.3764     0.0000    -2.9108 0.0000e+00
        820      0.197    24.8373  -0.000533    32.4631     0.0000    -2.9120 0.0000e+00
        822      0.197    24.8386  -0.000504    32.6158     0.0000    -2.9123 0.0000e+00
        824      0.198    24.8354  -0.000513    32.6148     0.0000    -2.9115 0.0000e+00
        826      0.200    24.8360  -0.000496    32.6138     0.0000    -2.9116 0.0000e+00
        828      0.200    24.8343  -0.000485    32.6120     0.0000    -2.9112 0.0000e+00
        830      0.199    24.8256  -0.000498    32.6120     0.0000    -2.9090 0.0000e+00
        832      0.198    24.8116  -0.000544    32.6129     0.0000    -2.9055 0.0000e+00
        834      0.200    24.8048  -0.000561    32.6138     0.0000    -2.9037 0.0000e+00
        836      0.200    24.8037  -0.000552    32.6120     0.0000    -2.9035 0.0000e+00
        838      0.201    24.8070  -0.000522    32.6033     0.0000    -2.9043 0.0000e+00
        840      0.201    24.8134  -0.000487    32.5928     0.0000    -2.9059 0.0000e+00
        842      0.201    24.8187  -0.000455    32.5919     0.0000    -2.9072 0.0000e+00
        844      0.200    24.8229  -0.000423    32.5928     0.0000    -2.9084 0.0000e+00
        846      0.199    24.8275  -0.000384    32.5919     0.0000    -2.9095 0.0000e+00
        848      0.200    24.8267  -0.000391    32.5938     0.0000    -2.9093 0.0000e+00
        850      0.201    24.8225  -0.000391    32.5910     0.0000    -2.9082 0.0000e+00
        852      0.202    24.8233  -0.000367    32.5938     0.0000    -2.9085 0.0000e+00
        854      0.201    24.8276  -0.000346    32.5928     0.0000    -2.9096 0.0000e+00
        856      0.198    24.8325  -0.000305    32.5928     0.0000    -2.9108 0.0000e+00
        858      0.198    24.8370  -0.000288    32.5938     0.0000    -2.9119 0.0000e+00
        860      0.199    24.8395  -0.000266    32.5928     0.0000    -2.9126 0.0000e+00
        862      0.200    24.8405  -0.000251    32.5919     0.0000    -2.9128 0.0000e+00
        864      0.200    24.8287  -0.000284    32.5928     0.0000    -2.9098 0.0000e+00
        866      0.201    24.8163  -0.000327    32.5919     0.0000    -2.9067 0.0000e+00
        868      0.201    24.8041  -0.000365    32.5928     0.0000    -2.9036 0.0000e+00
        870      0.202    24.7940  -0.000397    32.5919     0.0000    -2.9009 0.0000e+00
        872      0.203    24.7968  -0.000370    32.6015     0.0000    -2.9017 0.0000e+00
        874      0.203    24.8034  -0.000333    32.6758     0.0000    -2.9033 0.0000e+00
        876      0.203    24.8018  -0.000328    32.6739     0.0000    -2.9029 0.0000e+00
        878      0.204    24.7951  -0.000355    32.6778     0.0000    -2.9013 0.0000e+00
        880      0.204    24.7868  -0.000375    32.6749     0.0000    -2.8991 0.0000e+00
        882      0.205    24.7846  -0.000368    32.6778     0.0000    -2.8986 0.0000e+00
        884      0.206    24.7861  -0.000355    32.6739     0.0000    -2.8990 0.0000e+00
        886      0.205    24.7860  -0.000340    32.6749     0.0000    -2.8990 0.0000e+00
        888      0.204    24.7847  -0.000329    32.6749     0.0000    -2.8986 0.0000e+00
        890      0.204    24.7862  -0.000312    32.7139     0.0000    -2.8990 0.0000e+00
        892      0.201    24.7904  -0.000288    32.7674     0.0000    -2.9001 0.0000e+00
        894      0.199    24.7918  -0.000276    32.7646     0.0000    -2.9004 0.0000e+00
        896      0.199    24.7933  -0.000260    32.7665     0.0000    -2.9008 0.0000e+00
        898      0.201    24.7948  -0.000238    32.7655     0.0000    -2.9012 0.0000e+00
        900      0.203    24.7981  -0.000217    32.7636     0.0000    -2.9020 0.0000e+00
        902      0.203    24.7960  -0.000212    32.7655     0.0000    -2.9015 0.0000e+00
        904      0.203    24.7876  -0.000235    32.7636     0.0000    -2.8993 0.0000e+00
        906      0.203    24.7825  -0.000249    32.7665     0.0000    -2.8981 0.0000e+00
        908      0.203    24.7805  -0.000262    32.6462     0.0000    -2.8975 0.0000e+00
        910      0.202    24.7833  -0.000231    32.5938     0.0000    -2.8983 0.0000e+00
        912      0.204    24.7844  -0.000211    32.5919     0.0000    -2.8986 0.0000e+00
        914      0.205    24.7815  -0.000220    32.5928     0.0000    -2.8978 0.0000e+00
        916      0.207    24.7708  -0.000250    32.5928     0.0000    -2.8951 0.0000e+00
        918      0.210    24.7707  -0.000248    32.5938     0.0000    -2.8950 0.0000e+00
        920      0.214    24.7723  -0.000222    32.5928     0.0000    -2.8955 0.0000e+00
        922      0.217    24.7729  -0.000220    32.5928     0.0000    -2.8956 0.0000e+00
        924      0.218    24.7730  -0.000211    32.5928     0.0000    -2.8956 0.0000e+00
        926      0.225    24.7722  -0.000197    32.4736     0.0000    -2.8954 0.0000e+00
        928      0.238    24.2231  -0.002465    32.4679     0.0000    -2.7588 0.0000e+00
        930      0.259    21.4082  -0.013752    32.4698     0.0000    -2.0976 0.0000e+00
        932      0.294    19.7880   1.735251    32.4698    11.5484     7.0118 0.0000e+00
        934      0.340    19.2441   3.774570    32.4689    27.3416    19.1215 0.0000e+00
        936      0.395    19.0167   4.220707    32.4689    31.0901    22.0315 0.0000e+00
        938      0.456    18.8928   4.213767    32.4698    31.1259    22.0895 0.0000e+00
        940      0.520    18.8323   4.193567    32.4669    31.0046    22.0121 0.0000e+00
        942      0.587    18.8082   4.179531    34.6347    30.9070    21.9434 0.0000e+00
        944      0.657    18.7933   4.173196    42.3109    30.8658    21.9157 0.0000e+00
        946      0.728    18.7754   4.170152    42.2700    30.8540    21.9110 0.0000e+00
        948      0.798    18.7659   4.168278    42.2747    30.8456    21.9070 0.0000e+00
        950      0.869    18.7587   4.169970    42.2795    30.8649    21.9235 0.0000e+00
        952      0.937    18.7484   4.170678    42.2805    30.8785    21.9364 0.0000e+00
        954      1.004    18.7360   4.166785    42.2823    30.8555    21.9220 0.0000e+00
        956      1.071    18.7352   4.165172    42.2823    30.8428    21.9125 0.0000e+00
        958      1.135    18.7228   4.166649    42.2843    30.8642    21.9319 0.0000e+00
        960      1.192    18.7086   4.176814    45.4953    30.9588    22.0075 0.0000e+00
        962      1.240    18.7039   4.213641    49.2748    31.2670    22.2439 0.0000e+00
        964      1.280    18.7075   4.236184    49.2548    31.4509    22.3835 0.0000e+00
        966      1.307    18.7424   4.234033    49.2634    31.4066    22.3410 0.0000e+00
        968      1.322    18.8033   4.233854    49.2643    31.3589    22.2895 0.0000e+00
        970      1.329    18.8861   4.239586    49.2652    31.3436    22.2573 0.0000e+00
        972      1.334    18.9626   4.244222    49.2662    31.3240    22.2233 0.0000e+00
        974      1.337    19.0120   4.249348    49.2691    31.3288    22.2148 0.0000e+00
        976      1.340    19.0373   4.254189    49.2672    31.3496    22.2242 0.0000e+00
        978      1.341    19.0522   4.258621    49.0087    31.3749    22.2398 0.0000e+00
        980      1.342    19.0759   4.262564    48.9381    31.3894    22.2449 0.0000e+00
        982      1.342    19.0988   4.266167    48.9381    31.4016    22.2486 0.0000e+00
        984      1.341    19.1210   4.269983    48.9381    31.4162    22.2541 0.0000e+00
        986      1.340    19.1502   4.275174    48.9381    31.4368    22.2625 0.0000e+00
        988      1.339    19.1724   4.280453    48.9362    31.4633    22.2771 0.0000e+00
        990      1.339    19.1705   4.284738    48.9400    31.4999    22.3055 0.0000e+00
        992      1.340    19.1040   4.287527    48.9390    31.5733    22.3782 0.0000e+00
        994      1.339    19.0357   4.286601    48.9352    31.6176    22.4291 0.0000e+00
        996      1.337    19.0246   4.286848    48.8218    31.6281    22.4399 0.0000e+00
        998      1.333    19.1039   4.288360    48.8170    31.5801    22.3834 0.0000e+00
       1000      1.331    19.2189   4.291023    48.8170    31.5149    22.3048 0.0000e+00
       1002      1.328    19.2870   4.295062    48.8190    31.4965    22.2736 0.0000e+00
       1004      1.326    19.3262   4.298927    48.8190    31.4984    22.2652 0.0000e+00
       1006      1.325    19.3558   4.302652    48.8218    31.5066    22.2640 0.0000e+00
       1008      1.327    19.3745   4.305954    48.8190    31.5194    22.2690 0.0000e+00
       1010      1.328    19.3165   4.308266    48.8199    31.5821    22.3316 0.0000e+00
       1012      1.329    19.2539   4.310344    48.8094    31.6467    22.3965 0.0000e+00
       1014      1.329    19.2401   4.312601    48.7904    31.6757    22.4222 0.0000e+00
       1016      1.329    19.2591   4.315250    48.7875    31.6830    22.4229 0.0000e+00
       1018      1.332    19.2798   4.317896    48.7894    31.6889    22.4221 0.0000e+00
       1020      1.333    19.2909   4.320218    48.7904    31.6995    22.4275 0.0000e+00
       1022      1.336    19.2978   4.322017    48.7951    31.7090    22.4330 0.0000e+00
       1024      1.335    19.3094   4.323104    48.7904    31.7091    22.4301 0.0000e+00
       1026      1.333    19.3270   4.324069    48.7894    31.7036    22.4215 0.0000e+00
       1028      1.331    19.3429   4.325486    48.7884    31.7032    22.4171 0.0000e+00
       1030      1.330    19.3539   4.327132    48.7856    31.7082    22.4181 0.0000e+00
       1032      1.329    19.3677   4.328806    48.7884    31.7115    22.4172 0.0000e+00
       1034      1.329    19.3880   4.330512    48.7894    31.7100    22.4110 0.0000e+00
       1036      1.329    19.4198   4.332232    48.7904    31.7000    22.3952 0.0000e+00
       1038      1.328    19.4547   4.334122    48.7894    31.6888    22.3778 0.0000e+00
       1040      1.326    19.4847   4.335871    48.7884    31.6804    22.3638 0.0000e+00
       1042      1.326    19.5106   4.337714    48.7875    31.6759    22.3537 0.0000e+00
       1044      1.326    19.5324   4.339436    48.7913    31.6733    22.3463 0.0000e+00
       1046      1.325    19.5499   4.341016    48.7922    31.6730    22.3415 0.0000e+00
       1048      1.324    19.5653   4.342462    48.7360    31.6731    22.3377 0.0000e+00
       1050      1.323    19.5786   4.343811    48.7283    31.6740    22.3351 0.0000e+00
       1052      1.321    19.5906   4.345104    48.7302    31.6754    22.3331 0.0000e+00
       1054      1.321    19.6023   4.346410    48.7350    31.6773    22.3315 0.0000e+00
       1056      1.320    19.6127   4.347907    48.7283    31.6816    22.3321 0.0000e+00
       1058      1.320    19.6220   4.349612    48.7302    31.6884    22.3349 0.0000e+00
       1060      1.319    19.6294   4.351622    48.7302    31.6991    22.3412 0.0000e+00
       1062      1.319    19.6342   4.353969    48.7302    31.7146    22.3518 0.0000e+00
       1064      1.321    19.6365   4.356387    48.7331    31.7326    22.3649 0.0000e+00
       1066      1.321    19.6357   4.358528    48.7608    31.7506    22.3788 0.0000e+00
       1068      1.322    19.6315   4.360256    48.7608    31.7678    22.3930 0.0000e+00
       1070      1.322    19.6201   4.361654    48.7598    31.7878    22.4112 0.0000e+00
       1072      1.322    19.5963   4.362742    48.7636    31.8148    22.4379 0.0000e+00
       1074      1.321    19.5731   4.363283    48.7598    31.8368    22.4605 0.0000e+00
       1076      1.319    19.5664   4.363216    48.7598    31.8414    22.4658 0.0000e+00
       1078      1.316    19.5767   4.363112    48.7588    31.8327    22.4565 0.0000e+00
