Datasets/AZMP/TEL211/tel211_2020_005.cnv
* Sea-Bird SBE25plus Data File
* Filename = tel211_2020_005
* Software Version AquireV2 AF V2.0
* System UpLoad Time = Aug 05 2020 11:01:38
** VESSEL/TRIP/SEQ STN: tel211_2020_005
** LATITUDE: 47 50.92 N
** LONGITUDE: 053 53.75 W
** DATE/TIME: 2020-08-05 10:25
** SOUNDING DEPTH (M): 81.2
** PROBE TYPE: S1101
** CTD NUMBER: 000
** COMMENTS (14 CHAR): Bull Arm,5
# nquan = 8
# nvalues = 16789                       
# units = specified
# name 0 = scan: Scan Count
# name 1 = prdM: Pressure, Strain Gauge [db]
# name 2 = t090C: Temperature [ITS-90, deg C]
# name 3 = c0S/m: Conductivity [S/m]
# name 4 = flECO-AFL: Fluorescence, WET Labs ECO-AFL/FL [mg/m^3]
# name 5 = sal00: Salinity, Practical [PSU]
# name 6 = sigma-t00: Density [sigma-t, kg/m^3 ]
# name 7 = flag: flag
# span 0 =          2,      33578       
# span 1 =      0.223,     81.236       
# span 2 =     1.0071,    15.9610       
# span 3 =   0.000630,   3.959033       
# span 4 =    -0.1387,    58.0478       
# span 5 =     0.0092,    33.6557       
# span 6 =    -0.7983,    26.1803       
# span 7 = 0.0000e+00, 0.0000e+00       
# interval = scans: 2                   
# start_time = Aug 05 2020 10:25:56 [Instrument's time stamp, header]
# bad_flag = -9.990e-29
*END*
[from data line 5753]
      11508      1.457    15.9472   3.943567    50.5422    31.0876    22.7522 0.0000e+00
      11510      1.458    15.9472   3.943557    50.5432    31.0874    22.7520 0.0000e+00
      11512      1.459    15.9471   3.943551    50.5480    31.0875    22.7521 0.0000e+00
      11514      1.458    15.9471   3.943503    50.5442    31.0870    22.7518 0.0000e+00
      11516      1.457    15.9472   3.943420    50.5442    31.0863    22.7511 0.0000e+00
      11518      1.456    15.9472   3.943351    50.5432    31.0856    22.7506 0.0000e+00
      11520      1.454    15.9473   3.943289    50.5422    31.0850    22.7501 0.0000e+00
      11522      1.453    15.9471   3.943219    50.5432    31.0845    22.7499 0.0000e+00
      11524      1.452    15.9473   3.943175    50.5833    31.0840    22.7494 0.0000e+00
      11526      1.450    15.9472   3.943089    50.6024    31.0833    22.7489 0.0000e+00
      11528      1.451    15.9471   3.943009    50.6043    31.0827    22.7484 0.0000e+00
      11530      1.450    15.9472   3.942934    50.6043    31.0819    22.7478 0.0000e+00
      11532      1.449    15.9473   3.942883    50.6043    31.0815    22.7474 0.0000e+00
      11534      1.447    15.9473   3.942861    50.6081    31.0813    22.7473 0.0000e+00
      11536      1.447    15.9472   3.942844    50.6052    31.0812    22.7472 0.0000e+00
      11538      1.447    15.9474   3.942826    50.6043    31.0808    22.7469 0.0000e+00
      11540      1.446    15.9473   3.942828    50.6052    31.0810    22.7471 0.0000e+00
      11542      1.446    15.9472   3.942829    50.6004    31.0810    22.7471 0.0000e+00
      11544      1.447    15.9473   3.942829    50.6024    31.0810    22.7471 0.0000e+00
      11546      1.447    15.9472   3.942890    50.6033    31.0816    22.7475 0.0000e+00
      11548      1.448    15.9473   3.942921    50.6033    31.0818    22.7477 0.0000e+00
      11550      1.448    15.9473   3.942988    50.6033    31.0823    22.7481 0.0000e+00
      11552      1.448    15.9473   3.943055    50.6043    31.0829    22.7486 0.0000e+00
      11554      1.448    15.9473   3.943118    50.6033    31.0835    22.7490 0.0000e+00
      11556      1.449    15.9472   3.943140    50.6052    31.0838    22.7492 0.0000e+00
      11558      1.449    15.9472   3.943166    50.5880    31.0840    22.7494 0.0000e+00
      11560      1.450    15.9474   3.943195    50.5403    31.0841    22.7495 0.0000e+00
      11562      1.449    15.9473   3.943150    50.5432    31.0838    22.7493 0.0000e+00
      11564      1.447    15.9473   3.943108    50.5413    31.0834    22.7489 0.0000e+00
      11566      1.446    15.9474   3.943072    50.5442    31.0831    22.7486 0.0000e+00
      11568      1.447    15.9474   3.943004    50.5432    31.0825    22.7482 0.0000e+00
      11570      1.448    15.9473   3.942965    50.5403    31.0821    22.7480 0.0000e+00
      11572      1.448    15.9474   3.942916    50.5432    31.0817    22.7475 0.0000e+00
      11574      1.446    15.9473   3.942892    50.5442    31.0814    22.7475 0.0000e+00
      11576      1.444    15.9475   3.942909    50.5518    31.0815    22.7474 0.0000e+00
      11578      1.444    15.9475   3.942886    50.5422    31.0814    22.7473 0.0000e+00
      11580      1.443    15.9475   3.942906    50.5422    31.0815    22.7474 0.0000e+00
      11582      1.443    15.9474   3.942922    50.5413    31.0817    22.7475 0.0000e+00
      11584      1.445    15.9473   3.942957    50.5432    31.0821    22.7479 0.0000e+00
      11586      1.447    15.9475   3.943017    50.5413    31.0825    22.7482 0.0000e+00
      11588      1.450    15.9474   3.943062    50.5393    31.0829    22.7486 0.0000e+00
      11590      1.450    15.9475   3.943133    50.5442    31.0835    22.7490 0.0000e+00
      11592      1.450    15.9475   3.943194    50.5461    31.0840    22.7494 0.0000e+00
      11594      1.452    15.9474   3.943251    50.4955    31.0846    22.7498 0.0000e+00
      11596      1.452    15.9475   3.943320    50.4840    31.0851    22.7502 0.0000e+00
      11598      1.453    15.9475   3.943369    50.4840    31.0855    22.7505 0.0000e+00
      11600      1.454    15.9475   3.943422    50.4840    31.0860    22.7509 0.0000e+00
      11602      1.456    15.9475   3.943415    50.4850    31.0859    22.7508 0.0000e+00
      11604      1.458    15.9476   3.943404    50.4822    31.0857    22.7506 0.0000e+00
      11606      1.461    15.9476   3.943392    50.4831    31.0857    22.7506 0.0000e+00
      11608      1.461    15.9475   3.943332    50.4840    31.0852    22.7503 0.0000e+00
      11610      1.460    15.9475   3.943277    50.4831    31.0847    22.7499 0.0000e+00
      11612      1.458    15.9475   3.943207    50.4831    31.0841    22.7494 0.0000e+00
      11614      1.456    15.9475   3.943118    50.4840    31.0834    22.7488 0.0000e+00
      11616      1.454    15.9476   3.943033    50.4840    31.0825    22.7482 0.0000e+00
      11618      1.454    15.9476   3.942959    50.4850    31.0819    22.7477 0.0000e+00
      11620      1.455    15.9476   3.942869    50.4840    31.0810    22.7471 0.0000e+00
      11622      1.455    15.9476   3.942839    50.4831    31.0808    22.7469 0.0000e+00
      11624      1.455    15.9475   3.942797    50.4831    31.0806    22.7467 0.0000e+00
      11626      1.454    15.9477   3.942766    50.4831    31.0801    22.7463 0.0000e+00
      11628      1.455    15.9477   3.942719    50.4936    31.0797    22.7460 0.0000e+00
      11630      1.456    15.9476   3.942704    50.5136    31.0795    22.7459 0.0000e+00
      11632      1.454    15.9476   3.942639    50.5126    31.0791    22.7455 0.0000e+00
      11634      1.453    15.9476   3.942601    50.5117    31.0787    22.7452 0.0000e+00
      11636      1.452    15.9477   3.942591    50.5136    31.0785    22.7450 0.0000e+00
      11638      1.450    15.9476   3.942560    50.5146    31.0783    22.7449 0.0000e+00
      11640      1.449    15.9477   3.942543    50.5146    31.0781    22.7448 0.0000e+00
      11642      1.450    15.9477   3.942508    50.5146    31.0778    22.7445 0.0000e+00
      11644      1.451    15.9476   3.942481    50.5136    31.0776    22.7445 0.0000e+00
      11646      1.451    15.9477   3.942474    50.5451    31.0775    22.7443 0.0000e+00
      11648      1.450    15.9477   3.942473    50.5766    31.0774    22.7443 0.0000e+00
      11650      1.448    15.9478   3.942481    50.5728    31.0775    22.7443 0.0000e+00
      11652      1.447    15.9478   3.942493    50.5785    31.0776    22.7443 0.0000e+00
      11654      1.446    15.9478   3.942569    50.5718    31.0782    22.7449 0.0000e+00
      11656      1.446    15.9476   3.942622    50.5728    31.0789    22.7454 0.0000e+00
      11658      1.446    15.9477   3.942696    50.5718    31.0795    22.7458 0.0000e+00
      11660      1.445    15.9478   3.942807    50.5728    31.0803    22.7465 0.0000e+00
      11662      1.443    15.9477   3.942885    50.5728    31.0810    22.7471 0.0000e+00
      11664      1.443    15.9479   3.942950    50.4631    31.0816    22.7474 0.0000e+00
      11666      1.443    15.9476   3.943006    50.4536    31.0822    22.7480 0.0000e+00
      11668      1.443    15.9478   3.943085    50.4545    31.0828    22.7484 0.0000e+00
      11670      1.445    15.9477   3.943127    50.4526    31.0832    22.7487 0.0000e+00
      11672      1.448    15.9476   3.943165    50.4536    31.0836    22.7490 0.0000e+00
      11674      1.451    15.9477   3.943198    50.4526    31.0839    22.7492 0.0000e+00
      11676      1.455    15.9477   3.943242    50.4536    31.0842    22.7495 0.0000e+00
      11678      1.458    15.9478   3.943270    50.4526    31.0844    22.7496 0.0000e+00
      11680      1.462    15.9479   3.943296    50.4554    31.0846    22.7497 0.0000e+00
      11682      1.465    15.9478   3.943302    50.5423    31.0847    22.7498 0.0000e+00
      11684      1.466    15.9479   3.943308    50.5422    31.0847    22.7498 0.0000e+00
      11686      1.468    15.9478   3.943313    50.5422    31.0848    22.7499 0.0000e+00
      11688      1.470    15.9480   3.943291    50.5442    31.0845    22.7496 0.0000e+00
      11690      1.469    15.9477   3.943258    50.5452    31.0844    22.7495 0.0000e+00
      11692      1.469    15.9479   3.943227    50.5432    31.0840    22.7493 0.0000e+00
      11694      1.470    15.9477   3.943188    50.5422    31.0838    22.7491 0.0000e+00
      11696      1.470    15.9480   3.943186    50.5442    31.0836    22.7489 0.0000e+00
      11698      1.469    15.9478   3.943127    50.5298    31.0832    22.7486 0.0000e+00
      11700      1.470    15.9480   3.943076    50.5108    31.0826    22.7482 0.0000e+00
      11702      1.470    15.9480   3.943019    50.5136    31.0821    22.7478 0.0000e+00
      11704      1.473    15.9479   3.942981    50.5126    31.0818    22.7476 0.0000e+00
      11706      1.474    15.9479   3.942929    50.5136    31.0814    22.7473 0.0000e+00
      11708      1.474    15.9479   3.942846    50.5126    31.0806    22.7467 0.0000e+00
      11710      1.474    15.9479   3.942747    50.5108    31.0797    22.7460 0.0000e+00
      11712      1.473    15.9479   3.942657    50.5126    31.0789    22.7454 0.0000e+00
      11714      1.470    15.9479   3.942562    50.5165    31.0782    22.7447 0.0000e+00
      11716      1.469    15.9480   3.942468    50.4946    31.0772    22.7441 0.0000e+00
      11718      1.468    15.9480   3.942352    50.4822    31.0762    22.7432 0.0000e+00
      11720      1.466    15.9480   3.942259    50.4822    31.0754    22.7426 0.0000e+00
      11722      1.464    15.9480   3.942184    50.4812    31.0748    22.7422 0.0000e+00
      11724      1.464    15.9481   3.942105    50.4822    31.0740    22.7415 0.0000e+00
      11726      1.466    15.9480   3.942058    50.4831    31.0736    22.7413 0.0000e+00
      11728      1.466    15.9481   3.942023    50.4822    31.0733    22.7409 0.0000e+00
      11730      1.465    15.9481   3.942016    50.4822    31.0731    22.7409 0.0000e+00
      11732      1.464    15.9482   3.942050    50.4831    31.0735    22.7411 0.0000e+00
      11734      1.461    15.9481   3.942082    50.4831    31.0737    22.7413 0.0000e+00
      11736      1.458    15.9479   3.942158    50.4812    31.0746    22.7420 0.0000e+00
      11738      1.458    15.9480   3.942268    50.4812    31.0755    22.7427 0.0000e+00
      11740      1.458    15.9481   3.942391    50.4822    31.0765    22.7434 0.0000e+00
      11742      1.459    15.9481   3.942468    50.4840    31.0772    22.7439 0.0000e+00
      11744      1.460    15.9482   3.942550    50.4793    31.0778    22.7445 0.0000e+00
      11746      1.460    15.9482   3.942602    50.4878    31.0782    22.7448 0.0000e+00
      11748      1.458    15.9482   3.942661    50.4812    31.0788    22.7452 0.0000e+00
      11750      1.458    15.9481   3.942672    50.4736    31.0790    22.7454 0.0000e+00
      11752      1.458    15.9482   3.942702    50.4526    31.0791    22.7454 0.0000e+00
      11754      1.459    15.9481   3.942704    50.4526    31.0792    22.7455 0.0000e+00
      11756      1.459    15.9481   3.942726    50.4517    31.0794    22.7456 0.0000e+00
      11758      1.460    15.9482   3.942740    50.4592    31.0795    22.7458 0.0000e+00
      11760      1.462    15.9481   3.942753    50.4583    31.0797    22.7458 0.0000e+00
      11762      1.462    15.9482   3.942756    50.4536    31.0796    22.7458 0.0000e+00
      11764      1.464    15.9481   3.942803    50.4517    31.0801    22.7462 0.0000e+00
      11766      1.465    15.9481   3.942801    50.4526    31.0801    22.7462 0.0000e+00
      11768      1.466    15.9480   3.942861    50.4526    31.0807    22.7467 0.0000e+00
      11770      1.468    15.9481   3.942867    50.4526    31.0806    22.7467 0.0000e+00
      11772      1.468    15.9479   3.942924    50.4554    31.0813    22.7471 0.0000e+00
      11774      1.468    15.9479   3.942912    50.4536    31.0812    22.7471 0.0000e+00
      11776      1.469    15.9478   3.942919    50.4536    31.0813    22.7472 0.0000e+00
      11778      1.469    15.9477   3.942947    50.4536    31.0817    22.7475 0.0000e+00
      11780      1.469    15.9477   3.942990    50.4592    31.0821    22.7478 0.0000e+00
      11782      1.468    15.9476   3.942984    50.4592    31.0821    22.7479 0.0000e+00
      11784      1.469    15.9474   3.942978    50.4554    31.0821    22.7480 0.0000e+00
      11786      1.470    15.9473   3.943003    50.4517    31.0825    22.7482 0.0000e+00
      11788      1.472    15.9472   3.942959    50.4526    31.0822    22.7480 0.0000e+00
      11790      1.472    15.9472   3.942938    50.4517    31.0820    22.7478 0.0000e+00
      11792      1.472    15.9472   3.942908    50.4517    31.0817    22.7477 0.0000e+00
      11794      1.472    15.9471   3.942836    50.4536    31.0812    22.7473 0.0000e+00
      11796      1.471    15.9474   3.942778    50.4507    31.0804    22.7466 0.0000e+00
      11798      1.471    15.9474   3.942698    50.4517    31.0797    22.7461 0.0000e+00
      11800      1.471    15.9474   3.942619    50.4536    31.0790    22.7456 0.0000e+00
      11802      1.470    15.9476   3.942506    50.4517    31.0779    22.7447 0.0000e+00
      11804      1.470    15.9477   3.942367    50.3963    31.0765    22.7435 0.0000e+00
      11806      1.469    15.9480   3.942229    50.3916    31.0751    22.7424 0.0000e+00
      11808      1.466    15.9479   3.942100    50.3935    31.0741    22.7417 0.0000e+00
      11810      1.464    15.9481   3.942036    50.3916    31.0733    22.7411 0.0000e+00
      11812      1.463    15.9480   3.941968    50.3935    31.0729    22.7407 0.0000e+00
      11814      1.462    15.9481   3.941928    50.3935    31.0724    22.7403 0.0000e+00
      11816      1.460    15.9481   3.941921    50.3926    31.0724    22.7403 0.0000e+00
      11818      1.459    15.9481   3.941913    50.3935    31.0723    22.7402 0.0000e+00
      11820      1.458    15.9481   3.941906    50.4107    31.0722    22.7402 0.0000e+00
      11822      1.457    15.9482   3.941866    50.4536    31.0718    22.7398 0.0000e+00
      11824      1.454    15.9482   3.941871    50.4536    31.0718    22.7398 0.0000e+00
      11826      1.454    15.9482   3.941852    50.4507    31.0717    22.7398 0.0000e+00
      11828      1.454    15.9482   3.941835    50.4526    31.0716    22.7396 0.0000e+00
      11830      1.452    15.9482   3.941834    50.4536    31.0715    22.7396 0.0000e+00
      11832      1.450    15.9483   3.941828    50.4526    31.0714    22.7395 0.0000e+00
      11834      1.448    15.9483   3.941827    50.4526    31.0714    22.7394 0.0000e+00
      11836      1.446    15.9483   3.941884    50.4554    31.0719    22.7399 0.0000e+00
      11838      1.445    15.9482   3.941931    50.4840    31.0724    22.7403 0.0000e+00
      11840      1.445    15.9482   3.942019    50.5155    31.0732    22.7409 0.0000e+00
      11842      1.446    15.9483   3.942119    50.5136    31.0740    22.7415 0.0000e+00
      11844      1.448    15.9482   3.942242    50.5117    31.0751    22.7423 0.0000e+00
      11846      1.449    15.9483   3.942361    50.5136    31.0761    22.7431 0.0000e+00
      11848      1.450    15.9483   3.942439    50.5146    31.0768    22.7436 0.0000e+00
      11850      1.452    15.9481   3.942541    50.5136    31.0778    22.7445 0.0000e+00
      11852      1.454    15.9482   3.942566    50.5146    31.0780    22.7445 0.0000e+00
      11854      1.455    15.9482   3.942639    50.5117    31.0786    22.7450 0.0000e+00
      11856      1.455    15.9482   3.942652    50.4373    31.0787    22.7452 0.0000e+00
      11858      1.454    15.9481   3.942657    50.4211    31.0787    22.7452 0.0000e+00
      11860      1.453    15.9480   3.942662    50.4259    31.0789    22.7454 0.0000e+00
      11862      1.453    15.9480   3.942677    50.4240    31.0791    22.7454 0.0000e+00
      11864      1.453    15.9479   3.942712    50.4221    31.0795    22.7458 0.0000e+00
