Datasets/AZMP/TEL211/tel211_2020_002.cnv
* Sea-Bird SBE25plus Data File
* Filename = tel211_2020_002
* Software Version AquireV2 AF V2.0
* System UpLoad Time = Aug 03 2020 18:44:12
** VESSEL/TRIP/SEQ STN: tel211_2020_002
** LATITUDE: 47 50.93 N
** LONGITUDE: 53 53.75 W
** DATE/TIME: 2020-08-03 18:27
** SOUNDING DEPTH (M):  084
** PROBE TYPE: S1101
** CTD NUMBER:    
** COMMENTS (14 CHAR): Sunnyside CTD1
# nquan = 8
# nvalues = 8674                        
# units = specified
# name 0 = scan: Scan Count
# name 1 = prdM: Pressure, Strain Gauge [db]
# name 2 = t090C: Temperature [ITS-90, deg C]
# name 3 = c0S/m: Conductivity [S/m]
# name 4 = flECO-AFL: Fluorescence, WET Labs ECO-AFL/FL [mg/m^3]
# name 5 = sal00: Salinity, Practical [PSU]
# name 6 = sigma-t00: Density [sigma-t, kg/m^3 ]
# name 7 = flag: flag
# span 0 =          2,      17348       
# span 1 =      0.144,     83.500       
# span 2 =     0.2752,    29.2447       
# span 3 =  -0.016610,   4.589669       
# span 4 =    -0.1377,    58.4492       
# span 5 =     0.0000,    35.7801       
# span 6 =    -4.1155,    27.7045       
# span 7 = 0.0000e+00, 0.0000e+00       
# interval = scans: 2                   
# start_time = Aug 03 2020 18:27:53 [Instrument's time stamp, header]
# bad_flag = -9.990e-29
*END*
[from data line 7371]
      14744     57.879     0.3247   2.740674    47.2215    32.4605    26.0408 0.0000e+00
      14746     57.857     0.3248   2.740695    47.2215    32.4608    26.0410 0.0000e+00
      14748     57.837     0.3250   2.740700    47.2224    32.4607    26.0408 0.0000e+00
      14750     57.817     0.3251   2.740693    47.2234    32.4604    26.0406 0.0000e+00
      14752     57.798     0.3253   2.740680    47.2215    32.4600    26.0404 0.0000e+00
      14754     57.778     0.3256   2.740696    47.1910    32.4599    26.0403 0.0000e+00
      14756     57.757     0.3256   2.740709    47.1585    32.4601    26.0405 0.0000e+00
      14758     57.736     0.3258   2.740696    47.1624    32.4597    26.0401 0.0000e+00
      14760     57.715     0.3260   2.740690    47.1605    32.4595    26.0399 0.0000e+00
      14762     57.694     0.3262   2.740714    47.1595    32.4596    26.0399 0.0000e+00
      14764     57.672     0.3264   2.740693    47.1624    32.4592    26.0395 0.0000e+00
      14766     57.652     0.3265   2.740696    47.1653    32.4591    26.0395 0.0000e+00
      14768     57.631     0.3267   2.740715    47.1586    32.4592    26.0396 0.0000e+00
      14770     57.612     0.3270   2.740723    47.1586    32.4590    26.0394 0.0000e+00
      14772     57.593     0.3274   2.740728    47.1891    32.4586    26.0391 0.0000e+00
      14774     57.570     0.3274   2.740720    47.1910    32.4586    26.0391 0.0000e+00
      14776     57.549     0.3277   2.740728    47.1910    32.4583    26.0389 0.0000e+00
      14778     57.528     0.3277   2.740732    47.1910    32.4583    26.0389 0.0000e+00
      14780     57.508     0.3281   2.740760    47.1910    32.4583    26.0389 0.0000e+00
      14782     57.487     0.3284   2.740749    47.1910    32.4579    26.0384 0.0000e+00
      14784     57.468     0.3285   2.740736    47.1900    32.4576    26.0382 0.0000e+00
      14786     57.449     0.3287   2.740750    47.1910    32.4575    26.0382 0.0000e+00
      14788     57.430     0.3289   2.740755    47.1863    32.4575    26.0380 0.0000e+00
      14790     57.411     0.3291   2.740755    47.1605    32.4573    26.0380 0.0000e+00
      14792     57.392     0.3293   2.740763    47.1605    32.4572    26.0378 0.0000e+00
      14794     57.373     0.3294   2.740755    47.1605    32.4569    26.0377 0.0000e+00
      14796     57.353     0.3296   2.740725    47.1624    32.4564    26.0372 0.0000e+00
      14798     57.334     0.3298   2.740748    47.1615    32.4565    26.0373 0.0000e+00
      14800     57.313     0.3299   2.740738    47.1615    32.4562    26.0371 0.0000e+00
      14802     57.292     0.3301   2.740758    47.1624    32.4564    26.0371 0.0000e+00
      14804     57.273     0.3302   2.740763    47.1615    32.4563    26.0371 0.0000e+00
      14806     57.254     0.3301   2.740763    47.1739    32.4564    26.0371 0.0000e+00
      14808     57.234     0.3302   2.740763    47.1920    32.4564    26.0371 0.0000e+00
      14810     57.214     0.3303   2.740785    47.1920    32.4565    26.0373 0.0000e+00
      14812     57.194     0.3302   2.740780    47.1910    32.4565    26.0373 0.0000e+00
      14814     57.174     0.3302   2.740776    47.1920    32.4565    26.0372 0.0000e+00
      14816     57.155     0.3302   2.740771    47.1920    32.4564    26.0372 0.0000e+00
      14818     57.136     0.3306   2.740792    47.1929    32.4564    26.0371 0.0000e+00
      14820     57.118     0.3305   2.740795    47.1920    32.4565    26.0373 0.0000e+00
      14822     57.097     0.3306   2.740788    47.1900    32.4562    26.0371 0.0000e+00
      14824     57.078     0.3307   2.740784    47.1900    32.4561    26.0369 0.0000e+00
      14826     57.060     0.3308   2.740773    47.1910    32.4558    26.0367 0.0000e+00
      14828     57.042     0.3309   2.740765    47.1929    32.4556    26.0365 0.0000e+00
      14830     57.023     0.3310   2.740787    47.1929    32.4559    26.0367 0.0000e+00
      14832     57.006     0.3310   2.740786    47.1910    32.4559    26.0367 0.0000e+00
      14834     56.989     0.3308   2.740787    47.1920    32.4561    26.0369 0.0000e+00
      14836     56.971     0.3312   2.740789    47.1910    32.4558    26.0366 0.0000e+00
      14838     56.953     0.3310   2.740798    47.1900    32.4561    26.0369 0.0000e+00
      14840     56.933     0.3312   2.740794    47.1891    32.4558    26.0367 0.0000e+00
      14842     56.913     0.3312   2.740797    47.1910    32.4558    26.0367 0.0000e+00
      14844     56.894     0.3315   2.740789    47.1900    32.4555    26.0363 0.0000e+00
      14846     56.874     0.3315   2.740805    47.1900    32.4557    26.0365 0.0000e+00
      14848     56.855     0.3316   2.740791    47.1920    32.4554    26.0363 0.0000e+00
      14850     56.839     0.3315   2.740795    47.1910    32.4556    26.0365 0.0000e+00
      14852     56.822     0.3317   2.740823    47.1910    32.4556    26.0365 0.0000e+00
      14854     56.802     0.3317   2.740824    47.1920    32.4557    26.0365 0.0000e+00
      14856     56.783     0.3320   2.740820    47.1910    32.4554    26.0363 0.0000e+00
      14858     56.766     0.3322   2.740824    47.2358    32.4553    26.0362 0.0000e+00
      14860     56.749     0.3322   2.740814    47.4399    32.4551    26.0360 0.0000e+00
      14862     56.730     0.3325   2.740814    47.4370    32.4549    26.0358 0.0000e+00
      14864     56.711     0.3324   2.740842    47.4418    32.4552    26.0361 0.0000e+00
      14866     56.690     0.3326   2.740822    47.4399    32.4549    26.0358 0.0000e+00
      14868     56.670     0.3327   2.740829    47.4380    32.4549    26.0358 0.0000e+00
      14870     56.654     0.3328   2.740856    47.4380    32.4551    26.0360 0.0000e+00
      14872     56.636     0.3329   2.740843    47.4351    32.4548    26.0358 0.0000e+00
      14874     56.617     0.3332   2.740847    47.4370    32.4546    26.0356 0.0000e+00
      14876     56.597     0.3332   2.740842    47.3760    32.4545    26.0355 0.0000e+00
      14878     56.578     0.3333   2.740849    47.3121    32.4545    26.0355 0.0000e+00
      14880     56.560     0.3331   2.740875    47.3179    32.4551    26.0360 0.0000e+00
      14882     56.542     0.3332   2.740858    47.3150    32.4548    26.0357 0.0000e+00
      14884     56.523     0.3335   2.740845    47.3140    32.4544    26.0354 0.0000e+00
      14886     56.504     0.3335   2.740849    47.3140    32.4543    26.0353 0.0000e+00
      14888     56.484     0.3336   2.740874    47.3140    32.4546    26.0356 0.0000e+00
      14890     56.466     0.3336   2.740863    47.3150    32.4545    26.0354 0.0000e+00
      14892     56.449     0.3337   2.740867    47.3140    32.4544    26.0354 0.0000e+00
      14894     56.430     0.3335   2.740860    47.2444    32.4545    26.0355 0.0000e+00
      14896     56.410     0.3337   2.740864    47.2234    32.4544    26.0354 0.0000e+00
      14898     56.390     0.3338   2.740873    47.2234    32.4544    26.0354 0.0000e+00
      14900     56.371     0.3338   2.740896    47.2224    32.4547    26.0356 0.0000e+00
      14902     56.353     0.3339   2.740885    47.2234    32.4544    26.0354 0.0000e+00
      14904     56.334     0.3339   2.740891    47.2224    32.4545    26.0354 0.0000e+00
      14906     56.316     0.3341   2.740886    47.2234    32.4544    26.0353 0.0000e+00
      14908     56.298     0.3342   2.740887    47.2234    32.4543    26.0352 0.0000e+00
      14910     56.281     0.3341   2.740887    47.2224    32.4544    26.0354 0.0000e+00
      14912     56.264     0.3341   2.740913    47.2244    32.4547    26.0356 0.0000e+00
      14914     56.244     0.3340   2.740888    47.2253    32.4544    26.0354 0.0000e+00
      14916     56.222     0.3339   2.740891    47.2234    32.4545    26.0355 0.0000e+00
      14918     56.201     0.3339   2.740891    47.2244    32.4546    26.0355 0.0000e+00
      14920     56.182     0.3338   2.740882    47.2206    32.4546    26.0356 0.0000e+00
      14922     56.164     0.3338   2.740882    47.2215    32.4546    26.0356 0.0000e+00
      14924     56.145     0.3337   2.740898    47.2215    32.4549    26.0358 0.0000e+00
      14926     56.125     0.3338   2.740890    47.2206    32.4548    26.0357 0.0000e+00
      14928     56.106     0.3337   2.740886    47.2292    32.4548    26.0357 0.0000e+00
      14930     56.087     0.3337   2.740911    47.2529    32.4551    26.0360 0.0000e+00
      14932     56.067     0.3338   2.740896    47.2529    32.4549    26.0358 0.0000e+00
      14934     56.047     0.3338   2.740900    47.2539    32.4549    26.0358 0.0000e+00
      14936     56.028     0.3338   2.740908    47.2520    32.4550    26.0359 0.0000e+00
      14938     56.008     0.3341   2.740908    47.2539    32.4548    26.0357 0.0000e+00
      14940     55.990     0.3342   2.740908    47.2520    32.4547    26.0356 0.0000e+00
      14942     55.972     0.3341   2.740924    47.2501    32.4550    26.0359 0.0000e+00
      14944     55.952     0.3343   2.740917    47.2511    32.4547    26.0356 0.0000e+00
      14946     55.932     0.3342   2.740917    47.2511    32.4548    26.0356 0.0000e+00
      14948     55.911     0.3343   2.740914    47.2520    32.4546    26.0356 0.0000e+00
      14950     55.891     0.3345   2.740918    47.2520    32.4545    26.0354 0.0000e+00
      14952     55.871     0.3347   2.740913    47.2520    32.4543    26.0353 0.0000e+00
      14954     55.851     0.3347   2.740920    47.2539    32.4545    26.0354 0.0000e+00
      14956     55.832     0.3348   2.740926    47.2520    32.4544    26.0353 0.0000e+00
      14958     55.813     0.3350   2.740923    47.2520    32.4540    26.0350 0.0000e+00
      14960     55.793     0.3352   2.740919    47.2520    32.4539    26.0349 0.0000e+00
      14962     55.773     0.3353   2.740934    47.2520    32.4539    26.0350 0.0000e+00
      14964     55.753     0.3352   2.740927    47.2511    32.4539    26.0350 0.0000e+00
      14966     55.733     0.3354   2.740912    47.2520    32.4536    26.0346 0.0000e+00
      14968     55.715     0.3357   2.740929    47.2529    32.4536    26.0346 0.0000e+00
      14970     55.697     0.3356   2.740918    47.2520    32.4536    26.0346 0.0000e+00
      14972     55.678     0.3358   2.740937    47.2529    32.4535    26.0346 0.0000e+00
      14974     55.658     0.3358   2.740920    47.2539    32.4533    26.0344 0.0000e+00
      14976     55.636     0.3361   2.740929    47.2539    32.4531    26.0343 0.0000e+00
      14978     55.615     0.3362   2.740949    47.2539    32.4534    26.0345 0.0000e+00
      14980     55.593     0.3363   2.740910    47.2520    32.4526    26.0339 0.0000e+00
      14982     55.571     0.3366   2.740938    47.2529    32.4528    26.0340 0.0000e+00
      14984     55.551     0.3366   2.740933    47.2529    32.4528    26.0339 0.0000e+00
      14986     55.532     0.3367   2.740934    47.2520    32.4526    26.0337 0.0000e+00
      14988     55.513     0.3368   2.740940    47.2501    32.4526    26.0338 0.0000e+00
      14990     55.492     0.3370   2.740955    47.2520    32.4526    26.0338 0.0000e+00
      14992     55.471     0.3371   2.740936    47.2511    32.4523    26.0335 0.0000e+00
      14994     55.451     0.3372   2.740959    47.2511    32.4524    26.0336 0.0000e+00
      14996     55.430     0.3372   2.740969    47.2529    32.4526    26.0337 0.0000e+00
      14998     55.407     0.3374   2.740956    47.2644    32.4522    26.0335 0.0000e+00
      15000     55.386     0.3377   2.740972    47.2835    32.4522    26.0334 0.0000e+00
      15002     55.364     0.3377   2.740979    47.2825    32.4522    26.0335 0.0000e+00
      15004     55.343     0.3377   2.740974    47.2835    32.4522    26.0334 0.0000e+00
      15006     55.322     0.3381   2.740966    47.2825    32.4517    26.0330 0.0000e+00
      15008     55.301     0.3381   2.740995    47.2825    32.4522    26.0333 0.0000e+00
      15010     55.278     0.3382   2.740996    47.2835    32.4519    26.0333 0.0000e+00
      15012     55.255     0.3383   2.740988    47.2806    32.4518    26.0331 0.0000e+00
      15014     55.233     0.3386   2.740997    47.2844    32.4516    26.0329 0.0000e+00
      15016     55.210     0.3387   2.740999    47.2863    32.4516    26.0329 0.0000e+00
      15018     55.189     0.3388   2.740990    47.2825    32.4514    26.0327 0.0000e+00
      15020     55.168     0.3389   2.741002    47.2835    32.4514    26.0327 0.0000e+00
      15022     55.145     0.3389   2.741009    47.2844    32.4515    26.0328 0.0000e+00
      15024     55.124     0.3391   2.741014    47.2815    32.4514    26.0327 0.0000e+00
      15026     55.102     0.3393   2.741027    47.2844    32.4514    26.0327 0.0000e+00
      15028     55.078     0.3393   2.741016    47.2825    32.4512    26.0326 0.0000e+00
      15030     55.055     0.3397   2.741014    47.2825    32.4508    26.0322 0.0000e+00
      15032     55.032     0.3398   2.741020    47.2844    32.4508    26.0322 0.0000e+00
      15034     55.011     0.3398   2.741038    47.2825    32.4509    26.0324 0.0000e+00
      15036     54.987     0.3402   2.741035    47.2825    32.4506    26.0320 0.0000e+00
      15038     54.964     0.3402   2.741036    47.2825    32.4506    26.0320 0.0000e+00
      15040     54.941     0.3404   2.741047    47.2825    32.4505    26.0319 0.0000e+00
      15042     54.918     0.3406   2.741034    47.2825    32.4502    26.0316 0.0000e+00
      15044     54.898     0.3408   2.741040    47.2815    32.4501    26.0315 0.0000e+00
      15046     54.875     0.3409   2.741051    47.2854    32.4501    26.0316 0.0000e+00
      15048     54.854     0.3411   2.741055    47.2806    32.4500    26.0315 0.0000e+00
      15050     54.832     0.3412   2.741055    47.2749    32.4499    26.0314 0.0000e+00
      15052     54.810     0.3415   2.741071    47.2520    32.4498    26.0313 0.0000e+00
      15054     54.787     0.3416   2.741074    47.2511    32.4497    26.0312 0.0000e+00
      15056     54.766     0.3418   2.741065    47.2520    32.4494    26.0309 0.0000e+00
      15058     54.743     0.3418   2.741065    47.2511    32.4493    26.0309 0.0000e+00
      15060     54.721     0.3419   2.741090    47.2520    32.4496    26.0311 0.0000e+00
      15062     54.701     0.3422   2.741080    47.2511    32.4492    26.0308 0.0000e+00
      15064     54.679     0.3422   2.741103    47.2520    32.4496    26.0311 0.0000e+00
      15066     54.657     0.3423   2.741087    47.2511    32.4492    26.0307 0.0000e+00
      15068     54.633     0.3425   2.741085    47.2368    32.4490    26.0306 0.0000e+00
      15070     54.610     0.3426   2.741107    47.2215    32.4492    26.0307 0.0000e+00
      15072     54.587     0.3425   2.741097    47.2186    32.4492    26.0307 0.0000e+00
      15074     54.564     0.3428   2.741112    47.2206    32.4491    26.0307 0.0000e+00
      15076     54.541     0.3428   2.741095    47.2206    32.4488    26.0304 0.0000e+00
      15078     54.520     0.3428   2.741103    47.2224    32.4489    26.0305 0.0000e+00
      15080     54.499     0.3429   2.741114    47.2215    32.4490    26.0306 0.0000e+00
      15082     54.477     0.3433   2.741122    47.2186    32.4488    26.0304 0.0000e+00
      15084     54.454     0.3435   2.741111    47.2224    32.4485    26.0301 0.0000e+00
      15086     54.432     0.3435   2.741100    47.1977    32.4483    26.0299 0.0000e+00
      15088     54.409     0.3436   2.741140    47.1910    32.4487    26.0303 0.0000e+00
      15090     54.388     0.3437   2.741135    47.1891    32.4485    26.0301 0.0000e+00
      15092     54.367     0.3438   2.741124    47.1910    32.4482    26.0299 0.0000e+00
      15094     54.346     0.3439   2.741124    47.1910    32.4482    26.0299 0.0000e+00
      15096     54.325     0.3441   2.741134    47.1891    32.4481    26.0298 0.0000e+00
      15098     54.302     0.3443   2.741127    47.1929    32.4477    26.0295 0.0000e+00
      15100     54.279     0.3444   2.741135    47.1891    32.4478    26.0295 0.0000e+00
