Datasets/AZMP/TEL211/tel211_2020_002.cnv
* Sea-Bird SBE25plus Data File
* Filename = tel211_2020_002
* Software Version AquireV2 AF V2.0
* System UpLoad Time = Aug 03 2020 18:44:12
** VESSEL/TRIP/SEQ STN: tel211_2020_002
** LATITUDE: 47 50.93 N
** LONGITUDE: 53 53.75 W
** DATE/TIME: 2020-08-03 18:27
** SOUNDING DEPTH (M):  084
** PROBE TYPE: S1101
** CTD NUMBER:    
** COMMENTS (14 CHAR): Sunnyside CTD1
# nquan = 8
# nvalues = 8674                        
# units = specified
# name 0 = scan: Scan Count
# name 1 = prdM: Pressure, Strain Gauge [db]
# name 2 = t090C: Temperature [ITS-90, deg C]
# name 3 = c0S/m: Conductivity [S/m]
# name 4 = flECO-AFL: Fluorescence, WET Labs ECO-AFL/FL [mg/m^3]
# name 5 = sal00: Salinity, Practical [PSU]
# name 6 = sigma-t00: Density [sigma-t, kg/m^3 ]
# name 7 = flag: flag
# span 0 =          2,      17348       
# span 1 =      0.144,     83.500       
# span 2 =     0.2752,    29.2447       
# span 3 =  -0.016610,   4.589669       
# span 4 =    -0.1377,    58.4492       
# span 5 =     0.0000,    35.7801       
# span 6 =    -4.1155,    27.7045       
# span 7 = 0.0000e+00, 0.0000e+00       
# interval = scans: 2                   
# start_time = Aug 03 2020 18:27:53 [Instrument's time stamp, header]
# bad_flag = -9.990e-29
*END*
[from data line 1798]
       3598      1.720    18.7856   4.145915    46.8839    30.6463    21.7501 0.0000e+00
       3600      1.722    18.7835   4.145728    46.8829    30.6463    21.7506 0.0000e+00
       3602      1.723    18.7815   4.145786    46.8829    30.6482    21.7525 0.0000e+00
       3604      1.724    18.7793   4.145947    46.8820    30.6512    21.7554 0.0000e+00
       3606      1.724    18.7764   4.146067    46.8839    30.6543    21.7585 0.0000e+00
       3608      1.725    18.7733   4.146140    46.8829    30.6572    21.7615 0.0000e+00
       3610      1.725    18.7709   4.146025    46.8877    30.6581    21.7627 0.0000e+00
       3612      1.727    18.7687   4.145739    46.8829    30.6573    21.7627 0.0000e+00
       3614      1.727    18.7675   4.145307    46.8705    30.6547    21.7610 0.0000e+00
       3616      1.726    18.7666   4.144938    46.8515    30.6522    21.7593 0.0000e+00
       3618      1.724    18.7663   4.144690    46.8515    30.6504    21.7580 0.0000e+00
       3620      1.723    18.7664   4.144643    46.8525    30.6500    21.7576 0.0000e+00
       3622      1.722    18.7670   4.144735    46.8515    30.6503    21.7578 0.0000e+00
       3624      1.723    18.7676   4.144998    46.8563    30.6520    21.7589 0.0000e+00
       3626      1.723    18.7681   4.145248    46.8515    30.6536    21.7601 0.0000e+00
       3628      1.723    18.7684   4.145378    46.8534    30.6546    21.7606 0.0000e+00
       3630      1.724    18.7681   4.145249    46.8515    30.6536    21.7600 0.0000e+00
       3632      1.726    18.7679   4.144881    46.8744    30.6508    21.7580 0.0000e+00
       3634      1.725    18.7675   4.144353    46.8829    30.6468    21.7550 0.0000e+00
       3636      1.723    18.7668   4.143810    46.8820    30.6427    21.7521 0.0000e+00
       3638      1.722    18.7663   4.143377    46.8839    30.6396    21.7497 0.0000e+00
       3640      1.720    18.7655   4.143111    46.8839    30.6380    21.7486 0.0000e+00
       3642      1.720    18.7652   4.143088    46.8829    30.6381    21.7488 0.0000e+00
       3644      1.720    18.7651   4.143365    46.8820    30.6404    21.7507 0.0000e+00
       3646      1.720    18.7646   4.143863    46.8839    30.6448    21.7542 0.0000e+00
       3648      1.721    18.7626   4.144492    46.8820    30.6516    21.7597 0.0000e+00
       3650      1.720    18.7601   4.145166    46.8830    30.6589    21.7660 0.0000e+00
       3652      1.720    18.7586   4.145568    46.8839    30.6634    21.7698 0.0000e+00
       3654      1.719    18.7577   4.145594    46.8839    30.6643    21.7707 0.0000e+00
       3656      1.718    18.7570   4.145100    46.8829    30.6608    21.7681 0.0000e+00
       3658      1.718    18.7556   4.144338    46.8801    30.6555    21.7645 0.0000e+00
       3660      1.719    18.7536   4.143464    46.8820    30.6497    21.7606 0.0000e+00
       3662      1.719    18.7507   4.142587    46.8839    30.6446    21.7574 0.0000e+00
       3664      1.720    18.7458   4.141746    46.8839    30.6413    21.7561 0.0000e+00
       3666      1.721    18.7388   4.141154    46.8744    30.6416    21.7580 0.0000e+00
       3668      1.723    18.7328   4.140804    46.8525    30.6432    21.7608 0.0000e+00
       3670      1.724    18.7289   4.140804    46.8515    30.6461    21.7639 0.0000e+00
       3672      1.725    18.7269   4.141215    46.8534    30.6510    21.7681 0.0000e+00
       3674      1.726    18.7253   4.141982    46.8515    30.6584    21.7741 0.0000e+00
       3676      1.726    18.7246   4.143028    46.8525    30.6676    21.7813 0.0000e+00
       3678      1.727    18.7242   4.144251    46.8525    30.6780    21.7895 0.0000e+00
       3680      1.727    18.7244   4.145373    46.8525    30.6870    21.7963 0.0000e+00
       3682      1.725    18.7251   4.146121    46.8515    30.6928    21.8004 0.0000e+00
       3684      1.721    18.7261   4.146415    46.8515    30.6945    21.8015 0.0000e+00
       3686      1.718    18.7270   4.146334    46.8525    30.6931    21.8002 0.0000e+00
       3688      1.718    18.7276   4.145822    46.8505    30.6884    21.7965 0.0000e+00
       3690      1.719    18.7279   4.144963    46.8525    30.6811    21.7910 0.0000e+00
       3692      1.720    18.7279   4.143699    46.8525    30.6707    21.7830 0.0000e+00
       3694      1.720    18.7270   4.142381    46.8515    30.6605    21.7754 0.0000e+00
       3696      1.720    18.7259   4.141415    46.8505    30.6534    21.7702 0.0000e+00
       3698      1.720    18.7256   4.140743    46.8505    30.6480    21.7662 0.0000e+00
       3700      1.720    18.7261   4.140207    46.8515    30.6433    21.7624 0.0000e+00
       3702      1.722    18.7259   4.139842    46.8753    30.6403    21.7602 0.0000e+00
       3704      1.724    18.7249   4.139824    46.8839    30.6410    21.7610 0.0000e+00
       3706      1.724    18.7236   4.140226    46.8820    30.6452    21.7646 0.0000e+00
       3708      1.724    18.7224   4.141006    46.8829    30.6525    21.7704 0.0000e+00
       3710      1.723    18.7216   4.142043    46.8829    30.6618    21.7777 0.0000e+00
       3712      1.723    18.7210   4.143253    46.8839    30.6721    21.7857 0.0000e+00
       3714      1.724    18.7210   4.144604    46.8849    30.6833    21.7942 0.0000e+00
       3716      1.724    18.7212   4.145653    46.8886    30.6918    21.8007 0.0000e+00
       3718      1.723    18.7219   4.146110    46.8811    30.6951    21.8030 0.0000e+00
       3720      1.720    18.7225   4.145879    46.9134    30.6927    21.8011 0.0000e+00
       3722      1.719    18.7232   4.145048    46.9144    30.6853    21.7952 0.0000e+00
       3724      1.720    18.7235   4.143838    46.9116    30.6751    21.7874 0.0000e+00
       3726      1.720    18.7234   4.142397    46.9144    30.6634    21.7784 0.0000e+00
       3728      1.719    18.7226   4.141089    46.9154    30.6531    21.7708 0.0000e+00
       3730      1.719    18.7216   4.140166    46.9134    30.6463    21.7658 0.0000e+00
       3732      1.718    18.7201   4.139663    46.9154    30.6433    21.7639 0.0000e+00
       3734      1.718    18.7168   4.139428    46.9154    30.6437    21.7650 0.0000e+00
       3736      1.719    18.7101   4.139246    46.9249    30.6472    21.7693 0.0000e+00
       3738      1.722    18.7034   4.138948    46.9468    30.6497    21.7729 0.0000e+00
       3740      1.723    18.6984   4.138608    46.9440    30.6506    21.7748 0.0000e+00
       3742      1.724    18.6947   4.138422    46.9430    30.6518    21.7766 0.0000e+00
       3744      1.724    18.6918   4.138358    46.9440    30.6534    21.7785 0.0000e+00
       3746      1.724    18.6895   4.138426    46.9440    30.6557    21.7809 0.0000e+00
       3748      1.724    18.6876   4.138660    46.9440    30.6590    21.7839 0.0000e+00
       3750      1.728    18.6862   4.139093    46.9459    30.6636    21.7878 0.0000e+00
       3752      1.729    18.6852   4.139655    46.9440    30.6690    21.7921 0.0000e+00
       3754      1.728    18.6848   4.140130    46.9278    30.6732    21.7954 0.0000e+00
       3756      1.726    18.6847   4.140270    46.9144    30.6745    21.7964 0.0000e+00
       3758      1.726    18.6846   4.140023    46.9144    30.6725    21.7949 0.0000e+00
       3760      1.724    18.6846   4.139504    46.9134    30.6683    21.7917 0.0000e+00
       3762      1.724    18.6840   4.139055    46.9125    30.6650    21.7893 0.0000e+00
       3764      1.724    18.6833   4.138862    46.9134    30.6639    21.7887 0.0000e+00
       3766      1.724    18.6827   4.138999    46.9116    30.6655    21.7901 0.0000e+00
       3768      1.723    18.6824   4.139554    46.9154    30.6703    21.7938 0.0000e+00
       3770      1.719    18.6823   4.140511    46.9134    30.6782    21.7998 0.0000e+00
       3772      1.714    18.6826   4.141650    46.9402    30.6874    21.8068 0.0000e+00
       3774      1.712    18.6833   4.142662    46.9440    30.6952    21.8126 0.0000e+00
       3776      1.710    18.6844   4.143339    46.9487    30.7001    21.8160 0.0000e+00
       3778      1.708    18.6861   4.143464    46.9440    30.6998    21.8154 0.0000e+00
       3780      1.707    18.6877   4.142925    46.9459    30.6942    21.8107 0.0000e+00
       3782      1.706    18.6889   4.141766    46.9430    30.6837    21.8024 0.0000e+00
       3784      1.705    18.6892   4.140260    46.9449    30.6711    21.7927 0.0000e+00
       3786      1.705    18.6885   4.138830    46.9430    30.6597    21.7842 0.0000e+00
       3788      1.705    18.6880   4.137690    46.9411    30.6506    21.7774 0.0000e+00
       3790      1.706    18.6900   4.136925    46.9125    30.6429    21.7710 0.0000e+00
       3792      1.708    18.6925   4.136505    46.9134    30.6376    21.7663 0.0000e+00
       3794      1.709    18.6934   4.136309    46.9134    30.6352    21.7644 0.0000e+00
       3796      1.709    18.6944   4.136454    46.9116    30.6358    21.7645 0.0000e+00
       3798      1.710    18.6964   4.136905    46.9134    30.6380    21.7657 0.0000e+00
       3800      1.711    18.6989   4.137433    46.9134    30.6405    21.7670 0.0000e+00
       3802      1.711    18.7009   4.137916    46.9125    30.6429    21.7683 0.0000e+00
       3804      1.711    18.7026   4.138179    46.9144    30.6439    21.7687 0.0000e+00
       3806      1.711    18.7039   4.138320    46.9125    30.6441    21.7685 0.0000e+00
       3808      1.712    18.7050   4.138325    46.9134    30.6433    21.7677 0.0000e+00
       3810      1.712    18.7060   4.138100    46.9134    30.6408    21.7655 0.0000e+00
       3812      1.713    18.7068   4.137581    46.9125    30.6358    21.7615 0.0000e+00
       3814      1.714    18.7079   4.136920    46.9173    30.6296    21.7565 0.0000e+00
       3816      1.716    18.7093   4.136210    46.9144    30.6227    21.7509 0.0000e+00
       3818      1.718    18.7109   4.135563    46.9144    30.6162    21.7454 0.0000e+00
       3820      1.720    18.7128   4.135091    46.9134    30.6109    21.7410 0.0000e+00
       3822      1.723    18.7134   4.134806    46.9125    30.6081    21.7387 0.0000e+00
       3824      1.726    18.7129   4.134785    46.8591    30.6082    21.7389 0.0000e+00
       3826      1.730    18.7113   4.135123    46.8220    30.6122    21.7423 0.0000e+00
       3828      1.731    18.7103   4.135820    46.8229    30.6187    21.7475 0.0000e+00
       3830      1.734    18.7098   4.136334    46.8200    30.6234    21.7512 0.0000e+00
       3832      1.740    18.7097   4.131965    46.8229    30.5874    21.7238 0.0000e+00
       3834      1.751    18.7094   4.127306    46.8239    30.5491    21.6946 0.0000e+00
       3836      1.765    18.7127   4.122717    46.8248    30.5088    21.6631 0.0000e+00
       3838      1.781    18.7118   4.118599    46.8220    30.4755    21.6380 0.0000e+00
       3840      1.801    18.5497   4.115596    46.8229    30.5706    21.7502 0.0000e+00
       3842      1.824    18.3107   4.113819    46.9106    30.7336    21.9327 0.0000e+00
       3844      1.847    18.1801   4.113268    46.9125    30.8270    22.0357 0.0000e+00
       3846      1.870    18.0970   4.114058    46.9144    30.8961    22.1086 0.0000e+00
       3848      1.893    18.0459   4.115800    46.9134    30.9492    22.1614 0.0000e+00
       3850      1.914    18.0114   4.116327    46.9125    30.9798    22.1931 0.0000e+00
       3852      1.933    17.9842   4.114451    46.9134    30.9847    22.2034 0.0000e+00
       3854      1.952    17.9379   4.112969    46.9125    31.0073    22.2317 0.0000e+00
       3856      1.974    17.8648   4.112585    46.9125    31.0595    22.2891 0.0000e+00
       3858      1.995    17.6825   4.111075    46.9268    31.1860    22.4293 0.0000e+00
       3860      2.016    17.3938   4.109351    47.0050    31.3938    22.6566 0.0000e+00
       3862      2.035    17.1750   4.108301    47.0050    31.5549    22.8312 0.0000e+00
       3864      2.059    17.0386   4.107627    47.0070    31.6560    22.9404 0.0000e+00
       3866      2.082    16.9580   4.106987    47.0060    31.7139    23.0036 0.0000e+00
       3868      2.104    16.9099   4.106349    47.0050    31.7463    23.0395 0.0000e+00
       3870      2.127    16.8720   4.105682    47.0041    31.7705    23.0668 0.0000e+00
       3872      2.151    16.8430   4.104843    47.0050    31.7861    23.0855 0.0000e+00
       3874      2.173    16.8186   4.104143    47.0041    31.7994    23.1013 0.0000e+00
       3876      2.197    16.7991   4.103705    46.9926    31.8111    23.1148 0.0000e+00
       3878      2.221    16.7831   4.103580    46.9754    31.8226    23.1274 0.0000e+00
       3880      2.245    16.7736   4.103343    46.9745    31.8282    23.1337 0.0000e+00
       3882      2.269    16.7643   4.102806    46.9754    31.8308    23.1380 0.0000e+00
       3884      2.293    16.7597   4.102036    46.9745    31.8278    23.1367 0.0000e+00
       3886      2.315    16.7591   4.100919    46.9735    31.8186    23.1297 0.0000e+00
       3888      2.339    16.7567   4.099489    46.9754    31.8082    23.1223 0.0000e+00
       3890      2.363    16.7330   4.097969    46.9745    31.8137    23.1320 0.0000e+00
       3892      2.388    16.6929   4.096316    46.9755    31.8313    23.1547 0.0000e+00
       3894      2.414    16.6539   4.094800    47.0880    31.8490    23.1773 0.0000e+00
       3896      2.442    16.6322   4.093350    47.1290    31.8538    23.1859 0.0000e+00
       3898      2.467    16.6228   4.091749    47.1309    31.8473    23.1831 0.0000e+00
       3900      2.492    16.6171   4.089700    47.1309    31.8340    23.1742 0.0000e+00
       3902      2.518    16.6145   4.087410    47.1319    31.8162    23.1611 0.0000e+00
       3904      2.542    16.6117   4.085337    47.1290    31.8004    23.1497 0.0000e+00
       3906      2.564    16.6066   4.083612    47.1299    31.7895    23.1424 0.0000e+00
       3908      2.587    16.5975   4.082282    47.1290    31.7852    23.1412 0.0000e+00
       3910      2.608    16.5885   4.081245    47.1300    31.7832    23.1418 0.0000e+00
       3912      2.630    16.5826   4.080195    47.1604    31.7788    23.1397 0.0000e+00
       3914      2.651    16.5761   4.078844    47.1595    31.7723    23.1362 0.0000e+00
       3916      2.672    16.5558   4.077038    47.1586    31.7727    23.1412 0.0000e+00
       3918      2.693    16.5285   4.074606    47.1595    31.7732    23.1478 0.0000e+00
       3920      2.715    16.4970   4.071881    47.1615    31.7745    23.1560 0.0000e+00
       3922      2.736    16.4521   4.069582    47.1615    31.7903    23.1782 0.0000e+00
       3924      2.758    16.4002   4.067760    47.1624    31.8157    23.2096 0.0000e+00
       3926      2.781    16.3578   4.066282    47.1605    31.8366    23.2352 0.0000e+00
       3928      2.805    16.3250   4.064777    47.2186    31.8497    23.2527 0.0000e+00
       3930      2.830    16.3032   4.063279    47.3789    31.8539    23.2609 0.0000e+00
       3932      2.856    16.2865   4.061358    47.3770    31.8505    23.2620 0.0000e+00
       3934      2.879    16.2736   4.058978    47.3760    31.8400    23.2569 0.0000e+00
       3936      2.905    16.2619   4.056584    47.3760    31.8284    23.2506 0.0000e+00
       3938      2.930    16.2456   4.054321    47.3807    31.8216    23.2491 0.0000e+00
       3940      2.958    16.2200   4.052436    47.3741    31.8256    23.2579 0.0000e+00
       3942      2.983    16.1711   4.050717    47.3760    31.8496    23.2874 0.0000e+00
       3944      3.007    16.1129   4.049036    47.3751    31.8815    23.3249 0.0000e+00
       3946      3.031    16.0327   4.047268    47.4704    31.9304    23.3805 0.0000e+00
       3948      3.058    15.9140   4.045163    47.5610    32.0075    23.4663 0.0000e+00
       3950      3.083    15.7906   4.042922    47.5591    32.0876    23.5552 0.0000e+00
       3952      3.108    15.6719   4.041017    47.5619    32.1672    23.6426 0.0000e+00
       3954      3.133    15.5911   4.039670    47.5610    32.2212    23.7020 0.0000e+00
