Datasets/AZMP/TEL211/tel211_2020_005.cnv
* Sea-Bird SBE25plus Data File
* Filename = tel211_2020_005
* Software Version AquireV2 AF V2.0
* System UpLoad Time = Aug 05 2020 11:01:38
** VESSEL/TRIP/SEQ STN: tel211_2020_005
** LATITUDE: 47 50.92 N
** LONGITUDE: 053 53.75 W
** DATE/TIME: 2020-08-05 10:25
** SOUNDING DEPTH (M): 81.2
** PROBE TYPE: S1101
** CTD NUMBER: 000
** COMMENTS (14 CHAR): Bull Arm,5
# nquan = 8
# nvalues = 16789                       
# units = specified
# name 0 = scan: Scan Count
# name 1 = prdM: Pressure, Strain Gauge [db]
# name 2 = t090C: Temperature [ITS-90, deg C]
# name 3 = c0S/m: Conductivity [S/m]
# name 4 = flECO-AFL: Fluorescence, WET Labs ECO-AFL/FL [mg/m^3]
# name 5 = sal00: Salinity, Practical [PSU]
# name 6 = sigma-t00: Density [sigma-t, kg/m^3 ]
# name 7 = flag: flag
# span 0 =          2,      33578       
# span 1 =      0.223,     81.236       
# span 2 =     1.0071,    15.9610       
# span 3 =   0.000630,   3.959033       
# span 4 =    -0.1387,    58.0478       
# span 5 =     0.0092,    33.6557       
# span 6 =    -0.7983,    26.1803       
# span 7 = 0.0000e+00, 0.0000e+00       
# interval = scans: 2                   
# start_time = Aug 05 2020 10:25:56 [Instrument's time stamp, header]
# bad_flag = -9.990e-29
*END*
[from data line 5574]
      11150      1.446    15.9466   3.943695    50.4536    31.0892    22.7535 0.0000e+00
      11152      1.446    15.9466   3.943776    50.4526    31.0898    22.7540 0.0000e+00
      11154      1.446    15.9467   3.943836    50.4497    31.0903    22.7544 0.0000e+00
      11156      1.449    15.9466   3.943871    50.4526    31.0906    22.7547 0.0000e+00
      11158      1.452    15.9466   3.943881    50.3935    31.0908    22.7547 0.0000e+00
      11160      1.456    15.9466   3.943904    50.3916    31.0909    22.7549 0.0000e+00
      11162      1.457    15.9465   3.943894    50.3916    31.0909    22.7549 0.0000e+00
      11164      1.458    15.9464   3.943920    50.3926    31.0912    22.7551 0.0000e+00
      11166      1.459    15.9462   3.943894    50.3926    31.0911    22.7550 0.0000e+00
      11168      1.458    15.9463   3.943912    50.3926    31.0913    22.7552 0.0000e+00
      11170      1.457    15.9462   3.943917    50.3926    31.0913    22.7553 0.0000e+00
      11172      1.458    15.9461   3.943945    50.3906    31.0917    22.7555 0.0000e+00
      11174      1.462    15.9461   3.943982    50.4087    31.0920    22.7557 0.0000e+00
      11176      1.463    15.9461   3.944062    50.4507    31.0927    22.7563 0.0000e+00
      11178      1.464    15.9461   3.944117    50.4536    31.0932    22.7568 0.0000e+00
      11180      1.465    15.9460   3.944178    50.4517    31.0938    22.7572 0.0000e+00
      11182      1.466    15.9457   3.944220    50.4488    31.0945    22.7578 0.0000e+00
      11184      1.468    15.9457   3.944275    50.4507    31.0949    22.7582 0.0000e+00
      11186      1.469    15.9456   3.944309    50.4517    31.0953    22.7585 0.0000e+00
      11188      1.470    15.9454   3.944283    50.4507    31.0952    22.7584 0.0000e+00
      11190      1.471    15.9453   3.944245    50.4554    31.0949    22.7582 0.0000e+00
      11192      1.471    15.9453   3.944198    50.4364    31.0945    22.7579 0.0000e+00
      11194      1.472    15.9454   3.944108    50.4231    31.0937    22.7572 0.0000e+00
      11196      1.474    15.9453   3.943996    50.4231    31.0928    22.7565 0.0000e+00
      11198      1.476    15.9453   3.943870    50.4231    31.0916    22.7556 0.0000e+00
      11200      1.476    15.9454   3.943761    50.4211    31.0906    22.7549 0.0000e+00
      11202      1.474    15.9456   3.943653    50.4221    31.0895    22.7540 0.0000e+00
      11204      1.472    15.9458   3.943537    50.4269    31.0883    22.7531 0.0000e+00
      11206      1.468    15.9458   3.943443    50.4221    31.0875    22.7524 0.0000e+00
      11208      1.466    15.9460   3.943396    50.4231    31.0870    22.7520 0.0000e+00
      11210      1.466    15.9461   3.943338    50.4716    31.0864    22.7514 0.0000e+00
      11212      1.465    15.9462   3.943335    50.4822    31.0862    22.7513 0.0000e+00
      11214      1.466    15.9462   3.943348    50.4802    31.0864    22.7514 0.0000e+00
      11216      1.466    15.9462   3.943356    50.4840    31.0864    22.7514 0.0000e+00
      11218      1.467    15.9464   3.943364    50.4831    31.0864    22.7514 0.0000e+00
      11220      1.468    15.9465   3.943412    50.4831    31.0867    22.7516 0.0000e+00
      11222      1.470    15.9465   3.943414    50.4802    31.0868    22.7516 0.0000e+00
      11224      1.471    15.9465   3.943410    50.4831    31.0867    22.7516 0.0000e+00
      11226      1.471    15.9466   3.943431    50.4831    31.0868    22.7516 0.0000e+00
      11228      1.470    15.9466   3.943401    50.4831    31.0865    22.7514 0.0000e+00
      11230      1.468    15.9465   3.943336    50.4802    31.0860    22.7511 0.0000e+00
      11232      1.465    15.9466   3.943306    50.4812    31.0857    22.7509 0.0000e+00
      11234      1.462    15.9467   3.943251    50.4822    31.0851    22.7505 0.0000e+00
      11236      1.458    15.9466   3.943194    50.4850    31.0847    22.7501 0.0000e+00
      11238      1.457    15.9468   3.943180    50.4831    31.0844    22.7498 0.0000e+00
      11240      1.457    15.9467   3.943168    50.4822    31.0844    22.7498 0.0000e+00
      11242      1.458    15.9467   3.943141    50.4812    31.0842    22.7497 0.0000e+00
      11244      1.459    15.9468   3.943168    50.4802    31.0843    22.7497 0.0000e+00
      11246      1.461    15.9468   3.943185    50.4812    31.0844    22.7498 0.0000e+00
      11248      1.461    15.9467   3.943227    50.4850    31.0849    22.7502 0.0000e+00
      11250      1.460    15.9467   3.943308    50.4822    31.0856    22.7508 0.0000e+00
      11252      1.457    15.9468   3.943337    50.4831    31.0859    22.7509 0.0000e+00
      11254      1.454    15.9468   3.943367    50.4812    31.0861    22.7511 0.0000e+00
      11256      1.454    15.9467   3.943429    50.4812    31.0866    22.7516 0.0000e+00
      11258      1.456    15.9467   3.943464    50.4898    31.0870    22.7518 0.0000e+00
      11260      1.458    15.9468   3.943524    50.4831    31.0874    22.7521 0.0000e+00
      11262      1.458    15.9467   3.943561    50.4507    31.0879    22.7525 0.0000e+00
      11264      1.460    15.9468   3.943604    50.4240    31.0881    22.7527 0.0000e+00
      11266      1.462    15.9468   3.943663    50.4231    31.0887    22.7531 0.0000e+00
      11268      1.464    15.9467   3.943714    50.4259    31.0892    22.7535 0.0000e+00
      11270      1.466    15.9465   3.943814    50.4240    31.0902    22.7543 0.0000e+00
      11272      1.467    15.9465   3.943887    50.4221    31.0909    22.7549 0.0000e+00
      11274      1.466    15.9464   3.943967    50.4221    31.0917    22.7554 0.0000e+00
      11276      1.465    15.9463   3.944056    50.4259    31.0924    22.7561 0.0000e+00
      11278      1.464    15.9461   3.944150    50.4231    31.0935    22.7570 0.0000e+00
      11280      1.466    15.9460   3.944206    50.3935    31.0941    22.7574 0.0000e+00
      11282      1.469    15.9458   3.944246    50.3916    31.0945    22.7578 0.0000e+00
      11284      1.474    15.9458   3.944328    50.3916    31.0953    22.7584 0.0000e+00
      11286      1.477    15.9456   3.944340    50.3906    31.0956    22.7587 0.0000e+00
      11288      1.481    15.9453   3.944330    50.3926    31.0956    22.7587 0.0000e+00
      11290      1.484    15.9454   3.944313    50.3926    31.0955    22.7586 0.0000e+00
      11292      1.484    15.9453   3.944265    50.3926    31.0951    22.7583 0.0000e+00
      11294      1.484    15.9453   3.944146    50.3916    31.0941    22.7576 0.0000e+00
      11296      1.482    15.9454   3.944020    50.3897    31.0929    22.7566 0.0000e+00
      11298      1.481    15.9453   3.943835    50.3620    31.0913    22.7554 0.0000e+00
      11300      1.478    15.9454   3.943666    50.3620    31.0898    22.7542 0.0000e+00
      11302      1.477    15.9455   3.943509    50.3610    31.0883    22.7531 0.0000e+00
      11304      1.476    15.9457   3.943273    50.3610    31.0861    22.7514 0.0000e+00
      11306      1.476    15.9459   3.943071    50.3610    31.0842    22.7499 0.0000e+00
      11308      1.474    15.9461   3.942970    50.3678    31.0831    22.7490 0.0000e+00
      11310      1.473    15.9461   3.942890    50.3649    31.0823    22.7484 0.0000e+00
      11312      1.472    15.9464   3.942859    50.3620    31.0819    22.7480 0.0000e+00
      11314      1.470    15.9462   3.942825    50.3897    31.0817    22.7479 0.0000e+00
      11316      1.469    15.9464   3.942868    50.4221    31.0819    22.7480 0.0000e+00
      11318      1.467    15.9465   3.942902    50.4211    31.0822    22.7482 0.0000e+00
      11320      1.467    15.9465   3.942963    50.4221    31.0827    22.7486 0.0000e+00
      11322      1.467    15.9465   3.943070    50.4221    31.0837    22.7494 0.0000e+00
      11324      1.466    15.9465   3.943189    50.4278    31.0848    22.7501 0.0000e+00
      11326      1.465    15.9466   3.943294    50.4221    31.0855    22.7508 0.0000e+00
      11328      1.465    15.9466   3.943392    50.4221    31.0864    22.7514 0.0000e+00
      11330      1.465    15.9465   3.943423    50.4231    31.0868    22.7517 0.0000e+00
      11332      1.465    15.9467   3.943514    50.4402    31.0874    22.7522 0.0000e+00
      11334      1.465    15.9466   3.943574    50.4554    31.0881    22.7527 0.0000e+00
      11336      1.465    15.9466   3.943615    50.4545    31.0884    22.7529 0.0000e+00
      11338      1.465    15.9465   3.943649    50.4507    31.0887    22.7533 0.0000e+00
      11340      1.466    15.9466   3.943653    50.4536    31.0887    22.7531 0.0000e+00
      11342      1.468    15.9463   3.943661    50.4526    31.0891    22.7535 0.0000e+00
      11344      1.469    15.9462   3.943653    50.4526    31.0889    22.7535 0.0000e+00
      11346      1.469    15.9464   3.943617    50.4526    31.0886    22.7531 0.0000e+00
      11348      1.470    15.9463   3.943609    50.4517    31.0885    22.7531 0.0000e+00
      11350      1.469    15.9462   3.943563    50.4802    31.0882    22.7529 0.0000e+00
      11352      1.466    15.9463   3.943576    50.4822    31.0883    22.7529 0.0000e+00
      11354      1.464    15.9462   3.943570    50.4831    31.0883    22.7529 0.0000e+00
      11356      1.465    15.9464   3.943606    50.4840    31.0885    22.7530 0.0000e+00
      11358      1.467    15.9463   3.943619    50.4840    31.0887    22.7531 0.0000e+00
      11360      1.470    15.9463   3.943665    50.4822    31.0891    22.7535 0.0000e+00
      11362      1.472    15.9463   3.943742    50.4812    31.0897    22.7540 0.0000e+00
      11364      1.474    15.9464   3.943855    50.4812    31.0907    22.7548 0.0000e+00
      11366      1.476    15.9463   3.943898    50.4822    31.0911    22.7550 0.0000e+00
      11368      1.478    15.9463   3.943967    50.4812    31.0917    22.7555 0.0000e+00
      11370      1.481    15.9465   3.944011    50.4831    31.0919    22.7557 0.0000e+00
      11372      1.484    15.9464   3.944063    50.4822    31.0924    22.7561 0.0000e+00
      11374      1.485    15.9465   3.944055    50.4822    31.0924    22.7559 0.0000e+00
      11376      1.485    15.9467   3.944044    50.4831    31.0921    22.7557 0.0000e+00
      11378      1.484    15.9466   3.943991    50.4831    31.0917    22.7554 0.0000e+00
      11380      1.482    15.9467   3.943910    50.4831    31.0909    22.7548 0.0000e+00
      11382      1.481    15.9468   3.943796    50.4822    31.0899    22.7540 0.0000e+00
      11384      1.482    15.9467   3.943698    50.4955    31.0891    22.7535 0.0000e+00
      11386      1.484    15.9467   3.943589    50.5126    31.0881    22.7527 0.0000e+00
      11388      1.481    15.9466   3.943457    50.5117    31.0870    22.7518 0.0000e+00
      11390      1.478    15.9466   3.943371    50.5126    31.0863    22.7513 0.0000e+00
      11392      1.474    15.9466   3.943296    50.5126    31.0856    22.7508 0.0000e+00
      11394      1.472    15.9466   3.943185    50.5108    31.0847    22.7501 0.0000e+00
      11396      1.468    15.9466   3.943084    50.5165    31.0838    22.7494 0.0000e+00
      11398      1.465    15.9466   3.942996    50.5117    31.0830    22.7488 0.0000e+00
      11400      1.465    15.9467   3.942914    50.5126    31.0822    22.7482 0.0000e+00
      11402      1.465    15.9467   3.942873    50.5871    31.0819    22.7479 0.0000e+00
      11404      1.466    15.9467   3.942850    50.6004    31.0816    22.7477 0.0000e+00
      11406      1.467    15.9467   3.942851    50.6033    31.0817    22.7477 0.0000e+00
      11408      1.466    15.9468   3.942884    50.6033    31.0818    22.7478 0.0000e+00
      11410      1.466    15.9467   3.942935    50.6043    31.0823    22.7482 0.0000e+00
      11412      1.467    15.9468   3.943034    50.6033    31.0832    22.7488 0.0000e+00
      11414      1.466    15.9469   3.943109    50.6033    31.0837    22.7492 0.0000e+00
      11416      1.466    15.9468   3.943223    50.6033    31.0848    22.7501 0.0000e+00
      11418      1.466    15.9469   3.943310    50.6033    31.0855    22.7507 0.0000e+00
      11420      1.464    15.9468   3.943372    50.6024    31.0861    22.7511 0.0000e+00
      11422      1.464    15.9469   3.943446    50.6043    31.0866    22.7515 0.0000e+00
      11424      1.465    15.9468   3.943524    50.6043    31.0874    22.7522 0.0000e+00
      11426      1.465    15.9469   3.943577    50.6033    31.0878    22.7524 0.0000e+00
      11428      1.465    15.9469   3.943634    50.6052    31.0883    22.7528 0.0000e+00
      11430      1.465    15.9468   3.943683    50.6033    31.0889    22.7532 0.0000e+00
      11432      1.466    15.9469   3.943686    50.6043    31.0888    22.7531 0.0000e+00
      11434      1.466    15.9467   3.943711    50.6033    31.0892    22.7535 0.0000e+00
      11436      1.467    15.9469   3.943734    50.5928    31.0893    22.7535 0.0000e+00
      11438      1.468    15.9468   3.943744    50.5718    31.0894    22.7536 0.0000e+00
      11440      1.470    15.9469   3.943731    50.5747    31.0892    22.7535 0.0000e+00
      11442      1.473    15.9469   3.943709    50.5738    31.0889    22.7533 0.0000e+00
      11444      1.474    15.9470   3.943703    50.5756    31.0889    22.7531 0.0000e+00
      11446      1.474    15.9471   3.943657    50.5738    31.0884    22.7528 0.0000e+00
      11448      1.473    15.9471   3.943592    50.5718    31.0878    22.7524 0.0000e+00
      11450      1.473    15.9470   3.943544    50.5738    31.0875    22.7521 0.0000e+00
      11452      1.472    15.9469   3.943504    50.5738    31.0872    22.7519 0.0000e+00
      11454      1.470    15.9470   3.943447    50.5718    31.0866    22.7514 0.0000e+00
      11456      1.468    15.9469   3.943403    50.5728    31.0863    22.7512 0.0000e+00
      11458      1.467    15.9472   3.943399    50.5728    31.0861    22.7510 0.0000e+00
      11460      1.467    15.9470   3.943352    50.5728    31.0857    22.7508 0.0000e+00
      11462      1.467    15.9471   3.943379    50.5747    31.0859    22.7510 0.0000e+00
      11464      1.466    15.9469   3.943340    50.5747    31.0857    22.7508 0.0000e+00
      11466      1.464    15.9470   3.943340    50.5728    31.0857    22.7508 0.0000e+00
      11468      1.462    15.9469   3.943316    50.5738    31.0855    22.7507 0.0000e+00
      11470      1.461    15.9469   3.943297    50.5738    31.0854    22.7505 0.0000e+00
      11472      1.460    15.9470   3.943258    50.5728    31.0849    22.7501 0.0000e+00
      11474      1.461    15.9471   3.943232    50.5728    31.0847    22.7499 0.0000e+00
      11476      1.461    15.9470   3.943137    50.5776    31.0838    22.7494 0.0000e+00
      11478      1.459    15.9469   3.943091    50.5728    31.0835    22.7491 0.0000e+00
      11480      1.458    15.9471   3.943019    50.5728    31.0828    22.7486 0.0000e+00
      11482      1.457    15.9471   3.942969    50.5718    31.0823    22.7481 0.0000e+00
      11484      1.454    15.9471   3.942912    50.5738    31.0818    22.7478 0.0000e+00
      11486      1.454    15.9471   3.942915    50.5738    31.0819    22.7478 0.0000e+00
      11488      1.453    15.9469   3.942896    50.5766    31.0818    22.7478 0.0000e+00
      11490      1.452    15.9472   3.942946    50.6033    31.0821    22.7480 0.0000e+00
      11492      1.450    15.9471   3.943024    50.6033    31.0828    22.7485 0.0000e+00
      11494      1.449    15.9470   3.943101    50.6043    31.0836    22.7491 0.0000e+00
      11496      1.450    15.9471   3.943208    50.6052    31.0844    22.7498 0.0000e+00
      11498      1.450    15.9471   3.943319    50.6043    31.0854    22.7505 0.0000e+00
      11500      1.452    15.9471   3.943394    50.6043    31.0861    22.7510 0.0000e+00
      11502      1.453    15.9473   3.943480    50.6024    31.0866    22.7514 0.0000e+00
      11504      1.454    15.9473   3.943525    50.6043    31.0870    22.7518 0.0000e+00
