Datasets/AZMP/TEL211/tel211_2020_006.cnv
* Sea-Bird SBE25plus Data File
* Filename = tel211_2020_006
* Software Version AquireV2 AF V2.0
* System UpLoad Time = Aug 06 2020 08:27:54
** VESSEL/TRIP/SEQ STN: tel211_2020_006
** LATITUDE: 47 32.80 N
** LONGITUDE: 52 35.14 W
** DATE/TIME: 2020-08-06 08:06
** SOUNDING DEPTH (M): 0176
** PROBE TYPE: S1101
** CTD NUMBER:    
** COMMENTS (14 CHAR): STN 27
# nquan = 8
# nvalues = 11047                       
# units = specified
# name 0 = scan: Scan Count
# name 1 = prdM: Pressure, Strain Gauge [db]
# name 2 = t090C: Temperature [ITS-90, deg C]
# name 3 = c0S/m: Conductivity [S/m]
# name 4 = flECO-AFL: Fluorescence, WET Labs ECO-AFL/FL [mg/m^3]
# name 5 = sal00: Salinity, Practical [PSU]
# name 6 = sigma-t00: Density [sigma-t, kg/m^3 ]
# name 7 = flag: flag
# span 0 =          2,      22093       
# span 1 =      0.185,    161.132       
# span 2 =    -1.5730,    18.2332       
# span 3 =  -0.006157,   3.977602       
# span 4 =    -0.1387,    53.1353       
# span 5 =     0.0000,    39.0819       
# span 6 =    -1.4333,    31.0056       
# span 7 = 0.0000e+00, 0.0000e+00       
# interval = scans: 2                   
# start_time = Aug 06 2020 08:06:08 [Instrument's time stamp, header]
# bad_flag = -9.990e-29
*END*
[from data line 4495]
       8992     66.495    -1.2365   2.632658    48.5634    32.6902    26.2888 0.0000e+00
       8994     66.573    -1.2367   2.633305    48.5653    32.6992    26.2960 0.0000e+00
       8996     66.650    -1.2365   2.633963    48.5681    32.7079    26.3031 0.0000e+00
       8998     66.722    -1.2367   2.634217    48.5681    32.7116    26.3061 0.0000e+00
       9000     66.790    -1.2371   2.635573    48.5691    32.7305    26.3214 0.0000e+00
       9002     66.853    -1.2374   2.636507    48.5671    32.7435    26.3319 0.0000e+00
       9004     66.913    -1.2374   2.637302    48.5662    32.7544    26.3408 0.0000e+00
       9006     66.970    -1.2375   2.639254    48.5662    32.7811    26.3625 0.0000e+00
       9008     67.025    -1.2376   2.640740    48.5662    32.8014    26.3790 0.0000e+00
       9010     67.076    -1.2374   2.642786    48.4861    32.8291    26.4015 0.0000e+00
       9012     67.124    -1.2373   2.645685    48.4766    32.8686    26.4335 0.0000e+00
       9014     67.167    -1.2372   2.647231    48.4746    32.8897    26.4506 0.0000e+00
       9016     67.208    -1.2370   2.647641    48.4766    32.8950    26.4549 0.0000e+00
       9018     67.245    -1.2362   2.647888    48.4756    32.8975    26.4568 0.0000e+00
       9020     67.279    -1.2355   2.648224    48.4756    32.9013    26.4599 0.0000e+00
       9022     67.312    -1.2351   2.648898    48.4746    32.9100    26.4670 0.0000e+00
       9024     67.344    -1.2346   2.649490    48.4746    32.9176    26.4732 0.0000e+00
       9026     67.377    -1.2342   2.649835    48.4718    32.9218    26.4765 0.0000e+00
       9028     67.410    -1.2334   2.650026    48.4155    32.9235    26.4779 0.0000e+00
       9030     67.445    -1.2328   2.650240    48.4146    32.9257    26.4797 0.0000e+00
       9032     67.478    -1.2320   2.650494    48.4155    32.9283    26.4817 0.0000e+00
       9034     67.514    -1.2321   2.650420    48.4146    32.9274    26.4810 0.0000e+00
       9036     67.554    -1.2322   2.650501    48.4174    32.9286    26.4820 0.0000e+00
       9038     67.595    -1.2333   2.650491    48.4155    32.9297    26.4828 0.0000e+00
       9040     67.639    -1.2353   2.650145    48.4155    32.9270    26.4809 0.0000e+00
       9042     67.686    -1.2372   2.649612    48.4136    32.9218    26.4766 0.0000e+00
       9044     67.738    -1.2389   2.648642    48.3783    32.9105    26.4675 0.0000e+00
       9046     67.792    -1.2400   2.647038    48.3250    32.8897    26.4507 0.0000e+00
       9048     67.845    -1.2403   2.644868    48.3269    32.8604    26.4269 0.0000e+00
       9050     67.901    -1.2405   2.642304    48.3269    32.8255    26.3986 0.0000e+00
       9052     67.961    -1.2407   2.639787    48.3259    32.7913    26.3708 0.0000e+00
       9054     68.024    -1.2410   2.638014    48.3250    32.7673    26.3514 0.0000e+00
       9056     68.090    -1.2415   2.636493    48.3259    32.7471    26.3350 0.0000e+00
       9058     68.161    -1.2418   2.635339    48.3250    32.7315    26.3225 0.0000e+00
       9060     68.233    -1.2428   2.634456    48.3259    32.7205    26.3135 0.0000e+00
       9062     68.308    -1.2438   2.633674    48.4556    32.7109    26.3058 0.0000e+00
       9064     68.385    -1.2454   2.633103    48.5357    32.7049    26.3009 0.0000e+00
       9066     68.462    -1.2470   2.632810    48.5366    32.7025    26.2991 0.0000e+00
       9068     68.540    -1.2488   2.632602    48.5366    32.7015    26.2983 0.0000e+00
       9070     68.619    -1.2506   2.632225    48.5366    32.6984    26.2958 0.0000e+00
       9072     68.697    -1.2524   2.631876    48.5376    32.6955    26.2935 0.0000e+00
       9074     68.774    -1.2535   2.631568    48.5357    32.6924    26.2910 0.0000e+00
       9076     68.852    -1.2548   2.631301    48.5348    32.6901    26.2892 0.0000e+00
       9078     68.930    -1.2559   2.631207    48.5357    32.6900    26.2891 0.0000e+00
       9080     69.009    -1.2575   2.631136    48.3363    32.6908    26.2898 0.0000e+00
       9082     69.088    -1.2597   2.631313    48.3278    32.6955    26.2937 0.0000e+00
       9084     69.163    -1.2616   2.631291    48.3240    32.6974    26.2952 0.0000e+00
       9086     69.237    -1.2634   2.631485    48.3250    32.7018    26.2989 0.0000e+00
       9088     69.310    -1.2643   2.631677    48.3259    32.7054    26.3020 0.0000e+00
       9090     69.382    -1.2664   2.631750    48.3269    32.7086    26.3046 0.0000e+00
       9092     69.453    -1.2674   2.631864    48.3259    32.7113    26.3067 0.0000e+00
       9094     69.520    -1.2686   2.632290    48.3250    32.7184    26.3126 0.0000e+00
       9096     69.584    -1.2705   2.632497    48.3516    32.7233    26.3165 0.0000e+00
       9098     69.644    -1.2725   2.632404    48.4756    32.7241    26.3173 0.0000e+00
       9100     69.703    -1.2759   2.632963    48.4756    32.7355    26.3266 0.0000e+00
       9102     69.758    -1.2784   2.633361    48.4746    32.7435    26.3332 0.0000e+00
       9104     69.812    -1.2809   2.633204    48.4756    32.7442    26.3338 0.0000e+00
       9106     69.864    -1.2836   2.633491    48.4756    32.7511    26.3394 0.0000e+00
       9108     69.916    -1.2857   2.633849    48.4746    32.7582    26.3453 0.0000e+00
       9110     69.966    -1.2878   2.634317    48.4737    32.7669    26.3524 0.0000e+00
       9112     70.016    -1.2898   2.635430    48.4766    32.7842    26.3665 0.0000e+00
       9114     70.065    -1.2906   2.635850    48.7579    32.7909    26.3721 0.0000e+00
       9116     70.114    -1.2917   2.635466    49.1413    32.7867    26.3687 0.0000e+00
       9118     70.163    -1.2922   2.635631    49.1355    32.7895    26.3710 0.0000e+00
       9120     70.213    -1.2929   2.635382    49.1365    32.7869    26.3689 0.0000e+00
       9122     70.263    -1.2936   2.635213    49.1375    32.7853    26.3675 0.0000e+00
       9124     70.316    -1.2946   2.635171    49.1355    32.7858    26.3680 0.0000e+00
       9126     70.370    -1.2950   2.634797    49.1375    32.7811    26.3642 0.0000e+00
       9128     70.425    -1.2952   2.634293    49.1384    32.7744    26.3587 0.0000e+00
       9130     70.482    -1.2951   2.633614    49.1384    32.7649    26.3511 0.0000e+00
       9132     70.538    -1.2942   2.632767    48.7875    32.7523    26.3408 0.0000e+00
       9134     70.594    -1.2928   2.631976    48.6587    32.7399    26.3308 0.0000e+00
       9136     70.652    -1.2913   2.631336    48.6558    32.7295    26.3222 0.0000e+00
       9138     70.713    -1.2900   2.630658    48.6568    32.7187    26.3135 0.0000e+00
       9140     70.773    -1.2885   2.630151    48.6568    32.7101    26.3064 0.0000e+00
       9142     70.833    -1.2876   2.629785    48.6578    32.7041    26.3015 0.0000e+00
       9144     70.894    -1.2872   2.629520    48.6587    32.7000    26.2981 0.0000e+00
       9146     70.957    -1.2875   2.629321    48.6558    32.6976    26.2962 0.0000e+00
       9148     71.019    -1.2888   2.629163    48.6558    32.6968    26.2956 0.0000e+00
       9150     71.082    -1.2911   2.628957    48.4823    32.6964    26.2954 0.0000e+00
       9152     71.148    -1.2937   2.628872    48.4756    32.6980    26.2967 0.0000e+00
       9154     71.215    -1.2953   2.628656    48.4756    32.6969    26.2959 0.0000e+00
       9156     71.283    -1.2958   2.628322    48.4737    32.6928    26.2925 0.0000e+00
       9158     71.352    -1.2949   2.628007    48.4746    32.6874    26.2882 0.0000e+00
       9160     71.421    -1.2927   2.627844    48.4737    32.6828    26.2844 0.0000e+00
       9162     71.491    -1.2902   2.627752    48.4775    32.6788    26.2811 0.0000e+00
       9164     71.563    -1.2881   2.627592    48.4746    32.6741    26.2773 0.0000e+00
       9166     71.635    -1.2866   2.627435    48.5147    32.6705    26.2742 0.0000e+00
       9168     71.707    -1.2854   2.627297    48.6282    32.6671    26.2714 0.0000e+00
       9170     71.783    -1.2849   2.627153    48.6244    32.6645    26.2693 0.0000e+00
       9172     71.859    -1.2855   2.626996    48.6253    32.6630    26.2681 0.0000e+00
       9174     71.936    -1.2869   2.626850    48.6253    32.6625    26.2677 0.0000e+00
       9176     72.015    -1.2885   2.626708    48.6253    32.6622    26.2676 0.0000e+00
       9178     72.095    -1.2898   2.626736    48.6262    32.6641    26.2691 0.0000e+00
       9180     72.173    -1.2913   2.626792    48.6262    32.6663    26.2710 0.0000e+00
       9182     72.252    -1.2923   2.626823    48.6253    32.6679    26.2723 0.0000e+00
       9184     72.330    -1.2933   2.626865    48.5252    32.6694    26.2736 0.0000e+00
       9186     72.406    -1.2942   2.626892    48.4117    32.6709    26.2747 0.0000e+00
       9188     72.483    -1.2953   2.627051    48.4136    32.6741    26.2773 0.0000e+00
       9190     72.560    -1.2961   2.627135    48.4155    32.6762    26.2791 0.0000e+00
       9192     72.636    -1.2967   2.627149    48.4136    32.6769    26.2796 0.0000e+00
       9194     72.710    -1.2967   2.627204    48.4117    32.6776    26.2803 0.0000e+00
       9196     72.785    -1.2963   2.627202    48.4146    32.6770    26.2798 0.0000e+00
       9198     72.858    -1.2952   2.627225    48.4146    32.6761    26.2790 0.0000e+00
       9200     72.932    -1.2937   2.627371    48.4136    32.6765    26.2792 0.0000e+00
       9202     73.005    -1.2928   2.627410    49.0421    32.6760    26.2788 0.0000e+00
       9204     73.074    -1.2918   2.627588    49.1660    32.6773    26.2799 0.0000e+00
       9206     73.142    -1.2908   2.627714    49.1651    32.6778    26.2803 0.0000e+00
       9208     73.208    -1.2898   2.627804    49.1670    32.6779    26.2803 0.0000e+00
       9210     73.273    -1.2890   2.627779    49.1670    32.6767    26.2794 0.0000e+00
       9212     73.337    -1.2886   2.627757    49.1670    32.6760    26.2787 0.0000e+00
       9214     73.401    -1.2883   2.627762    49.1689    32.6756    26.2784 0.0000e+00
       9216     73.462    -1.2877   2.627748    49.1680    32.6747    26.2777 0.0000e+00
       9218     73.523    -1.2875   2.627642    49.1613    32.6731    26.2763 0.0000e+00
       9220     73.582    -1.2879   2.627708    48.7522    32.6743    26.2773 0.0000e+00
       9222     73.639    -1.2887   2.627763    48.7484    32.6758    26.2786 0.0000e+00
       9224     73.699    -1.2896   2.627707    48.7493    32.6761    26.2788 0.0000e+00
       9226     73.758    -1.2906   2.627811    48.7474    32.6786    26.2809 0.0000e+00
       9228     73.817    -1.2927   2.627724    48.7474    32.6796    26.2818 0.0000e+00
       9230     73.875    -1.2947   2.627684    48.7464    32.6813    26.2832 0.0000e+00
       9232     73.930    -1.2968   2.627723    48.7474    32.6841    26.2855 0.0000e+00
       9234     73.984    -1.2995   2.627604    48.7464    32.6854    26.2867 0.0000e+00
       9236     74.038    -1.3016   2.627620    48.6120    32.6878    26.2888 0.0000e+00
       9238     74.094    -1.3035   2.627845    48.3783    32.6929    26.2929 0.0000e+00
       9240     74.147    -1.3052   2.627921    48.3869    32.6958    26.2953 0.0000e+00
       9242     74.197    -1.3064   2.627940    48.3859    32.6973    26.2966 0.0000e+00
       9244     74.246    -1.3068   2.628067    48.3841    32.6996    26.2984 0.0000e+00
       9246     74.296    -1.3069   2.628387    48.3841    32.7040    26.3020 0.0000e+00
       9248     74.345    -1.3070   2.628602    48.3859    32.7071    26.3045 0.0000e+00
       9250     74.392    -1.3070   2.628641    48.3841    32.7075    26.3047 0.0000e+00
       9252     74.439    -1.3068   2.628916    48.3821    32.7109    26.3077 0.0000e+00
       9254     74.486    -1.3068   2.629257    48.4164    32.7157    26.3115 0.0000e+00
       9256     74.534    -1.3070   2.629289    48.4450    32.7163    26.3119 0.0000e+00
       9258     74.584    -1.3072   2.629337    48.4441    32.7172    26.3126 0.0000e+00
       9260     74.635    -1.3072   2.629387    48.4441    32.7178    26.3132 0.0000e+00
       9262     74.689    -1.3077   2.629354    48.4432    32.7178    26.3132 0.0000e+00
       9264     74.743    -1.3081   2.629240    48.4450    32.7167    26.3122 0.0000e+00
       9266     74.797    -1.3085   2.628759    48.4450    32.7105    26.3073 0.0000e+00
       9268     74.856    -1.3085   2.628051    48.4450    32.7008    26.2994 0.0000e+00
       9270     74.916    -1.3090   2.627473    48.4441    32.6934    26.2934 0.0000e+00
       9272     74.978    -1.3089   2.627060    48.2524    32.6876    26.2887 0.0000e+00
       9274     75.042    -1.3090   2.626693    48.2334    32.6826    26.2847 0.0000e+00
       9276     75.108    -1.3089   2.626329    48.2343    32.6775    26.2805 0.0000e+00
       9278     75.174    -1.3091   2.626005    48.2362    32.6732    26.2770 0.0000e+00
       9280     75.239    -1.3088   2.625720    48.2362    32.6690    26.2736 0.0000e+00
       9282     75.307    -1.3091   2.625547    48.2343    32.6668    26.2719 0.0000e+00
       9284     75.376    -1.3092   2.625476    48.2334    32.6660    26.2712 0.0000e+00
       9286     75.445    -1.3092   2.625510    48.2362    32.6664    26.2716 0.0000e+00
       9288     75.517    -1.3097   2.625585    48.3144    32.6679    26.2728 0.0000e+00
       9290     75.590    -1.3103   2.625455    48.9896    32.6668    26.2719 0.0000e+00
       9292     75.667    -1.3111   2.625164    48.9868    32.6637    26.2693 0.0000e+00
       9294     75.748    -1.3114   2.624818    48.9858    32.6591    26.2658 0.0000e+00
       9296     75.831    -1.3118   2.624733    48.9848    32.6584    26.2651 0.0000e+00
       9298     75.917    -1.3125   2.624623    48.9858    32.6576    26.2644 0.0000e+00
       9300     76.005    -1.3129   2.624472    48.9868    32.6559    26.2631 0.0000e+00
       9302     76.089    -1.3139   2.624456    48.9877    32.6568    26.2638 0.0000e+00
       9304     76.172    -1.3152   2.624610    48.9848    32.6602    26.2667 0.0000e+00
       9306     76.255    -1.3165   2.624690    48.8189    32.6627    26.2687 0.0000e+00
       9308     76.335    -1.3171   2.624802    48.5929    32.6649    26.2705 0.0000e+00
       9310     76.416    -1.3176   2.624960    48.5957    32.6674    26.2726 0.0000e+00
       9312     76.495    -1.3195   2.624879    48.5957    32.6683    26.2734 0.0000e+00
       9314     76.575    -1.3216   2.625107    48.5948    32.6737    26.2779 0.0000e+00
       9316     76.654    -1.3226   2.625106    48.5948    32.6748    26.2787 0.0000e+00
       9318     76.732    -1.3237   2.624896    48.5948    32.6731    26.2773 0.0000e+00
       9320     76.809    -1.3242   2.624754    48.5977    32.6717    26.2762 0.0000e+00
       9322     76.883    -1.3245   2.624738    48.5939    32.6718    26.2763 0.0000e+00
       9324     76.958    -1.3247   2.624772    48.6368    32.6724    26.2768 0.0000e+00
       9326     77.034    -1.3245   2.624805    48.6578    32.6726    26.2770 0.0000e+00
       9328     77.109    -1.3241   2.624945    48.6568    32.6740    26.2781 0.0000e+00
       9330     77.184    -1.3241   2.624980    48.6568    32.6744    26.2784 0.0000e+00
       9332     77.257    -1.3241   2.624943    48.6568    32.6739    26.2781 0.0000e+00
       9334     77.332    -1.3245   2.624807    48.6578    32.6724    26.2769 0.0000e+00
       9336     77.406    -1.3256   2.624746    48.6568    32.6727    26.2771 0.0000e+00
       9338     77.479    -1.3261   2.624727    48.6568    32.6729    26.2773 0.0000e+00
       9340     77.551    -1.3262   2.624733    48.6548    32.6731    26.2774 0.0000e+00
       9342     77.624    -1.3262   2.624753    48.5405    32.6733    26.2776 0.0000e+00
       9344     77.695    -1.3257   2.624728    48.5357    32.6724    26.2769 0.0000e+00
       9346     77.765    -1.3253   2.624715    48.5338    32.6718    26.2763 0.0000e+00
       9348     77.835    -1.3249   2.624656    48.5357    32.6705    26.2753 0.0000e+00
