Datasets/AZMP/TEL211/tel211_2020_006.cnv
* Sea-Bird SBE25plus Data File
* Filename = tel211_2020_006
* Software Version AquireV2 AF V2.0
* System UpLoad Time = Aug 06 2020 08:27:54
** VESSEL/TRIP/SEQ STN: tel211_2020_006
** LATITUDE: 47 32.80 N
** LONGITUDE: 52 35.14 W
** DATE/TIME: 2020-08-06 08:06
** SOUNDING DEPTH (M): 0176
** PROBE TYPE: S1101
** CTD NUMBER:    
** COMMENTS (14 CHAR): STN 27
# nquan = 8
# nvalues = 11047                       
# units = specified
# name 0 = scan: Scan Count
# name 1 = prdM: Pressure, Strain Gauge [db]
# name 2 = t090C: Temperature [ITS-90, deg C]
# name 3 = c0S/m: Conductivity [S/m]
# name 4 = flECO-AFL: Fluorescence, WET Labs ECO-AFL/FL [mg/m^3]
# name 5 = sal00: Salinity, Practical [PSU]
# name 6 = sigma-t00: Density [sigma-t, kg/m^3 ]
# name 7 = flag: flag
# span 0 =          2,      22093       
# span 1 =      0.185,    161.132       
# span 2 =    -1.5730,    18.2332       
# span 3 =  -0.006157,   3.977602       
# span 4 =    -0.1387,    53.1353       
# span 5 =     0.0000,    39.0819       
# span 6 =    -1.4333,    31.0056       
# span 7 = 0.0000e+00, 0.0000e+00       
# interval = scans: 2                   
# start_time = Aug 06 2020 08:06:08 [Instrument's time stamp, header]
# bad_flag = -9.990e-29
*END*
[from data line 10427]
      20856      5.798    13.1769   3.695208    48.4832    31.0540    23.3036 0.0000e+00
      20858      5.784    13.0485   3.699704    48.4814    31.2014    23.4425 0.0000e+00
      20860      5.771    12.9556   3.703255    48.4814    31.3114    23.5455 0.0000e+00
      20862      5.755    12.8913   3.710420    48.4823    31.4320    23.6514 0.0000e+00
      20864      5.736    12.9339   3.722576    48.4766    31.5111    23.7043 0.0000e+00
      20866      5.714    13.0425   3.736181    48.4231    31.5487    23.7123 0.0000e+00
      20868      5.691    13.0309   3.744852    48.4260    31.6398    23.7851 0.0000e+00
      20870      5.666    12.8836   3.749998    48.4212    31.8117    23.9468 0.0000e+00
      20872      5.641    12.6953   3.753018    48.4193    31.9995    24.1284 0.0000e+00
      20874      5.614    12.4360   3.754416    48.4212    32.2342    24.3598 0.0000e+00
      20876      5.583    12.1798   3.756271    48.4212    32.4731    24.5935 0.0000e+00
      20878      5.549    12.1042   3.758405    48.4222    32.5594    24.6747 0.0000e+00
      20880      5.513    12.1035   3.761155    48.4222    32.5866    24.6959 0.0000e+00
      20882      5.476    12.1795   3.763658    48.4117    32.5444    24.6488 0.0000e+00
      20884      5.439    12.2926   3.765838    48.3907    32.4672    24.5677 0.0000e+00
      20886      5.403    12.4143   3.766388    48.3916    32.3672    24.4670 0.0000e+00
      20888      5.368    12.4813   3.765273    48.3907    32.2989    24.4014 0.0000e+00
      20890      5.335    12.5666   3.762460    48.3916    32.1989    24.3076 0.0000e+00
      20892      5.306    12.6251   3.756325    48.3907    32.0906    24.2125 0.0000e+00
      20894      5.279    12.6835   3.736766    48.3907    31.8555    24.0192 0.0000e+00
      20896      5.255    12.7005   3.709324    48.3907    31.5810    23.8034 0.0000e+00
      20898      5.235    12.7336   3.690559    48.3916    31.3759    23.6382 0.0000e+00
      20900      5.217    12.9145   3.677524    48.4680    31.1037    23.3928 0.0000e+00
      20902      5.202    13.1902   3.668472    48.5128    30.7938    23.0999 0.0000e+00
      20904      5.185    13.3516   3.663603    48.5128    30.6184    22.9327 0.0000e+00
      20906      5.169    13.5727   3.664477    48.5109    30.4496    22.7589 0.0000e+00
      20908      5.154    13.7815   3.668154    48.5128    30.3179    22.6156 0.0000e+00
      20910      5.140    13.8835   3.673764    48.5128    30.2889    22.5729 0.0000e+00
      20912      5.123    13.8931   3.689262    48.5118    30.4233    22.6747 0.0000e+00
      20914      5.106    13.7989   3.713923    48.5138    30.7248    22.9262 0.0000e+00
      20916      5.088    13.6381   3.726463    48.5138    30.9698    23.1475 0.0000e+00
      20918      5.072    13.4288   3.735841    48.4594    31.2270    23.3878 0.0000e+00
      20920      5.056    13.2601   3.747504    48.4509    31.4745    23.6123 0.0000e+00
      20922      5.040    13.1896   3.759253    48.4527    31.6429    23.7565 0.0000e+00
      20924      5.021    13.1561   3.768502    48.4527    31.7576    23.8517 0.0000e+00
      20926      4.999    13.1157   3.774519    48.4518    31.8478    23.9295 0.0000e+00
      20928      4.974    12.9968   3.778308    48.4537    31.9836    24.0577 0.0000e+00
      20930      4.946    12.8983   3.779956    48.4518    32.0825    24.1534 0.0000e+00
      20932      4.918    12.7790   3.781481    48.4527    32.1984    24.2663 0.0000e+00
      20934      4.888    12.6959   3.782030    48.4489    32.2747    24.3415 0.0000e+00
      20936      4.858    12.6522   3.781856    48.4222    32.3104    24.3775 0.0000e+00
      20938      4.828    12.6107   3.780545    48.4222    32.3336    24.4034 0.0000e+00
      20940      4.798    12.6060   3.778516    48.4202    32.3183    24.3926 0.0000e+00
      20942      4.773    12.6509   3.774746    48.4222    32.2440    24.3263 0.0000e+00
      20944      4.748    12.7207   3.767882    48.4202    32.1191    24.2162 0.0000e+00
      20946      4.726    12.7648   3.758164    48.4222    31.9896    24.1074 0.0000e+00
      20948      4.707    12.8535   3.745045    48.4212    31.7907    23.9363 0.0000e+00
      20950      4.689    12.9217   3.730609    48.4260    31.5973    23.7734 0.0000e+00
      20952      4.672    13.1951   3.722805    48.4489    31.2976    23.4884 0.0000e+00
      20954      4.655    13.5466   3.724215    48.4823    31.0232    23.2070 0.0000e+00
      20956      4.635    13.6874   3.739484    48.4814    31.0502    23.1998 0.0000e+00
      20958      4.614    13.7723   3.757841    48.4804    31.1507    23.2604 0.0000e+00
      20960      4.590    13.7902   3.761942    48.4842    31.1741    23.2749 0.0000e+00
      20962      4.563    13.5430   3.770762    48.4823    31.4580    23.5436 0.0000e+00
      20964      4.534    13.3225   3.781054    48.4814    31.7363    23.8025 0.0000e+00
      20966      4.504    13.3524   3.787966    48.4823    31.7759    23.8272 0.0000e+00
      20968      4.472    13.4241   3.791614    48.4814    31.7502    23.7931 0.0000e+00
      20970      4.440    13.3327   3.792784    48.3945    31.8374    23.8786 0.0000e+00
      20972      4.404    13.2119   3.792804    48.3621    31.9389    23.9810 0.0000e+00
      20974      4.365    13.0799   3.793517    48.3621    32.0568    24.0981 0.0000e+00
      20976      4.325    12.9332   3.795395    48.3640    32.1989    24.2368 0.0000e+00
      20978      4.282    12.9461   3.797014    48.3611    32.2032    24.2377 0.0000e+00
      20980      4.236    13.0600   3.798330    48.3631    32.1189    24.1502 0.0000e+00
      20982      4.191    13.2063   3.798413    48.3602    31.9962    24.0264 0.0000e+00
      20984      4.147    13.3114   3.797211    48.3631    31.8967    23.9287 0.0000e+00
      20986      4.104    13.3637   3.792593    48.3593    31.8098    23.8512 0.0000e+00
      20988      4.064    13.3778   3.782342    48.4479    31.7024    23.7653 0.0000e+00
      20990      4.030    13.3820   3.758474    48.4509    31.4765    23.5898 0.0000e+00
      20992      3.999    13.4320   3.727894    48.4527    31.1510    23.3285 0.0000e+00
      20994      3.973    13.6159   3.706086    48.4518    30.7998    23.0207 0.0000e+00
      20996      3.950    13.7815   3.707353    48.4499    30.6787    22.8942 0.0000e+00
      20998      3.936    13.9961   3.708381    48.4518    30.5172    22.7265 0.0000e+00
      21000      3.926    14.1903   3.712008    48.4509    30.3970    22.5943 0.0000e+00
      21002      3.922    14.3221   3.718539    48.4537    30.3527    22.5333 0.0000e+00
      21004      3.920    14.3757   3.725833    48.4832    30.3768    22.5408 0.0000e+00
      21006      3.924    14.3939   3.730122    48.5747    30.4015    22.5560 0.0000e+00
      21008      3.931    14.4083   3.731866    48.5719    30.4059    22.5566 0.0000e+00
      21010      3.940    14.4164   3.732353    48.5719    30.4040    22.5534 0.0000e+00
      21012      3.952    14.4209   3.731137    48.5729    30.3894    22.5412 0.0000e+00
      21014      3.962    14.4247   3.727758    48.5747    30.3559    22.5147 0.0000e+00
      21016      3.971    14.4257   3.722961    48.5700    30.3117    22.4804 0.0000e+00
      21018      3.978    14.4258   3.724236    48.5729    30.3231    22.4892 0.0000e+00
      21020      3.984    14.3956   3.733293    48.5729    30.4288    22.5768 0.0000e+00
      21022      3.984    14.3263   3.740460    48.5166    30.5484    22.6833 0.0000e+00
      21024      3.979    14.2638   3.744934    48.4498    30.6385    22.7655 0.0000e+00
      21026      3.973    14.2080   3.753187    48.4527    30.7580    22.8691 0.0000e+00
      21028      3.963    14.1145   3.764766    48.4527    30.9384    23.0272 0.0000e+00
      21030      3.950    13.9341   3.774674    48.4518    31.1747    23.2463 0.0000e+00
      21032      3.936    13.7290   3.783603    48.4527    31.4243    23.4803 0.0000e+00
      21034      3.917    13.5752   3.788003    48.4547    31.5915    23.6404 0.0000e+00
      21036      3.895    13.4743   3.790075    48.4509    31.6943    23.7399 0.0000e+00
      21038      3.870    13.3821   3.793099    48.4518    31.7993    23.8394 0.0000e+00
      21040      3.842    13.2778   3.796663    48.4498    31.9199    23.9533 0.0000e+00
      21042      3.811    13.2242   3.799799    48.4547    31.9943    24.0214 0.0000e+00
      21044      3.776    13.2036   3.802021    48.4518    32.0324    24.0551 0.0000e+00
      21046      3.738    13.2477   3.804705    48.4518    32.0205    24.0370 0.0000e+00
      21048      3.696    13.3592   3.807449    48.4518    31.9524    23.9623 0.0000e+00
      21050      3.649    13.4844   3.810105    48.4527    31.8725    23.8755 0.0000e+00
      21052      3.601    13.5760   3.812074    48.4518    31.8144    23.8124 0.0000e+00
      21054      3.551    13.6470   3.814354    48.4518    31.7767    23.7690 0.0000e+00
      21056      3.495    13.7119   3.817105    48.4527    31.7484    23.7341 0.0000e+00
      21058      3.437    13.7846   3.819083    48.4509    31.7064    23.6870 0.0000e+00
      21060      3.377    13.8233   3.819551    48.4527    31.6788    23.6578 0.0000e+00
      21062      3.317    13.8603   3.819781    48.4518    31.6504    23.6284 0.0000e+00
      21064      3.253    13.8878   3.820343    48.4518    31.6330    23.6093 0.0000e+00
      21066      3.186    13.9091   3.821371    48.4527    31.6250    23.5988 0.0000e+00
      21068      3.120    13.9684   3.821851    48.4509    31.5806    23.5526 0.0000e+00
      21070      3.054    13.9861   3.821381    48.4527    31.5618    23.5344 0.0000e+00
      21072      2.992    13.9793   3.819559    48.4527    31.5508    23.5272 0.0000e+00
      21074      2.934    13.9964   3.807999    48.4642    31.4305    23.4309 0.0000e+00
      21076      2.885    14.0200   3.775961    48.4842    31.1173    23.1846 0.0000e+00
      21078      2.845    14.0910   3.757693    48.4832    30.8929    22.9969 0.0000e+00
      21080      2.818    14.1682   3.759161    48.4832    30.8447    22.9440 0.0000e+00
      21082      2.805    14.2749   3.774838    48.4832    30.9022    22.9665 0.0000e+00
      21084      2.809    14.3578   3.788566    48.4832    30.9608    22.9946 0.0000e+00
      21086      2.826    14.3969   3.796673    48.4823    31.0033    23.0193 0.0000e+00
      21088      2.856    14.4127   3.804137    48.4823    31.0583    23.0585 0.0000e+00
      21090      2.896    14.4213   3.811133    48.4823    31.1151    23.1004 0.0000e+00
      21092      2.939    14.4254   3.815996    48.4832    31.1559    23.1310 0.0000e+00
      21094      2.986    14.4248   3.819881    48.4832    31.1916    23.1587 0.0000e+00
      21096      3.032    14.4232   3.822383    48.4814    31.2156    23.1775 0.0000e+00
      21098      3.076    14.4228   3.823600    48.4823    31.2270    23.1865 0.0000e+00
      21100      3.115    14.4224   3.822596    48.4814    31.2182    23.1796 0.0000e+00
      21102      3.149    14.4205   3.812352    48.4832    31.1266    23.1095 0.0000e+00
      21104      3.172    14.4168   3.804884    48.4832    31.0617    23.0603 0.0000e+00
      21106      3.184    14.4143   3.811154    48.4814    31.1207    23.1062 0.0000e+00
      21108      3.185    14.4110   3.814294    48.4823    31.1519    23.1309 0.0000e+00
      21110      3.175    14.3822   3.814486    48.4250    31.1767    23.1561 0.0000e+00
      21112      3.155    14.3026   3.813156    48.4231    31.2289    23.2127 0.0000e+00
      21114      3.122    14.1908   3.812824    48.4222    31.3164    23.3032 0.0000e+00
      21116      3.077    14.1054   3.815659    48.4212    31.4118    23.3943 0.0000e+00
      21118      3.019    14.0573   3.819450    48.4222    31.4858    23.4613 0.0000e+00
      21120      2.953    14.0309   3.822641    48.4202    31.5367    23.5059 0.0000e+00
      21122      2.879    14.0171   3.824957    48.4212    31.5694    23.5339 0.0000e+00
      21124      2.800    14.0161   3.826068    48.4202    31.5804    23.5427 0.0000e+00
      21126      2.718    14.0169   3.827387    48.4384    31.5919    23.5513 0.0000e+00
      21128      2.634    14.0363   3.828527    48.6034    31.5864    23.5432 0.0000e+00
      21130      2.550    14.0609   3.828603    48.6015    31.5670    23.5232 0.0000e+00
      21132      2.466    14.0831   3.827919    48.6005    31.5426    23.4998 0.0000e+00
      21134      2.385    14.0956   3.826292    48.6015    31.5174    23.4779 0.0000e+00
      21136      2.309    14.0933   3.823282    48.6024    31.4918    23.4585 0.0000e+00
      21138      2.240    14.0897   3.814215    48.5995    31.4117    23.3974 0.0000e+00
      21140      2.183    14.0895   3.800229    48.6015    31.2837    23.2987 0.0000e+00
      21142      2.134    14.1240   3.795471    48.6015    31.2122    23.2365 0.0000e+00
      21144      2.095    14.2104   3.795806    48.5643    31.1455    23.1673 0.0000e+00
      21146      2.067    14.2933   3.798386    48.5118    31.1022    23.1169 0.0000e+00
      21148      2.050    14.3510   3.804517    48.5138    31.1116    23.1123 0.0000e+00
      21150      2.043    14.3865   3.809742    48.5138    31.1307    23.1197 0.0000e+00
      21152      2.047    14.4157   3.813743    48.5166    31.1435    23.1234 0.0000e+00
      21154      2.059    14.4282   3.818256    48.5118    31.1745    23.1448 0.0000e+00
      21156      2.080    14.4264   3.821924    48.5109    31.2092    23.1719 0.0000e+00
      21158      2.109    14.4253   3.824562    48.5118    31.2342    23.1914 0.0000e+00
      21160      2.139    14.4234   3.826009    48.5128    31.2487    23.2030 0.0000e+00
      21162      2.170    14.4219   3.826716    48.3907    31.2563    23.2092 0.0000e+00
      21164      2.200    14.4211   3.826451    48.3316    31.2546    23.2081 0.0000e+00
      21166      2.227    14.4218   3.823554    48.3325    31.2276    23.1871 0.0000e+00
      21168      2.247    14.4227   3.814837    48.3325    31.1478    23.1254 0.0000e+00
      21170      2.261    14.4229   3.811696    48.3325    31.1191    23.1031 0.0000e+00
      21172      2.266    14.4204   3.816828    48.3325    31.1677    23.1412 0.0000e+00
      21174      2.264    14.4154   3.818463    48.3316    31.1866    23.1568 0.0000e+00
      21176      2.253    14.4020   3.819655    48.3316    31.2082    23.1762 0.0000e+00
      21178      2.237    14.3630   3.820165    48.3316    31.2443    23.2122 0.0000e+00
      21180      2.215    14.3073   3.820809    48.3916    31.2952    23.2629 0.0000e+00
      21182      2.190    14.2370   3.821469    48.3936    31.3582    23.3259 0.0000e+00
      21184      2.160    14.1738   3.822621    48.3936    31.4202    23.3867 0.0000e+00
      21186      2.125    14.1278   3.823768    48.3945    31.4682    23.4332 0.0000e+00
      21188      2.083    14.1112   3.825134    48.3926    31.4943    23.4568 0.0000e+00
      21190      2.037    14.1027   3.826112    48.3907    31.5102    23.4708 0.0000e+00
      21192      1.988    14.0992   3.826662    48.3926    31.5181    23.4776 0.0000e+00
      21194      1.939    14.0996   3.827226    48.3926    31.5230    23.4813 0.0000e+00
      21196      1.893    14.0998   3.827641    48.3984    31.5267    23.4841 0.0000e+00
      21198      1.845    14.0998   3.827426    48.4241    31.5247    23.4825 0.0000e+00
      21200      1.800    14.1055   3.826681    48.4251    31.5132    23.4725 0.0000e+00
      21202      1.759    14.1113   3.825119    48.4212    31.4941    23.4567 0.0000e+00
      21204      1.721    14.1160   3.821952    48.4184    31.4614    23.4304 0.0000e+00
      21206      1.687    14.1191   3.816214    48.4222    31.4062    23.3871 0.0000e+00
      21208      1.660    14.1321   3.809594    48.4202    31.3351    23.3296 0.0000e+00
      21210      1.637    14.1949   3.805133    48.4232    31.2433    23.2460 0.0000e+00
      21212      1.619    14.2540   3.803720    48.4232    31.1827    23.1872 0.0000e+00
