Datasets/AZMP/TEL211/tel211_2020_005.cnv
* Sea-Bird SBE25plus Data File
* Filename = tel211_2020_005
* Software Version AquireV2 AF V2.0
* System UpLoad Time = Aug 05 2020 11:01:38
** VESSEL/TRIP/SEQ STN: tel211_2020_005
** LATITUDE: 47 50.92 N
** LONGITUDE: 053 53.75 W
** DATE/TIME: 2020-08-05 10:25
** SOUNDING DEPTH (M): 81.2
** PROBE TYPE: S1101
** CTD NUMBER: 000
** COMMENTS (14 CHAR): Bull Arm,5
# nquan = 8
# nvalues = 16789                       
# units = specified
# name 0 = scan: Scan Count
# name 1 = prdM: Pressure, Strain Gauge [db]
# name 2 = t090C: Temperature [ITS-90, deg C]
# name 3 = c0S/m: Conductivity [S/m]
# name 4 = flECO-AFL: Fluorescence, WET Labs ECO-AFL/FL [mg/m^3]
# name 5 = sal00: Salinity, Practical [PSU]
# name 6 = sigma-t00: Density [sigma-t, kg/m^3 ]
# name 7 = flag: flag
# span 0 =          2,      33578       
# span 1 =      0.223,     81.236       
# span 2 =     1.0071,    15.9610       
# span 3 =   0.000630,   3.959033       
# span 4 =    -0.1387,    58.0478       
# span 5 =     0.0092,    33.6557       
# span 6 =    -0.7983,    26.1803       
# span 7 = 0.0000e+00, 0.0000e+00       
# interval = scans: 2                   
# start_time = Aug 05 2020 10:25:56 [Instrument's time stamp, header]
# bad_flag = -9.990e-29
*END*
[from data line 1079]
       2160      1.405    15.6672   3.902438    51.5904    30.9449    22.7041 0.0000e+00
       2162      1.406    15.6754   3.902398    51.5932    30.9381    22.6971 0.0000e+00
       2164      1.409    15.6905   3.902402    51.5866    30.9263    22.6848 0.0000e+00
       2166      1.410    15.7097   3.902419    51.5618    30.9114    22.6692 0.0000e+00
       2168      1.409    15.7297   3.902484    51.5608    30.8963    22.6532 0.0000e+00
       2170      1.408    15.7488   3.902628    51.5618    30.8827    22.6385 0.0000e+00
       2172      1.410    15.7652   3.902762    51.5627    30.8711    22.6260 0.0000e+00
       2174      1.412    15.7784   3.902914    51.5598    30.8621    22.6162 0.0000e+00
       2176      1.413    15.7881   3.903087    51.5618    30.8562    22.6095 0.0000e+00
       2178      1.414    15.7949   3.903280    51.5598    30.8525    22.6052 0.0000e+00
       2180      1.415    15.7986   3.903466    51.5627    30.8513    22.6034 0.0000e+00
       2182      1.417    15.7997   3.903658    51.5417    30.8520    22.6037 0.0000e+00
       2184      1.418    15.7979   3.903829    51.4997    30.8550    22.6064 0.0000e+00
       2186      1.419    15.7932   3.904057    51.4997    30.8607    22.6118 0.0000e+00
       2188      1.420    15.7856   3.904263    51.5016    30.8684    22.6194 0.0000e+00
       2190      1.420    15.7751   3.904451    51.5007    30.8783    22.6294 0.0000e+00
       2192      1.418    15.7627   3.904598    51.5007    30.8892    22.6405 0.0000e+00
       2194      1.418    15.7492   3.904757    51.5007    30.9012    22.6525 0.0000e+00
       2196      1.417    15.7357   3.904883    51.5054    30.9128    22.6645 0.0000e+00
       2198      1.416    15.7235   3.904968    51.5007    30.9232    22.6751 0.0000e+00
       2200      1.413    15.7124   3.905070    51.4988    30.9327    22.6850 0.0000e+00
       2202      1.410    15.7028   3.905130    51.4988    30.9408    22.6932 0.0000e+00
       2204      1.408    15.6948   3.905220    51.5007    30.9477    22.7004 0.0000e+00
       2206      1.407    15.6885   3.905260    51.5007    30.9531    22.7058 0.0000e+00
       2208      1.406    15.6836   3.905299    51.5027    30.9572    22.7100 0.0000e+00
       2210      1.406    15.6801   3.905268    51.4997    30.9597    22.7127 0.0000e+00
       2212      1.406    15.6778   3.905206    51.4997    30.9610    22.7143 0.0000e+00
       2214      1.405    15.6761   3.905123    51.5007    30.9616    22.7150 0.0000e+00
       2216      1.404    15.6753   3.905075    51.4997    30.9618    22.7154 0.0000e+00
       2218      1.402    15.6750   3.904999    51.4454    30.9614    22.7151 0.0000e+00
       2220      1.402    15.6754   3.904942    51.4406    30.9606    22.7144 0.0000e+00
       2222      1.405    15.6763   3.904936    51.4387    30.9598    22.7136 0.0000e+00
       2224      1.405    15.6776   3.904915    51.4368    30.9586    22.7125 0.0000e+00
       2226      1.405    15.6792   3.904929    51.4387    30.9575    22.7112 0.0000e+00
       2228      1.405    15.6809   3.904923    51.4406    30.9560    22.7097 0.0000e+00
       2230      1.407    15.6828   3.904961    51.4387    30.9549    22.7084 0.0000e+00
       2232      1.409    15.6848   3.904999    51.4397    30.9537    22.7071 0.0000e+00
       2234      1.410    15.6867   3.905055    51.4378    30.9527    22.7060 0.0000e+00
       2236      1.409    15.6886   3.905099    51.4377    30.9516    22.7046 0.0000e+00
       2238      1.408    15.6903   3.905168    51.4406    30.9509    22.7037 0.0000e+00
       2240      1.408    15.6919   3.905217    51.4368    30.9500    22.7026 0.0000e+00
       2242      1.411    15.6933   3.905300    51.4397    30.9496    22.7021 0.0000e+00
       2244      1.414    15.6943   3.905343    51.4397    30.9492    22.7016 0.0000e+00
       2246      1.416    15.6951   3.905430    51.4377    30.9494    22.7015 0.0000e+00
       2248      1.416    15.6957   3.905505    51.4377    30.9496    22.7015 0.0000e+00
       2250      1.417    15.6960   3.905606    51.4368    30.9503    22.7021 0.0000e+00
       2252      1.417    15.6960   3.905723    51.4444    30.9513    22.7028 0.0000e+00
       2254      1.414    15.6955   3.905813    51.4406    30.9526    22.7038 0.0000e+00
       2256      1.414    15.6946   3.905956    51.4387    30.9544    22.7054 0.0000e+00
       2258      1.413    15.6931   3.906061    51.4416    30.9565    22.7074 0.0000e+00
       2260      1.410    15.6914   3.906235    51.4397    30.9595    22.7100 0.0000e+00
       2262      1.409    15.6891   3.906371    51.4397    30.9625    22.7128 0.0000e+00
       2264      1.408    15.6865   3.906509    51.4406    30.9657    22.7159 0.0000e+00
       2266      1.408    15.6837   3.906658    51.4387    30.9692    22.7192 0.0000e+00
       2268      1.406    15.6809   3.906766    51.4387    30.9724    22.7223 0.0000e+00
       2270      1.406    15.6778   3.906886    51.5036    30.9758    22.7256 0.0000e+00
       2272      1.405    15.6748   3.906938    51.5332    30.9786    22.7283 0.0000e+00
       2274      1.404    15.6723   3.906968    51.5303    30.9809    22.7307 0.0000e+00
       2276      1.402    15.6702   3.906968    51.5332    30.9825    22.7325 0.0000e+00
       2278      1.401    15.6687   3.906924    51.5332    30.9833    22.7334 0.0000e+00
       2280      1.398    15.6677   3.906839    51.5313    30.9834    22.7336 0.0000e+00
       2282      1.398    15.6675   3.906742    51.5303    30.9827    22.7332 0.0000e+00
       2284      1.397    15.6679   3.906632    51.5303    30.9814    22.7321 0.0000e+00
       2286      1.398    15.6689   3.906565    51.5303    30.9799    22.7307 0.0000e+00
       2288      1.398    15.6705   3.906502    51.5313    30.9781    22.7290 0.0000e+00
       2290      1.400    15.6728   3.906485    51.5293    30.9763    22.7270 0.0000e+00
       2292      1.402    15.6754   3.906467    51.5303    30.9740    22.7248 0.0000e+00
       2294      1.403    15.6783   3.906446    51.5313    30.9715    22.7222 0.0000e+00
       2296      1.405    15.6820   3.906432    51.5322    30.9686    22.7191 0.0000e+00
       2298      1.406    15.6874   3.906429    51.5313    30.9643    22.7146 0.0000e+00
       2300      1.406    15.6953   3.906461    51.5370    30.9584    22.7084 0.0000e+00
       2302      1.405    15.7049   3.906563    51.5313    30.9518    22.7012 0.0000e+00
       2304      1.402    15.7150   3.906694    51.5455    30.9450    22.6938 0.0000e+00
       2306      1.402    15.7236   3.906873    51.5932    30.9398    22.6879 0.0000e+00
       2308      1.403    15.7292   3.907100    51.5904    30.9374    22.6849 0.0000e+00
       2310      1.403    15.7306   3.907403    51.5923    30.9391    22.6858 0.0000e+00
       2312      1.405    15.7275   3.907610    51.5923    30.9433    22.6897 0.0000e+00
       2314      1.406    15.7214   3.907843    51.5932    30.9502    22.6964 0.0000e+00
       2316      1.407    15.7134   3.908047    51.5923    30.9582    22.7043 0.0000e+00
       2318      1.406    15.7054   3.908310    51.5932    30.9668    22.7126 0.0000e+00
       2320      1.405    15.6980   3.908564    51.5904    30.9748    22.7204 0.0000e+00
       2322      1.402    15.6918   3.908761    51.6457    30.9813    22.7268 0.0000e+00
       2324      1.399    15.6876   3.908882    51.7105    30.9858    22.7311 0.0000e+00
       2326      1.395    15.6853   3.908973    51.7115    30.9884    22.7336 0.0000e+00
       2328      1.391    15.6844   3.908942    51.7125    30.9888    22.7341 0.0000e+00
       2330      1.389    15.6843   3.908866    51.7143    30.9882    22.7337 0.0000e+00
       2332      1.389    15.6845   3.908754    51.7115    30.9871    22.7328 0.0000e+00
       2334      1.389    15.6849   3.908583    51.7115    30.9853    22.7312 0.0000e+00
       2336      1.388    15.6855   3.908406    51.7125    30.9832    22.7296 0.0000e+00
       2338      1.389    15.6860   3.908250    51.7115    30.9814    22.7281 0.0000e+00
       2340      1.389    15.6868   3.908131    51.6656    30.9798    22.7267 0.0000e+00
       2342      1.389    15.6875   3.908073    51.6495    30.9787    22.7257 0.0000e+00
       2344      1.389    15.6882   3.908047    51.6523    30.9779    22.7250 0.0000e+00
       2346      1.390    15.6894   3.908029    51.6533    30.9768    22.7238 0.0000e+00
       2348      1.392    15.6915   3.908056    51.6485    30.9753    22.7223 0.0000e+00
       2350      1.394    15.6950   3.908108    51.6513    30.9731    22.7198 0.0000e+00
       2352      1.394    15.7002   3.908144    51.6495    30.9694    22.7158 0.0000e+00
       2354      1.394    15.7068   3.908190    51.6504    30.9646    22.7106 0.0000e+00
       2356      1.394    15.7147   3.908248    51.6504    30.9589    22.7045 0.0000e+00
       2358      1.394    15.7229   3.908302    51.6227    30.9530    22.6981 0.0000e+00
       2360      1.394    15.7308   3.908383    51.6199    30.9475    22.6922 0.0000e+00
       2362      1.397    15.7384   3.908497    51.6209    30.9426    22.6868 0.0000e+00
       2364      1.397    15.7447   3.908615    51.6199    30.9386    22.6824 0.0000e+00
       2366      1.397    15.7487   3.908769    51.6218    30.9369    22.6802 0.0000e+00
       2368      1.394    15.7497   3.908932    51.6237    30.9376    22.6805 0.0000e+00
       2370      1.394    15.7476   3.909082    51.6189    30.9406    22.6832 0.0000e+00
       2372      1.393    15.7431   3.909278    51.6237    30.9458    22.6882 0.0000e+00
       2374      1.393    15.7371   3.909377    51.6399    30.9513    22.6938 0.0000e+00
       2376      1.393    15.7308   3.909484    51.6829    30.9572    22.6997 0.0000e+00
       2378      1.390    15.7250   3.909593    51.6809    30.9628    22.7052 0.0000e+00
       2380      1.389    15.7205   3.909624    51.6819    30.9665    22.7092 0.0000e+00
       2382      1.386    15.7170   3.909683    51.6848    30.9698    22.7124 0.0000e+00
       2384      1.384    15.7142   3.909752    51.6839    30.9726    22.7151 0.0000e+00
       2386      1.383    15.7120   3.909764    51.6819    30.9744    22.7171 0.0000e+00
       2388      1.382    15.7104   3.909790    51.6819    30.9760    22.7186 0.0000e+00
       2390      1.381    15.7092   3.909851    51.6819    30.9774    22.7199 0.0000e+00
       2392      1.379    15.7083   3.909871    51.6504    30.9783    22.7208 0.0000e+00
       2394      1.379    15.7075   3.909945    51.6237    30.9796    22.7220 0.0000e+00
       2396      1.379    15.7065   3.910016    51.6209    30.9810    22.7233 0.0000e+00
       2398      1.379    15.7054   3.910122    51.6218    30.9827    22.7248 0.0000e+00
       2400      1.380    15.7045   3.910224    51.6227    30.9843    22.7264 0.0000e+00
       2402      1.378    15.7035   3.910291    51.6227    30.9858    22.7276 0.0000e+00
       2404      1.378    15.7024   3.910366    51.6247    30.9872    22.7290 0.0000e+00
       2406      1.379    15.7016   3.910412    51.6218    30.9883    22.7300 0.0000e+00
       2408      1.381    15.7009   3.910403    51.6227    30.9888    22.7305 0.0000e+00
       2410      1.382    15.7007   3.910400    51.6476    30.9889    22.7306 0.0000e+00
       2412      1.382    15.7007   3.910380    51.6533    30.9887    22.7305 0.0000e+00
       2414      1.382    15.7010   3.910325    51.6571    30.9880    22.7298 0.0000e+00
       2416      1.379    15.7014   3.910289    51.6552    30.9873    22.7293 0.0000e+00
       2418      1.378    15.7022   3.910260    51.6514    30.9865    22.7285 0.0000e+00
       2420      1.378    15.7029   3.910203    51.6533    30.9854    22.7275 0.0000e+00
       2422      1.378    15.7039   3.910208    51.6533    30.9847    22.7267 0.0000e+00
       2424      1.377    15.7052   3.910244    51.6533    30.9839    22.7259 0.0000e+00
       2426      1.376    15.7063   3.910278    51.6513    30.9834    22.7252 0.0000e+00
       2428      1.377    15.7075   3.910324    51.6504    30.9829    22.7246 0.0000e+00
       2430      1.381    15.7083   3.910394    51.6513    30.9828    22.7243 0.0000e+00
       2432      1.382    15.7094   3.910465    51.6523    30.9827    22.7240 0.0000e+00
       2434      1.385    15.7101   3.910545    51.6523    30.9828    22.7238 0.0000e+00
       2436      1.385    15.7109   3.910609    51.6513    30.9828    22.7237 0.0000e+00
       2438      1.385    15.7112   3.910680    51.6533    30.9832    22.7240 0.0000e+00
       2440      1.383    15.7115   3.910773    51.6552    30.9836    22.7242 0.0000e+00
       2442      1.384    15.7120   3.910832    51.6495    30.9838    22.7243 0.0000e+00
       2444      1.385    15.7121   3.910889    51.6523    30.9843    22.7246 0.0000e+00
       2446      1.386    15.7121   3.910941    51.6523    30.9847    22.7249 0.0000e+00
       2448      1.385    15.7122   3.911038    51.6513    30.9855    22.7255 0.0000e+00
       2450      1.384    15.7125   3.911093    51.6533    30.9858    22.7257 0.0000e+00
       2452      1.384    15.7126   3.911112    51.6523    30.9858    22.7257 0.0000e+00
       2454      1.384    15.7128   3.911147    51.6552    30.9860    22.7257 0.0000e+00
       2456      1.384    15.7130   3.911157    51.6533    30.9860    22.7257 0.0000e+00
       2458      1.384    15.7136   3.911146    51.6514    30.9853    22.7251 0.0000e+00
       2460      1.384    15.7140   3.911109    51.6523    30.9847    22.7245 0.0000e+00
       2462      1.383    15.7147   3.911114    51.6333    30.9842    22.7240 0.0000e+00
       2464      1.385    15.7155   3.911150    51.6247    30.9839    22.7236 0.0000e+00
       2466      1.386    15.7166   3.911161    51.6275    30.9832    22.7227 0.0000e+00
       2468      1.385    15.7174   3.911173    51.6218    30.9826    22.7221 0.0000e+00
       2470      1.386    15.7184   3.911213    51.6247    30.9822    22.7216 0.0000e+00
       2472      1.387    15.7193   3.911294    51.6227    30.9822    22.7214 0.0000e+00
       2474      1.388    15.7202   3.911383    51.6218    30.9823    22.7212 0.0000e+00
       2476      1.388    15.7207   3.911494    51.6218    30.9828    22.7216 0.0000e+00
       2478      1.386    15.7212   3.911585    51.6227    30.9833    22.7219 0.0000e+00
       2480      1.385    15.7215   3.911688    51.6495    30.9840    22.7223 0.0000e+00
       2482      1.386    15.7217   3.911810    51.6542    30.9849    22.7230 0.0000e+00
       2484      1.386    15.7217   3.911882    51.6513    30.9855    22.7234 0.0000e+00
       2486      1.386    15.7216   3.911948    51.6523    30.9862    22.7239 0.0000e+00
       2488      1.387    15.7218   3.911999    51.6513    30.9865    22.7242 0.0000e+00
       2490      1.388    15.7219   3.912092    51.6523    30.9872    22.7248 0.0000e+00
       2492      1.388    15.7220   3.912173    51.6523    30.9879    22.7251 0.0000e+00
       2494      1.388    15.7220   3.912248    51.6504    30.9885    22.7257 0.0000e+00
       2496      1.388    15.7221   3.912373    51.6409    30.9895    22.7264 0.0000e+00
       2498      1.387    15.7222   3.912478    51.5913    30.9903    22.7270 0.0000e+00
       2500      1.386    15.7221   3.912607    51.5913    30.9916    22.7280 0.0000e+00
       2502      1.384    15.7221   3.912713    51.5923    30.9925    22.7287 0.0000e+00
       2504      1.382    15.7218   3.912798    51.5894    30.9935    22.7296 0.0000e+00
       2506      1.381    15.7218   3.912883    51.5923    30.9943    22.7302 0.0000e+00
       2508      1.380    15.7215   3.912915    51.5932    30.9948    22.7306 0.0000e+00
       2510      1.379    15.7212   3.912944    51.5913    30.9952    22.7310 0.0000e+00
       2512      1.379    15.7212   3.912945    51.5960    30.9952    22.7311 0.0000e+00
       2514      1.379    15.7211   3.912922    51.5780    30.9952    22.7310 0.0000e+00
       2516      1.380    15.7212   3.912872    51.5618    30.9946    22.7306 0.0000e+00
