Datasets/AZMP/TEL211/tel211_2020_004.cnv
* Sea-Bird SBE25plus Data File
* Filename = tel211_2020_004
* Software Version AquireV2 AF V2.0
* System UpLoad Time = Aug 04 2020 17:42:24
** VESSEL/TRIP/SEQ STN: tel211_2020_004
** LATITUDE: 47 50.93 N
** LONGITUDE: 53 53.75 W
** DATE/TIME: 2020-08-04 17:27
** SOUNDING DEPTH (M): 0082
** PROBE TYPE: S1101
** CTD NUMBER:    
** COMMENTS (14 CHAR): Bull Arm # 3
# nquan = 8
# nvalues = 7841                        
# units = specified
# name 0 = scan: Scan Count
# name 1 = prdM: Pressure, Strain Gauge [db]
# name 2 = t090C: Temperature [ITS-90, deg C]
# name 3 = c0S/m: Conductivity [S/m]
# name 4 = flECO-AFL: Fluorescence, WET Labs ECO-AFL/FL [mg/m^3]
# name 5 = sal00: Salinity, Practical [PSU]
# name 6 = sigma-t00: Density [sigma-t, kg/m^3 ]
# name 7 = flag: flag
# span 0 =          2,      15682       
# span 1 =      0.095,     83.624       
# span 2 =     0.2361,    25.4785       
# span 3 =  -0.013752,   4.414398       
# span 4 =    -0.1387,    55.9153       
# span 5 =     0.0000,    34.3209       
# span 6 =    -3.0672,    27.0530       
# span 7 = 0.0000e+00, 0.0000e+00       
# interval = scans: 2                   
# start_time = Aug 04 2020 17:27:32 [Instrument's time stamp, header]
# bad_flag = -9.990e-29
*END*
[from data line 6113]
      12228     75.824     0.2476   2.738647    48.0741    32.5052    26.0806 0.0000e+00
      12230     75.769     0.2476   2.738633    48.0741    32.5050    26.0805 0.0000e+00
      12232     75.714     0.2476   2.738649    48.0741    32.5053    26.0807 0.0000e+00
      12234     75.661     0.2476   2.738632    48.0751    32.5051    26.0806 0.0000e+00
      12236     75.607     0.2477   2.738638    48.0769    32.5051    26.0806 0.0000e+00
      12238     75.555     0.2478   2.738649    48.0751    32.5052    26.0807 0.0000e+00
      12240     75.505     0.2476   2.738657    48.2076    32.5055    26.0809 0.0000e+00
      12242     75.453     0.2476   2.738649    48.2238    32.5054    26.0808 0.0000e+00
      12244     75.399     0.2477   2.738640    48.2238    32.5053    26.0806 0.0000e+00
      12246     75.344     0.2477   2.738650    48.2248    32.5054    26.0808 0.0000e+00
      12248     75.287     0.2478   2.738659    48.2248    32.5055    26.0809 0.0000e+00
      12250     75.230     0.2476   2.738665    48.2220    32.5057    26.0811 0.0000e+00
      12252     75.172     0.2477   2.738675    48.2248    32.5058    26.0812 0.0000e+00
      12254     75.114     0.2477   2.738665    48.2258    32.5057    26.0811 0.0000e+00
      12256     75.055     0.2476   2.738653    48.2276    32.5057    26.0810 0.0000e+00
      12258     74.999     0.2479   2.738641    48.2849    32.5053    26.0807 0.0000e+00
      12260     74.943     0.2478   2.738652    48.2867    32.5056    26.0810 0.0000e+00
      12262     74.886     0.2479   2.738637    48.2867    32.5054    26.0808 0.0000e+00
      12264     74.830     0.2479   2.738649    48.2858    32.5055    26.0809 0.0000e+00
      12266     74.773     0.2478   2.738656    48.2839    32.5057    26.0810 0.0000e+00
      12268     74.715     0.2478   2.738666    48.2849    32.5059    26.0812 0.0000e+00
      12270     74.656     0.2478   2.738652    48.2877    32.5057    26.0811 0.0000e+00
      12272     74.596     0.2479   2.738662    48.2858    32.5058    26.0812 0.0000e+00
      12274     74.535     0.2479   2.738671    48.2544    32.5059    26.0812 0.0000e+00
      12276     74.474     0.2479   2.738658    48.1943    32.5058    26.0811 0.0000e+00
      12278     74.412     0.2479   2.738648    48.1962    32.5057    26.0810 0.0000e+00
      12280     74.350     0.2480   2.738658    48.1962    32.5057    26.0810 0.0000e+00
      12282     74.287     0.2481   2.738642    48.1953    32.5055    26.0808 0.0000e+00
      12284     74.224     0.2480   2.738642    48.1953    32.5057    26.0810 0.0000e+00
      12286     74.162     0.2483   2.738637    48.1962    32.5054    26.0808 0.0000e+00
      12288     74.100     0.2481   2.738637    48.1953    32.5055    26.0809 0.0000e+00
      12290     74.037     0.2482   2.738637    48.1943    32.5054    26.0808 0.0000e+00
      12292     73.971     0.2482   2.738621    48.1189    32.5053    26.0807 0.0000e+00
      12294     73.904     0.2483   2.738608    48.0760    32.5051    26.0806 0.0000e+00
      12296     73.837     0.2484   2.738602    48.0731    32.5050    26.0804 0.0000e+00
      12298     73.767     0.2482   2.738619    48.0741    32.5054    26.0808 0.0000e+00
      12300     73.698     0.2482   2.738602    48.0760    32.5052    26.0806 0.0000e+00
      12302     73.627     0.2481   2.738575    48.0741    32.5050    26.0804 0.0000e+00
      12304     73.558     0.2483   2.738567    48.0769    32.5048    26.0802 0.0000e+00
      12306     73.488     0.2483   2.738568    48.0751    32.5049    26.0803 0.0000e+00
      12308     73.415     0.2482   2.738555    48.0760    32.5048    26.0802 0.0000e+00
      12310     73.342     0.2481   2.738541    48.0751    32.5046    26.0802 0.0000e+00
      12312     73.270     0.2482   2.738518    48.0760    32.5044    26.0799 0.0000e+00
      12314     73.197     0.2481   2.738520    48.0751    32.5045    26.0801 0.0000e+00
      12316     73.123     0.2484   2.738492    48.0751    32.5040    26.0796 0.0000e+00
      12318     73.047     0.2483   2.738488    48.0751    32.5040    26.0797 0.0000e+00
      12320     72.972     0.2484   2.738518    48.0760    32.5044    26.0799 0.0000e+00
      12322     72.897     0.2483   2.738481    48.0751    32.5040    26.0797 0.0000e+00
      12324     72.821     0.2485   2.738481    48.0751    32.5039    26.0795 0.0000e+00
      12326     72.745     0.2485   2.738479    48.0922    32.5039    26.0795 0.0000e+00
      12328     72.669     0.2485   2.738469    48.1656    32.5037    26.0794 0.0000e+00
      12330     72.596     0.2484   2.738471    48.1628    32.5040    26.0796 0.0000e+00
      12332     72.523     0.2485   2.738497    48.1628    32.5042    26.0799 0.0000e+00
      12334     72.448     0.2484   2.738497    48.1647    32.5044    26.0799 0.0000e+00
      12336     72.374     0.2485   2.738498    48.1647    32.5043    26.0799 0.0000e+00
      12338     72.301     0.2483   2.738488    48.1647    32.5045    26.0800 0.0000e+00
      12340     72.229     0.2485   2.738478    48.1637    32.5041    26.0797 0.0000e+00
      12342     72.157     0.2483   2.738450    48.1628    32.5040    26.0797 0.0000e+00
      12344     72.084     0.2483   2.738443    48.1151    32.5040    26.0796 0.0000e+00
      12346     72.013     0.2483   2.738411    48.0550    32.5036    26.0793 0.0000e+00
      12348     71.941     0.2483   2.738425    48.0541    32.5039    26.0795 0.0000e+00
      12350     71.869     0.2483   2.738422    48.0550    32.5039    26.0795 0.0000e+00
      12352     71.797     0.2484   2.738388    48.0550    32.5033    26.0791 0.0000e+00
      12354     71.727     0.2483   2.738404    48.0550    32.5037    26.0793 0.0000e+00
      12356     71.656     0.2484   2.738400    48.0559    32.5036    26.0793 0.0000e+00
      12358     71.588     0.2483   2.738409    48.0541    32.5038    26.0795 0.0000e+00
      12360     71.519     0.2484   2.738413    48.0559    32.5039    26.0795 0.0000e+00
      12362     71.451     0.2484   2.738390    48.0293    32.5036    26.0793 0.0000e+00
      12364     71.383     0.2483   2.738404    48.0245    32.5039    26.0795 0.0000e+00
      12366     71.316     0.2484   2.738386    48.0226    32.5036    26.0793 0.0000e+00
      12368     71.251     0.2485   2.738377    48.0255    32.5034    26.0792 0.0000e+00
      12370     71.186     0.2485   2.738378    48.0245    32.5035    26.0793 0.0000e+00
      12372     71.122     0.2484   2.738343    48.0264    32.5032    26.0789 0.0000e+00
      12374     71.059     0.2485   2.738340    48.0216    32.5029    26.0787 0.0000e+00
      12376     70.994     0.2483   2.738344    48.0255    32.5033    26.0791 0.0000e+00
      12378     70.932     0.2489   2.738362    48.0264    32.5029    26.0787 0.0000e+00
      12380     70.870     0.2494   2.738354    47.9635    32.5024    26.0783 0.0000e+00
      12382     70.809     0.2496   2.738358    47.9616    32.5022    26.0781 0.0000e+00
      12384     70.749     0.2498   2.738370    47.9635    32.5022    26.0781 0.0000e+00
      12386     70.689     0.2499   2.738367    47.9626    32.5021    26.0780 0.0000e+00
      12388     70.631     0.2496   2.738355    47.9616    32.5022    26.0781 0.0000e+00
      12390     70.570     0.2496   2.738344    47.9626    32.5022    26.0781 0.0000e+00
      12392     70.509     0.2499   2.738333    47.9644    32.5018    26.0778 0.0000e+00
      12394     70.449     0.2500   2.738326    47.9635    32.5016    26.0776 0.0000e+00
      12396     70.388     0.2501   2.738349    48.0036    32.5018    26.0778 0.0000e+00
      12398     70.328     0.2502   2.738353    48.1065    32.5018    26.0778 0.0000e+00
      12400     70.269     0.2500   2.738357    48.1037    32.5020    26.0780 0.0000e+00
      12402     70.212     0.2496   2.738338    48.1046    32.5023    26.0782 0.0000e+00
      12404     70.153     0.2495   2.738343    48.1037    32.5024    26.0783 0.0000e+00
      12406     70.093     0.2494   2.738341    48.1065    32.5027    26.0785 0.0000e+00
      12408     70.031     0.2491   2.738348    48.1094    32.5031    26.0789 0.0000e+00
      12410     69.970     0.2490   2.738305    48.1055    32.5027    26.0786 0.0000e+00
      12412     69.909     0.2487   2.738253    48.1065    32.5024    26.0782 0.0000e+00
      12414     69.846     0.2485   2.738255    48.0798    32.5025    26.0785 0.0000e+00
      12416     69.781     0.2485   2.738251    48.0569    32.5025    26.0785 0.0000e+00
      12418     69.715     0.2485   2.738220    48.0559    32.5022    26.0782 0.0000e+00
      12420     69.650     0.2485   2.738233    48.0569    32.5024    26.0784 0.0000e+00
      12422     69.584     0.2485   2.738252    48.0559    32.5027    26.0786 0.0000e+00
      12424     69.520     0.2487   2.738265    48.0559    32.5027    26.0786 0.0000e+00
      12426     69.456     0.2486   2.738260    48.0541    32.5027    26.0786 0.0000e+00
      12428     69.389     0.2486   2.738253    48.0550    32.5027    26.0786 0.0000e+00
      12430     69.322     0.2484   2.738270    48.0550    32.5032    26.0790 0.0000e+00
      12432     69.255     0.2485   2.738237    48.0273    32.5027    26.0786 0.0000e+00
      12434     69.188     0.2485   2.738231    48.0236    32.5027    26.0786 0.0000e+00
      12436     69.121     0.2484   2.738225    48.0236    32.5027    26.0787 0.0000e+00
      12438     69.056     0.2485   2.738212    48.0255    32.5025    26.0785 0.0000e+00
      12440     68.991     0.2486   2.738208    48.0245    32.5024    26.0783 0.0000e+00
      12442     68.928     0.2485   2.738218    48.0226    32.5027    26.0786 0.0000e+00
      12444     68.866     0.2487   2.738196    48.0245    32.5022    26.0781 0.0000e+00
      12446     68.805     0.2485   2.738203    48.0245    32.5025    26.0784 0.0000e+00
      12448     68.743     0.2489   2.738221    48.0236    32.5024    26.0784 0.0000e+00
      12450     68.681     0.2490   2.738221    48.0579    32.5023    26.0782 0.0000e+00
      12452     68.620     0.2489   2.738226    48.0541    32.5025    26.0785 0.0000e+00
      12454     68.561     0.2487   2.738179    48.0521    32.5021    26.0781 0.0000e+00
      12456     68.499     0.2488   2.738204    48.0550    32.5024    26.0784 0.0000e+00
      12458     68.436     0.2486   2.738214    48.0569    32.5027    26.0786 0.0000e+00
      12460     68.374     0.2485   2.738203    48.0579    32.5027    26.0786 0.0000e+00
      12462     68.311     0.2483   2.738218    48.0541    32.5033    26.0791 0.0000e+00
      12464     68.248     0.2483   2.738225    48.0579    32.5034    26.0791 0.0000e+00
      12466     68.185     0.2483   2.738198    48.0550    32.5030    26.0788 0.0000e+00
      12468     68.124     0.2485   2.738210    48.0569    32.5030    26.0789 0.0000e+00
      12470     68.061     0.2484   2.738203    48.0559    32.5031    26.0789 0.0000e+00
      12472     67.999     0.2484   2.738201    48.0550    32.5031    26.0789 0.0000e+00
      12474     67.935     0.2484   2.738199    48.0559    32.5031    26.0789 0.0000e+00
      12476     67.874     0.2485   2.738205    48.0550    32.5031    26.0789 0.0000e+00
      12478     67.814     0.2484   2.738199    48.0541    32.5031    26.0789 0.0000e+00
      12480     67.754     0.2485   2.738186    48.0550    32.5028    26.0787 0.0000e+00
      12482     67.692     0.2483   2.738185    48.0550    32.5031    26.0789 0.0000e+00
      12484     67.632     0.2485   2.738167    48.1495    32.5027    26.0786 0.0000e+00
      12486     67.569     0.2483   2.738187    48.2248    32.5032    26.0790 0.0000e+00
      12488     67.507     0.2484   2.738166    48.2238    32.5029    26.0787 0.0000e+00
      12490     67.445     0.2483   2.738188    48.2267    32.5033    26.0791 0.0000e+00
      12492     67.383     0.2483   2.738164    48.2238    32.5031    26.0789 0.0000e+00
      12494     67.322     0.2483   2.738148    48.2258    32.5029    26.0787 0.0000e+00
      12496     67.261     0.2483   2.738138    48.2258    32.5028    26.0787 0.0000e+00
      12498     67.200     0.2482   2.738134    48.2258    32.5029    26.0787 0.0000e+00
      12500     67.137     0.2483   2.738162    48.2238    32.5032    26.0790 0.0000e+00
      12502     67.074     0.2482   2.738126    48.1418    32.5028    26.0787 0.0000e+00
      12504     67.013     0.2481   2.738125    48.1342    32.5029    26.0787 0.0000e+00
      12506     66.952     0.2481   2.738123    48.1351    32.5028    26.0787 0.0000e+00
      12508     66.893     0.2483   2.738129    48.1342    32.5028    26.0787 0.0000e+00
      12510     66.832     0.2482   2.738103    48.1342    32.5027    26.0786 0.0000e+00
      12512     66.769     0.2481   2.738118    48.1351    32.5029    26.0787 0.0000e+00
      12514     66.709     0.2484   2.738100    48.1342    32.5025    26.0784 0.0000e+00
      12516     66.648     0.2483   2.738099    48.1360    32.5026    26.0786 0.0000e+00
      12518     66.588     0.2484   2.738093    48.1132    32.5024    26.0784 0.0000e+00
      12520     66.530     0.2484   2.738077    47.9930    32.5023    26.0783 0.0000e+00
      12522     66.471     0.2484   2.738113    47.9930    32.5028    26.0787 0.0000e+00
      12524     66.412     0.2483   2.738092    47.9921    32.5027    26.0786 0.0000e+00
      12526     66.352     0.2485   2.738092    47.9930    32.5024    26.0784 0.0000e+00
      12528     66.290     0.2484   2.738074    47.9921    32.5024    26.0784 0.0000e+00
      12530     66.228     0.2485   2.738088    47.9959    32.5024    26.0784 0.0000e+00
      12532     66.168     0.2485   2.738072    47.9930    32.5024    26.0783 0.0000e+00
      12534     66.108     0.2485   2.738072    47.9930    32.5024    26.0784 0.0000e+00
      12536     66.047     0.2485   2.738061    48.0178    32.5023    26.0782 0.0000e+00
      12538     65.983     0.2485   2.738059    48.0531    32.5022    26.0782 0.0000e+00
      12540     65.921     0.2485   2.738058    48.0541    32.5023    26.0782 0.0000e+00
      12542     65.858     0.2485   2.738055    48.0521    32.5022    26.0782 0.0000e+00
      12544     65.792     0.2487   2.738039    48.0541    32.5019    26.0779 0.0000e+00
      12546     65.727     0.2485   2.738041    48.0531    32.5022    26.0782 0.0000e+00
      12548     65.661     0.2486   2.738033    48.0531    32.5019    26.0780 0.0000e+00
      12550     65.597     0.2486   2.738024    48.0559    32.5019    26.0780 0.0000e+00
      12552     65.535     0.2487   2.738011    48.0531    32.5016    26.0778 0.0000e+00
      12554     65.472     0.2487   2.738014    48.0341    32.5018    26.0778 0.0000e+00
      12556     65.410     0.2488   2.738008    48.0226    32.5016    26.0777 0.0000e+00
      12558     65.347     0.2488   2.737996    48.0226    32.5015    26.0776 0.0000e+00
      12560     65.285     0.2487   2.737991    48.0236    32.5016    26.0776 0.0000e+00
      12562     65.224     0.2490   2.737991    48.0245    32.5013    26.0774 0.0000e+00
      12564     65.162     0.2488   2.737998    48.0245    32.5016    26.0777 0.0000e+00
      12566     65.100     0.2488   2.737967    48.0245    32.5012    26.0774 0.0000e+00
      12568     65.037     0.2488   2.737961    48.0236    32.5012    26.0774 0.0000e+00
      12570     64.977     0.2486   2.737975    48.0226    32.5016    26.0777 0.0000e+00
      12572     64.916     0.2487   2.737997    48.0521    32.5019    26.0778 0.0000e+00
      12574     64.854     0.2486   2.737970    48.0541    32.5016    26.0778 0.0000e+00
      12576     64.791     0.2488   2.737971    48.0550    32.5015    26.0776 0.0000e+00
      12578     64.727     0.2488   2.737954    48.0541    32.5014    26.0774 0.0000e+00
      12580     64.662     0.2488   2.737958    48.0541    32.5014    26.0776 0.0000e+00
      12582     64.598     0.2488   2.737934    48.0531    32.5011    26.0772 0.0000e+00
      12584     64.535     0.2488   2.737915    48.0550    32.5010    26.0772 0.0000e+00
