Datasets/AZMP/TEL211/tel211_2020_003.cnv
* Sea-Bird SBE25plus Data File
* Filename = tel211_2020_003
* Software Version AquireV2 AF V2.0
* System UpLoad Time = Aug 04 2020 14:05:55
** VESSEL/TRIP/SEQ STN: tel211_2020_003
** LATITUDE: 45 50.93 N
** LONGITUDE: 53 53.74 W
** DATE/TIME: 2020-08-04 13:53
** SOUNDING DEPTH (M): 0083
** PROBE TYPE: S1101
** CTD NUMBER:    
** COMMENTS (14 CHAR): Bull arm #2
# nquan = 8
# nvalues = 6735                        
# units = specified
# name 0 = scan: Scan Count
# name 1 = prdM: Pressure, Strain Gauge [db]
# name 2 = t090C: Temperature [ITS-90, deg C]
# name 3 = c0S/m: Conductivity [S/m]
# name 4 = flECO-AFL: Fluorescence, WET Labs ECO-AFL/FL [mg/m^3]
# name 5 = sal00: Salinity, Practical [PSU]
# name 6 = sigma-t00: Density [sigma-t, kg/m^3 ]
# name 7 = flag: flag
# span 0 =          2,      13469       
# span 1 =      0.084,     83.221       
# span 2 =     0.2344,    20.6732       
# span 3 =  -0.002217,   4.175465       
# span 4 =    -0.1387,    58.6286       
# span 5 =     0.0000,    36.0827       
# span 6 =    -1.9276,    28.0255       
# span 7 = 0.0000e+00, 0.0000e+00       
# interval = scans: 2                   
# start_time = Aug 04 2020 13:53:22 [Instrument's time stamp, header]
# bad_flag = -9.990e-29
*END*
[from data line 5574]
      11150     59.284     0.2538   2.737806    48.3153    32.4972    26.0739 0.0000e+00
      11152     59.216     0.2539   2.737829    48.3135    32.4975    26.0741 0.0000e+00
      11154     59.150     0.2540   2.737836    48.3144    32.4976    26.0741 0.0000e+00
      11156     59.084     0.2541   2.737835    48.3144    32.4973    26.0740 0.0000e+00
      11158     59.019     0.2542   2.737827    48.3153    32.4972    26.0739 0.0000e+00
      11160     58.953     0.2543   2.737825    48.3144    32.4971    26.0738 0.0000e+00
      11162     58.886     0.2542   2.737819    48.3144    32.4971    26.0739 0.0000e+00
      11164     58.821     0.2547   2.737840    48.3135    32.4969    26.0737 0.0000e+00
      11166     58.758     0.2547   2.737818    48.3135    32.4967    26.0735 0.0000e+00
      11168     58.695     0.2551   2.737811    48.3144    32.4963    26.0731 0.0000e+00
      11170     58.630     0.2551   2.737797    48.3153    32.4962    26.0730 0.0000e+00
      11172     58.566     0.2552   2.737786    48.3144    32.4959    26.0727 0.0000e+00
      11174     58.505     0.2552   2.737774    48.3221    32.4957    26.0726 0.0000e+00
      11176     58.443     0.2553   2.737764    48.3449    32.4955    26.0725 0.0000e+00
      11178     58.382     0.2564   2.737773    48.3459    32.4945    26.0716 0.0000e+00
      11180     58.320     0.2601   2.737763    48.3459    32.4905    26.0681 0.0000e+00
      11182     58.259     0.2642   2.737776    48.3440    32.4864    26.0646 0.0000e+00
      11184     58.199     0.2682   2.737781    48.3459    32.4823    26.0612 0.0000e+00
      11186     58.139     0.2720   2.737762    48.3421    32.4780    26.0575 0.0000e+00
      11188     58.078     0.2780   2.737754    48.3430    32.4716    26.0521 0.0000e+00
      11190     58.017     0.2871   2.737790    48.3440    32.4626    26.0443 0.0000e+00
      11192     57.956     0.2946   2.737817    48.3582    32.4549    26.0378 0.0000e+00
      11194     57.894     0.2985   2.737836    48.3745    32.4511    26.0345 0.0000e+00
      11196     57.832     0.2978   2.737820    48.3726    32.4517    26.0350 0.0000e+00
      11198     57.770     0.2934   2.737781    48.3745    32.4559    26.0386 0.0000e+00
      11200     57.710     0.2873   2.737759    48.3755    32.4622    26.0440 0.0000e+00
      11202     57.651     0.2834   2.737719    48.3736    32.4657    26.0470 0.0000e+00
      11204     57.591     0.2797   2.737715    48.3765    32.4697    26.0504 0.0000e+00
      11206     57.530     0.2758   2.737659    48.3755    32.4731    26.0534 0.0000e+00
      11208     57.468     0.2726   2.737668    48.3745    32.4766    26.0563 0.0000e+00
      11210     57.406     0.2706   2.737648    48.3745    32.4784    26.0579 0.0000e+00
      11212     57.345     0.2698   2.737625    48.3745    32.4791    26.0585 0.0000e+00
      11214     57.284     0.2702   2.737636    48.3736    32.4787    26.0582 0.0000e+00
      11216     57.222     0.2754   2.737643    48.3736    32.4734    26.0536 0.0000e+00
      11218     57.159     0.2810   2.737660    48.3745    32.4678    26.0489 0.0000e+00
      11220     57.097     0.2852   2.737646    48.3755    32.4633    26.0450 0.0000e+00
      11222     57.037     0.2879   2.737633    48.3755    32.4602    26.0423 0.0000e+00
      11224     56.977     0.2892   2.737639    48.3726    32.4590    26.0412 0.0000e+00
      11226     56.915     0.2870   2.737630    48.3745    32.4612    26.0432 0.0000e+00
      11228     56.853     0.2807   2.737630    48.4022    32.4678    26.0489 0.0000e+00
      11230     56.790     0.2752   2.737627    48.4041    32.4736    26.0538 0.0000e+00
      11232     56.729     0.2714   2.737638    48.4041    32.4778    26.0574 0.0000e+00
      11234     56.668     0.2690   2.737630    48.4022    32.4804    26.0596 0.0000e+00
      11236     56.606     0.2670   2.737625    48.4013    32.4824    26.0614 0.0000e+00
      11238     56.543     0.2658   2.737670    48.4051    32.4843    26.0630 0.0000e+00
      11240     56.481     0.2647   2.737712    48.4031    32.4860    26.0643 0.0000e+00
      11242     56.419     0.2645   2.737730    48.4031    32.4866    26.0648 0.0000e+00
      11244     56.358     0.2652   2.737777    48.6930    32.4865    26.0647 0.0000e+00
      11246     56.296     0.2658   2.737782    49.2242    32.4859    26.0642 0.0000e+00
      11248     56.236     0.2660   2.737840    49.2156    32.4865    26.0647 0.0000e+00
      11250     56.176     0.2660   2.737899    49.2156    32.4873    26.0654 0.0000e+00
      11252     56.117     0.2658   2.737917    49.2147    32.4878    26.0657 0.0000e+00
      11254     56.058     0.2657   2.737899    49.2156    32.4877    26.0656 0.0000e+00
      11256     55.998     0.2652   2.737926    49.2166    32.4886    26.0664 0.0000e+00
      11258     55.935     0.2648   2.737954    49.2128    32.4895    26.0671 0.0000e+00
      11260     55.874     0.2642   2.737980    49.2156    32.4904    26.0680 0.0000e+00
      11262     55.813     0.2638   2.738038    49.0507    32.4917    26.0690 0.0000e+00
      11264     55.752     0.2630   2.738052    48.9153    32.4927    26.0698 0.0000e+00
      11266     55.692     0.2622   2.738070    48.9153    32.4938    26.0708 0.0000e+00
      11268     55.633     0.2616   2.738086    48.9163    32.4948    26.0716 0.0000e+00
      11270     55.573     0.2613   2.738093    48.9162    32.4951    26.0718 0.0000e+00
      11272     55.511     0.2617   2.738073    48.9163    32.4945    26.0714 0.0000e+00
      11274     55.450     0.2617   2.738067    48.9163    32.4945    26.0712 0.0000e+00
      11276     55.388     0.2616   2.738085    48.9134    32.4948    26.0716 0.0000e+00
      11278     55.326     0.2619   2.738107    48.9124    32.4949    26.0716 0.0000e+00
      11280     55.263     0.2619   2.738136    48.3611    32.4954    26.0720 0.0000e+00
      11282     55.201     0.2617   2.738167    48.3144    32.4960    26.0725 0.0000e+00
      11284     55.139     0.2623   2.738193    48.3163    32.4956    26.0722 0.0000e+00
      11286     55.078     0.2624   2.738207    48.3135    32.4958    26.0724 0.0000e+00
      11288     55.014     0.2624   2.738226    48.3144    32.4961    26.0726 0.0000e+00
      11290     54.951     0.2627   2.738262    48.3125    32.4963    26.0727 0.0000e+00
      11292     54.889     0.2629   2.738301    48.3135    32.4967    26.0730 0.0000e+00
      11294     54.825     0.2630   2.738396    48.3144    32.4979    26.0739 0.0000e+00
      11296     54.761     0.2631   2.738482    48.3259    32.4989    26.0748 0.0000e+00
      11298     54.697     0.2636   2.738563    48.4365    32.4994    26.0752 0.0000e+00
      11300     54.633     0.2650   2.738628    48.4317    32.4988    26.0746 0.0000e+00
      11302     54.573     0.2659   2.738645    48.4327    32.4981    26.0740 0.0000e+00
      11304     54.511     0.2666   2.738649    48.4337    32.4974    26.0735 0.0000e+00
      11306     54.448     0.2672   2.738657    48.4337    32.4970    26.0731 0.0000e+00
      11308     54.385     0.2675   2.738661    48.4308    32.4967    26.0729 0.0000e+00
      11310     54.323     0.2676   2.738668    48.4346    32.4967    26.0729 0.0000e+00
      11312     54.260     0.2673   2.738717    48.4327    32.4977    26.0736 0.0000e+00
      11314     54.198     0.2669   2.738722    48.4728    32.4982    26.0741 0.0000e+00
      11316     54.136     0.2666   2.738748    48.5242    32.4990    26.0747 0.0000e+00
      11318     54.073     0.2662   2.738748    48.5242    32.4994    26.0751 0.0000e+00
      11320     54.009     0.2658   2.738786    48.5242    32.5003    26.0759 0.0000e+00
      11322     53.945     0.2662   2.738754    48.5233    32.4996    26.0752 0.0000e+00
      11324     53.882     0.2664   2.738750    48.5242    32.4994    26.0750 0.0000e+00
      11326     53.820     0.2666   2.738742    48.5251    32.4991    26.0748 0.0000e+00
      11328     53.757     0.2669   2.738760    48.5242    32.4990    26.0748 0.0000e+00
      11330     53.694     0.2669   2.738761    48.5281    32.4991    26.0748 0.0000e+00
      11332     53.630     0.2670   2.738789    48.4069    32.4994    26.0750 0.0000e+00
      11334     53.566     0.2672   2.738795    48.3478    32.4993    26.0749 0.0000e+00
      11336     53.504     0.2677   2.738773    48.3430    32.4986    26.0742 0.0000e+00
      11338     53.442     0.2679   2.738759    48.3430    32.4981    26.0740 0.0000e+00
      11340     53.380     0.2681   2.738733    48.3430    32.4976    26.0735 0.0000e+00
      11342     53.317     0.2682   2.738722    48.3440    32.4974    26.0734 0.0000e+00
      11344     53.257     0.2685   2.738735    48.3440    32.4973    26.0733 0.0000e+00
      11346     53.195     0.2686   2.738720    48.3440    32.4970    26.0730 0.0000e+00
      11348     53.133     0.2688   2.738711    48.3440    32.4967    26.0727 0.0000e+00
      11350     53.072     0.2691   2.738734    48.3726    32.4968    26.0728 0.0000e+00
      11352     53.008     0.2693   2.738713    48.3745    32.4962    26.0724 0.0000e+00
      11354     52.945     0.2697   2.738722    48.3726    32.4960    26.0721 0.0000e+00
      11356     52.884     0.2698   2.738713    48.3726    32.4958    26.0720 0.0000e+00
      11358     52.823     0.2702   2.738692    48.3716    32.4952    26.0715 0.0000e+00
      11360     52.762     0.2703   2.738696    48.3726    32.4951    26.0714 0.0000e+00
      11362     52.703     0.2704   2.738691    48.3736    32.4950    26.0712 0.0000e+00
      11364     52.643     0.2707   2.738634    48.3736    32.4939    26.0704 0.0000e+00
      11366     52.582     0.2712   2.738592    48.3736    32.4930    26.0697 0.0000e+00
      11368     52.520     0.2712   2.738590    48.3736    32.4930    26.0697 0.0000e+00
      11370     52.459     0.2714   2.738585    48.3726    32.4926    26.0693 0.0000e+00
      11372     52.397     0.2716   2.738618    48.3717    32.4930    26.0697 0.0000e+00
      11374     52.335     0.2720   2.738624    48.3745    32.4927    26.0694 0.0000e+00
      11376     52.271     0.2723   2.738626    48.3726    32.4924    26.0690 0.0000e+00
      11378     52.208     0.2727   2.738604    48.3745    32.4917    26.0684 0.0000e+00
      11380     52.144     0.2733   2.738607    48.3736    32.4911    26.0680 0.0000e+00
      11382     52.079     0.2736   2.738619    48.3726    32.4911    26.0680 0.0000e+00
      11384     52.015     0.2737   2.738624    48.3440    32.4910    26.0679 0.0000e+00
      11386     51.952     0.2741   2.738702    48.3115    32.4917    26.0685 0.0000e+00
      11388     51.889     0.2748   2.738784    48.3125    32.4921    26.0688 0.0000e+00
      11390     51.828     0.2757   2.738776    48.3125    32.4911    26.0679 0.0000e+00
      11392     51.767     0.2766   2.738823    48.3135    32.4907    26.0675 0.0000e+00
      11394     51.707     0.2778   2.738821    48.3125    32.4896    26.0665 0.0000e+00
      11396     51.646     0.2787   2.738779    48.3144    32.4880    26.0652 0.0000e+00
      11398     51.585     0.2792   2.738773    48.3163    32.4874    26.0648 0.0000e+00
      11400     51.523     0.2799   2.738752    48.3144    32.4865    26.0639 0.0000e+00
      11402     51.463     0.2804   2.738748    48.3582    32.4859    26.0635 0.0000e+00
      11404     51.400     0.2809   2.738735    48.3736    32.4853    26.0629 0.0000e+00
      11406     51.338     0.2813   2.738721    48.3726    32.4847    26.0624 0.0000e+00
      11408     51.276     0.2818   2.738696    48.3745    32.4839    26.0618 0.0000e+00
      11410     51.215     0.2819   2.738664    48.3736    32.4834    26.0613 0.0000e+00
      11412     51.152     0.2821   2.738623    48.3736    32.4827    26.0607 0.0000e+00
      11414     51.087     0.2824   2.738605    48.3745    32.4822    26.0603 0.0000e+00
      11416     51.025     0.2823   2.738598    48.3755    32.4822    26.0604 0.0000e+00
      11418     50.963     0.2825   2.738687    48.3755    32.4831    26.0611 0.0000e+00
      11420     50.903     0.2831   2.738693    48.4031    32.4827    26.0607 0.0000e+00
      11422     50.840     0.2833   2.738713    48.4003    32.4828    26.0608 0.0000e+00
      11424     50.778     0.2838   2.738742    48.4013    32.4827    26.0607 0.0000e+00
      11426     50.715     0.2842   2.738706    48.4031    32.4818    26.0600 0.0000e+00
      11428     50.653     0.2851   2.738723    48.4051    32.4811    26.0594 0.0000e+00
      11430     50.590     0.2859   2.738779    48.4031    32.4810    26.0592 0.0000e+00
      11432     50.528     0.2872   2.738841    48.4022    32.4806    26.0588 0.0000e+00
      11434     50.468     0.2884   2.738891    48.4013    32.4798    26.0582 0.0000e+00
      11436     50.407     0.2892   2.738911    48.4136    32.4793    26.0577 0.0000e+00
      11438     50.347     0.2894   2.738904    48.4327    32.4790    26.0575 0.0000e+00
      11440     50.285     0.2899   2.738902    48.4308    32.4786    26.0571 0.0000e+00
      11442     50.222     0.2905   2.738902    48.4289    32.4779    26.0565 0.0000e+00
      11444     50.161     0.2906   2.738926    48.4337    32.4781    26.0567 0.0000e+00
      11446     50.100     0.2912   2.738965    48.4337    32.4781    26.0566 0.0000e+00
      11448     50.037     0.2914   2.738969    48.4337    32.4780    26.0566 0.0000e+00
      11450     49.973     0.2916   2.738957    48.4346    32.4776    26.0562 0.0000e+00
      11452     49.909     0.2918   2.738989    48.4337    32.4780    26.0564 0.0000e+00
      11454     49.846     0.2919   2.739082    48.4994    32.4791    26.0574 0.0000e+00
      11456     49.784     0.2921   2.739224    48.5528    32.4808    26.0587 0.0000e+00
      11458     49.722     0.2924   2.739357    48.5538    32.4822    26.0599 0.0000e+00
      11460     49.660     0.2929   2.739492    48.5547    32.4834    26.0609 0.0000e+00
      11462     49.598     0.2943   2.739574    48.5519    32.4830    26.0605 0.0000e+00
      11464     49.534     0.2953   2.739692    48.5528    32.4836    26.0609 0.0000e+00
      11466     49.470     0.2954   2.739794    48.5538    32.4848    26.0619 0.0000e+00
      11468     49.406     0.2946   2.739837    48.5519    32.4863    26.0631 0.0000e+00
      11470     49.341     0.2941   2.739878    48.5558    32.4874    26.0640 0.0000e+00
      11472     49.277     0.2936   2.739910    48.4489    32.4883    26.0648 0.0000e+00
      11474     49.213     0.2934   2.739981    48.4365    32.4895    26.0658 0.0000e+00
      11476     49.150     0.2929   2.740004    48.4356    32.4904    26.0665 0.0000e+00
      11478     49.088     0.2923   2.740018    48.4346    32.4913    26.0673 0.0000e+00
      11480     49.025     0.2914   2.740027    48.4356    32.4924    26.0682 0.0000e+00
      11482     48.962     0.2903   2.740023    48.4346    32.4935    26.0691 0.0000e+00
      11484     48.900     0.2899   2.739998    48.4317    32.4937    26.0693 0.0000e+00
      11486     48.838     0.2896   2.739965    48.4308    32.4936    26.0692 0.0000e+00
      11488     48.775     0.2897   2.739933    48.4403    32.4930    26.0688 0.0000e+00
      11490     48.713     0.2898   2.739917    48.4918    32.4929    26.0686 0.0000e+00
      11492     48.651     0.2899   2.739921    48.4928    32.4928    26.0685 0.0000e+00
      11494     48.587     0.2899   2.739956    48.4928    32.4933    26.0690 0.0000e+00
      11496     48.523     0.2901   2.739911    48.4947    32.4925    26.0683 0.0000e+00
      11498     48.460     0.2901   2.739904    48.4956    32.4925    26.0683 0.0000e+00
      11500     48.397     0.2905   2.739880    48.4937    32.4917    26.0677 0.0000e+00
      11502     48.335     0.2910   2.739853    48.4947    32.4909    26.0670 0.0000e+00
      11504     48.273     0.2913   2.739831    48.4918    32.4903    26.0665 0.0000e+00
