Datasets/AZMP/TEL211/tel211_2020_002.cnv
* Sea-Bird SBE25plus Data File
* Filename = tel211_2020_002
* Software Version AquireV2 AF V2.0
* System UpLoad Time = Aug 03 2020 18:44:12
** VESSEL/TRIP/SEQ STN: tel211_2020_002
** LATITUDE: 47 50.93 N
** LONGITUDE: 53 53.75 W
** DATE/TIME: 2020-08-03 18:27
** SOUNDING DEPTH (M):  084
** PROBE TYPE: S1101
** CTD NUMBER:    
** COMMENTS (14 CHAR): Sunnyside CTD1
# nquan = 8
# nvalues = 8674                        
# units = specified
# name 0 = scan: Scan Count
# name 1 = prdM: Pressure, Strain Gauge [db]
# name 2 = t090C: Temperature [ITS-90, deg C]
# name 3 = c0S/m: Conductivity [S/m]
# name 4 = flECO-AFL: Fluorescence, WET Labs ECO-AFL/FL [mg/m^3]
# name 5 = sal00: Salinity, Practical [PSU]
# name 6 = sigma-t00: Density [sigma-t, kg/m^3 ]
# name 7 = flag: flag
# span 0 =          2,      17348       
# span 1 =      0.144,     83.500       
# span 2 =     0.2752,    29.2447       
# span 3 =  -0.016610,   4.589669       
# span 4 =    -0.1377,    58.4492       
# span 5 =     0.0000,    35.7801       
# span 6 =    -4.1155,    27.7045       
# span 7 = 0.0000e+00, 0.0000e+00       
# interval = scans: 2                   
# start_time = Aug 03 2020 18:27:53 [Instrument's time stamp, header]
# bad_flag = -9.990e-29
*END*
[from data line 7192]
      14386     61.452     0.3185   2.740410    47.2206    32.4616    26.0420 0.0000e+00
      14388     61.432     0.3187   2.740438    47.2520    32.4617    26.0420 0.0000e+00
      14390     61.411     0.3189   2.740425    47.2539    32.4614    26.0418 0.0000e+00
      14392     61.392     0.3189   2.740430    47.2529    32.4614    26.0418 0.0000e+00
      14394     61.372     0.3191   2.740429    47.2549    32.4613    26.0416 0.0000e+00
      14396     61.352     0.3191   2.740425    47.2539    32.4613    26.0416 0.0000e+00
      14398     61.333     0.3192   2.740411    47.2558    32.4609    26.0414 0.0000e+00
      14400     61.315     0.3194   2.740431    47.2520    32.4611    26.0415 0.0000e+00
      14402     61.297     0.3197   2.740423    47.2539    32.4606    26.0411 0.0000e+00
      14404     61.279     0.3197   2.740438    47.2520    32.4608    26.0412 0.0000e+00
      14406     61.259     0.3202   2.740435    47.2539    32.4603    26.0408 0.0000e+00
      14408     61.239     0.3205   2.740440    47.2520    32.4599    26.0406 0.0000e+00
      14410     61.220     0.3208   2.740445    47.2539    32.4597    26.0403 0.0000e+00
      14412     61.199     0.3213   2.740418    47.2549    32.4590    26.0397 0.0000e+00
      14414     61.179     0.3216   2.740435    47.2549    32.4587    26.0395 0.0000e+00
      14416     61.160     0.3218   2.740429    47.2520    32.4584    26.0393 0.0000e+00
      14418     61.142     0.3222   2.740462    47.2529    32.4586    26.0393 0.0000e+00
      14420     61.122     0.3225   2.740435    47.2549    32.4579    26.0388 0.0000e+00
      14422     61.102     0.3225   2.740453    47.2377    32.4581    26.0390 0.0000e+00
      14424     61.083     0.3226   2.740452    47.2244    32.4581    26.0390 0.0000e+00
      14426     61.063     0.3227   2.740454    47.2244    32.4579    26.0388 0.0000e+00
      14428     61.044     0.3228   2.740451    47.2234    32.4578    26.0386 0.0000e+00
      14430     61.026     0.3230   2.740453    47.2244    32.4577    26.0386 0.0000e+00
      14432     61.008     0.3230   2.740457    47.2224    32.4577    26.0386 0.0000e+00
      14434     60.988     0.3234   2.740444    47.2234    32.4572    26.0382 0.0000e+00
      14436     60.968     0.3234   2.740460    47.2215    32.4573    26.0382 0.0000e+00
      14438     60.947     0.3236   2.740478    47.2234    32.4573    26.0382 0.0000e+00
      14440     60.928     0.3237   2.740478    47.1986    32.4573    26.0382 0.0000e+00
      14442     60.909     0.3239   2.740464    47.1891    32.4569    26.0379 0.0000e+00
      14444     60.889     0.3241   2.740488    47.1967    32.4571    26.0380 0.0000e+00
      14446     60.871     0.3245   2.740499    47.1929    32.4568    26.0378 0.0000e+00
      14448     60.854     0.3246   2.740487    47.1929    32.4566    26.0376 0.0000e+00
      14450     60.837     0.3248   2.740473    47.1910    32.4561    26.0371 0.0000e+00
      14452     60.818     0.3248   2.740479    47.1948    32.4562    26.0373 0.0000e+00
      14454     60.798     0.3250   2.740476    47.1900    32.4560    26.0371 0.0000e+00
      14456     60.781     0.3252   2.740483    47.1929    32.4558    26.0370 0.0000e+00
      14458     60.761     0.3254   2.740483    47.2529    32.4556    26.0369 0.0000e+00
      14460     60.742     0.3257   2.740480    47.2539    32.4553    26.0366 0.0000e+00
      14462     60.724     0.3258   2.740492    47.2520    32.4553    26.0365 0.0000e+00
      14464     60.707     0.3261   2.740490    47.2529    32.4550    26.0363 0.0000e+00
      14466     60.690     0.3265   2.740505    47.2539    32.4549    26.0361 0.0000e+00
      14468     60.671     0.3266   2.740491    47.2520    32.4546    26.0359 0.0000e+00
      14470     60.652     0.3267   2.740496    47.2520    32.4545    26.0358 0.0000e+00
      14472     60.633     0.3268   2.740494    47.2511    32.4543    26.0357 0.0000e+00
      14474     60.614     0.3265   2.740500    47.2415    32.4549    26.0361 0.0000e+00
      14476     60.594     0.3263   2.740488    47.2224    32.4549    26.0362 0.0000e+00
      14478     60.575     0.3262   2.740500    47.2215    32.4552    26.0364 0.0000e+00
      14480     60.557     0.3260   2.740492    47.2224    32.4552    26.0365 0.0000e+00
      14482     60.538     0.3260   2.740505    47.2234    32.4554    26.0367 0.0000e+00
      14484     60.520     0.3258   2.740521    47.2234    32.4559    26.0370 0.0000e+00
      14486     60.502     0.3256   2.740508    47.2224    32.4559    26.0370 0.0000e+00
      14488     60.484     0.3255   2.740499    47.2253    32.4560    26.0371 0.0000e+00
      14490     60.466     0.3254   2.740514    47.2234    32.4562    26.0373 0.0000e+00
      14492     60.447     0.3251   2.740499    47.2082    32.4563    26.0374 0.0000e+00
      14494     60.427     0.3250   2.740521    47.1920    32.4568    26.0378 0.0000e+00
      14496     60.408     0.3246   2.740528    47.1920    32.4573    26.0382 0.0000e+00
      14498     60.390     0.3246   2.740502    47.1920    32.4569    26.0378 0.0000e+00
      14500     60.373     0.3246   2.740517    47.1929    32.4572    26.0381 0.0000e+00
      14502     60.355     0.3245   2.740505    47.1900    32.4571    26.0380 0.0000e+00
      14504     60.338     0.3245   2.740499    47.1948    32.4570    26.0380 0.0000e+00
      14506     60.321     0.3242   2.740520    47.1929    32.4576    26.0384 0.0000e+00
      14508     60.303     0.3241   2.740518    47.1910    32.4578    26.0386 0.0000e+00
      14510     60.284     0.3239   2.740525    47.1127    32.4580    26.0388 0.0000e+00
      14512     60.264     0.3239   2.740541    47.0975    32.4583    26.0390 0.0000e+00
      14514     60.246     0.3238   2.740518    47.0975    32.4581    26.0389 0.0000e+00
      14516     60.228     0.3238   2.740533    47.0994    32.4583    26.0391 0.0000e+00
      14518     60.209     0.3236   2.740528    47.0994    32.4586    26.0393 0.0000e+00
      14520     60.191     0.3236   2.740511    47.1013    32.4583    26.0391 0.0000e+00
      14522     60.172     0.3235   2.740520    47.0994    32.4584    26.0391 0.0000e+00
      14524     60.153     0.3234   2.740525    47.0994    32.4587    26.0394 0.0000e+00
      14526     60.135     0.3231   2.740523    47.1022    32.4589    26.0395 0.0000e+00
      14528     60.117     0.3232   2.740525    47.1624    32.4589    26.0395 0.0000e+00
      14530     60.097     0.3231   2.740518    47.1605    32.4589    26.0396 0.0000e+00
      14532     60.076     0.3230   2.740543    47.1605    32.4594    26.0399 0.0000e+00
      14534     60.055     0.3229   2.740533    47.1615    32.4593    26.0399 0.0000e+00
      14536     60.036     0.3228   2.740532    47.1605    32.4594    26.0399 0.0000e+00
      14538     60.017     0.3228   2.740559    47.1605    32.4598    26.0403 0.0000e+00
      14540     59.999     0.3228   2.740540    47.1615    32.4596    26.0401 0.0000e+00
      14542     59.982     0.3227   2.740527    47.1624    32.4595    26.0401 0.0000e+00
      14544     59.964     0.3227   2.740537    47.1843    32.4596    26.0401 0.0000e+00
      14546     59.944     0.3226   2.740523    47.2234    32.4596    26.0401 0.0000e+00
      14548     59.923     0.3226   2.740527    47.2224    32.4597    26.0403 0.0000e+00
      14550     59.902     0.3226   2.740547    47.2215    32.4599    26.0405 0.0000e+00
      14552     59.883     0.3225   2.740527    47.2234    32.4598    26.0403 0.0000e+00
      14554     59.865     0.3225   2.740540    47.2215    32.4600    26.0405 0.0000e+00
      14556     59.845     0.3222   2.740534    47.2244    32.4603    26.0406 0.0000e+00
      14558     59.823     0.3222   2.740537    47.2234    32.4603    26.0407 0.0000e+00
      14560     59.799     0.3223   2.740523    47.2224    32.4600    26.0405 0.0000e+00
      14562     59.780     0.3222   2.740523    47.2396    32.4601    26.0406 0.0000e+00
      14564     59.761     0.3223   2.740547    47.2539    32.4604    26.0408 0.0000e+00
      14566     59.742     0.3222   2.740532    47.2520    32.4603    26.0406 0.0000e+00
      14568     59.722     0.3221   2.740534    47.2539    32.4604    26.0408 0.0000e+00
      14570     59.703     0.3220   2.740531    47.2549    32.4605    26.0409 0.0000e+00
      14572     59.682     0.3221   2.740531    47.2539    32.4604    26.0408 0.0000e+00
      14574     59.661     0.3221   2.740540    47.2558    32.4605    26.0409 0.0000e+00
      14576     59.642     0.3221   2.740536    47.2539    32.4604    26.0409 0.0000e+00
      14578     59.622     0.3221   2.740525    47.2549    32.4604    26.0408 0.0000e+00
      14580     59.602     0.3218   2.740520    47.3388    32.4606    26.0410 0.0000e+00
      14582     59.582     0.3219   2.740530    47.3474    32.4606    26.0410 0.0000e+00
      14584     59.562     0.3218   2.740542    47.3465    32.4609    26.0412 0.0000e+00
      14586     59.542     0.3218   2.740555    47.3474    32.4611    26.0414 0.0000e+00
      14588     59.523     0.3218   2.740570    47.3445    32.4613    26.0416 0.0000e+00
      14590     59.505     0.3218   2.740531    47.3436    32.4608    26.0412 0.0000e+00
      14592     59.484     0.3218   2.740557    47.3474    32.4611    26.0414 0.0000e+00
      14594     59.463     0.3218   2.740562    47.3455    32.4612    26.0414 0.0000e+00
      14596     59.444     0.3218   2.740548    47.3436    32.4610    26.0413 0.0000e+00
      14598     59.424     0.3218   2.740535    47.3455    32.4609    26.0412 0.0000e+00
      14600     59.404     0.3219   2.740543    47.3455    32.4609    26.0412 0.0000e+00
      14602     59.384     0.3217   2.740575    47.3455    32.4616    26.0418 0.0000e+00
      14604     59.364     0.3217   2.740571    47.3455    32.4614    26.0417 0.0000e+00
      14606     59.343     0.3217   2.740552    47.3436    32.4613    26.0415 0.0000e+00
      14608     59.322     0.3217   2.740581    47.3455    32.4616    26.0418 0.0000e+00
      14610     59.300     0.3215   2.740552    47.3465    32.4615    26.0418 0.0000e+00
      14612     59.279     0.3217   2.740585    47.3465    32.4617    26.0419 0.0000e+00
      14614     59.258     0.3217   2.740567    47.3055    32.4615    26.0417 0.0000e+00
      14616     59.239     0.3217   2.740569    47.2529    32.4616    26.0418 0.0000e+00
      14618     59.220     0.3216   2.740570    47.2511    32.4616    26.0418 0.0000e+00
      14620     59.201     0.3217   2.740578    47.2539    32.4616    26.0418 0.0000e+00
      14622     59.180     0.3216   2.740577    47.2520    32.4618    26.0420 0.0000e+00
      14624     59.157     0.3219   2.740600    47.2539    32.4617    26.0420 0.0000e+00
      14626     59.135     0.3216   2.740590    47.2520    32.4620    26.0421 0.0000e+00
      14628     59.112     0.3216   2.740583    47.2520    32.4618    26.0420 0.0000e+00
      14630     59.089     0.3218   2.740572    47.2549    32.4616    26.0418 0.0000e+00
      14632     59.067     0.3216   2.740572    47.2749    32.4618    26.0420 0.0000e+00
      14634     59.044     0.3218   2.740571    47.2835    32.4616    26.0418 0.0000e+00
      14636     59.024     0.3219   2.740593    47.2815    32.4617    26.0420 0.0000e+00
      14638     59.004     0.3218   2.740575    47.2815    32.4616    26.0418 0.0000e+00
      14640     58.983     0.3217   2.740583    47.2815    32.4618    26.0420 0.0000e+00
      14642     58.960     0.3219   2.740589    47.2835    32.4617    26.0420 0.0000e+00
      14644     58.939     0.3220   2.740591    47.2825    32.4617    26.0418 0.0000e+00
      14646     58.915     0.3219   2.740598    47.2815    32.4619    26.0421 0.0000e+00
      14648     58.894     0.3220   2.740604    47.2825    32.4620    26.0421 0.0000e+00
      14650     58.875     0.3218   2.740616    47.2825    32.4622    26.0423 0.0000e+00
      14652     58.855     0.3221   2.740609    47.2863    32.4619    26.0421 0.0000e+00
      14654     58.834     0.3221   2.740590    47.2835    32.4616    26.0418 0.0000e+00
      14656     58.811     0.3221   2.740596    47.2825    32.4617    26.0418 0.0000e+00
      14658     58.790     0.3222   2.740611    47.2844    32.4617    26.0420 0.0000e+00
      14660     58.767     0.3221   2.740603    47.2845    32.4618    26.0420 0.0000e+00
      14662     58.746     0.3222   2.740607    47.2844    32.4618    26.0420 0.0000e+00
      14664     58.725     0.3222   2.740603    47.2844    32.4617    26.0418 0.0000e+00
      14666     58.704     0.3223   2.740626    47.2673    32.4620    26.0421 0.0000e+00
      14668     58.683     0.3224   2.740616    47.2196    32.4618    26.0419 0.0000e+00
      14670     58.662     0.3224   2.740616    47.2215    32.4618    26.0420 0.0000e+00
      14672     58.641     0.3225   2.740618    47.2224    32.4617    26.0419 0.0000e+00
      14674     58.621     0.3224   2.740615    47.2224    32.4618    26.0419 0.0000e+00
      14676     58.601     0.3225   2.740622    47.2215    32.4618    26.0420 0.0000e+00
      14678     58.579     0.3226   2.740615    47.2224    32.4616    26.0417 0.0000e+00
      14680     58.558     0.3226   2.740623    47.2215    32.4616    26.0418 0.0000e+00
      14682     58.538     0.3226   2.740628    47.2206    32.4618    26.0419 0.0000e+00
      14684     58.517     0.3226   2.740620    47.2053    32.4616    26.0418 0.0000e+00
      14686     58.495     0.3226   2.740626    47.1910    32.4617    26.0419 0.0000e+00
      14688     58.471     0.3226   2.740623    47.1891    32.4617    26.0418 0.0000e+00
      14690     58.448     0.3227   2.740625    47.1910    32.4616    26.0418 0.0000e+00
      14692     58.427     0.3226   2.740638    47.1910    32.4619    26.0420 0.0000e+00
      14694     58.405     0.3227   2.740637    47.1920    32.4619    26.0420 0.0000e+00
      14696     58.384     0.3227   2.740641    47.1910    32.4618    26.0420 0.0000e+00
      14698     58.364     0.3228   2.740645    47.1920    32.4618    26.0420 0.0000e+00
      14700     58.343     0.3229   2.740628    47.1920    32.4616    26.0418 0.0000e+00
      14702     58.324     0.3228   2.740626    47.1958    32.4616    26.0418 0.0000e+00
      14704     58.304     0.3230   2.740633    47.1938    32.4616    26.0417 0.0000e+00
      14706     58.284     0.3230   2.740626    47.1920    32.4614    26.0416 0.0000e+00
      14708     58.263     0.3232   2.740635    47.1900    32.4614    26.0416 0.0000e+00
      14710     58.242     0.3230   2.740652    47.1900    32.4619    26.0420 0.0000e+00
      14712     58.218     0.3232   2.740651    47.1910    32.4616    26.0417 0.0000e+00
      14714     58.195     0.3231   2.740623    47.1891    32.4614    26.0416 0.0000e+00
      14716     58.171     0.3231   2.740663    47.1900    32.4619    26.0420 0.0000e+00
      14718     58.149     0.3233   2.740648    47.1900    32.4616    26.0417 0.0000e+00
      14720     58.129     0.3236   2.740669    47.1900    32.4615    26.0416 0.0000e+00
      14722     58.108     0.3236   2.740665    47.1929    32.4614    26.0416 0.0000e+00
      14724     58.087     0.3237   2.740670    47.1920    32.4614    26.0415 0.0000e+00
      14726     58.066     0.3238   2.740674    47.1920    32.4613    26.0414 0.0000e+00
      14728     58.046     0.3240   2.740674    47.1900    32.4612    26.0414 0.0000e+00
      14730     58.025     0.3241   2.740673    47.1920    32.4611    26.0412 0.0000e+00
      14732     58.004     0.3241   2.740676    47.1920    32.4612    26.0414 0.0000e+00
      14734     57.983     0.3241   2.740664    47.1920    32.4609    26.0411 0.0000e+00
      14736     57.960     0.3243   2.740682    47.1987    32.4610    26.0412 0.0000e+00
      14738     57.939     0.3243   2.740678    47.2215    32.4609    26.0412 0.0000e+00
      14740     57.919     0.3245   2.740684    47.2206    32.4609    26.0410 0.0000e+00
