Datasets/AZMP/TEL211/tel211_2020_004.cnv
* Sea-Bird SBE25plus Data File
* Filename = tel211_2020_004
* Software Version AquireV2 AF V2.0
* System UpLoad Time = Aug 04 2020 17:42:24
** VESSEL/TRIP/SEQ STN: tel211_2020_004
** LATITUDE: 47 50.93 N
** LONGITUDE: 53 53.75 W
** DATE/TIME: 2020-08-04 17:27
** SOUNDING DEPTH (M): 0082
** PROBE TYPE: S1101
** CTD NUMBER:    
** COMMENTS (14 CHAR): Bull Arm # 3
# nquan = 8
# nvalues = 7841                        
# units = specified
# name 0 = scan: Scan Count
# name 1 = prdM: Pressure, Strain Gauge [db]
# name 2 = t090C: Temperature [ITS-90, deg C]
# name 3 = c0S/m: Conductivity [S/m]
# name 4 = flECO-AFL: Fluorescence, WET Labs ECO-AFL/FL [mg/m^3]
# name 5 = sal00: Salinity, Practical [PSU]
# name 6 = sigma-t00: Density [sigma-t, kg/m^3 ]
# name 7 = flag: flag
# span 0 =          2,      15682       
# span 1 =      0.095,     83.624       
# span 2 =     0.2361,    25.4785       
# span 3 =  -0.013752,   4.414398       
# span 4 =    -0.1387,    55.9153       
# span 5 =     0.0000,    34.3209       
# span 6 =    -3.0672,    27.0530       
# span 7 = 0.0000e+00, 0.0000e+00       
# interval = scans: 2                   
# start_time = Aug 04 2020 17:27:32 [Instrument's time stamp, header]
# bad_flag = -9.990e-29
*END*
[from data line 7371]
      14744      1.590    15.1619   3.334987    52.3581    26.3287    19.2656 0.0000e+00
      14746      1.591    15.2106   3.338032    52.3590    26.3227    19.2510 0.0000e+00
      14748      1.593    15.2328   3.342830    52.3572    26.3496    19.2670 0.0000e+00
      14750      1.595    15.3059   3.348319    52.3600    26.3485    19.2510 0.0000e+00
      14752      1.597    15.4033   3.351714    52.3590    26.3130    19.2036 0.0000e+00
      14754      1.598    15.4530   3.352292    51.9222    26.2848    19.1717 0.0000e+00
      14756      1.600    15.5931   3.351805    51.7621    26.1876    19.0679 0.0000e+00
      14758      1.603    15.7454   3.348616    51.7639    26.0596    18.9376 0.0000e+00
      14760      1.605    15.8111   3.339881    51.7630    25.9413    18.8332 0.0000e+00
      14762      1.607    15.8473   3.325614    51.7649    25.7952    18.7135 0.0000e+00
      14764      1.607    15.8633   3.311135    51.7639    25.6608    18.6072 0.0000e+00
      14766      1.606    15.8633   3.300363    51.7649    25.5684    18.5364 0.0000e+00
      14768      1.605    15.8472   3.292863    51.7649    25.5145    18.4984 0.0000e+00
      14770      1.602    15.8110   3.288092    51.7630    25.4969    18.4926 0.0000e+00
      14772      1.598    15.6762   3.284600    51.7343    25.5538    18.5644 0.0000e+00
      14774      1.595    15.3918   3.281207    51.7305    25.7090    18.7424 0.0000e+00
      14776      1.595    15.1151   3.278399    51.7353    25.8659    18.9198 0.0000e+00
      14778      1.592    14.9128   3.276359    51.7314    25.9819    19.0499 0.0000e+00
      14780      1.590    14.7809   3.275065    51.7314    26.0583    19.1352 0.0000e+00
      14782      1.587    14.7002   3.274402    51.7334    26.1064    19.1884 0.0000e+00
      14784      1.587    14.6512   3.273844    51.7344    26.1343    19.2197 0.0000e+00
      14786      1.587    14.6222   3.272891    51.7305    26.1453    19.2339 0.0000e+00
      14788      1.590    14.6393   3.271295    51.6381    26.1197    19.2109 0.0000e+00
      14790      1.594    14.6928   3.268749    51.2728    26.0615    19.1553 0.0000e+00
      14792      1.597    14.7288   3.265743    51.2814    26.0110    19.1093 0.0000e+00
      14794      1.598    14.7017   3.263784    51.2804    26.0118    19.1155 0.0000e+00
      14796      1.597    14.5936   3.262557    51.2776    26.0733    19.1842 0.0000e+00
      14798      1.593    14.4605   3.261708    51.2804    26.1550    19.2736 0.0000e+00
      14800      1.590    14.3454   3.261217    51.2785    26.2283    19.3528 0.0000e+00
      14802      1.589    14.2536   3.260488    51.2794    26.2840    19.4136 0.0000e+00
      14804      1.590    14.1868   3.259426    51.2804    26.3199    19.4544 0.0000e+00
      14806      1.590    14.1397   3.258273    51.3348    26.3417    19.4803 0.0000e+00
      14808      1.589    14.1112   3.257248    51.4006    26.3520    19.4938 0.0000e+00
      14810      1.591    14.0917   3.256283    51.4006    26.3567    19.5012 0.0000e+00
      14812      1.593    14.0748   3.255348    51.4044    26.3598    19.5069 0.0000e+00
      14814      1.595    14.0589   3.254450    51.4006    26.3625    19.5121 0.0000e+00
      14816      1.595    14.0426   3.253524    51.4025    26.3654    19.5176 0.0000e+00
      14818      1.595    14.0268   3.252609    51.4006    26.3681    19.5226 0.0000e+00
      14820      1.595    14.0121   3.251653    51.4016    26.3695    19.5266 0.0000e+00
      14822      1.596    13.9994   3.250648    51.4025    26.3692    19.5288 0.0000e+00
      14824      1.596    13.9866   3.249719    51.3538    26.3696    19.5316 0.0000e+00
      14826      1.594    13.9718   3.248823    51.3414    26.3717    19.5361 0.0000e+00
      14828      1.593    13.9540   3.248000    51.3414    26.3764    19.5432 0.0000e+00
      14830      1.592    13.9309   3.247153    51.3395    26.3847    19.5540 0.0000e+00
      14832      1.591    13.8981   3.246254    51.3405    26.3991    19.5714 0.0000e+00
      14834      1.590    13.8562   3.245602    51.3395    26.4219    19.5971 0.0000e+00
      14836      1.587    13.8085   3.245633    51.3395    26.4550    19.6318 0.0000e+00
      14838      1.586    13.7599   3.246662    51.3405    26.4978    19.6741 0.0000e+00
      14840      1.583    13.7085   3.248502    51.3395    26.5498    19.7241 0.0000e+00
      14842      1.580    13.6345   3.250354    51.3109    26.6179    19.7906 0.0000e+00
      14844      1.576    13.5333   3.251600    51.3080    26.6996    19.8729 0.0000e+00
      14846      1.572    13.4418   3.251972    51.3080    26.7668    19.9421 0.0000e+00
      14848      1.567    13.3650   3.251631    51.3100    26.8177    19.9958 0.0000e+00
      14850      1.563    13.3048   3.253461    51.3090    26.8767    20.0527 0.0000e+00
      14852      1.556    13.2534   3.265041    51.3109    27.0189    20.1722 0.0000e+00
      14854      1.546    13.0878   3.276588    51.3109    27.2431    20.3761 0.0000e+00
      14856      1.532    12.7280   3.288182    51.3109    27.6106    20.7266 0.0000e+00
      14858      1.516    12.3730   3.302716    51.2823    28.0084    21.0990 0.0000e+00
      14860      1.498    11.9370   3.311514    51.2174    28.4197    21.4956 0.0000e+00
      14862      1.477    11.7503   3.315260    51.2203    28.5984    21.6670 0.0000e+00
      14864      1.454    11.3509   3.316260    51.2213    28.9177    21.9842 0.0000e+00
      14866      1.431    11.0721   3.317583    51.2213    29.1500    22.2123 0.0000e+00
      14868      1.407    10.7649   3.319115    51.2194    29.4100    22.4661 0.0000e+00
      14870      1.383    10.4397   3.322478    51.2185    29.7065    22.7507 0.0000e+00
      14872      1.358    10.1347   3.328693    51.2165    30.0190    23.0438 0.0000e+00
      14874      1.332     9.8574   3.337482    51.2194    30.3387    23.3377 0.0000e+00
      14876      1.305     9.4882   3.346532    51.2232    30.7440    23.7122 0.0000e+00
      14878      1.278     9.1423   3.354369    51.2185    31.1234    24.0624 0.0000e+00
      14880      1.247     8.8695   3.362946    51.2175    31.4520    24.3610 0.0000e+00
      14882      1.216     8.6761   3.375525    51.2185    31.7552    24.6275 0.0000e+00
      14884      1.185     8.5708   3.392424    51.2185    32.0269    24.8561 0.0000e+00
      14886      1.152     8.5159   3.409985    51.2194    32.2611    25.0477 0.0000e+00
      14888      1.118     8.4246   3.429227    51.2175    32.5474    25.2857 0.0000e+00
      14890      1.082     8.2476   3.451143    51.2203    32.9440    25.6230 0.0000e+00
      14892      1.045     8.1578   3.472076    51.2203    33.2507    25.8771 0.0000e+00
      14894      1.008     8.2167   3.490707    51.0620    33.3929    25.9798 0.0000e+00
      14896      0.972     8.2328   3.504442    51.0382    33.5236    26.0799 0.0000e+00
      14898      0.939     8.1991   3.514013    51.0382    33.6577    26.1901 0.0000e+00
      14900      0.907     8.1766   3.519422    51.0353    33.7370    26.2557 0.0000e+00
      14902      0.877     8.1776   3.520390    51.0373    33.7464    26.2630 0.0000e+00
      14904      0.847     8.1880   3.517068    51.0373    33.7009    26.2257 0.0000e+00
      14906      0.819     8.1935   3.508911    51.0382    33.6088    26.1527 0.0000e+00
      14908      0.790     8.1956   3.508627    51.0392    33.6038    26.1484 0.0000e+00
      14910      0.761     8.1982   3.520191    51.0191    33.7244    26.2426 0.0000e+00
      14912      0.732     8.2003   3.525337    50.8866    33.7772    26.2837 0.0000e+00
      14914      0.700     8.2028   3.532673    50.8837    33.8530    26.3428 0.0000e+00
      14916      0.667     8.2217   3.551832    50.8866    34.0388    26.4858 0.0000e+00
      14918      0.635     8.3964   3.573207    50.8856    34.0967    26.5048 0.0000e+00
      14920      0.599     8.5206   3.588017    50.8866    34.1334    26.5145 0.0000e+00
      14922      0.563     8.6456   3.595514    50.8866    34.0918    26.4626 0.0000e+00
      14924      0.526     8.8042   3.600484    50.8885    33.9915    26.3592 0.0000e+00
      14926      0.490     9.0116   3.605035    50.8866    33.8408    26.2085 0.0000e+00
      14928      0.455     9.1806   3.609154    50.7683    33.7233    26.0898 0.0000e+00
      14930      0.420     9.3036   3.617087    50.5833    33.6894    26.0434 0.0000e+00
      14932      0.385     9.3428   3.632678    50.5833    33.8137    26.1343 0.0000e+00
      14934      0.349     9.4042   3.648999    50.5842    33.9247    26.2111 0.0000e+00
      14936      0.311     9.4873   3.654630    50.5842    33.9040    26.1814 0.0000e+00
      14938      0.275     9.5742   3.662611    50.5833    33.9042    26.1672 0.0000e+00
      14940      0.243     9.6697   3.685333    50.5880    34.0477    26.2636 0.0000e+00
      14942      0.214     9.8711   3.729543    50.5861    34.3100    26.4350 0.0000e+00
      14944      0.186    10.3799   3.778004    50.5861    34.3209    26.3563 0.0000e+00
      14946      0.161    11.3463   3.842713    50.3430    34.0652    25.9845 0.0000e+00
      14948      0.141    12.1921   3.870641    50.2237    33.5686    25.4409 0.0000e+00
      14950      0.129    13.0233   3.377756    50.2237    28.2850    21.1972 0.0000e+00
      14952      0.122    13.7474   1.369225    50.2228    10.4020     7.3000 0.0000e+00
      14954      0.118    14.9945   0.520208    50.2237     3.5334     1.8257 0.0000e+00
      14956      0.116    15.2600   0.450182    50.2228     3.0073     1.3794 0.0000e+00
      14958      0.113    14.8054   0.416438    50.2246     2.7999     1.2915 0.0000e+00
      14960      0.112    14.0624   0.389392    50.2256     2.6567     1.2927 0.0000e+00
      14962      0.112    13.1464   0.365453    50.2237     2.5431     1.3332 0.0000e+00
      14964      0.112    12.4080   0.348040    51.0678     2.4618     1.3665 0.0000e+00
      14966      0.113    12.2193   0.336283    51.1325     2.3856     1.3308 0.0000e+00
      14968      0.112    12.2117   0.325211    51.1307     2.3028     1.2676 0.0000e+00
      14970      0.111    12.2293   0.312269    51.1269     2.2048     1.1894 0.0000e+00
      14972      0.110    12.2516   0.298619    51.1287     2.1016     1.1065 0.0000e+00
      14974      0.109    12.2779   0.284154    51.1297     1.9926     1.0187 0.0000e+00
      14976      0.107    12.3062   0.270348    51.1278     1.8889     0.9347 0.0000e+00
      14978      0.108    12.3373   0.259211    51.1287     1.8052     0.8659 0.0000e+00
      14980      0.109    12.3695   0.248294    51.3815     1.7235     0.7985 0.0000e+00
      14982      0.109    12.4042   0.237958    52.3094     1.6463     0.7343 0.0000e+00
      14984      0.107    12.4395   0.227450    52.2970     1.5682     0.6692 0.0000e+00
      14986      0.107    12.4761   0.217465    52.2980     1.4943     0.6073 0.0000e+00
      14988      0.107    12.5137   0.208929    52.2980     1.4310     0.5535 0.0000e+00
      14990      0.108    12.5513   0.200293    52.2980     1.3674     0.4994 0.0000e+00
      14992      0.108    12.5895   0.191780    52.2980     1.3050     0.4462 0.0000e+00
      14994      0.108    12.6285   0.183917    52.2970     1.2475     0.3967 0.0000e+00
      14996      0.108    12.6673   0.177387    52.2960     1.1997     0.3547 0.0000e+00
      14998      0.108    12.7065   0.171144    52.4467     1.1542     0.3144 0.0000e+00
      15000      0.108    12.7456   0.165444    52.6337     1.1126     0.2772 0.0000e+00
      15002      0.108    12.7848   0.159707    52.6317     1.0711     0.2400 0.0000e+00
      15004      0.109    12.8241   0.154247    52.6317     1.0316     0.2042 0.0000e+00
      15006      0.111    12.8631   0.148543    52.6299     0.9906     0.1674 0.0000e+00
      15008      0.110    12.9022   0.142458    52.6299     0.9471     0.1286 0.0000e+00
      15010      0.110    12.9410   0.138917    52.6317     0.9215     0.1039 0.0000e+00
      15012      0.109    12.9802   0.136281    52.6317     0.9023     0.0839 0.0000e+00
      15014      0.108    13.0192   0.132441    52.6299     0.8748     0.0575 0.0000e+00
      15016      0.106    13.0581   0.128785    52.1797     0.8487     0.0321 0.0000e+00
      15018      0.104    13.0965   0.127001    52.0548     0.8355     0.0170 0.0000e+00
      15020      0.104    13.1348   0.124763    52.0576     0.8193    -0.0006 0.0000e+00
      15022      0.104    13.1728   0.121668    52.0567     0.7973    -0.0227 0.0000e+00
      15024      0.104    13.2102   0.118119    52.0586     0.7722    -0.0471 0.0000e+00
      15026      0.102    13.2477   0.114974    52.0567     0.7500    -0.0693 0.0000e+00
      15028      0.102    13.2853   0.112407    52.0586     0.7318    -0.0883 0.0000e+00
      15030      0.102    13.3240   0.110604    52.0558     0.7188    -0.1036 0.0000e+00
      15032      0.102    13.3631   0.108903    52.0567     0.7066    -0.1182 0.0000e+00
      15034      0.101    13.4021   0.107030    54.4638     0.6931    -0.1338 0.0000e+00
      15036      0.102    13.4404   0.104925    54.5325     0.6783    -0.1505 0.0000e+00
      15038      0.102    13.4784   0.102310    54.5335     0.6600    -0.1698 0.0000e+00
      15040      0.103    13.5162   0.099538    54.5353     0.6407    -0.1899 0.0000e+00
      15042      0.106    13.5546   0.097109    54.5353     0.6238    -0.2082 0.0000e+00
      15044      0.106    13.5932   0.095086    54.5401     0.6097    -0.2243 0.0000e+00
      15046      0.107    13.6315   0.093340    54.5373     0.5974    -0.2390 0.0000e+00
      15048      0.106    13.6694   0.091957    54.5373     0.5876    -0.2518 0.0000e+00
      15050      0.106    13.7067   0.090452    54.4658     0.5771    -0.2651 0.0000e+00
      15052      0.105    13.7441   0.088785    54.3179     0.5654    -0.2792 0.0000e+00
      15054      0.104    13.7808   0.086871    54.3208     0.5522    -0.2945 0.0000e+00
      15056      0.103    13.8182   0.084919    54.3227     0.5388    -0.3100 0.0000e+00
      15058      0.102    13.8547   0.083134    54.3217     0.5265    -0.3246 0.0000e+00
      15060      0.101    13.8917   0.081808    54.3217     0.5173    -0.3369 0.0000e+00
      15062      0.100    13.9279   0.081088    54.3208     0.5121    -0.3460 0.0000e+00
      15064      0.100    13.9632   0.080336    54.3179     0.5068    -0.3551 0.0000e+00
      15066      0.100    13.9982   0.079382    54.3217     0.5000    -0.3652 0.0000e+00
      15068      0.099    14.0332   0.078110    53.6770     0.4912    -0.3769 0.0000e+00
      15070      0.099    14.0687   0.076568    53.0199     0.4808    -0.3901 0.0000e+00
      15072      0.101    14.1038   0.075279    53.0295     0.4719    -0.4019 0.0000e+00
      15074      0.103    14.1389   0.074238    53.0267     0.4648    -0.4123 0.0000e+00
      15076      0.105    14.1736   0.073174    53.0256     0.4575    -0.4229 0.0000e+00
      15078      0.105    14.2080   0.072242    53.0256     0.4510    -0.4329 0.0000e+00
      15080      0.107    14.2418   0.071283    53.0237     0.4445    -0.4428 0.0000e+00
      15082      0.109    14.2755   0.070355    53.0256     0.4381    -0.4526 0.0000e+00
      15084      0.109    14.3085   0.069312    53.0267     0.4310    -0.4627 0.0000e+00
      15086      0.109    14.3420   0.068211    45.8721     0.4235    -0.4734 0.0000e+00
      15088      0.106    14.3754   0.067137    44.9031     0.4163    -0.4838 0.0000e+00
      15090      0.103    14.4085   0.066222    44.9021     0.4101    -0.4935 0.0000e+00
      15092      0.103    14.4407   0.065434    44.9002     0.4047    -0.5022 0.0000e+00
      15094      0.103    14.4732   0.064693    44.9021     0.3996    -0.5109 0.0000e+00
      15096      0.103    14.5052   0.063870    44.8983     0.3940    -0.5198 0.0000e+00
      15098      0.103    14.5373   0.063092    44.8974     0.3888    -0.5287 0.0000e+00
      15100      0.105    14.5699   0.062276    44.8974     0.3832    -0.5377 0.0000e+00
