Datasets/AZMP/TEL211/tel211_2020_006.cnv
* Sea-Bird SBE25plus Data File
* Filename = tel211_2020_006
* Software Version AquireV2 AF V2.0
* System UpLoad Time = Aug 06 2020 08:27:54
** VESSEL/TRIP/SEQ STN: tel211_2020_006
** LATITUDE: 47 32.80 N
** LONGITUDE: 52 35.14 W
** DATE/TIME: 2020-08-06 08:06
** SOUNDING DEPTH (M): 0176
** PROBE TYPE: S1101
** CTD NUMBER:    
** COMMENTS (14 CHAR): STN 27
# nquan = 8
# nvalues = 11047                       
# units = specified
# name 0 = scan: Scan Count
# name 1 = prdM: Pressure, Strain Gauge [db]
# name 2 = t090C: Temperature [ITS-90, deg C]
# name 3 = c0S/m: Conductivity [S/m]
# name 4 = flECO-AFL: Fluorescence, WET Labs ECO-AFL/FL [mg/m^3]
# name 5 = sal00: Salinity, Practical [PSU]
# name 6 = sigma-t00: Density [sigma-t, kg/m^3 ]
# name 7 = flag: flag
# span 0 =          2,      22093       
# span 1 =      0.185,    161.132       
# span 2 =    -1.5730,    18.2332       
# span 3 =  -0.006157,   3.977602       
# span 4 =    -0.1387,    53.1353       
# span 5 =     0.0000,    39.0819       
# span 6 =    -1.4333,    31.0056       
# span 7 = 0.0000e+00, 0.0000e+00       
# interval = scans: 2                   
# start_time = Aug 06 2020 08:06:08 [Instrument's time stamp, header]
# bad_flag = -9.990e-29
*END*
[from data line 6472]
      12946    160.153    -1.1782   2.653084    48.0703    32.8483    26.4153 0.0000e+00
      12948    160.149    -1.1783   2.653134    48.0684    32.8492    26.4159 0.0000e+00
      12950    160.146    -1.1788   2.653199    48.0703    32.8505    26.4170 0.0000e+00
      12952    160.142    -1.1789   2.653244    48.0703    32.8513    26.4176 0.0000e+00
      12954    160.137    -1.1790   2.653300    48.0722    32.8522    26.4184 0.0000e+00
      12956    160.130    -1.1789   2.653346    48.1247    32.8526    26.4188 0.0000e+00
      12958    160.126    -1.1787   2.653347    48.1294    32.8525    26.4187 0.0000e+00
      12960    160.123    -1.1789   2.653356    48.1285    32.8529    26.4189 0.0000e+00
      12962    160.122    -1.1791   2.653332    48.1285    32.8527    26.4188 0.0000e+00
      12964    160.123    -1.1790   2.653326    48.1304    32.8526    26.4187 0.0000e+00
      12966    160.123    -1.1788   2.653326    48.1294    32.8523    26.4185 0.0000e+00
      12968    160.125    -1.1788   2.653344    48.1304    32.8525    26.4187 0.0000e+00
      12970    160.129    -1.1788   2.653326    48.1304    32.8523    26.4185 0.0000e+00
      12972    160.134    -1.1789   2.653326    48.1275    32.8524    26.4186 0.0000e+00
      12974    160.140    -1.1788   2.653316    48.1008    32.8522    26.4184 0.0000e+00
      12976    160.146    -1.1788   2.653307    48.1008    32.8520    26.4183 0.0000e+00
      12978    160.151    -1.1787   2.653290    48.0999    32.8517    26.4180 0.0000e+00
      12980    160.156    -1.1789   2.653265    48.1008    32.8515    26.4179 0.0000e+00
      12982    160.161    -1.1787   2.653242    48.0999    32.8510    26.4175 0.0000e+00
      12984    160.166    -1.1781   2.653212    48.0970    32.8500    26.4166 0.0000e+00
      12986    160.172    -1.1776   2.653211    48.0989    32.8495    26.4162 0.0000e+00
      12988    160.180    -1.1772   2.653207    48.1008    32.8488    26.4156 0.0000e+00
      12990    160.185    -1.1771   2.653186    48.0865    32.8485    26.4154 0.0000e+00
      12992    160.189    -1.1769   2.653215    48.0684    32.8486    26.4155 0.0000e+00
      12994    160.192    -1.1769   2.653201    48.0694    32.8485    26.4153 0.0000e+00
      12996    160.195    -1.1768   2.653173    48.0684    32.8479    26.4149 0.0000e+00
      12998    160.196    -1.1768   2.653170    48.0674    32.8479    26.4149 0.0000e+00
      13000    160.197    -1.1766   2.653148    48.0694    32.8474    26.4145 0.0000e+00
      13002    160.200    -1.1772   2.653173    48.0703    32.8484    26.4153 0.0000e+00
      13004    160.202    -1.1775   2.653145    48.0713    32.8484    26.4153 0.0000e+00
      13006    160.205    -1.1776   2.653055    48.0713    32.8472    26.4143 0.0000e+00
      13008    160.205    -1.1776   2.652981    48.0684    32.8462    26.4135 0.0000e+00
      13010    160.202    -1.1775   2.652922    48.0703    32.8453    26.4128 0.0000e+00
      13012    160.197    -1.1777   2.652901    48.0713    32.8453    26.4128 0.0000e+00
      13014    160.191    -1.1775   2.652861    48.0684    32.8445    26.4121 0.0000e+00
      13016    160.184    -1.1775   2.652817    48.0722    32.8440    26.4116 0.0000e+00
      13018    160.177    -1.1774   2.652785    48.0694    32.8434    26.4111 0.0000e+00
      13020    160.168    -1.1775   2.652773    48.0713    32.8433    26.4112 0.0000e+00
      13022    160.159    -1.1772   2.652700    48.0684    32.8420    26.4101 0.0000e+00
      13024    160.147    -1.1775   2.652618    48.0722    32.8412    26.4095 0.0000e+00
      13026    160.132    -1.1775   2.652589    48.0961    32.8409    26.4091 0.0000e+00
      13028    160.115    -1.1774   2.652590    48.0989    32.8407    26.4090 0.0000e+00
      13030    160.098    -1.1774   2.652601    48.0979    32.8409    26.4093 0.0000e+00
      13032    160.081    -1.1774   2.652596    48.0999    32.8409    26.4091 0.0000e+00
      13034    160.063    -1.1776   2.652575    48.0979    32.8408    26.4091 0.0000e+00
      13036    160.045    -1.1772   2.652577    48.1008    32.8405    26.4088 0.0000e+00
      13038    160.029    -1.1772   2.652575    48.1008    32.8405    26.4088 0.0000e+00
      13040    160.013    -1.1772   2.652552    48.0989    32.8402    26.4085 0.0000e+00
      13042    159.997    -1.1771   2.652594    48.0960    32.8406    26.4089 0.0000e+00
      13044    159.983    -1.1772   2.652677    48.0713    32.8418    26.4098 0.0000e+00
      13046    159.968    -1.1772   2.652797    48.0703    32.8434    26.4113 0.0000e+00
      13048    159.953    -1.1770   2.652916    48.0713    32.8449    26.4125 0.0000e+00
      13050    159.943    -1.1771   2.652997    48.0703    32.8461    26.4134 0.0000e+00
      13052    159.933    -1.1769   2.653108    48.0694    32.8473    26.4144 0.0000e+00
      13054    159.924    -1.1768   2.653164    48.0694    32.8481    26.4149 0.0000e+00
      13056    159.920    -1.1765   2.653213    48.0703    32.8484    26.4153 0.0000e+00
      13058    159.917    -1.1764   2.653245    48.0694    32.8486    26.4155 0.0000e+00
      13060    159.918    -1.1761   2.653261    48.0694    32.8485    26.4154 0.0000e+00
      13062    159.921    -1.1760   2.653270    48.0713    32.8486    26.4154 0.0000e+00
      13064    159.925    -1.1762   2.653258    48.0694    32.8486    26.4155 0.0000e+00
      13066    159.932    -1.1761   2.653270    48.0684    32.8487    26.4155 0.0000e+00
      13068    159.940    -1.1759   2.653232    48.0703    32.8479    26.4149 0.0000e+00
      13070    159.952    -1.1758   2.653198    48.0674    32.8474    26.4145 0.0000e+00
      13072    159.962    -1.1757   2.653143    48.0713    32.8465    26.4136 0.0000e+00
      13074    159.972    -1.1758   2.653019    48.0722    32.8449    26.4125 0.0000e+00
      13076    159.985    -1.1757   2.652915    48.0722    32.8434    26.4111 0.0000e+00
      13078    159.998    -1.1755   2.652849    48.0703    32.8423    26.4102 0.0000e+00
      13080    160.012    -1.1757   2.652763    48.0722    32.8414    26.4095 0.0000e+00
      13082    160.027    -1.1757   2.652677    48.0713    32.8402    26.4085 0.0000e+00
      13084    160.040    -1.1757   2.652642    48.0694    32.8396    26.4081 0.0000e+00
      13086    160.053    -1.1759   2.652623    48.0703    32.8397    26.4081 0.0000e+00
      13088    160.066    -1.1761   2.652618    48.0694    32.8398    26.4083 0.0000e+00
      13090    160.081    -1.1762   2.652609    48.0684    32.8397    26.4082 0.0000e+00
      13092    160.094    -1.1763   2.652609    48.0712    32.8398    26.4083 0.0000e+00
      13094    160.108    -1.1763   2.652611    48.0703    32.8398    26.4083 0.0000e+00
      13096    160.122    -1.1765   2.652605    48.0694    32.8400    26.4084 0.0000e+00
      13098    160.136    -1.1765   2.652609    48.0713    32.8401    26.4085 0.0000e+00
      13100    160.149    -1.1763   2.652575    48.0713    32.8393    26.4079 0.0000e+00
      13102    160.164    -1.1765   2.652576    48.0694    32.8395    26.4081 0.0000e+00
      13104    160.178    -1.1763   2.652549    48.0665    32.8389    26.4076 0.0000e+00
      13106    160.190    -1.1763   2.652537    48.0713    32.8388    26.4074 0.0000e+00
      13108    160.204    -1.1762   2.652518    48.0713    32.8384    26.4072 0.0000e+00
      13110    160.218    -1.1759   2.652525    48.0703    32.8381    26.4070 0.0000e+00
      13112    160.232    -1.1756   2.652498    48.0703    32.8375    26.4064 0.0000e+00
      13114    160.242    -1.1753   2.652496    48.0694    32.8372    26.4061 0.0000e+00
      13116    160.251    -1.1754   2.652484    48.0713    32.8371    26.4060 0.0000e+00
      13118    160.260    -1.1755   2.652483    48.0713    32.8372    26.4061 0.0000e+00
      13120    160.269    -1.1757   2.652471    48.0713    32.8372    26.4062 0.0000e+00
      13122    160.275    -1.1759   2.652471    48.0722    32.8374    26.4063 0.0000e+00
      13124    160.278    -1.1759   2.652461    48.0713    32.8373    26.4062 0.0000e+00
      13126    160.278    -1.1758   2.652466    48.0713    32.8372    26.4062 0.0000e+00
      13128    160.275    -1.1755   2.652489    48.0694    32.8372    26.4061 0.0000e+00
      13130    160.269    -1.1752   2.652513    48.0713    32.8372    26.4061 0.0000e+00
      13132    160.259    -1.1749   2.652555    48.0703    32.8375    26.4064 0.0000e+00
      13134    160.248    -1.1749   2.652569    48.0703    32.8376    26.4065 0.0000e+00
      13136    160.231    -1.1749   2.652576    48.0694    32.8377    26.4066 0.0000e+00
      13138    160.211    -1.1747   2.652512    48.0694    32.8366    26.4057 0.0000e+00
      13140    160.185    -1.1748   2.652447    48.0694    32.8359    26.4051 0.0000e+00
      13142    160.157    -1.1748   2.652380    48.0713    32.8350    26.4043 0.0000e+00
      13144    160.125    -1.1748   2.652344    48.0694    32.8346    26.4040 0.0000e+00
      13146    160.091    -1.1749   2.652344    48.0703    32.8347    26.4041 0.0000e+00
      13148    160.053    -1.1755   2.652334    48.0951    32.8352    26.4046 0.0000e+00
      13150    160.016    -1.1759   2.652338    48.0999    32.8357    26.4049 0.0000e+00
      13152    159.976    -1.1759   2.652339    48.1008    32.8357    26.4049 0.0000e+00
      13154    159.938    -1.1763   2.652306    48.0989    32.8358    26.4049 0.0000e+00
      13156    159.900    -1.1763   2.652330    48.0979    32.8361    26.4053 0.0000e+00
      13158    159.863    -1.1761   2.652332    48.0989    32.8360    26.4052 0.0000e+00
      13160    159.826    -1.1761   2.652366    48.0999    32.8364    26.4055 0.0000e+00
      13162    159.789    -1.1755   2.652430    48.1017    32.8366    26.4057 0.0000e+00
      13164    159.755    -1.1749   2.652525    48.0999    32.8374    26.4063 0.0000e+00
      13166    159.726    -1.1748   2.652648    48.1008    32.8389    26.4076 0.0000e+00
      13168    159.702    -1.1743   2.652747    48.1056    32.8398    26.4081 0.0000e+00
      13170    159.680    -1.1743   2.652859    48.0989    32.8414    26.4094 0.0000e+00
      13172    159.661    -1.1742   2.652933    48.1008    32.8422    26.4101 0.0000e+00
      13174    159.644    -1.1745   2.653020    48.0989    32.8437    26.4113 0.0000e+00
      13176    159.631    -1.1746   2.653092    48.0989    32.8449    26.4123 0.0000e+00
      13178    159.625    -1.1751   2.653144    48.0989    32.8461    26.4133 0.0000e+00
      13180    159.619    -1.1755   2.653193    48.0989    32.8471    26.4142 0.0000e+00
      13182    159.616    -1.1755   2.653218    48.0970    32.8475    26.4145 0.0000e+00
      13184    159.614    -1.1755   2.653218    48.1008    32.8475    26.4145 0.0000e+00
      13186    159.615    -1.1755   2.653237    48.0989    32.8479    26.4148 0.0000e+00
      13188    159.617    -1.1757   2.653265    48.1027    32.8484    26.4153 0.0000e+00
      13190    159.620    -1.1759   2.653259    48.1008    32.8486    26.4153 0.0000e+00
      13192    159.625    -1.1763   2.653208    48.1008    32.8483    26.4151 0.0000e+00
      13194    159.630    -1.1763   2.653133    48.0979    32.8473    26.4143 0.0000e+00
      13196    159.638    -1.1764   2.653010    48.0989    32.8456    26.4130 0.0000e+00
      13198    159.646    -1.1764   2.652905    48.1037    32.8443    26.4119 0.0000e+00
      13200    159.655    -1.1763   2.652819    48.0798    32.8429    26.4108 0.0000e+00
      13202    159.664    -1.1762   2.652793    48.0722    32.8425    26.4104 0.0000e+00
      13204    159.671    -1.1759   2.652760    48.0694    32.8417    26.4098 0.0000e+00
      13206    159.678    -1.1757   2.652787    48.0713    32.8419    26.4100 0.0000e+00
      13208    159.684    -1.1759   2.652768    48.0684    32.8418    26.4098 0.0000e+00
      13210    159.692    -1.1760   2.652782    48.0694    32.8421    26.4101 0.0000e+00
      13212    159.699    -1.1763   2.652782    48.0694    32.8424    26.4104 0.0000e+00
      13214    159.705    -1.1763   2.652788    48.0684    32.8424    26.4104 0.0000e+00
      13216    159.710    -1.1764   2.652849    48.0694    32.8435    26.4112 0.0000e+00
      13218    159.716    -1.1763   2.652923    48.0694    32.8444    26.4119 0.0000e+00
      13220    159.722    -1.1763   2.653004    48.0694    32.8453    26.4128 0.0000e+00
      13222    159.730    -1.1764   2.653084    48.0674    32.8466    26.4138 0.0000e+00
      13224    159.737    -1.1763   2.653154    48.0684    32.8475    26.4145 0.0000e+00
      13226    159.744    -1.1763   2.653252    48.0713    32.8488    26.4156 0.0000e+00
      13228    159.752    -1.1762   2.653344    48.0694    32.8499    26.4165 0.0000e+00
      13230    159.761    -1.1761   2.653421    48.0703    32.8509    26.4173 0.0000e+00
      13232    159.771    -1.1763   2.653486    48.0703    32.8519    26.4181 0.0000e+00
      13234    159.781    -1.1763   2.653522    48.0694    32.8525    26.4185 0.0000e+00
      13236    159.795    -1.1765   2.653537    48.0684    32.8529    26.4188 0.0000e+00
      13238    159.810    -1.1766   2.653549    48.0694    32.8531    26.4191 0.0000e+00
      13240    159.828    -1.1768   2.653550    48.0684    32.8533    26.4192 0.0000e+00
      13242    159.849    -1.1767   2.653567    48.0712    32.8535    26.4193 0.0000e+00
      13244    159.872    -1.1769   2.653537    48.0694    32.8533    26.4192 0.0000e+00
      13246    159.894    -1.1771   2.653564    48.0703    32.8539    26.4197 0.0000e+00
      13248    159.918    -1.1770   2.653541    48.0703    32.8534    26.4194 0.0000e+00
      13250    159.945    -1.1774   2.653505    48.0684    32.8533    26.4193 0.0000e+00
      13252    159.973    -1.1775   2.653466    48.0694    32.8529    26.4189 0.0000e+00
      13254    160.000    -1.1776   2.653403    48.0703    32.8522    26.4184 0.0000e+00
      13256    160.027    -1.1777   2.653322    48.0694    32.8511    26.4175 0.0000e+00
      13258    160.055    -1.1778   2.653240    48.0703    32.8500    26.4167 0.0000e+00
      13260    160.081    -1.1774   2.653152    48.0684    32.8485    26.4154 0.0000e+00
      13262    160.106    -1.1774   2.653104    48.0694    32.8479    26.4149 0.0000e+00
      13264    160.130    -1.1771   2.653093    48.0713    32.8473    26.4143 0.0000e+00
      13266    160.153    -1.1769   2.653039    48.0684    32.8463    26.4136 0.0000e+00
      13268    160.171    -1.1766   2.653022    48.0751    32.8457    26.4130 0.0000e+00
      13270    160.185    -1.1765   2.652962    48.0922    32.8448    26.4124 0.0000e+00
      13272    160.195    -1.1765   2.652906    48.0979    32.8440    26.4117 0.0000e+00
      13274    160.202    -1.1764   2.652878    48.1008    32.8435    26.4113 0.0000e+00
      13276    160.205    -1.1764   2.652854    48.0979    32.8432    26.4110 0.0000e+00
      13278    160.205    -1.1765   2.652832    48.0999    32.8431    26.4109 0.0000e+00
      13280    160.200    -1.1765   2.652772    48.0979    32.8422    26.4102 0.0000e+00
      13282    160.191    -1.1767   2.652721    48.1008    32.8417    26.4098 0.0000e+00
      13284    160.179    -1.1770   2.652703    48.1008    32.8418    26.4099 0.0000e+00
      13286    160.161    -1.1770   2.652674    48.1017    32.8414    26.4096 0.0000e+00
      13288    160.140    -1.1770   2.652678    48.0694    32.8415    26.4097 0.0000e+00
      13290    160.114    -1.1771   2.652650    48.0684    32.8413    26.4095 0.0000e+00
      13292    160.086    -1.1772   2.652646    48.0694    32.8413    26.4095 0.0000e+00
      13294    160.055    -1.1774   2.652637    48.0694    32.8415    26.4097 0.0000e+00
      13296    160.024    -1.1776   2.652624    48.0694    32.8415    26.4098 0.0000e+00
      13298    159.991    -1.1778   2.652644    48.0741    32.8421    26.4102 0.0000e+00
      13300    159.955    -1.1780   2.652624    48.0713    32.8420    26.4101 0.0000e+00
      13302    159.916    -1.1782   2.652636    48.0703    32.8424    26.4104 0.0000e+00
