Datasets/AZMP/TEL211/tel211_2020_001.cnv
* Sea-Bird SBE25plus Data File
* Filename = tel211_2020_001
* Software Version AquireV2 AF V2.0
* System UpLoad Time = Aug 01 2020 11:48:27
** VESSEL/TRIP/SEQ STN: tel211_2020_001
** LATITUDE: 47 32.84 N
** LONGITUDE: 52 35.27 W
** DATE/TIME: 2020-08-01 11:30
** SOUNDING DEPTH (M): 0176
** PROBE TYPE: S1101
** CTD NUMBER:    
** COMMENTS (14 CHAR): STN. 27
# nquan = 8
# nvalues = 8955                        
# units = specified
# name 0 = scan: Scan Count
# name 1 = prdM: Pressure, Strain Gauge [db]
# name 2 = t090C: Temperature [ITS-90, deg C]
# name 3 = c0S/m: Conductivity [S/m]
# name 4 = flECO-AFL: Fluorescence, WET Labs ECO-AFL/FL [mg/m^3]
# name 5 = sal00: Salinity, Practical [PSU]
# name 6 = sigma-t00: Density [sigma-t, kg/m^3 ]
# name 7 = flag: flag
# span 0 =          2,      17910       
# span 1 =      0.088,    174.906       
# span 2 =    -1.4253,    20.9829       
# span 3 =  -0.016334,   3.988221       
# span 4 =    -0.1387,    60.6581       
# span 5 =     0.0000,    34.9535       
# span 6 =    -1.9915,    27.5646       
# span 7 = 0.0000e+00, 0.0000e+00       
# interval = scans: 2                   
# start_time = Aug 01 2020 11:30:42 [Instrument's time stamp, header]
# bad_flag = -9.990e-29
*END*
[from data line 5214]
      10430    149.293    -1.1885   2.649030    48.5242    32.8109    26.3852 0.0000e+00
      10432    149.247    -1.1836   2.648955    48.5233    32.8045    26.3800 0.0000e+00
      10434    149.199    -1.1796   2.648900    48.5233    32.7995    26.3757 0.0000e+00
      10436    149.151    -1.1784   2.648811    48.5251    32.7969    26.3736 0.0000e+00
      10438    149.101    -1.1773   2.648697    48.5233    32.7942    26.3714 0.0000e+00
      10440    149.048    -1.1786   2.648549    48.5233    32.7937    26.3709 0.0000e+00
      10442    148.995    -1.1816   2.648356    48.5014    32.7944    26.3715 0.0000e+00
      10444    148.940    -1.1849   2.648101    48.4947    32.7944    26.3718 0.0000e+00
      10446    148.882    -1.1879   2.647889    48.4947    32.7950    26.3723 0.0000e+00
      10448    148.822    -1.1881   2.647695    48.4937    32.7926    26.3704 0.0000e+00
      10450    148.762    -1.1907   2.647461    48.4928    32.7922    26.3702 0.0000e+00
      10452    148.701    -1.1938   2.647272    48.4947    32.7931    26.3710 0.0000e+00
      10454    148.637    -1.1942   2.647140    48.4947    32.7918    26.3699 0.0000e+00
      10456    148.569    -1.1958   2.646991    48.4918    32.7916    26.3698 0.0000e+00
      10458    148.501    -1.1997   2.646726    48.4937    32.7922    26.3704 0.0000e+00
      10460    148.433    -1.2012   2.646457    48.4937    32.7902    26.3688 0.0000e+00
      10462    148.366    -1.2017   2.646196    48.4928    32.7873    26.3665 0.0000e+00
      10464    148.300    -1.2042   2.645894    48.4947    32.7860    26.3655 0.0000e+00
      10466    148.235    -1.2050   2.645659    48.4947    32.7835    26.3636 0.0000e+00
      10468    148.166    -1.2057   2.645450    48.4928    32.7816    26.3620 0.0000e+00
      10470    148.096    -1.2066   2.645242    48.4937    32.7797    26.3605 0.0000e+00
      10472    148.026    -1.2093   2.644959    48.4918    32.7789    26.3599 0.0000e+00
      10474    147.958    -1.2135   2.644734    48.4928    32.7806    26.3614 0.0000e+00
      10476    147.893    -1.2163   2.644639    48.5071    32.7822    26.3628 0.0000e+00
      10478    147.829    -1.2169   2.644479    48.5251    32.7809    26.3617 0.0000e+00
      10480    147.765    -1.2161   2.644293    48.5251    32.7775    26.3589 0.0000e+00
      10482    147.701    -1.2212   2.644184    48.5251    32.7815    26.3624 0.0000e+00
      10484    147.637    -1.2262   2.644122    48.5261    32.7862    26.3663 0.0000e+00
      10486    147.576    -1.2312   2.644012    48.5233    32.7903    26.3698 0.0000e+00
      10488    147.516    -1.2338   2.643938    48.5233    32.7921    26.3714 0.0000e+00
      10490    147.456    -1.2363   2.643928    48.5242    32.7947    26.3735 0.0000e+00
      10492    147.397    -1.2371   2.643943    48.5242    32.7959    26.3745 0.0000e+00
      10494    147.339    -1.2377   2.643889    48.5262    32.7959    26.3745 0.0000e+00
      10496    147.282    -1.2380   2.643846    48.5251    32.7955    26.3743 0.0000e+00
      10498    147.226    -1.2397   2.643870    48.5242    32.7978    26.3761 0.0000e+00
      10500    147.170    -1.2423   2.643859    48.5299    32.8006    26.3784 0.0000e+00
      10502    147.114    -1.2447   2.643883    48.5242    32.8035    26.3809 0.0000e+00
      10504    147.061    -1.2473   2.643867    48.5262    32.8062    26.3832 0.0000e+00
      10506    147.008    -1.2487   2.643897    48.5242    32.8081    26.3848 0.0000e+00
      10508    146.956    -1.2491   2.643946    48.5233    32.8092    26.3856 0.0000e+00
      10510    146.906    -1.2496   2.643948    48.5223    32.8100    26.3863 0.0000e+00
      10512    146.856    -1.2495   2.643969    48.5251    32.8102    26.3864 0.0000e+00
      10514    146.805    -1.2490   2.643969    48.5261    32.8097    26.3860 0.0000e+00
      10516    146.757    -1.2480   2.643997    48.5242    32.8089    26.3854 0.0000e+00
      10518    146.708    -1.2462   2.643977    48.5223    32.8068    26.3836 0.0000e+00
      10520    146.660    -1.2447   2.643955    48.5223    32.8047    26.3819 0.0000e+00
      10522    146.613    -1.2431   2.643917    48.5271    32.8025    26.3801 0.0000e+00
      10524    146.565    -1.2414   2.643879    48.5233    32.8002    26.3781 0.0000e+00
      10526    146.518    -1.2401   2.643826    48.5242    32.7981    26.3764 0.0000e+00
      10528    146.471    -1.2410   2.643787    48.5261    32.7986    26.3768 0.0000e+00
      10530    146.424    -1.2428   2.643714    48.5242    32.7996    26.3777 0.0000e+00
      10532    146.377    -1.2429   2.643658    48.5242    32.7989    26.3771 0.0000e+00
      10534    146.331    -1.2419   2.643602    48.5261    32.7971    26.3756 0.0000e+00
      10536    146.286    -1.2426   2.643549    48.5261    32.7972    26.3758 0.0000e+00
      10538    146.241    -1.2432   2.643527    48.5242    32.7976    26.3760 0.0000e+00
      10540    146.195    -1.2426   2.643505    48.5242    32.7966    26.3753 0.0000e+00
      10542    146.150    -1.2399   2.643517    48.5251    32.7939    26.3729 0.0000e+00
      10544    146.105    -1.2374   2.643531    48.5271    32.7914    26.3709 0.0000e+00
      10546    146.061    -1.2372   2.643504    48.5233    32.7908    26.3704 0.0000e+00
      10548    146.019    -1.2372   2.643564    48.5233    32.7917    26.3710 0.0000e+00
      10550    145.976    -1.2356   2.643625    48.5223    32.7908    26.3703 0.0000e+00
      10552    145.935    -1.2336   2.643657    48.5251    32.7891    26.3689 0.0000e+00
      10554    145.892    -1.2313   2.643628    48.5242    32.7861    26.3664 0.0000e+00
      10556    145.850    -1.2296   2.643656    48.5242    32.7847    26.3652 0.0000e+00
      10558    145.808    -1.2287   2.643733    48.5223    32.7848    26.3653 0.0000e+00
      10560    145.768    -1.2281   2.643764    48.5242    32.7846    26.3651 0.0000e+00
      10562    145.729    -1.2275   2.643771    48.5242    32.7841    26.3646 0.0000e+00
      10564    145.690    -1.2270   2.643793    48.5233    32.7837    26.3643 0.0000e+00
      10566    145.652    -1.2265   2.643793    48.5233    32.7833    26.3640 0.0000e+00
      10568    145.613    -1.2266   2.643776    48.5251    32.7831    26.3638 0.0000e+00
      10570    145.572    -1.2266   2.643749    48.5261    32.7829    26.3637 0.0000e+00
      10572    145.529    -1.2273   2.643657    48.5251    32.7824    26.3632 0.0000e+00
      10574    145.486    -1.2293   2.643515    48.5242    32.7827    26.3636 0.0000e+00
      10576    145.442    -1.2331   2.643369    48.5223    32.7848    26.3653 0.0000e+00
      10578    145.397    -1.2392   2.643202    48.5223    32.7892    26.3692 0.0000e+00
      10580    145.351    -1.2443   2.643034    48.5271    32.7926    26.3719 0.0000e+00
      10582    145.301    -1.2477   2.642837    48.5528    32.7937    26.3730 0.0000e+00
      10584    145.250    -1.2485   2.642697    48.5548    32.7927    26.3723 0.0000e+00
      10586    145.197    -1.2470   2.642581    48.5558    32.7893    26.3696 0.0000e+00
      10588    145.140    -1.2441   2.642469    48.5538    32.7848    26.3657 0.0000e+00
      10590    145.084    -1.2409   2.642427    48.5538    32.7807    26.3623 0.0000e+00
      10592    145.025    -1.2382   2.642367    48.5528    32.7770    26.3592 0.0000e+00
      10594    144.962    -1.2351   2.642317    48.5509    32.7729    26.3558 0.0000e+00
      10596    144.897    -1.2350   2.642260    48.5548    32.7721    26.3551 0.0000e+00
      10598    144.830    -1.2357   2.642163    48.5528    32.7715    26.3546 0.0000e+00
      10600    144.760    -1.2400   2.642105    48.5538    32.7755    26.3580 0.0000e+00
      10602    144.689    -1.2437   2.642077    48.5567    32.7793    26.3612 0.0000e+00
      10604    144.616    -1.2448   2.642070    48.5538    32.7804    26.3622 0.0000e+00
      10606    144.542    -1.2472   2.641996    48.5538    32.7821    26.3636 0.0000e+00
      10608    144.466    -1.2498   2.641896    48.5548    32.7837    26.3650 0.0000e+00
      10610    144.387    -1.2524   2.641845    48.5548    32.7857    26.3667 0.0000e+00
      10612    144.309    -1.2548   2.641777    48.5538    32.7875    26.3682 0.0000e+00
      10614    144.229    -1.2553   2.641702    48.5519    32.7871    26.3679 0.0000e+00
      10616    144.150    -1.2567   2.641654    48.5357    32.7880    26.3687 0.0000e+00
      10618    144.072    -1.2575   2.641623    48.5233    32.7885    26.3691 0.0000e+00
      10620    143.993    -1.2588   2.641622    48.5233    32.7899    26.3704 0.0000e+00
      10622    143.915    -1.2599   2.641623    48.5242    32.7912    26.3714 0.0000e+00
      10624    143.841    -1.2602   2.641648    48.5242    32.7920    26.3720 0.0000e+00
      10626    143.768    -1.2609   2.641652    48.5233    32.7928    26.3727 0.0000e+00
      10628    143.697    -1.2628   2.641681    48.5233    32.7954    26.3749 0.0000e+00
      10630    143.629    -1.2636   2.641712    48.5233    32.7967    26.3759 0.0000e+00
      10632    143.564    -1.2626   2.641765    48.5233    32.7964    26.3757 0.0000e+00
      10634    143.502    -1.2618   2.641823    48.5251    32.7963    26.3756 0.0000e+00
      10636    143.444    -1.2616   2.641840    48.5223    32.7964    26.3756 0.0000e+00
      10638    143.387    -1.2613   2.641903    48.5223    32.7969    26.3760 0.0000e+00
      10640    143.334    -1.2613   2.642013    48.5233    32.7985    26.3773 0.0000e+00
      10642    143.286    -1.2612   2.642146    48.5242    32.8003    26.3787 0.0000e+00
      10644    143.242    -1.2611   2.642386    48.5233    32.8033    26.3813 0.0000e+00
      10646    143.202    -1.2610   2.642673    48.5261    32.8072    26.3844 0.0000e+00
      10648    143.165    -1.2610   2.642993    48.5242    32.8117    26.3880 0.0000e+00
      10650    143.129    -1.2611   2.643305    48.5299    32.8160    26.3915 0.0000e+00
      10652    143.095    -1.2614   2.643489    48.5538    32.8188    26.3938 0.0000e+00
      10654    143.062    -1.2620   2.643510    48.5538    32.8200    26.3947 0.0000e+00
      10656    143.031    -1.2634   2.643644    48.5548    32.8233    26.3974 0.0000e+00
      10658    143.003    -1.2648   2.643793    48.5548    32.8268    26.4004 0.0000e+00
      10660    142.976    -1.2658   2.643912    48.5547    32.8297    26.4027 0.0000e+00
      10662    142.951    -1.2666   2.643896    48.5528    32.8302    26.4031 0.0000e+00
      10664    142.926    -1.2672   2.643815    48.5528    32.8298    26.4029 0.0000e+00
      10666    142.901    -1.2673   2.643617    48.5538    32.8272    26.4008 0.0000e+00
      10668    142.875    -1.2674   2.643210    48.5385    32.8218    26.3964 0.0000e+00
      10670    142.848    -1.2668   2.642893    48.5233    32.8169    26.3924 0.0000e+00
      10672    142.820    -1.2662   2.642798    48.5195    32.8149    26.3907 0.0000e+00
      10674    142.791    -1.2652   2.642694    48.5223    32.8124    26.3887 0.0000e+00
      10676    142.760    -1.2647   2.642554    48.5223    32.8100    26.3867 0.0000e+00
      10678    142.726    -1.2642   2.642335    48.5223    32.8064    26.3838 0.0000e+00
      10680    142.690    -1.2634   2.642046    48.5233    32.8016    26.3800 0.0000e+00
      10682    142.650    -1.2610   2.641865    48.5213    32.7965    26.3758 0.0000e+00
      10684    142.608    -1.2558   2.641787    48.5233    32.7899    26.3702 0.0000e+00
      10686    142.562    -1.2515   2.641789    48.5242    32.7852    26.3663 0.0000e+00
      10688    142.512    -1.2483   2.641765    48.5233    32.7814    26.3630 0.0000e+00
      10690    142.462    -1.2449   2.641716    48.5233    32.7769    26.3593 0.0000e+00
      10692    142.408    -1.2425   2.641675    48.5242    32.7738    26.3568 0.0000e+00
      10694    142.351    -1.2412   2.641567    48.5233    32.7709    26.3544 0.0000e+00
      10696    142.288    -1.2418   2.641488    48.5242    32.7706    26.3541 0.0000e+00
      10698    142.223    -1.2434   2.641423    48.5242    32.7716    26.3550 0.0000e+00
      10700    142.156    -1.2454   2.641290    48.5223    32.7719    26.3552 0.0000e+00
      10702    142.084    -1.2469   2.641172    48.5213    32.7720    26.3554 0.0000e+00
      10704    142.010    -1.2488   2.641049    48.5223    32.7724    26.3558 0.0000e+00
      10706    141.935    -1.2502   2.640945    48.5223    32.7726    26.3560 0.0000e+00
      10708    141.861    -1.2504   2.640861    48.5213    32.7716    26.3552 0.0000e+00
      10710    141.786    -1.2507   2.640764    48.5233    32.7708    26.3545 0.0000e+00
      10712    141.711    -1.2525   2.640640    48.5233    32.7711    26.3548 0.0000e+00
      10714    141.635    -1.2538   2.640553    48.5223    32.7713    26.3550 0.0000e+00
      10716    141.558    -1.2548   2.640488    48.5233    32.7716    26.3552 0.0000e+00
      10718    141.480    -1.2557   2.640445    48.5242    32.7720    26.3556 0.0000e+00
      10720    141.404    -1.2574   2.640410    48.5233    32.7734    26.3569 0.0000e+00
      10722    141.329    -1.2592   2.640347    48.5233    32.7746    26.3578 0.0000e+00
      10724    141.257    -1.2616   2.640242    48.5233    32.7758    26.3590 0.0000e+00
      10726    141.186    -1.2628   2.640238    48.5223    32.7772    26.3601 0.0000e+00
      10728    141.115    -1.2621   2.640267    48.5223    32.7768    26.3597 0.0000e+00
      10730    141.046    -1.2620   2.640246    48.5223    32.7764    26.3595 0.0000e+00
      10732    140.979    -1.2624   2.640277    48.5223    32.7773    26.3602 0.0000e+00
      10734    140.911    -1.2623   2.640305    48.5223    32.7777    26.3605 0.0000e+00
      10736    140.845    -1.2628   2.640331    48.5233    32.7787    26.3613 0.0000e+00
      10738    140.781    -1.2639   2.640299    48.5223    32.7794    26.3620 0.0000e+00
      10740    140.720    -1.2647   2.640280    48.5233    32.7801    26.3625 0.0000e+00
      10742    140.660    -1.2641   2.640261    48.5233    32.7793    26.3618 0.0000e+00
      10744    140.602    -1.2637   2.640305    48.5251    32.7794    26.3620 0.0000e+00
      10746    140.548    -1.2640   2.640338    48.5233    32.7802    26.3626 0.0000e+00
      10748    140.495    -1.2645   2.640360    48.5242    32.7812    26.3634 0.0000e+00
      10750    140.443    -1.2645   2.640317    48.5261    32.7805    26.3628 0.0000e+00
      10752    140.394    -1.2645   2.640382    48.5223    32.7814    26.3636 0.0000e+00
      10754    140.348    -1.2644   2.640420    48.5271    32.7819    26.3640 0.0000e+00
      10756    140.303    -1.2642   2.640464    48.5233    32.7823    26.3643 0.0000e+00
      10758    140.258    -1.2640   2.640532    48.5233    32.7831    26.3649 0.0000e+00
      10760    140.213    -1.2637   2.640584    48.5251    32.7835    26.3652 0.0000e+00
      10762    140.170    -1.2630   2.640579    48.5242    32.7827    26.3646 0.0000e+00
      10764    140.127    -1.2628   2.640622    48.5242    32.7831    26.3648 0.0000e+00
      10766    140.084    -1.2624   2.640655    48.5233    32.7831    26.3648 0.0000e+00
      10768    140.043    -1.2623   2.640598    48.5242    32.7822    26.3642 0.0000e+00
      10770    140.000    -1.2618   2.640497    48.5243    32.7803    26.3625 0.0000e+00
      10772    139.957    -1.2614   2.640357    48.5251    32.7780    26.3607 0.0000e+00
      10774    139.913    -1.2624   2.640262    48.5233    32.7779    26.3606 0.0000e+00
      10776    139.869    -1.2643   2.640163    48.5242    32.7786    26.3613 0.0000e+00
      10778    139.825    -1.2660   2.640085    48.5233    32.7794    26.3620 0.0000e+00
      10780    139.779    -1.2657   2.640026    48.5242    32.7783    26.3611 0.0000e+00
      10782    139.732    -1.2634   2.639957    48.5242    32.7749    26.3582 0.0000e+00
      10784    139.684    -1.2611   2.639921    48.5233    32.7719    26.3558 0.0000e+00
      10786    139.636    -1.2576   2.639864    48.5233    32.7673    26.3519 0.0000e+00
