Datasets/AZMP/TEL211/tel211_2020_005.cnv
* Sea-Bird SBE25plus Data File
* Filename = tel211_2020_005
* Software Version AquireV2 AF V2.0
* System UpLoad Time = Aug 05 2020 11:01:38
** VESSEL/TRIP/SEQ STN: tel211_2020_005
** LATITUDE: 47 50.92 N
** LONGITUDE: 053 53.75 W
** DATE/TIME: 2020-08-05 10:25
** SOUNDING DEPTH (M): 81.2
** PROBE TYPE: S1101
** CTD NUMBER: 000
** COMMENTS (14 CHAR): Bull Arm,5
# nquan = 8
# nvalues = 16789                       
# units = specified
# name 0 = scan: Scan Count
# name 1 = prdM: Pressure, Strain Gauge [db]
# name 2 = t090C: Temperature [ITS-90, deg C]
# name 3 = c0S/m: Conductivity [S/m]
# name 4 = flECO-AFL: Fluorescence, WET Labs ECO-AFL/FL [mg/m^3]
# name 5 = sal00: Salinity, Practical [PSU]
# name 6 = sigma-t00: Density [sigma-t, kg/m^3 ]
# name 7 = flag: flag
# span 0 =          2,      33578       
# span 1 =      0.223,     81.236       
# span 2 =     1.0071,    15.9610       
# span 3 =   0.000630,   3.959033       
# span 4 =    -0.1387,    58.0478       
# span 5 =     0.0092,    33.6557       
# span 6 =    -0.7983,    26.1803       
# span 7 = 0.0000e+00, 0.0000e+00       
# interval = scans: 2                   
# start_time = Aug 05 2020 10:25:56 [Instrument's time stamp, header]
# bad_flag = -9.990e-29
*END*
[from data line 11506]
      23014      9.949    10.1067   3.670601    54.3122    33.4833    25.7497 0.0000e+00
      23016      9.973    10.1065   3.669007    54.3102    33.4673    25.7373 0.0000e+00
      23018      9.995    10.1069   3.668686    54.3112    33.4637    25.7343 0.0000e+00
      23020     10.016    10.1052   3.668649    54.3122    33.4648    25.7356 0.0000e+00
      23022     10.037    10.1026   3.668144    54.3102    33.4621    25.7339 0.0000e+00
      23024     10.057    10.0965   3.666195    54.3112    33.4479    25.7238 0.0000e+00
      23026     10.075    10.0946   3.664203    54.3122    33.4295    25.7098 0.0000e+00
      23028     10.096    10.0936   3.662871    54.3131    33.4169    25.7001 0.0000e+00
      23030     10.120    10.0879   3.661745    54.2978    33.4107    25.6962 0.0000e+00
      23032     10.141    10.0823   3.661046    54.2826    33.4088    25.6957 0.0000e+00
      23034     10.160    10.0814   3.660699    54.2826    33.4060    25.6938 0.0000e+00
      23036     10.181    10.0787   3.659932    54.2816    33.4007    25.6900 0.0000e+00
      23038     10.203    10.0718   3.659094    54.2826    33.3986    25.6895 0.0000e+00
      23040     10.224    10.0663   3.658130    54.2816    33.3939    25.6868 0.0000e+00
      23042     10.245    10.0588   3.656715    54.2816    33.3864    25.6822 0.0000e+00
      23044     10.267    10.0431   3.655457    54.2816    33.3882    25.6862 0.0000e+00
      23046     10.288    10.0329   3.654382    54.2816    33.3867    25.6868 0.0000e+00
      23048     10.310    10.0288   3.653426    54.1080    33.3807    25.6828 0.0000e+00
      23050     10.331    10.0197   3.652625    54.0357    33.3809    25.6845 0.0000e+00
      23052     10.352    10.0101   3.651548    54.0357    33.3789    25.6845 0.0000e+00
      23054     10.373     9.9997   3.650094    54.0357    33.3736    25.6822 0.0000e+00
      23056     10.394     9.9931   3.648211    54.0347    33.3607    25.6732 0.0000e+00
      23058     10.414     9.9910   3.646323    54.0357    33.3434    25.6600 0.0000e+00
      23060     10.433     9.9839   3.644638    54.0385    33.3327    25.6529 0.0000e+00
      23062     10.452     9.9757   3.643078    54.0357    33.3243    25.6478 0.0000e+00
      23064     10.472     9.9718   3.641171    54.0346    33.3086    25.6361 0.0000e+00
      23066     10.494     9.9705   3.639273    54.5458    33.2905    25.6221 0.0000e+00
      23068     10.515     9.9680   3.637040    54.5563    33.2701    25.6067 0.0000e+00
      23070     10.535     9.9642   3.635057    54.5592    33.2533    25.5941 0.0000e+00
      23072     10.555     9.9606   3.632905    54.5611    33.2348    25.5803 0.0000e+00
      23074     10.575     9.9572   3.630660    54.5573    33.2151    25.5656 0.0000e+00
      23076     10.594     9.9515   3.627634    54.5583    33.1895    25.5465 0.0000e+00
      23078     10.615     9.9475   3.624470    54.5602    33.1609    25.5249 0.0000e+00
      23080     10.637     9.9425   3.621981    54.5602    33.1402    25.5096 0.0000e+00
      23082     10.659     9.9385   3.619445    54.4590    33.1180    25.4929 0.0000e+00
      23084     10.681     9.9422   3.616942    54.1882    33.0892    25.4698 0.0000e+00
      23086     10.701     9.9430   3.614344    54.1882    33.0620    25.4485 0.0000e+00
      23088     10.723     9.9421   3.611400    54.1939    33.0329    25.4258 0.0000e+00
      23090     10.745     9.9414   3.608229    54.1892    33.0012    25.4012 0.0000e+00
      23092     10.765     9.9388   3.605156    54.1911    32.9724    25.3791 0.0000e+00
      23094     10.788     9.9380   3.602220    54.1911    32.9433    25.3566 0.0000e+00
      23096     10.811     9.9352   3.599661    54.1901    32.9198    25.3387 0.0000e+00
      23098     10.834     9.9294   3.597313    54.1902    32.9011    25.3251 0.0000e+00
      23100     10.857     9.9249   3.595161    54.2159    32.8834    25.3120 0.0000e+00
      23102     10.880     9.9224   3.593154    54.2511    32.8653    25.2983 0.0000e+00
      23104     10.903     9.9188   3.591207    54.2521    32.8486    25.2859 0.0000e+00
      23106     10.925     9.9133   3.589822    54.2550    32.8397    25.2798 0.0000e+00
      23108     10.946     9.9119   3.588438    54.2493    32.8269    25.2700 0.0000e+00
      23110     10.966     9.9094   3.587074    54.2502    32.8153    25.2614 0.0000e+00
      23112     10.985     9.9015   3.585752    54.2483    32.8089    25.2578 0.0000e+00
      23114     11.006     9.8950   3.584305    54.2511    32.8002    25.2520 0.0000e+00
      23116     11.026     9.8912   3.583214    54.2511    32.7925    25.2466 0.0000e+00
      23118     11.047     9.8865   3.582200    54.2531    32.7864    25.2426 0.0000e+00
      23120     11.070     9.8833   3.581117    54.2511    32.7783    25.2369 0.0000e+00
      23122     11.092     9.8722   3.580523    54.2511    32.7824    25.2419 0.0000e+00
      23124     11.112     9.8590   3.579941    54.2521    32.7884    25.2488 0.0000e+00
      23126     11.133     9.8513   3.579389    54.2483    32.7898    25.2512 0.0000e+00
      23128     11.154     9.8423   3.578783    54.2521    32.7918    25.2541 0.0000e+00
      23130     11.176     9.8258   3.578051    54.2521    32.7994    25.2628 0.0000e+00
      23132     11.197     9.8140   3.577540    54.2502    32.8049    25.2691 0.0000e+00
      23134     11.218     9.8046   3.577317    54.2435    32.8111    25.2755 0.0000e+00
      23136     11.238     9.7960   3.576830    54.1577    32.8140    25.2792 0.0000e+00
      23138     11.258     9.7877   3.576419    54.1586    32.8174    25.2831 0.0000e+00
      23140     11.281     9.7814   3.575476    54.1586    32.8135    25.2812 0.0000e+00
      23142     11.304     9.7751   3.574637    54.1577    32.8107    25.2799 0.0000e+00
      23144     11.326     9.7693   3.574041    54.1595    32.8098    25.2802 0.0000e+00
      23146     11.348     9.7648   3.573406    54.1586    32.8075    25.2792 0.0000e+00
      23148     11.368     9.7631   3.572502    54.1605    32.7998    25.2735 0.0000e+00
      23150     11.390     9.7579   3.571474    54.1605    32.7940    25.2698 0.0000e+00
      23152     11.412     9.7541   3.570459    54.1157    32.7871    25.2650 0.0000e+00
      23154     11.434     9.7467   3.569402    54.0328    32.7831    25.2631 0.0000e+00
      23156     11.454     9.7392   3.568379    54.0327    32.7795    25.2615 0.0000e+00
      23158     11.474     9.7324   3.567108    54.0347    32.7728    25.2573 0.0000e+00
      23160     11.494     9.7263   3.566205    54.0346    32.7690    25.2555 0.0000e+00
      23162     11.513     9.7204   3.565243    54.0347    32.7646    25.2529 0.0000e+00
      23164     11.534     9.7158   3.564353    54.0375    32.7596    25.2498 0.0000e+00
      23166     11.555     9.7079   3.563638    54.0357    32.7595    25.2510 0.0000e+00
      23168     11.576     9.6977   3.562878    54.0357    32.7610    25.2539 0.0000e+00
      23170     11.598     9.6883   3.561897    54.2969    32.7595    25.2542 0.0000e+00
      23172     11.621     9.6767   3.561006    54.4647    32.7610    25.2572 0.0000e+00
      23174     11.643     9.6709   3.559690    54.4676    32.7528    25.2518 0.0000e+00
      23176     11.664     9.6669   3.558708    54.4657    32.7464    25.2476 0.0000e+00
      23178     11.685     9.6636   3.557562    54.4676    32.7378    25.2413 0.0000e+00
      23180     11.707     9.6585   3.556277    54.4647    32.7292    25.2354 0.0000e+00
      23182     11.727     9.6485   3.555122    54.4657    32.7266    25.2349 0.0000e+00
      23184     11.749     9.6415   3.554268    54.4676    32.7241    25.2342 0.0000e+00
      23186     11.771     9.6409   3.553652    54.4667    32.7184    25.2298 0.0000e+00
      23188     11.792     9.6403   3.552677    54.3580    32.7088    25.2225 0.0000e+00
      23190     11.812     9.6307   3.552080    54.3465    32.7116    25.2261 0.0000e+00
      23192     11.832     9.6187   3.551606    54.3436    32.7176    25.2328 0.0000e+00
      23194     11.852     9.6077   3.551183    54.3427    32.7233    25.2390 0.0000e+00
      23196     11.874     9.6011   3.550589    54.3427    32.7233    25.2401 0.0000e+00
      23198     11.896     9.5962   3.549821    54.3408    32.7198    25.2382 0.0000e+00
      23200     11.918     9.5798   3.549158    54.3427    32.7280    25.2473 0.0000e+00
      23202     11.941     9.5564   3.549059    54.3427    32.7484    25.2670 0.0000e+00
      23204     11.962     9.5183   3.548487    54.3684    32.7772    25.2957 0.0000e+00
      23206     11.983     9.4997   3.548075    54.5306    32.7900    25.3086 0.0000e+00
      23208     12.003     9.4924   3.547471    54.5287    32.7905    25.3103 0.0000e+00
      23210     12.022     9.4821   3.546873    54.5258    32.7938    25.3144 0.0000e+00
      23212     12.043     9.4794   3.546427    54.5258    32.7916    25.3131 0.0000e+00
      23214     12.064     9.4718   3.545780    54.5277    32.7920    25.3147 0.0000e+00
      23216     12.088     9.4467   3.544709    54.5277    32.8038    25.3280 0.0000e+00
      23218     12.110     9.4232   3.543793    54.5268    32.8160    25.3413 0.0000e+00
      23220     12.132     9.4134   3.542868    54.5277    32.8154    25.3424 0.0000e+00
      23222     12.154     9.4062   3.542110    54.4505    32.8143    25.3426 0.0000e+00
      23224     12.175     9.3776   3.541108    54.3388    32.8301    25.3596 0.0000e+00
      23226     12.195     9.3459   3.540361    54.3427    32.8516    25.3815 0.0000e+00
      23228     12.214     9.3293   3.539693    54.3417    32.8599    25.3907 0.0000e+00
      23230     12.233     9.3161   3.539230    54.3417    32.8674    25.3986 0.0000e+00
      23232     12.253     9.2980   3.538616    54.3436    32.8775    25.4094 0.0000e+00
      23234     12.272     9.2842   3.538092    54.3408    32.8849    25.4173 0.0000e+00
      23236     12.291     9.2761   3.537527    54.3427    32.8865    25.4199 0.0000e+00
      23238     12.311     9.2680   3.536547    54.3417    32.8838    25.4191 0.0000e+00
      23240     12.331     9.2660   3.535249    54.4209    32.8722    25.4104 0.0000e+00
      23242     12.352     9.2695   3.534003    54.4647    32.8561    25.3972 0.0000e+00
      23244     12.374     9.2652   3.532446    54.4657    32.8440    25.3884 0.0000e+00
      23246     12.394     9.2587   3.530894    54.4647    32.8339    25.3815 0.0000e+00
      23248     12.413     9.2519   3.529825    54.4676    32.8291    25.3790 0.0000e+00
      23250     12.433     9.2430   3.528474    54.4657    32.8234    25.3758 0.0000e+00
      23252     12.453     9.2351   3.527420    54.4667    32.8197    25.3742 0.0000e+00
      23254     12.473     9.2321   3.526597    54.4657    32.8140    25.3702 0.0000e+00
      23256     12.493     9.2313   3.525725    54.4647    32.8056    25.3638 0.0000e+00
      23258     12.515     9.2293   3.524842    53.9641    32.7983    25.3584 0.0000e+00
      23260     12.538     9.2220   3.524080    53.9421    32.7972    25.3586 0.0000e+00
      23262     12.560     9.2183   3.523295    53.9450    32.7925    25.3556 0.0000e+00
      23264     12.580     9.2185   3.522544    53.9431    32.7845    25.3493 0.0000e+00
      23266     12.601     9.2188   3.521774    53.9441    32.7763    25.3427 0.0000e+00
      23268     12.621     9.2165   3.520751    53.9431    32.7677    25.3365 0.0000e+00
      23270     12.639     9.2175   3.519645    53.9421    32.7554    25.3267 0.0000e+00
      23272     12.659     9.2185   3.518547    53.9431    32.7432    25.3169 0.0000e+00
      23274     12.680     9.2178   3.517340    53.9059    32.7313    25.3077 0.0000e+00
      23276     12.700     9.2138   3.516341    53.7390    32.7246    25.3032 0.0000e+00
      23278     12.720     9.2112   3.515416    53.7400    32.7174    25.2980 0.0000e+00
      23280     12.741     9.2091   3.514350    53.7400    32.7083    25.2912 0.0000e+00
      23282     12.762     9.2063   3.513500    53.7418    32.7022    25.2868 0.0000e+00
      23284     12.785     9.2037   3.512904    53.7409    32.6983    25.2842 0.0000e+00
      23286     12.808     9.2032   3.512186    53.7428    32.6914    25.2788 0.0000e+00
      23288     12.829     9.2023   3.511620    53.7409    32.6863    25.2750 0.0000e+00
      23290     12.851     9.2013   3.510850    53.7390    32.6792    25.2697 0.0000e+00
      23292     12.872     9.1979   3.510294    53.6570    32.6766    25.2682 0.0000e+00
      23294     12.892     9.1965   3.509884    53.5568    32.6737    25.2661 0.0000e+00
      23296     12.911     9.1971   3.509633    53.5606    32.6705    25.2634 0.0000e+00
      23298     12.932     9.1977   3.509193    53.5597    32.6654    25.2593 0.0000e+00
      23300     12.952     9.1989   3.508889    53.5597    32.6611    25.2559 0.0000e+00
      23302     12.973     9.1971   3.508986    53.5588    32.6638    25.2583 0.0000e+00
      23304     12.994     9.1964   3.509157    53.5578    32.6662    25.2602 0.0000e+00
      23306     13.014     9.1966   3.509002    53.5578    32.6643    25.2587 0.0000e+00
      23308     13.035     9.1984   3.508773    53.5597    32.6604    25.2554 0.0000e+00
      23310     13.056     9.1983   3.508412    53.6484    32.6566    25.2525 0.0000e+00
      23312     13.078     9.1944   3.508247    53.6818    32.6586    25.2546 0.0000e+00
      23314     13.101     9.1906   3.507678    53.6827    32.6561    25.2533 0.0000e+00
      23316     13.123     9.1873   3.506757    53.6818    32.6496    25.2487 0.0000e+00
      23318     13.144     9.1856   3.506070    53.6799    32.6441    25.2446 0.0000e+00
      23320     13.165     9.1841   3.505197    53.6799    32.6364    25.2388 0.0000e+00
      23322     13.186     9.1819   3.504416    53.6827    32.6303    25.2345 0.0000e+00
      23324     13.207     9.1785   3.503674    53.6809    32.6257    25.2314 0.0000e+00
      23326     13.229     9.1716   3.503057    53.6809    32.6257    25.2325 0.0000e+00
      23328     13.250     9.1662   3.502275    53.8478    32.6226    25.2309 0.0000e+00
      23330     13.272     9.1617   3.501470    53.8505    32.6183    25.2282 0.0000e+00
      23332     13.294     9.1603   3.500777    53.8496    32.6124    25.2238 0.0000e+00
      23334     13.316     9.1582   3.500040    53.8496    32.6067    25.2197 0.0000e+00
      23336     13.339     9.1547   3.499287    53.8554    32.6020    25.2166 0.0000e+00
      23338     13.361     9.1514   3.498536    53.8525    32.5973    25.2135 0.0000e+00
      23340     13.381     9.1486   3.497975    53.8496    32.5940    25.2113 0.0000e+00
      23342     13.401     9.1465   3.497527    53.8525    32.5913    25.2096 0.0000e+00
      23344     13.422     9.1437   3.497259    53.8087    32.5911    25.2098 0.0000e+00
      23346     13.445     9.1409   3.497021    53.7085    32.5913    25.2103 0.0000e+00
      23348     13.467     9.1363   3.496537    53.7113    32.5904    25.2104 0.0000e+00
      23350     13.488     9.1311   3.496087    53.7095    32.5905    25.2113 0.0000e+00
      23352     13.512     9.1228   3.495530    53.7085    32.5923    25.2140 0.0000e+00
      23354     13.537     9.1191   3.495233    53.7104    32.5926    25.2148 0.0000e+00
      23356     13.561     9.1191   3.494795    53.7104    32.5880    25.2112 0.0000e+00
      23358     13.581     9.1197   3.494367    53.7123    32.5831    25.2073 0.0000e+00
      23360     13.601     9.1162   3.494012    53.7113    32.5825    25.2075 0.0000e+00
      23362     13.620     9.1154   3.493920    53.7848    32.5823    25.2074 0.0000e+00
      23364     13.640     9.1166   3.493660    53.8496    32.5785    25.2041 0.0000e+00
      23366     13.660     9.1157   3.493512    53.8554    32.5778    25.2038 0.0000e+00
      23368     13.682     9.1140   3.493215    53.8487    32.5763    25.2029 0.0000e+00
      23370     13.704     9.1121   3.492795    53.8477    32.5737    25.2011 0.0000e+00
