Datasets/AZMP/TEL211/tel211_2020_004.cnv
* Sea-Bird SBE25plus Data File
* Filename = tel211_2020_004
* Software Version AquireV2 AF V2.0
* System UpLoad Time = Aug 04 2020 17:42:24
** VESSEL/TRIP/SEQ STN: tel211_2020_004
** LATITUDE: 47 50.93 N
** LONGITUDE: 53 53.75 W
** DATE/TIME: 2020-08-04 17:27
** SOUNDING DEPTH (M): 0082
** PROBE TYPE: S1101
** CTD NUMBER:    
** COMMENTS (14 CHAR): Bull Arm # 3
# nquan = 8
# nvalues = 7841                        
# units = specified
# name 0 = scan: Scan Count
# name 1 = prdM: Pressure, Strain Gauge [db]
# name 2 = t090C: Temperature [ITS-90, deg C]
# name 3 = c0S/m: Conductivity [S/m]
# name 4 = flECO-AFL: Fluorescence, WET Labs ECO-AFL/FL [mg/m^3]
# name 5 = sal00: Salinity, Practical [PSU]
# name 6 = sigma-t00: Density [sigma-t, kg/m^3 ]
# name 7 = flag: flag
# span 0 =          2,      15682       
# span 1 =      0.095,     83.624       
# span 2 =     0.2361,    25.4785       
# span 3 =  -0.013752,   4.414398       
# span 4 =    -0.1387,    55.9153       
# span 5 =     0.0000,    34.3209       
# span 6 =    -3.0672,    27.0530       
# span 7 = 0.0000e+00, 0.0000e+00       
# interval = scans: 2                   
# start_time = Aug 04 2020 17:27:32 [Instrument's time stamp, header]
# bad_flag = -9.990e-29
*END*
[from data line 5394]
      10790     74.570     0.2616   2.739050    48.2763    32.4964    26.0729 0.0000e+00
      10792     74.590     0.2617   2.739022    48.4117    32.4959    26.0724 0.0000e+00
      10794     74.610     0.2617   2.739026    48.4089    32.4959    26.0725 0.0000e+00
      10796     74.628     0.2617   2.739033    48.4108    32.4960    26.0726 0.0000e+00
      10798     74.645     0.2618   2.739059    48.4089    32.4963    26.0727 0.0000e+00
      10800     74.665     0.2619   2.739068    48.4108    32.4963    26.0727 0.0000e+00
      10802     74.686     0.2618   2.739055    48.4098    32.4962    26.0727 0.0000e+00
      10804     74.707     0.2619   2.739050    48.4089    32.4960    26.0726 0.0000e+00
      10806     74.729     0.2619   2.739046    48.4098    32.4959    26.0725 0.0000e+00
      10808     74.749     0.2618   2.739031    48.2782    32.4958    26.0724 0.0000e+00
      10810     74.769     0.2619   2.739052    48.2305    32.4960    26.0725 0.0000e+00
      10812     74.789     0.2618   2.739046    48.2296    32.4960    26.0726 0.0000e+00
      10814     74.810     0.2619   2.739046    48.2296    32.4959    26.0724 0.0000e+00
      10816     74.832     0.2619   2.739034    48.2314    32.4958    26.0724 0.0000e+00
      10818     74.855     0.2616   2.739038    48.2276    32.4961    26.0726 0.0000e+00
      10820     74.876     0.2617   2.739029    48.2286    32.4958    26.0724 0.0000e+00
      10822     74.897     0.2616   2.739046    48.2296    32.4961    26.0727 0.0000e+00
      10824     74.918     0.2616   2.739050    48.2296    32.4962    26.0727 0.0000e+00
      10826     74.942     0.2616   2.739049    48.0636    32.4961    26.0726 0.0000e+00
      10828     74.966     0.2615   2.739040    48.0588    32.4962    26.0727 0.0000e+00
      10830     74.992     0.2616   2.739060    48.0588    32.4964    26.0728 0.0000e+00
      10832     75.015     0.2617   2.739066    48.0607    32.4963    26.0727 0.0000e+00
      10834     75.038     0.2616   2.739049    48.0617    32.4962    26.0727 0.0000e+00
      10836     75.061     0.2618   2.739076    48.0569    32.4963    26.0727 0.0000e+00
      10838     75.083     0.2616   2.739084    48.0579    32.4966    26.0730 0.0000e+00
      10840     75.106     0.2616   2.739087    48.0579    32.4965    26.0729 0.0000e+00
      10842     75.129     0.2615   2.739060    48.0512    32.4963    26.0728 0.0000e+00
      10844     75.151     0.2618   2.739070    48.0283    32.4962    26.0727 0.0000e+00
      10846     75.174     0.2616   2.739080    48.0283    32.4964    26.0729 0.0000e+00
      10848     75.195     0.2616   2.739104    48.0302    32.4967    26.0731 0.0000e+00
      10850     75.215     0.2616   2.739081    48.0302    32.4965    26.0729 0.0000e+00
      10852     75.235     0.2617   2.739099    48.0283    32.4965    26.0729 0.0000e+00
      10854     75.256     0.2616   2.739079    48.0273    32.4964    26.0729 0.0000e+00
      10856     75.278     0.2615   2.739089    48.0283    32.4965    26.0730 0.0000e+00
      10858     75.301     0.2616   2.739076    48.0293    32.4964    26.0728 0.0000e+00
      10860     75.325     0.2616   2.739095    48.0846    32.4966    26.0730 0.0000e+00
      10862     75.347     0.2615   2.739101    48.1389    32.4967    26.0731 0.0000e+00
      10864     75.370     0.2616   2.739104    48.1390    32.4966    26.0731 0.0000e+00
      10866     75.392     0.2613   2.739094    48.1399    32.4967    26.0731 0.0000e+00
      10868     75.418     0.2614   2.739114    48.1399    32.4969    26.0733 0.0000e+00
      10870     75.442     0.2613   2.739110    48.1428    32.4970    26.0733 0.0000e+00
      10872     75.462     0.2613   2.739101    48.1399    32.4968    26.0732 0.0000e+00
      10874     75.483     0.2613   2.739103    48.1380    32.4968    26.0732 0.0000e+00
      10876     75.505     0.2612   2.739099    48.1380    32.4968    26.0733 0.0000e+00
      10878     75.529     0.2612   2.739114    48.1151    32.4971    26.0735 0.0000e+00
      10880     75.549     0.2613   2.739117    48.1103    32.4969    26.0733 0.0000e+00
      10882     75.572     0.2612   2.739132    48.1123    32.4973    26.0736 0.0000e+00
      10884     75.595     0.2612   2.739128    48.1103    32.4972    26.0735 0.0000e+00
      10886     75.620     0.2611   2.739129    48.1094    32.4973    26.0736 0.0000e+00
      10888     75.645     0.2614   2.739119    48.1123    32.4968    26.0733 0.0000e+00
      10890     75.668     0.2612   2.739137    48.1084    32.4973    26.0736 0.0000e+00
      10892     75.689     0.2614   2.739133    48.1075    32.4971    26.0733 0.0000e+00
      10894     75.711     0.2612   2.739125    48.1037    32.4972    26.0735 0.0000e+00
      10896     75.733     0.2612   2.739135    48.0569    32.4973    26.0735 0.0000e+00
      10898     75.756     0.2611   2.739153    48.0607    32.4976    26.0739 0.0000e+00
      10900     75.778     0.2608   2.739158    48.0579    32.4980    26.0742 0.0000e+00
      10902     75.803     0.2608   2.739157    48.0607    32.4980    26.0742 0.0000e+00
      10904     75.826     0.2605   2.739153    48.0607    32.4981    26.0744 0.0000e+00
      10906     75.849     0.2603   2.739167    48.0597    32.4985    26.0746 0.0000e+00
      10908     75.873     0.2602   2.739164    48.0579    32.4986    26.0746 0.0000e+00
      10910     75.897     0.2602   2.739183    48.0588    32.4988    26.0748 0.0000e+00
      10912     75.919     0.2602   2.739178    48.0588    32.4987    26.0748 0.0000e+00
      10914     75.941     0.2601   2.739162    48.0588    32.4986    26.0747 0.0000e+00
      10916     75.960     0.2603   2.739159    48.0579    32.4984    26.0745 0.0000e+00
      10918     75.980     0.2603   2.739162    48.0579    32.4984    26.0746 0.0000e+00
      10920     76.001     0.2601   2.739173    48.0579    32.4988    26.0748 0.0000e+00
      10922     76.023     0.2601   2.739190    48.0569    32.4990    26.0750 0.0000e+00
      10924     76.045     0.2600   2.739178    48.0579    32.4990    26.0750 0.0000e+00
      10926     76.066     0.2595   2.739203    48.0588    32.4998    26.0757 0.0000e+00
      10928     76.087     0.2594   2.739186    48.0597    32.4996    26.0756 0.0000e+00
      10930     76.107     0.2593   2.739186    48.0236    32.4997    26.0757 0.0000e+00
      10932     76.127     0.2593   2.739202    47.9968    32.4999    26.0758 0.0000e+00
      10934     76.147     0.2589   2.739196    47.9978    32.5003    26.0761 0.0000e+00
      10936     76.166     0.2589   2.739203    47.9997    32.5003    26.0761 0.0000e+00
      10938     76.186     0.2588   2.739205    47.9968    32.5005    26.0763 0.0000e+00
      10940     76.209     0.2588   2.739199    47.9978    32.5004    26.0761 0.0000e+00
      10942     76.231     0.2589   2.739190    47.9978    32.5002    26.0760 0.0000e+00
      10944     76.255     0.2590   2.739204    47.9978    32.5003    26.0761 0.0000e+00
      10946     76.279     0.2590   2.739195    47.9978    32.5001    26.0760 0.0000e+00
      10948     76.300     0.2591   2.739212    48.2314    32.5001    26.0760 0.0000e+00
      10950     76.321     0.2593   2.739219    48.2591    32.5001    26.0759 0.0000e+00
      10952     76.341     0.2594   2.739226    48.2601    32.5000    26.0759 0.0000e+00
      10954     76.361     0.2596   2.739228    48.2582    32.4998    26.0757 0.0000e+00
      10956     76.381     0.2597   2.739229    48.2582    32.4997    26.0756 0.0000e+00
      10958     76.402     0.2599   2.739235    48.2610    32.4996    26.0756 0.0000e+00
      10960     76.424     0.2599   2.739243    48.2601    32.4997    26.0756 0.0000e+00
      10962     76.447     0.2601   2.739249    48.2591    32.4995    26.0754 0.0000e+00
      10964     76.469     0.2600   2.739237    48.2629    32.4995    26.0755 0.0000e+00
      10966     76.490     0.2603   2.739233    48.2915    32.4990    26.0750 0.0000e+00
      10968     76.511     0.2602   2.739255    48.2896    32.4994    26.0754 0.0000e+00
      10970     76.529     0.2603   2.739255    48.2896    32.4993    26.0752 0.0000e+00
      10972     76.548     0.2601   2.739254    48.2915    32.4994    26.0754 0.0000e+00
      10974     76.568     0.2601   2.739268    48.2896    32.4997    26.0756 0.0000e+00
      10976     76.588     0.2600   2.739280    48.2887    32.4999    26.0757 0.0000e+00
      10978     76.609     0.2595   2.739255    48.2887    32.5002    26.0759 0.0000e+00
      10980     76.630     0.2592   2.739288    48.2905    32.5009    26.0766 0.0000e+00
      10982     76.650     0.2590   2.739262    48.2763    32.5007    26.0765 0.0000e+00
      10984     76.669     0.2589   2.739268    48.2572    32.5009    26.0766 0.0000e+00
      10986     76.688     0.2585   2.739285    48.2591    32.5016    26.0772 0.0000e+00
      10988     76.707     0.2584   2.739251    48.2601    32.5011    26.0769 0.0000e+00
      10990     76.726     0.2584   2.739259    48.2610    32.5012    26.0769 0.0000e+00
      10992     76.745     0.2586   2.739269    48.2610    32.5011    26.0768 0.0000e+00
      10994     76.767     0.2586   2.739271    48.2591    32.5011    26.0768 0.0000e+00
      10996     76.788     0.2585   2.739273    48.2610    32.5014    26.0770 0.0000e+00
      10998     76.809     0.2582   2.739260    48.2582    32.5014    26.0771 0.0000e+00
      11000     76.827     0.2579   2.739285    48.1437    32.5022    26.0776 0.0000e+00
      11002     76.846     0.2577   2.739261    48.0779    32.5019    26.0775 0.0000e+00
      11004     76.865     0.2573   2.739269    48.0789    32.5024    26.0780 0.0000e+00
      11006     76.885     0.2570   2.739275    48.0769    32.5029    26.0783 0.0000e+00
      11008     76.905     0.2568   2.739274    48.0789    32.5031    26.0784 0.0000e+00
      11010     76.923     0.2566   2.739273    48.0807    32.5032    26.0786 0.0000e+00
      11012     76.941     0.2564   2.739278    48.0779    32.5035    26.0788 0.0000e+00
      11014     76.962     0.2563   2.739287    48.0789    32.5037    26.0789 0.0000e+00
      11016     76.982     0.2565   2.739301    48.0779    32.5037    26.0791 0.0000e+00
      11018     77.001     0.2563   2.739278    48.1933    32.5036    26.0789 0.0000e+00
      11020     77.019     0.2563   2.739273    48.1971    32.5035    26.0788 0.0000e+00
      11022     77.038     0.2563   2.739301    48.2000    32.5039    26.0791 0.0000e+00
      11024     77.058     0.2563   2.739292    48.1991    32.5037    26.0791 0.0000e+00
      11026     77.078     0.2562   2.739300    48.1991    32.5039    26.0791 0.0000e+00
      11028     77.098     0.2562   2.739298    48.1962    32.5039    26.0791 0.0000e+00
      11030     77.118     0.2561   2.739286    48.1971    32.5037    26.0791 0.0000e+00
      11032     77.135     0.2560   2.739288    48.2000    32.5040    26.0793 0.0000e+00
      11034     77.153     0.2558   2.739297    48.1962    32.5043    26.0795 0.0000e+00
      11036     77.171     0.2559   2.739282    48.1981    32.5040    26.0793 0.0000e+00
      11038     77.190     0.2556   2.739297    48.1991    32.5045    26.0797 0.0000e+00
      11040     77.209     0.2556   2.739304    48.1971    32.5045    26.0797 0.0000e+00
      11042     77.229     0.2555   2.739293    48.1981    32.5045    26.0797 0.0000e+00
      11044     77.248     0.2555   2.739304    48.1981    32.5047    26.0799 0.0000e+00
      11046     77.268     0.2554   2.739285    48.2057    32.5044    26.0797 0.0000e+00
      11048     77.287     0.2552   2.739287    48.1981    32.5047    26.0799 0.0000e+00
      11050     77.307     0.2552   2.739290    48.2000    32.5046    26.0799 0.0000e+00
      11052     77.326     0.2551   2.739280    48.1189    32.5047    26.0799 0.0000e+00
      11054     77.344     0.2551   2.739310    48.0245    32.5052    26.0802 0.0000e+00
      11056     77.364     0.2551   2.739289    48.0273    32.5048    26.0800 0.0000e+00
      11058     77.384     0.2552   2.739298    48.0302    32.5048    26.0799 0.0000e+00
      11060     77.404     0.2550   2.739268    48.0283    32.5046    26.0798 0.0000e+00
      11062     77.424     0.2550   2.739284    48.0283    32.5048    26.0799 0.0000e+00
      11064     77.445     0.2551   2.739290    48.0283    32.5048    26.0799 0.0000e+00
      11066     77.464     0.2551   2.739304    48.0283    32.5050    26.0801 0.0000e+00
      11068     77.482     0.2549   2.739270    48.0283    32.5048    26.0799 0.0000e+00
      11070     77.502     0.2548   2.739273    48.0264    32.5049    26.0800 0.0000e+00
      11072     77.523     0.2546   2.739291    48.0273    32.5053    26.0804 0.0000e+00
      11074     77.543     0.2544   2.739286    48.0273    32.5054    26.0804 0.0000e+00
      11076     77.563     0.2544   2.739286    48.0293    32.5054    26.0804 0.0000e+00
      11078     77.583     0.2543   2.739299    48.0302    32.5057    26.0806 0.0000e+00
      11080     77.603     0.2542   2.739286    48.0283    32.5055    26.0806 0.0000e+00
      11082     77.623     0.2542   2.739311    48.0264    32.5058    26.0808 0.0000e+00
      11084     77.644     0.2542   2.739313    48.0255    32.5058    26.0808 0.0000e+00
      11086     77.665     0.2544   2.739293    48.0283    32.5054    26.0804 0.0000e+00
      11088     77.686     0.2544   2.739302    48.1075    32.5055    26.0806 0.0000e+00
      11090     77.707     0.2543   2.739307    48.1103    32.5056    26.0806 0.0000e+00
      11092     77.727     0.2542   2.739292    48.1084    32.5056    26.0806 0.0000e+00
      11094     77.747     0.2542   2.739268    48.1103    32.5052    26.0803 0.0000e+00
      11096     77.769     0.2542   2.739283    48.1075    32.5054    26.0804 0.0000e+00
      11098     77.790     0.2542   2.739291    48.1084    32.5055    26.0806 0.0000e+00
      11100     77.810     0.2539   2.739279    48.1084    32.5057    26.0807 0.0000e+00
      11102     77.828     0.2540   2.739284    48.1094    32.5056    26.0806 0.0000e+00
      11104     77.848     0.2536   2.739299    48.0989    32.5062    26.0812 0.0000e+00
      11106     77.868     0.2536   2.739298    48.0798    32.5062    26.0811 0.0000e+00
      11108     77.888     0.2534   2.739298    48.0789    32.5065    26.0814 0.0000e+00
      11110     77.910     0.2535   2.739304    48.0798    32.5064    26.0813 0.0000e+00
      11112     77.933     0.2534   2.739307    48.0789    32.5065    26.0814 0.0000e+00
      11114     77.954     0.2535   2.739304    48.0789    32.5063    26.0813 0.0000e+00
      11116     77.977     0.2533   2.739312    48.0789    32.5066    26.0815 0.0000e+00
      11118     77.998     0.2530   2.739307    48.0798    32.5069    26.0817 0.0000e+00
      11120     78.020     0.2526   2.739294    48.0798    32.5071    26.0819 0.0000e+00
      11122     78.043     0.2526   2.739292    48.0340    32.5071    26.0819 0.0000e+00
      11124     78.067     0.2526   2.739311    47.9968    32.5072    26.0821 0.0000e+00
      11126     78.092     0.2525   2.739294    47.9988    32.5071    26.0820 0.0000e+00
      11128     78.117     0.2524   2.739294    47.9968    32.5073    26.0821 0.0000e+00
      11130     78.140     0.2522   2.739274    47.9968    32.5071    26.0820 0.0000e+00
      11132     78.163     0.2520   2.739285    47.9959    32.5075    26.0823 0.0000e+00
      11134     78.186     0.2519   2.739283    47.9968    32.5076    26.0825 0.0000e+00
      11136     78.207     0.2515   2.739288    47.9968    32.5081    26.0828 0.0000e+00
      11138     78.230     0.2512   2.739280    47.9959    32.5083    26.0829 0.0000e+00
      11140     78.253     0.2512   2.739276    48.0474    32.5082    26.0829 0.0000e+00
      11142     78.275     0.2511   2.739271    48.0579    32.5083    26.0829 0.0000e+00
      11144     78.297     0.2511   2.739294    48.0588    32.5086    26.0832 0.0000e+00
      11146     78.317     0.2507   2.739285    48.0579    32.5088    26.0834 0.0000e+00
