Datasets/AZMP/TEL211/tel211_2020_001.cnv
* Sea-Bird SBE25plus Data File
* Filename = tel211_2020_001
* Software Version AquireV2 AF V2.0
* System UpLoad Time = Aug 01 2020 11:48:27
** VESSEL/TRIP/SEQ STN: tel211_2020_001
** LATITUDE: 47 32.84 N
** LONGITUDE: 52 35.27 W
** DATE/TIME: 2020-08-01 11:30
** SOUNDING DEPTH (M): 0176
** PROBE TYPE: S1101
** CTD NUMBER:    
** COMMENTS (14 CHAR): STN. 27
# nquan = 8
# nvalues = 8955                        
# units = specified
# name 0 = scan: Scan Count
# name 1 = prdM: Pressure, Strain Gauge [db]
# name 2 = t090C: Temperature [ITS-90, deg C]
# name 3 = c0S/m: Conductivity [S/m]
# name 4 = flECO-AFL: Fluorescence, WET Labs ECO-AFL/FL [mg/m^3]
# name 5 = sal00: Salinity, Practical [PSU]
# name 6 = sigma-t00: Density [sigma-t, kg/m^3 ]
# name 7 = flag: flag
# span 0 =          2,      17910       
# span 1 =      0.088,    174.906       
# span 2 =    -1.4253,    20.9829       
# span 3 =  -0.016334,   3.988221       
# span 4 =    -0.1387,    60.6581       
# span 5 =     0.0000,    34.9535       
# span 6 =    -1.9915,    27.5646       
# span 7 = 0.0000e+00, 0.0000e+00       
# interval = scans: 2                   
# start_time = Aug 01 2020 11:30:42 [Instrument's time stamp, header]
# bad_flag = -9.990e-29
*END*
[from data line 5034]
      10070    158.834    -0.9479   2.675612    48.4937    32.9033    26.4523 0.0000e+00
      10072    158.791    -0.9468   2.675472    48.4975    32.9002    26.4498 0.0000e+00
      10074    158.747    -0.9455   2.675334    48.5061    32.8968    26.4471 0.0000e+00
      10076    158.702    -0.9442   2.675142    48.5261    32.8929    26.4438 0.0000e+00
      10078    158.656    -0.9428   2.674884    48.5251    32.8879    26.4398 0.0000e+00
      10080    158.609    -0.9421   2.674553    48.5262    32.8827    26.4354 0.0000e+00
      10082    158.562    -0.9418   2.674099    48.5251    32.8762    26.4302 0.0000e+00
      10084    158.514    -0.9415   2.673601    48.5271    32.8691    26.4245 0.0000e+00
      10086    158.464    -0.9415   2.673150    48.5261    32.8631    26.4196 0.0000e+00
      10088    158.414    -0.9422   2.672720    48.5251    32.8580    26.4155 0.0000e+00
      10090    158.363    -0.9437   2.672270    48.5242    32.8537    26.4119 0.0000e+00
      10092    158.309    -0.9449   2.671694    48.5109    32.8472    26.4068 0.0000e+00
      10094    158.252    -0.9471   2.671181    48.4965    32.8427    26.4032 0.0000e+00
      10096    158.195    -0.9492   2.670737    48.4956    32.8391    26.4004 0.0000e+00
      10098    158.137    -0.9511   2.670339    48.4965    32.8357    26.3977 0.0000e+00
      10100    158.077    -0.9531   2.669967    48.4975    32.8329    26.3955 0.0000e+00
      10102    158.014    -0.9560   2.669615    48.4947    32.8313    26.3943 0.0000e+00
      10104    157.948    -0.9584   2.669074    48.4947    32.8267    26.3906 0.0000e+00
      10106    157.878    -0.9626   2.668406    48.4947    32.8222    26.3871 0.0000e+00
      10108    157.807    -0.9660   2.667691    48.4956    32.8164    26.3826 0.0000e+00
      10110    157.733    -0.9715   2.666752    48.5204    32.8097    26.3773 0.0000e+00
      10112    157.656    -0.9766   2.665849    48.5281    32.8030    26.3720 0.0000e+00
      10114    157.577    -0.9857   2.664936    48.5262    32.8006    26.3704 0.0000e+00
      10116    157.494    -0.9979   2.663969    48.5261    32.8008    26.3710 0.0000e+00
      10118    157.411    -1.0093   2.663050    48.5261    32.8008    26.3714 0.0000e+00
      10120    157.324    -1.0191   2.662132    48.5262    32.7991    26.3704 0.0000e+00
      10122    157.233    -1.0283   2.661168    48.5271    32.7962    26.3683 0.0000e+00
      10124    157.141    -1.0418   2.660216    48.5262    32.7981    26.3702 0.0000e+00
      10126    157.048    -1.0547   2.659470    48.5251    32.8021    26.3738 0.0000e+00
      10128    156.955    -1.0634   2.658811    48.5251    32.8027    26.3746 0.0000e+00
      10130    156.859    -1.0770   2.658260    48.5261    32.8100    26.3810 0.0000e+00
      10132    156.762    -1.0865   2.657614    48.5262    32.8117    26.3826 0.0000e+00
      10134    156.668    -1.0981   2.657021    48.5262    32.8164    26.3868 0.0000e+00
      10136    156.575    -1.1083   2.656725    48.5242    32.8236    26.3930 0.0000e+00
      10138    156.483    -1.1151   2.656500    48.5281    32.8281    26.3969 0.0000e+00
      10140    156.392    -1.1204   2.656353    48.5271    32.8319    26.4002 0.0000e+00
      10142    156.304    -1.1244   2.656256    48.5242    32.8349    26.4027 0.0000e+00
      10144    156.218    -1.1301   2.656243    48.5262    32.8410    26.4078 0.0000e+00
      10146    156.134    -1.1324   2.656112    48.5251    32.8419    26.4086 0.0000e+00
      10148    156.053    -1.1356   2.655984    48.5251    32.8436    26.4101 0.0000e+00
      10150    155.977    -1.1385   2.655970    48.5242    32.8466    26.4126 0.0000e+00
      10152    155.903    -1.1381   2.655981    48.5271    32.8464    26.4124 0.0000e+00
      10154    155.834    -1.1389   2.656221    48.5233    32.8505    26.4159 0.0000e+00
      10156    155.773    -1.1424   2.656519    48.5261    32.8586    26.4224 0.0000e+00
      10158    155.715    -1.1441   2.656846    48.5262    32.8649    26.4276 0.0000e+00
      10160    155.661    -1.1420   2.657871    48.5242    32.8765    26.4370 0.0000e+00
      10162    155.611    -1.1375   2.659499    48.5071    32.8939    26.4509 0.0000e+00
      10164    155.567    -1.1351   2.660784    48.4975    32.9087    26.4629 0.0000e+00
      10166    155.526    -1.1363   2.661917    48.4928    32.9255    26.4765 0.0000e+00
      10168    155.489    -1.1475   2.663152    48.4937    32.9547    26.5006 0.0000e+00
      10170    155.459    -1.1627   2.663639    48.4928    32.9780    26.5199 0.0000e+00
      10172    155.435    -1.1717   2.663645    48.4947    32.9881    26.5283 0.0000e+00
      10174    155.416    -1.1751   2.663713    48.4937    32.9928    26.5323 0.0000e+00
      10176    155.399    -1.1777   2.663731    48.4908    32.9959    26.5348 0.0000e+00
      10178    155.386    -1.1854   2.663736    48.4947    33.0044    26.5420 0.0000e+00
      10180    155.373    -1.1911   2.663762    48.4975    33.0111    26.5476 0.0000e+00
      10182    155.363    -1.1951   2.663844    48.4937    33.0166    26.5522 0.0000e+00
      10184    155.358    -1.1982   2.663964    48.4947    33.0216    26.5563 0.0000e+00
      10186    155.353    -1.2012   2.664065    48.4965    33.0262    26.5602 0.0000e+00
      10188    155.349    -1.2021   2.663930    48.4937    33.0255    26.5596 0.0000e+00
      10190    155.348    -1.2008   2.663552    48.4937    33.0189    26.5542 0.0000e+00
      10192    155.344    -1.1978   2.662612    48.4975    33.0027    26.5410 0.0000e+00
      10194    155.339    -1.1883   2.661323    48.4947    32.9746    26.5180 0.0000e+00
      10196    155.334    -1.1771   2.660417    48.4947    32.9500    26.4977 0.0000e+00
      10198    155.326    -1.1692   2.659912    48.4956    32.9345    26.4849 0.0000e+00
      10200    155.315    -1.1630   2.659501    48.4937    32.9222    26.4746 0.0000e+00
      10202    155.300    -1.1589   2.659070    48.4956    32.9117    26.4661 0.0000e+00
      10204    155.282    -1.1560   2.658701    48.4956    32.9034    26.4593 0.0000e+00
      10206    155.260    -1.1531   2.658327    48.4947    32.8953    26.4525 0.0000e+00
      10208    155.232    -1.1476   2.657859    48.4956    32.8829    26.4423 0.0000e+00
      10210    155.201    -1.1378   2.657385    48.4928    32.8657    26.4281 0.0000e+00
      10212    155.167    -1.1311   2.657111    48.4937    32.8546    26.4189 0.0000e+00
      10214    155.129    -1.1256   2.657018    48.5089    32.8473    26.4128 0.0000e+00
      10216    155.086    -1.1206   2.656763    48.5251    32.8384    26.4055 0.0000e+00
      10218    155.041    -1.1134   2.656519    48.5242    32.8273    26.3961 0.0000e+00
      10220    154.992    -1.1065   2.656227    48.5251    32.8158    26.3866 0.0000e+00
      10222    154.939    -1.1026   2.655879    48.5262    32.8068    26.3792 0.0000e+00
      10224    154.881    -1.0991   2.655650    48.5242    32.7999    26.3736 0.0000e+00
      10226    154.820    -1.0966   2.655362    48.5242    32.7933    26.3681 0.0000e+00
      10228    154.755    -1.0965   2.655133    48.5251    32.7901    26.3655 0.0000e+00
      10230    154.688    -1.1027   2.654886    48.5233    32.7936    26.3685 0.0000e+00
      10232    154.618    -1.1074   2.654676    48.5233    32.7959    26.3706 0.0000e+00
      10234    154.545    -1.1136   2.654439    48.5251    32.7995    26.3736 0.0000e+00
      10236    154.469    -1.1224   2.654038    48.5242    32.8037    26.3774 0.0000e+00
      10238    154.391    -1.1302   2.653677    48.5251    32.8074    26.3805 0.0000e+00
      10240    154.312    -1.1343   2.653340    48.5310    32.8073    26.3806 0.0000e+00
      10242    154.233    -1.1337   2.653098    48.5233    32.8034    26.3775 0.0000e+00
      10244    154.153    -1.1332   2.652924    48.5233    32.8005    26.3751 0.0000e+00
      10246    154.072    -1.1356   2.652724    48.5261    32.8005    26.3751 0.0000e+00
      10248    153.989    -1.1429   2.652489    48.5251    32.8053    26.3793 0.0000e+00
      10250    153.908    -1.1514   2.652271    48.5262    32.8117    26.3848 0.0000e+00
      10252    153.827    -1.1591   2.652127    48.5242    32.8182    26.3903 0.0000e+00
      10254    153.747    -1.1657   2.652096    48.5271    32.8250    26.3959 0.0000e+00
      10256    153.668    -1.1677   2.652087    48.5262    32.8271    26.3977 0.0000e+00
      10258    153.591    -1.1677   2.651991    48.5261    32.8259    26.3967 0.0000e+00
      10260    153.513    -1.1738   2.651960    48.5242    32.8323    26.4021 0.0000e+00
      10262    153.436    -1.1806   2.651881    48.5223    32.8387    26.4075 0.0000e+00
      10264    153.361    -1.1812   2.651831    48.5242    32.8386    26.4074 0.0000e+00
      10266    153.289    -1.1791   2.651882    48.5223    32.8372    26.4062 0.0000e+00
      10268    153.219    -1.1820   2.651836    48.5251    32.8397    26.4083 0.0000e+00
      10270    153.150    -1.1820   2.651893    48.5242    32.8405    26.4090 0.0000e+00
      10272    153.082    -1.1795   2.651894    48.5252    32.8379    26.4068 0.0000e+00
      10274    153.018    -1.1796   2.651918    48.5242    32.8383    26.4072 0.0000e+00
      10276    152.954    -1.1814   2.651952    48.5242    32.8408    26.4093 0.0000e+00
      10278    152.893    -1.1830   2.651999    48.5223    32.8432    26.4112 0.0000e+00
      10280    152.835    -1.1833   2.652090    48.5242    32.8448    26.4125 0.0000e+00
      10282    152.781    -1.1833   2.652128    48.5262    32.8455    26.4130 0.0000e+00
      10284    152.729    -1.1834   2.652164    48.5596    32.8460    26.4135 0.0000e+00
      10286    152.678    -1.1837   2.652278    48.5891    32.8479    26.4151 0.0000e+00
      10288    152.629    -1.1831   2.652388    48.5844    32.8488    26.4158 0.0000e+00
      10290    152.583    -1.1818   2.652477    48.5834    32.8486    26.4156 0.0000e+00
      10292    152.540    -1.1804   2.652571    48.5824    32.8483    26.4154 0.0000e+00
      10294    152.498    -1.1795   2.652658    48.5853    32.8486    26.4155 0.0000e+00
      10296    152.456    -1.1784   2.652731    48.5853    32.8484    26.4153 0.0000e+00
      10298    152.415    -1.1777   2.652833    48.5863    32.8491    26.4158 0.0000e+00
      10300    152.375    -1.1773   2.652894    48.5834    32.8495    26.4162 0.0000e+00
      10302    152.336    -1.1770   2.652970    48.5366    32.8502    26.4168 0.0000e+00
      10304    152.298    -1.1772   2.652982    48.5242    32.8505    26.4170 0.0000e+00
      10306    152.261    -1.1765   2.652985    48.5251    32.8499    26.4164 0.0000e+00
      10308    152.223    -1.1734   2.652888    48.5242    32.8452    26.4126 0.0000e+00
      10310    152.186    -1.1713   2.652813    48.5242    32.8419    26.4098 0.0000e+00
      10312    152.150    -1.1709   2.652730    48.5261    32.8404    26.4086 0.0000e+00
      10314    152.114    -1.1734   2.652613    48.5262    32.8415    26.4095 0.0000e+00
      10316    152.077    -1.1784   2.652506    48.5242    32.8455    26.4129 0.0000e+00
      10318    152.040    -1.1808   2.652428    48.5242    32.8471    26.4143 0.0000e+00
      10320    152.000    -1.1784   2.652371    48.5242    32.8437    26.4115 0.0000e+00
      10322    151.959    -1.1751   2.652324    48.5242    32.8396    26.4080 0.0000e+00
      10324    151.915    -1.1706   2.652259    48.5242    32.8337    26.4032 0.0000e+00
      10326    151.872    -1.1673   2.652229    48.5233    32.8297    26.3998 0.0000e+00
      10328    151.827    -1.1634   2.652185    48.5242    32.8249    26.3958 0.0000e+00
      10330    151.780    -1.1621   2.652125    48.5242    32.8227    26.3939 0.0000e+00
      10332    151.731    -1.1630   2.652024    48.5242    32.8224    26.3937 0.0000e+00
      10334    151.682    -1.1628   2.651967    48.5262    32.8214    26.3928 0.0000e+00
      10336    151.631    -1.1643   2.651853    48.5252    32.8215    26.3930 0.0000e+00
      10338    151.577    -1.1677   2.651740    48.5242    32.8238    26.3950 0.0000e+00
      10340    151.523    -1.1666   2.651657    48.5233    32.8214    26.3930 0.0000e+00
      10342    151.467    -1.1661   2.651610    48.5251    32.8202    26.3920 0.0000e+00
      10344    151.409    -1.1689   2.651543    48.5251    32.8225    26.3940 0.0000e+00
      10346    151.349    -1.1720   2.651436    48.5261    32.8243    26.3956 0.0000e+00
      10348    151.286    -1.1726   2.651347    48.5262    32.8239    26.3953 0.0000e+00
      10350    151.226    -1.1715   2.651261    48.5251    32.8216    26.3933 0.0000e+00
      10352    151.164    -1.1728   2.651188    48.5252    32.8221    26.3938 0.0000e+00
      10354    151.102    -1.1743   2.651111    48.5251    32.8226    26.3943 0.0000e+00
      10356    151.041    -1.1746   2.651040    48.5271    32.8220    26.3937 0.0000e+00
      10358    150.977    -1.1749   2.651007    48.5242    32.8219    26.3937 0.0000e+00
      10360    150.915    -1.1749   2.650946    48.5242    32.8212    26.3931 0.0000e+00
      10362    150.852    -1.1765   2.650787    48.5271    32.8208    26.3929 0.0000e+00
      10364    150.791    -1.1781   2.650603    48.5261    32.8201    26.3924 0.0000e+00
      10366    150.728    -1.1780   2.650495    48.5299    32.8185    26.3911 0.0000e+00
      10368    150.665    -1.1767   2.650395    48.5251    32.8157    26.3888 0.0000e+00
      10370    150.603    -1.1789   2.650274    48.5262    32.8165    26.3895 0.0000e+00
      10372    150.543    -1.1812   2.650147    48.5242    32.8175    26.3903 0.0000e+00
      10374    150.483    -1.1818   2.650046    48.5262    32.8167    26.3897 0.0000e+00
      10376    150.428    -1.1807   2.650047    48.5242    32.8155    26.3887 0.0000e+00
      10378    150.375    -1.1801   2.650006    48.5251    32.8144    26.3877 0.0000e+00
      10380    150.324    -1.1815   2.649977    48.5233    32.8155    26.3888 0.0000e+00
      10382    150.272    -1.1817   2.649919    48.5251    32.8150    26.3883 0.0000e+00
      10384    150.223    -1.1799   2.649887    48.5252    32.8127    26.3864 0.0000e+00
      10386    150.171    -1.1796   2.649923    48.5251    32.8128    26.3865 0.0000e+00
      10388    150.122    -1.1804   2.649958    48.5251    32.8141    26.3876 0.0000e+00
      10390    150.075    -1.1806   2.650002    48.5281    32.8150    26.3882 0.0000e+00
      10392    150.031    -1.1812   2.650054    48.5242    32.8165    26.3895 0.0000e+00
      10394    149.986    -1.1820   2.650077    48.5251    32.8178    26.3905 0.0000e+00
      10396    149.943    -1.1828   2.650123    48.5262    32.8192    26.3918 0.0000e+00
      10398    149.903    -1.1833   2.650176    48.5233    32.8205    26.3928 0.0000e+00
      10400    149.864    -1.1829   2.650257    48.5223    32.8212    26.3934 0.0000e+00
      10402    149.827    -1.1822   2.650323    48.5242    32.8214    26.3935 0.0000e+00
      10404    149.790    -1.1815   2.650366    48.5233    32.8212    26.3933 0.0000e+00
      10406    149.753    -1.1807   2.650397    48.5251    32.8208    26.3929 0.0000e+00
      10408    149.717    -1.1802   2.650386    48.5242    32.8201    26.3924 0.0000e+00
      10410    149.681    -1.1800   2.650342    48.5242    32.8193    26.3918 0.0000e+00
      10412    149.646    -1.1800   2.650237    48.5223    32.8179    26.3905 0.0000e+00
      10414    149.612    -1.1804   2.650093    48.5233    32.8163    26.3894 0.0000e+00
      10416    149.576    -1.1808   2.649907    48.5233    32.8143    26.3878 0.0000e+00
      10418    149.536    -1.1818   2.649768    48.5261    32.8135    26.3871 0.0000e+00
      10420    149.500    -1.1867   2.649596    48.5242    32.8165    26.3897 0.0000e+00
      10422    149.462    -1.1927   2.649415    48.5242    32.8207    26.3932 0.0000e+00
      10424    149.422    -1.1958   2.649263    48.5261    32.8220    26.3944 0.0000e+00
      10426    149.382    -1.1939   2.649166    48.5233    32.8186    26.3916 0.0000e+00
