Datasets/AZMP/TEL211/tel211_2020_003.cnv
* Sea-Bird SBE25plus Data File
* Filename = tel211_2020_003
* Software Version AquireV2 AF V2.0
* System UpLoad Time = Aug 04 2020 14:05:55
** VESSEL/TRIP/SEQ STN: tel211_2020_003
** LATITUDE: 45 50.93 N
** LONGITUDE: 53 53.74 W
** DATE/TIME: 2020-08-04 13:53
** SOUNDING DEPTH (M): 0083
** PROBE TYPE: S1101
** CTD NUMBER:    
** COMMENTS (14 CHAR): Bull arm #2
# nquan = 8
# nvalues = 6735                        
# units = specified
# name 0 = scan: Scan Count
# name 1 = prdM: Pressure, Strain Gauge [db]
# name 2 = t090C: Temperature [ITS-90, deg C]
# name 3 = c0S/m: Conductivity [S/m]
# name 4 = flECO-AFL: Fluorescence, WET Labs ECO-AFL/FL [mg/m^3]
# name 5 = sal00: Salinity, Practical [PSU]
# name 6 = sigma-t00: Density [sigma-t, kg/m^3 ]
# name 7 = flag: flag
# span 0 =          2,      13469       
# span 1 =      0.084,     83.221       
# span 2 =     0.2344,    20.6732       
# span 3 =  -0.002217,   4.175465       
# span 4 =    -0.1387,    58.6286       
# span 5 =     0.0000,    36.0827       
# span 6 =    -1.9276,    28.0255       
# span 7 = 0.0000e+00, 0.0000e+00       
# interval = scans: 2                   
# start_time = Aug 04 2020 13:53:22 [Instrument's time stamp, header]
# bad_flag = -9.990e-29
*END*
[from data line 6472]
      12946      3.636     5.1343   3.344601    52.9322    34.8463    27.5377 0.0000e+00
      12948      3.579     5.2189   3.345585    52.9331    34.7695    27.4668 0.0000e+00
      12950      3.519     5.2624   3.346696    52.9331    34.7370    27.4359 0.0000e+00
      12952      3.457     5.2772   3.349274    52.9322    34.7514    27.4456 0.0000e+00
      12954      3.395     5.2773   3.351995    52.9341    34.7827    27.4703 0.0000e+00
      12956      3.335     5.2580   3.356705    53.0542    34.8571    27.5315 0.0000e+00
      12958      3.276     5.2203   3.364644    53.0829    34.9882    27.6399 0.0000e+00
      12960      3.215     5.2545   3.371554    53.0829    35.0321    27.6706 0.0000e+00
      12962      3.152     5.4574   3.378881    53.0858    34.9044    27.5449 0.0000e+00
      12964      3.089     5.6012   3.383897    53.0876    34.8124    27.4545 0.0000e+00
      12966      3.025     5.6556   3.388611    53.0838    34.8099    27.4458 0.0000e+00
      12968      2.963     5.6540   3.393186    53.0876    34.8638    27.4887 0.0000e+00
      12970      2.902     5.6517   3.393705    53.0820    34.8722    27.4956 0.0000e+00
      12972      2.841     5.6536   3.394298    53.0838    34.8770    27.4992 0.0000e+00
      12974      2.781     5.6525   3.391424    52.9646    34.8454    27.4744 0.0000e+00
      12976      2.720     5.6794   3.382218    52.9637    34.7126    27.3659 0.0000e+00
      12978      2.658     5.7365   3.368951    52.9646    34.5028    27.1929 0.0000e+00
      12980      2.597     5.7795   3.360361    52.9637    34.3615    27.0757 0.0000e+00
      12982      2.537     5.8025   3.357301    52.9617    34.3033    27.0269 0.0000e+00
      12984      2.478     5.8182   3.356726    52.9617    34.2809    27.0072 0.0000e+00
      12986      2.418     5.8454   3.355626    52.9684    34.2407    26.9720 0.0000e+00
      12988      2.359     5.9045   3.355250    52.9617    34.1766    26.9141 0.0000e+00
      12990      2.299     5.9927   3.356750    52.9188    34.1046    26.8460 0.0000e+00
      12992      2.239     6.0769   3.357109    52.8415    34.0239    26.7716 0.0000e+00
      12994      2.178     6.1424   3.357695    52.8425    33.9648    26.7166 0.0000e+00
      12996      2.117     6.1951   3.360639    52.8415    33.9450    26.6943 0.0000e+00
      12998      2.056     6.2355   3.362328    52.8415    33.9237    26.6723 0.0000e+00
      13000      1.993     6.2733   3.365125    52.8406    33.9173    26.6623 0.0000e+00
      13002      1.932     6.3117   3.367721    52.8415    33.9081    26.6501 0.0000e+00
      13004      1.871     6.3489   3.371332    52.8425    33.9113    26.6478 0.0000e+00
      13006      1.812     6.3627   3.378545    52.8435    33.9781    26.6988 0.0000e+00
      13008      1.749     6.3609   3.385115    52.8740    34.0533    26.7585 0.0000e+00
      13010      1.687     6.3836   3.389989    52.9055    34.0849    26.7804 0.0000e+00
      13012      1.627     6.4337   3.396009    52.9055    34.1020    26.7874 0.0000e+00
      13014      1.567     6.4821   3.402120    52.9046    34.1217    26.7965 0.0000e+00
      13016      1.506     6.5078   3.409510    52.9008    34.1783    26.8378 0.0000e+00
      13018      1.444     6.5307   3.415055    52.9036    34.2171    26.8654 0.0000e+00
      13020      1.382     6.5588   3.420196    52.9026    34.2462    26.8845 0.0000e+00
      13022      1.321     6.5977   3.425425    52.9046    34.2652    26.8944 0.0000e+00
      13024      1.259     6.6734   3.430427    52.9046    34.2450    26.8684 0.0000e+00
      13026      1.195     6.7458   3.435254    53.2565    34.2261    26.8438 0.0000e+00
      13028      1.129     6.7951   3.441682    53.2946    34.2480    26.8543 0.0000e+00
      13030      1.063     6.8205   3.448002    53.2965    34.2923    26.8858 0.0000e+00
      13032      0.998     6.8735   3.453927    53.2965    34.3049    26.8885 0.0000e+00
      13034      0.931     6.9488   3.459282    53.2974    34.2888    26.8655 0.0000e+00
      13036      0.865     7.0084   3.464499    53.2965    34.2867    26.8556 0.0000e+00
      13038      0.800     7.0600   3.470972    53.2965    34.3064    26.8642 0.0000e+00
      13040      0.734     7.1022   3.474972    53.2937    34.3084    26.8598 0.0000e+00
      13042      0.667     7.1159   3.476923    53.3012    34.3161    26.8640 0.0000e+00
      13044      0.601     7.1464   3.480004    53.3260    34.3196    26.8625 0.0000e+00
      13046      0.536     7.2017   3.484332    53.3280    34.3120    26.8487 0.0000e+00
      13048      0.470     7.2294   3.487463    53.3260    34.3187    26.8501 0.0000e+00
      13050      0.407     7.1939   3.498961    53.3270    34.4800    26.9822 0.0000e+00
      13052      0.346     7.1696   3.525012    53.3260    34.7900    27.2296 0.0000e+00
      13054      0.288     7.3499   3.566010    53.3270    35.0568    27.4140 0.0000e+00
      13056      0.235     7.6575   3.627471    53.3242    35.4140    27.6503 0.0000e+00
      13058      0.189     8.0439   3.699046    53.3270    35.7941    27.8911 0.0000e+00
      13060      0.153     8.6320   3.782135    53.1745    36.0827    28.0255 0.0000e+00
      13062      0.129    10.1084   3.818504    52.9608    34.9976    26.9309 0.0000e+00
      13064      0.114    11.8932   2.331630    52.9617    19.4838    14.5954 0.0000e+00
      13066      0.106    12.5718   0.715105    52.9646     5.2976     3.5394 0.0000e+00
      13068      0.102    12.9468   0.527702    52.9665     3.7805     2.3171 0.0000e+00
      13070      0.100    13.2691   0.490653    52.9646     3.4686     2.0321 0.0000e+00
      13072      0.100    13.4498   0.469183    52.9617     3.2915     1.8703 0.0000e+00
      13074      0.101    13.3216   0.453368    52.9637     3.1839     1.8049 0.0000e+00
      13076      0.101    12.9762   0.435738    52.9646     3.0798     1.7715 0.0000e+00
      13078      0.101    12.5878   0.415929    53.8983     2.9611     1.7306 0.0000e+00
      13080      0.101    12.4677   0.397312    54.3808     2.8292     1.6439 0.0000e+00
      13082      0.099    12.4497   0.377439    54.3808     2.6803     1.5308 0.0000e+00
      13084      0.098    12.4533   0.359732    54.3799     2.5468     1.4268 0.0000e+00
      13086      0.097    12.4631   0.342183    54.3790     2.4145     1.3230 0.0000e+00
      13088      0.096    12.4759   0.325430    54.3828     2.2885     1.2237 0.0000e+00
      13090      0.095    12.4908   0.308675    54.3799     2.1630     1.1244 0.0000e+00
      13092      0.093    12.5071   0.292964    54.3808     2.0457     1.0314 0.0000e+00
      13094      0.095    12.5246   0.278965    54.3808     1.9414     0.9484 0.0000e+00
      13096      0.095    12.5432   0.265917    54.9931     1.8445     0.8710 0.0000e+00
      13098      0.096    12.5621   0.253317    55.0265     1.7515     0.7963 0.0000e+00
      13100      0.098    12.5819   0.241413    55.0275     1.6638     0.7258 0.0000e+00
      13102      0.099    12.6029   0.231354    55.0284     1.5898     0.6657 0.0000e+00
      13104      0.098    12.6242   0.221847    55.0313     1.5201     0.6089 0.0000e+00
      13106      0.098    12.6459   0.213450    55.0293     1.4587     0.5585 0.0000e+00
      13108      0.098    12.6677   0.205197    55.0303     1.3985     0.5090 0.0000e+00
      13110      0.098    12.6898   0.198350    55.0293     1.3485     0.4675 0.0000e+00
      13112      0.097    12.7122   0.191652    55.1028     1.2999     0.4269 0.0000e+00
      13114      0.098    12.7346   0.186063    55.4327     1.2593     0.3924 0.0000e+00
      13116      0.098    12.7576   0.180241    55.4290     1.2172     0.3568 0.0000e+00
      13118      0.098    12.7802   0.174316    55.4328     1.1744     0.3207 0.0000e+00
      13120      0.097    12.8031   0.168555    55.4309     1.1330     0.2857 0.0000e+00
      13122      0.097    12.8264   0.163413    55.4309     1.0960     0.2540 0.0000e+00
      13124      0.098    12.8497   0.159590    55.4309     1.0684     0.2296 0.0000e+00
      13126      0.098    12.8731   0.156145    55.4309     1.0436     0.2073 0.0000e+00
      13128      0.098    12.8966   0.152363    55.4290     1.0164     0.1833 0.0000e+00
      13130      0.097    12.9200   0.148519    55.5281     0.9890     0.1589 0.0000e+00
      13132      0.097    12.9436   0.144012    55.6492     0.9569     0.1310 0.0000e+00
      13134      0.095    12.9673   0.140825    55.6474     0.9342     0.1103 0.0000e+00
      13136      0.094    12.9910   0.138913    55.6464     0.9203     0.0965 0.0000e+00
      13138      0.095    13.0147   0.137193    55.6464     0.9078     0.0837 0.0000e+00
      13140      0.096    13.0385   0.134666    55.6445     0.8897     0.0666 0.0000e+00
      13142      0.096    13.0621   0.130795    55.6445     0.8624     0.0423 0.0000e+00
      13144      0.095    13.0859   0.126732    55.6464     0.8339     0.0170 0.0000e+00
      13146      0.095    13.1099   0.123415    55.6464     0.8105    -0.0042 0.0000e+00
      13148      0.096    13.1338   0.121411    56.1394     0.7963    -0.0183 0.0000e+00
      13150      0.096    13.1579   0.120049    56.3102     0.7864    -0.0292 0.0000e+00
      13152      0.095    13.1818   0.117806    56.3054     0.7706    -0.0446 0.0000e+00
      13154      0.093    13.2056   0.114748    56.3063     0.7492    -0.0643 0.0000e+00
      13156      0.093    13.2293   0.111694    56.3072     0.7279    -0.0839 0.0000e+00
      13158      0.092    13.2530   0.109367    56.3092     0.7117    -0.0996 0.0000e+00
      13160      0.092    13.2765   0.107375    56.3082     0.6977    -0.1136 0.0000e+00
      13162      0.093    13.2997   0.105260    56.3063     0.6829    -0.1281 0.0000e+00
      13164      0.091    13.3227   0.103967    56.3254     0.6739    -0.1383 0.0000e+00
      13166      0.091    13.3454   0.102835    58.5780     0.6658    -0.1476 0.0000e+00
      13168      0.091    13.3681   0.101067    58.6191     0.6534    -0.1602 0.0000e+00
      13170      0.092    13.3904   0.098894    58.6248     0.6384    -0.1748 0.0000e+00
      13172      0.094    13.4124   0.096968    58.6257     0.6251    -0.1880 0.0000e+00
      13174      0.094    13.4345   0.095226    58.6266     0.6131    -0.2004 0.0000e+00
      13176      0.093    13.4567   0.093841    58.6276     0.6035    -0.2108 0.0000e+00
      13178      0.091    13.4785   0.092478    58.6248     0.5939    -0.2211 0.0000e+00
      13180      0.091    13.5006   0.090856    58.6286     0.5828    -0.2328 0.0000e+00
      13182      0.094    13.5229   0.088872    57.9591     0.5692    -0.2463 0.0000e+00
      13184      0.094    13.5448   0.086924    56.2835     0.5559    -0.2595 0.0000e+00
      13186      0.092    13.5672   0.084965    56.3111     0.5426    -0.2729 0.0000e+00
      13188      0.091    13.5896   0.083088    56.3072     0.5298    -0.2859 0.0000e+00
      13190      0.091    13.6119   0.081287    56.3092     0.5175    -0.2984 0.0000e+00
      13192      0.091    13.6343   0.079673    56.3054     0.5066    -0.3099 0.0000e+00
      13194      0.091    13.6567   0.078254    56.3082     0.4969    -0.3205 0.0000e+00
      13196      0.091    13.6792   0.077100    56.3082     0.4890    -0.3297 0.0000e+00
      13198      0.094    13.7019   0.075658    56.3063     0.4793    -0.3404 0.0000e+00
      13200      0.097    13.7242   0.074365    53.9173     0.4705    -0.3502 0.0000e+00
      13202      0.097    13.7465   0.073382    51.8918     0.4638    -0.3585 0.0000e+00
      13204      0.096    13.7683   0.072529    51.9069     0.4579    -0.3660 0.0000e+00
      13206      0.095    13.7901   0.071606    51.9051     0.4517    -0.3739 0.0000e+00
      13208      0.096    13.8114   0.070690    51.9022     0.4454    -0.3816 0.0000e+00
      13210      0.096    13.8324   0.069769    51.9060     0.4392    -0.3894 0.0000e+00
      13212      0.096    13.8531   0.068818    51.9060     0.4327    -0.3973 0.0000e+00
      13214      0.095    13.8736   0.067941    51.9069     0.4268    -0.4047 0.0000e+00
      13216      0.092    13.8936   0.067182    51.9060     0.4216    -0.4115 0.0000e+00
      13218      0.092    13.9135   0.066249    47.4265     0.4154    -0.4191 0.0000e+00
      13220      0.090    13.9330   0.065310    46.5825     0.4091    -0.4267 0.0000e+00
      13222      0.089    13.9524   0.064352    46.5768     0.4026    -0.4344 0.0000e+00
      13224      0.088    13.9715   0.063270    46.5739     0.3954    -0.4426 0.0000e+00
      13226      0.088    13.9907   0.062200    46.5730     0.3883    -0.4508 0.0000e+00
      13228      0.088    14.0099   0.061183    46.5711     0.3816    -0.4588 0.0000e+00
      13230      0.089    14.0288   0.060251    46.5701     0.3754    -0.4663 0.0000e+00
      13232      0.089    14.0477   0.059424    46.5711     0.3699    -0.4731 0.0000e+00
      13234      0.092    14.0666   0.058475    46.1982     0.3636    -0.4807 0.0000e+00
      13236      0.094    14.0855   0.057514    42.0917     0.3572    -0.4883 0.0000e+00
      13238      0.096    14.1042   0.056886    42.0716     0.3530    -0.4941 0.0000e+00
      13240      0.096    14.1233   0.056531    42.0659     0.3506    -0.4988 0.0000e+00
      13242      0.095    14.1419   0.056389    42.0630     0.3496    -0.5022 0.0000e+00
      13244      0.095    14.1609   0.056353    42.0610     0.3491    -0.5052 0.0000e+00
      13246      0.095    14.1797   0.056241    42.0640     0.3482    -0.5086 0.0000e+00
      13248      0.094    14.1986   0.055958    42.0630     0.3463    -0.5128 0.0000e+00
      13250      0.094    14.2173   0.055423    42.0601     0.3427    -0.5183 0.0000e+00
      13252      0.093    14.2359   0.054696    42.0029     0.3379    -0.5246 0.0000e+00
      13254      0.093    14.2542   0.053790    41.9065     0.3320    -0.5318 0.0000e+00
      13256      0.092    14.2727   0.052871    41.9095     0.3260    -0.5391 0.0000e+00
      13258      0.090    14.2910   0.052099    41.9085     0.3209    -0.5456 0.0000e+00
      13260      0.090    14.3091   0.051558    41.9085     0.3174    -0.5511 0.0000e+00
      13262      0.089    14.3271   0.050616    41.9075     0.3112    -0.5584 0.0000e+00
      13264      0.088    14.3453   0.049602    41.9065     0.3046    -0.5660 0.0000e+00
      13266      0.088    14.3634   0.048377    41.9095     0.2968    -0.5747 0.0000e+00
      13268      0.090    14.3814   0.047121    41.9085     0.2887    -0.5836 0.0000e+00
      13270      0.090    14.3995   0.045886    41.7330     0.2808    -0.5924 0.0000e+00
      13272      0.090    14.4176   0.044320    41.6329     0.2708    -0.6027 0.0000e+00
      13274      0.090    14.4355   0.039977    41.6329     0.2435    -0.6265 0.0000e+00
      13276      0.090    14.4530   0.035372    41.6329     0.2148    -0.6514 0.0000e+00
      13278      0.090    14.4699   0.035162    41.6329     0.2133    -0.6548 0.0000e+00
      13280      0.091    14.4868   0.035008    41.6338     0.2123    -0.6582 0.0000e+00
      13282      0.090    14.5037   0.034826    41.6338     0.2111    -0.6615 0.0000e+00
      13284      0.090    14.5203   0.034602    41.6338     0.2097    -0.6651 0.0000e+00
      13286      0.091    14.5369   0.034318    41.6329     0.2077    -0.6690 0.0000e+00
      13288      0.091    14.5532   0.033975    42.4874     0.2056    -0.6730 0.0000e+00
      13290      0.092    14.5696   0.033626    42.5627     0.2034    -0.6772 0.0000e+00
      13292      0.095    14.5860   0.033252    42.5647     0.2010    -0.6814 0.0000e+00
      13294      0.095    14.6021   0.032839    42.5627     0.1984    -0.6858 0.0000e+00
      13296      0.094    14.6183   0.032449    42.5656     0.1959    -0.6901 0.0000e+00
      13298      0.091    14.6341   0.032072    42.5656     0.1935    -0.6943 0.0000e+00
      13300      0.089    14.6502   0.031677    42.5656     0.1910    -0.6986 0.0000e+00
      13302      0.088    14.6659   0.031274    42.5647     0.1884    -0.7029 0.0000e+00
