Datasets/AZMP/TEL211/tel211_2020_003.cnv
* Sea-Bird SBE25plus Data File
* Filename = tel211_2020_003
* Software Version AquireV2 AF V2.0
* System UpLoad Time = Aug 04 2020 14:05:55
** VESSEL/TRIP/SEQ STN: tel211_2020_003
** LATITUDE: 45 50.93 N
** LONGITUDE: 53 53.74 W
** DATE/TIME: 2020-08-04 13:53
** SOUNDING DEPTH (M): 0083
** PROBE TYPE: S1101
** CTD NUMBER:    
** COMMENTS (14 CHAR): Bull arm #2
# nquan = 8
# nvalues = 6735                        
# units = specified
# name 0 = scan: Scan Count
# name 1 = prdM: Pressure, Strain Gauge [db]
# name 2 = t090C: Temperature [ITS-90, deg C]
# name 3 = c0S/m: Conductivity [S/m]
# name 4 = flECO-AFL: Fluorescence, WET Labs ECO-AFL/FL [mg/m^3]
# name 5 = sal00: Salinity, Practical [PSU]
# name 6 = sigma-t00: Density [sigma-t, kg/m^3 ]
# name 7 = flag: flag
# span 0 =          2,      13469       
# span 1 =      0.084,     83.221       
# span 2 =     0.2344,    20.6732       
# span 3 =  -0.002217,   4.175465       
# span 4 =    -0.1387,    58.6286       
# span 5 =     0.0000,    36.0827       
# span 6 =    -1.9276,    28.0255       
# span 7 = 0.0000e+00, 0.0000e+00       
# interval = scans: 2                   
# start_time = Aug 04 2020 13:53:22 [Instrument's time stamp, header]
# bad_flag = -9.990e-29
*END*
[from data line 360]
        722      0.161    20.5489   0.000218    46.1924     0.0104    -1.9016 0.0000e+00
        724      0.161    20.5489   0.000209    46.1915     0.0103    -1.9016 0.0000e+00
        726      0.160    20.5489   0.000217    46.1906     0.0104    -1.9016 0.0000e+00
        728      0.159    20.5490   0.000217    46.1915     0.0104    -1.9016 0.0000e+00
        730      0.158    20.5492   0.000208    46.1886     0.0104    -1.9017 0.0000e+00
        732      0.159    20.5495   0.000220    46.1906     0.0104    -1.9017 0.0000e+00
        734      0.158    20.5498   0.000219    46.2173     0.0104    -1.9018 0.0000e+00
        736      0.158    20.5500   0.000226    46.2211     0.0104    -1.9018 0.0000e+00
        738      0.158    20.5502   0.000220    46.2220     0.0104    -1.9019 0.0000e+00
        740      0.159    20.5504   0.000211    46.2211     0.0104    -1.9019 0.0000e+00
        742      0.160    20.5506   0.000222    46.2229     0.0104    -1.9019 0.0000e+00
        744      0.161    20.5508   0.000224    46.2229     0.0104    -1.9020 0.0000e+00
        746      0.162    20.5510   0.000217    46.2220     0.0104    -1.9020 0.0000e+00
        748      0.162    20.5509   0.000227    46.2211     0.0104    -1.9020 0.0000e+00
        750      0.161    20.5511   0.000218    46.2220     0.0104    -1.9021 0.0000e+00
        752      0.160    20.5512   0.000213    46.2220     0.0104    -1.9021 0.0000e+00
        754      0.158    20.5514   0.000222    46.2211     0.0104    -1.9021 0.0000e+00
        756      0.158    20.5516   0.000220    46.2220     0.0104    -1.9021 0.0000e+00
        758      0.158    20.5517   0.000224    46.2211     0.0104    -1.9022 0.0000e+00
        760      0.158    20.5517   0.000226    46.2229     0.0104    -1.9022 0.0000e+00
        762      0.158    20.5519   0.000211    46.2229     0.0104    -1.9022 0.0000e+00
        764      0.158    20.5520   0.000215    46.2191     0.0104    -1.9023 0.0000e+00
        766      0.159    20.5522   0.000221    46.2220     0.0104    -1.9023 0.0000e+00
        768      0.161    20.5523   0.000217    46.2077     0.0104    -1.9023 0.0000e+00
        770      0.164    20.5523   0.000224    46.1906     0.0104    -1.9023 0.0000e+00
        772      0.163    20.5526   0.000224    46.1924     0.0104    -1.9024 0.0000e+00
        774      0.163    20.5527   0.000228    46.1906     0.0104    -1.9024 0.0000e+00
        776      0.164    20.5528   0.000229    46.1906     0.0104    -1.9024 0.0000e+00
        778      0.165    20.5529   0.000218    46.1925     0.0104    -1.9025 0.0000e+00
        780      0.166    20.5530   0.000224    46.1906     0.0104    -1.9025 0.0000e+00
        782      0.167    20.5532   0.000220    46.1896     0.0104    -1.9025 0.0000e+00
        784      0.169    20.5529   0.000222    46.1896     0.0104    -1.9024 0.0000e+00
        786      0.169    20.5519   0.000213    46.1286     0.0104    -1.9022 0.0000e+00
        788      0.168    20.5502   0.000209    46.1114     0.0104    -1.9019 0.0000e+00
        790      0.166    20.5493   0.000218    46.1085     0.0104    -1.9017 0.0000e+00
        792      0.163    20.5487   0.000205    46.1114     0.0103    -1.9016 0.0000e+00
        794      0.161    20.5485   0.000193    46.1114     0.0103    -1.9015 0.0000e+00
        796      0.160    20.5485   0.000206    46.1085     0.0103    -1.9015 0.0000e+00
        798      0.161    20.5485   0.000205    46.1105     0.0103    -1.9015 0.0000e+00
        800      0.161    20.5486   0.000197    46.1095     0.0103    -1.9016 0.0000e+00
        802      0.163    20.5487   0.000199    46.1095     0.0103    -1.9016 0.0000e+00
        804      0.166    20.5488   0.000205    46.1114     0.0103    -1.9016 0.0000e+00
        806      0.169    20.5491   0.000206    46.1095     0.0103    -1.9016 0.0000e+00
        808      0.169    20.5491   0.000208    46.1095     0.0103    -1.9016 0.0000e+00
        810      0.168    20.5491   0.000198    46.1085     0.0103    -1.9017 0.0000e+00
        812      0.166    20.5493   0.000198    46.1085     0.0103    -1.9017 0.0000e+00
        814      0.164    20.5495   0.000198    46.1085     0.0103    -1.9017 0.0000e+00
        816      0.161    20.5497   0.000200    46.1105     0.0103    -1.9018 0.0000e+00
        818      0.161    20.5498   0.000208    46.1085     0.0103    -1.9018 0.0000e+00
        820      0.161    20.5500   0.000202    46.1172     0.0103    -1.9019 0.0000e+00
        822      0.160    20.5502   0.000207    46.1295     0.0103    -1.9019 0.0000e+00
        824      0.161    20.5506   0.000211    46.1315     0.0104    -1.9019 0.0000e+00
        826      0.162    20.5507   0.000208    46.1295     0.0103    -1.9020 0.0000e+00
        828      0.162    20.5513   0.000206    46.1315     0.0103    -1.9021 0.0000e+00
        830      0.162    20.5514   0.000203    46.1286     0.0103    -1.9021 0.0000e+00
        832      0.163    20.5518   0.000213    46.1315     0.0104    -1.9022 0.0000e+00
        834      0.163    20.5520   0.000216    46.1295     0.0104    -1.9023 0.0000e+00
        836      0.162    20.5523   0.000210    46.1277     0.0104    -1.9024 0.0000e+00
        838      0.161    20.5530   0.000212    46.1439     0.0104    -1.9025 0.0000e+00
        840      0.161    20.5533   0.000227    46.1600     0.0104    -1.9025 0.0000e+00
        842      0.161    20.5536   0.000218    46.1600     0.0104    -1.9026 0.0000e+00
        844      0.161    20.5539   0.000215    46.1610     0.0104    -1.9027 0.0000e+00
        846      0.161    20.5542   0.000226    46.1600     0.0104    -1.9027 0.0000e+00
        848      0.161    20.5545   0.000222    46.1600     0.0104    -1.9028 0.0000e+00
        850      0.160    20.5547   0.000225    46.1600     0.0104    -1.9028 0.0000e+00
        852      0.160    20.5550   0.000220    46.1591     0.0104    -1.9029 0.0000e+00
        854      0.161    20.5553   0.000224    46.1591     0.0104    -1.9030 0.0000e+00
        856      0.162    20.5562   0.000229    46.0151     0.0104    -1.9032 0.0000e+00
        858      0.162    20.5571   0.000224    45.9874     0.0104    -1.9034 0.0000e+00
        860      0.162    20.5581   0.000223    45.9874     0.0104    -1.9036 0.0000e+00
        862      0.161    20.5593   0.000231    45.9883     0.0104    -1.9038 0.0000e+00
        864      0.162    20.5605   0.000239    45.9865     0.0104    -1.9040 0.0000e+00
        866      0.162    20.5617   0.000249    45.9855     0.0104    -1.9043 0.0000e+00
        868      0.160    20.5630   0.000248    45.9845     0.0104    -1.9045 0.0000e+00
        870      0.160    20.5643   0.000257    45.9865     0.0105    -1.9048 0.0000e+00
        872      0.161    20.5658   0.000255    45.9998     0.0105    -1.9051 0.0000e+00
        874      0.162    20.5673   0.000258    46.4023     0.0105    -1.9055 0.0000e+00
        876      0.164    20.5688   0.000266    46.4060     0.0105    -1.9057 0.0000e+00
        878      0.166    20.5703   0.000277    46.4061     0.0105    -1.9061 0.0000e+00
        880      0.167    20.5718   0.000278    46.4051     0.0105    -1.9064 0.0000e+00
        882      0.166    20.5735   0.000285    46.4070     0.0105    -1.9067 0.0000e+00
        884      0.166    20.5752   0.000280    46.4051     0.0105    -1.9070 0.0000e+00
        886      0.166    20.5768   0.000286    46.4060     0.0105    -1.9074 0.0000e+00
        888      0.164    20.5776   0.000301    46.4051     0.0106    -1.9076 0.0000e+00
        890      0.162    20.5791   0.000302    46.3231     0.0106    -1.9078 0.0000e+00
        892      0.160    20.5804   0.000299    46.1877     0.0106    -1.9081 0.0000e+00
        894      0.159    20.5819   0.000308    46.1915     0.0106    -1.9084 0.0000e+00
        896      0.159    20.5832   0.000312    46.1896     0.0106    -1.9087 0.0000e+00
        898      0.158    20.5846   0.000314    46.1915     0.0106    -1.9090 0.0000e+00
        900      0.160    20.5859   0.000307    46.1924     0.0106    -1.9093 0.0000e+00
        902      0.163    20.5871   0.000319    46.1924     0.0106    -1.9095 0.0000e+00
        904      0.164    20.5879   0.000319    46.1924     0.0106    -1.9097 0.0000e+00
        906      0.164    20.5889   0.000325    46.1944     0.0107    -1.9099 0.0000e+00
        908      0.164    20.5899   0.000334    46.1095     0.0107    -1.9101 0.0000e+00
        910      0.164    20.5911   0.000326    46.0476     0.0107    -1.9104 0.0000e+00
        912      0.166    20.5922   0.000334    46.0504     0.0107    -1.9106 0.0000e+00
        914      0.166    20.5933   0.000335    46.0495     0.0107    -1.9108 0.0000e+00
        916      0.163    20.5940   0.000340    46.0504     0.0107    -1.9110 0.0000e+00
        918      0.160    20.5951   0.000333    46.0485     0.0107    -1.9112 0.0000e+00
        920      0.160    20.5964   0.000334    46.0485     0.0107    -1.9114 0.0000e+00
        922      0.162    20.5978   0.000353    46.0485     0.0107    -1.9117 0.0000e+00
        924      0.163    20.5992   0.000347    46.0476     0.0107    -1.9120 0.0000e+00
        926      0.165    20.6005   0.000352    46.1782     0.0107    -1.9123 0.0000e+00
        928      0.167    20.6018   0.000364    46.1906     0.0107    -1.9125 0.0000e+00
        930      0.167    20.6031   0.000358    46.1915     0.0107    -1.9129 0.0000e+00
        932      0.168    20.6047   0.000358    46.1944     0.0107    -1.9131 0.0000e+00
        934      0.168    20.6062   0.000360    46.1934     0.0108    -1.9135 0.0000e+00
        936      0.168    20.6076   0.000373    46.1906     0.0108    -1.9137 0.0000e+00
        938      0.167    20.6092   0.000366    46.1924     0.0108    -1.9141 0.0000e+00
        940      0.164    20.6106   0.000370    46.1906     0.0108    -1.9144 0.0000e+00
        942      0.161    20.6119   0.000373    46.1820     0.0108    -1.9147 0.0000e+00
        944      0.159    20.6130   0.000370    46.1286     0.0108    -1.9149 0.0000e+00
        946      0.159    20.6144   0.000373    46.1295     0.0108    -1.9152 0.0000e+00
        948      0.160    20.6157   0.000378    46.1295     0.0108    -1.9154 0.0000e+00
        950      0.161    20.6171   0.000383    46.1295     0.0108    -1.9158 0.0000e+00
        952      0.163    20.6183   0.000383    46.1315     0.0108    -1.9160 0.0000e+00
        954      0.163    20.6197   0.000388    46.1324     0.0109    -1.9162 0.0000e+00
        956      0.162    20.6209   0.000398    46.1315     0.0109    -1.9165 0.0000e+00
        958      0.161    20.6223   0.000392    46.1305     0.0109    -1.9168 0.0000e+00
        960      0.160    20.6234   0.000402    46.0675     0.0109    -1.9170 0.0000e+00
        962      0.160    20.6248   0.000397    45.9865     0.0109    -1.9173 0.0000e+00
        964      0.162    20.6260   0.000387    45.9883     0.0109    -1.9177 0.0000e+00
        966      0.162    20.6273   0.000398    45.9874     0.0109    -1.9179 0.0000e+00
        968      0.162    20.6287   0.000403    45.9883     0.0109    -1.9181 0.0000e+00
        970      0.161    20.6298   0.000406    45.9883     0.0109    -1.9184 0.0000e+00
        972      0.160    20.6311   0.000409    45.9893     0.0109    -1.9187 0.0000e+00
        974      0.159    20.6325   0.000393    45.9893     0.0109    -1.9190 0.0000e+00
        976      0.160    20.6336   0.000406    45.9865     0.0109    -1.9192 0.0000e+00
        978      0.160    20.6349   0.000407    46.0513     0.0109    -1.9194 0.0000e+00
        980      0.158    20.6362   0.000416    46.0799     0.0109    -1.9197 0.0000e+00
        982      0.155    20.6373   0.000416    46.0790     0.0109    -1.9200 0.0000e+00
        984      0.153    20.6386   0.000414    46.0809     0.0109    -1.9202 0.0000e+00
        986      0.153    20.6397   0.000414    46.0819     0.0109    -1.9205 0.0000e+00
        988      0.153    20.6409   0.000413    46.0799     0.0109    -1.9207 0.0000e+00
        990      0.154    20.6420   0.000412    46.0799     0.0109    -1.9209 0.0000e+00
        992      0.154    20.6431   0.000425    46.0799     0.0110    -1.9211 0.0000e+00
        994      0.156    20.6442   0.000414    46.0799     0.0109    -1.9215 0.0000e+00
        996      0.159    20.6451   0.000416    46.1581     0.0109    -1.9216 0.0000e+00
        998      0.161    20.6462   0.000417    46.1582     0.0110    -1.9219 0.0000e+00
       1000      0.164    20.6472   0.000422    46.1600     0.0110    -1.9221 0.0000e+00
       1002      0.167    20.6482   0.000419    46.1638     0.0110    -1.9223 0.0000e+00
       1004      0.167    20.6492   0.000424    46.1591     0.0110    -1.9225 0.0000e+00
       1006      0.165    20.6502   0.000416    46.1620     0.0109    -1.9227 0.0000e+00
       1008      0.163    20.6511   0.000422    46.1600     0.0110    -1.9228 0.0000e+00
       1010      0.162    20.6521   0.000423    46.1610     0.0110    -1.9231 0.0000e+00
       1012      0.162    20.6531   0.000422    46.1762     0.0110    -1.9233 0.0000e+00
       1014      0.162    20.6543   0.000427    46.2239     0.0110    -1.9236 0.0000e+00
       1016      0.161    20.6553   0.000422    46.2201     0.0110    -1.9238 0.0000e+00
       1018      0.160    20.6565   0.000424    46.2201     0.0110    -1.9240 0.0000e+00
       1020      0.159    20.6576   0.000423    46.2211     0.0110    -1.9242 0.0000e+00
       1022      0.161    20.6585   0.000422    46.2220     0.0110    -1.9245 0.0000e+00
       1024      0.164    20.6598   0.000430    46.2201     0.0110    -1.9247 0.0000e+00
       1026      0.164    20.6606   0.000432    46.2191     0.0110    -1.9249 0.0000e+00
       1028      0.163    20.6615   0.000425    46.2239     0.0110    -1.9251 0.0000e+00
       1030      0.162    20.6623   0.000432    46.2955     0.0110    -1.9253 0.0000e+00
       1032      0.161    20.6632   0.000432    46.3765     0.0110    -1.9255 0.0000e+00
       1034      0.161    20.6641   0.000429    46.3765     0.0110    -1.9257 0.0000e+00
       1036      0.162    20.6649   0.000437    46.3765     0.0110    -1.9257 0.0000e+00
       1038      0.163    20.6657   0.000429    46.3774     0.0110    -1.9259 0.0000e+00
       1040      0.163    20.6666   0.000426    46.3746     0.0110    -1.9261 0.0000e+00
       1042      0.162    20.6675   0.000429    46.3765     0.0110    -1.9263 0.0000e+00
       1044      0.163    20.6684   0.000422    46.3746     0.0110    -1.9266 0.0000e+00
       1046      0.164    20.6690   0.000427    46.3765     0.0110    -1.9267 0.0000e+00
       1048      0.163    20.6694   0.000434    46.3774     0.0110    -1.9268 0.0000e+00
       1050      0.163    20.6701   0.000420    46.3756     0.0110    -1.9269 0.0000e+00
       1052      0.164    20.6702   0.000421    46.3756     0.0110    -1.9269 0.0000e+00
       1054      0.164    20.6705   0.000414    46.3756     0.0109    -1.9270 0.0000e+00
       1056      0.164    20.6714   0.000419    46.3756     0.0110    -1.9272 0.0000e+00
       1058      0.163    20.6720   0.000420    46.3736     0.0110    -1.9274 0.0000e+00
       1060      0.164    20.6728   0.000415    46.3756     0.0109    -1.9275 0.0000e+00
       1062      0.164    20.6731   0.000416    46.3746     0.0110    -1.9276 0.0000e+00
       1064      0.165    20.6731   0.000412    46.3718     0.0109    -1.9276 0.0000e+00
       1066      0.166    20.6732   0.000411    46.3155     0.0109    -1.9276 0.0000e+00
       1068      0.166    20.6732   0.000405    46.3127     0.0109    -1.9276 0.0000e+00
       1070      0.165    20.6718   0.000398    46.3136     0.0109    -1.9274 0.0000e+00
       1072      0.164    20.6705   0.000389    46.3136     0.0109    -1.9271 0.0000e+00
       1074      0.164    20.6703   0.000385    46.3127     0.0109    -1.9271 0.0000e+00
       1076      0.165    20.6711   0.000391    46.3145     0.0109    -1.9272 0.0000e+00
       1078      0.165    20.6717   0.000392    46.3155     0.0109    -1.9273 0.0000e+00
