Datasets/AZMP/TEL211/tel211_2020_002.cnv
* Sea-Bird SBE25plus Data File
* Filename = tel211_2020_002
* Software Version AquireV2 AF V2.0
* System UpLoad Time = Aug 03 2020 18:44:12
** VESSEL/TRIP/SEQ STN: tel211_2020_002
** LATITUDE: 47 50.93 N
** LONGITUDE: 53 53.75 W
** DATE/TIME: 2020-08-03 18:27
** SOUNDING DEPTH (M):  084
** PROBE TYPE: S1101
** CTD NUMBER:    
** COMMENTS (14 CHAR): Sunnyside CTD1
# nquan = 8
# nvalues = 8674                        
# units = specified
# name 0 = scan: Scan Count
# name 1 = prdM: Pressure, Strain Gauge [db]
# name 2 = t090C: Temperature [ITS-90, deg C]
# name 3 = c0S/m: Conductivity [S/m]
# name 4 = flECO-AFL: Fluorescence, WET Labs ECO-AFL/FL [mg/m^3]
# name 5 = sal00: Salinity, Practical [PSU]
# name 6 = sigma-t00: Density [sigma-t, kg/m^3 ]
# name 7 = flag: flag
# span 0 =          2,      17348       
# span 1 =      0.144,     83.500       
# span 2 =     0.2752,    29.2447       
# span 3 =  -0.016610,   4.589669       
# span 4 =    -0.1377,    58.4492       
# span 5 =     0.0000,    35.7801       
# span 6 =    -4.1155,    27.7045       
# span 7 = 0.0000e+00, 0.0000e+00       
# interval = scans: 2                   
# start_time = Aug 03 2020 18:27:53 [Instrument's time stamp, header]
# bad_flag = -9.990e-29
*END*
[from data line 899]
       1800      1.771    18.8263   4.449320    46.5148    33.1286    23.6351 0.0000e+00
       1802      1.769    18.8255   4.448445    46.5148    33.1220    23.6303 0.0000e+00
       1804      1.769    18.8246   4.448046    46.5139    33.1193    23.6285 0.0000e+00
       1806      1.769    18.8237   4.448028    46.5139    33.1200    23.6291 0.0000e+00
       1808      1.772    18.8226   4.448437    46.5148    33.1242    23.6326 0.0000e+00
       1810      1.773    18.8220   4.449089    46.5119    33.1302    23.6374 0.0000e+00
       1812      1.773    18.8216   4.449618    46.5148    33.1349    23.6411 0.0000e+00
       1814      1.773    18.8214   4.449678    46.5158    33.1355    23.6416 0.0000e+00
       1816      1.772    18.8211   4.449183    46.5568    33.1316    23.6387 0.0000e+00
       1818      1.771    18.8210   4.448284    46.5749    33.1242    23.6330 0.0000e+00
       1820      1.769    18.8205   4.446960    46.5749    33.1136    23.6250 0.0000e+00
       1822      1.769    18.8201   4.445359    46.5759    33.1005    23.6152 0.0000e+00
       1824      1.770    18.8196   4.443663    46.5768    33.0868    23.6049 0.0000e+00
       1826      1.773    18.8188   4.442204    46.5777    33.0754    23.5963 0.0000e+00
       1828      1.774    18.8179   4.440857    46.5749    33.0649    23.5885 0.0000e+00
       1830      1.774    18.8171   4.439515    46.5739    33.0542    23.5806 0.0000e+00
       1832      1.775    18.8169   4.438320    46.5768    33.0444    23.5731 0.0000e+00
       1834      1.777    18.8169   4.437290    46.5168    33.0360    23.5667 0.0000e+00
       1836      1.777    18.8169   4.436305    46.5158    33.0277    23.5604 0.0000e+00
       1838      1.776    18.8168   4.435373    46.5139    33.0200    23.5545 0.0000e+00
       1840      1.774    18.8165   4.434566    46.5139    33.0135    23.5497 0.0000e+00
       1842      1.774    18.8164   4.433924    46.5139    33.0083    23.5457 0.0000e+00
       1844      1.776    18.8162   4.433475    46.5139    33.0047    23.5430 0.0000e+00
       1846      1.776    18.8158   4.433284    46.5130    33.0035    23.5421 0.0000e+00
       1848      1.777    18.8154   4.433407    46.5148    33.0048    23.5432 0.0000e+00
       1850      1.779    18.8150   4.434076    46.5177    33.0107    23.5478 0.0000e+00
       1852      1.781    18.8148   4.435198    46.5444    33.0202    23.5552 0.0000e+00
       1854      1.781    18.8148   4.436530    46.5425    33.0313    23.5636 0.0000e+00
       1856      1.780    18.8148   4.437490    46.5444    33.0393    23.5697 0.0000e+00
       1858      1.779    18.8147   4.437703    46.5435    33.0411    23.5712 0.0000e+00
       1860      1.778    18.8148   4.437650    46.5435    33.0405    23.5708 0.0000e+00
       1862      1.778    18.8148   4.437731    46.5463    33.0413    23.5712 0.0000e+00
       1864      1.777    18.8147   4.438273    46.5453    33.0459    23.5748 0.0000e+00
       1866      1.777    18.8145   4.439322    46.5444    33.0548    23.5817 0.0000e+00
       1868      1.776    18.8141   4.440912    46.5568    33.0684    23.5922 0.0000e+00
       1870      1.776    18.8142   4.443238    46.5749    33.0876    23.6069 0.0000e+00
       1872      1.776    18.8148   4.445907    46.5768    33.1093    23.6233 0.0000e+00
       1874      1.776    18.8158   4.448175    46.5739    33.1275    23.6369 0.0000e+00
       1876      1.773    18.8169   4.449445    46.5759    33.1372    23.6440 0.0000e+00
       1878      1.771    18.8184   4.449350    46.5749    33.1352    23.6422 0.0000e+00
       1880      1.769    18.8199   4.447836    46.5759    33.1214    23.6313 0.0000e+00
       1882      1.768    18.8210   4.445173    46.5768    33.0983    23.6133 0.0000e+00
       1884      1.767    18.8218   4.441636    46.5739    33.0682    23.5901 0.0000e+00
       1886      1.768    18.8216   4.437544    46.5749    33.0343    23.5643 0.0000e+00
       1888      1.768    18.8210   4.433674    46.5759    33.0026    23.5402 0.0000e+00
       1890      1.768    18.8191   4.430301    46.5759    32.9760    23.5204 0.0000e+00
       1892      1.769    18.8161   4.427661    46.5768    32.9564    23.5061 0.0000e+00
       1894      1.770    18.8123   4.425959    46.5768    32.9453    23.4986 0.0000e+00
       1896      1.770    18.8094   4.425526    46.5749    32.9439    23.4982 0.0000e+00
       1898      1.770    18.8074   4.426573    46.5730    32.9543    23.5067 0.0000e+00
       1900      1.772    18.8059   4.428954    46.5739    32.9753    23.5230 0.0000e+00
       1902      1.772    18.8049   4.432005    46.5749    33.0015    23.5434 0.0000e+00
       1904      1.771    18.8043   4.434981    46.5453    33.0268    23.5628 0.0000e+00
       1906      1.769    18.8041   4.437166    46.5444    33.0452    23.5769 0.0000e+00
       1908      1.766    18.8043   4.438149    46.5453    33.0532    23.5829 0.0000e+00
       1910      1.764    18.8049   4.437774    46.5453    33.0496    23.5801 0.0000e+00
       1912      1.763    18.8057   4.435762    46.5463    33.0322    23.5666 0.0000e+00
       1914      1.762    18.8062   4.432248    46.5453    33.0024    23.5437 0.0000e+00
       1916      1.761    18.8064   4.428048    46.5463    32.9673    23.5170 0.0000e+00
       1918      1.762    18.8060   4.424338    46.5444    32.9368    23.4937 0.0000e+00
       1920      1.762    18.8064   4.421878    46.5453    32.9160    23.4777 0.0000e+00
       1922      1.763    18.8085   4.420718    46.5453    32.9047    23.4685 0.0000e+00
       1924      1.765    18.8113   4.420953    46.5444    32.9044    23.4676 0.0000e+00
       1926      1.765    18.8134   4.422658    46.5444    32.9169    23.4766 0.0000e+00
       1928      1.768    18.8147   4.425219    46.5444    32.9372    23.4918 0.0000e+00
       1930      1.768    18.8154   4.427508    46.5453    32.9557    23.5057 0.0000e+00
       1932      1.765    18.8162   4.429100    46.5444    32.9683    23.5152 0.0000e+00
       1934      1.761    18.8167   4.429886    46.5453    32.9744    23.5197 0.0000e+00
       1936      1.760    18.8175   4.429516    46.5444    32.9707    23.5168 0.0000e+00
       1938      1.759    18.8177   4.428316    46.5606    32.9605    23.5089 0.0000e+00
       1940      1.760    18.8182   4.427102    46.5759    32.9500    23.5008 0.0000e+00
       1942      1.760    18.8184   4.426309    46.5759    32.9433    23.4956 0.0000e+00
       1944      1.760    18.8186   4.425987    46.5768    32.9404    23.4933 0.0000e+00
       1946      1.760    18.8186   4.425864    46.5759    32.9394    23.4925 0.0000e+00
       1948      1.759    18.8188   4.425600    46.5759    32.9370    23.4907 0.0000e+00
       1950      1.759    18.8188   4.425013    46.5768    32.9322    23.4870 0.0000e+00
       1952      1.759    18.8189   4.423952    46.5759    32.9233    23.4802 0.0000e+00
       1954      1.761    18.8188   4.422497    46.5749    32.9112    23.4710 0.0000e+00
       1956      1.764    18.8188   4.420994    46.5234    32.8988    23.4614 0.0000e+00
       1958      1.765    18.8186   4.419856    46.5130    32.8895    23.4543 0.0000e+00
       1960      1.767    18.8184   4.419360    46.5120    32.8855    23.4513 0.0000e+00
       1962      1.769    18.8184   4.419651    46.5130    32.8879    23.4533 0.0000e+00
       1964      1.769    18.8186   4.420569    46.5139    32.8954    23.4589 0.0000e+00
       1966      1.769    18.8184   4.421881    46.5139    32.9065    23.4674 0.0000e+00
       1968      1.766    18.8188   4.423413    46.5130    32.9189    23.4768 0.0000e+00
       1970      1.764    18.8186   4.424841    46.5139    32.9309    23.4860 0.0000e+00
       1972      1.761    18.8187   4.425626    46.5158    32.9374    23.4909 0.0000e+00
       1974      1.760    18.8188   4.425603    46.5444    32.9372    23.4907 0.0000e+00
       1976      1.759    18.8190   4.424848    46.5472    32.9307    23.4858 0.0000e+00
       1978      1.757    18.8190   4.423513    46.5425    32.9196    23.4772 0.0000e+00
       1980      1.755    18.8190   4.421480    46.5444    32.9026    23.4643 0.0000e+00
       1982      1.754    18.8192   4.418703    46.5444    32.8794    23.4466 0.0000e+00
       1984      1.754    18.8191   4.415669    46.5501    32.8542    23.4273 0.0000e+00
       1986      1.754    18.8190   4.412676    46.5453    32.8293    23.4083 0.0000e+00
       1988      1.756    18.8191   4.409927    46.5444    32.8064    23.3909 0.0000e+00
       1990      1.758    18.8190   4.407622    46.5463    32.7874    23.3763 0.0000e+00
       1992      1.761    18.8175   4.405952    46.5453    32.7747    23.3670 0.0000e+00
       1994      1.762    18.8150   4.405149    46.5435    32.7700    23.3640 0.0000e+00
       1996      1.762    18.8130   4.405081    46.5444    32.7710    23.3653 0.0000e+00
       1998      1.762    18.8119   4.405463    46.5435    32.7751    23.3686 0.0000e+00
       2000      1.761    18.8117   4.406360    46.5453    32.7827    23.3745 0.0000e+00
       2002      1.760    18.8111   4.407321    46.5453    32.7911    23.3811 0.0000e+00
       2004      1.759    18.8111   4.408037    46.5473    32.7971    23.3856 0.0000e+00
       2006      1.757    18.8111   4.408281    46.5453    32.7991    23.3871 0.0000e+00
       2008      1.757    18.8112   4.408084    46.5453    32.7974    23.3859 0.0000e+00
       2010      1.757    18.8113   4.407451    46.5435    32.7921    23.3818 0.0000e+00
       2012      1.759    18.8115   4.406684    46.5453    32.7855    23.3767 0.0000e+00
       2014      1.760    18.8117   4.405890    46.5463    32.7788    23.3715 0.0000e+00
       2016      1.761    18.8119   4.405035    46.5453    32.7715    23.3659 0.0000e+00
       2018      1.762    18.8120   4.404195    46.5444    32.7644    23.3605 0.0000e+00
       2020      1.761    18.8123   4.403274    46.5453    32.7565    23.3544 0.0000e+00
       2022      1.761    18.8124   4.402178    46.5444    32.7473    23.3473 0.0000e+00
       2024      1.762    18.8126   4.400745    46.5453    32.7352    23.3380 0.0000e+00
       2026      1.762    18.8128   4.399095    46.5997    32.7213    23.3273 0.0000e+00
       2028      1.761    18.8130   4.397569    46.6064    32.7085    23.3176 0.0000e+00
       2030      1.761    18.8126   4.396443    46.6045    32.6994    23.3107 0.0000e+00
       2032      1.761    18.8111   4.396041    46.6054    32.6973    23.3095 0.0000e+00
       2034      1.763    18.8092   4.396223    46.6073    32.7004    23.3122 0.0000e+00
       2036      1.764    18.8079   4.396897    46.6064    32.7069    23.3176 0.0000e+00
       2038      1.765    18.8071   4.398083    46.6054    32.7174    23.3258 0.0000e+00
       2040      1.764    18.8066   4.399484    46.6082    32.7296    23.3352 0.0000e+00
       2042      1.761    18.8062   4.400523    46.6093    32.7385    23.3422 0.0000e+00
       2044      1.760    18.8060   4.400905    46.6378    32.7417    23.3447 0.0000e+00
       2046      1.757    18.8060   4.400688    46.6378    32.7400    23.3434 0.0000e+00
       2048      1.756    18.8060   4.399806    46.6368    32.7327    23.3377 0.0000e+00
       2050      1.756    18.8062   4.398110    46.6350    32.7184    23.3268 0.0000e+00
       2052      1.757    18.8062   4.395834    46.6378    32.6994    23.3123 0.0000e+00
       2054      1.759    18.8060   4.393307    46.6359    32.6786    23.2965 0.0000e+00
       2056      1.759    18.8055   4.390702    46.6368    32.6573    23.2803 0.0000e+00
       2058      1.757    18.8049   4.388236    46.6350    32.6373    23.2652 0.0000e+00
       2060      1.758    18.8038   4.386285    46.6492    32.6219    23.2538 0.0000e+00
       2062      1.759    18.8016   4.384999    46.6684    32.6130    23.2475 0.0000e+00
       2064      1.761    18.7988   4.384507    46.6684    32.6111    23.2467 0.0000e+00
       2066      1.763    18.7964   4.384586    46.6655    32.6137    23.2493 0.0000e+00
       2068      1.767    18.7949   4.385273    46.6665    32.6205    23.2549 0.0000e+00
       2070      1.769    18.7940   4.386435    46.6665    32.6309    23.2631 0.0000e+00
       2072      1.768    18.7933   4.387645    46.6684    32.6415    23.2713 0.0000e+00
       2074      1.765    18.7931   4.388299    46.6693    32.6471    23.2756 0.0000e+00
       2076      1.764    18.7929   4.388270    46.6675    32.6471    23.2756 0.0000e+00
       2078      1.762    18.7929   4.387957    46.6474    32.6445    23.2736 0.0000e+00
       2080      1.761    18.7927   4.387553    46.6368    32.6412    23.2712 0.0000e+00
       2082      1.759    18.7925   4.386588    46.6388    32.6333    23.2652 0.0000e+00
       2084      1.758    18.7927   4.385243    46.6388    32.6221    23.2566 0.0000e+00
       2086      1.757    18.7925   4.383857    46.6378    32.6107    23.2480 0.0000e+00
       2088      1.756    18.7922   4.382283    46.6388    32.5978    23.2382 0.0000e+00
       2090      1.754    18.7921   4.380273    46.6368    32.5812    23.2255 0.0000e+00
       2092      1.753    18.7920   4.378134    46.6378    32.5635    23.2121 0.0000e+00
       2094      1.753    18.7917   4.376141    46.6350    32.5472    23.1996 0.0000e+00
       2096      1.756    18.7916   4.374246    46.6073    32.5315    23.1878 0.0000e+00
       2098      1.757    18.7910   4.372480    46.6054    32.5173    23.1770 0.0000e+00
       2100      1.759    18.7903   4.371073    46.6073    32.5061    23.1687 0.0000e+00
       2102      1.761    18.7912   4.370120    46.6054    32.4976    23.1619 0.0000e+00
       2104      1.763    18.7925   4.369577    46.6064    32.4920    23.1573 0.0000e+00
       2106      1.765    18.7938   4.369473    46.6045    32.4900    23.1555 0.0000e+00
       2108      1.765    18.7948   4.369680    46.6054    32.4910    23.1560 0.0000e+00
       2110      1.766    18.7955   4.369998    46.6102    32.4932    23.1575 0.0000e+00
       2112      1.766    18.7957   4.370420    46.6140    32.4965    23.1600 0.0000e+00
       2114      1.765    18.7959   4.370868    46.6368    32.4999    23.1626 0.0000e+00
       2116      1.766    18.7964   4.371411    46.6359    32.5041    23.1656 0.0000e+00
       2118      1.766    18.7970   4.372060    46.6368    32.5091    23.1692 0.0000e+00
       2120      1.767    18.7976   4.372903    46.6388    32.5157    23.1741 0.0000e+00
       2122      1.766    18.7981   4.374076    46.6378    32.5250    23.1811 0.0000e+00
       2124      1.765    18.7987   4.375576    46.6368    32.5370    23.1901 0.0000e+00
       2126      1.765    18.7992   4.377171    46.6378    32.5498    23.1998 0.0000e+00
       2128      1.763    18.7994   4.378652    46.6378    32.5619    23.2090 0.0000e+00
       2130      1.761    18.7997   4.379708    46.6512    32.5705    23.2154 0.0000e+00
       2132      1.759    18.7998   4.380178    46.6693    32.5743    23.2184 0.0000e+00
       2134      1.757    18.8000   4.379850    46.6693    32.5714    23.2160 0.0000e+00
       2136      1.756    18.8000   4.378864    46.6675    32.5632    23.2098 0.0000e+00
       2138      1.757    18.8002   4.377421    46.6693    32.5511    23.2005 0.0000e+00
       2140      1.757    18.8003   4.375785    46.6675    32.5374    23.1900 0.0000e+00
       2142      1.756    18.8006   4.374170    46.6693    32.5238    23.1796 0.0000e+00
       2144      1.755    18.8008   4.372581    46.6675    32.5104    23.1692 0.0000e+00
       2146      1.755    18.8015   4.371088    46.6665    32.4975    23.1593 0.0000e+00
       2148      1.754    18.8019   4.369753    46.6445    32.4861    23.1505 0.0000e+00
       2150      1.755    18.8021   4.368296    46.6368    32.4737    23.1410 0.0000e+00
       2152      1.755    18.8023   4.366684    46.6368    32.4602    23.1305 0.0000e+00
       2154      1.755    18.8026   4.365152    46.6359    32.4472    23.1207 0.0000e+00
       2156      1.756    18.8026   4.363867    46.6368    32.4366    23.1125 0.0000e+00
