Datasets/AZMP/TEL211/tel211_2020_001.cnv
* Sea-Bird SBE25plus Data File
* Filename = tel211_2020_001
* Software Version AquireV2 AF V2.0
* System UpLoad Time = Aug 01 2020 11:48:27
** VESSEL/TRIP/SEQ STN: tel211_2020_001
** LATITUDE: 47 32.84 N
** LONGITUDE: 52 35.27 W
** DATE/TIME: 2020-08-01 11:30
** SOUNDING DEPTH (M): 0176
** PROBE TYPE: S1101
** CTD NUMBER:    
** COMMENTS (14 CHAR): STN. 27
# nquan = 8
# nvalues = 8955                        
# units = specified
# name 0 = scan: Scan Count
# name 1 = prdM: Pressure, Strain Gauge [db]
# name 2 = t090C: Temperature [ITS-90, deg C]
# name 3 = c0S/m: Conductivity [S/m]
# name 4 = flECO-AFL: Fluorescence, WET Labs ECO-AFL/FL [mg/m^3]
# name 5 = sal00: Salinity, Practical [PSU]
# name 6 = sigma-t00: Density [sigma-t, kg/m^3 ]
# name 7 = flag: flag
# span 0 =          2,      17910       
# span 1 =      0.088,    174.906       
# span 2 =    -1.4253,    20.9829       
# span 3 =  -0.016334,   3.988221       
# span 4 =    -0.1387,    60.6581       
# span 5 =     0.0000,    34.9535       
# span 6 =    -1.9915,    27.5646       
# span 7 = 0.0000e+00, 0.0000e+00       
# interval = scans: 2                   
# start_time = Aug 01 2020 11:30:42 [Instrument's time stamp, header]
# bad_flag = -9.990e-29
*END*
[from data line 1978]
       3958      7.261    13.7558   3.776025    48.0713    31.3310    23.4029 0.0000e+00
       3960      7.298    13.7552   3.776416    48.0722    31.3351    23.4061 0.0000e+00
       3962      7.341    13.7387   3.776727    48.0731    31.3515    23.4221 0.0000e+00
       3964      7.390    13.7330   3.776998    48.0436    31.3585    23.4287 0.0000e+00
       3966      7.444    13.7478   3.777208    48.0426    31.3484    23.4179 0.0000e+00
       3968      7.503    13.7598   3.777183    48.0417    31.3383    23.4077 0.0000e+00
       3970      7.564    13.7648   3.776987    48.0417    31.3323    23.4021 0.0000e+00
       3972      7.630    13.7670   3.776803    48.0426    31.3289    23.3990 0.0000e+00
       3974      7.696    13.7677   3.776753    48.0417    31.3277    23.3980 0.0000e+00
       3976      7.764    13.7566   3.776825    48.0426    31.3375    23.4078 0.0000e+00
       3978      7.835    13.7067   3.776866    48.0436    31.3787    23.4496 0.0000e+00
       3980      7.906    13.6717   3.777003    48.0474    31.4085    23.4796 0.0000e+00
       3982      7.979    13.6326   3.776965    48.0979    31.4403    23.5120 0.0000e+00
       3984      8.051    13.5969   3.776575    48.0923    31.4661    23.5391 0.0000e+00
       3986      8.123    13.5754   3.775803    48.0932    31.4765    23.5514 0.0000e+00
       3988      8.195    13.5672   3.774806    48.0923    31.4740    23.5512 0.0000e+00
       3990      8.265    13.5470   3.773575    48.0923    31.4792    23.5592 0.0000e+00
       3992      8.332    13.5113   3.772239    48.0923    31.4962    23.5794 0.0000e+00
       3994      8.398    13.4668   3.771053    48.0923    31.5219    23.6082 0.0000e+00
       3996      8.463    13.4255   3.770188    48.0923    31.5479    23.6365 0.0000e+00
       3998      8.524    13.3924   3.769573    48.1285    31.5696    23.6598 0.0000e+00
       4000      8.579    13.3208   3.769026    48.1818    31.6238    23.7159 0.0000e+00
       4002      8.630    13.2729   3.768749    48.1828    31.6611    23.7541 0.0000e+00
       4004      8.676    13.2947   3.768920    48.1809    31.6444    23.7370 0.0000e+00
       4006      8.716    13.2707   3.769142    48.1838    31.6665    23.7587 0.0000e+00
       4008      8.752    13.2086   3.769313    48.1866    31.7198    23.8122 0.0000e+00
       4010      8.784    13.1814   3.769687    48.1818    31.7460    23.8378 0.0000e+00
       4012      8.810    13.2072   3.770322    48.1809    31.7304    23.8207 0.0000e+00
       4014      8.831    13.2463   3.770980    48.1828    31.7039    23.7925 0.0000e+00
       4016      8.848    13.2899   3.771739    48.2830    31.6747    23.7613 0.0000e+00
       4018      8.860    13.3478   3.772527    48.3307    31.6339    23.7183 0.0000e+00
       4020      8.866    13.4110   3.773230    48.3363    31.5880    23.6703 0.0000e+00
       4022      8.868    13.4671   3.773811    48.3325    31.5470    23.6275 0.0000e+00
       4024      8.867    13.5085   3.774226    48.3325    31.5168    23.5959 0.0000e+00
       4026      8.866    13.5315   3.774489    48.3335    31.5002    23.5786 0.0000e+00
       4028      8.863    13.5420   3.774658    48.3335    31.4932    23.5710 0.0000e+00
       4030      8.857    13.5574   3.774734    48.3325    31.4812    23.5586 0.0000e+00
       4032      8.850    13.5783   3.774667    48.3325    31.4633    23.5407 0.0000e+00
       4034      8.840    13.5901   3.774374    48.3316    31.4509    23.5287 0.0000e+00
       4036      8.831    13.5994   3.774127    48.3345    31.4410    23.5192 0.0000e+00
       4038      8.822    13.6055   3.773899    48.3325    31.4339    23.5125 0.0000e+00
       4040      8.816    13.6099   3.773719    48.3335    31.4286    23.5076 0.0000e+00
       4042      8.813    13.6133   3.773365    48.3325    31.4225    23.5022 0.0000e+00
       4044      8.812    13.6149   3.772856    48.3335    31.4164    23.4971 0.0000e+00
       4046      8.814    13.6112   3.772335    48.3335    31.4147    23.4965 0.0000e+00
       4048      8.821    13.5619   3.771877    48.3335    31.4509    23.5344 0.0000e+00
       4050      8.831    13.5033   3.771686    48.3402    31.4975    23.5820 0.0000e+00
       4052      8.845    13.4293   3.771477    48.3631    31.5567    23.6425 0.0000e+00
       4054      8.863    13.2355   3.770621    48.3640    31.7096    23.7991 0.0000e+00
       4056      8.884    13.1626   3.770042    48.3640    31.7650    23.8562 0.0000e+00
       4058      8.912    13.1567   3.769752    48.3621    31.7672    23.8591 0.0000e+00
       4060      8.944    13.1877   3.769016    48.3631    31.7343    23.8276 0.0000e+00
       4062      8.982    13.2280   3.767754    48.3602    31.6889    23.7845 0.0000e+00
       4064      9.023    13.1958   3.765299    48.3611    31.6928    23.7938 0.0000e+00
       4066      9.068    13.1573   3.761757    48.3611    31.6917    23.8006 0.0000e+00
       4068      9.117    13.0822   3.757908    48.3611    31.7183    23.8359 0.0000e+00
       4070      9.171    13.0020   3.754385    48.3611    31.7522    23.8777 0.0000e+00
       4072      9.229    12.9727   3.751462    48.3631    31.7493    23.8811 0.0000e+00
       4074      9.293    12.9523   3.748206    48.3640    31.7357    23.8745 0.0000e+00
       4076      9.358    12.9407   3.744287    48.3621    31.7085    23.8558 0.0000e+00
       4078      9.424    12.9243   3.740000    48.3631    31.6818    23.8383 0.0000e+00
       4080      9.494    12.9121   3.735942    48.3640    31.6537    23.8190 0.0000e+00
       4082      9.565    12.9231   3.732429    48.3631    31.6114    23.7841 0.0000e+00
       4084      9.639    12.9321   3.729791    48.3611    31.5790    23.7572 0.0000e+00
       4086      9.713    12.9309   3.727463    48.4918    31.5581    23.7413 0.0000e+00
       4088      9.791    12.9248   3.725730    48.5423    31.5468    23.7338 0.0000e+00
       4090      9.870    12.9259   3.724968    48.5414    31.5387    23.7272 0.0000e+00
       4092      9.949    12.9552   3.724549    48.5433    31.5103    23.6996 0.0000e+00
       4094     10.024    12.9793   3.724335    48.5433    31.4882    23.6778 0.0000e+00
       4096     10.095    12.9824   3.724106    48.5423    31.4834    23.6735 0.0000e+00
       4098     10.165    12.9550   3.723915    48.5433    31.5044    23.6951 0.0000e+00
       4100     10.232    12.9373   3.723986    48.5433    31.5198    23.7104 0.0000e+00
       4102     10.296    12.9262   3.724363    48.5433    31.5326    23.7224 0.0000e+00
       4104     10.355    12.9174   3.724706    48.7197    31.5431    23.7323 0.0000e+00
       4106     10.409    12.9210   3.725150    48.7274    31.5443    23.7326 0.0000e+00
       4108     10.459    12.9148   3.725834    48.7254    31.5559    23.7427 0.0000e+00
       4110     10.503    12.8907   3.727227    48.7245    31.5891    23.7730 0.0000e+00
       4112     10.544    12.8539   3.730536    48.7236    31.6510    23.8281 0.0000e+00
       4114     10.579    12.8042   3.734815    48.7226    31.7332    23.9013 0.0000e+00
       4116     10.605    12.7707   3.739189    48.7245    31.8026    23.9615 0.0000e+00
       4118     10.627    12.7791   3.741581    48.7254    31.8182    23.9720 0.0000e+00
       4120     10.644    12.8371   3.743643    48.7388    31.7888    23.9381 0.0000e+00
       4122     10.658    12.8818   3.746525    48.7865    31.7785    23.9214 0.0000e+00
       4124     10.668    12.9051   3.748239    48.7836    31.7750    23.9141 0.0000e+00
       4126     10.671    12.9217   3.750565    48.7855    31.7831    23.9172 0.0000e+00
       4128     10.671    12.9387   3.753042    48.7845    31.7921    23.9209 0.0000e+00
       4130     10.666    12.9630   3.755177    48.7855    31.7918    23.9159 0.0000e+00
       4132     10.659    12.9922   3.756724    48.7836    31.7818    23.9025 0.0000e+00
       4134     10.647    13.0178   3.756908    48.7836    31.7621    23.8823 0.0000e+00
       4136     10.634    13.0411   3.756958    48.7845    31.7432    23.8631 0.0000e+00
       4138     10.619    13.0605   3.756225    48.7998    31.7199    23.8413 0.0000e+00
       4140     10.604    13.0795   3.754821    48.8161    31.6910    23.8152 0.0000e+00
       4142     10.590    13.1027   3.753687    48.8132    31.6610    23.7875 0.0000e+00
       4144     10.577    13.1187   3.752860    48.8142    31.6399    23.7680 0.0000e+00
       4146     10.566    13.1372   3.752409    48.8142    31.6202    23.7493 0.0000e+00
       4148     10.559    13.1596   3.752286    48.8113    31.6003    23.7295 0.0000e+00
       4150     10.557    13.1727   3.752219    48.8132    31.5890    23.7180 0.0000e+00
       4152     10.558    13.1796   3.752052    48.8152    31.5816    23.7109 0.0000e+00
       4154     10.562    13.1551   3.751215    48.8152    31.5941    23.7255 0.0000e+00
       4156     10.570    13.0704   3.750379    48.8113    31.6569    23.7906 0.0000e+00
       4158     10.586    12.9937   3.750093    48.8123    31.7182    23.8531 0.0000e+00
       4160     10.607    12.9560   3.750069    48.8142    31.7497    23.8847 0.0000e+00
       4162     10.634    12.9022   3.749417    48.8132    31.7886    23.9252 0.0000e+00
       4164     10.667    12.8657   3.748668    48.8122    31.8122    23.9506 0.0000e+00
       4166     10.707    12.8425   3.746828    48.8132    31.8143    23.9567 0.0000e+00
       4168     10.750    12.8055   3.743717    48.8161    31.8161    23.9652 0.0000e+00
       4170     10.799    12.7607   3.739462    48.8142    31.8135    23.9719 0.0000e+00
       4172     10.852    12.6652   3.734390    48.8113    31.8460    24.0154 0.0000e+00
       4174     10.910    12.5263   3.728789    48.8132    31.9104    24.0918 0.0000e+00
       4176     10.976    12.4539   3.723831    48.8113    31.9247    24.1165 0.0000e+00
       4178     11.044    12.3731   3.718653    48.8152    31.9438    24.1467 0.0000e+00
       4180     11.114    12.2826   3.712773    48.8142    31.9647    24.1799 0.0000e+00
       4182     11.188    12.1616   3.706062    48.8152    32.0037    24.2328 0.0000e+00
       4184     11.262    12.0950   3.700001    48.8123    32.0025    24.2444 0.0000e+00
       4186     11.342    12.0476   3.694050    48.8113    31.9858    24.2402 0.0000e+00
       4188     11.425    12.0331   3.688825    48.8132    31.9478    24.2134 0.0000e+00
       4190     11.506    12.0340   3.683152    48.8227    31.8925    24.1703 0.0000e+00
       4192     11.588    11.9973   3.678570    48.8447    31.8796    24.1671 0.0000e+00
       4194     11.669    11.9532   3.674178    48.8447    31.8749    24.1717 0.0000e+00
       4196     11.749    11.9019   3.669928    48.8428    31.8777    24.1833 0.0000e+00
       4198     11.833    11.8574   3.665667    48.8438    31.8746    24.1891 0.0000e+00
       4200     11.918    11.8502   3.661697    48.8457    31.8424    24.1653 0.0000e+00
       4202     12.005    11.8531   3.657429    48.8447    31.7985    24.1308 0.0000e+00
       4204     12.094    11.8548   3.653109    48.8428    31.7554    24.0970 0.0000e+00
       4206     12.187    11.8107   3.649622    48.8418    31.7592    24.1080 0.0000e+00
       4208     12.282    11.7612   3.647188    49.0831    31.7780    24.1317 0.0000e+00
       4210     12.377    11.7510   3.645197    49.2357    31.7673    24.1253 0.0000e+00
       4212     12.469    11.7937   3.643058    49.2357    31.7101    24.0731 0.0000e+00
       4214     12.557    11.8425   3.642072    49.2348    31.6589    24.0244 0.0000e+00
       4216     12.637    11.8749   3.641924    49.2357    31.6300    23.9960 0.0000e+00
       4218     12.714    11.8915   3.642408    49.2366    31.6205    23.9856 0.0000e+00
       4220     12.787    11.8750   3.642727    49.2338    31.6376    24.0019 0.0000e+00
       4222     12.857    11.8630   3.642754    49.2357    31.6481    24.0123 0.0000e+00
       4224     12.927    11.8539   3.642404    49.2338    31.6523    24.0172 0.0000e+00
       4226     12.997    11.8297   3.641872    49.4560    31.6678    24.0336 0.0000e+00
       4228     13.068    11.7073   3.641488    49.4760    31.7685    24.1342 0.0000e+00
       4230     13.139    11.6324   3.641571    49.4750    31.8334    24.1981 0.0000e+00
       4232     13.209    11.6550   3.641843    49.4750    31.8166    24.1809 0.0000e+00
       4234     13.278    11.6745   3.641572    49.4760    31.7973    24.1624 0.0000e+00
       4236     13.349    11.6635   3.640117    49.4741    31.7925    24.1608 0.0000e+00
       4238     13.422    11.7491   3.637963    49.4750    31.6985    24.0722 0.0000e+00
       4240     13.495    11.7937   3.635586    49.4760    31.6375    24.0166 0.0000e+00
       4242     13.568    11.8018   3.633677    49.5075    31.6121    23.9954 0.0000e+00
       4244     13.645    11.7488   3.632350    49.6877    31.6443    24.0301 0.0000e+00
       4246     13.726    11.5890   3.632058    49.6858    31.7780    24.1629 0.0000e+00
       4248     13.808    11.4434   3.632229    49.6830    31.9049    24.2876 0.0000e+00
       4250     13.890    11.3520   3.631411    49.6858    31.9759    24.3592 0.0000e+00
       4252     13.976    11.2993   3.628150    49.6839    31.9895    24.3792 0.0000e+00
       4254     14.064    11.2677   3.623055    49.6868    31.9669    24.3673 0.0000e+00
       4256     14.154    11.2470   3.616610    49.6839    31.9216    24.3358 0.0000e+00
       4258     14.248    11.2315   3.610854    49.6848    31.8784    24.3049 0.0000e+00
       4260     14.341    11.2180   3.606299    49.7220    31.8455    24.2817 0.0000e+00
       4262     14.434    11.2059   3.602492    49.7764    31.8184    24.2629 0.0000e+00
       4264     14.527    11.1954   3.599658    49.7746    31.7997    24.2501 0.0000e+00
       4266     14.620    11.1861   3.597288    49.7764    31.7844    24.2399 0.0000e+00
       4268     14.712    11.1764   3.596071    49.7746    31.7807    24.2387 0.0000e+00
       4270     14.800    11.1671   3.595266    49.7764    31.7809    24.2405 0.0000e+00
       4272     14.888    11.1575   3.594608    49.7746    31.7827    24.2436 0.0000e+00
       4274     14.974    11.1480   3.594078    49.7764    31.7856    24.2476 0.0000e+00
       4276     15.059    11.1362   3.592790    49.7764    31.7831    24.2477 0.0000e+00
       4278     15.140    11.1224   3.591415    49.8393    31.7815    24.2488 0.0000e+00
       4280     15.220    11.1080   3.590376    49.8651    31.7837    24.2531 0.0000e+00
       4282     15.299    11.0905   3.589869    49.8661    31.7938    24.2640 0.0000e+00
       4284     15.375    11.0716   3.589907    49.8661    31.8105    24.2803 0.0000e+00
       4286     15.448    11.0519   3.589997    49.8651    31.8284    24.2978 0.0000e+00
       4288     15.518    11.0229   3.590116    49.8661    31.8547    24.3232 0.0000e+00
       4290     15.586    10.9691   3.590225    49.8661    31.9023    24.3697 0.0000e+00
       4292     15.650    10.9045   3.589630    49.8641    31.9528    24.4202 0.0000e+00
       4294     15.714    10.8459   3.588903    49.8641    31.9966    24.4645 0.0000e+00
       4296     15.775    10.7998   3.588032    50.0530    32.0283    24.4971 0.0000e+00
       4298     15.835    10.7621   3.587498    50.0635    32.0560    24.5253 0.0000e+00
       4300     15.894    10.7337   3.587050    50.0654    32.0763    24.5461 0.0000e+00
       4302     15.951    10.7109   3.586749    50.0654    32.0934    24.5632 0.0000e+00
       4304     16.004    10.6922   3.586650    50.0644    32.1088    24.5784 0.0000e+00
       4306     16.058    10.6736   3.586431    50.0644    32.1230    24.5926 0.0000e+00
       4308     16.111    10.6534   3.585878    50.0626    32.1352    24.6057 0.0000e+00
       4310     16.166    10.6334   3.584575    50.0635    32.1399    24.6127 0.0000e+00
       4312     16.220    10.6135   3.582242    50.1998    32.1341    24.6116 0.0000e+00
       4314     16.275    10.5930   3.579537    50.5851    32.1252    24.6082 0.0000e+00
