Datasets/AZMP/TEL211/tel211_2020_003.cnv
* Sea-Bird SBE25plus Data File
* Filename = tel211_2020_003
* Software Version AquireV2 AF V2.0
* System UpLoad Time = Aug 04 2020 14:05:55
** VESSEL/TRIP/SEQ STN: tel211_2020_003
** LATITUDE: 45 50.93 N
** LONGITUDE: 53 53.74 W
** DATE/TIME: 2020-08-04 13:53
** SOUNDING DEPTH (M): 0083
** PROBE TYPE: S1101
** CTD NUMBER:    
** COMMENTS (14 CHAR): Bull arm #2
# nquan = 8
# nvalues = 6735                        
# units = specified
# name 0 = scan: Scan Count
# name 1 = prdM: Pressure, Strain Gauge [db]
# name 2 = t090C: Temperature [ITS-90, deg C]
# name 3 = c0S/m: Conductivity [S/m]
# name 4 = flECO-AFL: Fluorescence, WET Labs ECO-AFL/FL [mg/m^3]
# name 5 = sal00: Salinity, Practical [PSU]
# name 6 = sigma-t00: Density [sigma-t, kg/m^3 ]
# name 7 = flag: flag
# span 0 =          2,      13469       
# span 1 =      0.084,     83.221       
# span 2 =     0.2344,    20.6732       
# span 3 =  -0.002217,   4.175465       
# span 4 =    -0.1387,    58.6286       
# span 5 =     0.0000,    36.0827       
# span 6 =    -1.9276,    28.0255       
# span 7 = 0.0000e+00, 0.0000e+00       
# interval = scans: 2                   
# start_time = Aug 04 2020 13:53:22 [Instrument's time stamp, header]
# bad_flag = -9.990e-29
*END*
[from data line 3776]
       7554     52.986     0.4630   2.756701    48.4450    32.5261    26.0864 0.0000e+00
       7556     53.008     0.4625   2.756612    48.4460    32.5255    26.0861 0.0000e+00
       7558     53.031     0.4617   2.756556    48.4450    32.5256    26.0862 0.0000e+00
       7560     53.055     0.4607   2.756441    48.4346    32.5251    26.0859 0.0000e+00
       7562     53.079     0.4599   2.756374    48.4155    32.5251    26.0859 0.0000e+00
       7564     53.101     0.4589   2.756258    48.4164    32.5247    26.0855 0.0000e+00
       7566     53.124     0.4587   2.756184    48.4174    32.5239    26.0850 0.0000e+00
       7568     53.147     0.4587   2.756111    48.4146    32.5229    26.0842 0.0000e+00
       7570     53.170     0.4592   2.756023    48.4155    32.5212    26.0828 0.0000e+00
       7572     53.194     0.4597   2.755929    48.4164    32.5195    26.0813 0.0000e+00
       7574     53.215     0.4605   2.755874    48.4164    32.5179    26.0801 0.0000e+00
       7576     53.237     0.4610   2.755805    48.4146    32.5164    26.0788 0.0000e+00
       7578     53.262     0.4617   2.755758    48.4155    32.5151    26.0776 0.0000e+00
       7580     53.285     0.4623   2.755682    48.4146    32.5135    26.0764 0.0000e+00
       7582     53.310     0.4625   2.755566    48.4164    32.5118    26.0750 0.0000e+00
       7584     53.335     0.4632   2.755510    48.4155    32.5103    26.0737 0.0000e+00
       7586     53.359     0.4636   2.755447    48.4155    32.5090    26.0726 0.0000e+00
       7588     53.382     0.4643   2.755412    48.4155    32.5078    26.0717 0.0000e+00
       7590     53.405     0.4650   2.755332    48.4146    32.5059    26.0701 0.0000e+00
       7592     53.427     0.4654   2.755306    48.4155    32.5053    26.0696 0.0000e+00
       7594     53.449     0.4658   2.755241    48.4155    32.5039    26.0685 0.0000e+00
       7596     53.471     0.4662   2.755192    48.4146    32.5029    26.0677 0.0000e+00
       7598     53.493     0.4664   2.755107    48.4155    32.5016    26.0665 0.0000e+00
       7600     53.517     0.4665   2.755040    48.4164    32.5006    26.0658 0.0000e+00
       7602     53.540     0.4665   2.754954    48.4136    32.4994    26.0648 0.0000e+00
       7604     53.563     0.4665   2.754874    48.4174    32.4984    26.0640 0.0000e+00
       7606     53.585     0.4666   2.754776    48.4194    32.4970    26.0628 0.0000e+00
       7608     53.609     0.4666   2.754681    48.4146    32.4958    26.0619 0.0000e+00
       7610     53.634     0.4666   2.754577    48.4155    32.4943    26.0607 0.0000e+00
       7612     53.657     0.4665   2.754475    48.4108    32.4931    26.0598 0.0000e+00
       7614     53.680     0.4663   2.754381    48.3850    32.4920    26.0589 0.0000e+00
       7616     53.707     0.4661   2.754328    48.3831    32.4916    26.0586 0.0000e+00
       7618     53.733     0.4660   2.754268    48.3831    32.4909    26.0581 0.0000e+00
       7620     53.756     0.4660   2.754221    48.3859    32.4903    26.0575 0.0000e+00
       7622     53.779     0.4658   2.754152    48.3859    32.4895    26.0569 0.0000e+00
       7624     53.801     0.4658   2.754131    48.3841    32.4893    26.0567 0.0000e+00
       7626     53.824     0.4657   2.754068    48.3841    32.4887    26.0562 0.0000e+00
       7628     53.849     0.4655   2.754030    48.3831    32.4883    26.0560 0.0000e+00
       7630     53.873     0.4656   2.753991    48.3984    32.4877    26.0554 0.0000e+00
       7632     53.896     0.4653   2.753964    48.4136    32.4875    26.0553 0.0000e+00
       7634     53.920     0.4654   2.753927    48.4184    32.4870    26.0549 0.0000e+00
       7636     53.944     0.4652   2.753891    48.4155    32.4867    26.0547 0.0000e+00
       7638     53.967     0.4652   2.753854    48.4126    32.4863    26.0543 0.0000e+00
       7640     53.991     0.4650   2.753779    48.4146    32.4855    26.0536 0.0000e+00
       7642     54.014     0.4649   2.753766    48.4164    32.4853    26.0536 0.0000e+00
       7644     54.037     0.4649   2.753709    48.4136    32.4846    26.0530 0.0000e+00
       7646     54.060     0.4649   2.753674    48.4136    32.4842    26.0526 0.0000e+00
       7648     54.084     0.4649   2.753654    48.4384    32.4839    26.0524 0.0000e+00
       7650     54.108     0.4648   2.753601    48.4450    32.4832    26.0519 0.0000e+00
       7652     54.132     0.4648   2.753568    48.4460    32.4828    26.0515 0.0000e+00
       7654     54.156     0.4646   2.753538    48.4450    32.4827    26.0515 0.0000e+00
       7656     54.182     0.4645   2.753489    48.4460    32.4821    26.0510 0.0000e+00
       7658     54.206     0.4646   2.753452    48.4460    32.4815    26.0505 0.0000e+00
       7660     54.230     0.4643   2.753422    48.4450    32.4813    26.0504 0.0000e+00
       7662     54.252     0.4643   2.753404    48.4432    32.4812    26.0502 0.0000e+00
       7664     54.276     0.4643   2.753366    48.4432    32.4808    26.0498 0.0000e+00
       7666     54.301     0.4643   2.753338    48.4136    32.4804    26.0496 0.0000e+00
       7668     54.325     0.4642   2.753323    48.4155    32.4802    26.0495 0.0000e+00
       7670     54.349     0.4642   2.753305    48.4126    32.4800    26.0493 0.0000e+00
       7672     54.371     0.4641   2.753298    48.4136    32.4800    26.0493 0.0000e+00
       7674     54.395     0.4640   2.753274    48.4136    32.4796    26.0491 0.0000e+00
       7676     54.418     0.4639   2.753278    48.4146    32.4798    26.0493 0.0000e+00
       7678     54.442     0.4636   2.753219    48.4155    32.4795    26.0489 0.0000e+00
       7680     54.466     0.4634   2.753194    48.4117    32.4793    26.0487 0.0000e+00
       7682     54.489     0.4629   2.753166    48.4079    32.4794    26.0489 0.0000e+00
       7684     54.510     0.4626   2.753126    48.3897    32.4792    26.0488 0.0000e+00
       7686     54.530     0.4620   2.753085    48.3869    32.4793    26.0489 0.0000e+00
       7688     54.553     0.4617   2.753042    48.3869    32.4791    26.0487 0.0000e+00
       7690     54.577     0.4612   2.753020    48.3841    32.4793    26.0489 0.0000e+00
       7692     54.603     0.4606   2.752997    48.3869    32.4796    26.0491 0.0000e+00
       7694     54.629     0.4602   2.752975    48.3850    32.4797    26.0493 0.0000e+00
       7696     54.654     0.4597   2.752972    48.3850    32.4802    26.0497 0.0000e+00
       7698     54.677     0.4596   2.752949    48.3841    32.4800    26.0495 0.0000e+00
       7700     54.700     0.4594   2.752933    48.3697    32.4800    26.0496 0.0000e+00
       7702     54.721     0.4590   2.752879    48.3545    32.4796    26.0493 0.0000e+00
       7704     54.745     0.4587   2.752858    48.3545    32.4797    26.0493 0.0000e+00
       7706     54.769     0.4584   2.752799    48.3555    32.4793    26.0491 0.0000e+00
       7708     54.793     0.4581   2.752762    48.3545    32.4791    26.0489 0.0000e+00
       7710     54.816     0.4578   2.752712    48.3545    32.4787    26.0486 0.0000e+00
       7712     54.840     0.4575   2.752673    48.3555    32.4785    26.0485 0.0000e+00
       7714     54.864     0.4573   2.752650    48.3555    32.4784    26.0484 0.0000e+00
       7716     54.888     0.4569   2.752601    48.3555    32.4782    26.0483 0.0000e+00
       7718     54.910     0.4566   2.752546    48.4060    32.4778    26.0480 0.0000e+00
       7720     54.934     0.4562   2.752470    48.4136    32.4771    26.0474 0.0000e+00
       7722     54.959     0.4557   2.752413    48.4126    32.4769    26.0472 0.0000e+00
       7724     54.984     0.4554   2.752356    48.4155    32.4766    26.0470 0.0000e+00
       7726     55.008     0.4549   2.752301    48.4146    32.4763    26.0468 0.0000e+00
       7728     55.030     0.4547   2.752261    48.4136    32.4761    26.0467 0.0000e+00
       7730     55.052     0.4539   2.752225    48.4174    32.4763    26.0470 0.0000e+00
       7732     55.076     0.4529   2.752191    48.4164    32.4769    26.0474 0.0000e+00
       7734     55.102     0.4521   2.752172    48.4260    32.4776    26.0480 0.0000e+00
       7736     55.128     0.4509   2.752137    48.5357    32.4783    26.0487 0.0000e+00
       7738     55.153     0.4498   2.752096    48.5366    32.4789    26.0492 0.0000e+00
       7740     55.178     0.4488   2.752053    48.5366    32.4795    26.0497 0.0000e+00
       7742     55.203     0.4481   2.751995    48.5357    32.4794    26.0497 0.0000e+00
       7744     55.226     0.4476   2.751937    48.5357    32.4792    26.0496 0.0000e+00
       7746     55.250     0.4469   2.751925    48.5376    32.4797    26.0500 0.0000e+00
       7748     55.275     0.4466   2.751919    48.5338    32.4800    26.0502 0.0000e+00
       7750     55.301     0.4464   2.751894    48.5348    32.4798    26.0501 0.0000e+00
       7752     55.328     0.4458   2.751844    48.5233    32.4797    26.0501 0.0000e+00
       7754     55.354     0.4454   2.751811    48.5042    32.4798    26.0502 0.0000e+00
       7756     55.378     0.4447   2.751782    48.5033    32.4801    26.0504 0.0000e+00
       7758     55.403     0.4444   2.751726    48.5042    32.4796    26.0501 0.0000e+00
       7760     55.427     0.4438   2.751685    48.5042    32.4797    26.0502 0.0000e+00
       7762     55.450     0.4432   2.751682    48.5033    32.4804    26.0507 0.0000e+00
       7764     55.474     0.4422   2.751673    48.5014    32.4813    26.0515 0.0000e+00
       7766     55.499     0.4416   2.751654    48.5052    32.4816    26.0518 0.0000e+00
       7768     55.523     0.4411   2.751619    48.5042    32.4817    26.0519 0.0000e+00
       7770     55.548     0.4406   2.751596    48.6816    32.4819    26.0520 0.0000e+00
       7772     55.572     0.4403   2.751557    48.7760    32.4817    26.0519 0.0000e+00
       7774     55.594     0.4398   2.751517    48.7779    32.4817    26.0519 0.0000e+00
       7776     55.618     0.4393   2.751461    48.7769    32.4815    26.0518 0.0000e+00
       7778     55.642     0.4392   2.751420    48.7760    32.4811    26.0515 0.0000e+00
       7780     55.668     0.4388   2.751408    48.7751    32.4813    26.0517 0.0000e+00
       7782     55.692     0.4385   2.751354    48.7788    32.4809    26.0513 0.0000e+00
       7784     55.718     0.4378   2.751328    48.7732    32.4812    26.0517 0.0000e+00
       7786     55.743     0.4372   2.751281    48.7779    32.4813    26.0518 0.0000e+00
       7788     55.766     0.4365   2.751265    48.4718    32.4819    26.0523 0.0000e+00
       7790     55.791     0.4357   2.751225    48.4470    32.4821    26.0525 0.0000e+00
       7792     55.816     0.4351   2.751170    48.4450    32.4820    26.0525 0.0000e+00
       7794     55.840     0.4348   2.751174    48.4432    32.4824    26.0527 0.0000e+00
       7796     55.864     0.4341   2.751155    48.4432    32.4828    26.0531 0.0000e+00
       7798     55.886     0.4338   2.751117    48.4450    32.4826    26.0530 0.0000e+00
       7800     55.909     0.4335   2.751102    48.4432    32.4828    26.0532 0.0000e+00
       7802     55.933     0.4330   2.751073    48.4441    32.4828    26.0532 0.0000e+00
       7804     55.957     0.4329   2.751060    48.4613    32.4828    26.0532 0.0000e+00
       7806     55.981     0.4326   2.751045    48.5328    32.4829    26.0533 0.0000e+00
       7808     56.005     0.4324   2.751026    48.5338    32.4828    26.0532 0.0000e+00
       7810     56.030     0.4323   2.750985    48.5338    32.4825    26.0530 0.0000e+00
       7812     56.054     0.4320   2.750965    48.5366    32.4824    26.0530 0.0000e+00
       7814     56.076     0.4320   2.750929    48.5338    32.4820    26.0526 0.0000e+00
       7816     56.099     0.4319   2.750905    48.5348    32.4818    26.0525 0.0000e+00
       7818     56.121     0.4316   2.750882    48.5348    32.4818    26.0524 0.0000e+00
       7820     56.144     0.4314   2.750834    48.5357    32.4814    26.0521 0.0000e+00
       7822     56.166     0.4310   2.750768    48.4813    32.4809    26.0517 0.0000e+00
       7824     56.189     0.4308   2.750747    48.4108    32.4809    26.0517 0.0000e+00
       7826     56.213     0.4305   2.750686    48.4155    32.4803    26.0513 0.0000e+00
       7828     56.240     0.4304   2.750659    48.4146    32.4800    26.0512 0.0000e+00
       7830     56.265     0.4302   2.750611    48.4155    32.4797    26.0508 0.0000e+00
       7832     56.289     0.4300   2.750589    48.4146    32.4796    26.0508 0.0000e+00
       7834     56.312     0.4300   2.750576    48.4146    32.4795    26.0506 0.0000e+00
       7836     56.336     0.4300   2.750567    48.4146    32.4793    26.0505 0.0000e+00
       7838     56.358     0.4300   2.750539    48.4146    32.4789    26.0502 0.0000e+00
       7840     56.381     0.4298   2.750543    48.4537    32.4791    26.0504 0.0000e+00
       7842     56.405     0.4297   2.750554    48.4737    32.4793    26.0506 0.0000e+00
       7844     56.429     0.4297   2.750541    48.4746    32.4792    26.0504 0.0000e+00
       7846     56.451     0.4295   2.750529    48.4756    32.4792    26.0505 0.0000e+00
       7848     56.473     0.4295   2.750496    48.4737    32.4788    26.0502 0.0000e+00
       7850     56.494     0.4293   2.750475    48.4737    32.4787    26.0501 0.0000e+00
       7852     56.517     0.4292   2.750446    48.4737    32.4784    26.0498 0.0000e+00
       7854     56.541     0.4293   2.750422    48.4746    32.4780    26.0496 0.0000e+00
       7856     56.565     0.4292   2.750414    48.4727    32.4780    26.0496 0.0000e+00
       7858     56.591     0.4288   2.750383    48.4155    32.4780    26.0496 0.0000e+00
       7860     56.616     0.4290   2.750374    48.4126    32.4777    26.0493 0.0000e+00
       7862     56.640     0.4287   2.750316    48.4146    32.4771    26.0489 0.0000e+00
       7864     56.660     0.4288   2.750297    48.4146    32.4768    26.0486 0.0000e+00
       7866     56.680     0.4288   2.750271    48.4155    32.4765    26.0483 0.0000e+00
       7868     56.700     0.4287   2.750214    48.4155    32.4758    26.0478 0.0000e+00
       7870     56.721     0.4286   2.750225    48.4146    32.4759    26.0480 0.0000e+00
       7872     56.743     0.4286   2.750230    48.4126    32.4761    26.0480 0.0000e+00
       7874     56.764     0.4286   2.750182    48.4136    32.4754    26.0476 0.0000e+00
       7876     56.786     0.4285   2.750156    48.4136    32.4751    26.0473 0.0000e+00
       7878     56.807     0.4286   2.750157    48.4126    32.4751    26.0472 0.0000e+00
       7880     56.829     0.4286   2.750132    48.4126    32.4747    26.0469 0.0000e+00
       7882     56.852     0.4288   2.750116    48.4155    32.4744    26.0466 0.0000e+00
       7884     56.874     0.4287   2.750118    48.4126    32.4745    26.0467 0.0000e+00
       7886     56.897     0.4283   2.750114    48.4164    32.4749    26.0470 0.0000e+00
       7888     56.917     0.4285   2.750119    48.4136    32.4747    26.0469 0.0000e+00
       7890     56.937     0.4282   2.750100    48.4155    32.4747    26.0470 0.0000e+00
       7892     56.960     0.4282   2.750103    48.3984    32.4748    26.0470 0.0000e+00
       7894     56.981     0.4280   2.750085    48.3841    32.4748    26.0470 0.0000e+00
       7896     57.004     0.4278   2.750055    48.3841    32.4745    26.0468 0.0000e+00
       7898     57.026     0.4278   2.750037    48.3879    32.4742    26.0466 0.0000e+00
       7900     57.046     0.4276   2.750012    48.3850    32.4742    26.0465 0.0000e+00
       7902     57.067     0.4275   2.750002    48.3850    32.4742    26.0466 0.0000e+00
       7904     57.088     0.4273   2.749966    48.3841    32.4739    26.0463 0.0000e+00
       7906     57.111     0.4272   2.749992    48.3841    32.4743    26.0467 0.0000e+00
       7908     57.133     0.4269   2.749987    48.3859    32.4745    26.0468 0.0000e+00
       7910     57.154     0.4269   2.749983    48.3850    32.4745    26.0468 0.0000e+00
