Datasets/AZMP/TEL211/tel211_2020_006.cnv
* Sea-Bird SBE25plus Data File
* Filename = tel211_2020_006
* Software Version AquireV2 AF V2.0
* System UpLoad Time = Aug 06 2020 08:27:54
** VESSEL/TRIP/SEQ STN: tel211_2020_006
** LATITUDE: 47 32.80 N
** LONGITUDE: 52 35.14 W
** DATE/TIME: 2020-08-06 08:06
** SOUNDING DEPTH (M): 0176
** PROBE TYPE: S1101
** CTD NUMBER:    
** COMMENTS (14 CHAR): STN 27
# nquan = 8
# nvalues = 11047                       
# units = specified
# name 0 = scan: Scan Count
# name 1 = prdM: Pressure, Strain Gauge [db]
# name 2 = t090C: Temperature [ITS-90, deg C]
# name 3 = c0S/m: Conductivity [S/m]
# name 4 = flECO-AFL: Fluorescence, WET Labs ECO-AFL/FL [mg/m^3]
# name 5 = sal00: Salinity, Practical [PSU]
# name 6 = sigma-t00: Density [sigma-t, kg/m^3 ]
# name 7 = flag: flag
# span 0 =          2,      22093       
# span 1 =      0.185,    161.132       
# span 2 =    -1.5730,    18.2332       
# span 3 =  -0.006157,   3.977602       
# span 4 =    -0.1387,    53.1353       
# span 5 =     0.0000,    39.0819       
# span 6 =    -1.4333,    31.0056       
# span 7 = 0.0000e+00, 0.0000e+00       
# interval = scans: 2                   
# start_time = Aug 06 2020 08:06:08 [Instrument's time stamp, header]
# bad_flag = -9.990e-29
*END*
[from data line 720]
       1442      2.297    14.5063   3.868716    48.6311    31.5697    23.4331 0.0000e+00
       1444      2.279    14.5175   3.868045    48.6301    31.5545    23.4191 0.0000e+00
       1446      2.248    14.5381   3.867863    48.6311    31.5360    23.4005 0.0000e+00
       1448      2.207    14.5788   3.866724    48.6282    31.4927    23.3587 0.0000e+00
       1450      2.155    14.6187   3.864889    49.0649    31.4437    23.3126 0.0000e+00
       1452      2.095    14.6282   3.863395    49.0821    31.4226    23.2943 0.0000e+00
       1454      2.023    14.6280   3.862910    49.0821    31.4184    23.2910 0.0000e+00
       1456      1.943    14.6256   3.862659    49.0821    31.4181    23.2914 0.0000e+00
       1458      1.855    14.6143   3.862400    49.0831    31.4249    23.2989 0.0000e+00
       1460      1.763    14.6022   3.862303    49.0821    31.4339    23.3085 0.0000e+00
       1462      1.672    14.5923   3.862488    49.0803    31.4436    23.3180 0.0000e+00
       1464      1.585    14.5846   3.863793    49.0821    31.4616    23.3335 0.0000e+00
       1466      1.504    14.5801   3.867009    49.0889    31.4945    23.3597 0.0000e+00
       1468      1.436    14.5764   3.867943    49.1107    31.5059    23.3693 0.0000e+00
       1470      1.386    14.5569   3.867046    49.1117    31.5137    23.3794 0.0000e+00
       1472      1.353    14.5359   3.865688    49.1127    31.5185    23.3875 0.0000e+00
       1474      1.336    14.5246   3.864701    49.1127    31.5187    23.3899 0.0000e+00
       1476      1.333    14.5187   3.863771    49.1117    31.5151    23.3884 0.0000e+00
       1478      1.343    14.5152   3.863041    49.1127    31.5113    23.3863 0.0000e+00
       1480      1.364    14.5122   3.862313    49.1107    31.5071    23.3836 0.0000e+00
       1482      1.398    14.5085   3.861556    49.1117    31.5032    23.3815 0.0000e+00
       1484      1.442    14.5062   3.860988    49.0106    31.4998    23.3794 0.0000e+00
       1486      1.494    14.5054   3.860505    48.9009    31.4961    23.3766 0.0000e+00
       1488      1.551    14.5052   3.860230    48.9009    31.4937    23.3749 0.0000e+00
       1490      1.611    14.5054   3.860029    48.9057    31.4918    23.3733 0.0000e+00
       1492      1.668    14.5052   3.859976    48.9009    31.4914    23.3730 0.0000e+00
       1494      1.727    14.5056   3.859990    48.9019    31.4911    23.3728 0.0000e+00
       1496      1.781    14.5043   3.860110    48.9009    31.4932    23.3746 0.0000e+00
       1498      1.833    14.5023   3.861055    48.9019    31.5035    23.3830 0.0000e+00
       1500      1.877    14.4991   3.863917    48.9000    31.5320    23.4057 0.0000e+00
       1502      1.912    14.4969   3.865254    48.9029    31.5460    23.4168 0.0000e+00
       1504      1.936    14.4984   3.865013    48.9009    31.5426    23.4140 0.0000e+00
       1506      1.949    14.5024   3.864790    48.9000    31.5373    23.4090 0.0000e+00
       1508      1.954    14.5076   3.864616    48.9009    31.5315    23.4034 0.0000e+00
       1510      1.950    14.5142   3.864447    48.9000    31.5246    23.3967 0.0000e+00
       1512      1.938    14.5206   3.864196    48.9019    31.5172    23.3897 0.0000e+00
       1514      1.922    14.5311   3.863879    48.9009    31.5057    23.3787 0.0000e+00
       1516      1.900    14.5466   3.863670    48.9019    31.4912    23.3642 0.0000e+00
       1518      1.873    14.5635   3.863413    48.9009    31.4751    23.3484 0.0000e+00
       1520      1.844    14.5764   3.863461    48.9600    31.4652    23.3379 0.0000e+00
       1522      1.816    14.5819   3.863569    48.9600    31.4617    23.3341 0.0000e+00
       1524      1.791    14.5847   3.863974    48.9620    31.4631    23.3347 0.0000e+00
       1526      1.771    14.5859   3.864698    48.9620    31.4688    23.3387 0.0000e+00
       1528      1.757    14.5860   3.865639    48.9610    31.4772    23.3453 0.0000e+00
       1530      1.751    14.5813   3.866818    48.9610    31.4917    23.3574 0.0000e+00
       1532      1.748    14.5679   3.867512    48.9610    31.5088    23.3733 0.0000e+00
       1534      1.753    14.5569   3.867230    48.9620    31.5152    23.3806 0.0000e+00
       1536      1.764    14.5442   3.867069    49.0192    31.5241    23.3901 0.0000e+00
       1538      1.778    14.5306   3.867175    49.1441    31.5361    23.4022 0.0000e+00
       1540      1.795    14.5204   3.867322    49.1412    31.5456    23.4118 0.0000e+00
       1542      1.809    14.5157   3.867871    49.1412    31.5545    23.4195 0.0000e+00
       1544      1.814    14.5144   3.868541    49.1422    31.5617    23.4252 0.0000e+00
       1546      1.809    14.5142   3.867779    49.1422    31.5549    23.4201 0.0000e+00
       1548      1.797    14.5252   3.866719    49.1422    31.5363    23.4035 0.0000e+00
       1550      1.780    14.5373   3.865617    49.1432    31.5165    23.3858 0.0000e+00
       1552      1.760    14.5524   3.864454    49.1412    31.4937    23.3649 0.0000e+00
       1554      1.736    14.5716   3.863604    49.0889    31.4704    23.3430 0.0000e+00
       1556      1.708    14.5854   3.863093    49.0516    31.4546    23.3280 0.0000e+00
       1558      1.678    14.5966   3.862855    49.0516    31.4434    23.3169 0.0000e+00
       1560      1.644    14.6064   3.862684    49.0507    31.4339    23.3075 0.0000e+00
       1562      1.605    14.6135   3.862897    49.0507    31.4302    23.3032 0.0000e+00
       1564      1.567    14.6140   3.864184    49.0507    31.4414    23.3117 0.0000e+00
       1566      1.533    14.6135   3.866586    49.0507    31.4636    23.3290 0.0000e+00
       1568      1.509    14.5968   3.866991    49.0488    31.4808    23.3458 0.0000e+00
       1570      1.500    14.5619   3.866645    49.0498    31.5059    23.3725 0.0000e+00
       1572      1.511    14.5366   3.866050    49.1317    31.5211    23.3894 0.0000e+00
       1574      1.537    14.5218   3.865645    49.1432    31.5295    23.3988 0.0000e+00
       1576      1.573    14.5149   3.864856    49.1412    31.5278    23.3990 0.0000e+00
       1578      1.617    14.5118   3.863538    49.1394    31.5183    23.3925 0.0000e+00
       1580      1.666    14.5098   3.862302    49.1422    31.5087    23.3855 0.0000e+00
       1582      1.718    14.5087   3.861473    49.1403    31.5021    23.3806 0.0000e+00
       1584      1.772    14.5086   3.860876    49.1422    31.4967    23.3765 0.0000e+00
       1586      1.827    14.5079   3.860515    49.1403    31.4941    23.3745 0.0000e+00
       1588      1.879    14.5044   3.860447    49.1298    31.4963    23.3770 0.0000e+00
       1590      1.928    14.5008   3.860813    49.0516    31.5025    23.3824 0.0000e+00
       1592      1.970    14.4982   3.862366    49.0507    31.5186    23.3955 0.0000e+00
       1594      2.002    14.4975   3.864082    49.0526    31.5348    23.4081 0.0000e+00
       1596      2.025    14.4981   3.864089    49.0507    31.5344    23.4076 0.0000e+00
       1598      2.039    14.5004   3.864104    49.0507    31.5327    23.4059 0.0000e+00
       1600      2.045    14.5032   3.864052    49.0516    31.5299    23.4032 0.0000e+00
       1602      2.042    14.5066   3.863600    49.0507    31.5230    23.3971 0.0000e+00
       1604      2.032    14.5131   3.863202    49.0526    31.5142    23.3890 0.0000e+00
       1606      2.013    14.5228   3.863019    49.0746    31.5046    23.3795 0.0000e+00
       1608      1.986    14.5353   3.863022    49.1117    31.4945    23.3691 0.0000e+00
       1610      1.952    14.5517   3.862583    49.1117    31.4772    23.3524 0.0000e+00
       1612      1.910    14.5680   3.861868    49.1127    31.4575    23.3338 0.0000e+00
       1614      1.862    14.5772   3.861174    49.1127    31.4438    23.3213 0.0000e+00
       1616      1.809    14.5799   3.860579    49.1136    31.4363    23.3150 0.0000e+00
       1618      1.753    14.5796   3.860219    49.1127    31.4333    23.3127 0.0000e+00
       1620      1.696    14.5799   3.860130    49.1155    31.4322    23.3118 0.0000e+00
       1622      1.639    14.5792   3.860221    49.1107    31.4337    23.3131 0.0000e+00
       1624      1.580    14.5756   3.860403    49.1317    31.4382    23.3174 0.0000e+00
       1626      1.528    14.5738   3.860940    49.1412    31.4446    23.3226 0.0000e+00
       1628      1.484    14.5724   3.862834    49.1432    31.4629    23.3370 0.0000e+00
       1630      1.450    14.5692   3.863695    49.1422    31.4733    23.3457 0.0000e+00
       1632      1.431    14.5507   3.863185    49.1412    31.4837    23.3577 0.0000e+00
       1634      1.429    14.5312   3.862392    49.1422    31.4924    23.3684 0.0000e+00
       1636      1.444    14.5195   3.861906    49.1432    31.4974    23.3746 0.0000e+00
       1638      1.474    14.5139   3.861394    49.1403    31.4973    23.3758 0.0000e+00
       1640      1.518    14.5111   3.860606    49.1432    31.4924    23.3726 0.0000e+00
       1642      1.573    14.5098   3.859843    49.1155    31.4865    23.3683 0.0000e+00
       1644      1.638    14.5080   3.859341    49.1127    31.4834    23.3663 0.0000e+00
       1646      1.708    14.5043   3.858962    49.1089    31.4828    23.3667 0.0000e+00
       1648      1.780    14.5019   3.858700    49.1098    31.4825    23.3668 0.0000e+00
       1650      1.852    14.5009   3.858416    49.1127    31.4807    23.3657 0.0000e+00
       1652      1.924    14.4992   3.858149    49.1127    31.4795    23.3652 0.0000e+00
       1654      1.992    14.4985   3.858031    49.1107    31.4791    23.3649 0.0000e+00
       1656      2.051    14.4966   3.858143    49.1127    31.4815    23.3672 0.0000e+00
       1658      2.097    14.4961   3.860050    49.1193    31.4993    23.3810 0.0000e+00
       1660      2.129    14.4959   3.860622    49.1422    31.5046    23.3852 0.0000e+00
       1662      2.146    14.4969   3.860590    49.1403    31.5035    23.3841 0.0000e+00
       1664      2.144    14.4987   3.860281    49.1412    31.4992    23.3805 0.0000e+00
       1666      2.128    14.5065   3.860405    49.1422    31.4941    23.3748 0.0000e+00
       1668      2.099    14.5193   3.860481    49.1422    31.4843    23.3646 0.0000e+00
       1670      2.058    14.5324   3.859786    49.1432    31.4674    23.3489 0.0000e+00
       1672      2.004    14.5437   3.858982    49.1412    31.4510    23.3339 0.0000e+00
       1674      1.938    14.5501   3.858550    49.1422    31.4419    23.3256 0.0000e+00
       1676      1.864    14.5521   3.858090    49.2404    31.4362    23.3207 0.0000e+00
       1678      1.781    14.5513   3.857949    49.3520    31.4355    23.3204 0.0000e+00
       1680      1.691    14.5465   3.858006    49.3520    31.4400    23.3248 0.0000e+00
       1682      1.597    14.5439   3.858116    49.3511    31.4431    23.3278 0.0000e+00
       1684      1.503    14.5422   3.858239    49.3530    31.4457    23.3301 0.0000e+00
       1686      1.412    14.5406   3.858799    49.3501    31.4520    23.3353 0.0000e+00
       1688      1.326    14.5396   3.859979    49.3511    31.4637    23.3445 0.0000e+00
       1690      1.254    14.5357   3.860745    49.3520    31.4738    23.3531 0.0000e+00
       1692      1.200    14.5280   3.860168    49.3511    31.4749    23.3556 0.0000e+00
       1694      1.165    14.5196   3.859520    49.4007    31.4757    23.3579 0.0000e+00
       1696      1.151    14.5141   3.858995    49.4093    31.4755    23.3589 0.0000e+00
       1698      1.156    14.5107   3.858354    49.4112    31.4725    23.3573 0.0000e+00
       1700      1.176    14.5093   3.857892    49.4131    31.4693    23.3552 0.0000e+00
       1702      1.210    14.5084   3.857601    49.4103    31.4674    23.3539 0.0000e+00
       1704      1.257    14.5077   3.857489    49.4103    31.4670    23.3537 0.0000e+00
       1706      1.313    14.5065   3.857254    49.4103    31.4658    23.3530 0.0000e+00
       1708      1.377    14.5051   3.857117    49.4112    31.4656    23.3532 0.0000e+00
       1710      1.448    14.5040   3.857069    49.4083    31.4661    23.3538 0.0000e+00
       1712      1.526    14.5034   3.856939    49.2643    31.4653    23.3533 0.0000e+00
       1714      1.608    14.5017   3.856789    49.2634    31.4653    23.3537 0.0000e+00
       1716      1.692    14.4993   3.856643    49.2624    31.4659    23.3546 0.0000e+00
       1718      1.776    14.4975   3.856526    49.2614    31.4663    23.3553 0.0000e+00
       1720      1.860    14.4972   3.856370    49.2634    31.4651    23.3545 0.0000e+00
       1722      1.941    14.4974   3.856339    49.2634    31.4646    23.3539 0.0000e+00
       1724      2.012    14.4980   3.856956    49.2634    31.4696    23.3578 0.0000e+00
       1726      2.067    14.4977   3.852255    49.2614    31.4273    23.3252 0.0000e+00
       1728      2.098    14.4978   3.859706    49.2948    31.4948    23.3773 0.0000e+00
       1730      2.112    14.4991   3.859814    49.3587    31.4947    23.3769 0.0000e+00
       1732      2.108    14.4996   3.859601    49.3549    31.4924    23.3749 0.0000e+00
       1734      2.091    14.5032   3.859779    49.3520    31.4911    23.3732 0.0000e+00
       1736      2.067    14.5085   3.859994    49.3520    31.4888    23.3703 0.0000e+00
       1738      2.035    14.5136   3.860013    49.3520    31.4848    23.3663 0.0000e+00
       1740      1.998    14.5196   3.859851    49.3511    31.4785    23.3601 0.0000e+00
       1742      1.956    14.5267   3.859674    49.3520    31.4711    23.3530 0.0000e+00
       1744      1.911    14.5322   3.859446    49.3520    31.4646    23.3468 0.0000e+00
       1746      1.865    14.5345   3.859208    48.3726    31.4605    23.3432 0.0000e+00
       1748      1.821    14.5349   3.859259    47.4437    31.4608    23.3432 0.0000e+00
       1750      1.780    14.5351   3.859470    47.4532    31.4626    23.3445 0.0000e+00
       1752      1.741    14.5348   3.859781    47.4532    31.4656    23.3470 0.0000e+00
       1754      1.706    14.5344   3.859973    47.4523    31.4676    23.3486 0.0000e+00
       1756      1.675    14.5341   3.860276    47.4504    31.4706    23.3510 0.0000e+00
       1758      1.648    14.5336   3.860511    47.4523    31.4732    23.3531 0.0000e+00
       1760      1.624    14.5324   3.860882    47.4532    31.4776    23.3567 0.0000e+00
       1762      1.607    14.5296   3.861445    47.4494    31.4849    23.3630 0.0000e+00
       1764      1.597    14.5215   3.861307    41.8675    31.4903    23.3688 0.0000e+00
       1766      1.595    14.5147   3.861215    41.0426    31.4949    23.3738 0.0000e+00
       1768      1.603    14.5102   3.861040    41.0426    31.4970    23.3763 0.0000e+00
       1770      1.619    14.5078   3.860863    41.0388    31.4973    23.3771 0.0000e+00
       1772      1.643    14.5064   3.860701    41.0388    31.4971    23.3771 0.0000e+00
       1774      1.674    14.5061   3.860512    41.0388    31.4956    23.3760 0.0000e+00
       1776      1.712    14.5059   3.860249    41.0388    31.4933    23.3744 0.0000e+00
       1778      1.755    14.5059   3.859946    41.0397    31.4905    23.3723 0.0000e+00
       1780      1.801    14.5055   3.859671    41.0559    31.4883    23.3706 0.0000e+00
       1782      1.852    14.5051   3.859562    41.2209    31.4876    23.3702 0.0000e+00
       1784      1.900    14.5049   3.859527    41.2219    31.4875    23.3700 0.0000e+00
       1786      1.945    14.5046   3.859551    41.2219    31.4879    23.3704 0.0000e+00
       1788      1.985    14.5032   3.859719    41.2228    31.4905    23.3728 0.0000e+00
       1790      2.021    14.5011   3.860307    41.2199    31.4976    23.3786 0.0000e+00
       1792      2.051    14.4996   3.861229    41.2219    31.5071    23.3864 0.0000e+00
       1794      2.075    14.4993   3.861236    41.2219    31.5074    23.3866 0.0000e+00
       1796      2.087    14.5009   3.861122    41.2209    31.5051    23.3845 0.0000e+00
