interactive_cnv_plotter/hud120_2020_001.cnv
* Sea-Bird SBE 9 Data File:
* FileName = C:\CTDDATA\hud120_2020_001.hex
* Software Version Seasave V 7.26.7.110
* Temperature SN = 1697
* Conductivity SN = 4216
* Number of Bytes Per Scan = 30
* Number of Voltage Words = 4
* Number of Scans Averaged by the Deck Unit = 1
* NMEA baud rate = 4800
** VESSEL/TRIP/SEQ STN:  hud120_2020_001
** LATITUDE XX XX.XX: 47 32.80 N
** LONGITUDE XX XX.XX: 052 35.20 W
** SOUNDING DEPTH (M): 0179
** PROBE TYPE: S1146
** CTD NUMBER: 001
** FORMAT: V
** COMMENTS (14 CHAR): S27-01
** BOTTLES:  10
** LEVELS: 5,10,20,30,40,50,75,100,150,BTM
** STICKERS: 439500 - 439509
** VNET: Y
** DO2: N
# nquan = 22
# nvalues = 3531                        
# units = specified
# name 0 = scan: Scan Count
# name 1 = prDM: Pressure, Digiquartz [db]
# name 2 = t090C: Temperature [ITS-90, deg C]
# name 3 = t190C: Temperature, 2 [ITS-90, deg C]
# name 4 = c0S/m: Conductivity [S/m]
# name 5 = c1S/m: Conductivity, 2 [S/m]
# name 6 = sbeox0V: Oxygen raw, SBE 43 [V]
# name 7 = sbeox1V: Oxygen raw, SBE 43, 2 [V]
# name 8 = ph: pH
# name 9 = flECO-AFL: Fluorescence, WET Labs ECO-AFL/FL [mg/m^3]
# name 10 = wetCDOM: Fluorescence, WET Labs CDOM [mg/m^3]
# name 11 = par/sat/log: PAR/Logarithmic, Satlantic [umol photons/m^2/sec]
# name 12 = CStarAt0: Beam Attenuation, WET Labs C-Star [1/m]
# name 13 = CStarTr0: Beam Transmission, WET Labs C-Star [%]
# name 14 = sbeox0ML/L: Oxygen, SBE 43 [ml/l], WS = 2
# name 15 = sbeox1ML/L: Oxygen, SBE 43, 2 [ml/l], WS = 2
# name 16 = sal00: Salinity, Practical [PSU]
# name 17 = sal11: Salinity, Practical, 2 [PSU]
# name 18 = sigma-t00: Density [sigma-t, kg/m^3 ]
# name 19 = sigma-t11: Density, 2 [sigma-t, kg/m^3 ]
# name 20 = oxsatML/L: Oxygen Saturation, Weiss [ml/l]
# name 21 = flag: flag
# span 0 =          2,      34861       
# span 1 =      3.023,    174.580       
# span 2 =    -0.6657,     6.3388       
# span 3 =    -0.6709,     6.3344       
# span 4 =   2.692041,   3.133326       
# span 5 =   2.692049,   3.132983       
# span 6 =     1.8820,     2.2296       
# span 7 =     2.2272,     2.6551       
# span 8 =      7.847,      8.041       
# span 9 =     1.0071,     4.3851       
# span 10 =    -2.8130,   482.1870      
# span 11 = 1.0629e-01, 6.0337e-01      
# span 12 =     0.0415,     0.2039      
# span 13 =    95.0303,    98.9679      
# span 14 =     6.8138,     7.9343      
# span 15 =     6.7563,     8.1753      
# span 16 =    31.2677,    33.4209      
# span 17 =    31.2658,    33.4218      
# span 18 =    24.5673,    26.8352      
# span 19 =    24.5681,    26.8362      
# span 20 =    7.03552,    8.30699      
# span 21 = 0.0000e+00, 0.0000e+00      
# interval = scans: 3                   
# start_time = Nov 10 2020 02:30:40 [System UTC, header]
# bad_flag = -9.990e-29
*END*
[from data line 2173]
      12478    122.016    -0.5728    -0.6244   2.693793   2.693642     2.0068     2.3801      7.907     1.1495     5.3592 1.0715e-01     0.0535    98.6724     7.6407     7.7479    32.7623    32.8160    26.3245    26.3700    8.29535 0.0000e+00
      12481    121.937    -0.5877    -0.6157   2.693751   2.693432     2.0072     2.3805      7.907     1.1495     5.3592 1.0727e-01     0.0517    98.7159     7.6430     7.7515    32.7778    32.8039    26.3377    26.3599    8.29779 0.0000e+00
      12484    121.858    -0.5778    -0.6090   2.693867   2.693340     2.0089     2.3814      7.907     1.1495     4.9644 1.0740e-01     0.0482    98.8028     7.6469     7.7562    32.7688    32.7955    26.3300    26.3527    8.29610 0.0000e+00
      12487    121.787    -0.5591    -0.6086   2.694050   2.693240     2.0089     2.3814      7.907     1.1394     1.7271 1.0727e-01     0.0482    98.8028     7.6432     7.7606    32.7511    32.7937    26.3149    26.3513    8.29293 0.0000e+00
      12490    121.719    -0.5601    -0.6035   2.694013   2.693223     2.0093     2.3834      7.909     1.1597     1.6876 1.0740e-01     0.0482    98.8028     7.6466     7.7728    32.7517    32.7880    26.3154    26.3466    8.29312 0.0000e+00
      12493    121.656    -0.5682    -0.5996   2.693921   2.693249     2.0101     2.3838      7.907     1.1495     1.6876 1.0727e-01     0.0482    98.8028     7.6503     7.7742    32.7592    32.7841    26.3218    26.3432    8.29448 0.0000e+00
      12496    121.595    -0.5777    -0.5946   2.693802   2.693312     2.0093     2.3838      7.909     1.1292     1.6876 1.0740e-01     0.0482    98.8028     7.6455     7.7773    32.7679    32.7796    26.3292    26.3394    8.29611 0.0000e+00
      12499    121.537    -0.5773    -0.5934   2.693840   2.693313     2.0105     2.3850      7.912     1.1190     1.6876 1.0715e-01     0.0482    98.8028     7.6471     7.7859    32.7680    32.7784    26.3293    26.3383    8.29602 0.0000e+00
      12502    121.484    -0.5668    -0.5890   2.693900   2.693365     2.0109     2.3850      7.910     1.0986     1.6876 1.0740e-01     0.0478    98.8115     7.6480     7.7858    32.7575    32.7743    26.3204    26.3349    8.29427 0.0000e+00
      12505    121.432    -0.5641    -0.5789   2.693936   2.693529     2.0117     2.3858      7.912     1.0884     1.6876 1.0727e-01     0.0471    98.8288     7.6501     7.7862    32.7552    32.7657    26.3184    26.3275    8.29381 0.0000e+00
      12508    121.382    -0.5599    -0.5742   2.693974   2.693577     2.0117     2.3862      7.910     1.0884     1.6876 1.0727e-01     0.0471    98.8288     7.6499     7.7870    32.7511    32.7612    26.3149    26.3237    8.29309 0.0000e+00
      12511    121.333    -0.5559    -0.5687   2.694035   2.693658     2.0117     2.3879      7.912     1.0986   165.9994 1.0727e-01     0.0471    98.8288     7.6510     7.7909    32.7477    32.7564    26.3120    26.3196    8.29241 0.0000e+00
      12514    121.286    -0.5567    -0.5664   2.694052   2.693691     2.0129     2.3883      7.912     1.0986   482.1870 1.0740e-01     0.0471    98.8288     7.6568     7.7949    32.7488    32.7545    26.3129    26.3179    8.29251 0.0000e+00
      12517    121.238    -0.5592    -0.5668   2.693977   2.693689     2.0133     2.3879      7.912     1.0884   481.0816 1.0740e-01     0.0471    98.8288     7.6625     7.7964    32.7505    32.7548    26.3144    26.3182    8.29297 0.0000e+00
      12520    121.193    -0.5619    -0.5710   2.693966   2.693664     2.0137     2.3895      7.912     1.0783   481.2395 1.0727e-01     0.0471    98.8288     7.6649     7.8057    32.7532    32.7591    26.3167    26.3219    8.29341 0.0000e+00
      12523    121.146    -0.5535    -0.5724   2.694189   2.693665     2.0141     2.3899      7.912     1.0681   481.2395 1.0740e-01     0.0454    98.8723     7.6600     7.8101    32.7472    32.7606    26.3116    26.3231    8.29189 0.0000e+00
      12526    121.096    -0.5491    -0.5651   2.694238   2.693747     2.0150     2.3899      7.910     1.1190   481.2395 1.0740e-01     0.0450    98.8810     7.6627     7.8106    32.7431    32.7539    26.3081    26.3174    8.29114 0.0000e+00
      12529    121.046    -0.5449    -0.5642   2.694313   2.693759     2.0154     2.3915      7.912     1.1495   481.2395 1.0727e-01     0.0450    98.8810     7.6641     7.8166    32.7396    32.7531    26.3051    26.3167    8.29039 0.0000e+00
      12532    120.993    -0.5429    -0.5662   2.694317   2.693715     2.0158     2.3915      7.912     1.1495   481.2395 1.0740e-01     0.0450    98.8810     7.6659     7.8134    32.7375    32.7547    26.3033    26.3181    8.29007 0.0000e+00
      12535    120.933    -0.5423    -0.5663   2.694311   2.693738     2.0158     2.3924      7.912     1.1597   481.2395 1.0727e-01     0.0450    98.8810     7.6641     7.8138    32.7368    32.7552    26.3027    26.3185    8.28997 0.0000e+00
      12538    120.869    -0.5433    -0.5660   2.694301   2.693716     2.0166     2.3948      7.912     1.1495   481.2395 1.0727e-01     0.0454    98.8723     7.6690     7.8257    32.7378    32.7545    26.3036    26.3180    8.29014 0.0000e+00
      12541    120.802    -0.5429    -0.5638   2.694329   2.693803     2.0174     2.3936      7.912     1.1699   481.2790 1.0740e-01     0.0450    98.8810     7.6720     7.8209    32.7379    32.7533    26.3036    26.3169    8.29006 0.0000e+00
      12544    120.727    -0.5410    -0.5548   2.694426   2.693955     2.0166     2.3956      7.912     1.1597   481.2395 1.0715e-01     0.0450    98.8810     7.6680     7.8273    32.7372    32.7457    26.3029    26.3104    8.28967 0.0000e+00
      12547    120.647    -0.5399    -0.5559   2.694490   2.693977     2.0174     2.3960      7.912     1.1495   481.2790 1.0727e-01     0.0454    98.8723     7.6725     7.8320    32.7368    32.7472    26.3026    26.3117    8.28943 0.0000e+00
      12550    120.557    -0.5382    -0.5510   2.694523   2.694076     2.0182     2.3968      7.912     1.1495   481.2395 1.0727e-01     0.0454    98.8723     7.6784     7.8329    32.7355    32.7433    26.3015    26.3083    8.28914 0.0000e+00
      12553    120.457    -0.5375    -0.5521   2.694560   2.694022     2.0186     2.3964      7.912     1.1800   481.2790 1.0740e-01     0.0450    98.8810     7.6807     7.8272    32.7353    32.7439    26.3013    26.3088    8.28898 0.0000e+00
      12556    120.352    -0.5361    -0.5512   2.694616   2.694065     2.0190     2.3968      7.912     1.1902   481.2395 1.0727e-01     0.0450    98.8810     7.6846     7.8296    32.7345    32.7435    26.3007    26.3085    8.28871 0.0000e+00
      12559    120.242    -0.5347    -0.5505   2.694649   2.694107     2.0195     2.3972      7.912     1.1800   481.2395 1.0727e-01     0.0450    98.8810     7.6881     7.8278    32.7336    32.7434    26.2998    26.3084    8.28847 0.0000e+00
      12562    120.123    -0.5358    -0.5519   2.694622   2.694099     2.0211     2.3993      7.912     1.1800   481.2790 1.0740e-01     0.0454    98.8723     7.6946     7.8362    32.7344    32.7449    26.3006    26.3096    8.28865 0.0000e+00
      12565    119.994    -0.5379    -0.5577   2.694581   2.694064     2.0199     2.3997      7.912     1.1902   481.3184 1.0715e-01     0.0450    98.8810     7.6898     7.8393    32.7362    32.7508    26.3021    26.3146    8.28902 0.0000e+00
      12568    119.860    -0.5396    -0.5597   2.694590   2.694084     2.0215     2.4013      7.912     1.1902   481.2395 1.0740e-01     0.0454    98.8723     7.7000     7.8457    32.7383    32.7533    26.3038    26.3167    8.28929 0.0000e+00
      12571    119.722    -0.5372    -0.5568   2.694681   2.694129     2.0219     2.4013      7.912     1.1902   481.2790 1.0715e-01     0.0450    98.8810     7.6968     7.8463    32.7370    32.7508    26.3027    26.3146    8.28882 0.0000e+00
      12574    119.586    -0.5437    -0.5556   2.694529   2.694131     2.0223     2.4013      7.912     1.1800   481.2395 1.0740e-01     0.0450    98.8810     7.6981     7.8472    32.7421    32.7497    26.3070    26.3136    8.28999 0.0000e+00
      12577    119.433    -0.5419    -0.5517   2.694703   2.694321     2.0223     2.4021      7.912     1.1800   481.2395 1.0740e-01     0.0450    98.8810     7.6955     7.8532    32.7426    32.7480    26.3073    26.3121    8.28956 0.0000e+00
      12580    119.277    -0.5305    -0.5449   2.694995   2.694448     2.0235     2.4034      7.912     1.1597   481.2395 1.0727e-01     0.0450    98.8810     7.6948     7.8545    32.7342    32.7425    26.3002    26.3074    8.28748 0.0000e+00
      12583    119.111    -0.5265    -0.5378   2.695054   2.694590     2.0235     2.4034      7.912     1.1699   481.2395 1.0715e-01     0.0461    98.8549     7.6914     7.8481    32.7308    32.7368    26.2972    26.3025    8.28679 0.0000e+00
      12586    118.944    -0.5256    -0.5329   2.695064   2.694720     2.0235     2.4042      7.912     1.1394   481.2790 1.0715e-01     0.0454    98.8723     7.6917     7.8451    32.7300    32.7334    26.2966    26.2996    8.28663 0.0000e+00
      12589    118.767    -0.5253    -0.5309   2.695045   2.694754     2.0243     2.4046      7.912     1.1495   396.7149 1.0715e-01     0.0461    98.8549     7.6964     7.8458    32.7296    32.7318    26.2962    26.2982    8.28659 0.0000e+00
      12592    118.589    -0.5257    -0.5310   2.695016   2.694727     2.0251     2.4058      7.912     1.1597     4.8065 1.0740e-01     0.0450    98.8810     7.6976     7.8477    32.7297    32.7316    26.2963    26.2981    8.28667 0.0000e+00
      12595    118.411    -0.5259    -0.5313   2.694980   2.694737     2.0247     2.4058      7.912     1.1495     2.4377 1.0727e-01     0.0450    98.8810     7.6963     7.8475    32.7296    32.7322    26.2962    26.2985    8.28673 0.0000e+00
      12598    118.232    -0.5261    -0.5312   2.694997   2.694730     2.0260     2.4074      7.912     1.1495     3.5037 1.0740e-01     0.0457    98.8636     7.7038     7.8525    32.7302    32.7320    26.2967    26.2984    8.28674 0.0000e+00
      12601    118.045    -0.5249    -0.5310   2.695078   2.694751     2.0251     2.4082      7.912     1.1699     3.4642 1.0727e-01     0.0461    98.8549     7.6992     7.8511    32.7300    32.7323    26.2966    26.2986    8.28648 0.0000e+00
      12604    117.860    -0.5222    -0.5303   2.695296   2.694779     2.0260     2.4082      7.912     1.1292     3.4642 1.0740e-01     0.0450    98.8810     7.7004     7.8513    32.7301    32.7320    26.2965    26.2984    8.28586 0.0000e+00
      12607    117.677    -0.5200    -0.5283   2.695388   2.694904     2.0268     2.4078      7.912     1.1190     3.4642 1.0727e-01     0.0454    98.8723     7.7041     7.8503    32.7291    32.7317    26.2956    26.2980    8.28543 0.0000e+00
      12610    117.494    -0.5191    -0.5271   2.695421   2.694954     2.0276     2.4091      7.912     1.1190     3.4642 1.0740e-01     0.0450    98.8810     7.7093     7.8530    32.7287    32.7310    26.2953    26.2974    8.28527 0.0000e+00
      12613    117.312    -0.5180    -0.5260   2.695465   2.695035     2.0276     2.4095      7.912     1.1190     3.4642 1.0715e-01     0.0450    98.8810     7.7087     7.8535    32.7282    32.7311    26.2948    26.2974    8.28504 0.0000e+00
      12616    117.130    -0.5179    -0.5251   2.695464   2.695055     2.0280     2.4095      7.912     1.1292     6.0303 1.0715e-01     0.0450    98.8810     7.7122     7.8532    32.7282    32.7305    26.2948    26.2970    8.28502 0.0000e+00
      12619    116.951    -0.5183    -0.5251   2.695403   2.695056     2.0284     2.4103      7.912     1.1292     9.3071 1.0740e-01     0.0450    98.8810     7.7157     7.8571    32.7279    32.7306    26.2945    26.2970    8.28512 0.0000e+00
      12622    116.773    -0.5184    -0.5252   2.695409   2.695043     2.0292     2.4107      7.912     1.1292     9.1491 1.0740e-01     0.0464    98.8462     7.7157     7.8582    32.7282    32.7307    26.2949    26.2971    8.28514 0.0000e+00
      12625    116.599    -0.5179    -0.5257   2.695424   2.695025     2.0288     2.4115      7.912     1.1190     9.1491 1.0715e-01     0.0506    98.7419     7.7122     7.8638    32.7279    32.7311    26.2946    26.2974    8.28503 0.0000e+00
      12628    116.425    -0.5184    -0.5264   2.695412   2.694984     2.0292     2.4127      7.912     1.1292     9.1491 1.0727e-01     0.0503    98.7506     7.7093     7.8686    32.7284    32.7314    26.2950    26.2977    8.28511 0.0000e+00
      12631    116.255    -0.5180    -0.5245   2.695441   2.695190     2.0300     2.4131      7.912     1.1190     9.1491 1.0715e-01     0.0503    98.7506     7.7087     7.8690    32.7285    32.7322    26.2950    26.2983    8.28502 0.0000e+00
      12634    116.088    -0.5159    -0.5195   2.695683   2.695449     2.0309     2.4131      7.912     1.1292     9.1886 1.0740e-01     0.0503    98.7506     7.7106     7.8643    32.7296    32.7303    26.2958    26.2965    8.28450 0.0000e+00
      12637    115.924    -0.5132    -0.5174   2.695735   2.695515     2.0309     2.4144      7.914     1.1088     9.1491 1.0727e-01     0.0503    98.7506     7.7109     7.8676    32.7275    32.7291    26.2940    26.2955    8.28402 0.0000e+00
      12640    115.767    -0.5149    -0.5185   2.695635   2.695432     2.0317     2.4144      7.912     1.1292     9.1491 1.0715e-01     0.0506    98.7419     7.7131     7.8651    32.7281    32.7292    26.2946    26.2956    8.28436 0.0000e+00
      12643    115.613    -0.5139    -0.5190   2.695715   2.695429     2.0317     2.4156      7.912     1.1190   344.7210 1.0715e-01     0.0489    98.7854     7.7102     7.8658    32.7282    32.7298    26.2946    26.2962    8.28414 0.0000e+00
      12646    115.467    -0.5128    -0.5195   2.695810   2.695382     2.0309     2.4156      7.912     1.1292   482.0291 1.0740e-01     0.0461    98.8549     7.7013     7.8643    32.7283    32.7298    26.2947    26.2961    8.28388 0.0000e+00
      12649    115.324    -0.5111    -0.5206   2.695890   2.695316     2.0321     2.4160      7.912     1.1190   480.9237 1.0715e-01     0.0461    98.8549     7.7042     7.8638    32.7276    32.7302    26.2940    26.2965    8.28353 0.0000e+00
      12652    115.188    -0.5118    -0.5206   2.695810   2.695317     2.0321     2.4160      7.915     1.1292   481.2395 1.0715e-01     0.0461    98.8549     7.7001     7.8612    32.7274    32.7303    26.2939    26.2966    8.28371 0.0000e+00
      12655    115.055    -0.5127    -0.5203   2.695767   2.695344     2.0321     2.4168      7.912     1.1088   481.2395 1.0727e-01     0.0461    98.8549     7.6963     7.8665    32.7278    32.7304    26.2943    26.2966    8.28388 0.0000e+00
      12658    114.924    -0.5125    -0.5204   2.695789   2.695359     2.0333     2.4168      7.914     1.1800   481.2395 1.0727e-01     0.0461    98.8549     7.7045     7.8666    32.7281    32.7308    26.2945    26.2970    8.28383 0.0000e+00
      12661    114.800    -0.5107    -0.5238   2.695911   2.695097     2.0333     2.4176      7.915     1.1902   481.2395 1.0727e-01     0.0461    98.8549     7.7055     7.8715    32.7278    32.7311    26.2942    26.2974    8.28344 0.0000e+00
      12664    114.685    -0.5087    -0.5256   2.696019   2.695063     2.0333     2.4176      7.914     1.1902   481.2790 1.0727e-01     0.0450    98.8810     7.7061     7.8725    32.7271    32.7326    26.2936    26.2986    8.28304 0.0000e+00
      12667    114.574    -0.5071    -0.5243   2.696093   2.695117     2.0333     2.4180      7.914     1.1800   456.3677 1.0727e-01     0.0440    98.9071     7.7103     7.8734    32.7265    32.7319    26.2930    26.2981    8.28271 0.0000e+00
      12670    114.470    -0.5066    -0.5219   2.696116   2.695236     2.0329     2.4196      7.915     1.1902    36.1133 1.0715e-01     0.0440    98.9071     7.7109     7.8817    32.7263    32.7310    26.2928    26.2972    8.28261 0.0000e+00
