interactive_cnv_plotter/hud120_2020_001.cnv
* Sea-Bird SBE 9 Data File:
* FileName = C:\CTDDATA\hud120_2020_001.hex
* Software Version Seasave V 7.26.7.110
* Temperature SN = 1697
* Conductivity SN = 4216
* Number of Bytes Per Scan = 30
* Number of Voltage Words = 4
* Number of Scans Averaged by the Deck Unit = 1
* NMEA baud rate = 4800
** VESSEL/TRIP/SEQ STN:  hud120_2020_001
** LATITUDE XX XX.XX: 47 32.80 N
** LONGITUDE XX XX.XX: 052 35.20 W
** SOUNDING DEPTH (M): 0179
** PROBE TYPE: S1146
** CTD NUMBER: 001
** FORMAT: V
** COMMENTS (14 CHAR): S27-01
** BOTTLES:  10
** LEVELS: 5,10,20,30,40,50,75,100,150,BTM
** STICKERS: 439500 - 439509
** VNET: Y
** DO2: N
# nquan = 22
# nvalues = 3531                        
# units = specified
# name 0 = scan: Scan Count
# name 1 = prDM: Pressure, Digiquartz [db]
# name 2 = t090C: Temperature [ITS-90, deg C]
# name 3 = t190C: Temperature, 2 [ITS-90, deg C]
# name 4 = c0S/m: Conductivity [S/m]
# name 5 = c1S/m: Conductivity, 2 [S/m]
# name 6 = sbeox0V: Oxygen raw, SBE 43 [V]
# name 7 = sbeox1V: Oxygen raw, SBE 43, 2 [V]
# name 8 = ph: pH
# name 9 = flECO-AFL: Fluorescence, WET Labs ECO-AFL/FL [mg/m^3]
# name 10 = wetCDOM: Fluorescence, WET Labs CDOM [mg/m^3]
# name 11 = par/sat/log: PAR/Logarithmic, Satlantic [umol photons/m^2/sec]
# name 12 = CStarAt0: Beam Attenuation, WET Labs C-Star [1/m]
# name 13 = CStarTr0: Beam Transmission, WET Labs C-Star [%]
# name 14 = sbeox0ML/L: Oxygen, SBE 43 [ml/l], WS = 2
# name 15 = sbeox1ML/L: Oxygen, SBE 43, 2 [ml/l], WS = 2
# name 16 = sal00: Salinity, Practical [PSU]
# name 17 = sal11: Salinity, Practical, 2 [PSU]
# name 18 = sigma-t00: Density [sigma-t, kg/m^3 ]
# name 19 = sigma-t11: Density, 2 [sigma-t, kg/m^3 ]
# name 20 = oxsatML/L: Oxygen Saturation, Weiss [ml/l]
# name 21 = flag: flag
# span 0 =          2,      34861       
# span 1 =      3.023,    174.580       
# span 2 =    -0.6657,     6.3388       
# span 3 =    -0.6709,     6.3344       
# span 4 =   2.692041,   3.133326       
# span 5 =   2.692049,   3.132983       
# span 6 =     1.8820,     2.2296       
# span 7 =     2.2272,     2.6551       
# span 8 =      7.847,      8.041       
# span 9 =     1.0071,     4.3851       
# span 10 =    -2.8130,   482.1870      
# span 11 = 1.0629e-01, 6.0337e-01      
# span 12 =     0.0415,     0.2039      
# span 13 =    95.0303,    98.9679      
# span 14 =     6.8138,     7.9343      
# span 15 =     6.7563,     8.1753      
# span 16 =    31.2677,    33.4209      
# span 17 =    31.2658,    33.4218      
# span 18 =    24.5673,    26.8352      
# span 19 =    24.5681,    26.8362      
# span 20 =    7.03552,    8.30699      
# span 21 = 0.0000e+00, 0.0000e+00      
# interval = scans: 3                   
# start_time = Nov 10 2020 02:30:40 [System UTC, header]
# bad_flag = -9.990e-29
*END*
[from data line 659]
       1979     73.364     3.5421     3.5388   2.955080   2.954941     2.1746     2.5861      8.004     2.8894   481.3579 1.0715e-01     0.1035    97.4468     7.4120     7.5487    31.8521    31.8538    25.3256    25.3272    7.50181 0.0000e+00
       1982     73.485     3.5236     3.5215   2.953836   2.953720     2.1754     2.5865      8.004     2.8691   481.3579 1.0715e-01     0.1035    97.4468     7.4187     7.5531    31.8554    31.8561    25.3299    25.3307    7.50511 0.0000e+00
       1985     73.609     3.5109     3.5069   2.953270   2.952975     2.1762     2.5865      8.004     2.8793   481.3184 1.0715e-01     0.1038    97.4381     7.4242     7.5525    31.8611    31.8615    25.3356    25.3362    7.50721 0.0000e+00
       1988     73.738     3.5023     3.4982   2.952764   2.952485     2.1750     2.5861      8.005     2.8894   224.4283 1.0715e-01     0.1035    97.4468     7.4169     7.5524    31.8634    31.8641    25.3382    25.3391    7.50872 0.0000e+00
       1991     73.868     3.4932     3.4896   2.952328   2.952067     2.1742     2.5857      8.006     2.8793     7.1752 1.0715e-01     0.1035    97.4468     7.4133     7.5528    31.8671    31.8674    25.3420    25.3425    7.51024 0.0000e+00
       1994     73.999     3.4828     3.4780   2.951896   2.951577     2.1754     2.5861      8.006     2.8793    16.2159 1.0715e-01     0.1035    97.4468     7.4198     7.5535    31.8720    31.8730    25.3468    25.3480    7.51193 0.0000e+00
       1997     74.133     3.4709     3.4648   2.951465   2.951087     2.1746     2.5865      8.004     2.8996    15.7816 1.0740e-01     0.1028    97.4641     7.4167     7.5540    31.8786    31.8800    25.3531    25.3548    7.51385 0.0000e+00
       2000     74.269     3.4638     3.4578   2.951214   2.950819     2.1746     2.5857      8.004     2.8691    15.7816 1.0727e-01     0.1024    97.4728     7.4163     7.5483    31.8824    31.8836    25.3568    25.3583    7.51498 0.0000e+00
       2003     74.404     3.4608     3.4552   2.951061   2.950678     2.1734     2.5853      8.004     2.8894    15.7816 1.0727e-01     0.1028    97.4641     7.4071     7.5445    31.8834    31.8844    25.3579    25.3592    7.51549 0.0000e+00
       2006     74.541     3.4578     3.4529   2.950972   2.950577     2.1742     2.5849      8.004     2.8793    15.7816 1.0727e-01     0.1024    97.4728     7.4073     7.5394    31.8852    31.8854    25.3596    25.3602    7.51596 0.0000e+00
       2009     74.679     3.4562     3.4515   2.951001   2.950611     2.1734     2.5853      8.004     2.8996    15.7816 1.0727e-01     0.1028    97.4641     7.4036     7.5362    31.8871    31.8871    25.3613    25.3616    7.51618 0.0000e+00
       2012     74.815     3.4544     3.4500   2.951155   2.950735     2.1738     2.5849      8.004     2.9199    15.7816 1.0715e-01     0.1024    97.4728     7.4053     7.5301    31.8906    31.8900    25.3642    25.3641    7.51633 0.0000e+00
       2015     74.954     3.4522     3.4474   2.951232   2.950834     2.1738     2.5845      8.004     2.9505   398.8862 1.0715e-01     0.1038    97.4381     7.4035     7.5247    31.8936    31.8936    25.3668    25.3672    7.51659 0.0000e+00
       2018     75.090     3.4482     3.4442   2.951002   2.950590     2.1734     2.5837      8.004     2.9505   481.8712 1.0715e-01     0.1056    97.3946     7.3996     7.5173    31.8947    31.8938    25.3680    25.3676    7.51728 0.0000e+00
       2021     75.228     3.4390     3.4362   2.950414   2.950202     2.1730     2.5837      8.004     2.9403   481.0816 1.0715e-01     0.1056    97.3946     7.3999     7.5153    31.8968    31.8969    25.3705    25.3708    7.51893 0.0000e+00
       2024     75.362     3.4327     3.4287   2.950163   2.949855     2.1722     2.5821      8.004     2.9403   481.2790 1.0715e-01     0.1056    97.3946     7.3978     7.5093    31.8999    31.9001    25.3735    25.3741    7.51995 0.0000e+00
       2027     75.494     3.4286     3.4236   2.949806   2.949500     2.1718     2.5821      8.004     2.9403   481.3579 1.0715e-01     0.1056    97.3946     7.4013     7.5071    31.8996    31.9008    25.3736    25.3751    7.52074 0.0000e+00
       2030     75.622     3.4245     3.4188   2.949541   2.949170     2.1718     2.5817      8.004     2.9403   481.3184 1.0715e-01     0.1056    97.3946     7.4043     7.5054    31.9003    31.9015    25.3746    25.3760    7.52146 0.0000e+00
       2033     75.748     3.4226     3.4166   2.949484   2.949100     2.1710     2.5800      8.004     2.9505   481.3579 1.0715e-01     0.1056    97.3946     7.4024     7.5006    31.9014    31.9028    25.3756    25.3773    7.52176 0.0000e+00
       2036     75.873     3.4212     3.4158   2.949291   2.948892     2.1710     2.5800      8.006     2.9607   481.3184 1.0715e-01     0.1088    97.3164     7.4023     7.5049    31.9005    31.9010    25.3750    25.3759    7.52208 0.0000e+00
       2039     75.995     3.4139     3.4085   2.948352   2.948039     2.1710     2.5792      8.004     3.0014   422.1394 1.0715e-01     0.1099    97.2903     7.4067     7.5053    31.8963    31.8980    25.3724    25.3741    7.52365 0.0000e+00
       2042     76.111     3.3967     3.3913   2.946592   2.946328     2.1697     2.5788      8.004     3.0014    23.6380 1.0715e-01     0.1099    97.2903     7.4088     7.5107    31.8922    31.8943    25.3706    25.3728    7.52711 0.0000e+00
       2045     76.225     3.3750     3.3674   2.944856   2.944500     2.1706     2.5780      8.004     3.0115    20.4796 1.0715e-01     0.1099    97.2903     7.4211     7.5169    31.8928    31.8959    25.3730    25.3762    7.53117 0.0000e+00
       2048     76.336     3.3531     3.3475   2.943065   2.942970     2.1706     2.5776      8.004     2.9912    20.5191 1.0715e-01     0.1099    97.2903     7.4282     7.5218    31.8928    31.8971    25.3749    25.3789    7.53529 0.0000e+00
       2051     76.441     3.3210     3.3211   2.941005   2.941060     2.1722     2.5767      8.006     3.0014    20.5191 1.0715e-01     0.1099    97.2903     7.4415     7.5267    31.8996    31.9002    25.3832    25.3837    7.54100 0.0000e+00
       2054     76.547     3.2946     3.2933   2.939472   2.939356     2.1710     2.5772      8.004     3.0014    20.5191 1.0715e-01     0.1103    97.2816     7.4430     7.5381    31.9072    31.9071    25.3916    25.3916    7.54561 0.0000e+00
       2057     76.650     3.2795     3.2761   2.938729   2.938462     2.1697     2.5776      8.005     3.0014    20.5191 1.0715e-01     0.1138    97.1947     7.4421     7.5467    31.9132    31.9133    25.3976    25.3980    7.54817 0.0000e+00
       2060     76.744     3.2677     3.2642   2.938112   2.937983     2.1697     2.5772      8.005     3.0115    20.5191 1.0715e-01     0.1142    97.1860     7.4458     7.5526    31.9173    31.9192    25.4020    25.4038    7.55018 0.0000e+00
       2063     76.838     3.2394     3.2378   2.936043   2.936187     2.1697     2.5755      8.005     3.0624    20.5191 1.0715e-01     0.1138    97.1947     7.4512     7.5564    31.9203    31.9237    25.4069    25.4097    7.55539 0.0000e+00
       2066     76.930     3.1905     3.1919   2.932647   2.933137     2.1706     2.5763      8.005     3.1540   187.7523 1.0715e-01     0.1142    97.1860     7.4650     7.5720    31.9278    31.9324    25.4170    25.4205    7.56430 0.0000e+00
       2069     77.017     3.1296     3.1315   2.928301   2.929344     2.1697     2.5759      8.003     3.1438   482.1870 1.0715e-01     0.1138    97.1947     7.4741     7.5837    31.9356    31.9464    25.4285    25.4369    7.57548 0.0000e+00
       2072     77.104     3.0595     3.0580   2.924414   2.925182     2.1693     2.5747      8.005     3.1540   481.1605 1.0715e-01     0.1142    97.1860     7.4855     7.5956    31.9581    31.9689    25.4524    25.4612    7.58771 0.0000e+00
       2075     77.191     3.0164     3.0115   2.922429   2.922540     2.1697     2.5751      8.001     3.1641   481.3184 1.0715e-01     0.1149    97.1686     7.4955     7.6082    31.9769    31.9831    25.4711    25.4764    7.59500 0.0000e+00
       2078     77.272     2.9947     2.9857   2.921215   2.921099     2.1697     2.5751      8.001     3.1540   481.3184 1.0715e-01     0.1185    97.0817     7.5021     7.6138    31.9837    31.9912    25.4783    25.4851    7.59881 0.0000e+00
       2081     77.356     2.9788     2.9717   2.920382   2.920287     2.1697     2.5755      8.001     3.1438   481.3184 1.0715e-01     0.1185    97.0817     7.5051     7.6212    31.9894    31.9953    25.4842    25.4894    7.60157 0.0000e+00
       2084     77.439     2.9679     2.9630   2.920090   2.919852     2.1701     2.5763      8.001     3.1641   481.3579 1.0715e-01     0.1188    97.0730     7.5070     7.6292    31.9966    31.9987    25.4909    25.4929    7.60328 0.0000e+00
       2087     77.520     2.9644     2.9571   2.919944   2.919520     2.1689     2.5751      7.999     3.1540   481.3579 1.0715e-01     0.1185    97.0817     7.5009     7.6271    31.9983    32.0004    25.4925    25.4948    7.60388 0.0000e+00
       2090     77.601     2.9632     2.9534   2.919842   2.919364     2.1697     2.5755      8.001     3.2252   481.3579 1.0715e-01     0.1188    97.0730     7.5071     7.6309    31.9982    32.0022    25.4925    25.4965    7.60410 0.0000e+00
       2093     77.683     2.9608     2.9527   2.919734   2.919303     2.1701     2.5743      7.996     3.2557   184.0808 1.0715e-01     0.1188    97.0730     7.5122     7.6301    31.9993    32.0021    25.4936    25.4965    7.60452 0.0000e+00
       2096     77.764     2.9588     2.9521   2.919686   2.919259     2.1693     2.5751      7.996     3.2557     9.7414 1.0715e-01     0.1206    97.0295     7.5081     7.6342    32.0006    32.0021    25.4948    25.4966    7.60483 0.0000e+00
       2099     77.851     2.9575     2.9515   2.919602   2.919189     2.1685     2.5751      7.996     3.2456    17.2029 1.0715e-01     0.1217    97.0035     7.5033     7.6349    32.0008    32.0018    25.4951    25.4964    7.60506 0.0000e+00
       2102     77.939     2.9557     2.9508   2.919597   2.919148     2.1685     2.5751      7.996     3.2456    16.8476 1.0715e-01     0.1217    97.0035     7.5031     7.6357    32.0025    32.0019    25.4966    25.4966    7.60532 0.0000e+00
       2105     78.027     2.9542     2.9497   2.919562   2.919235     2.1685     2.5751      7.996     3.2456    16.8476 1.0715e-01     0.1217    97.0035     7.5017     7.6379    32.0036    32.0041    25.4976    25.4984    7.60556 0.0000e+00
       2108     78.115     2.9535     2.9493   2.919631   2.919310     2.1685     2.5743      7.996     3.2354    16.8476 1.0715e-01     0.1217    97.0035     7.5029     7.6379    32.0050    32.0053    25.4988    25.4994    7.60562 0.0000e+00
       2111     78.208     2.9537     2.9494   2.919792   2.919424     2.1689     2.5751      7.996     3.2557    16.8476 1.0715e-01     0.1217    97.0035     7.5062     7.6439    32.0068    32.0065    25.5002    25.5003    7.60550 0.0000e+00
       2114     78.305     2.9537     2.9494   2.919892   2.919542     2.1697     2.5755      7.996     3.2456    16.8476 1.0715e-01     0.1217    97.0035     7.5065     7.6474    32.0079    32.0080    25.5011    25.5015    7.60544 0.0000e+00
       2117     78.403     2.9541     2.9493   2.919956   2.919570     2.1689     2.5755      7.996     3.1845    23.2432 1.0715e-01     0.1202    97.0382     7.5014     7.6481    32.0082    32.0083    25.5013    25.5017    7.60534 0.0000e+00
       2120     78.501     2.9540     2.9494   2.919981   2.919634     2.1685     2.5755      7.996     3.1845   428.2192 1.0715e-01     0.1195    97.0556     7.4994     7.6463    32.0086    32.0090    25.5016    25.5023    7.60534 0.0000e+00
       2123     78.605     2.9539     2.9493   2.919988   2.919658     2.1685     2.5755      7.996     3.1845   481.2395 1.0715e-01     0.1195    97.0556     7.4946     7.6447    32.0087    32.0093    25.5017    25.5026    7.60536 0.0000e+00
       2126     78.710     2.9538     2.9491   2.919991   2.919656     2.1681     2.5759      7.996     3.1845   481.0816 1.0715e-01     0.1192    97.0643     7.4858     7.6443    32.0088    32.0093    25.5018    25.5026    7.60537 0.0000e+00
       2129     78.817     2.9539     2.9491   2.920026   2.919677     2.1677     2.5764      7.996     3.1743   481.3579 1.0715e-01     0.1195    97.0556     7.4799     7.6444    32.0091    32.0096    25.5020    25.5028    7.60534 0.0000e+00
       2132     78.928     2.9535     2.9481   2.920030   2.919710     2.1689     2.5760      7.996     3.1947   481.3184 1.0715e-01     0.1195    97.0556     7.4834     7.6423    32.0095    32.0109    25.5023    25.5040    7.60540 0.0000e+00
       2135     79.041     2.9532     2.9474   2.920092   2.919713     2.1681     2.5760      7.996     3.1743   481.3579 1.0715e-01     0.1195    97.0556     7.4798     7.6377    32.0104    32.0116    25.5031    25.5045    7.60540 0.0000e+00
       2138     79.156     2.9528     2.9475   2.920101   2.919720     2.1665     2.5764      7.996     3.2049   481.3579 1.0715e-01     0.1199    97.0469     7.4750     7.6347    32.0108    32.0115    25.5035    25.5045    7.60545 0.0000e+00
       2141     79.270     2.9515     2.9475   2.920063   2.919694     2.1669     2.5760      7.996     3.1234   481.3579 1.0715e-01     0.1195    97.0556     7.4802     7.6316    32.0117    32.0112    25.5043    25.5042    7.60567 0.0000e+00
       2144     79.386     2.9506     2.9458   2.920001   2.919664     2.1665     2.5755      7.996     2.9709   481.3579 1.0715e-01     0.1199    97.0469     7.4804     7.6281    32.0117    32.0124    25.5044    25.5053    7.60583 0.0000e+00
       2147     79.502     2.9493     2.9444   2.919962   2.919611     2.1653     2.5751      7.996     2.9709   481.3579 1.0715e-01     0.1195    97.0556     7.4769     7.6265    32.0124    32.0131    25.5051    25.5060    7.60604 0.0000e+00
       2150     79.617     2.9473     2.9409   2.919812   2.919336     2.1649     2.5751      7.996     2.9810   481.3579 1.0715e-01     0.1195    97.0556     7.4783     7.6260    32.0126    32.0132    25.5053    25.5063    7.60642 0.0000e+00
       2153     79.739     2.9421     2.9357   2.919492   2.919049     2.1657     2.5755      7.996     2.9607   481.3579 1.0715e-01     0.1195    97.0556     7.4836     7.6275    32.0138    32.0148    25.5068    25.5081    7.60736 0.0000e+00
       2156     79.864     2.9384     2.9329   2.919325   2.918963     2.1665     2.5755      7.996     2.9709   481.3579 1.0715e-01     0.1199    97.0469     7.4925     7.6266    32.0154    32.0165    25.5083    25.5097    7.60798 0.0000e+00
       2159     79.982     2.9364     2.9313   2.919258   2.918902     2.1661     2.5743      7.996     2.9810   481.3579 1.0715e-01     0.1185    97.0817     7.4997     7.6208    32.0166    32.0173    25.5094    25.5104    7.60832 0.0000e+00
       2162     80.098     2.9351     2.9300   2.919167   2.918832     2.1661     2.5743      7.996     2.9709   481.3579 1.0715e-01     0.1185    97.0817     7.5039     7.6176    32.0167    32.0176    25.5097    25.5108    7.60856 0.0000e+00
       2165     80.215     2.9332     2.9288   2.919113   2.918751     2.1653     2.5747      7.996     2.9810   481.3184 1.0715e-01     0.1185    97.0817     7.4955     7.6170    32.0178    32.0178    25.5107    25.5111    7.60886 0.0000e+00
       2168     80.336     2.9310     2.9270   2.918905   2.918638     2.1661     2.5747      7.996     2.8182   481.3579 1.0715e-01     0.1185    97.0817     7.4949     7.6128    32.0175    32.0182    25.5106    25.5115    7.60931 0.0000e+00
       2171     80.453     2.9255     2.9240   2.918475   2.918460     2.1653     2.5751      7.996     2.6961   273.5008 1.0715e-01     0.1185    97.0817     7.4872     7.6101    32.0177    32.0190    25.5112    25.5124    7.61035 0.0000e+00
