interactive_cnv_plotter/hud120_2020_001.cnv
* Sea-Bird SBE 9 Data File:
* FileName = C:\CTDDATA\hud120_2020_001.hex
* Software Version Seasave V 7.26.7.110
* Temperature SN = 1697
* Conductivity SN = 4216
* Number of Bytes Per Scan = 30
* Number of Voltage Words = 4
* Number of Scans Averaged by the Deck Unit = 1
* NMEA baud rate = 4800
** VESSEL/TRIP/SEQ STN:  hud120_2020_001
** LATITUDE XX XX.XX: 47 32.80 N
** LONGITUDE XX XX.XX: 052 35.20 W
** SOUNDING DEPTH (M): 0179
** PROBE TYPE: S1146
** CTD NUMBER: 001
** FORMAT: V
** COMMENTS (14 CHAR): S27-01
** BOTTLES:  10
** LEVELS: 5,10,20,30,40,50,75,100,150,BTM
** STICKERS: 439500 - 439509
** VNET: Y
** DO2: N
# nquan = 22
# nvalues = 3531                        
# units = specified
# name 0 = scan: Scan Count
# name 1 = prDM: Pressure, Digiquartz [db]
# name 2 = t090C: Temperature [ITS-90, deg C]
# name 3 = t190C: Temperature, 2 [ITS-90, deg C]
# name 4 = c0S/m: Conductivity [S/m]
# name 5 = c1S/m: Conductivity, 2 [S/m]
# name 6 = sbeox0V: Oxygen raw, SBE 43 [V]
# name 7 = sbeox1V: Oxygen raw, SBE 43, 2 [V]
# name 8 = ph: pH
# name 9 = flECO-AFL: Fluorescence, WET Labs ECO-AFL/FL [mg/m^3]
# name 10 = wetCDOM: Fluorescence, WET Labs CDOM [mg/m^3]
# name 11 = par/sat/log: PAR/Logarithmic, Satlantic [umol photons/m^2/sec]
# name 12 = CStarAt0: Beam Attenuation, WET Labs C-Star [1/m]
# name 13 = CStarTr0: Beam Transmission, WET Labs C-Star [%]
# name 14 = sbeox0ML/L: Oxygen, SBE 43 [ml/l], WS = 2
# name 15 = sbeox1ML/L: Oxygen, SBE 43, 2 [ml/l], WS = 2
# name 16 = sal00: Salinity, Practical [PSU]
# name 17 = sal11: Salinity, Practical, 2 [PSU]
# name 18 = sigma-t00: Density [sigma-t, kg/m^3 ]
# name 19 = sigma-t11: Density, 2 [sigma-t, kg/m^3 ]
# name 20 = oxsatML/L: Oxygen Saturation, Weiss [ml/l]
# name 21 = flag: flag
# span 0 =          2,      34861       
# span 1 =      3.023,    174.580       
# span 2 =    -0.6657,     6.3388       
# span 3 =    -0.6709,     6.3344       
# span 4 =   2.692041,   3.133326       
# span 5 =   2.692049,   3.132983       
# span 6 =     1.8820,     2.2296       
# span 7 =     2.2272,     2.6551       
# span 8 =      7.847,      8.041       
# span 9 =     1.0071,     4.3851       
# span 10 =    -2.8130,   482.1870      
# span 11 = 1.0629e-01, 6.0337e-01      
# span 12 =     0.0415,     0.2039      
# span 13 =    95.0303,    98.9679      
# span 14 =     6.8138,     7.9343      
# span 15 =     6.7563,     8.1753      
# span 16 =    31.2677,    33.4209      
# span 17 =    31.2658,    33.4218      
# span 18 =    24.5673,    26.8352      
# span 19 =    24.5681,    26.8362      
# span 20 =    7.03552,    8.30699      
# span 21 = 0.0000e+00, 0.0000e+00      
# interval = scans: 3                   
# start_time = Nov 10 2020 02:30:40 [System UTC, header]
# bad_flag = -9.990e-29
*END*
[from data line 330]
        992     38.300     5.3214     5.3168   3.066148   3.065799     2.2003     2.6065      8.016     3.4083   354.5118 1.0715e-01     0.1099    97.2903     7.1558     7.2561    31.4537    31.4540    24.8297    24.8304    7.20030 0.0000e+00
        995     38.404     5.3215     5.3168   3.066152   3.065841     2.2007     2.6065      8.018     3.4287     3.8589 1.0715e-01     0.1099    97.2903     7.1559     7.2511    31.4536    31.4545    24.8295    24.8308    7.20029 0.0000e+00
        998     38.515     5.3213     5.3168   3.066185   3.065839     2.1999     2.6056      8.016     3.4287    14.5578 1.0715e-01     0.1099    97.2903     7.1502     7.2428    31.4540    31.4544    24.8299    24.8307    7.20029 0.0000e+00
       1001     38.634     5.3214     5.3167   3.066192   3.065841     2.2003     2.6056      8.019     3.4287    14.1235 1.0715e-01     0.1099    97.2903     7.1489     7.2398    31.4541    31.4544    24.8299    24.8307    7.20028 0.0000e+00
       1004     38.767     5.3213     5.3168   3.066211   3.065866     2.2007     2.6056      8.018     3.4287    14.1630 1.0715e-01     0.1110    97.2642     7.1498     7.2375    31.4542    31.4546    24.8301    24.8308    7.20028 0.0000e+00
       1007     38.905     5.3212     5.3168   3.066220   3.065862     2.2003     2.6060      8.019     3.4185    14.1235 1.0715e-01     0.1142    97.1860     7.1481     7.2362    31.4544    31.4544    24.8302    24.8307    7.20030 0.0000e+00
       1010     39.045     5.3212     5.3167   3.066242   3.065873     2.1994     2.6056      8.018     3.4287    14.1235 1.0715e-01     0.1142    97.1860     7.1399     7.2339    31.4545    31.4546    24.8303    24.8309    7.20028 0.0000e+00
       1013     39.196     5.3213     5.3166   3.066247   3.065918     2.1986     2.6052      8.021     3.4287    14.1235 1.0715e-01     0.1142    97.1860     7.1336     7.2314    31.4545    31.4552    24.8303    24.8313    7.20028 0.0000e+00
       1016     39.353     5.3211     5.3167   3.066244   3.065907     2.1994     2.6048      8.019     3.3676    14.1630 1.0715e-01     0.1142    97.1860     7.1381     7.2281    31.4545    31.4548    24.8304    24.8310    7.20031 0.0000e+00
       1019     39.516     5.3211     5.3166   3.066253   3.065899     2.1990     2.6036      8.018     3.2862   265.6445 1.0715e-01     0.1142    97.1860     7.1366     7.2242    31.4546    31.4548    24.8304    24.8310    7.20031 0.0000e+00
       1022     39.685     5.3207     5.3158   3.066237   3.065861     2.1978     2.6036      8.018     3.3066   481.9106 1.0715e-01     0.1142    97.1860     7.1333     7.2236    31.4547    31.4551    24.8305    24.8313    7.20038 0.0000e+00
       1025     39.856     5.3201     5.3150   3.066187   3.065815     2.1978     2.6032      8.018     3.2964   480.9632 1.0715e-01     0.1124    97.2295     7.1341     7.2216    31.4546    31.4552    24.8305    24.8315    7.20048 0.0000e+00
       1028     40.035     5.3201     5.3149   3.066238   3.065824     2.1982     2.6028      8.018     3.2964   481.3579 1.0715e-01     0.1092    97.3077     7.1378     7.2221    31.4551    31.4553    24.8309    24.8316    7.20046 0.0000e+00
       1031     40.211     5.3199     5.3141   3.066181   3.065474     2.1978     2.6020      8.018     3.2862   481.3579 1.0715e-01     0.1092    97.3077     7.1391     7.2234    31.4545    31.4520    24.8304    24.8291    7.20051 0.0000e+00
       1034     40.391     5.3178     5.3122   3.066044   3.065638     2.1970     2.6020      8.016     3.3066   481.3184 1.0715e-01     0.1095    97.2990     7.1397     7.2286    31.4549    31.4556    24.8310    24.8321    7.20087 0.0000e+00
       1037     40.571     5.3138     5.3097   3.065666   3.065419     2.1974     2.6016      8.018     3.2862   481.3579 1.0715e-01     0.1092    97.3077     7.1464     7.2323    31.4542    31.4553    24.8309    24.8322    7.20159 0.0000e+00
       1040     40.750     5.3073     5.3031   3.065113   3.064837     2.1978     2.6008      8.018     3.2862   481.3579 1.0715e-01     0.1095    97.2990     7.1528     7.2341    31.4540    31.4548    24.8314    24.8326    7.20273 0.0000e+00
       1043     40.927     5.2903     5.2859   3.063600   3.063472     2.1970     2.6016      8.019     3.2761   481.3579 1.0715e-01     0.1095    97.2990     7.1570     7.2442    31.4528    31.4554    24.8323    24.8349    7.20576 0.0000e+00
       1046     41.103     5.2724     5.2685   3.062638   3.062416     2.1978     2.6008      8.016     3.2557    95.5293 1.0715e-01     0.1113    97.2556     7.1697     7.2481    31.4585    31.4596    24.8389    24.8402    7.20859 0.0000e+00
       1049     41.275     5.2601     5.2555   3.061666   3.061486     2.1974     2.6008      8.018     3.2659    12.2680 1.0715e-01     0.1120    97.2382     7.1734     7.2532    31.4589    31.4613    24.8406    24.8429    7.21072 0.0000e+00
       1052     41.447     5.2435     5.2384   3.060607   3.060381     2.1970     2.6020      8.016     3.2761    15.7422 1.0715e-01     0.1120    97.2382     7.1757     7.2641    31.4624    31.4647    24.8452    24.8475    7.21344 0.0000e+00
       1055     41.616     5.2295     5.2249   3.059626   3.059416     2.1966     2.6016      8.016     3.2659    15.5448 1.0715e-01     0.1120    97.2382     7.1786     7.2678    31.4644    31.4663    24.8482    24.8503    7.21579 0.0000e+00
       1058     41.776     5.2137     5.2090   3.058497   3.058235     2.1978     2.6024      8.018     3.2659    15.5843 1.0715e-01     0.1120    97.2382     7.1868     7.2763    31.4664    31.4678    24.8516    24.8532    7.21846 0.0000e+00
       1061     41.934     5.1947     5.1908   3.057148   3.056973     2.1982     2.6012      8.018     3.2659    15.5448 1.0715e-01     0.1120    97.2382     7.1910     7.2777    31.4688    31.4704    24.8556    24.8573    7.22166 0.0000e+00
       1064     42.087     5.1773     5.1739   3.055812   3.055724     2.1978     2.6008      8.017     3.2659    15.5448 1.0715e-01     0.1124    97.2295     7.1946     7.2795    31.4699    31.4721    24.8584    24.8605    7.22465 0.0000e+00
       1067     42.235     5.1436     5.1434   3.052868   3.053077     2.1982     2.6020      8.017     3.2659    15.5448 1.0715e-01     0.1127    97.2208     7.2052     7.2895    31.4681    31.4707    24.8606    24.8627    7.23063 0.0000e+00
       1070     42.381     5.1046     5.1059   3.050485   3.050673     2.1994     2.6020      8.017     3.3880    71.1708 1.0715e-01     0.1131    97.2121     7.2160     7.2976    31.4775    31.4785    24.8724    24.8730    7.23701 0.0000e+00
       1073     42.521     5.0874     5.0841   3.049594   3.049423     2.1986     2.6012      8.019     3.3880   465.8427 1.0715e-01     0.1131    97.2121     7.2160     7.2975    31.4836    31.4847    24.8790    24.8802    7.23974 0.0000e+00
       1076     42.656     5.0766     5.0676   3.048605   3.048093     2.1978     2.6020      8.017     3.3880   481.5159 1.0715e-01     0.1127    97.2208     7.2133     7.3057    31.4824    31.4850    24.8793    24.8823    7.24170 0.0000e+00
       1079     42.788     5.0617     5.0520   3.047741   3.047223     2.1986     2.6020      8.017     3.3778   481.2000 1.0715e-01     0.1124    97.2295     7.2174     7.3109    31.4865    31.4897    24.8841    24.8877    7.24412 0.0000e+00
       1082     42.911     5.0536     5.0478   3.047381   3.047094     2.1978     2.6028      8.017     3.3880   481.3184 1.0715e-01     0.1131    97.2121     7.2135     7.3169    31.4900    31.4922    24.8878    24.8901    7.24537 0.0000e+00
       1085     43.030     5.0504     5.0464   3.047196   3.046966     2.1982     2.6020      8.017     3.3880   481.3184 1.0715e-01     0.1131    97.2121     7.2181     7.3161    31.4908    31.4920    24.8887    24.8901    7.24589 0.0000e+00
       1088     43.145     5.0463     5.0433   3.046927   3.046698     2.1994     2.6020      8.017     3.3880   481.3579 1.0715e-01     0.1142    97.1860     7.2262     7.3158    31.4916    31.4918    24.8898    24.8903    7.24658 0.0000e+00
       1091     43.255     5.0449     5.0397   3.046860   3.046483     2.1990     2.6024      8.017     3.3982   481.3184 1.0715e-01     0.1142    97.1860     7.2207     7.3182    31.4921    31.4927    24.8904    24.8914    7.24681 0.0000e+00
       1094     43.362     5.0434     5.0385   3.046761   3.046449     2.1982     2.6028      8.017     3.3880   481.3579 1.0715e-01     0.1142    97.1860     7.2176     7.3215    31.4924    31.4934    24.8907    24.8921    7.24706 0.0000e+00
       1097     43.466     5.0426     5.0375   3.046756   3.046379     2.1986     2.6024      8.017     3.3880   315.1907 1.0715e-01     0.1142    97.1860     7.2221     7.3206    31.4930    31.4935    24.8914    24.8923    7.24717 0.0000e+00
       1100     43.565     5.0429     5.0376   3.046727   3.046376     2.1986     2.6044      8.017     3.3778     1.2928 1.0715e-01     0.1142    97.1860     7.2235     7.3279    31.4924    31.4934    24.8908    24.8921    7.24715 0.0000e+00
       1103     43.659     5.0405     5.0358   3.046533   3.046238     2.1990     2.6032      8.017     3.3982    13.2155 1.0715e-01     0.1142    97.1860     7.2265     7.3240    31.4924    31.4934    24.8910    24.8924    7.24757 0.0000e+00
       1106     43.750     5.0381     5.0341   3.046499   3.046157     2.1990     2.6040      8.017     3.3880    12.7418 1.0715e-01     0.1152    97.1599     7.2287     7.3287    31.4942    31.4940    24.8927    24.8930    7.24790 0.0000e+00
       1109     43.840     5.0394     5.0338   3.046569   3.046128     2.2007     2.6032      8.017     3.3880    12.7812 1.0715e-01     0.1152    97.1599     7.2335     7.3276    31.4937    31.4939    24.8922    24.8930    7.24769 0.0000e+00
       1112     43.927     5.0394     5.0331   3.046467   3.046099     2.1995     2.6036      8.017     3.3880    12.7812 1.0715e-01     0.1152    97.1599     7.2270     7.3289    31.4925    31.4942    24.8913    24.8933    7.24776 0.0000e+00
       1115     44.012     5.0360     5.0319   3.046278   3.046013     2.1978     2.6044      8.017     3.3982    12.8207 1.0715e-01     0.1152    97.1599     7.2223     7.3296    31.4935    31.4943    24.8924    24.8935    7.24830 0.0000e+00
       1118     44.095     5.0339     5.0289   3.046182   3.045795     2.1990     2.6044      8.017     3.3982    12.7812 1.0715e-01     0.1156    97.1512     7.2284     7.3301    31.4943    31.4947    24.8933    24.8941    7.24863 0.0000e+00
       1121     44.178     5.0324     5.0268   3.046075   3.045671     2.1999     2.6044      8.017     3.6017    12.8207 1.0715e-01     0.1152    97.1599     7.2324     7.3310    31.4946    31.4952    24.8936    24.8947    7.24889 0.0000e+00
       1124     44.258     5.0307     5.0253   3.045962   3.045587     2.1999     2.6048      8.017     3.8154   303.0706 1.0715e-01     0.1152    97.1599     7.2317     7.3348    31.4948    31.4956    24.8941    24.8952    7.24918 0.0000e+00
       1127     44.339     5.0305     5.0240   3.045932   3.045488     2.2007     2.6048      8.017     3.8256   481.7922 1.0715e-01     0.1159    97.1425     7.2317     7.3375    31.4946    31.4956    24.8939    24.8954    7.24922 0.0000e+00
       1130     44.418     5.0294     5.0228   3.045847   3.045413     2.1999     2.6056      8.017     3.8154   480.9632 1.0715e-01     0.1163    97.1338     7.2272     7.3407    31.4946    31.4959    24.8940    24.8957    7.24941 0.0000e+00
       1133     44.496     5.0261     5.0208   3.045654   3.045275     2.1994     2.6056      8.017     3.8256   481.3184 1.0715e-01     0.1156    97.1512     7.2268     7.3405    31.4954    31.4962    24.8950    24.8962    7.24995 0.0000e+00
       1136     44.578     5.0257     5.0197   3.045645   3.045209     2.1994     2.6056      8.017     3.8256   481.3184 1.0715e-01     0.1159    97.1425     7.2290     7.3383    31.4957    31.4964    24.8953    24.8965    7.25000 0.0000e+00
       1139     44.658     5.0242     5.0179   3.045488   3.045108     2.2003     2.6048      8.017     3.8256   481.3184 1.0715e-01     0.1167    97.1251     7.2293     7.3354    31.4953    31.4969    24.8951    24.8971    7.25029 0.0000e+00
       1142     44.739     5.0229     5.0170   3.045462   3.045046     2.2007     2.6060      8.017     3.8256   481.3184 1.0715e-01     0.1163    97.1338     7.2268     7.3389    31.4962    31.4970    24.8959    24.8972    7.25047 0.0000e+00
       1145     44.821     5.0218     5.0165   3.045393   3.045037     2.2003     2.6069      8.017     3.8256   481.3184 1.0715e-01     0.1163    97.1338     7.2225     7.3388    31.4964    31.4973    24.8963    24.8976    7.25066 0.0000e+00
       1148     44.903     5.0211     5.0163   3.045363   3.044997     2.1999     2.6077      8.017     3.8561   481.3579 1.0715e-01     0.1163    97.1338     7.2192     7.3397    31.4967    31.4970    24.8965    24.8974    7.25077 0.0000e+00
       1151     44.987     5.0210     5.0162   3.045358   3.045010     2.1990     2.6065      8.017     3.8561   481.3579 1.0715e-01     0.1170    97.1165     7.2152     7.3338    31.4967    31.4972    24.8966    24.8975    7.25079 0.0000e+00
       1154     45.075     5.0194     5.0164   3.045241   3.045025     2.2003     2.6073      8.017     3.8561   481.3579 1.0715e-01     0.1167    97.1251     7.2242     7.3353    31.4968    31.4971    24.8968    24.8974    7.25107 0.0000e+00
       1157     45.165     5.0181     5.0139   3.045182   3.044847     2.2003     2.6060      8.017     3.8561   481.3579 1.0715e-01     0.1163    97.1338     7.2230     7.3304    31.4973    31.4974    24.8974    24.8979    7.25126 0.0000e+00
       1160     45.254     5.0179     5.0126   3.045176   3.044793     2.1994     2.6069      8.017     3.8561   481.3579 1.0715e-01     0.1167    97.1251     7.2181     7.3316    31.4974    31.4980    24.8974    24.8986    7.25130 0.0000e+00
       1163     45.342     5.0178     5.0116   3.045171   3.044735     2.1994     2.6073      8.017     3.8357   481.3579 1.0715e-01     0.1163    97.1338     7.2162     7.3288    31.4974    31.4983    24.8975    24.8988    7.25132 0.0000e+00
       1166     45.436     5.0168     5.0105   3.045110   3.044668     2.1999     2.6069      8.017     3.8357   481.3579 1.0715e-01     0.1167    97.1251     7.2193     7.3257    31.4976    31.4985    24.8978    24.8992    7.25149 0.0000e+00
       1169     45.532     5.0150     5.0096   3.045021   3.044600     2.1990     2.6056      8.017     3.8662   481.3184 1.0715e-01     0.1152    97.1599     7.2177     7.3230    31.4982    31.4985    24.8984    24.8993    7.25177 0.0000e+00
       1172     45.628     5.0149     5.0092   3.044997   3.044612     2.1990     2.6073      8.017     3.9069   481.3579 1.0715e-01     0.1152    97.1599     7.2174     7.3300    31.4980    31.4990    24.8983    24.8996    7.25181 0.0000e+00
       1175     45.725     5.0136     5.0090   3.044943   3.044626     2.1999     2.6069      8.017     4.3648   401.4523 1.0715e-01     0.1152    97.1599     7.2195     7.3312    31.4986    31.4992    24.8988    24.8999    7.25200 0.0000e+00
       1178     45.824     5.0129     5.0085   3.044921   3.044589     2.1999     2.6069      8.017     4.3750    16.3738 1.0715e-01     0.1152    97.1599     7.2190     7.3294    31.4989    31.4993    24.8992    24.9000    7.25211 0.0000e+00
       1181     45.924     5.0125     5.0078   3.044899   3.044523     2.1990     2.6069      8.017     4.3750    20.9139 1.0715e-01     0.1152    97.1599     7.2159     7.3320    31.4990    31.4992    24.8993    24.8999    7.25218 0.0000e+00
       1184     46.025     5.0122     5.0072   3.044886   3.044495     2.1994     2.6060      8.017     4.3648    20.6375 1.0727e-01     0.1152    97.1599     7.2182     7.3296    31.4991    31.4994    24.8994    24.9002    7.25223 0.0000e+00
