interactive_cnv_plotter/hud120_2020_001.cnv
* Sea-Bird SBE 9 Data File:
* FileName = C:\CTDDATA\hud120_2020_001.hex
* Software Version Seasave V 7.26.7.110
* Temperature SN = 1697
* Conductivity SN = 4216
* Number of Bytes Per Scan = 30
* Number of Voltage Words = 4
* Number of Scans Averaged by the Deck Unit = 1
* NMEA baud rate = 4800
** VESSEL/TRIP/SEQ STN:  hud120_2020_001
** LATITUDE XX XX.XX: 47 32.80 N
** LONGITUDE XX XX.XX: 052 35.20 W
** SOUNDING DEPTH (M): 0179
** PROBE TYPE: S1146
** CTD NUMBER: 001
** FORMAT: V
** COMMENTS (14 CHAR): S27-01
** BOTTLES:  10
** LEVELS: 5,10,20,30,40,50,75,100,150,BTM
** STICKERS: 439500 - 439509
** VNET: Y
** DO2: N
# nquan = 22
# nvalues = 3531                        
# units = specified
# name 0 = scan: Scan Count
# name 1 = prDM: Pressure, Digiquartz [db]
# name 2 = t090C: Temperature [ITS-90, deg C]
# name 3 = t190C: Temperature, 2 [ITS-90, deg C]
# name 4 = c0S/m: Conductivity [S/m]
# name 5 = c1S/m: Conductivity, 2 [S/m]
# name 6 = sbeox0V: Oxygen raw, SBE 43 [V]
# name 7 = sbeox1V: Oxygen raw, SBE 43, 2 [V]
# name 8 = ph: pH
# name 9 = flECO-AFL: Fluorescence, WET Labs ECO-AFL/FL [mg/m^3]
# name 10 = wetCDOM: Fluorescence, WET Labs CDOM [mg/m^3]
# name 11 = par/sat/log: PAR/Logarithmic, Satlantic [umol photons/m^2/sec]
# name 12 = CStarAt0: Beam Attenuation, WET Labs C-Star [1/m]
# name 13 = CStarTr0: Beam Transmission, WET Labs C-Star [%]
# name 14 = sbeox0ML/L: Oxygen, SBE 43 [ml/l], WS = 2
# name 15 = sbeox1ML/L: Oxygen, SBE 43, 2 [ml/l], WS = 2
# name 16 = sal00: Salinity, Practical [PSU]
# name 17 = sal11: Salinity, Practical, 2 [PSU]
# name 18 = sigma-t00: Density [sigma-t, kg/m^3 ]
# name 19 = sigma-t11: Density, 2 [sigma-t, kg/m^3 ]
# name 20 = oxsatML/L: Oxygen Saturation, Weiss [ml/l]
# name 21 = flag: flag
# span 0 =          2,      34861       
# span 1 =      3.023,    174.580       
# span 2 =    -0.6657,     6.3388       
# span 3 =    -0.6709,     6.3344       
# span 4 =   2.692041,   3.133326       
# span 5 =   2.692049,   3.132983       
# span 6 =     1.8820,     2.2296       
# span 7 =     2.2272,     2.6551       
# span 8 =      7.847,      8.041       
# span 9 =     1.0071,     4.3851       
# span 10 =    -2.8130,   482.1870      
# span 11 = 1.0629e-01, 6.0337e-01      
# span 12 =     0.0415,     0.2039      
# span 13 =    95.0303,    98.9679      
# span 14 =     6.8138,     7.9343      
# span 15 =     6.7563,     8.1753      
# span 16 =    31.2677,    33.4209      
# span 17 =    31.2658,    33.4218      
# span 18 =    24.5673,    26.8352      
# span 19 =    24.5681,    26.8362      
# span 20 =    7.03552,    8.30699      
# span 21 = 0.0000e+00, 0.0000e+00      
# interval = scans: 3                   
# start_time = Nov 10 2020 02:30:40 [System UTC, header]
# bad_flag = -9.990e-29
*END*
[from data line 1976]
      11887    142.492    -0.6530    -0.6288   2.703388   2.707610     1.9539     2.3190      7.883     1.0884   482.0686 1.0740e-01     0.0630    98.4377     7.3446     7.4684    32.9659    32.9962    26.4923    26.5159    8.30170 0.0000e+00
      11890    142.425    -0.6535    -0.6319   2.703457   2.707457     1.9539     2.3194      7.881     1.0783   480.9237 1.0752e-01     0.0630    98.4377     7.3467     7.4716    32.9674    32.9975    26.4935    26.5171    8.30173 0.0000e+00
      11893    142.361    -0.6515    -0.6312   2.703779   2.707635     1.9547     2.3186      7.881     1.0986   481.2395 1.0752e-01     0.0630    98.4377     7.3556     7.4676    32.9695    32.9992    26.4952    26.5184    8.30115 0.0000e+00
      11896    142.297    -0.6518    -0.6293   2.703719   2.707950     1.9543     2.3194      7.883     1.0986   481.2395 1.0740e-01     0.0630    98.4377     7.3558     7.4698    32.9691    33.0014    26.4949    26.5201    8.30125 0.0000e+00
      11899    142.239    -0.6523    -0.6336   2.703597   2.707005     1.9551     2.3198      7.883     1.0681   481.2395 1.0740e-01     0.0630    98.4377     7.3630     7.4751    32.9680    32.9933    26.4941    26.5138    8.30142 0.0000e+00
      11902    142.186    -0.6531    -0.6373   2.703532   2.706481     1.9555     2.3202      7.881     1.0681   481.2395 1.0752e-01     0.0630    98.4377     7.3759     7.4767    32.9680    32.9905    26.4941    26.5116    8.30160 0.0000e+00
      11905    142.133    -0.6531    -0.6423   2.703549   2.705681     1.9547     2.3198      7.883     1.0681   481.2790 1.0740e-01     0.0630    98.4377     7.3808     7.4784    32.9683    32.9852    26.4943    26.5075    8.30158 0.0000e+00
      11908    142.084    -0.6516    -0.6445   2.703735   2.705350     1.9539     2.3190      7.883     1.0579   450.4853 1.0752e-01     0.0630    98.4377     7.3825     7.4758    32.9691    32.9832    26.4949    26.5060    8.30119 0.0000e+00
      11911    142.032    -0.6532    -0.6475   2.703540   2.704899     1.9555     2.3202      7.881     1.0681    29.7967 1.0740e-01     0.0630    98.4377     7.3994     7.4800    32.9684    32.9803    26.4944    26.5038    8.30160 0.0000e+00
      11914    141.984    -0.6553    -0.6486   2.703096   2.704800     1.9563     2.3198      7.881     1.0579    -2.0234 1.0752e-01     0.0630    98.4377     7.4124     7.4777    32.9647    32.9803    26.4914    26.5038    8.30227 0.0000e+00
      11917    141.941    -0.6560    -0.6459   2.703180   2.705379     1.9563     2.3202      7.881     1.0579    -0.0100 1.0752e-01     0.0605    98.4985     7.4155     7.4805    32.9666    32.9851    26.4930    26.5077    8.30232 0.0000e+00
      11920    141.898    -0.6550    -0.6416   2.703249   2.706044     1.9567     2.3206      7.883     1.0478    -0.0889 1.0740e-01     0.0602    98.5072     7.4166     7.4787    32.9665    32.9894    26.4929    26.5109    8.30212 0.0000e+00
      11923    141.856    -0.6571    -0.6385   2.703011   2.706454     1.9587     2.3215      7.883     1.0579    -0.0889 1.0752e-01     0.0605    98.4985     7.4239     7.4834    32.9656    32.9915    26.4923    26.5125    8.30263 0.0000e+00
      11926    141.815    -0.6540    -0.6385   2.703609   2.706335     1.9596     2.3202      7.883     1.0376    -0.0889 1.0740e-01     0.0609    98.4898     7.4198     7.4792    32.9703    32.9900    26.4960    26.5113    8.30167 0.0000e+00
      11929    141.774    -0.6537    -0.6432   2.703114   2.705549     1.9600     2.3215      7.883     1.0579    -0.1284 1.0752e-01     0.0609    98.4898     7.4150     7.4877    32.9633    32.9845    26.4903    26.5071    8.30200 0.0000e+00
      11932    141.736    -0.6589    -0.6479   2.702625   2.704793     1.9596     2.3215      7.883     1.0579    -0.1284 1.0740e-01     0.0609    98.4898     7.3993     7.4874    32.9625    32.9796    26.4898    26.5032    8.30322 0.0000e+00
      11935    141.699    -0.6597    -0.6488   2.702528   2.704724     1.9608     2.3211      7.883     1.0681    -0.0889 1.0740e-01     0.0609    98.4898     7.3857     7.4841    32.9620    32.9797    26.4895    26.5033    8.30342 0.0000e+00
      11938    141.662    -0.6591    -0.6469   2.703011   2.705052     1.9616     2.3211      7.883     1.0478    -0.0889 1.0740e-01     0.0598    98.5159     7.3708     7.4822    32.9679    32.9821    26.4942    26.5052    8.30294 0.0000e+00
      11941    141.622    -0.6519    -0.6464   2.704149   2.705179     1.9604     2.3223      7.883     1.0579    -0.0889 1.0740e-01     0.0598    98.5159     7.3458     7.4827    32.9754    32.9832    26.4999    26.5060    8.30090 0.0000e+00
      11944    141.582    -0.6479    -0.6477   2.704372   2.705036     1.9600     2.3215      7.883     1.0376    -0.0889 1.0740e-01     0.0598    98.5159     7.3232     7.4782    32.9740    32.9828    26.4987    26.5058    8.30010 0.0000e+00
      11947    141.544    -0.6474    -0.6486   2.704868   2.704879     1.9600     2.3227      7.883     1.0681    -0.1284 1.0740e-01     0.0598    98.5159     7.3126     7.4859    32.9801    32.9816    26.5036    26.5049    8.29962 0.0000e+00
      11950    141.506    -0.6461    -0.6475   2.704663   2.705003     1.9587     2.3219      7.883     1.0885    -0.1284 1.0740e-01     0.0598    98.5159     7.3062     7.4829    32.9760    32.9821    26.5002    26.5053    8.29957 0.0000e+00
      11953    141.466    -0.6426    -0.6461   2.705107   2.705246     1.9596     2.3227      7.883     1.1088    -0.0889 1.0727e-01     0.0598    98.5159     7.3133     7.4825    32.9782    32.9839    26.5019    26.5066    8.29867 0.0000e+00
      11956    141.422    -0.6405    -0.6453   2.705675   2.705305     1.9587     2.3219      7.883     1.1088    -0.0889 1.0740e-01     0.0609    98.4898     7.3082     7.4780    32.9836    32.9838    26.5061    26.5065    8.29790 0.0000e+00
      11959    141.377    -0.6395    -0.6448   2.705901   2.705532     1.9575     2.3227      7.881     1.1292    -0.0889 1.0740e-01     0.0619    98.4638     7.3045     7.4818    32.9855    32.9864    26.5077    26.5086    8.29756 0.0000e+00
      11962    141.331    -0.6388    -0.6420   2.705851   2.705907     1.9571     2.3219      7.880     1.1190    -0.3653 1.0740e-01     0.0619    98.4638     7.3149     7.4763    32.9841    32.9884    26.5066    26.5101    8.29748 0.0000e+00
      11965    141.284    -0.6428    -0.6385   2.705110   2.706385     1.9571     2.3223      7.883     1.1292    -0.6022 1.0740e-01     0.0619    98.4638     7.3293     7.4791    32.9785    32.9909    26.5022    26.5120    8.29869 0.0000e+00
      11968    141.235    -0.6522    -0.6371   2.703845   2.706669     1.9567     2.3227      7.881     1.1190    -0.5627 1.0740e-01     0.0619    98.4638     7.3379     7.4824    32.9719    32.9933    26.4971    26.5139    8.30118 0.0000e+00
      11971    141.182    -0.6530    -0.6372   2.704035   2.706678     1.9591     2.3239      7.883     1.1292    -0.6416 1.0752e-01     0.0619    98.4638     7.3626     7.4885    32.9753    32.9936    26.4999    26.5141    8.30116 0.0000e+00
      11974    141.125    -0.6465    -0.6383   2.704943   2.706745     1.9591     2.3227      7.883     1.1190    -0.5627 1.0752e-01     0.0619    98.4638     7.3669     7.4842    32.9804    32.9957    26.5038    26.5159    8.29941 0.0000e+00
      11977    141.068    -0.6417    -0.6365   2.704923   2.706748     1.9591     2.3223      7.883     1.0986    -0.5627 1.0752e-01     0.0605    98.4985     7.3688     7.4832    32.9750    32.9938    26.4992    26.5143    8.29865 0.0000e+00
      11980    141.004    -0.6426    -0.6347   2.705297   2.706891     1.9583     2.3231      7.883     1.0986    -0.6022 1.0740e-01     0.0598    98.5159     7.3698     7.4875    32.9810    32.9938    26.5042    26.5142    8.29851 0.0000e+00
      11983    140.938    -0.6425    -0.6351   2.705398   2.706684     1.9591     2.3231      7.883     1.0986    -0.6022 1.0740e-01     0.0598    98.5159     7.3728     7.4893    32.9822    32.9915    26.5052    26.5124    8.29840 0.0000e+00
      11986    140.868    -0.6420    -0.6410   2.705068   2.705939     1.9600     2.3243      7.883     1.0783    -0.5627 1.0715e-01     0.0598    98.5159     7.3726     7.4972    32.9774    32.9880    26.5012    26.5097    8.29858 0.0000e+00
      11989    140.795    -0.6446    -0.6439   2.704448   2.705551     1.9600     2.3239      7.881     1.0884     5.4776 1.0740e-01     0.0598    98.5159     7.3698     7.4962    32.9719    32.9859    26.4969    26.5082    8.29948 0.0000e+00
      11992    140.718    -0.6495    -0.6438   2.703707   2.705548     1.9596     2.3247      7.883     1.0884     6.5830 1.0752e-01     0.0598    98.5159     7.3624     7.5011    32.9673    32.9858    26.4933    26.5081    8.30082 0.0000e+00
      11995    140.637    -0.6539    -0.6470   2.703006   2.704621     1.9608     2.3239      7.883     1.0884     6.5435 1.0752e-01     0.0602    98.5072     7.3642     7.5007    32.9627    32.9769    26.4898    26.5010    8.30207 0.0000e+00
      11998    140.552    -0.6559    -0.6533   2.702637   2.703708     1.9596     2.3239      7.883     1.0783     6.5435 1.0740e-01     0.0602    98.5072     7.3602     7.5026    32.9600    32.9716    26.4877    26.4970    8.30268 0.0000e+00
      12001    140.462    -0.6578    -0.6567   2.702473   2.703073     1.9596     2.3243      7.883     1.0986     6.5435 1.0752e-01     0.0605    98.4985     7.3603     7.5052    32.9600    32.9668    26.4877    26.4932    8.30311 0.0000e+00
      12004    140.370    -0.6582    -0.6594   2.702236   2.702494     1.9600     2.3251      7.883     1.0274     6.5435 1.0727e-01     0.0609    98.4898     7.3607     7.5098    32.9573    32.9621    26.4855    26.4895    8.30335 0.0000e+00
      12007    140.269    -0.6600    -0.6613   2.701990   2.702495     1.9591     2.3251      7.883     1.0376     6.5435 1.0752e-01     0.0609    98.4898     7.3529     7.5126    32.9559    32.9642    26.4845    26.4913    8.30383 0.0000e+00
      12010    140.163    -0.6598    -0.6591   2.702139   2.702919     1.9596     2.3251      7.883     1.0376     6.5435 1.0740e-01     0.0609    98.4898     7.3560     7.5124    32.9578    32.9676    26.4861    26.4939    8.30368 0.0000e+00
      12013    140.049    -0.6601    -0.6553   2.701842   2.703812     1.9604     2.3259      7.883     1.0274    69.6310 1.0740e-01     0.0609    98.4898     7.3664     7.5169    32.9542    32.9755    26.4832    26.5002    8.30395 0.0000e+00
      12016    139.934    -0.6600    -0.6510   2.702258   2.704202     1.9600     2.3263      7.883     1.0376   468.4088 1.0727e-01     0.0609    98.4898     7.3658     7.5207    32.9598    32.9761    26.4877    26.5005    8.30361 0.0000e+00
      12019    139.812    -0.6569    -0.6547   2.702438   2.703215     1.9604     2.3255      7.881     1.0274   481.4764 1.0740e-01     0.0609    98.4898     7.3692     7.5205    32.9589    32.9669    26.4868    26.4932    8.30297 0.0000e+00
      12022    139.682    -0.6609    -0.6603   2.701484   2.702309     1.9604     2.3255      7.883     1.0274   481.1605 1.0740e-01     0.0609    98.4898     7.3744     7.5241    32.9505    32.9610    26.4802    26.4886    8.30434 0.0000e+00
      12025    139.546    -0.6625    -0.6642   2.701306   2.701612     1.9600     2.3267      7.883     1.0274   481.2395 1.0727e-01     0.0609    98.4898     7.3751     7.5313    32.9500    32.9559    26.4798    26.4847    8.30474 0.0000e+00
      12028    139.405    -0.6625    -0.6662   2.701228   2.701170     1.9608     2.3276      7.883     1.0478   481.2395 1.0752e-01     0.0609    98.4898     7.3818     7.5343    32.9490    32.9523    26.4791    26.4818    8.30479 0.0000e+00
      12031    139.261    -0.6619    -0.6666   2.701195   2.700979     1.9600     2.3276      7.883     1.1292   481.2395 1.0740e-01     0.0609    98.4898     7.3807     7.5371    32.9480    32.9502    26.4782    26.4801    8.30471 0.0000e+00
      12034    139.110    -0.6616    -0.6667   2.701186   2.700929     1.9612     2.3276      7.883     1.1190   481.2790 1.0740e-01     0.0605    98.4985     7.3891     7.5389    32.9476    32.9498    26.4778    26.4798    8.30466 0.0000e+00
      12037    138.954    -0.6611    -0.6665   2.701166   2.700933     1.9620     2.3280      7.883     1.1292   481.2395 1.0752e-01     0.0609    98.4898     7.3978     7.5415    32.9469    32.9496    26.4773    26.4797    8.30459 0.0000e+00
      12040    138.791    -0.6601    -0.6659   2.701141   2.700873     1.9608     2.3288      7.883     1.1190   303.5049 1.0740e-01     0.0605    98.4985     7.3974     7.5472    32.9456    32.9483    26.4762    26.4785    8.30445 0.0000e+00
      12043    138.624    -0.6584    -0.6644   2.701101   2.700859     1.9612     2.3280      7.883     1.1190    -0.6417 1.0727e-01     0.0609    98.4898     7.4004     7.5452    32.9433    32.9466    26.4743    26.4772    8.30420 0.0000e+00
      12046    138.453    -0.6560    -0.6629   2.701122   2.700839     1.9616     2.3300      7.883     1.1190     8.5175 1.0740e-01     0.0609    98.4898     7.4031     7.5517    32.9411    32.9447    26.4724    26.4756    8.30379 0.0000e+00
      12049    138.276    -0.6525    -0.6620   2.701181   2.700874     1.9624     2.3292      7.883     1.1292     8.2017 1.0740e-01     0.0609    98.4898     7.4040     7.5465    32.9381    32.9444    26.4698    26.4753    8.30316 0.0000e+00
      12052    138.090    -0.6496    -0.6584   2.701296   2.700953     1.9624     2.3296      7.883     1.1190     8.2017 1.0752e-01     0.0605    98.4985     7.3995     7.5471    32.9366    32.9416    26.4685    26.4729    8.30260 0.0000e+00
      12055    137.904    -0.6476    -0.6555   2.701340   2.701001     1.9628     2.3308      7.883     1.0478     8.2017 1.0752e-01     0.0605    98.4985     7.3977     7.5518    32.9352    32.9392    26.4673    26.4708    8.30224 0.0000e+00
      12058    137.719    -0.6469    -0.6553   2.701366   2.701017     1.9636     2.3304      7.883     1.0274     8.2017 1.0740e-01     0.0633    98.4290     7.3983     7.5532    32.9349    32.9393    26.4670    26.4709    8.30210 0.0000e+00
      12061    137.529    -0.6456    -0.6541   2.701337   2.701021     1.9640     2.3312      7.883     1.0071     8.2017 1.0752e-01     0.0640    98.4116     7.3994     7.5566    32.9332    32.9381    26.4656    26.4699    8.30190 0.0000e+00
      12064    137.337    -0.6448    -0.6516   2.701247   2.701001     1.9645     2.3316      7.883     1.0376     8.2017 1.0740e-01     0.0633    98.4290     7.4035     7.5583    32.9313    32.9353    26.4640    26.4675    8.30184 0.0000e+00
      12067    137.143    -0.6441    -0.6509   2.701194   2.700997     1.9636     2.3321      7.883     1.0274   311.2822 1.0740e-01     0.0640    98.4116     7.3990     7.5592    32.9299    32.9346    26.4629    26.4669    8.30176 0.0000e+00
      12070    136.945    -0.6427    -0.6495   2.701164   2.700961     1.9636     2.3325      7.883     1.0173   481.8712 1.0740e-01     0.0637    98.4203     7.3969     7.5600    32.9280    32.9327    26.4613    26.4653    8.30155 0.0000e+00
      12073    136.745    -0.6424    -0.6488   2.701185   2.700915     1.9636     2.3325      7.883     1.0173   480.9237 1.0740e-01     0.0637    98.4203     7.3951     7.5614    32.9281    32.9315    26.4614    26.4643    8.30147 0.0000e+00
      12076    136.543    -0.6417    -0.6473   2.701173   2.700892     1.9636     2.3325      7.883     1.0376   481.2395 1.0740e-01     0.0644    98.4029     7.3939     7.5577    32.9273    32.9297    26.4607    26.4628    8.30136 0.0000e+00
      12079    136.344    -0.6407    -0.6455   2.701157   2.700856     1.9636     2.3333      7.883     1.0173   481.2790 1.0727e-01     0.0669    98.3421     7.3931     7.5579    32.9261    32.9273    26.4597    26.4608    8.30121 0.0000e+00
