interactive_cnv_plotter/tel216_2020_037.cnv
* Sea-Bird SBE19plus Data File:
* Filename = C:/AQUIRE/tel216_2020_037.hex
* Software Version AquireV2 AF V2.0
* Temperature SN =  8014
* Conductivity SN =  8014
* System UpLoad Time = Dec 11 2020 09:22:00
* <ApplicationData>
* <AQUIREV2>
** VESSEL/TRIP/SEQ STN: tel216_2020_037
** LATITUDE: 55 10.70 N
** LONGITUDE: 54 34.57 W
** DATE/TIME: 2020-12-11 07:50
** SOUNDING DEPTH (M): 1008
** PROBE TYPE: S8014
** CTD NUMBER:  37
** COMMENTS: SET 37
# nquan = 7                                 
# nvalues = 5095                        
# units = specified
# name 0 = scan: Scan Count
# name 1 = prdM: Pressure, Strain Gauge [db]
# name 2 = tv290C: Temperature [ITS-90, deg C]
# name 3 = c0S/m: Conductivity [S/m]
# name 4 = sal00: Salinity, Practical [PSU]
# name 5 = sigma-t00: Density [sigma-t, kg/m^3 ]
# name 6 = flag: flag
# span 0 =          1,       5095       
# span 1 =     -0.537,   1044.351       
# span 2 =    -1.1258,     4.1693       
# span 3 =  -0.035843,   3.271498       
# span 4 =    -0.0023,    34.8853       
# span 5 =    -0.1944,    27.7405       
# span 6 = 0.0000e+00, 0.0000e+00       
# interval = seconds: 1
# start_time = Dec 11 2020 07:50:08 [Instrument's time stamp, header]
# bad_flag = -9.990e-29
*END*
[from data line 206]
        207     -0.505    -0.3761   0.000011    -0.0022    -0.1843 0.0000e+00
        208     -0.502    -0.3762   0.000011    -0.0022    -0.1843 0.0000e+00
        209     -0.503    -0.3764   0.000012    -0.0022    -0.1843 0.0000e+00
        210     -0.505    -0.3766   0.000013    -0.0022    -0.1843 0.0000e+00
        211     -0.505    -0.3766   0.000012    -0.0022    -0.1843 0.0000e+00
        212     -0.504    -0.3768   0.000007    -0.0023    -0.1843 0.0000e+00
        213     -0.502    -0.3770   0.000008    -0.0023    -0.1843 0.0000e+00
        214     -0.501    -0.3771   0.000011    -0.0022    -0.1843 0.0000e+00
        215     -0.503    -0.3773   0.000011    -0.0022    -0.1843 0.0000e+00
        216     -0.507    -0.3775   0.000011    -0.0022    -0.1844 0.0000e+00
        217     -0.511    -0.3776   0.000011    -0.0022    -0.1844 0.0000e+00
        218     -0.513    -0.3778   0.000012    -0.0022    -0.1844 0.0000e+00
        219     -0.512    -0.3780   0.000012    -0.0022    -0.1844 0.0000e+00
        220     -0.508    -0.3781   0.000011    -0.0022    -0.1844 0.0000e+00
        221     -0.506    -0.3781   0.000010    -0.0023    -0.1844 0.0000e+00
        222     -0.505    -0.3783   0.000011    -0.0022    -0.1844 0.0000e+00
        223     -0.505    -0.3785   0.000013    -0.0022    -0.1844 0.0000e+00
        224     -0.505    -0.3786   0.000013    -0.0022    -0.1844 0.0000e+00
        225     -0.505    -0.3788   0.000013    -0.0022    -0.1845 0.0000e+00
        226     -0.504    -0.3790   0.000013    -0.0022    -0.1845 0.0000e+00
        227     -0.502    -0.3791   0.000013    -0.0022    -0.1845 0.0000e+00
        228     -0.501    -0.3792   0.000011    -0.0022    -0.1845 0.0000e+00
        229     -0.502    -0.3794   0.000011    -0.0023    -0.1845 0.0000e+00
        230     -0.503    -0.3796   0.000013    -0.0022    -0.1845 0.0000e+00
        231     -0.503    -0.3797   0.000013    -0.0022    -0.1845 0.0000e+00
        232     -0.501    -0.3799   0.000012    -0.0022    -0.1845 0.0000e+00
        233     -0.498    -0.3800   0.000012    -0.0022    -0.1845 0.0000e+00
        234     -0.497    -0.3801   0.000011    -0.0023    -0.1846 0.0000e+00
        235     -0.499    -0.3803   0.000011    -0.0023    -0.1846 0.0000e+00
        236     -0.503    -0.3805   0.000012    -0.0022    -0.1846 0.0000e+00
        237     -0.506    -0.3806   0.000012    -0.0022    -0.1846 0.0000e+00
        238     -0.503    -0.3808   0.000012    -0.0022    -0.1846 0.0000e+00
        239     -0.496    -0.3810   0.000011    -0.0023    -0.1846 0.0000e+00
        240     -0.491    -0.3810  -0.001876     0.0000    -0.1846 0.0000e+00
        241     -0.490    -0.3811  -0.020746     0.0000    -0.1846 0.0000e+00
        242     -0.491    -0.3811  -0.035842     0.0000    -0.1846 0.0000e+00
        243     -0.495    -0.3813  -0.016974     0.0000    -0.1846 0.0000e+00
        244     -0.500    -0.3816   0.000009    -0.0023    -0.1847 0.0000e+00
        245     -0.501    -0.3819   0.000009    -0.0023    -0.1847 0.0000e+00
        246     -0.500    -0.3821   0.000009    -0.0023    -0.1847 0.0000e+00
        247     -0.501    -0.3823   0.000010    -0.0023    -0.1847 0.0000e+00
        248     -0.501    -0.3825   0.000011    -0.0023    -0.1847 0.0000e+00
        249     -0.500    -0.3826  -0.001877     0.0000    -0.1847 0.0000e+00
        250     -0.500    -0.3828  -0.020748     0.0000    -0.1848 0.0000e+00
        251     -0.500    -0.3830  -0.035843     0.0000    -0.1848 0.0000e+00
        252     -0.500    -0.3831  -0.016974     0.0000    -0.1848 0.0000e+00
        253     -0.500    -0.3831   0.000010    -0.0023    -0.1848 0.0000e+00
        254     -0.499    -0.3833   0.000010    -0.0023    -0.1848 0.0000e+00
        255     -0.497    -0.3835   0.000010    -0.0023    -0.1848 0.0000e+00
        256     -0.495    -0.3836   0.000010    -0.0023    -0.1848 0.0000e+00
        257     -0.494    -0.3837   0.000011    -0.0023    -0.1848 0.0000e+00
        258     -0.494    -0.3839  -0.001876     0.0000    -0.1848 0.0000e+00
        259     -0.495    -0.3841  -0.020746     0.0000    -0.1849 0.0000e+00
        260     -0.498    -0.3841  -0.035841     0.0000    -0.1849 0.0000e+00
        261     -0.501    -0.3843  -0.016970     0.0000    -0.1849 0.0000e+00
        262     -0.502    -0.3845   0.000013    -0.0022    -0.1849 0.0000e+00
        263     -0.501    -0.3846   0.000012    -0.0023    -0.1849 0.0000e+00
        264     -0.501    -0.3848   0.000011    -0.0023    -0.1849 0.0000e+00
        265     -0.501    -0.3850   0.000012    -0.0023    -0.1849 0.0000e+00
        266     -0.498    -0.3851   0.000012    -0.0023    -0.1849 0.0000e+00
        267     -0.498    -0.3852   0.000012    -0.0023    -0.1849 0.0000e+00
        268     -0.499    -0.3854   0.000011    -0.0023    -0.1850 0.0000e+00
        269     -0.499    -0.3856   0.000010    -0.0023    -0.1850 0.0000e+00
        270     -0.502    -0.3858   0.000009    -0.0023    -0.1850 0.0000e+00
        271     -0.507    -0.3860   0.000010    -0.0023    -0.1850 0.0000e+00
        272     -0.510    -0.3861   0.000013    -0.0022    -0.1850 0.0000e+00
        273     -0.512    -0.3862   0.000013    -0.0022    -0.1850 0.0000e+00
        274     -0.511    -0.3864   0.000012    -0.0023    -0.1850 0.0000e+00
        275     -0.507    -0.3866   0.000011    -0.0023    -0.1850 0.0000e+00
        276     -0.504    -0.3869   0.000010    -0.0023    -0.1851 0.0000e+00
        277     -0.504    -0.3871   0.000010    -0.0023    -0.1851 0.0000e+00
        278     -0.502    -0.3873   0.000011    -0.0023    -0.1851 0.0000e+00
        279     -0.501    -0.3875   0.000010    -0.0023    -0.1851 0.0000e+00
        280     -0.501    -0.3876   0.000008    -0.0023    -0.1851 0.0000e+00
        281     -0.504    -0.3877   0.000009    -0.0023    -0.1851 0.0000e+00
        282     -0.506    -0.3879   0.000011    -0.0023    -0.1851 0.0000e+00
        283     -0.505    -0.3881   0.000012    -0.0023    -0.1852 0.0000e+00
        284     -0.506    -0.3882   0.000012    -0.0023    -0.1852 0.0000e+00
        285     -0.508    -0.3882   0.000012    -0.0023    -0.1852 0.0000e+00
        286     -0.507    -0.3883   0.000011    -0.0023    -0.1852 0.0000e+00
        287     -0.505    -0.3885   0.000012    -0.0023    -0.1852 0.0000e+00
        288     -0.503    -0.3887   0.000012    -0.0023    -0.1852 0.0000e+00
        289     -0.502    -0.3887   0.000013    -0.0022    -0.1852 0.0000e+00
        290     -0.503    -0.3889   0.000013    -0.0022    -0.1852 0.0000e+00
        291     -0.505    -0.3890   0.000013    -0.0022    -0.1852 0.0000e+00
        292     -0.508    -0.3891   0.000013    -0.0023    -0.1852 0.0000e+00
        293     -0.511    -0.3892   0.000015    -0.0022    -0.1852 0.0000e+00
        294     -0.511    -0.3892   0.000014    -0.0022    -0.1852 0.0000e+00
        295     -0.508    -0.3894   0.000013    -0.0023    -0.1853 0.0000e+00
        296     -0.506    -0.3896   0.000012    -0.0023    -0.1853 0.0000e+00
        297     -0.506    -0.3897   0.000011    -0.0023    -0.1853 0.0000e+00
        298     -0.508    -0.3897   0.000011    -0.0023    -0.1853 0.0000e+00
        299     -0.509    -0.3899   0.000011    -0.0023    -0.1853 0.0000e+00
        300     -0.508    -0.3901   0.000010    -0.0023    -0.1853 0.0000e+00
        301     -0.508    -0.3902   0.000009    -0.0023    -0.1853 0.0000e+00
        302     -0.509    -0.3902   0.000011    -0.0023    -0.1853 0.0000e+00
        303     -0.507    -0.3903   0.000013    -0.0023    -0.1853 0.0000e+00
        304     -0.503    -0.3905   0.000012    -0.0023    -0.1853 0.0000e+00
        305     -0.499    -0.3907   0.000010    -0.0023    -0.1854 0.0000e+00
        306     -0.497    -0.3907   0.000012    -0.0023    -0.1854 0.0000e+00
        307     -0.498    -0.3907   0.000013    -0.0023    -0.1854 0.0000e+00
        308     -0.501    -0.3909   0.000013    -0.0023    -0.1854 0.0000e+00
        309     -0.502    -0.3911   0.000014    -0.0022    -0.1854 0.0000e+00
        310     -0.501    -0.3912   0.000014    -0.0022    -0.1854 0.0000e+00
        311     -0.502    -0.3913   0.000014    -0.0022    -0.1854 0.0000e+00
        312     -0.504    -0.3915   0.000013    -0.0023    -0.1854 0.0000e+00
        313     -0.504    -0.3917   0.000011    -0.0023    -0.1854 0.0000e+00
        314     -0.502    -0.3917   0.000011    -0.0023    -0.1854 0.0000e+00
        315     -0.501    -0.3918   0.000011    -0.0023    -0.1854 0.0000e+00
        316     -0.501    -0.3920   0.000010    -0.0023    -0.1854 0.0000e+00
        317     -0.501    -0.3922   0.000010    -0.0023    -0.1855 0.0000e+00
        318     -0.500    -0.3922   0.000012    -0.0023    -0.1855 0.0000e+00
        319     -0.500    -0.3922   0.000013    -0.0023    -0.1855 0.0000e+00
        320     -0.501    -0.3924   0.000012    -0.0023    -0.1855 0.0000e+00
        321     -0.504    -0.3926   0.000010    -0.0023    -0.1855 0.0000e+00
        322     -0.506    -0.3927   0.000011    -0.0023    -0.1855 0.0000e+00
        323     -0.505    -0.3928   0.000011    -0.0023    -0.1855 0.0000e+00
        324     -0.506    -0.3930   0.000011    -0.0023    -0.1855 0.0000e+00
        325     -0.509    -0.3932   0.000012    -0.0023    -0.1855 0.0000e+00
        326     -0.510    -0.3932   0.000014    -0.0022    -0.1855 0.0000e+00
        327     -0.509    -0.3932   0.000014    -0.0022    -0.1855 0.0000e+00
        328     -0.508    -0.3933   0.000016    -0.0022    -0.1855 0.0000e+00
        329     -0.507    -0.3935   0.000015    -0.0022    -0.1856 0.0000e+00
        330     -0.509    -0.3937   0.000013    -0.0023    -0.1856 0.0000e+00
        331     -0.511    -0.3938   0.000014    -0.0022    -0.1856 0.0000e+00
        332     -0.511    -0.3940   0.000013    -0.0023    -0.1856 0.0000e+00
        333     -0.507    -0.3942   0.000011    -0.0023    -0.1856 0.0000e+00
        334     -0.503    -0.3942   0.000012    -0.0023    -0.1856 0.0000e+00
        335     -0.501    -0.3942   0.000013    -0.0023    -0.1856 0.0000e+00
        336     -0.502    -0.3944   0.000012    -0.0023    -0.1856 0.0000e+00
        337     -0.504    -0.3946   0.000011    -0.0023    -0.1856 0.0000e+00
        338     -0.504    -0.3947   0.000013    -0.0023    -0.1857 0.0000e+00
        339     -0.504    -0.3947   0.000014    -0.0023    -0.1857 0.0000e+00
        340     -0.502    -0.3949   0.000012    -0.0023    -0.1857 0.0000e+00
        341     -0.501    -0.3951   0.000010    -0.0023    -0.1857 0.0000e+00
        342     -0.502    -0.3952   0.000011    -0.0023    -0.1857 0.0000e+00
        343     -0.504    -0.3952   0.000013    -0.0023    -0.1857 0.0000e+00
        344     -0.506    -0.3952   0.000013    -0.0023    -0.1857 0.0000e+00
        345     -0.508    -0.3953   0.000013    -0.0023    -0.1857 0.0000e+00
        346     -0.509    -0.3955   0.000014    -0.0023    -0.1857 0.0000e+00
        347     -0.508    -0.3957   0.000016    -0.0022    -0.1857 0.0000e+00
        348     -0.506    -0.3957   0.000016    -0.0022    -0.1857 0.0000e+00
        349     -0.505    -0.3957   0.000014    -0.0023    -0.1857 0.0000e+00
        350     -0.505    -0.3957   0.000015    -0.0022    -0.1857 0.0000e+00
        351     -0.505    -0.3959   0.000014    -0.0023    -0.1857 0.0000e+00
        352     -0.505    -0.3961   0.000015    -0.0022    -0.1858 0.0000e+00
        353     -0.505    -0.3961   0.000016    -0.0022    -0.1858 0.0000e+00
        354     -0.505    -0.3962   0.000014    -0.0023    -0.1858 0.0000e+00
        355     -0.505    -0.3962   0.000014    -0.0023    -0.1858 0.0000e+00
        356     -0.505    -0.3962   0.000015    -0.0022    -0.1858 0.0000e+00
        357     -0.504    -0.3962   0.000016    -0.0022    -0.1858 0.0000e+00
        358     -0.502    -0.3963   0.000017    -0.0022    -0.1858 0.0000e+00
        359     -0.500    -0.3964   0.000016    -0.0022    -0.1858 0.0000e+00
        360     -0.499    -0.3966   0.000015    -0.0022    -0.1858 0.0000e+00
        361     -0.497    -0.3967   0.000014    -0.0023    -0.1858 0.0000e+00
        362     -0.496    -0.3967   0.000015    -0.0022    -0.1858 0.0000e+00
        363     -0.498    -0.3967   0.000015    -0.0022    -0.1858 0.0000e+00
        364     -0.502    -0.3967   0.000015    -0.0022    -0.1858 0.0000e+00
        365     -0.505    -0.3967   0.000015    -0.0022    -0.1858 0.0000e+00
        366     -0.507    -0.3967   0.000016    -0.0022    -0.1858 0.0000e+00
        367     -0.508    -0.3967   0.000016    -0.0022    -0.1858 0.0000e+00
        368     -0.507    -0.3967   0.000016    -0.0022    -0.1858 0.0000e+00
        369     -0.505    -0.3967   0.000016    -0.0022    -0.1858 0.0000e+00
        370     -0.502    -0.3967   0.000016    -0.0022    -0.1858 0.0000e+00
        371     -0.499    -0.3966   0.000018    -0.0022    -0.1858 0.0000e+00
        372     -0.499    -0.3966   0.000019    -0.0022    -0.1858 0.0000e+00
        373     -0.502    -0.3966   0.000019    -0.0022    -0.1858 0.0000e+00
        374     -0.504    -0.3966   0.000019    -0.0022    -0.1858 0.0000e+00
        375     -0.505    -0.3965   0.000018    -0.0022    -0.1858 0.0000e+00
        376     -0.506    -0.3964   0.000017    -0.0022    -0.1858 0.0000e+00
        377     -0.508    -0.3964   0.000017    -0.0022    -0.1858 0.0000e+00
        378     -0.511    -0.3964   0.000017    -0.0022    -0.1858 0.0000e+00
        379     -0.511    -0.3964   0.000016    -0.0022    -0.1858 0.0000e+00
        380     -0.507    -0.3964   0.000016    -0.0022    -0.1858 0.0000e+00
        381     -0.503    -0.3963   0.000017    -0.0022    -0.1858 0.0000e+00
        382     -0.501    -0.3962   0.000018    -0.0022    -0.1858 0.0000e+00
        383     -0.502    -0.3961   0.000018    -0.0022    -0.1858 0.0000e+00
        384     -0.503    -0.3961   0.000018    -0.0022    -0.1858 0.0000e+00
        385     -0.505    -0.3961   0.000018    -0.0022    -0.1858 0.0000e+00
        386     -0.510    -0.3959   0.000017    -0.0022    -0.1857 0.0000e+00
        387     -0.515    -0.3957   0.000018    -0.0022    -0.1857 0.0000e+00
        388     -0.517    -0.3957   0.000018    -0.0022    -0.1857 0.0000e+00
        389     -0.517    -0.3957   0.000018    -0.0022    -0.1857 0.0000e+00
        390     -0.514    -0.3957   0.000018    -0.0022    -0.1857 0.0000e+00
        391     -0.511    -0.3955   0.000019    -0.0022    -0.1857 0.0000e+00
        392     -0.509    -0.3953   0.000019    -0.0022    -0.1857 0.0000e+00
        393     -0.508    -0.3952   0.000021    -0.0022    -0.1857 0.0000e+00
        394     -0.507    -0.3951   0.000020    -0.0022    -0.1857 0.0000e+00
        395     -0.503    -0.3951   0.000019    -0.0022    -0.1857 0.0000e+00
        396     -0.499    -0.3951   0.000018    -0.0022    -0.1857 0.0000e+00
        397     -0.502    -0.3952   0.000018    -0.0022    -0.1857 0.0000e+00
        398     -0.507    -0.3952   0.000019    -0.0022    -0.1857 0.0000e+00
        399     -0.511    -0.3952   0.000020    -0.0022    -0.1857 0.0000e+00
        400     -0.511    -0.3950   0.000020    -0.0022    -0.1857 0.0000e+00
        401     -0.508    -0.3948   0.000019    -0.0022    -0.1857 0.0000e+00
        402     -0.505    -0.3947   0.000019    -0.0022    -0.1857 0.0000e+00
        403     -0.503    -0.3947   0.000019    -0.0022    -0.1857 0.0000e+00
        404     -0.502    -0.3947   0.000021    -0.0022    -0.1857 0.0000e+00
        405     -0.503    -0.3947   0.000019    -0.0022    -0.1857 0.0000e+00
        406     -0.505    -0.3947   0.000018    -0.0022    -0.1857 0.0000e+00
        407     -0.506    -0.3947   0.000018    -0.0022    -0.1857 0.0000e+00
        408     -0.508    -0.3947   0.000018    -0.0022    -0.1857 0.0000e+00
        409     -0.509    -0.3947   0.000019    -0.0022    -0.1857 0.0000e+00
        410     -0.508    -0.3944   0.000021    -0.0022    -0.1856 0.0000e+00
