interactive_cnv_plotter/tel216_2020_037.cnv
* Sea-Bird SBE19plus Data File:
* Filename = C:/AQUIRE/tel216_2020_037.hex
* Software Version AquireV2 AF V2.0
* Temperature SN =  8014
* Conductivity SN =  8014
* System UpLoad Time = Dec 11 2020 09:22:00
* <ApplicationData>
* <AQUIREV2>
** VESSEL/TRIP/SEQ STN: tel216_2020_037
** LATITUDE: 55 10.70 N
** LONGITUDE: 54 34.57 W
** DATE/TIME: 2020-12-11 07:50
** SOUNDING DEPTH (M): 1008
** PROBE TYPE: S8014
** CTD NUMBER:  37
** COMMENTS: SET 37
# nquan = 7                                 
# nvalues = 5095                        
# units = specified
# name 0 = scan: Scan Count
# name 1 = prdM: Pressure, Strain Gauge [db]
# name 2 = tv290C: Temperature [ITS-90, deg C]
# name 3 = c0S/m: Conductivity [S/m]
# name 4 = sal00: Salinity, Practical [PSU]
# name 5 = sigma-t00: Density [sigma-t, kg/m^3 ]
# name 6 = flag: flag
# span 0 =          1,       5095       
# span 1 =     -0.537,   1044.351       
# span 2 =    -1.1258,     4.1693       
# span 3 =  -0.035843,   3.271498       
# span 4 =    -0.0023,    34.8853       
# span 5 =    -0.1944,    27.7405       
# span 6 = 0.0000e+00, 0.0000e+00       
# interval = seconds: 1
# start_time = Dec 11 2020 07:50:08 [Instrument's time stamp, header]
# bad_flag = -9.990e-29
*END*
[from data line 2257]
       2258    885.730     3.8792   3.271403    34.8466    27.6767 0.0000e+00
       2259    886.290     3.8795   3.271456    34.8466    27.6767 0.0000e+00
       2260    886.861     3.8796   3.271485    34.8465    27.6766 0.0000e+00
       2261    887.440     3.8794   3.271498    34.8466    27.6767 0.0000e+00
       2262    888.014     3.8789   3.271479    34.8466    27.6768 0.0000e+00
       2263    888.573     3.8780   3.271425    34.8466    27.6769 0.0000e+00
       2264    889.132     3.8762   3.271306    34.8468    27.6772 0.0000e+00
       2265    889.713     3.8737   3.271118    34.8469    27.6776 0.0000e+00
       2266    890.315     3.8712   3.270948    34.8473    27.6781 0.0000e+00
       2267    890.908     3.8695   3.270859    34.8477    27.6786 0.0000e+00
       2268    891.468     3.8686   3.270831    34.8480    27.6790 0.0000e+00
       2269    891.996     3.8683   3.270833    34.8481    27.6790 0.0000e+00
       2270    892.522     3.8681   3.270842    34.8481    27.6791 0.0000e+00
       2271    893.073     3.8677   3.270827    34.8481    27.6791 0.0000e+00
       2272    893.649     3.8670   3.270792    34.8481    27.6792 0.0000e+00
       2273    894.227     3.8662   3.270751    34.8482    27.6793 0.0000e+00
       2274    894.785     3.8654   3.270715    34.8483    27.6795 0.0000e+00
       2275    895.322     3.8646   3.270687    34.8486    27.6798 0.0000e+00
       2276    895.858     3.8640   3.270668    34.8487    27.6800 0.0000e+00
       2277    896.415     3.8636   3.270659    34.8487    27.6800 0.0000e+00
       2278    896.994     3.8632   3.270653    34.8488    27.6801 0.0000e+00
       2279    897.573     3.8628   3.270651    34.8489    27.6802 0.0000e+00
       2280    898.121     3.8626   3.270670    34.8490    27.6804 0.0000e+00
       2281    898.633     3.8626   3.270702    34.8491    27.6805 0.0000e+00
       2282    899.140     3.8628   3.270733    34.8490    27.6804 0.0000e+00
       2283    899.679     3.8629   3.270763    34.8490    27.6803 0.0000e+00
       2284    900.256     3.8631   3.270794    34.8489    27.6802 0.0000e+00
       2285    900.840     3.8631   3.270823    34.8489    27.6802 0.0000e+00
       2286    901.393     3.8630   3.270842    34.8490    27.6803 0.0000e+00
       2287    901.913     3.8626   3.270835    34.8490    27.6804 0.0000e+00
       2288    902.431     3.8623   3.270826    34.8490    27.6804 0.0000e+00
       2289    902.978     3.8621   3.270832    34.8490    27.6804 0.0000e+00
       2290    903.560     3.8621   3.270853    34.8489    27.6803 0.0000e+00
       2291    904.155     3.8618   3.270867    34.8491    27.6805 0.0000e+00
       2292    904.731     3.8611   3.270830    34.8491    27.6806 0.0000e+00
       2293    905.268     3.8602   3.270775    34.8491    27.6807 0.0000e+00
       2294    905.776     3.8597   3.270768    34.8493    27.6809 0.0000e+00
       2295    906.286     3.8597   3.270807    34.8495    27.6811 0.0000e+00
       2296    906.826     3.8600   3.270854    34.8495    27.6810 0.0000e+00
       2297    907.395     3.8604   3.270911    34.8494    27.6809 0.0000e+00
       2298    907.975     3.8612   3.271000    34.8494    27.6808 0.0000e+00
       2299    908.547     3.8620   3.271095    34.8493    27.6807 0.0000e+00
       2300    909.100     3.8624   3.271145    34.8492    27.6805 0.0000e+00
       2301    909.630     3.8620   3.271137    34.8493    27.6806 0.0000e+00
       2302    910.145     3.8608   3.271049    34.8492    27.6807 0.0000e+00
       2303    910.654     3.8591   3.270915    34.8492    27.6809 0.0000e+00
       2304    911.170     3.8575   3.270832    34.8496    27.6814 0.0000e+00
       2305    911.713     3.8567   3.270812    34.8500    27.6817 0.0000e+00
       2306    912.291     3.8565   3.270828    34.8501    27.6818 0.0000e+00
       2307    912.889     3.8568   3.270874    34.8500    27.6817 0.0000e+00
       2308    913.481     3.8579   3.270971    34.8497    27.6814 0.0000e+00
       2309    914.040     3.8597   3.271149    34.8496    27.6811 0.0000e+00
       2310    914.559     3.8615   3.271330    34.8496    27.6809 0.0000e+00
       2311    915.062     3.8623   3.271401    34.8493    27.6806 0.0000e+00
       2312    915.585     3.8624   3.271411    34.8490    27.6804 0.0000e+00
       2313    916.143     3.8621   3.271406    34.8490    27.6804 0.0000e+00
       2314    916.720     3.8607   3.271328    34.8493    27.6808 0.0000e+00
       2315    917.279     3.8588   3.271202    34.8495    27.6811 0.0000e+00
       2316    917.797     3.8569   3.271082    34.8498    27.6816 0.0000e+00
       2317    918.289     3.8556   3.271004    34.8500    27.6819 0.0000e+00
       2318    918.793     3.8551   3.270993    34.8502    27.6820 0.0000e+00
       2319    919.331     3.8551   3.271018    34.8502    27.6820 0.0000e+00
       2320    919.887     3.8551   3.271042    34.8502    27.6820 0.0000e+00
       2321    920.431     3.8548   3.271053    34.8503    27.6822 0.0000e+00
       2322    920.956     3.8545   3.271055    34.8504    27.6823 0.0000e+00
       2323    921.476     3.8544   3.271060    34.8503    27.6822 0.0000e+00
       2324    922.010     3.8544   3.271090    34.8504    27.6823 0.0000e+00
       2325    922.554     3.8548   3.271159    34.8505    27.6823 0.0000e+00
       2326    923.085     3.8554   3.271225    34.8504    27.6822 0.0000e+00
       2327    923.592     3.8555   3.271250    34.8503    27.6821 0.0000e+00
       2328    924.088     3.8552   3.271247    34.8503    27.6822 0.0000e+00
       2329    924.594     3.8548   3.271239    34.8504    27.6823 0.0000e+00
       2330    925.116     3.8544   3.271228    34.8504    27.6823 0.0000e+00
       2331    925.641     3.8539   3.271216    34.8505    27.6825 0.0000e+00
       2332    926.156     3.8537   3.271219    34.8505    27.6825 0.0000e+00
       2333    926.661     3.8537   3.271250    34.8506    27.6826 0.0000e+00
       2334    927.170     3.8539   3.271300    34.8508    27.6826 0.0000e+00
       2335    927.698     3.8541   3.271330    34.8506    27.6825 0.0000e+00
       2336    928.244     3.8539   3.271333    34.8506    27.6825 0.0000e+00
       2337    928.787     3.8535   3.271331    34.8507    27.6826 0.0000e+00
       2338    929.315     3.8533   3.271343    34.8508    27.6827 0.0000e+00
       2339    929.835     3.8531   3.271347    34.8508    27.6827 0.0000e+00
       2340    930.353     3.8527   3.271340    34.8509    27.6828 0.0000e+00
       2341    930.860     3.8523   3.271336    34.8510    27.6830 0.0000e+00
       2342    931.349     3.8520   3.271333    34.8510    27.6830 0.0000e+00
       2343    931.832     3.8514   3.271308    34.8511    27.6832 0.0000e+00
       2344    932.332     3.8507   3.271262    34.8510    27.6832 0.0000e+00
       2345    932.859     3.8503   3.271252    34.8511    27.6833 0.0000e+00
       2346    933.394     3.8503   3.271287    34.8512    27.6834 0.0000e+00
       2347    933.916     3.8503   3.271318    34.8513    27.6834 0.0000e+00
       2348    934.419     3.8503   3.271336    34.8513    27.6834 0.0000e+00
       2349    934.919     3.8502   3.271344    34.8512    27.6834 0.0000e+00
       2350    935.440     3.8496   3.271323    34.8513    27.6835 0.0000e+00
       2351    935.991     3.8485   3.271247    34.8513    27.6836 0.0000e+00
       2352    936.558     3.8469   3.271144    34.8515    27.6839 0.0000e+00
       2353    937.117     3.8453   3.271056    34.8518    27.6844 0.0000e+00
       2354    937.645     3.8438   3.270967    34.8521    27.6847 0.0000e+00
       2355    938.122     3.8426   3.270914    34.8525    27.6852 0.0000e+00
       2356    938.555     3.8422   3.270908    34.8526    27.6853 0.0000e+00
       2357    938.982     3.8419   3.270893    34.8525    27.6853 0.0000e+00
       2358    939.447     3.8416   3.270890    34.8526    27.6854 0.0000e+00
       2359    939.967     3.8415   3.270908    34.8526    27.6854 0.0000e+00
       2360    940.531     3.8409   3.270881    34.8527    27.6855 0.0000e+00
       2361    941.120     3.8395   3.270790    34.8528    27.6857 0.0000e+00
       2362    941.714     3.8382   3.270712    34.8529    27.6860 0.0000e+00
       2363    942.289     3.8371   3.270664    34.8532    27.6863 0.0000e+00
       2364    942.821     3.8357   3.270583    34.8535    27.6866 0.0000e+00
       2365    943.304     3.8341   3.270475    34.8536    27.6869 0.0000e+00
       2366    943.761     3.8328   3.270404    34.8539    27.6873 0.0000e+00
       2367    944.231     3.8320   3.270377    34.8542    27.6876 0.0000e+00
       2368    944.734     3.8319   3.270391    34.8542    27.6876 0.0000e+00
       2369    945.268     3.8320   3.270434    34.8543    27.6877 0.0000e+00
       2370    945.821     3.8314   3.270407    34.8544    27.6878 0.0000e+00
       2371    946.380     3.8296   3.270277    34.8544    27.6881 0.0000e+00
       2372    946.943     3.8270   3.270100    34.8548    27.6886 0.0000e+00
       2373    947.510     3.8228   3.269795    34.8553    27.6895 0.0000e+00
       2374    948.070     3.8160   3.269264    34.8559    27.6906 0.0000e+00
       2375    948.612     3.8082   3.268703    34.8573    27.6925 0.0000e+00
       2376    949.127     3.8030   3.268367    34.8585    27.6940 0.0000e+00
       2377    949.611     3.8010   3.268274    34.8593    27.6948 0.0000e+00
       2378    950.080     3.8007   3.268286    34.8595    27.6950 0.0000e+00
       2379    950.574     3.7998   3.268230    34.8595    27.6952 0.0000e+00
       2380    951.133     3.7978   3.268074    34.8595    27.6953 0.0000e+00
       2381    951.760     3.7961   3.267968    34.8597    27.6957 0.0000e+00
       2382    952.403     3.7961   3.268050    34.8604    27.6962 0.0000e+00
       2383    952.986     3.7990   3.268334    34.8604    27.6959 0.0000e+00
       2384    953.472     3.8028   3.268639    34.8597    27.6950 0.0000e+00
       2385    953.901     3.8044   3.268792    34.8596    27.6948 0.0000e+00
       2386    954.356     3.8015   3.268539    34.8594    27.6949 0.0000e+00
       2387    954.887     3.7945   3.267904    34.8590    27.6953 0.0000e+00
       2388    955.482     3.7872   3.267398    34.8604    27.6972 0.0000e+00
       2389    956.089     3.7830   3.267183    34.8620    27.6989 0.0000e+00
       2390    956.663     3.7817   3.267142    34.8626    27.6995 0.0000e+00
       2391    957.210     3.7817   3.267178    34.8628    27.6996 0.0000e+00
       2392    957.764     3.7814   3.267173    34.8627    27.6996 0.0000e+00
       2393    958.353     3.7805   3.267126    34.8628    27.6998 0.0000e+00
       2394    958.966     3.7796   3.267096    34.8631    27.7001 0.0000e+00
       2395    959.565     3.7794   3.267113    34.8632    27.7002 0.0000e+00
       2396    960.127     3.7797   3.267171    34.8633    27.7002 0.0000e+00
       2397    960.668     3.7804   3.267246    34.8632    27.7000 0.0000e+00
       2398    961.220     3.7808   3.267292    34.8630    27.6999 0.0000e+00
       2399    961.799     3.7813   3.267343    34.8628    27.6997 0.0000e+00
       2400    962.387     3.7819   3.267436    34.8630    27.6997 0.0000e+00
       2401    962.960     3.7821   3.267482    34.8630    27.6997 0.0000e+00
       2402    963.516     3.7818   3.267452    34.8627    27.6995 0.0000e+00
       2403    964.071     3.7817   3.267464    34.8626    27.6995 0.0000e+00
       2404    964.642     3.7818   3.267528    34.8630    27.6998 0.0000e+00
       2405    965.234     3.7813   3.267510    34.8630    27.6998 0.0000e+00
       2406    965.841     3.7801   3.267402    34.8627    27.6997 0.0000e+00
       2407    966.460     3.7789   3.267336    34.8629    27.6999 0.0000e+00
       2408    967.087     3.7784   3.267364    34.8634    27.7004 0.0000e+00
       2409    967.704     3.7788   3.267436    34.8635    27.7005 0.0000e+00
       2410    968.287     3.7797   3.267529    34.8634    27.7003 0.0000e+00
       2411    968.830     3.7807   3.267625    34.8632    27.7000 0.0000e+00
       2412    969.351     3.7813   3.267688    34.8630    27.6998 0.0000e+00
       2413    969.884     3.7815   3.267723    34.8629    27.6997 0.0000e+00
       2414    970.461     3.7814   3.267741    34.8630    27.6998 0.0000e+00
       2415    971.079     3.7809   3.267749    34.8633    27.7001 0.0000e+00
       2416    971.707     3.7789   3.267597    34.8633    27.7003 0.0000e+00
       2417    972.320     3.7737   3.267171    34.8634    27.7009 0.0000e+00
       2418    972.921     3.7651   3.266487    34.8641    27.7023 0.0000e+00
       2419    973.525     3.7524   3.265455    34.8649    27.7043 0.0000e+00
       2420    974.126     3.7394   3.264418    34.8661    27.7065 0.0000e+00
       2421    974.711     3.7317   3.263902    34.8678    27.7087 0.0000e+00
       2422    975.283     3.7291   3.263771    34.8687    27.7097 0.0000e+00
       2423    975.861     3.7286   3.263749    34.8687    27.7097 0.0000e+00
       2424    976.461     3.7292   3.263858    34.8690    27.7099 0.0000e+00
       2425    977.085     3.7301   3.264000    34.8694    27.7101 0.0000e+00
       2426    977.726     3.7298   3.263992    34.8693    27.7101 0.0000e+00
       2427    978.366     3.7291   3.263934    34.8690    27.7099 0.0000e+00
       2428    978.990     3.7295   3.264000    34.8691    27.7099 0.0000e+00
       2429    979.597     3.7317   3.264240    34.8693    27.7099 0.0000e+00
       2430    980.198     3.7335   3.264427    34.8693    27.7097 0.0000e+00
       2431    980.805     3.7313   3.264228    34.8690    27.7096 0.0000e+00
       2432    981.421     3.7259   3.263782    34.8691    27.7103 0.0000e+00
       2433    982.038     3.7212   3.263448    34.8697    27.7113 0.0000e+00
       2434    982.638     3.7194   3.263390    34.8707    27.7122 0.0000e+00
       2435    983.209     3.7199   3.263512    34.8713    27.7126 0.0000e+00
       2436    983.757     3.7207   3.263611    34.8713    27.7126 0.0000e+00
       2437    984.308     3.7210   3.263635    34.8710    27.7123 0.0000e+00
       2438    984.894     3.7207   3.263621    34.8709    27.7122 0.0000e+00
       2439    985.537     3.7203   3.263601    34.8707    27.7122 0.0000e+00
       2440    986.220     3.7202   3.263619    34.8707    27.7121 0.0000e+00
       2441    986.888     3.7206   3.263696    34.8708    27.7122 0.0000e+00
       2442    987.490     3.7212   3.263795    34.8711    27.7123 0.0000e+00
       2443    988.031     3.7218   3.263852    34.8708    27.7121 0.0000e+00
       2444    988.569     3.7221   3.263861    34.8703    27.7117 0.0000e+00
       2445    989.156     3.7222   3.263881    34.8702    27.7115 0.0000e+00
       2446    989.793     3.7228   3.263978    34.8704    27.7116 0.0000e+00
       2447    990.439     3.7236   3.264121    34.8709    27.7120 0.0000e+00
       2448    991.043     3.7241   3.264217    34.8712    27.7122 0.0000e+00
       2449    991.583     3.7243   3.264254    34.8711    27.7121 0.0000e+00
       2450    992.078     3.7245   3.264295    34.8712    27.7121 0.0000e+00
       2451    992.577     3.7247   3.264334    34.8712    27.7121 0.0000e+00
       2452    993.123     3.7250   3.264374    34.8710    27.7119 0.0000e+00
       2453    993.711     3.7253   3.264426    34.8710    27.7119 0.0000e+00
       2454    994.296     3.7253   3.264457    34.8711    27.7120 0.0000e+00
       2455    994.832     3.7253   3.264463    34.8709    27.7118 0.0000e+00
       2456    995.312     3.7254   3.264488    34.8708    27.7117 0.0000e+00
       2457    995.779     3.7249   3.264464    34.8708    27.7118 0.0000e+00
       2458    996.284     3.7238   3.264379    34.8707    27.7118 0.0000e+00
       2459    996.838     3.7231   3.264361    34.8710    27.7121 0.0000e+00
       2460    997.399     3.7239   3.264486    34.8713    27.7123 0.0000e+00
       2461    997.909     3.7255   3.264662    34.8715    27.7122 0.0000e+00
