interactive_cnv_plotter/tel216_2020_037.cnv
* Sea-Bird SBE19plus Data File:
* Filename = C:/AQUIRE/tel216_2020_037.hex
* Software Version AquireV2 AF V2.0
* Temperature SN =  8014
* Conductivity SN =  8014
* System UpLoad Time = Dec 11 2020 09:22:00
* <ApplicationData>
* <AQUIREV2>
** VESSEL/TRIP/SEQ STN: tel216_2020_037
** LATITUDE: 55 10.70 N
** LONGITUDE: 54 34.57 W
** DATE/TIME: 2020-12-11 07:50
** SOUNDING DEPTH (M): 1008
** PROBE TYPE: S8014
** CTD NUMBER:  37
** COMMENTS: SET 37
# nquan = 7                                 
# nvalues = 5095                        
# units = specified
# name 0 = scan: Scan Count
# name 1 = prdM: Pressure, Strain Gauge [db]
# name 2 = tv290C: Temperature [ITS-90, deg C]
# name 3 = c0S/m: Conductivity [S/m]
# name 4 = sal00: Salinity, Practical [PSU]
# name 5 = sigma-t00: Density [sigma-t, kg/m^3 ]
# name 6 = flag: flag
# span 0 =          1,       5095       
# span 1 =     -0.537,   1044.351       
# span 2 =    -1.1258,     4.1693       
# span 3 =  -0.035843,   3.271498       
# span 4 =    -0.0023,    34.8853       
# span 5 =    -0.1944,    27.7405       
# span 6 = 0.0000e+00, 0.0000e+00       
# interval = seconds: 1
# start_time = Dec 11 2020 07:50:08 [Instrument's time stamp, header]
# bad_flag = -9.990e-29
*END*
[from data line 1847]
       1848    604.338     3.9245   3.261965    34.8332    27.6614 0.0000e+00
       1849    605.054     3.9244   3.261993    34.8333    27.6614 0.0000e+00
       1850    605.770     3.9244   3.262028    34.8333    27.6615 0.0000e+00
       1851    606.482     3.9245   3.262064    34.8332    27.6614 0.0000e+00
       1852    607.198     3.9245   3.262102    34.8333    27.6615 0.0000e+00
       1853    607.924     3.9246   3.262138    34.8333    27.6614 0.0000e+00
       1854    608.655     3.9247   3.262180    34.8333    27.6614 0.0000e+00
       1855    609.389     3.9249   3.262232    34.8333    27.6614 0.0000e+00
       1856    610.128     3.9250   3.262276    34.8333    27.6614 0.0000e+00
       1857    610.872     3.9249   3.262306    34.8334    27.6615 0.0000e+00
       1858    611.608     3.9249   3.262331    34.8333    27.6614 0.0000e+00
       1859    612.323     3.9249   3.262356    34.8332    27.6613 0.0000e+00
       1860    613.019     3.9248   3.262388    34.8333    27.6614 0.0000e+00
       1861    613.713     3.9249   3.262425    34.8333    27.6614 0.0000e+00
       1862    614.426     3.9249   3.262465    34.8334    27.6615 0.0000e+00
       1863    615.167     3.9250   3.262510    34.8334    27.6615 0.0000e+00
       1864    615.921     3.9251   3.262548    34.8334    27.6615 0.0000e+00
       1865    616.668     3.9250   3.262575    34.8334    27.6615 0.0000e+00
       1866    617.393     3.9250   3.262604    34.8334    27.6615 0.0000e+00
       1867    618.095     3.9251   3.262633    34.8333    27.6614 0.0000e+00
       1868    618.788     3.9250   3.262658    34.8333    27.6614 0.0000e+00
       1869    619.488     3.9249   3.262683    34.8333    27.6614 0.0000e+00
       1870    620.203     3.9249   3.262716    34.8333    27.6614 0.0000e+00
       1871    620.931     3.9249   3.262748    34.8333    27.6614 0.0000e+00
       1872    621.665     3.9249   3.262780    34.8333    27.6614 0.0000e+00
       1873    622.393     3.9248   3.262809    34.8334    27.6615 0.0000e+00
       1874    623.110     3.9248   3.262842    34.8334    27.6615 0.0000e+00
       1875    623.825     3.9249   3.262878    34.8334    27.6615 0.0000e+00
       1876    624.554     3.9249   3.262909    34.8333    27.6614 0.0000e+00
       1877    625.305     3.9249   3.262943    34.8334    27.6615 0.0000e+00
       1878    626.064     3.9248   3.262981    34.8335    27.6616 0.0000e+00
       1879    626.803     3.9247   3.263012    34.8336    27.6617 0.0000e+00
       1880    627.506     3.9248   3.263044    34.8335    27.6616 0.0000e+00
       1881    628.181     3.9249   3.263077    34.8334    27.6615 0.0000e+00
       1882    628.848     3.9249   3.263109    34.8335    27.6615 0.0000e+00
       1883    629.527     3.9249   3.263136    34.8334    27.6615 0.0000e+00
       1884    630.236     3.9249   3.263164    34.8334    27.6615 0.0000e+00
       1885    630.979     3.9248   3.263198    34.8335    27.6616 0.0000e+00
       1886    631.746     3.9248   3.263231    34.8335    27.6616 0.0000e+00
       1887    632.515     3.9248   3.263268    34.8335    27.6616 0.0000e+00
       1888    633.268     3.9248   3.263311    34.8336    27.6617 0.0000e+00
       1889    633.999     3.9248   3.263347    34.8337    27.6617 0.0000e+00
       1890    634.708     3.9248   3.263376    34.8337    27.6617 0.0000e+00
       1891    635.403     3.9249   3.263406    34.8335    27.6616 0.0000e+00
       1892    636.091     3.9249   3.263440    34.8336    27.6616 0.0000e+00
       1893    636.783     3.9249   3.263482    34.8337    27.6618 0.0000e+00
       1894    637.495     3.9251   3.263530    34.8337    27.6617 0.0000e+00
       1895    638.235     3.9253   3.263569    34.8336    27.6616 0.0000e+00
       1896    638.992     3.9252   3.263592    34.8336    27.6616 0.0000e+00
       1897    639.743     3.9249   3.263609    34.8337    27.6617 0.0000e+00
       1898    640.472     3.9248   3.263633    34.8337    27.6617 0.0000e+00
       1899    641.180     3.9248   3.263666    34.8337    27.6617 0.0000e+00
       1900    641.876     3.9249   3.263704    34.8337    27.6617 0.0000e+00
       1901    642.579     3.9250   3.263749    34.8337    27.6618 0.0000e+00
       1902    643.307     3.9252   3.263795    34.8337    27.6617 0.0000e+00
       1903    644.062     3.9253   3.263830    34.8336    27.6616 0.0000e+00
       1904    644.825     3.9253   3.263865    34.8336    27.6616 0.0000e+00
       1905    645.576     3.9253   3.263903    34.8337    27.6617 0.0000e+00
       1906    646.306     3.9253   3.263937    34.8337    27.6617 0.0000e+00
       1907    647.030     3.9253   3.263967    34.8337    27.6617 0.0000e+00
       1908    647.762     3.9253   3.264001    34.8337    27.6617 0.0000e+00
       1909    648.497     3.9253   3.264041    34.8338    27.6618 0.0000e+00
       1910    649.219     3.9255   3.264082    34.8337    27.6617 0.0000e+00
       1911    649.919     3.9257   3.264122    34.8336    27.6616 0.0000e+00
       1912    650.610     3.9257   3.264155    34.8336    27.6616 0.0000e+00
       1913    651.312     3.9257   3.264184    34.8336    27.6616 0.0000e+00
       1914    652.034     3.9257   3.264217    34.8336    27.6616 0.0000e+00
       1915    652.775     3.9257   3.264255    34.8337    27.6616 0.0000e+00
       1916    653.527     3.9257   3.264294    34.8337    27.6617 0.0000e+00
       1917    654.276     3.9257   3.264331    34.8338    27.6617 0.0000e+00
       1918    655.019     3.9258   3.264365    34.8337    27.6616 0.0000e+00
       1919    655.758     3.9260   3.264406    34.8336    27.6615 0.0000e+00
       1920    656.484     3.9261   3.264446    34.8336    27.6615 0.0000e+00
       1921    657.184     3.9261   3.264483    34.8336    27.6616 0.0000e+00
       1922    657.862     3.9261   3.264521    34.8337    27.6616 0.0000e+00
       1923    658.535     3.9261   3.264546    34.8337    27.6616 0.0000e+00
       1924    659.227     3.9261   3.264563    34.8335    27.6615 0.0000e+00
       1925    659.958     3.9260   3.264586    34.8335    27.6615 0.0000e+00
       1926    660.728     3.9258   3.264612    34.8336    27.6616 0.0000e+00
       1927    661.509     3.9255   3.264633    34.8338    27.6617 0.0000e+00
       1928    662.259     3.9253   3.264661    34.8339    27.6619 0.0000e+00
       1929    662.963     3.9254   3.264700    34.8339    27.6619 0.0000e+00
       1930    663.655     3.9256   3.264735    34.8338    27.6617 0.0000e+00
       1931    664.380     3.9256   3.264774    34.8339    27.6618 0.0000e+00
       1932    665.138     3.9257   3.264821    34.8339    27.6618 0.0000e+00
       1933    665.880     3.9257   3.264857    34.8339    27.6618 0.0000e+00
       1934    666.564     3.9257   3.264880    34.8339    27.6618 0.0000e+00
       1935    667.199     3.9256   3.264897    34.8338    27.6618 0.0000e+00
       1936    667.838     3.9253   3.264909    34.8340    27.6619 0.0000e+00
       1937    668.535     3.9246   3.264897    34.8342    27.6622 0.0000e+00
       1938    669.301     3.9235   3.264843    34.8343    27.6624 0.0000e+00
       1939    670.098     3.9221   3.264766    34.8345    27.6626 0.0000e+00
       1940    670.872     3.9207   3.264711    34.8349    27.6631 0.0000e+00
       1941    671.590     3.9195   3.264677    34.8354    27.6636 0.0000e+00
       1942    672.261     3.9188   3.264651    34.8355    27.6638 0.0000e+00
       1943    672.932     3.9183   3.264650    34.8356    27.6640 0.0000e+00
       1944    673.647     3.9180   3.264665    34.8358    27.6641 0.0000e+00
       1945    674.410     3.9178   3.264679    34.8357    27.6641 0.0000e+00
       1946    675.178     3.9177   3.264705    34.8357    27.6641 0.0000e+00
       1947    675.912     3.9176   3.264737    34.8358    27.6642 0.0000e+00
       1948    676.617     3.9176   3.264764    34.8358    27.6642 0.0000e+00
       1949    677.339     3.9173   3.264780    34.8359    27.6643 0.0000e+00
       1950    678.106     3.9169   3.264769    34.8358    27.6642 0.0000e+00
       1951    678.907     3.9164   3.264768    34.8359    27.6644 0.0000e+00
       1952    679.697     3.9163   3.264812    34.8361    27.6646 0.0000e+00
       1953    680.432     3.9165   3.264858    34.8361    27.6645 0.0000e+00
       1954    681.108     3.9164   3.264878    34.8361    27.6645 0.0000e+00
       1955    681.768     3.9160   3.264879    34.8362    27.6646 0.0000e+00
       1956    682.465     3.9154   3.264866    34.8363    27.6648 0.0000e+00
       1957    683.234     3.9143   3.264817    34.8365    27.6650 0.0000e+00
       1958    684.056     3.9131   3.264752    34.8365    27.6652 0.0000e+00
       1959    684.875     3.9124   3.264743    34.8367    27.6654 0.0000e+00
       1960    685.640     3.9122   3.264772    34.8369    27.6656 0.0000e+00
       1961    686.351     3.9123   3.264805    34.8368    27.6655 0.0000e+00
       1962    687.044     3.9124   3.264851    34.8369    27.6656 0.0000e+00
       1963    687.760     3.9126   3.264901    34.8369    27.6655 0.0000e+00
       1964    688.518     3.9128   3.264958    34.8370    27.6656 0.0000e+00
       1965    689.306     3.9131   3.265019    34.8369    27.6655 0.0000e+00
       1966    690.093     3.9133   3.265068    34.8369    27.6655 0.0000e+00
       1967    690.855     3.9135   3.265118    34.8369    27.6654 0.0000e+00
       1968    691.598     3.9138   3.265168    34.8368    27.6653 0.0000e+00
       1969    692.343     3.9138   3.265204    34.8368    27.6654 0.0000e+00
       1970    693.104     3.9137   3.265229    34.8368    27.6654 0.0000e+00
       1971    693.875     3.9134   3.265240    34.8369    27.6654 0.0000e+00
       1972    694.630     3.9132   3.265253    34.8368    27.6654 0.0000e+00
       1973    695.346     3.9128   3.265267    34.8371    27.6657 0.0000e+00
       1974    696.035     3.9114   3.265191    34.8373    27.6660 0.0000e+00
       1975    696.742     3.9096   3.265043    34.8371    27.6660 0.0000e+00
       1976    697.500     3.9085   3.265004    34.8374    27.6663 0.0000e+00
       1977    698.299     3.9083   3.265065    34.8379    27.6668 0.0000e+00
       1978    699.104     3.9084   3.265099    34.8378    27.6667 0.0000e+00
       1979    699.881     3.9084   3.265110    34.8375    27.6664 0.0000e+00
       1980    700.619     3.9085   3.265181    34.8378    27.6667 0.0000e+00
       1981    701.332     3.9092   3.265283    34.8379    27.6667 0.0000e+00
       1982    702.041     3.9101   3.265366    34.8376    27.6664 0.0000e+00
       1983    702.764     3.9100   3.265382    34.8375    27.6663 0.0000e+00
       1984    703.509     3.9089   3.265317    34.8375    27.6664 0.0000e+00
       1985    704.272     3.9082   3.265312    34.8378    27.6667 0.0000e+00
       1986    705.039     3.9082   3.265353    34.8379    27.6668 0.0000e+00
       1987    705.801     3.9090   3.265444    34.8377    27.6666 0.0000e+00
       1988    706.558     3.9107   3.265638    34.8378    27.6665 0.0000e+00
       1989    707.315     3.9122   3.265786    34.8376    27.6661 0.0000e+00
       1990    708.077     3.9129   3.265855    34.8373    27.6658 0.0000e+00
       1991    708.838     3.9132   3.265912    34.8372    27.6658 0.0000e+00
       1992    709.585     3.9135   3.265971    34.8372    27.6657 0.0000e+00
       1993    710.310     3.9138   3.266025    34.8372    27.6656 0.0000e+00
       1994    711.023     3.9135   3.266037    34.8373    27.6657 0.0000e+00
       1995    711.745     3.9115   3.265901    34.8374    27.6661 0.0000e+00
       1996    712.492     3.9080   3.265619    34.8374    27.6664 0.0000e+00
       1997    713.264     3.9051   3.265441    34.8379    27.6671 0.0000e+00
       1998    714.041     3.9042   3.265443    34.8385    27.6677 0.0000e+00
       1999    714.793     3.9040   3.265474    34.8387    27.6678 0.0000e+00
       2000    715.514     3.9042   3.265521    34.8386    27.6678 0.0000e+00
       2001    716.218     3.9051   3.265619    34.8385    27.6676 0.0000e+00
       2002    716.920     3.9063   3.265762    34.8385    27.6675 0.0000e+00
       2003    717.628     3.9068   3.265840    34.8386    27.6675 0.0000e+00
       2004    718.349     3.9062   3.265783    34.8381    27.6672 0.0000e+00
       2005    719.088     3.9051   3.265739    34.8384    27.6675 0.0000e+00
       2006    719.835     3.9047   3.265767    34.8388    27.6679 0.0000e+00
       2007    720.577     3.9049   3.265810    34.8387    27.6678 0.0000e+00
       2008    721.306     3.9055   3.265887    34.8386    27.6676 0.0000e+00
       2009    722.023     3.9059   3.265954    34.8386    27.6676 0.0000e+00
       2010    722.730     3.9056   3.265953    34.8385    27.6676 0.0000e+00
       2011    723.431     3.9051   3.265940    34.8385    27.6676 0.0000e+00
       2012    724.131     3.9049   3.265964    34.8387    27.6677 0.0000e+00
       2013    724.833     3.9050   3.266002    34.8386    27.6677 0.0000e+00
       2014    725.545     3.9049   3.266029    34.8387    27.6678 0.0000e+00
       2015    726.271     3.9048   3.266054    34.8387    27.6678 0.0000e+00
       2016    726.999     3.9045   3.266068    34.8388    27.6679 0.0000e+00
       2017    727.710     3.9042   3.266067    34.8388    27.6679 0.0000e+00
       2018    728.405     3.9040   3.266084    34.8388    27.6680 0.0000e+00
       2019    729.107     3.9044   3.266138    34.8387    27.6678 0.0000e+00
       2020    729.840     3.9057   3.266294    34.8387    27.6677 0.0000e+00
       2021    730.607     3.9074   3.266478    34.8387    27.6675 0.0000e+00
       2022    731.384     3.9072   3.266469    34.8384    27.6673 0.0000e+00
       2023    732.146     3.9057   3.266357    34.8383    27.6674 0.0000e+00
       2024    732.889     3.9048   3.266342    34.8387    27.6678 0.0000e+00
       2025    733.617     3.9047   3.266386    34.8389    27.6680 0.0000e+00
       2026    734.331     3.9046   3.266408    34.8389    27.6680 0.0000e+00
       2027    735.024     3.9043   3.266414    34.8389    27.6680 0.0000e+00
       2028    735.699     3.9041   3.266430    34.8390    27.6681 0.0000e+00
       2029    736.378     3.9040   3.266454    34.8390    27.6681 0.0000e+00
       2030    737.090     3.9042   3.266488    34.8389    27.6680 0.0000e+00
       2031    737.838     3.9042   3.266524    34.8389    27.6680 0.0000e+00
       2032    738.592     3.9043   3.266567    34.8389    27.6680 0.0000e+00
       2033    739.321     3.9053   3.266689    34.8389    27.6679 0.0000e+00
       2034    740.009     3.9071   3.266873    34.8388    27.6677 0.0000e+00
       2035    740.669     3.9082   3.266982    34.8386    27.6674 0.0000e+00
       2036    741.330     3.9084   3.267008    34.8384    27.6672 0.0000e+00
       2037    742.021     3.9078   3.266984    34.8384    27.6672 0.0000e+00
       2038    742.748     3.9069   3.266907    34.8380    27.6670 0.0000e+00
       2039    743.491     3.9068   3.266934    34.8381    27.6671 0.0000e+00
       2040    744.217     3.9081   3.267110    34.8384    27.6672 0.0000e+00
       2041    744.906     3.9094   3.267256    34.8384    27.6671 0.0000e+00
       2042    745.561     3.9100   3.267320    34.8382    27.6668 0.0000e+00
       2043    746.206     3.9103   3.267359    34.8380    27.6667 0.0000e+00
       2044    746.864     3.9106   3.267414    34.8380    27.6666 0.0000e+00
       2045    747.537     3.9108   3.267469    34.8381    27.6667 0.0000e+00
       2046    748.219     3.9100   3.267442    34.8382    27.6669 0.0000e+00
       2047    748.909     3.9081   3.267304    34.8383    27.6671 0.0000e+00
       2048    749.611     3.9062   3.267186    34.8385    27.6675 0.0000e+00
       2049    750.324     3.9055   3.267189    34.8389    27.6679 0.0000e+00
       2050    751.047     3.9058   3.267240    34.8388    27.6678 0.0000e+00
       2051    751.773     3.9059   3.267280    34.8388    27.6678 0.0000e+00
