interactive_cnv_plotter/tel216_2020_037.cnv
* Sea-Bird SBE19plus Data File:
* Filename = C:/AQUIRE/tel216_2020_037.hex
* Software Version AquireV2 AF V2.0
* Temperature SN =  8014
* Conductivity SN =  8014
* System UpLoad Time = Dec 11 2020 09:22:00
* <ApplicationData>
* <AQUIREV2>
** VESSEL/TRIP/SEQ STN: tel216_2020_037
** LATITUDE: 55 10.70 N
** LONGITUDE: 54 34.57 W
** DATE/TIME: 2020-12-11 07:50
** SOUNDING DEPTH (M): 1008
** PROBE TYPE: S8014
** CTD NUMBER:  37
** COMMENTS: SET 37
# nquan = 7                                 
# nvalues = 5095                        
# units = specified
# name 0 = scan: Scan Count
# name 1 = prdM: Pressure, Strain Gauge [db]
# name 2 = tv290C: Temperature [ITS-90, deg C]
# name 3 = c0S/m: Conductivity [S/m]
# name 4 = sal00: Salinity, Practical [PSU]
# name 5 = sigma-t00: Density [sigma-t, kg/m^3 ]
# name 6 = flag: flag
# span 0 =          1,       5095       
# span 1 =     -0.537,   1044.351       
# span 2 =    -1.1258,     4.1693       
# span 3 =  -0.035843,   3.271498       
# span 4 =    -0.0023,    34.8853       
# span 5 =    -0.1944,    27.7405       
# span 6 = 0.0000e+00, 0.0000e+00       
# interval = seconds: 1
# start_time = Dec 11 2020 07:50:08 [Instrument's time stamp, header]
# bad_flag = -9.990e-29
*END*
[from data line 616]
        617     -0.475    -0.4092   0.042571     0.3950     0.1382 0.0000e+00
        618     -0.442    -0.5581   0.530351     5.6620     4.4208 0.0000e+00
        619     -0.385    -0.7897   1.547785    18.0634    14.4474 0.0000e+00
        620     -0.325    -1.0235   2.302113    28.0503    22.5243 0.0000e+00
        621     -0.276    -1.1258   2.482805    30.5764    24.5723 0.0000e+00
        622     -0.227    -0.9938   2.479144    30.3928    24.4203 0.0000e+00
        623     -0.154    -0.7788   2.495143    30.3901    24.4124 0.0000e+00
        624     -0.055    -0.6775   2.519915    30.6184    24.5942 0.0000e+00
        625      0.047    -0.6880   2.526326    30.7146    24.6723 0.0000e+00
        626      0.125    -0.6872   2.519106    30.6174    24.5936 0.0000e+00
        627      0.158    -0.5626   2.524842    30.5676    24.5495 0.0000e+00
        628      0.157    -0.3969   2.550470    30.7400    24.6833 0.0000e+00
        629      0.176    -0.3523   2.535638    30.4988    24.4869 0.0000e+00
        630      0.227    -0.3767   2.524229    30.3725    24.3857 0.0000e+00
        631      0.254    -0.3394   2.567078    30.9013    24.8116 0.0000e+00
        632      0.235    -0.2802   2.602550    31.3099    25.1394 0.0000e+00
        633      0.223    -0.2845   2.638751    31.7937    25.5302 0.0000e+00
        634      0.239    -0.2984   2.675231    32.2924    25.9336 0.0000e+00
        635      0.260    -0.2431   2.687764    32.3999    26.0182 0.0000e+00
        636      0.293    -0.1661   2.692232    32.3772    25.9966 0.0000e+00
        637      0.350    -0.1458   2.692516    32.3593    25.9813 0.0000e+00
        638      0.407    -0.1593   2.692956    32.3795    25.9981 0.0000e+00
        639      0.422    -0.1345   2.699261    32.4365    26.0431 0.0000e+00
        640      0.381    -0.0655   2.712166    32.5336    26.1184 0.0000e+00
        641      0.310    -0.0144   2.721218    32.5987    26.1686 0.0000e+00
        642      0.279    -0.0177   2.718711    32.5691    26.1449 0.0000e+00
        643      0.316    -0.0374   2.716040    32.5549    26.1343 0.0000e+00
        644      0.364    -0.0277   2.719683    32.5926    26.1643 0.0000e+00
        645      0.374    -0.0026   2.722311    32.6005    26.1695 0.0000e+00
        646      0.354    -0.0020   2.720469    32.5755    26.1493 0.0000e+00
        647      0.342    -0.0382   2.716773    32.5654    26.1428 0.0000e+00
        648      0.373    -0.0841   2.715978    32.6039    26.1760 0.0000e+00
        649      0.460    -0.1081   2.719675    32.6784    26.2372 0.0000e+00
        650      0.604    -0.1013   2.723380    32.7201    26.2705 0.0000e+00
        651      0.775    -0.0693   2.724682    32.7029    26.2552 0.0000e+00
        652      0.936    -0.0411   2.726773    32.7002    26.2517 0.0000e+00
        653      1.084    -0.0379   2.728978    32.7258    26.2722 0.0000e+00
        654      1.238    -0.0452   2.729077    32.7348    26.2799 0.0000e+00
        655      1.413    -0.0507   2.728676    32.7353    26.2805 0.0000e+00
        656      1.625    -0.0553   2.728496    32.7378    26.2827 0.0000e+00
        657      1.891    -0.0551   2.730006    32.7573    26.2985 0.0000e+00
        658      2.237    -0.0473   2.733266    32.7918    26.3260 0.0000e+00
        659      2.638    -0.0335   2.734547    32.7937    26.3269 0.0000e+00
        660      3.032    -0.0060   2.735756    32.7799    26.3144 0.0000e+00
        661      3.378     0.0340   2.740123    32.7944    26.3242 0.0000e+00
        662      3.648     0.0627   2.743379    32.8064    26.3325 0.0000e+00
        663      3.816     0.0705   2.743717    32.8024    26.3289 0.0000e+00
        664      3.895     0.0701   2.743532    32.8003    26.3273 0.0000e+00
        665      3.934     0.0713   2.743837    32.8030    26.3294 0.0000e+00
        666      3.987     0.0769   2.745012    32.8124    26.3368 0.0000e+00
        667      4.064     0.0819   2.746363    32.8248    26.3465 0.0000e+00
        668      4.119     0.0787   2.747859    32.8479    26.3653 0.0000e+00
        669      4.092     0.0706   2.749704    32.8810    26.3923 0.0000e+00
        670      3.976     0.0656   2.750489    32.8967    26.4053 0.0000e+00
        671      3.825     0.0648   2.750386    32.8963    26.4050 0.0000e+00
        672      3.688     0.0652   2.750321    32.8951    26.4040 0.0000e+00
        673      3.592     0.0653   2.750240    32.8940    26.4031 0.0000e+00
        674      3.553     0.0654   2.750116    32.8923    26.4017 0.0000e+00
        675      3.572     0.0655   2.749881    32.8891    26.3991 0.0000e+00
        676      3.639     0.0647   2.749479    32.8846    26.3956 0.0000e+00
        677      3.757     0.0621   2.749065    32.8819    26.3935 0.0000e+00
        678      3.950     0.0582   2.748874    32.8834    26.3949 0.0000e+00
        679      4.234     0.0575   2.749038    32.8862    26.3972 0.0000e+00
        680      4.583     0.0636   2.749743    32.8887    26.3989 0.0000e+00
        681      4.938     0.0729   2.750933    32.8942    26.4029 0.0000e+00
        682      5.265     0.0815   2.752424    32.9044    26.4107 0.0000e+00
        683      5.577     0.0900   2.753922    32.9148    26.4187 0.0000e+00
        684      5.882     0.0996   2.755364    32.9233    26.4251 0.0000e+00
        685      6.163     0.1099   2.757143    32.9354    26.4344 0.0000e+00
        686      6.403     0.1156   2.758141    32.9423    26.4396 0.0000e+00
        687      6.590     0.1140   2.757757    32.9389    26.4369 0.0000e+00
        688      6.706     0.1101   2.757328    32.9373    26.4359 0.0000e+00
        689      6.739     0.1069   2.756980    32.9362    26.4351 0.0000e+00
        690      6.697     0.1044   2.756574    32.9335    26.4331 0.0000e+00
        691      6.618     0.1034   2.756465    32.9332    26.4329 0.0000e+00
        692      6.556     0.1039   2.756512    32.9334    26.4330 0.0000e+00
        693      6.560     0.1054   2.756631    32.9333    26.4329 0.0000e+00
        694      6.655     0.1082   2.756948    32.9344    26.4336 0.0000e+00
        695      6.797     0.1134   2.757673    32.9383    26.4365 0.0000e+00
        696      6.912     0.1197   2.758706    32.9450    26.4416 0.0000e+00
        697      6.994     0.1225   2.759144    32.9477    26.4437 0.0000e+00
        698      7.078     0.1198   2.758704    32.9448    26.4414 0.0000e+00
        699      7.157     0.1133   2.757787    32.9397    26.4376 0.0000e+00
        700      7.185     0.1068   2.756760    32.9331    26.4327 0.0000e+00
        701      7.127     0.1065   2.756894    32.9352    26.4344 0.0000e+00
        702      6.984     0.1124   2.758015    32.9437    26.4409 0.0000e+00
        703      6.794     0.1175   2.758666    32.9469    26.4433 0.0000e+00
        704      6.599     0.1213   2.759113    32.9488    26.4446 0.0000e+00
        705      6.425     0.1248   2.759671    32.9525    26.4474 0.0000e+00
        706      6.269     0.1235   2.759393    32.9503    26.4457 0.0000e+00
        707      6.113     0.1138   2.757890    32.9411    26.4387 0.0000e+00
        708      5.946     0.0991   2.755802    32.9295    26.4301 0.0000e+00
        709      5.768     0.0862   2.754128    32.9215    26.4243 0.0000e+00
        710      5.589     0.0771   2.753026    32.9168    26.4210 0.0000e+00
        711      5.432     0.0670   2.751661    32.9098    26.4158 0.0000e+00
        712      5.295     0.0571   2.750102    32.9000    26.4084 0.0000e+00
        713      5.177     0.0619   2.750813    32.9043    26.4116 0.0000e+00
        714      5.072     0.0859   2.754783    32.9308    26.4318 0.0000e+00
        715      4.925     0.1081   2.757890    32.9479    26.4445 0.0000e+00
        716      4.729     0.1098   2.757427    32.9401    26.4382 0.0000e+00
        717      4.566     0.1035   2.756173    32.9305    26.4307 0.0000e+00
        718      4.490     0.1086   2.757333    32.9403    26.4384 0.0000e+00
        719      4.462     0.1161   2.758590    32.9488    26.4449 0.0000e+00
        720      4.433     0.1081   2.756849    32.9345    26.4337 0.0000e+00
        721      4.400     0.0956   2.754788    32.9209    26.4233 0.0000e+00
        722      4.342     0.0999   2.755757    32.9290    26.4297 0.0000e+00
        723      4.235     0.1179   2.758756    32.9492    26.4451 0.0000e+00
        724      4.089     0.1280   2.760139    32.9566    26.4506 0.0000e+00
        725      3.910     0.1194   2.758565    32.9453    26.4418 0.0000e+00
        726      3.724     0.1019   2.756036    32.9309    26.4311 0.0000e+00
        727      3.591     0.0815   2.753299    32.9169    26.4208 0.0000e+00
        728      3.551     0.0584   2.749944    32.8976    26.4063 0.0000e+00
        729      3.567     0.0455   2.748370    32.8907    26.4014 0.0000e+00
        730      3.562     0.0469   2.749148    32.8994    26.4084 0.0000e+00
        731      3.489     0.0500   2.749590    32.9020    26.4103 0.0000e+00
        732      3.357     0.0467   2.749004    32.8979    26.4071 0.0000e+00
        733      3.197     0.0336   2.747187    32.8881    26.3999 0.0000e+00
        734      3.008     0.0183   2.745067    32.8767    26.3914 0.0000e+00
        735      2.801     0.0097   2.744159    32.8741    26.3897 0.0000e+00
        736      2.629     0.0042   2.743557    32.8722    26.3884 0.0000e+00
        737      2.537    -0.0036   2.742548    32.8673    26.3848 0.0000e+00
        738      2.550    -0.0110   2.741557    32.8622    26.3811 0.0000e+00
        739      2.638    -0.0115   2.741539    32.8624    26.3813 0.0000e+00
        740      2.716    -0.0051   2.742621    32.8698    26.3869 0.0000e+00
        741      2.744     0.0077   2.744255    32.8775    26.3926 0.0000e+00
        742      2.720     0.0302   2.747373    32.8945    26.4052 0.0000e+00
        743      2.666     0.0507   2.750292    32.9110    26.4175 0.0000e+00
        744      2.663     0.0568   2.750539    32.9076    26.4145 0.0000e+00
        745      2.755     0.0561   2.749972    32.9009    26.4091 0.0000e+00
        746      2.930     0.0602   2.750624    32.9049    26.4122 0.0000e+00
        747      3.172     0.0743   2.753000    32.9209    26.4244 0.0000e+00
        748      3.395     0.0921   2.755589    32.9358    26.4355 0.0000e+00
        749      3.463     0.1038   2.756793    32.9390    26.4375 0.0000e+00
        750      3.352     0.1076   2.757060    32.9385    26.4369 0.0000e+00
        751      3.229     0.1045   2.756611    32.9360    26.4351 0.0000e+00
        752      3.243     0.0930   2.755185    32.9296    26.4305 0.0000e+00
        753      3.349     0.0755   2.752707    32.9157    26.4201 0.0000e+00
        754      3.430     0.0560   2.749694    32.8969    26.4059 0.0000e+00
        755      3.447     0.0379   2.747127    32.8825    26.3952 0.0000e+00
        756      3.449     0.0349   2.747329    32.8884    26.4001 0.0000e+00
        757      3.481     0.0523   2.750536    32.9120    26.4182 0.0000e+00
        758      3.561     0.0683   2.752446    32.9199    26.4238 0.0000e+00
        759      3.665     0.0692   2.751898    32.9116    26.4171 0.0000e+00
        760      3.721     0.0658   2.751405    32.9087    26.4150 0.0000e+00
        761      3.761     0.0724   2.752280    32.9132    26.4182 0.0000e+00
        762      3.924     0.0924   2.755195    32.9299    26.4308 0.0000e+00
        763      4.254     0.1111   2.757979    32.9463    26.4431 0.0000e+00
        764      4.632     0.1172   2.758652    32.9483    26.4444 0.0000e+00
        765      4.903     0.1201   2.758997    32.9496    26.4453 0.0000e+00
        766      5.056     0.1263   2.759726    32.9524    26.4473 0.0000e+00
        767      5.162     0.1291   2.760066    32.9538    26.4483 0.0000e+00
        768      5.217     0.1233   2.759162    32.9481    26.4440 0.0000e+00
        769      5.173     0.1162   2.758066    32.9414    26.4389 0.0000e+00
        770      5.059     0.1128   2.757685    32.9401    26.4380 0.0000e+00
        771      4.951     0.1102   2.757103    32.9353    26.4342 0.0000e+00
        772      4.887     0.1111   2.757412    32.9384    26.4367 0.0000e+00
        773      4.901     0.1124   2.757719    32.9411    26.4388 0.0000e+00
        774      4.972     0.1117   2.757316    32.9365    26.4351 0.0000e+00
        775      5.047     0.1167   2.758184    32.9425    26.4397 0.0000e+00
        776      5.102     0.1275   2.759817    32.9523    26.4471 0.0000e+00
        777      5.122     0.1376   2.761195    32.9596    26.4525 0.0000e+00
        778      5.121     0.1437   2.762090    32.9648    26.4564 0.0000e+00
        779      5.143     0.1419   2.761650    32.9609    26.4533 0.0000e+00
        780      5.219     0.1335   2.760116    32.9497    26.4447 0.0000e+00
        781      5.347     0.1264   2.759360    32.9473    26.4432 0.0000e+00
        782      5.484     0.1233   2.759302    32.9498    26.4453 0.0000e+00
        783      5.586     0.1238   2.759032    32.9457    26.4420 0.0000e+00
        784      5.661     0.1297   2.759783    32.9492    26.4445 0.0000e+00
        785      5.749     0.1392   2.761490    32.9613    26.4538 0.0000e+00
        786      5.874     0.1457   2.762392    32.9661    26.4574 0.0000e+00
        787      6.034     0.1452   2.762082    32.9625    26.4545 0.0000e+00
        788      6.210     0.1416   2.761403    32.9573    26.4505 0.0000e+00
        789      6.421     0.1401   2.761229    32.9565    26.4499 0.0000e+00
        790      6.724     0.1417   2.761593    32.9594    26.4522 0.0000e+00
        791      7.118     0.1447   2.762033    32.9618    26.4539 0.0000e+00
        792      7.537     0.1454   2.762210    32.9631    26.4549 0.0000e+00
        793      7.936     0.1402   2.761442    32.9583    26.4514 0.0000e+00
        794      8.296     0.1317   2.760017    32.9485    26.4439 0.0000e+00
        795      8.596     0.1273   2.759489    32.9461    26.4422 0.0000e+00
        796      8.827     0.1286   2.759884    32.9498    26.4450 0.0000e+00
        797      9.014     0.1315   2.760348    32.9527    26.4472 0.0000e+00
        798      9.225     0.1345   2.760737    32.9544    26.4485 0.0000e+00
        799      9.505     0.1384   2.761284    32.9573    26.4506 0.0000e+00
        800      9.840     0.1437   2.762160    32.9629    26.4549 0.0000e+00
        801     10.208     0.1495   2.762950    32.9668    26.4577 0.0000e+00
        802     10.606     0.1527   2.763268    32.9673    26.4580 0.0000e+00
        803     11.004     0.1515   2.762986    32.9647    26.4559 0.0000e+00
        804     11.373     0.1500   2.762798    32.9636    26.4551 0.0000e+00
        805     11.723     0.1525   2.763325    32.9676    26.4583 0.0000e+00
        806     12.087     0.1564   2.763877    32.9705    26.4604 0.0000e+00
        807     12.472     0.1585   2.764068    32.9705    26.4603 0.0000e+00
        808     12.873     0.1591   2.764129    32.9704    26.4602 0.0000e+00
        809     13.295     0.1592   2.764159    32.9705    26.4602 0.0000e+00
        810     13.743     0.1586   2.764102    32.9701    26.4599 0.0000e+00
        811     14.204     0.1573   2.763842    32.9678    26.4582 0.0000e+00
        812     14.643     0.1564   2.763717    32.9669    26.4574 0.0000e+00
        813     15.028     0.1573   2.763991    32.9693    26.4593 0.0000e+00
        814     15.380     0.1589   2.764223    32.9704    26.4602 0.0000e+00
        815     15.745     0.1597   2.764256    32.9698    26.4596 0.0000e+00
        816     16.146     0.1600   2.764335    32.9702    26.4600 0.0000e+00
        817     16.578     0.1604   2.764424    32.9707    26.4603 0.0000e+00
        818     17.020     0.1606   2.764464    32.9708    26.4604 0.0000e+00
        819     17.455     0.1606   2.764490    32.9709    26.4604 0.0000e+00
        820     17.887     0.1607   2.764512    32.9708    26.4604 0.0000e+00
