Datasets/AZMP/COO001/79001120.cnv
* Sea-Bird SBE 9 Data File:
* FileName = C:\CTDDATA\79001120.hex
* Software Version Seasave V 7.26.7.110
* Temperature SN = 5660
* Conductivity SN = 3698
* Number of Bytes Per Scan = 30
* Number of Voltage Words = 4
* Number of Scans Averaged by the Deck Unit = 1
* NMEA baud rate = 9600
** VESSEL/TRIP/SEQ STN:  79001120
** LATITUDE XX XX.XX N:  47 00.00 N
** LONGITUDE XX XX.XX W:  51 29.10 W
** SOUNDING DEPTH (M):  0104
** PROBE TYPE: S1257
** CTD NUMBER: 080
** COMMENTS (14 CHAR): FC-06
** BOTTLES:  10
** LEVELS: 5,5,10,20,20,30,40,50,75,BTM
** STICKERS: 435613 - 435622
** VNET: Y
** DO2: Y
# nquan = 22
# nvalues = 2517                        
# units = specified
# name 0 = scan: Scan Count
# name 1 = prDM: Pressure, Digiquartz [db]
# name 2 = t090C: Temperature [ITS-90, deg C]
# name 3 = t190C: Temperature, 2 [ITS-90, deg C]
# name 4 = c0S/m: Conductivity [S/m]
# name 5 = c1S/m: Conductivity, 2 [S/m]
# name 6 = sbeox0V: Oxygen raw, SBE 43 [V]
# name 7 = sbeox1V: Oxygen raw, SBE 43, 2 [V]
# name 8 = ph: pH
# name 9 = flECO-AFL: Fluorescence, WET Labs ECO-AFL/FL [mg/m^3]
# name 10 = wetCDOM: Fluorescence, WET Labs CDOM [mg/m^3]
# name 11 = par/sat/log: PAR/Logarithmic, Satlantic [umol photons/m^2/sec]
# name 12 = CStarAt0: Beam Attenuation, WET Labs C-Star [1/m]
# name 13 = CStarTr0: Beam Transmission, WET Labs C-Star [%]
# name 14 = sbeox0ML/L: Oxygen, SBE 43 [ml/l], WS = 2
# name 15 = sbeox1ML/L: Oxygen, SBE 43, 2 [ml/l], WS = 2
# name 16 = sal00: Salinity, Practical [PSU]
# name 17 = sal11: Salinity, Practical, 2 [PSU]
# name 18 = sigma-t00: Density [sigma-t, kg/m^3 ]
# name 19 = sigma-t11: Density, 2 [sigma-t, kg/m^3 ]
# name 20 = oxsatML/L: Oxygen Saturation, Weiss [ml/l]
# name 21 = flag: flag
# span 0 =        137,      36478       
# span 1 =      0.712,     97.288       
# span 2 =    -1.0819,     2.8821       
# span 3 =    -1.0827,     2.8839       
# span 4 =   2.646795,   2.917931       
# span 5 =   0.436839,   2.918122       
# span 6 =     2.4111,     2.7647       
# span 7 =     2.3810,     2.7326       
# span 8 =      8.042,      8.173       
# span 9 =     0.0264,     0.8273       
# span 10 =    -1.3918,     2.1614      
# span 11 = 1.0765e-01, 1.1456e+01      
# span 12 =     0.0535,     0.2874      
# span 13 =    93.0668,    98.6717      
# span 14 =     6.4842,     8.2238      
# span 15 =     7.5968,     8.4232      
# span 16 =    31.9463,    32.9627      
# span 17 =     4.1596,    32.9637      
# span 18 =    25.4603,    26.5000      
# span 19 =     3.3086,    26.5008      
# span 20 =    7.61481,    8.41294      
# span 21 = 0.0000e+00, 0.0000e+00      
# interval = scans: 3                   
# start_time = Dec 08 2019 10:45:11 [System UTC, header]
# bad_flag = -9.990e-29
*END*
[from data line 856]
       3653     68.535    -1.0425    -1.0412   2.653373   2.653208     2.5246     2.4945      8.081     0.0410     2.0429 1.0790e-01     0.0733    98.1851     7.6932     8.0573    32.7592    32.7557    26.3387    26.3358    8.40168 0.0000e+00
       3656     68.577    -1.0399    -1.0420   2.653355   2.653151     2.5242     2.4945      8.081     0.0410     2.0429 1.0790e-01     0.0736    98.1764     7.6909     8.0536    32.7562    32.7557    26.3362    26.3359    8.40128 0.0000e+00
       3659     68.627    -1.0336    -1.0422   2.653417   2.653183     2.5246     2.4945      8.081     0.0410     2.0429 1.0790e-01     0.0736    98.1764     7.6917     8.0537    32.7501    32.7564    26.3311    26.3364    8.40018 0.0000e+00
       3662     68.683    -1.0300    -1.0421   2.653355   2.653290     2.5242     2.4945      8.081     0.0410     2.0429 1.0790e-01     0.0736    98.1764     7.6891     8.0520    32.7453    32.7576    26.3271    26.3374    8.39964 0.0000e+00
       3665     68.748    -1.0347    -1.0420   2.653111   2.653351     2.5250     2.4945      8.081     0.0410     2.0429 1.0790e-01     0.0743    98.1590     7.6912     8.0479    32.7471    32.7583    26.3287    26.3380    8.40061 0.0000e+00
       3668     68.822    -1.0425    -1.0455   2.653030   2.653255     2.5250     2.4945      8.081     0.0410     2.0034 1.0790e-01     0.0747    98.1503     7.6925     8.0450    32.7545    32.7608    26.3349    26.3401    8.40197 0.0000e+00
       3671     68.902    -1.0493    -1.0500   2.653011   2.653115     2.5246     2.4933      8.081     0.0410     1.9245 1.0790e-01     0.0747    98.1503     7.6943     8.0393    32.7616    32.7637    26.3409    26.3426    8.40311 0.0000e+00
       3674     68.986    -1.0516    -1.0478   2.652998   2.653177     2.5230     2.4937      8.081     0.0410     1.9245 1.0790e-01     0.0747    98.1503     7.6872     8.0376    32.7639    32.7621    26.3428    26.3412    8.40351 0.0000e+00
       3677     69.075    -1.0532    -1.0441   2.652956   2.653182     2.5226     2.4933      8.081     0.0410     1.9245 1.0790e-01     0.0747    98.1503     7.6824     8.0337    32.7649    32.7581    26.3437    26.3379    8.40380 0.0000e+00
       3680     69.169    -1.0603    -1.0437   2.652933   2.653166     2.5238     2.4933      8.081     0.0508     1.9245 1.0790e-01     0.0747    98.1503     7.6858     8.0316    32.7723    32.7574    26.3499    26.3373    8.40499 0.0000e+00
       3683     69.277    -1.0666    -1.0542   2.652921   2.653100     2.5246     2.4933      8.081     0.0459     1.9245 1.0790e-01     0.0747    98.1503     7.6880     8.0301    32.7790    32.7679    26.3556    26.3461    8.40606 0.0000e+00
       3686     69.393    -1.0703    -1.0636   2.652890   2.653007     2.5230     2.4929      8.081     0.0410     1.9245 1.0790e-01     0.0743    98.1590     7.6805     8.0284    32.7826    32.7768    26.3586    26.3537    8.40670 0.0000e+00
       3689     69.514    -1.0726    -1.0707   2.652999   2.652963     2.5226     2.4924      8.081     0.0459     1.9245 1.0790e-01     0.0736    98.1764     7.6778     8.0281    32.7865    32.7839    26.3618    26.3596    8.40700 0.0000e+00
       3692     69.641    -1.0742    -1.0739   2.653037   2.653014     2.5234     2.4920      8.081     0.0410     1.9245 1.0790e-01     0.0736    98.1764     7.6834     8.0288    32.7886    32.7880    26.3636    26.3630    8.40723 0.0000e+00
       3695     69.772    -1.0750    -1.0754   2.653135   2.653104     2.5234     2.4924      8.081     0.0410     1.9640 1.0802e-01     0.0736    98.1764     7.6833     8.0298    32.7908    32.7908    26.3654    26.3654    8.40730 0.0000e+00
       3698     69.910    -1.0756    -1.0764   2.653245   2.653265     2.5222     2.4920      8.081     0.0410     2.0429 1.0802e-01     0.0736    98.1764     7.6785     8.0249    32.7928    32.7940    26.3670    26.3680    8.40731 0.0000e+00
       3701     70.055    -1.0760    -1.0770   2.653330   2.653359     2.5214     2.4920      8.081     0.0508     2.0429 1.0790e-01     0.0736    98.1764     7.6725     8.0241    32.7944    32.7958    26.3683    26.3695    8.40732 0.0000e+00
       3704     70.203    -1.0763    -1.0771   2.653401   2.653451     2.5222     2.4912      8.081     0.0459     2.0429 1.0802e-01     0.0740    98.1677     7.6718     8.0179    32.7956    32.7971    26.3693    26.3706    8.40732 0.0000e+00
       3707     70.354    -1.0764    -1.0770   2.653559   2.653595     2.5210     2.4908      8.081     0.0410     2.0429 1.0790e-01     0.0786    98.0547     7.6667     8.0138    32.7978    32.7989    26.3711    26.3720    8.40722 0.0000e+00
       3710     70.504    -1.0762    -1.0769   2.653678   2.653727     2.5210     2.4908      8.081     0.0410     2.0429 1.0790e-01     0.0789    98.0460     7.6666     8.0127    32.7991    32.8005    26.3721    26.3733    8.40709 0.0000e+00
       3713     70.653    -1.0761    -1.0766   2.653756   2.653817     2.5210     2.4908      8.081     0.0459     2.0429 1.0790e-01     0.0789    98.0460     7.6649     8.0077    32.7999    32.8013    26.3728    26.3740    8.40701 0.0000e+00
       3716     70.802    -1.0759    -1.0763   2.653885   2.653993     2.5214     2.4908      8.081     0.0410     2.0429 1.0790e-01     0.0789    98.0460     7.6649     8.0007    32.8014    32.8032    26.3739    26.3755    8.40689 0.0000e+00
       3719     70.947    -1.0756    -1.0759   2.653996   2.654085     2.5201     2.4896      8.081     0.0410     2.0429 1.0790e-01     0.0789    98.0460     7.6635     7.9907    32.8025    32.8040    26.3748    26.3761    8.40676 0.0000e+00
       3722     71.093    -1.0755    -1.0756   2.654063   2.654210     2.5201     2.4896      8.079     0.0410     2.0429 1.0802e-01     0.0786    98.0547     7.6633     7.9876    32.8031    32.8053    26.3754    26.3771    8.40669 0.0000e+00
       3725     71.232    -1.0751    -1.0750   2.654165   2.654340     2.5197     2.4896      8.079     0.0459     2.0429 1.0790e-01     0.0793    98.0373     7.6597     7.9867    32.8041    32.8062    26.3761    26.3779    8.40656 0.0000e+00
       3728     71.366    -1.0748    -1.0744   2.654288   2.654478     2.5189     2.4884      8.078     0.0410     2.0429 1.0790e-01     0.0804    98.0113     7.6549     7.9835    32.8052    32.8074    26.3771    26.3789    8.40640 0.0000e+00
       3731     71.493    -1.0741    -1.0738   2.654582   2.654693     2.5185     2.4884      8.076     0.0459     2.0429 1.0802e-01     0.0800    98.0200     7.6515     7.9840    32.8084    32.8096    26.3796    26.3806    8.40606 0.0000e+00
       3734     71.614    -1.0732    -1.0730   2.654830   2.654990     2.5185     2.4880      8.079     0.0410     2.0429 1.0790e-01     0.0800    98.0200     7.6497     7.9846    32.8107    32.8128    26.3815    26.3831    8.40572 0.0000e+00
       3737     71.727    -1.0723    -1.0719   2.655099   2.655255     2.5181     2.4867      8.078     0.0459     2.0429 1.0790e-01     0.0800    98.0200     7.6458     7.9841    32.8134    32.8151    26.3836    26.3850    8.40537 0.0000e+00
       3740     71.828    -1.0713    -1.0711   2.655284   2.655403     2.5181     2.4863      8.079     0.0410     2.0429 1.0790e-01     0.0800    98.0200     7.6478     7.9876    32.8148    32.8162    26.3847    26.3858    8.40507 0.0000e+00
       3743     71.923    -1.0706    -1.0708   2.655370   2.655471     2.5185     2.4859      8.076     0.0410     2.0429 1.0790e-01     0.0800    98.0200     7.6512     7.9917    32.8151    32.8166    26.3849    26.3862    8.40488 0.0000e+00
       3746     72.009    -1.0701    -1.0705   2.655435   2.655603     2.5165     2.4859      8.078     0.0459     2.0429 1.0790e-01     0.0835    97.9331     7.6439     7.9990    32.8154    32.8181    26.3852    26.3873    8.40476 0.0000e+00
       3749     72.082    -1.0697    -1.0693   2.655413   2.655997     2.5165     2.4859      8.079     0.0410     2.0429 1.0790e-01     0.0874    97.8375     7.6445     8.0077    32.8145    32.8221    26.3844    26.3906    8.40470 0.0000e+00
       3752     72.149    -1.0697    -1.0678   2.655181   2.656164     2.5161     2.4859      8.078     0.0459     2.0429 1.0790e-01     0.0874    97.8375     7.6417     8.0167    32.8114    32.8227    26.3819    26.3910    8.40490 0.0000e+00
       3755     72.204    -1.0700    -1.0678   2.654557   2.655975     2.5153     2.4859      8.076     0.0410     2.0429 1.0790e-01     0.0874    97.8375     7.6383     8.0244    32.8032    32.8201    26.3752    26.3889    8.40543 0.0000e+00
       3758     72.249    -1.0698    -1.0685   2.654004   2.655891     2.5153     2.4859      8.079     0.0410     2.0429 1.0790e-01     0.0874    97.8375     7.6381     8.0318    32.7954    32.8197    26.3690    26.3886    8.40584 0.0000e+00
       3761     72.282    -1.0693    -1.0679   2.653657   2.656007     2.5149     2.4859      8.076     0.0459     2.0429 1.0790e-01     0.0874    97.8375     7.6379     8.0352    32.7901    32.8205    26.3647    26.3892    8.40603 0.0000e+00
       3841     72.312    -1.0656    -1.0696   2.655288   2.654568     2.5120     2.4822      8.076     0.0410     1.9640 1.0790e-01     0.0839    97.9244     7.6515     8.0061    32.8082    32.8029    26.3792    26.3750    8.40413 0.0000e+00
       3883     72.384    -1.0637    -1.0700   2.656107   2.653870     2.5100     2.4814      8.076     0.0508     1.9245 1.0790e-01     0.0821    97.9678     7.6549     7.9948    32.8173    32.7938    26.3865    26.3676    8.40318 0.0000e+00
       3886     72.462    -1.0638    -1.0687   2.656494   2.653819     2.5104     2.4810      8.076     0.0410     1.9245 1.0790e-01     0.0825    97.9591     7.6570     7.9916    32.8226    32.7916    26.3908    26.3658    8.40289 0.0000e+00
       3889     72.538    -1.0633    -1.0681   2.656734   2.653878     2.5108     2.4810      8.076     0.0459     1.9245 1.0790e-01     0.0881    97.8201     7.6582     7.9912    32.8252    32.7917    26.3929    26.3659    8.40262 0.0000e+00
       3892     72.610    -1.0625    -1.0680   2.656880   2.653911     2.5100     2.4810      8.076     0.0410     1.9245 1.0790e-01     0.0885    97.8114     7.6557     7.9901    32.8263    32.7920    26.3938    26.3661    8.40238 0.0000e+00
       3895     72.675    -1.0623    -1.0692   2.656637   2.653886     2.5104     2.4810      8.076     0.0410     1.9245 1.0790e-01     0.0885    97.8114     7.6577     7.9932    32.8228    32.7929    26.3909    26.3669    8.40254 0.0000e+00
       3898     72.734    -1.0631    -1.0700   2.656420   2.653842     2.5112     2.4806      8.076     0.0459     1.9245 1.0790e-01     0.0885    97.8114     7.6608     7.9918    32.8207    32.7931    26.3892    26.3671    8.40285 0.0000e+00
       3901     72.786    -1.0634    -1.0691   2.656284   2.653990     2.5100     2.4806      8.076     0.0410     1.9245 1.0790e-01     0.0885    97.8114     7.6579     7.9942    32.8191    32.7941    26.3879    26.3679    8.40300 0.0000e+00
       3904     72.834    -1.0622    -1.0680   2.655751   2.654178     2.5108     2.4802      8.074     0.0508     1.9245 1.0790e-01     0.0885    97.8114     7.6617     7.9964    32.8106    32.7954    26.3810    26.3689    8.40323 0.0000e+00
       3907     72.875    -1.0607    -1.0676   2.655663   2.654216     2.5104     2.4798      8.076     0.0557     1.9245 1.0790e-01     0.0889    97.8027     7.6615     7.9965    32.8077    32.7955    26.3786    26.3689    8.40305 0.0000e+00
       3910     72.908    -1.0597    -1.0660   2.655517   2.654376     2.5104     2.4798      8.074     0.0606     1.9245 1.0790e-01     0.0903    97.7680     7.6616     7.9962    32.8046    32.7959    26.3760    26.3693    8.40301 0.0000e+00
       3913     72.933    -1.0586    -1.0659   2.655422   2.654302     2.5104     2.4798      8.076     0.0557     1.9245 1.0790e-01     0.0899    97.7767     7.6630     7.9963    32.8020    32.7948    26.3739    26.3683    8.40289 0.0000e+00
       4065     72.960    -1.0586    -1.0644   2.656130   2.654756     2.5132     2.4794      8.074     0.0557     2.0034 1.0802e-01     0.0889    97.8027     7.6604     7.9974    32.8117    32.7993    26.3818    26.3719    8.40233 0.0000e+00
       4143     73.009    -1.0583    -1.0632   2.655979   2.654971     2.5149     2.4811      8.076     0.0557     2.0429 1.0790e-01     0.0885    97.8114     7.6597     8.0062    32.8093    32.8009    26.3798    26.3732    8.40241 0.0000e+00
       4146     73.051    -1.0563    -1.0642   2.655646   2.654790     2.5153     2.4798      8.076     0.0557     2.0429 1.0790e-01     0.0885    97.8114     7.6591     8.0023    32.8025    32.7995    26.3743    26.3721    8.40234 0.0000e+00
       4149     73.082    -1.0551    -1.0640   2.655493   2.654879     2.5149     2.4798      8.076     0.0557     2.0429 1.0790e-01     0.0889    97.8027     7.6587     8.0032    32.7991    32.8005    26.3714    26.3729    8.40226 0.0000e+00
       4496     73.165    -1.0549    -1.0605   2.657750   2.656440     2.5031     2.4721      8.068     0.0410     1.9245 1.0790e-01     0.0910    97.7506     7.6081     7.9352    32.8295    32.8178    26.3961    26.3869    8.40045 0.0000e+00
       4499     73.280    -1.0573    -1.0601   2.657219   2.656509     2.5022     2.4721      8.071     0.0410     1.9245 1.0790e-01     0.0913    97.7419     7.6050     7.9329    32.8248    32.8182    26.3924    26.3871    8.40127 0.0000e+00
       4502     73.398    -1.0573    -1.0597   2.657864   2.656889     2.5027     2.4713      8.071     0.0410     1.9245 1.0802e-01     0.0910    97.7506     7.6066     7.9262    32.8336    32.8229    26.3995    26.3909    8.40078 0.0000e+00
       4505     73.511    -1.0563    -1.0582   2.658079   2.657535     2.5027     2.4713      8.069     0.0508     1.9245 1.0790e-01     0.0913    97.7419     7.6079     7.9247    32.8353    32.8300    26.4009    26.3966    8.40044 0.0000e+00
       4508     73.626    -1.0554    -1.0569   2.658162   2.657785     2.5027     2.4713      8.069     0.0557     2.1614 1.0790e-01     0.0910    97.7506     7.6070     7.9254    32.8354    32.8319    26.4009    26.3981    8.40023 0.0000e+00
       4511     73.739    -1.0548    -1.0568   2.658210   2.657812     2.5022     2.4701      8.071     0.0557     2.1614 1.0790e-01     0.0913    97.7419     7.6039     7.9237    32.8352    32.8321    26.4008    26.3982    8.40009 0.0000e+00
       4514     73.853    -1.0545    -1.0562   2.658257   2.658064     2.5022     2.4705      8.069     0.0557     2.1614 1.0790e-01     0.0921    97.7245     7.6056     7.9252    32.8355    32.8348    26.4010    26.4004    8.40001 0.0000e+00
       4517     73.968    -1.0540    -1.0554   2.658317   2.658215     2.5018     2.4701      8.068     0.0557     2.1614 1.0790e-01     0.0928    97.7071     7.6026     7.9228    32.8358    32.8359    26.4011    26.4013    8.39989 0.0000e+00
       4520     74.079    -1.0539    -1.0553   2.658308   2.658224     2.5027     2.4697      8.069     0.0606     2.1614 1.0790e-01     0.0928    97.7071     7.6064     7.9229    32.8354    32.8358    26.4009    26.4012    8.39989 0.0000e+00
       4523     74.189    -1.0536    -1.0550   2.658418   2.658296     2.5022     2.4688      8.068     0.0557     2.1614 1.0790e-01     0.0928    97.7071     7.6010     7.9204    32.8366    32.8364    26.4018    26.4017    8.39976 0.0000e+00
       4526     74.293    -1.0531    -1.0547   2.658493   2.658374     2.5010     2.4688      8.066     0.0557     2.1614 1.0790e-01     0.0928    97.7071     7.5919     7.9220    32.8370    32.8371    26.4021    26.4022    8.39962 0.0000e+00
       4529     74.397    -1.0532    -1.0544   2.658389   2.658411     2.5018     2.4688      8.068     0.0557     2.1614 1.0790e-01     0.0928    97.7071     7.5953     7.9212    32.8355    32.8372    26.4009    26.4023    8.39971 0.0000e+00
