Datasets/AZMP/COO001/79001067.cnv
* Sea-Bird SBE 9 Data File:
* FileName = C:\CTDDATA\79001067.hex
* Software Version Seasave V 7.26.7.110
* Temperature SN = 5660
* Conductivity SN = 3698
* Number of Bytes Per Scan = 30
* Number of Voltage Words = 4
* Number of Scans Averaged by the Deck Unit = 1
* NMEA baud rate = 9600
** VESSEL/TRIP/SEQ STN:  79001067
** LATITUDE XX XX.XX N:  48 05.40 N
** LONGITUDE XX XX.XX W:  55 03.30 W
** SOUNDING DEPTH (M):  0096
** PROBE TYPE: S1257
** CTD NUMBER: 034
** COMMENTS (14 CHAR): TB-01
** BOTTLES:  0
** LEVELS:
** STICKERS:
** VNET: N
** DO2: N
# nquan = 22
# nvalues = 2547                        
# units = specified
# name 0 = scan: Scan Count
# name 1 = prDM: Pressure, Digiquartz [db]
# name 2 = t090C: Temperature [ITS-90, deg C]
# name 3 = t190C: Temperature, 2 [ITS-90, deg C]
# name 4 = c0S/m: Conductivity [S/m]
# name 5 = c1S/m: Conductivity, 2 [S/m]
# name 6 = sbeox0V: Oxygen raw, SBE 43 [V]
# name 7 = sbeox1V: Oxygen raw, SBE 43, 2 [V]
# name 8 = ph: pH
# name 9 = flECO-AFL: Fluorescence, WET Labs ECO-AFL/FL [mg/m^3]
# name 10 = wetCDOM: Fluorescence, WET Labs CDOM [mg/m^3]
# name 11 = par/sat/log: PAR/Logarithmic, Satlantic [umol photons/m^2/sec]
# name 12 = CStarAt0: Beam Attenuation, WET Labs C-Star [1/m]
# name 13 = CStarTr0: Beam Transmission, WET Labs C-Star [%]
# name 14 = sbeox0ML/L: Oxygen, SBE 43 [ml/l], WS = 2
# name 15 = sbeox1ML/L: Oxygen, SBE 43, 2 [ml/l], WS = 2
# name 16 = sal00: Salinity, Practical [PSU]
# name 17 = sal11: Salinity, Practical, 2 [PSU]
# name 18 = sigma-t00: Density [sigma-t, kg/m^3 ]
# name 19 = sigma-t11: Density, 2 [sigma-t, kg/m^3 ]
# name 20 = oxsatML/L: Oxygen Saturation, Weiss [ml/l]
# name 21 = flag: flag
# span 0 =          4,      10607       
# span 1 =      0.861,     88.403       
# span 2 =     1.5362,     4.1944       
# span 3 =     1.4597,     4.2360       
# span 4 =   2.827158,   2.967707       
# span 5 =   2.822227,   2.969074       
# span 6 =     2.5604,     2.7894       
# span 7 =     2.6366,     2.7389       
# span 8 =      8.109,      8.148       
# span 9 =     0.0801,     0.5978       
# span 10 =     0.7401,     2.1614      
# span 11 = 1.0740e-01, 1.4231e+00      
# span 12 =     0.0736,     0.1966      
# span 13 =    95.2045,    98.1764      
# span 14 =     6.7085,     7.7648      
# span 15 =     7.7237,     8.1761      
# span 16 =    31.4046,    32.3226      
# span 17 =    31.3786,    32.3165      
# span 18 =    24.9084,    25.8557      
# span 19 =    24.8844,    25.8528      
# span 20 =    7.40338,    7.87101      
# span 21 = 0.0000e+00, 0.0000e+00      
# interval = scans: 3                   
# start_time = Nov 30 2019 22:13:17 [System UTC, header]
# bad_flag = -9.990e-29
*END*
[from data line 2239]
       9440     22.846     3.4864     3.6260   2.943567   2.951745     2.7694     2.7218      8.145     0.3780     1.9245 1.0790e-01     0.1003    97.5247     7.5678     7.9093    31.7955    31.7564    25.2856    25.2418    7.51509 0.0000e+00
       9443     22.782     3.4764     3.6262   2.942406   2.951762     2.7682     2.7218      8.145     0.3731     1.9245 1.0790e-01     0.1003    97.5247     7.5663     7.9071    31.7916    31.7564    25.2833    25.2418    7.51717 0.0000e+00
       9446     22.717     3.4648     3.6266   2.941715   2.951765     2.7682     2.7222      8.145     0.3780     1.9245 1.0790e-01     0.0996    97.5420     7.5681     7.9090    31.7947    31.7562    25.2869    25.2415    7.51919 0.0000e+00
       9449     22.653     3.4525     3.6269   2.941049   2.951787     2.7678     2.7218      8.145     0.3731     1.9245 1.0790e-01     0.0992    97.5507     7.5683     7.9080    31.7988    31.7561    25.2912    25.2414    7.52129 0.0000e+00
       9452     22.589     3.4433     3.6274   2.941086   2.951806     2.7690     2.7230      8.145     0.3780     1.9245 1.0790e-01     0.0992    97.5507     7.5740     7.9102    31.8083    31.7558    25.2996    25.2413    7.52254 0.0000e+00
       9455     22.526     3.4488     3.6277   2.942073   2.951813     2.7682     2.7230      8.145     0.3780     1.9245 1.0790e-01     0.0999    97.5334     7.5701     7.9082    31.8148    31.7557    25.3043    25.2411    7.52119 0.0000e+00
       9458     22.463     3.4535     3.6283   2.942598   2.951856     2.7682     2.7230      8.145     0.3731     1.9245 1.0790e-01     0.0992    97.5507     7.5697     7.9064    31.8165    31.7557    25.3052    25.2410    7.52023 0.0000e+00
       9461     22.399     3.4711     3.6288   2.944927   2.951874     2.7682     2.7234      8.145     0.3780     1.9245 1.0790e-01     0.0996    97.5420     7.5682     7.9034    31.8270    31.7554    25.3120    25.2408    7.51638 0.0000e+00
       9464     22.332     3.4986     3.6298   2.946945   2.951906     2.7694     2.7242      8.143     0.3780     1.9245 1.0790e-01     0.1010    97.5073     7.5692     7.9014    31.8241    31.7549    25.3072    25.2402    7.51137 0.0000e+00
       9467     22.264     3.5154     3.6307   2.946814   2.951885     2.7690     2.7230      8.142     0.3731     1.9245 1.0790e-01     0.1013    97.4986     7.5689     7.8934    31.8062    31.7538    25.2914    25.2392    7.50912 0.0000e+00
       9470     22.197     3.5246     3.6311   2.946897   2.951885     2.7682     2.7242      8.145     0.3683     1.9245 1.0790e-01     0.1013    97.4986     7.5661     7.8938    31.7982    31.7534    25.2842    25.2389    7.50779 0.0000e+00
       9473     22.127     3.5330     3.6314   2.947067   2.951855     2.7694     2.7242      8.145     0.3731     1.9245 1.0790e-01     0.1013    97.4986     7.5669     7.8888    31.7920    31.7528    25.2786    25.2384    7.50653 0.0000e+00
       9476     22.057     3.5361     3.6315   2.946926   2.951842     2.7690     2.7238      8.143     0.3780     1.9245 1.0790e-01     0.1013    97.4986     7.5645     7.8825    31.7873    31.7526    25.2745    25.2383    7.50618 0.0000e+00
       9479     21.987     3.5405     3.6315   2.947159   2.951827     2.7694     2.7242      8.145     0.3731     1.9245 1.0790e-01     0.1013    97.4986     7.5637     7.8812    31.7858    31.7525    25.2730    25.2381    7.50543 0.0000e+00
       9482     21.917     3.5462     3.6316   2.947733   2.951788     2.7690     2.7242      8.145     0.3731     1.9245 1.0790e-01     0.1020    97.4812     7.5596     7.8784    31.7872    31.7520    25.2735    25.2377    7.50430 0.0000e+00
       9485     21.843     3.5554     3.6318   2.948352   2.951789     2.7706     2.7230      8.145     0.3780     1.9245 1.0790e-01     0.1020    97.4812     7.5612     7.8714    31.7855    31.7518    25.2714    25.2376    7.50266 0.0000e+00
       9488     21.771     3.5609     3.6319   2.948525   2.951749     2.7710     2.7230      8.145     0.3878     1.9245 1.0790e-01     0.1017    97.4899     7.5600     7.8709    31.7823    31.7513    25.2683    25.2371    7.50179 0.0000e+00
       9491     21.696     3.5646     3.6322   2.948556   2.951763     2.7710     2.7238      8.145     0.3927     1.9245 1.0790e-01     0.1017    97.4899     7.5575     7.8735    31.7790    31.7512    25.2653    25.2370    7.50126 0.0000e+00
       9494     21.621     3.5671     3.6325   2.948635   2.951750     2.7706     2.7230      8.145     0.3927     1.9245 1.0790e-01     0.1017    97.4899     7.5542     7.8695    31.7776    31.7507    25.2640    25.2367    7.50087 0.0000e+00
       9497     21.547     3.5693     3.6330   2.948747   2.951750     2.7694     2.7230      8.145     0.3927     1.9245 1.0790e-01     0.1020    97.4812     7.5479     7.8709    31.7768    31.7503    25.2632    25.2362    7.50050 0.0000e+00
       9500     21.471     3.5717     3.6335   2.948981   2.951757     2.7698     2.7230      8.145     0.3927     1.9245 1.0790e-01     0.1020    97.4812     7.5484     7.8712    31.7773    31.7499    25.2634    25.2359    7.50002 0.0000e+00
       9503     21.397     3.5773     3.6337   2.949426   2.951755     2.7694     2.7230      8.144     0.3927     1.9245 1.0790e-01     0.1024    97.4725     7.5441     7.8706    31.7772    31.7498    25.2627    25.2358    7.49899 0.0000e+00
       9506     21.320     3.5849     3.6338   2.949974   2.951740     2.7702     2.7230      8.144     0.3878     1.9245 1.0790e-01     0.1035    97.4464     7.5433     7.8703    31.7762    31.7496    25.2614    25.2356    7.49760 0.0000e+00
       9509     21.247     3.5909     3.6339   2.950107   2.951733     2.7694     2.7230      8.144     0.3878     1.9245 1.0790e-01     0.1035    97.4464     7.5396     7.8698    31.7721    31.7494    25.2575    25.2355    7.49670 0.0000e+00
       9512     21.174     3.5953     3.6362   2.950276   2.952081     2.7694     2.7230      8.144     0.3927     2.0429 1.0790e-01     0.1038    97.4377     7.5415     7.8670    31.7698    31.7513    25.2552    25.2368    7.49598 0.0000e+00
       9515     21.101     3.5987     3.6425   2.950337   2.952360     2.7690     2.7230      8.143     0.3780     2.0429 1.0790e-01     0.1035    97.4464     7.5439     7.8647    31.7673    31.7485    25.2529    25.2340    7.49548 0.0000e+00
       9518     21.029     3.6014     3.6495   2.950463   2.952802     2.7702     2.7230      8.144     0.3780     2.0429 1.0790e-01     0.1035    97.4464     7.5500     7.8646    31.7661    31.7469    25.2518    25.2321    7.49503 0.0000e+00
       9521     20.960     3.6036     3.6535   2.950536   2.952941     2.7694     2.7230      8.144     0.3780     2.0429 1.0790e-01     0.1035    97.4464     7.5467     7.8630    31.7648    31.7447    25.2506    25.2300    7.49467 0.0000e+00
       9524     20.889     3.6054     3.6576   2.950609   2.953008     2.7702     2.7226      8.144     0.3780     2.0429 1.0790e-01     0.1042    97.4291     7.5496     7.8604    31.7640    31.7416    25.2497    25.2271    7.49439 0.0000e+00
       9527     20.819     3.6072     3.6579   2.950594   2.952894     2.7694     2.7218      8.144     0.3829     2.0429 1.0790e-01     0.1045    97.4204     7.5478     7.8576    31.7621    31.7400    25.2481    25.2258    7.49415 0.0000e+00
       9530     20.752     3.6071     3.6560   2.950423   2.952773     2.7694     2.7218      8.144     0.3683     2.0429 1.0790e-01     0.1045    97.4204     7.5477     7.8579    31.7602    31.7404    25.2465    25.2263    7.49425 0.0000e+00
       9533     20.685     3.6041     3.6528   2.949983   2.952585     2.7706     2.7218      8.144     0.3829     2.0429 1.0790e-01     0.1045    97.4204     7.5531     7.8579    31.7580    31.7413    25.2450    25.2273    7.49493 0.0000e+00
       9536     20.621     3.6003     3.6507   2.949805   2.952538     2.7715     2.7218      8.144     0.3780     2.0034 1.0790e-01     0.1045    97.4204     7.5581     7.8586    31.7596    31.7429    25.2466    25.2288    7.49556 0.0000e+00
       9539     20.559     3.5959     3.6485   2.949488   2.952323     2.7710     2.7222      8.144     0.3878     1.9245 1.0790e-01     0.1045    97.4204     7.5574     7.8600    31.7601    31.7425    25.2475    25.2286    7.49635 0.0000e+00
       9542     20.498     3.5926     3.6460   2.949754   2.952266     2.7706     2.7218      8.144     0.4024     1.9245 1.0790e-01     0.1045    97.4204     7.5564     7.8585    31.7665    31.7443    25.2529    25.2303    7.49664 0.0000e+00
       9545     20.440     3.5962     3.6460   2.949999   2.952350     2.7694     2.7218      8.144     0.4024     1.9245 1.0790e-01     0.1045    97.4204     7.5526     7.8588    31.7660    31.7454    25.2522    25.2312    7.49601 0.0000e+00
       9548     20.385     3.5971     3.6487   2.949805   2.952521     2.7715     2.7218      8.144     0.4073     1.9245 1.0790e-01     0.1045    97.4204     7.5603     7.8587    31.7628    31.7447    25.2495    25.2304    7.49599 0.0000e+00
       9551     20.331     3.5940     3.6506   2.949478   2.952584     2.7710     2.7218      8.144     0.4073     1.9245 1.0790e-01     0.1045    97.4204     7.5603     7.8587    31.7619    31.7437    25.2491    25.2294    7.49661 0.0000e+00
       9554     20.278     3.5908     3.6517   2.949421   2.952568     2.7702     2.7214      8.144     0.4073     1.9245 1.0790e-01     0.1045    97.4204     7.5584     7.8561    31.7645    31.7424    25.2514    25.2283    7.49709 0.0000e+00
       9557     20.228     3.5891     3.6503   2.949269   2.952413     2.7715     2.7214      8.144     0.4024     1.9245 1.0790e-01     0.1045    97.4204     7.5633     7.8558    31.7643    31.7420    25.2515    25.2281    7.49741 0.0000e+00
       9560     20.179     3.5858     3.6448   2.948988   2.952076     2.7719     2.7214      8.144     0.4073     1.9245 1.0790e-01     0.1045    97.4204     7.5678     7.8578    31.7643    31.7433    25.2517    25.2297    7.49804 0.0000e+00
       9563     20.133     3.5806     3.6403   2.948415   2.951914     2.7719     2.7206      8.144     0.4024     2.0034 1.0790e-01     0.1045    97.4204     7.5715     7.8586    31.7625    31.7458    25.2508    25.2320    7.49909 0.0000e+00
       9566     20.090     3.5754     3.6396   2.947998   2.952014     2.7719     2.7206      8.144     0.4024     2.0429 1.0790e-01     0.1028    97.4638     7.5738     7.8617    31.7626    31.7477    25.2514    25.2337    7.50006 0.0000e+00
       9569     20.045     3.5718     3.6433   2.947482   2.952341     2.7723     2.7206      8.144     0.4073     2.0429 1.0790e-01     0.1028    97.4638     7.5758     7.8642    31.7601    31.7480    25.2496    25.2336    7.50086 0.0000e+00
       9572     20.002     3.5575     3.6495   2.946443   2.952584     2.7723     2.7206      8.145     0.4073     2.0429 1.0790e-01     0.1024    97.4725     7.5778     7.8666    31.7617    31.7449    25.2522    25.2305    7.50346 0.0000e+00
       9575     19.960     3.5392     3.6502   2.945354   2.952488     2.7735     2.7206      8.145     0.4073     2.0429 1.0790e-01     0.1024    97.4725     7.5874     7.8722    31.7666    31.7431    25.2578    25.2289    7.50663 0.0000e+00
       9578     19.921     3.5255     3.6491   2.945532   2.952401     2.7731     2.7206      8.145     0.4024     2.0429 1.0790e-01     0.1024    97.4725     7.5892     7.8776    31.7822    31.7431    25.2714    25.2291    7.50843 0.0000e+00
       9581     19.879     3.5220     3.6490   2.946037   2.952350     2.7739     2.7206      8.145     0.4122     2.0429 1.0790e-01     0.1024    97.4725     7.5892     7.8816    31.7917    31.7426    25.2793    25.2287    7.50861 0.0000e+00
       9584     19.840     3.5255     3.6481   2.946410   2.952226     2.7743     2.7214      8.145     0.4024     2.0429 1.0790e-01     0.1038    97.4377     7.5889     7.8885    31.7927    31.7421    25.2798    25.2284    7.50790 0.0000e+00
       9587     19.801     3.5310     3.6460   2.946622   2.952132     2.7739     2.7214      8.145     0.3927     2.0429 1.0790e-01     0.1067    97.3682     7.5865     7.8911    31.7898    31.7430    25.2770    25.2293    7.50700 0.0000e+00
       9590     19.760     3.5384     3.6485   2.947053   2.952473     2.7743     2.7214      8.145     0.4073     2.0429 1.0790e-01     0.1067    97.3682     7.5850     7.8915    31.7877    31.7447    25.2747    25.2304    7.50572 0.0000e+00
       9593     19.720     3.5482     3.6551   2.947679   2.952760     2.7743     2.7218      8.145     0.4171     2.0429 1.0790e-01     0.1067    97.3682     7.5822     7.8922    31.7856    31.7417    25.2721    25.2274    7.50399 0.0000e+00
       9596     19.677     3.5581     3.6559   2.947934   2.952724     2.7751     2.7218      8.145     0.4171     2.0429 1.0790e-01     0.1067    97.3682     7.5821     7.8918    31.7790    31.7405    25.2659    25.2264    7.50247 0.0000e+00
       9599     19.629     3.5670     3.6561   2.948539   2.952683     2.7759     2.7230      8.145     0.4269     2.0429 1.0790e-01     0.1067    97.3682     7.5816     7.8945    31.7776    31.7398    25.2640    25.2259    7.50089 0.0000e+00
       9602     19.581     3.5796     3.6556   2.949218   2.952694     2.7759     2.7222      8.144     0.4220     2.0429 1.0790e-01     0.1067    97.3682     7.5779     7.8892    31.7734    31.7405    25.2595    25.2264    7.49874 0.0000e+00
       9605     19.531     3.5896     3.6602   2.949609   2.953069     2.7743     2.7230      8.144     0.4171     2.0429 1.0790e-01     0.1074    97.3509     7.5697     7.8877    31.7683    31.7405    25.2546    25.2260    7.49713 0.0000e+00
       9608     19.480     3.5967     3.6646   2.949695   2.953191     2.7755     2.7226      8.144     0.4220     2.0429 1.0790e-01     0.1078    97.3422     7.5710     7.8822    31.7624    31.7376    25.2492    25.2233    7.49609 0.0000e+00
       9611     19.425     3.5985     3.6679   2.949387   2.953391     2.7759     2.7226      8.144     0.4220     2.0429 1.0790e-01     0.1078    97.3422     7.5713     7.8806    31.7570    31.7369    25.2448    25.2224    7.49603 0.0000e+00
       9614     19.366     3.5941     3.6705   2.948703   2.953531     2.7755     2.7230      8.144     0.4220     2.0034 1.0790e-01     0.1078    97.3422     7.5697     7.8790    31.7532    31.7360    25.2421    25.2214    7.49703 0.0000e+00
       9617     19.306     3.5841     3.6737   2.948087   2.953696     2.7767     2.7230      8.144     0.4220     1.9245 1.0790e-01     0.1078    97.3422     7.5744     7.8760    31.7556    31.7349    25.2450    25.2203    7.49878 0.0000e+00
       9620     19.243     3.5753     3.6771   2.948701   2.953846     2.7759     2.7230      8.144     0.3976     1.9245 1.0790e-01     0.1078    97.3422     7.5716     7.8736    31.7716    31.7333    25.2585    25.2187    7.49964 0.0000e+00
       9623     19.174     3.5820     3.6802   2.949500   2.953947     2.7763     2.7226      8.144     0.4024     1.9245 1.0790e-01     0.1078    97.3422     7.5701     7.8731    31.7745    31.7316    25.2602    25.2171    7.49823 0.0000e+00
       9626     19.103     3.5913     3.6831   2.950253   2.954058     2.7759     2.7230      8.144     0.4122     1.9245 1.0790e-01     0.1060    97.3856     7.5675     7.8769    31.7745    31.7301    25.2593    25.2156    7.49650 0.0000e+00
       9629     19.029     3.6024     3.6853   2.950727   2.954137     2.7763     2.7226      8.144     0.4073     1.9245 1.0790e-01     0.1056    97.3943     7.5650     7.8771    31.7693    31.7289    25.2542    25.2145    7.49469 0.0000e+00
       9632     18.952     3.6101     3.6891   2.950747   2.954398     2.7755     2.7230      8.144     0.4073     1.9245 1.0790e-01     0.1056    97.3943     7.5589     7.8796    31.7621    31.7283    25.2478    25.2136    7.49361 0.0000e+00
