Datasets/AZMP/COO001/79001010.cnv
* Sea-Bird SBE 9 Data File:
* FileName = C:\CTDDATA\79001010.hex
* Software Version Seasave V 7.26.7.110
* Temperature SN = 5811
* Conductivity SN = 4531
* Number of Bytes Per Scan = 30
* Number of Voltage Words = 4
* Number of Scans Averaged by the Deck Unit = 1
* NMEA baud rate = 9600
** VESSEL/TRIP/SEQ STN:  79001010
** LATITUDE XX XX.XX N:  46 46.42 N
** LONGITUDE XX XX.XX W:  55 37.14 W
** SOUNDING DEPTH (M):  0097
** PROBE TYPE (S1221): S1221
** CTD NUMBER: 003
** COMMENTS (14 CHAR):  SWSPB-01
** BOTTLES:  20
** LEVELS: 5,5,5,5,10,20,20,20,20,30,40,50,50,50,75,BTM,BTM,BTM, BTM,BTM
** STICKERS: 434598 - 434617
** VNET: Y
** DO2: N
# nquan = 22
# nvalues = 2400                        
# units = specified
# name 0 = scan: Scan Count
# name 1 = prDM: Pressure, Digiquartz [db]
# name 2 = t090C: Temperature [ITS-90, deg C]
# name 3 = t190C: Temperature, 2 [ITS-90, deg C]
# name 4 = c0S/m: Conductivity [S/m]
# name 5 = c1S/m: Conductivity, 2 [S/m]
# name 6 = sbeox0V: Oxygen raw, SBE 43 [V]
# name 7 = sbeox1V: Oxygen raw, SBE 43, 2 [V]
# name 8 = ph: pH
# name 9 = flECO-AFL: Fluorescence, WET Labs ECO-AFL/FL [mg/m^3]
# name 10 = wetCDOM: Fluorescence, WET Labs CDOM [mg/m^3]
# name 11 = par/sat/log: PAR/Logarithmic, Satlantic [umol photons/m^2/sec]
# name 12 = CStarAt0: Beam Attenuation, WET Labs C-Star [1/m]
# name 13 = CStarTr0: Beam Transmission, WET Labs C-Star [%]
# name 14 = sbeox0ML/L: Oxygen, SBE 43 [ml/l], WS = 2
# name 15 = sbeox1ML/L: Oxygen, SBE 43, 2 [ml/l], WS = 2
# name 16 = sal00: Salinity, Practical [PSU]
# name 17 = sal11: Salinity, Practical, 2 [PSU]
# name 18 = sigma-t00: Density [sigma-t, kg/m^3 ]
# name 19 = sigma-t11: Density, 2 [sigma-t, kg/m^3 ]
# name 20 = oxsatML/L: Oxygen Saturation, Weiss [ml/l]
# name 21 = flag: flag
# span 0 =        535,      35943       
# span 1 =      1.500,     89.440       
# span 2 =     0.6319,     6.1775       
# span 3 =     0.6268,     6.1781       
# span 4 =   2.768975,   3.154841       
# span 5 =   2.768472,   3.154866       
# span 6 =     2.4676,     3.1969       
# span 7 =     2.4060,     2.5461       
# span 8 =      8.080,      8.178       
# span 9 =     0.0753,     0.9740       
# span 10 =    -1.0780,   108.9220      
# span 11 = 1.1773e-01, 6.0819e+01      
# span 12 =    -0.1046,    -0.0425      
# span 13 =   101.0676,   102.6501      
# span 14 =     5.6132,    10.3955      
# span 15 =     7.5470,     8.3802      
# span 16 =    31.6641,    32.4867      
# span 17 =    31.6639,    32.4865      
# span 18 =    24.8961,    26.0457      
# span 19 =    24.8959,    26.0455      
# span 20 =    7.04449,    8.04842      
# span 21 = 0.0000e+00, 0.0000e+00      
# interval = scans: 3                   
# start_time = Nov 18 2019 19:02:46 [System UTC, header]
# bad_flag = -9.990e-29
*END*
[from data line 2107]
      29484     16.915     5.5550     5.5633   3.111067   3.111608     2.6536     2.5327      8.166     0.6101   108.3758 5.4122e+00    -0.0696   101.7549     7.5643     7.6662    31.7524    31.7506    25.0395    25.0371    7.14589 0.0000e+00
      29487     16.846     5.5566     5.5699   3.111175   3.112054     2.6540     2.5327      8.166     0.6077   108.3579 5.4499e+00    -0.0700   101.7639     7.5640     7.6668    31.7521    31.7494    25.0391    25.0354    7.14562 0.0000e+00
      29490     16.774     5.5574     5.5770   3.111220   3.112673     2.6532     2.5327      8.166     0.6101   108.3579 5.4815e+00    -0.0707   101.7820     7.5599     7.6655    31.7519    31.7498    25.0388    25.0349    7.14549 0.0000e+00
      29493     16.707     5.5594     5.5785   3.111343   3.112644     2.6536     2.5327      8.166     0.6101   108.3579 5.5261e+00    -0.0700   101.7639     7.5611     7.6653    31.7514    31.7481    25.0382    25.0334    7.14517 0.0000e+00
      29496     16.641     5.5603     5.5742   3.111387   3.112250     2.6528     2.5327      8.166     0.6101   108.3579 5.5969e+00    -0.0703   101.7730     7.5578     7.6661    31.7511    31.7477    25.0378    25.0335    7.14503 0.0000e+00
      29499     16.575     5.5611     5.5677   3.111473   3.111827     2.6528     2.5327      8.165     0.6126   108.3579 5.6294e+00    -0.0696   101.7549     7.5574     7.6681    31.7514    31.7491    25.0380    25.0354    7.14489 0.0000e+00
      29502     16.508     5.5647     5.5683   3.111877   3.112010     2.6524     2.5327      8.166     0.6101   108.3669 5.6818e+00    -0.0703   101.7730     7.5548     7.6700    31.7526    31.7506    25.0385    25.0365    7.14421 0.0000e+00
      29505     16.444     5.5703     5.5709   3.112194   3.112150     2.6524     2.5327      8.166     0.6126   108.3669 5.7280e+00    -0.0693   101.7458     7.5541     7.6713    31.7509    31.7498    25.0365    25.0356    7.14333 0.0000e+00
      29508     16.379     5.5743     5.5711   3.112366   3.112126     2.6524     2.5327      8.166     0.6345   108.3669 5.7613e+00    -0.0653   101.6463     7.5536     7.6728    31.7491    31.7494    25.0346    25.0353    7.14273 0.0000e+00
      29511     16.315     5.5731     5.5701   3.112317   3.112048     2.6524     2.5327      8.166     0.6296   108.3758 5.8216e+00    -0.0653   101.6463     7.5547     7.6741    31.7497    31.7495    25.0352    25.0355    7.14290 0.0000e+00
      29514     16.250     5.5728     5.5732   3.112325   3.112406     2.6524     2.5327      8.166     0.6296   108.3669 5.8689e+00    -0.0653   101.6463     7.5559     7.6744    31.7500    31.7507    25.0356    25.0360    7.14293 0.0000e+00
      29517     16.188     5.5723     5.5843   3.112253   3.113051     2.6524     2.5327      8.165     0.6345   108.3579 5.8962e+00    -0.0653   101.6463     7.5577     7.6729    31.7498    31.7474    25.0354    25.0322    7.14304 0.0000e+00
      29520     16.127     5.5725     5.5857   3.112273   3.113064     2.6520     2.5327      8.166     0.6321   108.3579 5.9304e+00    -0.0653   101.6463     7.5577     7.6729    31.7499    31.7463    25.0355    25.0311    7.14301 0.0000e+00
      29523     16.066     5.5731     5.5848   3.112280   3.113089     2.6516     2.5336      8.166     0.6321   108.3579 5.9717e+00    -0.0653   101.6463     7.5571     7.6764    31.7494    31.7475    25.0350    25.0321    7.14292 0.0000e+00
      29526     16.006     5.5732     5.5831   3.112273   3.112972     2.6520     2.5340      8.166     0.6296   108.3669 6.0064e+00    -0.0649   101.6373     7.5603     7.6781    31.7492    31.7477    25.0348    25.0325    7.14290 0.0000e+00
      29529     15.950     5.5729     5.5788   3.112270   3.112686     2.6520     2.5340      8.165     0.6321   108.3579 6.0552e+00    -0.0649   101.6373     7.5615     7.6784    31.7495    31.7487    25.0351    25.0338    7.14294 0.0000e+00
      29532     15.896     5.5723     5.5716   3.112190   3.112217     2.6516     2.5340      8.166     0.6394   108.3579 6.0975e+00    -0.0646   101.6282     7.5615     7.6790    31.7492    31.7502    25.0350    25.0358    7.14306 0.0000e+00
      29535     15.842     5.5715     5.5698   3.112155   3.112034     2.6520     2.5340      8.166     0.6516   108.3669 6.1187e+00    -0.0649   101.6373     7.5638     7.6783    31.7496    31.7498    25.0354    25.0358    7.14318 0.0000e+00
      29538     15.789     5.5710     5.5689   3.112121   3.111903     2.6520     2.5340      8.166     0.6516   108.3848 6.1471e+00    -0.0649   101.6373     7.5641     7.6770    31.7497    31.7492    25.0355    25.0354    7.14326 0.0000e+00
      29541     15.735     5.5718     5.5664   3.112181   3.111794     2.6528     2.5340      8.166     0.6565   108.3669 6.1685e+00    -0.0649   101.6373     7.5667     7.6758    31.7496    31.7504    25.0353    25.0366    7.14312 0.0000e+00
      29544     15.683     5.5744     5.5654   3.112226   3.111743     2.6524     2.5340      8.166     0.6540   108.3758 6.2114e+00    -0.0649   101.6373     7.5641     7.6740    31.7477    31.7508    25.0336    25.0370    7.14277 0.0000e+00
      29547     15.630     5.5734     5.5673   3.112240   3.111920     2.6528     2.5340      8.166     0.6565   108.3579 6.2330e+00    -0.0678   101.7096     7.5645     7.6708    31.7489    31.7510    25.0346    25.0369    7.14290 0.0000e+00
      29550     15.577     5.5717     5.5699   3.112176   3.112024     2.6532     2.5340      8.165     0.6540   108.3579 6.2692e+00    -0.0707   101.7820     7.5641     7.6684    31.7497    31.7498    25.0354    25.0357    7.14314 0.0000e+00
      29553     15.523     5.5708     5.5698   3.112125   3.111978     2.6532     2.5340      8.166     0.6565   108.3669 6.2983e+00    -0.0707   101.7820     7.5623     7.6681    31.7501    31.7494    25.0358    25.0354    7.14328 0.0000e+00
      29556     15.473     5.5714     5.5687   3.112046   3.111876     2.6532     2.5340      8.166     0.6540   108.3669 6.3275e+00    -0.0707   101.7820     7.5604     7.6680    31.7486    31.7492    25.0346    25.0354    7.14324 0.0000e+00
      29559     15.421     5.5709     5.5670   3.111973   3.111789     2.6532     2.5340      8.166     0.6565   108.3758 6.3643e+00    -0.0707   101.7820     7.5585     7.6680    31.7483    31.7499    25.0345    25.0361    7.14335 0.0000e+00
      29562     15.370     5.5682     5.5661   3.111939   3.111700     2.6524     2.5340      8.166     0.6540   108.3579 6.4012e+00    -0.0707   101.7820     7.5541     7.6679    31.7505    31.7498    25.0365    25.0361    7.14371 0.0000e+00
      29565     15.318     5.5683     5.5656   3.111878   3.111764     2.6524     2.5340      8.166     0.6540   108.3579 6.4309e+00    -0.0707   101.7820     7.5532     7.6679    31.7497    31.7511    25.0358    25.0372    7.14372 0.0000e+00
      29568     15.268     5.5676     5.5683   3.111789   3.111971     2.6520     2.5340      8.166     0.6540   108.3758 6.4608e+00    -0.0621   101.5649     7.5512     7.6681    31.7494    31.7508    25.0356    25.0367    7.14386 0.0000e+00
      29571     15.216     5.5674     5.5696   3.111763   3.112100     2.6520     2.5331      8.166     0.6540   108.3579 6.4833e+00    -0.0610   101.5378     7.5511     7.6652    31.7493    31.7511    25.0356    25.0368    7.14389 0.0000e+00
      29574     15.163     5.5686     5.5721   3.111947   3.112317     2.6512     2.5331      8.166     0.6516   108.3758 6.5360e+00    -0.0610   101.5378     7.5484     7.6654    31.7503    31.7512    25.0363    25.0365    7.14365 0.0000e+00
      29577     15.111     5.5721     5.5816   3.112062   3.112810     2.6516     2.5340      8.166     0.6540   108.3579 6.5815e+00    -0.0610   101.5378     7.5497     7.6684    31.7484    31.7478    25.0343    25.0328    7.14314 0.0000e+00
      29580     15.055     5.5686     5.5927   3.111862   3.113450     2.6512     2.5331      8.166     0.6540   108.3669 6.6274e+00    -0.0610   101.5378     7.5512     7.6650    31.7494    31.7446    25.0355    25.0289    7.14369 0.0000e+00
      29583     15.001     5.5657     5.5967   3.111637   3.113546     2.6512     2.5340      8.166     0.6516   108.3579 6.6659e+00    -0.0610   101.5378     7.5542     7.6701    31.7497    31.7419    25.0361    25.0264    7.14418 0.0000e+00
      29586     14.945     5.5649     5.5930   3.111608   3.113056     2.6512     2.5336      8.166     0.6663   108.3579 6.7280e+00    -0.0614   101.5469     7.5568     7.6716    31.7501    31.7398    25.0365    25.0252    7.14429 0.0000e+00
      29589     14.889     5.5689     5.5858   3.112146   3.112794     2.6512     2.5336      8.166     0.6663   108.3758 6.7826e+00    -0.0621   101.5650     7.5577     7.6749    31.7524    31.7438    25.0379    25.0291    7.14350 0.0000e+00
      29592     14.830     5.5805     5.5801   3.113100   3.112715     2.6512     2.5340      8.166     0.6712   108.3579 6.8299e+00    -0.0628   101.5831     7.5574     7.6785    31.7523    31.7483    25.0365    25.0334    7.14152 0.0000e+00
      29595     14.771     5.5912     5.5811   3.113409   3.112775     2.6516     2.5340      8.166     0.6687   108.3579 6.8775e+00    -0.0625   101.5740     7.5596     7.6795    31.7457    31.7480    25.0300    25.0330    7.13999 0.0000e+00
      29598     14.714     5.5941     5.5838   3.113748   3.112991     2.6512     2.5340      8.166     0.6638   108.3669 6.9174e+00    -0.0625   101.5740     7.5597     7.6782    31.7468    31.7480    25.0305    25.0327    7.13944 0.0000e+00
      29601     14.654     5.5964     5.5852   3.113838   3.113036     2.6512     2.5344      8.166     0.6687   108.3669 6.9576e+00    -0.0625   101.5740     7.5617     7.6791    31.7457    31.7472    25.0294    25.0319    7.13911 0.0000e+00
      29604     14.594     5.5953     5.5820   3.113745   3.112784     2.6524     2.5352      8.166     0.6663   108.3669 7.0060e+00    -0.0621   101.5650     7.5687     7.6828    31.7457    31.7474    25.0295    25.0324    7.13929 0.0000e+00
      29607     14.532     5.5933     5.5795   3.113581   3.112651     2.6524     2.5352      8.166     0.6663   108.3669 7.0386e+00    -0.0603   101.5198     7.5720     7.6822    31.7458    31.7482    25.0298    25.0334    7.13963 0.0000e+00
      29610     14.470     5.5901     5.5800   3.113201   3.112727     2.6524     2.5352      8.166     0.6858   108.3669 7.0794e+00    -0.0578   101.4564     7.5750     7.6817    31.7445    31.7487    25.0292    25.0337    7.14023 0.0000e+00
      29613     14.406     5.5857     5.5819   3.112960   3.112885     2.6524     2.5352      8.166     0.7737   108.3669 7.1205e+00    -0.0578   101.4564     7.5773     7.6801    31.7459    31.7488    25.0308    25.0335    7.14091 0.0000e+00
      29616     14.340     5.5825     5.5860   3.112805   3.113103     2.6532     2.5348      8.166     0.7713   108.3669 7.1536e+00    -0.0578   101.4564     7.5821     7.6762    31.7472    31.7473    25.0322    25.0319    7.14140 0.0000e+00
      29619     14.275     5.5852     5.5846   3.113167   3.112907     2.6536     2.5352      8.166     0.7713   108.3669 7.1868e+00    -0.0578   101.4564     7.5837     7.6764    31.7488    31.7465    25.0332    25.0314    7.14087 0.0000e+00
      29622     14.209     5.5970     5.5869   3.114062   3.113167     2.6540     2.5352      8.166     0.7737   108.3579 7.2285e+00    -0.0578   101.4564     7.5833     7.6741    31.7478    31.7473    25.0310    25.0317    7.13889 0.0000e+00
      29625     14.142     5.6001     5.5917   3.114165   3.113572     2.6549     2.5352      8.166     0.7737   108.3579 7.2957e+00    -0.0578   101.4564     7.5848     7.6717    31.7461    31.7473    25.0293    25.0312    7.13845 0.0000e+00
      29628     14.074     5.5999     5.5967   3.114110   3.113889     2.6553     2.5352      8.166     0.7713   108.3758 7.3211e+00    -0.0603   101.5197     7.5846     7.6705    31.7456    31.7462    25.0290    25.0298    7.13849 0.0000e+00
      29631     14.007     5.6020     5.5960   3.114306   3.113775     2.6565     2.5356      8.166     0.7688   108.3579 7.3978e+00    -0.0614   101.5469     7.5876     7.6739    31.7459    31.7456    25.0289    25.0294    7.13812 0.0000e+00
      29634     13.939     5.6033     5.5948   3.114284   3.113675     2.6561     2.5356      8.166     0.7762   108.3669 7.4752e+00    -0.0610   101.5378     7.5846     7.6757    31.7445    31.7457    25.0277    25.0296    7.13797 0.0000e+00
      29637     13.872     5.6009     5.5953   3.114055   3.113712     2.6565     2.5352      8.166     0.7762   108.3669 7.5012e+00    -0.0610   101.5378     7.5846     7.6752    31.7443    31.7456    25.0278    25.0295    7.13840 0.0000e+00
      29640     13.805     5.6020     5.5985   3.114267   3.113966     2.6569     2.5352      8.166     0.7762   108.3669 7.5886e+00    -0.0617   101.5559     7.5828     7.6752    31.7456    31.7455    25.0287    25.0290    7.13814 0.0000e+00
      29643     13.736     5.6056     5.6030   3.114492   3.114335     2.6569     2.5352      8.166     0.7737   108.3758 7.6415e+00    -0.0617   101.5559     7.5797     7.6764    31.7448    31.7455    25.0276    25.0285    7.13756 0.0000e+00
      29646     13.667     5.6057     5.6060   3.114511   3.114578     2.6573     2.5352      8.166     0.7762   108.3669 7.6859e+00    -0.0610   101.5378     7.5782     7.6779    31.7450    31.7454    25.0278    25.0281    7.13754 0.0000e+00
      29649     13.598     5.6077     5.6082   3.114661   3.114759     2.6569     2.5356      8.166     0.7762   108.3579 7.7484e+00    -0.0632   101.5921     7.5739     7.6805    31.7447    31.7454    25.0273    25.0278    7.13720 0.0000e+00
      29652     13.527     5.6081     5.6090   3.114643   3.114716     2.6569     2.5360      8.166     0.7762   108.3669 7.8385e+00    -0.0635   101.6011     7.5710     7.6829    31.7443    31.7442    25.0269    25.0268    7.13716 0.0000e+00
      29655     13.458     5.6079     5.6085   3.114643   3.114787     2.6573     2.5364      8.166     0.7786   108.3669 7.8932e+00    -0.0632   101.5921     7.5699     7.6852    31.7444    31.7455    25.0271    25.0278    7.13719 0.0000e+00
      29658     13.390     5.6100     5.6087   3.114750   3.114766     2.6577     2.5364      8.166     0.7762   108.3758 7.9666e+00    -0.0632   101.5921     7.5688     7.6870    31.7437    31.7451    25.0263    25.0275    7.13686 0.0000e+00
      29661     13.324     5.6106     5.6087   3.114808   3.114800     2.6573     2.5364      8.166     0.7762   108.3669 8.0129e+00    -0.0632   101.5921     7.5637     7.6870    31.7439    31.7455    25.0263    25.0278    7.13676 0.0000e+00
      29664     13.259     5.6102     5.6100   3.114922   3.115211     2.6573     2.5368      8.166     0.8103   108.3669 8.0500e+00    -0.0632   101.5921     7.5613     7.6876    31.7455    31.7490    25.0276    25.0305    7.13674 0.0000e+00
      29667     13.193     5.6170     5.6149   3.115729   3.115366     2.6573     2.5376      8.166     0.8201    61.0539 8.1062e+00    -0.0628   101.5831     7.5577     7.6894    31.7483    31.7461    25.0290    25.0277    7.13545 0.0000e+00
      29670     13.127     5.6314     5.6157   3.116570   3.115364     2.6573     2.5376      8.166     0.8201    -0.8183 8.1816e+00    -0.0621   101.5650     7.5537     7.6882    31.7441    31.7454    25.0241    25.0269    7.13317 0.0000e+00
      29673     13.063     5.6479     5.6183   3.117649   3.115741     2.6569     2.5376      8.166     0.8201     0.5516 8.2386e+00    -0.0628   101.5831     7.5487     7.6850    31.7408    31.7472    25.0196    25.0281    7.13052 0.0000e+00
      29676     12.997     5.6621     5.6244   3.118745   3.115930     2.6565     2.5376      8.166     0.8201     0.5337 8.2768e+00    -0.0625   101.5740     7.5439     7.6811    31.7397    31.7436    25.0171    25.0245    7.12813 0.0000e+00
