Datasets/AZMP/COO001/79001067.cnv
* Sea-Bird SBE 9 Data File:
* FileName = C:\CTDDATA\79001067.hex
* Software Version Seasave V 7.26.7.110
* Temperature SN = 5660
* Conductivity SN = 3698
* Number of Bytes Per Scan = 30
* Number of Voltage Words = 4
* Number of Scans Averaged by the Deck Unit = 1
* NMEA baud rate = 9600
** VESSEL/TRIP/SEQ STN:  79001067
** LATITUDE XX XX.XX N:  48 05.40 N
** LONGITUDE XX XX.XX W:  55 03.30 W
** SOUNDING DEPTH (M):  0096
** PROBE TYPE: S1257
** CTD NUMBER: 034
** COMMENTS (14 CHAR): TB-01
** BOTTLES:  0
** LEVELS:
** STICKERS:
** VNET: N
** DO2: N
# nquan = 22
# nvalues = 2547                        
# units = specified
# name 0 = scan: Scan Count
# name 1 = prDM: Pressure, Digiquartz [db]
# name 2 = t090C: Temperature [ITS-90, deg C]
# name 3 = t190C: Temperature, 2 [ITS-90, deg C]
# name 4 = c0S/m: Conductivity [S/m]
# name 5 = c1S/m: Conductivity, 2 [S/m]
# name 6 = sbeox0V: Oxygen raw, SBE 43 [V]
# name 7 = sbeox1V: Oxygen raw, SBE 43, 2 [V]
# name 8 = ph: pH
# name 9 = flECO-AFL: Fluorescence, WET Labs ECO-AFL/FL [mg/m^3]
# name 10 = wetCDOM: Fluorescence, WET Labs CDOM [mg/m^3]
# name 11 = par/sat/log: PAR/Logarithmic, Satlantic [umol photons/m^2/sec]
# name 12 = CStarAt0: Beam Attenuation, WET Labs C-Star [1/m]
# name 13 = CStarTr0: Beam Transmission, WET Labs C-Star [%]
# name 14 = sbeox0ML/L: Oxygen, SBE 43 [ml/l], WS = 2
# name 15 = sbeox1ML/L: Oxygen, SBE 43, 2 [ml/l], WS = 2
# name 16 = sal00: Salinity, Practical [PSU]
# name 17 = sal11: Salinity, Practical, 2 [PSU]
# name 18 = sigma-t00: Density [sigma-t, kg/m^3 ]
# name 19 = sigma-t11: Density, 2 [sigma-t, kg/m^3 ]
# name 20 = oxsatML/L: Oxygen Saturation, Weiss [ml/l]
# name 21 = flag: flag
# span 0 =          4,      10607       
# span 1 =      0.861,     88.403       
# span 2 =     1.5362,     4.1944       
# span 3 =     1.4597,     4.2360       
# span 4 =   2.827158,   2.967707       
# span 5 =   2.822227,   2.969074       
# span 6 =     2.5604,     2.7894       
# span 7 =     2.6366,     2.7389       
# span 8 =      8.109,      8.148       
# span 9 =     0.0801,     0.5978       
# span 10 =     0.7401,     2.1614      
# span 11 = 1.0740e-01, 1.4231e+00      
# span 12 =     0.0736,     0.1966      
# span 13 =    95.2045,    98.1764      
# span 14 =     6.7085,     7.7648      
# span 15 =     7.7237,     8.1761      
# span 16 =    31.4046,    32.3226      
# span 17 =    31.3786,    32.3165      
# span 18 =    24.9084,    25.8557      
# span 19 =    24.8844,    25.8528      
# span 20 =    7.40338,    7.87101      
# span 21 = 0.0000e+00, 0.0000e+00      
# interval = scans: 3                   
# start_time = Nov 30 2019 22:13:17 [System UTC, header]
# bad_flag = -9.990e-29
*END*
[from data line 2371]
       9836     14.711     3.6725     3.7049   2.952832   2.954632     2.7825     2.7275      8.144     0.4610     1.9245 1.0790e-01     0.1088    97.3161     7.5737     7.8971    31.7282    31.7179    25.2150    25.2039    7.48366 0.0000e+00
       9839     14.645     3.6721     3.7057   2.952864   2.954636     2.7820     2.7279      8.144     0.4562     1.9245 1.0790e-01     0.1088    97.3161     7.5713     7.8987    31.7289    31.7172    25.2157    25.2032    7.48369 0.0000e+00
       9842     14.576     3.6693     3.7063   2.952437   2.954677     2.7816     2.7275      8.144     0.4659     1.9245 1.0790e-01     0.1088    97.3161     7.5710     7.8972    31.7267    31.7172    25.2141    25.2032    7.48433 0.0000e+00
       9845     14.504     3.6644     3.7069   2.952150   2.954699     2.7820     2.7279      8.144     0.4610     1.9245 1.0790e-01     0.1088    97.3161     7.5736     7.8979    31.7280    31.7168    25.2157    25.2029    7.48517 0.0000e+00
       9848     14.429     3.6593     3.7073   2.951976   2.954699     2.7825     2.7283      8.144     0.4610     1.9245 1.0790e-01     0.1106    97.2727     7.5758     7.8980    31.7309    31.7165    25.2185    25.2026    7.48597 0.0000e+00
       9851     14.349     3.6545     3.7074   2.951845   2.954696     2.7833     2.7291      8.144     0.4610     1.9245 1.0790e-01     0.1110    97.2640     7.5781     7.8997    31.7341    31.7164    25.2214    25.2025    7.48671 0.0000e+00
       9854     14.267     3.6535     3.7085   2.952130   2.954766     2.7841     2.7287      8.144     0.4757     1.9245 1.0790e-01     0.1110    97.2640     7.5787     7.8982    31.7385    31.7163    25.2250    25.2022    7.48668 0.0000e+00
       9857     14.185     3.6564     3.7095   2.952344   2.954785     2.7825     2.7291      8.144     0.4904     1.9245 1.0790e-01     0.1113    97.2553     7.5704     7.8976    31.7383    31.7156    25.2246    25.2016    7.48615 0.0000e+00
       9860     14.099     3.6582     3.7092   2.952259   2.954707     2.7837     2.7291      8.144     0.4855     1.9245 1.0790e-01     0.1110    97.2640     7.5728     7.8944    31.7356    31.7150    25.2222    25.2012    7.48595 0.0000e+00
       9863     14.010     3.6569     3.7067   2.952092   2.954600     2.7829     2.7287      8.144     0.5002     1.9245 1.0790e-01     0.1110    97.2640     7.5691     7.8911    31.7349    31.7161    25.2219    25.2023    7.48623 0.0000e+00
       9866     13.919     3.6566     3.7033   2.952067   2.954523     2.7833     2.7291      8.144     0.4904     1.9245 1.0790e-01     0.1113    97.2553     7.5683     7.8900    31.7349    31.7186    25.2219    25.2046    7.48628 0.0000e+00
       9869     13.823     3.6561     3.7043   2.952160   2.954754     2.7833     2.7291      8.144     0.4953     1.9245 1.0790e-01     0.1120    97.2379     7.5669     7.8864    31.7366    31.7204    25.2232    25.2059    7.48629 0.0000e+00
       9872     13.725     3.6534     3.7100   2.951754   2.954971     2.7829     2.7291      8.144     0.5050     1.9245 1.0790e-01     0.1120    97.2379     7.5664     7.8828    31.7345    31.7175    25.2218    25.2031    7.48691 0.0000e+00
       9875     13.628     3.6587     3.7096   2.952535   2.954596     2.7825     2.7299      8.144     0.4953     1.9245 1.0790e-01     0.1120    97.2379     7.5653     7.8861    31.7386    31.7135    25.2247    25.2000    7.48571 0.0000e+00
       9878     13.530     3.6626     3.7012   2.952478   2.954301     2.7816     2.7299      8.144     0.4855     2.0429 1.0790e-01     0.1120    97.2379     7.5632     7.8889    31.7342    31.7183    25.2208    25.2045    7.48521 0.0000e+00
       9881     13.427     3.6670     3.6961   2.952965   2.954179     2.7825     2.7291      8.144     0.4318     2.0429 1.0790e-01     0.1120    97.2379     7.5671     7.8886    31.7358    31.7218    25.2216    25.2078    7.48431 0.0000e+00
       9884     13.326     3.6740     3.6935   2.953362   2.954164     2.7816     2.7291      8.144     0.4171     2.0429 1.0790e-01     0.1120    97.2379     7.5637     7.8905    31.7337    31.7242    25.2193    25.2099    7.48311 0.0000e+00
       9887     13.224     3.6799     3.6915   2.953560   2.954013     2.7825     2.7291      8.144     0.4171     2.0429 1.0790e-01     0.1120    97.2379     7.5659     7.8916    31.7304    31.7244    25.2161    25.2103    7.48218 0.0000e+00
       9890     13.118     3.6842     3.6892   2.953701   2.953948     2.7820     2.7291      8.144     0.4220     2.0429 1.0790e-01     0.1120    97.2379     7.5625     7.8919    31.7278    31.7259    25.2137    25.2117    7.48149 0.0000e+00
       9893     13.014     3.6876     3.6880   2.953769   2.953910     2.7833     2.7291      8.144     0.4220     2.0429 1.0790e-01     0.1120    97.2379     7.5671     7.8912    31.7254    31.7267    25.2115    25.2125    7.48098 0.0000e+00
       9896     12.911     3.6891     3.6887   2.953705   2.954047     2.7837     2.7295      8.144     0.4171     2.0429 1.0790e-01     0.1120    97.2379     7.5676     7.8906    31.7232    31.7277    25.2096    25.2132    7.48081 0.0000e+00
       9899     12.807     3.6902     3.6959   2.953757   2.954459     2.7841     2.7299      8.144     0.4220     2.0429 1.0790e-01     0.1120    97.2379     7.5674     7.8883    31.7229    31.7256    25.2092    25.2109    7.48063 0.0000e+00
       9902     12.704     3.6908     3.7038   2.953658   2.954840     2.7825     2.7303      8.144     0.4171     2.0034 1.0790e-01     0.1120    97.2379     7.5607     7.8879    31.7211    31.7225    25.2078    25.2077    7.48060 0.0000e+00
       9905     12.601     3.6884     3.7135   2.953436   2.955068     2.7841     2.7303      8.144     0.4269     1.9245 1.0790e-01     0.1120    97.2379     7.5633     7.8843    31.7209    31.7158    25.2078    25.2014    7.48105 0.0000e+00
       9908     12.501     3.6889     3.7189   2.953596   2.955594     2.7829     2.7303      8.144     0.4708     1.9245 1.0790e-01     0.1131    97.2118     7.5572     7.8802    31.7223    31.7169    25.2089    25.2018    7.48089 0.0000e+00
       9911     12.405     3.6902     3.7308   2.953897   2.955950     2.7825     2.7303      8.144     0.4708     1.9245 1.0790e-01     0.1138    97.1945     7.5516     7.8752    31.7247    31.7095    25.2107    25.1948    7.48054 0.0000e+00
       9914     12.310     3.6938     3.7342   2.954185   2.956165     2.7820     2.7303      8.144     0.4659     1.9245 1.0790e-01     0.1135    97.2031     7.5469     7.8716    31.7247    31.7088    25.2103    25.1939    7.47986 0.0000e+00
       9917     12.217     3.6989     3.7359   2.954488   2.955928     2.7829     2.7299      8.144     0.4611     1.9245 1.0790e-01     0.1135    97.2031     7.5487     7.8672    31.7233    31.7044    25.2088    25.1903    7.47898 0.0000e+00
       9920     12.128     3.7041     3.7318   2.954710   2.955820     2.7816     2.7295      8.144     0.4659     1.9245 1.0790e-01     0.1135    97.2031     7.5452     7.8623    31.7210    31.7071    25.2064    25.1928    7.47814 0.0000e+00
       9923     12.042     3.7119     3.7304   2.955163   2.955786     2.7816     2.7291      8.146     0.4610     1.9245 1.0790e-01     0.1138    97.1945     7.5466     7.8586    31.7187    31.7081    25.2039    25.1937    7.47679 0.0000e+00
       9926     11.961     3.7211     3.7311   2.955264   2.955873     2.7825     2.7291      8.144     0.4610     1.9245 1.0790e-01     0.1142    97.1858     7.5502     7.8581    31.7111    31.7085    25.1970    25.1940    7.47547 0.0000e+00
       9929     11.883     3.7221     3.7342   2.954843   2.956016     2.7812     2.7291      8.146     0.4610     1.9245 1.0790e-01     0.1153    97.1597     7.5487     7.8581    31.7051    31.7072    25.1921    25.1927    7.47557 0.0000e+00
       9932     11.811     3.7175     3.7390   2.954745   2.956289     2.7816     2.7291      8.144     0.4757     1.9245 1.0790e-01     0.1153    97.1597     7.5538     7.8590    31.7084    31.7059    25.1952    25.1912    7.47626 0.0000e+00
       9935     11.741     3.7164     3.7512   2.954942   2.957010     2.7804     2.7291      8.146     0.4855     1.9245 1.0790e-01     0.1153    97.1597     7.5528     7.8593    31.7119    31.7026    25.1981    25.1874    7.47629 0.0000e+00
       9938     11.675     3.7195     3.7699   2.955435   2.957797     2.7816     2.7291      8.144     0.4904     1.9245 1.0790e-01     0.1153    97.1597     7.5587     7.8589    31.7148    31.6938    25.2000    25.1787    7.47558 0.0000e+00
       9941     11.613     3.7297     3.7817   2.955894   2.958035     2.7820     2.7291      8.144     0.4904     1.9245 1.0790e-01     0.1153    97.1597     7.5604     7.8596    31.7103    31.6852    25.1956    25.1707    7.47390 0.0000e+00
       9944     11.553     3.7390     3.7968   2.956029   2.958593     2.7829     2.7283      8.144     0.4904     1.9245 1.0790e-01     0.1153    97.1597     7.5626     7.8556    31.7029    31.6771    25.1888    25.1629    7.47255 0.0000e+00
       9947     11.501     3.7452     3.8154   2.956125   2.958808     2.7825     2.7287      8.144     0.4904     1.9245 1.0790e-01     0.1156    97.1510     7.5604     7.8553    31.6981    31.6616    25.1844    25.1488    7.47164 0.0000e+00
       9950     11.453     3.7521     3.8085   2.956486   2.958698     2.7825     2.7287      8.144     0.5002     1.9245 1.0790e-01     0.1185    97.0815     7.5610     7.8572    31.6957    31.6670    25.1818    25.1538    7.47047 0.0000e+00
       9953     11.407     3.7635     3.8308   2.956765   2.959132     2.7829     2.7287      8.146     0.4953     1.9245 1.0790e-01     0.1185    97.0815     7.5617     7.8543    31.6879    31.6506    25.1746    25.1386    7.46875 0.0000e+00
       9956     11.366     3.7581     3.8234   2.955627   2.958851     2.7829     2.7291      8.144     0.4953     1.9640 1.0790e-01     0.1181    97.0902     7.5636     7.8577    31.6797    31.6544    25.1686    25.1424    7.47015 0.0000e+00
       9959     11.326     3.7413     3.8263   2.954904   2.958647     2.7837     2.7291      8.144     0.4806     2.0429 1.0790e-01     0.1185    97.0815     7.5678     7.8582    31.6874    31.6493    25.1763    25.1380    7.47288 0.0000e+00
       9962     11.287     3.7226     3.8070   2.954195   2.958036     2.7837     2.7291      8.146     0.4659     2.0429 1.0790e-01     0.1181    97.0902     7.5690     7.8602    31.6972    31.6607    25.1858    25.1489    7.47587 0.0000e+00
       9965     11.250     3.7089     3.7748   2.953957   2.957121     2.7841     2.7291      8.144     0.4806     2.0429 1.0790e-01     0.1185    97.0815     7.5735     7.8638    31.7079    31.6812    25.1955    25.1682    7.47790 0.0000e+00
       9968     11.218     3.7005     3.7570   2.953710   2.956681     2.7820     2.7287      8.144     0.4757     2.0429 1.0790e-01     0.1171    97.1162     7.5681     7.8627    31.7131    31.6933    25.2004    25.1795    7.47920 0.0000e+00
       9971     11.186     3.6935     3.7507   2.953536   2.956473     2.7845     2.7291      8.144     0.4806     2.0429 1.0790e-01     0.1142    97.1858     7.5780     7.8589    31.7179    31.6970    25.2049    25.1830    7.48027 0.0000e+00
       9974     11.157     3.6907     3.7455   2.953664   2.956326     2.7841     2.7291      8.146     0.4757     2.0429 1.0790e-01     0.1142    97.1858     7.5775     7.8551    31.7221    31.7003    25.2086    25.1861    7.48057 0.0000e+00
       9977     11.129     3.6906     3.7418   2.953717   2.956209     2.7849     2.7291      8.144     0.4757     2.0429 1.0790e-01     0.1142    97.1858     7.5810     7.8515    31.7228    31.7026    25.2092    25.1883    7.48056 0.0000e+00
       9980     11.102     3.6905     3.7399   2.953715   2.956177     2.7841     2.7291      8.144     0.4708     2.0429 1.0790e-01     0.1142    97.1858     7.5786     7.8495    31.7229    31.7040    25.2092    25.1896    7.48057 0.0000e+00
       9983     11.077     3.6909     3.7424   2.953765   2.956235     2.7837     2.7291      8.146     0.4806     2.0429 1.0790e-01     0.1142    97.1858     7.5780     7.8483    31.7231    31.7023    25.2093    25.1880    7.48048 0.0000e+00
       9986     11.056     3.6913     3.7462   2.953725   2.956462     2.7853     2.7279      8.144     0.4513     2.0034 1.0790e-01     0.1142    97.1858     7.5859     7.8441    31.7223    31.7013    25.2086    25.1869    7.48045 0.0000e+00
       9989     11.035     3.6913     3.7644   2.953704   2.957017     2.7857     2.7279      8.146     0.4513     2.0429 1.0790e-01     0.1124    97.2292     7.5884     7.8423    31.7220    31.6902    25.2084    25.1764    7.48046 0.0000e+00
       9994     11.001     3.6891     3.7776   2.953513   2.957334     2.7853     2.7267      8.144     0.4513     2.0429 1.0790e-01     0.1117    97.2466     7.5895     7.8398    31.7219    31.6811    25.2086    25.1679    7.48088 0.0000e+00
      10003     10.944     3.6887     3.8074   2.953594   2.958164     2.7869     2.7271      8.144     0.4464     2.0429 1.0790e-01     0.1113    97.2553     7.5932     7.8522    31.7233    31.6620    25.2097    25.1499    7.48088 0.0000e+00
      10009     10.906     3.6892     3.8189   2.953640   2.958579     2.7877     2.7275      8.144     0.4513     2.0429 1.0790e-01     0.1120    97.2379     7.5916     7.8643    31.7234    31.6558    25.2097    25.1440    7.48078 0.0000e+00
      10015     10.865     3.6907     3.8153   2.953690   2.958576     2.7894     2.7279      8.146     0.4806     2.0429 1.0790e-01     0.1120    97.2379     7.5912     7.8778    31.7226    31.6593    25.2089    25.1470    7.48055 0.0000e+00
      10018     10.840     3.6902     3.8167   2.953571   2.958572     2.7881     2.7279      8.146     0.4806     2.0429 1.0790e-01     0.1120    97.2379     7.5823     7.8821    31.7217    31.6579    25.2082    25.1458    7.48069 0.0000e+00
      10021     10.813     3.6899     3.8151   2.953632   2.958522     2.7877     2.7279      8.144     0.4806     2.0429 1.0790e-01     0.1120    97.2379     7.5775     7.8835    31.7227    31.6589    25.2091    25.1467    7.48069 0.0000e+00
      10024     10.786     3.6908     3.8157   2.953669   2.958636     2.7881     2.7283      8.146     0.4806     2.0429 1.0790e-01     0.1120    97.2379     7.5750     7.8862    31.7223    31.6596    25.2087    25.1473    7.48055 0.0000e+00
      10027     10.756     3.6898     3.8173   2.953502   2.958695     2.7890     2.7291      8.144     0.4855     2.0429 1.0790e-01     0.1124    97.2292     7.5737     7.8906    31.7212    31.6589    25.2079    25.1465    7.48077 0.0000e+00
      10030     10.722     3.6888     3.8188   2.953421   2.958556     2.7873     2.7291      8.144     0.4806     2.0429 1.0790e-01     0.1117    97.2466     7.5641     7.8916    31.7213    31.6557    25.2081    25.1439    7.48097 0.0000e+00
      10033     10.684     3.6869     3.8151   2.953254   2.958265     2.7873     2.7291      8.144     0.4757     2.0429 1.0790e-01     0.1110    97.2640     7.5606     7.8935    31.7212    31.6559    25.2082    25.1443    7.48132 0.0000e+00
      10036     10.644     3.6800     3.8037   2.952692   2.958272     2.7873     2.7299      8.144     0.4757     2.0429 1.0790e-01     0.1110    97.2640     7.5587     7.8991    31.7213    31.6671    25.2089    25.1543    7.48261 0.0000e+00
      10039     10.601     3.6730     3.8044   2.952463   2.957818     2.7865     2.7303      8.144     0.4904     2.0429 1.0790e-01     0.1110    97.2640     7.5539     7.9026    31.7254    31.6610    25.2128    25.1494    7.48370 0.0000e+00
      10042     10.555     3.6689     3.7924   2.952540   2.957904     2.7865     2.7303      8.147     0.4806     2.0429 1.0790e-01     0.1110    97.2640     7.5523     7.9049    31.7303    31.6737    25.2170    25.1606    7.48422 0.0000e+00
