Datasets/AZMP/COO001/79001083.cnv
* Sea-Bird SBE 9 Data File:
* FileName = C:\CTDDATA\79001083.hex
* Software Version Seasave V 7.26.7.110
* Temperature SN = 5660
* Conductivity SN = 3698
* Number of Bytes Per Scan = 30
* Number of Voltage Words = 4
* Number of Scans Averaged by the Deck Unit = 1
* NMEA baud rate = 9600
** VESSEL/TRIP/SEQ STN:  79001083
** LATITUDE XX XX.XX N:  48 09.56 N
** LONGITUDE XX XX.XX W:  53 44.76 W
** SOUNDING DEPTH (M):  0064
** PROBE TYPE: S1257
** CTD NUMBER: 050
** COMMENTS (14 CHAR): SS-12
** BOTTLES:  0
** LEVELS:
** STICKERS:
** VNET: N
** DO2: N
# nquan = 22
# nvalues = 2488                        
# units = specified
# name 0 = scan: Scan Count
# name 1 = prDM: Pressure, Digiquartz [db]
# name 2 = t090C: Temperature [ITS-90, deg C]
# name 3 = t190C: Temperature, 2 [ITS-90, deg C]
# name 4 = c0S/m: Conductivity [S/m]
# name 5 = c1S/m: Conductivity, 2 [S/m]
# name 6 = sbeox0V: Oxygen raw, SBE 43 [V]
# name 7 = sbeox1V: Oxygen raw, SBE 43, 2 [V]
# name 8 = ph: pH
# name 9 = flECO-AFL: Fluorescence, WET Labs ECO-AFL/FL [mg/m^3]
# name 10 = wetCDOM: Fluorescence, WET Labs CDOM [mg/m^3]
# name 11 = par/sat/log: PAR/Logarithmic, Satlantic [umol photons/m^2/sec]
# name 12 = CStarAt0: Beam Attenuation, WET Labs C-Star [1/m]
# name 13 = CStarTr0: Beam Transmission, WET Labs C-Star [%]
# name 14 = sbeox0ML/L: Oxygen, SBE 43 [ml/l], WS = 2
# name 15 = sbeox1ML/L: Oxygen, SBE 43, 2 [ml/l], WS = 2
# name 16 = sal00: Salinity, Practical [PSU]
# name 17 = sal11: Salinity, Practical, 2 [PSU]
# name 18 = sigma-t00: Density [sigma-t, kg/m^3 ]
# name 19 = sigma-t11: Density, 2 [sigma-t, kg/m^3 ]
# name 20 = oxsatML/L: Oxygen Saturation, Weiss [ml/l]
# name 21 = flag: flag
# span 0 =        170,       8690       
# span 1 =      1.581,     59.630       
# span 2 =     3.3011,     3.5690       
# span 3 =     3.3008,     3.5701       
# span 4 =   2.878995,   2.931940       
# span 5 =   2.859048,   2.932072       
# span 6 =     2.5508,     2.7242       
# span 7 =     2.6785,     2.6948       
# span 8 =      8.167,      8.179       
# span 9 =     0.2901,     0.9739       
# span 10 =     2.0034,     3.5826      
# span 11 = 1.0520e-01, 4.6014e-01      
# span 12 =     0.0971,     0.2097      
# span 13 =    94.8917,    97.6029      
# span 14 =     6.8090,     7.4701      
# span 15 =     7.7313,     7.8692      
# span 16 =    31.1054,    31.8117      
# span 17 =    30.8064,    31.8141      
# span 18 =    24.7419,    25.3145      
# span 19 =    24.4991,    25.3168      
# span 20 =    7.51955,    7.56406      
# span 21 = 0.0000e+00, 0.0000e+00      
# interval = scans: 3                   
# start_time = Dec 01 2019 21:43:54 [System UTC, header]
# bad_flag = -9.990e-29
*END*
[from data line 132]
        599      6.284     3.4629     3.4682   2.889370   2.890987     2.5592     2.6862      8.174     0.6320     3.5826 1.0790e-01     0.2071    94.9525     6.9092     7.8194    31.1808    31.1951    24.7982    24.8091    7.55035 0.0000e+00
        602      6.337     3.4625     3.4678   2.889275   2.890957     2.5592     2.6862      8.174     0.6369     3.5826 1.0790e-01     0.2075    94.9438     6.9090     7.8159    31.1801    31.1951    24.7977    24.8091    7.55047 0.0000e+00
        605      6.386     3.4624     3.4677   2.889381   2.890951     2.5592     2.6858      8.174     0.6369     3.5826 1.0790e-01     0.2064    94.9699     6.9092     7.8106    31.1814    31.1950    24.7987    24.8091    7.55041 0.0000e+00
        608      6.436     3.4616     3.4678   2.888586   2.890962     2.5604     2.6862      8.174     0.6369     3.5826 1.0790e-01     0.2049    95.0046     6.9153     7.8063    31.1727    31.1950    24.7919    24.8091    7.55101 0.0000e+00
        611      6.485     3.4598     3.4679   2.887689   2.890979     2.5608     2.6862      8.174     0.6222     3.5037 1.0790e-01     0.2053    94.9959     6.9201     7.8011    31.1637    31.1952    24.7849    24.8092    7.55179 0.0000e+00
        614      6.534     3.4579     3.4683   2.887436   2.891095     2.5604     2.6862      8.172     0.6271     3.4642 1.0790e-01     0.2053    94.9959     6.9197     7.7962    31.1625    31.1961    24.7841    24.8099    7.55222 0.0000e+00
        617      6.584     3.4566     3.4683   2.887593   2.891081     2.5604     2.6862      8.174     0.6222     3.4642 1.0790e-01     0.2053    94.9959     6.9197     7.7897    31.1656    31.1959    24.7867    24.8097    7.55231 0.0000e+00
        620      6.633     3.4563     3.4680   2.887561   2.891057     2.5625     2.6862      8.174     0.6271     3.4642 1.0790e-01     0.2053    94.9959     6.9280     7.7858    31.1655    31.1959    24.7865    24.8098    7.55237 0.0000e+00
        623      6.681     3.4557     3.4679   2.887289   2.891027     2.5625     2.6862      8.174     0.6222     3.4642 1.0790e-01     0.2053    94.9959     6.9309     7.7823    31.1628    31.1956    24.7845    24.8095    7.55262 0.0000e+00
        626      6.731     3.4554     3.4677   2.887339   2.890995     2.5613     2.6858      8.172     0.6271     3.4642 1.0790e-01     0.2064    94.9699     6.9291     7.7784    31.1636    31.1953    24.7852    24.8093    7.55264 0.0000e+00
        629      6.781     3.4555     3.4677   2.887374   2.890930     2.5621     2.6862      8.174     0.6125     3.4642 1.0790e-01     0.2068    94.9612     6.9339     7.7769    31.1639    31.1946    24.7855    24.8088    7.55260 0.0000e+00
        632      6.831     3.4551     3.4674   2.887165   2.890866     2.5633     2.6850      8.174     0.6125     3.4642 1.0790e-01     0.2064    94.9699     6.9400     7.7709    31.1618    31.1941    24.7838    24.8084    7.55278 0.0000e+00
        635      6.880     3.4554     3.4673   2.887613   2.890841     2.5645     2.6850      8.174     0.6222     3.4642 1.0790e-01     0.2064    94.9699     6.9488     7.7704    31.1669    31.1939    24.7878    24.8082    7.55248 0.0000e+00
        638      6.935     3.4573     3.4669   2.888687   2.890742     2.5641     2.6846      8.174     0.6320     3.3852 1.0790e-01     0.2064    94.9699     6.9495     7.7692    31.1778    31.1931    24.7963    24.8076    7.55156 0.0000e+00
        641      6.991     3.4593     3.4665   2.889076   2.890694     2.5641     2.6842      8.174     0.6564     3.3457 1.0790e-01     0.2064    94.9699     6.9510     7.7689    31.1805    31.1928    24.7983    24.8075    7.55105 0.0000e+00
        644      7.044     3.4599     3.4665   2.888678   2.890714     2.5653     2.6842      8.174     0.6467     3.3457 1.0790e-01     0.2064    94.9699     6.9583     7.7684    31.1751    31.1930    24.7940    24.8076    7.55120 0.0000e+00
        647      7.098     3.4602     3.4664   2.888948   2.890672     2.5665     2.6846      8.174     0.6515     3.3457 1.0790e-01     0.2060    94.9786     6.9675     7.7694    31.1780    31.1926    24.7962    24.8073    7.55101 0.0000e+00
        650      7.150     3.4609     3.4664   2.889333   2.890675     2.5674     2.6838      8.174     0.6467     3.3457 1.0790e-01     0.2053    94.9959     6.9735     7.7689    31.1819    31.1926    24.7993    24.8073    7.55068 0.0000e+00
        653      7.203     3.4617     3.4664   2.889576   2.890643     2.5678     2.6838      8.174     0.6515     3.3457 1.0790e-01     0.2053    94.9959     6.9756     7.7703    31.1840    31.1922    24.8009    24.8070    7.55043 0.0000e+00
        656      7.256     3.4628     3.4663   2.889793   2.890714     2.5690     2.6838      8.174     0.6467     3.3457 1.0790e-01     0.2057    94.9872     6.9807     7.7720    31.1855    31.1931    24.8020    24.8077    7.55014 0.0000e+00
        659      7.311     3.4635     3.4667   2.889966   2.890825     2.5706     2.6838      8.174     0.6515     3.3457 1.0790e-01     0.2053    94.9959     6.9881     7.7724    31.1869    31.1940    24.8030    24.8084    7.54994 0.0000e+00
        662      7.366     3.4638     3.4666   2.889856   2.890731     2.5702     2.6838      8.174     0.6467     3.3457 1.0790e-01     0.2053    94.9959     6.9883     7.7738    31.1852    31.1930    24.8016    24.8075    7.54995 0.0000e+00
        665      7.419     3.4637     3.4664   2.889717   2.890687     2.5718     2.6838      8.174     0.6418     3.3457 1.0790e-01     0.2064    94.9699     6.9937     7.7734    31.1837    31.1926    24.8004    24.8073    7.55006 0.0000e+00
        668      7.474     3.4636     3.4664   2.889656   2.890658     2.5731     2.6825      8.172     0.6564     3.3457 1.0790e-01     0.2057    94.9872     6.9957     7.7683    31.1830    31.1923    24.7999    24.8071    7.55011 0.0000e+00
        671      7.529     3.4631     3.4662   2.889631   2.890659     2.5739     2.6825      8.174     0.6515     3.3457 1.0790e-01     0.2060    94.9786     6.9971     7.7701    31.1831    31.1924    24.8000    24.8072    7.55019 0.0000e+00
        674      7.584     3.4642     3.4664   2.890389   2.890673     2.5751     2.6834      8.174     0.6515     3.3457 1.0790e-01     0.2064    94.9699     6.9989     7.7751    31.1911    31.1923    24.8063    24.8071    7.54960 0.0000e+00
        677      7.639     3.4656     3.4664   2.890626   2.890705     2.5755     2.6825      8.174     0.6564     3.3457 1.0790e-01     0.2064    94.9699     6.9988     7.7734    31.1925    31.1927    24.8073    24.8074    7.54925 0.0000e+00
        680      7.693     3.4666     3.4665   2.890734   2.890685     2.5763     2.6825      8.174     0.6515     3.3457 1.0790e-01     0.2064    94.9699     6.9999     7.7763    31.1928    31.1924    24.8074    24.8071    7.54904 0.0000e+00
        683      7.750     3.4672     3.4667   2.890698   2.890876     2.5775     2.6825      8.174     0.6467     3.3457 1.0790e-01     0.2060    94.9786     7.0046     7.7783    31.1918    31.1944    24.8066    24.8087    7.54899 0.0000e+00
        686      7.807     3.4672     3.4679   2.890754   2.891171     2.5779     2.6825      8.171     0.6515     3.3457 1.0790e-01     0.2064    94.9699     7.0058     7.7828    31.1924    31.1968    24.8071    24.8105    7.54895 0.0000e+00
        689      7.866     3.4676     3.4684   2.890727   2.891223     2.5784     2.6821      8.172     0.6418     3.3457 1.0790e-01     0.2064    94.9699     7.0068     7.7874    31.1917    31.1968    24.8064    24.8105    7.54891 0.0000e+00
        692      7.925     3.4675     3.4686   2.890615   2.891275     2.5788     2.6821      8.171     0.6271     3.3457 1.0790e-01     0.2064    94.9699     7.0093     7.7922    31.1905    31.1972    24.8055    24.8108    7.54900 0.0000e+00
        695      7.989     3.4674     3.4687   2.890636   2.891326     2.5800     2.6825      8.172     0.6271     3.3457 1.0790e-01     0.2064    94.9699     7.0163     7.7956    31.1908    31.1977    24.8058    24.8111    7.54901 0.0000e+00
        698      8.052     3.4672     3.4685   2.890569   2.891222     2.5804     2.6825      8.174     0.6125     3.3457 1.0790e-01     0.2064    94.9699     7.0206     7.7994    31.1901    31.1967    24.8052    24.8104    7.54907 0.0000e+00
        701      8.113     3.4670     3.4686   2.890525   2.891279     2.5816     2.6825      8.174     0.6222     3.3457 1.0790e-01     0.2064    94.9699     7.0266     7.8023    31.1897    31.1972    24.8049    24.8108    7.54912 0.0000e+00
        704      8.173     3.4669     3.4686   2.890626   2.891220     2.5828     2.6829      8.174     0.6174     3.3457 1.0790e-01     0.2068    94.9612     7.0336     7.8048    31.1910    31.1964    24.8059    24.8101    7.54908 0.0000e+00
        707      8.232     3.4675     3.4682   2.890873   2.891169     2.5840     2.6825      8.174     0.6222     3.3457 1.0790e-01     0.2057    94.9872     7.0400     7.8038    31.1934    31.1962    24.8078    24.8100    7.54886 0.0000e+00
        710      8.292     3.4679     3.4681   2.890976   2.891161     2.5840     2.6838      8.172     0.6125     3.3457 1.0790e-01     0.2053    94.9959     7.0432     7.8092    31.1942    31.1961    24.8085    24.8100    7.54874 0.0000e+00
        713      8.352     3.4683     3.4684   2.891065   2.891291     2.5861     2.6838      8.174     0.6174     3.3457 1.0790e-01     0.2053    94.9959     7.0524     7.8086    31.1948    31.1974    24.8088    24.8109    7.54863 0.0000e+00
        716      8.415     3.4686     3.4689   2.891128   2.891404     2.5869     2.6838      8.171     0.6369     3.3457 1.0790e-01     0.2053    94.9959     7.0559     7.8054    31.1953    31.1982    24.8092    24.8115    7.54855 0.0000e+00
        719      8.480     3.4688     3.4688   2.891143   2.891293     2.5889     2.6838      8.171     0.6564     3.3457 1.0790e-01     0.2053    94.9959     7.0635     7.8005    31.1952    31.1970    24.8092    24.8106    7.54852 0.0000e+00
        722      8.544     3.4689     3.4687   2.891143   2.891401     2.5897     2.6842      8.174     0.6467     3.3457 1.0790e-01     0.2057    94.9872     7.0659     7.7967    31.1951    31.1983    24.8090    24.8116    7.54850 0.0000e+00
        725      8.606     3.4689     3.4690   2.891020   2.891384     2.5902     2.6838      8.174     0.6515     3.3457 1.0790e-01     0.2057    94.9872     7.0666     7.7902    31.1936    31.1978    24.8078    24.8113    7.54857 0.0000e+00
        728      8.665     3.4687     3.4691   2.890922   2.891431     2.5918     2.6838      8.174     0.6467     3.3457 1.0790e-01     0.2075    94.9438     7.0712     7.7859    31.1926    31.1983    24.8071    24.8116    7.54867 0.0000e+00
        731      8.726     3.4684     3.4689   2.890897   2.891355     2.5930     2.6838      8.171     0.6467     3.3457 1.0790e-01     0.2079    94.9351     7.0749     7.7803    31.1926    31.1975    24.8071    24.8109    7.54873 0.0000e+00
        734      8.789     3.4683     3.4683   2.890883   2.891215     2.5942     2.6842      8.174     0.6418     3.3457 1.0790e-01     0.2075    94.9438     7.0773     7.7784    31.1924    31.1964    24.8070    24.8101    7.54875 0.0000e+00
        737      8.850     3.4681     3.4680   2.890816   2.891103     2.5946     2.6838      8.172     0.6515     3.3457 1.0790e-01     0.2075    94.9438     7.0760     7.7763    31.1918    31.1953    24.8065    24.8093    7.54882 0.0000e+00
        740      8.911     3.4678     3.4676   2.890767   2.891034     2.5963     2.6834      8.172     0.6467     3.3457 1.0790e-01     0.2075    94.9438     7.0809     7.7734    31.1914    31.1948    24.8062    24.8090    7.54889 0.0000e+00
        743      8.972     3.4677     3.4675   2.890781   2.891005     2.5971     2.6825      8.172     0.6320     3.3457 1.0790e-01     0.2075    94.9438     7.0854     7.7706    31.1917    31.1945    24.8065    24.8087    7.54890 0.0000e+00
        746      9.033     3.4677     3.4675   2.890770   2.891035     2.5979     2.6825      8.174     0.6320     3.3457 1.0790e-01     0.2071    94.9525     7.0878     7.7716    31.1916    31.1949    24.8063    24.8090    7.54891 0.0000e+00
        749      9.093     3.4676     3.4676   2.890805   2.891039     2.5987     2.6825      8.172     0.6320     3.3457 1.0790e-01     0.2053    94.9959     7.0893     7.7735    31.1920    31.1948    24.8067    24.8089    7.54890 0.0000e+00
        752      9.156     3.4677     3.4676   2.890805   2.891034     2.5995     2.6825      8.172     0.6369     3.3457 1.0790e-01     0.2057    94.9872     7.0923     7.7752    31.1919    31.1948    24.8066    24.8089    7.54889 0.0000e+00
        755      9.217     3.4678     3.4675   2.890952   2.891048     2.6016     2.6821      8.172     0.6320     3.3457 1.0790e-01     0.2053    94.9959     7.0988     7.7759    31.1935    31.1949    24.8079    24.8090    7.54879 0.0000e+00
        758      9.279     3.4684     3.4675   2.891103   2.891025     2.6007     2.6825      8.174     0.6369     3.3457 1.0790e-01     0.2053    94.9959     7.0941     7.7803    31.1947    31.1946    24.8088    24.8088    7.54862 0.0000e+00
        761      9.341     3.4687     3.4675   2.891148   2.891021     2.6024     2.6825      8.172     0.6271     3.3457 1.0790e-01     0.2053    94.9959     7.0978     7.7842    31.1950    31.1946    24.8090    24.8087    7.54855 0.0000e+00
        764      9.401     3.4690     3.4677   2.891078   2.891038     2.6044     2.6821      8.172     0.6320     3.3457 1.0790e-01     0.2053    94.9959     7.1015     7.7863    31.1938    31.1945    24.8080    24.8087    7.54855 0.0000e+00
        767      9.465     3.4690     3.4675   2.891150   2.891068     2.6064     2.6825      8.172     0.6271     3.3457 1.0790e-01     0.2064    94.9699     7.1063     7.7893    31.1946    31.1950    24.8086    24.8091    7.54851 0.0000e+00
        770      9.527     3.4693     3.4681   2.891242   2.891230     2.6052     2.6825      8.172     0.6174     3.3457 1.0790e-01     0.2064    94.9699     7.0984     7.7894    31.1954    31.1964    24.8092    24.8101    7.54842 0.0000e+00
        773      9.589     3.4694     3.4684   2.891236   2.891205     2.6068     2.6825      8.174     0.6174     3.3457 1.0790e-01     0.2064    94.9699     7.0988     7.7897    31.1952    31.1957    24.8091    24.8096    7.54840 0.0000e+00
        776      9.650     3.4693     3.4686   2.891214   2.891366     2.6089     2.6825      8.172     0.6271     3.3457 1.0790e-01     0.2064    94.9699     7.0997     7.7899    31.1950    31.1974    24.8089    24.8110    7.54844 0.0000e+00
        779      9.714     3.4697     3.4690   2.891335   2.891397     2.6085     2.6825      8.171     0.6222     3.3457 1.0790e-01     0.2064    94.9699     7.0925     7.7894    31.1960    31.1974    24.8097    24.8109    7.54830 0.0000e+00
        782      9.777     3.4697     3.4686   2.891324   2.891264     2.6081     2.6825      8.172     0.6125     3.3457 1.0790e-01     0.2060    94.9786     7.0848     7.7905    31.1958    31.1961    24.8095    24.8099    7.54831 0.0000e+00
        785      9.838     3.4700     3.4685   2.891411   2.891450     2.6093     2.6825      8.172     0.6222     3.3457 1.0790e-01     0.2064    94.9699     7.0788     7.7916    31.1966    31.1985    24.8102    24.8118    7.54823 0.0000e+00
        788      9.902     3.4704     3.4703   2.891615   2.891909     2.6097     2.6825      8.169     0.6222     3.3457 1.0790e-01     0.2071    94.9525     7.0696     7.7936    31.1985    31.2021    24.8117    24.8145    7.54804 0.0000e+00
        791      9.964     3.4707     3.4721   2.891598   2.892261     2.6101     2.6825      8.174     0.6271     3.3457 1.0790e-01     0.2075    94.9438     7.0619     7.7955    31.1980    31.2046    24.8113    24.8163    7.54802 0.0000e+00
