Datasets/AZMP/COO001/79001117.cnv
* Sea-Bird SBE 9 Data File:
* FileName = C:\CTDDATA\79001117.hex
* Software Version Seasave V 7.26.7.110
* Temperature SN = 5660
* Conductivity SN = 3698
* Number of Bytes Per Scan = 30
* Number of Voltage Words = 4
* Number of Scans Averaged by the Deck Unit = 1
* NMEA baud rate = 9600
** VESSEL/TRIP/SEQ STN:  79001117
** LATITUDE XX XX.XX N:  47 00.00 N
** LONGITUDE XX XX.XX W:  49 07.00 W
** SOUNDING DEPTH (M):  0085
** PROBE TYPE: S1257
** CTD NUMBER: 077
** COMMENTS (14 CHAR): FC-10
** BOTTLES:  9
** LEVELS: 5,5,10,20,20,30,40,50,BTM
** STICKERS: 435576 - 435584
** VNET: Y
** DO2: N
# nquan = 22
# nvalues = 1897                        
# units = specified
# name 0 = scan: Scan Count
# name 1 = prDM: Pressure, Digiquartz [db]
# name 2 = t090C: Temperature [ITS-90, deg C]
# name 3 = t190C: Temperature, 2 [ITS-90, deg C]
# name 4 = c0S/m: Conductivity [S/m]
# name 5 = c1S/m: Conductivity, 2 [S/m]
# name 6 = sbeox0V: Oxygen raw, SBE 43 [V]
# name 7 = sbeox1V: Oxygen raw, SBE 43, 2 [V]
# name 8 = ph: pH
# name 9 = flECO-AFL: Fluorescence, WET Labs ECO-AFL/FL [mg/m^3]
# name 10 = wetCDOM: Fluorescence, WET Labs CDOM [mg/m^3]
# name 11 = par/sat/log: PAR/Logarithmic, Satlantic [umol photons/m^2/sec]
# name 12 = CStarAt0: Beam Attenuation, WET Labs C-Star [1/m]
# name 13 = CStarTr0: Beam Transmission, WET Labs C-Star [%]
# name 14 = sbeox0ML/L: Oxygen, SBE 43 [ml/l], WS = 2
# name 15 = sbeox1ML/L: Oxygen, SBE 43, 2 [ml/l], WS = 2
# name 16 = sal00: Salinity, Practical [PSU]
# name 17 = sal11: Salinity, Practical, 2 [PSU]
# name 18 = sigma-t00: Density [sigma-t, kg/m^3 ]
# name 19 = sigma-t11: Density, 2 [sigma-t, kg/m^3 ]
# name 20 = oxsatML/L: Oxygen Saturation, Weiss [ml/l]
# name 21 = flag: flag
# span 0 =         94,      29807       
# span 1 =      0.599,     77.849       
# span 2 =    -0.6246,     4.6850       
# span 3 =    -0.6254,     4.7099       
# span 4 =   2.698943,   3.076510       
# span 5 =   2.035525,   3.078600       
# span 6 =     2.4079,     2.7712       
# span 7 =     2.3785,     2.7438       
# span 8 =      8.021,      8.175       
# span 9 =     0.0654,     0.8762       
# span 10 =     1.3323,     2.1614      
# span 11 = 1.0790e-01, 3.2692e+01      
# span 12 =     0.1013,     0.6434      
# span 13 =    85.1417,    97.4986      
# span 14 =     6.2988,     7.4836      
# span 15 =     6.1835,     9.1160      
# span 16 =    31.2428,    33.6314      
# span 17 =    20.5114,    33.2794      
# span 18 =    24.9550,    26.9677      
# span 19 =    16.2349,    26.7020      
# span 20 =    7.27656,    8.29738      
# span 21 = 0.0000e+00, 0.0000e+00      
# interval = scans: 3                   
# start_time = Dec 07 2019 11:20:13 [System UTC, header]
# bad_flag = -9.990e-29
*END*
[from data line 593]
       3346     57.759    -0.5019    -0.6214   2.704987   2.699831     2.4273     2.4155      8.089     0.2169     1.9245 1.0802e-01     0.1120    97.2379     7.1809     7.5453    32.8736    32.9343    26.4117    26.4656    8.27321 0.0000e+00
       3350     57.792    -0.5330    -0.6216   2.702981   2.699819     2.4281     2.4147      8.087     0.1925     1.9640 1.0802e-01     0.1120    97.2379     7.1953     7.5426    32.8804    32.9344    26.4185    26.4656    8.27974 0.0000e+00
       3355     57.831    -0.5783    -0.6218   2.701178   2.699821     2.4289     2.4139      8.086     0.1729     2.0429 1.0790e-01     0.1138    97.1945     7.2076     7.5402    32.9055    32.9345    26.4405    26.4658    8.28842 0.0000e+00
       3359     57.860    -0.5910    -0.6214   2.701309   2.699829     2.4289     2.4130      8.084     0.1876     2.0429 1.0790e-01     0.1163    97.1336     7.2110     7.5378    32.9210    32.9342    26.4536    26.4655    8.29038 0.0000e+00
       3362     57.891    -0.5937    -0.6216   2.701268   2.699832     2.4273     2.4126      8.084     0.1778     2.0429 1.0802e-01     0.1156    97.1510     7.2055     7.5376    32.9234    32.9345    26.4556    26.4657    8.29085 0.0000e+00
       3365     57.922    -0.5954    -0.6213   2.700958   2.699830     2.4265     2.4126      8.081     0.1827     2.0429 1.0790e-01     0.1160    97.1423     7.2015     7.5404    32.9211    32.9342    26.4538    26.4654    8.29136 0.0000e+00
       3368     57.956    -0.5968    -0.6214   2.700735   2.699834     2.4273     2.4118      8.081     0.1729     2.0429 1.0790e-01     0.1160    97.1423     7.2041     7.5381    32.9196    32.9343    26.4527    26.4655    8.29177 0.0000e+00
       3371     57.991    -0.6046    -0.6216   2.699778   2.699838     2.4277     2.4114      8.079     0.1778     2.0429 1.0802e-01     0.1160    97.1423     7.2048     7.5388    32.9152    32.9345    26.4495    26.4657    8.29376 0.0000e+00
       3374     58.031    -0.6113    -0.6215   2.699600   2.699836     2.4293     2.4102      8.079     0.1632     2.0429 1.0790e-01     0.1160    97.1423     7.2088     7.5359    32.9201    32.9343    26.4537    26.4655    8.29498 0.0000e+00
       3377     58.075    -0.6148    -0.6214   2.699585   2.699851     2.4265     2.4102      8.079     0.0850     2.0429 1.0802e-01     0.1210    97.0207     7.1998     7.5371    32.9236    32.9344    26.4566    26.4656    8.29554 0.0000e+00
       3380     58.121    -0.6169    -0.6214   2.699564   2.699849     2.4269     2.4102      8.077     0.0899     2.0429 1.0802e-01     0.1224    96.9859     7.2011     7.5377    32.9257    32.9344    26.4584    26.4656    8.29591 0.0000e+00
       3383     58.168    -0.6177    -0.6214   2.699609   2.699845     2.4269     2.4090      8.076     0.0899     2.0429 1.0802e-01     0.1217    97.0033     7.2027     7.5364    32.9270    32.9343    26.4595    26.4656    8.29600 0.0000e+00
       3386     58.223    -0.6179    -0.6217   2.699624   2.699867     2.4265     2.4090      8.074     0.0899     2.0429 1.0790e-01     0.1221    96.9946     7.2019     7.5363    32.9275    32.9349    26.4599    26.4660    8.29603 0.0000e+00
       3389     58.277    -0.6178    -0.6215   2.699630   2.699861     2.4261     2.4086      8.074     0.0850     2.0429 1.0790e-01     0.1224    96.9859     7.1986     7.5357    32.9273    32.9345    26.4598    26.4657    8.29600 0.0000e+00
       3392     58.330    -0.6175    -0.6214   2.699666   2.699891     2.4261     2.4077      8.073     0.0947     2.0429 1.0790e-01     0.1224    96.9859     7.1963     7.5362    32.9276    32.9348    26.4600    26.4660    8.29594 0.0000e+00
       3395     58.385    -0.6170    -0.6198   2.699653   2.700005     2.4257     2.4077      8.070     0.0899     2.0429 1.0790e-01     0.1213    97.0120     7.1958     7.5395    32.9267    32.9345    26.4593    26.4657    8.29586 0.0000e+00
       3398     58.443    -0.6174    -0.6188   2.699588   2.699989     2.4257     2.4073      8.067     0.0899     2.0429 1.0802e-01     0.1156    97.1510     7.2001     7.5422    32.9263    32.9332    26.4589    26.4645    8.29598 0.0000e+00
       3401     58.502    -0.6179    -0.6206   2.699535   2.699898     2.4265     2.4069      8.065     0.0850     2.0824 1.0802e-01     0.1153    97.1597     7.2052     7.5442    32.9261    32.9339    26.4588    26.4652    8.29611 0.0000e+00
       3404     58.561    -0.6186    -0.6209   2.699529   2.699914     2.4249     2.4065      8.063     0.0899     2.1614 1.0802e-01     0.1153    97.1597     7.1994     7.5478    32.9267    32.9344    26.4593    26.4656    8.29623 0.0000e+00
       3407     58.619    -0.6190    -0.6205   2.699503   2.699942     2.4249     2.4065      8.060     0.0850     2.1614 1.0790e-01     0.1153    97.1597     7.2020     7.5547    32.9268    32.9343    26.4594    26.4656    8.29631 0.0000e+00
       3410     58.674    -0.6194    -0.6202   2.699495   2.699951     2.4249     2.4053      8.058     0.0947     2.1614 1.0790e-01     0.1153    97.1597     7.2031     7.5542    32.9270    32.9341    26.4596    26.4654    8.29638 0.0000e+00
       3413     58.728    -0.6196    -0.6202   2.699559   2.699918     2.4253     2.4053      8.055     0.0850     2.1614 1.0790e-01     0.1153    97.1597     7.2055     7.5581    32.9281    32.9336    26.4605    26.4650    8.29637 0.0000e+00
       3416     58.783    -0.6195    -0.6204   2.699525   2.699907     2.4249     2.4053      8.055     0.0899     2.1614 1.0790e-01     0.1181    97.0902     7.2061     7.5626    32.9276    32.9336    26.4600    26.4649    8.29639 0.0000e+00
       3419     58.835    -0.6199    -0.6206   2.699519   2.699901     2.4257     2.4053      8.055     0.0899     2.1614 1.0790e-01     0.1228    96.9772     7.2092     7.5675    32.9279    32.9338    26.4603    26.4651    8.29646 0.0000e+00
       3422     58.886    -0.6203    -0.6211   2.699515   2.699909     2.4249     2.4053      8.050     0.0899     2.1614 1.0790e-01     0.1228    96.9772     7.2070     7.5746    32.9282    32.9344    26.4606    26.4656    8.29652 0.0000e+00
       3425     58.933    -0.6204    -0.6211   2.699524   2.699891     2.4245     2.4049      8.050     0.0850     2.1614 1.0802e-01     0.1224    96.9859     7.2081     7.5800    32.9285    32.9341    26.4608    26.4654    8.29654 0.0000e+00
       3428     58.976    -0.6203    -0.6213   2.699565   2.699908     2.4249     2.4053      8.050     0.0899     2.0824 1.0802e-01     0.1228    96.9772     7.2128     7.5867    32.9288    32.9345    26.4611    26.4657    8.29649 0.0000e+00
       3431     59.014    -0.6202    -0.6212   2.699597   2.699909     2.4249     2.4053      8.050     0.0850     2.0429 1.0790e-01     0.1228    96.9772     7.2136     7.5920    32.9291    32.9343    26.4613    26.4656    8.29645 0.0000e+00
       3434     59.050    -0.6201    -0.6211   2.699578   2.699918     2.4245     2.4045      8.050     0.0850     2.0429 1.0790e-01     0.1228    96.9772     7.2117     7.5931    32.9288    32.9343    26.4610    26.4656    8.29645 0.0000e+00
       3437     59.084    -0.6201    -0.6209   2.699563   2.699923     2.4249     2.4045      8.047     0.0899     2.0429 1.0802e-01     0.1235    96.9598     7.2132     7.5939    32.9285    32.9342    26.4609    26.4655    8.29646 0.0000e+00
       3440     59.113    -0.6203    -0.6208   2.699595   2.699902     2.4253     2.4045      8.047     0.0850     2.0429 1.0802e-01     0.1239    96.9511     7.2151     7.5944    32.9291    32.9338    26.4613    26.4651    8.29646 0.0000e+00
       3826     59.144    -0.6133    -0.6147   2.700036   2.700311     2.4298     2.3984      8.035     0.1045     2.0429 1.0790e-01     0.1192    97.0641     7.2390     7.5471    32.9274    32.9326    26.4597    26.4639    8.29500 0.0000e+00
       3829     59.188    -0.6122    -0.6162   2.700030   2.700136     2.4298     2.3980      8.037     0.0996     2.0429 1.0790e-01     0.1189    97.0728     7.2423     7.5479    32.9261    32.9319    26.4585    26.4634    8.29483 0.0000e+00
       3832     59.231    -0.6123    -0.6166   2.699985   2.700194     2.4306     2.3980      8.038     0.1045     2.0429 1.0802e-01     0.1196    97.0554     7.2481     7.5560    32.9256    32.9331    26.4582    26.4644    8.29488 0.0000e+00
       3835     59.269    -0.6127    -0.6176   2.700045   2.700332     2.4306     2.3976      8.035     0.1045     2.0429 1.0790e-01     0.1196    97.0554     7.2521     7.5608    32.9268    32.9360    26.4592    26.4668    8.29490 0.0000e+00
       3838     59.301    -0.6073    -0.6136   2.701228   2.700789     2.4310     2.3980      8.035     0.0996     2.0429 1.0790e-01     0.1196    97.0554     7.2543     7.5704    32.9368    32.9377    26.4671    26.4680    8.29313 0.0000e+00
       3841     59.325    -0.5942    -0.6068   2.702018   2.701416     2.4310     2.3976      8.035     0.0996     2.0429 1.0790e-01     0.1203    97.0380     7.2550     7.5777    32.9331    32.9387    26.4636    26.4685    8.29040 0.0000e+00
       3949     59.381    -0.5996    -0.5715   2.701071   2.703269     2.4277     2.3955      8.035     0.1045     2.1219 1.0802e-01     0.1196    97.0554     7.2144     7.5347    32.9262    32.9252    26.4582    26.4563    8.29200 0.0000e+00
       4005     59.508    -0.6069    -0.5688   2.700128   2.702962     2.4269     2.3939      8.035     0.0996     2.0429 1.0815e-01     0.1185    97.0815     7.1981     7.5111    32.9215    32.9181    26.4546    26.4504    8.29390 0.0000e+00
       4008     59.643    -0.6099    -0.5734   2.699981   2.703113     2.4253     2.3931      8.035     0.1045     2.0429 1.0790e-01     0.1185    97.0815     7.1943     7.5077    32.9227    32.9250    26.4557    26.4561    8.29450 0.0000e+00
       4011     59.783    -0.6117    -0.5704   2.700013   2.703257     2.4253     2.3931      8.035     0.0996     2.0429 1.0802e-01     0.1185    97.0815     7.1930     7.5066    32.9250    32.9236    26.4576    26.4549    8.29478 0.0000e+00
       4014     59.932    -0.6128    -0.5696   2.699954   2.703229     2.4249     2.3931      8.035     0.1045     2.0429 1.0790e-01     0.1185    97.0815     7.1916     7.5061    32.9253    32.9223    26.4579    26.4538    8.29500 0.0000e+00
       4017     60.090    -0.6140    -0.5740   2.699847   2.702698     2.4249     2.3931      8.035     0.1045     2.0429 1.0790e-01     0.1185    97.0815     7.1928     7.5079    32.9251    32.9198    26.4578    26.4520    8.29529 0.0000e+00
       4020     60.251    -0.6159    -0.5868   2.699762   2.701690     2.4249     2.3927      8.035     0.1045     2.0429 1.0790e-01     0.1185    97.0815     7.1924     7.5126    32.9259    32.9201    26.4585    26.4528    8.29566 0.0000e+00
       4023     60.419    -0.6173    -0.6001   2.699736   2.700692     2.4249     2.3923      8.035     0.0996     2.0429 1.0790e-01     0.1203    97.0380     7.1914     7.5171    32.9270    32.9211    26.4595    26.4540    8.29592 0.0000e+00
       4026     60.587    -0.6181    -0.6105   2.699727   2.700144     2.4245     2.3923      8.035     0.0996     2.0429 1.0790e-01     0.1206    97.0293     7.1910     7.5218    32.9277    32.9250    26.4600    26.4576    8.29607 0.0000e+00
       4029     60.756    -0.6186    -0.6154   2.699715   2.699950     2.4240     2.3919      8.035     0.0899     2.0034 1.0815e-01     0.1206    97.0293     7.1919     7.5254    32.9279    32.9276    26.4603    26.4599    8.29616 0.0000e+00
       4032     60.930    -0.6188    -0.6157   2.699725   2.699954     2.4236     2.3919      8.035     0.0850     1.9245 1.0802e-01     0.1206    97.0293     7.1945     7.5283    32.9282    32.9279    26.4605    26.4602    8.29619 0.0000e+00
       4035     61.101    -0.6191    -0.6166   2.699722   2.699882     2.4232     2.3919      8.035     0.0801     1.9245 1.0802e-01     0.1206    97.0293     7.1933     7.5309    32.9283    32.9278    26.4606    26.4601    8.29624 0.0000e+00
       4038     61.273    -0.6192    -0.6174   2.699716   2.699864     2.4232     2.3919      8.035     0.0850     1.9245 1.0802e-01     0.1206    97.0293     7.1954     7.5326    32.9283    32.9283    26.4606    26.4606    8.29627 0.0000e+00
       4041     61.445    -0.6188    -0.6174   2.699777   2.699846     2.4228     2.3919      8.035     0.0899     1.9245 1.0790e-01     0.1210    97.0206     7.1962     7.5354    32.9285    32.9280    26.4608    26.4603    8.29617 0.0000e+00
       4044     61.613    -0.6183    -0.6176   2.699807   2.699857     2.4236     2.3919      8.034     0.0899     1.9245 1.0790e-01     0.1242    96.9425     7.2024     7.5368    32.9283    32.9283    26.4606    26.4605    8.29608 0.0000e+00
       4047     61.773    -0.6182    -0.6175   2.699803   2.699845     2.4224     2.3919      8.035     0.0947     1.9245 1.0802e-01     0.1249    96.9251     7.1991     7.5398    32.9281    32.9278    26.4604    26.4602    8.29607 0.0000e+00
       4050     61.928    -0.6181    -0.6176   2.699788   2.699840     2.4236     2.3919      8.035     0.0899     1.9245 1.0790e-01     0.1246    96.9338     7.2057     7.5430    32.9277    32.9278    26.4601    26.4601    8.29607 0.0000e+00
       4053     62.075    -0.6183    -0.6176   2.699772   2.699845     2.4232     2.3915      8.035     0.0899     1.9245 1.0802e-01     0.1242    96.9424     7.2073     7.5428    32.9276    32.9278    26.4600    26.4601    8.29611 0.0000e+00
       4056     62.215    -0.6186    -0.6183   2.699728   2.699816     2.4232     2.3919      8.035     0.0996     1.9640 1.0790e-01     0.1246    96.9338     7.2085     7.5454    32.9272    32.9280    26.4597    26.4603    8.29620 0.0000e+00
       4059     62.341    -0.6190    -0.6188   2.699744   2.699781     2.4224     2.3919      8.035     0.1045     2.0429 1.0790e-01     0.1246    96.9338     7.2045     7.5464    32.9278    32.9281    26.4602    26.4604    8.29626 0.0000e+00
       4062     62.460    -0.6192    -0.6195   2.699775   2.699763     2.4240     2.3915      8.034     0.0996     2.0429 1.0802e-01     0.1253    96.9164     7.2110     7.5463    32.9284    32.9285    26.4607    26.4608    8.29627 0.0000e+00
       4065     62.568    -0.6194    -0.6193   2.699842   2.699795     2.4232     2.3915      8.034     0.0996     2.0429 1.0790e-01     0.1260    96.8990     7.2070     7.5494    32.9294    32.9286    26.4616    26.4609    8.29626 0.0000e+00
       4068     62.663    -0.6193    -0.6195   2.699893   2.699737     2.4232     2.3915      8.034     0.0996     2.0429 1.0790e-01     0.1260    96.8990     7.2058     7.5529    32.9299    32.9280    26.4619    26.4604    8.29620 0.0000e+00
       4071     62.746    -0.6189    -0.6202   2.699910   2.699721     2.4228     2.3919      8.032     0.0996     2.0429 1.0790e-01     0.1260    96.8990     7.2053     7.5590    32.9297    32.9286    26.4618    26.4609    8.29613 0.0000e+00
       4074     62.816    -0.6182    -0.6206   2.700068   2.699718     2.4228     2.3919      8.035     0.1045     2.0429 1.0815e-01     0.1260    96.8990     7.2051     7.5614    32.9311    32.9289    26.4628    26.4611    8.29590 0.0000e+00
       4077     62.874    -0.6173    -0.6199   2.700214   2.699775     2.4236     2.3919      8.034     0.0996     2.0429 1.0790e-01     0.1260    96.8990     7.2084     7.5637    32.9320    32.9288    26.4635    26.4611    8.29564 0.0000e+00
       4080     62.919    -0.6132    -0.6193   2.700833   2.699798     2.4224     2.3919      8.035     0.0947     2.0429 1.0790e-01     0.1260    96.8990     7.2023     7.5634    32.9358    32.9285    26.4664    26.4608    8.29451 0.0000e+00
       4083     62.950    -0.6065    -0.6189   2.701312   2.699828     2.4228     2.3919      8.034     0.0899     1.9245 1.0790e-01     0.1246    96.9338     7.2009     7.5652    32.9349    32.9284    26.4654    26.4607    8.29305 0.0000e+00
