Datasets/AZMP/COO001/79001075.cnv
* Sea-Bird SBE 9 Data File:
* FileName = C:\CTDDATA\79001075.hex
* Software Version Seasave V 7.26.7.110
* Temperature SN = 5660
* Conductivity SN = 3698
* Number of Bytes Per Scan = 30
* Number of Voltage Words = 4
* Number of Scans Averaged by the Deck Unit = 1
* NMEA baud rate = 9600
** VESSEL/TRIP/SEQ STN:  79001075
** LATITUDE XX XX.XX N:  48 13.55 N
** LONGITUDE XX XX.XX W:  53 31.15 W
** SOUNDING DEPTH (M):  0289
** PROBE TYPE: S1257
** CTD NUMBER: 042
** COMMENTS (14 CHAR): SS-03
** BOTTLES:  0
** LEVELS:
** STICKERS:
** VNET: N
** DO2: N
# nquan = 22
# nvalues = 7684                        
# units = specified
# name 0 = scan: Scan Count
# name 1 = prDM: Pressure, Digiquartz [db]
# name 2 = t090C: Temperature [ITS-90, deg C]
# name 3 = t190C: Temperature, 2 [ITS-90, deg C]
# name 4 = c0S/m: Conductivity [S/m]
# name 5 = c1S/m: Conductivity, 2 [S/m]
# name 6 = sbeox0V: Oxygen raw, SBE 43 [V]
# name 7 = sbeox1V: Oxygen raw, SBE 43, 2 [V]
# name 8 = ph: pH
# name 9 = flECO-AFL: Fluorescence, WET Labs ECO-AFL/FL [mg/m^3]
# name 10 = wetCDOM: Fluorescence, WET Labs CDOM [mg/m^3]
# name 11 = par/sat/log: PAR/Logarithmic, Satlantic [umol photons/m^2/sec]
# name 12 = CStarAt0: Beam Attenuation, WET Labs C-Star [1/m]
# name 13 = CStarTr0: Beam Transmission, WET Labs C-Star [%]
# name 14 = sbeox0ML/L: Oxygen, SBE 43 [ml/l], WS = 2
# name 15 = sbeox1ML/L: Oxygen, SBE 43, 2 [ml/l], WS = 2
# name 16 = sal00: Salinity, Practical [PSU]
# name 17 = sal11: Salinity, Practical, 2 [PSU]
# name 18 = sigma-t00: Density [sigma-t, kg/m^3 ]
# name 19 = sigma-t11: Density, 2 [sigma-t, kg/m^3 ]
# name 20 = oxsatML/L: Oxygen Saturation, Weiss [ml/l]
# name 21 = flag: flag
# span 0 =        403,      26016       
# span 1 =      0.772,    280.291       
# span 2 =    -0.1057,     3.5135       
# span 3 =    -0.1089,     3.5132       
# span 4 =   2.727485,   2.934905       
# span 5 =   2.727429,   2.935057       
# span 6 =     2.1593,     2.7613       
# span 7 =     2.1283,     2.7177       
# span 8 =      7.958,      8.174       
# span 9 =     0.0068,     0.7394       
# span 10 =    -1.1549,     2.9904      
# span 11 = 1.0752e-01, 8.2786e+01      
# span 12 =     0.0779,     0.4068      
# span 13 =    90.3295,    98.0721      
# span 14 =     6.1195,     7.7111      
# span 15 =     6.3775,     8.0566      
# span 16 =    31.2369,    33.6494      
# span 17 =    31.2450,    33.6520      
# span 18 =    24.8445,    26.9740      
# span 19 =    24.8515,    26.9759      
# span 20 =    7.51738,    8.17893      
# span 21 = 0.0000e+00, 0.0000e+00      
# interval = scans: 3                   
# start_time = Dec 01 2019 12:34:56 [System UTC, header]
# bad_flag = -9.990e-29
*END*
[from data line 4610]
      16334    217.147     0.3909     0.3333   2.825812   2.820413     2.2475     2.2084      7.983     0.0410     2.0429 1.0790e-01     0.1835    95.5173     6.4819     6.7516    33.4085    33.4004    26.8013    26.7978    8.04910 0.0000e+00
      16337    217.055     0.3894     0.3328   2.825715   2.820355     2.2483     2.2080      7.983     0.0459     2.0429 1.0790e-01     0.1831    95.5260     6.4857     6.7500    33.4089    33.4002    26.8017    26.7977    8.04940 0.0000e+00
      16340    216.964     0.3879     0.3326   2.825333   2.820344     2.2479     2.2080      7.983     0.0410     2.0429 1.0790e-01     0.1820    95.5521     6.4842     6.7462    33.4057    33.4004    26.7992    26.7979    8.04990 0.0000e+00
      16343    216.871     0.3840     0.3321   2.824712   2.820263     2.2475     2.2080      7.983     0.0361     2.0429 1.0790e-01     0.1824    95.5434     6.4840     6.7421    33.4018    33.3999    26.7963    26.7976    8.05093 0.0000e+00
      16346    216.778     0.3807     0.3317   2.824607   2.820232     2.2479     2.2080      7.983     0.0410     2.0429 1.0790e-01     0.1824    95.5434     6.4858     6.7420    33.4041    33.4000    26.7983    26.7977    8.05151 0.0000e+00
      16349    216.682     0.3794     0.3313   2.824730   2.820232     2.2483     2.2080      7.983     0.0410     2.0429 1.0790e-01     0.1824    95.5434     6.4856     6.7424    33.4072    33.4005    26.8008    26.7981    8.05163 0.0000e+00
      16352    216.591     0.3792     0.3314   2.824794   2.820203     2.2475     2.2080      7.983     0.0410     2.0429 1.0790e-01     0.1824    95.5434     6.4833     6.7412    33.4082    33.4001    26.8017    26.7977    8.05161 0.0000e+00
      16355    216.495     0.3787     0.3313   2.824692   2.820190     2.2487     2.2076      7.983     0.0459     2.0429 1.0777e-01     0.1820    95.5521     6.4878     6.7401    33.4075    33.4001    26.8012    26.7977    8.05176 0.0000e+00
      16358    216.401     0.3786     0.3307   2.824777   2.820060     2.2487     2.2080      7.983     0.0410     2.0429 1.0790e-01     0.1824    95.5434     6.4875     6.7424    33.4088    33.3990    26.8022    26.7969    8.05170 0.0000e+00
      16361    216.306     0.3789     0.3295   2.824851   2.819833     2.2483     2.2076      7.983     0.0410     1.9640 1.0790e-01     0.1820    95.5521     6.4882     6.7431    33.4095    33.3975    26.8027    26.7957    8.05160 0.0000e+00
      16364    216.210     0.3796     0.3271   2.825039   2.819474     2.2495     2.2076      7.983     0.0410     1.9245 1.0790e-01     0.1820    95.5521     6.4959     6.7463    33.4112    33.3954    26.8041    26.7942    8.05136 0.0000e+00
      16367    216.113     0.3808     0.3237   2.825349   2.818999     2.2495     2.2080      7.983     0.0410     1.9245 1.0790e-01     0.1820    95.5521     6.4963     6.7501    33.4141    33.3930    26.8063    26.7924    8.05095 0.0000e+00
      16370    216.018     0.3826     0.3198   2.825520   2.818490     2.2479     2.2080      7.983     0.0410     1.9245 1.0790e-01     0.1820    95.5521     6.4909     6.7514    33.4143    33.3906    26.8064    26.7907    8.05054 0.0000e+00
      16373    215.922     0.3818     0.3161   2.824870   2.818036     2.2495     2.2080      7.983     0.0410     1.9245 1.0790e-01     0.1824    95.5434     6.4992     6.7530    33.4068    33.3888    26.8005    26.7894    8.05113 0.0000e+00
      16376    215.824     0.3800     0.3135   2.824688   2.817844     2.2499     2.2076      7.983     0.0361     1.9245 1.0790e-01     0.1820    95.5521     6.4990     6.7544    33.4064    33.3891    26.8002    26.7898    8.05153 0.0000e+00
      16379    215.726     0.3765     0.3111   2.824175   2.817415     2.2495     2.2080      7.983     0.0313     1.9245 1.0790e-01     0.1824    95.5434     6.4965     6.7598    33.4036    33.3861    26.7981    26.7875    8.05244 0.0000e+00
      16382    215.629     0.3746     0.3080   2.824457   2.816968     2.2507     2.2080      7.983     0.0264     1.9245 1.0790e-01     0.1824    95.5434     6.5020     6.7634    33.4093    33.3837    26.8029    26.7858    8.05252 0.0000e+00
      16385    215.529     0.3751     0.3055   2.824610   2.816728     2.2507     2.2080      7.983     0.0264     1.9245 1.0790e-01     0.1824    95.5434     6.5043     6.7663    33.4109    33.3833    26.8041    26.7856    8.05233 0.0000e+00
      16388    215.427     0.3735     0.3049   2.823890   2.816681     2.2516     2.2088      7.983     0.0215     1.9245 1.0790e-01     0.1824    95.5434     6.5093     6.7720    33.4033    33.3835    26.7980    26.7857    8.05308 0.0000e+00
      16391    215.327     0.3684     0.3048   2.822949   2.816653     2.2507     2.2080      7.983     0.0264     1.9245 1.0790e-01     0.1824    95.5434     6.5090     6.7708    33.3966    33.3833    26.7929    26.7856    8.05454 0.0000e+00
      16394    215.223     0.3638     0.3050   2.822675   2.816677     2.2520     2.2080      7.983     0.0264     1.9245 1.0790e-01     0.1824    95.5434     6.5147     6.7730    33.3981    33.3834    26.7944    26.7857    8.05544 0.0000e+00
      16397    215.121     0.3602     0.3058   2.822390   2.816756     2.2515     2.2084      7.983     0.0313     1.9245 1.0790e-01     0.1813    95.5695     6.5106     6.7782    33.3983    33.3836    26.7947    26.7858    8.05619 0.0000e+00
      16400    215.019     0.3593     0.3068   2.823054   2.816802     2.2507     2.2088      7.983     0.0264     1.9245 1.0790e-01     0.1758    95.6998     6.5056     6.7811    33.4080    33.3831    26.8026    26.7854    8.05586 0.0000e+00
      16403    214.916     0.3607     0.3075   2.822867   2.816801     2.2516     2.2092      7.983     0.0264     1.9245 1.0790e-01     0.1758    95.6998     6.5076     6.7834    33.4041    33.3825    26.7994    26.7848    8.05577 0.0000e+00
      16406    214.813     0.3574     0.3073   2.821842   2.816623     2.2524     2.2092      7.983     0.0264     1.9245 1.0790e-01     0.1758    95.6998     6.5114     6.7838    33.3943    33.3804    26.7917    26.7832    8.05701 0.0000e+00
      16409    214.711     0.3533     0.3048   2.821518   2.816202     2.2536     2.2092      7.983     0.0313     1.9245 1.0777e-01     0.1758    95.6998     6.5172     6.7831    33.3946    33.3777    26.7921    26.7811    8.05786 0.0000e+00
      16412    214.605     0.3506     0.3009   2.821457   2.815685     2.2532     2.2100      7.983     0.0264     1.9245 1.0790e-01     0.1758    95.6998     6.5179     6.7854    33.3968    33.3753    26.7940    26.7793    8.05832 0.0000e+00
      16415    214.496     0.3489     0.2966   2.821279   2.815260     2.2532     2.2096      7.983     0.0313     1.9245 1.0790e-01     0.1758    95.6998     6.5188     6.7841    33.3964    33.3744    26.7938    26.7788    8.05871 0.0000e+00
      16418    214.391     0.3459     0.2935   2.820768   2.815021     2.2532     2.2100      7.983     0.0264     1.9245 1.0790e-01     0.1765    95.6824     6.5194     6.7827    33.3931    33.3746    26.7913    26.7792    8.05954 0.0000e+00
      16421    214.286     0.3437     0.2916   2.820685   2.814880     2.2536     2.2104      7.983     0.0264     1.9245 1.0790e-01     0.1769    95.6737     6.5216     6.7800    33.3944    33.3749    26.7925    26.7795    8.05993 0.0000e+00
      16424    214.179     0.3415     0.2907   2.820342   2.814804     2.2528     2.2104      7.983     0.0264     1.9245 1.0790e-01     0.1769    95.6737     6.5176     6.7789    33.3924    33.3750    26.7909    26.7797    8.06051 0.0000e+00
      16427    214.074     0.3390     0.2902   2.820078   2.814784     2.2540     2.2104      7.983     0.0264     1.9245 1.0790e-01     0.1769    95.6737     6.5199     6.7781    33.3917    33.3753    26.7906    26.7799    8.06108 0.0000e+00
      16430    213.969     0.3377     0.2901   2.820132   2.814766     2.2544     2.2104      7.983     0.0313     1.9245 1.0790e-01     0.1765    95.6824     6.5218     6.7794    33.3938    33.3753    26.7923    26.7799    8.06123 0.0000e+00
      16433    213.865     0.3381     0.2900   2.820379   2.814741     2.2548     2.2100      7.985     0.0410     1.9245 1.0790e-01     0.1762    95.6911     6.5248     6.7779    33.3967    33.3751    26.7946    26.7797    8.06099 0.0000e+00
      16436    213.760     0.3364     0.2893   2.819627   2.814613     2.2552     2.2104      7.983     0.0410     1.9245 1.0790e-01     0.1769    95.6737     6.5288     6.7797    33.3888    33.3743    26.7884    26.7791    8.06179 0.0000e+00
      16439    213.657     0.3331     0.2878   2.819127   2.814364     2.2552     2.2104      7.985     0.0410     1.9245 1.0790e-01     0.1733    95.7606     6.5300     6.7838    33.3859    33.3727    26.7861    26.7780    8.06265 0.0000e+00
      16442    213.556     0.3311     0.2862   2.819013   2.814215     2.2548     2.2104      7.983     0.0410     1.9245 1.0777e-01     0.1718    95.7954     6.5287     6.7871    33.3866    33.3726    26.7868    26.7779    8.06303 0.0000e+00
      16445    213.455     0.3302     0.2855   2.819355   2.814205     2.2552     2.2104      7.983     0.0410     1.9245 1.0790e-01     0.1718    95.7954     6.5310     6.7917    33.3921    33.3733    26.7913    26.7785    8.06293 0.0000e+00
      16448    213.353     0.3313     0.2870   2.819645   2.814368     2.2556     2.2112      7.983     0.0410     1.9245 1.0790e-01     0.1718    95.7954     6.5295     6.7988    33.3948    33.3738    26.7934    26.7789    8.06255 0.0000e+00
      16451    213.251     0.3316     0.2884   2.819464   2.814336     2.2560     2.2112      7.983     0.0410     1.9245 1.0790e-01     0.1725    95.7780     6.5284     6.8022    33.3921    33.3719    26.7913    26.7773    8.06262 0.0000e+00
      16454    213.150     0.3300     0.2881   2.818928   2.814155     2.2569     2.2116      7.983     0.0410     1.9245 1.0790e-01     0.1722    95.7867     6.5317     6.8094    33.3869    33.3700    26.7872    26.7757    8.06325 0.0000e+00
      16457    213.050     0.3273     0.2867   2.818401   2.813873     2.2569     2.2116      7.983     0.0410     1.9245 1.0790e-01     0.1725    95.7780     6.5323     6.8167    33.3831    33.3678    26.7842    26.7741    8.06405 0.0000e+00
      16460    212.949     0.3234     0.2839   2.817751   2.813496     2.2569     2.2116      7.983     0.0410     1.9245 1.0790e-01     0.1697    95.8475     6.5319     6.8210    33.3788    33.3660    26.7810    26.7727    8.06512 0.0000e+00
      16463    212.848     0.3189     0.2808   2.817170   2.813140     2.2569     2.2129      7.985     0.0410     1.9245 1.0790e-01     0.1693    95.8562     6.5300     6.8296    33.3761    33.3647    26.7791    26.7718    8.06621 0.0000e+00
      16466    212.750     0.3152     0.2788   2.816940   2.812929     2.2573     2.2129      7.983     0.0410     1.9640 1.0790e-01     0.1693    95.8562     6.5316     6.8311    33.3772    33.3642    26.7802    26.7716    8.06695 0.0000e+00
      16469    212.652     0.3129     0.2776   2.816900   2.812775     2.2577     2.2133      7.983     0.0410     2.0429 1.0790e-01     0.1693    95.8562     6.5330     6.8350    33.3792    33.3635    26.7819    26.7711    8.06732 0.0000e+00
      16472    212.554     0.3119     0.2767   2.816940   2.812624     2.2569     2.2129      7.983     0.0410     2.0429 1.0790e-01     0.1693    95.8562     6.5296     6.8350    33.3809    33.3626    26.7833    26.7704    8.06745 0.0000e+00
      16475    212.462     0.3115     0.2757   2.816908   2.812484     2.2573     2.2137      7.983     0.0459     2.0429 1.0790e-01     0.1693    95.8562     6.5305     6.8382    33.3810    33.3619    26.7833    26.7698    8.06753 0.0000e+00
      16478    212.370     0.3098     0.2743   2.816428   2.812303     2.2585     2.2145      7.983     0.0410     2.0429 1.0790e-01     0.1693    95.8562     6.5360     6.8445    33.3766    33.3611    26.7799    26.7693    8.06813 0.0000e+00
      16481    212.278     0.3077     0.2729   2.816179   2.812124     2.2581     2.2153      7.985     0.0361     2.0429 1.0790e-01     0.1693    95.8562     6.5366     6.8490    33.3756    33.3603    26.7792    26.7688    8.06863 0.0000e+00
      16484    212.183     0.3063     0.2716   2.816048   2.812013     2.2569     2.2153      7.985     0.0264     2.0429 1.0790e-01     0.1693    95.8562     6.5362     6.8485    33.3755    33.3603    26.7792    26.7688    8.06894 0.0000e+00
      16487    212.089     0.3043     0.2706   2.815575   2.811909     2.2573     2.2153      7.985     0.0264     2.0429 1.0790e-01     0.1693    95.8562     6.5391     6.8474    33.3716    33.3601    26.7762    26.7687    8.06959 0.0000e+00
      16490    211.996     0.3024     0.2696   2.815682   2.811757     2.2585     2.2157      7.985     0.0264     2.0429 1.0790e-01     0.1693    95.8562     6.5448     6.8520    33.3751    33.3592    26.7791    26.7680    8.06980 0.0000e+00
      16493    211.902     0.3020     0.2687   2.815725   2.811623     2.2593     2.2165      7.986     0.0264     2.0429 1.0790e-01     0.1693    95.8562     6.5500     6.8560    33.3761    33.3585    26.7799    26.7675    8.06982 0.0000e+00
      16496    211.809     0.3019     0.2673   2.815734   2.811481     2.2589     2.2165      7.983     0.0313     2.0429 1.0790e-01     0.1693    95.8562     6.5482     6.8584    33.3764    33.3582    26.7802    26.7674    8.06983 0.0000e+00
      16499    211.717     0.3020     0.2660   2.815745   2.811280     2.2593     2.2169      7.985     0.0264     2.0429 1.0790e-01     0.1682    95.8823     6.5486     6.8562    33.3765    33.3571    26.7803    26.7665    8.06981 0.0000e+00
      16502    211.624     0.3019     0.2643   2.815580   2.811027     2.2593     2.2178      7.985     0.0313     2.0429 1.0790e-01     0.1671    95.9084     6.5474     6.8627    33.3746    33.3557    26.7787    26.7655    8.06994 0.0000e+00
      16505    211.532     0.3006     0.2626   2.815208   2.810727     2.2601     2.2178      7.986     0.0264     2.0429 1.0790e-01     0.1671    95.9084     6.5525     6.8659    33.3711    33.3536    26.7760    26.7639    8.07040 0.0000e+00
      16508    211.441     0.2996     0.2608   2.815437   2.810413     2.2613     2.2182      7.988     0.0264     2.0429 1.0790e-01     0.1671    95.9084     6.5575     6.8688    33.3753    33.3515    26.7794    26.7623    8.07040 0.0000e+00
      16511    211.351     0.3016     0.2592   2.815983   2.810262     2.2601     2.2186      7.985     0.0264     2.0429 1.0790e-01     0.1671    95.9084     6.5495     6.8698    33.3803    33.3514    26.7833    26.7622    8.06969 0.0000e+00
      16514    211.260     0.3024     0.2583   2.815803   2.810205     2.2609     2.2194      7.985     0.0313     2.0429 1.0790e-01     0.1671    95.9084     6.5503     6.8716    33.3770    33.3516    26.7807    26.7625    8.06968 0.0000e+00
      16517    211.168     0.3020     0.2577   2.815581   2.810137     2.2609     2.2194      7.985     0.0313     2.0034 1.0790e-01     0.1671    95.9084     6.5515     6.8711    33.3747    33.3514    26.7788    26.7624    8.06991 0.0000e+00
      16520    211.074     0.3013     0.2571   2.815535   2.810007     2.2605     2.2210      7.985     0.0264     1.9245 1.0790e-01     0.1653    95.9518     6.5508     6.8755    33.3748    33.3504    26.7790    26.7616    8.07004 0.0000e+00
      16523    210.985     0.3001     0.2564   2.815116   2.809944     2.2609     2.2194      7.988     0.0264     1.9245 1.0790e-01     0.1645    95.9692     6.5533     6.8651    33.3708    33.3505    26.7757    26.7617    8.07053 0.0000e+00
