Datasets/AZMP/COO001/79001054.cnv
* Sea-Bird SBE 9 Data File:
* FileName = C:\CTDDATA\79001054.hex
* Software Version Seasave V 7.26.7.110
* Temperature SN = 5660
* Conductivity SN = 3698
* Number of Bytes Per Scan = 30
* Number of Voltage Words = 4
* Number of Scans Averaged by the Deck Unit = 1
* NMEA baud rate = 9600
** VESSEL/TRIP/SEQ STN:  79001054
** LATITUDE XX XX.XX N:  47 00.00 N
** LONGITUDE XX XX.XX W:  45 30.00 W
** SOUNDING DEPTH (M):  0257
** PROBE TYPE: S1257
** CTD NUMBER: 029
** COMMENTS (14 CHAR): FC-23
** BOTTLES:  20
** LEVELS: 5,5,5,5,10,20,20,20,20,30,40,50,50,50,75,100,100,100,150,BTM
** STICKERS: 435046 - 435065
** VNET: Y
** DO2: N
# nquan = 22
# nvalues = 6642                        
# units = specified
# name 0 = scan: Scan Count
# name 1 = prDM: Pressure, Digiquartz [db]
# name 2 = t090C: Temperature [ITS-90, deg C]
# name 3 = t190C: Temperature, 2 [ITS-90, deg C]
# name 4 = c0S/m: Conductivity [S/m]
# name 5 = c1S/m: Conductivity, 2 [S/m]
# name 6 = sbeox0V: Oxygen raw, SBE 43 [V]
# name 7 = sbeox1V: Oxygen raw, SBE 43, 2 [V]
# name 8 = ph: pH
# name 9 = flECO-AFL: Fluorescence, WET Labs ECO-AFL/FL [mg/m^3]
# name 10 = wetCDOM: Fluorescence, WET Labs CDOM [mg/m^3]
# name 11 = par/sat/log: PAR/Logarithmic, Satlantic [umol photons/m^2/sec]
# name 12 = CStarAt0: Beam Attenuation, WET Labs C-Star [1/m]
# name 13 = CStarTr0: Beam Transmission, WET Labs C-Star [%]
# name 14 = sbeox0ML/L: Oxygen, SBE 43 [ml/l], WS = 2
# name 15 = sbeox1ML/L: Oxygen, SBE 43, 2 [ml/l], WS = 2
# name 16 = sal00: Salinity, Practical [PSU]
# name 17 = sal11: Salinity, Practical, 2 [PSU]
# name 18 = sigma-t00: Density [sigma-t, kg/m^3 ]
# name 19 = sigma-t11: Density, 2 [sigma-t, kg/m^3 ]
# name 20 = oxsatML/L: Oxygen Saturation, Weiss [ml/l]
# name 21 = flag: flag
# span 0 =        207,      61623       
# span 1 =      1.539,    248.818       
# span 2 =     2.7956,     7.8945       
# span 3 =     2.7869,     7.8945       
# span 4 =   3.075773,   3.474199       
# span 5 =   3.099429,   3.474318       
# span 6 =     2.3478,     2.7807       
# span 7 =     2.3103,     2.7424       
# span 8 =      8.013,      8.207       
# span 9 =    -0.0176,     1.4330       
# span 10 =    -2.8130,   482.1870      
# span 11 = 1.0691e-01, 5.4271e-01      
# span 12 =     0.0465,     0.2086      
# span 13 =    94.9177,    98.8455      
# span 14 =     6.0770,     6.7192      
# span 15 =     6.3689,     7.0645      
# span 16 =    33.4784,    34.7080      
# span 17 =    33.1796,    34.7108      
# span 18 =    26.0972,    27.6017      
# span 19 =    25.8629,    27.6042      
# span 20 =    6.68728,    7.51703      
# span 21 = 0.0000e+00, 0.0000e+00      
# interval = scans: 3                   
# start_time = Nov 28 2019 22:07:08 [System UTC, header]
# bad_flag = -9.990e-29
*END*
[from data line 5531]
      31144     82.793     3.0374     3.3109   3.119635   3.140726     2.3718     2.3344      8.022     0.0313     1.5692 1.0790e-01     0.0535    98.6717     6.2800     6.4962    34.3459    34.3113    27.3595    27.3064    7.47178 0.0000e+00
      31147     82.680     3.0535     3.2938   3.120757   3.141059     2.3722     2.3344      8.022     0.0264     1.5692 1.0790e-01     0.0535    98.6717     6.2787     6.4894    34.3424    34.3335    27.3552    27.3258    7.46893 0.0000e+00
      31150     82.562     3.0629     3.3153   3.120570   3.143600     2.3718     2.3344      8.022     0.0264     1.5692 1.0790e-01     0.0538    98.6630     6.2734     6.4774    34.3302    34.3415    27.3446    27.3301    7.46778 0.0000e+00
      31153     82.443     3.0662     3.3356   3.120612   3.144703     2.3726     2.3331      8.022     0.0264     1.5692 1.0790e-01     0.0542    98.6543     6.2713     6.4607    34.3272    34.3334    27.3420    27.3217    7.46731 0.0000e+00
      31156     82.324     3.0756     3.3466   3.123450   3.145438     2.3722     2.3331      8.022     0.0264     1.5692 1.0790e-01     0.0535    98.6717     6.2652     6.4540    34.3519    34.3307    27.3608    27.3185    7.46433 0.0000e+00
      31159     82.206     3.1156     3.3526   3.131506   3.145839     2.3718     2.3331      8.021     0.0264     1.5692 1.0790e-01     0.0535    98.6717     6.2534     6.4489    34.4074    34.3293    27.4014    27.3169    7.45409 0.0000e+00
      31162     82.088     3.1719     3.3564   3.134821   3.146116     2.3726     2.3323      8.021     0.0264     1.5692 1.0790e-01     0.0535    98.6717     6.2444     6.4416    34.3877    34.3287    27.3805    27.3160    7.44458 0.0000e+00
      31165     81.974     3.1892     3.3580   3.131363   3.146093     2.3718     2.3319      8.021     0.0410     1.5692 1.0790e-01     0.0535    98.6717     6.2412     6.4398    34.3274    34.3267    27.3307    27.3143    7.44436 0.0000e+00
      31168     81.859     3.1914     3.3580   3.131574   3.146046     2.3718     2.3311      8.021     0.0410     1.5692 1.0777e-01     0.0535    98.6717     6.2397     6.4385    34.3277    34.3262    27.3307    27.3138    7.44393 0.0000e+00
      31171     81.748     3.2033     3.3575   3.133914   3.146028     2.3726     2.3307      8.021     0.0410     1.5692 1.0790e-01     0.0538    98.6630     6.2384     6.4410    34.3436    34.3265    27.3423    27.3142    7.44094 0.0000e+00
      31174     81.641     3.2156     3.3573   3.134340   3.145976     2.3710     2.3303      8.021     0.0410     1.5692 1.0790e-01     0.0545    98.6456     6.2307     6.4465    34.3357    34.3262    27.3349    27.3140    7.43904 0.0000e+00
      31177     81.537     3.2218     3.3568   3.133957   3.145922     2.3710     2.3295      8.021     0.0410     1.5692 1.0790e-01     0.0545    98.6456     6.2301     6.4512    34.3244    34.3262    27.3254    27.3140    7.43844 0.0000e+00
      31180     81.436     3.2171     3.3573   3.132471   3.145941     2.3722     2.3299      8.021     0.0410     1.5692 1.0790e-01     0.0545    98.6456     6.2353     6.4592    34.3115    34.3260    27.3154    27.3137    7.43995 0.0000e+00
      31183     81.341     3.2056     3.3593   3.130849   3.146428     2.3718     2.3295      8.021     0.0410     1.5692 1.0790e-01     0.0545    98.6456     6.2351     6.4649    34.3041    34.3297    27.3107    27.3165    7.44247 0.0000e+00
      31186     81.252     3.2000     3.3763   3.131820   3.149543     2.3718     2.3295      8.021     0.0410     1.5692 1.0790e-01     0.0545    98.6456     6.2342     6.4690    34.3219    34.3494    27.3254    27.3306    7.44263 0.0000e+00
      31189     81.168     3.2109     3.4134   3.133872   3.153189     2.3731     2.3295      8.021     0.0264     1.5692 1.0790e-01     0.0545    98.6456     6.2342     6.4684    34.3352    34.3541    27.3349    27.3308    7.43993 0.0000e+00
      31192     81.089     3.2218     3.4434   3.133948   3.155592     2.3718     2.3295      8.021     0.0117     1.5692 1.0790e-01     0.0545    98.6456     6.2284     6.4690    34.3246    34.3514    27.3255    27.3258    7.43843 0.0000e+00
      31195     81.018     3.2253     3.4707   3.133985   3.157524     2.3710     2.3299      8.021     0.0166     1.5692 1.0790e-01     0.0545    98.6456     6.2261     6.4692    34.3214    34.3459    27.3226    27.3188    7.43795 0.0000e+00
      31198     80.954     3.2237     3.4876   3.133887   3.158662     2.3718     2.3303      8.021     0.0117     1.5692 1.0790e-01     0.0545    98.6456     6.2286     6.4707    34.3219    34.3417    27.3232    27.3138    7.43821 0.0000e+00
      31201     80.896     3.2259     3.5018   3.133682   3.160122     2.3718     2.3307      8.021     0.0166     1.5692 1.0790e-01     0.0545    98.6456     6.2251     6.4700    34.3172    34.3444    27.3191    27.3145    7.43804 0.0000e+00
      31204     80.847     3.2150     3.5159   3.130206   3.161792     2.3710     2.3307      8.021     0.0166     1.5692 1.0790e-01     0.0545    98.6456     6.2245     6.4671    34.2865    34.3495    27.2958    27.3172    7.44158 0.0000e+00
      31207     80.803     3.1776     3.5302   3.124033   3.162884     2.3710     2.3307      8.021     0.0117     1.5692 1.0790e-01     0.0545    98.6456     6.2327     6.4638    34.2514    34.3476    27.2712    27.3143    7.45030 0.0000e+00
      31210     80.766     3.1241     3.5406   3.120133   3.162940     2.3702     2.3307      8.023     0.0117     1.5692 1.0790e-01     0.0545    98.6456     6.2368     6.4608    34.2608    34.3373    27.2836    27.3051    7.45981 0.0000e+00
      31213     80.737     3.0960     3.5136   3.121109   3.158739     2.3702     2.3307      8.023     0.0117     1.5692 1.0790e-01     0.0545    98.6456     6.2406     6.4643    34.3025    34.3152    27.3195    27.2901    7.46297 0.0000e+00
      31216     80.709     3.0913     3.4732   3.121803   3.155005     2.3714     2.3307      8.022     0.0166     1.5692 1.0790e-01     0.0545    98.6456     6.2462     6.4689    34.3160    34.3131    27.3307    27.2924    7.46318 0.0000e+00
      31219     80.685     3.0811     3.4524   3.120100   3.154197     2.3710     2.3307      8.023     0.0264     1.5692 1.0790e-01     0.0545    98.6456     6.2484     6.4694    34.3061    34.3253    27.3237    27.3041    7.46558 0.0000e+00
      31268     80.627     3.1060     3.4707   3.122194   3.156788     2.3731     2.3323      8.021     0.0313     1.5692 1.0790e-01     0.0545    98.6456     6.2822     6.5055    34.3052    34.3372    27.3207    27.3118    7.46098 0.0000e+00
      31271     80.603     3.0971     3.4830   3.122143   3.156919     2.3739     2.3331      8.022     0.0459     1.5692 1.0790e-01     0.0545    98.6456     6.2860     6.5137    34.3140    34.3257    27.3286    27.3015    7.46220 0.0000e+00
      31274     80.570     3.0928     3.4816   3.121667   3.156500     2.3743     2.3331      8.022     0.0410     1.5692 1.0790e-01     0.0545    98.6456     6.2878     6.5234    34.3128    34.3223    27.3280    27.2989    7.46306 0.0000e+00
      31277     80.528     3.0887     3.4756   3.121624   3.156451     2.3743     2.3331      8.022     0.0410     1.5692 1.0790e-01     0.0545    98.6456     6.2881     6.5322    34.3167    34.3280    27.3315    27.3040    7.46364 0.0000e+00
      31280     80.481     3.0861     3.4726   3.121338   3.155877     2.3747     2.3335      8.022     0.0410     1.5692 1.0790e-01     0.0545    98.6456     6.2890     6.5429    34.3160    34.3243    27.3312    27.3013    7.46415 0.0000e+00
      31283     80.425     3.0796     3.4617   3.121173   3.155319     2.3755     2.3348      8.022     0.0410     1.5692 1.0790e-01     0.0545    98.6456     6.2909     6.5557    34.3209    34.3292    27.3357    27.3063    7.46512 0.0000e+00
      31286     80.360     3.0794     3.4805   3.122277   3.158777     2.3751     2.3356      8.022     0.0410     1.5692 1.0790e-01     0.0545    98.6456     6.2888     6.5574    34.3346    34.3509    27.3467    27.3218    7.46448 0.0000e+00
      31289     80.286     3.0957     3.5158   3.124579   3.162449     2.3755     2.3360      8.022     0.0459     1.5692 1.0790e-01     0.0538    98.6630     6.2856     6.5536    34.3453    34.3578    27.3537    27.3238    7.46089 0.0000e+00
      31292     80.204     3.1098     3.5486   3.125188   3.164515     2.3763     2.3368      8.021     0.0410     1.5692 1.0790e-01     0.0535    98.6717     6.2839     6.5514    34.3378    34.3481    27.3464    27.3129    7.45864 0.0000e+00
      31295     80.114     3.1200     3.5826   3.125648   3.167555     2.3763     2.3380      8.021     0.0410     1.5692 1.0790e-01     0.0545    98.6456     6.2806     6.5493    34.3325    34.3488    27.3412    27.3101    7.45699 0.0000e+00
      31298     80.020     3.1255     3.6065   3.125667   3.168810     2.3759     2.3392      8.021     0.0410     1.5692 1.0790e-01     0.0545    98.6456     6.2775     6.5499    34.3270    34.3387    27.3363    27.2998    7.45624 0.0000e+00
      31301     79.915     3.1281     3.6205   3.125554   3.169546     2.3763     2.3392      8.021     0.0410     1.5692 1.0790e-01     0.0545    98.6456     6.2772     6.5450    34.3230    34.3328    27.3329    27.2937    7.45597 0.0000e+00
      31304     79.806     3.1289     3.6271   3.125696   3.169827     2.3767     2.3405      8.021     0.0410     1.5692 1.0790e-01     0.0545    98.6456     6.2779     6.5425    34.3238    34.3292    27.3335    27.2902    7.45577 0.0000e+00
      31307     79.690     3.1313     3.6299   3.125790   3.170090     2.3767     2.3405      8.021     0.0361     1.5692 1.0790e-01     0.0545    98.6456     6.2760     6.5351    34.3224    34.3295    27.3322    27.2901    7.45538 0.0000e+00
      31310     79.565     3.1322     3.6358   3.125891   3.170850     2.3779     2.3405      8.021     0.0410     1.5692 1.0790e-01     0.0545    98.6456     6.2785     6.5256    34.3228    34.3325    27.3324    27.2919    7.45520 0.0000e+00
      31313     79.437     3.1345     3.6499   3.126117   3.172299     2.3767     2.3413      8.021     0.0459     1.5692 1.0790e-01     0.0545    98.6456     6.2716     6.5143    34.3232    34.3350    27.3324    27.2926    7.45475 0.0000e+00
      31316     79.305     3.1389     3.6678   3.128098   3.173726     2.3771     2.3417      8.023     0.0410     1.5692 1.0790e-01     0.0545    98.6456     6.2712     6.4990    34.3427    34.3333    27.3476    27.2894    7.45296 0.0000e+00
      31319     79.170     3.1529     3.6862   3.129000   3.175041     2.3771     2.3421      8.023     0.0410     1.5692 1.0790e-01     0.0538    98.6630     6.2682     6.4801    34.3388    34.3298    27.3432    27.2848    7.45054 0.0000e+00
      31322     79.030     3.1573     3.6993   3.129331   3.175841     2.3775     2.3429      8.021     0.0313     1.5692 1.0790e-01     0.0538    98.6630     6.2672     6.4649    34.3383    34.3256    27.3424    27.2801    7.44976 0.0000e+00
      31325     78.890     3.1772     3.7079   3.132415   3.176371     2.3775     2.3429      8.024     0.0264     1.5692 1.0790e-01     0.0542    98.6543     6.2615     6.4478    34.3547    34.3230    27.3536    27.2772    7.44524 0.0000e+00
      31328     78.751     3.1989     3.7144   3.134371   3.176896     2.3783     2.3429      8.024     0.0264     1.5692 1.0790e-01     0.0538    98.6630     6.2612     6.4325    34.3554    34.3225    27.3521    27.2762    7.44116 0.0000e+00
      31331     78.614     3.2253     3.7220   3.138947   3.177473     2.3771     2.3429      8.026     0.0264     1.5692 1.0790e-01     0.0538    98.6630     6.2515     6.4207    34.3829    34.3215    27.3716    27.2746    7.43489 0.0000e+00
      31334     78.478     3.2900     3.7303   3.150637   3.178130     2.3771     2.3417      8.026     0.0264     1.6876 1.0790e-01     0.0542    98.6543     6.2362     6.4058    34.4559    34.3207    27.4237    27.2732    7.41930 0.0000e+00
      31337     78.346     3.3772     3.7394   3.156242   3.178821     2.3775     2.3409      8.025     0.0313     1.6876 1.0790e-01     0.0545    98.6456     6.2249     6.3932    34.4310    34.3194    27.3956    27.2712    7.40442 0.0000e+00
      31340     78.218     3.4218     3.7485   3.153563   3.179413     2.3779     2.3401      8.025     0.0313     1.6876 1.0790e-01     0.0545    98.6456     6.2217     6.3832    34.3514    34.3170    27.3278    27.2684    7.40012 0.0000e+00
      31343     78.093     3.4306     3.7552   3.152457   3.179816     2.3775     2.3380      8.025     0.0264     1.6876 1.0790e-01     0.0545    98.6456     6.2196     6.3713    34.3289    34.3149    27.3090    27.2660    7.39962 0.0000e+00
      31346     77.977     3.4414     3.7597   3.154687   3.180140     2.3771     2.3376      8.025     0.0313     1.6876 1.0790e-01     0.0545    98.6456     6.2171     6.3690    34.3443    34.3141    27.3203    27.2649    7.39686 0.0000e+00
      31349     77.864     3.4446     3.7640   3.154546   3.180491     2.3779     2.3368      8.025     0.0410     1.6876 1.0790e-01     0.0545    98.6456     6.2197     6.3689    34.3393    34.3138    27.3160    27.2643    7.39652 0.0000e+00
      31352     77.757     3.4852     3.7692   3.165033   3.180896     2.3792     2.3368      8.025     0.0410     1.6876 1.0790e-01     0.0545    98.6456     6.2142     6.3742    34.4227    34.3133    27.3786    27.2633    7.38496 0.0000e+00
      31355     77.656     3.5526     3.7738   3.166305   3.181184     2.3775     2.3368      8.025     0.0410     1.6876 1.0790e-01     0.0545    98.6456     6.1999     6.3844    34.3668    34.3119    27.3274    27.2618    7.37535 0.0000e+00
      31358     77.561     3.5380     3.7760   3.157555   3.181302     2.3779     2.3368      8.025     0.0410     1.6481 1.0790e-01     0.0545    98.6456     6.2062     6.3963    34.2770    34.3110    27.2573    27.2609    7.38244 0.0000e+00
      31361     77.475     3.5111     3.7774   3.157120   3.181370     2.3783     2.3364      8.025     0.0459     1.5692 1.0790e-01     0.0549    98.6369     6.2106     6.4083    34.3003    34.3105    27.2785    27.2603    7.38623 0.0000e+00
      31364     77.393     3.5193     3.7792   3.161726   3.181475     2.3783     2.3360      8.025     0.0410     1.5692 1.0790e-01     0.0545    98.6456     6.2070     6.4197    34.3470    34.3098    27.3149    27.2596    7.38242 0.0000e+00
      31367     77.319     3.5567     3.7807   3.169287   3.181513     2.3783     2.3356      8.026     0.0410     1.5692 1.0790e-01     0.0549    98.6369     6.1977     6.4288    34.3985    34.3088    27.3522    27.2586    7.37305 0.0000e+00
      31370     77.255     3.6026     3.7812   3.170143   3.181530     2.3796     2.3356      8.026     0.0410     1.5692 1.0790e-01     0.0549    98.6369     6.1959     6.4358    34.3603    34.3085    27.3174    27.2583    7.36653 0.0000e+00
      31373     77.200     3.6325     3.7799   3.167865   3.181372     2.3787     2.3356      8.027     0.0410     1.5692 1.0790e-01     0.0549    98.6369     6.1902     6.4404    34.3014    34.3080    27.2675    27.2581    7.36396 0.0000e+00
      31376     77.152     3.6173     3.7762   3.165430   3.181090     2.3783     2.3360      8.029     0.0459     1.5692 1.0790e-01     0.0556    98.6196     6.1922     6.4453    34.2883    34.3086    27.2585    27.2589    7.36738 0.0000e+00
      31379     77.107     3.5936     3.7753   3.163853   3.181030     2.3783     2.3368      8.029     0.0410     1.5692 1.0790e-01     0.0552    98.6283     6.1969     6.4507    34.2943    34.3087    27.2657    27.2591    7.37141 0.0000e+00
      31382     77.068     3.5522     3.7715   3.153735   3.180667     2.3783     2.3368      8.029     0.0410     1.5692 1.0790e-01     0.0552    98.6283     6.2059     6.4524    34.2164    34.3085    27.2077    27.2592    7.38283 0.0000e+00
