Datasets/AZMP/COO001/79001099.cnv
* Sea-Bird SBE 9 Data File:
* FileName = C:\CTDDATA\79001099.hex
* Software Version Seasave V 7.26.7.110
* Temperature SN = 5660
* Conductivity SN = 3698
* Number of Bytes Per Scan = 30
* Number of Voltage Words = 4
* Number of Scans Averaged by the Deck Unit = 1
* NMEA baud rate = 9600
** VESSEL/TRIP/SEQ STN:  79001099
** LATITUDE XX XX.XX N:  49 31.00 N
** LONGITUDE XX XX.XX W:  50 32.00 W
** SOUNDING DEPTH (M):  0333
** PROBE TYPE: S1257
** CTD NUMBER: 065
** COMMENTS (14 CHAR): BB-10
** BOTTLES:  12
** LEVELS: 5,5,10,20,20,30,40,50,75,100,150,BTM
** STICKERS: 435384 - 435395
** VNET: Y
** DO2: Y
# nquan = 22
# nvalues = 8766                        
# units = specified
# name 0 = scan: Scan Count
# name 1 = prDM: Pressure, Digiquartz [db]
# name 2 = t090C: Temperature [ITS-90, deg C]
# name 3 = t190C: Temperature, 2 [ITS-90, deg C]
# name 4 = c0S/m: Conductivity [S/m]
# name 5 = c1S/m: Conductivity, 2 [S/m]
# name 6 = sbeox0V: Oxygen raw, SBE 43 [V]
# name 7 = sbeox1V: Oxygen raw, SBE 43, 2 [V]
# name 8 = ph: pH
# name 9 = flECO-AFL: Fluorescence, WET Labs ECO-AFL/FL [mg/m^3]
# name 10 = wetCDOM: Fluorescence, WET Labs CDOM [mg/m^3]
# name 11 = par/sat/log: PAR/Logarithmic, Satlantic [umol photons/m^2/sec]
# name 12 = CStarAt0: Beam Attenuation, WET Labs C-Star [1/m]
# name 13 = CStarTr0: Beam Transmission, WET Labs C-Star [%]
# name 14 = sbeox0ML/L: Oxygen, SBE 43 [ml/l], WS = 2
# name 15 = sbeox1ML/L: Oxygen, SBE 43, 2 [ml/l], WS = 2
# name 16 = sal00: Salinity, Practical [PSU]
# name 17 = sal11: Salinity, Practical, 2 [PSU]
# name 18 = sigma-t00: Density [sigma-t, kg/m^3 ]
# name 19 = sigma-t11: Density, 2 [sigma-t, kg/m^3 ]
# name 20 = oxsatML/L: Oxygen Saturation, Weiss [ml/l]
# name 21 = flag: flag
# span 0 =         43,      67140       
# span 1 =      0.503,    330.871       
# span 2 =     1.9721,     3.9481       
# span 3 =     1.9542,     3.9485       
# span 4 =   2.972689,   3.243676       
# span 5 =   0.684572,   3.243786       
# span 6 =     2.3987,     2.7497       
# span 7 =     2.3690,     2.7117       
# span 8 =      8.125,      8.212       
# span 9 =    -0.0176,     1.2962       
# span 10 =    -1.3523,     1.9245      
# span 11 = 1.0752e-01, 7.3949e+01      
# span 12 =     0.0524,     0.4034      
# span 13 =    90.4077,    98.6978      
# span 14 =     6.3699,     7.6618      
# span 15 =     6.6938,     9.0813      
# span 16 =    33.2510,    34.7475      
# span 17 =     6.7762,    34.7480      
# span 18 =    26.5290,    27.6118      
# span 19 =     5.4031,    27.5924      
# span 20 =    7.28535,    7.69955      
# span 21 = 0.0000e+00, 0.0000e+00      
# interval = scans: 3                   
# start_time = Dec 03 2019 11:34:35 [System UTC, header]
# bad_flag = -9.990e-29
*END*
[from data line 1252]
       4777     82.899     3.2362     3.2207   3.083492   3.083398     2.7107     2.6737      8.204     0.2413     1.4507 1.0815e-01     0.0786    98.0547     7.3349     7.6563    33.6973    33.7124    26.8238    26.8372    7.46695 0.0000e+00
       4780     82.983     3.2295     3.2196   3.083252   3.083419     2.7087     2.6728      8.204     0.2413     1.4902 1.0790e-01     0.0789    98.0460     7.3308     7.6595    33.7013    33.7137    26.8276    26.8384    7.46800 0.0000e+00
       4783     83.060     3.2258     3.2192   3.083333   3.083562     2.7083     2.6716      8.204     0.2364     1.5692 1.0790e-01     0.0789    98.0460     7.3312     7.6621    33.7061    33.7158    26.8318    26.8401    7.46844 0.0000e+00
       4786     83.134     3.2242     3.2172   3.083500   3.083521     2.7079     2.6716      8.204     0.2413     1.5692 1.0790e-01     0.0786    98.0547     7.3278     7.6710    33.7098    33.7173    26.8349    26.8415    7.46857 0.0000e+00
       4789     83.201     3.2237     3.2139   3.083590   3.083289     2.7075     2.6708      8.204     0.2364     1.5692 1.0790e-01     0.0786    98.0547     7.3277     7.6756    33.7114    33.7179    26.8362    26.8423    7.46859 0.0000e+00
       4792     83.261     3.2232     3.2094   3.083610   3.082895     2.7070     2.6704      8.204     0.2364     1.5692 1.0802e-01     0.0789    98.0460     7.3283     7.6826    33.7121    33.7178    26.8368    26.8427    7.46864 0.0000e+00
       4795     83.317     3.2230     3.2041   3.083595   3.082534     2.7058     2.6696      8.204     0.2413     1.5692 1.0790e-01     0.0761    98.1155     7.3250     7.6862    33.7121    33.7190    26.8368    26.8441    7.46868 0.0000e+00
       4798     83.366     3.2222     3.2006   3.083513   3.082316     2.7054     2.6692      8.204     0.2315     1.5692 1.0790e-01     0.0694    98.2807     7.3229     7.6931    33.7119    33.7199    26.8367    26.8451    7.46884 0.0000e+00
       4801     83.409     3.2214     3.1985   3.083260   3.082262     2.7054     2.6692      8.204     0.2413     1.5692 1.0802e-01     0.0694    98.2807     7.3258     7.7024    33.7097    33.7214    26.8350    26.8465    7.46910 0.0000e+00
       4804     83.449     3.2218     3.1985   3.082882   3.082254     2.7046     2.6692      8.204     0.2315     1.5692 1.0790e-01     0.0697    98.2720     7.3232     7.7109    33.7047    33.7214    26.8310    26.8465    7.46928 0.0000e+00
       4807     83.483     3.2225     3.1984   3.082654   3.082311     2.7030     2.6692      8.204     0.2169     1.5692 1.0802e-01     0.0694    98.2807     7.3181     7.7183    33.7012    33.7222    26.8281    26.8471    7.46932 0.0000e+00
       4810     83.513     3.2231     3.1973   3.082560   3.082254     2.7018     2.6692      8.204     0.2071     1.5692 1.0790e-01     0.0694    98.2807     7.3152     7.7245    33.6994    33.7225    26.8267    26.8475    7.46930 0.0000e+00
       4813     83.539     3.2230     3.1965   3.082310   3.082269     2.7026     2.6679      8.204     0.2071     1.5692 1.0802e-01     0.0694    98.2807     7.3204     7.7265    33.6964    33.7235    26.8243    26.8484    7.46946 0.0000e+00
       4816     83.561     3.2229     3.1959   3.082057   3.082233     2.7022     2.6688      8.204     0.2071     1.5692 1.0790e-01     0.0704    98.2546     7.3195     7.7341    33.6934    33.7237    26.8219    26.8486    7.46962 0.0000e+00
       4842     83.697     3.2273     3.2083   3.081447   3.082696     2.6976     2.6696      8.204     0.2462     1.5692 1.0790e-01     0.0711    98.2372     7.3049     7.7420    33.6814    33.7163    26.8119    26.8415    7.46940 0.0000e+00
       4860     83.794     3.2287     3.2032   3.080987   3.082295     2.6936     2.6704      8.204     0.2364     1.5692 1.0802e-01     0.0726    98.2025     7.2920     7.7336    33.6743    33.7168    26.8062    26.8424    7.46949 0.0000e+00
       4863     83.821     3.2281     3.1971   3.080902   3.082107     2.6936     2.6704      8.204     0.2364     1.5692 1.0790e-01     0.0726    98.2025     7.2915     7.7249    33.6739    33.7208    26.8059    26.8461    7.46962 0.0000e+00
       4866     83.848     3.2281     3.1934   3.080978   3.082045     2.6932     2.6704      8.204     0.2364     1.5692 1.0790e-01     0.0726    98.2025     7.2879     7.7134    33.6749    33.7239    26.8066    26.8489    7.46959 0.0000e+00
       4869     83.879     3.2279     3.1921   3.080804   3.082028     2.6920     2.6704      8.204     0.2364     1.5692 1.0802e-01     0.0726    98.2025     7.2831     7.7007    33.6729    33.7250    26.8051    26.8500    7.46971 0.0000e+00
       4872     83.913     3.2262     3.1924   3.080355   3.082054     2.6912     2.6700      8.204     0.2364     1.5692 1.0790e-01     0.0726    98.2025     7.2811     7.6885    33.6693    33.7250    26.8024    26.8499    7.47022 0.0000e+00
       4875     83.953     3.2241     3.1926   3.079999   3.082148     2.6912     2.6696      8.204     0.2413     1.5692 1.0802e-01     0.0729    98.1938     7.2803     7.6746    33.6672    33.7260    26.8009    26.8507    7.47072 0.0000e+00
       4878     84.000     3.2214     3.1931   3.079560   3.082216     2.6912     2.6688      8.205     0.2364     1.5692 1.0790e-01     0.0754    98.1330     7.2815     7.6610    33.6645    33.7262    26.7990    26.8508    7.47134 0.0000e+00
       4881     84.051     3.2201     3.1935   3.079571   3.082277     2.6899     2.6679      8.204     0.2364     1.5297 1.0790e-01     0.0757    98.1243     7.2772     7.6467    33.6661    33.7265    26.8004    26.8511    7.47152 0.0000e+00
       4884     84.110     3.2181     3.1936   3.078998   3.082368     2.6895     2.6671      8.204     0.2267     1.5692 1.0790e-01     0.0757    98.1243     7.2746     7.6327    33.6611    33.7275    26.7966    26.8518    7.47213 0.0000e+00
       4887     84.172     3.2161     3.1927   3.078841   3.082357     2.6879     2.6667      8.204     0.2022     1.5692 1.0802e-01     0.0757    98.1243     7.2672     7.6221    33.6613    33.7283    26.7969    26.8525    7.47250 0.0000e+00
       4890     84.236     3.2144     3.1907   3.079968   3.082278     2.6875     2.6647      8.204     0.2120     1.5297 1.0790e-01     0.0757    98.1243     7.2657     7.6078    33.6767    33.7293    26.8094    26.8535    7.47205 0.0000e+00
       4893     84.305     3.2090     3.1891   3.081505   3.082161     2.6879     2.6647      8.204     0.2071     1.5692 1.0790e-01     0.0754    98.1330     7.2653     7.6010    33.7009    33.7295    26.8291    26.8538    7.47186 0.0000e+00
       4896     84.380     3.2039     3.1865   3.082005   3.081993     2.6867     2.6631      8.204     0.2120     1.5692 1.0802e-01     0.0754    98.1330     7.2604     7.5901    33.7122    33.7302    26.8387    26.8546    7.47224 0.0000e+00
       4899     84.457     3.2001     3.1838   3.082208   3.081824     2.6863     2.6618      8.204     0.2022     1.5692 1.0802e-01     0.0747    98.1503     7.2597     7.5820    33.7186    33.7309    26.8441    26.8554    7.47263 0.0000e+00
       4902     84.538     3.1969     3.1816   3.082202   3.081665     2.6846     2.6614      8.204     0.2120     1.5692 1.0790e-01     0.0747    98.1503     7.2540     7.5775    33.7217    33.7312    26.8469    26.8559    7.47307 0.0000e+00
       4905     84.623     3.1939     3.1762   3.082040   3.080984     2.6842     2.6598      8.204     0.2071     1.5692 1.0790e-01     0.0747    98.1503     7.2529     7.5691    33.7229    33.7286    26.8481    26.8542    7.47358 0.0000e+00
       4908     84.707     3.1905     3.1678   3.081822   3.080331     2.6830     2.6586      8.204     0.2120     1.5692 1.0802e-01     0.0747    98.1503     7.2469     7.5637    33.7237    33.7294    26.8491    26.8556    7.47416 0.0000e+00
       4911     84.798     3.1863     3.1606   3.081278   3.079941     2.6822     2.6582      8.204     0.2071     1.5692 1.0790e-01     0.0747    98.1503     7.2427     7.5604    33.7215    33.7322    26.8477    26.8585    7.47506 0.0000e+00
       4914     84.888     3.1794     3.1562   3.080433   3.079778     2.6826     2.6566      8.204     0.2120     1.5692 1.0790e-01     0.0747    98.1503     7.2432     7.5531    33.7184    33.7348    26.8459    26.8610    7.47651 0.0000e+00
       4917     84.982     3.1717     3.1534   3.079912   3.079644     2.6802     2.6553      8.204     0.2120     1.5297 1.0802e-01     0.0711    98.2372     7.2363     7.5439    33.7201    33.7359    26.8479    26.8622    7.47787 0.0000e+00
       4920     85.080     3.1648     3.1514   3.079692   3.079493     2.6810     2.6541      8.204     0.2022     1.5692 1.0802e-01     0.0683    98.3067     7.2390     7.5373    33.7246    33.7362    26.8521    26.8626    7.47894 0.0000e+00
       4923     85.178     3.1598     3.1462   3.079528   3.078948     2.6802     2.6529      8.204     0.2071     1.5692 1.0802e-01     0.0683    98.3067     7.2342     7.5318    33.7278    33.7350    26.8551    26.8621    7.47971 0.0000e+00
       4926     85.277     3.1549     3.1381   3.078967   3.078453     2.6789     2.6517      8.202     0.2071     1.5692 1.0790e-01     0.0683    98.3067     7.2306     7.5279    33.7260    33.7374    26.8541    26.8647    7.48071 0.0000e+00
       4929     85.373     3.1472     3.1284   3.078304   3.077955     2.6773     2.6504      8.199     0.2071     1.5692 1.0790e-01     0.0683    98.3067     7.2261     7.5240    33.7260    33.7414    26.8548    26.8688    7.48216 0.0000e+00
       4932     85.471     3.1378     3.1195   3.077781   3.077600     2.6757     2.6492      8.201     0.2071     1.5692 1.0790e-01     0.0683    98.3067     7.2220     7.5206    33.7294    33.7464    26.8584    26.8736    7.48375 0.0000e+00
       4935     85.567     3.1287     3.1125   3.077448   3.077335     2.6745     2.6476      8.199     0.2120     1.5692 1.0802e-01     0.0683    98.3067     7.2184     7.5148    33.7348    33.7504    26.8636    26.8774    7.48519 0.0000e+00
       4938     85.668     3.1212     3.1069   3.077212   3.077100     2.6753     2.6464      8.199     0.1778     1.5692 1.0790e-01     0.0665    98.3502     7.2228     7.5125    33.7397    33.7534    26.8682    26.8803    7.48635 0.0000e+00
       4941     85.766     3.1147     3.1037   3.076965   3.076977     2.6741     2.6443      8.199     0.1778     1.5692 1.0790e-01     0.0662    98.3589     7.2193     7.5058    33.7434    33.7551    26.8717    26.8820    7.48737 0.0000e+00
       4944     85.859     3.1101     3.1016   3.076832   3.076886     2.6716     2.6435      8.199     0.1729     1.5692 1.0790e-01     0.0662    98.3589     7.2100     7.5036    33.7467    33.7561    26.8747    26.8830    7.48809 0.0000e+00
       4947     85.951     3.1070     3.0988   3.076788   3.076713     2.6704     2.6427      8.199     0.1729     1.5692 1.0790e-01     0.0665    98.3502     7.2080     7.5037    33.7493    33.7570    26.8770    26.8840    7.48853 0.0000e+00
       4950     86.042     3.1046     3.0951   3.076651   3.076486     2.6712     2.6415      8.199     0.1778     1.5692 1.0790e-01     0.0662    98.3589     7.2118     7.5024    33.7501    33.7581    26.8780    26.8852    7.48895 0.0000e+00
       4953     86.134     3.1020     3.0923   3.076551   3.076337     2.6696     2.6399      8.199     0.1729     1.5692 1.0802e-01     0.0662    98.3589     7.2068     7.4981    33.7516    33.7591    26.8793    26.8862    7.48935 0.0000e+00
       4956     86.225     3.0992     3.0903   3.076289   3.076238     2.6692     2.6390      8.198     0.1778     1.5692 1.0802e-01     0.0665    98.3502     7.2057     7.4964    33.7513    33.7600    26.8794    26.8871    7.48991 0.0000e+00
       4959     86.316     3.0962     3.0877   3.076159   3.076144     2.6679     2.6374      8.198     0.1827     1.5692 1.0827e-01     0.0658    98.3676     7.2010     7.4940    33.7527    33.7615    26.8808    26.8885    7.49038 0.0000e+00
       4962     86.403     3.0939     3.0847   3.076069   3.076072     2.6675     2.6362      8.196     0.1778     1.5692 1.0790e-01     0.0658    98.3676     7.1997     7.4918    33.7541    33.7637    26.8821    26.8906    7.49076 0.0000e+00
       4965     86.490     3.0912     3.0819   3.075983   3.076030     2.6655     2.6350      8.195     0.1436     1.6876 1.0790e-01     0.0655    98.3762     7.1953     7.4873    33.7557    33.7661    26.8836    26.8927    7.49117 0.0000e+00
       4968     86.577     3.0885     3.0799   3.075886   3.075944     2.6643     2.6337      8.196     0.1436     1.6876 1.0790e-01     0.0658    98.3676     7.1937     7.4825    33.7573    33.7671    26.8852    26.8938    7.49160 0.0000e+00
       4971     86.662     3.0858     3.0777   3.075839   3.075826     2.6639     2.6333      8.195     0.1534     1.6876 1.0802e-01     0.0662    98.3589     7.1907     7.4830    33.7596    33.7679    26.8872    26.8946    7.49200 0.0000e+00
       4974     86.743     3.0834     3.0711   3.075794   3.075615     2.6622     2.6317      8.195     0.1436     1.6876 1.0802e-01     0.0658    98.3676     7.1841     7.4801    33.7615    33.7722    26.8890    26.8986    7.49236 0.0000e+00
       4977     86.829     3.0813     3.0612   3.075646   3.075266     2.6610     2.6301      8.195     0.1485     1.6876 1.0790e-01     0.0655    98.3762     7.1819     7.4772    33.7619    33.7783    26.8894    26.9044    7.49273 0.0000e+00
       4980     86.918     3.0766     3.0509   3.075414   3.074896     2.6610     2.6289      8.195     0.1534     1.6876 1.0802e-01     0.0651    98.3849     7.1820     7.4768    33.7639    33.7845    26.8914    26.9103    7.49350 0.0000e+00
       4983     86.998     3.0688     3.0418   3.075057   3.074561     2.6598     2.6285      8.195     0.1534     1.6876 1.0790e-01     0.0648    98.3936     7.1796     7.4799    33.7677    33.7899    26.8952    26.9154    7.49478 0.0000e+00
       4986     87.083     3.0594     3.0371   3.074692   3.074399     2.6594     2.6268      8.195     0.1436     1.6876 1.0802e-01     0.0641    98.4110     7.1795     7.4777    33.7731    33.7929    26.9003    26.9181    7.49628 0.0000e+00
       4989     87.162     3.0510     3.0349   3.074404   3.074319     2.6582     2.6252      8.195     0.1534     1.6087 1.0790e-01     0.0651    98.3849     7.1763     7.4764    33.7783    33.7942    26.9052    26.9194    7.49760 0.0000e+00
       4992     87.240     3.0448     3.0334   3.074244   3.074238     2.6578     2.6248      8.195     0.1436     1.5692 1.0790e-01     0.0648    98.3936     7.1757     7.4795    33.7828    33.7948    26.9095    26.9200    7.49854 0.0000e+00
       4995     87.319     3.0408     3.0314   3.074177   3.074094     2.6557     2.6236      8.195     0.1436     1.5692 1.0815e-01     0.0648    98.3936     7.1696     7.4825    33.7861    33.7951    26.9124    26.9204    7.49913 0.0000e+00
       4998     87.395     3.0383     3.0272   3.074134   3.073852     2.6549     2.6223      8.195     0.1485     1.5692 1.0802e-01     0.0651    98.3849     7.1677     7.4851    33.7882    33.7964    26.9143    26.9219    7.49950 0.0000e+00
       5001     87.470     3.0362     3.0207   3.074032   3.073658     2.6549     2.6215      8.195     0.1583     1.5692 1.0790e-01     0.0651    98.3849     7.1670     7.4897    33.7891    33.8008    26.9152    26.9259    7.49984 0.0000e+00
       5004     87.542     3.0342     3.0132   3.073881   3.073440     2.6521     2.6203      8.195     0.1436     1.5692 1.0802e-01     0.0651    98.3849     7.1580     7.4920    33.7894    33.8060    26.9156    26.9307    7.50021 0.0000e+00
