Datasets/AZMP/COO001/79001011.cnv
* Sea-Bird SBE 9 Data File:
* FileName = C:\CTDDATA\79001011.hex
* Software Version Seasave V 7.26.7.110
* Temperature SN = 5811
* Conductivity SN = 4531
* Number of Bytes Per Scan = 30
* Number of Voltage Words = 4
* Number of Scans Averaged by the Deck Unit = 1
* NMEA baud rate = 9600
** VESSEL/TRIP/SEQ STN:  79001011
** LATITUDE XX XX.XX N:  46 30.29 N
** LONGITUDE XX XX.XX W:  56 01.79 W
** SOUNDING DEPTH (M):  0150
** PROBE TYPE (S1221): S1221
** CTD NUMBER: 004
** COMMENTS (14 CHAR):  SWSPB-02
** BOTTLES:  11
** LEVELS: 5,5,10,20,20,30,40,50,75,100,BTM
** STICKERS: 434618 - 434628
** VNET: Y
** DO2: Y
# nquan = 22
# nvalues = 3504                        
# units = specified
# name 0 = scan: Scan Count
# name 1 = prDM: Pressure, Digiquartz [db]
# name 2 = t090C: Temperature [ITS-90, deg C]
# name 3 = t190C: Temperature, 2 [ITS-90, deg C]
# name 4 = c0S/m: Conductivity [S/m]
# name 5 = c1S/m: Conductivity, 2 [S/m]
# name 6 = sbeox0V: Oxygen raw, SBE 43 [V]
# name 7 = sbeox1V: Oxygen raw, SBE 43, 2 [V]
# name 8 = ph: pH
# name 9 = flECO-AFL: Fluorescence, WET Labs ECO-AFL/FL [mg/m^3]
# name 10 = wetCDOM: Fluorescence, WET Labs CDOM [mg/m^3]
# name 11 = par/sat/log: PAR/Logarithmic, Satlantic [umol photons/m^2/sec]
# name 12 = CStarAt0: Beam Attenuation, WET Labs C-Star [1/m]
# name 13 = CStarTr0: Beam Transmission, WET Labs C-Star [%]
# name 14 = sbeox0ML/L: Oxygen, SBE 43 [ml/l], WS = 2
# name 15 = sbeox1ML/L: Oxygen, SBE 43, 2 [ml/l], WS = 2
# name 16 = sal00: Salinity, Practical [PSU]
# name 17 = sal11: Salinity, Practical, 2 [PSU]
# name 18 = sigma-t00: Density [sigma-t, kg/m^3 ]
# name 19 = sigma-t11: Density, 2 [sigma-t, kg/m^3 ]
# name 20 = oxsatML/L: Oxygen Saturation, Weiss [ml/l]
# name 21 = flag: flag
# span 0 =         22,      31717       
# span 1 =      1.160,    141.664       
# span 2 =    -0.6623,     5.8790       
# span 3 =    -0.6560,     5.8789       
# span 4 =   2.680635,   3.139722       
# span 5 =   2.681067,   3.139738       
# span 6 =     2.4076,     3.1214       
# span 7 =     2.2895,     2.5377       
# span 8 =      8.027,      8.161       
# span 9 =     0.0460,     0.7420       
# span 10 =    -1.0780,   108.8772      
# span 11 = 1.1746e-01, 6.1713e-01      
# span 12 =    -0.1236,    -0.0083      
# span 13 =   100.2085,   103.1385      
# span 14 =     6.0034,     9.0620      
# span 15 =     7.4867,     8.6316      
# span 16 =    31.7726,    32.6713      
# span 17 =    31.7728,    32.6707      
# span 18 =    25.0176,    26.2543      
# span 19 =    25.0179,    26.2536      
# span 20 =    7.08972,    8.32060      
# span 21 = 0.0000e+00, 0.0000e+00      
# interval = scans: 3                   
# start_time = Nov 18 2019 22:50:38 [System UTC, header]
# bad_flag = -9.990e-29
*END*
[from data line 2568]
      14849     62.852     1.7332     1.7850   2.856278   2.860108     2.6179     2.4974      8.105     0.1217     0.7844 1.1787e-01    -0.0439   101.1038     8.3353     8.4166    32.4677    32.4624    25.9621    25.9543    7.82168 0.0000e+00
      14852     62.773     1.7335     1.7900   2.856505   2.860221     2.6187     2.4970      8.105     0.1217     0.7755 1.1787e-01    -0.0450   101.1309     8.3386     8.4175    32.4703    32.4586    25.9642    25.9510    7.82148 0.0000e+00
      14855     62.694     1.7548     1.7900   2.858579   2.860403     2.6191     2.4965      8.105     0.1217     0.7755 1.1787e-01    -0.0446   101.1219     8.3340     8.4166    32.4744    32.4610    25.9660    25.9529    7.81698 0.0000e+00
      14858     62.615     1.7785     1.7878   2.859830   2.859847     2.6199     2.4974      8.105     0.1192     0.7844 1.1787e-01    -0.0443   101.1128     8.3303     8.4227    32.4657    32.4564    25.9574    25.9493    7.81266 0.0000e+00
      14861     62.537     1.7714     1.7885   2.859397   2.860285     2.6207     2.4982      8.105     0.1241     0.8382 1.1787e-01    -0.0439   101.1038     8.3313     8.4265    32.4677    32.4611    25.9595    25.9531    7.81399 0.0000e+00
      14864     62.458     1.7668     1.8211   2.858740   2.862560     2.6215     2.4986      8.105     0.1192     1.1874 1.1787e-01    -0.0443   101.1128     8.3323     8.4195    32.4642    32.4561    25.9570    25.9468    7.81510 0.0000e+00
      14867     62.385     1.7413     1.8218   2.856182   2.862454     2.6223     2.4998      8.105     0.1168     1.1784 1.1787e-01    -0.0439   101.1038     8.3377     8.4228    32.4584    32.4542    25.9542    25.9451    7.82054 0.0000e+00
      14870     62.303     1.6977     1.8220   2.852627   2.862222     2.6231     2.4990      8.106     0.1168     1.1874 1.1787e-01    -0.0443   101.1128     8.3457     8.4180    32.4588    32.4511    25.9575    25.9426    7.82933 0.0000e+00
      14873     62.225     1.6705     1.8216   2.850553   2.862087     2.6227     2.5006      8.106     0.1168     1.2053 1.1787e-01    -0.0443   101.1128     8.3461     8.4233    32.4608    32.4499    25.9610    25.9417    7.83472 0.0000e+00
      14876     62.148     1.6435     1.8298   2.848918   2.862991     2.6231     2.5006      8.106     0.1192     1.1784 1.1787e-01    -0.0450   101.1309     8.3480     8.4191    32.4682    32.4528    25.9687    25.9434    7.83979 0.0000e+00
      14879     62.073     1.6331     1.8406   2.847959   2.863556     2.6231     2.4998      8.106     0.1168     1.1874 1.1787e-01    -0.0443   101.1128     8.3451     8.4119    32.4669    32.4488    25.9684    25.9395    7.84196 0.0000e+00
      14882     61.996     1.6195     1.8325   2.847864   2.862675     2.6235     2.4998      8.106     0.1192     1.1874 1.1787e-01    -0.0446   101.1219     8.3448     8.4108    32.4798    32.4461    25.9796    25.9379    7.84404 0.0000e+00
      14885     61.920     1.6324     1.8297   2.849461   2.862331     2.6231     2.4998      8.106     0.1266     1.1784 1.1787e-01    -0.0443   101.1128     8.3350     8.4105    32.4866    32.4447    25.9843    25.9370    7.84107 0.0000e+00
      14888     61.843     1.6806     1.8332   2.853746   2.862748     2.6235     2.4994      8.106     0.1315     1.3307 1.1787e-01    -0.0443   101.1128     8.3210     8.4101    32.4907    32.4464    25.9842    25.9381    7.83109 0.0000e+00
      14891     61.768     1.7494     1.8428   2.856884   2.863365     2.6231     2.4990      8.105     0.1339     1.5545 1.1787e-01    -0.0446   101.1219     8.3012     8.4099    32.4593    32.4443    25.9543    25.9357    7.81887 0.0000e+00
      14894     61.692     1.7408     1.8477   2.856327   2.863708     2.6231     2.4994      8.105     0.1339     1.5366 1.1787e-01    -0.0443   101.1128     8.3021     8.4154    32.4611    32.4436    25.9564    25.9348    7.82050 0.0000e+00
      14897     61.615     1.7102     1.8398   2.854729   2.863106     2.6231     2.5006      8.106     0.1315     1.5455 1.1787e-01    -0.0446   101.1219     8.3085     8.4262    32.4727    32.4442    25.9678    25.9359    7.82607 0.0000e+00
      14900     61.537     1.7311     1.8237   2.856242   2.861303     2.6227     2.4998      8.107     0.1364     1.5366 1.1760e-01    -0.0439   101.1038     8.3018     8.4323    32.4701    32.4383    25.9642    25.9323    7.82198 0.0000e+00
      14903     61.459     1.7949     1.7765   2.861902   2.858728     2.6227     2.5014      8.107     0.1339     1.5366 1.1760e-01    -0.0443   101.1128     8.2865     8.4536    32.4755    32.4546    25.9641    25.9486    7.80885 0.0000e+00
      14906     61.380     1.8383     1.7736   2.863387   2.858859     2.6231     2.5014      8.107     0.1364     1.5455 1.1773e-01    -0.0446   101.1219     8.2800     8.4564    32.4494    32.4592    25.9401    25.9525    7.80149 0.0000e+00
      14909     61.303     1.8276     1.8593   2.862003   2.865357     2.6223     2.5018      8.107     0.1339     1.5455 1.1773e-01    -0.0443   101.1128     8.2806     8.4390    32.4432    32.4525    25.9359    25.9411    7.80398 0.0000e+00
      14912     61.225     1.8447     1.9719   2.864533   2.872368     2.6227     2.5031      8.108     0.1266     1.5366 1.1787e-01    -0.0446   101.1219     8.2781     8.4174    32.4572    32.4245    25.9459    25.9107    7.79979 0.0000e+00
      14915     61.145     1.8994     2.0033   2.867323   2.873646     2.6223     2.5035      8.108     0.1290     0.2382 1.1787e-01    -0.0443   101.1128     8.2676     8.4105    32.4359    32.4083    25.9250    25.8954    7.78995 0.0000e+00
      14918     61.067     1.9567     1.9949   2.871558   2.872770     2.6227     2.5039      8.108     0.1266    -0.4512 1.1787e-01    -0.0443   101.1128     8.2596     8.4110    32.4300    32.4060    25.9161    25.8942    7.77879 0.0000e+00
      14921     60.988     1.9647     2.0013   2.871509   2.873491     2.6227     2.5035      8.108     0.1266    -0.4154 1.1787e-01    -0.0446   101.1219     8.2626     8.4016    32.4213    32.4084    25.9086    25.8957    7.77765 0.0000e+00
      14924     60.912     1.9584     1.9996   2.870286   2.873666     2.6231     2.5035      8.106     0.1266    -0.4243 1.1787e-01    -0.0443   101.1128     8.2705     8.3948    32.4125    32.4124    25.9021    25.8990    7.77937 0.0000e+00
      14927     60.834     1.9468     1.9779   2.869719   2.871293     2.6231     2.5039      8.109     0.1266    -0.4243 1.1787e-01    -0.0443   101.1128     8.2760     8.3959    32.4174    32.4052    25.9068    25.8948    7.78144 0.0000e+00
      14930     60.755     1.9389     1.9247   2.869230   2.868291     2.6231     2.5043      8.108     0.1290    -0.4243 1.1787e-01    -0.0439   101.1038     8.2808     8.4021    32.4194    32.4223    25.9090    25.9123    7.78291 0.0000e+00
      14933     60.678     1.9472     1.8686   2.870121   2.865237     2.6231     2.5047      8.109     0.1241    -0.4243 1.1787e-01    -0.0450   101.1309     8.2810     8.4077    32.4221    32.4418    25.9105    25.9319    7.78112 0.0000e+00
      14936     60.600     1.9500     1.8579   2.870852   2.864855     2.6235     2.5047      8.109     0.1266    -0.4154 1.1787e-01    -0.0443   101.1128     8.2825     8.4024    32.4283    32.4480    25.9153    25.9376    7.78022 0.0000e+00
      14939     60.522     1.9357     1.8757   2.869195   2.865551     2.6244     2.5047      8.109     0.1266    -0.3796 1.1787e-01    -0.0443   101.1128     8.2891     8.3950    32.4224    32.4385    25.9116    25.9288    7.78339 0.0000e+00
      14942     60.447     1.9092     1.8951   2.867709   2.866524     2.6260     2.5047      8.110     0.1266     0.6591 1.1787e-01    -0.0446   101.1219     8.2995     8.3870    32.4311    32.4307    25.9204    25.9212    7.78824 0.0000e+00
      14945     60.371     1.9075     1.9095   2.867578   2.867441     2.6260     2.5039      8.110     0.1315     0.7576 1.1787e-01    -0.0439   101.1038     8.2967     8.3786    32.4312    32.4275    25.9206    25.9175    7.78857 0.0000e+00
      14948     60.297     1.8987     1.9160   2.867381   2.868059     2.6264     2.5035      8.110     0.1266     0.7576 1.1760e-01    -0.0439   101.1038     8.2970     8.3734    32.4378    32.4286    25.9266    25.9179    7.78998 0.0000e+00
      14951     60.223     1.8819     2.0191   2.866127   2.875240     2.6264     2.5035      8.110     0.1241     0.7576 1.1773e-01    -0.0443   101.1128     8.2977     8.3461    32.4394    32.4124    25.9291    25.8976    7.79327 0.0000e+00
      14954     60.148     1.8717     2.1121   2.865600   2.880934     2.6268     2.5026      8.110     0.1290     0.7486 1.1773e-01    -0.0443   101.1128     8.2972     8.3217    32.4434    32.3881    25.9330    25.8713    7.79510 0.0000e+00
      14957     60.068     1.8729     2.1149   2.865598   2.881064     2.6268     2.5022      8.110     0.1241     0.7576 1.1773e-01    -0.0446   101.1219     8.2918     8.3229    32.4422    32.3870    25.9320    25.8702    7.79493 0.0000e+00
      14960     59.990     1.8747     2.1400   2.865109   2.883332     2.6268     2.5022      8.110     0.1315     0.7486 1.1773e-01    -0.0443   101.1128     8.2871     8.3223    32.4343    32.3895    25.9255    25.8703    7.79498 0.0000e+00
      14963     59.911     1.9073     2.1797   2.866619   2.885817     2.6260     2.5026      8.110     0.1241     0.7486 1.1773e-01    -0.0450   101.1309     8.2732     8.3210    32.4197    32.3798    25.9115    25.8596    7.78921 0.0000e+00
      14966     59.837     1.9256     2.1923   2.867271   2.885223     2.6260     2.5026      8.110     0.1266     0.6143 1.1760e-01    -0.0446   101.1219     8.2669     8.3241    32.4091    32.3597    25.9017    25.8425    7.78611 0.0000e+00
      14969     59.765     1.9141     2.1280   2.868089   2.880461     2.6256     2.5026      8.110     0.1290     0.0860 1.1760e-01    -0.0439   101.1038     8.2666     8.3440    32.4312    32.3663    25.9202    25.8526    7.78725 0.0000e+00
      14972     59.692     1.9302     2.0837   2.870177   2.878565     2.6256     2.5026      8.110     0.1290     0.1039 1.1773e-01    -0.0439   101.1038     8.2632     8.3557    32.4408    32.3880    25.9267    25.8733    7.78354 0.0000e+00
      14975     59.618     1.9543     2.0784   2.871834   2.878698     2.6256     2.5022      8.111     0.1241     0.1039 1.1773e-01    -0.0446   101.1219     8.2596     8.3564    32.4367    32.3951    25.9217    25.8794    7.77892 0.0000e+00
      14978     59.546     1.9631     2.1087   2.871301   2.880437     2.6252     2.5035      8.109     0.1266     0.1039 1.1787e-01    -0.0443   101.1128     8.2595     8.3562    32.4211    32.3858    25.9086    25.8696    7.77799 0.0000e+00
      14981     59.472     1.8953     2.1458   2.867324   2.883358     2.6252     2.5039      8.110     0.1290     0.1039 1.1773e-01    -0.0443   101.1128     8.2791     8.3492    32.4411    32.3842    25.9294    25.8656    7.79050 0.0000e+00
      14984     59.396     1.8699     2.1886   2.866406   2.885963     2.6256     2.5043      8.112     0.1290     0.1039 1.1773e-01    -0.0439   101.1038     8.2906     8.3413    32.4557    32.3728    25.9430    25.8533    7.79481 0.0000e+00
      14987     59.320     1.9415     2.2040   2.872529   2.886600     2.6256     2.5043      8.109     0.1266     0.1039 1.1773e-01    -0.0446   101.1219     8.2781     8.3401    32.4588    32.3650    25.9403    25.8460    7.78034 0.0000e+00
      14990     59.245     2.0724     2.1683   2.880599   2.883703     2.6256     2.5039      8.109     0.1339     0.1039 1.1760e-01    -0.0439   101.1038     8.2519     8.3485    32.4251    32.3657    25.9038    25.8491    7.75601 0.0000e+00
      14993     59.171     2.1539     2.1008   2.884316   2.878842     2.6260     2.5035      8.109     0.1315     0.0591 1.1773e-01    -0.0446   101.1219     8.2389     8.3664    32.3880    32.3743    25.8681    25.8610    7.74177 0.0000e+00
      14996     59.100     2.1748     2.0570   2.885316   2.878014     2.6264     2.5035      8.109     0.1315     0.0233 1.1773e-01    -0.0443   101.1128     8.2379     8.3779    32.3791    32.4088    25.8594    25.8919    7.73809 0.0000e+00
      14999     59.029     2.1715     2.0746   2.885190   2.878916     2.6268     2.5035      8.109     0.1339     0.0144 1.1773e-01    -0.0446   101.1219     8.2415     8.3774    32.3809    32.4020    25.8611    25.8852    7.73865 0.0000e+00
      15002     58.955     2.1603     2.0623   2.884418   2.877612     2.6276     2.5035      8.110     0.1339     0.0233 1.1760e-01    -0.0443   101.1128     8.2478     8.3842    32.3829    32.3984    25.8635    25.8832    7.74077 0.0000e+00
      15005     58.881     2.1499     2.0420   2.883706   2.876723     2.6280     2.5047      8.110     0.1339     0.0233 1.1773e-01    -0.0443   101.1128     8.2507     8.4010    32.3846    32.4082    25.8657    25.8925    7.74273 0.0000e+00
      15008     58.803     2.1418     2.0496   2.883054   2.877205     2.6284     2.5047      8.109     0.1364     0.0233 1.1787e-01    -0.0443   101.1128     8.2532     8.4092    32.3848    32.4064    25.8665    25.8905    7.74432 0.0000e+00
      15011     58.724     2.1288     2.0547   2.881985   2.877202     2.6293     2.5059      8.111     0.1339     0.0233 1.1760e-01    -0.0439   101.1038     8.2576     8.4255    32.3849    32.4012    25.8675    25.8860    7.74690 0.0000e+00
      15014     58.645     2.1014     2.0590   2.880275   2.877852     2.6289     2.5055      8.109     0.1339     0.0233 1.1773e-01    -0.0443   101.1128     8.2583     8.4323    32.3918    32.4050    25.8750    25.8887    7.75199 0.0000e+00
      15017     58.564     2.0878     2.1483   2.879612   2.884258     2.6293     2.5071      8.111     0.1315     0.0233 1.1773e-01    -0.0450   101.1309     8.2593     8.4236    32.3974    32.3933    25.8805    25.8727    7.75438 0.0000e+00
      15020     58.484     2.0992     2.2408   2.880469   2.890083     2.6293     2.5067      8.111     0.1388    -0.0572 1.1760e-01    -0.0443   101.1128     8.2538     8.4052    32.3965    32.3711    25.8789    25.8481    7.75218 0.0000e+00
      15023     58.405     2.1092     2.2404   2.880860   2.889825     2.6297     2.5083      8.114     0.1339    -0.0572 1.1760e-01    -0.0446   101.1219     8.2517     8.4150    32.3912    32.3684    25.8740    25.8459    7.75047 0.0000e+00
      15026     58.323     2.0915     2.2450   2.879750   2.889925     2.6293     2.5087      8.111     0.1315    -0.0572 1.1787e-01    -0.0446   101.1219     8.2544     8.4171    32.3955    32.3650    25.8787    25.8428    7.75375 0.0000e+00
      15029     58.240     2.1188     2.2518   2.882542   2.890297     2.6297     2.5104      8.110     0.1315    -0.0572 1.1746e-01    -0.0439   101.1038     8.2504     8.4213    32.4023    32.3627    25.8821    25.8405    7.74798 0.0000e+00
      15032     58.158     2.1362     2.2450   2.883413   2.890040     2.6293     2.5116      8.110     0.1315    -0.0572 1.1773e-01    -0.0443   101.1128     8.2473     8.4259    32.3954    32.3665    25.8753    25.8440    7.74489 0.0000e+00
      15035     58.073     2.1110     2.2462   2.881796   2.890327     2.6293     2.5132      8.111     0.1339    -0.0572 1.1787e-01    -0.0443   101.1128     8.2553     8.4280    32.4011    32.3689    25.8817    25.8458    7.74958 0.0000e+00
      15038     57.985     2.1216     2.2439   2.882850   2.889602     2.6284     2.5132      8.112     0.1339    -0.0572 1.1760e-01    -0.0446   101.1219     8.2510     8.4225    32.4034    32.3623    25.8828    25.8408    7.74737 0.0000e+00
      15041     57.899     2.1417     2.2246   2.883171   2.888337     2.6293     2.5136      8.113     0.1339    -0.0572 1.1773e-01    -0.0446   101.1219     8.2516     8.4204    32.3869    32.3664    25.8681    25.8455    7.74424 0.0000e+00
