Datasets/AZMP/COO001/79001088.cnv
* Sea-Bird SBE 9 Data File:
* FileName = C:\CTDDATA\79001088.hex
* Software Version Seasave V 7.26.7.110
* Temperature SN = 5660
* Conductivity SN = 3698
* Number of Bytes Per Scan = 30
* Number of Voltage Words = 4
* Number of Scans Averaged by the Deck Unit = 1
* NMEA baud rate = 9600
** VESSEL/TRIP/SEQ STN:  79001088
** LATITUDE XX XX.XX N:  48 10.26 N
** LONGITUDE XX XX.XX W:  53 43.65 W
** SOUNDING DEPTH (M):  0072
** PROBE TYPE: S1257
** CTD NUMBER: 055
** COMMENTS (14 CHAR): SS-16
** BOTTLES:  0
** LEVELS:
** STICKERS:
** VNET: N
** DO2: N
# nquan = 22
# nvalues = 2631                        
# units = specified
# name 0 = scan: Scan Count
# name 1 = prDM: Pressure, Digiquartz [db]
# name 2 = t090C: Temperature [ITS-90, deg C]
# name 3 = t190C: Temperature, 2 [ITS-90, deg C]
# name 4 = c0S/m: Conductivity [S/m]
# name 5 = c1S/m: Conductivity, 2 [S/m]
# name 6 = sbeox0V: Oxygen raw, SBE 43 [V]
# name 7 = sbeox1V: Oxygen raw, SBE 43, 2 [V]
# name 8 = ph: pH
# name 9 = flECO-AFL: Fluorescence, WET Labs ECO-AFL/FL [mg/m^3]
# name 10 = wetCDOM: Fluorescence, WET Labs CDOM [mg/m^3]
# name 11 = par/sat/log: PAR/Logarithmic, Satlantic [umol photons/m^2/sec]
# name 12 = CStarAt0: Beam Attenuation, WET Labs C-Star [1/m]
# name 13 = CStarTr0: Beam Transmission, WET Labs C-Star [%]
# name 14 = sbeox0ML/L: Oxygen, SBE 43 [ml/l], WS = 2
# name 15 = sbeox1ML/L: Oxygen, SBE 43, 2 [ml/l], WS = 2
# name 16 = sal00: Salinity, Practical [PSU]
# name 17 = sal11: Salinity, Practical, 2 [PSU]
# name 18 = sigma-t00: Density [sigma-t, kg/m^3 ]
# name 19 = sigma-t11: Density, 2 [sigma-t, kg/m^3 ]
# name 20 = oxsatML/L: Oxygen Saturation, Weiss [ml/l]
# name 21 = flag: flag
# span 0 =        269,       8987       
# span 1 =      1.622,     65.399       
# span 2 =     3.3057,     3.4914       
# span 3 =     3.3061,     3.4894       
# span 4 =   2.868283,   2.931671       
# span 5 =   2.869676,   2.931831       
# span 6 =     2.5287,     2.7336       
# span 7 =     2.6801,     2.7014       
# span 8 =      8.160,      8.184       
# span 9 =     0.2804,     0.6271       
# span 10 =     1.9245,     4.0564      
# span 11 = 1.0752e-01, 8.6191e-01      
# span 12 =     0.0992,     0.2296      
# span 13 =    94.4224,    97.5507      
# span 14 =     6.8029,     7.4898      
# span 15 =     7.7613,     7.8946      
# span 16 =    31.0806,    31.7851      
# span 17 =    31.0985,    31.7867      
# span 18 =    24.7319,    25.2911      
# span 19 =    24.7462,    25.2925      
# span 20 =    7.52977,    7.58497      
# span 21 = 0.0000e+00, 0.0000e+00      
# interval = scans: 3                   
# start_time = Dec 02 2019 00:53:52 [System UTC, header]
# bad_flag = -9.990e-29
*END*
[from data line 2503]
       8607      8.156     3.4186     3.4163   2.900402   2.900959     2.7165     2.6900      8.174     0.5246     3.1089 1.0790e-01     0.1693    95.8562     7.3420     7.8073    31.3541    31.3630    24.9401    24.9474    7.55000 0.0000e+00
       8610      8.103     3.4186     3.4168   2.900363   2.901755     2.7165     2.6900      8.174     0.5148     3.1089 1.0790e-01     0.1697    95.8475     7.3413     7.8075    31.3537    31.3720    24.9397    24.9546    7.55002 0.0000e+00
       8613      8.051     3.4186     3.4170   2.900326   2.901462     2.7148     2.6900      8.174     0.5246     3.1089 1.0790e-01     0.1678    95.8910     7.3352     7.8089    31.3533    31.3684    24.9394    24.9516    7.55005 0.0000e+00
       8616      7.999     3.4190     3.4184   2.900622   2.901701     2.7132     2.6900      8.174     0.5246     3.1089 1.0790e-01     0.1671    95.9084     7.3281     7.8114    31.3565    31.3699    24.9419    24.9527    7.54981 0.0000e+00
       8619      7.949     3.4191     3.4193   2.900298   2.901965     2.7099     2.6896      8.174     0.5148     3.1089 1.0790e-01     0.1671    95.9084     7.3188     7.8110    31.3525    31.3722    24.9388    24.9545    7.54999 0.0000e+00
       8622      7.897     3.4183     3.4201   2.899476   2.902602     2.7091     2.6900      8.174     0.4904     3.2273 1.0790e-01     0.1671    95.9084     7.3190     7.8137    31.3435    31.3791    24.9317    24.9598    7.55060 0.0000e+00
       8625      7.845     3.4170     3.4222   2.898870   2.903156     2.7087     2.6900      8.174     0.4855     3.3457 1.0790e-01     0.1671    95.9084     7.3201     7.8131    31.3375    31.3837    24.9270    24.9633    7.55114 0.0000e+00
       8628      7.795     3.4162     3.4245   2.898586   2.903541     2.7083     2.6900      8.174     0.5002     3.3457 1.0790e-01     0.1671    95.9084     7.3213     7.8140    31.3350    31.3860    24.9251    24.9650    7.55142 0.0000e+00
       8631      7.746     3.4154     3.4247   2.898705   2.903962     2.7079     2.6900      8.174     0.4904     3.3457 1.0790e-01     0.1671    95.9084     7.3200     7.8143    31.3372    31.3909    24.9269    24.9689    7.55147 0.0000e+00
       8634      7.694     3.4154     3.4255   2.899255   2.904410     2.7071     2.6900      8.174     0.4904     3.3457 1.0790e-01     0.1689    95.8649     7.3202     7.8147    31.3438    31.3955    24.9321    24.9725    7.55114 0.0000e+00
       8637      7.641     3.4160     3.4263   2.900000   2.904522     2.7067     2.6900      8.174     0.4953     3.3457 1.0790e-01     0.1689    95.8649     7.3215     7.8142    31.3521    31.3961    24.9388    24.9728    7.55060 0.0000e+00
       8640      7.589     3.4170     3.4265   2.899879   2.904366     2.7047     2.6900      8.174     0.4855     3.3457 1.0790e-01     0.1693    95.8562     7.3154     7.8146    31.3498    31.3941    24.9368    24.9712    7.55053 0.0000e+00
       8643      7.541     3.4161     3.4263   2.898332   2.904151     2.7055     2.6900      8.174     0.4904     3.3457 1.0790e-01     0.1689    95.8649     7.3189     7.8147    31.3321    31.3917    24.9228    24.9693    7.55158 0.0000e+00
       8646      7.490     3.4152     3.4248   2.898109   2.903813     2.7038     2.6900      8.176     0.5246     3.3457 1.0790e-01     0.1689    95.8649     7.3093     7.8143    31.3304    31.3891    24.9215    24.9674    7.55184 0.0000e+00
       8649      7.436     3.4141     3.4236   2.897888   2.903235     2.7026     2.6900      8.174     0.5539     3.3457 1.0790e-01     0.1689    95.8649     7.3005     7.8145    31.3289    31.3835    24.9204    24.9630    7.55213 0.0000e+00
       8652      7.385     3.4127     3.4218   2.897193   2.901748     2.7022     2.6908      8.174     0.5539     3.3457 1.0790e-01     0.1715    95.8041     7.2929     7.8178    31.3219    31.3675    24.9150    24.9505    7.55274 0.0000e+00
       8655      7.333     3.4116     3.4190   2.896186   2.901132     2.6998     2.6900      8.174     0.5636     3.3457 1.0790e-01     0.1765    95.6824     7.2793     7.8150    31.3110    31.3629    24.9064    24.9470    7.55350 0.0000e+00
       8658      7.280     3.4099     3.4185   2.895791   2.900968     2.7006     2.6904      8.176     0.5539     3.3457 1.0790e-01     0.1762    95.6911     7.2750     7.8159    31.3079    31.3614    24.9041    24.9459    7.55397 0.0000e+00
       8661      7.227     3.4088     3.4182   2.895140   2.900861     2.6985     2.6900      8.174     0.5490     3.3457 1.0790e-01     0.1758    95.6998     7.2628     7.8138    31.3013    31.3605    24.8989    24.9452    7.55451 0.0000e+00
       8664      7.175     3.4072     3.4177   2.894324   2.900842     2.6973     2.6904      8.174     0.5539     3.3457 1.0790e-01     0.1762    95.6911     7.2539     7.8146    31.2931    31.3607    24.8925    24.9454    7.55522 0.0000e+00
       8667      7.124     3.4058     3.4181   2.894568   2.901045     2.6961     2.6900      8.174     0.5490     3.3457 1.0790e-01     0.1758    95.6998     7.2441     7.8126    31.2974    31.3627    24.8960    24.9470    7.55527 0.0000e+00
       8670      7.070     3.4045     3.4190   2.895635   2.901433     2.6945     2.6904      8.174     0.5685     3.3457 1.0790e-01     0.1762    95.6911     7.2330     7.8136    31.3114    31.3666    24.9073    24.9500    7.55482 0.0000e+00
       8673      7.018     3.4057     3.4192   2.899652   2.901666     2.6924     2.6900      8.176     0.5295     3.3852 1.0790e-01     0.1740    95.7432     7.2191     7.8111    31.3583    31.3692    24.9445    24.9520    7.55224 0.0000e+00
       8676      6.967     3.4108     3.4194   2.901582   2.901545     2.6900     2.6900      8.174     0.5197     3.4642 1.0790e-01     0.1715    95.8041     7.2046     7.8110    31.3764    31.3676    24.9585    24.9508    7.55036 0.0000e+00
       8679      6.915     3.4153     3.4193   2.901389   2.901469     2.6876     2.6900      8.174     0.5246     3.4642 1.0790e-01     0.1718    95.7954     7.1912     7.8119    31.3697    31.3668    24.9528    24.9501    7.54984 0.0000e+00
       8682      6.863     3.4161     3.4194   2.899705   2.901445     2.6859     2.6900      8.174     0.5148     3.4642 1.0790e-01     0.1715    95.8041     7.1824     7.8117    31.3488    31.3664    24.9361    24.9498    7.55074 0.0000e+00
       8685      6.811     3.4154     3.4192   2.899398   2.901413     2.6847     2.6900      8.174     0.5197     3.4642 1.0790e-01     0.1715    95.8041     7.1794     7.8110    31.3459    31.3663    24.9338    24.9498    7.55102 0.0000e+00
       8688      6.760     3.4155     3.4190   2.900279   2.901567     2.6835     2.6900      8.176     0.5197     3.4642 1.0790e-01     0.1718    95.7954     7.1730     7.8110    31.3564    31.3683    24.9422    24.9514    7.55048 0.0000e+00
       8691      6.706     3.4162     3.4190   2.900560   2.901671     2.6802     2.6904      8.174     0.5197     3.4642 1.0790e-01     0.1718    95.7954     7.1639     7.8129    31.3590    31.3696    24.9442    24.9524    7.55021 0.0000e+00
       8694      6.654     3.4167     3.4191   2.899396   2.901630     2.6790     2.6900      8.174     0.5197     3.4642 1.0790e-01     0.1849    95.4825     7.1625     7.8116    31.3447    31.3690    24.9327    24.9519    7.55083 0.0000e+00
       8697      6.601     3.4152     3.4190   2.897875   2.901719     2.6774     2.6900      8.174     0.5246     3.4642 1.0790e-01     0.1867    95.4391     7.1607     7.8101    31.3281    31.3702    24.9196    24.9529    7.55196 0.0000e+00
       8700      6.546     3.4135     3.4189   2.898046   2.901783     2.6749     2.6900      8.176     0.5539     3.4642 1.0790e-01     0.1871    95.4304     7.1545     7.8093    31.3317    31.3712    24.9227    24.9536    7.55209 0.0000e+00
       8703      6.498     3.4101     3.4196   2.893964   2.901824     2.6725     2.6900      8.174     0.5588     3.4642 1.0790e-01     0.1871    95.4304     7.1499     7.8074    31.2863    31.3710    24.8869    24.9534    7.55502 0.0000e+00
       8706      6.449     3.4054     3.4199   2.892208   2.901835     2.6713     2.6896      8.174     0.5588     3.4642 1.0790e-01     0.1867    95.4391     7.1463     7.8034    31.2700    31.3709    24.8742    24.9533    7.55673 0.0000e+00
       8709      6.396     3.4019     3.4201   2.891545   2.901880     2.6705     2.6900      8.174     0.5490     3.4642 1.0790e-01     0.1867    95.4391     7.1455     7.8023    31.2655    31.3712    24.8709    24.9536    7.55762 0.0000e+00
       8712      6.344     3.3998     3.4201   2.891238   2.901865     2.6672     2.6900      8.176     0.5539     3.4642 1.0790e-01     0.1856    95.4652     7.1361     7.7987    31.2639    31.3710    24.8698    24.9534    7.55810 0.0000e+00
       8715      6.292     3.3984     3.4198   2.891168   2.901727     2.6676     2.6900      8.174     0.5441     3.4642 1.0790e-01     0.1773    95.6650     7.1387     7.7944    31.2644    31.3698    24.8704    24.9524    7.55834 0.0000e+00
       8718      6.240     3.3976     3.4196   2.891120   2.901660     2.6652     2.6900      8.174     0.5588     3.4642 1.0790e-01     0.1773    95.6650     7.1283     7.7922    31.2646    31.3691    24.8706    24.9520    7.55848 0.0000e+00
       8721      6.190     3.3975     3.4195   2.891192   2.901660     2.6640     2.6888      8.174     0.5441     3.4642 1.0790e-01     0.1780    95.6477     7.1234     7.7836    31.2656    31.3693    24.8715    24.9521    7.55846 0.0000e+00
       8724      6.138     3.3972     3.4188   2.891214   2.901654     2.6615     2.6900      8.174     0.5441     3.4642 1.0790e-01     0.1780    95.6477     7.1131     7.7848    31.2662    31.3699    24.8719    24.9526    7.55848 0.0000e+00
       8727      6.086     3.3971     3.4195   2.891187   2.901629     2.6595     2.6888      8.174     0.5344     3.3852 1.0790e-01     0.1776    95.6564     7.1026     7.7772    31.2659    31.3689    24.8718    24.9518    7.55850 0.0000e+00
       8730      6.035     3.3971     3.4195   2.891145   2.901579     2.6570     2.6888      8.174     0.5343     3.3457 1.0790e-01     0.1773    95.6650     7.0881     7.7745    31.2655    31.3684    24.8714    24.9514    7.55852 0.0000e+00
       8733      5.982     3.3971     3.4203   2.891429   2.901491     2.6570     2.6884      8.174     0.5343     3.3457 1.0790e-01     0.1795    95.6129     7.0821     7.7701    31.2689    31.3666    24.8742    24.9499    7.55836 0.0000e+00
       8736      5.931     3.3975     3.4206   2.891650   2.901326     2.6542     2.6879      8.174     0.5343     3.3457 1.0790e-01     0.1813    95.5695     7.0674     7.7681    31.2712    31.3644    24.8759    24.9481    7.55816 0.0000e+00
       8739      5.876     3.3974     3.4203   2.891112   2.901001     2.6521     2.6875      8.174     0.5441     3.3457 1.0790e-01     0.1813    95.5695     7.0547     7.7670    31.2649    31.3608    24.8709    24.9453    7.55850 0.0000e+00
       8742      5.824     3.3965     3.4189   2.890487   2.900432     2.6493     2.6875      8.174     0.5295     3.3457 1.0790e-01     0.1813    95.5695     7.0409     7.7678    31.2584    31.3554    24.8658    24.9411    7.55901 0.0000e+00
       8745      5.772     3.3956     3.4155   2.890283   2.899791     2.6481     2.6867      8.174     0.5392     3.3457 1.0790e-01     0.1813    95.5695     7.0334     7.7680    31.2568    31.3511    24.8646    24.9380    7.55925 0.0000e+00
       8748      5.719     3.3951     3.4139   2.890280   2.899525     2.6452     2.6867      8.174     0.5344     3.3457 1.0790e-01     0.1813    95.5695     7.0225     7.7699    31.2573    31.3494    24.8650    24.9368    7.55932 0.0000e+00
       8751      5.668     3.3948     3.4141   2.890517   2.899306     2.6428     2.6863      8.174     0.5295     3.3457 1.0790e-01     0.1813    95.5695     7.0130     7.7740    31.2604    31.3467    24.8675    24.9346    7.55922 0.0000e+00
       8754      5.616     3.3952     3.4138   2.890888   2.899035     2.6391     2.6859      8.174     0.5197     3.4642 1.0790e-01     0.1820    95.5521     7.0000     7.7773    31.2645    31.3437    24.8707    24.9323    7.55894 0.0000e+00
       8757      5.561     3.3958     3.4122   2.891054   2.898220     2.6371     2.6863      8.174     0.5295     3.4642 1.0790e-01     0.1824    95.5434     6.9956     7.7853    31.2660    31.3356    24.8719    24.9259    7.55876 0.0000e+00
       8760      5.508     3.3961     3.4097   2.891221   2.897325     2.6347     2.6859      8.174     0.5197     3.4642 1.0790e-01     0.1824    95.5434     6.9918     7.7894    31.2677    31.3273    24.8732    24.9195    7.55861 0.0000e+00
       8763      5.457     3.3965     3.4063   2.891179   2.896587     2.6314     2.6855      8.174     0.5197     3.4642 1.0790e-01     0.1824    95.5434     6.9851     7.7923    31.2668    31.3219    24.8724    24.9155    7.55858 0.0000e+00
       8766      5.406     3.3968     3.4055   2.891231   2.896475     2.6293     2.6855      8.174     0.5197     3.4642 1.0790e-01     0.1824    95.5434     6.9809     7.7966    31.2672    31.3214    24.8728    24.9152    7.55850 0.0000e+00
       8769      5.353     3.3968     3.4039   2.891161   2.897040     2.6281     2.6855      8.176     0.5148     3.4642 1.0790e-01     0.1824    95.5434     6.9778     7.7998    31.2663    31.3297    24.8721    24.9219    7.55854 0.0000e+00
       8772      5.300     3.3968     3.4044   2.890878   2.897591     2.6257     2.6859      8.174     0.5148     3.4642 1.0790e-01     0.1824    95.5434     6.9738     7.8035    31.2630    31.3358    24.8694    24.9267    7.55872 0.0000e+00
       8775      5.247     3.3962     3.4085   2.890655   2.897493     2.6241     2.6859      8.174     0.5197     3.4642 1.0790e-01     0.1863    95.4478     6.9727     7.8051    31.2610    31.3307    24.8679    24.9223    7.55894 0.0000e+00
       8778      5.197     3.3957     3.4085   2.890435   2.896861     2.6228     2.6863      8.174     0.5392     3.5037 1.0790e-01     0.1867    95.4391     6.9733     7.8074    31.2588    31.3232    24.8662    24.9163    7.55913 0.0000e+00
       8781      5.145     3.3953     3.4099   2.890204   2.896560     2.6216     2.6863      8.174     0.5392     3.7010 1.0790e-01     0.1867    95.4391     6.9711     7.8056    31.2565    31.3182    24.8644    24.9122    7.55933 0.0000e+00
       8784      5.093     3.3949     3.4079   2.890395   2.895664     2.6192     2.6859      8.174     0.5441     3.7010 1.0790e-01     0.1867    95.4391     6.9658     7.8050    31.2592    31.3095    24.8666    24.9055    7.55927 0.0000e+00
       8787      5.043     3.3950     3.4023   2.890479   2.894571     2.6176     2.6863      8.174     0.5343     3.7010 1.0790e-01     0.1867    95.4391     6.9618     7.8076    31.2602    31.3019    24.8673    24.8999    7.55920 0.0000e+00
       8790      4.992     3.3949     3.4009   2.890476   2.894314     2.6139     2.6863      8.174     0.5343     3.7010 1.0790e-01     0.1867    95.4391     6.9496     7.8039    31.2602    31.3002    24.8674    24.8987    7.55921 0.0000e+00
       8793      4.940     3.3948     3.4012   2.890420   2.894492     2.6110     2.6863      8.174     0.5295     3.7010 1.0790e-01     0.1878    95.4130     6.9410     7.8008    31.2597    31.3021    24.8669    24.9002    7.55926 0.0000e+00
       8796      4.889     3.3949     3.4023   2.890477   2.894872     2.6110     2.6863      8.174     0.5392     3.7010 1.0777e-01     0.1922    95.3088     6.9427     7.7966    31.2602    31.3056    24.8674    24.9029    7.55921 0.0000e+00
