Datasets/AZMP/COO001/79001030.cnv
* Sea-Bird SBE 9 Data File:
* FileName = C:\CTDDATA\79001030.hex
* Software Version Seasave V 7.26.7.110
* Temperature SN = 5660
* Conductivity SN = 3698
* Number of Bytes Per Scan = 30
* Number of Voltage Words = 4
* Number of Scans Averaged by the Deck Unit = 1
* NMEA baud rate = 9600
** VESSEL/TRIP/SEQ STN:  79001030
** LATITUDE XX XX.XX N:  43 38.00 N
** LONGITUDE XX XX.XX W:  50 31.00 W
** SOUNDING DEPTH (M):  0066
** PROBE TYPE: S1257
** CTD NUMBER: 017
** COMMENTS (14 CHAR): SEGB-12
** BOTTLES: 19
** LEVELS: 5,5,5,5,10,20,20,20,20,30,40,50,50,50,50,BTM,BTM,BTM,BTM
** STICKERS: 434802 - 434820
** VNET: Y
** DO2: N
# nquan = 22
# nvalues = 1634                        
# units = specified
# name 0 = scan: Scan Count
# name 1 = prDM: Pressure, Digiquartz [db]
# name 2 = t090C: Temperature [ITS-90, deg C]
# name 3 = t190C: Temperature, 2 [ITS-90, deg C]
# name 4 = c0S/m: Conductivity [S/m]
# name 5 = c1S/m: Conductivity, 2 [S/m]
# name 6 = sbeox0V: Oxygen raw, SBE 43 [V]
# name 7 = sbeox1V: Oxygen raw, SBE 43, 2 [V]
# name 8 = ph: pH
# name 9 = flECO-AFL: Fluorescence, WET Labs ECO-AFL/FL [mg/m^3]
# name 10 = wetCDOM: Fluorescence, WET Labs CDOM [mg/m^3]
# name 11 = par/sat/log: PAR/Logarithmic, Satlantic [umol photons/m^2/sec]
# name 12 = CStarAt0: Beam Attenuation, WET Labs C-Star [1/m]
# name 13 = CStarTr0: Beam Transmission, WET Labs C-Star [%]
# name 14 = sbeox0ML/L: Oxygen, SBE 43 [ml/l], WS = 2
# name 15 = sbeox1ML/L: Oxygen, SBE 43, 2 [ml/l], WS = 2
# name 16 = sal00: Salinity, Practical [PSU]
# name 17 = sal11: Salinity, Practical, 2 [PSU]
# name 18 = sigma-t00: Density [sigma-t, kg/m^3 ]
# name 19 = sigma-t11: Density, 2 [sigma-t, kg/m^3 ]
# name 20 = oxsatML/L: Oxygen Saturation, Weiss [ml/l]
# name 21 = flag: flag
# span 0 =          2,      38973       
# span 1 =      1.699,     60.315       
# span 2 =     3.0748,     6.3028       
# span 3 =     3.0666,     6.3028       
# span 4 =   2.992597,   3.218624       
# span 5 =   2.992561,   3.218837       
# span 6 =     2.7022,     3.0463       
# span 7 =     2.4901,     2.8364       
# span 8 =      8.047,      8.183       
# span 9 =     0.8616,     4.9641       
# span 10 =     0.4243,     2.2798      
# span 11 = 1.0690e-01, 1.2232e+00      
# span 12 =     0.2986,     1.2430      
# span 13 =    73.2888,    92.8061      
# span 14 =     7.3887,     8.0870      
# span 15 =     6.0359,     6.6413      
# span 16 =    32.1700,    32.8479      
# span 17 =    32.2541,    32.8275      
# span 18 =    25.3144,    26.1320      
# span 19 =    25.3464,    26.1173      
# span 20 =    6.99669,    7.54342      
# span 21 = 0.0000e+00, 0.0000e+00      
# interval = scans: 3                   
# start_time = Nov 25 2019 02:57:22 [System UTC, header]
# bad_flag = -9.990e-29
*END*
[from data line 527]
       2379     43.381     3.9386     3.9341   3.056034   3.056083     2.8197     2.6125      8.093     1.2962     1.8060 1.0752e-01     0.3434    91.7720     7.5864     6.2795    32.6733    32.6784    25.9416    25.9461    7.38788 0.0000e+00
       2382     43.532     3.9379     3.9347   3.056289   3.056420     2.8193     2.6129      8.093     1.2962     1.8060 1.0752e-01     0.3438    91.7633     7.5945     6.2832    32.6770    32.6817    25.9446    25.9487    7.38784 0.0000e+00
       2385     43.679     3.9386     3.9375   3.056566   3.056775     2.8193     2.6129      8.095     1.2865     1.8060 1.0752e-01     0.3431    91.7807     7.6037     6.2843    32.6794    32.6830    25.9465    25.9495    7.38759 0.0000e+00
       2388     43.820     3.9397     3.9384   3.056638   3.056922     2.8181     2.6129      8.095     1.2914     1.8060 1.0752e-01     0.3438    91.7633     7.6093     6.2840    32.6791    32.6838    25.9461    25.9500    7.38740 0.0000e+00
       2391     43.953     3.9402     3.9375   3.056765   3.056986     2.8181     2.6129      8.095     1.3353     1.8060 1.0752e-01     0.3434    91.7720     7.6175     6.2838    32.6800    32.6854    25.9468    25.9513    7.38726 0.0000e+00
       2394     44.079     3.9399     3.9357   3.056813   3.056900     2.8181     2.6125      8.095     1.3841     1.8060 1.0752e-01     0.3453    91.7286     7.6258     6.2818    32.6808    32.6861    25.9475    25.9521    7.38727 0.0000e+00
       2397     44.196     3.9390     3.9292   3.056788   3.056474     2.8193     2.6121      8.095     1.3841     1.8060 1.0765e-01     0.3476    91.6764     7.6367     6.2819    32.6814    32.6875    25.9480    25.9538    7.38742 0.0000e+00
       2400     44.307     3.9375     3.9218   3.056768   3.055918     2.8201     2.6117      8.095     1.3793     1.8060 1.0752e-01     0.3472    91.6851     7.6457     6.2822    32.6826    32.6882    25.9492    25.9551    7.38764 0.0000e+00
       2403     44.409     3.9345     3.9092   3.056422   3.054807     2.8205     2.6117      8.095     1.3793     1.8060 1.0752e-01     0.3480    91.6678     7.6514     6.2842    32.6815    32.6877    25.9485    25.9559    7.38824 0.0000e+00
       2406     44.507     3.9291     3.8872   3.056079   3.053056     2.8217     2.6121      8.095     1.3793     1.8060 1.0752e-01     0.3480    91.6678     7.6600     6.2915    32.6827    32.6889    25.9500    25.9590    7.38916 0.0000e+00
       2409     44.593     3.9248     3.8650   3.056002   3.051710     2.8229     2.6117      8.095     1.3793     1.8060 1.0752e-01     0.3476    91.6764     7.6670     6.2966    32.6861    32.6951    25.9532    25.9661    7.38978 0.0000e+00
       2412     44.666     3.9227     3.8427   3.056385   3.049754     2.8233     2.6117      8.095     1.3744     1.8455 1.0752e-01     0.3480    91.6678     7.6698     6.3041    32.6927    32.6941    25.9586    25.9675    7.38984 0.0000e+00
       2415     44.731     3.9360     3.7992   3.058157   3.047778     2.8233     2.6117      8.095     1.3841     1.9245 1.0752e-01     0.3552    91.5027     7.6656     6.3152    32.7003    32.7143    25.9634    25.9878    7.38703 0.0000e+00
       2418     44.785     3.9601     3.7421   3.059558   3.044774     2.8242     2.6117      8.095     1.5062     1.9245 1.0752e-01     0.3598    91.3984     7.6615     6.3286    32.6928    32.7359    25.9550    26.0104    7.38301 0.0000e+00
       2421     44.831     3.9853     3.7063   3.059845   3.042825     2.8254     2.6117      8.095     1.5453     1.9245 1.0752e-01     0.3586    91.4244     7.6574     6.3379    32.6710    32.7486    25.9352    26.0240    7.37949 0.0000e+00
       2424     44.869     3.9992     3.6877   3.059547   3.042810     2.8254     2.6117      8.095     1.5453     1.9245 1.0752e-01     0.3594    91.4071     7.6522     6.3425    32.6536    32.7671    25.9200    26.0404    7.37781 0.0000e+00
       2427     44.901     4.0060     3.6841   3.059567   3.042907     2.8254     2.6125      8.097     1.5355     1.9245 1.0752e-01     0.3586    91.4244     7.6479     6.3481    32.6470    32.7718    25.9141    26.0446    7.37689 0.0000e+00
       2536     44.942     3.9728     3.8980   3.057473   3.054750     2.8185     2.6048      8.098     1.4867     1.9245 1.0752e-01     0.3831    90.8683     7.5891     6.2549    32.6553    32.6980    25.9240    25.9652    7.38253 0.0000e+00
       2592     45.025     3.9577     4.0054   3.056994   3.060457     2.8144     2.5995      8.098     1.4525     1.9245 1.0752e-01     0.3953    90.5902     7.5679     6.2162    32.6647    32.6580    25.9329    25.9229    7.38482 0.0000e+00
       2595     45.110     3.9678     4.0156   3.058269   3.060710     2.8152     2.6007      8.097     1.4574     1.8455 1.0752e-01     0.3961    90.5728     7.5812     6.2326    32.6697    32.6508    25.9359    25.9162    7.38274 0.0000e+00
       2598     45.193     3.9788     4.0043   3.058630   3.059862     2.8152     2.6007      8.095     1.4476     1.6876 1.0752e-01     0.4018    90.4425     7.5928     6.2463    32.6629    32.6520    25.9294    25.9183    7.38105 0.0000e+00
       2601     45.277     3.9847     3.9822   3.058525   3.058132     2.8156     2.6019      8.095     1.4916     1.6876 1.0752e-01     0.4018    90.4425     7.6050     6.2615    32.6557    32.6536    25.9231    25.9217    7.38034 0.0000e+00
       2604     45.361     3.9787     3.9606   3.057001   3.057416     2.8156     2.6027      8.095     1.5013     1.6876 1.0752e-01     0.4018    90.4425     7.6167     6.2727    32.6437    32.6667    25.9141    25.9342    7.38202 0.0000e+00
       2607     45.443     3.9607     3.9680   3.054753   3.058650     2.8164     2.6035      8.095     1.4965     1.6876 1.0752e-01     0.4022    90.4338     7.6301     6.2758    32.6351    32.6738    25.9091    25.9391    7.38574 0.0000e+00
       2610     45.526     3.9236     3.9975   3.051682   3.059956     2.8168     2.6044      8.095     1.4916     1.6876 1.0752e-01     0.4018    90.4425     7.6437     6.2739    32.6357    32.6597    25.9132    25.9251    7.39247 0.0000e+00
       2613     45.611     3.8940     3.9999   3.049668   3.059704     2.8177     2.6052      8.090     1.4965     1.6876 1.0752e-01     0.4018    90.4425     7.6540     6.2741    32.6413    32.6543    25.9206    25.9205    7.39760 0.0000e+00
       2616     45.699     3.8626     4.0084   3.048973   3.060486     2.8189     2.6048      8.091     1.4965     1.6876 1.0752e-01     0.4118    90.2166     7.6636     6.2690    32.6645    32.6550    25.9420    25.9202    7.40222 0.0000e+00
       2619     45.780     3.8264     4.0172   3.042145   3.060444     2.8197     2.6044      8.091     1.5013     1.6876 1.0752e-01     0.4420    89.5387     7.6752     6.2635    32.6197    32.6457    25.9099    25.9120    7.41107 0.0000e+00
       2622     45.863     3.7340     4.0378   3.034442   3.062025     2.8205     2.6040      8.091     1.4965     1.7271 1.0752e-01     0.4416    89.5474     7.6962     6.2578    32.6206    32.6438    25.9194    25.9084    7.42802 0.0000e+00
       2625     45.941     3.6640     4.0191   3.032691   3.059612     2.8205     2.6031      8.091     1.4965     1.8060 1.0752e-01     0.4408    89.5648     7.7070     6.2589    32.6698    32.6340    25.9653    25.9025    7.43850 0.0000e+00
       2628     46.014     3.6248     3.9489   3.032287   3.054211     2.8213     2.6031      8.092     1.6528     1.8060 1.0752e-01     0.4412    89.5561     7.7139     6.2733    32.7044    32.6401    25.9965    25.9142    7.44405 0.0000e+00
       2631     46.082     3.6028     3.8273   3.031545   3.045599     2.8205     2.6031      8.092     1.6577     1.8060 1.0752e-01     0.4416    89.5474     7.7121     6.2970    32.7175    32.6596    26.0090    25.9415    7.44746 0.0000e+00
       2634     46.145     3.5884     3.7203   3.031386   3.039425     2.8213     2.6031      8.092     1.6723     1.8060 1.0752e-01     0.4416    89.5474     7.7139     6.3199    32.7301    32.6934    26.0204    25.9787    7.44951 0.0000e+00
       2637     46.203     3.5813     3.6296   3.031849   3.035402     2.8213     2.6035      8.092     1.6674     1.8060 1.0752e-01     0.4513    89.3302     7.7117     6.3426    32.7428    32.7366    26.0311    26.0216    7.45019 0.0000e+00
       2640     46.250     3.5915     3.5903   3.036039   3.034576     2.8217     2.6044      8.092     1.6625     1.8060 1.0752e-01     0.4607    89.1216     7.7063     6.3592    32.7825    32.7662    26.0618    26.0489    7.44634 0.0000e+00
       2643     46.286     3.6523     3.5955   3.044278   3.035593     2.8221     2.6052      8.091     1.6625     1.8060 1.0752e-01     0.4603    89.1303     7.6928     6.3681    32.8195    32.7731    26.0855    26.0539    7.43327 0.0000e+00
       2790     46.325     3.6794     3.6853   3.044482   3.040603     2.8115     2.5979      8.091     1.6723     1.8060 1.0752e-01     0.4498    89.3649     7.6059     6.2936    32.7945    32.7425    26.0631    26.0211    7.42953 0.0000e+00
       3081     46.439     3.5776     3.7648   3.031202   3.043295     2.7884     2.5803      8.089     1.6918     1.8060 1.0752e-01     0.4319    89.7647     7.4590     6.1431    32.7386    32.6946    26.0281    25.9754    7.45108 0.0000e+00
       3084     46.562     3.5687     3.7239   3.030237   3.040827     2.7863     2.5799      8.087     1.6918     1.8060 1.0752e-01     0.4393    89.5996     7.4553     6.1508    32.7360    32.7063    26.0270    25.9886    7.45287 0.0000e+00
       3087     46.682     3.5573     3.6668   3.028711   3.035962     2.7843     2.5791      8.087     1.6821     1.8060 1.0752e-01     0.4385    89.6169     7.4527     6.1616    32.7292    32.7055    26.0225    25.9934    7.45532 0.0000e+00
       3090     46.794     3.5405     3.5898   3.027373   3.030974     2.7831     2.5783      8.087     1.6967     1.8060 1.0752e-01     0.4393    89.5996     7.4529     6.1760    32.7300    32.7235    26.0248    26.0150    7.45840 0.0000e+00
       3093     46.905     3.5272     3.5380   3.026695   3.027159     2.7810     2.5771      8.087     1.6967     1.8060 1.0752e-01     0.4393    89.5996     7.4494     6.1857    32.7353    32.7299    26.0302    26.0250    7.46061 0.0000e+00
       3096     47.008     3.5147     3.4897   3.025487   3.023945     2.7794     2.5759      8.087     1.6967     1.8060 1.0752e-01     0.4393    89.5996     7.4473     6.1935    32.7334    32.7401    26.0299    26.0376    7.46303 0.0000e+00
       3099     47.111     3.4973     3.4581   3.023537   3.021751     2.7774     2.5751      8.087     1.7309     1.8060 1.0752e-01     0.4389    89.6083     7.4455     6.2002    32.7275    32.7456    26.0268    26.0449    7.46655 0.0000e+00
       3102     47.204     3.4739     3.4184   3.021270   3.018041     2.7753     2.5742      8.087     1.7407     1.8060 1.0752e-01     0.4514    89.3302     7.4451     6.2086    32.7239    32.7412    26.0261    26.0450    7.47109 0.0000e+00
       3105     47.292     3.4520     3.3586   3.020253   3.013029     2.7741     2.5734      8.087     1.7358     1.8060 1.0752e-01     0.4619    89.0956     7.4471     6.2193    32.7338    32.7414    26.0360    26.0506    7.47469 0.0000e+00
       3108     47.377     3.4379     3.3042   3.019732   3.009549     2.7721     2.5734      8.087     1.7309     1.8060 1.0752e-01     0.4615    89.1043     7.4454     6.2326    32.7417    32.7545    26.0436    26.0660    7.47691 0.0000e+00
       3111     47.461     3.4128     3.2771   3.014686   3.007944     2.7704     2.5726      8.088     1.7358     1.8060 1.0752e-01     0.4615    89.1043     7.4480     6.2395    32.7065    32.7626    26.0179    26.0748    7.48336 0.0000e+00
       3114     47.541     3.3605     3.2529   3.009326   3.005873     2.7684     2.5726      8.088     1.7309     1.8060 1.0752e-01     0.4615    89.1043     7.4552     6.2488    32.6949    32.7621    26.0134    26.0766    7.49373 0.0000e+00
       3117     47.615     3.3167     3.2367   3.007071   3.004903     2.7672     2.5722      8.088     1.7407     1.8060 1.0752e-01     0.4615    89.1043     7.4623     6.2554    32.7120    32.7669    26.0310    26.0819    7.50108 0.0000e+00
       3120     47.688     3.2880     3.2296   3.006352   3.004500     2.7651     2.5714      8.088     1.7309     1.8060 1.0752e-01     0.4615    89.1043     7.4629     6.2580    32.7323    32.7692    26.0497    26.0843    7.50544 0.0000e+00
       3123     47.756     3.2700     3.2247   3.006027   3.004061     2.7639     2.5714      8.088     1.6576     1.8060 1.0752e-01     0.4983    88.2874     7.4654     6.2606    32.7466    32.7688    26.0627    26.0845    7.50811 0.0000e+00
       3126     47.823     3.2606     3.2200   3.005868   3.003643     2.7627     2.5710      8.088     1.2230     1.8060 1.0752e-01     0.5066    88.1049     7.4666     6.2623    32.7542    32.7685    26.0696    26.0847    7.50950 0.0000e+00
       3129     47.889     3.2572     3.2106   3.005548   3.002489     2.7615     2.5702      8.085     1.2230     1.8060 1.0752e-01     0.5062    88.1136     7.4662     6.2632    32.7537    32.7641    26.0695    26.0820    7.51016 0.0000e+00
       3132     47.953     3.2534     3.1980   3.005399   3.001655     2.7598     2.5710      8.085     1.2181     1.8060 1.0752e-01     0.5062    88.1136     7.4656     6.2673    32.7558    32.7668    26.0715    26.0853    7.51077 0.0000e+00
       3135     48.011     3.2471     3.1934   3.005275   3.001566     2.7582     2.5702      8.083     1.2181     1.8060 1.0752e-01     0.5062    88.1136     7.4651     6.2648    32.7606    32.7703    26.0760    26.0885    7.51172 0.0000e+00
       3138     48.068     3.2442     3.1911   3.005207   3.001395     2.7574     2.5702      8.083     1.2181     1.8060 1.0752e-01     0.5066    88.1049     7.4670     6.2648    32.7626    32.7705    26.0778    26.0889    7.51215 0.0000e+00
       3141     48.121     3.2406     3.1908   3.004742   3.001321     2.7562     2.5702      8.083     1.2132     1.8060 1.0752e-01     0.5074    88.0875     7.4684     6.2662    32.7607    32.7700    26.0766    26.0884    7.51293 0.0000e+00
       3144     48.173     3.2335     3.1899   3.004485   3.001298     2.7546     2.5694      8.083     1.2181     1.8060 1.0752e-01     0.5153    87.9138     7.4705     6.2634    32.7648    32.7705    26.0805    26.0889    7.51407 0.0000e+00
       3147     48.223     3.2274     3.1888   3.004849   3.001097     2.7537     2.5690      8.083     1.2230     1.6876 1.0752e-01     0.5157    87.9051     7.4746     6.2616    32.7754    32.7692    26.0895    26.0880    7.51469 0.0000e+00
       3150     48.266     3.2276     3.1861   3.006983   3.000984     2.7529     2.5690      8.083     1.1448     1.6876 1.0752e-01     0.5153    87.9138     7.4783     6.2630    32.8009    32.7706    26.1098    26.0893    7.51337 0.0000e+00
       3153     48.303     3.2715     3.1850   3.012638   3.001119     2.7517     2.5690      8.083     1.0374     1.6876 1.0752e-01     0.5157    87.9051     7.4727     6.2649    32.8244    32.7733    26.1246    26.0916    7.50393 0.0000e+00
       3156     48.334     3.3192     3.1867   3.016775   3.001513     2.7509     2.5677      8.083     1.0325     1.6876 1.0752e-01     0.5157    87.9051     7.4705     6.2629    32.8258    32.7763    26.1214    26.0939    7.49492 0.0000e+00
       3159     48.363     3.3731     3.1908   3.017782   3.001680     2.7501     2.5669      8.083     1.0276     1.6876 1.0752e-01     0.5153    87.9138     7.4690     6.2628    32.7833    32.7741    26.0827    26.0917    7.48695 0.0000e+00
       3162     48.388     3.3836     3.1910   3.019849   3.001567     2.7493     2.5677      8.083     1.0325     1.6876 1.0740e-01     0.5161    87.8964     7.4747     6.2676    32.7975    32.7725    26.0930    26.0904    7.48427 0.0000e+00
