Datasets/AZMP/COO001/79001013.cnv
* Sea-Bird SBE 9 Data File:
* FileName = C:\CTDDATA\79001013.hex
* Software Version Seasave V 7.26.7.110
* Temperature SN = 5811
* Conductivity SN = 4531
* Number of Bytes Per Scan = 30
* Number of Voltage Words = 4
* Number of Scans Averaged by the Deck Unit = 1
* NMEA baud rate = 9600
** VESSEL/TRIP/SEQ STN:  79001013
** LATITUDE XX XX.XX N:  45 56.55 N
** LONGITUDE XX XX.XX W:  56 52.69
** SOUNDING DEPTH (M):  0070
** PROBE TYPE (S1221): S1221
** CTD NUMBER: 006
** COMMENTS (14 CHAR):  SWSPB-04
** BOTTLES:  15
** LEVELS: 5,5,5,5,10,20,20,20,20,30,40,50,BTM,BTM,BTM
** STICKERS: 434638 - 434652
** VNET: Y
** DO2: N
# nquan = 22
# nvalues = 1523                        
# units = specified
# name 0 = scan: Scan Count
# name 1 = prDM: Pressure, Digiquartz [db]
# name 2 = t090C: Temperature [ITS-90, deg C]
# name 3 = t190C: Temperature, 2 [ITS-90, deg C]
# name 4 = c0S/m: Conductivity [S/m]
# name 5 = c1S/m: Conductivity, 2 [S/m]
# name 6 = sbeox0V: Oxygen raw, SBE 43 [V]
# name 7 = sbeox1V: Oxygen raw, SBE 43, 2 [V]
# name 8 = ph: pH
# name 9 = flECO-AFL: Fluorescence, WET Labs ECO-AFL/FL [mg/m^3]
# name 10 = wetCDOM: Fluorescence, WET Labs CDOM [mg/m^3]
# name 11 = par/sat/log: PAR/Logarithmic, Satlantic [umol photons/m^2/sec]
# name 12 = CStarAt0: Beam Attenuation, WET Labs C-Star [1/m]
# name 13 = CStarTr0: Beam Transmission, WET Labs C-Star [%]
# name 14 = sbeox0ML/L: Oxygen, SBE 43 [ml/l], WS = 2
# name 15 = sbeox1ML/L: Oxygen, SBE 43, 2 [ml/l], WS = 2
# name 16 = sal00: Salinity, Practical [PSU]
# name 17 = sal11: Salinity, Practical, 2 [PSU]
# name 18 = sigma-t00: Density [sigma-t, kg/m^3 ]
# name 19 = sigma-t11: Density, 2 [sigma-t, kg/m^3 ]
# name 20 = oxsatML/L: Oxygen Saturation, Weiss [ml/l]
# name 21 = flag: flag
# span 0 =         39,      32742       
# span 1 =      0.869,     61.892       
# span 2 =     3.5044,     7.4240       
# span 3 =     3.5120,     7.4237       
# span 4 =   2.987429,   3.275707       
# span 5 =   2.988143,   3.275657       
# span 6 =     2.5801,     2.6838       
# span 7 =     2.4567,     2.5509       
# span 8 =      8.096,      8.167       
# span 9 =     0.2731,     0.9813       
# span 10 =    -1.0780,   108.9220      
# span 11 = 1.4540e-01, 2.4395e+02      
# span 12 =    -0.0525,    -0.0007      
# span 13 =   100.0186,   101.3208      
# span 14 =     7.1359,     8.0219      
# span 15 =     7.0534,     8.2907      
# span 16 =    31.8226,    32.3072      
# span 17 =    31.8222,    32.2948      
# span 18 =    24.8675,    25.6868      
# span 19 =    24.8675,    25.6798      
# span 20 =    6.83394,    7.48687      
# span 21 = 0.0000e+00, 0.0000e+00      
# interval = scans: 3                   
# start_time = Nov 19 2019 13:30:29 [System UTC, header]
# bad_flag = -9.990e-29
*END*
[from data line 1120]
      15076     30.238     6.3241     6.5899   3.206904   3.226492     2.6364     2.5216      8.140     0.6882     4.1870 4.7541e+00    -0.0235   100.5883     7.3530     7.3940    32.0923    32.0587    25.2158    25.1558    7.00049 0.0000e+00
      15079     30.166     6.4063     6.6170   3.212933   3.227903     2.6364     2.5216      8.139     0.6931     4.1870 4.7541e+00    -0.0231   100.5793     7.3483     7.3940    32.0816    32.0489    25.1971    25.1446    6.98737 0.0000e+00
      15082     30.103     6.4147     6.6117   3.212965   3.227428     2.6364     2.5208      8.139     0.6907     4.1870 4.7266e+00    -0.0213   100.5340     7.3572     7.3971    32.0741    32.0486    25.1901    25.1451    6.98633 0.0000e+00
      15085     30.044     6.4477     6.5994   3.215864   3.226287     2.6376     2.5204      8.139     0.6907     4.1870 4.7102e+00    -0.0213   100.5340     7.3649     7.4025    32.0752    32.0477    25.1868    25.1459    6.98085 0.0000e+00
      15088     29.997     6.4398     6.5771   3.214720   3.224753     2.6384     2.5204      8.139     0.6882     4.1870 4.6993e+00    -0.0213   100.5340     7.3772     7.4130    32.0699    32.0517    25.1837    25.1519    6.98238 0.0000e+00
      15091     29.953     6.4802     6.5020   3.218344   3.218999     2.6400     2.5204      8.139     0.6882     4.1870 4.6830e+00    -0.0213   100.5340     7.3805     7.4328    32.0720    32.0588    25.1802    25.1670    6.97564 0.0000e+00
      15094     29.914     6.4810     6.4416   3.217143   3.214598     2.6412     2.5204      8.139     0.6907     4.1870 4.6453e+00    -0.0213   100.5340     7.3883     7.4492    32.0580    32.0669    25.1691    25.1811    6.97614 0.0000e+00
      15097     29.882     6.4443     6.4722   3.214583   3.216671     2.6429     2.5204      8.139     0.7029     4.1870 4.6238e+00    -0.0213   100.5340     7.4016     7.4474    32.0642    32.0611    25.1786    25.1727    6.98189 0.0000e+00
      15100     29.855     6.4119     6.4663   3.211936   3.216623     2.6441     2.5208      8.139     0.7078     4.3481 4.5918e+00    -0.0206   100.5159     7.4106     7.4522    32.0654    32.0662    25.1836    25.1773    6.98718 0.0000e+00
      15249     29.822     6.6203     6.6221   3.226897   3.226663     2.6437     2.5204      8.140     0.8104     4.4556 5.2761e+00    -0.0177   100.4436     7.3258     7.4037    32.0349    32.0306    25.1331    25.1296    6.95432 0.0000e+00
      15252     29.784     6.6192     6.6166   3.226799   3.226419     2.6441     2.5204      8.141     0.8104     4.4556 5.3006e+00    -0.0181   100.4527     7.3288     7.4057    32.0349    32.0331    25.1333    25.1322    6.95451 0.0000e+00
      15255     29.749     6.6169     6.6156   3.226589   3.226166     2.6437     2.5195      8.138     0.7884     4.4556 5.3375e+00    -0.0177   100.4436     7.3299     7.4042    32.0347    32.0313    25.1334    25.1309    6.95489 0.0000e+00
      15258     29.717     6.6114     6.6130   3.226156   3.226041     2.6437     2.5195      8.138     0.7835     4.5003 5.3622e+00    -0.0181   100.4527     7.3327     7.4060    32.0352    32.0323    25.1345    25.1320    6.95578 0.0000e+00
      15261     29.685     6.6086     6.6117   3.226042   3.225952     2.6441     2.5200      8.141     0.7835     4.5093 5.3809e+00    -0.0174   100.4346     7.3361     7.4091    32.0365    32.0326    25.1359    25.1325    6.95616 0.0000e+00
      15264     29.653     6.6098     6.6123   3.226088   3.226051     2.6445     2.5191      8.140     0.7835     4.5093 5.3934e+00    -0.0184   100.4617     7.3393     7.4066    32.0360    32.0332    25.1353    25.1328    6.95600 0.0000e+00
      15267     29.625     6.6088     6.6160   3.225970   3.226283     2.6449     2.5191      8.141     0.7811     4.5093 5.4059e+00    -0.0188   100.4708     7.3423     7.4076    32.0356    32.0323    25.1351    25.1316    6.95618 0.0000e+00
      15270     29.601     6.6098     6.6148   3.225945   3.226169     2.6453     2.5200      8.140     0.7835     4.5093 5.3996e+00    -0.0181   100.4527     7.3439     7.4124    32.0344    32.0322    25.1341    25.1317    6.95607 0.0000e+00
      15273     29.579     6.6098     6.6151   3.225928   3.226168     2.6453     2.5195      8.140     0.7811     4.5093 5.3934e+00    -0.0181   100.4527     7.3441     7.4136    32.0342    32.0319    25.1339    25.1314    6.95608 0.0000e+00
      15276     29.554     6.6095     6.6197   3.225877   3.226557     2.6449     2.5204      8.140     0.7811     4.5093 5.3934e+00    -0.0181   100.4527     7.3444     7.4187    32.0339    32.0318    25.1337    25.1308    6.95614 0.0000e+00
      15590     29.520     6.6184     6.6229   3.225651   3.225886     2.6486     2.5224      8.141     0.7884     4.6526 5.3499e+00    -0.0174   100.4346     7.3510     7.4243    32.0231    32.0215    25.1241    25.1223    6.95517 0.0000e+00
      15747     29.487     6.6248     6.6220   3.225681   3.225394     2.6502     2.5232      8.143     0.7884     4.7242 5.3560e+00    -0.0184   100.4617     7.3520     7.4263    32.0175    32.0170    25.1188    25.1188    6.95438 0.0000e+00
      15750     29.456     6.6235     6.6218   3.225509   3.225349     2.6498     2.5228      8.143     0.7933     4.7242 5.3560e+00    -0.0202   100.5069     7.3504     7.4261    32.0168    32.0167    25.1185    25.1186    6.95462 0.0000e+00
      15753     29.431     6.6219     6.6215   3.225376   3.225283     2.6506     2.5240      8.143     0.8274     4.7421 5.3560e+00    -0.0202   100.5069     7.3529     7.4306    32.0168    32.0162    25.1187    25.1183    6.95488 0.0000e+00
      15899     29.399     6.6260     6.6219   3.225745   3.225227     2.6486     2.5240      8.143     0.7981     2.6110 5.4186e+00    -0.0181   100.4526     7.3497     7.4265    32.0171    32.0152    25.1184    25.1174    6.95420 0.0000e+00
      15974     29.337     6.6263     6.6216   3.225684   3.225078     2.6474     2.5248      8.143     0.7835     1.4560 5.4373e+00    -0.0170   100.4255     7.3467     7.4264    32.0162    32.0139    25.1177    25.1165    6.95420 0.0000e+00
      15977     29.277     6.6237     6.6212   3.225344   3.225089     2.6474     2.5248      8.143     0.7835     1.4560 5.4310e+00    -0.0170   100.4255     7.3457     7.4262    32.0150    32.0145    25.1170    25.1169    6.95468 0.0000e+00
      15980     29.226     6.6221     6.6212   3.225215   3.225068     2.6474     2.5252      8.143     0.7835     1.4560 5.4310e+00    -0.0170   100.4255     7.3452     7.4277    32.0150    32.0142    25.1172    25.1167    6.95493 0.0000e+00
      15983     29.180     6.6207     6.6211   3.225103   3.225083     2.6474     2.5248      8.143     0.7835     1.4739 5.4121e+00    -0.0170   100.4255     7.3445     7.4258    32.0152    32.0146    25.1175    25.1170    6.95516 0.0000e+00
      15986     29.138     6.6201     6.6210   3.225051   3.225091     2.6478     2.5248      8.143     0.7811     1.4560 5.3996e+00    -0.0170   100.4255     7.3446     7.4258    32.0151    32.0147    25.1176    25.1171    6.95526 0.0000e+00
      15989     29.107     6.6209     6.6208   3.225145   3.225028     2.6478     2.5240      8.143     0.7811     1.5007 5.3685e+00    -0.0174   100.4346     7.3430     7.4242    32.0154    32.0143    25.1177    25.1168    6.95511 0.0000e+00
      16195     29.079     6.6183     6.6182   3.224805   3.224717     2.6490     2.5256      8.145     0.7689     2.7633 5.4395e+00    -0.0181   100.4527     7.3468     7.4301    32.0141    32.0133    25.1171    25.1164    6.95560 0.0000e+00
      16605     29.011     6.6117     6.6136   3.223877   3.224071     2.6522     2.5281      8.148     0.7493     4.8316 5.6949e+00    -0.0191   100.4798     7.3577     7.4375    32.0101    32.0105    25.1147    25.1148    6.95685 0.0000e+00
      16608     28.933     6.6117     6.6137   3.223929   3.224089     2.6526     2.5289      8.148     0.7493     4.8316 5.7413e+00    -0.0191   100.4798     7.3577     7.4403    32.0107    32.0107    25.1152    25.1149    6.95683 0.0000e+00
      16611     28.863     6.6119     6.6139   3.223900   3.224083     2.6526     2.5281      8.148     0.7493     4.8316 5.7612e+00    -0.0191   100.4798     7.3569     7.4366    32.0103    32.0104    25.1148    25.1147    6.95682 0.0000e+00
      16614     28.802     6.6117     6.6140   3.223853   3.224090     2.6514     2.5277      8.148     0.7591     4.8316 5.7880e+00    -0.0184   100.4617     7.3515     7.4352    32.0099    32.0105    25.1146    25.1147    6.95687 0.0000e+00
      16617     28.750     6.6116     6.6139   3.223868   3.224080     2.6514     2.5277      8.148     0.8104     4.8137 5.8149e+00    -0.0195   100.4888     7.3512     7.4350    32.0102    32.0105    25.1148    25.1147    6.95686 0.0000e+00
      16620     28.707     6.6119     6.6140   3.223935   3.224139     2.6522     2.5277      8.148     0.8152     4.6973 5.8216e+00    -0.0195   100.4888     7.3541     7.4336    32.0108    32.0110    25.1152    25.1151    6.95680 0.0000e+00
      16623     28.673     6.6141     6.6211   3.224325   3.225060     2.6518     2.5281      8.148     0.8104     4.6973 5.8216e+00    -0.0191   100.4798     7.3522     7.4321    32.0130    32.0145    25.1166    25.1169    6.95633 0.0000e+00
      16780     28.647     6.6163     6.6247   3.224504   3.225483     2.6502     2.5269      8.148     0.8274     4.4824 5.8082e+00    -0.0191   100.4798     7.3507     7.4251    32.0129    32.0158    25.1163    25.1175    6.95598 0.0000e+00
      17091     28.612     6.6170     6.6233   3.224511   3.225267     2.6486     2.5253      8.148     0.8421     4.3123 5.7679e+00    -0.0191   100.4798     7.3539     7.4156    32.0123    32.0147    25.1158    25.1168    6.95589 0.0000e+00
      17094     28.576     6.6184     6.6256   3.224795   3.225608     2.6498     2.5253      8.148     0.8397     4.3213 5.7479e+00    -0.0191   100.4798     7.3571     7.4151    32.0142    32.0164    25.1170    25.1179    6.95557 0.0000e+00
      17423     28.535     6.6215     6.6233   3.225110   3.225237     2.6494     2.5269      8.150     0.8226    73.6970 5.6689e+00    -0.0195   100.4888     7.3547     7.4338    32.0148    32.0145    25.1171    25.1167    6.95504 0.0000e+00
      17589     28.445     6.6221     6.6198   3.225138   3.224760     2.6498     2.5277      8.153     0.8104   108.3669 5.6818e+00    -0.0202   100.5069     7.3565     7.4438    32.0145    32.0125    25.1168    25.1156    6.95495 0.0000e+00
      17592     28.352     6.6204     6.6178   3.224822   3.224487     2.6490     2.5281      8.151     0.8152   108.3848 5.7347e+00    -0.0202   100.5069     7.3552     7.4457    32.0127    32.0115    25.1156    25.1150    6.95532 0.0000e+00
      17595     28.257     6.6180     6.6172   3.224530   3.224449     2.6498     2.5289      8.151     0.8152   108.3758 5.7813e+00    -0.0202   100.5069     7.3594     7.4489    32.0118    32.0117    25.1152    25.1152    6.95575 0.0000e+00
      17598     28.158     6.6168     6.6171   3.224388   3.224426     2.6498     2.5281      8.151     0.8104   108.3848 5.8553e+00    -0.0202   100.5069     7.3599     7.4463    32.0114    32.0115    25.1151    25.1151    6.95597 0.0000e+00
      17601     28.062     6.6159     6.6172   3.224316   3.224428     2.6506     2.5285      8.153     0.8128   108.3758 5.8962e+00    -0.0202   100.5069     7.3633     7.4476    32.0115    32.0115    25.1152    25.1151    6.95610 0.0000e+00
      17604     27.966     6.6157     6.6173   3.224254   3.224411     2.6506     2.5285      8.151     0.8152   108.3848 5.9579e+00    -0.0198   100.4979     7.3634     7.4469    32.0110    32.0113    25.1149    25.1149    6.95616 0.0000e+00
      17607     27.872     6.6155     6.6169   3.224225   3.224370     2.6506     2.5289      8.151     0.8128   108.3848 6.0134e+00    -0.0202   100.5069     7.3638     7.4480    32.0109    32.0112    25.1149    25.1149    6.95620 0.0000e+00
      17610     27.790     6.6145     6.6163   3.224064   3.224274     2.6506     2.5289      8.153     0.7786   108.3848 6.0412e+00    -0.0202   100.5069     7.3636     7.4473    32.0102    32.0107    25.1144    25.1146    6.95640 0.0000e+00
      17613     27.709     6.6140     6.6143   3.224036   3.223982     2.6510     2.5289      8.153     0.7591   108.3848 6.0693e+00    -0.0202   100.5069     7.3657     7.4480    32.0104    32.0094    25.1146    25.1139    6.95647 0.0000e+00
      17616     27.629     6.6138     6.6126   3.224006   3.223763     2.6514     2.5289      8.153     0.7615   108.3848 6.1045e+00    -0.0202   100.5069     7.3672     7.4483    32.0102    32.0086    25.1145    25.1134    6.95651 0.0000e+00
      17619     27.552     6.6138     6.6118   3.224021   3.223645     2.6518     2.5289      8.153     0.7615   108.3848 6.1116e+00    -0.0202   100.5069     7.3678     7.4493    32.0104    32.0082    25.1147    25.1132    6.95649 0.0000e+00
      17622     27.482     6.6135     6.6113   3.223953   3.223584     2.6522     2.5293      8.153     0.7639   108.3848 6.1399e+00    -0.0202   100.5069     7.3686     7.4517    32.0100    32.0080    25.1144    25.1131    6.95657 0.0000e+00
      17625     27.422     6.6130     6.6108   3.223890   3.223534     2.6522     2.5289      8.151     0.7615   108.3848 6.1471e+00    -0.0198   100.4979     7.3679     7.4498    32.0098    32.0080    25.1143    25.1131    6.95666 0.0000e+00
      17628     27.367     6.6127     6.6111   3.223843   3.223632     2.6522     2.5289      8.151     0.7639   108.3758 6.1328e+00    -0.0181   100.4527     7.3678     7.4496    32.0096    32.0088    25.1141    25.1137    6.95671 0.0000e+00
      17631     27.321     6.6123     6.6121   3.223768   3.223716     2.6531     2.5293      8.151     0.7591   108.3848 6.1328e+00    -0.0181   100.4527     7.3700     7.4508    32.0091    32.0087    25.1138    25.1136    6.95680 0.0000e+00
      17634     27.282     6.6120     6.6128   3.223746   3.223801     2.6531     2.5293      8.153     0.7639   108.3848 6.1328e+00    -0.0188   100.4708     7.3688     7.4507    32.0092    32.0091    25.1140    25.1138    6.95685 0.0000e+00
      17637     27.248     6.6134     6.6145   3.224027   3.224029     2.6535     2.5301      8.153     0.8348   108.3848 6.1045e+00    -0.0181   100.4527     7.3688     7.4529    32.0110    32.0100    25.1152    25.1143    6.95654 0.0000e+00
      17674     27.219     6.6175     6.6199   3.224516   3.224760     2.6518     2.5310      8.153     0.8177   108.3848 5.8910e+00    -0.0188   100.4708     7.3474     7.4544    32.0126    32.0130    25.1159    25.1159    6.95580 0.0000e+00
      17694     27.180     6.6184     6.6202   3.224565   3.224843     2.6518     2.5314      8.151     0.8055   108.3848 5.8283e+00    -0.0191   100.4798     7.3405     7.4551    32.0123    32.0137    25.1156    25.1164    6.95566 0.0000e+00
      17697     27.133     6.6184     6.6193   3.224576   3.224663     2.6510     2.5310      8.151     0.8030   108.3848 5.8825e+00    -0.0195   100.4888     7.3381     7.4526    32.0125    32.0126    25.1157    25.1156    6.95566 0.0000e+00
      17700     27.079     6.6182     6.6173   3.224635   3.224325     2.6506     2.5314      8.153     0.8030   108.3848 5.9235e+00    -0.0191   100.4798     7.3382     7.4533    32.0133    32.0107    25.1164    25.1145    6.95565 0.0000e+00
      17703     27.016     6.6191     6.6113   3.224733   3.223347     2.6510     2.5314      8.151     0.8055   108.3848 5.9925e+00    -0.0195   100.4888     7.3403     7.4532    32.0135    32.0056    25.1165    25.1112    6.95548 0.0000e+00
      17706     26.943     6.6194     6.6032   3.224727   3.222282     2.6502     2.5314      8.153     0.8055   108.3758 6.0483e+00    -0.0184   100.4617     7.3386     7.4549    32.0132    32.0015    25.1162    25.1090    6.95545 0.0000e+00
