Datasets/AZMP/COO001/79001120.cnv
* Sea-Bird SBE 9 Data File:
* FileName = C:\CTDDATA\79001120.hex
* Software Version Seasave V 7.26.7.110
* Temperature SN = 5660
* Conductivity SN = 3698
* Number of Bytes Per Scan = 30
* Number of Voltage Words = 4
* Number of Scans Averaged by the Deck Unit = 1
* NMEA baud rate = 9600
** VESSEL/TRIP/SEQ STN:  79001120
** LATITUDE XX XX.XX N:  47 00.00 N
** LONGITUDE XX XX.XX W:  51 29.10 W
** SOUNDING DEPTH (M):  0104
** PROBE TYPE: S1257
** CTD NUMBER: 080
** COMMENTS (14 CHAR): FC-06
** BOTTLES:  10
** LEVELS: 5,5,10,20,20,30,40,50,75,BTM
** STICKERS: 435613 - 435622
** VNET: Y
** DO2: Y
# nquan = 22
# nvalues = 2517                        
# units = specified
# name 0 = scan: Scan Count
# name 1 = prDM: Pressure, Digiquartz [db]
# name 2 = t090C: Temperature [ITS-90, deg C]
# name 3 = t190C: Temperature, 2 [ITS-90, deg C]
# name 4 = c0S/m: Conductivity [S/m]
# name 5 = c1S/m: Conductivity, 2 [S/m]
# name 6 = sbeox0V: Oxygen raw, SBE 43 [V]
# name 7 = sbeox1V: Oxygen raw, SBE 43, 2 [V]
# name 8 = ph: pH
# name 9 = flECO-AFL: Fluorescence, WET Labs ECO-AFL/FL [mg/m^3]
# name 10 = wetCDOM: Fluorescence, WET Labs CDOM [mg/m^3]
# name 11 = par/sat/log: PAR/Logarithmic, Satlantic [umol photons/m^2/sec]
# name 12 = CStarAt0: Beam Attenuation, WET Labs C-Star [1/m]
# name 13 = CStarTr0: Beam Transmission, WET Labs C-Star [%]
# name 14 = sbeox0ML/L: Oxygen, SBE 43 [ml/l], WS = 2
# name 15 = sbeox1ML/L: Oxygen, SBE 43, 2 [ml/l], WS = 2
# name 16 = sal00: Salinity, Practical [PSU]
# name 17 = sal11: Salinity, Practical, 2 [PSU]
# name 18 = sigma-t00: Density [sigma-t, kg/m^3 ]
# name 19 = sigma-t11: Density, 2 [sigma-t, kg/m^3 ]
# name 20 = oxsatML/L: Oxygen Saturation, Weiss [ml/l]
# name 21 = flag: flag
# span 0 =        137,      36478       
# span 1 =      0.712,     97.288       
# span 2 =    -1.0819,     2.8821       
# span 3 =    -1.0827,     2.8839       
# span 4 =   2.646795,   2.917931       
# span 5 =   0.436839,   2.918122       
# span 6 =     2.4111,     2.7647       
# span 7 =     2.3810,     2.7326       
# span 8 =      8.042,      8.173       
# span 9 =     0.0264,     0.8273       
# span 10 =    -1.3918,     2.1614      
# span 11 = 1.0765e-01, 1.1456e+01      
# span 12 =     0.0535,     0.2874      
# span 13 =    93.0668,    98.6717      
# span 14 =     6.4842,     8.2238      
# span 15 =     7.5968,     8.4232      
# span 16 =    31.9463,    32.9627      
# span 17 =     4.1596,    32.9637      
# span 18 =    25.4603,    26.5000      
# span 19 =     3.3086,    26.5008      
# span 20 =    7.61481,    8.41294      
# span 21 = 0.0000e+00, 0.0000e+00      
# interval = scans: 3                   
# start_time = Dec 08 2019 10:45:11 [System UTC, header]
# bad_flag = -9.990e-29
*END*
[from data line 461]
       2195     37.874     2.7630     2.7096   2.910504   2.907446     2.7404     2.7115      8.162     0.6467     1.8060 1.0790e-01     0.1078    97.3422     7.5516     7.9634    32.1055    32.1217    25.5947    25.6120    7.63717 0.0000e+00
       2198     37.957     2.7580     2.7216   2.909732   2.908136     2.7400     2.7106      8.162     0.6564     1.8060 1.0790e-01     0.1085    97.3248     7.5413     7.9492    32.1011    32.1181    25.5916    25.6081    7.63836 0.0000e+00
       2201     38.046     2.7504     2.7278   2.909292   2.908485     2.7392     2.7106      8.164     0.6564     1.8060 1.0790e-01     0.1085    97.3248     7.5290     7.9361    32.1033    32.1161    25.5940    25.6060    7.63972 0.0000e+00
       2204     38.137     2.7475     2.7337   2.909654   2.908869     2.7371     2.7090      8.164     0.6955     1.8060 1.0790e-01     0.1078    97.3422     7.5112     7.9128    32.1105    32.1148    25.6000    25.6045    7.63990 0.0000e+00
       2207     38.227     2.7479     2.7374   2.909702   2.909213     2.7355     2.7082      8.162     0.7101     1.8060 1.0777e-01     0.1078    97.3422     7.4958     7.8884    32.1107    32.1152    25.6001    25.6045    7.63982 0.0000e+00
       2210     38.318     2.7486     2.7475   2.910035   2.909985     2.7339     2.7078      8.162     0.7053     1.8060 1.0790e-01     0.1085    97.3248     7.4834     7.8629    32.1139    32.1145    25.6026    25.6031    7.63952 0.0000e+00
       2213     38.408     2.7545     2.7536   2.910630   2.910361     2.7318     2.7062      8.162     0.7053     1.8060 1.0790e-01     0.1067    97.3682     7.4697     7.8320    32.1153    32.1129    25.6032    25.6014    7.63832 0.0000e+00
       2216     38.494     2.7538     2.7601   2.909580   2.910717     2.7306     2.7058      8.162     0.7101     1.8060 1.0790e-01     0.1071    97.3595     7.4623     7.8063    32.1032    32.1107    25.5936    25.5991    7.63907 0.0000e+00
       2219     38.578     2.7468     2.7625   2.908981   2.910861     2.7281     2.7045      8.162     0.7053     1.8060 1.0790e-01     0.1067    97.3682     7.4540     7.7799    32.1028    32.1100    25.5939    25.5984    7.64044 0.0000e+00
       2222     38.664     2.7400     2.7636   2.908515   2.910987     2.7265     2.7033      8.162     0.7101     1.8060 1.0790e-01     0.1067    97.3682     7.4505     7.7554    32.1039    32.1104    25.5954    25.5985    7.64170 0.0000e+00
       2225     38.747     2.7370     2.7692   2.908788   2.911504     2.7233     2.7009      8.162     0.7150     1.8060 1.0790e-01     0.1067    97.3682     7.4427     7.7288    32.1102    32.1110    25.6006    25.5986    7.64196 0.0000e+00
       2228     38.824     2.7325     2.7773   2.907980   2.911948     2.7220     2.6976      8.162     0.7052     1.8060 1.0790e-01     0.1074    97.3509     7.4434     7.7021    32.1048    32.1083    25.5967    25.5957    7.64311 0.0000e+00
       2231     38.903     2.7239     2.7746   2.907146   2.911708     2.7200     2.6952      8.162     0.5978     1.8060 1.0790e-01     0.1056    97.3943     7.4431     7.6813    32.1032    32.1080    25.5960    25.5957    7.64485 0.0000e+00
       2234     38.980     2.7166     2.7671   2.907236   2.911143     2.7192     2.6923      8.162     0.5881     1.8060 1.0790e-01     0.1045    97.4204     7.4478     7.6651    32.1115    32.1086    25.6033    25.5969    7.64583 0.0000e+00
       2237     39.051     2.7126     2.7638   2.906824   2.911053     2.7176     2.6899      8.163     0.5929     1.8060 1.0790e-01     0.1045    97.4204     7.4514     7.6542    32.1106    32.1107    25.6029    25.5989    7.64667 0.0000e+00
       2240     39.126     2.7045     2.7457   2.906004   2.908044     2.7155     2.6874      8.163     0.5929     1.8060 1.0790e-01     0.1045    97.4204     7.4526     7.6509    32.1087    32.0922    25.6020    25.5855    7.64834 0.0000e+00
       2243     39.198     2.6948     2.6444   2.904577   2.899955     2.7151     2.6854      8.163     0.5929     1.8060 1.0790e-01     0.1045    97.4204     7.4598     7.6709    32.1008    32.0950    25.5965    25.5959    7.65060 0.0000e+00
       2246     39.266     2.6600     2.5724   2.899437   2.895907     2.7143     2.6829      8.163     0.5881     1.8060 1.0790e-01     0.1045    97.4204     7.4705     7.6869    32.0730    32.1178    25.5771    25.6198    7.65880 0.0000e+00
       2249     39.334     2.6065     2.5084   2.895398   2.891466     2.7123     2.6813      8.163     0.5881     1.8060 1.0790e-01     0.1045    97.4204     7.4795     7.7101    32.0772    32.1276    25.5847    25.6327    7.66897 0.0000e+00
       2252     39.400     2.5612     2.4505   2.893006   2.888589     2.7119     2.6793      8.163     0.5881     1.8060 1.0777e-01     0.0992    97.5507     7.4898     7.7299    32.0934    32.1506    25.6012    25.6556    7.67697 0.0000e+00
       2255     39.467     2.5211     2.4262   2.890842   2.887570     2.7106     2.6773      8.163     0.5637     1.8060 1.0790e-01     0.0981    97.5768     7.4949     7.7428    32.1072    32.1625    25.6154    25.6670    7.68409 0.0000e+00
       2258     39.535     2.4965     2.4057   2.889937   2.884889     2.7110     2.6760      8.163     0.4953     1.8060 1.0777e-01     0.0981    97.5768     7.5031     7.7596    32.1207    32.1502    25.6281    25.6588    7.68819 0.0000e+00
       2261     39.602     2.4734     2.3200   2.887870   2.876137     2.7098     2.6744      8.164     0.4953     1.8060 1.0790e-01     0.0981    97.5768     7.5070     7.7878    32.1185    32.1289    25.6282    25.6482    7.69282 0.0000e+00
       2264     39.670     2.4421     2.2007   2.885111   2.868716     2.7082     2.6732      8.164     0.4904     1.8060 1.0790e-01     0.0981    97.5768     7.5091     7.8218    32.1161    32.1579    25.6287    25.6804    7.69907 0.0000e+00
       2267     39.738     2.4077     2.1206   2.880949   2.863283     2.7066     2.6720      8.162     0.5002     1.8060 1.0790e-01     0.0981    97.5768     7.5141     7.8484    32.0996    32.1717    25.6182    25.6974    7.70668 0.0000e+00
       2270     39.808     2.3430     2.0268   2.874198   2.856575     2.7058     2.6703      8.164     0.5050     1.8060 1.0790e-01     0.0988    97.5594     7.5294     7.8770    32.0817    32.1836    25.6088    25.7138    7.72034 0.0000e+00
       2273     39.876     2.2489     1.9286   2.862708   2.850326     2.7054     2.6699      8.163     0.5002     1.8060 1.0790e-01     0.0964    97.6202     7.5533     7.9091    32.0348    32.2057    25.5784    25.7385    7.74135 0.0000e+00
       2276     39.943     2.1256     1.8433   2.854298   2.845644     2.7041     2.6687      8.160     0.5002     1.8060 1.0790e-01     0.0960    97.6289     7.5775     7.9398    32.0551    32.2343    25.6038    25.7674    7.76474 0.0000e+00
       2279     40.010     2.0199     1.8037   2.848950   2.844053     2.7033     2.6679      8.161     0.4904     1.8060 1.0790e-01     0.0967    97.6116     7.5988     7.9576    32.0957    32.2548    25.6439    25.7866    7.78369 0.0000e+00
       2282     40.078     1.9341     1.8040   2.845096   2.843741     2.7025     2.6671      8.161     0.4562     1.8060 1.0790e-01     0.0967    97.6116     7.6163     7.9677    32.1348    32.2505    25.6813    25.7832    7.79880 0.0000e+00
       2285     40.147     1.8707     1.7887   2.842283   2.842265     2.7025     2.6663      8.161     0.4122     1.8060 1.0790e-01     0.0967    97.6116     7.6339     7.9816    32.1642    32.2477    25.7094    25.7820    7.80999 0.0000e+00
       2288     40.212     1.8162     1.7722   2.840201   2.841022     2.7009     2.6659      8.160     0.4220     1.8060 1.0790e-01     0.0967    97.6116     7.6438     7.9957    32.1938    32.2489    25.7369    25.7841    7.81941 0.0000e+00
       2291     40.276     1.7846     1.7514   2.840021   2.840824     2.7017     2.6654      8.159     0.4171     1.8060 1.0790e-01     0.0931    97.6985     7.6559     8.0094    32.2236    32.2677    25.7630    25.8006    7.82418 0.0000e+00
       2294     40.340     1.7681     1.7612   2.839440   2.841163     2.7009     2.6646      8.157     0.4171     1.8060 1.0790e-01     0.0867    97.8549     7.6597     8.0147    32.2333    32.2619    25.7719    25.7953    7.82702 0.0000e+00
       2297     40.409     1.7450     1.7675   2.837460   2.841851     2.7005     2.6650      8.157     0.4171     1.8060 1.0790e-01     0.0874    97.8375     7.6670     8.0243    32.2320    32.2641    25.7724    25.7966    7.83174 0.0000e+00
       2300     40.478     1.7311     1.7732   2.837063   2.841862     2.7009     2.6654      8.157     0.4171     1.8060 1.0790e-01     0.0874    97.8375     7.6746     8.0323    32.2413    32.2583    25.7808    25.7916    7.83407 0.0000e+00
       2303     40.537     1.7185     1.7702   2.836075   2.841854     2.6997     2.6642      8.154     0.4220     1.8060 1.0790e-01     0.0874    97.8375     7.6753     8.0333    32.2417    32.2612    25.7820    25.7941    7.83658 0.0000e+00
       2306     40.600     1.7059     1.7705   2.834366   2.841438     2.6997     2.6646      8.152     0.4171     1.8060 1.0790e-01     0.0874    97.8375     7.6808     8.0381    32.2331    32.2557    25.7760    25.7897    7.83959 0.0000e+00
       2309     40.665     1.6762     1.7684   2.831038   2.841299     2.6984     2.6642      8.152     0.4024     1.9245 1.0790e-01     0.0874    97.8375     7.6865     8.0395    32.2218    32.2560    25.7690    25.7901    7.84621 0.0000e+00
       2312     40.729     1.6503     1.7575   2.831360   2.840000     2.6993     2.6642      8.153     0.4024     1.9245 1.0790e-01     0.0867    97.8549     7.6952     8.0425    32.2522    32.2508    25.7951    25.7867    7.84983 0.0000e+00
       2315     40.790     1.6453     1.7439   2.832145   2.838552     2.6984     2.6642      8.151     0.4024     1.9245 1.0790e-01     0.0864    97.8636     7.6934     8.0438    32.2672    32.2467    25.8075    25.7843    7.85007 0.0000e+00
       2318     40.853     1.6396     1.6693   2.831093   2.832640     2.6988     2.6642      8.148     0.4073     1.9245 1.0790e-01     0.0864    97.8636     7.6978     8.0568    32.2598    32.2489    25.8019    25.7911    7.85161 0.0000e+00
       2321     40.917     1.6281     1.5955   2.829649   2.828029     2.6984     2.6642      8.148     0.4122     1.9245 1.0790e-01     0.0860    97.8723     7.6992     8.0678    32.2534    32.2665    25.7976    25.8103    7.85428 0.0000e+00
       2324     40.981     1.6055     1.5558   2.827126   2.826070     2.6980     2.6630      8.148     0.4073     1.9245 1.0790e-01     0.0864    97.8636     7.7058     8.0712    32.2448    32.2826    25.7922    25.8258    7.85933 0.0000e+00
       2327     41.046     1.5939     1.5419   2.828393   2.825433     2.6984     2.6638      8.148     0.4073     1.9245 1.0790e-01     0.0860    97.8723     7.7106     8.0743    32.2727    32.2888    25.8153    25.8317    7.86022 0.0000e+00
       2330     41.111     1.5872     1.5350   2.826738   2.824960     2.6980     2.6630      8.148     0.3976     1.9245 1.0790e-01     0.0864    97.8636     7.7142     8.0690    32.2587    32.2899    25.8046    25.8330    7.86232 0.0000e+00
       2333     41.173     1.5720     1.5324   2.825632   2.824825     2.6984     2.6630      8.148     0.4024     1.8850 1.0790e-01     0.0836    97.9331     7.7200     8.0664    32.2603    32.2908    25.8068    25.8339    7.86532 0.0000e+00
       2336     41.239     1.5600     1.5330   2.825102   2.824794     2.6976     2.6622      8.148     0.3536     1.8060 1.0790e-01     0.0832    97.9418     7.7196     8.0600    32.2659    32.2898    25.8121    25.8331    7.86747 0.0000e+00
       2339     41.306     1.5504     1.5347   2.824961   2.824946     2.6976     2.6618      8.145     0.3536     1.8060 1.0790e-01     0.0832    97.9418     7.7203     8.0567    32.2740    32.2899    25.8192    25.8331    7.86900 0.0000e+00
       2342     41.374     1.5452     1.5358   2.824900   2.824870     2.6972     2.6606      8.146     0.3585     1.8060 1.0790e-01     0.0832    97.9418     7.7202     8.0526    32.2786    32.2879    25.8233    25.8313    7.86982 0.0000e+00
       2345     41.444     1.5420     1.5327   2.824925   2.824665     2.6968     2.6618      8.145     0.3585     1.8060 1.0790e-01     0.0832    97.9418     7.7202     8.0590    32.2821    32.2884    25.8263    25.8320    7.87027 0.0000e+00
       2348     41.516     1.5395     1.5314   2.824723   2.824553     2.6976     2.6606      8.143     0.3585     1.8060 1.0790e-01     0.0832    97.9418     7.7234     8.0565    32.2821    32.2883    25.8264    25.8320    7.87078 0.0000e+00
       2351     41.592     1.5372     1.5292   2.824675   2.824424     2.6976     2.6606      8.145     0.3634     1.8060 1.0790e-01     0.0828    97.9505     7.7220     8.0564    32.2838    32.2889    25.8280    25.8326    7.87117 0.0000e+00
       2354     41.669     1.5359     1.5273   2.824708   2.824321     2.6980     2.6602      8.143     0.3536     1.8060 1.0790e-01     0.0821    97.9678     7.7226     8.0572    32.2855    32.2895    25.8294    25.8332    7.87134 0.0000e+00
       2357     41.747     1.5359     1.5275   2.824792   2.824361     2.6976     2.6593      8.143     0.3634     1.8060 1.0790e-01     0.0821    97.9678     7.7210     8.0569    32.2866    32.2897    25.8303    25.8334    7.87129 0.0000e+00
       2360     41.827     1.5370     1.5273   2.825059   2.824155     2.6964     2.6593      8.143     0.3829     1.9245 1.0790e-01     0.0821    97.9678     7.7161     8.0608    32.2888    32.2873    25.8320    25.8315    7.87095 0.0000e+00
       2363     41.911     1.5402     1.5222   2.825442   2.823820     2.6964     2.6593      8.145     0.4317     2.0429 1.0790e-01     0.0821    97.9678     7.7154     8.0617    32.2902    32.2883    25.8330    25.8326    7.87021 0.0000e+00
       2366     41.996     1.5438     1.5194   2.825671   2.823834     2.6968     2.6593      8.143     0.4366     2.0429 1.0790e-01     0.0821    97.9678     7.7151     8.0622    32.2893    32.2913    25.8320    25.8352    7.86952 0.0000e+00
       2369     42.087     1.5458     1.5225   2.825582   2.824154     2.6972     2.6589      8.143     0.4366     2.0429 1.0790e-01     0.0821    97.9678     7.7145     8.0599    32.2861    32.2921    25.8293    25.8356    7.86930 0.0000e+00
       2372     42.183     1.5429     1.5221   2.824812   2.823916     2.6960     2.6581      8.143     0.4317     2.0429 1.0790e-01     0.0832    97.9418     7.7105     8.0574    32.2793    32.2895    25.8241    25.8335    7.87024 0.0000e+00
       2375     42.281     1.5365     1.5184   2.824306   2.823809     2.6952     2.6581      8.143     0.4366     2.0429 1.0790e-01     0.0846    97.9070     7.7071     8.0594    32.2795    32.2919    25.8246    25.8357    7.87154 0.0000e+00
       2378     42.376     1.5310     1.5205   2.823944   2.823928     2.6960     2.6581      8.143     0.4366     2.0429 1.0790e-01     0.0843    97.9157     7.7109     8.0598    32.2805    32.2911    25.8258    25.8350    7.87260 0.0000e+00
       2381     42.476     1.5248     1.5193   2.823551   2.823941     2.6952     2.6581      8.143     0.4318     2.0429 1.0790e-01     0.0843    97.9157     7.7095     8.0602    32.2819    32.2925    25.8273    25.8362    7.87380 0.0000e+00
       2384     42.576     1.5159     1.5234   2.822325   2.824252     2.6956     2.6573      8.143     0.4366     2.0429 1.0790e-01     0.0843    97.9157     7.7139     8.0563    32.2755    32.2921    25.8228    25.8355    7.87595 0.0000e+00
       2387     42.680     1.5033     1.5216   2.821616   2.824036     2.6956     2.6569      8.143     0.4025     1.9245 1.0790e-01     0.0843    97.9157     7.7155     8.0591    32.2795    32.2912    25.8268    25.8349    7.87831 0.0000e+00
