Datasets/AZMP/COO001/79001087.cnv
* Sea-Bird SBE 9 Data File:
* FileName = C:\CTDDATA\79001087.hex
* Software Version Seasave V 7.26.7.110
* Temperature SN = 5660
* Conductivity SN = 3698
* Number of Bytes Per Scan = 30
* Number of Voltage Words = 4
* Number of Scans Averaged by the Deck Unit = 1
* NMEA baud rate = 9600
** VESSEL/TRIP/SEQ STN:  79001087
** LATITUDE XX XX.XX N:  48 10.15 N
** LONGITUDE XX XX.XX W:  53 43.79 W
** SOUNDING DEPTH (M):  0175
** PROBE TYPE: S1257
** CTD NUMBER: 054
** COMMENTS (14 CHAR): SS-15
** BOTTLES:  0
** LEVELS:
** STICKERS:
** VNET: N
** DO2: N
# nquan = 22
# nvalues = 6616                        
# units = specified
# name 0 = scan: Scan Count
# name 1 = prDM: Pressure, Digiquartz [db]
# name 2 = t090C: Temperature [ITS-90, deg C]
# name 3 = t190C: Temperature, 2 [ITS-90, deg C]
# name 4 = c0S/m: Conductivity [S/m]
# name 5 = c1S/m: Conductivity, 2 [S/m]
# name 6 = sbeox0V: Oxygen raw, SBE 43 [V]
# name 7 = sbeox1V: Oxygen raw, SBE 43, 2 [V]
# name 8 = ph: pH
# name 9 = flECO-AFL: Fluorescence, WET Labs ECO-AFL/FL [mg/m^3]
# name 10 = wetCDOM: Fluorescence, WET Labs CDOM [mg/m^3]
# name 11 = par/sat/log: PAR/Logarithmic, Satlantic [umol photons/m^2/sec]
# name 12 = CStarAt0: Beam Attenuation, WET Labs C-Star [1/m]
# name 13 = CStarTr0: Beam Transmission, WET Labs C-Star [%]
# name 14 = sbeox0ML/L: Oxygen, SBE 43 [ml/l], WS = 2
# name 15 = sbeox1ML/L: Oxygen, SBE 43, 2 [ml/l], WS = 2
# name 16 = sal00: Salinity, Practical [PSU]
# name 17 = sal11: Salinity, Practical, 2 [PSU]
# name 18 = sigma-t00: Density [sigma-t, kg/m^3 ]
# name 19 = sigma-t11: Density, 2 [sigma-t, kg/m^3 ]
# name 20 = oxsatML/L: Oxygen Saturation, Weiss [ml/l]
# name 21 = flag: flag
# span 0 =        237,      22402       
# span 1 =      2.611,    162.428       
# span 2 =     0.2853,     3.4971       
# span 3 =     0.2842,     3.4945       
# span 4 =   2.760771,   2.934740       
# span 5 =   2.760918,   2.934893       
# span 6 =     2.4532,     2.7365       
# span 7 =     2.4218,     2.7047       
# span 8 =      8.058,      8.185       
# span 9 =     0.0215,     0.6955       
# span 10 =     1.7665,     4.5301      
# span 11 = 1.0752e-01, 1.1482e+00      
# span 12 =     0.0860,     0.2863      
# span 13 =    93.0929,    97.8723      
# span 14 =     6.8486,     7.6097      
# span 15 =     7.5421,     7.8985      
# span 16 =    30.9631,    32.7129      
# span 17 =    30.9655,    32.7150      
# span 18 =    24.6411,    26.2462      
# span 19 =    24.6431,    26.2479      
# span 20 =    7.52960,    8.10997      
# span 21 = 0.0000e+00, 0.0000e+00      
# interval = scans: 3                   
# start_time = Dec 02 2019 00:09:11 [System UTC, header]
# bad_flag = -9.990e-29
*END*
[from data line 198]
        831     11.756     3.4798     3.4789   2.904092   2.904281     2.6174     2.6854      8.167     0.4953     3.4642 1.0790e-01     0.1831    95.5260     7.0986     7.7659    31.3372    31.3402    24.9212    24.9237    7.53932 0.0000e+00
        834     11.800     3.4797     3.4792   2.904258   2.904363     2.6187     2.6850      8.169     0.4904     3.4642 1.0790e-01     0.1817    95.5608     7.1016     7.7627    31.3392    31.3409    24.9228    24.9243    7.53923 0.0000e+00
        837     11.840     3.4812     3.4801   2.904774   2.904561     2.6191     2.6850      8.169     0.5002     3.4642 1.0790e-01     0.1824    95.5434     7.1018     7.7593    31.3438    31.3424    24.9264    24.9253    7.53871 0.0000e+00
        840     11.884     3.4821     3.4813   2.904641   2.904690     2.6182     2.6850      8.169     0.4953     3.4642 1.0790e-01     0.1820    95.5521     7.0989     7.7573    31.3414    31.3427    24.9244    24.9255    7.53867 0.0000e+00
        843     11.926     3.4824     3.4813   2.904669   2.904617     2.6191     2.6842      8.169     0.5099     3.3852 1.0790e-01     0.1817    95.5608     7.1031     7.7525    31.3414    31.3419    24.9244    24.9248    7.53861 0.0000e+00
        846     11.968     3.4830     3.4809   2.904920   2.904578     2.6191     2.6838      8.169     0.5051     3.3457 1.0790e-01     0.1820    95.5521     7.1018     7.7497    31.3438    31.3418    24.9262    24.9248    7.53837 0.0000e+00
        849     12.011     3.4838     3.4818   2.905078   2.904818     2.6187     2.6838      8.167     0.5099     3.3457 1.0790e-01     0.1824    95.5434     7.0986     7.7494    31.3448    31.3437    24.9270    24.9262    7.53816 0.0000e+00
        852     12.056     3.4848     3.4820   2.905291   2.904799     2.6195     2.6838      8.167     0.5099     3.3457 1.0790e-01     0.1795    95.6129     7.1014     7.7499    31.3465    31.3433    24.9281    24.9259    7.53790 0.0000e+00
        855     12.098     3.4853     3.4822   2.905125   2.904885     2.6203     2.6834      8.169     0.5002     3.3457 1.0790e-01     0.1787    95.6303     7.1040     7.7497    31.3439    31.3440    24.9261    24.9265    7.53793 0.0000e+00
        858     12.140     3.4854     3.4854   2.905197   2.905216     2.6203     2.6829      8.167     0.5099     3.3457 1.0790e-01     0.1791    95.6216     7.1032     7.7487    31.3447    31.3449    24.9267    24.9269    7.53787 0.0000e+00
        861     12.184     3.4858     3.4857   2.905309   2.905223     2.6203     2.6825      8.169     0.5099     3.3457 1.0790e-01     0.1791    95.6216     7.1032     7.7496    31.3456    31.3447    24.9273    24.9267    7.53775 0.0000e+00
        864     12.228     3.4862     3.4848   2.905288   2.905401     2.6211     2.6825      8.167     0.5050     3.3457 1.0790e-01     0.1784    95.6390     7.1047     7.7544    31.3449    31.3476    24.9268    24.9291    7.53771 0.0000e+00
        867     12.270     3.4866     3.4873   2.905344   2.906068     2.6215     2.6817      8.167     0.5002     3.3457 1.0790e-01     0.1791    95.6216     7.1051     7.7567    31.3452    31.3532    24.9270    24.9333    7.53762 0.0000e+00
        870     12.313     3.4870     3.4904   2.905379   2.906467     2.6215     2.6817      8.169     0.5050     3.3457 1.0790e-01     0.1784    95.6390     7.1035     7.7597    31.3452    31.3549    24.9270    24.9344    7.53755 0.0000e+00
        873     12.355     3.4875     3.4916   2.905703   2.906601     2.6219     2.6813      8.167     0.5050     3.3457 1.0790e-01     0.1773    95.6650     7.1022     7.7626    31.3486    31.3554    24.9296    24.9346    7.53728 0.0000e+00
        876     12.397     3.4885     3.4917   2.905859   2.906571     2.6223     2.6817      8.169     0.5050     3.3457 1.0790e-01     0.1769    95.6737     7.1015     7.7691    31.3494    31.3548    24.9302    24.9342    7.53705 0.0000e+00
        879     12.439     3.4888     3.4918   2.905846   2.906576     2.6227     2.6817      8.167     0.5099     3.3457 1.0790e-01     0.1773    95.6650     7.1021     7.7737    31.3489    31.3547    24.9298    24.9341    7.53701 0.0000e+00
        882     12.482     3.4895     3.4919   2.906041   2.906601     2.6219     2.6813      8.169     0.5099     3.3457 1.0790e-01     0.1773    95.6650     7.0992     7.7772    31.3506    31.3550    24.9310    24.9343    7.53680 0.0000e+00
        885     12.523     3.4901     3.4920   2.906019   2.906598     2.6219     2.6817      8.169     0.5002     3.3457 1.0790e-01     0.1769    95.6737     7.0974     7.7813    31.3497    31.3548    24.9303    24.9342    7.53674 0.0000e+00
        888     12.567     3.4908     3.4923   2.906259   2.906678     2.6223     2.6825      8.169     0.5050     3.3457 1.0790e-01     0.1769    95.6737     7.0979     7.7865    31.3519    31.3555    24.9320    24.9347    7.53650 0.0000e+00
        891     12.612     3.4913     3.4923   2.906293   2.906691     2.6223     2.6821      8.169     0.5099     3.3457 1.0790e-01     0.1784    95.6390     7.0984     7.7866    31.3518    31.3556    24.9319    24.9348    7.53641 0.0000e+00
        894     12.653     3.4917     3.4924   2.906324   2.906665     2.6223     2.6825      8.169     0.5050     3.3457 1.0790e-01     0.1802    95.5955     7.0980     7.7876    31.3518    31.3552    24.9318    24.9344    7.53634 0.0000e+00
        897     12.694     3.4918     3.4922   2.906342   2.906633     2.6219     2.6825      8.169     0.5197     3.3457 1.0790e-01     0.1802    95.5955     7.0956     7.7873    31.3518    31.3550    24.9318    24.9343    7.53631 0.0000e+00
        900     12.737     3.4922     3.4923   2.906376   2.906734     2.6231     2.6825      8.169     0.5197     3.3457 1.0790e-01     0.1802    95.5955     7.1015     7.7880    31.3518    31.3560    24.9318    24.9351    7.53623 0.0000e+00
        903     12.778     3.4922     3.4931   2.906387   2.906942     2.6235     2.6825      8.167     0.5246     3.3457 1.0790e-01     0.1802    95.5955     7.1039     7.7874    31.3520    31.3577    24.9319    24.9364    7.53623 0.0000e+00
        906     12.822     3.4924     3.4936   2.906448   2.906965     2.6231     2.6825      8.169     0.5148     3.3457 1.0790e-01     0.1802    95.5955     7.1040     7.7852    31.3525    31.3575    24.9323    24.9362    7.53617 0.0000e+00
        909     12.866     3.4930     3.4935   2.906625   2.906922     2.6227     2.6825      8.169     0.5246     3.3457 1.0790e-01     0.1802    95.5955     7.1036     7.7836    31.3540    31.3571    24.9335    24.9359    7.53598 0.0000e+00
        912     12.906     3.4933     3.4936   2.906689   2.907027     2.6239     2.6825      8.169     0.5294     3.3457 1.0790e-01     0.1806    95.5868     7.1067     7.7840    31.3544    31.3582    24.9337    24.9367    7.53589 0.0000e+00
        915     12.946     3.4938     3.4931   2.906819   2.906885     2.6239     2.6825      8.169     0.5148     3.3457 1.0790e-01     0.1802    95.5955     7.1076     7.7869    31.3555    31.3570    24.9345    24.9358    7.53575 0.0000e+00
        918     12.989     3.4943     3.4931   2.906908   2.906921     2.6231     2.6825      8.169     0.5246     3.3457 1.0790e-01     0.1802    95.5955     7.1047     7.7879    31.3561    31.3573    24.9350    24.9361    7.53564 0.0000e+00
        921     13.032     3.4951     3.4939   2.907059   2.907023     2.6235     2.6825      8.169     0.5099     3.2668 1.0790e-01     0.1806    95.5868     7.1066     7.7897    31.3570    31.3577    24.9357    24.9363    7.53543 0.0000e+00
        924     13.075     3.4955     3.4939   2.907030   2.907000     2.6248     2.6838      8.169     0.5002     3.2273 1.0790e-01     0.1802    95.5955     7.1106     7.7962    31.3563    31.3574    24.9351    24.9361    7.53540 0.0000e+00
        927     13.117     3.4958     3.4937   2.907262   2.906974     2.6243     2.6825      8.169     0.5099     3.2273 1.0790e-01     0.1802    95.5955     7.1100     7.7934    31.3588    31.3574    24.9370    24.9361    7.53521 0.0000e+00
        930     13.158     3.4962     3.4938   2.907362   2.906977     2.6248     2.6825      8.169     0.5002     3.2273 1.0790e-01     0.1802    95.5955     7.1128     7.7945    31.3596    31.3572    24.9376    24.9359    7.53510 0.0000e+00
        933     13.198     3.4965     3.4939   2.907420   2.907000     2.6248     2.6829      8.169     0.5002     3.2273 1.0790e-01     0.1813    95.5695     7.1129     7.7955    31.3599    31.3574    24.9379    24.9361    7.53502 0.0000e+00
        936     13.238     3.4966     3.4939   2.907520   2.906989     2.6248     2.6838      8.167     0.5099     3.2273 1.0790e-01     0.1813    95.5695     7.1137     7.7987    31.3609    31.3573    24.9386    24.9360    7.53494 0.0000e+00
        939     13.281     3.4969     3.4936   2.907583   2.906926     2.6252     2.6838      8.169     0.5148     3.2273 1.0790e-01     0.1813    95.5695     7.1146     7.8003    31.3614    31.3567    24.9390    24.9355    7.53487 0.0000e+00
        942     13.326     3.4968     3.4935   2.907587   2.906979     2.6256     2.6838      8.169     0.5099     3.2273 1.0790e-01     0.1813    95.5695     7.1157     7.8011    31.3616    31.3575    24.9391    24.9362    7.53489 0.0000e+00
        945     13.365     3.4968     3.4934   2.907644   2.906930     2.6260     2.6842      8.169     0.5099     3.2273 1.0790e-01     0.1809    95.5782     7.1158     7.8024    31.3622    31.3569    24.9396    24.9358    7.53485 0.0000e+00
        948     13.408     3.4968     3.4932   2.907617   2.906823     2.6260     2.6838      8.169     0.5295     3.3457 1.0790e-01     0.1813    95.5695     7.1158     7.8014    31.3618    31.3559    24.9393    24.9349    7.53486 0.0000e+00
        951     13.448     3.4968     3.4929   2.907605   2.906777     2.6264     2.6846      8.169     0.5295     3.3457 1.0790e-01     0.1809    95.5782     7.1167     7.8049    31.3617    31.3556    24.9392    24.9347    7.53487 0.0000e+00
        954     13.491     3.4968     3.4928   2.907600   2.906760     2.6264     2.6838      8.169     0.5343     3.3457 1.0790e-01     0.1776    95.6564     7.1150     7.7992    31.3616    31.3555    24.9391    24.9347    7.53488 0.0000e+00
        957     13.532     3.4971     3.4925   2.907622   2.906739     2.6272     2.6838      8.169     0.5343     3.3457 1.0790e-01     0.1773    95.6650     7.1186     7.7967    31.3616    31.3555    24.9391    24.9346    7.53482 0.0000e+00
        960     13.573     3.4968     3.4926   2.907641   2.906757     2.6272     2.6846      8.169     0.5392     3.3457 1.0790e-01     0.1773    95.6650     7.1167     7.7979    31.3621    31.3556    24.9395    24.9348    7.53486 0.0000e+00
        963     13.614     3.4966     3.4928   2.907673   2.906821     2.6260     2.6850      8.167     0.5392     3.3457 1.0790e-01     0.1776    95.6564     7.1130     7.7981    31.3626    31.3562    24.9400    24.9352    7.53487 0.0000e+00
        966     13.657     3.4964     3.4926   2.907647   2.906735     2.6272     2.6850      8.169     0.5392     3.3457 1.0790e-01     0.1776    95.6564     7.1158     7.7970    31.3625    31.3553    24.9399    24.9345    7.53490 0.0000e+00
        969     13.700     3.4964     3.4924   2.907655   2.906725     2.6276     2.6850      8.169     0.5343     3.3457 1.0790e-01     0.1780    95.6477     7.1178     7.7958    31.3626    31.3554    24.9400    24.9346    7.53491 0.0000e+00
        972     13.743     3.4964     3.4927   2.907670   2.906769     2.6276     2.6850      8.169     0.5343     3.3062 1.0790e-01     0.1773    95.6650     7.1182     7.7943    31.3626    31.3555    24.9400    24.9347    7.53490 0.0000e+00
        975     13.786     3.4961     3.4927   2.907728   2.906814     2.6272     2.6846      8.169     0.5197     3.2273 1.0790e-01     0.1769    95.6737     7.1165     7.7915    31.3636    31.3560    24.9408    24.9351    7.53491 0.0000e+00
        978     13.830     3.4960     3.4929   2.907695   2.906879     2.6272     2.6850      8.169     0.5246     3.2273 1.0790e-01     0.1769    95.6737     7.1161     7.7927    31.3633    31.3566    24.9406    24.9355    7.53494 0.0000e+00
        981     13.873     3.4961     3.4934   2.907712   2.907374     2.6284     2.6850      8.169     0.5148     3.2273 1.0790e-01     0.1769    95.6737     7.1185     7.7901    31.3634    31.3620    24.9406    24.9398    7.53492 0.0000e+00
        984     13.913     3.4961     3.4938   2.907761   2.907758     2.6276     2.6850      8.169     0.5197     3.2273 1.0790e-01     0.1769    95.6737     7.1167     7.7874    31.3640    31.3662    24.9411    24.9431    7.53489 0.0000e+00
        987     13.955     3.4962     3.4940   2.907846   2.907955     2.6288     2.6846      8.169     0.5246     3.2273 1.0790e-01     0.1769    95.6737     7.1193     7.7838    31.3648    31.3683    24.9418    24.9447    7.53483 0.0000e+00
        990     13.996     3.4964     3.4940   2.907917   2.908436     2.6276     2.6850      8.169     0.5246     3.2273 1.0790e-01     0.1769    95.6737     7.1131     7.7847    31.3655    31.3740    24.9423    24.9492    7.53476 0.0000e+00
        993     14.040     3.4966     3.4942   2.907896   2.908714     2.6296     2.6850      8.169     0.5246     3.2273 1.0790e-01     0.1776    95.6564     7.1177     7.7853    31.3651    31.3771    24.9419    24.9517    7.53475 0.0000e+00
        996     14.083     3.4967     3.4943   2.907862   2.908845     2.6288     2.6846      8.169     0.5197     3.2273 1.0790e-01     0.1773    95.6650     7.1129     7.7847    31.3646    31.3785    24.9415    24.9529    7.53476 0.0000e+00
        999     14.125     3.4964     3.4944   2.907875   2.908939     2.6288     2.6850      8.167     0.5343     3.2668 1.0790e-01     0.1776    95.6564     7.1129     7.7869    31.3649    31.3795    24.9418    24.9537    7.53478 0.0000e+00
       1002     14.167     3.4962     3.4945   2.907950   2.908976     2.6280     2.6850      8.169     0.5539     3.3457 1.0790e-01     0.1769    95.6737     7.1088     7.7844    31.3660    31.3799    24.9427    24.9539    7.53478 0.0000e+00
       1005     14.209     3.4959     3.4945   2.908356   2.908982     2.6284     2.6850      8.169     0.5588     3.3457 1.0790e-01     0.1776    95.6564     7.1107     7.7822    31.3711    31.3799    24.9468    24.9539    7.53457 0.0000e+00
       1008     14.256     3.4958     3.4944   2.908435   2.908970     2.6288     2.6850      8.169     0.5539     3.3457 1.0790e-01     0.1780    95.6477     7.1115     7.7805    31.3721    31.3798    24.9476    24.9539    7.53453 0.0000e+00
       1011     14.299     3.4956     3.4943   2.908692   2.909014     2.6284     2.6838      8.169     0.5539     3.3457 1.0790e-01     0.1776    95.6564     7.1102     7.7746    31.3754    31.3804    24.9502    24.9544    7.53442 0.0000e+00
       1014     14.341     3.4957     3.4942   2.908775   2.909039     2.6280     2.6850      8.169     0.5539     3.3457 1.0790e-01     0.1751    95.7172     7.1091     7.7770    31.3763    31.3808    24.9510    24.9546    7.53436 0.0000e+00
       1017     14.381     3.4955     3.4942   2.908678   2.909082     2.6276     2.6850      8.169     0.5392     3.3457 1.0790e-01     0.1747    95.7259     7.1088     7.7764    31.3752    31.3813    24.9501    24.9551    7.53443 0.0000e+00
       1020     14.425     3.4956     3.4940   2.908446   2.909092     2.6276     2.6850      8.169     0.5490     3.3457 1.0790e-01     0.1747    95.7259     7.1112     7.7754    31.3723    31.3816    24.9478    24.9553    7.53456 0.0000e+00
       1023     14.471     3.4957     3.4936   2.908376   2.909120     2.6288     2.6850      8.169     0.5490     3.3457 1.0790e-01     0.1747    95.7259     7.1152     7.7740    31.3714    31.3823    24.9471    24.9559    7.53460 0.0000e+00
