Datasets/AZMP/COO001/79001095.cnv
* Sea-Bird SBE 9 Data File:
* FileName = C:\CTDDATA\79001095.hex
* Software Version Seasave V 7.26.7.110
* Temperature SN = 5660
* Conductivity SN = 3698
* Number of Bytes Per Scan = 30
* Number of Voltage Words = 4
* Number of Scans Averaged by the Deck Unit = 1
* NMEA baud rate = 9600
** VESSEL/TRIP/SEQ STN:  79001095
** LATITUDE XX XX.XX N:  49 06.00 N
** LONGITUDE XX XX.XX W:  51 49.80 W
** SOUNDING DEPTH (M):  0296
** PROBE TYPE: S1257
** CTD NUMBER: 061
** COMMENTS (14 CHAR): BB-06
** BOTTLES:  20
** LEVELS: 5,5,5,5,10,20,20,20,20,30,40,50,50,50,75,100,100,100,150,BTM
** STICKERS: 435318 - 435337
** VNET: N
** DO2: N
# nquan = 22
# nvalues = 6310                        
# units = specified
# name 0 = scan: Scan Count
# name 1 = prDM: Pressure, Digiquartz [db]
# name 2 = t090C: Temperature [ITS-90, deg C]
# name 3 = t190C: Temperature, 2 [ITS-90, deg C]
# name 4 = c0S/m: Conductivity [S/m]
# name 5 = c1S/m: Conductivity, 2 [S/m]
# name 6 = sbeox0V: Oxygen raw, SBE 43 [V]
# name 7 = sbeox1V: Oxygen raw, SBE 43, 2 [V]
# name 8 = ph: pH
# name 9 = flECO-AFL: Fluorescence, WET Labs ECO-AFL/FL [mg/m^3]
# name 10 = wetCDOM: Fluorescence, WET Labs CDOM [mg/m^3]
# name 11 = par/sat/log: PAR/Logarithmic, Satlantic [umol photons/m^2/sec]
# name 12 = CStarAt0: Beam Attenuation, WET Labs C-Star [1/m]
# name 13 = CStarTr0: Beam Transmission, WET Labs C-Star [%]
# name 14 = sbeox0ML/L: Oxygen, SBE 43 [ml/l], WS = 2
# name 15 = sbeox1ML/L: Oxygen, SBE 43, 2 [ml/l], WS = 2
# name 16 = sal00: Salinity, Practical [PSU]
# name 17 = sal11: Salinity, Practical, 2 [PSU]
# name 18 = sigma-t00: Density [sigma-t, kg/m^3 ]
# name 19 = sigma-t11: Density, 2 [sigma-t, kg/m^3 ]
# name 20 = oxsatML/L: Oxygen Saturation, Weiss [ml/l]
# name 21 = flag: flag
# span 0 =         94,      77767       
# span 1 =      1.224,    285.834       
# span 2 =     0.5341,     2.4610       
# span 3 =     0.5020,     2.4614       
# span 4 =   2.828022,   3.080204       
# span 5 =   2.825533,   3.080437       
# span 6 =     2.3091,     2.7560       
# span 7 =     2.2803,     2.7185       
# span 8 =      8.082,      8.198       
# span 9 =    -0.0127,     1.1497       
# span 10 =    -0.8785,     1.9245      
# span 11 = 1.0666e-01, 6.0093e-01      
# span 12 =     0.0574,     0.3454      
# span 13 =    91.7286,    98.5761      
# span 14 =     6.3140,     7.7293      
# span 15 =     6.6071,     8.1147      
# span 16 =    32.8080,    34.4495      
# span 17 =    32.8110,    34.3697      
# span 18 =    26.1961,    27.5222      
# span 19 =    26.1980,    27.4311      
# span 20 =    7.58008,    8.02143      
# span 21 = 0.0000e+00, 0.0000e+00      
# interval = scans: 3                   
# start_time = Dec 02 2019 22:21:37 [System UTC, header]
# bad_flag = -9.990e-29
*END*
[from data line 4017]
      27876    181.306     1.0497     1.0287   2.909896   2.906498     2.4385     2.4091      8.126    -0.0029     1.6876 1.0790e-01     0.0690    98.2894     6.9677     7.3012    33.8036    33.7826    27.0802    27.0647    7.88994 0.0000e+00
      27879    181.250     1.0493     1.0231   2.910579   2.906543     2.4381     2.4091      8.126    -0.0029     1.6876 1.0790e-01     0.0683    98.3067     6.9655     7.3020    33.8128    33.7893    27.0876    27.0705    7.88952 0.0000e+00
      27882    181.198     1.0497     1.0319   2.910539   2.908874     2.4381     2.4083      8.126     0.0020     1.6876 1.0802e-01     0.0687    98.2980     6.9631     7.2953    33.8119    33.8098    27.0869    27.0863    7.88949 0.0000e+00
      27885    181.147     1.0482     1.0412   2.909929   2.909977     2.4381     2.4087      8.126    -0.0029     1.5692 1.0802e-01     0.0683    98.3067     6.9631     7.2965    33.8057    33.8139    27.0820    27.0890    7.89012 0.0000e+00
      27888    181.100     1.0452     1.0391   2.909211   2.908597     2.4376     2.4083      8.126    -0.0029     1.5692 1.0815e-01     0.0683    98.3067     6.9618     7.2961    33.7997    33.7985    27.0774    27.0768    7.89105 0.0000e+00
      27891    181.061     1.0413     1.0367   2.908466   2.909140     2.4372     2.4087      8.126    -0.0029     1.5692 1.0802e-01     0.0683    98.3067     6.9622     7.2979    33.7944    33.8081    27.0734    27.0847    7.89214 0.0000e+00
      27894    181.022     1.0385     1.0390   2.908134   2.909479     2.4368     2.4079      8.126     0.0020     1.5692 1.0790e-01     0.0687    98.2980     6.9629     7.2932    33.7932    33.8099    27.0726    27.0860    7.89279 0.0000e+00
      27897    180.990     1.0373     1.0378   2.908248   2.908698     2.4381     2.4075      8.126    -0.0029     1.5692 1.0790e-01     0.0694    98.2807     6.9671     7.2924    33.7960    33.8012    27.0749    27.0791    7.89289 0.0000e+00
      27983    180.931     1.0328     1.0259   2.908058   2.908195     2.4360     2.4063      8.126     0.0117     1.6481 1.0790e-01     0.0708    98.2459     6.9683     7.3076    33.7984    33.8077    27.0772    27.0850    7.89367 0.0000e+00
      28028    180.801     1.0298     1.0223   2.907515   2.907635     2.4348     2.4055      8.126     0.0117     1.6876 1.0790e-01     0.0711    98.2372     6.9700     7.3146    33.7948    33.8045    27.0744    27.0827    7.89449 0.0000e+00
      28031    180.668     1.0287     1.0168   2.907445   2.905873     2.4344     2.4055      8.126     0.0117     1.6876 1.0790e-01     0.0715    98.2285     6.9715     7.3158    33.7952    33.7879    27.0748    27.0697    7.89470 0.0000e+00
      28034    180.534     1.0282     1.0088   2.907318   2.905133     2.4348     2.4055      8.126     0.0117     1.6876 1.0790e-01     0.0715    98.2285     6.9749     7.3181    33.7942    33.7872    27.0740    27.0696    7.89486 0.0000e+00
      28037    180.403     1.0272     1.0092   2.907196   2.905321     2.4352     2.4055      8.124     0.0117     1.6876 1.0790e-01     0.0708    98.2459     6.9791     7.3215    33.7938    33.7892    27.0738    27.0712    7.89509 0.0000e+00
      28040    180.273     1.0271     1.0108   2.907223   2.904812     2.4348     2.4055      8.126     0.0166     1.6481 1.0790e-01     0.0683    98.3067     6.9784     7.3234    33.7943    33.7810    27.0742    27.0646    7.89508 0.0000e+00
      28043    180.143     1.0259     1.0085   2.906631   2.905830     2.4348     2.4055      8.126     0.0117     1.5692 1.0790e-01     0.0683    98.3067     6.9809     7.3254    33.7881    33.7967    27.0692    27.0773    7.89565 0.0000e+00
      28046    180.018     1.0240     1.0186   2.906177   2.907815     2.4356     2.4059      8.126     0.0117     1.5692 1.0790e-01     0.0683    98.3067     6.9892     7.3251    33.7843    33.8113    27.0664    27.0883    7.89624 0.0000e+00
      28049    179.898     1.0203     1.0214   2.905323   2.907027     2.4360     2.4059      8.126     0.0117     1.5692 1.0790e-01     0.0683    98.3067     6.9961     7.3236    33.7775    33.7982    27.0611    27.0777    7.89738 0.0000e+00
      28052    179.784     1.0181     0.9972   2.905511   2.901457     2.4360     2.4055      8.126     0.0166     1.5692 1.0790e-01     0.0687    98.2980     6.9964     7.3275    33.7824    33.7529    27.0652    27.0428    7.89757 0.0000e+00
      28055    179.675     1.0174     0.9490   2.905695   2.895930     2.4360     2.4055      8.126     0.0117     1.5692 1.0790e-01     0.0683    98.3067     6.9974     7.3365    33.7856    33.7342    27.0678    27.0308    7.89754 0.0000e+00
      28058    179.573     1.0174     0.9200   2.905577   2.893627     2.4364     2.4055      8.126     0.0166     1.5692 1.0790e-01     0.0679    98.3154     7.0004     7.3406    33.7841    33.7360    27.0666    27.0340    7.89762 0.0000e+00
      28061    179.481     1.0155     0.8989   2.905024   2.891930     2.4372     2.4067      8.126     0.0117     1.5692 1.0790e-01     0.0672    98.3328     7.0039     7.3475    33.7791    33.7371    27.0627    27.0363    7.89828 0.0000e+00
      28064    179.396     1.0133     0.8893   2.904765   2.891651     2.4364     2.4063      8.126     0.0166     1.5692 1.0790e-01     0.0672    98.3328     7.0020     7.3457    33.7782    33.7439    27.0621    27.0423    7.89878 0.0000e+00
      28067    179.321     1.0117     0.8895   2.904614   2.893307     2.4372     2.4063      8.126     0.0117     1.5692 1.0790e-01     0.0676    98.3241     7.0052     7.3426    33.7781    33.7651    27.0622    27.0594    7.89912 0.0000e+00
      28070    179.254     1.0107     0.8955   2.904503   2.894432     2.4389     2.4063      8.126     0.0117     1.5692 1.0790e-01     0.0672    98.3328     7.0097     7.3395    33.7777    33.7731    27.0619    27.0654    7.89933 0.0000e+00
      28073    179.197     1.0096     0.9099   2.904160   2.895509     2.4385     2.4055      8.126     0.0117     1.5692 1.0790e-01     0.0672    98.3328     7.0100     7.3336    33.7745    33.7714    27.0594    27.0632    7.89973 0.0000e+00
      28076    179.150     1.0078     0.9208   2.904187   2.895933     2.4368     2.4055      8.126     0.0117     1.5692 1.0790e-01     0.0676    98.3241     7.0039     7.3305    33.7768    33.7651    27.0614    27.0574    7.89998 0.0000e+00
      28079    179.110     1.0050     0.9274   2.904401   2.896081     2.4393     2.4055      8.126     0.0068     1.5692 1.0790e-01     0.0662    98.3589     7.0113     7.3278    33.7827    33.7599    27.0663    27.0528    7.90025 0.0000e+00
      28082    179.071     1.0070     0.9291   2.904936   2.896080     2.4389     2.4055      8.126     0.0117     1.5692 1.0790e-01     0.0651    98.3849     7.0082     7.3259    33.7874    33.7580    27.0700    27.0512    7.89958 0.0000e+00
      28085    179.037     1.0112     0.9274   2.905764   2.896054     2.4385     2.4055      8.126     0.0117     1.5692 1.0790e-01     0.0651    98.3849     7.0051     7.3261    33.7936    33.7596    27.0746    27.0526    7.89839 0.0000e+00
      28088    179.007     1.0151     0.9311   2.906175   2.896358     2.4397     2.4055      8.126     0.0166     1.5692 1.0790e-01     0.0651    98.3849     7.0077     7.3274    33.7946    33.7595    27.0752    27.0523    7.89753 0.0000e+00
      28238    178.642     0.9432     0.8950   2.897401   2.892762     2.4442     2.4059      8.126     0.0117     1.5692 1.0790e-01     0.0651    98.3849     7.0270     7.3619    33.7599    33.7525    27.0519    27.0489    7.91422 0.0000e+00
      28258    178.525     0.9532     0.9066   2.899234   2.893543     2.4446     2.4067      8.126     0.0117     1.5692 1.0790e-01     0.0648    98.3936     7.0232     7.3636    33.7728    33.7500    27.0616    27.0462    7.91147 0.0000e+00
      28264    178.480     0.9641     0.9082   2.900658   2.893646     2.4434     2.4067      8.126     0.0117     1.5692 1.0790e-01     0.0651    98.3849     7.0141     7.3638    33.7794    33.7496    27.0661    27.0458    7.90888 0.0000e+00
      28267    178.458     0.9672     0.9051   2.900918   2.893756     2.4450     2.4071      8.126     0.0117     1.5692 1.0790e-01     0.0648    98.3936     7.0174     7.3676    33.7792    33.7544    27.0659    27.0498    7.90823 0.0000e+00
      28276    178.402     0.9780     0.9091   2.901536   2.893943     2.4446     2.4079      8.126     0.0117     1.5692 1.0790e-01     0.0641    98.4110     7.0098     7.3726    33.7755    33.7525    27.0622    27.0480    7.90620 0.0000e+00
      28279    178.380     0.9776     0.9090   2.900966   2.893846     2.4438     2.4071      8.126     0.0117     1.5692 1.0790e-01     0.0651    98.3849     7.0071     7.3709    33.7687    33.7514    27.0567    27.0472    7.90666 0.0000e+00
      28282    178.358     0.9763     0.9063   2.899612   2.893704     2.4446     2.4079      8.126     0.0117     1.5692 1.0790e-01     0.0644    98.4023     7.0087     7.3740    33.7526    33.7525    27.0439    27.0482    7.90777 0.0000e+00
      28285    178.332     0.9683     0.9034   2.898086   2.893703     2.4442     2.4083      8.126     0.0117     1.5692 1.0790e-01     0.0641    98.4110     7.0088     7.3733    33.7417    33.7557    27.0356    27.0510    7.91001 0.0000e+00
      28288    178.307     0.9609     0.9060   2.898017   2.893877     2.4442     2.4083      8.126     0.0117     1.5692 1.0790e-01     0.0641    98.4110     7.0092     7.3684    33.7489    33.7552    27.0419    27.0504    7.91116 0.0000e+00
      28291    178.280     0.9584     0.9080   2.898741   2.894073     2.4430     2.4083      8.126     0.0166     1.5692 1.0790e-01     0.0641    98.4110     7.0034     7.3630    33.7609    33.7555    27.0517    27.0505    7.91103 0.0000e+00
      28294    178.249     0.9615     0.9099   2.899652   2.894158     2.4442     2.4079      8.126     0.0264     1.5692 1.0790e-01     0.0641    98.4110     7.0077     7.3559    33.7693    33.7546    27.0583    27.0497    7.90994 0.0000e+00
      28297    178.215     0.9644     0.9115   2.900425   2.894326     2.4442     2.4091      8.126     0.0264     1.5692 1.0815e-01     0.0641    98.4110     7.0085     7.3559    33.7761    33.7550    27.0635    27.0499    7.90897 0.0000e+00
      28300    178.181     0.9696     0.9139   2.901159   2.894421     2.4442     2.4091      8.126     0.0313     1.5692 1.0815e-01     0.0644    98.4023     7.0095     7.3530    33.7800    33.7537    27.0663    27.0486    7.90771 0.0000e+00
      28303    178.141     0.9747     0.9155   2.901274   2.894503     2.4434     2.4091      8.126     0.0313     1.5692 1.0815e-01     0.0641    98.4110     7.0072     7.3498    33.7760    33.7530    27.0628    27.0481    7.90687 0.0000e+00
      28306    178.098     0.9765     0.9147   2.901184   2.894453     2.4430     2.4091      8.126     0.0264     1.5692 1.0827e-01     0.0641    98.4110     7.0072     7.3449    33.7728    33.7532    27.0601    27.0482    7.90665 0.0000e+00
      28309    178.051     0.9775     0.9140   2.901199   2.894270     2.4434     2.4083      8.126     0.0264     1.5692 1.0827e-01     0.0641    98.4110     7.0118     7.3403    33.7720    33.7516    27.0594    27.0470    7.90650 0.0000e+00
      28312    178.001     0.9782     0.9128   2.901275   2.894173     2.4438     2.4079      8.126     0.0313     1.5692 1.0827e-01     0.0641    98.4110     7.0157     7.3355    33.7723    33.7518    27.0596    27.0472    7.90634 0.0000e+00
      28315    177.947     0.9785     0.9127   2.901392   2.894206     2.4434     2.4079      8.126     0.0264     1.5692 1.0827e-01     0.0641    98.4110     7.0166     7.3332    33.7734    33.7523    27.0605    27.0477    7.90621 0.0000e+00
      28318    177.889     0.9784     0.9112   2.901275   2.893790     2.4438     2.4079      8.126     0.0166     1.5692 1.0815e-01     0.0641    98.4110     7.0180     7.3304    33.7720    33.7486    27.0594    27.0448    7.90631 0.0000e+00
      28321    177.826     0.9794     0.9066   2.901824   2.893195     2.4438     2.4079      8.126     0.0117     1.5692 1.0827e-01     0.0658    98.3676     7.0207     7.3274    33.7781    33.7459    27.0642    27.0429    7.90578 0.0000e+00
      28324    177.761     0.9835     0.9023   2.902641   2.892948     2.4438     2.4079      8.126     0.0117     1.5692 1.0815e-01     0.0662    98.3589     7.0224     7.3278    33.7841    33.7475    27.0688    27.0444    7.90460 0.0000e+00
      28327    177.696     0.9869     0.8990   2.902862   2.893043     2.4442     2.4079      8.126     0.0117     1.5692 1.0815e-01     0.0662    98.3589     7.0276     7.3302    33.7833    33.7523    27.0679    27.0485    7.90394 0.0000e+00
      28330    177.627     0.9906     0.9068   2.903264   2.893747     2.4446     2.4079      8.126     0.0117     1.5692 1.0802e-01     0.0662    98.3589     7.0275     7.3309    33.7845    33.7530    27.0687    27.0486    7.90312 0.0000e+00
      28333    177.555     0.9938     0.8946   2.903471   2.891626     2.4450     2.4079      8.126     0.0117     1.5692 1.0827e-01     0.0662    98.3589     7.0282     7.3355    33.7838    33.7389    27.0679    27.0380    7.90250 0.0000e+00
      28336    177.481     0.9962     0.8770   2.903514   2.890099     2.4450     2.4071      8.126     0.0117     1.5692 1.0815e-01     0.0662    98.3589     7.0273     7.3378    33.7818    33.7384    27.0661    27.0387    7.90212 0.0000e+00
      28339    177.406     0.9971     0.8631   2.903284   2.887623     2.4454     2.4079      8.126     0.0117     1.5692 1.0827e-01     0.0665    98.3502     7.0282     7.3438    33.7779    33.7216    27.0629    27.0260    7.90214 0.0000e+00
      28342    177.329     0.9965     0.8308   2.903194   2.883686     2.4450     2.4067      8.126     0.0117     1.5692 1.0827e-01     0.0676    98.3241     7.0228     7.3466    33.7775    33.7059    27.0626    27.0154    7.90229 0.0000e+00
      28345    177.253     0.9951     0.8211   2.902535   2.883068     2.4458     2.4067      8.126     0.0117     1.5692 1.0827e-01     0.0676    98.3241     7.0230     7.3496    33.7706    33.7085    27.0571    27.0181    7.90295 0.0000e+00
      28348    177.181     0.9924     0.8110   2.902205   2.884148     2.4462     2.4067      8.126     0.0166     1.5692 1.0827e-01     0.0676    98.3241     7.0210     7.3538    33.7693    33.7334    27.0563    27.0387    7.90357 0.0000e+00
      28351    177.107     0.9878     0.8166   2.900517   2.884874     2.4466     2.4071      8.126     0.0068     1.5692 1.0827e-01     0.0679    98.3154     7.0207     7.3566    33.7526    33.7368    27.0432    27.0411    7.90542 0.0000e+00
      28354    177.032     0.9745     0.8177   2.899426   2.884548     2.4458     2.4071      8.126     0.0117     1.5692 1.0815e-01     0.0683    98.3067     7.0153     7.3591    33.7530    33.7313    27.0444    27.0367    7.90814 0.0000e+00
      28357    176.962     0.9697     0.8153   2.900232   2.884816     2.4466     2.4067      8.126     0.0117     1.4507 1.0815e-01     0.0672    98.3328     7.0145     7.3624    33.7686    33.7375    27.0572    27.0418    7.90829 0.0000e+00
      28360    176.892     0.9712     0.8219   2.900705   2.885726     2.4458     2.4071      8.126     0.0117     1.4507 1.0827e-01     0.0676    98.3241     7.0076     7.3656    33.7731    33.7421    27.0608    27.0451    7.90774 0.0000e+00
      28363    176.828     0.9725     0.8258   2.900617   2.885920     2.4462     2.4067      8.126     0.0117     1.4507 1.0827e-01     0.0662    98.3589     7.0065     7.3666    33.7706    33.7404    27.0586    27.0434    7.90760 0.0000e+00
      28366    176.764     0.9708     0.8308   2.899414   2.887340     2.4442     2.4067      8.126     0.0117     1.4507 1.0815e-01     0.0662    98.3589     6.9973     7.3689    33.7570    33.7533    27.0478    27.0535    7.90868 0.0000e+00
