Datasets/AZMP/COO001/79001032.cnv
* Sea-Bird SBE 9 Data File:
* FileName = C:\CTDDATA\79001032.hex
* Software Version Seasave V 7.26.7.110
* Temperature SN = 5660
* Conductivity SN = 3698
* Number of Bytes Per Scan = 30
* Number of Voltage Words = 4
* Number of Scans Averaged by the Deck Unit = 1
* NMEA baud rate = 9600
** VESSEL/TRIP/SEQ STN:  79001032
** LATITUDE XX XX.XX N:  42 51.00 N
** LONGITUDE XX XX.XX W:  49 53.20 W
** SOUNDING DEPTH (M):  0407
** PROBE TYPE: S1257
** CTD NUMBER: 019
** COMMENTS (14 CHAR): SEGB-15
** BOTTLES:  21
** LEVELS: 5,5,5,5,10,20,20,20,20,30,40,50,50,50,75,100,100,100,150,250,BTM
** STICKERS: 434830 - 434850
** VNET: Y
** DO2: N
# nquan = 22
# nvalues = 9409                        
# units = specified
# name 0 = scan: Scan Count
# name 1 = prDM: Pressure, Digiquartz [db]
# name 2 = t090C: Temperature [ITS-90, deg C]
# name 3 = t190C: Temperature, 2 [ITS-90, deg C]
# name 4 = c0S/m: Conductivity [S/m]
# name 5 = c1S/m: Conductivity, 2 [S/m]
# name 6 = sbeox0V: Oxygen raw, SBE 43 [V]
# name 7 = sbeox1V: Oxygen raw, SBE 43, 2 [V]
# name 8 = ph: pH
# name 9 = flECO-AFL: Fluorescence, WET Labs ECO-AFL/FL [mg/m^3]
# name 10 = wetCDOM: Fluorescence, WET Labs CDOM [mg/m^3]
# name 11 = par/sat/log: PAR/Logarithmic, Satlantic [umol photons/m^2/sec]
# name 12 = CStarAt0: Beam Attenuation, WET Labs C-Star [1/m]
# name 13 = CStarTr0: Beam Transmission, WET Labs C-Star [%]
# name 14 = sbeox0ML/L: Oxygen, SBE 43 [ml/l], WS = 2
# name 15 = sbeox1ML/L: Oxygen, SBE 43, 2 [ml/l], WS = 2
# name 16 = sal00: Salinity, Practical [PSU]
# name 17 = sal11: Salinity, Practical, 2 [PSU]
# name 18 = sigma-t00: Density [sigma-t, kg/m^3 ]
# name 19 = sigma-t11: Density, 2 [sigma-t, kg/m^3 ]
# name 20 = oxsatML/L: Oxygen Saturation, Weiss [ml/l]
# name 21 = flag: flag
# span 0 =         81,      98055       
# span 1 =      0.520,    403.232       
# span 2 =     0.3449,     3.5505       
# span 3 =     0.3440,     3.5565       
# span 4 =   2.809306,   3.111170       
# span 5 =   0.697368,   3.111284       
# span 6 =     2.5194,     2.9753       
# span 7 =     2.3389,     2.7691       
# span 8 =      8.037,      8.152       
# span 9 =    -0.0078,     1.9849       
# span 10 =    -0.9969,     1.9245      
# span 11 = 1.0777e-01, 8.3687e+01      
# span 12 =     0.0637,     0.9646      
# span 13 =    78.5722,    98.4197      
# span 14 =     7.0898,     8.2660      
# span 15 =     5.8256,     6.8773      
# span 16 =    30.4717,    34.4135      
# span 17 =     6.7156,    34.4104      
# span 18 =    24.2552,    27.4458      
# span 19 =     5.3512,    27.4395      
# span 20 =    7.43766,    8.06113      
# span 21 = 0.0000e+00, 0.0000e+00      
# interval = scans: 3                   
# start_time = Nov 25 2019 10:45:21 [System UTC, header]
# bad_flag = -9.990e-29
*END*
[from data line 7704]
      55293    125.303     1.5591     1.5504   2.963355   2.962164     2.6119     2.4236      8.056     0.0313     1.6876 1.0827e-01     0.0874    97.8375     7.4224     6.1268    33.9662    33.9605    27.1762    27.1722    7.77783 0.0000e+00
      55296    125.224     1.5581     1.5505   2.962962   2.962114     2.6115     2.4228      8.056     0.0313     1.6876 1.0802e-01     0.0874    97.8375     7.4211     6.1231    33.9623    33.9598    27.1731    27.1717    7.77822 0.0000e+00
      55299    125.150     1.5571     1.5501   2.962808   2.962119     2.6119     2.4224      8.056     0.0215     1.6876 1.0815e-01     0.0874    97.8375     7.4232     6.1219    33.9614    33.9603    27.1725    27.1721    7.77847 0.0000e+00
      55302    125.080     1.5562     1.5509   2.962694   2.962253     2.6111     2.4228      8.056     0.0215     1.6876 1.0815e-01     0.0874    97.8375     7.4217     6.1234    33.9610    33.9612    27.1722    27.1728    7.77867 0.0000e+00
      55305    125.012     1.5556     1.5514   2.962703   2.962425     2.6115     2.4232      8.056     0.0264     1.6876 1.0815e-01     0.0874    97.8375     7.4232     6.1252    33.9618    33.9629    27.1730    27.1741    7.77875 0.0000e+00
      55308    124.951     1.5556     1.5519   2.962860   2.962437     2.6119     2.4224      8.056     0.0264     1.6876 1.0827e-01     0.0874    97.8375     7.4249     6.1232    33.9639    33.9626    27.1746    27.1738    7.77864 0.0000e+00
      55311    124.894     1.5562     1.5517   2.962986   2.962422     2.6119     2.4224      8.056     0.0264     1.6876 1.0815e-01     0.0881    97.8201     7.4261     6.1236    33.9648    33.9626    27.1753    27.1738    7.77847 0.0000e+00
      55314    124.843     1.5563     1.5522   2.962851   2.962563     2.6119     2.4224      8.056     0.0361     1.6876 1.0815e-01     0.0885    97.8114     7.4262     6.1239    33.9631    33.9638    27.1739    27.1748    7.77855 0.0000e+00
      55317    124.799     1.5561     1.5526   2.962883   2.962574     2.6111     2.4224      8.056     0.0264     1.6876 1.0815e-01     0.0881    97.8201     7.4243     6.1252    33.9636    33.9636    27.1744    27.1746    7.77855 0.0000e+00
      55320    124.763     1.5572     1.5525   2.963744   2.962491     2.6119     2.4224      8.056     0.0215     1.6087 1.0790e-01     0.0878    97.8288     7.4272     6.1244    33.9735    33.9627    27.1822    27.1739    7.77783 0.0000e+00
      55323    124.731     1.5586     1.5521   2.963989   2.962391     2.6119     2.4224      8.056     0.0313     1.5692 1.0790e-01     0.0885    97.8114     7.4270     6.1233    33.9750    33.9619    27.1833    27.1732    7.77745 0.0000e+00
      55326    124.702     1.5592     1.5513   2.964007   2.962246     2.6123     2.4224      8.056     0.0264     1.5692 1.0790e-01     0.0885    97.8114     7.4297     6.1235    33.9747    33.9608    27.1830    27.1725    7.77735 0.0000e+00
      55347    124.662     1.5570     1.5501   2.963312   2.962073     2.6131     2.4224      8.056     0.0313     1.5692 1.0790e-01     0.0881    97.8201     7.4323     6.1311    33.9682    33.9600    27.1780    27.1719    7.77813 0.0000e+00
      55387    124.607     1.5506     1.5497   2.962012   2.962071     2.6144     2.4224      8.056     0.0215     1.5692 1.0790e-01     0.0881    97.8201     7.4347     6.1419    33.9588    33.9605    27.1708    27.1723    7.77992 0.0000e+00
      55390    124.578     1.5504     1.5523   2.962297   2.962601     2.6144     2.4224      8.056     0.0264     1.5692 1.0790e-01     0.0874    97.8375     7.4335     6.1400    33.9626    33.9644    27.1740    27.1752    7.77976 0.0000e+00
      55393    124.545     1.5514     1.5555   2.963008   2.962996     2.6148     2.4224      8.056     0.0264     1.5692 1.0790e-01     0.0874    97.8375     7.4322     6.1394    33.9705    33.9660    27.1802    27.1763    7.77913 0.0000e+00
      55396    124.509     1.5540     1.5548   2.963263   2.962729     2.6144     2.4232      8.056     0.0264     1.5692 1.0790e-01     0.0878    97.8288     7.4293     6.1421    33.9709    33.9633    27.1803    27.1742    7.77859 0.0000e+00
      55399    124.469     1.5551     1.5528   2.963143   2.962459     2.6148     2.4236      8.056     0.0264     1.5692 1.0790e-01     0.0874    97.8375     7.4298     6.1450    33.9682    33.9620    27.1781    27.1733    7.77851 0.0000e+00
      55402    124.423     1.5553     1.5525   2.962913   2.962512     2.6144     2.4232      8.056     0.0215     1.5692 1.0790e-01     0.0881    97.8201     7.4270     6.1439    33.9652    33.9631    27.1756    27.1742    7.77863 0.0000e+00
      55405    124.373     1.5536     1.5525   2.962202   2.962533     2.6144     2.4236      8.056     0.0264     1.5692 1.0790e-01     0.0874    97.8375     7.4262     6.1451    33.9580    33.9634    27.1700    27.1744    7.77935 0.0000e+00
      55408    124.319     1.5515     1.5532   2.961530   2.962865     2.6144     2.4236      8.056     0.0313     1.5692 1.0790e-01     0.0874    97.8375     7.4256     6.1452    33.9518    33.9669    27.1652    27.1772    7.78010 0.0000e+00
      55411    124.262     1.5485     1.5547   2.961207   2.963186     2.6144     2.4236      8.056     0.0117     1.5692 1.0790e-01     0.0878    97.8288     7.4261     6.1430    33.9509    33.9694    27.1647    27.1791    7.78074 0.0000e+00
      55414    124.201     1.5468     1.5556   2.961047   2.963206     2.6140     2.4236      8.056     0.0117     1.5692 1.0790e-01     0.0878    97.8288     7.4238     6.1409    33.9509    33.9687    27.1648    27.1785    7.78109 0.0000e+00
      55417    124.136     1.5452     1.5560   2.960953   2.963232     2.6140     2.4236      8.058     0.0117     1.5692 1.0790e-01     0.0881    97.8201     7.4229     6.1383    33.9514    33.9687    27.1653    27.1784    7.78138 0.0000e+00
      55420    124.068     1.5442     1.5566   2.960791   2.963324     2.6135     2.4240      8.056     0.0117     1.5692 1.0790e-01     0.0878    97.8288     7.4215     6.1376    33.9505    33.9692    27.1646    27.1788    7.78164 0.0000e+00
      55423    123.996     1.5435     1.5564   2.960766   2.963215     2.6144     2.4240      8.056     0.0166     1.5692 1.0790e-01     0.0881    97.8201     7.4234     6.1371    33.9509    33.9680    27.1651    27.1778    7.78175 0.0000e+00
      55426    123.921     1.5432     1.5549   2.960744   2.962731     2.6131     2.4240      8.056     0.0117     1.4507 1.0790e-01     0.0874    97.8375     7.4194     6.1371    33.9510    33.9636    27.1651    27.1744    7.78180 0.0000e+00
      55429    123.841     1.5434     1.5530   2.960991   2.962539     2.6135     2.4244      8.056     0.0166     1.4507 1.0790e-01     0.0871    97.8462     7.4207     6.1383    33.9540    33.9632    27.1676    27.1742    7.78162 0.0000e+00
      55432    123.758     1.5449     1.5527   2.961619   2.962541     2.6131     2.4244      8.056     0.0166     1.4507 1.0790e-01     0.0871    97.8462     7.4182     6.1389    33.9604    33.9637    27.1725    27.1746    7.78097 0.0000e+00
      55435    123.675     1.5470     1.5530   2.961806   2.962625     2.6131     2.4236      8.058     0.0117     1.4507 1.0790e-01     0.0874    97.8375     7.4184     6.1361    33.9605    33.9644    27.1725    27.1752    7.78054 0.0000e+00
      55438    123.590     1.5483     1.5537   2.961863   2.962841     2.6131     2.4240      8.056     0.0117     1.4507 1.0790e-01     0.0871    97.8462     7.4192     6.1370    33.9599    33.9665    27.1719    27.1768    7.78032 0.0000e+00
      55441    123.500     1.5489     1.5548   2.961757   2.963048     2.6127     2.4236      8.056     0.0117     1.4507 1.0777e-01     0.0874    97.8375     7.4185     6.1364    33.9580    33.9680    27.1703    27.1779    7.78030 0.0000e+00
      55444    123.410     1.5490     1.5552   2.961725   2.962974     2.6127     2.4240      8.056     0.0117     1.4507 1.0790e-01     0.0874    97.8375     7.4194     6.1363    33.9575    33.9667    27.1700    27.1768    7.78030 0.0000e+00
      55447    123.319     1.5491     1.5533   2.961741   2.962455     2.6127     2.4240      8.056     0.0117     1.4507 1.0790e-01     0.0874    97.8375     7.4209     6.1387    33.9576    33.9622    27.1700    27.1734    7.78027 0.0000e+00
      55450    123.223     1.5492     1.5512   2.961724   2.962239     2.6123     2.4240      8.056     0.0117     1.4507 1.0790e-01     0.0874    97.8375     7.4221     6.1399    33.9574    33.9618    27.1698    27.1732    7.78027 0.0000e+00
      55453    123.127     1.5472     1.5515   2.960599   2.962543     2.6127     2.4244      8.058     0.0117     1.5692 1.0790e-01     0.0874    97.8375     7.4261     6.1412    33.9453    33.9654    27.1603    27.1760    7.78130 0.0000e+00
      55456    123.029     1.5433     1.5526   2.959929   2.962532     2.6123     2.4248      8.056     0.0117     1.5692 1.0790e-01     0.0874    97.8375     7.4286     6.1436    33.9412    33.9640    27.1572    27.1749    7.78231 0.0000e+00
      55459    122.933     1.5420     1.5469   2.960630   2.960759     2.6123     2.4244      8.056     0.0117     1.5692 1.0790e-01     0.0874    97.8375     7.4300     6.1446    33.9515    33.9478    27.1656    27.1623    7.78203 0.0000e+00
      55462    122.835     1.5426     1.5362   2.960650   2.959040     2.6127     2.4244      8.056     0.0117     1.5692 1.0790e-01     0.0874    97.8375     7.4332     6.1471    33.9511    33.9376    27.1653    27.1549    7.78192 0.0000e+00
      55465    122.736     1.5418     1.5284   2.960072   2.958083     2.6127     2.4248      8.056     0.0117     1.5692 1.0790e-01     0.0874    97.8375     7.4361     6.1501    33.9447    33.9340    27.1602    27.1525    7.78242 0.0000e+00
      55468    122.641     1.5394     1.5237   2.959705   2.957647     2.6123     2.4244      8.058     0.0068     1.5692 1.0790e-01     0.0874    97.8375     7.4375     6.1488    33.9426    33.9336    27.1587    27.1526    7.78300 0.0000e+00
      55471    122.544     1.5389     1.5212   2.960322   2.957450     2.6131     2.4252      8.056     0.0117     1.5692 1.0790e-01     0.0874    97.8375     7.4410     6.1508    33.9511    33.9339    27.1655    27.1530    7.78266 0.0000e+00
      55474    122.447     1.5402     1.5202   2.960365   2.957388     2.6131     2.4248      8.056     0.0117     1.5692 1.0790e-01     0.0874    97.8375     7.4421     6.1494    33.9504    33.9342    27.1648    27.1533    7.78245 0.0000e+00
      55477    122.354     1.5384     1.5197   2.959184   2.957342     2.6135     2.4248      8.056     0.0117     1.5297 1.0790e-01     0.0874    97.8375     7.4442     6.1488    33.9374    33.9342    27.1546    27.1533    7.78349 0.0000e+00
      55480    122.261     1.5362     1.5190   2.959134   2.957218     2.6135     2.4248      8.056     0.0117     1.5297 1.0790e-01     0.0874    97.8375     7.4442     6.1486    33.9392    33.9334    27.1562    27.1527    7.78384 0.0000e+00
      55483    122.175     1.5350     1.5175   2.959006   2.956962     2.6140     2.4252      8.056     0.0166     1.5692 1.0790e-01     0.0878    97.8288     7.4454     6.1496    33.9389    33.9319    27.1560    27.1516    7.78409 0.0000e+00
      55486    122.090     1.5332     1.5135   2.958565   2.956438     2.6135     2.4252      8.056     0.0166     1.5692 1.0790e-01     0.0867    97.8549     7.4425     6.1501    33.9353    33.9295    27.1532    27.1500    7.78465 0.0000e+00
      55489    122.006     1.5314     1.5072   2.958442   2.955568     2.6144     2.4256      8.056     0.0117     1.5692 1.0790e-01     0.0864    97.8636     7.4446     6.1534    33.9357    33.9254    27.1537    27.1471    7.78499 0.0000e+00
      55492    121.926     1.5305     1.4959   2.958461   2.954260     2.6144     2.4248      8.056     0.0117     1.5692 1.0790e-01     0.0864    97.8636     7.4431     6.1528    33.9370    33.9210    27.1548    27.1444    7.78510 0.0000e+00
      55495    121.850     1.5289     1.4876   2.958085   2.954021     2.6144     2.4252      8.056     0.0117     1.5692 1.0790e-01     0.0864    97.8636     7.4421     6.1559    33.9339    33.9270    27.1525    27.1498    7.78557 0.0000e+00
      55498    121.778     1.5270     1.4927   2.957825   2.954984     2.6144     2.4256      8.056     0.0117     1.5692 1.0790e-01     0.0864    97.8636     7.4414     6.1560    33.9327    33.9338    27.1516    27.1549    7.78602 0.0000e+00
      55501    121.708     1.5258     1.4982   2.957774   2.955173     2.6140     2.4252      8.056     0.0068     1.5692 1.0790e-01     0.0864    97.8636     7.4387     6.1539    33.9334    33.9303    27.1522    27.1517    7.78623 0.0000e+00
      55504    121.640     1.5252     1.4943   2.957823   2.954486     2.6144     2.4252      8.059     0.0117     1.5692 1.0790e-01     0.0882    97.8201     7.4399     6.1538    33.9347    33.9258    27.1534    27.1484    7.78628 0.0000e+00
      55507    121.581     1.5258     1.4891   2.958024   2.954111     2.6144     2.4256      8.056     0.0117     1.5692 1.0790e-01     0.0889    97.8027     7.4385     6.1558    33.9367    33.9267    27.1550    27.1494    7.78606 0.0000e+00
      55510    121.522     1.5268     1.4870   2.958240   2.953990     2.6135     2.4252      8.056     0.0117     1.5692 1.0790e-01     0.0889    97.8027     7.4356     6.1553    33.9384    33.9274    27.1562    27.1502    7.78576 0.0000e+00
      55513    121.467     1.5282     1.4879   2.958605   2.954211     2.6144     2.4260      8.056     0.0117     1.5692 1.0790e-01     0.0892    97.7941     7.4391     6.1576    33.9416    33.9293    27.1586    27.1517    7.78532 0.0000e+00
      55516    121.417     1.5319     1.4905   2.959736   2.954574     2.6144     2.4260      8.056     0.0313     1.5692 1.0790e-01     0.0892    97.7941     7.4397     6.1572    33.9519    33.9312    27.1667    27.1530    7.78403 0.0000e+00
      55519    121.372     1.5367     1.4933   2.960407   2.955175     2.6144     2.4260      8.058     0.0264     1.5692 1.0790e-01     0.0885    97.8114     7.4409     6.1552    33.9553    33.9358    27.1691    27.1565    7.78290 0.0000e+00
      55522    121.333     1.5390     1.5017   2.960558   2.956070     2.6144     2.4256      8.056     0.0313     1.5692 1.0790e-01     0.0889    97.8027     7.4426     6.1521    33.9547    33.9381    27.1684    27.1578    7.78246 0.0000e+00
      55525    121.296     1.5406     1.5022   2.960509   2.955718     2.6144     2.4260      8.056     0.0264     1.5692 1.0790e-01     0.0878    97.8288     7.4446     6.1530    33.9524    33.9331    27.1664    27.1537    7.78226 0.0000e+00
      55528    121.265     1.5413     1.5011   2.960376   2.955439     2.6144     2.4256      8.059     0.0215     1.5692 1.0790e-01     0.0867    97.8549     7.4467     6.1509    33.9499    33.9308    27.1644    27.1519    7.78225 0.0000e+00
      55531    121.239     1.5409     1.4975   2.960194   2.955171     2.6144     2.4260      8.056     0.0313     1.6876 1.0790e-01     0.0874    97.8375     7.4487     6.1512    33.9481    33.9313    27.1630    27.1525    7.78243 0.0000e+00
      55576    121.166     1.5128     1.5169   2.955915   2.957439     2.6172     2.4244      8.058     0.0215     1.6876 1.0790e-01     0.0857    97.8809     7.4525     6.1496    33.9242    33.9392    27.1458    27.1575    7.78933 0.0000e+00
      55600    121.117     1.4883     1.5250   2.953915   2.958145     2.6184     2.4236      8.058     0.0117     1.6876 1.0790e-01     0.0846    97.9070     7.4510     6.1519    33.9253    33.9393    27.1484    27.1571    7.79420 0.0000e+00
      55603    121.086     1.4864     1.5219   2.955523   2.957721     2.6184     2.4244      8.060     0.0117     1.6876 1.0790e-01     0.0850    97.8983     7.4441     6.1564    33.9478    33.9374    27.1666    27.1557    7.79339 0.0000e+00
