Datasets/AZMP/COO001/79001081.cnv
* Sea-Bird SBE 9 Data File:
* FileName = C:\CTDDATA\79001081.hex
* Software Version Seasave V 7.26.7.110
* Temperature SN = 5660
* Conductivity SN = 3698
* Number of Bytes Per Scan = 30
* Number of Voltage Words = 4
* Number of Scans Averaged by the Deck Unit = 1
* NMEA baud rate = 9600
** VESSEL/TRIP/SEQ STN:  79001081
** LATITUDE XX XX.XX N:  48 09.43 N
** LONGITUDE XX XX.XX W:  53 42.05 W
** SOUNDING DEPTH (M):  0209
** PROBE TYPE: S1257
** CTD NUMBER: 048
** COMMENTS (14 CHAR): SS-09
** BOTTLES:  18
** LEVELS: 5,5,5,5,10,20,20,20,20,30,40,50,50,50,75,100,150,BTM
** STICKERS: 435225 - 435242
** VNET: Y
** DO2: N
# nquan = 22
# nvalues = 7842                        
# units = specified
# name 0 = scan: Scan Count
# name 1 = prDM: Pressure, Digiquartz [db]
# name 2 = t090C: Temperature [ITS-90, deg C]
# name 3 = t190C: Temperature, 2 [ITS-90, deg C]
# name 4 = c0S/m: Conductivity [S/m]
# name 5 = c1S/m: Conductivity, 2 [S/m]
# name 6 = sbeox0V: Oxygen raw, SBE 43 [V]
# name 7 = sbeox1V: Oxygen raw, SBE 43, 2 [V]
# name 8 = ph: pH
# name 9 = flECO-AFL: Fluorescence, WET Labs ECO-AFL/FL [mg/m^3]
# name 10 = wetCDOM: Fluorescence, WET Labs CDOM [mg/m^3]
# name 11 = par/sat/log: PAR/Logarithmic, Satlantic [umol photons/m^2/sec]
# name 12 = CStarAt0: Beam Attenuation, WET Labs C-Star [1/m]
# name 13 = CStarTr0: Beam Transmission, WET Labs C-Star [%]
# name 14 = sbeox0ML/L: Oxygen, SBE 43 [ml/l], WS = 2
# name 15 = sbeox1ML/L: Oxygen, SBE 43, 2 [ml/l], WS = 2
# name 16 = sal00: Salinity, Practical [PSU]
# name 17 = sal11: Salinity, Practical, 2 [PSU]
# name 18 = sigma-t00: Density [sigma-t, kg/m^3 ]
# name 19 = sigma-t11: Density, 2 [sigma-t, kg/m^3 ]
# name 20 = oxsatML/L: Oxygen Saturation, Weiss [ml/l]
# name 21 = flag: flag
# span 0 =        299,      56690       
# span 1 =      2.351,    196.826       
# span 2 =     0.1238,     3.4577       
# span 3 =     0.1217,     3.4573       
# span 4 =   2.762237,   2.931674       
# span 5 =   2.767085,   2.931853       
# span 6 =     2.3667,     2.7449       
# span 7 =     2.3325,     2.7067       
# span 8 =      8.031,      8.181       
# span 9 =     0.0166,     0.6857       
# span 10 =    -1.8260,     3.2273      
# span 11 = 1.0777e-01, 5.0611e+01      
# span 12 =     0.0821,     0.2307      
# span 13 =    94.3963,    97.9678      
# span 14 =     6.8083,     7.6015      
# span 15 =     7.2627,     7.9167      
# span 16 =    31.3337,    32.9916      
# span 17 =    31.3363,    32.9937      
# span 18 =    24.9237,    26.4790      
# span 19 =    24.9259,    26.4808      
# span 20 =    7.53332,    8.12936      
# span 21 = 0.0000e+00, 0.0000e+00      
# interval = scans: 3                   
# start_time = Dec 01 2019 18:23:20 [System UTC, header]
# bad_flag = -9.990e-29
*END*
[from data line 3359]
      10936    185.062     0.1902     0.1810   2.767507   2.767912     2.4104     2.3762      8.047     0.0410     1.9245 1.0802e-01     0.1780    95.6477     7.0724     7.3943    32.8809    32.8961    26.3864    26.3991    8.12115 0.0000e+00
      10939    185.097     0.1881     0.1807   2.767474   2.768033     2.4104     2.3758      8.047     0.0410     1.9245 1.0790e-01     0.1776    95.6564     7.0737     7.3922    32.8827    32.8980    26.3880    26.4007    8.12151 0.0000e+00
      10942    185.134     0.1862     0.1805   2.767447   2.768075     2.4104     2.3750      8.047     0.0410     1.9245 1.0790e-01     0.1776    95.6564     7.0735     7.3902    32.8844    32.8987    26.3894    26.4013    8.12183 0.0000e+00
      10945    185.168     0.1848     0.1804   2.767454   2.768286     2.4092     2.3750      8.047     0.0410     1.9640 1.0790e-01     0.1780    95.6477     7.0702     7.3871    32.8859    32.9015    26.3907    26.4035    8.12204 0.0000e+00
      10948    185.201     0.1834     0.1809   2.767455   2.768734     2.4100     2.3750      8.047     0.0410     2.0429 1.0790e-01     0.1780    95.6477     7.0714     7.3830    32.8875    32.9069    26.3920    26.4078    8.12226 0.0000e+00
      10951    185.235     0.1824     0.1813   2.767478   2.768971     2.4088     2.3750      8.047     0.0410     2.0429 1.0802e-01     0.1791    95.6216     7.0680     7.3810    32.8888    32.9095    26.3932    26.4099    8.12241 0.0000e+00
      10954    185.267     0.1815     0.1815   2.767460   2.769133     2.4088     2.3746      8.047     0.0410     2.0429 1.0790e-01     0.1787    95.6303     7.0692     7.3753    32.8895    32.9114    26.3938    26.4114    8.12256 0.0000e+00
      10957    185.300     0.1811     0.1817   2.767503   2.769158     2.4080     2.3738      8.047     0.0410     2.0429 1.0790e-01     0.1787    95.6303     7.0675     7.3703    32.8905    32.9115    26.3946    26.4115    8.12259 0.0000e+00
      10960    185.335     0.1810     0.1816   2.767632   2.769182     2.4080     2.3738      8.047     0.0410     2.0429 1.0790e-01     0.1791    95.6216     7.0665     7.3696    32.8922    32.9119    26.3960    26.4118    8.12251 0.0000e+00
      10963    185.368     0.1811     0.1817   2.768140   2.769237     2.4080     2.3738      8.047     0.0410     2.0429 1.0790e-01     0.1787    95.6303     7.0658     7.3701    32.8988    32.9125    26.4013    26.4123    8.12213 0.0000e+00
      10966    185.400     0.1815     0.1818   2.768626   2.769350     2.4071     2.3738      8.047     0.0459     2.0429 1.0790e-01     0.1787    95.6303     7.0637     7.3675    32.9047    32.9139    26.4061    26.4134    8.12171 0.0000e+00
      10969    185.432     0.1818     0.1819   2.768842   2.769381     2.4067     2.3725      8.047     0.0410     2.0429 1.0802e-01     0.1798    95.6042     7.0620     7.3596    32.9072    32.9141    26.4081    26.4136    8.12151 0.0000e+00
      10972    185.463     0.1820     0.1819   2.768946   2.769385     2.4063     2.3725      8.047     0.0410     2.0429 1.0790e-01     0.1795    95.6129     7.0614     7.3592    32.9083    32.9142    26.4089    26.4137    8.12140 0.0000e+00
      10975    185.494     0.1823     0.1820   2.769039   2.769460     2.4067     2.3717      8.047     0.0410     2.0429 1.0790e-01     0.1802    95.5955     7.0648     7.3563    32.9092    32.9150    26.4096    26.4143    8.12129 0.0000e+00
      10978    185.523     0.1822     0.1820   2.769261   2.769507     2.4063     2.3717      8.045     0.0410     2.0429 1.0790e-01     0.1798    95.6042     7.0634     7.3562    32.9122    32.9156    26.4121    26.4148    8.12115 0.0000e+00
      10981    185.554     0.1823     0.1822   2.769435   2.769577     2.4059     2.3713      8.047     0.0459     2.0429 1.0790e-01     0.1798    95.6042     7.0630     7.3542    32.9144    32.9164    26.4138    26.4154    8.12101 0.0000e+00
      10984    185.585     0.1823     0.1821   2.769667   2.769560     2.4047     2.3713      8.047     0.0410     2.0429 1.0802e-01     0.1802    95.5955     7.0580     7.3531    32.9174    32.9162    26.4163    26.4153    8.12084 0.0000e+00
      10987    185.617     0.1825     0.1821   2.769779   2.769528     2.4055     2.3709      8.045     0.0410     2.0429 1.0802e-01     0.1802    95.5955     7.0619     7.3499    32.9186    32.9158    26.4172    26.4149    8.12072 0.0000e+00
      10990    185.647     0.1827     0.1820   2.769817   2.769510     2.4047     2.3701      8.045     0.0410     2.0429 1.0790e-01     0.1838    95.5086     7.0589     7.3480    32.9189    32.9155    26.4174    26.4148    8.12067 0.0000e+00
      10993    185.677     0.1827     0.1820   2.769831   2.769499     2.4047     2.3701      8.044     0.0410     2.0429 1.0790e-01     0.1845    95.4912     7.0588     7.3503    32.9191    32.9155    26.4175    26.4147    8.12066 0.0000e+00
      10996    185.706     0.1826     0.1820   2.769878   2.769480     2.4047     2.3701      8.044     0.0410     2.0429 1.0790e-01     0.1842    95.4999     7.0570     7.3503    32.9197    32.9152    26.4181    26.4145    8.12063 0.0000e+00
      10999    185.737     0.1828     0.1822   2.769891   2.769477     2.4047     2.3693      8.042     0.0410     1.9245 1.0790e-01     0.1842    95.4999     7.0576     7.3491    32.9197    32.9149    26.4181    26.4143    8.12061 0.0000e+00
      11002    185.766     0.1827     0.1821   2.769747   2.769544     2.4039     2.3689      8.045     0.0459     1.9245 1.0790e-01     0.1845    95.4912     7.0540     7.3454    32.9178    32.9159    26.4166    26.4150    8.12072 0.0000e+00
      11005    185.799     0.1828     0.1820   2.769713   2.769775     2.4035     2.3689      8.047     0.0410     1.9245 1.0802e-01     0.1845    95.4912     7.0538     7.3464    32.9173    32.9190    26.4161    26.4176    8.12073 0.0000e+00
      11008    185.828     0.1828     0.1822   2.769845   2.769900     2.4035     2.3680      8.042     0.0459     1.9245 1.0802e-01     0.1835    95.5173     7.0559     7.3450    32.9191    32.9204    26.4176    26.4187    8.12065 0.0000e+00
      11011    185.859     0.1829     0.1818   2.769913   2.769820     2.4031     2.3676      8.044     0.0410     1.9245 1.0790e-01     0.1817    95.5608     7.0529     7.3471    32.9198    32.9197    26.4182    26.4181    8.12058 0.0000e+00
      11014    185.890     0.1828     0.1819   2.769984   2.770084     2.4023     2.3676      8.042     0.0410     1.9245 1.0790e-01     0.1813    95.5695     7.0512     7.3466    32.9208    32.9231    26.4189    26.4208    8.12053 0.0000e+00
      11017    185.920     0.1830     0.1818   2.770137   2.770352     2.4023     2.3676      8.042     0.0410     1.9245 1.0790e-01     0.1817    95.5608     7.0485     7.3464    32.9226    32.9267    26.4204    26.4238    8.12039 0.0000e+00
      11020    185.952     0.1833     0.1822   2.769980   2.770521     2.4019     2.3672      8.042     0.0361     1.9245 1.0790e-01     0.1813    95.5695     7.0463     7.3469    32.9203    32.9285    26.4185    26.4252    8.12047 0.0000e+00
      11023    185.983     0.1829     0.1827   2.770026   2.770623     2.4023     2.3668      8.042     0.0410     1.9245 1.0802e-01     0.1813    95.5695     7.0483     7.3477    32.9212    32.9292    26.4193    26.4257    8.12050 0.0000e+00
      11026    186.013     0.1828     0.1833   2.770112   2.770699     2.4006     2.3664      8.042     0.0410     2.0429 1.0827e-01     0.1813    95.5695     7.0430     7.3453    32.9224    32.9296    26.4203    26.4261    8.12045 0.0000e+00
      11029    186.045     0.1828     0.1836   2.770050   2.770688     2.4023     2.3664      8.042     0.0410     2.0429 1.0790e-01     0.1838    95.5086     7.0490     7.3457    32.9216    32.9291    26.4196    26.4256    8.12050 0.0000e+00
      11032    186.077     0.1828     0.1828   2.770129   2.770681     2.4019     2.3664      8.042     0.0410     2.0429 1.0790e-01     0.1863    95.4478     7.0489     7.3475    32.9226    32.9298    26.4204    26.4263    8.12044 0.0000e+00
      11035    186.106     0.1828     0.1828   2.770225   2.770696     2.4010     2.3660      8.042     0.0410     2.0429 1.0790e-01     0.1863    95.4478     7.0472     7.3458    32.9239    32.9300    26.4214    26.4264    8.12037 0.0000e+00
      11038    186.137     0.1828     0.1826   2.770311   2.770667     2.4006     2.3652      8.042     0.0410     2.0429 1.0790e-01     0.1856    95.4652     7.0452     7.3422    32.9249    32.9298    26.4223    26.4262    8.12030 0.0000e+00
      11041    186.169     0.1828     0.1822   2.770408   2.770655     2.3994     2.3652      8.042     0.0410     2.0429 1.0790e-01     0.1856    95.4652     7.0397     7.3409    32.9262    32.9301    26.4233    26.4265    8.12024 0.0000e+00
      11044    186.202     0.1831     0.1824   2.770461   2.770678     2.3998     2.3652      8.042     0.0410     2.0429 1.0802e-01     0.1863    95.4478     7.0411     7.3405    32.9266    32.9301    26.4236    26.4265    8.12016 0.0000e+00
      11047    186.233     0.1830     0.1824   2.770438   2.770698     2.3994     2.3644      8.042     0.0410     2.0429 1.0790e-01     0.1856    95.4652     7.0404     7.3386    32.9263    32.9304    26.4234    26.4267    8.12019 0.0000e+00
      11050    186.265     0.1830     0.1821   2.770446   2.770683     2.3998     2.3644      8.042     0.0361     2.0429 1.0790e-01     0.1827    95.5347     7.0410     7.3354    32.9264    32.9305    26.4235    26.4268    8.12019 0.0000e+00
      11053    186.295     0.1828     0.1824   2.770461   2.770722     2.3986     2.3640      8.042     0.0410     2.0429 1.0790e-01     0.1820    95.5521     7.0370     7.3316    32.9268    32.9307    26.4238    26.4270    8.12020 0.0000e+00
      11056    186.327     0.1829     0.1830   2.770487   2.770728     2.4002     2.3640      8.042     0.0410     2.0429 1.0815e-01     0.1824    95.5434     7.0460     7.3316    32.9270    32.9301    26.4240    26.4264    8.12017 0.0000e+00
      11059    186.359     0.1831     0.1835   2.770493   2.770778     2.3986     2.3640      8.042     0.0410     2.0429 1.0790e-01     0.1824    95.5434     7.0399     7.3339    32.9269    32.9302    26.4239    26.4265    8.12014 0.0000e+00
      11062    186.390     0.1833     0.1838   2.770517   2.770810     2.3982     2.3632      8.042     0.0459     2.0429 1.0802e-01     0.1824    95.5434     7.0398     7.3322    32.9270    32.9302    26.4239    26.4265    8.12009 0.0000e+00
      11065    186.420     0.1830     0.1841   2.770483   2.770823     2.3982     2.3628      8.042     0.0459     2.0429 1.0815e-01     0.1817    95.5608     7.0377     7.3323    32.9268    32.9302    26.4238    26.4264    8.12016 0.0000e+00
      11068    186.451     0.1829     0.1834   2.770478   2.770750     2.3982     2.3628      8.042     0.0410     2.0429 1.0802e-01     0.1824    95.5434     7.0380     7.3359    32.9269    32.9299    26.4239    26.4263    8.12019 0.0000e+00
      11071    186.481     0.1827     0.1824   2.770475   2.770668     2.3978     2.3624      8.042     0.0410     2.0429 1.0790e-01     0.1852    95.4739     7.0384     7.3372    32.9270    32.9298    26.4240    26.4263    8.12021 0.0000e+00
      11074    186.511     0.1828     0.1814   2.770466   2.770621     2.3974     2.3615      8.042     0.0410     2.0429 1.0790e-01     0.1856    95.4652     7.0374     7.3335    32.9268    32.9303    26.4238    26.4267    8.12020 0.0000e+00
      11077    186.545     0.1828     0.1810   2.770496   2.770601     2.3982     2.3615      8.042     0.0361     1.9640 1.0802e-01     0.1856    95.4652     7.0395     7.3344    32.9271    32.9304    26.4241    26.4268    8.12018 0.0000e+00
      11080    186.576     0.1828     0.1809   2.770478   2.770630     2.3965     2.3615      8.042     0.0410     1.9245 1.0790e-01     0.1856    95.4652     7.0324     7.3374    32.9269    32.9309    26.4239    26.4272    8.12020 0.0000e+00
      11083    186.607     0.1827     0.1808   2.770477   2.770617     2.3970     2.3615      8.042     0.0410     1.9245 1.0790e-01     0.1856    95.4652     7.0349     7.3419    32.9270    32.9308    26.4239    26.4271    8.12022 0.0000e+00
      11086    186.639     0.1826     0.1806   2.770470   2.770603     2.3961     2.3615      8.042     0.0410     1.9245 1.0802e-01     0.1856    95.4652     7.0325     7.3461    32.9270    32.9308    26.4239    26.4272    8.12024 0.0000e+00
      11089    186.673     0.1826     0.1817   2.770471   2.770694     2.3957     2.3615      8.042     0.0410     1.9245 1.0802e-01     0.1845    95.4913     7.0323     7.3460    32.9270    32.9309    26.4239    26.4272    8.12024 0.0000e+00
      11092    186.704     0.1825     0.1819   2.770496   2.770675     2.3974     2.3615      8.042     0.0410     1.9245 1.0790e-01     0.1813    95.5695     7.0385     7.3466    32.9274    32.9304    26.4243    26.4268    8.12024 0.0000e+00
      11095    186.735     0.1825     0.1822   2.770497   2.770741     2.3970     2.3607      8.042     0.0410     1.9245 1.0802e-01     0.1813    95.5695     7.0381     7.3435    32.9274    32.9309    26.4243    26.4272    8.12025 0.0000e+00
      11098    186.768     0.1825     0.1829   2.770512   2.770773     2.3957     2.3603      8.042     0.0264     1.9245 1.0790e-01     0.1813    95.5695     7.0325     7.3403    32.9276    32.9305    26.4244    26.4268    8.12023 0.0000e+00
      11101    186.799     0.1827     0.1826   2.770510   2.770755     2.3953     2.3603      8.042     0.0264     1.9245 1.0802e-01     0.1817    95.5608     7.0326     7.3384    32.9272    32.9306    26.4241    26.4269    8.12020 0.0000e+00
      11104    186.831     0.1830     0.1825   2.770534   2.770791     2.3949     2.3611      8.042     0.0264     1.9245 1.0790e-01     0.1813    95.5695     7.0343     7.3407    32.9273    32.9311    26.4241    26.4273    8.12014 0.0000e+00
      11107    186.863     0.1831     0.1834   2.770546   2.770849     2.3945     2.3603      8.042     0.0264     1.9245 1.0790e-01     0.1813    95.5695     7.0346     7.3375    32.9273    32.9310    26.4242    26.4271    8.12011 0.0000e+00
      11110    186.896     0.1831     0.1836   2.770511   2.770846     2.3961     2.3603      8.042     0.0313     1.9245 1.0802e-01     0.1831    95.5260     7.0415     7.3388    32.9268    32.9307    26.4238    26.4269    8.12014 0.0000e+00
      11113    186.930     0.1831     0.1838   2.770516   2.770867     2.3953     2.3595      8.042     0.0264     1.9245 1.0790e-01     0.1835    95.5173     7.0377     7.3380    32.9269    32.9307    26.4238    26.4269    8.12014 0.0000e+00
      11116    186.962     0.1833     0.1842   2.770555   2.770929     2.3945     2.3595      8.042     0.0264     1.9245 1.0790e-01     0.1835    95.5173     7.0338     7.3414    32.9271    32.9311    26.4241    26.4272    8.12008 0.0000e+00
      11119    186.996     0.1838     0.1847   2.770565   2.770933     2.3949     2.3591      8.042     0.0264     1.9245 1.0790e-01     0.1838    95.5086     7.0370     7.3434    32.9267    32.9306    26.4237    26.4268    8.12000 0.0000e+00
      11122    187.027     0.1839     0.1852   2.770614   2.770960     2.3941     2.3591      8.042     0.0264     1.9245 1.0790e-01     0.1835    95.5173     7.0358     7.3452    32.9273    32.9303    26.4241    26.4265    8.11995 0.0000e+00
      11125    187.062     0.1841     0.1854   2.770615   2.770976     2.3949     2.3591      8.042     0.0361     1.9245 1.0790e-01     0.1838    95.5086     7.0399     7.3466    32.9270    32.9303    26.4239    26.4265    8.11992 0.0000e+00
