Datasets/AZMP/COO001/79001089.cnv
* Sea-Bird SBE 9 Data File:
* FileName = C:\CTDDATA\79001089.hex
* Software Version Seasave V 7.26.7.110
* Temperature SN = 5660
* Conductivity SN = 3698
* Number of Bytes Per Scan = 30
* Number of Voltage Words = 4
* Number of Scans Averaged by the Deck Unit = 1
* NMEA baud rate = 9600
** VESSEL/TRIP/SEQ STN:  79001089
** LATITUDE XX XX.XX N:  48 10.46 N
** LONGITUDE XX XX.XX W:  53 44.46 W
** SOUNDING DEPTH (M):  0185
** PROBE TYPE: S1257
** CTD NUMBER: 056
** COMMENTS (14 CHAR): SS-17
** BOTTLES:  12
** LEVELS: 5,5,10,20,20,30,40,50,75,100,150,BTM
** STICKERS: 435243 - 435254
** VNET: Y
** DO2: N
# nquan = 22
# nvalues = 6915                        
# units = specified
# name 0 = scan: Scan Count
# name 1 = prDM: Pressure, Digiquartz [db]
# name 2 = t090C: Temperature [ITS-90, deg C]
# name 3 = t190C: Temperature, 2 [ITS-90, deg C]
# name 4 = c0S/m: Conductivity [S/m]
# name 5 = c1S/m: Conductivity, 2 [S/m]
# name 6 = sbeox0V: Oxygen raw, SBE 43 [V]
# name 7 = sbeox1V: Oxygen raw, SBE 43, 2 [V]
# name 8 = ph: pH
# name 9 = flECO-AFL: Fluorescence, WET Labs ECO-AFL/FL [mg/m^3]
# name 10 = wetCDOM: Fluorescence, WET Labs CDOM [mg/m^3]
# name 11 = par/sat/log: PAR/Logarithmic, Satlantic [umol photons/m^2/sec]
# name 12 = CStarAt0: Beam Attenuation, WET Labs C-Star [1/m]
# name 13 = CStarTr0: Beam Transmission, WET Labs C-Star [%]
# name 14 = sbeox0ML/L: Oxygen, SBE 43 [ml/l], WS = 2
# name 15 = sbeox1ML/L: Oxygen, SBE 43, 2 [ml/l], WS = 2
# name 16 = sal00: Salinity, Practical [PSU]
# name 17 = sal11: Salinity, Practical, 2 [PSU]
# name 18 = sigma-t00: Density [sigma-t, kg/m^3 ]
# name 19 = sigma-t11: Density, 2 [sigma-t, kg/m^3 ]
# name 20 = oxsatML/L: Oxygen Saturation, Weiss [ml/l]
# name 21 = flag: flag
# span 0 =        245,      49755       
# span 1 =      2.120,    173.044       
# span 2 =     0.1271,     3.5391       
# span 3 =     0.1270,     3.5386       
# span 4 =   2.764053,   2.935211       
# span 5 =   2.763511,   2.935501       
# span 6 =     2.3824,     2.7383       
# span 7 =     2.3523,     2.7053       
# span 8 =      8.027,      8.184       
# span 9 =     0.0215,     0.8469       
# span 10 =    -1.2338,     4.6485      
# span 11 = 1.0752e-01, 1.4477e+00      
# span 12 =     0.0846,     0.2881      
# span 13 =    93.0494,    97.9070      
# span 14 =     6.8652,     7.5830      
# span 15 =     7.3232,     7.9018      
# span 16 =    30.9369,    32.9370      
# span 17 =    30.9415,    32.9387      
# span 18 =    24.6249,    26.4348      
# span 19 =    24.6287,    26.4362      
# span 20 =    7.52515,    8.13166      
# span 21 = 0.0000e+00, 0.0000e+00      
# interval = scans: 3                   
# start_time = Dec 02 2019 01:30:47 [System UTC, header]
# bad_flag = -9.990e-29
*END*
[from data line 3293]
      13498    152.253     0.3445     0.3576   2.766950   2.767716     2.4562     2.4232      8.061     0.0459     2.1614 1.0802e-01     0.1465    96.4037     7.2301     7.5797    32.7281    32.7241    26.2554    26.2515    8.09644 0.0000e+00
      13501    152.165     0.3437     0.3568   2.766981   2.767686     2.4558     2.4228      8.061     0.0410     2.1614 1.0790e-01     0.1465    96.4037     7.2295     7.5768    32.7293    32.7246    26.2564    26.2519    8.09653 0.0000e+00
      13504    152.079     0.3443     0.3563   2.767019   2.767679     2.4554     2.4236      8.061     0.0410     2.1614 1.0802e-01     0.1465    96.4037     7.2284     7.5804    32.7293    32.7251    26.2564    26.2524    8.09642 0.0000e+00
      13507    151.994     0.3450     0.3562   2.767009   2.767690     2.4562     2.4240      8.061     0.0459     2.1614 1.0815e-01     0.1465    96.4037     7.2310     7.5814    32.7284    32.7254    26.2556    26.2526    8.09630 0.0000e+00
      13510    151.906     0.3454     0.3569   2.767042   2.767750     2.4566     2.4236      8.061     0.0410     2.1614 1.0815e-01     0.1465    96.4037     7.2319     7.5805    32.7285    32.7255    26.2557    26.2527    8.09622 0.0000e+00
      13513    151.822     0.3470     0.3614   2.767193   2.768087     2.4558     2.4236      8.061     0.0459     2.1614 1.0790e-01     0.1465    96.4037     7.2285     7.5807    32.7288    32.7251    26.2559    26.2521    8.09585 0.0000e+00
      13516    151.736     0.3489     0.3682   2.767204   2.768300     2.4570     2.4240      8.063     0.0410     2.1614 1.0815e-01     0.1465    96.4037     7.2342     7.5816    32.7269    32.7207    26.2543    26.2482    8.09555 0.0000e+00
      13519    151.652     0.3494     0.3735   2.767203   2.768541     2.4570     2.4240      8.063     0.0410     2.1614 1.0827e-01     0.1461    96.4124     7.2373     7.5825    32.7264    32.7183    26.2538    26.2461    8.09547 0.0000e+00
      13522    151.565     0.3505     0.3788   2.767285   2.768863     2.4570     2.4240      8.061     0.0410     2.1614 1.0802e-01     0.1461    96.4124     7.2400     7.5833    32.7264    32.7169    26.2537    26.2446    8.09523 0.0000e+00
      13525    151.479     0.3514     0.3881   2.767279   2.769172     2.4578     2.4244      8.061     0.0410     2.1614 1.0827e-01     0.1465    96.4037     7.2464     7.5832    32.7255    32.7112    26.2529    26.2395    8.09510 0.0000e+00
      13528    151.392     0.3523     0.3937   2.767316   2.769291     2.4578     2.4252      8.063     0.0459     2.1614 1.0802e-01     0.1465    96.4037     7.2457     7.5854    32.7250    32.7068    26.2525    26.2357    8.09492 0.0000e+00
      13531    151.308     0.3531     0.3963   2.767335   2.769373     2.4574     2.4252      8.061     0.0410     2.1614 1.0815e-01     0.1440    96.4645     7.2431     7.5866    32.7244    32.7051    26.2520    26.2342    8.09479 0.0000e+00
      13534    151.226     0.3539     0.3975   2.767388   2.769392     2.4582     2.4252      8.061     0.0410     2.1614 1.0815e-01     0.1433    96.4819     7.2461     7.5881    32.7244    32.7042    26.2519    26.2334    8.09463 0.0000e+00
      13537    151.143     0.3548     0.3981   2.767426   2.769413     2.4582     2.4252      8.061     0.0410     2.1614 1.0802e-01     0.1433    96.4819     7.2462     7.5870    32.7239    32.7038    26.2515    26.2331    8.09445 0.0000e+00
      13540    151.059     0.3558     0.3978   2.767463   2.769381     2.4595     2.4256      8.063     0.0410     2.1614 1.0815e-01     0.1433    96.4819     7.2499     7.5895    32.7234    32.7037    26.2510    26.2330    8.09426 0.0000e+00
      13543    150.977     0.3569     0.3974   2.767502   2.769393     2.4595     2.4261      8.063     0.0410     2.0824 1.0815e-01     0.1433    96.4819     7.2506     7.5909    32.7228    32.7044    26.2505    26.2336    8.09407 0.0000e+00
      13546    150.892     0.3572     0.3980   2.767474   2.769438     2.4599     2.4261      8.061     0.0410     2.0429 1.0790e-01     0.1433    96.4819     7.2523     7.5897    32.7221    32.7044    26.2499    26.2336    8.09403 0.0000e+00
      13549    150.810     0.3570     0.3998   2.767444   2.769582     2.4607     2.4265      8.061     0.0459     2.0429 1.0815e-01     0.1433    96.4819     7.2549     7.5884    32.7220    32.7045    26.2498    26.2335    8.09409 0.0000e+00
      13552    150.725     0.3562     0.4030   2.767443   2.769735     2.4595     2.4265      8.064     0.0410     2.0429 1.0802e-01     0.1415    96.5253     7.2505     7.5879    32.7229    32.7031    26.2506    26.2322    8.09421 0.0000e+00
      13555    150.645     0.3558     0.4054   2.767570   2.769806     2.4603     2.4269      8.063     0.0410     2.0429 1.0790e-01     0.1415    96.5253     7.2533     7.5920    32.7250    32.7015    26.2524    26.2308    8.09418 0.0000e+00
      13558    150.564     0.3575     0.4068   2.767688   2.769845     2.4599     2.4265      8.061     0.0410     2.0429 1.0802e-01     0.1415    96.5253     7.2486     7.5915    32.7248    32.7006    26.2521    26.2300    8.09382 0.0000e+00
      13561    150.481     0.3594     0.4080   2.767705   2.769885     2.4611     2.4273      8.063     0.0459     2.0429 1.0815e-01     0.1411    96.5340     7.2510     7.5940    32.7231    32.6998    26.2506    26.2293    8.09352 0.0000e+00
      13564    150.400     0.3611     0.4086   2.767748   2.769916     2.4611     2.4273      8.064     0.0557     2.0429 1.0802e-01     0.1411    96.5340     7.2500     7.5919    32.7218    32.6997    26.2495    26.2292    8.09321 0.0000e+00
      13567    150.319     0.3622     0.4092   2.767791   2.769906     2.4619     2.4277      8.063     0.0557     2.0429 1.0802e-01     0.1411    96.5340     7.2535     7.5925    32.7212    32.6990    26.2490    26.2286    8.09301 0.0000e+00
      13570    150.237     0.3637     0.4096   2.767788   2.769930     2.4619     2.4277      8.064     0.0557     2.0429 1.0815e-01     0.1407    96.5427     7.2543     7.5913    32.7197    32.6989    26.2477    26.2285    8.09279 0.0000e+00
      13573    150.155     0.3647     0.4099   2.767800   2.769937     2.4619     2.4277      8.063     0.0557     2.0429 1.0802e-01     0.1393    96.5775     7.2541     7.5894    32.7188    32.6987    26.2469    26.2283    8.09261 0.0000e+00
      13576    150.070     0.3656     0.4107   2.767834   2.769994     2.4623     2.4285      8.064     0.0557     2.0429 1.0802e-01     0.1389    96.5862     7.2549     7.5907    32.7183    32.6987    26.2464    26.2283    8.09244 0.0000e+00
      13579    149.988     0.3666     0.4116   2.767919   2.770001     2.4623     2.4289      8.066     0.0557     2.0429 1.0790e-01     0.1389    96.5862     7.2536     7.5916    32.7185    32.6979    26.2465    26.2276    8.09223 0.0000e+00
      13582    149.907     0.3683     0.4119   2.768044   2.770034     2.4623     2.4289      8.064     0.0557     2.0429 1.0815e-01     0.1389    96.5862     7.2521     7.5897    32.7184    32.6980    26.2464    26.2277    8.09187 0.0000e+00
      13585    149.825     0.3701     0.4132   2.768077   2.770110     2.4627     2.4289      8.066     0.0557     2.0429 1.0790e-01     0.1389    96.5862     7.2515     7.5877    32.7170    32.6976    26.2451    26.2273    8.09157 0.0000e+00
      13588    149.744     0.3709     0.4144   2.768088   2.770125     2.4631     2.4289      8.063     0.0459     2.0429 1.0827e-01     0.1389    96.5862     7.2522     7.5889    32.7162    32.6967    26.2445    26.2264    8.09142 0.0000e+00
      13591    149.664     0.3725     0.4156   2.768169   2.770200     2.4639     2.4289      8.064     0.0410     2.0429 1.0802e-01     0.1407    96.5427     7.2556     7.5872    32.7156    32.6964    26.2439    26.2261    8.09111 0.0000e+00
      13594    149.585     0.3745     0.4179   2.768324   2.770296     2.4639     2.4289      8.066     0.0410     2.0429 1.0802e-01     0.1411    96.5340     7.2567     7.5856    32.7156    32.6953    26.2438    26.2251    8.09069 0.0000e+00
      13597    149.504     0.3767     0.4208   2.768448   2.770386     2.4631     2.4293      8.066     0.0410     2.0429 1.0802e-01     0.1411    96.5340     7.2560     7.5877    32.7150    32.6934    26.2432    26.2235    8.09026 0.0000e+00
      13600    149.425     0.3784     0.4237   2.768373   2.770451     2.4639     2.4293      8.066     0.0410     2.0429 1.0815e-01     0.1411    96.5340     7.2581     7.5852    32.7122    32.6912    26.2409    26.2215    8.09005 0.0000e+00
      13603    149.343     0.3782     0.4264   2.768261   2.770488     2.4643     2.4297      8.064     0.0410     2.0429 1.0802e-01     0.1411    96.5340     7.2598     7.5886    32.7110    32.6889    26.2399    26.2195    8.09015 0.0000e+00
      13606    149.260     0.3774     0.4277   2.768232   2.770509     2.4643     2.4297      8.064     0.0459     2.0429 1.0802e-01     0.1411    96.5340     7.2596     7.5907    32.7115    32.6878    26.2403    26.2186    8.09029 0.0000e+00
      13609    149.178     0.3772     0.4283   2.768252   2.770515     2.4639     2.4301      8.066     0.0410     2.0429 1.0802e-01     0.1411    96.5340     7.2558     7.5903    32.7121    32.6873    26.2408    26.2182    8.09032 0.0000e+00
      13612    149.097     0.3772     0.4287   2.768290   2.770486     2.4652     2.4305      8.066     0.0410     2.0429 1.0802e-01     0.1375    96.6209     7.2599     7.5904    32.7125    32.6866    26.2412    26.2176    8.09028 0.0000e+00
      13615    149.017     0.3794     0.4293   2.768513   2.770492     2.4652     2.4301      8.066     0.0313     2.0429 1.0802e-01     0.1361    96.6557     7.2596     7.5863    32.7132    32.6861    26.2416    26.2171    8.08978 0.0000e+00
      13618    148.936     0.3853     0.4299   2.768933   2.770508     2.4664     2.4305      8.066     0.0264     2.0429 1.0815e-01     0.1368    96.6383     7.2638     7.5846    32.7124    32.6856    26.2407    26.2167    8.08856 0.0000e+00
      13621    148.857     0.3922     0.4305   2.769105   2.770508     2.4668     2.4314      8.066     0.0264     2.0429 1.0827e-01     0.1368    96.6383     7.2642     7.5862    32.7075    32.6850    26.2363    26.2163    8.08736 0.0000e+00
      13624    148.776     0.3942     0.4311   2.768991   2.770499     2.4652     2.4305      8.066     0.0264     2.0429 1.0815e-01     0.1368    96.6383     7.2571     7.5806    32.7039    32.6844    26.2333    26.2157    8.08713 0.0000e+00
      13627    148.695     0.3937     0.4314   2.768904   2.770519     2.4664     2.4314      8.066     0.0264     2.0429 1.0802e-01     0.1368    96.6383     7.2618     7.5833    32.7033    32.6843    26.2329    26.2156    8.08726 0.0000e+00
      13630    148.614     0.3921     0.4315   2.768762   2.770512     2.4664     2.4314      8.066     0.0313     2.0429 1.0815e-01     0.1364    96.6470     7.2616     7.5840    32.7032    32.6842    26.2329    26.2155    8.08761 0.0000e+00
      13633    148.532     0.3903     0.4316   2.768667   2.770484     2.4656     2.4301      8.066     0.0264     2.0429 1.0815e-01     0.1357    96.6644     7.2574     7.5808    32.7039    32.6838    26.2336    26.2151    8.08796 0.0000e+00
      13636    148.452     0.3883     0.4318   2.768594   2.770470     2.4672     2.4310      8.066     0.0264     2.0429 1.0815e-01     0.1357    96.6644     7.2602     7.5859    32.7051    32.6835    26.2346    26.2149    8.08832 0.0000e+00
      13639    148.373     0.3862     0.4319   2.768479   2.770486     2.4668     2.4310      8.066     0.0313     2.0429 1.0802e-01     0.1357    96.6644     7.2569     7.5871    32.7059    32.6835    26.2354    26.2150    8.08872 0.0000e+00
      13642    148.296     0.3830     0.4318   2.768464   2.770456     2.4672     2.4310      8.066     0.0557     2.0429 1.0802e-01     0.1357    96.6644     7.2582     7.5864    32.7091    32.6833    26.2381    26.2147    8.08923 0.0000e+00
      13645    148.219     0.3838     0.4317   2.768642   2.770463     2.4676     2.4314      8.066     0.0606     2.0429 1.0802e-01     0.1361    96.6557     7.2623     7.5894    32.7106    32.6836    26.2393    26.2150    8.08897 0.0000e+00
      13648    148.139     0.3862     0.4315   2.768704   2.770456     2.4680     2.4314      8.066     0.0557     2.0429 1.0815e-01     0.1357    96.6644     7.2651     7.5884    32.7090    32.6838    26.2379    26.2151    8.08856 0.0000e+00
      13651    148.056     0.3893     0.4314   2.768959   2.770442     2.4680     2.4318      8.066     0.0557     2.0429 1.0802e-01     0.1357    96.6644     7.2638     7.5869    32.7090    32.6837    26.2377    26.2151    8.08788 0.0000e+00
      13654    147.973     0.3971     0.4312   2.769550   2.770455     2.4680     2.4326      8.066     0.0557     2.0429 1.0802e-01     0.1346    96.6904     7.2636     7.5912    32.7085    32.6842    26.2369    26.2155    8.08625 0.0000e+00
      13657    147.892     0.4057     0.4310   2.769658   2.770445     2.4680     2.4326      8.066     0.0557     2.0429 1.0827e-01     0.1346    96.6904     7.2621     7.5906    32.7008    32.6842    26.2302    26.2156    8.08483 0.0000e+00
      13660    147.812     0.4108     0.4309   2.769781   2.770438     2.4672     2.4326      8.066     0.0606     2.0429 1.0815e-01     0.1353    96.6731     7.2557     7.5876    32.6971    32.6844    26.2270    26.2157    8.08395 0.0000e+00
      13663    147.732     0.4138     0.4313   2.769722   2.770385     2.4676     2.4326      8.066     0.0557     2.0429 1.0815e-01     0.1346    96.6904     7.2578     7.5848    32.6932    32.6833    26.2237    26.2148    8.08353 0.0000e+00
      13666    147.654     0.4142     0.4321   2.769667   2.770380     2.4688     2.4326      8.066     0.0508     2.0429 1.0815e-01     0.1353    96.6731     7.2626     7.5811    32.6920    32.6824    26.2228    26.2141    8.08349 0.0000e+00
      13669    147.577     0.4131     0.4331   2.769486   2.770340     2.4692     2.4326      8.066     0.0410     2.0429 1.0802e-01     0.1357    96.6644     7.2656     7.5787    32.6909    32.6809    26.2219    26.2128    8.08379 0.0000e+00
      13672    147.503     0.4094     0.4339   2.769253   2.770323     2.4696     2.4318      8.067     0.0410     2.0429 1.0827e-01     0.1350    96.6817     7.2704     7.5750    32.6919    32.6798    26.2229    26.2118    8.08453 0.0000e+00
      13675    147.427     0.4058     0.4351   2.769201   2.770319     2.4692     2.4318      8.066     0.0459     2.0429 1.0815e-01     0.1346    96.6904     7.2710     7.5743    32.6950    32.6785    26.2256    26.2107    8.08513 0.0000e+00
      13678    147.349     0.4046     0.4365   2.769281   2.770338     2.4701     2.4326      8.066     0.0410     2.0429 1.0802e-01     0.1346    96.6904     7.2760     7.5793    32.6974    32.6773    26.2276    26.2097    8.08525 0.0000e+00
      13681    147.270     0.4039     0.4373   2.769290   2.770331     2.4696     2.4326      8.066     0.0410     2.0429 1.0815e-01     0.1346    96.6904     7.2755     7.5826    32.6983    32.6765    26.2283    26.2090    8.08535 0.0000e+00
      13684    147.192     0.4041     0.4385   2.769338   2.770316     2.4692     2.4326      8.066     0.0410     2.0429 1.0815e-01     0.1346    96.6904     7.2736     7.5854    32.6988    32.6751    26.2286    26.2078    8.08528 0.0000e+00
      13687    147.113     0.4056     0.4397   2.769431   2.770346     2.4709     2.4326      8.066     0.0410     2.0429 1.0815e-01     0.1346    96.6904     7.2780     7.5876    32.6984    32.6742    26.2283    26.2070    8.08498 0.0000e+00
      13690    147.034     0.4078     0.4411   2.769538   2.770407     2.4705     2.4326      8.066     0.0410     2.0429 1.0790e-01     0.1357    96.6644     7.2758     7.5910    32.6976    32.6735    26.2275    26.2064    8.08457 0.0000e+00
