Datasets/AZMP/COO001/79001092.cnv
* Sea-Bird SBE 9 Data File:
* FileName = C:\CTDDATA\79001092.hex
* Software Version Seasave V 7.26.7.110
* Temperature SN = 5660
* Conductivity SN = 3698
* Number of Bytes Per Scan = 30
* Number of Voltage Words = 4
* Number of Scans Averaged by the Deck Unit = 1
* NMEA baud rate = 9600
** VESSEL/TRIP/SEQ STN:  79001092
** LATITUDE XX XX.XX N:  48 50.00 N
** LONGITUDE XX XX.XX W:  52 39.00 W
** SOUNDING DEPTH (M):  0252
** PROBE TYPE: S1257
** CTD NUMBER: 058
** COMMENTS (14 CHAR): BB-03
** BOTTLES:  12
** LEVELS: 5,5,10,20,20,30,40,50,75,100,150,BTM
** STICKERS: 435273 - 435284
** VNET: Y
** DO2: N
# nquan = 22
# nvalues = 5695                        
# units = specified
# name 0 = scan: Scan Count
# name 1 = prDM: Pressure, Digiquartz [db]
# name 2 = t090C: Temperature [ITS-90, deg C]
# name 3 = t190C: Temperature, 2 [ITS-90, deg C]
# name 4 = c0S/m: Conductivity [S/m]
# name 5 = c1S/m: Conductivity, 2 [S/m]
# name 6 = sbeox0V: Oxygen raw, SBE 43 [V]
# name 7 = sbeox1V: Oxygen raw, SBE 43, 2 [V]
# name 8 = ph: pH
# name 9 = flECO-AFL: Fluorescence, WET Labs ECO-AFL/FL [mg/m^3]
# name 10 = wetCDOM: Fluorescence, WET Labs CDOM [mg/m^3]
# name 11 = par/sat/log: PAR/Logarithmic, Satlantic [umol photons/m^2/sec]
# name 12 = CStarAt0: Beam Attenuation, WET Labs C-Star [1/m]
# name 13 = CStarTr0: Beam Transmission, WET Labs C-Star [%]
# name 14 = sbeox0ML/L: Oxygen, SBE 43 [ml/l], WS = 2
# name 15 = sbeox1ML/L: Oxygen, SBE 43, 2 [ml/l], WS = 2
# name 16 = sal00: Salinity, Practical [PSU]
# name 17 = sal11: Salinity, Practical, 2 [PSU]
# name 18 = sigma-t00: Density [sigma-t, kg/m^3 ]
# name 19 = sigma-t11: Density, 2 [sigma-t, kg/m^3 ]
# name 20 = oxsatML/L: Oxygen Saturation, Weiss [ml/l]
# name 21 = flag: flag
# span 0 =        123,      57108       
# span 1 =      0.793,    245.950       
# span 2 =    -0.3070,     2.0575       
# span 3 =    -0.3075,     2.0575       
# span 4 =   2.724876,   2.959524       
# span 5 =   2.725027,   2.957947       
# span 6 =     2.3843,     2.7458       
# span 7 =     2.3504,     2.7067       
# span 8 =      8.097,      8.204       
# span 9 =    -0.0078,     0.8273       
# span 10 =     0.7401,     2.1614      
# span 11 = 1.0790e-01, 1.1020e+02      
# span 12 =     0.0630,     0.1551      
# span 13 =    96.1951,    98.4371      
# span 14 =     6.8173,     7.7739      
# span 15 =     7.1832,     8.1649      
# span 16 =    32.1177,    33.6949      
# span 17 =    32.1196,    33.6928      
# span 18 =    25.6589,    27.0090      
# span 19 =    25.6604,    27.0061      
# span 20 =    7.73817,    8.22551      
# span 21 = 0.0000e+00, 0.0000e+00      
# interval = scans: 3                   
# start_time = Dec 02 2019 13:41:37 [System UTC, header]
# bad_flag = -9.990e-29
*END*
[from data line 2107]
      11410    185.232     0.2460     0.2051   2.784706   2.782624     2.4438     2.4104      8.115     0.0117     1.9245 1.0802e-01     0.0736    98.1764     7.2020     7.5379    33.0462    33.0629    26.5169    26.5325    8.10000 0.0000e+00
      11413    185.374     0.2425     0.2122   2.784216   2.782849     2.4434     2.4104      8.115     0.0117     1.9245 1.0790e-01     0.0736    98.1764     7.2002     7.5396    33.0435    33.0581    26.5149    26.5282    8.10091 0.0000e+00
      11416    185.518     0.2376     0.2137   2.784203   2.782897     2.4426     2.4104      8.115     0.0117     1.9245 1.0802e-01     0.0736    98.1764     7.1974     7.5424    33.0484    33.0570    26.5191    26.5272    8.10168 0.0000e+00
      11419    185.663     0.2394     0.2135   2.784787   2.782936     2.4434     2.4104      8.115     0.0264     1.9245 1.0802e-01     0.0740    98.1677     7.1975     7.5434    33.0541    33.0576    26.5236    26.5278    8.10099 0.0000e+00
      11422    185.804     0.2420     0.2112   2.784901   2.782660     2.4434     2.4104      8.115     0.0264     1.9245 1.0815e-01     0.0726    98.2025     7.1981     7.5472    33.0527    33.0565    26.5223    26.5270    8.10050 0.0000e+00
      11425    185.942     0.2415     0.2087   2.784661   2.782577     2.4430     2.4100      8.115     0.0361     1.8060 1.0815e-01     0.0726    98.2025     7.1992     7.5470    33.0500    33.0580    26.5202    26.5283    8.10076 0.0000e+00
      11428    186.077     0.2402     0.2107   2.784633   2.782754     2.4426     2.4104      8.115     0.0264     1.8060 1.0815e-01     0.0726    98.2025     7.1992     7.5489    33.0510    33.0581    26.5210    26.5283    8.10099 0.0000e+00
      11431    186.209     0.2387     0.2153   2.784300   2.783240     2.4430     2.4104      8.115     0.0264     1.8060 1.0802e-01     0.0726    98.2025     7.2008     7.5487    33.0482    33.0594    26.5188    26.5291    8.10146 0.0000e+00
      11434    186.330     0.2312     0.2281   2.783529   2.784299     2.4430     2.4104      8.115     0.0264     1.8060 1.0815e-01     0.0726    98.2025     7.2007     7.5467    33.0460    33.0594    26.5175    26.5285    8.10319 0.0000e+00
      11437    186.446     0.2220     0.2336   2.783261   2.784366     2.4430     2.4104      8.115     0.0313     1.8060 1.0815e-01     0.0726    98.2025     7.2037     7.5466    33.0523    33.0544    26.5230    26.5241    8.10481 0.0000e+00
      11440    186.556     0.2169     0.2330   2.783346   2.784243     2.4426     2.4100      8.115     0.0264     1.8060 1.0802e-01     0.0722    98.2112     7.2033     7.5461    33.0590    33.0533    26.5287    26.5233    8.10556 0.0000e+00
      11443    186.666     0.2136     0.2322   2.783329   2.784195     2.4422     2.4096      8.115     0.0215     1.8060 1.0802e-01     0.0715    98.2285     7.2023     7.5455    33.0622    33.0535    26.5314    26.5235    8.10609 0.0000e+00
      11446    186.765     0.2118     0.2288   2.783321   2.784050     2.4430     2.4104      8.115     0.0264     1.7271 1.0827e-01     0.0715    98.2285     7.2066     7.5502    33.0639    33.0552    26.5329    26.5250    8.10637 0.0000e+00
      11449    186.854     0.2106     0.2175   2.783311   2.783718     2.4434     2.4104      8.115     0.0264     1.8060 1.0827e-01     0.0715    98.2285     7.2092     7.5525    33.0650    33.0630    26.5338    26.5319    8.10657 0.0000e+00
      11452    186.933     0.2102     0.2125   2.783338   2.783698     2.4426     2.4104      8.115     0.0264     1.8060 1.0815e-01     0.0715    98.2285     7.2059     7.5531    33.0657    33.0681    26.5345    26.5362    8.10661 0.0000e+00
      11455    187.007     0.2103     0.2114   2.783387   2.783738     2.4418     2.4104      8.115     0.0215     1.7665 1.0790e-01     0.0719    98.2198     7.2012     7.5538    33.0663    33.0696    26.5349    26.5376    8.10657 0.0000e+00
      11458    187.074     0.2123     0.2112   2.783574   2.783823     2.4410     2.4104      8.115     0.0313     1.8060 1.0802e-01     0.0715    98.2285     7.1998     7.5544    33.0666    33.0709    26.5350    26.5386    8.10613 0.0000e+00
      11461    187.138     0.2121     0.2116   2.783517   2.783922     2.4426     2.4104      8.115     0.0264     1.8060 1.0790e-01     0.0750    98.1417     7.2055     7.5549    33.0660    33.0719    26.5345    26.5393    8.10620 0.0000e+00
      11464    187.197     0.2116     0.2120   2.783537   2.783954     2.4430     2.4104      8.115     0.0264     1.8060 1.0815e-01     0.0757    98.1243     7.2079     7.5554    33.0668    33.0718    26.5352    26.5392    8.10627 0.0000e+00
      11467    187.247     0.2143     0.2120   2.783908   2.783977     2.4418     2.4104      8.115     0.0264     1.8060 1.0827e-01     0.0757    98.1243     7.2023     7.5529    33.0687    33.0720    26.5366    26.5394    8.10558 0.0000e+00
      11470    187.293     0.2205     0.2119   2.784305   2.783956     2.4426     2.4104      8.115     0.0215     1.8060 1.0827e-01     0.0757    98.1243     7.2043     7.5515    33.0672    33.0719    26.5351    26.5393    8.10433 0.0000e+00
      11473    187.334     0.2260     0.2112   2.784482   2.783926     2.4422     2.4104      8.115     0.0166     1.8060 1.0802e-01     0.0757    98.1243     7.2027     7.5498    33.0635    33.0722    26.5319    26.5397    8.10334 0.0000e+00
      11476    187.372     0.2291     0.2106   2.784540   2.783900     2.4414     2.4104      8.115     0.0117     1.8060 1.0790e-01     0.0761    98.1156     7.2020     7.5474    33.0609    33.0724    26.5296    26.5398    8.10281 0.0000e+00
      11479    187.404     0.2327     0.2109   2.784636   2.783874     2.4422     2.4104      8.115     0.0117     1.9245 1.0827e-01     0.0757    98.1243     7.2049     7.5457    33.0583    33.0718    26.5273    26.5393    8.10219 0.0000e+00
      11482    187.432     0.2357     0.2115   2.784714   2.783880     2.4422     2.4104      8.115     0.0117     1.9245 1.0802e-01     0.0729    98.1938     7.2049     7.5465    33.0561    33.0712    26.5253    26.5388    8.10167 0.0000e+00
      11485    187.459     0.2370     0.2126   2.784700   2.783897     2.4418     2.4104      8.115     0.0117     1.9245 1.0815e-01     0.0726    98.2025     7.2033     7.5473    33.0545    33.0702    26.5240    26.5379    8.10148 0.0000e+00
      11488    187.486     0.2369     0.2129   2.784645   2.783884     2.4414     2.4104      8.115     0.0117     1.9245 1.0827e-01     0.0726    98.2025     7.2042     7.5468    33.0539    33.0697    26.5236    26.5376    8.10154 0.0000e+00
      11491    187.512     0.2367     0.2131   2.784599   2.783890     2.4422     2.4104      8.115     0.0166     1.9245 1.0802e-01     0.0722    98.2112     7.2093     7.5479    33.0534    33.0695    26.5232    26.5374    8.10159 0.0000e+00
      11494    187.538     0.2367     0.2131   2.784554   2.783899     2.4418     2.4104      8.115     0.0117     1.9245 1.0827e-01     0.0726    98.2025     7.2099     7.5490    33.0529    33.0697    26.5227    26.5375    8.10163 0.0000e+00
      11497    187.564     0.2368     0.2131   2.784500   2.783931     2.4418     2.4096      8.115     0.0117     1.9245 1.0815e-01     0.0726    98.2025     7.2119     7.5484    33.0521    33.0701    26.5221    26.5378    8.10166 0.0000e+00
      11500    187.591     0.2377     0.2124   2.784734   2.783896     2.4422     2.4096      8.115     0.0166     1.9245 1.0815e-01     0.0729    98.1938     7.2146     7.5527    33.0542    33.0704    26.5237    26.5381    8.10135 0.0000e+00
      11503    187.621     0.2399     0.2093   2.784913   2.783670     2.4418     2.4100      8.115     0.0117     1.9245 1.0827e-01     0.0747    98.1503     7.2156     7.5592    33.0540    33.0707    26.5235    26.5385    8.10088 0.0000e+00
      11506    187.651     0.2415     0.2046   2.784859   2.783390     2.4434     2.4104      8.115     0.0117     1.9245 1.0802e-01     0.0747    98.1503     7.2277     7.5665    33.0517    33.0721    26.5215    26.5399    8.10068 0.0000e+00
      11509    187.686     0.2399     0.2018   2.784664   2.783204     2.4426     2.4104      8.115     0.0117     1.9245 1.0802e-01     0.0747    98.1503     7.2296     7.5748    33.0508    33.0726    26.5209    26.5405    8.10107 0.0000e+00
      11512    187.725     0.2400     0.2025   2.784908   2.783361     2.4426     2.4100      8.115     0.0117     1.9245 1.0827e-01     0.0747    98.1503     7.2343     7.5801    33.0539    33.0739    26.5234    26.5415    8.10088 0.0000e+00
      11515    187.769     0.2414     0.2063   2.784896   2.783658     2.4430     2.4104      8.115     0.0117     1.9245 1.0790e-01     0.0747    98.1503     7.2418     7.5873    33.0522    33.0737    26.5219    26.5411    8.10067 0.0000e+00
      11518    187.816     0.2414     0.2072   2.784794   2.783580     2.4430     2.4104      8.115     0.0117     1.9245 1.0827e-01     0.0747    98.1503     7.2472     7.5957    33.0507    33.0716    26.5208    26.5394    8.10073 0.0000e+00
      11521    187.870     0.2403     0.2017   2.784646   2.783118     2.4430     2.4112      8.115     0.0117     1.9245 1.0815e-01     0.0729    98.1938     7.2491     7.6064    33.0500    33.0715    26.5203    26.5395    8.10102 0.0000e+00
      11524    187.929     0.2377     0.2018   2.784464   2.783303     2.4438     2.4112      8.115     0.0117     1.9245 1.0790e-01     0.0715    98.2285     7.2548     7.6086    33.0504    33.0738    26.5207    26.5414    8.10156 0.0000e+00
      11527    187.993     0.2320     0.2043   2.784155   2.783486     2.4455     2.4116      8.115     0.0166     1.8850 1.0815e-01     0.0715    98.2285     7.2637     7.6128    33.0524    33.0735    26.5226    26.5410    8.10267 0.0000e+00
      11530    188.058     0.2249     0.2043   2.783994   2.783434     2.4463     2.4120      8.115     0.0117     1.8060 1.0815e-01     0.0715    98.2285     7.2695     7.6193    33.0579    33.0727    26.5274    26.5404    8.10389 0.0000e+00
      11533    188.129     0.2197     0.2044   2.783996   2.783504     2.4459     2.4129      8.115     0.0117     1.8060 1.0815e-01     0.0715    98.2285     7.2719     7.6284    33.0635    33.0735    26.5322    26.5410    8.10470 0.0000e+00
      11536    188.204     0.2167     0.2062   2.783762   2.783875     2.4475     2.4129      8.115     0.0117     1.7665 1.0827e-01     0.0715    98.2285     7.2807     7.6314    33.0636    33.0764    26.5324    26.5433    8.10533 0.0000e+00
      11539    188.282     0.2120     0.2084   2.783220   2.784143     2.4487     2.4133      8.115     0.0117     1.8060 1.0827e-01     0.0715    98.2285     7.2871     7.6335    33.0615    33.0775    26.5310    26.5440    8.10647 0.0000e+00
      11542    188.366     0.2064     0.2115   2.782950   2.784609     2.4483     2.4141      8.115     0.0117     1.8060 1.0815e-01     0.0715    98.2285     7.2898     7.6362    33.0639    33.0802    26.5332    26.5460    8.10753 0.0000e+00
      11545    188.457     0.2047     0.2177   2.783505   2.785366     2.4479     2.4141      8.115     0.0117     1.8060 1.0815e-01     0.0715    98.2285     7.2887     7.6325    33.0730    33.0834    26.5406    26.5484    8.10740 0.0000e+00
      11548    188.550     0.2090     0.2292   2.784505   2.786953     2.4487     2.4141      8.115     0.0117     1.8060 1.0815e-01     0.0726    98.2025     7.2882     7.6307    33.0815    33.0918    26.5472    26.5545    8.10601 0.0000e+00
      11551    188.646     0.2166     0.2473   2.785705   2.788431     2.4491     2.4153      8.115     0.0117     1.8060 1.0802e-01     0.0719    98.2198     7.2867     7.6324    33.0890    33.0916    26.5529    26.5534    8.10397 0.0000e+00
      11554    188.748     0.2303     0.2581   2.787734   2.789062     2.4495     2.4153      8.115     0.0117     1.8455 1.0802e-01     0.0715    98.2285     7.2881     7.6303    33.1006    33.0881    26.5616    26.5501    8.10036 0.0000e+00
      11557    188.853     0.2449     0.2643   2.788852   2.789588     2.4511     2.4165      8.115     0.0117     1.9245 1.0790e-01     0.0719    98.2198     7.2939     7.6370    33.0996    33.0883    26.5600    26.5499    8.09730 0.0000e+00
      11560    188.960     0.2567     0.2748   2.789839   2.791039     2.4511     2.4165      8.115     0.0117     1.9245 1.0827e-01     0.0729    98.1938     7.2926     7.6407    33.0997    33.0960    26.5595    26.5555    8.09475 0.0000e+00
      11563    189.072     0.2723     0.3020   2.792037   2.793786     2.4524     2.4165      8.115     0.0117     1.9245 1.0815e-01     0.0754    98.1330     7.2988     7.6404    33.1116    33.1025    26.5682    26.5594    8.09075 0.0000e+00
      11566    189.187     0.2945     0.3252   2.794499   2.795710     2.4540     2.4169      8.115     0.0068     1.9245 1.0815e-01     0.0754    98.1330     7.3040     7.6438    33.1198    33.1027    26.5738    26.5583    8.08554 0.0000e+00
      11569    189.304     0.3150     0.3425   2.796102   2.797162     2.4536     2.4174      8.116     0.0117     1.9245 1.0827e-01     0.0757    98.1243     7.3023     7.6492    33.1187    33.1030    26.5718    26.5577    8.08122 0.0000e+00
      11572    189.419     0.3350     0.3575   2.797882   2.798324     2.4536     2.4178      8.114     0.0117     1.9245 1.0802e-01     0.0757    98.1243     7.2996     7.6518    33.1203    33.1019    26.5720    26.5560    8.07684 0.0000e+00
      11575    189.538     0.3554     0.3699   2.799920   2.799785     2.4548     2.4190      8.114     0.0117     1.9245 1.0815e-01     0.0757    98.1243     7.2997     7.6578    33.1250    33.1077    26.5747    26.5600    8.07224 0.0000e+00
      11578    189.661     0.3773     0.4033   2.801847   2.803793     2.4569     2.4190      8.114     0.0117     1.9245 1.0827e-01     0.0757    98.1243     7.3028     7.6555    33.1265    33.1239    26.5747    26.5713    8.06747 0.0000e+00
      11581    189.782     0.3963     0.4355   2.803567   2.805958     2.4569     2.4206      8.114     0.0117     1.9245 1.0827e-01     0.0743    98.1590     7.2987     7.6595    33.1284    33.1175    26.5753    26.5644    8.06331 0.0000e+00
      11584    189.906     0.4208     0.4578   2.806543   2.808330     2.4577     2.4214      8.116     0.0166     1.9245 1.0827e-01     0.0715    98.2285     7.2960     7.6634    33.1408    33.1244    26.5840    26.5688    8.05742 0.0000e+00
      11587    190.031     0.4479     0.5008   2.809134   2.812458     2.4593     2.4227      8.116     0.0117     1.9245 1.0815e-01     0.0715    98.2285     7.2943     7.6601    33.1454    33.1319    26.5862    26.5724    8.05140 0.0000e+00
      11590    190.154     0.4713     0.5245   2.810300   2.813404     2.4597     2.4231      8.117     0.0117     1.9245 1.0815e-01     0.0715    98.2285     7.2930     7.6580    33.1354    33.1187    26.5769    26.5605    8.04698 0.0000e+00
      11593    190.274     0.4856     0.5295   2.810932   2.814396     2.4617     2.4239      8.119     0.0117     1.9245 1.0802e-01     0.0715    98.2285     7.2973     7.6583    33.1282    33.1261    26.5703    26.5662    8.04434 0.0000e+00
      11596    190.391     0.5026     0.5554   2.813245   2.816839     2.4613     2.4243      8.119     0.0117     1.9245 1.0827e-01     0.0715    98.2285     7.2908     7.6529    33.1400    33.1300    26.5788    26.5679    8.04009 0.0000e+00
      11599    190.511     0.5255     0.5722   2.815839   2.818078     2.4621     2.4251      8.118     0.0117     1.9245 1.0815e-01     0.0715    98.2285     7.2863     7.6500    33.1491    33.1280    26.5849    26.5654    8.03475 0.0000e+00
      11602    190.627     0.5459     0.5853   2.816860   2.819037     2.4626     2.4263      8.118     0.0312     1.9245 1.0815e-01     0.0711    98.2372     7.2827     7.6489    33.1404    33.1264    26.5768    26.5633    8.03089 0.0000e+00
