Datasets/AZMP/COO001/79001079.cnv
* Sea-Bird SBE 9 Data File:
* FileName = C:\CTDDATA\79001079.hex
* Software Version Seasave V 7.26.7.110
* Temperature SN = 5660
* Conductivity SN = 3698
* Number of Bytes Per Scan = 30
* Number of Voltage Words = 4
* Number of Scans Averaged by the Deck Unit = 1
* NMEA baud rate = 9600
** VESSEL/TRIP/SEQ STN:  79001079
** LATITUDE XX XX.XX N:  48 10.51 N
** LONGITUDE XX XX.XX W:  53 37.73 W
** SOUNDING DEPTH (M):  0214
** PROBE TYPE: S1257
** CTD NUMBER: 046
** COMMENTS (14 CHAR): SS-07
** BOTTLES:  0
** LEVELS:
** STICKERS:
** VNET: N
** DO2: N
# nquan = 22
# nvalues = 6412                        
# units = specified
# name 0 = scan: Scan Count
# name 1 = prDM: Pressure, Digiquartz [db]
# name 2 = t090C: Temperature [ITS-90, deg C]
# name 3 = t190C: Temperature, 2 [ITS-90, deg C]
# name 4 = c0S/m: Conductivity [S/m]
# name 5 = c1S/m: Conductivity, 2 [S/m]
# name 6 = sbeox0V: Oxygen raw, SBE 43 [V]
# name 7 = sbeox1V: Oxygen raw, SBE 43, 2 [V]
# name 8 = ph: pH
# name 9 = flECO-AFL: Fluorescence, WET Labs ECO-AFL/FL [mg/m^3]
# name 10 = wetCDOM: Fluorescence, WET Labs CDOM [mg/m^3]
# name 11 = par/sat/log: PAR/Logarithmic, Satlantic [umol photons/m^2/sec]
# name 12 = CStarAt0: Beam Attenuation, WET Labs C-Star [1/m]
# name 13 = CStarTr0: Beam Transmission, WET Labs C-Star [%]
# name 14 = sbeox0ML/L: Oxygen, SBE 43 [ml/l], WS = 2
# name 15 = sbeox1ML/L: Oxygen, SBE 43, 2 [ml/l], WS = 2
# name 16 = sal00: Salinity, Practical [PSU]
# name 17 = sal11: Salinity, Practical, 2 [PSU]
# name 18 = sigma-t00: Density [sigma-t, kg/m^3 ]
# name 19 = sigma-t11: Density, 2 [sigma-t, kg/m^3 ]
# name 20 = oxsatML/L: Oxygen Saturation, Weiss [ml/l]
# name 21 = flag: flag
# span 0 =        195,      21378       
# span 1 =      1.708,    202.747       
# span 2 =     0.2102,     3.4944       
# span 3 =     0.2092,     3.4878       
# span 4 =   2.766097,   2.932344       
# span 5 =   2.766098,   2.932538       
# span 6 =     2.3888,     2.7499       
# span 7 =     2.3554,     2.7121       
# span 8 =      8.037,      8.179       
# span 9 =     0.0215,     1.4378       
# span 10 =     1.4507,     3.2668      
# span 11 = 1.0752e-01, 9.8051e+01      
# span 12 =     0.0800,     0.7775      
# span 13 =    82.3349,    98.0200      
# span 14 =     6.7907,     7.5994      
# span 15 =     7.3359,     7.9261      
# span 16 =    31.2536,    32.9336      
# span 17 =    31.2581,    32.9365      
# span 18 =    24.8566,    26.4279      
# span 19 =    24.8602,    26.4303      
# span 20 =    7.53567,    8.11394      
# span 21 = 0.0000e+00, 0.0000e+00      
# interval = scans: 3                   
# start_time = Dec 01 2019 16:47:08 [System UTC, header]
# bad_flag = -9.990e-29
*END*
[from data line 5992]
      19678     14.489     3.4137     3.4200   2.922764   2.920179     2.7454     2.7104      8.177     0.5636     2.3982 6.1077e+00     0.1285    96.8382     7.4971     7.8693    31.6226    31.5856    25.1544    25.1243    7.53744 0.0000e+00
      19681     14.459     3.4135     3.4199   2.922773   2.920180     2.7454     2.7100      8.177     0.5832     2.3982 6.1431e+00     0.1289    96.8295     7.4966     7.8651    31.6229    31.5856    25.1546    25.1244    7.53745 0.0000e+00
      19684     14.430     3.4133     3.4200   2.922796   2.920146     2.7446     2.7100      8.174     0.6320     2.3982 6.1788e+00     0.1285    96.8382     7.4935     7.8636    31.6234    31.5852    25.1550    25.1240    7.53747 0.0000e+00
      19687     14.403     3.4131     3.4198   2.922838   2.920286     2.7458     2.7096      8.174     0.6418     2.3982 6.2146e+00     0.1285    96.8382     7.4970     7.8595    31.6241    31.5871    25.1556    25.1255    7.53747 0.0000e+00
      19690     14.373     3.4130     3.4194   2.922807   2.920301     2.7458     2.7100      8.176     0.6369     2.3982 6.2146e+00     0.1271    96.8729     7.4965     7.8604    31.6239    31.5876    25.1554    25.1260    7.53751 0.0000e+00
      19693     14.342     3.4130     3.4197   2.922742   2.920249     2.7454     2.7100      8.177     0.6271     2.2798 6.2434e+00     0.1246    96.9338     7.4965     7.8615    31.6231    31.5868    25.1548    25.1253    7.53754 0.0000e+00
      19696     14.313     3.4133     3.4198   2.922662   2.920195     2.7446     2.7088      8.177     0.6320     2.2798 6.2796e+00     0.1246    96.9338     7.4940     7.8584    31.6218    31.5860    25.1538    25.1247    7.53755 0.0000e+00
      19699     14.284     3.4138     3.4200   2.922596   2.920132     2.7454     2.7088      8.174     0.6369     2.2798 6.3014e+00     0.1249    96.9251     7.4954     7.8603    31.6206    31.5851    25.1527    25.1240    7.53752 0.0000e+00
      19702     14.254     3.4140     3.4200   2.922535   2.920126     2.7446     2.7088      8.176     0.6320     2.2798 6.3379e+00     0.1249    96.9251     7.4939     7.8629    31.6197    31.5851    25.1520    25.1239    7.53753 0.0000e+00
      19705     14.224     3.4144     3.4202   2.922480   2.920079     2.7450     2.7088      8.177     0.6271     2.2798 6.3673e+00     0.1246    96.9338     7.4958     7.8645    31.6186    31.5843    25.1511    25.1233    7.53749 0.0000e+00
      19708     14.196     3.4145     3.4203   2.922459   2.920025     2.7442     2.7084      8.177     0.6515     2.2798 6.3894e+00     0.1246    96.9338     7.4931     7.8645    31.6183    31.5836    25.1509    25.1227    7.53750 0.0000e+00
      19711     14.165     3.4146     3.4202   2.922455   2.920071     2.7446     2.7084      8.179     0.6515     2.2798 6.4265e+00     0.1361    96.6557     7.4938     7.8667    31.6181    31.5842    25.1507    25.1232    7.53748 0.0000e+00
      19714     14.136     3.4147     3.4202   2.922383   2.919991     2.7442     2.7088      8.179     0.6515     2.2798 6.4414e+00     0.1389    96.5862     7.4946     7.8703    31.6172    31.5833    25.1499    25.1225    7.53751 0.0000e+00
      19718     14.096     3.4148     3.4212   2.922377   2.919692     2.7438     2.7088      8.177     0.6467     2.2798 6.4712e+00     0.1389    96.5862     7.4959     7.8741    31.6171    31.5788    25.1498    25.1188    7.53750 0.0000e+00
      19722     14.060     3.4147     3.4218   2.922327   2.919640     2.7442     2.7088      8.176     0.6564     2.2798 6.4937e+00     0.1393    96.5775     7.4973     7.8743    31.6166    31.5776    25.1494    25.1178    7.53754 0.0000e+00
      19725     14.031     3.4148     3.4220   2.922277   2.919543     2.7454     2.7088      8.179     0.6564     2.2798 6.5238e+00     0.1389    96.5862     7.5023     7.8750    31.6160    31.5763    25.1490    25.1167    7.53757 0.0000e+00
      19728     14.004     3.4148     3.4218   2.922265   2.919702     2.7446     2.7088      8.176     0.6515     2.2798 6.5616e+00     0.1389    96.5862     7.4999     7.8756    31.6158    31.5784    25.1488    25.1184    7.53757 0.0000e+00
      19731     13.976     3.4148     3.4216   2.922249   2.919642     2.7442     2.7084      8.177     0.6564     2.2798 6.5921e+00     0.1307    96.7860     7.4982     7.8749    31.6156    31.5779    25.1487    25.1180    7.53758 0.0000e+00
      19734     13.945     3.4148     3.4215   2.922238   2.919716     2.7446     2.7088      8.179     0.5832     2.2798 6.6150e+00     0.1271    96.8729     7.5001     7.8736    31.6155    31.5788    25.1486    25.1188    7.53759 0.0000e+00
      19737     13.914     3.4146     3.4210   2.922207   2.919842     2.7450     2.7088      8.177     0.5539     2.2798 6.6842e+00     0.1271    96.8729     7.5027     7.8700    31.6153    31.5808    25.1484    25.1204    7.53762 0.0000e+00
      19740     13.890     3.4146     3.4215   2.922179   2.919672     2.7446     2.7088      8.179     0.5441     2.2798 6.7151e+00     0.1271    96.8729     7.5009     7.8680    31.6150    31.5784    25.1483    25.1185    7.53765 0.0000e+00
      19743     13.861     3.4147     3.4218   2.922194   2.919505     2.7450     2.7084      8.179     0.5588     2.2798 6.7384e+00     0.1271    96.8729     7.5028     7.8646    31.6151    31.5761    25.1483    25.1166    7.53763 0.0000e+00
      19746     13.830     3.4146     3.4221   2.922161   2.919422     2.7442     2.7084      8.179     0.5539     2.2798 6.7541e+00     0.1271    96.8729     7.4987     7.8622    31.6148    31.5749    25.1481    25.1156    7.53765 0.0000e+00
      19749     13.802     3.4147     3.4220   2.922142   2.919378     2.7450     2.7088      8.177     0.5490     2.2798 6.7619e+00     0.1271    96.8729     7.5019     7.8599    31.6145    31.5744    25.1478    25.1152    7.53765 0.0000e+00
      19752     13.775     3.4148     3.4218   2.922011   2.919506     2.7438     2.7088      8.176     0.5539     2.2798 6.7932e+00     0.1267    96.8816     7.4996     7.8566    31.6129    31.5761    25.1465    25.1166    7.53772 0.0000e+00
      19755     13.749     3.4146     3.4220   2.921959   2.919469     2.7446     2.7088      8.179     0.5490     2.2798 6.8326e+00     0.1260    96.8990     7.5031     7.8534    31.6125    31.5755    25.1462    25.1161    7.53777 0.0000e+00
      19758     13.719     3.4147     3.4227   2.921881   2.919415     2.7454     2.7076      8.176     0.5539     2.2798 6.8484e+00     0.1267    96.8816     7.5060     7.8470    31.6115    31.5742    25.1453    25.1150    7.53780 0.0000e+00
      19761     13.693     3.4149     3.4222   2.921840   2.919545     2.7454     2.7076      8.179     0.5734     2.2798 6.8801e+00     0.1264    96.8903     7.5063     7.8462    31.6108    31.5762    25.1448    25.1167    7.53780 0.0000e+00
      19764     13.665     3.4152     3.4217   2.921812   2.919475     2.7446     2.7076      8.179     0.5832     2.2798 6.9040e+00     0.1267    96.8816     7.5045     7.8456    31.6102    31.5759    25.1443    25.1164    7.53778 0.0000e+00
      19767     13.636     3.4154     3.4214   2.921831   2.919508     2.7454     2.7072      8.179     0.5685     2.2798 6.9200e+00     0.1264    96.8903     7.5070     7.8444    31.6102    31.5766    25.1443    25.1170    7.53774 0.0000e+00
      19770     13.610     3.4155     3.4215   2.921910   2.919502     2.7442     2.7072      8.179     0.5734     2.3587 6.9602e+00     0.1267    96.8816     7.5026     7.8447    31.6110    31.5765    25.1450    25.1170    7.53767 0.0000e+00
      19773     13.581     3.4153     3.4215   2.921999   2.919462     2.7458     2.7063      8.179     0.5734     2.3982 6.9924e+00     0.1271    96.8729     7.5069     7.8437    31.6124    31.5760    25.1460    25.1165    7.53765 0.0000e+00
      19776     13.554     3.4153     3.4214   2.922112   2.919454     2.7454     2.7063      8.179     0.5783     2.3982 7.0167e+00     0.1271    96.8729     7.5052     7.8470    31.6138    31.5761    25.1471    25.1166    7.53758 0.0000e+00
      19779     13.525     3.4149     3.4220   2.922126   2.919442     2.7458     2.7063      8.179     0.5734     2.3982 7.0329e+00     0.1271    96.8729     7.5054     7.8512    31.6143    31.5753    25.1476    25.1160    7.53762 0.0000e+00
      19782     13.497     3.4150     3.4222   2.921953   2.919471     2.7454     2.7063      8.179     0.5734     2.3982 7.0574e+00     0.1271    96.8729     7.5048     7.8549    31.6121    31.5755    25.1459    25.1160    7.53772 0.0000e+00
      19785     13.473     3.4153     3.4219   2.921841   2.919397     2.7458     2.7063      8.179     0.5685     2.3982 7.0983e+00     0.1271    96.8729     7.5067     7.8573    31.6105    31.5749    25.1446    25.1157    7.53774 0.0000e+00
      19788     13.447     3.4155     3.4218   2.921762   2.919424     2.7454     2.7059      8.179     0.5343     2.3982 7.1395e+00     0.1271    96.8729     7.5048     7.8585    31.6094    31.5753    25.1436    25.1160    7.53775 0.0000e+00
      19791     13.422     3.4158     3.4214   2.921729   2.919483     2.7454     2.7063      8.179     0.5392     2.3982 7.1808e+00     0.1335    96.7165     7.5030     7.8638    31.6088    31.5765    25.1431    25.1169    7.53774 0.0000e+00
      19796     13.385     3.4160     3.4209   2.921687   2.919539     2.7458     2.7063      8.179     0.5392     2.3982 7.2309e+00     0.1393    96.5775     7.5030     7.8674    31.6080    31.5776    25.1425    25.1179    7.53773 0.0000e+00
      19804     13.337     3.4162     3.4201   2.921596   2.919483     2.7458     2.7063      8.177     0.5441     2.3982 7.2560e+00     0.1389    96.5862     7.5004     7.8707    31.6068    31.5777    25.1415    25.1180    7.53775 0.0000e+00
      19809     13.299     3.4162     3.4200   2.921443   2.919492     2.7458     2.7063      8.179     0.5587     2.3982 7.3150e+00     0.1342    96.6992     7.5014     7.8695    31.6050    31.5780    25.1401    25.1183    7.53785 0.0000e+00
      19815     13.259     3.4161     3.4196   2.921480   2.919623     2.7446     2.7067      8.179     0.6125     2.3982 7.3744e+00     0.1256    96.9077     7.4981     7.8703    31.6056    31.5800    25.1406    25.1199    7.53784 0.0000e+00
      19819     13.227     3.4159     3.4199   2.921581   2.919608     2.7458     2.7063      8.176     0.6027     2.3982 7.4257e+00     0.1256    96.9077     7.5020     7.8677    31.6070    31.5795    25.1417    25.1195    7.53781 0.0000e+00
      19827     13.173     3.4154     3.4201   2.921728   2.919740     2.7442     2.7067      8.179     0.5978     2.3982 7.4947e+00     0.1256    96.9077     7.4932     7.8683    31.6092    31.5809    25.1435    25.1206    7.53778 0.0000e+00
      19833     13.134     3.4151     3.4206   2.921809   2.919635     2.7458     2.7063      8.179     0.6076     2.3982 7.5469e+00     0.1246    96.9337     7.5013     7.8650    31.6105    31.5792    25.1446    25.1191    7.53778 0.0000e+00
      19839     13.090     3.4152     3.4213   2.921785   2.919467     2.7458     2.7067      8.179     0.5685     2.3982 7.5731e+00     0.1239    96.9511     7.5040     7.8650    31.6101    31.5765    25.1443    25.1170    7.53777 0.0000e+00
      19844     13.054     3.4149     3.4234   2.921910   2.919232     2.7446     2.7063      8.179     0.5539     2.3982 7.6346e+00     0.1239    96.9511     7.4987     7.8597    31.6120    31.5716    25.1458    25.1129    7.53775 0.0000e+00
      19847     13.032     3.4147     3.4230   2.921905   2.919250     2.7442     2.7063      8.179     0.5392     2.3982 7.6523e+00     0.1239    96.9511     7.4982     7.8563    31.6121    31.5723    25.1459    25.1134    7.53778 0.0000e+00
      19850     13.008     3.4148     3.4227   2.921799   2.919173     2.7450     2.7067      8.179     0.5490     2.3982 7.6700e+00     0.1239    96.9511     7.5016     7.8574    31.6108    31.5717    25.1448    25.1130    7.53783 0.0000e+00
      19855     12.972     3.4151     3.4225   2.921630   2.919143     2.7454     2.7063      8.179     0.5490     2.3982 7.7235e+00     0.1256    96.9077     7.5019     7.8526    31.6084    31.5716    25.1429    25.1130    7.53787 0.0000e+00
      19859     12.941     3.4155     3.4226   2.921711   2.919111     2.7454     2.7063      8.179     0.5441     2.3982 7.7592e+00     0.1260    96.8990     7.5022     7.8486    31.6091    31.5711    25.1434    25.1125    7.53778 0.0000e+00
      19862     12.918     3.4152     3.4238   2.921860   2.919057     2.7467     2.7063      8.179     0.5588     2.3982 7.7772e+00     0.1260    96.8990     7.5064     7.8461    31.6111    31.5693    25.1451    25.1110    7.53773 0.0000e+00
      19865     12.895     3.4145     3.4239   2.921837   2.919057     2.7446     2.7055      8.179     0.5783     2.3982 7.8042e+00     0.1256    96.9077     7.5013     7.8432    31.6116    31.5691    25.1455    25.1109    7.53784 0.0000e+00
      19868     12.872     3.4139     3.4238   2.921835   2.919093     2.7454     2.7055      8.179     0.5881     2.3982 7.8494e+00     0.1260    96.8990     7.5065     7.8419    31.6121    31.5697    25.1460    25.1113    7.53792 0.0000e+00
      19875     12.821     3.4147     3.4238   2.921732   2.919043     2.7463     2.7051      8.179     0.5929     2.3193 7.9041e+00     0.1217    97.0033     7.5063     7.8416    31.6101    31.5692    25.1443    25.1109    7.53787 0.0000e+00
      19878     12.797     3.4144     3.4231   2.921807   2.919066     2.7458     2.7047      8.179     0.5881     2.2798 7.9407e+00     0.1217    97.0033     7.5055     7.8406    31.6113    31.5701    25.1453    25.1117    7.53786 0.0000e+00
      19881     12.775     3.4143     3.4233   2.921703   2.919107     2.7450     2.7043      8.179     0.5832     2.2798 7.9683e+00     0.1221    96.9946     7.5040     7.8410    31.6102    31.5704    25.1444    25.1120    7.53794 0.0000e+00
      19884     12.750     3.4142     3.4230   2.921470   2.919130     2.7454     2.7047      8.177     0.5978     2.2798 8.0052e+00     0.1217    97.0033     7.5058     7.8460    31.6075    31.5710    25.1423    25.1124    7.53810 0.0000e+00
      19887     12.726     3.4140     3.4229   2.921475   2.919106     2.7458     2.7043      8.179     0.5881     2.2798 8.0238e+00     0.1217    97.0033     7.5080     7.8499    31.6078    31.5708    25.1426    25.1123    7.53813 0.0000e+00
      19890     12.705     3.4144     3.4232   2.921557   2.919099     2.7467     2.7047      8.179     0.5929     2.2798 8.0423e+00     0.1221    96.9946     7.5120     7.8557    31.6084    31.5705    25.1430    25.1120    7.53802 0.0000e+00
      19893     12.683     3.4146     3.4229   2.921553   2.919113     2.7471     2.7043      8.179     0.5881     2.2798 8.0796e+00     0.1253    96.9164     7.5118     7.8571    31.6082    31.5709    25.1428    25.1124    7.53799 0.0000e+00
      19896     12.658     3.4147     3.4225   2.921528   2.919099     2.7463     2.7047      8.179     0.5929     2.2798 8.1171e+00     0.1260    96.8990     7.5070     7.8597    31.6077    31.5712    25.1424    25.1126    7.53799 0.0000e+00
      19899     12.637     3.4149     3.4228   2.921515   2.919073     2.7454     2.7039      8.177     0.5978     2.2798 8.1641e+00     0.1256    96.9077     7.5032     7.8596    31.6075    31.5706    25.1422    25.1121    7.53797 0.0000e+00
      19903     12.608     3.4149     3.4226   2.921522   2.919065     2.7467     2.7039      8.179     0.5978     2.3982 8.1925e+00     0.1256    96.9077     7.5066     7.8625    31.6075    31.5707    25.1423    25.1122    7.53797 0.0000e+00
      19907     12.577     3.4149     3.4228   2.921358   2.919012     2.7467     2.7047      8.179     0.5929     2.3982 8.2400e+00     0.1260    96.8990     7.5045     7.8665    31.6056    31.5699    25.1407    25.1116    7.53806 0.0000e+00
