Datasets/AZMP/COO001/79001115.cnv
* Sea-Bird SBE 9 Data File:
* FileName = C:\CTDDATA\79001115.hex
* Software Version Seasave V 7.26.7.110
* Temperature SN = 5660
* Conductivity SN = 3698
* Number of Bytes Per Scan = 30
* Number of Voltage Words = 4
* Number of Scans Averaged by the Deck Unit = 1
* NMEA baud rate = 9600
** VESSEL/TRIP/SEQ STN:  79001115
** LATITUDE XX XX.XX N:  47 00.00 N
** LONGITUDE XX XX.XX W:  47 49.00 W
** SOUNDING DEPTH (M):  0165
** PROBE TYPE: S1257
** CTD NUMBER: 075
** COMMENTS (14 CHAR): FC-13
** BOTTLES:  12
** LEVELS: 5,5,10,20,20,30,40,50,75,100,150,BTM
** STICKERS: 435545 - 435556
** VNET: Y
** DO2: N
# nquan = 22
# nvalues = 4127                        
# units = specified
# name 0 = scan: Scan Count
# name 1 = prDM: Pressure, Digiquartz [db]
# name 2 = t090C: Temperature [ITS-90, deg C]
# name 3 = t190C: Temperature, 2 [ITS-90, deg C]
# name 4 = c0S/m: Conductivity [S/m]
# name 5 = c1S/m: Conductivity, 2 [S/m]
# name 6 = sbeox0V: Oxygen raw, SBE 43 [V]
# name 7 = sbeox1V: Oxygen raw, SBE 43, 2 [V]
# name 8 = ph: pH
# name 9 = flECO-AFL: Fluorescence, WET Labs ECO-AFL/FL [mg/m^3]
# name 10 = wetCDOM: Fluorescence, WET Labs CDOM [mg/m^3]
# name 11 = par/sat/log: PAR/Logarithmic, Satlantic [umol photons/m^2/sec]
# name 12 = CStarAt0: Beam Attenuation, WET Labs C-Star [1/m]
# name 13 = CStarTr0: Beam Transmission, WET Labs C-Star [%]
# name 14 = sbeox0ML/L: Oxygen, SBE 43 [ml/l], WS = 2
# name 15 = sbeox1ML/L: Oxygen, SBE 43, 2 [ml/l], WS = 2
# name 16 = sal00: Salinity, Practical [PSU]
# name 17 = sal11: Salinity, Practical, 2 [PSU]
# name 18 = sigma-t00: Density [sigma-t, kg/m^3 ]
# name 19 = sigma-t11: Density, 2 [sigma-t, kg/m^3 ]
# name 20 = oxsatML/L: Oxygen Saturation, Weiss [ml/l]
# name 21 = flag: flag
# span 0 =        100,      44199       
# span 1 =      0.510,    161.180       
# span 2 =    -0.3448,     2.9673       
# span 3 =    -0.3593,     2.9667       
# span 4 =   2.719756,   2.964543       
# span 5 =   2.719589,   2.964797       
# span 6 =     2.3946,     2.7842       
# span 7 =     2.3690,     2.7493       
# span 8 =      8.048,      8.147       
# span 9 =    -0.0078,     1.3011       
# span 10 =     1.0954,     2.3982      
# span 11 = 1.0728e-01, 2.2209e+00      
# span 12 =     0.0545,     0.9823      
# span 13 =    78.2246,    98.6456      
# span 14 =     6.4758,     7.7918      
# span 15 =     7.0915,     8.3199      
# span 16 =    32.4933,    33.9042      
# span 17 =    32.5692,    33.8936      
# span 18 =    25.9487,    27.1601      
# span 19 =    25.9479,    27.1488      
# span 20 =    7.57421,    8.23673      
# span 21 = 0.0000e+00, 0.0000e+00      
# interval = scans: 3                   
# start_time = Dec 06 2019 21:49:21 [System UTC, header]
# bad_flag = -9.990e-29
*END*
[from data line 132]
        987     14.424     2.9241     2.9430   2.963744   2.964371     2.6728     2.7424      8.138     0.9495     1.6876 1.0765e-01     0.1606    96.0648     7.3379     8.0373    32.6034    32.5919    25.9787    25.9679    7.58087 0.0000e+00
        990     14.531     2.9246     2.9425   2.963751   2.964398     2.6740     2.7424      8.138     0.9592     1.6876 1.0790e-01     0.1606    96.0648     7.3465     8.0355    32.6028    32.5926    25.9783    25.9686    7.58079 0.0000e+00
        993     14.644     2.9248     2.9435   2.963759   2.964449     2.6748     2.7424      8.139     0.9544     1.6876 1.0790e-01     0.1631    96.0040     7.3524     8.0338    32.6027    32.5922    25.9781    25.9681    7.58076 0.0000e+00
        996     14.765     2.9238     2.9468   2.963687   2.964554     2.6756     2.7424      8.138     0.9641     1.6876 1.0752e-01     0.2403    94.1704     7.3604     8.0322    32.6028    32.5900    25.9783    25.9661    7.58096 0.0000e+00
        999     14.890     2.9205     2.9499   2.963583   2.964639     2.6760     2.7420      8.138     0.9544     1.6876 1.0752e-01     0.2466    94.0227     7.3643     8.0297    32.6048    32.5878    25.9802    25.9641    7.58148 0.0000e+00
       1002     15.021     2.9168     2.9500   2.963549   2.964567     2.6760     2.7416      8.138     0.9544     1.6876 1.0752e-01     0.2466    94.0227     7.3675     8.0282    32.6081    32.5868    25.9831    25.9633    7.58202 0.0000e+00
       1005     15.157     2.9148     2.9361   2.963534   2.964106     2.6768     2.7420      8.138     0.9592     1.6876 1.0752e-01     0.2466    94.0227     7.3722     8.0308    32.6099    32.5952    25.9847    25.9712    7.58232 0.0000e+00
       1008     15.299     2.9129     2.9184   2.963516   2.963804     2.6789     2.7416      8.138     0.9592     1.6876 1.0765e-01     0.2462    94.0314     7.3806     8.0321    32.6115    32.6094    25.9862    25.9840    7.58259 0.0000e+00
       1011     15.435     2.9102     2.9099   2.963464   2.963704     2.6789     2.7416      8.138     0.9739     1.6876 1.0752e-01     0.2462    94.0314     7.3827     8.0344    32.6136    32.6168    25.9880    25.9907    7.58301 0.0000e+00
       1014     15.574     2.9075     2.9051   2.963458   2.963663     2.6797     2.7412      8.138     0.9690     1.6876 1.0752e-01     0.2300    94.4137     7.3876     8.0351    32.6161    32.6211    25.9903    25.9945    7.58339 0.0000e+00
       1017     15.712     2.9043     2.8987   2.963426   2.963616     2.6797     2.7412      8.138     0.9641     1.6876 1.0777e-01     0.1656    95.9431     7.3898     8.0397    32.6189    32.6269    25.9928    25.9997    7.58386 0.0000e+00
       1020     15.850     2.9029     2.8924   2.963413   2.963462     2.6805     2.7412      8.138     0.9690     1.6876 1.0752e-01     0.1671    95.9084     7.3945     8.0434    32.6201    32.6313    25.9939    26.0037    7.58407 0.0000e+00
       1023     15.988     2.9027     2.8866   2.963434   2.963426     2.6813     2.7412      8.138     0.9641     1.6876 1.0790e-01     0.1667    95.9171     7.3975     8.0480    32.6205    32.6368    25.9942    26.0086    7.58409 0.0000e+00
       1026     16.125     2.9025     2.8851   2.963412   2.963358     2.6822     2.7412      8.138     0.9641     1.6876 1.0765e-01     0.1667    95.9171     7.4003     8.0512    32.6203    32.6374    25.9941    26.0092    7.58413 0.0000e+00
       1029     16.261     2.9007     2.8828   2.963402   2.963242     2.6826     2.7412      8.138     0.9788     1.6876 1.0765e-01     0.1671    95.9084     7.4023     8.0548    32.6220    32.6383    25.9956    26.0101    7.58440 0.0000e+00
       1032     16.394     2.8978     2.8691   2.963296   2.962738     2.6834     2.7412      8.138     0.9641     1.6876 1.0790e-01     0.1667    95.9171     7.4067     8.0588    32.6235    32.6459    25.9971    26.0173    7.58487 0.0000e+00
       1035     16.523     2.8922     2.8568   2.963185   2.962482     2.6854     2.7412      8.138     0.9690     1.6876 1.0777e-01     0.1671    95.9084     7.4164     8.0618    32.6278    32.6553    26.0010    26.0258    7.58573 0.0000e+00
       1038     16.648     2.8864     2.8486   2.963038   2.962229     2.6862     2.7412      8.138     0.9788     1.6876 1.0765e-01     0.1675    95.8997     7.4215     8.0653    32.6319    32.6604    26.0047    26.0306    7.58664 0.0000e+00
       1041     16.766     2.8805     2.8399   2.962901   2.961990     2.6870     2.7420      8.138     0.9739     1.6876 1.0777e-01     0.1671    95.9084     7.4251     8.0713    32.6362    32.6663    26.0086    26.0361    7.58755 0.0000e+00
       1044     16.881     2.8736     2.8374   2.962557   2.961987     2.6870     2.7416      8.138     0.9690     1.6876 1.0790e-01     0.1671    95.9084     7.4270     8.0714    32.6389    32.6687    26.0114    26.0382    7.58872 0.0000e+00
       1047     16.991     2.8647     2.8370   2.962313   2.961959     2.6870     2.7416      8.138     0.9690     1.6876 1.0790e-01     0.1671    95.9084     7.4275     8.0722    32.6449    32.6688    26.0169    26.0383    7.59013 0.0000e+00
       1050     17.099     2.8574     2.8361   2.962216   2.961985     2.6887     2.7424      8.138     0.9739     1.6876 1.0777e-01     0.1671    95.9084     7.4344     8.0754    32.6511    32.6699    26.0225    26.0393    7.59121 0.0000e+00
       1053     17.202     2.8540     2.8354   2.962311   2.961980     2.6899     2.7424      8.138     0.9641     1.6876 1.0790e-01     0.1671    95.9084     7.4384     8.0757    32.6557    32.6705    26.0264    26.0399    7.59162 0.0000e+00
       1056     17.297     2.8526     2.8352   2.962208   2.961948     2.6907     2.7412      8.138     0.9739     1.6876 1.0777e-01     0.1671    95.9084     7.4402     8.0738    32.6558    32.6704    26.0266    26.0397    7.59189 0.0000e+00
       1059     17.387     2.8489     2.8352   2.962078   2.961976     2.6911     2.7416      8.138     0.9690     1.6876 1.0790e-01     0.1671    95.9084     7.4400     8.0770    32.6579    32.6706    26.0286    26.0399    7.59248 0.0000e+00
       1062     17.476     2.8469     2.8353   2.962021   2.961948     2.6923     2.7424      8.138     0.9739     1.5692 1.0777e-01     0.1671    95.9084     7.4437     8.0808    32.6592    32.6702    26.0298    26.0395    7.59280 0.0000e+00
       1065     17.561     2.8466     2.8322   2.962048   2.961965     2.6923     2.7424      8.138     1.0032     1.5692 1.0777e-01     0.1671    95.9084     7.4426     8.0826    32.6598    32.6734    26.0303    26.0424    7.59283 0.0000e+00
       1068     17.639     2.8451     2.8298   2.961966   2.961986     2.6944     2.7424      8.138     0.9983     1.5692 1.0790e-01     0.1671    95.9084     7.4480     8.0836    32.6603    32.6761    26.0308    26.0447    7.59310 0.0000e+00
       1071     17.710     2.8425     2.8298   2.961959   2.961979     2.6939     2.7424      8.138     0.9983     1.5692 1.0790e-01     0.1671    95.9084     7.4425     8.0847    32.6628    32.6760    26.0331    26.0447    7.59347 0.0000e+00
       1074     17.775     2.8424     2.8300   2.962110   2.961975     2.6948     2.7424      8.138     1.0032     1.5692 1.0790e-01     0.1671    95.9084     7.4418     8.0868    32.6647    32.6757    26.0345    26.0444    7.59338 0.0000e+00
       1077     17.833     2.8533     2.8288   2.962605   2.961988     2.6964     2.7428      8.138     0.9983     1.5692 1.0777e-01     0.1642    95.9779     7.4422     8.0894    32.6597    32.6771    26.0297    26.0456    7.59156 0.0000e+00
       1080     17.887     2.8672     2.8296   2.962940   2.962002     2.6964     2.7436      8.138     0.9983     1.5692 1.0777e-01     0.1638    95.9866     7.4366     8.0912    32.6495    32.6764    26.0204    26.0450    7.58941 0.0000e+00
       1083     17.934     2.8792     2.8293   2.963114   2.962029     2.6960     2.7436      8.138     1.0032     1.5692 1.0777e-01     0.1638    95.9866     7.4300     8.0882    32.6394    32.6769    26.0113    26.0455    7.58762 0.0000e+00
       1086     17.976     2.8843     2.8294   2.963088   2.962056     2.6972     2.7436      8.138     0.9983     1.5692 1.0777e-01     0.1638    95.9866     7.4300     8.0877    32.6339    32.6772    26.0064    26.0457    7.58692 0.0000e+00
       1089     18.013     2.8861     2.8304   2.963056   2.962068     2.6972     2.7436      8.138     0.9837     1.6481 1.0790e-01     0.1638    95.9866     7.4264     8.0860    32.6316    32.6763    26.0045    26.0449    7.58670 0.0000e+00
       1092     18.044     2.8869     2.8309   2.963073   2.962102     2.6972     2.7436      8.138     0.9544     1.6876 1.0777e-01     0.1638    95.9866     7.4238     8.0839    32.6311    32.6762    26.0040    26.0447    7.58658 0.0000e+00
       1095     18.072     2.8867     2.8320   2.963100   2.962115     2.6976     2.7440      8.138     0.9495     1.6876 1.0777e-01     0.1642    95.9779     7.4240     8.0840    32.6315    32.6752    26.0044    26.0438    7.58658 0.0000e+00
       1138     18.103     2.9017     2.8793   2.963516   2.963110     2.7001     2.7424      8.138     1.1009     1.4507 1.0790e-01     0.1656    95.9431     7.4269     8.0384    32.6214    32.6392    25.9950    26.0111    7.58423 0.0000e+00
       1161     18.130     2.9090     2.8982   2.963541   2.963607     2.7013     2.7412      8.139     1.1692     1.3323 1.0790e-01     0.1660    95.9344     7.4318     8.0176    32.6142    32.6260    25.9887    25.9990    7.58319 0.0000e+00
       1164     18.162     2.9003     2.8991   2.963197   2.963590     2.7025     2.7412      8.138     1.1790     1.3323 1.0790e-01     0.1660    95.9344     7.4416     8.0173    32.6189    32.6249    25.9931    25.9980    7.58463 0.0000e+00
       1167     18.203     2.8906     2.8989   2.963103   2.963600     2.7021     2.7403      8.138     1.1741     1.4112 1.0790e-01     0.1660    95.9344     7.4473     8.0136    32.6275    32.6252    26.0009    25.9983    7.58604 0.0000e+00
       1170     18.250     2.8879     2.8978   2.963205   2.963624     2.7021     2.7403      8.138     1.1546     1.4507 1.0790e-01     0.1656    95.9431     7.4526     8.0151    32.6315    32.6266    26.0043    25.9995    7.58636 0.0000e+00
       1173     18.305     2.8895     2.8990   2.963280   2.963643     2.7029     2.7399      8.138     1.1595     1.4507 1.0790e-01     0.1660    95.9344     7.4592     8.0130    32.6308    32.6255    26.0036    25.9985    7.58609 0.0000e+00
       1176     18.365     2.8913     2.8982   2.963311   2.963610     2.7037     2.7399      8.138     1.1595     1.4507 1.0765e-01     0.1656    95.9431     7.4651     8.0122    32.6293    32.6259    26.0022    25.9989    7.58583 0.0000e+00
       1179     18.431     2.8885     2.8972   2.963090   2.963581     2.7045     2.7399      8.138     1.1546     1.4507 1.0777e-01     0.1649    95.9605     7.4722     8.0131    32.6295    32.6265    26.0026    25.9995    7.58636 0.0000e+00
       1182     18.499     2.8802     2.8944   2.962817   2.963488     2.7049     2.7399      8.138     1.1546     1.4507 1.0777e-01     0.1649    95.9605     7.4795     8.0119    32.6345    32.6282    26.0073    26.0011    7.58768 0.0000e+00
       1185     18.574     2.8696     2.8908   2.962503   2.963455     2.7066     2.7399      8.138     1.1643     1.4507 1.0777e-01     0.1649    95.9605     7.4885     8.0104    32.6414    32.6314    26.0137    26.0039    7.58936 0.0000e+00
       1188     18.656     2.8591     2.8904   2.962394   2.963495     2.7070     2.7387      8.138     1.1595     1.4507 1.0765e-01     0.1653    95.9518     7.4954     8.0051    32.6507    32.6323    26.0220    26.0047    7.59090 0.0000e+00
       1191     18.745     2.8506     2.8909   2.962145   2.963472     2.7082     2.7387      8.138     1.1595     1.4112 1.0790e-01     0.1653    95.9518     7.5069     8.0043    32.6563    32.6315    26.0271    26.0040    7.59225 0.0000e+00
       1194     18.837     2.8383     2.8881   2.961912   2.963419     2.7082     2.7387      8.138     1.0178     1.2139 1.0790e-01     0.1656    95.9431     7.5121     8.0040    32.6659    32.6337    26.0359    26.0059    7.59411 0.0000e+00
       1197     18.936     2.8294     2.8872   2.961833   2.963426     2.7098     2.7379      8.138     0.9739     1.2139 1.0790e-01     0.1653    95.9518     7.5183     7.9982    32.6739    32.6345    26.0430    26.0067    7.59540 0.0000e+00
       1200     19.045     2.8229     2.8913   2.961781   2.963529     2.7094     2.7375      8.138     0.9690     1.2139 1.0777e-01     0.1649    95.9605     7.5191     7.9942    32.6799    32.6315    26.0484    26.0040    7.59636 0.0000e+00
       1203     19.158     2.8183     2.8926   2.961734   2.963547     2.7110     2.7375      8.138     0.9690     1.2139 1.0790e-01     0.1649    95.9605     7.5260     7.9939    32.6839    32.6304    26.0519    26.0030    7.59703 0.0000e+00
       1206     19.276     2.8153     2.8915   2.961712   2.963423     2.7127     2.7367      8.138     0.9641     1.2139 1.0777e-01     0.1649    95.9605     7.5324     7.9930    32.6867    32.6299    26.0544    26.0027    7.59747 0.0000e+00
       1209     19.401     2.8128     2.8661   2.961654   2.962747     2.7123     2.7363      8.138     0.9641     1.2139 1.0790e-01     0.1649    95.9605     7.5305     7.9995    32.6884    32.6475    26.0560    26.0189    7.59786 0.0000e+00
       1212     19.528     2.8120     2.8425   2.961719   2.962406     2.7147     2.7363      8.138     0.9690     1.2139 1.0777e-01     0.1649    95.9605     7.5378     8.0075    32.6900    32.6673    26.0573    26.0367    7.59794 0.0000e+00
       1215     19.657     2.8122     2.8277   2.961756   2.962169     2.7176     2.7363      8.138     0.9739     1.2139 1.0790e-01     0.1649    95.9605     7.5451     8.0130    32.6901    32.6794    26.0574    26.0476    7.59788 0.0000e+00
       1218     19.790     2.8115     2.8154   2.961693   2.961982     2.7159     2.7354      8.138     0.9641     1.2534 1.0790e-01     0.1649    95.9605     7.5383     8.0164    32.6900    32.6896    26.0574    26.0567    7.59802 0.0000e+00
       1221     19.926     2.8080     2.8109   2.961485   2.961911     2.7167     2.7350      8.138     0.9544     1.4507 1.0790e-01     0.1649    95.9605     7.5399     8.0210    32.6910    32.6932    26.0585    26.0600    7.59866 0.0000e+00
       1224     20.068     2.8038     2.8076   2.961395   2.961801     2.7180     2.7350      8.138     0.9446     1.4507 1.0777e-01     0.1649    95.9605     7.5441     8.0253    32.6941    32.6951    26.0613    26.0618    7.59930 0.0000e+00
       1227     20.209     2.8012     2.8042   2.961371   2.961747     2.7188     2.7350      8.138     0.9592     1.4507 1.0777e-01     0.1649    95.9605     7.5434     8.0302    32.6963    32.6978    26.0633    26.0643    7.59968 0.0000e+00
       1230     20.343     2.7994     2.8017   2.961323   2.961652     2.7196     2.7350      8.138     0.9592     1.4507 1.0790e-01     0.1653    95.9518     7.5457     8.0345    32.6975    32.6991    26.0644    26.0655    7.59997 0.0000e+00
       1233     20.477     2.7972     2.7987   2.961101   2.961556     2.7200     2.7350      8.138     0.9544     1.4507 1.0790e-01     0.1649    95.9605     7.5456     8.0377    32.6970    32.7011    26.0641    26.0673    7.60042 0.0000e+00
       1236     20.613     2.7906     2.7968   2.960556   2.961533     2.7196     2.7350      8.138     0.9544     1.4507 1.0790e-01     0.1653    95.9518     7.5425     8.0406    32.6970    32.7026    26.0647    26.0687    7.60168 0.0000e+00
       1239     20.739     2.7849     2.7960   2.960471   2.961495     2.7208     2.7350      8.138     0.9544     1.4507 1.0777e-01     0.1645    95.9692     7.5468     8.0426    32.7017    32.7029    26.0689    26.0689    7.60253 0.0000e+00
