Datasets/AZMP/COO001/79001050.cnv
* Sea-Bird SBE 9 Data File:
* FileName = C:\CTDDATA\79001050.hex
* Software Version Seasave V 7.26.7.110
* Temperature SN = 5660
* Conductivity SN = 3698
* Number of Bytes Per Scan = 30
* Number of Voltage Words = 4
* Number of Scans Averaged by the Deck Unit = 1
* NMEA baud rate = 9600
** VESSEL/TRIP/SEQ STN:  79001050
** LATITUDE XX XX.XX N:  47 00.0  N
** LONGITUDE XX XX.XX W:  43 50.00
** SOUNDING DEPTH (M):  0575
** PROBE TYPE: S1257
** CTD NUMBER: 025
** COMMENTS (14 CHAR): FC-31
** BOTTLES:  21
** LEVELS: 5,5,5,5,10,20,20,20,20,30,40,50,50,50,50,75,100,100,100,150,BTM
** STICKERS: 434965 - 434985
** VNET: Y
** DO2: N
# nquan = 22
# nvalues = 12391                       
# units = specified
# name 0 = scan: Scan Count
# name 1 = prDM: Pressure, Digiquartz [db]
# name 2 = t090C: Temperature [ITS-90, deg C]
# name 3 = t190C: Temperature, 2 [ITS-90, deg C]
# name 4 = c0S/m: Conductivity [S/m]
# name 5 = c1S/m: Conductivity, 2 [S/m]
# name 6 = sbeox0V: Oxygen raw, SBE 43 [V]
# name 7 = sbeox1V: Oxygen raw, SBE 43, 2 [V]
# name 8 = ph: pH
# name 9 = flECO-AFL: Fluorescence, WET Labs ECO-AFL/FL [mg/m^3]
# name 10 = wetCDOM: Fluorescence, WET Labs CDOM [mg/m^3]
# name 11 = par/sat/log: PAR/Logarithmic, Satlantic [umol photons/m^2/sec]
# name 12 = CStarAt0: Beam Attenuation, WET Labs C-Star [1/m]
# name 13 = CStarTr0: Beam Transmission, WET Labs C-Star [%]
# name 14 = sbeox0ML/L: Oxygen, SBE 43 [ml/l], WS = 2
# name 15 = sbeox1ML/L: Oxygen, SBE 43, 2 [ml/l], WS = 2
# name 16 = sal00: Salinity, Practical [PSU]
# name 17 = sal11: Salinity, Practical, 2 [PSU]
# name 18 = sigma-t00: Density [sigma-t, kg/m^3 ]
# name 19 = sigma-t11: Density, 2 [sigma-t, kg/m^3 ]
# name 20 = oxsatML/L: Oxygen Saturation, Weiss [ml/l]
# name 21 = flag: flag
# span 0 =         31,      87584       
# span 1 =      0.323,    565.528       
# span 2 =     3.6335,     7.2370       
# span 3 =     3.6227,     7.2360       
# span 4 =   1.071538,   3.465577       
# span 5 =   2.837938,   3.465718       
# span 6 =     2.3041,     2.7899       
# span 7 =     2.2886,     2.7460       
# span 8 =      8.027,      8.180       
# span 9 =    -0.0176,     2.1509       
# span 10 =    -2.8130,   482.1870      
# span 11 = 1.0752e-01, 1.8162e+00      
# span 12 =     0.0366,     1.1362      
# span 13 =    75.2745,    99.0888      
# span 14 =     5.8185,     7.0823      
# span 15 =     6.1188,     7.2032      
# span 16 =     9.4966,    34.8926      
# span 17 =    27.4032,    34.8879      
# span 18 =     7.3737,    27.7195      
# span 19 =    21.4202,    27.7222      
# span 20 =    6.76796,    7.94016      
# span 21 = 0.0000e+00, 0.0000e+00      
# interval = scans: 3                   
# start_time = Nov 28 2019 08:30:27 [System UTC, header]
# bad_flag = -9.990e-29
*END*
[from data line 5861]
      20655    559.306     3.7173     3.7163   3.245325   3.245504     2.3531     2.3201      8.043    -0.0127     1.4507 1.0815e-01     0.0747    98.1503     6.4518     6.7789    34.8789    34.8821    27.7190    27.7216    7.32035 0.0000e+00
      20658    559.332     3.7173     3.7164   3.245351   3.245500     2.3527     2.3205      8.043    -0.0127     1.4507 1.0802e-01     0.0747    98.1503     6.4503     6.7819    34.8792    34.8819    27.7192    27.7215    7.32034 0.0000e+00
      20661    559.359     3.7175     3.7162   3.245386   3.245489     2.3527     2.3205      8.043    -0.0176     1.4507 1.0802e-01     0.0743    98.1590     6.4513     6.7830    34.8794    34.8820    27.7194    27.7216    7.32030 0.0000e+00
      20664    559.384     3.7177     3.7158   3.245420   3.245497     2.3527     2.3205      8.043    -0.0127     1.4507 1.0802e-01     0.0736    98.1764     6.4516     6.7837    34.8796    34.8825    27.7195    27.7220    7.32024 0.0000e+00
      20667    559.407     3.7182     3.7157   3.245476   3.245484     2.3519     2.3205      8.043    -0.0176     1.4507 1.0827e-01     0.0736    98.1764     6.4486     6.7839    34.8797    34.8824    27.7195    27.7219    7.32015 0.0000e+00
      20670    559.430     3.7185     3.7156   3.245504   3.245472     2.3523     2.3209      8.043    -0.0176     1.4507 1.0790e-01     0.0736    98.1764     6.4490     6.7847    34.8797    34.8824    27.7195    27.7219    7.32010 0.0000e+00
      20673    559.453     3.7189     3.7158   3.245493   3.245517     2.3527     2.3213      8.043    -0.0127     1.4507 1.0815e-01     0.0736    98.1764     6.4517     6.7861    34.8792    34.8827    27.7190    27.7221    7.32006 0.0000e+00
      20677    559.487     3.7190     3.7170   3.245526   3.245546     2.3535     2.3209      8.043    -0.0176     1.4507 1.0802e-01     0.0736    98.1764     6.4547     6.7830    34.8794    34.8818    27.7192    27.7213    7.32002 0.0000e+00
      20681    559.518     3.7196     3.7172   3.245538   3.245596     2.3519     2.3213      8.043    -0.0176     1.4507 1.0815e-01     0.0736    98.1764     6.4501     6.7824    34.8789    34.8821    27.7187    27.7215    7.31994 0.0000e+00
      20684    559.547     3.7194     3.7177   3.245533   3.245641     2.3527     2.3213      8.043    -0.0176     1.4112 1.0802e-01     0.0729    98.1938     6.4545     6.7810    34.8790    34.8821    27.7188    27.7215    7.31996 0.0000e+00
      20687    559.579     3.7196     3.7183   3.245564   3.245675     2.3523     2.3213      8.043    -0.0176     1.4507 1.0790e-01     0.0726    98.2025     6.4533     6.7802    34.8792    34.8818    27.7189    27.7212    7.31992 0.0000e+00
      20690    559.615     3.7199     3.7185   3.245600   3.245722     2.3523     2.3213      8.043    -0.0078     1.4507 1.0815e-01     0.0733    98.1851     6.4531     6.7783    34.8793    34.8822    27.7190    27.7215    7.31987 0.0000e+00
      20693    559.653     3.7201     3.7188   3.245603   3.245719     2.3523     2.3209      8.043    -0.0029     1.4507 1.0802e-01     0.0726    98.2025     6.4525     6.7759    34.8790    34.8818    27.7188    27.7212    7.31983 0.0000e+00
      20696    559.695     3.7202     3.7190   3.245611   3.245749     2.3527     2.3213      8.043    -0.0029     1.4507 1.0790e-01     0.0733    98.1851     6.4540     6.7762    34.8791    34.8819    27.7188    27.7212    7.31983 0.0000e+00
      20699    559.743     3.7201     3.7189   3.245568   3.245691     2.3515     2.3213      8.043    -0.0029     1.4507 1.0802e-01     0.0729    98.1938     6.4508     6.7763    34.8786    34.8814    27.7184    27.7208    7.31986 0.0000e+00
      20702    559.798     3.7200     3.7171   3.245537   3.245553     2.3523     2.3213      8.043     0.0020     1.4507 1.0802e-01     0.0736    98.1764     6.4527     6.7753    34.8783    34.8815    27.7183    27.7211    7.31990 0.0000e+00
      20705    559.860     3.7196     3.7160   3.245513   3.245489     2.3527     2.3213      8.043    -0.0029     1.4507 1.0802e-01     0.0733    98.1851     6.4554     6.7753    34.8784    34.8819    27.7184    27.7215    7.31996 0.0000e+00
      20708    559.928     3.7192     3.7156   3.245449   3.245455     2.3523     2.3213      8.043    -0.0029     1.4507 1.0802e-01     0.0733    98.1851     6.4541     6.7756    34.8780    34.8819    27.7181    27.7216    7.32005 0.0000e+00
      20711    560.004     3.7186     3.7154   3.245391   3.245459     2.3523     2.3213      8.043    -0.0029     1.4507 1.0815e-01     0.0726    98.2025     6.4546     6.7758    34.8780    34.8822    27.7181    27.7218    7.32017 0.0000e+00
      20714    560.084     3.7180     3.7154   3.245363   3.245458     2.3515     2.3213      8.043    -0.0029     1.4507 1.0802e-01     0.0729    98.1938     6.4510     6.7760    34.8782    34.8821    27.7184    27.7217    7.32026 0.0000e+00
      20717    560.167     3.7180     3.7156   3.245390   3.245463     2.3523     2.3213      8.043    -0.0029     1.5297 1.0802e-01     0.0726    98.2025     6.4542     6.7762    34.8785    34.8819    27.7186    27.7215    7.32025 0.0000e+00
      20720    560.262     3.7178     3.7155   3.245377   3.245467     2.3527     2.3213      8.043     0.0020     1.5692 1.0815e-01     0.0733    98.1851     6.4564     6.7756    34.8785    34.8819    27.7186    27.7216    7.32028 0.0000e+00
      20723    560.359     3.7175     3.7154   3.245348   3.245471     2.3523     2.3213      8.043    -0.0029     1.5692 1.0790e-01     0.0736    98.1764     6.4544     6.7778    34.8784    34.8821    27.7186    27.7217    7.32034 0.0000e+00
      20726    560.463     3.7173     3.7155   3.245368   3.245515     2.3523     2.3213      8.043    -0.0029     1.5692 1.0790e-01     0.0736    98.1764     6.4522     6.7775    34.8788    34.8825    27.7189    27.7220    7.32036 0.0000e+00
      20729    560.573     3.7172     3.7157   3.245378   3.245515     2.3523     2.3213      8.043     0.0068     1.5692 1.0790e-01     0.0736    98.1764     6.4530     6.7772    34.8790    34.8822    27.7190    27.7218    7.32037 0.0000e+00
      20732    560.690     3.7173     3.7159   3.245425   3.245512     2.3519     2.3213      8.043    -0.0029     1.5692 1.0790e-01     0.0736    98.1764     6.4533     6.7779    34.8793    34.8819    27.7193    27.7215    7.32033 0.0000e+00
      20735    560.815     3.7174     3.7159   3.245426   3.245532     2.3523     2.3213      8.043    -0.0029     1.5692 1.0790e-01     0.0736    98.1764     6.4551     6.7806    34.8792    34.8820    27.7192    27.7216    7.32031 0.0000e+00
      20738    560.945     3.7175     3.7158   3.245436   3.245548     2.3519     2.3213      8.043     0.0020     1.5692 1.0790e-01     0.0740    98.1677     6.4534     6.7811    34.8791    34.8822    27.7191    27.7218    7.32030 0.0000e+00
      20741    561.079     3.7176     3.7158   3.245445   3.245542     2.3519     2.3213      8.043    -0.0029     1.5692 1.0802e-01     0.0740    98.1677     6.4526     6.7802    34.8791    34.8821    27.7191    27.7217    7.32029 0.0000e+00
      20744    561.217     3.7175     3.7159   3.245420   3.245550     2.3527     2.3217      8.043    -0.0176     1.5692 1.0815e-01     0.0757    98.1243     6.4541     6.7835    34.8788    34.8821    27.7188    27.7216    7.32031 0.0000e+00
      20747    561.363     3.7174     3.7159   3.245426   3.245551     2.3511     2.3217      8.043    -0.0176     1.5692 1.0790e-01     0.0757    98.1243     6.4494     6.7858    34.8789    34.8820    27.7190    27.7216    7.32034 0.0000e+00
      20750    561.507     3.7172     3.7159   3.245403   3.245593     2.3519     2.3213      8.043    -0.0176     1.5692 1.0802e-01     0.0757    98.1243     6.4534     6.7855    34.8788    34.8824    27.7189    27.7219    7.32038 0.0000e+00
      20753    561.654     3.7170     3.7160   3.245391   3.245583     2.3527     2.3213      8.043    -0.0127     1.5692 1.0815e-01     0.0757    98.1243     6.4568     6.7874    34.8787    34.8821    27.7189    27.7217    7.32041 0.0000e+00
      20756    561.806     3.7168     3.7158   3.245380   3.245580     2.3523     2.3217      8.043    -0.0176     1.5692 1.0802e-01     0.0757    98.1243     6.4563     6.7903    34.8788    34.8822    27.7190    27.7218    7.32045 0.0000e+00
      20759    561.955     3.7166     3.7156   3.245381   3.245568     2.3519     2.3226      8.043    -0.0176     1.5692 1.0802e-01     0.0757    98.1243     6.4545     6.7922    34.8789    34.8821    27.7190    27.7217    7.32047 0.0000e+00
      20762    562.101     3.7165     3.7157   3.245425   3.245586     2.3523     2.3213      8.043    -0.0176     1.5297 1.0802e-01     0.0768    98.0982     6.4537     6.7875    34.8794    34.8822    27.7195    27.7218    7.32047 0.0000e+00
      20765    562.252     3.7167     3.7158   3.245431   3.245610     2.3515     2.3213      8.043    -0.0176     1.5692 1.0802e-01     0.0779    98.0721     6.4499     6.7876    34.8792    34.8824    27.7193    27.7219    7.32045 0.0000e+00
      20768    562.398     3.7166     3.7154   3.245389   3.245573     2.3511     2.3226      8.043    -0.0078     1.5297 1.0802e-01     0.0779    98.0721     6.4496     6.7921    34.8788    34.8822    27.7189    27.7218    7.32048 0.0000e+00
      20771    562.539     3.7166     3.7153   3.245409   3.245591     2.3523     2.3222      8.043    -0.0029     1.4507 1.0802e-01     0.0779    98.0721     6.4550     6.7916    34.8789    34.8825    27.7191    27.7220    7.32048 0.0000e+00
      20774    562.675     3.7165     3.7152   3.245428   3.245548     2.3527     2.3226      8.043    -0.0029     1.4507 1.0802e-01     0.0779    98.0721     6.4553     6.7892    34.8792    34.8820    27.7193    27.7217    7.32049 0.0000e+00
      20777    562.808     3.7163     3.7148   3.245405   3.245531     2.3515     2.3226      8.043     0.0068     1.4507 1.0802e-01     0.0779    98.0721     6.4529     6.7843    34.8790    34.8821    27.7192    27.7218    7.32052 0.0000e+00
      20780    562.936     3.7163     3.7144   3.245397   3.245544     2.3523     2.3226      8.043     0.0020     1.4507 1.0815e-01     0.0779    98.0721     6.4569     6.7802    34.8789    34.8826    27.7191    27.7222    7.32054 0.0000e+00
      20783    563.053     3.7163     3.7148   3.245436   3.245553     2.3511     2.3217      8.043    -0.0029     1.4507 1.0802e-01     0.0786    98.0547     6.4526     6.7766    34.8793    34.8823    27.7194    27.7220    7.32052 0.0000e+00
      20786    563.166     3.7163     3.7150   3.245420   3.245595     2.3507     2.3226      8.043    -0.0029     1.4507 1.0815e-01     0.0789    98.0460     6.4507     6.7791    34.8790    34.8825    27.7192    27.7220    7.32052 0.0000e+00
      20789    563.273     3.7162     3.7150   3.245413   3.245578     2.3519     2.3226      8.043    -0.0029     1.4507 1.0802e-01     0.0786    98.0547     6.4552     6.7782    34.8790    34.8822    27.7192    27.7219    7.32055 0.0000e+00
      20792    563.368     3.7162     3.7148   3.245415   3.245564     2.3515     2.3226      8.043    -0.0029     1.4507 1.0815e-01     0.0789    98.0460     6.4541     6.7782    34.8790    34.8822    27.7192    27.7219    7.32055 0.0000e+00
      20795    563.454     3.7162     3.7147   3.245436   3.245555     2.3523     2.3222      8.043    -0.0029     1.5297 1.0802e-01     0.0786    98.0547     6.4562     6.7779    34.8791    34.8822    27.7193    27.7219    7.32053 0.0000e+00
      20798    563.529     3.7162     3.7146   3.245406   3.245537     2.3519     2.3213      8.043     0.0020     1.5692 1.0802e-01     0.0789    98.0460     6.4566     6.7743    34.8787    34.8820    27.7190    27.7217    7.32055 0.0000e+00
      20801    563.597     3.7162     3.7145   3.245419   3.245531     2.3523     2.3213      8.043    -0.0029     1.5692 1.0815e-01     0.0786    98.0547     6.4600     6.7763    34.8789    34.8821    27.7191    27.7218    7.32055 0.0000e+00
      20804    563.657     3.7162     3.7145   3.245428   3.245541     2.3519     2.3217      8.043     0.0020     1.5692 1.0815e-01     0.0782    98.0634     6.4599     6.7809    34.8789    34.8822    27.7191    27.7219    7.32054 0.0000e+00
      20807    563.710     3.7164     3.7145   3.245435   3.245549     2.3507     2.3217      8.043    -0.0029     1.5692 1.0802e-01     0.0779    98.0721     6.4570     6.7823    34.8789    34.8822    27.7190    27.7219    7.32052 0.0000e+00
      20810    563.757     3.7165     3.7145   3.245479   3.245567     2.3519     2.3222      8.043     0.0020     1.5692 1.0802e-01     0.0779    98.0721     6.4600     6.7852    34.8792    34.8823    27.7193    27.7220    7.32048 0.0000e+00
      20813    563.795     3.7165     3.7148   3.245505   3.245566     2.3511     2.3226      8.043    -0.0029     1.5692 1.0790e-01     0.0782    98.0634     6.4547     6.7893    34.8795    34.8820    27.7195    27.7217    7.32046 0.0000e+00
      20816    563.824     3.7168     3.7146   3.245520   3.245542     2.3523     2.3226      8.043    -0.0029     1.5692 1.0790e-01     0.0779    98.0721     6.4587     6.7924    34.8794    34.8819    27.7194    27.7216    7.32042 0.0000e+00
      20853    563.859     3.7184     3.7151   3.245641   3.245592     2.3515     2.3230      8.043    -0.0029     1.4113 1.0802e-01     0.0779    98.0721     6.4509     6.7888    34.8791    34.8820    27.7190    27.7217    7.32015 0.0000e+00
      20873    563.890     3.7192     3.7150   3.245709   3.245576     2.3511     2.3226      8.043    -0.0029     1.3718 1.0790e-01     0.0779    98.0721     6.4469     6.7834    34.8790    34.8819    27.7189    27.7216    7.32000 0.0000e+00
      20876    563.925     3.7192     3.7151   3.245710   3.245594     2.3507     2.3226      8.043    -0.0029     1.4507 1.0802e-01     0.0779    98.0721     6.4465     6.7831    34.8790    34.8820    27.7189    27.7216    7.32000 0.0000e+00
      20879    563.970     3.7192     3.7150   3.245686   3.245582     2.3511     2.3230      8.043     0.0020     1.4507 1.0802e-01     0.0779    98.0721     6.4502     6.7843    34.8787    34.8819    27.7186    27.7216    7.32001 0.0000e+00
      20882    564.021     3.7192     3.7149   3.245691   3.245610     2.3499     2.3226      8.043    -0.0029     1.4507 1.0802e-01     0.0779    98.0721     6.4472     6.7825    34.8788    34.8823    27.7187    27.7219    7.32002 0.0000e+00
      20885    564.078     3.7191     3.7149   3.245665   3.245576     2.3507     2.3226      8.043    -0.0029     1.4507 1.0815e-01     0.0750    98.1416     6.4505     6.7811    34.8785    34.8819    27.7184    27.7216    7.32004 0.0000e+00
      20888    564.144     3.7189     3.7150   3.245624   3.245610     2.3515     2.3226      8.043     0.0020     1.4507 1.0802e-01     0.0754    98.1330     6.4535     6.7798    34.8782    34.8821    27.7182    27.7218    7.32009 0.0000e+00
      20891    564.219     3.7184     3.7153   3.245594   3.245634     2.3507     2.3226      8.043     0.0020     1.4507 1.0815e-01     0.0750    98.1416     6.4515     6.7798    34.8783    34.8821    27.7184    27.7217    7.32017 0.0000e+00
      20894    564.301     3.7183     3.7150   3.245616   3.245606     2.3511     2.3226      8.043    -0.0029     1.4507 1.0802e-01     0.0750    98.1416     6.4545     6.7791    34.8786    34.8820    27.7187    27.7217    7.32018 0.0000e+00
      20897    564.389     3.7181     3.7152   3.245623   3.245625     2.3507     2.3226      8.043    -0.0029     1.4507 1.0815e-01     0.0754    98.1330     6.4535     6.7802    34.8789    34.8820    27.7189    27.7217    7.32021 0.0000e+00
