Datasets/AZMP/COO001/79001100.cnv
* Sea-Bird SBE 9 Data File:
* FileName = C:\CTDDATA\79001100.hex
* Software Version Seasave V 7.26.7.110
* Temperature SN = 5660
* Conductivity SN = 3698
* Number of Bytes Per Scan = 30
* Number of Voltage Words = 4
* Number of Scans Averaged by the Deck Unit = 1
* NMEA baud rate = 9600
** VESSEL/TRIP/SEQ STN:  79001100
** LATITUDE XX XX.XX N:  49 41.00 N
** LONGITUDE XX XX.XX W:  50 01.00 W
** SOUNDING DEPTH (M):  0613
** PROBE TYPE: S1257
** CTD NUMBER: 066
** COMMENTS (14 CHAR): BB-11
** BOTTLES:  23
** LEVELS: 5,5,5,5,10,20,20,20,20,30,40,50,50,50,75,100,100,100,100,150,250,500,BTM
** STICKERS: 435396 - 435418
** VNET: Y
** DO2: N
# nquan = 22
# nvalues = 17201                       
# units = specified
# name 0 = scan: Scan Count
# name 1 = prDM: Pressure, Digiquartz [db]
# name 2 = t090C: Temperature [ITS-90, deg C]
# name 3 = t190C: Temperature, 2 [ITS-90, deg C]
# name 4 = c0S/m: Conductivity [S/m]
# name 5 = c1S/m: Conductivity, 2 [S/m]
# name 6 = sbeox0V: Oxygen raw, SBE 43 [V]
# name 7 = sbeox1V: Oxygen raw, SBE 43, 2 [V]
# name 8 = ph: pH
# name 9 = flECO-AFL: Fluorescence, WET Labs ECO-AFL/FL [mg/m^3]
# name 10 = wetCDOM: Fluorescence, WET Labs CDOM [mg/m^3]
# name 11 = par/sat/log: PAR/Logarithmic, Satlantic [umol photons/m^2/sec]
# name 12 = CStarAt0: Beam Attenuation, WET Labs C-Star [1/m]
# name 13 = CStarTr0: Beam Transmission, WET Labs C-Star [%]
# name 14 = sbeox0ML/L: Oxygen, SBE 43 [ml/l], WS = 2
# name 15 = sbeox1ML/L: Oxygen, SBE 43, 2 [ml/l], WS = 2
# name 16 = sal00: Salinity, Practical [PSU]
# name 17 = sal11: Salinity, Practical, 2 [PSU]
# name 18 = sigma-t00: Density [sigma-t, kg/m^3 ]
# name 19 = sigma-t11: Density, 2 [sigma-t, kg/m^3 ]
# name 20 = oxsatML/L: Oxygen Saturation, Weiss [ml/l]
# name 21 = flag: flag
# span 0 =         20,     107852       
# span 1 =      1.741,    602.768       
# span 2 =     2.5884,     4.6371       
# span 3 =     2.5861,     4.6977       
# span 4 =   3.020257,   3.275095       
# span 5 =   3.020405,   3.275018       
# span 6 =     2.3843,     2.7583       
# span 7 =     2.3582,     2.7216       
# span 8 =      8.133,      8.213       
# span 9 =    -0.0176,     0.9055       
# span 10 =     0.7401,     1.6876      
# span 11 = 1.0777e-01, 1.6000e+02      
# span 12 =     0.0450,     0.1221      
# span 13 =    96.9946,    98.8803      
# span 14 =     6.4988,     7.6573      
# span 15 =     6.8201,     8.1021      
# span 16 =    33.6384,    34.8414      
# span 17 =    33.6476,    34.8411      
# span 18 =    26.7791,    27.6557      
# span 19 =    26.8291,    27.6582      
# span 20 =    7.18671,    7.59215      
# span 21 = 0.0000e+00, 0.0000e+00      
# interval = scans: 3                   
# start_time = Dec 03 2019 15:26:43 [System UTC, header]
# bad_flag = -9.990e-29
*END*
[from data line 15013]
      69064    116.139     3.8628     3.8739   3.190514   3.191677     2.6576     2.6254      8.186     0.1583     1.3323 1.0790e-01     0.0609    98.4892     7.0929     7.4580    34.3089    34.3110    27.2504    27.2510    7.32178 0.0000e+00
      69067    116.036     3.8625     3.8739   3.190522   3.191686     2.6588     2.6254      8.186     0.1632     1.4507 1.0790e-01     0.0605    98.4979     7.0969     7.4598    34.3093    34.3113    27.2508    27.2512    7.32181 0.0000e+00
      69070    115.932     3.8623     3.8738   3.190493   3.191613     2.6576     2.6254      8.186     0.1583     1.4507 1.0790e-01     0.0609    98.4892     7.0938     7.4612    34.3093    34.3105    27.2508    27.2506    7.32185 0.0000e+00
      69073    115.829     3.8625     3.8726   3.190613   3.191513     2.6588     2.6266      8.186     0.1583     1.4507 1.0790e-01     0.0605    98.4979     7.0985     7.4666    34.3105    34.3107    27.2517    27.2508    7.32175 0.0000e+00
      69076    115.726     3.8640     3.8723   3.190908   3.191555     2.6584     2.6254      8.186     0.1485     1.4507 1.0790e-01     0.0609    98.4892     7.0975     7.4630    34.3125    34.3115    27.2532    27.2515    7.32138 0.0000e+00
      69079    115.626     3.8662     3.8727   3.191000   3.191560     2.6580     2.6254      8.186     0.1436     1.4507 1.0790e-01     0.0609    98.4892     7.0957     7.4635    34.3114    34.3112    27.2520    27.2512    7.32104 0.0000e+00
      69082    115.526     3.8675     3.8733   3.191049   3.191621     2.6596     2.6258      8.185     0.1485     1.4507 1.0790e-01     0.0609    98.4892     7.1012     7.4672    34.3107    34.3113    27.2513    27.2513    7.32085 0.0000e+00
      69085    115.429     3.8682     3.8739   3.190992   3.191648     2.6592     2.6266      8.185     0.1436     1.4507 1.0790e-01     0.0613    98.4805     7.0993     7.4720    34.3093    34.3111    27.2502    27.2510    7.32078 0.0000e+00
      69088    115.336     3.8682     3.8747   3.190981   3.191652     2.6592     2.6266      8.186     0.1534     1.4507 1.0790e-01     0.0616    98.4719     7.0969     7.4731    34.3092    34.3104    27.2502    27.2504    7.32080 0.0000e+00
      69091    115.245     3.8682     3.8748   3.190960   3.191502     2.6588     2.6266      8.186     0.1485     1.4507 1.0790e-01     0.0616    98.4719     7.0952     7.4747    34.3091    34.3085    27.2500    27.2489    7.32080 0.0000e+00
      69094    115.158     3.8685     3.8742   3.191001   3.191402     2.6592     2.6266      8.186     0.1436     1.5692 1.0790e-01     0.0613    98.4805     7.0962     7.4744    34.3093    34.3080    27.2501    27.2486    7.32074 0.0000e+00
      69097    115.076     3.8685     3.8737   3.190998   3.191355     2.6588     2.6266      8.186     0.1534     1.5692 1.0790e-01     0.0620    98.4632     7.0927     7.4743    34.3092    34.3080    27.2501    27.2486    7.32073 0.0000e+00
      69100    114.998     3.8688     3.8739   3.191019   3.191351     2.6588     2.6266      8.186     0.1534     1.5692 1.0790e-01     0.0613    98.4805     7.0922     7.4758    34.3092    34.3078    27.2501    27.2484    7.32068 0.0000e+00
      69103    114.926     3.8691     3.8736   3.191041   3.191188     2.6596     2.6270      8.186     0.1680     1.5692 1.0790e-01     0.0616    98.4719     7.0939     7.4758    34.3092    34.3062    27.2500    27.2472    7.32063 0.0000e+00
      69106    114.858     3.8693     3.8720   3.191033   3.190975     2.6596     2.6278      8.186     0.1583     1.5692 1.0790e-01     0.0609    98.4892     7.0936     7.4780    34.3089    34.3054    27.2498    27.2467    7.32061 0.0000e+00
      69109    114.795     3.8695     3.8703   3.191035   3.190807     2.6592     2.6278      8.186     0.1632     1.5692 1.0777e-01     0.0609    98.4892     7.0935     7.4756    34.3088    34.3052    27.2497    27.2467    7.32058 0.0000e+00
      69112    114.737     3.8707     3.8697   3.191139   3.190827     2.6592     2.6278      8.186     0.1583     1.5692 1.0790e-01     0.0613    98.4805     7.0941     7.4739    34.3088    34.3061    27.2495    27.2475    7.32035 0.0000e+00
      69115    114.681     3.8712     3.8703   3.191182   3.190969     2.6596     2.6282      8.186     0.1632     1.5692 1.0790e-01     0.0616    98.4719     7.0963     7.4731    34.3088    34.3072    27.2495    27.2483    7.32026 0.0000e+00
      69118    114.628     3.8715     3.8702   3.191208   3.190927     2.6588     2.6278      8.186     0.1632     1.4507 1.0790e-01     0.0613    98.4805     7.0947     7.4691    34.3088    34.3068    27.2495    27.2480    7.32021 0.0000e+00
      69121    114.579     3.8715     3.8701   3.191200   3.191009     2.6588     2.6278      8.186     0.1632     1.3323 1.0790e-01     0.0613    98.4805     7.0951     7.4662    34.3088    34.3080    27.2494    27.2490    7.32021 0.0000e+00
      69124    114.534     3.8717     3.8709   3.191220   3.191147     2.6596     2.6282      8.185     0.1680     1.3323 1.0790e-01     0.0609    98.4892     7.0959     7.4641    34.3088    34.3088    27.2494    27.2495    7.32017 0.0000e+00
      69127    114.493     3.8721     3.8710   3.191220   3.191071     2.6596     2.6287      8.186     0.1534     1.2928 1.0790e-01     0.0609    98.4892     7.0937     7.4619    34.3084    34.3078    27.2491    27.2487    7.32012 0.0000e+00
      69130    114.455     3.8728     3.8711   3.191236   3.191083     2.6596     2.6282      8.186     0.1534     1.3323 1.0790e-01     0.0609    98.4892     7.0936     7.4576    34.3079    34.3079    27.2486    27.2488    7.32002 0.0000e+00
      69133    114.419     3.8732     3.8714   3.191198   3.191164     2.6605     2.6278      8.186     0.1485     1.3323 1.0790e-01     0.0609    98.4892     7.0971     7.4540    34.3070    34.3085    27.2478    27.2492    7.31999 0.0000e+00
      69136    114.383     3.8721     3.8719   3.190923   3.191207     2.6596     2.6278      8.186     0.1436     1.3323 1.0790e-01     0.0609    98.4892     7.0935     7.4516    34.3049    34.3085    27.2463    27.2492    7.32029 0.0000e+00
      69139    114.349     3.8695     3.8719   3.190793   3.191175     2.6605     2.6278      8.185     0.1485     1.3323 1.0790e-01     0.0609    98.4892     7.0965     7.4492    34.3062    34.3081    27.2475    27.2489    7.32071 0.0000e+00
      69142    114.315     3.8678     3.8715   3.190755   3.191129     2.6609     2.6278      8.186     0.1436     1.3323 1.0790e-01     0.0616    98.4719     7.0978     7.4468    34.3075    34.3080    27.2488    27.2488    7.32095 0.0000e+00
      69145    114.282     3.8665     3.8715   3.190681   3.191105     2.6596     2.6278      8.186     0.1485     1.3323 1.0790e-01     0.0613    98.4805     7.0929     7.4445    34.3080    34.3077    27.2493    27.2486    7.32115 0.0000e+00
      69148    114.250     3.8657     3.8717   3.190653   3.191050     2.6588     2.6278      8.185     0.1485     1.3323 1.0790e-01     0.0613    98.4805     7.0896     7.4434    34.3085    34.3070    27.2498    27.2480    7.32127 0.0000e+00
      69151    114.215     3.8653     3.8711   3.190650   3.191007     2.6592     2.6278      8.186     0.1436     1.3323 1.0790e-01     0.0609    98.4892     7.0915     7.4425    34.3089    34.3071    27.2502    27.2481    7.32133 0.0000e+00
      69154    114.183     3.8649     3.8709   3.190632   3.191034     2.6596     2.6274      8.186     0.1729     1.3323 1.0790e-01     0.0609    98.4892     7.0921     7.4425    34.3092    34.3076    27.2504    27.2485    7.32139 0.0000e+00
      69157    114.147     3.8648     3.8702   3.190616   3.190914     2.6600     2.6270      8.186     0.1729     1.3323 1.0790e-01     0.0613    98.4805     7.0936     7.4416    34.3091    34.3069    27.2504    27.2481    7.32141 0.0000e+00
      69160    114.110     3.8647     3.8708   3.190652   3.190908     2.6596     2.6270      8.186     0.1778     1.3323 1.0790e-01     0.0613    98.4805     7.0940     7.4398    34.3096    34.3063    27.2508    27.2475    7.32139 0.0000e+00
      69163    114.074     3.8650     3.8698   3.190643   3.190570     2.6596     2.6266      8.186     0.1729     1.3323 1.0790e-01     0.0620    98.4632     7.0949     7.4378    34.3092    34.3033    27.2504    27.2453    7.32136 0.0000e+00
      69166    114.035     3.8648     3.8635   3.190648   3.189908     2.6596     2.6266      8.186     0.1778     1.3323 1.0790e-01     0.0620    98.4632     7.0970     7.4377    34.3095    34.3021    27.2507    27.2449    7.32139 0.0000e+00
      69169    113.993     3.8650     3.8595   3.190683   3.189430     2.6600     2.6266      8.186     0.1729     1.3323 1.0790e-01     0.0620    98.4632     7.1001     7.4369    34.3097    34.3006    27.2508    27.2441    7.32134 0.0000e+00
      69172    113.951     3.8651     3.8574   3.190703   3.189283     2.6605     2.6266      8.186     0.1778     1.4507 1.0790e-01     0.0620    98.4632     7.1019     7.4376    34.3099    34.3011    27.2510    27.2448    7.32131 0.0000e+00
      69175    113.904     3.8652     3.8567   3.190679   3.189260     2.6600     2.6262      8.186     0.1876     1.4507 1.0777e-01     0.0620    98.4632     7.0996     7.4365    34.3095    34.3015    27.2507    27.2451    7.32131 0.0000e+00
      69178    113.853     3.8654     3.8568   3.190673   3.189271     2.6596     2.6266      8.186     0.1876     1.4507 1.0790e-01     0.0623    98.4545     7.0980     7.4385    34.3093    34.3016    27.2505    27.2452    7.32129 0.0000e+00
      69181    113.799     3.8655     3.8558   3.190677   3.189127     2.6605     2.6266      8.186     0.1925     1.4507 1.0790e-01     0.0620    98.4632     7.1012     7.4401    34.3093    34.3009    27.2505    27.2448    7.32128 0.0000e+00
      69184    113.741     3.8656     3.8549   3.190694   3.188996     2.6605     2.6254      8.186     0.1925     1.4507 1.0790e-01     0.0620    98.4632     7.1011     7.4368    34.3093    34.3003    27.2505    27.2444    7.32125 0.0000e+00
      69187    113.679     3.8658     3.8540   3.190708   3.188932     2.6609     2.6258      8.186     0.1876     1.4507 1.0790e-01     0.0620    98.4632     7.1019     7.4365    34.3094    34.3006    27.2505    27.2447    7.32122 0.0000e+00
      69190    113.614     3.8662     3.8537   3.190749   3.188857     2.6605     2.6254      8.186     0.1876     1.4507 1.0790e-01     0.0620    98.4632     7.1006     7.4338    34.3095    34.3001    27.2506    27.2443    7.32114 0.0000e+00
      69193    113.546     3.8669     3.8527   3.190801   3.188765     2.6605     2.6250      8.186     0.1876     1.4507 1.0777e-01     0.0620    98.4632     7.0999     7.4320    34.3094    34.3000    27.2504    27.2444    7.32102 0.0000e+00
      69196    113.476     3.8675     3.8521   3.190823   3.188687     2.6609     2.6254      8.186     0.1925     1.4507 1.0790e-01     0.0620    98.4632     7.1004     7.4354    34.3090    34.2998    27.2500    27.2442    7.32092 0.0000e+00
      69199    113.400     3.8683     3.8513   3.190879   3.188609     2.6609     2.6250      8.186     0.1876     1.4507 1.0790e-01     0.0616    98.4719     7.1003     7.4364    34.3089    34.2997    27.2499    27.2443    7.32078 0.0000e+00
      69202    113.325     3.8692     3.8519   3.190946   3.188820     2.6609     2.6250      8.186     0.1925     1.4507 1.0790e-01     0.0620    98.4632     7.0993     7.4385    34.3088    34.3017    27.2497    27.2458    7.32062 0.0000e+00
      69205    113.247     3.8699     3.8527   3.190903   3.188888     2.6609     2.6254      8.186     0.1925     1.4507 1.0790e-01     0.0609    98.4892     7.0987     7.4446    34.3076    34.3017    27.2487    27.2457    7.32056 0.0000e+00
      69208    113.165     3.8704     3.8528   3.190924   3.188775     2.6609     2.6246      8.186     0.1973     1.4507 1.0790e-01     0.0609    98.4892     7.0997     7.4464    34.3074    34.3002    27.2485    27.2445    7.32048 0.0000e+00
      69211    113.081     3.8705     3.8531   3.190948   3.188943     2.6609     2.6242      8.186     0.1925     1.4507 1.0790e-01     0.0609    98.4892     7.0993     7.4504    34.3076    34.3019    27.2486    27.2459    7.32046 0.0000e+00
      69214    112.997     3.8707     3.8549   3.190936   3.189126     2.6617     2.6242      8.186     0.1876     1.4507 1.0790e-01     0.0609    98.4892     7.1010     7.4554    34.3073    34.3024    27.2483    27.2460    7.32043 0.0000e+00
      69217    112.913     3.8710     3.8569   3.190888   3.189445     2.6609     2.6242      8.186     0.1925     1.4507 1.0790e-01     0.0609    98.4892     7.0984     7.4579    34.3064    34.3041    27.2476    27.2472    7.32041 0.0000e+00
      69220    112.829     3.8706     3.8585   3.190836   3.189484     2.6609     2.6250      8.186     0.1925     1.4507 1.0790e-01     0.0609    98.4892     7.0991     7.4648    34.3063    34.3029    27.2475    27.2461    7.32049 0.0000e+00
      69223    112.742     3.8698     3.8585   3.190804   3.189523     2.6609     2.6250      8.186     0.1925     1.4507 1.0790e-01     0.0613    98.4805     7.1005     7.4707    34.3068    34.3034    27.2480    27.2465    7.32061 0.0000e+00
      69226    112.657     3.8694     3.8587   3.190785   3.189481     2.6617     2.6250      8.186     0.1925     1.4507 1.0790e-01     0.0620    98.4632     7.1045     7.4757    34.3071    34.3028    27.2483    27.2459    7.32067 0.0000e+00
      69229    112.572     3.8694     3.8557   3.190789   3.189016     2.6617     2.6254      8.186     0.2022     1.4507 1.0790e-01     0.0627    98.4458     7.1036     7.4819    34.3072    34.3004    27.2483    27.2444    7.32067 0.0000e+00
      69232    112.488     3.8691     3.8539   3.190653   3.188848     2.6621     2.6258      8.186     0.1388     1.4507 1.0790e-01     0.0627    98.4458     7.1040     7.4883    34.3059    34.3003    27.2474    27.2445    7.32078 0.0000e+00
      69235    112.408     3.8688     3.8528   3.190549   3.188714     2.6609     2.6266      8.186     0.1339     1.4507 1.0790e-01     0.0627    98.4458     7.0986     7.4922    34.3050    34.2999    27.2467    27.2442    7.32088 0.0000e+00
      69238    112.329     3.8685     3.8513   3.190491   3.188549     2.6613     2.6266      8.186     0.1290     1.4507 1.0790e-01     0.0623    98.4545     7.1004     7.4928    34.3047    34.2996    27.2465    27.2442    7.32096 0.0000e+00
      69241    112.252     3.8683     3.8506   3.190426   3.188479     2.6617     2.6262      8.186     0.1290     1.4507 1.0790e-01     0.0620    98.4632     7.1019     7.4913    34.3041    34.2995    27.2461    27.2442    7.32101 0.0000e+00
      69244    112.176     3.8678     3.8501   3.190307   3.188456     2.6625     2.6274      8.186     0.1339     1.4507 1.0790e-01     0.0620    98.4632     7.1028     7.4949    34.3033    34.2998    27.2455    27.2445    7.32115 0.0000e+00
      69247    112.105     3.8674     3.8499   3.190279   3.188454     2.6629     2.6278      8.186     0.1290     1.4507 1.0790e-01     0.0609    98.4892     7.1031     7.4945    34.3034    34.3001    27.2456    27.2447    7.32121 0.0000e+00
      69250    112.036     3.8670     3.8498   3.190235   3.188410     2.6625     2.6278      8.186     0.1290     1.4507 1.0777e-01     0.0613    98.4805     7.1000     7.4933    34.3034    34.2996    27.2456    27.2444    7.32129 0.0000e+00
      69253    111.970     3.8665     3.8498   3.190106   3.188436     2.6613     2.6278      8.186     0.1290     1.4507 1.0790e-01     0.0613    98.4805     7.0958     7.4924    34.3024    34.3000    27.2449    27.2447    7.32143 0.0000e+00
      69256    111.904     3.8660     3.8501   3.190083   3.188467     2.6617     2.6286      8.186     0.1388     1.4507 1.0790e-01     0.0613    98.4805     7.0962     7.4913    34.3027    34.3001    27.2451    27.2447    7.32150 0.0000e+00
