Datasets/AZMP/COO001/79001077.cnv
* Sea-Bird SBE 9 Data File:
* FileName = C:\CTDDATA\79001077.hex
* Software Version Seasave V 7.26.7.110
* Temperature SN = 5660
* Conductivity SN = 3698
* Number of Bytes Per Scan = 30
* Number of Voltage Words = 4
* Number of Scans Averaged by the Deck Unit = 1
* NMEA baud rate = 9600
** VESSEL/TRIP/SEQ STN:  79001077
** LATITUDE XX XX.XX N:  48 12.00 N
** LONGITUDE XX XX.XX W:  53 34.59 W
** SOUNDING DEPTH (M):  0163
** PROBE TYPE: S1257
** CTD NUMBER: 044
** COMMENTS (14 CHAR): SS-05
** BOTTLES:  18
** LEVELS: 5,5,5,5,10,20,20,20,20,30,40,50,50,50,75,100,150,BTM
** STICKERS: 435207 - 435224
** VNET: Y
** DO2: N
# nquan = 22
# nvalues = 5948                        
# units = specified
# name 0 = scan: Scan Count
# name 1 = prDM: Pressure, Digiquartz [db]
# name 2 = t090C: Temperature [ITS-90, deg C]
# name 3 = t190C: Temperature, 2 [ITS-90, deg C]
# name 4 = c0S/m: Conductivity [S/m]
# name 5 = c1S/m: Conductivity, 2 [S/m]
# name 6 = sbeox0V: Oxygen raw, SBE 43 [V]
# name 7 = sbeox1V: Oxygen raw, SBE 43, 2 [V]
# name 8 = ph: pH
# name 9 = flECO-AFL: Fluorescence, WET Labs ECO-AFL/FL [mg/m^3]
# name 10 = wetCDOM: Fluorescence, WET Labs CDOM [mg/m^3]
# name 11 = par/sat/log: PAR/Logarithmic, Satlantic [umol photons/m^2/sec]
# name 12 = CStarAt0: Beam Attenuation, WET Labs C-Star [1/m]
# name 13 = CStarTr0: Beam Transmission, WET Labs C-Star [%]
# name 14 = sbeox0ML/L: Oxygen, SBE 43 [ml/l], WS = 2
# name 15 = sbeox1ML/L: Oxygen, SBE 43, 2 [ml/l], WS = 2
# name 16 = sal00: Salinity, Practical [PSU]
# name 17 = sal11: Salinity, Practical, 2 [PSU]
# name 18 = sigma-t00: Density [sigma-t, kg/m^3 ]
# name 19 = sigma-t11: Density, 2 [sigma-t, kg/m^3 ]
# name 20 = oxsatML/L: Oxygen Saturation, Weiss [ml/l]
# name 21 = flag: flag
# span 0 =        529,      55569       
# span 1 =      0.268,    163.518       
# span 2 =     0.3548,     3.4644       
# span 3 =     0.3554,     3.4640       
# span 4 =   2.760032,   2.933735       
# span 5 =   2.509609,   2.933979       
# span 6 =     2.4980,     2.7569       
# span 7 =     2.4610,     2.7126       
# span 8 =      8.063,      8.174       
# span 9 =     0.0215,     0.8176       
# span 10 =     1.4507,     2.9904      
# span 11 = 1.0765e-01, 1.9553e+02      
# span 12 =     0.0782,     0.2057      
# span 13 =    94.9872,    98.0634      
# span 14 =     6.4701,     7.5611      
# span 15 =     7.6405,     8.0149      
# span 16 =    31.3157,    32.6394      
# span 17 =    26.7459,    32.6386      
# span 18 =    24.9092,    26.1824      
# span 19 =    21.2732,    26.1811      
# span 20 =    7.52738,    8.10011      
# span 21 = 0.0000e+00, 0.0000e+00      
# interval = scans: 3                   
# start_time = Dec 01 2019 14:17:42 [System UTC, header]
# bad_flag = -9.990e-29
*END*
[from data line 461]
       1912     22.790     3.4172     3.4151   2.930516   2.930656     2.7229     2.7119      8.164     0.5343     2.1614 2.5931e+00     0.1167    97.1249     7.4531     7.9010    31.7075    31.7112    25.2217    25.2248    7.53251 0.0000e+00
       1915     22.840     3.4166     3.4146   2.930494   2.930633     2.7229     2.7119      8.164     0.5392     2.1614 2.5841e+00     0.1163    97.1336     7.4531     7.8995    31.7078    31.7114    25.2220    25.2250    7.53261 0.0000e+00
       1918     22.889     3.4162     3.4145   2.930456   2.930602     2.7241     2.7119      8.166     0.5392     2.1614 2.5751e+00     0.1163    97.1336     7.4569     7.8975    31.7077    31.7111    25.2219    25.2247    7.53269 0.0000e+00
       1921     22.937     3.4160     3.4142   2.930511   2.930581     2.7245     2.7119      8.164     0.5392     2.1614 2.5633e+00     0.1163    97.1336     7.4589     7.8955    31.7085    31.7111    25.2226    25.2248    7.53268 0.0000e+00
       1924     22.988     3.4161     3.4137   2.930502   2.930533     2.7245     2.7119      8.166     0.5343     2.1614 2.5367e+00     0.1163    97.1336     7.4594     7.8953    31.7083    31.7110    25.2224    25.2248    7.53267 0.0000e+00
       1927     23.036     3.4159     3.4130   2.930489   2.930492     2.7245     2.7119      8.167     0.5343     2.1614 2.5221e+00     0.1167    97.1249     7.4583     7.8954    31.7083    31.7112    25.2224    25.2250    7.53272 0.0000e+00
       1930     23.085     3.4156     3.4126   2.930419   2.930460     2.7245     2.7119      8.164     0.5392     2.1614 2.5047e+00     0.1167    97.1249     7.4564     7.8928    31.7078    31.7111    25.2220    25.2250    7.53280 0.0000e+00
       1933     23.135     3.4151     3.4124   2.930357   2.930440     2.7241     2.7119      8.164     0.5392     2.1614 2.4989e+00     0.1163    97.1336     7.4555     7.8910    31.7075    31.7111    25.2218    25.2249    7.53291 0.0000e+00
       1936     23.187     3.4145     3.4120   2.930326   2.930358     2.7253     2.7119      8.164     0.5295     2.1614 2.4845e+00     0.1163    97.1336     7.4616     7.8908    31.7076    31.7105    25.2220    25.2245    7.53301 0.0000e+00
       1939     23.234     3.4139     3.4117   2.930285   2.930376     2.7257     2.7119      8.164     0.5392     2.1614 2.4645e+00     0.1163    97.1336     7.4630     7.8909    31.7077    31.7110    25.2221    25.2249    7.53312 0.0000e+00
       1942     23.284     3.4135     3.4113   2.930259   2.930333     2.7257     2.7119      8.164     0.5392     2.1614 2.4559e+00     0.1167    97.1249     7.4630     7.8899    31.7078    31.7108    25.2222    25.2248    7.53320 0.0000e+00
       1945     23.334     3.4131     3.4106   2.930230   2.930317     2.7265     2.7119      8.166     0.5392     2.1614 2.4446e+00     0.1170    97.1162     7.4671     7.8887    31.7078    31.7112    25.2223    25.2252    7.53327 0.0000e+00
       1948     23.386     3.4128     3.4103   2.930201   2.930267     2.7265     2.7119      8.166     0.5392     2.1614 2.4305e+00     0.1163    97.1336     7.4682     7.8884    31.7077    31.7110    25.2222    25.2250    7.53333 0.0000e+00
       1951     23.436     3.4124     3.4098   2.930193   2.930234     2.7269     2.7119      8.166     0.5295     2.1614 2.4109e+00     0.1160    97.1423     7.4704     7.8890    31.7080    31.7110    25.2225    25.2251    7.53339 0.0000e+00
       1954     23.486     3.4121     3.4093   2.930153   2.930193     2.7273     2.7119      8.164     0.5343     2.1614 2.3915e+00     0.1153    97.1597     7.4707     7.8892    31.7077    31.7110    25.2223    25.2252    7.53345 0.0000e+00
       1957     23.536     3.4116     3.4088   2.930127   2.930193     2.7281     2.7119      8.164     0.5392     2.1614 2.3860e+00     0.1153    97.1597     7.4706     7.8883    31.7079    31.7114    25.2225    25.2255    7.53354 0.0000e+00
       1960     23.589     3.4113     3.4089   2.930080   2.930189     2.7290     2.7119      8.164     0.5343     2.1614 2.3750e+00     0.1153    97.1597     7.4723     7.8875    31.7076    31.7113    25.2223    25.2254    7.53362 0.0000e+00
       1963     23.639     3.4107     3.4086   2.930071   2.930168     2.7281     2.7119      8.166     0.5392     2.1614 2.3585e+00     0.1153    97.1597     7.4684     7.8870    31.7081    31.7113    25.2227    25.2254    7.53371 0.0000e+00
       1966     23.688     3.4105     3.4086   2.930029   2.930162     2.7290     2.7110      8.164     0.5343     2.1614 2.3558e+00     0.1153    97.1597     7.4693     7.8820    31.7077    31.7112    25.2224    25.2254    7.53376 0.0000e+00
       1969     23.740     3.4103     3.4085   2.930021   2.930159     2.7290     2.7115      8.164     0.5197     2.1614 2.3422e+00     0.1153    97.1597     7.4676     7.8840    31.7079    31.7112    25.2226    25.2254    7.53380 0.0000e+00
       1972     23.792     3.4098     3.4084   2.929987   2.930148     2.7290     2.7119      8.166     0.5246     2.1614 2.3314e+00     0.1153    97.1597     7.4667     7.8873    31.7078    31.7112    25.2226    25.2254    7.53388 0.0000e+00
       1975     23.841     3.4096     3.4079   2.929989   2.930114     2.7302     2.7119      8.166     0.5148     2.1614 2.3153e+00     0.1153    97.1597     7.4693     7.8891    31.7081    31.7112    25.2228    25.2255    7.53392 0.0000e+00
       1978     23.893     3.4093     3.4077   2.929978   2.930114     2.7286     2.7115      8.164     0.5148     2.1614 2.3073e+00     0.1153    97.1597     7.4624     7.8893    31.7082    31.7114    25.2229    25.2256    7.53396 0.0000e+00
       1981     23.946     3.4090     3.4077   2.929960   2.930121     2.7290     2.7115      8.167     0.5246     2.1614 2.2914e+00     0.1153    97.1597     7.4626     7.8910    31.7083    31.7115    25.2230    25.2256    7.53402 0.0000e+00
       1984     23.997     3.4089     3.4078   2.929955   2.930147     2.7302     2.7110      8.164     0.5197     2.1614 2.2808e+00     0.1153    97.1597     7.4679     7.8903    31.7083    31.7117    25.2230    25.2258    7.53403 0.0000e+00
       1987     24.050     3.4087     3.4078   2.929953   2.930133     2.7298     2.7115      8.164     0.5197     2.1614 2.2676e+00     0.1153    97.1597     7.4671     7.8929    31.7084    31.7115    25.2232    25.2257    7.53407 0.0000e+00
       1990     24.101     3.4087     3.4078   2.929966   2.930142     2.7298     2.7106      8.164     0.5197     2.1614 2.2624e+00     0.1153    97.1597     7.4665     7.8886    31.7085    31.7116    25.2232    25.2257    7.53405 0.0000e+00
       1993     24.154     3.4088     3.4077   2.929985   2.930138     2.7298     2.7119      8.164     0.5246     2.1614 2.2468e+00     0.1153    97.1597     7.4660     7.8914    31.7087    31.7115    25.2233    25.2257    7.53404 0.0000e+00
       1996     24.205     3.4086     3.4076   2.929984   2.930120     2.7306     2.7119      8.164     0.5246     2.1614 2.2260e+00     0.1153    97.1597     7.4688     7.8892    31.7088    31.7114    25.2235    25.2256    7.53407 0.0000e+00
       1999     24.257     3.4088     3.4077   2.929979   2.930215     2.7302     2.7119      8.166     0.5295     2.1614 2.2209e+00     0.1153    97.1597     7.4690     7.8882    31.7086    31.7124    25.2232    25.2264    7.53405 0.0000e+00
       2002     24.310     3.4087     3.4101   2.929993   2.930569     2.7306     2.7119      8.164     0.5099     2.1614 2.2107e+00     0.1153    97.1597     7.4725     7.8848    31.7088    31.7142    25.2234    25.2276    7.53405 0.0000e+00
       2005     24.362     3.4090     3.4146   2.930095   2.931012     2.7306     2.7119      8.164     0.5197     2.1614 2.2030e+00     0.1153    97.1597     7.4714     7.8803    31.7097    31.7151    25.2241    25.2280    7.53395 0.0000e+00
       2008     24.415     3.4101     3.4169   2.930270   2.931207     2.7318     2.7115      8.164     0.5246     2.1614 2.1928e+00     0.1153    97.1597     7.4744     7.8755    31.7107    31.7152    25.2248    25.2278    7.53369 0.0000e+00
       2011     24.467     3.4113     3.4190   2.930515   2.931549     2.7306     2.7115      8.164     0.5246     2.1614 2.1702e+00     0.1156    97.1510     7.4711     7.8719    31.7124    31.7172    25.2261    25.2292    7.53338 0.0000e+00
       2014     24.520     3.4136     3.4207   2.930950   2.931685     2.7310     2.7110      8.164     0.5246     2.1614 2.1477e+00     0.1156    97.1510     7.4714     7.8661    31.7153    31.7171    25.2281    25.2290    7.53279 0.0000e+00
       2017     24.570     3.4168     3.4214   2.931384   2.931724     2.7310     2.7110      8.164     0.5295     2.1614 2.1427e+00     0.1153    97.1597     7.4701     7.8625    31.7173    31.7169    25.2295    25.2287    7.53209 0.0000e+00
       2020     24.623     3.4193     3.4219   2.931537   2.931767     2.7314     2.7106      8.164     0.5343     2.1614 2.1329e+00     0.1153    97.1597     7.4716     7.8606    31.7167    31.7169    25.2288    25.2287    7.53165 0.0000e+00
       2023     24.674     3.4208     3.4223   2.931584   2.931813     2.7326     2.7106      8.164     0.5392     2.1614 2.1132e+00     0.1153    97.1597     7.4771     7.8610    31.7157    31.7170    25.2279    25.2287    7.53141 0.0000e+00
       2026     24.725     3.4218     3.4221   2.931638   2.931791     2.7326     2.7094      8.166     0.5343     2.1614 2.1059e+00     0.1153    97.1597     7.4772     7.8583    31.7154    31.7170    25.2275    25.2287    7.53124 0.0000e+00
       2029     24.777     3.4221     3.4210   2.931586   2.931718     2.7322     2.7102      8.164     0.5392     2.1614 2.0962e+00     0.1153    97.1597     7.4757     7.8658    31.7144    31.7171    25.2267    25.2290    7.53123 0.0000e+00
       2032     24.830     3.4221     3.4204   2.931617   2.931711     2.7318     2.7094      8.164     0.5392     2.1614 2.0817e+00     0.1160    97.1423     7.4737     7.8686    31.7147    31.7175    25.2270    25.2294    7.53122 0.0000e+00
       2035     24.881     3.4223     3.4206   2.931596   2.931727     2.7326     2.7098      8.164     0.5295     2.1614 2.0673e+00     0.1153    97.1597     7.4793     7.8756    31.7143    31.7176    25.2266    25.2294    7.53121 0.0000e+00
       2038     24.933     3.4219     3.4204   2.931541   2.931734     2.7326     2.7094      8.164     0.5343     2.1614 2.0601e+00     0.1153    97.1597     7.4808     7.8785    31.7140    31.7178    25.2264    25.2296    7.53129 0.0000e+00
       2041     24.982     3.4214     3.4203   2.931504   2.931702     2.7326     2.7094      8.164     0.5295     2.1614 2.0365e+00     0.1153    97.1597     7.4799     7.8832    31.7141    31.7175    25.2265    25.2293    7.53139 0.0000e+00
       2044     25.035     3.4210     3.4201   2.931509   2.931705     2.7338     2.7094      8.166     0.5246     2.1614 2.0341e+00     0.1153    97.1597     7.4833     7.8874    31.7144    31.7177    25.2269    25.2295    7.53144 0.0000e+00
       2047     25.087     3.4208     3.4200   2.931521   2.931682     2.7342     2.7094      8.164     0.5099     2.1614 2.0154e+00     0.1153    97.1597     7.4841     7.8908    31.7148    31.7175    25.2271    25.2293    7.53146 0.0000e+00
       2050     25.139     3.4208     3.4196   2.931484   2.931670     2.7338     2.7094      8.166     0.5148     2.1614 2.0107e+00     0.1149    97.1684     7.4832     7.8931    31.7143    31.7178    25.2268    25.2296    7.53150 0.0000e+00
       2053     25.190     3.4205     3.4192   2.931471   2.931646     2.7334     2.7106      8.164     0.5099     2.1614 1.9968e+00     0.1156    97.1510     7.4831     7.8974    31.7144    31.7178    25.2269    25.2297    7.53155 0.0000e+00
       2056     25.242     3.4203     3.4191   2.931491   2.931656     2.7338     2.7106      8.164     0.5002     2.1614 1.9876e+00     0.1156    97.1510     7.4832     7.8987    31.7149    31.7179    25.2272    25.2298    7.53156 0.0000e+00
       2059     25.295     3.4203     3.4193   2.931444   2.931674     2.7359     2.7106      8.166     0.5050     2.1614 1.9853e+00     0.1160    97.1423     7.4887     7.9008    31.7143    31.7179    25.2267    25.2298    7.53159 0.0000e+00
       2062     25.351     3.4201     3.4194   2.931467   2.931677     2.7351     2.7106      8.164     0.5148     2.1614 1.9784e+00     0.1163    97.1336     7.4858     7.9020    31.7147    31.7179    25.2272    25.2297    7.53161 0.0000e+00
       2065     25.404     3.4202     3.4192   2.931491   2.931663     2.7351     2.7106      8.166     0.5099     2.1614 1.9670e+00     0.1160    97.1423     7.4840     7.9017    31.7148    31.7178    25.2273    25.2297    7.53158 0.0000e+00
       2068     25.457     3.4200     3.4191   2.931495   2.931661     2.7347     2.7106      8.166     0.5002     2.1614 1.9557e+00     0.1156    97.1510     7.4815     7.9004    31.7151    31.7179    25.2274    25.2298    7.53160 0.0000e+00
       2071     25.508     3.4201     3.4191   2.931486   2.931673     2.7351     2.7106      8.166     0.5197     2.1614 1.9444e+00     0.1156    97.1510     7.4825     7.8992    31.7149    31.7181    25.2273    25.2299    7.53160 0.0000e+00
       2074     25.560     3.4201     3.4187   2.931496   2.931644     2.7351     2.7106      8.164     0.5197     2.1614 1.9377e+00     0.1142    97.1858     7.4820     7.8963    31.7149    31.7180    25.2273    25.2299    7.53159 0.0000e+00
       2077     25.612     3.4199     3.4184   2.931480   2.931606     2.7363     2.7106      8.164     0.5343     2.1614 1.9354e+00     0.1142    97.1858     7.4850     7.8962    31.7149    31.7179    25.2273    25.2298    7.53163 0.0000e+00
       2080     25.664     3.4199     3.4181   2.931494   2.931594     2.7351     2.7106      8.164     0.5197     2.1614 1.9132e+00     0.1142    97.1858     7.4782     7.8967    31.7150    31.7180    25.2274    25.2299    7.53162 0.0000e+00
       2083     25.719     3.4200     3.4181   2.931501   2.931623     2.7359     2.7119      8.164     0.5246     2.1614 1.8934e+00     0.1142    97.1858     7.4801     7.8998    31.7150    31.7183    25.2274    25.2302    7.53161 0.0000e+00
       2086     25.772     3.4200     3.4181   2.931524   2.931612     2.7363     2.7110      8.164     0.5246     2.1614 1.8781e+00     0.1142    97.1858     7.4832     7.8953    31.7152    31.7182    25.2276    25.2301    7.53159 0.0000e+00
       2089     25.822     3.4201     3.4178   2.931515   2.931597     2.7355     2.7115      8.164     0.5246     2.1614 1.8695e+00     0.1142    97.1858     7.4802     7.8952    31.7150    31.7182    25.2274    25.2301    7.53159 0.0000e+00
       2092     25.876     3.4201     3.4175   2.931515   2.931571     2.7363     2.7115      8.164     0.5197     2.1614 1.8630e+00     0.1146    97.1771     7.4826     7.8939    31.7150    31.7182    25.2274    25.2301    7.53159 0.0000e+00
       2095     25.930     3.4197     3.4173   2.931485   2.931569     2.7355     2.7110      8.164     0.5246     2.1614 1.8501e+00     0.1160    97.1423     7.4799     7.8898    31.7150    31.7183    25.2274    25.2302    7.53166 0.0000e+00
       2098     25.985     3.4194     3.4174   2.931483   2.931581     2.7363     2.7115      8.164     0.5392     2.0429 1.8310e+00     0.1153    97.1597     7.4834     7.8887    31.7152    31.7184    25.2276    25.2303    7.53171 0.0000e+00
       2101     26.039     3.4192     3.4175   2.931492   2.931605     2.7359     2.7119      8.166     0.5295     2.0429 1.8141e+00     0.1153    97.1597     7.4824     7.8876    31.7156    31.7185    25.2279    25.2304    7.53174 0.0000e+00
       2104     26.091     3.4190     3.4177   2.931457   2.931592     2.7363     2.7110      8.164     0.5343     2.0429 1.8141e+00     0.1153    97.1597     7.4839     7.8819    31.7152    31.7182    25.2276    25.2301    7.53178 0.0000e+00
