Datasets/AZMP/COO001/79001123.cnv
* Sea-Bird SBE 9 Data File:
* FileName = C:\CTDDATA\79001123.hex
* Software Version Seasave V 7.26.7.110
* Temperature SN = 5660
* Conductivity SN = 3698
* Number of Bytes Per Scan = 30
* Number of Voltage Words = 4
* Number of Scans Averaged by the Deck Unit = 1
* NMEA baud rate = 9600
** VESSEL/TRIP/SEQ STN:  79001123
** LATITUDE XX XX.XX N:  47 00.00 N
** LONGITUDE XX XX.XX W:  52 34.80 W
** SOUNDING DEPTH (M):  0162
** PROBE TYPE: S1257
** CTD NUMBER: 083
** COMMENTS (14 CHAR): FC-03
** BOTTLES:  11
** LEVELS: 5,5,10,20,20,30,40,50,75,100,BTM
** STICKERS: 435653 - 435663
** VNET: Y
** DO2: Y
# nquan = 22
# nvalues = 4340                        
# units = specified
# name 0 = scan: Scan Count
# name 1 = prDM: Pressure, Digiquartz [db]
# name 2 = t090C: Temperature [ITS-90, deg C]
# name 3 = t190C: Temperature, 2 [ITS-90, deg C]
# name 4 = c0S/m: Conductivity [S/m]
# name 5 = c1S/m: Conductivity, 2 [S/m]
# name 6 = sbeox0V: Oxygen raw, SBE 43 [V]
# name 7 = sbeox1V: Oxygen raw, SBE 43, 2 [V]
# name 8 = ph: pH
# name 9 = flECO-AFL: Fluorescence, WET Labs ECO-AFL/FL [mg/m^3]
# name 10 = wetCDOM: Fluorescence, WET Labs CDOM [mg/m^3]
# name 11 = par/sat/log: PAR/Logarithmic, Satlantic [umol photons/m^2/sec]
# name 12 = CStarAt0: Beam Attenuation, WET Labs C-Star [1/m]
# name 13 = CStarTr0: Beam Transmission, WET Labs C-Star [%]
# name 14 = sbeox0ML/L: Oxygen, SBE 43 [ml/l], WS = 2
# name 15 = sbeox1ML/L: Oxygen, SBE 43, 2 [ml/l], WS = 2
# name 16 = sal00: Salinity, Practical [PSU]
# name 17 = sal11: Salinity, Practical, 2 [PSU]
# name 18 = sigma-t00: Density [sigma-t, kg/m^3 ]
# name 19 = sigma-t11: Density, 2 [sigma-t, kg/m^3 ]
# name 20 = oxsatML/L: Oxygen Saturation, Weiss [ml/l]
# name 21 = flag: flag
# span 0 =         53,      38830       
# span 1 =      2.739,    153.795       
# span 2 =    -1.0843,     3.4117       
# span 3 =    -1.0852,     3.4084       
# span 4 =   2.646840,   2.946109       
# span 5 =   2.646978,   2.946160       
# span 6 =     2.3570,     2.7698       
# span 7 =     2.3343,     2.7380       
# span 8 =      8.025,      8.184       
# span 9 =     0.0068,     1.0911       
# span 10 =     1.3323,     2.2798      
# span 11 = 1.0790e-01, 2.6033e+01      
# span 12 =     0.0524,     0.1758      
# span 13 =    95.6998,    98.6978      
# span 14 =     6.9703,     7.9514      
# span 15 =     7.2954,     8.3511      
# span 16 =    31.8993,    33.1795      
# span 17 =    31.9008,    33.1750      
# span 18 =    25.3758,    26.6576      
# span 19 =    25.3771,    26.6549      
# span 20 =    7.52368,    8.41017      
# span 21 = 0.0000e+00, 0.0000e+00      
# interval = scans: 3                   
# start_time = Dec 08 2019 18:57:04 [System UTC, header]
# bad_flag = -9.990e-29
*END*
[from data line 1515]
       5657    116.988    -1.0785    -1.0772   2.652859   2.653142     2.5064     2.4738      8.062     0.0410     2.1614 1.0827e-01     0.0567    98.5935     7.6824     8.0448    32.7623    32.7647    26.3424    26.3443    8.40974 0.0000e+00
       5660    117.086    -1.0784    -1.0772   2.652888   2.653142     2.5064     2.4738      8.062     0.0410     2.1614 1.0827e-01     0.0570    98.5848     7.6841     8.0447    32.7625    32.7647    26.3426    26.3443    8.40970 0.0000e+00
       5663    117.182    -1.0781    -1.0776   2.652924   2.653088     2.5055     2.4738      8.062     0.0410     2.1614 1.0827e-01     0.0567    98.5935     7.6813     8.0448    32.7626    32.7643    26.3426    26.3440    8.40963 0.0000e+00
       5666    117.277    -1.0779    -1.0778   2.652942   2.653088     2.5059     2.4738      8.062     0.0410     2.1614 1.0815e-01     0.0567    98.5935     7.6833     8.0445    32.7626    32.7645    26.3426    26.3442    8.40959 0.0000e+00
       5669    117.366    -1.0777    -1.0772   2.652973   2.653206     2.5068     2.4738      8.060     0.0264     2.1219 1.0827e-01     0.0567    98.5935     7.6875     8.0434    32.7628    32.7654    26.3427    26.3449    8.40954 0.0000e+00
       5672    117.455    -1.0776    -1.0765   2.652982   2.653355     2.5059     2.4738      8.062     0.0313     2.0429 1.0827e-01     0.0574    98.5761     7.6839     8.0395    32.7628    32.7666    26.3427    26.3459    8.40952 0.0000e+00
       5675    117.541    -1.0775    -1.0760   2.653019   2.653442     2.5055     2.4738      8.060     0.0264     2.0429 1.0802e-01     0.0570    98.5848     7.6818     8.0388    32.7631    32.7672    26.3430    26.3463    8.40948 0.0000e+00
       5678    117.624    -1.0770    -1.0762   2.653153   2.653286     2.5055     2.4738      8.062     0.0313     2.0429 1.0827e-01     0.0570    98.5848     7.6802     8.0366    32.7642    32.7652    26.3439    26.3447    8.40928 0.0000e+00
       5681    117.707    -1.0766    -1.0769   2.653215   2.653223     2.5064     2.4730      8.062     0.0264     2.0034 1.0827e-01     0.0574    98.5761     7.6837     8.0313    32.7647    32.7651    26.3442    26.3447    8.40917 0.0000e+00
       5684    117.786    -1.0765    -1.0773   2.653163   2.653166     2.5059     2.4738      8.062     0.0264     2.0429 1.0815e-01     0.0567    98.5935     7.6829     8.0330    32.7638    32.7647    26.3435    26.3443    8.40920 0.0000e+00
       5687    117.861    -1.0763    -1.0773   2.653183   2.653225     2.5055     2.4734      8.062     0.0264     2.0429 1.0827e-01     0.0570    98.5848     7.6807     8.0302    32.7638    32.7655    26.3435    26.3449    8.40915 0.0000e+00
       5690    117.935    -1.0767    -1.0768   2.653063   2.653295     2.5059     2.4738      8.062     0.0264     2.0429 1.0827e-01     0.0574    98.5761     7.6818     8.0312    32.7626    32.7658    26.3426    26.3452    8.40932 0.0000e+00
       5693    118.004    -1.0769    -1.0769   2.652991   2.653236     2.5055     2.4730      8.062     0.0264     2.0429 1.0815e-01     0.0577    98.5674     7.6810     8.0281    32.7618    32.7651    26.3419    26.3445    8.40941 0.0000e+00
       5696    118.070    -1.0771    -1.0770   2.652995   2.653187     2.5055     2.4726      8.062     0.0264     2.0429 1.0827e-01     0.0574    98.5761     7.6814     8.0272    32.7619    32.7645    26.3420    26.3441    8.40944 0.0000e+00
       5699    118.133    -1.0769    -1.0771   2.653107   2.653202     2.5051     2.4734      8.060     0.0264     2.0429 1.0827e-01     0.0574    98.5761     7.6799     8.0295    32.7633    32.7647    26.3431    26.3443    8.40932 0.0000e+00
       5702    118.194    -1.0763    -1.0775   2.653268   2.653168     2.5047     2.4726      8.062     0.0313     2.0429 1.0827e-01     0.0577    98.5674     7.6782     8.0274    32.7647    32.7647    26.3443    26.3443    8.40910 0.0000e+00
       5705    118.253    -1.0757    -1.0776   2.653219   2.653164     2.5055     2.4726      8.062     0.0264     2.0429 1.0827e-01     0.0577    98.5674     7.6831     8.0286    32.7634    32.7648    26.3432    26.3444    8.40904 0.0000e+00
       5708    118.306    -1.0755    -1.0775   2.653318   2.653163     2.5047     2.4726      8.062     0.0313     2.0429 1.0827e-01     0.0577    98.5674     7.6811     8.0295    32.7645    32.7646    26.3441    26.3442    8.40894 0.0000e+00
       5711    118.357    -1.0753    -1.0775   2.653334   2.653160     2.5055     2.4726      8.062     0.0264     2.0429 1.0827e-01     0.0574    98.5761     7.6834     8.0322    32.7645    32.7645    26.3440    26.3441    8.40889 0.0000e+00
       5714    118.405    -1.0750    -1.0773   2.653358   2.653225     2.5051     2.4726      8.062     0.0264     2.0429 1.0827e-01     0.0556    98.6196     7.6828     8.0348    32.7644    32.7651    26.3440    26.3447    8.40882 0.0000e+00
       5717    118.449    -1.0746    -1.0773   2.653303   2.653224     2.5051     2.4726      8.062     0.0264     2.0429 1.0827e-01     0.0556    98.6196     7.6851     8.0391    32.7632    32.7651    26.3430    26.3446    8.40880 0.0000e+00
       5720    118.488    -1.0740    -1.0771   2.653114   2.653240     2.5043     2.4726      8.062     0.0264     2.0429 1.0827e-01     0.0556    98.6196     7.6854     8.0399    32.7599    32.7651    26.3403    26.3446    8.40884 0.0000e+00
       5723    118.526    -1.0724    -1.0775   2.653060   2.653184     2.5055     2.4717      8.060     0.0264     2.0429 1.0815e-01     0.0556    98.6196     7.6898     8.0384    32.7575    32.7647    26.3383    26.3443    8.40863 0.0000e+00
       5726    118.560    -1.0709    -1.0771   2.653059   2.653266     2.5055     2.4726      8.062     0.0264     2.0429 1.0827e-01     0.0552    98.6283     7.6892     8.0440    32.7558    32.7653    26.3369    26.3448    8.40838 0.0000e+00
       5729    118.589    -1.0699    -1.0767   2.653037   2.653289     2.5055     2.4726      8.062     0.0264     2.0429 1.0827e-01     0.0556    98.6196     7.6879     8.0446    32.7544    32.7652    26.3357    26.3447    8.40823 0.0000e+00
       5732    118.616    -1.0689    -1.0771   2.652981   2.653259     2.5043     2.4722      8.062     0.0264     2.0429 1.0815e-01     0.0556    98.6196     7.6823     8.0436    32.7526    32.7653    26.3342    26.3447    8.40812 0.0000e+00
       5735    118.640    -1.0683    -1.0771   2.652956   2.653265     2.5047     2.4726      8.062     0.0264     2.0429 1.0827e-01     0.0556    98.6196     7.6838     8.0470    32.7515    32.7653    26.3333    26.3448    8.40803 0.0000e+00
       5738    118.664    -1.0677    -1.0767   2.652952   2.653318     2.5051     2.4726      8.062     0.0264     2.0429 1.0815e-01     0.0552    98.6283     7.6853     8.0490    32.7508    32.7656    26.3328    26.3450    8.40795 0.0000e+00
       5742    118.692    -1.0677    -1.0764   2.652939   2.653338     2.5055     2.4726      8.062     0.0166     2.0429 1.0827e-01     0.0552    98.6283     7.6849     8.0503    32.7506    32.7655    26.3325    26.3449    8.40795 0.0000e+00
       5779    118.899    -1.0672    -1.0760   2.652919   2.653435     2.5051     2.4738      8.062     0.0313     1.9245 1.0827e-01     0.0545    98.6456     7.6868     8.0626    32.7496    32.7663    26.3317    26.3456    8.40788 0.0000e+00
       5783    118.929    -1.0673    -1.0757   2.652926   2.653427     2.5047     2.4734      8.062     0.0264     1.9245 1.0827e-01     0.0545    98.6456     7.6865     8.0593    32.7499    32.7659    26.3320    26.3452    8.40791 0.0000e+00
       5786    118.956    -1.0670    -1.0755   2.652860   2.653405     2.5055     2.4730      8.062     0.0313     1.9245 1.0827e-01     0.0545    98.6456     7.6895     8.0571    32.7486    32.7653    26.3309    26.3447    8.40791 0.0000e+00
       5789    118.981    -1.0666    -1.0759   2.652846   2.653382     2.5051     2.4738      8.062     0.0264     1.9245 1.0827e-01     0.0545    98.6456     7.6862     8.0589    32.7479    32.7654    26.3304    26.3448    8.40785 0.0000e+00
       5792    119.007    -1.0663    -1.0763   2.652862   2.653347     2.5055     2.4738      8.062     0.0264     1.9245 1.0827e-01     0.0545    98.6456     7.6857     8.0564    32.7478    32.7653    26.3303    26.3448    8.40779 0.0000e+00
       5795    119.035    -1.0661    -1.0765   2.652887   2.653317     2.5043     2.4738      8.062     0.0264     1.9245 1.0827e-01     0.0535    98.6717     7.6795     8.0557    32.7480    32.7652    26.3304    26.3446    8.40774 0.0000e+00
       5798    119.066    -1.0663    -1.0765   2.652966   2.653339     2.5051     2.4738      8.062     0.0313     1.9245 1.0827e-01     0.0535    98.6717     7.6824     8.0504    32.7492    32.7654    26.3314    26.3449    8.40770 0.0000e+00
       5801    119.099    -1.0661    -1.0758   2.652970   2.653317     2.5039     2.4738      8.062     0.0410     1.9640 1.0827e-01     0.0535    98.6717     7.6781     8.0487    32.7491    32.7643    26.3313    26.3440    8.40768 0.0000e+00
       5804    119.136    -1.0664    -1.0740   2.652994   2.653252     2.5051     2.4738      8.062     0.0459     2.0429 1.0827e-01     0.0535    98.6717     7.6824     8.0491    32.7496    32.7615    26.3317    26.3416    8.40770 0.0000e+00
       5807    119.172    -1.0668    -1.0732   2.653059   2.653210     2.5055     2.4738      8.060     0.0410     2.0034 1.0827e-01     0.0535    98.6717     7.6839     8.0491    32.7510    32.7600    26.3328    26.3403    8.40772 0.0000e+00
       5810    119.210    -1.0672    -1.0715   2.653137   2.653154     2.5043     2.4738      8.060     0.0459     2.0429 1.0827e-01     0.0535    98.6717     7.6804     8.0488    32.7525    32.7574    26.3340    26.3382    8.40773 0.0000e+00
       5813    119.248    -1.0681    -1.0709   2.653170   2.653150     2.5043     2.4738      8.062     0.0410     2.0429 1.0827e-01     0.0549    98.6369     7.6807     8.0468    32.7538    32.7566    26.3352    26.3375    8.40785 0.0000e+00
       5816    119.286    -1.0688    -1.0700   2.653265   2.653138     2.5043     2.4738      8.062     0.0410     2.0429 1.0827e-01     0.0567    98.5935     7.6819     8.0472    32.7559    32.7554    26.3369    26.3365    8.40790 0.0000e+00
       5819    119.325    -1.0698    -1.0696   2.653204   2.653131     2.5039     2.4738      8.062     0.0410     2.0429 1.0827e-01     0.0567    98.5935     7.6825     8.0463    32.7561    32.7550    26.3371    26.3362    8.40812 0.0000e+00
       5822    119.362    -1.0704    -1.0697   2.653295   2.653153     2.5056     2.4730      8.062     0.0410     2.0429 1.0815e-01     0.0567    98.5935     7.6895     8.0398    32.7580    32.7553    26.3386    26.3364    8.40814 0.0000e+00
       5825    119.397    -1.0714    -1.0699   2.653405   2.653162     2.5052     2.4734      8.062     0.0410     2.0429 1.0827e-01     0.0567    98.5935     7.6879     8.0393    32.7606    32.7557    26.3408    26.3367    8.40822 0.0000e+00
       5828    119.434    -1.0723    -1.0704   2.653362   2.653186     2.5043     2.4738      8.062     0.0410     1.9245 1.0827e-01     0.0567    98.5935     7.6832     8.0382    32.7609    32.7564    26.3410    26.3374    8.40840 0.0000e+00
       5831    119.469    -1.0718    -1.0708   2.653210   2.653245     2.5047     2.4738      8.062     0.0410     1.9245 1.0827e-01     0.0567    98.5935     7.6862     8.0362    32.7583    32.7577    26.3390    26.3384    8.40845 0.0000e+00
       5834    119.504    -1.0712    -1.0711   2.653207   2.653302     2.5043     2.4738      8.062     0.0459     1.9245 1.0827e-01     0.0574    98.5761     7.6844     8.0352    32.7576    32.7587    26.3383    26.3393    8.40835 0.0000e+00
       5837    119.539    -1.0712    -1.0708   2.653318   2.653336     2.5043     2.4738      8.060     0.0459     1.9245 1.0827e-01     0.0577    98.5674     7.6836     8.0350    32.7591    32.7589    26.3395    26.3394    8.40827 0.0000e+00
       5840    119.573    -1.0722    -1.0702   2.653344   2.653300     2.5047     2.4738      8.062     0.0410     1.9245 1.0827e-01     0.0577    98.5674     7.6854     8.0344    32.7605    32.7577    26.3407    26.3384    8.40841 0.0000e+00
       5843    119.604    -1.0732    -1.0702   2.653348   2.653313     2.5052     2.4730      8.062     0.0459     1.9245 1.0815e-01     0.0577    98.5674     7.6866     8.0312    32.7616    32.7578    26.3417    26.3385    8.40857 0.0000e+00
       5846    119.633    -1.0742    -1.0703   2.653287   2.653295     2.5052     2.4730      8.062     0.0410     1.9245 1.0827e-01     0.0577    98.5674     7.6862     8.0302    32.7619    32.7577    26.3419    26.3384    8.40879 0.0000e+00
       5849    119.663    -1.0748    -1.0700   2.653322   2.653304     2.5043     2.4726      8.062     0.0410     1.9245 1.0827e-01     0.0577    98.5674     7.6846     8.0272    32.7630    32.7575    26.3428    26.3382    8.40886 0.0000e+00
       5852    119.693    -1.0752    -1.0694   2.653355   2.653273     2.5047     2.4726      8.062     0.0410     1.9245 1.0827e-01     0.0577    98.5674     7.6862     8.0288    32.7639    32.7564    26.3436    26.3373    8.40891 0.0000e+00
       5855    119.720    -1.0751    -1.0686   2.653334   2.653226     2.5043     2.4726      8.062     0.0410     1.9245 1.0815e-01     0.0567    98.5935     7.6825     8.0303    32.7634    32.7548    26.3432    26.3360    8.40890 0.0000e+00
       5858    119.745    -1.0745    -1.0687   2.653278   2.653215     2.5043     2.4730      8.060     0.0410     1.9245 1.0827e-01     0.0567    98.5935     7.6818     8.0342    32.7620    32.7548    26.3420    26.3360    8.40885 0.0000e+00
       5861    119.769    -1.0733    -1.0683   2.653262   2.653198     2.5043     2.4726      8.062     0.0410     1.9245 1.0827e-01     0.0567    98.5935     7.6812     8.0353    32.7605    32.7542    26.3408    26.3355    8.40867 0.0000e+00
       5864    119.793    -1.0724    -1.0679   2.653284   2.653315     2.5052     2.4726      8.062     0.0410     1.9245 1.0827e-01     0.0567    98.5935     7.6822     8.0385    32.7597    32.7553    26.3401    26.3364    8.40850 0.0000e+00
       5867    119.820    -1.0719    -1.0684   2.653262   2.653339     2.5047     2.4726      8.062     0.0410     1.9245 1.0827e-01     0.0567    98.5935     7.6794     8.0420    32.7589    32.7561    26.3394    26.3370    8.40843 0.0000e+00
       5870    119.849    -1.0716    -1.0679   2.653265   2.653322     2.5047     2.4726      8.062     0.0410     1.9245 1.0815e-01     0.0567    98.5935     7.6801     8.0419    32.7586    32.7553    26.3392    26.3364    8.40839 0.0000e+00
       5873    119.878    -1.0719    -1.0674   2.653285   2.653283     2.5043     2.4726      8.062     0.0459     1.9245 1.0827e-01     0.0577    98.5674     7.6778     8.0413    32.7592    32.7542    26.3397    26.3355    8.40842 0.0000e+00
       5876    119.911    -1.0719    -1.0672   2.653240   2.653247     2.5043     2.4730      8.062     0.0459     1.9245 1.0827e-01     0.0630    98.4371     7.6773     8.0384    32.7585    32.7535    26.3391    26.3349    8.40845 0.0000e+00
       5879    119.947    -1.0713    -1.0675   2.653242   2.653190     2.5035     2.4726      8.062     0.0264     1.9245 1.0827e-01     0.0630    98.4371     7.6730     8.0368    32.7579    32.7530    26.3386    26.3345    8.40836 0.0000e+00
       5882    119.986    -1.0709    -1.0673   2.653239   2.653131     2.5047     2.4726      8.062     0.0313     1.9245 1.0815e-01     0.0627    98.4458     7.6752     8.0373    32.7574    32.7520    26.3381    26.3337    8.40828 0.0000e+00
       5885    120.032    -1.0710    -1.0668   2.653233   2.653116     2.5043     2.4726      8.059     0.0264     1.9245 1.0827e-01     0.0627    98.4458     7.6727     8.0361    32.7574    32.7512    26.3382    26.3331    8.40831 0.0000e+00
