Datasets/AZMP/COO001/79001089.cnv
* Sea-Bird SBE 9 Data File:
* FileName = C:\CTDDATA\79001089.hex
* Software Version Seasave V 7.26.7.110
* Temperature SN = 5660
* Conductivity SN = 3698
* Number of Bytes Per Scan = 30
* Number of Voltage Words = 4
* Number of Scans Averaged by the Deck Unit = 1
* NMEA baud rate = 9600
** VESSEL/TRIP/SEQ STN:  79001089
** LATITUDE XX XX.XX N:  48 10.46 N
** LONGITUDE XX XX.XX W:  53 44.46 W
** SOUNDING DEPTH (M):  0185
** PROBE TYPE: S1257
** CTD NUMBER: 056
** COMMENTS (14 CHAR): SS-17
** BOTTLES:  12
** LEVELS: 5,5,10,20,20,30,40,50,75,100,150,BTM
** STICKERS: 435243 - 435254
** VNET: Y
** DO2: N
# nquan = 22
# nvalues = 6915                        
# units = specified
# name 0 = scan: Scan Count
# name 1 = prDM: Pressure, Digiquartz [db]
# name 2 = t090C: Temperature [ITS-90, deg C]
# name 3 = t190C: Temperature, 2 [ITS-90, deg C]
# name 4 = c0S/m: Conductivity [S/m]
# name 5 = c1S/m: Conductivity, 2 [S/m]
# name 6 = sbeox0V: Oxygen raw, SBE 43 [V]
# name 7 = sbeox1V: Oxygen raw, SBE 43, 2 [V]
# name 8 = ph: pH
# name 9 = flECO-AFL: Fluorescence, WET Labs ECO-AFL/FL [mg/m^3]
# name 10 = wetCDOM: Fluorescence, WET Labs CDOM [mg/m^3]
# name 11 = par/sat/log: PAR/Logarithmic, Satlantic [umol photons/m^2/sec]
# name 12 = CStarAt0: Beam Attenuation, WET Labs C-Star [1/m]
# name 13 = CStarTr0: Beam Transmission, WET Labs C-Star [%]
# name 14 = sbeox0ML/L: Oxygen, SBE 43 [ml/l], WS = 2
# name 15 = sbeox1ML/L: Oxygen, SBE 43, 2 [ml/l], WS = 2
# name 16 = sal00: Salinity, Practical [PSU]
# name 17 = sal11: Salinity, Practical, 2 [PSU]
# name 18 = sigma-t00: Density [sigma-t, kg/m^3 ]
# name 19 = sigma-t11: Density, 2 [sigma-t, kg/m^3 ]
# name 20 = oxsatML/L: Oxygen Saturation, Weiss [ml/l]
# name 21 = flag: flag
# span 0 =        245,      49755       
# span 1 =      2.120,    173.044       
# span 2 =     0.1271,     3.5391       
# span 3 =     0.1270,     3.5386       
# span 4 =   2.764053,   2.935211       
# span 5 =   2.763511,   2.935501       
# span 6 =     2.3824,     2.7383       
# span 7 =     2.3523,     2.7053       
# span 8 =      8.027,      8.184       
# span 9 =     0.0215,     0.8469       
# span 10 =    -1.2338,     4.6485      
# span 11 = 1.0752e-01, 1.4477e+00      
# span 12 =     0.0846,     0.2881      
# span 13 =    93.0494,    97.9070      
# span 14 =     6.8652,     7.5830      
# span 15 =     7.3232,     7.9018      
# span 16 =    30.9369,    32.9370      
# span 17 =    30.9415,    32.9387      
# span 18 =    24.6249,    26.4348      
# span 19 =    24.6287,    26.4362      
# span 20 =    7.52515,    8.13166      
# span 21 = 0.0000e+00, 0.0000e+00      
# interval = scans: 3                   
# start_time = Dec 02 2019 01:30:47 [System UTC, header]
# bad_flag = -9.990e-29
*END*
[from data line 4083]
      19346    103.356     2.5764     2.7322   2.898054   2.908350     2.6483     2.6137      8.134     0.0703     2.2798 1.0790e-01     0.1099    97.2900     7.4185     7.7536    32.1058    32.0755    25.6100    25.5733    7.67336 0.0000e+00
      19349    103.309     2.5775     2.7334   2.898352   2.908372     2.6479     2.6128      8.134     0.0703     2.2798 1.0790e-01     0.1085    97.3248     7.4154     7.7502    32.1085    32.0745    25.6120    25.5724    7.67302 0.0000e+00
      19352    103.260     2.5821     2.7337   2.899023   2.908387     2.6479     2.6124      8.134     0.0654     2.2798 1.0790e-01     0.1067    97.3682     7.4123     7.7490    32.1120    32.0744    25.6145    25.5723    7.67193 0.0000e+00
      19355    103.212     2.5903     2.7348   2.899949   2.908445     2.6491     2.6133      8.134     0.0703     2.1614 1.0790e-01     0.1067    97.3682     7.4164     7.7529    32.1151    32.0741    25.6163    25.5719    7.67018 0.0000e+00
      19358    103.165     2.6007     2.7346   2.901007   2.908385     2.6491     2.6133      8.134     0.0703     2.1614 1.0790e-01     0.1067    97.3682     7.4126     7.7526    32.1176    32.0735    25.6175    25.5715    7.66802 0.0000e+00
      19361    103.119     2.6148     2.7346   2.901949   2.908483     2.6483     2.6133      8.134     0.0703     2.1614 1.0790e-01     0.1067    97.3682     7.4078     7.7517    32.1151    32.0748    25.6143    25.5725    7.66542 0.0000e+00
      19364    103.073     2.6277     2.7358   2.902341   2.908579     2.6491     2.6133      8.134     0.0703     2.1614 1.0790e-01     0.1067    97.3682     7.4087     7.7501    32.1069    32.0748    25.6068    25.5724    7.66332 0.0000e+00
      19367    103.024     2.6355     2.7371   2.902344   2.908620     2.6487     2.6133      8.136     0.0654     2.1614 1.0790e-01     0.1071    97.3595     7.4052     7.7480    32.0992    32.0740    25.5999    25.5716    7.66220 0.0000e+00
      19370    102.977     2.6375     2.7389   2.902040   2.908698     2.6487     2.6137      8.136     0.0850     2.1614 1.0790e-01     0.1056    97.3943     7.4062     7.7497    32.0935    32.0732    25.5952    25.5709    7.66210 0.0000e+00
      19373    102.931     2.6368     2.7388   2.901889   2.908675     2.6483     2.6133      8.136     0.0850     2.1614 1.0790e-01     0.1045    97.4204     7.4044     7.7485    32.0924    32.0730    25.5944    25.5707    7.66231 0.0000e+00
      19376    102.883     2.6363     2.7392   2.901975   2.908734     2.6491     2.6137      8.134     0.0850     2.1614 1.0790e-01     0.1045    97.4204     7.4063     7.7492    32.0940    32.0734    25.5958    25.5710    7.66232 0.0000e+00
      19379    102.833     2.6374     2.7406   2.902038   2.908854     2.6499     2.6137      8.136     0.0899     2.1219 1.0790e-01     0.1045    97.4204     7.4076     7.7487    32.0936    32.0735    25.5954    25.5710    7.66212 0.0000e+00
      19382    102.786     2.6357     2.7422   2.901770   2.908953     2.6491     2.6137      8.137     0.0850     1.9245 1.0790e-01     0.1045    97.4204     7.4060     7.7497    32.0921    32.0730    25.5943    25.5705    7.66253 0.0000e+00
      19385    102.738     2.6298     2.7432   2.901093   2.908986     2.6503     2.6137      8.134     0.0801     1.9245 1.0790e-01     0.1045    97.4204     7.4110     7.7521    32.0898    32.0725    25.5929    25.5700    7.66380 0.0000e+00
      19388    102.690     2.6176     2.7431   2.899895   2.908942     2.6495     2.6137      8.134     0.0899     1.9245 1.0790e-01     0.1049    97.4117     7.4091     7.7528    32.0874    32.0721    25.5920    25.5697    7.66630 0.0000e+00
      19391    102.641     2.6125     2.7438   2.900331   2.909019     2.6495     2.6137      8.134     0.0850     1.9245 1.0790e-01     0.1045    97.4204     7.4102     7.7539    32.0979    32.0723    25.6007    25.5698    7.66674 0.0000e+00
      19394    102.595     2.6192     2.7453   2.901452   2.909121     2.6499     2.6137      8.134     0.0947     1.9245 1.0790e-01     0.1045    97.4204     7.4093     7.7559    32.1049    32.0721    25.6058    25.5695    7.66508 0.0000e+00
      19397    102.548     2.6269     2.7464   2.901445   2.909198     2.6499     2.6137      8.137     0.0850     1.9245 1.0790e-01     0.1045    97.4204     7.4069     7.7592    32.0970    32.0720    25.5989    25.5693    7.66398 0.0000e+00
      19400    102.504     2.6279     2.7471   2.900945   2.909224     2.6499     2.6141      8.134     0.0850     1.9245 1.0790e-01     0.1045    97.4204     7.4038     7.7630    32.0900    32.0716    25.5932    25.5690    7.66415 0.0000e+00
      19403    102.458     2.6234     2.7479   2.901091   2.909217     2.6491     2.6145      8.137     0.0850     1.9245 1.0790e-01     0.1045    97.4204     7.4012     7.7668    32.0963    32.0708    25.5986    25.5682    7.66470 0.0000e+00
      19406    102.412     2.6237     2.7482   2.901223   2.909233     2.6503     2.6145      8.137     0.0850     1.9245 1.0790e-01     0.1045    97.4204     7.4041     7.7684    32.0977    32.0707    25.5997    25.5681    7.66458 0.0000e+00
      19409    102.370     2.6265     2.7481   2.901108   2.909216     2.6491     2.6149      8.137     0.0947     2.0429 1.0790e-01     0.1052    97.4030     7.4004     7.7721    32.0935    32.0706    25.5961    25.5681    7.66425 0.0000e+00
      19412    102.327     2.6281     2.7479   2.901263   2.909216     2.6495     2.6149      8.139     0.0801     2.0429 1.0790e-01     0.1056    97.3943     7.4014     7.7736    32.0938    32.0709    25.5962    25.5683    7.66392 0.0000e+00
      19415    102.282     2.6287     2.7480   2.901363   2.909209     2.6503     2.6153      8.136     0.0899     2.0429 1.0790e-01     0.1056    97.3943     7.4033     7.7769    32.0944    32.0707    25.5967    25.5682    7.66376 0.0000e+00
      19418    102.237     2.6298     2.7481   2.901398   2.909216     2.6503     2.6153      8.137     0.0850     2.0429 1.0790e-01     0.1052    97.4030     7.4044     7.7778    32.0938    32.0706    25.5961    25.5681    7.66359 0.0000e+00
      19421    102.192     2.6304     2.7479   2.901308   2.909212     2.6491     2.6161      8.139     0.0996     2.0429 1.0790e-01     0.1056    97.3943     7.4010     7.7822    32.0921    32.0708    25.5947    25.5682    7.66357 0.0000e+00
      19424    102.146     2.6295     2.7479   2.901136   2.909219     2.6499     2.6161      8.137     0.0996     2.0429 1.0790e-01     0.1056    97.3943     7.4038     7.7828    32.0909    32.0710    25.5938    25.5684    7.66380 0.0000e+00
      19427    102.101     2.6288     2.7477   2.901302   2.909187     2.6487     2.6161      8.137     0.0996     2.0429 1.0790e-01     0.1056    97.3943     7.3994     7.7837    32.0937    32.0708    25.5961    25.5682    7.66379 0.0000e+00
      19430    102.058     2.6289     2.7480   2.901417   2.909230     2.6499     2.6161      8.139     0.0996     2.0429 1.0790e-01     0.1038    97.4377     7.4039     7.7843    32.0950    32.0710    25.5971    25.5684    7.66370 0.0000e+00
      19433    102.011     2.6284     2.7486   2.901373   2.909248     2.6503     2.6169      8.137     0.0996     2.0429 1.0790e-01     0.1024    97.4725     7.4065     7.7883    32.0950    32.0707    25.5972    25.5681    7.66380 0.0000e+00
      19436    101.966     2.6283     2.7485   2.901227   2.909178     2.6487     2.6169      8.137     0.0996     2.0429 1.0790e-01     0.1031    97.4551     7.4006     7.7871    32.0933    32.0700    25.5959    25.5675    7.66391 0.0000e+00
      19439    101.922     2.6298     2.7483   2.901434   2.909198     2.6503     2.6173      8.139     0.0996     2.0429 1.0790e-01     0.1024    97.4725     7.4064     7.7856    32.0944    32.0705    25.5965    25.5679    7.66356 0.0000e+00
      19442    101.877     2.6325     2.7483   2.901984   2.909176     2.6503     2.6177      8.139     0.0996     2.0429 1.0790e-01     0.1024    97.4725     7.4083     7.7861    32.0984    32.0702    25.5996    25.5678    7.66283 0.0000e+00
      19445    101.831     2.6398     2.7482   2.902874   2.909170     2.6503     2.6181      8.137     0.0996     2.0429 1.0790e-01     0.1024    97.4725     7.4088     7.7863    32.1020    32.0702    25.6018    25.5678    7.66123 0.0000e+00
      19448    101.785     2.6477     2.7479   2.902958   2.909178     2.6491     2.6185      8.139     0.0850     2.0429 1.0790e-01     0.1028    97.4638     7.4046     7.7874    32.0951    32.0706    25.5957    25.5681    7.66004 0.0000e+00
      19451    101.742     2.6500     2.7481   2.902880   2.909191     2.6499     2.6185      8.139     0.0850     2.0429 1.0790e-01     0.1035    97.4464     7.4077     7.7845    32.0918    32.0706    25.5930    25.5681    7.65976 0.0000e+00
      19454    101.699     2.6488     2.7486   2.902581   2.909272     2.6503     2.6185      8.137     0.0850     2.0429 1.0790e-01     0.1031    97.4551     7.4083     7.7824    32.0894    32.0711    25.5911    25.5685    7.66011 0.0000e+00
      19457    101.656     2.6474     2.7493   2.902812   2.909293     2.6503     2.6194      8.137     0.0850     2.0429 1.0790e-01     0.1028    97.4638     7.4099     7.7830    32.0937    32.0708    25.5946    25.5681    7.66017 0.0000e+00
      19460    101.611     2.6512     2.7496   2.903620   2.909337     2.6503     2.6185      8.139     0.0850     2.0429 1.0790e-01     0.1028    97.4638     7.4089     7.7764    32.0998    32.0710    25.5992    25.5682    7.65913 0.0000e+00
      19463    101.566     2.6596     2.7502   2.904187   2.909314     2.6503     2.6185      8.139     0.0850     2.0429 1.0790e-01     0.1028    97.4638     7.4076     7.7738    32.0983    32.0701    25.5973    25.5675    7.65757 0.0000e+00
      19466    101.522     2.6686     2.7506   2.904531   2.909348     2.6515     2.6194      8.139     0.0850     2.0429 1.0790e-01     0.1031    97.4551     7.4130     7.7741    32.0935    32.0701    25.5928    25.5675    7.65607 0.0000e+00
      19469    101.479     2.6745     2.7514   2.904776   2.909468     2.6511     2.6194      8.137     0.0801     2.0429 1.0790e-01     0.1031    97.4551     7.4142     7.7725    32.0906    32.0708    25.5900    25.5679    7.65507 0.0000e+00
      19472    101.434     2.6788     2.7531   2.905149   2.909569     2.6519     2.6194      8.139     0.0899     2.0429 1.0790e-01     0.1024    97.4725     7.4169     7.7708    32.0909    32.0704    25.5899    25.5675    7.65423 0.0000e+00
      19475    101.389     2.6820     2.7532   2.905134   2.909470     2.6507     2.6194      8.139     0.0996     2.0429 1.0790e-01     0.1024    97.4725     7.4106     7.7699    32.0875    32.0692    25.5869    25.5665    7.65377 0.0000e+00
      19478    101.345     2.6843     2.7531   2.904983   2.909447     2.6515     2.6198      8.139     0.0996     2.0429 1.0790e-01     0.1024    97.4725     7.4124     7.7700    32.0834    32.0690    25.5834    25.5663    7.65353 0.0000e+00
      19481    101.300     2.6845     2.7531   2.905010   2.909529     2.6515     2.6198      8.139     0.1045     2.0429 1.0790e-01     0.1024    97.4725     7.4121     7.7693    32.0835    32.0700    25.5835    25.5672    7.65348 0.0000e+00
      19484    101.256     2.6856     2.7543   2.904944   2.909602     2.6515     2.6194      8.139     0.0996     2.0429 1.0790e-01     0.1024    97.4725     7.4109     7.7670    32.0817    32.0697    25.5820    25.5668    7.65338 0.0000e+00
      19487    101.211     2.6897     2.7557   2.905417   2.909688     2.6528     2.6198      8.139     0.0996     2.1614 1.0790e-01     0.1024    97.4725     7.4132     7.7676    32.0834    32.0694    25.5830    25.5665    7.65250 0.0000e+00
      19490    101.167     2.6975     2.7561   2.905906   2.909714     2.6536     2.6198      8.139     0.0996     2.1614 1.0790e-01     0.1020    97.4812     7.4138     7.7666    32.0815    32.0693    25.5809    25.5664    7.65107 0.0000e+00
      19493    101.122     2.7028     2.7568   2.906367   2.909798     2.6540     2.6198      8.138     0.0996     2.1614 1.0790e-01     0.1013    97.4986     7.4141     7.7668    32.0819    32.0696    25.5807    25.5666    7.65004 0.0000e+00
      19496    101.080     2.7053     2.7582   2.906301   2.909916     2.6528     2.6198      8.138     0.0996     2.1614 1.0790e-01     0.1010    97.5073     7.4106     7.7680    32.0785    32.0697    25.5779    25.5665    7.64971 0.0000e+00
      19499    101.038     2.7051     2.7593   2.906095   2.909925     2.6528     2.6198      8.138     0.0898     2.1614 1.0790e-01     0.1010    97.5073     7.4108     7.7680    32.0763    32.0688    25.5761    25.5657    7.64987 0.0000e+00
      19502    100.997     2.7036     2.7593   2.905848   2.909963     2.6528     2.6198      8.138     0.0899     2.1614 1.0790e-01     0.1010    97.5073     7.4088     7.7689    32.0748    32.0693    25.5751    25.5661    7.65024 0.0000e+00
      19505    100.956     2.7017     2.7621   2.905765   2.910198     2.6536     2.6198      8.138     0.0850     2.1614 1.0790e-01     0.1013    97.4986     7.4110     7.7696    32.0757    32.0693    25.5759    25.5659    7.65056 0.0000e+00
      19508    100.914     2.6992     2.7652   2.905337   2.910343     2.6528     2.6202      8.138     0.0752     2.1614 1.0790e-01     0.1013    97.4986     7.4083     7.7696    32.0731    32.0680    25.5740    25.5646    7.65119 0.0000e+00
      19511    100.874     2.6953     2.7689   2.905089   2.910686     2.6536     2.6206      8.139     0.0850     2.0824 1.0790e-01     0.1006    97.5160     7.4108     7.7696    32.0739    32.0685    25.5750    25.5647    7.65188 0.0000e+00
      19514    100.831     2.6937     2.7722   2.905231   2.910877     2.6540     2.6198      8.139     0.0899     2.0429 1.0790e-01     0.1003    97.5247     7.4128     7.7663    32.0773    32.0675    25.5778    25.5636    7.65203 0.0000e+00
      19517    100.790     2.6915     2.7757   2.905688   2.911012     2.6540     2.6206      8.139     0.0850     2.0429 1.0790e-01     0.1003    97.5247     7.4147     7.7688    32.0851    32.0657    25.5842    25.5619    7.65206 0.0000e+00
      19520    100.747     2.6967     2.7774   2.906227   2.911079     2.6548     2.6210      8.139     0.0899     2.0429 1.0790e-01     0.1003    97.5247     7.4174     7.7698    32.0865    32.0649    25.5849    25.5611    7.65098 0.0000e+00
      19523    100.703     2.7028     2.7799   2.906388   2.911217     2.6540     2.6206      8.138     0.0850     2.0429 1.0790e-01     0.1003    97.5247     7.4137     7.7672    32.0824    32.0641    25.5811    25.5603    7.65001 0.0000e+00
      19526    100.661     2.7074     2.7815   2.906679   2.911232     2.6540     2.6210      8.138     0.0947     2.0429 1.0790e-01     0.1003    97.5247     7.4122     7.7673    32.0814    32.0627    25.5800    25.5591    7.64917 0.0000e+00
      19529    100.620     2.7110     2.7817   2.906750   2.911311     2.6548     2.6206      8.138     0.0996     2.0429 1.0790e-01     0.1006    97.5160     7.4128     7.7647    32.0786    32.0635    25.5775    25.5596    7.64861 0.0000e+00
      19532    100.578     2.7118     2.7824   2.906472   2.911381     2.6552     2.6206      8.138     0.0996     2.0429 1.0790e-01     0.1010    97.5073     7.4145     7.7644    32.0744    32.0636    25.5741    25.5597    7.64867 0.0000e+00
      19535    100.532     2.7090     2.7836   2.906135   2.911475     2.6548     2.6206      8.138     0.0996     2.0429 1.0790e-01     0.1010    97.5073     7.4133     7.7631    32.0731    32.0636    25.5733    25.5596    7.64927 0.0000e+00
      19538    100.488     2.7050     2.7852   2.906110   2.911485     2.6552     2.6210      8.138     0.0996     1.9640 1.0790e-01     0.1006    97.5160     7.4144     7.7623    32.0769    32.0622    25.5766    25.5583    7.64986 0.0000e+00
