Datasets/AZMP/COO001/79001075.cnv
* Sea-Bird SBE 9 Data File:
* FileName = C:\CTDDATA\79001075.hex
* Software Version Seasave V 7.26.7.110
* Temperature SN = 5660
* Conductivity SN = 3698
* Number of Bytes Per Scan = 30
* Number of Voltage Words = 4
* Number of Scans Averaged by the Deck Unit = 1
* NMEA baud rate = 9600
** VESSEL/TRIP/SEQ STN:  79001075
** LATITUDE XX XX.XX N:  48 13.55 N
** LONGITUDE XX XX.XX W:  53 31.15 W
** SOUNDING DEPTH (M):  0289
** PROBE TYPE: S1257
** CTD NUMBER: 042
** COMMENTS (14 CHAR): SS-03
** BOTTLES:  0
** LEVELS:
** STICKERS:
** VNET: N
** DO2: N
# nquan = 22
# nvalues = 7684                        
# units = specified
# name 0 = scan: Scan Count
# name 1 = prDM: Pressure, Digiquartz [db]
# name 2 = t090C: Temperature [ITS-90, deg C]
# name 3 = t190C: Temperature, 2 [ITS-90, deg C]
# name 4 = c0S/m: Conductivity [S/m]
# name 5 = c1S/m: Conductivity, 2 [S/m]
# name 6 = sbeox0V: Oxygen raw, SBE 43 [V]
# name 7 = sbeox1V: Oxygen raw, SBE 43, 2 [V]
# name 8 = ph: pH
# name 9 = flECO-AFL: Fluorescence, WET Labs ECO-AFL/FL [mg/m^3]
# name 10 = wetCDOM: Fluorescence, WET Labs CDOM [mg/m^3]
# name 11 = par/sat/log: PAR/Logarithmic, Satlantic [umol photons/m^2/sec]
# name 12 = CStarAt0: Beam Attenuation, WET Labs C-Star [1/m]
# name 13 = CStarTr0: Beam Transmission, WET Labs C-Star [%]
# name 14 = sbeox0ML/L: Oxygen, SBE 43 [ml/l], WS = 2
# name 15 = sbeox1ML/L: Oxygen, SBE 43, 2 [ml/l], WS = 2
# name 16 = sal00: Salinity, Practical [PSU]
# name 17 = sal11: Salinity, Practical, 2 [PSU]
# name 18 = sigma-t00: Density [sigma-t, kg/m^3 ]
# name 19 = sigma-t11: Density, 2 [sigma-t, kg/m^3 ]
# name 20 = oxsatML/L: Oxygen Saturation, Weiss [ml/l]
# name 21 = flag: flag
# span 0 =        403,      26016       
# span 1 =      0.772,    280.291       
# span 2 =    -0.1057,     3.5135       
# span 3 =    -0.1089,     3.5132       
# span 4 =   2.727485,   2.934905       
# span 5 =   2.727429,   2.935057       
# span 6 =     2.1593,     2.7613       
# span 7 =     2.1283,     2.7177       
# span 8 =      7.958,      8.174       
# span 9 =     0.0068,     0.7394       
# span 10 =    -1.1549,     2.9904      
# span 11 = 1.0752e-01, 8.2786e+01      
# span 12 =     0.0779,     0.4068      
# span 13 =    90.3295,    98.0721      
# span 14 =     6.1195,     7.7111      
# span 15 =     6.3775,     8.0566      
# span 16 =    31.2369,    33.6494      
# span 17 =    31.2450,    33.6520      
# span 18 =    24.8445,    26.9740      
# span 19 =    24.8515,    26.9759      
# span 20 =    7.51738,    8.17893      
# span 21 = 0.0000e+00, 0.0000e+00      
# interval = scans: 3                   
# start_time = Dec 01 2019 12:34:56 [System UTC, header]
# bad_flag = -9.990e-29
*END*
[from data line 396]
       1631     19.580     3.4707     3.4667   2.932241   2.932188     2.7078     2.7094      8.159     0.5978     2.1614 2.6939e+00     0.1235    96.9598     7.4332     7.8679    31.6775    31.6807    25.1930    25.1959    7.52395 0.0000e+00
       1634     19.652     3.4704     3.4672   2.932226   2.932280     2.7082     2.7094      8.159     0.5978     2.1614 2.6691e+00     0.1239    96.9511     7.4352     7.8663    31.6776    31.6813    25.1931    25.1964    7.52401 0.0000e+00
       1637     19.723     3.4704     3.4692   2.932327   2.932583     2.7094     2.7094      8.159     0.5929     2.1614 2.6415e+00     0.1239    96.9511     7.4391     7.8647    31.6787    31.6829    25.1940    25.1974    7.52395 0.0000e+00
       1640     19.796     3.4704     3.4712   2.932360   2.932803     2.7098     2.7094      8.159     0.5929     2.1614 2.6172e+00     0.1239    96.9511     7.4395     7.8624    31.6791    31.6836    25.1943    25.1978    7.52392 0.0000e+00
       1643     19.868     3.4711     3.4722   2.932522   2.932937     2.7094     2.7094      8.159     0.5929     2.1614 2.5901e+00     0.1239    96.9511     7.4366     7.8599    31.6802    31.6841    25.1951    25.1981    7.52373 0.0000e+00
       1646     19.940     3.4719     3.4728   2.932551   2.933032     2.7110     2.7098      8.159     0.5978     2.1614 2.5692e+00     0.1228    96.9772     7.4395     7.8599    31.6798    31.6846    25.1947    25.1985    7.52360 0.0000e+00
       1649     20.012     3.4723     3.4730   2.932561   2.932984     2.7127     2.7094      8.159     0.5929     2.1614 2.5515e+00     0.1206    97.0293     7.4420     7.8573    31.6795    31.6838    25.1944    25.1978    7.52355 0.0000e+00
       1652     20.084     3.4719     3.4730   2.932411   2.932960     2.7131     2.7094      8.159     0.5783     2.1614 2.5163e+00     0.1206    97.0293     7.4401     7.8559    31.6781    31.6835    25.1933    25.1976    7.52369 0.0000e+00
       1655     20.155     3.4714     3.4724   2.932473   2.932892     2.7139     2.7090      8.159     0.5734     2.1614 2.4931e+00     0.1206    97.0293     7.4397     7.8536    31.6792    31.6832    25.1943    25.1974    7.52372 0.0000e+00
       1658     20.225     3.4719     3.4722   2.932574   2.932843     2.7155     2.7090      8.159     0.5783     2.1614 2.4759e+00     0.1206    97.0293     7.4438     7.8531    31.6799    31.6828    25.1948    25.1971    7.52360 0.0000e+00
       1661     20.294     3.4722     3.4720   2.932615   2.932800     2.7167     2.7086      8.159     0.5832     2.1614 2.4531e+00     0.1206    97.0293     7.4484     7.8515    31.6801    31.6825    25.1950    25.1969    7.52354 0.0000e+00
       1664     20.363     3.4725     3.4716   2.932640   2.932762     2.7163     2.7086      8.159     0.5734     2.1614 2.4277e+00     0.1206    97.0293     7.4472     7.8518    31.6800    31.6824    25.1949    25.1968    7.52348 0.0000e+00
       1667     20.427     3.4728     3.4716   2.932623   2.932799     2.7167     2.7086      8.159     0.5734     2.1614 2.3970e+00     0.1196    97.0554     7.4462     7.8524    31.6795    31.6828    25.1944    25.1972    7.52345 0.0000e+00
       1670     20.493     3.4720     3.4720   2.932399   2.932803     2.7176     2.7082      8.159     0.5783     2.1614 2.3805e+00     0.1189    97.0728     7.4459     7.8528    31.6776    31.6824    25.1930    25.1968    7.52370 0.0000e+00
       1673     20.558     3.4716     3.4718   2.932471   2.932790     2.7180     2.7082      8.159     0.5832     2.1614 2.3695e+00     0.1189    97.0728     7.4439     7.8529    31.6788    31.6825    25.1940    25.1969    7.52371 0.0000e+00
       1676     20.625     3.4720     3.4717   2.932632   2.932793     2.7184     2.7082      8.159     0.5685     2.1614 2.3422e+00     0.1192    97.0641     7.4427     7.8545    31.6803    31.6826    25.1951    25.1970    7.52356 0.0000e+00
       1679     20.688     3.4729     3.4717   2.932825   2.932785     2.7184     2.7082      8.159     0.5734     2.1614 2.3314e+00     0.1196    97.0554     7.4417     7.8561    31.6817    31.6824    25.1961    25.1968    7.52332 0.0000e+00
       1682     20.748     3.4737     3.4720   2.932832   2.932821     2.7204     2.7082      8.159     0.5685     2.1614 2.3100e+00     0.1189    97.0728     7.4467     7.8577    31.6810    31.6825    25.1955    25.1969    7.52321 0.0000e+00
       1685     20.805     3.4745     3.4723   2.933101   2.932845     2.7216     2.7082      8.159     0.5636     2.1614 2.2914e+00     0.1192    97.0641     7.4491     7.8591    31.6833    31.6825    25.1973    25.1968    7.52293 0.0000e+00
       1688     20.863     3.4755     3.4727   2.933190   2.932878     2.7220     2.7082      8.159     0.5685     2.1614 2.2755e+00     0.1181    97.0902     7.4502     7.8598    31.6834    31.6825    25.1973    25.1967    7.52274 0.0000e+00
       1691     20.919     3.4763     3.4724   2.933282   2.932872     2.7212     2.7082      8.159     0.5685     2.1614 2.2520e+00     0.1178    97.0988     7.4464     7.8605    31.6837    31.6826    25.1975    25.1969    7.52259 0.0000e+00
       1694     20.976     3.4767     3.4724   2.933245   2.932873     2.7220     2.7082      8.159     0.5636     2.1614 2.2390e+00     0.1178    97.0988     7.4479     7.8612    31.6829    31.6827    25.1967    25.1970    7.52255 0.0000e+00
       1697     21.031     3.4766     3.4723   2.933181   2.932851     2.7216     2.7074      8.159     0.5734     2.1614 2.2158e+00     0.1174    97.1075     7.4454     7.8582    31.6821    31.6825    25.1962    25.1968    7.52260 0.0000e+00
       1700     21.085     3.4768     3.4718   2.933268   2.932818     2.7229     2.7078      8.159     0.5685     2.1614 2.2005e+00     0.1185    97.0815     7.4490     7.8597    31.6830    31.6824    25.1969    25.1969    7.52253 0.0000e+00
       1703     21.139     3.4769     3.4721   2.933342   2.932839     2.7241     2.7082      8.159     0.5685     2.1614 2.1853e+00     0.1178    97.0988     7.4516     7.8622    31.6837    31.6825    25.1974    25.1968    7.52247 0.0000e+00
       1706     21.193     3.4768     3.4726   2.933204   2.932950     2.7233     2.7082      8.159     0.5685     2.1614 2.1677e+00     0.1192    97.0641     7.4464     7.8632    31.6822    31.6832    25.1962    25.1974    7.52257 0.0000e+00
       1709     21.247     3.4761     3.4737   2.933095   2.933110     2.7237     2.7078      8.159     0.5685     2.1614 2.1551e+00     0.1228    96.9772     7.4490     7.8627    31.6815    31.6840    25.1957    25.1979    7.52273 0.0000e+00
       1712     21.298     3.4760     3.4739   2.933281   2.933109     2.7245     2.7078      8.159     0.5685     2.1614 2.1255e+00     0.1228    96.9772     7.4527     7.8638    31.6838    31.6838    25.1975    25.1977    7.52263 0.0000e+00
       1715     21.347     3.4765     3.4742   2.933499   2.933187     2.7253     2.7082      8.159     0.5588     2.1614 2.1132e+00     0.1228    96.9772     7.4551     7.8673    31.6859    31.6844    25.1992    25.1982    7.52244 0.0000e+00
       1718     21.397     3.4769     3.4744   2.933596   2.933264     2.7253     2.7078      8.159     0.5734     2.1614 2.1035e+00     0.1228    96.9772     7.4549     7.8700    31.6866    31.6851    25.1997    25.1987    7.52232 0.0000e+00
       1721     21.447     3.4772     3.4749   2.933556   2.933370     2.7257     2.7074      8.159     0.5685     2.1614 2.0889e+00     0.1228    96.9772     7.4604     7.8711    31.6858    31.6859    25.1991    25.1993    7.52231 0.0000e+00
       1724     21.496     3.4771     3.4753   2.933589   2.933497     2.7269     2.7082      8.159     0.5588     2.1614 2.0673e+00     0.1228    96.9772     7.4677     7.8757    31.6863    31.6870    25.1994    25.2001    7.52230 0.0000e+00
       1727     21.546     3.4768     3.4751   2.933622   2.933547     2.7265     2.7082      8.159     0.5685     2.1614 2.0483e+00     0.1206    97.0293     7.4703     7.8779    31.6869    31.6878    25.2000    25.2008    7.52232 0.0000e+00
       1730     21.597     3.4764     3.4735   2.933637   2.933773     2.7269     2.7082      8.159     0.5490     2.2403 2.0294e+00     0.1163    97.1336     7.4736     7.8814    31.6875    31.6920    25.2005    25.2042    7.52238 0.0000e+00
       1733     21.643     3.4763     3.4723   2.933635   2.933745     2.7277     2.7082      8.159     0.5295     2.2798 2.0247e+00     0.1167    97.1249     7.4749     7.8823    31.6876    31.6928    25.2006    25.2050    7.52240 0.0000e+00
       1736     21.692     3.4762     3.4716   2.933684   2.933702     2.7277     2.7082      8.159     0.5392     2.2798 2.0084e+00     0.1167    97.1249     7.4748     7.8832    31.6882    31.6929    25.2010    25.2052    7.52238 0.0000e+00
       1739     21.740     3.4758     3.4717   2.933780   2.933661     2.7277     2.7090      8.159     0.5392     2.2798 2.0014e+00     0.1163    97.1336     7.4743     7.8859    31.6897    31.6923    25.2022    25.2047    7.52237 0.0000e+00
       1742     21.791     3.4748     3.4714   2.933801   2.933714     2.7294     2.7094      8.159     0.5392     2.2798 1.9876e+00     0.1163    97.1336     7.4782     7.8864    31.6909    31.6932    25.2033    25.2055    7.52251 0.0000e+00
       1745     21.839     3.4737     3.4711   2.933770   2.933847     2.7330     2.7094      8.159     0.5392     2.2798 1.9784e+00     0.1163    97.1336     7.4886     7.8848    31.6916    31.6951    25.2040    25.2070    7.52268 0.0000e+00
       1748     21.889     3.4731     3.4710   2.933839   2.933877     2.7326     2.7094      8.159     0.5343     2.2798 1.9670e+00     0.1170    97.1162     7.4845     7.8809    31.6930    31.6955    25.2051    25.2073    7.52272 0.0000e+00
       1751     21.938     3.4726     3.4709   2.933846   2.933952     2.7330     2.7098      8.159     0.5392     2.2798 1.9534e+00     0.1167    97.1249     7.4845     7.8780    31.6936    31.6965    25.2056    25.2081    7.52279 0.0000e+00
       1754     21.991     3.4722     3.4710   2.933813   2.933964     2.7318     2.7098      8.159     0.5392     2.2798 1.9512e+00     0.1174    97.1075     7.4778     7.8730    31.6935    31.6965    25.2056    25.2080    7.52287 0.0000e+00
       1757     22.046     3.4723     3.4714   2.933788   2.933939     2.7322     2.7094      8.159     0.5880     2.2798 1.9333e+00     0.1167    97.1249     7.4768     7.8665    31.6931    31.6958    25.2053    25.2075    7.52286 0.0000e+00
       1760     22.098     3.4723     3.4717   2.933742   2.933863     2.7330     2.7098      8.159     0.5929     2.2798 1.9110e+00     0.1167    97.1249     7.4754     7.8629    31.6926    31.6945    25.2049    25.2064    7.52290 0.0000e+00
       1763     22.148     3.4724     3.4718   2.933725   2.933882     2.7326     2.7094      8.159     0.5929     2.2798 1.8934e+00     0.1167    97.1249     7.4715     7.8547    31.6922    31.6946    25.2046    25.2066    7.52290 0.0000e+00
       1766     22.199     3.4726     3.4719   2.933718   2.933910     2.7330     2.7094      8.159     0.5978     2.2798 1.8912e+00     0.1170    97.1162     7.4694     7.8500    31.6919    31.6949    25.2043    25.2067    7.52287 0.0000e+00
       1769     22.254     3.4731     3.4744   2.933731   2.934043     2.7330     2.7094      8.159     0.5881     2.2798 1.8760e+00     0.1178    97.0988     7.4681     7.8460    31.6915    31.6940    25.2040    25.2058    7.52279 0.0000e+00
       1772     22.308     3.4735     3.4763   2.933735   2.934110     2.7334     2.7090      8.159     0.5978     2.2798 1.8630e+00     0.1181    97.0902     7.4707     7.8419    31.6911    31.6929    25.2036    25.2048    7.52273 0.0000e+00
       1775     22.361     3.4738     3.4767   2.933736   2.934094     2.7338     2.7082      8.159     0.5881     2.2798 1.8437e+00     0.1178    97.0988     7.4738     7.8396    31.6909    31.6923    25.2033    25.2043    7.52270 0.0000e+00
       1778     22.419     3.4738     3.4773   2.933754   2.934119     2.7347     2.7082      8.159     0.5929     2.2798 1.8416e+00     0.1185    97.0815     7.4774     7.8426    31.6910    31.6920    25.2035    25.2039    7.52269 0.0000e+00
       1781     22.477     3.4734     3.4770   2.933714   2.934109     2.7342     2.7082      8.159     0.5881     2.2403 1.8268e+00     0.1174    97.1075     7.4753     7.8455    31.6909    31.6921    25.2035    25.2041    7.52277 0.0000e+00
       1784     22.533     3.4732     3.4762   2.933740   2.934088     2.7342     2.7082      8.159     0.5929     2.0429 1.8162e+00     0.1178    97.0988     7.4771     7.8490    31.6914    31.6927    25.2039    25.2046    7.52279 0.0000e+00
       1787     22.591     3.4732     3.4762   2.933732   2.934092     2.7363     2.7070      8.159     0.5881     2.0429 1.8058e+00     0.1174    97.1075     7.4847     7.8489    31.6913    31.6926    25.2038    25.2045    7.52279 0.0000e+00
       1790     22.651     3.4732     3.4762   2.933716   2.934089     2.7359     2.7070      8.159     0.5929     2.0429 1.7933e+00     0.1160    97.1423     7.4826     7.8528    31.6910    31.6925    25.2035    25.2045    7.52280 0.0000e+00
       1793     22.712     3.4733     3.4761   2.933721   2.934081     2.7351     2.7070      8.159     0.5881     2.0429 1.7809e+00     0.1156    97.1510     7.4809     7.8571    31.6910    31.6925    25.2035    25.2045    7.52279 0.0000e+00
       1796     22.773     3.4734     3.4755   2.933727   2.934074     2.7355     2.7074      8.159     0.5978     2.0429 1.7706e+00     0.1160    97.1423     7.4810     7.8630    31.6909    31.6930    25.2035    25.2049    7.52277 0.0000e+00
       1799     22.835     3.4736     3.4761   2.933746   2.934122     2.7363     2.7078      8.159     0.5978     2.0429 1.7726e+00     0.1163    97.1336     7.4828     7.8685    31.6909    31.6929    25.2034    25.2048    7.52273 0.0000e+00
       1802     22.897     3.4738     3.4766   2.933776   2.934135     2.7359     2.7082      8.159     0.5978     2.0429 1.7563e+00     0.1156    97.1510     7.4820     7.8714    31.6910    31.6926    25.2035    25.2045    7.52268 0.0000e+00
       1805     22.961     3.4745     3.4770   2.933814   2.934137     2.7367     2.7082      8.159     0.5832     2.0429 1.7442e+00     0.1156    97.1510     7.4841     7.8736    31.6907    31.6922    25.2032    25.2041    7.52256 0.0000e+00
       1808     23.026     3.4750     3.4769   2.933857   2.934141     2.7379     2.7082      8.159     0.6173     2.1219 1.7301e+00     0.1163    97.1336     7.4850     7.8754    31.6907    31.6923    25.2032    25.2042    7.52247 0.0000e+00
       1811     23.091     3.4749     3.4758   2.933825   2.934084     2.7371     2.7082      8.159     0.6174     2.1614 1.7162e+00     0.1167    97.1249     7.4818     7.8759    31.6904    31.6927    25.2029    25.2046    7.52250 0.0000e+00
       1814     23.158     3.4750     3.4748   2.933840   2.934057     2.7375     2.7082      8.159     0.6174     2.1614 1.7083e+00     0.1170    97.1162     7.4837     7.8738    31.6905    31.6933    25.2029    25.2052    7.52248 0.0000e+00
       1817     23.225     3.4754     3.4748   2.933855   2.934067     2.7387     2.7082      8.159     0.6271     2.1614 1.6906e+00     0.1167    97.1249     7.4868     7.8716    31.6903    31.6934    25.2027    25.2053    7.52243 0.0000e+00
       1820     23.293     3.4755     3.4749   2.933877   2.934102     2.7375     2.7082      8.159     0.6222     2.1614 1.6828e+00     0.1170    97.1162     7.4827     7.8705    31.6904    31.6937    25.2029    25.2055    7.52241 0.0000e+00
