Datasets/AZMP/COO001/79001032.cnv
* Sea-Bird SBE 9 Data File:
* FileName = C:\CTDDATA\79001032.hex
* Software Version Seasave V 7.26.7.110
* Temperature SN = 5660
* Conductivity SN = 3698
* Number of Bytes Per Scan = 30
* Number of Voltage Words = 4
* Number of Scans Averaged by the Deck Unit = 1
* NMEA baud rate = 9600
** VESSEL/TRIP/SEQ STN:  79001032
** LATITUDE XX XX.XX N:  42 51.00 N
** LONGITUDE XX XX.XX W:  49 53.20 W
** SOUNDING DEPTH (M):  0407
** PROBE TYPE: S1257
** CTD NUMBER: 019
** COMMENTS (14 CHAR): SEGB-15
** BOTTLES:  21
** LEVELS: 5,5,5,5,10,20,20,20,20,30,40,50,50,50,75,100,100,100,150,250,BTM
** STICKERS: 434830 - 434850
** VNET: Y
** DO2: N
# nquan = 22
# nvalues = 9409                        
# units = specified
# name 0 = scan: Scan Count
# name 1 = prDM: Pressure, Digiquartz [db]
# name 2 = t090C: Temperature [ITS-90, deg C]
# name 3 = t190C: Temperature, 2 [ITS-90, deg C]
# name 4 = c0S/m: Conductivity [S/m]
# name 5 = c1S/m: Conductivity, 2 [S/m]
# name 6 = sbeox0V: Oxygen raw, SBE 43 [V]
# name 7 = sbeox1V: Oxygen raw, SBE 43, 2 [V]
# name 8 = ph: pH
# name 9 = flECO-AFL: Fluorescence, WET Labs ECO-AFL/FL [mg/m^3]
# name 10 = wetCDOM: Fluorescence, WET Labs CDOM [mg/m^3]
# name 11 = par/sat/log: PAR/Logarithmic, Satlantic [umol photons/m^2/sec]
# name 12 = CStarAt0: Beam Attenuation, WET Labs C-Star [1/m]
# name 13 = CStarTr0: Beam Transmission, WET Labs C-Star [%]
# name 14 = sbeox0ML/L: Oxygen, SBE 43 [ml/l], WS = 2
# name 15 = sbeox1ML/L: Oxygen, SBE 43, 2 [ml/l], WS = 2
# name 16 = sal00: Salinity, Practical [PSU]
# name 17 = sal11: Salinity, Practical, 2 [PSU]
# name 18 = sigma-t00: Density [sigma-t, kg/m^3 ]
# name 19 = sigma-t11: Density, 2 [sigma-t, kg/m^3 ]
# name 20 = oxsatML/L: Oxygen Saturation, Weiss [ml/l]
# name 21 = flag: flag
# span 0 =         81,      98055       
# span 1 =      0.520,    403.232       
# span 2 =     0.3449,     3.5505       
# span 3 =     0.3440,     3.5565       
# span 4 =   2.809306,   3.111170       
# span 5 =   0.697368,   3.111284       
# span 6 =     2.5194,     2.9753       
# span 7 =     2.3389,     2.7691       
# span 8 =      8.037,      8.152       
# span 9 =    -0.0078,     1.9849       
# span 10 =    -0.9969,     1.9245      
# span 11 = 1.0777e-01, 8.3687e+01      
# span 12 =     0.0637,     0.9646      
# span 13 =    78.5722,    98.4197      
# span 14 =     7.0898,     8.2660      
# span 15 =     5.8256,     6.8773      
# span 16 =    30.4717,    34.4135      
# span 17 =     6.7156,    34.4104      
# span 18 =    24.2552,    27.4458      
# span 19 =     5.3512,    27.4395      
# span 20 =    7.43766,    8.06113      
# span 21 = 0.0000e+00, 0.0000e+00      
# interval = scans: 3                   
# start_time = Nov 25 2019 10:45:21 [System UTC, header]
# bad_flag = -9.990e-29
*END*
[from data line 2832]
      13250    248.001     2.0529     2.0533   3.029668   3.029830     2.5890     2.3744      8.043     0.0117     1.5692 1.0790e-01     0.0938    97.6811     7.3526     5.9714    34.1981    34.1997    27.3250    27.3263    7.66784 0.0000e+00
      13253    248.188     2.0530     2.0520   3.029627   3.029644     2.5898     2.3748      8.045     0.0117     1.5692 1.0790e-01     0.0953    97.6463     7.3552     5.9742    34.1974    34.1986    27.3244    27.3256    7.66786 0.0000e+00
      13256    248.371     2.0531     2.0514   3.029632   3.029634     2.5898     2.3744      8.045     0.0117     1.6876 1.0790e-01     0.0960    97.6289     7.3549     5.9740    34.1972    34.1990    27.3243    27.3259    7.66784 0.0000e+00
      13259    248.559     2.0522     2.0508   3.029362   3.029568     2.5902     2.3748      8.043     0.0117     1.6876 1.0790e-01     0.0960    97.6289     7.3563     5.9758    34.1947    34.1988    27.3224    27.3258    7.66815 0.0000e+00
      13262    248.746     2.0509     2.0501   3.029322   3.029492     2.5902     2.3752      8.045     0.0068     1.6876 1.0790e-01     0.0960    97.6289     7.3575     5.9781    34.1954    34.1985    27.3231    27.3255    7.66836 0.0000e+00
      13265    248.929     2.0511     2.0505   3.029577   3.029653     2.5902     2.3748      8.045     0.0117     1.6876 1.0790e-01     0.0960    97.6289     7.3572     5.9771    34.1983    34.2000    27.3254    27.3267    7.66817 0.0000e+00
      13268    249.114     2.0522     2.0522   3.029716   3.029894     2.5902     2.3748      8.043     0.0117     1.6876 1.0790e-01     0.0960    97.6289     7.3561     5.9769    34.1988    34.2010    27.3257    27.3275    7.66794 0.0000e+00
      13271    249.292     2.0526     2.0541   3.029731   3.030100     2.5902     2.3748      8.043     0.0117     1.6876 1.0790e-01     0.0964    97.6202     7.3551     5.9766    34.1984    34.2014    27.3253    27.3276    7.66788 0.0000e+00
      13274    249.465     2.0536     2.0548   3.029933   3.030112     2.5902     2.3748      8.045     0.0068     1.6876 1.0790e-01     0.0956    97.6376     7.3539     5.9744    34.1998    34.2008    27.3263    27.3271    7.66761 0.0000e+00
      13277    249.640     2.0543     2.0552   3.029893   3.030130     2.5902     2.3752      8.045    -0.0029     1.6876 1.0790e-01     0.0956    97.6376     7.3520     5.9741    34.1985    34.2004    27.3252    27.3267    7.66755 0.0000e+00
      13280    249.810     2.0544     2.0560   3.029924   3.030303     2.5902     2.3748      8.043     0.0020     1.6087 1.0790e-01     0.0949    97.6550     7.3515     5.9707    34.1986    34.2017    27.3253    27.3277    7.66752 0.0000e+00
      13283    249.974     2.0552     2.0568   3.030113   3.030349     2.5902     2.3752      8.045     0.0020     1.5692 1.0790e-01     0.0956    97.6376     7.3512     5.9704    34.2001    34.2012    27.3264    27.3272    7.66729 0.0000e+00
      13286    250.132     2.0561     2.0568   3.030234   3.030338     2.5906     2.3748      8.045    -0.0029     1.5692 1.0790e-01     0.0949    97.6550     7.3511     5.9681    34.2005    34.2011    27.3267    27.3271    7.66708 0.0000e+00
      13289    250.283     2.0571     2.0564   3.030317   3.030261     2.5902     2.3748      8.045     0.0020     1.5692 1.0790e-01     0.0949    97.6550     7.3490     5.9683    34.2004    34.2004    27.3266    27.3266    7.66690 0.0000e+00
      13292    250.421     2.0575     2.0558   3.030301   3.030232     2.5902     2.3748      8.045    -0.0029     1.5692 1.0790e-01     0.0953    97.6463     7.3475     5.9674    34.1997    34.2006    27.3260    27.3268    7.66686 0.0000e+00
      13295    250.549     2.0581     2.0558   3.030467   3.030241     2.5902     2.3748      8.045     0.0020     1.5692 1.0790e-01     0.0942    97.6724     7.3471     5.9673    34.2010    34.2007    27.3269    27.3269    7.66666 0.0000e+00
      13298    250.665     2.0592     2.0557   3.030545   3.030265     2.5898     2.3740      8.045    -0.0029     1.5692 1.0790e-01     0.0938    97.6811     7.3454     5.9649    34.2007    34.2010    27.3266    27.3271    7.66646 0.0000e+00
      13301    250.764     2.0600     2.0566   3.030492   3.030448     2.5902     2.3740      8.045     0.0068     1.5692 1.0790e-01     0.0938    97.6811     7.3466     5.9634    34.1992    34.2022    27.3254    27.3281    7.66640 0.0000e+00
      13304    250.850     2.0591     2.0596   3.030174   3.030861     2.5902     2.3740      8.045     0.0117     1.5692 1.0790e-01     0.0938    97.6811     7.3466     5.9623    34.1961    34.2042    27.3230    27.3294    7.66673 0.0000e+00
      13307    250.923     2.0563     2.0640   3.029668   3.031347     2.5902     2.3740      8.045     0.0117     1.5692 1.0790e-01     0.0938    97.6811     7.3471     5.9608    34.1928    34.2054    27.3205    27.3300    7.66745 0.0000e+00
      13310    250.985     2.0537     2.0676   3.029517   3.031561     2.5890     2.3740      8.043     0.0166     1.5692 1.0790e-01     0.0938    97.6811     7.3431     5.9599    34.1936    34.2042    27.3214    27.3288    7.66790 0.0000e+00
      13313    251.034     2.0521     2.0690   3.029463   3.031638     2.5898     2.3740      8.043     0.0117     1.5692 1.0790e-01     0.0942    97.6724     7.3467     5.9593    34.1947    34.2036    27.3223    27.3282    7.66817 0.0000e+00
      13316    251.073     2.0511     2.0695   3.029458   3.031699     2.5890     2.3740      8.045     0.0166     1.5692 1.0790e-01     0.0949    97.6550     7.3443     5.9588    34.1957    34.2038    27.3233    27.3283    7.66832 0.0000e+00
      13410    251.137     2.0673     2.0651   3.031611   3.031311     2.5910     2.3732      8.045     0.0166     1.6481 1.0790e-01     0.0985    97.5681     7.3525     5.9661    34.2050    34.2036    27.3295    27.3285    7.66466 0.0000e+00
      13459    251.304     2.0790     2.0644   3.033182   3.031215     2.5914     2.3728      8.045     0.0117     1.6876 1.0790e-01     0.0999    97.5334     7.3520     5.9693    34.2120    34.2031    27.3341    27.3282    7.66201 0.0000e+00
      13462    251.480     2.0825     2.0608   3.033405   3.030629     2.5914     2.3728      8.043     0.0117     1.6481 1.0790e-01     0.1003    97.5247     7.3505     5.9696    34.2108    34.1996    27.3329    27.3257    7.66138 0.0000e+00
      13465    251.657     2.0847     2.0588   3.033452   3.030618     2.5906     2.3728      8.045     0.0117     1.4507 1.0790e-01     0.1003    97.5247     7.3459     5.9708    34.2090    34.2015    27.3313    27.3273    7.66105 0.0000e+00
      13468    251.833     2.0858     2.0585   3.033504   3.030520     2.5914     2.3728      8.045     0.0215     1.4507 1.0790e-01     0.1003    97.5247     7.3484     5.9703    34.2084    34.2005    27.3307    27.3265    7.66087 0.0000e+00
      13471    252.008     2.0864     2.0570   3.033571   3.030398     2.5914     2.3724      8.045     0.0117     1.4507 1.0790e-01     0.1003    97.5247     7.3471     5.9675    34.2085    34.2005    27.3307    27.3266    7.66075 0.0000e+00
      13474    252.184     2.0872     2.0584   3.033621   3.030811     2.5914     2.3728      8.045     0.0166     1.4507 1.0790e-01     0.0999    97.5334     7.3469     5.9665    34.2081    34.2040    27.3304    27.3294    7.66061 0.0000e+00
      13477    252.357     2.0881     2.0688   3.033811   3.032314     2.5910     2.3720      8.045     0.0117     1.4507 1.0790e-01     0.0971    97.6029     7.3447     5.9604    34.2094    34.2115    27.3314    27.3346    7.66036 0.0000e+00
      13480    252.526     2.0895     2.0821   3.034068   3.033621     2.5914     2.3728      8.045     0.0166     1.4507 1.0790e-01     0.0971    97.6029     7.3456     5.9610    34.2110    34.2135    27.3325    27.3351    7.66001 0.0000e+00
      13483    252.695     2.0914     2.0891   3.034377   3.034227     2.5906     2.3728      8.045     0.0020     1.4507 1.0790e-01     0.0971    97.6029     7.3424     5.9602    34.2128    34.2134    27.3338    27.3344    7.65955 0.0000e+00
      13486    252.861     2.0938     2.0941   3.034618   3.034715     2.5910     2.3728      8.045    -0.0029     1.4507 1.0790e-01     0.0971    97.6029     7.3433     5.9583    34.2131    34.2139    27.3338    27.3345    7.65906 0.0000e+00
      13489    253.021     2.0954     2.0969   3.034707   3.034926     2.5910     2.3728      8.045    -0.0029     1.4902 1.0790e-01     0.0971    97.6029     7.3429     5.9571    34.2124    34.2135    27.3332    27.3339    7.65879 0.0000e+00
      13492    253.186     2.0964     2.0979   3.034724   3.035004     2.5906     2.3724      8.045    -0.0029     1.5692 1.0790e-01     0.0971    97.6029     7.3403     5.9552    34.2115    34.2133    27.3323    27.3337    7.65864 0.0000e+00
      13495    253.341     2.0969     2.0983   3.034777   3.035017     2.5906     2.3720      8.045     0.0020     1.5692 1.0790e-01     0.0960    97.6290     7.3399     5.9532    34.2114    34.2130    27.3322    27.3334    7.65853 0.0000e+00
      13498    253.493     2.0980     2.0986   3.034955   3.035089     2.5906     2.3716      8.045    -0.0029     1.5692 1.0790e-01     0.0938    97.6811     7.3397     5.9516    34.2124    34.2134    27.3329    27.3337    7.65827 0.0000e+00
      13501    253.643     2.0988     2.0994   3.034979   3.035192     2.5906     2.3720      8.045    -0.0029     1.5692 1.0790e-01     0.0938    97.6811     7.3395     5.9524    34.2117    34.2138    27.3324    27.3339    7.65814 0.0000e+00
      13504    253.788     2.0992     2.0998   3.034986   3.035220     2.5902     2.3728      8.045     0.0020     1.5692 1.0790e-01     0.0938    97.6811     7.3374     5.9540    34.2114    34.2136    27.3320    27.3338    7.65810 0.0000e+00
      13507    253.931     2.0994     2.0996   3.035042   3.035185     2.5906     2.3720      8.045    -0.0029     1.5692 1.0790e-01     0.0938    97.6811     7.3383     5.9521    34.2117    34.2133    27.3323    27.3336    7.65803 0.0000e+00
      13510    254.072     2.0996     2.0995   3.035094   3.035224     2.5902     2.3716      8.043     0.0020     1.5692 1.0790e-01     0.0938    97.6811     7.3363     5.9521    34.2121    34.2138    27.3326    27.3339    7.65797 0.0000e+00
      13513    254.206     2.1001     2.1000   3.035148   3.035260     2.5902     2.3716      8.045     0.0020     1.5692 1.0790e-01     0.0938    97.6811     7.3349     5.9535    34.2122    34.2136    27.3326    27.3338    7.65787 0.0000e+00
      13516    254.339     2.1005     2.0999   3.035177   3.035271     2.5902     2.3716      8.045     0.0020     1.6087 1.0790e-01     0.0931    97.6984     7.3352     5.9552    34.2120    34.2138    27.3325    27.3339    7.65781 0.0000e+00
      13519    254.470     2.1007     2.1002   3.035205   3.035318     2.5894     2.3716      8.043    -0.0029     1.6876 1.0790e-01     0.0928    97.7071     7.3311     5.9563    34.2121    34.2140    27.3325    27.3341    7.65776 0.0000e+00
      13522    254.595     2.1009     2.1005   3.035257   3.035356     2.5902     2.3716      8.045    -0.0029     1.6876 1.0790e-01     0.0928    97.7071     7.3333     5.9563    34.2125    34.2141    27.3327    27.3341    7.65771 0.0000e+00
      13525    254.714     2.1011     2.1009   3.035271   3.035386     2.5894     2.3716      8.045    -0.0029     1.6876 1.0790e-01     0.0928    97.7071     7.3297     5.9565    34.2123    34.2140    27.3326    27.3340    7.65767 0.0000e+00
      13528    254.828     2.1014     2.1012   3.035310   3.035460     2.5894     2.3712      8.045     0.0020     1.6876 1.0790e-01     0.0928    97.7071     7.3298     5.9560    34.2124    34.2145    27.3327    27.3344    7.65761 0.0000e+00
      13531    254.933     2.1017     2.1016   3.035340   3.035500     2.5890     2.3716      8.045    -0.0029     1.6876 1.0790e-01     0.0928    97.7071     7.3280     5.9596    34.2124    34.2146    27.3326    27.3344    7.65755 0.0000e+00
      13534    255.036     2.1019     2.1019   3.035289   3.035534     2.5890     2.3716      8.045     0.0020     1.6876 1.0790e-01     0.0928    97.7071     7.3283     5.9600    34.2116    34.2145    27.3320    27.3344    7.65756 0.0000e+00
      13537    255.136     2.1016     2.1022   3.035247   3.035571     2.5886     2.3716      8.045     0.0020     1.6876 1.0790e-01     0.0945    97.6637     7.3274     5.9601    34.2112    34.2147    27.3317    27.3345    7.65762 0.0000e+00
      13540    255.229     2.1017     2.1023   3.035275   3.035603     2.5886     2.3716      8.045    -0.0029     1.6876 1.0790e-01     0.0949    97.6550     7.3284     5.9603    34.2114    34.2149    27.3319    27.3346    7.65760 0.0000e+00
      13543    255.318     2.1006     2.1026   3.034767   3.035592     2.5886     2.3716      8.045     0.0020     1.5692 1.0790e-01     0.0949    97.6550     7.3301     5.9607    34.2062    34.2144    27.3278    27.3342    7.65808 0.0000e+00
      13546    255.404     2.0984     2.1024   3.034795   3.035580     2.5878     2.3716      8.045     0.0020     1.5692 1.0790e-01     0.0953    97.6463     7.3277     5.9614    34.2089    34.2144    27.3301    27.3342    7.65837 0.0000e+00
      13549    255.484     2.0994     2.1027   3.035132   3.035651     2.5886     2.3716      8.045     0.0020     1.5692 1.0790e-01     0.0949    97.6550     7.3319     5.9614    34.2120    34.2149    27.3325    27.3346    7.65801 0.0000e+00
      13552    255.555     2.1008     2.1028   3.035211   3.035612     2.5878     2.3716      8.045    -0.0029     1.5692 1.0790e-01     0.0949    97.6550     7.3296     5.9620    34.2114    34.2143    27.3319    27.3341    7.65777 0.0000e+00
      13555    255.622     2.1003     2.1024   3.034941   3.035597     2.5878     2.3716      8.045     0.0020     1.5692 1.0790e-01     0.0945    97.6637     7.3323     5.9613    34.2086    34.2145    27.3297    27.3343    7.65802 0.0000e+00
      13558    255.683     2.0974     2.1022   3.034404   3.035559     2.5878     2.3716      8.045    -0.0029     1.5692 1.0790e-01     0.0928    97.7071     7.3346     5.9612    34.2049    34.2142    27.3270    27.3340    7.65877 0.0000e+00
      13561    255.736     2.0950     2.1025   3.034385   3.035602     2.5878     2.3716      8.043    -0.0029     1.5692 1.0790e-01     0.0928    97.7071     7.3365     5.9620    34.2073    34.2144    27.3290    27.3342    7.65912 0.0000e+00
      13564    255.784     2.0948     2.1022   3.034163   3.035558     2.5878     2.3716      8.045    -0.0029     1.5692 1.0790e-01     0.0928    97.7071     7.3387     5.9623    34.2047    34.2142    27.3271    27.3340    7.65930 0.0000e+00
      13567    255.827     2.0921     2.1011   3.033790   3.035353     2.5878     2.3720      8.045    -0.0029     1.5297 1.0790e-01     0.0928    97.7071     7.3406     5.9635    34.2029    34.2127    27.3258    27.3329    7.65992 0.0000e+00
      13570    255.862     2.0897     2.0995   3.033747   3.035233     2.5874     2.3716      8.045    -0.0029     1.4507 1.0790e-01     0.0928    97.7071     7.3422     5.9621    34.2049    34.2130    27.3276    27.3333    7.66028 0.0000e+00
      13573    255.891     2.0893     2.1004   3.034001   3.035300     2.5874     2.3716      8.042    -0.0029     1.4507 1.0790e-01     0.0928    97.7071     7.3434     5.9615    34.2085    34.2128    27.3305    27.3331    7.66017 0.0000e+00
      13614    255.921     2.0950     2.0984   3.034715   3.035043     2.5886     2.3724      8.045     0.0068     1.4902 1.0790e-01     0.0931    97.6984     7.3489     5.9665    34.2113    34.2118    27.3323    27.3324    7.65891 0.0000e+00
      13692    256.010     2.1056     2.0973   3.035847   3.035076     2.5902     2.3728      8.044     0.0117     1.5692 1.0790e-01     0.0928    97.7071     7.3525     5.9722    34.2140    34.2133    27.3336    27.3337    7.65671 0.0000e+00
