Datasets/AZMP/COO001/79001074.cnv
* Sea-Bird SBE 9 Data File:
* FileName = C:\CTDDATA\79001074.hex
* Software Version Seasave V 7.26.7.110
* Temperature SN = 5660
* Conductivity SN = 3698
* Number of Bytes Per Scan = 30
* Number of Voltage Words = 4
* Number of Scans Averaged by the Deck Unit = 1
* NMEA baud rate = 9600
** VESSEL/TRIP/SEQ STN:  79001074
** LATITUDE XX XX.XX N:  48 14.80 N
** LONGITUDE XX XX.XX W:  53 28.23 W
** SOUNDING DEPTH (M):  0289
** PROBE TYPE: S1257
** CTD NUMBER: 041
** COMMENTS (14 CHAR): SS-02
** BOTTLES:  0
** LEVELS:
** STICKERS:
** VNET: N
** DO2: N
# nquan = 22
# nvalues = 8368                        
# units = specified
# name 0 = scan: Scan Count
# name 1 = prDM: Pressure, Digiquartz [db]
# name 2 = t090C: Temperature [ITS-90, deg C]
# name 3 = t190C: Temperature, 2 [ITS-90, deg C]
# name 4 = c0S/m: Conductivity [S/m]
# name 5 = c1S/m: Conductivity, 2 [S/m]
# name 6 = sbeox0V: Oxygen raw, SBE 43 [V]
# name 7 = sbeox1V: Oxygen raw, SBE 43, 2 [V]
# name 8 = ph: pH
# name 9 = flECO-AFL: Fluorescence, WET Labs ECO-AFL/FL [mg/m^3]
# name 10 = wetCDOM: Fluorescence, WET Labs CDOM [mg/m^3]
# name 11 = par/sat/log: PAR/Logarithmic, Satlantic [umol photons/m^2/sec]
# name 12 = CStarAt0: Beam Attenuation, WET Labs C-Star [1/m]
# name 13 = CStarTr0: Beam Transmission, WET Labs C-Star [%]
# name 14 = sbeox0ML/L: Oxygen, SBE 43 [ml/l], WS = 2
# name 15 = sbeox1ML/L: Oxygen, SBE 43, 2 [ml/l], WS = 2
# name 16 = sal00: Salinity, Practical [PSU]
# name 17 = sal11: Salinity, Practical, 2 [PSU]
# name 18 = sigma-t00: Density [sigma-t, kg/m^3 ]
# name 19 = sigma-t11: Density, 2 [sigma-t, kg/m^3 ]
# name 20 = oxsatML/L: Oxygen Saturation, Weiss [ml/l]
# name 21 = flag: flag
# span 0 =         80,      30601       
# span 1 =      1.559,    297.416       
# span 2 =    -0.3425,     3.5516       
# span 3 =    -0.3539,     3.5519       
# span 4 =   2.710316,   2.938442       
# span 5 =   2.709770,   2.938629       
# span 6 =     2.1415,     2.7611       
# span 7 =     2.1100,     2.7167       
# span 8 =      7.947,      8.169       
# span 9 =     0.0068,     0.8420       
# span 10 =    -0.4048,     2.2798      
# span 11 = 1.0752e-01, 3.2962e+01      
# span 12 =     0.0789,     0.4072      
# span 13 =    90.3208,    98.0460      
# span 14 =     6.0433,     7.6568      
# span 15 =     6.3058,     7.9866      
# span 16 =    31.6408,    33.7054      
# span 17 =    31.6428,    33.7114      
# span 18 =    25.1599,    27.0130      
# span 19 =    25.1635,    27.0180      
# span 20 =    7.50891,    8.24704      
# span 21 = 0.0000e+00, 0.0000e+00      
# interval = scans: 3                   
# start_time = Dec 01 2019 11:21:46 [System UTC, header]
# bad_flag = -9.990e-29
*END*
[from data line 4478]
      16845    275.725     0.8283     0.7968   2.886290   2.882239     2.1572     2.1218      7.952     0.0459     1.9245 1.0752e-01     0.3842    90.8422     6.0925     6.3382    33.6853    33.6672    26.9990    26.9863    7.94206 0.0000e+00
      16848    275.789     0.8297     0.7937   2.886368   2.881938     2.1584     2.1218      7.952     0.0410     1.9245 1.0752e-01     0.3815    90.9030     6.0981     6.3401    33.6848    33.6666    26.9985    26.9860    7.94180 0.0000e+00
      16851    275.859     0.8304     0.7936   2.886303   2.881863     2.1584     2.1210      7.952     0.0410     1.9245 1.0752e-01     0.3815    90.9030     6.0980     6.3403    33.6832    33.6658    26.9972    26.9854    7.94175 0.0000e+00
      16854    275.928     0.8306     0.7911   2.886357   2.881615     2.1568     2.1210      7.952     0.0410     1.9245 1.0765e-01     0.3815    90.9030     6.0922     6.3418    33.6837    33.6652    26.9975    26.9850    7.94169 0.0000e+00
      16857    275.997     0.8306     0.7907   2.886206   2.881724     2.1588     2.1210      7.952     0.0459     1.9245 1.0752e-01     0.3823    90.8857     6.0984     6.3432    33.6816    33.6670    26.9959    26.9865    7.94179 0.0000e+00
      16860    276.068     0.8295     0.7960   2.885951   2.882624     2.1576     2.1210      7.952     0.0410     1.9245 1.0752e-01     0.3815    90.9030     6.0926     6.3410    33.6795    33.6729    26.9942    26.9909    7.94213 0.0000e+00
      16863    276.140     0.8287     0.8006   2.885934   2.882991     2.1588     2.1210      7.952     0.0410     2.0034 1.0752e-01     0.3819    90.8943     6.0978     6.3402    33.6801    33.6726    26.9948    26.9904    7.94226 0.0000e+00
      16866    276.211     0.8282     0.8024   2.885916   2.883117     2.1576     2.1210      7.952     0.0410     2.0429 1.0765e-01     0.3746    91.0594     6.0948     6.3428    33.6803    33.6722    26.9950    26.9900    7.94235 0.0000e+00
      16869    276.282     0.8281     0.8027   2.886076   2.883125     2.1580     2.1210      7.952     0.0410     2.0429 1.0752e-01     0.3727    91.1029     6.0942     6.3427    33.6825    33.6719    26.9967    26.9897    7.94225 0.0000e+00
      16872    276.356     0.8288     0.8016   2.886151   2.882928     2.1576     2.1210      7.952     0.0410     2.0429 1.0752e-01     0.3735    91.0855     6.0928     6.3435    33.6826    33.6706    26.9968    26.9887    7.94210 0.0000e+00
      16875    276.433     0.8297     0.8002   2.886402   2.882824     2.1584     2.1210      7.952     0.0410     2.0429 1.0752e-01     0.3735    91.0855     6.0971     6.3432    33.6849    33.6707    26.9985    26.9889    7.94180 0.0000e+00
      16878    276.506     0.8300     0.8000   2.885977   2.882776     2.1576     2.1210      7.952     0.0410     2.0429 1.0752e-01     0.3735    91.0855     6.0929     6.3438    33.6791    33.6703    26.9938    26.9886    7.94205 0.0000e+00
      16881    276.580     0.8265     0.7994   2.885079   2.882831     2.1576     2.1210      7.952     0.0410     2.0429 1.0765e-01     0.3731    91.0942     6.0906     6.3441    33.6712    33.6716    26.9877    26.9897    7.94320 0.0000e+00
      16884    276.654     0.8227     0.8004   2.884828   2.882940     2.1568     2.1197      7.952     0.0410     2.0429 1.0752e-01     0.3758    91.0334     6.0872     6.3410    33.6720    33.6718    26.9886    26.9898    7.94395 0.0000e+00
      16887    276.730     0.8227     0.8005   2.885658   2.883091     2.1580     2.1206      7.952     0.0410     2.0429 1.0752e-01     0.3910    90.6858     6.0895     6.3465    33.6827    33.6737    26.9972    26.9913    7.94338 0.0000e+00
      16890    276.804     0.8256     0.8056   2.886138   2.883647     2.1580     2.1206      7.952     0.0410     1.9245 1.0765e-01     0.3914    90.6771     6.0891     6.3488    33.6857    33.6753    26.9995    26.9923    7.94261 0.0000e+00
      16893    276.878     0.8273     0.8062   2.886147   2.883779     2.1580     2.1197      7.951     0.0410     1.9245 1.0752e-01     0.3911    90.6858     6.0876     6.3472    33.6840    33.6762    26.9980    26.9930    7.94235 0.0000e+00
      16896    276.952     0.8286     0.8080   2.886187   2.883856     2.1580     2.1197      7.952     0.0410     1.9245 1.0752e-01     0.3918    90.6684     6.0887     6.3480    33.6830    33.6753    26.9971    26.9922    7.94212 0.0000e+00
      16899    277.026     0.8293     0.8095   2.886346   2.884123     2.1580     2.1201      7.952     0.0410     1.9245 1.0752e-01     0.3907    90.6945     6.0881     6.3497    33.6843    33.6771    26.9981    26.9935    7.94191 0.0000e+00
      16902    277.100     0.8307     0.8139   2.886592   2.884824     2.1568     2.1206      7.952     0.0410     1.9245 1.0752e-01     0.3907    90.6945     6.0840     6.3533    33.6859    33.6812    26.9993    26.9966    7.94154 0.0000e+00
      16905    277.175     0.8317     0.8221   2.886574   2.885867     2.1564     2.1201      7.952     0.0459     1.9245 1.0752e-01     0.3819    90.8943     6.0819     6.3539    33.6846    33.6858    26.9981    26.9997    7.94140 0.0000e+00
      16908    277.249     0.8318     0.8229   2.886552   2.885686     2.1564     2.1206      7.952     0.0508     1.9245 1.0765e-01     0.3651    91.2767     6.0813     6.3575    33.6841    33.6826    26.9978    26.9971    7.94140 0.0000e+00
      16911    277.328     0.8321     0.8254   2.886599   2.885974     2.1564     2.1210      7.952     0.0557     1.9245 1.0765e-01     0.3655    91.2680     6.0794     6.3577    33.6843    33.6835    26.9979    26.9977    7.94132 0.0000e+00
      16914    277.407     0.8324     0.8213   2.886585   2.885270     2.1568     2.1210      7.952     0.0557     1.9245 1.0752e-01     0.3655    91.2680     6.0824     6.3612    33.6838    33.6788    26.9975    26.9942    7.94130 0.0000e+00
      16917    277.483     0.8327     0.8201   2.886649   2.885333     2.1564     2.1201      7.952     0.0557     1.9245 1.0752e-01     0.3655    91.2680     6.0812     6.3593    33.6842    33.6809    26.9978    26.9960    7.94120 0.0000e+00
      16920    277.559     0.8329     0.8196   2.886674   2.885224     2.1576     2.1206      7.952     0.0606     1.9245 1.0752e-01     0.3655    91.2680     6.0862     6.3598    33.6842    33.6800    26.9978    26.9952    7.94116 0.0000e+00
      16923    277.634     0.8331     0.8213   2.886697   2.885616     2.1564     2.1197      7.952     0.0557     1.9245 1.0752e-01     0.3655    91.2680     6.0837     6.3541    33.6844    33.6832    26.9979    26.9977    7.94113 0.0000e+00
      16926    277.708     0.8333     0.8220   2.886694   2.885480     2.1564     2.1210      7.952     0.0557     1.9245 1.0765e-01     0.3636    91.3115     6.0864     6.3589    33.6841    33.6806    26.9977    26.9956    7.94110 0.0000e+00
      16929    277.780     0.8323     0.8222   2.886115   2.885562     2.1564     2.1206      7.952     0.0557     1.9245 1.0752e-01     0.3625    91.3375     6.0873     6.3572    33.6776    33.6815    26.9925    26.9962    7.94165 0.0000e+00
      16932    277.847     0.8270     0.8207   2.884964   2.885277     2.1560     2.1210      7.952     0.0508     1.9245 1.0752e-01     0.3621    91.3462     6.0883     6.3595    33.6685    33.6793    26.9855    26.9946    7.94325 0.0000e+00
      16935    277.913     0.8242     0.8194   2.885326   2.885235     2.1564     2.1206      7.952     0.0557     1.9245 1.0752e-01     0.3621    91.3462     6.0908     6.3582    33.6761    33.6801    26.9918    26.9954    7.94341 0.0000e+00
      16938    277.978     0.8236     0.8190   2.885425   2.885208     2.1560     2.1210      7.952     0.0557     1.9245 1.0777e-01     0.3621    91.3462     6.0889     6.3615    33.6780    33.6802    26.9934    26.9954    7.94344 0.0000e+00
      16941    278.045     0.8234     0.8175   2.885677   2.884976     2.1560     2.1210      7.952     0.0557     1.9245 1.0765e-01     0.3621    91.3462     6.0888     6.3629    33.6814    33.6788    26.9961    26.9944    7.94329 0.0000e+00
      16944    278.112     0.8248     0.8168   2.885631   2.884949     2.1552     2.1210      7.952     0.0606     1.9245 1.0752e-01     0.3625    91.3375     6.0849     6.3640    33.6793    33.6792    26.9943    26.9948    7.94312 0.0000e+00
      16947    278.184     0.8231     0.8161   2.884930   2.884802     2.1564     2.1210      7.951     0.0557     1.9245 1.0765e-01     0.3674    91.2246     6.0899     6.3654    33.6720    33.6780    26.9886    26.9938    7.94386 0.0000e+00
      16950    278.253     0.8204     0.8155   2.884726   2.884844     2.1564     2.1210      7.952     0.0557     1.9245 1.0752e-01     0.3678    91.2159     6.0908     6.3658    33.6723    33.6792    26.9889    26.9948    7.94441 0.0000e+00
      16953    278.318     0.8188     0.8160   2.884704   2.884862     2.1564     2.1210      7.952     0.0557     1.9245 1.0765e-01     0.3678    91.2159     6.0924     6.3680    33.6738    33.6788    26.9902    26.9945    7.94467 0.0000e+00
      16956    278.383     0.8183     0.8159   2.884808   2.884937     2.1572     2.1210      7.952     0.0606     1.9245 1.0752e-01     0.3678    91.2159     6.0959     6.3688    33.6755    33.6798    26.9917    26.9953    7.94467 0.0000e+00
      16959    278.442     0.8183     0.8172   2.884856   2.885052     2.1564     2.1210      7.952     0.0459     1.9245 1.0765e-01     0.3678    91.2159     6.0920     6.3702    33.6761    33.6799    26.9922    26.9952    7.94464 0.0000e+00
      16962    278.504     0.8185     0.8180   2.884905   2.885282     2.1560     2.1210      7.952     0.0410     1.9245 1.0752e-01     0.3678    91.2159     6.0900     6.3704    33.6766    33.6819    26.9925    26.9969    7.94458 0.0000e+00
      16965    278.567     0.8184     0.8194   2.884802   2.885166     2.1556     2.1210      7.952     0.0410     1.9245 1.0752e-01     0.3674    91.2246     6.0878     6.3713    33.6752    33.6789    26.9915    26.9943    7.94466 0.0000e+00
      16968    278.632     0.8180     0.8175   2.884697   2.884880     2.1552     2.1222      7.952     0.0410     1.9245 1.0765e-01     0.3643    91.2941     6.0860     6.3781    33.6743    33.6772    26.9908    26.9931    7.94481 0.0000e+00
      16971    278.696     0.8172     0.8146   2.884614   2.884568     2.1552     2.1218      7.952     0.0410     1.9245 1.0765e-01     0.3643    91.2941     6.0862     6.3774    33.6741    33.6763    26.9906    26.9926    7.94498 0.0000e+00
      16974    278.760     0.8170     0.8124   2.884701   2.884386     2.1564     2.1222      7.952     0.0410     1.9245 1.0752e-01     0.3643    91.2941     6.0907     6.3821    33.6754    33.6763    26.9916    26.9927    7.94495 0.0000e+00
      16977    278.823     0.8163     0.8120   2.884358   2.884417     2.1564     2.1218      7.952     0.0410     1.9245 1.0752e-01     0.3643    91.2941     6.0905     6.3828    33.6717    33.6771    26.9888    26.9934    7.94530 0.0000e+00
      16980    278.884     0.8140     0.8123   2.883942   2.884451     2.1556     2.1222      7.952     0.0459     1.9245 1.0752e-01     0.3643    91.2941     6.0895     6.3854    33.6687    33.6771    26.9865    26.9933    7.94593 0.0000e+00
      16983    278.945     0.8117     0.8122   2.883755   2.884414     2.1556     2.1222      7.953     0.0410     1.9245 1.0752e-01     0.3643    91.2941     6.0908     6.3855    33.6687    33.6767    26.9866    26.9930    7.94641 0.0000e+00
      16986    279.003     0.8101     0.8121   2.883527   2.884423     2.1556     2.1222      7.953     0.0410     1.9245 1.0752e-01     0.3693    91.1811     6.0911     6.3844    33.6675    33.6769    26.9858    26.9932    7.94680 0.0000e+00
      16989    279.063     0.8084     0.8125   2.883434   2.884458     2.1552     2.1222      7.953     0.0410     1.9245 1.0765e-01     0.3746    91.0595     6.0924     6.3823    33.6682    33.6769    26.9864    26.9932    7.94713 0.0000e+00
      16992    279.120     0.8077     0.8125   2.883435   2.884496     2.1564     2.1226      7.953     0.0410     1.9245 1.0765e-01     0.3746    91.0595     6.0960     6.3822    33.6689    33.6774    26.9871    26.9936    7.94724 0.0000e+00
      16995    279.179     0.8071     0.8128   2.883452   2.884479     2.1564     2.1226      7.953     0.0361     1.9245 1.0752e-01     0.3746    91.0595     6.0960     6.3822    33.6697    33.6768    26.9877    26.9931    7.94731 0.0000e+00
      16998    279.238     0.8074     0.8131   2.883654   2.884573     2.1552     2.1234      7.953     0.0410     1.9245 1.0752e-01     0.3746    91.0595     6.0906     6.3842    33.6720    33.6776    26.9895    26.9937    7.94713 0.0000e+00
      17001    279.294     0.8085     0.8135   2.883856   2.884569     2.1552     2.1234      7.953     0.0410     1.9245 1.0752e-01     0.3746    91.0595     6.0924     6.3830    33.6733    33.6772    26.9905    26.9933    7.94682 0.0000e+00
      17004    279.349     0.8090     0.8146   2.883705   2.884735     2.1560     2.1234      7.953     0.0410     1.9245 1.0752e-01     0.3742    91.0682     6.0963     6.3804    33.6708    33.6781    26.9885    26.9940    7.94686 0.0000e+00
      17007    279.408     0.8086     0.8146   2.883699   2.884731     2.1543     2.1234      7.953     0.0410     1.9245 1.0777e-01     0.3697    91.1724     6.0893     6.3785    33.6712    33.6780    26.9888    26.9939    7.94693 0.0000e+00
      17010    279.470     0.8099     0.8151   2.884047   2.884899     2.1560     2.1234      7.953     0.0410     1.9245 1.0752e-01     0.3666    91.2419     6.0944     6.3758    33.6742    33.6796    26.9911    26.9952    7.94649 0.0000e+00
      17013    279.533     0.8099     0.8149   2.883722   2.884547     2.1564     2.1234      7.953     0.0410     1.9245 1.0752e-01     0.3666    91.2419     6.0970     6.3731    33.6700    33.6752    26.9877    26.9917    7.94672 0.0000e+00
      17016    279.595     0.8088     0.8096   2.883492   2.883913     2.1552     2.1234      7.953     0.0410     1.9245 1.0777e-01     0.3666    91.2419     6.0921     6.3717    33.6682    33.6727    26.9864    26.9900    7.94705 0.0000e+00
      17019    279.651     0.8085     0.8067   2.883635   2.883641     2.1564     2.1234      7.953     0.0410     1.8850 1.0752e-01     0.3674    91.2246     6.0978     6.3688    33.6703    33.6724    26.9881    26.9899    7.94700 0.0000e+00
      17022    279.708     0.8083     0.8059   2.883717   2.883687     2.1552     2.1234      7.953     0.0410     1.8060 1.0765e-01     0.3670    91.2332     6.0944     6.3675    33.6716    33.6738    26.9891    26.9910    7.94697 0.0000e+00
      17025    279.759     0.8096     0.8067   2.884144   2.883695     2.1564     2.1234      7.953     0.0459     1.8060 1.0765e-01     0.3674    91.2246     6.0988     6.3661    33.6756    33.6730    26.9923    26.9903    7.94647 0.0000e+00
      17028    279.812     0.8112     0.8069   2.884385   2.884057     2.1552     2.1234      7.953     0.0410     1.8060 1.0752e-01     0.3651    91.2767     6.0930     6.3647    33.6769    33.6774    26.9933    26.9939    7.94607 0.0000e+00
      17031    279.867     0.8132     0.8091   2.884668   2.884050     2.1552     2.1234      7.952     0.0410     1.8060 1.0765e-01     0.3643    91.2941     6.0921     6.3607    33.6784    33.6749    26.9943    26.9917    7.94557 0.0000e+00
      17034    279.924     0.8164     0.8074   2.885593   2.883919     2.1560     2.1234      7.952     0.0410     1.7665 1.0752e-01     0.3655    91.2680     6.0909     6.3578    33.6869    33.6750    27.0010    26.9920    7.94446 0.0000e+00
      17037    279.980     0.8229     0.8130   2.886475   2.884862     2.1560     2.1234      7.952     0.0410     1.8060 1.0765e-01     0.3647    91.2854     6.0898     6.3539    33.6911    33.6810    27.0040    26.9965    7.94287 0.0000e+00
