Datasets/AZMP/COO001/79001088.cnv
* Sea-Bird SBE 9 Data File:
* FileName = C:\CTDDATA\79001088.hex
* Software Version Seasave V 7.26.7.110
* Temperature SN = 5660
* Conductivity SN = 3698
* Number of Bytes Per Scan = 30
* Number of Voltage Words = 4
* Number of Scans Averaged by the Deck Unit = 1
* NMEA baud rate = 9600
** VESSEL/TRIP/SEQ STN:  79001088
** LATITUDE XX XX.XX N:  48 10.26 N
** LONGITUDE XX XX.XX W:  53 43.65 W
** SOUNDING DEPTH (M):  0072
** PROBE TYPE: S1257
** CTD NUMBER: 055
** COMMENTS (14 CHAR): SS-16
** BOTTLES:  0
** LEVELS:
** STICKERS:
** VNET: N
** DO2: N
# nquan = 22
# nvalues = 2631                        
# units = specified
# name 0 = scan: Scan Count
# name 1 = prDM: Pressure, Digiquartz [db]
# name 2 = t090C: Temperature [ITS-90, deg C]
# name 3 = t190C: Temperature, 2 [ITS-90, deg C]
# name 4 = c0S/m: Conductivity [S/m]
# name 5 = c1S/m: Conductivity, 2 [S/m]
# name 6 = sbeox0V: Oxygen raw, SBE 43 [V]
# name 7 = sbeox1V: Oxygen raw, SBE 43, 2 [V]
# name 8 = ph: pH
# name 9 = flECO-AFL: Fluorescence, WET Labs ECO-AFL/FL [mg/m^3]
# name 10 = wetCDOM: Fluorescence, WET Labs CDOM [mg/m^3]
# name 11 = par/sat/log: PAR/Logarithmic, Satlantic [umol photons/m^2/sec]
# name 12 = CStarAt0: Beam Attenuation, WET Labs C-Star [1/m]
# name 13 = CStarTr0: Beam Transmission, WET Labs C-Star [%]
# name 14 = sbeox0ML/L: Oxygen, SBE 43 [ml/l], WS = 2
# name 15 = sbeox1ML/L: Oxygen, SBE 43, 2 [ml/l], WS = 2
# name 16 = sal00: Salinity, Practical [PSU]
# name 17 = sal11: Salinity, Practical, 2 [PSU]
# name 18 = sigma-t00: Density [sigma-t, kg/m^3 ]
# name 19 = sigma-t11: Density, 2 [sigma-t, kg/m^3 ]
# name 20 = oxsatML/L: Oxygen Saturation, Weiss [ml/l]
# name 21 = flag: flag
# span 0 =        269,       8987       
# span 1 =      1.622,     65.399       
# span 2 =     3.3057,     3.4914       
# span 3 =     3.3061,     3.4894       
# span 4 =   2.868283,   2.931671       
# span 5 =   2.869676,   2.931831       
# span 6 =     2.5287,     2.7336       
# span 7 =     2.6801,     2.7014       
# span 8 =      8.160,      8.184       
# span 9 =     0.2804,     0.6271       
# span 10 =     1.9245,     4.0564      
# span 11 = 1.0752e-01, 8.6191e-01      
# span 12 =     0.0992,     0.2296      
# span 13 =    94.4224,    97.5507      
# span 14 =     6.8029,     7.4898      
# span 15 =     7.7613,     7.8946      
# span 16 =    31.0806,    31.7851      
# span 17 =    31.0985,    31.7867      
# span 18 =    24.7319,    25.2911      
# span 19 =    24.7462,    25.2925      
# span 20 =    7.52977,    7.58497      
# span 21 = 0.0000e+00, 0.0000e+00      
# interval = scans: 3                   
# start_time = Dec 02 2019 00:53:52 [System UTC, header]
# bad_flag = -9.990e-29
*END*
[from data line 791]
       2719     42.097     3.3825     3.3819   2.930643   2.930818     2.7155     2.6874      8.174     0.3927     2.3982 1.0827e-01     0.1110    97.2640     7.4339     7.8274    31.7330    31.7357    25.2451    25.2472    7.53778 0.0000e+00
       2722     42.149     3.3824     3.3821   2.930663   2.930830     2.7147     2.6874      8.174     0.3829     2.3982 1.0827e-01     0.1110    97.2640     7.4307     7.8251    31.7333    31.7356    25.2453    25.2472    7.53777 0.0000e+00
       2725     42.199     3.3825     3.3820   2.930663   2.930841     2.7155     2.6874      8.174     0.3878     2.3982 1.0827e-01     0.1110    97.2640     7.4343     7.8229    31.7332    31.7358    25.2452    25.2473    7.53777 0.0000e+00
       2728     42.249     3.3825     3.3819   2.930662   2.930830     2.7164     2.6874      8.174     0.3927     2.3982 1.0827e-01     0.1110    97.2640     7.4387     7.8214    31.7331    31.7357    25.2451    25.2472    7.53776 0.0000e+00
       2731     42.301     3.3827     3.3819   2.930678   2.930827     2.7151     2.6874      8.174     0.3878     2.3587 1.0815e-01     0.1110    97.2640     7.4354     7.8196    31.7331    31.7357    25.2451    25.2472    7.53774 0.0000e+00
       2734     42.353     3.3826     3.3819   2.930684   2.930833     2.7155     2.6874      8.174     0.3731     2.1614 1.0815e-01     0.1103    97.2813     7.4359     7.8179    31.7333    31.7357    25.2453    25.2472    7.53775 0.0000e+00
       2737     42.404     3.3828     3.3818   2.930683   2.930863     2.7155     2.6874      8.174     0.3780     2.1614 1.0827e-01     0.1099    97.2900     7.4350     7.8165    31.7331    31.7361    25.2450    25.2476    7.53772 0.0000e+00
       2740     42.454     3.3827     3.3819   2.930700   2.930861     2.7155     2.6874      8.174     0.3683     2.1614 1.0827e-01     0.1099    97.2900     7.4354     7.8156    31.7333    31.7361    25.2453    25.2475    7.53772 0.0000e+00
       2743     42.505     3.3827     3.3818   2.930713   2.930869     2.7159     2.6874      8.174     0.3731     2.1614 1.0827e-01     0.1099    97.2900     7.4379     7.8151    31.7334    31.7362    25.2453    25.2477    7.53771 0.0000e+00
       2746     42.558     3.3828     3.3819   2.930713   2.930900     2.7159     2.6862      8.174     0.3780     2.1614 1.0827e-01     0.1099    97.2900     7.4380     7.8107    31.7333    31.7364    25.2452    25.2478    7.53770 0.0000e+00
       2749     42.609     3.3827     3.3818   2.930701   2.930890     2.7164     2.6866      8.174     0.3780     2.1614 1.0827e-01     0.1099    97.2900     7.4385     7.8125    31.7333    31.7364    25.2452    25.2477    7.53773 0.0000e+00
       2752     42.663     3.3827     3.3819   2.930725   2.930898     2.7168     2.6862      8.174     0.3780     2.1614 1.0815e-01     0.1103    97.2813     7.4409     7.8118    31.7335    31.7364    25.2454    25.2478    7.53771 0.0000e+00
       2755     42.715     3.3827     3.3820   2.930711   2.930876     2.7164     2.6862      8.174     0.3780     2.1614 1.0827e-01     0.1103    97.2813     7.4385     7.8130    31.7333    31.7360    25.2453    25.2475    7.53772 0.0000e+00
       2758     42.767     3.3826     3.3819   2.930725   2.930893     2.7155     2.6862      8.174     0.3634     2.2009 1.0827e-01     0.1110    97.2640     7.4341     7.8145    31.7335    31.7363    25.2454    25.2477    7.53772 0.0000e+00
       2761     42.819     3.3826     3.3818   2.930731   2.930908     2.7159     2.6862      8.174     0.3536     2.2798 1.0827e-01     0.1110    97.2640     7.4360     7.8166    31.7336    31.7365    25.2455    25.2479    7.53773 0.0000e+00
       2764     42.869     3.3825     3.3819   2.930749   2.930897     2.7168     2.6862      8.174     0.3634     2.2798 1.0827e-01     0.1110    97.2640     7.4378     7.8190    31.7338    31.7363    25.2457    25.2477    7.53772 0.0000e+00
       2767     42.922     3.3825     3.3817   2.930743   2.930907     2.7168     2.6862      8.174     0.3585     2.2798 1.0827e-01     0.1106    97.2727     7.4362     7.8218    31.7338    31.7365    25.2456    25.2479    7.53773 0.0000e+00
       2770     42.974     3.3828     3.3818   2.930752   2.930905     2.7168     2.6862      8.174     0.3634     2.2798 1.0815e-01     0.1110    97.2640     7.4356     7.8239    31.7336    31.7364    25.2455    25.2478    7.53769 0.0000e+00
       2773     43.024     3.3826     3.3816   2.930760   2.930905     2.7164     2.6862      8.174     0.3634     2.2798 1.0827e-01     0.1099    97.2900     7.4348     7.8242    31.7338    31.7365    25.2457    25.2479    7.53771 0.0000e+00
       2776     43.077     3.3825     3.3816   2.930761   2.930916     2.7168     2.6862      8.174     0.3585     2.2798 1.0827e-01     0.1088    97.3161     7.4387     7.8250    31.7339    31.7366    25.2457    25.2480    7.53772 0.0000e+00
       2779     43.131     3.3826     3.3816   2.930756   2.930911     2.7155     2.6862      8.174     0.3634     2.2798 1.0827e-01     0.1088    97.3161     7.4354     7.8261    31.7337    31.7366    25.2456    25.2479    7.53772 0.0000e+00
       2782     43.183     3.3825     3.3816   2.930759   2.930909     2.7164     2.6862      8.174     0.3634     2.2798 1.0815e-01     0.1088    97.3161     7.4379     7.8282    31.7339    31.7365    25.2457    25.2479    7.53773 0.0000e+00
       2785     43.236     3.3825     3.3816   2.930769   2.930921     2.7172     2.6862      8.174     0.3634     2.3587 1.0827e-01     0.1088    97.3161     7.4392     7.8299    31.7340    31.7366    25.2458    25.2480    7.53773 0.0000e+00
       2788     43.289     3.3825     3.3816   2.930783   2.930894     2.7159     2.6862      8.174     0.3536     2.3982 1.0827e-01     0.1088    97.3161     7.4348     7.8325    31.7341    31.7363    25.2459    25.2478    7.53772 0.0000e+00
       2791     43.340     3.3824     3.3812   2.930767   2.930893     2.7164     2.6862      8.174     0.3585     2.3982 1.0827e-01     0.1088    97.3161     7.4368     7.8347    31.7339    31.7366    25.2458    25.2480    7.53774 0.0000e+00
       2794     43.392     3.3824     3.3811   2.930774   2.930916     2.7164     2.6862      8.174     0.3634     2.3982 1.0815e-01     0.1113    97.2553     7.4386     7.8364    31.7340    31.7369    25.2458    25.2483    7.53774 0.0000e+00
       2797     43.444     3.3824     3.3810   2.930766   2.930899     2.7176     2.6862      8.174     0.3585     2.3982 1.0827e-01     0.1120    97.2379     7.4431     7.8378    31.7339    31.7368    25.2457    25.2482    7.53775 0.0000e+00
       2800     43.496     3.3823     3.3811   2.930774   2.930918     2.7176     2.6862      8.174     0.3585     2.3982 1.0827e-01     0.1120    97.2379     7.4432     7.8386    31.7341    31.7369    25.2459    25.2483    7.53776 0.0000e+00
       2803     43.549     3.3821     3.3810   2.930752   2.930933     2.7168     2.6866      8.174     0.3585     2.3982 1.0827e-01     0.1117    97.2466     7.4399     7.8405    31.7340    31.7371    25.2458    25.2485    7.53780 0.0000e+00
       2806     43.599     3.3821     3.3810   2.930762   2.930922     2.7168     2.6874      8.174     0.3585     2.3982 1.0827e-01     0.1117    97.2466     7.4379     7.8434    31.7341    31.7371    25.2459    25.2484    7.53780 0.0000e+00
       2809     43.651     3.3821     3.3810   2.930751   2.930909     2.7168     2.6870      8.174     0.3585     2.3982 1.0827e-01     0.1113    97.2553     7.4378     7.8417    31.7339    31.7369    25.2458    25.2483    7.53781 0.0000e+00
       2812     43.703     3.3821     3.3808   2.930745   2.930924     2.7168     2.6874      8.174     0.3731     2.2798 1.0815e-01     0.1117    97.2466     7.4367     7.8423    31.7338    31.7371    25.2457    25.2485    7.53781 0.0000e+00
       2815     43.753     3.3819     3.3807   2.930778   2.930928     2.7172     2.6874      8.174     0.3780     2.2798 1.0827e-01     0.1081    97.3335     7.4347     7.8423    31.7343    31.7373    25.2461    25.2486    7.53781 0.0000e+00
       2818     43.806     3.3819     3.3807   2.930776   2.930945     2.7176     2.6874      8.174     0.3731     2.2798 1.0827e-01     0.1078    97.3422     7.4356     7.8413    31.7343    31.7375    25.2462    25.2488    7.53783 0.0000e+00
       2821     43.859     3.3818     3.3807   2.930794   2.930947     2.7168     2.6874      8.174     0.3780     2.2798 1.0827e-01     0.1078    97.3422     7.4320     7.8413    31.7345    31.7375    25.2463    25.2488    7.53782 0.0000e+00
       2824     43.910     3.3818     3.3805   2.930772   2.930937     2.7172     2.6874      8.174     0.3731     2.2798 1.0827e-01     0.1078    97.3422     7.4332     7.8407    31.7342    31.7375    25.2461    25.2488    7.53783 0.0000e+00
       2827     43.961     3.3818     3.3807   2.930774   2.930942     2.7168     2.6874      8.174     0.3731     2.2798 1.0815e-01     0.1078    97.3422     7.4313     7.8381    31.7343    31.7374    25.2461    25.2487    7.53784 0.0000e+00
       2830     44.014     3.3817     3.3806   2.930768   2.930911     2.7168     2.6874      8.174     0.3780     2.2798 1.0827e-01     0.1078    97.3422     7.4305     7.8356    31.7343    31.7370    25.2461    25.2484    7.53786 0.0000e+00
       2833     44.066     3.3815     3.3804   2.930789   2.930945     2.7168     2.6874      8.174     0.3780     2.2798 1.0815e-01     0.1088    97.3161     7.4293     7.8341    31.7347    31.7376    25.2465    25.2489    7.53787 0.0000e+00
       2836     44.117     3.3814     3.3804   2.930774   2.930934     2.7159     2.6874      8.174     0.3683     2.2798 1.0827e-01     0.1099    97.2900     7.4267     7.8329    31.7345    31.7375    25.2464    25.2488    7.53789 0.0000e+00
       2839     44.170     3.3813     3.3803   2.930772   2.930928     2.7159     2.6878      8.174     0.3487     2.2798 1.0815e-01     0.1099    97.2900     7.4271     7.8336    31.7346    31.7375    25.2464    25.2488    7.53791 0.0000e+00
       2842     44.222     3.3813     3.3805   2.930778   2.930951     2.7172     2.6878      8.174     0.3390     2.2798 1.0827e-01     0.1099    97.2900     7.4318     7.8327    31.7347    31.7375    25.2464    25.2488    7.53791 0.0000e+00
       2845     44.272     3.3812     3.3806   2.930785   2.930962     2.7159     2.6883      8.174     0.3487     2.2798 1.0815e-01     0.1095    97.2987     7.4293     7.8342    31.7349    31.7376    25.2466    25.2488    7.53793 0.0000e+00
       2848     44.323     3.3813     3.3807   2.930796   2.930958     2.7159     2.6883      8.174     0.3390     2.2798 1.0827e-01     0.1099    97.2900     7.4321     7.8336    31.7348    31.7374    25.2466    25.2487    7.53790 0.0000e+00
       2851     44.376     3.3814     3.3806   2.930788   2.930977     2.7155     2.6874      8.174     0.3438     2.2798 1.0827e-01     0.1099    97.2900     7.4307     7.8307    31.7346    31.7377    25.2464    25.2489    7.53789 0.0000e+00
       2854     44.429     3.3814     3.3807   2.930775   2.930938     2.7159     2.6874      8.174     0.3438     2.2798 1.0815e-01     0.1113    97.2553     7.4337     7.8330    31.7345    31.7371    25.2463    25.2485    7.53791 0.0000e+00
       2857     44.482     3.3811     3.3805   2.930737   2.930954     2.7155     2.6874      8.174     0.3390     2.2798 1.0815e-01     0.1120    97.2379     7.4338     7.8349    31.7342    31.7374    25.2461    25.2488    7.53797 0.0000e+00
       2860     44.534     3.3809     3.3806   2.930730   2.930920     2.7168     2.6874      8.174     0.3487     2.2798 1.0815e-01     0.1120    97.2379     7.4389     7.8363    31.7343    31.7370    25.2462    25.2484    7.53800 0.0000e+00
       2863     44.584     3.3805     3.3806   2.930726   2.930625     2.7159     2.6874      8.174     0.3487     2.3193 1.0827e-01     0.1120    97.2379     7.4375     7.8383    31.7346    31.7333    25.2465    25.2454    7.53806 0.0000e+00
       2866     44.636     3.3805     3.3805   2.930750   2.930980     2.7155     2.6874      8.174     0.3438     2.3982 1.0815e-01     0.1120    97.2379     7.4381     7.8396    31.7349    31.7376    25.2467    25.2489    7.53805 0.0000e+00
       2869     44.690     3.3804     3.3804   2.930747   2.930953     2.7172     2.6878      8.174     0.3487     2.3982 1.0815e-01     0.1120    97.2379     7.4468     7.8436    31.7350    31.7374    25.2468    25.2487    7.53807 0.0000e+00
       2872     44.743     3.3804     3.3802   2.930715   2.930960     2.7168     2.6874      8.174     0.3438     2.3982 1.0815e-01     0.1120    97.2379     7.4461     7.8458    31.7345    31.7376    25.2464    25.2489    7.53809 0.0000e+00
       2875     44.796     3.3803     3.3800   2.930669   2.930910     2.7155     2.6883      8.174     0.3536     2.3982 1.0815e-01     0.1099    97.2900     7.4423     7.8518    31.7341    31.7372    25.2461    25.2486    7.53814 0.0000e+00
       2878     44.850     3.3797     3.3796   2.930592   2.930867     2.7172     2.6887      8.174     0.3438     2.3982 1.0827e-01     0.1092    97.3074     7.4482     7.8541    31.7337    31.7371    25.2458    25.2485    7.53826 0.0000e+00
       2881     44.900     3.3792     3.3797   2.930563   2.930897     2.7159     2.6887      8.174     0.3438     2.3982 1.0815e-01     0.1099    97.2900     7.4443     7.8555    31.7338    31.7374    25.2460    25.2488    7.53835 0.0000e+00
       2884     44.947     3.3787     3.3797   2.930530   2.930911     2.7168     2.6887      8.174     0.3487     2.3982 1.0815e-01     0.1099    97.2900     7.4483     7.8558    31.7339    31.7375    25.2461    25.2489    7.53845 0.0000e+00
       2887     44.999     3.3784     3.3793   2.930545   2.930859     2.7180     2.6887      8.174     0.3487     2.3982 1.0802e-01     0.1099    97.2900     7.4531     7.8557    31.7344    31.7373    25.2465    25.2487    7.53848 0.0000e+00
       2890     45.053     3.3785     3.3787   2.930599   2.930812     2.7172     2.6887      8.174     0.3487     2.3193 1.0802e-01     0.1095    97.2987     7.4489     7.8545    31.7349    31.7372    25.2469    25.2487    7.53843 0.0000e+00
       2893     45.104     3.3785     3.3785   2.930605   2.930834     2.7180     2.6887      8.174     0.3683     2.2798 1.0827e-01     0.1099    97.2900     7.4500     7.8514    31.7349    31.7377    25.2469    25.2491    7.53844 0.0000e+00
       2896     45.155     3.3784     3.3784   2.930529   2.930819     2.7176     2.6895      8.174     0.3585     2.2798 1.0827e-01     0.1088    97.3161     7.4498     7.8499    31.7340    31.7375    25.2463    25.2490    7.53849 0.0000e+00
       2899     45.205     3.3780     3.3782   2.930542   2.930790     2.7172     2.6891      8.174     0.3585     2.2798 1.0815e-01     0.1088    97.3161     7.4472     7.8435    31.7346    31.7374    25.2468    25.2489    7.53855 0.0000e+00
       2902     45.257     3.3778     3.3781   2.930491   2.930830     2.7180     2.6895      8.174     0.3634     2.2798 1.0827e-01     0.1088    97.3161     7.4481     7.8425    31.7341    31.7379    25.2464    25.2493    7.53860 0.0000e+00
       2905     45.310     3.3777     3.3783   2.930522   2.930854     2.7184     2.6895      8.174     0.3585     2.2798 1.0827e-01     0.1088    97.3161     7.4488     7.8404    31.7346    31.7380    25.2467    25.2494    7.53859 0.0000e+00
       2908     45.360     3.3777     3.3784   2.930548   2.930863     2.7184     2.6899      8.174     0.3585     2.2798 1.0827e-01     0.1088    97.3161     7.4474     7.8398    31.7349    31.7380    25.2469    25.2494    7.53858 0.0000e+00
