Datasets/AZMP/COO001/79001011.cnv
* Sea-Bird SBE 9 Data File:
* FileName = C:\CTDDATA\79001011.hex
* Software Version Seasave V 7.26.7.110
* Temperature SN = 5811
* Conductivity SN = 4531
* Number of Bytes Per Scan = 30
* Number of Voltage Words = 4
* Number of Scans Averaged by the Deck Unit = 1
* NMEA baud rate = 9600
** VESSEL/TRIP/SEQ STN:  79001011
** LATITUDE XX XX.XX N:  46 30.29 N
** LONGITUDE XX XX.XX W:  56 01.79 W
** SOUNDING DEPTH (M):  0150
** PROBE TYPE (S1221): S1221
** CTD NUMBER: 004
** COMMENTS (14 CHAR):  SWSPB-02
** BOTTLES:  11
** LEVELS: 5,5,10,20,20,30,40,50,75,100,BTM
** STICKERS: 434618 - 434628
** VNET: Y
** DO2: Y
# nquan = 22
# nvalues = 3504                        
# units = specified
# name 0 = scan: Scan Count
# name 1 = prDM: Pressure, Digiquartz [db]
# name 2 = t090C: Temperature [ITS-90, deg C]
# name 3 = t190C: Temperature, 2 [ITS-90, deg C]
# name 4 = c0S/m: Conductivity [S/m]
# name 5 = c1S/m: Conductivity, 2 [S/m]
# name 6 = sbeox0V: Oxygen raw, SBE 43 [V]
# name 7 = sbeox1V: Oxygen raw, SBE 43, 2 [V]
# name 8 = ph: pH
# name 9 = flECO-AFL: Fluorescence, WET Labs ECO-AFL/FL [mg/m^3]
# name 10 = wetCDOM: Fluorescence, WET Labs CDOM [mg/m^3]
# name 11 = par/sat/log: PAR/Logarithmic, Satlantic [umol photons/m^2/sec]
# name 12 = CStarAt0: Beam Attenuation, WET Labs C-Star [1/m]
# name 13 = CStarTr0: Beam Transmission, WET Labs C-Star [%]
# name 14 = sbeox0ML/L: Oxygen, SBE 43 [ml/l], WS = 2
# name 15 = sbeox1ML/L: Oxygen, SBE 43, 2 [ml/l], WS = 2
# name 16 = sal00: Salinity, Practical [PSU]
# name 17 = sal11: Salinity, Practical, 2 [PSU]
# name 18 = sigma-t00: Density [sigma-t, kg/m^3 ]
# name 19 = sigma-t11: Density, 2 [sigma-t, kg/m^3 ]
# name 20 = oxsatML/L: Oxygen Saturation, Weiss [ml/l]
# name 21 = flag: flag
# span 0 =         22,      31717       
# span 1 =      1.160,    141.664       
# span 2 =    -0.6623,     5.8790       
# span 3 =    -0.6560,     5.8789       
# span 4 =   2.680635,   3.139722       
# span 5 =   2.681067,   3.139738       
# span 6 =     2.4076,     3.1214       
# span 7 =     2.2895,     2.5377       
# span 8 =      8.027,      8.161       
# span 9 =     0.0460,     0.7420       
# span 10 =    -1.0780,   108.8772      
# span 11 = 1.1746e-01, 6.1713e-01      
# span 12 =    -0.1236,    -0.0083      
# span 13 =   100.2085,   103.1385      
# span 14 =     6.0034,     9.0620      
# span 15 =     7.4867,     8.6316      
# span 16 =    31.7726,    32.6713      
# span 17 =    31.7728,    32.6707      
# span 18 =    25.0176,    26.2543      
# span 19 =    25.0179,    26.2536      
# span 20 =    7.08972,    8.32060      
# span 21 = 0.0000e+00, 0.0000e+00      
# interval = scans: 3                   
# start_time = Nov 18 2019 22:50:38 [System UTC, header]
# bad_flag = -9.990e-29
*END*
         22      1.871     5.8379     5.8310   3.136432   3.135931     2.6532     2.5344      8.156     0.3708     4.7779 2.3428e-01    -0.0792   101.9990     7.4959     7.6038    31.7783    31.7792    25.0270    25.0285    7.09642 0.0000e+00
         25      1.917     5.8355     5.8264   3.136252   3.135638     2.6541     2.5340      8.156     0.3708     4.7779 2.3109e-01    -0.0792   101.9990     7.5006     7.5981    31.7785    31.7801    25.0274    25.0298    7.09682 0.0000e+00
         28      1.981     5.8370     5.8247   3.136422   3.135550     2.6541     2.5340      8.154     0.4123     1.5366 1.8759e-01    -0.0792   101.9990     7.4998     7.5959    31.7790    31.7807    25.0276    25.0305    7.09654 0.0000e+00
         31      2.048     5.8402     5.8274   3.136624   3.135768     2.6536     2.5336      8.156     0.4416    -0.2900 1.6595e-01    -0.0792   101.9990     7.4962     7.5941    31.7782    31.7807    25.0266    25.0301    7.09603 0.0000e+00
         34      2.113     5.8415     5.8348   3.136668   3.136277     2.6536     2.5336      8.156     0.4441    -0.2184 1.5714e-01    -0.0792   101.9990     7.4954     7.5939    31.7775    31.7794    25.0259    25.0282    7.09585 0.0000e+00
         37      2.173     5.8397     5.8376   3.136539   3.136440     2.6545     2.5348      8.156     0.4441    -0.2184 2.4217e-01    -0.0788   101.9900     7.4987     7.5999    31.7777    31.7785    25.0263    25.0272    7.09615 0.0000e+00
         40      2.229     5.8361     5.8368   3.136248   3.136409     2.6536     2.5336      8.156     0.4465    -0.2184 2.6821e-01    -0.0767   101.9357     7.4953     7.5983    31.7777    31.7789    25.0267    25.0276    7.09674 0.0000e+00
         43      2.282     5.8343     5.8369   3.136173   3.136386     2.6536     2.5336      8.156     0.4441    -0.2184 2.4934e-01    -0.0763   101.9267     7.4950     7.6011    31.7785    31.7785    25.0276    25.0273    7.09701 0.0000e+00
         46      2.327     5.8340     5.8370   3.136190   3.136403     2.6532     2.5336      8.156     0.4416    -0.2184 1.8774e-01    -0.0767   101.9357     7.4936     7.6038    31.7790    31.7786    25.0280    25.0273    7.09704 0.0000e+00
         49      2.363     5.8320     5.8373   3.135987   3.136431     2.6532     2.5336      8.156     0.4392    -0.2184 1.3532e-01    -0.0763   101.9267     7.4936     7.6052    31.7786    31.7786    25.0279    25.0273    7.09740 0.0000e+00
        105      2.388     5.8420     5.8450   3.136714   3.137025     2.6540     2.5344      8.156     0.4441    35.9916 1.8888e-01    -0.0781   101.9719     7.4966     7.6033    31.7773    31.7780    25.0257    25.0259    7.09577 0.0000e+00
        214      2.428     5.8653     5.8596   3.138424   3.138034     2.6569     2.5356      8.156     0.4392   108.4116 4.3027e-01    -0.0824   102.0804     7.5056     7.5964    31.7745    31.7755    25.0208    25.0222    7.09194 0.0000e+00
        217      2.475     5.8654     5.8606   3.138402   3.138079     2.6565     2.5356      8.156     0.4465   108.4116 4.4613e-01    -0.0824   102.0804     7.5047     7.5965    31.7742    31.7751    25.0205    25.0218    7.09195 0.0000e+00
        220      2.507     5.8631     5.8606   3.138243   3.138078     2.6561     2.5352      8.156     0.4441   108.4116 3.3766e-01    -0.0824   102.0804     7.5033     7.5954    31.7745    31.7751    25.0210    25.0218    7.09231 0.0000e+00
        223      2.534     5.8603     5.8600   3.138063   3.138056     2.6565     2.5348      8.156     0.4441   108.4116 1.6818e-01    -0.0827   102.0894     7.5047     7.5948    31.7751    31.7754    25.0218    25.0220    7.09276 0.0000e+00
        226      2.565     5.8615     5.8595   3.138172   3.138028     2.6569     2.5348      8.156     0.4416   108.4027 2.7477e-01    -0.0827   102.0894     7.5058     7.5956    31.7753    31.7755    25.0218    25.0222    7.09256 0.0000e+00
        234      2.609     5.8603     5.8606   3.138082   3.138142     2.6569     2.5348      8.156     0.4489   108.4116 3.9816e-01    -0.0827   102.0894     7.5041     7.5965    31.7754    31.7757    25.0220    25.0222    7.09276 0.0000e+00
        240      2.645     5.8590     5.8614   3.137983   3.138189     2.6569     2.5348      8.156     0.4660   108.4116 3.1509e-01    -0.0824   102.0804     7.5032     7.5986    31.7755    31.7755    25.0222    25.0220    7.09298 0.0000e+00
        249      2.703     5.8587     5.8604   3.137980   3.138104     2.6561     2.5348      8.156     0.4660   108.4116 3.3424e-01    -0.0817   102.0623     7.4953     7.6007    31.7757    31.7754    25.0225    25.0220    7.09302 0.0000e+00
        252      2.731     5.8599     5.8603   3.138044   3.138096     2.6565     2.5348      8.156     0.4636   108.4116 1.5347e-01    -0.0820   102.0714     7.4953     7.6005    31.7752    31.7754    25.0220    25.0220    7.09283 0.0000e+00
        255      2.768     5.8616     5.8634   3.138172   3.138329     2.6569     2.5348      8.156     0.4636   108.4116 3.4157e-01    -0.0820   102.0714     7.4957     7.6008    31.7750    31.7751    25.0216    25.0214    7.09255 0.0000e+00
        258      2.812     5.8650     5.8659   3.138393   3.138495     2.6557     2.5348      8.156     0.4660   108.4116 3.9692e-01    -0.0817   102.0623     7.4908     7.6009    31.7743    31.7746    25.0207    25.0207    7.09202 0.0000e+00
        261      2.851     5.8675     5.8674   3.138558   3.138576     2.6557     2.5348      8.156     0.4660   108.4116 2.7427e-01    -0.0827   102.0894     7.4902     7.6003    31.7738    31.7741    25.0199    25.0201    7.09161 0.0000e+00
        264      2.882     5.8672     5.8666   3.138536   3.138540     2.6557     2.5356      8.156     0.4587   108.4116 1.6856e-01    -0.0834   102.1075     7.4909     7.6032    31.7738    31.7744    25.0199    25.0205    7.09166 0.0000e+00
        267      2.915     5.8662     5.8662   3.138491   3.138528     2.6557     2.5348      8.156     0.4538   108.4116 1.9974e-01    -0.0834   102.1075     7.4914     7.6000    31.7743    31.7747    25.0204    25.0208    7.09181 0.0000e+00
        270      2.959     5.8655     5.8665   3.138468   3.138530     2.6545     2.5348      8.156     0.4514   108.4116 2.1401e-01    -0.0834   102.1075     7.4883     7.5996    31.7746    31.7744    25.0208    25.0205    7.09191 0.0000e+00
        273      3.009     5.8677     5.8659   3.138649   3.138481     2.6545     2.5348      8.156     0.4514   108.4027 1.6604e-01    -0.0834   102.1075     7.4896     7.5992    31.7745    31.7744    25.0204    25.0206    7.09154 0.0000e+00
        276      3.061     5.8685     5.8653   3.138684   3.138466     2.6545     2.5348      8.156     0.4538   108.4027 1.7291e-01    -0.0834   102.1075     7.4908     7.5972    31.7741    31.7747    25.0201    25.0209    7.09142 0.0000e+00
        279      3.110     5.8687     5.8669   3.138707   3.138573     2.6549     2.5356      8.156     0.4489   108.4116 1.7780e-01    -0.0831   102.0985     7.4944     7.5985    31.7742    31.7744    25.0201    25.0204    7.09138 0.0000e+00
        282      3.172     5.8683     5.8681   3.138703   3.138650     2.6545     2.5348      8.156     0.4514   108.4116 1.3593e-01    -0.0806   102.0352     7.4950     7.5934    31.7745    31.7741    25.0204    25.0201    7.09144 0.0000e+00
        285      3.247     5.8692     5.8680   3.138772   3.138670     2.6545     2.5348      8.156     0.4514   108.3937 1.2830e-01    -0.0802   102.0262     7.4965     7.5918    31.7744    31.7744    25.0202    25.0203    7.09130 0.0000e+00
        288      3.333     5.8693     5.8689   3.138757   3.138747     2.6549     2.5348      8.156     0.4514    96.0372 1.2080e-01    -0.0802   102.0262     7.4996     7.5906    31.7740    31.7744    25.0199    25.0202    7.09129 0.0000e+00
        291      3.427     5.8687     5.8699   3.138728   3.138792     2.6545     2.5348      8.156     0.4367     5.3689 1.1760e-01    -0.0802   102.0262     7.4995     7.5906    31.7743    31.7739    25.0202    25.0197    7.09138 0.0000e+00
        294      3.530     5.8679     5.8705   3.138635   3.138840     2.6549     2.5348      8.156     0.4392     3.2468 1.1787e-01    -0.0802   102.0262     7.5024     7.5899    31.7739    31.7738    25.0200    25.0196    7.09154 0.0000e+00
        297      3.641     5.8673     5.8692   3.138635   3.138761     2.6557     2.5344      8.156     0.4367     3.3363 1.1773e-01    -0.0802   102.0262     7.5054     7.5884    31.7744    31.7741    25.0205    25.0199    7.09161 0.0000e+00
        300      3.754     5.8681     5.8681   3.138722   3.138701     2.6553     2.5336      8.156     0.4343     3.3274 1.1787e-01    -0.0799   102.0171     7.5039     7.5855    31.7746    31.7743    25.0205    25.0203    7.09147 0.0000e+00
        303      3.868     5.8693     5.8675   3.138845   3.138655     2.6553     2.5340      8.156     0.4343     3.3274 1.1773e-01    -0.0781   101.9719     7.5042     7.5871    31.7748    31.7743    25.0205    25.0204    7.09125 0.0000e+00
        306      3.985     5.8713     5.8680   3.138892   3.138715     2.6553     2.5336      8.156     0.4367     3.3274 1.1773e-01    -0.0781   101.9719     7.5047     7.5865    31.7734    31.7745    25.0192    25.0204    7.09098 0.0000e+00
        309      4.101     5.8670     5.8682   3.138586   3.138719     2.6557     2.5336      8.156     0.4392     3.3274 1.5399e-01    -0.0781   101.9719     7.5073     7.5875    31.7740    31.7743    25.0201    25.0203    7.09169 0.0000e+00
        312      4.218     5.8655     5.8677   3.138527   3.138687     2.6557     2.5336      8.156     0.4367     3.3274 1.2602e-01    -0.0785   101.9809     7.5077     7.5883    31.7747    31.7744    25.0209    25.0204    7.09191 0.0000e+00
        315      4.332     5.8657     5.8676   3.138563   3.138696     2.6553     2.5336      8.156     0.4294     3.9810 1.3242e-01    -0.0781   101.9719     7.5060     7.5882    31.7748    31.7745    25.0210    25.0205    7.09187 0.0000e+00
        318      4.443     5.8662     5.8685   3.138568   3.138758     2.6557     2.5336      8.156     0.4074     5.2167 2.4974e-01    -0.0781   101.9719     7.5068     7.5891    31.7743    31.7743    25.0205    25.0202    7.09180 0.0000e+00
        321      4.551     5.8647     5.8695   3.138488   3.138844     2.6557     2.5336      8.156     0.4074     5.1809 2.5644e-01    -0.0795   102.0081     7.5068     7.5900    31.7748    31.7743    25.0211    25.0201    7.09204 0.0000e+00
        324      4.658     5.8652     5.8689   3.138564   3.138785     2.6557     2.5336      8.156     0.4099     5.1809 1.4182e-01    -0.0813   102.0533     7.5072     7.5907    31.7752    31.7741    25.0213    25.0201    7.09194 0.0000e+00
        327      4.763     5.8675     5.8679   3.138715   3.138733     2.6565     2.5328      8.156     0.4050     5.1809 1.5801e-01    -0.0813   102.0533     7.5095     7.5876    31.7746    31.7745    25.0206    25.0204    7.09157 0.0000e+00
        330      4.861     5.8664     5.8686   3.138620   3.138775     2.6565     2.5336      8.156     0.4099     5.1809 1.7085e-01    -0.0813   102.0533     7.5096     7.5904    31.7745    31.7742    25.0206    25.0201    7.09176 0.0000e+00
        333      4.957     5.8658     5.8695   3.138569   3.138850     2.6565     2.5336      8.156     0.4099     5.1809 1.9673e-01    -0.0813   102.0533     7.5099     7.5897    31.7745    31.7741    25.0207    25.0199    7.09187 0.0000e+00
        336      5.049     5.8682     5.8715   3.138838   3.138997     2.6565     2.5328      8.156     0.4074     5.1809 2.0272e-01    -0.0813   102.0533     7.5095     7.5861    31.7752    31.7739    25.0209    25.0195    7.09142 0.0000e+00
        339      5.138     5.8753     5.8741   3.139295   3.139185     2.6565     2.5328      8.156     0.4074     5.1809 1.2080e-01    -0.0813   102.0533     7.5080     7.5856    31.7736    31.7735    25.0188    25.0189    7.09030 0.0000e+00
        342      5.229     5.8769     5.8761   3.139372   3.139328     2.6561     2.5328      8.156     0.4343     5.3689 1.1746e-01    -0.0817   102.0623     7.5062     7.5854    31.7729    31.7732    25.0181    25.0184    7.09007 0.0000e+00
        345      5.322     5.8768     5.8777   3.139369   3.139435     2.6565     2.5328      8.156     0.4587     5.5032 1.2123e-01    -0.0824   102.0804     7.5074     7.5857    31.7729    31.7728    25.0181    25.0179    7.09007 0.0000e+00
        348      5.417     5.8770     5.8775   3.139379   3.139433     2.6569     2.5328      8.156     0.4611     5.4942 1.3516e-01    -0.0824   102.0804     7.5088     7.5867    31.7728    31.7730    25.0180    25.0181    7.09005 0.0000e+00
        351      5.514     5.8766     5.8769   3.139381   3.139389     2.6565     2.5328      8.156     0.4611     5.4853 1.4612e-01    -0.0824   102.0804     7.5076     7.5885    31.7731    31.7729    25.0183    25.0181    7.09010 0.0000e+00
        354      5.609     5.8768     5.8766   3.139406   3.139378     2.6569     2.5324      8.156     0.4587     5.4942 1.7441e-01    -0.0824   102.0804     7.5088     7.5879    31.7732    31.7731    25.0184    25.0183    7.09006 0.0000e+00
        357      5.700     5.8776     5.8753   3.139451   3.139305     2.6569     2.5324      8.156     0.4587     5.4942 1.6241e-01    -0.0820   102.0714     7.5092     7.5906    31.7729    31.7735    25.0181    25.0187    7.08994 0.0000e+00
        360      5.793     5.8771     5.8753   3.139420   3.139288     2.6569     2.5324      8.156     0.4611     5.4853 1.3400e-01    -0.0817   102.0623     7.5090     7.5936    31.7730    31.7732    25.0182    25.0185    7.09003 0.0000e+00
        363      5.887     5.8767     5.8753   3.139429   3.139293     2.6573     2.5324      8.156     0.4562     5.4853 1.1814e-01    -0.0785   101.9809     7.5105     7.5948    31.7734    31.7732    25.0185    25.0185    7.09007 0.0000e+00
        366      5.980     5.8775     5.8766   3.139472   3.139421     2.6569     2.5324      8.156     0.4611     6.9448 1.1952e-01    -0.0777   101.9629     7.5092     7.5963    31.7731    31.7734    25.0182    25.0185    7.08995 0.0000e+00
        369      6.073     5.8774     5.8782   3.139478   3.139518     2.6573     2.5324      8.156     0.4782    96.2968 1.1828e-01    -0.0781   101.9719     7.5099     7.5962    31.7732    31.7729    25.0183    25.0180    7.08996 0.0000e+00
        372      6.165     5.8788     5.8770   3.139602   3.139440     2.6577     2.5328      8.156     0.4831   108.5459 1.1773e-01    -0.0781   101.9719     7.5109     7.5987    31.7732    31.7731    25.0182    25.0182    7.08972 0.0000e+00
        375      6.260     5.8790     5.8759   3.139564   3.139376     2.6573     2.5328      8.156     0.4807   108.3758 1.1773e-01    -0.0781   101.9719     7.5090     7.5994    31.7726    31.7734    25.0176    25.0186    7.08972 0.0000e+00
        378      6.354     5.8762     5.8757   3.139372   3.139374     2.6569     2.5332      8.156     0.4807   108.4027 1.1773e-01    -0.0781   101.9719     7.5075     7.6020    31.7730    31.7736    25.0183    25.0188    7.09017 0.0000e+00
        381      6.448     5.8753     5.8759   3.139335   3.139397     2.6577     2.5332      8.156     0.4831   108.4116 1.1746e-01    -0.0788   101.9900     7.5098     7.6018    31.7734    31.7736    25.0187    25.0187    7.09030 0.0000e+00
        384      6.541     5.8745     5.8765   3.139277   3.139429     2.6569     2.5336      8.156     0.4807   108.4027 1.1773e-01    -0.0834   102.1075     7.5066     7.6017    31.7734    31.7733    25.0188    25.0185    7.09044 0.0000e+00
        387      6.629     5.8743     5.8761   3.139285   3.139424     2.6577     2.5336      8.156     0.4831   108.4027 1.1787e-01    -0.0824   102.0804     7.5086     7.6004    31.7737    31.7736    25.0190    25.0187    7.09046 0.0000e+00
