Datasets/AZMP/COO001/79001094.cnv
* Sea-Bird SBE 9 Data File:
* FileName = C:\CTDDATA\79001094.hex
* Software Version Seasave V 7.26.7.110
* Temperature SN = 5660
* Conductivity SN = 3698
* Number of Bytes Per Scan = 30
* Number of Voltage Words = 4
* Number of Scans Averaged by the Deck Unit = 1
* NMEA baud rate = 9600
** VESSEL/TRIP/SEQ STN:  79001094
** LATITUDE XX XX.XX N:  49 01.50 N
** LONGITUDE XX XX.XX W:  52 04.00 W
** SOUNDING DEPTH (M):  0297
** PROBE TYPE: S1257
** CTD NUMBER: 060
** COMMENTS (14 CHAR): BB-05
** BOTTLES:  13
** LEVELS: 5,5,10,20,20,30,40,50,75,100,150,250,BTM
** STICKERS: 435305 - 435317
** VNET: N
** DO2: Y
# nquan = 22
# nvalues = 6452                        
# units = specified
# name 0 = scan: Scan Count
# name 1 = prDM: Pressure, Digiquartz [db]
# name 2 = t090C: Temperature [ITS-90, deg C]
# name 3 = t190C: Temperature, 2 [ITS-90, deg C]
# name 4 = c0S/m: Conductivity [S/m]
# name 5 = c1S/m: Conductivity, 2 [S/m]
# name 6 = sbeox0V: Oxygen raw, SBE 43 [V]
# name 7 = sbeox1V: Oxygen raw, SBE 43, 2 [V]
# name 8 = ph: pH
# name 9 = flECO-AFL: Fluorescence, WET Labs ECO-AFL/FL [mg/m^3]
# name 10 = wetCDOM: Fluorescence, WET Labs CDOM [mg/m^3]
# name 11 = par/sat/log: PAR/Logarithmic, Satlantic [umol photons/m^2/sec]
# name 12 = CStarAt0: Beam Attenuation, WET Labs C-Star [1/m]
# name 13 = CStarTr0: Beam Transmission, WET Labs C-Star [%]
# name 14 = sbeox0ML/L: Oxygen, SBE 43 [ml/l], WS = 2
# name 15 = sbeox1ML/L: Oxygen, SBE 43, 2 [ml/l], WS = 2
# name 16 = sal00: Salinity, Practical [PSU]
# name 17 = sal11: Salinity, Practical, 2 [PSU]
# name 18 = sigma-t00: Density [sigma-t, kg/m^3 ]
# name 19 = sigma-t11: Density, 2 [sigma-t, kg/m^3 ]
# name 20 = oxsatML/L: Oxygen Saturation, Weiss [ml/l]
# name 21 = flag: flag
# span 0 =         57,      59345       
# span 1 =      1.894,    287.850       
# span 2 =     0.5651,     2.5737       
# span 3 =     0.5654,     2.5728       
# span 4 =   2.832050,   3.093025       
# span 5 =   2.826664,   3.093198       
# span 6 =     2.3081,     2.7562       
# span 7 =     2.2737,     2.7216       
# span 8 =      8.076,      8.198       
# span 9 =    -0.0078,     1.0911       
# span 10 =     1.2928,     2.0429      
# span 11 = 1.0703e-01, 1.9288e+00      
# span 12 =     0.0570,     0.3189      
# span 13 =    92.3369,    98.5848      
# span 14 =     6.2481,     7.8217      
# span 15 =     6.3959,     8.1687      
# span 16 =    32.7202,    34.4527      
# span 17 =    32.7091,    34.4072      
# span 18 =    26.1298,    27.4992      
# span 19 =    26.1209,    27.4556      
# span 20 =    7.55666,    8.00301      
# span 21 = 0.0000e+00, 0.0000e+00      
# interval = scans: 3                   
# start_time = Dec 02 2019 19:47:14 [System UTC, header]
# bad_flag = -9.990e-29
*END*
[from data line 3556]
      18848    250.284     1.6484     1.6237   2.986749   2.982571     2.4083     2.3757      8.121     0.0117     1.5692 1.0790e-01     0.0811    97.9939     6.8072     7.1413    34.0943    34.0681    27.2725    27.2533    7.75323 0.0000e+00
      18851    250.247     1.6575     1.6262   2.987936   2.983154     2.4087     2.3757      8.122     0.0117     1.5692 1.0802e-01     0.0811    97.9939     6.8127     7.1370    34.0994    34.0728    27.2760    27.2569    7.75115 0.0000e+00
      18854    250.208     1.6696     1.5805   2.988693   2.975591     2.4091     2.3757      8.119     0.0117     1.5692 1.0827e-01     0.0811    97.9939     6.8186     7.1445    34.0959    34.0267    27.2722    27.2232    7.74891 0.0000e+00
      18857    250.169     1.6775     1.5741   2.988738   2.974043     2.4087     2.3757      8.120     0.0068     1.5692 1.0790e-01     0.0811    97.9939     6.8195     7.1438    34.0880    34.0140    27.2653    27.2135    7.74776 0.0000e+00
      18860    250.126     1.6783     1.5500   2.988353   2.968819     2.4087     2.3753      8.123     0.0117     1.5692 1.0802e-01     0.0818    97.9765     6.8212     7.1485    34.0823    33.9739    27.2607    27.1831    7.74789 0.0000e+00
      18863    250.083     1.6785     1.5028   2.988337   2.967044     2.4095     2.3757      8.119     0.0117     1.6087 1.0790e-01     0.0867    97.8549     6.8252     7.1584    34.0819    34.0025    27.2604    27.2094    7.74788 0.0000e+00
      18866    250.038     1.6796     1.4765   2.988667   2.966153     2.4111     2.3757      8.122     0.0117     1.6876 1.0802e-01     0.0864    97.8636     6.8351     7.1644    34.0849    34.0196    27.2627    27.2249    7.74749 0.0000e+00
      18869    249.996     1.6814     1.4571   2.989200   2.964847     2.4111     2.3757      8.123     0.0117     1.6876 1.0815e-01     0.0864    97.8636     6.8348     7.1721    34.0897    34.0241    27.2664    27.2299    7.74689 0.0000e+00
      18872    249.957     1.6835     1.4460   2.989260   2.964644     2.4115     2.3757      8.122     0.0166     1.6876 1.0790e-01     0.0864    97.8636     6.8362     7.1774    34.0882    34.0336    27.2651    27.2383    7.74655 0.0000e+00
      18875    249.913     1.6836     1.4467   2.989520   2.965000     2.4120     2.3753      8.120     0.0166     1.6876 1.0815e-01     0.0871    97.8462     6.8381     7.1786    34.0913    34.0373    27.2676    27.2413    7.74635 0.0000e+00
      18878    249.873     1.6845     1.4463   2.989618   2.964457     2.4128     2.3757      8.119     0.0117     1.6876 1.0790e-01     0.0864    97.8636     6.8416     7.1830    34.0916    34.0309    27.2677    27.2361    7.74616 0.0000e+00
      18881    249.834     1.6868     1.4439   2.989854   2.964112     2.4124     2.3757      8.122     0.0166     1.6876 1.0790e-01     0.0881    97.8201     6.8391     7.1855    34.0922    34.0292    27.2680    27.2349    7.74569 0.0000e+00
      18884    249.797     1.6900     1.4425   2.990124   2.963834     2.4120     2.3757      8.122     0.0117     1.6876 1.0802e-01     0.0906    97.7593     6.8350     7.1856    34.0921    34.0272    27.2677    27.2334    7.74504 0.0000e+00
      18887    249.761     1.6920     1.4422   2.990078   2.964242     2.4128     2.3757      8.122     0.0117     1.6876 1.0802e-01     0.0906    97.7593     6.8362     7.1842    34.0895    34.0327    27.2654    27.2379    7.74479 0.0000e+00
      18890    249.724     1.6924     1.4411   2.990025   2.964557     2.4144     2.3765      8.120     0.0117     1.6876 1.0802e-01     0.0906    97.7593     6.8407     7.1879    34.0883    34.0379    27.2645    27.2422    7.74476 0.0000e+00
      18893    249.691     1.6923     1.4433   2.990157   2.965111     2.4132     2.3769      8.122     0.0117     1.6876 1.0815e-01     0.0906    97.7593     6.8347     7.1871    34.0901    34.0426    27.2659    27.2458    7.74469 0.0000e+00
      18896    249.656     1.6932     1.4477   2.990326   2.965310     2.4140     2.3769      8.119     0.0117     1.6876 1.0790e-01     0.0906    97.7593     6.8359     7.1840    34.0913    34.0403    27.2668    27.2436    7.74445 0.0000e+00
      18899    249.623     1.6940     1.4539   2.990141   2.966806     2.4148     2.3769      8.122     0.0117     1.6876 1.0790e-01     0.0906    97.7593     6.8350     7.1779    34.0881    34.0526    27.2642    27.2530    7.74445 0.0000e+00
      18902    249.589     1.6941     1.4761   2.990429   2.969724     2.4152     2.3769      8.119     0.0117     1.6876 1.0790e-01     0.0906    97.7593     6.8333     7.1666    34.0917    34.0657    27.2671    27.2619    7.74425 0.0000e+00
      18905    249.555     1.6973     1.4982   2.991085   2.971155     2.4148     2.3769      8.120    -0.0029     1.6876 1.0802e-01     0.0906    97.7593     6.8287     7.1547    34.0965    34.0598    27.2707    27.2557    7.74336 0.0000e+00
      18908    249.522     1.6989     1.5062   2.990038   2.971682     2.4160     2.3765      8.120    -0.0078     1.6876 1.0802e-01     0.0906    97.7593     6.8290     7.1439    34.0816    34.0579    27.2586    27.2536    7.74382 0.0000e+00
      18911    249.489     1.6943     1.5100   2.988639   2.971880     2.4160     2.3765      8.119    -0.0029     1.6876 1.0802e-01     0.0906    97.7593     6.8245     7.1360    34.0690    34.0564    27.2488    27.2520    7.74540 0.0000e+00
      18914    249.459     1.6894     1.5157   2.989425   2.972401     2.4160     2.3769      8.119    -0.0029     1.6876 1.0802e-01     0.0906    97.7593     6.8214     7.1286    34.0841    34.0568    27.2613    27.2520    7.74557 0.0000e+00
      18917    249.427     1.6911     1.5191   2.990274   2.972846     2.4152     2.3761      8.119    -0.0029     1.8060 1.0790e-01     0.0906    97.7593     6.8170     7.1185    34.0930    34.0588    27.2683    27.2533    7.74477 0.0000e+00
      18920    249.397     1.6942     1.5232   2.990588   2.973850     2.4156     2.3761      8.119    -0.0029     1.8060 1.0815e-01     0.0910    97.7506     6.8141     7.1129    34.0937    34.0670    27.2686    27.2597    7.74412 0.0000e+00
      18923    249.362     1.6974     1.5335   2.991035   2.974322     2.4148     2.3757      8.118    -0.0029     1.8060 1.0802e-01     0.0896    97.7854     6.8079     7.1043    34.0958    34.0619    27.2701    27.2548    7.74337 0.0000e+00
      18926    249.333     1.7007     1.5373   2.991769   2.974110     2.4148     2.3753      8.118    -0.0029     1.8060 1.0815e-01     0.0896    97.7854     6.8045     7.0981    34.1016    34.0552    27.2745    27.2491    7.74241 0.0000e+00
      18929    249.305     1.7063     1.5301   2.992468   2.973456     2.4148     2.3745      8.118    -0.0029     1.8060 1.0815e-01     0.0892    97.7941     6.8031     7.0946    34.1044    34.0546    27.2764    27.2492    7.74116 0.0000e+00
      18932    249.276     1.7130     1.5285   2.993071   2.973408     2.4148     2.3745      8.118     0.0020     1.8060 1.0802e-01     0.0892    97.7941     6.8005     7.0922    34.1047    34.0558    27.2761    27.2503    7.73980 0.0000e+00
      18935    249.251     1.7178     1.5317   2.993174   2.973702     2.4140     2.3745      8.118    -0.0029     1.8060 1.0790e-01     0.0896    97.7854     6.7967     7.0906    34.1008    34.0561    27.2727    27.2503    7.73904 0.0000e+00
      19071    249.225     1.6568     1.5427   2.986693   2.975601     2.4160     2.3781      8.118    -0.0029     1.7665 1.0815e-01     0.0832    97.9418     6.8084     7.1105    34.0850    34.0682    27.2644    27.2592    7.75208 0.0000e+00
      19340    249.159     1.5350     1.5826   2.974483   2.980379     2.4193     2.3867      8.122     0.0117     1.6876 1.0815e-01     0.0704    98.2546     6.8304     7.1550    34.0624    34.0856    27.2551    27.2703    7.77760 0.0000e+00
      19343    249.086     1.5383     1.5977   2.974674   2.981035     2.4189     2.3867      8.121     0.0117     1.6876 1.0815e-01     0.0704    98.2546     6.8258     7.1560    34.0613    34.0776    27.2540    27.2628    7.77700 0.0000e+00
      19346    249.014     1.5413     1.6062   2.975233   2.981949     2.4185     2.3871      8.119     0.0166     1.6876 1.0815e-01     0.0708    98.2459     6.8217     7.1592    34.0651    34.0799    27.2569    27.2641    7.77618 0.0000e+00
      19349    248.951     1.5457     1.6129   2.975734   2.982418     2.4177     2.3867      8.121     0.0117     1.6876 1.0802e-01     0.0704    98.2546     6.8153     7.1560    34.0668    34.0787    27.2579    27.2626    7.77522 0.0000e+00
      19352    248.892     1.5480     1.6142   2.975251   2.982233     2.4169     2.3867      8.121     0.0117     1.6876 1.0802e-01     0.0704    98.2546     6.8107     7.1553    34.0582    34.0750    27.2508    27.2595    7.77521 0.0000e+00
      19355    248.839     1.5494     1.6122   2.975368   2.981871     2.4165     2.3867      8.121     0.0117     1.6876 1.0815e-01     0.0704    98.2546     6.8067     7.1561    34.0583    34.0726    27.2507    27.2577    7.77493 0.0000e+00
      19358    248.794     1.5489     1.6065   2.975408   2.981126     2.4169     2.3867      8.121     0.0117     1.6876 1.0827e-01     0.0704    98.2546     6.8042     7.1574    34.0592    34.0693    27.2516    27.2556    7.77497 0.0000e+00
      19361    248.756     1.5499     1.5990   2.975635   2.980541     2.4157     2.3867      8.121     0.0117     1.6876 1.0790e-01     0.0704    98.2546     6.7985     7.1574    34.0611    34.0701    27.2531    27.2567    7.77469 0.0000e+00
      19364    248.725     1.5524     1.5966   2.975976   2.980412     2.4157     2.3863      8.124     0.0117     1.6876 1.0815e-01     0.0704    98.2546     6.7986     7.1530    34.0628    34.0710    27.2542    27.2576    7.77410 0.0000e+00
      19619    248.696     1.4310     1.3598   2.962941   2.956273     2.4197     2.3892      8.124     0.0166     1.5692 1.0815e-01     0.0672    98.3328     6.8963     7.2267    34.0290    34.0213    27.2356    27.2344    7.80030 0.0000e+00
      20235    248.666     1.4097     1.3650   2.960866   2.956614     2.4210     2.3901      8.123     0.0068     1.5692 1.0790e-01     0.0655    98.3763     6.9029     7.2333    34.0256    34.0200    27.2345    27.2331    7.80477 0.0000e+00
      21464    248.621     1.3666     1.3633   2.956105   2.956275     2.4227     2.3926      8.120     0.0020     1.5692 1.0815e-01     0.0630    98.4371     6.9107     7.2535    34.0118    34.0176    27.2263    27.2312    7.81420 0.0000e+00
      21467    248.577     1.3650     1.3643   2.956077   2.956443     2.4244     2.3930      8.120    -0.0029     1.5692 1.0815e-01     0.0630    98.4371     6.9155     7.2552    34.0133    34.0187    27.2276    27.2320    7.81446 0.0000e+00
      21470    248.539     1.3637     1.3652   2.956098   2.956484     2.4231     2.3930      8.120    -0.0029     1.5692 1.0802e-01     0.0630    98.4371     6.9100     7.2532    34.0150    34.0182    27.2291    27.2316    7.81463 0.0000e+00
      21473    248.507     1.3636     1.3651   2.956145   2.956467     2.4227     2.3930      8.120     0.0020     1.5692 1.0790e-01     0.0627    98.4458     6.9085     7.2531    34.0156    34.0182    27.2296    27.2316    7.81461 0.0000e+00
      21476    248.480     1.3639     1.3666   2.956201   2.956736     2.4235     2.3930      8.120    -0.0029     1.5692 1.0827e-01     0.0630    98.4371     6.9117     7.2530    34.0161    34.0199    27.2300    27.2329    7.81454 0.0000e+00
      21928    248.442     1.3629     1.3488   2.955982   2.954750     2.4236     2.3930      8.120    -0.0029     1.6876 1.0802e-01     0.0634    98.4284     6.9143     7.2295    34.0144    34.0139    27.2286    27.2293    7.81482 0.0000e+00
      21931    248.391     1.3629     1.3458   2.956051   2.954035     2.4236     2.3926      8.120     0.0020     1.6876 1.0815e-01     0.0637    98.4197     6.9151     7.2302    34.0153    34.0082    27.2294    27.2249    7.81477 0.0000e+00
      21934    248.352     1.3630     1.3396   2.956066   2.953396     2.4227     2.3922      8.120    -0.0029     1.6876 1.0802e-01     0.0641    98.4110     6.9100     7.2326    34.0153    34.0068    27.2295    27.2242    7.81474 0.0000e+00
      21937    248.323     1.3633     1.3342   2.956041   2.952942     2.4223     2.3922      8.120    -0.0029     1.6876 1.0802e-01     0.0641    98.4110     6.9097     7.2375    34.0148    34.0069    27.2290    27.2246    7.81472 0.0000e+00
      22182    248.266     1.3487     1.3351   2.954091   2.953318     2.4207     2.3918      8.120    -0.0029     1.8060 1.0827e-01     0.0630    98.4371     6.9036     7.2725    34.0058    34.0107    27.2228    27.2276    7.81815 0.0000e+00
      22185    248.194     1.3465     1.3342   2.954065   2.953005     2.4207     2.3918      8.120    -0.0029     1.8060 1.0827e-01     0.0627    98.4458     6.9048     7.2704    34.0079    34.0077    27.2246    27.2253    7.81848 0.0000e+00
      22188    248.131     1.3455     1.3311   2.954113   2.952610     2.4211     2.3930      8.120    -0.0029     1.6481 1.0827e-01     0.0630    98.4371     6.9065     7.2727    34.0096    34.0062    27.2260    27.2243    7.81859 0.0000e+00
      22191    248.079     1.3455     1.3300   2.954168   2.952711     2.4211     2.3922      8.120    -0.0029     1.5297 1.0790e-01     0.0630    98.4371     6.9078     7.2692    34.0104    34.0086    27.2267    27.2263    7.81856 0.0000e+00
      22194    248.035     1.3455     1.3304   2.954148   2.952846     2.4207     2.3926      8.120    -0.0029     1.5692 1.0802e-01     0.0634    98.4284     6.9074     7.2701    34.0101    34.0099    27.2265    27.2274    7.81856 0.0000e+00
      22197    248.000     1.3454     1.3312   2.954182   2.952884     2.4203     2.3930      8.120    -0.0029     1.5692 1.0815e-01     0.0641    98.4110     6.9088     7.2704    34.0106    34.0096    27.2269    27.2270    7.81856 0.0000e+00
      22200    247.970     1.3459     1.3313   2.954322   2.952897     2.4211     2.3926      8.120     0.0068     1.5692 1.0815e-01     0.0641    98.4110     6.9133     7.2687    34.0120    34.0096    27.2279    27.2270    7.81840 0.0000e+00
      22457    247.937     1.3513     1.3244   2.955861   2.952236     2.4199     2.3930      8.120     0.0117     1.6876 1.0802e-01     0.0641    98.4110     6.9026     7.2570    34.0257    34.0087    27.2385    27.2268    7.81656 0.0000e+00
      22460    247.894     1.3589     1.3261   2.956465   2.952415     2.4203     2.3930      8.120     0.0166     1.6876 1.0802e-01     0.0627    98.4458     6.9046     7.2580    34.0252    34.0092    27.2376    27.2271    7.81505 0.0000e+00
      22463    247.858     1.3641     1.3275   2.956680   2.952784     2.4211     2.3930      8.120     0.0020     1.6876 1.0802e-01     0.0630    98.4371     6.9075     7.2576    34.0223    34.0124    27.2349    27.2295    7.81416 0.0000e+00
      22466    247.831     1.3664     1.3305   2.956503   2.953161     2.4203     2.3930      8.120    -0.0029     1.6876 1.0802e-01     0.0627    98.4458     6.9063     7.2568    34.0176    34.0139    27.2310    27.2305    7.81395 0.0000e+00
      22884    247.810     1.3713     1.3572   2.956881   2.955624     2.4236     2.3910      8.120     0.0117     1.6876 1.0802e-01     0.0641    98.4110     6.9109     7.2256    34.0171    34.0164    27.2303    27.2307    7.81298 0.0000e+00
      22887    247.767     1.3711     1.3575   2.956834   2.955757     2.4236     2.3910      8.120     0.0117     1.6876 1.0815e-01     0.0641    98.4110     6.9113     7.2261    34.0167    34.0178    27.2300    27.2318    7.81304 0.0000e+00
      22890    247.720     1.3707     1.3580   2.956714   2.955677     2.4236     2.3906      8.120     0.0117     1.6876 1.0815e-01     0.0641    98.4110     6.9118     7.2262    34.0157    34.0163    27.2291    27.2305    7.81318 0.0000e+00
