Datasets/AZMP/COO001/79001119.cnv
* Sea-Bird SBE 9 Data File:
* FileName = C:\CTDDATA\79001119.hex
* Software Version Seasave V 7.26.7.110
* Temperature SN = 5660
* Conductivity SN = 3698
* Number of Bytes Per Scan = 30
* Number of Voltage Words = 4
* Number of Scans Averaged by the Deck Unit = 1
* NMEA baud rate = 9600
** VESSEL/TRIP/SEQ STN:  79001119
** LATITUDE XX XX.XX N:  47 00.00 N
** LONGITUDE XX XX.XX W:  51 00.00 W
** SOUNDING DEPTH (M):  0110
** PROBE TYPE: S1257
** CTD NUMBER: 079
** COMMENTS (14 CHAR): FC-07
** BOTTLES:  10
** LEVELS: 5,5,10,20,20,30,40,50,75,BTM
** STICKERS: 435603 - 435612
** VNET: Y
** DO2: N
# nquan = 22
# nvalues = 2795                        
# units = specified
# name 0 = scan: Scan Count
# name 1 = prDM: Pressure, Digiquartz [db]
# name 2 = t090C: Temperature [ITS-90, deg C]
# name 3 = t190C: Temperature, 2 [ITS-90, deg C]
# name 4 = c0S/m: Conductivity [S/m]
# name 5 = c1S/m: Conductivity, 2 [S/m]
# name 6 = sbeox0V: Oxygen raw, SBE 43 [V]
# name 7 = sbeox1V: Oxygen raw, SBE 43, 2 [V]
# name 8 = ph: pH
# name 9 = flECO-AFL: Fluorescence, WET Labs ECO-AFL/FL [mg/m^3]
# name 10 = wetCDOM: Fluorescence, WET Labs CDOM [mg/m^3]
# name 11 = par/sat/log: PAR/Logarithmic, Satlantic [umol photons/m^2/sec]
# name 12 = CStarAt0: Beam Attenuation, WET Labs C-Star [1/m]
# name 13 = CStarTr0: Beam Transmission, WET Labs C-Star [%]
# name 14 = sbeox0ML/L: Oxygen, SBE 43 [ml/l], WS = 2
# name 15 = sbeox1ML/L: Oxygen, SBE 43, 2 [ml/l], WS = 2
# name 16 = sal00: Salinity, Practical [PSU]
# name 17 = sal11: Salinity, Practical, 2 [PSU]
# name 18 = sigma-t00: Density [sigma-t, kg/m^3 ]
# name 19 = sigma-t11: Density, 2 [sigma-t, kg/m^3 ]
# name 20 = oxsatML/L: Oxygen Saturation, Weiss [ml/l]
# name 21 = flag: flag
# span 0 =         70,      34540       
# span 1 =      0.486,    100.927       
# span 2 =    -0.7759,     3.1063       
# span 3 =    -0.7908,     3.1076       
# span 4 =   2.675812,   2.938856       
# span 5 =   2.674460,   2.939025       
# span 6 =     2.3944,     2.7721       
# span 7 =     2.3651,     2.7354       
# span 8 =      8.021,      8.166       
# span 9 =     0.0264,     0.7297       
# span 10 =     1.4902,     2.1614      
# span 11 = 1.0777e-01, 3.8400e-01      
# span 12 =     0.0535,     0.2370      
# span 13 =    94.2790,    98.6717      
# span 14 =     6.7137,     7.8746      
# span 15 =     7.4604,     8.3567      
# span 16 =    31.9042,    33.0849      
# span 17 =    32.1226,    33.0874      
# span 18 =    25.4064,    26.5890      
# span 19 =    25.5795,    26.5911      
# span 20 =    7.57045,    8.34050      
# span 21 = 0.0000e+00, 0.0000e+00      
# interval = scans: 3                   
# start_time = Dec 07 2019 22:14:06 [System UTC, header]
# bad_flag = -9.990e-29
*END*
[from data line 593]
       2566     50.109     2.1074     2.1721   2.874955   2.880748     2.6964     2.6638      8.136     0.3487     1.6876 1.0790e-01     0.0864    97.8636     7.5627     8.0442    32.3242    32.3301    25.8205    25.8204    7.75431 0.0000e+00
       2569     50.210     2.0795     2.1108   2.873601   2.876835     2.6944     2.6655      8.136     0.3438     1.6876 1.0790e-01     0.0857    97.8809     7.5644     8.0738    32.3358    32.3440    25.8318    25.8360    7.75926 0.0000e+00
       2572     50.308     2.0570     2.0624   2.872464   2.873942     2.6948     2.6663      8.136     0.3438     1.6876 1.0790e-01     0.0860    97.8723     7.5743     8.0949    32.3446    32.3575    25.8405    25.8504    7.76326 0.0000e+00
       2575     50.408     2.0382     2.0313   2.871591   2.872381     2.6944     2.6667      8.135     0.3390     1.6876 1.0790e-01     0.0843    97.9157     7.5783     8.1055    32.3529    32.3698    25.8485    25.8625    7.76658 0.0000e+00
       2578     50.506     2.0244     2.0130   2.870967   2.871151     2.6935     2.6683      8.135     0.3194     1.7665 1.0790e-01     0.0811    97.9939     7.5781     8.1115    32.3591    32.3731    25.8545    25.8665    7.76899 0.0000e+00
       2581     50.601     2.0091     1.9817   2.869419   2.868493     2.6931     2.6691      8.132     0.3048     1.8060 1.0790e-01     0.0811    97.9939     7.5805     8.1106    32.3555    32.3719    25.8527    25.8679    7.77224 0.0000e+00
       2584     50.694     1.9832     1.9420   2.867269   2.866287     2.6923     2.6691      8.132     0.3048     1.8060 1.0790e-01     0.0818    97.9765     7.5834     8.1041    32.3551    32.3851    25.8543    25.8813    7.77742 0.0000e+00
       2587     50.783     1.9590     1.9181   2.866126   2.865173     2.6923     2.6695      8.132     0.2999     1.8060 1.0802e-01     0.0811    97.9939     7.5892     8.0934    32.3656    32.3956    25.8644    25.8914    7.78171 0.0000e+00
       2590     50.870     1.9410     1.9047   2.865524   2.864100     2.6919     2.6699      8.132     0.2950     1.8060 1.0790e-01     0.0814    97.9852     7.5933     8.0789    32.3766    32.3959    25.8745    25.8926    7.78475 0.0000e+00
       2593     50.954     1.9260     1.8791   2.864377   2.862203     2.6907     2.6703      8.132     0.3048     1.8060 1.0790e-01     0.0818    97.9765     7.5948     8.0691    32.3775    32.3985    25.8763    25.8964    7.78769 0.0000e+00
       2596     51.033     1.9112     1.8493   2.863648   2.859951     2.6911     2.6703      8.132     0.3048     1.8060 1.0790e-01     0.0807    98.0026     7.6012     8.0620    32.3835    32.4008    25.8822    25.9005    7.79033 0.0000e+00
       2599     51.110     1.9002     1.8180   2.863496   2.858335     2.6899     2.6699      8.132     0.2999     1.8060 1.0790e-01     0.0800    98.0200     7.6036     8.0552    32.3928    32.4127    25.8904    25.9122    7.79205 0.0000e+00
       2602     51.181     1.8939     1.8050   2.863589   2.858262     2.6891     2.6695      8.132     0.2999     1.8060 1.0790e-01     0.0800    98.0200     7.6070     8.0460    32.4004    32.4251    25.8970    25.9230    7.79291 0.0000e+00
       2605     51.246     1.8899     1.7991   2.864152   2.857714     2.6891     2.6679      8.132     0.2755     1.8060 1.0790e-01     0.0800    98.0200     7.6118     8.0366    32.4115    32.4242    25.9062    25.9227    7.79313 0.0000e+00
       2608     51.306     1.8976     1.7937   2.867665   2.857537     2.6891     2.6679      8.132     0.2755     1.8060 1.0790e-01     0.0800    98.0200     7.6127     8.0342    32.4474    32.4276    25.9343    25.9258    7.78970 0.0000e+00
       2611     51.361     1.9606     1.7961   2.874329   2.857820     2.6899     2.6675      8.132     0.2657     1.8060 1.0790e-01     0.0800    98.0200     7.6061     8.0256    32.4659    32.4286    25.9447    25.9264    7.77615 0.0000e+00
       2614     51.411     2.0252     1.7957   2.878517   2.857774     2.6887     2.6667      8.132     0.2706     1.8060 1.0790e-01     0.0800    98.0200     7.5962     8.0140    32.4518    32.4284    25.9286    25.9264    7.76400 0.0000e+00
       2617     51.455     2.0830     1.7940   2.882657   2.857601     2.6887     2.6671      8.131     0.2657     1.8060 1.0802e-01     0.0789    98.0460     7.5890     8.0127    32.4440    32.4280    25.9182    25.9261    7.75291 0.0000e+00
       2620     51.494     2.1515     1.7961   2.886037   2.858056     2.6891     2.6667      8.131     0.2657     1.8060 1.0790e-01     0.0789    98.0460     7.5809     8.0072    32.4160    32.4315    25.8906    25.9288    7.74079 0.0000e+00
       2623     51.526     2.2067     1.8057   2.888101   2.859000     2.6899     2.6667      8.131     0.2608     1.8060 1.0790e-01     0.0789    98.0460     7.5799     8.0036    32.3852    32.4334    25.8618    25.9296    7.73147 0.0000e+00
       2626     51.552     2.2481     1.8174   2.889469   2.859720     2.6903     2.6667      8.131     0.2657     1.8060 1.0790e-01     0.0789    98.0460     7.5774     8.0005    32.3599    32.4304    25.8386    25.9264    7.72461 0.0000e+00
       2629     51.575     2.2685     1.8288   2.888850   2.860311     2.6899     2.6663      8.131     0.2608     1.8060 1.0790e-01     0.0789    98.0460     7.5752     7.9919    32.3315    32.4260    25.8143    25.9221    7.72206 0.0000e+00
       2666     51.721     2.1345     1.8893   2.882047   2.864652     2.6899     2.6544      8.131     0.2999     1.9245 1.0790e-01     0.0843    97.9157     7.5241     7.8626    32.3837    32.4182    25.8661    25.9115    7.74584 0.0000e+00
       2672     51.761     2.1712     1.9520   2.882625   2.868246     2.6878     2.6520      8.131     0.2950     1.9245 1.0790e-01     0.0846    97.9070     7.5022     7.8484    32.3534    32.3987    25.8391    25.8914    7.74014 0.0000e+00
       2675     51.793     2.1694     1.9950   2.881114   2.870412     2.6874     2.6508      8.131     0.2999     1.9245 1.0790e-01     0.0843    97.9157     7.5020     7.8457    32.3365    32.3816    25.8257    25.8747    7.74138 0.0000e+00
       2678     51.831     2.1438     2.0136   2.876391   2.871620     2.6850     2.6504      8.131     0.2999     1.9245 1.0790e-01     0.0793    98.0373     7.5015     7.8502    32.3040    32.3776    25.8016    25.8701    7.74815 0.0000e+00
       2681     51.874     2.0901     2.0247   2.872603   2.871781     2.6842     2.6496      8.131     0.2999     1.9245 1.0802e-01     0.0789    98.0460     7.5144     7.8544    32.3117    32.3683    25.8117    25.8618    7.75840 0.0000e+00
       2684     51.925     2.0497     2.0362   2.871334   2.873257     2.6842     2.6492      8.132     0.2804     1.9245 1.0790e-01     0.0789    98.0460     7.5255     7.8560    32.3372    32.3748    25.8351    25.8662    7.76512 0.0000e+00
       2687     51.981     2.0253     2.0491   2.870635   2.874399     2.6830     2.6484      8.132     0.2852     1.9245 1.0802e-01     0.0789    98.0460     7.5299     7.8574    32.3533    32.3758    25.8498    25.8660    7.76913 0.0000e+00
       2690     52.041     2.0048     2.0735   2.869458   2.876622     2.6826     2.6475      8.132     0.2804     1.9245 1.0790e-01     0.0789    98.0460     7.5366     7.8538    32.3596    32.3785    25.8563    25.8664    7.77289 0.0000e+00
       2693     52.108     1.9912     2.1143   2.869456   2.879260     2.6830     2.6471      8.132     0.2755     1.9245 1.0790e-01     0.0789    98.0460     7.5416     7.8500    32.3735    32.3696    25.8684    25.8563    7.77488 0.0000e+00
       2696     52.183     1.9795     2.1452   2.867885   2.881045     2.6813     2.6467      8.132     0.2804     1.9245 1.0790e-01     0.0789    98.0460     7.5421     7.8483    32.3658    32.3601    25.8631    25.8464    7.77761 0.0000e+00
       2699     52.260     1.9463     2.1580   2.863720   2.881420     2.6817     2.6463      8.132     0.2852     1.9245 1.0790e-01     0.0789    98.0460     7.5560     7.8500    32.3478    32.3517    25.8511    25.8387    7.78519 0.0000e+00
       2702     52.346     1.8905     2.1601   2.857776   2.881178     2.6805     2.6459      8.127     0.2755     1.9245 1.0790e-01     0.0789    98.0460     7.5670     7.8542    32.3307    32.3465    25.8414    25.8344    7.79727 0.0000e+00
       2705     52.441     1.8197     2.1611   2.853654   2.881594     2.6809     2.6451      8.129     0.2804     1.9245 1.0790e-01     0.0789    98.0460     7.5851     7.8568    32.3516    32.3505    25.8631    25.8375    7.81037 0.0000e+00
       2708     52.541     1.7734     2.1263   2.852903   2.877471     2.6793     2.6447      8.130     0.2755     1.8850 1.0790e-01     0.0789    98.0460     7.5892     7.8708    32.3898    32.3348    25.8969    25.8276    7.81770 0.0000e+00
       2711     52.647     1.7459     2.0604   2.852174   2.872666     2.6797     2.6443      8.128     0.2462     1.8060 1.0790e-01     0.0789    98.0460     7.5984     7.8901    32.4088    32.3424    25.9141    25.8385    7.82223 0.0000e+00
       2714     52.760     1.7296     1.9402   2.851843   2.862685     2.6797     2.6435      8.128     0.2364     1.8060 1.0790e-01     0.0789    98.0460     7.6025     7.9205    32.4214    32.3409    25.9253    25.8459    7.82486 0.0000e+00
       2717     52.878     1.7189     1.8015   2.851328   2.855727     2.6777     2.6435      8.128     0.2315     1.8060 1.0790e-01     0.0796    98.0287     7.5978     7.9544    32.4258    32.3961    25.9296    25.9000    7.82678 0.0000e+00
       2720     52.997     1.7089     1.7442   2.850818   2.853628     2.6789     2.6435      8.128     0.2364     1.8060 1.0790e-01     0.0796    98.0287     7.6057     7.9722    32.4297    32.4286    25.9334    25.9300    7.82860 0.0000e+00
       2723     53.120     1.7020     1.7199   2.850681   2.852427     2.6777     2.6435      8.128     0.2364     1.8060 1.0790e-01     0.0800    98.0200     7.6031     7.9833    32.4350    32.4385    25.9381    25.9397    7.82970 0.0000e+00
       2726     53.245     1.6983     1.7077   2.850632   2.851735     2.6773     2.6435      8.128     0.2413     1.8060 1.0790e-01     0.0800    98.0200     7.6042     7.9913    32.4382    32.4423    25.9409    25.9435    7.83030 0.0000e+00
       2729     53.372     1.6961     1.7007   2.850594   2.851329     2.6785     2.6435      8.128     0.2315     1.8060 1.0790e-01     0.0800    98.0200     7.6108     7.9972    32.4399    32.4444    25.9424    25.9457    7.83065 0.0000e+00
       2732     53.499     1.6946     1.6959   2.850367   2.850985     2.6773     2.6435      8.128     0.2364     1.8060 1.0790e-01     0.0800    98.0200     7.6090     7.9982    32.4385    32.4448    25.9414    25.9464    7.83102 0.0000e+00
       2735     53.629     1.6909     1.6921   2.850043   2.850659     2.6777     2.6435      8.128     0.2364     1.9245 1.0790e-01     0.0800    98.0200     7.6112     7.9995    32.4381    32.4446    25.9414    25.9465    7.83179 0.0000e+00
       2738     53.755     1.6880     1.6879   2.849854   2.850393     2.6765     2.6435      8.128     0.2559     2.0429 1.0790e-01     0.0821    97.9678     7.6083     7.9991    32.4387    32.4455    25.9420    25.9476    7.83235 0.0000e+00
       2741     53.882     1.6844     1.6841   2.849591   2.850046     2.6756     2.6439      8.128     0.2462     2.0429 1.0790e-01     0.0828    97.9505     7.6074     7.9994    32.4390    32.4451    25.9426    25.9474    7.83306 0.0000e+00
       2744     54.006     1.6810     1.6787   2.849417   2.849740     2.6765     2.6435      8.128     0.2559     2.0429 1.0790e-01     0.0821    97.9678     7.6118     7.9969    32.4402    32.4467    25.9438    25.9491    7.83367 0.0000e+00
       2747     54.125     1.6788     1.6764   2.849344   2.849585     2.6752     2.6435      8.128     0.2462     2.0429 1.0790e-01     0.0821    97.9678     7.6087     7.9937    32.4416    32.4471    25.9449    25.9495    7.83405 0.0000e+00
       2750     54.242     1.6763     1.6718   2.849048   2.849226     2.6761     2.6435      8.128     0.2608     2.0429 1.0790e-01     0.0828    97.9505     7.6119     7.9922    32.4403    32.4472    25.9441    25.9500    7.83462 0.0000e+00
       2753     54.353     1.6720     1.6699   2.848699   2.849211     2.6756     2.6427      8.128     0.2559     2.0429 1.0790e-01     0.0825    97.9591     7.6111     7.9889    32.4403    32.4489    25.9444    25.9515    7.83549 0.0000e+00
       2756     54.457     1.6682     1.6668   2.848596   2.848795     2.6756     2.6423      8.126     0.2511     2.0429 1.0790e-01     0.0821    97.9678     7.6142     7.9880    32.4429    32.4468    25.9468    25.9500    7.83613 0.0000e+00
       2759     54.558     1.6653     1.6602   2.848313   2.848409     2.6748     2.6423      8.128     0.2559     2.0429 1.0790e-01     0.0800    98.0200     7.6124     7.9872    32.4423    32.4487    25.9465    25.9519    7.83675 0.0000e+00
       2762     54.647     1.6620     1.6578   2.848304   2.848370     2.6744     2.6423      8.128     0.2657     2.0034 1.0790e-01     0.0800    98.0200     7.6138     7.9877    32.4455    32.4506    25.9493    25.9537    7.83724 0.0000e+00
       2765     54.730     1.6602     1.6568   2.848421   2.848214     2.6752     2.6423      8.128     0.2706     2.0429 1.0790e-01     0.0800    98.0200     7.6174     7.9880    32.4487    32.4497    25.9520    25.9530    7.83743 0.0000e+00
       2768     54.803     1.6594     1.6543   2.848549   2.847965     2.6748     2.6419      8.128     0.2706     2.0429 1.0790e-01     0.0800    98.0200     7.6173     7.9886    32.4512    32.4491    25.9540    25.9527    7.83747 0.0000e+00
       2771     54.866     1.6613     1.6511   2.849192   2.847783     2.6740     2.6414      8.128     0.2706     2.0429 1.0790e-01     0.0800    98.0200     7.6171     7.9893    32.4572    32.4500    25.9587    25.9536    7.83676 0.0000e+00
       2774     54.925     1.6636     1.6464   2.849747   2.847644     2.6744     2.6414      8.128     0.2657     2.0429 1.0790e-01     0.0800    98.0200     7.6185     7.9942    32.4618    32.4532    25.9622    25.9565    7.83605 0.0000e+00
       2777     54.973     1.6774     1.6435   2.851705   2.847603     2.6732     2.6423      8.126     0.2706     2.0429 1.0790e-01     0.0789    98.0460     7.6135     8.0010    32.4722    32.4556    25.9696    25.9587    7.83272 0.0000e+00
       2780     55.016     1.6984     1.6409   2.853665   2.847542     2.6744     2.6414      8.128     0.2657     2.0429 1.0790e-01     0.0772    98.0895     7.6152     8.0004    32.4751    32.4575    25.9705    25.9603    7.82831 0.0000e+00
       2783     55.051     1.7246     1.6403   2.854737   2.847598     2.6728     2.6410      8.128     0.2657     2.0429 1.0790e-01     0.0768    98.0982     7.6073     7.9996    32.4615    32.4588    25.9578    25.9615    7.82374 0.0000e+00
       2786     55.080     1.7406     1.6465   2.854949   2.847877     2.6740     2.6414      8.128     0.2755     2.0034 1.0790e-01     0.0775    98.0808     7.6091     8.0025    32.4477    32.4558    25.9457    25.9586    7.82125 0.0000e+00
       2805     55.137     1.7544     1.6597   2.855643   2.848655     2.6740     2.6398      8.128     0.2999     1.8455 1.0790e-01     0.0789    98.0461     7.5935     7.9710    32.4422    32.4520    25.9402    25.9547    7.81875 0.0000e+00
       2841     55.221     1.7631     1.6794   2.855567   2.849927     2.6720     2.6374      8.126     0.3048     1.6876 1.0802e-01     0.0832    97.9418     7.5549     7.9084    32.4323    32.4476    25.9317    25.9498    7.81753 0.0000e+00
       2844     55.249     1.7625     1.6771   2.855255   2.849746     2.6716     2.6361      8.128     0.2804     1.6876 1.0802e-01     0.0832    97.9418     7.5530     7.9038    32.4289    32.4477    25.9291    25.9500    7.81783 0.0000e+00
