Datasets/AZMP/COO001/79001064.cnv
* Sea-Bird SBE 9 Data File:
* FileName = C:\CTDDATA\79001064.hex
* Software Version Seasave V 7.26.7.110
* Temperature SN = 5660
* Conductivity SN = 3698
* Number of Bytes Per Scan = 30
* Number of Voltage Words = 4
* Number of Scans Averaged by the Deck Unit = 1
* NMEA baud rate = 9600
** VESSEL/TRIP/SEQ STN:  79001064
** LATITUDE XX XX.XX N:  47 32.80 N
** LONGITUDE XX XX.XX W:  52 35.20 W
** SOUNDING DEPTH (M):  0176
** PROBE TYPE: S1257
** CTD NUMBER: 033
** COMMENTS (14 CHAR): S27-01
** BOTTLES:  20
** LEVELS: 5,5,5,5,10,20,20,20,20,30,40,50,50,50,75,100,100,100,150,BTM
** STICKERS: 435135 - 435154
** VNET: Y
** DO2: N
# nquan = 22
# nvalues = 4440                        
# units = specified
# name 0 = scan: Scan Count
# name 1 = prDM: Pressure, Digiquartz [db]
# name 2 = t090C: Temperature [ITS-90, deg C]
# name 3 = t190C: Temperature, 2 [ITS-90, deg C]
# name 4 = c0S/m: Conductivity [S/m]
# name 5 = c1S/m: Conductivity, 2 [S/m]
# name 6 = sbeox0V: Oxygen raw, SBE 43 [V]
# name 7 = sbeox1V: Oxygen raw, SBE 43, 2 [V]
# name 8 = ph: pH
# name 9 = flECO-AFL: Fluorescence, WET Labs ECO-AFL/FL [mg/m^3]
# name 10 = wetCDOM: Fluorescence, WET Labs CDOM [mg/m^3]
# name 11 = par/sat/log: PAR/Logarithmic, Satlantic [umol photons/m^2/sec]
# name 12 = CStarAt0: Beam Attenuation, WET Labs C-Star [1/m]
# name 13 = CStarTr0: Beam Transmission, WET Labs C-Star [%]
# name 14 = sbeox0ML/L: Oxygen, SBE 43 [ml/l], WS = 2
# name 15 = sbeox1ML/L: Oxygen, SBE 43, 2 [ml/l], WS = 2
# name 16 = sal00: Salinity, Practical [PSU]
# name 17 = sal11: Salinity, Practical, 2 [PSU]
# name 18 = sigma-t00: Density [sigma-t, kg/m^3 ]
# name 19 = sigma-t11: Density, 2 [sigma-t, kg/m^3 ]
# name 20 = oxsatML/L: Oxygen Saturation, Weiss [ml/l]
# name 21 = flag: flag
# span 0 =         11,      50778       
# span 1 =      0.492,    173.708       
# span 2 =    -0.6248,     2.9403       
# span 3 =    -0.6269,     2.9413       
# span 4 =   2.688014,   2.908616       
# span 5 =   2.687524,   2.908749       
# span 6 =     2.4288,     2.7801       
# span 7 =     2.3910,     2.7417       
# span 8 =      8.006,      8.142       
# span 9 =     0.0215,     0.6662       
# span 10 =    -2.8130,   481.1606      
# span 11 = 1.0765e-01, 2.1153e+02      
# span 12 =     0.0821,     0.1852      
# span 13 =    95.4739,    97.9678      
# span 14 =     6.9936,     7.9002      
# span 15 =     7.6422,     8.2437      
# span 16 =    31.9216,    32.8065      
# span 17 =    31.9188,    32.8086      
# span 18 =    25.4333,    26.3623      
# span 19 =    25.4311,    26.3640      
# span 20 =    7.61239,    8.30488      
# span 21 = 0.0000e+00, 0.0000e+00      
# interval = scans: 3                   
# start_time = Nov 30 2019 13:38:47 [System UTC, header]
# bad_flag = -9.990e-29
*END*
[from data line 3885]
      32034     38.967     2.6426     2.6471   2.896031   2.896391     2.7542     2.7102      8.134     0.3829     1.9245 1.1176e+00     0.1003    97.5247     7.6932     8.0506    32.0490    32.0488    25.5593    25.5588    7.66340 0.0000e+00
      32037     38.892     2.6429     2.6491   2.896047   2.896464     2.7534     2.7111      8.134     0.3927     1.9245 1.1241e+00     0.1003    97.5247     7.6918     8.0543    32.0489    32.0478    25.5592    25.5578    7.66335 0.0000e+00
      32040     38.818     2.6428     2.6502   2.896040   2.896490     2.7538     2.7102      8.134     0.3927     1.9245 1.1372e+00     0.1003    97.5247     7.6953     8.0505    32.0490    32.0470    25.5593    25.5571    7.66337 0.0000e+00
      32043     38.752     2.6429     2.6515   2.896047   2.896537     2.7534     2.7102      8.134     0.3878     1.9245 1.1597e+00     0.1003    97.5247     7.6947     8.0509    32.0490    32.0464    25.5593    25.5565    7.66334 0.0000e+00
      32046     38.691     2.6429     2.6524   2.896043   2.896573     2.7534     2.7106      8.134     0.3976     1.9245 1.1691e+00     0.1003    97.5247     7.6956     8.0523    32.0490    32.0460    25.5593    25.5561    7.66334 0.0000e+00
      32049     38.631     2.6430     2.6519   2.896037   2.896529     2.7534     2.7111      8.134     0.3878     1.9245 1.1800e+00     0.1003    97.5247     7.6955     8.0545    32.0489    32.0459    25.5592    25.5561    7.66334 0.0000e+00
      32052     38.579     2.6430     2.6518   2.896065   2.896519     2.7534     2.7106      8.132     0.3927     1.8850 1.1882e+00     0.1003    97.5247     7.6940     8.0540    32.0492    32.0459    25.5595    25.5561    7.66332 0.0000e+00
      32055     38.534     2.6431     2.6520   2.896086   2.896506     2.7546     2.7102      8.132     0.3927     1.8060 1.2119e+00     0.1024    97.4725     7.6973     8.0535    32.0494    32.0456    25.5596    25.5558    7.66328 0.0000e+00
      32058     38.493     2.6432     2.6500   2.896073   2.896371     2.7538     2.7102      8.134     0.3878     1.8060 1.2287e+00     0.1028    97.4638     7.6928     8.0545    32.0491    32.0460    25.5594    25.5563    7.66328 0.0000e+00
      32061     38.459     2.6434     2.6487   2.896095   2.896350     2.7542     2.7111      8.134     0.4171     1.8060 1.2358e+00     0.1028    97.4638     7.6964     8.0584    32.0492    32.0470    25.5594    25.5572    7.66323 0.0000e+00
      32064     38.430     2.6442     2.6482   2.896161   2.896372     2.7542     2.7106      8.134     0.4513     1.8060 1.2430e+00     0.1031    97.4551     7.6959     8.0590    32.0493    32.0478    25.5594    25.5579    7.66308 0.0000e+00
      32487     38.400     2.6498     2.6532   2.896339   2.896619     2.7530     2.7131      8.134     0.4269     1.8850 1.3399e+00     0.1014    97.4986     7.6856     8.0518    32.0458    32.0458    25.5562    25.5559    7.66216 0.0000e+00
      32700     38.353     2.6521     2.6566   2.896434   2.896810     2.7542     2.7139      8.134     0.4171     1.9245 1.3938e+00     0.1003    97.5247     7.6880     8.0475    32.0447    32.0448    25.5551    25.5549    7.66177 0.0000e+00
      32703     38.308     2.6520     2.6576   2.896435   2.896808     2.7554     2.7139      8.134     0.4220     1.9245 1.3873e+00     0.0992    97.5507     7.6914     8.0469    32.0448    32.0438    25.5552    25.5540    7.66179 0.0000e+00
      32706     38.271     2.6521     2.6580   2.896439   2.896819     2.7550     2.7139      8.134     0.4171     1.8850 1.3890e+00     0.0992    97.5507     7.6907     8.0460    32.0448    32.0436    25.5552    25.5537    7.66177 0.0000e+00
      32709     38.240     2.6522     2.6584   2.896442   2.896852     2.7550     2.7139      8.134     0.4171     1.8060 1.3746e+00     0.0992    97.5507     7.6910     8.0439    32.0448    32.0436    25.5552    25.5537    7.66175 0.0000e+00
      34399     38.188     2.6530     2.6523   2.896489   2.896560     2.7575     2.7127      8.134     0.3829     1.9245 1.4939e+00     0.1017    97.4899     7.7023     8.0693    32.0446    32.0461    25.5549    25.5562    7.66161 0.0000e+00
      34402     38.076     2.6531     2.6524   2.896508   2.896560     2.7587     2.7131      8.134     0.3878     1.9245 1.4904e+00     0.1013    97.4986     7.7050     8.0711    32.0447    32.0461    25.5551    25.5562    7.66157 0.0000e+00
      34405     37.956     2.6532     2.6524   2.896481   2.896551     2.7583     2.7139      8.134     0.3927     1.9245 1.5288e+00     0.1013    97.4986     7.7021     8.0758    32.0444    32.0460    25.5547    25.5562    7.66157 0.0000e+00
      34408     37.826     2.6533     2.6524   2.896469   2.896541     2.7574     2.7139      8.134     0.3927     1.9245 1.5466e+00     0.1013    97.4986     7.6988     8.0765    32.0442    32.0460    25.5546    25.5562    7.66157 0.0000e+00
      34411     37.686     2.6532     2.6524   2.896451   2.896514     2.7579     2.7139      8.134     0.3927     1.9245 1.5556e+00     0.1013    97.4986     7.6988     8.0760    32.0441    32.0458    25.5546    25.5559    7.66159 0.0000e+00
      34414     37.549     2.6532     2.6524   2.896466   2.896516     2.7583     2.7139      8.134     0.3878     1.9245 1.5737e+00     0.1013    97.4986     7.6993     8.0754    32.0445    32.0458    25.5548    25.5560    7.66158 0.0000e+00
      34417     37.403     2.6533     2.6524   2.896441   2.896549     2.7575     2.7143      8.134     0.3780     1.9245 1.5938e+00     0.1017    97.4899     7.6959     8.0766    32.0441    32.0463    25.5545    25.5564    7.66157 0.0000e+00
      34420     37.254     2.6532     2.6526   2.896439   2.896526     2.7575     2.7143      8.134     0.3731     1.9245 1.6049e+00     0.1010    97.5073     7.6944     8.0773    32.0442    32.0459    25.5546    25.5561    7.66158 0.0000e+00
      34423     37.103     2.6531     2.6531   2.896423   2.896543     2.7570     2.7139      8.134     0.3780     1.9245 1.6235e+00     0.1013    97.4986     7.6920     8.0752    32.0442    32.0458    25.5547    25.5559    7.66160 0.0000e+00
      34426     36.952     2.6532     2.6539   2.896415   2.896618     2.7579     2.7147      8.134     0.3683     1.9245 1.6367e+00     0.1013    97.4986     7.6940     8.0745    32.0441    32.0460    25.5546    25.5560    7.66159 0.0000e+00
      34429     36.795     2.6532     2.6544   2.896415   2.896599     2.7575     2.7151      8.134     0.3731     1.9245 1.6654e+00     0.1006    97.5160     7.6934     8.0741    32.0442    32.0452    25.5546    25.5553    7.66159 0.0000e+00
      34432     36.642     2.6533     2.6543   2.896441   2.896566     2.7575     2.7147      8.134     0.3780     1.9245 1.6887e+00     0.1013    97.4986     7.6927     8.0717    32.0445    32.0451    25.5549    25.5553    7.66155 0.0000e+00
      34435     36.490     2.6534     2.6541   2.896441   2.896562     2.7566     2.7151      8.134     0.3634     1.9245 1.7043e+00     0.1010    97.5073     7.6884     8.0728    32.0445    32.0452    25.5548    25.5554    7.66153 0.0000e+00
      34438     36.345     2.6538     2.6548   2.896463   2.896611     2.7562     2.7151      8.134     0.3780     1.9245 1.7103e+00     0.1013    97.4986     7.6866     8.0706    32.0445    32.0452    25.5548    25.5553    7.66146 0.0000e+00
      34441     36.204     2.6539     2.6555   2.896456   2.896672     2.7566     2.7151      8.134     0.3780     1.9245 1.7422e+00     0.1013    97.4986     7.6885     8.0668    32.0443    32.0454    25.5547    25.5554    7.66145 0.0000e+00
      34444     36.067     2.6543     2.6595   2.896505   2.896929     2.7566     2.7151      8.134     0.3878     1.9245 1.7584e+00     0.1013    97.4986     7.6877     8.0634    32.0446    32.0445    25.5549    25.5544    7.66136 0.0000e+00
      34447     35.940     2.6551     2.6636   2.896579   2.897110     2.7566     2.7151      8.134     0.3927     1.9245 1.7706e+00     0.1013    97.4986     7.6877     8.0600    32.0448    32.0428    25.5549    25.5527    7.66119 0.0000e+00
      34450     35.821     2.6563     2.6659   2.896639   2.897221     2.7566     2.7151      8.134     0.3927     1.9245 1.7829e+00     0.1013    97.4986     7.6875     8.0569    32.0444    32.0419    25.5545    25.5518    7.66097 0.0000e+00
      34453     35.710     2.6570     2.6692   2.896651   2.897426     2.7558     2.7151      8.134     0.3927     1.9245 1.7933e+00     0.1013    97.4986     7.6871     8.0558    32.0438    32.0411    25.5540    25.5509    7.66086 0.0000e+00
      34456     35.608     2.6574     2.6729   2.896621   2.897616     2.7558     2.7151      8.134     0.3927     1.9245 1.8100e+00     0.1013    97.4986     7.6883     8.0528    32.0431    32.0398    25.5534    25.5495    7.66082 0.0000e+00
      34459     35.516     2.6577     2.6749   2.896638   2.897652     2.7558     2.7155      8.134     0.3878     1.9245 1.8183e+00     0.1024    97.4725     7.6898     8.0519    32.0432    32.0383    25.5534    25.5482    7.66077 0.0000e+00
      34462     35.435     2.6580     2.6758   2.896666   2.897693     2.7558     2.7151      8.134     0.3927     1.9245 1.8310e+00     0.1024    97.4725     7.6899     8.0507    32.0432    32.0379    25.5535    25.5478    7.66071 0.0000e+00
      34465     35.361     2.6587     2.6763   2.896710   2.897714     2.7554     2.7143      8.134     0.3878     1.9245 1.8437e+00     0.1024    97.4725     7.6891     8.0467    32.0430    32.0377    25.5533    25.5476    7.66057 0.0000e+00
      34468     35.299     2.6595     2.6763   2.896746   2.897690     2.7554     2.7147      8.134     0.3976     1.9245 1.8544e+00     0.1024    97.4725     7.6910     8.0481    32.0427    32.0374    25.5530    25.5474    7.66044 0.0000e+00
      34471     35.244     2.6597     2.6758   2.896738   2.897640     2.7558     2.7151      8.134     0.4122     1.9245 1.8566e+00     0.1024    97.4725     7.6931     8.0487    32.0425    32.0373    25.5527    25.5474    7.66041 0.0000e+00
      34474     35.199     2.6595     2.6741   2.896667   2.897563     2.7558     2.7151      8.134     0.4171     1.9245 1.8695e+00     0.1024    97.4725     7.6942     8.0495    32.0418    32.0382    25.5522    25.5482    7.66048 0.0000e+00
      34477     35.162     2.6580     2.6730   2.896519   2.897459     2.7562     2.7147      8.134     0.4171     1.9245 1.8781e+00     0.1024    97.4725     7.6970     8.0477    32.0415    32.0380    25.5521    25.5481    7.66079 0.0000e+00
      34480     35.130     2.6563     2.6710   2.896422   2.897371     2.7554     2.7143      8.134     0.4171     1.9245 1.8868e+00     0.1038    97.4377     7.6959     8.0465    32.0421    32.0390    25.5527    25.5490    7.66110 0.0000e+00
      34483     35.105     2.6549     2.6693   2.896405   2.897288     2.7562     2.7147      8.134     0.4220     1.9245 1.8890e+00     0.1042    97.4291     7.7002     8.0484    32.0433    32.0396    25.5538    25.5497    7.66130 0.0000e+00
      34533     35.000     2.6577     2.6702   2.896591   2.897322     2.7583     2.7139      8.134     0.4220     1.9245 2.0341e+00     0.1003    97.5247     7.7119     8.0238    32.0429    32.0392    25.5532    25.5493    7.66079 0.0000e+00
      34536     34.973     2.6568     2.6693   2.896520   2.897293     2.7579     2.7127      8.134     0.4220     1.9245 2.0506e+00     0.1003    97.5247     7.7096     8.0148    32.0429    32.0398    25.5533    25.5498    7.66096 0.0000e+00
      34539     34.940     2.6567     2.6695   2.896553   2.897316     2.7583     2.7131      8.134     0.4171     2.0034 2.0697e+00     0.1003    97.5247     7.7099     8.0135    32.0434    32.0399    25.5537    25.5499    7.66094 0.0000e+00
      34542     34.901     2.6571     2.6696   2.896577   2.897338     2.7587     2.7127      8.134     0.4171     2.0429 2.0865e+00     0.1003    97.5247     7.7093     8.0111    32.0433    32.0401    25.5536    25.5500    7.66087 0.0000e+00
      34545     34.857     2.6572     2.6698   2.896558   2.897327     2.7579     2.7127      8.134     0.4171     2.0429 2.1132e+00     0.0999    97.5334     7.7054     8.0092    32.0429    32.0397    25.5533    25.5498    7.66087 0.0000e+00
      34548     34.809     2.6572     2.6701   2.896560   2.897331     2.7591     2.7127      8.134     0.3975     2.0429 2.1304e+00     0.1003    97.5247     7.7085     8.0086    32.0430    32.0395    25.5534    25.5495    7.66087 0.0000e+00
      34551     34.755     2.6570     2.6700   2.896540   2.897338     2.7579     2.7114      8.134     0.3878     2.0429 2.1601e+00     0.1003    97.5247     7.7021     8.0044    32.0430    32.0398    25.5533    25.5498    7.66090 0.0000e+00
      34554     34.693     2.6572     2.6700   2.896560   2.897330     2.7583     2.7114      8.134     0.3829     2.0429 2.1853e+00     0.1003    97.5247     7.7029     8.0059    32.0431    32.0397    25.5534    25.5497    7.66087 0.0000e+00
      34557     34.626     2.6571     2.6703   2.896546   2.897363     2.7587     2.7106      8.134     0.3927     2.0429 2.2132e+00     0.1003    97.5247     7.7034     8.0066    32.0431    32.0399    25.5534    25.5498    7.66089 0.0000e+00
      34560     34.559     2.6571     2.6706   2.896559   2.897367     2.7583     2.7106      8.134     0.3927     2.0429 2.2442e+00     0.1010    97.5073     7.7021     8.0095    32.0432    32.0396    25.5536    25.5496    7.66087 0.0000e+00
      34563     34.486     2.6571     2.6713   2.896564   2.897399     2.7583     2.7102      8.134     0.3829     2.0429 2.2677e+00     0.1013    97.4986     7.7022     8.0105    32.0434    32.0393    25.5536    25.5493    7.66087 0.0000e+00
      34566     34.406     2.6573     2.6715   2.896567   2.897393     2.7587     2.7102      8.134     0.3927     2.0429 2.2914e+00     0.1013    97.4986     7.7043     8.0148    32.0432    32.0391    25.5535    25.5491    7.66084 0.0000e+00
      34569     34.327     2.6574     2.6710   2.896561   2.897383     2.7579     2.7102      8.134     0.3927     2.0429 2.3207e+00     0.1013    97.4986     7.7029     8.0209    32.0431    32.0395    25.5534    25.5495    7.66083 0.0000e+00
      34572     34.240     2.6577     2.6719   2.896601   2.897456     2.7579     2.7102      8.134     0.3878     2.0429 2.3422e+00     0.1013    97.4986     7.7022     8.0289    32.0433    32.0395    25.5536    25.5494    7.66075 0.0000e+00
      34575     34.152     2.6580     2.6714   2.896603   2.897336     2.7583     2.7098      8.134     0.3878     2.0429 2.3613e+00     0.1013    97.4986     7.7034     8.0353    32.0431    32.0386    25.5534    25.5487    7.66071 0.0000e+00
      34578     34.059     2.6578     2.6708   2.896548   2.897372     2.7591     2.7102      8.134     0.3927     2.0429 2.3777e+00     0.1017    97.4899     7.7032     8.0430    32.0427    32.0397    25.5531    25.5497    7.66077 0.0000e+00
      34581     33.967     2.6577     2.6751   2.896542   2.897669     2.7579     2.7102      8.134     0.3878     2.0429 2.3943e+00     0.1042    97.4291     7.7008     8.0472    32.0427    32.0391    25.5531    25.5489    7.66079 0.0000e+00
      34584     33.872     2.6575     2.6787   2.896549   2.897770     2.7587     2.7098      8.134     0.3878     2.0429 2.4221e+00     0.1045    97.4204     7.7042     8.0501    32.0431    32.0367    25.5534    25.5466    7.66081 0.0000e+00
      34587     33.775     2.6574     2.6805   2.896516   2.897812     2.7591     2.7102      8.134     0.3927     2.0429 2.4305e+00     0.1045    97.4204     7.7059     8.0560    32.0428    32.0355    25.5532    25.5455    7.66084 0.0000e+00
      34590     33.679     2.6574     2.6795   2.896541   2.897679     2.7591     2.7102      8.134     0.3878     2.0429 2.4390e+00     0.1045    97.4204     7.7060     8.0597    32.0432    32.0349    25.5535    25.5451    7.66082 0.0000e+00
