Datasets/AZMP/COO001/79001073.cnv
* Sea-Bird SBE 9 Data File:
* FileName = C:\CTDDATA\79001073.hex
* Software Version Seasave V 7.26.7.110
* Temperature SN = 5660
* Conductivity SN = 3698
* Number of Bytes Per Scan = 30
* Number of Voltage Words = 4
* Number of Scans Averaged by the Deck Unit = 1
** VESSEL/TRIP/SEQ STN:  79001073
** LATITUDE XX XX.XX N:  48 15.29 N
** LONGITUDE XX XX.XX W:  53 25.69 W
** SOUNDING DEPTH (M):  0324
** PROBE TYPE: S1257
** CTD NUMBER: 040
** COMMENTS (14 CHAR): SS-01
** BOTTLES:  20
** LEVELS: 5,5,5,5,10,10,20,20,20,20,30,40,50,50,50,75,100,100,150,BTM
** STICKERS: 435187 - 435206
** VNET: Y
** DO2: N
** Sampled 400m away from planned lat/long because of underwire cables
# nquan = 22
# nvalues = 8997                        
# units = specified
# name 0 = scan: Scan Count
# name 1 = prDM: Pressure, Digiquartz [db]
# name 2 = t090C: Temperature [ITS-90, deg C]
# name 3 = t190C: Temperature, 2 [ITS-90, deg C]
# name 4 = c0S/m: Conductivity [S/m]
# name 5 = c1S/m: Conductivity, 2 [S/m]
# name 6 = sbeox0V: Oxygen raw, SBE 43 [V]
# name 7 = sbeox1V: Oxygen raw, SBE 43, 2 [V]
# name 8 = ph: pH
# name 9 = flECO-AFL: Fluorescence, WET Labs ECO-AFL/FL [mg/m^3]
# name 10 = wetCDOM: Fluorescence, WET Labs CDOM [mg/m^3]
# name 11 = par/sat/log: PAR/Logarithmic, Satlantic [umol photons/m^2/sec]
# name 12 = CStarAt0: Beam Attenuation, WET Labs C-Star [1/m]
# name 13 = CStarTr0: Beam Transmission, WET Labs C-Star [%]
# name 14 = sbeox0ML/L: Oxygen, SBE 43 [ml/l], WS = 2
# name 15 = sbeox1ML/L: Oxygen, SBE 43, 2 [ml/l], WS = 2
# name 16 = sal00: Salinity, Practical [PSU]
# name 17 = sal11: Salinity, Practical, 2 [PSU]
# name 18 = sigma-t00: Density [sigma-t, kg/m^3 ]
# name 19 = sigma-t11: Density, 2 [sigma-t, kg/m^3 ]
# name 20 = oxsatML/L: Oxygen Saturation, Weiss [ml/l]
# name 21 = flag: flag
# span 0 =        150,      68797       
# span 1 =      0.135,    308.299       
# span 2 =    -0.6156,     3.4927       
# span 3 =    -0.6251,     3.4956       
# span 4 =   2.691151,   2.932642       
# span 5 =   2.690408,   2.933320       
# span 6 =     2.1393,     2.7675       
# span 7 =     2.1056,     2.7180       
# span 8 =      7.952,      8.167       
# span 9 =     0.0068,     0.7394       
# span 10 =    -1.5891,     2.3982      
# span 11 = 1.0752e-01, 2.2286e+00      
# span 12 =     0.0789,     0.3347      
# span 13 =    91.9719,    98.0460      
# span 14 =     6.0374,     7.7308      
# span 15 =     6.2840,     7.9948      
# span 16 =    31.6193,    33.7128      
# span 17 =    30.0617,    33.7163      
# span 18 =    25.1465,    27.0175      
# span 19 =    23.9069,    27.0202      
# span 20 =    7.52137,    8.30594      
# span 21 = 0.0000e+00, 0.0000e+00      
# interval = scans: 3                   
# start_time = Dec 01 2019 07:00:01 [System UTC, header]
# bad_flag = -9.990e-29
*END*
[from data line 6321]
      25851    152.055    -0.1017     0.0831   2.720748   2.732483     2.5297     2.4734      8.068     0.0410     1.9245 1.0790e-01     0.0928    97.7071     7.6046     7.8061    32.5971    32.5548    26.1713    26.1286    8.20042 0.0000e+00
      25854    152.022    -0.1022     0.0825   2.720848   2.732387     2.5288     2.4738      8.068     0.0410     1.9245 1.0790e-01     0.0928    97.7071     7.5986     7.8080    32.5989    32.5542    26.1728    26.1281    8.20043 0.0000e+00
      25857    151.992    -0.1002     0.0804   2.721165   2.732123     2.5297     2.4738      8.068     0.0410     1.9245 1.0790e-01     0.0924    97.7158     7.5993     7.8094    32.6010    32.5530    26.1744    26.1273    8.19987 0.0000e+00
      25860    151.963    -0.0970     0.0762   2.721256   2.732093     2.5292     2.4738      8.066     0.0459     1.9245 1.0790e-01     0.0928    97.7071     7.5986     7.8109    32.5988    32.5571    26.1724    26.1308    8.19929 0.0000e+00
      25863    151.930    -0.0996     0.0791   2.720395   2.732343     2.5297     2.4730      8.068     0.0410     1.9245 1.0790e-01     0.0935    97.6898     7.6007     7.8061    32.5902    32.5573    26.1657    26.1308    8.20034 0.0000e+00
      25866    151.895    -0.1047     0.0829   2.720534   2.732486     2.5301     2.4738      8.068     0.0410     1.9245 1.0790e-01     0.0935    97.6898     7.6041     7.8070    32.5975    32.5552    26.1717    26.1290    8.20105 0.0000e+00
      25869    151.864    -0.1002     0.0838   2.721697   2.732487     2.5292     2.4738      8.064     0.0410     1.9245 1.0790e-01     0.0935    97.6898     7.5985     7.8031    32.6081    32.5542    26.1800    26.1281    8.19947 0.0000e+00
      25872    151.835    -0.0864     0.0836   2.722587   2.732453     2.5301     2.4738      8.064     0.0459     1.9245 1.0790e-01     0.0935    97.6898     7.5976     7.7989    32.6051    32.5541    26.1770    26.1280    8.19661 0.0000e+00
      25918    151.573    -0.1337     0.0852   2.716792   2.732420     2.5325     2.4714      8.063     0.0410     2.0429 1.0790e-01     0.0913    97.7419     7.6253     7.8265    32.5792    32.5521    26.1582    26.1263    8.20843 0.0000e+00
      25923    151.539    -0.1481     0.0845   2.717720   2.732383     2.5321     2.4714      8.063     0.0410     2.0429 1.0790e-01     0.0935    97.6898     7.6245     7.8299    32.6069    32.5524    26.1812    26.1266    8.21004 0.0000e+00
      25929    151.498    -0.1581     0.0837   2.716589   2.732362     2.5325     2.4718      8.061     0.0410     2.0429 1.0790e-01     0.0938    97.6811     7.6273     7.8374    32.6026    32.5529    26.1783    26.1271    8.21248 0.0000e+00
      25932    151.476    -0.1651     0.0837   2.716442   2.732366     2.5321     2.4726      8.061     0.0410     2.0429 1.0790e-01     0.0931    97.6984     7.6283     7.8407    32.6082    32.5530    26.1831    26.1272    8.21371 0.0000e+00
      25935    151.454    -0.1695     0.0842   2.716155   2.732400     2.5321     2.4726      8.063     0.0410     2.0034 1.0790e-01     0.0938    97.6811     7.6285     7.8385    32.6091    32.5530    26.1840    26.1271    8.21462 0.0000e+00
      25938    151.432    -0.1774     0.0843   2.715223   2.732461     2.5333     2.4726      8.061     0.0410     1.9245 1.0790e-01     0.0935    97.6898     7.6355     7.8399    32.6052    32.5536    26.1812    26.1276    8.21658 0.0000e+00
      25941    151.408    -0.1875     0.0846   2.714402   2.732466     2.5325     2.4726      8.061     0.0410     1.9245 1.0790e-01     0.0935    97.6898     7.6332     7.8387    32.6051    32.5534    26.1816    26.1274    8.21879 0.0000e+00
      25944    151.382    -0.1953     0.0847   2.714125   2.732445     2.5333     2.4726      8.063     0.0459     1.9245 1.0790e-01     0.0917    97.7332     7.6379     7.8378    32.6098    32.5530    26.1857    26.1271    8.22025 0.0000e+00
      25947    151.358    -0.2001     0.0847   2.714385   2.732439     2.5333     2.4726      8.061     0.0410     1.9245 1.0790e-01     0.0917    97.7332     7.6387     7.8364    32.6184    32.5530    26.1928    26.1271    8.22081 0.0000e+00
      25950    151.331    -0.2021     0.0849   2.714079   2.732450     2.5329     2.4735      8.060     0.0410     1.9245 1.0790e-01     0.0913    97.7419     7.6376     7.8379    32.6165    32.5529    26.1913    26.1270    8.22136 0.0000e+00
      25953    151.305    -0.2049     0.0855   2.713856   2.732454     2.5341     2.4730      8.060     0.0410     1.9245 1.0790e-01     0.0910    97.7506     7.6403     7.8336    32.6166    32.5523    26.1916    26.1265    8.22198 0.0000e+00
      25956    151.276    -0.2103     0.0858   2.713445   2.732445     2.5346     2.4726      8.060     0.0459     1.9245 1.0790e-01     0.0913    97.7419     7.6441     7.8342    32.6170    32.5519    26.1921    26.1262    8.22315 0.0000e+00
      25959    151.247    -0.2141     0.0857   2.713748   2.732441     2.5325     2.4735      8.058     0.0410     1.9245 1.0790e-01     0.0910    97.7506     7.6343     7.8409    32.6250    32.5520    26.1987    26.1263    8.22353 0.0000e+00
      25962    151.216    -0.2035     0.0859   2.715043   2.732413     2.5337     2.4735      8.058     0.0410     1.9245 1.0790e-01     0.0917    97.7332     7.6344     7.8436    32.6308    32.5515    26.2030    26.1258    8.22086 0.0000e+00
      25965    151.183    -0.1956     0.0853   2.715579   2.732387     2.5333     2.4730      8.060     0.0459     1.9245 1.0790e-01     0.0917    97.7332     7.6281     7.8441    32.6295    32.5517    26.2016    26.1261    8.21920 0.0000e+00
      25968    151.148    -0.1820     0.0851   2.716929   2.732402     2.5337     2.4739      8.060     0.0508     1.9245 1.0790e-01     0.0917    97.7332     7.6250     7.8485    32.6329    32.5522    26.2037    26.1264    8.21603 0.0000e+00
      25971    151.115    -0.1579     0.0855   2.718286   2.732467     2.5350     2.4735      8.060     0.0459     1.9245 1.0790e-01     0.0917    97.7332     7.6255     7.8451    32.6251    32.5526    26.1964    26.1267    8.21117 0.0000e+00
      25974    151.078    -0.1397     0.0875   2.718979   2.732686     2.5333     2.4739      8.058     0.0459     1.9245 1.0790e-01     0.0917    97.7332     7.6156     7.8462    32.6148    32.5534    26.1873    26.1272    8.20776 0.0000e+00
      25977    151.043    -0.1307     0.0898   2.719130   2.732850     2.5333     2.4739      8.058     0.0557     1.9245 1.0790e-01     0.0917    97.7332     7.6127     7.8464    32.6072    32.5532    26.1807    26.1270    8.20621 0.0000e+00
      25980    151.010    -0.1264     0.0915   2.719831   2.732899     2.5346     2.4751      8.060     0.0557     1.9245 1.0790e-01     0.0921    97.7245     7.6191     7.8490    32.6119    32.5520    26.1844    26.1260    8.20500 0.0000e+00
      25983    150.975    -0.1191     0.0929   2.720188   2.733040     2.5337     2.4747      8.060     0.0557     1.9245 1.0790e-01     0.0931    97.6984     7.6152     7.8437    32.6088    32.5524    26.1815    26.1262    8.20356 0.0000e+00
      25986    150.937    -0.1115     0.0948   2.720207   2.733190     2.5333     2.4751      8.058     0.0557     1.9245 1.0790e-01     0.0938    97.6811     7.6126     7.8443    32.6010    32.5523    26.1748    26.1260    8.20234 0.0000e+00
      25989    150.899    -0.1081     0.0974   2.720245   2.733410     2.5329     2.4751      8.058     0.0557     1.9245 1.0790e-01     0.0938    97.6811     7.6113     7.8423    32.5979    32.5525    26.1722    26.1260    8.20177 0.0000e+00
      25992    150.857    -0.1107     0.1006   2.720176   2.733519     2.5341     2.4751      8.060     0.0557     1.9245 1.0790e-01     0.0938    97.6811     7.6174     7.8382    32.5998    32.5505    26.1738    26.1243    8.20223 0.0000e+00
      25995    150.815    -0.1094     0.1042   2.720257   2.733596     2.5341     2.4747      8.058     0.0557     1.9245 1.0790e-01     0.0938    97.6811     7.6201     7.8348    32.5995    32.5478    26.1736    26.1220    8.20197 0.0000e+00
      25998    150.773    -0.1050     0.1059   2.720506   2.733615     2.5346     2.4751      8.060     0.0557     1.9245 1.0790e-01     0.0938    97.6811     7.6253     7.8357    32.5982    32.5463    26.1723    26.1207    8.20109 0.0000e+00
      26001    150.728    -0.1011     0.1072   2.720685   2.733719     2.5337     2.4751      8.058     0.0459     1.9245 1.0790e-01     0.0938    97.6811     7.6220     7.8355    32.5964    32.5462    26.1706    26.1206    8.20033 0.0000e+00
      26004    150.683    -0.1001     0.1075   2.720695   2.733669     2.5346     2.4751      8.058     0.0410     1.9245 1.0790e-01     0.0924    97.7158     7.6265     7.8392    32.5955    32.5453    26.1699    26.1198    8.20016 0.0000e+00
      26007    150.635    -0.0956     0.1083   2.721217   2.733762     2.5346     2.4751      8.060     0.0410     1.9245 1.0790e-01     0.0917    97.7332     7.6267     7.8454    32.5976    32.5457    26.1714    26.1200    8.19906 0.0000e+00
      26010    150.590    -0.0915     0.1099   2.721227   2.733838     2.5350     2.4751      8.060     0.0410     1.9245 1.0790e-01     0.0917    97.7332     7.6278     7.8520    32.5933    32.5450    26.1678    26.1195    8.19839 0.0000e+00
      26013    150.539    -0.0919     0.1105   2.721152   2.733858     2.5350     2.4755      8.058     0.0410     1.9245 1.0790e-01     0.0917    97.7332     7.6265     7.8627    32.5928    32.5447    26.1674    26.1191    8.19851 0.0000e+00
      26016    150.485    -0.0914     0.1112   2.721616   2.733893     2.5354     2.4755      8.058     0.0410     2.0429 1.0790e-01     0.0917    97.7332     7.6266     7.8694    32.5984    32.5444    26.1718    26.1189    8.19808 0.0000e+00
      26019    150.428    -0.0824     0.1120   2.723211   2.733925     2.5358     2.4759      8.058     0.0410     2.0429 1.0790e-01     0.0917    97.7332     7.6255     7.8758    32.6099    32.5440    26.1807    26.1186    8.19547 0.0000e+00
      26022    150.371    -0.0635     0.1124   2.724663   2.733948     2.5362     2.4763      8.058     0.0410     2.0034 1.0790e-01     0.0921    97.7245     7.6226     7.8822    32.6089    32.5440    26.1790    26.1185    8.19138 0.0000e+00
      26025    150.312    -0.0470     0.1129   2.725015   2.733989     2.5362     2.4767      8.058     0.0410     2.0429 1.0790e-01     0.0917    97.7332     7.6178     7.8832    32.5960    32.5440    26.1679    26.1185    8.18851 0.0000e+00
      26028    150.252    -0.0393     0.1133   2.725099   2.734007     2.5358     2.4775      8.059     0.0410     2.0429 1.0790e-01     0.0917    97.7332     7.6137     7.8838    32.5890    32.5438    26.1619    26.1183    8.18723 0.0000e+00
      26031    150.192    -0.0406     0.1138   2.724024   2.733985     2.5358     2.4779      8.061     0.0410     2.0429 1.0790e-01     0.0917    97.7332     7.6123     7.8811    32.5762    32.5431    26.1516    26.1177    8.18821 0.0000e+00
      26034    150.130    -0.0467     0.1107   2.723793   2.733359     2.5366     2.4787      8.059     0.0410     2.0429 1.0790e-01     0.0917    97.7332     7.6148     7.8794    32.5797    32.5382    26.1547    26.1139    8.18935 0.0000e+00
      26037    150.064    -0.0521     0.0972   2.723175   2.732649     2.5362     2.4796      8.058     0.0410     2.0429 1.0790e-01     0.0917    97.7332     7.6136     7.8792    32.5773    32.5432    26.1531    26.1186    8.19067 0.0000e+00
      26040    149.998    -0.0565     0.0952   2.723073   2.732931     2.5370     2.4791      8.058     0.0410     2.0429 1.0790e-01     0.0917    97.7332     7.6154     7.8697    32.5807    32.5491    26.1560    26.1234    8.19144 0.0000e+00
      26043    149.935    -0.0616     0.0941   2.722582   2.732794     2.5362     2.4796      8.060     0.0410     2.0429 1.0790e-01     0.0931    97.6984     7.6149     7.8628    32.5798    32.5484    26.1554    26.1230    8.19262 0.0000e+00
      26046    149.866    -0.0643     0.0956   2.722853   2.732957     2.5370     2.4796      8.060     0.0459     2.0429 1.0790e-01     0.0985    97.5681     7.6186     7.8528    32.5863    32.5491    26.1608    26.1234    8.19284 0.0000e+00
      26049    149.796    -0.0687     0.0984   2.722265   2.733156     2.5362     2.4787      8.061     0.0410     2.0429 1.0790e-01     0.0985    97.5681     7.6160     7.8396    32.5832    32.5488    26.1585    26.1230    8.19397 0.0000e+00
      26052    149.726    -0.0744     0.1056   2.721805   2.733799     2.5374     2.4787      8.063     0.0410     2.0429 1.0790e-01     0.0985    97.5681     7.6215     7.8319    32.5832    32.5496    26.1589    26.1233    8.19521 0.0000e+00
      26055    149.657    -0.0780     0.1122   2.721908   2.734144     2.5362     2.4787      8.061     0.0410     2.0429 1.0790e-01     0.0981    97.5768     7.6162     7.8260    32.5885    32.5471    26.1632    26.1210    8.19571 0.0000e+00
      26058    149.587    -0.0757     0.1170   2.722507   2.734384     2.5370     2.4787      8.060     0.0410     2.0429 1.0790e-01     0.0985    97.5681     7.6172     7.8220    32.5939    32.5452    26.1675    26.1193    8.19489 0.0000e+00
      26061    149.518    -0.0708     0.1206   2.722529   2.734658     2.5366     2.4787      8.061     0.0410     2.0429 1.0790e-01     0.0981    97.5768     7.6143     7.8223    32.5890    32.5450    26.1634    26.1190    8.19409 0.0000e+00
      26064    149.448    -0.0762     0.1247   2.721394   2.734927     2.5374     2.4787      8.061     0.0410     2.0429 1.0790e-01     0.0949    97.6550     7.6185     7.8230    32.5799    32.5442    26.1562    26.1181    8.19580 0.0000e+00
      26067    149.373    -0.0860     0.1275   2.721029   2.735104     2.5378     2.4787      8.061     0.0410     1.9640 1.0790e-01     0.0910    97.7506     7.6215     7.8243    32.5856    32.5437    26.1613    26.1175    8.19763 0.0000e+00
      26070    149.303    -0.0810     0.1296   2.723430   2.735208     2.5374     2.4779      8.061     0.0410     1.9245 1.0790e-01     0.0913    97.7419     7.6160     7.8256    32.6120    32.5429    26.1824    26.1168    8.19505 0.0000e+00
      26073    149.233    -0.0626     0.1314   2.725283   2.735294     2.5366     2.4787      8.063     0.0410     1.9245 1.0790e-01     0.0906    97.7593     7.6069     7.8298    32.6167    32.5421    26.1854    26.1160    8.19075 0.0000e+00
      26076    149.166    -0.0299     0.1324   2.727989   2.735369     2.5374     2.4787      8.060     0.0410     1.9245 1.0790e-01     0.0910    97.7506     7.5997     7.8295    32.6176    32.5420    26.1846    26.1160    8.18356 0.0000e+00
      26079    149.105    -0.0031     0.1335   2.729017   2.735415     2.5370     2.4787      8.062     0.0410     1.9245 1.0790e-01     0.0913    97.7419     7.5897     7.8292    32.6026    32.5415    26.1712    26.1154    8.17855 0.0000e+00
      26082    149.046     0.0085     0.1343   2.729062   2.735480     2.5374     2.4787      8.062     0.0410     1.9245 1.0790e-01     0.0913    97.7419     7.5859     7.8289    32.5910    32.5416    26.1613    26.1155    8.17668 0.0000e+00
      26085    148.997     0.0113     0.1350   2.728256   2.735506     2.5370     2.4791      8.062     0.0410     1.9245 1.0790e-01     0.0928    97.7071     7.5824     7.8304    32.5773    32.5412    26.1502    26.1152    8.17682 0.0000e+00
      28377    148.965     0.0901     0.1366   2.732401   2.735578     2.5399     2.4950      8.071     0.0410     1.9245 1.0790e-01     0.0931    97.6984     7.5865     7.8873    32.5482    32.5404    26.1229    26.1145    8.16133 0.0000e+00
      29524    148.940     0.1278     0.1382   2.734732   2.735623     2.5420     2.5024      8.076     0.0410     1.9245 1.0790e-01     0.0928    97.7071     7.5937     7.9135    32.5387    32.5393    26.1135    26.1135    8.15365 0.0000e+00
