Datasets/AZMP/COO001/79001054.cnv
* Sea-Bird SBE 9 Data File:
* FileName = C:\CTDDATA\79001054.hex
* Software Version Seasave V 7.26.7.110
* Temperature SN = 5660
* Conductivity SN = 3698
* Number of Bytes Per Scan = 30
* Number of Voltage Words = 4
* Number of Scans Averaged by the Deck Unit = 1
* NMEA baud rate = 9600
** VESSEL/TRIP/SEQ STN:  79001054
** LATITUDE XX XX.XX N:  47 00.00 N
** LONGITUDE XX XX.XX W:  45 30.00 W
** SOUNDING DEPTH (M):  0257
** PROBE TYPE: S1257
** CTD NUMBER: 029
** COMMENTS (14 CHAR): FC-23
** BOTTLES:  20
** LEVELS: 5,5,5,5,10,20,20,20,20,30,40,50,50,50,75,100,100,100,150,BTM
** STICKERS: 435046 - 435065
** VNET: Y
** DO2: N
# nquan = 22
# nvalues = 6642                        
# units = specified
# name 0 = scan: Scan Count
# name 1 = prDM: Pressure, Digiquartz [db]
# name 2 = t090C: Temperature [ITS-90, deg C]
# name 3 = t190C: Temperature, 2 [ITS-90, deg C]
# name 4 = c0S/m: Conductivity [S/m]
# name 5 = c1S/m: Conductivity, 2 [S/m]
# name 6 = sbeox0V: Oxygen raw, SBE 43 [V]
# name 7 = sbeox1V: Oxygen raw, SBE 43, 2 [V]
# name 8 = ph: pH
# name 9 = flECO-AFL: Fluorescence, WET Labs ECO-AFL/FL [mg/m^3]
# name 10 = wetCDOM: Fluorescence, WET Labs CDOM [mg/m^3]
# name 11 = par/sat/log: PAR/Logarithmic, Satlantic [umol photons/m^2/sec]
# name 12 = CStarAt0: Beam Attenuation, WET Labs C-Star [1/m]
# name 13 = CStarTr0: Beam Transmission, WET Labs C-Star [%]
# name 14 = sbeox0ML/L: Oxygen, SBE 43 [ml/l], WS = 2
# name 15 = sbeox1ML/L: Oxygen, SBE 43, 2 [ml/l], WS = 2
# name 16 = sal00: Salinity, Practical [PSU]
# name 17 = sal11: Salinity, Practical, 2 [PSU]
# name 18 = sigma-t00: Density [sigma-t, kg/m^3 ]
# name 19 = sigma-t11: Density, 2 [sigma-t, kg/m^3 ]
# name 20 = oxsatML/L: Oxygen Saturation, Weiss [ml/l]
# name 21 = flag: flag
# span 0 =        207,      61623       
# span 1 =      1.539,    248.818       
# span 2 =     2.7956,     7.8945       
# span 3 =     2.7869,     7.8945       
# span 4 =   3.075773,   3.474199       
# span 5 =   3.099429,   3.474318       
# span 6 =     2.3478,     2.7807       
# span 7 =     2.3103,     2.7424       
# span 8 =      8.013,      8.207       
# span 9 =    -0.0176,     1.4330       
# span 10 =    -2.8130,   482.1870      
# span 11 = 1.0691e-01, 5.4271e-01      
# span 12 =     0.0465,     0.2086      
# span 13 =    94.9177,    98.8455      
# span 14 =     6.0770,     6.7192      
# span 15 =     6.3689,     7.0645      
# span 16 =    33.4784,    34.7080      
# span 17 =    33.1796,    34.7108      
# span 18 =    26.0972,    27.6017      
# span 19 =    25.8629,    27.6042      
# span 20 =    6.68728,    7.51703      
# span 21 = 0.0000e+00, 0.0000e+00      
# interval = scans: 3                   
# start_time = Nov 28 2019 22:07:08 [System UTC, header]
# bad_flag = -9.990e-29
*END*
[from data line 4412]
      20494    159.971     3.5123     3.5814   3.189555   3.194276     2.3802     2.3476      8.034    -0.0029     1.3323 1.0790e-01     0.0524    98.6978     6.2506     6.5383    34.6442    34.6275    27.5524    27.5323    7.36911 0.0000e+00
      20497    159.863     3.5225     3.5819   3.190328   3.194217     2.3794     2.3476      8.034     0.0020     1.4507 1.0790e-01     0.0528    98.6891     6.2462     6.5352    34.6427    34.6262    27.5503    27.5312    7.36732 0.0000e+00
      20500    159.755     3.5319     3.5815   3.191354   3.194046     2.3798     2.3472      8.034    -0.0029     1.4507 1.0790e-01     0.0528    98.6891     6.2478     6.5317    34.6452    34.6247    27.5513    27.5301    7.36549 0.0000e+00
      20503    159.645     3.5416     3.5809   3.191845   3.193917     2.3802     2.3464      8.034     0.0020     1.4507 1.0790e-01     0.0531    98.6804     6.2478     6.5259    34.6408    34.6239    27.5468    27.5295    7.36393 0.0000e+00
      20506    159.535     3.5492     3.5800   3.192224   3.193731     2.3806     2.3464      8.034    -0.0029     1.4507 1.0790e-01     0.0489    98.7847     6.2489     6.5244    34.6373    34.6226    27.5433    27.5285    7.36271 0.0000e+00
      20509    159.428     3.5550     3.5793   3.192516   3.193653     2.3798     2.3464      8.034    -0.0029     1.4507 1.0790e-01     0.0482    98.8021     6.2460     6.5231    34.6347    34.6224    27.5406    27.5285    7.36177 0.0000e+00
      20512    159.321     3.5588     3.5791   3.192642   3.193615     2.3794     2.3456      8.034    -0.0029     1.4507 1.0790e-01     0.0482    98.8021     6.2452     6.5194    34.6322    34.6223    27.5383    27.5284    7.36120 0.0000e+00
      20515    159.215     3.5623     3.5788   3.192929   3.193580     2.3790     2.3452      8.034    -0.0029     1.4507 1.0790e-01     0.0482    98.8021     6.2437     6.5186    34.6320    34.6223    27.5378    27.5284    7.36058 0.0000e+00
      20518    159.109     3.5653     3.5787   3.193053   3.193575     2.3790     2.3452      8.034    -0.0029     1.4507 1.0790e-01     0.0482    98.8021     6.2420     6.5211    34.6304    34.6224    27.5362    27.5285    7.36011 0.0000e+00
      20521    159.009     3.5653     3.5787   3.192525   3.193563     2.3790     2.3452      8.034     0.0020     1.4507 1.0790e-01     0.0482    98.8021     6.2421     6.5239    34.6240    34.6223    27.5311    27.5284    7.36042 0.0000e+00
      20524    158.913     3.5641     3.5786   3.192537   3.193532     2.3794     2.3452      8.034    -0.0029     1.4507 1.0790e-01     0.0482    98.8021     6.2425     6.5272    34.6255    34.6220    27.5325    27.5282    7.36057 0.0000e+00
      20527    158.822     3.5636     3.5786   3.192571   3.193534     2.3786     2.3444      8.034     0.0020     1.4507 1.0790e-01     0.0472    98.8281     6.2398     6.5276    34.6265    34.6221    27.5333    27.5283    7.36061 0.0000e+00
      20530    158.735     3.5633     3.5785   3.192607   3.193509     2.3786     2.3444      8.034    -0.0029     1.4507 1.0790e-01     0.0472    98.8281     6.2401     6.5315    34.6273    34.6219    27.5339    27.5282    7.36062 0.0000e+00
      20533    158.654     3.5639     3.5784   3.192743   3.193503     2.3790     2.3444      8.036     0.0020     1.4507 1.0790e-01     0.0472    98.8281     6.2423     6.5370    34.6283    34.6221    27.5347    27.5283    7.36046 0.0000e+00
      20536    158.579     3.5655     3.5782   3.192881   3.193463     2.3786     2.3444      8.034     0.0020     1.4507 1.0790e-01     0.0472    98.8281     6.2413     6.5426    34.6283    34.6219    27.5346    27.5282    7.36017 0.0000e+00
      20539    158.510     3.5663     3.5778   3.192862   3.193385     2.3782     2.3440      8.034    -0.0029     1.4507 1.0790e-01     0.0472    98.8281     6.2401     6.5443    34.6273    34.6213    27.5337    27.5278    7.36007 0.0000e+00
      20542    158.443     3.5665     3.5772   3.192760   3.193322     2.3782     2.3448      8.034    -0.0029     1.4507 1.0790e-01     0.0472    98.8281     6.2388     6.5500    34.6259    34.6213    27.5325    27.5278    7.36011 0.0000e+00
      20545    158.390     3.5657     3.5769   3.192632   3.193303     2.3782     2.3440      8.036     0.0020     1.4507 1.0790e-01     0.0479    98.8108     6.2387     6.5500    34.6253    34.6214    27.5321    27.5279    7.36029 0.0000e+00
      20548    158.344     3.5656     3.5768   3.192697   3.193307     2.3782     2.3440      8.034     0.0020     1.4507 1.0790e-01     0.0482    98.8021     6.2387     6.5527    34.6262    34.6216    27.5328    27.5281    7.36026 0.0000e+00
      20551    158.298     3.5649     3.5766   3.192355   3.193330     2.3774     2.3448      8.036    -0.0029     1.4507 1.0790e-01     0.0479    98.8108     6.2363     6.5572    34.6228    34.6221    27.5302    27.5284    7.36055 0.0000e+00
      20554    158.257     3.5548     3.5765   3.191104   3.193356     2.3778     2.3448      8.036    -0.0029     1.4507 1.0790e-01     0.0482    98.8021     6.2396     6.5581    34.6186    34.6225    27.5278    27.5288    7.36261 0.0000e+00
      20557    158.220     3.5537     3.5765   3.191679   3.193385     2.3778     2.3452      8.034    -0.0029     1.4507 1.0790e-01     0.0479    98.8108     6.2386     6.5595    34.6266    34.6229    27.5344    27.5291    7.36240 0.0000e+00
      20560    158.186     3.5525     3.5767   3.190929   3.193388     2.3778     2.3452      8.034    -0.0029     1.4507 1.0790e-01     0.0482    98.8021     6.2394     6.5585    34.6189    34.6227    27.5283    27.5290    7.36300 0.0000e+00
      20563    158.154     3.5456     3.5768   3.190355   3.193386     2.3778     2.3452      8.036    -0.0029     1.4507 1.0790e-01     0.0479    98.8108     6.2400     6.5578    34.6194    34.6226    27.5294    27.5289    7.36424 0.0000e+00
      20566    158.128     3.5388     3.5768   3.189977   3.193406     2.3766     2.3452      8.034    -0.0029     1.4507 1.0790e-01     0.0482    98.8021     6.2374     6.5565    34.6220    34.6228    27.5322    27.5291    7.36535 0.0000e+00
      20569    158.104     3.5333     3.5769   3.189878   3.193400     2.3774     2.3452      8.034    -0.0029     1.4507 1.0790e-01     0.0475    98.8194     6.2416     6.5556    34.6267    34.6227    27.5364    27.5289    7.36612 0.0000e+00
      20572    158.082     3.5323     3.5769   3.190254   3.193389     2.3770     2.3452      8.034     0.0020     1.4507 1.0790e-01     0.0479    98.8108     6.2419     6.5530    34.6324    34.6226    27.5411    27.5288    7.36604 0.0000e+00
      20583    158.010     3.5393     3.5770   3.190924   3.193371     2.3766     2.3452      8.034    -0.0029     1.4507 1.0790e-01     0.0486    98.7934     6.2427     6.5489    34.6330    34.6223    27.5408    27.5286    7.36472 0.0000e+00
      20588    157.972     3.5440     3.5770   3.191312   3.193369     2.3762     2.3452      8.034    -0.0029     1.4507 1.0790e-01     0.0493    98.7760     6.2421     6.5488    34.6327    34.6223    27.5401    27.5286    7.36388 0.0000e+00
      20591    157.945     3.5462     3.5769   3.191465   3.193335     2.3770     2.3452      8.034     0.0020     1.4507 1.0790e-01     0.0493    98.7760     6.2436     6.5488    34.6322    34.6220    27.5395    27.5284    7.36350 0.0000e+00
      20594    157.915     3.5478     3.5769   3.191511   3.193332     2.3766     2.3452      8.034    -0.0029     1.4507 1.0790e-01     0.0493    98.7760     6.2425     6.5488    34.6310    34.6220    27.5385    27.5284    7.36326 0.0000e+00
      20597    157.881     3.5489     3.5770   3.191589   3.193305     2.3774     2.3452      8.034    -0.0029     1.4507 1.0790e-01     0.0493    98.7760     6.2452     6.5488    34.6309    34.6216    27.5382    27.5281    7.36308 0.0000e+00
      20600    157.846     3.5501     3.5768   3.191668   3.193263     2.3766     2.3452      8.036     0.0020     1.4507 1.0790e-01     0.0493    98.7760     6.2425     6.5488    34.6305    34.6213    27.5378    27.5278    7.36287 0.0000e+00
      20603    157.807     3.5513     3.5765   3.191738   3.193218     2.3774     2.3452      8.036    -0.0029     1.4507 1.0790e-01     0.0493    98.7760     6.2465     6.5488    34.6302    34.6212    27.5374    27.5277    7.36268 0.0000e+00
      20606    157.766     3.5519     3.5762   3.191657   3.193175     2.3762     2.3452      8.034    -0.0029     1.4507 1.0790e-01     0.0493    98.7760     6.2400     6.5489    34.6286    34.6209    27.5361    27.5276    7.36264 0.0000e+00
      20609    157.720     3.5512     3.5759   3.191475   3.193154     2.3766     2.3452      8.036    -0.0029     1.4507 1.0790e-01     0.0493    98.7760     6.2410     6.5489    34.6272    34.6211    27.5350    27.5277    7.36284 0.0000e+00
      20612    157.674     3.5499     3.5759   3.191375   3.193115     2.3758     2.3452      8.034    -0.0029     1.4507 1.0790e-01     0.0493    98.7760     6.2381     6.5467    34.6274    34.6206    27.5353    27.5274    7.36307 0.0000e+00
      20615    157.627     3.5488     3.5756   3.191340   3.193102     2.3762     2.3452      8.034    -0.0029     1.4507 1.0790e-01     0.0493    98.7760     6.2390     6.5420    34.6281    34.6208    27.5360    27.5276    7.36323 0.0000e+00
      20618    157.575     3.5486     3.5756   3.191373   3.193079     2.3766     2.3452      8.036     0.0020     1.4507 1.0790e-01     0.0493    98.7760     6.2412     6.5382    34.6287    34.6205    27.5365    27.5273    7.36323 0.0000e+00
      20621    157.522     3.5487     3.5756   3.191420   3.193074     2.3762     2.3452      8.034    -0.0029     1.4507 1.0790e-01     0.0493    98.7760     6.2407     6.5333    34.6292    34.6205    27.5369    27.5273    7.36319 0.0000e+00
      20624    157.463     3.5488     3.5756   3.191386   3.193062     2.3766     2.3452      8.034    -0.0029     1.4507 1.0790e-01     0.0493    98.7760     6.2434     6.5292    34.6288    34.6204    27.5365    27.5272    7.36320 0.0000e+00
      20627    157.401     3.5481     3.5750   3.191293   3.192973     2.3766     2.3452      8.034     0.0020     1.4507 1.0790e-01     0.0493    98.7760     6.2436     6.5253    34.6284    34.6200    27.5363    27.5269    7.36334 0.0000e+00
      20630    157.341     3.5483     3.5746   3.191366   3.192933     2.3749     2.3452      8.034    -0.0029     1.4507 1.0790e-01     0.0489    98.7847     6.2404     6.5203    34.6291    34.6200    27.5369    27.5270    7.36328 0.0000e+00
      20633    157.278     3.5494     3.5745   3.191428   3.192916     2.3770     2.3452      8.034    -0.0029     1.4507 1.0790e-01     0.0493    98.7760     6.2475     6.5157    34.6288    34.6199    27.5365    27.5269    7.36310 0.0000e+00
      20636    157.212     3.5495     3.5744   3.191351   3.192881     2.3762     2.3440      8.034     0.0068     1.4507 1.0790e-01     0.0489    98.7847     6.2447     6.5082    34.6277    34.6196    27.5356    27.5267    7.36312 0.0000e+00
      20639    157.148     3.5490     3.5742   3.191372   3.192872     2.3762     2.3432      8.034    -0.0029     1.4507 1.0790e-01     0.0493    98.7760     6.2445     6.5034    34.6286    34.6197    27.5364    27.5268    7.36318 0.0000e+00
      20642    157.082     3.5501     3.5742   3.191511   3.192861     2.3766     2.3432      8.034    -0.0029     1.4507 1.0790e-01     0.0489    98.7847     6.2458     6.5023    34.6291    34.6197    27.5366    27.5268    7.36294 0.0000e+00
      20645    157.019     3.5515     3.5742   3.191598   3.192858     2.3766     2.3428      8.034    -0.0029     1.4507 1.0790e-01     0.0489    98.7847     6.2453     6.5001    34.6287    34.6197    27.5362    27.5268    7.36271 0.0000e+00
      20648    156.953     3.5529     3.5743   3.191684   3.192908     2.3762     2.3428      8.034    -0.0029     1.4507 1.0790e-01     0.0482    98.8021     6.2437     6.5007    34.6282    34.6202    27.5357    27.5272    7.36247 0.0000e+00
      20651    156.890     3.5541     3.5744   3.191709   3.192928     2.3766     2.3424      8.034    -0.0029     1.4507 1.0790e-01     0.0482    98.8021     6.2455     6.5027    34.6273    34.6204    27.5349    27.5273    7.36230 0.0000e+00
      20654    156.831     3.5546     3.5746   3.191681   3.192897     2.3770     2.3415      8.034    -0.0029     1.4507 1.0790e-01     0.0482    98.8021     6.2448     6.5045    34.6265    34.6198    27.5342    27.5269    7.36225 0.0000e+00
      20657    156.774     3.5547     3.5744   3.191656   3.192876     2.3770     2.3415      8.034    -0.0029     1.4507 1.0790e-01     0.0482    98.8021     6.2432     6.5114    34.6261    34.6198    27.5338    27.5268    7.36224 0.0000e+00
      20660    156.717     3.5540     3.5742   3.191543   3.192811     2.3758     2.3415      8.034     0.0020     1.4507 1.0790e-01     0.0482    98.8021     6.2403     6.5180    34.6255    34.6193    27.5334    27.5265    7.36241 0.0000e+00
      20663    156.662     3.5529     3.5740   3.191495   3.192808     2.3770     2.3415      8.034    -0.0029     1.4507 1.0790e-01     0.0482    98.8021     6.2444     6.5220    34.6261    34.6194    27.5340    27.5266    7.36257 0.0000e+00
      20666    156.608     3.5526     3.5739   3.191537   3.192821     2.3770     2.3411      8.034     0.0020     1.4507 1.0790e-01     0.0482    98.8021     6.2440     6.5264    34.6270    34.6198    27.5347    27.5269    7.36259 0.0000e+00
      20669    156.562     3.5525     3.5741   3.191548   3.192818     2.3762     2.3411      8.034    -0.0029     1.4507 1.0790e-01     0.0482    98.8021     6.2415     6.5326    34.6273    34.6196    27.5350    27.5267    7.36259 0.0000e+00
      20672    156.517     3.5530     3.5741   3.191655   3.192837     2.3766     2.3411      8.034    -0.0078     1.4507 1.0790e-01     0.0482    98.8021     6.2436     6.5384    34.6280    34.6198    27.5355    27.5269    7.36247 0.0000e+00
      20675    156.473     3.5547     3.5740   3.191846   3.192865     2.3762     2.3415      8.034    -0.0029     1.4507 1.0790e-01     0.0482    98.8021     6.2412     6.5452    34.6286    34.6203    27.5358    27.5273    7.36214 0.0000e+00
      20678    156.435     3.5565     3.5742   3.191831   3.192873     2.3762     2.3415      8.034     0.0020     1.4507 1.0790e-01     0.0482    98.8021     6.2421     6.5487    34.6265    34.6202    27.5340    27.5272    7.36191 0.0000e+00
      20681    156.397     3.5565     3.5743   3.191652   3.192886     2.3762     2.3419      8.034    -0.0029     1.4507 1.0790e-01     0.0482    98.8021     6.2429     6.5522    34.6244    34.6202    27.5323    27.5272    7.36201 0.0000e+00
      20684    156.362     3.5526     3.5742   3.191256   3.192860     2.3770     2.3415      8.036    -0.0029     1.4507 1.0790e-01     0.0482    98.8021     6.2451     6.5546    34.6238    34.6200    27.5322    27.5271    7.36275 0.0000e+00
      20687    156.326     3.5476     3.5742   3.190831   3.192846     2.3770     2.3419      8.034     0.0020     1.4507 1.0790e-01     0.0482    98.8021     6.2456     6.5604    34.6240    34.6198    27.5328    27.5269    7.36365 0.0000e+00
      20690    156.292     3.5424     3.5742   3.190352   3.192861     2.3762     2.3424      8.034    -0.0029     1.4507 1.0790e-01     0.0472    98.8281     6.2452     6.5665    34.6238    34.6201    27.5332    27.5271    7.36462 0.0000e+00
      20693    156.260     3.5374     3.5742   3.190053   3.192858     2.3770     2.3428      8.034     0.0020     1.4507 1.0790e-01     0.0479    98.8108     6.2489     6.5703    34.6255    34.6200    27.5351    27.5271    7.36544 0.0000e+00
      20696    156.226     3.5342     3.5741   3.190015   3.192862     2.3770     2.3428      8.034    -0.0029     1.4507 1.0790e-01     0.0472    98.8281     6.2486     6.5719    34.6285    34.6203    27.5378    27.5273    7.36589 0.0000e+00
