Datasets/AZMP/COO001/79001078.cnv
* Sea-Bird SBE 9 Data File:
* FileName = C:\CTDDATA\79001078.hex
* Software Version Seasave V 7.26.7.110
* Temperature SN = 5660
* Conductivity SN = 3698
* Number of Bytes Per Scan = 30
* Number of Voltage Words = 4
* Number of Scans Averaged by the Deck Unit = 1
* NMEA baud rate = 9600
** VESSEL/TRIP/SEQ STN:  79001078
** LATITUDE XX XX.XX N:  48 11.45 N
** LONGITUDE XX XX.XX W:  53 35.70 W
** SOUNDING DEPTH (M):  0211
** PROBE TYPE: S1257
** CTD NUMBER: 045
** COMMENTS (14 CHAR): SS-06
** BOTTLES:  0
** LEVELS:
** STICKERS:
** VNET: N
** DO2: N
# nquan = 22
# nvalues = 7111                        
# units = specified
# name 0 = scan: Scan Count
# name 1 = prDM: Pressure, Digiquartz [db]
# name 2 = t090C: Temperature [ITS-90, deg C]
# name 3 = t190C: Temperature, 2 [ITS-90, deg C]
# name 4 = c0S/m: Conductivity [S/m]
# name 5 = c1S/m: Conductivity, 2 [S/m]
# name 6 = sbeox0V: Oxygen raw, SBE 43 [V]
# name 7 = sbeox1V: Oxygen raw, SBE 43, 2 [V]
# name 8 = ph: pH
# name 9 = flECO-AFL: Fluorescence, WET Labs ECO-AFL/FL [mg/m^3]
# name 10 = wetCDOM: Fluorescence, WET Labs CDOM [mg/m^3]
# name 11 = par/sat/log: PAR/Logarithmic, Satlantic [umol photons/m^2/sec]
# name 12 = CStarAt0: Beam Attenuation, WET Labs C-Star [1/m]
# name 13 = CStarTr0: Beam Transmission, WET Labs C-Star [%]
# name 14 = sbeox0ML/L: Oxygen, SBE 43 [ml/l], WS = 2
# name 15 = sbeox1ML/L: Oxygen, SBE 43, 2 [ml/l], WS = 2
# name 16 = sal00: Salinity, Practical [PSU]
# name 17 = sal11: Salinity, Practical, 2 [PSU]
# name 18 = sigma-t00: Density [sigma-t, kg/m^3 ]
# name 19 = sigma-t11: Density, 2 [sigma-t, kg/m^3 ]
# name 20 = oxsatML/L: Oxygen Saturation, Weiss [ml/l]
# name 21 = flag: flag
# span 0 =        216,      25715       
# span 1 =      0.807,    199.842       
# span 2 =     0.1506,     3.4700       
# span 3 =     0.1492,     3.4687       
# span 4 =   2.761276,   2.931293       
# span 5 =   2.761624,   2.931439       
# span 6 =     2.3800,     2.7555       
# span 7 =     2.3471,     2.7131       
# span 8 =      8.031,      8.179       
# span 9 =     0.0215,     0.7394       
# span 10 =    -2.6551,   481.6343      
# span 11 = 1.0790e-01, 1.7020e+02      
# span 12 =     0.0786,     0.1911      
# span 13 =    95.3348,    98.0547      
# span 14 =     6.7225,     7.6566      
# span 15 =     7.3191,     7.9302      
# span 16 =    31.2816,    32.9720      
# span 17 =    31.2847,    32.9751      
# span 18 =    24.8799,    26.4618      
# span 19 =    24.8823,    26.4643      
# span 20 =    7.53123,    8.12619      
# span 21 = 0.0000e+00, 0.0000e+00      
# interval = scans: 3                   
# start_time = Dec 01 2019 15:54:20 [System UTC, header]
# bad_flag = -9.990e-29
*END*
[from data line 1317]
       4167     79.325     3.0505     3.0469   2.923315   2.923213     2.7156     2.6765      8.171     0.2071     2.0429 1.0790e-01     0.0843    97.9157     7.5219     7.8854    31.9527    31.9550    25.4488    25.4510    7.58971 0.0000e+00
       4170     79.385     3.0506     3.0464   2.923325   2.923198     2.7156     2.6765      8.168     0.2120     2.0429 1.0790e-01     0.0843    97.9157     7.5228     7.8856    31.9526    31.9553    25.4488    25.4512    7.58969 0.0000e+00
       4173     79.445     3.0505     3.0459   2.923289   2.923136     2.7160     2.6765      8.168     0.1925     2.0429 1.0790e-01     0.0868    97.8549     7.5252     7.8881    31.9523    31.9550    25.4486    25.4511    7.58973 0.0000e+00
       4176     79.504     3.0503     3.0440   2.923226   2.922976     2.7156     2.6765      8.168     0.1876     2.0429 1.0790e-01     0.0896    97.7854     7.5252     7.8896    31.9516    31.9549    25.4481    25.4512    7.58980 0.0000e+00
       4179     79.563     3.0497     3.0432   2.923202   2.922966     2.7160     2.6765      8.169     0.1973     2.0429 1.0790e-01     0.0896    97.7854     7.5247     7.8925    31.9519    31.9556    25.4483    25.4518    7.58990 0.0000e+00
       4182     79.622     3.0493     3.0428   2.923178   2.922934     2.7156     2.6765      8.171     0.1876     2.0429 1.0790e-01     0.0896    97.7854     7.5225     7.8932    31.9520    31.9555    25.4484    25.4518    7.58997 0.0000e+00
       4185     79.683     3.0484     3.0429   2.923005   2.922955     2.7152     2.6765      8.171     0.1925     2.0429 1.0790e-01     0.0896    97.7854     7.5223     7.8935    31.9508    31.9556    25.4475    25.4519    7.59020 0.0000e+00
       4188     79.741     3.0467     3.0427   2.922876   2.922936     2.7156     2.6769      8.169     0.1925     2.0429 1.0790e-01     0.0896    97.7854     7.5243     7.8935    31.9509    31.9555    25.4477    25.4518    7.59052 0.0000e+00
       4191     79.802     3.0458     3.0428   2.922895   2.922954     2.7156     2.6773      8.169     0.1925     2.0429 1.0790e-01     0.0896    97.7854     7.5251     7.8936    31.9520    31.9557    25.4487    25.4519    7.59065 0.0000e+00
       4194     79.859     3.0453     3.0426   2.922850   2.922929     2.7160     2.6769      8.169     0.1876     2.0429 1.0790e-01     0.0878    97.8288     7.5267     7.8912    31.9519    31.9555    25.4487    25.4518    7.59074 0.0000e+00
       4197     79.918     3.0445     3.0424   2.922770   2.922935     2.7160     2.6773      8.171     0.1925     2.0429 1.0790e-01     0.0864    97.8636     7.5269     7.8938    31.9517    31.9558    25.4486    25.4521    7.59091 0.0000e+00
       4200     79.977     3.0436     3.0421   2.922711   2.922882     2.7156     2.6765      8.171     0.1925     2.0429 1.0790e-01     0.0864    97.8636     7.5268     7.8911    31.9519    31.9554    25.4488    25.4517    7.59107 0.0000e+00
       4203     80.036     3.0428     3.0411   2.922667   2.922783     2.7148     2.6777      8.168     0.1925     2.0429 1.0790e-01     0.0864    97.8636     7.5248     7.8944    31.9521    31.9552    25.4490    25.4516    7.59121 0.0000e+00
       4206     80.096     3.0417     3.0402   2.922546   2.922737     2.7160     2.6765      8.169     0.1973     2.0429 1.0790e-01     0.0864    97.8636     7.5305     7.8896    31.9517    31.9554    25.4488    25.4519    7.59144 0.0000e+00
       4209     80.157     3.0404     3.0384   2.922457   2.922596     2.7160     2.6769      8.169     0.1876     2.0429 1.0790e-01     0.0864    97.8636     7.5317     7.8910    31.9518    31.9556    25.4490    25.4522    7.59168 0.0000e+00
       4212     80.216     3.0392     3.0366   2.922399   2.922525     2.7156     2.6765      8.168     0.1973     2.0429 1.0790e-01     0.0864    97.8636     7.5296     7.8873    31.9523    31.9564    25.4495    25.4530    7.59188 0.0000e+00
       4215     80.275     3.0381     3.0355   2.922359   2.922457     2.7156     2.6765      8.169     0.1925     2.0429 1.0790e-01     0.0853    97.8896     7.5280     7.8897    31.9529    31.9567    25.4501    25.4533    7.59207 0.0000e+00
       4218     80.333     3.0371     3.0346   2.922313   2.922422     2.7160     2.6769      8.171     0.1973     2.0429 1.0790e-01     0.0853    97.8896     7.5305     7.8923    31.9533    31.9572    25.4505    25.4538    7.59224 0.0000e+00
       4221     80.391     3.0364     3.0342   2.922268   2.922422     2.7156     2.6773      8.171     0.1925     2.0429 1.0790e-01     0.0853    97.8896     7.5298     7.8936    31.9534    31.9575    25.4507    25.4541    7.59237 0.0000e+00
       4224     80.450     3.0355     3.0336   2.922220   2.922388     2.7164     2.6773      8.169     0.2169     2.0429 1.0790e-01     0.0857    97.8809     7.5336     7.8925    31.9537    31.9576    25.4510    25.4542    7.59252 0.0000e+00
       4227     80.511     3.0350     3.0332   2.922236   2.922355     2.7156     2.6765      8.171     0.2266     2.0429 1.0790e-01     0.0853    97.8896     7.5309     7.8887    31.9544    31.9576    25.4516    25.4543    7.59259 0.0000e+00
       4230     80.572     3.0345     3.0327   2.922205   2.922326     2.7168     2.6773      8.169     0.2218     2.0429 1.0790e-01     0.0853    97.8896     7.5346     7.8921    31.9545    31.9577    25.4517    25.4544    7.59268 0.0000e+00
       4233     80.634     3.0339     3.0320   2.922184   2.922294     2.7168     2.6769      8.171     0.2266     2.0429 1.0790e-01     0.0857    97.8809     7.5359     7.8899    31.9548    31.9580    25.4520    25.4547    7.59278 0.0000e+00
       4236     80.695     3.0336     3.0315   2.922183   2.922287     2.7148     2.6765      8.171     0.2218     2.0429 1.0790e-01     0.0864    97.8636     7.5299     7.8872    31.9550    31.9584    25.4522    25.4550    7.59283 0.0000e+00
       4239     80.759     3.0332     3.0306   2.922147   2.922250     2.7156     2.6777      8.169     0.2169     2.0429 1.0790e-01     0.0864    97.8636     7.5329     7.8900    31.9549    31.9587    25.4521    25.4554    7.59290 0.0000e+00
       4242     80.820     3.0326     3.0301   2.922124   2.922228     2.7168     2.6769      8.169     0.2169     2.0429 1.0802e-01     0.0864    97.8636     7.5359     7.8856    31.9552    31.9590    25.4524    25.4556    7.59300 0.0000e+00
       4245     80.886     3.0321     3.0295   2.922085   2.922209     2.7156     2.6765      8.171     0.2266     2.0429 1.0790e-01     0.0864    97.8636     7.5311     7.8850    31.9552    31.9593    25.4525    25.4559    7.59310 0.0000e+00
       4248     80.946     3.0314     3.0291   2.922046   2.922173     2.7164     2.6765      8.171     0.2266     2.0429 1.0790e-01     0.0864    97.8636     7.5336     7.8859    31.9555    31.9593    25.4527    25.4559    7.59323 0.0000e+00
       4251     81.008     3.0309     3.0287   2.922043   2.922164     2.7168     2.6765      8.171     0.2120     1.9245 1.0790e-01     0.0864    97.8636     7.5356     7.8865    31.9558    31.9595    25.4530    25.4561    7.59330 0.0000e+00
       4254     81.073     3.0305     3.0285   2.922039   2.922169     2.7164     2.6765      8.171     0.2071     1.9245 1.0790e-01     0.0864    97.8636     7.5338     7.8864    31.9562    31.9597    25.4534    25.4563    7.59336 0.0000e+00
       4257     81.135     3.0300     3.0281   2.922014   2.922151     2.7168     2.6765      8.171     0.2071     1.9245 1.0790e-01     0.0864    97.8636     7.5356     7.8877    31.9563    31.9599    25.4535    25.4565    7.59345 0.0000e+00
       4260     81.199     3.0295     3.0278   2.921999   2.922150     2.7168     2.6765      8.171     0.2071     1.9245 1.0790e-01     0.0864    97.8636     7.5356     7.8859    31.9566    31.9601    25.4538    25.4567    7.59353 0.0000e+00
       4263     81.264     3.0291     3.0271   2.921994   2.922103     2.7168     2.6765      8.171     0.2120     1.9245 1.0790e-01     0.0864    97.8636     7.5342     7.8870    31.9569    31.9602    25.4541    25.4568    7.59359 0.0000e+00
       4266     81.327     3.0285     3.0265   2.921954   2.922072     2.7156     2.6765      8.171     0.2071     1.9245 1.0790e-01     0.0864    97.8636     7.5290     7.8904    31.9570    31.9604    25.4541    25.4571    7.59369 0.0000e+00
       4269     81.393     3.0279     3.0256   2.921939   2.922023     2.7164     2.6765      8.171     0.2169     1.9245 1.0790e-01     0.0864    97.8636     7.5308     7.8913    31.9573    31.9607    25.4545    25.4574    7.59379 0.0000e+00
       4272     81.461     3.0273     3.0238   2.921901   2.921954     2.7164     2.6765      8.171     0.2169     1.9245 1.0790e-01     0.0864    97.8636     7.5300     7.8920    31.9574    31.9616    25.4546    25.4582    7.59390 0.0000e+00
       4275     81.523     3.0264     3.0225   2.921841   2.921891     2.7168     2.6765      8.171     0.2071     1.9245 1.0790e-01     0.0864    97.8636     7.5315     7.8926    31.9576    31.9621    25.4548    25.4588    7.59407 0.0000e+00
       4278     81.586     3.0256     3.0204   2.921833   2.921794     2.7160     2.6765      8.171     0.1876     1.9245 1.0790e-01     0.0864    97.8636     7.5295     7.8934    31.9583    31.9629    25.4554    25.4596    7.59418 0.0000e+00
       4281     81.652     3.0243     3.0186   2.921732   2.921687     2.7160     2.6761      8.171     0.1876     1.9245 1.0790e-01     0.0864    97.8636     7.5293     7.8915    31.9583    31.9634    25.4555    25.4601    7.59443 0.0000e+00
       4284     81.718     3.0228     3.0172   2.921636   2.921631     2.7164     2.6761      8.169     0.1876     1.9245 1.0790e-01     0.0864    97.8636     7.5312     7.8923    31.9586    31.9641    25.4559    25.4608    7.59470 0.0000e+00
       4287     81.780     3.0206     3.0158   2.921496   2.921576     2.7168     2.6765      8.171     0.1925     1.9245 1.0790e-01     0.0864    97.8636     7.5348     7.8945    31.9591    31.9648    25.4565    25.4615    7.59511 0.0000e+00
       4290     81.843     3.0188     3.0142   2.921442   2.921489     2.7156     2.6765      8.171     0.1925     1.9245 1.0790e-01     0.0864    97.8636     7.5324     7.8949    31.9601    31.9653    25.4575    25.4620    7.59539 0.0000e+00
       4293     81.904     3.0172     3.0127   2.921352   2.921413     2.7156     2.6765      8.171     0.1876     1.9245 1.0790e-01     0.0864    97.8636     7.5316     7.8928    31.9606    31.9658    25.4580    25.4626    7.59567 0.0000e+00
       4296     81.967     3.0155     3.0110   2.921308   2.921361     2.7168     2.6765      8.169     0.1876     1.9245 1.0790e-01     0.0853    97.8896     7.5356     7.8911    31.9617    31.9668    25.4590    25.4634    7.59594 0.0000e+00
       4299     82.032     3.0143     3.0094   2.921276   2.921260     2.7156     2.6765      8.171     0.1827     1.9245 1.0790e-01     0.0853    97.8896     7.5322     7.8912    31.9625    31.9672    25.4598    25.4639    7.59614 0.0000e+00
       4302     82.092     3.0133     3.0068   2.921252   2.921129     2.7164     2.6765      8.171     0.1925     1.9640 1.0790e-01     0.0853    97.8896     7.5368     7.8911    31.9632    31.9681    25.4604    25.4649    7.59629 0.0000e+00
       4305     82.154     3.0121     3.0042   2.921101   2.920942     2.7156     2.6761      8.171     0.2071     2.0429 1.0790e-01     0.0853    97.8896     7.5335     7.8886    31.9624    31.9684    25.4599    25.4653    7.59655 0.0000e+00
       4308     82.214     3.0108     3.0004   2.921081   2.920677     2.7160     2.6765      8.169     0.2120     2.0429 1.0790e-01     0.0853    97.8896     7.5335     7.8877    31.9635    31.9689    25.4609    25.4661    7.59675 0.0000e+00
       4311     82.273     3.0094     2.9951   2.920987   2.920435     2.7168     2.6765      8.171     0.2022     2.0429 1.0790e-01     0.0853    97.8896     7.5366     7.8874    31.9638    31.9713    25.4612    25.4684    7.59701 0.0000e+00
       4314     82.334     3.0075     2.9907   2.920823   2.920281     2.7168     2.6761      8.171     0.2120     2.0429 1.0802e-01     0.0857    97.8809     7.5371     7.8858    31.9637    31.9737    25.4612    25.4707    7.59738 0.0000e+00
       4317     82.394     3.0042     2.9882   2.920548   2.920159     2.7156     2.6753      8.169     0.2071     2.0429 1.0790e-01     0.0853    97.8896     7.5332     7.8808    31.9635    31.9747    25.4614    25.4717    7.59801 0.0000e+00
       4320     82.452     3.0003     2.9873   2.920352   2.920123     2.7156     2.6757      8.171     0.2071     2.0429 1.0790e-01     0.0853    97.8896     7.5344     7.8824    31.9651    31.9752    25.4630    25.4721    7.59869 0.0000e+00
       4323     82.511     2.9969     2.9864   2.920198   2.920102     2.7164     2.6757      8.169     0.2071     2.0429 1.0790e-01     0.0853    97.8896     7.5381     7.8831    31.9665    31.9758    25.4643    25.4727    7.59925 0.0000e+00
       4326     82.570     2.9941     2.9858   2.920134   2.920085     2.7168     2.6757      8.171     0.2169     2.0429 1.0790e-01     0.0853    97.8896     7.5388     7.8828    31.9685    31.9761    25.4662    25.4730    7.59970 0.0000e+00
       4329     82.628     2.9923     2.9850   2.920100   2.920036     2.7152     2.6753      8.168     0.1876     1.9640 1.0790e-01     0.0853    97.8896     7.5329     7.8798    31.9699    31.9763    25.4675    25.4732    7.59998 0.0000e+00
       4332     82.686     2.9911     2.9840   2.920037   2.920002     2.7152     2.6753      8.169     0.1729     1.9245 1.0790e-01     0.0853    97.8896     7.5329     7.8775    31.9702    31.9768    25.4678    25.4737    7.60018 0.0000e+00
       4335     82.740     2.9898     2.9835   2.920038   2.919998     2.7156     2.6753      8.169     0.1778     1.9245 1.0790e-01     0.0843    97.9157     7.5353     7.8779    31.9715    31.9772    25.4690    25.4741    7.60037 0.0000e+00
       4338     82.794     2.9890     2.9831   2.919988   2.919999     2.7156     2.6749      8.169     0.1778     1.9245 1.0790e-01     0.0832    97.9418     7.5363     7.8765    31.9717    31.9776    25.4692    25.4744    7.60052 0.0000e+00
       4341     82.852     2.9879     2.9830   2.919931   2.919975     2.7160     2.6745      8.169     0.1729     1.9245 1.0790e-01     0.0832    97.9418     7.5390     7.8742    31.9720    31.9774    25.4695    25.4743    7.60070 0.0000e+00
       4344     82.906     2.9871     2.9823   2.919908   2.919948     2.7164     2.6749      8.168     0.1876     1.9245 1.0790e-01     0.0832    97.9418     7.5399     7.8751    31.9726    31.9777    25.4700    25.4746    7.60083 0.0000e+00
       4347     82.963     2.9862     2.9817   2.919914   2.919947     2.7156     2.6753      8.168     0.1778     1.9245 1.0790e-01     0.0832    97.9418     7.5356     7.8778    31.9734    31.9783    25.4708    25.4751    7.60096 0.0000e+00
       4350     83.020     2.9857     2.9815   2.919890   2.919951     2.7148     2.6741      8.171     0.1729     1.9245 1.0790e-01     0.0832    97.9418     7.5345     7.8744    31.9736    31.9785    25.4711    25.4753    7.60105 0.0000e+00
       4353     83.074     2.9856     2.9819   2.919897   2.919949     2.7156     2.6741      8.169     0.1827     1.9245 1.0790e-01     0.0832    97.9418     7.5375     7.8764    31.9737    31.9781    25.4711    25.4749    7.60105 0.0000e+00
       4356     83.128     2.9855     2.9815   2.919897   2.919929     2.7164     2.6732      8.171     0.1729     1.8060 1.0790e-01     0.0832    97.9418     7.5395     7.8747    31.9739    31.9782    25.4712    25.4750    7.60107 0.0000e+00
       4359     83.185     2.9853     2.9805   2.919899   2.919918     2.7152     2.6737      8.171     0.1729     1.8060 1.0790e-01     0.0832    97.9418     7.5335     7.8785    31.9740    31.9790    25.4714    25.4758    7.60110 0.0000e+00
