Datasets/AZMP/COO001/79001126.cnv
* Sea-Bird SBE 9 Data File:
* FileName = C:\CTDDATA\79001126.hex
* Software Version Seasave V 7.26.7.110
* Temperature SN = 5660
* Conductivity SN = 3698
* Number of Bytes Per Scan = 30
* Number of Voltage Words = 4
* Number of Scans Averaged by the Deck Unit = 1
* NMEA baud rate = 9600
** VESSEL/TRIP/SEQ STN:  79001126
** LATITUDE XX XX.XX N:  47 32.80 N
** LONGITUDE XX XX.XX W:  52 35.20 W
** SOUNDING DEPTH (M):  0180
** PROBE TYPE: S1257
** CTD NUMBER: 086
** COMMENTS (14 CHAR): S27-01
** BOTTLES:  20
** LEVELS: 5,5,5,5,10,20,20,20,20,30,40,50,50,50,75,100,100,100,150,BTM
** STICKERS: 435694 - 435713
** VNET: Y
** DO2: N
# nquan = 22
# nvalues = 5856                        
# units = specified
# name 0 = scan: Scan Count
# name 1 = prDM: Pressure, Digiquartz [db]
# name 2 = t090C: Temperature [ITS-90, deg C]
# name 3 = t190C: Temperature, 2 [ITS-90, deg C]
# name 4 = c0S/m: Conductivity [S/m]
# name 5 = c1S/m: Conductivity, 2 [S/m]
# name 6 = sbeox0V: Oxygen raw, SBE 43 [V]
# name 7 = sbeox1V: Oxygen raw, SBE 43, 2 [V]
# name 8 = ph: pH
# name 9 = flECO-AFL: Fluorescence, WET Labs ECO-AFL/FL [mg/m^3]
# name 10 = wetCDOM: Fluorescence, WET Labs CDOM [mg/m^3]
# name 11 = par/sat/log: PAR/Logarithmic, Satlantic [umol photons/m^2/sec]
# name 12 = CStarAt0: Beam Attenuation, WET Labs C-Star [1/m]
# name 13 = CStarTr0: Beam Transmission, WET Labs C-Star [%]
# name 14 = sbeox0ML/L: Oxygen, SBE 43 [ml/l], WS = 2
# name 15 = sbeox1ML/L: Oxygen, SBE 43, 2 [ml/l], WS = 2
# name 16 = sal00: Salinity, Practical [PSU]
# name 17 = sal11: Salinity, Practical, 2 [PSU]
# name 18 = sigma-t00: Density [sigma-t, kg/m^3 ]
# name 19 = sigma-t11: Density, 2 [sigma-t, kg/m^3 ]
# name 20 = oxsatML/L: Oxygen Saturation, Weiss [ml/l]
# name 21 = flag: flag
# span 0 =         27,      59958       
# span 1 =      0.686,    170.202       
# span 2 =    -0.3147,     3.4244       
# span 3 =    -0.3167,     3.4234       
# span 4 =   2.729857,   2.925325       
# span 5 =   2.730075,   2.925319       
# span 6 =     2.4178,     2.7586       
# span 7 =     2.3921,     2.7309       
# span 8 =      8.052,      8.167       
# span 9 =     0.0215,     0.7834       
# span 10 =     1.6876,     2.3982      
# span 11 = 1.0642e-01, 6.6553e-01      
# span 12 =     0.0800,     0.2042      
# span 13 =    95.0220,    98.0200      
# span 14 =     6.7043,     7.7258      
# span 15 =     7.4446,     8.1303      
# span 16 =    31.5896,    33.0141      
# span 17 =    31.1663,    32.9681      
# span 18 =    25.1459,    26.5173      
# span 19 =    24.8094,    26.4784      
# span 20 =    7.53460,    8.22764      
# span 21 = 0.0000e+00, 0.0000e+00      
# interval = scans: 3                   
# start_time = Dec 09 2019 04:30:30 [System UTC, header]
# bad_flag = -9.990e-29
*END*
[from data line 330]
       1553     21.080     3.4157     3.4151   2.924629   2.924762     2.7265     2.7216      8.160     0.4953     1.9245 1.0790e-01     0.1217    97.0033     7.4735     7.9383    31.6395    31.6417    25.1677    25.1694    7.53621 0.0000e+00
       1556     21.142     3.4158     3.4151   2.924614   2.924754     2.7269     2.7216      8.160     0.4953     2.0034 1.0777e-01     0.1210    97.0206     7.4773     7.9410    31.6392    31.6416    25.1674    25.1694    7.53621 0.0000e+00
       1559     21.204     3.4158     3.4151   2.924614   2.924764     2.7277     2.7216      8.160     0.5148     2.0429 1.0790e-01     0.1213    97.0120     7.4797     7.9447    31.6392    31.6417    25.1674    25.1694    7.53621 0.0000e+00
       1562     21.265     3.4157     3.4152   2.924612   2.924758     2.7277     2.7216      8.160     0.5099     2.0429 1.0790e-01     0.1213    97.0120     7.4788     7.9439    31.6392    31.6414    25.1674    25.1692    7.53622 0.0000e+00
       1565     21.328     3.4157     3.4151   2.924617   2.924758     2.7281     2.7220      8.160     0.5099     2.0429 1.0790e-01     0.1213    97.0120     7.4795     7.9456    31.6392    31.6415    25.1674    25.1693    7.53622 0.0000e+00
       1568     21.389     3.4157     3.4151   2.924613   2.924761     2.7290     2.7224      8.160     0.5148     2.0429 1.0790e-01     0.1217    97.0033     7.4825     7.9495    31.6391    31.6416    25.1674    25.1693    7.53622 0.0000e+00
       1571     21.448     3.4157     3.4152   2.924637   2.924764     2.7290     2.7228      8.160     0.5050     2.0429 1.0790e-01     0.1228    96.9772     7.4819     7.9529    31.6394    31.6414    25.1676    25.1692    7.53622 0.0000e+00
       1574     21.509     3.4157     3.4152   2.924629   2.924777     2.7294     2.7228      8.160     0.5050     2.0429 1.0777e-01     0.1224    96.9859     7.4830     7.9541    31.6393    31.6415    25.1674    25.1693    7.53622 0.0000e+00
       1577     21.571     3.4157     3.4151   2.924656   2.924764     2.7306     2.7228      8.160     0.5050     2.0429 1.0790e-01     0.1228    96.9772     7.4860     7.9544    31.6396    31.6414    25.1677    25.1692    7.53621 0.0000e+00
       1580     21.633     3.4157     3.4151   2.924662   2.924764     2.7310     2.7232      8.160     0.5099     2.0034 1.0790e-01     0.1228    96.9772     7.4872     7.9554    31.6397    31.6414    25.1678    25.1692    7.53621 0.0000e+00
       1583     21.696     3.4156     3.4152   2.924660   2.924777     2.7302     2.7232      8.160     0.5197     1.9245 1.0777e-01     0.1224    96.9859     7.4852     7.9540    31.6397    31.6415    25.1678    25.1692    7.53622 0.0000e+00
       1586     21.757     3.4154     3.4151   2.924677   2.924795     2.7314     2.7232      8.160     0.5246     1.9245 1.0790e-01     0.1228    96.9772     7.4881     7.9517    31.6400    31.6417    25.1681    25.1694    7.53623 0.0000e+00
       1589     21.820     3.4155     3.4151   2.924683   2.924799     2.7314     2.7237      8.160     0.5343     1.9245 1.0790e-01     0.1217    97.0033     7.4872     7.9505    31.6400    31.6417    25.1680    25.1695    7.53623 0.0000e+00
       1592     21.884     3.4155     3.4153   2.924687   2.924806     2.7322     2.7241      8.160     0.5197     1.9245 1.0790e-01     0.1203    97.0380     7.4884     7.9493    31.6400    31.6416    25.1680    25.1693    7.53622 0.0000e+00
       1595     21.945     3.4155     3.4153   2.924712   2.924837     2.7326     2.7241      8.160     0.5197     1.9245 1.0790e-01     0.1206    97.0293     7.4907     7.9466    31.6402    31.6419    25.1682    25.1696    7.53620 0.0000e+00
       1598     22.007     3.4154     3.4152   2.924725   2.924822     2.7326     2.7241      8.160     0.5295     1.9245 1.0790e-01     0.1203    97.0380     7.4896     7.9418    31.6405    31.6418    25.1684    25.1695    7.53622 0.0000e+00
       1601     22.071     3.4154     3.4153   2.924716   2.924854     2.7326     2.7241      8.160     0.5246     1.9245 1.0790e-01     0.1206    97.0293     7.4886     7.9365    31.6403    31.6421    25.1683    25.1697    7.53622 0.0000e+00
       1604     22.136     3.4154     3.4152   2.924719   2.924841     2.7338     2.7241      8.160     0.5295     1.9245 1.0777e-01     0.1206    97.0293     7.4927     7.9289    31.6403    31.6420    25.1683    25.1697    7.53622 0.0000e+00
       1607     22.198     3.4154     3.4153   2.924719   2.924853     2.7342     2.7241      8.160     0.5246     1.9245 1.0790e-01     0.1203    97.0380     7.4947     7.9234    31.6403    31.6420    25.1683    25.1697    7.53622 0.0000e+00
       1610     22.261     3.4154     3.4153   2.924731   2.924883     2.7338     2.7241      8.160     0.5246     1.9245 1.0777e-01     0.1217    97.0033     7.4934     7.9169    31.6404    31.6423    25.1684    25.1699    7.53622 0.0000e+00
       1613     22.323     3.4153     3.4152   2.924739   2.924876     2.7338     2.7241      8.160     0.5246     1.9245 1.0790e-01     0.1217    97.0033     7.4931     7.9126    31.6405    31.6423    25.1685    25.1699    7.53623 0.0000e+00
       1616     22.387     3.4151     3.4152   2.924742   2.924874     2.7347     2.7241      8.160     0.5294     1.9245 1.0790e-01     0.1217    97.0033     7.4960     7.9091    31.6408    31.6423    25.1687    25.1699    7.53626 0.0000e+00
       1619     22.452     3.4153     3.4151   2.924746   2.924874     2.7359     2.7232      8.160     0.5197     1.9245 1.0790e-01     0.1217    97.0033     7.4994     7.9024    31.6406    31.6423    25.1685    25.1699    7.53623 0.0000e+00
       1622     22.514     3.4152     3.4151   2.924746   2.924888     2.7351     2.7228      8.160     0.5295     1.9245 1.0790e-01     0.1217    97.0033     7.4959     7.8978    31.6407    31.6425    25.1686    25.1701    7.53624 0.0000e+00
       1625     22.580     3.4149     3.4152   2.924761   2.924893     2.7351     2.7224      8.160     0.5197     1.9245 1.0790e-01     0.1217    97.0033     7.4948     7.8946    31.6411    31.6424    25.1690    25.1700    7.53628 0.0000e+00
       1628     22.645     3.4149     3.4150   2.924794   2.924888     2.7359     2.7216      8.160     0.5246     1.9245 1.0790e-01     0.1221    96.9946     7.4974     7.8912    31.6414    31.6425    25.1692    25.1701    7.53625 0.0000e+00
       1631     22.708     3.4146     3.4152   2.924792   2.924913     2.7367     2.7216      8.160     0.5343     1.9245 1.0790e-01     0.1228    96.9772     7.4999     7.8916    31.6417    31.6426    25.1695    25.1701    7.53630 0.0000e+00
       1634     22.772     3.4145     3.4152   2.924787   2.924909     2.7375     2.7216      8.160     0.5197     1.9245 1.0777e-01     0.1228    96.9772     7.5016     7.8908    31.6417    31.6425    25.1695    25.1701    7.53633 0.0000e+00
       1637     22.834     3.4146     3.4151   2.924813   2.924913     2.7367     2.7216      8.160     0.5148     1.9245 1.0790e-01     0.1228    96.9772     7.4982     7.8935    31.6419    31.6426    25.1697    25.1701    7.53630 0.0000e+00
       1640     22.899     3.4146     3.4150   2.924826   2.924930     2.7375     2.7212      8.160     0.5099     1.9245 1.0790e-01     0.1228    96.9772     7.4982     7.8968    31.6420    31.6428    25.1697    25.1704    7.53629 0.0000e+00
       1643     22.961     3.4149     3.4152   2.924818   2.924932     2.7367     2.7204      8.160     0.5148     1.9245 1.0790e-01     0.1228    96.9772     7.4953     7.8982    31.6416    31.6427    25.1694    25.1702    7.53626 0.0000e+00
       1646     23.026     3.4152     3.4150   2.924812   2.924939     2.7375     2.7204      8.160     0.5099     1.9245 1.0777e-01     0.1228    96.9772     7.4968     7.9027    31.6411    31.6429    25.1690    25.1704    7.53621 0.0000e+00
       1649     23.090     3.4153     3.4149   2.924830   2.924931     2.7383     2.7204      8.160     0.5148     1.9245 1.0790e-01     0.1224    96.9859     7.4975     7.9076    31.6413    31.6429    25.1691    25.1704    7.53620 0.0000e+00
       1652     23.150     3.4153     3.4149   2.924840   2.924956     2.7379     2.7204      8.158     0.5099     1.9245 1.0790e-01     0.1217    97.0033     7.4938     7.9109    31.6413    31.6431    25.1691    25.1706    7.53619 0.0000e+00
       1655     23.211     3.4153     3.4149   2.924844   2.924940     2.7383     2.7200      8.160     0.5050     1.9245 1.0790e-01     0.1217    97.0033     7.4956     7.9122    31.6414    31.6430    25.1691    25.1705    7.53618 0.0000e+00
       1658     23.276     3.4155     3.4149   2.924840   2.924963     2.7379     2.7192      8.160     0.5099     1.9245 1.0790e-01     0.1213    97.0120     7.4936     7.9125    31.6411    31.6431    25.1689    25.1706    7.53617 0.0000e+00
       1661     23.338     3.4156     3.4149   2.924831   2.924954     2.7387     2.7204      8.160     0.5197     2.0429 1.0790e-01     0.1217    97.0033     7.4967     7.9202    31.6408    31.6430    25.1687    25.1705    7.53616 0.0000e+00
       1664     23.396     3.4157     3.4150   2.924845   2.924960     2.7383     2.7200      8.160     0.5295     2.0429 1.0790e-01     0.1217    97.0033     7.4959     7.9223    31.6409    31.6429    25.1688    25.1705    7.53614 0.0000e+00
       1667     23.458     3.4155     3.4150   2.924858   2.924977     2.7387     2.7200      8.160     0.5246     2.0429 1.0790e-01     0.1217    97.0033     7.4975     7.9247    31.6412    31.6431    25.1690    25.1705    7.53616 0.0000e+00
       1670     23.517     3.4154     3.4150   2.924865   2.924987     2.7383     2.7204      8.160     0.5295     2.0429 1.0790e-01     0.1213    97.0120     7.4951     7.9269    31.6414    31.6432    25.1692    25.1707    7.53617 0.0000e+00
       1673     23.573     3.4154     3.4150   2.924885   2.925000     2.7383     2.7204      8.160     0.5246     2.0429 1.0790e-01     0.1206    97.0293     7.4954     7.9278    31.6416    31.6434    25.1693    25.1708    7.53616 0.0000e+00
       1676     23.630     3.4154     3.4152   2.924858   2.924989     2.7391     2.7204      8.160     0.5246     2.0429 1.0790e-01     0.1206    97.0293     7.4994     7.9287    31.6412    31.6430    25.1691    25.1705    7.53618 0.0000e+00
       1679     23.685     3.4154     3.4153   2.924846   2.925005     2.7395     2.7204      8.160     0.5246     2.0429 1.0790e-01     0.1206    97.0293     7.5012     7.9295    31.6410    31.6431    25.1689    25.1705    7.53618 0.0000e+00
       1682     23.739     3.4154     3.4153   2.924858   2.925006     2.7387     2.7204      8.160     0.5295     2.0429 1.0790e-01     0.1206    97.0293     7.4991     7.9281    31.6411    31.6430    25.1690    25.1704    7.53618 0.0000e+00
       1685     23.794     3.4154     3.4153   2.924844   2.925007     2.7399     2.7204      8.160     0.5246     2.0034 1.0790e-01     0.1206    97.0293     7.5027     7.9263    31.6410    31.6430    25.1688    25.1705    7.53619 0.0000e+00
       1688     23.848     3.4154     3.4152   2.924846   2.925022     2.7399     2.7204      8.160     0.5099     1.9245 1.0790e-01     0.1206    97.0293     7.5033     7.9266    31.6410    31.6433    25.1688    25.1707    7.53619 0.0000e+00
       1691     23.900     3.4153     3.4151   2.924866   2.925030     2.7395     2.7204      8.160     0.5050     1.9245 1.0790e-01     0.1203    97.0380     7.5020     7.9235    31.6413    31.6435    25.1691    25.1708    7.53619 0.0000e+00
       1694     23.951     3.4152     3.4151   2.924874   2.925040     2.7403     2.7204      8.160     0.5050     1.9245 1.0790e-01     0.1206    97.0293     7.5040     7.9220    31.6415    31.6435    25.1692    25.1709    7.53621 0.0000e+00
       1697     24.001     3.4153     3.4150   2.924865   2.925017     2.7399     2.7204      8.160     0.5148     1.9245 1.0790e-01     0.1206    97.0293     7.5016     7.9221    31.6412    31.6433    25.1690    25.1707    7.53620 0.0000e+00
       1700     24.050     3.4153     3.4149   2.924883   2.925030     2.7408     2.7204      8.160     0.5099     1.9245 1.0790e-01     0.1206    97.0293     7.5033     7.9226    31.6414    31.6436    25.1692    25.1710    7.53619 0.0000e+00
       1703     24.101     3.4154     3.4151   2.924887   2.925012     2.7404     2.7204      8.160     0.5099     1.9245 1.0777e-01     0.1206    97.0293     7.5022     7.9230    31.6413    31.6431    25.1691    25.1706    7.53617 0.0000e+00
       1706     24.152     3.4154     3.4151   2.924881   2.925034     2.7408     2.7204      8.160     0.5099     1.9245 1.0790e-01     0.1206    97.0293     7.5028     7.9228    31.6412    31.6434    25.1690    25.1708    7.53617 0.0000e+00
       1709     24.199     3.4154     3.4152   2.924895   2.925036     2.7404     2.7204      8.160     0.5148     1.9245 1.0790e-01     0.1210    97.0206     7.5003     7.9230    31.6414    31.6432    25.1692    25.1706    7.53617 0.0000e+00
       1712     24.251     3.4155     3.4152   2.924905   2.925038     2.7412     2.7204      8.160     0.5099     1.9640 1.0790e-01     0.1213    97.0120     7.5027     7.9236    31.6413    31.6433    25.1691    25.1707    7.53615 0.0000e+00
       1715     24.301     3.4155     3.4153   2.924913   2.925040     2.7408     2.7196      8.160     0.5002     2.0429 1.0777e-01     0.1210    97.0206     7.5018     7.9206    31.6415    31.6431    25.1692    25.1706    7.53615 0.0000e+00
       1718     24.350     3.4156     3.4154   2.924909   2.925044     2.7404     2.7200      8.160     0.5050     2.0429 1.0790e-01     0.1210    97.0206     7.4991     7.9220    31.6413    31.6431    25.1691    25.1705    7.53614 0.0000e+00
       1721     24.398     3.4155     3.4154   2.924899   2.925056     2.7412     2.7204      8.160     0.5099     2.0429 1.0790e-01     0.1213    97.0120     7.5015     7.9214    31.6413    31.6431    25.1690    25.1706    7.53616 0.0000e+00
       1724     24.450     3.4153     3.4153   2.924894   2.925046     2.7412     2.7204      8.160     0.5099     2.0429 1.0790e-01     0.1210    97.0206     7.5019     7.9201    31.6414    31.6431    25.1691    25.1705    7.53620 0.0000e+00
       1727     24.504     3.4147     3.4150   2.924901   2.925049     2.7412     2.7204      8.160     0.5099     2.0429 1.0790e-01     0.1217    97.0033     7.5030     7.9188    31.6420    31.6434    25.1697    25.1708    7.53627 0.0000e+00
       1730     24.558     3.4146     3.4150   2.924911   2.925053     2.7412     2.7200      8.160     0.5002     2.0429 1.0790e-01     0.1210    97.0206     7.5018     7.9175    31.6422    31.6434    25.1698    25.1708    7.53628 0.0000e+00
       1733     24.616     3.4145     3.4148   2.924898   2.925043     2.7412     2.7204      8.160     0.5099     2.0429 1.0790e-01     0.1199    97.0467     7.5013     7.9196    31.6420    31.6435    25.1697    25.1709    7.53630 0.0000e+00
       1736     24.672     3.4144     3.4149   2.924894   2.925062     2.7412     2.7204      8.160     0.5050     2.0429 1.0790e-01     0.1203    97.0380     7.5009     7.9208    31.6420    31.6436    25.1698    25.1710    7.53632 0.0000e+00
       1739     24.731     3.4146     3.4152   2.924916   2.925051     2.7420     2.7200      8.160     0.5099     1.9640 1.0790e-01     0.1199    97.0467     7.5039     7.9210    31.6421    31.6432    25.1699    25.1706    7.53628 0.0000e+00
       1742     24.794     3.4142     3.4151   2.924922   2.925051     2.7412     2.7200      8.160     0.5148     1.9245 1.0790e-01     0.1203    97.0380     7.5018     7.9213    31.6426    31.6432    25.1702    25.1707    7.53634 0.0000e+00
       1745     24.858     3.4135     3.4152   2.925007   2.925059     2.7416     2.7192      8.160     0.5050     1.9245 1.0790e-01     0.1199    97.0467     7.5026     7.9197    31.6443    31.6432    25.1716    25.1706    7.53639 0.0000e+00
