Datasets/AZMP/COO001/79001075.cnv
* Sea-Bird SBE 9 Data File:
* FileName = C:\CTDDATA\79001075.hex
* Software Version Seasave V 7.26.7.110
* Temperature SN = 5660
* Conductivity SN = 3698
* Number of Bytes Per Scan = 30
* Number of Voltage Words = 4
* Number of Scans Averaged by the Deck Unit = 1
* NMEA baud rate = 9600
** VESSEL/TRIP/SEQ STN:  79001075
** LATITUDE XX XX.XX N:  48 13.55 N
** LONGITUDE XX XX.XX W:  53 31.15 W
** SOUNDING DEPTH (M):  0289
** PROBE TYPE: S1257
** CTD NUMBER: 042
** COMMENTS (14 CHAR): SS-03
** BOTTLES:  0
** LEVELS:
** STICKERS:
** VNET: N
** DO2: N
# nquan = 22
# nvalues = 7684                        
# units = specified
# name 0 = scan: Scan Count
# name 1 = prDM: Pressure, Digiquartz [db]
# name 2 = t090C: Temperature [ITS-90, deg C]
# name 3 = t190C: Temperature, 2 [ITS-90, deg C]
# name 4 = c0S/m: Conductivity [S/m]
# name 5 = c1S/m: Conductivity, 2 [S/m]
# name 6 = sbeox0V: Oxygen raw, SBE 43 [V]
# name 7 = sbeox1V: Oxygen raw, SBE 43, 2 [V]
# name 8 = ph: pH
# name 9 = flECO-AFL: Fluorescence, WET Labs ECO-AFL/FL [mg/m^3]
# name 10 = wetCDOM: Fluorescence, WET Labs CDOM [mg/m^3]
# name 11 = par/sat/log: PAR/Logarithmic, Satlantic [umol photons/m^2/sec]
# name 12 = CStarAt0: Beam Attenuation, WET Labs C-Star [1/m]
# name 13 = CStarTr0: Beam Transmission, WET Labs C-Star [%]
# name 14 = sbeox0ML/L: Oxygen, SBE 43 [ml/l], WS = 2
# name 15 = sbeox1ML/L: Oxygen, SBE 43, 2 [ml/l], WS = 2
# name 16 = sal00: Salinity, Practical [PSU]
# name 17 = sal11: Salinity, Practical, 2 [PSU]
# name 18 = sigma-t00: Density [sigma-t, kg/m^3 ]
# name 19 = sigma-t11: Density, 2 [sigma-t, kg/m^3 ]
# name 20 = oxsatML/L: Oxygen Saturation, Weiss [ml/l]
# name 21 = flag: flag
# span 0 =        403,      26016       
# span 1 =      0.772,    280.291       
# span 2 =    -0.1057,     3.5135       
# span 3 =    -0.1089,     3.5132       
# span 4 =   2.727485,   2.934905       
# span 5 =   2.727429,   2.935057       
# span 6 =     2.1593,     2.7613       
# span 7 =     2.1283,     2.7177       
# span 8 =      7.958,      8.174       
# span 9 =     0.0068,     0.7394       
# span 10 =    -1.1549,     2.9904      
# span 11 = 1.0752e-01, 8.2786e+01      
# span 12 =     0.0779,     0.4068      
# span 13 =    90.3295,    98.0721      
# span 14 =     6.1195,     7.7111      
# span 15 =     6.3775,     8.0566      
# span 16 =    31.2369,    33.6494      
# span 17 =    31.2450,    33.6520      
# span 18 =    24.8445,    26.9740      
# span 19 =    24.8515,    26.9759      
# span 20 =    7.51738,    8.17893      
# span 21 = 0.0000e+00, 0.0000e+00      
# interval = scans: 3                   
# start_time = Dec 01 2019 12:34:56 [System UTC, header]
# bad_flag = -9.990e-29
*END*
[from data line 3424]
      10821    258.433     0.7045     0.7036   2.869374   2.869532     2.1846     2.1500      7.963     0.0459     1.9245 1.0790e-01     0.2863    93.0929     6.1925     6.4735    33.6109    33.6139    26.9465    26.9490    7.97191 0.0000e+00
      10824    258.501     0.7047     0.7036   2.869376   2.869542     2.1842     2.1500      7.963     0.0410     1.9245 1.0790e-01     0.2863    93.0929     6.1933     6.4724    33.6107    33.6140    26.9464    26.9491    7.97189 0.0000e+00
      10827    258.568     0.7048     0.7039   2.869377   2.869577     2.1842     2.1500      7.963     0.0410     1.9245 1.0790e-01     0.2867    93.0842     6.1943     6.4727    33.6106    33.6142    26.9463    26.9491    7.97187 0.0000e+00
      10830    258.636     0.7048     0.7045   2.869391   2.869683     2.1838     2.1500      7.963     0.0410     1.9245 1.0790e-01     0.2867    93.0842     6.1927     6.4716    33.6107    33.6149    26.9464    26.9497    7.97186 0.0000e+00
      10833    258.707     0.7050     0.7050   2.869428   2.869745     2.1842     2.1500      7.963     0.0410     1.9245 1.0790e-01     0.2863    93.0929     6.1958     6.4679    33.6110    33.6150    26.9466    26.9498    7.97181 0.0000e+00
      10836    258.778     0.7051     0.7054   2.869478   2.869826     2.1830     2.1496      7.963     0.0508     1.9245 1.0790e-01     0.2863    93.0929     6.1898     6.4633    33.6114    33.6156    26.9469    26.9503    7.97176 0.0000e+00
      10839    258.850     0.7056     0.7060   2.869556   2.869901     2.1830     2.1500      7.963     0.0459     1.9245 1.0777e-01     0.2893    93.0234     6.1882     6.4623    33.6119    33.6159    26.9472    26.9505    7.97163 0.0000e+00
      10842    258.928     0.7058     0.7066   2.869628   2.869957     2.1838     2.1500      7.963     0.0459     1.9245 1.0790e-01     0.3197    92.3194     6.1905     6.4603    33.6125    33.6159    26.9478    26.9504    7.97155 0.0000e+00
      10845    259.008     0.7067     0.7069   2.869850   2.870016     2.1834     2.1500      7.963     0.0410     1.9245 1.0777e-01     0.3212    92.2847     6.1898     6.4579    33.6144    33.6163    26.9492    26.9507    7.97127 0.0000e+00
      10848    259.085     0.7082     0.7073   2.870131   2.870107     2.1842     2.1496      7.963     0.0410     1.9245 1.0777e-01     0.3212    92.2847     6.1939     6.4537    33.6163    33.6170    26.9507    26.9513    7.97084 0.0000e+00
      10851    259.166     0.7097     0.7094   2.870268   2.870494     2.1830     2.1500      7.963     0.0410     1.9245 1.0777e-01     0.3212    92.2847     6.1876     6.4506    33.6164    33.6196    26.9507    26.9533    7.97053 0.0000e+00
      10854    259.247     0.7106     0.7123   2.870413   2.870824     2.1834     2.1492      7.963     0.0459     1.9245 1.0790e-01     0.3212    92.2847     6.1865     6.4440    33.6173    33.6207    26.9513    26.9540    7.97028 0.0000e+00
      10857    259.322     0.7123     0.7144   2.870714   2.871053     2.1830     2.1488      7.963     0.0410     1.9245 1.0777e-01     0.3212    92.2847     6.1857     6.4387    33.6193    33.6214    26.9528    26.9544    7.96983 0.0000e+00
      10860    259.401     0.7140     0.7161   2.870834   2.871181     2.1826     2.1488      7.963     0.0410     1.9245 1.0790e-01     0.3155    92.4151     6.1840     6.4336    33.6189    33.6212    26.9524    26.9541    7.96948 0.0000e+00
      10863    259.481     0.7150     0.7165   2.870861   2.871196     2.1818     2.1488      7.963     0.0410     1.9245 1.0790e-01     0.2990    92.7974     6.1793     6.4289    33.6182    33.6209    26.9518    26.9539    7.96932 0.0000e+00
      10866    259.563     0.7157     0.7167   2.870922   2.871205     2.1830     2.1488      7.963     0.0459     1.9245 1.0790e-01     0.2998    92.7800     6.1831     6.4271    33.6182    33.6208    26.9517    26.9537    7.96918 0.0000e+00
      10869    259.642     0.7162     0.7166   2.870988   2.871241     2.1830     2.1484      7.963     0.0410     1.9245 1.0790e-01     0.2994    92.7887     6.1802     6.4254    33.6184    33.6213    26.9519    26.9542    7.96906 0.0000e+00
      10872    259.723     0.7167     0.7177   2.870988   2.871355     2.1826     2.1480      7.963     0.0410     1.9245 1.0790e-01     0.2998    92.7800     6.1784     6.4227    33.6179    33.6215    26.9514    26.9543    7.96899 0.0000e+00
      10875    259.803     0.7168     0.7183   2.871003   2.871425     2.1810     2.1476      7.963     0.0410     1.9245 1.0790e-01     0.2994    92.7887     6.1752     6.4237    33.6179    33.6218    26.9514    26.9544    7.96897 0.0000e+00
      10878    259.879     0.7171     0.7189   2.871042   2.871532     2.1814     2.1476      7.963     0.0410     1.9245 1.0790e-01     0.2994    92.7887     6.1778     6.4272    33.6180    33.6224    26.9515    26.9549    7.96889 0.0000e+00
      10881    259.957     0.7175     0.7200   2.871118   2.871642     2.1822     2.1468      7.963     0.0410     1.9245 1.0790e-01     0.3148    92.4324     6.1833     6.4221    33.6185    33.6226    26.9519    26.9551    7.96878 0.0000e+00
      10884    260.033     0.7182     0.7208   2.871212   2.871694     2.1818     2.1464      7.963     0.0410     1.9245 1.0777e-01     0.3284    92.1196     6.1810     6.4193    33.6189    33.6224    26.9522    26.9548    7.96861 0.0000e+00
      10887    260.106     0.7189     0.7213   2.871360   2.871756     2.1814     2.1464      7.963     0.0410     1.9245 1.0777e-01     0.3280    92.1283     6.1773     6.4198    33.6200    33.6226    26.9530    26.9549    7.96840 0.0000e+00
      10890    260.178     0.7200     0.7216   2.871459   2.871786     2.1814     2.1464      7.963     0.0410     1.9245 1.0765e-01     0.3280    92.1283     6.1775     6.4224    33.6201    33.6226    26.9530    26.9550    7.96817 0.0000e+00
      10893    260.251     0.7209     0.7216   2.871542   2.871780     2.1797     2.1464      7.963     0.0459     1.9245 1.0790e-01     0.3280    92.1283     6.1732     6.4267    33.6202    33.6224    26.9530    26.9548    7.96799 0.0000e+00
      10896    260.322     0.7214     0.7217   2.871509   2.871804     2.1806     2.1460      7.963     0.0410     1.9245 1.0790e-01     0.3280    92.1283     6.1792     6.4287    33.6192    33.6226    26.9522    26.9549    7.96794 0.0000e+00
      10899    260.388     0.7212     0.7218   2.871469   2.871823     2.1818     2.1464      7.963     0.0410     1.9245 1.0777e-01     0.3280    92.1283     6.1830     6.4330    33.6188    33.6228    26.9519    26.9550    7.96799 0.0000e+00
      10902    260.457     0.7213     0.7218   2.871495   2.871818     2.1814     2.1460      7.963     0.0410     1.9245 1.0777e-01     0.3431    91.7807     6.1797     6.4346    33.6190    33.6226    26.9520    26.9549    7.96796 0.0000e+00
      10905    260.524     0.7215     0.7218   2.871543   2.871831     2.1810     2.1451      7.963     0.0410     1.9245 1.0790e-01     0.3461    91.7112     6.1783     6.4341    33.6193    33.6228    26.9523    26.9550    7.96790 0.0000e+00
      10908    260.589     0.7218     0.7219   2.871556   2.871866     2.1797     2.1451      7.963     0.0410     1.9245 1.0790e-01     0.3461    91.7112     6.1736     6.4332    33.6192    33.6231    26.9522    26.9553    7.96785 0.0000e+00
      10911    260.653     0.7220     0.7220   2.871578   2.871833     2.1802     2.1451      7.963     0.0410     1.9245 1.0777e-01     0.3461    91.7112     6.1765     6.4337    33.6192    33.6226    26.9522    26.9549    7.96781 0.0000e+00
      10914    260.718     0.7222     0.7221   2.871637   2.871867     2.1806     2.1455      7.963     0.0410     1.9245 1.0765e-01     0.3461    91.7112     6.1802     6.4342    33.6197    33.6228    26.9525    26.9550    7.96773 0.0000e+00
      10917    260.780     0.7227     0.7221   2.871667   2.871869     2.1806     2.1451      7.961     0.0410     1.9245 1.0765e-01     0.3461    91.7112     6.1785     6.4321    33.6195    33.6228    26.9523    26.9550    7.96764 0.0000e+00
      10920    260.841     0.7228     0.7220   2.871722   2.871879     2.1802     2.1451      7.963     0.0410     1.9245 1.0777e-01     0.3469    91.6938     6.1750     6.4317    33.6201    33.6231    26.9529    26.9553    7.96759 0.0000e+00
      10923    260.899     0.7231     0.7219   2.871728   2.871893     2.1797     2.1451      7.963     0.0410     1.9245 1.0777e-01     0.3541    91.5287     6.1731     6.4327    33.6198    33.6232    26.9526    26.9554    7.96754 0.0000e+00
      10926    260.959     0.7231     0.7219   2.871707   2.871866     2.1797     2.1451      7.963     0.0410     1.9245 1.0777e-01     0.3541    91.5287     6.1747     6.4354    33.6196    33.6229    26.9524    26.9551    7.96756 0.0000e+00
      10929    261.016     0.7231     0.7219   2.871706   2.871887     2.1793     2.1447      7.963     0.0410     1.9245 1.0777e-01     0.3541    91.5287     6.1749     6.4343    33.6194    33.6231    26.9523    26.9553    7.96756 0.0000e+00
      10932    261.074     0.7231     0.7220   2.871697   2.871884     2.1793     2.1443      7.963     0.0410     1.9245 1.0765e-01     0.3541    91.5287     6.1759     6.4323    33.6193    33.6229    26.9522    26.9551    7.96756 0.0000e+00
      10935    261.129     0.7230     0.7218   2.871698   2.871887     2.1806     2.1447      7.963     0.0410     1.9245 1.0777e-01     0.3541    91.5287     6.1795     6.4334    33.6194    33.6232    26.9522    26.9554    7.96758 0.0000e+00
      10938    261.183     0.7232     0.7221   2.871737   2.871919     2.1793     2.1439      7.960     0.0508     1.9245 1.0777e-01     0.3541    91.5287     6.1746     6.4300    33.6197    33.6232    26.9525    26.9554    7.96753 0.0000e+00
      10941    261.239     0.7232     0.7223   2.871736   2.871963     2.1793     2.1439      7.963     0.0557     1.9245 1.0777e-01     0.3586    91.4244     6.1753     6.4315    33.6196    33.6235    26.9524    26.9556    7.96753 0.0000e+00
      10944    261.290     0.7231     0.7224   2.871719   2.871930     2.1793     2.1439      7.963     0.0557     1.8060 1.0777e-01     0.3697    91.1724     6.1757     6.4295    33.6194    33.6230    26.9523    26.9552    7.96755 0.0000e+00
      10947    261.343     0.7231     0.7222   2.871734   2.871915     2.1789     2.1439      7.963     0.0557     1.8060 1.0777e-01     0.3689    91.1898     6.1745     6.4288    33.6197    33.6230    26.9525    26.9552    7.96756 0.0000e+00
      10950    261.396     0.7232     0.7225   2.871727   2.871939     2.1789     2.1439      7.963     0.0557     1.8060 1.0765e-01     0.3689    91.1898     6.1742     6.4289    33.6194    33.6230    26.9523    26.9552    7.96755 0.0000e+00
      10953    261.449     0.7231     0.7224   2.871747   2.871958     2.1793     2.1439      7.963     0.0557     1.8060 1.0752e-01     0.3689    91.1898     6.1774     6.4297    33.6197    33.6232    26.9525    26.9554    7.96754 0.0000e+00
      10956    261.505     0.7232     0.7225   2.871751   2.871972     2.1793     2.1439      7.963     0.0557     1.8060 1.0765e-01     0.3689    91.1898     6.1766     6.4295    33.6197    33.6233    26.9525    26.9554    7.96753 0.0000e+00
      10959    261.558     0.7231     0.7227   2.871760   2.871980     2.1789     2.1435      7.963     0.0606     1.8060 1.0777e-01     0.3693    91.1811     6.1744     6.4267    33.6199    33.6231    26.9526    26.9552    7.96754 0.0000e+00
      10962    261.609     0.7232     0.7228   2.871734   2.872030     2.1785     2.1439      7.961     0.0557     1.8060 1.0752e-01     0.3674    91.2245     6.1750     6.4290    33.6194    33.6236    26.9522    26.9557    7.96755 0.0000e+00
      10965    261.663     0.7233     0.7230   2.871755   2.872068     2.1785     2.1431      7.963     0.0508     1.8060 1.0777e-01     0.3655    91.2680     6.1723     6.4241    33.6195    33.6238    26.9524    26.9558    7.96752 0.0000e+00
      10968    261.717     0.7234     0.7235   2.871790   2.872118     2.1785     2.1427      7.963     0.0557     1.8455 1.0765e-01     0.3655    91.2680     6.1706     6.4209    33.6198    33.6239    26.9526    26.9558    7.96748 0.0000e+00
      10971    261.770     0.7234     0.7241   2.871800   2.872184     2.1785     2.1427      7.960     0.0557     1.9245 1.0752e-01     0.3655    91.2680     6.1700     6.4189    33.6199    33.6241    26.9526    26.9560    7.96747 0.0000e+00
      10974    261.825     0.7235     0.7246   2.871792   2.872236     2.1785     2.1427      7.963     0.0606     1.9245 1.0752e-01     0.3655    91.2680     6.1701     6.4193    33.6197    33.6242    26.9525    26.9561    7.96747 0.0000e+00
      10977    261.880     0.7235     0.7248   2.871806   2.872276     2.1794     2.1427      7.963     0.0557     1.9245 1.0765e-01     0.3655    91.2680     6.1715     6.4203    33.6199    33.6245    26.9526    26.9562    7.96746 0.0000e+00
      10980    261.935     0.7235     0.7251   2.871813   2.872298     2.1781     2.1423      7.963     0.0557     1.9245 1.0765e-01     0.3659    91.2593     6.1672     6.4201    33.6199    33.6244    26.9526    26.9562    7.96745 0.0000e+00
      10983    261.990     0.7236     0.7254   2.871850   2.872338     2.1781     2.1423      7.963     0.0557     1.9245 1.0777e-01     0.3674    91.2246     6.1674     6.4221    33.6202    33.6246    26.9529    26.9563    7.96742 0.0000e+00
      10986    262.048     0.7238     0.7258   2.871888   2.872397     2.1777     2.1423      7.961     0.0557     1.9245 1.0777e-01     0.3674    91.2246     6.1641     6.4235    33.6205    33.6249    26.9531    26.9565    7.96736 0.0000e+00
      10989    262.104     0.7239     0.7262   2.871896   2.872443     2.1769     2.1423      7.960     0.0508     1.9245 1.0777e-01     0.3678    91.2159     6.1595     6.4269    33.6204    33.6250    26.9530    26.9566    7.96733 0.0000e+00
      10992    262.158     0.7241     0.7262   2.871890   2.872454     2.1773     2.1415      7.960     0.0557     1.9245 1.0765e-01     0.3674    91.2246     6.1588     6.4247    33.6201    33.6251    26.9528    26.9567    7.96731 0.0000e+00
      10995    262.216     0.7241     0.7263   2.871870   2.872453     2.1773     2.1415      7.963     0.0557     1.9245 1.0765e-01     0.3678    91.2159     6.1586     6.4256    33.6198    33.6249    26.9525    26.9565    7.96732 0.0000e+00
      10998    262.276     0.7241     0.7263   2.871853   2.872458     2.1777     2.1419      7.963     0.0557     1.9245 1.0777e-01     0.3674    91.2246     6.1599     6.4287    33.6196    33.6249    26.9524    26.9565    7.96735 0.0000e+00
      11001    262.333     0.7240     0.7265   2.871885   2.872524     2.1765     2.1419      7.963     0.0606     1.9245 1.0765e-01     0.3674    91.2246     6.1564     6.4306    33.6200    33.6256    26.9527    26.9570    7.96734 0.0000e+00
      11004    262.393     0.7243     0.7268   2.871956   2.872537     2.1773     2.1415      7.963     0.0557     1.9245 1.0765e-01     0.3678    91.2159     6.1615     6.4315    33.6206    33.6254    26.9532    26.9568    7.96725 0.0000e+00
      11007    262.452     0.7246     0.7270   2.872029   2.872561     2.1765     2.1415      7.961     0.0557     1.9245 1.0777e-01     0.3678    91.2159     6.1590     6.4321    33.6212    33.6255    26.9536    26.9570    7.96715 0.0000e+00
      11010    262.511     0.7253     0.7282   2.872219   2.872831     2.1761     2.1415      7.962     0.0557     1.9245 1.0765e-01     0.3678    91.2159     6.1578     6.4345    33.6228    33.6277    26.9549    26.9586    7.96692 0.0000e+00
      11013    262.569     0.7263     0.7296   2.872348   2.873014     2.1757     2.1415      7.961     0.0557     1.9245 1.0777e-01     0.3678    91.2159     6.1571     6.4355    33.6234    33.6284    26.9553    26.9591    7.96667 0.0000e+00
