Datasets/AZMP/COO001/79001094.cnv
* Sea-Bird SBE 9 Data File:
* FileName = C:\CTDDATA\79001094.hex
* Software Version Seasave V 7.26.7.110
* Temperature SN = 5660
* Conductivity SN = 3698
* Number of Bytes Per Scan = 30
* Number of Voltage Words = 4
* Number of Scans Averaged by the Deck Unit = 1
* NMEA baud rate = 9600
** VESSEL/TRIP/SEQ STN:  79001094
** LATITUDE XX XX.XX N:  49 01.50 N
** LONGITUDE XX XX.XX W:  52 04.00 W
** SOUNDING DEPTH (M):  0297
** PROBE TYPE: S1257
** CTD NUMBER: 060
** COMMENTS (14 CHAR): BB-05
** BOTTLES:  13
** LEVELS: 5,5,10,20,20,30,40,50,75,100,150,250,BTM
** STICKERS: 435305 - 435317
** VNET: N
** DO2: Y
# nquan = 22
# nvalues = 6452                        
# units = specified
# name 0 = scan: Scan Count
# name 1 = prDM: Pressure, Digiquartz [db]
# name 2 = t090C: Temperature [ITS-90, deg C]
# name 3 = t190C: Temperature, 2 [ITS-90, deg C]
# name 4 = c0S/m: Conductivity [S/m]
# name 5 = c1S/m: Conductivity, 2 [S/m]
# name 6 = sbeox0V: Oxygen raw, SBE 43 [V]
# name 7 = sbeox1V: Oxygen raw, SBE 43, 2 [V]
# name 8 = ph: pH
# name 9 = flECO-AFL: Fluorescence, WET Labs ECO-AFL/FL [mg/m^3]
# name 10 = wetCDOM: Fluorescence, WET Labs CDOM [mg/m^3]
# name 11 = par/sat/log: PAR/Logarithmic, Satlantic [umol photons/m^2/sec]
# name 12 = CStarAt0: Beam Attenuation, WET Labs C-Star [1/m]
# name 13 = CStarTr0: Beam Transmission, WET Labs C-Star [%]
# name 14 = sbeox0ML/L: Oxygen, SBE 43 [ml/l], WS = 2
# name 15 = sbeox1ML/L: Oxygen, SBE 43, 2 [ml/l], WS = 2
# name 16 = sal00: Salinity, Practical [PSU]
# name 17 = sal11: Salinity, Practical, 2 [PSU]
# name 18 = sigma-t00: Density [sigma-t, kg/m^3 ]
# name 19 = sigma-t11: Density, 2 [sigma-t, kg/m^3 ]
# name 20 = oxsatML/L: Oxygen Saturation, Weiss [ml/l]
# name 21 = flag: flag
# span 0 =         57,      59345       
# span 1 =      1.894,    287.850       
# span 2 =     0.5651,     2.5737       
# span 3 =     0.5654,     2.5728       
# span 4 =   2.832050,   3.093025       
# span 5 =   2.826664,   3.093198       
# span 6 =     2.3081,     2.7562       
# span 7 =     2.2737,     2.7216       
# span 8 =      8.076,      8.198       
# span 9 =    -0.0078,     1.0911       
# span 10 =     1.2928,     2.0429      
# span 11 = 1.0703e-01, 1.9288e+00      
# span 12 =     0.0570,     0.3189      
# span 13 =    92.3369,    98.5848      
# span 14 =     6.2481,     7.8217      
# span 15 =     6.3959,     8.1687      
# span 16 =    32.7202,    34.4527      
# span 17 =    32.7091,    34.4072      
# span 18 =    26.1298,    27.4992      
# span 19 =    26.1209,    27.4556      
# span 20 =    7.55666,    8.00301      
# span 21 = 0.0000e+00, 0.0000e+00      
# interval = scans: 3                   
# start_time = Dec 02 2019 19:47:14 [System UTC, header]
# bad_flag = -9.990e-29
*END*
[from data line 1252]
       5440    107.861     1.9911     1.9675   2.929298   2.925701     2.6859     2.6509      8.170     0.2266     1.8060 1.0790e-01     0.0789    98.0460     7.6066     7.9708    33.0887    33.0685    26.4412    26.4268    7.73753 0.0000e+00
       5443    108.026     2.0078     1.9671   2.931429   2.925461     2.6855     2.6509      8.170     0.2169     1.8060 1.0790e-01     0.0789    98.0460     7.6016     7.9707    33.0978    33.0658    26.4472    26.4246    7.73375 0.0000e+00
       5446    108.193     2.0198     1.9730   2.931999   2.926709     2.6859     2.6509      8.170     0.2169     1.8060 1.0802e-01     0.0807    98.0026     7.6006     7.9683    33.0923    33.0752    26.4419    26.4317    7.73167 0.0000e+00
       5449    108.359     2.0252     1.9926   2.931973   2.928961     2.6855     2.6509      8.170     0.2169     1.8060 1.0790e-01     0.0811    97.9939     7.5957     7.9617    33.0862    33.0827    26.4367    26.4362    7.73092 0.0000e+00
       5452    108.525     2.0265     2.0128   2.931866   2.931134     2.6851     2.6501      8.172     0.2218     1.8060 1.0790e-01     0.0811    97.9939     7.5920     7.9536    33.0834    33.0886    26.4343    26.4396    7.73080 0.0000e+00
       5455    108.687     2.0267     2.0227   2.931789   2.931769     2.6847     2.6497      8.172     0.2218     1.8060 1.0790e-01     0.0811    97.9939     7.5897     7.9502    33.0822    33.0861    26.4334    26.4368    7.73083 0.0000e+00
       5458    108.845     2.0261     2.0250   2.931719   2.931895     2.6847     2.6501      8.170     0.2169     1.8060 1.0790e-01     0.0811    97.9939     7.5890     7.9502    33.0818    33.0852    26.4331    26.4358    7.73096 0.0000e+00
       5461    109.000     2.0256     2.0254   2.931699   2.931935     2.6851     2.6497      8.170     0.2022     1.7665 1.0790e-01     0.0811    97.9939     7.5903     7.9454    33.0821    33.0852    26.4333    26.4358    7.73106 0.0000e+00
       5464    109.152     2.0251     2.0248   2.931757   2.931902     2.6843     2.6497      8.170     0.1925     1.6876 1.0790e-01     0.0804    98.0113     7.5883     7.9420    33.0832    33.0852    26.4343    26.4359    7.73110 0.0000e+00
       5467    109.298     2.0250     2.0250   2.931792   2.931946     2.6843     2.6497      8.172     0.1925     1.6876 1.0790e-01     0.0782    98.0634     7.5885     7.9389    33.0836    33.0855    26.4346    26.4361    7.73109 0.0000e+00
       5470    109.441     2.0249     2.0245   2.931766   2.931931     2.6839     2.6489      8.170     0.2022     1.6876 1.0790e-01     0.0786    98.0547     7.5874     7.9336    33.0833    33.0859    26.4344    26.4364    7.73112 0.0000e+00
       5473    109.574     2.0241     2.0233   2.931603   2.931793     2.6831     2.6485      8.172     0.1876     1.6876 1.0790e-01     0.0779    98.0721     7.5858     7.9318    33.0821    33.0853    26.4334    26.4360    7.73135 0.0000e+00
       5476    109.700     2.0232     2.0216   2.931595   2.931716     2.6827     2.6485      8.172     0.1925     1.6876 1.0790e-01     0.0786    98.0547     7.5847     7.9318    33.0829    33.0861    26.4341    26.4368    7.73149 0.0000e+00
       5479    109.817     2.0223     2.0219   2.931496   2.931789     2.6835     2.6481      8.170     0.1925     1.6876 1.0790e-01     0.0786    98.0547     7.5880     7.9274    33.0825    33.0866    26.4339    26.4372    7.73167 0.0000e+00
       5482    109.925     2.0215     2.0220   2.931476   2.931793     2.6827     2.6472      8.170     0.1876     1.6876 1.0790e-01     0.0782    98.0634     7.5859     7.9225    33.0830    33.0865    26.4343    26.4371    7.73181 0.0000e+00
       5485    110.026     2.0216     2.0221   2.931579   2.931894     2.6831     2.6472      8.170     0.1827     1.6876 1.0790e-01     0.0786    98.0547     7.5871     7.9224    33.0841    33.0875    26.4353    26.4379    7.73173 0.0000e+00
       5488    110.118     2.0215     2.0251   2.931536   2.932206     2.6835     2.6468      8.170     0.1973     1.6876 1.0790e-01     0.0772    98.0895     7.5893     7.9217    33.0836    33.0883    26.4348    26.4383    7.73177 0.0000e+00
       5491    110.202     2.0213     2.0270   2.931490   2.932439     2.6823     2.6460      8.172     0.1876     1.6876 1.0790e-01     0.0779    98.0721     7.5851     7.9216    33.0833    33.0892    26.4346    26.4389    7.73184 0.0000e+00
       5494    110.279     2.0210     2.0314   2.931456   2.933007     2.6823     2.6460      8.173     0.1925     1.6876 1.0802e-01     0.0775    98.0808     7.5859     7.9253    33.0830    33.0916    26.4344    26.4405    7.73190 0.0000e+00
       5497    110.349     2.0209     2.0359   2.931347   2.933265     2.6823     2.6460      8.172     0.1925     1.6876 1.0790e-01     0.0775    98.0808     7.5863     7.9279    33.0819    33.0900    26.4335    26.4389    7.73200 0.0000e+00
       5500    110.408     2.0205     2.0371   2.931211   2.933212     2.6818     2.6456      8.172     0.1925     1.6876 1.0790e-01     0.0772    98.0895     7.5843     7.9307    33.0805    33.0881    26.4324    26.4372    7.73214 0.0000e+00
       5503    110.463     2.0182     2.0371   2.930402   2.933217     2.6823     2.6448      8.173     0.1973     1.6876 1.0802e-01     0.0779    98.0721     7.5854     7.9332    33.0728    33.0882    26.4264    26.4373    7.73300 0.0000e+00
       5506    110.515     2.0123     2.0372   2.929453   2.933310     2.6818     2.6448      8.170     0.1925     1.6876 1.0790e-01     0.0832    97.9418     7.5851     7.9380    33.0670    33.0892    26.4222    26.4381    7.73446 0.0000e+00
       5509    110.560     2.0078     2.0383   2.929212   2.933377     2.6806     2.6448      8.173     0.1876     1.6876 1.0790e-01     0.0864    97.8636     7.5802     7.9419    33.0687    33.0888    26.4239    26.4377    7.73526 0.0000e+00
       5512    110.600     2.0051     2.0386   2.929169   2.933425     2.6814     2.6448      8.170     0.1973     1.6876 1.0802e-01     0.0864    97.8636     7.5840     7.9460    33.0710    33.0890    26.4260    26.4379    7.73569 0.0000e+00
       5515    110.637     2.0037     2.0393   2.929146   2.933507     2.6806     2.6448      8.172     0.1876     1.6876 1.0790e-01     0.0864    97.8636     7.5836     7.9499    33.0721    33.0894    26.4270    26.4381    7.73590 0.0000e+00
       5518    110.667     2.0035     2.0407   2.929320   2.933525     2.6814     2.6448      8.172     0.1925     1.6481 1.0790e-01     0.0864    97.8636     7.5867     7.9521    33.0745    33.0881    26.4289    26.4370    7.73581 0.0000e+00
       5521    110.695     2.0038     2.0405   2.929437   2.933388     2.6806     2.6448      8.172     0.1925     1.6876 1.0790e-01     0.0864    97.8636     7.5838     7.9552    33.0756    33.0866    26.4297    26.4358    7.73570 0.0000e+00
       5524    110.722     2.0041     2.0392   2.929419   2.933413     2.6806     2.6448      8.170     0.1925     1.6876 1.0790e-01     0.0864    97.8636     7.5854     7.9584    33.0751    33.0883    26.4293    26.4373    7.73567 0.0000e+00
       5527    110.747     2.0040     2.0397   2.929371   2.933458     2.6798     2.6448      8.170     0.1876     1.6481 1.0790e-01     0.0782    98.0634     7.5813     7.9600    33.0746    33.0883    26.4289    26.4372    7.73572 0.0000e+00
       5530    110.771     2.0040     2.0399   2.929380   2.933473     2.6802     2.6448      8.170     0.1973     1.6876 1.0790e-01     0.0768    98.0982     7.5839     7.9599    33.0747    33.0883    26.4290    26.4372    7.73571 0.0000e+00
       5533    110.796     2.0039     2.0399   2.929384   2.933493     2.6790     2.6448      8.170     0.1876     1.6876 1.0790e-01     0.0768    98.0982     7.5816     7.9599    33.0748    33.0885    26.4291    26.4374    7.73572 0.0000e+00
       5536    110.822     2.0040     2.0408   2.929378   2.933620     2.6798     2.6448      8.170     0.1925     1.6876 1.0790e-01     0.0768    98.0982     7.5845     7.9622    33.0746    33.0891    26.4290    26.4378    7.73572 0.0000e+00
       5539    110.845     2.0038     2.0417   2.929343   2.933742     2.6802     2.6448      8.170     0.2169     1.6876 1.0790e-01     0.0768    98.0982     7.5879     7.9648    33.0743    33.0897    26.4288    26.4382    7.73576 0.0000e+00
       5542    110.870     2.0034     2.0428   2.929216   2.933866     2.6794     2.6448      8.170     0.2315     1.8060 1.0790e-01     0.0768    98.0982     7.5871     7.9642    33.0732    33.0900    26.4279    26.4384    7.73591 0.0000e+00
       5545    110.896     2.0024     2.0430   2.929059   2.933857     2.6794     2.6448      8.170     0.2413     1.8060 1.0790e-01     0.0775    98.0808     7.5892     7.9658    33.0723    33.0898    26.4272    26.4381    7.73616 0.0000e+00
       5548    110.924     2.0018     2.0418   2.929045   2.933760     2.6798     2.6448      8.170     0.2462     1.8060 1.0790e-01     0.0789    98.0460     7.5933     7.9686    33.0727    33.0897    26.4276    26.4382    7.73625 0.0000e+00
       5551    110.955     2.0014     2.0418   2.929172   2.933833     2.6778     2.6448      8.170     0.2364     1.8060 1.0790e-01     0.0789    98.0460     7.5882     7.9702    33.0747    33.0906    26.4292    26.4389    7.73623 0.0000e+00
       5554    110.987     2.0019     2.0434   2.929149   2.933966     2.6790     2.6448      8.170     0.2462     1.8060 1.0790e-01     0.0793    98.0373     7.5915     7.9683    33.0739    33.0906    26.4285    26.4388    7.73617 0.0000e+00
       5557    111.022     2.0021     2.0427   2.929141   2.933741     2.6798     2.6448      8.170     0.2364     1.8060 1.0790e-01     0.0793    98.0373     7.5931     7.9666    33.0735    33.0885    26.4282    26.4372    7.73615 0.0000e+00
       5560    111.061     2.0018     2.0338   2.929194   2.932400     2.6790     2.6460      8.170     0.2364     1.8060 1.0790e-01     0.0789    98.0460     7.5885     7.9714    33.0746    33.0811    26.4291    26.4319    7.73616 0.0000e+00
       5563    111.099     2.0021     2.0242   2.929296   2.931406     2.6798     2.6456      8.170     0.2413     1.8060 1.0790e-01     0.0789    98.0460     7.5905     7.9690    33.0754    33.0787    26.4297    26.4307    7.73605 0.0000e+00
       5566    111.141     2.0022     2.0132   2.929131   2.930182     2.6794     2.6448      8.172     0.2120     1.7665 1.0802e-01     0.0793    98.0373     7.5864     7.9628    33.0733    33.0749    26.4280    26.4285    7.73615 0.0000e+00
       5569    111.186     2.0022     2.0055   2.929449   2.929590     2.6794     2.6460      8.170     0.2120     1.6876 1.0790e-01     0.0782    98.0634     7.5808     7.9602    33.0772    33.0755    26.4311    26.4295    7.73593 0.0000e+00
       5572    111.237     2.0047     2.0032   2.929870   2.929522     2.6798     2.6460      8.172     0.2022     1.6876 1.0790e-01     0.0786    98.0547     7.5762     7.9492    33.0798    33.0771    26.4330    26.4310    7.73530 0.0000e+00
       5575    111.288     2.0074     2.0023   2.930211   2.929419     2.6794     2.6456      8.172     0.2120     1.6876 1.0790e-01     0.0789    98.0460     7.5671     7.9336    33.0812    33.0767    26.4340    26.4307    7.73470 0.0000e+00
       5578    111.342     2.0101     2.0023   2.930458   2.929530     2.6782     2.6448      8.170     0.2169     1.6876 1.0790e-01     0.0789    98.0460     7.5548     7.9151    33.0814    33.0780    26.4340    26.4318    7.73415 0.0000e+00
       5581    111.396     2.0124     2.0035   2.930627   2.929615     2.6786     2.6448      8.170     0.2120     1.6876 1.0802e-01     0.0789    98.0460     7.5511     7.8985    33.0811    33.0778    26.4335    26.4316    7.73371 0.0000e+00
       5584    111.453     2.0149     2.0029   2.931095   2.929497     2.6782     2.6448      8.170     0.2120     1.6876 1.0790e-01     0.0782    98.0634     7.5438     7.8820    33.0843    33.0769    26.4359    26.4309    7.73305 0.0000e+00
       5587    111.511     2.0186     2.0022   2.931657   2.929445     2.6774     2.6440      8.173     0.2071     1.6876 1.0790e-01     0.0786    98.0547     7.5326     7.8656    33.0874    33.0770    26.4381    26.4309    7.73216 0.0000e+00
       5590    111.568     2.0225     2.0012   2.931801   2.929284     2.6757     2.6432      8.170     0.2169     1.6876 1.0790e-01     0.0789    98.0460     7.5208     7.8480    33.0851    33.0760    26.4360    26.4302    7.73150 0.0000e+00
       5593    111.628     2.0236     2.0013   2.931579   2.929531     2.6753     2.6419      8.172     0.2022     1.6876 1.0790e-01     0.0786    98.0547     7.5119     7.8311    33.0812    33.0789    26.4327    26.4325    7.73149 0.0000e+00
       5596    111.690     2.0237     2.0101   2.931681   2.930938     2.6733     2.6407      8.172     0.2071     1.6876 1.0790e-01     0.0782    98.0634     7.4993     7.8156    33.0823    33.0872    26.4336    26.4385    7.73141 0.0000e+00
       5599    111.756     2.0239     2.0230   2.931741   2.931894     2.6733     2.6391      8.170     0.2071     1.6876 1.0790e-01     0.0782    98.0634     7.4977     7.7997    33.0828    33.0856    26.4340    26.4364    7.73134 0.0000e+00
       5602    111.824     2.0238     2.0207   2.931608   2.931252     2.6729     2.6383      8.172     0.2071     1.6876 1.0790e-01     0.0782    98.0634     7.4930     7.7906    33.0812    33.0800    26.4327    26.4320    7.73144 0.0000e+00
       5605    111.891     2.0260     2.0180   2.932488   2.931280     2.6725     2.6371      8.172     0.2022     1.6876 1.0790e-01     0.0782    98.0634     7.4864     7.7805    33.0898    33.0832    26.4395    26.4347    7.73056 0.0000e+00
       5608    111.962     2.0344     2.0324   2.934122   2.933369     2.6709     2.6354      8.175     0.2071     1.6876 1.0790e-01     0.0779    98.0721     7.4756     7.7660    33.1014    33.0941    26.4481    26.4425    7.72830 0.0000e+00
       5611    112.032     2.0424     2.0451   2.934670   2.934481     2.6692     2.6346      8.173     0.2120     1.6876 1.0790e-01     0.0779    98.0721     7.4659     7.7576    33.0999    33.0946    26.4463    26.4419    7.72680 0.0000e+00
       5614    112.104     2.0465     2.0491   2.934710   2.934845     2.6680     2.6338      8.170     0.2022     1.6876 1.0790e-01     0.0779    98.0721     7.4572     7.7511    33.0960    33.0950    26.4429    26.4419    7.72619 0.0000e+00
       5617    112.176     2.0474     2.0491   2.934567   2.934902     2.6660     2.6330      8.170     0.1973     1.6481 1.0802e-01     0.0779    98.0721     7.4481     7.7454    33.0932    33.0956    26.4406    26.4424    7.72615 0.0000e+00
       5620    112.247     2.0477     2.0503   2.934625   2.934952     2.6660     2.6317      8.172     0.1876     1.6876 1.0790e-01     0.0779    98.0721     7.4460     7.7351    33.0936    33.0950    26.4409    26.4418    7.72607 0.0000e+00
       5623    112.320     2.0463     2.0406   2.933877   2.933686     2.6656     2.6301      8.170     0.2022     1.6876 1.0790e-01     0.0779    98.0721     7.4414     7.7258    33.0857    33.0893    26.4347    26.4380    7.72675 0.0000e+00
       5626    112.393     2.0329     2.0191   2.931388   2.932004     2.6635     2.6293      8.170     0.1925     1.6876 1.0790e-01     0.0775    98.0808     7.4350     7.7213    33.0687    33.0907    26.4220    26.4407    7.73031 0.0000e+00
       5629    112.469     2.0171     1.9989   2.930389   2.929750     2.6623     2.6281      8.170     0.1925     1.6876 1.0790e-01     0.0757    98.1243     7.4318     7.7152    33.0726    33.0837    26.4264    26.4366    7.73322 0.0000e+00
