Datasets/AZMP/COO001/79001001.cnv
* Sea-Bird SBE 9 Data File:
* FileName = C:\CTDDATA\79001001.hex
* Software Version Seasave V 7.26.7.110
* Temperature SN = 5811
* Conductivity SN = 4531
* Number of Bytes Per Scan = 30
* Number of Voltage Words = 4
* Number of Scans Averaged by the Deck Unit = 1
* NMEA baud rate = 9600
** VESSEL/TRIP/SEQ STN:  79001001
** LATITUDE XX XX.XX N:  47 32.80 N
** LONGITUDE XX XX.XX W:  52 35.20 W
** SOUNDING DEPTH (M):  0180
** PROBE TYPE (S1221): S1221
** CTD NUMBER: 001
** COMMENTS (14 CHAR):  S27-01
** BOTTLES:  20
** LEVELS: 5,5,5,5,10,20,20,20,20,30,40,50,50,50,75,100,100,100,150,BTM
** STICKERS: 434558 - 434577
** VNET: Y
** DO2: N
# nquan = 22
# nvalues = 4286                        
# units = specified
# name 0 = scan: Scan Count
# name 1 = prDM: Pressure, Digiquartz [db]
# name 2 = t090C: Temperature [ITS-90, deg C]
# name 3 = t190C: Temperature, 2 [ITS-90, deg C]
# name 4 = c0S/m: Conductivity [S/m]
# name 5 = c1S/m: Conductivity, 2 [S/m]
# name 6 = sbeox0V: Oxygen raw, SBE 43 [V]
# name 7 = sbeox1V: Oxygen raw, SBE 43, 2 [V]
# name 8 = ph: pH
# name 9 = flECO-AFL: Fluorescence, WET Labs ECO-AFL/FL [mg/m^3]
# name 10 = wetCDOM: Fluorescence, WET Labs CDOM [mg/m^3]
# name 11 = par/sat/log: PAR/Logarithmic, Satlantic [umol photons/m^2/sec]
# name 12 = CStarAt0: Beam Attenuation, WET Labs C-Star [1/m]
# name 13 = CStarTr0: Beam Transmission, WET Labs C-Star [%]
# name 14 = sbeox0ML/L: Oxygen, SBE 43 [ml/l], WS = 2
# name 15 = sbeox1ML/L: Oxygen, SBE 43, 2 [ml/l], WS = 2
# name 16 = sal00: Salinity, Practical [PSU]
# name 17 = sal11: Salinity, Practical, 2 [PSU]
# name 18 = sigma-t00: Density [sigma-t, kg/m^3 ]
# name 19 = sigma-t11: Density, 2 [sigma-t, kg/m^3 ]
# name 20 = oxsatML/L: Oxygen Saturation, Weiss [ml/l]
# name 21 = flag: flag
# span 0 =         29,      40161       
# span 1 =      2.696,    174.146       
# span 2 =    -0.9459,     5.5977       
# span 3 =    -0.9465,     5.5986       
# span 4 =   2.669134,   3.086285       
# span 5 =   2.669263,   3.086290       
# span 6 =     2.2515,     2.6521       
# span 7 =     2.1453,     2.5300       
# span 8 =      7.941,      8.127       
# span 9 =     0.0460,     0.8445       
# span 10 =    -1.0780,   108.9220      
# span 11 = 1.1679e-01, 7.8612e-01      
# span 12 =    -0.1131,    -0.0242      
# span 13 =   100.6064,   102.8672      
# span 14 =     7.4899,     8.3211      
# span 15 =     7.5859,     8.6531      
# span 16 =    31.4105,    32.9469      
# span 17 =    31.4332,    32.9473      
# span 18 =    24.7668,    26.4851      
# span 19 =    24.7824,    26.4854      
# span 20 =    7.15341,    8.37621      
# span 21 = 0.0000e+00, 0.0000e+00      
# interval = scans: 3                   
# start_time = Nov 17 2019 20:06:07 [System UTC, header]
# bad_flag = -9.990e-29
*END*
[from data line 3293]
      20056     64.124     4.9411     4.7625   3.052037   3.041386     2.6294     2.5085      8.107     0.4953     0.0771 1.1787e-01    -0.0450   101.1309     7.6765     7.8143    31.6395    31.6872    25.0182    25.0751    7.25804 0.0000e+00
      20059     64.038     4.9479     4.7804   3.052064   3.042086     2.6294     2.5085      8.107     0.4929     0.0771 1.1773e-01    -0.0450   101.1309     7.6769     7.8152    31.6334    31.6783    25.0127    25.0661    7.25713 0.0000e+00
      20062     63.950     4.9495     4.7786   3.052307   3.042325     2.6303     2.5085      8.107     0.4929     0.0771 1.1773e-01    -0.0450   101.1309     7.6802     7.8204    31.6347    31.6828    25.0135    25.0699    7.25679 0.0000e+00
      20065     63.863     4.9582     4.8037   3.053072   3.043714     2.6303     2.5098      8.107     0.4978     0.0681 1.1760e-01    -0.0450   101.1309     7.6791     7.8246    31.6352    31.6749    25.0131    25.0610    7.25523 0.0000e+00
      20068     63.774     4.9588     4.8237   3.052541   3.044417     2.6311     2.5098      8.107     0.4953     0.0771 1.1760e-01    -0.0454   101.1399     7.6819     7.8230    31.6286    31.6639    25.0077    25.0501    7.25544 0.0000e+00
      20071     63.679     4.9302     4.8057   3.050616   3.043722     2.6311     2.5102      8.107     0.5100     0.0681 1.1773e-01    -0.0450   101.1309     7.6860     7.8283    31.6338    31.6732    25.0150    25.0594    7.26024 0.0000e+00
      20074     63.580     4.8977     4.7727   3.048784   3.042027     2.6319     2.5110      8.107     0.5075     0.0681 1.1760e-01    -0.0450   101.1309     7.6931     7.8383    31.6437    31.6852    25.0262    25.0724    7.26550 0.0000e+00
      20077     63.480     4.8823     4.7447   3.048297   3.040711     2.6319     2.5118      8.107     0.5100    -0.4871 1.1773e-01    -0.0450   101.1309     7.6944     7.8472    31.6528    31.6968    25.0351    25.0845    7.26778 0.0000e+00
      20080     63.380     4.8760     4.7294   3.047897   3.040024     2.6323     2.5122      8.107     0.5100    -0.5587 1.1787e-01    -0.0450   101.1309     7.6951     7.8514    31.6542    31.7036    25.0369    25.0915    7.26882 0.0000e+00
      20083     63.281     4.8747     4.7260   3.047958   3.039829     2.6327     2.5126      8.107     0.5124    -0.5587 1.1773e-01    -0.0454   101.1399     7.6956     7.8510    31.6563    31.7046    25.0387    25.0927    7.26897 0.0000e+00
      20086     63.181     4.8996     4.7447   3.049565   3.040755     2.6327     2.5134      8.107     0.5100    -0.5676 1.1773e-01    -0.0450   101.1309     7.6886     7.8461    31.6511    31.6975    25.0319    25.0850    7.26482 0.0000e+00
      20089     63.078     4.9301     4.7953   3.051342   3.042785     2.6327     2.5134      8.107     0.5100    -0.5587 1.1773e-01    -0.0454   101.1399     7.6816     7.8312    31.6424    31.6725    25.0218    25.0600    7.25984 0.0000e+00
      20092     62.970     4.9445     4.7651   3.052008   3.042172     2.6327     2.5134      8.107     0.5124    -0.5587 1.1773e-01    -0.0450   101.1309     7.6782     7.8339    31.6365    31.6944    25.0155    25.0805    7.25758 0.0000e+00
      20095     62.859     4.9224     4.7824   3.050265   3.043648     2.6323     2.5134      8.107     0.5075    -0.5587 1.1773e-01    -0.0450   101.1309     7.6807     7.8265    31.6376    31.6950    25.0187    25.0791    7.26143 0.0000e+00
      20098     62.749     4.9110     4.8107   3.050228   3.044444     2.6323     2.5138      8.107     0.5027    -0.5497 1.1773e-01    -0.0450   101.1309     7.6810     7.8198    31.6480    31.6771    25.0283    25.0619    7.26294 0.0000e+00
      20101     62.641     4.9537     4.8049   3.052650   3.043737     2.6331     2.5142      8.107     0.5051    -0.3975 1.1787e-01    -0.0450   101.1309     7.6746     7.8193    31.6353    31.6746    25.0136    25.0606    7.25603 0.0000e+00
      20104     62.535     4.9632     4.8024   3.052552   3.044563     2.6327     2.5142      8.107     0.5027     0.2382 1.1787e-01    -0.0450   101.1309     7.6706     7.8162    31.6252    31.6866    25.0046    25.0703    7.25483 0.0000e+00
      20107     62.425     4.9460     4.8349   3.051673   3.046169     2.6335     2.5142      8.107     0.5027     0.2382 1.1787e-01    -0.0450   101.1309     7.6754     7.8060    31.6316    31.6740    25.0115    25.0570    7.25756 0.0000e+00
      20110     62.309     4.9784     4.9322   3.054230   3.051677     2.6331     2.5134      8.107     0.5027     0.2382 1.1787e-01    -0.0450   101.1309     7.6667     7.7808    31.6301    31.6447    25.0068    25.0234    7.25192 0.0000e+00
      20113     62.190     5.0325     4.9635   3.057226   3.052593     2.6335     2.5138      8.107     0.4978     0.2382 1.1787e-01    -0.0450   101.1309     7.6574     7.7753    31.6131    31.6255    24.9875    25.0048    7.24322 0.0000e+00
      20116     62.070     5.0684     4.9510   3.058465   3.051422     2.6343     2.5146      8.107     0.5002     0.2382 1.1773e-01    -0.0450   101.1309     7.6535     7.7798    31.5933    31.6241    24.9680    25.0050    7.23785 0.0000e+00
      20119     61.952     5.0672     4.9685   3.058088   3.053081     2.6335     2.5146      8.107     0.5027     0.2382 1.1773e-01    -0.0457   101.1490     7.6502     7.7737    31.5902    31.6265    24.9656    25.0050    7.23821 0.0000e+00
      20122     61.836     5.0799     5.0786   3.059197   3.058725     2.6331     2.5146      8.106     0.4929     0.2382 1.1773e-01    -0.0461   101.1580     7.6447     7.7502    31.5908    31.5867    24.9647    24.9616    7.23594 0.0000e+00
      20125     61.721     5.0969     5.0858   3.060031   3.058884     2.6331     2.5142      8.106     0.4855     0.2382 1.1773e-01    -0.0457   101.1490     7.6406     7.7462    31.5843    31.5818    24.9578    24.9570    7.23327 0.0000e+00
      20128     61.604     5.1021     5.1000   3.060063   3.059644     2.6331     2.5138      8.106     0.4855    -0.2543 1.1787e-01    -0.0457   101.1490     7.6391     7.7416    31.5799    31.5770    24.9536    24.9516    7.23258 0.0000e+00
      20131     61.483     5.0870     5.1039   3.059244   3.059811     2.6327     2.5134      8.106     0.4880    -0.8721 1.1787e-01    -0.0450   101.1309     7.6401     7.7379    31.5849    31.5753    24.9593    24.9498    7.23499 0.0000e+00
      20134     61.364     5.1011     5.1121   3.060375   3.060310     2.6331     2.5134      8.106     0.4831    -0.8452 1.1746e-01    -0.0454   101.1399     7.6378     7.7354    31.5844    31.5733    24.9574    24.9474    7.23253 0.0000e+00
      20137     61.246     5.1202     5.1183   3.061010   3.060690     2.6331     2.5142      8.108     0.4880    -0.8631 1.1773e-01    -0.0450   101.1309     7.6333     7.7355    31.5738    31.5719    24.9468    24.9455    7.22971 0.0000e+00
      20140     61.131     5.1218     5.1249   3.061023   3.060825     2.6331     2.5134      8.106     0.4855    -0.8541 1.1746e-01    -0.0461   101.1580     7.6327     7.7297    31.5724    31.5672    24.9455    24.9411    7.22948 0.0000e+00
      20143     61.016     5.1231     5.1118   3.060996   3.060257     2.6331     2.5134      8.106     0.4904    -0.8631 1.1773e-01    -0.0450   101.1309     7.6325     7.7316    31.5710    31.5732    24.9443    24.9473    7.22933 0.0000e+00
      20146     60.902     5.1163     5.1181   3.060441   3.060747     2.6331     2.5134      8.109     0.4880    -0.8631 1.1760e-01    -0.0461   101.1580     7.6332     7.7304    31.5710    31.5729    24.9451    24.9464    7.23051 0.0000e+00
      20149     60.787     5.1023     5.1346   3.059847   3.061382     2.6331     2.5134      8.106     0.5173    -0.8631 1.1773e-01    -0.0457   101.1490     7.6350     7.7278    31.5776    31.5646    24.9519    24.9380    7.23266 0.0000e+00
      20152     60.666     5.1042     5.1317   3.059969   3.061256     2.6331     2.5130      8.109     0.5149    -0.8541 1.1773e-01    -0.0454   101.1399     7.6341     7.7268    31.5772    31.5659    24.9514    24.9394    7.23234 0.0000e+00
      20155     60.547     5.1260     5.1336   3.061312   3.061329     2.6327     2.5130      8.106     0.5198    -0.4691 1.1773e-01    -0.0457   101.1490     7.6276     7.7262    31.5720    31.5650    24.9448    24.9385    7.22876 0.0000e+00
      20158     60.432     5.1577     5.1499   3.062562   3.061932     2.6327     2.5130      8.106     0.5173    -0.3259 1.1760e-01    -0.0454   101.1399     7.6212     7.7224    31.5564    31.5566    24.9290    24.9300    7.22397 0.0000e+00
      20161     60.319     5.1744     5.1515   3.062929   3.061909     2.6323     2.5130      8.108     0.5173    -0.3348 1.1787e-01    -0.0461   101.1580     7.6170     7.7204    31.5448    31.5548    24.9180    24.9284    7.22160 0.0000e+00
      20164     60.208     5.1694     5.1431   3.062593   3.061623     2.6319     2.5122      8.106     0.5198    -0.3259 1.1787e-01    -0.0461   101.1580     7.6167     7.7184    31.5458    31.5596    24.9193    24.9331    7.22242 0.0000e+00
      20167     60.095     5.1628     5.1394   3.062253   3.061451     2.6319     2.5122      8.108     0.5173    -0.3259 1.1787e-01    -0.0461   101.1580     7.6184     7.7180    31.5482    31.5611    24.9220    24.9347    7.22347 0.0000e+00
      20170     59.983     5.1458     5.1512   3.061442   3.061958     2.6319     2.5122      8.109     0.5149    -0.3348 1.1787e-01    -0.0461   101.1580     7.6220     7.7151    31.5550    31.5559    24.9292    24.9293    7.22610 0.0000e+00
      20173     59.870     5.1322     5.1596   3.060978   3.062192     2.6319     2.5122      8.109     0.5149    -0.3438 1.1773e-01    -0.0461   101.1580     7.6252     7.7120    31.5627    31.5506    24.9368    24.9242    7.22813 0.0000e+00
      20176     59.759     5.1288     5.1644   3.060859   3.062353     2.6319     2.5122      8.106     0.5173    -0.3348 1.1760e-01    -0.0457   101.1490     7.6271     7.7101    31.5646    31.5480    24.9386    24.9216    7.22863 0.0000e+00
      20179     59.650     5.1341     5.1748   3.061078   3.062718     2.6315     2.5122      8.106     0.5198    -0.1736 1.1787e-01    -0.0454   101.1399     7.6270     7.7068    31.5622    31.5424    24.9361    24.9160    7.22782 0.0000e+00
      20182     59.544     5.1310     5.1790   3.060887   3.062889     2.6319     2.5118      8.106     0.5173     1.7962 1.1760e-01    -0.0461   101.1580     7.6306     7.7031    31.5629    31.5404    24.9371    24.9140    7.22832 0.0000e+00
      20185     59.438     5.1269     5.1837   3.060662   3.063003     2.6319     2.5110      8.108     0.5149     1.8858 1.1787e-01    -0.0461   101.1580     7.6325     7.6974    31.5643    31.5374    24.9386    24.9111    7.22898 0.0000e+00
      20188     59.333     5.1267     5.1827   3.060774   3.062943     2.6319     2.5110      8.108     0.5149     1.8768 1.1773e-01    -0.0461   101.1580     7.6334     7.6966    31.5658    31.5376    24.9399    24.9114    7.22894 0.0000e+00
      20191     59.225     5.1340     5.1822   3.061094   3.062915     2.6319     2.5110      8.111     0.5173     1.8947 1.1773e-01    -0.0461   101.1580     7.6330     7.6950    31.5626    31.5379    24.9365    24.9116    7.22781 0.0000e+00
      20194     59.118     5.1412     5.1839   3.061427   3.062973     2.6319     2.5106      8.109     0.5198     1.8947 1.1760e-01    -0.0461   101.1580     7.6328     7.6923    31.5597    31.5369    24.9334    24.9107    7.22670 0.0000e+00
      20197     59.009     5.1576     5.1835   3.061921   3.062952     2.6319     2.5102      8.109     0.5173     1.8768 1.1760e-01    -0.0457   101.1490     7.6304     7.6898    31.5498    31.5371    24.9238    24.9109    7.22429 0.0000e+00
      20200     58.906     5.1598     5.1819   3.061913   3.062887     2.6323     2.5098      8.108     0.5368     1.8858 1.1773e-01    -0.0461   101.1580     7.6317     7.6877    31.5477    31.5380    24.9219    24.9118    7.22401 0.0000e+00
      20203     58.803     5.1613     5.1818   3.061977   3.062858     2.6331     2.5098      8.111     0.5564     1.8768 1.1773e-01    -0.0461   101.1580     7.6343     7.6884    31.5471    31.5378    24.9212    24.9116    7.22378 0.0000e+00
      20206     58.699     5.1598     5.1807   3.061848   3.062779     2.6327     2.5089      8.109     0.5540     2.4141 1.1787e-01    -0.0461   101.1580     7.6318     7.6863    31.5470    31.5380    24.9214    24.9119    7.22404 0.0000e+00
      20209     58.596     5.1570     5.1789   3.061761   3.062688     2.6323     2.5085      8.108     0.5564     3.7840 1.1773e-01    -0.0461   101.1580     7.6297     7.6847    31.5487    31.5387    24.9230    24.9126    7.22445 0.0000e+00
      20212     58.490     5.1556     5.1775   3.061695   3.062613     2.6331     2.5089      8.109     0.5515     3.7572 1.1760e-01    -0.0461   101.1580     7.6306     7.6868    31.5494    31.5392    24.9237    24.9132    7.22466 0.0000e+00
      20215     58.386     5.1534     5.1783   3.061578   3.062665     2.6331     2.5085      8.106     0.5515     3.7572 1.1787e-01    -0.0461   101.1580     7.6290     7.6867    31.5503    31.5390    24.9246    24.9130    7.22501 0.0000e+00
      20218     58.283     5.1549     5.1776   3.061592   3.062430     2.6335     2.5085      8.108     0.5540     3.7572 1.1760e-01    -0.0461   101.1580     7.6283     7.6881    31.5490    31.5372    24.9234    24.9116    7.22481 0.0000e+00
      20221     58.184     5.1555     5.1695   3.061611   3.062251     2.6331     2.5077      8.106     0.5540     3.7572 1.1773e-01    -0.0461   101.1580     7.6249     7.6870    31.5487    31.5428    24.9232    24.9169    7.22471 0.0000e+00
      20224     58.089     5.1603     5.1817   3.061848   3.062708     2.6331     2.5073      8.106     0.5491     3.7572 1.1773e-01    -0.0461   101.1580     7.6224     7.6847    31.5469    31.5365    24.9212    24.9106    7.22395 0.0000e+00
      20227     57.991     5.1630     5.1931   3.061943   3.063082     2.6331     2.5077      8.108     0.5540     3.7572 1.1773e-01    -0.0461   101.1580     7.6207     7.6850    31.5455    31.5300    24.9198    24.9042    7.22356 0.0000e+00
      20230     57.893     5.1663     5.1967   3.062105   3.063162     2.6323     2.5073      8.106     0.5564     3.7572 1.1773e-01    -0.0461   101.1580     7.6163     7.6842    31.5443    31.5276    24.9185    24.9019    7.22304 0.0000e+00
      20233     57.796     5.1704     5.1972   3.062300   3.063164     2.6323     2.5065      8.111     0.5540     4.5272 1.1760e-01    -0.0461   101.1580     7.6147     7.6813    31.5426    31.5273    24.9167    24.9016    7.22240 0.0000e+00
      20236     57.696     5.1737     5.1954   3.062377   3.063036     2.6315     2.5073      8.106     0.5564     5.1809 1.1760e-01    -0.0461   101.1580     7.6108     7.6858    31.5404    31.5275    24.9146    24.9020    7.22192 0.0000e+00
      20239     57.597     5.1770     5.1924   3.062392   3.062796     2.6319     2.5073      8.109     0.5540     5.1540 1.1773e-01    -0.0464   101.1670     7.6115     7.6878    31.5376    31.5277    24.9120    24.9025    7.22149 0.0000e+00
      20242     57.504     5.1701     5.1816   3.062092   3.062259     2.6319     2.5061      8.108     0.5515     5.1540 1.1773e-01    -0.0468   101.1761     7.6131     7.6869    31.5407    31.5318    24.9153    24.9069    7.22255 0.0000e+00
      20245     57.415     5.1668     5.1762   3.061979   3.062175     2.6319     2.5069      8.109     0.5564     5.1540 1.1760e-01    -0.0464   101.1670     7.6145     7.6926    31.5426    31.5359    24.9171    24.9108    7.22303 0.0000e+00
      20248     57.324     5.1638     5.1765   3.061785   3.062204     2.6319     2.5061      8.109     0.5540     5.1540 1.1760e-01    -0.0471   101.1851     7.6165     7.6903    31.5433    31.5360    24.9179    24.9108    7.22353 0.0000e+00
