Datasets/AZMP/COO001/79001023.cnv
* Sea-Bird SBE 9 Data File:
* FileName = C:\CTDDATA\79001023.hex
* Software Version Seasave V 7.26.7.110
* Temperature SN = 5660
* Conductivity SN = 3698
* Number of Bytes Per Scan = 30
* Number of Voltage Words = 4
* Number of Scans Averaged by the Deck Unit = 1
* NMEA baud rate = 9600
** VESSEL/TRIP/SEQ STN:  79001023
** LATITUDE XX XX.XX N:  46 21.00 N
** LONGITUDE XX XX.XX W:  52 44.00 W
** SOUNDING DEPTH (M):  0177
** PROBE TYPE (S1221): S1257
** CTD NUMBER: 010
** COMMENTS (14 CHAR):  SEGB-03
** BOTTLES:  12
** LEVELS: 5,5,10,20,20,30,40,50,75,100,150,BTM
** STICKERS: 434713 - 434724
** VNET: Y
** DO2: Y
# nquan = 22
# nvalues = 5367                        
# units = specified
# name 0 = scan: Scan Count
# name 1 = prDM: Pressure, Digiquartz [db]
# name 2 = t090C: Temperature [ITS-90, deg C]
# name 3 = t190C: Temperature, 2 [ITS-90, deg C]
# name 4 = c0S/m: Conductivity [S/m]
# name 5 = c1S/m: Conductivity, 2 [S/m]
# name 6 = sbeox0V: Oxygen raw, SBE 43 [V]
# name 7 = sbeox1V: Oxygen raw, SBE 43, 2 [V]
# name 8 = ph: pH
# name 9 = flECO-AFL: Fluorescence, WET Labs ECO-AFL/FL [mg/m^3]
# name 10 = wetCDOM: Fluorescence, WET Labs CDOM [mg/m^3]
# name 11 = par/sat/log: PAR/Logarithmic, Satlantic [umol photons/m^2/sec]
# name 12 = CStarAt0: Beam Attenuation, WET Labs C-Star [1/m]
# name 13 = CStarTr0: Beam Transmission, WET Labs C-Star [%]
# name 14 = sbeox0ML/L: Oxygen, SBE 43 [ml/l], WS = 2
# name 15 = sbeox1ML/L: Oxygen, SBE 43, 2 [ml/l], WS = 2
# name 16 = sal00: Salinity, Practical [PSU]
# name 17 = sal11: Salinity, Practical, 2 [PSU]
# name 18 = sigma-t00: Density [sigma-t, kg/m^3 ]
# name 19 = sigma-t11: Density, 2 [sigma-t, kg/m^3 ]
# name 20 = oxsatML/L: Oxygen Saturation, Weiss [ml/l]
# name 21 = flag: flag
# span 0 =         60,      48657       
# span 1 =      0.448,    164.475       
# span 2 =    -1.0664,     5.2262       
# span 3 =    -1.0671,     5.2260       
# span 4 =   2.648163,   3.072138       
# span 5 =   2.648101,   3.072239       
# span 6 =     2.4911,     2.9704       
# span 7 =     2.3063,     2.7542       
# span 8 =      7.958,      8.155       
# span 9 =     0.0068,     0.8860       
# span 10 =    -1.0759,     6.7804      
# span 11 = 1.0727e-01, 1.0222e+02      
# span 12 =     0.0549,     0.5586      
# span 13 =    86.9666,    98.6369      
# span 14 =     7.5066,     8.7780      
# span 15 =     6.1884,     7.1889      
# span 16 =    31.0697,    33.0945      
# span 17 =    31.5828,    33.0983      
# span 18 =    24.5366,    26.5994      
# span 19 =    24.9432,    26.6025      
# span 20 =    7.20949,    8.40887      
# span 21 = 0.0000e+00, 0.0000e+00      
# interval = scans: 3                   
# start_time = Nov 23 2019 14:48:09 [System UTC, header]
# bad_flag = -9.990e-29
*END*
[from data line 3885]
      22840     80.278    -1.0639    -1.0664   2.653343   2.650184     2.6564     2.4646      8.008     0.0410     1.9245 1.0790e-01     0.0722    98.2112     8.2373     6.8230    32.7752    32.7349    26.3524    26.3198    8.40566 0.0000e+00
      22843     80.232    -1.0639    -1.0663   2.653238   2.650274     2.6564     2.4646      8.008     0.0459     1.9245 1.0790e-01     0.0715    98.2285     8.2364     6.8229    32.7737    32.7360    26.3512    26.3207    8.40574 0.0000e+00
      22846     80.192    -1.0640    -1.0661   2.653090   2.650501     2.6564     2.4646      8.008     0.0410     1.9245 1.0790e-01     0.0715    98.2285     8.2352     6.8215    32.7718    32.7390    26.3496    26.3231    8.40587 0.0000e+00
      22849     80.154    -1.0641    -1.0660   2.653187   2.650513     2.6564     2.4646      8.008     0.0410     1.9245 1.0790e-01     0.0715    98.2285     8.2332     6.8221    32.7733    32.7390    26.3509    26.3231    8.40581 0.0000e+00
      22852     80.115    -1.0637    -1.0660   2.653955   2.650649     2.6564     2.4646      8.008     0.0410     1.9245 1.0790e-01     0.0715    98.2285     8.2306     6.8212    32.7833    32.7409    26.3590    26.3247    8.40514 0.0000e+00
      22855     80.076    -1.0627    -1.0661   2.654284   2.650864     2.6564     2.4646      8.008     0.0410     1.9245 1.0790e-01     0.0719    98.2198     8.2282     6.8214    32.7868    32.7440    26.3617    26.3271    8.40472 0.0000e+00
      22858     80.039    -1.0620    -1.0661   2.654337   2.651002     2.6568     2.4646      8.008     0.0361     1.9245 1.0790e-01     0.0665    98.3502     8.2291     6.8230    32.7867    32.7458    26.3617    26.3286    8.40455 0.0000e+00
      22861     80.003    -1.0616    -1.0661   2.654295   2.650931     2.6572     2.4646      8.008     0.0410     1.9245 1.0790e-01     0.0658    98.3676     8.2298     6.8242    32.7857    32.7449    26.3609    26.3279    8.40452 0.0000e+00
      22864     79.970    -1.0614    -1.0661   2.654351   2.650847     2.6576     2.4646      8.008     0.0410     1.9245 1.0790e-01     0.0662    98.3589     8.2320     6.8252    32.7863    32.7438    26.3613    26.3270    8.40445 0.0000e+00
      22867     79.937    -1.0613    -1.0660   2.654377   2.650826     2.6576     2.4658      8.008     0.0410     1.9245 1.0790e-01     0.0658    98.3676     8.2320     6.8299    32.7865    32.7434    26.3615    26.3267    8.40440 0.0000e+00
      22870     79.901    -1.0611    -1.0659   2.654316   2.650871     2.6576     2.4650      8.008     0.0410     1.9245 1.0790e-01     0.0662    98.3589     8.2315     6.8271    32.7855    32.7439    26.3607    26.3271    8.40442 0.0000e+00
      22873     79.869    -1.0610    -1.0659   2.654299   2.650981     2.6576     2.4654      8.008     0.0410     1.9245 1.0790e-01     0.0658    98.3676     8.2315     6.8285    32.7852    32.7455    26.3604    26.3284    8.40441 0.0000e+00
      22876     79.836    -1.0612    -1.0659   2.654222   2.650990     2.6572     2.4654      8.008     0.0410     1.9245 1.0790e-01     0.0665    98.3502     8.2289     6.8285    32.7844    32.7456    26.3598    26.3285    8.40451 0.0000e+00
      22879     79.803    -1.0612    -1.0661   2.654184   2.650947     2.6576     2.4658      8.008     0.0410     1.9245 1.0790e-01     0.0672    98.3328     8.2300     6.8288    32.7839    32.7453    26.3594    26.3282    8.40454 0.0000e+00
      22882     79.768    -1.0611    -1.0663   2.654168   2.650895     2.6580     2.4658      8.008     0.0410     1.9245 1.0790e-01     0.0672    98.3328     8.2312     6.8276    32.7836    32.7447    26.3591    26.3278    8.40453 0.0000e+00
      22885     79.733    -1.0612    -1.0662   2.654133   2.650795     2.6580     2.4658      8.008     0.0361     1.9245 1.0790e-01     0.0676    98.3241     8.2311     6.8264    32.7832    32.7433    26.3588    26.3266    8.40458 0.0000e+00
      22888     79.696    -1.0611    -1.0662   2.654062   2.650583     2.6580     2.4658      8.008     0.0264     1.9245 1.0790e-01     0.0672    98.3328     8.2313     6.8241    32.7822    32.7405    26.3580    26.3243    8.40462 0.0000e+00
      22891     79.658    -1.0613    -1.0662   2.653978   2.650537     2.6585     2.4658      8.008     0.0264     1.9245 1.0790e-01     0.0672    98.3328     8.2345     6.8234    32.7813    32.7399    26.3572    26.3238    8.40470 0.0000e+00
      22894     79.621    -1.0614    -1.0661   2.653920   2.650418     2.6576     2.4658      8.008     0.0264     1.9245 1.0790e-01     0.0672    98.3328     8.2323     6.8235    32.7806    32.7382    26.3567    26.3224    8.40476 0.0000e+00
      22897     79.582    -1.0614    -1.0660   2.653889   2.650023     2.6589     2.4662      8.010     0.0264     1.9245 1.0790e-01     0.0669    98.3415     8.2386     6.8257    32.7803    32.7327    26.3564    26.3180    8.40480 0.0000e+00
      22900     79.540    -1.0615    -1.0660   2.653871   2.649981     2.6580     2.4658      8.008     0.0264     1.8455 1.0790e-01     0.0662    98.3589     8.2367     6.8241    32.7801    32.7322    26.3563    26.3176    8.40483 0.0000e+00
      22903     79.495    -1.0617    -1.0659   2.653897   2.649941     2.6589     2.4658      8.008     0.0264     1.8060 1.0790e-01     0.0662    98.3589     8.2397     6.8245    32.7807    32.7316    26.3568    26.3171    8.40483 0.0000e+00
      22906     79.452    -1.0618    -1.0659   2.653855   2.649880     2.6589     2.4662      8.008     0.0264     1.8060 1.0790e-01     0.0662    98.3589     8.2407     6.8271    32.7804    32.7307    26.3565    26.3164    8.40489 0.0000e+00
      22909     79.407    -1.0618    -1.0657   2.653778   2.649825     2.6589     2.4658      8.008     0.0264     1.8060 1.0790e-01     0.0665    98.3502     8.2414     6.8271    32.7792    32.7299    26.3556    26.3157    8.40494 0.0000e+00
      22912     79.360    -1.0619    -1.0656   2.653827   2.649778     2.6589     2.4658      8.008     0.0313     1.8060 1.0790e-01     0.0665    98.3502     8.2434     6.8281    32.7800    32.7291    26.3562    26.3151    8.40491 0.0000e+00
      22915     79.313    -1.0618    -1.0656   2.653803   2.649734     2.6597     2.4667      8.008     0.0410     1.8060 1.0790e-01     0.0665    98.3502     8.2469     6.8308    32.7797    32.7285    26.3560    26.3146    8.40492 0.0000e+00
      22918     79.265    -1.0618    -1.0657   2.653829   2.649703     2.6593     2.4658      8.008     0.0410     1.8060 1.0790e-01     0.0672    98.3328     8.2455     6.8285    32.7801    32.7283    26.3563    26.3144    8.40490 0.0000e+00
      22921     79.215    -1.0619    -1.0657   2.653744   2.649670     2.6601     2.4671      8.008     0.0410     1.8060 1.0790e-01     0.0669    98.3415     8.2485     6.8350    32.7790    32.7279    26.3554    26.3141    8.40497 0.0000e+00
      22924     79.163    -1.0620    -1.0656   2.653702   2.649656     2.6601     2.4662      8.008     0.0410     1.8060 1.0790e-01     0.0672    98.3328     8.2490     6.8333    32.7786    32.7275    26.3551    26.3138    8.40503 0.0000e+00
      22927     79.110    -1.0619    -1.0656   2.653680   2.649624     2.6601     2.4667      8.008     0.0410     1.8060 1.0790e-01     0.0662    98.3589     8.2489     6.8346    32.7782    32.7271    26.3548    26.3134    8.40502 0.0000e+00
      22930     79.058    -1.0621    -1.0655   2.653599   2.649626     2.6605     2.4671      8.008     0.0410     1.8060 1.0790e-01     0.0665    98.3502     8.2506     6.8371    32.7774    32.7271    26.3541    26.3135    8.40513 0.0000e+00
      22933     79.003    -1.0621    -1.0654   2.653539   2.649612     2.6609     2.4671      8.008     0.0410     1.8060 1.0790e-01     0.0669    98.3415     8.2527     6.8387    32.7766    32.7269    26.3535    26.3132    8.40517 0.0000e+00
      22936     78.947    -1.0623    -1.0653   2.653355   2.649564     2.6609     2.4671      8.008     0.0410     1.8060 1.0790e-01     0.0672    98.3328     8.2528     6.8385    32.7744    32.7261    26.3517    26.3127    8.40534 0.0000e+00
      22939     78.891    -1.0624    -1.0652   2.652843   2.649552     2.6613     2.4667      8.008     0.0313     1.8060 1.0790e-01     0.0687    98.2980     8.2545     6.8364    32.7676    32.7259    26.3461    26.3124    8.40576 0.0000e+00
      22942     78.836    -1.0629    -1.0650   2.652460   2.649552     2.6609     2.4675      8.008     0.0264     1.8060 1.0790e-01     0.0683    98.3067     8.2542     6.8406    32.7629    32.7257    26.3423    26.3123    8.40613 0.0000e+00
      22945     78.776    -1.0631    -1.0650   2.652165   2.649547     2.6617     2.4679      8.008     0.0264     1.8060 1.0790e-01     0.0683    98.3067     8.2568     6.8433    32.7592    32.7257    26.3394    26.3123    8.40641 0.0000e+00
      22948     78.717    -1.0634    -1.0650   2.651979   2.649531     2.6617     2.4675      8.008     0.0264     1.7665 1.0790e-01     0.0683    98.3067     8.2574     6.8440    32.7570    32.7255    26.3376    26.3121    8.40661 0.0000e+00
      22951     78.659    -1.0637    -1.0649   2.651654   2.649509     2.6617     2.4675      8.008     0.0264     1.8060 1.0790e-01     0.0683    98.3067     8.2565     6.8443    32.7529    32.7250    26.3343    26.3118    8.40690 0.0000e+00
      22954     78.598    -1.0641    -1.0648   2.651521   2.649503     2.6621     2.4683      8.008     0.0264     1.9245 1.0790e-01     0.0683    98.3067     8.2580     6.8473    32.7516    32.7249    26.3332    26.3116    8.40707 0.0000e+00
      22957     78.534    -1.0643    -1.0647   2.651447   2.649492     2.6625     2.4683      8.010     0.0264     1.9245 1.0790e-01     0.0683    98.3067     8.2587     6.8477    32.7509    32.7247    26.3327    26.3115    8.40716 0.0000e+00
      22960     78.473    -1.0645    -1.0646   2.651481   2.649494     2.6629     2.4683      8.008     0.0264     1.9245 1.0790e-01     0.0672    98.3328     8.2599     6.8490    32.7515    32.7247    26.3332    26.3114    8.40716 0.0000e+00
      22963     78.411    -1.0646    -1.0646   2.651401   2.649470     2.6625     2.4683      8.008     0.0313     1.9245 1.0790e-01     0.0672    98.3328     8.2577     6.8493    32.7506    32.7244    26.3325    26.3112    8.40724 0.0000e+00
      22966     78.347    -1.0647    -1.0647   2.651337   2.649459     2.6637     2.4691      8.008     0.0508     1.9245 1.0790e-01     0.0672    98.3328     8.2620     6.8522    32.7499    32.7244    26.3319    26.3112    8.40730 0.0000e+00
      22969     78.283    -1.0650    -1.0645   2.651241   2.649464     2.6629     2.4691      8.008     0.0557     1.9245 1.0790e-01     0.0672    98.3328     8.2587     6.8540    32.7489    32.7242    26.3311    26.3111    8.40742 0.0000e+00
      22972     78.216    -1.0649    -1.0645   2.651022   2.649450     2.6633     2.4695      8.008     0.0557     1.9245 1.0790e-01     0.0672    98.3328     8.2615     6.8567    32.7459    32.7242    26.3287    26.3110    8.40758 0.0000e+00
      22975     78.151    -1.0650    -1.0644   2.650779   2.649453     2.6633     2.4695      8.008     0.0557     1.9245 1.0790e-01     0.0672    98.3328     8.2622     6.8580    32.7427    32.7241    26.3261    26.3109    8.40778 0.0000e+00
      22978     78.086    -1.0650    -1.0643   2.650672   2.649440     2.6637     2.4695      8.010     0.0557     1.9245 1.0790e-01     0.0669    98.3415     8.2621     6.8590    32.7413    32.7239    26.3249    26.3108    8.40786 0.0000e+00
      22981     78.022    -1.0651    -1.0643   2.650706   2.649453     2.6637     2.4695      8.010     0.0606     2.0429 1.0790e-01     0.0651    98.3849     8.2623     6.8599    32.7420    32.7241    26.3255    26.3110    8.40785 0.0000e+00
      22984     77.960    -1.0652    -1.0642   2.650862   2.649422     2.6637     2.4703      8.008     0.0557     2.0429 1.0790e-01     0.0655    98.3762     8.2622     6.8627    32.7443    32.7236    26.3273    26.3105    8.40776 0.0000e+00
      22987     77.896    -1.0652    -1.0642   2.651002   2.649410     2.6641     2.4707      8.008     0.0508     2.0429 1.0790e-01     0.0651    98.3849     8.2635     6.8643    32.7461    32.7234    26.3288    26.3104    8.40763 0.0000e+00
      22990     77.833    -1.0652    -1.0642   2.650973   2.649372     2.6641     2.4707      8.010     0.0508     2.0429 1.0790e-01     0.0651    98.3849     8.2633     6.8646    32.7459    32.7230    26.3286    26.3101    8.40766 0.0000e+00
      22993     77.770    -1.0652    -1.0643   2.650768   2.649228     2.6654     2.4711      8.010     0.0410     2.0429 1.0790e-01     0.0651    98.3849     8.2687     6.8677    32.7431    32.7212    26.3264    26.3086    8.40782 0.0000e+00
      22996     77.707    -1.0651    -1.0642   2.650548   2.649113     2.6650     2.4716      8.010     0.0361     2.0429 1.0790e-01     0.0651    98.3849     8.2671     6.8687    32.7400    32.7195    26.3239    26.3072    8.40797 0.0000e+00
      22999     77.644    -1.0651    -1.0639   2.650438   2.649046     2.6654     2.4720      8.010     0.0410     2.0429 1.0790e-01     0.0655    98.3762     8.2674     6.8705    32.7386    32.7184    26.3227    26.3063    8.40806 0.0000e+00
      23002     77.582    -1.0650    -1.0639   2.650307   2.649016     2.6646     2.4720      8.008     0.0410     2.0429 1.0790e-01     0.0644    98.4023     8.2637     6.8715    32.7367    32.7180    26.3212    26.3060    8.40815 0.0000e+00
      23005     77.519    -1.0652    -1.0637   2.650209   2.648933     2.6658     2.4720      8.010     0.0410     1.9640 1.0790e-01     0.0644    98.4023     8.2694     6.8708    32.7356    32.7166    26.3203    26.3049    8.40825 0.0000e+00
      23008     77.460    -1.0652    -1.0637   2.650177   2.648901     2.6654     2.4724      8.008     0.0410     1.9245 1.0790e-01     0.0644    98.4023     8.2671     6.8721    32.7352    32.7163    26.3200    26.3046    8.40827 0.0000e+00
      23011     77.401    -1.0649    -1.0634   2.650167   2.648876     2.6654     2.4728      8.010     0.0410     1.9245 1.0790e-01     0.0644    98.4023     8.2662     6.8725    32.7348    32.7157    26.3197    26.3041    8.40823 0.0000e+00
      23014     77.343    -1.0651    -1.0635   2.650172   2.648822     2.6658     2.4732      8.011     0.0410     1.9245 1.0790e-01     0.0644    98.4023     8.2696     6.8744    32.7351    32.7150    26.3200    26.3036    8.40825 0.0000e+00
      23017     77.286    -1.0651    -1.0633   2.650198   2.648755     2.6662     2.4732      8.008     0.0313     1.9245 1.0790e-01     0.0648    98.3936     8.2700     6.8744    32.7355    32.7139    26.3202    26.3027    8.40823 0.0000e+00
      23020     77.230    -1.0650    -1.0632   2.650318   2.648728     2.6658     2.4732      8.008     0.0264     1.9245 1.0790e-01     0.0634    98.4284     8.2691     6.8740    32.7370    32.7135    26.3215    26.3023    8.40812 0.0000e+00
      23023     77.175    -1.0650    -1.0630   2.650343   2.648725     2.6658     2.4740      8.010     0.0215     1.9245 1.0790e-01     0.0630    98.4371     8.2701     6.8792    32.7374    32.7133    26.3217    26.3022    8.40809 0.0000e+00
      23026     77.122    -1.0651    -1.0630   2.650269   2.648708     2.6666     2.4744      8.010     0.0313     1.9245 1.0790e-01     0.0634    98.4284     8.2737     6.8822    32.7365    32.7130    26.3211    26.3019    8.40817 0.0000e+00
      23029     77.072    -1.0651    -1.0628   2.650246   2.648693     2.6674     2.4744      8.010     0.0215     1.9245 1.0790e-01     0.0630    98.4371     8.2755     6.8823    32.7363    32.7127    26.3208    26.3016    8.40818 0.0000e+00
      23032     77.026    -1.0650    -1.0628   2.650247   2.648675     2.6662     2.4748      8.008     0.0264     1.9245 1.0790e-01     0.0630    98.4371     8.2715     6.8823    32.7362    32.7124    26.3208    26.3014    8.40816 0.0000e+00
