Datasets/AZMP/COO001/79001114.cnv
* Sea-Bird SBE 9 Data File:
* FileName = C:\CTDDATA\79001114.hex
* Software Version Seasave V 7.26.7.110
* Temperature SN = 5660
* Conductivity SN = 3698
* Number of Bytes Per Scan = 30
* Number of Voltage Words = 4
* Number of Scans Averaged by the Deck Unit = 1
* NMEA baud rate = 9600
** VESSEL/TRIP/SEQ STN:  79001114
** LATITUDE XX XX.XX N:  47 00.00 N
** LONGITUDE XX XX.XX W:  47 30.00 W
** SOUNDING DEPTH (M):  0221
** PROBE TYPE: S1257
** CTD NUMBER: 74
** COMMENTS (14 CHAR): FC-14
** BOTTLES:  12
** LEVELS: 5,5,10,20,20,30,40,50,75,100,150,BTM
** STICKERS: 435533 - 435544
** VNET: Y
** DO2: Y
# nquan = 22
# nvalues = 5209                        
# units = specified
# name 0 = scan: Scan Count
# name 1 = prDM: Pressure, Digiquartz [db]
# name 2 = t090C: Temperature [ITS-90, deg C]
# name 3 = t190C: Temperature, 2 [ITS-90, deg C]
# name 4 = c0S/m: Conductivity [S/m]
# name 5 = c1S/m: Conductivity, 2 [S/m]
# name 6 = sbeox0V: Oxygen raw, SBE 43 [V]
# name 7 = sbeox1V: Oxygen raw, SBE 43, 2 [V]
# name 8 = ph: pH
# name 9 = flECO-AFL: Fluorescence, WET Labs ECO-AFL/FL [mg/m^3]
# name 10 = wetCDOM: Fluorescence, WET Labs CDOM [mg/m^3]
# name 11 = par/sat/log: PAR/Logarithmic, Satlantic [umol photons/m^2/sec]
# name 12 = CStarAt0: Beam Attenuation, WET Labs C-Star [1/m]
# name 13 = CStarTr0: Beam Transmission, WET Labs C-Star [%]
# name 14 = sbeox0ML/L: Oxygen, SBE 43 [ml/l], WS = 2
# name 15 = sbeox1ML/L: Oxygen, SBE 43, 2 [ml/l], WS = 2
# name 16 = sal00: Salinity, Practical [PSU]
# name 17 = sal11: Salinity, Practical, 2 [PSU]
# name 18 = sigma-t00: Density [sigma-t, kg/m^3 ]
# name 19 = sigma-t11: Density, 2 [sigma-t, kg/m^3 ]
# name 20 = oxsatML/L: Oxygen Saturation, Weiss [ml/l]
# name 21 = flag: flag
# span 0 =        101,      50690       
# span 1 =      1.307,    211.723       
# span 2 =     0.9911,     3.7436       
# span 3 =     0.9917,     3.7437       
# span 4 =   2.856254,   3.138203       
# span 5 =   2.856122,   3.138355       
# span 6 =     2.3675,     2.7819       
# span 7 =     2.3384,     2.7473       
# span 8 =      8.031,      8.141       
# span 9 =    -0.0078,     1.4183       
# span 10 =    -1.7471,     1.9245      
# span 11 = 1.0790e-01, 9.6814e+01      
# span 12 =     0.0574,     0.2366      
# span 13 =    94.2573,    98.5761      
# span 14 =     6.5482,     7.7402      
# span 15 =     6.8502,     8.1756      
# span 16 =    32.7587,    34.2245      
# span 17 =    32.7677,    34.2236      
# span 18 =    26.1301,    27.3581      
# span 19 =    26.1350,    27.3526      
# span 20 =    7.36681,    7.93020      
# span 21 = 0.0000e+00, 0.0000e+00      
# interval = scans: 3                   
# start_time = Dec 06 2019 18:20:40 [System UTC, header]
# bad_flag = -9.990e-29
*END*
[from data line 2107]
       9451    180.815     1.9488     1.9478   3.019064   3.019219     2.3782     2.3468      8.035     0.0020     1.5692 1.0790e-01     0.1271    96.8729     6.5651     6.8916    34.2156    34.2187    27.3472    27.3497    7.68737 0.0000e+00
       9454    180.880     1.9488     1.9478   3.019058   3.019231     2.3782     2.3468      8.035    -0.0029     1.5692 1.0790e-01     0.1264    96.8903     6.5655     6.8910    34.2155    34.2188    27.3471    27.3498    7.68737 0.0000e+00
       9457    180.948     1.9485     1.9477   3.019075   3.019229     2.3782     2.3468      8.035     0.0020     1.5692 1.0790e-01     0.1267    96.8816     6.5662     6.8908    34.2160    34.2188    27.3475    27.3498    7.68741 0.0000e+00
       9460    181.021     1.9487     1.9481   3.019085   3.019272     2.3774     2.3468      8.035    -0.0029     1.5692 1.0790e-01     0.1271    96.8729     6.5644     6.8922    34.2158    34.2188    27.3474    27.3498    7.68737 0.0000e+00
       9463    181.103     1.9487     1.9481   3.019095   3.019249     2.3778     2.3472      8.035     0.0020     1.5692 1.0802e-01     0.1271    96.8729     6.5666     6.8940    34.2159    34.2185    27.3474    27.3496    7.68737 0.0000e+00
       9466    181.186     1.9488     1.9479   3.019131   3.019231     2.3778     2.3472      8.035    -0.0029     1.5692 1.0790e-01     0.1271    96.8729     6.5662     6.8942    34.2163    34.2185    27.3477    27.3496    7.68734 0.0000e+00
       9469    181.277     1.9488     1.9477   3.019117   3.019238     2.3778     2.3472      8.035    -0.0029     1.5692 1.0790e-01     0.1267    96.8816     6.5656     6.8943    34.2160    34.2187    27.3475    27.3497    7.68735 0.0000e+00
       9472    181.372     1.9489     1.9477   3.019113   3.019232     2.3774     2.3468      8.035    -0.0029     1.5692 1.0790e-01     0.1267    96.8816     6.5654     6.8949    34.2158    34.2186    27.3474    27.3496    7.68734 0.0000e+00
       9475    181.469     1.9488     1.9477   3.019117   3.019236     2.3774     2.3468      8.035    -0.0029     1.5692 1.0790e-01     0.1271    96.8729     6.5648     6.8955    34.2159    34.2186    27.3474    27.3496    7.68735 0.0000e+00
       9478    181.570     1.9488     1.9477   3.019118   3.019238     2.3778     2.3468      8.035    -0.0029     1.5692 1.0790e-01     0.1267    96.8816     6.5673     6.8970    34.2159    34.2185    27.3474    27.3496    7.68736 0.0000e+00
       9481    181.677     1.9487     1.9478   3.019097   3.019260     2.3778     2.3472      8.035     0.0020     1.5692 1.0790e-01     0.1267    96.8816     6.5679     6.9001    34.2156    34.2186    27.3472    27.3497    7.68739 0.0000e+00
       9484    181.786     1.9487     1.9479   3.019098   3.019293     2.3778     2.3476      8.035    -0.0029     1.5692 1.0790e-01     0.1271    96.8729     6.5688     6.9029    34.2157    34.2189    27.3472    27.3499    7.68739 0.0000e+00
       9487    181.897     1.9486     1.9479   3.019124   3.019275     2.3778     2.3468      8.035    -0.0029     1.5692 1.0790e-01     0.1271    96.8729     6.5689     6.9008    34.2160    34.2186    27.3475    27.3497    7.68740 0.0000e+00
       9490    182.011     1.9485     1.9479   3.019134   3.019300     2.3774     2.3472      8.035    -0.0029     1.5692 1.0790e-01     0.1271    96.8729     6.5675     6.9048    34.2161    34.2189    27.3476    27.3499    7.68740 0.0000e+00
       9493    182.126     1.9487     1.9479   3.019164   3.019297     2.3770     2.3472      8.035    -0.0029     1.5692 1.0790e-01     0.1278    96.8556     6.5642     6.9045    34.2163    34.2187    27.3477    27.3498    7.68736 0.0000e+00
       9496    182.244     1.9486     1.9482   3.019168   3.019321     2.3774     2.3476      8.035    -0.0029     1.5692 1.0790e-01     0.1275    96.8642     6.5641     6.9066    34.2163    34.2187    27.3478    27.3497    7.68737 0.0000e+00
       9499    182.361     1.9488     1.9482   3.019178   3.019330     2.3774     2.3476      8.035    -0.0029     1.5692 1.0790e-01     0.1275    96.8642     6.5631     6.9051    34.2162    34.2187    27.3477    27.3497    7.68735 0.0000e+00
       9502    182.479     1.9489     1.9482   3.019212   3.019340     2.3774     2.3480      8.035    -0.0029     1.5692 1.0790e-01     0.1278    96.8556     6.5636     6.9047    34.2165    34.2188    27.3478    27.3498    7.68731 0.0000e+00
       9505    182.596     1.9490     1.9479   3.019230   3.019293     2.3774     2.3481      8.035     0.0020     1.5692 1.0790e-01     0.1282    96.8469     6.5630     6.9001    34.2164    34.2184    27.3478    27.3495    7.68728 0.0000e+00
       9508    182.708     1.9491     1.9479   3.019268   3.019310     2.3778     2.3481      8.035    -0.0029     1.5692 1.0790e-01     0.1275    96.8642     6.5638     6.8966    34.2168    34.2186    27.3481    27.3497    7.68724 0.0000e+00
       9511    182.819     1.9494     1.9478   3.019239   3.019326     2.3774     2.3481      8.035    -0.0029     1.5692 1.0790e-01     0.1271    96.8729     6.5621     6.8933    34.2161    34.2188    27.3475    27.3499    7.68723 0.0000e+00
       9514    182.927     1.9492     1.9482   3.019229   3.019349     2.3770     2.3481      8.035     0.0020     1.5692 1.0790e-01     0.1271    96.8729     6.5613     6.8860    34.2161    34.2187    27.3476    27.3497    7.68727 0.0000e+00
       9517    183.031     1.9491     1.9484   3.019237   3.019377     2.3761     2.3477      8.035    -0.0029     1.5692 1.0790e-01     0.1271    96.8729     6.5580     6.8798    34.2162    34.2187    27.3476    27.3497    7.68728 0.0000e+00
       9520    183.130     1.9491     1.9482   3.019227   3.019362     2.3761     2.3481      8.035    -0.0029     1.5692 1.0790e-01     0.1271    96.8729     6.5577     6.8760    34.2160    34.2187    27.3475    27.3497    7.68729 0.0000e+00
       9523    183.222     1.9491     1.9479   3.019193   3.019332     2.3770     2.3477      8.035    -0.0029     1.6087 1.0790e-01     0.1271    96.8729     6.5600     6.8698    34.2156    34.2185    27.3471    27.3496    7.68732 0.0000e+00
       9526    183.309     1.9489     1.9477   3.019196   3.019296     2.3770     2.3477      8.035    -0.0029     1.6876 1.0790e-01     0.1278    96.8556     6.5606     6.8668    34.2158    34.2183    27.3473    27.3494    7.68734 0.0000e+00
       9529    183.391     1.9487     1.9476   3.019185   3.019294     2.3761     2.3468      8.035     0.0020     1.6876 1.0790e-01     0.1278    96.8556     6.5585     6.8623    34.2158    34.2183    27.3473    27.3494    7.68738 0.0000e+00
       9532    183.466     1.9489     1.9475   3.019216   3.019278     2.3761     2.3468      8.035    -0.0029     1.6876 1.0802e-01     0.1271    96.8729     6.5597     6.8623    34.2159    34.2182    27.3474    27.3494    7.68733 0.0000e+00
       9535    183.534     1.9489     1.9476   3.019226   3.019290     2.3761     2.3464      8.035    -0.0029     1.6876 1.0790e-01     0.1275    96.8642     6.5617     6.8613    34.2160    34.2182    27.3475    27.3494    7.68733 0.0000e+00
       9538    183.599     1.9489     1.9475   3.019218   3.019311     2.3765     2.3456      8.035     0.0020     1.6876 1.0790e-01     0.1275    96.8642     6.5658     6.8592    34.2158    34.2185    27.3474    27.3496    7.68733 0.0000e+00
       9541    183.657     1.9489     1.9478   3.019210   3.019312     2.3761     2.3464      8.035    -0.0029     1.6876 1.0790e-01     0.1275    96.8642     6.5640     6.8620    34.2157    34.2182    27.3473    27.3494    7.68734 0.0000e+00
       9544    183.708     1.9489     1.9477   3.019216   3.019331     2.3757     2.3456      8.035    -0.0029     1.6876 1.0790e-01     0.1278    96.8556     6.5624     6.8608    34.2157    34.2185    27.3473    27.3496    7.68734 0.0000e+00
       9547    183.751     1.9489     1.9478   3.019230   3.019323     2.3761     2.3456      8.034    -0.0029     1.6876 1.0790e-01     0.1282    96.8469     6.5645     6.8659    34.2159    34.2183    27.3474    27.3494    7.68733 0.0000e+00
       9550    183.794     1.9489     1.9478   3.019238   3.019323     2.3761     2.3456      8.035    -0.0029     1.6087 1.0790e-01     0.1271    96.8729     6.5677     6.8705    34.2160    34.2183    27.3475    27.3494    7.68733 0.0000e+00
       9553    183.829     1.9489     1.9476   3.019226   3.019312     2.3761     2.3456      8.034     0.0020     1.5692 1.0790e-01     0.1271    96.8729     6.5685     6.8747    34.2158    34.2183    27.3474    27.3494    7.68734 0.0000e+00
       9556    183.859     1.9489     1.9477   3.019234   3.019310     2.3761     2.3456      8.035    -0.0029     1.5692 1.0790e-01     0.1271    96.8729     6.5694     6.8775    34.2159    34.2181    27.3474    27.3493    7.68734 0.0000e+00
       9559    183.890     1.9488     1.9478   3.019230   3.019335     2.3761     2.3452      8.035    -0.0029     1.5692 1.0790e-01     0.1271    96.8729     6.5696     6.8799    34.2159    34.2184    27.3475    27.3495    7.68735 0.0000e+00
       9562    183.919     1.9489     1.9479   3.019226   3.019353     2.3766     2.3452      8.034     0.0020     1.5692 1.0790e-01     0.1271    96.8729     6.5711     6.8819    34.2158    34.2184    27.3473    27.3495    7.68734 0.0000e+00
       9565    183.946     1.9489     1.9481   3.019230   3.019364     2.3758     2.3448      8.035    -0.0029     1.5692 1.0790e-01     0.1271    96.8729     6.5683     6.8830    34.2157    34.2184    27.3473    27.3494    7.68733 0.0000e+00
       9581    184.037     1.9489     1.9482   3.019230   3.019369     2.3762     2.3452      8.035     0.0117     1.6481 1.0790e-01     0.1318    96.7600     6.5723     6.8993    34.2158    34.2183    27.3473    27.3494    7.68735 0.0000e+00
       9593    184.112     1.9489     1.9482   3.019224   3.019383     2.3758     2.3464      8.034     0.0117     1.6876 1.0790e-01     0.1271    96.8729     6.5688     6.9068    34.2156    34.2183    27.3472    27.3494    7.68734 0.0000e+00
       9596    184.134     1.9489     1.9482   3.019226   3.019383     2.3766     2.3456      8.035     0.0117     1.6876 1.0790e-01     0.1271    96.8729     6.5717     6.9030    34.2157    34.2183    27.3473    27.3494    7.68735 0.0000e+00
       9599    184.160     1.9490     1.9483   3.019236   3.019389     2.3774     2.3468      8.035     0.0020     1.6876 1.0790e-01     0.1271    96.8729     6.5758     6.9029    34.2157    34.2183    27.3472    27.3494    7.68733 0.0000e+00
       9602    184.187     1.9488     1.9482   3.019228   3.019378     2.3774     2.3468      8.035    -0.0029     1.6087 1.0790e-01     0.1271    96.8729     6.5748     6.8991    34.2158    34.2183    27.3473    27.3494    7.68737 0.0000e+00
       9605    184.216     1.9488     1.9483   3.019216   3.019390     2.3774     2.3464      8.035     0.0020     1.5692 1.0790e-01     0.1267    96.8816     6.5749     6.8936    34.2156    34.2183    27.3472    27.3494    7.68738 0.0000e+00
       9608    184.249     1.9488     1.9484   3.019220   3.019379     2.3778     2.3468      8.035    -0.0029     1.5692 1.0802e-01     0.1278    96.8556     6.5764     6.8931    34.2156    34.2181    27.3472    27.3492    7.68737 0.0000e+00
       9611    184.283     1.9488     1.9483   3.019230   3.019392     2.3770     2.3468      8.035     0.0020     1.5692 1.0790e-01     0.1282    96.8469     6.5715     6.8911    34.2157    34.2183    27.3473    27.3494    7.68736 0.0000e+00
       9614    184.319     1.9488     1.9481   3.019255   3.019398     2.3770     2.3468      8.035    -0.0029     1.5692 1.0790e-01     0.1282    96.8469     6.5703     6.8868    34.2160    34.2185    27.3475    27.3496    7.68735 0.0000e+00
       9617    184.358     1.9489     1.9483   3.019236   3.019389     2.3762     2.3468      8.034    -0.0029     1.5692 1.0790e-01     0.1282    96.8469     6.5667     6.8858    34.2157    34.2182    27.3472    27.3493    7.68735 0.0000e+00
       9620    184.401     1.9489     1.9483   3.019278   3.019398     2.3774     2.3460      8.035    -0.0029     1.5692 1.0790e-01     0.1282    96.8469     6.5695     6.8820    34.2161    34.2183    27.3476    27.3494    7.68732 0.0000e+00
       9623    184.443     1.9490     1.9484   3.019266   3.019418     2.3774     2.3456      8.034     0.0020     1.5692 1.0790e-01     0.1282    96.8469     6.5685     6.8787    34.2159    34.2184    27.3474    27.3495    7.68732 0.0000e+00
       9626    184.493     1.9490     1.9481   3.019291   3.019378     2.3766     2.3460      8.035    -0.0029     1.5692 1.0790e-01     0.1282    96.8469     6.5666     6.8816    34.2161    34.2183    27.3476    27.3494    7.68730 0.0000e+00
       9629    184.546     1.9490     1.9481   3.019292   3.019394     2.3770     2.3456      8.035    -0.0029     1.5692 1.0790e-01     0.1275    96.8642     6.5681     6.8827    34.2161    34.2184    27.3475    27.3495    7.68730 0.0000e+00
       9632    184.604     1.9494     1.9480   3.019352   3.019405     2.3774     2.3468      8.035    -0.0029     1.5692 1.0790e-01     0.1264    96.8903     6.5707     6.8871    34.2165    34.2186    27.3478    27.3496    7.68722 0.0000e+00
       9635    184.664     1.9495     1.9480   3.019360   3.019414     2.3762     2.3460      8.035    -0.0078     1.5692 1.0790e-01     0.1271    96.8729     6.5668     6.8846    34.2164    34.2187    27.3478    27.3498    7.68720 0.0000e+00
       9638    184.726     1.9495     1.9480   3.019340   3.019397     2.3770     2.3456      8.035    -0.0029     1.5692 1.0790e-01     0.1271    96.8729     6.5699     6.8839    34.2161    34.2184    27.3475    27.3495    7.68720 0.0000e+00
       9641    184.787     1.9496     1.9477   3.019392   3.019373     2.3770     2.3456      8.035    -0.0029     1.5692 1.0790e-01     0.1267    96.8816     6.5687     6.8853    34.2166    34.2184    27.3479    27.3495    7.68716 0.0000e+00
       9644    184.853     1.9498     1.9478   3.019406   3.019400     2.3774     2.3464      8.035    -0.0029     1.5692 1.0790e-01     0.1267    96.8816     6.5695     6.8896    34.2166    34.2186    27.3479    27.3497    7.68713 0.0000e+00
       9647    184.918     1.9499     1.9478   3.019404   3.019418     2.3766     2.3460      8.035     0.0020     1.5692 1.0790e-01     0.1271    96.8729     6.5678     6.8867    34.2164    34.2188    27.3477    27.3498    7.68712 0.0000e+00
       9650    184.984     1.9500     1.9479   3.019400   3.019419     2.3770     2.3460      8.035     0.0068     1.5692 1.0790e-01     0.1282    96.8469     6.5688     6.8848    34.2161    34.2186    27.3475    27.3497    7.68710 0.0000e+00
       9653    185.053     1.9499     1.9483   3.019412   3.019470     2.3770     2.3468      8.035     0.0117     1.5297 1.0790e-01     0.1282    96.8469     6.5670     6.8876    34.2163    34.2189    27.3477    27.3499    7.68711 0.0000e+00
       9656    185.120     1.9500     1.9484   3.019408   3.019487     2.3770     2.3456      8.035     0.0117     1.4507 1.0790e-01     0.1282    96.8469     6.5674     6.8856    34.2162    34.2189    27.3476    27.3499    7.68711 0.0000e+00
       9659    185.190     1.9501     1.9486   3.019438   3.019503     2.3762     2.3456      8.035     0.0068     1.4507 1.0790e-01     0.1282    96.8469     6.5631     6.8877    34.2164    34.2189    27.3477    27.3498    7.68707 0.0000e+00
       9662    185.259     1.9501     1.9488   3.019428   3.019534     2.3770     2.3456      8.035     0.0117     1.4507 1.0790e-01     0.1282    96.8469     6.5652     6.8866    34.2162    34.2189    27.3476    27.3499    7.68708 0.0000e+00
       9665    185.327     1.9501     1.9491   3.019416   3.019555     2.3766     2.3456      8.032     0.0117     1.4507 1.0790e-01     0.1282    96.8469     6.5644     6.8850    34.2161    34.2189    27.3475    27.3498    7.68710 0.0000e+00
