Datasets/AZMP/COO001/79001117.cnv
* Sea-Bird SBE 9 Data File:
* FileName = C:\CTDDATA\79001117.hex
* Software Version Seasave V 7.26.7.110
* Temperature SN = 5660
* Conductivity SN = 3698
* Number of Bytes Per Scan = 30
* Number of Voltage Words = 4
* Number of Scans Averaged by the Deck Unit = 1
* NMEA baud rate = 9600
** VESSEL/TRIP/SEQ STN:  79001117
** LATITUDE XX XX.XX N:  47 00.00 N
** LONGITUDE XX XX.XX W:  49 07.00 W
** SOUNDING DEPTH (M):  0085
** PROBE TYPE: S1257
** CTD NUMBER: 077
** COMMENTS (14 CHAR): FC-10
** BOTTLES:  9
** LEVELS: 5,5,10,20,20,30,40,50,BTM
** STICKERS: 435576 - 435584
** VNET: Y
** DO2: N
# nquan = 22
# nvalues = 1897                        
# units = specified
# name 0 = scan: Scan Count
# name 1 = prDM: Pressure, Digiquartz [db]
# name 2 = t090C: Temperature [ITS-90, deg C]
# name 3 = t190C: Temperature, 2 [ITS-90, deg C]
# name 4 = c0S/m: Conductivity [S/m]
# name 5 = c1S/m: Conductivity, 2 [S/m]
# name 6 = sbeox0V: Oxygen raw, SBE 43 [V]
# name 7 = sbeox1V: Oxygen raw, SBE 43, 2 [V]
# name 8 = ph: pH
# name 9 = flECO-AFL: Fluorescence, WET Labs ECO-AFL/FL [mg/m^3]
# name 10 = wetCDOM: Fluorescence, WET Labs CDOM [mg/m^3]
# name 11 = par/sat/log: PAR/Logarithmic, Satlantic [umol photons/m^2/sec]
# name 12 = CStarAt0: Beam Attenuation, WET Labs C-Star [1/m]
# name 13 = CStarTr0: Beam Transmission, WET Labs C-Star [%]
# name 14 = sbeox0ML/L: Oxygen, SBE 43 [ml/l], WS = 2
# name 15 = sbeox1ML/L: Oxygen, SBE 43, 2 [ml/l], WS = 2
# name 16 = sal00: Salinity, Practical [PSU]
# name 17 = sal11: Salinity, Practical, 2 [PSU]
# name 18 = sigma-t00: Density [sigma-t, kg/m^3 ]
# name 19 = sigma-t11: Density, 2 [sigma-t, kg/m^3 ]
# name 20 = oxsatML/L: Oxygen Saturation, Weiss [ml/l]
# name 21 = flag: flag
# span 0 =         94,      29807       
# span 1 =      0.599,     77.849       
# span 2 =    -0.6246,     4.6850       
# span 3 =    -0.6254,     4.7099       
# span 4 =   2.698943,   3.076510       
# span 5 =   2.035525,   3.078600       
# span 6 =     2.4079,     2.7712       
# span 7 =     2.3785,     2.7438       
# span 8 =      8.021,      8.175       
# span 9 =     0.0654,     0.8762       
# span 10 =     1.3323,     2.1614      
# span 11 = 1.0790e-01, 3.2692e+01      
# span 12 =     0.1013,     0.6434      
# span 13 =    85.1417,    97.4986      
# span 14 =     6.2988,     7.4836      
# span 15 =     6.1835,     9.1160      
# span 16 =    31.2428,    33.6314      
# span 17 =    20.5114,    33.2794      
# span 18 =    24.9550,    26.9677      
# span 19 =    16.2349,    26.7020      
# span 20 =    7.27656,    8.29738      
# span 21 = 0.0000e+00, 0.0000e+00      
# interval = scans: 3                   
# start_time = Dec 07 2019 11:20:13 [System UTC, header]
# bad_flag = -9.990e-29
*END*
[from data line 988]
       9113     70.324    -0.6226    -0.6228   2.699817   2.699881     2.4116     2.3826      8.026     0.0996     2.0429 1.0802e-01     0.1314    96.7686     7.1790     7.5332    32.9279    32.9290    26.4604    26.4613    8.29705 0.0000e+00
       9116     70.253    -0.6225    -0.6229   2.699797   2.699892     2.4128     2.3822      8.026     0.0996     2.0429 1.0827e-01     0.1314    96.7686     7.1824     7.5342    32.9276    32.9293    26.4602    26.4615    8.29705 0.0000e+00
       9119     70.180    -0.6226    -0.6228   2.699789   2.699898     2.4120     2.3822      8.026     0.0996     2.0429 1.0790e-01     0.1314    96.7686     7.1765     7.5364    32.9276    32.9293    26.4602    26.4615    8.29706 0.0000e+00
       9122     70.103    -0.6226    -0.6228   2.699795   2.699892     2.4120     2.3822      8.026     0.1045     2.0429 1.0827e-01     0.1314    96.7686     7.1755     7.5379    32.9278    32.9293    26.4603    26.4616    8.29706 0.0000e+00
       9125     70.025    -0.6224    -0.6228   2.699807   2.699898     2.4124     2.3826      8.026     0.0996     2.0429 1.0802e-01     0.1310    96.7773     7.1761     7.5394    32.9277    32.9294    26.4603    26.4617    8.29702 0.0000e+00
       9128     69.942    -0.6225    -0.6227   2.699793   2.699885     2.4128     2.3835      8.026     0.1045     2.0429 1.0802e-01     0.1314    96.7686     7.1782     7.5408    32.9277    32.9292    26.4603    26.4615    8.29705 0.0000e+00
       9131     69.857    -0.6226    -0.6227   2.699782   2.699875     2.4116     2.3826      8.026     0.0996     2.0429 1.0802e-01     0.1314    96.7686     7.1726     7.5367    32.9277    32.9290    26.4602    26.4614    8.29706 0.0000e+00
       9134     69.771    -0.6225    -0.6227   2.699793   2.699885     2.4128     2.3835      8.026     0.1045     1.9640 1.0790e-01     0.1303    96.7947     7.1774     7.5388    32.9278    32.9293    26.4603    26.4615    8.29704 0.0000e+00
       9137     69.682    -0.6226    -0.6226   2.699764   2.699864     2.4120     2.3835      8.026     0.0996     1.9245 1.0802e-01     0.1267    96.8816     7.1741     7.5381    32.9275    32.9290    26.4601    26.4613    8.29707 0.0000e+00
       9140     69.595    -0.6225    -0.6227   2.699770   2.699851     2.4120     2.3835      8.026     0.0996     1.9245 1.0815e-01     0.1271    96.8729     7.1728     7.5363    32.9276    32.9290    26.4602    26.4613    8.29705 0.0000e+00
       9143     69.507    -0.6226    -0.6227   2.699765   2.699864     2.4107     2.3835      8.026     0.0996     1.9245 1.0802e-01     0.1271    96.8729     7.1688     7.5334    32.9277    32.9291    26.4602    26.4614    8.29706 0.0000e+00
       9146     69.417    -0.6225    -0.6226   2.699766   2.699866     2.4120     2.3835      8.026     0.1045     1.9245 1.0827e-01     0.1275    96.8642     7.1734     7.5298    32.9277    32.9291    26.4602    26.4614    8.29705 0.0000e+00
       9149     69.328    -0.6225    -0.6226   2.699753   2.699849     2.4120     2.3835      8.026     0.0996     1.9245 1.0802e-01     0.1271    96.8729     7.1719     7.5257    32.9276    32.9289    26.4602    26.4612    8.29706 0.0000e+00
       9152     69.243    -0.6225    -0.6225   2.699750   2.699838     2.4124     2.3835      8.024     0.1045     1.9245 1.0802e-01     0.1271    96.8729     7.1726     7.5243    32.9275    32.9287    26.4601    26.4610    8.29705 0.0000e+00
       9155     69.160    -0.6224    -0.6223   2.699748   2.699863     2.4116     2.3835      8.026     0.0947     1.9245 1.0802e-01     0.1278    96.8556     7.1700     7.5229    32.9275    32.9290    26.4601    26.4613    8.29704 0.0000e+00
       9158     69.080    -0.6224    -0.6222   2.699746   2.699847     2.4124     2.3835      8.024     0.0947     1.9245 1.0802e-01     0.1282    96.8469     7.1728     7.5212    32.9274    32.9286    26.4600    26.4610    8.29703 0.0000e+00
       9161     69.003    -0.6225    -0.6224   2.699732   2.699831     2.4120     2.3835      8.026     0.0899     2.0034 1.0827e-01     0.1282    96.8469     7.1725     7.5212    32.9274    32.9287    26.4600    26.4611    8.29705 0.0000e+00
       9164     68.930    -0.6223    -0.6222   2.699739   2.699839     2.4116     2.3835      8.026     0.0899     2.0429 1.0790e-01     0.1282    96.8469     7.1692     7.5211    32.9274    32.9286    26.4600    26.4610    8.29702 0.0000e+00
       9167     68.863    -0.6225    -0.6223   2.699726   2.699833     2.4120     2.3835      8.026     0.0899     2.0429 1.0802e-01     0.1282    96.8469     7.1687     7.5194    32.9275    32.9286    26.4601    26.4610    8.29706 0.0000e+00
       9170     68.806    -0.6223    -0.6222   2.699722   2.699837     2.4116     2.3835      8.026     0.0899     2.0429 1.0802e-01     0.1282    96.8469     7.1657     7.5149    32.9272    32.9286    26.4599    26.4610    8.29703 0.0000e+00
       9173     68.756    -0.6224    -0.6222   2.699749   2.699855     2.4116     2.3835      8.026     0.0850     2.0429 1.0802e-01     0.1282    96.8469     7.1648     7.5121    32.9277    32.9289    26.4602    26.4612    8.29702 0.0000e+00
       9176     68.712    -0.6223    -0.6221   2.699736   2.699871     2.4107     2.3835      8.026     0.0899     2.0429 1.0802e-01     0.1256    96.9077     7.1629     7.5091    32.9275    32.9290    26.4601    26.4613    8.29701 0.0000e+00
       9179     68.675    -0.6222    -0.6221   2.699731   2.699839     2.4116     2.3835      8.026     0.0899     2.0429 1.0802e-01     0.1246    96.9338     7.1681     7.5062    32.9273    32.9286    26.4599    26.4610    8.29699 0.0000e+00
       9182     68.649    -0.6223    -0.6220   2.699735   2.699850     2.4116     2.3835      8.026     0.0947     2.0429 1.0815e-01     0.1246    96.9338     7.1699     7.5039    32.9275    32.9288    26.4601    26.4611    8.29701 0.0000e+00
       9277     68.595    -0.6223    -0.6221   2.699750   2.699845     2.4136     2.3814      8.026     0.0850     2.0429 1.0802e-01     0.1307    96.7860     7.1829     7.5117    32.9277    32.9288    26.4603    26.4611    8.29700 0.0000e+00
       9280     68.504    -0.6223    -0.6221   2.699742   2.699849     2.4132     2.3810      8.026     0.0850     2.0429 1.0790e-01     0.1299    96.8034     7.1806     7.5075    32.9276    32.9289    26.4602    26.4612    8.29700 0.0000e+00
       9283     68.402    -0.6220    -0.6223   2.699705   2.699841     2.4128     2.3810      8.026     0.0947     2.0429 1.0802e-01     0.1303    96.7947     7.1782     7.5050    32.9269    32.9291    26.4596    26.4614    8.29698 0.0000e+00
       9286     68.291    -0.6220    -0.6224   2.699706   2.699799     2.4128     2.3814      8.026     0.0850     2.0429 1.0827e-01     0.1299    96.8034     7.1773     7.5084    32.9270    32.9286    26.4597    26.4610    8.29698 0.0000e+00
       9289     68.174    -0.6221    -0.6226   2.699735   2.699805     2.4132     2.3819      8.026     0.0996     2.0429 1.0802e-01     0.1303    96.7947     7.1801     7.5109    32.9275    32.9290    26.4601    26.4613    8.29696 0.0000e+00
       9292     68.050    -0.6219    -0.6226   2.699714   2.699794     2.4128     2.3810      8.026     0.0850     2.0429 1.0802e-01     0.1303    96.7947     7.1788     7.5083    32.9272    32.9290    26.4598    26.4613    8.29694 0.0000e+00
       9295     67.921    -0.6220    -0.6228   2.699735   2.699794     2.4132     2.3810      8.026     0.0899     2.0429 1.0802e-01     0.1299    96.8034     7.1808     7.5086    32.9276    32.9292    26.4601    26.4615    8.29694 0.0000e+00
       9298     67.785    -0.6220    -0.6226   2.699722   2.699796     2.4128     2.3814      8.026     0.0850     2.0429 1.0802e-01     0.1282    96.8469     7.1788     7.5118    32.9275    32.9292    26.4600    26.4615    8.29694 0.0000e+00
       9301     67.642    -0.6220    -0.6228   2.699720   2.699777     2.4136     2.3810      8.026     0.0899     2.0429 1.0815e-01     0.1282    96.8469     7.1808     7.5139    32.9275    32.9292    26.4601    26.4615    8.29694 0.0000e+00
       9304     67.498    -0.6218    -0.6223   2.699718   2.699802     2.4128     2.3810      8.026     0.0899     2.0429 1.0802e-01     0.1282    96.8469     7.1796     7.5171    32.9274    32.9291    26.4600    26.4614    8.29691 0.0000e+00
       9307     67.353    -0.6219    -0.6222   2.699714   2.699796     2.4128     2.3810      8.026     0.0850     2.0429 1.0790e-01     0.1282    96.8469     7.1787     7.5182    32.9276    32.9290    26.4601    26.4613    8.29692 0.0000e+00
       9310     67.205    -0.6218    -0.6222   2.699682   2.699780     2.4128     2.3814      8.026     0.0850     2.0429 1.0790e-01     0.1282    96.8469     7.1785     7.5179    32.9271    32.9288    26.4598    26.4611    8.29693 0.0000e+00
       9313     67.058    -0.6218    -0.6226   2.699686   2.699744     2.4140     2.3814      8.026     0.0899     2.0429 1.0815e-01     0.1282    96.8469     7.1815     7.5182    32.9272    32.9289    26.4598    26.4613    8.29691 0.0000e+00
       9316     66.910    -0.6217    -0.6230   2.699669   2.699722     2.4136     2.3819      8.026     0.0850     2.0429 1.0790e-01     0.1289    96.8295     7.1813     7.5225    32.9270    32.9291    26.4597    26.4614    8.29691 0.0000e+00
       9319     66.767    -0.6218    -0.6232   2.699693   2.699725     2.4132     2.3814      8.026     0.0850     2.0429 1.0790e-01     0.1282    96.8469     7.1801     7.5207    32.9275    32.9294    26.4601    26.4617    8.29690 0.0000e+00
       9322     66.627    -0.6217    -0.6230   2.699657   2.699711     2.4132     2.3814      8.026     0.0850     2.0429 1.0815e-01     0.1285    96.8382     7.1787     7.5192    32.9270    32.9292    26.4597    26.4615    8.29691 0.0000e+00
       9325     66.488    -0.6218    -0.6229   2.699640   2.699713     2.4132     2.3819      8.026     0.0850     2.0429 1.0802e-01     0.1285    96.8382     7.1759     7.5172    32.9269    32.9291    26.4596    26.4615    8.29692 0.0000e+00
       9328     66.355    -0.6217    -0.6228   2.699661   2.699713     2.4132     2.3823      8.026     0.0850     2.0429 1.0815e-01     0.1282    96.8469     7.1769     7.5147    32.9273    32.9291    26.4599    26.4614    8.29690 0.0000e+00
       9331     66.223    -0.6218    -0.6229   2.699651   2.699706     2.4132     2.3819      8.026     0.0899     2.0429 1.0802e-01     0.1285    96.8382     7.1750     7.5088    32.9272    32.9292    26.4599    26.4615    8.29691 0.0000e+00
       9334     66.095    -0.6218    -0.6229   2.699577   2.699689     2.4132     2.3814      8.026     0.0850     2.0429 1.0802e-01     0.1285    96.8382     7.1726     7.5040    32.9264    32.9291    26.4592    26.4614    8.29697 0.0000e+00
       9337     65.977    -0.6218    -0.6230   2.699625   2.699683     2.4132     2.3814      8.026     0.0850     2.0429 1.0815e-01     0.1289    96.8295     7.1723     7.5027    32.9270    32.9291    26.4597    26.4614    8.29692 0.0000e+00
       9340     65.865    -0.6220    -0.6230   2.699625   2.699670     2.4140     2.3819      8.026     0.0899     2.0429 1.0790e-01     0.1296    96.8121     7.1778     7.5037    32.9273    32.9291    26.4599    26.4614    8.29695 0.0000e+00
       9343     65.760    -0.6219    -0.6231   2.699625   2.699685     2.4136     2.3823      8.026     0.0899     1.9640 1.0790e-01     0.1296    96.8121     7.1766     7.5066    32.9273    32.9294    26.4599    26.4616    8.29693 0.0000e+00
       9346     65.661    -0.6220    -0.6229   2.699636   2.699663     2.4124     2.3810      8.026     0.0850     1.9245 1.0815e-01     0.1296    96.8121     7.1744     7.5034    32.9276    32.9290    26.4601    26.4613    8.29693 0.0000e+00
       9349     65.567    -0.6219    -0.6228   2.699618   2.699680     2.4128     2.3810      8.026     0.0850     1.9245 1.0790e-01     0.1292    96.8208     7.1756     7.5060    32.9273    32.9291    26.4599    26.4614    8.29692 0.0000e+00
       9352     65.479    -0.6219    -0.6230   2.699620   2.699663     2.4132     2.3810      8.026     0.0850     1.9245 1.0790e-01     0.1292    96.8208     7.1782     7.5107    32.9274    32.9291    26.4600    26.4614    8.29692 0.0000e+00
       9355     65.399    -0.6218    -0.6229   2.699599   2.699665     2.4128     2.3810      8.026     0.0850     1.9245 1.0802e-01     0.1299    96.8034     7.1763     7.5159    32.9271    32.9291    26.4597    26.4614    8.29693 0.0000e+00
       9358     65.328    -0.6219    -0.6228   2.699598   2.699669     2.4128     2.3814      8.026     0.0801     1.9245 1.0815e-01     0.1289    96.8295     7.1778     7.5198    32.9272    32.9291    26.4598    26.4614    8.29693 0.0000e+00
       9361     65.261    -0.6220    -0.6228   2.699584   2.699661     2.4132     2.3810      8.026     0.0850     1.9245 1.0815e-01     0.1289    96.8295     7.1784     7.5189    32.9272    32.9291    26.4598    26.4614    8.29697 0.0000e+00
       9364     65.201    -0.6220    -0.6228   2.699574   2.699678     2.4136     2.3814      8.026     0.0947     1.9245 1.0790e-01     0.1292    96.8208     7.1810     7.5232    32.9271    32.9294    26.4598    26.4616    8.29697 0.0000e+00
       9367     65.147    -0.6221    -0.6228   2.699582   2.699663     2.4128     2.3819      8.026     0.0996     1.9245 1.0790e-01     0.1292    96.8208     7.1799     7.5274    32.9274    32.9292    26.4600    26.4615    8.29698 0.0000e+00
       9370     65.097    -0.6220    -0.6227   2.699604   2.699664     2.4148     2.3823      8.026     0.1045     1.9245 1.0815e-01     0.1289    96.8295     7.1860     7.5338    32.9276    32.9291    26.4601    26.4614    8.29695 0.0000e+00
       9373     65.053    -0.6221    -0.6228   2.699597   2.699663     2.4132     2.3823      8.026     0.0996     1.9245 1.0790e-01     0.1292    96.8208     7.1765     7.5325    32.9275    32.9292    26.4601    26.4615    8.29696 0.0000e+00
       9376     65.013    -0.6218    -0.6228   2.699597   2.699667     2.4140     2.3823      8.026     0.1045     1.9245 1.0802e-01     0.1292    96.8208     7.1784     7.5310    32.9273    32.9293    26.4599    26.4616    8.29692 0.0000e+00
       9379     64.978    -0.6218    -0.6227   2.699607   2.699671     2.4128     2.3823      8.026     0.0996     1.9245 1.0802e-01     0.1285    96.8382     7.1723     7.5297    32.9274    32.9293    26.4600    26.4615    8.29691 0.0000e+00
       9382     64.943    -0.6219    -0.6228   2.699618   2.699656     2.4144     2.3823      8.026     0.1045     1.9245 1.0815e-01     0.1282    96.8469     7.1775     7.5257    32.9277    32.9292    26.4603    26.4615    8.29691 0.0000e+00
       9385     64.913    -0.6219    -0.6229   2.699592   2.699654     2.4128     2.3823      8.026     0.0996     1.9245 1.0802e-01     0.1285    96.8382     7.1700     7.5229    32.9273    32.9293    26.4599    26.4616    8.29692 0.0000e+00
       9389     64.881    -0.6219    -0.6227   2.699595   2.699656     2.4136     2.3823      8.026     0.1045     1.9245 1.0790e-01     0.1285    96.8382     7.1724     7.5170    32.9274    32.9291    26.4600    26.4614    8.29693 0.0000e+00
       9394     64.846    -0.6219    -0.6227   2.699590   2.699662     2.4128     2.3831      8.026     0.0996     1.9245 1.0790e-01     0.1285    96.8382     7.1707     7.5164    32.9273    32.9292    26.4599    26.4615    8.29692 0.0000e+00
       9427     64.814    -0.6221    -0.6227   2.699589   2.699632     2.4132     2.3827      8.026     0.1045     2.0034 1.0815e-01     0.1296    96.8121     7.1747     7.5212    32.9276    32.9288    26.4602    26.4612    8.29696 0.0000e+00
       9489     64.772    -0.6222    -0.6230   2.699559   2.699627     2.4140     2.3839      8.026     0.0996     1.9245 1.0790e-01     0.1303    96.7947     7.1786     7.5421    32.9273    32.9291    26.4600    26.4614    8.29700 0.0000e+00
