Datasets/AZMP/COO001/79001076.cnv
* Sea-Bird SBE 9 Data File:
* FileName = C:\CTDDATA\79001076.hex
* Software Version Seasave V 7.26.7.110
* Temperature SN = 5660
* Conductivity SN = 3698
* Number of Bytes Per Scan = 30
* Number of Voltage Words = 4
* Number of Scans Averaged by the Deck Unit = 1
* NMEA baud rate = 9600
** VESSEL/TRIP/SEQ STN:  79001076
** LATITUDE XX XX.XX N:  48 13.05 N
** LONGITUDE XX XX.XX W:  53 32.75 W
** SOUNDING DEPTH (M):  0242
** PROBE TYPE: S1257
** CTD NUMBER: 043
** COMMENTS (14 CHAR): SS-04
** BOTTLES:  0
** LEVELS:
** STICKERS:
** VNET: N
** DO2: N
# nquan = 22
# nvalues = 7092                        
# units = specified
# name 0 = scan: Scan Count
# name 1 = prDM: Pressure, Digiquartz [db]
# name 2 = t090C: Temperature [ITS-90, deg C]
# name 3 = t190C: Temperature, 2 [ITS-90, deg C]
# name 4 = c0S/m: Conductivity [S/m]
# name 5 = c1S/m: Conductivity, 2 [S/m]
# name 6 = sbeox0V: Oxygen raw, SBE 43 [V]
# name 7 = sbeox1V: Oxygen raw, SBE 43, 2 [V]
# name 8 = ph: pH
# name 9 = flECO-AFL: Fluorescence, WET Labs ECO-AFL/FL [mg/m^3]
# name 10 = wetCDOM: Fluorescence, WET Labs CDOM [mg/m^3]
# name 11 = par/sat/log: PAR/Logarithmic, Satlantic [umol photons/m^2/sec]
# name 12 = CStarAt0: Beam Attenuation, WET Labs C-Star [1/m]
# name 13 = CStarTr0: Beam Transmission, WET Labs C-Star [%]
# name 14 = sbeox0ML/L: Oxygen, SBE 43 [ml/l], WS = 2
# name 15 = sbeox1ML/L: Oxygen, SBE 43, 2 [ml/l], WS = 2
# name 16 = sal00: Salinity, Practical [PSU]
# name 17 = sal11: Salinity, Practical, 2 [PSU]
# name 18 = sigma-t00: Density [sigma-t, kg/m^3 ]
# name 19 = sigma-t11: Density, 2 [sigma-t, kg/m^3 ]
# name 20 = oxsatML/L: Oxygen Saturation, Weiss [ml/l]
# name 21 = flag: flag
# span 0 =        353,      23859       
# span 1 =      0.256,    237.064       
# span 2 =    -0.0088,     3.4972       
# span 3 =    -0.0107,     3.5005       
# span 4 =   2.739264,   2.932779       
# span 5 =   2.739327,   2.933708       
# span 6 =     2.1978,     2.7599       
# span 7 =     2.1684,     2.7163       
# span 8 =      7.971,      8.183       
# span 9 =     0.0068,     0.7150       
# span 10 =    -1.1549,     4.2932      
# span 11 = 1.0790e-01, 1.3934e+02      
# span 12 =     0.0786,     1.3533      
# span 13 =    71.3337,    98.0547      
# span 14 =     6.2492,     7.7195      
# span 15 =     6.5104,     7.9318      
# span 16 =    31.2233,    33.5727      
# span 17 =    31.1982,    33.5737      
# span 18 =    24.8342,    26.9196      
# span 19 =    24.8140,    26.9201      
# span 20 =    7.52180,    8.15928      
# span 21 = 0.0000e+00, 0.0000e+00      
# interval = scans: 3                   
# start_time = Dec 01 2019 13:23:55 [System UTC, header]
# bad_flag = -9.990e-29
*END*
[from data line 3885]
      13778    209.018     0.3348     0.3052   2.817000   2.812445     2.2652     2.2224      7.988     0.0313     1.9245 1.0790e-01     0.1922    95.3088     6.5580     6.8730    33.3589    33.3315    26.7643    26.7438    8.06376 0.0000e+00
      13781    208.914     0.3365     0.3045   2.817634   2.812360     2.2652     2.2236      7.988     0.0313     1.9245 1.0790e-01     0.1922    95.3088     6.5577     6.8759    33.3655    33.3311    26.7695    26.7436    8.06305 0.0000e+00
      13784    208.809     0.3409     0.3046   2.818429   2.812421     2.2652     2.2236      7.988     0.0264     1.9245 1.0790e-01     0.1922    95.3088     6.5580     6.8743    33.3711    33.3319    26.7739    26.7442    8.06180 0.0000e+00
      13787    208.708     0.3433     0.3041   2.818335   2.812216     2.2656     2.2236      7.988     0.0264     1.9245 1.0790e-01     0.1922    95.3088     6.5584     6.8759    33.3673    33.3298    26.7707    26.7425    8.06149 0.0000e+00
      13790    208.604     0.3408     0.3031   2.817014   2.812079     2.2660     2.2244      7.988     0.0264     1.9245 1.0790e-01     0.1922    95.3088     6.5579     6.8786    33.3528    33.3292    26.7591    26.7421    8.06282 0.0000e+00
      13793    208.503     0.3353     0.3028   2.815616   2.812004     2.2660     2.2248      7.988     0.0264     1.9245 1.0790e-01     0.1929    95.2914     6.5577     6.8841    33.3406    33.3285    26.7495    26.7415    8.06467 0.0000e+00
      13796    208.399     0.3313     0.3015   2.815675   2.811761     2.2660     2.2252      7.988     0.0264     1.9245 1.0790e-01     0.1940    95.2653     6.5588     6.8864    33.3457    33.3269    26.7539    26.7403    8.06524 0.0000e+00
      13799    208.293     0.3302     0.3029   2.815838   2.812325     2.2660     2.2252      7.988     0.0264     1.9245 1.0790e-01     0.1944    95.2566     6.5553     6.8840    33.3492    33.3327    26.7567    26.7449    8.06529 0.0000e+00
      13802    208.191     0.3286     0.3050   2.815348   2.812434     2.2656     2.2261      7.988     0.0264     1.9245 1.0790e-01     0.1940    95.2653     6.5541     6.8831    33.3446    33.3320    26.7531    26.7443    8.06588 0.0000e+00
      13805    208.090     0.3264     0.3046   2.814923   2.812182     2.2668     2.2261      7.988     0.0264     1.9245 1.0790e-01     0.1940    95.2653     6.5587     6.8796    33.3415    33.3292    26.7507    26.7420    8.06653 0.0000e+00
      13808    207.987     0.3249     0.3037   2.814972   2.812342     2.2668     2.2269      7.988     0.0264     1.9245 1.0790e-01     0.1944    95.2566     6.5597     6.8824    33.3437    33.3323    26.7527    26.7446    8.06672 0.0000e+00
      13811    207.882     0.3239     0.3074   2.814871   2.813226     2.2664     2.2273      7.988     0.0313     1.9245 1.0790e-01     0.1940    95.2653     6.5583     6.8813    33.3436    33.3399    26.7526    26.7505    8.06694 0.0000e+00
      13814    207.778     0.3225     0.3111   2.814472   2.813491     2.2664     2.2277      7.988     0.0264     1.9245 1.0790e-01     0.1948    95.2479     6.5581     6.8789    33.3399    33.3395    26.7497    26.7499    8.06744 0.0000e+00
      13817    207.671     0.3211     0.3110   2.814286   2.813187     2.2672     2.2285      7.988     0.0215     1.9245 1.0790e-01     0.1995    95.1350     6.5639     6.8817    33.3390    33.3357    26.7490    26.7469    8.06778 0.0000e+00
      13820    207.569     0.3202     0.3094   2.814206   2.812707     2.2668     2.2285      7.988     0.0264     1.9245 1.0790e-01     0.1999    95.1263     6.5626     6.8804    33.3391    33.3311    26.7491    26.7433    8.06798 0.0000e+00
      13823    207.469     0.3192     0.3073   2.814093   2.812401     2.2672     2.2285      7.990     0.0313     1.9245 1.0790e-01     0.1999    95.1263     6.5656     6.8781    33.3388    33.3295    26.7489    26.7421    8.06821 0.0000e+00
      13826    207.366     0.3188     0.3067   2.813965   2.812543     2.2676     2.2285      7.988     0.0264     2.0429 1.0790e-01     0.1999    95.1263     6.5661     6.8760    33.3376    33.3320    26.7480    26.7442    8.06836 0.0000e+00
      13829    207.267     0.3178     0.3057   2.813621   2.812260     2.2672     2.2285      7.988     0.0264     2.0429 1.0790e-01     0.1995    95.1350     6.5640     6.8741    33.3342    33.3295    26.7454    26.7422    8.06876 0.0000e+00
      13832    207.165     0.3163     0.3058   2.813413   2.812565     2.2684     2.2297      7.991     0.0361     2.0429 1.0790e-01     0.1999    95.1263     6.5710     6.8754    33.3332    33.3334    26.7446    26.7454    8.06914 0.0000e+00
      13835    207.063     0.3157     0.3090   2.813498   2.813237     2.2672     2.2297      7.990     0.0264     2.0429 1.0790e-01     0.1988    95.1524     6.5660     6.8723    33.3349    33.3388    26.7460    26.7495    8.06916 0.0000e+00
      13838    206.963     0.3152     0.3114   2.813321   2.813470     2.2684     2.2301      7.990     0.0215     2.0429 1.0790e-01     0.1955    95.2306     6.5707     6.8721    33.3332    33.3394    26.7447    26.7498    8.06936 0.0000e+00
      13841    206.863     0.3149     0.3123   2.813235   2.813552     2.2688     2.2306      7.990     0.0264     2.0429 1.0790e-01     0.1955    95.2306     6.5694     6.8725    33.3325    33.3395    26.7441    26.7499    8.06947 0.0000e+00
      13844    206.768     0.3147     0.3128   2.813280   2.813656     2.2684     2.2301      7.990     0.0410     2.0429 1.0790e-01     0.1955    95.2306     6.5669     6.8713    33.3334    33.3404    26.7448    26.7506    8.06946 0.0000e+00
      13847    206.673     0.3145     0.3133   2.813207   2.813659     2.2688     2.2310      7.993     0.0410     2.0034 1.0790e-01     0.1959    95.2219     6.5664     6.8736    33.3327    33.3399    26.7443    26.7501    8.06954 0.0000e+00
      13850    206.578     0.3143     0.3132   2.813111   2.813607     2.2684     2.2310      7.991     0.0410     2.0429 1.0790e-01     0.1959    95.2219     6.5633     6.8709    33.3318    33.3394    26.7435    26.7498    8.06965 0.0000e+00
      13853    206.486     0.3137     0.3131   2.813038   2.813626     2.2692     2.2314      7.990     0.0459     2.0429 1.0790e-01     0.1955    95.2306     6.5640     6.8695    33.3315    33.3398    26.7433    26.7501    8.06978 0.0000e+00
      13856    206.391     0.3136     0.3135   2.813068   2.813643     2.2692     2.2310      7.993     0.0410     2.0429 1.0790e-01     0.1948    95.2479     6.5629     6.8644    33.3321    33.3396    26.7438    26.7499    8.06978 0.0000e+00
      13859    206.295     0.3138     0.3134   2.813145   2.813629     2.2692     2.2318      7.993     0.0410     2.0429 1.0790e-01     0.1937    95.2740     6.5635     6.8672    33.3329    33.3396    26.7444    26.7499    8.06968 0.0000e+00
      13862    206.202     0.3142     0.3149   2.813277   2.813871     2.2696     2.2318      7.990     0.0410     2.0429 1.0790e-01     0.1933    95.2827     6.5615     6.8663    33.3342    33.3412    26.7455    26.7512    8.06952 0.0000e+00
      13865    206.110     0.3153     0.3181   2.813426   2.814139     2.2684     2.2318      7.990     0.0410     2.0429 1.0790e-01     0.1933    95.2827     6.5561     6.8655    33.3350    33.3413    26.7461    26.7510    8.06925 0.0000e+00
      13868    206.022     0.3157     0.3210   2.813393   2.814286     2.2688     2.2322      7.991     0.0361     2.0429 1.0790e-01     0.1937    95.2740     6.5575     6.8663    33.3343    33.3401    26.7455    26.7500    8.06921 0.0000e+00
      13871    205.935     0.3159     0.3216   2.813404   2.814228     2.2692     2.2322      7.991     0.0264     2.0429 1.0790e-01     0.1937    95.2740     6.5593     6.8642    33.3341    33.3388    26.7454    26.7489    8.06916 0.0000e+00
      13874    205.850     0.3163     0.3223   2.813435   2.814284     2.2688     2.2322      7.993     0.0313     2.0429 1.0790e-01     0.1940    95.2653     6.5589     6.8633    33.3343    33.3388    26.7455    26.7488    8.06908 0.0000e+00
      13877    205.762     0.3165     0.3228   2.813447   2.814181     2.2688     2.2330      7.993     0.0264     1.9245 1.0790e-01     0.1933    95.2827     6.5597     6.8679    33.3341    33.3370    26.7454    26.7473    8.06903 0.0000e+00
      13880    205.675     0.3166     0.3230   2.813384   2.814088     2.2696     2.2322      7.991     0.0264     1.9245 1.0790e-01     0.1926    95.3001     6.5659     6.8666    33.3334    33.3356    26.7447    26.7462    8.06907 0.0000e+00
      13883    205.587     0.3164     0.3226   2.813319   2.814038     2.2696     2.2334      7.990     0.0264     1.9245 1.0790e-01     0.1929    95.2914     6.5670     6.8708    33.3327    33.3354    26.7442    26.7460    8.06913 0.0000e+00
      13886    205.503     0.3161     0.3223   2.813286   2.813978     2.2688     2.2334      7.991     0.0313     1.9245 1.0790e-01     0.1926    95.3001     6.5672     6.8718    33.3327    33.3350    26.7442    26.7457    8.06920 0.0000e+00
      13889    205.421     0.3161     0.3220   2.813281   2.813917     2.2692     2.2334      7.993     0.0264     1.9245 1.0790e-01     0.1929    95.2914     6.5697     6.8706    33.3327    33.3346    26.7442    26.7455    8.06921 0.0000e+00
      13892    205.340     0.3161     0.3212   2.813294   2.813837     2.2692     2.2334      7.993     0.0264     1.9245 1.0790e-01     0.1933    95.2827     6.5704     6.8701    33.3328    33.3345    26.7443    26.7454    8.06919 0.0000e+00
      13895    205.258     0.3162     0.3210   2.813289   2.813822     2.2701     2.2334      7.993     0.0361     1.9245 1.0790e-01     0.1929    95.2914     6.5753     6.8721    33.3327    33.3346    26.7442    26.7454    8.06917 0.0000e+00
      13898    205.176     0.3163     0.3214   2.813259   2.813866     2.2701     2.2338      7.993     0.0410     1.9245 1.0790e-01     0.1889    95.3870     6.5754     6.8744    33.3323    33.3347    26.7439    26.7455    8.06918 0.0000e+00
      13901    205.097     0.3164     0.3216   2.813254   2.813822     2.2709     2.2346      7.993     0.0361     1.9245 1.0790e-01     0.1889    95.3870     6.5791     6.8782    33.3322    33.3340    26.7438    26.7449    8.06917 0.0000e+00
      13904    205.017     0.3163     0.3211   2.813254   2.813703     2.2705     2.2346      7.993     0.0410     1.9245 1.0790e-01     0.1889    95.3870     6.5788     6.8795    33.3323    33.3330    26.7439    26.7442    8.06918 0.0000e+00
      13907    204.936     0.3164     0.3198   2.813273   2.813512     2.2709     2.2346      7.993     0.0410     1.9245 1.0790e-01     0.1889    95.3870     6.5835     6.8815    33.3325    33.3319    26.7441    26.7434    8.06915 0.0000e+00
      13910    204.861     0.3167     0.3185   2.813270   2.813297     2.2709     2.2346      7.993     0.0410     1.9245 1.0790e-01     0.1889    95.3870     6.5825     6.8851    33.3322    33.3306    26.7438    26.7424    8.06911 0.0000e+00
      13913    204.790     0.3168     0.3183   2.813278   2.813439     2.2709     2.2346      7.993     0.0410     1.9245 1.0790e-01     0.1889    95.3870     6.5822     6.8867    33.3323    33.3327    26.7438    26.7441    8.06908 0.0000e+00
      13916    204.715     0.3169     0.3180   2.813290   2.812854     2.2713     2.2350      7.991     0.0410     1.9245 1.0790e-01     0.1896    95.3696     6.5845     6.8886    33.3323    33.3254    26.7439    26.7382    8.06905 0.0000e+00
      13919    204.640     0.3170     0.3100   2.813278   2.810527     2.2717     2.2358      7.993     0.0410     1.9245 1.0790e-01     0.1900    95.3609     6.5855     6.8926    33.3321    33.3037    26.7437    26.7212    8.06904 0.0000e+00
      13922    204.566     0.3167     0.2998   2.813190   2.809501     2.2713     2.2358      7.993     0.0361     1.9245 1.0790e-01     0.1900    95.3609     6.5842     6.8914    33.3313    33.3013    26.7430    26.7198    8.06914 0.0000e+00
      13925    204.493     0.3161     0.2914   2.813035   2.808254     2.2725     2.2362      7.991     0.0264     1.9245 1.0790e-01     0.1900    95.3609     6.5890     6.8932    33.3300    33.2942    26.7420    26.7144    8.06935 0.0000e+00
      13928    204.420     0.3158     0.2845   2.812959   2.807508     2.2729     2.2362      7.991     0.0264     1.9245 1.0790e-01     0.1900    95.3609     6.5915     6.8953    33.3293    33.2919    26.7415    26.7130    8.06944 0.0000e+00
      13931    204.347     0.3157     0.2841   2.812943   2.808279     2.2729     2.2371      7.993     0.0313     2.0429 1.0790e-01     0.1900    95.3609     6.5900     6.8966    33.3293    33.3025    26.7415    26.7216    8.06948 0.0000e+00
      13934    204.274     0.3153     0.2834   2.812844   2.807818     2.2721     2.2371      7.991     0.0264     2.0429 1.0790e-01     0.1900    95.3609     6.5875     6.8944    33.3285    33.2973    26.7408    26.7174    8.06960 0.0000e+00
      13937    204.200     0.3155     0.2848   2.812872   2.808480     2.2737     2.2371      7.991     0.0264     2.0429 1.0790e-01     0.1896    95.3696     6.5926     6.8921    33.3287    33.3044    26.7410    26.7231    8.06955 0.0000e+00
      13940    204.127     0.3155     0.2887   2.812899   2.808940     2.2737     2.2371      7.993     0.0264     2.0429 1.0790e-01     0.1889    95.3870     6.5921     6.8865    33.3290    33.3063    26.7413    26.7244    8.06953 0.0000e+00
      13943    204.057     0.3155     0.2914   2.812949   2.809311     2.2737     2.2371      7.993     0.0264     2.0429 1.0790e-01     0.1889    95.3870     6.5925     6.8841    33.3297    33.3083    26.7418    26.7258    8.06949 0.0000e+00
      13946    203.985     0.3157     0.2945   2.812977   2.809778     2.2737     2.2371      7.993     0.0264     2.0429 1.0790e-01     0.1889    95.3870     6.5895     6.8820    33.3299    33.3110    26.7420    26.7279    8.06943 0.0000e+00
      13949    203.911     0.3159     0.2974   2.812962   2.809838     2.2745     2.2371      7.993     0.0264     2.0429 1.0790e-01     0.1889    95.3870     6.5900     6.8795    33.3296    33.3087    26.7417    26.7259    8.06942 0.0000e+00
      13952    203.838     0.3162     0.2971   2.812980   2.809665     2.2737     2.2379      7.993     0.0264     2.0429 1.0790e-01     0.1889    95.3870     6.5850     6.8803    33.3295    33.3068    26.7416    26.7244    8.06935 0.0000e+00
      13955    203.766     0.3163     0.2978   2.812986   2.810420     2.2741     2.2375      7.993     0.0264     1.9640 1.0790e-01     0.1889    95.3870     6.5881     6.8769    33.3295    33.3160    26.7416    26.7317    8.06933 0.0000e+00
      13958    203.692     0.3164     0.2998   2.812994   2.810314     2.2749     2.2379      7.993     0.0313     1.9245 1.0790e-01     0.1889    95.3870     6.5899     6.8794    33.3296    33.3126    26.7417    26.7288    8.06931 0.0000e+00
      13961    203.617     0.3166     0.3001   2.812946   2.810448     2.2749     2.2383      7.993     0.0264     1.9245 1.0790e-01     0.1889    95.3870     6.5891     6.8835    33.3288    33.3139    26.7411    26.7299    8.06932 0.0000e+00
      13964    203.542     0.3166     0.3026   2.812959   2.810747     2.2753     2.2379      7.991     0.0215     1.9245 1.0790e-01     0.1889    95.3870     6.5913     6.8804    33.3290    33.3152    26.7412    26.7308    8.06930 0.0000e+00
      13967    203.464     0.3163     0.3041   2.812825   2.810906     2.2753     2.2383      7.991     0.0264     1.9245 1.0790e-01     0.1889    95.3870     6.5915     6.8827    33.3276    33.3158    26.7401    26.7312    8.06944 0.0000e+00
      13970    203.385     0.3157     0.3042   2.812675   2.810468     2.2745     2.2383      7.993     0.0313     1.9245 1.0790e-01     0.1889    95.3870     6.5882     6.8834    33.3263    33.3099    26.7391    26.7264    8.06964 0.0000e+00
