Datasets/AZMP/COO001/79001083.cnv
* Sea-Bird SBE 9 Data File:
* FileName = C:\CTDDATA\79001083.hex
* Software Version Seasave V 7.26.7.110
* Temperature SN = 5660
* Conductivity SN = 3698
* Number of Bytes Per Scan = 30
* Number of Voltage Words = 4
* Number of Scans Averaged by the Deck Unit = 1
* NMEA baud rate = 9600
** VESSEL/TRIP/SEQ STN:  79001083
** LATITUDE XX XX.XX N:  48 09.56 N
** LONGITUDE XX XX.XX W:  53 44.76 W
** SOUNDING DEPTH (M):  0064
** PROBE TYPE: S1257
** CTD NUMBER: 050
** COMMENTS (14 CHAR): SS-12
** BOTTLES:  0
** LEVELS:
** STICKERS:
** VNET: N
** DO2: N
# nquan = 22
# nvalues = 2488                        
# units = specified
# name 0 = scan: Scan Count
# name 1 = prDM: Pressure, Digiquartz [db]
# name 2 = t090C: Temperature [ITS-90, deg C]
# name 3 = t190C: Temperature, 2 [ITS-90, deg C]
# name 4 = c0S/m: Conductivity [S/m]
# name 5 = c1S/m: Conductivity, 2 [S/m]
# name 6 = sbeox0V: Oxygen raw, SBE 43 [V]
# name 7 = sbeox1V: Oxygen raw, SBE 43, 2 [V]
# name 8 = ph: pH
# name 9 = flECO-AFL: Fluorescence, WET Labs ECO-AFL/FL [mg/m^3]
# name 10 = wetCDOM: Fluorescence, WET Labs CDOM [mg/m^3]
# name 11 = par/sat/log: PAR/Logarithmic, Satlantic [umol photons/m^2/sec]
# name 12 = CStarAt0: Beam Attenuation, WET Labs C-Star [1/m]
# name 13 = CStarTr0: Beam Transmission, WET Labs C-Star [%]
# name 14 = sbeox0ML/L: Oxygen, SBE 43 [ml/l], WS = 2
# name 15 = sbeox1ML/L: Oxygen, SBE 43, 2 [ml/l], WS = 2
# name 16 = sal00: Salinity, Practical [PSU]
# name 17 = sal11: Salinity, Practical, 2 [PSU]
# name 18 = sigma-t00: Density [sigma-t, kg/m^3 ]
# name 19 = sigma-t11: Density, 2 [sigma-t, kg/m^3 ]
# name 20 = oxsatML/L: Oxygen Saturation, Weiss [ml/l]
# name 21 = flag: flag
# span 0 =        170,       8690       
# span 1 =      1.581,     59.630       
# span 2 =     3.3011,     3.5690       
# span 3 =     3.3008,     3.5701       
# span 4 =   2.878995,   2.931940       
# span 5 =   2.859048,   2.932072       
# span 6 =     2.5508,     2.7242       
# span 7 =     2.6785,     2.6948       
# span 8 =      8.167,      8.179       
# span 9 =     0.2901,     0.9739       
# span 10 =     2.0034,     3.5826      
# span 11 = 1.0520e-01, 4.6014e-01      
# span 12 =     0.0971,     0.2097      
# span 13 =    94.8917,    97.6029      
# span 14 =     6.8090,     7.4701      
# span 15 =     7.7313,     7.8692      
# span 16 =    31.1054,    31.8117      
# span 17 =    30.8064,    31.8141      
# span 18 =    24.7419,    25.3145      
# span 19 =    24.4991,    25.3168      
# span 20 =    7.51955,    7.56406      
# span 21 = 0.0000e+00, 0.0000e+00      
# interval = scans: 3                   
# start_time = Dec 01 2019 21:43:54 [System UTC, header]
# bad_flag = -9.990e-29
*END*
[from data line 856]
       3232     49.932     3.3302     3.3290   2.931770   2.931912     2.7160     2.6838      8.174     0.3683     2.1614 1.0827e-01     0.1038    97.4377     7.4415     7.8520    31.7937    31.7966    25.2980    25.3004    7.54459 0.0000e+00
       3235     49.993     3.3291     3.3276   2.931763   2.931909     2.7156     2.6838      8.174     0.3780     2.1614 1.0827e-01     0.1035    97.4464     7.4421     7.8541    31.7947    31.7979    25.2989    25.3016    7.54475 0.0000e+00
       3238     50.055     3.3280     3.3261   2.931759   2.931888     2.7160     2.6838      8.174     0.3780     2.1614 1.0827e-01     0.1035    97.4464     7.4440     7.8540    31.7957    31.7990    25.2998    25.3026    7.54491 0.0000e+00
       3241     50.118     3.3269     3.3251   2.931765   2.931860     2.7160     2.6850      8.176     0.3731     2.1614 1.0827e-01     0.1035    97.4464     7.4444     7.8615    31.7968    31.7997    25.3008    25.3033    7.54506 0.0000e+00
       3244     50.179     3.3258     3.3246   2.931736   2.931866     2.7152     2.6850      8.174     0.3634     2.1614 1.0827e-01     0.1035    97.4464     7.4438     7.8636    31.7975    31.8003    25.3015    25.3037    7.54524 0.0000e+00
       3247     50.241     3.3250     3.3245   2.931740   2.931878     2.7156     2.6846      8.174     0.3780     2.1614 1.0827e-01     0.1035    97.4464     7.4462     7.8641    31.7983    31.8005    25.3021    25.3039    7.54535 0.0000e+00
       3250     50.303     3.3244     3.3243   2.931710   2.931860     2.7160     2.6850      8.174     0.3731     2.1614 1.0827e-01     0.1038    97.4377     7.4479     7.8638    31.7985    31.8004    25.3023    25.3038    7.54545 0.0000e+00
       3253     50.366     3.3241     3.3242   2.931721   2.931866     2.7160     2.6850      8.174     0.3731     2.1614 1.0827e-01     0.1020    97.4812     7.4495     7.8619    31.7989    31.8005    25.3027    25.3040    7.54549 0.0000e+00
       3256     50.427     3.3237     3.3236   2.931694   2.931867     2.7147     2.6854      8.174     0.3731     2.3587 1.0827e-01     0.1013    97.4986     7.4452     7.8607    31.7989    31.8011    25.3027    25.3044    7.54555 0.0000e+00
       3259     50.489     3.3234     3.3230   2.931693   2.931844     2.7156     2.6858      8.174     0.3780     2.3982 1.0827e-01     0.1017    97.4899     7.4481     7.8613    31.7992    31.8014    25.3029    25.3048    7.54560 0.0000e+00
       3262     50.552     3.3231     3.3221   2.931677   2.931815     2.7160     2.6854      8.174     0.3731     2.3982 1.0827e-01     0.1013    97.4986     7.4484     7.8580    31.7992    31.8018    25.3030    25.3052    7.54565 0.0000e+00
       3265     50.611     3.3227     3.3217   2.931682   2.931826     2.7156     2.6862      8.174     0.3683     2.3982 1.0827e-01     0.1013    97.4986     7.4483     7.8587    31.7996    31.8023    25.3034    25.3056    7.54570 0.0000e+00
       3268     50.673     3.3225     3.3216   2.931680   2.931834     2.7160     2.6862      8.174     0.3731     2.3982 1.0827e-01     0.1013    97.4986     7.4497     7.8581    31.7999    31.8025    25.3036    25.3058    7.54575 0.0000e+00
       3271     50.735     3.3223     3.3217   2.931679   2.931839     2.7156     2.6862      8.176     0.3731     2.3982 1.0827e-01     0.1013    97.4986     7.4482     7.8574    31.8000    31.8025    25.3037    25.3057    7.54577 0.0000e+00
       3274     50.796     3.3222     3.3215   2.931686   2.931838     2.7164     2.6862      8.176     0.3731     2.3982 1.0827e-01     0.1013    97.4986     7.4511     7.8579    31.8001    31.8026    25.3038    25.3058    7.54579 0.0000e+00
       3277     50.858     3.3220     3.3215   2.931675   2.931845     2.7160     2.6866      8.174     0.3780     2.3982 1.0827e-01     0.1013    97.4986     7.4500     7.8594    31.8001    31.8027    25.3038    25.3059    7.54582 0.0000e+00
       3280     50.921     3.3218     3.3213   2.931656   2.931844     2.7156     2.6862      8.177     0.3683     2.3587 1.0827e-01     0.1013    97.4986     7.4483     7.8570    31.8001    31.8028    25.3039    25.3061    7.54586 0.0000e+00
       3283     50.981     3.3216     3.3212   2.931670   2.931841     2.7156     2.6871      8.176     0.3536     2.2798 1.0827e-01     0.1010    97.5073     7.4472     7.8607    31.8005    31.8029    25.3041    25.3061    7.54589 0.0000e+00
       3286     51.044     3.3213     3.3210   2.931656   2.931855     2.7152     2.6862      8.176     0.3536     2.2798 1.0827e-01     0.1017    97.4899     7.4468     7.8557    31.8005    31.8032    25.3042    25.3064    7.54594 0.0000e+00
       3289     51.107     3.3212     3.3209   2.931665   2.931842     2.7160     2.6866      8.176     0.3585     2.2798 1.0827e-01     0.1013    97.4986     7.4500     7.8558    31.8007    31.8031    25.3043    25.3063    7.54594 0.0000e+00
       3292     51.169     3.3210     3.3210   2.931654   2.931850     2.7156     2.6866      8.174     0.3634     2.2798 1.0827e-01     0.1006    97.5160     7.4491     7.8552    31.8007    31.8031    25.3044    25.3063    7.54598 0.0000e+00
       3295     51.231     3.3209     3.3208   2.931679   2.931840     2.7164     2.6871      8.176     0.3585     2.2798 1.0827e-01     0.0992    97.5507     7.4525     7.8541    31.8011    31.8031    25.3047    25.3063    7.54598 0.0000e+00
       3298     51.293     3.3208     3.3202   2.931693   2.931830     2.7156     2.6875      8.176     0.3487     2.2798 1.0827e-01     0.0992    97.5507     7.4511     7.8531    31.8014    31.8035    25.3049    25.3067    7.54599 0.0000e+00
       3301     51.357     3.3204     3.3195   2.931654   2.931835     2.7156     2.6875      8.177     0.3585     2.2798 1.0827e-01     0.0992    97.5507     7.4535     7.8519    31.8012    31.8042    25.3048    25.3073    7.54607 0.0000e+00
       3304     51.418     3.3200     3.3192   2.931661   2.931807     2.7156     2.6875      8.174     0.3585     2.2798 1.0827e-01     0.0992    97.5507     7.4547     7.8494    31.8016    31.8042    25.3052    25.3073    7.54612 0.0000e+00
       3307     51.481     3.3199     3.3191   2.931673   2.931819     2.7156     2.6875      8.174     0.3634     2.2798 1.0827e-01     0.0996    97.5420     7.4554     7.8479    31.8019    31.8044    25.3054    25.3075    7.54613 0.0000e+00
       3310     51.543     3.3196     3.3189   2.931656   2.931826     2.7168     2.6871      8.174     0.3780     2.2798 1.0827e-01     0.0992    97.5507     7.4585     7.8467    31.8020    31.8047    25.3055    25.3077    7.54619 0.0000e+00
       3313     51.604     3.3195     3.3188   2.931661   2.931814     2.7156     2.6871      8.174     0.3731     2.2798 1.0827e-01     0.1003    97.5247     7.4555     7.8437    31.8021    31.8045    25.3056    25.3076    7.54620 0.0000e+00
       3316     51.667     3.3193     3.3186   2.931669   2.931829     2.7164     2.6875      8.176     0.3780     2.2798 1.0827e-01     0.1010    97.5073     7.4595     7.8422    31.8023    31.8049    25.3058    25.3079    7.54622 0.0000e+00
       3319     51.730     3.3191     3.3186   2.931680   2.931834     2.7164     2.6862      8.179     0.3634     2.2798 1.0827e-01     0.1010    97.5073     7.4603     7.8350    31.8026    31.8050    25.3061    25.3080    7.54625 0.0000e+00
       3322     51.792     3.3189     3.3185   2.931687   2.931853     2.7168     2.6871      8.176     0.3780     2.2798 1.0827e-01     0.1006    97.5160     7.4628     7.8385    31.8029    31.8052    25.3063    25.3082    7.54627 0.0000e+00
       3325     51.854     3.3186     3.3184   2.931724   2.931848     2.7168     2.6866      8.177     0.3780     2.2798 1.0827e-01     0.1003    97.5247     7.4622     7.8373    31.8035    31.8052    25.3069    25.3082    7.54629 0.0000e+00
       3328     51.915     3.3181     3.3183   2.931722   2.931852     2.7172     2.6866      8.174     0.3780     2.2798 1.0827e-01     0.1006    97.5160     7.4622     7.8376    31.8040    31.8054    25.3073    25.3083    7.54636 0.0000e+00
       3331     51.976     3.3179     3.3183   2.931712   2.931855     2.7164     2.6871      8.176     0.3634     2.2798 1.0827e-01     0.1010    97.5073     7.4579     7.8426    31.8040    31.8054    25.3073    25.3083    7.54640 0.0000e+00
       3334     52.036     3.3177     3.3182   2.931710   2.931841     2.7168     2.6875      8.176     0.3585     2.2009 1.0827e-01     0.0988    97.5594     7.4591     7.8476    31.8042    31.8053    25.3075    25.3083    7.54643 0.0000e+00
       3337     52.097     3.3175     3.3180   2.931711   2.931854     2.7172     2.6862      8.174     0.3585     2.1614 1.0827e-01     0.0985    97.5681     7.4606     7.8459    31.8044    31.8055    25.3076    25.3085    7.54646 0.0000e+00
       3340     52.158     3.3171     3.3179   2.931696   2.931848     2.7180     2.6866      8.174     0.3634     2.1614 1.0827e-01     0.0992    97.5507     7.4616     7.8498    31.8045    31.8055    25.3078    25.3085    7.54652 0.0000e+00
       3343     52.220     3.3169     3.3174   2.931704   2.931872     2.7172     2.6862      8.176     0.3536     2.1614 1.0827e-01     0.0985    97.5681     7.4576     7.8506    31.8048    31.8064    25.3080    25.3092    7.54655 0.0000e+00
       3346     52.281     3.3167     3.3170   2.931719   2.931886     2.7176     2.6871      8.174     0.3634     2.1614 1.0827e-01     0.0985    97.5681     7.4590     7.8537    31.8051    31.8069    25.3083    25.3097    7.54656 0.0000e+00
       3349     52.345     3.3167     3.3168   2.931735   2.931879     2.7172     2.6862      8.176     0.3634     2.1614 1.0827e-01     0.0988    97.5594     7.4581     7.8527    31.8053    31.8069    25.3084    25.3097    7.54656 0.0000e+00
       3352     52.407     3.3168     3.3168   2.931729   2.931888     2.7168     2.6866      8.174     0.3585     2.1614 1.0827e-01     0.0988    97.5594     7.4566     7.8544    31.8051    31.8070    25.3083    25.3098    7.54656 0.0000e+00
       3355     52.467     3.3166     3.3167   2.931716   2.931880     2.7168     2.6875      8.174     0.3634     2.1614 1.0827e-01     0.1003    97.5247     7.4558     7.8601    31.8051    31.8070    25.3082    25.3098    7.54659 0.0000e+00
       3358     52.526     3.3165     3.3160   2.931727   2.931892     2.7180     2.6875      8.176     0.3585     2.1614 1.0827e-01     0.0999    97.5334     7.4585     7.8609    31.8053    31.8078    25.3084    25.3105    7.54660 0.0000e+00
       3361     52.589     3.3164     3.3152   2.931733   2.931904     2.7172     2.6875      8.174     0.3878     2.1614 1.0827e-01     0.1003    97.5247     7.4568     7.8616    31.8054    31.8086    25.3085    25.3112    7.54660 0.0000e+00
       3364     52.655     3.3164     3.3150   2.931723   2.931893     2.7172     2.6875      8.174     0.3927     2.1614 1.0827e-01     0.1003    97.5247     7.4559     7.8603    31.8053    31.8087    25.3084    25.3113    7.54662 0.0000e+00
       3367     52.715     3.3162     3.3150   2.931741   2.931888     2.7172     2.6875      8.174     0.3927     2.1614 1.0827e-01     0.1003    97.5247     7.4560     7.8593    31.8057    31.8086    25.3088    25.3112    7.54664 0.0000e+00
       3370     52.775     3.3159     3.3148   2.931751   2.931901     2.7176     2.6875      8.177     0.3878     2.1614 1.0827e-01     0.1003    97.5247     7.4568     7.8571    31.8060    31.8090    25.3091    25.3115    7.54668 0.0000e+00
       3373     52.836     3.3158     3.3149   2.931738   2.931896     2.7180     2.6875      8.174     0.3878     2.1614 1.0827e-01     0.0999    97.5334     7.4576     7.8561    31.8059    31.8087    25.3090    25.3113    7.54669 0.0000e+00
       3376     52.899     3.3157     3.3147   2.931723   2.931902     2.7172     2.6879      8.176     0.3878     2.1614 1.0827e-01     0.0992    97.5507     7.4545     7.8541    31.8059    31.8090    25.3090    25.3116    7.54672 0.0000e+00
       3379     52.962     3.3155     3.3148   2.931757   2.931911     2.7168     2.6879      8.174     0.3878     2.1614 1.0827e-01     0.0992    97.5507     7.4521     7.8524    31.8064    31.8089    25.3094    25.3115    7.54673 0.0000e+00
       3382     53.023     3.3154     3.3149   2.931748   2.931905     2.7180     2.6875      8.174     0.3976     2.1614 1.0827e-01     0.0992    97.5507     7.4557     7.8505    31.8064    31.8087    25.3094    25.3113    7.54675 0.0000e+00
       3385     53.083     3.3155     3.3150   2.931733   2.931908     2.7180     2.6875      8.176     0.3829     2.1614 1.0827e-01     0.0992    97.5507     7.4559     7.8500    31.8061    31.8087    25.3092    25.3112    7.54675 0.0000e+00
       3388     53.144     3.3157     3.3148   2.931770   2.931927     2.7164     2.6879      8.177     0.4024     2.2798 1.0827e-01     0.0992    97.5507     7.4484     7.8509    31.8063    31.8091    25.3093    25.3116    7.54670 0.0000e+00
       3391     53.205     3.3156     3.3149   2.931771   2.931896     2.7168     2.6875      8.174     0.4073     2.2798 1.0827e-01     0.0992    97.5507     7.4483     7.8490    31.8064    31.8086    25.3094    25.3112    7.54672 0.0000e+00
       3394     53.267     3.3155     3.3152   2.931762   2.931910     2.7168     2.6875      8.174     0.4025     2.2403 1.0827e-01     0.1003    97.5247     7.4486     7.8461    31.8064    31.8084    25.3094    25.3110    7.54674 0.0000e+00
       3397     53.330     3.3155     3.3152   2.931775   2.931940     2.7168     2.6879      8.176     0.4024     2.2798 1.0827e-01     0.1003    97.5247     7.4495     7.8438    31.8065    31.8087    25.3094    25.3113    7.54673 0.0000e+00
       3400     53.391     3.3155     3.3156   2.931776   2.931924     2.7172     2.6875      8.176     0.3976     2.2798 1.0827e-01     0.0999    97.5334     7.4509     7.8391    31.8065    31.8081    25.3094    25.3108    7.54674 0.0000e+00
       3403     53.449     3.3156     3.3157   2.931768   2.931942     2.7168     2.6875      8.174     0.4122     2.2798 1.0827e-01     0.1003    97.5247     7.4482     7.8369    31.8062    31.8082    25.3092    25.3108    7.54672 0.0000e+00
       3406     53.509     3.3157     3.3156   2.931799   2.931956     2.7172     2.6875      8.179     0.3976     2.2798 1.0827e-01     0.1003    97.5247     7.4488     7.8325    31.8064    31.8084    25.3094    25.3110    7.54669 0.0000e+00
       3409     53.570     3.3158     3.3155   2.931798   2.931964     2.7160     2.6875      8.176     0.4024     2.2798 1.0827e-01     0.1003    97.5247     7.4457     7.8283    31.8063    31.8086    25.3093    25.3111    7.54668 0.0000e+00
       3412     53.628     3.3156     3.3154   2.931781   2.931946     2.7156     2.6875      8.176     0.3829     2.2009 1.0827e-01     0.1003    97.5247     7.4454     7.8249    31.8063    31.8084    25.3093    25.3110    7.54673 0.0000e+00
       3415     53.688     3.3153     3.3147   2.931779   2.931948     2.7164     2.6875      8.174     0.3585     2.1614 1.0827e-01     0.0992    97.5507     7.4478     7.8223    31.8065    31.8091    25.3095    25.3116    7.54677 0.0000e+00
       3418     53.752     3.3151     3.3137   2.931797   2.931935     2.7168     2.6862      8.176     0.3585     2.1614 1.0827e-01     0.0992    97.5507     7.4494     7.8148    31.8069    31.8099    25.3099    25.3124    7.54679 0.0000e+00
       3421     53.814     3.3152     3.3127   2.931808   2.931933     2.7164     2.6862      8.176     0.3536     2.1614 1.0827e-01     0.0992    97.5507     7.4481     7.8120    31.8069    31.8109    25.3098    25.3132    7.54677 0.0000e+00
       3424     53.878     3.3150     3.3122   2.931803   2.931944     2.7156     2.6862      8.174     0.3585     2.1614 1.0827e-01     0.0992    97.5507     7.4464     7.8108    31.8070    31.8115    25.3099    25.3137    7.54680 0.0000e+00
