Datasets/AZMP/COO001/79001091.cnv
* Sea-Bird SBE 9 Data File:
* FileName = C:\CTDDATA\79001091.hex
* Software Version Seasave V 7.26.7.110
* Temperature SN = 5660
* Conductivity SN = 3698
* Number of Bytes Per Scan = 30
* Number of Voltage Words = 4
* Number of Scans Averaged by the Deck Unit = 1
* NMEA baud rate = 9600
** VESSEL/TRIP/SEQ STN:  79001091
** LATITUDE XX XX.XX N:  48 44.00 N
** LONGITUDE XX XX.XX W:  52 58.00 W
** SOUNDING DEPTH (M):  0100
** PROBE TYPE: S1257
** CTD NUMBER: 057
** COMMENTS (14 CHAR): BB-01
** BOTTLES:  18
** LEVELS: 5,5,5,5,10,20,20,20,20,30,40,50,50,50,75,BTM,BTM,BTM
** STICKERS: 435255 - 435272
** VNET: Y
** DO2: Y
# nquan = 22
# nvalues = 2494                        
# units = specified
# name 0 = scan: Scan Count
# name 1 = prDM: Pressure, Digiquartz [db]
# name 2 = t090C: Temperature [ITS-90, deg C]
# name 3 = t190C: Temperature, 2 [ITS-90, deg C]
# name 4 = c0S/m: Conductivity [S/m]
# name 5 = c1S/m: Conductivity, 2 [S/m]
# name 6 = sbeox0V: Oxygen raw, SBE 43 [V]
# name 7 = sbeox1V: Oxygen raw, SBE 43, 2 [V]
# name 8 = ph: pH
# name 9 = flECO-AFL: Fluorescence, WET Labs ECO-AFL/FL [mg/m^3]
# name 10 = wetCDOM: Fluorescence, WET Labs CDOM [mg/m^3]
# name 11 = par/sat/log: PAR/Logarithmic, Satlantic [umol photons/m^2/sec]
# name 12 = CStarAt0: Beam Attenuation, WET Labs C-Star [1/m]
# name 13 = CStarTr0: Beam Transmission, WET Labs C-Star [%]
# name 14 = sbeox0ML/L: Oxygen, SBE 43 [ml/l], WS = 2
# name 15 = sbeox1ML/L: Oxygen, SBE 43, 2 [ml/l], WS = 2
# name 16 = sal00: Salinity, Practical [PSU]
# name 17 = sal11: Salinity, Practical, 2 [PSU]
# name 18 = sigma-t00: Density [sigma-t, kg/m^3 ]
# name 19 = sigma-t11: Density, 2 [sigma-t, kg/m^3 ]
# name 20 = oxsatML/L: Oxygen Saturation, Weiss [ml/l]
# name 21 = flag: flag
# span 0 =         82,      46771       
# span 1 =      0.972,     94.683       
# span 2 =     2.6581,     3.2689       
# span 3 =     2.6555,     3.2739       
# span 4 =   2.896451,   2.924570       
# span 5 =   2.896523,   2.924439       
# span 6 =     2.5539,     2.7550       
# span 7 =     2.6633,     2.7159       
# span 8 =      8.180,      8.196       
# span 9 =     0.1876,     0.5441       
# span 10 =    -0.2469,     2.1614      
# span 11 = 1.0777e-01, 9.5322e+00      
# span 12 =     0.0874,     0.1163      
# span 13 =    97.1336,    97.8375      
# span 14 =     6.7837,     7.5984      
# span 15 =     7.8532,     7.9842      
# span 16 =    31.7497,    32.0096      
# span 17 =    31.7535,    32.0149      
# span 18 =    25.2700,    25.5264      
# span 19 =    25.2734,    25.5309      
# span 20 =    7.55730,    7.66242      
# span 21 = 0.0000e+00, 0.0000e+00      
# interval = scans: 3                   
# start_time = Dec 02 2019 10:42:25 [System UTC, header]
# bad_flag = -9.990e-29
*END*
[from data line 791]
       4259     61.167     3.0571     3.0427   2.914473   2.914236     2.7302     2.6920      8.190     0.4366     1.9245 1.0790e-01     0.1006    97.5160     7.5438     7.8965    31.8488    31.8603    25.3655    25.3759    7.59371 0.0000e+00
       4262     61.244     3.0549     3.0428   2.914450   2.914255     2.7310     2.6911      8.190     0.4318     1.9245 1.0802e-01     0.1013    97.4986     7.5481     7.8956    31.8507    31.8603    25.3672    25.3759    7.59404 0.0000e+00
       4265     61.330     3.0534     3.0426   2.914440   2.914255     2.7294     2.6911      8.190     0.4415     1.9245 1.0802e-01     0.1010    97.5073     7.5423     7.8974    31.8521    31.8605    25.3684    25.3760    7.59426 0.0000e+00
       4268     61.424     3.0524     3.0427   2.914412   2.914279     2.7290     2.6911      8.190     0.4269     1.9245 1.0802e-01     0.1013    97.4986     7.5400     7.9004    31.8527    31.8606    25.3689    25.3761    7.59442 0.0000e+00
       4271     61.527     3.0517     3.0429   2.914399   2.914290     2.7298     2.6907      8.190     0.4366     1.9245 1.0802e-01     0.1013    97.4986     7.5430     7.9009    31.8532    31.8606    25.3694    25.3760    7.59453 0.0000e+00
       4274     61.640     3.0518     3.0450   2.914479   2.914447     2.7298     2.6911      8.190     0.4366     1.9245 1.0790e-01     0.1013    97.4986     7.5454     7.9036    31.8540    31.8603    25.3700    25.3756    7.59447 0.0000e+00
       4277     61.757     3.0526     3.0495   2.914470   2.914609     2.7290     2.6899      8.190     0.4220     1.9245 1.0802e-01     0.1013    97.4986     7.5443     7.9011    31.8530    31.8577    25.3692    25.3732    7.59437 0.0000e+00
       4280     61.886     3.0515     3.0513   2.914362   2.914652     2.7290     2.6903      8.190     0.4024     1.9245 1.0802e-01     0.1020    97.4812     7.5440     7.9053    31.8527    31.8564    25.3690    25.3720    7.59458 0.0000e+00
       4283     62.026     3.0487     3.0517   2.914212   2.914645     2.7290     2.6903      8.190     0.3829     1.9245 1.0815e-01     0.1024    97.4725     7.5444     7.9078    31.8536    31.8558    25.3700    25.3715    7.59507 0.0000e+00
       4286     62.175     3.0452     3.0469   2.914147   2.914402     2.7286     2.6899      8.188     0.3878     1.9245 1.0802e-01     0.1028    97.4638     7.5452     7.9106    31.8562    31.8576    25.3723    25.3734    7.59561 0.0000e+00
       4289     62.330     3.0423     3.0419   2.914112   2.914309     2.7278     2.6899      8.190     0.3878     1.9245 1.0802e-01     0.1024    97.4725     7.5446     7.9136    31.8586    31.8614    25.3745    25.3767    7.59605 0.0000e+00
       4292     62.491     3.0398     3.0391   2.914046   2.914298     2.7270     2.6899      8.190     0.3829     1.9245 1.0790e-01     0.1024    97.4725     7.5433     7.9169    31.8601    31.8639    25.3760    25.3791    7.59645 0.0000e+00
       4295     62.658     3.0376     3.0362   2.913974   2.914209     2.7278     2.6899      8.190     0.3878     1.9245 1.0802e-01     0.1024    97.4725     7.5492     7.9199    31.8614    31.8656    25.3772    25.3806    7.59681 0.0000e+00
       4298     62.828     3.0348     3.0336   2.913891   2.914157     2.7290     2.6899      8.190     0.3927     1.8850 1.0802e-01     0.1028    97.4638     7.5564     7.9227    31.8630    31.8675    25.3787    25.3823    7.59726 0.0000e+00
       4301     62.997     3.0330     3.0319   2.913871   2.914082     2.7286     2.6899      8.190     0.3976     1.8060 1.0802e-01     0.1013    97.4986     7.5578     7.9257    31.8645    31.8682    25.3800    25.3830    7.59753 0.0000e+00
       4304     63.171     3.0315     3.0293   2.913791   2.913928     2.7270     2.6899      8.190     0.3927     1.8060 1.0815e-01     0.1003    97.5247     7.5551     7.9291    31.8649    31.8687    25.3805    25.3837    7.59779 0.0000e+00
       4307     63.346     3.0289     3.0259   2.913480   2.913740     2.7278     2.6899      8.190     0.3634     1.8060 1.0790e-01     0.1003    97.5247     7.5611     7.9331    31.8637    31.8697    25.3797    25.3848    7.59836 0.0000e+00
       4310     63.523     3.0250     3.0216   2.913268   2.913533     2.7274     2.6899      8.190     0.3731     1.8060 1.0802e-01     0.1003    97.5247     7.5632     7.9374    31.8648    31.8714    25.3809    25.3865    7.59904 0.0000e+00
       4313     63.698     3.0222     3.0201   2.913221   2.913457     2.7278     2.6903      8.188     0.3780     1.8060 1.0790e-01     0.1003    97.5247     7.5670     7.9411    31.8670    31.8719    25.3829    25.3870    7.59948 0.0000e+00
       4316     63.870     3.0206     3.0167   2.913212   2.913200     2.7286     2.6899      8.190     0.3780     1.8060 1.0790e-01     0.1003    97.5247     7.5709     7.9418    31.8683    31.8721    25.3841    25.3874    7.59970 0.0000e+00
       4319     64.038     3.0192     3.0112   2.913118   2.912916     2.7290     2.6899      8.190     0.3731     1.8060 1.0790e-01     0.1006    97.5160     7.5713     7.9443    31.8685    31.8740    25.3844    25.3894    7.59997 0.0000e+00
       4322     64.201     3.0169     3.0078   2.912893   2.912808     2.7282     2.6903      8.188     0.3780     1.8060 1.0802e-01     0.1013    97.4986     7.5699     7.9489    31.8680    31.8759    25.3842    25.3912    7.60044 0.0000e+00
       4325     64.356     3.0140     3.0062   2.912754   2.912754     2.7286     2.6903      8.188     0.3731     1.8455 1.0815e-01     0.1013    97.4986     7.5739     7.9527    31.8690    31.8768    25.3853    25.3921    7.60093 0.0000e+00
       4328     64.501     3.0114     3.0059   2.912628   2.912730     2.7290     2.6911      8.190     0.3683     1.9245 1.0802e-01     0.1013    97.4986     7.5755     7.9581    31.8700    31.8768    25.3862    25.3921    7.60138 0.0000e+00
       4331     64.635     3.0095     3.0054   2.912599   2.912693     2.7290     2.6911      8.190     0.3683     1.9245 1.0790e-01     0.1013    97.4986     7.5739     7.9598    31.8715    31.8767    25.3876    25.3921    7.60168 0.0000e+00
       4334     64.759     3.0081     3.0050   2.912544   2.912674     2.7290     2.6911      8.190     0.3731     1.9245 1.0802e-01     0.1013    97.4986     7.5730     7.9606    31.8722    31.8768    25.3883    25.3922    7.60191 0.0000e+00
       4337     64.873     3.0069     3.0044   2.912528   2.912663     2.7294     2.6911      8.187     0.3731     1.9245 1.0802e-01     0.1010    97.5073     7.5725     7.9605    31.8731    31.8772    25.3890    25.3925    7.60209 0.0000e+00
       4340     64.971     3.0064     3.0038   2.912517   2.912625     2.7302     2.6911      8.190     0.3683     1.9245 1.0827e-01     0.1013    97.4986     7.5737     7.9607    31.8734    31.8773    25.3894    25.3927    7.60217 0.0000e+00
       4343     65.059     3.0061     3.0030   2.912522   2.912602     2.7282     2.6915      8.190     0.3731     1.9245 1.0815e-01     0.1003    97.5247     7.5671     7.9606    31.8738    31.8778    25.3897    25.3931    7.60222 0.0000e+00
       4346     65.134     3.0081     3.0025   2.912834   2.912580     2.7294     2.6920      8.190     0.3780     1.9245 1.0815e-01     0.1010    97.5073     7.5697     7.9610    31.8755    31.8779    25.3909    25.3933    7.60175 0.0000e+00
       4349     65.196     3.0125     3.0019   2.913082   2.912541     2.7294     2.6924      8.190     0.3731     1.9245 1.0790e-01     0.1010    97.5073     7.5671     7.9630    31.8741    31.8781    25.3894    25.3934    7.60097 0.0000e+00
       4352     65.246     3.0162     3.0009   2.913302   2.912505     2.7290     2.6924      8.185     0.3731     2.0034 1.0815e-01     0.1006    97.5160     7.5644     7.9628    31.8731    31.8786    25.3883    25.3940    7.60031 0.0000e+00
       4355     65.285     3.0201     3.0004   2.913554   2.912556     2.7290     2.6924      8.190     0.3731     2.0429 1.0790e-01     0.1010    97.5073     7.5634     7.9639    31.8723    31.8797    25.3873    25.3949    7.59961 0.0000e+00
       4358     65.314     3.0234     2.9994   2.913629   2.912556     2.7290     2.6924      8.187     0.3780     2.0429 1.0802e-01     0.1010    97.5073     7.5627     7.9636    31.8698    31.8806    25.3851    25.3957    7.59910 0.0000e+00
       4507     65.385     3.0317     3.0041   2.913801   2.912717     2.7262     2.6911      8.188     0.3438     1.9245 1.0802e-01     0.1017    97.4899     7.5478     7.9085    31.8637    31.8779    25.3795    25.3931    7.59782 0.0000e+00
       4510     65.491     3.0313     3.0071   2.913773   2.912921     2.7257     2.6915      8.188     0.3487     2.0429 1.0802e-01     0.1017    97.4899     7.5446     7.9068    31.8637    31.8773    25.3795    25.3924    7.59790 0.0000e+00
       4513     65.603     3.0307     3.0085   2.913752   2.912931     2.7253     2.6911      8.190     0.3438     2.0429 1.0790e-01     0.1017    97.4899     7.5416     7.9026    31.8640    31.8761    25.3798    25.3913    7.59800 0.0000e+00
       4516     65.721     3.0302     3.0034   2.913708   2.912743     2.7253     2.6911      8.190     0.3829     2.0429 1.0815e-01     0.1017    97.4899     7.5399     7.9027    31.8639    31.8787    25.3797    25.3938    7.59809 0.0000e+00
       4519     65.847     3.0296     3.0008   2.913735   2.912706     2.7245     2.6903      8.190     0.3878     2.0429 1.0790e-01     0.1013    97.4986     7.5375     7.9021    31.8647    31.8808    25.3804    25.3957    7.59816 0.0000e+00
       4522     65.983     3.0295     2.9998   2.913720   2.912706     2.7253     2.6899      8.187     0.3927     2.0429 1.0802e-01     0.1020    97.4812     7.5398     7.9019    31.8645    31.8817    25.3803    25.3965    7.59820 0.0000e+00
       4525     66.121     3.0283     2.9998   2.913629   2.912715     2.7241     2.6899      8.188     0.3927     2.0429 1.0790e-01     0.0999    97.5334     7.5366     7.9026    31.8646    31.8817    25.3805    25.3965    7.59842 0.0000e+00
       4528     66.268     3.0275     3.0024   2.913668   2.912799     2.7241     2.6891      8.190     0.3829     2.0429 1.0802e-01     0.1003    97.5247     7.5371     7.8986    31.8658    31.8801    25.3815    25.3950    7.59852 0.0000e+00
       4531     66.420     3.0273     3.0052   2.913614   2.912925     2.7245     2.6899      8.190     0.3878     2.0429 1.0815e-01     0.1003    97.5247     7.5387     7.8999    31.8652    31.8788    25.3811    25.3938    7.59858 0.0000e+00
       4534     66.575     3.0236     3.0044   2.913298   2.912962     2.7241     2.6887      8.190     0.3927     1.9640 1.0802e-01     0.1003    97.5247     7.5403     7.8991    31.8650    31.8800    25.3812    25.3948    7.59930 0.0000e+00
       4537     66.732     3.0182     3.0092   2.913134   2.913263     2.7241     2.6887      8.190     0.3780     1.9245 1.0790e-01     0.1003    97.5247     7.5437     7.9030    31.8683    31.8787    25.3843    25.3934    7.60017 0.0000e+00
       4540     66.892     3.0145     3.0156   2.913074   2.913444     2.7237     2.6887      8.190     0.3829     1.9245 1.0802e-01     0.1003    97.5247     7.5444     7.9068    31.8712    31.8745    25.3869    25.3894    7.60074 0.0000e+00
       4543     67.054     3.0060     3.0190   2.912725   2.913559     2.7241     2.6887      8.190     0.3780     1.9245 1.0790e-01     0.1003    97.5247     7.5484     7.9127    31.8752    31.8725    25.3908    25.3876    7.60215 0.0000e+00
       4546     67.221     2.9951     3.0210   2.912432   2.913563     2.7233     2.6879      8.188     0.3780     1.9245 1.0802e-01     0.1003    97.5247     7.5483     7.9151    31.8824    31.8704    25.3974    25.3858    7.60387 0.0000e+00
       4549     67.390     2.9865     3.0165   2.912215   2.913377     2.7233     2.6879      8.190     0.3780     1.9245 1.0815e-01     0.1003    97.5247     7.5491     7.9202    31.8882    31.8725    25.4028    25.3878    7.60523 0.0000e+00
       4552     67.560     2.9803     3.0043   2.912059   2.913010     2.7237     2.6875      8.190     0.3683     1.9245 1.0827e-01     0.1003    97.5247     7.5517     7.9257    31.8924    31.8801    25.4066    25.3949    7.60620 0.0000e+00
       4555     67.728     2.9751     2.9827   2.911866   2.912300     2.7233     2.6875      8.190     0.3731     1.9245 1.0815e-01     0.1003    97.5247     7.5510     7.9325    31.8951    31.8928    25.4093    25.4068    7.60707 0.0000e+00
       4558     67.892     2.9702     2.9660   2.911676   2.911727     2.7241     2.6887      8.187     0.3731     1.9245 1.0802e-01     0.1003    97.5247     7.5549     7.9446    31.8976    31.9023    25.4117    25.4158    7.60789 0.0000e+00
       4561     68.055     2.9643     2.9542   2.911330   2.911276     2.7241     2.6883      8.188     0.3780     2.0034 1.0790e-01     0.1003    97.5247     7.5565     7.9498    31.8991    31.9085    25.4134    25.4217    7.60893 0.0000e+00
       4564     68.217     2.9575     2.9451   2.910985   2.910911     2.7233     2.6887      8.186     0.3780     2.0429 1.0802e-01     0.0963    97.6202     7.5555     7.9571    31.9016    31.9130    25.4159    25.4261    7.61011 0.0000e+00
       4567     68.374     2.9512     2.9382   2.910696   2.910622     2.7241     2.6891      8.189     0.3536     2.0429 1.0827e-01     0.0949    97.6550     7.5603     7.9634    31.9042    31.9162    25.4186    25.4292    7.61118 0.0000e+00
       4570     68.526     2.9450     2.9321   2.910422   2.910275     2.7225     2.6891      8.187     0.3487     2.0429 1.0802e-01     0.0949    97.6550     7.5572     7.9674    31.9070    31.9180    25.4213    25.4311    7.61223 0.0000e+00
       4573     68.673     2.9400     2.9264   2.910252   2.910045     2.7225     2.6887      8.186     0.3438     2.0429 1.0815e-01     0.0949    97.6550     7.5578     7.9668    31.9099    31.9209    25.4240    25.4339    7.61305 0.0000e+00
       4576     68.811     2.9356     2.9235   2.910032   2.909942     2.7233     2.6891      8.186     0.3438     2.0429 1.0815e-01     0.0953    97.6463     7.5612     7.9679    31.9115    31.9224    25.4256    25.4353    7.61381 0.0000e+00
       4579     68.940     2.9314     2.9189   2.909880   2.909668     2.7225     2.6887      8.187     0.3438     2.0429 1.0815e-01     0.0953    97.6463     7.5596     7.9648    31.9138    31.9236    25.4278    25.4367    7.61451 0.0000e+00
       4582     69.064     2.9285     2.9096   2.909807   2.909274     2.7229     2.6895      8.186     0.3487     2.0429 1.0827e-01     0.0960    97.6289     7.5637     7.9671    31.9157    31.9280    25.4296    25.4410    7.61497 0.0000e+00
       4585     69.176     2.9263     2.9024   2.909790   2.909054     2.7229     2.6899      8.186     0.3390     2.0429 1.0827e-01     0.0949    97.6550     7.5660     7.9694    31.9176    31.9324    25.4313    25.4451    7.61529 0.0000e+00
       4588     69.275     2.9238     2.8987   2.909638   2.908900     2.7229     2.6899      8.186     0.3438     1.9245 1.0815e-01     0.0945    97.6637     7.5691     7.9680    31.9181    31.9341    25.4319    25.4468    7.61574 0.0000e+00
       4591     69.361     2.9209     2.8963   2.909507   2.908802     2.7237     2.6899      8.186     0.3438     1.9245 1.0827e-01     0.0945    97.6637     7.5725     7.9673    31.9195    31.9353    25.4332    25.4479    7.61624 0.0000e+00
       4594     69.435     2.9183     2.8946   2.909578   2.908736     2.7229     2.6899      8.186     0.3341     1.9245 1.0802e-01     0.0945    97.6637     7.5731     7.9670    31.9228    31.9361    25.4361    25.4487    7.61656 0.0000e+00
