Datasets/AZMP/COO001/79001119.cnv
* Sea-Bird SBE 9 Data File:
* FileName = C:\CTDDATA\79001119.hex
* Software Version Seasave V 7.26.7.110
* Temperature SN = 5660
* Conductivity SN = 3698
* Number of Bytes Per Scan = 30
* Number of Voltage Words = 4
* Number of Scans Averaged by the Deck Unit = 1
* NMEA baud rate = 9600
** VESSEL/TRIP/SEQ STN:  79001119
** LATITUDE XX XX.XX N:  47 00.00 N
** LONGITUDE XX XX.XX W:  51 00.00 W
** SOUNDING DEPTH (M):  0110
** PROBE TYPE: S1257
** CTD NUMBER: 079
** COMMENTS (14 CHAR): FC-07
** BOTTLES:  10
** LEVELS: 5,5,10,20,20,30,40,50,75,BTM
** STICKERS: 435603 - 435612
** VNET: Y
** DO2: N
# nquan = 22
# nvalues = 2795                        
# units = specified
# name 0 = scan: Scan Count
# name 1 = prDM: Pressure, Digiquartz [db]
# name 2 = t090C: Temperature [ITS-90, deg C]
# name 3 = t190C: Temperature, 2 [ITS-90, deg C]
# name 4 = c0S/m: Conductivity [S/m]
# name 5 = c1S/m: Conductivity, 2 [S/m]
# name 6 = sbeox0V: Oxygen raw, SBE 43 [V]
# name 7 = sbeox1V: Oxygen raw, SBE 43, 2 [V]
# name 8 = ph: pH
# name 9 = flECO-AFL: Fluorescence, WET Labs ECO-AFL/FL [mg/m^3]
# name 10 = wetCDOM: Fluorescence, WET Labs CDOM [mg/m^3]
# name 11 = par/sat/log: PAR/Logarithmic, Satlantic [umol photons/m^2/sec]
# name 12 = CStarAt0: Beam Attenuation, WET Labs C-Star [1/m]
# name 13 = CStarTr0: Beam Transmission, WET Labs C-Star [%]
# name 14 = sbeox0ML/L: Oxygen, SBE 43 [ml/l], WS = 2
# name 15 = sbeox1ML/L: Oxygen, SBE 43, 2 [ml/l], WS = 2
# name 16 = sal00: Salinity, Practical [PSU]
# name 17 = sal11: Salinity, Practical, 2 [PSU]
# name 18 = sigma-t00: Density [sigma-t, kg/m^3 ]
# name 19 = sigma-t11: Density, 2 [sigma-t, kg/m^3 ]
# name 20 = oxsatML/L: Oxygen Saturation, Weiss [ml/l]
# name 21 = flag: flag
# span 0 =         70,      34540       
# span 1 =      0.486,    100.927       
# span 2 =    -0.7759,     3.1063       
# span 3 =    -0.7908,     3.1076       
# span 4 =   2.675812,   2.938856       
# span 5 =   2.674460,   2.939025       
# span 6 =     2.3944,     2.7721       
# span 7 =     2.3651,     2.7354       
# span 8 =      8.021,      8.166       
# span 9 =     0.0264,     0.7297       
# span 10 =     1.4902,     2.1614      
# span 11 = 1.0777e-01, 3.8400e-01      
# span 12 =     0.0535,     0.2370      
# span 13 =    94.2790,    98.6717      
# span 14 =     6.7137,     7.8746      
# span 15 =     7.4604,     8.3567      
# span 16 =    31.9042,    33.0849      
# span 17 =    32.1226,    33.0874      
# span 18 =    25.4064,    26.5890      
# span 19 =    25.5795,    26.5911      
# span 20 =    7.57045,    8.34050      
# span 21 = 0.0000e+00, 0.0000e+00      
# interval = scans: 3                   
# start_time = Dec 07 2019 22:14:06 [System UTC, header]
# bad_flag = -9.990e-29
*END*
[from data line 2437]
      22941     24.182     3.0488     3.0628   2.936217   2.937113     2.7635     2.7281      8.161     0.5832     1.6481 1.0790e-01     0.1088    97.3161     7.6181     7.9925    32.1391    32.1360    25.5977    25.5940    7.58059 0.0000e+00
      22944     24.103     3.0488     3.0606   2.936231   2.936980     2.7623     2.7281      8.161     0.5929     1.4902 1.0790e-01     0.1060    97.3856     7.6140     7.9939    32.1393    32.1366    25.5978    25.5947    7.58057 0.0000e+00
      22947     24.022     3.0493     3.0596   2.936298   2.936975     2.7615     2.7281      8.161     0.5929     1.5692 1.0790e-01     0.1056    97.3943     7.6113     7.9943    32.1397    32.1376    25.5981    25.5955    7.58046 0.0000e+00
      22950     23.942     3.0502     3.0601   2.936340   2.936978     2.7619     2.7281      8.161     0.5832     1.5692 1.0790e-01     0.1052    97.4030     7.6134     7.9967    32.1394    32.1372    25.5978    25.5952    7.58031 0.0000e+00
      22953     23.863     3.0504     3.0604   2.936310   2.937015     2.7623     2.7281      8.161     0.5881     1.5692 1.0790e-01     0.1056    97.3943     7.6152     7.9981    32.1388    32.1373    25.5973    25.5953    7.58030 0.0000e+00
      22956     23.788     3.0503     3.0606   2.936297   2.936984     2.7623     2.7281      8.161     0.5832     1.5692 1.0790e-01     0.1056    97.3943     7.6154     7.9982    32.1388    32.1369    25.5973    25.5949    7.58032 0.0000e+00
      22959     23.716     3.0500     3.0599   2.936255   2.936913     2.7623     2.7281      8.161     0.5685     1.5692 1.0790e-01     0.1056    97.3943     7.6157     7.9996    32.1386    32.1367    25.5972    25.5948    7.58038 0.0000e+00
      22962     23.644     3.0504     3.0575   2.936352   2.936754     2.7623     2.7281      8.161     0.5539     1.5692 1.0790e-01     0.1052    97.4030     7.6153     8.0003    32.1394    32.1372    25.5978    25.5955    7.58026 0.0000e+00
      22965     23.574     3.0513     3.0558   2.936401   2.936701     2.7623     2.7281      8.161     0.5539     1.5692 1.0790e-01     0.1031    97.4551     7.6162     8.0005    32.1392    32.1383    25.5976    25.5965    7.58011 0.0000e+00
      22968     23.505     3.0523     3.0557   2.936456   2.936754     2.7623     2.7277      8.161     0.5539     1.6876 1.0790e-01     0.1035    97.4464     7.6178     7.9985    32.1389    32.1391    25.5973    25.5971    7.57993 0.0000e+00
      22971     23.439     3.0533     3.0572   2.936507   2.936839     2.7623     2.7281      8.161     0.5539     1.8060 1.0790e-01     0.1035    97.4464     7.6175     7.9993    32.1385    32.1387    25.5968    25.5966    7.57975 0.0000e+00
      22974     23.372     3.0540     3.0591   2.936521   2.936958     2.7627     2.7277      8.161     0.5588     1.8060 1.0790e-01     0.1035    97.4464     7.6185     7.9976    32.1380    32.1382    25.5964    25.5961    7.57965 0.0000e+00
      22977     23.307     3.0545     3.0613   2.936512   2.937074     2.7627     2.7281      8.161     0.5441     1.8060 1.0790e-01     0.1035    97.4464     7.6183     7.9969    32.1374    32.1375    25.5959    25.5954    7.57958 0.0000e+00
      22980     23.244     3.0549     3.0627   2.936526   2.937143     2.7623     2.7281      8.161     0.5588     1.8060 1.0790e-01     0.1035    97.4464     7.6166     7.9963    32.1373    32.1369    25.5957    25.5947    7.57951 0.0000e+00
      22983     23.182     3.0552     3.0649   2.936560   2.937356     2.7623     2.7281      8.161     0.5539     1.8060 1.0790e-01     0.1028    97.4638     7.6171     7.9957    32.1374    32.1374    25.5958    25.5949    7.57945 0.0000e+00
      22986     23.120     3.0555     3.0723   2.936582   2.937902     2.7623     2.7281      8.161     0.6223     1.8060 1.0790e-01     0.1013    97.4986     7.6180     7.9930    32.1374    32.1366    25.5957    25.5937    7.57939 0.0000e+00
      22989     23.061     3.0563     3.0793   2.936624   2.938154     2.7623     2.7277      8.161     0.6369     1.8060 1.0790e-01     0.1013    97.4986     7.6187     7.9884    32.1372    32.1326    25.5955    25.5900    7.57926 0.0000e+00
      22992     23.003     3.0569     3.0819   2.936673   2.938231     2.7627     2.7281      8.161     0.6369     1.8060 1.0790e-01     0.1013    97.4986     7.6204     7.9879    32.1372    32.1311    25.5955    25.5885    7.57914 0.0000e+00
      22995     22.945     3.0574     3.0835   2.936644   2.938301     2.7627     2.7277      8.161     0.6369     1.8060 1.0790e-01     0.1013    97.4986     7.6199     7.9839    32.1364    32.1304    25.5948    25.5877    7.57909 0.0000e+00
      22998     22.892     3.0578     3.0812   2.936682   2.938079     2.7627     2.7281      8.161     0.6369     1.8060 1.0790e-01     0.1013    97.4986     7.6193     7.9851    32.1364    32.1300    25.5948    25.5876    7.57900 0.0000e+00
      23001     22.840     3.0583     3.0823   2.936712   2.938364     2.7631     2.7269      8.161     0.6369     1.8060 1.0790e-01     0.1017    97.4899     7.6209     7.9773    32.1364    32.1324    25.5947    25.5895    7.57892 0.0000e+00
      23004     22.787     3.0592     3.0857   2.936798   2.938471     2.7623     2.7281      8.161     0.6320     1.8060 1.0790e-01     0.1013    97.4986     7.6172     7.9784    32.1365    32.1303    25.5947    25.5875    7.57873 0.0000e+00
      23007     22.736     3.0605     3.0854   2.936912   2.938350     2.7635     2.7273      8.161     0.6320     1.8060 1.0790e-01     0.1003    97.5247     7.6211     7.9739    32.1367    32.1291    25.5948    25.5866    7.57849 0.0000e+00
      23010     22.685     3.0623     3.0842   2.937060   2.938378     2.7635     2.7273      8.161     0.6369     1.8060 1.0790e-01     0.1003    97.5247     7.6210     7.9722    32.1366    32.1307    25.5946    25.5880    7.57813 0.0000e+00
      23013     22.636     3.0643     3.0841   2.937145   2.938318     2.7635     2.7269      8.161     0.5832     1.8060 1.0790e-01     0.1003    97.5247     7.6206     7.9693    32.1357    32.1301    25.5937    25.5875    7.57780 0.0000e+00
      23016     22.587     3.0659     3.0827   2.937141   2.938129     2.7635     2.7269      8.161     0.5783     1.8060 1.0790e-01     0.1003    97.5247     7.6206     7.9692    32.1341    32.1292    25.5922    25.5869    7.57758 0.0000e+00
      23019     22.540     3.0661     3.0806   2.937062   2.938010     2.7627     2.7269      8.161     0.5685     1.7665 1.0790e-01     0.1003    97.5247     7.6181     7.9707    32.1329    32.1299    25.5913    25.5877    7.57760 0.0000e+00
      23022     22.492     3.0657     3.0794   2.937025   2.937941     2.7631     2.7269      8.161     0.5685     1.6876 1.0790e-01     0.1006    97.5160     7.6200     7.9719    32.1329    32.1304    25.5913    25.5881    7.57767 0.0000e+00
      23025     22.443     3.0652     3.0777   2.936945   2.937842     2.7627     2.7260      8.161     0.5832     1.6876 1.0790e-01     0.1035    97.4464     7.6182     7.9725    32.1325    32.1309    25.5910    25.5887    7.57779 0.0000e+00
      23028     22.394     3.0632     3.0764   2.936721   2.937757     2.7631     2.7260      8.161     0.5734     1.6876 1.0790e-01     0.1035    97.4464     7.6193     7.9752    32.1318    32.1312    25.5906    25.5890    7.57821 0.0000e+00
      23031     22.343     3.0596     3.0757   2.936505   2.937789     2.7635     2.7256      8.161     0.5685     1.6876 1.0790e-01     0.1035    97.4464     7.6209     7.9790    32.1329    32.1322    25.5918    25.5899    7.57885 0.0000e+00
      23034     22.291     3.0561     3.0754   2.936393   2.937770     2.7643     2.7256      8.161     0.5734     1.6876 1.0790e-01     0.1035    97.4464     7.6243     7.9831    32.1349    32.1324    25.5937    25.5901    7.57940 0.0000e+00
      23037     22.237     3.0543     3.0778   2.936363   2.938033     2.7635     2.7256      8.161     0.5783     1.6876 1.0790e-01     0.1035    97.4464     7.6216     7.9864    32.1364    32.1332    25.5951    25.5905    7.57967 0.0000e+00
      23040     22.181     3.0537     3.0854   2.936408   2.938351     2.7643     2.7256      8.161     0.5685     1.6876 1.0790e-01     0.1035    97.4464     7.6251     7.9883    32.1376    32.1294    25.5961    25.5869    7.57973 0.0000e+00
      23043     22.125     3.0538     3.0869   2.936569   2.938464     2.7639     2.7260      8.161     0.5685     1.6876 1.0790e-01     0.1038    97.4377     7.6229     7.9930    32.1394    32.1294    25.5975    25.5867    7.57961 0.0000e+00
      23046     22.070     3.0549     3.0869   2.936642   2.938381     2.7639     2.7256      8.161     0.5734     1.7271 1.0777e-01     0.1045    97.4204     7.6197     7.9949    32.1393    32.1284    25.5974    25.5859    7.57942 0.0000e+00
      23049     22.011     3.0565     3.0853   2.936717   2.938265     2.7639     2.7269      8.161     0.5636     1.8060 1.0790e-01     0.1045    97.4204     7.6173     8.0024    32.1387    32.1285    25.5967    25.5862    7.57915 0.0000e+00
      23052     21.950     3.0577     3.0820   2.936708   2.938089     2.7635     2.7265      8.161     0.5636     1.8060 1.0790e-01     0.1045    97.4204     7.6144     8.0018    32.1374    32.1298    25.5955    25.5874    7.57898 0.0000e+00
      23055     21.885     3.0580     3.0797   2.936738   2.937969     2.7643     2.7265      8.161     0.5685     1.8060 1.0790e-01     0.1045    97.4204     7.6181     8.0026    32.1374    32.1306    25.5955    25.5883    7.57891 0.0000e+00
      23058     21.821     3.0588     3.0785   2.936771   2.937914     2.7635     2.7269      8.161     0.5636     1.8060 1.0790e-01     0.1045    97.4204     7.6150     8.0031    32.1371    32.1312    25.5952    25.5889    7.57878 0.0000e+00
      23061     21.756     3.0595     3.0774   2.936741   2.937874     2.7635     2.7269      8.161     0.5685     1.8060 1.0790e-01     0.1045    97.4204     7.6149     7.9996    32.1361    32.1319    25.5944    25.5895    7.57870 0.0000e+00
      23064     21.688     3.0594     3.0772   2.936738   2.937859     2.7643     2.7269      8.161     0.5588     1.8060 1.0790e-01     0.1038    97.4377     7.6166     7.9968    32.1362    32.1320    25.5945    25.5896    7.57872 0.0000e+00
      23067     21.619     3.0600     3.0766   2.936749   2.937779     2.7635     2.7269      8.161     0.5685     1.8060 1.0790e-01     0.1038    97.4377     7.6148     7.9927    32.1358    32.1316    25.5941    25.5893    7.57863 0.0000e+00
      23070     21.549     3.0600     3.0747   2.936734   2.937675     2.7623     2.7269      8.161     0.5685     1.8060 1.0790e-01     0.1035    97.4464     7.6106     7.9884    32.1356    32.1323    25.5939    25.5901    7.57862 0.0000e+00
      23073     21.477     3.0599     3.0735   2.936723   2.937565     2.7631     2.7269      8.161     0.5685     1.8850 1.0790e-01     0.1035    97.4464     7.6136     7.9841    32.1356    32.1322    25.5940    25.5900    7.57865 0.0000e+00
      23076     21.403     3.0598     3.0727   2.936736   2.937482     2.7643     2.7269      8.161     0.5734     1.9245 1.0790e-01     0.1035    97.4464     7.6172     7.9817    32.1359    32.1321    25.5942    25.5901    7.57865 0.0000e+00
      23079     21.329     3.0602     3.0713   2.936881   2.937581     2.7647     2.7269      8.161     0.5734     1.9245 1.0790e-01     0.1031    97.4551     7.6179     7.9795    32.1373    32.1346    25.5953    25.5922    7.57851 0.0000e+00
      23082     21.259     3.0614     3.0762   2.936969   2.937972     2.7635     2.7269      8.161     0.5685     1.9245 1.0790e-01     0.1035    97.4464     7.6125     7.9747    32.1371    32.1345    25.5951    25.5917    7.57828 0.0000e+00
      23085     21.189     3.0637     3.0775   2.937165   2.937780     2.7631     2.7265      8.161     0.5685     1.9245 1.0790e-01     0.1035    97.4464     7.6094     7.9702    32.1373    32.1310    25.5950    25.5888    7.57784 0.0000e+00
      23088     21.116     3.0670     3.0739   2.937400   2.937585     2.7635     2.7260      8.161     0.5685     1.9245 1.0790e-01     0.1038    97.4377     7.6084     7.9664    32.1369    32.1322    25.5944    25.5900    7.57724 0.0000e+00
      23091     21.045     3.0698     3.0726   2.937444   2.937575     2.7639     2.7260      8.161     0.6613     1.9245 1.0790e-01     0.1042    97.4291     7.6076     7.9646    32.1347    32.1335    25.5924    25.5912    7.57681 0.0000e+00
      23094     20.973     3.0714     3.0739   2.937398   2.937641     2.7631     2.7256      8.161     0.6857     1.9245 1.0790e-01     0.1035    97.4464     7.6026     7.9617    32.1326    32.1330    25.5905    25.5907    7.57662 0.0000e+00
      23097     20.903     3.0719     3.0742   2.937422   2.937649     2.7639     2.7256      8.161     0.6760     1.8850 1.0790e-01     0.1035    97.4464     7.6012     7.9613    32.1323    32.1328    25.5903    25.5905    7.57652 0.0000e+00
      23100     20.837     3.0727     3.0732   2.937471   2.937564     2.7631     2.7256      8.161     0.6808     1.5692 1.0790e-01     0.1042    97.4291     7.5965     7.9644    32.1322    32.1329    25.5901    25.5906    7.57637 0.0000e+00
      23103     20.771     3.0741     3.0718   2.937644   2.937457     2.7627     2.7256      8.161     0.6760     1.5692 1.0790e-01     0.1038    97.4377     7.5962     7.9684    32.1329    32.1329    25.5906    25.5908    7.57607 0.0000e+00
      23106     20.705     3.0758     3.0710   2.937704   2.937418     2.7623     2.7248      8.161     0.6760     1.5692 1.0790e-01     0.1028    97.4638     7.5940     7.9693    32.1320    32.1333    25.5897    25.5912    7.57580 0.0000e+00
      23109     20.643     3.0772     3.0701   2.937762   2.937358     2.7627     2.7244      8.161     0.6857     1.5297 1.0790e-01     0.1028    97.4638     7.5938     7.9717    32.1313    32.1335    25.5891    25.5914    7.57556 0.0000e+00
      23112     20.584     3.0777     3.0690   2.937778   2.937298     2.7615     2.7244      8.161     0.6808     1.5692 1.0790e-01     0.1024    97.4725     7.5895     7.9757    32.1310    32.1340    25.5888    25.5919    7.57548 0.0000e+00
      23115     20.528     3.0783     3.0683   2.937743   2.937300     2.7615     2.7244      8.161     0.6613     1.5692 1.0790e-01     0.1031    97.4551     7.5889     7.9798    32.1300    32.1347    25.5879    25.5925    7.57542 0.0000e+00
      23118     20.472     3.0781     3.0688   2.937696   2.937349     2.7615     2.7244      8.161     0.6027     1.5692 1.0790e-01     0.1028    97.4638     7.5892     7.9833    32.1297    32.1348    25.5877    25.5925    7.57547 0.0000e+00
      23121     20.418     3.0777     3.0696   2.937682   2.937397     2.7611     2.7244      8.161     0.6076     1.5297 1.0790e-01     0.1028    97.4638     7.5887     7.9873    32.1300    32.1346    25.5879    25.5923    7.57553 0.0000e+00
      23124     20.368     3.0776     3.0710   2.937725   2.937438     2.7611     2.7256      8.161     0.6076     1.5692 1.0790e-01     0.1035    97.4464     7.5900     7.9940    32.1306    32.1338    25.5885    25.5915    7.57552 0.0000e+00
      23127     20.322     3.0781     3.0717   2.937740   2.937470     2.7619     2.7252      8.161     0.6125     1.6876 1.0790e-01     0.1045    97.4204     7.5937     7.9972    32.1304    32.1335    25.5882    25.5912    7.57545 0.0000e+00
      23130     20.277     3.0783     3.0718   2.937716   2.937476     2.7599     2.7252      8.161     0.6076     1.6876 1.0790e-01     0.1049    97.4117     7.5873     8.0012    32.1299    32.1334    25.5878    25.5912    7.57542 0.0000e+00
      23133     20.237     3.0782     3.0718   2.937701   2.937474     2.7607     2.7248      8.161     0.5978     1.6876 1.0790e-01     0.1045    97.4204     7.5915     8.0029    32.1298    32.1334    25.5878    25.5912    7.57545 0.0000e+00
