Datasets/AZMP/COO001/79001078.cnv
* Sea-Bird SBE 9 Data File:
* FileName = C:\CTDDATA\79001078.hex
* Software Version Seasave V 7.26.7.110
* Temperature SN = 5660
* Conductivity SN = 3698
* Number of Bytes Per Scan = 30
* Number of Voltage Words = 4
* Number of Scans Averaged by the Deck Unit = 1
* NMEA baud rate = 9600
** VESSEL/TRIP/SEQ STN:  79001078
** LATITUDE XX XX.XX N:  48 11.45 N
** LONGITUDE XX XX.XX W:  53 35.70 W
** SOUNDING DEPTH (M):  0211
** PROBE TYPE: S1257
** CTD NUMBER: 045
** COMMENTS (14 CHAR): SS-06
** BOTTLES:  0
** LEVELS:
** STICKERS:
** VNET: N
** DO2: N
# nquan = 22
# nvalues = 7111                        
# units = specified
# name 0 = scan: Scan Count
# name 1 = prDM: Pressure, Digiquartz [db]
# name 2 = t090C: Temperature [ITS-90, deg C]
# name 3 = t190C: Temperature, 2 [ITS-90, deg C]
# name 4 = c0S/m: Conductivity [S/m]
# name 5 = c1S/m: Conductivity, 2 [S/m]
# name 6 = sbeox0V: Oxygen raw, SBE 43 [V]
# name 7 = sbeox1V: Oxygen raw, SBE 43, 2 [V]
# name 8 = ph: pH
# name 9 = flECO-AFL: Fluorescence, WET Labs ECO-AFL/FL [mg/m^3]
# name 10 = wetCDOM: Fluorescence, WET Labs CDOM [mg/m^3]
# name 11 = par/sat/log: PAR/Logarithmic, Satlantic [umol photons/m^2/sec]
# name 12 = CStarAt0: Beam Attenuation, WET Labs C-Star [1/m]
# name 13 = CStarTr0: Beam Transmission, WET Labs C-Star [%]
# name 14 = sbeox0ML/L: Oxygen, SBE 43 [ml/l], WS = 2
# name 15 = sbeox1ML/L: Oxygen, SBE 43, 2 [ml/l], WS = 2
# name 16 = sal00: Salinity, Practical [PSU]
# name 17 = sal11: Salinity, Practical, 2 [PSU]
# name 18 = sigma-t00: Density [sigma-t, kg/m^3 ]
# name 19 = sigma-t11: Density, 2 [sigma-t, kg/m^3 ]
# name 20 = oxsatML/L: Oxygen Saturation, Weiss [ml/l]
# name 21 = flag: flag
# span 0 =        216,      25715       
# span 1 =      0.807,    199.842       
# span 2 =     0.1506,     3.4700       
# span 3 =     0.1492,     3.4687       
# span 4 =   2.761276,   2.931293       
# span 5 =   2.761624,   2.931439       
# span 6 =     2.3800,     2.7555       
# span 7 =     2.3471,     2.7131       
# span 8 =      8.031,      8.179       
# span 9 =     0.0215,     0.7394       
# span 10 =    -2.6551,   481.6343      
# span 11 = 1.0790e-01, 1.7020e+02      
# span 12 =     0.0786,     0.1911      
# span 13 =    95.3348,    98.0547      
# span 14 =     6.7225,     7.6566      
# span 15 =     7.3191,     7.9302      
# span 16 =    31.2816,    32.9720      
# span 17 =    31.2847,    32.9751      
# span 18 =    24.8799,    26.4618      
# span 19 =    24.8823,    26.4643      
# span 20 =    7.53123,    8.12619      
# span 21 = 0.0000e+00, 0.0000e+00      
# interval = scans: 3                   
# start_time = Dec 01 2019 15:54:20 [System UTC, header]
# bad_flag = -9.990e-29
*END*
[from data line 3359]
      12398    186.527     0.1735     0.1723   2.768872   2.769068     2.4019     2.3689      8.039     0.0410     1.9245 1.0790e-01     0.1433    96.4819     7.0694     7.4020    32.9159    32.9197    26.4155    26.4186    8.12283 0.0000e+00
      12401    186.555     0.1736     0.1722   2.768886   2.769059     2.4015     2.3689      8.037     0.0410     1.9245 1.0827e-01     0.1433    96.4819     7.0698     7.4015    32.9159    32.9197    26.4155    26.4186    8.12280 0.0000e+00
      12404    186.583     0.1736     0.1722   2.768898   2.769080     2.4019     2.3689      8.037     0.0410     1.9245 1.0815e-01     0.1433    96.4819     7.0718     7.4026    32.9160    32.9199    26.4156    26.4188    8.12279 0.0000e+00
      12407    186.611     0.1733     0.1721   2.768863   2.769077     2.4011     2.3689      8.037     0.0459     1.9245 1.0802e-01     0.1433    96.4819     7.0694     7.4023    32.9159    32.9200    26.4154    26.4188    8.12285 0.0000e+00
      12410    186.637     0.1732     0.1722   2.768878   2.769047     2.4019     2.3689      8.037     0.0410     1.9245 1.0815e-01     0.1429    96.4906     7.0760     7.4030    32.9162    32.9195    26.4157    26.4184    8.12286 0.0000e+00
      12413    186.666     0.1734     0.1721   2.768873   2.769058     2.4011     2.3689      8.039     0.0410     1.9245 1.0815e-01     0.1433    96.4819     7.0734     7.4034    32.9159    32.9197    26.4155    26.4186    8.12284 0.0000e+00
      12416    186.695     0.1737     0.1718   2.768878   2.769047     2.4015     2.3689      8.037     0.0410     1.9245 1.0815e-01     0.1433    96.4819     7.0746     7.4033    32.9156    32.9199    26.4152    26.4187    8.12279 0.0000e+00
      12419    186.724     0.1737     0.1715   2.768856   2.769042     2.4007     2.3689      8.037     0.0410     1.9245 1.0827e-01     0.1418    96.5167     7.0707     7.4049    32.9153    32.9201    26.4150    26.4190    8.12280 0.0000e+00
      12422    186.751     0.1738     0.1718   2.768864   2.769057     2.4023     2.3689      8.037     0.0410     1.9245 1.0815e-01     0.1422    96.5080     7.0782     7.4039    32.9153    32.9199    26.4149    26.4188    8.12278 0.0000e+00
      12425    186.779     0.1738     0.1721   2.768871   2.769043     2.4027     2.3689      8.037     0.0410     1.9245 1.0802e-01     0.1422    96.5080     7.0801     7.4007    32.9154    32.9194    26.4150    26.4184    8.12279 0.0000e+00
      12428    186.808     0.1737     0.1716   2.768873   2.769056     2.4015     2.3689      8.037     0.0410     1.9245 1.0827e-01     0.1418    96.5167     7.0760     7.3986    32.9154    32.9201    26.4151    26.4190    8.12279 0.0000e+00
      12431    186.838     0.1736     0.1714   2.768864   2.769053     2.4019     2.3689      8.037     0.0410     1.9245 1.0802e-01     0.1422    96.5080     7.0781     7.3981    32.9154    32.9202    26.4151    26.4191    8.12282 0.0000e+00
      12434    186.868     0.1736     0.1718   2.768869   2.769039     2.4019     2.3689      8.037     0.0410     1.9245 1.0802e-01     0.1418    96.5167     7.0778     7.3978    32.9155    32.9197    26.4152    26.4186    8.12282 0.0000e+00
      12437    186.897     0.1735     0.1727   2.768889   2.769049     2.4011     2.3689      8.037     0.0410     1.9245 1.0815e-01     0.1429    96.4906     7.0746     7.3990    32.9159    32.9189    26.4155    26.4179    8.12283 0.0000e+00
      12440    186.926     0.1733     0.1735   2.768902   2.769016     2.4007     2.3689      8.037     0.0410     1.9245 1.0802e-01     0.1443    96.4558     7.0722     7.3997    32.9162    32.9175    26.4158    26.4168    8.12285 0.0000e+00
      12443    186.957     0.1729     0.1732   2.768943   2.769026     2.4019     2.3689      8.039     0.0459     2.0034 1.0802e-01     0.1443    96.4558     7.0761     7.3983    32.9172    32.9180    26.4165    26.4172    8.12288 0.0000e+00
      12446    186.987     0.1726     0.1721   2.768915   2.769054     2.4019     2.3685      8.037     0.0410     2.0429 1.0815e-01     0.1440    96.4645     7.0765     7.3954    32.9171    32.9195    26.4165    26.4184    8.12294 0.0000e+00
      12449    187.015     0.1723     0.1719   2.768934   2.769094     2.4019     2.3677      8.037     0.0410     2.0429 1.0815e-01     0.1443    96.4558     7.0761     7.3920    32.9177    32.9202    26.4170    26.4191    8.12299 0.0000e+00
      12452    187.042     0.1718     0.1714   2.768925   2.769129     2.4015     2.3685      8.037     0.0410     2.0429 1.0815e-01     0.1443    96.4558     7.0752     7.3940    32.9181    32.9211    26.4173    26.4198    8.12306 0.0000e+00
      12455    187.072     0.1720     0.1710   2.768947   2.769106     2.4023     2.3681      8.037     0.0410     2.0429 1.0802e-01     0.1443    96.4558     7.0765     7.3912    32.9181    32.9213    26.4173    26.4200    8.12302 0.0000e+00
      12458    187.102     0.1723     0.1709   2.768943   2.769087     2.4011     2.3689      8.037     0.0459     2.0429 1.0815e-01     0.1436    96.4732     7.0726     7.3937    32.9177    32.9211    26.4170    26.4198    8.12298 0.0000e+00
      12461    187.131     0.1724     0.1707   2.768964   2.769134     2.4023     2.3689      8.037     0.0410     2.0429 1.0827e-01     0.1433    96.4819     7.0767     7.3935    32.9179    32.9219    26.4172    26.4204    8.12295 0.0000e+00
      12464    187.160     0.1722     0.1708   2.768945   2.769158     2.4007     2.3685      8.037     0.0410     2.0429 1.0802e-01     0.1433    96.4819     7.0685     7.3923    32.9178    32.9221    26.4171    26.4206    8.12298 0.0000e+00
      12467    187.188     0.1721     0.1710   2.768970   2.769265     2.4028     2.3681      8.037     0.0410     2.0429 1.0802e-01     0.1433    96.4819     7.0752     7.3916    32.9182    32.9233    26.4174    26.4216    8.12299 0.0000e+00
      12470    187.218     0.1718     0.1709   2.768923   2.769283     2.4019     2.3681      8.037     0.0459     1.9245 1.0815e-01     0.1433    96.4819     7.0714     7.3926    32.9179    32.9236    26.4172    26.4218    8.12307 0.0000e+00
      12473    187.245     0.1721     0.1706   2.768913   2.769166     2.4007     2.3681      8.037     0.0410     1.9245 1.0815e-01     0.1433    96.4819     7.0665     7.3921    32.9174    32.9224    26.4168    26.4208    8.12303 0.0000e+00
      12476    187.276     0.1718     0.1710   2.768920   2.769122     2.4011     2.3677      8.037     0.0410     1.9245 1.0827e-01     0.1433    96.4819     7.0660     7.3884    32.9179    32.9214    26.4172    26.4200    8.12307 0.0000e+00
      12479    187.306     0.1724     0.1717   2.768827   2.769110     2.4007     2.3677      8.037     0.0459     1.9245 1.0802e-01     0.1443    96.4558     7.0642     7.3896    32.9160    32.9205    26.4157    26.4193    8.12306 0.0000e+00
      12482    187.335     0.1729     0.1713   2.768733   2.769082     2.4019     2.3677      8.037     0.0410     1.9245 1.0827e-01     0.1440    96.4645     7.0687     7.3883    32.9142    32.9205    26.4142    26.4193    8.12305 0.0000e+00
      12485    187.364     0.1732     0.1715   2.768717   2.769059     2.4007     2.3677      8.037     0.0459     1.9245 1.0802e-01     0.1436    96.4732     7.0645     7.3914    32.9137    32.9200    26.4137    26.4189    8.12301 0.0000e+00
      12488    187.390     0.1731     0.1711   2.768786   2.769095     2.4015     2.3677      8.037     0.0410     1.9245 1.0790e-01     0.1433    96.4819     7.0700     7.3951    32.9146    32.9208    26.4145    26.4196    8.12297 0.0000e+00
      12491    187.419     0.1724     0.1714   2.768866   2.769076     2.4011     2.3677      8.037     0.0459     1.9245 1.0815e-01     0.1440    96.4645     7.0683     7.3953    32.9164    32.9202    26.4160    26.4191    8.12303 0.0000e+00
      12494    187.448     0.1716     0.1723   2.768942   2.769069     2.4007     2.3677      8.037     0.0410     1.9245 1.0790e-01     0.1440    96.4645     7.0703     7.3962    32.9182    32.9192    26.4174    26.4182    8.12309 0.0000e+00
      12497    187.475     0.1714     0.1726   2.768957   2.769031     2.4007     2.3677      8.037     0.0410     2.0429 1.0790e-01     0.1436    96.4732     7.0705     7.3954    32.9186    32.9183    26.4178    26.4175    8.12311 0.0000e+00
      12500    187.504     0.1713     0.1726   2.768991   2.769065     2.3999     2.3677      8.037     0.0459     2.0429 1.0815e-01     0.1422    96.5080     7.0662     7.3944    32.9192    32.9188    26.4183    26.4179    8.12311 0.0000e+00
      12503    187.530     0.1710     0.1724   2.769002   2.769008     2.4007     2.3677      8.037     0.0410     2.0429 1.0815e-01     0.1422    96.5080     7.0705     7.3936    32.9196    32.9183    26.4186    26.4174    8.12314 0.0000e+00
      12506    187.559     0.1708     0.1719   2.769023   2.769033     2.4003     2.3673      8.037     0.0459     2.0429 1.0802e-01     0.1426    96.4993     7.0685     7.3926    32.9201    32.9191    26.4190    26.4181    8.12316 0.0000e+00
      12509    187.588     0.1706     0.1711   2.768996   2.769065     2.4015     2.3677      8.037     0.0459     2.0429 1.0802e-01     0.1422    96.5080     7.0737     7.3958    32.9200    32.9203    26.4189    26.4191    8.12322 0.0000e+00
      12512    187.619     0.1706     0.1705   2.768994   2.769098     2.4011     2.3677      8.037     0.0410     2.0429 1.0827e-01     0.1422    96.5080     7.0724     7.3945    32.9199    32.9214    26.4189    26.4200    8.12323 0.0000e+00
      12515    187.646     0.1708     0.1706   2.769010   2.769146     2.4007     2.3673      8.037     0.0361     2.0429 1.0815e-01     0.1422    96.5080     7.0734     7.3905    32.9199    32.9219    26.4188    26.4205    8.12318 0.0000e+00
      12518    187.676     0.1710     0.1703   2.769072   2.769194     2.4007     2.3677      8.037     0.0264     2.0429 1.0827e-01     0.1429    96.4906     7.0732     7.3927    32.9204    32.9228    26.4192    26.4212    8.12310 0.0000e+00
      12521    187.705     0.1713     0.1701   2.769016   2.769209     2.4003     2.3665      8.037     0.0264     1.9640 1.0802e-01     0.1436    96.4732     7.0699     7.3869    32.9194    32.9232    26.4184    26.4215    8.12309 0.0000e+00
      12524    187.735     0.1715     0.1705   2.769083   2.769206     2.4007     2.3673      8.037     0.0264     1.9245 1.0827e-01     0.1433    96.4819     7.0685     7.3889    32.9200    32.9227    26.4189    26.4212    8.12301 0.0000e+00
      12527    187.763     0.1716     0.1704   2.769187   2.769190     2.4011     2.3669      8.037     0.0313     1.9245 1.0815e-01     0.1433    96.4819     7.0690     7.3868    32.9213    32.9226    26.4199    26.4210    8.12293 0.0000e+00
      12530    187.795     0.1714     0.1703   2.769178   2.769209     2.3999     2.3677      8.037     0.0264     1.9245 1.0790e-01     0.1433    96.4819     7.0647     7.3890    32.9214    32.9229    26.4200    26.4213    8.12297 0.0000e+00
      12533    187.824     0.1715     0.1705   2.769197   2.769251     2.4007     2.3677      8.037     0.0264     1.9245 1.0827e-01     0.1433    96.4819     7.0672     7.3888    32.9215    32.9233    26.4201    26.4216    8.12294 0.0000e+00
      12536    187.855     0.1715     0.1705   2.769168   2.769241     2.4007     2.3665      8.037     0.0264     1.9245 1.0802e-01     0.1433    96.4819     7.0667     7.3851    32.9211    32.9232    26.4197    26.4215    8.12296 0.0000e+00
      12539    187.889     0.1713     0.1703   2.769105   2.769243     2.4011     2.3665      8.037     0.0264     1.9245 1.0815e-01     0.1479    96.3689     7.0683     7.3855    32.9204    32.9233    26.4192    26.4216    8.12303 0.0000e+00
      12542    187.920     0.1713     0.1703   2.769052   2.769321     2.3999     2.3673      8.037     0.0361     1.9245 1.0802e-01     0.1490    96.3428     7.0646     7.3900    32.9198    32.9244    26.4187    26.4224    8.12309 0.0000e+00
      12545    187.954     0.1711     0.1700   2.769021   2.769365     2.3995     2.3665      8.037     0.0410     1.9245 1.0827e-01     0.1490    96.3428     7.0633     7.3878    32.9195    32.9253    26.4185    26.4232    8.12313 0.0000e+00
      12548    187.987     0.1711     0.1699   2.769046   2.769359     2.3995     2.3665      8.037     0.0410     1.9245 1.0827e-01     0.1487    96.3515     7.0621     7.3863    32.9198    32.9253    26.4188    26.4232    8.12312 0.0000e+00
      12551    188.018     0.1711     0.1696   2.769049   2.769372     2.4007     2.3665      8.037     0.0410     1.9245 1.0790e-01     0.1490    96.3428     7.0675     7.3876    32.9199    32.9257    26.4188    26.4236    8.12312 0.0000e+00
      12554    188.051     0.1709     0.1695   2.769063   2.769391     2.4007     2.3665      8.037     0.0410     1.9245 1.0802e-01     0.1490    96.3428     7.0679     7.3886    32.9202    32.9261    26.4191    26.4239    8.12313 0.0000e+00
      12557    188.087     0.1709     0.1698   2.769070   2.769398     2.3995     2.3665      8.037     0.0410     1.9245 1.0815e-01     0.1494    96.3342     7.0634     7.3921    32.9203    32.9258    26.4192    26.4237    8.12314 0.0000e+00
      12560    188.124     0.1707     0.1698   2.769038   2.769396     2.3995     2.3665      8.037     0.0410     1.9245 1.0815e-01     0.1429    96.4906     7.0643     7.3946    32.9201    32.9258    26.4190    26.4236    8.12319 0.0000e+00
      12563    188.159     0.1708     0.1700   2.769029   2.769372     2.3995     2.3665      8.037     0.0361     1.9245 1.0827e-01     0.1426    96.4993     7.0652     7.3943    32.9199    32.9253    26.4188    26.4232    8.12318 0.0000e+00
      12566    188.193     0.1706     0.1700   2.769080   2.769370     2.4003     2.3665      8.037     0.0410     1.9245 1.0802e-01     0.1426    96.4993     7.0703     7.3941    32.9207    32.9252    26.4195    26.4232    8.12317 0.0000e+00
      12569    188.230     0.1705     0.1700   2.769092   2.769351     2.3999     2.3665      8.037     0.0264     1.9245 1.0815e-01     0.1433    96.4819     7.0691     7.3944    32.9210    32.9249    26.4197    26.4229    8.12319 0.0000e+00
      12572    188.265     0.1705     0.1704   2.769088   2.769346     2.3995     2.3665      8.037     0.0264     1.9245 1.0815e-01     0.1429    96.4906     7.0672     7.3947    32.9208    32.9244    26.4196    26.4225    8.12318 0.0000e+00
      12575    188.302     0.1704     0.1698   2.769085   2.769412     2.3995     2.3665      8.037     0.0264     2.0429 1.0790e-01     0.1426    96.4993     7.0652     7.3952    32.9209    32.9258    26.4197    26.4237    8.12321 0.0000e+00
      12578    188.337     0.1705     0.1695   2.769065   2.769437     2.3995     2.3665      8.037     0.0361     2.0429 1.0815e-01     0.1436    96.4732     7.0661     7.3956    32.9205    32.9265    26.4193    26.4243    8.12320 0.0000e+00
      12581    188.376     0.1705     0.1698   2.769077   2.769410     2.4003     2.3665      8.037     0.0313     2.0429 1.0827e-01     0.1454    96.4297     7.0700     7.3960    32.9206    32.9258    26.4194    26.4236    8.12319 0.0000e+00
      12584    188.415     0.1705     0.1698   2.769079   2.769418     2.3991     2.3665      8.037     0.0313     2.0429 1.0815e-01     0.1454    96.4297     7.0627     7.3950    32.9207    32.9259    26.4195    26.4237    8.12321 0.0000e+00
      12587    188.450     0.1704     0.1696   2.769081   2.769432     2.3995     2.3665      8.037     0.0264     2.0429 1.0802e-01     0.1454    96.4297     7.0660     7.3946    32.9208    32.9263    26.4195    26.4240    8.12321 0.0000e+00
