Datasets/AZMP/COO001/79001123.cnv
* Sea-Bird SBE 9 Data File:
* FileName = C:\CTDDATA\79001123.hex
* Software Version Seasave V 7.26.7.110
* Temperature SN = 5660
* Conductivity SN = 3698
* Number of Bytes Per Scan = 30
* Number of Voltage Words = 4
* Number of Scans Averaged by the Deck Unit = 1
* NMEA baud rate = 9600
** VESSEL/TRIP/SEQ STN:  79001123
** LATITUDE XX XX.XX N:  47 00.00 N
** LONGITUDE XX XX.XX W:  52 34.80 W
** SOUNDING DEPTH (M):  0162
** PROBE TYPE: S1257
** CTD NUMBER: 083
** COMMENTS (14 CHAR): FC-03
** BOTTLES:  11
** LEVELS: 5,5,10,20,20,30,40,50,75,100,BTM
** STICKERS: 435653 - 435663
** VNET: Y
** DO2: Y
# nquan = 22
# nvalues = 4340                        
# units = specified
# name 0 = scan: Scan Count
# name 1 = prDM: Pressure, Digiquartz [db]
# name 2 = t090C: Temperature [ITS-90, deg C]
# name 3 = t190C: Temperature, 2 [ITS-90, deg C]
# name 4 = c0S/m: Conductivity [S/m]
# name 5 = c1S/m: Conductivity, 2 [S/m]
# name 6 = sbeox0V: Oxygen raw, SBE 43 [V]
# name 7 = sbeox1V: Oxygen raw, SBE 43, 2 [V]
# name 8 = ph: pH
# name 9 = flECO-AFL: Fluorescence, WET Labs ECO-AFL/FL [mg/m^3]
# name 10 = wetCDOM: Fluorescence, WET Labs CDOM [mg/m^3]
# name 11 = par/sat/log: PAR/Logarithmic, Satlantic [umol photons/m^2/sec]
# name 12 = CStarAt0: Beam Attenuation, WET Labs C-Star [1/m]
# name 13 = CStarTr0: Beam Transmission, WET Labs C-Star [%]
# name 14 = sbeox0ML/L: Oxygen, SBE 43 [ml/l], WS = 2
# name 15 = sbeox1ML/L: Oxygen, SBE 43, 2 [ml/l], WS = 2
# name 16 = sal00: Salinity, Practical [PSU]
# name 17 = sal11: Salinity, Practical, 2 [PSU]
# name 18 = sigma-t00: Density [sigma-t, kg/m^3 ]
# name 19 = sigma-t11: Density, 2 [sigma-t, kg/m^3 ]
# name 20 = oxsatML/L: Oxygen Saturation, Weiss [ml/l]
# name 21 = flag: flag
# span 0 =         53,      38830       
# span 1 =      2.739,    153.795       
# span 2 =    -1.0843,     3.4117       
# span 3 =    -1.0852,     3.4084       
# span 4 =   2.646840,   2.946109       
# span 5 =   2.646978,   2.946160       
# span 6 =     2.3570,     2.7698       
# span 7 =     2.3343,     2.7380       
# span 8 =      8.025,      8.184       
# span 9 =     0.0068,     1.0911       
# span 10 =     1.3323,     2.2798      
# span 11 = 1.0790e-01, 2.6033e+01      
# span 12 =     0.0524,     0.1758      
# span 13 =    95.6998,    98.6978      
# span 14 =     6.9703,     7.9514      
# span 15 =     7.2954,     8.3511      
# span 16 =    31.8993,    33.1795      
# span 17 =    31.9008,    33.1750      
# span 18 =    25.3758,    26.6576      
# span 19 =    25.3771,    26.6549      
# span 20 =    7.52368,    8.41017      
# span 21 = 0.0000e+00, 0.0000e+00      
# interval = scans: 3                   
# start_time = Dec 08 2019 18:57:04 [System UTC, header]
# bad_flag = -9.990e-29
*END*
         53      2.739     3.3966     3.3940   2.944306   2.944267     2.5999     2.7367      8.169     0.9055     1.5692 2.4290e+01     0.1617    96.0387     7.0115     7.9417    31.9030    31.9050    25.3792    25.3810    7.52658 0.0000e+00
         56      2.763     3.3967     3.3936   2.944298   2.944251     2.6003     2.7363      8.169     0.8909     1.5692 2.5059e+01     0.1512    96.2907     7.0127     7.9381    31.9028    31.9052    25.3790    25.3812    7.52658 0.0000e+00
         59      2.792     3.3967     3.3935   2.944300   2.944232     2.5995     2.7363      8.169     0.9006     1.5692 2.5734e+01     0.1497    96.3255     7.0098     7.9373    31.9028    31.9051    25.3790    25.3812    7.52658 0.0000e+00
         62      2.823     3.3969     3.3934   2.944307   2.944216     2.6007     2.7363      8.169     0.9006     1.5692 2.6033e+01     0.1497    96.3255     7.0140     7.9362    31.9026    31.9050    25.3789    25.3810    7.52654 0.0000e+00
         65      2.855     3.3969     3.3933   2.944309   2.944220     2.6007     2.7359      8.169     0.9006     1.5692 2.5616e+01     0.1497    96.3255     7.0150     7.9331    31.9027    31.9051    25.3789    25.3812    7.52655 0.0000e+00
         68      2.889     3.3969     3.3931   2.944299   2.944202     2.5991     2.7363      8.169     0.8958     1.5692 2.4828e+01     0.1497    96.3255     7.0106     7.9335    31.9025    31.9051    25.3787    25.3812    7.52655 0.0000e+00
         71      2.922     3.3968     3.3928   2.944320   2.944196     2.6007     2.7354      8.169     0.8665     1.5692 2.4713e+01     0.1497    96.3255     7.0121     7.9322    31.9028    31.9052    25.3790    25.3813    7.52655 0.0000e+00
         74      2.952     3.3969     3.3928   2.944316   2.944186     2.6012     2.7354      8.169     0.8713     1.5692 2.4857e+01     0.1501    96.3168     7.0110     7.9366    31.9026    31.9052    25.3789    25.3813    7.52654 0.0000e+00
         77      2.979     3.3969     3.3926   2.944289   2.944172     2.6011     2.7350      8.169     0.8616     1.5692 2.5001e+01     0.1490    96.3428     7.0092     7.9384    31.9023    31.9052    25.3786    25.3813    7.52656 0.0000e+00
         80      3.008     3.3968     3.3925   2.944245   2.944157     2.6007     2.7350      8.169     0.8713     1.5692 2.5321e+01     0.1490    96.3428     7.0064     7.9429    31.9019    31.9050    25.3783    25.3812    7.52660 0.0000e+00
         83      3.035     3.3968     3.3924   2.944269   2.944164     2.6011     2.7354      8.169     0.8713     1.5692 2.5379e+01     0.1490    96.3428     7.0047     7.9479    31.9021    31.9052    25.3785    25.3814    7.52658 0.0000e+00
         87      3.065     3.3969     3.3924   2.944317   2.944167     2.6020     2.7350      8.169     0.8713     1.5692 2.4945e+01     0.1487    96.3515     7.0035     7.9509    31.9026    31.9053    25.3789    25.3814    7.52654 0.0000e+00
         91      3.096     3.3969     3.3921   2.944299   2.944136     2.6020     2.7350      8.169     0.8665     1.5692 2.4205e+01     0.1490    96.3428     6.9987     7.9571    31.9024    31.9052    25.3787    25.3813    7.52656 0.0000e+00
        195      3.130     3.3965     3.3950   2.944291   2.944407     2.5938     2.7314      8.169     0.9348     1.5692 2.1915e+01     0.1504    96.3081     6.9768     7.8972    31.9027    31.9055    25.3789    25.3813    7.52661 0.0000e+00
        198      3.173     3.3965     3.3952   2.944268   2.944429     2.5934     2.7306      8.169     0.9299     1.5692 2.3033e+01     0.1480    96.3689     6.9762     7.9022    31.9024    31.9055    25.3787    25.3813    7.52664 0.0000e+00
        201      3.218     3.3964     3.3953   2.944288   2.944442     2.5934     2.7306      8.169     0.8713     1.6876 2.3926e+01     0.1480    96.3689     6.9754     7.9091    31.9027    31.9056    25.3790    25.3814    7.52664 0.0000e+00
        204      3.260     3.3964     3.3955   2.944280   2.944427     2.5938     2.7310      8.169     0.8567     1.6876 2.4176e+01     0.1476    96.3776     6.9762     7.9175    31.9026    31.9052    25.3789    25.3811    7.52664 0.0000e+00
        207      3.312     3.3965     3.3951   2.944219   2.944401     2.5938     2.7302      8.169     0.8518     1.6876 2.3816e+01     0.1476    96.3776     6.9770     7.9199    31.9017    31.9053    25.3781    25.3812    7.52666 0.0000e+00
        210      3.369     3.3965     3.3955   2.944300   2.944471     2.5934     2.7302      8.169     0.8469     1.6876 2.3245e+01     0.1476    96.3776     6.9762     7.9260    31.9026    31.9057    25.3789    25.3814    7.52661 0.0000e+00
        213      3.434     3.3964     3.3949   2.944308   2.944330     2.5930     2.7302      8.169     0.8518     1.6876 2.2403e+01     0.1476    96.3776     6.9762     7.9347    31.9028    31.9046    25.3790    25.3806    7.52662 0.0000e+00
        216      3.506     3.3962     3.3938   2.944233   2.944308     2.5934     2.7302      8.169     0.8469     1.6876 2.1194e+01     0.1487    96.3515     6.9776     7.9411    31.9020    31.9053    25.3785    25.3813    7.52670 0.0000e+00
        219      3.579     3.3957     3.3944   2.944188   2.944383     2.5934     2.7310      8.169     0.8567     1.6876 2.0072e+01     0.1490    96.3428     6.9787     7.9474    31.9019    31.9056    25.3784    25.3815    7.52679 0.0000e+00
        222      3.649     3.3952     3.3943   2.944175   2.944354     2.5946     2.7314      8.169     0.8567     1.6876 1.9209e+01     0.1490    96.3428     6.9844     7.9519    31.9023    31.9053    25.3788    25.3812    7.52688 0.0000e+00
        225      3.712     3.3950     3.3947   2.944183   2.944410     2.5926     2.7314      8.169     0.8567     1.6481 1.8617e+01     0.1487    96.3515     6.9799     7.9528    31.9026    31.9055    25.3790    25.3814    7.52691 0.0000e+00
        228      3.779     3.3949     3.3941   2.944196   2.944288     2.5926     2.7314      8.169     0.9104     1.5692 1.8297e+01     0.1487    96.3515     6.9811     7.9551    31.9028    31.9047    25.3792    25.3808    7.52691 0.0000e+00
        231      3.842     3.3949     3.3936   2.944201   2.944367     2.5942     2.7314      8.169     0.9153     1.5692 1.8066e+01     0.1490    96.3428     6.9877     7.9556    31.9027    31.9060    25.3792    25.3819    7.52691 0.0000e+00
        234      3.900     3.3949     3.3964   2.944185   2.944591     2.5938     2.7322      8.169     0.9153     1.5692 1.8004e+01     0.1487    96.3515     6.9869     7.9574    31.9026    31.9059    25.3790    25.3816    7.52692 0.0000e+00
        237      3.954     3.3949     3.3972   2.944222   2.944635     2.5938     2.7326      8.169     0.9104     1.5692 1.8297e+01     0.1490    96.3428     6.9866     7.9563    31.9030    31.9057    25.3793    25.3813    7.52690 0.0000e+00
        240      4.003     3.3952     3.3986   2.944213   2.944676     2.5938     2.7326      8.169     0.9104     1.5692 1.8769e+01     0.1487    96.3515     6.9873     7.9550    31.9026    31.9048    25.3790    25.3804    7.52687 0.0000e+00
        243      4.054     3.3951     3.3965   2.944230   2.944478     2.5938     2.7318      8.169     0.9202     1.5692 1.8943e+01     0.1487    96.3515     6.9876     7.9526    31.9028    31.9044    25.3792    25.3803    7.52687 0.0000e+00
        246      4.104     3.3952     3.3950   2.944235   2.944422     2.5950     2.7326      8.169     0.9153     1.5692 1.9009e+01     0.1487    96.3515     6.9921     7.9558    31.9028    31.9052    25.3791    25.3812    7.52685 0.0000e+00
        249      4.151     3.3949     3.3951   2.944201   2.944451     2.5950     2.7326      8.169     0.9153     1.5692 1.9163e+01     0.1487    96.3515     6.9930     7.9560    31.9026    31.9055    25.3790    25.3813    7.52691 0.0000e+00
        252      4.195     3.3950     3.3941   2.944224   2.944349     2.5946     2.7326      8.169     0.9006     1.6481 1.9499e+01     0.1487    96.3515     6.9889     7.9569    31.9028    31.9052    25.3792    25.3812    7.52690 0.0000e+00
        255      4.239     3.3950     3.3927   2.944236   2.944290     2.5946     2.7326      8.169     0.8860     1.6876 1.9634e+01     0.1487    96.3515     6.9874     7.9588    31.9029    31.9058    25.3793    25.3818    7.52688 0.0000e+00
        258      4.286     3.3951     3.3924   2.944221   2.944278     2.5942     2.7330      8.169     0.8811     1.6876 1.9703e+01     0.1497    96.3255     6.9856     7.9611    31.9026    31.9060    25.3790    25.3820    7.52689 0.0000e+00
        261      4.328     3.3950     3.3925   2.944211   2.944267     2.5950     2.7326      8.169     0.8811     1.6876 1.9794e+01     0.1497    96.3255     6.9875     7.9621    31.9025    31.9057    25.3790    25.3817    7.52690 0.0000e+00
        264      4.370     3.3951     3.3926   2.944229   2.944279     2.5950     2.7338      8.169     0.8762     1.6876 1.9454e+01     0.1497    96.3255     6.9858     7.9706    31.9027    31.9057    25.3791    25.3817    7.52688 0.0000e+00
        267      4.413     3.3951     3.3925   2.944251   2.944253     2.5954     2.7338      8.169     0.8762     1.6876 1.8813e+01     0.1497    96.3255     6.9842     7.9745    31.9029    31.9055    25.3792    25.3816    7.52686 0.0000e+00
        270      4.455     3.3951     3.3915   2.944237   2.944182     2.5946     2.7338      8.169     0.8860     1.6876 1.8109e+01     0.1497    96.3255     6.9791     7.9760    31.9027    31.9056    25.3791    25.3817    7.52687 0.0000e+00
        273      4.499     3.3951     3.3921   2.944219   2.944250     2.5950     2.7338      8.169     0.8811     1.6876 1.7450e+01     0.1497    96.3255     6.9801     7.9779    31.9025    31.9058    25.3789    25.3819    7.52689 0.0000e+00
        276      4.542     3.3951     3.3917   2.944235   2.944198     2.5946     2.7346      8.169     0.8811     1.6876 1.7170e+01     0.1490    96.3428     6.9774     7.9809    31.9026    31.9055    25.3790    25.3817    7.52688 0.0000e+00
        279      4.586     3.3950     3.3913   2.944218   2.944180     2.5946     2.7350      8.169     0.8909     1.6087 1.7249e+01     0.1476    96.3776     6.9761     7.9812    31.9025    31.9057    25.3790    25.3818    7.52691 0.0000e+00
        282      4.633     3.3950     3.3916   2.944225   2.944236     2.5950     2.7350      8.169     0.8860     1.5692 1.7269e+01     0.1476    96.3776     6.9763     7.9801    31.9026    31.9060    25.3790    25.3821    7.52690 0.0000e+00
        285      4.683     3.3951     3.3923   2.944259   2.944273     2.5946     2.7350      8.169     0.8811     1.5692 1.7190e+01     0.1476    96.3776     6.9741     7.9774    31.9029    31.9058    25.3792    25.3817    7.52687 0.0000e+00
        288      4.730     3.3951     3.3925   2.944220   2.944301     2.5946     2.7363      8.169     0.8811     1.5692 1.7269e+01     0.1476    96.3776     6.9759     7.9804    31.9023    31.9059    25.3788    25.3819    7.52689 0.0000e+00
        291      4.772     3.3950     3.3928   2.944212   2.944288     2.5934     2.7363      8.169     0.8811     1.5692 1.7350e+01     0.1476    96.3776     6.9719     7.9785    31.9024    31.9054    25.3788    25.3814    7.52692 0.0000e+00
        294      4.811     3.3948     3.3926   2.944223   2.944283     2.5938     2.7367      8.169     0.8762     1.5692 1.7249e+01     0.1476    96.3776     6.9740     7.9763    31.9027    31.9056    25.3791    25.3816    7.52694 0.0000e+00
        297      4.850     3.3947     3.3926   2.944185   2.944289     2.5934     2.7363      8.169     0.8811     1.5692 1.7130e+01     0.1483    96.3602     6.9733     7.9701    31.9023    31.9056    25.3788    25.3816    7.52698 0.0000e+00
        300      4.884     3.3945     3.3929   2.944209   2.944317     2.5934     2.7363      8.169     0.8811     1.5692 1.6953e+01     0.1487    96.3515     6.9735     7.9646    31.9027    31.9057    25.3791    25.3816    7.52698 0.0000e+00
        303      4.915     3.3945     3.3934   2.944213   2.944362     2.5934     2.7363      8.169     0.8762     1.5692 1.6855e+01     0.1487    96.3515     6.9734     7.9612    31.9028    31.9057    25.3792    25.3816    7.52698 0.0000e+00
        306      4.940     3.3947     3.3937   2.944237   2.944375     2.5934     2.7367      8.169     0.9153     1.5692 1.6855e+01     0.1487    96.3515     6.9756     7.9591    31.9029    31.9055    25.3793    25.3814    7.52695 0.0000e+00
        309      4.967     3.3947     3.3936   2.944245   2.944367     2.5942     2.7367      8.169     0.9251     1.5692 1.7012e+01     0.1487    96.3515     6.9801     7.9552    31.9030    31.9055    25.3794    25.3814    7.52695 0.0000e+00
        312      4.993     3.3948     3.3938   2.944231   2.944364     2.5942     2.7371      8.169     0.9348     1.5692 1.7229e+01     0.1487    96.3515     6.9812     7.9523    31.9026    31.9052    25.3790    25.3812    7.52693 0.0000e+00
        316      5.024     3.3949     3.3935   2.944245   2.944353     2.5934     2.7363      8.169     0.9251     1.5692 1.7410e+01     0.1494    96.3342     6.9799     7.9479    31.9027    31.9053    25.3791    25.3814    7.52691 0.0000e+00
        320      5.050     3.3949     3.3933   2.944284   2.944345     2.5934     2.7363      8.169     0.9299     1.5692 1.7350e+01     0.1497    96.3255     6.9803     7.9476    31.9032    31.9054    25.3795    25.3814    7.52689 0.0000e+00
        323      5.073     3.3951     3.3935   2.944281   2.944367     2.5934     2.7363      8.169     0.9202     1.5692 1.7190e+01     0.1497    96.3255     6.9815     7.9468    31.9029    31.9055    25.3792    25.3815    7.52686 0.0000e+00
        326      5.097     3.3953     3.3938   2.944280   2.944387     2.5930     2.7363      8.169     0.9251     1.5692 1.6953e+01     0.1497    96.3255     6.9804     7.9457    31.9027    31.9054    25.3791    25.3814    7.52685 0.0000e+00
        329      5.121     3.3955     3.3939   2.944295   2.944410     2.5942     2.7363      8.169     0.9251     1.5692 1.6681e+01     0.1497    96.3255     6.9833     7.9437    31.9026    31.9056    25.3790    25.3815    7.52680 0.0000e+00
        335      5.164     3.3955     3.3940   2.944314   2.944422     2.5938     2.7363      8.169     0.9299     1.8060 1.6097e+01     0.1494    96.3342     6.9816     7.9430    31.9029    31.9056    25.3792    25.3815    7.52680 0.0000e+00
        340      5.199     3.3954     3.3942   2.944294   2.944430     2.5938     2.7359      8.169     0.9348     1.8060 1.5563e+01     0.1476    96.3776     6.9812     7.9398    31.9027    31.9056    25.3791    25.3815    7.52683 0.0000e+00
        343      5.222     3.3953     3.3941   2.944278   2.944407     2.5938     2.7363      8.169     0.9348     1.8060 1.5243e+01     0.1483    96.3602     6.9805     7.9404    31.9026    31.9053    25.3790    25.3813    7.52684 0.0000e+00
        346      5.251     3.3953     3.3941   2.944286   2.944422     2.5946     2.7359      8.169     0.9348     1.8060 1.4998e+01     0.1476    96.3776     6.9817     7.9380    31.9027    31.9055    25.3791    25.3814    7.52684 0.0000e+00
        349      5.287     3.3953     3.3943   2.944291   2.944420     2.5942     2.7363      8.169     0.9446     1.8060 1.4757e+01     0.1480    96.3689     6.9794     7.9387    31.9028    31.9053    25.3791    25.3812    7.52684 0.0000e+00
        352      5.329     3.3954     3.3942   2.944284   2.944420     2.5934     2.7354      8.169     0.9397     1.8060 1.4503e+01     0.1487    96.3515     6.9763     7.9337    31.9025    31.9054    25.3789    25.3813    7.52683 0.0000e+00
        355      5.372     3.3954     3.3941   2.944276   2.944431     2.5934     2.7359      8.169     0.9495     1.8060 1.4420e+01     0.1487    96.3515     6.9770     7.9354    31.9024    31.9056    25.3789    25.3815    7.52684 0.0000e+00
