Datasets/AZMP/COO001/79001092.cnv
* Sea-Bird SBE 9 Data File:
* FileName = C:\CTDDATA\79001092.hex
* Software Version Seasave V 7.26.7.110
* Temperature SN = 5660
* Conductivity SN = 3698
* Number of Bytes Per Scan = 30
* Number of Voltage Words = 4
* Number of Scans Averaged by the Deck Unit = 1
* NMEA baud rate = 9600
** VESSEL/TRIP/SEQ STN:  79001092
** LATITUDE XX XX.XX N:  48 50.00 N
** LONGITUDE XX XX.XX W:  52 39.00 W
** SOUNDING DEPTH (M):  0252
** PROBE TYPE: S1257
** CTD NUMBER: 058
** COMMENTS (14 CHAR): BB-03
** BOTTLES:  12
** LEVELS: 5,5,10,20,20,30,40,50,75,100,150,BTM
** STICKERS: 435273 - 435284
** VNET: Y
** DO2: N
# nquan = 22
# nvalues = 5695                        
# units = specified
# name 0 = scan: Scan Count
# name 1 = prDM: Pressure, Digiquartz [db]
# name 2 = t090C: Temperature [ITS-90, deg C]
# name 3 = t190C: Temperature, 2 [ITS-90, deg C]
# name 4 = c0S/m: Conductivity [S/m]
# name 5 = c1S/m: Conductivity, 2 [S/m]
# name 6 = sbeox0V: Oxygen raw, SBE 43 [V]
# name 7 = sbeox1V: Oxygen raw, SBE 43, 2 [V]
# name 8 = ph: pH
# name 9 = flECO-AFL: Fluorescence, WET Labs ECO-AFL/FL [mg/m^3]
# name 10 = wetCDOM: Fluorescence, WET Labs CDOM [mg/m^3]
# name 11 = par/sat/log: PAR/Logarithmic, Satlantic [umol photons/m^2/sec]
# name 12 = CStarAt0: Beam Attenuation, WET Labs C-Star [1/m]
# name 13 = CStarTr0: Beam Transmission, WET Labs C-Star [%]
# name 14 = sbeox0ML/L: Oxygen, SBE 43 [ml/l], WS = 2
# name 15 = sbeox1ML/L: Oxygen, SBE 43, 2 [ml/l], WS = 2
# name 16 = sal00: Salinity, Practical [PSU]
# name 17 = sal11: Salinity, Practical, 2 [PSU]
# name 18 = sigma-t00: Density [sigma-t, kg/m^3 ]
# name 19 = sigma-t11: Density, 2 [sigma-t, kg/m^3 ]
# name 20 = oxsatML/L: Oxygen Saturation, Weiss [ml/l]
# name 21 = flag: flag
# span 0 =        123,      57108       
# span 1 =      0.793,    245.950       
# span 2 =    -0.3070,     2.0575       
# span 3 =    -0.3075,     2.0575       
# span 4 =   2.724876,   2.959524       
# span 5 =   2.725027,   2.957947       
# span 6 =     2.3843,     2.7458       
# span 7 =     2.3504,     2.7067       
# span 8 =      8.097,      8.204       
# span 9 =    -0.0078,     0.8273       
# span 10 =     0.7401,     2.1614      
# span 11 = 1.0790e-01, 1.1020e+02      
# span 12 =     0.0630,     0.1551      
# span 13 =    96.1951,    98.4371      
# span 14 =     6.8173,     7.7739      
# span 15 =     7.1832,     8.1649      
# span 16 =    32.1177,    33.6949      
# span 17 =    32.1196,    33.6928      
# span 18 =    25.6589,    27.0090      
# span 19 =    25.6604,    27.0061      
# span 20 =    7.73817,    8.22551      
# span 21 = 0.0000e+00, 0.0000e+00      
# interval = scans: 3                   
# start_time = Dec 02 2019 13:41:37 [System UTC, header]
# bad_flag = -9.990e-29
*END*
[from data line 2766]
      15024    244.693     0.7183     0.7769   2.868528   2.879390     2.3878     2.3532      8.113     0.0117     1.8060 1.0827e-01     0.1099    97.2900     6.9392     7.2619    33.5930    33.6699    26.9312    26.9897    7.96999 0.0000e+00
      15027    244.572     0.7128     0.7753   2.868132   2.877828     2.3874     2.3544      8.113     0.0117     1.8060 1.0827e-01     0.1095    97.2987     6.9392     7.2705    33.5939    33.6515    26.9324    26.9750    7.97111 0.0000e+00
      15030    244.453     0.7069     0.7516   2.867113   2.872590     2.3874     2.3536      8.113    -0.0078     1.8060 1.0827e-01     0.1099    97.2900     6.9424     7.2762    33.5872    33.6096    26.9273    26.9427    7.97270 0.0000e+00
      15033    244.334     0.7029     0.7166   2.867238   2.867769     2.3866     2.3552      8.113    -0.0029     1.8060 1.0827e-01     0.1099    97.2900     6.9407     7.2900    33.5931    33.5852    26.9323    26.9251    7.97321 0.0000e+00
      15036    244.218     0.7010     0.6940   2.867202   2.865849     2.3886     2.3548      8.113    -0.0078     1.8060 1.0827e-01     0.1099    97.2900     6.9497     7.2911    33.5949    33.5849    26.9338    26.9262    7.97352 0.0000e+00
      15039    244.102     0.6998     0.6865   2.866996   2.865600     2.3874     2.3544      8.113    -0.0029     1.8060 1.0827e-01     0.1088    97.3161     6.9449     7.2889    33.5935    33.5898    26.9328    26.9306    7.97383 0.0000e+00
      15042    243.990     0.6992     0.6837   2.867066   2.865139     2.3878     2.3552      8.113    -0.0029     1.8060 1.0827e-01     0.1088    97.3161     6.9448     7.2898    33.5952    33.5870    26.9342    26.9285    7.97388 0.0000e+00
      15045    243.883     0.6978     0.6815   2.866354   2.864723     2.3878     2.3556      8.113    -0.0029     1.8060 1.0827e-01     0.1088    97.3161     6.9427     7.2890    33.5875    33.5840    26.9281    26.9262    7.97458 0.0000e+00
      15048    243.783     0.6951     0.6805   2.866091   2.864827     2.3878     2.3556      8.113    -0.0029     1.8060 1.0827e-01     0.1088    97.3161     6.9423     7.2846    33.5871    33.5865    26.9279    26.9283    7.97517 0.0000e+00
      15051    243.688     0.6947     0.6798   2.866470   2.864654     2.3886     2.3556      8.113    -0.0029     1.8060 1.0827e-01     0.1088    97.3161     6.9460     7.2805    33.5925    33.5851    26.9323    26.9272    7.97497 0.0000e+00
      15054    243.600     0.6947     0.6787   2.866426   2.864086     2.3886     2.3556      8.113    -0.0078     1.8060 1.0827e-01     0.1088    97.3161     6.9455     7.2776    33.5919    33.5790    26.9318    26.9224    7.97499 0.0000e+00
      15057    243.518     0.6947     0.6789   2.866428   2.864749     2.3886     2.3556      8.113    -0.0029     1.8060 1.0827e-01     0.1092    97.3074     6.9454     7.2734    33.5920    33.5875    26.9319    26.9292    7.97499 0.0000e+00
      15060    243.445     0.6945     0.6798   2.866551   2.865310     2.3886     2.3556      8.113     0.0020     1.8060 1.0827e-01     0.1099    97.2900     6.9450     7.2732    33.5939    33.5938    26.9334    26.9342    7.97493 0.0000e+00
      15063    243.382     0.6949     0.6821   2.866696   2.865795     2.3878     2.3556      8.113     0.0020     1.8060 1.0827e-01     0.1099    97.2900     6.9436     7.2695    33.5954    33.5976    26.9346    26.9371    7.97477 0.0000e+00
      15066    243.322     0.6955     0.6834   2.866667   2.865780     2.3886     2.3556      8.113    -0.0029     1.8060 1.0827e-01     0.1099    97.2900     6.9457     7.2658    33.5943    33.5960    26.9337    26.9358    7.97469 0.0000e+00
      15069    243.273     0.6953     0.6844   2.866594   2.866103     2.3878     2.3556      8.113    -0.0029     1.8060 1.0827e-01     0.1099    97.2900     6.9399     7.2650    33.5936    33.5992    26.9332    26.9383    7.97477 0.0000e+00
      15072    243.232     0.6953     0.6853   2.866893   2.866332     2.3890     2.3556      8.113    -0.0029     1.8060 1.0827e-01     0.1099    97.2900     6.9431     7.2648    33.5976    33.6011    26.9363    26.9398    7.97456 0.0000e+00
      15075    243.196     0.7009     0.6860   2.869240   2.866457     2.3886     2.3557      8.113    -0.0029     1.8060 1.0827e-01     0.1099    97.2900     6.9386     7.2648    33.6219    33.6020    26.9556    26.9405    7.97208 0.0000e+00
      15078    243.170     0.7118     0.6874   2.870783   2.866882     2.3882     2.3557      8.113    -0.0078     1.8060 1.0827e-01     0.1099    97.2900     6.9338     7.2648    33.6301    33.6060    26.9615    26.9435    7.96935 0.0000e+00
      15462    243.146     0.7280     0.7037   2.872393   2.869198     2.3891     2.3541      8.113     0.0068     1.8060 1.0827e-01     0.1095    97.2987     6.9322     7.2492    33.6333    33.6183    26.9632    26.9525    7.96578 0.0000e+00
      16226    243.112     0.7475     0.7314   2.875020   2.873070     2.3863     2.3504      8.111     0.0117     1.8060 1.0827e-01     0.1095    97.2987     6.9166     7.2197    33.6462    33.6384    26.9724    26.9671    7.96102 0.0000e+00
      16229    243.082     0.7492     0.7296   2.875454   2.872897     2.3871     2.3504      8.113     0.0068     1.8060 1.0827e-01     0.1103    97.2814     6.9198     7.2257    33.6500    33.6381    26.9753    26.9669    7.96046 0.0000e+00
      16424    243.056     0.7454     0.7276   2.874715   2.872735     2.3867     2.3521      8.113     0.0117     1.7665 1.0827e-01     0.1124    97.2292     6.9188     7.2416    33.6445    33.6382    26.9711    26.9672    7.96153 0.0000e+00
      16810    243.004     0.7364     0.7265   2.873483   2.872785     2.3855     2.3533      8.113     0.0117     1.8060 1.0827e-01     0.1142    97.1858     6.9180     7.2570    33.6384    33.6401    26.9668    26.9687    7.96376 0.0000e+00
      16813    242.941     0.7362     0.7304   2.873614   2.873274     2.3855     2.3533      8.111     0.0117     1.8060 1.0827e-01     0.1146    97.1771     6.9166     7.2583    33.6404    33.6423    26.9684    26.9702    7.96370 0.0000e+00
      16816    242.891     0.7370     0.7339   2.873864   2.873611     2.3863     2.3537      8.110     0.0117     1.8060 1.0827e-01     0.1135    97.2031     6.9178     7.2594    33.6428    33.6428    26.9703    26.9705    7.96339 0.0000e+00
      16819    242.851     0.7412     0.7353   2.875509   2.873728     2.3859     2.3542      8.110     0.0068     1.8060 1.0827e-01     0.1135    97.2031     6.9156     7.2609    33.6595    33.6429    26.9834    26.9704    7.96161 0.0000e+00
      16822    242.820     0.7517     0.7355   2.877190   2.873669     2.3863     2.3542      8.113     0.0117     1.8060 1.0827e-01     0.1138    97.1945     6.9118     7.2639    33.6699    33.6419    26.9912    26.9696    7.95886 0.0000e+00
      17502    242.732     0.7511     0.7338   2.875191   2.873541     2.3852     2.3517      8.111    -0.0029     1.6876 1.0827e-01     0.1120    97.2379     6.9139     7.2441    33.6447    33.6421    26.9709    26.9699    7.96034 0.0000e+00
      17505    242.611     0.7501     0.7334   2.875102   2.873386     2.3848     2.3518      8.113    -0.0078     1.6876 1.0827e-01     0.1110    97.2640     6.9141     7.2404    33.6447    33.6406    26.9710    26.9687    7.96055 0.0000e+00
      17508    242.495     0.7477     0.7323   2.874296   2.873231     2.3843     2.3509      8.110    -0.0029     1.6876 1.0827e-01     0.1110    97.2640     6.9128     7.2351    33.6369    33.6399    26.9649    26.9682    7.96147 0.0000e+00
      17511    242.390     0.7444     0.7307   2.873986   2.872968     2.3852     2.3509      8.110    -0.0029     1.6876 1.0827e-01     0.1110    97.2640     6.9189     7.2372    33.6367    33.6383    26.9649    26.9671    7.96218 0.0000e+00
      17514    242.290     0.7420     0.7292   2.873847   2.872794     2.3856     2.3513      8.113     0.0068     1.6876 1.0827e-01     0.1110    97.2640     6.9194     7.2384    33.6374    33.6377    26.9657    26.9666    7.96263 0.0000e+00
      17517    242.196     0.7402     0.7270   2.873902   2.872271     2.3852     2.3522      8.113    -0.0029     1.6876 1.0827e-01     0.1110    97.2640     6.9149     7.2394    33.6402    33.6334    26.9680    26.9633    7.96287 0.0000e+00
      17520    242.110     0.7403     0.7212   2.873937   2.871469     2.3860     2.3509      8.111    -0.0029     1.6876 1.0827e-01     0.1110    97.2640     6.9187     7.2335    33.6406    33.6293    26.9683    26.9604    7.96283 0.0000e+00
      17523    242.037     0.7385     0.7170   2.873553   2.871091     2.3848     2.3513      8.111    -0.0029     1.6876 1.0827e-01     0.1127    97.2205     6.9166     7.2379    33.6377    33.6291    26.9661    26.9604    7.96337 0.0000e+00
      17526    241.972     0.7371     0.7151   2.873604   2.870830     2.3856     2.3513      8.110    -0.0029     1.6876 1.0827e-01     0.1135    97.2031     6.9206     7.2374    33.6398    33.6278    26.9678    26.9595    7.96353 0.0000e+00
      17529    241.911     0.7373     0.7127   2.873884   2.870538     2.3860     2.3509      8.113     0.0020     1.6876 1.0827e-01     0.1135    97.2031     6.9216     7.2391    33.6433    33.6266    26.9707    26.9587    7.96331 0.0000e+00
      17532    241.863     0.7410     0.7123   2.875159   2.870767     2.3852     2.3509      8.113     0.0020     1.6876 1.0827e-01     0.1131    97.2118     6.9156     7.2424    33.6558    33.6300    26.9805    26.9614    7.96186 0.0000e+00
      17535    241.819     0.7468     0.7129   2.875671   2.870779     2.3860     2.3526      8.108    -0.0029     1.6876 1.0827e-01     0.1131    97.2118     6.9167     7.2462    33.6561    33.6297    26.9804    26.9611    7.96062 0.0000e+00
      17538    241.783     0.7530     0.7126   2.877022   2.870770     2.3852     2.3509      8.110     0.0020     1.6876 1.0827e-01     0.1135    97.2031     6.9135     7.2419    33.6669    33.6298    26.9887    26.9613    7.95875 0.0000e+00
      17541    241.755     0.7603     0.7116   2.877545   2.870625     2.3852     2.3509      8.111    -0.0029     1.6876 1.0827e-01     0.1135    97.2031     6.9110     7.2430    33.6657    33.6291    26.9873    26.9607    7.95728 0.0000e+00
      17713    241.634     0.7394     0.7424   2.873824   2.873441     2.3880     2.3546      8.110     0.0117     1.6876 1.0827e-01     0.1131    97.2118     6.9227     7.2408    33.6404    33.6322    26.9682    26.9614    7.96302 0.0000e+00
      17716    241.457     0.7391     0.7305   2.873787   2.872400     2.3884     2.3546      8.111     0.0117     1.6876 1.0827e-01     0.1131    97.2118     6.9252     7.2401    33.6403    33.6317    26.9681    26.9618    7.96308 0.0000e+00
      17719    241.285     0.7387     0.7230   2.873644   2.871803     2.3888     2.3546      8.111     0.0117     1.6876 1.0827e-01     0.1131    97.2118     6.9273     7.2384    33.6390    33.6322    26.9671    26.9626    7.96324 0.0000e+00
      17722    241.119     0.7380     0.7218   2.873586   2.871964     2.3872     2.3546      8.111     0.0068     1.6876 1.0827e-01     0.1131    97.2118     6.9228     7.2358    33.6390    33.6357    26.9672    26.9654    7.96338 0.0000e+00
      17725    240.960     0.7373     0.7249   2.873418   2.872243     2.3876     2.3546      8.113    -0.0029     1.6876 1.0827e-01     0.1110    97.2640     6.9226     7.2319    33.6378    33.6361    26.9662    26.9656    7.96360 0.0000e+00
      17728    240.813     0.7368     0.7225   2.873365   2.871600     2.3876     2.3546      8.113    -0.0029     1.6876 1.0827e-01     0.1106    97.2727     6.9209     7.2291    33.6377    33.6304    26.9662    26.9611    7.96370 0.0000e+00
      17731    240.675     0.7359     0.7199   2.873162   2.871439     2.3864     2.3546      8.110    -0.0029     1.6876 1.0827e-01     0.1106    97.2727     6.9165     7.2265    33.6362    33.6312    26.9650    26.9620    7.96398 0.0000e+00
      17734    240.545     0.7347     0.7162   2.872965   2.870788     2.3876     2.3542      8.110    -0.0029     1.8060 1.0827e-01     0.1103    97.2813     6.9191     7.2249    33.6350    33.6269    26.9641    26.9587    7.96429 0.0000e+00
      17737    240.426     0.7337     0.7143   2.872895   2.870803     2.3876     2.3538      8.113    -0.0029     1.7665 1.0827e-01     0.1106    97.2727     6.9198     7.2234    33.6353    33.6292    26.9644    26.9607    7.96450 0.0000e+00
      17740    240.318     0.7326     0.7150   2.872707   2.870850     2.3876     2.3538      8.113    -0.0029     1.8060 1.0827e-01     0.1106    97.2727     6.9215     7.2208    33.6340    33.6292    26.9635    26.9606    7.96478 0.0000e+00
      17743    240.222     0.7306     0.7110   2.872499   2.869592     2.3880     2.3534      8.113    -0.0029     1.8060 1.0827e-01     0.1110    97.2640     6.9261     7.2203    33.6336    33.6172    26.9632    26.9512    7.96523 0.0000e+00
      17746    240.137     0.7304     0.7065   2.872556   2.869132     2.3880     2.3534      8.111    -0.0029     1.8060 1.0827e-01     0.1099    97.2900     6.9275     7.2230    33.6346    33.6162    26.9641    26.9506    7.96522 0.0000e+00
      17749    240.065     0.7312     0.7051   2.872845   2.868580     2.3872     2.3526      8.111     0.0068     1.8060 1.0827e-01     0.1099    97.2900     6.9232     7.2226    33.6375    33.6106    26.9664    26.9462    7.96489 0.0000e+00
      17752    240.000     0.7336     0.7030   2.873833   2.868800     2.3880     2.3530      8.110     0.0117     1.7665 1.0827e-01     0.1099    97.2900     6.9270     7.2277    33.6477    33.6157    26.9744    26.9505    7.96383 0.0000e+00
      17755    239.948     0.7403     0.7100   2.875005   2.869998     2.3876     2.3526      8.113     0.0117     1.8060 1.0827e-01     0.1099    97.2900     6.9237     7.2274    33.6556    33.6237    26.9804    26.9565    7.96200 0.0000e+00
      17758    239.909     0.7446     0.7145   2.874853   2.870532     2.3876     2.3534      8.113     0.0117     1.8060 1.0827e-01     0.1099    97.2900     6.9226     7.2343    33.6491    33.6257    26.9749    26.9579    7.96147 0.0000e+00
      17941    239.840     0.7143     0.7061   2.869771   2.869162     2.3901     2.3559      8.113     0.0117     1.7271 1.0827e-01     0.1120    97.2379     6.9366     7.2817    33.6162    33.6172    26.9502    26.9515    7.96958 0.0000e+00
      17944    239.688     0.7122     0.7076   2.869857   2.870126     2.3897     2.3559      8.111     0.0068     1.8060 1.0827e-01     0.1120    97.2379     6.9366     7.2802    33.6197    33.6281    26.9532    26.9602    7.96983 0.0000e+00
      17947    239.535     0.7120     0.7087   2.869978   2.869351     2.3897     2.3563      8.111     0.0166     1.8060 1.0827e-01     0.1074    97.3509     6.9360     7.2790    33.6215    33.6170    26.9546    26.9512    7.96976 0.0000e+00
      17950    239.380     0.7120     0.7042   2.869754   2.869049     2.3901     2.3571      8.113     0.0117     1.8060 1.0827e-01     0.1052    97.4030     6.9378     7.2797    33.6188    33.6181    26.9524    26.9523    7.96992 0.0000e+00
      17953    239.228     0.7114     0.7058   2.869470   2.869517     2.3889     2.3571      8.113     0.0117     1.8060 1.0827e-01     0.1049    97.4117     6.9346     7.2781    33.6158    33.6225    26.9500    26.9557    7.97020 0.0000e+00
      17956    239.077     0.7110     0.7081   2.869427   2.869621     2.3901     2.3571      8.111     0.0117     1.8060 1.0827e-01     0.1049    97.4117     6.9378     7.2760    33.6158    33.6214    26.9501    26.9548    7.97030 0.0000e+00
      17959    238.928     0.7101     0.7080   2.868809   2.869357     2.3901     2.3571      8.113     0.0117     1.8060 1.0827e-01     0.1049    97.4117     6.9381     7.2741    33.6089    33.6181    26.9445    26.9522    7.97086 0.0000e+00
