Datasets/AZMP/COO001/79001122.cnv
* Sea-Bird SBE 9 Data File:
* FileName = C:\CTDDATA\79001122.hex
* Software Version Seasave V 7.26.7.110
* Temperature SN = 5660
* Conductivity SN = 3698
* Number of Bytes Per Scan = 30
* Number of Voltage Words = 4
* Number of Scans Averaged by the Deck Unit = 1
* NMEA baud rate = 9600
** VESSEL/TRIP/SEQ STN:  79001122
** LATITUDE XX XX.XX N:  47 00.00 N
** LONGITUDE XX XX.XX W:  52 19.30 W
** SOUNDING DEPTH (M):  0129
** PROBE TYPE: S1257
** CTD NUMBER: 082
** COMMENTS (14 CHAR): FC-04
** BOTTLES:  11
** LEVELS: 5,5,10,20,20,30,40,50,75,100,BTM
** STICKERS: 435642 - 435652
** VNET: Y
** DO2: N
# nquan = 22
# nvalues = 3920                        
# units = specified
# name 0 = scan: Scan Count
# name 1 = prDM: Pressure, Digiquartz [db]
# name 2 = t090C: Temperature [ITS-90, deg C]
# name 3 = t190C: Temperature, 2 [ITS-90, deg C]
# name 4 = c0S/m: Conductivity [S/m]
# name 5 = c1S/m: Conductivity, 2 [S/m]
# name 6 = sbeox0V: Oxygen raw, SBE 43 [V]
# name 7 = sbeox1V: Oxygen raw, SBE 43, 2 [V]
# name 8 = ph: pH
# name 9 = flECO-AFL: Fluorescence, WET Labs ECO-AFL/FL [mg/m^3]
# name 10 = wetCDOM: Fluorescence, WET Labs CDOM [mg/m^3]
# name 11 = par/sat/log: PAR/Logarithmic, Satlantic [umol photons/m^2/sec]
# name 12 = CStarAt0: Beam Attenuation, WET Labs C-Star [1/m]
# name 13 = CStarTr0: Beam Transmission, WET Labs C-Star [%]
# name 14 = sbeox0ML/L: Oxygen, SBE 43 [ml/l], WS = 2
# name 15 = sbeox1ML/L: Oxygen, SBE 43, 2 [ml/l], WS = 2
# name 16 = sal00: Salinity, Practical [PSU]
# name 17 = sal11: Salinity, Practical, 2 [PSU]
# name 18 = sigma-t00: Density [sigma-t, kg/m^3 ]
# name 19 = sigma-t11: Density, 2 [sigma-t, kg/m^3 ]
# name 20 = oxsatML/L: Oxygen Saturation, Weiss [ml/l]
# name 21 = flag: flag
# span 0 =         26,      37378       
# span 1 =      0.567,    121.562       
# span 2 =    -1.0610,     3.4784       
# span 3 =    -1.0626,     3.4767       
# span 4 =   2.650408,   2.952353       
# span 5 =   2.650183,   2.952602       
# span 6 =     2.4038,     2.7701       
# span 7 =     2.3765,     2.7456       
# span 8 =      8.050,      8.186       
# span 9 =     0.0068,     0.9641       
# span 10 =    -0.7601,     3.5036      
# span 11 = 1.0790e-01, 1.6232e+02      
# span 12 =     0.0524,     1.7463      
# span 13 =    64.6251,    98.6978      
# span 14 =     6.5372,     7.9719      
# span 15 =     7.5088,     8.5819      
# span 16 =    31.0953,    33.0976      
# span 17 =    31.8952,    33.0953      
# span 18 =    24.7291,    26.6003      
# span 19 =    25.3660,    26.5954      
# span 20 =    7.51121,    8.40669      
# span 21 = 0.0000e+00, 0.0000e+00      
# interval = scans: 3                   
# start_time = Dec 08 2019 16:48:36 [System UTC, header]
# bad_flag = -9.990e-29
*END*
[from data line 2766]
      17419     70.710    -0.8144    -0.9145   2.664184   2.656681     2.5193     2.4912      8.085     0.0264     2.0429 2.1325e-01     0.0577    98.5674     7.6610     8.0562    32.6563    32.6635    26.2477    26.2570    8.35574 0.0000e+00
      17422     70.599    -0.8138    -0.9100   2.663669   2.657544     2.5189     2.4912      8.085     0.0313     2.0429 2.1894e-01     0.0574    98.5761     7.6573     8.0504    32.6488    32.6704    26.2416    26.2624    8.35604 0.0000e+00
      17425     70.487    -0.8132    -0.8958   2.664168   2.658447     2.5193     2.4912      8.085     0.0264     2.0429 2.1421e-01     0.0577    98.5674     7.6581     8.0443    32.6549    32.6673    26.2466    26.2594    8.35555 0.0000e+00
      17428     70.369    -0.8092    -0.8796   2.664510   2.660226     2.5201     2.4916      8.085     0.0264     2.0429 2.2672e-01     0.0577    98.5674     7.6600     8.0399    32.6553    32.6737    26.2467    26.2641    8.35463 0.0000e+00
      17431     70.246    -0.8055    -0.8443   2.665009   2.663144     2.5197     2.4916      8.085     0.0313     2.0429 2.2457e-01     0.0577    98.5674     7.6577     8.0274    32.6581    32.6749    26.2488    26.2638    8.35364 0.0000e+00
      17434     70.118    -0.8006    -0.8203   2.665247   2.663649     2.5205     2.4916      8.085     0.0410     2.0429 2.2877e-01     0.0577    98.5674     7.6590     8.0196    32.6561    32.6559    26.2470    26.2476    8.35264 0.0000e+00
      17437     69.986    -0.7961    -0.8204   2.665777   2.663312     2.5205     2.4912      8.085     0.0410     2.0429 2.2957e-01     0.0577    98.5674     7.6603     8.0157    32.6584    32.6515    26.2488    26.2440    8.35149 0.0000e+00
      17440     69.853    -0.7913    -0.8179   2.665777   2.663920     2.5205     2.4916      8.085     0.0410     2.0429 2.4100e-01     0.0581    98.5587     7.6596     8.0137    32.6533    32.6571    26.2444    26.2484    8.35069 0.0000e+00
      17443     69.719    -0.7874    -0.8110   2.666604   2.664760     2.5218     2.4912      8.085     0.0410     2.0429 2.3633e-01     0.0577    98.5674     7.6613     8.0086    32.6603    32.6610    26.2500    26.2514    8.34941 0.0000e+00
      17446     69.580    -0.7812    -0.7736   2.666891   2.668408     2.5209     2.4912      8.085     0.0410     2.0429 2.3878e-01     0.0577    98.5674     7.6573     7.9975    32.6575    32.6698    26.2475    26.2572    8.34817 0.0000e+00
      17449     69.445    -0.7727    -0.7398   2.667928   2.669884     2.5214     2.4916      8.085     0.0410     2.0429 2.4294e-01     0.0577    98.5674     7.6576     7.9902    32.6624    32.6531    26.2512    26.2425    8.34597 0.0000e+00
      17452     69.308    -0.7673    -0.7324   2.667557   2.669388     2.5218     2.4916      8.085     0.0410     2.0429 2.4548e-01     0.0584    98.5501     7.6572     7.9906    32.6516    32.6386    26.2422    26.2304    8.34537 0.0000e+00
      17455     69.172    -0.7653    -0.7451   2.667791   2.667227     2.5218     2.4916      8.085     0.0410     2.0429 2.5065e-01     0.0588    98.5414     7.6566     7.9990    32.6527    32.6233    26.2431    26.2185    8.34486 0.0000e+00
      17458     69.037    -0.7622    -0.7594   2.668155   2.665995     2.5218     2.4916      8.087     0.0410     2.0429 2.5593e-01     0.0588    98.5414     7.6575     8.0066    32.6543    32.6222    26.2442    26.2181    8.34406 0.0000e+00
      17461     68.902    -0.7556    -0.7604   2.669074   2.666186     2.5234     2.4912      8.085     0.0606     2.0429 2.5741e-01     0.0588    98.5414     7.6633     8.0073    32.6597    32.6259    26.2483    26.2212    8.34227 0.0000e+00
      17464     68.769    -0.7471    -0.7530   2.669576   2.666775     2.5230     2.4912      8.085     0.0557     2.0429 2.6014e-01     0.0588    98.5414     7.6602     8.0083    32.6573    32.6260    26.2461    26.2209    8.34048 0.0000e+00
      17467     68.637    -0.7414    -0.7436   2.669580   2.667443     2.5222     2.4912      8.085     0.0557     2.0429 2.5863e-01     0.0588    98.5414     7.6562     8.0115    32.6513    32.6249    26.2410    26.2197    8.33955 0.0000e+00
      17470     68.511    -0.7382    -0.7353   2.669535   2.667945     2.5242     2.4912      8.085     0.0557     2.0429 2.6167e-01     0.0588    98.5414     7.6639     8.0129    32.6472    32.6227    26.2376    26.2176    8.33905 0.0000e+00
      17473     68.388    -0.7370    -0.7304   2.669247   2.668079     2.5238     2.4912      8.085     0.0557     2.0429 2.6403e-01     0.0584    98.5501     7.6621     8.0147    32.6422    32.6194    26.2335    26.2148    8.33907 0.0000e+00
      17476     68.269    -0.7381    -0.7290   2.668846   2.668023     2.5234     2.4924      8.085     0.0557     2.0429 2.6281e-01     0.0588    98.5414     7.6616     8.0241    32.6380    32.6171    26.2302    26.2129    8.33956 0.0000e+00
      17479     68.150    -0.7395    -0.7297   2.668677   2.667827     2.5246     2.4924      8.085     0.0557     2.0429 2.6927e-01     0.0588    98.5414     7.6676     8.0268    32.6373    32.6153    26.2297    26.2115    8.33991 0.0000e+00
      17482     68.039    -0.7407    -0.7308   2.668252   2.667693     2.5254     2.4924      8.085     0.0557     2.0429 2.7147e-01     0.0588    98.5414     7.6709     8.0296    32.6330    32.6148    26.2261    26.2111    8.34043 0.0000e+00
      17485     67.931    -0.7407    -0.7323   2.668095   2.667545     2.5254     2.4924      8.087     0.0557     2.0429 2.8108e-01     0.0588    98.5414     7.6704     8.0309    32.6310    32.6145    26.2245    26.2109    8.34055 0.0000e+00
      17488     67.827    -0.7406    -0.7333   2.668017   2.667456     2.5254     2.4928      8.085     0.0557     2.0429 2.7336e-01     0.0588    98.5414     7.6689     8.0314    32.6298    32.6144    26.2236    26.2109    8.34058 0.0000e+00
      17491     67.726    -0.7408    -0.7340   2.667861   2.667394     2.5254     2.4937      8.085     0.0557     2.0429 2.7720e-01     0.0588    98.5414     7.6678     8.0324    32.6280    32.6143    26.2222    26.2109    8.34074 0.0000e+00
      17494     67.632    -0.7413    -0.7340   2.667930   2.667388     2.5258     2.4933      8.085     0.0557     2.0429 2.7244e-01     0.0588    98.5414     7.6678     8.0302    32.6295    32.6143    26.2234    26.2108    8.34076 0.0000e+00
      17497     67.543    -0.7416    -0.7345   2.667979   2.667363     2.5262     2.4937      8.085     0.0557     2.0429 2.7845e-01     0.0588    98.5414     7.6718     8.0304    32.6305    32.6146    26.2242    26.2111    8.34077 0.0000e+00
      17500     67.457    -0.7412    -0.7349   2.667997   2.667327     2.5275     2.4937      8.085     0.0557     2.0429 2.8894e-01     0.0588    98.5414     7.6758     8.0286    32.6304    32.6146    26.2241    26.2111    8.34069 0.0000e+00
      17503     67.377    -0.7407    -0.7354   2.668051   2.667273     2.5270     2.4937      8.085     0.0557     2.0429 2.7749e-01     0.0588    98.5414     7.6729     8.0271    32.6306    32.6144    26.2243    26.2110    8.34056 0.0000e+00
      17506     67.301    -0.7403    -0.7357   2.668069   2.667264     2.5279     2.4937      8.085     0.0557     2.0429 2.8629e-01     0.0588    98.5414     7.6774     8.0223    32.6305    32.6148    26.2242    26.2112    8.34048 0.0000e+00
      17509     67.229    -0.7404    -0.7370   2.667971   2.667218     2.5270     2.4941      8.085     0.0557     2.0429 3.0018e-01     0.0584    98.5501     7.6758     8.0214    32.6293    32.6155    26.2232    26.2119    8.34057 0.0000e+00
      17512     67.161    -0.7433    -0.7370   2.667751   2.667202     2.5266     2.4937      8.087     0.0459     2.0429 2.9674e-01     0.0588    98.5414     7.6765     8.0162    32.6295    32.6153    26.2235    26.2118    8.34121 0.0000e+00
      17515     67.097    -0.7506    -0.7371   2.667139   2.667191     2.5283     2.4941      8.090     0.0410     2.0429 3.0024e-01     0.0584    98.5501     7.6837     8.0131    32.6293    32.6153    26.2235    26.2118    8.34288 0.0000e+00
      17518     67.037    -0.7602    -0.7373   2.666916   2.667178     2.5287     2.4949      8.085     0.0410     2.0429 3.0229e-01     0.0581    98.5587     7.6852     8.0151    32.6367    32.6155    26.2298    26.2119    8.34462 0.0000e+00
      17521     66.980    -0.7648    -0.7378   2.667042   2.667213     2.5291     2.4949      8.087     0.0410     2.0824 2.9163e-01     0.0584    98.5501     7.6862     8.0110    32.6433    32.6165    26.2354    26.2127    8.34527 0.0000e+00
      17524     66.926    -0.7670    -0.7376   2.667133   2.667241     2.5291     2.4949      8.085     0.0410     2.1614 2.9571e-01     0.0584    98.5501     7.6837     8.0073    32.6470    32.6167    26.2385    26.2129    8.34556 0.0000e+00
      17527     66.878    -0.7677    -0.7375   2.667118   2.667239     2.5299     2.4941      8.085     0.0410     2.1614 3.0231e-01     0.0581    98.5587     7.6867     8.0004    32.6476    32.6166    26.2390    26.2128    8.34570 0.0000e+00
      17530     66.832    -0.7675    -0.7377   2.667315   2.667234     2.5299     2.4941      8.087     0.0410     2.1614 2.9604e-01     0.0584    98.5501     7.6860     7.9968    32.6501    32.6168    26.2410    26.2130    8.34551 0.0000e+00
      17533     66.787    -0.7658    -0.7380   2.667449   2.667203     2.5307     2.4945      8.087     0.0410     2.1614 2.9744e-01     0.0588    98.5414     7.6893     7.9948    32.6501    32.6167    26.2409    26.2129    8.34512 0.0000e+00
      17536     66.744    -0.7642    -0.7381   2.667530   2.667184     2.5311     2.4945      8.085     0.0410     2.1614 3.0473e-01     0.0588    98.5414     7.6877     7.9882    32.6494    32.6166    26.2404    26.2128    8.34479 0.0000e+00
      17539     66.704    -0.7644    -0.7381   2.667347   2.667186     2.5299     2.4937      8.087     0.0410     2.1614 3.0299e-01     0.0584    98.5501     7.6802     7.9786    32.6472    32.6166    26.2385    26.2128    8.34496 0.0000e+00
      17542     66.667    -0.7641    -0.7381   2.667439   2.667161     2.5307     2.4945      8.087     0.0410     2.1614 2.9814e-01     0.0588    98.5414     7.6813     7.9785    32.6482    32.6163    26.2393    26.2126    8.34484 0.0000e+00
      17545     66.635    -0.7634    -0.7383   2.667428   2.667121     2.5307     2.4937      8.085     0.0410     2.1614 3.0372e-01     0.0588    98.5414     7.6791     7.9741    32.6473    32.6160    26.2386    26.2123    8.34474 0.0000e+00
      17548     66.604    -0.7640    -0.7387   2.667299   2.667064     2.5303     2.4937      8.085     0.0410     2.0429 3.0475e-01     0.0584    98.5501     7.6778     7.9742    32.6462    32.6157    26.2377    26.2122    8.34493 0.0000e+00
      17551     66.574    -0.7644    -0.7387   2.667327   2.667105     2.5311     2.4937      8.087     0.0410     2.0429 3.0864e-01     0.0588    98.5414     7.6794     7.9748    32.6470    32.6162    26.2384    26.2125    8.34497 0.0000e+00
      17554     66.545    -0.7639    -0.7381   2.667372   2.667460     2.5315     2.4937      8.087     0.0410     2.0429 3.1261e-01     0.0581    98.5587     7.6790     7.9723    32.6471    32.6204    26.2384    26.2159    8.34485 0.0000e+00
      17557     66.518    -0.7639    -0.7376   2.667346   2.667572     2.5324     2.4933      8.085     0.0410     2.0429 3.0970e-01     0.0574    98.5761     7.6814     7.9717    32.6468    32.6213    26.2382    26.2166    8.34488 0.0000e+00
      17560     66.491    -0.7635    -0.7374   2.667420   2.667724     2.5315     2.4924      8.085     0.0361     2.0429 3.0281e-01     0.0574    98.5761     7.6790     7.9704    32.6473    32.6232    26.2386    26.2182    8.34475 0.0000e+00
      17563     66.465    -0.7633    -0.7371   2.667444   2.667816     2.5324     2.4928      8.087     0.0410     2.0429 3.0272e-01     0.0577    98.5674     7.6830     7.9737    32.6475    32.6242    26.2388    26.2189    8.34471 0.0000e+00
      17566     66.437    -0.7618    -0.7369   2.667687   2.667853     2.5315     2.4924      8.085     0.0410     2.0429 3.0650e-01     0.0570    98.5848     7.6780     7.9743    32.6492    32.6244    26.2401    26.2191    8.34427 0.0000e+00
      17569     66.409    -0.7599    -0.7368   2.667759   2.667751     2.5319     2.4924      8.085     0.0410     2.0429 2.9858e-01     0.0570    98.5848     7.6804     7.9777    32.6481    32.6230    26.2391    26.2180    8.34391 0.0000e+00
      17572     66.380    -0.7586    -0.7364   2.667819   2.667770     2.5328     2.4924      8.085     0.0410     2.0034 3.0688e-01     0.0577    98.5674     7.6827     7.9800    32.6475    32.6229    26.2386    26.2179    8.34364 0.0000e+00
      17575     66.348    -0.7574    -0.7362   2.667855   2.667878     2.5319     2.4924      8.085     0.0410     1.9245 3.0332e-01     0.0591    98.5327     7.6766     7.9830    32.6468    32.6241    26.2379    26.2188    8.34342 0.0000e+00
      17578     66.320    -0.7567    -0.7366   2.667877   2.667854     2.5319     2.4924      8.085     0.0410     1.9245 3.1521e-01     0.0598    98.5153     7.6750     7.9867    32.6462    32.6242    26.2375    26.2189    8.34328 0.0000e+00
      17581     66.285    -0.7558    -0.7371   2.667857   2.667805     2.5324     2.4924      8.087     0.0410     1.9245 3.0616e-01     0.0598    98.5153     7.6756     7.9916    32.6451    32.6241    26.2365    26.2189    8.34315 0.0000e+00
      17584     66.252    -0.7558    -0.7363   2.667774   2.667773     2.5328     2.4924      8.087     0.0410     1.9245 3.1116e-01     0.0598    98.5153     7.6790     7.9939    32.6440    32.6228    26.2356    26.2178    8.34321 0.0000e+00
      17587     66.215    -0.7557    -0.7364   2.667845   2.667700     2.5328     2.4924      8.085     0.0410     1.9245 3.1478e-01     0.0598    98.5153     7.6773     7.9941    32.6449    32.6219    26.2364    26.2171    8.34314 0.0000e+00
      17590     66.176    -0.7558    -0.7365   2.667843   2.667785     2.5328     2.4924      8.085     0.0410     1.9245 3.0936e-01     0.0598    98.5153     7.6767     7.9954    32.6449    32.6232    26.2364    26.2182    8.34315 0.0000e+00
      17593     66.136    -0.7552    -0.7367   2.667883   2.667900     2.5340     2.4924      8.085     0.0410     1.9245 3.2662e-01     0.0598    98.5153     7.6805     7.9992    32.6448    32.6250    26.2363    26.2196    8.34302 0.0000e+00
      17596     66.098    -0.7546    -0.7366   2.667893   2.667875     2.5332     2.4924      8.085     0.0410     1.9245 3.3042e-01     0.0581    98.5587     7.6768     7.9999    32.6444    32.6247    26.2359    26.2193    8.34292 0.0000e+00
      17599     66.057    -0.7544    -0.7366   2.667861   2.667774     2.5328     2.4924      8.085     0.0410     2.0035 3.0934e-01     0.0577    98.5674     7.6759     8.0021    32.6437    32.6233    26.2353    26.2182    8.34290 0.0000e+00
      17602     66.012    -0.7546    -0.7367   2.667815   2.667760     2.5328     2.4924      8.085     0.0410     2.1614 3.1625e-01     0.0577    98.5674     7.6735     8.0053    32.6433    32.6232    26.2351    26.2181    8.34297 0.0000e+00
      17605     65.964    -0.7547    -0.7368   2.667778   2.667757     2.5332     2.4928      8.085     0.0410     2.1614 3.3080e-01     0.0577    98.5674     7.6746     8.0097    32.6429    32.6234    26.2348    26.2183    8.34301 0.0000e+00
      17608     65.917    -0.7551    -0.7365   2.667699   2.667774     2.5336     2.4924      8.087     0.0410     2.1614 3.2525e-01     0.0577    98.5674     7.6749     8.0099    32.6423    32.6233    26.2343    26.2182    8.34314 0.0000e+00
      17611     65.866    -0.7556    -0.7363   2.667627   2.667797     2.5328     2.4924      8.087     0.0410     2.1614 3.2476e-01     0.0577    98.5674     7.6722     8.0112    32.6420    32.6234    26.2340    26.2182    8.34328 0.0000e+00
