Datasets/AZMP/COO001/79001021.cnv
* Sea-Bird SBE 9 Data File:
* FileName = C:\CTDDATA\79001021.hex
* Software Version Seasave V 7.26.7.110
* Temperature SN = 5660
* Conductivity SN = 3698
* Number of Bytes Per Scan = 30
* Number of Voltage Words = 4
* Number of Scans Averaged by the Deck Unit = 1
* NMEA baud rate = 9600
** VESSEL/TRIP/SEQ STN:  79001021
** LATITUDE XX XX.XX N:  46 35.00 N
** LONGITUDE XX XX.XX W:  52 56.00 W
** SOUNDING DEPTH (M):  0055
** PROBE TYPE (S1221): S1257
** CTD NUMBER: 021
** COMMENTS (14 CHAR):  SEGB-01
** BOTTLES:  14
** LEVELS: 5,5,5,5,10,20,20,20,20,30,40,BTM,BTM,BTM
** STICKERS: 434687 - 434700
** VNET: Y
** DO2: N
# nquan = 22
# nvalues = 1914                        
# units = specified
# name 0 = scan: Scan Count
# name 1 = prDM: Pressure, Digiquartz [db]
# name 2 = t090C: Temperature [ITS-90, deg C]
# name 3 = t190C: Temperature, 2 [ITS-90, deg C]
# name 4 = c0S/m: Conductivity [S/m]
# name 5 = c1S/m: Conductivity, 2 [S/m]
# name 6 = sbeox0V: Oxygen raw, SBE 43 [V]
# name 7 = sbeox1V: Oxygen raw, SBE 43, 2 [V]
# name 8 = ph: pH
# name 9 = flECO-AFL: Fluorescence, WET Labs ECO-AFL/FL [mg/m^3]
# name 10 = wetCDOM: Fluorescence, WET Labs CDOM [mg/m^3]
# name 11 = par/sat/log: PAR/Logarithmic, Satlantic [umol photons/m^2/sec]
# name 12 = CStarAt0: Beam Attenuation, WET Labs C-Star [1/m]
# name 13 = CStarTr0: Beam Transmission, WET Labs C-Star [%]
# name 14 = sbeox0ML/L: Oxygen, SBE 43 [ml/l], WS = 2
# name 15 = sbeox1ML/L: Oxygen, SBE 43, 2 [ml/l], WS = 2
# name 16 = sal00: Salinity, Practical [PSU]
# name 17 = sal11: Salinity, Practical, 2 [PSU]
# name 18 = sigma-t00: Density [sigma-t, kg/m^3 ]
# name 19 = sigma-t11: Density, 2 [sigma-t, kg/m^3 ]
# name 20 = oxsatML/L: Oxygen Saturation, Weiss [ml/l]
# name 21 = flag: flag
# span 0 =        236,      32608       
# span 1 =      0.522,     47.566       
# span 2 =     4.1493,     4.8641       
# span 3 =     3.9500,     4.8631       
# span 4 =   2.941287,   3.044672       
# span 5 =   2.989175,   3.044796       
# span 6 =     2.8230,     2.9062       
# span 7 =     2.7046,     2.7444       
# span 8 =      8.124,      8.144       
# span 9 =     0.5099,     0.9055       
# span 10 =     1.3323,     1.9245      
# span 11 = 1.0790e-01, 8.3455e+00      
# span 12 =     0.1099,     0.1911      
# span 13 =    95.3348,    97.2900      
# span 14 =     7.4743,     7.8096      
# span 15 =     6.4177,     6.6680      
# span 16 =    30.4743,    31.8416      
# span 17 =    31.6606,    31.8913      
# span 18 =    24.1033,    25.2565      
# span 19 =    25.0434,    25.3115      
# span 20 =    7.27076,    7.39042      
# span 21 = 0.0000e+00, 0.0000e+00      
# interval = scans: 3                   
# start_time = Nov 23 2019 10:30:38 [System UTC, header]
# bad_flag = -9.990e-29
*END*
[from data line 659]
       3187     36.215     4.7043     4.7008   3.038039   3.038057     2.8291     2.7314      8.140     0.6027     1.5692 1.0827e-01     0.1185    97.0815     7.5383     6.5413    31.7180    31.7216    25.1056    25.1088    7.29623 0.0000e+00
       3190     36.313     4.7037     4.7012   3.037926   3.038078     2.8291     2.7314      8.140     0.6125     1.5692 1.0815e-01     0.1185    97.0815     7.5390     6.5422    31.7173    31.7215    25.1051    25.1087    7.29639 0.0000e+00
       3193     36.415     4.7035     4.7002   3.038018   3.037923     2.8307     2.7314      8.140     0.6076     1.5692 1.0802e-01     0.1185    97.0815     7.5457     6.5431    31.7186    31.7206    25.1061    25.1081    7.29636 0.0000e+00
       3196     36.512     4.7034     4.6994   3.038042   3.037928     2.8303     2.7314      8.140     0.6076     1.5692 1.0790e-01     0.1174    97.1075     7.5458     6.5445    31.7188    31.7214    25.1063    25.1087    7.29636 0.0000e+00
       3199     36.606     4.7033     4.6990   3.038029   3.037893     2.8303     2.7314      8.140     0.6076     1.5692 1.0802e-01     0.1160    97.1423     7.5482     6.5449    31.7187    31.7213    25.1062    25.1087    7.29638 0.0000e+00
       3202     36.696     4.7033     4.6987   3.038005   3.037850     2.8299     2.7314      8.140     0.6027     1.5297 1.0802e-01     0.1160    97.1423     7.5478     6.5453    31.7185    31.7210    25.1060    25.1086    7.29640 0.0000e+00
       3205     36.785     4.7031     4.6987   3.038000   3.037868     2.8303     2.7314      8.140     0.6027     1.5692 1.0802e-01     0.1163    97.1336     7.5511     6.5456    31.7186    31.7212    25.1061    25.1087    7.29644 0.0000e+00
       3208     36.869     4.7033     4.6988   3.038042   3.037883     2.8311     2.7310      8.140     0.5978     1.5692 1.0790e-01     0.1160    97.1423     7.5554     6.5447    31.7188    31.7213    25.1063    25.1087    7.29639 0.0000e+00
       3211     36.949     4.7033     4.6986   3.038031   3.037878     2.8303     2.7314      8.140     0.6027     1.5692 1.0815e-01     0.1163    97.1336     7.5557     6.5463    31.7186    31.7213    25.1061    25.1088    7.29638 0.0000e+00
       3214     37.025     4.7036     4.6983   3.038105   3.037851     2.8311     2.7314      8.140     0.6027     1.5692 1.0790e-01     0.1163    97.1336     7.5591     6.5466    31.7192    31.7212    25.1066    25.1087    7.29631 0.0000e+00
       3217     37.096     4.7040     4.6986   3.038164   3.037893     2.8315     2.7306      8.140     0.6222     1.7665 1.0802e-01     0.1185    97.0815     7.5603     6.5447    31.7194    31.7214    25.1067    25.1089    7.29623 0.0000e+00
       3220     37.162     4.7047     4.6977   3.038183   3.037795     2.8319     2.7314      8.140     0.6418     1.8060 1.0815e-01     0.1185    97.0815     7.5634     6.5479    31.7189    31.7211    25.1062    25.1087    7.29612 0.0000e+00
       3223     37.227     4.7049     4.6970   3.038186   3.037744     2.8323     2.7314      8.140     0.6271     1.8060 1.0802e-01     0.1185    97.0815     7.5652     6.5483    31.7187    31.7212    25.1061    25.1089    7.29610 0.0000e+00
       3226     37.286     4.7049     4.6970   3.038212   3.037756     2.8323     2.7314      8.140     0.6369     1.8060 1.0827e-01     0.1185    97.0815     7.5651     6.5489    31.7190    31.7212    25.1063    25.1089    7.29609 0.0000e+00
       3229     37.336     4.7054     4.6979   3.038341   3.037846     2.8331     2.7314      8.140     0.6320     1.8060 1.0802e-01     0.1185    97.0815     7.5671     6.5500    31.7199    31.7215    25.1070    25.1090    7.29594 0.0000e+00
       3232     37.380     4.7072     4.6980   3.038725   3.037869     2.8340     2.7314      8.140     0.6320     1.8060 1.0815e-01     0.1185    97.0815     7.5684     6.5516    31.7226    31.7216    25.1090    25.1090    7.29550 0.0000e+00
       3235     37.420     4.7104     4.6996   3.038910   3.037985     2.8352     2.7314      8.140     0.6271     1.8060 1.0815e-01     0.1185    97.0815     7.5709     6.5512    31.7217    31.7214    25.1079    25.1087    7.29498 0.0000e+00
       3238     37.456     4.7130     4.7005   3.039068   3.038002     2.8340     2.7314      8.140     0.6369     1.8060 1.0802e-01     0.1185    97.0815     7.5641     6.5517    31.7210    31.7207    25.1070    25.1081    7.29454 0.0000e+00
       3241     37.487     4.7153     4.7004   3.039085   3.037975     2.8340     2.7318      8.140     0.6369     1.7271 1.0802e-01     0.1185    97.0815     7.5619     6.5536    31.7190    31.7204    25.1052    25.1079    7.29423 0.0000e+00
       3244     37.516     4.7174     4.6985   3.039427   3.037892     2.8348     2.7314      8.140     0.6515     1.6876 1.0815e-01     0.1185    97.0815     7.5620     6.5524    31.7209    31.7213    25.1065    25.1088    7.29377 0.0000e+00
       3312     37.543     4.7176     4.7016   3.039477   3.038188     2.8381     2.7318      8.140     0.6369     1.7271 1.0815e-01     0.1181    97.0902     7.5708     6.5515    31.7213    31.7218    25.1067    25.1088    7.29371 0.0000e+00
       3444     37.568     4.7137     4.7089   3.038992   3.038757     2.8450     2.7326      8.140     0.6369     1.8060 1.0815e-01     0.1174    97.1075     7.5913     6.5490    31.7194    31.7213    25.1057    25.1077    7.29450 0.0000e+00
       3447     37.593     4.7151     4.7087   3.039151   3.038781     2.8450     2.7326      8.140     0.6320     1.8060 1.0815e-01     0.1174    97.1075     7.5916     6.5490    31.7200    31.7218    25.1060    25.1081    7.29423 0.0000e+00
       3450     37.614     4.7173     4.7098   3.039481   3.038872     2.8454     2.7326      8.140     0.6320     1.8060 1.0815e-01     0.1174    97.1075     7.5926     6.5487    31.7216    31.7217    25.1071    25.1079    7.29376 0.0000e+00
       3734     37.635     4.7224     4.7098   3.039650   3.038715     2.8474     2.7318      8.140     0.6515     1.8060 1.0802e-01     0.1160    97.1423     7.5932     6.5389    31.7186    31.7199    25.1041    25.1065    7.29298 0.0000e+00
       3878     37.659     4.7237     4.7088   3.039621   3.038734     2.8486     2.7314      8.140     0.6662     1.8060 1.0815e-01     0.1153    97.1597     7.5947     6.5346    31.7171    31.7211    25.1028    25.1075    7.29283 0.0000e+00
       3881     37.685     4.7235     4.7086   3.039595   3.038727     2.8486     2.7310      8.140     0.6711     1.8060 1.0815e-01     0.1156    97.1510     7.5955     6.5338    31.7169    31.7212    25.1027    25.1077    7.29287 0.0000e+00
       3884     37.713     4.7231     4.7082   3.039565   3.038675     2.8486     2.7310      8.140     0.6564     1.8060 1.0790e-01     0.1170    97.1162     7.5946     6.5350    31.7170    31.7210    25.1028    25.1075    7.29295 0.0000e+00
       3887     37.739     4.7226     4.7108   3.039525   3.039008     2.8486     2.7314      8.140     0.6662     1.8060 1.0802e-01     0.1174    97.1075     7.5951     6.5346    31.7170    31.7223    25.1028    25.1083    7.29303 0.0000e+00
       3890     37.766     4.7226     4.7150   3.039578   3.039316     2.8486     2.7302      8.140     0.6711     1.8060 1.0790e-01     0.1174    97.1075     7.5950     6.5295    31.7176    31.7219    25.1033    25.1075    7.29301 0.0000e+00
       3893     37.799     4.7227     4.7171   3.039602   3.039379     2.8486     2.7302      8.140     0.6662     1.8060 1.0790e-01     0.1174    97.1075     7.5959     6.5284    31.7178    31.7205    25.1035    25.1062    7.29298 0.0000e+00
       3896     37.832     4.7237     4.7173   3.039734   3.039431     2.8486     2.7302      8.140     0.6711     1.7271 1.0815e-01     0.1174    97.1075     7.5963     6.5279    31.7183    31.7210    25.1038    25.1065    7.29277 0.0000e+00
       3899     37.863     4.7248     4.7149   3.039754   3.039241     2.8490     2.7302      8.140     0.7150     1.6876 1.0790e-01     0.1174    97.1075     7.5971     6.5284    31.7175    31.7210    25.1030    25.1069    7.29262 0.0000e+00
       3902     37.897     4.7250     4.7137   3.039693   3.039128     2.8486     2.7302      8.140     0.7150     1.6876 1.0802e-01     0.1174    97.1075     7.5958     6.5291    31.7165    31.7209    25.1023    25.1069    7.29263 0.0000e+00
       3905     37.933     4.7242     4.7128   3.039578   3.039022     2.8490     2.7298      8.140     0.7150     1.6876 1.0802e-01     0.1174    97.1075     7.5974     6.5291    31.7160    31.7204    25.1019    25.1066    7.29280 0.0000e+00
       3908     37.970     4.7229     4.7136   3.039439   3.039086     2.8486     2.7298      8.140     0.7297     1.6876 1.0815e-01     0.1174    97.1075     7.5971     6.5291    31.7156    31.7204    25.1017    25.1065    7.29305 0.0000e+00
       3911     38.008     4.7214     4.7140   3.039398   3.039156     2.8495     2.7294      8.140     0.7199     1.6876 1.0790e-01     0.1174    97.1075     7.5998     6.5282    31.7165    31.7208    25.1026    25.1068    7.29327 0.0000e+00
       3914     38.047     4.7209     4.7154   3.039502   3.039278     2.8490     2.7290      8.140     0.7150     1.6876 1.0790e-01     0.1174    97.1075     7.5984     6.5274    31.7181    31.7209    25.1040    25.1067    7.29327 0.0000e+00
       3917     38.091     4.7212     4.7169   3.039547   3.039418     2.8499     2.7290      8.140     0.7199     1.6876 1.0790e-01     0.1174    97.1075     7.6014     6.5274    31.7184    31.7211    25.1041    25.1067    7.29321 0.0000e+00
       3920     38.135     4.7220     4.7185   3.039692   3.039506     2.8490     2.7290      8.140     0.7199     1.6876 1.0790e-01     0.1174    97.1075     7.5986     6.5284    31.7193    31.7205    25.1047    25.1061    7.29303 0.0000e+00
       3923     38.182     4.7237     4.7187   3.039822   3.039478     2.8490     2.7290      8.140     0.7346     1.6876 1.0802e-01     0.1170    97.1162     7.5978     6.5288    31.7191    31.7199    25.1044    25.1056    7.29273 0.0000e+00
       3926     38.226     4.7251     4.7186   3.039931   3.039468     2.8490     2.7290      8.140     0.7687     1.6876 1.0790e-01     0.1163    97.1336     7.5967     6.5299    31.7191    31.7199    25.1042    25.1056    7.29249 0.0000e+00
       3929     38.271     4.7263     4.7186   3.039993   3.039490     2.8495     2.7290      8.140     0.7687     1.6876 1.0802e-01     0.1163    97.1336     7.5976     6.5317    31.7186    31.7202    25.1037    25.1058    7.29230 0.0000e+00
       3932     38.319     4.7270     4.7193   3.039954   3.039566     2.8499     2.7281      8.140     0.7687     1.6876 1.0802e-01     0.1170    97.1162     7.5976     6.5299    31.7174    31.7203    25.1027    25.1058    7.29222 0.0000e+00
       3935     38.371     4.7271     4.7189   3.039884   3.039267     2.8490     2.7286      8.140     0.7687     1.6876 1.0790e-01     0.1167    97.1249     7.5935     6.5311    31.7165    31.7172    25.1020    25.1034    7.29226 0.0000e+00
       3938     38.424     4.7267     4.7157   3.039889   3.039208     2.8495     2.7281      8.140     0.7639     1.6876 1.0802e-01     0.1163    97.1336     7.5942     6.5300    31.7169    31.7195    25.1024    25.1056    7.29231 0.0000e+00
       3941     38.475     4.7266     4.7157   3.039867   3.039240     2.8499     2.7290      8.140     0.7687     1.6876 1.0827e-01     0.1163    97.1336     7.5950     6.5325    31.7168    31.7199    25.1023    25.1059    7.29234 0.0000e+00
       3944     38.528     4.7258     4.7174   3.039713   3.039420     2.8499     2.7290      8.140     0.7639     1.6876 1.0815e-01     0.1163    97.1336     7.5951     6.5317    31.7158    31.7203    25.1015    25.1060    7.29253 0.0000e+00
       3947     38.580     4.7231     4.7188   3.039310   3.039432     2.8490     2.7281      8.140     0.7639     1.6876 1.0802e-01     0.1163    97.1336     7.5916     6.5300    31.7136    31.7191    25.1001    25.1050    7.29310 0.0000e+00
       3950     38.631     4.7205     4.7148   3.039303   3.038789     2.8495     2.7286      8.140     0.7346     1.5692 1.0802e-01     0.1163    97.1336     7.5926     6.5335    31.7160    31.7155    25.1023    25.1025    7.29345 0.0000e+00
       3953     38.680     4.7211     4.7091   3.039620   3.038546     2.8495     2.7290      8.140     0.7199     1.5692 1.0802e-01     0.1163    97.1336     7.5906     6.5371    31.7190    31.7181    25.1046    25.1051    7.29320 0.0000e+00
       3956     38.731     4.7220     4.7073   3.039665   3.038600     2.8486     2.7277      8.140     0.7150     1.5692 1.0802e-01     0.1163    97.1336     7.5879     6.5349    31.7186    31.7205    25.1042    25.1073    7.29305 0.0000e+00
       3959     38.785     4.7220     4.7068   3.039551   3.038597     2.8486     2.7277      8.140     0.7248     1.5692 1.0802e-01     0.1163    97.1336     7.5876     6.5359    31.7174    31.7209    25.1032    25.1076    7.29312 0.0000e+00
       3962     38.833     4.7219     4.7070   3.039557   3.038614     2.8490     2.7281      8.140     0.7199     1.5692 1.0802e-01     0.1167    97.1249     7.5878     6.5382    31.7175    31.7209    25.1033    25.1075    7.29313 0.0000e+00
       3965     38.885     4.7218     4.7077   3.039529   3.038710     2.8486     2.7277      8.140     0.7248     1.5692 1.0802e-01     0.1174    97.1075     7.5862     6.5375    31.7173    31.7213    25.1032    25.1078    7.29317 0.0000e+00
       3968     38.938     4.7214     4.7087   3.039471   3.038788     2.8486     2.7277      8.140     0.7150     1.5692 1.0802e-01     0.1174    97.1075     7.5864     6.5391    31.7170    31.7212    25.1030    25.1076    7.29325 0.0000e+00
       3971     38.989     4.7205     4.7094   3.039399   3.038812     2.8486     2.7286      8.140     0.7199     1.5692 1.0802e-01     0.1174    97.1075     7.5868     6.5426    31.7169    31.7207    25.1030    25.1072    7.29341 0.0000e+00
       3974     39.038     4.7199     4.7096   3.039368   3.038823     2.8486     2.7286      8.140     0.7248     1.5692 1.0790e-01     0.1174    97.1075     7.5865     6.5430    31.7172    31.7207    25.1033    25.1072    7.29351 0.0000e+00
       3977     39.086     4.7188     4.7100   3.039199   3.038910     2.8478     2.7286      8.140     0.7834     1.6876 1.0802e-01     0.1170    97.1162     7.5848     6.5442    31.7162    31.7213    25.1026    25.1076    7.29375 0.0000e+00
       3980     39.130     4.7181     4.7110   3.039189   3.038919     2.8486     2.7290      8.140     0.7932     1.6876 1.0802e-01     0.1170    97.1162     7.5882     6.5462    31.7167    31.7204    25.1031    25.1068    7.29384 0.0000e+00
       3983     39.176     4.7172     4.7102   3.039134   3.038819     2.8478     2.7290      8.140     0.7932     1.6876 1.0802e-01     0.1167    97.1249     7.5858     6.5455    31.7169    31.7200    25.1033    25.1065    7.29399 0.0000e+00
       3986     39.221     4.7164     4.7103   3.039084   3.038860     2.8478     2.7290      8.140     0.8029     1.6876 1.0802e-01     0.1153    97.1597     7.5869     6.5448    31.7171    31.7203    25.1036    25.1068    7.29413 0.0000e+00
       3989     39.262     4.7162     4.7098   3.039126   3.038811     2.8474     2.7290      8.140     0.7980     1.6876 1.0802e-01     0.1153    97.1597     7.5866     6.5444    31.7177    31.7202    25.1041    25.1067    7.29413 0.0000e+00
       3992     39.300     4.7164     4.7091   3.039188   3.038775     2.8474     2.7290      8.140     0.7980     1.6876 1.0802e-01     0.1153    97.1597     7.5885     6.5429    31.7183    31.7205    25.1045    25.1070    7.29408 0.0000e+00
       3995     39.338     4.7162     4.7091   3.039075   3.038818     2.8474     2.7290      8.140     0.8029     1.6876 1.0802e-01     0.1153    97.1597     7.5897     6.5417    31.7171    31.7209    25.1036    25.1074    7.29417 0.0000e+00
