Datasets/AZMP/COO001/79001125.cnv
* Sea-Bird SBE 9 Data File:
* FileName = C:\CTDDATA\79001125.hex
* Software Version Seasave V 7.26.7.110
* Temperature SN = 5660
* Conductivity SN = 3698
* Number of Bytes Per Scan = 30
* Number of Voltage Words = 4
* Number of Scans Averaged by the Deck Unit = 1
* NMEA baud rate = 9600
** VESSEL/TRIP/SEQ STN:  79001125
** LATITUDE XX XX.XX N:  47 00.00 N
** LONGITUDE XX XX.XX W:  52 49.90 W
** SOUNDING DEPTH (M):  0109
** PROBE TYPE: S1257
** CTD NUMBER: 085
** COMMENTS (14 CHAR): FC-01
** BOTTLES:  18
** LEVELS: 5,5,5,5,10,20,20,20,20,30,40,50,50,50,75,BTM,BTM,BTM
** STICKERS: 435676 - 435693
** VNET: Y
** DO2: N
# nquan = 22
# nvalues = 3786                        
# units = specified
# name 0 = scan: Scan Count
# name 1 = prDM: Pressure, Digiquartz [db]
# name 2 = t090C: Temperature [ITS-90, deg C]
# name 3 = t190C: Temperature, 2 [ITS-90, deg C]
# name 4 = c0S/m: Conductivity [S/m]
# name 5 = c1S/m: Conductivity, 2 [S/m]
# name 6 = sbeox0V: Oxygen raw, SBE 43 [V]
# name 7 = sbeox1V: Oxygen raw, SBE 43, 2 [V]
# name 8 = ph: pH
# name 9 = flECO-AFL: Fluorescence, WET Labs ECO-AFL/FL [mg/m^3]
# name 10 = wetCDOM: Fluorescence, WET Labs CDOM [mg/m^3]
# name 11 = par/sat/log: PAR/Logarithmic, Satlantic [umol photons/m^2/sec]
# name 12 = CStarAt0: Beam Attenuation, WET Labs C-Star [1/m]
# name 13 = CStarTr0: Beam Transmission, WET Labs C-Star [%]
# name 14 = sbeox0ML/L: Oxygen, SBE 43 [ml/l], WS = 2
# name 15 = sbeox1ML/L: Oxygen, SBE 43, 2 [ml/l], WS = 2
# name 16 = sal00: Salinity, Practical [PSU]
# name 17 = sal11: Salinity, Practical, 2 [PSU]
# name 18 = sigma-t00: Density [sigma-t, kg/m^3 ]
# name 19 = sigma-t11: Density, 2 [sigma-t, kg/m^3 ]
# name 20 = oxsatML/L: Oxygen Saturation, Weiss [ml/l]
# name 21 = flag: flag
# span 0 =        113,      44865       
# span 1 =      0.519,    101.036       
# span 2 =     0.4903,     2.8774       
# span 3 =     0.4896,     2.8807       
# span 4 =   2.766520,   2.893506       
# span 5 =   2.766494,   2.893668       
# span 6 =     2.5437,     2.7603       
# span 7 =     2.5369,     2.7281       
# span 8 =      8.094,      8.176       
# span 9 =     0.1143,     0.9983       
# span 10 =     1.6876,     2.1614      
# span 11 = 1.0532e-01, 5.2172e-01      
# span 12 =     0.0789,     0.2837      
# span 13 =    93.1537,    98.0460      
# span 14 =     6.7648,     7.7682      
# span 15 =     7.6825,     8.1418      
# span 16 =    31.7594,    32.6207      
# span 17 =    31.7675,    32.6219      
# span 18 =    25.3098,    26.1570      
# span 19 =    25.3154,    26.1620      
# span 20 =    7.63226,    8.07235      
# span 21 = 0.0000e+00, 0.0000e+00      
# interval = scans: 3                   
# start_time = Dec 08 2019 22:24:43 [System UTC, header]
# bad_flag = -9.990e-29
*END*
[from data line 1252]
       4377     80.122     2.0152     2.0139   2.864318   2.864460     2.6989     2.6679      8.141     0.3585     1.9245 1.0827e-01     0.0988    97.5594     7.6711     8.0557    32.2697    32.2729    25.7836    25.7862    7.77551 0.0000e+00
       4380     80.179     2.0145     2.0142   2.864314   2.864491     2.6981     2.6671      8.141     0.3536     1.9245 1.0815e-01     0.0992    97.5507     7.6700     8.0515    32.2704    32.2729    25.7842    25.7862    7.77562 0.0000e+00
       4383     80.233     2.0140     2.0142   2.864309   2.864531     2.6985     2.6671      8.141     0.3536     1.9245 1.0815e-01     0.0992    97.5507     7.6709     8.0508    32.2707    32.2734    25.7845    25.7866    7.77569 0.0000e+00
       4386     80.285     2.0141     2.0138   2.864365   2.864508     2.6989     2.6675      8.141     0.3634     1.8060 1.0827e-01     0.0985    97.5681     7.6720     8.0521    32.2713    32.2734    25.7849    25.7867    7.77564 0.0000e+00
       4389     80.335     2.0148     2.0131   2.864392   2.864467     2.6989     2.6671      8.141     0.3731     1.8060 1.0815e-01     0.0988    97.5594     7.6736     8.0518    32.2710    32.2737    25.7846    25.7869    7.77553 0.0000e+00
       4392     80.391     2.0155     2.0128   2.864425   2.864464     2.6985     2.6675      8.141     0.3731     1.8060 1.0827e-01     0.0988    97.5594     7.6715     8.0538    32.2707    32.2739    25.7843    25.7871    7.77541 0.0000e+00
       4395     80.440     2.0161     2.0133   2.864462   2.864521     2.6985     2.6671      8.141     0.3731     1.8060 1.0827e-01     0.0988    97.5594     7.6725     8.0523    32.2704    32.2740    25.7841    25.7872    7.77529 0.0000e+00
       4398     80.487     2.0163     2.0138   2.864404   2.864520     2.6985     2.6675      8.141     0.3731     1.8060 1.0827e-01     0.0996    97.5420     7.6729     8.0536    32.2695    32.2735    25.7833    25.7867    7.77530 0.0000e+00
       4401     80.529     2.0156     2.0134   2.864346   2.864512     2.6997     2.6667      8.141     0.3780     1.8060 1.0827e-01     0.0992    97.5507     7.6781     8.0523    32.2695    32.2738    25.7834    25.7870    7.77545 0.0000e+00
       4404     80.570     2.0153     2.0138   2.864357   2.864533     2.6993     2.6667      8.141     0.3780     1.8060 1.0827e-01     0.0992    97.5507     7.6755     8.0521    32.2699    32.2736    25.7837    25.7868    7.77549 0.0000e+00
       4407     80.611     2.0151     2.0135   2.864380   2.864498     2.6981     2.6667      8.141     0.3683     1.8060 1.0815e-01     0.0992    97.5507     7.6679     8.0501    32.2704    32.2735    25.7841    25.7867    7.77550 0.0000e+00
       4410     80.651     2.0149     2.0134   2.864356   2.864485     2.6993     2.6667      8.141     0.3780     1.8060 1.0827e-01     0.0992    97.5507     7.6698     8.0492    32.2702    32.2734    25.7840    25.7866    7.77554 0.0000e+00
       4413     80.686     2.0150     2.0136   2.864386   2.864497     2.6989     2.6671      8.141     0.3683     1.9245 1.0815e-01     0.0992    97.5507     7.6686     8.0488    32.2705    32.2733    25.7842    25.7866    7.77552 0.0000e+00
       4416     80.718     2.0150     2.0138   2.864394   2.864507     2.6989     2.6667      8.141     0.3683     1.9245 1.0827e-01     0.0988    97.5594     7.6677     8.0433    32.2705    32.2732    25.7843    25.7865    7.77550 0.0000e+00
       4419     80.751     2.0152     2.0138   2.864398   2.864529     2.6997     2.6667      8.141     0.3731     1.9245 1.0827e-01     0.0981    97.5768     7.6701     8.0417    32.2704    32.2734    25.7841    25.7867    7.77547 0.0000e+00
       4422     80.781     2.0153     2.0138   2.864393   2.864527     2.6989     2.6667      8.141     0.3731     1.9245 1.0827e-01     0.0981    97.5768     7.6659     8.0379    32.2702    32.2734    25.7840    25.7866    7.77547 0.0000e+00
       4425     80.808     2.0155     2.0144   2.864405   2.864538     2.6993     2.6667      8.141     0.3780     1.9245 1.0827e-01     0.0981    97.5768     7.6660     8.0360    32.2702    32.2729    25.7839    25.7862    7.77544 0.0000e+00
       4428     80.835     2.0156     2.0146   2.864426   2.864544     2.6981     2.6659      8.141     0.3683     1.9245 1.0827e-01     0.0981    97.5768     7.6636     8.0268    32.2703    32.2728    25.7840    25.7861    7.77540 0.0000e+00
       4431     80.858     2.0157     2.0145   2.864398   2.864531     2.6973     2.6663      8.141     0.3683     1.9245 1.0827e-01     0.0981    97.5768     7.6602     8.0264    32.2699    32.2727    25.7837    25.7861    7.77541 0.0000e+00
       4434     80.881     2.0158     2.0144   2.864436   2.864544     2.6981     2.6655      8.141     0.3683     1.9245 1.0827e-01     0.0978    97.5855     7.6608     8.0195    32.2702    32.2729    25.7839    25.7862    7.77537 0.0000e+00
       4439     80.914     2.0158     2.0142   2.864431   2.864544     2.6985     2.6647      8.141     0.3731     1.9245 1.0827e-01     0.0967    97.6116     7.6632     8.0185    32.2701    32.2731    25.7839    25.7864    7.77537 0.0000e+00
       4447     80.962     2.0154     2.0145   2.864414   2.864557     2.6981     2.6643      8.141     0.3731     1.9245 1.0827e-01     0.0967    97.6116     7.6635     8.0232    32.2703    32.2730    25.7840    25.7862    7.77544 0.0000e+00
       4463     81.064     2.0156     2.0152   2.864445   2.864597     2.6985     2.6643      8.141     0.3731     1.8850 1.0827e-01     0.0971    97.6029     7.6654     8.0467    32.2704    32.2727    25.7841    25.7860    7.77540 0.0000e+00
       4471     81.117     2.0157     2.0155   2.864438   2.864599     2.6977     2.6635      8.141     0.3731     1.8060 1.0827e-01     0.0971    97.6029     7.6633     8.0525    32.2702    32.2724    25.7839    25.7857    7.77539 0.0000e+00
       4474     81.143     2.0158     2.0154   2.864465   2.864608     2.6973     2.6643      8.141     0.3683     1.8060 1.0827e-01     0.0971    97.6029     7.6609     8.0582    32.2704    32.2726    25.7841    25.7859    7.77535 0.0000e+00
       4477     81.172     2.0158     2.0154   2.864452   2.864617     2.6977     2.6631      8.141     0.3780     1.8060 1.0827e-01     0.0971    97.6029     7.6639     8.0525    32.2702    32.2726    25.7840    25.7859    7.77537 0.0000e+00
       4480     81.197     2.0158     2.0156   2.864454   2.864631     2.6973     2.6647      8.141     0.3731     1.7665 1.0827e-01     0.0971    97.6029     7.6628     8.0603    32.2703    32.2727    25.7840    25.7859    7.77536 0.0000e+00
       4483     81.227     2.0157     2.0158   2.864442   2.864614     2.6973     2.6647      8.141     0.3731     1.8060 1.0827e-01     0.0971    97.6029     7.6632     8.0618    32.2702    32.2722    25.7839    25.7856    7.77539 0.0000e+00
       4486     81.256     2.0153     2.0151   2.864385   2.864577     2.6969     2.6631      8.141     0.3731     1.8060 1.0827e-01     0.0971    97.6029     7.6640     8.0571    32.2698    32.2724    25.7837    25.7858    7.77548 0.0000e+00
       4489     81.288     2.0147     2.0149   2.864393   2.864584     2.6977     2.6643      8.141     0.3731     1.8455 1.0815e-01     0.0971    97.6029     7.6664     8.0622    32.2706    32.2727    25.7843    25.7860    7.77558 0.0000e+00
       4492     81.324     2.0144     2.0149   2.864418   2.864590     2.6977     2.6643      8.141     0.3731     1.9245 1.0827e-01     0.0971    97.6029     7.6689     8.0642    32.2711    32.2728    25.7848    25.7861    7.77559 0.0000e+00
       4495     81.363     2.0145     2.0150   2.864424   2.864585     2.6969     2.6643      8.141     0.3634     1.9245 1.0827e-01     0.0971    97.6029     7.6692     8.0611    32.2711    32.2726    25.7848    25.7859    7.77558 0.0000e+00
       4498     81.401     2.0145     2.0151   2.864436   2.864612     2.6973     2.6643      8.141     0.3731     1.9245 1.0827e-01     0.0981    97.5768     7.6719     8.0614    32.2712    32.2728    25.7848    25.7861    7.77557 0.0000e+00
       4501     81.440     2.0147     2.0151   2.864456   2.864614     2.6981     2.6643      8.141     0.3683     1.9245 1.0827e-01     0.0981    97.5768     7.6750     8.0617    32.2712    32.2728    25.7848    25.7861    7.77553 0.0000e+00
       4504     81.480     2.0147     2.0150   2.864423   2.864616     2.6973     2.6643      8.141     0.3731     1.9245 1.0827e-01     0.0981    97.5768     7.6718     8.0602    32.2708    32.2729    25.7845    25.7861    7.77555 0.0000e+00
       4507     81.523     2.0147     2.0146   2.864435   2.864585     2.6985     2.6655      8.141     0.3780     1.9245 1.0827e-01     0.0981    97.5768     7.6743     8.0657    32.2710    32.2729    25.7846    25.7862    7.77555 0.0000e+00
       4510     81.568     2.0146     2.0140   2.864439   2.864593     2.6981     2.6643      8.141     0.3732     1.9245 1.0827e-01     0.0981    97.5768     7.6711     8.0584    32.2711    32.2736    25.7847    25.7868    7.77556 0.0000e+00
       4513     81.615     2.0146     2.0142   2.864433   2.864567     2.6973     2.6655      8.141     0.3683     1.9245 1.0827e-01     0.0981    97.5768     7.6667     8.0592    32.2709    32.2731    25.7846    25.7864    7.77556 0.0000e+00
       4516     81.659     2.0145     2.0142   2.864440   2.864582     2.6981     2.6647      8.141     0.3731     1.9245 1.0827e-01     0.0985    97.5681     7.6699     8.0510    32.2711    32.2732    25.7847    25.7865    7.77557 0.0000e+00
       4519     81.705     2.0144     2.0140   2.864433   2.864610     2.6985     2.6643      8.141     0.3536     1.9245 1.0827e-01     0.0992    97.5507     7.6716     8.0488    32.2711    32.2737    25.7847    25.7868    7.77559 0.0000e+00
       4522     81.751     2.0144     2.0140   2.864443   2.864589     2.6985     2.6655      8.141     0.3585     1.9245 1.0827e-01     0.0992    97.5507     7.6695     8.0484    32.2712    32.2734    25.7848    25.7866    7.77559 0.0000e+00
       4525     81.797     2.0146     2.0135   2.864478   2.864580     2.6977     2.6647      8.141     0.3585     1.9245 1.0827e-01     0.0992    97.5507     7.6648     8.0447    32.2715    32.2739    25.7850    25.7870    7.77554 0.0000e+00
       4528     81.844     2.0146     2.0137   2.864374   2.864611     2.6977     2.6647      8.141     0.3585     1.9245 1.0827e-01     0.0992    97.5507     7.6643     8.0425    32.2701    32.2740    25.7839    25.7872    7.77561 0.0000e+00
       4531     81.893     2.0143     2.0144   2.864462   2.864627     2.6969     2.6647      8.141     0.3634     1.9245 1.0827e-01     0.0992    97.5507     7.6600     8.0423    32.2715    32.2734    25.7851    25.7866    7.77560 0.0000e+00
       4534     81.941     2.0136     2.0139   2.864319   2.864616     2.6973     2.6643      8.141     0.3585     1.9245 1.0815e-01     0.0992    97.5507     7.6611     8.0416    32.2704    32.2737    25.7842    25.7869    7.77579 0.0000e+00
       4537     81.987     2.0123     2.0134   2.864258   2.864604     2.6977     2.6643      8.141     0.3536     1.9245 1.0827e-01     0.1003    97.5247     7.6616     8.0396    32.2709    32.2741    25.7848    25.7872    7.77603 0.0000e+00
       4540     82.033     2.0113     2.0131   2.864173   2.864565     2.6981     2.6631      8.141     0.3585     1.9245 1.0827e-01     0.0992    97.5507     7.6622     8.0406    32.2708    32.2739    25.7848    25.7871    7.77622 0.0000e+00
       4543     82.078     2.0109     2.0132   2.864168   2.864577     2.6977     2.6647      8.141     0.3634     1.9640 1.0827e-01     0.0999    97.5334     7.6618     8.0473    32.2712    32.2739    25.7851    25.7871    7.77629 0.0000e+00
       4546     82.122     2.0105     2.0142   2.864075   2.864648     2.6973     2.6631      8.141     0.3683     2.0429 1.0827e-01     0.0999    97.5334     7.6615     8.0417    32.2704    32.2738    25.7845    25.7869    7.77641 0.0000e+00
       4549     82.164     2.0096     2.0141   2.864059   2.864637     2.6969     2.6647      8.141     0.3731     2.0429 1.0827e-01     0.0996    97.5420     7.6623     8.0525    32.2712    32.2737    25.7851    25.7868    7.77656 0.0000e+00
       4552     82.204     2.0087     2.0139   2.864044   2.864630     2.6973     2.6635      8.141     0.3780     2.0429 1.0827e-01     0.1003    97.5247     7.6650     8.0498    32.2719    32.2738    25.7858    25.7869    7.77670 0.0000e+00
       4555     82.243     2.0080     2.0137   2.864126   2.864626     2.6964     2.6643      8.141     0.3780     2.0429 1.0827e-01     0.1003    97.5247     7.6622     8.0555    32.2735    32.2740    25.7871    25.7871    7.77675 0.0000e+00
       4558     82.279     2.0091     2.0131   2.864207   2.864596     2.6964     2.6639      8.141     0.3829     2.0429 1.0815e-01     0.0996    97.5420     7.6603     8.0577    32.2734    32.2742    25.7869    25.7873    7.77653 0.0000e+00
       4561     82.314     2.0095     2.0131   2.864152   2.864583     2.6969     2.6639      8.141     0.3731     2.0429 1.0827e-01     0.0985    97.5681     7.6616     8.0625    32.2724    32.2740    25.7861    25.7872    7.77652 0.0000e+00
       4564     82.351     2.0096     2.0125   2.864195   2.864536     2.6964     2.6647      8.141     0.3780     2.0429 1.0827e-01     0.0985    97.5681     7.6612     8.0677    32.2727    32.2740    25.7864    25.7872    7.77648 0.0000e+00
       4567     82.387     2.0097     2.0113   2.864240   2.864450     2.6973     2.6643      8.141     0.3731     2.0429 1.0827e-01     0.0988    97.5594     7.6674     8.0691    32.2731    32.2741    25.7867    25.7874    7.77643 0.0000e+00
       4570     82.420     2.0107     2.0098   2.864362   2.864389     2.6964     2.6643      8.141     0.3585     1.9245 1.0827e-01     0.0985    97.5681     7.6650     8.0705    32.2736    32.2749    25.7870    25.7881    7.77621 0.0000e+00
       4573     82.455     2.0106     2.0091   2.864210   2.864350     2.6973     2.6643      8.141     0.3634     1.9245 1.0827e-01     0.0988    97.5594     7.6693     8.0729    32.2718    32.2751    25.7856    25.7884    7.77632 0.0000e+00
       4576     82.487     2.0104     2.0088   2.864243   2.864302     2.6973     2.6643      8.141     0.3634     1.9245 1.0827e-01     0.0992    97.5507     7.6697     8.0768    32.2724    32.2748    25.7861    25.7881    7.77633 0.0000e+00
       4579     82.523     2.0104     2.0089   2.864280   2.864301     2.6964     2.6643      8.141     0.3634     1.9245 1.0827e-01     0.0985    97.5681     7.6674     8.0767    32.2729    32.2746    25.7865    25.7880    7.77631 0.0000e+00
       4582     82.558     2.0105     2.0091   2.864256   2.864306     2.6964     2.6659      8.141     0.3585     1.9245 1.0827e-01     0.0981    97.5768     7.6673     8.0850    32.2724    32.2745    25.7861    25.7878    7.77630 0.0000e+00
       4585     82.593     2.0102     2.0081   2.864074   2.864265     2.6964     2.6647      8.141     0.3634     1.9245 1.0827e-01     0.0981    97.5768     7.6660     8.0804    32.2704    32.2750    25.7845    25.7883    7.77647 0.0000e+00
       4588     82.628     2.0093     2.0083   2.864052   2.864287     2.6969     2.6659      8.141     0.3634     1.9245 1.0827e-01     0.0981    97.5768     7.6687     8.0863    32.2712    32.2751    25.7851    25.7884    7.77663 0.0000e+00
       4591     82.667     2.0088     2.0085   2.864049   2.864303     2.6977     2.6659      8.141     0.3585     1.9245 1.0827e-01     0.0985    97.5681     7.6731     8.0885    32.2715    32.2750    25.7855    25.7883    7.77670 0.0000e+00
