Datasets/AZMP/COO001/79001051.cnv
* Sea-Bird SBE 9 Data File:
* FileName = C:\CTDDATA\79001051.hex
* Software Version Seasave V 7.26.7.110
* Temperature SN = 5660
* Conductivity SN = 3698
* Number of Bytes Per Scan = 30
* Number of Voltage Words = 4
* Number of Scans Averaged by the Deck Unit = 1
* NMEA baud rate = 9600
** VESSEL/TRIP/SEQ STN:  79001051
** LATITUDE XX XX.XX N:  47 00.00  N
** LONGITUDE XX XX.XX W:  44 13.90 W
** SOUNDING DEPTH (M):  0278
** PROBE TYPE: S1257
** CTD NUMBER: 026
** COMMENTS (14 CHAR): FC-29
** BOTTLES:  20
** LEVELS: 5,5,5,5,10,20,20,20,20,30,40,50,50,50,75,100,100,100,150,BTM
** STICKERS: 434986 - 435005
** VNET: Y
** DO2: N
# nquan = 22
# nvalues = 6204                        
# units = specified
# name 0 = scan: Scan Count
# name 1 = prDM: Pressure, Digiquartz [db]
# name 2 = t090C: Temperature [ITS-90, deg C]
# name 3 = t190C: Temperature, 2 [ITS-90, deg C]
# name 4 = c0S/m: Conductivity [S/m]
# name 5 = c1S/m: Conductivity, 2 [S/m]
# name 6 = sbeox0V: Oxygen raw, SBE 43 [V]
# name 7 = sbeox1V: Oxygen raw, SBE 43, 2 [V]
# name 8 = ph: pH
# name 9 = flECO-AFL: Fluorescence, WET Labs ECO-AFL/FL [mg/m^3]
# name 10 = wetCDOM: Fluorescence, WET Labs CDOM [mg/m^3]
# name 11 = par/sat/log: PAR/Logarithmic, Satlantic [umol photons/m^2/sec]
# name 12 = CStarAt0: Beam Attenuation, WET Labs C-Star [1/m]
# name 13 = CStarTr0: Beam Transmission, WET Labs C-Star [%]
# name 14 = sbeox0ML/L: Oxygen, SBE 43 [ml/l], WS = 2
# name 15 = sbeox1ML/L: Oxygen, SBE 43, 2 [ml/l], WS = 2
# name 16 = sal00: Salinity, Practical [PSU]
# name 17 = sal11: Salinity, Practical, 2 [PSU]
# name 18 = sigma-t00: Density [sigma-t, kg/m^3 ]
# name 19 = sigma-t11: Density, 2 [sigma-t, kg/m^3 ]
# name 20 = oxsatML/L: Oxygen Saturation, Weiss [ml/l]
# name 21 = flag: flag
# span 0 =         80,      61346       
# span 1 =      0.315,    268.370       
# span 2 =     3.3267,     7.4791       
# span 3 =     3.3260,     7.4809       
# span 4 =   0.487751,   3.463351       
# span 5 =   0.453710,   3.463542       
# span 6 =     2.2015,     2.7884       
# span 7 =     2.1710,     2.7493       
# span 8 =      7.997,      8.195       
# span 9 =    -0.0176,     2.0533       
# span 10 =    -2.8130,   482.1870      
# span 11 = 1.0777e-01, 1.1434e+02      
# span 12 =     0.0472,     4.3437      
# span 13 =    33.7591,    98.8281      
# span 14 =     5.6492,     7.0497      
# span 15 =     5.9084,     7.9956      
# span 16 =     4.0704,    34.8655      
# span 17 =     3.7923,    34.8652      
# span 18 =     3.1119,    27.6824      
# span 19 =     2.9060,    27.6813      
# span 20 =    6.73906,    8.22340      
# span 21 = 0.0000e+00, 0.0000e+00      
# interval = scans: 3                   
# start_time = Nov 28 2019 12:25:37 [System UTC, header]
# bad_flag = -9.990e-29
*END*
[from data line 791]
       3317     63.525     5.7036     6.3589   3.306658   3.389796     2.5877     2.5482      8.131     0.5148   480.8447 2.1076e-01     0.0992    97.5507     6.3727     6.4044    33.7977    34.0764    26.6392    26.7769    7.02567 0.0000e+00
       3320     63.626     5.5092     6.4264   3.290473   3.391807     2.5848     2.5458      8.130     0.5050   480.7658 2.0215e-01     0.0992    97.5507     6.3921     6.3947    33.8090    34.0314    26.6716    26.7325    7.05786 0.0000e+00
       3323     63.725     5.3127     6.4040   3.275996   3.388901     2.5832     2.5429      8.128     0.4464   480.7658 2.0055e-01     0.0992    97.5507     6.4156     6.3954    33.8418    34.0213    26.7209    26.7275    7.08967 0.0000e+00
       3326     63.828     5.1640     6.3706   3.269015   3.386938     2.5800     2.5392      8.128     0.4171   480.8053 1.9549e-01     0.0996    97.5420     6.4251     6.3937    33.9122    34.0328    26.7940    26.7409    7.11177 0.0000e+00
       3329     63.933     5.0609     6.3803   3.263983   3.387876     2.5779     2.5368      8.124     0.4122   480.8053 1.9686e-01     0.0992    97.5507     6.4326     6.3903    33.9591    34.0335    26.8430    26.7402    7.12728 0.0000e+00
       3332     64.040     4.9825     6.3425   3.259962   3.375686     2.5751     2.5335      8.124     0.4171   480.8053 2.0123e-01     0.0967    97.6115     6.4347     6.3968    33.9925    33.9350    26.8785    26.6674    7.13921 0.0000e+00
       3335     64.153     4.9314     5.7733   3.258404   3.310317     2.5726     2.5307      8.123     0.4269   480.7658 1.9640e-01     0.0938    97.6811     6.4346     6.4866    34.0267    33.7690    26.9114    26.6077    7.14643 0.0000e+00
       3338     64.264     4.8724     5.2178   3.249864   3.276514     2.5698     2.5278      8.120     0.4171   480.7658 1.9172e-01     0.0938    97.6811     6.4396     6.5634    33.9881    33.9437    26.8875    26.8126    7.15848 0.0000e+00
       3341     64.375     4.7818     4.9445   3.240153   3.257961     2.5669     2.5254      8.120     0.4220   480.7658 1.9503e-01     0.0938    97.6811     6.4489     6.6052    33.9679    34.0081    26.8816    26.8952    7.17516 0.0000e+00
       3344     64.485     4.6965     4.7436   3.234327   3.242953     2.5649     2.5229      8.118     0.4122   480.7658 1.9147e-01     0.0938    97.6811     6.4576     6.6425    33.9875    34.0397    26.9066    26.9428    7.18911 0.0000e+00
       3347     64.597     4.6223     4.6240   3.228666   3.234840     2.5625     2.5209      8.116     0.4171   480.7658 1.8970e-01     0.0938    97.6811     6.4637     6.6743    33.9976    34.0680    26.9228    26.9785    7.20161 0.0000e+00
       3350     64.708     4.5603     4.5394   3.225429   3.228593     2.5612     2.5193      8.117     0.2804   480.7658 1.8948e-01     0.0938    97.6811     6.4722     6.7067    34.0235    34.0821    26.9502    26.9990    7.21126 0.0000e+00
       3353     64.818     4.5145     4.4845   3.222857   3.224596     2.5580     2.5168      8.112     0.2706   480.8053 1.9014e-01     0.0804    98.0113     6.4702     6.7337    34.0406    34.0919    26.9687    27.0127    7.21851 0.0000e+00
       3356     64.926     4.4804     4.4533   3.221440   3.222676     2.5547     2.5148      8.112     0.2657   480.7658 1.8557e-01     0.0772    98.0895     6.4690     6.7622    34.0591    34.1015    26.9871    27.0237    7.22362 0.0000e+00
       3359     65.034     4.4585     4.4372   3.220322   3.221190     2.5531     2.5128      8.112     0.2755   480.7658 1.9149e-01     0.0775    98.0808     6.4713     6.7888    34.0685    34.1007    26.9970    27.0248    7.22704 0.0000e+00
       3362     65.139     4.4374     4.4151   3.218543   3.219192     2.5515     2.5116      8.109     0.2657   480.8053 1.8650e-01     0.0775    98.0808     6.4732     6.8168    34.0693    34.1000    26.9999    27.0266    7.23071 0.0000e+00
       3365     65.241     4.4203     4.3988   3.217690   3.217924     2.5490     2.5103      8.108     0.2657   480.7658 1.8578e-01     0.0772    98.0895     6.4718     6.8418    34.0769    34.1019    27.0077    27.0299    7.23337 0.0000e+00
       3368     65.343     4.4076     4.3870   3.216813   3.216878     2.5474     2.5103      8.108     0.2706   375.7121 1.8796e-01     0.0772    98.0895     6.4716     6.8683    34.0797    34.1018    27.0113    27.0311    7.23548 0.0000e+00
       3371     65.442     4.3938     4.3682   3.215162   3.214286     2.5449     2.5107      8.106     0.2657    -1.7865 1.8260e-01     0.0775    98.0808     6.4703     6.8929    34.0745    34.0907    27.0087    27.0243    7.23817 0.0000e+00
       3374     65.534     4.3694     4.3228   3.211808   3.210117     2.5433     2.5116      8.103     0.2608    -2.5761 1.8178e-01     0.0733    98.1851     6.4744     6.9157    34.0604    34.0886    27.0000    27.0275    7.24318 0.0000e+00
       3377     65.628     4.3380     4.2849   3.208862   3.207491     2.5405     2.5120      8.103     0.2315    -1.7471 1.8259e-01     0.0736    98.1764     6.4753     6.9266    34.0580    34.0969    27.0015    27.0380    7.24884 0.0000e+00
       3380     65.713     4.3087     4.2635   3.206963   3.206240     2.5400     2.5128      8.103     0.2266    -1.7471 1.8116e-01     0.0733    98.1851     6.4825     6.9259    34.0661    34.1043    27.0110    27.0462    7.25367 0.0000e+00
       3383     65.799     4.2870     4.2508   3.205954   3.205464     2.5384     2.5136      8.103     0.2266    -1.7471 1.8514e-01     0.0733    98.1851     6.4840     6.9155    34.0766    34.1083    27.0217    27.0507    7.25701 0.0000e+00
       3386     65.878     4.2718     4.2435   3.205417   3.204996     2.5360     2.5132      8.103     0.2266    -1.7471 1.8666e-01     0.0736    98.1764     6.4825     6.8944    34.0859    34.1103    27.0307    27.0531    7.25926 0.0000e+00
       3389     65.953     4.2622     4.2387   3.205226   3.204722     2.5348     2.5132      8.103     0.2315    -1.7471 1.8156e-01     0.0733    98.1851     6.4834     6.8694    34.0937    34.1121    27.0378    27.0550    7.26060 0.0000e+00
       3392     66.026     4.2566     4.2371   3.205034   3.204541     2.5327     2.5132      8.103     0.2218    -1.7471 1.8323e-01     0.0729    98.1938     6.4793     6.8416    34.0971    34.1115    27.0412    27.0548    7.26142 0.0000e+00
       3395     66.093     4.2541     4.2364   3.205025   3.204479     2.5323     2.5120      8.103     0.2218    -1.7076 1.8736e-01     0.0708    98.2459     6.4801     6.8100    34.0996    34.1114    27.0434    27.0547    7.26176 0.0000e+00
       3398     66.155     4.2515     4.2353   3.204806   3.204398     2.5299     2.5091      8.103     0.2266    -1.6286 1.8368e-01     0.0711    98.2372     6.4743     6.7743    34.0997    34.1117    27.0438    27.0550    7.26222 0.0000e+00
       3401     66.215     4.2479     4.2340   3.204652   3.204160     2.5287     2.5067      8.103     0.2169    -1.6286 1.8407e-01     0.0711    98.2372     6.4715     6.7429    34.1015    34.1101    27.0456    27.0539    7.26276 0.0000e+00
       3404     66.273     4.2468     4.2295   3.204654   3.203637     2.5278     2.5038      8.103     0.2022    -1.6286 1.8411e-01     0.0711    98.2372     6.4708     6.7152    34.1026    34.1086    27.0466    27.0532    7.26290 0.0000e+00
       3407     66.329     4.2455     4.2238   3.204377   3.203361     2.5266     2.5014      8.103     0.2071    -1.6286 1.8621e-01     0.0711    98.2372     6.4690     6.6948    34.1006    34.1112    27.0452    27.0559    7.26322 0.0000e+00
       3410     66.383     4.2425     4.2196   3.204240   3.203128     2.5258     2.4998      8.103     0.2071    -1.6286 1.8622e-01     0.0711    98.2372     6.4678     6.6815    34.1022    34.1128    27.0467    27.0576    7.26369 0.0000e+00
       3413     66.432     4.2422     4.2143   3.206215   3.202656     2.5229     2.4969      8.105     0.2071    -1.6286 1.8600e-01     0.0715    98.2285     6.4580     6.6705    34.1258    34.1127    27.0655    27.0581    7.26262 0.0000e+00
       3416     66.484     4.3926     4.2118   3.233775   3.202383     2.5213     2.4961      8.103     0.2169    -1.6286 1.8322e-01     0.0708    98.2459     6.4213     6.6703    34.2940    34.1120    27.1831    27.0578    7.22790 0.0000e+00
       3419     66.530     4.4925     4.2111   3.233646   3.202316     2.5201     2.4941      8.102     0.2071    -1.6286 1.8731e-01     0.0704    98.2546     6.4056     6.6702    34.1887    34.1119    27.0887    27.0578    7.21530 0.0000e+00
       3422     66.574     4.5599     4.2088   3.241064   3.202037     2.5185     2.4916      8.105     0.2120    -1.6286 1.9213e-01     0.0704    98.2546     6.3893     6.6715    34.2059    34.1111    27.0950    27.0573    7.20265 0.0000e+00
       3425     66.622     4.6915     4.2065   3.253465   3.201956     2.5177     2.4900      8.106     0.2169    -1.6286 1.8535e-01     0.0711    98.2372     6.3651     6.6726    34.2146    34.1125    27.0874    27.0587    7.17921 0.0000e+00
       3428     66.669     4.8093     4.1999   3.263279   3.201232     2.5173     2.4883      8.106     0.3048    -1.6286 1.8052e-01     0.0704    98.2546     6.3461     6.6721    34.2073    34.1107    27.0685    27.0580    7.15906 0.0000e+00
       3431     66.715     4.8865     4.1774   3.262456   3.199375     2.5152     2.4863      8.106     0.3194    -1.6286 1.8344e-01     0.0708    98.2459     6.3323     6.6724    34.1183    34.1121    26.9892    27.0615    7.14988 0.0000e+00
       3434     66.762     4.9109     4.1611   3.258818   3.198032     2.5132     2.4851      8.106     0.3292    -1.6286 1.8219e-01     0.0697    98.2720     6.3262     6.6737    34.0511    34.1132    26.9331    27.0640    7.14882 0.0000e+00
       3437     66.811     4.9057     4.1530   3.253701   3.197338     2.5128     2.4839      8.108     0.3243    -1.6286 1.8386e-01     0.0694    98.2807     6.3296     6.6741    33.9972    34.1134    26.8909    27.0650    7.15228 0.0000e+00
       3440     66.863     4.8329     4.1437   3.249514   3.196844     2.5107     2.4814      8.111     0.3292    -1.6286 1.7947e-01     0.0694    98.2807     6.3333     6.6679    34.0231    34.1171    26.9197    27.0690    7.16367 0.0000e+00
       3443     66.919     4.8364     4.1392   3.251322   3.196433     2.5099     2.4802      8.111     0.3292    -1.6286 1.8324e-01     0.0694    98.2807     6.3281     6.6668    34.0405    34.1169    26.9330    27.0693    7.16224 0.0000e+00
       3446     66.975     4.7338     4.1326   3.230058   3.196008     2.5079     2.4786      8.111     0.3292    -1.6286 1.8282e-01     0.0694    98.2807     6.3446     6.6649    33.8983    34.1187    26.8317    27.0714    7.18684 0.0000e+00
       3449     67.034     4.5646     4.1299   3.212387   3.195843     2.5079     2.4765      8.112     0.3292    -1.6286 1.8477e-01     0.0694    98.2807     6.3727     6.6600    33.8654    34.1195    26.8242    27.0723    7.21804 0.0000e+00
       3452     67.094     4.4230     4.1243   3.205665   3.195262     2.5058     2.4749      8.112     0.3145    -1.6286 1.8301e-01     0.0697    98.2720     6.3874     6.6582    33.9321    34.1185    26.8924    27.0720    7.23982 0.0000e+00
       3455     67.158     4.3195     4.1145   3.201091   3.194461     2.5050     2.4733      8.113     0.1974    -1.6286 1.8009e-01     0.0704    98.2546     6.4009     6.6609    33.9850    34.1191    26.9455    27.0736    7.25564 0.0000e+00
       3458     67.223     4.2454     4.1050   3.198342   3.193677     2.5030     2.4721      8.111     0.1925    -1.6286 1.8218e-01     0.0708    98.2459     6.4053     6.6663    34.0292    34.1197    26.9884    27.0751    7.26669 0.0000e+00
       3461     67.291     4.1971     4.0931   3.197021   3.192669     2.5018     2.4704      8.107     0.1925    -1.6286 1.8030e-01     0.0708    98.2459     6.4077     6.6740    34.0636    34.1202    27.0209    27.0766    7.27365 0.0000e+00
       3464     67.362     4.1652     4.0777   3.195610   3.191216     2.5001     2.4684      8.104     0.1876    -1.6286 1.7761e-01     0.0704    98.2546     6.4088     6.6853    34.0799    34.1188    27.0371    27.0772    7.27854 0.0000e+00
       3467     67.433     4.1399     4.0513   3.194003   3.188692     2.4993     2.4668      8.104     0.1973    -1.6286 1.7155e-01     0.0704    98.2546     6.4107     6.7007    34.0872    34.1164    27.0456    27.0780    7.28272 0.0000e+00
       3470     67.503     4.1173     4.0251   3.192220   3.187049     2.4981     2.4660      8.101     0.1876    -1.6286 1.7558e-01     0.0708    98.2459     6.4123     6.7205    34.0895    34.1241    27.0498    27.0868    7.28665 0.0000e+00
       3473     67.574     4.0896     4.0121   3.189314   3.186296     2.4969     2.4643      8.099     0.1925    -1.6286 1.7637e-01     0.0704    98.2546     6.4144     6.7349    34.0838    34.1287    27.0481    27.0918    7.29188 0.0000e+00
       3476     67.645     4.0616     4.0036   3.187496   3.185658     2.4957     2.4639      8.096     0.1876    -1.6286 1.6938e-01     0.0687    98.2980     6.4165     6.7521    34.0914    34.1300    27.0570    27.0937    7.29653 0.0000e+00
       3479     67.718     4.0384     3.9948   3.186113   3.184815     2.4945     2.4635      8.095     0.1778    -1.6286 1.7467e-01     0.0683    98.3067     6.4175     6.7692    34.0991    34.1291    27.0656    27.0939    7.30033 0.0000e+00
       3482     67.790     4.0189     3.9751   3.184803   3.182801     2.4928     2.4635      8.095     0.1632    -1.6681 1.7618e-01     0.0683    98.3067     6.4174     6.7884    34.1038    34.1257    27.0713    27.0931    7.30360 0.0000e+00
       3485     67.862     3.9977     3.9462   3.182723   3.180616     2.4920     2.4631      8.095     0.1632    -1.6286 1.7095e-01     0.0687    98.2980     6.4196     6.8052    34.1012    34.1299    27.0714    27.0995    7.30755 0.0000e+00
       3488     67.931     3.9726     3.9229   3.180706   3.179057     2.4912     2.4639      8.092     0.1583    -1.6286 1.6997e-01     0.0683    98.3067     6.4219     6.8229    34.1033    34.1356    27.0756    27.1064    7.31195 0.0000e+00
       3491     68.000     3.9506     3.9056   3.179290   3.177714     2.4904     2.4639      8.092     0.1729    -1.6681 1.6705e-01     0.0683    98.3067     6.4232     6.8338    34.1094    34.1376    27.0827    27.1098    7.31563 0.0000e+00
       3494     68.065     3.9322     3.8900   3.178119   3.176580     2.4891     2.4639      8.090     0.1680    -1.6286 1.6384e-01     0.0672    98.3328     6.4236     6.8411    34.1146    34.1404    27.0887    27.1136    7.31869 0.0000e+00
       3497     68.129     3.9168     3.8800   3.177237   3.175823     2.4883     2.4639      8.090     0.1680    -1.7076 1.7135e-01     0.0662    98.3589     6.4259     6.8455    34.1202    34.1417    27.0947    27.1156    7.32120 0.0000e+00
       3500     68.188     3.9035     3.8692   3.176441   3.174765     2.4859     2.4639      8.090     0.1583    -1.7866 1.6209e-01     0.0662    98.3589     6.4231     6.8471    34.1245    34.1404    27.0996    27.1156    7.32340 0.0000e+00
       3503     68.246     3.8939     3.8557   3.175881   3.173793     2.4859     2.4635      8.090     0.1632    -1.7866 1.6667e-01     0.0662    98.3589     6.4263     6.8474    34.1279    34.1429    27.1032    27.1190    7.32497 0.0000e+00
       3506     68.301     3.8849     3.8429   3.175109   3.172961     2.4851     2.4639      8.087     0.1534    -1.7471 1.6478e-01     0.0662    98.3589     6.4262     6.8467    34.1281    34.1464    27.1042    27.1231    7.32658 0.0000e+00
