Datasets/AZMP/COO001/79001068.cnv
* Sea-Bird SBE 9 Data File:
* FileName = C:\CTDDATA\79001068.hex
* Software Version Seasave V 7.26.7.110
* Temperature SN = 5660
* Conductivity SN = 3698
* Number of Bytes Per Scan = 30
* Number of Voltage Words = 4
* Number of Scans Averaged by the Deck Unit = 1
* NMEA baud rate = 9600
** VESSEL/TRIP/SEQ STN:  79001068
** LATITUDE XX XX.XX N:  48 06.80 N
** LONGITUDE XX XX.XX W:  53 06.00 W
** SOUNDING DEPTH (M):  0189
** PROBE TYPE: S1257
** CTD NUMBER: 035
** COMMENTS (14 CHAR): TB-02
** BOTTLES:  0
** LEVELS:
** STICKERS:
** VNET: N
** DO2: N
# nquan = 22
# nvalues = 4962                        
# units = specified
# name 0 = scan: Scan Count
# name 1 = prDM: Pressure, Digiquartz [db]
# name 2 = t090C: Temperature [ITS-90, deg C]
# name 3 = t190C: Temperature, 2 [ITS-90, deg C]
# name 4 = c0S/m: Conductivity [S/m]
# name 5 = c1S/m: Conductivity, 2 [S/m]
# name 6 = sbeox0V: Oxygen raw, SBE 43 [V]
# name 7 = sbeox1V: Oxygen raw, SBE 43, 2 [V]
# name 8 = ph: pH
# name 9 = flECO-AFL: Fluorescence, WET Labs ECO-AFL/FL [mg/m^3]
# name 10 = wetCDOM: Fluorescence, WET Labs CDOM [mg/m^3]
# name 11 = par/sat/log: PAR/Logarithmic, Satlantic [umol photons/m^2/sec]
# name 12 = CStarAt0: Beam Attenuation, WET Labs C-Star [1/m]
# name 13 = CStarTr0: Beam Transmission, WET Labs C-Star [%]
# name 14 = sbeox0ML/L: Oxygen, SBE 43 [ml/l], WS = 2
# name 15 = sbeox1ML/L: Oxygen, SBE 43, 2 [ml/l], WS = 2
# name 16 = sal00: Salinity, Practical [PSU]
# name 17 = sal11: Salinity, Practical, 2 [PSU]
# name 18 = sigma-t00: Density [sigma-t, kg/m^3 ]
# name 19 = sigma-t11: Density, 2 [sigma-t, kg/m^3 ]
# name 20 = oxsatML/L: Oxygen Saturation, Weiss [ml/l]
# name 21 = flag: flag
# span 0 =          2,      20023       
# span 1 =      0.049,    180.491       
# span 2 =    -0.7463,     4.0607       
# span 3 =    -0.7495,     4.0586       
# span 4 =   2.677592,   2.974489       
# span 5 =   2.677689,   2.974613       
# span 6 =     2.4768,     2.7755       
# span 7 =     2.4344,     2.7307       
# span 8 =      8.031,      8.171       
# span 9 =     0.0068,     0.6271       
# span 10 =    -1.8655,   482.1870      
# span 11 = 1.0592e-01, 2.2132e+00      
# span 12 =     0.0683,     2.2477      
# span 13 =    57.0129,    98.3067      
# span 14 =     6.5450,     7.8633      
# span 15 =     7.3339,     8.2200      
# span 16 =    30.5383,    32.7081      
# span 17 =    31.6010,    32.7102      
# span 18 =    24.2347,    26.2870      
# span 19 =    25.0776,    26.2887      
# span 20 =    7.41837,    8.33774      
# span 21 = 0.0000e+00, 0.0000e+00      
# interval = scans: 3                   
# start_time = Nov 30 2019 22:57:56 [System UTC, header]
# bad_flag = -9.990e-29
*END*
[from data line 4214]
      16838     46.083     3.1822     3.2687   2.928195   2.932774     2.7544     2.7124      8.151     0.2218     1.7271 1.0790e-01     0.0832    97.9418     7.5864     7.9216    31.8985    31.8682    25.3945    25.3628    7.56736 0.0000e+00
      16841     45.972     3.1889     3.2689   2.928702   2.932722     2.7548     2.7124      8.151     0.2169     1.9245 1.0790e-01     0.0832    97.9418     7.5862     7.9216    31.8980    31.8674    25.3935    25.3621    7.56610 0.0000e+00
      16844     45.866     3.1963     3.2703   2.929068   2.932776     2.7544     2.7124      8.151     0.2266     1.9245 1.0790e-01     0.0832    97.9418     7.5842     7.9198    31.8953    31.8668    25.3906    25.3615    7.56485 0.0000e+00
      16847     45.762     3.2026     3.2717   2.929434   2.932846     2.7540     2.7124      8.151     0.2169     1.9245 1.0790e-01     0.0839    97.9244     7.5833     7.9197    31.8935    31.8663    25.3887    25.3610    7.56374 0.0000e+00
      16850     45.666     3.2058     3.2722   2.929277   2.932829     2.7540     2.7120      8.153     0.2169     1.9245 1.0790e-01     0.0864    97.8636     7.5829     7.9186    31.8884    31.8657    25.3843    25.3605    7.56338 0.0000e+00
      16853     45.575     3.2081     3.2721   2.929526   2.932810     2.7540     2.7112      8.151     0.2218     1.9245 1.0790e-01     0.0864    97.8636     7.5813     7.9166    31.8892    31.8655    25.3847    25.3603    7.56290 0.0000e+00
      16856     45.490     3.2139     3.2723   2.929891   2.932888     2.7536     2.7124      8.151     0.2218     1.9245 1.0790e-01     0.0864    97.8636     7.5774     7.9226    31.8879    31.8664    25.3832    25.3610    7.56187 0.0000e+00
      16859     45.407     3.2201     3.2734   2.930135   2.933005     2.7540     2.7124      8.153     0.2218     1.9245 1.0790e-01     0.0864    97.8636     7.5774     7.9245    31.8848    31.8667    25.3802    25.3611    7.56085 0.0000e+00
      16862     45.331     3.2218     3.2745   2.929954   2.933038     2.7527     2.7124      8.151     0.2218     1.9245 1.0790e-01     0.0864    97.8636     7.5712     7.9245    31.8810    31.8661    25.3770    25.3606    7.56073 0.0000e+00
      16865     45.261     3.2208     3.2752   2.929787   2.933135     2.7540     2.7116      8.151     0.2169     1.8850 1.0790e-01     0.0864    97.8636     7.5760     7.9227    31.8800    31.8666    25.3763    25.3609    7.56097 0.0000e+00
      16868     45.200     3.2232     3.2772   2.930207   2.933313     2.7544     2.7112      8.151     0.2218     1.8060 1.0790e-01     0.0860    97.8723     7.5750     7.9214    31.8827    31.8668    25.3783    25.3609    7.56037 0.0000e+00
      16871     45.147     3.2274     3.2797   2.930600   2.933563     2.7540     2.7116      8.151     0.2218     1.8060 1.0790e-01     0.0857    97.8809     7.5712     7.9232    31.8833    31.8673    25.3784    25.3611    7.55954 0.0000e+00
      16874     45.097     3.2273     3.2834   2.929931   2.933731     2.7527     2.7112      8.153     0.2266     1.8060 1.0790e-01     0.0853    97.8896     7.5670     7.9224    31.8754    31.8657    25.3721    25.3595    7.55996 0.0000e+00
      16877     45.055     3.2039     3.2835   2.927282   2.933623     2.7527     2.7112      8.153     0.2169     1.8060 1.0790e-01     0.0853    97.8896     7.5718     7.9218    31.8667    31.8643    25.3672    25.3584    7.56485 0.0000e+00
      16880     45.017     3.1894     3.2817   2.927557   2.933454     2.7515     2.7112      8.153     0.2315     1.8060 1.0790e-01     0.0853    97.8896     7.5712     7.9216    31.8843    31.8641    25.3824    25.3583    7.56671 0.0000e+00
      16883     44.983     3.1723     3.2797   2.925974   2.933242     2.7523     2.7112      8.153     0.2169     1.8060 1.0790e-01     0.0853    97.8896     7.5774     7.9242    31.8821    31.8636    25.3822    25.3581    7.57006 0.0000e+00
      16887     44.947     3.1469     3.2730   2.925241   2.932829     2.7519     2.7116      8.151     0.2266     1.8060 1.0790e-01     0.0839    97.9244     7.5800     7.9307    31.8984    31.8652    25.3973    25.3600    7.57407 0.0000e+00
      16910     44.901     3.1401     3.2691   2.925425   2.932583     2.7515     2.7108      8.151     0.2413     1.8455 1.0790e-01     0.0821    97.9678     7.5872     7.9343    31.9074    31.8661    25.4051    25.3610    7.57492 0.0000e+00
      16952     44.835     3.1451     3.2691   2.925738   2.932527     2.7515     2.7112      8.156     0.2218     1.9245 1.0790e-01     0.0821    97.9678     7.5994     7.9451    31.9062    31.8655    25.4037    25.3606    7.57402 0.0000e+00
      16955     44.811     3.1480     3.2682   2.926137   2.932521     2.7515     2.7112      8.153     0.2169     1.9245 1.0790e-01     0.0821    97.9678     7.5984     7.9459    31.9082    31.8664    25.4051    25.3613    7.57337 0.0000e+00
      16958     44.781     3.1550     3.2682   2.926380   2.932516     2.7519     2.7112      8.154     0.2266     1.9245 1.0790e-01     0.0818    97.9765     7.5982     7.9456    31.9042    31.8663    25.4013    25.3613    7.57225 0.0000e+00
      16961     44.750     3.1532     3.2678   2.926080   2.932466     2.7515     2.7112      8.153     0.2266     1.9245 1.0790e-01     0.0821    97.9678     7.5962     7.9469    31.9024    31.8661    25.4000    25.3612    7.57267 0.0000e+00
      16964     44.714     3.1510     3.2675   2.926045   2.932468     2.7523     2.7112      8.156     0.2266     1.9245 1.0790e-01     0.0821    97.9678     7.5996     7.9465    31.9041    31.8664    25.4016    25.3614    7.57300 0.0000e+00
      16967     44.672     3.1516     3.2675   2.926226   2.932448     2.7519     2.7116      8.156     0.2218     1.9245 1.0790e-01     0.0821    97.9678     7.5977     7.9440    31.9058    31.8662    25.4029    25.3613    7.57281 0.0000e+00
      16970     44.627     3.1537     3.2667   2.926519   2.932386     2.7523     2.7116      8.154     0.2364     1.8455 1.0790e-01     0.0832    97.9418     7.5987     7.9440    31.9073    31.8663    25.4038    25.3614    7.57233 0.0000e+00
      16973     44.577     3.1583     3.2657   2.926770   2.932394     2.7523     2.7112      8.154     0.2364     1.8060 1.0790e-01     0.0832    97.9418     7.5965     7.9434    31.9058    31.8674    25.4023    25.3624    7.57154 0.0000e+00
      16976     44.523     3.1624     3.2694   2.926898   2.932827     2.7527     2.7124      8.154     0.2315     1.8060 1.0790e-01     0.0832    97.9418     7.5960     7.9458    31.9033    31.8690    25.3999    25.3633    7.57088 0.0000e+00
      16979     44.465     3.1645     3.2701   2.926950   2.932601     2.7515     2.7120      8.151     0.2413     1.8060 1.0790e-01     0.0832    97.9418     7.5917     7.9448    31.9019    31.8656    25.3986    25.3605    7.57055 0.0000e+00
      16982     44.403     3.1660     3.2640   2.927003   2.932193     2.7519     2.7116      8.151     0.2413     1.8060 1.0790e-01     0.0832    97.9418     7.5934     7.9445    31.9010    31.8667    25.3978    25.3620    7.57030 0.0000e+00
      16985     44.336     3.1672     3.2599   2.927067   2.932068     2.7515     2.7124      8.156     0.2364     1.8060 1.0790e-01     0.0832    97.9418     7.5920     7.9476    31.9007    31.8693    25.3975    25.3644    7.57010 0.0000e+00
      16988     44.266     3.1688     3.2617   2.927179   2.932670     2.7527     2.7112      8.154     0.2413     1.8060 1.0790e-01     0.0828    97.9505     7.5957     7.9421    31.9005    31.8748    25.3971    25.3686    7.56980 0.0000e+00
      16991     44.192     3.1704     3.2741   2.927241   2.933488     2.7519     2.7116      8.154     0.2364     1.8060 1.0790e-01     0.0800    98.0200     7.5932     7.9425    31.8997    31.8724    25.3964    25.3657    7.56954 0.0000e+00
      16994     44.115     3.1709     3.2731   2.927168   2.932661     2.7527     2.7124      8.154     0.2364     1.8060 1.0790e-01     0.0800    98.0200     7.5975     7.9487    31.8983    31.8636    25.3952    25.3587    7.56951 0.0000e+00
      16997     44.036     3.1705     3.2576   2.927087   2.931884     2.7523     2.7124      8.154     0.2364     2.0034 1.0790e-01     0.0800    98.0200     7.5955     7.9519    31.8978    31.8695    25.3949    25.3648    7.56962 0.0000e+00
      17000     43.950     3.1690     3.2524   2.926938   2.931935     2.7523     2.7124      8.154     0.2413     2.0429 1.0790e-01     0.0800    98.0200     7.5973     7.9537    31.8976    31.8753    25.3948    25.3698    7.56992 0.0000e+00
      17003     43.861     3.1680     3.2664   2.926943   2.933339     2.7527     2.7124      8.154     0.2462     2.0429 1.0790e-01     0.0800    98.0200     7.5984     7.9524    31.8986    31.8784    25.3957    25.3711    7.57005 0.0000e+00
      17006     43.769     3.1670     3.2784   2.926981   2.933613     2.7536     2.7124      8.154     0.2364     2.0429 1.0790e-01     0.0800    98.0200     7.6000     7.9509    31.9001    31.8700    25.3970    25.3633    7.57016 0.0000e+00
      17009     43.675     3.1684     3.2904   2.927202   2.934414     2.7523     2.7124      8.156     0.2364     2.0429 1.0790e-01     0.0807    98.0026     7.5962     7.9488    31.9015    31.8677    25.3980    25.3605    7.56984 0.0000e+00
      17012     43.577     3.1724     3.2995   2.927555   2.934829     2.7531     2.7128      8.156     0.2364     2.0429 1.0790e-01     0.0818    97.9765     7.5970     7.9462    31.9018    31.8638    25.3979    25.3566    7.56905 0.0000e+00
      17015     43.478     3.1763     3.3048   2.927611   2.935011     2.7531     2.7136      8.154     0.2364     2.0429 1.0790e-01     0.0821    97.9678     7.5979     7.9419    31.8987    31.8609    25.3950    25.3537    7.56847 0.0000e+00
      17018     43.378     3.1772     3.3063   2.927527   2.934974     2.7536     2.7132      8.154     0.2364     2.0429 1.0790e-01     0.0818    97.9765     7.5990     7.9361    31.8969    31.8590    25.3935    25.3521    7.56840 0.0000e+00
      17021     43.277     3.1786     3.3038   2.927743   2.934642     2.7523     2.7136      8.154     0.2169     2.0429 1.0790e-01     0.0825    97.9591     7.5940     7.9348    31.8981    31.8575    25.3944    25.3511    7.56806 0.0000e+00
      17024     43.174     3.1816     3.2981   2.927890   2.934258     2.7540     2.7136      8.156     0.2022     2.0429 1.0790e-01     0.0821    97.9678     7.5991     7.9304    31.8969    31.8586    25.3932    25.3525    7.56755 0.0000e+00
      17027     43.074     3.1837     3.2917   2.927935   2.933933     2.7519     2.7136      8.156     0.2120     2.0429 1.0790e-01     0.0821    97.9678     7.5915     7.9283    31.8955    31.8610    25.3919    25.3550    7.56722 0.0000e+00
      17030     42.973     3.1867     3.2890   2.928278   2.933886     2.7540     2.7136      8.153     0.2120     2.0429 1.0790e-01     0.0821    97.9678     7.5972     7.9237    31.8967    31.8631    25.3926    25.3570    7.56660 0.0000e+00
      17033     42.874     3.1906     3.2779   2.928314   2.932785     2.7535     2.7136      8.154     0.2169     2.0429 1.0790e-01     0.0821    97.9678     7.5955     7.9214    31.8933    31.8610    25.3896    25.3562    7.56602 0.0000e+00
      17036     42.778     3.1911     3.2506   2.928173   2.931132     2.7536     2.7124      8.156     0.2071     2.0429 1.0790e-01     0.0821    97.9678     7.5946     7.9184    31.8912    31.8680    25.3879    25.3642    7.56604 0.0000e+00
      17039     42.683     3.1926     3.2413   2.928403   2.931167     2.7544     2.7124      8.154     0.2071     2.0429 1.0790e-01     0.0821    97.9678     7.5974     7.9174    31.8925    31.8777    25.3887    25.3727    7.56568 0.0000e+00
      17042     42.587     3.1962     3.2496   2.928765   2.932008     2.7540     2.7124      8.154     0.2071     2.0429 1.0790e-01     0.0821    97.9678     7.5961     7.9150    31.8934    31.8797    25.3891    25.3735    7.56496 0.0000e+00
      17045     42.496     3.2006     3.2660   2.929049   2.933041     2.7536     2.7120      8.156     0.2120     2.0429 1.0790e-01     0.0821    97.9678     7.5939     7.9095    31.8925    31.8760    25.3880    25.3692    7.56417 0.0000e+00
      17048     42.411     3.2051     3.2854   2.929294   2.934490     2.7548     2.7116      8.156     0.2218     1.9640 1.0790e-01     0.0821    97.9678     7.5965     7.9051    31.8910    31.8743    25.3864    25.3661    7.56338 0.0000e+00
      17051     42.325     3.2096     3.3050   2.929603   2.935402     2.7536     2.7120      8.156     0.2266     1.9245 1.0790e-01     0.0832    97.9418     7.5923     7.9058    31.8904    31.8659    25.3856    25.3578    7.56257 0.0000e+00
      17054     42.242     3.2169     3.3153   2.930235   2.935482     2.7540     2.7116      8.156     0.2218     1.9245 1.0790e-01     0.0832    97.9418     7.5907     7.9085    31.8908    31.8568    25.3853    25.3496    7.56116 0.0000e+00
      17057     42.166     3.2245     3.3157   2.930547   2.935250     2.7540     2.7112      8.156     0.2266     1.9245 1.0790e-01     0.0832    97.9418     7.5907     7.9155    31.8871    31.8537    25.3817    25.3470    7.55991 0.0000e+00
      17060     42.093     3.2341     3.3150   2.931514   2.935139     2.7544     2.7116      8.156     0.2266     1.9245 1.0790e-01     0.0832    97.9418     7.5885     7.9254    31.8892    31.8531    25.3825    25.3466    7.55797 0.0000e+00
      17063     42.025     3.2467     3.3147   2.931999   2.935062     2.7544     2.7112      8.155     0.2218     1.9245 1.0790e-01     0.0832    97.9418     7.5870     7.9299    31.8827    31.8525    25.3762    25.3462    7.55592 0.0000e+00
      17066     41.959     3.2531     3.3147   2.932131   2.935025     2.7544     2.7112      8.155     0.2169     1.9245 1.0790e-01     0.0832    97.9418     7.5866     7.9357    31.8780    31.8520    25.3719    25.3458    7.55493 0.0000e+00
      17069     41.897     3.2567     3.3091   2.932002   2.934702     2.7552     2.7112      8.155     0.2266     1.9245 1.0790e-01     0.0836    97.9331     7.5899     7.9448    31.8730    31.8538    25.3676    25.3477    7.55451 0.0000e+00
      17072     41.838     3.2560     3.3082   2.931733   2.934769     2.7544     2.7112      8.155     0.2266     1.9245 1.0790e-01     0.0850    97.8983     7.5883     7.9501    31.8705    31.8555    25.3656    25.3491    7.55477 0.0000e+00
      17075     41.779     3.2545     3.3087   2.931500   2.934680     2.7556     2.7120      8.155     0.2071     1.9245 1.0790e-01     0.0846    97.9070     7.5936     7.9592    31.8691    31.8539    25.3647    25.3478    7.55511 0.0000e+00
      17078     41.723     3.2527     3.3087   2.931338   2.934623     2.7552     2.7124      8.155     0.2071     1.9245 1.0790e-01     0.0846    97.9070     7.5907     7.9667    31.8690    31.8533    25.3648    25.3474    7.55546 0.0000e+00
      17081     41.669     3.2482     3.3059   2.930978   2.934532     2.7552     2.7136      8.155     0.2071     1.9245 1.0790e-01     0.0850    97.8983     7.5900     7.9760    31.8691    31.8550    25.3653    25.3490    7.55631 0.0000e+00
      17084     41.618     3.2413     3.3027   2.930269   2.934251     2.7548     2.7136      8.154     0.2120     1.9245 1.0790e-01     0.0850    97.8983     7.5892     7.9792    31.8674    31.8548    25.3645    25.3491    7.55770 0.0000e+00
      17087     41.569     3.2256     3.2986   2.928529   2.934139     2.7556     2.7136      8.154     0.2071     1.9245 1.0790e-01     0.0850    97.8983     7.5944     7.9804    31.8621    31.8575    25.3616    25.3516    7.56096 0.0000e+00
      17090     41.520     3.2049     3.3053   2.927723   2.934550     2.7556     2.7140      8.156     0.2120     1.9245 1.0790e-01     0.0881    97.8201     7.5966     7.9790    31.8729    31.8558    25.3720    25.3497    7.56435 0.0000e+00
