Datasets/AZMP/COO001/79001029.cnv
* Sea-Bird SBE 9 Data File:
* FileName = C:\CTDDATA\79001029.hex
* Software Version Seasave V 7.26.7.110
* Temperature SN = 5660
* Conductivity SN = 3698
* Number of Bytes Per Scan = 30
* Number of Voltage Words = 4
* Number of Scans Averaged by the Deck Unit = 1
* NMEA baud rate = 9600
** VESSEL/TRIP/SEQ STN:  79001029
** LATITUDE XX XX.XX N:  44 00.00 N
** LONGITUDE XX XX.XX W:  50 48.50 W
** SOUNDING DEPTH (M):  0074
** PROBE TYPE: S1257
** CTD NUMBER: 016
** COMMENTS (14 CHAR): SEGB-11
** BOTTLES:  9
** LEVELS: 5,5,10,20,20,30,40,50,BTM
** STICKERS: 434793 - 434801
** VNET: Y
** DO2: N
# nquan = 22
# nvalues = 1858                        
# units = specified
# name 0 = scan: Scan Count
# name 1 = prDM: Pressure, Digiquartz [db]
# name 2 = t090C: Temperature [ITS-90, deg C]
# name 3 = t190C: Temperature, 2 [ITS-90, deg C]
# name 4 = c0S/m: Conductivity [S/m]
# name 5 = c1S/m: Conductivity, 2 [S/m]
# name 6 = sbeox0V: Oxygen raw, SBE 43 [V]
# name 7 = sbeox1V: Oxygen raw, SBE 43, 2 [V]
# name 8 = ph: pH
# name 9 = flECO-AFL: Fluorescence, WET Labs ECO-AFL/FL [mg/m^3]
# name 10 = wetCDOM: Fluorescence, WET Labs CDOM [mg/m^3]
# name 11 = par/sat/log: PAR/Logarithmic, Satlantic [umol photons/m^2/sec]
# name 12 = CStarAt0: Beam Attenuation, WET Labs C-Star [1/m]
# name 13 = CStarTr0: Beam Transmission, WET Labs C-Star [%]
# name 14 = sbeox0ML/L: Oxygen, SBE 43 [ml/l], WS = 2
# name 15 = sbeox1ML/L: Oxygen, SBE 43, 2 [ml/l], WS = 2
# name 16 = sal00: Salinity, Practical [PSU]
# name 17 = sal11: Salinity, Practical, 2 [PSU]
# name 18 = sigma-t00: Density [sigma-t, kg/m^3 ]
# name 19 = sigma-t11: Density, 2 [sigma-t, kg/m^3 ]
# name 20 = oxsatML/L: Oxygen Saturation, Weiss [ml/l]
# name 21 = flag: flag
# span 0 =         57,      27179       
# span 1 =      2.625,     68.573       
# span 2 =     3.8700,     7.4118       
# span 3 =     3.8685,     7.4095       
# span 4 =   3.042200,   3.302445       
# span 5 =   3.042152,   3.302781       
# span 6 =     2.4428,     2.9807       
# span 7 =     2.2503,     2.7523       
# span 8 =      7.961,      8.162       
# span 9 =     0.2022,     1.6967       
# span 10 =     1.4507,     2.5167      
# span 11 = 1.0715e-01, 8.7343e-01      
# span 12 =     0.1787,     0.7464      
# span 13 =    82.9780,    95.6303      
# span 14 =     6.4125,     7.8327      
# span 15 =     5.2168,     6.4761      
# span 16 =    32.0737,    32.6607      
# span 17 =    32.1146,    32.6114      
# span 18 =    25.0959,    25.9180      
# span 19 =    25.0989,    25.8896      
# span 20 =    6.82278,    7.40481      
# span 21 = 0.0000e+00, 0.0000e+00      
# interval = scans: 3                   
# start_time = Nov 24 2019 23:21:47 [System UTC, header]
# bad_flag = -9.990e-29
*END*
[from data line 1647]
      20354     15.805     7.4082     7.4092   3.302253   3.302504     2.9404     2.7434      8.162     1.0178     1.5692 1.0765e-01     0.1926    95.3001     7.2942     6.1066    32.1281    32.1298    25.1021    25.1034    6.82339 0.0000e+00
      20357     15.730     7.4084     7.4091   3.302264   3.302484     2.9396     2.7438      8.162     1.0130     1.5692 1.0765e-01     0.1922    95.3088     7.2923     6.1065    32.1280    32.1297    25.1020    25.1032    6.82336 0.0000e+00
      20360     15.656     7.4085     7.4091   3.302275   3.302490     2.9388     2.7438      8.162     1.0130     1.5692 1.0765e-01     0.1915    95.3261     7.2900     6.1049    32.1280    32.1298    25.1020    25.1033    6.82333 0.0000e+00
      20363     15.582     7.4089     7.4093   3.302273   3.302482     2.9384     2.7438      8.162     1.0178     1.5692 1.0752e-01     0.1918    95.3175     7.2897     6.1041    32.1277    32.1296    25.1017    25.1032    6.82329 0.0000e+00
      20366     15.506     7.4089     7.4095   3.302238   3.302501     2.9376     2.7438      8.162     1.0081     1.5692 1.0765e-01     0.1918    95.3175     7.2882     6.1031    32.1274    32.1297    25.1014    25.1032    6.82330 0.0000e+00
      20369     15.429     7.4089     7.4092   3.302234   3.302468     2.9372     2.7434      8.162     0.9983     1.5692 1.0752e-01     0.1922    95.3088     7.2890     6.1012    32.1274    32.1296    25.1014    25.1032    6.82331 0.0000e+00
      20372     15.353     7.4089     7.4089   3.302247   3.302437     2.9364     2.7438      8.162     0.9544     1.5692 1.0752e-01     0.1926    95.3001     7.2886     6.1015    32.1275    32.1296    25.1015    25.1032    6.82329 0.0000e+00
      20375     15.278     7.4090     7.4084   3.302286   3.302378     2.9355     2.7438      8.162     0.9592     1.5692 1.0752e-01     0.1944    95.2566     7.2892     6.1011    32.1279    32.1294    25.1018    25.1031    6.82327 0.0000e+00
      20378     15.203     7.4091     7.4079   3.302305   3.302335     2.9355     2.7434      8.162     0.9544     1.5692 1.0752e-01     0.1944    95.2566     7.2921     6.1002    32.1280    32.1294    25.1019    25.1032    6.82324 0.0000e+00
      20381     15.125     7.4095     7.4076   3.302289   3.302328     2.9351     2.7430      8.162     0.9495     1.5692 1.0752e-01     0.1944    95.2566     7.2934     6.0995    32.1276    32.1297    25.1015    25.1035    6.82320 0.0000e+00
      20384     15.049     7.4094     7.4076   3.302270   3.302314     2.9343     2.7426      8.162     0.9592     1.5692 1.0765e-01     0.1944    95.2566     7.2926     6.0988    32.1274    32.1296    25.1014    25.1034    6.82322 0.0000e+00
      20387     14.975     7.4093     7.4075   3.302268   3.302320     2.9339     2.7438      8.162     0.9544     1.5692 1.0765e-01     0.1944    95.2566     7.2930     6.1027    32.1276    32.1298    25.1016    25.1036    6.82324 0.0000e+00
      20390     14.901     7.4093     7.4074   3.302253   3.302301     2.9335     2.7434      8.162     0.9592     1.5692 1.0752e-01     0.1944    95.2566     7.2939     6.1027    32.1274    32.1297    25.1014    25.1035    6.82324 0.0000e+00
      20393     14.826     7.4093     7.4074   3.302259   3.302327     2.9339     2.7438      8.162     0.9592     1.5692 1.0765e-01     0.1937    95.2740     7.2971     6.1055    32.1275    32.1301    25.1015    25.1038    6.82324 0.0000e+00
      20396     14.753     7.4091     7.4076   3.302245   3.302314     2.9331     2.7438      8.162     1.0716     1.5692 1.0752e-01     0.1922    95.3088     7.2968     6.1067    32.1276    32.1297    25.1015    25.1034    6.82326 0.0000e+00
      20399     14.685     7.4092     7.4075   3.302232   3.302320     2.9331     2.7438      8.162     1.1643     1.5692 1.0752e-01     0.1922    95.3088     7.2985     6.1082    32.1274    32.1299    25.1015    25.1037    6.82326 0.0000e+00
      20402     14.615     7.4089     7.4076   3.302224   3.302322     2.9331     2.7438      8.162     1.1595     1.6087 1.0752e-01     0.1922    95.3088     7.3001     6.1092    32.1276    32.1299    25.1016    25.1036    6.82329 0.0000e+00
      20405     14.550     7.4090     7.4079   3.302217   3.302347     2.9331     2.7438      8.162     1.1692     1.6876 1.0765e-01     0.1922    95.3088     7.3018     6.1093    32.1275    32.1299    25.1015    25.1036    6.82329 0.0000e+00
      20408     14.488     7.4089     7.4082   3.302219   3.302352     2.9323     2.7438      8.162     1.1546     1.6876 1.0752e-01     0.1922    95.3088     7.3010     6.1088    32.1276    32.1298    25.1016    25.1034    6.82329 0.0000e+00
      20411     14.425     7.4088     7.4082   3.302187   3.302350     2.9323     2.7438      8.162     1.1643     1.6876 1.0765e-01     0.1922    95.3088     7.3014     6.1081    32.1274    32.1297    25.1014    25.1034    6.82331 0.0000e+00
      20414     14.365     7.4088     7.4081   3.302203   3.302348     2.9327     2.7446      8.162     1.1595     1.6876 1.0752e-01     0.1904    95.3522     7.3031     6.1102    32.1276    32.1298    25.1017    25.1035    6.82332 0.0000e+00
      20417     14.305     7.4087     7.4082   3.302227   3.302370     2.9323     2.7450      8.162     1.1595     1.6876 1.0765e-01     0.1893    95.3783     7.3017     6.1108    32.1280    32.1299    25.1019    25.1036    6.82331 0.0000e+00
      20420     14.252     7.4089     7.4085   3.302236   3.302390     2.9327     2.7450      8.162     1.1546     1.6876 1.0765e-01     0.1889    95.3870     7.3029     6.1103    32.1279    32.1300    25.1018    25.1036    6.82328 0.0000e+00
      20423     14.200     7.4091     7.4085   3.302228   3.302388     2.9323     2.7450      8.162     1.2034     1.6876 1.0752e-01     0.1893    95.3783     7.3008     6.1098    32.1277    32.1299    25.1016    25.1035    6.82326 0.0000e+00
      20426     14.153     7.4091     7.4084   3.302224   3.302358     2.9327     2.7450      8.162     1.2034     1.6876 1.0765e-01     0.1893    95.3783     7.3011     6.1088    32.1277    32.1297    25.1016    25.1034    6.82326 0.0000e+00
      20429     14.108     7.4091     7.4087   3.302201   3.302385     2.9327     2.7450      8.162     1.2083     1.5692 1.0752e-01     0.1893    95.3783     7.3010     6.1075    32.1274    32.1298    25.1015    25.1034    6.82328 0.0000e+00
      20432     14.067     7.4090     7.4090   3.302207   3.302421     2.9323     2.7450      8.162     1.2083     1.5692 1.0752e-01     0.1893    95.3783     7.2994     6.1059    32.1276    32.1299    25.1016    25.1034    6.82328 0.0000e+00
      20435     14.029     7.4088     7.4090   3.302192   3.302409     2.9323     2.7450      8.162     1.2083     1.5692 1.0752e-01     0.1915    95.3261     7.2990     6.1032    32.1276    32.1298    25.1017    25.1034    6.82331 0.0000e+00
      20438     13.994     7.4088     7.4091   3.302189   3.302376     2.9319     2.7450      8.162     1.2083     1.5692 1.0752e-01     0.1911    95.3348     7.2975     6.1008    32.1276    32.1293    25.1016    25.1030    6.82331 0.0000e+00
      20441     13.962     7.4088     7.4092   3.302197   3.302407     2.9315     2.7450      8.162     1.2083     1.5692 1.0777e-01     0.1911    95.3348     7.2959     6.0994    32.1277    32.1297    25.1018    25.1032    6.82331 0.0000e+00
      20444     13.931     7.4088     7.4090   3.302194   3.302368     2.9315     2.7450      8.162     1.2034     1.5692 1.0752e-01     0.1911    95.3348     7.2956     6.0986    32.1277    32.1294    25.1017    25.1031    6.82331 0.0000e+00
      20447     13.903     7.4088     7.4086   3.302190   3.302364     2.9307     2.7450      8.162     1.2083     1.5692 1.0752e-01     0.1918    95.3175     7.2938     6.0984    32.1277    32.1297    25.1017    25.1034    6.82331 0.0000e+00
      20450     13.875     7.4088     7.4085   3.302182   3.302350     2.9307     2.7446      8.162     1.2132     1.5692 1.0752e-01     0.1918    95.3175     7.2937     6.0970    32.1276    32.1297    25.1016    25.1033    6.82331 0.0000e+00
      20473     13.782     7.4087     7.4084   3.302194   3.302346     2.9311     2.7446      8.162     1.2278     1.5692 1.0752e-01     0.1933    95.2827     7.2970     6.0922    32.1279    32.1298    25.1018    25.1034    6.82332 0.0000e+00
      20515     13.624     7.4087     7.4081   3.302184   3.302313     2.9307     2.7430      8.162     1.2523     1.5692 1.0752e-01     0.1940    95.2653     7.2987     6.0778    32.1278    32.1298    25.1018    25.1035    6.82331 0.0000e+00
      20518     13.599     7.4087     7.4081   3.302190   3.302305     2.9307     2.7426      8.162     1.2572     1.5692 1.0752e-01     0.1922    95.3088     7.2979     6.0783    32.1279    32.1297    25.1019    25.1034    6.82331 0.0000e+00
      20521     13.570     7.4087     7.4081   3.302186   3.302301     2.9307     2.7426      8.162     1.2572     1.5692 1.0752e-01     0.1922    95.3088     7.2971     6.0812    32.1278    32.1296    25.1018    25.1033    6.82331 0.0000e+00
      20524     13.538     7.4087     7.4082   3.302175   3.302309     2.9307     2.7418      8.162     1.2621     1.5692 1.0752e-01     0.1922    95.3088     7.2967     6.0823    32.1278    32.1297    25.1018    25.1033    6.82332 0.0000e+00
      20527     13.503     7.4087     7.4081   3.302165   3.302328     2.9307     2.7414      8.162     1.1155     1.5692 1.0765e-01     0.1926    95.3001     7.2961     6.0847    32.1277    32.1300    25.1017    25.1036    6.82332 0.0000e+00
      20530     13.465     7.4086     7.4082   3.302155   3.302299     2.9307     2.7418      8.162     1.0130     1.5692 1.0752e-01     0.1922    95.3088     7.2954     6.0888    32.1277    32.1296    25.1018    25.1033    6.82334 0.0000e+00
      20533     13.423     7.4085     7.4081   3.302138   3.302309     2.9303     2.7426      8.162     1.0130     1.5692 1.0752e-01     0.1922    95.3088     7.2939     6.0938    32.1276    32.1298    25.1017    25.1034    6.82336 0.0000e+00
      20536     13.374     7.4085     7.4082   3.302148   3.302315     2.9298     2.7418      8.162     1.0130     1.5692 1.0752e-01     0.1944    95.2566     7.2921     6.0942    32.1277    32.1298    25.1018    25.1035    6.82335 0.0000e+00
      20539     13.322     7.4084     7.4083   3.302138   3.302311     2.9298     2.7418      8.162     1.0178     1.5692 1.0765e-01     0.1948    95.2479     7.2913     6.0968    32.1277    32.1297    25.1018    25.1033    6.82336 0.0000e+00
      20542     13.269     7.4084     7.4085   3.302152   3.302322     2.9298     2.7426      8.162     1.0130     1.5692 1.0765e-01     0.1944    95.2566     7.2913     6.1014    32.1279    32.1296    25.1019    25.1033    6.82336 0.0000e+00
      20545     13.212     7.4085     7.4088   3.302152   3.302340     2.9294     2.7426      8.162     1.0130     1.5692 1.0752e-01     0.1948    95.2479     7.2901     6.1034    32.1279    32.1296    25.1019    25.1032    6.82335 0.0000e+00
      20548     13.145     7.4085     7.4085   3.302128   3.302330     2.9298     2.7422      8.162     1.0178     1.5692 1.0765e-01     0.1948    95.2479     7.2917     6.1034    32.1277    32.1298    25.1017    25.1034    6.82336 0.0000e+00
      20551     13.078     7.4086     7.4084   3.302134   3.302291     2.9298     2.7426      8.162     1.0178     1.5692 1.0752e-01     0.1944    95.2566     7.2918     6.1050    32.1276    32.1295    25.1017    25.1033    6.82335 0.0000e+00
      20554     13.009     7.4085     7.4076   3.302122   3.302162     2.9290     2.7426      8.162     1.0130     1.5692 1.0765e-01     0.1944    95.2566     7.2905     6.1058    32.1276    32.1289    25.1017    25.1028    6.82336 0.0000e+00
      20557     12.934     7.4084     7.4069   3.302117   3.302176     2.9294     2.7426      8.162     1.0227     1.5692 1.0765e-01     0.1911    95.3348     7.2932     6.1075    32.1277    32.1298    25.1018    25.1036    6.82338 0.0000e+00
      20560     12.855     7.4084     7.4070   3.302107   3.302169     2.9290     2.7426      8.162     1.0178     1.5297 1.0752e-01     0.1911    95.3348     7.2931     6.1080    32.1276    32.1296    25.1017    25.1034    6.82338 0.0000e+00
      20563     12.773     7.4085     7.4066   3.302138   3.302117     2.9290     2.7434      8.162     1.0178     1.5692 1.0752e-01     0.1911    95.3348     7.2927     6.1105    32.1279    32.1294    25.1019    25.1034    6.82334 0.0000e+00
      20566     12.689     7.4084     7.4063   3.302082   3.302151     2.9290     2.7438      8.162     1.0178     1.5692 1.0765e-01     0.1911    95.3348     7.2927     6.1106    32.1274    32.1301    25.1016    25.1040    6.82338 0.0000e+00
      20569     12.599     7.4084     7.4070   3.302094   3.302208     2.9290     2.7438      8.162     1.0227     1.5692 1.0752e-01     0.1911    95.3348     7.2921     6.1105    32.1276    32.1301    25.1017    25.1039    6.82337 0.0000e+00
      20572     12.506     7.4082     7.4075   3.302059   3.302221     2.9290     2.7434      8.162     1.0130     1.5692 1.0752e-01     0.1911    95.3348     7.2917     6.1093    32.1275    32.1299    25.1016    25.1036    6.82341 0.0000e+00
      20575     12.409     7.4081     7.4078   3.302063   3.302242     2.9290     2.7442      8.162     1.0130     1.5692 1.0765e-01     0.1922    95.3088     7.2908     6.1099    32.1276    32.1299    25.1017    25.1035    6.82342 0.0000e+00
      20578     12.306     7.4081     7.4080   3.302051   3.302243     2.9294     2.7450      8.162     0.9934     1.5692 1.0752e-01     0.1944    95.2566     7.2914     6.1099    32.1275    32.1297    25.1017    25.1034    6.82342 0.0000e+00
      20581     12.204     7.4083     7.4080   3.302058   3.302247     2.9298     2.7450      8.162     0.9006     1.5692 1.0752e-01     0.1940    95.2653     7.2917     6.1077    32.1275    32.1298    25.1016    25.1035    6.82340 0.0000e+00
      20584     12.099     7.4084     7.4079   3.302101   3.302189     2.9294     2.7442      8.162     0.8958     1.5692 1.0752e-01     0.1940    95.2653     7.2891     6.1031    32.1279    32.1293    25.1019    25.1031    6.82335 0.0000e+00
      20587     11.998     7.4087     7.4077   3.302115   3.302156     2.9286     2.7450      8.162     0.8909     1.5692 1.0752e-01     0.1940    95.2653     7.2858     6.1028    32.1279    32.1292    25.1018    25.1030    6.82332 0.0000e+00
      20590     11.897     7.4088     7.4067   3.302098   3.302064     2.9286     2.7438      8.162     0.9006     1.5692 1.0752e-01     0.1944    95.2566     7.2855     6.0984    32.1276    32.1292    25.1016    25.1032    6.82331 0.0000e+00
      20593     11.796     7.4088     7.4058   3.302097   3.302008     2.9282     2.7450      8.162     0.9006     1.5692 1.0752e-01     0.1944    95.2566     7.2836     6.1007    32.1277    32.1295    25.1017    25.1036    6.82331 0.0000e+00
      20596     11.695     7.4088     7.4057   3.302044   3.302007     2.9282     2.7450      8.162     0.8909     1.5692 1.0752e-01     0.1933    95.2827     7.2829     6.0992    32.1272    32.1296    25.1013    25.1036    6.82334 0.0000e+00
      20599     11.597     7.4085     7.4051   3.302035   3.301930     2.9278     2.7438      8.162     0.9006     1.5692 1.0752e-01     0.1922    95.3088     7.2814     6.0948    32.1273    32.1294    25.1014    25.1035    6.82337 0.0000e+00
      20602     11.503     7.4084     7.4046   3.301982   3.301925     2.9274     2.7438      8.162     0.8909     1.5692 1.0752e-01     0.1926    95.3001     7.2804     6.0946    32.1269    32.1299    25.1011    25.1040    6.82341 0.0000e+00
