Datasets/AZMP/COO001/79001069.cnv
* Sea-Bird SBE 9 Data File:
* FileName = C:\CTDDATA\79001069.hex
* Software Version Seasave V 7.26.7.110
* Temperature SN = 5660
* Conductivity SN = 3698
* Number of Bytes Per Scan = 30
* Number of Voltage Words = 4
* Number of Scans Averaged by the Deck Unit = 1
* NMEA baud rate = 9600
** VESSEL/TRIP/SEQ STN:  79001069
** LATITUDE XX XX.XX N:  48 08.30 N
** LONGITUDE XX XX.XX W:  53 09.70 W
** SOUNDING DEPTH (M):  0335
** PROBE TYPE: S1257
** CTD NUMBER: 036
** COMMENTS (14 CHAR): TB-03
** BOTTLES:  20
** LEVELS: 5,5,5,5,10,10,10,20,20,20,20,30,40,50,75,100,100,100,150,BTM
** STICKERS: 435155 - 435174
** VNET: Y
** DO2: N
# nquan = 22
# nvalues = 8288                        
# units = specified
# name 0 = scan: Scan Count
# name 1 = prDM: Pressure, Digiquartz [db]
# name 2 = t090C: Temperature [ITS-90, deg C]
# name 3 = t190C: Temperature, 2 [ITS-90, deg C]
# name 4 = c0S/m: Conductivity [S/m]
# name 5 = c1S/m: Conductivity, 2 [S/m]
# name 6 = sbeox0V: Oxygen raw, SBE 43 [V]
# name 7 = sbeox1V: Oxygen raw, SBE 43, 2 [V]
# name 8 = ph: pH
# name 9 = flECO-AFL: Fluorescence, WET Labs ECO-AFL/FL [mg/m^3]
# name 10 = wetCDOM: Fluorescence, WET Labs CDOM [mg/m^3]
# name 11 = par/sat/log: PAR/Logarithmic, Satlantic [umol photons/m^2/sec]
# name 12 = CStarAt0: Beam Attenuation, WET Labs C-Star [1/m]
# name 13 = CStarTr0: Beam Transmission, WET Labs C-Star [%]
# name 14 = sbeox0ML/L: Oxygen, SBE 43 [ml/l], WS = 2
# name 15 = sbeox1ML/L: Oxygen, SBE 43, 2 [ml/l], WS = 2
# name 16 = sal00: Salinity, Practical [PSU]
# name 17 = sal11: Salinity, Practical, 2 [PSU]
# name 18 = sigma-t00: Density [sigma-t, kg/m^3 ]
# name 19 = sigma-t11: Density, 2 [sigma-t, kg/m^3 ]
# name 20 = oxsatML/L: Oxygen Saturation, Weiss [ml/l]
# name 21 = flag: flag
# span 0 =         59,      73876       
# span 1 =      1.346,    332.736       
# span 2 =    -0.7811,     4.0052       
# span 3 =    -0.7819,     4.0220       
# span 4 =   2.675976,   3.001723       
# span 5 =   2.675732,   3.001538       
# span 6 =     2.0645,     2.7712       
# span 7 =     2.0348,     2.7261       
# span 8 =      7.935,      8.168       
# span 9 =     0.0068,     0.7394       
# span 10 =    -1.8655,   482.1870      
# span 11 = 1.0679e-01, 1.0237e+00      
# span 12 =     0.0609,     0.3185      
# span 13 =    92.3456,    98.4892      
# span 14 =     5.6233,     8.0085      
# span 15 =     5.8638,     8.3134      
# span 16 =    31.5529,    34.1297      
# span 17 =    31.5568,    34.0983      
# span 18 =    25.0447,    27.2987      
# span 19 =    25.0460,    27.2711      
# span 20 =    7.43049,    8.34255      
# span 21 = 0.0000e+00, 0.0000e+00      
# interval = scans: 3                   
# start_time = Nov 30 2019 23:53:02 [System UTC, header]
# bad_flag = -9.990e-29
*END*
[from data line 7836]
      55778     27.660     3.4530     3.4524   2.938520   2.938934     2.7621     2.7156      8.164     0.5148     1.9245 1.0790e-01     0.1156    97.1510     7.5551     7.9028    31.7655    31.7711    25.2647    25.2691    7.52286 0.0000e+00
      55781     27.577     3.4530     3.4551   2.938685   2.938927     2.7617     2.7152      8.164     0.5099     1.9245 1.0790e-01     0.1153    97.1597     7.5542     7.9014    31.7675    31.7684    25.2663    25.2668    7.52276 0.0000e+00
      55784     27.495     3.4527     3.4563   2.938683   2.938945     2.7609     2.7152      8.164     0.5050     1.9245 1.0790e-01     0.1153    97.1597     7.5523     7.9051    31.7678    31.7675    25.2666    25.2660    7.52280 0.0000e+00
      55787     27.412     3.4525     3.4567   2.938688   2.938931     2.7621     2.7156      8.164     0.5050     1.9245 1.0790e-01     0.1153    97.1597     7.5587     7.9090    31.7682    31.7669    25.2668    25.2655    7.52283 0.0000e+00
      55790     27.330     3.4523     3.4565   2.938660   2.938966     2.7625     2.7156      8.164     0.5099     1.9245 1.0790e-01     0.1153    97.1597     7.5599     7.9090    31.7680    31.7676    25.2668    25.2660    7.52287 0.0000e+00
      55793     27.251     3.4520     3.4586   2.938648   2.939048     2.7621     2.7152      8.164     0.5148     2.0429 1.0790e-01     0.1153    97.1597     7.5598     7.9071    31.7682    31.7665    25.2669    25.2650    7.52291 0.0000e+00
      55796     27.174     3.4520     3.4588   2.938671   2.938963     2.7621     2.7156      8.164     0.5246     2.0429 1.0790e-01     0.1106    97.2726     7.5596     7.9096    31.7685    31.7654    25.2671    25.2641    7.52290 0.0000e+00
      55799     27.098     3.4522     3.4562   2.938664   2.938848     2.7621     2.7156      8.164     0.5197     2.0429 1.0790e-01     0.1106    97.2727     7.5591     7.9129    31.7683    31.7666    25.2670    25.2652    7.52287 0.0000e+00
      55802     27.023     3.4519     3.4543   2.938686   2.938843     2.7629     2.7156      8.164     0.5197     2.0429 1.0790e-01     0.1106    97.2727     7.5633     7.9157    31.7689    31.7684    25.2675    25.2668    7.52290 0.0000e+00
      55805     26.947     3.4518     3.4556   2.938667   2.938952     2.7621     2.7165      8.164     0.5148     2.0429 1.0790e-01     0.1106    97.2727     7.5612     7.9207    31.7688    31.7685    25.2674    25.2668    7.52292 0.0000e+00
      55808     26.871     3.4517     3.4582   2.938651   2.938951     2.7621     2.7169      8.164     0.5246     2.0429 1.0777e-01     0.1103    97.2813     7.5617     7.9227    31.7688    31.7660    25.2674    25.2646    7.52295 0.0000e+00
      55811     26.795     3.4515     3.4565   2.938651   2.938851     2.7629     2.7169      8.164     0.5246     2.0429 1.0790e-01     0.1106    97.2727     7.5635     7.9237    31.7690    31.7665    25.2676    25.2652    7.52298 0.0000e+00
      55814     26.721     3.4515     3.4545   2.938633   2.938796     2.7625     2.7169      8.164     0.5197     2.0429 1.0790e-01     0.1106    97.2727     7.5614     7.9246    31.7688    31.7678    25.2674    25.2664    7.52297 0.0000e+00
      55817     26.648     3.4515     3.4533   2.938633   2.938808     2.7629     2.7169      8.164     0.5246     2.0429 1.0790e-01     0.1110    97.2640     7.5637     7.9240    31.7689    31.7692    25.2675    25.2676    7.52298 0.0000e+00
      55820     26.575     3.4514     3.4520   2.938625   2.938751     2.7621     2.7169      8.164     0.5343     2.1614 1.0790e-01     0.1110    97.2640     7.5609     7.9222    31.7689    31.7698    25.2675    25.2682    7.52300 0.0000e+00
      55823     26.501     3.4514     3.4518   2.938614   2.938781     2.7633     2.7177      8.164     0.5392     2.1614 1.0790e-01     0.1110    97.2640     7.5641     7.9229    31.7689    31.7705    25.2675    25.2687    7.52301 0.0000e+00
      55826     26.430     3.4512     3.4528   2.938623   2.938813     2.7637     2.7177      8.164     0.5343     2.1614 1.0777e-01     0.1110    97.2640     7.5650     7.9197    31.7691    31.7698    25.2677    25.2681    7.52302 0.0000e+00
      55829     26.364     3.4512     3.4535   2.938609   2.938793     2.7629     2.7177      8.164     0.5392     2.1614 1.0790e-01     0.1110    97.2640     7.5618     7.9161    31.7691    31.7690    25.2676    25.2674    7.52303 0.0000e+00
      55832     26.298     3.4507     3.4530   2.938609   2.938760     2.7645     2.7181      8.164     0.5343     2.1614 1.0790e-01     0.1110    97.2640     7.5659     7.9163    31.7695    31.7691    25.2680    25.2675    7.52309 0.0000e+00
      55835     26.231     3.4508     3.4520   2.938575   2.938706     2.7629     2.7181      8.164     0.5343     2.1614 1.0790e-01     0.1103    97.2814     7.5588     7.9152    31.7691    31.7694    25.2677    25.2679    7.52310 0.0000e+00
      55838     26.163     3.4507     3.4509   2.938587   2.938678     2.7625     2.7181      8.164     0.5392     2.1614 1.0790e-01     0.1088    97.3161     7.5565     7.9137    31.7693    31.7702    25.2679    25.2686    7.52310 0.0000e+00
      55841     26.094     3.4508     3.4499   2.938599   2.938649     2.7645     2.7181      8.164     0.5392     2.1614 1.0790e-01     0.1088    97.3161     7.5613     7.9138    31.7695    31.7709    25.2680    25.2693    7.52309 0.0000e+00
      55844     26.024     3.4510     3.4498   2.938592   2.938658     2.7633     2.7181      8.164     0.5392     2.0429 1.0790e-01     0.1088    97.3161     7.5566     7.9142    31.7692    31.7712    25.2678    25.2694    7.52306 0.0000e+00
      55847     25.954     3.4510     3.4501   2.938596   2.938678     2.7633     2.7181      8.164     0.5295     1.9245 1.0790e-01     0.1088    97.3161     7.5554     7.9144    31.7693    31.7711    25.2678    25.2694    7.52305 0.0000e+00
      55850     25.880     3.4512     3.4504   2.938597   2.938672     2.7633     2.7181      8.164     0.5295     1.9245 1.0790e-01     0.1088    97.3161     7.5557     7.9158    31.7691    31.7708    25.2677    25.2691    7.52302 0.0000e+00
      55853     25.803     3.4512     3.4506   2.938603   2.938688     2.7633     2.7181      8.164     0.5148     1.9245 1.0790e-01     0.1088    97.3161     7.5557     7.9170    31.7693    31.7709    25.2678    25.2691    7.52302 0.0000e+00
      55856     25.724     3.4511     3.4502   2.938605   2.938664     2.7633     2.7181      8.164     0.5197     1.9245 1.0790e-01     0.1120    97.2379     7.5554     7.9205    31.7694    31.7710    25.2679    25.2693    7.52302 0.0000e+00
      55859     25.646     3.4511     3.4517   2.938591   2.938771     2.7629     2.7181      8.164     0.5246     1.9245 1.0790e-01     0.1131    97.2118     7.5549     7.9221    31.7693    31.7708    25.2679    25.2690    7.52304 0.0000e+00
      55862     25.568     3.4512     3.4545   2.938596   2.938791     2.7629     2.7181      8.164     0.5246     1.9245 1.0790e-01     0.1131    97.2118     7.5547     7.9226    31.7693    31.7683    25.2678    25.2668    7.52301 0.0000e+00
      55865     25.489     3.4511     3.4538   2.938609   2.938747     2.7625     2.7193      8.164     0.5295     1.9245 1.0790e-01     0.1131    97.2118     7.5548     7.9291    31.7695    31.7685    25.2680    25.2670    7.52301 0.0000e+00
      55868     25.408     3.4512     3.4553   2.938598   2.938878     2.7637     2.7193      8.164     0.5246     1.9245 1.0790e-01     0.1131    97.2118     7.5605     7.9301    31.7694    31.7687    25.2679    25.2670    7.52301 0.0000e+00
      55871     25.326     3.4513     3.4597   2.938598   2.939007     2.7633     2.7193      8.164     0.5197     1.9640 1.0790e-01     0.1131    97.2118     7.5596     7.9305    31.7693    31.7660    25.2678    25.2645    7.52299 0.0000e+00
      55874     25.242     3.4515     3.4618   2.938598   2.938993     2.7633     2.7197      8.164     0.5441     2.0429 1.0790e-01     0.1131    97.2118     7.5600     7.9314    31.7692    31.7638    25.2677    25.2625    7.52296 0.0000e+00
      55877     25.160     3.4518     3.4608   2.938605   2.938919     2.7633     2.7197      8.164     0.5392     2.0429 1.0790e-01     0.1120    97.2379     7.5597     7.9303    31.7691    31.7640    25.2676    25.2627    7.52292 0.0000e+00
      55880     25.081     3.4519     3.4614   2.938595   2.938991     2.7629     2.7205      8.164     0.5295     2.0429 1.0790e-01     0.1117    97.2466     7.5582     7.9309    31.7689    31.7643    25.2674    25.2629    7.52291 0.0000e+00
      55883     24.997     3.4521     3.4637   2.938608   2.939081     2.7629     2.7197      8.164     0.5392     2.0429 1.0777e-01     0.1120    97.2379     7.5577     7.9246    31.7688    31.7632    25.2673    25.2618    7.52286 0.0000e+00
      55886     24.914     3.4523     3.4647   2.938597   2.939086     2.7641     2.7201      8.164     0.5441     2.0429 1.0790e-01     0.1117    97.2466     7.5611     7.9221    31.7685    31.7622    25.2671    25.2610    7.52284 0.0000e+00
      55889     24.834     3.4527     3.4646   2.938633   2.939044     2.7645     2.7205      8.164     0.5441     2.0429 1.0790e-01     0.1117    97.2466     7.5623     7.9201    31.7687    31.7619    25.2672    25.2607    7.52277 0.0000e+00
      55892     24.749     3.4535     3.4637   2.938635   2.939047     2.7633     2.7205      8.164     0.5343     2.0429 1.0790e-01     0.1113    97.2553     7.5578     7.9171    31.7679    31.7629    25.2666    25.2616    7.52266 0.0000e+00
      55895     24.661     3.4540     3.4642   2.938643   2.939048     2.7641     2.7209      8.164     0.5343     2.0429 1.0790e-01     0.1127    97.2205     7.5604     7.9158    31.7676    31.7624    25.2662    25.2612    7.52257 0.0000e+00
      55898     24.570     3.4539     3.4644   2.938642   2.939048     2.7633     2.7205      8.164     0.5246     2.0429 1.0790e-01     0.1163    97.1336     7.5585     7.9103    31.7677    31.7622    25.2663    25.2610    7.52258 0.0000e+00
      55901     24.478     3.4540     3.4623   2.938643   2.938929     2.7633     2.7205      8.164     0.5050     2.0429 1.0790e-01     0.1163    97.1336     7.5572     7.9060    31.7676    31.7630    25.2663    25.2618    7.52257 0.0000e+00
      55904     24.388     3.4541     3.4600   2.938648   2.938890     2.7633     2.7205      8.164     0.5099     2.0429 1.0790e-01     0.1156    97.1510     7.5560     7.9032    31.7677    31.7648    25.2663    25.2634    7.52256 0.0000e+00
      55907     24.301     3.4547     3.4579   2.938685   2.938844     2.7633     2.7205      8.164     0.5002     2.0429 1.0790e-01     0.1160    97.1423     7.5547     7.9012    31.7675    31.7663    25.2661    25.2649    7.52244 0.0000e+00
      55910     24.218     3.4554     3.4577   2.938699   2.938828     2.7637     2.7205      8.164     0.5148     2.0429 1.0790e-01     0.1163    97.1336     7.5543     7.8976    31.7671    31.7664    25.2657    25.2650    7.52233 0.0000e+00
      55913     24.137     3.4559     3.4578   2.938690   2.938861     2.7645     2.7205      8.164     0.5099     2.0429 1.0790e-01     0.1156    97.1510     7.5586     7.8960    31.7665    31.7667    25.2652    25.2651    7.52226 0.0000e+00
      55916     24.057     3.4563     3.4582   2.938693   2.938854     2.7633     2.7197      8.164     0.5148     2.0429 1.0790e-01     0.1131    97.2118     7.5559     7.8924    31.7662    31.7663    25.2649    25.2649    7.52221 0.0000e+00
      55919     23.978     3.4564     3.4582   2.938672   2.938847     2.7641     2.7205      8.164     0.5099     2.0429 1.0790e-01     0.1099    97.2900     7.5583     7.8952    31.7659    31.7662    25.2647    25.2648    7.52221 0.0000e+00
      55922     23.904     3.4561     3.4596   2.938675   2.938864     2.7641     2.7193      8.164     0.5050     2.0429 1.0790e-01     0.1099    97.2900     7.5600     7.8917    31.7662    31.7651    25.2650    25.2638    7.52224 0.0000e+00
      55925     23.833     3.4562     3.4596   2.938679   2.938840     2.7629     2.7193      8.164     0.5002     2.0429 1.0790e-01     0.1103    97.2813     7.5562     7.8923    31.7663    31.7649    25.2650    25.2636    7.52222 0.0000e+00
      55928     23.764     3.4568     3.4578   2.938709   2.938778     2.7637     2.7193      8.164     0.4904     2.0429 1.0790e-01     0.1099    97.2900     7.5586     7.8937    31.7661    31.7659    25.2648    25.2645    7.52212 0.0000e+00
      55931     23.695     3.4573     3.4570   2.938717   2.938776     2.7633     2.7193      8.164     0.5002     2.0034 1.0790e-01     0.1099    97.2900     7.5573     7.8963    31.7657    31.7667    25.2645    25.2653    7.52205 0.0000e+00
      55934     23.628     3.4579     3.4568   2.938731   2.938792     2.7633     2.7193      8.164     0.4953     2.0429 1.0790e-01     0.1099    97.2900     7.5571     7.8990    31.7653    31.7672    25.2641    25.2657    7.52195 0.0000e+00
      55937     23.562     3.4586     3.4576   2.938753   2.938811     2.7645     2.7193      8.164     0.5002     2.0429 1.0790e-01     0.1103    97.2813     7.5618     7.9020    31.7649    31.7666    25.2637    25.2652    7.52184 0.0000e+00
      55940     23.499     3.4593     3.4569   2.938758   2.938758     2.7637     2.7193      8.164     0.5002     2.0429 1.0790e-01     0.1103    97.2813     7.5598     7.9036    31.7643    31.7667    25.2632    25.2653    7.52173 0.0000e+00
      55943     23.441     3.4597     3.4570   2.938765   2.938814     2.7641     2.7193      8.164     0.4953     2.0429 1.0790e-01     0.1099    97.2900     7.5610     7.9045    31.7641    31.7673    25.2629    25.2657    7.52168 0.0000e+00
      55946     23.382     3.4596     3.4591   2.938760   2.938898     2.7645     2.7193      8.164     0.4904     2.0429 1.0790e-01     0.1103    97.2813     7.5645     7.9058    31.7642    31.7663    25.2630    25.2647    7.52170 0.0000e+00
      55949     23.321     3.4596     3.4629   2.938739   2.938996     2.7641     2.7193      8.164     0.4953     1.9640 1.0790e-01     0.1103    97.2813     7.5644     7.9047    31.7640    31.7637    25.2628    25.2624    7.52171 0.0000e+00
      55952     23.259     3.4596     3.4663   2.938750   2.939073     2.7645     2.7193      8.164     0.4953     1.9245 1.0790e-01     0.1103    97.2813     7.5658     7.9036    31.7640    31.7614    25.2629    25.2602    7.52169 0.0000e+00
      55955     23.195     3.4598     3.4688   2.938760   2.939133     2.7645     2.7201      8.164     0.4904     1.9245 1.0790e-01     0.1103    97.2813     7.5663     7.9055    31.7641    31.7597    25.2629    25.2586    7.52166 0.0000e+00
      55958     23.133     3.4600     3.4707   2.938766   2.939173     2.7645     2.7193      8.164     0.4953     1.9245 1.0790e-01     0.1095    97.2987     7.5653     7.9019    31.7639    31.7584    25.2628    25.2574    7.52162 0.0000e+00
      55961     23.070     3.4603     3.4712   2.938767   2.939209     2.7645     2.7197      8.164     0.5002     1.9245 1.0790e-01     0.1099    97.2900     7.5647     7.9027    31.7637    31.7583    25.2626    25.2573    7.52158 0.0000e+00
      55964     23.006     3.4607     3.4719   2.938779   2.939238     2.7645     2.7193      8.164     0.4953     1.9245 1.0790e-01     0.1095    97.2987     7.5650     7.9007    31.7635    31.7579    25.2624    25.2570    7.52152 0.0000e+00
      55967     22.940     3.4610     3.4726   2.938780   2.939217     2.7645     2.7193      8.164     0.4904     1.9245 1.0790e-01     0.1095    97.2987     7.5641     7.8980    31.7632    31.7571    25.2621    25.2562    7.52148 0.0000e+00
      55970     22.872     3.4618     3.4732   2.938819   2.939240     2.7657     2.7193      8.164     0.4904     1.9245 1.0790e-01     0.1092    97.3074     7.5678     7.8966    31.7629    31.7568    25.2619    25.2559    7.52134 0.0000e+00
