Datasets/AZMP/COO001/79001027.cnv
* Sea-Bird SBE 9 Data File:
* FileName = C:\CTDDATA\79001027.hex
* Software Version Seasave V 7.26.7.110
* Temperature SN = 5660
* Conductivity SN = 3698
* Number of Bytes Per Scan = 30
* Number of Voltage Words = 4
* Number of Scans Averaged by the Deck Unit = 1
* NMEA baud rate = 9600
** VESSEL/TRIP/SEQ STN:  79001027
** LATITUDE XX XX.XX N:  44 43.50 N
** LONGITUDE XX XX.XX W:  51 23.70 W
** SOUNDING DEPTH (M):  0074
** PROBE TYPE: S1257
** CTD NUMBER: 014
** COMMENTS (14 CHAR): SEGB-09
** BOTTLES:  11
** LEVELS: 5,5,10,20,20,30,40,50,50,BTM,BTM
** STICKERS: 434773 - 434783
** VNET: Y
** DO2: Y
# nquan = 22
# nvalues = 1799                        
# units = specified
# name 0 = scan: Scan Count
# name 1 = prDM: Pressure, Digiquartz [db]
# name 2 = t090C: Temperature [ITS-90, deg C]
# name 3 = t190C: Temperature, 2 [ITS-90, deg C]
# name 4 = c0S/m: Conductivity [S/m]
# name 5 = c1S/m: Conductivity, 2 [S/m]
# name 6 = sbeox0V: Oxygen raw, SBE 43 [V]
# name 7 = sbeox1V: Oxygen raw, SBE 43, 2 [V]
# name 8 = ph: pH
# name 9 = flECO-AFL: Fluorescence, WET Labs ECO-AFL/FL [mg/m^3]
# name 10 = wetCDOM: Fluorescence, WET Labs CDOM [mg/m^3]
# name 11 = par/sat/log: PAR/Logarithmic, Satlantic [umol photons/m^2/sec]
# name 12 = CStarAt0: Beam Attenuation, WET Labs C-Star [1/m]
# name 13 = CStarTr0: Beam Transmission, WET Labs C-Star [%]
# name 14 = sbeox0ML/L: Oxygen, SBE 43 [ml/l], WS = 2
# name 15 = sbeox1ML/L: Oxygen, SBE 43, 2 [ml/l], WS = 2
# name 16 = sal00: Salinity, Practical [PSU]
# name 17 = sal11: Salinity, Practical, 2 [PSU]
# name 18 = sigma-t00: Density [sigma-t, kg/m^3 ]
# name 19 = sigma-t11: Density, 2 [sigma-t, kg/m^3 ]
# name 20 = oxsatML/L: Oxygen Saturation, Weiss [ml/l]
# name 21 = flag: flag
# span 0 =         57,      35739       
# span 1 =      0.279,     68.735       
# span 2 =     1.7130,     6.6524       
# span 3 =     1.7098,     6.6482       
# span 4 =   2.869988,   3.246225       
# span 5 =   1.011526,   3.246540       
# span 6 =     2.6030,     2.9490       
# span 7 =     2.4128,     2.7334       
# span 8 =      8.002,      8.173       
# span 9 =     0.1583,     1.9458       
# span 10 =     0.3848,    44.4434      
# span 11 = 1.0715e-01, 3.3018e+00      
# span 12 =     0.1649,    55.2620      
# span 13 =    -0.0269,    95.9605      
# span 14 =     6.3328,     8.2858      
# span 15 =     5.3313,     6.9958      
# span 16 =    31.6990,    33.3447      
# span 17 =     9.0526,    32.7258      
# span 18 =    25.0380,    26.6016      
# span 19 =     7.0661,    26.1389      
# span 20 =    6.94036,    7.81564      
# span 21 = 0.0000e+00, 0.0000e+00      
# interval = scans: 3                   
# start_time = Nov 24 2019 06:51:24 [System UTC, header]
# bad_flag = -9.990e-29
*END*
[from data line 659]
       3817     55.488     1.8333     1.8371   2.878739   2.878940     2.6129     2.4196      8.028     0.2071     2.0429 1.0765e-01     0.3291    92.1022     7.3769     6.0862    32.6499    32.6485    26.1012    26.0998    7.79196 0.0000e+00
       3820     55.560     1.8318     1.8083   2.879545   2.877830     2.6133     2.4196      8.026     0.2120     2.0429 1.0765e-01     0.3298    92.0849     7.3783     6.0891    32.6615    32.6644    26.1106    26.1145    7.79166 0.0000e+00
       3823     55.631     1.8304     1.8128   2.879224   2.878507     2.6137     2.4200      8.026     0.2022     2.0429 1.0752e-01     0.3298    92.0849     7.3778     6.0859    32.6588    32.6681    26.1085    26.1172    7.79206 0.0000e+00
       3826     55.693     1.8301     1.8239   2.879271   2.879266     2.6141     2.4200      8.026     0.2071     2.0429 1.0765e-01     0.3291    92.1022     7.3780     6.0818    32.6598    32.6662    26.1093    26.1148    7.79209 0.0000e+00
       3829     55.749     1.8210     1.8206   2.877711   2.878715     2.6137     2.4200      8.026     0.2071     2.0429 1.0765e-01     0.3295    92.0935     7.3777     6.0795    32.6496    32.6625    26.1017    26.1122    7.79444 0.0000e+00
       3832     55.801     1.8101     1.7940   2.877143   2.876601     2.6145     2.4200      8.026     0.2071     2.0429 1.0752e-01     0.3295    92.0935     7.3812     6.0796    32.6538    32.6636    26.1059    26.1150    7.79642 0.0000e+00
       3835     55.847     1.8053     1.7681   2.877271   2.875152     2.6141     2.4204      8.026     0.2120     2.0429 1.0765e-01     0.3298    92.0849     7.3783     6.0820    32.6603    32.6722    26.1115    26.1236    7.79704 0.0000e+00
       3838     55.889     1.8016     1.7626   2.877801   2.875250     2.6141     2.4200      8.026     0.2120     2.0429 1.0765e-01     0.3291    92.1022     7.3763     6.0760    32.6707    32.6792    26.1201    26.1296    7.79722 0.0000e+00
       3841     55.924     1.8171     1.7624   2.879990   2.876011     2.6137     2.4212      8.026     0.2071     2.0429 1.0765e-01     0.3276    92.1370     7.3689     6.0760    32.6821    32.6889    26.1281    26.1374    7.79353 0.0000e+00
       3844     55.958     1.8348     1.7666   2.882074   2.876543     2.6141     2.4200      8.026     0.1876     2.0429 1.0765e-01     0.3280    92.1283     7.3638     6.0675    32.6899    32.6912    26.1330    26.1389    7.78956 0.0000e+00
       3847     55.988     1.8492     1.7765   2.882693   2.877319     2.6129     2.4200      8.026     0.1925     2.0429 1.0777e-01     0.3280    92.1283     7.3558     6.0644    32.6826    32.6907    26.1262    26.1379    7.78705 0.0000e+00
       3850     56.014     1.8596     1.7973   2.883271   2.877362     2.6137     2.4200      8.026     0.1973     2.0429 1.0765e-01     0.3280    92.1283     7.3555     6.0616    32.6791    32.6697    26.1226    26.1195    7.78515 0.0000e+00
       3853     56.038     1.8761     1.7878   2.884552   2.877356     2.6129     2.4192      8.026     0.1876     2.0429 1.0752e-01     0.3280    92.1283     7.3479     6.0608    32.6780    32.6794    26.1206    26.1280    7.78191 0.0000e+00
       3885     56.193     1.9241     1.8380   2.886653   2.879524     2.6121     2.4188      8.026     0.2169     2.0429 1.0777e-01     0.3268    92.1544     7.3350     6.0807    32.6546    32.6545    26.0984    26.1045    7.77355 0.0000e+00
       3889     56.220     1.9244     1.8126   2.886695   2.877757     2.6129     2.4188      8.026     0.2120     2.0429 1.0777e-01     0.3268    92.1544     7.3369     6.0844    32.6548    32.6587    26.0985    26.1096    7.77347 0.0000e+00
       3892     56.249     1.9208     1.8025   2.885705   2.876909     2.6117     2.4196      8.026     0.2169     2.0429 1.0752e-01     0.3268    92.1544     7.3334     6.0871    32.6461    32.6584    26.0918    26.1102    7.77464 0.0000e+00
       3895     56.278     1.9102     1.7916   2.884007   2.875307     2.6113     2.4200      8.026     0.2218     2.1614 1.0765e-01     0.3268    92.1544     7.3346     6.0889    32.6359    32.6497    26.0844    26.1039    7.77731 0.0000e+00
       3898     56.314     1.8838     1.7751   2.879230   2.874615     2.6109     2.4200      8.026     0.2218     2.1614 1.0765e-01     0.3276    92.1370     7.3415     6.0903    32.6034    32.6580    26.0603    26.1117    7.78429 0.0000e+00
       3901     56.357     1.8413     1.7679   2.875851   2.874364     2.6113     2.4200      8.026     0.2315     2.1614 1.0752e-01     0.3280    92.1283     7.3511     6.0887    32.6050    32.6623    26.0646    26.1157    7.79272 0.0000e+00
       3904     56.401     1.8086     1.7680   2.875019   2.874819     2.6105     2.4200      8.026     0.2266     2.1614 1.0752e-01     0.3280    92.1283     7.3549     6.0854    32.6283    32.6679    26.0856    26.1201    7.79804 0.0000e+00
       3907     56.450     1.7903     1.7819   2.874649   2.876321     2.6105     2.4200      8.026     0.2218     2.1614 1.0777e-01     0.3280    92.1283     7.3577     6.0798    32.6426    32.6722    26.0984    26.1227    7.80097 0.0000e+00
       3910     56.502     1.7794     1.8008   2.874500   2.877376     2.6105     2.4200      8.026     0.2218     2.1614 1.0777e-01     0.3280    92.1283     7.3613     6.0736    32.6520    32.6659    26.1066    26.1163    7.80267 0.0000e+00
       3913     56.556     1.7751     1.8017   2.875157   2.877527     2.6101     2.4200      8.026     0.2266     2.1614 1.0765e-01     0.3280    92.1283     7.3618     6.0702    32.6647    32.6668    26.1171    26.1170    7.80287 0.0000e+00
       3916     56.612     1.7866     1.8242   2.877899   2.879503     2.6101     2.4200      8.026     0.2218     2.1614 1.0777e-01     0.3280    92.1283     7.3614     6.0623    32.6871    32.6683    26.1343    26.1165    7.79938 0.0000e+00
       3919     56.667     1.8032     1.8286   2.878714   2.878921     2.6101     2.4196      8.026     0.2120     2.2009 1.0765e-01     0.3276    92.1370     7.3595     6.0592    32.6800    32.6564    26.1274    26.1067    7.79641 0.0000e+00
       3922     56.716     1.8177     1.8170   2.879767   2.878078     2.6105     2.4196      8.026     0.2120     2.2798 1.0790e-01     0.3276    92.1370     7.3586     6.0589    32.6782    32.6578    26.1249    26.1086    7.79360 0.0000e+00
       3925     56.753     1.8299     1.7968   2.880427   2.876641     2.6101     2.4188      8.026     0.2169     2.2798 1.0752e-01     0.3280    92.1283     7.3562     6.0599    32.6738    32.6607    26.1206    26.1124    7.79138 0.0000e+00
       3928     56.782     1.8337     1.7894   2.878787   2.876991     2.6105     2.4188      8.024     0.2120     2.2798 1.0752e-01     0.3280    92.1283     7.3599     6.0609    32.6494    32.6727    26.1007    26.1225    7.79191 0.0000e+00
       3931     56.805     1.8126     1.8023   2.876527   2.877772     2.6096     2.4188      8.026     0.2120     2.2798 1.0752e-01     0.3276    92.1370     7.3627     6.0599    32.6429    32.6691    26.0970    26.1187    7.79649 0.0000e+00
       3934     56.834     1.8034     1.8161   2.875928   2.878187     2.6101     2.4188      8.026     0.2120     2.2798 1.0752e-01     0.3276    92.1370     7.3671     6.0591    32.6449    32.6601    26.0992    26.1105    7.79823 0.0000e+00
       3937     56.870     1.7898     1.8109   2.875474   2.877927     2.6105     2.4184      8.026     0.2120     2.2798 1.0765e-01     0.3276    92.1370     7.3718     6.0611    32.6533    32.6622    26.1070    26.1126    7.80052 0.0000e+00
       3940     56.918     1.8059     1.8363   2.879636   2.881050     2.6101     2.4184      8.026     0.2120     2.2798 1.0752e-01     0.3306    92.0675     7.3651     6.0588    32.6887    32.6749    26.1342    26.1210    7.79542 0.0000e+00
       3943     56.965     1.8274     1.8569   2.880669   2.881650     2.6101     2.4179      8.024     0.2120     2.2798 1.0752e-01     0.3309    92.0588     7.3621     6.0575    32.6793    32.6611    26.1252    26.1084    7.79160 0.0000e+00
       3946     57.007     1.8413     1.8355   2.881255   2.878728     2.6096     2.4175      8.024     0.2071     2.0824 1.0765e-01     0.3313    92.0501     7.3593     6.0631    32.6722    32.6466    26.1185    26.0984    7.78918 0.0000e+00
       3949     57.050     1.8495     1.7802   2.881732   2.875946     2.6105     2.4188      8.026     0.2169     2.0429 1.0752e-01     0.3306    92.0675     7.3620     6.0782    32.6697    32.6690    26.1159    26.1202    7.78767 0.0000e+00
       3952     57.093     1.8554     1.7597   2.881603   2.874799     2.6105     2.4179      8.023     0.2120     2.0429 1.0765e-01     0.3309    92.0588     7.3621     6.0799    32.6620    32.6758    26.1093    26.1271    7.78690 0.0000e+00
       3955     57.139     1.8429     1.7559   2.877797   2.874097     2.6105     2.4188      8.021     0.2169     2.0429 1.0752e-01     0.3309    92.0588     7.3679     6.0847    32.6272    32.6710    26.0823    26.1235    7.79122 0.0000e+00
       3958     57.187     1.8097     1.7547   2.874444   2.873706     2.6105     2.4184      8.026     0.2071     2.0429 1.0752e-01     0.3317    92.0414     7.3763     6.0849    32.6195    32.6673    26.0785    26.1206    7.79828 0.0000e+00
       3961     57.234     1.7845     1.7530   2.873592   2.873549     2.6105     2.4188      8.025     0.2169     2.0429 1.0752e-01     0.3325    92.0240     7.3821     6.0885    32.6349    32.6670    26.0926    26.1205    7.80254 0.0000e+00
       3964     57.281     1.7699     1.7521   2.873430   2.873477     2.6105     2.4188      8.023     0.2120     2.0429 1.0777e-01     0.3325    92.0240     7.3869     6.0884    32.6480    32.6670    26.1041    26.1206    7.80479 0.0000e+00
       3967     57.324     1.7624     1.7520   2.873407   2.873556     2.6113     2.4188      8.022     0.2169     2.0429 1.0752e-01     0.3325    92.0240     7.3921     6.0883    32.6554    32.6681    26.1106    26.1214    7.80590 0.0000e+00
       3970     57.369     1.7583     1.7523   2.873351   2.873592     2.6109     2.4188      8.023     0.2169     2.0429 1.0765e-01     0.3325    92.0240     7.3928     6.0865    32.6590    32.6682    26.1138    26.1215    7.80655 0.0000e+00
       3973     57.413     1.7557     1.7520   2.873239   2.873563     2.6113     2.4188      8.025     0.2071     2.1614 1.0765e-01     0.3325    92.0240     7.3952     6.0851    32.6602    32.6681    26.1149    26.1215    7.80700 0.0000e+00
       3976     57.453     1.7539     1.7501   2.873191   2.873359     2.6113     2.4188      8.024     0.2071     2.1614 1.0752e-01     0.3325    92.0240     7.3977     6.0849    32.6614    32.6675    26.1160    26.1211    7.80730 0.0000e+00
       3979     57.492     1.7528     1.7486   2.873154   2.873286     2.6117     2.4188      8.025     0.2022     2.1614 1.0765e-01     0.3310    92.0588     7.4015     6.0826    32.6621    32.6682    26.1166    26.1217    7.80748 0.0000e+00
       3982     57.524     1.7521     1.7478   2.873153   2.873444     2.6117     2.4188      8.022     0.2169     2.1614 1.0765e-01     0.3287    92.1109     7.4039     6.0798    32.6628    32.6709    26.1173    26.1240    7.80759 0.0000e+00
       3985     57.553     1.7516     1.7478   2.873131   2.873785     2.6121     2.4192      8.024     0.2022     2.1614 1.0752e-01     0.3284    92.1196     7.4067     6.0785    32.6631    32.6752    26.1175    26.1275    7.80768 0.0000e+00
       3988     57.581     1.7511     1.7507   2.873130   2.873893     2.6129     2.4188      8.022     0.2071     2.1614 1.0777e-01     0.3287    92.1109     7.4119     6.0751    32.6635    32.6735    26.1179    26.1259    7.80775 0.0000e+00
       4228     57.636     1.8523     1.8171   2.880774   2.878581     2.6158     2.4236      8.021     0.2511     2.1614 1.0752e-01     0.3291    92.1022     7.3769     6.0971    32.6545    32.6635    26.1035    26.1132    7.78791 0.0000e+00
       4231     57.706     1.8515     1.8213   2.881086   2.878849     2.6154     2.4232      8.021     0.2462     2.1614 1.0777e-01     0.3291    92.1022     7.3755     6.0933    32.6592    32.6625    26.1073    26.1121    7.78782 0.0000e+00
       4234     57.769     1.8535     1.8238   2.881139   2.878973     2.6166     2.4236      8.021     0.2657     2.0429 1.0777e-01     0.3295    92.0935     7.3794     6.0933    32.6577    32.6614    26.1060    26.1110    7.78749 0.0000e+00
       4237     57.825     1.8516     1.8280   2.880680   2.879420     2.6154     2.4236      8.021     0.2706     2.0429 1.0765e-01     0.3291    92.1022     7.3748     6.0914    32.6540    32.6626    26.1031    26.1117    7.78809 0.0000e+00
       4240     57.876     1.8476     1.8359   2.880005   2.879752     2.6158     2.4236      8.021     0.2706     2.0429 1.0765e-01     0.3291    92.1022     7.3764     6.0881    32.6496    32.6586    26.0999    26.1079    7.78910 0.0000e+00
       4243     57.917     1.8362     1.8342   2.878275   2.879613     2.6154     2.4236      8.021     0.2755     2.0429 1.0752e-01     0.3332    92.0067     7.3782     6.0867    32.6398    32.6585    26.0929    26.1080    7.79192 0.0000e+00
       4246     57.953     1.8239     1.8321   2.877686   2.879476     2.6158     2.4236      8.021     0.2608     2.0429 1.0765e-01     0.3336    91.9980     7.3814     6.0866    32.6450    32.6590    26.0979    26.1085    7.79410 0.0000e+00
       4249     57.985     1.8168     1.8304   2.877666   2.879377     2.6158     2.4236      8.021     0.2706     2.0429 1.0777e-01     0.3336    91.9980     7.3826     6.0852    32.6521    32.6595    26.1041    26.1090    7.79515 0.0000e+00
       4481     58.048     1.7880     1.7810   2.876635   2.875644     2.6137     2.4175      8.017     0.2413     2.1614 1.0752e-01     0.3325    92.0240     7.3793     6.0771    32.6690    32.6639    26.1196    26.1160    7.80004 0.0000e+00
       4484     58.124     1.7951     1.7830   2.877028   2.875591     2.6141     2.4175      8.017     0.2413     2.1614 1.0752e-01     0.3321    92.0327     7.3804     6.0799    32.6665    32.6610    26.1172    26.1136    7.79875 0.0000e+00
       4487     58.192     1.7995     1.7816   2.877149   2.875500     2.6141     2.4175      8.017     0.2413     2.1614 1.0777e-01     0.3302    92.0762     7.3800     6.0827    32.6634    32.6613    26.1144    26.1139    7.79802 0.0000e+00
       4490     58.249     1.8043     1.7816   2.877580   2.875512     2.6141     2.4179      8.017     0.2413     2.1614 1.0765e-01     0.3302    92.0762     7.3792     6.0871    32.6638    32.6614    26.1144    26.1141    7.79704 0.0000e+00
       4493     58.293     1.8075     1.7824   2.877393   2.875582     2.6137     2.4175      8.017     0.2413     2.1614 1.0752e-01     0.3302    92.0762     7.3786     6.0880    32.6582    32.6615    26.1096    26.1140    7.79670 0.0000e+00
       4577     58.324     1.7899     1.7759   2.875878   2.875042     2.6145     2.4188      8.017     0.2218     2.1219 1.0752e-01     0.3306    92.0675     7.3870     6.0903    32.6574    32.6614    26.1102    26.1144    7.80028 0.0000e+00
       4743     58.353     1.7576     1.7586   2.873372   2.873616     2.6158     2.4204      8.017     0.2266     2.0429 1.0765e-01     0.3317    92.0414     7.4019     6.0896    32.6594    32.6615    26.1141    26.1157    7.80667 0.0000e+00
       4792     58.387     1.7572     1.7618   2.873331   2.873961     2.6158     2.4200      8.017     0.2120     2.0429 1.0777e-01     0.3324    92.0240     7.3982     6.0878    32.6593    32.6625    26.1141    26.1163    7.80675 0.0000e+00
       4888     58.492     1.7569     1.7720   2.873215   2.874762     2.6154     2.4200      8.014     0.2071     2.0429 1.0752e-01     0.3332    92.0067     7.3904     6.0855    32.6581    32.6619    26.1131    26.1151    7.80687 0.0000e+00
