Datasets/AZMP/COO001/79001023.cnv
* Sea-Bird SBE 9 Data File:
* FileName = C:\CTDDATA\79001023.hex
* Software Version Seasave V 7.26.7.110
* Temperature SN = 5660
* Conductivity SN = 3698
* Number of Bytes Per Scan = 30
* Number of Voltage Words = 4
* Number of Scans Averaged by the Deck Unit = 1
* NMEA baud rate = 9600
** VESSEL/TRIP/SEQ STN:  79001023
** LATITUDE XX XX.XX N:  46 21.00 N
** LONGITUDE XX XX.XX W:  52 44.00 W
** SOUNDING DEPTH (M):  0177
** PROBE TYPE (S1221): S1257
** CTD NUMBER: 010
** COMMENTS (14 CHAR):  SEGB-03
** BOTTLES:  12
** LEVELS: 5,5,10,20,20,30,40,50,75,100,150,BTM
** STICKERS: 434713 - 434724
** VNET: Y
** DO2: Y
# nquan = 22
# nvalues = 5367                        
# units = specified
# name 0 = scan: Scan Count
# name 1 = prDM: Pressure, Digiquartz [db]
# name 2 = t090C: Temperature [ITS-90, deg C]
# name 3 = t190C: Temperature, 2 [ITS-90, deg C]
# name 4 = c0S/m: Conductivity [S/m]
# name 5 = c1S/m: Conductivity, 2 [S/m]
# name 6 = sbeox0V: Oxygen raw, SBE 43 [V]
# name 7 = sbeox1V: Oxygen raw, SBE 43, 2 [V]
# name 8 = ph: pH
# name 9 = flECO-AFL: Fluorescence, WET Labs ECO-AFL/FL [mg/m^3]
# name 10 = wetCDOM: Fluorescence, WET Labs CDOM [mg/m^3]
# name 11 = par/sat/log: PAR/Logarithmic, Satlantic [umol photons/m^2/sec]
# name 12 = CStarAt0: Beam Attenuation, WET Labs C-Star [1/m]
# name 13 = CStarTr0: Beam Transmission, WET Labs C-Star [%]
# name 14 = sbeox0ML/L: Oxygen, SBE 43 [ml/l], WS = 2
# name 15 = sbeox1ML/L: Oxygen, SBE 43, 2 [ml/l], WS = 2
# name 16 = sal00: Salinity, Practical [PSU]
# name 17 = sal11: Salinity, Practical, 2 [PSU]
# name 18 = sigma-t00: Density [sigma-t, kg/m^3 ]
# name 19 = sigma-t11: Density, 2 [sigma-t, kg/m^3 ]
# name 20 = oxsatML/L: Oxygen Saturation, Weiss [ml/l]
# name 21 = flag: flag
# span 0 =         60,      48657       
# span 1 =      0.448,    164.475       
# span 2 =    -1.0664,     5.2262       
# span 3 =    -1.0671,     5.2260       
# span 4 =   2.648163,   3.072138       
# span 5 =   2.648101,   3.072239       
# span 6 =     2.4911,     2.9704       
# span 7 =     2.3063,     2.7542       
# span 8 =      7.958,      8.155       
# span 9 =     0.0068,     0.8860       
# span 10 =    -1.0759,     6.7804      
# span 11 = 1.0727e-01, 1.0222e+02      
# span 12 =     0.0549,     0.5586      
# span 13 =    86.9666,    98.6369      
# span 14 =     7.5066,     8.7780      
# span 15 =     6.1884,     7.1889      
# span 16 =    31.0697,    33.0945      
# span 17 =    31.5828,    33.0983      
# span 18 =    24.5366,    26.5994      
# span 19 =    24.9432,    26.6025      
# span 20 =    7.20949,    8.40887      
# span 21 = 0.0000e+00, 0.0000e+00      
# interval = scans: 3                   
# start_time = Nov 23 2019 14:48:09 [System UTC, header]
# bad_flag = -9.990e-29
*END*
[from data line 1778]
       6690    122.471    -0.6960    -0.7013   2.704963   2.705010     2.5063     2.3272      7.963     0.0606     1.9245 1.0790e-01     0.1922    95.3088     7.5856     6.2534    33.0458    33.0524    26.5587    26.5642    8.30677 0.0000e+00
       6693    122.566    -0.6991    -0.7028   2.704827   2.704892     2.5063     2.3272      7.963     0.0557     1.9245 1.0790e-01     0.1889    95.3870     7.5881     6.2526    33.0474    33.0523    26.5601    26.5642    8.30738 0.0000e+00
       6696    122.665    -0.7012    -0.7045   2.704742   2.704839     2.5055     2.3268      7.963     0.0606     1.9245 1.0790e-01     0.1831    95.5260     7.5886     6.2514    33.0485    33.0535    26.5610    26.5651    8.30780 0.0000e+00
       6699    122.767    -0.7031    -0.7043   2.704714   2.704944     2.5055     2.3272      7.963     0.0557     1.9245 1.0790e-01     0.1835    95.5173     7.5915     6.2538    33.0502    33.0546    26.5625    26.5661    8.30813 0.0000e+00
       6702    122.869    -0.7041    -0.7043   2.704728   2.704926     2.5055     2.3268      7.963     0.0557     1.9245 1.0777e-01     0.1835    95.5173     7.5943     6.2548    33.0513    33.0542    26.5634    26.5658    8.30828 0.0000e+00
       6705    122.974    -0.7044    -0.7047   2.704817   2.704925     2.5059     2.3259      7.963     0.0557     1.9245 1.0790e-01     0.1835    95.5173     7.5976     6.2529    33.0528    33.0546    26.5646    26.5661    8.30826 0.0000e+00
       6708    123.078    -0.7043    -0.7038   2.704798   2.705061     2.5063     2.3259      7.963     0.0557     1.9245 1.0790e-01     0.1835    95.5173     7.6001     6.2541    33.0524    33.0554    26.5643    26.5667    8.30827 0.0000e+00
       6711    123.188    -0.7041    -0.7027   2.704852   2.705137     2.5063     2.3259      7.963     0.0557     1.9245 1.0790e-01     0.1835    95.5173     7.6011     6.2537    33.0529    33.0551    26.5647    26.5664    8.30820 0.0000e+00
       6714    123.294    -0.7039    -0.7031   2.704929   2.705106     2.5067     2.3255      7.963     0.0557     1.9245 1.0777e-01     0.1817    95.5608     7.6035     6.2529    33.0536    33.0550    26.5652    26.5664    8.30811 0.0000e+00
       6717    123.403    -0.7034    -0.7034   2.704997   2.705073     2.5063     2.3251      7.963     0.0557     1.9245 1.0790e-01     0.1806    95.5868     7.6037     6.2530    33.0539    33.0549    26.5655    26.5663    8.30798 0.0000e+00
       6720    123.516    -0.7030    -0.7040   2.705034   2.705077     2.5067     2.3247      7.963     0.0557     1.9245 1.0790e-01     0.1802    95.5955     7.6059     6.2534    33.0538    33.0555    26.5654    26.5668    8.30788 0.0000e+00
       6723    123.625    -0.7027    -0.7041   2.705025   2.705054     2.5067     2.3255      7.963     0.0410     1.8850 1.0790e-01     0.1802    95.5955     7.6047     6.2583    33.0534    33.0553    26.5650    26.5666    8.30785 0.0000e+00
       6726    123.731    -0.7031    -0.7047   2.704973   2.704993     2.5067     2.3255      7.963     0.0410     1.8060 1.0790e-01     0.1802    95.5955     7.6027     6.2620    33.0530    33.0551    26.5648    26.5665    8.30796 0.0000e+00
       6729    123.838    -0.7035    -0.7056   2.704944   2.704928     2.5071     2.3247      7.963     0.0410     1.8060 1.0790e-01     0.1802    95.5955     7.6023     6.2614    33.0530    33.0551    26.5648    26.5665    8.30805 0.0000e+00
       6732    123.942    -0.7045    -0.7070   2.704804   2.704834     2.5067     2.3251      7.963     0.0410     1.8060 1.0790e-01     0.1806    95.5868     7.5997     6.2644    33.0521    33.0553    26.5641    26.5667    8.30832 0.0000e+00
       6735    124.043    -0.7060    -0.7085   2.704688   2.704738     2.5075     2.3247      7.963     0.0410     1.8060 1.0790e-01     0.1802    95.5955     7.6017     6.2641    33.0522    33.0556    26.5642    26.5670    8.30866 0.0000e+00
       6738    124.140    -0.7073    -0.7096   2.704620   2.704684     2.5071     2.3247      7.963     0.0410     1.8060 1.0790e-01     0.1806    95.5868     7.5991     6.2636    33.0527    33.0561    26.5646    26.5675    8.30893 0.0000e+00
       6741    124.229    -0.7085    -0.7102   2.704557   2.704662     2.5075     2.3247      7.963     0.0410     1.8060 1.0777e-01     0.1802    95.5955     7.5994     6.2620    33.0530    33.0563    26.5650    26.5677    8.30917 0.0000e+00
       6744    124.315    -0.7092    -0.7103   2.704565   2.704707     2.5071     2.3247      7.963     0.0410     1.8060 1.0790e-01     0.1802    95.5955     7.5976     6.2610    33.0538    33.0570    26.5656    26.5683    8.30927 0.0000e+00
       6747    124.396    -0.7096    -0.7103   2.704598   2.704748     2.5071     2.3247      7.963     0.0459     1.8060 1.0777e-01     0.1802    95.5955     7.5965     6.2603    33.0547    33.0575    26.5663    26.5687    8.30932 0.0000e+00
       6750    124.472    -0.7097    -0.7103   2.704612   2.704754     2.5071     2.3247      7.963     0.0459     1.8060 1.0790e-01     0.1802    95.5955     7.5949     6.2618    33.0550    33.0575    26.5666    26.5686    8.30934 0.0000e+00
       6753    124.539    -0.7099    -0.7103   2.704613   2.704790     2.5067     2.3247      7.963     0.0410     1.8060 1.0790e-01     0.1802    95.5955     7.5919     6.2611    33.0552    33.0580    26.5668    26.5690    8.30937 0.0000e+00
       6756    124.601    -0.7100    -0.7101   2.704630   2.704813     2.5071     2.3247      7.963     0.0459     1.8060 1.0777e-01     0.1791    95.6216     7.5920     6.2599    33.0555    33.0581    26.5670    26.5691    8.30938 0.0000e+00
       6759    124.657    -0.7100    -0.7101   2.704658   2.704769     2.5067     2.3239      7.963     0.0410     1.8060 1.0790e-01     0.1791    95.6216     7.5893     6.2556    33.0558    33.0574    26.5672    26.5686    8.30935 0.0000e+00
       6762    124.706    -0.7100    -0.7101   2.704650   2.704791     2.5067     2.3235      7.963     0.0410     1.8060 1.0790e-01     0.1791    95.6216     7.5881     6.2544    33.0556    33.0577    26.5671    26.5688    8.30935 0.0000e+00
       6765    124.753    -0.7098    -0.7101   2.704660   2.704811     2.5067     2.3239      7.963     0.0410     1.8060 1.0777e-01     0.1791    95.6216     7.5871     6.2565    33.0556    33.0579    26.5671    26.5690    8.30933 0.0000e+00
       6768    124.794    -0.7097    -0.7099   2.704630   2.704823     2.5071     2.3235      7.963     0.0410     1.8060 1.0790e-01     0.1791    95.6216     7.5879     6.2558    33.0550    33.0578    26.5666    26.5689    8.30933 0.0000e+00
       6771    124.825    -0.7094    -0.7099   2.704588   2.704829     2.5067     2.3243      7.963     0.0410     1.8060 1.0790e-01     0.1791    95.6216     7.5838     6.2584    33.0541    33.0578    26.5659    26.5689    8.30931 0.0000e+00
       6774    124.856    -0.7083    -0.7099   2.704521   2.704831     2.5063     2.3235      7.963     0.0410     1.8060 1.0790e-01     0.1798    95.6042     7.5806     6.2577    33.0520    33.0579    26.5642    26.5689    8.30919 0.0000e+00
       6777    124.879    -0.7069    -0.7096   2.704408   2.704856     2.5063     2.3231      7.963     0.0410     1.8850 1.0777e-01     0.1798    95.6042     7.5784     6.2576    33.0489    33.0580    26.5616    26.5690    8.30905 0.0000e+00
       6797    124.982    -0.7009    -0.7091   2.704296   2.704891     2.5046     2.3235      7.963     0.0508     1.9245 1.0790e-01     0.1831    95.5260     7.5687     6.2592    33.0408    33.0578    26.5548    26.5689    8.30817 0.0000e+00
       6810    125.055    -0.6993    -0.7086   2.704280   2.705021     2.5038     2.3231      7.963     0.0557     1.9245 1.0790e-01     0.1845    95.4912     7.5664     6.2569    33.0388    33.0589    26.5531    26.5697    8.30792 0.0000e+00
       6816    125.099    -0.6995    -0.7077   2.704323   2.705135     2.5042     2.3223      7.963     0.0557     1.9245 1.0777e-01     0.1845    95.4912     7.5692     6.2557    33.0395    33.0595    26.5537    26.5702    8.30792 0.0000e+00
       6819    125.124    -0.6999    -0.7082   2.704359   2.705091     2.5034     2.3223      7.963     0.0557     1.9245 1.0790e-01     0.1842    95.4999     7.5658     6.2555    33.0404    33.0594    26.5545    26.5701    8.30796 0.0000e+00
       6822    125.152    -0.7001    -0.7082   2.704414   2.705125     2.5030     2.3223      7.963     0.0557     1.9245 1.0790e-01     0.1842    95.4999     7.5650     6.2568    33.0413    33.0598    26.5552    26.5705    8.30795 0.0000e+00
       6825    125.186    -0.7000    -0.7078   2.704365   2.705173     2.5026     2.3223      7.963     0.0557     1.9245 1.0790e-01     0.1845    95.4912     7.5642     6.2577    33.0405    33.0600    26.5545    26.5705    8.30797 0.0000e+00
       6828    125.224    -0.7004    -0.7076   2.704339   2.705201     2.5026     2.3223      7.963     0.0459     1.9245 1.0790e-01     0.1842    95.4999     7.5648     6.2569    33.0407    33.0601    26.5547    26.5707    8.30806 0.0000e+00
       6831    125.263    -0.7005    -0.7072   2.704305   2.705262     2.5030     2.3223      7.963     0.0459     1.9245 1.0790e-01     0.1842    95.4999     7.5684     6.2573    33.0402    33.0605    26.5543    26.5710    8.30810 0.0000e+00
       6834    125.306    -0.7002    -0.7068   2.704132   2.705303     2.5022     2.3223      7.963     0.0459     1.9245 1.0790e-01     0.1842    95.4999     7.5661     6.2572    33.0376    33.0606    26.5522    26.5710    8.30819 0.0000e+00
       6837    125.356    -0.7005    -0.7065   2.703715   2.705349     2.5022     2.3223      7.963     0.0410     1.9245 1.0790e-01     0.1817    95.5608     7.5679     6.2572    33.0323    33.0609    26.5479    26.5712    8.30856 0.0000e+00
       6840    125.407    -0.7010    -0.7065   2.703681   2.705357     2.5022     2.3223      7.963     0.0508     1.9245 1.0790e-01     0.1824    95.5434     7.5703     6.2576    33.0324    33.0609    26.5480    26.5713    8.30867 0.0000e+00
       6843    125.462    -0.7020    -0.7065   2.703889   2.705346     2.5022     2.3223      7.963     0.0410     1.9245 1.0777e-01     0.1824    95.5434     7.5733     6.2574    33.0362    33.0608    26.5511    26.5711    8.30867 0.0000e+00
       6846    125.517    -0.7024    -0.7067   2.704143   2.705339     2.5018     2.3223      7.963     0.0459     1.9245 1.0777e-01     0.1820    95.5521     7.5734     6.2571    33.0400    33.0609    26.5542    26.5713    8.30854 0.0000e+00
       6849    125.577    -0.7028    -0.7067   2.704545   2.705340     2.5022     2.3219      7.963     0.0410     1.9245 1.0790e-01     0.1824    95.5434     7.5752     6.2552    33.0458    33.0608    26.5589    26.5712    8.30830 0.0000e+00
       6852    125.640    -0.7040    -0.7067   2.704813   2.705353     2.5022     2.3223      7.963     0.0459     1.9245 1.0790e-01     0.1824    95.5434     7.5768     6.2558    33.0507    33.0609    26.5629    26.5713    8.30829 0.0000e+00
       6855    125.703    -0.7043    -0.7067   2.704781   2.705354     2.5022     2.3215      7.963     0.0557     1.9245 1.0777e-01     0.1824    95.5434     7.5777     6.2522    33.0506    33.0610    26.5628    26.5713    8.30836 0.0000e+00
       6858    125.767    -0.7038    -0.7067   2.704813   2.705375     2.5018     2.3211      7.963     0.0557     1.9245 1.0790e-01     0.1824    95.5434     7.5777     6.2503    33.0504    33.0612    26.5627    26.5715    8.30826 0.0000e+00
       6861    125.833    -0.7042    -0.7068   2.704980   2.705412     2.5018     2.3215      7.963     0.0654     1.9245 1.0777e-01     0.1828    95.5347     7.5788     6.2516    33.0531    33.0617    26.5648    26.5719    8.30820 0.0000e+00
       6864    125.901    -0.7052    -0.7068   2.705152   2.705431     2.5022     2.3219      7.963     0.0606     1.9245 1.0777e-01     0.1828    95.5347     7.5800     6.2533    33.0564    33.0619    26.5676    26.5721    8.30824 0.0000e+00
       6867    125.966    -0.7056    -0.7066   2.705286   2.705456     2.5022     2.3219      7.963     0.0606     1.9245 1.0790e-01     0.1831    95.5260     7.5794     6.2540    33.0586    33.0620    26.5694    26.5722    8.30819 0.0000e+00
       6870    126.031    -0.7057    -0.7065   2.705315   2.705458     2.5022     2.3215      7.963     0.0557     1.9245 1.0790e-01     0.1824    95.5434     7.5807     6.2536    33.0592    33.0619    26.5698    26.5721    8.30820 0.0000e+00
       6873    126.096    -0.7058    -0.7065   2.705336   2.705471     2.5018     2.3215      7.963     0.0606     1.9245 1.0790e-01     0.1831    95.5260     7.5793     6.2547    33.0595    33.0621    26.5701    26.5722    8.30820 0.0000e+00
       6876    126.166    -0.7058    -0.7065   2.705355   2.705478     2.5022     2.3211      7.963     0.0557     1.9245 1.0790e-01     0.1813    95.5695     7.5813     6.2543    33.0597    33.0621    26.5702    26.5722    8.30819 0.0000e+00
       6879    126.232    -0.7058    -0.7066   2.705387   2.705502     2.5022     2.3211      7.963     0.0557     1.9245 1.0777e-01     0.1809    95.5782     7.5828     6.2560    33.0601    33.0625    26.5706    26.5726    8.30816 0.0000e+00
       6882    126.293    -0.7058    -0.7070   2.705386   2.705495     2.5022     2.3211      7.963     0.0557     2.0034 1.0790e-01     0.1813    95.5695     7.5836     6.2552    33.0601    33.0628    26.5706    26.5728    8.30818 0.0000e+00
       6885    126.356    -0.7059    -0.7074   2.705393   2.705484     2.5022     2.3211      7.963     0.0557     2.0429 1.0777e-01     0.1813    95.5695     7.5831     6.2521    33.0602    33.0631    26.5707    26.5731    8.30818 0.0000e+00
       6888    126.418    -0.7059    -0.7080   2.705410   2.705437     2.5018     2.3211      7.963     0.0557     2.0429 1.0790e-01     0.1813    95.5695     7.5823     6.2515    33.0603    33.0631    26.5708    26.5731    8.30817 0.0000e+00
       6891    126.480    -0.7061    -0.7086   2.705422   2.705451     2.5018     2.3211      7.963     0.0606     2.0429 1.0790e-01     0.1813    95.5695     7.5824     6.2504    33.0607    33.0638    26.5711    26.5737    8.30819 0.0000e+00
       6894    126.541    -0.7060    -0.7083   2.705426   2.705449     2.5030     2.3211      7.963     0.0606     2.0429 1.0790e-01     0.1817    95.5608     7.5882     6.2497    33.0606    33.0634    26.5710    26.5734    8.30817 0.0000e+00
       6897    126.602    -0.7060    -0.7081   2.705430   2.705468     2.5018     2.3211      7.961     0.0557     2.0429 1.0790e-01     0.1845    95.4912     7.5846     6.2490    33.0607    33.0635    26.5711    26.5734    8.30818 0.0000e+00
       6900    126.661    -0.7061    -0.7078   2.705445   2.705480     2.5026     2.3211      7.963     0.0557     2.0429 1.0790e-01     0.1849    95.4825     7.5881     6.2484    33.0609    33.0632    26.5713    26.5732    8.30818 0.0000e+00
       6903    126.721    -0.7062    -0.7078   2.705446   2.705497     2.5026     2.3211      7.963     0.0557     2.0429 1.0790e-01     0.1849    95.4825     7.5885     6.2476    33.0610    33.0634    26.5713    26.5734    8.30820 0.0000e+00
       6906    126.781    -0.7062    -0.7076   2.705449   2.705499     2.5026     2.3207      7.963     0.0459     2.0429 1.0790e-01     0.1852    95.4739     7.5885     6.2458    33.0610    33.0632    26.5713    26.5732    8.30820 0.0000e+00
       6909    126.837    -0.7062    -0.7076   2.705449   2.705488     2.5026     2.3202      7.963     0.0410     1.9245 1.0790e-01     0.1852    95.4739     7.5893     6.2443    33.0610    33.0631    26.5713    26.5731    8.30820 0.0000e+00
       6912    126.894    -0.7063    -0.7077   2.705430   2.705501     2.5026     2.3198      7.963     0.0459     1.9245 1.0790e-01     0.1845    95.4912     7.5892     6.2429    33.0608    33.0633    26.5711    26.5732    8.30823 0.0000e+00
