Datasets/AZMP/COO001/79001112.cnv
* Sea-Bird SBE 9 Data File:
* FileName = C:\CTDDATA\79001112.hex
* Software Version Seasave V 7.26.7.110
* Temperature SN = 5660
* Conductivity SN = 3698
* Number of Bytes Per Scan = 30
* Number of Voltage Words = 4
* Number of Scans Averaged by the Deck Unit = 1
* NMEA baud rate = 9600
** VESSEL/TRIP/SEQ STN:  79001112
** LATITUDE XX XX.XX N:  47 00.00 N
** LONGITUDE XX XX.XX W:  47 15.00 W
** SOUNDING DEPTH (M):  0535
** PROBE TYPE: S1257
** CTD NUMBER: 072
** COMMENTS (14 CHAR): FC-15
** BOTTLES:  13
** LEVELS: 5,5,10,20,20,30,40,50,75,100,150,250,BTM
** STICKERS: 435520 - 435532
** VNET: Y
** DO2: N
# nquan = 22
# nvalues = 10517                       
# units = specified
# name 0 = scan: Scan Count
# name 1 = prDM: Pressure, Digiquartz [db]
# name 2 = t090C: Temperature [ITS-90, deg C]
# name 3 = t190C: Temperature, 2 [ITS-90, deg C]
# name 4 = c0S/m: Conductivity [S/m]
# name 5 = c1S/m: Conductivity, 2 [S/m]
# name 6 = sbeox0V: Oxygen raw, SBE 43 [V]
# name 7 = sbeox1V: Oxygen raw, SBE 43, 2 [V]
# name 8 = ph: pH
# name 9 = flECO-AFL: Fluorescence, WET Labs ECO-AFL/FL [mg/m^3]
# name 10 = wetCDOM: Fluorescence, WET Labs CDOM [mg/m^3]
# name 11 = par/sat/log: PAR/Logarithmic, Satlantic [umol photons/m^2/sec]
# name 12 = CStarAt0: Beam Attenuation, WET Labs C-Star [1/m]
# name 13 = CStarTr0: Beam Transmission, WET Labs C-Star [%]
# name 14 = sbeox0ML/L: Oxygen, SBE 43 [ml/l], WS = 2
# name 15 = sbeox1ML/L: Oxygen, SBE 43, 2 [ml/l], WS = 2
# name 16 = sal00: Salinity, Practical [PSU]
# name 17 = sal11: Salinity, Practical, 2 [PSU]
# name 18 = sigma-t00: Density [sigma-t, kg/m^3 ]
# name 19 = sigma-t11: Density, 2 [sigma-t, kg/m^3 ]
# name 20 = oxsatML/L: Oxygen Saturation, Weiss [ml/l]
# name 21 = flag: flag
# span 0 =          2,      80008       
# span 1 =      0.702,    521.028       
# span 2 =     2.7577,     3.9801       
# span 3 =     2.7560,     3.9797       
# span 4 =   3.030774,   3.257030       
# span 5 =   3.030804,   3.257208       
# span 6 =     2.3729,     2.7783       
# span 7 =     2.3489,     2.7488       
# span 8 =      8.051,      8.150       
# span 9 =    -0.0176,     1.5795       
# span 10 =    -1.8655,     2.0429      
# span 11 = 1.0752e-01, 1.8289e+00      
# span 12 =     0.0556,     0.1959      
# span 13 =    95.2219,    98.6196      
# span 14 =     6.4253,     7.5507      
# span 15 =     6.7517,     7.9862      
# span 16 =    33.1383,    34.7717      
# span 17 =    33.1414,    34.7677      
# span 18 =    26.3814,    27.6099      
# span 19 =    26.3842,    27.6044      
# span 20 =    7.27880,    7.53156      
# span 21 = 0.0000e+00, 0.0000e+00      
# interval = scans: 3                   
# start_time = Dec 06 2019 07:10:02 [System UTC, header]
# bad_flag = -9.990e-29
*END*
[from data line 988]
       4269     85.493     3.5521     3.5006   3.134787   3.130367     2.6667     2.6382      8.125     0.1192     1.4507 1.0790e-01     0.0609    98.4892     7.1565     7.5704    33.9843    33.9851    27.0227    27.0283    7.39424 0.0000e+00
       4272     85.522     3.5585     3.5022   3.135424   3.130457     2.6663     2.6374      8.125     0.1143     1.4507 1.0790e-01     0.0609    98.4892     7.1535     7.5671    33.9852    33.9844    27.0228    27.0277    7.39302 0.0000e+00
       4275     85.549     3.5683     3.5034   3.135883   3.130488     2.6667     2.6374      8.125     0.1192     1.4507 1.0790e-01     0.0605    98.4979     7.1531     7.5661    33.9805    33.9835    27.0181    27.0268    7.39146 0.0000e+00
       4278     85.572     3.5760     3.5030   3.135878   3.130550     2.6667     2.6386      8.125     0.1094     1.5692 1.0790e-01     0.0605    98.4979     7.1559     7.5695    33.9724    33.9847    27.0109    27.0278    7.39045 0.0000e+00
       4281     85.595     3.5798     3.5051   3.135886   3.130716     2.6659     2.6386      8.125     0.1192     1.6876 1.0790e-01     0.0613    98.4805     7.1553     7.5678    33.9685    33.9845    27.0074    27.0274    7.38994 0.0000e+00
       4295     85.686     3.5846     3.5209   3.135989   3.131955     2.6671     2.6386      8.125     0.1143     1.6876 1.0790e-01     0.0609    98.4892     7.1558     7.5429    33.9647    33.9828    27.0039    27.0245    7.38926 0.0000e+00
       4302     85.732     3.5850     3.5485   3.136006   3.133250     2.6675     2.6386      8.125     0.1143     1.6876 1.0790e-01     0.0613    98.4805     7.1530     7.5237    33.9644    33.9694    27.0037    27.0112    7.38919 0.0000e+00
       4305     85.756     3.5848     3.5576   3.135987   3.133349     2.6667     2.6382      8.125     0.1143     1.6087 1.0790e-01     0.0609    98.4892     7.1478     7.5162    33.9644    33.9612    27.0037    27.0038    7.38922 0.0000e+00
       4308     85.778     3.5847     3.5384   3.135978   3.131947     2.6675     2.6378      8.125     0.1094     1.5692 1.0790e-01     0.0609    98.4892     7.1484     7.5121    33.9644    33.9644    27.0037    27.0082    7.38925 0.0000e+00
       4311     85.806     3.5842     3.5189   3.135953   3.131030     2.6663     2.6374      8.125     0.1143     1.5692 1.0790e-01     0.0609    98.4892     7.1428     7.5078    33.9645    33.9737    27.0039    27.0175    7.38932 0.0000e+00
       4314     85.839     3.5833     3.5088   3.135865   3.130619     2.6643     2.6374      8.125     0.1143     1.5692 1.0790e-01     0.0609    98.4892     7.1337     7.5042    33.9644    33.9793    27.0039    27.0229    7.38950 0.0000e+00
       4317     85.875     3.5830     3.5166   3.135887   3.131610     2.6663     2.6362      8.123     0.1143     1.5692 1.0790e-01     0.0609    98.4892     7.1387     7.4939    33.9650    33.9831    27.0044    27.0252    7.38953 0.0000e+00
       4320     85.915     3.5810     3.5343   3.135320   3.132746     2.6651     2.6362      8.125     0.1143     1.5692 1.0790e-01     0.0609    98.4892     7.1324     7.4880    33.9603    33.9781    27.0008    27.0195    7.39013 0.0000e+00
       4323     85.955     3.5718     3.5291   3.134090   3.131905     2.6635     2.6358      8.125     0.1143     1.5692 1.0790e-01     0.0620    98.4632     7.1270     7.4842    33.9551    33.9735    26.9976    27.0164    7.39207 0.0000e+00
       4326     85.999     3.5555     3.5273   3.132599   3.132314     2.6639     2.6350      8.125     0.1143     1.5692 1.0790e-01     0.0620    98.4632     7.1305     7.4795    33.9542    33.9802    26.9984    27.0219    7.39510 0.0000e+00
       4329     86.047     3.5432     3.5339   3.132544   3.132758     2.6639     2.6350      8.124     0.1143     1.5692 1.0790e-01     0.0620    98.4632     7.1320     7.4765    33.9664    33.9787    27.0093    27.0200    7.39677 0.0000e+00
       4332     86.096     3.5373     3.5413   3.132208   3.133280     2.6643     2.6337      8.125     0.1192     1.5692 1.0790e-01     0.0620    98.4632     7.1341     7.4686    33.9685    33.9771    27.0116    27.0181    7.39775 0.0000e+00
       4335     86.152     3.5369     3.5518   3.133088   3.133983     2.6631     2.6337      8.125     0.1192     1.5692 1.0790e-01     0.0620    98.4632     7.1305     7.4637    33.9794    33.9746    27.0203    27.0151    7.39728 0.0000e+00
       4338     86.210     3.5438     3.5595   3.133870   3.134472     2.6631     2.6329      8.125     0.1143     1.5692 1.0790e-01     0.0620    98.4632     7.1287     7.4581    33.9816    33.9725    27.0214    27.0126    7.39591 0.0000e+00
       4341     86.271     3.5538     3.5690   3.134991   3.135168     2.6618     2.6325      8.125     0.1143     1.5692 1.0790e-01     0.0616    98.4719     7.1208     7.4533    33.9846    33.9708    27.0228    27.0103    7.39393 0.0000e+00
       4344     86.334     3.5633     3.5731   3.135201   3.135297     2.6622     2.6321      8.125     0.1143     1.5692 1.0790e-01     0.0598    98.5153     7.1212     7.4484    33.9771    33.9680    27.0159    27.0077    7.39254 0.0000e+00
       4347     86.397     3.5628     3.5771   3.133742   3.135633     2.6618     2.6313      8.125     0.1143     1.5692 1.0790e-01     0.0598    98.5153     7.1177     7.4441    33.9601    33.9678    27.0024    27.0072    7.39348 0.0000e+00
       4350     86.462     3.5428     3.5791   3.131202   3.135706     2.6606     2.6309      8.124     0.1143     1.5692 1.0790e-01     0.0598    98.5153     7.1159     7.4413    33.9505    33.9666    26.9967    27.0060    7.39763 0.0000e+00
       4353     86.529     3.5200     3.5805   3.129439   3.135905     2.6606     2.6301      8.123     0.1192     1.5692 1.0790e-01     0.0595    98.5240     7.1190     7.4373    33.9530    33.9675    27.0009    27.0066    7.40168 0.0000e+00
       4356     86.596     3.4958     3.5806   3.127016   3.135764     2.6598     2.6292      8.123     0.1143     1.5297 1.0790e-01     0.0598    98.5153     7.1206     7.4329    33.9492    33.9657    27.0002    27.0052    7.40633 0.0000e+00
       4359     86.663     3.4695     3.5669   3.125159   3.134086     2.6598     2.6288      8.123     0.1192     1.4507 1.0790e-01     0.0598    98.5153     7.1248     7.4322    33.9543    33.9598    27.0068    27.0018    7.41092 0.0000e+00
       4362     86.727     3.4480     3.5357   3.124281   3.131659     2.6594     2.6280      8.123     0.1143     1.4507 1.0790e-01     0.0595    98.5240     7.1263     7.4326    33.9663    33.9632    27.0184    27.0075    7.41431 0.0000e+00
       4365     86.791     3.4342     3.4859   3.123940   3.127785     2.6586     2.6276      8.121     0.1045     1.4507 1.0790e-01     0.0588    98.5414     7.1255     7.4387    33.9765    33.9687    27.0279    27.0167    7.41634 0.0000e+00
       4368     86.856     3.4251     3.4425   3.123462   3.125174     2.6573     2.6264      8.121     0.0996     1.4507 1.0790e-01     0.0588    98.5414     7.1220     7.4422    33.9803    33.9826    27.0317    27.0319    7.41784 0.0000e+00
       4371     86.923     3.4166     3.4283   3.122849   3.124857     2.6569     2.6264      8.121     0.0996     1.4507 1.0790e-01     0.0588    98.5414     7.1229     7.4437    33.9818    33.9937    27.0337    27.0421    7.41934 0.0000e+00
       4374     86.985     3.4097     3.4212   3.122556   3.123791     2.6569     2.6256      8.121     0.1045     1.4507 1.0790e-01     0.0588    98.5414     7.1244     7.4422    33.9854    33.9883    27.0372    27.0385    7.42042 0.0000e+00
       4377     87.045     3.4048     3.4085   3.122333   3.123012     2.6565     2.6248      8.121     0.0996     1.4507 1.0790e-01     0.0588    98.5414     7.1226     7.4409    33.9878    33.9922    27.0396    27.0428    7.42121 0.0000e+00
       4380     87.106     3.4013     3.4016   3.122189   3.122723     2.6549     2.6240      8.121     0.0996     1.4507 1.0790e-01     0.0588    98.5414     7.1181     7.4386    33.9897    33.9959    27.0415    27.0464    7.42176 0.0000e+00
       4383     87.167     3.3987     3.3985   3.122068   3.122583     2.6553     2.6231      8.121     0.0996     1.4902 1.0790e-01     0.0591    98.5327     7.1207     7.4342    33.9910    33.9973    27.0428    27.0479    7.42219 0.0000e+00
       4386     87.225     3.3970     3.3974   3.122000   3.122568     2.6541     2.6219      8.121     0.1045     1.5692 1.0790e-01     0.0588    98.5414     7.1179     7.4291    33.9919    33.9984    27.0436    27.0488    7.42245 0.0000e+00
       4389     87.284     3.3957     3.3970   3.121936   3.122476     2.6545     2.6219      8.121     0.0996     1.5692 1.0790e-01     0.0588    98.5414     7.1204     7.4292    33.9924    33.9977    27.0442    27.0483    7.42266 0.0000e+00
       4392     87.341     3.3946     3.3958   3.121872   3.122299     2.6533     2.6215      8.118     0.1045     1.5692 1.0790e-01     0.0588    98.5414     7.1176     7.4280    33.9928    33.9967    27.0446    27.0476    7.42285 0.0000e+00
       4395     87.397     3.3935     3.3932   3.121807   3.122165     2.6533     2.6203      8.121     0.0996     1.5692 1.0790e-01     0.0588    98.5414     7.1179     7.4235    33.9931    33.9978    27.0450    27.0487    7.42304 0.0000e+00
       4398     87.453     3.3929     3.3925   3.121789   3.122092     2.6521     2.6195      8.121     0.0996     1.5692 1.0790e-01     0.0588    98.5414     7.1134     7.4238    33.9935    33.9976    27.0453    27.0486    7.42312 0.0000e+00
       4401     87.509     3.3923     3.3922   3.121725   3.121934     2.6517     2.6191      8.121     0.1045     1.5692 1.0790e-01     0.0595    98.5240     7.1117     7.4250    33.9934    33.9960    27.0453    27.0474    7.42325 0.0000e+00
       4404     87.566     3.3917     3.3887   3.121690   3.121696     2.6512     2.6179      8.119     0.0996     1.5692 1.0790e-01     0.0588    98.5414     7.1098     7.4228    33.9935    33.9968    27.0454    27.0483    7.42335 0.0000e+00
       4407     87.621     3.3913     3.3859   3.121612   3.121510     2.6512     2.6170      8.119     0.0996     1.5692 1.0790e-01     0.0588    98.5414     7.1094     7.4228    33.9930    33.9974    27.0451    27.0491    7.42346 0.0000e+00
       4410     87.677     3.3900     3.3835   3.121433   3.121330     2.6504     2.6166      8.119     0.1045     1.4507 1.0790e-01     0.0588    98.5414     7.1057     7.4220    33.9921    33.9977    27.0445    27.0496    7.42373 0.0000e+00
       4413     87.735     3.3882     3.3805   3.121249   3.121114     2.6500     2.6162      8.121     0.0996     1.4507 1.0790e-01     0.0588    98.5414     7.1045     7.4219    33.9918    33.9982    27.0444    27.0502    7.42409 0.0000e+00
       4416     87.795     3.3863     3.3776   3.121119   3.120906     2.6496     2.6154      8.119     0.1045     1.4507 1.0790e-01     0.0588    98.5414     7.1037     7.4207    33.9922    33.9988    27.0449    27.0510    7.42442 0.0000e+00
       4419     87.856     3.3846     3.3745   3.121060   3.120760     2.6492     2.6146      8.119     0.1143     1.4507 1.0790e-01     0.0588    98.5414     7.1013     7.4215    33.9932    34.0002    27.0459    27.0524    7.42468 0.0000e+00
       4422     87.917     3.3832     3.3729   3.120962   3.120699     2.6476     2.6146      8.118     0.1143     1.4507 1.0790e-01     0.0588    98.5414     7.0953     7.4234    33.9934    34.0011    27.0462    27.0533    7.42492 0.0000e+00
       4425     87.982     3.3809     3.3719   3.120721   3.120627     2.6472     2.6138      8.119     0.1094     1.4507 1.0790e-01     0.0588    98.5414     7.0921     7.4224    33.9929    34.0013    27.0460    27.0535    7.42537 0.0000e+00
       4428     88.051     3.3784     3.3699   3.120513   3.120397     2.6468     2.6130      8.118     0.1143     1.4507 1.0790e-01     0.0588    98.5414     7.0885     7.4233    33.9931    34.0006    27.0463    27.0531    7.42584 0.0000e+00
       4431     88.118     3.3754     3.3656   3.120329   3.120139     2.6464     2.6126      8.117     0.1143     1.4507 1.0790e-01     0.0588    98.5414     7.0879     7.4242    33.9939    34.0019    27.0473    27.0546    7.42635 0.0000e+00
       4434     88.191     3.3719     3.3615   3.120011   3.119839     2.6456     2.6117      8.117     0.1143     1.4507 1.0790e-01     0.0588    98.5414     7.0868     7.4216    33.9937    34.0025    27.0475    27.0555    7.42700 0.0000e+00
       4437     88.264     3.3677     3.3585   3.119734   3.119677     2.6451     2.6113      8.117     0.1143     1.5692 1.0790e-01     0.0591    98.5327     7.0866     7.4213    33.9948    34.0037    27.0487    27.0567    7.42774 0.0000e+00
       4440     88.338     3.3640     3.3561   3.119539   3.119526     2.6447     2.6105      8.117     0.1192     1.5692 1.0790e-01     0.0588    98.5414     7.0860     7.4208    33.9962    34.0043    27.0502    27.0574    7.42835 0.0000e+00
       4443     88.415     3.3607     3.3530   3.119359   3.119228     2.6427     2.6105      8.117     0.0996     1.5692 1.0790e-01     0.0591    98.5327     7.0823     7.4217    33.9974    34.0039    27.0515    27.0574    7.42889 0.0000e+00
       4446     88.494     3.3576     3.3502   3.119096   3.119079     2.6431     2.6093      8.117     0.0996     1.5692 1.0790e-01     0.0588    98.5414     7.0846     7.4192    33.9975    34.0051    27.0519    27.0586    7.42947 0.0000e+00
       4449     88.577     3.3543     3.3473   3.118934   3.118922     2.6411     2.6093      8.117     0.1045     1.5692 1.0790e-01     0.0588    98.5414     7.0793     7.4218    33.9989    34.0062    27.0533    27.0597    7.43000 0.0000e+00
       4452     88.660     3.3515     3.3447   3.118797   3.118751     2.6407     2.6093      8.117     0.0996     1.5692 1.0790e-01     0.0588    98.5414     7.0794     7.4254    34.0002    34.0068    27.0546    27.0605    7.43047 0.0000e+00
       4455     88.743     3.3490     3.3420   3.118612   3.118597     2.6415     2.6081      8.117     0.0996     1.5692 1.0790e-01     0.0588    98.5414     7.0846     7.4237    34.0006    34.0077    27.0551    27.0614    7.43091 0.0000e+00
       4458     88.829     3.3465     3.3396   3.118482   3.118451     2.6411     2.6073      8.117     0.0996     1.5692 1.0790e-01     0.0588    98.5414     7.0850     7.4226    34.0016    34.0084    27.0561    27.0623    7.43132 0.0000e+00
       4461     88.917     3.3438     3.3379   3.118329   3.118385     2.6398     2.6073      8.117     0.0996     1.5692 1.0790e-01     0.0588    98.5414     7.0819     7.4255    34.0025    34.0094    27.0571    27.0631    7.43178 0.0000e+00
       4464     89.007     3.3415     3.3371   3.118256   3.118367     2.6394     2.6069      8.117     0.1045     1.5692 1.0790e-01     0.0588    98.5414     7.0833     7.4249    34.0040    34.0099    27.0585    27.0637    7.43212 0.0000e+00
       4467     89.096     3.3400     3.3365   3.118242   3.118359     2.6394     2.6060      8.117     0.0996     1.5692 1.0790e-01     0.0581    98.5587     7.0858     7.4246    34.0053    34.0104    27.0597    27.0641    7.43234 0.0000e+00
       4470     89.180     3.3391     3.3352   3.118232   3.118271     2.6378     2.6056      8.117     0.0947     1.5692 1.0790e-01     0.0584    98.5501     7.0809     7.4257    34.0061    34.0107    27.0604    27.0645    7.43246 0.0000e+00
       4473     89.265     3.3381     3.3323   3.118185   3.118061     2.6386     2.6056      8.117     0.0850     1.5692 1.0790e-01     0.0581    98.5587     7.0832     7.4278    34.0065    34.0111    27.0609    27.0651    7.43263 0.0000e+00
       4476     89.350     3.3368     3.3279   3.118018   3.117740     2.6374     2.6056      8.117     0.0850     1.5692 1.0790e-01     0.0581    98.5587     7.0788     7.4299    34.0059    34.0119    27.0605    27.0661    7.43291 0.0000e+00
