Datasets/AZMP/COO001/79001024.cnv
* Sea-Bird SBE 9 Data File:
* FileName = C:\CTDDATA\79001024.hex
* Software Version Seasave V 7.26.7.110
* Temperature SN = 5660
* Conductivity SN = 3698
* Number of Bytes Per Scan = 30
* Number of Voltage Words = 4
* Number of Scans Averaged by the Deck Unit = 1
* NMEA baud rate = 9600
** VESSEL/TRIP/SEQ STN:  79001024
** LATITUDE XX XX.XX N:  46 04.20 N
** LONGITUDE XX XX.XX W:  52 30.00 W
** SOUNDING DEPTH (M):  0093
** PROBE TYPE: S1257
** CTD NUMBER: 011
** COMMENTS (14 CHAR): SEGB-05
** BOTTLES:  20
** LEVELS: 5,5,5,5,10,20,20,20,20,30,40,50,50,50,50,75,BTM,BTM,BTM,BTM
** STICKERS: 434725 - 434744
** VNET: Y
** DO2: N
# nquan = 22
# nvalues = 3203                        
# units = specified
# name 0 = scan: Scan Count
# name 1 = prDM: Pressure, Digiquartz [db]
# name 2 = t090C: Temperature [ITS-90, deg C]
# name 3 = t190C: Temperature, 2 [ITS-90, deg C]
# name 4 = c0S/m: Conductivity [S/m]
# name 5 = c1S/m: Conductivity, 2 [S/m]
# name 6 = sbeox0V: Oxygen raw, SBE 43 [V]
# name 7 = sbeox1V: Oxygen raw, SBE 43, 2 [V]
# name 8 = ph: pH
# name 9 = flECO-AFL: Fluorescence, WET Labs ECO-AFL/FL [mg/m^3]
# name 10 = wetCDOM: Fluorescence, WET Labs CDOM [mg/m^3]
# name 11 = par/sat/log: PAR/Logarithmic, Satlantic [umol photons/m^2/sec]
# name 12 = CStarAt0: Beam Attenuation, WET Labs C-Star [1/m]
# name 13 = CStarTr0: Beam Transmission, WET Labs C-Star [%]
# name 14 = sbeox0ML/L: Oxygen, SBE 43 [ml/l], WS = 2
# name 15 = sbeox1ML/L: Oxygen, SBE 43, 2 [ml/l], WS = 2
# name 16 = sal00: Salinity, Practical [PSU]
# name 17 = sal11: Salinity, Practical, 2 [PSU]
# name 18 = sigma-t00: Density [sigma-t, kg/m^3 ]
# name 19 = sigma-t11: Density, 2 [sigma-t, kg/m^3 ]
# name 20 = oxsatML/L: Oxygen Saturation, Weiss [ml/l]
# name 21 = flag: flag
# span 0 =         48,      35359       
# span 1 =      1.613,     86.816       
# span 2 =    -0.3774,     7.1562       
# span 3 =    -0.3824,     7.1571       
# span 4 =   2.730016,   3.264739       
# span 5 =   2.729895,   3.264903       
# span 6 =     2.4408,     2.9659       
# span 7 =     2.2564,     2.7473       
# span 8 =      7.932,      8.168       
# span 9 =     0.0996,     2.8640       
# span 10 =     1.0954,     2.1614      
# span 11 = 1.0752e-01, 3.4404e+01      
# span 12 =     0.1045,     0.4004      
# span 13 =    90.4772,    97.4204      
# span 14 =     6.1921,     8.3546      
# span 15 =     5.2704,     6.5857      
# span 16 =    30.9799,    33.3077      
# span 17 =    31.7905,    33.0626      
# span 18 =    24.5428,    26.5741      
# span 19 =    24.9747,    26.5586      
# span 20 =    6.87208,    8.23524      
# span 21 = 0.0000e+00, 0.0000e+00      
# interval = scans: 3                   
# start_time = Nov 23 2019 18:22:59 [System UTC, header]
# bad_flag = -9.990e-29
*END*
[from data line 2766]
      25197     21.466     7.1548     7.1543   3.262878   3.263004     2.9601     2.7342      8.163     0.5490     1.3323 1.7747e+00     0.1120    97.2379     7.4507     6.1290    31.9343    31.9361    24.9840    24.9855    6.87232 0.0000e+00
      25201     21.433     7.1548     7.1543   3.262872   3.263018     2.9601     2.7350      8.163     0.5392     1.3323 1.7829e+00     0.1120    97.2379     7.4508     6.1298    31.9342    31.9363    24.9839    24.9856    6.87232 0.0000e+00
      25204     21.405     7.1547     7.1543   3.262883   3.263014     2.9601     2.7354      8.163     0.5392     1.3323 1.7912e+00     0.1120    97.2379     7.4509     6.1288    31.9344    31.9362    24.9841    24.9856    6.87232 0.0000e+00
      25207     21.376     7.1547     7.1542   3.262863   3.263012     2.9601     2.7350      8.163     0.5392     1.3323 1.7953e+00     0.1120    97.2379     7.4507     6.1254    31.9342    31.9363    24.9840    24.9857    6.87233 0.0000e+00
      25210     21.352     7.1547     7.1542   3.262889   3.262992     2.9601     2.7350      8.163     0.5441     1.3323 1.7953e+00     0.1120    97.2379     7.4505     6.1234    31.9346    31.9361    24.9842    24.9855    6.87233 0.0000e+00
      25253     21.184     7.1549     7.1544   3.262900   3.262995     2.9593     2.7338      8.163     0.5392     1.2534 1.8311e+00     0.1113    97.2553     7.4506     6.1247    31.9345    31.9360    24.9842    24.9854    6.87229 0.0000e+00
      25278     21.077     7.1549     7.1545   3.262892   3.263003     2.9589     2.7330      8.163     0.5295     1.2139 1.8523e+00     0.1067    97.3682     7.4512     6.1254    31.9345    31.9361    24.9841    24.9854    6.87228 0.0000e+00
      25282     21.046     7.1549     7.1546   3.262874   3.263013     2.9593     2.7330      8.163     0.5197     1.2139 1.8673e+00     0.1067    97.3682     7.4518     6.1246    31.9344    31.9361    24.9841    24.9854    6.87231 0.0000e+00
      25285     21.019     7.1549     7.1546   3.262871   3.263009     2.9589     2.7330      8.163     0.5197     1.2139 1.8630e+00     0.1071    97.3595     7.4503     6.1243    31.9343    31.9361    24.9840    24.9855    6.87230 0.0000e+00
      25288     20.990     7.1549     7.1545   3.262880   3.262988     2.9593     2.7330      8.163     0.5246     1.2139 1.8630e+00     0.1067    97.3682     7.4507     6.1240    31.9344    31.9359    24.9841    24.9853    6.87230 0.0000e+00
      25291     20.958     7.1550     7.1544   3.262878   3.262998     2.9589     2.7330      8.163     0.5197     1.2139 1.8630e+00     0.1067    97.3682     7.4482     6.1236    31.9343    31.9361    24.9840    24.9855    6.87228 0.0000e+00
      25294     20.926     7.1550     7.1545   3.262876   3.262991     2.9593     2.7330      8.163     0.5197     1.2139 1.8825e+00     0.1120    97.2379     7.4475     6.1237    31.9343    31.9360    24.9840    24.9854    6.87229 0.0000e+00
      25297     20.895     7.1549     7.1545   3.262860   3.262989     2.9597     2.7330      8.163     0.5246     1.2139 1.9044e+00     0.1142    97.1858     7.4462     6.1233    31.9342    31.9360    24.9839    24.9854    6.87230 0.0000e+00
      25300     20.859     7.1549     7.1544   3.262888   3.262992     2.9593     2.7330      8.163     0.5294     1.2139 1.9199e+00     0.1142    97.1858     7.4432     6.1232    31.9346    31.9361    24.9842    24.9855    6.87229 0.0000e+00
      25303     20.824     7.1550     7.1546   3.262872   3.262991     2.9589     2.7330      8.163     0.5734     1.2139 1.9243e+00     0.1142    97.1858     7.4402     6.1236    31.9343    31.9360    24.9840    24.9854    6.87228 0.0000e+00
      25306     20.787     7.1549     7.1545   3.262833   3.263000     2.9589     2.7330      8.163     0.5734     1.1744 1.9467e+00     0.1142    97.1858     7.4384     6.1243    31.9340    31.9362    24.9838    24.9855    6.87232 0.0000e+00
      25309     20.752     7.1548     7.1544   3.262857   3.262990     2.9589     2.7330      8.163     0.5685     1.0954 1.9512e+00     0.1142    97.1858     7.4364     6.1244    31.9343    31.9362    24.9840    24.9855    6.87231 0.0000e+00
      25312     20.718     7.1549     7.1543   3.262884   3.262974     2.9589     2.7330      8.163     0.5734     1.0954 1.9557e+00     0.1142    97.1858     7.4342     6.1255    31.9346    31.9361    24.9842    24.9856    6.87229 0.0000e+00
      25315     20.683     7.1548     7.1542   3.262859   3.262960     2.9585     2.7334      8.161     0.5636     1.0954 1.9647e+00     0.1153    97.1597     7.4313     6.1277    31.9344    31.9361    24.9841    24.9855    6.87231 0.0000e+00
      25318     20.648     7.1549     7.1541   3.262849   3.262944     2.9581     2.7330      8.163     0.5685     1.0954 1.9625e+00     0.1156    97.1510     7.4276     6.1274    31.9343    31.9360    24.9840    24.9854    6.87230 0.0000e+00
      25321     20.614     7.1547     7.1541   3.262839   3.262925     2.9577     2.7330      8.163     0.5636     1.0954 1.9670e+00     0.1156    97.1510     7.4248     6.1281    31.9343    31.9359    24.9840    24.9853    6.87233 0.0000e+00
      25324     20.583     7.1548     7.1540   3.262837   3.262907     2.9573     2.7330      8.163     0.5636     1.0954 1.9670e+00     0.1153    97.1597     7.4226     6.1288    31.9342    31.9358    24.9839    24.9853    6.87232 0.0000e+00
      25327     20.553     7.1547     7.1537   3.262799   3.262925     2.9565     2.7338      8.163     0.5783     1.0954 1.9625e+00     0.1156    97.1510     7.4196     6.1321    31.9339    31.9362    24.9838    24.9857    6.87235 0.0000e+00
      25330     20.522     7.1545     7.1539   3.262813   3.262953     2.9565     2.7334      8.163     0.5881     1.0954 1.9647e+00     0.1153    97.1597     7.4186     6.1317    31.9343    31.9363    24.9840    24.9857    6.87236 0.0000e+00
      25333     20.492     7.1544     7.1542   3.262821   3.262964     2.9561     2.7334      8.163     0.5929     1.0954 1.9647e+00     0.1149    97.1684     7.4166     6.1320    31.9344    31.9362    24.9842    24.9856    6.87237 0.0000e+00
      25336     20.464     7.1545     7.1542   3.262813   3.262944     2.9557     2.7342      8.163     0.5881     1.0954 1.9716e+00     0.1120    97.2379     7.4157     6.1345    31.9343    31.9360    24.9840    24.9854    6.87236 0.0000e+00
      25339     20.435     7.1545     7.1543   3.262785   3.262937     2.9553     2.7342      8.163     0.5881     1.0954 1.9647e+00     0.1117    97.2466     7.4157     6.1350    31.9340    31.9358    24.9838    24.9852    6.87238 0.0000e+00
      25345     20.392     7.1543     7.1543   3.262774   3.262962     2.9540     2.7342      8.163     0.5929     1.0954 1.9693e+00     0.1120    97.2379     7.4145     6.1354    31.9341    31.9362    24.9839    24.9856    6.87241 0.0000e+00
      25349     20.361     7.1539     7.1544   3.262744   3.262953     2.9540     2.7350      8.163     0.5929     1.0954 1.9739e+00     0.1117    97.2466     7.4172     6.1368    31.9341    31.9359    24.9840    24.9854    6.87246 0.0000e+00
      25405     20.339     7.1543     7.1544   3.262778   3.262973     2.9528     2.7342      8.163     0.5880     1.1349 1.9996e+00     0.1113    97.2553     7.4176     6.1322    31.9341    31.9362    24.9840    24.9855    6.87240 0.0000e+00
      25513     20.316     7.1547     7.1542   3.262800   3.262950     2.9524     2.7342      8.163     0.5441     1.2139 2.0721e+00     0.1110    97.2640     7.4216     6.1279    31.9340    31.9361    24.9838    24.9855    6.87234 0.0000e+00
      25516     20.291     7.1546     7.1542   3.262814   3.262928     2.9516     2.7342      8.163     0.5490     1.1349 2.0793e+00     0.1135    97.2032     7.4197     6.1260    31.9343    31.9359    24.9841    24.9854    6.87235 0.0000e+00
      26031     20.275     7.1545     7.1543   3.262824   3.262933     2.9483     2.7354      8.163     0.6271     1.0954 2.0865e+00     0.1131    97.2118     7.4099     6.1284    31.9345    31.9359    24.9842    24.9853    6.87236 0.0000e+00
      26034     20.247     7.1546     7.1542   3.262807   3.262937     2.9479     2.7354      8.163     0.5685     1.0954 2.0817e+00     0.1127    97.2205     7.4104     6.1254    31.9342    31.9360    24.9840    24.9855    6.87235 0.0000e+00
      26037     20.223     7.1546     7.1541   3.262822   3.262945     2.9483     2.7354      8.163     0.5295     1.0954 2.0793e+00     0.1131    97.2118     7.4126     6.1227    31.9344    31.9362    24.9842    24.9856    6.87235 0.0000e+00
      26040     20.201     7.1544     7.1543   3.262783   3.262945     2.9479     2.7354      8.163     0.5295     1.2139 2.0817e+00     0.1131    97.2118     7.4134     6.1194    31.9341    31.9361    24.9840    24.9855    6.87238 0.0000e+00
      26399     20.165     7.1535     7.1544   3.262695   3.262980     2.9492     2.7350      8.163     0.5295     1.1744 2.1036e+00     0.1128    97.2205     7.4215     6.1158    31.9341    31.9363    24.9840    24.9857    6.87253 0.0000e+00
      26694     20.122     7.1520     7.1547   3.262547   3.263012     2.9504     2.7338      8.163     0.5050     1.2139 2.1702e+00     0.1131    97.2118     7.4268     6.1056    31.9339    31.9364    24.9840    24.9857    6.87278 0.0000e+00
      26697     20.080     7.1515     7.1549   3.262505   3.263002     2.9504     2.7330      8.163     0.5050     1.2139 2.1928e+00     0.1131    97.2118     7.4250     6.1045    31.9339    31.9362    24.9842    24.9855    6.87286 0.0000e+00
      26700     20.038     7.1512     7.1547   3.262478   3.262970     2.9500     2.7326      8.163     0.5099     1.2139 2.2005e+00     0.1131    97.2118     7.4217     6.1050    31.9339    31.9360    24.9841    24.9854    6.87291 0.0000e+00
      26703     20.001     7.1509     7.1547   3.262442   3.263000     2.9504     2.7330      8.163     0.5148     1.2139 2.2132e+00     0.1131    97.2118     7.4215     6.1075    31.9338    31.9364    24.9842    24.9856    6.87297 0.0000e+00
      26706     19.964     7.1507     7.1548   3.262419   3.262992     2.9496     2.7322      8.163     0.5050     1.2139 2.2158e+00     0.1135    97.2031     7.4175     6.1070    31.9338    31.9362    24.9842    24.9855    6.87300 0.0000e+00
      26709     19.928     7.1502     7.1548   3.262372   3.262986     2.9504     2.7326      8.163     0.5050     1.2139 2.2312e+00     0.1113    97.2553     7.4177     6.1100    31.9337    31.9362    24.9842    24.9855    6.87308 0.0000e+00
      26712     19.893     7.1500     7.1546   3.262393   3.262982     2.9500     2.7318      8.163     0.5050     1.2139 2.2390e+00     0.1110    97.2640     7.4153     6.1093    31.9342    31.9363    24.9846    24.9856    6.87309 0.0000e+00
      26715     19.865     7.1500     7.1546   3.262424   3.262943     2.9500     2.7318      8.163     0.5294     1.2139 2.2442e+00     0.1110    97.2640     7.4145     6.1107    31.9345    31.9359    24.9848    24.9853    6.87307 0.0000e+00
      26718     19.840     7.1501     7.1547   3.262396   3.262988     2.9500     2.7318      8.163     0.5343     1.2139 2.2390e+00     0.1110    97.2640     7.4146     6.1123    31.9342    31.9363    24.9845    24.9856    6.87308 0.0000e+00
      27981     19.808     7.1542     7.1553   3.262752   3.263030     2.9504     2.7366      8.163     0.4806     1.0954 2.6568e+00     0.1124    97.2292     7.4219     6.1343    31.9342    31.9362    24.9840    24.9854    6.87241 0.0000e+00
      27984     19.760     7.1542     7.1554   3.262798   3.263038     2.9500     2.7366      8.163     0.4806     1.0954 2.6599e+00     0.1120    97.2379     7.4224     6.1327    31.9348    31.9362    24.9845    24.9854    6.87240 0.0000e+00
      27987     19.712     7.1544     7.1554   3.262814   3.263028     2.9504     2.7366      8.163     0.4855     1.0954 2.6568e+00     0.1120    97.2379     7.4251     6.1305    31.9348    31.9361    24.9844    24.9854    6.87236 0.0000e+00
      27990     19.667     7.1544     7.1554   3.262810   3.263034     2.9504     2.7366      8.163     0.4757     1.0954 2.6691e+00     0.1120    97.2379     7.4258     6.1292    31.9347    31.9362    24.9844    24.9854    6.87236 0.0000e+00
      27993     19.626     7.1545     7.1554   3.262772   3.263038     2.9508     2.7366      8.163     0.4757     1.0954 2.6784e+00     0.1120    97.2379     7.4277     6.1276    31.9342    31.9362    24.9840    24.9854    6.87237 0.0000e+00
      27996     19.588     7.1542     7.1554   3.262710   3.263024     2.9512     2.7366      8.163     0.4953     1.0954 2.6908e+00     0.1120    97.2379     7.4302     6.1267    31.9339    31.9361    24.9838    24.9854    6.87243 0.0000e+00
      27999     19.553     7.1539     7.1554   3.262691   3.263034     2.9508     2.7366      8.163     0.5490     1.0954 2.6939e+00     0.1120    97.2379     7.4299     6.1260    31.9339    31.9363    24.9838    24.9855    6.87247 0.0000e+00
      28002     19.518     7.1536     7.1556   3.262674   3.263033     2.9516     2.7366      8.163     0.5636     1.1744 2.7064e+00     0.1120    97.2379     7.4327     6.1261    31.9340    31.9361    24.9840    24.9853    6.87251 0.0000e+00
      28005     19.484     7.1535     7.1554   3.262653   3.263042     2.9516     2.7358      8.163     0.5539     1.2139 2.7127e+00     0.1120    97.2379     7.4328     6.1242    31.9339    31.9364    24.9839    24.9856    6.87254 0.0000e+00
      28008     19.455     7.1537     7.1555   3.262707   3.263010     2.9516     2.7362      8.163     0.5588     1.2139 2.7095e+00     0.1120    97.2379     7.4325     6.1258    31.9344    31.9360    24.9842    24.9853    6.87249 0.0000e+00
      28011     19.426     7.1538     7.1558   3.262720   3.263061     2.9520     2.7358      8.163     0.5588     1.2139 2.7158e+00     0.1120    97.2379     7.4333     6.1260    31.9344    31.9363    24.9842    24.9854    6.87247 0.0000e+00
      28014     19.399     7.1539     7.1561   3.262746   3.263095     2.9520     2.7354      8.163     0.5490     1.2139 2.7095e+00     0.1120    97.2379     7.4330     6.1263    31.9346    31.9363    24.9844    24.9855    6.87245 0.0000e+00
      28017     19.373     7.1539     7.1561   3.262710   3.263091     2.9520     2.7354      8.163     0.5588     1.2139 2.7127e+00     0.1120    97.2379     7.4324     6.1276    31.9342    31.9363    24.9841    24.9855    6.87246 0.0000e+00
      28020     19.347     7.1539     7.1565   3.262734   3.263146     2.9524     2.7354      8.163     0.5539     1.2139 2.7033e+00     0.1120    97.2379     7.4336     6.1290    31.9346    31.9365    24.9843    24.9855    6.87245 0.0000e+00
      28023     19.322     7.1538     7.1567   3.262699   3.263118     2.9524     2.7354      8.163     0.6271     1.2139 2.7064e+00     0.1131    97.2118     7.4339     6.1304    31.9342    31.9361    24.9841    24.9852    6.87248 0.0000e+00
      28029     19.281     7.1536     7.1566   3.262689   3.263112     2.9528     2.7358      8.163     0.7492     1.2139 2.6939e+00     0.1131    97.2118     7.4348     6.1337    31.9344    31.9361    24.9842    24.9852    6.87251 0.0000e+00
      28035     19.238     7.1535     7.1567   3.262670   3.263136     2.9528     2.7366      8.163     0.7443     1.2139 2.6815e+00     0.1131    97.2118     7.4342     6.1374    31.9343    31.9363    24.9842    24.9853    6.87253 0.0000e+00
      28038     19.217     7.1532     7.1568   3.262661   3.263142     2.9536     2.7366      8.163     0.7443     1.2139 2.6722e+00     0.1131    97.2118     7.4363     6.1377    31.9345    31.9363    24.9844    24.9853    6.87257 0.0000e+00
      28041     19.196     7.1532     7.1568   3.262638   3.263124     2.9528     2.7366      8.163     0.7492     1.2139 2.6691e+00     0.1127    97.2205     7.4333     6.1382    31.9342    31.9361    24.9842    24.9852    6.87258 0.0000e+00
