Datasets/AZMP/COO001/79001023.cnv
* Sea-Bird SBE 9 Data File:
* FileName = C:\CTDDATA\79001023.hex
* Software Version Seasave V 7.26.7.110
* Temperature SN = 5660
* Conductivity SN = 3698
* Number of Bytes Per Scan = 30
* Number of Voltage Words = 4
* Number of Scans Averaged by the Deck Unit = 1
* NMEA baud rate = 9600
** VESSEL/TRIP/SEQ STN:  79001023
** LATITUDE XX XX.XX N:  46 21.00 N
** LONGITUDE XX XX.XX W:  52 44.00 W
** SOUNDING DEPTH (M):  0177
** PROBE TYPE (S1221): S1257
** CTD NUMBER: 010
** COMMENTS (14 CHAR):  SEGB-03
** BOTTLES:  12
** LEVELS: 5,5,10,20,20,30,40,50,75,100,150,BTM
** STICKERS: 434713 - 434724
** VNET: Y
** DO2: Y
# nquan = 22
# nvalues = 5367                        
# units = specified
# name 0 = scan: Scan Count
# name 1 = prDM: Pressure, Digiquartz [db]
# name 2 = t090C: Temperature [ITS-90, deg C]
# name 3 = t190C: Temperature, 2 [ITS-90, deg C]
# name 4 = c0S/m: Conductivity [S/m]
# name 5 = c1S/m: Conductivity, 2 [S/m]
# name 6 = sbeox0V: Oxygen raw, SBE 43 [V]
# name 7 = sbeox1V: Oxygen raw, SBE 43, 2 [V]
# name 8 = ph: pH
# name 9 = flECO-AFL: Fluorescence, WET Labs ECO-AFL/FL [mg/m^3]
# name 10 = wetCDOM: Fluorescence, WET Labs CDOM [mg/m^3]
# name 11 = par/sat/log: PAR/Logarithmic, Satlantic [umol photons/m^2/sec]
# name 12 = CStarAt0: Beam Attenuation, WET Labs C-Star [1/m]
# name 13 = CStarTr0: Beam Transmission, WET Labs C-Star [%]
# name 14 = sbeox0ML/L: Oxygen, SBE 43 [ml/l], WS = 2
# name 15 = sbeox1ML/L: Oxygen, SBE 43, 2 [ml/l], WS = 2
# name 16 = sal00: Salinity, Practical [PSU]
# name 17 = sal11: Salinity, Practical, 2 [PSU]
# name 18 = sigma-t00: Density [sigma-t, kg/m^3 ]
# name 19 = sigma-t11: Density, 2 [sigma-t, kg/m^3 ]
# name 20 = oxsatML/L: Oxygen Saturation, Weiss [ml/l]
# name 21 = flag: flag
# span 0 =         60,      48657       
# span 1 =      0.448,    164.475       
# span 2 =    -1.0664,     5.2262       
# span 3 =    -1.0671,     5.2260       
# span 4 =   2.648163,   3.072138       
# span 5 =   2.648101,   3.072239       
# span 6 =     2.4911,     2.9704       
# span 7 =     2.3063,     2.7542       
# span 8 =      7.958,      8.155       
# span 9 =     0.0068,     0.8860       
# span 10 =    -1.0759,     6.7804      
# span 11 = 1.0727e-01, 1.0222e+02      
# span 12 =     0.0549,     0.5586      
# span 13 =    86.9666,    98.6369      
# span 14 =     7.5066,     8.7780      
# span 15 =     6.1884,     7.1889      
# span 16 =    31.0697,    33.0945      
# span 17 =    31.5828,    33.0983      
# span 18 =    24.5366,    26.5994      
# span 19 =    24.9432,    26.6025      
# span 20 =    7.20949,    8.40887      
# span 21 = 0.0000e+00, 0.0000e+00      
# interval = scans: 3                   
# start_time = Nov 23 2019 14:48:09 [System UTC, header]
# bad_flag = -9.990e-29
*END*
[from data line 2042]
       7521    139.421    -0.7372    -0.7380   2.704148   2.704209     2.5088     2.3211      7.963     0.0459     1.9245 1.0790e-01     0.1722    95.7867     7.6194     6.2882    33.0698    33.0715    26.5796    26.5811    8.31465 0.0000e+00
       7524    139.475    -0.7372    -0.7381   2.704138   2.704208     2.5092     2.3211      7.963     0.0459     1.9245 1.0790e-01     0.1715    95.8041     7.6205     6.2860    33.0696    33.0715    26.5795    26.5811    8.31466 0.0000e+00
       7527    139.527    -0.7373    -0.7380   2.704142   2.704217     2.5092     2.3211      7.963     0.0410     1.9245 1.0790e-01     0.1715    95.8041     7.6213     6.2867    33.0697    33.0716    26.5796    26.5811    8.31468 0.0000e+00
       7530    139.582    -0.7373    -0.7380   2.704125   2.704217     2.5083     2.3211      7.963     0.0459     1.9245 1.0790e-01     0.1715    95.8041     7.6196     6.2881    33.0695    33.0716    26.5794    26.5811    8.31470 0.0000e+00
       7533    139.638    -0.7372    -0.7380   2.704149   2.704223     2.5092     2.3219      7.963     0.0508     1.9245 1.0790e-01     0.1715    95.8041     7.6238     6.2911    33.0697    33.0716    26.5796    26.5811    8.31467 0.0000e+00
       7536    139.699    -0.7373    -0.7381   2.704174   2.704226     2.5083     2.3215      7.963     0.0557     1.9245 1.0790e-01     0.1715    95.8041     7.6216     6.2894    33.0701    33.0717    26.5799    26.5812    8.31466 0.0000e+00
       7539    139.756    -0.7374    -0.7378   2.704158   2.704255     2.5088     2.3223      7.963     0.0606     1.9245 1.0790e-01     0.1715    95.8041     7.6232     6.2924    33.0700    33.0717    26.5797    26.5812    8.31469 0.0000e+00
       7542    139.812    -0.7372    -0.7379   2.703861   2.704240     2.5083     2.3211      7.965     0.0557     1.9245 1.0790e-01     0.1722    95.7867     7.6227     6.2882    33.0658    33.0716    26.5763    26.5811    8.31490 0.0000e+00
       7545    139.873    -0.7373    -0.7380   2.704125   2.704249     2.5088     2.3215      7.963     0.0557     1.9245 1.0790e-01     0.1729    95.7693     7.6247     6.2911    33.0693    33.0717    26.5793    26.5813    8.31470 0.0000e+00
       7548    139.932    -0.7372    -0.7379   2.704185   2.704237     2.5088     2.3219      7.965     0.0557     1.9245 1.0790e-01     0.1732    95.7606     7.6261     6.2924    33.0700    33.0715    26.5798    26.5810    8.31465 0.0000e+00
       7551    139.991    -0.7371    -0.7380   2.704176   2.704230     2.5088     2.3227      7.965     0.0557     1.9245 1.0790e-01     0.1725    95.7780     7.6279     6.2936    33.0698    33.0714    26.5796    26.5810    8.31464 0.0000e+00
       7554    140.050    -0.7373    -0.7380   2.704185   2.704256     2.5088     2.3223      7.965     0.0557     1.9245 1.0790e-01     0.1725    95.7780     7.6286     6.2902    33.0700    33.0718    26.5798    26.5813    8.31466 0.0000e+00
       7557    140.111    -0.7372    -0.7379   2.704180   2.704247     2.5088     2.3223      7.965     0.0654     1.9245 1.0790e-01     0.1732    95.7606     7.6284     6.2882    33.0699    33.0715    26.5797    26.5810    8.31466 0.0000e+00
       7560    140.173    -0.7372    -0.7378   2.704174   2.704251     2.5088     2.3223      7.963     0.0557     1.9245 1.0790e-01     0.1729    95.7693     7.6278     6.2887    33.0698    33.0715    26.5796    26.5810    8.31467 0.0000e+00
       7563    140.239    -0.7372    -0.7379   2.704178   2.704268     2.5088     2.3223      7.963     0.0606     1.7665 1.0790e-01     0.1711    95.8127     7.6253     6.2894    33.0698    33.0717    26.5796    26.5812    8.31467 0.0000e+00
       7566    140.306    -0.7372    -0.7378   2.704197   2.704291     2.5088     2.3223      7.963     0.0606     1.8060 1.0790e-01     0.1704    95.8301     7.6241     6.2889    33.0700    33.0719    26.5798    26.5813    8.31465 0.0000e+00
       7569    140.373    -0.7372    -0.7376   2.704184   2.704292     2.5092     2.3235      7.963     0.0557     1.8060 1.0790e-01     0.1704    95.8301     7.6250     6.2906    33.0698    33.0717    26.5796    26.5812    8.31467 0.0000e+00
       7572    140.441    -0.7372    -0.7377   2.704214   2.704277     2.5092     2.3223      7.963     0.0654     1.8060 1.0790e-01     0.1708    95.8214     7.6243     6.2842    33.0701    33.0715    26.5799    26.5810    8.31465 0.0000e+00
       7575    140.511    -0.7370    -0.7376   2.704228   2.704305     2.5092     2.3223      7.963     0.0557     1.8060 1.0790e-01     0.1704    95.8301     7.6234     6.2831    33.0700    33.0717    26.5798    26.5812    8.31460 0.0000e+00
       7578    140.584    -0.7370    -0.7376   2.704230   2.704308     2.5088     2.3223      7.963     0.0557     1.8060 1.0790e-01     0.1704    95.8301     7.6216     6.2828    33.0700    33.0718    26.5798    26.5812    8.31460 0.0000e+00
       7581    140.658    -0.7371    -0.7375   2.704229   2.704352     2.5088     2.3223      7.965     0.0557     1.8060 1.0790e-01     0.1708    95.8214     7.6224     6.2825    33.0701    33.0721    26.5799    26.5815    8.31463 0.0000e+00
       7584    140.734    -0.7370    -0.7376   2.704234   2.704354     2.5083     2.3231      7.965     0.0557     1.8060 1.0790e-01     0.1715    95.8041     7.6209     6.2845    33.0700    33.0722    26.5798    26.5816    8.31461 0.0000e+00
       7587    140.809    -0.7371    -0.7374   2.704223   2.704377     2.5079     2.3227      7.963     0.0557     1.8060 1.0790e-01     0.1715    95.8041     7.6193     6.2830    33.0698    33.0722    26.5797    26.5816    8.31463 0.0000e+00
       7590    140.887    -0.7370    -0.7370   2.704250   2.704428     2.5088     2.3227      7.965     0.0557     1.9245 1.0790e-01     0.1715    95.8041     7.6228     6.2847    33.0701    33.0725    26.5798    26.5818    8.31459 0.0000e+00
       7593    140.968    -0.7370    -0.7369   2.704271   2.704462     2.5079     2.3223      7.965     0.0557     1.9245 1.0790e-01     0.1715    95.8041     7.6200     6.2846    33.0703    33.0728    26.5800    26.5820    8.31458 0.0000e+00
       7596    141.050    -0.7369    -0.7366   2.704302   2.704481     2.5088     2.3227      7.965     0.0557     1.9245 1.0790e-01     0.1715    95.8041     7.6244     6.2865    33.0706    33.0727    26.5802    26.5819    8.31454 0.0000e+00
       7599    141.136    -0.7368    -0.7367   2.704306   2.704474     2.5079     2.3223      7.963     0.0557     1.9245 1.0790e-01     0.1715    95.8041     7.6222     6.2836    33.0705    33.0726    26.5802    26.5819    8.31453 0.0000e+00
       7602    141.220    -0.7366    -0.7367   2.704366   2.704469     2.5088     2.3223      7.963     0.0654     1.9245 1.0790e-01     0.1718    95.7954     7.6255     6.2822    33.0710    33.0725    26.5806    26.5818    8.31445 0.0000e+00
       7605    141.306    -0.7365    -0.7365   2.704370   2.704502     2.5088     2.3227      7.963     0.0606     1.9245 1.0790e-01     0.1718    95.7954     7.6263     6.2821    33.0709    33.0727    26.5805    26.5820    8.31443 0.0000e+00
       7608    141.395    -0.7363    -0.7365   2.704376   2.704516     2.5083     2.3223      7.963     0.0557     1.9245 1.0790e-01     0.1722    95.7867     7.6239     6.2800    33.0708    33.0728    26.5804    26.5820    8.31441 0.0000e+00
       7611    141.481    -0.7363    -0.7364   2.704418   2.704529     2.5092     2.3231      7.963     0.0557     1.9245 1.0790e-01     0.1715    95.8041     7.6267     6.2836    33.0712    33.0729    26.5808    26.5821    8.31438 0.0000e+00
       7614    141.569    -0.7359    -0.7359   2.704454   2.704610     2.5079     2.3235      7.965     0.0557     1.9245 1.0790e-01     0.1715    95.8041     7.6200     6.2845    33.0713    33.0733    26.5808    26.5824    8.31429 0.0000e+00
       7617    141.652    -0.7359    -0.7352   2.704464   2.704658     2.5088     2.3227      7.965     0.0606     1.9245 1.0790e-01     0.1718    95.7954     7.6230     6.2813    33.0713    33.0732    26.5808    26.5823    8.31427 0.0000e+00
       7620    141.737    -0.7358    -0.7355   2.704412   2.704617     2.5088     2.3223      7.963     0.0606     1.9245 1.0790e-01     0.1718    95.7954     7.6223     6.2797    33.0705    33.0729    26.5801    26.5820    8.31431 0.0000e+00
       7623    141.819    -0.7361    -0.7354   2.704376   2.704647     2.5079     2.3223      7.963     0.0606     1.9245 1.0790e-01     0.1725    95.7780     7.6185     6.2792    33.0702    33.0731    26.5799    26.5823    8.31438 0.0000e+00
       7626    141.899    -0.7363    -0.7349   2.704410   2.704706     2.5083     2.3223      7.963     0.0557     1.9245 1.0790e-01     0.1725    95.7780     7.6179     6.2783    33.0709    33.0734    26.5805    26.5824    8.31440 0.0000e+00
       7629    141.977    -0.7361    -0.7350   2.704424   2.704702     2.5079     2.3223      7.963     0.0557     1.9245 1.0790e-01     0.1725    95.7780     7.6159     6.2779    33.0708    33.0734    26.5804    26.5825    8.31435 0.0000e+00
       7632    142.054    -0.7361    -0.7351   2.704437   2.704689     2.5083     2.3223      7.963     0.0557     1.9245 1.0790e-01     0.1725    95.7780     7.6179     6.2779    33.0709    33.0732    26.5805    26.5823    8.31435 0.0000e+00
       7635    142.125    -0.7362    -0.7353   2.704435   2.704672     2.5079     2.3223      7.963     0.0606     1.9245 1.0790e-01     0.1725    95.7780     7.6162     6.2775    33.0710    33.0732    26.5806    26.5823    8.31437 0.0000e+00
       7638    142.194    -0.7361    -0.7352   2.704436   2.704707     2.5079     2.3223      7.965     0.0459     1.9245 1.0790e-01     0.1736    95.7519     7.6157     6.2798    33.0708    33.0735    26.5804    26.5825    8.31435 0.0000e+00
       7641    142.261    -0.7361    -0.7351   2.704476   2.704691     2.5079     2.3223      7.963     0.0410     1.8455 1.0790e-01     0.1732    95.7606     7.6149     6.2827    33.0713    33.0732    26.5808    26.5823    8.31432 0.0000e+00
       7644    142.327    -0.7357    -0.7348   2.704522   2.704738     2.5079     2.3223      7.963     0.0459     1.8060 1.0790e-01     0.1736    95.7519     7.6143     6.2846    33.0715    33.0734    26.5809    26.5825    8.31423 0.0000e+00
       7647    142.386    -0.7357    -0.7345   2.704517   2.704755     2.5079     2.3223      7.965     0.0410     1.8060 1.0790e-01     0.1736    95.7519     7.6145     6.2843    33.0713    33.0733    26.5808    26.5824    8.31423 0.0000e+00
       7650    142.440    -0.7357    -0.7346   2.704486   2.704742     2.5067     2.3223      7.963     0.0410     1.8060 1.0790e-01     0.1736    95.7519     7.6099     6.2841    33.0709    33.0731    26.5805    26.5822    8.31426 0.0000e+00
       7653    142.490    -0.7357    -0.7347   2.704494   2.704745     2.5075     2.3223      7.965     0.0410     1.8060 1.0790e-01     0.1736    95.7519     7.6132     6.2839    33.0710    33.0733    26.5806    26.5823    8.31426 0.0000e+00
       7656    142.538    -0.7359    -0.7342   2.704479   2.704785     2.5079     2.3223      7.963     0.0410     1.8060 1.0790e-01     0.1736    95.7519     7.6145     6.2836    33.0709    33.0733    26.5805    26.5823    8.31429 0.0000e+00
       7659    142.581    -0.7358    -0.7341   2.704467   2.704813     2.5071     2.3223      7.963     0.0410     1.8060 1.0790e-01     0.1736    95.7519     7.6117     6.2834    33.0707    33.0735    26.5803    26.5825    8.31429 0.0000e+00
       7662    142.623    -0.7360    -0.7340   2.704443   2.704814     2.5071     2.3223      7.965     0.0410     1.8060 1.0790e-01     0.1729    95.7693     7.6109     6.2832    33.0706    33.0734    26.5802    26.5824    8.31435 0.0000e+00
       7665    142.659    -0.7360    -0.7340   2.704439   2.704834     2.5067     2.3227      7.963     0.0459     1.8060 1.0790e-01     0.1693    95.8562     7.6091     6.2843    33.0705    33.0736    26.5801    26.5826    8.31435 0.0000e+00
       7668    142.694    -0.7362    -0.7337   2.704473   2.704859     2.5067     2.3227      7.963     0.0459     1.9245 1.0790e-01     0.1693    95.8562     7.6088     6.2840    33.0711    33.0736    26.5806    26.5826    8.31435 0.0000e+00
       7671    142.727    -0.7361    -0.7336   2.704483   2.704865     2.5067     2.3223      7.963     0.0410     1.9245 1.0790e-01     0.1693    95.8562     7.6098     6.2824    33.0711    33.0736    26.5807    26.5826    8.31433 0.0000e+00
       7674    142.757    -0.7361    -0.7335   2.704489   2.704850     2.5071     2.3223      7.963     0.0410     1.9245 1.0790e-01     0.1693    95.8562     7.6105     6.2822    33.0712    33.0733    26.5807    26.5823    8.31433 0.0000e+00
       7677    142.789    -0.7358    -0.7335   2.704500   2.704852     2.5067     2.3223      7.963     0.0410     1.9245 1.0790e-01     0.1693    95.8562     7.6086     6.2819    33.0711    33.0733    26.5806    26.5823    8.31428 0.0000e+00
       7680    142.816    -0.7356    -0.7334   2.704503   2.704869     2.5067     2.3223      7.963     0.0410     1.9245 1.0790e-01     0.1693    95.8562     7.6092     6.2817    33.0708    33.0733    26.5804    26.5823    8.31424 0.0000e+00
       7683    142.841    -0.7353    -0.7336   2.704499   2.704826     2.5063     2.3223      7.963     0.0410     1.9245 1.0790e-01     0.1693    95.8562     7.6082     6.2815    33.0704    33.0729    26.5800    26.5820    8.31419 0.0000e+00
       7686    142.867    -0.7352    -0.7340   2.704506   2.704797     2.5059     2.3223      7.963     0.0459     1.9245 1.0790e-01     0.1693    95.8562     7.6064     6.2810    33.0704    33.0730    26.5800    26.5821    8.31418 0.0000e+00
       7689    142.892    -0.7353    -0.7342   2.704490   2.704793     2.5059     2.3223      7.963     0.0410     1.9245 1.0790e-01     0.1693    95.8562     7.6070     6.2802    33.0703    33.0732    26.5800    26.5823    8.31421 0.0000e+00
       7692    142.917    -0.7354    -0.7343   2.704506   2.704811     2.5059     2.3223      7.963     0.0410     1.9245 1.0790e-01     0.1693    95.8562     7.6072     6.2819    33.0706    33.0735    26.5802    26.5825    8.31420 0.0000e+00
       7695    142.943    -0.7353    -0.7340   2.704510   2.704853     2.5059     2.3223      7.963     0.0410     1.9245 1.0790e-01     0.1693    95.8562     7.6076     6.2823    33.0705    33.0737    26.5801    26.5827    8.31419 0.0000e+00
       7698    142.969    -0.7352    -0.7338   2.704507   2.704851     2.5055     2.3223      7.963     0.0410     1.9245 1.0790e-01     0.1693    95.8562     7.6074     6.2821    33.0703    33.0734    26.5800    26.5824    8.31417 0.0000e+00
       7701    142.996    -0.7351    -0.7339   2.704509   2.704822     2.5059     2.3223      7.965     0.0410     1.9245 1.0790e-01     0.1693    95.8562     7.6104     6.2808    33.0702    33.0732    26.5799    26.5822    8.31416 0.0000e+00
       7704    143.025    -0.7350    -0.7342   2.704494   2.704784     2.5059     2.3223      7.963     0.0410     1.9245 1.0790e-01     0.1718    95.7954     7.6119     6.2813    33.0700    33.0730    26.5797    26.5821    8.31416 0.0000e+00
       7707    143.057    -0.7351    -0.7345   2.704507   2.704764     2.5051     2.3223      7.963     0.0410     1.9245 1.0790e-01     0.1725    95.7780     7.6107     6.2807    33.0701    33.0730    26.5798    26.5821    8.31416 0.0000e+00
       7710    143.092    -0.7350    -0.7346   2.704509   2.704768     2.5055     2.3219      7.963     0.0410     1.9245 1.0790e-01     0.1725    95.7780     7.6141     6.2779    33.0700    33.0731    26.5797    26.5822    8.31414 0.0000e+00
