Datasets/AZMP/COO001/79001086.cnv
* Sea-Bird SBE 9 Data File:
* FileName = C:\CTDDATA\79001086.hex
* Software Version Seasave V 7.26.7.110
* Temperature SN = 5660
* Conductivity SN = 3698
* Number of Bytes Per Scan = 30
* Number of Voltage Words = 4
* Number of Scans Averaged by the Deck Unit = 1
* NMEA baud rate = 9600
** VESSEL/TRIP/SEQ STN:  79001086
** LATITUDE XX XX.XX N:  48 09.93 N
** LONGITUDE XX XX.XX W:  53 44.09 W
** SOUNDING DEPTH (M):  0213
** PROBE TYPE: S1257
** CTD NUMBER: 053
** COMMENTS (14 CHAR): SS-11
** BOTTLES:  0
** LEVELS:
** STICKERS:
** VNET: N
** DO2: N
# nquan = 22
# nvalues = 6404                        
# units = specified
# name 0 = scan: Scan Count
# name 1 = prDM: Pressure, Digiquartz [db]
# name 2 = t090C: Temperature [ITS-90, deg C]
# name 3 = t190C: Temperature, 2 [ITS-90, deg C]
# name 4 = c0S/m: Conductivity [S/m]
# name 5 = c1S/m: Conductivity, 2 [S/m]
# name 6 = sbeox0V: Oxygen raw, SBE 43 [V]
# name 7 = sbeox1V: Oxygen raw, SBE 43, 2 [V]
# name 8 = ph: pH
# name 9 = flECO-AFL: Fluorescence, WET Labs ECO-AFL/FL [mg/m^3]
# name 10 = wetCDOM: Fluorescence, WET Labs CDOM [mg/m^3]
# name 11 = par/sat/log: PAR/Logarithmic, Satlantic [umol photons/m^2/sec]
# name 12 = CStarAt0: Beam Attenuation, WET Labs C-Star [1/m]
# name 13 = CStarTr0: Beam Transmission, WET Labs C-Star [%]
# name 14 = sbeox0ML/L: Oxygen, SBE 43 [ml/l], WS = 2
# name 15 = sbeox1ML/L: Oxygen, SBE 43, 2 [ml/l], WS = 2
# name 16 = sal00: Salinity, Practical [PSU]
# name 17 = sal11: Salinity, Practical, 2 [PSU]
# name 18 = sigma-t00: Density [sigma-t, kg/m^3 ]
# name 19 = sigma-t11: Density, 2 [sigma-t, kg/m^3 ]
# name 20 = oxsatML/L: Oxygen Saturation, Weiss [ml/l]
# name 21 = flag: flag
# span 0 =        391,      22014       
# span 1 =      2.051,    200.202       
# span 2 =     0.0965,     3.5383       
# span 3 =     0.0951,     3.5440       
# span 4 =   2.750269,   2.935955       
# span 5 =   2.765191,   2.936118       
# span 6 =     2.3599,     2.7386       
# span 7 =     2.3359,     2.7064       
# span 8 =      8.013,      8.179       
# span 9 =     0.0215,     0.6808       
# span 10 =    -0.7601,     3.9379      
# span 11 = 1.0678e-01, 8.5344e-01      
# span 12 =     0.0857,     0.2714      
# span 13 =    93.4405,    97.8809      
# span 14 =     6.7013,     7.5664      
# span 15 =     7.2709,     7.9103      
# span 16 =    31.1331,    32.9796      
# span 17 =    31.1350,    32.9830      
# span 18 =    24.7656,    26.4707      
# span 19 =    24.7669,    26.4735      
# span 20 =    7.52443,    8.13592      
# span 21 = 0.0000e+00, 0.0000e+00      
# interval = scans: 3                   
# start_time = Dec 01 2019 23:24:27 [System UTC, header]
# bad_flag = -9.990e-29
*END*
[from data line 198]
       1017     10.254     3.4401     3.4301   2.886928   2.885636     2.5971     2.6850      8.164     0.5099     3.4642 1.0752e-01     0.2075    94.9438     7.0935     7.8169    31.1716    31.1659    24.7929    24.7892    7.55512 0.0000e+00
       1020     10.311     3.4410     3.4339   2.887255   2.886770     2.5983     2.6846      8.164     0.5099     3.4642 1.0790e-01     0.2075    94.9438     7.0966     7.8142    31.1747    31.1757    24.7953    24.7967    7.55480 0.0000e+00
       1023     10.367     3.4417     3.4537   2.886902   2.890620     2.5987     2.6846      8.164     0.5099     3.4642 1.0777e-01     0.2082    94.9264     7.0965     7.8078    31.1698    31.2025    24.7913    24.8163    7.55491 0.0000e+00
       1026     10.422     3.4409     3.4668   2.887127   2.892147     2.6003     2.6842      8.162     0.5099     3.4642 1.0777e-01     0.2123    94.8308     7.1011     7.8018    31.1732    31.2081    24.7941    24.8196    7.55489 0.0000e+00
       1029     10.476     3.4441     3.4707   2.888071   2.892517     2.6011     2.6846      8.164     0.5197     3.4642 1.0790e-01     0.2126    94.8221     7.1024     7.8006    31.1813    31.2087    24.8003    24.8197    7.55389 0.0000e+00
       1032     10.529     3.4466     3.4720   2.888677   2.892793     2.6020     2.6850      8.164     0.5343     3.4642 1.0777e-01     0.2123    94.8308     7.1007     7.8014    31.1861    31.2107    24.8039    24.8212    7.55317 0.0000e+00
       1035     10.584     3.4483     3.4735   2.888328   2.893256     2.6028     2.6846      8.164     0.5392     3.4642 1.0790e-01     0.2123    94.8308     7.0992     7.7985    31.1803    31.2147    24.7990    24.8243    7.55313 0.0000e+00
       1038     10.637     3.4469     3.4747   2.887434   2.893781     2.6040     2.6842      8.164     0.5343     3.4642 1.0790e-01     0.2119    94.8395     7.1027     7.7960    31.1710    31.2199    24.7918    24.8283    7.55388 0.0000e+00
       1041     10.691     3.4444     3.4780   2.887699   2.894859     2.6044     2.6850      8.164     0.5295     3.4642 1.0790e-01     0.2123    94.8308     7.1017     7.7980    31.1765    31.2294    24.7964    24.8356    7.55406 0.0000e+00
       1044     10.747     3.4490     3.4786   2.890095   2.894876     2.6052     2.6850      8.164     0.5392     3.4642 1.0790e-01     0.2108    94.8656     7.1019     7.7993    31.2006    31.2290    24.8152    24.8352    7.55199 0.0000e+00
       1047     10.805     3.4562     3.4799   2.892078   2.895957     2.6064     2.6850      8.164     0.5441     3.4642 1.0777e-01     0.2064    94.9699     7.1027     7.7979    31.2172    31.2407    24.8278    24.8444    7.54978 0.0000e+00
       1050     10.865     3.4637     3.4875   2.893834   2.899104     2.6072     2.6842      8.164     0.5392     3.4642 1.0790e-01     0.2064    94.9699     7.1014     7.7930    31.2309    31.2708    24.8380    24.8677    7.54768 0.0000e+00
       1053     10.930     3.4701     3.4973   2.894840   2.902324     2.6085     2.6850      8.164     0.5343     3.4642 1.0790e-01     0.2064    94.9699     7.1034     7.7920    31.2367    31.2997    24.8421    24.8898    7.54618 0.0000e+00
       1056     10.998     3.4757     3.5080   2.896499   2.906202     2.6072     2.6850      8.164     0.5343     3.5037 1.0790e-01     0.2064    94.9699     7.0964     7.7907    31.2511    31.3355    24.8530    24.9173    7.54441 0.0000e+00
       1059     11.063     3.4804     3.5180   2.897188   2.909032     2.6085     2.6850      8.164     0.5148     3.5826 1.0777e-01     0.2064    94.9699     7.0969     7.7892    31.2547    31.3594    24.8555    24.9355    7.54334 0.0000e+00
       1062     11.118     3.4841     3.5236   2.898434   2.910046     2.6101     2.6850      8.164     0.5294     3.5826 1.0777e-01     0.2064    94.9699     7.0995     7.7893    31.2659    31.3661    24.8641    24.9403    7.54208 0.0000e+00
       1065     11.182     3.4884     3.5268   2.900332   2.911130     2.6101     2.6850      8.164     0.5246     3.5826 1.0777e-01     0.2060    94.9786     7.0968     7.7879    31.2843    31.3758    24.8784    24.9478    7.54033 0.0000e+00
       1068     11.250     3.4931     3.5296   2.902138   2.911889     2.6117     2.6850      8.164     0.5197     3.5826 1.0790e-01     0.2053    94.9959     7.0987     7.7888    31.3012    31.3821    24.8915    24.9525    7.53860 0.0000e+00
       1071     11.317     3.4994     3.5308   2.905052   2.912226     2.6121     2.6850      8.164     0.5197     3.5826 1.0777e-01     0.2053    94.9959     7.0962     7.7898    31.3298    31.3849    24.9136    24.9547    7.53598 0.0000e+00
       1074     11.380     3.5072     3.5319   2.907840   2.912467     2.6125     2.6854      8.164     0.5197     3.5826 1.0790e-01     0.2057    94.9872     7.0940     7.7916    31.3555    31.3867    24.9334    24.9560    7.53323 0.0000e+00
       1077     11.446     3.5141     3.5319   2.909267   2.912480     2.6133     2.6858      8.164     0.5246     3.5826 1.0777e-01     0.2064    94.9699     7.0943     7.7915    31.3658    31.3868    24.9409    24.9561    7.53141 0.0000e+00
       1080     11.514     3.5189     3.5325   2.909715   2.912749     2.6138     2.6858      8.164     0.5148     3.5826 1.0790e-01     0.2057    94.9872     7.0919     7.7912    31.3665    31.3894    24.9411    24.9581    7.53048 0.0000e+00
       1083     11.578     3.5220     3.5324   2.910229   2.912743     2.6129     2.6862      8.164     0.5148     3.5431 1.0777e-01     0.2057    94.9872     7.0858     7.7922    31.3696    31.3893    24.9433    24.9581    7.52974 0.0000e+00
       1086     11.641     3.5244     3.5325   2.910689   2.912806     2.6150     2.6858      8.164     0.5050     3.4642 1.0790e-01     0.1915    95.3262     7.0902     7.7895    31.3727    31.3900    24.9455    24.9586    7.52914 0.0000e+00
       1089     11.704     3.5263     3.5330   2.911040   2.913074     2.6150     2.6862      8.162     0.5099     3.4642 1.0790e-01     0.1896    95.3696     7.0867     7.7887    31.3749    31.3927    24.9471    24.9606    7.52865 0.0000e+00
       1092     11.769     3.5282     3.5337   2.911822   2.913260     2.6158     2.6862      8.164     0.5099     3.4642 1.0790e-01     0.1896    95.3696     7.0867     7.7869    31.3824    31.3942    24.9529    24.9618    7.52793 0.0000e+00
       1095     11.833     3.5297     3.5339   2.912054   2.913294     2.6158     2.6862      8.164     0.5099     3.4642 1.0777e-01     0.1900    95.3609     7.0866     7.7827    31.3837    31.3943    24.9538    24.9619    7.52759 0.0000e+00
       1098     11.897     3.5307     3.5332   2.912178   2.912927     2.6170     2.6862      8.164     0.5099     3.4642 1.0790e-01     0.1900    95.3609     7.0888     7.7789    31.3842    31.3907    24.9541    24.9590    7.52738 0.0000e+00
       1101     11.961     3.5312     3.5335   2.912358   2.913260     2.6162     2.6862      8.164     0.5050     3.4642 1.0790e-01     0.1896    95.3696     7.0849     7.7749    31.3857    31.3943    24.9553    24.9619    7.52719 0.0000e+00
       1104     12.022     3.5316     3.5345   2.912338   2.913494     2.6166     2.6862      8.164     0.5099     3.4642 1.0790e-01     0.1871    95.4304     7.0838     7.7725    31.3851    31.3961    24.9548    24.9632    7.52715 0.0000e+00
       1107     12.083     3.5324     3.5349   2.912880   2.913597     2.6178     2.6862      8.164     0.5099     3.4642 1.0790e-01     0.1729    95.7693     7.0851     7.7678    31.3908    31.3969    24.9592    24.9639    7.52673 0.0000e+00
       1110     12.143     3.5335     3.5351   2.913122   2.913628     2.6174     2.6858      8.164     0.5099     3.3457 1.0790e-01     0.1725    95.7780     7.0819     7.7642    31.3926    31.3970    24.9606    24.9639    7.52643 0.0000e+00
       1113     12.206     3.5341     3.5351   2.913145   2.913611     2.6174     2.6862      8.164     0.5099     3.3457 1.0790e-01     0.1729    95.7693     7.0815     7.7603    31.3922    31.3968    24.9602    24.9638    7.52633 0.0000e+00
       1116     12.270     3.5344     3.5351   2.913201   2.913596     2.6182     2.6862      8.164     0.5099     3.3457 1.0790e-01     0.1725    95.7780     7.0834     7.7579    31.3925    31.3966    24.9604    24.9636    7.52625 0.0000e+00
       1119     12.331     3.5345     3.5353   2.913196   2.913732     2.6191     2.6850      8.164     0.5099     3.3457 1.0790e-01     0.1725    95.7780     7.0854     7.7518    31.3923    31.3979    24.9603    24.9647    7.52625 0.0000e+00
       1122     12.393     3.5348     3.5357   2.913230   2.913827     2.6187     2.6854      8.164     0.5099     3.3457 1.0790e-01     0.1729    95.7693     7.0818     7.7522    31.3924    31.3987    24.9603    24.9652    7.52619 0.0000e+00
       1125     12.457     3.5346     3.5359   2.912994   2.913924     2.6187     2.6850      8.164     0.5099     3.3457 1.0790e-01     0.1718    95.7954     7.0829     7.7483    31.3898    31.3996    24.9583    24.9659    7.52636 0.0000e+00
       1128     12.521     3.5345     3.5363   2.913205   2.913944     2.6182     2.6850      8.164     0.5148     3.3457 1.0790e-01     0.1704    95.8301     7.0794     7.7459    31.3924    31.3994    24.9603    24.9657    7.52625 0.0000e+00
       1131     12.583     3.5348     3.5365   2.913302   2.914001     2.6187     2.6838      8.164     0.5050     3.3457 1.0790e-01     0.1704    95.8301     7.0796     7.7413    31.3932    31.3998    24.9609    24.9661    7.52615 0.0000e+00
       1134     12.646     3.5349     3.5367   2.913345   2.914142     2.6203     2.6846      8.164     0.5148     3.3457 1.0790e-01     0.1708    95.8214     7.0853     7.7468    31.3935    31.4014    24.9612    24.9672    7.52610 0.0000e+00
       1137     12.709     3.5352     3.5369   2.913361   2.914206     2.6199     2.6834      8.164     0.5197     3.2273 1.0777e-01     0.1704    95.8301     7.0823     7.7444    31.3934    31.4018    24.9611    24.9676    7.52606 0.0000e+00
       1140     12.771     3.5354     3.5373   2.913419   2.914283     2.6195     2.6838      8.164     0.5148     3.2273 1.0790e-01     0.1708    95.8214     7.0796     7.7510    31.3939    31.4024    24.9614    24.9680    7.52599 0.0000e+00
       1143     12.835     3.5356     3.5372   2.913465   2.914167     2.6195     2.6838      8.164     0.5197     3.2273 1.0790e-01     0.1708    95.8214     7.0811     7.7560    31.3942    31.4011    24.9617    24.9670    7.52594 0.0000e+00
       1146     12.897     3.5357     3.5370   2.913370   2.914204     2.6195     2.6838      8.164     0.5148     3.2273 1.0790e-01     0.1697    95.8475     7.0817     7.7596    31.3930    31.4016    24.9607    24.9674    7.52599 0.0000e+00
       1149     12.956     3.5356     3.5369   2.913318   2.914223     2.6211     2.6825      8.164     0.5246     3.2273 1.0790e-01     0.1693    95.8562     7.0870     7.7598    31.3925    31.4019    24.9603    24.9677    7.52603 0.0000e+00
       1152     13.018     3.5357     3.5369   2.913340   2.914219     2.6195     2.6825      8.164     0.5246     3.2273 1.0790e-01     0.1693    95.8562     7.0811     7.7646    31.3926    31.4019    24.9604    24.9676    7.52601 0.0000e+00
       1155     13.081     3.5357     3.5369   2.913344   2.914166     2.6203     2.6829      8.164     0.5246     3.2273 1.0790e-01     0.1693    95.8562     7.0826     7.7694    31.3925    31.4012    24.9603    24.9671    7.52600 0.0000e+00
       1158     13.143     3.5358     3.5367   2.913374   2.914115     2.6207     2.6838      8.164     0.5197     3.2273 1.0790e-01     0.1693    95.8562     7.0833     7.7748    31.3928    31.4007    24.9605    24.9668    7.52597 0.0000e+00
       1161     13.207     3.5359     3.5366   2.913522   2.914122     2.6203     2.6834      8.164     0.5197     3.2273 1.0790e-01     0.1693    95.8562     7.0834     7.7749    31.3945    31.4009    24.9618    24.9669    7.52588 0.0000e+00
       1164     13.269     3.5363     3.5369   2.913726   2.914207     2.6207     2.6838      8.164     0.5197     3.2273 1.0790e-01     0.1693    95.8562     7.0849     7.7772    31.3964    31.4016    24.9633    24.9675    7.52570 0.0000e+00
       1167     13.331     3.5365     3.5369   2.913838   2.914189     2.6219     2.6838      8.164     0.5246     3.2273 1.0790e-01     0.1682    95.8823     7.0897     7.7785    31.3975    31.4014    24.9642    24.9672    7.52560 0.0000e+00
       1170     13.393     3.5370     3.5369   2.913847   2.914242     2.6207     2.6838      8.164     0.5246     3.2273 1.0790e-01     0.1682    95.8823     7.0846     7.7801    31.3971    31.4019    24.9639    24.9677    7.52554 0.0000e+00
       1173     13.453     3.5371     3.5370   2.913772   2.914286     2.6215     2.6842      8.164     0.5246     3.2273 1.0790e-01     0.1675    95.8997     7.0873     7.7842    31.3961    31.4023    24.9630    24.9680    7.52557 0.0000e+00
       1176     13.515     3.5371     3.5377   2.913693   2.914443     2.6215     2.6838      8.164     0.5148     3.2273 1.0790e-01     0.1678    95.8910     7.0873     7.7804    31.3952    31.4035    24.9623    24.9689    7.52562 0.0000e+00
       1179     13.575     3.5370     3.5378   2.913602   2.914400     2.6215     2.6838      8.164     0.5148     3.2273 1.0790e-01     0.1678    95.8910     7.0863     7.7775    31.3941    31.4029    24.9615    24.9684    7.52569 0.0000e+00
       1182     13.638     3.5366     3.5376   2.913507   2.914280     2.6215     2.6838      8.164     0.5197     3.2273 1.0790e-01     0.1682    95.8823     7.0865     7.7784    31.3934    31.4016    24.9609    24.9674    7.52580 0.0000e+00
       1185     13.697     3.5366     3.5369   2.913678   2.914236     2.6219     2.6838      8.164     0.5246     3.2273 1.0790e-01     0.1682    95.8823     7.0872     7.7799    31.3954    31.4017    24.9625    24.9675    7.52571 0.0000e+00
       1188     13.758     3.5368     3.5379   2.913756   2.914479     2.6219     2.6838      8.164     0.5343     3.1484 1.0790e-01     0.1693    95.8562     7.0854     7.7798    31.3961    31.4036    24.9630    24.9689    7.52563 0.0000e+00
       1191     13.820     3.5368     3.5383   2.913682   2.914564     2.6231     2.6838      8.164     0.5343     3.1089 1.0790e-01     0.1693    95.8562     7.0892     7.7801    31.3952    31.4042    24.9623    24.9694    7.52567 0.0000e+00
       1194     13.882     3.5370     3.5384   2.913893   2.914617     2.6219     2.6842      8.164     0.5392     3.1089 1.0790e-01     0.1693    95.8562     7.0851     7.7827    31.3974    31.4047    24.9641    24.9697    7.52552 0.0000e+00
       1197     13.943     3.5372     3.5384   2.914034   2.914621     2.6223     2.6850      8.164     0.5392     3.1089 1.0790e-01     0.1693    95.8562     7.0855     7.7862    31.3989    31.4047    24.9652    24.9698    7.52541 0.0000e+00
       1200     14.005     3.5374     3.5385   2.913930   2.914625     2.6219     2.6838      8.164     0.5441     3.1089 1.0790e-01     0.1693    95.8562     7.0838     7.7835    31.3975    31.4046    24.9641    24.9697    7.52545 0.0000e+00
       1203     14.067     3.5372     3.5385   2.913861   2.914696     2.6227     2.6842      8.164     0.5295     3.1089 1.0790e-01     0.1693    95.8562     7.0858     7.7849    31.3968    31.4055    24.9636    24.9704    7.52552 0.0000e+00
       1206     14.127     3.5371     3.5370   2.913833   2.915221     2.6231     2.6850      8.164     0.5343     3.1089 1.0790e-01     0.1686    95.8736     7.0868     7.7873    31.3965    31.4131    24.9633    24.9766    7.52555 0.0000e+00
       1209     14.189     3.5371     3.5328   2.913889   2.915911     2.6219     2.6850      8.164     0.5295     3.1089 1.0790e-01     0.1675    95.8997     7.0840     7.7868    31.3972    31.4254    24.9638    24.9867    7.52552 0.0000e+00
