Datasets/AZMP/COO001/79001074.cnv
* Sea-Bird SBE 9 Data File:
* FileName = C:\CTDDATA\79001074.hex
* Software Version Seasave V 7.26.7.110
* Temperature SN = 5660
* Conductivity SN = 3698
* Number of Bytes Per Scan = 30
* Number of Voltage Words = 4
* Number of Scans Averaged by the Deck Unit = 1
* NMEA baud rate = 9600
** VESSEL/TRIP/SEQ STN:  79001074
** LATITUDE XX XX.XX N:  48 14.80 N
** LONGITUDE XX XX.XX W:  53 28.23 W
** SOUNDING DEPTH (M):  0289
** PROBE TYPE: S1257
** CTD NUMBER: 041
** COMMENTS (14 CHAR): SS-02
** BOTTLES:  0
** LEVELS:
** STICKERS:
** VNET: N
** DO2: N
# nquan = 22
# nvalues = 8368                        
# units = specified
# name 0 = scan: Scan Count
# name 1 = prDM: Pressure, Digiquartz [db]
# name 2 = t090C: Temperature [ITS-90, deg C]
# name 3 = t190C: Temperature, 2 [ITS-90, deg C]
# name 4 = c0S/m: Conductivity [S/m]
# name 5 = c1S/m: Conductivity, 2 [S/m]
# name 6 = sbeox0V: Oxygen raw, SBE 43 [V]
# name 7 = sbeox1V: Oxygen raw, SBE 43, 2 [V]
# name 8 = ph: pH
# name 9 = flECO-AFL: Fluorescence, WET Labs ECO-AFL/FL [mg/m^3]
# name 10 = wetCDOM: Fluorescence, WET Labs CDOM [mg/m^3]
# name 11 = par/sat/log: PAR/Logarithmic, Satlantic [umol photons/m^2/sec]
# name 12 = CStarAt0: Beam Attenuation, WET Labs C-Star [1/m]
# name 13 = CStarTr0: Beam Transmission, WET Labs C-Star [%]
# name 14 = sbeox0ML/L: Oxygen, SBE 43 [ml/l], WS = 2
# name 15 = sbeox1ML/L: Oxygen, SBE 43, 2 [ml/l], WS = 2
# name 16 = sal00: Salinity, Practical [PSU]
# name 17 = sal11: Salinity, Practical, 2 [PSU]
# name 18 = sigma-t00: Density [sigma-t, kg/m^3 ]
# name 19 = sigma-t11: Density, 2 [sigma-t, kg/m^3 ]
# name 20 = oxsatML/L: Oxygen Saturation, Weiss [ml/l]
# name 21 = flag: flag
# span 0 =         80,      30601       
# span 1 =      1.559,    297.416       
# span 2 =    -0.3425,     3.5516       
# span 3 =    -0.3539,     3.5519       
# span 4 =   2.710316,   2.938442       
# span 5 =   2.709770,   2.938629       
# span 6 =     2.1415,     2.7611       
# span 7 =     2.1100,     2.7167       
# span 8 =      7.947,      8.169       
# span 9 =     0.0068,     0.8420       
# span 10 =    -0.4048,     2.2798      
# span 11 = 1.0752e-01, 3.2962e+01      
# span 12 =     0.0789,     0.4072      
# span 13 =    90.3208,    98.0460      
# span 14 =     6.0433,     7.6568      
# span 15 =     6.3058,     7.9866      
# span 16 =    31.6408,    33.7054      
# span 17 =    31.6428,    33.7114      
# span 18 =    25.1599,    27.0130      
# span 19 =    25.1635,    27.0180      
# span 20 =    7.50891,    8.24704      
# span 21 = 0.0000e+00, 0.0000e+00      
# interval = scans: 3                   
# start_time = Dec 01 2019 11:21:46 [System UTC, header]
# bad_flag = -9.990e-29
*END*
[from data line 7836]
      28566     28.660     3.4253     3.4383   2.932248   2.933358     2.7530     2.7045      8.160     0.4122     2.1614 6.2840e-01     0.1163    97.1336     7.5401     7.8552    31.7172    31.7178    25.2287    25.2280    7.53050 0.0000e+00
      28569     28.620     3.4222     3.4380   2.932097   2.933356     2.7525     2.7041      8.158     0.4171     2.1614 6.2694e-01     0.1163    97.1336     7.5411     7.8527    31.7185    31.7181    25.2300    25.2282    7.53102 0.0000e+00
      28572     28.581     3.4203     3.4370   2.931998   2.933281     2.7530     2.7045      8.160     0.4318     2.1614 6.3204e-01     0.1163    97.1336     7.5451     7.8536    31.7192    31.7182    25.2307    25.2284    7.53135 0.0000e+00
      28575     28.547     3.4175     3.4358   2.931753   2.933217     2.7534     2.7045      8.160     0.4708     2.1614 6.3720e-01     0.1163    97.1336     7.5482     7.8535    31.7190    31.7186    25.2308    25.2288    7.53188 0.0000e+00
      28578     28.512     3.4136     3.4354   2.931430   2.933210     2.7525     2.7041      8.160     0.4659     2.1614 6.4534e-01     0.1163    97.1336     7.5475     7.8511    31.7190    31.7189    25.2311    25.2291    7.53261 0.0000e+00
      28581     28.480     3.4094     3.4357   2.931365   2.933214     2.7546     2.7033      8.160     0.4562     2.1614 6.4611e-01     0.1163    97.1336     7.5558     7.8474    31.7223    31.7187    25.2341    25.2289    7.53323 0.0000e+00
      28584     28.446     3.4085     3.4359   2.931458   2.933242     2.7546     2.7033      8.160     0.4659     2.1614 6.4236e-01     0.1160    97.1423     7.5558     7.8480    31.7243    31.7188    25.2359    25.2290    7.53331 0.0000e+00
      28587     28.414     3.4082     3.4362   2.931441   2.933236     2.7546     2.7033      8.160     0.4562     2.1614 6.5586e-01     0.1142    97.1858     7.5532     7.8490    31.7245    31.7185    25.2360    25.2287    7.53336 0.0000e+00
      28590     28.383     3.4085     3.4362   2.931513   2.933263     2.7538     2.7033      8.160     0.4659     2.0429 6.5967e-01     0.1142    97.1858     7.5496     7.8516    31.7251    31.7188    25.2364    25.2290    7.53327 0.0000e+00
      28593     28.351     3.4094     3.4371   2.931562   2.933300     2.7554     2.7033      8.160     0.4562     2.0429 6.6042e-01     0.1142    97.1858     7.5530     7.8524    31.7248    31.7185    25.2361    25.2286    7.53312 0.0000e+00
      28596     28.317     3.4092     3.4370   2.931491   2.933271     2.7550     2.7033      8.160     0.4659     2.0429 6.6733e-01     0.1142    97.1858     7.5502     7.8562    31.7241    31.7182    25.2356    25.2284    7.53318 0.0000e+00
      28599     28.283     3.4090     3.4363   2.931486   2.933222     2.7542     2.7033      8.160     0.4904     2.0429 6.7587e-01     0.1142    97.1858     7.5479     7.8609    31.7243    31.7183    25.2357    25.2285    7.53321 0.0000e+00
      28602     28.247     3.4088     3.4361   2.931447   2.933167     2.7550     2.7033      8.160     0.5099     2.0429 6.8136e-01     0.1142    97.1858     7.5483     7.8654    31.7241    31.7179    25.2356    25.2282    7.53327 0.0000e+00
      28605     28.218     3.4086     3.4357   2.931466   2.933153     2.7558     2.7033      8.158     0.5050     2.0429 6.8452e-01     0.1160    97.1423     7.5488     7.8682    31.7245    31.7180    25.2360    25.2284    7.53328 0.0000e+00
      28608     28.181     3.4093     3.4369   2.931560   2.933276     2.7550     2.7033      8.160     0.5148     2.0429 6.7825e-01     0.1174    97.1075     7.5449     7.8697    31.7249    31.7184    25.2362    25.2286    7.53313 0.0000e+00
      28611     28.142     3.4096     3.4383   2.931524   2.933365     2.7538     2.7033      8.160     0.5050     2.0429 6.9170e-01     0.1170    97.1162     7.5405     7.8726    31.7242    31.7181    25.2357    25.2282    7.53311 0.0000e+00
      28614     28.104     3.4097     3.4389   2.931552   2.933415     2.7550     2.7037      8.160     0.5148     2.0429 6.9329e-01     0.1170    97.1162     7.5429     7.8748    31.7244    31.7181    25.2358    25.2282    7.53307 0.0000e+00
      28617     28.064     3.4096     3.4399   2.931500   2.933476     2.7546     2.7033      8.158     0.5002     2.1614 6.9409e-01     0.1174    97.1075     7.5400     7.8738    31.7239    31.7179    25.2354    25.2280    7.53311 0.0000e+00
      28620     28.021     3.4088     3.4412   2.931372   2.933597     2.7554     2.7045      8.160     0.5050     2.1614 6.9811e-01     0.1167    97.1249     7.5439     7.8783    31.7232    31.7181    25.2349    25.2280    7.53330 0.0000e+00
      28623     27.977     3.4081     3.4419   2.931374   2.933604     2.7562     2.7041      8.160     0.5099     2.1614 6.9892e-01     0.1174    97.1075     7.5450     7.8760    31.7239    31.7175    25.2355    25.2275    7.53340 0.0000e+00
      28626     27.932     3.4081     3.4421   2.931426   2.933596     2.7546     2.7041      8.160     0.5197     2.1614 7.0868e-01     0.1149    97.1684     7.5402     7.8748    31.7246    31.7173    25.2360    25.2273    7.53336 0.0000e+00
      28629     27.886     3.4081     3.4423   2.931435   2.933590     2.7546     2.7045      8.160     0.5197     2.1614 7.1033e-01     0.1142    97.1858     7.5422     7.8757    31.7247    31.7171    25.2362    25.2271    7.53336 0.0000e+00
      28632     27.837     3.4087     3.4427   2.931507   2.933634     2.7550     2.7045      8.160     0.5148     2.1614 7.0950e-01     0.1142    97.1858     7.5456     7.8749    31.7250    31.7172    25.2364    25.2271    7.53323 0.0000e+00
      28635     27.791     3.4098     3.4428   2.931552   2.933613     2.7546     2.7053      8.160     0.5197     2.1614 7.1610e-01     0.1142    97.1858     7.5447     7.8761    31.7245    31.7169    25.2359    25.2268    7.53305 0.0000e+00
      28638     27.741     3.4105     3.4428   2.931597   2.933616     2.7546     2.7045      8.160     0.5295     2.1614 7.1527e-01     0.1142    97.1858     7.5438     7.8715    31.7244    31.7169    25.2357    25.2269    7.53293 0.0000e+00
      28641     27.689     3.4112     3.4429   2.931620   2.933604     2.7542     2.7049      8.160     0.5197     2.1614 7.3120e-01     0.1138    97.1945     7.5421     7.8721    31.7240    31.7167    25.2353    25.2267    7.53281 0.0000e+00
      28644     27.637     3.4119     3.4428   2.931659   2.933599     2.7554     2.7045      8.160     0.5197     2.1614 7.3030e-01     0.1146    97.1771     7.5460     7.8714    31.7238    31.7168    25.2351    25.2267    7.53269 0.0000e+00
      28647     27.583     3.4124     3.4432   2.931683   2.933700     2.7538     2.7045      8.158     0.5148     2.1614 7.3369e-01     0.1120    97.2379     7.5424     7.8725    31.7236    31.7176    25.2349    25.2274    7.53261 0.0000e+00
      28650     27.530     3.4131     3.4440   2.931698   2.933751     2.7566     2.7045      8.160     0.5148     2.1614 7.3880e-01     0.1120    97.2379     7.5534     7.8737    31.7232    31.7175    25.2345    25.2272    7.53250 0.0000e+00
      28653     27.477     3.4134     3.4446   2.931698   2.933740     2.7550     2.7053      8.160     0.5002     2.1614 7.4138e-01     0.1120    97.2379     7.5479     7.8789    31.7229    31.7168    25.2342    25.2266    7.53245 0.0000e+00
      28656     27.422     3.4155     3.4449   2.932067   2.933762     2.7562     2.7049      8.160     0.4855     2.1614 7.4575e-01     0.1120    97.2379     7.5504     7.8802    31.7253    31.7167    25.2360    25.2266    7.53194 0.0000e+00
      28659     27.364     3.4197     3.4448   2.932438   2.933716     2.7558     2.7049      8.160     0.4953     2.1614 7.5259e-01     0.1120    97.2379     7.5482     7.8832    31.7257    31.7164    25.2359    25.2263    7.53113 0.0000e+00
      28662     27.306     3.4227     3.4448   2.932392   2.933716     2.7554     2.7045      8.160     0.4855     2.1614 7.5696e-01     0.1120    97.2379     7.5457     7.8831    31.7222    31.7164    25.2329    25.2263    7.53074 0.0000e+00
      28665     27.247     3.4238     3.4451   2.932351   2.933761     2.7554     2.7061      8.160     0.4953     2.1614 7.6844e-01     0.1124    97.2292     7.5454     7.8893    31.7206    31.7166    25.2315    25.2264    7.53060 0.0000e+00
      28668     27.188     3.4253     3.4456   2.932497   2.933788     2.7554     2.7057      8.160     0.4855     2.0824 7.7288e-01     0.1131    97.2118     7.5452     7.8888    31.7210    31.7165    25.2317    25.2263    7.53031 0.0000e+00
      28671     27.127     3.4269     3.4457   2.932567   2.933765     2.7562     2.7057      8.160     0.4855     2.0429 7.7198e-01     0.1131    97.2118     7.5465     7.8879    31.7202    31.7162    25.2309    25.2260    7.53004 0.0000e+00
      28674     27.066     3.4284     3.4443   2.932591   2.933627     2.7558     2.7065      8.159     0.5002     2.0429 7.7825e-01     0.1131    97.2118     7.5432     7.8894    31.7191    31.7160    25.2299    25.2260    7.52981 0.0000e+00
      28677     27.002     3.4293     3.4422   2.932516   2.933481     2.7554     2.7069      8.159     0.5002     2.0429 7.8096e-01     0.1131    97.2118     7.5440     7.8891    31.7174    31.7163    25.2285    25.2264    7.52974 0.0000e+00
      28680     26.940     3.4295     3.4410   2.932588   2.933466     2.7558     2.7069      8.159     0.5002     2.0429 7.8730e-01     0.1131    97.2118     7.5457     7.8872    31.7181    31.7174    25.2290    25.2274    7.52967 0.0000e+00
      28683     26.873     3.4288     3.4422   2.932464   2.933610     2.7558     2.7069      8.159     0.5050     2.0429 7.9832e-01     0.1131    97.2118     7.5473     7.8840    31.7173    31.7179    25.2284    25.2277    7.52983 0.0000e+00
      28686     26.807     3.4269     3.4421   2.932222   2.933516     2.7558     2.7065      8.160     0.5099     2.0429 7.9738e-01     0.1142    97.1858     7.5486     7.8793    31.7163    31.7169    25.2278    25.2269    7.53024 0.0000e+00
      28689     26.739     3.4244     3.4409   2.932048   2.933437     2.7570     2.7069      8.160     0.5050     2.0429 8.0293e-01     0.1138    97.1945     7.5530     7.8770    31.7167    31.7171    25.2283    25.2272    7.53069 0.0000e+00
      28692     26.672     3.4219     3.4403   2.931958   2.933411     2.7562     2.7069      8.160     0.5050     2.0429 8.0293e-01     0.1142    97.1858     7.5510     7.8760    31.7181    31.7175    25.2296    25.2275    7.53109 0.0000e+00
      28695     26.602     3.4204     3.4406   2.931938   2.933461     2.7562     2.7069      8.160     0.5050     2.0429 8.1983e-01     0.1142    97.1858     7.5511     7.8734    31.7193    31.7178    25.2308    25.2278    7.53131 0.0000e+00
      28698     26.530     3.4190     3.4416   2.931826   2.933515     2.7562     2.7069      8.160     0.5099     2.0429 8.2266e-01     0.1142    97.1858     7.5531     7.8717    31.7194    31.7175    25.2310    25.2275    7.53157 0.0000e+00
      28701     26.460     3.4176     3.4415   2.931776   2.933491     2.7570     2.7069      8.160     0.5050     2.0429 8.3127e-01     0.1142    97.1858     7.5552     7.8718    31.7203    31.7174    25.2318    25.2274    7.53179 0.0000e+00
      28704     26.387     3.4165     3.4429   2.931710   2.933629     2.7570     2.7065      8.160     0.5099     2.0429 8.3224e-01     0.1142    97.1858     7.5541     7.8718    31.7206    31.7177    25.2322    25.2275    7.53199 0.0000e+00
      28707     26.313     3.4156     3.4444   2.931709   2.933699     2.7570     2.7069      8.160     0.5246     2.0429 8.4001e-01     0.1160    97.1423     7.5544     7.8731    31.7214    31.7171    25.2329    25.2269    7.53211 0.0000e+00
      28710     26.238     3.4152     3.4460   2.931712   2.933831     2.7570     2.7069      8.160     0.5197     2.0429 8.5072e-01     0.1163    97.1336     7.5538     7.8724    31.7219    31.7171    25.2333    25.2268    7.53216 0.0000e+00
      28713     26.160     3.4152     3.4489   2.931728   2.934103     2.7574     2.7069      8.160     0.5295     2.0429 8.5763e-01     0.1163    97.1336     7.5541     7.8731    31.7222    31.7176    25.2336    25.2269    7.53216 0.0000e+00
      28716     26.081     3.4155     3.4519   2.931762   2.934254     2.7570     2.7069      8.158     0.5246     2.0429 8.6560e-01     0.1163    97.1336     7.5532     7.8742    31.7224    31.7165    25.2337    25.2257    7.53209 0.0000e+00
      28719     26.006     3.4158     3.4532   2.931806   2.934296     2.7578     2.7069      8.160     0.5197     2.0824 8.8485e-01     0.1163    97.1336     7.5550     7.8753    31.7226    31.7158    25.2338    25.2251    7.53202 0.0000e+00
      28722     25.924     3.4171     3.4536   2.931956   2.934316     2.7578     2.7073      8.160     0.5246     2.1614 8.8586e-01     0.1163    97.1336     7.5529     7.8777    31.7232    31.7156    25.2342    25.2249    7.53175 0.0000e+00
      28725     25.841     3.4196     3.4538   2.932223   2.934306     2.7570     2.7073      8.160     0.5148     2.1614 9.0243e-01     0.1167    97.1249     7.5505     7.8791    31.7239    31.7154    25.2345    25.2247    7.53123 0.0000e+00
      28728     25.762     3.4235     3.4541   2.932518   2.934338     2.7574     2.7073      8.160     0.5197     2.1614 9.1288e-01     0.1174    97.1075     7.5501     7.8786    31.7237    31.7155    25.2340    25.2248    7.53051 0.0000e+00
      28731     25.679     3.4275     3.4540   2.932710   2.934346     2.7582     2.7073      8.159     0.4806     2.1614 9.2136e-01     0.1174    97.1075     7.5518     7.8753    31.7221    31.7157    25.2324    25.2249    7.52984 0.0000e+00
      28734     25.596     3.4305     3.4542   2.932758   2.934313     2.7578     2.7069      8.159     0.4757     2.1614 9.2670e-01     0.1174    97.1075     7.5488     7.8720    31.7198    31.7152    25.2303    25.2245    7.52939 0.0000e+00
      28737     25.514     3.4320     3.4542   2.932779   2.934335     2.7570     2.7081      8.159     0.4757     2.1614 9.3207e-01     0.1174    97.1075     7.5449     7.8739    31.7186    31.7155    25.2292    25.2248    7.52916 0.0000e+00
      28740     25.429     3.4336     3.4540   2.932894   2.934324     2.7582     2.7077      8.159     0.4757     2.1614 9.3857e-01     0.1174    97.1075     7.5493     7.8699    31.7185    31.7156    25.2290    25.2248    7.52888 0.0000e+00
      28743     25.344     3.4355     3.4541   2.933031   2.934310     2.7574     2.7077      8.159     0.4757     2.1614 9.5277e-01     0.1174    97.1075     7.5445     7.8672    31.7183    31.7154    25.2286    25.2247    7.52852 0.0000e+00
      28746     25.258     3.4374     3.4540   2.933104   2.934301     2.7582     2.7081      8.159     0.4708     2.1614 9.5941e-01     0.1170    97.1162     7.5468     7.8667    31.7173    31.7154    25.2277    25.2247    7.52821 0.0000e+00
      28749     25.176     3.4387     3.4539   2.933140   2.934253     2.7586     2.7081      8.159     0.4708     2.1614 9.6385e-01     0.1156    97.1510     7.5473     7.8645    31.7166    31.7150    25.2270    25.2243    7.52801 0.0000e+00
      28752     25.093     3.4395     3.4527   2.933157   2.934115     2.7574     2.7073      8.159     0.4757     2.1614 9.8413e-01     0.1153    97.1597     7.5411     7.8614    31.7160    31.7145    25.2264    25.2241    7.52788 0.0000e+00
      28755     25.013     3.4402     3.4513   2.933144   2.934030     2.7582     2.7069      8.159     0.4708     2.1614 9.8754e-01     0.1153    97.1597     7.5426     7.8594    31.7153    31.7150    25.2258    25.2245    7.52780 0.0000e+00
      28758     24.931     3.4399     3.4505   2.933071   2.934005     2.7574     2.7073      8.159     0.4904     2.1614 9.8983e-01     0.1153    97.1597     7.5390     7.8601    31.7147    31.7155    25.2254    25.2251    7.52788 0.0000e+00
