Datasets/AZMP/COO001/79001022.cnv
* Sea-Bird SBE 9 Data File:
* FileName = C:\CTDDATA\79001022.hex
* Software Version Seasave V 7.26.7.110
* Temperature SN = 5660
* Conductivity SN = 3698
* Number of Bytes Per Scan = 30
* Number of Voltage Words = 4
* Number of Scans Averaged by the Deck Unit = 1
* NMEA baud rate = 9600
** VESSEL/TRIP/SEQ STN:  79001022
** LATITUDE XX XX.XX N:  46 30.00 N
** LONGITUDE XX XX.XX W:  52 51.00 W
** SOUNDING DEPTH (M):  0184
** PROBE TYPE (S1221): S1257
** CTD NUMBER: 022
** COMMENTS (14 CHAR):  SEGB-02
** BOTTLES:  12
** LEVELS: 5,5,10,20,20,30,40,50,75,100,150,BTM
** STICKERS: 434701 - 434712
** VNET: Y
** DO2: N
# nquan = 22
# nvalues = 5583                        
# units = specified
# name 0 = scan: Scan Count
# name 1 = prDM: Pressure, Digiquartz [db]
# name 2 = t090C: Temperature [ITS-90, deg C]
# name 3 = t190C: Temperature, 2 [ITS-90, deg C]
# name 4 = c0S/m: Conductivity [S/m]
# name 5 = c1S/m: Conductivity, 2 [S/m]
# name 6 = sbeox0V: Oxygen raw, SBE 43 [V]
# name 7 = sbeox1V: Oxygen raw, SBE 43, 2 [V]
# name 8 = ph: pH
# name 9 = flECO-AFL: Fluorescence, WET Labs ECO-AFL/FL [mg/m^3]
# name 10 = wetCDOM: Fluorescence, WET Labs CDOM [mg/m^3]
# name 11 = par/sat/log: PAR/Logarithmic, Satlantic [umol photons/m^2/sec]
# name 12 = CStarAt0: Beam Attenuation, WET Labs C-Star [1/m]
# name 13 = CStarTr0: Beam Transmission, WET Labs C-Star [%]
# name 14 = sbeox0ML/L: Oxygen, SBE 43 [ml/l], WS = 2
# name 15 = sbeox1ML/L: Oxygen, SBE 43, 2 [ml/l], WS = 2
# name 16 = sal00: Salinity, Practical [PSU]
# name 17 = sal11: Salinity, Practical, 2 [PSU]
# name 18 = sigma-t00: Density [sigma-t, kg/m^3 ]
# name 19 = sigma-t11: Density, 2 [sigma-t, kg/m^3 ]
# name 20 = oxsatML/L: Oxygen Saturation, Weiss [ml/l]
# name 21 = flag: flag
# span 0 =        106,      46197       
# span 1 =      0.455,    175.520       
# span 2 =    -0.9016,     4.9109       
# span 3 =    -0.9033,     4.9097       
# span 4 =   2.662552,   3.049706       
# span 5 =   2.662573,   3.049800       
# span 6 =     2.6500,     2.9459       
# span 7 =     2.4776,     2.7479       
# span 8 =      8.015,      8.149       
# span 9 =     0.0215,     0.8762       
# span 10 =    -1.7471,     3.1089      
# span 11 = 1.0777e-01, 1.4179e+02      
# span 12 =     0.0704,     2.3438      
# span 13 =    55.6573,    98.2546      
# span 14 =     7.3990,     8.3990      
# span 15 =     6.1707,     7.0179      
# span 16 =    31.6649,    32.6680      
# span 17 =    31.6699,    32.6693      
# span 18 =    25.0417,    26.2602      
# span 19 =    25.0462,    26.2613      
# span 20 =    7.26196,    8.37494      
# span 21 = 0.0000e+00, 0.0000e+00      
# interval = scans: 3                   
# start_time = Nov 23 2019 12:21:38 [System UTC, header]
# bad_flag = -9.990e-29
*END*
[from data line 4610]
      26480     56.193     3.4087     3.8832   2.954181   2.988131     2.8959     2.6919      8.104     0.2511     1.8060 2.3520e-01     0.0913    97.7419     8.0478     6.6661    31.9815    31.9192    25.4406    25.3473    7.52038 0.0000e+00
      26483     56.155     3.3868     3.8598   2.952484   2.987548     2.8963     2.6939      8.105     0.2511     1.8060 2.3575e-01     0.0913    97.7419     8.0530     6.6795    31.9827    31.9352    25.4436    25.3623    7.52443 0.0000e+00
      26486     56.113     3.3574     3.8707   2.950432   2.986948     2.8967     2.6952      8.104     0.2657     1.8060 2.4492e-01     0.0913    97.7419     8.0588     6.6859    31.9872    31.9175    25.4498    25.3471    7.52974 0.0000e+00
      26489     56.070     3.3346     3.8632   2.949732   2.985319     2.8971     2.6960      8.107     0.2950     1.8060 2.3989e-01     0.0910    97.7506     8.0617     6.6923    32.0013    31.9056    25.4630    25.3384    7.53332 0.0000e+00
      26492     56.026     3.3144     3.8277   2.948567   2.984714     2.8971     2.6976      8.105     0.2901     1.8060 2.4071e-01     0.0921    97.7245     8.0627     6.7044    32.0074    31.9331    25.4696    25.3636    7.53683 0.0000e+00
      26495     55.978     3.3014     3.8160   2.949137   2.984984     2.8971     2.6988      8.107     0.3048     1.8060 2.3877e-01     0.0938    97.6811     8.0620     6.7102    32.0271    31.9478    25.4865    25.3764    7.53829 0.0000e+00
      26498     55.926     3.3056     3.8491   2.950347   2.986362     2.8971     2.6996      8.105     0.2950     1.8060 2.4043e-01     0.0935    97.6898     8.0597     6.7056    32.0375    31.9318    25.4944    25.3606    7.53699 0.0000e+00
      26501     55.871     3.3310     3.8773   2.953330   2.989505     2.8980     2.7008      8.105     0.3048     1.8060 2.4408e-01     0.0938    97.6811     8.0572     6.6998    32.0481    31.9413    25.5006    25.3655    7.53165 0.0000e+00
      26504     55.818     3.3575     3.9045   2.954940   2.988302     2.8971     2.7021      8.107     0.2950     1.8060 2.4324e-01     0.0931    97.6984     8.0511     6.6967    32.0413    31.9006    25.4928    25.3305    7.52701 0.0000e+00
      26507     55.757     3.3793     3.8474   2.956250   2.984760     2.8971     2.7037      8.107     0.2950     1.8060 2.4154e-01     0.0938    97.6811     8.0502     6.7058    32.0354    31.9146    25.4862    25.3470    7.52320 0.0000e+00
      26510     55.694     3.3955     3.8143   2.956846   2.984010     2.8971     2.7049      8.107     0.2950     1.8060 2.3933e-01     0.0931    97.6984     8.0521     6.7087    32.0266    31.9381    25.4778    25.3688    7.52059 0.0000e+00
      26513     55.630     3.4159     3.8272   2.957997   2.985009     2.8971     2.7057      8.107     0.2803     1.8060 2.4352e-01     0.0920    97.7245     8.0529     6.7022    32.0202    31.9373    25.4709    25.3671    7.51707 0.0000e+00
      26516     55.562     3.4504     3.8422   2.959749   2.985779     2.8971     2.7074      8.107     0.2706     1.8060 2.4697e-01     0.0906    97.7593     8.0517     6.6969    32.0072    31.9318    25.4574    25.3612    7.51125 0.0000e+00
      26519     55.493     3.4595     3.8589   2.962378   2.987724     2.8980     2.7078      8.107     0.2608     1.8060 2.4606e-01     0.0906    97.7593     8.0558     6.6873    32.0297    31.9385    25.4744    25.3649    7.50843 0.0000e+00
      26522     55.420     3.4910     3.8984   2.965284   2.990421     2.8988     2.7082      8.106     0.2657     1.8060 2.4607e-01     0.0906    97.7593     8.0544     6.6755    32.0333    31.9318    25.4745    25.3559    7.50234 0.0000e+00
      26525     55.344     3.5325     3.9138   2.969243   2.990915     2.9000     2.7082      8.106     0.2706     1.8060 2.6102e-01     0.0906    97.7593     8.0508     6.6659    32.0397    31.9226    25.4758    25.3471    7.49426 0.0000e+00
      26528     55.269     3.5773     3.9150   2.971203   2.991210     2.9012     2.7090      8.106     0.2706     1.8060 2.5269e-01     0.0910    97.7506     8.0475     6.6623    32.0188    31.9250    25.4552    25.3489    7.48692 0.0000e+00
      26531     55.191     3.6132     3.9252   2.972958   2.991817     2.9020     2.7090      8.106     0.2706     1.6087 2.5212e-01     0.0913    97.7419     8.0420     6.6553    32.0045    31.9221    25.4404    25.3456    7.48095 0.0000e+00
      26534     55.112     3.6564     3.9315   2.976666   2.992387     2.9032     2.7090      8.106     0.2706     1.5692 2.5889e-01     0.0917    97.7332     8.0340     6.6504    32.0061    31.9228    25.4377    25.3456    7.47282 0.0000e+00
      26537     55.032     3.6964     3.9469   2.978966   2.993525     2.9036     2.7094      8.106     0.2755     1.5692 2.6161e-01     0.0917    97.7332     8.0236     6.6456    31.9942    31.9212    25.4246    25.3428    7.46600 0.0000e+00
      26540     54.952     3.7288     3.9641   2.981265   2.994289     2.9045     2.7090      8.105     0.2803     1.5692 2.5298e-01     0.0917    97.7332     8.0145     6.6398    31.9897    31.9135    25.4179    25.3350    7.46020 0.0000e+00
      26543     54.870     3.7657     3.9778   2.983730   2.994909     2.9045     2.7098      8.105     0.2901     1.5692 2.6070e-01     0.0917    97.7332     8.0008     6.6410    31.9828    31.9075    25.4089    25.3289    7.45371 0.0000e+00
      26546     54.789     3.8004     3.9797   2.986376   2.994833     2.9045     2.7106      8.105     0.2804     1.5692 2.6494e-01     0.0917    97.7332     7.9860     6.6437    31.9801    31.9048    25.4036    25.3266    7.44742 0.0000e+00
      26549     54.708     3.8400     3.9755   2.989572   2.994364     2.9045     2.7102      8.107     0.2804     1.5692 2.6525e-01     0.0917    97.7332     7.9702     6.6431    31.9792    31.9034    25.3991    25.3260    7.44016 0.0000e+00
      26552     54.632     3.8797     3.9636   2.991221   2.993451     2.9045     2.7114      8.105     0.2852     1.5692 2.8041e-01     0.0921    97.7245     7.9555     6.6486    31.9599    31.9043    25.3800    25.3278    7.43379 0.0000e+00
      26555     54.553     3.9079     3.9461   2.992348   2.992199     2.9045     2.7110      8.107     0.2804     1.5692 2.7623e-01     0.0931    97.6984     7.9446     6.6498    31.9457    31.9066    25.3660    25.3313    7.42931 0.0000e+00
      26558     54.474     3.9421     3.9326   2.996113   2.991495     2.9045     2.7114      8.105     0.2852     1.8060 2.8368e-01     0.0935    97.6898     7.9312     6.6509    31.9567    31.9116    25.3715    25.3365    7.42247 0.0000e+00
      26561     54.393     3.9849     3.9288   2.999073   2.991389     2.9045     2.7114      8.106     0.2755     1.8060 2.8017e-01     0.0931    97.6984     7.9187     6.6492    31.9498    31.9140    25.3619    25.3388    7.41495 0.0000e+00
      26564     54.312     4.0206     3.9281   3.000181   2.991341     2.9045     2.7123      8.106     0.2755     1.8060 2.8596e-01     0.0938    97.6811     7.9103     6.6500    31.9281    31.9142    25.3412    25.3390    7.40948 0.0000e+00
      26567     54.233     4.0444     3.9307   3.000664   2.991590     2.9045     2.7127      8.107     0.3243     1.8060 2.8432e-01     0.0931    97.6984     7.9052     6.6477    31.9107    31.9147    25.3251    25.3391    7.40599 0.0000e+00
      26570     54.156     4.0572     3.9360   3.000597   2.992198     2.9032     2.7127      8.106     0.3243     1.8060 3.0094e-01     0.0938    97.6811     7.8984     6.6451    31.8974    31.9167    25.3133    25.3403    7.40429 0.0000e+00
      26573     54.080     4.0604     3.9568   3.000114   2.994485     2.9032     2.7127      8.107     0.3341     1.8060 3.0438e-01     0.0931    97.6984     7.8980     6.6390    31.8887    31.9234    25.3060    25.3436    7.40413 0.0000e+00
      26576     54.008     4.0531     4.0151   2.998986   2.998823     2.9020     2.7127      8.106     0.3292     1.8060 3.0543e-01     0.0928    97.7071     7.8955     6.6264    31.8826    31.9176    25.3019    25.3334    7.40577 0.0000e+00
      26579     53.937     4.0511     4.0766   2.999876   3.002817     2.9024     2.7123      8.106     0.3292     1.8060 3.1664e-01     0.0924    97.7158     7.8975     6.6129    31.8951    31.9048    25.3120    25.3172    7.40553 0.0000e+00
      26582     53.865     4.0587     4.1154   3.000549   3.004530     2.9016     2.7118      8.109     0.3341     1.8455 3.1662e-01     0.0928    97.7071     7.8949     6.6035    31.8956    31.8872    25.3117    25.2995    7.40411 0.0000e+00
      26585     53.795     4.0676     4.1364   3.001362   3.005589     2.9020     2.7127      8.107     0.3341     1.9245 3.1731e-01     0.0928    97.7071     7.8965     6.5992    31.8965    31.8793    25.3115    25.2911    7.40243 0.0000e+00
      26588     53.726     4.0742     4.1446   3.001385   3.005685     2.9020     2.7127      8.107     0.3341     1.9245 3.2595e-01     0.0928    97.7071     7.8989     6.5942    31.8904    31.8725    25.3060    25.2849    7.40153 0.0000e+00
      26591     53.658     4.0721     4.1354   3.000742   3.004592     2.9020     2.7127      8.109     0.3341     1.9245 3.2513e-01     0.0928    97.7071     7.9039     6.5921    31.8850    31.8686    25.3019    25.2827    7.40218 0.0000e+00
      26594     53.591     4.0723     4.1295   3.001779   3.004094     2.9020     2.7127      8.109     0.3780     1.9245 3.3975e-01     0.0935    97.6898     7.9083     6.5883    31.8970    31.8686    25.3115    25.2833    7.40156 0.0000e+00
      26597     53.525     4.0861     4.1151   3.003083   3.003053     2.9016     2.7127      8.109     0.3634     1.9245 3.4887e-01     0.0942    97.6724     7.9082     6.5852    31.8989    31.8704    25.3116    25.2861    7.39893 0.0000e+00
      26600     53.460     4.1014     4.1106   3.004175   3.003199     2.9016     2.7127      8.107     0.3731     1.9245 3.5335e-01     0.0938    97.6811     7.9095     6.5810    31.8968    31.8764    25.3085    25.2914    7.39624 0.0000e+00
      26603     53.396     4.1155     4.1010   3.004865   3.002350     2.9020     2.7127      8.109     0.3780     1.9245 3.3893e-01     0.0945    97.6637     7.9110     6.5790    31.8913    31.8759    25.3027    25.2919    7.39395 0.0000e+00
      26606     53.335     4.1266     4.0856   3.005392   3.001355     2.9024     2.7123      8.109     0.3731     1.9245 3.4770e-01     0.0938    97.6811     7.9131     6.5773    31.8867    31.8792    25.2980    25.2960    7.39215 0.0000e+00
      26609     53.277     4.1344     4.0717   3.005540   3.000387     2.9020     2.7114      8.109     0.3683     1.0559 3.4647e-01     0.0942    97.6724     7.9122     6.5739    31.8809    31.8813    25.2926    25.2991    7.39101 0.0000e+00
      26612     53.218     4.1377     4.0608   3.005237   2.999314     2.9032     2.7110      8.109     0.3683     0.4637 3.5748e-01     0.0942    97.6724     7.9178     6.5742    31.8741    31.8793    25.2869    25.2985    7.39073 0.0000e+00
      26615     53.161     4.1391     4.0866   3.004870   3.002677     2.9032     2.7094      8.109     0.3683     0.5032 3.6500e-01     0.0949    97.6550     7.9192     6.5656    31.8686    31.8938    25.2823    25.3076    7.39076 0.0000e+00
      26618     53.102     4.1350     4.1109   3.004056   3.003206     2.9045     2.7086      8.109     0.3878     0.5032 3.6884e-01     0.0949    97.6550     7.9262     6.5624    31.8629    31.8764    25.2783    25.2913    7.39177 0.0000e+00
      26621     53.046     4.1248     4.1038   3.002996   2.999700     2.9045     2.7078      8.109     0.4073     0.5032 3.5579e-01     0.0949    97.6550     7.9293     6.5664    31.8604    31.8422    25.2773    25.2648    7.39375 0.0000e+00
      26624     52.992     4.1195     4.0460   3.002689   2.997141     2.9053     2.7078      8.109     0.4024     0.5032 3.6925e-01     0.0949    97.6550     7.9318     6.5801    31.8621    31.8683    25.2791    25.2912    7.39465 0.0000e+00
      26627     52.937     4.1134     4.0229   3.003084   2.996628     2.9053     2.7078      8.109     0.4073     0.5032 3.6497e-01     0.0949    97.6550     7.9311     6.5888    31.8726    31.8847    25.2881    25.3065    7.39524 0.0000e+00
      26630     52.882     4.1041     4.0029   3.002540   2.995578     2.9057     2.7082      8.109     0.4024     0.5032 3.7177e-01     0.0949    97.6550     7.9313     6.5998    31.8753    31.8919    25.2912    25.3141    7.39681 0.0000e+00
      26633     52.831     4.0981     3.9893   3.002359   2.994905     2.9057     2.7078      8.109     0.4024     0.5032 3.7525e-01     0.0945    97.6637     7.9290     6.6070    31.8791    31.8973    25.2947    25.3197    7.39772 0.0000e+00
      26636     52.784     4.1021     3.9917   3.003048   2.995843     2.9061     2.7082      8.109     0.3927     0.7006 3.7481e-01     0.0935    97.6898     7.9255     6.6141    31.8833    31.9061    25.2976    25.3265    7.39678 0.0000e+00
      26639     52.738     4.1059     4.0111   3.002911   2.997030     2.9065     2.7090      8.109     0.3976     0.7401 3.7267e-01     0.0935    97.6898     7.9235     6.6186    31.8780    31.9010    25.2931    25.3206    7.39634 0.0000e+00
      26642     52.687     4.1015     4.0256   3.001566   2.997765     2.9069     2.7090      8.109     0.4024     0.7401 3.8892e-01     0.0938    97.6811     7.9225     6.6205    31.8665    31.8956    25.2844    25.3149    7.39771 0.0000e+00
      26645     52.638     4.0847     4.0308   3.000231   2.997839     2.9069     2.7090      8.109     0.3536     0.7401 3.8404e-01     0.0938    97.6811     7.9238     6.6225    31.8672    31.8915    25.2866    25.3111    7.40075 0.0000e+00
      26648     52.592     4.0762     4.0305   3.001813   2.997100     2.9069     2.7090      8.109     0.3292     0.7401 3.8539e-01     0.0938    97.6811     7.9221     6.6245    31.8941    31.8831    25.3088    25.3045    7.40099 0.0000e+00
      26651     52.548     4.0902     4.0100   3.003230   2.995871     2.9065     2.7090      8.109     0.3292     0.7401 3.8892e-01     0.0931    97.6984     7.9154     6.6305    31.8971    31.8887    25.3098    25.3109    7.39828 0.0000e+00
      26654     52.503     4.1008     4.0025   3.002019   2.996003     2.9061     2.7094      8.109     0.3292     0.7401 3.9073e-01     0.0938    97.6811     7.9118     6.6355    31.8727    31.8975    25.2893    25.3187    7.39755 0.0000e+00
      26657     52.458     4.0650     4.0104   2.995481   2.997368     2.9061     2.7098      8.109     0.3341     0.7401 3.9210e-01     0.0938    97.6811     7.9201     6.6376    31.8307    31.9059    25.2595    25.3246    7.40615 0.0000e+00
      26660     52.412     3.9980     4.0198   2.990591   2.998584     2.9065     2.7102      8.111     0.3292     0.7796 3.8669e-01     0.0938    97.6811     7.9342     6.6386    31.8383    31.9111    25.2720    25.3278    7.41805 0.0000e+00
      26663     52.365     3.9408     4.0491   2.988056   2.999722     2.9061     2.7102      8.109     0.3292     0.8586 3.9527e-01     0.0938    97.6811     7.9431     6.6370    31.8641    31.8959    25.2980    25.3128    7.42727 0.0000e+00
      26666     52.319     3.9015     4.0726   2.986948   3.001095     2.9057     2.7114      8.111     0.3341     0.8586 3.9619e-01     0.0938    97.6811     7.9494     6.6413    31.8893    31.8892    25.3218    25.3053    7.43326 0.0000e+00
      26669     52.273     3.8794     4.1011   2.987551   3.003443     2.9061     2.7114      8.111     0.3341     0.8586 3.8985e-01     0.0938    97.6811     7.9544     6.6409    31.9180    31.8891    25.3468    25.3024    7.43591 0.0000e+00
