Datasets/AZMP/COO001/79001124.cnv
* Sea-Bird SBE 9 Data File:
* FileName = C:\CTDDATA\79001124.hex
* Software Version Seasave V 7.26.7.110
* Temperature SN = 5660
* Conductivity SN = 3698
* Number of Bytes Per Scan = 30
* Number of Voltage Words = 4
* Number of Scans Averaged by the Deck Unit = 1
* NMEA baud rate = 9600
** VESSEL/TRIP/SEQ STN:  79001124
** LATITUDE XX XX.XX N:  47 00.00 N
** LONGITUDE XX XX.XX W:  52 42.30 W
** SOUNDING DEPTH (M):  0192
** PROBE TYPE: S1257
** CTD NUMBER: 084
** COMMENTS (14 CHAR): FC-02
** BOTTLES:  12
** LEVELS: 5,5,10,20,20,30,40,50,75,100,150,BTM
** STICKERS: 435664 - 435675
** VNET: Y
** DO2: N
# nquan = 22
# nvalues = 5332                        
# units = specified
# name 0 = scan: Scan Count
# name 1 = prDM: Pressure, Digiquartz [db]
# name 2 = t090C: Temperature [ITS-90, deg C]
# name 3 = t190C: Temperature, 2 [ITS-90, deg C]
# name 4 = c0S/m: Conductivity [S/m]
# name 5 = c1S/m: Conductivity, 2 [S/m]
# name 6 = sbeox0V: Oxygen raw, SBE 43 [V]
# name 7 = sbeox1V: Oxygen raw, SBE 43, 2 [V]
# name 8 = ph: pH
# name 9 = flECO-AFL: Fluorescence, WET Labs ECO-AFL/FL [mg/m^3]
# name 10 = wetCDOM: Fluorescence, WET Labs CDOM [mg/m^3]
# name 11 = par/sat/log: PAR/Logarithmic, Satlantic [umol photons/m^2/sec]
# name 12 = CStarAt0: Beam Attenuation, WET Labs C-Star [1/m]
# name 13 = CStarTr0: Beam Transmission, WET Labs C-Star [%]
# name 14 = sbeox0ML/L: Oxygen, SBE 43 [ml/l], WS = 2
# name 15 = sbeox1ML/L: Oxygen, SBE 43, 2 [ml/l], WS = 2
# name 16 = sal00: Salinity, Practical [PSU]
# name 17 = sal11: Salinity, Practical, 2 [PSU]
# name 18 = sigma-t00: Density [sigma-t, kg/m^3 ]
# name 19 = sigma-t11: Density, 2 [sigma-t, kg/m^3 ]
# name 20 = oxsatML/L: Oxygen Saturation, Weiss [ml/l]
# name 21 = flag: flag
# span 0 =         73,      49925       
# span 1 =      1.294,    182.339       
# span 2 =    -0.9135,     2.3933       
# span 3 =    -0.9158,     2.3928       
# span 4 =   2.662345,   2.884894       
# span 5 =   2.661470,   2.885046       
# span 6 =     2.3470,     2.7574       
# span 7 =     2.3197,     2.7289       
# span 8 =      8.039,      8.175       
# span 9 =     0.0068,     1.1985       
# span 10 =     0.9770,     2.1614      
# span 11 = 1.0617e-01, 5.1210e-01      
# span 12 =     0.0563,     0.1584      
# span 13 =    96.1169,    98.6022      
# span 14 =     6.9480,     7.8022      
# span 15 =     7.2845,     8.1816      
# span 16 =    32.1725,    33.2427      
# span 17 =    32.1756,    33.2405      
# span 18 =    25.6785,    26.7018      
# span 19 =    25.6804,    26.6993      
# span 20 =    7.70565,    8.37332      
# span 21 = 0.0000e+00, 0.0000e+00      
# interval = scans: 3                   
# start_time = Dec 08 2019 20:38:11 [System UTC, header]
# bad_flag = -9.990e-29
*END*
[from data line 3029]
      14820    156.597    -0.2985    -0.2897   2.749087   2.746497     2.3887     2.3435      8.049     0.0361     1.9245 1.0815e-01     0.1153    97.1597     7.0786     7.3907    33.1820    33.1380    26.6525    26.6165    8.21076 0.0000e+00
      14823    156.528    -0.3012    -0.2903   2.749096   2.746017     2.3891     2.3435      8.051     0.0410     1.9245 1.0815e-01     0.1153    97.1597     7.0801     7.3903    33.1852    33.1324    26.6552    26.6120    8.21120 0.0000e+00
      14826    156.453    -0.3033    -0.2902   2.749057   2.744972     2.3887     2.3447      8.049     0.0410     1.9245 1.0827e-01     0.1153    97.1597     7.0801     7.3931    33.1870    33.1184    26.6567    26.6007    8.21155 0.0000e+00
      14829    156.372    -0.3052    -0.2915   2.748942   2.745968     2.3887     2.3443      8.051     0.0410     1.9245 1.0827e-01     0.1153    97.1597     7.0792     7.3913    33.1876    33.1332    26.6573    26.6127    8.21193 0.0000e+00
      14832    156.288    -0.3065    -0.2958   2.748818   2.746823     2.3887     2.3443      8.054     0.0410     1.9245 1.0815e-01     0.1153    97.1597     7.0787     7.3956    33.1874    33.1492    26.6572    26.6258    8.21223 0.0000e+00
      14835    156.197    -0.3082    -0.2983   2.748794   2.747435     2.3887     2.3447      8.054     0.0361     1.9245 1.0815e-01     0.1127    97.2205     7.0818     7.4029    33.1891    33.1601    26.6586    26.6347    8.21252 0.0000e+00
      14838    156.100    -0.3093    -0.3013   2.748499   2.747938     2.3879     2.3447      8.054     0.0410     1.9245 1.0827e-01     0.1081    97.3335     7.0806     7.4076    33.1863    33.1701    26.6564    26.6430    8.21290 0.0000e+00
      14841    155.999    -0.3093    -0.3000   2.748178   2.747103     2.3871     2.3447      8.054     0.0264     1.9245 1.0827e-01     0.1078    97.3422     7.0774     7.4144    33.1821    33.1577    26.6530    26.6329    8.21314 0.0000e+00
      14844    155.894    -0.3093    -0.2958   2.748128   2.746927     2.3887     2.3447      8.054     0.0215     1.9245 1.0827e-01     0.1081    97.3335     7.0855     7.4214    33.1816    33.1508    26.6525    26.6271    8.21319 0.0000e+00
      14847    155.784    -0.3086    -0.2991   2.747622   2.747892     2.3879     2.3451      8.054     0.0264     1.9245 1.0815e-01     0.1085    97.3248     7.0831     7.4297    33.1741    33.1673    26.6465    26.6406    8.21345 0.0000e+00
      14850    155.671    -0.3067    -0.3041   2.747279   2.748166     2.3887     2.3451      8.054     0.0215     1.8060 1.0827e-01     0.1085    97.3248     7.0867     7.4378    33.1675    33.1765    26.6411    26.6482    8.21339 0.0000e+00
      14853    155.556    -0.3059    -0.3023   2.747573   2.747655     2.3871     2.3459      8.054     0.0264     1.8060 1.0815e-01     0.1081    97.3335     7.0821     7.4516    33.1706    33.1678    26.6435    26.6411    8.21304 0.0000e+00
      14856    155.441    -0.3053    -0.2991   2.746936   2.747278     2.3883     2.3467      8.054     0.0264     1.8060 1.0827e-01     0.1056    97.3943     7.0892     7.4619    33.1615    33.1594    26.6362    26.6341    8.21342 0.0000e+00
      14859    155.326    -0.3032    -0.2977   2.746183   2.747157     2.3891     2.3471      8.054     0.0264     1.8060 1.0827e-01     0.1038    97.4377     7.0963     7.4736    33.1494    33.1563    26.6263    26.6317    8.21365 0.0000e+00
      14862    155.213    -0.3017    -0.2955   2.745519   2.745615     2.3879     2.3475      8.054     0.0264     1.8060 1.0827e-01     0.1042    97.4291     7.0960     7.4879    33.1389    33.1334    26.6177    26.6131    8.21389 0.0000e+00
      14865    155.102    -0.2987    -0.2920   2.743736   2.744855     2.3879     2.3484      8.054     0.0264     1.8060 1.0827e-01     0.1038    97.4377     7.0985     7.4991    33.1120    33.1197    26.5959    26.6018    8.21475 0.0000e+00
      14868    154.990    -0.2952    -0.2901   2.742478   2.745190     2.3891     2.3496      8.054     0.0166     1.8060 1.0827e-01     0.1038    97.4377     7.1063     7.5095    33.0916    33.1220    26.5792    26.6036    8.21514 0.0000e+00
      14871    154.881    -0.2934    -0.2889   2.742218   2.745518     2.3875     2.3496      8.054     0.0117     1.8060 1.0827e-01     0.1035    97.4464     7.1052     7.5137    33.0862    33.1252    26.5748    26.6061    8.21503 0.0000e+00
      14874    154.777    -0.2927    -0.2889   2.742012   2.745225     2.3883     2.3508      8.056     0.0117     1.8455 1.0827e-01     0.1035    97.4464     7.1140     7.5219    33.0827    33.1213    26.5720    26.6030    8.21507 0.0000e+00
      14877    154.679    -0.2927    -0.2899   2.741721   2.743106     2.3887     2.3512      8.057     0.0117     1.9245 1.0827e-01     0.0996    97.5420     7.1196     7.5258    33.0789    33.0943    26.5689    26.5812    8.21529 0.0000e+00
      14880    154.581    -0.2929    -0.2930   2.740895   2.740862     2.3891     2.3524      8.059     0.0117     1.9245 1.0827e-01     0.0992    97.5507     7.1241     7.5329    33.0682    33.0679    26.5602    26.5600    8.21594 0.0000e+00
      14883    154.484    -0.2932    -0.2963   2.739948   2.739654     2.3899     2.3532      8.059     0.0117     1.9245 1.0815e-01     0.0992    97.5507     7.1319     7.5401    33.0560    33.0555    26.5504    26.5501    8.21669 0.0000e+00
      14886    154.392    -0.2939    -0.2989   2.739928   2.739052     2.3899     2.3545      8.057     0.0117     1.9245 1.0815e-01     0.0992    97.5507     7.1360     7.5443    33.0566    33.0504    26.5509    26.5461    8.21682 0.0000e+00
      14889    154.306    -0.2946    -0.3000   2.739814   2.738819     2.3911     2.3545      8.059     0.0117     1.9245 1.0815e-01     0.0992    97.5507     7.1418     7.5439    33.0558    33.0485    26.5503    26.5446    8.21701 0.0000e+00
      14892    154.221    -0.2950    -0.3006   2.739864   2.738735     2.3911     2.3557      8.059     0.0166     1.9245 1.0827e-01     0.0992    97.5507     7.1443     7.5476    33.0570    33.0481    26.5513    26.5444    8.21703 0.0000e+00
      14895    154.140    -0.2953    -0.3009   2.739868   2.738683     2.3923     2.3565      8.059     0.0264     1.9245 1.0802e-01     0.0981    97.5768     7.1503     7.5511    33.0575    33.0478    26.5517    26.5441    8.21708 0.0000e+00
      14898    154.057    -0.2952    -0.3010   2.740036   2.738685     2.3927     2.3573      8.059     0.0264     1.9245 1.0827e-01     0.0938    97.6811     7.1508     7.5517    33.0596    33.0480    26.5534    26.5443    8.21693 0.0000e+00
      14901    153.981    -0.2953    -0.3013   2.739873   2.738626     2.3927     2.3573      8.059     0.0264     1.9245 1.0815e-01     0.0938    97.6811     7.1492     7.5485    33.0576    33.0476    26.5518    26.5440    8.21707 0.0000e+00
      14904    153.903    -0.2957    -0.3021   2.739913   2.738509     2.3936     2.3585      8.060     0.0264     1.9245 1.0827e-01     0.0938    97.6811     7.1489     7.5483    33.0587    33.0469    26.5527    26.5434    8.21710 0.0000e+00
      14907    153.827    -0.2955    -0.3029   2.739859   2.738398     2.3936     2.3594      8.059     0.0264     1.9245 1.0827e-01     0.0938    97.6811     7.1469     7.5493    33.0578    33.0463    26.5519    26.5430    8.21711 0.0000e+00
      14910    153.751    -0.2957    -0.3040   2.739654   2.738271     2.3940     2.3598      8.059     0.0264     1.9245 1.0827e-01     0.0938    97.6811     7.1472     7.5487    33.0553    33.0459    26.5500    26.5427    8.21729 0.0000e+00
      14913    153.673    -0.2963    -0.3047   2.739530   2.738174     2.3948     2.3606      8.060     0.0264     1.9245 1.0827e-01     0.0938    97.6811     7.1466     7.5512    33.0543    33.0454    26.5491    26.5423    8.21747 0.0000e+00
      14916    153.592    -0.2963    -0.3053   2.739747   2.738119     2.3948     2.3614      8.063     0.0264     1.9245 1.0827e-01     0.0938    97.6811     7.1464     7.5525    33.0572    33.0453    26.5515    26.5423    8.21730 0.0000e+00
      14919    153.512    -0.2962    -0.3060   2.739630   2.737952     2.3956     2.3622      8.062     0.0313     1.9245 1.0827e-01     0.0938    97.6811     7.1481     7.5529    33.0557    33.0440    26.5502    26.5412    8.21737 0.0000e+00
      14922    153.433    -0.2964    -0.3075   2.739542   2.737729     2.3960     2.3626      8.062     0.0264     1.9245 1.0827e-01     0.0938    97.6811     7.1502     7.5552    33.0547    33.0427    26.5495    26.5402    8.21746 0.0000e+00
      14925    153.351    -0.2967    -0.3090   2.739581   2.737553     2.3956     2.3630      8.062     0.0264     1.9245 1.0815e-01     0.0938    97.6811     7.1479     7.5564    33.0556    33.0419    26.5502    26.5397    8.21748 0.0000e+00
      14928    153.269    -0.2967    -0.3113   2.739573   2.737277     2.3956     2.3638      8.063     0.0215     2.0034 1.0815e-01     0.0938    97.6811     7.1471     7.5594    33.0555    33.0409    26.5502    26.5390    8.21748 0.0000e+00
      14931    153.185    -0.2966    -0.3146   2.739559   2.736795     2.3964     2.3642      8.063     0.0264     2.0429 1.0815e-01     0.0938    97.6811     7.1491     7.5614    33.0553    33.0380    26.5500    26.5368    8.21749 0.0000e+00
      14934    153.098    -0.2967    -0.3182   2.739505   2.736376     2.3968     2.3646      8.063     0.0264     2.0429 1.0827e-01     0.0938    97.6811     7.1511     7.5622    33.0548    33.0365    26.5496    26.5358    8.21754 0.0000e+00
      14937    153.012    -0.2968    -0.3240   2.739481   2.735656     2.3964     2.3659      8.063     0.0264     2.0429 1.0827e-01     0.0935    97.6898     7.1497     7.5684    33.0546    33.0332    26.5494    26.5333    8.21757 0.0000e+00
      14940    152.922    -0.2970    -0.3303   2.739448   2.735163     2.3985     2.3659      8.063     0.0264     2.0429 1.0827e-01     0.0938    97.6811     7.1575     7.5669    33.0544    33.0336    26.5493    26.5339    8.21762 0.0000e+00
      14943    152.829    -0.2971    -0.3352   2.739335   2.734739     2.3981     2.3667      8.063     0.0264     2.0429 1.0827e-01     0.0938    97.6811     7.1558     7.5691    33.0531    33.0333    26.5482    26.5339    8.21772 0.0000e+00
      14946    152.735    -0.2976    -0.3381   2.739270   2.734540     2.3981     2.3679      8.063     0.0264     2.0429 1.0827e-01     0.0935    97.6898     7.1556     7.5741    33.0529    33.0338    26.5481    26.5344    8.21785 0.0000e+00
      14949    152.641    -0.2977    -0.3398   2.739235   2.734405     2.3985     2.3683      8.063     0.0313     2.0429 1.0827e-01     0.0938    97.6811     7.1561     7.5725    33.0526    33.0339    26.5478    26.5346    8.21789 0.0000e+00
      14952    152.546    -0.2980    -0.3412   2.739055   2.734269     2.3985     2.3691      8.063     0.0264     2.0034 1.0827e-01     0.0938    97.6811     7.1533     7.5714    33.0505    33.0337    26.5462    26.5345    8.21806 0.0000e+00
      14955    152.451    -0.2988    -0.3421   2.738870   2.734176     2.3989     2.3691      8.063     0.0264     1.9245 1.0827e-01     0.0938    97.6811     7.1518     7.5695    33.0489    33.0336    26.5449    26.5344    8.21832 0.0000e+00
      14958    152.356    -0.2994    -0.3430   2.738745   2.734125     2.4005     2.3700      8.063     0.0215     1.9245 1.0827e-01     0.0928    97.7071     7.1562     7.5689    33.0480    33.0339    26.5443    26.5347    8.21851 0.0000e+00
      14961    152.260    -0.3001    -0.3436   2.738672   2.734062     2.3997     2.3704      8.063     0.0264     1.9245 1.0827e-01     0.0928    97.7071     7.1507     7.5686    33.0479    33.0337    26.5442    26.5346    8.21867 0.0000e+00
      14964    152.168    -0.3005    -0.3439   2.738710   2.734019     2.3997     2.3704      8.063     0.0313     1.9245 1.0815e-01     0.0928    97.7071     7.1486     7.5669    33.0488    33.0336    26.5449    26.5345    8.21870 0.0000e+00
      14967    152.075    -0.3008    -0.3447   2.738871   2.733855     2.4005     2.3712      8.063     0.0264     1.9245 1.0827e-01     0.0928    97.7071     7.1507     7.5657    33.0514    33.0323    26.5470    26.5335    8.21863 0.0000e+00
      14970    151.982    -0.3012    -0.3477   2.738777   2.733347     2.4001     2.3716      8.063     0.0264     1.9245 1.0827e-01     0.0928    97.7071     7.1478     7.5655    33.0506    33.0289    26.5464    26.5308    8.21876 0.0000e+00
      14973    151.894    -0.3015    -0.3541   2.739026   2.732483     2.4001     2.3716      8.063     0.0264     1.9245 1.0827e-01     0.0928    97.7071     7.1478     7.5661    33.0543    33.0244    26.5493    26.5275    8.21861 0.0000e+00
      14976    151.805    -0.3010    -0.3624   2.739288   2.731651     2.4005     2.3724      8.065     0.0264     1.9245 1.0827e-01     0.0938    97.6811     7.1494     7.5735    33.0573    33.0223    26.5518    26.5262    8.21834 0.0000e+00
      14979    151.719    -0.3005    -0.3689   2.739173   2.731227     2.3997     2.3728      8.065     0.0264     1.9245 1.0827e-01     0.0960    97.6289     7.1450     7.5774    33.0553    33.0237    26.5502    26.5276    8.21834 0.0000e+00
      14982    151.633    -0.3006    -0.3724   2.738978   2.730955     2.4009     2.3736      8.066     0.0264     1.9245 1.0815e-01     0.0960    97.6289     7.1510     7.5793    33.0529    33.0239    26.5482    26.5279    8.21850 0.0000e+00
      14985    151.549    -0.3011    -0.3757   2.738852   2.730524     2.4009     2.3740      8.063     0.0264     1.9245 1.0827e-01     0.0960    97.6289     7.1527     7.5819    33.0518    33.0219    26.5473    26.5264    8.21867 0.0000e+00
      14988    151.466    -0.3015    -0.3789   2.738760   2.730249     2.4009     2.3740      8.068     0.0264     1.9245 1.0827e-01     0.0960    97.6289     7.1541     7.5821    33.0510    33.0217    26.5467    26.5264    8.21880 0.0000e+00
      14991    151.387    -0.3021    -0.3827   2.738773   2.729720     2.4009     2.3744      8.065     0.0264     1.9245 1.0815e-01     0.0960    97.6289     7.1537     7.5804    33.0519    33.0189    26.5475    26.5242    8.21889 0.0000e+00
      14994    151.312    -0.3025    -0.3874   2.738742   2.729226     2.4013     2.3752      8.066     0.0264     1.9245 1.0827e-01     0.0960    97.6289     7.1540     7.5788    33.0520    33.0175    26.5476    26.5233    8.21897 0.0000e+00
      14997    151.240    -0.3029    -0.3906   2.738439   2.728844     2.4021     2.3756      8.066     0.0313     1.9245 1.0827e-01     0.0967    97.6116     7.1566     7.5765    33.0484    33.0158    26.5447    26.5222    8.21926 0.0000e+00
      15000    151.171    -0.3047    -0.3928   2.738078   2.728736     2.4021     2.3765      8.068     0.0264     1.9245 1.0827e-01     0.0960    97.6289     7.1563     7.5748    33.0455    33.0168    26.5425    26.5230    8.21981 0.0000e+00
      15003    151.104    -0.3067    -0.3909   2.737936   2.729142     2.4025     2.3765      8.066     0.0264     1.9245 1.0815e-01     0.0960    97.6289     7.1565     7.5696    33.0460    33.0202    26.5429    26.5257    8.22024 0.0000e+00
      15006    151.041    -0.3077    -0.3872   2.737881   2.729241     2.4025     2.3765      8.068     0.0264     1.9245 1.0815e-01     0.0964    97.6202     7.1536     7.5629    33.0463    33.0176    26.5432    26.5234    8.22043 0.0000e+00
      15009    150.982    -0.3086    -0.3894   2.737722   2.728997     2.4025     2.3773      8.068     0.0264     1.9245 1.0815e-01     0.0960    97.6289     7.1537     7.5609    33.0452    33.0167    26.5424    26.5228    8.22070 0.0000e+00
      15012    150.926    -0.3093    -0.3876   2.737627   2.729625     2.4030     2.3773      8.068     0.0264     1.9245 1.0827e-01     0.0960    97.6289     7.1550     7.5548    33.0448    33.0231    26.5420    26.5279    8.22088 0.0000e+00
