Datasets/AZMP/COO001/79001128.cnv
* Sea-Bird SBE 9 Data File:
* FileName = C:\CTDDATA\79001128.hex
* Software Version Seasave V 7.26.7.110
* Temperature SN = 5660
* Conductivity SN = 3698
* Number of Bytes Per Scan = 30
* Number of Voltage Words = 4
* Number of Scans Averaged by the Deck Unit = 1
* NMEA baud rate = 9600
** VESSEL/TRIP/SEQ STN:  79001128
** LATITUDE XX XX.XX N:  47 32.80 N
** LONGITUDE XX XX.XX W:  52 35.20 W
** SOUNDING DEPTH (M):  0176
** PROBE TYPE: S1257
** CTD NUMBER: 088
** COMMENTS (14 CHAR): S27-01
** BOTTLES:  20
** LEVELS: 5,5,5,5,10,20,20,20,20,30,40,50,50,50,75,100,100,100,150,BTM
** STICKERS: 437714 - 437733
** VNET: Y
** DO2: N
# nquan = 22
# nvalues = 5728                        
# units = specified
# name 0 = scan: Scan Count
# name 1 = prDM: Pressure, Digiquartz [db]
# name 2 = t090C: Temperature [ITS-90, deg C]
# name 3 = t190C: Temperature, 2 [ITS-90, deg C]
# name 4 = c0S/m: Conductivity [S/m]
# name 5 = c1S/m: Conductivity, 2 [S/m]
# name 6 = sbeox0V: Oxygen raw, SBE 43 [V]
# name 7 = sbeox1V: Oxygen raw, SBE 43, 2 [V]
# name 8 = ph: pH
# name 9 = flECO-AFL: Fluorescence, WET Labs ECO-AFL/FL [mg/m^3]
# name 10 = wetCDOM: Fluorescence, WET Labs CDOM [mg/m^3]
# name 11 = par/sat/log: PAR/Logarithmic, Satlantic [umol photons/m^2/sec]
# name 12 = CStarAt0: Beam Attenuation, WET Labs C-Star [1/m]
# name 13 = CStarTr0: Beam Transmission, WET Labs C-Star [%]
# name 14 = sbeox0ML/L: Oxygen, SBE 43 [ml/l], WS = 2
# name 15 = sbeox1ML/L: Oxygen, SBE 43, 2 [ml/l], WS = 2
# name 16 = sal00: Salinity, Practical [PSU]
# name 17 = sal11: Salinity, Practical, 2 [PSU]
# name 18 = sigma-t00: Density [sigma-t, kg/m^3 ]
# name 19 = sigma-t11: Density, 2 [sigma-t, kg/m^3 ]
# name 20 = oxsatML/L: Oxygen Saturation, Weiss [ml/l]
# name 21 = flag: flag
# span 0 =        151,      58737       
# span 1 =      0.842,    171.426       
# span 2 =    -0.2603,     2.8234       
# span 3 =    -0.2620,     2.8229       
# span 4 =   2.736286,   2.888562       
# span 5 =   2.736349,   2.888647       
# span 6 =     2.3975,     2.7700       
# span 7 =     2.3727,     2.7460       
# span 8 =      8.022,      8.152       
# span 9 =     0.0215,     1.4037       
# span 10 =    -2.8130,   481.7133      
# span 11 = 1.0729e-01, 1.0044e+00      
# span 12 =     0.0704,     0.1556      
# span 13 =    96.1864,    98.2546      
# span 14 =     6.6960,     7.7581      
# span 15 =     7.4791,     8.1712      
# span 16 =    31.7355,    33.0364      
# span 17 =    31.7917,    33.0393      
# span 18 =    25.2949,    26.5326      
# span 19 =    25.3396,    26.5349      
# span 20 =    7.64157,    8.21378      
# span 21 = 0.0000e+00, 0.0000e+00      
# interval = scans: 3                   
# start_time = Dec 10 2019 07:45:54 [System UTC, header]
# bad_flag = -9.990e-29
*END*
[from data line 1449]
       5293     88.838     2.0965     2.1044   2.868133   2.868211     2.7140     2.6838      8.117     0.2901     1.6876 1.0777e-01     0.0843    97.9157     7.7137     8.1249    32.2297    32.2226    25.7456    25.7394    7.76142 0.0000e+00
       5296     88.886     2.0964     2.1051   2.868142   2.868222     2.7144     2.6830      8.117     0.2804     1.6876 1.0777e-01     0.0843    97.9157     7.7154     8.1214    32.2298    32.2220    25.7457    25.7389    7.76142 0.0000e+00
       5299     88.931     2.0962     2.1059   2.868141   2.868238     2.7148     2.6834      8.117     0.2804     1.9245 1.0777e-01     0.0825    97.9591     7.7148     8.1219    32.2300    32.2214    25.7459    25.7383    7.76145 0.0000e+00
       5302     88.975     2.0962     2.1065   2.868136   2.868262     2.7140     2.6830      8.117     0.2657     1.9245 1.0765e-01     0.0821    97.9678     7.7114     8.1190    32.2300    32.2210    25.7459    25.7379    7.76146 0.0000e+00
       5305     89.018     2.0964     2.1069   2.868152   2.868275     2.7135     2.6834      8.117     0.2657     1.9245 1.0765e-01     0.0821    97.9678     7.7098     8.1190    32.2299    32.2208    25.7458    25.7377    7.76142 0.0000e+00
       5308     89.062     2.0963     2.1064   2.868142   2.868303     2.7144     2.6838      8.117     0.2657     1.9245 1.0777e-01     0.0821    97.9678     7.7138     8.1210    32.2299    32.2216    25.7458    25.7385    7.76144 0.0000e+00
       5311     89.104     2.0964     2.1032   2.868164   2.868310     2.7140     2.6838      8.117     0.2706     1.9245 1.0777e-01     0.0825    97.9591     7.7134     8.1214    32.2301    32.2249    25.7459    25.7413    7.76142 0.0000e+00
       5314     89.145     2.0963     2.1041   2.868173   2.868322     2.7131     2.6838      8.117     0.2657     1.9245 1.0765e-01     0.0821    97.9678     7.7122     8.1211    32.2302    32.2242    25.7460    25.7406    7.76142 0.0000e+00
       5317     89.184     2.0967     2.1022   2.868158   2.868347     2.7132     2.6838      8.117     0.2657     1.9245 1.0777e-01     0.0828    97.9505     7.7105     8.1221    32.2296    32.2263    25.7456    25.7425    7.76138 0.0000e+00
       5320     89.224     2.0971     2.1002   2.868157   2.868350     2.7136     2.6838      8.117     0.2755     1.9245 1.0765e-01     0.0832    97.9418     7.7104     8.1238    32.2292    32.2284    25.7452    25.7443    7.76132 0.0000e+00
       5323     89.258     2.0973     2.1006   2.868156   2.868362     2.7132     2.6838      8.117     0.2608     1.9245 1.0790e-01     0.0832    97.9418     7.7114     8.1231    32.2290    32.2282    25.7450    25.7440    7.76130 0.0000e+00
       5326     89.291     2.0970     2.1008   2.868205   2.868360     2.7140     2.6838      8.117     0.2657     1.9245 1.0777e-01     0.0832    97.9418     7.7152     8.1221    32.2298    32.2279    25.7457    25.7439    7.76130 0.0000e+00
       5329     89.324     2.0964     2.1007   2.868234   2.868372     2.7140     2.6838      8.117     0.2706     1.9245 1.0777e-01     0.0832    97.9418     7.7145     8.1191    32.2307    32.2281    25.7465    25.7441    7.76137 0.0000e+00
       5332     89.356     2.0962     2.0997   2.868207   2.868359     2.7136     2.6838      8.117     0.2706     1.9245 1.0752e-01     0.0832    97.9418     7.7132     8.1201    32.2306    32.2290    25.7464    25.7448    7.76142 0.0000e+00
       5335     89.387     2.0963     2.0990   2.868203   2.868368     2.7140     2.6838      8.117     0.2755     1.9245 1.0765e-01     0.0832    97.9418     7.7156     8.1208    32.2305    32.2298    25.7463    25.7455    7.76142 0.0000e+00
       5338     89.418     2.0964     2.0984   2.868228   2.868366     2.7144     2.6846      8.117     0.2706     1.9245 1.0765e-01     0.0832    97.9418     7.7154     8.1238    32.2307    32.2303    25.7464    25.7460    7.76139 0.0000e+00
       5341     89.449     2.0961     2.0979   2.868256   2.868386     2.7123     2.6838      8.117     0.2706     1.9245 1.0777e-01     0.0828    97.9505     7.7073     8.1199    32.2313    32.2311    25.7469    25.7466    7.76141 0.0000e+00
       5344     89.480     2.0961     2.0962   2.868222   2.868361     2.7132     2.6842      8.117     0.2706     1.9245 1.0777e-01     0.0828    97.9505     7.7092     8.1235    32.2308    32.2325    25.7465    25.7479    7.76142 0.0000e+00
       5347     89.513     2.0960     2.0960   2.868221   2.868397     2.7140     2.6842      8.117     0.2706     1.9245 1.0765e-01     0.0825    97.9591     7.7103     8.1248    32.2309    32.2331    25.7466    25.7484    7.76144 0.0000e+00
       5350     89.544     2.0961     2.0963   2.868236   2.868389     2.7132     2.6842      8.117     0.2608     1.8455 1.0765e-01     0.0832    97.9418     7.7060     8.1229    32.2310    32.2327    25.7467    25.7480    7.76143 0.0000e+00
       5353     89.574     2.0960     2.0962   2.868275   2.868408     2.7132     2.6838      8.115     0.2657     1.8060 1.0790e-01     0.0828    97.9505     7.7060     8.1200    32.2316    32.2330    25.7471    25.7483    7.76141 0.0000e+00
       5356     89.607     2.0961     2.0966   2.868296   2.868418     2.7132     2.6846      8.117     0.2657     1.8060 1.0777e-01     0.0832    97.9418     7.7066     8.1228    32.2317    32.2327    25.7473    25.7480    7.76139 0.0000e+00
       5359     89.643     2.0961     2.0964   2.868300   2.868413     2.7132     2.6846      8.117     0.2657     1.8060 1.0777e-01     0.0814    97.9852     7.7062     8.1206    32.2317    32.2328    25.7473    25.7481    7.76139 0.0000e+00
       5362     89.679     2.0960     2.0957   2.868305   2.868421     2.7123     2.6838      8.117     0.2608     1.8060 1.0765e-01     0.0807    98.0026     7.7035     8.1187    32.2319    32.2336    25.7474    25.7488    7.76140 0.0000e+00
       5365     89.715     2.0961     2.0952   2.868342   2.868432     2.7132     2.6842      8.117     0.2706     1.8060 1.0765e-01     0.0807    98.0026     7.7089     8.1223    32.2322    32.2343    25.7477    25.7494    7.76136 0.0000e+00
       5368     89.753     2.0963     2.0952   2.868368   2.868428     2.7128     2.6850      8.117     0.2657     1.8060 1.0765e-01     0.0807    98.0026     7.7064     8.1260    32.2323    32.2342    25.7477    25.7493    7.76131 0.0000e+00
       5371     89.794     2.0966     2.0968   2.868388   2.868395     2.7119     2.6846      8.117     0.2608     1.8060 1.0790e-01     0.0807    98.0026     7.7036     8.1225    32.2323    32.2321    25.7477    25.7475    7.76126 0.0000e+00
       5374     89.838     2.0964     2.0960   2.868385   2.868398     2.7123     2.6838      8.117     0.2657     1.8060 1.0790e-01     0.0807    98.0026     7.7046     8.1177    32.2323    32.2330    25.7477    25.7483    7.76129 0.0000e+00
       5377     89.886     2.0961     2.0952   2.868374   2.868412     2.7123     2.6842      8.117     0.2657     1.8060 1.0790e-01     0.0811    97.9939     7.7050     8.1165    32.2325    32.2339    25.7479    25.7491    7.76134 0.0000e+00
       5380     89.935     2.0960     2.0950   2.868401   2.868382     2.7128     2.6846      8.117     0.2511     1.8060 1.0765e-01     0.0818    97.9765     7.7064     8.1181    32.2329    32.2337    25.7482    25.7489    7.76134 0.0000e+00
       5383     89.984     2.0960     2.0948   2.868393   2.868434     2.7119     2.6838      8.117     0.2511     1.8060 1.0777e-01     0.0811    97.9939     7.7043     8.1141    32.2327    32.2346    25.7481    25.7496    7.76134 0.0000e+00
       5386     90.038     2.0958     2.0947   2.868393   2.868421     2.7119     2.6850      8.117     0.2559     1.8060 1.0790e-01     0.0811    97.9939     7.7052     8.1176    32.2330    32.2344    25.7483    25.7495    7.76138 0.0000e+00
       5389     90.092     2.0956     2.0946   2.868385   2.868443     2.7132     2.6850      8.117     0.2559     1.8060 1.0790e-01     0.0811    97.9939     7.7107     8.1147    32.2330    32.2348    25.7483    25.7498    7.76141 0.0000e+00
       5392     90.149     2.0955     2.0947   2.868373   2.868465     2.7123     2.6846      8.117     0.2511     1.8060 1.0777e-01     0.0811    97.9939     7.7092     8.1130    32.2330    32.2349    25.7484    25.7499    7.76144 0.0000e+00
       5395     90.209     2.0950     2.0947   2.868353   2.868516     2.7115     2.6838      8.117     0.2608     1.8060 1.0765e-01     0.0811    97.9939     7.7056     8.1115    32.2332    32.2356    25.7486    25.7504    7.76153 0.0000e+00
       5398     90.270     2.0946     2.0947   2.868320   2.868526     2.7115     2.6838      8.117     0.2462     1.8060 1.0765e-01     0.0829    97.9505     7.7050     8.1108    32.2331    32.2356    25.7485    25.7505    7.76160 0.0000e+00
       5401     90.333     2.0947     2.0946   2.868351   2.868528     2.7119     2.6838      8.117     0.2511     1.8060 1.0765e-01     0.0889    97.8027     7.7061     8.1093    32.2334    32.2357    25.7488    25.7506    7.76158 0.0000e+00
       5404     90.400     2.0943     2.0942   2.868307   2.868528     2.7115     2.6846      8.117     0.2608     1.9245 1.0765e-01     0.0885    97.8114     7.7033     8.1102    32.2332    32.2361    25.7486    25.7509    7.76166 0.0000e+00
       5407     90.469     2.0936     2.0939   2.868262   2.868515     2.7119     2.6838      8.117     0.2755     1.9245 1.0777e-01     0.0885    97.8114     7.7045     8.1038    32.2334    32.2362    25.7488    25.7510    7.76180 0.0000e+00
       5410     90.538     2.0930     2.0934   2.868294   2.868538     2.7119     2.6838      8.117     0.2706     1.9245 1.0752e-01     0.0889    97.8027     7.7025     8.1009    32.2344    32.2369    25.7496    25.7516    7.76187 0.0000e+00
       5413     90.609     2.0926     2.0932   2.868280   2.868523     2.7123     2.6838      8.117     0.2657     1.9245 1.0777e-01     0.0885    97.8114     7.7041     8.1014    32.2345    32.2370    25.7498    25.7517    7.76194 0.0000e+00
       5416     90.681     2.0925     2.0936   2.868259   2.868533     2.7119     2.6838      8.117     0.2755     1.9245 1.0777e-01     0.0889    97.8027     7.7044     8.1026    32.2343    32.2366    25.7497    25.7514    7.76197 0.0000e+00
       5419     90.754     2.0920     2.0926   2.868253   2.868465     2.7111     2.6838      8.117     0.2657     1.9245 1.0765e-01     0.0853    97.8896     7.7030     8.1012    32.2347    32.2367    25.7499    25.7515    7.76204 0.0000e+00
       5422     90.825     2.0916     2.0911   2.868230   2.868405     2.7119     2.6838      8.117     0.2706     1.9245 1.0777e-01     0.0811    97.9939     7.7045     8.0969    32.2348    32.2375    25.7501    25.7522    7.76212 0.0000e+00
       5425     90.898     2.0912     2.0900   2.868202   2.868365     2.7107     2.6838      8.117     0.2608     1.9245 1.0777e-01     0.0811    97.9939     7.6986     8.0951    32.2348    32.2381    25.7501    25.7528    7.76220 0.0000e+00
       5428     90.970     2.0908     2.0894   2.868189   2.868372     2.7107     2.6826      8.117     0.2608     1.8060 1.0765e-01     0.0811    97.9939     7.6969     8.0912    32.2350    32.2387    25.7503    25.7533    7.76227 0.0000e+00
       5431     91.042     2.0903     2.0891   2.868147   2.868339     2.7107     2.6826      8.117     0.2755     1.6876 1.0777e-01     0.0811    97.9939     7.6966     8.0925    32.2350    32.2385    25.7503    25.7533    7.76238 0.0000e+00
       5434     91.113     2.0896     2.0885   2.868123   2.868279     2.7103     2.6826      8.117     0.2657     1.6876 1.0765e-01     0.0811    97.9939     7.6965     8.0937    32.2354    32.2384    25.7507    25.7532    7.76249 0.0000e+00
       5437     91.191     2.0886     2.0872   2.868063   2.868228     2.7107     2.6826      8.117     0.2657     1.6876 1.0790e-01     0.0811    97.9939     7.6996     8.0937    32.2356    32.2391    25.7509    25.7538    7.76267 0.0000e+00
       5440     91.268     2.0872     2.0849   2.868006   2.868121     2.7111     2.6826      8.115     0.2657     1.6876 1.0790e-01     0.0836    97.9331     7.7018     8.0944    32.2362    32.2400    25.7515    25.7547    7.76292 0.0000e+00
       5443     91.343     2.0859     2.0832   2.867918   2.868034     2.7111     2.6818      8.117     0.2755     1.6876 1.0790e-01     0.0836    97.9331     7.7022     8.0930    32.2365    32.2406    25.7518    25.7554    7.76317 0.0000e+00
       5446     91.420     2.0842     2.0806   2.867851   2.867939     2.7103     2.6814      8.117     0.2706     1.6876 1.0765e-01     0.0836    97.9331     7.7007     8.0961    32.2373    32.2420    25.7526    25.7567    7.76347 0.0000e+00
       5449     91.500     2.0825     2.0786   2.867781   2.867867     2.7095     2.6822      8.117     0.2657     1.6876 1.0765e-01     0.0836    97.9331     7.6994     8.1038    32.2381    32.2432    25.7534    25.7577    7.76376 0.0000e+00
       5452     91.581     2.0809     2.0778   2.867710   2.867833     2.7095     2.6822      8.117     0.2657     1.6876 1.0777e-01     0.0832    97.9418     7.6995     8.1092    32.2388    32.2435    25.7540    25.7580    7.76403 0.0000e+00
       5455     91.661     2.0791     2.0754   2.867643   2.867720     2.7099     2.6818      8.117     0.2804     1.8455 1.0777e-01     0.0836    97.9331     7.7013     8.1084    32.2398    32.2445    25.7550    25.7590    7.76435 0.0000e+00
       5458     91.742     2.0773     2.0735   2.867552   2.867665     2.7107     2.6822      8.117     0.2852     1.9245 1.0777e-01     0.0839    97.9244     7.7035     8.1106    32.2404    32.2457    25.7556    25.7601    7.76467 0.0000e+00
       5461     91.825     2.0755     2.0715   2.867477   2.867580     2.7099     2.6814      8.117     0.2852     1.9245 1.0777e-01     0.0821    97.9678     7.7006     8.1099    32.2412    32.2466    25.7564    25.7610    7.76498 0.0000e+00
       5464     91.908     2.0735     2.0692   2.867413   2.867519     2.7095     2.6814      8.115     0.2804     1.9245 1.0752e-01     0.0821    97.9678     7.7017     8.1121    32.2425    32.2482    25.7575    25.7624    7.76532 0.0000e+00
       5467     91.991     2.0718     2.0668   2.867355   2.867378     2.7095     2.6814      8.117     0.2852     1.9245 1.0790e-01     0.0821    97.9678     7.7030     8.1164    32.2434    32.2488    25.7585    25.7631    7.76561 0.0000e+00
       5470     92.078     2.0700     2.0642   2.867211   2.867286     2.7099     2.6822      8.117     0.2755     1.9245 1.0790e-01     0.0821    97.9678     7.7054     8.1201    32.2434    32.2503    25.7585    25.7645    7.76596 0.0000e+00
       5473     92.166     2.0665     2.0605   2.866981   2.867085     2.7095     2.6822      8.117     0.2852     1.9245 1.0765e-01     0.0821    97.9678     7.7052     8.1201    32.2440    32.2515    25.7593    25.7657    7.76662 0.0000e+00
       5476     92.257     2.0620     2.0546   2.866752   2.866847     2.7095     2.6822      8.115     0.2901     1.9245 1.0777e-01     0.0821    97.9678     7.7044     8.1225    32.2458    32.2545    25.7610    25.7685    7.76744 0.0000e+00
       5479     92.353     2.0577     2.0511   2.866599   2.866693     2.7095     2.6814      8.117     0.2852     1.9245 1.0777e-01     0.0821    97.9678     7.7057     8.1204    32.2482    32.2561    25.7633    25.7701    7.76817 0.0000e+00
       5482     92.448     2.0545     2.0484   2.866523   2.866564     2.7087     2.6814      8.117     0.2755     1.9245 1.0790e-01     0.0832    97.9418     7.7051     8.1230    32.2505    32.2571    25.7653    25.7711    7.76869 0.0000e+00
       5485     92.546     2.0519     2.0463   2.866391   2.866457     2.7095     2.6818      8.117     0.2706     1.9245 1.0777e-01     0.0832    97.9418     7.7095     8.1259    32.2515    32.2579    25.7663    25.7719    7.76916 0.0000e+00
