Datasets/AZMP/COO001/79001072.cnv
* Sea-Bird SBE 9 Data File:
* FileName = C:\CTDDATA\79001072.hex
* Software Version Seasave V 7.26.7.110
* Temperature SN = 5660
* Conductivity SN = 3698
* Number of Bytes Per Scan = 30
* Number of Voltage Words = 4
* Number of Scans Averaged by the Deck Unit = 1
* NMEA baud rate = 9600
** VESSEL/TRIP/SEQ STN:  79001072
** LATITUDE XX XX.XX N:  48 14.00 N
** LONGITUDE XX XX.XX W:  53 22.30 W
** SOUNDING DEPTH (M):  0278
** PROBE TYPE: S1257
** CTD NUMBER: 039
** COMMENTS (14 CHAR): TB-06
** BOTTLES:
** LEVELS:
** STICKERS:
** VNET: N
** DO2: N
# nquan = 22
# nvalues = 8733                        
# units = specified
# name 0 = scan: Scan Count
# name 1 = prDM: Pressure, Digiquartz [db]
# name 2 = t090C: Temperature [ITS-90, deg C]
# name 3 = t190C: Temperature, 2 [ITS-90, deg C]
# name 4 = c0S/m: Conductivity [S/m]
# name 5 = c1S/m: Conductivity, 2 [S/m]
# name 6 = sbeox0V: Oxygen raw, SBE 43 [V]
# name 7 = sbeox1V: Oxygen raw, SBE 43, 2 [V]
# name 8 = ph: pH
# name 9 = flECO-AFL: Fluorescence, WET Labs ECO-AFL/FL [mg/m^3]
# name 10 = wetCDOM: Fluorescence, WET Labs CDOM [mg/m^3]
# name 11 = par/sat/log: PAR/Logarithmic, Satlantic [umol photons/m^2/sec]
# name 12 = CStarAt0: Beam Attenuation, WET Labs C-Star [1/m]
# name 13 = CStarTr0: Beam Transmission, WET Labs C-Star [%]
# name 14 = sbeox0ML/L: Oxygen, SBE 43 [ml/l], WS = 2
# name 15 = sbeox1ML/L: Oxygen, SBE 43, 2 [ml/l], WS = 2
# name 16 = sal00: Salinity, Practical [PSU]
# name 17 = sal11: Salinity, Practical, 2 [PSU]
# name 18 = sigma-t00: Density [sigma-t, kg/m^3 ]
# name 19 = sigma-t11: Density, 2 [sigma-t, kg/m^3 ]
# name 20 = oxsatML/L: Oxygen Saturation, Weiss [ml/l]
# name 21 = flag: flag
# span 0 =         75,      32834       
# span 1 =      0.155,    266.688       
# span 2 =    -0.5033,     3.8570       
# span 3 =    -0.5190,     3.8639       
# span 4 =   2.701480,   2.959378       
# span 5 =   2.427395,   2.959630       
# span 6 =     2.1981,     2.7705       
# span 7 =     2.1724,     2.7216       
# span 8 =      7.967,      8.164       
# span 9 =     0.0068,     0.7394       
# span 10 =    -1.8655,     3.1089      
# span 11 = 1.0753e-01, 2.2470e+00      
# span 12 =     0.0651,     0.6402      
# span 13 =    85.2112,    98.3849      
# span 14 =     6.2540,     7.7734      
# span 15 =     6.5377,     8.0999      
# span 16 =    31.6172,    33.6478      
# span 17 =    25.5359,    33.6716      
# span 18 =    25.1122,    26.9775      
# span 19 =    20.2829,    26.9926      
# span 20 =    7.45424,    8.27992      
# span 21 = 0.0000e+00, 0.0000e+00      
# interval = scans: 3                   
# start_time = Dec 01 2019 05:39:33 [System UTC, header]
# bad_flag = -9.990e-29
*END*
[from data line 6321]
      23148    145.754     0.2863     0.3344   2.744418   2.747548     2.5636     2.5102      8.068     0.0410     2.0429 1.0790e-01     0.0885    97.8114     7.6507     7.9372    32.4994    32.4896    26.0741    26.0637    8.12157 0.0000e+00
      23151    145.713     0.2854     0.3341   2.744340   2.747520     2.5631     2.5102      8.066     0.0459     2.0429 1.0790e-01     0.0874    97.8375     7.6482     7.9401    32.4994    32.4895    26.0741    26.0636    8.12177 0.0000e+00
      23154    145.672     0.2837     0.3347   2.744294   2.747561     2.5636     2.5102      8.066     0.0410     2.0429 1.0802e-01     0.0874    97.8375     7.6498     7.9423    32.5006    32.4894    26.0752    26.0635    8.12207 0.0000e+00
      23157    145.628     0.2818     0.3356   2.744514   2.747569     2.5631     2.5110      8.066     0.0410     2.0429 1.0802e-01     0.0874    97.8375     7.6490     7.9459    32.5056    32.4886    26.0793    26.0629    8.12221 0.0000e+00
      23160    145.588     0.2855     0.3364   2.744913   2.747577     2.5644     2.5110      8.068     0.0410     2.0429 1.0790e-01     0.0874    97.8375     7.6537     7.9464    32.5069    32.4879    26.0801    26.0623    8.12134 0.0000e+00
      23163    145.548     0.2898     0.3370   2.744920   2.747582     2.5640     2.5114      8.068     0.0410     2.0429 1.0790e-01     0.0874    97.8375     7.6513     7.9471    32.5025    32.4873    26.0763    26.0618    8.12066 0.0000e+00
      23166    145.503     0.2891     0.3374   2.744631   2.747544     2.5648     2.5114      8.071     0.0410     1.9640 1.0790e-01     0.0874    97.8375     7.6559     7.9458    32.4994    32.4865    26.0739    26.0610    8.12097 0.0000e+00
      23169    145.460     0.2833     0.3375   2.744363   2.747538     2.5640     2.5118      8.068     0.0410     1.9245 1.0790e-01     0.0874    97.8375     7.6541     7.9489    32.5021    32.4863    26.0764    26.0609    8.12208 0.0000e+00
      23172    145.415     0.2832     0.3367   2.744368   2.747492     2.5652     2.5118      8.066     0.0410     1.9245 1.0790e-01     0.0874    97.8375     7.6596     7.9500    32.5023    32.4866    26.0766    26.0612    8.12208 0.0000e+00
      23175    145.367     0.2854     0.3375   2.744481   2.747540     2.5652     2.5126      8.069     0.0410     1.9245 1.0790e-01     0.0874    97.8375     7.6588     7.9522    32.5015    32.4863    26.0758    26.0609    8.12165 0.0000e+00
      23178    145.317     0.2821     0.3382   2.744388   2.747529     2.5652     2.5126      8.068     0.0410     1.9245 1.0815e-01     0.0874    97.8375     7.6597     7.9501    32.5038    32.4855    26.0778    26.0602    8.12225 0.0000e+00
      23181    145.266     0.2806     0.3392   2.744303   2.747548     2.5664     2.5126      8.069     0.0410     1.9245 1.0802e-01     0.0874    97.8375     7.6639     7.9506    32.5043    32.4847    26.0783    26.0596    8.12254 0.0000e+00
      23184    145.214     0.2782     0.3400   2.743980   2.747540     2.5664     2.5135      8.071     0.0361     1.9245 1.0802e-01     0.0874    97.8375     7.6631     7.9543    32.5026    32.4838    26.0770    26.0588    8.12314 0.0000e+00
      23187    145.158     0.2762     0.3411   2.744382   2.747543     2.5660     2.5130      8.069     0.0410     1.9245 1.0790e-01     0.0874    97.8375     7.6625     7.9540    32.5100    32.4827    26.0831    26.0578    8.12316 0.0000e+00
      23190    145.099     0.2815     0.3423   2.745077   2.747544     2.5672     2.5135      8.069     0.0361     1.9245 1.0802e-01     0.0867    97.8549     7.6677     7.9580    32.5136    32.4815    26.0857    26.0568    8.12183 0.0000e+00
      23193    145.038     0.2877     0.3437   2.745467   2.747556     2.5672     2.5139      8.069     0.0410     2.0034 1.0790e-01     0.0864    97.8636     7.6658     7.9593    32.5122    32.4802    26.0842    26.0557    8.12058 0.0000e+00
      23196    144.976     0.2929     0.3439   2.745693   2.747458     2.5672     2.5139      8.068     0.0459     2.0429 1.0790e-01     0.0864    97.8636     7.6633     7.9602    32.5096    32.4788    26.0820    26.0545    8.11960 0.0000e+00
      23199    144.911     0.2998     0.3437   2.746120   2.747416     2.5672     2.5139      8.071     0.0410     2.0429 1.0802e-01     0.0864    97.8636     7.6614     7.9610    32.5080    32.4785    26.0803    26.0543    8.11821 0.0000e+00
      23202    144.843     0.3061     0.3437   2.746301   2.747450     2.5676     2.5143      8.069     0.0410     2.0429 1.0790e-01     0.0864    97.8636     7.6615     7.9651    32.5037    32.4790    26.0765    26.0547    8.11709 0.0000e+00
      23205    144.773     0.3100     0.3439   2.746404   2.747477     2.5680     2.5151      8.069     0.0410     2.0429 1.0790e-01     0.0864    97.8636     7.6620     7.9691    32.5009    32.4791    26.0741    26.0548    8.11639 0.0000e+00
      23208    144.700     0.3132     0.3437   2.746492   2.747370     2.5676     2.5151      8.071     0.0410     2.0429 1.0815e-01     0.0864    97.8636     7.6603     7.9690    32.4987    32.4780    26.0721    26.0539    8.11582 0.0000e+00
      23211    144.625     0.3159     0.3432   2.746505   2.747311     2.5693     2.5159      8.071     0.0508     2.0429 1.0790e-01     0.0864    97.8636     7.6650     7.9723    32.4961    32.4778    26.0699    26.0537    8.11539 0.0000e+00
      23214    144.545     0.3170     0.3430   2.746431   2.747332     2.5697     2.5159      8.071     0.0606     2.0429 1.0802e-01     0.0864    97.8636     7.6659     7.9708    32.4940    32.4783    26.0682    26.0542    8.11527 0.0000e+00
      23217    144.464     0.3169     0.3439   2.746302   2.747469     2.5689     2.5163      8.069     0.0557     2.0429 1.0790e-01     0.0864    97.8636     7.6630     7.9733    32.4925    32.4792    26.0669    26.0549    8.11537 0.0000e+00
      23220    144.379     0.3160     0.3471   2.746359   2.747835     2.5693     2.5163      8.071     0.0557     2.0429 1.0802e-01     0.0864    97.8636     7.6649     7.9730    32.4942    32.4806    26.0684    26.0558    8.11547 0.0000e+00
      23223    144.292     0.3157     0.3509   2.746363   2.748060     2.5697     2.5171      8.071     0.0557     2.0429 1.0790e-01     0.0864    97.8636     7.6652     7.9737    32.4946    32.4796    26.0687    26.0548    8.11551 0.0000e+00
      23226    144.203     0.3173     0.3535   2.746538   2.748155     2.5701     2.5171      8.071     0.0557     2.0429 1.0790e-01     0.0864    97.8636     7.6660     7.9708    32.4953    32.4781    26.0692    26.0535    8.11514 0.0000e+00
      23229    144.115     0.3190     0.3553   2.746600   2.748273     2.5705     2.5175      8.071     0.0557     2.0429 1.0790e-01     0.0871    97.8462     7.6669     7.9729    32.4944    32.4778    26.0683    26.0532    8.11482 0.0000e+00
      23232    144.027     0.3217     0.3569   2.746719   2.748364     2.5701     2.5175      8.071     0.0557     2.0429 1.0790e-01     0.0896    97.7854     7.6642     7.9728    32.4931    32.4774    26.0672    26.0527    8.11430 0.0000e+00
      23235    143.934     0.3232     0.3586   2.746677   2.748493     2.5705     2.5175      8.071     0.0557     2.0429 1.0790e-01     0.0896    97.7854     7.6643     7.9714    32.4911    32.4774    26.0655    26.0526    8.11410 0.0000e+00
      23238    143.841     0.3232     0.3605   2.746581   2.748569     2.5705     2.5179      8.071     0.0508     2.0429 1.0790e-01     0.0896    97.7854     7.6660     7.9749    32.4898    32.4764    26.0644    26.0518    8.11416 0.0000e+00
      23241    143.745     0.3241     0.3618   2.746699   2.748634     2.5713     2.5188      8.071     0.0410     2.0429 1.0790e-01     0.0896    97.7854     7.6682     7.9748    32.4905    32.4759    26.0650    26.0513    8.11394 0.0000e+00
      23244    143.651     0.3266     0.3626   2.746745   2.748652     2.5713     2.5188      8.071     0.0410     2.0824 1.0790e-01     0.0896    97.7854     7.6669     7.9741    32.4885    32.4754    26.0632    26.0509    8.11351 0.0000e+00
      23247    143.553     0.3261     0.3629   2.746616   2.748650     2.5717     2.5188      8.071     0.0410     2.1614 1.0790e-01     0.0896    97.7854     7.6692     7.9733    32.4874    32.4751    26.0623    26.0506    8.11367 0.0000e+00
      23250    143.454     0.3266     0.3634   2.746698   2.748686     2.5717     2.5196      8.071     0.0410     2.1614 1.0790e-01     0.0871    97.8462     7.6704     7.9765    32.4879    32.4751    26.0628    26.0506    8.11353 0.0000e+00
      23253    143.356     0.3278     0.3644   2.746787   2.748747     2.5725     2.5200      8.071     0.0410     2.1614 1.0790e-01     0.0832    97.9418     7.6749     7.9762    32.4879    32.4749    26.0627    26.0504    8.11328 0.0000e+00
      23256    143.257     0.3301     0.3653   2.746910   2.748834     2.5725     2.5200      8.071     0.0410     2.1614 1.0790e-01     0.0832    97.9418     7.6772     7.9737    32.4871    32.4751    26.0619    26.0505    8.11282 0.0000e+00
      23259    143.161     0.3316     0.3670   2.746939   2.748952     2.5729     2.5204      8.071     0.0459     2.1614 1.0790e-01     0.0832    97.9418     7.6779     7.9709    32.4860    32.4750    26.0610    26.0503    8.11257 0.0000e+00
      23262    143.065     0.3331     0.3685   2.747046   2.749075     2.5725     2.5204      8.071     0.0410     2.1614 1.0790e-01     0.0832    97.9418     7.6756     7.9649    32.4859    32.4750    26.0608    26.0503    8.11226 0.0000e+00
      23265    142.970     0.3338     0.3701   2.746878   2.749162     2.5725     2.5200      8.071     0.0410     2.1614 1.0790e-01     0.0832    97.9418     7.6738     7.9591    32.4831    32.4745    26.0585    26.0497    8.11227 0.0000e+00
      23268    142.876     0.3307     0.3711   2.746662   2.749182     2.5734     2.5212      8.073     0.0410     2.1614 1.0790e-01     0.0832    97.9418     7.6755     7.9601    32.4835    32.4738    26.0590    26.0491    8.11290 0.0000e+00
      23271    142.786     0.3307     0.3712   2.746900   2.749166     2.5746     2.5212      8.073     0.0459     2.1614 1.0790e-01     0.0825    97.9591     7.6762     7.9555    32.4866    32.4735    26.0616    26.0489    8.11273 0.0000e+00
      23274    142.699     0.3329     0.3719   2.747206   2.749229     2.5742     2.5212      8.074     0.0459     2.1614 1.0790e-01     0.0821    97.9678     7.6742     7.9502    32.4883    32.4736    26.0628    26.0489    8.11216 0.0000e+00
      23277    142.610     0.3378     0.3734   2.747454   2.749353     2.5754     2.5212      8.074     0.0410     2.1614 1.0790e-01     0.0821    97.9678     7.6763     7.9474    32.4865    32.4737    26.0610    26.0489    8.11121 0.0000e+00
      23280    142.524     0.3419     0.3748   2.747528   2.749443     2.5754     2.5212      8.075     0.0410     2.1614 1.0790e-01     0.0821    97.9678     7.6748     7.9445    32.4832    32.4734    26.0582    26.0486    8.11051 0.0000e+00
      23283    142.441     0.3437     0.3760   2.747513   2.749488     2.5750     2.5212      8.075     0.0459     2.1614 1.0790e-01     0.0821    97.9678     7.6723     7.9411    32.4811    32.4728    26.0564    26.0481    8.11024 0.0000e+00
      23286    142.359     0.3443     0.3769   2.747445   2.749571     2.5750     2.5212      8.075     0.0410     2.1614 1.0790e-01     0.0821    97.9678     7.6722     7.9425    32.4797    32.4730    26.0552    26.0482    8.11018 0.0000e+00
      23289    142.279     0.3435     0.3783   2.747425   2.749669     2.5750     2.5212      8.075     0.0410     2.1614 1.0790e-01     0.0821    97.9678     7.6697     7.9422    32.4803    32.4728    26.0558    26.0480    8.11033 0.0000e+00
      23292    142.200     0.3443     0.3798   2.747552   2.749877     2.5742     2.5212      8.074     0.0410     2.1614 1.0790e-01     0.0811    97.9939     7.6652     7.9413    32.4811    32.4740    26.0564    26.0488    8.11011 0.0000e+00
      23295    142.126     0.3454     0.3834   2.747560   2.750217     2.5746     2.5212      8.075     0.0410     2.1614 1.0790e-01     0.0811    97.9939     7.6651     7.9431    32.4802    32.4746    26.0556    26.0492    8.10993 0.0000e+00
      23298    142.052     0.3455     0.3862   2.747543   2.750277     2.5762     2.5212      8.075     0.0459     2.1614 1.0790e-01     0.0811    97.9939     7.6706     7.9449    32.4798    32.4726    26.0553    26.0474    8.10992 0.0000e+00
      23301    141.984     0.3457     0.3874   2.747524   2.750373     2.5754     2.5212      8.075     0.0410     2.1614 1.0790e-01     0.0811    97.9939     7.6678     7.9463    32.4795    32.4726    26.0550    26.0473    8.10991 0.0000e+00
      23304    141.918     0.3456     0.3895   2.747492   2.750704     2.5762     2.5212      8.075     0.0410     2.1614 1.0790e-01     0.0811    97.9939     7.6719     7.9469    32.4792    32.4747    26.0548    26.0489    8.10995 0.0000e+00
      23307    141.854     0.3453     0.3925   2.747470   2.750798     2.5762     2.5212      8.075     0.0410     2.1614 1.0790e-01     0.0811    97.9939     7.6728     7.9484    32.4792    32.4728    26.0548    26.0472    8.11000 0.0000e+00
      23310    141.794     0.3450     0.3941   2.747477   2.750975     2.5766     2.5224      8.075     0.0410     2.1614 1.0790e-01     0.0811    97.9939     7.6747     7.9557    32.4796    32.4734    26.0552    26.0477    8.11004 0.0000e+00
      23313    141.738     0.3452     0.3986   2.747461   2.751493     2.5762     2.5220      8.075     0.0410     2.1614 1.0790e-01     0.0804    98.0113     7.6729     7.9543    32.4792    32.4754    26.0548    26.0490    8.11001 0.0000e+00
      23316    141.684     0.3456     0.4064   2.747481   2.752070     2.5774     2.5224      8.075     0.0508     2.1614 1.0790e-01     0.0800    98.0200     7.6756     7.9549    32.4792    32.4748    26.0548    26.0481    8.10994 0.0000e+00
      23319    141.633     0.3463     0.4131   2.747560   2.752567     2.5762     2.5224      8.075     0.0557     2.1614 1.0790e-01     0.0804    98.0113     7.6686     7.9507    32.4794    32.4742    26.0549    26.0473    8.10976 0.0000e+00
      23322    141.585     0.3472     0.4184   2.747591   2.752985     2.5766     2.5224      8.075     0.0459     2.0429 1.0790e-01     0.0804    98.0113     7.6706     7.9490    32.4790    32.4742    26.0545    26.0470    8.10962 0.0000e+00
      23325    141.537     0.3472     0.4234   2.747521   2.753249     2.5774     2.5224      8.075     0.0557     1.9245 1.0790e-01     0.0800    98.0200     7.6752     7.9478    32.4781    32.4723    26.0538    26.0452    8.10966 0.0000e+00
      23328    141.493     0.3445     0.4260   2.747277   2.753367     2.5762     2.5224      8.075     0.0557     1.9245 1.0790e-01     0.0804    98.0113     7.6698     7.9462    32.4777    32.4712    26.0536    26.0442    8.11025 0.0000e+00
      23331    141.451     0.3392     0.4273   2.746760   2.753454     2.5778     2.5232      8.076     0.0557     1.9245 1.0790e-01     0.0807    98.0026     7.6772     7.9446    32.4766    32.4709    26.0530    26.0439    8.11145 0.0000e+00
      23334    141.412     0.3322     0.4279   2.746174   2.753405     2.5770     2.5232      8.076     0.0557     1.9245 1.0790e-01     0.0804    98.0113     7.6773     7.9426    32.4764    32.4696    26.0532    26.0429    8.11297 0.0000e+00
      23337    141.375     0.3206     0.4249   2.745446   2.753042     2.5774     2.5232      8.076     0.0557     1.9245 1.0790e-01     0.0804    98.0113     7.6820     7.9442    32.4792    32.4682    26.0561    26.0418    8.11532 0.0000e+00
      23340    141.338     0.3098     0.4155   2.745181   2.752693     2.5770     2.5228      8.076     0.0606     1.9245 1.0790e-01     0.0804    98.0113     7.6832     7.9433    32.4871    32.4735    26.0629    26.0467    8.11719 0.0000e+00
