Datasets/AZMP/COO001/79001013.cnv
* Sea-Bird SBE 9 Data File:
* FileName = C:\CTDDATA\79001013.hex
* Software Version Seasave V 7.26.7.110
* Temperature SN = 5811
* Conductivity SN = 4531
* Number of Bytes Per Scan = 30
* Number of Voltage Words = 4
* Number of Scans Averaged by the Deck Unit = 1
* NMEA baud rate = 9600
** VESSEL/TRIP/SEQ STN:  79001013
** LATITUDE XX XX.XX N:  45 56.55 N
** LONGITUDE XX XX.XX W:  56 52.69
** SOUNDING DEPTH (M):  0070
** PROBE TYPE (S1221): S1221
** CTD NUMBER: 006
** COMMENTS (14 CHAR):  SWSPB-04
** BOTTLES:  15
** LEVELS: 5,5,5,5,10,20,20,20,20,30,40,50,BTM,BTM,BTM
** STICKERS: 434638 - 434652
** VNET: Y
** DO2: N
# nquan = 22
# nvalues = 1523                        
# units = specified
# name 0 = scan: Scan Count
# name 1 = prDM: Pressure, Digiquartz [db]
# name 2 = t090C: Temperature [ITS-90, deg C]
# name 3 = t190C: Temperature, 2 [ITS-90, deg C]
# name 4 = c0S/m: Conductivity [S/m]
# name 5 = c1S/m: Conductivity, 2 [S/m]
# name 6 = sbeox0V: Oxygen raw, SBE 43 [V]
# name 7 = sbeox1V: Oxygen raw, SBE 43, 2 [V]
# name 8 = ph: pH
# name 9 = flECO-AFL: Fluorescence, WET Labs ECO-AFL/FL [mg/m^3]
# name 10 = wetCDOM: Fluorescence, WET Labs CDOM [mg/m^3]
# name 11 = par/sat/log: PAR/Logarithmic, Satlantic [umol photons/m^2/sec]
# name 12 = CStarAt0: Beam Attenuation, WET Labs C-Star [1/m]
# name 13 = CStarTr0: Beam Transmission, WET Labs C-Star [%]
# name 14 = sbeox0ML/L: Oxygen, SBE 43 [ml/l], WS = 2
# name 15 = sbeox1ML/L: Oxygen, SBE 43, 2 [ml/l], WS = 2
# name 16 = sal00: Salinity, Practical [PSU]
# name 17 = sal11: Salinity, Practical, 2 [PSU]
# name 18 = sigma-t00: Density [sigma-t, kg/m^3 ]
# name 19 = sigma-t11: Density, 2 [sigma-t, kg/m^3 ]
# name 20 = oxsatML/L: Oxygen Saturation, Weiss [ml/l]
# name 21 = flag: flag
# span 0 =         39,      32742       
# span 1 =      0.869,     61.892       
# span 2 =     3.5044,     7.4240       
# span 3 =     3.5120,     7.4237       
# span 4 =   2.987429,   3.275707       
# span 5 =   2.988143,   3.275657       
# span 6 =     2.5801,     2.6838       
# span 7 =     2.4567,     2.5509       
# span 8 =      8.096,      8.167       
# span 9 =     0.2731,     0.9813       
# span 10 =    -1.0780,   108.9220      
# span 11 = 1.4540e-01, 2.4395e+02      
# span 12 =    -0.0525,    -0.0007      
# span 13 =   100.0186,   101.3208      
# span 14 =     7.1359,     8.0219      
# span 15 =     7.0534,     8.2907      
# span 16 =    31.8226,    32.3072      
# span 17 =    31.8222,    32.2948      
# span 18 =    24.8675,    25.6868      
# span 19 =    24.8675,    25.6798      
# span 20 =    6.83394,    7.48687      
# span 21 = 0.0000e+00, 0.0000e+00      
# interval = scans: 3                   
# start_time = Nov 19 2019 13:30:29 [System UTC, header]
# bad_flag = -9.990e-29
*END*
[from data line 1383]
      23952     11.373     7.3596     7.3625   3.269719   3.269908     2.6632     2.5448      8.164     0.8641     3.5691 3.2327e+01    -0.0051   100.1271     7.2471     7.3578    31.8241    31.8234    24.8698    24.8688    6.84454 0.0000e+00
      23955     11.329     7.3593     7.3620   3.269715   3.269871     2.6632     2.5452      8.164     0.8616     3.5781 3.2817e+01    -0.0051   100.1271     7.2469     7.3575    31.8243    31.8235    24.8700    24.8689    6.84458 0.0000e+00
      23958     11.283     7.3588     7.3615   3.269696   3.269853     2.6632     2.5452      8.164     0.8641     3.5691 3.3199e+01    -0.0051   100.1271     7.2471     7.3553    31.8246    31.8238    24.8702    24.8693    6.84464 0.0000e+00
      23961     11.236     7.3590     7.3609   3.269712   3.269852     2.6628     2.5460      8.164     0.8641     3.5691 3.3585e+01    -0.0051   100.1271     7.2459     7.3565    31.8246    31.8244    24.8702    24.8698    6.84461 0.0000e+00
      23964     11.188     7.3593     7.3609   3.269728   3.269831     2.6632     2.5456      8.164     0.8641     3.5691 3.3937e+01    -0.0051   100.1271     7.2474     7.3526    31.8245    31.8241    24.8701    24.8696    6.84456 0.0000e+00
      23967     11.140     7.3593     7.3606   3.269701   3.269818     2.6628     2.5452      8.164     0.8616     3.5691 3.4332e+01    -0.0051   100.1271     7.2471     7.3513    31.8242    31.8243    24.8699    24.8698    6.84458 0.0000e+00
      23970     11.092     7.3593     7.3606   3.269701   3.269808     2.6628     2.5448      8.164     0.8665     3.5691 3.4691e+01    -0.0051   100.1271     7.2478     7.3506    31.8243    31.8242    24.8700    24.8697    6.84458 0.0000e+00
      23973     11.040     7.3594     7.3603   3.269710   3.269801     2.6628     2.5452      8.164     0.8665     3.9900 3.5055e+01    -0.0051   100.1271     7.2483     7.3533    31.8242    31.8245    24.8699    24.8700    6.84456 0.0000e+00
      23976     10.988     7.3595     7.3603   3.269735   3.269781     2.6632     2.5448      8.164     0.8690     4.1959 3.5381e+01    -0.0055   100.1361     7.2503     7.3522    31.8245    31.8242    24.8701    24.8698    6.84454 0.0000e+00
      23979     10.931     7.3597     7.3603   3.269746   3.269791     2.6632     2.5448      8.164     0.8690     4.1870 3.5710e+01    -0.0055   100.1361     7.2513     7.3523    31.8244    31.8244    24.8700    24.8699    6.84450 0.0000e+00
      23982     10.873     7.3601     7.3605   3.269771   3.269803     2.6632     2.5448      8.164     0.8714     4.1870 3.6042e+01    -0.0055   100.1361     7.2524     7.3533    31.8244    31.8244    24.8699    24.8699    6.84444 0.0000e+00
      23985     10.810     7.3599     7.3604   3.269731   3.269790     2.6632     2.5452      8.164     0.8714     4.1870 3.6462e+01    -0.0051   100.1271     7.2531     7.3553    31.8242    31.8244    24.8698    24.8699    6.84449 0.0000e+00
      23988     10.745     7.3596     7.3605   3.269705   3.269769     2.6632     2.5448      8.164     0.8714     4.1870 3.6886e+01    -0.0055   100.1361     7.2538     7.3556    31.8242    31.8241    24.8698    24.8696    6.84453 0.0000e+00
      23991     10.676     7.3600     7.3607   3.269750   3.269791     2.6632     2.5460      8.164     0.8714     4.1870 3.7489e+01    -0.0055   100.1361     7.2551     7.3621    31.8243    31.8241    24.8699    24.8696    6.84446 0.0000e+00
      23994     10.602     7.3598     7.3616   3.269719   3.269833     2.6636     2.5460      8.164     0.8690     4.1870 3.8190e+01    -0.0058   100.1452     7.2573     7.3629    31.8243    31.8238    24.8699    24.8692    6.84451 0.0000e+00
      23997     10.526     7.3606     7.3612   3.269773   3.269794     2.6637     2.5460      8.164     0.8958     4.2138 3.8724e+01    -0.0062   100.1542     7.2583     7.3619    31.8241    31.8237    24.8696    24.8693    6.84438 0.0000e+00
      24000     10.449     7.3609     7.3608   3.269782   3.269767     2.6632     2.5460      8.164     0.9080     4.9033 3.9220e+01    -0.0062   100.1542     7.2576     7.3613    31.8240    31.8239    24.8695    24.8694    6.84434 0.0000e+00
      24003     10.368     7.3605     7.3608   3.269770   3.269753     2.6645     2.5460      8.164     0.9080     4.9660 3.9677e+01    -0.0062   100.1542     7.2628     7.3604    31.8242    31.8238    24.8697    24.8694    6.84439 0.0000e+00
      24006     10.287     7.3598     7.3610   3.269691   3.269795     2.6645     2.5460      8.164     0.9056     4.9660 4.0139e+01    -0.0062   100.1542     7.2634     7.3591    31.8241    31.8241    24.8697    24.8696    6.84451 0.0000e+00
      24009     10.206     7.3599     7.3612   3.269740   3.269797     2.6645     2.5460      8.164     0.9007     4.9660 4.0418e+01    -0.0062   100.1542     7.2633     7.3578    31.8245    31.8240    24.8700    24.8695    6.84447 0.0000e+00
      24012     10.124     7.3614     7.3610   3.269827   3.269794     2.6645     2.5464      8.164     0.9056     4.9660 4.0606e+01    -0.0055   100.1361     7.2626     7.3586    31.8242    31.8242    24.8695    24.8696    6.84425 0.0000e+00
      24015     10.042     7.3620     7.3610   3.269886   3.269812     2.6661     2.5472      8.164     0.9031     4.9660 4.0842e+01    -0.0055   100.1361     7.2676     7.3612    31.8243    31.8244    24.8696    24.8697    6.84415 0.0000e+00
      24018      9.959     7.3622     7.3616   3.269888   3.269798     2.6653     2.5464      8.164     0.9056     4.9660 4.1031e+01    -0.0051   100.1271     7.2641     7.3589    31.8241    31.8237    24.8694    24.8692    6.84412 0.0000e+00
      24021      9.878     7.3622     7.3619   3.269873   3.269850     2.6657     2.5460      8.164     0.9056     4.9660 4.0984e+01    -0.0051   100.1271     7.2646     7.3579    31.8241    31.8240    24.8694    24.8694    6.84413 0.0000e+00
      24024      9.797     7.3620     7.3620   3.269851   3.269838     2.6661     2.5460      8.164     0.8934     4.9570 4.0984e+01    -0.0055   100.1361     7.2655     7.3575    31.8240    31.8238    24.8693    24.8692    6.84416 0.0000e+00
      24027      9.719     7.3620     7.3618   3.269846   3.269823     2.6661     2.5468      8.164     0.8910     4.9122 4.1221e+01    -0.0055   100.1361     7.2639     7.3595    31.8240    31.8239    24.8694    24.8693    6.84417 0.0000e+00
      24030      9.645     7.3621     7.3612   3.269842   3.269752     2.6661     2.5460      8.164     0.8934     4.9122 4.1509e+01    -0.0051   100.1271     7.2635     7.3565    31.8239    31.8238    24.8692    24.8693    6.84415 0.0000e+00
      24033      9.573     7.3618     7.3608   3.269822   3.269713     2.6661     2.5464      8.164     0.8910     4.9122 4.1702e+01    -0.0051   100.1271     7.2629     7.3566    31.8240    31.8237    24.8694    24.8693    6.84419 0.0000e+00
      24036      9.506     7.3618     7.3604   3.269813   3.269696     2.6657     2.5472      8.164     0.8910     4.9122 4.1895e+01    -0.0051   100.1271     7.2605     7.3580    31.8239    31.8239    24.8693    24.8695    6.84419 0.0000e+00
      24039      9.442     7.3616     7.3605   3.269795   3.269726     2.6665     2.5472      8.164     0.8934     4.9122 4.2089e+01    -0.0051   100.1271     7.2622     7.3572    31.8239    31.8242    24.8694    24.8697    6.84423 0.0000e+00
      24042      9.383     7.3609     7.3610   3.269735   3.269749     2.6665     2.5472      8.164     0.8910     4.9122 4.2187e+01    -0.0051   100.1271     7.2623     7.3569    31.8240    31.8240    24.8695    24.8695    6.84434 0.0000e+00
      24045      9.328     7.3608     7.3614   3.269719   3.269770     2.6665     2.5472      8.164     0.8934     4.9122 4.2285e+01    -0.0051   100.1271     7.2618     7.3553    31.8239    31.8239    24.8695    24.8693    6.84436 0.0000e+00
      24048      9.281     7.3607     7.3613   3.269719   3.269745     2.6669     2.5464      8.164     0.8787     4.9122 4.2138e+01    -0.0051   100.1271     7.2627     7.3506    31.8240    31.8238    24.8695    24.8693    6.84436 0.0000e+00
      24051      9.240     7.3609     7.3612   3.269722   3.269743     2.6665     2.5468      8.164     0.8543     4.8137 4.1944e+01    -0.0051   100.1271     7.2611     7.3516    31.8238    31.8239    24.8694    24.8693    6.84434 0.0000e+00
      24054      9.204     7.3609     7.3610   3.269711   3.269725     2.6669     2.5472      8.164     0.8592     4.6884 4.1799e+01    -0.0055   100.1361     7.2621     7.3531    31.8238    31.8238    24.8694    24.8693    6.84435 0.0000e+00
      24057      9.177     7.3606     7.3608   3.269720   3.269714     2.6669     2.5460      8.164     0.8543     4.6973 4.1702e+01    -0.0051   100.1271     7.2611     7.3472    31.8242    31.8239    24.8697    24.8694    6.84438 0.0000e+00
      24333      9.137     7.3623     7.3631   3.269827   3.269901     2.6653     2.5444      8.164     0.8323    73.8581 4.3341e+01    -0.0051   100.1271     7.2588     7.3479    31.8237    31.8238    24.8691    24.8691    6.84412 0.0000e+00
      24472      9.053     7.3632     7.3643   3.269918   3.269980     2.6645     2.5436      8.164     0.8177   108.4385 4.4753e+01    -0.0051   100.1271     7.2577     7.3485    31.8240    31.8236    24.8692    24.8688    6.84397 0.0000e+00
      24475      8.979     7.3631     7.3642   3.269902   3.269991     2.6645     2.5436      8.164     0.8201   108.4295 4.5379e+01    -0.0051   100.1271     7.2574     7.3483    31.8240    31.8238    24.8692    24.8689    6.84399 0.0000e+00
      24478      8.916     7.3631     7.3642   3.269898   3.269983     2.6645     2.5440      8.164     0.8201   108.4385 4.5960e+01    -0.0058   100.1452     7.2579     7.3500    31.8240    31.8238    24.8691    24.8689    6.84400 0.0000e+00
      24481      8.864     7.3630     7.3641   3.269872   3.269965     2.6657     2.5448      8.164     0.8177   108.4295 4.6334e+01    -0.0058   100.1452     7.2623     7.3519    31.8237    31.8237    24.8690    24.8689    6.84401 0.0000e+00
      24484      8.823     7.3625     7.3635   3.269830   3.269904     2.6649     2.5448      8.164     0.8177   108.4385 4.6765e+01    -0.0058   100.1452     7.2600     7.3522    31.8238    31.8236    24.8691    24.8689    6.84410 0.0000e+00
      25861      8.797     7.3530     7.3535   3.269064   3.269088     2.6669     2.5460      8.164     0.8641    39.4031 4.8313e+01    -0.0051   100.1271     7.2715     7.3515    31.8242    31.8240    24.8707    24.8706    6.84558 0.0000e+00
      26551      8.753     7.3488     7.3488   3.268697   3.268692     2.6681     2.5464      8.164     0.8861     4.8854 4.8924e+01    -0.0051   100.1271     7.2781     7.3498    31.8242    31.8242    24.8713    24.8713    6.84626 0.0000e+00
      26554      8.702     7.3486     7.3486   3.268671   3.268690     2.6693     2.5464      8.164     0.8812     4.8854 4.8755e+01    -0.0051   100.1271     7.2826     7.3498    31.8241    31.8243    24.8712    24.8714    6.84628 0.0000e+00
      26557      8.652     7.3484     7.3489   3.268649   3.268695     2.6693     2.5460      8.164     0.8910     4.8854 4.8868e+01    -0.0047   100.1181     7.2821     7.3474    31.8241    31.8241    24.8713    24.8712    6.84632 0.0000e+00
      26560      8.607     7.3484     7.3489   3.268649   3.268686     2.6693     2.5468      8.164     0.8812     4.8854 4.8924e+01    -0.0047   100.1181     7.2818     7.3508    31.8241    31.8240    24.8712    24.8711    6.84632 0.0000e+00
      26563      8.566     7.3486     7.3491   3.268667   3.268689     2.6693     2.5464      8.164     0.8641     5.0108 4.9095e+01    -0.0051   100.1271     7.2814     7.3496    31.8241    31.8239    24.8712    24.8710    6.84629 0.0000e+00
      26566      8.524     7.3488     7.3491   3.268684   3.268691     2.6702     2.5460      8.164     0.8641     5.2346 4.9265e+01    -0.0051   100.1271     7.2833     7.3482    31.8241    31.8240    24.8712    24.8711    6.84625 0.0000e+00
      26569      8.489     7.3491     7.3491   3.268691   3.268697     2.6706     2.5460      8.164     0.8616     5.2346 4.9437e+01    -0.0051   100.1271     7.2840     7.3495    31.8239    31.8240    24.8710    24.8711    6.84621 0.0000e+00
      26572      8.457     7.3491     7.3490   3.268696   3.268695     2.6706     2.5460      8.164     0.8616     5.2346 4.9666e+01    -0.0051   100.1271     7.2824     7.3523    31.8241    31.8241    24.8712    24.8712    6.84622 0.0000e+00
      26575      8.430     7.3490     7.3490   3.268689   3.268693     2.6706     2.5460      8.164     0.8665     5.2346 4.9781e+01    -0.0044   100.1090     7.2804     7.3530    31.8241    31.8241    24.8712    24.8712    6.84623 0.0000e+00
      26578      8.407     7.3488     7.3492   3.268671   3.268695     2.6710     2.5460      8.164     0.8641     5.2346 4.9781e+01    -0.0040   100.1000     7.2799     7.3541    31.8240    31.8239    24.8712    24.8710    6.84626 0.0000e+00
      26697      8.341     7.3497     7.3506   3.268758   3.268818     2.6681     2.5481      8.164     0.8348   108.4385 4.8418e+01    -0.0044   100.1090     7.2585     7.3607    31.8242    31.8240    24.8711    24.8709    6.84611 0.0000e+00
      26700      8.224     7.3502     7.3506   3.268779   3.268805     2.6677     2.5481      8.164     0.8323   108.4385 4.9496e+01    -0.0051   100.1271     7.2569     7.3599    31.8240    31.8239    24.8709    24.8708    6.84604 0.0000e+00
      26703      8.103     7.3505     7.3518   3.268769   3.268911     2.6681     2.5481      8.164     0.8348   108.4385 5.1186e+01    -0.0051   100.1271     7.2581     7.3588    31.8237    31.8240    24.8706    24.8708    6.84600 0.0000e+00
      26706      7.976     7.3505     7.3525   3.268774   3.268944     2.6681     2.5472      8.164     0.8348   108.4385 5.2628e+01    -0.0051   100.1271     7.2588     7.3546    31.8238    31.8238    24.8708    24.8705    6.84600 0.0000e+00
      26709      7.846     7.3509     7.3522   3.268810   3.268907     2.6673     2.5472      8.164     0.8348   108.4385 5.4235e+01    -0.0051   100.1271     7.2573     7.3527    31.8239    31.8237    24.8708    24.8704    6.84594 0.0000e+00
      26712      7.714     7.3514     7.3516   3.268864   3.268852     2.6669     2.5472      8.164     0.8372   108.4385 5.5828e+01    -0.0051   100.1271     7.2576     7.3520    31.8240    31.8238    24.8708    24.8706    6.84584 0.0000e+00
      26715      7.578     7.3516     7.3516   3.268859   3.268868     2.6681     2.5472      8.164     0.8372   108.4385 5.7399e+01    -0.0047   100.1181     7.2628     7.3516    31.8239    31.8240    24.8707    24.8708    6.84582 0.0000e+00
      26718      7.439     7.3517     7.3518   3.268859   3.268871     2.6673     2.5472      8.164     0.8201   108.4385 5.8812e+01    -0.0047   100.1181     7.2617     7.3497    31.8238    31.8238    24.8706    24.8706    6.84580 0.0000e+00
      26721      7.302     7.3516     7.3517   3.268864   3.268846     2.6673     2.5472      8.164     0.8006   108.4385 6.0120e+01    -0.0055   100.1361     7.2631     7.3500    31.8240    31.8238    24.8708    24.8706    6.84581 0.0000e+00
      26724      7.174     7.3518     7.3516   3.268869   3.268838     2.6677     2.5472      8.164     0.7957   108.4385 6.1457e+01    -0.0051   100.1271     7.2656     7.3509    31.8240    31.8239    24.8708    24.8707    6.84578 0.0000e+00
      26727      7.054     7.3518     7.3518   3.268881   3.268860     2.6681     2.5472      8.164     0.8030   108.4385 6.2823e+01    -0.0051   100.1271     7.2679     7.3526    31.8242    31.8240    24.8709    24.8707    6.84578 0.0000e+00
      26730      6.946     7.3521     7.3519   3.268893   3.268838     2.6681     2.5468      8.164     0.7981   108.4385 6.3701e+01    -0.0055   100.1361     7.2691     7.3527    31.8241    31.8237    24.8708    24.8705    6.84573 0.0000e+00
