Datasets/AZMP/COO001/79001050.cnv
* Sea-Bird SBE 9 Data File:
* FileName = C:\CTDDATA\79001050.hex
* Software Version Seasave V 7.26.7.110
* Temperature SN = 5660
* Conductivity SN = 3698
* Number of Bytes Per Scan = 30
* Number of Voltage Words = 4
* Number of Scans Averaged by the Deck Unit = 1
* NMEA baud rate = 9600
** VESSEL/TRIP/SEQ STN:  79001050
** LATITUDE XX XX.XX N:  47 00.0  N
** LONGITUDE XX XX.XX W:  43 50.00
** SOUNDING DEPTH (M):  0575
** PROBE TYPE: S1257
** CTD NUMBER: 025
** COMMENTS (14 CHAR): FC-31
** BOTTLES:  21
** LEVELS: 5,5,5,5,10,20,20,20,20,30,40,50,50,50,50,75,100,100,100,150,BTM
** STICKERS: 434965 - 434985
** VNET: Y
** DO2: N
# nquan = 22
# nvalues = 12391                       
# units = specified
# name 0 = scan: Scan Count
# name 1 = prDM: Pressure, Digiquartz [db]
# name 2 = t090C: Temperature [ITS-90, deg C]
# name 3 = t190C: Temperature, 2 [ITS-90, deg C]
# name 4 = c0S/m: Conductivity [S/m]
# name 5 = c1S/m: Conductivity, 2 [S/m]
# name 6 = sbeox0V: Oxygen raw, SBE 43 [V]
# name 7 = sbeox1V: Oxygen raw, SBE 43, 2 [V]
# name 8 = ph: pH
# name 9 = flECO-AFL: Fluorescence, WET Labs ECO-AFL/FL [mg/m^3]
# name 10 = wetCDOM: Fluorescence, WET Labs CDOM [mg/m^3]
# name 11 = par/sat/log: PAR/Logarithmic, Satlantic [umol photons/m^2/sec]
# name 12 = CStarAt0: Beam Attenuation, WET Labs C-Star [1/m]
# name 13 = CStarTr0: Beam Transmission, WET Labs C-Star [%]
# name 14 = sbeox0ML/L: Oxygen, SBE 43 [ml/l], WS = 2
# name 15 = sbeox1ML/L: Oxygen, SBE 43, 2 [ml/l], WS = 2
# name 16 = sal00: Salinity, Practical [PSU]
# name 17 = sal11: Salinity, Practical, 2 [PSU]
# name 18 = sigma-t00: Density [sigma-t, kg/m^3 ]
# name 19 = sigma-t11: Density, 2 [sigma-t, kg/m^3 ]
# name 20 = oxsatML/L: Oxygen Saturation, Weiss [ml/l]
# name 21 = flag: flag
# span 0 =         31,      87584       
# span 1 =      0.323,    565.528       
# span 2 =     3.6335,     7.2370       
# span 3 =     3.6227,     7.2360       
# span 4 =   1.071538,   3.465577       
# span 5 =   2.837938,   3.465718       
# span 6 =     2.3041,     2.7899       
# span 7 =     2.2886,     2.7460       
# span 8 =      8.027,      8.180       
# span 9 =    -0.0176,     2.1509       
# span 10 =    -2.8130,   482.1870      
# span 11 = 1.0752e-01, 1.8162e+00      
# span 12 =     0.0366,     1.1362      
# span 13 =    75.2745,    99.0888      
# span 14 =     5.8185,     7.0823      
# span 15 =     6.1188,     7.2032      
# span 16 =     9.4966,    34.8926      
# span 17 =    27.4032,    34.8879      
# span 18 =     7.3737,    27.7195      
# span 19 =    21.4202,    27.7222      
# span 20 =    6.76796,    7.94016      
# span 21 = 0.0000e+00, 0.0000e+00      
# interval = scans: 3                   
# start_time = Nov 28 2019 08:30:27 [System UTC, header]
# bad_flag = -9.990e-29
*END*
[from data line 3095]
      11216    274.555     3.9400     3.9389   3.250525   3.250622     2.4053     2.3707      8.050    -0.0029     1.3323 1.0790e-01     0.0377    99.0627     6.3535     6.6402    34.8565    34.8589    27.6783    27.6803    7.28134 0.0000e+00
      11219    274.749     3.9399     3.9387   3.250517   3.250640     2.4061     2.3703      8.052    -0.0029     1.3323 1.0790e-01     0.0377    99.0627     6.3579     6.6444    34.8564    34.8591    27.6782    27.6805    7.28136 0.0000e+00
      11222    274.936     3.9400     3.9387   3.250530   3.250666     2.4057     2.3703      8.052    -0.0029     1.3323 1.0790e-01     0.0380    99.0540     6.3584     6.6485    34.8564    34.8593    27.6782    27.6807    7.28135 0.0000e+00
      11225    275.122     3.9398     3.9384   3.250532   3.250605     2.4049     2.3703      8.052     0.0020     1.3323 1.0790e-01     0.0377    99.0627     6.3569     6.6538    34.8564    34.8588    27.6783    27.6803    7.28138 0.0000e+00
      11228    275.304     3.9399     3.9379   3.250542   3.250578     2.4061     2.3703      8.050    -0.0029     1.3323 1.0790e-01     0.0377    99.0627     6.3616     6.6603    34.8564    34.8590    27.6783    27.6805    7.28137 0.0000e+00
      11231    275.480     3.9399     3.9368   3.250536   3.250447     2.4049     2.3703      8.050    -0.0029     1.3323 1.0790e-01     0.0377    99.0627     6.3572     6.6630    34.8562    34.8585    27.6781    27.6802    7.28137 0.0000e+00
      11234    275.650     3.9399     3.9360   3.250565   3.250382     2.4049     2.3703      8.050    -0.0029     1.3323 1.0790e-01     0.0377    99.0627     6.3573     6.6657    34.8565    34.8585    27.6783    27.6803    7.28136 0.0000e+00
      11237    275.811     3.9397     3.9352   3.250553   3.250365     2.4053     2.3703      8.052    -0.0029     1.3323 1.0790e-01     0.0377    99.0627     6.3582     6.6674    34.8565    34.8591    27.6783    27.6808    7.28140 0.0000e+00
      11240    275.966     3.9396     3.9348   3.250511   3.250327     2.4061     2.3703      8.052    -0.0029     1.3323 1.0790e-01     0.0377    99.0627     6.3613     6.6692    34.8559    34.8589    27.6779    27.6807    7.28143 0.0000e+00
      11243    276.109     3.9394     3.9345   3.250508   3.250340     2.4057     2.3703      8.050    -0.0029     1.3323 1.0790e-01     0.0377    99.0627     6.3614     6.6726    34.8561    34.8592    27.6780    27.6810    7.28147 0.0000e+00
      11246    276.242     3.9393     3.9349   3.250537   3.250391     2.4053     2.3703      8.052     0.0020     1.3323 1.0790e-01     0.0387    99.0367     6.3610     6.6748    34.8564    34.8594    27.6783    27.6812    7.28146 0.0000e+00
      11249    276.365     3.9393     3.9348   3.250549   3.250374     2.4053     2.3707      8.052    -0.0029     1.3323 1.0790e-01     0.0387    99.0367     6.3602     6.6780    34.8566    34.8592    27.6784    27.6810    7.28147 0.0000e+00
      11252    276.476     3.9394     3.9347   3.250563   3.250363     2.4057     2.3707      8.052    -0.0029     1.3323 1.0790e-01     0.0387    99.0367     6.3604     6.6794    34.8565    34.8591    27.6783    27.6810    7.28144 0.0000e+00
      11255    276.576     3.9395     3.9351   3.250537   3.250470     2.4045     2.3703      8.050    -0.0029     1.3323 1.0790e-01     0.0387    99.0367     6.3579     6.6788    34.8561    34.8600    27.6780    27.6816    7.28145 0.0000e+00
      11258    276.666     3.9394     3.9364   3.250497   3.250524     2.4057     2.3703      8.052    -0.0029     1.3323 1.0790e-01     0.0387    99.0367     6.3622     6.6791    34.8557    34.8591    27.6777    27.6808    7.28149 0.0000e+00
      11261    276.748     3.9394     3.9357   3.250491   3.250450     2.4049     2.3711      8.052    -0.0029     1.3323 1.0790e-01     0.0387    99.0367     6.3598     6.6821    34.8556    34.8589    27.6776    27.6807    7.28150 0.0000e+00
      11264    276.820     3.9393     3.9356   3.250494   3.250442     2.4057     2.3711      8.052    -0.0029     1.3323 1.0790e-01     0.0387    99.0367     6.3639     6.6818    34.8557    34.8590    27.6777    27.6808    7.28151 0.0000e+00
      11267    276.880     3.9390     3.9349   3.250373   3.250368     2.4061     2.3715      8.052    -0.0029     1.3323 1.0790e-01     0.0387    99.0367     6.3665     6.6826    34.8545    34.8588    27.6768    27.6807    7.28162 0.0000e+00
      11270    276.933     3.9376     3.9347   3.250161   3.250377     2.4049     2.3715      8.052    -0.0029     1.3323 1.0790e-01     0.0387    99.0367     6.3633     6.6814    34.8534    34.8591    27.6761    27.6809    7.28191 0.0000e+00
      11273    276.977     3.9367     3.9355   3.250127   3.250433     2.4049     2.3715      8.050    -0.0029     1.3323 1.0790e-01     0.0387    99.0367     6.3632     6.6796    34.8540    34.8588    27.6766    27.6806    7.28205 0.0000e+00
      11276    277.011     3.9365     3.9365   3.250129   3.250445     2.4049     2.3715      8.049     0.0020     1.3323 1.0790e-01     0.0387    99.0367     6.3636     6.6794    34.8542    34.8579    27.6768    27.6798    7.28208 0.0000e+00
      11298    277.072     3.9340     3.9354   3.249827   3.250397     2.4053     2.3715      8.050     0.0020     1.3718 1.0790e-01     0.0387    99.0367     6.3629     6.6723    34.8532    34.8585    27.6763    27.6804    7.28258 0.0000e+00
      11338    277.164     3.9305     3.9351   3.249502   3.250395     2.4057     2.3715      8.050    -0.0029     1.4507 1.0790e-01     0.0387    99.0367     6.3601     6.6611    34.8530    34.8587    27.6765    27.6805    7.28322 0.0000e+00
      11341    277.187     3.9299     3.9353   3.249398   3.250416     2.4057     2.3715      8.052    -0.0029     1.4507 1.0790e-01     0.0387    99.0367     6.3598     6.6593    34.8523    34.8588    27.6760    27.6806    7.28334 0.0000e+00
      11344    277.216     3.9294     3.9353   3.249351   3.250407     2.4053     2.3711      8.052    -0.0029     1.4112 1.0790e-01     0.0387    99.0367     6.3583     6.6575    34.8524    34.8586    27.6761    27.6805    7.28345 0.0000e+00
      11347    277.248     3.9287     3.9359   3.249319   3.250498     2.4057     2.3703      8.050    -0.0029     1.3323 1.0790e-01     0.0401    99.0019     6.3581     6.6542    34.8527    34.8591    27.6764    27.6808    7.28355 0.0000e+00
      11350    277.287     3.9285     3.9363   3.249280   3.250509     2.4049     2.3715      8.049    -0.0029     1.3323 1.0790e-01     0.0408    98.9845     6.3544     6.6571    34.8524    34.8587    27.6762    27.6805    7.28359 0.0000e+00
      11353    277.333     3.9280     3.9364   3.249259   3.250522     2.4049     2.3707      8.050    -0.0029     1.3323 1.0790e-01     0.0408    98.9845     6.3533     6.6510    34.8527    34.8588    27.6765    27.6805    7.28368 0.0000e+00
      11356    277.387     3.9279     3.9364   3.249319   3.250506     2.4045     2.3707      8.052     0.0020     1.3323 1.0790e-01     0.0408    98.9845     6.3519     6.6487    34.8534    34.8586    27.6771    27.6803    7.28365 0.0000e+00
      11359    277.445     3.9291     3.9365   3.249629   3.250503     2.4045     2.3703      8.049    -0.0029     1.3323 1.0790e-01     0.0408    98.9845     6.3517     6.6471    34.8559    34.8584    27.6789    27.6802    7.28333 0.0000e+00
      11362    277.510     3.9310     3.9356   3.249843   3.250465     2.4057     2.3711      8.050    -0.0029     1.3323 1.0790e-01     0.0408    98.9845     6.3544     6.6496    34.8564    34.8588    27.6791    27.6806    7.28297 0.0000e+00
      11365    277.582     3.9323     3.9361   3.249930   3.250513     2.4045     2.3703      8.052    -0.0029     1.3323 1.0790e-01     0.0408    98.9845     6.3502     6.6466    34.8560    34.8589    27.6787    27.6806    7.28275 0.0000e+00
      11368    277.661     3.9328     3.9362   3.249861   3.250493     2.4041     2.3703      8.050    -0.0029     1.3323 1.0790e-01     0.0391    99.0280     6.3481     6.6472    34.8546    34.8584    27.6775    27.6802    7.28273 0.0000e+00
      11371    277.745     3.9329     3.9362   3.249784   3.250514     2.4037     2.3703      8.050    -0.0029     1.3718 1.0790e-01     0.0387    99.0367     6.3460     6.6447    34.8535    34.8587    27.6767    27.6804    7.28276 0.0000e+00
      11374    277.833     3.9322     3.9356   3.249671   3.250435     2.4037     2.3695      8.050    -0.0029     1.4507 1.0790e-01     0.0387    99.0367     6.3470     6.6393    34.8529    34.8583    27.6762    27.6802    7.28292 0.0000e+00
      11377    277.927     3.9319     3.9356   3.249717   3.250482     2.4041     2.3691      8.052    -0.0029     1.4507 1.0790e-01     0.0387    99.0367     6.3483     6.6394    34.8537    34.8588    27.6769    27.6806    7.28293 0.0000e+00
      11380    278.030     3.9318     3.9359   3.249732   3.250530     2.4041     2.3691      8.050     0.0020     1.4507 1.0790e-01     0.0387    99.0367     6.3480     6.6383    34.8539    34.8590    27.6771    27.6807    7.28293 0.0000e+00
      11383    278.141     3.9319     3.9362   3.249793   3.250532     2.4037     2.3691      8.050    -0.0029     1.4507 1.0790e-01     0.0387    99.0367     6.3470     6.6383    34.8545    34.8587    27.6776    27.6804    7.28289 0.0000e+00
      11386    278.260     3.9325     3.9358   3.249900   3.250465     2.4033     2.3691      8.052    -0.0029     1.4507 1.0790e-01     0.0387    99.0367     6.3463     6.6407    34.8550    34.8583    27.6779    27.6801    7.28275 0.0000e+00
      11389    278.388     3.9322     3.9352   3.249772   3.250418     2.4033     2.3687      8.052    -0.0029     1.4507 1.0790e-01     0.0387    99.0367     6.3477     6.6424    34.8538    34.8582    27.6770    27.6802    7.28288 0.0000e+00
      11392    278.523     3.9308     3.9349   3.249631   3.250372     2.4025     2.3691      8.050    -0.0029     1.4507 1.0790e-01     0.0387    99.0367     6.3471     6.6482    34.8535    34.8580    27.6769    27.6800    7.28314 0.0000e+00
      11395    278.665     3.9287     3.9344   3.249324   3.250315     2.4021     2.3679      8.049     0.0020     1.4507 1.0790e-01     0.0387    99.0367     6.3469     6.6486    34.8520    34.8578    27.6759    27.6799    7.28358 0.0000e+00
      11398    278.814     3.9258     3.9334   3.249046   3.250194     2.4033     2.3679      8.052    -0.0029     1.4507 1.0790e-01     0.0387    99.0367     6.3515     6.6546    34.8517    34.8572    27.6759    27.6795    7.28411 0.0000e+00
      11401    278.970     3.9236     3.9307   3.248968   3.249866     2.4029     2.3683      8.050    -0.0029     1.4507 1.0790e-01     0.0387    99.0367     6.3504     6.6599    34.8530    34.8561    27.6773    27.6790    7.28445 0.0000e+00
      11404    279.136     3.9218     3.9264   3.248801   3.249563     2.4021     2.3679      8.049    -0.0029     1.4507 1.0790e-01     0.0387    99.0367     6.3497     6.6622    34.8528    34.8571    27.6773    27.6802    7.28478 0.0000e+00
      11407    279.307     3.9203     3.9234   3.248782   3.249361     2.4033     2.3679      8.052     0.0020     1.4507 1.0790e-01     0.0387    99.0367     6.3544     6.6656    34.8542    34.8577    27.6785    27.6810    7.28499 0.0000e+00
      11410    279.484     3.9200     3.9215   3.248829   3.249146     2.4021     2.3683      8.052     0.0020     1.4507 1.0790e-01     0.0380    99.0540     6.3501     6.6722    34.8549    34.8571    27.6791    27.6807    7.28500 0.0000e+00
      11413    279.672     3.9196     3.9185   3.248801   3.248951     2.4021     2.3683      8.050     0.0020     1.4507 1.0790e-01     0.0380    99.0540     6.3524     6.6758    34.8549    34.8579    27.6792    27.6816    7.28508 0.0000e+00
      11416    279.866     3.9193     3.9179   3.248853   3.248951     2.4033     2.3691      8.050    -0.0029     1.4507 1.0790e-01     0.0377    99.0627     6.3571     6.6823    34.8557    34.8584    27.6798    27.6821    7.28509 0.0000e+00
      11419    280.063     3.9200     3.9172   3.248921   3.248844     2.4025     2.3687      8.052    -0.0029     1.4507 1.0790e-01     0.0380    99.0540     6.3558     6.6854    34.8557    34.8578    27.6798    27.6817    7.28497 0.0000e+00
      11422    280.267     3.9202     3.9162   3.248931   3.248784     2.4021     2.3691      8.052    -0.0029     1.4507 1.0790e-01     0.0380    99.0540     6.3559     6.6883    34.8555    34.8580    27.6796    27.6819    7.28494 0.0000e+00
      11425    280.478     3.9199     3.9158   3.248786   3.248779     2.4021     2.3691      8.052    -0.0029     1.3323 1.0790e-01     0.0380    99.0540     6.3583     6.6897    34.8539    34.8582    27.6784    27.6822    7.28507 0.0000e+00
      11428    280.695     3.9184     3.9161   3.248616   3.248834     2.4025     2.3691      8.052     0.0020     1.3323 1.0790e-01     0.0387    99.0367     6.3622     6.6901    34.8534    34.8585    27.6781    27.6824    7.28537 0.0000e+00
      11431    280.917     3.9171     3.9161   3.248491   3.248845     2.4012     2.3691      8.050    -0.0176     1.3323 1.0790e-01     0.0387    99.0367     6.3593     6.6919    34.8531    34.8585    27.6780    27.6824    7.28560 0.0000e+00
      11434    281.141     3.9163     3.9173   3.248548   3.248955     2.4016     2.3699      8.050    -0.0176     1.3323 1.0790e-01     0.0387    99.0367     6.3620     6.6962    34.8546    34.8584    27.6792    27.6822    7.28568 0.0000e+00
      11437    281.366     3.9162     3.9174   3.248602   3.248976     2.4029     2.3691      8.052    -0.0127     1.3323 1.0790e-01     0.0387    99.0367     6.3668     6.6939    34.8552    34.8584    27.6797    27.6822    7.28567 0.0000e+00
      11440    281.600     3.9169     3.9169   3.248816   3.248906     2.4025     2.3703      8.050    -0.0176     1.3323 1.0790e-01     0.0387    99.0367     6.3678     6.6988    34.8569    34.8580    27.6810    27.6818    7.28546 0.0000e+00
      11443    281.841     3.9180     3.9150   3.248832   3.248673     2.4033     2.3703      8.052    -0.0176     1.3323 1.0790e-01     0.0380    99.0540     6.3727     6.6996    34.8558    34.8571    27.6801    27.6814    7.28532 0.0000e+00
      11446    282.077     3.9182     3.9133   3.248829   3.248546     2.4033     2.3703      8.052    -0.0176     1.3323 1.0790e-01     0.0387    99.0367     6.3731     6.6997    34.8554    34.8572    27.6797    27.6817    7.28530 0.0000e+00
      11449    282.307     3.9182     3.9127   3.248851   3.248523     2.4033     2.3703      8.050    -0.0176     1.3323 1.0790e-01     0.0387    99.0367     6.3740     6.6992    34.8556    34.8575    27.6798    27.6819    7.28530 0.0000e+00
      11452    282.535     3.9185     3.9125   3.248884   3.248523     2.4037     2.3707      8.050    -0.0176     1.4507 1.0790e-01     0.0387    99.0367     6.3760     6.6991    34.8555    34.8576    27.6798    27.6820    7.28525 0.0000e+00
      11455    282.763     3.9187     3.9125   3.248916   3.248546     2.4033     2.3715      8.050    -0.0127     1.4507 1.0790e-01     0.0387    99.0367     6.3746     6.6996    34.8555    34.8577    27.6797    27.6821    7.28521 0.0000e+00
      11458    282.986     3.9185     3.9128   3.248805   3.248567     2.4029     2.3715      8.052    -0.0029     1.4507 1.0790e-01     0.0387    99.0367     6.3710     6.6976    34.8543    34.8575    27.6788    27.6819    7.28530 0.0000e+00
      11461    283.200     3.9181     3.9124   3.248896   3.248526     2.4041     2.3715      8.050    -0.0029     1.4507 1.0790e-01     0.0387    99.0367     6.3747     6.6950    34.8557    34.8573    27.6799    27.6818    7.28531 0.0000e+00
      11464    283.407     3.9191     3.9125   3.249066   3.248575     2.4045     2.3715      8.050    -0.0029     1.4507 1.0790e-01     0.0387    99.0367     6.3761     6.6915    34.8565    34.8577    27.6805    27.6821    7.28508 0.0000e+00
