Datasets/AZMP/COO001/79001027.cnv
* Sea-Bird SBE 9 Data File:
* FileName = C:\CTDDATA\79001027.hex
* Software Version Seasave V 7.26.7.110
* Temperature SN = 5660
* Conductivity SN = 3698
* Number of Bytes Per Scan = 30
* Number of Voltage Words = 4
* Number of Scans Averaged by the Deck Unit = 1
* NMEA baud rate = 9600
** VESSEL/TRIP/SEQ STN:  79001027
** LATITUDE XX XX.XX N:  44 43.50 N
** LONGITUDE XX XX.XX W:  51 23.70 W
** SOUNDING DEPTH (M):  0074
** PROBE TYPE: S1257
** CTD NUMBER: 014
** COMMENTS (14 CHAR): SEGB-09
** BOTTLES:  11
** LEVELS: 5,5,10,20,20,30,40,50,50,BTM,BTM
** STICKERS: 434773 - 434783
** VNET: Y
** DO2: Y
# nquan = 22
# nvalues = 1799                        
# units = specified
# name 0 = scan: Scan Count
# name 1 = prDM: Pressure, Digiquartz [db]
# name 2 = t090C: Temperature [ITS-90, deg C]
# name 3 = t190C: Temperature, 2 [ITS-90, deg C]
# name 4 = c0S/m: Conductivity [S/m]
# name 5 = c1S/m: Conductivity, 2 [S/m]
# name 6 = sbeox0V: Oxygen raw, SBE 43 [V]
# name 7 = sbeox1V: Oxygen raw, SBE 43, 2 [V]
# name 8 = ph: pH
# name 9 = flECO-AFL: Fluorescence, WET Labs ECO-AFL/FL [mg/m^3]
# name 10 = wetCDOM: Fluorescence, WET Labs CDOM [mg/m^3]
# name 11 = par/sat/log: PAR/Logarithmic, Satlantic [umol photons/m^2/sec]
# name 12 = CStarAt0: Beam Attenuation, WET Labs C-Star [1/m]
# name 13 = CStarTr0: Beam Transmission, WET Labs C-Star [%]
# name 14 = sbeox0ML/L: Oxygen, SBE 43 [ml/l], WS = 2
# name 15 = sbeox1ML/L: Oxygen, SBE 43, 2 [ml/l], WS = 2
# name 16 = sal00: Salinity, Practical [PSU]
# name 17 = sal11: Salinity, Practical, 2 [PSU]
# name 18 = sigma-t00: Density [sigma-t, kg/m^3 ]
# name 19 = sigma-t11: Density, 2 [sigma-t, kg/m^3 ]
# name 20 = oxsatML/L: Oxygen Saturation, Weiss [ml/l]
# name 21 = flag: flag
# span 0 =         57,      35739       
# span 1 =      0.279,     68.735       
# span 2 =     1.7130,     6.6524       
# span 3 =     1.7098,     6.6482       
# span 4 =   2.869988,   3.246225       
# span 5 =   1.011526,   3.246540       
# span 6 =     2.6030,     2.9490       
# span 7 =     2.4128,     2.7334       
# span 8 =      8.002,      8.173       
# span 9 =     0.1583,     1.9458       
# span 10 =     0.3848,    44.4434      
# span 11 = 1.0715e-01, 3.3018e+00      
# span 12 =     0.1649,    55.2620      
# span 13 =    -0.0269,    95.9605      
# span 14 =     6.3328,     8.2858      
# span 15 =     5.3313,     6.9958      
# span 16 =    31.6990,    33.3447      
# span 17 =     9.0526,    32.7258      
# span 18 =    25.0380,    26.6016      
# span 19 =     7.0661,    26.1389      
# span 20 =    6.94036,    7.81564      
# span 21 = 0.0000e+00, 0.0000e+00      
# interval = scans: 3                   
# start_time = Nov 24 2019 06:51:24 [System UTC, header]
# bad_flag = -9.990e-29
*END*
[from data line 1515]
      21123     21.187     6.6343     6.6432   3.245308   3.246019     2.9368     2.7219      8.170     0.9934     1.6876 1.0790e-01     0.1711    95.8128     7.4106     6.1682    32.2284    32.2278    25.2838    25.2822    6.94329 0.0000e+00
      21126     21.106     6.6351     6.6424   3.245367   3.245937     2.9360     2.7219      8.170     0.9934     1.6876 1.0790e-01     0.1715    95.8041     7.4082     6.1673    32.2283    32.2277    25.2837    25.2822    6.94316 0.0000e+00
      21129     21.013     6.6357     6.6419   3.245441   3.245884     2.9352     2.7223      8.170     1.0032     1.6876 1.0790e-01     0.1715    95.8041     7.4058     6.1695    32.2286    32.2277    25.2838    25.2823    6.94304 0.0000e+00
      21132     20.920     6.6365     6.6408   3.245496   3.245847     2.9336     2.7227      8.170     0.9934     1.6876 1.0790e-01     0.1725    95.7780     7.4018     6.1721    32.2285    32.2283    25.2837    25.2829    6.94293 0.0000e+00
      21135     20.818     6.6372     6.6412   3.245492   3.245884     2.9332     2.7231      8.170     0.9690     1.6876 1.0790e-01     0.1740    95.7432     7.4015     6.1741    32.2279    32.2284    25.2830    25.2829    6.94284 0.0000e+00
      21138     20.710     6.6376     6.6402   3.245482   3.245775     2.9336     2.7231      8.170     0.9690     1.6876 1.0790e-01     0.1736    95.7519     7.4041     6.1745    32.2275    32.2282    25.2827    25.2829    6.94279 0.0000e+00
      21141     20.596     6.6377     6.6395   3.245484   3.245711     2.9332     2.7231      8.170     0.9788     1.6876 1.0790e-01     0.1743    95.7346     7.4039     6.1733    32.2274    32.2282    25.2826    25.2830    6.94277 0.0000e+00
      21144     20.478     6.6379     6.6392   3.245484   3.245710     2.9315     2.7231      8.170     0.9690     1.5692 1.0777e-01     0.1736    95.7519     7.4000     6.1715    32.2273    32.2286    25.2825    25.2833    6.94275 0.0000e+00
      21147     20.354     6.6379     6.6392   3.245423   3.245769     2.9307     2.7231      8.170     0.9739     1.5692 1.0790e-01     0.1736    95.7519     7.3988     6.1699    32.2267    32.2292    25.2820    25.2838    6.94278 0.0000e+00
      21150     20.226     6.6374     6.6413   3.245334   3.245950     2.9291     2.7235      8.170     0.9739     1.5692 1.0790e-01     0.1736    95.7519     7.3961     6.1686    32.2263    32.2293    25.2817    25.2836    6.94288 0.0000e+00
      21153     20.096     6.6369     6.6428   3.245351   3.245978     2.9283     2.7243      8.170     0.9739     1.5692 1.0777e-01     0.1732    95.7606     7.3953     6.1682    32.2269    32.2283    25.2823    25.2826    6.94293 0.0000e+00
      21156     19.965     6.6368     6.6426   3.245336   3.245923     2.9279     2.7243      8.170     0.9641     1.5692 1.0777e-01     0.1725    95.7780     7.3950     6.1665    32.2269    32.2279    25.2824    25.2824    6.94295 0.0000e+00
      21159     19.827     6.6368     6.6434   3.245352   3.246052     2.9270     2.7243      8.170     0.9592     1.5692 1.0777e-01     0.1725    95.7780     7.3930     6.1648    32.2272    32.2287    25.2826    25.2829    6.94294 0.0000e+00
      21162     19.692     6.6366     6.6450   3.245336   3.246180     2.9262     2.7239      8.170     0.9495     1.5692 1.0777e-01     0.1725    95.7780     7.3920     6.1617    32.2272    32.2286    25.2826    25.2826    6.94296 0.0000e+00
      21165     19.557     6.6369     6.6466   3.245384   3.246241     2.9258     2.7231      8.170     0.9592     1.5692 1.0777e-01     0.1725    95.7780     7.3935     6.1571    32.2276    32.2279    25.2828    25.2819    6.94291 0.0000e+00
      21168     19.420     6.6377     6.6469   3.245532   3.246271     2.9254     2.7231      8.170     0.9544     1.6087 1.0777e-01     0.1725    95.7780     7.3949     6.1547    32.2284    32.2280    25.2835    25.2818    6.94272 0.0000e+00
      21171     19.284     6.6390     6.6472   3.245574   3.246248     2.9254     2.7235      8.170     0.9544     1.6876 1.0765e-01     0.1729    95.7693     7.3964     6.1527    32.2278    32.2275    25.2828    25.2814    6.94255 0.0000e+00
      21174     19.157     6.6396     6.6471   3.245598   3.246216     2.9250     2.7231      8.170     0.9544     1.6876 1.0790e-01     0.1725    95.7780     7.3971     6.1495    32.2275    32.2273    25.2825    25.2813    6.94245 0.0000e+00
      21177     19.035     6.6404     6.6469   3.245683   3.246195     2.9246     2.7231      8.170     0.9544     1.6876 1.0790e-01     0.1725    95.7780     7.3965     6.1477    32.2278    32.2273    25.2826    25.2813    6.94232 0.0000e+00
      21180     18.927     6.6410     6.6465   3.245692   3.246207     2.9234     2.7231      8.170     0.9544     1.6876 1.0790e-01     0.1725    95.7780     7.3932     6.1470    32.2273    32.2279    25.2821    25.2819    6.94224 0.0000e+00
      21183     18.842     6.6415     6.6469   3.245720   3.246212     2.9238     2.7227      8.170     0.9397     1.6876 1.0765e-01     0.1725    95.7780     7.3950     6.1457    32.2272    32.2276    25.2820    25.2816    6.94216 0.0000e+00
      21186     18.776     6.6422     6.6472   3.245804   3.246248     2.9230     2.7227      8.170     0.8176     1.6876 1.0790e-01     0.1725    95.7780     7.3927     6.1460    32.2276    32.2277    25.2822    25.2816    6.94204 0.0000e+00
      21189     18.719     6.6431     6.6472   3.245862   3.246224     2.9222     2.7219      8.170     0.8078     1.6876 1.0790e-01     0.1725    95.7780     7.3900     6.1423    32.2273    32.2275    25.2818    25.2815    6.94189 0.0000e+00
      21192     18.663     6.6432     6.6472   3.245774   3.246221     2.9222     2.7219      8.170     0.8078     1.6876 1.0777e-01     0.1725    95.7780     7.3906     6.1414    32.2263    32.2275    25.2811    25.2815    6.94193 0.0000e+00
      21195     18.610     6.6429     6.6469   3.245758   3.246183     2.9213     2.7211      8.170     0.8127     1.5297 1.0790e-01     0.1697    95.8475     7.3883     6.1384    32.2265    32.2274    25.2812    25.2814    6.94197 0.0000e+00
      21198     18.572     6.6418     6.6466   3.245497   3.246162     2.9218     2.7215      8.170     0.8127     1.4507 1.0765e-01     0.1697    95.8475     7.3913     6.1394    32.2246    32.2275    25.2799    25.2815    6.94223 0.0000e+00
      23668     18.537     6.6409     6.6416   3.245526   3.245727     2.9177     2.7239      8.170     0.8127     1.4507 1.0790e-01     0.1714    95.8041     7.3941     6.1520    32.2258    32.2274    25.2810    25.2821    6.94232 0.0000e+00
      24904     18.468     6.6415     6.6390   3.245679   3.245514     2.9161     2.7251      8.170     0.7687     1.4507 1.0777e-01     0.1725    95.7780     7.3952     6.1573    32.2270    32.2275    25.2818    25.2825    6.94218 0.0000e+00
      24907     18.397     6.6413     6.6387   3.245608   3.245624     2.9161     2.7251      8.170     0.7687     1.4507 1.0790e-01     0.1725    95.7780     7.3944     6.1560    32.2264    32.2290    25.2814    25.2838    6.94224 0.0000e+00
      24910     18.324     6.6408     6.6389   3.245560   3.245625     2.9161     2.7251      8.170     0.7639     1.4507 1.0790e-01     0.1725    95.7780     7.3934     6.1555    32.2264    32.2289    25.2814    25.2836    6.94231 0.0000e+00
      24913     18.249     6.6406     6.6392   3.245543   3.245656     2.9161     2.7243      8.170     0.7736     1.5692 1.0777e-01     0.1725    95.7780     7.3924     6.1525    32.2264    32.2290    25.2815    25.2836    6.94235 0.0000e+00
      24916     18.178     6.6404     6.6399   3.245538   3.245627     2.9161     2.7243      8.170     0.7639     1.5692 1.0777e-01     0.1725    95.7780     7.3916     6.1522    32.2267    32.2281    25.2817    25.2829    6.94237 0.0000e+00
      24919     18.105     6.6403     6.6401   3.245530   3.245646     2.9161     2.7235      8.170     0.7590     1.5692 1.0777e-01     0.1722    95.7867     7.3916     6.1503    32.2267    32.2281    25.2817    25.2828    6.94239 0.0000e+00
      24922     18.032     6.6402     6.6401   3.245529   3.245625     2.9161     2.7235      8.170     0.7687     1.5692 1.0777e-01     0.1725    95.7780     7.3916     6.1513    32.2268    32.2279    25.2818    25.2827    6.94239 0.0000e+00
      24925     17.964     6.6400     6.6402   3.245486   3.245633     2.9161     2.7231      8.170     0.7687     1.5692 1.0777e-01     0.1725    95.7780     7.3905     6.1512    32.2265    32.2279    25.2816    25.2827    6.94244 0.0000e+00
      24928     17.897     6.6399     6.6399   3.245466   3.245616     2.9161     2.7235      8.170     0.8274     1.5692 1.0777e-01     0.1725    95.7780     7.3898     6.1535    32.2264    32.2280    25.2816    25.2828    6.94246 0.0000e+00
      24931     17.831     6.6398     6.6399   3.245426   3.245618     2.9157     2.7235      8.170     0.8811     1.5692 1.0777e-01     0.1743    95.7346     7.3887     6.1547    32.2262    32.2281    25.2813    25.2829    6.94249 0.0000e+00
      24934     17.769     6.6393     6.6400   3.245407   3.245611     2.9152     2.7235      8.170     0.8762     1.5692 1.0777e-01     0.1758    95.6998     7.3869     6.1564    32.2265    32.2279    25.2816    25.2828    6.94256 0.0000e+00
      24937     17.705     6.6391     6.6399   3.245399   3.245624     2.9152     2.7231      8.170     0.8762     1.5692 1.0777e-01     0.1758    95.6998     7.3870     6.1557    32.2265    32.2282    25.2818    25.2830    6.94259 0.0000e+00
      24940     17.644     6.6391     6.6399   3.245404   3.245602     2.9161     2.7231      8.170     0.8860     1.5692 1.0777e-01     0.1758    95.6998     7.3896     6.1553    32.2266    32.2280    25.2818    25.2828    6.94259 0.0000e+00
      24943     17.586     6.6391     6.6399   3.245401   3.245612     2.9157     2.7231      8.170     0.8762     1.5692 1.0765e-01     0.1758    95.6998     7.3881     6.1550    32.2266    32.2282    25.2818    25.2829    6.94258 0.0000e+00
      24946     17.532     6.6392     6.6399   3.245395   3.245613     2.9152     2.7231      8.172     0.8860     1.5692 1.0777e-01     0.1762    95.6911     7.3869     6.1541    32.2265    32.2282    25.2817    25.2830    6.94258 0.0000e+00
      24949     17.482     6.6392     6.6400   3.245399   3.245619     2.9148     2.7231      8.170     0.8762     1.5692 1.0777e-01     0.1758    95.6998     7.3866     6.1532    32.2265    32.2283    25.2817    25.2830    6.94257 0.0000e+00
      24952     17.437     6.6391     6.6399   3.245399   3.245591     2.9152     2.7227      8.170     0.8860     1.5692 1.0777e-01     0.1726    95.7780     7.3882     6.1512    32.2266    32.2280    25.2818    25.2828    6.94258 0.0000e+00
      24955     17.394     6.6393     6.6400   3.245399   3.245595     2.9152     2.7231      8.170     0.9446     1.5692 1.0790e-01     0.1715    95.8041     7.3887     6.1523    32.2265    32.2280    25.2817    25.2828    6.94256 0.0000e+00
      24958     17.357     6.6391     6.6397   3.245389   3.245583     2.9152     2.7231      8.170     0.9544     1.5692 1.0777e-01     0.1715    95.8041     7.3888     6.1514    32.2266    32.2281    25.2817    25.2829    6.94258 0.0000e+00
      24961     17.327     6.6392     6.6397   3.245383   3.245577     2.9152     2.7219      8.170     0.9592     1.5692 1.0790e-01     0.1715    95.8041     7.3887     6.1470    32.2265    32.2281    25.2817    25.2829    6.94258 0.0000e+00
      24996     17.303     6.6395     6.6396   3.245421   3.245564     2.9156     2.7215      8.170     0.9690     1.5692 1.0790e-01     0.1708    95.8215     7.3887     6.1494    32.2266    32.2281    25.2818    25.2829    6.94252 0.0000e+00
      25062     17.266     6.6402     6.6395   3.245497   3.245542     2.9165     2.7215      8.170     0.9739     1.5692 1.0777e-01     0.1693    95.8562     7.3896     6.1571    32.2268    32.2279    25.2818    25.2828    6.94240 0.0000e+00
      25065     17.211     6.6403     6.6396   3.245497   3.245569     2.9169     2.7219      8.170     0.9739     1.5692 1.0777e-01     0.1689    95.8649     7.3902     6.1573    32.2267    32.2282    25.2817    25.2830    6.94238 0.0000e+00
      25068     17.151     6.6402     6.6399   3.245466   3.245563     2.9165     2.7207      8.170     0.9739     1.5692 1.0790e-01     0.1689    95.8649     7.3882     6.1525    32.2265    32.2279    25.2816    25.2827    6.94240 0.0000e+00
      25071     17.084     6.6402     6.6397   3.245487   3.245552     2.9161     2.7215      8.170     0.9739     1.5692 1.0777e-01     0.1693    95.8562     7.3859     6.1541    32.2268    32.2280    25.2818    25.2828    6.94239 0.0000e+00
      25074     17.010     6.6404     6.6399   3.245492   3.245568     2.9165     2.7215      8.170     0.9788     1.5692 1.0777e-01     0.1715    95.8041     7.3862     6.1537    32.2267    32.2280    25.2817    25.2828    6.94237 0.0000e+00
      25077     16.930     6.6403     6.6398   3.245481   3.245563     2.9161     2.7211      8.170     0.9690     1.5692 1.0790e-01     0.1715    95.8041     7.3855     6.1525    32.2267    32.2280    25.2817    25.2828    6.94239 0.0000e+00
      25080     16.846     6.6404     6.6400   3.245447   3.245574     2.9161     2.7207      8.170     0.9739     1.5297 1.0790e-01     0.1715    95.8041     7.3852     6.1518    32.2263    32.2281    25.2814    25.2828    6.94239 0.0000e+00
      25083     16.754     6.6403     6.6401   3.245156   3.245583     2.9161     2.7211      8.170     0.9739     1.5692 1.0777e-01     0.1715    95.8041     7.3850     6.1545    32.2231    32.2281    25.2789    25.2828    6.94254 0.0000e+00
      25086     16.657     6.6402     6.6401   3.245458   3.245589     2.9161     2.7211      8.170     0.8518     1.5692 1.0777e-01     0.1715    95.8041     7.3846     6.1559    32.2266    32.2282    25.2817    25.2829    6.94240 0.0000e+00
      25089     16.556     6.6402     6.6401   3.245452   3.245557     2.9152     2.7207      8.170     0.8371     1.5692 1.0777e-01     0.1715    95.8041     7.3810     6.1574    32.2266    32.2279    25.2817    25.2827    6.94240 0.0000e+00
      25092     16.447     6.6404     6.6400   3.245473   3.245580     2.9152     2.7207      8.170     0.8371     1.5692 1.0790e-01     0.1729    95.7693     7.3800     6.1598    32.2267    32.2283    25.2817    25.2830    6.94237 0.0000e+00
      25095     16.335     6.6403     6.6403   3.245465   3.245603     2.9148     2.7215      8.170     0.8420     1.5692 1.0777e-01     0.1751    95.7172     7.3777     6.1634    32.2267    32.2283    25.2817    25.2830    6.94238 0.0000e+00
      25098     16.222     6.6404     6.6404   3.245442   3.245576     2.9148     2.7211      8.170     0.8469     1.5692 1.0777e-01     0.1747    95.7259     7.3766     6.1638    32.2265    32.2280    25.2815    25.2827    6.94237 0.0000e+00
      25101     16.105     6.6406     6.6406   3.245455   3.245586     2.9157     2.7211      8.170     0.8371     1.5692 1.0790e-01     0.1747    95.7259     7.3775     6.1655    32.2265    32.2280    25.2815    25.2827    6.94235 0.0000e+00
      25104     15.984     6.6406     6.6410   3.245416   3.245655     2.9148     2.7219      8.170     0.8371     1.5692 1.0777e-01     0.1747    95.7259     7.3727     6.1683    32.2262    32.2283    25.2813    25.2829    6.94236 0.0000e+00
      25107     15.861     6.6405     6.6413   3.245378   3.245618     2.9144     2.7219      8.172     0.8371     1.5692 1.0777e-01     0.1751    95.7172     7.3698     6.1691    32.2259    32.2277    25.2810    25.2824    6.94239 0.0000e+00
      25110     15.735     6.6402     6.6412   3.245342   3.245616     2.9148     2.7223      8.170     0.8518     1.5692 1.0790e-01     0.1751    95.7172     7.3692     6.1699    32.2258    32.2279    25.2810    25.2826    6.94244 0.0000e+00
