Datasets/AZMP/COO001/79001031.cnv
* Sea-Bird SBE 9 Data File:
* FileName = C:\CTDDATA\79001031.hex
* Software Version Seasave V 7.26.7.110
* Temperature SN = 5660
* Conductivity SN = 3698
* Number of Bytes Per Scan = 30
* Number of Voltage Words = 4
* Number of Scans Averaged by the Deck Unit = 1
* NMEA baud rate = 9600
** VESSEL/TRIP/SEQ STN:  79001031
** LATITUDE XX XX.XX N:  43 12.00 N
** LONGITUDE XX XX.XX W:  50 10.00 W
** SOUNDING DEPTH (M):  0069
** PROBE TYPE: S1257
** CTD NUMBER: 018
** COMMENTS (14 CHAR): SEGB-13
** BOTTLES:  09
** LEVELS: 5,5,10,20,20,30,40,50,BTM
** STICKERS: 434821 - 434829
** VNET: Y
** DO2: Y
# nquan = 22
# nvalues = 1609                        
# units = specified
# name 0 = scan: Scan Count
# name 1 = prDM: Pressure, Digiquartz [db]
# name 2 = t090C: Temperature [ITS-90, deg C]
# name 3 = t190C: Temperature, 2 [ITS-90, deg C]
# name 4 = c0S/m: Conductivity [S/m]
# name 5 = c1S/m: Conductivity, 2 [S/m]
# name 6 = sbeox0V: Oxygen raw, SBE 43 [V]
# name 7 = sbeox1V: Oxygen raw, SBE 43, 2 [V]
# name 8 = ph: pH
# name 9 = flECO-AFL: Fluorescence, WET Labs ECO-AFL/FL [mg/m^3]
# name 10 = wetCDOM: Fluorescence, WET Labs CDOM [mg/m^3]
# name 11 = par/sat/log: PAR/Logarithmic, Satlantic [umol photons/m^2/sec]
# name 12 = CStarAt0: Beam Attenuation, WET Labs C-Star [1/m]
# name 13 = CStarTr0: Beam Transmission, WET Labs C-Star [%]
# name 14 = sbeox0ML/L: Oxygen, SBE 43 [ml/l], WS = 2
# name 15 = sbeox1ML/L: Oxygen, SBE 43, 2 [ml/l], WS = 2
# name 16 = sal00: Salinity, Practical [PSU]
# name 17 = sal11: Salinity, Practical, 2 [PSU]
# name 18 = sigma-t00: Density [sigma-t, kg/m^3 ]
# name 19 = sigma-t11: Density, 2 [sigma-t, kg/m^3 ]
# name 20 = oxsatML/L: Oxygen Saturation, Weiss [ml/l]
# name 21 = flag: flag
# span 0 =         29,      38180       
# span 1 =      1.799,     62.625       
# span 2 =     3.8032,     4.5560       
# span 3 =     3.8021,     4.5536       
# span 4 =   3.087377,   3.131956       
# span 5 =   3.087934,   3.131985       
# span 6 =     2.7745,     3.1160       
# span 7 =     2.5592,     2.9365       
# span 8 =      8.105,      8.220       
# span 9 =     0.7004,     8.6662       
# span 10 =    -1.8655,   480.9237      
# span 11 = 1.0631e-01, 9.3315e-01      
# span 12 =     0.2822,     0.7068      
# span 13 =    83.8035,    93.1884      
# span 14 =     7.4637,     8.4027      
# span 15 =     6.1272,     7.1207      
# span 16 =    32.8457,    33.2434      
# span 17 =    32.8470,    33.2457      
# span 18 =    26.0170,    26.4084      
# span 19 =    26.0182,    26.4103      
# span 20 =    7.26457,    7.38467      
# span 21 = 0.0000e+00, 0.0000e+00      
# interval = scans: 3                   
# start_time = Nov 25 2019 07:09:20 [System UTC, header]
# bad_flag = -9.990e-29
*END*
[from data line 396]
       3335     39.396     4.1293     4.2857   3.102559   3.115372     2.9845     2.7672      8.157     5.4965     0.8586 1.0727e-01     0.6361    85.2981     8.0033     6.5570    33.0333    33.0268    26.2089    26.1877    7.33568 0.0000e+00
       3338     39.465     4.1063     4.2667   3.101588   3.114036     2.9829     2.7660      8.157     5.2864     0.8586 1.0740e-01     0.6361    85.2981     7.9983     6.5532    33.0450    33.0302    26.2205    26.1924    7.33927 0.0000e+00
       3341     39.536     4.0868     4.2194   3.100487   3.109556     2.9821     2.7639      8.157     5.0520     0.7796 1.0727e-01     0.6361    85.2981     7.9963     6.5531    33.0517    33.0250    26.2278    26.1931    7.34247 0.0000e+00
       3344     39.604     4.0646     4.1524   3.098803   3.105406     2.9801     2.7623      8.157     5.0569     0.8586 1.0727e-01     0.6361    85.2981     7.9910     6.5574    33.0542    33.0435    26.2320    26.2146    7.34636 0.0000e+00
       3347     39.668     4.0442     4.1336   3.097849   3.105459     2.9788     2.7607      8.155     5.0667     0.8586 1.0727e-01     0.6361    85.2981     7.9884     6.5533    33.0634    33.0630    26.2413    26.2321    7.34960 0.0000e+00
       3350     39.731     4.0312     4.1195   3.097346   3.103636     2.9776     2.7586      8.152     5.0569     0.8586 1.0740e-01     0.5945    86.1932     7.9843     6.5484    33.0706    33.0557    26.2484    26.2277    7.35162 0.0000e+00
       3353     39.793     4.0221     4.0832   3.096998   3.101138     2.9760     2.7574      8.155     5.0569     0.8586 1.0752e-01     0.5232    87.7399     7.9790     6.5505    33.0756    33.0628    26.2533    26.2369    7.35302 0.0000e+00
       3356     39.853     4.0151     4.0504   3.096743   3.099018     2.9744     2.7554      8.154     5.0618     0.8586 1.0752e-01     0.5263    87.6704     7.9719     6.5503    33.0796    33.0709    26.2572    26.2467    7.35409 0.0000e+00
       3359     39.915     4.0103     4.0257   3.096477   3.097964     2.9723     2.7537      8.152     5.0569     0.8586 1.0752e-01     0.5259    87.6791     7.9641     6.5487    33.0813    33.0833    26.2590    26.2590    7.35487 0.0000e+00
       3362     39.975     4.0054     4.0165   3.095827   3.097574     2.9703     2.7517      8.152     5.0569     0.8586 1.0752e-01     0.5263    87.6704     7.9563     6.5463    33.0785    33.0879    26.2572    26.2637    7.35590 0.0000e+00
       3365     40.033     3.9954     4.0162   3.094569   3.097255     2.9691     2.7505      8.152     3.7138     0.8586 1.0752e-01     0.5263    87.6704     7.9530     6.5454    33.0737    33.0844    26.2544    26.2609    7.35795 0.0000e+00
       3368     40.090     3.9824     4.0003   3.093295   3.095926     2.9674     2.7489      8.152     3.3475     0.8191 1.0752e-01     0.5263    87.6704     7.9492     6.5456    33.0717    33.0848    26.2542    26.2628    7.36041 0.0000e+00
       3371     40.145     3.9705     3.9831   3.092706   3.094760     2.9658     2.7472      8.152     3.3475     0.8586 1.0752e-01     0.4745    88.8175     7.9450     6.5461    33.0768    33.0884    26.2594    26.2673    7.36233 0.0000e+00
       3374     40.203     3.9613     3.9743   3.092289   3.094099     2.9642     2.7456      8.152     3.3573     0.8586 1.0752e-01     0.4447    89.4779     7.9406     6.5450    33.0811    33.0894    26.2637    26.2690    7.36378 0.0000e+00
       3377     40.262     3.9569     3.9681   3.092336   3.093318     2.9626     2.7440      8.152     3.3573     0.8586 1.0752e-01     0.4463    89.4432     7.9368     6.5440    33.0861    33.0864    26.2681    26.2672    7.36435 0.0000e+00
       3380     40.322     3.9555     3.9599   3.092427   3.092829     2.9605     2.7424      8.151     3.3621     0.8191 1.0752e-01     0.4463    89.4432     7.9300     6.5438    33.0885    33.0888    26.2702    26.2700    7.36447 0.0000e+00
       3383     40.379     3.9547     3.9563   3.092374   3.092746     2.9589     2.7411      8.151     3.3573     0.8586 1.0752e-01     0.4463    89.4432     7.9259     6.5427    33.0887    33.0915    26.2704    26.2724    7.36462 0.0000e+00
       3386     40.433     3.9539     3.9540   3.092326   3.092614     2.9564     2.7403      8.148     3.3621     0.6612 1.0752e-01     0.4463    89.4432     7.9174     6.5430    33.0889    33.0921    26.2707    26.2732    7.36475 0.0000e+00
       3389     40.490     3.9536     3.9518   3.092296   3.092466     2.9552     2.7387      8.148     3.3377     0.6217 1.0752e-01     0.4459    89.4519     7.9137     6.5412    33.0888    33.0927    26.2706    26.2738    7.36481 0.0000e+00
       3392     40.550     3.9532     3.9510   3.092295   3.092388     2.9532     2.7371      8.148     3.2059     0.5822 1.0752e-01     0.3987    90.5120     7.9083     6.5400    33.0892    33.0925    26.2710    26.2738    7.36487 0.0000e+00
       3395     40.605     3.9524     3.9491   3.092108   3.092089     2.9520     2.7362      8.148     3.1912     0.6217 1.0752e-01     0.3937    90.6250     7.9067     6.5407    33.0878    33.0909    26.2699    26.2727    7.36508 0.0000e+00
       3398     40.659     3.9504     3.9459   3.091847   3.091780     2.9499     2.7342      8.148     3.2010     0.6217 1.0752e-01     0.3941    90.6163     7.9018     6.5388    33.0867    33.0904    26.2692    26.2727    7.36550 0.0000e+00
       3401     40.714     3.9474     3.9419   3.091529   3.091518     2.9487     2.7338      8.145     3.2010     0.5822 1.0752e-01     0.3941    90.6163     7.9013     6.5415    33.0859    33.0913    26.2689    26.2737    7.36607 0.0000e+00
       3404     40.769     3.9436     3.9376   3.091256   3.091255     2.9467     2.7322      8.143     3.2059     0.6217 1.0752e-01     0.3941    90.6163     7.8976     6.5401    33.0864    33.0926    26.2697    26.2752    7.36674 0.0000e+00
       3407     40.822     3.9407     3.9326   3.091077   3.091008     2.9451     2.7305      8.143     3.1961     0.5822 1.0752e-01     0.3941    90.6163     7.8958     6.5376    33.0873    33.0946    26.2707    26.2773    7.36724 0.0000e+00
       3410     40.877     3.9388     3.9297   3.090943   3.090782     2.9434     2.7301      8.143     3.2059     0.6217 1.0752e-01     0.3914    90.6771     7.8935     6.5398    33.0876    33.0948    26.2711    26.2778    7.36757 0.0000e+00
       3413     40.933     3.9365     3.9279   3.090749   3.090513     2.9422     2.7289      8.143     3.1961     0.7006 1.0752e-01     0.3773    90.9986     7.8926     6.5404    33.0876    33.0935    26.2713    26.2769    7.36798 0.0000e+00
       3416     40.989     3.9336     3.9241   3.090768   3.090225     2.9406     2.7281      8.143     3.2157     0.7401 1.0752e-01     0.3781    90.9812     7.8912     6.5431    33.0907    33.0939    26.2741    26.2775    7.36836 0.0000e+00
       3419     41.043     3.9310     3.9191   3.090624   3.090100     2.9398     2.7269      8.143     3.2645     0.7401 1.0752e-01     0.3781    90.9812     7.8937     6.5441    33.0917    33.0974    26.2751    26.2809    7.36879 0.0000e+00
       3422     41.092     3.9273     3.9153   3.090292   3.090105     2.9377     2.7265      8.143     3.2596     0.7401 1.0752e-01     0.3777    90.9899     7.8924     6.5478    33.0914    33.1013    26.2753    26.2844    7.36947 0.0000e+00
       3425     41.140     3.9240     3.9127   3.090048   3.089890     2.9365     2.7253      8.143     3.2596     0.7401 1.0752e-01     0.3773    90.9986     7.8950     6.5482    33.0918    33.1014    26.2759    26.2846    7.37005 0.0000e+00
       3428     41.191     3.9212     3.9106   3.089822   3.089592     2.9353     2.7240      8.143     3.2547     0.7401 1.0752e-01     0.3777    90.9899     7.8974     6.5495    33.0919    33.0999    26.2763    26.2837    7.37056 0.0000e+00
       3431     41.242     3.9189     3.9090   3.089802   3.089422     2.9345     2.7232      8.143     3.2596     0.7006 1.0752e-01     0.3743    91.0681     7.9025     6.5505    33.0940    33.0995    26.2782    26.2835    7.37087 0.0000e+00
       3434     41.291     3.9283     3.9068   3.092025   3.089429     2.9328     2.7228      8.140     3.2596     0.7401 1.0765e-01     0.3685    91.1985     7.9016     6.5527    33.1108    33.1018    26.2906    26.2855    7.36834 0.0000e+00
       3437     41.338     3.9468     3.9051   3.093372   3.089510     2.9320     2.7220      8.141     3.2645     0.7401 1.0752e-01     0.3689    91.1898     7.9044     6.5543    33.1080    33.1045    26.2866    26.2879    7.36511 0.0000e+00
       3440     41.385     3.9573     3.9040   3.093235   3.089486     2.9316     2.7220      8.141     3.2547     0.8586 1.0752e-01     0.3689    91.1898     7.9108     6.5574    33.0957    33.1053    26.2757    26.2886    7.36379 0.0000e+00
       3443     41.430     3.9452     3.9023   3.091425   3.089239     2.9312     2.7212      8.143     2.9372     0.8586 1.0752e-01     0.3689    91.1898     7.9224     6.5592    33.0865    33.1040    26.2696    26.2877    7.36645 0.0000e+00
       3446     41.473     3.9283     3.9008   3.091014   3.089210     2.9304     2.7208      8.138     2.7175     0.7796 1.0752e-01     0.3689    91.1898     7.9323     6.5630    33.0987    33.1052    26.2810    26.2889    7.36893 0.0000e+00
       3449     41.514     3.9184     3.9008   3.090524   3.089294     2.9300     2.7204      8.141     2.7175     0.8586 1.0752e-01     0.3689    91.1898     7.9422     6.5661    33.1029    33.1062    26.2853    26.2896    7.37052 0.0000e+00
       3452     41.549     3.9151     3.9011   3.091201   3.089430     2.9300     2.7196      8.140     2.7321     0.8191 1.0752e-01     0.4239    89.9472     7.9498     6.5671    33.1142    33.1075    26.2946    26.2907    7.37056 0.0000e+00
       3455     41.583     3.9207     3.9017   3.091727   3.089344     2.9304     2.7192      8.138     2.7321     0.8586 1.0752e-01     0.4478    89.4084     7.9573     6.5690    33.1148    33.1058    26.2945    26.2892    7.36952 0.0000e+00
       3458     41.618     3.9360     3.8972   3.092670   3.089151     2.9308     2.7192      8.138     2.7273     0.8586 1.0752e-01     0.4467    89.4345     7.9622     6.5724    33.1105    33.1081    26.2896    26.2915    7.36695 0.0000e+00
       3461     41.648     3.9444     3.8927   3.092866   3.088967     2.9316     2.7183      8.138     2.7273     0.8586 1.0752e-01     0.4470    89.4258     7.9694     6.5735    33.1043    33.1104    26.2838    26.2938    7.36572 0.0000e+00
       3464     41.674     3.9567     3.8941   3.094202   3.089107     2.9316     2.7179      8.138     2.7273     0.6612 1.0752e-01     0.4463    89.4432     7.9714     6.5746    33.1077    33.1106    26.2853    26.2939    7.36333 0.0000e+00
       3468     41.706     3.9688     3.9013   3.094149   3.089481     2.9328     2.7188      8.138     2.9177     0.6217 1.0752e-01     0.4470    89.4258     7.9809     6.5798    33.0948    33.1078    26.2738    26.2909    7.36176 0.0000e+00
       3524     41.771     3.9976     4.0329   3.096442   3.098449     2.9455     2.7159      8.138     3.7236     0.5427 1.0752e-01     0.4401    89.5822     7.9957     6.5440    33.0927    33.0808    26.2693    26.2563    7.35663 0.0000e+00
       3554     41.820     4.0275     4.0867   3.098054   3.102375     2.9516     2.7143      8.138     4.0264     0.5032 1.0752e-01     0.4638    89.0521     7.9910     6.5226    33.0815    33.0728    26.2575    26.2445    7.35175 0.0000e+00
       3557     41.843     4.0349     4.0807   3.098076   3.102348     2.9512     2.7130      8.138     4.0215     0.5032 1.0752e-01     0.4654    89.0173     7.9824     6.5159    33.0744    33.0786    26.2510    26.2498    7.35076 0.0000e+00
       3560     41.867     4.0303     4.0852   3.096588   3.102589     2.9512     2.7130      8.138     4.0313     0.5032 1.0752e-01     0.4650    89.0260     7.9775     6.5110    33.0614    33.0768    26.2411    26.2479    7.35222 0.0000e+00
       3563     41.902     4.0094     4.0917   3.094809   3.102835     2.9512     2.7130      8.138     4.0410     0.4637 1.0752e-01     0.4650    89.0260     7.9755     6.5049    33.0615    33.0732    26.2433    26.2444    7.35601 0.0000e+00
       3566     41.939     3.9900     4.0936   3.094017   3.102733     2.9512     2.7126      8.138     4.0361     0.5032 1.0752e-01     0.4650    89.0260     7.9708     6.4978    33.0717    33.0700    26.2533    26.2417    7.35904 0.0000e+00
       3569     41.979     3.9780     4.0946   3.093779   3.103092     2.9512     2.7122      8.138     4.0361     0.5427 1.0752e-01     0.4650    89.0260     7.9651     6.4905    33.0809    33.0732    26.2619    26.2441    7.36076 0.0000e+00
       3572     42.019     3.9691     4.1007   3.093196   3.103725     2.9508     2.7114      8.138     4.0117     0.6217 1.0752e-01     0.4502    89.3563     7.9554     6.4804    33.0830    33.0746    26.2645    26.2446    7.36228 0.0000e+00
       3575     42.065     3.9616     4.1083   3.092871   3.103965     2.9499     2.7106      8.135     3.6405     0.6217 1.0752e-01     0.4064    90.3382     7.9416     6.4695    33.0867    33.0697    26.2681    26.2399    7.36345 0.0000e+00
       3578     42.117     3.9569     4.1068   3.092627   3.103710     2.9491     2.7102      8.133     3.6210     0.6217 1.0752e-01     0.4084    90.2947     7.9251     6.4592    33.0886    33.0682    26.2701    26.2389    7.36422 0.0000e+00
       3581     42.172     3.9546     4.1054   3.092956   3.103292     2.9471     2.7094      8.133     3.6161     0.6217 1.0752e-01     0.4080    90.3034     7.9031     6.4471    33.0947    33.0646    26.2752    26.2362    7.36434 0.0000e+00
       3584     42.232     3.9556     4.0820   3.093060   3.101741     2.9459     2.7078      8.133     3.6161     0.5822 1.0752e-01     0.4080    90.3034     7.8829     6.4348    33.0949    33.0699    26.2752    26.2428    7.36414 0.0000e+00
       3587     42.292     3.9549     4.0870   3.092735   3.103341     2.9438     2.7065      8.133     3.6210     0.6217 1.0752e-01     0.4080    90.3034     7.8614     6.4187    33.0917    33.0837    26.2728    26.2532    7.36443 0.0000e+00
       3590     42.356     3.9488     4.1275   3.091537   3.105689     2.9414     2.7049      8.133     3.6161     0.6217 1.0752e-01     0.4080    90.3034     7.8395     6.3983    33.0837    33.0705    26.2670    26.2386    7.36593 0.0000e+00
       3593     42.432     3.9254     4.1187   3.088761   3.103658     2.9393     2.7037      8.133     3.6161     0.6217 1.0752e-01     0.3713    91.1376     7.8240     6.3874    33.0744    33.0554    26.2620    26.2275    7.37064 0.0000e+00
       3596     42.515     3.9012     4.0752   3.087794   3.100208     2.9365     2.7012      8.134     3.6161     0.6217 1.0752e-01     0.3378    91.9024     7.8070     6.3778    33.0874    33.0585    26.2746    26.2344    7.37441 0.0000e+00
       3599     42.609     3.8862     4.0373   3.087483   3.098093     2.9332     2.6996      8.132     3.4647     0.5822 1.0765e-01     0.3382    91.8937     7.7877     6.3696    33.0989    33.0717    26.2853    26.2486    7.37659 0.0000e+00
       3602     42.710     3.8755     3.9690   3.087377   3.091923     2.9304     2.6972      8.131     2.9177     0.6217 1.0752e-01     0.3386    91.8850     7.7706     6.3670    33.1084    33.0677    26.2939    26.2523    7.37807 0.0000e+00
       3605     42.815     3.8697     3.9012   3.087964   3.088782     2.9267     2.6955      8.131     2.9275     0.6217 1.0765e-01     0.3382    91.8937     7.7515     6.3659    33.1212    33.0990    26.3047    26.2839    7.37850 0.0000e+00
