Datasets/AZMP/COO001/79001097.cnv
* Sea-Bird SBE 9 Data File:
* FileName = C:\CTDDATA\79001097.hex
* Software Version Seasave V 7.26.7.110
* Temperature SN = 5660
* Conductivity SN = 3698
* Number of Bytes Per Scan = 30
* Number of Voltage Words = 4
* Number of Scans Averaged by the Deck Unit = 1
* NMEA baud rate = 9600
** VESSEL/TRIP/SEQ STN:  79001097
** LATITUDE XX XX.XX N:  49 16.80 N
** LONGITUDE XX XX.XX W:  51 16.80 W
** SOUNDING DEPTH (M):  0329
** PROBE TYPE: S1257
** CTD NUMBER: 063
** COMMENTS (14 CHAR): BB-08
** BOTTLES:  20
** LEVELS: 5,5,5,5,10,20,20,20,20,30,40,50,50,50,75,100,100,100,150,BTM
** STICKERS: 435351 - 435370
** VNET: Y
** DO2: N
# nquan = 22
# nvalues = 9081                        
# units = specified
# name 0 = scan: Scan Count
# name 1 = prDM: Pressure, Digiquartz [db]
# name 2 = t090C: Temperature [ITS-90, deg C]
# name 3 = t190C: Temperature, 2 [ITS-90, deg C]
# name 4 = c0S/m: Conductivity [S/m]
# name 5 = c1S/m: Conductivity, 2 [S/m]
# name 6 = sbeox0V: Oxygen raw, SBE 43 [V]
# name 7 = sbeox1V: Oxygen raw, SBE 43, 2 [V]
# name 8 = ph: pH
# name 9 = flECO-AFL: Fluorescence, WET Labs ECO-AFL/FL [mg/m^3]
# name 10 = wetCDOM: Fluorescence, WET Labs CDOM [mg/m^3]
# name 11 = par/sat/log: PAR/Logarithmic, Satlantic [umol photons/m^2/sec]
# name 12 = CStarAt0: Beam Attenuation, WET Labs C-Star [1/m]
# name 13 = CStarTr0: Beam Transmission, WET Labs C-Star [%]
# name 14 = sbeox0ML/L: Oxygen, SBE 43 [ml/l], WS = 2
# name 15 = sbeox1ML/L: Oxygen, SBE 43, 2 [ml/l], WS = 2
# name 16 = sal00: Salinity, Practical [PSU]
# name 17 = sal11: Salinity, Practical, 2 [PSU]
# name 18 = sigma-t00: Density [sigma-t, kg/m^3 ]
# name 19 = sigma-t11: Density, 2 [sigma-t, kg/m^3 ]
# name 20 = oxsatML/L: Oxygen Saturation, Weiss [ml/l]
# name 21 = flag: flag
# span 0 =         74,      82047       
# span 1 =      0.509,    318.590       
# span 2 =     0.4929,     2.9118       
# span 3 =     0.3532,     2.9120       
# span 4 =   2.828839,   3.132042       
# span 5 =   2.826892,   3.132258       
# span 6 =     2.2866,     2.7471       
# span 7 =     2.2593,     2.7098       
# span 8 =      8.078,      8.201       
# span 9 =    -0.0078,     1.4720       
# span 10 =    -0.3258,     1.9245      
# span 11 = 1.0752e-01, 2.3645e+00      
# span 12 =     0.0545,     0.4288      
# span 13 =    89.8342,    98.6456      
# span 14 =     6.1832,     7.6992      
# span 15 =     6.4955,     8.0848      
# span 16 =    32.7060,    34.5204      
# span 17 =    32.9919,    34.5068      
# span 18 =    26.1200,    27.5171      
# span 19 =    26.3498,    27.5026      
# span 20 =    7.48750,    8.02679      
# span 21 = 0.0000e+00, 0.0000e+00      
# interval = scans: 3                   
# start_time = Dec 03 2019 04:41:31 [System UTC, header]
# bad_flag = -9.990e-29
*END*
[from data line 2107]
       8466    151.847     1.1530     1.1564   2.923270   2.924537     2.4620     2.4262      8.133     0.0264     1.6876 1.0790e-01     0.0651    98.3849     7.0001     7.3195    33.8800    33.8925    27.1349    27.1448    7.86467 0.0000e+00
       8469    151.891     1.1529     1.1569   2.923076   2.924578     2.4625     2.4262      8.132     0.0264     1.6876 1.0790e-01     0.0651    98.3849     7.0016     7.3211    33.8776    33.8925    27.1330    27.1447    7.86481 0.0000e+00
       8472    151.933     1.1472     1.1573   2.920430   2.924604     2.4641     2.4262      8.132     0.0264     1.6087 1.0790e-01     0.0651    98.3849     7.0104     7.3225    33.8499    33.8923    27.1111    27.1445    7.86746 0.0000e+00
       8475    151.969     1.1330     1.1578   2.916417   2.924623     2.4625     2.4262      8.135     0.0117     1.5692 1.0802e-01     0.0651    98.3849     7.0098     7.3233    33.8138    33.8921    27.0830    27.1443    7.87228 0.0000e+00
       8478    152.000     1.1050     1.1581   2.914273   2.924585     2.4629     2.4262      8.134     0.0166     1.5692 1.0790e-01     0.0651    98.3849     7.0162     7.3243    33.8167    33.8912    27.0871    27.1436    7.87787 0.0000e+00
       8481    152.025     1.0845     1.1581   2.912763   2.924605     2.4625     2.4258      8.136     0.0117     1.5692 1.0802e-01     0.0644    98.4023     7.0192     7.3222    33.8194    33.8914    27.0907    27.1437    7.88192 0.0000e+00
       8579    152.063     1.0479     1.1531   2.912941   2.924188     2.4596     2.4299      8.131    -0.0029     1.5692 1.0802e-01     0.0595    98.5240     7.0281     7.3756    33.8615    33.8915    27.1269    27.1441    7.88720 0.0000e+00
       8582    152.124     1.0438     1.1539   2.911571   2.924230     2.4592     2.4299      8.131    -0.0029     1.5692 1.0790e-01     0.0602    98.5066     7.0289     7.3717    33.8484    33.8912    27.1166    27.1438    7.88875 0.0000e+00
       8585    152.194     1.0385     1.1537   2.911171   2.924161     2.4592     2.4299      8.133     0.0020     1.5692 1.0790e-01     0.0609    98.4892     7.0337     7.3653    33.8489    33.8904    27.1174    27.1432    7.88981 0.0000e+00
       8588    152.266     1.0373     1.1538   2.911809   2.924220     2.4600     2.4299      8.131     0.0020     1.5692 1.0790e-01     0.0613    98.4805     7.0393     7.3618    33.8584    33.8910    27.1250    27.1437    7.88955 0.0000e+00
       8591    152.343     1.0469     1.1543   2.914473   2.924291     2.4617     2.4299      8.131    -0.0029     1.5297 1.0802e-01     0.0609    98.4892     7.0400     7.3589    33.8821    33.8914    27.1435    27.1439    7.88630 0.0000e+00
       8594    152.426     1.0595     1.1538   2.915360   2.924004     2.4608     2.4299      8.131    -0.0029     1.5692 1.0790e-01     0.0609    98.4892     7.0324     7.3559    33.8797    33.8882    27.1408    27.1414    7.88384 0.0000e+00
       8597    152.512     1.0681     1.1460   2.916127   2.922880     2.4600     2.4299      8.131     0.0020     1.5692 1.0790e-01     0.0609    98.4892     7.0279     7.3541    33.8802    33.8823    27.1406    27.1372    7.88205 0.0000e+00
       8600    152.602     1.0758     1.1358   2.916446   2.922008     2.4600     2.4299      8.131     0.0020     1.5692 1.0790e-01     0.0613    98.4805     7.0264     7.3534    33.8758    33.8821    27.1366    27.1377    7.88070 0.0000e+00
       8603    152.704     1.0788     1.1308   2.916871   2.921701     2.4592     2.4303      8.133     0.0068     1.5692 1.0790e-01     0.0613    98.4805     7.0217     7.3556    33.8780    33.8834    27.1382    27.1391    7.87997 0.0000e+00
       8606    152.816     1.0892     1.1320   2.918623   2.921958     2.4604     2.4299      8.131     0.0166     1.5692 1.0790e-01     0.0609    98.4892     7.0207     7.3535    33.8892    33.8854    27.1465    27.1406    7.87725 0.0000e+00
       8609    152.932     1.0993     1.1286   2.919796   2.921066     2.4613     2.4295      8.131     0.0117     1.5692 1.0790e-01     0.0609    98.4892     7.0170     7.3529    33.8931    33.8776    27.1490    27.1346    7.87496 0.0000e+00
       8612    153.056     1.1126     1.1164   2.921493   2.919790     2.4608     2.4307      8.131     0.0117     1.5692 1.0790e-01     0.0609    98.4892     7.0103     7.3599    33.9004    33.8744    27.1539    27.1328    7.87185 0.0000e+00
       8615    153.187     1.1273     1.1035   2.923479   2.918306     2.4600     2.4299      8.131     0.0117     1.5692 1.0790e-01     0.0609    98.4892     7.0046     7.3596    33.9098    33.8694    27.1605    27.1296    7.86834 0.0000e+00
       8618    153.320     1.1434     1.1015   2.924704   2.919495     2.4608     2.4299      8.130     0.0117     1.5692 1.0790e-01     0.0609    98.4892     7.0051     7.3590    33.9080    33.8867    27.1580    27.1436    7.86514 0.0000e+00
       8621    153.463     1.1539     1.1295   2.925107   2.923188     2.4608     2.4299      8.130     0.0117     1.5692 1.0790e-01     0.0613    98.4805     7.0016     7.3507    33.9015    33.9035    27.1522    27.1553    7.86332 0.0000e+00
       8624    153.606     1.1610     1.1534   2.925517   2.924890     2.4608     2.4299      8.130     0.0117     1.5692 1.0790e-01     0.0616    98.4719     6.9985     7.3421    33.8990    33.8992    27.1497    27.1503    7.86201 0.0000e+00
       8627    153.751     1.1663     1.1641   2.925904   2.925553     2.4600     2.4299      8.133     0.0166     1.5692 1.0790e-01     0.0616    98.4719     6.9923     7.3372    33.8981    33.8961    27.1486    27.1471    7.86097 0.0000e+00
       8630    153.903     1.1703     1.1700   2.926124   2.926066     2.4592     2.4299      8.133     0.0117     1.5692 1.0790e-01     0.0620    98.4632     6.9853     7.3341    33.8965    33.8961    27.1470    27.1467    7.86024 0.0000e+00
       8633    154.056     1.1736     1.1742   2.926422   2.926437     2.4592     2.4299      8.132     0.0117     1.5692 1.0802e-01     0.0620    98.4632     6.9843     7.3301    33.8967    33.8963    27.1470    27.1466    7.85956 0.0000e+00
       8636    154.210     1.1766     1.1780   2.926658   2.926869     2.4608     2.4299      8.130     0.0117     1.5692 1.0790e-01     0.0620    98.4632     6.9915     7.3283    33.8964    33.8975    27.1466    27.1473    7.85897 0.0000e+00
       8639    154.366     1.1792     1.1843   2.926960   2.927594     2.4596     2.4299      8.133     0.0166     1.5692 1.0790e-01     0.0620    98.4632     6.9873     7.3258    33.8974    33.8999    27.1471    27.1488    7.85839 0.0000e+00
       8642    154.523     1.1827     1.1912   2.927425   2.928202     2.4596     2.4299      8.132     0.0166     1.5692 1.0790e-01     0.0620    98.4632     6.9856     7.3198    33.8994    33.9001    27.1485    27.1486    7.85755 0.0000e+00
       8645    154.685     1.1874     1.1953   2.928065   2.928514     2.4584     2.4291      8.135     0.0117     1.5692 1.0790e-01     0.0620    98.4632     6.9818     7.3126    33.9024    33.8996    27.1506    27.1478    7.85644 0.0000e+00
       8648    154.846     1.1928     1.1998   2.928706   2.929116     2.4592     2.4287      8.135     0.0117     1.5692 1.0790e-01     0.0620    98.4632     6.9846     7.3076    33.9047    33.9023    27.1521    27.1497    7.85522 0.0000e+00
       8651    155.009     1.1985     1.2053   2.929165   2.929539     2.4592     2.4287      8.130     0.0117     1.5692 1.0790e-01     0.0620    98.4632     6.9849     7.3034    33.9043    33.9016    27.1514    27.1488    7.85408 0.0000e+00
       8654    155.169     1.2028     1.2087   2.929429   2.929864     2.4580     2.4287      8.132     0.0117     1.5692 1.0790e-01     0.0620    98.4632     6.9815     7.2992    33.9029    33.9020    27.1500    27.1489    7.85327 0.0000e+00
       8657    155.329     1.2056     1.2100   2.929614   2.929860     2.4592     2.4287      8.133     0.0117     1.5297 1.0790e-01     0.0620    98.4632     6.9840     7.2961    33.9021    33.9005    27.1492    27.1475    7.85275 0.0000e+00
       8660    155.489     1.2094     1.2097   2.930173   2.929875     2.4592     2.4287      8.133     0.0166     1.5692 1.0790e-01     0.0620    98.4632     6.9839     7.2923    33.9050    33.9009    27.1512    27.1479    7.85180 0.0000e+00
       8663    155.644     1.2137     1.2111   2.930567   2.930099     2.4588     2.4278      8.132     0.0117     1.5692 1.0790e-01     0.0627    98.4458     6.9859     7.2881    33.9053    33.9021    27.1512    27.1488    7.85092 0.0000e+00
       8666    155.797     1.2165     1.2128   2.930559   2.930268     2.4588     2.4274      8.130     0.0117     1.5692 1.0802e-01     0.0630    98.4371     6.9882     7.2851    33.9021    33.9023    27.1484    27.1489    7.85052 0.0000e+00
       8669    155.948     1.2179     1.2160   2.930687   2.930648     2.4584     2.4274      8.133     0.0117     1.5692 1.0790e-01     0.0623    98.4545     6.9871     7.2849    33.9021    33.9037    27.1483    27.1497    7.85022 0.0000e+00
       8672    156.097     1.2193     1.2186   2.930791   2.930848     2.4580     2.4274      8.130     0.0117     1.5692 1.0790e-01     0.0623    98.4545     6.9852     7.2836    33.9019    33.9034    27.1481    27.1493    7.84997 0.0000e+00
       8675    156.240     1.2200     1.2201   2.930770   2.930965     2.4588     2.4266      8.132     0.0117     1.5692 1.0790e-01     0.0627    98.4458     6.9879     7.2801    33.9007    33.9032    27.1471    27.1490    7.84988 0.0000e+00
       8678    156.378     1.2205     1.2205   2.930852   2.930999     2.4588     2.4262      8.132     0.0117     1.5692 1.0790e-01     0.0634    98.4284     6.9867     7.2779    33.9011    33.9030    27.1474    27.1489    7.84975 0.0000e+00
       8681    156.513     1.2211     1.2205   2.930899   2.930998     2.4584     2.4258      8.133     0.0117     1.6876 1.0790e-01     0.0630    98.4371     6.9850     7.2767    33.9010    33.9030    27.1472    27.1489    7.84963 0.0000e+00
       8684    156.642     1.2216     1.2208   2.930956   2.931038     2.4588     2.4254      8.130     0.0117     1.8060 1.0802e-01     0.0623    98.4545     6.9883     7.2770    33.9012    33.9031    27.1474    27.1489    7.84953 0.0000e+00
       8687    156.769     1.2217     1.2208   2.930922   2.931033     2.4592     2.4254      8.132     0.0117     1.8060 1.0790e-01     0.0620    98.4632     6.9914     7.2805    33.9006    33.9030    27.1468    27.1488    7.84954 0.0000e+00
       8690    156.887     1.2220     1.2210   2.930979   2.931082     2.4596     2.4250      8.132     0.0068     1.8060 1.0790e-01     0.0620    98.4632     6.9918     7.2807    33.9009    33.9032    27.1471    27.1491    7.84947 0.0000e+00
       8693    156.998     1.2221     1.2215   2.930973   2.931167     2.4584     2.4250      8.130     0.0117     1.8060 1.0790e-01     0.0620    98.4632     6.9887     7.2812    33.9006    33.9038    27.1469    27.1494    7.84945 0.0000e+00
       8696    157.103     1.2220     1.2220   2.931010   2.931178     2.4588     2.4250      8.132     0.0166     1.8060 1.0790e-01     0.0620    98.4632     6.9898     7.2826    33.9011    33.9033    27.1472    27.1490    7.84944 0.0000e+00
       8699    157.199     1.2222     1.2222   2.931026   2.931195     2.4580     2.4246      8.130     0.0166     1.8060 1.0802e-01     0.0620    98.4632     6.9852     7.2827    33.9010    33.9033    27.1472    27.1490    7.84940 0.0000e+00
       8702    157.284     1.2224     1.2231   2.931023   2.931314     2.4580     2.4242      8.132     0.0117     1.8060 1.0790e-01     0.0616    98.4719     6.9848     7.2821    33.9007    33.9038    27.1469    27.1493    7.84938 0.0000e+00
       8705    157.362     1.2225     1.2241   2.931011   2.931447     2.4592     2.4238      8.132     0.0117     1.8060 1.0790e-01     0.0620    98.4632     6.9880     7.2830    33.9004    33.9043    27.1467    27.1497    7.84938 0.0000e+00
       8708    157.429     1.2224     1.2253   2.930876   2.931555     2.4592     2.4238      8.132     0.0117     1.6087 1.0790e-01     0.0613    98.4805     6.9879     7.2843    33.8988    33.9043    27.1454    27.1496    7.84949 0.0000e+00
       8711    157.489     1.2223     1.2267   2.930764   2.931671     2.4588     2.4238      8.132     0.0117     1.5692 1.0802e-01     0.0616    98.4719     6.9874     7.2879    33.8975    33.9043    27.1443    27.1495    7.84959 0.0000e+00
       8714    157.537     1.2182     1.2268   2.929316   2.931653     2.4584     2.4238      8.130     0.0117     1.5297 1.0790e-01     0.0616    98.4719     6.9888     7.2918    33.8833    33.9039    27.1332    27.1492    7.85116 0.0000e+00
       8717    157.578     1.2033     1.2266   2.926777   2.931634     2.4592     2.4230      8.130     0.0117     1.5692 1.0790e-01     0.0620    98.4632     6.9969     7.2929    33.8671    33.9039    27.1212    27.1492    7.85508 0.0000e+00
       8720    157.610     1.1890     1.2267   2.926119   2.931598     2.4588     2.4226      8.132     0.0117     1.5692 1.0790e-01     0.0620    98.4632     6.9964     7.2974    33.8741    33.9033    27.1278    27.1487    7.85762 0.0000e+00
       8804    157.641     1.1643     1.2197   2.924751   2.930881     2.4568     2.4259      8.132     0.0020     1.6481 1.0790e-01     0.0620    98.4632     6.9982     7.3284    33.8833    33.9017    27.1368    27.1479    7.86217 0.0000e+00
       8847    157.738     1.1551     1.2159   2.923895   2.930519     2.4560     2.4275      8.132    -0.0029     1.6876 1.0790e-01     0.0620    98.4632     7.0009     7.3391    33.8823    33.9011    27.1366    27.1477    7.86410 0.0000e+00
       8850    157.847     1.1548     1.2154   2.924118   2.930488     2.4564     2.4275      8.130    -0.0029     1.6876 1.0790e-01     0.0620    98.4632     7.0044     7.3353    33.8854    33.9012    27.1391    27.1478    7.86400 0.0000e+00
       8853    157.957     1.1575     1.2148   2.924795   2.930437     2.4560     2.4275      8.133     0.0020     1.6876 1.0790e-01     0.0620    98.4632     7.0009     7.3344    33.8911    33.9011    27.1435    27.1477    7.86315 0.0000e+00
       8856    158.071     1.1623     1.2151   2.925514   2.930513     2.4560     2.4275      8.130     0.0020     1.6876 1.0790e-01     0.0620    98.4632     7.0011     7.3336    33.8950    33.9017    27.1463    27.1482    7.86195 0.0000e+00
       8859    158.189     1.1673     1.2153   2.926046   2.930418     2.4560     2.4279      8.130    -0.0078     1.6876 1.0790e-01     0.0620    98.4632     7.0008     7.3349    33.8963    33.9002    27.1471    27.1470    7.86087 0.0000e+00
       8862    158.307     1.1731     1.2127   2.926622   2.930050     2.4560     2.4279      8.130    -0.0029     1.6876 1.0790e-01     0.0620    98.4632     6.9983     7.3344    33.8973    33.8983    27.1475    27.1456    7.85963 0.0000e+00
       8865    158.425     1.1778     1.2068   2.927017   2.929403     2.4568     2.4283      8.130     0.0068     1.5692 1.0790e-01     0.0620    98.4632     6.9965     7.3369    33.8972    33.8963    27.1471    27.1444    7.85867 0.0000e+00
       8868    158.545     1.1831     1.2034   2.927712   2.929317     2.4572     2.4279      8.133     0.0117     1.5692 1.0790e-01     0.0620    98.4632     6.9925     7.3354    33.9003    33.8988    27.1492    27.1467    7.85743 0.0000e+00
       8871    158.662     1.1891     1.2013   2.928445   2.928870     2.4568     2.4279      8.130     0.0117     1.5692 1.0790e-01     0.0623    98.4545     6.9902     7.3350    33.9031    33.8953    27.1511    27.1440    7.85606 0.0000e+00
       8874    158.782     1.1970     1.1929   2.929677   2.928044     2.4564     2.4275      8.130     0.0117     1.5692 1.0790e-01     0.0620    98.4632     6.9862     7.3337    33.9102    33.8938    27.1563    27.1433    7.85406 0.0000e+00
