Datasets/AZMP/COO001/79001089.cnv
* Sea-Bird SBE 9 Data File:
* FileName = C:\CTDDATA\79001089.hex
* Software Version Seasave V 7.26.7.110
* Temperature SN = 5660
* Conductivity SN = 3698
* Number of Bytes Per Scan = 30
* Number of Voltage Words = 4
* Number of Scans Averaged by the Deck Unit = 1
* NMEA baud rate = 9600
** VESSEL/TRIP/SEQ STN:  79001089
** LATITUDE XX XX.XX N:  48 10.46 N
** LONGITUDE XX XX.XX W:  53 44.46 W
** SOUNDING DEPTH (M):  0185
** PROBE TYPE: S1257
** CTD NUMBER: 056
** COMMENTS (14 CHAR): SS-17
** BOTTLES:  12
** LEVELS: 5,5,10,20,20,30,40,50,75,100,150,BTM
** STICKERS: 435243 - 435254
** VNET: Y
** DO2: N
# nquan = 22
# nvalues = 6915                        
# units = specified
# name 0 = scan: Scan Count
# name 1 = prDM: Pressure, Digiquartz [db]
# name 2 = t090C: Temperature [ITS-90, deg C]
# name 3 = t190C: Temperature, 2 [ITS-90, deg C]
# name 4 = c0S/m: Conductivity [S/m]
# name 5 = c1S/m: Conductivity, 2 [S/m]
# name 6 = sbeox0V: Oxygen raw, SBE 43 [V]
# name 7 = sbeox1V: Oxygen raw, SBE 43, 2 [V]
# name 8 = ph: pH
# name 9 = flECO-AFL: Fluorescence, WET Labs ECO-AFL/FL [mg/m^3]
# name 10 = wetCDOM: Fluorescence, WET Labs CDOM [mg/m^3]
# name 11 = par/sat/log: PAR/Logarithmic, Satlantic [umol photons/m^2/sec]
# name 12 = CStarAt0: Beam Attenuation, WET Labs C-Star [1/m]
# name 13 = CStarTr0: Beam Transmission, WET Labs C-Star [%]
# name 14 = sbeox0ML/L: Oxygen, SBE 43 [ml/l], WS = 2
# name 15 = sbeox1ML/L: Oxygen, SBE 43, 2 [ml/l], WS = 2
# name 16 = sal00: Salinity, Practical [PSU]
# name 17 = sal11: Salinity, Practical, 2 [PSU]
# name 18 = sigma-t00: Density [sigma-t, kg/m^3 ]
# name 19 = sigma-t11: Density, 2 [sigma-t, kg/m^3 ]
# name 20 = oxsatML/L: Oxygen Saturation, Weiss [ml/l]
# name 21 = flag: flag
# span 0 =        245,      49755       
# span 1 =      2.120,    173.044       
# span 2 =     0.1271,     3.5391       
# span 3 =     0.1270,     3.5386       
# span 4 =   2.764053,   2.935211       
# span 5 =   2.763511,   2.935501       
# span 6 =     2.3824,     2.7383       
# span 7 =     2.3523,     2.7053       
# span 8 =      8.027,      8.184       
# span 9 =     0.0215,     0.8469       
# span 10 =    -1.2338,     4.6485      
# span 11 = 1.0752e-01, 1.4477e+00      
# span 12 =     0.0846,     0.2881      
# span 13 =    93.0494,    97.9070      
# span 14 =     6.8652,     7.5830      
# span 15 =     7.3232,     7.9018      
# span 16 =    30.9369,    32.9370      
# span 17 =    30.9415,    32.9387      
# span 18 =    24.6249,    26.4348      
# span 19 =    24.6287,    26.4362      
# span 20 =    7.52515,    8.13166      
# span 21 = 0.0000e+00, 0.0000e+00      
# interval = scans: 3                   
# start_time = Dec 02 2019 01:30:47 [System UTC, header]
# bad_flag = -9.990e-29
*END*
[from data line 6717]
      46065      8.155     3.3626     3.3719   2.877258   2.879479     2.7150     2.6808      8.174     0.6320     3.9379 1.0790e-01     0.2296    94.4224     7.4201     7.8011    31.1319    31.1495    24.7680    24.7812    7.57181 0.0000e+00
      46068      8.131     3.3626     3.3720   2.877225   2.879472     2.7142     2.6808      8.174     0.6271     3.9379 1.0790e-01     0.2296    94.4224     7.4147     7.8010    31.1316    31.1493    24.7677    24.7811    7.57183 0.0000e+00
      46071      8.105     3.3627     3.3723   2.877238   2.879451     2.7146     2.6800      8.174     0.6369     3.9379 1.0790e-01     0.2296    94.4224     7.4139     7.7970    31.1316    31.1488    24.7678    24.7806    7.57181 0.0000e+00
      46074      8.081     3.3624     3.3725   2.877215   2.879490     2.7130     2.6808      8.174     0.6369     3.9379 1.0790e-01     0.2296    94.4224     7.4077     7.7997    31.1316    31.1491    24.7678    24.7808    7.57185 0.0000e+00
      46077      8.056     3.3623     3.3729   2.877219   2.879521     2.7134     2.6808      8.174     0.6418     3.9379 1.0790e-01     0.2296    94.4224     7.4090     7.8005    31.1318    31.1491    24.7680    24.7808    7.57188 0.0000e+00
      46082      8.018     3.3622     3.3730   2.877244   2.879470     2.7138     2.6804      8.174     0.6369     3.8195 1.0790e-01     0.2329    94.3442     7.4105     7.7992    31.1322    31.1484    24.7683    24.7802    7.57187 0.0000e+00
      46085      7.994     3.3623     3.3720   2.877259   2.879423     2.7134     2.6808      8.174     0.6613     3.8195 1.0790e-01     0.2329    94.3442     7.4079     7.8016    31.1323    31.1487    24.7683    24.7806    7.57184 0.0000e+00
      46088      7.970     3.3625     3.3716   2.877273   2.879448     2.7126     2.6804      8.174     0.6857     3.8195 1.0790e-01     0.2329    94.3442     7.4051     7.7996    31.1322    31.1495    24.7683    24.7812    7.57180 0.0000e+00
      46091      7.947     3.3626     3.3714   2.877283   2.879398     2.7126     2.6804      8.174     0.6808     3.8195 1.0790e-01     0.2329    94.3442     7.4065     7.7990    31.1323    31.1491    24.7683    24.7809    7.57179 0.0000e+00
      46095      7.916     3.3628     3.3714   2.877286   2.879342     2.7117     2.6800      8.174     0.6808     3.8195 1.0790e-01     0.2329    94.3442     7.4052     7.7960    31.1322    31.1485    24.7682    24.7804    7.57175 0.0000e+00
      46101      7.877     3.3630     3.3704   2.877310   2.879270     2.7113     2.6808      8.174     0.6857     3.8195 1.0790e-01     0.2311    94.3876     7.4048     7.7970    31.1323    31.1485    24.7683    24.7806    7.57172 0.0000e+00
      46104      7.852     3.3633     3.3710   2.877422   2.879316     2.7117     2.6804      8.174     0.6808     3.8590 1.0790e-01     0.2289    94.4398     7.4058     7.7949    31.1334    31.1485    24.7691    24.7805    7.57161 0.0000e+00
      46107      7.828     3.3639     3.3714   2.877437   2.879356     2.7113     2.6808      8.174     0.6760     3.9379 1.0790e-01     0.2285    94.4485     7.4037     7.7952    31.1330    31.1487    24.7688    24.7806    7.57151 0.0000e+00
      46110      7.804     3.3643     3.3711   2.877532   2.879305     2.7109     2.6804      8.174     0.6613     3.9379 1.0790e-01     0.2285    94.4485     7.4021     7.7935    31.1338    31.1484    24.7693    24.7804    7.57140 0.0000e+00
      46113      7.781     3.3649     3.3704   2.877658   2.879195     2.7113     2.6796      8.174     0.5978     3.9379 1.0790e-01     0.2285    94.4485     7.4028     7.7905    31.1347    31.1477    24.7700    24.7799    7.57124 0.0000e+00
      46116      7.759     3.3653     3.3702   2.877705   2.878954     2.7113     2.6800      8.174     0.6076     3.9379 1.0790e-01     0.2289    94.4398     7.4004     7.7924    31.1349    31.1451    24.7701    24.7778    7.57115 0.0000e+00
      46119      7.735     3.3655     3.3683   2.877755   2.878542     2.7109     2.6800      8.174     0.6027     3.9379 1.0790e-01     0.2289    94.4398     7.3976     7.7928    31.1353    31.1419    24.7704    24.7755    7.57109 0.0000e+00
      46122      7.713     3.3654     3.3669   2.877725   2.878565     2.7105     2.6796      8.174     0.6027     3.9379 1.0790e-01     0.2274    94.4745     7.3934     7.7901    31.1351    31.1436    24.7702    24.7769    7.57113 0.0000e+00
      46125      7.685     3.3652     3.3671   2.877561   2.878666     2.7109     2.6796      8.174     0.6076     3.9379 1.0790e-01     0.2270    94.4832     7.3921     7.7903    31.1332    31.1446    24.7688    24.7777    7.57124 0.0000e+00
      46128      7.661     3.3642     3.3668   2.877298   2.878183     2.7101     2.6796      8.174     0.6076     3.9379 1.0790e-01     0.2270    94.4832     7.3877     7.7921    31.1311    31.1391    24.7672    24.7734    7.57154 0.0000e+00
      46131      7.637     3.3635     3.3631   2.877065   2.877552     2.7093     2.6796      8.174     0.6076     3.9379 1.0790e-01     0.2274    94.4745     7.3835     7.7938    31.1290    31.1352    24.7656    24.7705    7.57179 0.0000e+00
      46134      7.614     3.3625     3.3585   2.877086   2.876822     2.7085     2.6796      8.172     0.6027     3.9379 1.0790e-01     0.2263    94.5006     7.3777     7.7973    31.1302    31.1309    24.7667    24.7676    7.57191 0.0000e+00
      46137      7.590     3.3627     3.3571   2.877246   2.876646     2.7089     2.6796      8.174     0.5978     3.9379 1.0790e-01     0.2274    94.4745     7.3771     7.7989    31.1319    31.1302    24.7680    24.7671    7.57178 0.0000e+00
      46140      7.564     3.3626     3.3570   2.877096   2.876626     2.7077     2.6796      8.174     0.5881     3.9379 1.0790e-01     0.2270    94.4832     7.3735     7.7987    31.1303    31.1301    24.7667    24.7670    7.57188 0.0000e+00
      46143      7.536     3.3619     3.3568   2.876894   2.876570     2.7077     2.6796      8.174     0.5881     3.9379 1.0790e-01     0.2252    94.5267     7.3743     7.7978    31.1286    31.1296    24.7654    24.7667    7.57211 0.0000e+00
      46146      7.513     3.3610     3.3572   2.876912   2.876657     2.7065     2.6792      8.174     0.5881     3.9379 1.0790e-01     0.2252    94.5267     7.3714     7.7978    31.1296    31.1302    24.7663    24.7671    7.57222 0.0000e+00
      46149      7.487     3.3608     3.3586   2.877000   2.876962     2.7061     2.6796      8.172     0.5929     3.9379 1.0790e-01     0.2252    94.5267     7.3715     7.7996    31.1309    31.1326    24.7674    24.7689    7.57220 0.0000e+00
      46156      7.439     3.3611     3.3612   2.876905   2.877593     2.7044     2.6792      8.174     0.5881     3.9379 1.0790e-01     0.2252    94.5267     7.3699     7.7993    31.1295    31.1376    24.7662    24.7726    7.57222 0.0000e+00
      46159      7.413     3.3598     3.3639   2.876886   2.877879     2.7048     2.6796      8.174     0.5832     3.9379 1.0790e-01     0.2252    94.5267     7.3729     7.8009    31.1305    31.1384    24.7671    24.7731    7.57240 0.0000e+00
      46162      7.385     3.3602     3.3656   2.876866   2.877996     2.7052     2.6796      8.174     0.5783     3.9379 1.0790e-01     0.2274    94.4745     7.3752     7.8010    31.1299    31.1382    24.7666    24.7728    7.57236 0.0000e+00
      46165      7.359     3.3603     3.3646   2.876248   2.877812     2.7044     2.6784      8.174     0.5490     3.9379 1.0790e-01     0.2285    94.4485     7.3727     7.7961    31.1225    31.1370    24.7607    24.7719    7.57272 0.0000e+00
      46168      7.336     3.3598     3.3633   2.876334   2.877598     2.7052     2.6796      8.174     0.5539     3.9379 1.0790e-01     0.2285    94.4485     7.3747     7.8007    31.1240    31.1357    24.7620    24.7710    7.57274 0.0000e+00
      46171      7.311     3.3599     3.3625   2.876796   2.877320     2.7040     2.6796      8.174     0.5636     3.9379 1.0790e-01     0.2285    94.4485     7.3689     7.8011    31.1294    31.1332    24.7662    24.7690    7.57245 0.0000e+00
      46174      7.288     3.3604     3.3592   2.876789   2.876856     2.7040     2.6796      8.174     0.5539     3.9379 1.0790e-01     0.2285    94.4485     7.3665     7.8009    31.1289    31.1308    24.7658    24.7674    7.57238 0.0000e+00
      46177      7.265     3.3595     3.3582   2.876212   2.876855     2.7040     2.6796      8.174     0.5490     3.9379 1.0790e-01     0.2285    94.4485     7.3657     7.8010    31.1228    31.1318    24.7611    24.7682    7.57285 0.0000e+00
      46180      7.240     3.3581     3.3597   2.876307   2.877071     2.7028     2.6796      8.174     0.5588     3.9379 1.0790e-01     0.2285    94.4485     7.3609     7.8008    31.1254    31.1329    24.7632    24.7691    7.57300 0.0000e+00
      46183      7.215     3.3580     3.3605   2.876270   2.877010     2.7036     2.6796      8.174     0.5588     3.8984 1.0790e-01     0.2259    94.5093     7.3606     7.8012    31.1250    31.1314    24.7629    24.7678    7.57303 0.0000e+00
      46186      7.190     3.3577     3.3580   2.875977   2.876632     2.7016     2.6792      8.174     0.5588     3.8195 1.0790e-01     0.2263    94.5006     7.3532     7.8006    31.1218    31.1294    24.7603    24.7664    7.57324 0.0000e+00
      46189      7.166     3.3569     3.3571   2.875244   2.876640     2.7020     2.6788      8.174     0.5539     3.8195 1.0790e-01     0.2252    94.5267     7.3548     7.7995    31.1138    31.1303    24.7541    24.7672    7.57380 0.0000e+00
      46192      7.143     3.3545     3.3548   2.874645   2.875335     2.7003     2.6796      8.174     0.5685     3.8195 1.0790e-01     0.2263    94.5006     7.3491     7.8016    31.1090    31.1169    24.7505    24.7567    7.57451 0.0000e+00
      46198      7.098     3.3505     3.3424   2.874200   2.873228     2.6999     2.6796      8.174     0.5685     3.8195 1.0790e-01     0.2263    94.5006     7.3483     7.8068    31.1075    31.1037    24.7496    24.7473    7.57533 0.0000e+00
      46204      7.055     3.3481     3.3380   2.874030   2.872785     2.6987     2.6796      8.174     0.5636     3.8195 1.0790e-01     0.2274    94.4745     7.3446     7.8100    31.1079    31.1027    24.7501    24.7469    7.57578 0.0000e+00
      46210      7.015     3.3469     3.3424   2.873869   2.873743     2.6987     2.6792      8.174     0.5685     4.0169 1.0790e-01     0.2274    94.4745     7.3471     7.8093    31.1071    31.1099    24.7496    24.7522    7.57604 0.0000e+00
      46213      6.994     3.3460     3.3400   2.873797   2.873429     2.6979     2.6796      8.174     0.5734     4.0564 1.0790e-01     0.2274    94.4745     7.3433     7.8108    31.1071    31.1085    24.7497    24.7513    7.57621 0.0000e+00
      46216      6.973     3.3447     3.3377   2.874103   2.873292     2.6971     2.6792      8.174     0.5685     4.0564 1.0790e-01     0.2274    94.4745     7.3398     7.8087    31.1120    31.1091    24.7537    24.7520    7.57620 0.0000e+00
      46219      6.948     3.3457     3.3409   2.874400   2.873726     2.6975     2.6796      8.174     0.5734     4.0564 1.0790e-01     0.2274    94.4745     7.3388     7.8100    31.1146    31.1112    24.7557    24.7534    7.57589 0.0000e+00
      46222      6.924     3.3478     3.3454   2.874412   2.874322     2.6951     2.6796      8.174     0.5685     4.0564 1.0790e-01     0.2292    94.4311     7.3288     7.8080    31.1128    31.1141    24.7541    24.7553    7.57559 0.0000e+00
      46225      6.903     3.3484     3.3491   2.873294   2.874710     2.6959     2.6796      8.174     0.5783     4.0564 1.0790e-01     0.2311    94.3876     7.3295     7.8057    31.0989    31.1151    24.7429    24.7558    7.57618 0.0000e+00
      46229      6.871     3.3416     3.3502   2.872033   2.875593     2.6951     2.6796      8.174     0.5734     4.0564 1.0790e-01     0.2311    94.3876     7.3247     7.8060    31.0903    31.1246    24.7367    24.7633    7.57789 0.0000e+00
      46233      6.843     3.3369     3.3533   2.871596   2.876422     2.6946     2.6796      8.174     0.5685     4.0564 1.0790e-01     0.2307    94.3963     7.3219     7.8050    31.0896    31.1316    24.7365    24.7685    7.57882 0.0000e+00
      46237      6.813     3.3348     3.3578   2.871685   2.876727     2.6930     2.6796      8.174     0.5832     3.9774 1.0790e-01     0.2307    94.3963     7.3148     7.8041    31.0927    31.1309    24.7392    24.7676    7.57906 0.0000e+00
      46242      6.778     3.3346     3.3598   2.872199   2.876719     2.6918     2.6796      8.174     0.5734     3.9379 1.0790e-01     0.2325    94.3529     7.3076     7.8039    31.0991    31.1289    24.7443    24.7658    7.57878 0.0000e+00
      46245      6.755     3.3359     3.3594   2.872462   2.876864     2.6914     2.6796      8.174     0.5734     3.9379 1.0790e-01     0.2340    94.3181     7.3060     7.8055    31.1010    31.1310    24.7457    24.7675    7.57844 0.0000e+00
      46248      6.732     3.3367     3.3590   2.872630   2.876994     2.6902     2.6796      8.174     0.5832     3.9379 1.0790e-01     0.2336    94.3268     7.3012     7.8073    31.1023    31.1329    24.7466    24.7691    7.57822 0.0000e+00
      46254      6.693     3.3396     3.3603   2.873068   2.876856     2.6885     2.6800      8.174     0.5734     3.9379 1.0790e-01     0.2336    94.3268     7.2956     7.8109    31.1048    31.1301    24.7484    24.7667    7.57755 0.0000e+00
      46258      6.661     3.3401     3.3597   2.872651   2.876997     2.6873     2.6796      8.174     0.5734     3.9379 1.0790e-01     0.2336    94.3268     7.2919     7.8117    31.0992    31.1323    24.7439    24.7686    7.57772 0.0000e+00
      46261      6.637     3.3388     3.3595   2.872448   2.877069     2.6865     2.6796      8.174     0.5734     3.9379 1.0790e-01     0.2336    94.3268     7.2910     7.8126    31.0981    31.1334    24.7431    24.7695    7.57803 0.0000e+00
      46265      6.610     3.3381     3.3587   2.872198   2.876907     2.6857     2.6804      8.174     0.5734     3.9379 1.0790e-01     0.2270    94.4832     7.2877     7.8162    31.0959    31.1323    24.7414    24.7686    7.57829 0.0000e+00
      46269      6.580     3.3361     3.3587   2.871066   2.876830     2.6857     2.6808      8.174     0.6027     3.9379 1.0790e-01     0.2263    94.5006     7.2895     7.8176    31.0842    31.1314    24.7323    24.7679    7.57925 0.0000e+00
      46274      6.545     3.3299     3.3582   2.870138   2.876547     2.6845     2.6808      8.174     0.6027     3.9379 1.0790e-01     0.2263    94.5006     7.2866     7.8166    31.0791    31.1285    24.7288    24.7657    7.58068 0.0000e+00
      46282      6.491     3.3252     3.3557   2.869548   2.876342     2.6820     2.6808      8.174     0.5978     3.9379 1.0790e-01     0.2278    94.4658     7.2758     7.8143    31.0766    31.1284    24.7272    24.7658    7.58171 0.0000e+00
      46287      6.455     3.3228     3.3563   2.869342   2.876331     2.6804     2.6808      8.174     0.6076     4.0564 1.0790e-01     0.2307    94.3963     7.2684     7.8103    31.0764    31.1277    24.7272    24.7652    7.58216 0.0000e+00
      46291      6.426     3.3219     3.3543   2.869279   2.876447     2.6800     2.6808      8.173     0.6076     4.1748 1.0790e-01     0.2307    94.3963     7.2645     7.8050    31.0766    31.1311    24.7275    24.7681    7.58234 0.0000e+00
      46297      6.387     3.3214     3.3507   2.869156   2.876478     2.6779     2.6808      8.174     0.5881     4.1748 1.0790e-01     0.2307    94.3963     7.2572     7.7985    31.0756    31.1350    24.7267    24.7715    7.58247 0.0000e+00
