Datasets/AZMP/COO001/79001120.cnv
* Sea-Bird SBE 9 Data File:
* FileName = C:\CTDDATA\79001120.hex
* Software Version Seasave V 7.26.7.110
* Temperature SN = 5660
* Conductivity SN = 3698
* Number of Bytes Per Scan = 30
* Number of Voltage Words = 4
* Number of Scans Averaged by the Deck Unit = 1
* NMEA baud rate = 9600
** VESSEL/TRIP/SEQ STN:  79001120
** LATITUDE XX XX.XX N:  47 00.00 N
** LONGITUDE XX XX.XX W:  51 29.10 W
** SOUNDING DEPTH (M):  0104
** PROBE TYPE: S1257
** CTD NUMBER: 080
** COMMENTS (14 CHAR): FC-06
** BOTTLES:  10
** LEVELS: 5,5,10,20,20,30,40,50,75,BTM
** STICKERS: 435613 - 435622
** VNET: Y
** DO2: Y
# nquan = 22
# nvalues = 2517                        
# units = specified
# name 0 = scan: Scan Count
# name 1 = prDM: Pressure, Digiquartz [db]
# name 2 = t090C: Temperature [ITS-90, deg C]
# name 3 = t190C: Temperature, 2 [ITS-90, deg C]
# name 4 = c0S/m: Conductivity [S/m]
# name 5 = c1S/m: Conductivity, 2 [S/m]
# name 6 = sbeox0V: Oxygen raw, SBE 43 [V]
# name 7 = sbeox1V: Oxygen raw, SBE 43, 2 [V]
# name 8 = ph: pH
# name 9 = flECO-AFL: Fluorescence, WET Labs ECO-AFL/FL [mg/m^3]
# name 10 = wetCDOM: Fluorescence, WET Labs CDOM [mg/m^3]
# name 11 = par/sat/log: PAR/Logarithmic, Satlantic [umol photons/m^2/sec]
# name 12 = CStarAt0: Beam Attenuation, WET Labs C-Star [1/m]
# name 13 = CStarTr0: Beam Transmission, WET Labs C-Star [%]
# name 14 = sbeox0ML/L: Oxygen, SBE 43 [ml/l], WS = 2
# name 15 = sbeox1ML/L: Oxygen, SBE 43, 2 [ml/l], WS = 2
# name 16 = sal00: Salinity, Practical [PSU]
# name 17 = sal11: Salinity, Practical, 2 [PSU]
# name 18 = sigma-t00: Density [sigma-t, kg/m^3 ]
# name 19 = sigma-t11: Density, 2 [sigma-t, kg/m^3 ]
# name 20 = oxsatML/L: Oxygen Saturation, Weiss [ml/l]
# name 21 = flag: flag
# span 0 =        137,      36478       
# span 1 =      0.712,     97.288       
# span 2 =    -1.0819,     2.8821       
# span 3 =    -1.0827,     2.8839       
# span 4 =   2.646795,   2.917931       
# span 5 =   0.436839,   2.918122       
# span 6 =     2.4111,     2.7647       
# span 7 =     2.3810,     2.7326       
# span 8 =      8.042,      8.173       
# span 9 =     0.0264,     0.8273       
# span 10 =    -1.3918,     2.1614      
# span 11 = 1.0765e-01, 1.1456e+01      
# span 12 =     0.0535,     0.2874      
# span 13 =    93.0668,    98.6717      
# span 14 =     6.4842,     8.2238      
# span 15 =     7.5968,     8.4232      
# span 16 =    31.9463,    32.9627      
# span 17 =     4.1596,    32.9637      
# span 18 =    25.4603,    26.5000      
# span 19 =     3.3086,    26.5008      
# span 20 =    7.61481,    8.41294      
# span 21 = 0.0000e+00, 0.0000e+00      
# interval = scans: 3                   
# start_time = Dec 08 2019 10:45:11 [System UTC, header]
# bad_flag = -9.990e-29
*END*
[from data line 2503]
      36440      1.679     2.8524     2.8529   2.915281   2.915419 -9.990e-29 -9.990e-29      8.170     0.6613     1.8060 1.1364e+01     0.1163    97.1336 -9.990e-29 -9.990e-29    32.0934    32.0946    25.5777    25.5786    7.62054 0.0000e+00
      36443      1.618     2.8526     2.8530   2.915285   2.915433 -9.990e-29 -9.990e-29      8.170     0.6711     1.8060 1.1390e+01     0.1167    97.1249 -9.990e-29 -9.990e-29    32.0933    32.0947    25.5776    25.5787    7.62050 0.0000e+00
      36446      1.554     2.8528     2.8532   2.915287   2.915476 -9.990e-29 -9.990e-29      8.170     0.6662     1.8060 1.1456e+01     0.1163    97.1336 -9.990e-29 -9.990e-29    32.0931    32.0950    25.5775    25.5790    7.62048 0.0000e+00
      36449      1.484     2.8531     2.8537   2.915334   2.915504 -9.990e-29 -9.990e-29      8.172     0.6711     1.8060 1.1363e+01     0.1163    97.1336 -9.990e-29 -9.990e-29    32.0935    32.0949    25.5777    25.5788    7.62041 0.0000e+00
      36452      1.405     2.8531     2.8540   2.915311   2.915501 -9.990e-29 -9.990e-29      8.172     0.6613     1.8060 1.1233e+01     0.1163    97.1336 -9.990e-29 -9.990e-29    32.0932    32.0947    25.5775    25.5786    7.62041 0.0000e+00
      36455      1.317     2.8534     2.8542   2.915355   2.915519 -9.990e-29 -9.990e-29      8.172     0.6369     1.8060 1.1142e+01     0.1163    97.1336 -9.990e-29 -9.990e-29    32.0935    32.0947    25.5777    25.5786    7.62034 0.0000e+00
      36458      1.225     2.8536     2.8545   2.915391   2.915541 -9.990e-29 -9.990e-29      8.170     0.6076     1.8060 1.0939e+01     0.1174    97.1075 -9.990e-29 -9.990e-29    32.0937    32.0947    25.5779    25.5786    7.62029 0.0000e+00
      36461      1.135     2.8540     2.8547   2.915395   2.915526 -9.990e-29 -9.990e-29      8.172     0.6027     1.8060 1.0529e+01     0.1181    97.0902 -9.990e-29 -9.990e-29    32.0934    32.0944    25.5776    25.5784    7.62023 0.0000e+00
      36464      1.043     2.8540     2.8542   2.915332   2.915499 -9.990e-29 -9.990e-29      8.172     0.6076     1.8455 1.0182e+01     0.1185    97.0815 -9.990e-29 -9.990e-29    32.0927    32.0945    25.5770    25.5785    7.62026 0.0000e+00
      36467      0.952     2.8538     2.8537   2.915287   2.915423 -9.990e-29 -9.990e-29      8.170     0.6027     1.9245 1.0053e+01     0.1185    97.0815 -9.990e-29 -9.990e-29    32.0925    32.0943    25.5769    25.5783    7.62032 0.0000e+00
      36470      0.858     2.8535     2.8489   2.915256   1.825818 -9.990e-29 -9.990e-29      8.170     0.6076     1.9245 1.0134e+01     0.1185    97.0815 -9.990e-29 -9.990e-29    32.0925    19.4353    25.5769    15.4914    7.62039 0.0000e+00
      36473      0.774     2.8531     2.7876   2.912970   0.686575 -9.990e-29 -9.990e-29      8.172     0.6076     1.9245 1.0288e+01     0.1185    97.0815 -9.990e-29 -9.990e-29    32.0651     6.7016    25.5551     5.3432    7.62185 0.0000e+00
      36476      0.728     2.8529     2.6707   2.909323   0.492789 -9.990e-29 -9.990e-29      8.172     0.6125     1.9245 1.0529e+01     0.1185    97.0815 -9.990e-29 -9.990e-29    32.0210     4.7160    25.5199     3.7550    7.62414 0.0000e+00
      36478      0.712     2.8524     2.5743   2.903132   0.436839 -9.990e-29 -9.990e-29      8.172     0.6125     1.9245 1.0614e+01     0.2874    93.0668 -9.990e-29 -9.990e-29    31.9463     4.1596    25.4603     3.3086    7.62805 0.0000e+00
