Datasets/AZMP/COO001/79001122.cnv
* Sea-Bird SBE 9 Data File:
* FileName = C:\CTDDATA\79001122.hex
* Software Version Seasave V 7.26.7.110
* Temperature SN = 5660
* Conductivity SN = 3698
* Number of Bytes Per Scan = 30
* Number of Voltage Words = 4
* Number of Scans Averaged by the Deck Unit = 1
* NMEA baud rate = 9600
** VESSEL/TRIP/SEQ STN:  79001122
** LATITUDE XX XX.XX N:  47 00.00 N
** LONGITUDE XX XX.XX W:  52 19.30 W
** SOUNDING DEPTH (M):  0129
** PROBE TYPE: S1257
** CTD NUMBER: 082
** COMMENTS (14 CHAR): FC-04
** BOTTLES:  11
** LEVELS: 5,5,10,20,20,30,40,50,75,100,BTM
** STICKERS: 435642 - 435652
** VNET: Y
** DO2: N
# nquan = 22
# nvalues = 3920                        
# units = specified
# name 0 = scan: Scan Count
# name 1 = prDM: Pressure, Digiquartz [db]
# name 2 = t090C: Temperature [ITS-90, deg C]
# name 3 = t190C: Temperature, 2 [ITS-90, deg C]
# name 4 = c0S/m: Conductivity [S/m]
# name 5 = c1S/m: Conductivity, 2 [S/m]
# name 6 = sbeox0V: Oxygen raw, SBE 43 [V]
# name 7 = sbeox1V: Oxygen raw, SBE 43, 2 [V]
# name 8 = ph: pH
# name 9 = flECO-AFL: Fluorescence, WET Labs ECO-AFL/FL [mg/m^3]
# name 10 = wetCDOM: Fluorescence, WET Labs CDOM [mg/m^3]
# name 11 = par/sat/log: PAR/Logarithmic, Satlantic [umol photons/m^2/sec]
# name 12 = CStarAt0: Beam Attenuation, WET Labs C-Star [1/m]
# name 13 = CStarTr0: Beam Transmission, WET Labs C-Star [%]
# name 14 = sbeox0ML/L: Oxygen, SBE 43 [ml/l], WS = 2
# name 15 = sbeox1ML/L: Oxygen, SBE 43, 2 [ml/l], WS = 2
# name 16 = sal00: Salinity, Practical [PSU]
# name 17 = sal11: Salinity, Practical, 2 [PSU]
# name 18 = sigma-t00: Density [sigma-t, kg/m^3 ]
# name 19 = sigma-t11: Density, 2 [sigma-t, kg/m^3 ]
# name 20 = oxsatML/L: Oxygen Saturation, Weiss [ml/l]
# name 21 = flag: flag
# span 0 =         26,      37378       
# span 1 =      0.567,    121.562       
# span 2 =    -1.0610,     3.4784       
# span 3 =    -1.0626,     3.4767       
# span 4 =   2.650408,   2.952353       
# span 5 =   2.650183,   2.952602       
# span 6 =     2.4038,     2.7701       
# span 7 =     2.3765,     2.7456       
# span 8 =      8.050,      8.186       
# span 9 =     0.0068,     0.9641       
# span 10 =    -0.7601,     3.5036      
# span 11 = 1.0790e-01, 1.6232e+02      
# span 12 =     0.0524,     1.7463      
# span 13 =    64.6251,    98.6978      
# span 14 =     6.5372,     7.9719      
# span 15 =     7.5088,     8.5819      
# span 16 =    31.0953,    33.0976      
# span 17 =    31.8952,    33.0953      
# span 18 =    24.7291,    26.6003      
# span 19 =    25.3660,    26.5954      
# span 20 =    7.51121,    8.40669      
# span 21 = 0.0000e+00, 0.0000e+00      
# interval = scans: 3                   
# start_time = Dec 08 2019 16:48:36 [System UTC, header]
# bad_flag = -9.990e-29
*END*
[from data line 2239]
      10712    102.826    -0.6445    -0.6574   2.709943   2.708437     2.4161     2.3860      8.055     0.0410     1.9245 1.0827e-01     0.0885    97.8114     7.2222     7.6018    33.0684    33.0622    26.5749    26.5705    8.29396 0.0000e+00
      10715    102.759    -0.6451    -0.6559   2.709857   2.708655     2.4165     2.3864      8.055     0.0410     1.9245 1.0827e-01     0.0878    97.8288     7.2256     7.6065    33.0680    33.0635    26.5746    26.5714    8.29412 0.0000e+00
      10718    102.694    -0.6456    -0.6577   2.709574   2.708099     2.4173     2.3860      8.055     0.0410     1.9245 1.0827e-01     0.0885    97.8114     7.2284     7.6076    33.0647    33.0581    26.5720    26.5672    8.29441 0.0000e+00
      10721    102.627    -0.6471    -0.6635   2.709352   2.707219     2.4161     2.3864      8.055     0.0459     1.9245 1.0827e-01     0.0885    97.8114     7.2237     7.6106    33.0633    33.0527    26.5710    26.5630    8.29482 0.0000e+00
      10724    102.560    -0.6482    -0.6698   2.709329   2.706474     2.4169     2.3872      8.055     0.0410     1.9245 1.0827e-01     0.0889    97.8027     7.2294     7.6160    33.0643    33.0495    26.5718    26.5606    8.29502 0.0000e+00
      10727    102.496    -0.6489    -0.6741   2.709315   2.706062     2.4169     2.3872      8.055     0.0410     1.9245 1.0827e-01     0.0896    97.7854     7.2307     7.6148    33.0649    33.0488    26.5723    26.5602    8.29514 0.0000e+00
      10730    102.430    -0.6491    -0.6771   2.709358   2.705801     2.4165     2.3872      8.055     0.0410     1.9245 1.0827e-01     0.0896    97.7854     7.2323     7.6144    33.0658    33.0485    26.5730    26.5601    8.29514 0.0000e+00
      10733    102.368    -0.6494    -0.6800   2.709121   2.705441     2.4169     2.3876      8.055     0.0410     1.9245 1.0827e-01     0.0896    97.7854     7.2387     7.6158    33.0629    33.0469    26.5707    26.5589    8.29536 0.0000e+00
      10736    102.301    -0.6503    -0.6816   2.708975   2.705274     2.4165     2.3876      8.055     0.0361     1.9245 1.0827e-01     0.0896    97.7854     7.2394     7.6173    33.0620    33.0465    26.5700    26.5587    8.29561 0.0000e+00
      10739    102.233    -0.6509    -0.6828   2.708830   2.705119     2.4177     2.3884      8.055     0.0313     1.9245 1.0827e-01     0.0896    97.7854     7.2458     7.6211    33.0608    33.0457    26.5691    26.5580    8.29583 0.0000e+00
      10742    102.173    -0.6521    -0.6859   2.708556   2.704485     2.4173     2.3880      8.055     0.0215     1.9245 1.0827e-01     0.0896    97.7854     7.2478     7.6196    33.0584    33.0407    26.5672    26.5541    8.29623 0.0000e+00
      10745    102.111    -0.6541    -0.6890   2.708202   2.704249     2.4177     2.3884      8.055     0.0264     1.9245 1.0827e-01     0.0878    97.8288     7.2510     7.6194    33.0559    33.0409    26.5652    26.5544    8.29682 0.0000e+00
      10748    102.052    -0.6568    -0.6896   2.708028   2.704233     2.4186     2.3888      8.055     0.0264     1.9245 1.0827e-01     0.0864    97.8636     7.2566     7.6232    33.0565    33.0414    26.5658    26.5548    8.29738 0.0000e+00
      10751    101.993    -0.6584    -0.6886   2.707996   2.704576     2.4181     2.3888      8.055     0.0264     1.9245 1.0827e-01     0.0864    97.8636     7.2574     7.6245    33.0579    33.0449    26.5670    26.5576    8.29767 0.0000e+00
      10754    101.931    -0.6589    -0.6847   2.708219   2.705070     2.4190     2.3892      8.055     0.0313     1.9245 1.0827e-01     0.0864    97.8636     7.2604     7.6250    33.0615    33.0473    26.5699    26.5595    8.29758 0.0000e+00
      10757    101.870    -0.6588    -0.6817   2.708055   2.705428     2.4190     2.3892      8.055     0.0264     1.9245 1.0827e-01     0.0864    97.8636     7.2624     7.6230    33.0592    33.0489    26.5681    26.5606    8.29769 0.0000e+00
      10760    101.807    -0.6601    -0.6835   2.707751   2.704800     2.4190     2.3900      8.055     0.0264     1.9245 1.0827e-01     0.0864    97.8636     7.2631     7.6247    33.0565    33.0424    26.5659    26.5555    8.29812 0.0000e+00
      10763    101.743    -0.6612    -0.6885   2.707633   2.704256     2.4202     2.3896      8.055     0.0166     1.9245 1.0827e-01     0.0867    97.8549     7.2685     7.6224    33.0562    33.0406    26.5657    26.5542    8.29838 0.0000e+00
      10766    101.680    -0.6631    -0.6912   2.707317   2.703889     2.4194     2.3896      8.055     0.0117     1.9245 1.0827e-01     0.0857    97.8809     7.2670     7.6216    33.0540    33.0387    26.5640    26.5527    8.29893 0.0000e+00
      10769    101.621    -0.6642    -0.6943   2.707364   2.703678     2.4202     2.3905      8.055     0.0117     1.9245 1.0827e-01     0.0860    97.8723     7.2704     7.6213    33.0559    33.0392    26.5656    26.5532    8.29907 0.0000e+00
      10772    101.563    -0.6647    -0.6963   2.707336   2.702782     2.4210     2.3909      8.055     0.0117     1.9245 1.0827e-01     0.0853    97.8896     7.2730     7.6210    33.0562    33.0294    26.5659    26.5454    8.29918 0.0000e+00
      10775    101.505    -0.6648    -0.7069   2.707381   2.700920     2.4202     2.3909      8.055     0.0215     1.9245 1.0827e-01     0.0857    97.8809     7.2705     7.6190    33.0570    33.0160    26.5665    26.5350    8.29916 0.0000e+00
      10778    101.449    -0.6646    -0.7157   2.707412   2.700558     2.4210     2.3909      8.055     0.0117     1.9245 1.0827e-01     0.0853    97.8896     7.2718     7.6152    33.0571    33.0208    26.5666    26.5391    8.29909 0.0000e+00
      10781    101.396    -0.6642    -0.7177   2.707498   2.700786     2.4222     2.3909      8.055     0.0117     1.9245 1.0827e-01     0.0853    97.8896     7.2765     7.6067    33.0579    33.0260    26.5672    26.5435    8.29896 0.0000e+00
      10784    101.348    -0.6639    -0.7171   2.707385   2.700735     2.4218     2.3909      8.055     0.0117     1.9245 1.0827e-01     0.0864    97.8636     7.2739     7.5988    33.0560    33.0247    26.5657    26.5424    8.29899 0.0000e+00
      10787    101.303    -0.6645    -0.7179   2.707221   2.700621     2.4226     2.3909      8.055     0.0117     1.9245 1.0827e-01     0.0874    97.8375     7.2749     7.5929    33.0545    33.0240    26.5645    26.5419    8.29922 0.0000e+00
      10790    101.273    -0.6655    -0.7163   2.707360   2.701098     2.4226     2.3909      8.057     0.0215     1.9245 1.0827e-01     0.0874    97.8375     7.2729     7.5853    33.0575    33.0288    26.5670    26.5456    8.29927 0.0000e+00
      10793    101.245    -0.6655    -0.7129   2.707185   2.701687     2.4230     2.3909      8.055     0.0264     1.9245 1.0827e-01     0.0874    97.8375     7.2697     7.5770    33.0552    33.0330    26.5651    26.5489    8.29941 0.0000e+00
      10802    101.185    -0.6592    -0.7060   2.709220   2.702295     2.4239     2.3900      8.055     0.0264     2.0429 1.0827e-01     0.0871    97.8462     7.2657     7.5621    33.0757    33.0337    26.5815    26.5492    8.29683 0.0000e+00
      10886    100.950    -0.6424    -0.6886   2.710148   2.704335     2.4251     2.3880      8.055     0.0264     1.7665 1.0827e-01     0.0910    97.7506     7.2574     7.5837    33.0700    33.0423    26.5761    26.5555    8.29340 0.0000e+00
      10890    100.924    -0.6427    -0.6937   2.709992   2.703765     2.4263     2.3884      8.055     0.0264     1.8060 1.0827e-01     0.0913    97.7419     7.2604     7.5897    33.0681    33.0402    26.5747    26.5540    8.29356 0.0000e+00
      10894    100.897    -0.6444    -0.6978   2.709632   2.703596     2.4263     2.3884      8.055     0.0166     1.8060 1.0827e-01     0.0913    97.7419     7.2590     7.5927    33.0653    33.0424    26.5724    26.5560    8.29412 0.0000e+00
      10898    100.864    -0.6469    -0.6949   2.709519   2.703661     2.4259     2.3884      8.055     0.0117     1.8060 1.0815e-01     0.0917    97.7332     7.2562     7.5946    33.0665    33.0402    26.5735    26.5540    8.29461 0.0000e+00
      10901    100.839    -0.6462    -0.6954   2.709571   2.703672     2.4255     2.3884      8.055     0.0117     1.8060 1.0827e-01     0.0917    97.7332     7.2535     7.5962    33.0665    33.0409    26.5734    26.5546    8.29445 0.0000e+00
      10904    100.816    -0.6451    -0.6917   2.709544   2.704084     2.4247     2.3884      8.055     0.0117     1.8060 1.0815e-01     0.0917    97.7332     7.2484     7.5977    33.0649    33.0424    26.5721    26.5558    8.29429 0.0000e+00
      10907    100.793    -0.6445    -0.6889   2.709681   2.704200     2.4263     2.3884      8.055     0.0117     1.8060 1.0815e-01     0.0874    97.8375     7.2540     7.5996    33.0661    33.0409    26.5731    26.5544    8.29409 0.0000e+00
      10910    100.769    -0.6434    -0.6891   2.709990   2.704146     2.4255     2.3888      8.055     0.0117     1.8060 1.0827e-01     0.0864    97.8636     7.2496     7.6035    33.0691    33.0404    26.5754    26.5540    8.29368 0.0000e+00
      10913    100.744    -0.6422    -0.6890   2.710214   2.704447     2.4259     2.3892      8.055     0.0117     1.7665 1.0827e-01     0.0864    97.8636     7.2515     7.6060    33.0708    33.0444    26.5768    26.5572    8.29331 0.0000e+00
      10916    100.720    -0.6422    -0.6895   2.710313   2.704798     2.4251     2.3884      8.055     0.0117     1.8060 1.0827e-01     0.0864    97.8636     7.2495     7.6064    33.0721    33.0496    26.5779    26.5615    8.29324 0.0000e+00
      10919    100.695    -0.6432    -0.6878   2.710179   2.704929     2.4243     2.3896      8.055     0.0117     1.8060 1.0827e-01     0.0860    97.8723     7.2472     7.6134    33.0714    33.0496    26.5773    26.5614    8.29349 0.0000e+00
      10922    100.670    -0.6429    -0.6829   2.709977   2.705517     2.4263     2.3896      8.055     0.0117     1.8060 1.0827e-01     0.0860    97.8723     7.2556     7.6099    33.0684    33.0521    26.5749    26.5632    8.29361 0.0000e+00
      10925    100.647    -0.6430    -0.6791   2.709826   2.705708     2.4251     2.3896      8.055     0.0117     1.8455 1.0827e-01     0.0857    97.8810     7.2516     7.6073    33.0665    33.0505    26.5733    26.5618    8.29373 0.0000e+00
      10928    100.623    -0.6438    -0.6783   2.709914   2.705833     2.4251     2.3896      8.055     0.0117     1.9245 1.0827e-01     0.0736    98.1764     7.2510     7.6029    33.0686    33.0513    26.5751    26.5624    8.29380 0.0000e+00
      10931    100.601    -0.6442    -0.6753   2.709882   2.706207     2.4259     2.3900      8.055     0.0117     1.9245 1.0827e-01     0.0729    98.1938     7.2543     7.6017    33.0685    33.0531    26.5751    26.5638    8.29388 0.0000e+00
      10934    100.579    -0.6448    -0.6731   2.710001   2.706339     2.4259     2.3896      8.055     0.0117     1.9245 1.0827e-01     0.0726    98.2025     7.2560     7.5982    33.0708    33.0526    26.5769    26.5632    8.29388 0.0000e+00
      10937    100.555    -0.6445    -0.6726   2.709937   2.706542     2.4263     2.3905      8.055     0.0117     1.9245 1.0827e-01     0.0726    98.2025     7.2576     7.6017    33.0697    33.0547    26.5760    26.5649    8.29389 0.0000e+00
      10940    100.533    -0.6443    -0.6680   2.709826   2.707156     2.4251     2.3909      8.055     0.0068     1.9245 1.0827e-01     0.0726    98.2025     7.2543     7.5984    33.0679    33.0580    26.5745    26.5674    8.29393 0.0000e+00
      10943    100.509    -0.6439    -0.6676   2.709811   2.707158     2.4251     2.3905      8.055     0.0166     1.9245 1.0827e-01     0.0726    98.2025     7.2514     7.5907    33.0674    33.0576    26.5741    26.5671    8.29389 0.0000e+00
      10946    100.486    -0.6443    -0.6693   2.709932   2.706720     2.4255     2.3896      8.055     0.0215     1.9245 1.0827e-01     0.0736    98.1764     7.2505     7.5879    33.0694    33.0536    26.5758    26.5639    8.29386 0.0000e+00
      10949    100.461    -0.6444    -0.6692   2.710180   2.706492     2.4251     2.3900      8.055     0.0264     1.9245 1.0827e-01     0.0736    98.1764     7.2492     7.5863    33.0728    33.0504    26.5785    26.5613    8.29367 0.0000e+00
      10952    100.435    -0.6436    -0.6705   2.710376   2.706390     2.4255     2.3896      8.055     0.0264     1.9245 1.0827e-01     0.0729    98.1938     7.2503     7.5807    33.0746    33.0505    26.5799    26.5615    8.29340 0.0000e+00
      10955    100.408    -0.6426    -0.6728   2.710527   2.706146     2.4263     2.3905      8.055     0.0264     1.9245 1.0827e-01     0.0736    98.1764     7.2522     7.5805    33.0756    33.0497    26.5807    26.5609    8.29312 0.0000e+00
      10958    100.384    -0.6412    -0.6723   2.710580   2.705999     2.4251     2.3909      8.055     0.0264     1.9245 1.0827e-01     0.0733    98.1851     7.2489     7.5810    33.0748    33.0472    26.5800    26.5589    8.29285 0.0000e+00
      10961    100.356    -0.6401    -0.6724   2.710397   2.705671     2.4263     2.3909      8.055     0.0264     1.9245 1.0827e-01     0.0733    98.1851     7.2546     7.5785    33.0712    33.0429    26.5770    26.5554    8.29282 0.0000e+00
      10964    100.328    -0.6405    -0.6710   2.710382   2.705493     2.4251     2.3896      8.055     0.0215     1.9245 1.0815e-01     0.0729    98.1938     7.2501     7.5742    33.0714    33.0390    26.5772    26.5521    8.29290 0.0000e+00
      10967    100.301    -0.6406    -0.6713   2.710502   2.705592     2.4247     2.3900      8.055     0.0264     1.9245 1.0815e-01     0.0726    98.2025     7.2481     7.5780    33.0731    33.0407    26.5786    26.5536    8.29281 0.0000e+00
      10970    100.272    -0.6403    -0.6728   2.710565   2.705773     2.4251     2.3905      8.055     0.0264     1.9245 1.0827e-01     0.0715    98.2285     7.2498     7.5800    33.0737    33.0448    26.5791    26.5569    8.29272 0.0000e+00
      10973    100.243    -0.6401    -0.6749   2.710493   2.705817     2.4255     2.3896      8.055     0.0264     1.9245 1.0827e-01     0.0715    98.2285     7.2505     7.5773    33.0725    33.0477    26.5781    26.5594    8.29274 0.0000e+00
      11049    100.187    -0.7107    -0.6790   2.701504   2.705698     2.4247     2.3953      8.059     0.0264     1.9245 1.0827e-01     0.0708    98.2459     7.2668     7.6356    33.0286    33.0506    26.5452    26.5619    8.31113 0.0000e+00
      11197    100.104    -0.8549    -0.6821   2.683750   2.705280     2.4230     2.4068      8.067     0.0264     1.9245 1.0827e-01     0.0694    98.2807     7.3014     7.7492    32.9470    33.0484    26.4845    26.5603    8.34822 0.0000e+00
      11200    100.081    -0.8506    -0.6809   2.684559   2.705452     2.4226     2.4080      8.066     0.0264     1.9245 1.0827e-01     0.0694    98.2807     7.2978     7.7517    32.9532    33.0494    26.4894    26.5610    8.34689 0.0000e+00
      11203    100.056    -0.8470    -0.6796   2.684074   2.705546     2.4235     2.4080      8.066     0.0264     1.9245 1.0827e-01     0.0694    98.2807     7.3019     7.7502    32.9428    33.0492    26.4808    26.5608    8.34668 0.0000e+00
      11206    100.028    -0.8449    -0.6789   2.685568   2.705558     2.4226     2.4092      8.066     0.0264     1.9245 1.0827e-01     0.0694    98.2807     7.2967     7.7523    32.9606    33.0487    26.4952    26.5604    8.34517 0.0000e+00
      11209    100.000    -0.8376    -0.6789   2.686536   2.705374     2.4230     2.4092      8.066     0.0264     1.9245 1.0827e-01     0.0680    98.3154     7.2973     7.7476    32.9658    33.0463    26.4991    26.5584    8.34323 0.0000e+00
      11212     99.972    -0.8360    -0.6803   2.685224   2.704986     2.4235     2.4092      8.066     0.0264     1.8850 1.0827e-01     0.0651    98.3849     7.2999     7.7427    32.9463    33.0426    26.4833    26.5555    8.34400 0.0000e+00
