Datasets/AZMP/COO001/79001080.cnv
* Sea-Bird SBE 9 Data File:
* FileName = C:\CTDDATA\79001080.hex
* Software Version Seasave V 7.26.7.110
* Temperature SN = 5660
* Conductivity SN = 3698
* Number of Bytes Per Scan = 30
* Number of Voltage Words = 4
* Number of Scans Averaged by the Deck Unit = 1
* NMEA baud rate = 9600
** VESSEL/TRIP/SEQ STN:  79001080
** LATITUDE XX XX.XX N:  48 09.83 N
** LONGITUDE XX XX.XX W:  53 40.10 W
** SOUNDING DEPTH (M):  0218
** PROBE TYPE: S1257
** CTD NUMBER: 047
** COMMENTS (14 CHAR): SS-08
** BOTTLES:  0
** LEVELS:
** STICKERS:
** VNET: N
** DO2: N
# nquan = 22
# nvalues = 6948                        
# units = specified
# name 0 = scan: Scan Count
# name 1 = prDM: Pressure, Digiquartz [db]
# name 2 = t090C: Temperature [ITS-90, deg C]
# name 3 = t190C: Temperature, 2 [ITS-90, deg C]
# name 4 = c0S/m: Conductivity [S/m]
# name 5 = c1S/m: Conductivity, 2 [S/m]
# name 6 = sbeox0V: Oxygen raw, SBE 43 [V]
# name 7 = sbeox1V: Oxygen raw, SBE 43, 2 [V]
# name 8 = ph: pH
# name 9 = flECO-AFL: Fluorescence, WET Labs ECO-AFL/FL [mg/m^3]
# name 10 = wetCDOM: Fluorescence, WET Labs CDOM [mg/m^3]
# name 11 = par/sat/log: PAR/Logarithmic, Satlantic [umol photons/m^2/sec]
# name 12 = CStarAt0: Beam Attenuation, WET Labs C-Star [1/m]
# name 13 = CStarTr0: Beam Transmission, WET Labs C-Star [%]
# name 14 = sbeox0ML/L: Oxygen, SBE 43 [ml/l], WS = 2
# name 15 = sbeox1ML/L: Oxygen, SBE 43, 2 [ml/l], WS = 2
# name 16 = sal00: Salinity, Practical [PSU]
# name 17 = sal11: Salinity, Practical, 2 [PSU]
# name 18 = sigma-t00: Density [sigma-t, kg/m^3 ]
# name 19 = sigma-t11: Density, 2 [sigma-t, kg/m^3 ]
# name 20 = oxsatML/L: Oxygen Saturation, Weiss [ml/l]
# name 21 = flag: flag
# span 0 =        138,      22642       
# span 1 =      0.288,    205.662       
# span 2 =     0.1988,     3.4673       
# span 3 =     0.1963,     3.4673       
# span 4 =   2.767698,   2.930955       
# span 5 =   1.000101,   2.931135       
# span 6 =     2.3599,     2.7431       
# span 7 =     2.3261,     2.7057       
# span 8 =      8.032,      8.179       
# span 9 =     0.0215,     0.6711       
# span 10 =    -2.8130,   482.1870      
# span 11 = 1.0790e-01, 9.7372e+01      
# span 12 =     0.0800,     0.2424      
# span 13 =    94.1183,    98.0200      
# span 14 =     6.6120,     7.5595      
# span 15 =     7.2239,     7.9106      
# span 16 =    31.1227,    33.0240      
# span 17 =     9.8445,    33.0272      
# span 18 =    24.7546,    26.5014      
# span 19 =     7.8402,    26.5041      
# span 20 =    7.53019,    8.11687      
# span 21 = 0.0000e+00, 0.0000e+00      
# interval = scans: 3                   
# start_time = Dec 01 2019 17:37:19 [System UTC, header]
# bad_flag = -9.990e-29
*END*
[from data line 5926]
      19580     63.251     3.1957     3.2668   2.929223   2.931099     2.7236     2.6825      8.170     0.2413     1.6876 1.0790e-01     0.0917    97.7332     7.5177     7.8681    31.8886    31.8410    25.3854    25.3412    7.56530 0.0000e+00
      19583     63.187     3.2006     3.2671   2.929230   2.931118     2.7244     2.6821      8.170     0.2364     1.6876 1.0790e-01     0.0917    97.7332     7.5207     7.8675    31.8839    31.8411    25.3812    25.3413    7.56460 0.0000e+00
      19586     63.126     3.2002     3.2675   2.929049   2.931100     2.7236     2.6821      8.170     0.2364     1.6876 1.0790e-01     0.0921    97.7245     7.5166     7.8651    31.8822    31.8405    25.3798    25.3407    7.56477 0.0000e+00
      19589     63.062     3.1989     3.2677   2.928950   2.931086     2.7236     2.6829      8.170     0.2413     1.6876 1.0790e-01     0.0917    97.7332     7.5171     7.8665    31.8823    31.8401    25.3800    25.3404    7.56500 0.0000e+00
      19592     63.000     3.1949     3.2682   2.928275   2.931079     2.7236     2.6833      8.170     0.2364     1.7665 1.0790e-01     0.0917    97.7332     7.5178     7.8679    31.8781    31.8396    25.3771    25.3400    7.56597 0.0000e+00
      19595     62.938     3.1867     3.2687   2.928313   2.931043     2.7240     2.6833      8.170     0.2413     1.8060 1.0790e-01     0.0917    97.7332     7.5200     7.8677    31.8867    31.8387    25.3846    25.3392    7.56710 0.0000e+00
      19598     62.874     3.1901     3.2695   2.928890   2.930997     2.7244     2.6837      8.170     0.2364     1.8060 1.0790e-01     0.0921    97.7245     7.5190     7.8673    31.8903    31.8374    25.3872    25.3381    7.56627 0.0000e+00
      19601     62.811     3.1943     3.2710   2.929004   2.930981     2.7252     2.6833      8.170     0.2364     1.8060 1.0790e-01     0.0921    97.7245     7.5214     7.8635    31.8875    31.8358    25.3846    25.3367    7.56561 0.0000e+00
      19604     62.749     3.1987     3.2733   2.929182   2.930974     2.7248     2.6833      8.170     0.2364     1.8060 1.0790e-01     0.0917    97.7332     7.5200     7.8627    31.8854    31.8335    25.3825    25.3347    7.56488 0.0000e+00
      19607     62.685     3.2032     3.2746   2.929255   2.930968     2.7252     2.6833      8.170     0.2315     1.8060 1.0790e-01     0.0917    97.7332     7.5218     7.8637    31.8819    31.8321    25.3794    25.3335    7.56421 0.0000e+00
      19610     62.621     3.2057     3.2755   2.929129   2.930963     2.7240     2.6833      8.170     0.2315     1.8060 1.0790e-01     0.0917    97.7332     7.5190     7.8627    31.8779    31.8312    25.3760    25.3327    7.56393 0.0000e+00
      19613     62.559     3.2069     3.2760   2.928962   2.930959     2.7252     2.6837      8.170     0.2315     1.8060 1.0790e-01     0.0917    97.7332     7.5217     7.8625    31.8747    31.8307    25.3733    25.3322    7.56386 0.0000e+00
      19616     62.496     3.2051     3.2762   2.928697   2.930973     2.7252     2.6833      8.170     0.2413     1.8060 1.0790e-01     0.0921    97.7245     7.5221     7.8590    31.8735    31.8307    25.3725    25.3322    7.56428 0.0000e+00
      19619     62.434     3.2036     3.2766   2.928941   2.930923     2.7252     2.6837      8.170     0.2462     1.8060 1.0790e-01     0.0928    97.7071     7.5208     7.8595    31.8779    31.8298    25.3761    25.3314    7.56434 0.0000e+00
      19622     62.371     3.2070     3.2768   2.929195   2.930880     2.7244     2.6833      8.170     0.2315     1.8060 1.0790e-01     0.0938    97.6811     7.5172     7.8591    31.8776    31.8291    25.3756    25.3309    7.56370 0.0000e+00
      19625     62.308     3.2114     3.2769   2.929487   2.930944     2.7260     2.6833      8.170     0.2364     1.8060 1.0790e-01     0.0938    97.6811     7.5225     7.8609    31.8768    31.8298    25.3746    25.3314    7.56291 0.0000e+00
      19628     62.248     3.2141     3.2772   2.929596   2.930945     2.7260     2.6845      8.170     0.2413     1.8060 1.0790e-01     0.0938    97.6811     7.5234     7.8655    31.8755    31.8295    25.3733    25.3312    7.56247 0.0000e+00
      19631     62.186     3.2164     3.2776   2.929589   2.930907     2.7264     2.6845      8.170     0.2364     1.8060 1.0790e-01     0.0938    97.6811     7.5242     7.8658    31.8731    31.8286    25.3712    25.3305    7.56214 0.0000e+00
      19634     62.123     3.2183     3.2787   2.929481   2.930901     2.7260     2.6845      8.170     0.2462     1.8060 1.0790e-01     0.0938    97.6811     7.5221     7.8658    31.8700    31.8276    25.3685    25.3295    7.56194 0.0000e+00
      19637     62.062     3.2187     3.2806   2.929445   2.930898     2.7260     2.6841      8.170     0.2364     1.8060 1.0790e-01     0.0938    97.6811     7.5197     7.8630    31.8692    31.8257    25.3679    25.3279    7.56190 0.0000e+00
      19640     61.999     3.2198     3.2817   2.929510   2.930898     2.7264     2.6833      8.170     0.2364     1.8060 1.0790e-01     0.0928    97.7071     7.5208     7.8597    31.8690    31.8247    25.3676    25.3269    7.56171 0.0000e+00
      19643     61.937     3.2220     3.2824   2.929588   2.930889     2.7260     2.6841      8.170     0.2462     1.7271 1.0790e-01     0.0913    97.7419     7.5181     7.8637    31.8678    31.8239    25.3665    25.3262    7.56136 0.0000e+00
      19646     61.875     3.2234     3.2827   2.929686   2.930868     2.7269     2.6845      8.170     0.2315     1.6876 1.0790e-01     0.0910    97.7506     7.5214     7.8660    31.8676    31.8234    25.3662    25.3258    7.56109 0.0000e+00
      19649     61.814     3.2259     3.2832   2.929802   2.930858     2.7273     2.6845      8.170     0.2364     1.6876 1.0790e-01     0.0913    97.7419     7.5211     7.8653    31.8665    31.8228    25.3651    25.3253    7.56067 0.0000e+00
      19652     61.751     3.2281     3.2838   2.929824   2.930852     2.7269     2.6845      8.170     0.2413     1.6876 1.0790e-01     0.0917    97.7332     7.5206     7.8658    31.8647    31.8222    25.3635    25.3247    7.56034 0.0000e+00
      19655     61.690     3.2293     3.2843   2.929807   2.930856     2.7269     2.6849      8.170     0.2364     1.6876 1.0802e-01     0.0913    97.7419     7.5189     7.8695    31.8633    31.8218    25.3622    25.3244    7.56019 0.0000e+00
      19658     61.630     3.2310     3.2847   2.929875   2.930868     2.7264     2.6845      8.170     0.2462     1.6876 1.0790e-01     0.0913    97.7419     7.5174     7.8710    31.8625    31.8215    25.3614    25.3242    7.55991 0.0000e+00
      19661     61.567     3.2355     3.2853   2.930075   2.930872     2.7264     2.6845      8.170     0.2462     1.6876 1.0790e-01     0.0935    97.6898     7.5154     7.8733    31.8605    31.8210    25.3594    25.3237    7.55915 0.0000e+00
      19664     61.506     3.2405     3.2856   2.930138   2.930868     2.7273     2.6845      8.170     0.2462     1.6876 1.0790e-01     0.0938    97.6811     7.5168     7.8749    31.8563    31.8207    25.3558    25.3234    7.55842 0.0000e+00
      19667     61.445     3.2427     3.2858   2.930144   2.930848     2.7273     2.6857      8.170     0.2511     1.6876 1.0790e-01     0.0938    97.6811     7.5150     7.8773    31.8542    31.8204    25.3539    25.3231    7.55810 0.0000e+00
      19670     61.384     3.2443     3.2857   2.930163   2.930862     2.7281     2.6853      8.170     0.2462     1.7665 1.0790e-01     0.0938    97.6811     7.5159     7.8766    31.8530    31.8206    25.3527    25.3234    7.55786 0.0000e+00
      19673     61.322     3.2447     3.2858   2.930100   2.930836     2.7277     2.6857      8.170     0.2511     1.8060 1.0790e-01     0.0938    97.6811     7.5132     7.8791    31.8519    31.8203    25.3518    25.3231    7.55785 0.0000e+00
      19676     61.260     3.2434     3.2859   2.930033   2.930858     2.7285     2.6857      8.170     0.2559     1.8060 1.0790e-01     0.0938    97.6811     7.5158     7.8793    31.8524    31.8205    25.3523    25.3232    7.55807 0.0000e+00
      19679     61.199     3.2431     3.2861   2.930120   2.930857     2.7260     2.6857      8.170     0.2511     1.8060 1.0790e-01     0.0942    97.6724     7.5069     7.8786    31.8538    31.8202    25.3535    25.3230    7.55806 0.0000e+00
      19682     61.138     3.2433     3.2861   2.930101   2.930823     2.7281     2.6861      8.170     0.2559     1.8060 1.0790e-01     0.0967    97.6116     7.5137     7.8798    31.8534    31.8199    25.3532    25.3227    7.55804 0.0000e+00
      19685     61.076     3.2434     3.2860   2.930048   2.930854     2.7273     2.6865      8.170     0.2315     1.8060 1.0790e-01     0.0971    97.6029     7.5105     7.8791    31.8526    31.8204    25.3526    25.3231    7.55806 0.0000e+00
      19688     61.016     3.2436     3.2861   2.929992   2.930873     2.7273     2.6869      8.172     0.2413     1.8060 1.0790e-01     0.0971    97.6029     7.5092     7.8775    31.8518    31.8206    25.3518    25.3233    7.55805 0.0000e+00
      19691     60.954     3.2433     3.2859   2.929950   2.930830     2.7273     2.6861      8.170     0.2315     1.8060 1.0790e-01     0.0971    97.6029     7.5084     7.8720    31.8516    31.8202    25.3518    25.3231    7.55813 0.0000e+00
      19694     60.894     3.2425     3.2859   2.929911   2.930853     2.7269     2.6869      8.170     0.2364     1.8060 1.0790e-01     0.0971    97.6029     7.5083     7.8739    31.8520    31.8205    25.3521    25.3233    7.55826 0.0000e+00
      19697     60.831     3.2412     3.2861   2.929899   2.930852     2.7264     2.6869      8.170     0.2364     1.8060 1.0790e-01     0.0971    97.6029     7.5091     7.8714    31.8531    31.8204    25.3531    25.3232    7.55844 0.0000e+00
      19700     60.770     3.2430     3.2862   2.930015   2.930821     2.7273     2.6869      8.170     0.2462     1.8060 1.0790e-01     0.0964    97.6203     7.5130     7.8695    31.8527    31.8200    25.3527    25.3228    7.55812 0.0000e+00
      19703     60.708     3.2454     3.2862   2.930129   2.930849     2.7277     2.6869      8.170     0.2413     1.8060 1.0790e-01     0.0938    97.6811     7.5147     7.8671    31.8518    31.8203    25.3517    25.3230    7.55771 0.0000e+00
      19706     60.647     3.2493     3.2865   2.930164   2.930842     2.7277     2.6869      8.170     0.2413     1.8060 1.0790e-01     0.0938    97.6811     7.5137     7.8651    31.8484    31.8200    25.3487    25.3228    7.55715 0.0000e+00
      19709     60.585     3.2520     3.2865   2.930173   2.930817     2.7277     2.6869      8.170     0.2462     1.8060 1.0790e-01     0.0938    97.6811     7.5151     7.8629    31.8459    31.8197    25.3464    25.3225    7.55676 0.0000e+00
      19712     60.523     3.2544     3.2869   2.930197   2.930848     2.7273     2.6869      8.170     0.2706     1.8060 1.0790e-01     0.0938    97.6811     7.5132     7.8627    31.8439    31.8197    25.3446    25.3225    7.55641 0.0000e+00
      19715     60.462     3.2568     3.2875   2.930197   2.930837     2.7273     2.6869      8.170     0.2657     1.8060 1.0790e-01     0.0938    97.6811     7.5130     7.8620    31.8415    31.8190    25.3425    25.3219    7.55607 0.0000e+00
      19718     60.401     3.2579     3.2879   2.930144   2.930844     2.7281     2.6869      8.172     0.2608     1.8060 1.0790e-01     0.0938    97.6811     7.5158     7.8604    31.8399    31.8188    25.3411    25.3217    7.55596 0.0000e+00
      19721     60.340     3.2577     3.2883   2.930106   2.930844     2.7285     2.6869      8.170     0.2706     1.8060 1.0790e-01     0.0963    97.6203     7.5165     7.8603    31.8397    31.8184    25.3410    25.3213    7.55601 0.0000e+00
      19724     60.281     3.2563     3.2883   2.929839   2.930850     2.7273     2.6869      8.170     0.2657     1.8060 1.0790e-01     0.0981    97.5768     7.5118     7.8602    31.8378    31.8185    25.3396    25.3214    7.55635 0.0000e+00
      19727     60.220     3.2545     3.2885   2.929953   2.930837     2.7281     2.6869      8.170     0.2706     1.8060 1.0790e-01     0.0981    97.5768     7.5153     7.8602    31.8410    31.8182    25.3423    25.3211    7.55653 0.0000e+00
      19730     60.160     3.2523     3.2886   2.929887   2.930846     2.7281     2.6869      8.170     0.2657     1.8060 1.0790e-01     0.0981    97.5768     7.5167     7.8600    31.8425    31.8182    25.3437    25.3212    7.55689 0.0000e+00
      19733     60.100     3.2497     3.2886   2.929801   2.930842     2.7285     2.6869      8.170     0.2657     1.8060 1.0790e-01     0.0981    97.5768     7.5179     7.8600    31.8439    31.8182    25.3451    25.3212    7.55729 0.0000e+00
      19736     60.041     3.2477     3.2884   2.929710   2.930824     2.7273     2.6869      8.170     0.2511     1.8060 1.0790e-01     0.0981    97.5768     7.5141     7.8600    31.8449    31.8182    25.3460    25.3212    7.55764 0.0000e+00
      19739     59.980     3.2472     3.2885   2.929765   2.930845     2.7285     2.6869      8.172     0.2608     1.8060 1.0790e-01     0.0981    97.5768     7.5169     7.8599    31.8461    31.8184    25.3470    25.3213    7.55766 0.0000e+00
      19742     59.917     3.2464     3.2884   2.929676   2.930832     2.7281     2.6869      8.170     0.2511     1.8060 1.0790e-01     0.0985    97.5681     7.5135     7.8611    31.8458    31.8184    25.3469    25.3213    7.55783 0.0000e+00
      19745     59.855     3.2446     3.2883   2.929468   2.930827     2.7285     2.6869      8.170     0.2511     1.8060 1.0790e-01     0.0981    97.5768     7.5151     7.8620    31.8451    31.8184    25.3464    25.3214    7.55821 0.0000e+00
      19748     59.795     3.2415     3.2886   2.929416   2.930809     2.7285     2.6869      8.170     0.2608     1.7271 1.0790e-01     0.0981    97.5768     7.5153     7.8616    31.8476    31.8180    25.3487    25.3210    7.55867 0.0000e+00
      19751     59.735     3.2396     3.2887   2.929438   2.930788     2.7293     2.6869      8.172     0.2462     1.6876 1.0790e-01     0.0981    97.5768     7.5166     7.8612    31.8498    31.8177    25.3506    25.3208    7.55893 0.0000e+00
      19754     59.673     3.2391     3.2888   2.929444   2.930790     2.7285     2.6869      8.172     0.2559     1.6876 1.0790e-01     0.0981    97.5768     7.5126     7.8608    31.8504    31.8176    25.3511    25.3207    7.55899 0.0000e+00
      19757     59.613     3.2391     3.2890   2.929433   2.930793     2.7281     2.6869      8.173     0.2511     1.6876 1.0790e-01     0.0985    97.5681     7.5101     7.8604    31.8503    31.8174    25.3510    25.3205    7.55900 0.0000e+00
      19760     59.553     3.2396     3.2890   2.929433   2.930760     2.7289     2.6869      8.172     0.2511     1.6876 1.0790e-01     0.0981    97.5768     7.5107     7.8601    31.8498    31.8171    25.3506    25.3203    7.55892 0.0000e+00
      19763     59.493     3.2415     3.2890   2.929426   2.930751     2.7281     2.6869      8.172     0.2657     1.6876 1.0790e-01     0.0945    97.6637     7.5048     7.8597    31.8479    31.8170    25.3489    25.3202    7.55865 0.0000e+00
      19766     59.432     3.2406     3.2892   2.929418   2.930759     2.7277     2.6878      8.172     0.2657     1.6876 1.0790e-01     0.0949    97.6550     7.5035     7.8624    31.8487    31.8170    25.3496    25.3201    7.55878 0.0000e+00
      19769     59.372     3.2397     3.2891   2.929299   2.930765     2.7281     2.6869      8.172     0.2657     1.6876 1.0790e-01     0.0945    97.6637     7.5047     7.8579    31.8482    31.8172    25.3493    25.3203    7.55899 0.0000e+00
      19772     59.311     3.2338     3.2891   2.928999   2.930752     2.7285     2.6869      8.172     0.2755     1.6876 1.0790e-01     0.0945    97.6637     7.5076     7.8565    31.8504    31.8170    25.3516    25.3202    7.55999 0.0000e+00
