Datasets/AZMP/COO001/79001099.cnv
* Sea-Bird SBE 9 Data File:
* FileName = C:\CTDDATA\79001099.hex
* Software Version Seasave V 7.26.7.110
* Temperature SN = 5660
* Conductivity SN = 3698
* Number of Bytes Per Scan = 30
* Number of Voltage Words = 4
* Number of Scans Averaged by the Deck Unit = 1
* NMEA baud rate = 9600
** VESSEL/TRIP/SEQ STN:  79001099
** LATITUDE XX XX.XX N:  49 31.00 N
** LONGITUDE XX XX.XX W:  50 32.00 W
** SOUNDING DEPTH (M):  0333
** PROBE TYPE: S1257
** CTD NUMBER: 065
** COMMENTS (14 CHAR): BB-10
** BOTTLES:  12
** LEVELS: 5,5,10,20,20,30,40,50,75,100,150,BTM
** STICKERS: 435384 - 435395
** VNET: Y
** DO2: Y
# nquan = 22
# nvalues = 8766                        
# units = specified
# name 0 = scan: Scan Count
# name 1 = prDM: Pressure, Digiquartz [db]
# name 2 = t090C: Temperature [ITS-90, deg C]
# name 3 = t190C: Temperature, 2 [ITS-90, deg C]
# name 4 = c0S/m: Conductivity [S/m]
# name 5 = c1S/m: Conductivity, 2 [S/m]
# name 6 = sbeox0V: Oxygen raw, SBE 43 [V]
# name 7 = sbeox1V: Oxygen raw, SBE 43, 2 [V]
# name 8 = ph: pH
# name 9 = flECO-AFL: Fluorescence, WET Labs ECO-AFL/FL [mg/m^3]
# name 10 = wetCDOM: Fluorescence, WET Labs CDOM [mg/m^3]
# name 11 = par/sat/log: PAR/Logarithmic, Satlantic [umol photons/m^2/sec]
# name 12 = CStarAt0: Beam Attenuation, WET Labs C-Star [1/m]
# name 13 = CStarTr0: Beam Transmission, WET Labs C-Star [%]
# name 14 = sbeox0ML/L: Oxygen, SBE 43 [ml/l], WS = 2
# name 15 = sbeox1ML/L: Oxygen, SBE 43, 2 [ml/l], WS = 2
# name 16 = sal00: Salinity, Practical [PSU]
# name 17 = sal11: Salinity, Practical, 2 [PSU]
# name 18 = sigma-t00: Density [sigma-t, kg/m^3 ]
# name 19 = sigma-t11: Density, 2 [sigma-t, kg/m^3 ]
# name 20 = oxsatML/L: Oxygen Saturation, Weiss [ml/l]
# name 21 = flag: flag
# span 0 =         43,      67140       
# span 1 =      0.503,    330.871       
# span 2 =     1.9721,     3.9481       
# span 3 =     1.9542,     3.9485       
# span 4 =   2.972689,   3.243676       
# span 5 =   0.684572,   3.243786       
# span 6 =     2.3987,     2.7497       
# span 7 =     2.3690,     2.7117       
# span 8 =      8.125,      8.212       
# span 9 =    -0.0176,     1.2962       
# span 10 =    -1.3523,     1.9245      
# span 11 = 1.0752e-01, 7.3949e+01      
# span 12 =     0.0524,     0.4034      
# span 13 =    90.4077,    98.6978      
# span 14 =     6.3699,     7.6618      
# span 15 =     6.6938,     9.0813      
# span 16 =    33.2510,    34.7475      
# span 17 =     6.7762,    34.7480      
# span 18 =    26.5290,    27.6118      
# span 19 =     5.4031,    27.5924      
# span 20 =    7.28535,    7.69955      
# span 21 = 0.0000e+00, 0.0000e+00      
# interval = scans: 3                   
# start_time = Dec 03 2019 11:34:35 [System UTC, header]
# bad_flag = -9.990e-29
*END*
[from data line 264]
       1513     17.774     2.3950     2.3940   2.973820   2.974005     2.6655     2.7033      8.207     0.9641     1.5692 3.4501e+00     0.1411    96.5340     7.4241     8.0037    33.2696    33.2730    26.5548    26.5575    7.64885 0.0000e+00
       1516     17.847     2.3950     2.3947   2.973802   2.974101     2.6646     2.7033      8.207     0.9739     1.5692 3.4223e+00     0.1411    96.5340     7.4223     8.0002    33.2695    33.2734    26.5546    26.5578    7.64887 0.0000e+00
       1519     17.923     2.3950     2.3961   2.973814   2.974273     2.6663     2.7033      8.207     0.9690     1.5692 3.3869e+00     0.1411    96.5340     7.4290     7.9969    33.2695    33.2740    26.5547    26.5582    7.64887 0.0000e+00
       1522     18.006     2.3949     2.3975   2.973833   2.974327     2.6671     2.7033      8.207     0.9739     1.5692 3.3519e+00     0.1418    96.5167     7.4331     7.9959    33.2698    33.2732    26.5549    26.5574    7.64886 0.0000e+00
       1525     18.092     2.3950     2.3963   2.973826   2.974154     2.6679     2.7033      8.207     0.9788     1.5692 3.3019e+00     0.1422    96.5080     7.4361     7.9943    33.2695    33.2723    26.5547    26.5568    7.64886 0.0000e+00
       1528     18.186     2.3950     2.3953   2.973834   2.974156     2.6687     2.7037      8.207     0.9690     1.5692 3.2488e+00     0.1411    96.5340     7.4385     7.9947    33.2696    33.2734    26.5547    26.5577    7.64886 0.0000e+00
       1531     18.274     2.3950     2.3967   2.973840   2.974315     2.6691     2.7041      8.207     0.9641     1.5692 3.2264e+00     0.1418    96.5167     7.4401     7.9945    33.2697    33.2737    26.5548    26.5579    7.64886 0.0000e+00
       1534     18.364     2.3950     2.3968   2.973858   2.974248     2.6707     2.7045      8.207     1.0032     1.6481 3.1820e+00     0.1415    96.5253     7.4447     7.9948    33.2699    33.2728    26.5549    26.5571    7.64885 0.0000e+00
       1537     18.458     2.3950     2.3954   2.973868   2.974119     2.6712     2.7037      8.207     1.0618     1.6876 3.1526e+00     0.1415    96.5253     7.4460     7.9897    33.2699    33.2726    26.5549    26.5571    7.64885 0.0000e+00
       1540     18.551     2.3950     2.3945   2.973842   2.974078     2.6720     2.7033      8.207     1.0520     1.6876 3.1272e+00     0.1418    96.5167     7.4492     7.9871    33.2695    33.2730    26.5546    26.5575    7.64886 0.0000e+00
       1543     18.644     2.3951     2.3947   2.973854   2.974106     2.6736     2.7037      8.205     1.0618     1.6876 3.1020e+00     0.1426    96.4993     7.4535     7.9871    33.2695    33.2731    26.5546    26.5575    7.64884 0.0000e+00
       1546     18.737     2.3951     2.3945   2.973868   2.974092     2.6744     2.7041      8.207     1.0618     1.6876 3.0770e+00     0.1429    96.4906     7.4575     7.9872    33.2697    33.2730    26.5548    26.5575    7.64884 0.0000e+00
       1549     18.828     2.3954     2.3950   2.973999   2.974166     2.6744     2.7033      8.207     1.0520     1.6876 3.0381e+00     0.1433    96.4819     7.4554     7.9829    33.2708    33.2733    26.5557    26.5577    7.64871 0.0000e+00
       1552     18.917     2.3961     2.3956   2.973971   2.974194     2.6756     2.7033      8.207     1.0569     1.6876 2.9963e+00     0.1426    96.4993     7.4582     7.9814    33.2698    33.2731    26.5548    26.5575    7.64864 0.0000e+00
       1555     19.000     2.3958     2.3954   2.973909   2.974173     2.6765     2.7033      8.207     1.0569     1.6876 2.9618e+00     0.1429    96.4906     7.4595     7.9817    33.2692    33.2729    26.5544    26.5573    7.64872 0.0000e+00
       1558     19.081     2.3956     2.3954   2.973887   2.974182     2.6777     2.7033      8.207     1.0569     1.6876 2.9312e+00     0.1422    96.5080     7.4616     7.9839    33.2692    33.2730    26.5544    26.5574    7.64877 0.0000e+00
       1561     19.159     2.3952     2.3953   2.973850   2.974182     2.6781     2.7033      8.205     1.1302     1.6876 2.8941e+00     0.1429    96.4906     7.4621     7.9865    33.2691    33.2731    26.5543    26.5575    7.64885 0.0000e+00
       1564     19.235     2.3950     2.3952   2.973873   2.974163     2.6785     2.7033      8.205     1.1595     1.6876 2.8510e+00     0.1422    96.5080     7.4624     7.9866    33.2695    33.2729    26.5546    26.5573    7.64886 0.0000e+00
       1567     19.305     2.3949     2.3948   2.973869   2.974138     2.6801     2.7033      8.207     1.1546     1.6876 2.8117e+00     0.1422    96.5080     7.4675     7.9867    33.2696    33.2730    26.5547    26.5574    7.64888 0.0000e+00
       1570     19.373     2.3947     2.3948   2.973859   2.974131     2.6805     2.7033      8.207     1.1546     1.6876 2.7729e+00     0.1422    96.5080     7.4691     7.9885    33.2696    33.2729    26.5547    26.5574    7.64891 0.0000e+00
       1573     19.438     2.3948     2.3948   2.973875   2.974144     2.6805     2.7033      8.207     1.1692     1.6876 2.7379e+00     0.1422    96.5080     7.4668     7.9897    33.2697    33.2730    26.5548    26.5574    7.64890 0.0000e+00
       1576     19.495     2.3948     2.3947   2.973914   2.974142     2.6813     2.7033      8.205     1.1595     1.6876 2.6908e+00     0.1422    96.5080     7.4675     7.9898    33.2701    33.2730    26.5551    26.5575    7.64887 0.0000e+00
       1579     19.549     2.3954     2.3947   2.973973   2.974146     2.6822     2.7033      8.207     1.1595     1.6876 2.6477e+00     0.1422    96.5080     7.4697     7.9898    33.2702    33.2730    26.5552    26.5575    7.64876 0.0000e+00
       1582     19.599     2.3958     2.3947   2.974021   2.974126     2.6826     2.7033      8.207     1.1595     1.6876 2.6142e+00     0.1422    96.5080     7.4700     7.9899    33.2703    33.2728    26.5552    26.5573    7.64867 0.0000e+00
       1585     19.646     2.3962     2.3947   2.974036   2.974146     2.6838     2.7033      8.204     1.1595     1.6876 2.5811e+00     0.1422    96.5080     7.4723     7.9900    33.2701    33.2730    26.5550    26.5574    7.64860 0.0000e+00
       1588     19.689     2.3965     2.3947   2.974066   2.974142     2.6846     2.7033      8.207     1.1350     1.6876 2.5573e+00     0.1422    96.5080     7.4753     7.9900    33.2701    33.2729    26.5550    26.5574    7.64855 0.0000e+00
       1591     19.728     2.3969     2.3945   2.974172   2.974143     2.6858     2.7033      8.207     1.1350     1.6876 2.5250e+00     0.1422    96.5080     7.4795     7.9901    33.2710    33.2731    26.5557    26.5576    7.64843 0.0000e+00
       1594     19.767     2.3975     2.3946   2.974228   2.974130     2.6854     2.7033      8.207     1.1302     1.6876 2.5047e+00     0.1422    96.5080     7.4788     7.9901    33.2710    33.2728    26.5556    26.5573    7.64830 0.0000e+00
       1597     19.801     2.3982     2.3945   2.974243   2.974124     2.6854     2.7033      8.207     1.1302     1.6876 2.4787e+00     0.1422    96.5080     7.4782     7.9902    33.2704    33.2729    26.5551    26.5573    7.64819 0.0000e+00
       1600     19.834     2.3987     2.3944   2.974223   2.974120     2.6866     2.7033      8.207     1.1302     1.6876 2.4531e+00     0.1422    96.5080     7.4800     7.9902    33.2697    33.2729    26.5545    26.5574    7.64814 0.0000e+00
       1603     19.865     2.3989     2.3943   2.974200   2.974112     2.6874     2.7033      8.207     1.1253     1.6876 2.4305e+00     0.1422    96.5080     7.4810     7.9903    33.2691    33.2728    26.5540    26.5574    7.64813 0.0000e+00
       1606     19.896     2.3987     2.3943   2.974142   2.974095     2.6874     2.7033      8.207     1.1350     1.6876 2.4137e+00     0.1422    96.5080     7.4786     7.9903    33.2686    33.2726    26.5536    26.5572    7.64818 0.0000e+00
       1609     19.925     2.3985     2.3943   2.974122   2.974122     2.6878     2.7033      8.207     1.1204     1.6876 2.4054e+00     0.1422    96.5080     7.4799     7.9903    33.2686    33.2729    26.5536    26.5574    7.64824 0.0000e+00
       1612     19.958     2.3985     2.3944   2.974151   2.974116     2.6903     2.7033      8.207     1.1350     1.6481 2.3943e+00     0.1422    96.5080     7.4874     7.9904    33.2690    33.2728    26.5539    26.5573    7.64822 0.0000e+00
       1615     19.987     2.3988     2.3944   2.974222   2.974113     2.6899     2.7033      8.207     1.1009     1.4507 2.3915e+00     0.1422    96.5080     7.4849     7.9904    33.2695    33.2727    26.5543    26.5573    7.64813 0.0000e+00
       1618     20.018     2.3987     2.3943   2.974169   2.974123     2.6903     2.7033      8.205     1.1009     1.4507 2.3998e+00     0.1422    96.5080     7.4855     7.9904    33.2689    33.2729    26.5538    26.5574    7.64818 0.0000e+00
       1621     20.049     2.3981     2.3944   2.974118   2.974122     2.6907     2.7033      8.207     1.1009     1.4507 2.3970e+00     0.1422    96.5080     7.4846     7.9905    33.2688    33.2728    26.5539    26.5573    7.64829 0.0000e+00
       1624     20.078     2.3975     2.3943   2.974058   2.974120     2.6907     2.7033      8.207     1.1057     1.4507 2.4026e+00     0.1422    96.5080     7.4828     7.9905    33.2687    33.2728    26.5538    26.5574    7.64841 0.0000e+00
       1627     20.108     2.3971     2.3944   2.974040   2.974134     2.6911     2.7033      8.205     1.0960     1.4507 2.4137e+00     0.1422    96.5080     7.4842     7.9905    33.2689    33.2729    26.5540    26.5574    7.64849 0.0000e+00
       1630     20.140     2.3967     2.3944   2.973980   2.974126     2.6915     2.7033      8.207     1.1009     1.4507 2.4362e+00     0.1422    96.5080     7.4850     7.9906    33.2686    33.2728    26.5538    26.5573    7.64858 0.0000e+00
       1633     20.173     2.3962     2.3943   2.973954   2.974133     2.6935     2.7033      8.207     1.1057     1.4507 2.4531e+00     0.1422    96.5080     7.4891     7.9906    33.2687    33.2730    26.5539    26.5575    7.64867 0.0000e+00
       1636     20.201     2.3959     2.3943   2.973951   2.974121     2.6923     2.7033      8.207     1.1009     1.4507 2.4759e+00     0.1422    96.5080     7.4833     7.9906    33.2690    33.2728    26.5542    26.5574    7.64872 0.0000e+00
       1639     20.228     2.3955     2.3941   2.973964   2.974111     2.6927     2.7033      8.207     1.0862     1.5297 2.5105e+00     0.1422    96.5080     7.4842     7.9907    33.2696    33.2729    26.5547    26.5574    7.64877 0.0000e+00
       1642     20.265     2.3955     2.3940   2.974019   2.974088     2.6931     2.7033      8.207     1.0716     1.5692 2.5134e+00     0.1426    96.4993     7.4849     7.9931    33.2702    33.2726    26.5552    26.5572    7.64873 0.0000e+00
       1645     20.293     2.3958     2.3941   2.973989   2.974114     2.6935     2.7033      8.207     1.0764     1.5692 2.5455e+00     0.1422    96.5080     7.4866     7.9954    33.2696    33.2728    26.5546    26.5573    7.64871 0.0000e+00
       1648     20.321     2.3960     2.3939   2.974057   2.974107     2.6948     2.7033      8.205     1.0813     1.5692 2.5514e+00     0.1433    96.4819     7.4889     7.9978    33.2701    33.2729    26.5551    26.5575    7.64863 0.0000e+00
       1651     20.354     2.3967     2.3940   2.974130   2.974115     2.6948     2.7033      8.207     1.0667     1.5692 2.5722e+00     0.1429    96.4906     7.4873     8.0002    33.2703    33.2729    26.5552    26.5574    7.64849 0.0000e+00
       1654     20.385     2.3972     2.3940   2.974137   2.974119     2.6952     2.7033      8.207     1.0716     1.5692 2.5871e+00     0.1429    96.4906     7.4866     8.0021    33.2698    33.2730    26.5547    26.5575    7.64842 0.0000e+00
       1657     20.416     2.3971     2.3942   2.974027   2.974131     2.6952     2.7033      8.207     1.0764     1.5692 2.5931e+00     0.1433    96.4819     7.4877     8.0036    33.2685    33.2729    26.5537    26.5574    7.64850 0.0000e+00
       1660     20.447     2.3965     2.3941   2.973976   2.974108     2.6948     2.7033      8.207     1.0716     1.5692 2.6051e+00     0.1422    96.5080     7.4869     8.0047    33.2686    33.2727    26.5538    26.5573    7.64862 0.0000e+00
       1663     20.477     2.3960     2.3942   2.973961   2.974112     2.6952     2.7033      8.207     1.0667     1.5692 2.6111e+00     0.1426    96.4993     7.4881     8.0053    33.2689    33.2727    26.5541    26.5572    7.64871 0.0000e+00
       1666     20.509     2.3958     2.3942   2.974125   2.974137     2.6960     2.7045      8.207     1.1448     1.4902 2.6142e+00     0.1411    96.5340     7.4900     8.0098    33.2711    33.2729    26.5559    26.5574    7.64863 0.0000e+00
       1669     20.538     2.3969     2.3942   2.974232   2.974123     2.6964     2.7041      8.205     1.1643     1.4507 2.6112e+00     0.1411    96.5340     7.4905     8.0080    33.2713    33.2727    26.5559    26.5573    7.64841 0.0000e+00
       1672     20.568     2.3976     2.3942   2.974211   2.974127     2.6960     2.7045      8.205     1.1595     1.4507 2.6051e+00     0.1411    96.5340     7.4886     8.0088    33.2703    33.2728    26.5551    26.5573    7.64833 0.0000e+00
       1675     20.596     2.3977     2.3943   2.974130   2.974154     2.6960     2.7045      8.204     1.1546     1.4507 2.6142e+00     0.1411    96.5340     7.4910     8.0076    33.2692    33.2730    26.5542    26.5575    7.64836 0.0000e+00
       1678     20.622     2.3975     2.3943   2.974082   2.974130     2.6972     2.7045      8.207     1.1546     1.4507 2.6051e+00     0.1411    96.5340     7.4980     8.0061    33.2687    33.2727    26.5538    26.5572    7.64842 0.0000e+00
       1681     20.651     2.3972     2.3942   2.974149   2.974141     2.6980     2.7045      8.207     1.1546     1.4507 2.6021e+00     0.1411    96.5340     7.5037     8.0040    33.2699    33.2729    26.5548    26.5574    7.64842 0.0000e+00
       1684     20.679     2.3975     2.3943   2.974248   2.974132     2.6972     2.7045      8.207     1.1595     1.4507 2.5961e+00     0.1415    96.5253     7.5038     8.0012    33.2707    33.2726    26.5554    26.5572    7.64831 0.0000e+00
       1687     20.706     2.3982     2.3942   2.974297   2.974154     2.6984     2.7045      8.207     1.1546     1.4507 2.5901e+00     0.1411    96.5340     7.5091     7.9976    33.2707    33.2730    26.5553    26.5575    7.64819 0.0000e+00
       1690     20.736     2.3986     2.3944   2.974376   2.974151     2.6984     2.7045      8.207     1.1741     1.4902 2.5931e+00     0.1411    96.5340     7.5103     7.9956    33.2712    33.2728    26.5557    26.5573    7.64808 0.0000e+00
       1693     20.769     2.3993     2.3942   2.974370   2.974148     2.6984     2.7045      8.207     1.2669     1.8060 2.5841e+00     0.1411    96.5340     7.5131     7.9944    33.2703    33.2729    26.5550    26.5574    7.64799 0.0000e+00
       1696     20.801     2.3995     2.3943   2.974343   2.974151     2.6993     2.7045      8.207     1.2767     1.8060 2.5781e+00     0.1415    96.5253     7.5178     7.9940    33.2698    33.2728    26.5545    26.5573    7.64798 0.0000e+00
       1699     20.836     2.3994     2.3945   2.974337   2.974161     2.6997     2.7045      8.207     1.2767     1.8060 2.5751e+00     0.1411    96.5340     7.5206     7.9943    33.2698    33.2727    26.5545    26.5573    7.64799 0.0000e+00
       1702     20.876     2.3992     2.3944   2.974344   2.974169     2.7013     2.7045      8.207     1.2816     1.8060 2.5603e+00     0.1415    96.5253     7.5273     7.9946    33.2701    33.2729    26.5548    26.5574    7.64802 0.0000e+00
       1705     20.919     2.3992     2.3943   2.974330   2.974162     2.7013     2.7045      8.205     1.2816     1.8060 2.5603e+00     0.1411    96.5340     7.5279     7.9950    33.2699    33.2729    26.5546    26.5574    7.64803 0.0000e+00
