Datasets/AZMP/COO001/79001124.cnv
* Sea-Bird SBE 9 Data File:
* FileName = C:\CTDDATA\79001124.hex
* Software Version Seasave V 7.26.7.110
* Temperature SN = 5660
* Conductivity SN = 3698
* Number of Bytes Per Scan = 30
* Number of Voltage Words = 4
* Number of Scans Averaged by the Deck Unit = 1
* NMEA baud rate = 9600
** VESSEL/TRIP/SEQ STN:  79001124
** LATITUDE XX XX.XX N:  47 00.00 N
** LONGITUDE XX XX.XX W:  52 42.30 W
** SOUNDING DEPTH (M):  0192
** PROBE TYPE: S1257
** CTD NUMBER: 084
** COMMENTS (14 CHAR): FC-02
** BOTTLES:  12
** LEVELS: 5,5,10,20,20,30,40,50,75,100,150,BTM
** STICKERS: 435664 - 435675
** VNET: Y
** DO2: N
# nquan = 22
# nvalues = 5332                        
# units = specified
# name 0 = scan: Scan Count
# name 1 = prDM: Pressure, Digiquartz [db]
# name 2 = t090C: Temperature [ITS-90, deg C]
# name 3 = t190C: Temperature, 2 [ITS-90, deg C]
# name 4 = c0S/m: Conductivity [S/m]
# name 5 = c1S/m: Conductivity, 2 [S/m]
# name 6 = sbeox0V: Oxygen raw, SBE 43 [V]
# name 7 = sbeox1V: Oxygen raw, SBE 43, 2 [V]
# name 8 = ph: pH
# name 9 = flECO-AFL: Fluorescence, WET Labs ECO-AFL/FL [mg/m^3]
# name 10 = wetCDOM: Fluorescence, WET Labs CDOM [mg/m^3]
# name 11 = par/sat/log: PAR/Logarithmic, Satlantic [umol photons/m^2/sec]
# name 12 = CStarAt0: Beam Attenuation, WET Labs C-Star [1/m]
# name 13 = CStarTr0: Beam Transmission, WET Labs C-Star [%]
# name 14 = sbeox0ML/L: Oxygen, SBE 43 [ml/l], WS = 2
# name 15 = sbeox1ML/L: Oxygen, SBE 43, 2 [ml/l], WS = 2
# name 16 = sal00: Salinity, Practical [PSU]
# name 17 = sal11: Salinity, Practical, 2 [PSU]
# name 18 = sigma-t00: Density [sigma-t, kg/m^3 ]
# name 19 = sigma-t11: Density, 2 [sigma-t, kg/m^3 ]
# name 20 = oxsatML/L: Oxygen Saturation, Weiss [ml/l]
# name 21 = flag: flag
# span 0 =         73,      49925       
# span 1 =      1.294,    182.339       
# span 2 =    -0.9135,     2.3933       
# span 3 =    -0.9158,     2.3928       
# span 4 =   2.662345,   2.884894       
# span 5 =   2.661470,   2.885046       
# span 6 =     2.3470,     2.7574       
# span 7 =     2.3197,     2.7289       
# span 8 =      8.039,      8.175       
# span 9 =     0.0068,     1.1985       
# span 10 =     0.9770,     2.1614      
# span 11 = 1.0617e-01, 5.1210e-01      
# span 12 =     0.0563,     0.1584      
# span 13 =    96.1169,    98.6022      
# span 14 =     6.9480,     7.8022      
# span 15 =     7.2845,     8.1816      
# span 16 =    32.1725,    33.2427      
# span 17 =    32.1756,    33.2405      
# span 18 =    25.6785,    26.7018      
# span 19 =    25.6804,    26.6993      
# span 20 =    7.70565,    8.37332      
# span 21 = 0.0000e+00, 0.0000e+00      
# interval = scans: 3                   
# start_time = Dec 08 2019 20:38:11 [System UTC, header]
# bad_flag = -9.990e-29
*END*
[from data line 725]
       3355     49.077     2.0265     2.0238   2.872041   2.872174     2.7217     2.6923      8.156     0.4317     1.6876 1.0790e-01     0.0949    97.6550     7.7032     8.1056    32.3712    32.3756    25.8640    25.8677    7.76796 0.0000e+00
       3358     49.151     2.0254     2.0224   2.872029   2.872178     2.7204     2.6923      8.156     0.4366     1.7271 1.0790e-01     0.0949    97.6550     7.6998     8.1046    32.3721    32.3770    25.8648    25.8689    7.76812 0.0000e+00
       3361     49.225     2.0245     2.0206   2.872018   2.872155     2.7204     2.6923      8.156     0.4464     1.8060 1.0790e-01     0.0938    97.6811     7.7011     8.1029    32.3729    32.3785    25.8655    25.8703    7.76827 0.0000e+00
       3364     49.297     2.0234     2.0191   2.871994   2.872140     2.7196     2.6923      8.156     0.4513     1.8060 1.0790e-01     0.0938    97.6811     7.6974     8.1015    32.3737    32.3799    25.8662    25.8715    7.76845 0.0000e+00
       3367     49.369     2.0217     2.0172   2.871983   2.872098     2.7208     2.6923      8.156     0.4513     1.8060 1.0790e-01     0.0938    97.6811     7.7006     8.1007    32.3752    32.3813    25.8676    25.8727    7.76870 0.0000e+00
       3370     49.442     2.0199     2.0156   2.871944   2.872057     2.7204     2.6923      8.156     0.4464     1.8060 1.0790e-01     0.0938    97.6811     7.6998     8.1007    32.3765    32.3823    25.8687    25.8737    7.76898 0.0000e+00
       3373     49.516     2.0179     2.0139   2.871857   2.872046     2.7196     2.6911      8.156     0.4513     1.8060 1.0790e-01     0.0945    97.6637     7.6968     8.0971    32.3774    32.3839    25.8696    25.8751    7.76934 0.0000e+00
       3376     49.589     2.0159     2.0137   2.871823   2.872089     2.7204     2.6911      8.156     0.4513     1.8060 1.0790e-01     0.0949    97.6550     7.6992     8.0972    32.3790    32.3846    25.8710    25.8756    7.76965 0.0000e+00
       3379     49.665     2.0146     2.0134   2.871898   2.872079     2.7204     2.6919      8.156     0.4513     1.8060 1.0790e-01     0.0949    97.6550     7.7007     8.1007    32.3813    32.3847    25.8729    25.8758    7.76980 0.0000e+00
       3382     49.741     2.0143     2.0128   2.871929   2.872062     2.7204     2.6911      8.156     0.4513     1.8060 1.0802e-01     0.0949    97.6550     7.7002     8.0981    32.3819    32.3850    25.8735    25.8761    7.76983 0.0000e+00
       3385     49.818     2.0140     2.0122   2.871913   2.872032     2.7200     2.6911      8.156     0.4513     1.8060 1.0790e-01     0.0949    97.6550     7.6970     8.0994    32.3819    32.3853    25.8735    25.8763    7.76988 0.0000e+00
       3388     49.895     2.0135     2.0114   2.871887   2.871978     2.7196     2.6911      8.156     0.4513     1.8060 1.0790e-01     0.0949    97.6550     7.6935     8.0993    32.3821    32.3854    25.8737    25.8765    7.76998 0.0000e+00
       3391     49.976     2.0129     2.0099   2.871856   2.871859     2.7192     2.6911      8.156     0.4464     1.8060 1.0790e-01     0.0949    97.6550     7.6912     8.0990    32.3823    32.3854    25.8739    25.8766    7.77009 0.0000e+00
       3394     50.055     2.0120     2.0076   2.871763   2.871725     2.7192     2.6915      8.156     0.4513     1.8060 1.0790e-01     0.0953    97.6463     7.6913     8.1007    32.3820    32.3860    25.8737    25.8773    7.77027 0.0000e+00
       3397     50.137     2.0106     2.0061   2.871641   2.871710     2.7188     2.6911      8.156     0.4513     1.8060 1.0790e-01     0.0949    97.6550     7.6887     8.0963    32.3819    32.3873    25.8737    25.8784    7.77056 0.0000e+00
       3400     50.222     2.0090     2.0052   2.871609   2.871712     2.7192     2.6911      8.156     0.4464     1.8060 1.0802e-01     0.0924    97.7158     7.6886     8.0913    32.3830    32.3882    25.8747    25.8792    7.77082 0.0000e+00
       3403     50.308     2.0073     2.0036   2.871571   2.871644     2.7196     2.6911      8.156     0.4513     1.8060 1.0790e-01     0.0917    97.7332     7.6900     8.0878    32.3843    32.3890    25.8759    25.8799    7.77109 0.0000e+00
       3406     50.398     2.0055     2.0013   2.871476   2.871546     2.7176     2.6907      8.156     0.4513     1.8060 1.0802e-01     0.0917    97.7332     7.6824     8.0832    32.3849    32.3900    25.8765    25.8809    7.77143 0.0000e+00
       3409     50.490     2.0033     1.9986   2.871362   2.871368     2.7180     2.6911      8.156     0.4513     1.8060 1.0790e-01     0.0917    97.7332     7.6840     8.0798    32.3857    32.3905    25.8773    25.8815    7.77182 0.0000e+00
       3412     50.583     2.0005     1.9940   2.871136   2.871165     2.7176     2.6899      8.156     0.4464     1.9245 1.0790e-01     0.0917    97.7332     7.6841     8.0713    32.3856    32.3927    25.8775    25.8836    7.77237 0.0000e+00
       3415     50.678     1.9965     1.9901   2.870865   2.870948     2.7180     2.6899      8.156     0.4513     1.9245 1.0802e-01     0.0917    97.7332     7.6859     8.0687    32.3863    32.3939    25.8783    25.8849    7.77314 0.0000e+00
       3418     50.773     1.9920     1.9856   2.870574   2.870655     2.7176     2.6895      8.156     0.4464     1.9245 1.0790e-01     0.0924    97.7158     7.6852     8.0640    32.3873    32.3948    25.8794    25.8859    7.77399 0.0000e+00
       3421     50.871     1.9872     1.9815   2.870285   2.870421     2.7168     2.6887      8.156     0.4464     1.9245 1.0790e-01     0.0928    97.7071     7.6837     8.0604    32.3886    32.3961    25.8808    25.8872    7.77489 0.0000e+00
       3424     50.973     1.9827     1.9775   2.869991   2.870151     2.7172     2.6887      8.156     0.4513     1.9245 1.0790e-01     0.0928    97.7071     7.6842     8.0606    32.3894    32.3967    25.8818    25.8880    7.77574 0.0000e+00
       3427     51.079     1.9780     1.9727   2.869688   2.869832     2.7164     2.6887      8.156     0.4513     1.9245 1.0802e-01     0.0928    97.7071     7.6825     8.0627    32.3903    32.3976    25.8829    25.8891    7.77661 0.0000e+00
       3430     51.185     1.9730     1.9676   2.869335   2.869521     2.7155     2.6874      8.156     0.4464     1.9245 1.0790e-01     0.0928    97.7071     7.6825     8.0616    32.3911    32.3989    25.8838    25.8904    7.77759 0.0000e+00
       3433     51.295     1.9677     1.9622   2.869072   2.869159     2.7159     2.6874      8.156     0.4464     1.9245 1.0790e-01     0.0928    97.7071     7.6863     8.0667    32.3931    32.3999    25.8858    25.8917    7.77853 0.0000e+00
       3436     51.407     1.9630     1.9562   2.868753   2.868793     2.7164     2.6870      8.156     0.4464     1.8850 1.0790e-01     0.0928    97.7071     7.6899     8.0722    32.3939    32.4013    25.8869    25.8933    7.77944 0.0000e+00
       3439     51.518     1.9574     1.9518   2.868368   2.868587     2.7155     2.6870      8.156     0.4464     1.8060 1.0790e-01     0.0917    97.7332     7.6883     8.0790    32.3948    32.4033    25.8879    25.8951    7.78050 0.0000e+00
       3442     51.630     1.9526     1.9486   2.868163   2.868425     2.7155     2.6862      8.156     0.4317     1.8060 1.0790e-01     0.0896    97.7854     7.6912     8.0839    32.3971    32.4045    25.8901    25.8963    7.78134 0.0000e+00
       3445     51.738     1.9486     1.9455   2.867970   2.868199     2.7151     2.6862      8.154     0.4366     1.8060 1.0790e-01     0.0896    97.7854     7.6907     8.0918    32.3987    32.4047    25.8917    25.8968    7.78206 0.0000e+00
       3448     51.850     1.9447     1.9414   2.867681   2.867933     2.7139     2.6862      8.156     0.4366     1.8060 1.0790e-01     0.0896    97.7854     7.6888     8.0986    32.3991    32.4056    25.8922    25.8977    7.78282 0.0000e+00
       3451     51.963     1.9401     1.9383   2.867366   2.867712     2.7139     2.6862      8.156     0.4366     1.8060 1.0790e-01     0.0896    97.7854     7.6925     8.1050    32.3998    32.4059    25.8932    25.8982    7.78370 0.0000e+00
       3454     52.073     1.9350     1.9314   2.866930   2.867246     2.7151     2.6862      8.154     0.4269     1.8060 1.0802e-01     0.0896    97.7854     7.6992     8.1130    32.3996    32.4071    25.8933    25.8996    7.78474 0.0000e+00
       3457     52.183     1.9294     1.9260   2.866593   2.866922     2.7155     2.6862      8.156     0.4366     1.8060 1.0790e-01     0.0896    97.7854     7.7023     8.1175    32.4010    32.4086    25.8949    25.9012    7.78578 0.0000e+00
       3460     52.293     1.9237     1.9180   2.866215   2.866251     2.7143     2.6866      8.154     0.4366     1.8060 1.0802e-01     0.0885    97.8114     7.7013     8.1230    32.4020    32.4084    25.8961    25.9016    7.78686 0.0000e+00
       3463     52.398     1.9169     1.8985   2.865451   2.864851     2.7139     2.6866      8.154     0.4073     1.8060 1.0790e-01     0.0874    97.8375     7.7011     8.1312    32.3994    32.4108    25.8945    25.9050    7.78836 0.0000e+00
       3466     52.499     1.9042     1.8776   2.864289   2.863716     2.7139     2.6870      8.151     0.4024     1.8060 1.0790e-01     0.0874    97.8375     7.7054     8.1384    32.3979    32.4180    25.8942    25.9122    7.79099 0.0000e+00
       3469     52.599     1.8902     1.8667   2.863602   2.863281     2.7135     2.6870      8.153     0.4073     1.8060 1.0790e-01     0.0881    97.8201     7.7090     8.1394    32.4036    32.4237    25.8998    25.9175    7.79349 0.0000e+00
       3472     52.697     1.8792     1.8619   2.863232   2.863133     2.7143     2.6870      8.155     0.4024     1.8060 1.0790e-01     0.0878    97.8288     7.7131     8.1383    32.4102    32.4268    25.9059    25.9203    7.79534 0.0000e+00
       3475     52.790     1.8720     1.8594   2.863102   2.863032     2.7143     2.6870      8.153     0.4073     1.8060 1.0790e-01     0.0878    97.8288     7.7117     8.1377    32.4160    32.4280    25.9110    25.9215    7.79650 0.0000e+00
       3478     52.875     1.8677     1.8565   2.863092   2.862795     2.7143     2.6870      8.152     0.4024     1.8060 1.0790e-01     0.0881    97.8201     7.7122     8.1357    32.4201    32.4280    25.9146    25.9217    7.79713 0.0000e+00
       3481     52.958     1.8652     1.8535   2.863030   2.862624     2.7139     2.6870      8.152     0.4024     1.8060 1.0827e-01     0.0860    97.8722     7.7117     8.1324    32.4219    32.4289    25.9162    25.9226    7.79754 0.0000e+00
       3484     53.035     1.8630     1.8509   2.862872   2.862478     2.7139     2.6870      8.152     0.4073     1.8060 1.0827e-01     0.0857    97.8809     7.7119     8.1290    32.4221    32.4297    25.9166    25.9235    7.79796 0.0000e+00
       3487     53.107     1.8608     1.8495   2.862740   2.862468     2.7123     2.6874      8.152     0.4024     1.8060 1.0827e-01     0.0853    97.8896     7.7059     8.1286    32.4228    32.4310    25.9172    25.9246    7.79838 0.0000e+00
       3490     53.173     1.8581     1.8499   2.862620   2.862573     2.7143     2.6870      8.152     0.3439     1.9245 1.0827e-01     0.0860    97.8723     7.7126     8.1245    32.4240    32.4318    25.9183    25.9252    7.79885 0.0000e+00
       3493     53.235     1.8559     1.8497   2.862535   2.862576     2.7139     2.6866      8.153     0.3243     1.9245 1.0815e-01     0.0853    97.8896     7.7116     8.1230    32.4251    32.4320    25.9195    25.9254    7.79923 0.0000e+00
       3496     53.292     1.8575     1.8491   2.864006   2.862591     2.7123     2.6870      8.153     0.3292     1.9245 1.0827e-01     0.0860    97.8723     7.7045     8.1241    32.4418    32.4327    25.9327    25.9261    7.79803 0.0000e+00
       3499     53.343     1.8848     1.8488   2.866389   2.862564     2.7131     2.6866      8.152     0.3194     1.9245 1.0815e-01     0.0860    97.8723     7.7011     8.1216    32.4436    32.4328    25.9322    25.9261    7.79248 0.0000e+00
       3502     53.389     1.9024     1.8472   2.866032   2.862466     2.7131     2.6866      8.151     0.3341     1.9245 1.0815e-01     0.0864    97.8636     7.6973     8.1228    32.4210    32.4331    25.9128    25.9265    7.79012 0.0000e+00
       3505     53.428     1.9150     1.8453   2.866955   2.862389     2.7123     2.6862      8.153     0.3292     1.9245 1.0815e-01     0.0864    97.8636     7.6927     8.1221    32.4195    32.4341    25.9108    25.9274    7.78768 0.0000e+00
       3508     53.463     1.9286     1.8438   2.868057   2.862354     2.7119     2.6862      8.151     0.3341     1.9245 1.0815e-01     0.0864    97.8636     7.6896     8.1222    32.4194    32.4352    25.9097    25.9284    7.78498 0.0000e+00
       3511     53.493     1.9460     1.8433   2.869075   2.862405     2.7123     2.6862      8.151     0.3341     1.9245 1.0827e-01     0.0864    97.8636     7.6877     8.1241    32.4142    32.4363    25.9043    25.9293    7.78177 0.0000e+00
       3514     53.520     1.9601     1.8437   2.869355   2.862430     2.7123     2.6862      8.151     0.3292     1.9245 1.0827e-01     0.0864    97.8636     7.6856     8.1262    32.4033    32.4362    25.8945    25.9292    7.77953 0.0000e+00
       3571     53.700     1.9578     1.8486   2.868499   2.862576     2.7135     2.6838      8.153     0.3634     1.9245 1.0790e-01     0.0853    97.8896     7.6909     8.0809    32.3948    32.4330    25.8879    25.9262    7.78042 0.0000e+00
       3574     53.724     1.9575     1.8479   2.868432   2.862651     2.7127     2.6826      8.153     0.3585     1.9245 1.0790e-01     0.0853    97.8896     7.6837     8.0743    32.3942    32.4345    25.8875    25.9275    7.78051 0.0000e+00
       3577     53.752     1.9561     1.8500   2.868286   2.862689     2.7131     2.6826      8.156     0.3536     1.9245 1.0790e-01     0.0853    97.8896     7.6856     8.0757    32.3939    32.4329    25.8873    25.9261    7.78082 0.0000e+00
       3580     53.787     1.9527     1.8638   2.867851   2.863443     2.7123     2.6826      8.153     0.3487     1.9245 1.0802e-01     0.0857    97.8809     7.6814     8.0753    32.3919    32.4281    25.8860    25.9212    7.78159 0.0000e+00
       3583     53.824     1.9458     1.8677   2.867296   2.863833     2.7119     2.6817      8.154     0.3536     1.9245 1.0790e-01     0.0864    97.8636     7.6771     8.0723    32.3920    32.4290    25.8865    25.9217    7.78296 0.0000e+00
       3586     53.866     1.9391     1.8761   2.867059   2.865081     2.7111     2.6817      8.156     0.3634     1.9245 1.0790e-01     0.0864    97.8636     7.6754     8.0720    32.3959    32.4359    25.8901    25.9267    7.78410 0.0000e+00
       3589     53.913     1.9355     1.9008   2.867187   2.866403     2.7115     2.6813      8.153     0.3536     1.9245 1.0790e-01     0.0864    97.8636     7.6791     8.0665    32.4012    32.4269    25.8947    25.9178    7.78455 0.0000e+00
       3592     53.966     1.9329     1.9133   2.866894   2.866853     2.7123     2.6813      8.154     0.3536     1.9245 1.0790e-01     0.0864    97.8636     7.6808     8.0676    32.4002    32.4198    25.8940    25.9110    7.78512 0.0000e+00
       3595     54.019     1.9297     1.9246   2.867029   2.867081     2.7107     2.6805      8.151     0.3780     2.0429 1.0790e-01     0.0864    97.8636     7.6757     8.0664    32.4051    32.4110    25.8981    25.9032    7.78550 0.0000e+00
       3598     54.078     1.9307     1.9315   2.867159   2.867060     2.7103     2.6809      8.154     0.3683     2.0429 1.0802e-01     0.0864    97.8636     7.6749     8.0714    32.4057    32.4037    25.8985    25.8969    7.78527 0.0000e+00
       3601     54.143     1.9299     1.9296   2.866937   2.866878     2.7111     2.6813      8.153     0.3731     2.0429 1.0790e-01     0.0860    97.8722     7.6790     8.0760    32.4037    32.4033    25.8970    25.8967    7.78553 0.0000e+00
