Datasets/AZMP/COO001/79001084.cnv
* Sea-Bird SBE 9 Data File:
* FileName = C:\CTDDATA\79001084.hex
* Software Version Seasave V 7.26.7.110
* Temperature SN = 5660
* Conductivity SN = 3698
* Number of Bytes Per Scan = 30
* Number of Voltage Words = 4
* Number of Scans Averaged by the Deck Unit = 1
* NMEA baud rate = 9600
** VESSEL/TRIP/SEQ STN:  79001084
** LATITUDE XX XX.XX N:  48 09.66 N
** LONGITUDE XX XX.XX W:  53 44.56 W
** SOUNDING DEPTH (M):  0087
** PROBE TYPE: S1257
** CTD NUMBER: 051
** COMMENTS (14 CHAR): SS-13
** BOTTLES:  0
** LEVELS:
** STICKERS:
** VNET: N
** DO2: N
# nquan = 22
# nvalues = 2920                        
# units = specified
# name 0 = scan: Scan Count
# name 1 = prDM: Pressure, Digiquartz [db]
# name 2 = t090C: Temperature [ITS-90, deg C]
# name 3 = t190C: Temperature, 2 [ITS-90, deg C]
# name 4 = c0S/m: Conductivity [S/m]
# name 5 = c1S/m: Conductivity, 2 [S/m]
# name 6 = sbeox0V: Oxygen raw, SBE 43 [V]
# name 7 = sbeox1V: Oxygen raw, SBE 43, 2 [V]
# name 8 = ph: pH
# name 9 = flECO-AFL: Fluorescence, WET Labs ECO-AFL/FL [mg/m^3]
# name 10 = wetCDOM: Fluorescence, WET Labs CDOM [mg/m^3]
# name 11 = par/sat/log: PAR/Logarithmic, Satlantic [umol photons/m^2/sec]
# name 12 = CStarAt0: Beam Attenuation, WET Labs C-Star [1/m]
# name 13 = CStarTr0: Beam Transmission, WET Labs C-Star [%]
# name 14 = sbeox0ML/L: Oxygen, SBE 43 [ml/l], WS = 2
# name 15 = sbeox1ML/L: Oxygen, SBE 43, 2 [ml/l], WS = 2
# name 16 = sal00: Salinity, Practical [PSU]
# name 17 = sal11: Salinity, Practical, 2 [PSU]
# name 18 = sigma-t00: Density [sigma-t, kg/m^3 ]
# name 19 = sigma-t11: Density, 2 [sigma-t, kg/m^3 ]
# name 20 = oxsatML/L: Oxygen Saturation, Weiss [ml/l]
# name 21 = flag: flag
# span 0 =        320,      11188       
# span 1 =      1.565,     76.546       
# span 2 =     2.9781,     3.5070       
# span 3 =     2.9576,     3.5070       
# span 4 =   2.890321,   2.931961       
# span 5 =   2.890682,   2.932144       
# span 6 =     2.5092,     2.7316       
# span 7 =     2.6509,     2.7006       
# span 8 =      8.165,      8.179       
# span 9 =     0.1583,     0.7736       
# span 10 =     1.9245,     3.5826      
# span 11 = 1.0355e-01, 1.2033e+00      
# span 12 =     0.0945,     0.2075      
# span 13 =    94.9438,    97.6637      
# span 14 =     6.7100,     7.4754      
# span 15 =     7.7090,     7.8858      
# span 16 =    31.1877,    31.9999      
# span 17 =    31.1891,    32.0113      
# span 18 =    24.8030,    25.4915      
# span 19 =    24.8042,    25.5034      
# span 20 =    7.52371,    7.60137      
# span 21 = 0.0000e+00, 0.0000e+00      
# interval = scans: 3                   
# start_time = Dec 01 2019 22:19:55 [System UTC, header]
# bad_flag = -9.990e-29
*END*
[from data line 1976]
       7957     46.279     3.3321     3.3474   2.931575   2.931953     2.7222     2.6896      8.174     0.3145     2.1614 1.0802e-01     0.1024    97.4725     7.4684     7.8317    31.7914    31.7809    25.2960    25.2863    7.54436 0.0000e+00
       7960     46.218     3.3322     3.3480   2.931549   2.931973     2.7218     2.6888      8.174     0.3048     2.1614 1.0802e-01     0.1024    97.4725     7.4668     7.8329    31.7911    31.7806    25.2957    25.2860    7.54436 0.0000e+00
       7963     46.155     3.3320     3.3484   2.931536   2.931941     2.7222     2.6892      8.176     0.3097     2.1614 1.0815e-01     0.1024    97.4725     7.4665     7.8359    31.7911    31.7798    25.2958    25.2853    7.54438 0.0000e+00
       7966     46.095     3.3318     3.3486   2.931535   2.931948     2.7226     2.6892      8.174     0.3194     2.2798 1.0815e-01     0.1024    97.4725     7.4662     7.8367    31.7913    31.7798    25.2959    25.2853    7.54441 0.0000e+00
       7969     46.030     3.3318     3.3490   2.931534   2.931954     2.7218     2.6888      8.174     0.3097     2.2403 1.0815e-01     0.1024    97.4725     7.4630     7.8367    31.7914    31.7795    25.2960    25.2850    7.54442 0.0000e+00
       7972     45.965     3.3318     3.3491   2.931534   2.931969     2.7218     2.6888      8.174     0.3097     2.2798 1.0815e-01     0.1024    97.4725     7.4633     7.8383    31.7914    31.7796    25.2960    25.2851    7.54441 0.0000e+00
       7975     45.904     3.3317     3.3497   2.931524   2.931977     2.7218     2.6892      8.174     0.3145     2.2798 1.0815e-01     0.1024    97.4725     7.4621     7.8428    31.7914    31.7791    25.2960    25.2847    7.54442 0.0000e+00
       7978     45.840     3.3319     3.3504   2.931529   2.931957     2.7218     2.6888      8.174     0.3145     2.2798 1.0802e-01     0.1028    97.4638     7.4609     7.8447    31.7913    31.7783    25.2959    25.2839    7.54440 0.0000e+00
       7981     45.775     3.3321     3.3512   2.931533   2.931970     2.7210     2.6896      8.176     0.3145     2.2798 1.0827e-01     0.1024    97.4725     7.4588     7.8509    31.7912    31.7776    25.2958    25.2833    7.54436 0.0000e+00
       7984     45.714     3.3325     3.3517   2.931525   2.931966     2.7226     2.6896      8.174     0.3097     2.2798 1.0802e-01     0.1028    97.4638     7.4640     7.8519    31.7907    31.7772    25.2954    25.2829    7.54431 0.0000e+00
       7987     45.652     3.3326     3.3523   2.931529   2.931967     2.7218     2.6896      8.174     0.3682     2.2798 1.0815e-01     0.1028    97.4638     7.4605     7.8515    31.7907    31.7766    25.2954    25.2824    7.54430 0.0000e+00
       7990     45.589     3.3324     3.3527   2.931502   2.931952     2.7218     2.6892      8.174     0.4122     2.2009 1.0815e-01     0.1028    97.4638     7.4600     7.8496    31.7905    31.7761    25.2953    25.2820    7.54433 0.0000e+00
       7993     45.524     3.3322     3.3533   2.931498   2.931945     2.7226     2.6888      8.174     0.4073     2.1614 1.0815e-01     0.1031    97.4551     7.4633     7.8450    31.7908    31.7754    25.2955    25.2814    7.54437 0.0000e+00
       7996     45.462     3.3321     3.3544   2.931497   2.931928     2.7222     2.6896      8.174     0.4073     2.1614 1.0827e-01     0.1035    97.4464     7.4615     7.8450    31.7909    31.7742    25.2956    25.2803    7.54438 0.0000e+00
       7999     45.398     3.3323     3.3552   2.931503   2.931914     2.7218     2.6900      8.174     0.4073     2.1614 1.0815e-01     0.1035    97.4464     7.4582     7.8436    31.7908    31.7732    25.2955    25.2795    7.54434 0.0000e+00
       8002     45.335     3.3324     3.3560   2.931491   2.931882     2.7218     2.6900      8.174     0.4024     2.1614 1.0815e-01     0.1035    97.4464     7.4586     7.8408    31.7906    31.7722    25.2954    25.2786    7.54434 0.0000e+00
       8005     45.271     3.3324     3.3563   2.931490   2.931899     2.7218     2.6900      8.174     0.4073     2.1614 1.0815e-01     0.1035    97.4464     7.4572     7.8381    31.7906    31.7720    25.2954    25.2784    7.54434 0.0000e+00
       8008     45.207     3.3326     3.3562   2.931506   2.931910     2.7218     2.6896      8.176     0.4025     2.1614 1.0802e-01     0.1035    97.4464     7.4565     7.8362    31.7906    31.7723    25.2954    25.2787    7.54429 0.0000e+00
       8011     45.143     3.3331     3.3561   2.931501   2.931903     2.7214     2.6896      8.174     0.4073     2.1614 1.0802e-01     0.1035    97.4464     7.4548     7.8356    31.7901    31.7723    25.2949    25.2787    7.54423 0.0000e+00
       8014     45.078     3.3332     3.3563   2.931508   2.931881     2.7210     2.6892      8.174     0.3341     2.1614 1.0802e-01     0.1035    97.4464     7.4529     7.8335    31.7901    31.7719    25.2949    25.2783    7.54420 0.0000e+00
       8017     45.018     3.3336     3.3563   2.931488   2.931901     2.7222     2.6888      8.174     0.3292     2.1614 1.0802e-01     0.1035    97.4464     7.4576     7.8321    31.7895    31.7722    25.2944    25.2786    7.54415 0.0000e+00
       8020     44.954     3.3342     3.3563   2.931507   2.931898     2.7206     2.6892      8.174     0.3292     2.1614 1.0815e-01     0.1038    97.4377     7.4545     7.8322    31.7892    31.7722    25.2941    25.2786    7.54407 0.0000e+00
       8023     44.891     3.3351     3.3570   2.931518   2.931804     2.7210     2.6888      8.174     0.3292     2.1614 1.0815e-01     0.1042    97.4291     7.4573     7.8311    31.7885    31.7705    25.2934    25.2771    7.54393 0.0000e+00
       8026     44.829     3.3362     3.3596   2.931486   2.931692     2.7218     2.6888      8.174     0.3292     2.1614 1.0827e-01     0.1035    97.4464     7.4610     7.8320    31.7871    31.7665    25.2922    25.2738    7.54380 0.0000e+00
       8029     44.768     3.3371     3.3621   2.931530   2.931665     2.7214     2.6888      8.176     0.3341     2.1614 1.0802e-01     0.1042    97.4291     7.4614     7.8332    31.7867    31.7638    25.2918    25.2714    7.54364 0.0000e+00
       8032     44.706     3.3388     3.3646   2.931555   2.931598     2.7210     2.6888      8.174     0.3243     2.1614 1.0802e-01     0.1035    97.4464     7.4608     7.8352    31.7854    31.7606    25.2906    25.2686    7.54339 0.0000e+00
       8035     44.642     3.3403     3.3671   2.931592   2.931519     2.7210     2.6888      8.174     0.3292     2.1614 1.0815e-01     0.1035    97.4464     7.4613     7.8378    31.7844    31.7572    25.2897    25.2657    7.54315 0.0000e+00
       8038     44.577     3.3414     3.3692   2.931607   2.931478     2.7210     2.6892      8.174     0.3243     2.1614 1.0815e-01     0.1024    97.4725     7.4612     7.8429    31.7836    31.7547    25.2889    25.2635    7.54299 0.0000e+00
       8041     44.513     3.3425     3.3712   2.931617   2.931415     2.7218     2.6896      8.174     0.3097     2.1614 1.0802e-01     0.1020    97.4812     7.4637     7.8449    31.7826    31.7520    25.2881    25.2612    7.54283 0.0000e+00
       8044     44.450     3.3435     3.3724   2.931591   2.931419     2.7218     2.6888      8.174     0.3097     2.1614 1.0815e-01     0.1024    97.4725     7.4649     7.8432    31.7813    31.7510    25.2870    25.2602    7.54270 0.0000e+00
       8047     44.385     3.3442     3.3731   2.931619   2.931392     2.7222     2.6888      8.174     0.3194     2.1614 1.0815e-01     0.1024    97.4725     7.4642     7.8453    31.7810    31.7500    25.2866    25.2594    7.54258 0.0000e+00
       8050     44.322     3.3445     3.3735   2.931605   2.931374     2.7218     2.6888      8.174     0.3145     2.1614 1.0827e-01     0.1024    97.4725     7.4631     7.8463    31.7806    31.7494    25.2863    25.2589    7.54255 0.0000e+00
       8053     44.254     3.3453     3.3738   2.931618   2.931389     2.7226     2.6888      8.176     0.3048     2.1614 1.0815e-01     0.1024    97.4725     7.4654     7.8469    31.7800    31.7493    25.2857    25.2588    7.54243 0.0000e+00
       8056     44.196     3.3462     3.3741   2.931606   2.931385     2.7218     2.6892      8.174     0.3194     2.1614 1.0815e-01     0.1042    97.4291     7.4617     7.8485    31.7790    31.7490    25.2849    25.2585    7.54231 0.0000e+00
       8059     44.132     3.3468     3.3746   2.931614   2.931360     2.7218     2.6896      8.174     0.3194     2.1614 1.0790e-01     0.1045    97.4204     7.4583     7.8496    31.7786    31.7483    25.2845    25.2579    7.54223 0.0000e+00
       8062     44.068     3.3462     3.3758   2.931594   2.931329     2.7226     2.6900      8.174     0.3097     2.1614 1.0815e-01     0.1045    97.4204     7.4590     7.8503    31.7789    31.7467    25.2848    25.2566    7.54231 0.0000e+00
       8065     44.003     3.3455     3.3768   2.931587   2.931301     2.7214     2.6892      8.174     0.3145     2.1614 1.0827e-01     0.1045    97.4204     7.4538     7.8478    31.7796    31.7455    25.2854    25.2555    7.54241 0.0000e+00
       8068     43.940     3.3448     3.3777   2.931587   2.931297     2.7226     2.6900      8.174     0.3145     2.1219 1.0802e-01     0.1045    97.4204     7.4575     7.8524    31.7803    31.7445    25.2860    25.2546    7.54250 0.0000e+00
       8071     43.875     3.3440     3.3778   2.931563   2.931290     2.7218     2.6900      8.174     0.3097     2.0429 1.0815e-01     0.1045    97.4204     7.4550     7.8539    31.7808    31.7444    25.2866    25.2545    7.54264 0.0000e+00
       8074     43.811     3.3443     3.3780   2.931559   2.931288     2.7218     2.6900      8.174     0.3194     2.0429 1.0815e-01     0.1049    97.4117     7.4550     7.8547    31.7805    31.7442    25.2863    25.2544    7.54260 0.0000e+00
       8077     43.748     3.3451     3.3788   2.931553   2.931315     2.7222     2.6900      8.174     0.3097     2.0429 1.0802e-01     0.1038    97.4377     7.4560     7.8545    31.7797    31.7438    25.2855    25.2540    7.54248 0.0000e+00
       8080     43.682     3.3454     3.3797   2.931552   2.931320     2.7214     2.6900      8.174     0.3145     2.0429 1.0802e-01     0.1035    97.4464     7.4544     7.8538    31.7794    31.7431    25.2853    25.2533    7.54245 0.0000e+00
       8083     43.617     3.3455     3.3801   2.931565   2.931315     2.7206     2.6900      8.174     0.3048     2.0429 1.0815e-01     0.1035    97.4464     7.4514     7.8532    31.7795    31.7426    25.2854    25.2529    7.54242 0.0000e+00
       8086     43.555     3.3456     3.3803   2.931549   2.931293     2.7218     2.6900      8.174     0.3145     2.0429 1.0802e-01     0.1045    97.4204     7.4561     7.8541    31.7792    31.7422    25.2851    25.2525    7.54241 0.0000e+00
       8089     43.492     3.3461     3.3804   2.931528   2.931312     2.7214     2.6900      8.174     0.3194     2.0429 1.0827e-01     0.1042    97.4291     7.4558     7.8540    31.7786    31.7423    25.2845    25.2526    7.54236 0.0000e+00
       8092     43.429     3.3482     3.3805   2.931417   2.931320     2.7218     2.6908      8.176     0.3292     2.0429 1.0815e-01     0.1035    97.4464     7.4585     7.8555    31.7752    31.7424    25.2817    25.2527    7.54213 0.0000e+00
       8095     43.368     3.3502     3.3807   2.931406   2.931306     2.7218     2.6912      8.174     0.3487     2.1614 1.0815e-01     0.1045    97.4204     7.4591     7.8565    31.7732    31.7420    25.2799    25.2524    7.54186 0.0000e+00
       8098     43.307     3.3529     3.3807   2.931398   2.931293     2.7214     2.6912      8.174     0.3487     2.2798 1.0802e-01     0.1063    97.3769     7.4578     7.8547    31.7704    31.7419    25.2775    25.2523    7.54148 0.0000e+00
       8101     43.244     3.3544     3.3808   2.931407   2.931325     2.7218     2.6912      8.174     0.3438     2.2798 1.0802e-01     0.1067    97.3682     7.4598     7.8537    31.7691    31.7423    25.2763    25.2526    7.54127 0.0000e+00
       8104     43.179     3.3554     3.3809   2.931391   2.931295     2.7218     2.6912      8.174     0.3438     2.2798 1.0802e-01     0.1067    97.3682     7.4604     7.8522    31.7679    31.7418    25.2753    25.2522    7.54113 0.0000e+00
       8107     43.114     3.3563     3.3808   2.931407   2.931289     2.7218     2.6912      8.174     0.3487     2.2798 1.0815e-01     0.1067    97.3682     7.4605     7.8503    31.7673    31.7419    25.2747    25.2522    7.54100 0.0000e+00
       8110     43.050     3.3570     3.3807   2.931386   2.931303     2.7218     2.6912      8.174     0.3438     2.2798 1.0815e-01     0.1067    97.3682     7.4606     7.8481    31.7664    31.7421    25.2739    25.2525    7.54091 0.0000e+00
       8113     42.986     3.3574     3.3810   2.931353   2.931295     2.7218     2.6912      8.174     0.3487     2.2798 1.0802e-01     0.1067    97.3682     7.4614     7.8453    31.7656    31.7418    25.2733    25.2522    7.54087 0.0000e+00
       8116     42.923     3.3581     3.3812   2.931348   2.931290     2.7230     2.6912      8.174     0.3390     2.2798 1.0802e-01     0.1067    97.3682     7.4661     7.8426    31.7649    31.7416    25.2726    25.2520    7.54077 0.0000e+00
       8119     42.859     3.3591     3.3814   2.931343   2.931261     2.7218     2.6912      8.174     0.3341     2.2798 1.0815e-01     0.1060    97.3856     7.4626     7.8422    31.7639    31.7411    25.2717    25.2516    7.54063 0.0000e+00
       8122     42.797     3.3592     3.3817   2.931360   2.931283     2.7218     2.6908      8.174     0.3292     2.2798 1.0827e-01     0.1063    97.3769     7.4628     7.8416    31.7640    31.7411    25.2718    25.2515    7.54061 0.0000e+00
       8125     42.733     3.3575     3.3818   2.931340   2.931276     2.7222     2.6912      8.174     0.3341     2.2798 1.0815e-01     0.1056    97.3943     7.4619     7.8457    31.7655    31.7410    25.2731    25.2514    7.54086 0.0000e+00
       8128     42.668     3.3577     3.3818   2.931269   2.931281     2.7222     2.6912      8.174     0.3292     2.2798 1.0815e-01     0.1060    97.3856     7.4618     7.8468    31.7645    31.7410    25.2723    25.2515    7.54087 0.0000e+00
       8131     42.605     3.3589     3.3818   2.931234   2.931273     2.7230     2.6912      8.174     0.3292     2.2798 1.0790e-01     0.1063    97.3769     7.4638     7.8489    31.7629    31.7409    25.2710    25.2514    7.54072 0.0000e+00
       8134     42.543     3.3594     3.3818   2.931232   2.931271     2.7230     2.6912      8.174     0.3292     2.2798 1.0802e-01     0.1060    97.3856     7.4640     7.8507    31.7625    31.7409    25.2706    25.2514    7.54066 0.0000e+00
       8137     42.480     3.3596     3.3820   2.931235   2.931251     2.7230     2.6912      8.174     0.3292     2.2798 1.0815e-01     0.1060    97.3856     7.4625     7.8529    31.7623    31.7406    25.2704    25.2511    7.54062 0.0000e+00
       8140     42.416     3.3608     3.3820   2.931215   2.931286     2.7234     2.6912      8.174     0.3292     2.2403 1.0802e-01     0.1056    97.3943     7.4624     7.8546    31.7609    31.7410    25.2692    25.2515    7.54046 0.0000e+00
       8143     42.353     3.3609     3.3819   2.931253   2.931274     2.7230     2.6912      8.174     0.3341     2.2798 1.0802e-01     0.1056    97.3943     7.4600     7.8559    31.7613    31.7409    25.2695    25.2514    7.54043 0.0000e+00
       8146     42.289     3.3600     3.3821   2.931248   2.931256     2.7230     2.6916      8.176     0.3243     2.2403 1.0815e-01     0.1056    97.3943     7.4592     7.8575    31.7621    31.7406    25.2702    25.2511    7.54055 0.0000e+00
       8149     42.224     3.3616     3.3822   2.931228   2.931238     2.7218     2.6925      8.174     0.3341     2.1614 1.0815e-01     0.1056    97.3943     7.4531     7.8604    31.7605    31.7403    25.2687    25.2509    7.54034 0.0000e+00
