Datasets/AZMP/COO001/79001116.cnv
* Sea-Bird SBE 9 Data File:
* FileName = C:\CTDDATA\79001116.hex
* Software Version Seasave V 7.26.7.110
* Temperature SN = 5660
* Conductivity SN = 3698
* Number of Bytes Per Scan = 30
* Number of Voltage Words = 4
* Number of Scans Averaged by the Deck Unit = 1
* NMEA baud rate = 9600
** VESSEL/TRIP/SEQ STN:  79001116
** LATITUDE XX XX.XX N:  47 00.00 N
** LONGITUDE XX XX.XX W:  48 07.00 W
** SOUNDING DEPTH (M):  0135
** PROBE TYPE: S1257
** CTD NUMBER: 076
** COMMENTS (14 CHAR): FC-12
** BOTTLES:  19
** LEVELS: 5,5,5,5,10,20,20,20,20,30,40,50,50,50,75,100,100,100,BTM
** STICKERS: 435557 - 435575
** VNET: Y
** DO2: N
# nquan = 22
# nvalues = 3873                        
# units = specified
# name 0 = scan: Scan Count
# name 1 = prDM: Pressure, Digiquartz [db]
# name 2 = t090C: Temperature [ITS-90, deg C]
# name 3 = t190C: Temperature, 2 [ITS-90, deg C]
# name 4 = c0S/m: Conductivity [S/m]
# name 5 = c1S/m: Conductivity, 2 [S/m]
# name 6 = sbeox0V: Oxygen raw, SBE 43 [V]
# name 7 = sbeox1V: Oxygen raw, SBE 43, 2 [V]
# name 8 = ph: pH
# name 9 = flECO-AFL: Fluorescence, WET Labs ECO-AFL/FL [mg/m^3]
# name 10 = wetCDOM: Fluorescence, WET Labs CDOM [mg/m^3]
# name 11 = par/sat/log: PAR/Logarithmic, Satlantic [umol photons/m^2/sec]
# name 12 = CStarAt0: Beam Attenuation, WET Labs C-Star [1/m]
# name 13 = CStarTr0: Beam Transmission, WET Labs C-Star [%]
# name 14 = sbeox0ML/L: Oxygen, SBE 43 [ml/l], WS = 2
# name 15 = sbeox1ML/L: Oxygen, SBE 43, 2 [ml/l], WS = 2
# name 16 = sal00: Salinity, Practical [PSU]
# name 17 = sal11: Salinity, Practical, 2 [PSU]
# name 18 = sigma-t00: Density [sigma-t, kg/m^3 ]
# name 19 = sigma-t11: Density, 2 [sigma-t, kg/m^3 ]
# name 20 = oxsatML/L: Oxygen Saturation, Weiss [ml/l]
# name 21 = flag: flag
# span 0 =         23,      51594       
# span 1 =      1.107,    130.555       
# span 2 =    -0.7244,     3.6295       
# span 3 =    -0.7280,     3.6467       
# span 4 =   2.692392,   3.005613       
# span 5 =   2.692745,   3.006970       
# span 6 =     2.3958,     2.7763       
# span 7 =     2.3683,     2.7485       
# span 8 =      8.032,      8.154       
# span 9 =     0.0117,     1.0325       
# span 10 =    -0.7206,     2.0429      
# span 11 = 1.0703e-01, 1.0720e+00      
# span 12 =     0.0535,     0.1282      
# span 13 =    96.8469,    98.6717      
# span 14 =     6.3167,     8.0067      
# span 15 =     7.3065,     8.1877      
# span 16 =    32.3956,    33.4187      
# span 17 =    32.3986,    33.3995      
# span 18 =    25.7523,    26.8356      
# span 19 =    25.7516,    26.8204      
# span 20 =    7.45800,    8.31902      
# span 21 = 0.0000e+00, 0.0000e+00      
# interval = scans: 3                   
# start_time = Dec 07 2019 00:21:46 [System UTC, header]
# bad_flag = -9.990e-29
*END*
[from data line 461]
       2363     37.308     3.5393     3.5376   3.000914   3.001102     2.7607     2.7306      8.148     0.7297     1.5692 1.0790e-01     0.1103    97.2813     7.4960     7.8978    32.4202    32.4241    25.7782    25.7814    7.47403 0.0000e+00
       2366     37.385     3.5371     3.5352   3.000707   3.000853     2.7603     2.7310      8.145     0.7346     1.5692 1.0790e-01     0.1099    97.2900     7.4960     7.8995    32.4198    32.4234    25.7781    25.7812    7.47445 0.0000e+00
       2369     37.461     3.5336     3.5291   3.000307   3.000484     2.7599     2.7306      8.145     0.7394     1.5692 1.0790e-01     0.1099    97.2900     7.4952     7.8995    32.4185    32.4251    25.7773    25.7831    7.47517 0.0000e+00
       2372     37.536     3.5281     3.5261   2.999950   3.000447     2.7607     2.7302      8.145     0.7394     1.5692 1.0790e-01     0.1099    97.2900     7.4998     7.8993    32.4197    32.4276    25.7788    25.7853    7.47614 0.0000e+00
       2375     37.614     3.5240     3.5256   2.999800   3.000339     2.7591     2.7302      8.145     0.7150     1.4507 1.0790e-01     0.1099    97.2900     7.4962     7.9033    32.4219    32.4268    25.7809    25.7847    7.47679 0.0000e+00
       2378     37.687     3.5216     3.5194   2.999801   2.999909     2.7595     2.7302      8.145     0.6808     1.4507 1.0790e-01     0.1099    97.2900     7.4995     7.9090    32.4243    32.4277    25.7831    25.7860    7.47712 0.0000e+00
       2381     37.760     3.5204     3.5154   2.999788   2.999756     2.7595     2.7302      8.145     0.6760     1.4507 1.0790e-01     0.1099    97.2900     7.5007     7.9142    32.4253    32.4299    25.7840    25.7881    7.47730 0.0000e+00
       2384     37.836     3.5186     3.5146   2.999613   2.999732     2.7599     2.7302      8.145     0.6760     1.4507 1.0790e-01     0.1095    97.2987     7.5036     7.9164    32.4249    32.4304    25.7839    25.7885    7.47764 0.0000e+00
       2387     37.911     3.5173     3.5131   2.999599   2.999655     2.7595     2.7302      8.145     0.6760     1.4507 1.0790e-01     0.1085    97.3248     7.5045     7.9192    32.4261    32.4309    25.7849    25.7891    7.47783 0.0000e+00
       2390     37.981     3.5165     3.5124   2.999616   2.999590     2.7599     2.7302      8.145     0.6760     1.4507 1.0790e-01     0.1081    97.3335     7.5076     7.9209    32.4270    32.4308    25.7857    25.7891    7.47793 0.0000e+00
       2393     38.051     3.5167     3.5112   2.999650   2.999507     2.7591     2.7302      8.145     0.6760     1.4507 1.0790e-01     0.1078    97.3422     7.5062     7.9256    32.4271    32.4310    25.7858    25.7894    7.47788 0.0000e+00
       2396     38.118     3.5170     3.5114   2.999709   2.999544     2.7595     2.7306      8.145     0.6857     1.4507 1.0790e-01     0.1085    97.3248     7.5089     7.9282    32.4276    32.4312    25.7861    25.7895    7.47781 0.0000e+00
       2399     38.184     3.5173     3.5095   2.999674   2.999375     2.7595     2.7314      8.145     0.6760     1.4507 1.0790e-01     0.1085    97.3248     7.5103     7.9310    32.4268    32.4310    25.7855    25.7895    7.47779 0.0000e+00
       2402     38.248     3.5151     3.5060   2.999249   2.999071     2.7595     2.7314      8.145     0.6174     1.5692 1.0790e-01     0.1085    97.3248     7.5115     7.9310    32.4239    32.4308    25.7834    25.7897    7.47835 0.0000e+00
       2405     38.314     3.5090     3.4990   2.998711   2.998664     2.7595     2.7314      8.145     0.5978     1.5692 1.0790e-01     0.1078    97.3422     7.5127     7.9330    32.4235    32.4330    25.7836    25.7921    7.47950 0.0000e+00
       2408     38.374     3.5042     3.4905   2.998647   2.998137     2.7583     2.7314      8.145     0.5832     1.5692 1.0790e-01     0.1067    97.3682     7.5095     7.9332    32.4275    32.4351    25.7872    25.7945    7.48020 0.0000e+00
       2411     38.434     3.5026     3.4817   2.998623   2.997412     2.7595     2.7314      8.145     0.5929     1.5692 1.0790e-01     0.1067    97.3682     7.5142     7.9328    32.4289    32.4351    25.7884    25.7954    7.48044 0.0000e+00
       2414     38.492     3.5009     3.4655   2.998494   2.996463     2.7599     2.7314      8.145     0.5978     1.5692 1.0790e-01     0.1067    97.3682     7.5173     7.9337    32.4289    32.4400    25.7887    25.8008    7.48075 0.0000e+00
       2417     38.547     3.4975     3.4547   2.998090   2.995886     2.7599     2.7322      8.145     0.5929     1.5692 1.0790e-01     0.1067    97.3682     7.5182     7.9368    32.4274    32.4439    25.7878    25.8048    7.48145 0.0000e+00
       2420     38.603     3.4927     3.4421   2.998001   2.995295     2.7599     2.7314      8.145     0.5978     1.5692 1.0790e-01     0.1067    97.3682     7.5195     7.9329    32.4311    32.4494    25.7912    25.8103    7.48216 0.0000e+00
       2423     38.656     3.4895     3.4338   2.997750   2.994894     2.7595     2.7314      8.145     0.5832     1.5692 1.0790e-01     0.1067    97.3682     7.5189     7.9348    32.4314    32.4528    25.7916    25.8138    7.48276 0.0000e+00
       2426     38.705     3.4794     3.4283   2.997159   2.994710     2.7603     2.7314      8.145     0.5929     1.6087 1.0790e-01     0.1081    97.3335     7.5235     7.9365    32.4343    32.4561    25.7949    25.8170    7.48448 0.0000e+00
       2429     38.747     3.4686     3.4247   2.996886   2.994529     2.7595     2.7322      8.145     0.6222     1.6876 1.0790e-01     0.1085    97.3248     7.5232     7.9405    32.4418    32.4575    25.8019    25.8184    7.48613 0.0000e+00
       2432     38.788     3.4669     3.4189   2.997258   2.994299     2.7595     2.7314      8.145     0.6174     1.6876 1.0790e-01     0.1081    97.3335     7.5251     7.9379    32.4479    32.4606    25.8069    25.8214    7.48614 0.0000e+00
       2435     38.827     3.4714     3.4117   2.997973   2.994175     2.7599     2.7314      8.145     0.6222     1.6876 1.0790e-01     0.1088    97.3161     7.5258     7.9375    32.4519    32.4662    25.8097    25.8265    7.48510 0.0000e+00
       2438     38.857     3.4848     3.4079   2.998918   2.993923     2.7603     2.7318      8.145     0.6222     1.6876 1.0790e-01     0.1081    97.3335     7.5264     7.9380    32.4498    32.4670    25.8068    25.8275    7.48270 0.0000e+00
       2441     38.889     3.4971     3.4063   2.999518   2.994055     2.7595     2.7318      8.145     0.6174     1.6876 1.0790e-01     0.1081    97.3335     7.5235     7.9377    32.4448    32.4702    25.8016    25.8301    7.48067 0.0000e+00
       2460     38.949     3.5125     3.4252   3.000235   2.994767     2.7607     2.7310      8.145     0.6320     1.5297 1.0790e-01     0.1095    97.2987     7.5109     7.9125    32.4379    32.4597    25.7948    25.8201    7.47814 0.0000e+00
       2494     39.039     3.5264     3.4559   3.000542   2.996029     2.7595     2.7302      8.145     0.6418     1.2139 1.0790e-01     0.1120    97.2379     7.4708     7.8632    32.4277    32.4441    25.7853    25.8048    7.47606 0.0000e+00
       2497     39.066     3.5281     3.4561   3.000466   2.996240     2.7591     2.7290      8.145     0.6564     1.2139 1.0790e-01     0.1120    97.2379     7.4642     7.8544    32.4250    32.4464    25.7831    25.8067    7.47587 0.0000e+00
       2500     39.097     3.5278     3.4618   3.000307   2.996829     2.7571     2.7286      8.145     0.6515     1.2139 1.0790e-01     0.1124    97.2292     7.4551     7.8478    32.4234    32.4478    25.7818    25.8073    7.47601 0.0000e+00
       2503     39.135     3.5258     3.4791   3.000116   2.997911     2.7562     2.7277      8.145     0.6515     1.1744 1.0790e-01     0.1120    97.2379     7.4512     7.8394    32.4231    32.4434    25.7817    25.8022    7.47639 0.0000e+00
       2506     39.178     3.5223     3.4959   2.999591   2.998927     2.7558     2.7265      8.147     0.6613     1.0954 1.0790e-01     0.1117    97.2466     7.4499     7.8329    32.4203    32.4387    25.7798    25.7969    7.47718 0.0000e+00
       2509     39.226     3.5139     3.5162   2.998927   3.000127     2.7558     2.7261      8.147     0.6613     1.0954 1.0790e-01     0.1106    97.2727     7.4523     7.8281    32.4207    32.4327    25.7809    25.7903    7.47873 0.0000e+00
       2512     39.282     3.5078     3.5260   2.998905   3.000484     2.7550     2.7257      8.145     0.6662     1.0954 1.0790e-01     0.1103    97.2813     7.4531     7.8279    32.4265    32.4272    25.7861    25.7850    7.47958 0.0000e+00
       2515     39.343     3.5044     3.5272   2.998659   3.000546     2.7546     2.7253      8.145     0.6662     1.0954 1.0790e-01     0.1099    97.2900     7.4560     7.8307    32.4270    32.4267    25.7868    25.7845    7.48020 0.0000e+00
       2518     39.408     3.4991     3.5281   2.998292   3.000614     2.7530     2.7253      8.145     0.6711     1.0954 1.0790e-01     0.1110    97.2640     7.4552     7.8333    32.4278    32.4266    25.7879    25.7843    7.48114 0.0000e+00
       2521     39.479     3.5002     3.5288   2.999107   3.000657     2.7530     2.7253      8.145     0.6662     1.0954 1.0790e-01     0.1103    97.2813     7.4580     7.8367    32.4364    32.4264    25.7947    25.7841    7.48050 0.0000e+00
       2524     39.554     3.5073     3.5293   2.999780   3.000736     2.7522     2.7241      8.145     0.6613     1.0954 1.0790e-01     0.1110    97.2640     7.4566     7.8356    32.4373    32.4268    25.7948    25.7844    7.47914 0.0000e+00
       2527     39.634     3.5133     3.5269   2.999626   3.000459     2.7522     2.7241      8.145     0.6711     1.0559 1.0790e-01     0.1081    97.3335     7.4578     7.8376    32.4294    32.4258    25.7879    25.7838    7.47840 0.0000e+00
       2530     39.718     3.5053     3.5251   2.998022   3.000537     2.7510     2.7241      8.145     0.6662     1.0559 1.0790e-01     0.1067    97.3682     7.4579     7.8388    32.4182    32.4285    25.7797    25.7861    7.48045 0.0000e+00
       2533     39.803     3.4812     3.5276   2.995670   3.000697     2.7522     2.7228      8.145     0.5880     0.8191 1.0790e-01     0.1067    97.3682     7.4684     7.8339    32.4142    32.4279    25.7787    25.7854    7.48517 0.0000e+00
       2536     39.895     3.4713     3.5240   2.996999   3.000284     2.7506     2.7228      8.145     0.5734     0.8586 1.0790e-01     0.1067    97.3682     7.4654     7.8351    32.4398    32.4266    25.8001    25.7846    7.48572 0.0000e+00
       2539     39.990     3.4670     3.5170   2.995006   2.999883     2.7510     2.7220      8.145     0.5685     0.8586 1.0790e-01     0.1067    97.3682     7.4710     7.8338    32.4203    32.4287    25.7849    25.7870    7.48751 0.0000e+00
       2542     40.087     3.4134     3.5176   2.988480   2.999626     2.7506     2.7216      8.145     0.5734     0.8586 1.0790e-01     0.1060    97.3856     7.4841     7.8340    32.3956    32.4250    25.7701    25.7840    7.49876 0.0000e+00
       2545     40.190     3.3541     3.4700   2.985833   2.995624     2.7497     2.7216      8.145     0.5685     0.8586 1.0790e-01     0.1067    97.3682     7.4931     7.8455    32.4232    32.4245    25.7974    25.7880    7.50851 0.0000e+00
       2548     40.296     3.3129     3.3822   2.984889   2.989667     2.7497     2.7212      8.146     0.5685     0.8586 1.0790e-01     0.1010    97.5073     7.5013     7.8648    32.4531    32.4410    25.8250    25.8091    7.51475 0.0000e+00
       2551     40.403     3.2877     3.3062   2.984539   2.986187     2.7497     2.7204      8.146     0.5685     0.8586 1.0790e-01     0.1003    97.5247     7.5073     7.8789    32.4741    32.4754    25.8439    25.8433    7.51844 0.0000e+00
       2554     40.512     3.2737     3.2744   2.984347   2.985096     2.7497     2.7204      8.146     0.5734     0.8586 1.0790e-01     0.1010    97.5073     7.5116     7.8892    32.4858    32.4940    25.8545    25.8610    7.52049 0.0000e+00
       2557     40.621     3.2649     3.2610   2.984254   2.984719     2.7485     2.7200      8.146     0.5685     0.5822 1.0790e-01     0.1006    97.5160     7.5112     7.8938    32.4934    32.5029    25.8614    25.8693    7.52175 0.0000e+00
       2560     40.732     3.2575     3.2517   2.984311   2.984607     2.7485     2.7200      8.146     0.5441     0.3453 1.0790e-01     0.1010    97.5073     7.5157     7.8977    32.5015    32.5109    25.8684    25.8765    7.52275 0.0000e+00
       2563     40.842     3.2495     3.2416   2.984277   2.984541     2.7485     2.7196      8.143     0.5392     0.3848 1.0790e-01     0.1010    97.5073     7.5182     7.9029    32.5091    32.5202    25.8752    25.8848    7.52388 0.0000e+00
       2566     40.951     3.2410     3.2312   2.983943   2.984055     2.7489     2.7192      8.144     0.5441     0.3848 1.0790e-01     0.1013    97.4986     7.5230     7.9061    32.5135    32.5247    25.8795    25.8894    7.52525 0.0000e+00
       2569     41.063     3.2309     3.2183   2.983432   2.983590     2.7485     2.7192      8.144     0.5392     0.3453 1.0790e-01     0.1003    97.5247     7.5256     7.9110    32.5175    32.5321    25.8835    25.8963    7.52696 0.0000e+00
       2572     41.169     3.2211     3.2080   2.983200   2.983339     2.7481     2.7192      8.146     0.5441     0.3848 1.0790e-01     0.1003    97.5247     7.5279     7.9178    32.5245    32.5394    25.8900    25.9030    7.52846 0.0000e+00
       2575     41.274     3.2132     3.2026   2.983087   2.983149     2.7489     2.7192      8.143     0.5392     0.3848 1.0790e-01     0.1003    97.5247     7.5341     7.9230    32.5310    32.5425    25.8960    25.9060    7.52963 0.0000e+00
       2578     41.375     3.2073     3.1968   2.982851   2.982906     2.7485     2.7192      8.144     0.5295     0.3848 1.0790e-01     0.1003    97.5247     7.5345     7.9272    32.5341    32.5453    25.8989    25.9088    7.53059 0.0000e+00
       2581     41.477     3.2018     3.1917   2.982691   2.982788     2.7493     2.7184      8.141     0.5392     0.3848 1.0790e-01     0.1003    97.5247     7.5395     7.9300    32.5376    32.5490    25.9022    25.9122    7.53144 0.0000e+00
       2584     41.573     3.1969     3.1860   2.982557   2.982545     2.7485     2.7188      8.141     0.5490     0.3848 1.0790e-01     0.1003    97.5247     7.5378     7.9383    32.5409    32.5517    25.9053    25.9148    7.53220 0.0000e+00
       2587     41.668     3.1921     3.1797   2.982418   2.982280     2.7485     2.7188      8.141     0.5392     0.3848 1.0790e-01     0.0989    97.5594     7.5375     7.9445    32.5439    32.5548    25.9081    25.9179    7.53295 0.0000e+00
       2590     41.759     3.1870     3.1726   2.982188   2.982051     2.7485     2.7188      8.143     0.5490     0.3848 1.0790e-01     0.0971    97.6029     7.5380     7.9518    32.5463    32.5592    25.9104    25.9220    7.53379 0.0000e+00
       2593     41.847     3.1816     3.1641   2.982028   2.981625     2.7489     2.7188      8.141     0.5392     0.3059 1.0790e-01     0.0971    97.6029     7.5411     7.9591    32.5498    32.5626    25.9137    25.9254    7.53465 0.0000e+00
       2596     41.931     3.1760     3.1554   2.981779   2.981150     2.7493     2.7192      8.143     0.5343     0.3848 1.0790e-01     0.0967    97.6116     7.5429     7.9679    32.5523    32.5656    25.9162    25.9286    7.53557 0.0000e+00
       2599     42.010     3.1702     3.1452   2.981509   2.980734     2.7489     2.7192      8.143     0.5392     0.3848 1.0790e-01     0.0971    97.6029     7.5415     7.9741    32.5549    32.5707    25.9188    25.9336    7.53654 0.0000e+00
       2602     42.088     3.1644     3.1370   2.981151   2.980403     2.7481     2.7192      8.144     0.5295     0.3848 1.0790e-01     0.0971    97.6029     7.5397     7.9787    32.5565    32.5750    25.9205    25.9377    7.53757 0.0000e+00
