Datasets/AZMP/COO001/79001025.cnv
* Sea-Bird SBE 9 Data File:
* FileName = C:\CTDDATA\79001025.hex
* Software Version Seasave V 7.26.7.110
* Temperature SN = 5660
* Conductivity SN = 3698
* Number of Bytes Per Scan = 30
* Number of Voltage Words = 4
* Number of Scans Averaged by the Deck Unit = 1
* NMEA baud rate = 9600
** VESSEL/TRIP/SEQ STN:  79001025
** LATITUDE XX XX.XX N:  45 27.50 N
** LONGITUDE XX XX.XX W:  52 00.00 W
** SOUNDING DEPTH (M):  0083
** PROBE TYPE: S1257
** CTD NUMBER: 012
** COMMENTS (14 CHAR): SEGB-07
** BOTTLES:  11
** LEVELS: 5,5,10,20,20,30,40,50,50,BTM,BTM
** STICKERS: 434745 - 434755
** VNET: Y
** DO2: N
# nquan = 22
# nvalues = 2164                        
# units = specified
# name 0 = scan: Scan Count
# name 1 = prDM: Pressure, Digiquartz [db]
# name 2 = t090C: Temperature [ITS-90, deg C]
# name 3 = t190C: Temperature, 2 [ITS-90, deg C]
# name 4 = c0S/m: Conductivity [S/m]
# name 5 = c1S/m: Conductivity, 2 [S/m]
# name 6 = sbeox0V: Oxygen raw, SBE 43 [V]
# name 7 = sbeox1V: Oxygen raw, SBE 43, 2 [V]
# name 8 = ph: pH
# name 9 = flECO-AFL: Fluorescence, WET Labs ECO-AFL/FL [mg/m^3]
# name 10 = wetCDOM: Fluorescence, WET Labs CDOM [mg/m^3]
# name 11 = par/sat/log: PAR/Logarithmic, Satlantic [umol photons/m^2/sec]
# name 12 = CStarAt0: Beam Attenuation, WET Labs C-Star [1/m]
# name 13 = CStarTr0: Beam Transmission, WET Labs C-Star [%]
# name 14 = sbeox0ML/L: Oxygen, SBE 43 [ml/l], WS = 2
# name 15 = sbeox1ML/L: Oxygen, SBE 43, 2 [ml/l], WS = 2
# name 16 = sal00: Salinity, Practical [PSU]
# name 17 = sal11: Salinity, Practical, 2 [PSU]
# name 18 = sigma-t00: Density [sigma-t, kg/m^3 ]
# name 19 = sigma-t11: Density, 2 [sigma-t, kg/m^3 ]
# name 20 = oxsatML/L: Oxygen Saturation, Weiss [ml/l]
# name 21 = flag: flag
# span 0 =         23,      28168       
# span 1 =      0.683,     77.270       
# span 2 =    -0.2139,     6.9926       
# span 3 =    -0.2142,     6.9930       
# span 4 =   2.713293,   3.274853       
# span 5 =   2.712349,   3.275024       
# span 6 =     2.6381,     2.9930       
# span 7 =     2.4860,     2.7524       
# span 8 =      8.019,      8.183       
# span 9 =     0.1241,     1.1985       
# span 10 =     1.0954,     2.2798      
# span 11 = 1.0666e-01, 1.3431e+00      
# span 12 =     0.1131,     0.2606      
# span 13 =    93.6925,    97.2118      
# span 14 =     6.0496,    10.2048      
# span 15 =     5.1819,     7.7915      
# span 16 =    31.0992,    33.4674      
# span 17 =    29.7615,    33.2254      
# span 18 =    24.7981,    26.8137      
# span 19 =    23.2969,    26.5803      
# span 20 =    6.88570,    8.21918      
# span 21 = 0.0000e+00, 0.0000e+00      
# interval = scans: 3                   
# start_time = Nov 23 2019 23:35:51 [System UTC, header]
# bad_flag = -9.990e-29
*END*
[from data line 593]
       2252     43.779     6.9097     6.7129   3.270277   3.254153     2.9467     2.7326      8.175     0.4953     1.5692 1.0790e-01     0.1174    97.1075     7.4276     6.1982    32.2326    32.2409    25.2513    25.2836    6.89838 0.0000e+00
       2255     43.815     6.9174     6.6971   3.270872   3.253977     2.9455     2.7334      8.176     0.4855     1.5692 1.0790e-01     0.1185    97.0815     7.4197     6.2013    32.2319    32.2538    25.2497    25.2958    6.89718 0.0000e+00
       2258     43.846     6.9261     6.6944   3.271897   3.253557     2.9467     2.7334      8.175     0.4855     1.5692 1.0790e-01     0.1196    97.0554     7.4159     6.1991    32.2349    32.2517    25.2510    25.2945    6.89564 0.0000e+00
       2261     43.875     6.9348     6.6909   3.272330   3.252119     2.9459     2.7334      8.178     0.4708     1.5692 1.0790e-01     0.1196    97.0554     7.4022     6.1954    32.2315    32.2392    25.2471    25.2851    6.89439 0.0000e+00
       2264     43.904     6.9421     6.6686   3.272618   3.250875     2.9434     2.7330      8.175     0.4659     1.5692 1.0790e-01     0.1196    97.0554     7.3775     6.1895    32.2277    32.2465    25.2432    25.2936    6.89338 0.0000e+00
       2267     43.929     6.9466     6.6580   3.272700   3.250600     2.9418     2.7330      8.176     0.4708     1.5692 1.0790e-01     0.1196    97.0554     7.3495     6.1783    32.2245    32.2534    25.2400    25.3005    6.89281 0.0000e+00
       2273     43.973     6.9502     6.6472   3.272806   3.250939     2.9386     2.7326      8.175     0.4659     1.5692 1.0790e-01     0.1174    97.1075     7.2499     6.1226    32.2222    32.2674    25.2378    25.3129    6.89233 0.0000e+00
       2283     44.039     6.9533     6.6408   3.272813   3.250696     2.9320     2.7298      8.175     0.4659     1.5297 1.0790e-01     0.1135    97.2031     7.0505     5.9989    32.2194    32.2706    25.2352    25.3163    6.89196 0.0000e+00
       2286     44.061     6.9529     6.6443   3.272802   3.249985     2.9255     2.7277      8.175     0.4415     1.4507 1.0790e-01     0.1131    97.2118     6.9544     5.9343    32.2196    32.2595    25.2354    25.3071    6.89201 0.0000e+00
       2290     44.087     6.9526     6.6230   3.272771   3.247327     2.9158     2.7225      8.175     0.4415     1.4507 1.0790e-01     0.1131    97.2118     6.8253     5.8388    32.2195    32.2504    25.2353    25.3026    6.89206 0.0000e+00
       2294     44.119     6.9520     6.6007   3.272693   3.245057     2.8999     2.7151      8.176     0.4464     1.4507 1.0790e-01     0.1135    97.2031     6.6581     5.7156    32.2192    32.2464    25.2352    25.3024    6.89217 0.0000e+00
       2297     44.143     6.9512     6.5880   3.272636   3.243848     2.8857     2.7090      8.176     0.4317     1.4507 1.0790e-01     0.1153    97.1597     6.5394     5.6277    32.2194    32.2451    25.2354    25.3029    6.89230 0.0000e+00
       2300     44.168     6.9507     6.5795   3.272648   3.243674     2.8685     2.7009      8.176     0.4415     1.4507 1.0790e-01     0.1153    97.1597     6.4250     5.5387    32.2199    32.2511    25.2359    25.3088    6.89235 0.0000e+00
       2303     44.200     6.9505     6.6069   3.272713   3.246471     2.8506     2.6899      8.173     0.4415     1.4507 1.0790e-01     0.1153    97.1597     6.3244     5.4477    32.2207    32.2561    25.2366    25.3092    6.89234 0.0000e+00
       2306     44.237     6.9503     6.6355   3.272663   3.247727     2.8303     2.6764      8.175     0.4464     1.4507 1.0790e-01     0.1153    97.1597     6.2342     5.3621    32.2204    32.2429    25.2363    25.2951    6.89239 0.0000e+00
       2309     44.270     6.9503     6.5853   3.272737   3.241171     2.8099     2.6626      8.173     0.4366     1.4507 1.0790e-01     0.1153    97.1597     6.1614     5.2997    32.2212    32.2180    25.2370    25.2819    6.89235 0.0000e+00
       2312     44.309     6.9505     6.5212   3.272605   3.236956     2.7904     2.6475      8.178     0.4806     1.5692 1.0790e-01     0.1153    97.1597     6.1075     5.2478    32.2196    32.2320    25.2357    25.3011    6.89240 0.0000e+00
       2315     44.350     6.9484     6.4954   3.271629   3.236685     2.7704     2.6325      8.175     0.4904     1.5692 1.0790e-01     0.1160    97.1423     6.0670     5.2081    32.2109    32.2533    25.2291    25.3212    6.89313 0.0000e+00
       2318     44.395     6.9293     6.5135   3.268633   3.237720     2.7525     2.6190      8.175     0.4855     1.5692 1.0790e-01     0.1185    97.0815     6.0496     5.1853    32.1960    32.2476    25.2199    25.3144    6.89687 0.0000e+00
       2321     44.448     6.9082     6.5108   3.267642   3.236623     2.7370     2.6056      8.175     0.4855     1.5692 1.0790e-01     0.1181    97.0902     6.0511     5.1819    32.2049    32.2381    25.2297    25.3072    6.89987 0.0000e+00
       2324     44.505     6.9033     6.3970   3.269650   3.222725     2.7240     2.5954      8.177     0.4757     1.5692 1.0790e-01     0.1181    97.0902     6.0666     5.2152    32.2314    32.1919    25.2512    25.2852    6.89947 0.0000e+00
       2327     44.566     6.9031     6.3381   3.268379   3.223806     2.7114     2.5852      8.174     0.4806     1.5692 1.0790e-01     0.1181    97.0902     6.0903     5.2505    32.2177    32.2596    25.2404    25.3460    6.90013 0.0000e+00
       2330     44.631     6.8552     6.4328   3.255667   3.234811     2.7016     2.5771      8.177     0.4904     1.5692 1.0790e-01     0.1185    97.0815     6.1348     5.2831    32.1235    32.2917    25.1726    25.3594    6.91209 0.0000e+00
       2333     44.702     6.7512     6.5554   3.245368   3.242615     2.6919     2.5706      8.174     0.4806     1.5692 1.0790e-01     0.1185    97.0815     6.1811     5.3196    32.1082    32.2619    25.1740    25.3203    6.92967 0.0000e+00
       2336     44.777     6.6404     6.3977   3.233131   3.218092     2.6825     2.5637      8.176     0.4562     1.5692 1.0790e-01     0.1174    97.1075     6.2289     5.3906    32.0775    32.1397    25.1641    25.2439    6.94912 0.0000e+00
       2339     44.857     6.4714     6.0167   3.213201   3.186464     2.6731     2.5592      8.175     0.3927     1.5692 1.0790e-01     0.1163    97.1336     6.2835     5.4893    32.0164    32.1485    25.1375    25.2979    6.97962 0.0000e+00
       2342     44.944     6.2452     5.6987   3.188434   3.161964     2.6666     2.5563      8.176     0.3976     1.5692 1.0790e-01     0.1163    97.1336     6.3513     5.5829    31.9545    32.1763    25.1169    25.3578    7.01990 0.0000e+00
       2345     45.029     5.9388     5.3781   3.156303   3.135282     2.6605     2.5539      8.178     0.3927     1.5692 1.0790e-01     0.1163    97.1336     6.4298     5.6777    31.8849    32.1814    25.0991    25.3990    7.07444 0.0000e+00
       2348     45.118     5.5639     4.9830   3.120647   3.098965     2.6556     2.5510      8.179     0.3927     1.5692 1.0790e-01     0.1163    97.1336     6.5204     5.7812    31.8384    32.1469    25.1064    25.4157    7.14038 0.0000e+00
       2351     45.209     5.1269     4.4434   3.080485   3.057237     2.6516     2.5506      8.181     0.3927     1.5692 1.0790e-01     0.1163    97.1336     6.6232     5.9134    31.7974    32.1882    25.1230    25.5055    7.21796 0.0000e+00
       2354     45.305     4.6400     3.9553   3.037603   3.014920     2.6479     2.5490      8.180     0.3878     1.5692 1.0790e-01     0.1163    97.1336     6.7352     6.0439    31.7700    32.1701    25.1534    25.5398    7.30527 0.0000e+00
       2357     45.406     4.1353     3.4836   2.998906   2.979906     2.6442     2.5478      8.177     0.3878     1.5692 1.0790e-01     0.1235    96.9598     6.8510     6.1812    31.8061    32.2204    25.2330    25.6240    7.39457 0.0000e+00
       2360     45.512     3.6325     2.9297   2.957684   2.935643     2.6418     2.5478      8.176     0.3878     1.5692 1.0790e-01     0.1260    96.8990     6.9741     6.3471    31.8088    32.2399    25.2828    25.6881    7.48717 0.0000e+00
       2363     45.621     3.0872     2.3120   2.912622   2.889132     2.6410     2.5478      8.172     0.3341     1.5692 1.0790e-01     0.1260    96.8990     7.1105     6.5365    31.8050    32.2938    25.3278    25.7807    7.59028 0.0000e+00
       2366     45.731     2.5508     1.7246   2.871381   2.844858     2.6397     2.5490      8.170     0.2901     1.5692 1.0790e-01     0.1260    96.8990     7.2423     6.7409    31.8356    32.3427    25.3960    25.8624    7.69237 0.0000e+00
       2369     45.842     2.0377     1.2639   2.837567   2.815788     2.6393     2.5498      8.165     0.2755     1.5692 1.0790e-01     0.1260    96.8990     7.3707     6.9261    31.9332    32.4513    25.5125    25.9801    7.78871 0.0000e+00
       2372     45.954     1.6158     0.9690   2.815065   2.795251     2.6385     2.5527      8.159     0.2852     1.5692 1.0790e-01     0.1260    96.8990     7.4767     7.0872    32.0800    32.4964    25.6593    26.0343    7.86603 0.0000e+00
       2375     46.067     1.2842     0.7372   2.798110   2.778500     2.6381     2.5567      8.154     0.2804     1.5692 1.0790e-01     0.1278    96.8555     7.5650     7.2331    32.2058    32.5237    25.7816    26.0697    7.92724 0.0000e+00
       2378     46.180     1.0293     0.5233   2.784871   2.763134     2.6385     2.5645      8.147     0.2852     1.5692 1.0790e-01     0.1530    96.2472     7.6412     7.3813    32.3006    32.5500    25.8734    26.1026    7.97501 0.0000e+00
       2381     46.289     0.8325     0.3736   2.773439   2.753894     2.6389     2.5726      8.143     0.2852     1.5692 1.0790e-01     0.1541    96.2212     7.7026     7.5011    32.3587    32.5880    25.9315    26.1410    8.01306 0.0000e+00
       2384     46.397     0.6561     0.2736   2.761911   2.747197     2.6397     2.5816      8.137     0.2755     1.5692 1.0790e-01     0.1541    96.2212     7.7597     7.5964    32.3944    32.6065    25.9701    26.1611    8.04835 0.0000e+00
       2387     46.502     0.5101     0.1874   2.753287   2.739458     2.6401     2.5922      8.133     0.2852     1.5692 1.0790e-01     0.1541    96.2212     7.8056     7.6793    32.4359    32.5966    26.0113    26.1573    8.07711 0.0000e+00
       2390     46.607     0.3949     0.0785   2.747926   2.730934     2.6414     2.6028      8.129     0.2266     1.3718 1.0777e-01     0.1541    96.2212     7.8462     7.7507    32.4875    32.6006    26.0589    26.1657    8.09891 0.0000e+00
       2393     46.707     0.3113    -0.0048   2.743265   2.725347     2.6414     2.6113      8.126     0.2120     1.3323 1.0790e-01     0.1541    96.2212     7.8737     7.7898    32.5149    32.6157    26.0853    26.1819    8.11533 0.0000e+00
       2396     46.804     0.2299    -0.0482   2.736514   2.722690     2.6426     2.6182      8.121     0.2071     1.3323 1.0790e-01     0.1599    96.0822     7.9063     7.7915    32.5128    32.6270    26.0876    26.1929    8.13299 0.0000e+00
       2399     46.897     0.1466    -0.0802   2.729915   2.719864     2.6434     2.6243      8.118     0.2120     1.3323 1.0790e-01     0.1758    95.6998     7.9366     7.7680    32.5146    32.6237    26.0931    26.1918    8.15091 0.0000e+00
       2402     46.983     0.0748    -0.1098   2.726281   2.717833     2.6446     2.6296      8.115     0.2120     1.3323 1.0790e-01     0.1754    95.7085     7.9627     7.7284    32.5431    32.6285    26.1196    26.1970    8.16492 0.0000e+00
       2405     47.063     0.0274    -0.1232   2.724519   2.717129     2.6462     2.6337      8.114     0.2169     1.3323 1.0790e-01     0.1751    95.7172     7.9838     7.6734    32.5703    32.6335    26.1437    26.2016    8.17371 0.0000e+00
       2408     47.138    -0.0043    -0.1375   2.723443   2.716244     2.6471     2.6382      8.111     0.2120     1.3323 1.0790e-01     0.1754    95.7085     7.9970     7.6137    32.5898    32.6370    26.1610    26.2051    8.17953 0.0000e+00
       2411     47.206    -0.0270    -0.1469   2.721954   2.715708     2.6483     2.6418      8.111     0.2169     1.3323 1.0790e-01     0.1754    95.7085     8.0101     7.5466    32.5944    32.6399    26.1657    26.2079    8.18423 0.0000e+00
       2414     47.271    -0.0371    -0.1537   2.722814   2.714958     2.6495     2.6459      8.109     0.2022     1.4113 1.0790e-01     0.1751    95.7172     8.0193     7.4759    32.6165    32.6373    26.1840    26.2060    8.18520 0.0000e+00
       2417     47.324    -0.0356    -0.1579   2.726747   2.714690     2.6503     2.6479      8.106     0.1827     1.9245 1.0790e-01     0.1816    95.5608     8.0222     7.3804    32.6667    32.6382    26.2244    26.2070    8.18206 0.0000e+00
       2420     47.374     0.0021    -0.1615   2.742241   2.714637     2.6520     2.6496      8.106     0.1729     1.9245 1.0790e-01     0.1867    95.4391     8.0123     7.2639    32.8306    32.6413    26.3550    26.2096    8.16469 0.0000e+00
       2423     47.421     0.1071    -0.1634   2.763450   2.714775     2.6536     2.6500      8.106     0.1827     1.9245 1.0790e-01     0.1867    95.4391     7.9850     7.1257    32.9971    32.6451    26.4842    26.2128    8.13267 0.0000e+00
       2426     47.465     0.3834    -0.1623   2.816430   2.714802     2.6552     2.6508      8.101     0.1827     1.9245 1.0790e-01     0.1871    95.4304     7.9031     6.9757    33.3930    32.6443    26.7891    26.2120    8.05162 0.0000e+00
       2429     47.502     0.9873    -0.1647   2.872460   2.715346     2.6560     2.6500      8.099     0.1876     1.9245 1.0790e-01     0.1867    95.4391     7.7601     6.8192    33.4674    32.6541    26.8137    26.2201    7.92096 0.0000e+00
       2432     47.536     1.4378    -0.1636   2.908508   2.715012     2.6568     2.6487      8.095     0.1778     1.9245 1.0790e-01     0.1867    95.4391     7.6622     6.6685    33.4452    32.6485    26.7665    26.2155    7.82982 0.0000e+00
       2435     47.569     1.9650    -0.1712   2.950131   2.714566     2.6585     2.6455      8.093     0.1827     1.9245 1.0777e-01     0.1867    95.4391     7.5523     6.5255    33.4099    32.6507    26.7002    26.2176    7.72613 0.0000e+00
       2438     47.600     2.5911    -0.1725   2.985982   2.714215     2.6601     2.6374      8.091     0.1778     1.9245 1.0777e-01     0.1951    95.2392     7.4332     6.3854    33.1992    32.6474    26.4824    26.2150    7.61455 0.0000e+00
       2441     47.629     3.0192    -0.1708   2.996037   2.713971     2.6613     2.6227      8.089     0.1729     1.8060 1.0790e-01     0.1977    95.1784     7.3626     6.2458    32.8811    32.6423    26.1921    26.2109    7.54874 0.0000e+00
       2444     47.656     3.2473    -0.1758   2.993405   2.714206     2.6633     2.6076      8.088     0.1876     1.6876 1.0777e-01     0.1970    95.1958     7.3338     6.1311    32.6177    32.6508    25.9620    26.2179    7.51885 0.0000e+00
       2447     47.680     3.3301    -0.1813   2.991250   2.714507     2.6642     2.5926      8.088     0.1778     1.6876 1.0790e-01     0.1970    95.1958     7.3236     6.0466    32.5084    32.6606    25.8675    26.2261    7.50875 0.0000e+00
       2450     47.704     3.3759    -0.1812   2.993393   2.714145     2.6650     2.5779      8.088     0.1778     1.6876 1.0790e-01     0.1973    95.1871     7.3161     5.9922    32.4880    32.6558    25.8471    26.2222    7.50116 0.0000e+00
       2453     47.735     3.4159    -0.1830   2.995799   2.713909     2.6678     2.5673      8.088     0.1729     1.6876 1.0777e-01     0.1966    95.2045     7.3161     5.9841    32.4768    32.6545    25.8346    26.2212    7.49424 0.0000e+00
       2456     47.768     3.4820    -0.1810   3.004898   2.714038     2.6674     2.5584      8.087     0.1827     1.6876 1.0777e-01     0.1966    95.2045     7.2969     6.0118    32.5195    32.6540    25.8625    26.2208    7.47976 0.0000e+00
