Datasets/AZMP/COO001/79001031.cnv
* Sea-Bird SBE 9 Data File:
* FileName = C:\CTDDATA\79001031.hex
* Software Version Seasave V 7.26.7.110
* Temperature SN = 5660
* Conductivity SN = 3698
* Number of Bytes Per Scan = 30
* Number of Voltage Words = 4
* Number of Scans Averaged by the Deck Unit = 1
* NMEA baud rate = 9600
** VESSEL/TRIP/SEQ STN:  79001031
** LATITUDE XX XX.XX N:  43 12.00 N
** LONGITUDE XX XX.XX W:  50 10.00 W
** SOUNDING DEPTH (M):  0069
** PROBE TYPE: S1257
** CTD NUMBER: 018
** COMMENTS (14 CHAR): SEGB-13
** BOTTLES:  09
** LEVELS: 5,5,10,20,20,30,40,50,BTM
** STICKERS: 434821 - 434829
** VNET: Y
** DO2: Y
# nquan = 22
# nvalues = 1609                        
# units = specified
# name 0 = scan: Scan Count
# name 1 = prDM: Pressure, Digiquartz [db]
# name 2 = t090C: Temperature [ITS-90, deg C]
# name 3 = t190C: Temperature, 2 [ITS-90, deg C]
# name 4 = c0S/m: Conductivity [S/m]
# name 5 = c1S/m: Conductivity, 2 [S/m]
# name 6 = sbeox0V: Oxygen raw, SBE 43 [V]
# name 7 = sbeox1V: Oxygen raw, SBE 43, 2 [V]
# name 8 = ph: pH
# name 9 = flECO-AFL: Fluorescence, WET Labs ECO-AFL/FL [mg/m^3]
# name 10 = wetCDOM: Fluorescence, WET Labs CDOM [mg/m^3]
# name 11 = par/sat/log: PAR/Logarithmic, Satlantic [umol photons/m^2/sec]
# name 12 = CStarAt0: Beam Attenuation, WET Labs C-Star [1/m]
# name 13 = CStarTr0: Beam Transmission, WET Labs C-Star [%]
# name 14 = sbeox0ML/L: Oxygen, SBE 43 [ml/l], WS = 2
# name 15 = sbeox1ML/L: Oxygen, SBE 43, 2 [ml/l], WS = 2
# name 16 = sal00: Salinity, Practical [PSU]
# name 17 = sal11: Salinity, Practical, 2 [PSU]
# name 18 = sigma-t00: Density [sigma-t, kg/m^3 ]
# name 19 = sigma-t11: Density, 2 [sigma-t, kg/m^3 ]
# name 20 = oxsatML/L: Oxygen Saturation, Weiss [ml/l]
# name 21 = flag: flag
# span 0 =         29,      38180       
# span 1 =      1.799,     62.625       
# span 2 =     3.8032,     4.5560       
# span 3 =     3.8021,     4.5536       
# span 4 =   3.087377,   3.131956       
# span 5 =   3.087934,   3.131985       
# span 6 =     2.7745,     3.1160       
# span 7 =     2.5592,     2.9365       
# span 8 =      8.105,      8.220       
# span 9 =     0.7004,     8.6662       
# span 10 =    -1.8655,   480.9237      
# span 11 = 1.0631e-01, 9.3315e-01      
# span 12 =     0.2822,     0.7068      
# span 13 =    83.8035,    93.1884      
# span 14 =     7.4637,     8.4027      
# span 15 =     6.1272,     7.1207      
# span 16 =    32.8457,    33.2434      
# span 17 =    32.8470,    33.2457      
# span 18 =    26.0170,    26.4084      
# span 19 =    26.0182,    26.4103      
# span 20 =    7.26457,    7.38467      
# span 21 = 0.0000e+00, 0.0000e+00      
# interval = scans: 3                   
# start_time = Nov 25 2019 07:09:20 [System UTC, header]
# bad_flag = -9.990e-29
*END*
[from data line 593]
       5146     55.619     3.8057     3.8044   3.093123   3.093190     2.7806     2.5604      8.105     0.9251     1.4507 1.0752e-01     0.3792    90.9552     7.4906     6.1378    33.2407    33.2429    26.4060    26.4079    7.38433 0.0000e+00
       5149     55.676     3.8058     3.8043   3.093118   3.093200     2.7802     2.5604      8.107     0.9202     1.4507 1.0752e-01     0.3911    90.6858     7.4895     6.1395    33.2405    33.2430    26.4059    26.4080    7.38432 0.0000e+00
       5152     55.734     3.8057     3.8042   3.093123   3.093217     2.7806     2.5604      8.105     0.9251     1.4507 1.0752e-01     0.4018    90.4425     7.4920     6.1401    33.2407    33.2433    26.4060    26.4082    7.38433 0.0000e+00
       5155     55.792     3.8056     3.8043   3.093131   3.093221     2.7802     2.5604      8.105     0.9251     1.4507 1.0752e-01     0.4011    90.4599     7.4912     6.1403    33.2408    33.2433    26.4061    26.4082    7.38434 0.0000e+00
       5158     55.856     3.8057     3.8043   3.093123   3.093211     2.7806     2.5604      8.105     0.9202     1.4507 1.0752e-01     0.4011    90.4599     7.4925     6.1416    33.2406    33.2431    26.4060    26.4081    7.38434 0.0000e+00
       5161     55.920     3.8055     3.8043   3.093119   3.093249     2.7802     2.5604      8.105     0.9251     1.4507 1.0752e-01     0.4011    90.4599     7.4914     6.1431    33.2408    33.2435    26.4061    26.4084    7.38437 0.0000e+00
       5164     55.984     3.8055     3.8042   3.093131   3.093251     2.7802     2.5604      8.105     0.9251     1.4507 1.0752e-01     0.4011    90.4599     7.4924     6.1446    33.2409    33.2436    26.4062    26.4084    7.38437 0.0000e+00
       5167     56.057     3.8052     3.8043   3.093096   3.093233     2.7802     2.5604      8.105     0.9251     1.5692 1.0752e-01     0.4011    90.4599     7.4922     6.1452    33.2407    33.2432    26.4061    26.4081    7.38443 0.0000e+00
       5170     56.134     3.8049     3.8043   3.093102   3.093249     2.7806     2.5608      8.105     0.9006     1.5692 1.0752e-01     0.3926    90.6511     7.4934     6.1471    33.2411    33.2435    26.4064    26.4083    7.38446 0.0000e+00
       5173     56.214     3.8048     3.8044   3.093113   3.093242     2.7798     2.5604      8.105     0.8029     1.5692 1.0752e-01     0.3895    90.7206     7.4902     6.1466    33.2412    33.2431    26.4065    26.4081    7.38447 0.0000e+00
       5176     56.295     3.8048     3.8046   3.093135   3.093261     2.7802     2.5604      8.105     0.8078     1.5692 1.0765e-01     0.3895    90.7206     7.4908     6.1472    33.2415    33.2432    26.4067    26.4081    7.38446 0.0000e+00
       5179     56.376     3.8046     3.8048   3.093117   3.093266     2.7798     2.5608      8.105     0.8078     1.5692 1.0752e-01     0.3895    90.7206     7.4890     6.1488    33.2414    33.2430    26.4067    26.4079    7.38449 0.0000e+00
       5182     56.465     3.8045     3.8048   3.093121   3.093254     2.7802     2.5612      8.105     0.8176     1.5692 1.0752e-01     0.3895    90.7206     7.4896     6.1501    33.2415    33.2428    26.4068    26.4077    7.38452 0.0000e+00
       5185     56.556     3.8044     3.8038   3.093119   3.093219     2.7798     2.5616      8.105     0.8029     1.5692 1.0752e-01     0.3895    90.7206     7.4885     6.1514    33.2416    33.2433    26.4068    26.4083    7.38453 0.0000e+00
       5188     56.650     3.8043     3.8033   3.093128   3.093239     2.7802     2.5616      8.105     0.8029     1.5692 1.0752e-01     0.3895    90.7206     7.4896     6.1511    33.2417    33.2440    26.4070    26.4089    7.38454 0.0000e+00
       5191     56.744     3.8041     3.8031   3.093124   3.093250     2.7790     2.5612      8.105     0.8127     1.5692 1.0752e-01     0.3880    90.7553     7.4857     6.1493    33.2418    33.2443    26.4070    26.4091    7.38457 0.0000e+00
       5194     56.844     3.8042     3.8029   3.093141   3.093240     2.7798     2.5612      8.105     0.8078     1.5692 1.0752e-01     0.3876    90.7640     7.4888     6.1485    33.2418    33.2444    26.4070    26.4092    7.38455 0.0000e+00
       5197     56.950     3.8040     3.8029   3.093146   3.093254     2.7794     2.5616      8.105     0.9006     1.5692 1.0752e-01     0.3876    90.7640     7.4880     6.1493    33.2420    33.2445    26.4072    26.4093    7.38457 0.0000e+00
       5200     57.054     3.8040     3.8029   3.093130   3.093230     2.7790     2.5616      8.105     0.9641     1.5692 1.0752e-01     0.3872    90.7727     7.4868     6.1480    33.2418    33.2441    26.4070    26.4090    7.38458 0.0000e+00
       5203     57.162     3.8041     3.8029   3.093146   3.093259     2.7790     2.5616      8.105     0.9641     1.5692 1.0765e-01     0.3872    90.7727     7.4871     6.1465    33.2418    33.2444    26.4071    26.4092    7.38456 0.0000e+00
       5206     57.272     3.8042     3.8029   3.093155   3.093265     2.7790     2.5616      8.105     0.9690     1.5692 1.0752e-01     0.3872    90.7727     7.4881     6.1459    33.2418    33.2444    26.4071    26.4092    7.38456 0.0000e+00
       5209     57.384     3.8042     3.8030   3.093145   3.093258     2.7790     2.5616      8.105     0.9641     1.5692 1.0752e-01     0.3880    90.7553     7.4890     6.1457    33.2416    33.2441    26.4069    26.4090    7.38456 0.0000e+00
       5212     57.498     3.8043     3.8030   3.093159   3.093279     2.7790     2.5616      8.105     0.9739     1.5692 1.0752e-01     0.3895    90.7206     7.4899     6.1467    33.2416    33.2443    26.4069    26.4092    7.38454 0.0000e+00
       5215     57.616     3.8043     3.8032   3.093169   3.093296     2.7790     2.5616      8.107     0.9690     1.5692 1.0752e-01     0.3891    90.7293     7.4909     6.1478    33.2417    33.2443    26.4069    26.4091    7.38455 0.0000e+00
       5218     57.732     3.8041     3.8030   3.093181   3.093290     2.7790     2.5616      8.105     0.9690     1.4507 1.0752e-01     0.3891    90.7293     7.4916     6.1494    33.2419    33.2444    26.4072    26.4092    7.38456 0.0000e+00
       5221     57.849     3.8040     3.8030   3.093203   3.093304     2.7790     2.5616      8.105     0.9739     1.4507 1.0752e-01     0.3895    90.7206     7.4924     6.1506    33.2422    33.2445    26.4074    26.4093    7.38456 0.0000e+00
       5224     57.964     3.8040     3.8031   3.093211   3.093292     2.7786     2.5616      8.105     0.8811     1.4507 1.0752e-01     0.3891    90.7293     7.4911     6.1515    33.2423    33.2441    26.4075    26.4090    7.38457 0.0000e+00
       5227     58.081     3.8038     3.8031   3.093214   3.093309     2.7790     2.5616      8.105     0.8713     1.4507 1.0752e-01     0.3895    90.7206     7.4925     6.1525    33.2425    33.2444    26.4076    26.4092    7.38459 0.0000e+00
       5230     58.196     3.8040     3.8030   3.093209   3.093307     2.7790     2.5616      8.107     0.8665     1.4507 1.0765e-01     0.3984    90.5207     7.4919     6.1534    33.2422    33.2443    26.4074    26.4092    7.38458 0.0000e+00
       5233     58.311     3.8040     3.8029   3.093213   3.093323     2.7790     2.5616      8.107     0.8713     1.4507 1.0752e-01     0.4057    90.3556     7.4922     6.1541    33.2421    33.2445    26.4073    26.4093    7.38457 0.0000e+00
       5236     58.421     3.8040     3.8028   3.093205   3.093305     2.7786     2.5625      8.105     0.8616     1.4507 1.0752e-01     0.4049    90.3730     7.4904     6.1571    33.2420    33.2444    26.4072    26.4092    7.38459 0.0000e+00
       5239     58.529     3.8040     3.8026   3.093209   3.093314     2.7790     2.5625      8.105     0.8665     1.4507 1.0752e-01     0.4049    90.3730     7.4912     6.1572    33.2419    33.2446    26.4072    26.4094    7.38458 0.0000e+00
       5242     58.635     3.8039     3.8024   3.093213   3.093353     2.7790     2.5629      8.105     0.8713     1.4507 1.0752e-01     0.4053    90.3643     7.4909     6.1576    33.2421    33.2452    26.4072    26.4099    7.38459 0.0000e+00
       5245     58.731     3.8038     3.8024   3.093229   3.093359     2.7790     2.5629      8.105     0.8665     1.5692 1.0752e-01     0.4049    90.3730     7.4900     6.1583    33.2423    33.2453    26.4075    26.4100    7.38460 0.0000e+00
       5248     58.824     3.8037     3.8022   3.093248   3.093372     2.7782     2.5625      8.105     0.8958     1.5692 1.0752e-01     0.4053    90.3643     7.4864     6.1564    33.2426    33.2456    26.4077    26.4103    7.38461 0.0000e+00
       5251     58.911     3.8036     3.8023   3.093251   3.093370     2.7790     2.5629      8.105     1.0422     1.5692 1.0752e-01     0.4068    90.3295     7.4881     6.1566    33.2427    33.2455    26.4078    26.4101    7.38462 0.0000e+00
       5254     58.994     3.8034     3.8021   3.093242   3.093362     2.7782     2.5629      8.105     1.0520     1.5692 1.0752e-01     0.4068    90.3295     7.4841     6.1557    33.2427    33.2455    26.4079    26.4101    7.38466 0.0000e+00
       5257     59.068     3.8034     3.8023   3.093243   3.093357     2.7790     2.5629      8.105     1.0423     1.5692 1.0752e-01     0.4068    90.3295     7.4867     6.1545    33.2427    33.2451    26.4078    26.4099    7.38466 0.0000e+00
       5260     59.131     3.8034     3.8024   3.093243   3.093363     2.7778     2.5629      8.105     1.0374     1.5692 1.0752e-01     0.4068    90.3295     7.4815     6.1529    33.2427    33.2452    26.4078    26.4099    7.38466 0.0000e+00
       5263     59.185     3.8033     3.8025   3.093243   3.093353     2.7786     2.5629      8.105     1.0374     1.5692 1.0752e-01     0.4068    90.3295     7.4839     6.1534    33.2427    33.2449    26.4079    26.4096    7.38467 0.0000e+00
       5266     59.232     3.8036     3.8024   3.093270   3.093361     2.7778     2.5625      8.105     1.0374     1.5692 1.0752e-01     0.4068    90.3295     7.4815     6.1533    33.2428    33.2450    26.4079    26.4097    7.38462 0.0000e+00
       5269     59.268     3.8037     3.8024   3.093262   3.093363     2.7774     2.5637      8.105     1.0423     1.5297 1.0752e-01     0.4149    90.1470     7.4815     6.1574    33.2425    33.2450    26.4076    26.4098    7.38461 0.0000e+00
       5272     59.296     3.8041     3.8026   3.093276   3.093381     2.7778     2.5629      8.105     1.0520     1.4507 1.0752e-01     0.4732    88.8436     7.4831     6.1553    33.2423    33.2451    26.4074    26.4098    7.38455 0.0000e+00
       5353     59.332     3.8046     3.8028   3.093287   3.093400     2.7761     2.5620      8.105     0.9544     1.5297 1.0752e-01     0.4455    89.4605     7.4767     6.1407    33.2419    33.2451    26.4070    26.4098    7.38448 0.0000e+00
       5395     59.416     3.8048     3.8028   3.093308   3.093395     2.7765     2.5620      8.105     0.9104     1.5297 1.0752e-01     0.4323    89.7560     7.4771     6.1356    33.2419    33.2449    26.4070    26.4096    7.38444 0.0000e+00
       5398     59.505     3.8046     3.8028   3.093297   3.093401     2.7757     2.5620      8.105     0.9055     1.5692 1.0752e-01     0.4323    89.7560     7.4754     6.1349    33.2419    33.2450    26.4071    26.4097    7.38448 0.0000e+00
       5401     59.593     3.8046     3.8027   3.093319   3.093397     2.7757     2.5616      8.105     0.9153     1.4507 1.0752e-01     0.4323    89.7560     7.4755     6.1324    33.2421    33.2449    26.4073    26.4097    7.38447 0.0000e+00
       5404     59.681     3.8046     3.8029   3.093317   3.093409     2.7753     2.5616      8.105     0.9104     1.4507 1.0752e-01     0.4323    89.7560     7.4750     6.1308    33.2421    33.2449    26.4072    26.4096    7.38447 0.0000e+00
       5407     59.770     3.8044     3.8028   3.093301   3.093421     2.7757     2.5612      8.105     0.8909     1.4507 1.0752e-01     0.4323    89.7560     7.4774     6.1291    33.2420    33.2451    26.4072    26.4098    7.38451 0.0000e+00
       5410     59.860     3.8045     3.8029   3.093295   3.093412     2.7753     2.5608      8.105     0.8811     1.4507 1.0765e-01     0.4327    89.7473     7.4775     6.1282    33.2418    33.2448    26.4070    26.4095    7.38450 0.0000e+00
       5413     59.946     3.8044     3.8030   3.093329   3.093423     2.7753     2.5608      8.105     0.8909     1.4507 1.0752e-01     0.4311    89.7821     7.4799     6.1279    33.2423    33.2448    26.4074    26.4095    7.38450 0.0000e+00
       5416     60.033     3.8043     3.8029   3.093325   3.093437     2.7753     2.5604      8.105     0.8811     1.4507 1.0752e-01     0.4300    89.8081     7.4812     6.1272    33.2423    33.2450    26.4074    26.4097    7.38452 0.0000e+00
       5419     60.121     3.8044     3.8029   3.093335   3.093417     2.7753     2.5604      8.105     0.8811     1.4507 1.0752e-01     0.4300    89.8081     7.4825     6.1279    33.2422    33.2448    26.4073    26.4095    7.38450 0.0000e+00
       5422     60.206     3.8045     3.8028   3.093342   3.093434     2.7749     2.5596      8.105     0.8909     1.4507 1.0752e-01     0.4304    89.7994     7.4837     6.1279    33.2422    33.2450    26.4073    26.4097    7.38448 0.0000e+00
       5425     60.287     3.8044     3.8029   3.093333   3.093431     2.7749     2.5596      8.105     0.8909     1.4507 1.0752e-01     0.4300    89.8081     7.4857     6.1311    33.2421    33.2448    26.4072    26.4095    7.38450 0.0000e+00
       5428     60.370     3.8045     3.8028   3.093339   3.093456     2.7745     2.5596      8.105     0.8811     1.4507 1.0752e-01     0.4300    89.8081     7.4864     6.1349    33.2420    33.2451    26.4072    26.4098    7.38449 0.0000e+00
       5431     60.452     3.8043     3.8031   3.093323   3.093451     2.7753     2.5592      8.105     0.8860     1.4507 1.0752e-01     0.4420    89.5387     7.4907     6.1373    33.2420    33.2448    26.4072    26.4095    7.38453 0.0000e+00
       5434     60.530     3.8043     3.8033   3.093345   3.093459     2.7757     2.5592      8.105     0.8958     1.4507 1.0752e-01     0.4920    88.4265     7.4942     6.1395    33.2422    33.2446    26.4073    26.4094    7.38451 0.0000e+00
       5437     60.606     3.8042     3.8035   3.093325   3.093472     2.7757     2.5592      8.105     0.9006     1.4507 1.0752e-01     0.4916    88.4352     7.4955     6.1427    33.2420    33.2445    26.4072    26.4093    7.38454 0.0000e+00
       5440     60.680     3.8040     3.8036   3.093332   3.093491     2.7757     2.5596      8.105     0.9006     1.4507 1.0752e-01     0.4912    88.4438     7.4975     6.1473    33.2423    33.2447    26.4074    26.4093    7.38456 0.0000e+00
       5443     60.753     3.8038     3.8036   3.093336   3.093497     2.7761     2.5596      8.105     0.8909     1.4507 1.0752e-01     0.4912    88.4438     7.5003     6.1508    33.2425    33.2446    26.4077    26.4093    7.38460 0.0000e+00
       5446     60.826     3.8036     3.8036   3.093315   3.093486     2.7765     2.5600      8.105     0.8958     1.4507 1.0752e-01     0.4920    88.4265     7.5030     6.1549    33.2424    33.2445    26.4076    26.4092    7.38463 0.0000e+00
       5449     60.898     3.8035     3.8035   3.093351   3.093472     2.7765     2.5604      8.105     0.8909     1.4507 1.0752e-01     0.4916    88.4352     7.5033     6.1571    33.2429    33.2444    26.4080    26.4091    7.38463 0.0000e+00
       5452     60.964     3.8033     3.8035   3.093339   3.093491     2.7769     2.5608      8.105     0.8958     1.4507 1.0752e-01     0.4999    88.2527     7.5041     6.1592    33.2429    33.2446    26.4080    26.4093    7.38466 0.0000e+00
       5455     61.031     3.8033     3.8034   3.093367   3.093477     2.7765     2.5604      8.105     0.8958     1.5692 1.0752e-01     0.5109    88.0093     7.5021     6.1584    33.2432    33.2445    26.4082    26.4092    7.38464 0.0000e+00
