Datasets/AZMP/COO001/79001012.cnv
* Sea-Bird SBE 9 Data File:
* FileName = C:\CTDDATA\79001012.hex
* Software Version Seasave V 7.26.7.110
* Temperature SN = 5811
* Conductivity SN = 4531
* Number of Bytes Per Scan = 30
* Number of Voltage Words = 4
* Number of Scans Averaged by the Deck Unit = 1
* NMEA baud rate = 9600
** VESSEL/TRIP/SEQ STN:  79001012
** LATITUDE XX XX.XX N:  46 10.88 N
** LONGITUDE XX XX.XX W:  56 30.65 W
** SOUNDING DEPTH (M):  0070
** PROBE TYPE (S1221): S1221
** CTD NUMBER: 005
** COMMENTS (14 CHAR):  SWSPB-03
** BOTTLES:  9
** LEVELS: 5,5,10,20,20,30,40,50,BTM
** STICKERS: 434629 - 434637
** VNET: Y
** DO2: N
# nquan = 22
# nvalues = 1922                        
# units = specified
# name 0 = scan: Scan Count
# name 1 = prDM: Pressure, Digiquartz [db]
# name 2 = t090C: Temperature [ITS-90, deg C]
# name 3 = t190C: Temperature, 2 [ITS-90, deg C]
# name 4 = c0S/m: Conductivity [S/m]
# name 5 = c1S/m: Conductivity, 2 [S/m]
# name 6 = sbeox0V: Oxygen raw, SBE 43 [V]
# name 7 = sbeox1V: Oxygen raw, SBE 43, 2 [V]
# name 8 = ph: pH
# name 9 = flECO-AFL: Fluorescence, WET Labs ECO-AFL/FL [mg/m^3]
# name 10 = wetCDOM: Fluorescence, WET Labs CDOM [mg/m^3]
# name 11 = par/sat/log: PAR/Logarithmic, Satlantic [umol photons/m^2/sec]
# name 12 = CStarAt0: Beam Attenuation, WET Labs C-Star [1/m]
# name 13 = CStarTr0: Beam Transmission, WET Labs C-Star [%]
# name 14 = sbeox0ML/L: Oxygen, SBE 43 [ml/l], WS = 2
# name 15 = sbeox1ML/L: Oxygen, SBE 43, 2 [ml/l], WS = 2
# name 16 = sal00: Salinity, Practical [PSU]
# name 17 = sal11: Salinity, Practical, 2 [PSU]
# name 18 = sigma-t00: Density [sigma-t, kg/m^3 ]
# name 19 = sigma-t11: Density, 2 [sigma-t, kg/m^3 ]
# name 20 = oxsatML/L: Oxygen Saturation, Weiss [ml/l]
# name 21 = flag: flag
# span 0 =         40,      34633       
# span 1 =      0.363,     62.860       
# span 2 =     2.1160,     6.1038       
# span 3 =     2.1151,     6.1042       
# span 4 =   1.197988,   3.154962       
# span 5 =   1.561976,   3.155011       
# span 6 =     2.4518,     2.6577       
# span 7 =     2.3379,     2.5354       
# span 8 =      8.044,      8.159       
# span 9 =     0.1315,     0.9837       
# span 10 =    -1.0780,   108.9220      
# span 11 = 1.1746e-01, 2.5415e+00      
# span 12 =    -0.0689,    -0.0202      
# span 13 =   100.5069,   101.7368      
# span 14 =     7.1651,     7.6560      
# span 15 =     7.0150,     7.7978      
# span 16 =    11.1475,    32.3846      
# span 17 =    14.7749,    32.3644      
# span 18 =     8.7474,    25.8584      
# span 19 =    11.6040,    25.8430      
# span 20 =    7.05452,    8.07435      
# span 21 = 0.0000e+00, 0.0000e+00      
# interval = scans: 3                   
# start_time = Nov 19 2019 03:45:35 [System UTC, header]
# bad_flag = -9.990e-29
*END*
[from data line 856]
       9624     52.969     2.1184     2.1187   2.878270   2.878275     2.4592     2.3395      8.046     0.1877    -0.8541 1.1787e-01    -0.0632   101.5921     7.5793     7.6637    32.3526    32.3523    25.8424    25.8422    7.75065 0.0000e+00
       9627     52.940     2.1182     2.1186   2.878270   2.878286     2.4588     2.3395      8.046     0.2170    -0.8452 1.1787e-01    -0.0653   101.6463     7.5782     7.6649    32.3528    32.3526    25.8426    25.8423    7.75068 0.0000e+00
       9630     52.910     2.1181     2.1186   2.878272   2.878277     2.4596     2.3395      8.046     0.2389     2.0380 1.1787e-01    -0.0671   101.6916     7.5817     7.6661    32.3530    32.3525    25.8427    25.8422    7.75069 0.0000e+00
       9633     52.882     2.1184     2.1186   2.878270   2.878278     2.4592     2.3399      8.046     0.2414     2.7364 1.1787e-01    -0.0668   101.6825     7.5811     7.6697    32.3527    32.3525    25.8424    25.8423    7.75065 0.0000e+00
       9636     52.855     2.1185     2.1187   2.878270   2.878299     2.4596     2.3408      8.046     0.2365     2.7095 1.1787e-01    -0.0671   101.6916     7.5828     7.6756    32.3526    32.3527    25.8423    25.8425    7.75063 0.0000e+00
       9639     52.825     2.1184     2.1188   2.878264   2.878294     2.4596     2.3408      8.046     0.2389     2.7095 1.1787e-01    -0.0668   101.6825     7.5828     7.6757    32.3526    32.3525    25.8424    25.8423    7.75065 0.0000e+00
       9642     52.795     2.1182     2.1191   2.878261   2.878286     2.4592     2.3404      8.046     0.2365     2.7095 1.1787e-01    -0.0668   101.6825     7.5805     7.6746    32.3528    32.3522    25.8426    25.8420    7.75068 0.0000e+00
       9645     52.764     2.1183     2.1189   2.878276   2.878312     2.4596     2.3408      8.046     0.2340     2.7095 1.1787e-01    -0.0668   101.6825     7.5812     7.6771    32.3529    32.3527    25.8426    25.8425    7.75065 0.0000e+00
       9648     52.733     2.1184     2.1188   2.878274   2.878289     2.4600     2.3408      8.046     0.2340     2.7095 1.1787e-01    -0.0653   101.6463     7.5823     7.6782    32.3527    32.3525    25.8425    25.8423    7.75064 0.0000e+00
       9651     52.700     2.1183     2.1190   2.878276   2.878291     2.4592     2.3408      8.046     0.2340     2.7095 1.1787e-01    -0.0653   101.6463     7.5783     7.6786    32.3529    32.3523    25.8426    25.8421    7.75065 0.0000e+00
       9654     52.670     2.1184     2.1192   2.878264   2.878308     2.4600     2.3412      8.046     0.1730     3.0945 1.1787e-01    -0.0653   101.6463     7.5801     7.6797    32.3527    32.3524    25.8425    25.8422    7.75065 0.0000e+00
       9657     52.640     2.1183     2.1192   2.878266   2.878323     2.4600     2.3420      8.046     0.1608     5.9777 1.1787e-01    -0.0653   101.6463     7.5792     7.6813    32.3528    32.3526    25.8425    25.8424    7.75065 0.0000e+00
       9660     52.608     2.1184     2.1192   2.878260   2.878303     2.4600     2.3420      8.046     0.1632     6.0494 1.1787e-01    -0.0653   101.6463     7.5774     7.6824    32.3527    32.3523    25.8424    25.8421    7.75064 0.0000e+00
       9663     52.574     2.1185     2.1193   2.878274   2.878303     2.4596     2.3412      8.046     0.1657     6.0494 1.1787e-01    -0.0653   101.6463     7.5748     7.6808    32.3528    32.3523    25.8425    25.8421    7.75062 0.0000e+00
       9666     52.541     2.1186     2.1193   2.878286   2.878303     2.4596     2.3420      8.046     0.1608     6.0583 1.1787e-01    -0.0649   101.6373     7.5734     7.6826    32.3528    32.3523    25.8426    25.8421    7.75060 0.0000e+00
       9669     52.508     2.1185     2.1193   2.878280   2.878303     2.4592     2.3424      8.046     0.1632     6.0494 1.1787e-01    -0.0632   101.5921     7.5714     7.6825    32.3528    32.3523    25.8425    25.8421    7.75061 0.0000e+00
       9672     52.476     2.1186     2.1193   2.878270   2.878303     2.4596     2.3424      8.046     0.1632     6.0404 1.1787e-01    -0.0632   101.5921     7.5719     7.6812    32.3526    32.3523    25.8424    25.8421    7.75061 0.0000e+00
       9675     52.441     2.1186     2.1192   2.878272   2.878302     2.4596     2.3432      8.046     0.1608     6.0583 1.1773e-01    -0.0635   101.6011     7.5721     7.6827    32.3527    32.3525    25.8425    25.8422    7.75061 0.0000e+00
       9678     52.406     2.1185     2.1192   2.878262   2.878310     2.4592     2.3424      8.046     0.1632     6.0494 1.1787e-01    -0.0632   101.5921     7.5701     7.6767    32.3527    32.3525    25.8424    25.8423    7.75062 0.0000e+00
       9681     52.372     2.1186     2.1194   2.878282   2.878297     2.4592     2.3428      8.046     0.1535    41.4983 1.1787e-01    -0.0632   101.5921     7.5702     7.6779    32.3529    32.3522    25.8426    25.8420    7.75060 0.0000e+00
       9684     52.336     2.1184     2.1195   2.878259   2.878310     2.4588     2.3440      8.046     0.1535   108.9220 1.1787e-01    -0.0632   101.5921     7.5687     7.6829    32.3528    32.3523    25.8425    25.8421    7.75063 0.0000e+00
       9687     52.302     2.1184     2.1195   2.878251   2.878310     2.4584     2.3432      8.046     0.1559   108.3848 1.1787e-01    -0.0632   101.5921     7.5681     7.6779    32.3527    32.3523    25.8424    25.8421    7.75064 0.0000e+00
       9690     52.268     2.1183     2.1196   2.878249   2.878325     2.4588     2.3428      8.046     0.1559   108.3937 1.1787e-01    -0.0632   101.5921     7.5692     7.6754    32.3528    32.3524    25.8425    25.8422    7.75065 0.0000e+00
       9693     52.236     2.1184     2.1198   2.878259   2.878335     2.4592     2.3428      8.046     0.1535   108.4116 1.1787e-01    -0.0632   101.5921     7.5699     7.6755    32.3528    32.3524    25.8426    25.8421    7.75063 0.0000e+00
       9696     52.205     2.1183     2.1197   2.878253   2.878356     2.4584     2.3432      8.046     0.1559   108.4027 1.1787e-01    -0.0632   101.5921     7.5663     7.6773    32.3529    32.3527    25.8426    25.8424    7.75065 0.0000e+00
       9699     52.172     2.1184     2.1197   2.878251   2.878343     2.4592     2.3432      8.046     0.1559   108.3937 1.1787e-01    -0.0632   101.5921     7.5684     7.6776    32.3527    32.3526    25.8425    25.8423    7.75064 0.0000e+00
       9702     52.138     2.1184     2.1197   2.878259   2.878318     2.4588     2.3432      8.046     0.1535   108.4116 1.1787e-01    -0.0632   101.5921     7.5666     7.6788    32.3529    32.3523    25.8426    25.8421    7.75063 0.0000e+00
       9705     52.105     2.1184     2.1195   2.878235   2.878308     2.4580     2.3436      8.046     0.1584   108.4027 1.1787e-01    -0.0628   101.5831     7.5623     7.6792    32.3526    32.3524    25.8424    25.8421    7.75064 0.0000e+00
       9708     52.070     2.1184     2.1195   2.878233   2.878305     2.4588     2.3436      8.046     0.1559    40.5940 1.1787e-01    -0.0639   101.6102     7.5643     7.6797    32.3526    32.3523    25.8424    25.8421    7.75064 0.0000e+00
       9711     52.036     2.1185     2.1196   2.878243   2.878295     2.4584     2.3436      8.046     0.1559    -0.5497 1.1773e-01    -0.0642   101.6192     7.5618     7.6815    32.3527    32.3522    25.8424    25.8420    7.75063 0.0000e+00
       9714     52.001     2.1185     2.1195   2.878259   2.878312     2.4580     2.3444      8.046     0.1608     0.5964 1.1787e-01    -0.0642   101.6192     7.5593     7.6841    32.3529    32.3525    25.8426    25.8422    7.75061 0.0000e+00
       9717     51.963     2.1187     2.1195   2.878244   2.878293     2.4576     2.3444      8.046     0.1584     0.5516 1.1787e-01    -0.0646   101.6282     7.5577     7.6818    32.3525    32.3523    25.8423    25.8421    7.75059 0.0000e+00
       9720     51.927     2.1187     2.1195   2.878264   2.878286     2.4576     2.3440      8.046     0.1584     0.5606 1.1787e-01    -0.0642   101.6192     7.5582     7.6780    32.3527    32.3522    25.8425    25.8420    7.75058 0.0000e+00
       9723     51.887     2.1188     2.1191   2.878246   2.878290     2.4572     2.3444      8.046     0.1559     0.5606 1.1773e-01    -0.0642   101.6192     7.5562     7.6787    32.3525    32.3527    25.8423    25.8424    7.75058 0.0000e+00
       9726     51.846     2.1188     2.1191   2.878274   2.878277     2.4572     2.3444      8.046     0.1584     0.5516 1.1787e-01    -0.0642   101.6192     7.5562     7.6772    32.3528    32.3526    25.8425    25.8423    7.75055 0.0000e+00
       9729     51.804     2.1189     2.1193   2.878262   2.878277     2.4568     2.3444      8.046     0.1559     0.5606 1.1787e-01    -0.0660   101.6644     7.5557     7.6760    32.3526    32.3523    25.8423    25.8421    7.75055 0.0000e+00
       9732     51.763     2.1188     2.1193   2.878270   2.878258     2.4568     2.3444      8.046     0.1608     0.5516 1.1787e-01    -0.0660   101.6644     7.5569     7.6750    32.3529    32.3522    25.8426    25.8420    7.75056 0.0000e+00
       9735     51.716     2.1188     2.1191   2.878258   2.878252     2.4568     2.3444      8.046     0.1632     0.5964 1.1787e-01    -0.0653   101.6463     7.5592     7.6734    32.3528    32.3524    25.8425    25.8421    7.75057 0.0000e+00
       9738     51.671     2.1188     2.1191   2.878258   2.878234     2.4568     2.3444      8.046     0.1608     0.6143 1.1787e-01    -0.0657   101.6554     7.5611     7.6725    32.3527    32.3521    25.8425    25.8419    7.75056 0.0000e+00
       9741     51.626     2.1188     2.1188   2.878245   2.878238     2.4568     2.3436      8.046     0.1657     0.6143 1.1787e-01    -0.0657   101.6554     7.5630     7.6695    32.3526    32.3526    25.8424    25.8423    7.75057 0.0000e+00
       9744     51.581     2.1187     2.1188   2.878219   2.878255     2.4568     2.3444      8.046     0.1608     0.6143 1.1787e-01    -0.0653   101.6463     7.5647     7.6725    32.3524    32.3528    25.8422    25.8425    7.75060 0.0000e+00
       9747     51.537     2.1187     2.1191   2.878233   2.878241     2.4559     2.3444      8.046     0.1657     0.6053 1.1787e-01    -0.0653   101.6463     7.5622     7.6723    32.3526    32.3522    25.8423    25.8420    7.75059 0.0000e+00
       9750     51.492     2.1188     2.1191   2.878241   2.878243     2.4559     2.3444      8.046     0.1632     0.6053 1.1787e-01    -0.0664   101.6735     7.5637     7.6725    32.3527    32.3523    25.8424    25.8421    7.75057 0.0000e+00
       9753     51.448     2.1186     2.1191   2.878215   2.878250     2.4568     2.3444      8.046     0.1608     0.6053 1.1787e-01    -0.0664   101.6735     7.5676     7.6727    32.3525    32.3524    25.8423    25.8422    7.75061 0.0000e+00
       9756     51.408     2.1186     2.1191   2.878213   2.878258     2.4568     2.3444      8.046     0.1608     0.6143 1.1787e-01    -0.0664   101.6735     7.5680     7.6729    32.3525    32.3526    25.8423    25.8423    7.75061 0.0000e+00
       9759     51.370     2.1186     2.1192   2.878243   2.878232     2.4568     2.3444      8.046     0.1461     0.7755 1.1787e-01    -0.0664   101.6735     7.5697     7.6731    32.3529    32.3522    25.8427    25.8420    7.75060 0.0000e+00
       9762     51.334     2.1186     2.1191   2.878224   2.878243     2.4568     2.3444      8.046     0.1461     1.4918 1.1787e-01    -0.0664   101.6735     7.5702     7.6733    32.3527    32.3524    25.8425    25.8422    7.75061 0.0000e+00
       9765     51.301     2.1186     2.1191   2.878214   2.878235     2.4572     2.3444      8.046     0.1510     1.5008 1.1787e-01    -0.0664   101.6735     7.5729     7.6732    32.3526    32.3524    25.8424    25.8421    7.75060 0.0000e+00
       9768     51.271     2.1186     2.1192   2.878208   2.878247     2.4568     2.3444      8.046     0.1510     1.5008 1.1787e-01    -0.0653   101.6463     7.5722     7.6716    32.3525    32.3524    25.8423    25.8422    7.75060 0.0000e+00
       9771     51.245     2.1186     2.1190   2.878226   2.878239     2.4568     2.3444      8.046     0.1486     1.5008 1.1787e-01    -0.0664   101.6735     7.5722     7.6716    32.3527    32.3525    25.8425    25.8423    7.75059 0.0000e+00
       9774     51.220     2.1185     2.1190   2.878192   2.878205     2.4572     2.3444      8.046     0.1486     1.5008 1.1787e-01    -0.0664   101.6735     7.5725     7.6716    32.3525    32.3521    25.8422    25.8419    7.75064 0.0000e+00
       9858     51.177     2.1180     2.1192   2.878176   2.878247     2.4568     2.3444      8.046     0.1510     0.6501 1.1773e-01    -0.0682   101.7187     7.5686     7.6706    32.3528    32.3524    25.8426    25.8422    7.75072 0.0000e+00
       9861     51.144     2.1182     2.1193   2.878199   2.878251     2.4572     2.3444      8.046     0.1461     0.6412 1.1787e-01    -0.0685   101.7277     7.5722     7.6707    32.3529    32.3524    25.8426    25.8422    7.75067 0.0000e+00
       9864     51.105     2.1183     2.1193   2.878191   2.878243     2.4576     2.3444      8.046     0.1510     0.6949 1.1787e-01    -0.0682   101.7187     7.5757     7.6705    32.3528    32.3524    25.8425    25.8422    7.75067 0.0000e+00
       9867     51.060     2.1182     2.1193   2.878193   2.878253     2.4576     2.3444      8.046     0.1510     0.8113 1.1773e-01    -0.0682   101.7187     7.5764     7.6700    32.3528    32.3525    25.8426    25.8422    7.75067 0.0000e+00
       9870     51.006     2.1186     2.1193   2.878207   2.878258     2.4576     2.3444      8.046     0.1486     0.8113 1.1787e-01    -0.0660   101.6644     7.5774     7.6683    32.3526    32.3526    25.8424    25.8423    7.75060 0.0000e+00
       9873     50.949     2.1188     2.1193   2.878217   2.878258     2.4576     2.3444      8.046     0.1510     0.8113 1.1787e-01    -0.0653   101.6463     7.5777     7.6676    32.3527    32.3526    25.8424    25.8423    7.75057 0.0000e+00
       9876     50.885     2.1186     2.1194   2.878204   2.878226     2.4576     2.3444      8.046     0.1510     0.8023 1.1787e-01    -0.0653   101.6463     7.5777     7.6657    32.3527    32.3522    25.8424    25.8419    7.75060 0.0000e+00
       9879     50.816     2.1186     2.1193   2.878204   2.878246     2.4580     2.3440      8.046     0.1461     0.8202 1.1773e-01    -0.0653   101.6463     7.5791     7.6628    32.3528    32.3526    25.8425    25.8423    7.75060 0.0000e+00
       9882     50.738     2.1184     2.1194   2.878196   2.878250     2.4580     2.3444      8.046     0.1461     0.8113 1.1787e-01    -0.0653   101.6463     7.5791     7.6632    32.3528    32.3525    25.8426    25.8422    7.75063 0.0000e+00
       9885     50.656     2.1185     2.1194   2.878181   2.878243     2.4580     2.3444      8.046     0.1510     0.8023 1.1787e-01    -0.0653   101.6463     7.5791     7.6634    32.3526    32.3525    25.8424    25.8422    7.75063 0.0000e+00
       9888     50.566     2.1183     2.1194   2.878181   2.878224     2.4584     2.3440      8.046     0.1461     0.8202 1.1787e-01    -0.0649   101.6373     7.5794     7.6610    32.3528    32.3523    25.8426    25.8420    7.75065 0.0000e+00
       9891     50.473     2.1182     2.1195   2.878184   2.878227     2.4584     2.3444      8.046     0.1486     0.9635 1.1787e-01    -0.0664   101.6735     7.5787     7.6609    32.3531    32.3523    25.8428    25.8421    7.75066 0.0000e+00
       9894     50.378     2.1185     2.1193   2.878179   2.878233     2.4584     2.3432      8.046     0.1461     1.0978 1.1787e-01    -0.0668   101.6825     7.5786     7.6556    32.3528    32.3526    25.8425    25.8423    7.75062 0.0000e+00
       9897     50.284     2.1185     2.1192   2.878179   2.878221     2.4588     2.3440      8.046     0.1486     1.0710 1.1787e-01    -0.0664   101.6735     7.5788     7.6590    32.3529    32.3526    25.8426    25.8423    7.75062 0.0000e+00
