Datasets/AZMP/COO001/79001078.cnv
* Sea-Bird SBE 9 Data File:
* FileName = C:\CTDDATA\79001078.hex
* Software Version Seasave V 7.26.7.110
* Temperature SN = 5660
* Conductivity SN = 3698
* Number of Bytes Per Scan = 30
* Number of Voltage Words = 4
* Number of Scans Averaged by the Deck Unit = 1
* NMEA baud rate = 9600
** VESSEL/TRIP/SEQ STN:  79001078
** LATITUDE XX XX.XX N:  48 11.45 N
** LONGITUDE XX XX.XX W:  53 35.70 W
** SOUNDING DEPTH (M):  0211
** PROBE TYPE: S1257
** CTD NUMBER: 045
** COMMENTS (14 CHAR): SS-06
** BOTTLES:  0
** LEVELS:
** STICKERS:
** VNET: N
** DO2: N
# nquan = 22
# nvalues = 7111                        
# units = specified
# name 0 = scan: Scan Count
# name 1 = prDM: Pressure, Digiquartz [db]
# name 2 = t090C: Temperature [ITS-90, deg C]
# name 3 = t190C: Temperature, 2 [ITS-90, deg C]
# name 4 = c0S/m: Conductivity [S/m]
# name 5 = c1S/m: Conductivity, 2 [S/m]
# name 6 = sbeox0V: Oxygen raw, SBE 43 [V]
# name 7 = sbeox1V: Oxygen raw, SBE 43, 2 [V]
# name 8 = ph: pH
# name 9 = flECO-AFL: Fluorescence, WET Labs ECO-AFL/FL [mg/m^3]
# name 10 = wetCDOM: Fluorescence, WET Labs CDOM [mg/m^3]
# name 11 = par/sat/log: PAR/Logarithmic, Satlantic [umol photons/m^2/sec]
# name 12 = CStarAt0: Beam Attenuation, WET Labs C-Star [1/m]
# name 13 = CStarTr0: Beam Transmission, WET Labs C-Star [%]
# name 14 = sbeox0ML/L: Oxygen, SBE 43 [ml/l], WS = 2
# name 15 = sbeox1ML/L: Oxygen, SBE 43, 2 [ml/l], WS = 2
# name 16 = sal00: Salinity, Practical [PSU]
# name 17 = sal11: Salinity, Practical, 2 [PSU]
# name 18 = sigma-t00: Density [sigma-t, kg/m^3 ]
# name 19 = sigma-t11: Density, 2 [sigma-t, kg/m^3 ]
# name 20 = oxsatML/L: Oxygen Saturation, Weiss [ml/l]
# name 21 = flag: flag
# span 0 =        216,      25715       
# span 1 =      0.807,    199.842       
# span 2 =     0.1506,     3.4700       
# span 3 =     0.1492,     3.4687       
# span 4 =   2.761276,   2.931293       
# span 5 =   2.761624,   2.931439       
# span 6 =     2.3800,     2.7555       
# span 7 =     2.3471,     2.7131       
# span 8 =      8.031,      8.179       
# span 9 =     0.0215,     0.7394       
# span 10 =    -2.6551,   481.6343      
# span 11 = 1.0790e-01, 1.7020e+02      
# span 12 =     0.0786,     0.1911      
# span 13 =    95.3348,    98.0547      
# span 14 =     6.7225,     7.6566      
# span 15 =     7.3191,     7.9302      
# span 16 =    31.2816,    32.9720      
# span 17 =    31.2847,    32.9751      
# span 18 =    24.8799,    26.4618      
# span 19 =    24.8823,    26.4643      
# span 20 =    7.53123,    8.12619      
# span 21 = 0.0000e+00, 0.0000e+00      
# interval = scans: 3                   
# start_time = Dec 01 2019 15:54:20 [System UTC, header]
# bad_flag = -9.990e-29
*END*
[from data line 396]
       1404     24.360     3.4169     3.4177   2.928018   2.927989     2.7342     2.7094      8.174     0.6711     2.1614 3.2451e+00     0.1232    96.9685     7.4827     7.8823    31.6771    31.6760    25.1975    25.1966    7.53409 0.0000e+00
       1407     24.426     3.4178     3.4175   2.927987   2.927996     2.7342     2.7094      8.174     0.6760     2.1614 3.2301e+00     0.1249    96.9251     7.4820     7.8827    31.6759    31.6763    25.1964    25.1968    7.53399 0.0000e+00
       1410     24.492     3.4173     3.4163   2.927931   2.928001     2.7347     2.7094      8.174     0.6857     2.1614 3.1967e+00     0.1249    96.9251     7.4841     7.8840    31.6756    31.6774    25.1962    25.1978    7.53409 0.0000e+00
       1413     24.560     3.4149     3.4153   2.927876   2.928012     2.7351     2.7094      8.174     0.6760     2.1614 3.1709e+00     0.1249    96.9251     7.4862     7.8847    31.6773    31.6786    25.1978    25.1988    7.53446 0.0000e+00
       1416     24.627     3.4132     3.4156   2.927857   2.928017     2.7359     2.7102      8.174     0.6760     2.1614 3.1454e+00     0.1249    96.9251     7.4890     7.8879    31.6787    31.6782    25.1991    25.1985    7.53472 0.0000e+00
       1419     24.697     3.4111     3.4164   2.927826   2.928002     2.7359     2.7094      8.174     0.6760     2.1614 3.1200e+00     0.1246    96.9338     7.4890     7.8875    31.6803    31.6773    25.2005    25.1976    7.53503 0.0000e+00
       1422     24.766     3.4097     3.4164   2.927788   2.928055     2.7351     2.7098      8.174     0.6711     2.1614 3.1020e+00     0.1246    96.9338     7.4883     7.8914    31.6812    31.6779    25.2014    25.1981    7.53525 0.0000e+00
       1425     24.834     3.4075     3.4156   2.927710   2.928047     2.7359     2.7098      8.174     0.5783     2.1614 3.0841e+00     0.1228    96.9772     7.4912     7.8938    31.6824    31.6785    25.2025    25.1987    7.53560 0.0000e+00
       1428     24.902     3.4055     3.4151   2.927731   2.928022     2.7359     2.7098      8.174     0.5734     2.1614 3.0664e+00     0.1196    97.0554     7.4902     7.8938    31.6845    31.6786    25.2044    25.1988    7.53586 0.0000e+00
       1431     24.972     3.4059     3.4150   2.927781   2.928005     2.7363     2.7094      8.174     0.5685     2.1614 3.0417e+00     0.1203    97.0380     7.4916     7.8910    31.6847    31.6785    25.2045    25.1988    7.53578 0.0000e+00
       1434     25.043     3.4076     3.4143   2.927743   2.928011     2.7363     2.7102      8.174     0.5734     2.1614 3.0171e+00     0.1199    97.0467     7.4902     7.8931    31.6826    31.6792    25.2027    25.1994    7.53557 0.0000e+00
       1437     25.112     3.4078     3.4129   2.927637   2.927973     2.7363     2.7102      8.174     0.5783     2.1614 2.9824e+00     0.1196    97.0554     7.4901     7.8919    31.6810    31.6801    25.2014    25.2003    7.53560 0.0000e+00
       1440     25.180     3.4063     3.4112   2.927649   2.927927     2.7367     2.7098      8.174     0.5783     2.1614 2.9584e+00     0.1203    97.0380     7.4921     7.8899    31.6827    31.6812    25.2029    25.2012    7.53582 0.0000e+00
       1443     25.249     3.4064     3.4086   2.927617   2.927888     2.7371     2.7102      8.174     0.5734     2.1614 2.9414e+00     0.1199    97.0467     7.4934     7.8927    31.6821    31.6833    25.2024    25.2031    7.53582 0.0000e+00
       1446     25.317     3.4039     3.4063   2.927471   2.927893     2.7371     2.7106      8.174     0.5734     2.1614 2.9210e+00     0.1213    97.0120     7.4926     7.8952    31.6828    31.6855    25.2032    25.2051    7.53626 0.0000e+00
       1449     25.386     3.3990     3.4102   2.927172   2.927969     2.7363     2.7106      8.174     0.5636     2.1614 2.9008e+00     0.1224    96.9859     7.4901     7.8939    31.6839    31.6826    25.2045    25.2024    7.53712 0.0000e+00
       1452     25.453     3.3938     3.4136   2.927014   2.928032     2.7371     2.7098      8.174     0.5685     2.1614 2.8841e+00     0.1221    96.9946     7.4943     7.8915    31.6871    31.6799    25.2075    25.2000    7.53794 0.0000e+00
       1455     25.520     3.3914     3.4145   2.927087   2.928058     2.7375     2.7098      8.174     0.5685     2.1614 2.8609e+00     0.1224    96.9859     7.4949     7.8906    31.6903    31.6794    25.2102    25.1995    7.53824 0.0000e+00
       1458     25.586     3.3901     3.4135   2.927085   2.928120     2.7375     2.7102      8.174     0.5636     2.1614 2.8345e+00     0.1221    96.9946     7.4945     7.8907    31.6915    31.6810    25.2113    25.2009    7.53842 0.0000e+00
       1461     25.650     3.3893     3.4138   2.927055   2.928131     2.7379     2.7098      8.174     0.5588     2.1614 2.8117e+00     0.1217    97.0033     7.4956     7.8889    31.6920    31.6809    25.2117    25.2008    7.53856 0.0000e+00
       1464     25.713     3.3885     3.4142   2.927002   2.928094     2.7379     2.7098      8.174     0.5685     2.1614 2.7954e+00     0.1224    96.9859     7.4954     7.8877    31.6920    31.6800    25.2119    25.2000    7.53869 0.0000e+00
       1467     25.779     3.3869     3.4151   2.927031   2.928122     2.7367     2.7106      8.174     0.5685     2.1614 2.7761e+00     0.1206    97.0293     7.4907     7.8890    31.6940    31.6794    25.2136    25.1995    7.53891 0.0000e+00
       1470     25.842     3.3857     3.4103   2.926912   2.928007     2.7375     2.7106      8.174     0.5636     2.1614 2.7506e+00     0.1210    97.0206     7.4931     7.8903    31.6937    31.6827    25.2134    25.2025    7.53915 0.0000e+00
       1473     25.907     3.3844     3.4023   2.926942   2.927870     2.7383     2.7102      8.174     0.5685     2.1614 2.7190e+00     0.1206    97.0293     7.4953     7.8909    31.6952    31.6888    25.2148    25.2081    7.53931 0.0000e+00
       1476     25.965     3.3832     3.3983   2.926821   2.927832     2.7379     2.7106      8.174     0.5441     2.0824 2.7095e+00     0.1206    97.0293     7.4931     7.8937    31.6949    31.6922    25.2147    25.2112    7.53955 0.0000e+00
       1479     26.027     3.3813     3.3948   2.926727   2.927560     2.7379     2.7102      8.174     0.5099     2.0429 2.6784e+00     0.1206    97.0293     7.4937     7.8904    31.6957    31.6924    25.2154    25.2116    7.53988 0.0000e+00
       1482     26.088     3.3800     3.3921   2.926676   2.927483     2.7375     2.7102      8.174     0.5246     2.0429 2.6691e+00     0.1206    97.0293     7.4939     7.8905    31.6962    31.6941    25.2160    25.2132    7.54009 0.0000e+00
       1485     26.146     3.3784     3.3886   2.926615   2.927206     2.7387     2.7102      8.174     0.5197     2.0429 2.6476e+00     0.1213    97.0120     7.4993     7.8923    31.6971    31.6942    25.2167    25.2136    7.54035 0.0000e+00
       1488     26.205     3.3770     3.3831   2.926717   2.926857     2.7375     2.7098      8.174     0.5197     2.0429 2.6263e+00     0.1206    97.0293     7.4972     7.8927    31.6996    31.6954    25.2190    25.2150    7.54049 0.0000e+00
       1491     26.262     3.3790     3.3799   2.926894   2.926704     2.7375     2.7102      8.174     0.5148     2.0429 2.6081e+00     0.1206    97.0293     7.4972     7.8939    31.6997    31.6966    25.2188    25.2163    7.54010 0.0000e+00
       1494     26.320     3.3828     3.3783   2.926998   2.926655     2.7375     2.7102      8.174     0.5148     2.0429 2.5871e+00     0.1206    97.0293     7.4960     7.8960    31.6972    31.6975    25.2165    25.2172    7.53951 0.0000e+00
       1497     26.374     3.3818     3.3776   2.926722   2.926639     2.7383     2.7098      8.174     0.5246     2.0429 2.5811e+00     0.1206    97.0293     7.5003     7.8932    31.6949    31.6980    25.2148    25.2176    7.53982 0.0000e+00
       1500     26.428     3.3795     3.3775   2.926819   2.926622     2.7379     2.7102      8.174     0.5246     2.0429 2.5662e+00     0.1206    97.0293     7.5014     7.8946    31.6983    31.6979    25.2176    25.2175    7.54008 0.0000e+00
       1503     26.482     3.3783     3.3774   2.926907   2.926632     2.7387     2.7094      8.174     0.5392     2.2798 2.5485e+00     0.1206    97.0293     7.5049     7.8913    31.7005    31.6981    25.2195    25.2177    7.54020 0.0000e+00
       1506     26.540     3.3776     3.3771   2.926952   2.926657     2.7391     2.7106      8.174     0.5392     2.2798 2.5309e+00     0.1196    97.0554     7.5071     7.8943    31.7016    31.6987    25.2205    25.2182    7.54026 0.0000e+00
       1509     26.594     3.3788     3.3753   2.927059   2.926627     2.7391     2.7106      8.174     0.5246     2.2798 2.5018e+00     0.1174    97.1075     7.5059     7.8936    31.7017    31.7000    25.2204    25.2194    7.54004 0.0000e+00
       1512     26.648     3.3806     3.3736   2.927126   2.926636     2.7387     2.7106      8.174     0.5343     2.2798 2.4845e+00     0.1174    97.1075     7.5061     7.8927    31.7007    31.7018    25.2195    25.2209    7.53975 0.0000e+00
       1515     26.701     3.3846     3.3736   2.927219   2.926607     2.7391     2.7102      8.174     0.5343     2.2798 2.4816e+00     0.1174    97.1075     7.5062     7.8892    31.6980    31.7013    25.2169    25.2206    7.53914 0.0000e+00
       1518     26.755     3.3888     3.3729   2.927273   2.926573     2.7391     2.7102      8.174     0.5343     2.2798 2.4559e+00     0.1174    97.1075     7.5048     7.8883    31.6944    31.7017    25.2137    25.2209    7.53852 0.0000e+00
       1521     26.808     3.3891     3.3717   2.927278   2.926638     2.7400     2.7094      8.174     0.5392     2.2798 2.4362e+00     0.1174    97.1075     7.5079     7.8841    31.6942    31.7036    25.2135    25.2226    7.53848 0.0000e+00
       1524     26.861     3.3871     3.3701   2.927213   2.926643     2.7396     2.7098      8.174     0.5295     2.2798 2.4193e+00     0.1174    97.1075     7.5059     7.8857    31.6954    31.7051    25.2146    25.2239    7.53880 0.0000e+00
       1527     26.915     3.3849     3.3692   2.927159   2.926614     2.7400     2.7094      8.174     0.5392     2.2798 2.4082e+00     0.1199    97.0467     7.5046     7.8832    31.6968    31.7057    25.2160    25.2245    7.53914 0.0000e+00
       1530     26.967     3.3819     3.3676   2.926924   2.926480     2.7396     2.7094      8.174     0.5734     2.2798 2.3970e+00     0.1203    97.0380     7.5023     7.8807    31.6969    31.7056    25.2163    25.2245    7.53969 0.0000e+00
       1533     27.018     3.3785     3.3656   2.926847   2.926347     2.7396     2.7094      8.174     0.5783     2.2798 2.3750e+00     0.1206    97.0293     7.5023     7.8816    31.6993    31.7059    25.2186    25.2250    7.54022 0.0000e+00
       1536     27.076     3.3762     3.3648   2.926737   2.926356     2.7404     2.7094      8.174     0.5734     2.2798 2.3832e+00     0.1206    97.0293     7.5049     7.8849    31.7001    31.7068    25.2194    25.2257    7.54060 0.0000e+00
       1539     27.131     3.3741     3.3647   2.926621   2.926362     2.7400     2.7094      8.174     0.5734     2.2798 2.3558e+00     0.1203    97.0380     7.5037     7.8878    31.7009    31.7070    25.2202    25.2259    7.54098 0.0000e+00
       1542     27.185     3.3719     3.3640   2.926483   2.926280     2.7408     2.7090      8.174     0.5734     2.2798 2.3477e+00     0.1206    97.0293     7.5061     7.8891    31.7013    31.7067    25.2207    25.2257    7.54137 0.0000e+00
       1545     27.239     3.3704     3.3633   2.926425   2.926211     2.7408     2.7090      8.174     0.5783     2.2798 2.3314e+00     0.1206    97.0293     7.5051     7.8902    31.7021    31.7064    25.2215    25.2256    7.54162 0.0000e+00
       1548     27.292     3.3689     3.3621   2.925946   2.926111     2.7400     2.7094      8.174     0.5734     2.2798 2.3153e+00     0.1189    97.0728     7.5027     7.8907    31.6978    31.7064    25.2182    25.2256    7.54211 0.0000e+00
       1551     27.346     3.3673     3.3604   2.925995   2.925979     2.7387     2.7090      8.174     0.5832     2.2798 2.3046e+00     0.1185    97.0815     7.4985     7.8886    31.6999    31.7064    25.2200    25.2259    7.54230 0.0000e+00
       1554     27.400     3.3654     3.3590   2.926023   2.925899     2.7400     2.7082      8.174     0.5636     2.2798 2.2913e+00     0.1185    97.0815     7.5032     7.8849    31.7021    31.7068    25.2219    25.2262    7.54256 0.0000e+00
       1557     27.454     3.3636     3.3583   2.925914   2.925918     2.7400     2.7090      8.174     0.5343     2.2798 2.2702e+00     0.1185    97.0815     7.5022     7.8872    31.7025    31.7078    25.2224    25.2271    7.54287 0.0000e+00
       1560     27.512     3.3621     3.3580   2.925884   2.925839     2.7400     2.7094      8.174     0.5343     2.2798 2.2624e+00     0.1185    97.0815     7.5024     7.8885    31.7036    31.7070    25.2234    25.2265    7.54311 0.0000e+00
       1563     27.568     3.3616     3.3577   2.925875   2.925859     2.7412     2.7094      8.174     0.5343     2.2798 2.2494e+00     0.1185    97.0815     7.5065     7.8887    31.7039    31.7076    25.2237    25.2269    7.54318 0.0000e+00
       1566     27.624     3.3608     3.3579   2.925792   2.925919     2.7395     2.7090      8.174     0.5392     2.2798 2.2364e+00     0.1185    97.0815     7.5008     7.8875    31.7037    31.7081    25.2236    25.2274    7.54334 0.0000e+00
       1569     27.681     3.3607     3.3586   2.925857   2.925963     2.7400     2.7086      8.174     0.5295     2.2798 2.2209e+00     0.1170    97.1162     7.5025     7.8857    31.7046    31.7079    25.2243    25.2271    7.54332 0.0000e+00
       1572     27.736     3.3608     3.3584   2.925913   2.925894     2.7400     2.7082      8.174     0.5246     2.2798 2.2107e+00     0.1174    97.1075     7.5037     7.8848    31.7050    31.7072    25.2247    25.2266    7.54327 0.0000e+00
       1575     27.794     3.3608     3.3581   2.925827   2.925915     2.7404     2.7082      8.174     0.5343     2.2798 2.1979e+00     0.1174    97.1075     7.5036     7.8860    31.7040    31.7078    25.2239    25.2271    7.54332 0.0000e+00
       1578     27.851     3.3600     3.3583   2.925777   2.925954     2.7400     2.7082      8.174     0.5343     2.2798 2.1878e+00     0.1174    97.1075     7.5000     7.8860    31.7042    31.7080    25.2241    25.2272    7.54347 0.0000e+00
       1581     27.907     3.3596     3.3587   2.925773   2.925991     2.7400     2.7082      8.174     0.5197     2.2009 2.1727e+00     0.1174    97.1075     7.5006     7.8848    31.7045    31.7080    25.2243    25.2272    7.54352 0.0000e+00
       1584     27.965     3.3593     3.3589   2.925791   2.926013     2.7400     2.7082      8.174     0.5002     2.1614 2.1477e+00     0.1170    97.1162     7.5005     7.8865    31.7050    31.7081    25.2248    25.2272    7.54356 0.0000e+00
       1587     28.023     3.3591     3.3591   2.925794   2.926003     2.7400     2.7082      8.174     0.5099     2.1614 2.1329e+00     0.1185    97.0815     7.5015     7.8890    31.7052    31.7077    25.2249    25.2269    7.54358 0.0000e+00
       1590     28.082     3.3590     3.3592   2.925795   2.926021     2.7396     2.7082      8.174     0.5099     2.1614 2.1206e+00     0.1196    97.0554     7.5020     7.8912    31.7053    31.7078    25.2250    25.2270    7.54360 0.0000e+00
       1593     28.140     3.3591     3.3593   2.925797   2.926030     2.7391     2.7082      8.174     0.5099     2.1614 2.0986e+00     0.1196    97.0554     7.4996     7.8936    31.7051    31.7077    25.2249    25.2270    7.54358 0.0000e+00
