Datasets/AZMP/COO001/79001093.cnv
* Sea-Bird SBE 9 Data File:
* FileName = C:\CTDDATA\79001093.hex
* Software Version Seasave V 7.26.7.110
* Temperature SN = 5660
* Conductivity SN = 3698
* Number of Bytes Per Scan = 30
* Number of Voltage Words = 4
* Number of Scans Averaged by the Deck Unit = 1
* NMEA baud rate = 9600
** VESSEL/TRIP/SEQ STN:  79001093
** LATITUDE XX XX.XX N:  48 55.00
** LONGITUDE XX XX.XX W:  52 24.00
** SOUNDING DEPTH (M):  0364
** PROBE TYPE: S1257
** CTD NUMBER: 059
** COMMENTS (14 CHAR): BB-04
** BOTTLES:  20
** LEVELS: 5,5,5,5,10,20,20,20,20,30,40,50,50,50,75,100,100,100,150,BTM
** STICKERS: 435285 - 435304
** VNET: Y
** DO2: N
# nquan = 22
# nvalues = 7671                        
# units = specified
# name 0 = scan: Scan Count
# name 1 = prDM: Pressure, Digiquartz [db]
# name 2 = t090C: Temperature [ITS-90, deg C]
# name 3 = t190C: Temperature, 2 [ITS-90, deg C]
# name 4 = c0S/m: Conductivity [S/m]
# name 5 = c1S/m: Conductivity, 2 [S/m]
# name 6 = sbeox0V: Oxygen raw, SBE 43 [V]
# name 7 = sbeox1V: Oxygen raw, SBE 43, 2 [V]
# name 8 = ph: pH
# name 9 = flECO-AFL: Fluorescence, WET Labs ECO-AFL/FL [mg/m^3]
# name 10 = wetCDOM: Fluorescence, WET Labs CDOM [mg/m^3]
# name 11 = par/sat/log: PAR/Logarithmic, Satlantic [umol photons/m^2/sec]
# name 12 = CStarAt0: Beam Attenuation, WET Labs C-Star [1/m]
# name 13 = CStarTr0: Beam Transmission, WET Labs C-Star [%]
# name 14 = sbeox0ML/L: Oxygen, SBE 43 [ml/l], WS = 2
# name 15 = sbeox1ML/L: Oxygen, SBE 43, 2 [ml/l], WS = 2
# name 16 = sal00: Salinity, Practical [PSU]
# name 17 = sal11: Salinity, Practical, 2 [PSU]
# name 18 = sigma-t00: Density [sigma-t, kg/m^3 ]
# name 19 = sigma-t11: Density, 2 [sigma-t, kg/m^3 ]
# name 20 = oxsatML/L: Oxygen Saturation, Weiss [ml/l]
# name 21 = flag: flag
# span 0 =         89,      77202       
# span 1 =      1.467,    346.413       
# span 2 =     0.0572,     2.1088       
# span 3 =     0.0408,     2.1073       
# span 4 =   2.752394,   2.953671       
# span 5 =   2.751989,   2.952984       
# span 6 =     2.3437,     2.7473       
# span 7 =     2.3148,     2.7131       
# span 8 =      8.091,      8.199       
# span 9 =    -0.0078,     0.8567       
# span 10 =    -0.9575,     2.1614      
# span 11 = 1.0765e-01, 9.8847e+01      
# span 12 =     0.0651,     0.2807      
# span 13 =    93.2232,    98.3849      
# span 14 =     6.7141,     7.8463      
# span 15 =     7.0208,     8.2412      
# span 16 =    32.1927,    33.9062      
# span 17 =    32.1962,    33.9026      
# span 18 =    25.7164,    27.1404      
# span 19 =    25.7192,    27.1379      
# span 20 =    7.75927,    8.14654      
# span 21 = 0.0000e+00, 0.0000e+00      
# interval = scans: 3                   
# start_time = Dec 02 2019 16:23:55 [System UTC, header]
# bad_flag = -9.990e-29
*END*
[from data line 6190]
      37739    105.503     0.1638     0.1588   2.775867   2.775877     2.4584     2.4267      8.115     0.0313     1.8060 1.0790e-01     0.0715    98.2285     7.2004     7.5033    33.0652    33.0707    26.5364    26.5411    8.11664 0.0000e+00
      37742    105.376     0.1641     0.1620   2.776038   2.775867     2.4593     2.4267      8.115     0.0264     1.8060 1.0790e-01     0.0715    98.2285     7.2053     7.5047    33.0672    33.0672    26.5380    26.5381    8.11646 0.0000e+00
      37745    105.249     0.1643     0.1534   2.775964   2.774347     2.4593     2.4267      8.115     0.0264     1.8060 1.0790e-01     0.0715    98.2285     7.2067     7.5106    33.0661    33.0566    26.5371    26.5299    8.11648 0.0000e+00
      37748    105.122     0.1640     0.1400   2.775854   2.773009     2.4593     2.4263      8.115     0.0264     1.8060 1.0790e-01     0.0726    98.2025     7.2062     7.5146    33.0651    33.0536    26.5362    26.5282    8.11660 0.0000e+00
      37751    104.998     0.1624     0.1313   2.775472   2.772416     2.4588     2.4258      8.115     0.0264     1.8060 1.0790e-01     0.0726    98.2025     7.2029     7.5192    33.0618    33.0552    26.5337    26.5299    8.11712 0.0000e+00
      37754    104.879     0.1597     0.1263   2.774891   2.771762     2.4593     2.4254      8.115     0.0264     1.8060 1.0790e-01     0.0726    98.2025     7.2039     7.5221    33.0572    33.0521    26.5301    26.5277    8.11797 0.0000e+00
      37757    104.764     0.1546     0.1205   2.773937   2.771228     2.4584     2.4254      8.115     0.0215     1.9245 1.0790e-01     0.0726    98.2025     7.2033     7.5278    33.0502    33.0513    26.5248    26.5273    8.11946 0.0000e+00
      37760    104.650     0.1471     0.1175   2.773007   2.771003     2.4588     2.4258      8.115     0.0264     1.9245 1.0790e-01     0.0722    98.2112     7.2064     7.5352    33.0462    33.0517    26.5219    26.5277    8.12130 0.0000e+00
      37763    104.539     0.1416     0.1166   2.772927   2.770954     2.4597     2.4254      8.115     0.0361     1.9245 1.0790e-01     0.0726    98.2025     7.2089     7.5362    33.0511    33.0521    26.5261    26.5282    8.12221 0.0000e+00
      37766    104.440     0.1387     0.1161   2.772687   2.770909     2.4597     2.4254      8.115     0.0264     1.9245 1.0790e-01     0.0722    98.2112     7.2087     7.5389    33.0511    33.0522    26.5262    26.5282    8.12283 0.0000e+00
      37769    104.351     0.1343     0.1160   2.772014   2.770875     2.4597     2.4254      8.115     0.0313     1.9245 1.0790e-01     0.0726    98.2025     7.2097     7.5408    33.0471    33.0518    26.5232    26.5279    8.12400 0.0000e+00
      37772    104.270     0.1303     0.1160   2.772145   2.770879     2.4588     2.4254      8.115     0.0264     1.9245 1.0790e-01     0.0726    98.2025     7.2066     7.5425    33.0532    33.0519    26.5284    26.5280    8.12454 0.0000e+00
      37775    104.195     0.1294     0.1162   2.772106   2.770889     2.4584     2.4254      8.115     0.0313     1.9245 1.0790e-01     0.0726    98.2025     7.2041     7.5447    33.0537    33.0519    26.5288    26.5280    8.12470 0.0000e+00
      37778    104.116     0.1283     0.1169   2.771859   2.771042     2.4588     2.4254      8.115     0.0264     1.9245 1.0790e-01     0.0726    98.2025     7.2045     7.5452    33.0516    33.0532    26.5272    26.5290    8.12505 0.0000e+00
      37781    104.034     0.1279     0.1191   2.771915   2.771273     2.4588     2.4254      8.115     0.0313     1.9245 1.0790e-01     0.0726    98.2025     7.2039     7.5449    33.0529    33.0539    26.5282    26.5295    8.12507 0.0000e+00
      37784    103.947     0.1281     0.1195   2.772002   2.771146     2.4584     2.4254      8.115     0.0264     1.9245 1.0790e-01     0.0726    98.2025     7.2016     7.5458    33.0539    33.0519    26.5290    26.5278    8.12497 0.0000e+00
      37787    103.861     0.1282     0.1177   2.771950   2.770972     2.4588     2.4254      8.115     0.0166     1.9245 1.0815e-01     0.0726    98.2025     7.2034     7.5476    33.0531    33.0515    26.5284    26.5276    8.12499 0.0000e+00
      37790    103.781     0.1279     0.1167   2.771774   2.770874     2.4588     2.4254      8.115     0.0117     1.9245 1.0802e-01     0.0726    98.2025     7.2055     7.5483    33.0511    33.0513    26.5268    26.5276    8.12516 0.0000e+00
      37793    103.707     0.1270     0.1160   2.771616   2.770831     2.4584     2.4246      8.115     0.0166     1.9245 1.0790e-01     0.0726    98.2025     7.2058     7.5458    33.0501    33.0516    26.5260    26.5278    8.12542 0.0000e+00
      37796    103.638     0.1257     0.1159   2.771448   2.770798     2.4584     2.4250      8.115     0.0117     1.9245 1.0815e-01     0.0726    98.2025     7.2077     7.5479    33.0493    33.0514    26.5254    26.5276    8.12574 0.0000e+00
      37799    103.571     0.1240     0.1161   2.771384   2.770885     2.4584     2.4254      8.115     0.0166     1.9245 1.0790e-01     0.0726    98.2025     7.2078     7.5498    33.0503    33.0523    26.5264    26.5283    8.12604 0.0000e+00
      37802    103.506     0.1228     0.1166   2.771365   2.770882     2.4576     2.4254      8.115     0.0117     1.9245 1.0790e-01     0.0726    98.2025     7.2052     7.5502    33.0514    33.0518    26.5273    26.5279    8.12624 0.0000e+00
      37805    103.447     0.1223     0.1168   2.771456   2.770897     2.4588     2.4254      8.115     0.0117     1.9245 1.0790e-01     0.0726    98.2025     7.2099     7.5506    33.0532    33.0518    26.5288    26.5279    8.12626 0.0000e+00
      37808    103.387     0.1227     0.1166   2.771567   2.770888     2.4584     2.4254      8.115     0.0068     1.9245 1.0790e-01     0.0733    98.1851     7.2077     7.5512    33.0542    33.0519    26.5296    26.5280    8.12611 0.0000e+00
      37811    103.336     0.1240     0.1162   2.772074   2.770861     2.4588     2.4254      8.115     0.0166     1.9245 1.0790e-01     0.0733    98.1851     7.2076     7.5517    33.0596    33.0520    26.5338    26.5281    8.12554 0.0000e+00
      37814    103.292     0.1311     0.1162   2.773585   2.770851     2.4584     2.4254      8.115     0.0215     1.9245 1.0802e-01     0.0733    98.1851     7.2043     7.5522    33.0718    33.0519    26.5434    26.5280    8.12333 0.0000e+00
      37817    103.254     0.1393     0.1164   2.774036   2.770883     2.4584     2.4254      8.115     0.0264     1.9245 1.0827e-01     0.0729    98.1938     7.2036     7.5521    33.0689    33.0521    26.5406    26.5282    8.12172 0.0000e+00
      37820    103.223     0.1419     0.1168   2.773650   2.770939     2.4584     2.4254      8.115     0.0264     1.9245 1.0790e-01     0.0733    98.1851     7.2039     7.5481    33.0610    33.0525    26.5341    26.5284    8.12159 0.0000e+00
      37906    103.196     0.1391     0.1177   2.773427   2.771005     2.4588     2.4262      8.115     0.0215     1.8850 1.0790e-01     0.0729    98.1938     7.2052     7.5547    33.0611    33.0523    26.5343    26.5283    8.12218 0.0000e+00
      38076    103.150     0.1299     0.1184   2.772096   2.771055     2.4601     2.4279      8.115     0.0264     1.8060 1.0802e-01     0.0726    98.2025     7.2092     7.5664    33.0536    33.0523    26.5287    26.5283    8.12459 0.0000e+00
      38079    103.097     0.1297     0.1180   2.772052   2.771008     2.4588     2.4279      8.115     0.0264     1.8060 1.0790e-01     0.0726    98.2025     7.2054     7.5644    33.0533    33.0522    26.5285    26.5281    8.12466 0.0000e+00
      38082    103.044     0.1294     0.1179   2.772015   2.771042     2.4597     2.4283      8.112     0.0264     1.8060 1.0790e-01     0.0726    98.2025     7.2078     7.5657    33.0531    33.0527    26.5283    26.5286    8.12472 0.0000e+00
      38085    102.989     0.1289     0.1181   2.771951   2.771040     2.4597     2.4287      8.113     0.0264     1.8060 1.0790e-01     0.0726    98.2025     7.2078     7.5659    33.0529    33.0525    26.5282    26.5284    8.12486 0.0000e+00
      38088    102.936     0.1284     0.1172   2.771935   2.770903     2.4597     2.4279      8.115     0.0313     1.8060 1.0790e-01     0.0726    98.2025     7.2101     7.5606    33.0532    33.0518    26.5285    26.5278    8.12493 0.0000e+00
      38091    102.884     0.1281     0.1172   2.771848   2.770947     2.4588     2.4279      8.115     0.0264     1.8060 1.0790e-01     0.0715    98.2285     7.2089     7.5586    33.0524    33.0524    26.5278    26.5283    8.12504 0.0000e+00
      38094    102.830     0.1276     0.1175   2.771754   2.770988     2.4588     2.4291      8.115     0.0264     1.8060 1.0790e-01     0.0715    98.2285     7.2083     7.5617    33.0517    33.0526    26.5273    26.5285    8.12519 0.0000e+00
      38097    102.774     0.1270     0.1174   2.771772   2.770998     2.4593     2.4279      8.113     0.0264     1.8850 1.0790e-01     0.0719    98.2198     7.2105     7.5556    33.0527    33.0528    26.5281    26.5287    8.12526 0.0000e+00
      38100    102.715     0.1273     0.1176   2.771908   2.770978     2.4597     2.4279      8.115     0.0264     1.9245 1.0790e-01     0.0715    98.2285     7.2152     7.5541    33.0541    33.0524    26.5293    26.5283    8.12512 0.0000e+00
      38103    102.658     0.1277     0.1174   2.771936   2.770956     2.4588     2.4287      8.115     0.0264     1.9245 1.0790e-01     0.0715    98.2285     7.2148     7.5557    33.0542    33.0524    26.5293    26.5284    8.12504 0.0000e+00
      38106    102.597     0.1281     0.1174   2.771941   2.770955     2.4593     2.4279      8.115     0.0264     1.9245 1.0790e-01     0.0715    98.2285     7.2154     7.5511    33.0538    33.0524    26.5290    26.5284    8.12497 0.0000e+00
      38109    102.535     0.1282     0.1173   2.771909   2.770953     2.4588     2.4279      8.115     0.0264     1.9245 1.0790e-01     0.0722    98.2112     7.2144     7.5540    33.0533    33.0526    26.5286    26.5285    8.12498 0.0000e+00
      38112    102.472     0.1280     0.1174   2.771851   2.770973     2.4605     2.4279      8.115     0.0215     1.9245 1.0790e-01     0.0726    98.2025     7.2216     7.5577    33.0528    33.0527    26.5282    26.5286    8.12505 0.0000e+00
      38115    102.406     0.1278     0.1175   2.771832   2.770988     2.4597     2.4279      8.115     0.0264     1.9245 1.0790e-01     0.0726    98.2025     7.2191     7.5565    33.0528    33.0528    26.5282    26.5287    8.12509 0.0000e+00
      38118    102.334     0.1275     0.1179   2.771756   2.771001     2.4588     2.4279      8.115     0.0313     1.9245 1.0790e-01     0.0726    98.2025     7.2153     7.5563    33.0522    33.0526    26.5277    26.5285    8.12519 0.0000e+00
      38121    102.264     0.1267     0.1181   2.771560   2.771060     2.4601     2.4279      8.115     0.0264     1.9245 1.0790e-01     0.0722    98.2112     7.2197     7.5579    33.0505    33.0532    26.5264    26.5289    8.12545 0.0000e+00
      38124    102.187     0.1263     0.1181   2.771588   2.771018     2.4609     2.4279      8.115     0.0264     1.9245 1.0790e-01     0.0726    98.2025     7.2226     7.5567    33.0513    33.0526    26.5271    26.5285    8.12549 0.0000e+00
      38127    102.109     0.1259     0.1181   2.771502   2.771012     2.4601     2.4279      8.115     0.0166     1.9245 1.0790e-01     0.0726    98.2025     7.2198     7.5566    33.0507    33.0527    26.5266    26.5286    8.12562 0.0000e+00
      38130    102.028     0.1249     0.1181   2.771379   2.770978     2.4597     2.4279      8.115     0.0117     1.9245 1.0790e-01     0.0729    98.1938     7.2175     7.5582    33.0502    33.0522    26.5262    26.5282    8.12586 0.0000e+00
      38133    101.944     0.1243     0.1177   2.771272   2.770945     2.4597     2.4287      8.115     0.0166     1.9245 1.0790e-01     0.0722    98.2112     7.2153     7.5608    33.0495    33.0523    26.5257    26.5282    8.12602 0.0000e+00
      38136    101.859     0.1233     0.1176   2.771139   2.770955     2.4601     2.4287      8.115     0.0117     1.9245 1.0790e-01     0.0726    98.2025     7.2155     7.5590    33.0489    33.0526    26.5253    26.5285    8.12629 0.0000e+00
      38139    101.776     0.1225     0.1173   2.771073   2.770893     2.4597     2.4279      8.113     0.0117     1.9245 1.0790e-01     0.0726    98.2025     7.2146     7.5522    33.0489    33.0522    26.5253    26.5282    8.12645 0.0000e+00
      38142    101.692     0.1217     0.1171   2.771007   2.770893     2.4605     2.4279      8.115     0.0117     1.9245 1.0790e-01     0.0726    98.2025     7.2172     7.5478    33.0489    33.0524    26.5253    26.5284    8.12662 0.0000e+00
      38145    101.605     0.1209     0.1179   2.770917   2.771026     2.4601     2.4279      8.115     0.0117     1.9245 1.0790e-01     0.0726    98.2025     7.2144     7.5443    33.0487    33.0534    26.5252    26.5292    8.12681 0.0000e+00
      38148    101.518     0.1205     0.1185   2.770915   2.771071     2.4605     2.4279      8.113     0.0117     1.9245 1.0790e-01     0.0726    98.2025     7.2184     7.5402    33.0491    33.0533    26.5256    26.5291    8.12686 0.0000e+00
      38151    101.433     0.1202     0.1195   2.770922   2.771082     2.4600     2.4279      8.115     0.0117     1.9245 1.0790e-01     0.0726    98.2025     7.2196     7.5368    33.0497    33.0524    26.5260    26.5283    8.12692 0.0000e+00
      38154    101.347     0.1201     0.1205   2.770879   2.771176     2.4605     2.4283      8.113     0.0117     1.9245 1.0790e-01     0.0722    98.2112     7.2218     7.5354    33.0492    33.0527    26.5256    26.5285    8.12695 0.0000e+00
      38157    101.263     0.1198     0.1213   2.770815   2.771231     2.4596     2.4275      8.115     0.0117     1.9245 1.0790e-01     0.0722    98.2112     7.2170     7.5313    33.0488    33.0526    26.5253    26.5283    8.12705 0.0000e+00
      38160    101.180     0.1196     0.1207   2.770796   2.771132     2.4600     2.4279      8.115     0.0117     1.9245 1.0790e-01     0.0719    98.2198     7.2165     7.5349    33.0487    33.0520    26.5253    26.5279    8.12709 0.0000e+00
      38163    101.099     0.1195     0.1200   2.770783   2.771032     2.4600     2.4266      8.115     0.0117     1.9245 1.0790e-01     0.0726    98.2025     7.2167     7.5312    33.0487    33.0514    26.5253    26.5274    8.12710 0.0000e+00
      38166    101.019     0.1195     0.1197   2.770807   2.770936     2.4600     2.4270      8.115     0.0117     1.9245 1.0790e-01     0.0722    98.2112     7.2164     7.5328    33.0491    33.0506    26.5256    26.5268    8.12709 0.0000e+00
      38169    100.942     0.1196     0.1190   2.770846   2.770909     2.4609     2.4266      8.113     0.0117     1.9245 1.0790e-01     0.0726    98.2025     7.2192     7.5286    33.0495    33.0510    26.5260    26.5271    8.12704 0.0000e+00
      38172    100.865     0.1198     0.1189   2.770836   2.770892     2.4613     2.4266      8.113     0.0117     1.9245 1.0790e-01     0.0733    98.1851     7.2210     7.5265    33.0492    33.0509    26.5257    26.5271    8.12702 0.0000e+00
      38175    100.793     0.1197     0.1190   2.770826   2.770895     2.4609     2.4266      8.115     0.0117     2.0034 1.0790e-01     0.0729    98.1938     7.2182     7.5255    33.0493    33.0509    26.5257    26.5271    8.12703 0.0000e+00
      38178    100.725     0.1196     0.1192   2.770807   2.770906     2.4609     2.4266      8.115     0.0117     2.0429 1.0790e-01     0.0729    98.1938     7.2190     7.5257    33.0491    33.0509    26.5256    26.5270    8.12706 0.0000e+00
      38181    100.660     0.1198     0.1195   2.770851   2.770952     2.4596     2.4266      8.115     0.0117     2.0429 1.0790e-01     0.0733    98.1851     7.2139     7.5284    33.0496    33.0513    26.5260    26.5273    8.12700 0.0000e+00
