Datasets/AZMP/COO001/79001052.cnv
* Sea-Bird SBE 9 Data File:
* FileName = C:\CTDDATA\79001052.hex
* Software Version Seasave V 7.26.7.110
* Temperature SN = 5660
* Conductivity SN = 3698
* Number of Bytes Per Scan = 30
* Number of Voltage Words = 4
* Number of Scans Averaged by the Deck Unit = 1
* NMEA baud rate = 9600
** VESSEL/TRIP/SEQ STN:  79001052
** LATITUDE XX XX.XX N:  47 00.00 N
** LONGITUDE XX XX.XX W:  44 46.30 W
** SOUNDING DEPTH (M):  0154
** PROBE TYPE: S1257
** CTD NUMBER: 027
** COMMENTS (14 CHAR): FC-26
** BOTTLES:  20
** LEVELS: 5,5,5,5,10,20,20,20,20,30,40,50,50,50,50,75,100,100,100,BTM
** STICKERS: 435006 - 435025
** VNET: Y
** DO2: N
# nquan = 22
# nvalues = 4280                        
# units = specified
# name 0 = scan: Scan Count
# name 1 = prDM: Pressure, Digiquartz [db]
# name 2 = t090C: Temperature [ITS-90, deg C]
# name 3 = t190C: Temperature, 2 [ITS-90, deg C]
# name 4 = c0S/m: Conductivity [S/m]
# name 5 = c1S/m: Conductivity, 2 [S/m]
# name 6 = sbeox0V: Oxygen raw, SBE 43 [V]
# name 7 = sbeox1V: Oxygen raw, SBE 43, 2 [V]
# name 8 = ph: pH
# name 9 = flECO-AFL: Fluorescence, WET Labs ECO-AFL/FL [mg/m^3]
# name 10 = wetCDOM: Fluorescence, WET Labs CDOM [mg/m^3]
# name 11 = par/sat/log: PAR/Logarithmic, Satlantic [umol photons/m^2/sec]
# name 12 = CStarAt0: Beam Attenuation, WET Labs C-Star [1/m]
# name 13 = CStarTr0: Beam Transmission, WET Labs C-Star [%]
# name 14 = sbeox0ML/L: Oxygen, SBE 43 [ml/l], WS = 2
# name 15 = sbeox1ML/L: Oxygen, SBE 43, 2 [ml/l], WS = 2
# name 16 = sal00: Salinity, Practical [PSU]
# name 17 = sal11: Salinity, Practical, 2 [PSU]
# name 18 = sigma-t00: Density [sigma-t, kg/m^3 ]
# name 19 = sigma-t11: Density, 2 [sigma-t, kg/m^3 ]
# name 20 = oxsatML/L: Oxygen Saturation, Weiss [ml/l]
# name 21 = flag: flag
# span 0 =          2,      58188       
# span 1 =      2.458,    147.116       
# span 2 =     3.5923,     7.9956       
# span 3 =     3.5888,     7.9939       
# span 4 =   3.177608,   3.485084       
# span 5 =   3.177799,   3.485175       
# span 6 =     2.2783,     2.7853       
# span 7 =     2.2493,     2.7474       
# span 8 =      8.003,      8.207       
# span 9 =    -0.0078,     1.3451       
# span 10 =    -2.8130,   482.1080      
# span 11 = 1.0752e-01, 1.4646e+02      
# span 12 =     0.0535,     0.1999      
# span 13 =    95.1263,    98.6717      
# span 14 =     5.8710,     6.9752      
# span 15 =     6.1131,     7.2127      
# span 16 =    33.4232,    34.6042      
# span 17 =    33.5089,    34.6072      
# span 18 =    26.1019,    27.5084      
# span 19 =    26.1044,    27.5109      
# span 20 =    6.67184,    7.35954      
# span 21 = 0.0000e+00, 0.0000e+00      
# interval = scans: 3                   
# start_time = Nov 28 2019 16:17:41 [System UTC, header]
# bad_flag = -9.990e-29
*END*
[from data line 593]
       2541     39.519     7.9945     7.9923   3.483419   3.483496     2.7640     2.7241      8.197     1.1106    -0.4838 2.3640e+00     0.1867    95.4391     6.6740     6.9832    33.5093    33.5122    26.1040    26.1066    6.67209 0.0000e+00
       2544     39.546     7.9944     7.9923   3.483402   3.483532     2.7636     2.7241      8.197     1.1204    -0.5627 2.3558e+00     0.1867    95.4391     6.6712     6.9904    33.5091    33.5126    26.1039    26.1069    6.67211 0.0000e+00
       2547     39.572     7.9946     7.9924   3.483405   3.483522     2.7640     2.7241      8.197     1.1204    -0.5627 2.3640e+00     0.1867    95.4391     6.6719     6.9956    33.5091    33.5124    26.1038    26.1067    6.67209 0.0000e+00
       2550     39.600     7.9945     7.9925   3.483426   3.483520     2.7644     2.7241      8.197     1.1302    -0.5627 2.3558e+00     0.1867    95.4391     6.6735     6.9999    33.5093    33.5123    26.1040    26.1066    6.67209 0.0000e+00
       2553     39.630     7.9945     7.9925   3.483421   3.483527     2.7640     2.7241      8.199     1.1399    -0.5627 2.3667e+00     0.1874    95.4217     6.6714     7.0038    33.5093    33.5123    26.1040    26.1067    6.67209 0.0000e+00
       2556     39.659     7.9946     7.9925   3.483403   3.483524     2.7640     2.7241      8.199     1.1253    -0.5627 2.3777e+00     0.1878    95.4130     6.6704     7.0066    33.5089    33.5123    26.1037    26.1066    6.67209 0.0000e+00
       2559     39.689     7.9945     7.9925   3.483428   3.483544     2.7636     2.7241      8.197     1.1302    -0.5627 2.3667e+00     0.1878    95.4130     6.6679     7.0063    33.5093    33.5125    26.1039    26.1068    6.67209 0.0000e+00
       2562     39.721     7.9945     7.9926   3.483421   3.483543     2.7640     2.7249      8.197     1.1302    -0.5627 2.3777e+00     0.1878    95.4130     6.6664     7.0069    33.5092    33.5124    26.1039    26.1067    6.67209 0.0000e+00
       2565     39.754     7.9946     7.9928   3.483443   3.483562     2.7632     2.7245      8.197     1.1399    -0.5627 2.3722e+00     0.1878    95.4130     6.6627     7.0041    33.5094    33.5124    26.1040    26.1066    6.67208 0.0000e+00
       2568     39.792     7.9945     7.9928   3.483423   3.483546     2.7636     2.7249      8.197     1.1302    -0.4838 2.3722e+00     0.1878    95.4130     6.6621     7.0039    33.5092    33.5122    26.1040    26.1065    6.67210 0.0000e+00
       2571     39.831     7.9945     7.9927   3.483415   3.483536     2.7636     2.7245      8.199     1.1399    -0.4443 2.3777e+00     0.1878    95.4130     6.6608     7.0014    33.5091    33.5121    26.1039    26.1064    6.67211 0.0000e+00
       2574     39.874     7.9944     7.9928   3.483415   3.483558     2.7644     2.7245      8.197     1.1302    -0.4443 2.3750e+00     0.1882    95.4043     6.6631     7.0017    33.5092    33.5123    26.1039    26.1066    6.67211 0.0000e+00
       2577     39.916     7.9943     7.9927   3.483421   3.483550     2.7628     2.7241      8.199     1.0911    -0.4443 2.3695e+00     0.1878    95.4130     6.6584     7.0008    33.5093    33.5123    26.1040    26.1066    6.67212 0.0000e+00
       2580     39.962     7.9944     7.9928   3.483440   3.483556     2.7628     2.7241      8.199     1.0862    -0.4443 2.3613e+00     0.1871    95.4304     6.6583     7.0016    33.5094    33.5122    26.1041    26.1065    6.67210 0.0000e+00
       2583     40.012     7.9943     7.9929   3.483440   3.483567     2.7628     2.7228      8.197     1.0960    -0.4443 2.3613e+00     0.1874    95.4217     6.6584     6.9980    33.5095    33.5122    26.1041    26.1065    6.67211 0.0000e+00
       2586     40.061     7.9942     7.9929   3.483436   3.483559     2.7623     2.7237      8.197     1.0960    -0.4443 2.3531e+00     0.1871    95.4304     6.6567     7.0015    33.5095    33.5121    26.1042    26.1064    6.67213 0.0000e+00
       2589     40.112     7.9943     7.9930   3.483438   3.483561     2.7619     2.7232      8.199     1.0911    -0.4443 2.3368e+00     0.1874    95.4217     6.6557     7.0026    33.5094    33.5119    26.1041    26.1062    6.67212 0.0000e+00
       2592     40.167     7.9942     7.9929   3.483444   3.483557     2.7611     2.7232      8.197     1.0862    -0.4443 2.3287e+00     0.1878    95.4130     6.6535     7.0049    33.5095    33.5120    26.1042    26.1063    6.67213 0.0000e+00
       2595     40.226     7.9943     7.9930   3.483448   3.483587     2.7619     2.7237      8.200     1.0862    -0.5232 2.3207e+00     0.1882    95.4043     6.6570     7.0093    33.5095    33.5122    26.1042    26.1065    6.67212 0.0000e+00
       2598     40.285     7.9942     7.9930   3.483455   3.483559     2.7619     2.7241      8.197     1.0862    -0.5627 2.3020e+00     0.1878    95.4130     6.6587     7.0138    33.5096    33.5119    26.1042    26.1063    6.67212 0.0000e+00
       2601     40.343     7.9943     7.9929   3.483469   3.483579     2.7619     2.7241      8.197     1.0813    -0.5627 2.2860e+00     0.1878    95.4130     6.6602     7.0162    33.5096    33.5122    26.1043    26.1064    6.67211 0.0000e+00
       2604     40.404     7.9943     7.9930   3.483444   3.483569     2.7611     2.7245      8.197     1.0960    -0.5627 2.2755e+00     0.1885    95.3957     6.6586     7.0198    33.5093    33.5119    26.1040    26.1063    6.67212 0.0000e+00
       2607     40.468     7.9942     7.9930   3.483482   3.483579     2.7615     2.7241      8.197     1.0862    -0.5627 2.2416e+00     0.1889    95.3870     6.6610     7.0198    33.5098    33.5120    26.1044    26.1063    6.67211 0.0000e+00
       2610     40.539     7.9943     7.9930   3.483457   3.483583     2.7611     2.7241      8.197     1.0911    -0.5627 2.2260e+00     0.1885    95.3957     6.6605     7.0192    33.5095    33.5120    26.1041    26.1064    6.67212 0.0000e+00
       2613     40.610     7.9941     7.9927   3.483471   3.483562     2.7615     2.7245      8.199     1.0862    -0.5627 2.2132e+00     0.1889    95.3870     6.6618     7.0209    33.5097    33.5120    26.1044    26.1064    6.67213 0.0000e+00
       2616     40.679     7.9938     7.9928   3.483458   3.483595     2.7611     2.7245      8.199     1.0813    -0.5627 2.2005e+00     0.1889    95.3870     6.6607     7.0201    33.5098    33.5123    26.1045    26.1066    6.67217 0.0000e+00
       2619     40.750     7.9938     7.9925   3.483450   3.483592     2.7619     2.7249      8.197     1.0813    -0.6022 2.1852e+00     0.1885    95.3957     6.6640     7.0209    33.5097    33.5124    26.1044    26.1068    6.67218 0.0000e+00
       2622     40.820     7.9940     7.9927   3.483484   3.483607     2.7611     2.7249      8.197     1.0911    -0.6811 2.1627e+00     0.1885    95.3957     6.6627     7.0205    33.5098    33.5124    26.1045    26.1067    6.67214 0.0000e+00
       2625     40.895     7.9937     7.9922   3.483473   3.483563     2.7615     2.7253      8.197     1.0911    -0.6811 2.1378e+00     0.1889    95.3870     6.6648     7.0216    33.5100    33.5124    26.1046    26.1067    6.67218 0.0000e+00
       2628     40.970     7.9938     7.9923   3.483460   3.483596     2.7607     2.7253      8.199     1.0667    -0.6811 2.1181e+00     0.1889    95.3870     6.6623     7.0210    33.5097    33.5126    26.1044    26.1069    6.67218 0.0000e+00
       2631     41.051     7.9940     7.9929   3.483490   3.483598     2.7619     2.7253      8.199     1.0471    -0.6811 2.0962e+00     0.1889    95.3870     6.6642     7.0208    33.5098    33.5120    26.1045    26.1064    6.67215 0.0000e+00
       2634     41.131     7.9943     7.9928   3.483496   3.483608     2.7607     2.7257      8.202     1.0374    -0.6811 2.0817e+00     0.1889    95.3870     6.6606     7.0213    33.5095    33.5122    26.1042    26.1065    6.67211 0.0000e+00
       2637     41.213     7.9946     7.9924   3.483515   3.483604     2.7607     2.7253      8.199     1.0423    -0.6811 2.0625e+00     0.1885    95.3957     6.6593     7.0194    33.5095    33.5125    26.1041    26.1068    6.67207 0.0000e+00
       2640     41.296     7.9947     7.9926   3.483497   3.483619     2.7615     2.7257      8.197     1.0423    -0.6811 2.0435e+00     0.1889    95.3870     6.6613     7.0200    33.5091    33.5125    26.1038    26.1067    6.67207 0.0000e+00
       2643     41.380     7.9946     7.9926   3.483509   3.483624     2.7623     2.7257      8.199     1.0471    -0.6811 2.0271e+00     0.1889    95.3870     6.6637     7.0188    33.5093    33.5124    26.1040    26.1067    6.67208 0.0000e+00
       2646     41.462     7.9945     7.9928   3.483507   3.483638     2.7615     2.7257      8.197     1.0374    -0.7996 2.0084e+00     0.1885    95.3957     6.6608     7.0186    33.5093    33.5124    26.1040    26.1066    6.67209 0.0000e+00
       2649     41.546     7.9944     7.9927   3.483523   3.483610     2.7619     2.7257      8.197     1.0520    -0.9180 1.9991e+00     0.1889    95.3870     6.6611     7.0174    33.5096    33.5121    26.1042    26.1064    6.67210 0.0000e+00
       2652     41.626     7.9943     7.9926   3.483491   3.483626     2.7599     2.7257      8.197     1.0423    -0.9180 1.9876e+00     0.1889    95.3870     6.6543     7.0174    33.5092    33.5123    26.1040    26.1066    6.67212 0.0000e+00
       2655     41.705     7.9942     7.9925   3.483525   3.483635     2.7603     2.7257      8.199     1.0276    -0.9180 1.9762e+00     0.1889    95.3870     6.6559     7.0178    33.5097    33.5126    26.1043    26.1068    6.67212 0.0000e+00
       2658     41.784     7.9942     7.9925   3.483499   3.483609     2.7611     2.7261      8.197     1.0325    -0.9180 1.9602e+00     0.1889    95.3870     6.6590     7.0193    33.5094    33.5122    26.1041    26.1065    6.67213 0.0000e+00
       2661     41.862     7.9942     7.9923   3.483520   3.483642     2.7599     2.7261      8.199     1.0227    -0.9180 1.9647e+00     0.1889    95.3870     6.6554     7.0200    33.5096    33.5127    26.1042    26.1070    6.67213 0.0000e+00
       2664     41.939     7.9943     7.9924   3.483500   3.483646     2.7607     2.7261      8.199     1.0276    -0.9180 1.9557e+00     0.1889    95.3870     6.6573     7.0197    33.5092    33.5126    26.1039    26.1068    6.67212 0.0000e+00
       2667     42.016     7.9943     7.9925   3.483525   3.483628     2.7603     2.7257      8.197     1.0325    -0.9180 1.9534e+00     0.1889    95.3870     6.6569     7.0192    33.5095    33.5123    26.1041    26.1066    6.67212 0.0000e+00
       2670     42.086     7.9943     7.9925   3.483529   3.483640     2.7599     2.7261      8.200     1.0325    -0.9180 1.9534e+00     0.1889    95.3870     6.6581     7.0203    33.5094    33.5123    26.1041    26.1066    6.67212 0.0000e+00
       2673     42.155     7.9944     7.9925   3.483510   3.483644     2.7595     2.7257      8.199     1.0325    -0.8391 1.9489e+00     0.1893    95.3783     6.6577     7.0189    33.5092    33.5124    26.1039    26.1067    6.67212 0.0000e+00
       2676     42.220     7.9942     7.9925   3.483533   3.483664     2.7599     2.7265      8.197     1.0276    -0.7996 1.9444e+00     0.1882    95.4043     6.6596     7.0208    33.5095    33.5125    26.1042    26.1068    6.67213 0.0000e+00
       2679     42.284     7.9943     7.9926   3.483535   3.483647     2.7607     2.7265      8.197     1.0227    -0.7996 1.9489e+00     0.1878    95.4130     6.6612     7.0205    33.5094    33.5122    26.1041    26.1066    6.67212 0.0000e+00
       2682     42.346     7.9942     7.9926   3.483543   3.483656     2.7603     2.7265      8.197     1.0325    -0.7996 1.9354e+00     0.1878    95.4130     6.6618     7.0200    33.5095    33.5123    26.1042    26.1066    6.67212 0.0000e+00
       2685     42.404     7.9943     7.9925   3.483531   3.483675     2.7607     2.7265      8.199     1.0374    -0.7996 1.9265e+00     0.1878    95.4130     6.6632     7.0192    33.5093    33.5126    26.1040    26.1068    6.67212 0.0000e+00
       2688     42.460     7.9943     7.9927   3.483527   3.483665     2.7595     2.7265      8.199     1.0374    -0.7996 1.9310e+00     0.1878    95.4130     6.6595     7.0183    33.5093    33.5122    26.1040    26.1066    6.67212 0.0000e+00
       2691     42.515     7.9943     7.9928   3.483537   3.483664     2.7603     2.7265      8.197     1.0325    -0.7996 1.9221e+00     0.1878    95.4130     6.6628     7.0151    33.5093    33.5121    26.1040    26.1064    6.67212 0.0000e+00
       2694     42.566     7.9944     7.9929   3.483548   3.483678     2.7607     2.7265      8.199     1.0276    -0.7996 1.9288e+00     0.1882    95.4043     6.6642     7.0125    33.5093    33.5122    26.1040    26.1064    6.67211 0.0000e+00
       2697     42.613     7.9945     7.9927   3.483577   3.483686     2.7595     2.7265      8.199     1.0227    -0.7996 1.9287e+00     0.1878    95.4130     6.6601     7.0101    33.5096    33.5124    26.1042    26.1067    6.67209 0.0000e+00
       2700     42.654     7.9944     7.9927   3.483550   3.483680     2.7599     2.7265      8.197     1.0227    -0.7996 1.9243e+00     0.1878    95.4130     6.6607     7.0070    33.5093    33.5123    26.1040    26.1066    6.67211 0.0000e+00
       2703     42.695     7.9944     7.9929   3.483546   3.483686     2.7599     2.7265      8.199     1.0276    -0.7996 1.9177e+00     0.1882    95.4043     6.6625     7.0043    33.5093    33.5122    26.1040    26.1065    6.67211 0.0000e+00
       2706     42.734     7.9942     7.9927   3.483564   3.483678     2.7615     2.7265      8.197     1.0178    -0.7996 1.9199e+00     0.1882    95.4043     6.6682     7.0020    33.5096    33.5123    26.1042    26.1066    6.67212 0.0000e+00
       2709     42.775     7.9941     7.9927   3.483552   3.483670     2.7595     2.7261      8.197     1.0081    -0.7996 1.9199e+00     0.1878    95.4130     6.6627     6.9983    33.5095    33.5122    26.1042    26.1065    6.67214 0.0000e+00
       2712     42.810     7.9941     7.9928   3.483566   3.483678     2.7599     2.7257      8.197     1.0130    -0.7996 1.9132e+00     0.1882    95.4043     6.6643     6.9952    33.5097    33.5121    26.1043    26.1064    6.67213 0.0000e+00
       2715     42.848     7.9942     7.9930   3.483577   3.483689     2.7607     2.7249      8.197     1.0178    -0.7996 1.9199e+00     0.1889    95.3870     6.6664     6.9901    33.5097    33.5120    26.1043    26.1063    6.67212 0.0000e+00
       2718     42.886     7.9944     7.9931   3.483579   3.483710     2.7603     2.7253      8.199     1.0178    -0.7996 1.9066e+00     0.1893    95.3783     6.6664     6.9895    33.5095    33.5122    26.1041    26.1064    6.67210 0.0000e+00
       2721     42.926     7.9945     7.9930   3.483590   3.483702     2.7595     2.7249      8.199     1.0130    -0.7996 1.9199e+00     0.1889    95.3870     6.6649     6.9882    33.5096    33.5122    26.1042    26.1065    6.67209 0.0000e+00
       2724     42.967     7.9944     7.9926   3.483580   3.483685     2.7615     2.7249      8.199     1.0130    -0.7996 1.9221e+00     0.1889    95.3870     6.6704     6.9882    33.5094    33.5123    26.1041    26.1066    6.67210 0.0000e+00
       2727     43.011     7.9944     7.9926   3.483584   3.483708     2.7615     2.7241      8.197     1.0081    -0.7996 1.9110e+00     0.1889    95.3870     6.6699     6.9865    33.5095    33.5125    26.1041    26.1068    6.67210 0.0000e+00
       2730     43.055     7.9945     7.9928   3.483580   3.483696     2.7607     2.7241      8.197     1.0178    -0.7996 1.8956e+00     0.1889    95.3870     6.6684     6.9882    33.5093    33.5122    26.1040    26.1065    6.67209 0.0000e+00
       2733     43.103     7.9945     7.9927   3.483597   3.483692     2.7607     2.7237      8.200     1.0178    -0.7996 1.8847e+00     0.1889    95.3870     6.6691     6.9893    33.5095    33.5122    26.1041    26.1065    6.67208 0.0000e+00
