Datasets/AZMP/COO001/79001082.cnv
* Sea-Bird SBE 9 Data File:
* FileName = C:\CTDDATA\79001082.hex
* Software Version Seasave V 7.26.7.110
* Temperature SN = 5660
* Conductivity SN = 3698
* Number of Bytes Per Scan = 30
* Number of Voltage Words = 4
* Number of Scans Averaged by the Deck Unit = 1
* NMEA baud rate = 9600
** VESSEL/TRIP/SEQ STN:  79001082
** LATITUDE XX XX.XX N:  48 09.50 N
** LONGITUDE XX XX.XX W:  53 43.30 W
** SOUNDING DEPTH (M):  0187
** PROBE TYPE: S1257
** CTD NUMBER: 049
** COMMENTS (14 CHAR): SS-10
** BOTTLES:  0
** LEVELS:
** STICKERS:
** VNET: N
** DO2: N
# nquan = 22
# nvalues = 5622                        
# units = specified
# name 0 = scan: Scan Count
# name 1 = prDM: Pressure, Digiquartz [db]
# name 2 = t090C: Temperature [ITS-90, deg C]
# name 3 = t190C: Temperature, 2 [ITS-90, deg C]
# name 4 = c0S/m: Conductivity [S/m]
# name 5 = c1S/m: Conductivity, 2 [S/m]
# name 6 = sbeox0V: Oxygen raw, SBE 43 [V]
# name 7 = sbeox1V: Oxygen raw, SBE 43, 2 [V]
# name 8 = ph: pH
# name 9 = flECO-AFL: Fluorescence, WET Labs ECO-AFL/FL [mg/m^3]
# name 10 = wetCDOM: Fluorescence, WET Labs CDOM [mg/m^3]
# name 11 = par/sat/log: PAR/Logarithmic, Satlantic [umol photons/m^2/sec]
# name 12 = CStarAt0: Beam Attenuation, WET Labs C-Star [1/m]
# name 13 = CStarTr0: Beam Transmission, WET Labs C-Star [%]
# name 14 = sbeox0ML/L: Oxygen, SBE 43 [ml/l], WS = 2
# name 15 = sbeox1ML/L: Oxygen, SBE 43, 2 [ml/l], WS = 2
# name 16 = sal00: Salinity, Practical [PSU]
# name 17 = sal11: Salinity, Practical, 2 [PSU]
# name 18 = sigma-t00: Density [sigma-t, kg/m^3 ]
# name 19 = sigma-t11: Density, 2 [sigma-t, kg/m^3 ]
# name 20 = oxsatML/L: Oxygen Saturation, Weiss [ml/l]
# name 21 = flag: flag
# span 0 =        349,      18629       
# span 1 =      0.924,    176.474       
# span 2 =     0.2099,     3.5158       
# span 3 =     0.2084,     3.5159       
# span 4 =   2.762950,   2.932813       
# span 5 =   2.763213,   2.932937       
# span 6 =     2.4153,     2.7417       
# span 7 =     2.3835,     2.7051       
# span 8 =      8.050,      8.179       
# span 9 =     0.0215,     0.6564       
# span 10 =    -1.3918,     3.5826      
# span 11 = 1.0728e-01, 1.8675e+00      
# span 12 =     0.0843,     0.1984      
# span 13 =    95.1610,    97.9157      
# span 14 =     6.6947,     7.6585      
# span 15 =     7.4247,     7.9039      
# span 16 =    31.2428,    32.8576      
# span 17 =    31.2456,    32.8622      
# span 18 =    24.8502,    26.3666      
# span 19 =    24.8527,    26.3704      
# span 20 =    7.52407,    8.11980      
# span 21 = 0.0000e+00, 0.0000e+00      
# interval = scans: 3                   
# start_time = Dec 01 2019 20:00:49 [System UTC, header]
# bad_flag = -9.990e-29
*END*
[from data line 5531]
      18349      3.945     3.4554     3.4806   2.897615   2.903737     2.5826     2.6859      8.169     0.6125     3.4642 4.9003e-01     0.1900    95.3609     6.8969     7.7807    31.2875    31.3361    24.8838    24.9203    7.54640 0.0000e+00
      18352      3.902     3.4554     3.4814   2.897419   2.903244     2.5805     2.6855      8.171     0.6076     3.4642 4.7478e-01     0.1900    95.3609     6.8935     7.7834    31.2852    31.3295    24.8820    24.9150    7.54652 0.0000e+00
      18355      3.857     3.4556     3.4799   2.897709   2.903122     2.5805     2.6855      8.169     0.6125     3.4642 2.6194e-01     0.1900    95.3609     6.8963     7.7843    31.2885    31.3295    24.8846    24.9151    7.54632 0.0000e+00
      18358      3.810     3.4556     3.4727   2.897595   2.902746     2.5785     2.6859      8.169     0.5978     3.4642 2.6808e-01     0.1896    95.3696     6.8922     7.7894    31.2871    31.3320    24.8835    24.9177    7.54639 0.0000e+00
      18361      3.765     3.4547     3.4753   2.896645   2.902362     2.5785     2.6855      8.169     0.5295     3.4642 2.8036e-01     0.1922    95.3088     6.8935     7.7908    31.2767    31.3250    24.8753    24.9119    7.54709 0.0000e+00
      18364      3.721     3.4514     3.4751   2.895525   2.901826     2.5781     2.6859      8.172     0.5343     3.4642 4.6555e-01     0.1922    95.3088     6.8924     7.7924    31.2665    31.3187    24.8675    24.9070    7.54821 0.0000e+00
      18367      3.675     3.4477     3.4763   2.895061   2.901713     2.5777     2.6867      8.174     0.5392     3.4247 5.3339e-01     0.1929    95.2914     6.8918     7.7938    31.2647    31.3163    24.8663    24.9049    7.54901 0.0000e+00
      18370      3.628     3.4454     3.4760   2.894953   2.901061     2.5752     2.6855      8.174     0.5392     3.2273 4.5053e-01     0.1926    95.3001     6.8837     7.7890    31.2656    31.3089    24.8672    24.8990    7.54939 0.0000e+00
      18373      3.582     3.4440     3.4711   2.894855   2.900610     2.5756     2.6863      8.174     0.5343     3.2273 5.6215e-01     0.1933    95.2827     6.8844     7.7937    31.2658    31.3082    24.8675    24.8989    7.54965 0.0000e+00
      18376      3.533     3.4428     3.4674   2.894591   2.900545     2.5752     2.6863      8.172     0.5392     3.2273 9.1346e-01     0.1929    95.2914     6.8830     7.7955    31.2638    31.3111    24.8661    24.9015    7.54998 0.0000e+00
      18379      3.485     3.4423     3.4668   2.894636   2.900381     2.5740     2.6855      8.172     0.5343     3.2273 7.1163e-01     0.1926    95.3001     6.8765     7.7926    31.2649    31.3097    24.8670    24.9005    7.55002 0.0000e+00
      18382      3.436     3.4422     3.4656   2.894651   2.900077     2.5724     2.6867      8.174     0.5343     3.2273 4.0567e-01     0.1911    95.3348     6.8689     7.7970    31.2651    31.3072    24.8672    24.8986    7.55002 0.0000e+00
      18385      3.391     3.4420     3.4646   2.894642   2.899906     2.5720     2.6867      8.172     0.5295     3.2273 3.0456e-01     0.1911    95.3348     6.8660     7.7972    31.2653    31.3062    24.8673    24.8979    7.55006 0.0000e+00
      18388      3.345     3.4420     3.4650   2.894764   2.899812     2.5711     2.6855      8.172     0.5392     3.2273 6.6144e-01     0.1911    95.3348     6.8619     7.7921    31.2667    31.3048    24.8684    24.8967    7.54997 0.0000e+00
      18391      3.299     3.4425     3.4642   2.894873   2.899591     2.5707     2.6859      8.174     0.5392     3.2273 6.9967e-01     0.1911    95.3348     6.8603     7.7952    31.2676    31.3029    24.8691    24.8953    7.54985 0.0000e+00
      18394      3.255     3.4428     3.4631   2.894887   2.899573     2.5699     2.6859      8.171     0.5392     3.2273 6.4342e-01     0.1911    95.3348     6.8550     7.7991    31.2675    31.3038    24.8690    24.8961    7.54979 0.0000e+00
      18397      3.211     3.4432     3.4634   2.894822   2.899410     2.5683     2.6867      8.174     0.5295     3.2273 6.9507e-01     0.1911    95.3348     6.8479     7.8015    31.2663    31.3015    24.8680    24.8943    7.54977 0.0000e+00
      18400      3.170     3.4429     3.4626   2.894682   2.898926     2.5671     2.6867      8.172     0.5343     3.2273 6.3383e-01     0.1907    95.3435     6.8441     7.8047    31.2650    31.2966    24.8670    24.8904    7.54990 0.0000e+00
      18403      3.133     3.4426     3.4582   2.894679   2.898307     2.5655     2.6863      8.172     0.5392     3.2273 4.6245e-01     0.1900    95.3609     6.8389     7.8060    31.2653    31.2935    24.8672    24.8883    7.54994 0.0000e+00
      18406      3.102     3.4425     3.4560   2.894857   2.897708     2.5650     2.6867      8.172     0.5441     3.2273 2.2290e-01     0.1900    95.3609     6.8372     7.8089    31.2675    31.2885    24.8691    24.8846    7.54985 0.0000e+00
      18409      3.068     3.4429     3.4539   2.895017   2.897307     2.5646     2.6867      8.172     0.5343     3.2273 3.0596e-01     0.1900    95.3609     6.8342     7.8121    31.2690    31.2857    24.8703    24.8826    7.54970 0.0000e+00
      18412      3.030     3.4437     3.4531   2.895092   2.897315     2.5634     2.6867      8.172     0.5588     3.2273 4.9233e-01     0.1900    95.3609     6.8304     7.8132    31.2692    31.2866    24.8703    24.8833    7.54954 0.0000e+00
      18415      2.991     3.4436     3.4540   2.895077   2.897462     2.5618     2.6871      8.174     0.5929     3.2273 3.5713e-01     0.1900    95.3609     6.8263     7.8132    31.2691    31.2875    24.8702    24.8839    7.54956 0.0000e+00
      18418      2.950     3.4440     3.4541   2.895055   2.897292     2.5606     2.6879      8.174     0.5832     3.2273 4.2822e-01     0.1900    95.3609     6.8235     7.8139    31.2685    31.2855    24.8697    24.8823    7.54951 0.0000e+00
      18421      2.913     3.4442     3.4531   2.895064   2.897253     2.5606     2.6867      8.174     0.5929     3.3457 3.0918e-01     0.1915    95.3261     6.8237     7.8087    31.2685    31.2859    24.8696    24.8827    7.54948 0.0000e+00
      18424      2.875     3.4442     3.4542   2.895138   2.897454     2.5594     2.6879      8.174     0.5881     3.3457 2.1132e-01     0.1911    95.3348     6.8204     7.8129    31.2693    31.2873    24.8703    24.8838    7.54943 0.0000e+00
      18427      2.835     3.4447     3.4545   2.895294   2.897434     2.5585     2.6879      8.174     0.5881     3.3457 2.8638e-01     0.1911    95.3348     6.8183     7.8127    31.2707    31.2868    24.8714    24.8834    7.54927 0.0000e+00
      18430      2.795     3.4452     3.4546   2.895301   2.897400     2.5569     2.6879      8.174     0.5832     3.3457 2.7593e-01     0.1911    95.3348     6.8127     7.8119    31.2704    31.2863    24.8711    24.8829    7.54920 0.0000e+00
      18433      2.755     3.4446     3.4539   2.894989   2.897271     2.5565     2.6879      8.174     0.5881     3.3457 2.4802e-01     0.1911    95.3348     6.8129     7.8098    31.2672    31.2855    24.8686    24.8823    7.54946 0.0000e+00
      18436      2.716     3.4438     3.4535   2.894675   2.897159     2.5561     2.6879      8.174     0.5881     3.3457 2.3719e-01     0.1918    95.3175     6.8127     7.8073    31.2643    31.2846    24.8664    24.8816    7.54977 0.0000e+00
      18439      2.676     3.4432     3.4529   2.894527   2.897052     2.5549     2.6879      8.174     0.5929     3.3457 3.1140e-01     0.1911    95.3348     6.8088     7.8044    31.2631    31.2838    24.8655    24.8811    7.54993 0.0000e+00
      18442      2.636     3.4427     3.4521   2.894485   2.896941     2.5532     2.6879      8.174     0.5929     3.3457 2.7780e-01     0.1900    95.3609     6.8022     7.8034    31.2631    31.2834    24.8655    24.8808    7.55003 0.0000e+00
      18445      2.598     3.4427     3.4514   2.894527   2.896792     2.5524     2.6879      8.174     0.5881     3.3457 2.3820e-01     0.1900    95.3609     6.7989     7.8043    31.2637    31.2822    24.8659    24.8799    7.55000 0.0000e+00
      18448      2.563     3.4424     3.4513   2.894513   2.896791     2.5520     2.6883      8.174     0.5832     3.3457 4.4029e-01     0.1900    95.3609     6.7985     7.8046    31.2638    31.2824    24.8661    24.8801    7.55005 0.0000e+00
      18451      2.528     3.4425     3.4520   2.894536   2.896974     2.5516     2.6883      8.174     0.5832     3.3457 5.8662e-01     0.1900    95.3609     6.7987     7.8068    31.2640    31.2839    24.8662    24.8812    7.55003 0.0000e+00
      18454      2.499     3.4425     3.4530   2.894540   2.897184     2.5504     2.6883      8.172     0.5929     3.3457 3.2929e-01     0.1900    95.3609     6.7971     7.8086    31.2640    31.2854    24.8663    24.8823    7.55003 0.0000e+00
      18457      2.468     3.4425     3.4531   2.894582   2.897265     2.5496     2.6879      8.174     0.5881     3.3457 3.9029e-01     0.1900    95.3609     6.7954     7.8085    31.2646    31.2863    24.8667    24.8830    7.55000 0.0000e+00
      18460      2.441     3.4427     3.4532   2.894622   2.897303     2.5479     2.6879      8.174     0.5929     3.3457 4.1131e-01     0.1907    95.3435     6.7925     7.8096    31.2648    31.2867    24.8669    24.8834    7.54993 0.0000e+00
      18463      2.414     3.4427     3.4536   2.894644   2.897395     2.5467     2.6879      8.174     0.5881     3.3457 4.2762e-01     0.1922    95.3088     6.7911     7.8083    31.2652    31.2874    24.8671    24.8838    7.54993 0.0000e+00
      18466      2.389     3.4429     3.4540   2.894649   2.897506     2.5467     2.6879      8.174     0.5832     3.3457 3.5659e-01     0.1922    95.3088     6.7943     7.8072    31.2650    31.2884    24.8670    24.8846    7.54990 0.0000e+00
      18469      2.362     3.4429     3.4541   2.894693   2.897531     2.5451     2.6888      8.174     0.5929     3.3457 4.2645e-01     0.1922    95.3088     6.7905     7.8097    31.2656    31.2885    24.8674    24.8848    7.54987 0.0000e+00
      18472      2.338     3.4429     3.4541   2.894764   2.897541     2.5451     2.6888      8.174     0.5881     3.3852 3.3119e-01     0.1922    95.3088     6.7915     7.8094    31.2664    31.2887    24.8681    24.8849    7.54983 0.0000e+00
      18475      2.312     3.4432     3.4541   2.894838   2.897643     2.5451     2.6892      8.174     0.5929     3.4642 4.3288e-01     0.1922    95.3088     6.7931     7.8083    31.2670    31.2899    24.8686    24.8859    7.54974 0.0000e+00
      18478      2.288     3.4435     3.4551   2.894843   2.897645     2.5443     2.6892      8.172     0.5881     3.4642 3.9645e-01     0.1922    95.3088     6.7927     7.8065    31.2667    31.2890    24.8683    24.8850    7.54969 0.0000e+00
      18481      2.264     3.4437     3.4551   2.894906   2.897562     2.5439     2.6892      8.174     0.5881     3.4642 3.7151e-01     0.1918    95.3175     6.7928     7.8035    31.2674    31.2880    24.8688    24.8843    7.54963 0.0000e+00
      18484      2.240     3.4437     3.4544   2.894793   2.897511     2.5431     2.6892      8.172     0.5978     3.4642 4.8090e-01     0.1911    95.3348     6.7903     7.8002    31.2660    31.2881    24.8678    24.8844    7.54970 0.0000e+00
      18487      2.217     3.4436     3.4545   2.894654   2.897554     2.5427     2.6883      8.174     0.5881     3.4642 6.2560e-01     0.1911    95.3348     6.7892     7.7937    31.2645    31.2885    24.8665    24.8848    7.54980 0.0000e+00
      18490      2.192     3.4431     3.4545   2.894711   2.897509     2.5427     2.6888      8.174     0.5832     3.4642 5.1002e-01     0.1911    95.3348     6.7898     7.7914    31.2657    31.2880    24.8675    24.8843    7.54983 0.0000e+00
      18493      2.165     3.4430     3.4541   2.894914   2.897412     2.5414     2.6888      8.174     0.5832     3.4642 5.5406e-01     0.1911    95.3348     6.7852     7.7884    31.2682    31.2872    24.8695    24.8837    7.54971 0.0000e+00
      18496      2.139     3.4432     3.4542   2.895009   2.897403     2.5402     2.6888      8.172     0.5978     3.4642 5.7409e-01     0.1911    95.3348     6.7808     7.7849    31.2691    31.2871    24.8702    24.8836    7.54963 0.0000e+00
      18499      2.118     3.4438     3.4541   2.895111   2.897446     2.5402     2.6879      8.172     0.5881     3.3852 8.7319e-01     0.1911    95.3348     6.7814     7.7798    31.2698    31.2877    24.8707    24.8841    7.54949 0.0000e+00
      18502      2.094     3.4441     3.4539   2.895931   2.897465     2.5394     2.6879      8.174     0.5929     3.3457 4.1683e-01     0.1929    95.2914     6.7792     7.7787    31.2792    31.2881    24.8782    24.8845    7.54895 0.0000e+00
      18507      2.056     3.4481     3.4534   2.897932   2.897379     2.5386     2.6879      8.174     0.5929     3.3457 8.5609e-01     0.1937    95.2740     6.7742     7.7793    31.2992    31.2876    24.8938    24.8840    7.54719 0.0000e+00
      18511      2.028     3.4552     3.4534   2.899390   2.897282     2.5382     2.6879      8.172     0.5832     3.3457 5.3592e-01     0.1933    95.2827     6.7689     7.7823    31.3098    31.2864    24.9016    24.8831    7.54533 0.0000e+00
      18514      2.006     3.4588     3.4524   2.899723   2.897018     2.5374     2.6875      8.174     0.5929     3.3457 7.3961e-01     0.1937    95.2740     6.7619     7.7836    31.3103    31.2843    24.9016    24.8815    7.54461 0.0000e+00
      18517      1.981     3.4617     3.4515   2.899941   2.896993     2.5370     2.6875      8.172     0.6222     3.3457 7.9600e-01     0.1933    95.2827     6.7560     7.7873    31.3101    31.2849    24.9013    24.8821    7.54408 0.0000e+00
      18520      1.956     3.4628     3.4520   2.898906   2.897109     2.5366     2.6871      8.172     0.6320     3.3457 9.5397e-01     0.1933    95.2827     6.7491     7.7904    31.2967    31.2857    24.8905    24.8827    7.54454 0.0000e+00
      18523      1.931     3.4632     3.4523   2.899086   2.897109     2.5362     2.6867      8.174     0.6369     3.3457 7.7953e-01     0.1893    95.3783     6.7424     7.7934    31.2986    31.2855    24.8919    24.8825    7.54438 0.0000e+00
      18526      1.909     3.4622     3.4525   2.898992   2.897137     2.5353     2.6867      8.174     0.6369     3.4642 7.6932e-01     0.1889    95.3870     6.7361     7.7954    31.2983    31.2856    24.8919    24.8826    7.54457 0.0000e+00
      18529      1.888     3.4599     3.4524   2.898913   2.897062     2.5337     2.6867      8.172     0.6271     3.4642 7.3814e-01     0.1889    95.3870     6.7290     7.7974    31.2997    31.2849    24.8931    24.8820    7.54495 0.0000e+00
      18532      1.867     3.4600     3.4523   2.899281   2.897045     2.5337     2.6871      8.174     0.6271     3.4642 6.8971e-01     0.1889    95.3870     6.7263     7.8009    31.3040    31.2847    24.8966    24.8819    7.54471 0.0000e+00
      18535      1.846     3.4602     3.4525   2.899264   2.897168     2.5313     2.6879      8.174     0.6320     3.4642 8.0938e-01     0.1889    95.3870     6.7154     7.8056    31.3036    31.2860    24.8962    24.8829    7.54469 0.0000e+00
      18543      1.794     3.4611     3.4530   2.899775   2.897299     2.5264     2.6879      8.171     0.6174     3.4642 7.2607e-01     0.1900    95.3609     6.6962     7.8105    31.3089    31.2871    24.9003    24.8837    7.54426 0.0000e+00
      18546      1.768     3.4611     3.4530   2.899476   2.897285     2.5260     2.6883      8.174     0.5881     3.4642 1.2859e+00     0.1907    95.3435     6.6947     7.8132    31.3053    31.2870    24.8975    24.8836    7.54444 0.0000e+00
      18549      1.736     3.4598     3.4527   2.897897   2.897213     2.5256     2.6879      8.171     0.5978     3.4642 1.0419e+00     0.1904    95.3522     6.6963     7.8104    31.2878    31.2864    24.8837    24.8832    7.54557 0.0000e+00
