Datasets/AZMP/COO001/79001025.cnv
* Sea-Bird SBE 9 Data File:
* FileName = C:\CTDDATA\79001025.hex
* Software Version Seasave V 7.26.7.110
* Temperature SN = 5660
* Conductivity SN = 3698
* Number of Bytes Per Scan = 30
* Number of Voltage Words = 4
* Number of Scans Averaged by the Deck Unit = 1
* NMEA baud rate = 9600
** VESSEL/TRIP/SEQ STN:  79001025
** LATITUDE XX XX.XX N:  45 27.50 N
** LONGITUDE XX XX.XX W:  52 00.00 W
** SOUNDING DEPTH (M):  0083
** PROBE TYPE: S1257
** CTD NUMBER: 012
** COMMENTS (14 CHAR): SEGB-07
** BOTTLES:  11
** LEVELS: 5,5,10,20,20,30,40,50,50,BTM,BTM
** STICKERS: 434745 - 434755
** VNET: Y
** DO2: N
# nquan = 22
# nvalues = 2164                        
# units = specified
# name 0 = scan: Scan Count
# name 1 = prDM: Pressure, Digiquartz [db]
# name 2 = t090C: Temperature [ITS-90, deg C]
# name 3 = t190C: Temperature, 2 [ITS-90, deg C]
# name 4 = c0S/m: Conductivity [S/m]
# name 5 = c1S/m: Conductivity, 2 [S/m]
# name 6 = sbeox0V: Oxygen raw, SBE 43 [V]
# name 7 = sbeox1V: Oxygen raw, SBE 43, 2 [V]
# name 8 = ph: pH
# name 9 = flECO-AFL: Fluorescence, WET Labs ECO-AFL/FL [mg/m^3]
# name 10 = wetCDOM: Fluorescence, WET Labs CDOM [mg/m^3]
# name 11 = par/sat/log: PAR/Logarithmic, Satlantic [umol photons/m^2/sec]
# name 12 = CStarAt0: Beam Attenuation, WET Labs C-Star [1/m]
# name 13 = CStarTr0: Beam Transmission, WET Labs C-Star [%]
# name 14 = sbeox0ML/L: Oxygen, SBE 43 [ml/l], WS = 2
# name 15 = sbeox1ML/L: Oxygen, SBE 43, 2 [ml/l], WS = 2
# name 16 = sal00: Salinity, Practical [PSU]
# name 17 = sal11: Salinity, Practical, 2 [PSU]
# name 18 = sigma-t00: Density [sigma-t, kg/m^3 ]
# name 19 = sigma-t11: Density, 2 [sigma-t, kg/m^3 ]
# name 20 = oxsatML/L: Oxygen Saturation, Weiss [ml/l]
# name 21 = flag: flag
# span 0 =         23,      28168       
# span 1 =      0.683,     77.270       
# span 2 =    -0.2139,     6.9926       
# span 3 =    -0.2142,     6.9930       
# span 4 =   2.713293,   3.274853       
# span 5 =   2.712349,   3.275024       
# span 6 =     2.6381,     2.9930       
# span 7 =     2.4860,     2.7524       
# span 8 =      8.019,      8.183       
# span 9 =     0.1241,     1.1985       
# span 10 =     1.0954,     2.2798      
# span 11 = 1.0666e-01, 1.3431e+00      
# span 12 =     0.1131,     0.2606      
# span 13 =    93.6925,    97.2118      
# span 14 =     6.0496,    10.2048      
# span 15 =     5.1819,     7.7915      
# span 16 =    31.0992,    33.4674      
# span 17 =    29.7615,    33.2254      
# span 18 =    24.7981,    26.8137      
# span 19 =    23.2969,    26.5803      
# span 20 =    6.88570,    8.21918      
# span 21 = 0.0000e+00, 0.0000e+00      
# interval = scans: 3                   
# start_time = Nov 23 2019 23:35:51 [System UTC, header]
# bad_flag = -9.990e-29
*END*
[from data line 1252]
       8384     67.538    -0.2120    -0.2119   2.716069   2.716191     2.6908     2.4909      8.019     0.1729     2.1614 1.0790e-01     0.2484    93.9792     8.1285     6.7142    32.7026    32.7041    26.2613    26.2625    8.21870 0.0000e+00
       8387     67.462    -0.2121    -0.2118   2.716045   2.716159     2.6908     2.4909      8.019     0.1583     2.1614 1.0790e-01     0.2480    93.9879     8.1289     6.7146    32.7024    32.7036    26.2612    26.2622    8.21873 0.0000e+00
       8390     67.388    -0.2122    -0.2120   2.716022   2.716158     2.6912     2.4909      8.019     0.1680     2.1614 1.0790e-01     0.2484    93.9792     8.1299     6.7147    32.7023    32.7039    26.2611    26.2624    8.21876 0.0000e+00
       8393     67.314    -0.2121    -0.2123   2.716051   2.716122     2.6912     2.4909      8.019     0.1632     2.1614 1.0790e-01     0.2480    93.9879     8.1294     6.7128    32.7026    32.7037    26.2613    26.2623    8.21872 0.0000e+00
       8396     67.240    -0.2120    -0.2122   2.716040   2.716143     2.6904     2.4909      8.019     0.1729     2.1614 1.0790e-01     0.2480    93.9879     8.1257     6.7125    32.7023    32.7040    26.2611    26.2624    8.21871 0.0000e+00
       8399     67.165    -0.2119    -0.2123   2.716041   2.716141     2.6912     2.4909      8.019     0.1680     2.1614 1.0790e-01     0.2451    94.0574     8.1275     6.7126    32.7023    32.7040    26.2612    26.2625    8.21870 0.0000e+00
       8402     67.093    -0.2119    -0.2122   2.716052   2.716111     2.6900     2.4909      8.019     0.1632     2.1614 1.0790e-01     0.2451    94.0574     8.1220     6.7126    32.7025    32.7036    26.2613    26.2622    8.21869 0.0000e+00
       8405     67.022    -0.2120    -0.2121   2.716036   2.716147     2.6912     2.4909      8.019     0.1583     2.1614 1.0790e-01     0.2451    94.0574     8.1262     6.7126    32.7025    32.7041    26.2613    26.2626    8.21872 0.0000e+00
       8408     66.951    -0.2119    -0.2122   2.716046   2.716152     2.6912     2.4909      8.019     0.1436     2.1614 1.0790e-01     0.2451    94.0574     8.1252     6.7116    32.7025    32.7042    26.2613    26.2626    8.21869 0.0000e+00
       8411     66.883    -0.2120    -0.2119   2.716032   2.716159     2.6912     2.4909      8.019     0.1534     2.0429 1.0790e-01     0.2451    94.0574     8.1245     6.7115    32.7025    32.7040    26.2613    26.2625    8.21872 0.0000e+00
       8414     66.817    -0.2119    -0.2119   2.716031   2.716155     2.6912     2.4909      8.019     0.1436     2.0429 1.0790e-01     0.2455    94.0487     8.1246     6.7115    32.7024    32.7040    26.2612    26.2625    8.21869 0.0000e+00
       8417     66.753    -0.2120    -0.2121   2.716029   2.716122     2.6912     2.4909      8.019     0.1534     2.0429 1.0790e-01     0.2473    94.0053     8.1251     6.7115    32.7025    32.7039    26.2613    26.2624    8.21870 0.0000e+00
       8420     66.692    -0.2121    -0.2122   2.716021   2.716131     2.6912     2.4909      8.019     0.1534     2.0429 1.0790e-01     0.2499    93.9445     8.1253     6.7114    32.7025    32.7041    26.2613    26.2626    8.21873 0.0000e+00
       8423     66.634    -0.2119    -0.2120   2.716027   2.716152     2.6912     2.4909      8.019     0.1485     2.0429 1.0790e-01     0.2495    93.9532     8.1239     6.7117    32.7025    32.7042    26.2612    26.2627    8.21869 0.0000e+00
       8426     66.575    -0.2120    -0.2117   2.716006   2.716166     2.6912     2.4909      8.019     0.1485     2.0429 1.0790e-01     0.2495    93.9532     8.1229     6.7138    32.7023    32.7041    26.2611    26.2626    8.21871 0.0000e+00
       8429     66.521    -0.2120    -0.2109   2.716010   2.716224     2.6912     2.4909      8.019     0.1436     2.0429 1.0790e-01     0.2495    93.9532     8.1213     6.7136    32.7023    32.7041    26.2612    26.2625    8.21871 0.0000e+00
       8432     66.467    -0.2120    -0.2108   2.716025   2.716241     2.6912     2.4909      8.019     0.1534     2.0429 1.0790e-01     0.2495    93.9532     8.1214     6.7138    32.7027    32.7042    26.2614    26.2626    8.21871 0.0000e+00
       8435     66.416    -0.2121    -0.2107   2.716015   2.716262     2.6912     2.4909      8.019     0.1534     2.0824 1.0790e-01     0.2495    93.9532     8.1217     6.7156    32.7026    32.7044    26.2613    26.2628    8.21872 0.0000e+00
       8438     66.370    -0.2120    -0.2107   2.716010   2.716245     2.6912     2.4909      8.019     0.1534     2.1614 1.0790e-01     0.2506    93.9271     8.1215     6.7177    32.7025    32.7042    26.2612    26.2626    8.21871 0.0000e+00
       8441     66.326    -0.2120    -0.2107   2.716014   2.716221     2.6912     2.4909      8.019     0.1534     2.1614 1.0790e-01     0.2506    93.9271     8.1215     6.7195    32.7025    32.7039    26.2613    26.2624    8.21870 0.0000e+00
       8444     66.286    -0.2120    -0.2110   2.716027   2.716210     2.6912     2.4909      8.019     0.1436     2.1614 1.0790e-01     0.2506    93.9271     8.1216     6.7209    32.7027    32.7041    26.2614    26.2625    8.21869 0.0000e+00
       8447     66.247    -0.2119    -0.2113   2.716025   2.716169     2.6908     2.4913      8.019     0.1485     2.1614 1.0790e-01     0.2506    93.9271     8.1202     6.7235    32.7026    32.7039    26.2614    26.2624    8.21868 0.0000e+00
       8450     66.212    -0.2119    -0.2117   2.716023   2.716143     2.6912     2.4918      8.019     0.1485     2.1614 1.0790e-01     0.2506    93.9271     8.1217     6.7256    32.7026    32.7040    26.2614    26.2625    8.21867 0.0000e+00
       8453     66.179    -0.2117    -0.2120   2.716029   2.716141     2.6912     2.4909      8.019     0.1436     2.1614 1.0790e-01     0.2506    93.9271     8.1217     6.7229    32.7025    32.7043    26.2613    26.2627    8.21864 0.0000e+00
       8456     66.146    -0.2118    -0.2120   2.716002   2.716113     2.6912     2.4913      8.019     0.1436     2.1614 1.0790e-01     0.2506    93.9271     8.1218     6.7243    32.7023    32.7039    26.2611    26.2624    8.21867 0.0000e+00
       8459     66.118    -0.2118    -0.2120   2.715989   2.716114     2.6912     2.4922      8.019     0.1339     2.1614 1.0790e-01     0.2424    94.1182     8.1219     6.7267    32.7022    32.7040    26.2610    26.2625    8.21869 0.0000e+00
       8462     66.089    -0.2119    -0.2120   2.715997   2.716122     2.6912     2.4922      8.019     0.1290     2.0824 1.0790e-01     0.2413    94.1443     8.1220     6.7258    32.7023    32.7042    26.2611    26.2626    8.21869 0.0000e+00
       8465     66.059    -0.2120    -0.2120   2.715995   2.716118     2.6912     2.4922      8.019     0.1290     2.0429 1.0790e-01     0.2413    94.1443     8.1225     6.7254    32.7025    32.7041    26.2613    26.2626    8.21871 0.0000e+00
       8468     66.027    -0.2120    -0.2120   2.716000   2.716133     2.6912     2.4922      8.019     0.1339     2.0429 1.0790e-01     0.2417    94.1356     8.1228     6.7257    32.7025    32.7043    26.2613    26.2627    8.21870 0.0000e+00
       8471     65.998    -0.2118    -0.2117   2.716010   2.716140     2.6912     2.4922      8.019     0.1290     2.0429 1.0790e-01     0.2413    94.1443     8.1227     6.7256    32.7025    32.7041    26.2613    26.2626    8.21867 0.0000e+00
       8474     65.968    -0.2119    -0.2114   2.715992   2.716148     2.6912     2.4922      8.019     0.1387     2.0429 1.0790e-01     0.2410    94.1530     8.1221     6.7254    32.7024    32.7038    26.2612    26.2624    8.21870 0.0000e+00
       8477     65.938    -0.2120    -0.2117   2.715939   2.716138     2.6912     2.4922      8.019     0.1241     2.0429 1.0790e-01     0.2417    94.1356     8.1225     6.7251    32.7018    32.7041    26.2607    26.2626    8.21874 0.0000e+00
       8480     65.902    -0.2118    -0.2114   2.716000   2.716137     2.6912     2.4922      8.019     0.1339     2.0429 1.0790e-01     0.2417    94.1356     8.1219     6.7241    32.7024    32.7037    26.2612    26.2622    8.21867 0.0000e+00
       8483     65.868    -0.2120    -0.2115   2.715988   2.716135     2.6912     2.4922      8.019     0.1339     2.0429 1.0790e-01     0.2417    94.1356     8.1213     6.7241    32.7025    32.7039    26.2613    26.2624    8.21872 0.0000e+00
       8486     65.833    -0.2119    -0.2118   2.715987   2.716126     2.6912     2.4922      8.019     0.1436     2.0429 1.0790e-01     0.2417    94.1356     8.1211     6.7251    32.7024    32.7041    26.2612    26.2626    8.21869 0.0000e+00
       8489     65.796    -0.2118    -0.2118   2.716001   2.716139     2.6916     2.4930      8.019     0.1534     2.0429 1.0790e-01     0.2417    94.1356     8.1224     6.7284    32.7024    32.7044    26.2612    26.2628    8.21866 0.0000e+00
       8492     65.754    -0.2118    -0.2118   2.715974   2.716121     2.6912     2.4930      8.019     0.1436     2.0429 1.0790e-01     0.2417    94.1356     8.1209     6.7286    32.7022    32.7041    26.2610    26.2625    8.21868 0.0000e+00
       8495     65.707    -0.2120    -0.2116   2.716002   2.716126     2.6912     2.4934      8.019     0.1534     2.0429 1.0790e-01     0.2424    94.1183     8.1207     6.7298    32.7027    32.7040    26.2615    26.2625    8.21869 0.0000e+00
       8498     65.658    -0.2117    -0.2118   2.715995   2.716109     2.6916     2.4922      8.019     0.1436     2.0429 1.0790e-01     0.2451    94.0574     8.1220     6.7252    32.7023    32.7040    26.2612    26.2625    8.21864 0.0000e+00
       8501     65.606    -0.2118    -0.2120   2.715964   2.716103     2.6912     2.4934      8.019     0.1436     2.0429 1.0790e-01     0.2477    93.9966     8.1204     6.7288    32.7021    32.7041    26.2610    26.2626    8.21868 0.0000e+00
       8504     65.550    -0.2117    -0.2120   2.715993   2.716096     2.6908     2.4934      8.019     0.1534     2.0429 1.0790e-01     0.2473    94.0053     8.1187     6.7296    32.7025    32.7041    26.2612    26.2625    8.21865 0.0000e+00
       8507     65.489    -0.2116    -0.2120   2.715981   2.716100     2.6912     2.4934      8.019     0.1485     2.0429 1.0790e-01     0.2473    94.0053     8.1205     6.7298    32.7022    32.7041    26.2611    26.2626    8.21864 0.0000e+00
       8510     65.426    -0.2117    -0.2119   2.715981   2.716067     2.6912     2.4934      8.019     0.1632     2.0429 1.0790e-01     0.2473    94.0053     8.1205     6.7300    32.7023    32.7037    26.2611    26.2623    8.21865 0.0000e+00
       8513     65.359    -0.2117    -0.2121   2.715987   2.716053     2.6912     2.4934      8.019     0.1583     2.0034 1.0790e-01     0.2473    94.0053     8.1203     6.7295    32.7025    32.7037    26.2613    26.2623    8.21865 0.0000e+00
       8516     65.289    -0.2117    -0.2124   2.715987   2.716033     2.6912     2.4934      8.019     0.1632     2.1614 1.0790e-01     0.2473    94.0053     8.1202     6.7296    32.7025    32.7039    26.2613    26.2624    8.21864 0.0000e+00
       8519     65.214    -0.2116    -0.2122   2.715995   2.716036     2.6912     2.4934      8.019     0.1583     2.1614 1.0790e-01     0.2491    93.9619     8.1201     6.7311    32.7026    32.7037    26.2613    26.2623    8.21863 0.0000e+00
       8522     65.136    -0.2117    -0.2123   2.715978   2.716045     2.6912     2.4934      8.019     0.1632     2.1614 1.0790e-01     0.2495    93.9532     8.1200     6.7306    32.7024    32.7040    26.2613    26.2625    8.21864 0.0000e+00
       8525     65.053    -0.2116    -0.2120   2.715949   2.716086     2.6912     2.4938      8.019     0.1583     2.1614 1.0790e-01     0.2495    93.9532     8.1208     6.7303    32.7021    32.7043    26.2609    26.2627    8.21865 0.0000e+00
       8528     64.965    -0.2118    -0.2118   2.715962   2.716069     2.6912     2.4942      8.019     0.1632     2.1614 1.0790e-01     0.2495    93.9532     8.1203     6.7317    32.7025    32.7039    26.2613    26.2624    8.21867 0.0000e+00
       8531     64.872    -0.2119    -0.2122   2.715945   2.716043     2.6916     2.4946      8.019     0.1632     2.1614 1.0790e-01     0.2495    93.9532     8.1208     6.7330    32.7024    32.7040    26.2612    26.2625    8.21869 0.0000e+00
       8534     64.778    -0.2120    -0.2124   2.715941   2.716022     2.6912     2.4946      8.019     0.1583     2.1614 1.0790e-01     0.2495    93.9532     8.1187     6.7328    32.7024    32.7040    26.2612    26.2625    8.21870 0.0000e+00
       8537     64.680    -0.2118    -0.2124   2.715941   2.716005     2.6908     2.4942      8.019     0.1485     2.1614 1.0790e-01     0.2495    93.9532     8.1171     6.7314    32.7024    32.7038    26.2612    26.2623    8.21868 0.0000e+00
       8540     64.579    -0.2117    -0.2124   2.715938   2.716005     2.6912     2.4946      8.019     0.1534     2.1219 1.0790e-01     0.2462    94.0314     8.1186     6.7338    32.7022    32.7039    26.2611    26.2625    8.21866 0.0000e+00
       8543     64.477    -0.2117    -0.2125   2.715943   2.715985     2.6912     2.4946      8.019     0.1534     2.0429 1.0790e-01     0.2462    94.0314     8.1184     6.7332    32.7024    32.7038    26.2612    26.2624    8.21865 0.0000e+00
       8546     64.373    -0.2116    -0.2124   2.715934   2.716000     2.6912     2.4942      8.019     0.1485     2.0429 1.0790e-01     0.2462    94.0314     8.1173     6.7294    32.7022    32.7040    26.2610    26.2625    8.21864 0.0000e+00
       8549     64.267    -0.2117    -0.2123   2.715936   2.715997     2.6912     2.4946      8.019     0.1534     2.0429 1.0790e-01     0.2462    94.0314     8.1176     6.7277    32.7024    32.7039    26.2612    26.2624    8.21865 0.0000e+00
       8552     64.160    -0.2118    -0.2122   2.715941   2.716021     2.6908     2.4946      8.019     0.1485     2.0429 1.0790e-01     0.2462    94.0314     8.1164     6.7282    32.7027    32.7042    26.2614    26.2626    8.21866 0.0000e+00
       8555     64.052    -0.2118    -0.2122   2.715909   2.716005     2.6912     2.4946      8.019     0.1485     2.0429 1.0790e-01     0.2455    94.0487     8.1184     6.7292    32.7023    32.7040    26.2611    26.2625    8.21868 0.0000e+00
       8558     63.939    -0.2117    -0.2123   2.715930   2.715987     2.6908     2.4950      8.019     0.1436     2.0429 1.0790e-01     0.2466    94.0227     8.1181     6.7303    32.7026    32.7039    26.2613    26.2624    8.21865 0.0000e+00
       8561     63.828    -0.2118    -0.2123   2.715914   2.715987     2.6912     2.4950      8.019     0.1534     2.0429 1.0790e-01     0.2495    93.9532     8.1205     6.7299    32.7025    32.7040    26.2612    26.2625    8.21866 0.0000e+00
       8564     63.716    -0.2117    -0.2123   2.715928   2.715965     2.6912     2.4958      8.019     0.1680     2.0429 1.0790e-01     0.2502    93.9358     8.1198     6.7311    32.7027    32.7037    26.2614    26.2623    8.21864 0.0000e+00
       8567     63.609    -0.2117    -0.2125   2.715882   2.715952     2.6908     2.4950      8.019     0.1632     2.0429 1.0790e-01     0.2495    93.9532     8.1186     6.7276    32.7021    32.7038    26.2609    26.2624    8.21866 0.0000e+00
       8570     63.498    -0.2119    -0.2124   2.715885   2.715952     2.6908     2.4946      8.019     0.1583     2.0429 1.0790e-01     0.2495    93.9532     8.1195     6.7241    32.7024    32.7038    26.2611    26.2624    8.21869 0.0000e+00
       8573     63.390    -0.2118    -0.2124   2.715880   2.715957     2.6912     2.4946      8.019     0.1632     2.0429 1.0790e-01     0.2495    93.9532     8.1213     6.7216    32.7023    32.7040    26.2611    26.2625    8.21868 0.0000e+00
