Datasets/AZMP/COO001/79001117.cnv
* Sea-Bird SBE 9 Data File:
* FileName = C:\CTDDATA\79001117.hex
* Software Version Seasave V 7.26.7.110
* Temperature SN = 5660
* Conductivity SN = 3698
* Number of Bytes Per Scan = 30
* Number of Voltage Words = 4
* Number of Scans Averaged by the Deck Unit = 1
* NMEA baud rate = 9600
** VESSEL/TRIP/SEQ STN:  79001117
** LATITUDE XX XX.XX N:  47 00.00 N
** LONGITUDE XX XX.XX W:  49 07.00 W
** SOUNDING DEPTH (M):  0085
** PROBE TYPE: S1257
** CTD NUMBER: 077
** COMMENTS (14 CHAR): FC-10
** BOTTLES:  9
** LEVELS: 5,5,10,20,20,30,40,50,BTM
** STICKERS: 435576 - 435584
** VNET: Y
** DO2: N
# nquan = 22
# nvalues = 1897                        
# units = specified
# name 0 = scan: Scan Count
# name 1 = prDM: Pressure, Digiquartz [db]
# name 2 = t090C: Temperature [ITS-90, deg C]
# name 3 = t190C: Temperature, 2 [ITS-90, deg C]
# name 4 = c0S/m: Conductivity [S/m]
# name 5 = c1S/m: Conductivity, 2 [S/m]
# name 6 = sbeox0V: Oxygen raw, SBE 43 [V]
# name 7 = sbeox1V: Oxygen raw, SBE 43, 2 [V]
# name 8 = ph: pH
# name 9 = flECO-AFL: Fluorescence, WET Labs ECO-AFL/FL [mg/m^3]
# name 10 = wetCDOM: Fluorescence, WET Labs CDOM [mg/m^3]
# name 11 = par/sat/log: PAR/Logarithmic, Satlantic [umol photons/m^2/sec]
# name 12 = CStarAt0: Beam Attenuation, WET Labs C-Star [1/m]
# name 13 = CStarTr0: Beam Transmission, WET Labs C-Star [%]
# name 14 = sbeox0ML/L: Oxygen, SBE 43 [ml/l], WS = 2
# name 15 = sbeox1ML/L: Oxygen, SBE 43, 2 [ml/l], WS = 2
# name 16 = sal00: Salinity, Practical [PSU]
# name 17 = sal11: Salinity, Practical, 2 [PSU]
# name 18 = sigma-t00: Density [sigma-t, kg/m^3 ]
# name 19 = sigma-t11: Density, 2 [sigma-t, kg/m^3 ]
# name 20 = oxsatML/L: Oxygen Saturation, Weiss [ml/l]
# name 21 = flag: flag
# span 0 =         94,      29807       
# span 1 =      0.599,     77.849       
# span 2 =    -0.6246,     4.6850       
# span 3 =    -0.6254,     4.7099       
# span 4 =   2.698943,   3.076510       
# span 5 =   2.035525,   3.078600       
# span 6 =     2.4079,     2.7712       
# span 7 =     2.3785,     2.7438       
# span 8 =      8.021,      8.175       
# span 9 =     0.0654,     0.8762       
# span 10 =     1.3323,     2.1614      
# span 11 = 1.0790e-01, 3.2692e+01      
# span 12 =     0.1013,     0.6434      
# span 13 =    85.1417,    97.4986      
# span 14 =     6.2988,     7.4836      
# span 15 =     6.1835,     9.1160      
# span 16 =    31.2428,    33.6314      
# span 17 =    20.5114,    33.2794      
# span 18 =    24.9550,    26.9677      
# span 19 =    16.2349,    26.7020      
# span 20 =    7.27656,    8.29738      
# span 21 = 0.0000e+00, 0.0000e+00      
# interval = scans: 3                   
# start_time = Dec 07 2019 11:20:13 [System UTC, header]
# bad_flag = -9.990e-29
*END*
[from data line 132]
        829     15.473     4.6395     4.6382   3.073400   3.073566     2.6858     2.7302      8.169     0.6857     1.5692 3.0417e+00     0.1224    96.9859     7.0564     7.6575    32.1999    32.2032    25.4946    25.4973    7.28457 0.0000e+00
        832     15.586     4.6396     4.6379   3.073436   3.073551     2.6862     2.7289      8.169     0.6760     1.5692 2.9894e+00     0.1199    97.0467     7.0558     7.6545    32.2002    32.2032    25.4947    25.4973    7.28454 0.0000e+00
        835     15.695     4.6397     4.6379   3.073450   3.073561     2.6862     2.7298      8.169     0.6711     1.5692 2.9312e+00     0.1203    97.0380     7.0527     7.6609    32.2002    32.2033    25.4948    25.4974    7.28452 0.0000e+00
        838     15.794     4.6397     4.6381   3.073405   3.073566     2.6854     2.7298      8.169     0.6125     1.5692 2.8941e+00     0.1203    97.0380     7.0474     7.6635    32.1997    32.2031    25.4943    25.4972    7.28456 0.0000e+00
        841     15.884     4.6390     4.6382   3.073367   3.073590     2.6874     2.7302      8.166     0.6076     1.5692 2.8543e+00     0.1203    97.0380     7.0528     7.6673    32.1998    32.2032    25.4945    25.4973    7.28467 0.0000e+00
        844     15.972     4.6384     4.6379   3.073338   3.073559     2.6866     2.7293      8.169     0.6076     1.5692 2.8084e+00     0.1203    97.0380     7.0495     7.6670    32.2000    32.2032    25.4947    25.4973    7.28476 0.0000e+00
        847     16.050     4.6384     4.6375   3.073353   3.073534     2.6870     2.7298      8.167     0.6125     1.5692 2.7761e+00     0.1206    97.0293     7.0517     7.6699    32.2002    32.2031    25.4949    25.4973    7.28476 0.0000e+00
        850     16.123     4.6379     4.6377   3.073318   3.073530     2.6870     2.7289      8.169     0.5978     1.5692 2.7442e+00     0.1206    97.0293     7.0514     7.6694    32.2002    32.2029    25.4950    25.4971    7.28485 0.0000e+00
        853     16.190     4.6379     4.6374   3.073326   3.073561     2.6858     2.7293      8.169     0.5978     1.5692 2.7221e+00     0.1199    97.0467     7.0454     7.6739    32.2002    32.2034    25.4950    25.4975    7.28484 0.0000e+00
        856     16.249     4.6381     4.6372   3.073385   3.073550     2.6862     2.7293      8.167     0.5978     1.5692 2.7064e+00     0.1196    97.0554     7.0450     7.6754    32.2008    32.2035    25.4954    25.4977    7.28479 0.0000e+00
        859     16.302     4.6381     4.6375   3.073393   3.073565     2.6858     2.7302      8.167     0.5978     1.5692 2.7033e+00     0.1199    97.0467     7.0435     7.6789    32.2008    32.2034    25.4954    25.4975    7.28478 0.0000e+00
        862     16.349     4.6384     4.6382   3.073406   3.073599     2.6862     2.7298      8.167     0.6174     1.6087 2.6815e+00     0.1199    97.0467     7.0443     7.6793    32.2007    32.2031    25.4952    25.4972    7.28473 0.0000e+00
        865     16.389     4.6386     4.6385   3.073412   3.073592     2.6866     2.7298      8.169     0.6222     1.6876 2.6846e+00     0.1203    97.0380     7.0453     7.6826    32.2005    32.2027    25.4951    25.4969    7.28470 0.0000e+00
        868     16.425     4.6387     4.6384   3.073408   3.073598     2.6870     2.7302      8.169     0.6174     1.6876 2.6784e+00     0.1196    97.0554     7.0482     7.6874    32.2004    32.2028    25.4950    25.4969    7.28470 0.0000e+00
        871     16.453     4.6387     4.6385   3.073414   3.073608     2.6874     2.7302      8.167     0.6222     1.6876 2.6691e+00     0.1196    97.0554     7.0490     7.6887    32.2004    32.2028    25.4950    25.4969    7.28469 0.0000e+00
        934     16.496     4.6392     4.6382   3.073439   3.073610     2.6862     2.7306      8.167     0.6857     1.4507 3.0593e+00     0.1235    96.9598     7.0456     7.6420    32.2002    32.2031    25.4948    25.4972    7.28461 0.0000e+00
        937     16.524     4.6391     4.6382   3.073445   3.073610     2.6862     2.7302      8.169     0.6955     1.4507 3.0522e+00     0.1239    96.9511     7.0469     7.6371    32.2004    32.2031    25.4949    25.4972    7.28463 0.0000e+00
        940     16.557     4.6391     4.6384   3.073441   3.073606     2.6866     2.7302      8.169     0.7004     1.4902 3.0522e+00     0.1232    96.9685     7.0508     7.6357    32.2002    32.2029    25.4949    25.4970    7.28463 0.0000e+00
        943     16.594     4.6391     4.6382   3.073439   3.073604     2.6862     2.7298      8.169     0.7053     1.5692 3.0522e+00     0.1232    96.9685     7.0490     7.6340    32.2002    32.2031    25.4948    25.4972    7.28463 0.0000e+00
        946     16.634     4.6390     4.6383   3.073443   3.073620     2.6862     2.7289      8.167     0.7053     1.5692 3.0381e+00     0.1232    96.9685     7.0518     7.6300    32.2003    32.2031    25.4949    25.4972    7.28464 0.0000e+00
        949     16.678     4.6390     4.6382   3.073439   3.073598     2.6874     2.7289      8.169     0.7053     1.5692 3.0276e+00     0.1232    96.9685     7.0591     7.6301    32.2003    32.2029    25.4949    25.4971    7.28464 0.0000e+00
        952     16.727     4.6392     4.6382   3.073425   3.073611     2.6866     2.7281      8.169     0.7150     1.5692 2.9997e+00     0.1228    96.9772     7.0590     7.6286    32.1999    32.2030    25.4946    25.4971    7.28463 0.0000e+00
        955     16.785     4.6391     4.6381   3.073451   3.073610     2.6866     2.7277      8.169     0.7004     1.5692 2.9687e+00     0.1221    96.9946     7.0618     7.6300    32.2003    32.2031    25.4949    25.4972    7.28464 0.0000e+00
        958     16.846     4.6392     4.6382   3.073457   3.073611     2.6862     2.7269      8.169     0.7053     1.5692 2.9584e+00     0.1217    97.0033     7.0624     7.6324    32.2002    32.2030    25.4948    25.4971    7.28461 0.0000e+00
        961     16.912     4.6391     4.6382   3.073447   3.073643     2.6883     2.7277      8.166     0.7053     1.5692 2.9312e+00     0.1221    96.9946     7.0704     7.6374    32.2001    32.2033    25.4948    25.4974    7.28463 0.0000e+00
        964     16.984     4.6392     4.6383   3.073481   3.073622     2.6874     2.7277      8.167     0.7101     1.5692 2.9109e+00     0.1221    96.9946     7.0698     7.6406    32.2005    32.2030    25.4950    25.4971    7.28461 0.0000e+00
        967     17.058     4.6393     4.6381   3.073471   3.073635     2.6874     2.7277      8.167     0.6711     1.5692 2.8775e+00     0.1224    96.9859     7.0725     7.6449    32.2002    32.2032    25.4948    25.4973    7.28460 0.0000e+00
        970     17.131     4.6393     4.6382   3.073484   3.073624     2.6891     2.7265      8.167     0.6271     1.5692 2.8280e+00     0.1224    96.9859     7.0795     7.6440    32.2003    32.2030    25.4949    25.4971    7.28459 0.0000e+00
        973     17.209     4.6394     4.6379   3.073514   3.073629     2.6895     2.7269      8.169     0.6223     1.5692 2.7987e+00     0.1221    96.9946     7.0831     7.6482    32.2005    32.2033    25.4951    25.4974    7.28457 0.0000e+00
        976     17.288     4.6395     4.6381   3.073494   3.073628     2.6895     2.7265      8.167     0.6271     1.5692 2.7729e+00     0.1221    96.9946     7.0837     7.6501    32.2001    32.2030    25.4947    25.4972    7.28457 0.0000e+00
        979     17.367     4.6394     4.6379   3.073474   3.073633     2.6911     2.7269      8.169     0.6271     1.5692 2.7442e+00     0.1221    96.9946     7.0888     7.6529    32.2000    32.2032    25.4946    25.4973    7.28459 0.0000e+00
        982     17.452     4.6395     4.6378   3.073506   3.073639     2.6899     2.7269      8.166     0.6174     1.5692 2.6939e+00     0.1224    96.9859     7.0846     7.6540    32.2002    32.2033    25.4947    25.4974    7.28456 0.0000e+00
        985     17.539     4.6397     4.6379   3.073521   3.073627     2.6907     2.7265      8.169     0.6174     1.5692 2.6722e+00     0.1221    96.9946     7.0870     7.6526    32.2001    32.2031    25.4947    25.4972    7.28453 0.0000e+00
        988     17.626     4.6398     4.6379   3.073515   3.073656     2.6915     2.7265      8.167     0.6222     1.5692 2.6538e+00     0.1228    96.9772     7.0908     7.6545    32.1999    32.2034    25.4945    25.4975    7.28453 0.0000e+00
        991     17.712     4.6396     4.6380   3.073516   3.073616     2.6923     2.7265      8.169     0.6174     1.5692 2.6172e+00     0.1228    96.9772     7.0924     7.6569    32.2001    32.2028    25.4946    25.4970    7.28455 0.0000e+00
        994     17.799     4.6396     4.6379   3.073524   3.073659     2.6927     2.7265      8.167     0.6564     1.5692 2.5931e+00     0.1217    97.0033     7.0921     7.6579    32.2001    32.2034    25.4947    25.4974    7.28454 0.0000e+00
        997     17.887     4.6398     4.6379   3.073474   3.073646     2.6931     2.7265      8.167     0.6760     1.5692 2.5633e+00     0.1217    97.0033     7.0934     7.6561    32.1993    32.2032    25.4941    25.4973    7.28455 0.0000e+00
       1000     17.971     4.6396     4.6379   3.073484   3.073643     2.6923     2.7265      8.167     0.6857     1.5692 2.5397e+00     0.1217    97.0033     7.0905     7.6547    32.1996    32.2030    25.4943    25.4972    7.28458 0.0000e+00
       1003     18.052     4.6396     4.6382   3.073550   3.073663     2.6931     2.7265      8.169     0.6808     1.5692 2.4903e+00     0.1217    97.0033     7.0934     7.6541    32.2002    32.2029    25.4948    25.4971    7.28453 0.0000e+00
       1006     18.135     4.6398     4.6383   3.073538   3.073681     2.6944     2.7265      8.169     0.6760     1.5692 2.4588e+00     0.1217    97.0033     7.0978     7.6555    32.1999    32.2030    25.4945    25.4971    7.28453 0.0000e+00
       1009     18.213     4.6398     4.6386   3.073540   3.073688     2.6944     2.7265      8.169     0.6808     1.5692 2.4390e+00     0.1217    97.0033     7.0979     7.6558    32.1999    32.2028    25.4945    25.4969    7.28452 0.0000e+00
       1012     18.289     4.6400     4.6386   3.073563   3.073693     2.6956     2.7265      8.167     0.6808     1.5692 2.4081e+00     0.1235    96.9598     7.1015     7.6569    32.2000    32.2028    25.4945    25.4969    7.28449 0.0000e+00
       1015     18.359     4.6398     4.6388   3.073568   3.073715     2.6948     2.7265      8.166     0.6857     1.5692 2.3750e+00     0.1249    96.9251     7.0990     7.6579    32.2001    32.2028    25.4947    25.4969    7.28451 0.0000e+00
       1018     18.423     4.6399     4.6389   3.073573   3.073734     2.6956     2.7261      8.167     0.6808     1.5692 2.3531e+00     0.1249    96.9251     7.1033     7.6576    32.2000    32.2029    25.4946    25.4970    7.28449 0.0000e+00
       1021     18.485     4.6398     4.6390   3.073566   3.073729     2.6956     2.7257      8.167     0.6857     1.5692 2.3314e+00     0.1249    96.9251     7.1054     7.6573    32.2000    32.2027    25.4946    25.4969    7.28451 0.0000e+00
       1024     18.542     4.6398     4.6390   3.073548   3.073731     2.6960     2.7253      8.166     0.6808     1.5692 2.3207e+00     0.1249    96.9251     7.1087     7.6573    32.1998    32.2027    25.4944    25.4968    7.28453 0.0000e+00
       1027     18.593     4.6397     4.6390   3.073540   3.073725     2.6972     2.7265      8.169     0.6808     1.5692 2.2993e+00     0.1249    96.9251     7.1123     7.6650    32.1998    32.2026    25.4945    25.4967    7.28455 0.0000e+00
       1030     18.639     4.6398     4.6391   3.073540   3.073745     2.6972     2.7257      8.167     0.6808     1.5692 2.2650e+00     0.1249    96.9251     7.1129     7.6664    32.1997    32.2027    25.4943    25.4968    7.28454 0.0000e+00
       1033     18.681     4.6398     4.6389   3.073556   3.073729     2.6984     2.7265      8.167     0.6711     1.5692 2.2520e+00     0.1256    96.9077     7.1175     7.6746    32.1999    32.2027    25.4945    25.4968    7.28453 0.0000e+00
       1036     18.718     4.6399     4.6391   3.073556   3.073730     2.6976     2.7265      8.167     0.6760     1.5692 2.2364e+00     0.1256    96.9077     7.1138     7.6799    32.1998    32.2025    25.4944    25.4967    7.28452 0.0000e+00
       1039     18.750     4.6398     4.6390   3.073572   3.073730     2.6988     2.7265      8.167     0.6760     1.5692 2.2260e+00     0.1260    96.8990     7.1184     7.6844    32.2000    32.2026    25.4946    25.4967    7.28452 0.0000e+00
       1042     18.779     4.6397     4.6390   3.073548   3.073772     2.7000     2.7265      8.169     0.6857     1.5692 2.2107e+00     0.1260    96.8990     7.1213     7.6899    32.1998    32.2031    25.4945    25.4971    7.28455 0.0000e+00
       1045     18.808     4.6398     4.6389   3.073560   3.073746     2.7005     2.7265      8.169     0.6760     1.5297 2.2081e+00     0.1260    96.8990     7.1213     7.6930    32.1998    32.2029    25.4944    25.4969    7.28452 0.0000e+00
       1048     18.834     4.6397     4.6390   3.073566   3.073756     2.7017     2.7269      8.169     0.6662     1.4507 2.1852e+00     0.1260    96.8990     7.1233     7.6968    32.2000    32.2028    25.4946    25.4969    7.28454 0.0000e+00
       1075     18.979     4.6398     4.6392   3.073590   3.073756     2.7041     2.7298      8.164     0.7004     1.5297 2.1428e+00     0.1192    97.0641     7.1336     7.6878    32.2001    32.2026    25.4946    25.4967    7.28451 0.0000e+00
       1089     19.057     4.6398     4.6391   3.073563   3.073773     2.7049     2.7289      8.169     0.7199     1.5692 2.1329e+00     0.1174    97.1075     7.1456     7.6730    32.1997    32.2029    25.4943    25.4969    7.28453 0.0000e+00
       1092     19.083     4.6398     4.6392   3.073587   3.073772     2.7057     2.7298      8.169     0.7150     1.5692 2.1427e+00     0.1181    97.0901     7.1512     7.6769    32.2000    32.2027    25.4946    25.4968    7.28452 0.0000e+00
       1095     19.113     4.6396     4.6391   3.073591   3.073759     2.7074     2.7302      8.169     0.7199     1.5692 2.1353e+00     0.1213    97.0120     7.1602     7.6810    32.2002    32.2027    25.4948    25.4968    7.28454 0.0000e+00
       1098     19.147     4.6396     4.6391   3.073611   3.073761     2.7074     2.7302      8.167     0.7004     1.5692 2.1527e+00     0.1206    97.0293     7.1643     7.6840    32.2005    32.2027    25.4950    25.4968    7.28454 0.0000e+00
       1101     19.186     4.6397     4.6390   3.073575   3.073756     2.7082     2.7302      8.167     0.6808     1.5692 2.1527e+00     0.1210    97.0206     7.1722     7.6866    32.1999    32.2026    25.4945    25.4967    7.28454 0.0000e+00
       1104     19.227     4.6399     4.6390   3.073571   3.073781     2.7102     2.7302      8.169     0.6711     1.5692 2.1652e+00     0.1206    97.0293     7.1822     7.6889    32.1997    32.2030    25.4943    25.4970    7.28452 0.0000e+00
       1107     19.278     4.6400     4.6391   3.073598   3.073775     2.7106     2.7306      8.167     0.6857     1.5692 2.1626e+00     0.1210    97.0206     7.1868     7.6921    32.1999    32.2027    25.4945    25.4968    7.28450 0.0000e+00
       1110     19.328     4.6398     4.6391   3.073593   3.073785     2.7115     2.7302      8.166     0.6808     1.5692 2.1627e+00     0.1213    97.0120     7.1933     7.6918    32.1999    32.2029    25.4945    25.4970    7.28452 0.0000e+00
       1113     19.382     4.6400     4.6390   3.073612   3.073777     2.7127     2.7306      8.167     0.6857     1.5692 2.1452e+00     0.1231    96.9685     7.2000     7.6912    32.2000    32.2028    25.4945    25.4969    7.28449 0.0000e+00
       1116     19.445     4.6401     4.6390   3.073610   3.073788     2.7131     2.7310      8.166     0.6808     1.5692 2.1378e+00     0.1249    96.9251     7.2026     7.6891    32.1998    32.2030    25.4944    25.4970    7.28447 0.0000e+00
