Datasets/AZMP/COO001/79001072.cnv
* Sea-Bird SBE 9 Data File:
* FileName = C:\CTDDATA\79001072.hex
* Software Version Seasave V 7.26.7.110
* Temperature SN = 5660
* Conductivity SN = 3698
* Number of Bytes Per Scan = 30
* Number of Voltage Words = 4
* Number of Scans Averaged by the Deck Unit = 1
* NMEA baud rate = 9600
** VESSEL/TRIP/SEQ STN:  79001072
** LATITUDE XX XX.XX N:  48 14.00 N
** LONGITUDE XX XX.XX W:  53 22.30 W
** SOUNDING DEPTH (M):  0278
** PROBE TYPE: S1257
** CTD NUMBER: 039
** COMMENTS (14 CHAR): TB-06
** BOTTLES:
** LEVELS:
** STICKERS:
** VNET: N
** DO2: N
# nquan = 22
# nvalues = 8733                        
# units = specified
# name 0 = scan: Scan Count
# name 1 = prDM: Pressure, Digiquartz [db]
# name 2 = t090C: Temperature [ITS-90, deg C]
# name 3 = t190C: Temperature, 2 [ITS-90, deg C]
# name 4 = c0S/m: Conductivity [S/m]
# name 5 = c1S/m: Conductivity, 2 [S/m]
# name 6 = sbeox0V: Oxygen raw, SBE 43 [V]
# name 7 = sbeox1V: Oxygen raw, SBE 43, 2 [V]
# name 8 = ph: pH
# name 9 = flECO-AFL: Fluorescence, WET Labs ECO-AFL/FL [mg/m^3]
# name 10 = wetCDOM: Fluorescence, WET Labs CDOM [mg/m^3]
# name 11 = par/sat/log: PAR/Logarithmic, Satlantic [umol photons/m^2/sec]
# name 12 = CStarAt0: Beam Attenuation, WET Labs C-Star [1/m]
# name 13 = CStarTr0: Beam Transmission, WET Labs C-Star [%]
# name 14 = sbeox0ML/L: Oxygen, SBE 43 [ml/l], WS = 2
# name 15 = sbeox1ML/L: Oxygen, SBE 43, 2 [ml/l], WS = 2
# name 16 = sal00: Salinity, Practical [PSU]
# name 17 = sal11: Salinity, Practical, 2 [PSU]
# name 18 = sigma-t00: Density [sigma-t, kg/m^3 ]
# name 19 = sigma-t11: Density, 2 [sigma-t, kg/m^3 ]
# name 20 = oxsatML/L: Oxygen Saturation, Weiss [ml/l]
# name 21 = flag: flag
# span 0 =         75,      32834       
# span 1 =      0.155,    266.688       
# span 2 =    -0.5033,     3.8570       
# span 3 =    -0.5190,     3.8639       
# span 4 =   2.701480,   2.959378       
# span 5 =   2.427395,   2.959630       
# span 6 =     2.1981,     2.7705       
# span 7 =     2.1724,     2.7216       
# span 8 =      7.967,      8.164       
# span 9 =     0.0068,     0.7394       
# span 10 =    -1.8655,     3.1089      
# span 11 = 1.0753e-01, 2.2470e+00      
# span 12 =     0.0651,     0.6402      
# span 13 =    85.2112,    98.3849      
# span 14 =     6.2540,     7.7734      
# span 15 =     6.5377,     8.0999      
# span 16 =    31.6172,    33.6478      
# span 17 =    25.5359,    33.6716      
# span 18 =    25.1122,    26.9775      
# span 19 =    20.2829,    26.9926      
# span 20 =    7.45424,    8.27992      
# span 21 = 0.0000e+00, 0.0000e+00      
# interval = scans: 3                   
# start_time = Dec 01 2019 05:39:33 [System UTC, header]
# bad_flag = -9.990e-29
*END*
[from data line 6190]
      22755    153.993     0.0325     0.1249   2.733363   2.737690     2.5248     2.4694      8.052     0.0410     1.9245 1.0790e-01     0.0945    97.6637     7.5607     7.8224    32.6191    32.5776    26.1829    26.1450    8.16988 0.0000e+00
      22758    153.955     0.0355     0.1199   2.733854   2.737349     2.5236     2.4698      8.051     0.0459     1.9245 1.0790e-01     0.0942    97.6724     7.5572     7.8268    32.6223    32.5785    26.1853    26.1460    8.16904 0.0000e+00
      22761    153.913     0.0387     0.1196   2.733921   2.737456     2.5236     2.4698      8.048     0.0410     1.9245 1.0790e-01     0.0942    97.6724     7.5592     7.8286    32.6199    32.5802    26.1832    26.1474    8.16849 0.0000e+00
      22764    153.868     0.0407     0.1223   2.733952   2.737667     2.5248     2.4698      8.051     0.0410     1.9245 1.0790e-01     0.0949    97.6550     7.5655     7.8314    32.6182    32.5802    26.1817    26.1472    8.16815 0.0000e+00
      22767    153.820     0.0420     0.1261   2.733864   2.737981     2.5252     2.4698      8.049     0.0557     1.9245 1.0790e-01     0.0960    97.6289     7.5671     7.8322    32.6157    32.5803    26.1797    26.1472    8.16801 0.0000e+00
      22770    153.769     0.0418     0.1280   2.733756   2.738167     2.5248     2.4707      8.049     0.0752     1.9245 1.0790e-01     0.0960    97.6289     7.5664     7.8356    32.6145    32.5807    26.1787    26.1474    8.16811 0.0000e+00
      22773    153.717     0.0420     0.1330   2.733697   2.739452     2.5257     2.4702      8.049     0.0703     1.9640 1.0790e-01     0.0960    97.6289     7.5716     7.8328    32.6135    32.5923    26.1779    26.1565    8.16811 0.0000e+00
      22776    153.662     0.0418     0.1460   2.733553   2.740287     2.5252     2.4711      8.048     0.0703     2.0429 1.0790e-01     0.0960    97.6289     7.5682     7.8380    32.6119    32.5895    26.1766    26.1535    8.16825 0.0000e+00
      22779    153.604     0.0410     0.1555   2.733404   2.740524     2.5269     2.4711      8.049     0.0703     2.0429 1.0790e-01     0.0960    97.6289     7.5723     7.8413    32.6108    32.5825    26.1757    26.1475    8.16849 0.0000e+00
      22782    153.545     0.0412     0.1619   2.733305   2.741144     2.5265     2.4711      8.049     0.0801     2.0429 1.0790e-01     0.0960    97.6289     7.5680     7.8449    32.6093    32.5839    26.1746    26.1483    8.16853 0.0000e+00
      22785    153.482     0.0429     0.1721   2.733739   2.742079     2.5277     2.4719      8.049     0.0703     2.0429 1.0790e-01     0.0949    97.6550     7.5671     7.8490    32.6133    32.5854    26.1777    26.1490    8.16794 0.0000e+00
      22788    153.414     0.0436     0.1830   2.733202   2.742934     2.5273     2.4723      8.048     0.0703     2.0429 1.0790e-01     0.0917    97.7332     7.5618     7.8523    32.6055    32.5851    26.1713    26.1482    8.16822 0.0000e+00
      22791    153.344     0.0441     0.1938   2.733003   2.743691     2.5269     2.4723      8.049     0.0703     2.0429 1.0790e-01     0.0917    97.7332     7.5579     7.8534    32.6024    32.5836    26.1689    26.1465    8.16829 0.0000e+00
      22794    153.269     0.0456     0.2013   2.732961   2.743801     2.5269     2.4727      8.051     0.0459     2.0429 1.0790e-01     0.0917    97.7332     7.5560     7.8566    32.6003    32.5770    26.1671    26.1408    8.16808 0.0000e+00
      22797    153.191     0.0473     0.2032   2.732949   2.743727     2.5277     2.4723      8.052     0.0410     2.0429 1.0790e-01     0.0921    97.7245     7.5558     7.8600    32.5983    32.5741    26.1654    26.1384    8.16781 0.0000e+00
      22800    153.107     0.0512     0.1964   2.732928   2.742793     2.5261     2.4739      8.052     0.0410     2.0429 1.0790e-01     0.0917    97.7332     7.5475     7.8693    32.5940    32.5692    26.1617    26.1348    8.16721 0.0000e+00
      22803    153.023     0.0544     0.1660   2.732947   2.739668     2.5269     2.4747      8.052     0.0410     2.0429 1.0790e-01     0.0917    97.7332     7.5481     7.8827    32.5909    32.5606    26.1591    26.1293    8.16669 0.0000e+00
      22806    152.937     0.0540     0.1454   2.732856   2.738949     2.5261     2.4747      8.052     0.0459     2.0429 1.0790e-01     0.0921    97.7245     7.5434     7.8883    32.5901    32.5730    26.1585    26.1403    8.16681 0.0000e+00
      22809    152.850     0.0515     0.1282   2.732738   2.737389     2.5265     2.4747      8.052     0.0410     2.0429 1.0790e-01     0.0917    97.7332     7.5474     7.8911    32.5913    32.5708    26.1596    26.1394    8.16729 0.0000e+00
      22812    152.761     0.0469     0.1074   2.732615   2.736299     2.5269     2.4760      8.052     0.0459     2.0429 1.0790e-01     0.0917    97.7332     7.5530     7.9015    32.5946    32.5788    26.1624    26.1468    8.16810 0.0000e+00
      22815    152.671     0.0432     0.1212   2.732574   2.739069     2.5269     2.4764      8.051     0.0410     2.0429 1.0790e-01     0.0917    97.7332     7.5559     7.8990    32.5981    32.6004    26.1654    26.1636    8.16871 0.0000e+00
      22818    152.581     0.0425     0.1618   2.732600   2.742342     2.5269     2.4768      8.052     0.0410     2.0429 1.0790e-01     0.0913    97.7419     7.5577     7.8885    32.5992    32.6003    26.1663    26.1615    8.16881 0.0000e+00
      22821    152.492     0.0448     0.1960   2.732656   2.744475     2.5273     2.4772      8.052     0.0410     2.0429 1.0790e-01     0.0917    97.7332     7.5623     7.8782    32.5976    32.5920    26.1649    26.1531    8.16840 0.0000e+00
      22824    152.400     0.0470     0.2273   2.732610   2.746690     2.5273     2.4776      8.052     0.0459     2.0429 1.0790e-01     0.0917    97.7332     7.5653     7.8652    32.5947    32.5878    26.1625    26.1482    8.16808 0.0000e+00
      22827    152.306     0.0488     0.2534   2.732645   2.748327     2.5269     2.4780      8.052     0.0410     2.0429 1.0790e-01     0.0924    97.7158     7.5661     7.8568    32.5933    32.5815    26.1612    26.1419    8.16777 0.0000e+00
      22830    152.212     0.0509     0.2732   2.732628   2.749615     2.5261     2.4784      8.052     0.0410     2.0429 1.0790e-01     0.0924    97.7158     7.5643     7.8505    32.5909    32.5775    26.1592    26.1376    8.16745 0.0000e+00
      22833    152.121     0.0532     0.2927   2.732706   2.750442     2.5285     2.4784      8.052     0.0410     2.0429 1.0790e-01     0.0924    97.7158     7.5768     7.8436    32.5895    32.5677    26.1580    26.1287    8.16703 0.0000e+00
      22836    152.030     0.0559     0.2964   2.732954   2.749544     2.5281     2.4792      8.052     0.0410     2.0429 1.0790e-01     0.0928    97.7071     7.5775     7.8426    32.5899    32.5521    26.1582    26.1160    8.16641 0.0000e+00
      22839    151.937     0.0619     0.2913   2.733679   2.748660     2.5277     2.4796      8.052     0.0410     2.0429 1.0790e-01     0.0921    97.7245     7.5791     7.8438    32.5931    32.5460    26.1605    26.1114    8.16492 0.0000e+00
      22842    151.847     0.0665     0.2809   2.733979   2.747240     2.5285     2.4796      8.052     0.0410     2.0429 1.0790e-01     0.0924    97.7158     7.5850     7.8472    32.5922    32.5385    26.1596    26.1059    8.16398 0.0000e+00
      22845    151.756     0.0732     0.2618   2.734650   2.744354     2.5289     2.4796      8.052     0.0410     2.0429 1.0790e-01     0.0928    97.7071     7.5918     7.8526    32.5940    32.5210    26.1606    26.0927    8.16242 0.0000e+00
      22848    151.669     0.0793     0.2334   2.735153   2.741410     2.5293     2.4796      8.052     0.0410     2.0429 1.0790e-01     0.0917    97.7332     7.5987     7.8581    32.5942    32.5127    26.1606    26.0874    8.16109 0.0000e+00
      22851    151.589     0.0912     0.2087   2.736391   2.739339     2.5297     2.4796      8.052     0.0410     2.0429 1.0790e-01     0.0917    97.7332     7.6011     7.8621    32.5978    32.5118    26.1629    26.0879    8.15830 0.0000e+00
      22854    151.505     0.1019     0.1961   2.736553   2.738574     2.5297     2.4805      8.052     0.0410     2.0429 1.0790e-01     0.0917    97.7332     7.6014     7.8666    32.5887    32.5152    26.1550    26.0912    8.15650 0.0000e+00
      22857    151.424     0.1033     0.1905   2.736209   2.738259     2.5318     2.4809      8.052     0.0410     2.0429 1.0790e-01     0.0917    97.7332     7.6119     7.8667    32.5827    32.5171    26.1502    26.0930    8.15652 0.0000e+00
      22860    151.345     0.1151     0.1914   2.737916   2.738133     2.5314     2.4809      8.052     0.0410     2.0429 1.0790e-01     0.0917    97.7332     7.6111     7.8645    32.5926    32.5145    26.1576    26.0909    8.15341 0.0000e+00
      22863    151.265     0.1231     0.1923   2.737887   2.738007     2.5326     2.4817      8.052     0.0410     2.0429 1.0790e-01     0.0917    97.7332     7.6163     7.8668    32.5837    32.5119    26.1500    26.0888    8.15216 0.0000e+00
      22866    151.187     0.1221     0.1926   2.737509   2.737947     2.5326     2.4821      8.052     0.0410     2.0429 1.0790e-01     0.0913    97.7419     7.6157     7.8663    32.5798    32.5109    26.1469    26.0879    8.15259 0.0000e+00
      22869    151.117     0.1232     0.1926   2.737953   2.737898     2.5359     2.4821      8.052     0.0410     2.0429 1.0790e-01     0.0906    97.7593     7.6267     7.8634    32.5846    32.5102    26.1507    26.0874    8.15210 0.0000e+00
      22872    151.044     0.1285     0.1928   2.738868   2.737935     2.5350     2.4821      8.052     0.0410     2.0429 1.0790e-01     0.0906    97.7593     7.6224     7.8605    32.5910    32.5106    26.1556    26.0877    8.15060 0.0000e+00
      22875    150.975     0.1410     0.1934   2.739587   2.737925     2.5355     2.4821      8.052     0.0410     2.0429 1.0790e-01     0.0906    97.7593     7.6201     7.8562    32.5872    32.5098    26.1519    26.0870    8.14809 0.0000e+00
      22878    150.905     0.1494     0.1939   2.739493   2.737914     2.5363     2.4821      8.054     0.0410     1.9640 1.0790e-01     0.0906    97.7593     7.6190     7.8522    32.5770    32.5093    26.1433    26.0865    8.14683 0.0000e+00
      22881    150.839     0.1499     0.1957   2.739271   2.738012     2.5375     2.4821      8.052     0.0410     1.9245 1.0790e-01     0.0906    97.7593     7.6226     7.8518    32.5737    32.5087    26.1406    26.0860    8.14692 0.0000e+00
      22884    150.776     0.1503     0.1973   2.739507   2.738048     2.5379     2.4829      8.054     0.0410     1.9245 1.0790e-01     0.0906    97.7593     7.6234     7.8565    32.5764    32.5074    26.1428    26.0849    8.14668 0.0000e+00
      22887    150.713     0.1517     0.1980   2.739767   2.738060     2.5379     2.4825      8.054     0.0410     1.9245 1.0790e-01     0.0899    97.7767     7.6239     7.8557    32.5784    32.5069    26.1443    26.0845    8.14627 0.0000e+00
      22890    150.655     0.1549     0.1981   2.740020   2.738067     2.5379     2.4821      8.057     0.0410     1.9245 1.0790e-01     0.0896    97.7854     7.6222     7.8570    32.5782    32.5069    26.1441    26.0845    8.14557 0.0000e+00
      22893    150.600     0.1612     0.1983   2.739986   2.738087     2.5391     2.4829      8.052     0.0361     1.9245 1.0790e-01     0.0892    97.7941     7.6246     7.8628    32.5712    32.5070    26.1380    26.0845    8.14461 0.0000e+00
      22896    150.542     0.1580     0.1985   2.739664   2.738129     2.5403     2.4825      8.055     0.0410     1.9245 1.0790e-01     0.0896    97.7854     7.6325     7.8661    32.5704    32.5074    26.1376    26.0848    8.14534 0.0000e+00
      22899    150.486     0.1551     0.1984   2.739840   2.738079     2.5403     2.4833      8.055     0.0410     1.9245 1.0790e-01     0.0896    97.7854     7.6352     7.8735    32.5758    32.5069    26.1421    26.0844    8.14567 0.0000e+00
      22902    150.432     0.1587     0.1978   2.740060   2.738065     2.5407     2.4833      8.055     0.0410     1.9245 1.0790e-01     0.0896    97.7854     7.6350     7.8797    32.5749    32.5074    26.1412    26.0848    8.14493 0.0000e+00
      22905    150.378     0.1645     0.1988   2.740423   2.738124     2.5420     2.4841      8.055     0.0410     2.0034 1.0790e-01     0.0896    97.7854     7.6388     7.8871    32.5735    32.5071    26.1398    26.0846    8.14375 0.0000e+00
      22908    150.324     0.1692     0.1996   2.740705   2.738108     2.5432     2.4845      8.057     0.0410     2.0429 1.0790e-01     0.0906    97.7593     7.6437     7.8917    32.5722    32.5061    26.1385    26.0837    8.14281 0.0000e+00
      22911    150.272     0.1751     0.1998   2.740721   2.738115     2.5440     2.4845      8.057     0.0410     2.0429 1.0790e-01     0.0899    97.7767     7.6474     7.8970    32.5662    32.5059    26.1334    26.0836    8.14187 0.0000e+00
      22914    150.221     0.1785     0.1998   2.740760   2.738102     2.5444     2.4845      8.057     0.0459     2.0429 1.0790e-01     0.0903    97.7680     7.6471     7.9000    32.5632    32.5058    26.1308    26.0835    8.14130 0.0000e+00
      22917    150.170     0.1809     0.1999   2.740679   2.738092     2.5440     2.4849      8.057     0.0410     2.0429 1.0790e-01     0.0903    97.7680     7.6431     7.9014    32.5597    32.5056    26.1278    26.0833    8.14099 0.0000e+00
      22920    150.119     0.1821     0.2003   2.740540   2.738100     2.5460     2.4857      8.057     0.0459     2.0429 1.0790e-01     0.0906    97.7593     7.6512     7.9053    32.5566    32.5053    26.1253    26.0831    8.14090 0.0000e+00
      22923    150.072     0.1816     0.2008   2.740496   2.738249     2.5473     2.4861      8.057     0.0410     2.0429 1.0790e-01     0.0906    97.7593     7.6545     7.9068    32.5565    32.5067    26.1252    26.0842    8.14101 0.0000e+00
      22926    150.021     0.1828     0.2010   2.740384   2.738291     2.5460     2.4870      8.057     0.0410     2.0429 1.0790e-01     0.0899    97.7767     7.6459     7.9102    32.5539    32.5071    26.1230    26.0845    8.14090 0.0000e+00
      22929    149.969     0.1840     0.2010   2.739956   2.738212     2.5473     2.4870      8.057     0.0410     2.0034 1.0790e-01     0.0853    97.8896     7.6474     7.9086    32.5470    32.5062    26.1174    26.0837    8.14101 0.0000e+00
      22932    149.917     0.1776     0.2011   2.739050   2.738178     2.5485     2.4874      8.057     0.0410     2.0429 1.0790e-01     0.0860    97.8723     7.6510     7.9127    32.5419    32.5056    26.1137    26.0832    8.14268 0.0000e+00
      22935    149.862     0.1600     0.2013   2.738180   2.738144     2.5489     2.4878      8.057     0.0410     2.0429 1.0790e-01     0.0857    97.8809     7.6554     7.9149    32.5492    32.5050    26.1204    26.0828    8.14608 0.0000e+00
      22938    149.809     0.1476     0.2020   2.737924   2.738268     2.5493     2.4882      8.057     0.0410     2.0429 1.0790e-01     0.0860    97.8723     7.6572     7.9142    32.5590    32.5059    26.1289    26.0835    8.14823 0.0000e+00
      22941    149.755     0.1439     0.2033   2.738352   2.738303     2.5501     2.4882      8.057     0.0410     2.0429 1.0790e-01     0.0860    97.8723     7.6590     7.9122    32.5686    32.5050    26.1369    26.0827    8.14850 0.0000e+00
      22944    149.701     0.1477     0.2033   2.738885   2.738357     2.5509     2.4886      8.057     0.0410     2.0429 1.0790e-01     0.0857    97.8809     7.6563     7.9128    32.5716    32.5058    26.1390    26.0833    8.14750 0.0000e+00
      22947    149.646     0.1558     0.2058   2.739300   2.738586     2.5509     2.4894      8.057     0.0410     2.0429 1.0790e-01     0.0864    97.8636     7.6527     7.9117    32.5685    32.5062    26.1362    26.0835    8.14593 0.0000e+00
