Datasets/AZMP/COO001/79001026.cnv
* Sea-Bird SBE 9 Data File:
* FileName = C:\CTDDATA\79001026.hex
* Software Version Seasave V 7.26.7.110
* Temperature SN = 5660
* Conductivity SN = 3698
* Number of Bytes Per Scan = 30
* Number of Voltage Words = 4
* Number of Scans Averaged by the Deck Unit = 1
* NMEA baud rate = 9600
** VESSEL/TRIP/SEQ STN:  79001026
** LATITUDE XX XX.XX N:  45 05.70 N
** LONGITUDE XX XX.XX W:  51 42.00 W
** SOUNDING DEPTH (M):  0074
** PROBE TYPE: S1257
** CTD NUMBER: 013
** COMMENTS (14 CHAR): SEGB-08
** BOTTLES:  17
** LEVELS: 5,5,5,5,10,20,20,20,20,30,40,50,50,50,BTM,BTM,BTM
** STICKERS: 434756 - 434772
** VNET: Y
** DO2: N
# nquan = 22
# nvalues = 1799                        
# units = specified
# name 0 = scan: Scan Count
# name 1 = prDM: Pressure, Digiquartz [db]
# name 2 = t090C: Temperature [ITS-90, deg C]
# name 3 = t190C: Temperature, 2 [ITS-90, deg C]
# name 4 = c0S/m: Conductivity [S/m]
# name 5 = c1S/m: Conductivity, 2 [S/m]
# name 6 = sbeox0V: Oxygen raw, SBE 43 [V]
# name 7 = sbeox1V: Oxygen raw, SBE 43, 2 [V]
# name 8 = ph: pH
# name 9 = flECO-AFL: Fluorescence, WET Labs ECO-AFL/FL [mg/m^3]
# name 10 = wetCDOM: Fluorescence, WET Labs CDOM [mg/m^3]
# name 11 = par/sat/log: PAR/Logarithmic, Satlantic [umol photons/m^2/sec]
# name 12 = CStarAt0: Beam Attenuation, WET Labs C-Star [1/m]
# name 13 = CStarTr0: Beam Transmission, WET Labs C-Star [%]
# name 14 = sbeox0ML/L: Oxygen, SBE 43 [ml/l], WS = 2
# name 15 = sbeox1ML/L: Oxygen, SBE 43, 2 [ml/l], WS = 2
# name 16 = sal00: Salinity, Practical [PSU]
# name 17 = sal11: Salinity, Practical, 2 [PSU]
# name 18 = sigma-t00: Density [sigma-t, kg/m^3 ]
# name 19 = sigma-t11: Density, 2 [sigma-t, kg/m^3 ]
# name 20 = oxsatML/L: Oxygen Saturation, Weiss [ml/l]
# name 21 = flag: flag
# span 0 =         58,      39780       
# span 1 =      0.407,     69.094       
# span 2 =    -0.0830,     6.9675       
# span 3 =    -0.0841,     6.9670       
# span 4 =   2.722524,   3.271697       
# span 5 =   0.717910,   3.273786       
# span 6 =     2.6291,     2.9889       
# span 7 =     2.4726,     2.7521       
# span 8 =      8.004,      8.188       
# span 9 =     0.1241,     0.8469       
# span 10 =    -2.5761,   482.1870      
# span 11 = 1.0581e-01, 1.0971e+00      
# span 12 =     0.1249,     0.2196      
# span 13 =    94.6570,    96.9251      
# span 14 =     5.8685,    10.4846      
# span 15 =     4.9367,     7.9533      
# span 16 =    27.4726,    34.0605      
# span 17 =     6.2046,    33.1401      
# span 18 =    21.5053,    27.2549      
# span 19 =     4.8084,    26.4304      
# span 20 =    6.89064,    8.19176      
# span 21 = 0.0000e+00, 0.0000e+00      
# interval = scans: 3                   
# start_time = Nov 24 2019 03:08:30 [System UTC, header]
# bad_flag = -9.990e-29
*END*
[from data line 461]
       1988     38.877     6.9659     6.9623   3.271679   3.271551     2.9504     2.7355      8.183     0.6711     1.4507 1.0790e-01     0.1368    96.6383     7.4794     6.1650    32.1976    32.1996    25.2163    25.2184    6.89089 0.0000e+00
       1991     38.935     6.9659     6.9616   3.271671   3.271493     2.9500     2.7363      8.183     0.6711     1.4507 1.0790e-01     0.1368    96.6383     7.4770     6.1683    32.1975    32.1996    25.2162    25.2185    6.89090 0.0000e+00
       1994     38.994     6.9659     6.9619   3.271634   3.271544     2.9512     2.7363      8.183     0.6515     1.4507 1.0790e-01     0.1357    96.6644     7.4801     6.1692    32.1971    32.1998    25.2159    25.2186    6.89092 0.0000e+00
       1997     39.054     6.9656     6.9626   3.271607   3.271596     2.9512     2.7363      8.183     0.6125     1.4507 1.0790e-01     0.1357    96.6644     7.4789     6.1698    32.1971    32.1997    25.2159    25.2184    6.89098 0.0000e+00
       2000     39.110     6.9654     6.9625   3.271641   3.271548     2.9512     2.7363      8.183     0.6027     1.5692 1.0790e-01     0.1361    96.6557     7.4776     6.1686    32.1976    32.1993    25.2164    25.2181    6.89098 0.0000e+00
       2003     39.167     6.9655     6.9616   3.271636   3.271499     2.9512     2.7363      8.183     0.6125     1.5692 1.0790e-01     0.1361    96.6557     7.4760     6.1670    32.1974    32.1996    25.2162    25.2184    6.89097 0.0000e+00
       2006     39.221     6.9657     6.9617   3.271660   3.271518     2.9516     2.7363      8.183     0.6125     1.5692 1.0790e-01     0.1364    96.6470     7.4762     6.1655    32.1975    32.1996    25.2162    25.2185    6.89094 0.0000e+00
       2009     39.274     6.9656     6.9612   3.271623   3.271490     2.9520     2.7363      8.183     0.6076     1.5692 1.0790e-01     0.1357    96.6644     7.4769     6.1638    32.1971    32.1998    25.2160    25.2187    6.89097 0.0000e+00
       2012     39.333     6.9656     6.9608   3.271650   3.271457     2.9524     2.7363      8.183     0.6076     1.5692 1.0790e-01     0.1371    96.6296     7.4769     6.1622    32.1974    32.1997    25.2162    25.2186    6.89096 0.0000e+00
       2015     39.393     6.9657     6.9605   3.271662   3.271454     2.9524     2.7363      8.183     0.5978     1.5692 1.0790e-01     0.1400    96.5601     7.4760     6.1608    32.1974    32.1999    25.2162    25.2189    6.89094 0.0000e+00
       2018     39.450     6.9657     6.9606   3.271668   3.271452     2.9528     2.7363      8.183     0.6027     1.5692 1.0790e-01     0.1400    96.5601     7.4767     6.1608    32.1974    32.1998    25.2162    25.2188    6.89093 0.0000e+00
       2021     39.505     6.9658     6.9604   3.271675   3.271452     2.9524     2.7359      8.183     0.6222     1.5692 1.0790e-01     0.1400    96.5601     7.4762     6.1594    32.1973    32.2000    25.2161    25.2189    6.89092 0.0000e+00
       2024     39.566     6.9657     6.9602   3.271664   3.271414     2.9532     2.7351      8.183     0.6369     1.5692 1.0790e-01     0.1400    96.5601     7.4793     6.1570    32.1973    32.1997    25.2161    25.2188    6.89094 0.0000e+00
       2027     39.627     6.9657     6.9601   3.271681   3.271426     2.9528     2.7355      8.183     0.6320     1.5692 1.0790e-01     0.1400    96.5601     7.4784     6.1582    32.1975    32.1999    25.2163    25.2189    6.89094 0.0000e+00
       2030     39.689     6.9657     6.9603   3.271697   3.271452     2.9536     2.7351      8.183     0.6320     1.5692 1.0790e-01     0.1400    96.5601     7.4808     6.1573    32.1976    32.2000    25.2164    25.2189    6.89093 0.0000e+00
       2033     39.752     6.9656     6.9604   3.271633   3.271449     2.9536     2.7359      8.183     0.6320     1.5692 1.0790e-01     0.1400    96.5601     7.4811     6.1600    32.1969    32.1998    25.2159    25.2188    6.89097 0.0000e+00
       2036     39.812     6.9650     6.9610   3.271540   3.271535     2.9524     2.7351      8.183     0.6418     1.5692 1.0790e-01     0.1393    96.5775     7.4782     6.1583    32.1964    32.2002    25.2155    25.2190    6.89109 0.0000e+00
       2039     39.878     6.9641     6.9615   3.271458   3.271537     2.9536     2.7351      8.183     0.6369     1.5692 1.0790e-01     0.1396    96.5688     7.4826     6.1591    32.1964    32.1997    25.2157    25.2186    6.89124 0.0000e+00
       2042     39.945     6.9631     6.9611   3.271357   3.271526     2.9540     2.7355      8.183     0.6271     1.5692 1.0790e-01     0.1389    96.5862     7.4834     6.1614    32.1962    32.1999    25.2156    25.2188    6.89141 0.0000e+00
       2045     40.016     6.9619     6.9609   3.271266   3.271490     2.9545     2.7351      8.183     0.6320     1.5692 1.0790e-01     0.1389    96.5862     7.4842     6.1606    32.1963    32.1997    25.2159    25.2187    6.89161 0.0000e+00
       2048     40.083     6.9611     6.9607   3.271301   3.271482     2.9549     2.7351      8.183     0.6320     1.5692 1.0790e-01     0.1389    96.5862     7.4836     6.1598    32.1973    32.1997    25.2168    25.2187    6.89168 0.0000e+00
       2051     40.154     6.9608     6.9604   3.271311   3.271438     2.9549     2.7351      8.183     0.6174     1.5692 1.0790e-01     0.1396    96.5688     7.4820     6.1582    32.1977    32.1995    25.2171    25.2186    6.89171 0.0000e+00
       2054     40.228     6.9609     6.9594   3.271344   3.271395     2.9553     2.7351      8.183     0.6125     1.5692 1.0790e-01     0.1379    96.6122     7.4819     6.1570    32.1980    32.1999    25.2173    25.2190    6.89169 0.0000e+00
       2057     40.304     6.9607     6.9588   3.271311   3.271359     2.9553     2.7351      8.183     0.6174     1.5692 1.0790e-01     0.1368    96.6383     7.4808     6.1557    32.1978    32.2001    25.2172    25.2192    6.89173 0.0000e+00
       2060     40.381     6.9603     6.9588   3.271230   3.271351     2.9557     2.7351      8.183     0.6271     1.5692 1.0790e-01     0.1368    96.6383     7.4802     6.1551    32.1973    32.2000    25.2168    25.2192    6.89182 0.0000e+00
       2063     40.460     6.9597     6.9586   3.271188   3.271354     2.9553     2.7351      8.183     0.6222     1.5692 1.0790e-01     0.1368    96.6383     7.4761     6.1539    32.1973    32.2001    25.2169    25.2193    6.89191 0.0000e+00
       2066     40.538     6.9593     6.9591   3.271212   3.271389     2.9549     2.7351      8.183     0.6125     1.5692 1.0790e-01     0.1368    96.6383     7.4733     6.1529    32.1979    32.2000    25.2174    25.2191    6.89194 0.0000e+00
       2069     40.618     6.9590     6.9595   3.271207   3.271428     2.9549     2.7342      8.183     0.6222     1.5692 1.0790e-01     0.1368    96.6383     7.4720     6.1496    32.1981    32.2001    25.2176    25.2191    6.89199 0.0000e+00
       2072     40.701     6.9591     6.9595   3.271220   3.271422     2.9536     2.7338      8.183     0.6222     1.5692 1.0790e-01     0.1368    96.6383     7.4682     6.1477    32.1981    32.1999    25.2177    25.2190    6.89197 0.0000e+00
       2075     40.784     6.9590     6.9591   3.271206   3.271334     2.9549     2.7338      8.183     0.6076     1.5692 1.0790e-01     0.1379    96.6122     7.4727     6.1482    32.1980    32.1993    25.2175    25.2185    6.89199 0.0000e+00
       2078     40.865     6.9588     6.9561   3.271159   3.271069     2.9545     2.7334      8.183     0.6076     1.5297 1.0790e-01     0.1375    96.6209     7.4722     6.1479    32.1977    32.1992    25.2173    25.2188    6.89205 0.0000e+00
       2081     40.945     6.9587     6.9562   3.271155   3.271243     2.9540     2.7330      8.183     0.6125     1.5692 1.0790e-01     0.1379    96.6122     7.4727     6.1487    32.1977    32.2009    25.2173    25.2202    6.89206 0.0000e+00
       2084     41.023     6.9584     6.9567   3.271148   3.271133     2.9545     2.7334      8.183     0.6076     1.5692 1.0790e-01     0.1372    96.6296     7.4754     6.1522    32.1978    32.1992    25.2175    25.2188    6.89210 0.0000e+00
       2087     41.107     6.9580     6.9548   3.271064   3.271033     2.9536     2.7330      8.183     0.6027     1.5692 1.0790e-01     0.1379    96.6122     7.4750     6.1542    32.1972    32.1999    25.2171    25.2196    6.89219 0.0000e+00
       2090     41.189     6.9570     6.9544   3.270957   3.271028     2.9545     2.7326      8.183     0.6076     1.5692 1.0790e-01     0.1375    96.6209     7.4790     6.1573    32.1969    32.2002    25.2170    25.2199    6.89236 0.0000e+00
       2093     41.271     6.9561     6.9532   3.270936   3.270880     2.9540     2.7326      8.183     0.6027     1.5692 1.0790e-01     0.1372    96.6296     7.4793     6.1606    32.1975    32.1997    25.2176    25.2197    6.89248 0.0000e+00
       2096     41.354     6.9556     6.9521   3.270905   3.270818     2.9549     2.7326      8.183     0.5978     1.5692 1.0790e-01     0.1361    96.6557     7.4826     6.1641    32.1976    32.2000    25.2177    25.2200    6.89255 0.0000e+00
       2099     41.433     6.9552     6.9528   3.270878   3.270920     2.9549     2.7330      8.183     0.5978     1.5692 1.0790e-01     0.1357    96.6644     7.4829     6.1676    32.1977    32.2004    25.2178    25.2203    6.89261 0.0000e+00
       2102     41.513     6.9550     6.9535   3.270861   3.270960     2.9549     2.7330      8.183     0.5929     1.5692 1.0790e-01     0.1357    96.6644     7.4842     6.1695    32.1976    32.2001    25.2178    25.2200    6.89265 0.0000e+00
       2105     41.591     6.9545     6.9529   3.270781   3.270895     2.9557     2.7338      8.183     0.5978     1.5297 1.0790e-01     0.1357    96.6644     7.4877     6.1746    32.1972    32.1999    25.2175    25.2199    6.89275 0.0000e+00
       2108     41.665     6.9543     6.9523   3.270864   3.270880     2.9549     2.7338      8.183     0.5929     1.5692 1.0790e-01     0.1357    96.6644     7.4853     6.1765    32.1983    32.2003    25.2184    25.2202    6.89274 0.0000e+00
       2111     41.737     6.9539     6.9514   3.270700   3.270729     2.9553     2.7342      8.183     0.5929     1.5692 1.0790e-01     0.1357    96.6644     7.4866     6.1795    32.1968    32.1995    25.2173    25.2197    6.89287 0.0000e+00
       2114     41.808     6.9520     6.9471   3.270459   3.270320     2.9553     2.7347      8.183     0.5929     1.5692 1.0790e-01     0.1357    96.6644     7.4871     6.1822    32.1959    32.1990    25.2169    25.2200    6.89322 0.0000e+00
       2117     41.874     6.9502     6.9435   3.270381   3.270130     2.9553     2.7347      8.181     0.5929     1.5692 1.0790e-01     0.1357    96.6644     7.4877     6.1825    32.1967    32.2003    25.2177    25.2214    6.89346 0.0000e+00
       2120     41.937     6.9499     6.9427   3.270575   3.270155     2.9557     2.7351      8.183     0.5881     1.5692 1.0790e-01     0.1357    96.6644     7.4889     6.1830    32.1991    32.2012    25.2196    25.2223    6.89341 0.0000e+00
       2123     41.999     6.9514     6.9421   3.270787   3.270072     2.9557     2.7351      8.181     0.5881     1.5692 1.0790e-01     0.1357    96.6644     7.4893     6.1821    32.2000    32.2008    25.2202    25.2221    6.89313 0.0000e+00
       2126     42.057     6.9526     6.9422   3.270824   3.270111     2.9561     2.7351      8.183     0.5929     1.5692 1.0790e-01     0.1357    96.6644     7.4908     6.1808    32.1993    32.2012    25.2194    25.2223    6.89297 0.0000e+00
       2129     42.110     6.9531     6.9415   3.270824   3.269987     2.9561     2.7363      8.183     0.5929     1.5692 1.0790e-01     0.1357    96.6644     7.4919     6.1839    32.1987    32.2005    25.2189    25.2218    6.89290 0.0000e+00
       2132     42.159     6.9537     6.9410   3.270873   3.270008     2.9561     2.7359      8.183     0.5881     1.5692 1.0790e-01     0.1357    96.6644     7.4921     6.1827    32.1987    32.2011    25.2188    25.2224    6.89282 0.0000e+00
       2135     42.203     6.9540     6.9402   3.270897   3.269983     2.9561     2.7363      8.183     0.5929     1.5692 1.0790e-01     0.1339    96.7078     7.4919     6.1833    32.1987    32.2016    25.2187    25.2229    6.89277 0.0000e+00
       2138     42.244     6.9546     6.9392   3.270974   3.269923     2.9569     2.7363      8.183     0.5832     1.5692 1.0790e-01     0.1335    96.7165     7.4945     6.1835    32.1989    32.2019    25.2189    25.2233    6.89266 0.0000e+00
       2141     42.281     6.9554     6.9377   3.271083   3.269855     2.9573     2.7363      8.183     0.5832     1.5692 1.0790e-01     0.1335    96.7165     7.4958     6.1828    32.1993    32.2025    25.2191    25.2239    6.89251 0.0000e+00
       2144     42.313     6.9567     6.9378   3.271256   3.269887     2.9569     2.7363      8.181     0.5929     1.5692 1.0790e-01     0.1335    96.7165     7.4940     6.1822    32.2000    32.2027    25.2194    25.2241    6.89227 0.0000e+00
       2147     42.342     6.9581     6.9377   3.271360   3.269855     2.9573     2.7363      8.183     0.5881     1.5692 1.0790e-01     0.1335    96.7165     7.4949     6.1814    32.1998    32.2025    25.2191    25.2239    6.89206 0.0000e+00
       2151     42.372     6.9593     6.9370   3.271370   3.269847     2.9573     2.7367      8.181     0.5978     1.5692 1.0790e-01     0.1335    96.7165     7.4944     6.1817    32.1988    32.2030    25.2181    25.2244    6.89191 0.0000e+00
       2155     42.403     6.9599     6.9376   3.271363   3.269875     2.9573     2.7375      8.181     0.6027     1.5692 1.0790e-01     0.1346    96.6904     7.4931     6.1826    32.1981    32.2027    25.2175    25.2241    6.89184 0.0000e+00
       2179     42.531     6.9595     6.9415   3.271318   3.270068     2.9540     2.7350      8.183     0.6369     1.5692 1.0790e-01     0.1357    96.6644     7.2392     6.0575    32.1979    32.2012    25.2174    25.2224    6.89191 0.0000e+00
       2192     42.614     6.9593     6.9424   3.271287   3.270130     2.9487     2.7322      8.183     0.6564     1.5692 1.0790e-01     0.1357    96.6644     7.0186     5.9444    32.1977    32.2009    25.2173    25.2221    6.89195 0.0000e+00
       2195     42.644     6.9592     6.9425   3.271299   3.270144     2.9422     2.7302      8.183     0.6467     1.5692 1.0790e-01     0.1357    96.6644     6.8944     5.8713    32.1979    32.2010    25.2175    25.2221    6.89196 0.0000e+00
       2198     42.677     6.9591     6.9433   3.271295   3.270022     2.9345     2.7265      8.183     0.6467     1.5692 1.0790e-01     0.1357    96.6644     6.7642     5.7791    32.1980    32.1989    25.2175    25.2204    6.89197 0.0000e+00
       2201     42.718     6.9591     6.9418   3.271293   3.270040     2.9219     2.7224      8.183     0.6564     1.5692 1.0790e-01     0.1353    96.6731     6.6234     5.6772    32.1979    32.2005    25.2175    25.2218    6.89197 0.0000e+00
       2204     42.763     6.9590     6.9456   3.271276   3.270413     2.9031     2.7171      8.183     0.6467     1.5692 1.0790e-01     0.1357    96.6644     6.4730     5.5663    32.1978    32.2010    25.2174    25.2217    6.89199 0.0000e+00
       2207     42.810     6.9584     6.9451   3.271081   3.270374     2.8828     2.7090      8.183     0.6222     1.5297 1.0790e-01     0.1357    96.6644     6.3312     5.4515    32.1963    32.2010    25.2163    25.2217    6.89217 0.0000e+00
       2210     42.866     6.9573     6.9495   3.271029   3.270878     2.8575     2.6980      8.183     0.6271     1.4507 1.0790e-01     0.1357    96.6644     6.1897     5.3378    32.1967    32.2024    25.2167    25.2223    6.89232 0.0000e+00
       2213     42.927     6.9554     6.9540   3.270627   3.271103     2.8335     2.6838      8.181     0.6222     1.4507 1.0790e-01     0.1357    96.6644     6.0731     5.2277    32.1940    32.2006    25.2149    25.2203    6.89275 0.0000e+00
