Datasets/AZMP/COO001/79001054.cnv
* Sea-Bird SBE 9 Data File:
* FileName = C:\CTDDATA\79001054.hex
* Software Version Seasave V 7.26.7.110
* Temperature SN = 5660
* Conductivity SN = 3698
* Number of Bytes Per Scan = 30
* Number of Voltage Words = 4
* Number of Scans Averaged by the Deck Unit = 1
* NMEA baud rate = 9600
** VESSEL/TRIP/SEQ STN:  79001054
** LATITUDE XX XX.XX N:  47 00.00 N
** LONGITUDE XX XX.XX W:  45 30.00 W
** SOUNDING DEPTH (M):  0257
** PROBE TYPE: S1257
** CTD NUMBER: 029
** COMMENTS (14 CHAR): FC-23
** BOTTLES:  20
** LEVELS: 5,5,5,5,10,20,20,20,20,30,40,50,50,50,75,100,100,100,150,BTM
** STICKERS: 435046 - 435065
** VNET: Y
** DO2: N
# nquan = 22
# nvalues = 6642                        
# units = specified
# name 0 = scan: Scan Count
# name 1 = prDM: Pressure, Digiquartz [db]
# name 2 = t090C: Temperature [ITS-90, deg C]
# name 3 = t190C: Temperature, 2 [ITS-90, deg C]
# name 4 = c0S/m: Conductivity [S/m]
# name 5 = c1S/m: Conductivity, 2 [S/m]
# name 6 = sbeox0V: Oxygen raw, SBE 43 [V]
# name 7 = sbeox1V: Oxygen raw, SBE 43, 2 [V]
# name 8 = ph: pH
# name 9 = flECO-AFL: Fluorescence, WET Labs ECO-AFL/FL [mg/m^3]
# name 10 = wetCDOM: Fluorescence, WET Labs CDOM [mg/m^3]
# name 11 = par/sat/log: PAR/Logarithmic, Satlantic [umol photons/m^2/sec]
# name 12 = CStarAt0: Beam Attenuation, WET Labs C-Star [1/m]
# name 13 = CStarTr0: Beam Transmission, WET Labs C-Star [%]
# name 14 = sbeox0ML/L: Oxygen, SBE 43 [ml/l], WS = 2
# name 15 = sbeox1ML/L: Oxygen, SBE 43, 2 [ml/l], WS = 2
# name 16 = sal00: Salinity, Practical [PSU]
# name 17 = sal11: Salinity, Practical, 2 [PSU]
# name 18 = sigma-t00: Density [sigma-t, kg/m^3 ]
# name 19 = sigma-t11: Density, 2 [sigma-t, kg/m^3 ]
# name 20 = oxsatML/L: Oxygen Saturation, Weiss [ml/l]
# name 21 = flag: flag
# span 0 =        207,      61623       
# span 1 =      1.539,    248.818       
# span 2 =     2.7956,     7.8945       
# span 3 =     2.7869,     7.8945       
# span 4 =   3.075773,   3.474199       
# span 5 =   3.099429,   3.474318       
# span 6 =     2.3478,     2.7807       
# span 7 =     2.3103,     2.7424       
# span 8 =      8.013,      8.207       
# span 9 =    -0.0176,     1.4330       
# span 10 =    -2.8130,   482.1870      
# span 11 = 1.0691e-01, 5.4271e-01      
# span 12 =     0.0465,     0.2086      
# span 13 =    94.9177,    98.8455      
# span 14 =     6.0770,     6.7192      
# span 15 =     6.3689,     7.0645      
# span 16 =    33.4784,    34.7080      
# span 17 =    33.1796,    34.7108      
# span 18 =    26.0972,    27.6017      
# span 19 =    25.8629,    27.6042      
# span 20 =    6.68728,    7.51703      
# span 21 = 0.0000e+00, 0.0000e+00      
# interval = scans: 3                   
# start_time = Nov 28 2019 22:07:08 [System UTC, header]
# bad_flag = -9.990e-29
*END*
[from data line 2963]
      11198    222.173     3.5281     3.5266   3.198767   3.198859     2.3613     2.3242      8.025     0.0117     1.5692 1.0802e-01     0.0878    97.8288     6.2421     6.5322    34.7042    34.7069    27.5987    27.6010    7.36328 0.0000e+00
      11201    222.226     3.5280     3.5267   3.198761   3.198867     2.3601     2.3242      8.025     0.0117     1.5692 1.0790e-01     0.0885    97.8114     6.2390     6.5314    34.7042    34.7069    27.5987    27.6010    7.36329 0.0000e+00
      11204    222.282     3.5281     3.5266   3.198781   3.198843     2.3605     2.3247      8.025     0.0117     1.4507 1.0790e-01     0.0881    97.8201     6.2398     6.5337    34.7044    34.7067    27.5988    27.6008    7.36328 0.0000e+00
      11207    222.346     3.5280     3.5267   3.198757   3.198869     2.3605     2.3242      8.025    -0.0029     1.4507 1.0790e-01     0.0881    97.8201     6.2406     6.5345    34.7040    34.7068    27.5986    27.6009    7.36330 0.0000e+00
      11210    222.412     3.5281     3.5267   3.198803   3.198851     2.3605     2.3238      8.025    -0.0029     1.4507 1.0790e-01     0.0881    97.8201     6.2408     6.5346    34.7045    34.7066    27.5989    27.6008    7.36326 0.0000e+00
      11213    222.484     3.5281     3.5266   3.198787   3.198867     2.3597     2.3238      8.025    -0.0029     1.4507 1.0802e-01     0.0874    97.8375     6.2375     6.5367    34.7042    34.7068    27.5987    27.6009    7.36327 0.0000e+00
      11216    222.563     3.5280     3.5267   3.198799   3.198910     2.3597     2.3238      8.025    -0.0029     1.4507 1.0790e-01     0.0874    97.8375     6.2389     6.5359    34.7045    34.7072    27.5989    27.6012    7.36329 0.0000e+00
      11219    222.648     3.5282     3.5269   3.198785   3.198934     2.3597     2.3247      8.025     0.0020     1.4507 1.0790e-01     0.0874    97.8375     6.2395     6.5408    34.7040    34.7073    27.5986    27.6012    7.36326 0.0000e+00
      11222    222.734     3.5280     3.5269   3.198793   3.198942     2.3601     2.3247      8.025    -0.0029     1.4507 1.0790e-01     0.0874    97.8375     6.2411     6.5423    34.7043    34.7073    27.5988    27.6012    7.36329 0.0000e+00
      11225    222.824     3.5280     3.5270   3.198824   3.198920     2.3601     2.3238      8.025    -0.0029     1.4507 1.0790e-01     0.0878    97.8288     6.2423     6.5369    34.7046    34.7069    27.5990    27.6010    7.36327 0.0000e+00
      11228    222.920     3.5282     3.5269   3.198812   3.198910     2.3601     2.3242      8.025    -0.0029     1.4507 1.0790e-01     0.0878    97.8288     6.2436     6.5375    34.7042    34.7069    27.5987    27.6009    7.36326 0.0000e+00
      11231    223.026     3.5281     3.5267   3.198822   3.198906     2.3601     2.3247      8.025    -0.0029     1.5692 1.0790e-01     0.0885    97.8114     6.2444     6.5384    34.7044    34.7069    27.5988    27.6010    7.36327 0.0000e+00
      11234    223.139     3.5280     3.5267   3.198813   3.198916     2.3601     2.3247      8.025    -0.0029     1.5692 1.0790e-01     0.0881    97.8201     6.2438     6.5379    34.7043    34.7070    27.5988    27.6011    7.36329 0.0000e+00
      11237    223.257     3.5279     3.5262   3.198811   3.198898     2.3601     2.3242      8.025    -0.0029     1.5692 1.0790e-01     0.0878    97.8288     6.2439     6.5345    34.7044    34.7072    27.5989    27.6012    7.36331 0.0000e+00
      11240    223.377     3.5277     3.5261   3.198793   3.198903     2.3601     2.3247      8.025     0.0020     1.5692 1.0790e-01     0.0881    97.8201     6.2441     6.5349    34.7042    34.7073    27.5988    27.6014    7.36335 0.0000e+00
      11243    223.500     3.5277     3.5261   3.198797   3.198903     2.3605     2.3251      8.025    -0.0029     1.5692 1.0790e-01     0.0878    97.8288     6.2449     6.5338    34.7043    34.7072    27.5988    27.6013    7.36335 0.0000e+00
      11246    223.626     3.5275     3.5262   3.198802   3.198915     2.3601     2.3247      8.025    -0.0029     1.5692 1.0790e-01     0.0874    97.8375     6.2433     6.5329    34.7045    34.7072    27.5990    27.6013    7.36338 0.0000e+00
      11249    223.755     3.5275     3.5261   3.198830   3.198925     2.3601     2.3238      8.025     0.0020     1.5692 1.0790e-01     0.0881    97.8201     6.2429     6.5287    34.7047    34.7073    27.5992    27.6014    7.36336 0.0000e+00
      11252    223.886     3.5275     3.5261   3.198833   3.198919     2.3609     2.3238      8.025    -0.0029     1.5692 1.0802e-01     0.0874    97.8375     6.2442     6.5264    34.7047    34.7072    27.5992    27.6013    7.36337 0.0000e+00
      11255    224.022     3.5277     3.5260   3.198827   3.198924     2.3597     2.3238      8.025    -0.0029     1.5692 1.0790e-01     0.0874    97.8375     6.2390     6.5234    34.7043    34.7073    27.5988    27.6014    7.36335 0.0000e+00
      11258    224.158     3.5276     3.5261   3.198853   3.198956     2.3593     2.3242      8.025     0.0020     1.5692 1.0790e-01     0.0874    97.8375     6.2370     6.5241    34.7047    34.7076    27.5992    27.6016    7.36335 0.0000e+00
      11261    224.294     3.5277     3.5260   3.198835   3.198942     2.3601     2.3242      8.025    -0.0029     1.5692 1.0790e-01     0.0874    97.8375     6.2387     6.5240    34.7043    34.7074    27.5988    27.6014    7.36334 0.0000e+00
      11264    224.432     3.5278     3.5262   3.198880   3.198968     2.3601     2.3242      8.027     0.0020     1.5692 1.0790e-01     0.0874    97.8375     6.2387     6.5216    34.7046    34.7075    27.5991    27.6015    7.36331 0.0000e+00
      11267    224.567     3.5279     3.5261   3.198884   3.198966     2.3605     2.3238      8.025    -0.0029     1.5692 1.0790e-01     0.0874    97.8375     6.2405     6.5201    34.7045    34.7074    27.5990    27.6014    7.36331 0.0000e+00
      11270    224.704     3.5279     3.5263   3.198892   3.198985     2.3597     2.3238      8.025    -0.0029     1.5692 1.0790e-01     0.0878    97.8288     6.2394     6.5214    34.7045    34.7073    27.5990    27.6014    7.36330 0.0000e+00
      11273    224.840     3.5278     3.5262   3.198904   3.199005     2.3597     2.3238      8.025    -0.0029     1.5692 1.0790e-01     0.0881    97.8201     6.2389     6.5192    34.7047    34.7076    27.5991    27.6016    7.36331 0.0000e+00
      11276    224.975     3.5279     3.5262   3.198903   3.198997     2.3593     2.3234      8.025    -0.0029     1.5692 1.0790e-01     0.0881    97.8201     6.2368     6.5165    34.7045    34.7075    27.5989    27.6015    7.36330 0.0000e+00
      11279    225.110     3.5278     3.5261   3.198899   3.198980     2.3589     2.3226      8.025     0.0020     1.5692 1.0790e-01     0.0874    97.8375     6.2377     6.5128    34.7045    34.7073    27.5989    27.6014    7.36332 0.0000e+00
      11282    225.243     3.5279     3.5261   3.198903   3.198998     2.3593     2.3238      8.025    -0.0029     1.5692 1.0790e-01     0.0881    97.8201     6.2391     6.5150    34.7044    34.7074    27.5989    27.6015    7.36331 0.0000e+00
      11285    225.375     3.5279     3.5260   3.198923   3.198988     2.3593     2.3230      8.025    -0.0029     1.5692 1.0790e-01     0.0881    97.8201     6.2406     6.5128    34.7046    34.7074    27.5990    27.6014    7.36331 0.0000e+00
      11288    225.504     3.5278     3.5259   3.198919   3.198984     2.3593     2.3226      8.025     0.0020     1.5692 1.0790e-01     0.0878    97.8288     6.2429     6.5148    34.7045    34.7074    27.5990    27.6014    7.36332 0.0000e+00
      11291    225.630     3.5279     3.5259   3.198907   3.198978     2.3601     2.3226      8.025     0.0020     1.5692 1.0790e-01     0.0878    97.8288     6.2462     6.5171    34.7043    34.7072    27.5988    27.6013    7.36332 0.0000e+00
      11294    225.751     3.5277     3.5256   3.198884   3.198973     2.3597     2.3226      8.025    -0.0029     1.5692 1.0790e-01     0.0874    97.8375     6.2462     6.5187    34.7041    34.7073    27.5987    27.6014    7.36336 0.0000e+00
      11297    225.871     3.5273     3.5256   3.198906   3.198987     2.3589     2.3218      8.025     0.0020     1.5692 1.0790e-01     0.0874    97.8375     6.2441     6.5163    34.7047    34.7075    27.5991    27.6015    7.36340 0.0000e+00
      11300    225.989     3.5274     3.5256   3.198928   3.198977     2.3584     2.3226      8.025    -0.0029     1.5692 1.0790e-01     0.0874    97.8375     6.2447     6.5210    34.7048    34.7073    27.5993    27.6014    7.36339 0.0000e+00
      11303    226.099     3.5276     3.5255   3.198944   3.198985     2.3601     2.3222      8.025     0.0068     1.5692 1.0790e-01     0.0878    97.8288     6.2511     6.5209    34.7048    34.7074    27.5992    27.6015    7.36335 0.0000e+00
      11306    226.202     3.5277     3.5256   3.198921   3.198973     2.3597     2.3214      8.025     0.0020     1.5692 1.0790e-01     0.0878    97.8288     6.2499     6.5195    34.7043    34.7072    27.5988    27.6013    7.36335 0.0000e+00
      11309    226.299     3.5274     3.5256   3.198896   3.199003     2.3605     2.3226      8.025    -0.0029     1.5692 1.0790e-01     0.0878    97.8288     6.2530     6.5283    34.7043    34.7075    27.5988    27.6015    7.36341 0.0000e+00
      11312    226.389     3.5272     3.5256   3.198900   3.199003     2.3605     2.3226      8.027    -0.0029     1.5692 1.0790e-01     0.0874    97.8375     6.2531     6.5312    34.7045    34.7074    27.5990    27.6015    7.36343 0.0000e+00
      11315    226.473     3.5272     3.5255   3.198883   3.198998     2.3589     2.3222      8.025    -0.0029     1.5692 1.0790e-01     0.0874    97.8375     6.2478     6.5308    34.7042    34.7074    27.5988    27.6015    7.36345 0.0000e+00
      11318    226.552     3.5272     3.5257   3.198904   3.199026     2.3597     2.3222      8.025     0.0020     1.5692 1.0790e-01     0.0874    97.8375     6.2516     6.5325    34.7044    34.7075    27.5990    27.6016    7.36343 0.0000e+00
      11321    226.623     3.5272     3.5256   3.198916   3.199017     2.3601     2.3214      8.025    -0.0029     1.5692 1.0790e-01     0.0874    97.8375     6.2523     6.5301    34.7045    34.7075    27.5990    27.6016    7.36343 0.0000e+00
      11324    226.690     3.5271     3.5256   3.198920   3.199003     2.3609     2.3222      8.025    -0.0029     1.5692 1.0790e-01     0.0874    97.8375     6.2536     6.5338    34.7046    34.7072    27.5991    27.6014    7.36344 0.0000e+00
      11327    226.750     3.5271     3.5256   3.198937   3.199005     2.3605     2.3222      8.025    -0.0029     1.5692 1.0790e-01     0.0874    97.8375     6.2522     6.5359    34.7049    34.7072    27.5993    27.6013    7.36344 0.0000e+00
      11330    226.804     3.5272     3.5255   3.198944   3.199023     2.3605     2.3222      8.027    -0.0029     1.5692 1.0790e-01     0.0878    97.8288     6.2522     6.5351    34.7048    34.7075    27.5993    27.6016    7.36342 0.0000e+00
      11333    226.851     3.5273     3.5255   3.198965   3.198993     2.3605     2.3226      8.027    -0.0029     1.4507 1.0790e-01     0.0864    97.8636     6.2529     6.5347    34.7049    34.7072    27.5993    27.6013    7.36339 0.0000e+00
      11336    226.887     3.5275     3.5254   3.198967   3.199013     2.3605     2.3226      8.025    -0.0029     1.3323 1.0790e-01     0.0864    97.8636     6.2527     6.5357    34.7047    34.7075    27.5991    27.6016    7.36336 0.0000e+00
      11372    226.915     3.5279     3.5257   3.199008   3.199024     2.3605     2.3218      8.025     0.0020     1.3718 1.0790e-01     0.0871    97.8462     6.2503     6.5331    34.7047    34.7073    27.5992    27.6014    7.36330 0.0000e+00
      11442    226.982     3.5283     3.5259   3.199019   3.199049     2.3589     2.3214      8.025    -0.0029     1.4507 1.0802e-01     0.0881    97.8201     6.2404     6.5299    34.7044    34.7073    27.5988    27.6014    7.36323 0.0000e+00
      11445    227.077     3.5283     3.5258   3.199021   3.199047     2.3581     2.3214      8.025    -0.0029     1.4507 1.0802e-01     0.0881    97.8201     6.2387     6.5318    34.7044    34.7073    27.5988    27.6014    7.36324 0.0000e+00
      11448    227.181     3.5281     3.5259   3.199021   3.199067     2.3601     2.3218      8.027    -0.0029     1.4507 1.0802e-01     0.0878    97.8288     6.2465     6.5325    34.7045    34.7074    27.5989    27.6015    7.36326 0.0000e+00
      11451    227.293     3.5281     3.5260   3.199021   3.199084     2.3597     2.3226      8.025    -0.0029     1.4507 1.0790e-01     0.0885    97.8114     6.2456     6.5365    34.7044    34.7075    27.5989    27.6015    7.36327 0.0000e+00
      11454    227.416     3.5282     3.5260   3.199034   3.199076     2.3589     2.3214      8.025     0.0068     1.4507 1.0790e-01     0.0874    97.8375     6.2436     6.5354    34.7044    34.7073    27.5988    27.6014    7.36325 0.0000e+00
      11457    227.540     3.5282     3.5259   3.199021   3.199076     2.3589     2.3222      8.025    -0.0029     1.4507 1.0790e-01     0.0874    97.8375     6.2438     6.5374    34.7043    34.7074    27.5988    27.6014    7.36327 0.0000e+00
      11460    227.671     3.5282     3.5260   3.199052   3.199116     2.3589     2.3226      8.025    -0.0029     1.4507 1.0790e-01     0.0874    97.8375     6.2431     6.5370    34.7045    34.7076    27.5989    27.6016    7.36324 0.0000e+00
      11463    227.805     3.5279     3.5261   3.199037   3.199124     2.3593     2.3222      8.025    -0.0029     1.4507 1.0790e-01     0.0874    97.8375     6.2433     6.5334    34.7046    34.7076    27.5990    27.6016    7.36330 0.0000e+00
      11466    227.940     3.5280     3.5263   3.199043   3.199139     2.3593     2.3214      8.025     0.0020     1.5297 1.0790e-01     0.0874    97.8375     6.2441     6.5279    34.7045    34.7074    27.5989    27.6014    7.36328 0.0000e+00
      11469    228.078     3.5280     3.5266   3.199063   3.199145     2.3593     2.3218      8.025    -0.0029     1.5692 1.0790e-01     0.0874    97.8375     6.2433     6.5267    34.7046    34.7071    27.5990    27.6012    7.36327 0.0000e+00
      11472    228.219     3.5281     3.5266   3.199062   3.199163     2.3593     2.3218      8.025    -0.0029     1.5692 1.0802e-01     0.0874    97.8375     6.2423     6.5241    34.7044    34.7073    27.5989    27.6013    7.36326 0.0000e+00
      11475    228.365     3.5278     3.5266   3.199045   3.199180     2.3593     2.3222      8.025     0.0020     1.5692 1.0790e-01     0.0874    97.8375     6.2447     6.5254    34.7045    34.7074    27.5989    27.6014    7.36332 0.0000e+00
      11478    228.511     3.5276     3.5267   3.199024   3.199187     2.3593     2.3226      8.025    -0.0029     1.5692 1.0790e-01     0.0874    97.8375     6.2452     6.5259    34.7044    34.7073    27.5989    27.6013    7.36336 0.0000e+00
      11481    228.649     3.5274     3.5266   3.199007   3.199171     2.3589     2.3214      8.025    -0.0029     1.5692 1.0790e-01     0.0878    97.8288     6.2436     6.5188    34.7043    34.7071    27.5989    27.6011    7.36341 0.0000e+00
      11484    228.791     3.5273     3.5263   3.199019   3.199162     2.3589     2.3218      8.027     0.0020     1.5692 1.0790e-01     0.0874    97.8375     6.2440     6.5213    34.7045    34.7072    27.5990    27.6013    7.36341 0.0000e+00
      11487    228.935     3.5273     3.5259   3.199049   3.199145     2.3589     2.3214      8.025    -0.0029     1.5692 1.0790e-01     0.0874    97.8375     6.2432     6.5214    34.7048    34.7074    27.5992    27.6015    7.36340 0.0000e+00
      11490    229.075     3.5272     3.5257   3.199047   3.199145     2.3589     2.3214      8.025    -0.0029     1.5297 1.0790e-01     0.0874    97.8375     6.2443     6.5188    34.7048    34.7076    27.5993    27.6016    7.36342 0.0000e+00
