Datasets/AZMP/COO001/79001083.cnv
* Sea-Bird SBE 9 Data File:
* FileName = C:\CTDDATA\79001083.hex
* Software Version Seasave V 7.26.7.110
* Temperature SN = 5660
* Conductivity SN = 3698
* Number of Bytes Per Scan = 30
* Number of Voltage Words = 4
* Number of Scans Averaged by the Deck Unit = 1
* NMEA baud rate = 9600
** VESSEL/TRIP/SEQ STN:  79001083
** LATITUDE XX XX.XX N:  48 09.56 N
** LONGITUDE XX XX.XX W:  53 44.76 W
** SOUNDING DEPTH (M):  0064
** PROBE TYPE: S1257
** CTD NUMBER: 050
** COMMENTS (14 CHAR): SS-12
** BOTTLES:  0
** LEVELS:
** STICKERS:
** VNET: N
** DO2: N
# nquan = 22
# nvalues = 2488                        
# units = specified
# name 0 = scan: Scan Count
# name 1 = prDM: Pressure, Digiquartz [db]
# name 2 = t090C: Temperature [ITS-90, deg C]
# name 3 = t190C: Temperature, 2 [ITS-90, deg C]
# name 4 = c0S/m: Conductivity [S/m]
# name 5 = c1S/m: Conductivity, 2 [S/m]
# name 6 = sbeox0V: Oxygen raw, SBE 43 [V]
# name 7 = sbeox1V: Oxygen raw, SBE 43, 2 [V]
# name 8 = ph: pH
# name 9 = flECO-AFL: Fluorescence, WET Labs ECO-AFL/FL [mg/m^3]
# name 10 = wetCDOM: Fluorescence, WET Labs CDOM [mg/m^3]
# name 11 = par/sat/log: PAR/Logarithmic, Satlantic [umol photons/m^2/sec]
# name 12 = CStarAt0: Beam Attenuation, WET Labs C-Star [1/m]
# name 13 = CStarTr0: Beam Transmission, WET Labs C-Star [%]
# name 14 = sbeox0ML/L: Oxygen, SBE 43 [ml/l], WS = 2
# name 15 = sbeox1ML/L: Oxygen, SBE 43, 2 [ml/l], WS = 2
# name 16 = sal00: Salinity, Practical [PSU]
# name 17 = sal11: Salinity, Practical, 2 [PSU]
# name 18 = sigma-t00: Density [sigma-t, kg/m^3 ]
# name 19 = sigma-t11: Density, 2 [sigma-t, kg/m^3 ]
# name 20 = oxsatML/L: Oxygen Saturation, Weiss [ml/l]
# name 21 = flag: flag
# span 0 =        170,       8690       
# span 1 =      1.581,     59.630       
# span 2 =     3.3011,     3.5690       
# span 3 =     3.3008,     3.5701       
# span 4 =   2.878995,   2.931940       
# span 5 =   2.859048,   2.932072       
# span 6 =     2.5508,     2.7242       
# span 7 =     2.6785,     2.6948       
# span 8 =      8.167,      8.179       
# span 9 =     0.2901,     0.9739       
# span 10 =     2.0034,     3.5826      
# span 11 = 1.0520e-01, 4.6014e-01      
# span 12 =     0.0971,     0.2097      
# span 13 =    94.8917,    97.6029      
# span 14 =     6.8090,     7.4701      
# span 15 =     7.7313,     7.8692      
# span 16 =    31.1054,    31.8117      
# span 17 =    30.8064,    31.8141      
# span 18 =    24.7419,    25.3145      
# span 19 =    24.4991,    25.3168      
# span 20 =    7.51955,    7.56406      
# span 21 = 0.0000e+00, 0.0000e+00      
# interval = scans: 3                   
# start_time = Dec 01 2019 21:43:54 [System UTC, header]
# bad_flag = -9.990e-29
*END*
[from data line 2371]
       8321      4.468     3.4624     3.4406   2.890079   2.884484     2.6261     2.6875      8.174     0.7687     3.1089 1.0790e-01     0.2053    94.9959     7.0301     7.7938    31.1907    31.1450    24.8061    24.7717    7.54995 0.0000e+00
       8324      4.444     3.4632     3.4410   2.889812   2.884599     2.6240     2.6875      8.174     0.7590     3.1089 1.0790e-01     0.2053    94.9959     7.0248     7.7901    31.1868    31.1460    24.8030    24.7724    7.55000 0.0000e+00
       8327      4.421     3.4626     3.4408   2.889681   2.884628     2.6236     2.6875      8.174     0.7639     3.1089 1.0790e-01     0.2053    94.9959     7.0252     7.7859    31.1858    31.1466    24.8022    24.7729    7.55015 0.0000e+00
       8330      4.397     3.4633     3.4407   2.889468   2.884666     2.6228     2.6863      8.174     0.7541     3.1089 1.0790e-01     0.2053    94.9959     7.0232     7.7782    31.1826    31.1472    24.7996    24.7734    7.55018 0.0000e+00
       8333      4.375     3.4612     3.4399   2.888875   2.884454     2.6216     2.6863      8.174     0.7004     3.1484 1.0790e-01     0.2053    94.9959     7.0185     7.7745    31.1776    31.1454    24.7958    24.7720    7.55084 0.0000e+00
       8336      4.351     3.4609     3.4387   2.889177   2.884106     2.6200     2.6863      8.174     0.6955     3.2273 1.1152e-01     0.2053    94.9959     7.0123     7.7723    31.1815    31.1424    24.7989    24.7697    7.55070 0.0000e+00
       8339      4.326     3.4633     3.4386   2.889969   2.884224     2.6204     2.6863      8.174     0.6955     3.2273 1.0878e-01     0.2053    94.9959     7.0128     7.7709    31.1886    31.1439    24.8044    24.7710    7.54988 0.0000e+00
       8342      4.301     3.4640     3.4397   2.890529   2.884313     2.6208     2.6859      8.174     0.7004     3.2273 1.0790e-01     0.2053    94.9959     7.0106     7.7691    31.1947    31.1439    24.8091    24.7709    7.54945 0.0000e+00
       8345      4.277     3.4626     3.4386   2.889371   2.883861     2.6200     2.6851      8.174     0.7004     3.2273 1.0790e-01     0.2057    94.9872     7.0055     7.7681    31.1822    31.1396    24.7993    24.7675    7.55034 0.0000e+00
       8348      4.252     3.4591     3.4383   2.888636   2.883943     2.6179     2.6851      8.174     0.6857     3.2273 1.0790e-01     0.2057    94.9872     6.9960     7.7711    31.1768    31.1409    24.7953    24.7686    7.55127 0.0000e+00
       8351      4.230     3.4587     3.4388   2.889190   2.884080     2.6147     2.6843      8.174     0.6906     3.2273 1.0790e-01     0.2053    94.9959     6.9813     7.7707    31.1838    31.1420    24.8010    24.7694    7.55100 0.0000e+00
       8354      4.206     3.4596     3.4387   2.889249   2.884007     2.6134     2.6843      8.174     0.6955     3.2273 1.0790e-01     0.2053    94.9959     6.9748     7.7740    31.1836    31.1413    24.8007    24.7689    7.55083 0.0000e+00
       8357      4.181     3.4603     3.4364   2.889095   2.883761     2.6122     2.6839      8.176     0.6955     3.2273 1.0790e-01     0.2057    94.9872     6.9693     7.7754    31.1811    31.1406    24.7987    24.7685    7.55082 0.0000e+00
       8360      4.157     3.4606     3.4365   2.889275   2.883720     2.6106     2.6839      8.174     0.7150     3.2273 1.0790e-01     0.2057    94.9872     6.9632     7.7785    31.1830    31.1400    24.8001    24.7681    7.55067 0.0000e+00
       8364      4.126     3.4601     3.4367   2.889138   2.883847     2.6082     2.6839      8.174     0.7248     3.2273 1.0790e-01     0.2057    94.9872     6.9567     7.7860    31.1819    31.1413    24.7993    24.7691    7.55083 0.0000e+00
       8370      4.083     3.4593     3.4372   2.888677   2.883832     2.6057     2.6843      8.174     0.7248     3.2273 1.0930e-01     0.2064    94.9699     6.9569     7.7993    31.1772    31.1407    24.7957    24.7685    7.55122 0.0000e+00
       8373      4.058     3.4588     3.4370   2.888011   2.883755     2.6045     2.6839      8.174     0.7248     3.2273 1.0941e-01     0.2064    94.9699     6.9561     7.8018    31.1697    31.1400    24.7897    24.7680    7.55168 0.0000e+00
       8378      4.019     3.4581     3.4329   2.888619   2.882899     2.6033     2.6839      8.174     0.7297     3.2273 1.0790e-01     0.2064    94.9699     6.9545     7.8086    31.1777    31.1338    24.7961    24.7634    7.55141 0.0000e+00
       8381      3.994     3.4564     3.4319   2.888737   2.882884     2.6025     2.6839      8.174     0.7248     3.2273 1.0790e-01     0.2064    94.9699     6.9538     7.8104    31.1807    31.1345    24.7987    24.7640    7.55158 0.0000e+00
       8384      3.971     3.4560     3.4302   2.888904   2.882656     2.6013     2.6839      8.174     0.7053     3.2273 1.0790e-01     0.2060    94.9786     6.9534     7.8137    31.1831    31.1335    24.8007    24.7634    7.55154 0.0000e+00
       8387      3.946     3.4549     3.4270   2.887803   2.882233     2.6013     2.6843      8.176     0.6857     3.2273 1.0790e-01     0.2042    95.0220     6.9574     7.8192    31.1711    31.1315    24.7912    24.7621    7.55235 0.0000e+00
       8390      3.923     3.4539     3.4269   2.886935   2.882291     2.5996     2.6851      8.174     0.6906     3.2273 1.0790e-01     0.2042    95.0220     6.9539     7.8245    31.1617    31.1323    24.7838    24.7628    7.55302 0.0000e+00
       8393      3.901     3.4533     3.4262   2.887044   2.882180     2.5976     2.6851      8.174     0.6857     3.2273 1.3209e-01     0.2042    95.0220     6.9482     7.8270    31.1636    31.1317    24.7854    24.7623    7.55304 0.0000e+00
       8396      3.876     3.4531     3.4251   2.887051   2.881885     2.5960     2.6847      8.174     0.6906     3.2273 1.1411e-01     0.2046    95.0133     6.9443     7.8282    31.1639    31.1292    24.7856    24.7604    7.55305 0.0000e+00
       8399      3.855     3.4523     3.4240   2.887115   2.881818     2.5947     2.6851      8.174     0.6906     3.2273 1.0765e-01     0.2042    95.0220     6.9400     7.8305    31.1655    31.1295    24.7869    24.7607    7.55313 0.0000e+00
       8402      3.832     3.4517     3.4258   2.887293   2.882126     2.5943     2.6851      8.174     0.6906     3.2273 1.1089e-01     0.2049    95.0046     6.9384     7.8312    31.1681    31.1315    24.7891    24.7622    7.55310 0.0000e+00
       8405      3.807     3.4511     3.4274   2.887021   2.882434     2.5939     2.6851      8.176     0.6857     3.2273 1.1033e-01     0.2053    94.9959     6.9365     7.8316    31.1655    31.1336    24.7870    24.7637    7.55335 0.0000e+00
       8408      3.783     3.4500     3.4287   2.886765   2.882567     2.5943     2.6863      8.174     0.7004     3.2273 1.0777e-01     0.2053    94.9959     6.9384     7.8351    31.1635    31.1340    24.7856    24.7639    7.55366 0.0000e+00
       8411      3.761     3.4496     3.4292   2.886545   2.882547     2.5923     2.6863      8.174     0.7248     3.3063 1.2980e-01     0.2053    94.9959     6.9326     7.8334    31.1613    31.1332    24.7839    24.7633    7.55385 0.0000e+00
       8414      3.737     3.4497     3.4295   2.886819   2.882673     2.5911     2.6863      8.174     0.7394     3.4642 1.1029e-01     0.2053    94.9959     6.9323     7.8327    31.1645    31.1345    24.7864    24.7643    7.55367 0.0000e+00
       8417      3.715     3.4501     3.4304   2.887108   2.882859     2.5911     2.6867      8.174     0.7346     3.4642 1.0777e-01     0.2053    94.9959     6.9330     7.8336    31.1676    31.1358    24.7888    24.7652    7.55344 0.0000e+00
       8420      3.692     3.4478     3.4319   2.886112   2.883034     2.5898     2.6863      8.174     0.7346     3.4642 1.0790e-01     0.2053    94.9959     6.9283     7.8303    31.1579    31.1365    24.7813    24.7656    7.55437 0.0000e+00
       8425      3.658     3.4467     3.4330   2.886268   2.883019     2.5874     2.6875      8.174     0.7346     3.4642 1.0790e-01     0.2075    94.9438     6.9165     7.8321    31.1608    31.1353    24.7837    24.7646    7.55443 0.0000e+00
       8428      3.634     3.4447     3.4306   2.886270   2.882272     2.5862     2.6875      8.174     0.7346     3.4642 1.1650e-01     0.2097    94.8917     6.9108     7.8309    31.1628    31.1287    24.7855    24.7595    7.55470 0.0000e+00
       8431      3.610     3.4463     3.4257   2.886776   2.881651     2.5850     2.6875      8.174     0.7346     3.4642 1.0854e-01     0.2097    94.8917     6.9050     7.8308    31.1673    31.1260    24.7889    24.7579    7.55417 0.0000e+00
       8434      3.586     3.4486     3.4236   2.886849   2.881327     2.5850     2.6875      8.174     0.7394     3.4642 1.0777e-01     0.2097    94.8917     6.9065     7.8316    31.1660    31.1242    24.7877    24.7565    7.55381 0.0000e+00
       8437      3.564     3.4501     3.4210   2.887055   2.881070     2.5846     2.6875      8.174     0.7297     3.4247 1.0790e-01     0.2097    94.8917     6.9082     7.8321    31.1670    31.1236    24.7883    24.7563    7.55347 0.0000e+00
       8440      3.540     3.4507     3.4183   2.887206   2.880675     2.5829     2.6875      8.174     0.7346     3.3457 1.1627e-01     0.2097    94.8917     6.9052     7.8321    31.1682    31.1215    24.7892    24.7549    7.55329 0.0000e+00
       8443      3.516     3.4505     3.4175   2.887198   2.880562     2.5817     2.6875      8.174     0.7394     3.3457 1.0752e-01     0.2097    94.8917     6.9029     7.8343    31.1683    31.1209    24.7893    24.7545    7.55332 0.0000e+00
       8448      3.481     3.4505     3.4166   2.887666   2.880606     2.5801     2.6879      8.174     0.7346     3.3457 1.0790e-01     0.2031    95.0481     6.9024     7.8332    31.1740    31.1223    24.7938    24.7557    7.55305 0.0000e+00
       8451      3.458     3.4508     3.4170   2.887700   2.880814     2.5789     2.6883      8.174     0.7394     3.3457 1.0790e-01     0.2031    95.0481     6.9003     7.8337    31.1741    31.1245    24.7939    24.7574    7.55298 0.0000e+00
       8454      3.434     3.4506     3.4183   2.887071   2.881029     2.5776     2.6887      8.174     0.7346     3.3457 1.0790e-01     0.2031    95.0481     6.8966     7.8343    31.1668    31.1258    24.7881    24.7582    7.55339 0.0000e+00
       8457      3.410     3.4499     3.4193   2.887397   2.881122     2.5776     2.6887      8.174     0.7443     3.3457 1.1460e-01     0.2031    95.0481     6.8987     7.8328    31.1713    31.1260    24.7918    24.7584    7.55328 0.0000e+00
       8460      3.386     3.4500     3.4193   2.887668   2.881200     2.5785     2.6887      8.174     0.7394     3.3457 1.0892e-01     0.2035    95.0394     6.9032     7.8306    31.1744    31.1269    24.7943    24.7591    7.55311 0.0000e+00
       8463      3.364     3.4511     3.4198   2.887885   2.881341     2.5776     2.6887      8.174     0.7346     3.3062 1.0777e-01     0.2031    95.0481     6.9042     7.8279    31.1760    31.1281    24.7954    24.7600    7.55282 0.0000e+00
       8466      3.342     3.4515     3.4200   2.887906   2.881216     2.5752     2.6900      8.174     0.7394     3.2273 1.6786e-01     0.2049    95.0046     6.8988     7.8296    31.1759    31.1264    24.7953    24.7586    7.55276 0.0000e+00
       8469      3.320     3.4527     3.4201   2.887565   2.881044     2.5748     2.6887      8.174     0.7394     3.2273 1.1001e-01     0.2053    94.9959     6.9005     7.8217    31.1706    31.1243    24.7910    24.7569    7.55279 0.0000e+00
       8472      3.296     3.4534     3.4204   2.888546   2.881093     2.5760     2.6891      8.176     0.7394     3.2273 1.0777e-01     0.2053    94.9959     6.9046     7.8203    31.1817    31.1246    24.7998    24.7571    7.55210 0.0000e+00
       8475      3.271     3.4557     3.4197   2.890075   2.881030     2.5736     2.6887      8.174     0.7346     3.2273 1.5748e-01     0.2053    94.9959     6.8959     7.8159    31.1977    31.1245    24.8123    24.7572    7.55086 0.0000e+00
       8478      3.247     3.4589     3.4183   2.890908   2.880646     2.5732     2.6891      8.174     0.7394     3.2273 1.0958e-01     0.2053    94.9959     6.8950     7.8142    31.2046    31.1213    24.8175    24.7547    7.54991 0.0000e+00
       8481      3.225     3.4612     3.4172   2.891035   2.880551     2.5736     2.6887      8.174     0.7297     3.2273 1.0777e-01     0.2053    94.9959     6.8978     7.8119    31.2039    31.1213    24.8167    24.7548    7.54952 0.0000e+00
       8484      3.202     3.4619     3.4172   2.889587   2.880694     2.5719     2.6887      8.174     0.7394     3.2273 1.0790e-01     0.2053    94.9959     6.8946     7.8098    31.1860    31.1229    24.8025    24.7561    7.55029 0.0000e+00
       8487      3.179     3.4574     3.4178   2.888339   2.880754     2.5724     2.6887      8.174     0.7346     3.2273 1.0943e-01     0.2053    94.9959     6.9003     7.8066    31.1754    31.1232    24.7944    24.7563    7.55166 0.0000e+00
       8490      3.156     3.4537     3.4182   2.888130   2.880706     2.5719     2.6887      8.174     0.7346     3.2273 1.8861e-01     0.2053    94.9959     6.9020     7.8052    31.1766    31.1222    24.7956    24.7555    7.55231 0.0000e+00
       8493      3.131     3.4537     3.4172   2.889445   2.880507     2.5719     2.6887      8.174     0.7394     3.2273 1.2621e-01     0.2053    94.9959     6.9010     7.8059    31.1922    31.1208    24.8080    24.7544    7.55151 0.0000e+00
       8496      3.108     3.4557     3.4151   2.890115   2.880015     2.5699     2.6883      8.174     0.7394     3.2273 1.0728e-01     0.2053    94.9959     6.8944     7.8046    31.1982    31.1170    24.8127    24.7515    7.55083 0.0000e+00
       8499      3.086     3.4572     3.4143   2.890152   2.880276     2.5703     2.6883      8.174     0.7346     3.2273 1.0790e-01     0.2053    94.9959     6.8974     7.8051    31.1973    31.1208    24.8118    24.7547    7.55061 0.0000e+00
       8502      3.064     3.4565     3.4159   2.889788   2.880560     2.5711     2.6879      8.174     0.7346     3.2273 1.3634e-01     0.2053    94.9959     6.8991     7.8052    31.1936    31.1227    24.8090    24.7560    7.55091 0.0000e+00
       8505      3.039     3.4554     3.4173   2.888732   2.880638     2.5707     2.6883      8.174     0.7346     3.2273 3.1852e-01     0.2053    94.9959     6.8984     7.8100    31.1821    31.1223    24.7999    24.7556    7.55170 0.0000e+00
       8508      3.017     3.4545     3.4174   2.886848   2.880660     2.5695     2.6879      8.174     0.7346     3.2273 1.0767e-01     0.2042    95.0220     6.8952     7.8114    31.1605    31.1225    24.7828    24.7558    7.55295 0.0000e+00
       8511      2.994     3.4426     3.4153   2.884728   2.880058     2.5687     2.6875      8.176     0.7394     3.2273 1.0955e-01     0.2042    95.0220     6.8949     7.8125    31.1468    31.1173    24.7729    24.7518    7.55591 0.0000e+00
       8514      2.969     3.4288     3.4132   2.883534   2.879265     2.5695     2.6875      8.174     0.7492     3.2273 1.0929e-01     0.2042    95.0220     6.9001     7.8164    31.1458    31.1099    24.7733    24.7461    7.55856 0.0000e+00
       8517      2.946     3.4262     3.4103   2.883688   2.878813     2.5683     2.6875      8.174     0.7785     3.2273 1.0790e-01     0.2042    95.0220     6.8970     7.8201    31.1501    31.1073    24.7770    24.7443    7.55883 0.0000e+00
       8520      2.923     3.4310     3.4067   2.883559   2.878485     2.5679     2.6875      8.174     0.7785     3.2273 1.0790e-01     0.2042    95.0220     6.8940     7.8231    31.1440    31.1068    24.7717    24.7442    7.55823 0.0000e+00
       8523      2.898     3.4271     3.4053   2.883236   2.878734     2.5679     2.6883      8.174     0.7785     3.2273 1.0790e-01     0.2042    95.0220     6.8924     7.8285    31.1439    31.1112    24.7719    24.7478    7.55897 0.0000e+00
