Datasets/AZMP/COO001/79001089.cnv
* Sea-Bird SBE 9 Data File:
* FileName = C:\CTDDATA\79001089.hex
* Software Version Seasave V 7.26.7.110
* Temperature SN = 5660
* Conductivity SN = 3698
* Number of Bytes Per Scan = 30
* Number of Voltage Words = 4
* Number of Scans Averaged by the Deck Unit = 1
* NMEA baud rate = 9600
** VESSEL/TRIP/SEQ STN:  79001089
** LATITUDE XX XX.XX N:  48 10.46 N
** LONGITUDE XX XX.XX W:  53 44.46 W
** SOUNDING DEPTH (M):  0185
** PROBE TYPE: S1257
** CTD NUMBER: 056
** COMMENTS (14 CHAR): SS-17
** BOTTLES:  12
** LEVELS: 5,5,10,20,20,30,40,50,75,100,150,BTM
** STICKERS: 435243 - 435254
** VNET: Y
** DO2: N
# nquan = 22
# nvalues = 6915                        
# units = specified
# name 0 = scan: Scan Count
# name 1 = prDM: Pressure, Digiquartz [db]
# name 2 = t090C: Temperature [ITS-90, deg C]
# name 3 = t190C: Temperature, 2 [ITS-90, deg C]
# name 4 = c0S/m: Conductivity [S/m]
# name 5 = c1S/m: Conductivity, 2 [S/m]
# name 6 = sbeox0V: Oxygen raw, SBE 43 [V]
# name 7 = sbeox1V: Oxygen raw, SBE 43, 2 [V]
# name 8 = ph: pH
# name 9 = flECO-AFL: Fluorescence, WET Labs ECO-AFL/FL [mg/m^3]
# name 10 = wetCDOM: Fluorescence, WET Labs CDOM [mg/m^3]
# name 11 = par/sat/log: PAR/Logarithmic, Satlantic [umol photons/m^2/sec]
# name 12 = CStarAt0: Beam Attenuation, WET Labs C-Star [1/m]
# name 13 = CStarTr0: Beam Transmission, WET Labs C-Star [%]
# name 14 = sbeox0ML/L: Oxygen, SBE 43 [ml/l], WS = 2
# name 15 = sbeox1ML/L: Oxygen, SBE 43, 2 [ml/l], WS = 2
# name 16 = sal00: Salinity, Practical [PSU]
# name 17 = sal11: Salinity, Practical, 2 [PSU]
# name 18 = sigma-t00: Density [sigma-t, kg/m^3 ]
# name 19 = sigma-t11: Density, 2 [sigma-t, kg/m^3 ]
# name 20 = oxsatML/L: Oxygen Saturation, Weiss [ml/l]
# name 21 = flag: flag
# span 0 =        245,      49755       
# span 1 =      2.120,    173.044       
# span 2 =     0.1271,     3.5391       
# span 3 =     0.1270,     3.5386       
# span 4 =   2.764053,   2.935211       
# span 5 =   2.763511,   2.935501       
# span 6 =     2.3824,     2.7383       
# span 7 =     2.3523,     2.7053       
# span 8 =      8.027,      8.184       
# span 9 =     0.0215,     0.8469       
# span 10 =    -1.2338,     4.6485      
# span 11 = 1.0752e-01, 1.4477e+00      
# span 12 =     0.0846,     0.2881      
# span 13 =    93.0494,    97.9070      
# span 14 =     6.8652,     7.5830      
# span 15 =     7.3232,     7.9018      
# span 16 =    30.9369,    32.9370      
# span 17 =    30.9415,    32.9387      
# span 18 =    24.6249,    26.4348      
# span 19 =    24.6287,    26.4362      
# span 20 =    7.52515,    8.13166      
# span 21 = 0.0000e+00, 0.0000e+00      
# interval = scans: 3                   
# start_time = Dec 02 2019 01:30:47 [System UTC, header]
# bad_flag = -9.990e-29
*END*
[from data line 3622]
      17963    131.819     0.5369     0.5586   2.773454   2.774980     2.4955     2.4645      8.078     0.0410     2.0429 1.0790e-01     0.1289    96.8295     7.3119     7.6743    32.6205    32.6174    26.1586    26.1549    8.06127 0.0000e+00
      17966    131.754     0.5368     0.5582   2.773487   2.774977     2.4963     2.4633      8.080     0.0410     2.0824 1.0802e-01     0.1292    96.8208     7.3143     7.6666    32.6211    32.6179    26.1590    26.1553    8.06125 0.0000e+00
      17969    131.693     0.5373     0.5583   2.773517   2.774978     2.4955     2.4641      8.075     0.0410     2.1614 1.0790e-01     0.1292    96.8208     7.3109     7.6697    32.6210    32.6178    26.1590    26.1553    8.06116 0.0000e+00
      17972    131.628     0.5379     0.5587   2.773583   2.774983     2.4963     2.4645      8.080     0.0410     2.1614 1.0790e-01     0.1292    96.8208     7.3124     7.6726    32.6212    32.6175    26.1591    26.1550    8.06101 0.0000e+00
      17975    131.560     0.5389     0.5587   2.773633   2.774961     2.4963     2.4645      8.080     0.0410     2.1614 1.0790e-01     0.1321    96.7513     7.3119     7.6729    32.6208    32.6172    26.1587    26.1548    8.06082 0.0000e+00
      17978    131.494     0.5394     0.5581   2.773641   2.774961     2.4963     2.4654      8.077     0.0410     2.1614 1.0790e-01     0.1346    96.6904     7.3144     7.6771    32.6204    32.6178    26.1584    26.1553    8.06073 0.0000e+00
      17981    131.429     0.5401     0.5582   2.773659   2.775000     2.4955     2.4649      8.075     0.0410     2.1614 1.0790e-01     0.1346    96.6904     7.3105     7.6739    32.6200    32.6183    26.1580    26.1557    8.06061 0.0000e+00
      17984    131.363     0.5409     0.5589   2.773716   2.775050     2.4967     2.4645      8.078     0.0557     2.1614 1.0790e-01     0.1346    96.6904     7.3145     7.6726    32.6200    32.6182    26.1580    26.1556    8.06045 0.0000e+00
      17987    131.298     0.5420     0.5599   2.773832   2.775179     2.4963     2.4645      8.078     0.0557     2.1614 1.0790e-01     0.1346    96.6904     7.3121     7.6738    32.6203    32.6189    26.1581    26.1561    8.06019 0.0000e+00
      17990    131.236     0.5435     0.5614   2.773909   2.775275     2.4963     2.4645      8.078     0.0557     2.1614 1.0790e-01     0.1346    96.6904     7.3127     7.6728    32.6198    32.6186    26.1577    26.1557    8.05991 0.0000e+00
      17993    131.173     0.5447     0.5631   2.773948   2.775378     2.4963     2.4658      8.080     0.0557     2.1614 1.0790e-01     0.1346    96.6904     7.3123     7.6735    32.6191    32.6182    26.1570    26.1553    8.05969 0.0000e+00
      17996    131.108     0.5453     0.5652   2.773951   2.775506     2.4963     2.4658      8.080     0.0557     2.1614 1.0802e-01     0.1296    96.8121     7.3125     7.6720    32.6185    32.6176    26.1565    26.1547    8.05958 0.0000e+00
      17999    131.045     0.5458     0.5678   2.773982   2.775618     2.4967     2.4658      8.078     0.0606     2.1614 1.0802e-01     0.1282    96.8469     7.3138     7.6730    32.6184    32.6164    26.1564    26.1536    8.05949 0.0000e+00
      18002    130.982     0.5467     0.5697   2.774060   2.775700     2.4971     2.4654      8.080     0.0557     2.1614 1.0790e-01     0.1282    96.8469     7.3155     7.6693    32.6186    32.6154    26.1565    26.1527    8.05930 0.0000e+00
      18005    130.917     0.5478     0.5709   2.774108   2.775688     2.4967     2.4658      8.080     0.0557     2.1614 1.0790e-01     0.1282    96.8469     7.3149     7.6719    32.6180    32.6141    26.1560    26.1516    8.05909 0.0000e+00
      18008    130.853     0.5480     0.5717   2.774065   2.775696     2.4971     2.4658      8.080     0.0508     2.1614 1.0802e-01     0.1282    96.8469     7.3176     7.6708    32.6173    32.6134    26.1554    26.1510    8.05908 0.0000e+00
      18011    130.788     0.5481     0.5722   2.774093   2.775638     2.4975     2.4658      8.078     0.0410     2.1614 1.0790e-01     0.1282    96.8469     7.3207     7.6670    32.6176    32.6121    26.1557    26.1499    8.05905 0.0000e+00
      18014    130.722     0.5483     0.5734   2.774096   2.775593     2.4975     2.4658      8.078     0.0459     2.1614 1.0790e-01     0.1285    96.8382     7.3202     7.6648    32.6174    32.6103    26.1555    26.1485    8.05901 0.0000e+00
      18017    130.654     0.5488     0.5748   2.774154   2.775573     2.4971     2.4658      8.080     0.0410     2.1614 1.0790e-01     0.1314    96.7686     7.3181     7.6646    32.6177    32.6086    26.1557    26.1470    8.05889 0.0000e+00
      18020    130.585     0.5491     0.5764   2.774183   2.775519     2.4975     2.4662      8.080     0.0410     2.0824 1.0790e-01     0.1314    96.7686     7.3209     7.6683    32.6178    32.6063    26.1558    26.1450    8.05883 0.0000e+00
      18023    130.512     0.5503     0.5772   2.774310   2.775327     2.4971     2.4666      8.080     0.0410     2.0429 1.0790e-01     0.1314    96.7686     7.3175     7.6717    32.6182    32.6030    26.1560    26.1423    8.05854 0.0000e+00
      18026    130.442     0.5515     0.5771   2.774383   2.775151     2.4975     2.4658      8.080     0.0459     2.0429 1.0790e-01     0.1314    96.7686     7.3186     7.6701    32.6179    32.6008    26.1557    26.1406    8.05830 0.0000e+00
      18029    130.374     0.5523     0.5769   2.774407   2.775069     2.4984     2.4662      8.080     0.0410     2.0429 1.0790e-01     0.1314    96.7686     7.3213     7.6709    32.6174    32.6000    26.1553    26.1400    8.05817 0.0000e+00
      18032    130.300     0.5526     0.5765   2.774353   2.775012     2.4988     2.4662      8.080     0.0410     2.0429 1.0790e-01     0.1314    96.7686     7.3234     7.6711    32.6165    32.5998    26.1545    26.1398    8.05816 0.0000e+00
      18035    130.227     0.5522     0.5765   2.774278   2.775033     2.4988     2.4658      8.080     0.0410     2.0429 1.0790e-01     0.1307    96.7860     7.3231     7.6691    32.6159    32.6001    26.1541    26.1400    8.05826 0.0000e+00
      18038    130.156     0.5517     0.5769   2.774241   2.775038     2.4979     2.4670      8.080     0.0410     2.0429 1.0802e-01     0.1282    96.8469     7.3186     7.6727    32.6160    32.5998    26.1542    26.1398    8.05837 0.0000e+00
      18041    130.086     0.5514     0.5771   2.774226   2.775014     2.4988     2.4670      8.080     0.0361     2.0429 1.0790e-01     0.1292    96.8208     7.3209     7.6713    32.6162    32.5993    26.1543    26.1394    8.05842 0.0000e+00
      18044    130.015     0.5511     0.5769   2.774230   2.774971     2.4992     2.4670      8.080     0.0410     2.0429 1.0802e-01     0.1292    96.8208     7.3230     7.6693    32.6166    32.5990    26.1547    26.1391    8.05846 0.0000e+00
      18047    129.946     0.5506     0.5766   2.774195   2.774959     2.4984     2.4670      8.080     0.0410     2.1614 1.0790e-01     0.1289    96.8295     7.3177     7.6698    32.6167    32.5992    26.1548    26.1393    8.05856 0.0000e+00
      18050    129.877     0.5505     0.5763   2.774205   2.774863     2.4988     2.4670      8.080     0.0410     2.1614 1.0790e-01     0.1285    96.8382     7.3185     7.6688    32.6170    32.5983    26.1550    26.1386    8.05856 0.0000e+00
      18053    129.810     0.5504     0.5757   2.774189   2.774823     2.4988     2.4670      8.080     0.0459     2.1614 1.0790e-01     0.1292    96.8208     7.3195     7.6659    32.6169    32.5985    26.1550    26.1388    8.05859 0.0000e+00
      18056    129.742     0.5506     0.5754   2.774190   2.774827     2.5000     2.4670      8.080     0.0410     2.1614 1.0790e-01     0.1299    96.8034     7.3261     7.6644    32.6168    32.5989    26.1549    26.1391    8.05857 0.0000e+00
      18059    129.674     0.5513     0.5754   2.774285   2.774838     2.4983     2.4670      8.080     0.0459     2.1614 1.0790e-01     0.1303    96.7947     7.3210     7.6616    32.6173    32.5990    26.1553    26.1393    8.05839 0.0000e+00
      18062    129.609     0.5527     0.5752   2.774399   2.774775     2.4983     2.4670      8.080     0.0557     2.1614 1.0802e-01     0.1303    96.7947     7.3202     7.6588    32.6174    32.5985    26.1552    26.1388    8.05808 0.0000e+00
      18065    129.542     0.5541     0.5747   2.774452   2.774694     2.5000     2.4670      8.080     0.0557     2.1614 1.0790e-01     0.1303    96.7947     7.3241     7.6589    32.6166    32.5980    26.1546    26.1384    8.05783 0.0000e+00
      18068    129.473     0.5546     0.5737   2.774450   2.774428     2.5000     2.4670      8.080     0.0606     2.1614 1.0790e-01     0.1303    96.7947     7.3248     7.6592    32.6161    32.5957    26.1541    26.1366    8.05775 0.0000e+00
      18071    129.404     0.5554     0.5723   2.774486   2.774113     2.4988     2.4670      8.080     0.0557     2.1219 1.0790e-01     0.1303    96.7947     7.3209     7.6595    32.6158    32.5930    26.1538    26.1346    8.05760 0.0000e+00
      18074    129.332     0.5557     0.5708   2.774436   2.773872     2.5000     2.4670      8.080     0.0606     2.0429 1.0790e-01     0.1303    96.7947     7.3250     7.6599    32.6148    32.5916    26.1530    26.1335    8.05758 0.0000e+00
      18077    129.261     0.5553     0.5698   2.774359   2.773695     2.5008     2.4670      8.080     0.0557     2.0429 1.0790e-01     0.1285    96.8382     7.3293     7.6610    32.6143    32.5904    26.1526    26.1326    8.05770 0.0000e+00
      18080    129.194     0.5551     0.5684   2.774346   2.773488     2.5008     2.4670      8.080     0.0606     2.0429 1.0790e-01     0.1278    96.8556     7.3286     7.6639    32.6143    32.5892    26.1527    26.1317    8.05773 0.0000e+00
      18083    129.121     0.5569     0.5676   2.774484   2.773375     2.5000     2.4670      8.080     0.0557     2.0429 1.0790e-01     0.1282    96.8469     7.3260     7.6658    32.6143    32.5887    26.1525    26.1313    8.05736 0.0000e+00
      18086    129.049     0.5586     0.5665   2.774505   2.773177     2.5000     2.4670      8.079     0.0557     2.0429 1.0790e-01     0.1282    96.8469     7.3236     7.6689    32.6128    32.5872    26.1512    26.1302    8.05707 0.0000e+00
      18089    128.977     0.5599     0.5655   2.774576   2.773074     2.5000     2.4670      8.079     0.0606     2.0429 1.0790e-01     0.1282    96.8469     7.3211     7.6710    32.6124    32.5871    26.1509    26.1302    8.05683 0.0000e+00
      18092    128.904     0.5615     0.5652   2.774623   2.773152     2.5000     2.4670      8.079     0.0557     2.0429 1.0790e-01     0.1282    96.8469     7.3227     7.6728    32.6114    32.5884    26.1499    26.1312    8.05654 0.0000e+00
      18095    128.830     0.5633     0.5655   2.774621   2.773171     2.5012     2.4670      8.079     0.0508     2.0429 1.0790e-01     0.1285    96.8382     7.3265     7.6746    32.6095    32.5883    26.1483    26.1312    8.05627 0.0000e+00
      18098    128.752     0.5647     0.5654   2.774577   2.773067     2.5012     2.4670      8.079     0.0557     2.0429 1.0790e-01     0.1292    96.8208     7.3266     7.6760    32.6075    32.5872    26.1466    26.1302    8.05608 0.0000e+00
      18101    128.673     0.5667     0.5648   2.774568   2.772964     2.5012     2.4674      8.079     0.0557     2.0429 1.0790e-01     0.1292    96.8208     7.3279     7.6785    32.6053    32.5865    26.1447    26.1297    8.05576 0.0000e+00
      18104    128.594     0.5680     0.5647   2.774559   2.772888     2.5008     2.4678      8.079     0.0557     2.0034 1.0790e-01     0.1292    96.8208     7.3277     7.6804    32.6039    32.5857    26.1436    26.1291    8.05557 0.0000e+00
      18107    128.515     0.5685     0.5655   2.774556   2.772878     2.5008     2.4678      8.079     0.0606     2.0429 1.0790e-01     0.1296    96.8121     7.3289     7.6814    32.6033    32.5848    26.1431    26.1283    8.05549 0.0000e+00
      18110    128.439     0.5688     0.5661   2.774491   2.772873     2.5012     2.4682      8.079     0.0557     2.0429 1.0790e-01     0.1296    96.8121     7.3298     7.6845    32.6022    32.5840    26.1421    26.1277    8.05548 0.0000e+00
      18113    128.367     0.5690     0.5668   2.774496   2.772826     2.5012     2.4678      8.079     0.0557     2.0429 1.0790e-01     0.1296    96.8121     7.3293     7.6838    32.6020    32.5828    26.1420    26.1267    8.05545 0.0000e+00
      18116    128.294     0.5696     0.5673   2.774440   2.772816     2.5020     2.4682      8.079     0.0606     2.0429 1.0790e-01     0.1303    96.7947     7.3291     7.6866    32.6008    32.5822    26.1410    26.1261    8.05540 0.0000e+00
      18119    128.222     0.5696     0.5673   2.774357   2.772706     2.5020     2.4682      8.079     0.0557     2.0429 1.0790e-01     0.1303    96.7947     7.3286     7.6870    32.5997    32.5808    26.1401    26.1250    8.05545 0.0000e+00
      18122    128.151     0.5695     0.5669   2.774338   2.772681     2.5024     2.4682      8.079     0.0557     2.0429 1.0802e-01     0.1299    96.8034     7.3315     7.6854    32.5996    32.5810    26.1400    26.1251    8.05547 0.0000e+00
      18125    128.078     0.5696     0.5668   2.774296   2.772577     2.5024     2.4682      8.079     0.0557     2.0429 1.0790e-01     0.1296    96.8121     7.3334     7.6837    32.5991    32.5797    26.1396    26.1241    8.05550 0.0000e+00
      18128    128.002     0.5691     0.5660   2.774294   2.772445     2.5024     2.4682      8.079     0.0557     2.0429 1.0790e-01     0.1296    96.8121     7.3342     7.6839    32.5996    32.5790    26.1400    26.1236    8.05556 0.0000e+00
      18131    127.925     0.5686     0.5657   2.774229   2.772408     2.5024     2.4690      8.079     0.0557     2.0034 1.0802e-01     0.1303    96.7947     7.3339     7.6867    32.5994    32.5788    26.1399    26.1235    8.05569 0.0000e+00
      18134    127.851     0.5688     0.5656   2.774133   2.772352     2.5024     2.4686      8.079     0.0557     2.0429 1.0790e-01     0.1299    96.8034     7.3345     7.6864    32.5979    32.5783    26.1387    26.1231    8.05572 0.0000e+00
      18137    127.775     0.5688     0.5651   2.774051   2.772275     2.5028     2.4694      8.079     0.0606     2.0429 1.0790e-01     0.1303    96.7947     7.3345     7.6890    32.5969    32.5778    26.1379    26.1227    8.05577 0.0000e+00
      18140    127.704     0.5689     0.5645   2.774028   2.772215     2.5016     2.4694      8.079     0.0410     2.0429 1.0790e-01     0.1303    96.7947     7.3309     7.6899    32.5965    32.5777    26.1375    26.1227    8.05577 0.0000e+00
      18143    127.630     0.5690     0.5644   2.773927   2.772171     2.5032     2.4694      8.079     0.0410     2.0429 1.0790e-01     0.1303    96.7947     7.3381     7.6921    32.5952    32.5772    26.1365    26.1223    8.05583 0.0000e+00
      18146    127.558     0.5689     0.5642   2.773811   2.772221     2.5036     2.4690      8.079     0.0410     2.0429 1.0790e-01     0.1303    96.7947     7.3406     7.6916    32.5938    32.5781    26.1353    26.1230    8.05592 0.0000e+00
      18149    127.487     0.5688     0.5649   2.773738   2.772304     2.5036     2.4694      8.079     0.0410     2.0429 1.0790e-01     0.1303    96.7947     7.3413     7.6929    32.5930    32.5785    26.1347    26.1233    8.05599 0.0000e+00
      18152    127.414     0.5687     0.5652   2.773685   2.772265     2.5040     2.4694      8.079     0.0410     2.1614 1.0790e-01     0.1303    96.7947     7.3439     7.6917    32.5925    32.5777    26.1343    26.1227    8.05604 0.0000e+00
      18155    127.341     0.5685     0.5648   2.773553   2.772236     2.5040     2.4698      8.079     0.0410     2.1614 1.0790e-01     0.1307    96.7860     7.3475     7.6917    32.5910    32.5778    26.1332    26.1227    8.05617 0.0000e+00
