Datasets/AZMP/COO001/79001055.cnv
* Sea-Bird SBE 9 Data File:
* FileName = C:\CTDDATA\79001055.hex
* Software Version Seasave V 7.26.7.110
* Temperature SN = 5660
* Conductivity SN = 3698
* Number of Bytes Per Scan = 30
* Number of Voltage Words = 4
* Number of Scans Averaged by the Deck Unit = 1
* NMEA baud rate = 9600
** VESSEL/TRIP/SEQ STN:  79001055
** LATITUDE XX XX.XX N:  47 00.00 N
** LONGITUDE XX XX.XX W:  46 01.00 W
** SOUNDING DEPTH (M):  0311
** PROBE TYPE: S1257
** CTD NUMBER: 030
** COMMENTS (14 CHAR): FC-21
** BOTTLES:  22
** LEVELS: 5,5,5,5,10,20,20,20,20,30,40,50,50,50,50,75,100,100,100,150,250,BTM
** STICKERS: 435066 - 435087
** VNET: Y
** DO2: N
# nquan = 22
# nvalues = 7609                        
# units = specified
# name 0 = scan: Scan Count
# name 1 = prDM: Pressure, Digiquartz [db]
# name 2 = t090C: Temperature [ITS-90, deg C]
# name 3 = t190C: Temperature, 2 [ITS-90, deg C]
# name 4 = c0S/m: Conductivity [S/m]
# name 5 = c1S/m: Conductivity, 2 [S/m]
# name 6 = sbeox0V: Oxygen raw, SBE 43 [V]
# name 7 = sbeox1V: Oxygen raw, SBE 43, 2 [V]
# name 8 = ph: pH
# name 9 = flECO-AFL: Fluorescence, WET Labs ECO-AFL/FL [mg/m^3]
# name 10 = wetCDOM: Fluorescence, WET Labs CDOM [mg/m^3]
# name 11 = par/sat/log: PAR/Logarithmic, Satlantic [umol photons/m^2/sec]
# name 12 = CStarAt0: Beam Attenuation, WET Labs C-Star [1/m]
# name 13 = CStarTr0: Beam Transmission, WET Labs C-Star [%]
# name 14 = sbeox0ML/L: Oxygen, SBE 43 [ml/l], WS = 2
# name 15 = sbeox1ML/L: Oxygen, SBE 43, 2 [ml/l], WS = 2
# name 16 = sal00: Salinity, Practical [PSU]
# name 17 = sal11: Salinity, Practical, 2 [PSU]
# name 18 = sigma-t00: Density [sigma-t, kg/m^3 ]
# name 19 = sigma-t11: Density, 2 [sigma-t, kg/m^3 ]
# name 20 = oxsatML/L: Oxygen Saturation, Weiss [ml/l]
# name 21 = flag: flag
# span 0 =          5,      71196       
# span 1 =      1.647,    301.058       
# span 2 =     3.6642,     7.9830       
# span 3 =     3.6620,     7.9855       
# span 4 =   3.178599,   3.478972       
# span 5 =   3.178645,   3.479357       
# span 6 =     2.2966,     2.7873       
# span 7 =     2.2650,     2.7448       
# span 8 =      8.028,      8.221       
# span 9 =    -0.0176,     1.5160       
# span 10 =    -2.8130,   482.1870      
# span 11 = 1.0715e-01, 2.1944e-01      
# span 12 =     0.0429,     0.8302      
# span 13 =    81.2574,    98.9324      
# span 14 =     5.8759,     6.8482      
# span 15 =     6.1009,     7.1570      
# span 16 =    33.4789,    34.8988      
# span 17 =    33.4877,    34.8764      
# span 18 =    26.0865,    27.6928      
# span 19 =    26.0889,    27.6836      
# span 20 =    6.67479,    7.34524      
# span 21 = 0.0000e+00, 0.0000e+00      
# interval = scans: 3                   
# start_time = Nov 29 2019 01:56:01 [System UTC, header]
# bad_flag = -9.990e-29
*END*
[from data line 6190]
      36907     86.113     3.8092     3.7730   3.190910   3.181217     2.4531     2.3851      8.065     0.0557     1.5692 1.0790e-01     0.0535    98.6717     6.4102     6.6121    34.3863    34.3085    27.3175    27.2592    7.32771 0.0000e+00
      36910     86.052     3.8086     3.7723   3.190648   3.181024     2.4527     2.3847      8.065     0.0557     1.5692 1.0790e-01     0.0535    98.6717     6.4079     6.6130    34.3838    34.3070    27.3155    27.2580    7.32794 0.0000e+00
      36913     85.994     3.8077     3.7721   3.190530   3.181052     2.4523     2.3847      8.067     0.0606     1.5692 1.0790e-01     0.0538    98.6630     6.4053     6.6147    34.3834    34.3076    27.3153    27.2585    7.32812 0.0000e+00
      36916     85.935     3.8072     3.7722   3.190469   3.181133     2.4523     2.3847      8.064     0.0557     1.5297 1.0790e-01     0.0545    98.6456     6.4024     6.6159    34.3832    34.3085    27.3152    27.2592    7.32822 0.0000e+00
      36919     85.870     3.8067     3.7731   3.190444   3.181185     2.4531     2.3847      8.065     0.0557     1.4507 1.0790e-01     0.0545    98.6456     6.4038     6.6173    34.3835    34.3082    27.3155    27.2589    7.32830 0.0000e+00
      36922     85.803     3.8064     3.7738   3.190174   3.181506     2.4527     2.3855      8.067     0.0557     1.4507 1.0790e-01     0.0545    98.6456     6.4023     6.6227    34.3806    34.3113    27.3132    27.2613    7.32849 0.0000e+00
      36925     85.731     3.8051     3.7741   3.189720   3.181956     2.4527     2.3851      8.065     0.0557     1.4507 1.0790e-01     0.0545    98.6456     6.4016     6.6248    34.3766    34.3164    27.3102    27.2653    7.32892 0.0000e+00
      36928     85.656     3.8035     3.7742   3.189331   3.181867     2.4531     2.3855      8.067     0.0557     1.4507 1.0790e-01     0.0545    98.6456     6.4020     6.6312    34.3736    34.3153    27.3079    27.2645    7.32935 0.0000e+00
      36931     85.582     3.8022     3.7743   3.189142   3.181902     2.4523     2.3855      8.067     0.0654     1.4507 1.0790e-01     0.0545    98.6456     6.3996     6.6352    34.3728    34.3156    27.3074    27.2647    7.32963 0.0000e+00
      36934     85.506     3.8012     3.7749   3.189051   3.182161     2.4531     2.3859      8.067     0.0557     1.4507 1.0790e-01     0.0549    98.6369     6.4023     6.6408    34.3728    34.3182    27.3075    27.2667    7.32981 0.0000e+00
      36937     85.427     3.8008     3.7751   3.188987   3.182380     2.4523     2.3859      8.067     0.0557     1.4507 1.0790e-01     0.0556    98.6196     6.3999     6.6453    34.3725    34.3206    27.3073    27.2686    7.32989 0.0000e+00
      36940     85.346     3.8002     3.7758   3.188754   3.182490     2.4519     2.3859      8.067     0.0606     1.4507 1.0790e-01     0.0556    98.6196     6.3982     6.6485    34.3704    34.3212    27.3057    27.2690    7.33011 0.0000e+00
      36943     85.262     3.7998     3.7760   3.188925   3.182560     2.4531     2.3863      8.067     0.0508     1.4507 1.0790e-01     0.0549    98.6369     6.4026     6.6538    34.3729    34.3219    27.3078    27.2695    7.33006 0.0000e+00
      36946     85.177     3.7998     3.7757   3.189037   3.182205     2.4531     2.3871      8.067     0.0557     1.4507 1.0790e-01     0.0556    98.6196     6.4049     6.6606    34.3742    34.3180    27.3088    27.2665    7.32999 0.0000e+00
      36949     85.084     3.8011     3.7742   3.189587   3.181686     2.4519     2.3879      8.067     0.0606     1.4507 1.0790e-01     0.0552    98.6283     6.4009     6.6695    34.3795    34.3135    27.3129    27.2630    7.32949 0.0000e+00
      36952     84.991     3.8022     3.7732   3.189340   3.181529     2.4523     2.3883      8.067     0.0508     1.4507 1.0790e-01     0.0556    98.6196     6.4037     6.6755    34.3755    34.3126    27.3096    27.2624    7.32950 0.0000e+00
      36955     84.899     3.8018     3.7738   3.188713   3.182132     2.4527     2.3883      8.067     0.0557     1.4507 1.0790e-01     0.0556    98.6196     6.4079     6.6794    34.3684    34.3193    27.3040    27.2677    7.32991 0.0000e+00
      36958     84.799     3.7999     3.7774   3.188128   3.183491     2.4519     2.3892      8.067     0.0508     1.4507 1.0790e-01     0.0552    98.6283     6.4091     6.6862    34.3636    34.3318    27.3003    27.2772    7.33050 0.0000e+00
      36961     84.700     3.7990     3.7784   3.188031   3.183449     2.4527     2.3896      8.067     0.0508     1.4507 1.0790e-01     0.0552    98.6283     6.4145     6.6927    34.3634    34.3303    27.3003    27.2759    7.33067 0.0000e+00
      36964     84.597     3.7955     3.7801   3.185369   3.183575     2.4527     2.3900      8.067     0.0557     1.4507 1.0790e-01     0.0556    98.6196     6.4171     6.6987    34.3353    34.3300    27.2783    27.2756    7.33267 0.0000e+00
      36967     84.494     3.7930     3.7792   3.186267   3.182205     2.4535     2.3908      8.067     0.0557     1.4507 1.0790e-01     0.0556    98.6196     6.4212     6.7062    34.3487    34.3147    27.2891    27.2635    7.33246 0.0000e+00
      36970     84.390     3.7920     3.7803   3.185829   3.181483     2.4535     2.3916      8.067     0.0508     1.5297 1.0790e-01     0.0552    98.6283     6.4257     6.7132    34.3445    34.3050    27.2860    27.2556    7.33285 0.0000e+00
      36973     84.285     3.7895     3.7831   3.184786   3.181306     2.4535     2.3920      8.067     0.0557     1.5692 1.0790e-01     0.0556    98.6196     6.4285     6.7177    34.3348    34.3000    27.2784    27.2514    7.33378 0.0000e+00
      36976     84.178     3.7872     3.7859   3.184854   3.181356     2.4535     2.3932      8.067     0.0557     1.5692 1.0790e-01     0.0560    98.6109     6.4289     6.7273    34.3381    34.2977    27.2813    27.2492    7.33404 0.0000e+00
      36979     84.069     3.7868     3.7888   3.185072   3.181415     2.4552     2.3936      8.067     0.0508     1.5692 1.0790e-01     0.0567    98.5935     6.4347     6.7338    34.3412    34.2954    27.2838    27.2471    7.33395 0.0000e+00
      36982     83.958     3.7859     3.7907   3.183961   3.181427     2.4552     2.3945      8.067     0.0410     1.5692 1.0790e-01     0.0563    98.6022     6.4351     6.7409    34.3290    34.2936    27.2742    27.2455    7.33472 0.0000e+00
      36985     83.846     3.7851     3.7913   3.183639   3.181338     2.4552     2.3957      8.067     0.0410     1.5297 1.0790e-01     0.0567    98.5935     6.4343     6.7508    34.3260    34.2920    27.2719    27.2442    7.33501 0.0000e+00
      36988     83.736     3.7844     3.7908   3.183673   3.181165     2.4547     2.3969      8.067     0.0410     1.5692 1.0790e-01     0.0567    98.5935     6.4320     6.7598    34.3272    34.2905    27.2729    27.2431    7.33507 0.0000e+00
      36991     83.626     3.7842     3.7905   3.183688   3.181021     2.4568     2.3977      8.067     0.0410     1.5692 1.0790e-01     0.0567    98.5935     6.4378     6.7666    34.3276    34.2892    27.2732    27.2420    7.33509 0.0000e+00
      36994     83.521     3.7847     3.7904   3.182763   3.181019     2.4568     2.3985      8.067     0.0410     1.5692 1.0790e-01     0.0570    98.5848     6.4385     6.7720    34.3161    34.2893    27.2640    27.2421    7.33556 0.0000e+00
      36997     83.418     3.7858     3.7913   3.182222   3.181087     2.4560     2.3989      8.067     0.0410     1.4507 1.0790e-01     0.0595    98.5240     6.4351     6.7746    34.3086    34.2892    27.2579    27.2420    7.33573 0.0000e+00
      37000     83.316     3.7861     3.7932   3.182256   3.181302     2.4568     2.4006      8.067     0.0459     1.4507 1.0790e-01     0.0595    98.5240     6.4365     6.7796    34.3087    34.2898    27.2580    27.2422    7.33567 0.0000e+00
      37003     83.218     3.7868     3.7976   3.181895   3.181558     2.4568     2.4018      8.069     0.0410     1.4507 1.0790e-01     0.0591    98.5327     6.4344     6.7819    34.3036    34.2883    27.2539    27.2406    7.33578 0.0000e+00
      37006     83.122     3.7876     3.8010   3.181899   3.181762     2.4568     2.4030      8.069     0.0459     1.4507 1.0790e-01     0.0591    98.5327     6.4344     6.7820    34.3029    34.2873    27.2533    27.2394    7.33568 0.0000e+00
      37009     83.029     3.7877     3.8039   3.182093   3.181895     2.4572     2.4042      8.070     0.0606     1.4507 1.0790e-01     0.0591    98.5327     6.4352     6.7807    34.3053    34.2858    27.2551    27.2380    7.33555 0.0000e+00
      37012     82.942     3.7879     3.8059   3.181847   3.181978     2.4572     2.4055      8.069     0.0557     1.4507 1.0790e-01     0.0591    98.5327     6.4347     6.7804    34.3021    34.2848    27.2526    27.2370    7.33566 0.0000e+00
      37015     82.860     3.7878     3.8081   3.181988   3.182144     2.4580     2.4063      8.072     0.0557     1.4507 1.0790e-01     0.0595    98.5240     6.4351     6.7763    34.3040    34.2845    27.2540    27.2365    7.33559 0.0000e+00
      37018     82.783     3.7883     3.8105   3.181807   3.182250     2.4584     2.4071      8.072     0.0557     1.4507 1.0790e-01     0.0588    98.5414     6.4377     6.7705    34.3013    34.2832    27.2519    27.2353    7.33563 0.0000e+00
      37021     82.710     3.7904     3.8125   3.181447   3.182376     2.4584     2.4075      8.072     0.0606     1.4902 1.0790e-01     0.0588    98.5414     6.4390     6.7612    34.2948    34.2827    27.2465    27.2347    7.33556 0.0000e+00
      37024     82.641     3.7911     3.8144   3.181436   3.182572     2.4584     2.4083      8.072     0.0606     1.6876 1.0790e-01     0.0588    98.5414     6.4391     6.7521    34.2940    34.2831    27.2458    27.2347    7.33548 0.0000e+00
      37027     82.578     3.7913     3.8183   3.181492   3.182913     2.4580     2.4091      8.072     0.0557     1.6876 1.0790e-01     0.0588    98.5414     6.4379     6.7444    34.2944    34.2831    27.2461    27.2344    7.33541 0.0000e+00
      37030     82.521     3.7917     3.8235   3.181553   3.183312     2.4588     2.4091      8.072     0.0557     1.6876 1.0790e-01     0.0588    98.5414     6.4400     6.7360    34.2948    34.2825    27.2464    27.2334    7.33533 0.0000e+00
      37033     82.470     3.7919     3.8277   3.181582   3.183586     2.4592     2.4099      8.072     0.0654     1.6876 1.0790e-01     0.0591    98.5327     6.4410     6.7287    34.2950    34.2814    27.2465    27.2321    7.33528 0.0000e+00
      37036     82.428     3.7920     3.8314   3.181544   3.183836     2.4592     2.4103      8.072     0.0752     1.6876 1.0790e-01     0.0591    98.5327     6.4432     6.7224    34.2944    34.2805    27.2460    27.2310    7.33529 0.0000e+00
      37039     82.392     3.7926     3.8344   3.181568   3.184067     2.4588     2.4103      8.072     0.0703     1.6876 1.0790e-01     0.0584    98.5501     6.4432     6.7167    34.2941    34.2801    27.2457    27.2303    7.33520 0.0000e+00
      37042     82.360     3.7924     3.8363   3.181683   3.184205     2.4596     2.4103      8.072     0.0703     1.6876 1.0790e-01     0.0584    98.5501     6.4481     6.7119    34.2958    34.2798    27.2470    27.2299    7.33516 0.0000e+00
      37045     82.336     3.7916     3.8381   3.182750   3.184231     2.4608     2.4103      8.072     0.0703     1.6876 1.0790e-01     0.0588    98.5414     6.4541     6.7077    34.3094    34.2782    27.2580    27.2285    7.33464 0.0000e+00
      37048     82.314     3.7914     3.8387   3.183259   3.184130     2.4604     2.4103      8.072     0.0703     1.5692 1.0790e-01     0.0584    98.5501     6.4538     6.7058    34.3156    34.2764    27.2630    27.2270    7.33437 0.0000e+00
      37074     82.207     3.7904     3.8345   3.183814   3.183890     2.4637     2.4120      8.069     0.0752     1.4507 1.0790e-01     0.0563    98.6022     6.4631     6.7221    34.3234    34.2780    27.2693    27.2287    7.33418 0.0000e+00
      37088     82.140     3.7893     3.8342   3.183653   3.183946     2.4661     2.4136      8.069     0.0850     1.4507 1.0790e-01     0.0545    98.6456     6.4701     6.7345    34.3227    34.2790    27.2688    27.2295    7.33441 0.0000e+00
      37091     82.113     3.7884     3.8337   3.183104   3.183579     2.4665     2.4140      8.069     0.0899     1.4507 1.0790e-01     0.0549    98.6369     6.4710     6.7357    34.3171    34.2752    27.2644    27.2265    7.33484 0.0000e+00
      37094     82.080     3.7881     3.8265   3.182687   3.183147     2.4665     2.4152      8.069     0.0899     1.4507 1.0790e-01     0.0549    98.6369     6.4702     6.7394    34.3124    34.2776    27.2607    27.2292    7.33512 0.0000e+00
      37097     82.044     3.7882     3.8399   3.182533   3.185201     2.4665     2.4152      8.069     0.0899     1.4507 1.0790e-01     0.0556    98.6196     6.4687     6.7379    34.3104    34.2880    27.2592    27.2361    7.33519 0.0000e+00
      37100     82.004     3.7883     3.8661   3.182544   3.186596     2.4669     2.4152      8.067     0.0801     1.4902 1.0790e-01     0.0556    98.6196     6.4692     6.7326    34.3105    34.2772    27.2592    27.2248    7.33517 0.0000e+00
      37103     81.958     3.7887     3.8660   3.182693   3.186032     2.4674     2.4156      8.069     0.0850     1.5692 1.0790e-01     0.0556    98.6196     6.4691     6.7336    34.3119    34.2706    27.2603    27.2196    7.33504 0.0000e+00
      37106     81.907     3.7887     3.8707   3.183017   3.186744     2.4682     2.4164      8.069     0.0850     1.5692 1.0790e-01     0.0552    98.6283     6.4700     6.7345    34.3158    34.2742    27.2634    27.2220    7.33485 0.0000e+00
      37109     81.852     3.7891     3.8790   3.183458   3.186981     2.4678     2.4164      8.069     0.0947     1.5692 1.0790e-01     0.0556    98.6196     6.4680     6.7301    34.3207    34.2683    27.2672    27.2165    7.33454 0.0000e+00
      37112     81.792     3.7894     3.8779   3.183611   3.186983     2.4682     2.4164      8.067     0.0752     1.5692 1.0790e-01     0.0556    98.6196     6.4679     6.7282    34.3222    34.2695    27.2685    27.2175    7.33441 0.0000e+00
      37115     81.730     3.7896     3.8847   3.184026   3.187858     2.4678     2.4164      8.070     0.0752     1.5692 1.0790e-01     0.0556    98.6196     6.4667     6.7258    34.3270    34.2728    27.2722    27.2195    7.33414 0.0000e+00
      37118     81.664     3.7903     3.8913   3.184247   3.188055     2.4678     2.4164      8.072     0.0752     1.5692 1.0790e-01     0.0567    98.5935     6.4666     6.7258    34.3289    34.2683    27.2737    27.2152    7.33392 0.0000e+00
      37121     81.596     3.7908     3.8957   3.184060   3.188762     2.4686     2.4177      8.070     0.0703     1.5692 1.0790e-01     0.0567    98.5935     6.4703     6.7328    34.3262    34.2722    27.2715    27.2178    7.33395 0.0000e+00
      37124     81.521     3.7910     3.9163   3.184158   3.191304     2.4690     2.4177      8.072     0.0703     1.5692 1.0790e-01     0.0567    98.5935     6.4724     6.7337    34.3273    34.2809    27.2723    27.2227    7.33388 0.0000e+00
      37127     81.445     3.7910     3.9400   3.184212   3.192253     2.4690     2.4177      8.072     0.0703     1.4902 1.0790e-01     0.0567    98.5935     6.4724     6.7363    34.3279    34.2674    27.2728    27.2095    7.33384 0.0000e+00
      37130     81.366     3.7910     3.9510   3.184145   3.192473     2.4690     2.4177      8.072     0.0703     1.4507 1.0790e-01     0.0567    98.5935     6.4730     6.7421    34.3271    34.2586    27.2722    27.2014    7.33387 0.0000e+00
      37133     81.282     3.7912     3.9570   3.184031   3.192944     2.4698     2.4181      8.072     0.0703     1.4507 1.0790e-01     0.0567    98.5935     6.4768     6.7507    34.3256    34.2579    27.2709    27.2002    7.33391 0.0000e+00
