Datasets/AZMP/COO001/79001077.cnv
* Sea-Bird SBE 9 Data File:
* FileName = C:\CTDDATA\79001077.hex
* Software Version Seasave V 7.26.7.110
* Temperature SN = 5660
* Conductivity SN = 3698
* Number of Bytes Per Scan = 30
* Number of Voltage Words = 4
* Number of Scans Averaged by the Deck Unit = 1
* NMEA baud rate = 9600
** VESSEL/TRIP/SEQ STN:  79001077
** LATITUDE XX XX.XX N:  48 12.00 N
** LONGITUDE XX XX.XX W:  53 34.59 W
** SOUNDING DEPTH (M):  0163
** PROBE TYPE: S1257
** CTD NUMBER: 044
** COMMENTS (14 CHAR): SS-05
** BOTTLES:  18
** LEVELS: 5,5,5,5,10,20,20,20,20,30,40,50,50,50,75,100,150,BTM
** STICKERS: 435207 - 435224
** VNET: Y
** DO2: N
# nquan = 22
# nvalues = 5948                        
# units = specified
# name 0 = scan: Scan Count
# name 1 = prDM: Pressure, Digiquartz [db]
# name 2 = t090C: Temperature [ITS-90, deg C]
# name 3 = t190C: Temperature, 2 [ITS-90, deg C]
# name 4 = c0S/m: Conductivity [S/m]
# name 5 = c1S/m: Conductivity, 2 [S/m]
# name 6 = sbeox0V: Oxygen raw, SBE 43 [V]
# name 7 = sbeox1V: Oxygen raw, SBE 43, 2 [V]
# name 8 = ph: pH
# name 9 = flECO-AFL: Fluorescence, WET Labs ECO-AFL/FL [mg/m^3]
# name 10 = wetCDOM: Fluorescence, WET Labs CDOM [mg/m^3]
# name 11 = par/sat/log: PAR/Logarithmic, Satlantic [umol photons/m^2/sec]
# name 12 = CStarAt0: Beam Attenuation, WET Labs C-Star [1/m]
# name 13 = CStarTr0: Beam Transmission, WET Labs C-Star [%]
# name 14 = sbeox0ML/L: Oxygen, SBE 43 [ml/l], WS = 2
# name 15 = sbeox1ML/L: Oxygen, SBE 43, 2 [ml/l], WS = 2
# name 16 = sal00: Salinity, Practical [PSU]
# name 17 = sal11: Salinity, Practical, 2 [PSU]
# name 18 = sigma-t00: Density [sigma-t, kg/m^3 ]
# name 19 = sigma-t11: Density, 2 [sigma-t, kg/m^3 ]
# name 20 = oxsatML/L: Oxygen Saturation, Weiss [ml/l]
# name 21 = flag: flag
# span 0 =        529,      55569       
# span 1 =      0.268,    163.518       
# span 2 =     0.3548,     3.4644       
# span 3 =     0.3554,     3.4640       
# span 4 =   2.760032,   2.933735       
# span 5 =   2.509609,   2.933979       
# span 6 =     2.4980,     2.7569       
# span 7 =     2.4610,     2.7126       
# span 8 =      8.063,      8.174       
# span 9 =     0.0215,     0.8176       
# span 10 =     1.4507,     2.9904      
# span 11 = 1.0765e-01, 1.9553e+02      
# span 12 =     0.0782,     0.2057      
# span 13 =    94.9872,    98.0634      
# span 14 =     6.4701,     7.5611      
# span 15 =     7.6405,     8.0149      
# span 16 =    31.3157,    32.6394      
# span 17 =    26.7459,    32.6386      
# span 18 =    24.9092,    26.1824      
# span 19 =    21.2732,    26.1811      
# span 20 =    7.52738,    8.10011      
# span 21 = 0.0000e+00, 0.0000e+00      
# interval = scans: 3                   
# start_time = Dec 01 2019 14:17:42 [System UTC, header]
# bad_flag = -9.990e-29
*END*
[from data line 1317]
       4480     72.297     3.1767     3.1698   2.928197   2.928191     2.7245     2.6826      8.164     0.2413     2.0429 1.0790e-01     0.0906    97.7593     7.5103     7.8375    31.8903    31.8970    25.3883    25.3943    7.56881 0.0000e+00
       4483     72.352     3.1749     3.1684   2.928126   2.928115     2.7245     2.6822      8.164     0.2462     2.0429 1.0790e-01     0.0906    97.7593     7.5099     7.8427    31.8912    31.8975    25.3892    25.3948    7.56911 0.0000e+00
       4486     72.406     3.1726     3.1672   2.928032   2.928046     2.7233     2.6818      8.164     0.2364     2.0429 1.0790e-01     0.0906    97.7593     7.5060     7.8465    31.8923    31.8978    25.3903    25.3952    7.56949 0.0000e+00
       4489     72.462     3.1706     3.1654   2.927964   2.927961     2.7233     2.6814      8.164     0.2413     2.0429 1.0790e-01     0.0906    97.7593     7.5059     7.8493    31.8934    31.8986    25.3914    25.3959    7.56982 0.0000e+00
       4492     72.519     3.1691     3.1635   2.927903   2.927886     2.7229     2.6814      8.165     0.2364     2.0429 1.0790e-01     0.0906    97.7593     7.5037     7.8536    31.8942    31.8996    25.3921    25.3968    7.57006 0.0000e+00
       4495     72.573     3.1678     3.1616   2.927865   2.927822     2.7229     2.6814      8.164     0.2364     2.0429 1.0790e-01     0.0906    97.7593     7.5039     7.8580    31.8950    31.9006    25.3928    25.3979    7.57027 0.0000e+00
       4498     72.627     3.1664     3.1590   2.927791   2.927683     2.7229     2.6814      8.165     0.2364     2.0429 1.0790e-01     0.0878    97.8288     7.5050     7.8634    31.8955    31.9014    25.3934    25.3987    7.57052 0.0000e+00
       4501     72.683     3.1647     3.1564   2.927709   2.927586     2.7221     2.6814      8.164     0.2364     2.0429 1.0790e-01     0.0874    97.8375     7.5012     7.8673    31.8961    31.9029    25.3940    25.4001    7.57080 0.0000e+00
       4504     72.739     3.1630     3.1533   2.927593   2.927461     2.7229     2.6814      8.164     0.2266     2.0429 1.0790e-01     0.0874    97.8375     7.5030     7.8699    31.8964    31.9043    25.3944    25.4015    7.57112 0.0000e+00
       4507     72.797     3.1604     3.1487   2.927453   2.927270     2.7217     2.6814      8.165     0.2169     2.0429 1.0790e-01     0.0878    97.8288     7.5015     7.8727    31.8973    31.9065    25.3953    25.4037    7.57157 0.0000e+00
       4510     72.852     3.1568     3.1427   2.927262   2.926997     2.7217     2.6810      8.164     0.2218     2.0429 1.0790e-01     0.0874    97.8375     7.5028     7.8739    31.8984    31.9091    25.3965    25.4063    7.57219 0.0000e+00
       4513     72.908     3.1524     3.1350   2.927038   2.926625     2.7209     2.6814      8.164     0.2169     2.0429 1.0790e-01     0.0874    97.8375     7.5021     7.8756    31.9001    31.9122    25.3982    25.4094    7.57295 0.0000e+00
       4516     72.965     3.1466     3.1281   2.926805   2.926422     2.7209     2.6814      8.164     0.2218     2.0429 1.0790e-01     0.0881    97.8201     7.5031     7.8776    31.9029    31.9167    25.4010    25.4135    7.57390 0.0000e+00
       4519     73.023     3.1399     3.1224   2.926488   2.926195     2.7217     2.6814      8.164     0.2218     2.0429 1.0790e-01     0.0896    97.7854     7.5083     7.8798    31.9057    31.9195    25.4038    25.4162    7.57504 0.0000e+00
       4522     73.079     3.1341     3.1171   2.926296   2.925918     2.7205     2.6814      8.166     0.2169     2.0429 1.0790e-01     0.0896    97.7854     7.5069     7.8815    31.9091    31.9213    25.4070    25.4182    7.57597 0.0000e+00
       4525     73.136     3.1284     3.1102   2.926018   2.925613     2.7205     2.6810      8.164     0.2266     2.0429 1.0790e-01     0.0896    97.7854     7.5102     7.8817    31.9113    31.9245    25.4093    25.4213    7.57694 0.0000e+00
       4528     73.195     3.1228     3.1041   2.925754   2.925392     2.7201     2.6810      8.164     0.2169     2.0429 1.0790e-01     0.0896    97.7854     7.5109     7.8841    31.9136    31.9279    25.4116    25.4245    7.57788 0.0000e+00
       4531     73.252     3.1164     3.0986   2.925460   2.925069     2.7209     2.6810      8.164     0.2120     1.9640 1.0790e-01     0.0896    97.7854     7.5177     7.8865    31.9164    31.9293    25.4143    25.4262    7.57897 0.0000e+00
       4534     73.313     3.1099     3.0928   2.925173   2.924816     2.7201     2.6810      8.161     0.2071     1.9245 1.0790e-01     0.0896    97.7854     7.5176     7.8888    31.9194    31.9320    25.4172    25.4288    7.58006 0.0000e+00
       4537     73.371     3.1033     3.0891   2.924845   2.924622     2.7201     2.6805      8.163     0.2120     1.9245 1.0790e-01     0.0896    97.7854     7.5191     7.8880    31.9219    31.9333    25.4199    25.4301    7.58119 0.0000e+00
       4540     73.431     3.0977     3.0845   2.924570   2.924379     2.7201     2.6814      8.163     0.2022     1.9245 1.0790e-01     0.0896    97.7854     7.5208     7.8932    31.9241    31.9349    25.4220    25.4318    7.58214 0.0000e+00
       4543     73.494     3.0922     3.0811   2.924261   2.924226     2.7201     2.6814      8.164     0.2120     1.9245 1.0790e-01     0.0896    97.7854     7.5240     7.8949    31.9258    31.9363    25.4239    25.4332    7.58310 0.0000e+00
       4546     73.558     3.0871     3.0778   2.924047   2.924034     2.7205     2.6810      8.163     0.2071     1.9245 1.0790e-01     0.0896    97.7854     7.5295     7.8952    31.9283    31.9373    25.4263    25.4343    7.58396 0.0000e+00
       4549     73.617     3.0828     3.0718   2.923904   2.923731     2.7205     2.6814      8.163     0.2071     1.9245 1.0790e-01     0.0896    97.7854     7.5311     7.8981    31.9307    31.9395    25.4286    25.4365    7.58465 0.0000e+00
       4552     73.675     3.0791     3.0673   2.923694   2.923555     2.7201     2.6814      8.161     0.2120     1.9245 1.0790e-01     0.0896    97.7854     7.5301     7.8991    31.9319    31.9418    25.4299    25.4388    7.58531 0.0000e+00
       4555     73.736     3.0738     3.0645   2.923417   2.923479     2.7205     2.6814      8.161     0.2120     1.9245 1.0790e-01     0.0896    97.7854     7.5328     7.8999    31.9337    31.9436    25.4317    25.4404    7.58622 0.0000e+00
       4558     73.797     3.0687     3.0623   2.923276   2.923405     2.7201     2.6814      8.161     0.2169     2.0034 1.0790e-01     0.0896    97.7854     7.5333     7.9015    31.9370    31.9449    25.4348    25.4417    7.58702 0.0000e+00
       4561     73.861     3.0649     3.0604   2.923185   2.923331     2.7196     2.6814      8.163     0.2218     2.0429 1.0790e-01     0.0896    97.7854     7.5332     7.8996    31.9397    31.9459    25.4373    25.4426    7.58762 0.0000e+00
       4564     73.925     3.0623     3.0583   2.923143   2.923299     2.7209     2.6814      8.163     0.2266     2.0429 1.0790e-01     0.0896    97.7854     7.5376     7.8987    31.9417    31.9476    25.4391    25.4442    7.58802 0.0000e+00
       4567     73.985     3.0599     3.0566   2.923082   2.923250     2.7205     2.6814      8.161     0.2218     2.0429 1.0790e-01     0.0896    97.7854     7.5364     7.8989    31.9433    31.9487    25.4406    25.4451    7.58839 0.0000e+00
       4570     74.049     3.0585     3.0559   2.923054   2.923197     2.7217     2.6814      8.161     0.2218     2.0429 1.0790e-01     0.0896    97.7854     7.5402     7.8990    31.9444    31.9487    25.4416    25.4452    7.58861 0.0000e+00
       4573     74.112     3.0574     3.0556   2.923033   2.923195     2.7201     2.6814      8.161     0.2169     2.0429 1.0790e-01     0.0896    97.7854     7.5364     7.8976    31.9451    31.9488    25.4423    25.4454    7.58877 0.0000e+00
       4576     74.178     3.0569     3.0552   2.923030   2.923177     2.7205     2.6814      8.161     0.2169     2.0429 1.0790e-01     0.0896    97.7854     7.5384     7.8975    31.9456    31.9490    25.4427    25.4455    7.58885 0.0000e+00
       4579     74.240     3.0565     3.0551   2.923031   2.923173     2.7205     2.6818      8.163     0.2266     2.0429 1.0790e-01     0.0878    97.8288     7.5387     7.8987    31.9459    31.9491    25.4430    25.4456    7.58891 0.0000e+00
       4582     74.301     3.0562     3.0549   2.923020   2.923198     2.7209     2.6818      8.161     0.2169     2.0034 1.0790e-01     0.0878    97.8288     7.5396     7.8985    31.9460    31.9495    25.4431    25.4460    7.58895 0.0000e+00
       4585     74.364     3.0558     3.0549   2.923017   2.923173     2.7213     2.6814      8.161     0.2120     1.9245 1.0790e-01     0.0874    97.8375     7.5401     7.8969    31.9463    31.9491    25.4434    25.4457    7.58901 0.0000e+00
       4588     74.433     3.0557     3.0548   2.923035   2.923187     2.7205     2.6814      8.161     0.2120     1.9245 1.0790e-01     0.0874    97.8375     7.5368     7.8967    31.9467    31.9494    25.4436    25.4459    7.58903 0.0000e+00
       4591     74.498     3.0557     3.0546   2.923052   2.923190     2.7205     2.6814      8.161     0.2120     1.9245 1.0790e-01     0.0874    97.8375     7.5364     7.8965    31.9468    31.9496    25.4437    25.4460    7.58901 0.0000e+00
       4594     74.565     3.0556     3.0547   2.923059   2.923203     2.7209     2.6814      8.161     0.2169     1.9245 1.0790e-01     0.0874    97.8375     7.5389     7.8962    31.9470    31.9496    25.4439    25.4461    7.58902 0.0000e+00
       4597     74.630     3.0556     3.0546   2.923077   2.923207     2.7217     2.6814      8.161     0.2071     1.9245 1.0790e-01     0.0881    97.8201     7.5434     7.8938    31.9472    31.9497    25.4441    25.4462    7.58902 0.0000e+00
       4600     74.693     3.0556     3.0544   2.923057   2.923240     2.7209     2.6814      8.161     0.2071     1.9245 1.0790e-01     0.0896    97.7854     7.5403     7.8906    31.9469    31.9503    25.4438    25.4466    7.58902 0.0000e+00
       4603     74.757     3.0554     3.0542   2.923058   2.923252     2.7213     2.6814      8.161     0.2071     1.9245 1.0790e-01     0.0892    97.7941     7.5406     7.8886    31.9470    31.9507    25.4440    25.4469    7.58905 0.0000e+00
       4606     74.819     3.0552     3.0541   2.923095   2.923241     2.7205     2.6814      8.161     0.2071     1.9245 1.0790e-01     0.0892    97.7941     7.5367     7.8876    31.9477    31.9505    25.4445    25.4468    7.58906 0.0000e+00
       4609     74.884     3.0548     3.0541   2.923064   2.923257     2.7217     2.6814      8.161     0.1925     1.9245 1.0790e-01     0.0892    97.7941     7.5411     7.8863    31.9477    31.9507    25.4445    25.4470    7.58914 0.0000e+00
       4612     74.948     3.0548     3.0537   2.923090   2.923254     2.7209     2.6814      8.161     0.1876     1.9245 1.0790e-01     0.0896    97.7854     7.5390     7.8836    31.9480    31.9511    25.4448    25.4473    7.58913 0.0000e+00
       4615     75.011     3.0545     3.0535   2.923078   2.923241     2.7209     2.6814      8.161     0.1925     1.9245 1.0790e-01     0.0892    97.7941     7.5374     7.8810    31.9481    31.9511    25.4449    25.4473    7.58919 0.0000e+00
       4618     75.072     3.0544     3.0533   2.923090   2.923224     2.7217     2.6814      8.161     0.1925     1.9245 1.0790e-01     0.0882    97.8201     7.5387     7.8776    31.9483    31.9510    25.4451    25.4473    7.58919 0.0000e+00
       4621     75.134     3.0543     3.0530   2.923086   2.923214     2.7217     2.6802      8.161     0.1876     1.9245 1.0790e-01     0.0864    97.8636     7.5379     7.8703    31.9483    31.9511    25.4451    25.4474    7.58921 0.0000e+00
       4624     75.198     3.0543     3.0527   2.923095   2.923223     2.7217     2.6802      8.161     0.1973     1.9245 1.0790e-01     0.0864    97.8636     7.5377     7.8669    31.9484    31.9515    25.4451    25.4477    7.58920 0.0000e+00
       4627     75.262     3.0542     3.0525   2.923060   2.923202     2.7205     2.6802      8.161     0.1876     1.9245 1.0790e-01     0.0864    97.8636     7.5324     7.8665    31.9480    31.9514    25.4448    25.4477    7.58924 0.0000e+00
       4630     75.323     3.0537     3.0522   2.923033   2.923204     2.7209     2.6802      8.161     0.1876     1.9245 1.0790e-01     0.0864    97.8636     7.5335     7.8662    31.9482    31.9517    25.4450    25.4480    7.58933 0.0000e+00
       4633     75.387     3.0532     3.0518   2.923038   2.923191     2.7217     2.6802      8.161     0.1876     1.9245 1.0790e-01     0.0864    97.8636     7.5363     7.8651    31.9487    31.9519    25.4454    25.4481    7.58939 0.0000e+00
       4636     75.448     3.0531     3.0516   2.923028   2.923191     2.7213     2.6793      8.161     0.1876     1.9245 1.0790e-01     0.0867    97.8549     7.5339     7.8613    31.9486    31.9520    25.4454    25.4483    7.58942 0.0000e+00
       4639     75.508     3.0528     3.0515   2.923024   2.923183     2.7205     2.6793      8.161     0.1925     1.9245 1.0790e-01     0.0867    97.8549     7.5282     7.8620    31.9489    31.9521    25.4457    25.4483    7.58947 0.0000e+00
       4642     75.568     3.0527     3.0516   2.923031   2.923183     2.7209     2.6789      8.161     0.1925     1.9245 1.0790e-01     0.0867    97.8549     7.5282     7.8624    31.9490    31.9520    25.4457    25.4482    7.58948 0.0000e+00
       4645     75.628     3.0526     3.0515   2.923025   2.923189     2.7205     2.6785      8.161     0.1876     1.9245 1.0790e-01     0.0864    97.8636     7.5274     7.8631    31.9490    31.9521    25.4458    25.4483    7.58950 0.0000e+00
       4648     75.685     3.0526     3.0513   2.923044   2.923185     2.7205     2.6785      8.161     0.1925     1.9245 1.0790e-01     0.0864    97.8636     7.5270     7.8638    31.9492    31.9522    25.4459    25.4484    7.58948 0.0000e+00
       4651     75.741     3.0525     3.0502   2.923029   2.923141     2.7205     2.6789      8.161     0.1876     1.9245 1.0790e-01     0.0864    97.8636     7.5249     7.8649    31.9491    31.9527    25.4459    25.4489    7.58951 0.0000e+00
       4654     75.801     3.0524     3.0492   2.923038   2.923110     2.7209     2.6785      8.161     0.1925     1.9245 1.0790e-01     0.0864    97.8636     7.5241     7.8632    31.9493    31.9533    25.4460    25.4495    7.58952 0.0000e+00
       4657     75.861     3.0518     3.0487   2.923012   2.923112     2.7209     2.6777      8.161     0.1973     1.9245 1.0790e-01     0.0871    97.8462     7.5237     7.8616    31.9495    31.9538    25.4463    25.4499    7.58962 0.0000e+00
       4660     75.920     3.0517     3.0479   2.923004   2.923062     2.7192     2.6777      8.161     0.1876     1.9245 1.0790e-01     0.0857    97.8809     7.5173     7.8649    31.9495    31.9539    25.4462    25.4501    7.58965 0.0000e+00
       4663     75.977     3.0510     3.0465   2.922979   2.922992     2.7192     2.6777      8.161     0.1973     2.0034 1.0790e-01     0.0857    97.8809     7.5170     7.8660    31.9499    31.9544    25.4466    25.4506    7.58976 0.0000e+00
       4666     76.034     3.0504     3.0457   2.922981   2.922957     2.7196     2.6777      8.161     0.1876     2.0429 1.0790e-01     0.0860    97.8723     7.5168     7.8668    31.9504    31.9548    25.4470    25.4510    7.58984 0.0000e+00
       4669     76.093     3.0497     3.0455   2.922913   2.922958     2.7196     2.6777      8.161     0.1876     2.0429 1.0790e-01     0.0864    97.8636     7.5159     7.8679    31.9503    31.9549    25.4471    25.4511    7.58999 0.0000e+00
       4672     76.157     3.0488     3.0452   2.922858   2.922945     2.7188     2.6777      8.161     0.1925     2.0429 1.0790e-01     0.0860    97.8723     7.5128     7.8678    31.9504    31.9551    25.4472    25.4512    7.59014 0.0000e+00
