Datasets/AZMP/COO001/79001128.cnv
* Sea-Bird SBE 9 Data File:
* FileName = C:\CTDDATA\79001128.hex
* Software Version Seasave V 7.26.7.110
* Temperature SN = 5660
* Conductivity SN = 3698
* Number of Bytes Per Scan = 30
* Number of Voltage Words = 4
* Number of Scans Averaged by the Deck Unit = 1
* NMEA baud rate = 9600
** VESSEL/TRIP/SEQ STN:  79001128
** LATITUDE XX XX.XX N:  47 32.80 N
** LONGITUDE XX XX.XX W:  52 35.20 W
** SOUNDING DEPTH (M):  0176
** PROBE TYPE: S1257
** CTD NUMBER: 088
** COMMENTS (14 CHAR): S27-01
** BOTTLES:  20
** LEVELS: 5,5,5,5,10,20,20,20,20,30,40,50,50,50,75,100,100,100,150,BTM
** STICKERS: 437714 - 437733
** VNET: Y
** DO2: N
# nquan = 22
# nvalues = 5728                        
# units = specified
# name 0 = scan: Scan Count
# name 1 = prDM: Pressure, Digiquartz [db]
# name 2 = t090C: Temperature [ITS-90, deg C]
# name 3 = t190C: Temperature, 2 [ITS-90, deg C]
# name 4 = c0S/m: Conductivity [S/m]
# name 5 = c1S/m: Conductivity, 2 [S/m]
# name 6 = sbeox0V: Oxygen raw, SBE 43 [V]
# name 7 = sbeox1V: Oxygen raw, SBE 43, 2 [V]
# name 8 = ph: pH
# name 9 = flECO-AFL: Fluorescence, WET Labs ECO-AFL/FL [mg/m^3]
# name 10 = wetCDOM: Fluorescence, WET Labs CDOM [mg/m^3]
# name 11 = par/sat/log: PAR/Logarithmic, Satlantic [umol photons/m^2/sec]
# name 12 = CStarAt0: Beam Attenuation, WET Labs C-Star [1/m]
# name 13 = CStarTr0: Beam Transmission, WET Labs C-Star [%]
# name 14 = sbeox0ML/L: Oxygen, SBE 43 [ml/l], WS = 2
# name 15 = sbeox1ML/L: Oxygen, SBE 43, 2 [ml/l], WS = 2
# name 16 = sal00: Salinity, Practical [PSU]
# name 17 = sal11: Salinity, Practical, 2 [PSU]
# name 18 = sigma-t00: Density [sigma-t, kg/m^3 ]
# name 19 = sigma-t11: Density, 2 [sigma-t, kg/m^3 ]
# name 20 = oxsatML/L: Oxygen Saturation, Weiss [ml/l]
# name 21 = flag: flag
# span 0 =        151,      58737       
# span 1 =      0.842,    171.426       
# span 2 =    -0.2603,     2.8234       
# span 3 =    -0.2620,     2.8229       
# span 4 =   2.736286,   2.888562       
# span 5 =   2.736349,   2.888647       
# span 6 =     2.3975,     2.7700       
# span 7 =     2.3727,     2.7460       
# span 8 =      8.022,      8.152       
# span 9 =     0.0215,     1.4037       
# span 10 =    -2.8130,   481.7133      
# span 11 = 1.0729e-01, 1.0044e+00      
# span 12 =     0.0704,     0.1556      
# span 13 =    96.1864,    98.2546      
# span 14 =     6.6960,     7.7581      
# span 15 =     7.4791,     8.1712      
# span 16 =    31.7355,    33.0364      
# span 17 =    31.7917,    33.0393      
# span 18 =    25.2949,    26.5326      
# span 19 =    25.3396,    26.5349      
# span 20 =    7.64157,    8.21378      
# span 21 = 0.0000e+00, 0.0000e+00      
# interval = scans: 3                   
# start_time = Dec 10 2019 07:45:54 [System UTC, header]
# bad_flag = -9.990e-29
*END*
[from data line 4214]
      26710     81.764     2.1733     2.2145   2.870604   2.872831     2.7164     2.6847      8.131     0.3243     2.0429 1.0790e-01     0.0836    97.9331     7.7039     8.0872    32.1862    32.1719    25.7051    25.6907    7.74843 0.0000e+00
      26713     81.701     2.1753     2.2161   2.870672   2.872836     2.7160     2.6847      8.131     0.3341     2.0429 1.0790e-01     0.0836    97.9331     7.7001     8.0849    32.1850    32.1705    25.7040    25.6894    7.74809 0.0000e+00
      26716     81.638     2.1762     2.2170   2.870590   2.872856     2.7156     2.6847      8.133     0.3341     2.0429 1.0790e-01     0.0836    97.9331     7.6977     8.0847    32.1832    32.1698    25.7025    25.6888    7.74801 0.0000e+00
      26719     81.578     2.1754     2.2158   2.870454   2.872822     2.7160     2.6847      8.131     0.3292     2.0429 1.0790e-01     0.0867    97.8549     7.6990     8.0841    32.1823    32.1706    25.7018    25.6895    7.74821 0.0000e+00
      26722     81.521     2.1725     2.2160   2.869953   2.872809     2.7164     2.6847      8.131     0.3390     2.0429 1.0790e-01     0.0874    97.8375     7.7009     8.0847    32.1791    32.1703    25.6995    25.6892    7.74896 0.0000e+00
      26725     81.465     2.1659     2.2136   2.869667   2.872620     2.7160     2.6843      8.134     0.3438     2.0429 1.0790e-01     0.0874    97.8375     7.6985     8.0816    32.1823    32.1705    25.7026    25.6896    7.75010 0.0000e+00
      26728     81.408     2.1595     2.2109   2.869385   2.872508     2.7164     2.6847      8.134     0.3390     2.0429 1.0790e-01     0.0867    97.8549     7.7002     8.0822    32.1853    32.1719    25.7054    25.6909    7.75122 0.0000e+00
      26731     81.355     2.1543     2.2095   2.869475   2.872427     2.7152     2.6847      8.134     0.3341     2.0429 1.0790e-01     0.0867    97.8549     7.6979     8.0829    32.1917    32.1723    25.7109    25.6914    7.75191 0.0000e+00
      26734     81.305     2.1541     2.2057   2.869518   2.872271     2.7152     2.6847      8.134     0.3438     2.0429 1.0790e-01     0.0867    97.8549     7.6988     8.0846    32.1925    32.1742    25.7116    25.6932    7.75191 0.0000e+00
      26737     81.254     2.1536     2.2046   2.869359   2.872226     2.7152     2.6838      8.134     0.3438     2.0429 1.0790e-01     0.0864    97.8636     7.6995     8.0831    32.1911    32.1748    25.7105    25.6937    7.75209 0.0000e+00
      26740     81.206     2.1505     2.2052   2.869289   2.872276     2.7152     2.6847      8.134     0.3438     2.0429 1.0790e-01     0.0832    97.9418     7.6998     8.0875    32.1933    32.1749    25.7125    25.6937    7.75258 0.0000e+00
      26743     81.159     2.1462     2.2061   2.868730   2.872303     2.7156     2.6843      8.131     0.3487     2.0429 1.0790e-01     0.0828    97.9505     7.7020     8.0884    32.1907    32.1743    25.7108    25.6932    7.75356 0.0000e+00
      26746     81.113     2.1325     2.2065   2.868006   2.872331     2.7152     2.6847      8.131     0.3145     2.0429 1.0790e-01     0.0825    97.9591     7.7035     8.0924    32.1957    32.1743    25.7158    25.6932    7.75602 0.0000e+00
      26749     81.070     2.1221     2.2079   2.867886   2.872397     2.7152     2.6834      8.134     0.2804     2.0429 1.0790e-01     0.0828    97.9505     7.7062     8.0892    32.2048    32.1737    25.7239    25.6926    7.75763 0.0000e+00
      26752     81.024     2.1170     2.2087   2.867831   2.872385     2.7156     2.6843      8.131     0.2852     2.0429 1.0790e-01     0.0832    97.9418     7.7082     8.0926    32.2093    32.1728    25.7278    25.6918    7.75840 0.0000e+00
      26755     80.980     2.1159     2.2091   2.868103   2.872445     2.7164     2.6843      8.131     0.2852     2.0429 1.0790e-01     0.0832    97.9418     7.7115     8.0964    32.2139    32.1731    25.7316    25.6920    7.75839 0.0000e+00
      26758     80.938     2.1225     2.2100   2.868532   2.872473     2.7152     2.6847      8.133     0.2755     2.0429 1.0790e-01     0.0843    97.9157     7.7051     8.1017    32.2125    32.1726    25.7299    25.6915    7.75714 0.0000e+00
      26761     80.897     2.1262     2.2116   2.868360   2.872468     2.7148     2.6847      8.131     0.2901     2.0429 1.0790e-01     0.0864    97.8636     7.7028     8.1035    32.2066    32.1709    25.7250    25.6901    7.75671 0.0000e+00
      26764     80.857     2.1247     2.2106   2.868200   2.872447     2.7160     2.6847      8.131     0.2804     2.0429 1.0790e-01     0.0857    97.8809     7.7060     8.1050    32.2062    32.1717    25.7247    25.6907    7.75703 0.0000e+00
      26767     80.817     2.1222     2.2110   2.868021   2.872480     2.7152     2.6855      8.131     0.2804     2.0429 1.0790e-01     0.0860    97.8723     7.7022     8.1091    32.2066    32.1717    25.7252    25.6908    7.75752 0.0000e+00
      26770     80.778     2.1180     2.2112   2.867776   2.872466     2.7148     2.6847      8.134     0.2901     2.0429 1.0790e-01     0.0860    97.8723     7.7019     8.1072    32.2078    32.1713    25.7265    25.6904    7.75828 0.0000e+00
      26773     80.742     2.1143     2.2101   2.867721   2.872379     2.7152     2.6851      8.133     0.2999     2.0429 1.0790e-01     0.0853    97.8896     7.7021     8.1087    32.2109    32.1714    25.7292    25.6906    7.75885 0.0000e+00
      26776     80.701     2.1132     2.2079   2.867735   2.872313     2.7144     2.6851      8.134     0.2999     2.0429 1.0790e-01     0.0860    97.8723     7.6987     8.1057    32.2122    32.1729    25.7304    25.6919    7.75901 0.0000e+00
      26779     80.660     2.1119     2.2082   2.867686   2.872336     2.7152     2.6859      8.133     0.2901     2.0429 1.0790e-01     0.0843    97.9157     7.7020     8.1072    32.2130    32.1729    25.7311    25.6919    7.75923 0.0000e+00
      26782     80.620     2.1107     2.2082   2.867652   2.872367     2.7148     2.6859      8.131     0.2999     2.0429 1.0790e-01     0.0832    97.9418     7.7014     8.1075    32.2137    32.1733    25.7318    25.6922    7.75942 0.0000e+00
      26785     80.578     2.1102     2.2086   2.867637   2.872384     2.7148     2.6859      8.131     0.2950     2.0429 1.0790e-01     0.0832    97.9418     7.7010     8.1091    32.2141    32.1731    25.7321    25.6920    7.75950 0.0000e+00
      26788     80.536     2.1098     2.2085   2.867661   2.872345     2.7144     2.6859      8.133     0.3048     2.0429 1.0790e-01     0.0832    97.9418     7.6990     8.1099    32.2148    32.1727    25.7328    25.6917    7.75955 0.0000e+00
      26791     80.493     2.1096     2.2080   2.867640   2.872301     2.7144     2.6859      8.133     0.2999     2.0429 1.0790e-01     0.0832    97.9418     7.7017     8.1102    32.2148    32.1728    25.7327    25.6918    7.75959 0.0000e+00
      26794     80.451     2.1089     2.2073   2.867608   2.872272     2.7148     2.6859      8.133     0.2999     2.0429 1.0790e-01     0.0832    97.9418     7.7034     8.1115    32.2151    32.1731    25.7330    25.6921    7.75971 0.0000e+00
      26797     80.409     2.1088     2.2061   2.867613   2.872190     2.7136     2.6859      8.131     0.2999     2.0429 1.0790e-01     0.0836    97.9331     7.6980     8.1109    32.2153    32.1733    25.7332    25.6924    7.75972 0.0000e+00
      26800     80.361     2.1090     2.2025   2.867695   2.871995     2.7144     2.6859      8.133     0.2950     2.0429 1.0790e-01     0.0860    97.8723     7.7004     8.1130    32.2161    32.1746    25.7338    25.6937    7.75963 0.0000e+00
      26803     80.311     2.1112     2.1980   2.868095   2.871812     2.7140     2.6859      8.136     0.2999     2.0429 1.0790e-01     0.0864    97.8636     7.6980     8.1170    32.2189    32.1769    25.7359    25.6958    7.75905 0.0000e+00
      26806     80.264     2.1182     2.1944   2.868612   2.871738     2.7136     2.6871      8.134     0.2901     2.0429 1.0790e-01     0.0864    97.8636     7.6946     8.1249    32.2182    32.1796    25.7348    25.6983    7.75770 0.0000e+00
      26809     80.212     2.1261     2.1968   2.868809   2.871811     2.7140     2.6871      8.133     0.2950     2.0429 1.0790e-01     0.0860    97.8723     7.6950     8.1263    32.2127    32.1782    25.7298    25.6970    7.75641 0.0000e+00
      26812     80.156     2.1322     2.1984   2.868807   2.871846     2.7140     2.6871      8.134     0.2999     1.9639 1.0790e-01     0.0864    97.8636     7.6947     8.1286    32.2065    32.1770    25.7244    25.6959    7.75552 0.0000e+00
      26815     80.098     2.1336     2.1987   2.868558   2.871708     2.7148     2.6871      8.134     0.2950     1.8060 1.0777e-01     0.0864    97.8636     7.6964     8.1305    32.2020    32.1751    25.7207    25.6944    7.75548 0.0000e+00
      26818     80.040     2.1322     2.1909   2.868429   2.871238     2.7136     2.6871      8.131     0.2950     1.8060 1.0790e-01     0.0860    97.8723     7.6918     8.1328    32.2019    32.1772    25.7207    25.6966    7.75577 0.0000e+00
      26821     79.977     2.1308     2.1823   2.868386   2.871010     2.7132     2.6875      8.134     0.2950     1.8060 1.0790e-01     0.0843    97.9157     7.6922     8.1365    32.2028    32.1831    25.7216    25.7020    7.75600 0.0000e+00
      26824     79.912     2.1301     2.1754   2.868435   2.870841     2.7132     2.6883      8.133     0.2950     1.8060 1.0790e-01     0.0843    97.9157     7.6925     8.1399    32.2041    32.1880    25.7227    25.7065    7.75606 0.0000e+00
      26827     79.847     2.1300     2.1706   2.868455   2.870748     2.7136     2.6887      8.131     0.2999     1.8060 1.0790e-01     0.0843    97.9157     7.6949     8.1401    32.2045    32.1918    25.7230    25.7098    7.75607 0.0000e+00
      26830     79.779     2.1295     2.1724   2.868458   2.870770     2.7128     2.6883      8.133     0.2901     1.8060 1.0790e-01     0.0843    97.9157     7.6927     8.1358    32.2052    32.1902    25.7236    25.7084    7.75614 0.0000e+00
      26833     79.710     2.1296     2.1786   2.868506   2.870793     2.7132     2.6887      8.134     0.2999     1.8060 1.0790e-01     0.0843    97.9157     7.6947     8.1354    32.2057    32.1843    25.7240    25.7032    7.75609 0.0000e+00
      26836     79.639     2.1291     2.1782   2.868405   2.870594     2.7136     2.6887      8.131     0.2950     1.8060 1.0790e-01     0.0843    97.9157     7.6981     8.1337    32.2050    32.1823    25.7234    25.7016    7.75623 0.0000e+00
      26839     79.565     2.1271     2.1745   2.868283   2.870466     2.7128     2.6896      8.133     0.2950     1.8060 1.0790e-01     0.0860    97.8723     7.6981     8.1348    32.2055    32.1845    25.7240    25.7037    7.75659 0.0000e+00
      26842     79.488     2.1265     2.1718   2.868540   2.870227     2.7120     2.6892      8.131     0.3048     1.8060 1.0790e-01     0.0874    97.8375     7.6976     8.1286    32.2093    32.1843    25.7271    25.7037    7.75651 0.0000e+00
      26845     79.408     2.1313     2.1703   2.868962   2.870211     2.7144     2.6896      8.131     0.2950     1.8060 1.0790e-01     0.0874    97.8375     7.7057     8.1238    32.2097    32.1856    25.7271    25.7049    7.75554 0.0000e+00
      26848     79.333     2.1382     2.1683   2.869436   2.870242     2.7132     2.6896      8.136     0.2999     1.8060 1.0790e-01     0.0871    97.8462     7.7025     8.1193    32.2086    32.1881    25.7257    25.7071    7.75422 0.0000e+00
      26851     79.248     2.1471     2.1690   2.869891   2.870224     2.7132     2.6896      8.136     0.3097     1.8060 1.0777e-01     0.0874    97.8375     7.7024     8.1158    32.2052    32.1872    25.7223    25.7063    7.75263 0.0000e+00
      26854     79.161     2.1578     2.1699   2.870407   2.870372     2.7132     2.6896      8.133     0.3292     1.8060 1.0790e-01     0.0874    97.8375     7.7011     8.1135    32.2009    32.1881    25.7181    25.7070    7.75075 0.0000e+00
      26857     79.074     2.1685     2.1725   2.870851   2.870551     2.7140     2.6896      8.136     0.3292     1.8060 1.0777e-01     0.0874    97.8375     7.7026     8.1108    32.1956    32.1878    25.7130    25.7065    7.74890 0.0000e+00
      26860     78.989     2.1781     2.1738   2.871272   2.870607     2.7140     2.6896      8.134     0.3292     1.8060 1.0790e-01     0.0857    97.8809     7.7020     8.1103    32.1911    32.1872    25.7087    25.7059    7.74723 0.0000e+00
      26863     78.908     2.1863     2.1770   2.871469   2.870721     2.7136     2.6896      8.131     0.3292     1.8060 1.0790e-01     0.0846    97.9070     7.7003     8.1089    32.1853    32.1854    25.7035    25.7043    7.74591 0.0000e+00
      26866     78.819     2.1926     2.1792   2.871840   2.870819     2.7140     2.6887      8.136     0.3243     1.8060 1.0790e-01     0.0853    97.8896     7.6985     8.1034    32.1835    32.1845    25.7016    25.7034    7.74474 0.0000e+00
      26869     78.733     2.1998     2.1778   2.872092   2.870656     2.7144     2.6892      8.134     0.3194     1.8060 1.0777e-01     0.0850    97.8983     7.6965     8.1058    32.1794    32.1839    25.6977    25.7030    7.74353 0.0000e+00
      26872     78.647     2.2044     2.1712   2.872210   2.870340     2.7148     2.6887      8.134     0.3292     1.8060 1.0790e-01     0.0850    97.8983     7.6966     8.1052    32.1762    32.1867    25.6948    25.7057    7.74278 0.0000e+00
      26875     78.561     2.2085     2.1665   2.872370   2.870189     2.7148     2.6887      8.136     0.3341     1.8060 1.0790e-01     0.0853    97.8896     7.6938     8.1052    32.1741    32.1897    25.6929    25.7085    7.74209 0.0000e+00
      26878     78.475     2.2114     2.1685   2.872430   2.870462     2.7148     2.6896      8.134     0.3145     1.8060 1.0790e-01     0.0850    97.8983     7.6905     8.1073    32.1720    32.1910    25.6910    25.7094    7.74163 0.0000e+00
      26881     78.391     2.2140     2.1748   2.872564   2.870699     2.7148     2.6896      8.136     0.3097     1.8060 1.0790e-01     0.0864    97.8636     7.6881     8.1053    32.1711    32.1877    25.6900    25.7062    7.74116 0.0000e+00
      26884     78.309     2.2152     2.1791   2.872400   2.870861     2.7156     2.6896      8.136     0.3194     1.8060 1.0790e-01     0.0864    97.8636     7.6909     8.1055    32.1679    32.1854    25.6874    25.7041    7.74109 0.0000e+00
      26887     78.230     2.2133     2.1817   2.872097   2.870955     2.7152     2.6896      8.134     0.3145     1.8060 1.0790e-01     0.0864    97.8636     7.6910     8.1049    32.1661    32.1839    25.6861    25.7027    7.74156 0.0000e+00
      26890     78.152     2.2108     2.1869   2.872110   2.871397     2.7144     2.6887      8.136     0.3194     1.8455 1.0790e-01     0.0864    97.8636     7.6866     8.1013    32.1688    32.1842    25.6884    25.7025    7.74191 0.0000e+00
      26893     78.078     2.2101     2.1997   2.872165   2.872123     2.7148     2.6896      8.136     0.3194     2.0034 1.0790e-01     0.0864    97.8636     7.6865     8.0999    32.1702    32.1802    25.6896    25.6984    7.74197 0.0000e+00
      26896     78.007     2.2100     2.2118   2.872130   2.872611     2.7144     2.6887      8.134     0.3145     2.0429 1.0790e-01     0.0864    97.8636     7.6851     8.0947    32.1700    32.1741    25.6894    25.6926    7.74201 0.0000e+00
      26899     77.940     2.2099     2.2179   2.872080   2.872830     2.7140     2.6887      8.136     0.3194     2.0429 1.0790e-01     0.0860    97.8723     7.6842     8.0946    32.1695    32.1706    25.6890    25.6894    7.74206 0.0000e+00
      26902     77.877     2.2087     2.2192   2.872053   2.872806     2.7140     2.6887      8.136     0.3194     2.0429 1.0790e-01     0.0853    97.8896     7.6830     8.0952    32.1703    32.1690    25.6898    25.6880    7.74224 0.0000e+00
