Datasets/AZMP/COO001/79001010.cnv
* Sea-Bird SBE 9 Data File:
* FileName = C:\CTDDATA\79001010.hex
* Software Version Seasave V 7.26.7.110
* Temperature SN = 5811
* Conductivity SN = 4531
* Number of Bytes Per Scan = 30
* Number of Voltage Words = 4
* Number of Scans Averaged by the Deck Unit = 1
* NMEA baud rate = 9600
** VESSEL/TRIP/SEQ STN:  79001010
** LATITUDE XX XX.XX N:  46 46.42 N
** LONGITUDE XX XX.XX W:  55 37.14 W
** SOUNDING DEPTH (M):  0097
** PROBE TYPE (S1221): S1221
** CTD NUMBER: 003
** COMMENTS (14 CHAR):  SWSPB-01
** BOTTLES:  20
** LEVELS: 5,5,5,5,10,20,20,20,20,30,40,50,50,50,75,BTM,BTM,BTM, BTM,BTM
** STICKERS: 434598 - 434617
** VNET: Y
** DO2: N
# nquan = 22
# nvalues = 2400                        
# units = specified
# name 0 = scan: Scan Count
# name 1 = prDM: Pressure, Digiquartz [db]
# name 2 = t090C: Temperature [ITS-90, deg C]
# name 3 = t190C: Temperature, 2 [ITS-90, deg C]
# name 4 = c0S/m: Conductivity [S/m]
# name 5 = c1S/m: Conductivity, 2 [S/m]
# name 6 = sbeox0V: Oxygen raw, SBE 43 [V]
# name 7 = sbeox1V: Oxygen raw, SBE 43, 2 [V]
# name 8 = ph: pH
# name 9 = flECO-AFL: Fluorescence, WET Labs ECO-AFL/FL [mg/m^3]
# name 10 = wetCDOM: Fluorescence, WET Labs CDOM [mg/m^3]
# name 11 = par/sat/log: PAR/Logarithmic, Satlantic [umol photons/m^2/sec]
# name 12 = CStarAt0: Beam Attenuation, WET Labs C-Star [1/m]
# name 13 = CStarTr0: Beam Transmission, WET Labs C-Star [%]
# name 14 = sbeox0ML/L: Oxygen, SBE 43 [ml/l], WS = 2
# name 15 = sbeox1ML/L: Oxygen, SBE 43, 2 [ml/l], WS = 2
# name 16 = sal00: Salinity, Practical [PSU]
# name 17 = sal11: Salinity, Practical, 2 [PSU]
# name 18 = sigma-t00: Density [sigma-t, kg/m^3 ]
# name 19 = sigma-t11: Density, 2 [sigma-t, kg/m^3 ]
# name 20 = oxsatML/L: Oxygen Saturation, Weiss [ml/l]
# name 21 = flag: flag
# span 0 =        535,      35943       
# span 1 =      1.500,     89.440       
# span 2 =     0.6319,     6.1775       
# span 3 =     0.6268,     6.1781       
# span 4 =   2.768975,   3.154841       
# span 5 =   2.768472,   3.154866       
# span 6 =     2.4676,     3.1969       
# span 7 =     2.4060,     2.5461       
# span 8 =      8.080,      8.178       
# span 9 =     0.0753,     0.9740       
# span 10 =    -1.0780,   108.9220      
# span 11 = 1.1773e-01, 6.0819e+01      
# span 12 =    -0.1046,    -0.0425      
# span 13 =   101.0676,   102.6501      
# span 14 =     5.6132,    10.3955      
# span 15 =     7.5470,     8.3802      
# span 16 =    31.6641,    32.4867      
# span 17 =    31.6639,    32.4865      
# span 18 =    24.8961,    26.0457      
# span 19 =    24.8959,    26.0455      
# span 20 =    7.04449,    8.04842      
# span 21 = 0.0000e+00, 0.0000e+00      
# interval = scans: 3                   
# start_time = Nov 18 2019 19:02:46 [System UTC, header]
# bad_flag = -9.990e-29
*END*
[from data line 461]
       1926     46.588     2.6809     2.7299   2.912371   2.914763     2.6060     2.4741      8.135     0.2218     0.5069 4.4525e-01    -0.0919   102.3246     8.0000     8.1049    32.2060    32.1859    25.6817    25.6616    7.64791 0.0000e+00
       1929     46.699     2.6662     2.7147   2.910739   2.913900     2.6056     2.4750      8.135     0.2267     0.5069 4.4065e-01    -0.0919   102.3246     8.0019     8.1094    32.2008    32.1907    25.6787    25.6666    7.65103 0.0000e+00
       1932     46.809     2.6563     2.6958   2.910681   2.912506     2.6056     2.4758      8.135     0.2243     0.5158 4.2849e-01    -0.0919   102.3246     8.0026     8.1133    32.2100    32.1925    25.6869    25.6697    7.65248 0.0000e+00
       1935     46.919     2.6734     2.6987   2.911647   2.912490     2.6056     2.4758      8.135     0.1803     0.6591 4.2208e-01    -0.0919   102.3246     7.9988     8.1096    32.2046    32.1894    25.6811    25.6669    7.64944 0.0000e+00
       1938     47.027     2.6708     2.6922   2.911585   2.911793     2.6044     2.4754      8.135     0.1803     0.6680 4.1675e-01    -0.0919   102.3246     7.9950     8.1063    32.2064    32.1874    25.6827    25.6658    7.64985 0.0000e+00
       1941     47.132     2.6503     2.6848   2.910139   2.911077     2.6044     2.4762      8.135     0.1803     0.6412 4.2307e-01    -0.0919   102.3246     7.9984     8.1077    32.2093    32.1860    25.6867    25.6654    7.65369 0.0000e+00
       1944     47.238     2.6333     2.6627   2.908500   2.909559     2.6044     2.4762      8.136     0.1779     0.6680 4.1602e-01    -0.0947   102.3969     8.0009     8.1087    32.2063    32.1897    25.6856    25.6700    7.65713 0.0000e+00
       1947     47.342     2.6244     2.6483   2.908624   2.909042     2.6044     2.4754      8.136     0.1754     0.6591 4.0581e-01    -0.0962   102.4331     8.0034     8.1053    32.2167    32.1977    25.6947    25.6776    7.65833 0.0000e+00
       1950     47.447     2.6301     2.6416   2.909091   2.908558     2.6044     2.4762      8.136     0.1779     0.6501 4.0580e-01    -0.0962   102.4331     8.0023     8.1063    32.2166    32.1985    25.6942    25.6788    7.65723 0.0000e+00
       1953     47.552     2.6218     2.6341   2.908387   2.908151     2.6036     2.4762      8.136     0.1754     0.6680 4.0533e-01    -0.0962   102.4331     8.0001     8.1056    32.2163    32.2011    25.6946    25.6815    7.65885 0.0000e+00
       1956     47.659     2.6027     2.6514   2.906551   2.908932     2.6032     2.4762      8.136     0.1779     0.6591 3.9927e-01    -0.0962   102.4331     8.0033     8.1007    32.2130    32.1931    25.6935    25.6738    7.66273 0.0000e+00
       1959     47.763     2.6038     2.6355   2.907070   2.907812     2.6032     2.4762      8.136     0.1681     0.6949 3.9696e-01    -0.0962   102.4331     8.0041     8.1039    32.2182    32.1953    25.6976    25.6768    7.66226 0.0000e+00
       1962     47.865     2.5930     2.6217   2.906002   2.907054     2.6028     2.4762      8.136     0.1412     0.7844 3.9105e-01    -0.0962   102.4331     8.0057     8.1070    32.2160    32.1999    25.6967    25.6815    7.66447 0.0000e+00
       1965     47.968     2.5825     2.6225   2.905682   2.907154     2.6024     2.4762      8.136     0.1461     0.7934 3.9240e-01    -0.0979   102.4783     8.0055     8.1057    32.2226    32.2003    25.7027    25.6818    7.66617 0.0000e+00
       1968     48.071     2.5814     2.6154   2.905851   2.906717     2.6016     2.4758      8.136     0.1461     0.7934 3.8654e-01    -0.0983   102.4874     8.0007     8.1061    32.2256    32.2020    25.7053    25.6837    7.66622 0.0000e+00
       1971     48.177     2.5797     2.6200   2.905296   2.907179     2.6020     2.4762      8.136     0.1437     0.7934 3.7771e-01    -0.0983   102.4874     8.0027     8.1061    32.2206    32.2030    25.7014    25.6841    7.66682 0.0000e+00
       1974     48.285     2.5771     2.6113   2.904879   2.906158     2.6016     2.4762      8.136     0.1437     0.7934 3.8433e-01    -0.0983   102.4874     8.0010     8.1074    32.2180    32.1992    25.6996    25.6819    7.66746 0.0000e+00
       1977     48.388     2.5482     2.6047   2.902445   2.905713     2.6007     2.4762      8.136     0.1437     0.7934 3.8076e-01    -0.0979   102.4783     8.0034     8.1080    32.2173    32.2004    25.7013    25.6833    7.67313 0.0000e+00
       1980     48.488     2.5295     2.5931   2.901672   2.904917     2.6011     2.4762      8.136     0.1412     0.7934 3.7641e-01    -0.0983   102.4874     8.0072     8.1100    32.2266    32.2023    25.7102    25.6857    7.67629 0.0000e+00
       1983     48.583     2.5191     2.5849   2.900870   2.904302     2.6016     2.4762      8.136     0.1437     0.7844 3.7553e-01    -0.0979   102.4783     8.0100     8.1098    32.2272    32.2030    25.7115    25.6869    7.67828 0.0000e+00
       1986     48.680     2.5184     2.5754   2.900230   2.903427     2.6007     2.4762      8.136     0.1559     0.7934 3.7209e-01    -0.0983   102.4874     8.0061     8.1104    32.2200    32.2017    25.7058    25.6867    7.67880 0.0000e+00
       1989     48.778     2.4885     2.5524   2.897831   2.901982     2.5999     2.4762      8.136     0.1657     0.8023 3.5730e-01    -0.0983   102.4874     8.0084     8.1139    32.2207    32.2072    25.7088    25.6929    7.68461 0.0000e+00
       1992     48.878     2.4580     2.5251   2.895989   2.900074     2.5991     2.4762      8.136     0.1657     0.7934 3.6019e-01    -0.0983   102.4874     8.0104     8.1163    32.2288    32.2113    25.7176    25.6982    7.69014 0.0000e+00
       1995     48.976     2.4511     2.5132   2.896349   2.899373     2.5991     2.4762      8.136     0.1657     0.7934 3.5072e-01    -0.0983   102.4874     8.0098     8.1168    32.2402    32.2146    25.7272    25.7019    7.69091 0.0000e+00
       1998     49.069     2.4603     2.5112   2.897404   2.899103     2.5983     2.4758      8.134     0.1632     0.7934 3.5775e-01    -0.0986   102.4964     8.0044     8.1149    32.2438    32.2133    25.7294    25.7009    7.68893 0.0000e+00
       2001     49.158     2.4644     2.5040   2.897337   2.898248     2.5975     2.4758      8.133     0.1681     0.7934 3.5275e-01    -0.0983   102.4874     8.0001     8.1156    32.2388    32.2100    25.7250    25.6989    7.68838 0.0000e+00
       2004     49.254     2.4303     2.4786   2.894292   2.896431     2.5971     2.4754      8.133     0.1681     0.7934 3.4993e-01    -0.0976   102.4693     8.0060     8.1199    32.2357    32.2132    25.7253    25.7035    7.69520 0.0000e+00
       2007     49.348     2.4204     2.4467   2.893926   2.894987     2.5971     2.4750      8.133     0.1681     0.7844 3.4389e-01    -0.0976   102.4693     8.0085     8.1243    32.2413    32.2277    25.7304    25.7176    7.69687 0.0000e+00
       2010     49.453     2.3989     2.4287   2.891836   2.893768     2.5958     2.4750      8.135     0.1608     0.7934 3.4870e-01    -0.0972   102.4602     8.0103     8.1277    32.2372    32.2308    25.7289    25.7214    7.70130 0.0000e+00
       2013     49.555     2.3714     2.4211   2.890216   2.893044     2.5958     2.4746      8.132     0.1754     0.7665 3.4151e-01    -0.0976   102.4693     8.0176     8.1278    32.2450    32.2295    25.7372    25.7210    7.70628 0.0000e+00
       2016     49.654     2.3529     2.4278   2.889416   2.893221     2.5958     2.4741      8.134     0.1754     0.7665 3.3452e-01    -0.0972   102.4602     8.0215     8.1254    32.2538    32.2249    25.7457    25.7168    7.70946 0.0000e+00
       2019     49.751     2.3422     2.4157   2.888461   2.892331     2.5946     2.4741      8.135     0.1779     0.7576 3.2344e-01    -0.0972   102.4602     8.0207     8.1288    32.2529    32.2261    25.7457    25.7187    7.71162 0.0000e+00
       2022     49.851     2.3436     2.4033   2.888775   2.891573     2.5950     2.4750      8.134     0.1779     0.7665 3.2457e-01    -0.0972   102.4602     8.0220     8.1357    32.2552    32.2294    25.7475    25.7222    7.71121 0.0000e+00
       2025     49.952     2.3485     2.3973   2.889477   2.891217     2.5942     2.4741      8.134     0.1828     0.7486 3.2909e-01    -0.1001   102.5326     8.0180     8.1333    32.2589    32.2310    25.7501    25.7240    7.71006 0.0000e+00
       2028     50.055     2.3432     2.3845   2.888385   2.890544     2.5938     2.4746      8.132     0.1779     0.7576 3.1458e-01    -0.1011   102.5597     8.0183     8.1386    32.2508    32.2356    25.7440    25.7287    7.71153 0.0000e+00
       2031     50.156     2.3384     2.3878   2.888274   2.890942     2.5934     2.4737      8.132     0.1803     0.7665 3.2235e-01    -0.1015   102.5687     8.0185     8.1338    32.2542    32.2371    25.7471    25.7296    7.71229 0.0000e+00
       2034     50.256     2.3445     2.3724   2.889014   2.889888     2.5930     2.4737      8.132     0.1803     0.7665 3.0568e-01    -0.1011   102.5597     8.0159     8.1375    32.2571    32.2396    25.7489    25.7329    7.71095 0.0000e+00
       2037     50.354     2.3309     2.3715   2.887176   2.889389     2.5926     2.4737      8.132     0.1754     0.8650 2.9968e-01    -0.1015   102.5687     8.0179     8.1387    32.2481    32.2343    25.7428    25.7286    7.71408 0.0000e+00
       2040     50.451     2.2826     2.3404   2.882554   2.887076     2.5922     2.4737      8.132     0.1559     1.4381 3.0453e-01    -0.1011   102.5597     8.0288     8.1446    32.2400    32.2373    25.7400    25.7334    7.72402 0.0000e+00
       2043     50.550     2.2284     2.3028   2.879236   2.885026     2.5918     2.4729      8.132     0.1559     1.4291 3.0069e-01    -0.1008   102.5506     8.0402     8.1499    32.2539    32.2500    25.7552    25.7464    7.73400 0.0000e+00
       2046     50.648     2.1906     2.2777   2.877136   2.882806     2.5910     2.4729      8.133     0.1584     1.4470 2.9113e-01    -0.1004   102.5416     8.0471     8.1555    32.2662    32.2480    25.7679    25.7468    7.74083 0.0000e+00
       2049     50.758     2.1801     2.2371   2.876905   2.880068     2.5910     2.4729      8.133     0.1584     1.4381 3.0033e-01    -0.1004   102.5416     8.0517     8.1666    32.2741    32.2553    25.7750    25.7557    7.74251 0.0000e+00
       2052     50.868     2.1668     2.2213   2.875985   2.879297     2.5906     2.4725      8.133     0.1559     1.4470 2.9281e-01    -0.1004   102.5416     8.0555     8.1689    32.2761    32.2618    25.7776    25.7620    7.74503 0.0000e+00
       2055     50.980     2.1582     2.2098   2.875041   2.878402     2.5906     2.4725      8.133     0.1584     1.4470 2.8875e-01    -0.1008   102.5506     8.0596     8.1727    32.2731    32.2622    25.7758    25.7633    7.74689 0.0000e+00
       2058     51.092     2.1415     2.2012   2.874270   2.877575     2.5897     2.4725      8.133     0.1608     1.4291 2.7664e-01    -0.1008   102.5506     8.0627     8.1753    32.2805    32.2607    25.7830    25.7626    7.74983 0.0000e+00
       2061     51.202     2.1254     2.1912   2.872612   2.876983     2.5897     2.4725      8.131     0.1584     1.4470 2.7570e-01    -0.1004   102.5416     8.0700     8.1786    32.2762    32.2635    25.7807    25.7656    7.75324 0.0000e+00
       2064     51.312     2.1172     2.1781   2.872110   2.876179     2.5893     2.4721      8.133     0.1803    45.8320 2.8083e-01    -0.0993   102.5145     8.0734     8.1810    32.2783    32.2668    25.7830    25.7693    7.75476 0.0000e+00
       2067     51.424     2.1016     2.1749   2.871089   2.876131     2.5897     2.4721      8.133     0.2170   108.9220 2.8051e-01    -0.0958   102.4241     8.0814     8.1830    32.2815    32.2694    25.7867    25.7716    7.75770 0.0000e+00
       2070     51.536     2.1041     2.1684   2.871557   2.875635     2.5897     2.4721      8.130     0.2145   108.3579 2.8052e-01    -0.0962   102.4331     8.0830     8.1850    32.2846    32.2698    25.7890    25.7723    7.75703 0.0000e+00
       2073     51.648     2.0835     2.1574   2.869506   2.874493     2.5893     2.4721      8.130     0.2170   108.4116 2.6631e-01    -0.0958   102.4241     8.0887     8.1883    32.2801    32.2668    25.7869    25.7708    7.76137 0.0000e+00
       2076     51.764     2.0496     2.1205   2.867787   2.871888     2.5897     2.4713      8.130     0.2194   108.4116 2.7412e-01    -0.0955   102.4150     8.0999     8.1946    32.2932    32.2720    25.7999    25.7777    7.76743 0.0000e+00
       2079     51.874     2.0286     2.0945   2.866350   2.870023     2.5893     2.4717      8.130     0.2194   108.4027 2.6473e-01    -0.0955   102.4150     8.1057     8.2031    32.2967    32.2753    25.8042    25.7822    7.77143 0.0000e+00
       2082     51.979     2.0370     2.0936   2.867492   2.869793     2.5897     2.4717      8.130     0.2145   108.4116 2.7097e-01    -0.0955   102.4150     8.1077     8.2045    32.3023    32.2732    25.8081    25.7807    7.76946 0.0000e+00
       2085     52.082     2.0161     2.0874   2.865083   2.869558     2.5901     2.4713      8.128     0.2121   108.4116 2.5402e-01    -0.0972   102.4602     8.1161     8.2056    32.2936    32.2766    25.8026    25.7838    7.77408 0.0000e+00
       2088     52.184     2.0211     2.0611   2.865741   2.867642     2.5897     2.4713      8.128     0.2194   108.4116 2.5163e-01    -0.0997   102.5235     8.1136     8.2129    32.2966    32.2794    25.8047    25.7880    7.77293 0.0000e+00
       2091     52.293     2.0033     2.0544   2.863993   2.867401     2.5897     2.4713      8.129     0.1901   108.4116 2.5247e-01    -0.0997   102.5235     8.1186     8.2160    32.2930    32.2832    25.8030    25.7916    7.77667 0.0000e+00
       2094     52.409     1.9990     2.0448   2.864339   2.866672     2.5901     2.4713      8.129     0.1779   108.4116 2.5014e-01    -0.1000   102.5326     8.1211     8.2190    32.3016    32.2839    25.8103    25.7928    7.77708 0.0000e+00
       2097     52.527     1.9884     2.0232   2.863126   2.865166     2.5897     2.4713      8.129     0.1803   108.4116 2.4783e-01    -0.0993   102.5145     8.1210     8.2259    32.2973    32.2871    25.8075    25.7969    7.77942 0.0000e+00
       2100     52.645     1.9758     2.0043   2.862345   2.864193     2.5901     2.4713      8.129     0.1803   108.4116 2.4413e-01    -0.0993   102.5145     8.1245     8.2303    32.3004    32.2942    25.8110    25.8040    7.78178 0.0000e+00
       2103     52.763     1.9550     2.0111   2.860929   2.864416     2.5910     2.4713      8.129     0.1779   108.4116 2.4783e-01    -0.0993   102.5145     8.1308     8.2277    32.3039    32.2900    25.8153    25.8001    7.78575 0.0000e+00
       2106     52.881     1.9485     2.0099   2.860590   2.864000     2.5910     2.4713      8.129     0.1779   108.4116 2.3966e-01    -0.1018   102.5778     8.1301     8.2280    32.3062    32.2860    25.8177    25.7970    7.78693 0.0000e+00
       2109     52.994     1.9314     2.0084   2.858957   2.863981     2.5906     2.4713      8.129     0.1779   108.4116 2.4077e-01    -0.1025   102.5959     8.1298     8.2280    32.3033    32.2873    25.8165    25.7982    7.79050 0.0000e+00
       2112     53.109     1.9252     1.9770   2.858491   2.862284     2.5906     2.4713      8.129     0.1779   108.4116 2.3525e-01    -0.1022   102.5868     8.1293     8.2331    32.3037    32.2981    25.8173    25.8090    7.79172 0.0000e+00
       2115     53.223     1.9230     1.9695   2.858650   2.861928     2.5910     2.4713      8.129     0.1779   102.4035 2.3048e-01    -0.1025   102.5959     8.1282     8.2333    32.3079    32.3013    25.8208    25.8121    7.79194 0.0000e+00
       2118     53.333     1.9307     1.9683   2.859630   2.861581     2.5901     2.4713      8.127     0.1315     7.2403 2.2962e-01    -0.1025   102.5959     8.1196     8.2325    32.3122    32.2981    25.8236    25.8097    7.79017 0.0000e+00
