Datasets/AZMP/COO001/79001067.cnv
* Sea-Bird SBE 9 Data File:
* FileName = C:\CTDDATA\79001067.hex
* Software Version Seasave V 7.26.7.110
* Temperature SN = 5660
* Conductivity SN = 3698
* Number of Bytes Per Scan = 30
* Number of Voltage Words = 4
* Number of Scans Averaged by the Deck Unit = 1
* NMEA baud rate = 9600
** VESSEL/TRIP/SEQ STN:  79001067
** LATITUDE XX XX.XX N:  48 05.40 N
** LONGITUDE XX XX.XX W:  55 03.30 W
** SOUNDING DEPTH (M):  0096
** PROBE TYPE: S1257
** CTD NUMBER: 034
** COMMENTS (14 CHAR): TB-01
** BOTTLES:  0
** LEVELS:
** STICKERS:
** VNET: N
** DO2: N
# nquan = 22
# nvalues = 2547                        
# units = specified
# name 0 = scan: Scan Count
# name 1 = prDM: Pressure, Digiquartz [db]
# name 2 = t090C: Temperature [ITS-90, deg C]
# name 3 = t190C: Temperature, 2 [ITS-90, deg C]
# name 4 = c0S/m: Conductivity [S/m]
# name 5 = c1S/m: Conductivity, 2 [S/m]
# name 6 = sbeox0V: Oxygen raw, SBE 43 [V]
# name 7 = sbeox1V: Oxygen raw, SBE 43, 2 [V]
# name 8 = ph: pH
# name 9 = flECO-AFL: Fluorescence, WET Labs ECO-AFL/FL [mg/m^3]
# name 10 = wetCDOM: Fluorescence, WET Labs CDOM [mg/m^3]
# name 11 = par/sat/log: PAR/Logarithmic, Satlantic [umol photons/m^2/sec]
# name 12 = CStarAt0: Beam Attenuation, WET Labs C-Star [1/m]
# name 13 = CStarTr0: Beam Transmission, WET Labs C-Star [%]
# name 14 = sbeox0ML/L: Oxygen, SBE 43 [ml/l], WS = 2
# name 15 = sbeox1ML/L: Oxygen, SBE 43, 2 [ml/l], WS = 2
# name 16 = sal00: Salinity, Practical [PSU]
# name 17 = sal11: Salinity, Practical, 2 [PSU]
# name 18 = sigma-t00: Density [sigma-t, kg/m^3 ]
# name 19 = sigma-t11: Density, 2 [sigma-t, kg/m^3 ]
# name 20 = oxsatML/L: Oxygen Saturation, Weiss [ml/l]
# name 21 = flag: flag
# span 0 =          4,      10607       
# span 1 =      0.861,     88.403       
# span 2 =     1.5362,     4.1944       
# span 3 =     1.4597,     4.2360       
# span 4 =   2.827158,   2.967707       
# span 5 =   2.822227,   2.969074       
# span 6 =     2.5604,     2.7894       
# span 7 =     2.6366,     2.7389       
# span 8 =      8.109,      8.148       
# span 9 =     0.0801,     0.5978       
# span 10 =     0.7401,     2.1614      
# span 11 = 1.0740e-01, 1.4231e+00      
# span 12 =     0.0736,     0.1966      
# span 13 =    95.2045,    98.1764      
# span 14 =     6.7085,     7.7648      
# span 15 =     7.7237,     8.1761      
# span 16 =    31.4046,    32.3226      
# span 17 =    31.3786,    32.3165      
# span 18 =    24.9084,    25.8557      
# span 19 =    24.8844,    25.8528      
# span 20 =    7.40338,    7.87101      
# span 21 = 0.0000e+00, 0.0000e+00      
# interval = scans: 3                   
# start_time = Nov 30 2019 22:13:17 [System UTC, header]
# bad_flag = -9.990e-29
*END*
[from data line 1054]
       4077     64.732     2.5686     2.5607   2.894957   2.894816     2.7314     2.6842      8.136     0.1778     2.0429 1.0815e-01     0.0775    98.0808     7.6480     7.9243    32.0964    32.1026    25.6030    25.6086    7.67538 0.0000e+00
       4080     64.834     2.5651     2.5580   2.894771   2.894670     2.7318     2.6838      8.136     0.1729     2.0429 1.0815e-01     0.0775    98.0808     7.6502     7.9223    32.0975    32.1034    25.6042    25.6095    7.67599 0.0000e+00
       4083     64.938     2.5619     2.5552   2.894608   2.894512     2.7314     2.6826      8.134     0.1827     2.0429 1.0815e-01     0.0775    98.0808     7.6494     7.9201    32.0987    32.1042    25.6054    25.6103    7.67656 0.0000e+00
       4086     65.044     2.5589     2.5524   2.894441   2.894362     2.7306     2.6826      8.134     0.1729     2.0034 1.0827e-01     0.0775    98.0808     7.6472     7.9250    32.0996    32.1052    25.6064    25.6113    7.67710 0.0000e+00
       4089     65.154     2.5561     2.5504   2.894308   2.894284     2.7306     2.6814      8.134     0.1729     2.0429 1.0815e-01     0.0786    98.0547     7.6460     7.9267    32.1007    32.1061    25.6075    25.6122    7.67758 0.0000e+00
       4092     65.264     2.5536     2.5489   2.894203   2.894201     2.7310     2.6814      8.134     0.1729     2.0429 1.0827e-01     0.0789    98.0460     7.6481     7.9326    32.1019    32.1066    25.6086    25.6128    7.67802 0.0000e+00
       4095     65.377     2.5516     2.5467   2.894118   2.894032     2.7310     2.6814      8.134     0.1778     2.0429 1.0815e-01     0.0789    98.0460     7.6481     7.9408    32.1027    32.1067    25.6095    25.6130    7.67835 0.0000e+00
       4098     65.492     2.5495     2.5443   2.893979   2.893913     2.7306     2.6805      8.134     0.1729     2.0429 1.0815e-01     0.0789    98.0460     7.6492     7.9482    32.1032    32.1075    25.6100    25.6139    7.67875 0.0000e+00
       4101     65.610     2.5473     2.5398   2.893874   2.893624     2.7314     2.6801      8.134     0.1632     2.0429 1.0802e-01     0.0789    98.0460     7.6530     7.9589    32.1040    32.1085    25.6108    25.6150    7.67913 0.0000e+00
       4104     65.727     2.5446     2.5362   2.893611   2.893488     2.7302     2.6801      8.134     0.1583     2.0429 1.0827e-01     0.0786    98.0547     7.6503     7.9697    32.1034    32.1103    25.6106    25.6167    7.67969 0.0000e+00
       4107     65.846     2.5405     2.5339   2.893326   2.893354     2.7310     2.6801      8.134     0.1583     2.0429 1.0815e-01     0.0793    98.0373     7.6568     7.9803    32.1040    32.1110    25.6114    25.6174    7.68046 0.0000e+00
       4110     65.964     2.5368     2.5326   2.893219   2.893299     2.7298     2.6801      8.134     0.1632     2.0429 1.0827e-01     0.0811    97.9939     7.6551     7.9905    32.1063    32.1115    25.6135    25.6180    7.68106 0.0000e+00
       4113     66.079     2.5346     2.5312   2.893152   2.893227     2.7298     2.6801      8.134     0.1583     2.0429 1.0802e-01     0.0811    97.9939     7.6557     7.9999    32.1076    32.1120    25.6147    25.6185    7.68141 0.0000e+00
       4116     66.194     2.5327     2.5285   2.893107   2.892997     2.7302     2.6801      8.134     0.1583     2.0429 1.0827e-01     0.0811    97.9939     7.6578     8.0068    32.1090    32.1118    25.6159    25.6185    7.68173 0.0000e+00
       4119     66.307     2.5307     2.5227   2.892921   2.892063     2.7298     2.6801      8.134     0.1583     1.9245 1.0827e-01     0.0807    98.0026     7.6592     8.0166    32.1086    32.1062    25.6158    25.6145    7.68213 0.0000e+00
       4122     66.420     2.5268     2.5162   2.892542   2.892086     2.7302     2.6810      8.134     0.1632     1.9245 1.0815e-01     0.0811    97.9939     7.6635     8.0267    32.1079    32.1129    25.6155    25.6204    7.68293 0.0000e+00
       4125     66.533     2.5211     2.5077   2.892071   2.891693     2.7290     2.6814      8.134     0.1729     1.9245 1.0815e-01     0.0811    97.9939     7.6619     8.0330    32.1078    32.1166    25.6159    25.6240    7.68406 0.0000e+00
       4128     66.642     2.5144     2.4998   2.891714   2.891297     2.7302     2.6818      8.134     0.1973     1.9245 1.0802e-01     0.0811    97.9939     7.6700     8.0383    32.1101    32.1196    25.6182    25.6270    7.68525 0.0000e+00
       4131     66.748     2.5087     2.4920   2.891418   2.890856     2.7314     2.6818      8.134     0.1925     1.9245 1.0827e-01     0.0800    98.0200     7.6776     8.0404    32.1121    32.1220    25.6203    25.6295    7.68625 0.0000e+00
       4134     66.849     2.5030     2.4866   2.891084   2.890595     2.7302     2.6826      8.134     0.1876     1.9245 1.0790e-01     0.0800    98.0200     7.6769     8.0444    32.1136    32.1242    25.6220    25.6317    7.68728 0.0000e+00
       4137     66.945     2.4970     2.4824   2.890740   2.890370     2.7302     2.6826      8.135     0.1925     1.9245 1.0790e-01     0.0800    98.0200     7.6786     8.0438    32.1154    32.1256    25.6239    25.6331    7.68837 0.0000e+00
       4140     67.034     2.4924     2.4772   2.890588   2.890132     2.7302     2.6826      8.135     0.1925     1.9245 1.0815e-01     0.0800    98.0200     7.6804     8.0420    32.1181    32.1279    25.6264    25.6354    7.68913 0.0000e+00
       4143     67.119     2.4893     2.4736   2.890473   2.890021     2.7314     2.6838      8.135     0.1925     1.9245 1.0802e-01     0.0800    98.0200     7.6850     8.0429    32.1198    32.1300    25.6280    25.6374    7.68964 0.0000e+00
       4146     67.200     2.4868     2.4720   2.890386   2.889915     2.7310     2.6826      8.135     0.1973     1.9245 1.0827e-01     0.0800    98.0200     7.6848     8.0337    32.1212    32.1303    25.6293    25.6377    7.69007 0.0000e+00
       4149     67.275     2.4845     2.4707   2.890302   2.889838     2.7306     2.6838      8.135     0.1973     1.9245 1.0827e-01     0.0807    98.0026     7.6832     8.0352    32.1225    32.1306    25.6305    25.6381    7.69045 0.0000e+00
       4152     67.347     2.4828     2.4691   2.890226   2.889749     2.7314     2.6834      8.135     0.1778     1.9245 1.0815e-01     0.0811    97.9939     7.6857     8.0323    32.1232    32.1311    25.6312    25.6386    7.69074 0.0000e+00
       4155     67.412     2.4811     2.4673   2.890137   2.889665     2.7318     2.6838      8.135     0.1778     1.9245 1.0815e-01     0.0811    97.9939     7.6856     8.0333    32.1238    32.1318    25.6318    25.6394    7.69105 0.0000e+00
       4158     67.470     2.4790     2.4651   2.890087   2.889518     2.7314     2.6838      8.135     0.1729     1.9245 1.0815e-01     0.0811    97.9939     7.6847     8.0339    32.1252    32.1323    25.6331    25.6398    7.69138 0.0000e+00
       4161     67.525     2.4772     2.4631   2.890030   2.889402     2.7323     2.6838      8.135     0.1778     1.9245 1.0827e-01     0.0811    97.9939     7.6868     8.0358    32.1264    32.1328    25.6342    25.6404    7.69168 0.0000e+00
       4164     67.571     2.4770     2.4615   2.890252   2.889296     2.7314     2.6838      8.133     0.1778     1.9245 1.0802e-01     0.0811    97.9939     7.6804     8.0354    32.1292    32.1331    25.6365    25.6408    7.69157 0.0000e+00
       4167     67.615     2.4830     2.4607   2.891035   2.889280     2.7318     2.6838      8.135     0.1729     1.9245 1.0827e-01     0.0814    97.9852     7.6785     8.0376    32.1328    32.1337    25.6388    25.6413    7.69021 0.0000e+00
       4170     67.649     2.4976     2.4606   2.892817   2.889275     2.7318     2.6838      8.135     0.1827     1.9245 1.0827e-01     0.0804    98.0113     7.6740     8.0410    32.1399    32.1337    25.6434    25.6414    7.68699 0.0000e+00
       4173     67.681     2.5207     2.4601   2.894387   2.889322     2.7323     2.6838      8.134     0.1729     1.9245 1.0815e-01     0.0800    98.0200     7.6672     8.0420    32.1359    32.1348    25.6384    25.6422    7.68268 0.0000e+00
       4193     67.753     2.5523     2.4667   2.895426   2.889709     2.7315     2.6846      8.134     0.1778     2.0035 1.0815e-01     0.0804    98.0113     7.6533     8.0222    32.1168    32.1328    25.6206    25.6401    7.67749 0.0000e+00
       4231     67.877     2.5813     2.4792   2.896547   2.890168     2.7290     2.6838      8.134     0.1729     2.1614 1.0815e-01     0.0793    98.0373     7.6339     7.9700    32.1014    32.1258    25.6061    25.6336    7.67264 0.0000e+00
       4234     67.903     2.5868     2.4724   2.896692   2.889665     2.7294     2.6838      8.134     0.1778     2.1614 1.0815e-01     0.0789    98.0460     7.6322     7.9720    32.0976    32.1265    25.6026    25.6347    7.67176 0.0000e+00
       4237     67.938     2.5872     2.4639   2.896623   2.889100     2.7290     2.6826      8.134     0.1778     2.1614 1.0827e-01     0.0789    98.0460     7.6291     7.9694    32.0963    32.1281    25.6015    25.6366    7.67174 0.0000e+00
       4240     67.979     2.5867     2.4492   2.896335   2.887908     2.7286     2.6826      8.134     0.1729     2.1614 1.0815e-01     0.0789    98.0460     7.6291     7.9737    32.0933    32.1282    25.5992    25.6378    7.67200 0.0000e+00
       4243     68.023     2.5826     2.4341   2.895855   2.886854     2.7286     2.6826      8.134     0.1729     2.1614 1.0815e-01     0.0789    98.0460     7.6293     7.9806    32.0915    32.1304    25.5980    25.6407    7.67289 0.0000e+00
       4246     68.072     2.5758     2.4233   2.895075   2.886159     2.7278     2.6818      8.134     0.1778     2.1614 1.0815e-01     0.0789    98.0460     7.6267     7.9805    32.0888    32.1328    25.5964    25.6435    7.67436 0.0000e+00
       4249     68.126     2.5648     2.4165   2.894365   2.885788     2.7274     2.6814      8.134     0.1778     2.0824 1.0827e-01     0.0789    98.0460     7.6263     7.9825    32.0911    32.1350    25.5991    25.6458    7.67639 0.0000e+00
       4252     68.183     2.5522     2.4251   2.893661   2.887344     2.7270     2.6814      8.134     0.1778     2.0429 1.0815e-01     0.0779    98.0721     7.6261     7.9835    32.0951    32.1454    25.6033    25.6535    7.67863 0.0000e+00
       4255     68.247     2.5443     2.4630   2.893706   2.889319     2.7278     2.6814      8.134     0.1778     2.0429 1.0827e-01     0.0779    98.0721     7.6287     7.9783    32.1035    32.1315    25.6107    25.6394    7.67974 0.0000e+00
       4258     68.317     2.5420     2.4610   2.893857   2.888624     2.7266     2.6814      8.136     0.1925     2.0429 1.0815e-01     0.0779    98.0721     7.6242     7.9800    32.1076    32.1249    25.6141    25.6343    7.67997 0.0000e+00
       4261     68.392     2.5436     2.4439   2.894202   2.887116     2.7257     2.6814      8.134     0.1876     2.0429 1.0827e-01     0.0779    98.0721     7.6220     7.9840    32.1102    32.1236    25.6161    25.6346    7.67953 0.0000e+00
       4264     68.469     2.5406     2.4251   2.893379   2.886107     2.7274     2.6814      8.134     0.1925     2.0429 1.0827e-01     0.0779    98.0721     7.6281     7.9882    32.1032    32.1301    25.6107    25.6412    7.68049 0.0000e+00
       4267     68.546     2.5362     2.4629   2.893372   2.890162     2.7253     2.6805      8.134     0.1876     2.0429 1.0827e-01     0.0779    98.0721     7.6212     7.9767    32.1074    32.1418    25.6144    25.6476    7.68112 0.0000e+00
       4270     68.630     2.5356     2.4960   2.893396   2.890609     2.7253     2.6801      8.134     0.1876     2.0429 1.0827e-01     0.0779    98.0721     7.6215     7.9690    32.1083    32.1139    25.6152    25.6227    7.68120 0.0000e+00
       4273     68.713     2.5252     2.4689   2.891521   2.888112     2.7257     2.6801      8.134     0.2022     2.0429 1.0815e-01     0.0789    98.0460     7.6253     7.9736    32.0957    32.1105    25.6059    25.6221    7.68387 0.0000e+00
       4276     68.798     2.5009     2.4303   2.889199   2.885745     2.7237     2.6801      8.135     0.1925     1.9640 1.0827e-01     0.0789    98.0460     7.6229     7.9788    32.0916    32.1202    25.6045    25.6329    7.68883 0.0000e+00
       4279     68.887     2.4742     2.4119   2.886812   2.885092     2.7245     2.6801      8.135     0.1973     1.9245 1.0827e-01     0.0789    98.0460     7.6311     7.9809    32.0892    32.1307    25.6046    25.6428    7.69419 0.0000e+00
       4282     68.977     2.4444     2.4060   2.885310   2.884891     2.7241     2.6789      8.133     0.1876     1.9245 1.0815e-01     0.0789    98.0460     7.6352     7.9754    32.1006    32.1341    25.6161    25.6459    7.69943 0.0000e+00
       4285     69.071     2.4259     2.4043   2.884997   2.884844     2.7241     2.6789      8.135     0.1729     1.9245 1.0815e-01     0.0786    98.0547     7.6375     7.9741    32.1153    32.1353    25.6293    25.6469    7.70229 0.0000e+00
       4288     69.168     2.4159     2.4035   2.884846   2.884804     2.7229     2.6793      8.133     0.1778     1.9245 1.0815e-01     0.0786    98.0547     7.6355     7.9759    32.1235    32.1355    25.6366    25.6472    7.70383 0.0000e+00
       4291     69.265     2.4106     2.4032   2.884856   2.884807     2.7229     2.6789      8.132     0.1778     1.9245 1.0802e-01     0.0843    97.9157     7.6372     7.9736    32.1290    32.1358    25.6414    25.6475    7.70460 0.0000e+00
       4294     69.363     2.4080     2.4033   2.884851   2.884794     2.7229     2.6781      8.132     0.1827     1.9245 1.0827e-01     0.0860    97.8723     7.6366     7.9673    32.1314    32.1355    25.6436    25.6472    7.70498 0.0000e+00
       4297     69.457     2.4061     2.4030   2.884704   2.884745     2.7221     2.6781      8.130     0.1729     1.9245 1.0827e-01     0.0853    97.8896     7.6344     7.9643    32.1315    32.1351    25.6438    25.6470    7.70535 0.0000e+00
       4300     69.554     2.4047     2.4024   2.884683   2.884709     2.7221     2.6777      8.132     0.1778     1.9245 1.0815e-01     0.0857    97.8809     7.6355     7.9596    32.1325    32.1353    25.6447    25.6471    7.70556 0.0000e+00
       4303     69.649     2.4038     2.4002   2.884599   2.884513     2.7208     2.6777      8.130     0.1778     2.0429 1.0827e-01     0.0857    97.8809     7.6299     7.9589    32.1324    32.1350    25.6446    25.6470    7.70575 0.0000e+00
       4306     69.741     2.4029     2.3962   2.884543   2.884224     2.7208     2.6765      8.130     0.1729     2.0429 1.0827e-01     0.0853    97.8896     7.6308     7.9553    32.1326    32.1354    25.6449    25.6476    7.70592 0.0000e+00
       4309     69.834     2.4015     2.3921   2.884317   2.883898     2.7208     2.6765      8.130     0.1436     2.0429 1.0815e-01     0.0860    97.8723     7.6332     7.9552    32.1311    32.1354    25.6438    25.6480    7.70626 0.0000e+00
       4312     69.925     2.3982     2.3834   2.884022   2.883207     2.7204     2.6765      8.130     0.1290     2.0429 1.0815e-01     0.0864    97.8636     7.6340     7.9558    32.1308    32.1357    25.6438    25.6489    7.70693 0.0000e+00
       4315     70.016     2.3951     2.3757   2.883792   2.882741     2.7196     2.6752      8.130     0.1290     2.0429 1.0827e-01     0.0860    97.8723     7.6322     7.9506    32.1310    32.1377    25.6443    25.6511    7.70753 0.0000e+00
       4318     70.106     2.3910     2.3688   2.883414   2.882319     2.7192     2.6752      8.130     0.1387     2.0429 1.0802e-01     0.0864    97.8636     7.6320     7.9509    32.1305    32.1394    25.6442    25.6530    7.70837 0.0000e+00
       4321     70.194     2.3857     2.3621   2.882964   2.881891     2.7192     2.6744      8.130     0.1339     2.0429 1.0802e-01     0.0864    97.8636     7.6343     7.9496    32.1302    32.1409    25.6443    25.6547    7.70941 0.0000e+00
