Datasets/AZMP/COO001/79001053.cnv
* Sea-Bird SBE 9 Data File:
* FileName = C:\CTDDATA\79001053.hex
* Software Version Seasave V 7.26.7.110
* Temperature SN = 5660
* Conductivity SN = 3698
* Number of Bytes Per Scan = 30
* Number of Voltage Words = 4
* Number of Scans Averaged by the Deck Unit = 1
* NMEA baud rate = 9600
** VESSEL/TRIP/SEQ STN:  79001053
** LATITUDE XX XX.XX N:  47 00.00 N
** LONGITUDE XX XX.XX W:  45 12.80 W
** SOUNDING DEPTH (M):  0174
** PROBE TYPE: S1257
** CTD NUMBER: 028
** COMMENTS (14 CHAR): FC-24
** BOTTLES:  20
** LEVELS: 5,5,5,5,10,20,20,20,20,30,40,50,50,50,75,100,100,100,150,BTM
** STICKERS: 435026 - 435045
** VNET: Y
** DO2: Y
# nquan = 22
# nvalues = 4642                        
# units = specified
# name 0 = scan: Scan Count
# name 1 = prDM: Pressure, Digiquartz [db]
# name 2 = t090C: Temperature [ITS-90, deg C]
# name 3 = t190C: Temperature, 2 [ITS-90, deg C]
# name 4 = c0S/m: Conductivity [S/m]
# name 5 = c1S/m: Conductivity, 2 [S/m]
# name 6 = sbeox0V: Oxygen raw, SBE 43 [V]
# name 7 = sbeox1V: Oxygen raw, SBE 43, 2 [V]
# name 8 = ph: pH
# name 9 = flECO-AFL: Fluorescence, WET Labs ECO-AFL/FL [mg/m^3]
# name 10 = wetCDOM: Fluorescence, WET Labs CDOM [mg/m^3]
# name 11 = par/sat/log: PAR/Logarithmic, Satlantic [umol photons/m^2/sec]
# name 12 = CStarAt0: Beam Attenuation, WET Labs C-Star [1/m]
# name 13 = CStarTr0: Beam Transmission, WET Labs C-Star [%]
# name 14 = sbeox0ML/L: Oxygen, SBE 43 [ml/l], WS = 2
# name 15 = sbeox1ML/L: Oxygen, SBE 43, 2 [ml/l], WS = 2
# name 16 = sal00: Salinity, Practical [PSU]
# name 17 = sal11: Salinity, Practical, 2 [PSU]
# name 18 = sigma-t00: Density [sigma-t, kg/m^3 ]
# name 19 = sigma-t11: Density, 2 [sigma-t, kg/m^3 ]
# name 20 = oxsatML/L: Oxygen Saturation, Weiss [ml/l]
# name 21 = flag: flag
# span 0 =         11,      60109       
# span 1 =      1.042,    166.293       
# span 2 =     3.6094,     7.9509       
# span 3 =     3.6075,     7.9495       
# span 4 =   3.176471,   3.479468       
# span 5 =   3.176633,   3.479641       
# span 6 =     2.2761,     2.7858       
# span 7 =     2.2455,     2.7460       
# span 8 =      8.000,      8.207       
# span 9 =    -0.0078,     1.5258       
# span 10 =    -2.8130,   482.1870      
# span 11 = 1.0666e-01, 1.4485e+00      
# span 12 =     0.0493,     0.2130      
# span 13 =    94.8134,    98.7760      
# span 14 =     5.8880,     6.8909      
# span 15 =     6.1569,     7.1511      
# span 16 =    33.2067,    34.6505      
# span 17 =    33.4569,    34.6533      
# span 18 =    26.0015,    27.5437      
# span 19 =    26.1120,    27.5460      
# span 20 =    6.67875,    7.36192      
# span 21 = 0.0000e+00, 0.0000e+00      
# interval = scans: 3                   
# start_time = Nov 28 2019 19:30:47 [System UTC, header]
# bad_flag = -9.990e-29
*END*
[from data line 3424]
      28030     76.899     3.6473     3.6745   3.181963   3.183093     2.3495     2.3218      8.029     0.0117     1.4507 1.0790e-01     0.0514    98.7238     6.0815     6.3935    34.4552    34.4399    27.3885    27.3736    7.35374 0.0000e+00
      28033     76.799     3.6475     3.6753   3.181833   3.183056     2.3479     2.3218      8.027     0.0117     1.4507 1.0790e-01     0.0514    98.7238     6.0766     6.3913    34.4534    34.4386    27.3870    27.3725    7.35378 0.0000e+00
      28036     76.701     3.6472     3.6744   3.181680   3.182853     2.3479     2.3206      8.029     0.0117     1.4507 1.0790e-01     0.0510    98.7325     6.0767     6.3853    34.4519    34.4372    27.3860    27.3715    7.35392 0.0000e+00
      28039     76.603     3.6471     3.6708   3.181649   3.182595     2.3483     2.3210      8.027     0.0166     1.4507 1.0790e-01     0.0510    98.7325     6.0793     6.3851    34.4517    34.4380    27.3858    27.3725    7.35394 0.0000e+00
      28042     76.509     3.6466     3.6695   3.181469   3.182593     2.3491     2.3218      8.029     0.0117     1.4507 1.0790e-01     0.0510    98.7325     6.0837     6.3860    34.4501    34.4394    27.3846    27.3737    7.35411 0.0000e+00
      28045     76.415     3.6463     3.6704   3.181506   3.182743     2.3487     2.3210      8.029     0.0117     1.4507 1.0790e-01     0.0514    98.7238     6.0821     6.3809    34.4510    34.4403    27.3852    27.3743    7.35412 0.0000e+00
      28048     76.326     3.6470     3.6698   3.181613   3.182586     2.3487     2.3210      8.029     0.0166     1.4507 1.0790e-01     0.0514    98.7238     6.0815     6.3793    34.4515    34.4391    27.3856    27.3735    7.35397 0.0000e+00
      28051     76.244     3.6473     3.6657   3.181595   3.182266     2.3483     2.3206      8.029     0.0215     1.4507 1.0790e-01     0.0514    98.7238     6.0797     6.3785    34.4511    34.4396    27.3852    27.3743    7.35394 0.0000e+00
      28054     76.164     3.6477     3.6617   3.181556   3.182096     2.3479     2.3206      8.029     0.0264     1.4507 1.0790e-01     0.0517    98.7151     6.0785     6.3796    34.4502    34.4418    27.3845    27.3764    7.35390 0.0000e+00
      28057     76.092     3.6488     3.6598   3.181535   3.182027     2.3483     2.3206      8.029     0.0264     1.4507 1.0790e-01     0.0514    98.7238     6.0806     6.3818    34.4489    34.4431    27.3833    27.3776    7.35378 0.0000e+00
      28060     76.034     3.6490     3.6598   3.181467   3.182055     2.3483     2.3206      8.029     0.0264     1.4902 1.0790e-01     0.0514    98.7238     6.0798     6.3830    34.4478    34.4435    27.3825    27.3779    7.35379 0.0000e+00
      28063     75.985     3.6498     3.6610   3.181572   3.182155     2.3491     2.3206      8.029     0.0264     1.5692 1.0790e-01     0.0517    98.7151     6.0803     6.3823    34.4483    34.4434    27.3827    27.3778    7.35362 0.0000e+00
      28066     75.944     3.6511     3.6630   3.181603   3.182263     2.3495     2.3206      8.029     0.0313     1.5692 1.0790e-01     0.0514    98.7238     6.0801     6.3831    34.4473    34.4426    27.3819    27.3769    7.35343 0.0000e+00
      28069     75.911     3.6517     3.6637   3.181568   3.182130     2.3487     2.3206      8.029     0.0264     1.5692 1.0790e-01     0.0517    98.7151     6.0775     6.3850    34.4462    34.4403    27.3809    27.3751    7.35336 0.0000e+00
      28220     75.884     3.6535     3.6630   3.181678   3.182082     2.3487     2.3198      8.029     0.0361     1.4113 1.0790e-01     0.0514    98.7238     6.0727     6.3821    34.4457    34.4405    27.3803    27.3753    7.35307 0.0000e+00
      28297     75.845     3.6558     3.6641   3.181758   3.182213     2.3487     2.3194      8.029     0.0410     1.4507 1.0790e-01     0.0514    98.7238     6.0717     6.3822    34.4442    34.4409    27.3789    27.3755    7.35272 0.0000e+00
      28300     75.802     3.6567     3.6655   3.181720   3.182249     2.3487     2.3181      8.029     0.0410     1.4507 1.0790e-01     0.0514    98.7238     6.0735     6.3801    34.4428    34.4399    27.3777    27.3745    7.35262 0.0000e+00
      28303     75.758     3.6568     3.6662   3.181705   3.182273     2.3479     2.3181      8.029     0.0361     1.4507 1.0790e-01     0.0514    98.7238     6.0705     6.3814    34.4425    34.4394    27.3775    27.3741    7.35261 0.0000e+00
      28306     75.716     3.6563     3.6668   3.181633   3.182290     2.3475     2.3185      8.029     0.0410     1.4507 1.0790e-01     0.0514    98.7238     6.0689     6.3832    34.4423    34.4390    27.3773    27.3737    7.35273 0.0000e+00
      28309     75.672     3.6561     3.6670   3.181759   3.182343     2.3483     2.3181      8.029     0.0410     1.4507 1.0790e-01     0.0517    98.7151     6.0720     6.3827    34.4440    34.4395    27.3787    27.3741    7.35267 0.0000e+00
      28312     75.629     3.6574     3.6670   3.181811   3.182351     2.3483     2.3194      8.029     0.0361     1.4507 1.0790e-01     0.0514    98.7238     6.0737     6.3844    34.4433    34.4396    27.3780    27.3742    7.35247 0.0000e+00
      28315     75.586     3.6573     3.6668   3.181796   3.182320     2.3483     2.3194      8.029     0.0264     1.4507 1.0790e-01     0.0514    98.7238     6.0758     6.3813    34.4432    34.4395    27.3780    27.3741    7.35250 0.0000e+00
      28318     75.545     3.6575     3.6667   3.181782   3.182317     2.3479     2.3194      8.029     0.0264     1.4507 1.0790e-01     0.0514    98.7238     6.0756     6.3803    34.4429    34.4395    27.3778    27.3741    7.35248 0.0000e+00
      28321     75.509     3.6575     3.6663   3.181783   3.182303     2.3487     2.3194      8.029     0.0264     1.4112 1.0790e-01     0.0514    98.7238     6.0791     6.3816    34.4430    34.4399    27.3778    27.3745    7.35248 0.0000e+00
      28324     75.473     3.6579     3.6659   3.181758   3.182292     2.3483     2.3194      8.029     0.0313     1.3323 1.0790e-01     0.0514    98.7238     6.0783     6.3804    34.4422    34.4402    27.3771    27.3748    7.35243 0.0000e+00
      28327     75.437     3.6580     3.6657   3.181691   3.182287     2.3475     2.3185      8.029     0.0264     1.3323 1.0790e-01     0.0514    98.7238     6.0767     6.3739    34.4413    34.4403    27.3764    27.3749    7.35246 0.0000e+00
      28330     75.403     3.6578     3.6658   3.181644   3.182291     2.3475     2.3194      8.029     0.0264     1.3323 1.0790e-01     0.0514    98.7238     6.0767     6.3742    34.4410    34.4403    27.3762    27.3748    7.35251 0.0000e+00
      28333     75.367     3.6581     3.6656   3.181556   3.182283     2.3487     2.3190      8.029     0.0313     1.3323 1.0790e-01     0.0514    98.7238     6.0792     6.3697    34.4396    34.4404    27.3750    27.3749    7.35252 0.0000e+00
      28336     75.333     3.6583     3.6653   3.181578   3.182260     2.3487     2.3181      8.029     0.0264     1.3323 1.0790e-01     0.0517    98.7151     6.0780     6.3646    34.4397    34.4405    27.3751    27.3751    7.35249 0.0000e+00
      28339     75.300     3.6580     3.6652   3.181617   3.182248     2.3495     2.3181      8.029     0.0215     1.3323 1.0790e-01     0.0514    98.7238     6.0803     6.3638    34.4405    34.4405    27.3757    27.3750    7.35250 0.0000e+00
      28342     75.270     3.6580     3.6647   3.181596   3.182208     2.3487     2.3185      8.029     0.0264     1.3323 1.0790e-01     0.0514    98.7238     6.0778     6.3641    34.4403    34.4405    27.3756    27.3751    7.35252 0.0000e+00
      28345     75.239     3.6577     3.6644   3.181628   3.182177     2.3487     2.3185      8.029     0.0264     1.3323 1.0790e-01     0.0514    98.7238     6.0776     6.3658    34.4410    34.4405    27.3762    27.3751    7.35254 0.0000e+00
      28348     75.206     3.6578     3.6640   3.181607   3.182174     2.3479     2.3181      8.029     0.0264     1.3718 1.0790e-01     0.0514    98.7238     6.0757     6.3657    34.4407    34.4409    27.3759    27.3755    7.35253 0.0000e+00
      28351     75.177     3.6578     3.6638   3.181631   3.182167     2.3495     2.3181      8.029     0.0215     1.4507 1.0790e-01     0.0517    98.7151     6.0799     6.3669    34.4410    34.4410    27.3761    27.3756    7.35252 0.0000e+00
      28354     75.146     3.6577     3.6649   3.181584   3.182178     2.3487     2.3181      8.029     0.0264     1.4507 1.0790e-01     0.0514    98.7238     6.0761     6.3675    34.4405    34.4400    27.3758    27.3747    7.35256 0.0000e+00
      28357     75.116     3.6574     3.6658   3.181462   3.182178     2.3479     2.3181      8.029     0.0313     1.4507 1.0790e-01     0.0517    98.7151     6.0732     6.3706    34.4394    34.4390    27.3749    27.3738    7.35266 0.0000e+00
      28360     75.085     3.6572     3.6662   3.181459   3.182201     2.3479     2.3181      8.029     0.0264     1.4507 1.0790e-01     0.0517    98.7151     6.0732     6.3720    34.4395    34.4390    27.3751    27.3737    7.35269 0.0000e+00
      28363     75.054     3.6576     3.6652   3.181355   3.182202     2.3483     2.3173      8.029     0.0264     1.4507 1.0790e-01     0.0514    98.7238     6.0740     6.3701    34.4379    34.4401    27.3737    27.3747    7.35270 0.0000e+00
      28366     75.024     3.6578     3.6645   3.181361   3.182178     2.3487     2.3173      8.029     0.0264     1.4507 1.0790e-01     0.0514    98.7238     6.0763     6.3710    34.4378    34.4406    27.3736    27.3752    7.35267 0.0000e+00
      28369     74.995     3.6579     3.6645   3.181335   3.182168     2.3487     2.3181      8.029     0.0313     1.4507 1.0790e-01     0.0514    98.7238     6.0753     6.3766    34.4374    34.4404    27.3733    27.3750    7.35268 0.0000e+00
      28372     74.964     3.6577     3.6633   3.181310   3.182136     2.3487     2.3173      8.029     0.0264     1.4507 1.0790e-01     0.0524    98.6978     6.0742     6.3755    34.4373    34.4413    27.3732    27.3759    7.35271 0.0000e+00
      28375     74.930     3.6576     3.6615   3.181313   3.182072     2.3483     2.3177      8.029     0.0313     1.3323 1.0790e-01     0.0524    98.6978     6.0714     6.3782    34.4375    34.4425    27.3734    27.3770    7.35273 0.0000e+00
      28379     74.892     3.6577     3.6581   3.181384   3.181974     2.3487     2.3177      8.029     0.0264     1.3323 1.0790e-01     0.0524    98.6978     6.0742     6.3802    34.4383    34.4449    27.3740    27.3792    7.35267 0.0000e+00
      28383     74.860     3.6575     3.6593   3.181383   3.182006     2.3487     2.3181      8.029     0.0264     1.3323 1.0790e-01     0.0524    98.6978     6.0726     6.3827    34.4384    34.4440    27.3741    27.3784    7.35269 0.0000e+00
      28386     74.836     3.6573     3.6607   3.181435   3.182063     2.3479     2.3181      8.029     0.0264     1.3323 1.0790e-01     0.0524    98.6978     6.0682     6.3832    34.4394    34.4433    27.3749    27.3777    7.35269 0.0000e+00
      28458     74.808     3.6544     3.6575   3.180773   3.181482     2.3491     2.3181      8.029     0.0264     1.3718 1.0790e-01     0.0521    98.7065     6.0732     6.3815    34.4345    34.4397    27.3713    27.3752    7.35345 0.0000e+00
      28598     74.744     3.6478     3.6535   3.179418   3.180851     2.3495     2.3181      8.029     0.0264     1.4507 1.0790e-01     0.0514    98.7238     6.0785     6.3792    34.4253    34.4364    27.3646    27.3730    7.35511 0.0000e+00
      28601     74.678     3.6468     3.6561   3.179423   3.181173     2.3503     2.3181      8.029     0.0313     1.4507 1.0790e-01     0.0517    98.7151     6.0807     6.3788    34.4264    34.4375    27.3656    27.3736    7.35524 0.0000e+00
      28604     74.610     3.6461     3.6581   3.179367   3.181347     2.3499     2.3177      8.029     0.0264     1.4507 1.0790e-01     0.0514    98.7238     6.0787     6.3785    34.4265    34.4375    27.3658    27.3734    7.35536 0.0000e+00
      28607     74.550     3.6459     3.6586   3.179426   3.181480     2.3495     2.3173      8.029     0.0313     1.4507 1.0790e-01     0.0514    98.7238     6.0780     6.3783    34.4274    34.4386    27.3665    27.3742    7.35535 0.0000e+00
      28610     74.492     3.6460     3.6593   3.179536   3.181537     2.3499     2.3177      8.029     0.0313     1.4507 1.0790e-01     0.0514    98.7238     6.0789     6.3792    34.4286    34.4386    27.3675    27.3741    7.35526 0.0000e+00
      28613     74.439     3.6462     3.6593   3.179450   3.181562     2.3491     2.3177      8.029     0.0264     1.4507 1.0790e-01     0.0517    98.7151     6.0753     6.3791    34.4275    34.4390    27.3666    27.3744    7.35530 0.0000e+00
      28616     74.392     3.6458     3.6588   3.179381   3.181415     2.3487     2.3181      8.029     0.0313     1.4507 1.0790e-01     0.0514    98.7238     6.0744     6.3824    34.4271    34.4378    27.3662    27.3735    7.35538 0.0000e+00
      28619     74.350     3.6456     3.6579   3.179324   3.181232     2.3495     2.3181      8.029     0.0264     1.4507 1.0790e-01     0.0514    98.7238     6.0788     6.3827    34.4266    34.4365    27.3659    27.3725    7.35543 0.0000e+00
      28622     74.316     3.6460     3.6548   3.179401   3.180761     2.3495     2.3181      8.029     0.0264     1.4507 1.0790e-01     0.0514    98.7238     6.0794     6.3830    34.4271    34.4342    27.3663    27.3710    7.35534 0.0000e+00
      28717     74.288     3.6471     3.6492   3.179628   3.179922     2.3491     2.3181      8.029     0.0215     1.4112 1.0790e-01     0.0517    98.7151     6.0811     6.3823    34.4288    34.4300    27.3675    27.3683    7.35507 0.0000e+00
      28903     74.225     3.6491     3.6422   3.179928   3.178531     2.3491     2.3181      8.029     0.0117     1.3323 1.0790e-01     0.0535    98.6717     6.0859     6.3807    34.4302    34.4207    27.3684    27.3616    7.35462 0.0000e+00
      28906     74.149     3.6489     3.6383   3.179861   3.177996     2.3483     2.3181      8.029     0.0166     1.3323 1.0802e-01     0.0535    98.6717     6.0830     6.3819    34.4297    34.4185    27.3680    27.3601    7.35468 0.0000e+00
      28909     74.080     3.6487     3.6379   3.179821   3.178194     2.3499     2.3181      8.029     0.0117     1.3323 1.0815e-01     0.0535    98.6717     6.0891     6.3796    34.4295    34.4213    27.3679    27.3625    7.35474 0.0000e+00
      28912     74.017     3.6484     3.6386   3.179834   3.178362     2.3499     2.3181      8.029     0.0117     1.3323 1.0815e-01     0.0535    98.6717     6.0895     6.3783    34.4300    34.4227    27.3683    27.3635    7.35476 0.0000e+00
      28915     73.962     3.6483     3.6388   3.179787   3.178519     2.3491     2.3181      8.029     0.0264     1.3323 1.0802e-01     0.0535    98.6717     6.0878     6.3783    34.4295    34.4244    27.3680    27.3648    7.35481 0.0000e+00
      28918     73.919     3.6482     3.6399   3.179765   3.179148     2.3499     2.3181      8.029     0.0264     1.3323 1.0802e-01     0.0524    98.6978     6.0918     6.3760    34.4295    34.4308    27.3679    27.3698    7.35483 0.0000e+00
      28921     73.886     3.6476     3.6433   3.179681   3.179939     2.3507     2.3181      8.029     0.0264     1.3323 1.0827e-01     0.0514    98.7238     6.0932     6.3738    34.4290    34.4366    27.3676    27.3741    7.35495 0.0000e+00
      29889     73.861     3.6412     3.6388   3.178824   3.178986     2.3511     2.3189      8.029     0.0264     1.2928 1.0815e-01     0.0517    98.7151     6.0933     6.3760    34.4255    34.4300    27.3655    27.3693    7.35629 0.0000e+00
      31822     73.809     3.6293     3.6271   3.177199   3.177100     2.3548     2.3206      8.029     0.0313     1.2139 1.0790e-01     0.0521    98.7065     6.1044     6.3869    34.4187    34.4199    27.3612    27.3624    7.35880 0.0000e+00
