Datasets/AZMP/COO001/79001001.cnv
* Sea-Bird SBE 9 Data File:
* FileName = C:\CTDDATA\79001001.hex
* Software Version Seasave V 7.26.7.110
* Temperature SN = 5811
* Conductivity SN = 4531
* Number of Bytes Per Scan = 30
* Number of Voltage Words = 4
* Number of Scans Averaged by the Deck Unit = 1
* NMEA baud rate = 9600
** VESSEL/TRIP/SEQ STN:  79001001
** LATITUDE XX XX.XX N:  47 32.80 N
** LONGITUDE XX XX.XX W:  52 35.20 W
** SOUNDING DEPTH (M):  0180
** PROBE TYPE (S1221): S1221
** CTD NUMBER: 001
** COMMENTS (14 CHAR):  S27-01
** BOTTLES:  20
** LEVELS: 5,5,5,5,10,20,20,20,20,30,40,50,50,50,75,100,100,100,150,BTM
** STICKERS: 434558 - 434577
** VNET: Y
** DO2: N
# nquan = 22
# nvalues = 4286                        
# units = specified
# name 0 = scan: Scan Count
# name 1 = prDM: Pressure, Digiquartz [db]
# name 2 = t090C: Temperature [ITS-90, deg C]
# name 3 = t190C: Temperature, 2 [ITS-90, deg C]
# name 4 = c0S/m: Conductivity [S/m]
# name 5 = c1S/m: Conductivity, 2 [S/m]
# name 6 = sbeox0V: Oxygen raw, SBE 43 [V]
# name 7 = sbeox1V: Oxygen raw, SBE 43, 2 [V]
# name 8 = ph: pH
# name 9 = flECO-AFL: Fluorescence, WET Labs ECO-AFL/FL [mg/m^3]
# name 10 = wetCDOM: Fluorescence, WET Labs CDOM [mg/m^3]
# name 11 = par/sat/log: PAR/Logarithmic, Satlantic [umol photons/m^2/sec]
# name 12 = CStarAt0: Beam Attenuation, WET Labs C-Star [1/m]
# name 13 = CStarTr0: Beam Transmission, WET Labs C-Star [%]
# name 14 = sbeox0ML/L: Oxygen, SBE 43 [ml/l], WS = 2
# name 15 = sbeox1ML/L: Oxygen, SBE 43, 2 [ml/l], WS = 2
# name 16 = sal00: Salinity, Practical [PSU]
# name 17 = sal11: Salinity, Practical, 2 [PSU]
# name 18 = sigma-t00: Density [sigma-t, kg/m^3 ]
# name 19 = sigma-t11: Density, 2 [sigma-t, kg/m^3 ]
# name 20 = oxsatML/L: Oxygen Saturation, Weiss [ml/l]
# name 21 = flag: flag
# span 0 =         29,      40161       
# span 1 =      2.696,    174.146       
# span 2 =    -0.9459,     5.5977       
# span 3 =    -0.9465,     5.5986       
# span 4 =   2.669134,   3.086285       
# span 5 =   2.669263,   3.086290       
# span 6 =     2.2515,     2.6521       
# span 7 =     2.1453,     2.5300       
# span 8 =      7.941,      8.127       
# span 9 =     0.0460,     0.8445       
# span 10 =    -1.0780,   108.9220      
# span 11 = 1.1679e-01, 7.8612e-01      
# span 12 =    -0.1131,    -0.0242      
# span 13 =   100.6064,   102.8672      
# span 14 =     7.4899,     8.3211      
# span 15 =     7.5859,     8.6531      
# span 16 =    31.4105,    32.9469      
# span 17 =    31.4332,    32.9473      
# span 18 =    24.7668,    26.4851      
# span 19 =    24.7824,    26.4854      
# span 20 =    7.15341,    8.37621      
# span 21 = 0.0000e+00, 0.0000e+00      
# interval = scans: 3                   
# start_time = Nov 17 2019 20:06:07 [System UTC, header]
# bad_flag = -9.990e-29
*END*
[from data line 1252]
       3896     98.688     0.4697     0.4673   2.751297   2.750738     2.5075     2.3956      8.048     0.0826     0.0502 1.1773e-01    -0.1004   102.5416     8.1734     8.2869    32.4227    32.4179    26.0029    25.9992    8.08646 0.0000e+00
       3899     98.773     0.4674     0.4661   2.751182   2.750659     2.5075     2.3956      8.048     0.0851     0.0502 1.1773e-01    -0.1004   102.5416     8.1754     8.2889    32.4236    32.4181    26.0037    25.9994    8.08691 0.0000e+00
       3902     98.862     0.4681     0.4644   2.751067   2.750505     2.5075     2.3948      8.048     0.0875     0.0323 1.1760e-01    -0.1004   102.5416     8.1774     8.2873    32.4213    32.4179    26.0018    25.9992    8.08688 0.0000e+00
       3905     98.950     0.4658     0.4623   2.750816   2.750341     2.5067     2.3944      8.048     0.0802    -0.0304 1.1760e-01    -0.1004   102.5416     8.1769     8.2869    32.4204    32.4179    26.0012    25.9994    8.08742 0.0000e+00
       3908     99.040     0.4619     0.4609   2.750667   2.750268     2.5067     2.3940      8.048     0.0778    -0.0393 1.1746e-01    -0.1004   102.5416     8.1797     8.2880    32.4225    32.4183    26.0032    25.9998    8.08815 0.0000e+00
       3911     99.131     0.4508     0.4501   2.749582   2.749235     2.5067     2.3940      8.048     0.0802    -0.0393 1.1760e-01    -0.0997   102.5235     8.1831     8.2931    32.4200    32.4162    26.0017    25.9987    8.09065 0.0000e+00
       3914     99.224     0.4113     0.4242   2.746502   2.747222     2.5067     2.3932      8.048     0.0802    -0.0304 1.1773e-01    -0.0993   102.5145     8.1938     8.2988    32.4215    32.4172    26.0049    26.0008    8.09904 0.0000e+00
       3917     99.320     0.3796     0.4012   2.744970   2.745644     2.5055     2.3932      8.048     0.0802    -0.0304 1.1773e-01    -0.0997   102.5235     8.1969     8.3071    32.4349    32.4209    26.0173    26.0050    8.10509 0.0000e+00
       3920     99.413     0.3637     0.3877   2.743808   2.744885     2.5055     2.3932      8.048     0.0802    -0.0304 1.1760e-01    -0.0997   102.5235     8.2030     8.3130    32.4364    32.4252    26.0194    26.0091    8.10841 0.0000e+00
       3923     99.511     0.3502     0.3693   2.742783   2.743672     2.5055     2.3923      8.048     0.0729    -0.0304 1.1787e-01    -0.0997   102.5235     8.2073     8.3152    32.4372    32.4287    26.0207    26.0129    8.11126 0.0000e+00
       3926     99.612     0.3421     0.3640   2.742308   2.743140     2.5055     2.3923      8.048     0.0802    -0.0393 1.1787e-01    -0.0993   102.5145     8.2105     8.3179    32.4395    32.4273    26.0229    26.0120    8.11288 0.0000e+00
       3929     99.707     0.3324     0.3475   2.741193   2.741928     2.5055     2.3919      8.048     0.0729     0.4979 1.1787e-01    -0.0993   102.5145     8.2137     8.3212    32.4352    32.4288    26.0200    26.0140    8.11522 0.0000e+00
       3932     99.801     0.3013     0.3322   2.739306   2.740965     2.5055     2.3919      8.048     0.0778     1.2769 1.1787e-01    -0.0997   102.5235     8.2221     8.3245    32.4432    32.4323    26.0280    26.0177    8.12145 0.0000e+00
       3935     99.895     0.2893     0.3213   2.738866   2.740098     2.5051     2.3919      8.048     0.0778     1.2321 1.1787e-01    -0.1004   102.5416     8.2247     8.3271    32.4502    32.4325    26.0342    26.0184    8.12366 0.0000e+00
       3938     99.991     0.2700     0.3140   2.737450   2.739485     2.5055     2.3919      8.048     0.0802     1.2500 1.1773e-01    -0.1000   102.5326     8.2325     8.3288    32.4520    32.4321    26.0366    26.0184    8.12772 0.0000e+00
       3941    100.086     0.2728     0.3083   2.737506   2.739131     2.5051     2.3911      8.046     0.0753     1.2321 1.1787e-01    -0.0997   102.5235     8.2309     8.3275    32.4496    32.4334    26.0346    26.0198    8.12723 0.0000e+00
       3944    100.183     0.2646     0.2952   2.736963   2.738245     2.5055     2.3907      8.046     0.0778     1.2500 1.1787e-01    -0.1004   102.5416     8.2339     8.3300    32.4512    32.4357    26.0362    26.0222    8.12892 0.0000e+00
       3947    100.280     0.2619     0.2847   2.737034   2.737571     2.5051     2.3907      8.044     0.0802     1.2411 1.1787e-01    -0.0997   102.5235     8.2325     8.3325    32.4549    32.4378    26.0394    26.0245    8.12930 0.0000e+00
       3950    100.381     0.2791     0.2799   2.737742   2.737157     2.5043     2.3903      8.046     0.0778     1.2500 1.1787e-01    -0.1000   102.5326     8.2244     8.3315    32.4460    32.4375    26.0313    26.0244    8.12609 0.0000e+00
       3953    100.480     0.2547     0.2751   2.735795   2.736598     2.5047     2.3899      8.044     0.0802     1.2500 1.1773e-01    -0.0993   102.5145     8.2322     8.3300    32.4462    32.4352    26.0327    26.0229    8.13134 0.0000e+00
       3956    100.580     0.2543     0.2666   2.736220   2.736172     2.5047     2.3895      8.044     0.0802     3.3095 1.1787e-01    -0.0993   102.5145     8.2322     8.3304    32.4521    32.4386    26.0375    26.0260    8.13110 0.0000e+00
       3959    100.678     0.2443     0.2682   2.735415   2.736516     2.5051     2.3895      8.044     0.0729     4.2407 1.1773e-01    -0.0993   102.5145     8.2357     8.3296    32.4521    32.4412    26.0380    26.0281    8.13325 0.0000e+00
       3962    100.773     0.2238     0.2622   2.733988   2.735928     2.5043     2.3891      8.044     0.0704     4.2049 1.1760e-01    -0.0993   102.5145     8.2366     8.3301    32.4550    32.4399    26.0414    26.0272    8.13751 0.0000e+00
       3965    100.867     0.2138     0.2519   2.733281   2.735295     2.5043     2.3895      8.044     0.0729     4.2138 1.1773e-01    -0.0993   102.5145     8.2384     8.3352    32.4564    32.4424    26.0429    26.0298    8.13960 0.0000e+00
       3968    100.961     0.2099     0.2497   2.732719   2.735149     2.5043     2.3887      8.044     0.0729     4.2138 1.1773e-01    -0.0993   102.5145     8.2396     8.3306    32.4531    32.4428    26.0404    26.0302    8.14063 0.0000e+00
       3971    101.058     0.2045     0.2429   2.732557   2.734595     2.5043     2.3883      8.042     0.0729     4.2138 1.1773e-01    -0.0993   102.5145     8.2411     8.3308    32.4566    32.4427    26.0436    26.0305    8.14161 0.0000e+00
       3974    101.157     0.1880     0.2330   2.731480   2.733903     2.5035     2.3883      8.044     0.0729     4.2138 1.1746e-01    -0.0993   102.5145     8.2407     8.3341    32.4599    32.4440    26.0470    26.0321    8.14499 0.0000e+00
       3977    101.256     0.1889     0.2210   2.731614   2.733233     2.5043     2.3879      8.044     0.0729     4.2138 1.1787e-01    -0.0993   102.5145     8.2422     8.3363    32.4606    32.4479    26.0476    26.0357    8.14475 0.0000e+00
       3980    101.354     0.1883     0.2151   2.731076   2.732808     2.5039     2.3879      8.044     0.0729     4.1064 1.1773e-01    -0.0993   102.5145     8.2413     8.3377    32.4542    32.4485    26.0424    26.0365    8.14524 0.0000e+00
       3983    101.452     0.1746     0.2116   2.730439   2.732523     2.5035     2.3871      8.041     0.0729     1.9395 1.1760e-01    -0.0993   102.5145     8.2420     8.3359    32.4603    32.4484    26.0480    26.0366    8.14788 0.0000e+00
       3986    101.547     0.1523     0.2023   2.728770   2.731810     2.5031     2.3871      8.042     0.0729     1.7604 1.1773e-01    -0.0993   102.5145     8.2450     8.3396    32.4619    32.4488    26.0504    26.0374    8.15262 0.0000e+00
       3989    101.639     0.1262     0.1806   2.726885   2.730220     2.5031     2.3867      8.041     0.0704     1.7604 1.1773e-01    -0.0993   102.5145     8.2488     8.3453    32.4648    32.4509    26.0539    26.0401    8.15810 0.0000e+00
       3992    101.732     0.1171     0.1802   2.726708   2.729839     2.5031     2.3858      8.039     0.0729     1.7604 1.1773e-01    -0.0983   102.4874     8.2481     8.3443    32.4721    32.4463    26.0603    26.0365    8.15969 0.0000e+00
       3995    101.826     0.1183     0.1730   2.726871   2.729574     2.5031     2.3867      8.041     0.0729     1.7515 1.1787e-01    -0.0972   102.4602     8.2458     8.3498    32.4728    32.4504    26.0608    26.0401    8.15937 0.0000e+00
       3998    101.920     0.1234     0.1663   2.727265   2.729067     2.5022     2.3862      8.039     0.0729     1.7604 1.1787e-01    -0.0972   102.4602     8.2389     8.3502    32.4726    32.4507    26.0604    26.0407    8.15829 0.0000e+00
       4001    102.013     0.1138     0.1563   2.726299   2.728436     2.5027     2.3858      8.039     0.0729     1.7604 1.1773e-01    -0.0972   102.4602     8.2408     8.3518    32.4700    32.4531    26.0587    26.0431    8.16051 0.0000e+00
       4004    102.107     0.1126     0.1428   2.726557   2.727575     2.5022     2.3858      8.039     0.0729     1.7604 1.1746e-01    -0.0972   102.4602     8.2385     8.3577    32.4747    32.4560    26.0626    26.0461    8.16052 0.0000e+00
       4007    102.199     0.1012     0.1368   2.725577   2.727118     2.5018     2.3858      8.039     0.0729     1.2232 1.1760e-01    -0.0972   102.4602     8.2393     8.3643    32.4737    32.4562    26.0624    26.0465    8.16303 0.0000e+00
       4010    102.286     0.0955     0.1319   2.725459   2.726699     2.5010     2.3858      8.039     0.0704    -0.5050 1.1773e-01    -0.0972   102.4602     8.2385     8.3701    32.4783    32.4559    26.0663    26.0465    8.16404 0.0000e+00
       4013    102.370     0.0980     0.1357   2.725262   2.726691     2.5006     2.3854      8.039     0.0680    -0.4781 1.1760e-01    -0.0972   102.4602     8.2395     8.3748    32.4729    32.4518    26.0618    26.0430    8.16378 0.0000e+00
       4016    102.453     0.0900     0.1174   2.724431   2.725794     2.4998     2.3850      8.039     0.0655    -0.4781 1.1787e-01    -0.0972   102.4602     8.2430     8.3855    32.4704    32.4593    26.0602    26.0499    8.16566 0.0000e+00
       4019    102.536     0.0788     0.1110   2.723758   2.725383     2.4998     2.3846      8.039     0.0631    -0.4781 1.1773e-01    -0.0969   102.4512     8.2522     8.3937    32.4734    32.4606    26.0632    26.0513    8.16793 0.0000e+00
       4022    102.621     0.0755     0.1055   2.723726   2.724962     2.4994     2.3846      8.039     0.0655    -0.4781 1.1773e-01    -0.0972   102.4602     8.2575     8.4048    32.4765    32.4609    26.0658    26.0518    8.16848 0.0000e+00
       4025    102.706     0.0748     0.0959   2.723431   2.724384     2.4990     2.3846      8.039     0.0680    -0.4691 1.1746e-01    -0.0972   102.4602     8.2631     8.4167    32.4733    32.4634    26.0632    26.0543    8.16881 0.0000e+00
       4028    102.786     0.0855     0.0922   2.724228   2.724081     2.4994     2.3850      8.039     0.0729    -0.4870 1.1787e-01    -0.0972   102.4602     8.2709     8.4272    32.4724    32.4633    26.0621    26.0544    8.16654 0.0000e+00
       4031    102.866     0.1045     0.0888   2.725616   2.723856     2.4990     2.3858      8.037     0.0680    -0.4781 1.1773e-01    -0.0972   102.4602     8.2720     8.4381    32.4704    32.4640    26.0595    26.0551    8.16251 0.0000e+00
       4034    102.941     0.1042     0.0818   2.724995   2.723286     2.4998     2.3858      8.037     0.0680     1.5724 1.1773e-01    -0.0979   102.4783     8.2831     8.4451    32.4625    32.4638    26.0532    26.0553    8.16301 0.0000e+00
       4037    103.014     0.0957     0.0828   2.724982   2.723345     2.5006     2.3871      8.039     0.0729     3.6318 1.1760e-01    -0.0983   102.4874     8.2928     8.4541    32.4714    32.4635    26.0607    26.0550    8.16438 0.0000e+00
       4040    103.086     0.0933     0.0815   2.724569   2.723334     2.5014     2.3883      8.039     0.0729     3.5423 1.1773e-01    -0.0983   102.4874     8.3015     8.4610    32.4684    32.4647    26.0584    26.0560    8.16505 0.0000e+00
       4043    103.157     0.1038     0.0818   2.724976   2.723253     2.5018     2.3887      8.037     0.0729     3.5423 1.1746e-01    -0.0983   102.4874     8.3044     8.4617    32.4625    32.4632    26.0532    26.0548    8.16309 0.0000e+00
       4046    103.229     0.0928     0.0764   2.724096   2.722975     2.5022     2.3887      8.039     0.0729     3.5423 1.1773e-01    -0.0983   102.4874     8.3120     8.4586    32.4627    32.4652    26.0538    26.0567    8.16549 0.0000e+00
       4049    103.298     0.0860     0.0769   2.724023   2.722966     2.5027     2.3895      8.039     0.0729     3.5423 1.1787e-01    -0.0983   102.4874     8.3166     8.4560    32.4688    32.4646    26.0591    26.0561    8.16662 0.0000e+00
       4052    103.368     0.0914     0.0742   2.724028   2.722854     2.5031     2.3895      8.037     0.0753     3.5423 1.1787e-01    -0.0976   102.4693     8.3170     8.4496    32.4631    32.4660    26.0543    26.0573    8.16576 0.0000e+00
       4055    103.437     0.0833     0.0675   2.723583   2.722465     2.5035     2.3895      8.039     0.0753     3.5423 1.1773e-01    -0.0962   102.4331     8.3189     8.4466    32.4659    32.4679    26.0569    26.0593    8.16738 0.0000e+00
       4058    103.501     0.0657     0.0624   2.722372   2.722183     2.5039     2.3895      8.036     0.0729     3.5423 1.1787e-01    -0.0962   102.4331     8.3211     8.4434    32.4686    32.4695    26.0599    26.0608    8.17106 0.0000e+00
       4061    103.562     0.0682     0.0609   2.722722   2.722072     2.5039     2.3895      8.038     0.0729     4.1959 1.1787e-01    -0.0962   102.4331     8.3164     8.4388    32.4705    32.4697    26.0613    26.0610    8.17040 0.0000e+00
       4064    103.617     0.0806     0.0663   2.722875   2.722341     2.5047     2.3899      8.038     0.0778     4.3481 1.1787e-01    -0.0962   102.4331     8.3131     8.4355    32.4593    32.4674    26.0517    26.0589    8.16832 0.0000e+00
       4067    103.659     0.0538     0.0627   2.721192   2.721835     2.5051     2.3895      8.038     0.0778     4.3481 1.1773e-01    -0.0962   102.4331     8.3190     8.4318    32.4656    32.4646    26.0580    26.0568    8.17380 0.0000e+00
       4121    103.683     0.2525     0.1550   2.736276   2.729103     2.5035     2.3875      8.040     0.0851     4.6884 1.1773e-01    -0.0976   102.4693     8.2474     8.3874    32.4529    32.4622    26.0381    26.0504    8.13154 0.0000e+00
       4150    103.711     0.3720     0.2098   2.746376   2.732876     2.5031     2.3867      8.043     0.0826     4.8585 1.1787e-01    -0.0983   102.4874     8.2094     8.3626    32.4587    32.4536    26.0369    26.0409    8.10541 0.0000e+00
       4153    103.746     0.4296     0.1936   2.748318   2.731527     2.5035     2.3867      8.041     0.0851     4.8585 1.1760e-01    -0.0979   102.4783     8.1977     8.3672    32.4232    32.4530    26.0054    26.0412    8.09501 0.0000e+00
       4156    103.783     0.4284     0.1567   2.749454   2.728838     2.5031     2.3867      8.043     0.0826     4.8585 1.1787e-01    -0.0993   102.5145     8.1941     8.3763    32.4393    32.4568    26.0183    26.0461    8.09439 0.0000e+00
       4159    103.821     0.4512     0.1391   2.751545   2.727764     2.5035     2.3858      8.043     0.0826     4.8585 1.1773e-01    -0.0993   102.5145     8.1873     8.3761    32.4424    32.4614    26.0197    26.0506    8.08933 0.0000e+00
       4162    103.859     0.4222     0.1324   2.747537   2.727465     2.5031     2.3858      8.043     0.0851     4.8585 1.1787e-01    -0.0993   102.5145     8.1918     8.3744    32.4209    32.4645    26.0039    26.0534    8.09673 0.0000e+00
