Datasets/AZMP/COO001/79001030.cnv
* Sea-Bird SBE 9 Data File:
* FileName = C:\CTDDATA\79001030.hex
* Software Version Seasave V 7.26.7.110
* Temperature SN = 5660
* Conductivity SN = 3698
* Number of Bytes Per Scan = 30
* Number of Voltage Words = 4
* Number of Scans Averaged by the Deck Unit = 1
* NMEA baud rate = 9600
** VESSEL/TRIP/SEQ STN:  79001030
** LATITUDE XX XX.XX N:  43 38.00 N
** LONGITUDE XX XX.XX W:  50 31.00 W
** SOUNDING DEPTH (M):  0066
** PROBE TYPE: S1257
** CTD NUMBER: 017
** COMMENTS (14 CHAR): SEGB-12
** BOTTLES: 19
** LEVELS: 5,5,5,5,10,20,20,20,20,30,40,50,50,50,50,BTM,BTM,BTM,BTM
** STICKERS: 434802 - 434820
** VNET: Y
** DO2: N
# nquan = 22
# nvalues = 1634                        
# units = specified
# name 0 = scan: Scan Count
# name 1 = prDM: Pressure, Digiquartz [db]
# name 2 = t090C: Temperature [ITS-90, deg C]
# name 3 = t190C: Temperature, 2 [ITS-90, deg C]
# name 4 = c0S/m: Conductivity [S/m]
# name 5 = c1S/m: Conductivity, 2 [S/m]
# name 6 = sbeox0V: Oxygen raw, SBE 43 [V]
# name 7 = sbeox1V: Oxygen raw, SBE 43, 2 [V]
# name 8 = ph: pH
# name 9 = flECO-AFL: Fluorescence, WET Labs ECO-AFL/FL [mg/m^3]
# name 10 = wetCDOM: Fluorescence, WET Labs CDOM [mg/m^3]
# name 11 = par/sat/log: PAR/Logarithmic, Satlantic [umol photons/m^2/sec]
# name 12 = CStarAt0: Beam Attenuation, WET Labs C-Star [1/m]
# name 13 = CStarTr0: Beam Transmission, WET Labs C-Star [%]
# name 14 = sbeox0ML/L: Oxygen, SBE 43 [ml/l], WS = 2
# name 15 = sbeox1ML/L: Oxygen, SBE 43, 2 [ml/l], WS = 2
# name 16 = sal00: Salinity, Practical [PSU]
# name 17 = sal11: Salinity, Practical, 2 [PSU]
# name 18 = sigma-t00: Density [sigma-t, kg/m^3 ]
# name 19 = sigma-t11: Density, 2 [sigma-t, kg/m^3 ]
# name 20 = oxsatML/L: Oxygen Saturation, Weiss [ml/l]
# name 21 = flag: flag
# span 0 =          2,      38973       
# span 1 =      1.699,     60.315       
# span 2 =     3.0748,     6.3028       
# span 3 =     3.0666,     6.3028       
# span 4 =   2.992597,   3.218624       
# span 5 =   2.992561,   3.218837       
# span 6 =     2.7022,     3.0463       
# span 7 =     2.4901,     2.8364       
# span 8 =      8.047,      8.183       
# span 9 =     0.8616,     4.9641       
# span 10 =     0.4243,     2.2798      
# span 11 = 1.0690e-01, 1.2232e+00      
# span 12 =     0.2986,     1.2430      
# span 13 =    73.2888,    92.8061      
# span 14 =     7.3887,     8.0870      
# span 15 =     6.0359,     6.6413      
# span 16 =    32.1700,    32.8479      
# span 17 =    32.2541,    32.8275      
# span 18 =    25.3144,    26.1320      
# span 19 =    25.3464,    26.1173      
# span 20 =    6.99669,    7.54342      
# span 21 = 0.0000e+00, 0.0000e+00      
# interval = scans: 3                   
# start_time = Nov 25 2019 02:57:22 [System UTC, header]
# bad_flag = -9.990e-29
*END*
[from data line 1581]
      32343      5.998     6.2987     6.2927   3.218167   3.217853     3.0105     2.8306      8.181     3.0838     1.2139 1.0752e-01     0.4393    89.5996     7.7275     6.5171    32.2529    32.2551    25.3457    25.3481    6.99736 0.0000e+00
      32346      5.924     6.2985     6.2939   3.218118   3.218038     3.0113     2.8306      8.181     3.1131     1.2139 1.0740e-01     0.4393    89.5996     7.7298     6.5172    32.2525    32.2560    25.3454    25.3487    6.99740 0.0000e+00
      32349      5.867     6.2984     6.2955   3.218150   3.218137     3.0101     2.8306      8.181     3.1082     1.2139 1.0740e-01     0.4408    89.5648     7.7260     6.5173    32.2530    32.2556    25.3458    25.3482    6.99740 0.0000e+00
      32352      5.820     6.2987     6.2958   3.218214   3.218170     3.0105     2.8306      8.181     3.1082     1.3718 1.0740e-01     0.4463    89.4432     7.7273     6.5175    32.2535    32.2557    25.3461    25.3482    6.99733 0.0000e+00
      32450      5.775     6.2963     6.2946   3.217897   3.218015     3.0101     2.8318      8.181     3.2059     1.3323 1.0740e-01     0.4397    89.5909     7.7291     6.5023    32.2522    32.2552    25.3454    25.3480    6.99778 0.0000e+00
      32453      5.708     6.2960     6.2950   3.217902   3.218030     3.0101     2.8318      8.181     3.2059     1.2928 1.0740e-01     0.4377    89.6343     7.7285     6.5018    32.2526    32.2549    25.3457    25.3477    6.99781 0.0000e+00
      32456      5.641     6.2960     6.2948   3.217906   3.218012     3.0101     2.8314      8.181     3.2059     1.2534 1.0727e-01     0.4374    89.6430     7.7281     6.5019    32.2527    32.2550    25.3458    25.3478    6.99781 0.0000e+00
      32459      5.572     6.2959     6.2949   3.217876   3.218014     3.0101     2.8318      8.181     3.2059     1.2139 1.0752e-01     0.4381    89.6256     7.7276     6.5039    32.2525    32.2549    25.3457    25.3477    6.99784 0.0000e+00
      32462      5.506     6.2957     6.2948   3.217910   3.217990     3.0101     2.8314      8.181     3.2059     1.2139 1.0740e-01     0.4377    89.6343     7.7279     6.5035    32.2530    32.2548    25.3462    25.3476    6.99784 0.0000e+00
      32465      5.444     6.2959     6.2949   3.217935   3.218013     3.0097     2.8314      8.181     3.2108     1.2139 1.0740e-01     0.4381    89.6256     7.7260     6.5036    32.2532    32.2550    25.3463    25.3478    6.99781 0.0000e+00
      32468      5.387     6.2963     6.2950   3.217983   3.218018     3.0097     2.8314      8.181     3.2108     1.2139 1.0727e-01     0.4377    89.6343     7.7252     6.5029    32.2534    32.2550    25.3463    25.3478    6.99773 0.0000e+00
      32471      5.336     6.2965     6.2950   3.217994   3.218026     3.0101     2.8318      8.181     3.2108     1.2139 1.0752e-01     0.4439    89.4953     7.7255     6.5027    32.2533    32.2551    25.3462    25.3478    6.99769 0.0000e+00
      32474      5.292     6.2969     6.2952   3.218005   3.218037     3.0093     2.8306      8.181     2.9665     1.2139 1.0740e-01     0.4533    89.2867     7.7222     6.4982    32.2530    32.2551    25.3460    25.3478    6.99764 0.0000e+00
      32477      5.254     6.2971     6.2952   3.218030   3.218043     3.0093     2.8306      8.183     2.9324     1.2139 1.0740e-01     0.4525    89.3041     7.7212     6.4965    32.2532    32.2551    25.3461    25.3479    6.99760 0.0000e+00
      32707      5.217     6.2953     6.2934   3.217828   3.217877     3.0081     2.8286      8.181     2.9763     1.2534 1.0740e-01     0.4498    89.3649     7.7210     6.4990    32.2527    32.2551    25.3459    25.3480    6.99793 0.0000e+00
      33165      5.087     6.2910     6.2896   3.217428   3.217548     3.0052     2.8245      8.181     3.0984     1.3323 1.0752e-01     0.4439    89.4953     7.7207     6.5067    32.2523    32.2550    25.3462    25.3484    6.99865 0.0000e+00
      33168      4.940     6.2909     6.2899   3.217450   3.217582     3.0052     2.8245      8.181     3.0887     1.3323 1.0752e-01     0.4439    89.4953     7.7212     6.5063    32.2528    32.2552    25.3466    25.3486    6.99866 0.0000e+00
      33171      4.800     6.2909     6.2900   3.217474   3.217577     3.0056     2.8253      8.181     3.0984     1.3323 1.0740e-01     0.4439    89.4953     7.7228     6.5076    32.2532    32.2551    25.3468    25.3485    6.99864 0.0000e+00
      33174      4.673     6.2910     6.2902   3.217501   3.217566     3.0060     2.8257      8.181     3.0936     1.3323 1.0740e-01     0.4439    89.4953     7.7245     6.5083    32.2533    32.2549    25.3470    25.3483    6.99860 0.0000e+00
      33177      4.561     6.2915     6.2903   3.217563   3.217584     3.0056     2.8257      8.181     3.0936     1.3323 1.0740e-01     0.4443    89.4866     7.7236     6.5073    32.2537    32.2550    25.3472    25.3484    6.99852 0.0000e+00
      33180      4.462     6.2920     6.2903   3.217567   3.217554     3.0060     2.8257      8.181     3.0545     1.3323 1.0752e-01     0.4451    89.4692     7.7247     6.5066    32.2533    32.2548    25.3468    25.3482    6.99844 0.0000e+00
      33183      4.378     6.2924     6.2899   3.217598   3.217531     3.0060     2.8257      8.181     3.0203     1.3323 1.1709e-01     0.4451    89.4692     7.7251     6.5072    32.2533    32.2549    25.3468    25.3483    6.99838 0.0000e+00
      33186      4.314     6.2928     6.2894   3.217652   3.217441     3.0064     2.8261      8.181     3.0154     1.3323 1.0973e-01     0.4451    89.4692     7.7256     6.5079    32.2536    32.2544    25.3469    25.3480    6.99831 0.0000e+00
      35060      4.272     6.2938     6.2909   3.217706   3.217623     3.0072     2.8265      8.181     3.1033     1.4112 1.0931e-01     0.4443    89.4866     7.7263     6.5022    32.2532    32.2550    25.3465    25.3483    6.99815 0.0000e+00
      38806      4.189     6.2957     6.2950   3.217853   3.217956     3.0101     2.8277      8.181     3.2889     1.4507 1.0752e-01     0.4428    89.5214     7.7332     6.4927    32.2531    32.2549    25.3462    25.3477    6.99785 0.0000e+00
      38809      4.084     6.2958     6.2945   3.217821   3.217964     3.0101     2.8273      8.181     3.2742     1.4507 1.0740e-01     0.4432    89.5127     7.7330     6.4936    32.2527    32.2555    25.3458    25.3482    6.99785 0.0000e+00
      38812      3.981     6.2956     6.2949   3.217831   3.217995     3.0101     2.8269      8.181     3.2596     1.4507 1.0727e-01     0.4428    89.5214     7.7325     6.4947    32.2530    32.2555    25.3461    25.3482    6.99786 0.0000e+00
      38815      3.883     6.2955     6.2954   3.217821   3.218012     3.0101     2.8281      8.181     3.2547     1.4507 1.0740e-01     0.4432    89.5127     7.7320     6.4999    32.2531    32.2552    25.3462    25.3479    6.99788 0.0000e+00
      38818      3.802     6.2955     6.2957   3.217841   3.218008     3.0105     2.8281      8.181     3.2596     1.1744 1.0740e-01     0.4409    89.5648     7.7327     6.5019    32.2533    32.2549    25.3464    25.3477    6.99786 0.0000e+00
      38821      3.724     6.2957     6.2958   3.217842   3.218032     3.0101     2.8273      8.181     3.2547     1.2139 1.0740e-01     0.4346    89.7039     7.7309     6.5005    32.2531    32.2552    25.3462    25.3478    6.99783 0.0000e+00
      38824      3.662     6.2957     6.2956   3.217840   3.218003     3.0105     2.8281      8.181     3.2547     1.2139 1.0752e-01     0.4346    89.7039     7.7317     6.5038    32.2532    32.2551    25.3462    25.3478    6.99783 0.0000e+00
      38827      3.614     6.2958     6.2955   3.217854   3.217971     3.0101     2.8273      8.181     3.2547     1.2139 1.0740e-01     0.4346    89.7039     7.7302     6.5020    32.2532    32.2549    25.3463    25.3477    6.99782 0.0000e+00
      38830      3.583     6.2960     6.2953   3.217859   3.217951     3.0101     2.8277      8.181     3.2645     1.2139 1.0752e-01     0.4346    89.7039     7.7291     6.5037    32.2532    32.2549    25.3462    25.3477    6.99779 0.0000e+00
      38916      3.532     6.2964     6.2954   3.217872   3.217980 -9.990e-29 -9.990e-29      8.181     3.5282     1.0954 1.1630e-01     0.4346    89.7039 -9.990e-29 -9.990e-29    32.2530    32.2551    25.3460    25.3478    6.99774 0.0000e+00
      38919      3.466     6.2963     6.2953   3.217870   3.217982 -9.990e-29 -9.990e-29      8.181     3.5282     1.0954 1.0690e-01     0.4366    89.6604 -9.990e-29 -9.990e-29    32.2531    32.2552    25.3461    25.3479    6.99774 0.0000e+00
      38922      3.399     6.2964     6.2954   3.217858   3.217960 -9.990e-29 -9.990e-29      8.181     3.5185     1.1744 1.1853e-01     0.4404    89.5735 -9.990e-29 -9.990e-29    32.2528    32.2549    25.3458    25.3477    6.99773 0.0000e+00
      38925      3.332     6.2962     6.2954   3.217852   3.217978 -9.990e-29 -9.990e-29      8.181     3.5331     1.2139 1.5478e-01     0.4404    89.5735 -9.990e-29 -9.990e-29    32.2530    32.2552    25.3460    25.3479    6.99776 0.0000e+00
      38928      3.261     6.2962     6.2955   3.217856   3.217970 -9.990e-29 -9.990e-29      8.181     3.5233     1.2139 2.3862e-01     0.4404    89.5735 -9.990e-29 -9.990e-29    32.2531    32.2550    25.3461    25.3477    6.99776 0.0000e+00
      38931      3.181     6.2962     6.2956   3.217827   3.217984 -9.990e-29 -9.990e-29      8.181     3.5331     1.2139 2.9710e-01     0.4404    89.5735 -9.990e-29 -9.990e-29    32.2528    32.2551    25.3459    25.3478    6.99778 0.0000e+00
      38934      3.097     6.2962     6.2955   3.217837   3.217964 -9.990e-29 -9.990e-29      8.181     3.5282     1.2139 5.9225e-01     0.4404    89.5735 -9.990e-29 -9.990e-29    32.2530    32.2550    25.3460    25.3477    6.99776 0.0000e+00
      38937      3.008     6.2962     6.2955   3.217827   3.217978 -9.990e-29 -9.990e-29      8.181     3.5282     1.2139 6.0792e-01     0.4404    89.5735 -9.990e-29 -9.990e-29    32.2529    32.2552    25.3460    25.3479    6.99777 0.0000e+00
      38940      2.915     6.2962     6.2954   3.217804   3.217937 -9.990e-29 -9.990e-29      8.181     3.2889     1.2139 7.6450e-01     0.4428    89.5214 -9.990e-29 -9.990e-29    32.2527    32.2549    25.3458    25.3476    6.99778 0.0000e+00
      38943      2.816     6.2960     6.2952   3.217816   3.217922 -9.990e-29 -9.990e-29      8.181     2.8152     1.2139 4.0076e-01     0.4451    89.4692 -9.990e-29 -9.990e-29    32.2530    32.2550    25.3461    25.3477    6.99780 0.0000e+00
      38946      2.709     6.2958     6.2951   3.217776   3.217928 -9.990e-29 -9.990e-29      8.181     2.8200     1.1744 5.6378e-01     0.4447    89.4779 -9.990e-29 -9.990e-29    32.2529    32.2552    25.3460    25.3479    6.99784 0.0000e+00
      38949      2.596     6.2958     6.2946   3.217763   3.217867 -9.990e-29 -9.990e-29      8.181     2.8249     1.0954 2.5171e-01     0.4447    89.4779 -9.990e-29 -9.990e-29    32.2528    32.2550    25.3459    25.3478    6.99784 0.0000e+00
      38952      2.477     6.2958     6.2941   3.217763   3.217750 -9.990e-29 -9.990e-29      8.181     2.8249     1.0954 3.1940e-01     0.4439    89.4953 -9.990e-29 -9.990e-29    32.2528    32.2542    25.3459    25.3473    6.99784 0.0000e+00
      38955      2.357     6.2957     6.2934   3.217738   3.217730 -9.990e-29 -9.990e-29      8.181     2.8347     1.0954 3.3075e-01     0.4447    89.4779 -9.990e-29 -9.990e-29    32.2527    32.2547    25.3459    25.3478    6.99787 0.0000e+00
      38958      2.232     6.2957     6.2935   3.217731   3.217762 -9.990e-29 -9.990e-29      8.181     2.8298     1.0954 2.3692e-01     0.4447    89.4779 -9.990e-29 -9.990e-29    32.2527    32.2551    25.3458    25.3480    6.99786 0.0000e+00
      38961      2.102     6.2955     6.2935   3.217728   3.217760 -9.990e-29 -9.990e-29      8.181     2.8249     1.0954 2.4918e-01     0.4385    89.6169 -9.990e-29 -9.990e-29    32.2529    32.2552    25.3461    25.3481    6.99788 0.0000e+00
      38964      1.974     6.2955     6.2932   3.217730   3.217708 -9.990e-29 -9.990e-29      8.181     2.8298     1.0954 4.1773e-01     0.4370    89.6517 -9.990e-29 -9.990e-29    32.2530    32.2549    25.3461    25.3479    6.99788 0.0000e+00
      38967      1.850     6.2955     6.2932   3.217695   3.217726 -9.990e-29 -9.990e-29      8.181     2.9422     1.0954 4.0790e-01     0.4374    89.6430 -9.990e-29 -9.990e-29    32.2527    32.2551    25.3459    25.3481    6.99790 0.0000e+00
      38970      1.748     6.2951     6.2930   3.217656   3.217710 -9.990e-29 -9.990e-29      8.181     3.0252     1.0954 7.5450e-01     0.4370    89.6517 -9.990e-29 -9.990e-29    32.2526    32.2552    25.3459    25.3482    6.99796 0.0000e+00
      38973      1.699     6.2951     6.2931   3.217668   3.217713 -9.990e-29 -9.990e-29      8.181     3.0301     1.0954 1.2232e+00     0.4370    89.6517 -9.990e-29 -9.990e-29    32.2528    32.2552    25.3460    25.3482    6.99795 0.0000e+00
