Datasets/AZMP/COO001/79001079.cnv
* Sea-Bird SBE 9 Data File:
* FileName = C:\CTDDATA\79001079.hex
* Software Version Seasave V 7.26.7.110
* Temperature SN = 5660
* Conductivity SN = 3698
* Number of Bytes Per Scan = 30
* Number of Voltage Words = 4
* Number of Scans Averaged by the Deck Unit = 1
* NMEA baud rate = 9600
** VESSEL/TRIP/SEQ STN:  79001079
** LATITUDE XX XX.XX N:  48 10.51 N
** LONGITUDE XX XX.XX W:  53 37.73 W
** SOUNDING DEPTH (M):  0214
** PROBE TYPE: S1257
** CTD NUMBER: 046
** COMMENTS (14 CHAR): SS-07
** BOTTLES:  0
** LEVELS:
** STICKERS:
** VNET: N
** DO2: N
# nquan = 22
# nvalues = 6412                        
# units = specified
# name 0 = scan: Scan Count
# name 1 = prDM: Pressure, Digiquartz [db]
# name 2 = t090C: Temperature [ITS-90, deg C]
# name 3 = t190C: Temperature, 2 [ITS-90, deg C]
# name 4 = c0S/m: Conductivity [S/m]
# name 5 = c1S/m: Conductivity, 2 [S/m]
# name 6 = sbeox0V: Oxygen raw, SBE 43 [V]
# name 7 = sbeox1V: Oxygen raw, SBE 43, 2 [V]
# name 8 = ph: pH
# name 9 = flECO-AFL: Fluorescence, WET Labs ECO-AFL/FL [mg/m^3]
# name 10 = wetCDOM: Fluorescence, WET Labs CDOM [mg/m^3]
# name 11 = par/sat/log: PAR/Logarithmic, Satlantic [umol photons/m^2/sec]
# name 12 = CStarAt0: Beam Attenuation, WET Labs C-Star [1/m]
# name 13 = CStarTr0: Beam Transmission, WET Labs C-Star [%]
# name 14 = sbeox0ML/L: Oxygen, SBE 43 [ml/l], WS = 2
# name 15 = sbeox1ML/L: Oxygen, SBE 43, 2 [ml/l], WS = 2
# name 16 = sal00: Salinity, Practical [PSU]
# name 17 = sal11: Salinity, Practical, 2 [PSU]
# name 18 = sigma-t00: Density [sigma-t, kg/m^3 ]
# name 19 = sigma-t11: Density, 2 [sigma-t, kg/m^3 ]
# name 20 = oxsatML/L: Oxygen Saturation, Weiss [ml/l]
# name 21 = flag: flag
# span 0 =        195,      21378       
# span 1 =      1.708,    202.747       
# span 2 =     0.2102,     3.4944       
# span 3 =     0.2092,     3.4878       
# span 4 =   2.766097,   2.932344       
# span 5 =   2.766098,   2.932538       
# span 6 =     2.3888,     2.7499       
# span 7 =     2.3554,     2.7121       
# span 8 =      8.037,      8.179       
# span 9 =     0.0215,     1.4378       
# span 10 =     1.4507,     3.2668      
# span 11 = 1.0752e-01, 9.8051e+01      
# span 12 =     0.0800,     0.7775      
# span 13 =    82.3349,    98.0200      
# span 14 =     6.7907,     7.5994      
# span 15 =     7.3359,     7.9261      
# span 16 =    31.2536,    32.9336      
# span 17 =    31.2581,    32.9365      
# span 18 =    24.8566,    26.4279      
# span 19 =    24.8602,    26.4303      
# span 20 =    7.53567,    8.11394      
# span 21 = 0.0000e+00, 0.0000e+00      
# interval = scans: 3                   
# start_time = Dec 01 2019 16:47:08 [System UTC, header]
# bad_flag = -9.990e-29
*END*
[from data line 2042]
       6485    118.860     2.0693     2.0384   2.863799   2.863429     2.6236     2.5890      8.141     0.0850     2.0429 1.0790e-01     0.0906    97.7593     7.3460     7.6036    32.1874    32.2141    25.7137    25.7374    7.76904 0.0000e+00
       6488    118.942     2.0539     2.0364   2.863155   2.863252     2.6228     2.5866      8.141     0.0850     2.0429 1.0790e-01     0.0906    97.7593     7.3474     7.5951    32.1949    32.2139    25.7209    25.7373    7.77170 0.0000e+00
       6491    119.037     2.0432     2.0334   2.862858   2.863101     2.6220     2.5853      8.141     0.0752     2.0429 1.0790e-01     0.0906    97.7593     7.3497     7.5933    32.2020    32.2150    25.7274    25.7384    7.77347 0.0000e+00
       6494    119.130     2.0355     2.0297   2.862547   2.862778     2.6204     2.5833      8.138     0.0850     2.0429 1.0790e-01     0.0906    97.7593     7.3474     7.5897    32.2059    32.2147    25.7310    25.7385    7.77480 0.0000e+00
       6497    119.217     2.0297     2.0260   2.862337   2.862573     2.6187     2.5817      8.138     0.0948     2.0429 1.0790e-01     0.0949    97.6550     7.3447     7.5867    32.2092    32.2159    25.7341    25.7397    7.77579 0.0000e+00
       6500    119.297     2.0267     2.0229   2.862343   2.862343     2.6191     2.5800      8.136     0.0996     1.9245 1.0790e-01     0.0960    97.6289     7.3492     7.5869    32.2122    32.2161    25.7367    25.7401    7.77622 0.0000e+00
       6503    119.380     2.0232     2.0189   2.861827   2.862087     2.6167     2.5792      8.136     0.0996     1.9245 1.0790e-01     0.0960    97.6289     7.3455     7.5928    32.2093    32.2170    25.7347    25.7411    7.77707 0.0000e+00
       6506    119.467     2.0166     2.0099   2.861280   2.861084     2.6159     2.5776      8.136     0.0996     1.9245 1.0790e-01     0.0960    97.6289     7.3462     7.5996    32.2093    32.2136    25.7351    25.7390    7.77840 0.0000e+00
       6509    119.555     2.0104     1.9713   2.861006   2.857833     2.6155     2.5764      8.137     0.0996     1.9245 1.0790e-01     0.0956    97.6376     7.3470     7.6138    32.2121    32.2124    25.7378    25.7409    7.77949 0.0000e+00
       6512    119.644     2.0038     1.9078   2.860090   2.853292     2.6138     2.5760      8.137     0.1045     1.9245 1.0790e-01     0.0960    97.6289     7.3441     7.6351    32.2073    32.2205    25.7345    25.7518    7.78105 0.0000e+00
       6515    119.729     1.9742     1.8330   2.855284   2.847940     2.6142     2.5752      8.137     0.0996     1.9245 1.0790e-01     0.0956    97.6376     7.3554     7.6572    32.1777    32.2299    25.7128    25.7646    7.78854 0.0000e+00
       6518    119.815     1.9150     1.7608   2.850132   2.844532     2.6118     2.5731      8.137     0.0996     1.9245 1.0790e-01     0.0945    97.6637     7.3609     7.6722    32.1737    32.2610    25.7139    25.7946    7.80060 0.0000e+00
       6521    119.900     1.8564     1.7322   2.846983   2.843492     2.6110     2.5727      8.137     0.0996     1.9245 1.0790e-01     0.0938    97.6811     7.3700     7.6822    32.1940    32.2771    25.7342    25.8095    7.81129 0.0000e+00
       6524    119.986     1.8017     1.7180   2.843789   2.842495     2.6110     2.5719      8.137     0.0752     1.9245 1.0790e-01     0.0938    97.6811     7.3818     7.6860    32.2098    32.2792    25.7507    25.8121    7.82147 0.0000e+00
       6527    120.075     1.7593     1.6897   2.842380   2.839784     2.6102     2.5715      8.138     0.0703     2.0429 1.0790e-01     0.0942    97.6724     7.3890     7.6946    32.2355    32.2741    25.7742    25.8100    7.82868 0.0000e+00
       6530    120.168     1.7260     1.6146   2.840328   2.834241     2.6094     2.5707      8.136     0.0606     2.0429 1.0790e-01     0.0945    97.6637     7.3920     7.7102    32.2438    32.2815    25.7832    25.8210    7.83497 0.0000e+00
       6533    120.253     1.6821     1.5363   2.836063   2.830149     2.6069     2.5694      8.135     0.0654     2.0429 1.0790e-01     0.0938    97.6811     7.3948     7.7239    32.2351    32.3103    25.7792    25.8493    7.84430 0.0000e+00
       6536    120.335     1.6207     1.4897   2.831398   2.827967     2.6077     2.5686      8.133     0.0703     2.0429 1.0790e-01     0.0960    97.6289     7.4128     7.7340    32.2394    32.3307    25.7868    25.8687    7.85654 0.0000e+00
       6539    120.420     1.5601     1.4624   2.828470   2.826605     2.6061     2.5686      8.134     0.0703     2.0429 1.0790e-01     0.0981    97.5768     7.4209     7.7434    32.2647    32.3416    25.8111    25.8792    7.86753 0.0000e+00
       6542    120.509     1.5125     1.4398   2.826560   2.825219     2.6053     2.5674      8.134     0.0703     2.0429 1.0790e-01     0.0981    97.5768     7.4284     7.7477    32.2894    32.3473    25.8341    25.8854    7.87590 0.0000e+00
       6545    120.601     1.4741     1.4235   2.824761   2.824346     2.6045     2.5666      8.132     0.0654     2.0429 1.0790e-01     0.0981    97.5768     7.4335     7.7491    32.3062    32.3531    25.8501    25.8910    7.88285 0.0000e+00
       6548    120.690     1.4453     1.4131   2.823906   2.823785     2.6041     2.5654      8.129     0.0703     2.0429 1.0790e-01     0.0981    97.5768     7.4391     7.7498    32.3250    32.3567    25.8670    25.8946    7.88774 0.0000e+00
       6551    120.778     1.4271     1.4053   2.823435   2.823256     2.6029     2.5650      8.129     0.0703     2.0429 1.0790e-01     0.0981    97.5768     7.4428     7.7518    32.3377    32.3580    25.8785    25.8961    7.89079 0.0000e+00
       6554    120.864     1.4144     1.3942   2.822930   2.822465     2.6024     2.5642      8.129     0.0703     2.0429 1.0790e-01     0.0981    97.5768     7.4471     7.7562    32.3444    32.3593    25.8846    25.8979    7.89303 0.0000e+00
       6557    120.951     1.4049     1.3852   2.822561   2.821891     2.6020     2.5642      8.129     0.0654     2.0429 1.0790e-01     0.1035    97.4464     7.4494     7.7609    32.3495    32.3613    25.8893    25.9001    7.89471 0.0000e+00
       6560    121.040     1.3965     1.3789   2.821951   2.821637     2.6020     2.5633      8.126     0.0703     2.0429 1.0790e-01     0.1060    97.3856     7.4533     7.7602    32.3503    32.3646    25.8905    25.9032    7.89638 0.0000e+00
       6563    121.130     1.3888     1.3755   2.821615   2.821397     2.6004     2.5629      8.125     0.0703     2.0429 1.0790e-01     0.1063    97.3769     7.4523     7.7603    32.3540    32.3650    25.8940    25.9037    7.89776 0.0000e+00
       6566    121.219     1.3830     1.3692   2.821363   2.820909     2.5996     2.5621      8.125     0.0703     2.0429 1.0790e-01     0.1060    97.3856     7.4527     7.7627    32.3568    32.3653    25.8966    25.9043    7.89881 0.0000e+00
       6569    121.306     1.3793     1.3604   2.821249   2.820359     2.5992     2.5617      8.125     0.0703     2.0429 1.0790e-01     0.1060    97.3856     7.4529     7.7664    32.3591    32.3674    25.8987    25.9066    7.89945 0.0000e+00
       6572    121.400     1.3736     1.3535   2.820672   2.819939     2.5992     2.5609      8.125     0.0703     2.0429 1.0790e-01     0.1060    97.3856     7.4565     7.7662    32.3577    32.3692    25.8979    25.9084    7.90070 0.0000e+00
       6575    121.491     1.3672     1.3449   2.820331   2.819463     2.5996     2.5605      8.125     0.0703     2.0429 1.0790e-01     0.1060    97.3856     7.4617     7.7683    32.3599    32.3719    25.9001    25.9112    7.90189 0.0000e+00
       6578    121.584     1.3624     1.3417   2.820125   2.819332     2.5980     2.5601      8.123     0.0557     2.0429 1.0790e-01     0.1060    97.3856     7.4573     7.7676    32.3622    32.3736    25.9022    25.9127    7.90274 0.0000e+00
       6581    121.674     1.3556     1.3370   2.819386   2.819007     2.5975     2.5593      8.123     0.0557     2.0429 1.0790e-01     0.1063    97.3769     7.4589     7.7665    32.3599    32.3743    25.9008    25.9136    7.90428 0.0000e+00
       6584    121.764     1.3427     1.3332   2.818255   2.818783     2.5975     2.5584      8.122     0.0508     2.0429 1.0790e-01     0.1060    97.3856     7.4641     7.7672    32.3587    32.3753    25.9007    25.9147    7.90697 0.0000e+00
       6587    121.852     1.3310     1.3294   2.817805   2.818457     2.5971     2.5580      8.120     0.0557     2.0429 1.0790e-01     0.1056    97.3943     7.4673     7.7674    32.3651    32.3751    25.9066    25.9147    7.90904 0.0000e+00
       6590    121.942     1.3248     1.3221   2.817841   2.818028     2.5963     2.5580      8.120     0.0557     2.0429 1.0790e-01     0.1060    97.3856     7.4648     7.7711    32.3719    32.3771    25.9124    25.9168    7.90995 0.0000e+00
       6593    122.033     1.3227     1.3173   2.817895   2.817754     2.5959     2.5576      8.120     0.0557     2.0429 1.0790e-01     0.1067    97.3682     7.4625     7.7737    32.3747    32.3785    25.9148    25.9182    7.91023 0.0000e+00
       6596    122.126     1.3210     1.3149   2.817771   2.817703     2.5959     2.5568      8.120     0.0557     2.0429 1.0790e-01     0.1063    97.3769     7.4626     7.7734    32.3748    32.3803    25.9150    25.9199    7.91057 0.0000e+00
       6599    122.215     1.3194     1.3156   2.817736   2.817806     2.5959     2.5568      8.120     0.0557     2.0429 1.0790e-01     0.1067    97.3682     7.4641     7.7738    32.3760    32.3808    25.9161    25.9202    7.91085 0.0000e+00
       6602    122.307     1.3177     1.3151   2.817565   2.817668     2.5947     2.5556      8.120     0.0606     2.0429 1.0790e-01     0.1067    97.3682     7.4626     7.7695    32.3755    32.3796    25.9158    25.9192    7.91122 0.0000e+00
       6605    122.395     1.3154     1.3108   2.817390   2.817430     2.5947     2.5556      8.120     0.0703     1.9245 1.0790e-01     0.1067    97.3682     7.4624     7.7706    32.3757    32.3809    25.9161    25.9206    7.91169 0.0000e+00
       6608    122.485     1.3126     1.3097   2.817160   2.817461     2.5947     2.5552      8.120     0.0703     1.9245 1.0790e-01     0.1067    97.3682     7.4635     7.7707    32.3756    32.3824    25.9162    25.9218    7.91227 0.0000e+00
       6611    122.579     1.3096     1.3118   2.817037   2.817567     2.5939     2.5544      8.118     0.0703     1.9245 1.0790e-01     0.1067    97.3682     7.4603     7.7681    32.3770    32.3816    25.9176    25.9211    7.91280 0.0000e+00
       6614    122.668     1.3075     1.3105   2.816960   2.817432     2.5931     2.5544      8.117     0.0703     1.9245 1.0790e-01     0.1067    97.3682     7.4592     7.7688    32.3783    32.3811    25.9187    25.9208    7.91318 0.0000e+00
       6617    122.759     1.3061     1.3093   2.816919   2.817373     2.5927     2.5544      8.117     0.0703     1.9245 1.0790e-01     0.1074    97.3509     7.4587     7.7710    32.3791    32.3816    25.9194    25.9212    7.91341 0.0000e+00
       6620    122.851     1.3050     1.3059   2.816870   2.817159     2.5927     2.5532      8.117     0.0703     1.9245 1.0790e-01     0.1078    97.3422     7.4573     7.7693    32.3796    32.3823    25.9199    25.9220    7.91362 0.0000e+00
       6623    122.946     1.3040     1.3035   2.816894   2.817097     2.5923     2.5528      8.117     0.0752     1.9245 1.0790e-01     0.1078    97.3422     7.4570     7.7715    32.3808    32.3839    25.9209    25.9235    7.91375 0.0000e+00
       6626    123.038     1.3036     1.3037   2.816916   2.817169     2.5927     2.5519      8.115     0.0703     1.9245 1.0790e-01     0.1078    97.3422     7.4610     7.7722    32.3815    32.3846    25.9215    25.9240    7.91381 0.0000e+00
       6629    123.132     1.3029     1.3036   2.816818   2.817124     2.5910     2.5519      8.117     0.0557     1.9245 1.0790e-01     0.1078    97.3422     7.4552     7.7728    32.3809    32.3841    25.9211    25.9236    7.91397 0.0000e+00
       6632    123.228     1.3022     1.3034   2.816858   2.817151     2.5914     2.5519      8.115     0.0557     2.0429 1.0790e-01     0.1078    97.3422     7.4563     7.7751    32.3822    32.3846    25.9221    25.9240    7.91406 0.0000e+00
       6635    123.322     1.3027     1.3046   2.816980   2.817239     2.5902     2.5519      8.115     0.0508     2.0429 1.0790e-01     0.1078    97.3422     7.4535     7.7763    32.3830    32.3844    25.9228    25.9238    7.91390 0.0000e+00
       6638    123.418     1.3035     1.3049   2.816992   2.817249     2.5914     2.5507      8.115     0.0557     2.0429 1.0790e-01     0.1095    97.2987     7.4578     7.7750    32.3823    32.3842    25.9222    25.9236    7.91377 0.0000e+00
       6641    123.515     1.3037     1.3047   2.816983   2.817246     2.5902     2.5507      8.115     0.0508     2.0429 1.0790e-01     0.1099    97.2900     7.4532     7.7790    32.3820    32.3842    25.9219    25.9236    7.91375 0.0000e+00
       6644    123.609     1.3030     1.3046   2.816879   2.817258     2.5890     2.5507      8.115     0.0557     2.0429 1.0790e-01     0.1099    97.2900     7.4493     7.7813    32.3814    32.3845    25.9214    25.9239    7.91394 0.0000e+00
       6647    123.707     1.3019     1.3046   2.816856   2.817268     2.5898     2.5507      8.115     0.0557     2.0429 1.0790e-01     0.1099    97.2900     7.4528     7.7830    32.3821    32.3846    25.9221    25.9239    7.91412 0.0000e+00
       6650    123.802     1.3010     1.3045   2.816837   2.817285     2.5902     2.5503      8.115     0.0557     2.0429 1.0790e-01     0.1099    97.2900     7.4531     7.7809    32.3827    32.3848    25.9227    25.9241    7.91427 0.0000e+00
       6653    123.899     1.3013     1.3040   2.816961   2.817260     2.5886     2.5495      8.115     0.0508     2.0429 1.0790e-01     0.1099    97.2900     7.4480     7.7759    32.3840    32.3849    25.9236    25.9242    7.91414 0.0000e+00
       6656    123.997     1.3023     1.3031   2.817049   2.817219     2.5878     2.5495      8.115     0.0557     2.0429 1.0790e-01     0.1099    97.2900     7.4465     7.7767    32.3840    32.3853    25.9236    25.9246    7.91393 0.0000e+00
       6659    124.094     1.3026     1.3023   2.817048   2.817219     2.5886     2.5491      8.115     0.0557     2.0429 1.0790e-01     0.1078    97.3422     7.4481     7.7761    32.3836    32.3862    25.9233    25.9253    7.91390 0.0000e+00
       6662    124.191     1.3022     1.3017   2.817023   2.817191     2.5874     2.5495      8.115     0.0557     2.0429 1.0790e-01     0.1078    97.3422     7.4423     7.7777    32.3837    32.3863    25.9233    25.9254    7.91397 0.0000e+00
       6665    124.289     1.3022     1.2996   2.817074   2.817086     2.5882     2.5487      8.115     0.0557     2.0429 1.0790e-01     0.1074    97.3509     7.4463     7.7728    32.3843    32.3871    25.9239    25.9262    7.91395 0.0000e+00
       6668    124.386     1.3020     1.2968   2.817056   2.816921     2.5870     2.5483      8.115     0.0557     2.0429 1.0790e-01     0.1078    97.3422     7.4417     7.7700    32.3842    32.3878    25.9237    25.9270    7.91398 0.0000e+00
       6671    124.485     1.3010     1.2943   2.816942   2.816850     2.5870     2.5483      8.115     0.0557     2.0429 1.0790e-01     0.1078    97.3422     7.4416     7.7707    32.3837    32.3895    25.9234    25.9286    7.91421 0.0000e+00
       6674    124.585     1.2987     1.2932   2.816832   2.816821     2.5853     2.5475      8.115     0.0557     2.0429 1.0790e-01     0.1078    97.3422     7.4391     7.7701    32.3846    32.3902    25.9243    25.9292    7.91464 0.0000e+00
