Datasets/AZMP/COO001/79001116.cnv
* Sea-Bird SBE 9 Data File:
* FileName = C:\CTDDATA\79001116.hex
* Software Version Seasave V 7.26.7.110
* Temperature SN = 5660
* Conductivity SN = 3698
* Number of Bytes Per Scan = 30
* Number of Voltage Words = 4
* Number of Scans Averaged by the Deck Unit = 1
* NMEA baud rate = 9600
** VESSEL/TRIP/SEQ STN:  79001116
** LATITUDE XX XX.XX N:  47 00.00 N
** LONGITUDE XX XX.XX W:  48 07.00 W
** SOUNDING DEPTH (M):  0135
** PROBE TYPE: S1257
** CTD NUMBER: 076
** COMMENTS (14 CHAR): FC-12
** BOTTLES:  19
** LEVELS: 5,5,5,5,10,20,20,20,20,30,40,50,50,50,75,100,100,100,BTM
** STICKERS: 435557 - 435575
** VNET: Y
** DO2: N
# nquan = 22
# nvalues = 3873                        
# units = specified
# name 0 = scan: Scan Count
# name 1 = prDM: Pressure, Digiquartz [db]
# name 2 = t090C: Temperature [ITS-90, deg C]
# name 3 = t190C: Temperature, 2 [ITS-90, deg C]
# name 4 = c0S/m: Conductivity [S/m]
# name 5 = c1S/m: Conductivity, 2 [S/m]
# name 6 = sbeox0V: Oxygen raw, SBE 43 [V]
# name 7 = sbeox1V: Oxygen raw, SBE 43, 2 [V]
# name 8 = ph: pH
# name 9 = flECO-AFL: Fluorescence, WET Labs ECO-AFL/FL [mg/m^3]
# name 10 = wetCDOM: Fluorescence, WET Labs CDOM [mg/m^3]
# name 11 = par/sat/log: PAR/Logarithmic, Satlantic [umol photons/m^2/sec]
# name 12 = CStarAt0: Beam Attenuation, WET Labs C-Star [1/m]
# name 13 = CStarTr0: Beam Transmission, WET Labs C-Star [%]
# name 14 = sbeox0ML/L: Oxygen, SBE 43 [ml/l], WS = 2
# name 15 = sbeox1ML/L: Oxygen, SBE 43, 2 [ml/l], WS = 2
# name 16 = sal00: Salinity, Practical [PSU]
# name 17 = sal11: Salinity, Practical, 2 [PSU]
# name 18 = sigma-t00: Density [sigma-t, kg/m^3 ]
# name 19 = sigma-t11: Density, 2 [sigma-t, kg/m^3 ]
# name 20 = oxsatML/L: Oxygen Saturation, Weiss [ml/l]
# name 21 = flag: flag
# span 0 =         23,      51594       
# span 1 =      1.107,    130.555       
# span 2 =    -0.7244,     3.6295       
# span 3 =    -0.7280,     3.6467       
# span 4 =   2.692392,   3.005613       
# span 5 =   2.692745,   3.006970       
# span 6 =     2.3958,     2.7763       
# span 7 =     2.3683,     2.7485       
# span 8 =      8.032,      8.154       
# span 9 =     0.0117,     1.0325       
# span 10 =    -0.7206,     2.0429      
# span 11 = 1.0703e-01, 1.0720e+00      
# span 12 =     0.0535,     0.1282      
# span 13 =    96.8469,    98.6717      
# span 14 =     6.3167,     8.0067      
# span 15 =     7.3065,     8.1877      
# span 16 =    32.3956,    33.4187      
# span 17 =    32.3986,    33.3995      
# span 18 =    25.7523,    26.8356      
# span 19 =    25.7516,    26.8204      
# span 20 =    7.45800,    8.31902      
# span 21 = 0.0000e+00, 0.0000e+00      
# interval = scans: 3                   
# start_time = Dec 07 2019 00:21:46 [System UTC, header]
# bad_flag = -9.990e-29
*END*
[from data line 2173]
      12601     99.645     0.1307     0.3037   2.787584   2.802261     2.4622     2.4166      8.062     0.0264     1.9245 1.0815e-01     0.0704    98.2546     7.2015     7.4844    33.2584    33.2637    26.6939    26.6892    8.11306 0.0000e+00
      12738     99.607     0.0456     0.2252   2.781761   2.795891     2.4598     2.4203      8.060     0.0313     1.8455 1.0802e-01     0.0807    98.0026     7.1879     7.4692    33.2742    33.2652    26.7109    26.6946    8.13058 0.0000e+00
      12741     99.562     0.0462     0.2197   2.781736   2.795189     2.4606     2.4203      8.062     0.0313     1.9245 1.0790e-01     0.0811    97.9939     7.1883     7.4705    33.2732    33.2620    26.7100    26.6922    8.13049 0.0000e+00
      12744     99.522     0.0462     0.2109   2.781721   2.794750     2.4606     2.4203      8.062     0.0264     1.9245 1.0790e-01     0.0807    98.0026     7.1855     7.4728    33.2731    33.2657    26.7099    26.6957    8.13051 0.0000e+00
      12747     99.481     0.0463     0.2067   2.781871   2.794699     2.4598     2.4199      8.060     0.0264     1.9245 1.0802e-01     0.0807    98.0026     7.1800     7.4772    33.2749    33.2697    26.7114    26.6991    8.13037 0.0000e+00
      12750     99.445     0.0490     0.2078   2.782593   2.794963     2.4582     2.4195      8.060     0.0313     1.9245 1.0802e-01     0.0804    98.0113     7.1691     7.4839    33.2816    33.2719    26.7166    26.7009    8.12942 0.0000e+00
      12753     99.413     0.0565     0.2106   2.783421   2.795063     2.4594     2.4191      8.060     0.0264     1.9245 1.0815e-01     0.0779    98.0721     7.1702     7.4908    33.2843    33.2703    26.7185    26.6994    8.12765 0.0000e+00
      12756     99.382     0.0630     0.2095   2.783821   2.794626     2.4578     2.4187      8.062     0.0215     1.9245 1.0790e-01     0.0779    98.0721     7.1604     7.5001    33.2826    33.2658    26.7168    26.6958    8.12635 0.0000e+00
      12759     99.355     0.0670     0.2022   2.783952   2.794082     2.4569     2.4178      8.060     0.0313     1.9245 1.0790e-01     0.0779    98.0721     7.1521     7.5111    33.2800    33.2665    26.7145    26.6968    8.12563 0.0000e+00
      12953     99.335     0.1711     0.1739   2.791601   2.789786     2.4561     2.4284      8.066     0.0313     1.8455 1.0802e-01     0.0697    98.2720     7.1762     7.5768    33.2677    33.2408    26.6993    26.6775    8.10390 0.0000e+00
      13616     99.300     0.3459     0.3779   2.804714   2.808910     2.4753     2.4472      8.075     0.0410     1.8060 1.0815e-01     0.0672    98.3328     7.2046     7.5690    33.2504    33.2706    26.6763    26.6909    8.06737 0.0000e+00
      13619     99.230     0.3384     0.3721   2.804255   2.806768     2.4761     2.4472      8.076     0.0410     1.8060 1.0802e-01     0.0672    98.3328     7.2099     7.5700    33.2525    33.2490    26.6784    26.6737    8.06886 0.0000e+00
      13622     99.165     0.3295     0.3464   2.803075   2.804689     2.4757     2.4472      8.076     0.0459     1.8060 1.0802e-01     0.0672    98.3328     7.2132     7.5782    33.2467    33.2496    26.6742    26.6756    8.07107 0.0000e+00
      13625     99.103     0.3201     0.3330   2.802744   2.804137     2.4753     2.4468      8.074     0.0410     1.8060 1.0802e-01     0.0669    98.3415     7.2167     7.5808    33.2526    33.2569    26.6794    26.6822    8.07275 0.0000e+00
      13628     99.048     0.3153     0.3279   2.802773   2.803659     2.4757     2.4472      8.076     0.0410     1.7271 1.0802e-01     0.0672    98.3328     7.2208     7.5815    33.2582    33.2562    26.6842    26.6819    8.07348 0.0000e+00
      13631     99.000     0.3111     0.3194   2.802415   2.803158     2.4761     2.4472      8.073     0.0459     1.6876 1.0802e-01     0.0672    98.3328     7.2228     7.5851    33.2581    33.2588    26.6844    26.6845    8.07438 0.0000e+00
      13634     98.964     0.3069     0.3209   2.802214   2.805157     2.4757     2.4472      8.074     0.0410     1.6876 1.0815e-01     0.0672    98.3328     7.2231     7.5820    33.2600    33.2833    26.6861    26.7042    8.07517 0.0000e+00
      13760     98.909     0.3680     0.3955   2.807318   2.810457     2.4786     2.4464      8.075     0.0410     1.7665 1.0815e-01     0.0665    98.3502     7.2177     7.5456    33.2607    33.2721    26.6834    26.6911    8.06209 0.0000e+00
      13824     98.789     0.3978     0.4292   2.809777   2.812729     2.4790     2.4460      8.075     0.0459     1.8060 1.0815e-01     0.0655    98.3762     7.2103     7.5327    33.2607    33.2654    26.6818    26.6839    8.05573 0.0000e+00
      13827     98.672     0.3985     0.4322   2.810096   2.812681     2.4798     2.4460      8.075     0.0410     1.8060 1.0815e-01     0.0658    98.3676     7.2118     7.5357    33.2642    33.2616    26.6846    26.6806    8.05540 0.0000e+00
      13830     98.563     0.3998     0.4274   2.810047   2.811916     2.4790     2.4460      8.075     0.0361     1.8060 1.0827e-01     0.0651    98.3849     7.2079     7.5426    33.2622    33.2569    26.6830    26.6771    8.05522 0.0000e+00
      13833     98.463     0.4000     0.4203   2.809974   2.811655     2.4790     2.4460      8.075     0.0410     1.8060 1.0802e-01     0.0651    98.3849     7.2072     7.5501    33.2612    33.2611    26.6821    26.6810    8.05525 0.0000e+00
      13836     98.375     0.3998     0.4205   2.809898   2.811600     2.4790     2.4464      8.075     0.0410     1.8060 1.0827e-01     0.0651    98.3849     7.2046     7.5566    33.2605    33.2603    26.6815    26.6803    8.05533 0.0000e+00
      13839     98.295     0.4008     0.4182   2.810316   2.811479     2.4790     2.4464      8.075     0.0410     1.8060 1.0815e-01     0.0655    98.3762     7.2023     7.5618    33.2648    33.2613    26.6850    26.6812    8.05488 0.0000e+00
      13842     98.228     0.4028     0.4186   2.810406   2.811811     2.4802     2.4460      8.075     0.0410     1.8060 1.0815e-01     0.0655    98.3762     7.2073     7.5654    33.2639    33.2651    26.6842    26.6843    8.05451 0.0000e+00
      13845     98.175     0.4038     0.4292   2.810155   2.813667     2.4790     2.4468      8.075     0.0459     1.8060 1.0815e-01     0.0651    98.3849     7.2028     7.5671    33.2596    33.2780    26.6806    26.6941    8.05453 0.0000e+00
      13848     98.134     0.4016     0.4458   2.809862   2.814248     2.4790     2.4468      8.075     0.0410     1.8060 1.0815e-01     0.0651    98.3849     7.2043     7.5645    33.2581    33.2677    26.6795    26.6848    8.05507 0.0000e+00
      16352     98.088     0.4021     0.4206   2.810370   2.811946     2.4799     2.4489      8.077     0.0313     1.7271 1.0815e-01     0.0658    98.3676     7.2121     7.5836    33.2643    33.2649    26.6845    26.6840    8.05463 0.0000e+00
      17605     97.994     0.4042     0.4038   2.810777   2.810854     2.4795     2.4497      8.078     0.0264     1.6876 1.0815e-01     0.0662    98.3589     7.2114     7.5912    33.2674    33.2688    26.6869    26.6880    8.05402 0.0000e+00
      17608     97.901     0.4054     0.4104   2.811039   2.812174     2.4791     2.4497      8.077     0.0264     1.7665 1.0815e-01     0.0662    98.3589     7.2079     7.5884    33.2695    33.2789    26.6885    26.6958    8.05363 0.0000e+00
      17611     97.812     0.4066     0.4305   2.811084   2.813822     2.4799     2.4506      8.075     0.0264     1.8060 1.0802e-01     0.0662    98.3589     7.2095     7.5844    33.2689    33.2788    26.6879    26.6947    8.05341 0.0000e+00
      17614     97.729     0.4074     0.4396   2.811072   2.813714     2.4799     2.4501      8.078     0.0313     1.8060 1.0802e-01     0.0662    98.3589     7.2108     7.5787    33.2680    33.2676    26.6871    26.6851    8.05331 0.0000e+00
      17617     97.654     0.4084     0.4376   2.811293   2.813665     2.4803     2.4501      8.080     0.0264     1.8060 1.0790e-01     0.0662    98.3589     7.2103     7.5758    33.2698    33.2692    26.6886    26.6865    8.05299 0.0000e+00
      17620     97.584     0.4097     0.4406   2.811334   2.814005     2.4791     2.4501      8.080     0.0264     1.8060 1.0802e-01     0.0651    98.3849     7.2035     7.5729    33.2690    33.2704    26.6878    26.6873    8.05275 0.0000e+00
      17623     97.520     0.4105     0.4380   2.811321   2.813375     2.4791     2.4510      8.077     0.0264     1.8060 1.0815e-01     0.0641    98.4110     7.2021     7.5788    33.2680    33.2651    26.6870    26.6832    8.05265 0.0000e+00
      17626     97.461     0.4118     0.4343   2.811496   2.813111     2.4791     2.4510      8.080     0.0410     1.8060 1.0790e-01     0.0651    98.3849     7.2030     7.5803    33.2688    33.2657    26.6876    26.6838    8.05231 0.0000e+00
      17629     97.409     0.4129     0.4344   2.811510   2.813452     2.4795     2.4510      8.080     0.0410     1.8060 1.0815e-01     0.0648    98.3936     7.2052     7.5790    33.2679    33.2701    26.6868    26.6873    8.05213 0.0000e+00
      17632     97.362     0.4138     0.4359   2.811576   2.813500     2.4795     2.4510      8.080     0.0410     1.7665 1.0802e-01     0.0644    98.4023     7.2039     7.5782    33.2678    33.2690    26.6866    26.6864    8.05194 0.0000e+00
      17635     97.321     0.4175     0.4365   2.812224   2.813537     2.4795     2.4510      8.080     0.0410     1.6876 1.0802e-01     0.0651    98.3849     7.2045     7.5763    33.2723    33.2689    26.6901    26.6863    8.05091 0.0000e+00
      17638     97.287     0.4246     0.4371   2.813069   2.813567     2.4799     2.4510      8.080     0.0410     1.6876 1.0802e-01     0.0648    98.3936     7.2052     7.5736    33.2756    33.2687    26.6924    26.6861    8.04922 0.0000e+00
      17717     97.249     0.4186     0.4330   2.811709   2.813177     2.4807     2.4518      8.078     0.0410     1.7665 1.0790e-01     0.0655    98.3763     7.2140     7.5706    33.2644    33.2680    26.6837    26.6858    8.05111 0.0000e+00
      17757     97.210     0.4101     0.4306   2.811102   2.813079     2.4815     2.4522      8.078     0.0264     1.8060 1.0790e-01     0.0662    98.3589     7.2198     7.5710    33.2657    33.2693    26.6852    26.6870    8.05285 0.0000e+00
      17760     97.166     0.4105     0.4330   2.811243   2.813585     2.4815     2.4522      8.078     0.0264     1.8060 1.0802e-01     0.0665    98.3502     7.2208     7.5733    33.2672    33.2735    26.6863    26.6902    8.05269 0.0000e+00
      17763     97.120     0.4107     0.4415   2.811234   2.814201     2.4811     2.4526      8.078     0.0264     1.7665 1.0802e-01     0.0672    98.3328     7.2178     7.5756    33.2668    33.2723    26.6860    26.6887    8.05265 0.0000e+00
      17766     97.072     0.4112     0.4493   2.811310   2.814404     2.4815     2.4522      8.078     0.0264     1.6876 1.0802e-01     0.0676    98.3241     7.2178     7.5747    33.2673    33.2665    26.6864    26.6837    8.05252 0.0000e+00
      17769     97.026     0.4119     0.4497   2.811372   2.814272     2.4815     2.4522      8.078     0.0264     1.6876 1.0815e-01     0.0672    98.3328     7.2195     7.5762    33.2674    33.2644    26.6864    26.6820    8.05237 0.0000e+00
      17772     96.976     0.4129     0.4504   2.811566   2.814512     2.4815     2.4522      8.078     0.0264     1.6876 1.0815e-01     0.0672    98.3328     7.2181     7.5770    33.2688    33.2668    26.6875    26.6839    8.05208 0.0000e+00
      17775     96.921     0.4147     0.4523   2.811899   2.814609     2.4815     2.4522      8.078     0.0264     1.6876 1.0802e-01     0.0672    98.3328     7.2153     7.5771    33.2714    33.2661    26.6894    26.6832    8.05157 0.0000e+00
      17778     96.865     0.4186     0.4518   2.812416   2.814537     2.4815     2.4530      8.078     0.0264     1.6876 1.0790e-01     0.0676    98.3241     7.2148     7.5802    33.2739    33.2657    26.6913    26.6829    8.05060 0.0000e+00
      17781     96.804     0.4230     0.4512   2.813090   2.814370     2.4827     2.4534      8.078     0.0264     1.6876 1.0815e-01     0.0669    98.3415     7.2200     7.5814    33.2779    33.2643    26.6943    26.6818    8.04943 0.0000e+00
      17784     96.742     0.4291     0.4489   2.813498   2.814019     2.4815     2.4534      8.078     0.0264     1.6876 1.0802e-01     0.0651    98.3849     7.2170     7.5809    33.2768    33.2621    26.6930    26.6802    8.04821 0.0000e+00
      17787     96.676     0.4312     0.4455   2.812801   2.813694     2.4811     2.4534      8.080     0.0264     1.6876 1.0790e-01     0.0651    98.3849     7.2151     7.5810    33.2654    33.2616    26.6838    26.6800    8.04837 0.0000e+00
      17790     96.606     0.4300     0.4422   2.812507   2.813528     2.4811     2.4534      8.078     0.0264     1.6876 1.0802e-01     0.0651    98.3849     7.2158     7.5801    33.2629    33.2631    26.6819    26.6813    8.04877 0.0000e+00
      17793     96.534     0.4287     0.4425   2.812599   2.813949     2.4823     2.4534      8.078     0.0264     1.6876 1.0802e-01     0.0651    98.3849     7.2210     7.5773    33.2655    33.2682    26.6840    26.6855    8.04890 0.0000e+00
      17796     96.457     0.4281     0.4478   2.812552   2.814279     2.4815     2.4534      8.078     0.0313     1.6876 1.0815e-01     0.0651    98.3849     7.2205     7.5745    33.2656    33.2669    26.6841    26.6841    8.04903 0.0000e+00
      17799     96.377     0.4269     0.4501   2.812210   2.814344     2.4815     2.4534      8.077     0.0264     1.6876 1.0815e-01     0.0651    98.3849     7.2229     7.5704    33.2625    33.2653    26.6816    26.6827    8.04945 0.0000e+00
      17802     96.295     0.4248     0.4512   2.812115   2.814371     2.4827     2.4534      8.078     0.0215     1.6876 1.0802e-01     0.0655    98.3762     7.2269     7.5674    33.2636    33.2645    26.6827    26.6820    8.04984 0.0000e+00
      17805     96.207     0.4236     0.4528   2.812085   2.814539     2.4827     2.4534      8.077     0.0264     1.6876 1.0790e-01     0.0644    98.4023     7.2281     7.5672    33.2645    33.2651    26.6835    26.6824    8.05004 0.0000e+00
      17808     96.117     0.4228     0.4549   2.812084   2.814718     2.4836     2.4534      8.075     0.0313     1.6876 1.0802e-01     0.0651    98.3849     7.2336     7.5698    33.2654    33.2652    26.6842    26.6823    8.05016 0.0000e+00
      17811     96.023     0.4227     0.4587   2.812095   2.815585     2.4819     2.4534      8.080     0.0264     1.6876 1.0802e-01     0.0651    98.3849     7.2267     7.5716    33.2657    33.2725    26.6845    26.6880    8.05017 0.0000e+00
      17814     95.924     0.4241     0.4763   2.812491   2.817228     2.4827     2.4534      8.077     0.0264     1.6876 1.0790e-01     0.0648    98.3936     7.2285     7.5701    33.2695    33.2749    26.6875    26.6890    8.04967 0.0000e+00
      17817     95.822     0.4267     0.4778   2.812609   2.816200     2.4831     2.4534      8.078     0.0313     1.6876 1.0790e-01     0.0651    98.3849     7.2309     7.5726    33.2683    33.2600    26.6863    26.6769    8.04919 0.0000e+00
      17820     95.722     0.4282     0.4733   2.812540   2.815807     2.4840     2.4538      8.080     0.0264     1.6876 1.0790e-01     0.0651    98.3849     7.2331     7.5765    33.2658    33.2597    26.6843    26.6769    8.04900 0.0000e+00
      17823     95.625     0.4278     0.4662   2.812428   2.815324     2.4840     2.4534      8.080     0.0264     1.6876 1.0815e-01     0.0651    98.3849     7.2320     7.5774    33.2648    33.2611    26.6835    26.6784    8.04913 0.0000e+00
      17826     95.522     0.4288     0.4671   2.812802   2.815696     2.4823     2.4534      8.080     0.0264     1.6876 1.0815e-01     0.0651    98.3849     7.2236     7.5774    33.2686    33.2650    26.6865    26.6816    8.04870 0.0000e+00
