Datasets/AZMP/COO001/79001069.cnv
* Sea-Bird SBE 9 Data File:
* FileName = C:\CTDDATA\79001069.hex
* Software Version Seasave V 7.26.7.110
* Temperature SN = 5660
* Conductivity SN = 3698
* Number of Bytes Per Scan = 30
* Number of Voltage Words = 4
* Number of Scans Averaged by the Deck Unit = 1
* NMEA baud rate = 9600
** VESSEL/TRIP/SEQ STN:  79001069
** LATITUDE XX XX.XX N:  48 08.30 N
** LONGITUDE XX XX.XX W:  53 09.70 W
** SOUNDING DEPTH (M):  0335
** PROBE TYPE: S1257
** CTD NUMBER: 036
** COMMENTS (14 CHAR): TB-03
** BOTTLES:  20
** LEVELS: 5,5,5,5,10,10,10,20,20,20,20,30,40,50,75,100,100,100,150,BTM
** STICKERS: 435155 - 435174
** VNET: Y
** DO2: N
# nquan = 22
# nvalues = 8288                        
# units = specified
# name 0 = scan: Scan Count
# name 1 = prDM: Pressure, Digiquartz [db]
# name 2 = t090C: Temperature [ITS-90, deg C]
# name 3 = t190C: Temperature, 2 [ITS-90, deg C]
# name 4 = c0S/m: Conductivity [S/m]
# name 5 = c1S/m: Conductivity, 2 [S/m]
# name 6 = sbeox0V: Oxygen raw, SBE 43 [V]
# name 7 = sbeox1V: Oxygen raw, SBE 43, 2 [V]
# name 8 = ph: pH
# name 9 = flECO-AFL: Fluorescence, WET Labs ECO-AFL/FL [mg/m^3]
# name 10 = wetCDOM: Fluorescence, WET Labs CDOM [mg/m^3]
# name 11 = par/sat/log: PAR/Logarithmic, Satlantic [umol photons/m^2/sec]
# name 12 = CStarAt0: Beam Attenuation, WET Labs C-Star [1/m]
# name 13 = CStarTr0: Beam Transmission, WET Labs C-Star [%]
# name 14 = sbeox0ML/L: Oxygen, SBE 43 [ml/l], WS = 2
# name 15 = sbeox1ML/L: Oxygen, SBE 43, 2 [ml/l], WS = 2
# name 16 = sal00: Salinity, Practical [PSU]
# name 17 = sal11: Salinity, Practical, 2 [PSU]
# name 18 = sigma-t00: Density [sigma-t, kg/m^3 ]
# name 19 = sigma-t11: Density, 2 [sigma-t, kg/m^3 ]
# name 20 = oxsatML/L: Oxygen Saturation, Weiss [ml/l]
# name 21 = flag: flag
# span 0 =         59,      73876       
# span 1 =      1.346,    332.736       
# span 2 =    -0.7811,     4.0052       
# span 3 =    -0.7819,     4.0220       
# span 4 =   2.675976,   3.001723       
# span 5 =   2.675732,   3.001538       
# span 6 =     2.0645,     2.7712       
# span 7 =     2.0348,     2.7261       
# span 8 =      7.935,      8.168       
# span 9 =     0.0068,     0.7394       
# span 10 =    -1.8655,   482.1870      
# span 11 = 1.0679e-01, 1.0237e+00      
# span 12 =     0.0609,     0.3185      
# span 13 =    92.3456,    98.4892      
# span 14 =     5.6233,     8.0085      
# span 15 =     5.8638,     8.3134      
# span 16 =    31.5529,    34.1297      
# span 17 =    31.5568,    34.0983      
# span 18 =    25.0447,    27.2987      
# span 19 =    25.0460,    27.2711      
# span 20 =    7.43049,    8.34255      
# span 21 = 0.0000e+00, 0.0000e+00      
# interval = scans: 3                   
# start_time = Nov 30 2019 23:53:02 [System UTC, header]
# bad_flag = -9.990e-29
*END*
[from data line 6058]
      27866    170.194    -0.7652    -0.7597   2.676552   2.676148     2.4729     2.4276      8.046     0.0264     1.9245 1.0790e-01     0.0662    98.3589     7.5617     7.8830    32.7104    32.6990    26.2897    26.2803    8.34153 0.0000e+00
      27869    170.090    -0.7650    -0.7599   2.676562   2.676134     2.4737     2.4289      8.046     0.0264     1.9245 1.0790e-01     0.0662    98.3589     7.5653     7.8888    32.7104    32.6990    26.2897    26.2804    8.34149 0.0000e+00
      27872    169.985    -0.7651    -0.7599   2.676529   2.676132     2.4729     2.4289      8.046     0.0264     1.9245 1.0790e-01     0.0662    98.3589     7.5610     7.8875    32.7100    32.6991    26.2894    26.2804    8.34151 0.0000e+00
      27875    169.882    -0.7648    -0.7598   2.676486   2.676095     2.4733     2.4289      8.048     0.0264     1.9245 1.0790e-01     0.0662    98.3589     7.5628     7.8849    32.7092    32.6985    26.2888    26.2799    8.34149 0.0000e+00
      27878    169.781    -0.7646    -0.7596   2.676430   2.676108     2.4733     2.4289      8.046     0.0313     1.9245 1.0790e-01     0.0662    98.3589     7.5620     7.8865    32.7084    32.6986    26.2881    26.2800    8.34151 0.0000e+00
      27881    169.683    -0.7639    -0.7597   2.676399   2.676091     2.4733     2.4289      8.046     0.0264     1.9245 1.0790e-01     0.0662    98.3589     7.5629     7.8866    32.7072    32.6985    26.2871    26.2799    8.34142 0.0000e+00
      27884    169.586    -0.7635    -0.7597   2.676365   2.676103     2.4741     2.4297      8.046     0.0215     1.9245 1.0790e-01     0.0662    98.3589     7.5657     7.8907    32.7064    32.6987    26.2865    26.2801    8.34138 0.0000e+00
      27887    169.487    -0.7632    -0.7595   2.676359   2.676088     2.4741     2.4293      8.046     0.0264     1.9245 1.0790e-01     0.0662    98.3589     7.5673     7.8886    32.7060    32.6984    26.2861    26.2798    8.34132 0.0000e+00
      27890    169.388    -0.7628    -0.7597   2.676310   2.676064     2.4745     2.4297      8.046     0.0313     1.9245 1.0790e-01     0.0662    98.3589     7.5675     7.8881    32.7050    32.6983    26.2853    26.2797    8.34129 0.0000e+00
      27893    169.290    -0.7626    -0.7596   2.676271   2.676063     2.4745     2.4301      8.046     0.0215     1.9245 1.0790e-01     0.0662    98.3589     7.5674     7.8885    32.7043    32.6983    26.2847    26.2797    8.34128 0.0000e+00
      27896    169.192    -0.7622    -0.7596   2.676266   2.676047     2.4745     2.4301      8.046     0.0215     1.9640 1.0790e-01     0.0658    98.3676     7.5683     7.8888    32.7039    32.6982    26.2843    26.2796    8.34122 0.0000e+00
      27899    169.096    -0.7620    -0.7600   2.676274   2.675951     2.4745     2.4301      8.046     0.0264     2.0429 1.0790e-01     0.0658    98.3676     7.5673     7.8884    32.7038    32.6973    26.2843    26.2790    8.34118 0.0000e+00
      27902    169.001    -0.7621    -0.7606   2.676240   2.675774     2.4741     2.4309      8.046     0.0215     2.0429 1.0790e-01     0.0662    98.3589     7.5643     7.8916    32.7035    32.6956    26.2840    26.2776    8.34121 0.0000e+00
      27905    168.910    -0.7617    -0.7610   2.676234   2.675732     2.4757     2.4309      8.046     0.0264     2.0429 1.0790e-01     0.0662    98.3589     7.5679     7.8915    32.7031    32.6956    26.2837    26.2776    8.34116 0.0000e+00
      27908    168.817    -0.7616    -0.7607   2.676213   2.675745     2.4753     2.4313      8.046     0.0264     2.0429 1.0790e-01     0.0655    98.3762     7.5655     7.8921    32.7027    32.6955    26.2834    26.2775    8.34114 0.0000e+00
      27911    168.726    -0.7614    -0.7602   2.676215   2.675761     2.4761     2.4313      8.046     0.0264     2.0429 1.0790e-01     0.0655    98.3762     7.5675     7.8927    32.7026    32.6951    26.2833    26.2772    8.34111 0.0000e+00
      27914    168.640    -0.7614    -0.7597   2.676259   2.675785     2.4749     2.4313      8.046     0.0264     2.0429 1.0790e-01     0.0651    98.3849     7.5640     7.8938    32.7032    32.6950    26.2838    26.2770    8.34107 0.0000e+00
      27917    168.554    -0.7611    -0.7589   2.676293   2.675804     2.4761     2.4317      8.046     0.0264     2.0429 1.0790e-01     0.0651    98.3849     7.5684     7.8978    32.7035    32.6945    26.2840    26.2766    8.34100 0.0000e+00
      27920    168.469    -0.7611    -0.7582   2.676311   2.675802     2.4757     2.4313      8.046     0.0264     2.0429 1.0790e-01     0.0651    98.3849     7.5653     7.8948    32.7037    32.6938    26.2842    26.2760    8.34098 0.0000e+00
      27923    168.386    -0.7610    -0.7577   2.676304   2.675801     2.4757     2.4317      8.046     0.0264     2.0429 1.0790e-01     0.0655    98.3762     7.5641     7.8958    32.7036    32.6932    26.2841    26.2756    8.34097 0.0000e+00
      27926    168.306    -0.7610    -0.7575   2.676300   2.675816     2.4753     2.4321      8.046     0.0264     2.0429 1.0790e-01     0.0651    98.3849     7.5614     7.8967    32.7035    32.6932    26.2840    26.2756    8.34096 0.0000e+00
      27929    168.227    -0.7609    -0.7572   2.676274   2.675790     2.4757     2.4325      8.046     0.0264     2.0429 1.0790e-01     0.0651    98.3849     7.5621     7.8976    32.7032    32.6927    26.2837    26.2751    8.34097 0.0000e+00
      27932    168.149    -0.7609    -0.7572   2.676237   2.675801     2.4765     2.4325      8.046     0.0264     2.0429 1.0790e-01     0.0651    98.3849     7.5661     7.8972    32.7028    32.6929    26.2834    26.2752    8.34100 0.0000e+00
      27935    168.073    -0.7607    -0.7573   2.676193   2.675800     2.4757     2.4329      8.046     0.0264     2.0429 1.0790e-01     0.0651    98.3849     7.5641     7.8977    32.7020    32.6930    26.2828    26.2754    8.34100 0.0000e+00
      27938    168.002    -0.7607    -0.7573   2.676176   2.675774     2.4769     2.4337      8.046     0.0264     2.0429 1.0790e-01     0.0651    98.3849     7.5698     7.8986    32.7018    32.6927    26.2826    26.2751    8.34101 0.0000e+00
      27941    167.930    -0.7606    -0.7572   2.676192   2.675759     2.4765     2.4338      8.046     0.0264     2.0429 1.0790e-01     0.0651    98.3849     7.5677     7.8960    32.7019    32.6924    26.2827    26.2749    8.34097 0.0000e+00
      27944    167.856    -0.7607    -0.7571   2.676163   2.675772     2.4761     2.4329      8.046     0.0264     2.0429 1.0790e-01     0.0651    98.3849     7.5680     7.8909    32.7016    32.6925    26.2825    26.2749    8.34100 0.0000e+00
      27947    167.782    -0.7606    -0.7572   2.676172   2.675750     2.4761     2.4338      8.046     0.0264     2.0429 1.0790e-01     0.0648    98.3936     7.5695     7.8929    32.7017    32.6923    26.2826    26.2748    8.34099 0.0000e+00
      27950    167.709    -0.7604    -0.7570   2.676156   2.675761     2.4769     2.4338      8.046     0.0264     2.0429 1.0790e-01     0.0641    98.4110     7.5735     7.8913    32.7013    32.6923    26.2822    26.2748    8.34096 0.0000e+00
      27953    167.639    -0.7601    -0.7568   2.676152   2.675798     2.4769     2.4338      8.046     0.0264     2.0429 1.0790e-01     0.0641    98.4110     7.5730     7.8870    32.7010    32.6927    26.2819    26.2751    8.34092 0.0000e+00
      27956    167.570    -0.7600    -0.7559   2.676150   2.675844     2.4769     2.4338      8.046     0.0215     2.0429 1.0790e-01     0.0641    98.4110     7.5721     7.8848    32.7009    32.6924    26.2818    26.2748    8.34089 0.0000e+00
      27959    167.501    -0.7601    -0.7545   2.676187   2.675918     2.4774     2.4338      8.046     0.0264     2.0429 1.0790e-01     0.0641    98.4110     7.5744     7.8823    32.7015    32.6918    26.2824    26.2743    8.34087 0.0000e+00
      27962    167.432    -0.7600    -0.7530   2.676185   2.675950     2.4769     2.4338      8.046     0.0215     2.0429 1.0790e-01     0.0641    98.4110     7.5742     7.8827    32.7014    32.6907    26.2823    26.2734    8.34086 0.0000e+00
      27965    167.362    -0.7600    -0.7519   2.676157   2.676006     2.4778     2.4338      8.046     0.0264     2.0429 1.0790e-01     0.0641    98.4110     7.5789     7.8841    32.7011    32.6903    26.2820    26.2730    8.34089 0.0000e+00
      27968    167.290    -0.7600    -0.7517   2.676149   2.676013     2.4778     2.4346      8.046     0.0264     2.0429 1.0790e-01     0.0672    98.3328     7.5787     7.8869    32.7011    32.6903    26.2820    26.2730    8.34089 0.0000e+00
      27971    167.216    -0.7601    -0.7515   2.676118   2.676037     2.4782     2.4350      8.046     0.0264     2.0429 1.0790e-01     0.0683    98.3067     7.5790     7.8876    32.7008    32.6904    26.2818    26.2731    8.34092 0.0000e+00
      27974    167.140    -0.7601    -0.7512   2.676100   2.676027     2.4782     2.4346      8.046     0.0215     2.0034 1.0790e-01     0.0683    98.3067     7.5786     7.8896    32.7006    32.6900    26.2816    26.2727    8.34094 0.0000e+00
      27977    167.065    -0.7602    -0.7511   2.676082   2.676028     2.4782     2.4342      8.046     0.0313     1.9245 1.0790e-01     0.0683    98.3067     7.5786     7.8910    32.7006    32.6900    26.2816    26.2727    8.34097 0.0000e+00
      27980    166.993    -0.7601    -0.7510   2.676049   2.676037     2.4778     2.4346      8.046     0.0264     1.9245 1.0790e-01     0.0683    98.3067     7.5755     7.8944    32.7000    32.6899    26.2811    26.2727    8.34097 0.0000e+00
      27983    166.920    -0.7602    -0.7505   2.676015   2.676076     2.4790     2.4350      8.046     0.0264     1.9245 1.0790e-01     0.0683    98.3067     7.5791     7.8966    32.6996    32.6900    26.2809    26.2726    8.34100 0.0000e+00
      27986    166.846    -0.7601    -0.7497   2.676007   2.676124     2.4790     2.4350      8.046     0.0215     1.9245 1.0790e-01     0.0687    98.2980     7.5793     7.8960    32.6996    32.6898    26.2808    26.2725    8.34100 0.0000e+00
      27989    166.770    -0.7601    -0.7487   2.675984   2.676173     2.4790     2.4350      8.046     0.0313     1.9245 1.0790e-01     0.0665    98.3502     7.5778     7.8942    32.6993    32.6894    26.2805    26.2722    8.34102 0.0000e+00
      27992    166.690    -0.7601    -0.7481   2.675976   2.676195     2.4790     2.4350      8.046     0.0264     1.9245 1.0790e-01     0.0662    98.3589     7.5781     7.8923    32.6992    32.6892    26.2805    26.2719    8.34101 0.0000e+00
      27995    166.607    -0.7599    -0.7474   2.675984   2.676220     2.4790     2.4354      8.046     0.0166     1.9245 1.0790e-01     0.0662    98.3589     7.5783     7.8964    32.6991    32.6888    26.2804    26.2716    8.34097 0.0000e+00
      27998    166.524    -0.7600    -0.7471   2.676008   2.676230     2.4794     2.4362      8.046     0.0264     1.9245 1.0790e-01     0.0662    98.3589     7.5817     7.9022    32.6996    32.6886    26.2808    26.2714    8.34096 0.0000e+00
      28001    166.441    -0.7599    -0.7469   2.676023   2.676251     2.4794     2.4362      8.046     0.0264     1.9640 1.0790e-01     0.0662    98.3589     7.5808     7.9020    32.6998    32.6888    26.2809    26.2715    8.34094 0.0000e+00
      28004    166.365    -0.7596    -0.7462   2.676048   2.676276     2.4790     2.4362      8.046     0.0264     2.0429 1.0790e-01     0.0662    98.3589     7.5778     7.9019    32.6998    32.6884    26.2810    26.2712    8.34087 0.0000e+00
      28007    166.283    -0.7595    -0.7456   2.676029   2.676326     2.4798     2.4362      8.046     0.0313     2.0429 1.0790e-01     0.0665    98.3502     7.5811     7.9014    32.6995    32.6885    26.2807    26.2713    8.34086 0.0000e+00
      28010    166.206    -0.7593    -0.7443   2.676000   2.676420     2.4798     2.4362      8.046     0.0264     2.0429 1.0790e-01     0.0672    98.3328     7.5815     7.9007    32.6989    32.6884    26.2802    26.2711    8.34085 0.0000e+00
      28013    166.125    -0.7592    -0.7429   2.675994   2.676514     2.4798     2.4362      8.046     0.0264     2.0429 1.0790e-01     0.0672    98.3328     7.5806     7.8997    32.6988    32.6881    26.2801    26.2709    8.34084 0.0000e+00
      28016    166.042    -0.7590    -0.7412   2.676030   2.676567     2.4806     2.4362      8.046     0.0264     2.0429 1.0790e-01     0.0672    98.3328     7.5854     7.8984    32.6991    32.6871    26.2804    26.2700    8.34078 0.0000e+00
      28019    165.960    -0.7585    -0.7390   2.676075   2.676719     2.4802     2.4370      8.046     0.0215     2.0429 1.0790e-01     0.0669    98.3415     7.5822     7.8998    32.6992    32.6868    26.2804    26.2697    8.34065 0.0000e+00
      28022    165.878    -0.7581    -0.7370   2.676064   2.676862     2.4810     2.4370      8.046     0.0215     2.0429 1.0790e-01     0.0669    98.3415     7.5838     7.9012    32.6987    32.6866    26.2800    26.2694    8.34060 0.0000e+00
      28025    165.798    -0.7585    -0.7341   2.676055   2.677027     2.4802     2.4374      8.046     0.0215     2.0429 1.0790e-01     0.0672    98.3328     7.5823     7.9050    32.6990    32.6858    26.2803    26.2687    8.34066 0.0000e+00
      28028    165.719    -0.7588    -0.7314   2.676058   2.677219     2.4806     2.4374      8.046     0.0264     2.0429 1.0790e-01     0.0672    98.3328     7.5851     7.9075    32.6995    32.6854    26.2807    26.2683    8.34071 0.0000e+00
      28031    165.642    -0.7591    -0.7285   2.676034   2.677440     2.4814     2.4374      8.046     0.0264     2.0429 1.0790e-01     0.0669    98.3415     7.5888     7.9075    32.6995    32.6853    26.2807    26.2681    8.34077 0.0000e+00
      28034    165.565    -0.7588    -0.7249   2.676008   2.677680     2.4806     2.4374      8.046     0.0313     2.0429 1.0790e-01     0.0672    98.3328     7.5874     7.9093    32.6989    32.6848    26.2802    26.2675    8.34074 0.0000e+00
      28037    165.488    -0.7581    -0.7207   2.676010   2.677980     2.4806     2.4378      8.046     0.0264     2.0429 1.0790e-01     0.0669    98.3415     7.5873     7.9113    32.6982    32.6842    26.2796    26.2669    8.34062 0.0000e+00
      28040    165.410    -0.7577    -0.7174   2.676012   2.678143     2.4823     2.4378      8.046     0.0361     2.0429 1.0790e-01     0.0669    98.3415     7.5931     7.9112    32.6978    32.6829    26.2793    26.2657    8.34055 0.0000e+00
      28043    165.330    -0.7573    -0.7130   2.676011   2.678409     2.4802     2.4386      8.046     0.0410     2.0429 1.0790e-01     0.0669    98.3415     7.5872     7.9131    32.6975    32.6818    26.2789    26.2647    8.34048 0.0000e+00
      28046    165.252    -0.7563    -0.7085   2.676019   2.678593     2.4810     2.4386      8.046     0.0410     2.0429 1.0790e-01     0.0669    98.3415     7.5913     7.9140    32.6965    32.6795    26.2782    26.2626    8.34031 0.0000e+00
      28049    165.173    -0.7553    -0.7059   2.676025   2.678695     2.4827     2.4390      8.046     0.0410     2.0429 1.0790e-01     0.0672    98.3328     7.5988     7.9177    32.6955    32.6780    26.2774    26.2613    8.34014 0.0000e+00
      28052    165.098    -0.7542    -0.7045   2.676003   2.678768     2.4827     2.4390      8.046     0.0410     2.0429 1.0790e-01     0.0672    98.3328     7.5981     7.9191    32.6941    32.6776    26.2762    26.2609    8.33997 0.0000e+00
      28055    165.022    -0.7535    -0.7028   2.676025   2.678846     2.4827     2.4390      8.046     0.0410     2.0429 1.0790e-01     0.0672    98.3328     7.5988     7.9187    32.6937    32.6768    26.2758    26.2603    8.33984 0.0000e+00
      28058    164.944    -0.7523    -0.7007   2.676079   2.678967     2.4831     2.4399      8.046     0.0410     2.0429 1.0790e-01     0.0665    98.3502     7.6010     7.9214    32.6932    32.6761    26.2753    26.2597    8.33960 0.0000e+00
