Datasets/AZMP/COO001/79001124.cnv
* Sea-Bird SBE 9 Data File:
* FileName = C:\CTDDATA\79001124.hex
* Software Version Seasave V 7.26.7.110
* Temperature SN = 5660
* Conductivity SN = 3698
* Number of Bytes Per Scan = 30
* Number of Voltage Words = 4
* Number of Scans Averaged by the Deck Unit = 1
* NMEA baud rate = 9600
** VESSEL/TRIP/SEQ STN:  79001124
** LATITUDE XX XX.XX N:  47 00.00 N
** LONGITUDE XX XX.XX W:  52 42.30 W
** SOUNDING DEPTH (M):  0192
** PROBE TYPE: S1257
** CTD NUMBER: 084
** COMMENTS (14 CHAR): FC-02
** BOTTLES:  12
** LEVELS: 5,5,10,20,20,30,40,50,75,100,150,BTM
** STICKERS: 435664 - 435675
** VNET: Y
** DO2: N
# nquan = 22
# nvalues = 5332                        
# units = specified
# name 0 = scan: Scan Count
# name 1 = prDM: Pressure, Digiquartz [db]
# name 2 = t090C: Temperature [ITS-90, deg C]
# name 3 = t190C: Temperature, 2 [ITS-90, deg C]
# name 4 = c0S/m: Conductivity [S/m]
# name 5 = c1S/m: Conductivity, 2 [S/m]
# name 6 = sbeox0V: Oxygen raw, SBE 43 [V]
# name 7 = sbeox1V: Oxygen raw, SBE 43, 2 [V]
# name 8 = ph: pH
# name 9 = flECO-AFL: Fluorescence, WET Labs ECO-AFL/FL [mg/m^3]
# name 10 = wetCDOM: Fluorescence, WET Labs CDOM [mg/m^3]
# name 11 = par/sat/log: PAR/Logarithmic, Satlantic [umol photons/m^2/sec]
# name 12 = CStarAt0: Beam Attenuation, WET Labs C-Star [1/m]
# name 13 = CStarTr0: Beam Transmission, WET Labs C-Star [%]
# name 14 = sbeox0ML/L: Oxygen, SBE 43 [ml/l], WS = 2
# name 15 = sbeox1ML/L: Oxygen, SBE 43, 2 [ml/l], WS = 2
# name 16 = sal00: Salinity, Practical [PSU]
# name 17 = sal11: Salinity, Practical, 2 [PSU]
# name 18 = sigma-t00: Density [sigma-t, kg/m^3 ]
# name 19 = sigma-t11: Density, 2 [sigma-t, kg/m^3 ]
# name 20 = oxsatML/L: Oxygen Saturation, Weiss [ml/l]
# name 21 = flag: flag
# span 0 =         73,      49925       
# span 1 =      1.294,    182.339       
# span 2 =    -0.9135,     2.3933       
# span 3 =    -0.9158,     2.3928       
# span 4 =   2.662345,   2.884894       
# span 5 =   2.661470,   2.885046       
# span 6 =     2.3470,     2.7574       
# span 7 =     2.3197,     2.7289       
# span 8 =      8.039,      8.175       
# span 9 =     0.0068,     1.1985       
# span 10 =     0.9770,     2.1614      
# span 11 = 1.0617e-01, 5.1210e-01      
# span 12 =     0.0563,     0.1584      
# span 13 =    96.1169,    98.6022      
# span 14 =     6.9480,     7.8022      
# span 15 =     7.2845,     8.1816      
# span 16 =    32.1725,    33.2427      
# span 17 =    32.1756,    33.2405      
# span 18 =    25.6785,    26.7018      
# span 19 =    25.6804,    26.6993      
# span 20 =    7.70565,    8.37332      
# span 21 = 0.0000e+00, 0.0000e+00      
# interval = scans: 3                   
# start_time = Dec 08 2019 20:38:11 [System UTC, header]
# bad_flag = -9.990e-29
*END*
         73      2.927     2.3815     2.3801   2.883217   2.883260     2.5625     2.7257      8.169     0.8567     1.8850 1.1154e-01     0.1555    96.1864     7.0584     8.1179    32.1738    32.1757    25.6795    25.6812    7.70799 0.0000e+00
         92      3.026     2.3812     2.3803   2.883172   2.883298     2.5629     2.7253      8.167     0.8665     1.9245 1.0827e-01     0.1573    96.1430     7.0586     8.1209    32.1735    32.1759    25.6792    25.6813    7.70807 0.0000e+00
         95      3.050     2.3812     2.3804   2.883189   2.883316     2.5637     2.7253      8.169     0.8665     1.9245 1.0827e-01     0.1573    96.1430     7.0607     8.1201    32.1737    32.1760    25.6794    25.6814    7.70806 0.0000e+00
         98      3.075     2.3812     2.3803   2.883187   2.883294     2.5637     2.7253      8.169     0.8665     1.9245 1.0827e-01     0.1573    96.1430     7.0594     8.1195    32.1736    32.1758    25.6794    25.6812    7.70806 0.0000e+00
        101      3.100     2.3809     2.3803   2.883183   2.883299     2.5629     2.7257      8.169     0.8616     1.9245 1.0827e-01     0.1573    96.1430     7.0546     8.1194    32.1738    32.1758    25.6796    25.6812    7.70810 0.0000e+00
        104      3.129     2.3810     2.3805   2.883187   2.883329     2.5629     2.7257      8.169     0.8665     1.9245 1.0827e-01     0.1570    96.1517     7.0535     8.1181    32.1737    32.1761    25.6795    25.6814    7.70808 0.0000e+00
        107      3.158     2.3809     2.3807   2.883171   2.883342     2.5633     2.7261      8.169     0.8616     1.9245 1.0827e-01     0.1545    96.2125     7.0554     8.1186    32.1736    32.1760    25.6794    25.6813    7.70811 0.0000e+00
        111      3.187     2.3809     2.3805   2.883177   2.883327     2.5621     2.7261      8.167     0.8860     1.9245 1.0827e-01     0.1541    96.2212     7.0513     8.1176    32.1737    32.1760    25.6794    25.6813    7.70810 0.0000e+00
        245      3.219     2.3816     2.3796   2.883227   2.883253     2.5596     2.7261      8.169     1.0520     1.9245 2.4399e-01     0.1512    96.2907     7.0483     8.1311    32.1736    32.1759    25.6793    25.6814    7.70797 0.0000e+00
        248      3.255     2.3816     2.3795   2.883235   2.883241     2.5580     2.7253      8.167     1.0569     1.9245 1.2485e-01     0.1552    96.1951     7.0457     8.1292    32.1737    32.1759    25.6794    25.6813    7.70798 0.0000e+00
        251      3.288     2.3816     2.3796   2.883266   2.883231     2.5580     2.7261      8.169     1.0569     1.9245 1.4901e-01     0.1556    96.1864     7.0483     8.1326    32.1741    32.1757    25.6797    25.6812    7.70796 0.0000e+00
        254      3.321     2.3817     2.3795   2.883241   2.883254     2.5576     2.7257      8.169     1.0569     1.9245 2.4470e-01     0.1556    96.1864     7.0530     8.1323    32.1737    32.1760    25.6794    25.6814    7.70796 0.0000e+00
        257      3.353     2.3817     2.3797   2.883263   2.883250     2.5592     2.7261      8.166     1.0520     1.9245 1.0617e-01     0.1556    96.1864     7.0654     8.1330    32.1738    32.1757    25.6795    25.6812    7.70794 0.0000e+00
        260      3.383     2.3818     2.3798   2.883269   2.883275     2.5600     2.7261      8.169     1.0520     1.9245 1.0916e-01     0.1552    96.1951     7.0744     8.1321    32.1738    32.1760    25.6795    25.6814    7.70793 0.0000e+00
        263      3.408     2.3817     2.3797   2.883243   2.883255     2.5588     2.7265      8.167     1.0569     1.9245 1.1289e-01     0.1552    96.1951     7.0741     8.1325    32.1736    32.1758    25.6793    25.6812    7.70796 0.0000e+00
        266      3.431     2.3815     2.3798   2.883263   2.883282     2.5600     2.7265      8.169     1.0520     1.9245 1.9316e-01     0.1548    96.2038     7.0794     8.1302    32.1740    32.1760    25.6797    25.6814    7.70797 0.0000e+00
        269      3.454     2.3818     2.3798   2.883296   2.883282     2.5604     2.7265      8.169     1.0374     1.9245 2.3428e-01     0.1519    96.2733     7.0854     8.1299    32.1741    32.1760    25.6797    25.6814    7.70791 0.0000e+00
        272      3.476     2.3818     2.3798   2.883267   2.883294     2.5604     2.7265      8.166     1.0081     1.9245 1.8631e-01     0.1519    96.2733     7.0883     8.1287    32.1738    32.1761    25.6795    25.6815    7.70793 0.0000e+00
        275      3.499     2.3817     2.3798   2.883257   2.883267     2.5617     2.7265      8.169     1.0130     1.9245 1.3455e-01     0.1515    96.2820     7.0920     8.1289    32.1737    32.1758    25.6795    25.6813    7.70795 0.0000e+00
        278      3.522     2.3817     2.3797   2.883259   2.883284     2.5633     2.7273      8.169     1.0178     1.9245 1.5157e-01     0.1519    96.2733     7.0970     8.1337    32.1738    32.1761    25.6795    25.6815    7.70796 0.0000e+00
        281      3.546     2.3817     2.3797   2.883242   2.883282     2.5629     2.7265      8.169     1.0081     1.9245 2.1204e-01     0.1512    96.2907     7.0940     8.1286    32.1735    32.1760    25.6793    25.6814    7.70796 0.0000e+00
        284      3.573     2.3813     2.3799   2.883192   2.883302     2.5641     2.7269      8.169     1.0032     1.9245 3.0200e-01     0.1519    96.2733     7.0987     8.1294    32.1733    32.1761    25.6791    25.6814    7.70806 0.0000e+00
        287      3.599     2.3809     2.3800   2.883169   2.883312     2.5641     2.7265      8.169     1.0130     1.9245 1.8773e-01     0.1526    96.2560     7.0999     8.1263    32.1735    32.1761    25.6793    25.6814    7.70813 0.0000e+00
        290      3.625     2.3806     2.3802   2.883211   2.883316     2.5637     2.7265      8.167     1.0178     1.9245 1.1156e-01     0.1534    96.2386     7.0956     8.1268    32.1743    32.1759    25.6799    25.6813    7.70815 0.0000e+00
        293      3.655     2.3807     2.3802   2.883225   2.883305     2.5653     2.7265      8.167     1.0081     1.9245 1.5937e-01     0.1530    96.2473     7.0981     8.1263    32.1742    32.1758    25.6799    25.6812    7.70811 0.0000e+00
        296      3.684     2.3806     2.3801   2.883195   2.883312     2.5649     2.7269      8.167     0.9446     1.9245 1.1851e-01     0.1534    96.2386     7.0929     8.1285    32.1740    32.1759    25.6797    25.6813    7.70816 0.0000e+00
        299      3.719     2.3806     2.3803   2.883215   2.883314     2.5649     2.7277      8.169     0.9055     1.9245 1.2159e-01     0.1530    96.2473     7.0884     8.1318    32.1742    32.1758    25.6799    25.6812    7.70814 0.0000e+00
        302      3.751     2.3807     2.3803   2.883237   2.883329     2.5657     2.7273      8.169     0.9104     1.9245 1.8773e-01     0.1530    96.2473     7.0889     8.1304    32.1744    32.1759    25.6800    25.6813    7.70812 0.0000e+00
        305      3.783     2.3809     2.3801   2.883251   2.883308     2.5661     2.7273      8.167     0.9104     1.9245 1.1633e-01     0.1534    96.2386     7.0874     8.1326    32.1743    32.1758    25.6799    25.6812    7.70807 0.0000e+00
        308      3.816     2.3812     2.3801   2.883262   2.883322     2.5669     2.7269      8.169     0.9055     1.9245 1.3555e-01     0.1530    96.2473     7.0879     8.1314    32.1741    32.1759    25.6798    25.6813    7.70803 0.0000e+00
        311      3.847     2.3812     2.3801   2.883250   2.883313     2.5678     2.7265      8.167     0.9153     1.9245 1.4354e-01     0.1530    96.2473     7.0889     8.1330    32.1740    32.1759    25.6797    25.6813    7.70804 0.0000e+00
        374      3.873     2.3814     2.3804   2.883274   2.883352     2.5649     2.7277      8.169     0.9348     1.9245 1.0932e-01     0.1530    96.2473     7.0802     8.1381    32.1741    32.1760    25.6798    25.6814    7.70800 0.0000e+00
        497      3.930     2.3815     2.3810   2.883302   2.883420     2.5617     2.7277      8.167     0.9690     1.9245 1.0827e-01     0.1530    96.2473     7.0740     8.1373    32.1743    32.1762    25.6799    25.6814    7.70797 0.0000e+00
        500      4.004     2.3813     2.3806   2.883278   2.883360     2.5617     2.7281      8.169     0.9739     1.9245 1.0827e-01     0.1530    96.2473     7.0728     8.1399    32.1741    32.1758    25.6798    25.6812    7.70801 0.0000e+00
        503      4.072     2.3814     2.3805   2.883292   2.883382     2.5625     2.7281      8.169     0.9690     1.9245 1.0827e-01     0.1530    96.2473     7.0735     8.1404    32.1741    32.1762    25.6798    25.6815    7.70798 0.0000e+00
        506      4.134     2.3815     2.3807   2.883300   2.883387     2.5637     2.7289      8.169     0.9397     1.9245 1.4978e-01     0.1530    96.2473     7.0740     8.1433    32.1741    32.1760    25.6797    25.6813    7.70797 0.0000e+00
        509      4.188     2.3815     2.3807   2.883312   2.883383     2.5633     2.7285      8.169     0.9348     1.9245 2.0593e-01     0.1530    96.2473     7.0663     8.1392    32.1742    32.1760    25.6798    25.6813    7.70796 0.0000e+00
        512      4.241     2.3815     2.3805   2.883280   2.883384     2.5633     2.7289      8.169     0.9446     1.9245 1.5918e-01     0.1530    96.2473     7.0618     8.1379    32.1738    32.1761    25.6795    25.6814    7.70798 0.0000e+00
        515      4.288     2.3815     2.3806   2.883308   2.883394     2.5629     2.7285      8.169     0.9397     1.9245 1.1237e-01     0.1530    96.2473     7.0579     8.1346    32.1742    32.1761    25.6798    25.6814    7.70797 0.0000e+00
        518      4.332     2.3816     2.3807   2.883310   2.883413     2.5637     2.7289      8.169     0.9397     1.9245 1.0815e-01     0.1530    96.2473     7.0548     8.1316    32.1740    32.1762    25.6797    25.6815    7.70796 0.0000e+00
        521      4.367     2.3816     2.3807   2.883304   2.883396     2.5633     2.7289      8.167     0.9397     1.9245 1.0827e-01     0.1530    96.2473     7.0475     8.1273    32.1739    32.1760    25.6796    25.6813    7.70796 0.0000e+00
        560      4.400     2.3815     2.3801   2.883294   2.883349     2.5617     2.7269      8.167     0.9495     1.9245 1.0954e-01     0.1526    96.2560     7.0485     8.1191    32.1739    32.1760    25.6796    25.6814    7.70799 0.0000e+00
        635      4.460     2.3817     2.3794   2.883305   2.883292     2.5580     2.7232      8.167     0.9837     1.9245 1.0752e-01     0.1519    96.2733     7.0586     8.1146    32.1738    32.1760    25.6795    25.6814    7.70795 0.0000e+00
        638      4.525     2.3816     2.3794   2.883290   2.883320     2.5584     2.7232      8.169     1.0227     1.9245 1.0827e-01     0.1519    96.2733     7.0609     8.1178    32.1738    32.1763    25.6794    25.6817    7.70798 0.0000e+00
        641      4.589     2.3816     2.3793   2.883310   2.883303     2.5592     2.7232      8.167     1.0276     1.9245 1.0802e-01     0.1519    96.2733     7.0633     8.1204    32.1739    32.1762    25.6796    25.6816    7.70797 0.0000e+00
        644      4.655     2.3816     2.3792   2.883309   2.883285     2.5600     2.7232      8.169     1.0276     1.9245 1.0815e-01     0.1526    96.2560     7.0676     8.1210    32.1739    32.1760    25.6795    25.6814    7.70796 0.0000e+00
        647      4.722     2.3816     2.3791   2.883321   2.883290     2.5592     2.7232      8.169     1.0325     1.9245 1.0802e-01     0.1519    96.2733     7.0648     8.1238    32.1740    32.1761    25.6796    25.6815    7.70796 0.0000e+00
        650      4.784     2.3816     2.3792   2.883318   2.883311     2.5592     2.7232      8.167     1.0276     1.9245 1.0802e-01     0.1523    96.2646     7.0632     8.1238    32.1739    32.1762    25.6796    25.6816    7.70796 0.0000e+00
        653      4.845     2.3816     2.3796   2.883325   2.883335     2.5604     2.7241      8.167     1.0325     1.9245 1.0802e-01     0.1519    96.2733     7.0646     8.1260    32.1739    32.1761    25.6796    25.6815    7.70796 0.0000e+00
        656      4.902     2.3816     2.3799   2.883317   2.883380     2.5604     2.7241      8.167     1.0227     1.9245 1.0815e-01     0.1515    96.2820     7.0644     8.1233    32.1738    32.1763    25.6795    25.6816    7.70797 0.0000e+00
        659      4.955     2.3816     2.3802   2.883310   2.883395     2.5596     2.7241      8.167     1.0374     1.9245 1.0827e-01     0.1519    96.2733     7.0584     8.1211    32.1737    32.1762    25.6794    25.6815    7.70797 0.0000e+00
        662      5.012     2.3815     2.3805   2.883310   2.883455     2.5604     2.7241      8.169     0.9641     1.8060 1.0815e-01     0.1515    96.2820     7.0587     8.1200    32.1738    32.1765    25.6795    25.6818    7.70798 0.0000e+00
        665      5.070     2.3815     2.3813   2.883315   2.883537     2.5600     2.7241      8.167     0.8957     1.7665 1.0802e-01     0.1519    96.2733     7.0549     8.1184    32.1738    32.1767    25.6795    25.6818    7.70799 0.0000e+00
        668      5.126     2.3816     2.3823   2.883345   2.883577     2.5609     2.7241      8.169     0.8958     1.7665 1.0827e-01     0.1515    96.2820     7.0538     8.1162    32.1740    32.1762    25.6797    25.6814    7.70795 0.0000e+00
        671      5.178     2.3817     2.3817   2.883346   2.883534     2.5604     2.7241      8.169     0.8909     1.8060 1.0802e-01     0.1515    96.2820     7.0499     8.1154    32.1739    32.1762    25.6796    25.6814    7.70794 0.0000e+00
        674      5.225     2.3820     2.3813   2.883371   2.883497     2.5608     2.7241      8.167     0.8909     1.8060 1.0790e-01     0.1508    96.2994     7.0479     8.1130    32.1739    32.1762    25.6796    25.6814    7.70789 0.0000e+00
        677      5.271     2.3820     2.3811   2.883422   2.883490     2.5604     2.7241      8.169     0.8958     1.8060 1.0790e-01     0.1508    96.2994     7.0448     8.1122    32.1745    32.1763    25.6800    25.6815    7.70785 0.0000e+00
        680      5.313     2.3823     2.3810   2.883421   2.883477     2.5608     2.7237      8.169     0.8958     1.8060 1.0790e-01     0.1508    96.2994     7.0443     8.1112    32.1741    32.1762    25.6797    25.6815    7.70781 0.0000e+00
        683      5.351     2.3824     2.3809   2.883386   2.883469     2.5596     2.7237      8.167     0.8909     1.8060 1.0790e-01     0.1508    96.2994     7.0377     8.1122    32.1736    32.1762    25.6792    25.6815    7.70781 0.0000e+00
        686      5.382     2.3822     2.3809   2.883346   2.883494     2.5604     2.7241      8.169     0.8958     1.8060 1.0790e-01     0.1508    96.2994     7.0385     8.1161    32.1733    32.1765    25.6791    25.6817    7.70788 0.0000e+00
        689      5.410     2.3818     2.3811   2.883343   2.883509     2.5596     2.7241      8.167     0.9055     1.7665 1.0790e-01     0.1508    96.2994     7.0332     8.1196    32.1737    32.1764    25.6794    25.6816    7.70794 0.0000e+00
        692      5.433     2.3817     2.3814   2.883368   2.883517     2.5580     2.7237      8.169     0.8909     1.8060 1.0790e-01     0.1523    96.2646     7.0261     8.1211    32.1741    32.1762    25.6797    25.6814    7.70793 0.0000e+00
        762      5.457     2.3819     2.3809   2.883368   2.883467     2.5588     2.7253      8.167     0.9348     1.9245 1.0790e-01     0.1512    96.2907     7.0568     8.0956    32.1738    32.1761    25.6795    25.6814    7.70790 0.0000e+00
        765      5.496     2.3819     2.3809   2.883391   2.883461     2.5592     2.7261      8.169     0.9446     1.8850 1.0790e-01     0.1508    96.2994     7.0570     8.0967    32.1741    32.1760    25.6797    25.6813    7.70789 0.0000e+00
        768      5.536     2.3820     2.3808   2.883390   2.883474     2.5576     2.7249      8.169     0.9641     1.8060 1.0790e-01     0.1508    96.2994     7.0494     8.0933    32.1740    32.1762    25.6796    25.6814    7.70788 0.0000e+00
