Datasets/AZMP/COO001/79001029.cnv
* Sea-Bird SBE 9 Data File:
* FileName = C:\CTDDATA\79001029.hex
* Software Version Seasave V 7.26.7.110
* Temperature SN = 5660
* Conductivity SN = 3698
* Number of Bytes Per Scan = 30
* Number of Voltage Words = 4
* Number of Scans Averaged by the Deck Unit = 1
* NMEA baud rate = 9600
** VESSEL/TRIP/SEQ STN:  79001029
** LATITUDE XX XX.XX N:  44 00.00 N
** LONGITUDE XX XX.XX W:  50 48.50 W
** SOUNDING DEPTH (M):  0074
** PROBE TYPE: S1257
** CTD NUMBER: 016
** COMMENTS (14 CHAR): SEGB-11
** BOTTLES:  9
** LEVELS: 5,5,10,20,20,30,40,50,BTM
** STICKERS: 434793 - 434801
** VNET: Y
** DO2: N
# nquan = 22
# nvalues = 1858                        
# units = specified
# name 0 = scan: Scan Count
# name 1 = prDM: Pressure, Digiquartz [db]
# name 2 = t090C: Temperature [ITS-90, deg C]
# name 3 = t190C: Temperature, 2 [ITS-90, deg C]
# name 4 = c0S/m: Conductivity [S/m]
# name 5 = c1S/m: Conductivity, 2 [S/m]
# name 6 = sbeox0V: Oxygen raw, SBE 43 [V]
# name 7 = sbeox1V: Oxygen raw, SBE 43, 2 [V]
# name 8 = ph: pH
# name 9 = flECO-AFL: Fluorescence, WET Labs ECO-AFL/FL [mg/m^3]
# name 10 = wetCDOM: Fluorescence, WET Labs CDOM [mg/m^3]
# name 11 = par/sat/log: PAR/Logarithmic, Satlantic [umol photons/m^2/sec]
# name 12 = CStarAt0: Beam Attenuation, WET Labs C-Star [1/m]
# name 13 = CStarTr0: Beam Transmission, WET Labs C-Star [%]
# name 14 = sbeox0ML/L: Oxygen, SBE 43 [ml/l], WS = 2
# name 15 = sbeox1ML/L: Oxygen, SBE 43, 2 [ml/l], WS = 2
# name 16 = sal00: Salinity, Practical [PSU]
# name 17 = sal11: Salinity, Practical, 2 [PSU]
# name 18 = sigma-t00: Density [sigma-t, kg/m^3 ]
# name 19 = sigma-t11: Density, 2 [sigma-t, kg/m^3 ]
# name 20 = oxsatML/L: Oxygen Saturation, Weiss [ml/l]
# name 21 = flag: flag
# span 0 =         57,      27179       
# span 1 =      2.625,     68.573       
# span 2 =     3.8700,     7.4118       
# span 3 =     3.8685,     7.4095       
# span 4 =   3.042200,   3.302445       
# span 5 =   3.042152,   3.302781       
# span 6 =     2.4428,     2.9807       
# span 7 =     2.2503,     2.7523       
# span 8 =      7.961,      8.162       
# span 9 =     0.2022,     1.6967       
# span 10 =     1.4507,     2.5167      
# span 11 = 1.0715e-01, 8.7343e-01      
# span 12 =     0.1787,     0.7464      
# span 13 =    82.9780,    95.6303      
# span 14 =     6.4125,     7.8327      
# span 15 =     5.2168,     6.4761      
# span 16 =    32.0737,    32.6607      
# span 17 =    32.1146,    32.6114      
# span 18 =    25.0959,    25.9180      
# span 19 =    25.0989,    25.8896      
# span 20 =    6.82278,    7.40481      
# span 21 = 0.0000e+00, 0.0000e+00      
# interval = scans: 3                   
# start_time = Nov 24 2019 23:21:47 [System UTC, header]
# bad_flag = -9.990e-29
*END*
[from data line 132]
       1161     10.937     7.4022     7.4003   3.301541   3.301636     2.9190     2.7473      8.156     0.9690     1.4902 1.0765e-01     0.1933    95.2827     7.2578     6.1098    32.1282    32.1310    25.1030    25.1055    6.82433 0.0000e+00
       1164     11.011     7.4021     7.3991   3.301572   3.301561     2.9182     2.7473      8.156     0.9983     1.5692 1.0752e-01     0.1933    95.2827     7.2550     6.1104    32.1285    32.1312    25.1033    25.1058    6.82432 0.0000e+00
       1167     11.086     7.4024     7.3988   3.301613   3.301548     2.9190     2.7473      8.156     1.0178     1.5692 1.0752e-01     0.1933    95.2827     7.2571     6.1111    32.1287    32.1314    25.1034    25.1060    6.82428 0.0000e+00
       1170     11.158     7.4025     7.3989   3.301579   3.301572     2.9182     2.7473      8.154     1.0178     1.5297 1.0752e-01     0.1933    95.2827     7.2543     6.1119    32.1282    32.1315    25.1030    25.1060    6.82429 0.0000e+00
       1173     11.228     7.4023     7.3987   3.301546   3.301568     2.9182     2.7473      8.157     1.0130     1.5692 1.0765e-01     0.1933    95.2827     7.2543     6.1133    32.1280    32.1316    25.1029    25.1061    6.82433 0.0000e+00
       1176     11.299     7.4021     7.3989   3.301586   3.301558     2.9182     2.7473      8.156     1.0130     1.5692 1.0765e-01     0.1922    95.3088     7.2545     6.1143    32.1286    32.1313    25.1033    25.1059    6.82433 0.0000e+00
       1179     11.368     7.4022     7.3988   3.301568   3.301567     2.9182     2.7473      8.156     1.0178     1.5692 1.0752e-01     0.1922    95.3088     7.2546     6.1148    32.1282    32.1314    25.1030    25.1060    6.82432 0.0000e+00
       1182     11.436     7.4018     7.3991   3.301520   3.301605     2.9178     2.7473      8.157     1.0130     1.5692 1.0765e-01     0.1922    95.3088     7.2540     6.1162    32.1281    32.1315    25.1030    25.1060    6.82440 0.0000e+00
       1185     11.506     7.4016     7.3991   3.301518   3.301618     2.9174     2.7473      8.154     1.0178     1.5297 1.0777e-01     0.1922    95.3088     7.2535     6.1178    32.1282    32.1316    25.1031    25.1061    6.82442 0.0000e+00
       1188     11.575     7.4016     7.3991   3.301577   3.301590     2.9174     2.7477      8.156     1.0179     1.5692 1.0752e-01     0.1922    95.3088     7.2539     6.1191    32.1288    32.1313    25.1036    25.1058    6.82440 0.0000e+00
       1191     11.645     7.4020     7.3991   3.301587   3.301608     2.9170     2.7477      8.154     1.2767     1.6876 1.0765e-01     0.1922    95.3088     7.2530     6.1190    32.1285    32.1314    25.1033    25.1059    6.82435 0.0000e+00
       1194     11.714     7.4020     7.3992   3.301579   3.301606     2.9170     2.7485      8.156     1.3011     1.6876 1.0752e-01     0.1937    95.2740     7.2539     6.1214    32.1284    32.1313    25.1032    25.1058    6.82435 0.0000e+00
       1197     11.778     7.4021     7.3993   3.301597   3.301601     2.9170     2.7485      8.157     1.2962     1.6876 1.0752e-01     0.1966    95.2045     7.2539     6.1212    32.1285    32.1312    25.1032    25.1057    6.82433 0.0000e+00
       1200     11.843     7.4021     7.3990   3.301610   3.301583     2.9170     2.7485      8.157     1.2865     1.6876 1.0777e-01     0.1966    95.2045     7.2546     6.1204    32.1286    32.1311    25.1034    25.1057    6.82433 0.0000e+00
       1203     11.907     7.4022     7.3988   3.301567   3.301578     2.9174     2.7485      8.156     1.2914     1.6876 1.0752e-01     0.1966    95.2045     7.2561     6.1194    32.1280    32.1313    25.1029    25.1059    6.82434 0.0000e+00
       1206     11.969     7.4020     7.3987   3.301543   3.301578     2.9170     2.7493      8.154     1.2962     1.6876 1.0752e-01     0.1966    95.2045     7.2553     6.1203    32.1279    32.1313    25.1028    25.1060    6.82438 0.0000e+00
       1209     12.029     7.4016     7.3987   3.301527   3.301584     2.9166     2.7493      8.156     1.2962     1.6876 1.0752e-01     0.1966    95.2045     7.2541     6.1188    32.1281    32.1314    25.1030    25.1060    6.82443 0.0000e+00
       1212     12.089     7.4015     7.3987   3.301519   3.301590     2.9170     2.7485      8.157     1.3011     1.6876 1.0752e-01     0.1966    95.2045     7.2558     6.1149    32.1281    32.1314    25.1030    25.1060    6.82445 0.0000e+00
       1215     12.144     7.4013     7.3987   3.301518   3.301580     2.9166     2.7485      8.157     1.3060     1.6876 1.0765e-01     0.1981    95.1697     7.2549     6.1137    32.1282    32.1313    25.1031    25.1059    6.82447 0.0000e+00
       1218     12.195     7.4012     7.3987   3.301500   3.301558     2.9170     2.7493      8.157     1.3646     1.6876 1.0752e-01     0.1988    95.1523     7.2561     6.1150    32.1281    32.1310    25.1031    25.1057    6.82450 0.0000e+00
       1221     12.244     7.4011     7.3986   3.301516   3.301574     2.9162     2.7485      8.154     1.3744     1.6876 1.0752e-01     0.1995    95.1350     7.2540     6.1119    32.1283    32.1313    25.1032    25.1059    6.82450 0.0000e+00
       1224     12.291     7.4012     7.3987   3.301523   3.301572     2.9166     2.7485      8.156     1.3646     1.6876 1.0752e-01     0.1992    95.1436     7.2561     6.1111    32.1283    32.1311    25.1032    25.1058    6.82449 0.0000e+00
       1227     12.336     7.4011     7.3985   3.301533   3.301578     2.9162     2.7485      8.156     1.3744     1.6876 1.0765e-01     0.1992    95.1436     7.2561     6.1109    32.1285    32.1314    25.1034    25.1060    6.82449 0.0000e+00
       1230     12.379     7.4011     7.3986   3.301543   3.301578     2.9158     2.7485      8.157     1.3695     1.6876 1.0765e-01     0.1988    95.1523     7.2566     6.1110    32.1285    32.1313    25.1034    25.1059    6.82449 0.0000e+00
       1233     12.418     7.4010     7.3987   3.301537   3.301577     2.9166     2.7485      8.156     1.3744     1.6876 1.0752e-01     0.1995    95.1350     7.2603     6.1122    32.1286    32.1311    25.1035    25.1058    6.82451 0.0000e+00
       1236     12.457     7.4012     7.3986   3.301558   3.301581     2.9158     2.7485      8.157     1.3597     1.6876 1.0765e-01     0.1992    95.1436     7.2588     6.1127    32.1286    32.1313    25.1034    25.1059    6.82447 0.0000e+00
       1239     12.491     7.4013     7.3987   3.301563   3.301593     2.9166     2.7485      8.157     1.3646     1.6876 1.0752e-01     0.1988    95.1523     7.2619     6.1128    32.1285    32.1313    25.1034    25.1059    6.82446 0.0000e+00
       1242     12.525     7.4013     7.3988   3.301552   3.301583     2.9162     2.7485      8.156     1.2523     1.7271 1.0752e-01     0.1988    95.1523     7.2617     6.1128    32.1284    32.1310    25.1033    25.1057    6.82446 0.0000e+00
       1245     12.557     7.4013     7.3987   3.301524   3.301601     2.9166     2.7477      8.157     1.1204     1.8060 1.0765e-01     0.1988    95.1523     7.2640     6.1108    32.1281    32.1313    25.1030    25.1059    6.82447 0.0000e+00
       1248     12.590     7.4013     7.3986   3.301544   3.301573     2.9170     2.7485      8.154     1.1399     1.8060 1.0752e-01     0.1988    95.1523     7.2659     6.1123    32.1283    32.1310    25.1032    25.1058    6.82447 0.0000e+00
       1251     12.627     7.4013     7.3987   3.301554   3.301591     2.9170     2.7485      8.157     1.1448     1.8060 1.0765e-01     0.1988    95.1523     7.2665     6.1111    32.1284    32.1311    25.1033    25.1058    6.82447 0.0000e+00
       1254     12.661     7.4011     7.3988   3.301507   3.301607     2.9178     2.7485      8.156     1.1399     1.8060 1.0765e-01     0.1984    95.1610     7.2690     6.1100    32.1280    32.1313    25.1031    25.1059    6.82451 0.0000e+00
       1257     12.698     7.4009     7.3989   3.301488   3.301610     2.9170     2.7485      8.157     1.1302     1.8060 1.0765e-01     0.1907    95.3435     7.2662     6.1079    32.1280    32.1312    25.1030    25.1058    6.82454 0.0000e+00
       1260     12.736     7.4007     7.3990   3.301490   3.301618     2.9174     2.7485      8.157     1.1399     1.8060 1.0752e-01     0.1911    95.3348     7.2674     6.1059    32.1281    32.1311    25.1032    25.1058    6.82456 0.0000e+00
       1263     12.776     7.4008     7.3989   3.301482   3.301626     2.9170     2.7485      8.156     1.1302     1.8060 1.0752e-01     0.1911    95.3348     7.2655     6.1044    32.1280    32.1313    25.1030    25.1059    6.82456 0.0000e+00
       1266     12.817     7.4005     7.3987   3.301492   3.301605     2.9174     2.7481      8.157     1.1302     1.8060 1.0765e-01     0.1911    95.3348     7.2660     6.1012    32.1283    32.1312    25.1034    25.1058    6.82459 0.0000e+00
       1269     12.863     7.4006     7.3988   3.301494   3.301616     2.9182     2.7481      8.154     1.0471     1.6087 1.0777e-01     0.1907    95.3435     7.2671     6.0989    32.1283    32.1313    25.1033    25.1059    6.82458 0.0000e+00
       1272     12.909     7.4005     7.3988   3.301502   3.301614     2.9174     2.7473      8.157     1.0276     1.5692 1.0752e-01     0.1907    95.3435     7.2643     6.0935    32.1284    32.1312    25.1034    25.1059    6.82459 0.0000e+00
       1275     12.956     7.4005     7.3988   3.301484   3.301620     2.9182     2.7473      8.157     1.0276     1.5692 1.0752e-01     0.1915    95.3261     7.2663     6.0924    32.1282    32.1312    25.1032    25.1059    6.82459 0.0000e+00
       1278     13.003     7.4005     7.3989   3.301504   3.301626     2.9178     2.7469      8.156     1.0276     1.5692 1.0777e-01     0.1933    95.2827     7.2649     6.0908    32.1284    32.1312    25.1034    25.1058    6.82459 0.0000e+00
       1281     13.054     7.4007     7.3989   3.301520   3.301638     2.9178     2.7460      8.157     1.0276     1.5692 1.0752e-01     0.1929    95.2914     7.2647     6.0876    32.1284    32.1313    25.1034    25.1059    6.82456 0.0000e+00
       1284     13.107     7.4007     7.3990   3.301489   3.301667     2.9182     2.7460      8.156     1.0276     1.5692 1.0777e-01     0.1929    95.2914     7.2653     6.0886    32.1280    32.1315    25.1030    25.1060    6.82457 0.0000e+00
       1287     13.152     7.4006     7.3991   3.301534   3.301657     2.9174     2.7460      8.157     1.0325     1.5692 1.0765e-01     0.1933    95.2827     7.2617     6.0894    32.1285    32.1313    25.1035    25.1058    6.82457 0.0000e+00
       1290     13.197     7.4008     7.3989   3.301541   3.301654     2.9182     2.7448      8.157     1.0276     1.5692 1.0765e-01     0.1926    95.3001     7.2630     6.0876    32.1284    32.1314    25.1034    25.1060    6.82454 0.0000e+00
       1293     13.235     7.4009     7.3990   3.301541   3.301649     2.9174     2.7448      8.154     1.0276     1.5692 1.0752e-01     0.1929    95.2914     7.2599     6.0899    32.1283    32.1313    25.1032    25.1059    6.82453 0.0000e+00
       1296     13.270     7.4008     7.3989   3.301508   3.301653     2.9178     2.7440      8.157     1.0081     1.6876 1.0752e-01     0.1918    95.3174     7.2608     6.0908    32.1280    32.1313    25.1031    25.1059    6.82456 0.0000e+00
       1299     13.305     7.4004     7.3989   3.301460   3.301657     2.9182     2.7448      8.154     0.9934     1.6876 1.0765e-01     0.1911    95.3348     7.2613     6.0960    32.1278    32.1313    25.1030    25.1059    6.82462 0.0000e+00
       1302     13.344     7.4002     7.3988   3.301466   3.301638     2.9178     2.7444      8.157     0.9983     1.6876 1.0765e-01     0.1911    95.3348     7.2600     6.0979    32.1281    32.1313    25.1032    25.1059    6.82465 0.0000e+00
       1305     13.370     7.4002     7.3988   3.301487   3.301614     2.9178     2.7440      8.156     0.9983     1.6876 1.0752e-01     0.1911    95.3348     7.2596     6.0989    32.1283    32.1310    25.1033    25.1057    6.82464 0.0000e+00
       1336     13.390     7.4007     7.3990   3.301529   3.301655     2.9174     2.7460      8.154     0.9934     1.7271 1.0765e-01     0.1900    95.3609     7.2594     6.1100    32.1283    32.1313    25.1033    25.1059    6.82456 0.0000e+00
       1396     13.428     7.4017     7.3991   3.301619   3.301682     2.9166     2.7485      8.157     0.9885     1.8060 1.0765e-01     0.1889    95.3870     7.2598     6.1227    32.1283    32.1314    25.1032    25.1060    6.82440 0.0000e+00
       1399     13.485     7.4016     7.3991   3.301625   3.301678     2.9170     2.7485      8.157     1.0374     1.6481 1.0777e-01     0.1911    95.3348     7.2609     6.1219    32.1285    32.1313    25.1033    25.1059    6.82441 0.0000e+00
       1402     13.545     7.4015     7.3991   3.301615   3.301678     2.9166     2.7485      8.154     1.1106     1.5297 1.0765e-01     0.1911    95.3348     7.2598     6.1207    32.1284    32.1313    25.1032    25.1059    6.82443 0.0000e+00
       1405     13.608     7.4016     7.3990   3.301650   3.301682     2.9170     2.7489      8.154     1.1057     1.5692 1.0765e-01     0.1911    95.3348     7.2610     6.1202    32.1287    32.1314    25.1035    25.1060    6.82440 0.0000e+00
       1408     13.674     7.4015     7.3990   3.301597   3.301674     2.9170     2.7497      8.157     1.0960     1.5692 1.0765e-01     0.1911    95.3348     7.2612     6.1207    32.1281    32.1313    25.1031    25.1059    6.82444 0.0000e+00
       1411     13.742     7.4011     7.3990   3.301561   3.301680     2.9170     2.7493      8.157     1.1009     1.5692 1.0752e-01     0.1911    95.3348     7.2608     6.1182    32.1281    32.1313    25.1031    25.1059    6.82450 0.0000e+00
       1414     13.811     7.4009     7.3990   3.301566   3.301666     2.9174     2.7485      8.154     1.1057     1.5692 1.0765e-01     0.1911    95.3348     7.2623     6.1151    32.1283    32.1312    25.1032    25.1058    6.82453 0.0000e+00
       1417     13.884     7.4010     7.3990   3.301600   3.301688     2.9170     2.7489      8.156     1.1009     1.5692 1.0765e-01     0.1922    95.3088     7.2613     6.1156    32.1286    32.1313    25.1035    25.1059    6.82451 0.0000e+00
       1420     13.960     7.4011     7.3989   3.301612   3.301690     2.9166     2.7489      8.157     1.0960     1.5692 1.0765e-01     0.1933    95.2827     7.2599     6.1155    32.1285    32.1314    25.1034    25.1060    6.82448 0.0000e+00
       1423     14.042     7.4010     7.3990   3.301600   3.301676     2.9170     2.7489      8.157     1.1009     1.5692 1.0765e-01     0.1933    95.2827     7.2606     6.1148    32.1285    32.1312    25.1034    25.1058    6.82451 0.0000e+00
       1426     14.126     7.4009     7.3989   3.301599   3.301706     2.9166     2.7485      8.156     1.2376     1.5692 1.0777e-01     0.1933    95.2827     7.2586     6.1125    32.1285    32.1315    25.1034    25.1060    6.82452 0.0000e+00
       1429     14.208     7.4009     7.3989   3.301597   3.301692     2.9170     2.7485      8.157     1.2669     1.5692 1.0752e-01     0.1933    95.2827     7.2595     6.1109    32.1285    32.1314    25.1034    25.1059    6.82452 0.0000e+00
       1432     14.292     7.4008     7.3990   3.301609   3.301702     2.9166     2.7489      8.157     1.2718     1.5692 1.0752e-01     0.1933    95.2827     7.2585     6.1112    32.1287    32.1314    25.1036    25.1059    6.82453 0.0000e+00
       1435     14.375     7.4008     7.3990   3.301579   3.301698     2.9170     2.7485      8.156     1.2621     1.5692 1.0752e-01     0.1933    95.2827     7.2598     6.1105    32.1283    32.1312    25.1032    25.1058    6.82455 0.0000e+00
       1438     14.462     7.4006     7.3990   3.301572   3.301696     2.9170     2.7485      8.157     1.2621     1.5692 1.0752e-01     0.1966    95.2045     7.2599     6.1099    32.1284    32.1312    25.1033    25.1058    6.82458 0.0000e+00
