Datasets/AZMP/COO001/79001025.cnv
* Sea-Bird SBE 9 Data File:
* FileName = C:\CTDDATA\79001025.hex
* Software Version Seasave V 7.26.7.110
* Temperature SN = 5660
* Conductivity SN = 3698
* Number of Bytes Per Scan = 30
* Number of Voltage Words = 4
* Number of Scans Averaged by the Deck Unit = 1
* NMEA baud rate = 9600
** VESSEL/TRIP/SEQ STN:  79001025
** LATITUDE XX XX.XX N:  45 27.50 N
** LONGITUDE XX XX.XX W:  52 00.00 W
** SOUNDING DEPTH (M):  0083
** PROBE TYPE: S1257
** CTD NUMBER: 012
** COMMENTS (14 CHAR): SEGB-07
** BOTTLES:  11
** LEVELS: 5,5,10,20,20,30,40,50,50,BTM,BTM
** STICKERS: 434745 - 434755
** VNET: Y
** DO2: N
# nquan = 22
# nvalues = 2164                        
# units = specified
# name 0 = scan: Scan Count
# name 1 = prDM: Pressure, Digiquartz [db]
# name 2 = t090C: Temperature [ITS-90, deg C]
# name 3 = t190C: Temperature, 2 [ITS-90, deg C]
# name 4 = c0S/m: Conductivity [S/m]
# name 5 = c1S/m: Conductivity, 2 [S/m]
# name 6 = sbeox0V: Oxygen raw, SBE 43 [V]
# name 7 = sbeox1V: Oxygen raw, SBE 43, 2 [V]
# name 8 = ph: pH
# name 9 = flECO-AFL: Fluorescence, WET Labs ECO-AFL/FL [mg/m^3]
# name 10 = wetCDOM: Fluorescence, WET Labs CDOM [mg/m^3]
# name 11 = par/sat/log: PAR/Logarithmic, Satlantic [umol photons/m^2/sec]
# name 12 = CStarAt0: Beam Attenuation, WET Labs C-Star [1/m]
# name 13 = CStarTr0: Beam Transmission, WET Labs C-Star [%]
# name 14 = sbeox0ML/L: Oxygen, SBE 43 [ml/l], WS = 2
# name 15 = sbeox1ML/L: Oxygen, SBE 43, 2 [ml/l], WS = 2
# name 16 = sal00: Salinity, Practical [PSU]
# name 17 = sal11: Salinity, Practical, 2 [PSU]
# name 18 = sigma-t00: Density [sigma-t, kg/m^3 ]
# name 19 = sigma-t11: Density, 2 [sigma-t, kg/m^3 ]
# name 20 = oxsatML/L: Oxygen Saturation, Weiss [ml/l]
# name 21 = flag: flag
# span 0 =         23,      28168       
# span 1 =      0.683,     77.270       
# span 2 =    -0.2139,     6.9926       
# span 3 =    -0.2142,     6.9930       
# span 4 =   2.713293,   3.274853       
# span 5 =   2.712349,   3.275024       
# span 6 =     2.6381,     2.9930       
# span 7 =     2.4860,     2.7524       
# span 8 =      8.019,      8.183       
# span 9 =     0.1241,     1.1985       
# span 10 =     1.0954,     2.2798      
# span 11 = 1.0666e-01, 1.3431e+00      
# span 12 =     0.1131,     0.2606      
# span 13 =    93.6925,    97.2118      
# span 14 =     6.0496,    10.2048      
# span 15 =     5.1819,     7.7915      
# span 16 =    31.0992,    33.4674      
# span 17 =    29.7615,    33.2254      
# span 18 =    24.7981,    26.8137      
# span 19 =    23.2969,    26.5803      
# span 20 =    6.88570,    8.21918      
# span 21 = 0.0000e+00, 0.0000e+00      
# interval = scans: 3                   
# start_time = Nov 23 2019 23:35:51 [System UTC, header]
# bad_flag = -9.990e-29
*END*
[from data line 396]
       1579     29.043     6.9717     6.9718   3.273494   3.273786     2.9227     2.7424      8.178     0.5636     1.5692 1.0790e-01     0.1321    96.7513     7.3809     6.1708    32.2166    32.2197    25.2305    25.2329    6.88912 0.0000e+00
       1582     29.164     6.9714     6.9706   3.273483   3.273668     2.9219     2.7424      8.178     0.5636     1.5692 1.0790e-01     0.1325    96.7426     7.3797     6.1716    32.2167    32.2194    25.2306    25.2329    6.88915 0.0000e+00
       1585     29.285     6.9711     6.9701   3.273473   3.273661     2.9227     2.7424      8.178     0.5588     1.5692 1.0790e-01     0.1325    96.7426     7.3824     6.1713    32.2168    32.2198    25.2307    25.2332    6.88920 0.0000e+00
       1588     29.406     6.9709     6.9699   3.273499   3.273638     2.9231     2.7428      8.178     0.5539     1.5692 1.0790e-01     0.1321    96.7513     7.3835     6.1724    32.2173    32.2197    25.2312    25.2332    6.88922 0.0000e+00
       1591     29.525     6.9711     6.9699   3.273469   3.273657     2.9231     2.7424      8.178     0.5539     1.5692 1.0777e-01     0.1318    96.7599     7.3832     6.1712    32.2167    32.2198    25.2307    25.2333    6.88921 0.0000e+00
       1594     29.641     6.9711     6.9698   3.273508   3.273642     2.9239     2.7424      8.178     0.5587     1.5692 1.0790e-01     0.1314    96.7686     7.3851     6.1697    32.2171    32.2198    25.2310    25.2333    6.88920 0.0000e+00
       1597     29.751     6.9710     6.9697   3.273489   3.273633     2.9239     2.7424      8.178     0.5588     1.5692 1.0790e-01     0.1314    96.7686     7.3849     6.1687    32.2169    32.2196    25.2308    25.2332    6.88922 0.0000e+00
       1600     29.859     6.9709     6.9698   3.273490   3.273631     2.9243     2.7424      8.178     0.5539     1.5692 1.0790e-01     0.1318    96.7599     7.3869     6.1684    32.2169    32.2195    25.2309    25.2330    6.88922 0.0000e+00
       1603     29.962     6.9708     6.9701   3.273493   3.273698     2.9251     2.7424      8.178     0.5588     1.5297 1.0790e-01     0.1314    96.7686     7.3899     6.1691    32.2170    32.2199    25.2310    25.2333    6.88924 0.0000e+00
       1606     30.060     6.9708     6.9700   3.273505   3.273684     2.9255     2.7424      8.178     0.5734     1.4507 1.0790e-01     0.1314    96.7686     7.3923     6.1694    32.2171    32.2198    25.2310    25.2333    6.88924 0.0000e+00
       1609     30.154     6.9709     6.9698   3.273507   3.273668     2.9251     2.7424      8.178     0.5783     1.4507 1.0790e-01     0.1278    96.8555     7.3908     6.1691    32.2170    32.2197    25.2309    25.2332    6.88923 0.0000e+00
       1612     30.244     6.9708     6.9700   3.273513   3.273683     2.9251     2.7424      8.178     0.5783     1.4507 1.0790e-01     0.1253    96.9164     7.3909     6.1689    32.2171    32.2197    25.2311    25.2331    6.88924 0.0000e+00
       1615     30.332     6.9709     6.9698   3.273468   3.273672     2.9255     2.7420      8.178     0.5783     1.4507 1.0790e-01     0.1260    96.8990     7.3917     6.1687    32.2165    32.2198    25.2306    25.2332    6.88925 0.0000e+00
       1618     30.417     6.9708     6.9695   3.273532   3.273642     2.9264     2.7412      8.178     0.5832     1.4507 1.0790e-01     0.1249    96.9251     7.3944     6.1676    32.2172    32.2196    25.2312    25.2332    6.88923 0.0000e+00
       1621     30.497     6.9708     6.9692   3.273510   3.273657     2.9264     2.7412      8.178     0.5783     1.4507 1.0790e-01     0.1256    96.9077     7.3951     6.1688    32.2169    32.2200    25.2309    25.2336    6.88924 0.0000e+00
       1624     30.574     6.9708     6.9692   3.273520   3.273650     2.9272     2.7416      8.178     0.5832     1.4507 1.0790e-01     0.1249    96.9251     7.3974     6.1705    32.2171    32.2199    25.2310    25.2334    6.88924 0.0000e+00
       1627     30.648     6.9708     6.9693   3.273531   3.273674     2.9276     2.7420      8.178     0.5783     1.4507 1.0777e-01     0.1260    96.8990     7.3989     6.1722    32.2171    32.2201    25.2311    25.2335    6.88924 0.0000e+00
       1630     30.716     6.9708     6.9691   3.273529   3.273656     2.9280     2.7420      8.178     0.5685     1.4902 1.0790e-01     0.1275    96.8642     7.4002     6.1721    32.2171    32.2200    25.2310    25.2336    6.88924 0.0000e+00
       1633     30.782     6.9707     6.9693   3.273529   3.273645     2.9280     2.7416      8.178     0.5685     1.5692 1.0790e-01     0.1275    96.8642     7.4006     6.1709    32.2171    32.2197    25.2310    25.2333    6.88925 0.0000e+00
       1636     30.847     6.9706     6.9692   3.273539   3.273669     2.9280     2.7412      8.178     0.5734     1.5692 1.0790e-01     0.1271    96.8729     7.4000     6.1693    32.2173    32.2200    25.2311    25.2335    6.88926 0.0000e+00
       1639     30.909     6.9707     6.9692   3.273519   3.273659     2.9284     2.7424      8.178     0.5783     1.5692 1.0790e-01     0.1271    96.8729     7.4008     6.1713    32.2169    32.2199    25.2309    25.2335    6.88926 0.0000e+00
       1642     30.971     6.9707     6.9691   3.273548   3.273669     2.9292     2.7424      8.178     0.5734     1.5692 1.0790e-01     0.1271    96.8729     7.4017     6.1693    32.2172    32.2200    25.2311    25.2335    6.88924 0.0000e+00
       1645     31.031     6.9706     6.9692   3.273544   3.273683     2.9296     2.7424      8.178     0.5685     1.5692 1.0790e-01     0.1275    96.8642     7.4023     6.1662    32.2172    32.2201    25.2311    25.2336    6.88926 0.0000e+00
       1648     31.092     6.9705     6.9692   3.273532   3.273687     2.9292     2.7420      8.178     0.5685     1.5692 1.0790e-01     0.1271    96.8729     7.4000     6.1616    32.2172    32.2201    25.2311    25.2336    6.88928 0.0000e+00
       1651     31.150     6.9705     6.9691   3.273540   3.273686     2.9300     2.7416      8.178     0.5734     1.5692 1.0790e-01     0.1249    96.9251     7.4013     6.1583    32.2172    32.2201    25.2311    25.2336    6.88928 0.0000e+00
       1654     31.210     6.9704     6.9690   3.273552   3.273682     2.9300     2.7412      8.178     0.5734     1.5692 1.0790e-01     0.1246    96.9338     7.4014     6.1558    32.2174    32.2201    25.2313    25.2336    6.88928 0.0000e+00
       1657     31.268     6.9705     6.9691   3.273546   3.273697     2.9304     2.7412      8.178     0.5588     1.6481 1.0790e-01     0.1249    96.9251     7.4025     6.1545    32.2173    32.2202    25.2312    25.2337    6.88928 0.0000e+00
       1660     31.326     6.9705     6.9690   3.273538   3.273688     2.9308     2.7403      8.178     0.5588     1.6876 1.0790e-01     0.1249    96.9251     7.4028     6.1509    32.2172    32.2201    25.2311    25.2337    6.88929 0.0000e+00
       1663     31.384     6.9707     6.9690   3.273555   3.273668     2.9308     2.7399      8.178     0.5490     1.6876 1.0790e-01     0.1249    96.9251     7.4013     6.1481    32.2171    32.2199    25.2311    25.2335    6.88926 0.0000e+00
       1666     31.443     6.9705     6.9690   3.273543   3.273700     2.9308     2.7399      8.178     0.5636     1.6876 1.0790e-01     0.1249    96.9251     7.4011     6.1478    32.2172    32.2202    25.2311    25.2337    6.88929 0.0000e+00
       1669     31.504     6.9704     6.9691   3.273551   3.273699     2.9308     2.7391      8.178     0.5539     1.6876 1.0790e-01     0.1260    96.8990     7.4008     6.1471    32.2173    32.2201    25.2312    25.2336    6.88930 0.0000e+00
       1672     31.567     6.9703     6.9691   3.273563   3.273681     2.9312     2.7387      8.178     0.5588     1.6876 1.0790e-01     0.1275    96.8642     7.4021     6.1481    32.2175    32.2199    25.2314    25.2334    6.88930 0.0000e+00
       1675     31.629     6.9703     6.9690   3.273559   3.273695     2.9308     2.7387      8.178     0.5587     1.6876 1.0790e-01     0.1271    96.8729     7.4005     6.1510    32.2174    32.2201    25.2313    25.2336    6.88930 0.0000e+00
       1678     31.691     6.9702     6.9690   3.273553   3.273707     2.9320     2.7387      8.178     0.5588     1.6876 1.0790e-01     0.1271    96.8729     7.4041     6.1539    32.2174    32.2202    25.2313    25.2337    6.88931 0.0000e+00
       1681     31.756     6.9702     6.9691   3.273541   3.273693     2.9316     2.7387      8.178     0.5441     1.6876 1.0790e-01     0.1275    96.8642     7.4029     6.1570    32.2172    32.2199    25.2312    25.2335    6.88932 0.0000e+00
       1684     31.821     6.9701     6.9690   3.273572   3.273689     2.9316     2.7387      8.178     0.5392     1.6876 1.0790e-01     0.1271    96.8729     7.4030     6.1610    32.2176    32.2199    25.2315    25.2335    6.88932 0.0000e+00
       1687     31.888     6.9701     6.9690   3.273528   3.273707     2.9316     2.7375      8.178     0.5392     1.6876 1.0790e-01     0.1271    96.8729     7.4044     6.1609    32.2172    32.2201    25.2312    25.2337    6.88935 0.0000e+00
       1690     31.954     6.9700     6.9689   3.273562   3.273697     2.9325     2.7375      8.178     0.5392     1.6876 1.0790e-01     0.1282    96.8469     7.4068     6.1640    32.2175    32.2201    25.2315    25.2336    6.88934 0.0000e+00
       1693     32.019     6.9700     6.9688   3.273551   3.273691     2.9325     2.7383      8.178     0.5490     1.6876 1.0790e-01     0.1285    96.8382     7.4077     6.1681    32.2175    32.2201    25.2314    25.2336    6.88936 0.0000e+00
       1696     32.083     6.9700     6.9687   3.273558   3.273681     2.9320     2.7387      8.178     0.5392     1.6876 1.0790e-01     0.1292    96.8208     7.4062     6.1708    32.2174    32.2201    25.2314    25.2336    6.88934 0.0000e+00
       1699     32.148     6.9700     6.9688   3.273570   3.273708     2.9329     2.7387      8.178     0.5392     1.6876 1.0790e-01     0.1285    96.8382     7.4092     6.1720    32.2175    32.2202    25.2315    25.2338    6.88934 0.0000e+00
       1702     32.212     6.9699     6.9688   3.273558   3.273726     2.9329     2.7391      8.178     0.5392     1.6876 1.0790e-01     0.1285    96.8382     7.4088     6.1741    32.2175    32.2203    25.2314    25.2338    6.88936 0.0000e+00
       1705     32.274     6.9700     6.9688   3.273558   3.273722     2.9329     2.7387      8.178     0.5441     1.6876 1.0790e-01     0.1292    96.8208     7.4094     6.1738    32.2174    32.2203    25.2314    25.2338    6.88936 0.0000e+00
       1708     32.336     6.9700     6.9689   3.273567   3.273716     2.9333     2.7399      8.178     0.5392     1.6481 1.0790e-01     0.1289    96.8295     7.4108     6.1789    32.2174    32.2201    25.2314    25.2336    6.88934 0.0000e+00
       1711     32.391     6.9700     6.9687   3.273571   3.273703     2.9337     2.7399      8.178     0.5539     1.5692 1.0790e-01     0.1292    96.8208     7.4114     6.1803    32.2174    32.2201    25.2314    25.2337    6.88935 0.0000e+00
       1714     32.445     6.9700     6.9686   3.273577   3.273710     2.9337     2.7399      8.178     0.5636     1.5692 1.0790e-01     0.1296    96.8121     7.4115     6.1799    32.2175    32.2203    25.2315    25.2338    6.88935 0.0000e+00
       1717     32.500     6.9700     6.9687   3.273561   3.273720     2.9341     2.7391      8.178     0.5588     1.5692 1.0790e-01     0.1292    96.8208     7.4128     6.1773    32.2173    32.2203    25.2313    25.2338    6.88936 0.0000e+00
       1720     32.553     6.9700     6.9690   3.273580   3.273723     2.9341     2.7399      8.178     0.5539     1.5692 1.0777e-01     0.1292    96.8208     7.4128     6.1792    32.2174    32.2200    25.2314    25.2336    6.88934 0.0000e+00
       1723     32.601     6.9699     6.9690   3.273569   3.273719     2.9345     2.7399      8.178     0.5636     1.5692 1.0777e-01     0.1292    96.8208     7.4131     6.1789    32.2174    32.2200    25.2314    25.2335    6.88936 0.0000e+00
       1726     32.644     6.9700     6.9689   3.273568   3.273723     2.9341     2.7399      8.178     0.5490     1.5692 1.0790e-01     0.1292    96.8208     7.4122     6.1782    32.2173    32.2200    25.2313    25.2336    6.88935 0.0000e+00
       1729     32.687     6.9700     6.9691   3.273594   3.273732     2.9345     2.7399      8.178     0.5539     1.5692 1.0790e-01     0.1296    96.8121     7.4129     6.1777    32.2175    32.2200    25.2315    25.2335    6.88934 0.0000e+00
       1732     32.726     6.9701     6.9687   3.273597   3.273739     2.9353     2.7412      8.178     0.5490     1.5692 1.0790e-01     0.1282    96.8469     7.4152     6.1805    32.2175    32.2203    25.2314    25.2338    6.88933 0.0000e+00
       1735     32.764     6.9702     6.9688   3.273628   3.273745     2.9345     2.7412      8.178     0.5637     1.5692 1.0790e-01     0.1282    96.8469     7.4133     6.1804    32.2177    32.2203    25.2316    25.2339    6.88930 0.0000e+00
       1738     32.799     6.9705     6.9689   3.273629   3.273709     2.9353     2.7412      8.178     0.5685     1.5692 1.0790e-01     0.1282    96.8469     7.4155     6.1797    32.2174    32.2198    25.2313    25.2334    6.88926 0.0000e+00
       1741     32.827     6.9706     6.9687   3.273678   3.273711     2.9353     2.7412      8.178     0.5734     1.5692 1.0790e-01     0.1282    96.8469     7.4164     6.1785    32.2178    32.2199    25.2316    25.2336    6.88923 0.0000e+00
       1744     32.850     6.9707     6.9687   3.273701   3.273709     2.9353     2.7412      8.178     0.5685     1.5692 1.0790e-01     0.1282    96.8469     7.4167     6.1768    32.2180    32.2199    25.2317    25.2335    6.88921 0.0000e+00
       1747     32.875     6.9712     6.9689   3.273719   3.273734     2.9353     2.7412      8.178     0.5783     1.5692 1.0790e-01     0.1282    96.8469     7.4169     6.1756    32.2177    32.2201    25.2315    25.2336    6.88914 0.0000e+00
       1775     33.004     6.9713     6.9692   3.273718   3.273746     2.9373     2.7395      8.178     0.8713     1.5692 1.0790e-01     0.1275    96.8642     7.4149     6.1614    32.2175    32.2198    25.2313    25.2334    6.88914 0.0000e+00
       1790     33.080     6.9715     6.9692   3.273729   3.273776     2.9365     2.7387      8.178     1.1985     1.5692 1.0790e-01     0.1267    96.8816     7.4094     6.1560    32.2174    32.2201    25.2312    25.2337    6.88911 0.0000e+00
       1793     33.110     6.9718     6.9692   3.273789   3.273768     2.9373     2.7387      8.178     1.1936     1.5692 1.0790e-01     0.1239    96.9511     7.4123     6.1578    32.2179    32.2200    25.2315    25.2335    6.88905 0.0000e+00
       1796     33.145     6.9722     6.9692   3.273810   3.273772     2.9365     2.7387      8.178     1.1888     1.5692 1.0790e-01     0.1239    96.9511     7.4103     6.1600    32.2177    32.2201    25.2313    25.2335    6.88899 0.0000e+00
       1799     33.189     6.9722     6.9691   3.273770   3.273768     2.9365     2.7387      8.178     1.1936     1.5692 1.0790e-01     0.1242    96.9424     7.4109     6.1625    32.2172    32.2200    25.2309    25.2336    6.88900 0.0000e+00
       1802     33.237     6.9721     6.9691   3.273773   3.273786     2.9369     2.7387      8.178     1.1936     1.5692 1.0790e-01     0.1239    96.9511     7.4142     6.1642    32.2173    32.2202    25.2310    25.2337    6.88902 0.0000e+00
       1805     33.291     6.9722     6.9691   3.273779   3.273790     2.9369     2.7387      8.178     1.1839     1.5692 1.0790e-01     0.1239    96.9511     7.4160     6.1657    32.2173    32.2203    25.2310    25.2337    6.88901 0.0000e+00
