Datasets/AZMP/COO001/79001052.cnv
* Sea-Bird SBE 9 Data File:
* FileName = C:\CTDDATA\79001052.hex
* Software Version Seasave V 7.26.7.110
* Temperature SN = 5660
* Conductivity SN = 3698
* Number of Bytes Per Scan = 30
* Number of Voltage Words = 4
* Number of Scans Averaged by the Deck Unit = 1
* NMEA baud rate = 9600
** VESSEL/TRIP/SEQ STN:  79001052
** LATITUDE XX XX.XX N:  47 00.00 N
** LONGITUDE XX XX.XX W:  44 46.30 W
** SOUNDING DEPTH (M):  0154
** PROBE TYPE: S1257
** CTD NUMBER: 027
** COMMENTS (14 CHAR): FC-26
** BOTTLES:  20
** LEVELS: 5,5,5,5,10,20,20,20,20,30,40,50,50,50,50,75,100,100,100,BTM
** STICKERS: 435006 - 435025
** VNET: Y
** DO2: N
# nquan = 22
# nvalues = 4280                        
# units = specified
# name 0 = scan: Scan Count
# name 1 = prDM: Pressure, Digiquartz [db]
# name 2 = t090C: Temperature [ITS-90, deg C]
# name 3 = t190C: Temperature, 2 [ITS-90, deg C]
# name 4 = c0S/m: Conductivity [S/m]
# name 5 = c1S/m: Conductivity, 2 [S/m]
# name 6 = sbeox0V: Oxygen raw, SBE 43 [V]
# name 7 = sbeox1V: Oxygen raw, SBE 43, 2 [V]
# name 8 = ph: pH
# name 9 = flECO-AFL: Fluorescence, WET Labs ECO-AFL/FL [mg/m^3]
# name 10 = wetCDOM: Fluorescence, WET Labs CDOM [mg/m^3]
# name 11 = par/sat/log: PAR/Logarithmic, Satlantic [umol photons/m^2/sec]
# name 12 = CStarAt0: Beam Attenuation, WET Labs C-Star [1/m]
# name 13 = CStarTr0: Beam Transmission, WET Labs C-Star [%]
# name 14 = sbeox0ML/L: Oxygen, SBE 43 [ml/l], WS = 2
# name 15 = sbeox1ML/L: Oxygen, SBE 43, 2 [ml/l], WS = 2
# name 16 = sal00: Salinity, Practical [PSU]
# name 17 = sal11: Salinity, Practical, 2 [PSU]
# name 18 = sigma-t00: Density [sigma-t, kg/m^3 ]
# name 19 = sigma-t11: Density, 2 [sigma-t, kg/m^3 ]
# name 20 = oxsatML/L: Oxygen Saturation, Weiss [ml/l]
# name 21 = flag: flag
# span 0 =          2,      58188       
# span 1 =      2.458,    147.116       
# span 2 =     3.5923,     7.9956       
# span 3 =     3.5888,     7.9939       
# span 4 =   3.177608,   3.485084       
# span 5 =   3.177799,   3.485175       
# span 6 =     2.2783,     2.7853       
# span 7 =     2.2493,     2.7474       
# span 8 =      8.003,      8.207       
# span 9 =    -0.0078,     1.3451       
# span 10 =    -2.8130,   482.1080      
# span 11 = 1.0752e-01, 1.4646e+02      
# span 12 =     0.0535,     0.1999      
# span 13 =    95.1263,    98.6717      
# span 14 =     5.8710,     6.9752      
# span 15 =     6.1131,     7.2127      
# span 16 =    33.4232,    34.6042      
# span 17 =    33.5089,    34.6072      
# span 18 =    26.1019,    27.5084      
# span 19 =    26.1044,    27.5109      
# span 20 =    6.67184,    7.35954      
# span 21 = 0.0000e+00, 0.0000e+00      
# interval = scans: 3                   
# start_time = Nov 28 2019 16:17:41 [System UTC, header]
# bad_flag = -9.990e-29
*END*
[from data line 3556]
      33558     41.934     7.9880     7.9890   3.483416   3.483606     2.7626     2.7260      8.202     1.0325    -0.6811 9.2885e-01     0.1828    95.5347     6.6675     6.9925    33.5143    33.5155    26.1089    26.1096    6.67286 0.0000e+00
      33561     41.896     7.9880     7.9888   3.483442   3.483610     2.7630     2.7256      8.204     1.0227    -0.6811 9.3532e-01     0.1828    95.5347     6.6690     6.9929    33.5146    33.5157    26.1091    26.1098    6.67285 0.0000e+00
      33564     41.862     7.9882     7.9884   3.483410   3.483576     2.7626     2.7256      8.202     1.0325    -0.6811 9.3532e-01     0.1831    95.5260     6.6672     6.9959    33.5142    33.5157    26.1087    26.1099    6.67285 0.0000e+00
      33567     41.836     7.9883     7.9883   3.483413   3.483547     2.7634     2.7256      8.202     1.0276    -0.6811 9.4292e-01     0.1828    95.5347     6.6692     6.9965    33.5141    33.5155    26.1086    26.1097    6.67283 0.0000e+00
      33636     41.814     7.9882     7.9881   3.483401   3.483561     2.7626     2.7264      8.202     1.1693    -0.9180 8.9868e-01     0.1820    95.5521     6.6687     7.0224    33.5140    33.5159    26.1086    26.1101    6.67285 0.0000e+00
      33672     41.765     7.9883     7.9881   3.483436   3.483553     2.7638     2.7272      8.202     1.2376    -1.0364 8.7771e-01     0.1820    95.5521     6.6724     7.0358    33.5144    33.5158    26.1089    26.1100    6.67282 0.0000e+00
      33675     41.707     7.9884     7.9883   3.483432   3.483553     2.7642     2.7268      8.202     1.2328    -1.0364 8.8690e-01     0.1817    95.5608     6.6724     7.0327    33.5142    33.5156    26.1088    26.1099    6.67281 0.0000e+00
      33678     41.646     7.9885     7.9884   3.483447   3.483567     2.7638     2.7272      8.204     1.2328    -1.0364 8.9511e-01     0.1813    95.5695     6.6695     7.0319    33.5143    33.5157    26.1088    26.1099    6.67279 0.0000e+00
      33681     41.583     7.9887     7.9883   3.483447   3.483555     2.7638     2.7268      8.202     1.1790    -1.0364 9.1077e-01     0.1817    95.5608     6.6690     7.0283    33.5142    33.5157    26.1086    26.1099    6.67276 0.0000e+00
      33684     41.515     7.9890     7.9883   3.483456   3.483535     2.7634     2.7272      8.204     1.1497    -1.0364 9.1183e-01     0.1820    95.5521     6.6680     7.0285    33.5140    33.5155    26.1085    26.1098    6.67273 0.0000e+00
      33687     41.446     7.9892     7.9880   3.483457   3.483528     2.7638     2.7284      8.202     1.1448    -1.0364 9.2030e-01     0.1813    95.5695     6.6688     7.0318    33.5138    33.5158    26.1083    26.1100    6.67270 0.0000e+00
      33690     41.374     7.9893     7.9878   3.483442   3.483507     2.7638     2.7280      8.202     1.1497    -1.0364 9.2564e-01     0.1820    95.5521     6.6679     7.0291    33.5136    33.5158    26.1081    26.1100    6.67270 0.0000e+00
      33693     41.301     7.9889     7.9877   3.483401   3.483506     2.7638     2.7272      8.202     1.1546    -1.0364 9.3640e-01     0.1813    95.5695     6.6673     7.0232    33.5136    33.5159    26.1081    26.1102    6.67276 0.0000e+00
      33696     41.227     7.9886     7.9874   3.483396   3.483486     2.7630     2.7280      8.202     1.1546    -1.0364 9.4620e-01     0.1813    95.5695     6.6632     7.0256    33.5139    33.5160    26.1085    26.1103    6.67279 0.0000e+00
      33699     41.152     7.9882     7.9874   3.483330   3.483486     2.7626     2.7276      8.202     1.1497    -1.0364 9.5167e-01     0.1813    95.5695     6.6628     7.0247    33.5136    33.5160    26.1083    26.1103    6.67286 0.0000e+00
      33702     41.078     7.9879     7.9873   3.483319   3.483471     2.7630     2.7272      8.204     1.1448    -1.0364 9.5609e-01     0.1813    95.5695     6.6643     7.0224    33.5139    33.5160    26.1085    26.1103    6.67291 0.0000e+00
      33705     41.005     7.9876     7.9871   3.483312   3.483451     2.7634     2.7280      8.202     1.1497    -1.0364 9.7732e-01     0.1813    95.5695     6.6655     7.0247    33.5141    33.5160    26.1087    26.1104    6.67294 0.0000e+00
      33708     40.936     7.9873     7.9870   3.483306   3.483455     2.7630     2.7280      8.202     1.0960    -1.0364 9.8298e-01     0.1813    95.5695     6.6637     7.0238    33.5144    33.5162    26.1090    26.1105    6.67298 0.0000e+00
      33711     40.865     7.9873     7.9873   3.483296   3.483453     2.7626     2.7284      8.202     1.0862    -0.9575 9.8640e-01     0.1813    95.5695     6.6628     7.0252    33.5143    33.5159    26.1089    26.1103    6.67299 0.0000e+00
      33714     40.794     7.9872     7.9873   3.483254   3.483466     2.7618     2.7276      8.202     1.0862    -0.9180 9.8983e-01     0.1813    95.5695     6.6617     7.0244    33.5139    33.5161    26.1087    26.1104    6.67301 0.0000e+00
      33717     40.725     7.9871     7.9873   3.483260   3.483457     2.7626     2.7272      8.202     1.0911    -0.9180 9.9789e-01     0.1813    95.5695     6.6660     7.0232    33.5141    33.5160    26.1088    26.1103    6.67301 0.0000e+00
      33720     40.661     7.9872     7.9874   3.483267   3.483456     2.7622     2.7284      8.202     1.0911    -0.9180 1.0037e+00     0.1813    95.5695     6.6659     7.0262    33.5141    33.5160    26.1088    26.1103    6.67300 0.0000e+00
      33723     40.598     7.9871     7.9876   3.483242   3.483467     2.7626     2.7284      8.202     1.0862    -0.9180 1.0107e+00     0.1813    95.5695     6.6665     7.0273    33.5140    33.5159    26.1087    26.1102    6.67302 0.0000e+00
      33726     40.538     7.9872     7.9877   3.483283   3.483447     2.7626     2.7280      8.202     1.0960    -0.9180 1.0141e+00     0.1813    95.5695     6.6665     7.0259    33.5144    33.5156    26.1091    26.1100    6.67299 0.0000e+00
      33729     40.482     7.9876     7.9879   3.483299   3.483484     2.7618     2.7284      8.202     1.0862    -0.9180 1.0260e+00     0.1820    95.5521     6.6644     7.0258    33.5142    33.5159    26.1088    26.1100    6.67294 0.0000e+00
      33732     40.429     7.9879     7.9882   3.483306   3.483501     2.7618     2.7284      8.202     1.0862    -0.9180 1.0295e+00     0.1849    95.4825     6.6657     7.0277    33.5139    33.5157    26.1086    26.1100    6.67290 0.0000e+00
      33735     40.381     7.9882     7.9885   3.483278   3.483504     2.7622     2.7284      8.204     1.1155    -0.9180 1.0367e+00     0.1845    95.4912     6.6678     7.0277    33.5134    33.5155    26.1082    26.1098    6.67288 0.0000e+00
      33738     40.335     7.9881     7.9886   3.483271   3.483510     2.7634     2.7284      8.204     1.1155    -0.9180 1.0427e+00     0.1856    95.4652     6.6711     7.0276    33.5134    33.5155    26.1082    26.1097    6.67289 0.0000e+00
      33741     40.292     7.9879     7.9886   3.483233   3.483502     2.7630     2.7284      8.202     1.1253    -0.9180 1.0451e+00     0.1852    95.4739     6.6695     7.0256    33.5132    33.5155    26.1081    26.1097    6.67293 0.0000e+00
      33744     40.251     7.9878     7.9884   3.483254   3.483502     2.7626     2.7284      8.202     1.1253    -0.9180 1.0463e+00     0.1856    95.4652     6.6683     7.0240    33.5136    33.5156    26.1084    26.1099    6.67293 0.0000e+00
      33747     40.217     7.9877     7.9882   3.483268   3.483468     2.7618     2.7292      8.202     1.1155    -0.9180 1.0548e+00     0.1856    95.4652     6.6661     7.0262    33.5139    33.5156    26.1085    26.1098    6.67293 0.0000e+00
      33750     40.182     7.9876     7.9878   3.483236   3.483416     2.7626     2.7284      8.202     1.1155    -0.9180 1.0548e+00     0.1856    95.4652     6.6682     7.0238    33.5136    33.5154    26.1084    26.1097    6.67296 0.0000e+00
      33753     40.150     7.9875     7.9876   3.483263   3.483424     2.7622     2.7288      8.202     1.1204    -0.9180 1.0621e+00     0.1860    95.4565     6.6664     7.0262    33.5140    33.5157    26.1087    26.1100    6.67295 0.0000e+00
      33756     40.119     7.9876     7.9876   3.483259   3.483408     2.7626     2.7292      8.202     1.1106    -0.9180 1.0622e+00     0.1856    95.4652     6.6671     7.0280    33.5139    33.5155    26.1086    26.1098    6.67295 0.0000e+00
      33759     40.091     7.9878     7.9873   3.483253   3.483427     2.7630     2.7288      8.204     1.1008    -0.9180 1.0585e+00     0.1856    95.4652     6.6678     7.0273    33.5137    33.5160    26.1084    26.1103    6.67293 0.0000e+00
      33762     40.062     7.9879     7.9873   3.483275   3.483393     2.7622     2.7284      8.204     1.0862    -0.9575 1.0695e+00     0.1856    95.4652     6.6649     7.0259    33.5139    33.5156    26.1085    26.1100    6.67291 0.0000e+00
      33765     40.036     7.9879     7.9875   3.483270   3.483404     2.7626     2.7288      8.202     1.0911    -1.0364 1.0622e+00     0.1856    95.4652     6.6667     7.0275    33.5138    33.5156    26.1085    26.1099    6.67291 0.0000e+00
      33880     39.995     7.9900     7.9898   3.483375   3.483547     2.7634     2.7304      8.202     1.1790    -0.9575 1.0597e+00     0.1846    95.4912     6.6682     7.0211    33.5130    33.5150    26.1075    26.1091    6.67263 0.0000e+00
      33937     39.953     7.9909     7.9912   3.483425   3.483585     2.7626     2.7308      8.202     1.2425    -0.9180 1.0524e+00     0.1838    95.5086     6.6667     7.0169    33.5126    33.5140    26.1071    26.1081    6.67250 0.0000e+00
      33940     39.906     7.9912     7.9915   3.483430   3.483585     2.7626     2.7308      8.202     1.2328    -0.9180 1.0646e+00     0.1835    95.5173     6.6674     7.0165    33.5124    33.5138    26.1069    26.1079    6.67246 0.0000e+00
      33943     39.860     7.9912     7.9916   3.483436   3.483591     2.7634     2.7308      8.202     1.1009    -0.9180 1.0695e+00     0.1838    95.5086     6.6686     7.0154    33.5124    33.5138    26.1069    26.1079    6.67245 0.0000e+00
      33946     39.812     7.9911     7.9916   3.483427   3.483583     2.7638     2.7308      8.204     1.0569    -0.7996 1.0758e+00     0.1835    95.5173     6.6686     7.0143    33.5124    33.5137    26.1070    26.1079    6.67247 0.0000e+00
      33949     39.765     7.9909     7.9914   3.483420   3.483587     2.7638     2.7308      8.202     1.0569    -0.6811 1.0807e+00     0.1838    95.5086     6.6683     7.0120    33.5126    33.5139    26.1071    26.1080    6.67250 0.0000e+00
      33952     39.720     7.9908     7.9915   3.483388   3.483560     2.7630     2.7304      8.202     1.0618    -0.6811 1.0870e+00     0.1842    95.4999     6.6666     7.0097    33.5124    33.5136    26.1070    26.1078    6.67253 0.0000e+00
      33955     39.678     7.9904     7.9914   3.483385   3.483597     2.7626     2.7300      8.202     1.0618    -0.6811 1.0858e+00     0.1835    95.5173     6.6658     7.0063    33.5128    33.5141    26.1073    26.1082    6.67256 0.0000e+00
      33958     39.640     7.9902     7.9913   3.483370   3.483568     2.7630     2.7300      8.202     1.0667    -0.6811 1.0946e+00     0.1835    95.5173     6.6671     7.0040    33.5129    33.5139    26.1074    26.1080    6.67260 0.0000e+00
      33961     39.604     7.9901     7.9911   3.483353   3.483561     2.7638     2.7296      8.202     1.0667    -0.6811 1.0959e+00     0.1838    95.5086     6.6703     7.0013    33.5128    33.5140    26.1073    26.1082    6.67262 0.0000e+00
      33964     39.572     7.9900     7.9909   3.483372   3.483565     2.7626     2.7296      8.202     1.0569    -0.6811 1.1086e+00     0.1835    95.5173     6.6682     6.9998    33.5131    33.5143    26.1076    26.1084    6.67261 0.0000e+00
      33967     39.544     7.9898     7.9909   3.483366   3.483564     2.7622     2.7296      8.202     1.0618    -0.6811 1.1035e+00     0.1835    95.5173     6.6680     6.9992    33.5133    33.5143    26.1078    26.1085    6.67265 0.0000e+00
      33970     39.517     7.9899     7.9910   3.483356   3.483569     2.7622     2.7288      8.202     1.0813    -0.6811 1.1124e+00     0.1835    95.5173     6.6686     6.9969    33.5131    33.5142    26.1076    26.1083    6.67264 0.0000e+00
      34020     39.497     7.9900     7.9914   3.483360   3.483573     2.7638     2.7284      8.202     1.0764    -0.5627 1.1112e+00     0.1849    95.4825     6.6700     7.0061    33.5130    33.5140    26.1075    26.1081    6.67262 0.0000e+00
      34117     39.473     7.9901     7.9920   3.483347   3.483570     2.7659     2.7280      8.204     1.0716    -0.4443 1.1150e+00     0.1867    95.4391     6.6665     7.0226    33.5128    33.5133    26.1073    26.1075    6.67261 0.0000e+00
      34120     39.441     7.9902     7.9920   3.483352   3.483568     2.7647     2.7284      8.202     1.0716    -0.4443 1.1280e+00     0.1867    95.4391     6.6634     7.0214    33.5128    33.5133    26.1073    26.1075    6.67261 0.0000e+00
      34123     39.411     7.9902     7.9920   3.483356   3.483566     2.7638     2.7284      8.204     1.0716    -0.4443 1.1332e+00     0.1867    95.4391     6.6621     7.0179    33.5128    33.5133    26.1074    26.1075    6.67260 0.0000e+00
      34126     39.380     7.9902     7.9920   3.483341   3.483580     2.7638     2.7284      8.202     1.0423    -0.4443 1.1358e+00     0.1867    95.4391     6.6641     7.0146    33.5126    33.5135    26.1073    26.1076    6.67260 0.0000e+00
      34129     39.348     7.9902     7.9921   3.483358   3.483574     2.7638     2.7284      8.202     1.0374    -0.4443 1.1464e+00     0.1867    95.4391     6.6644     7.0113    33.5129    33.5134    26.1074    26.1075    6.67260 0.0000e+00
      34132     39.317     7.9902     7.9921   3.483354   3.483580     2.7638     2.7280      8.204     1.0276    -0.4443 1.1477e+00     0.1867    95.4391     6.6645     7.0061    33.5128    33.5134    26.1074    26.1075    6.67260 0.0000e+00
      34137     39.273     7.9902     7.9922   3.483329   3.483603     2.7634     2.7272      8.202     1.0325    -0.4443 1.1557e+00     0.1856    95.4652     6.6642     6.9999    33.5126    33.5136    26.1072    26.1077    6.67261 0.0000e+00
      34140     39.242     7.9901     7.9922   3.483310   3.483580     2.7634     2.7272      8.204     1.0325    -0.4443 1.1610e+00     0.1856    95.4652     6.6656     6.9992    33.5125    33.5134    26.1071    26.1075    6.67263 0.0000e+00
      34143     39.213     7.9901     7.9919   3.483338   3.483569     2.7642     2.7272      8.204     1.0227    -0.4443 1.1732e+00     0.1856    95.4652     6.6705     6.9984    33.5128    33.5136    26.1074    26.1077    6.67262 0.0000e+00
      34146     39.184     7.9902     7.9918   3.483347   3.483569     2.7642     2.7264      8.202     1.0227    -0.4443 1.1610e+00     0.1856    95.4652     6.6718     6.9960    33.5129    33.5136    26.1074    26.1078    6.67260 0.0000e+00
      34149     39.160     7.9903     7.9919   3.483369   3.483571     2.7647     2.7268      8.204     1.0276    -0.4443 1.1664e+00     0.1856    95.4652     6.6732     6.9979    33.5130    33.5136    26.1075    26.1078    6.67258 0.0000e+00
      34152     39.138     7.9903     7.9919   3.483358   3.483555     2.7638     2.7268      8.202     1.0813    -0.4443 1.1759e+00     0.1856    95.4652     6.6707     6.9990    33.5128    33.5135    26.1074    26.1076    6.67258 0.0000e+00
      34348     39.108     7.9905     7.9908   3.483295   3.483502     2.7651     2.7272      8.204     1.0911    -0.6811 1.1800e+00     0.1867    95.4391     6.6722     7.0138    33.5120    33.5139    26.1067    26.1082    6.67259 0.0000e+00
      34351     39.064     7.9903     7.9911   3.483265   3.483511     2.7651     2.7272      8.202     1.0960    -0.6811 1.1828e+00     0.1867    95.4391     6.6726     7.0139    33.5119    33.5138    26.1067    26.1080    6.67263 0.0000e+00
