Datasets/AZMP/COO001/79001126.cnv
* Sea-Bird SBE 9 Data File:
* FileName = C:\CTDDATA\79001126.hex
* Software Version Seasave V 7.26.7.110
* Temperature SN = 5660
* Conductivity SN = 3698
* Number of Bytes Per Scan = 30
* Number of Voltage Words = 4
* Number of Scans Averaged by the Deck Unit = 1
* NMEA baud rate = 9600
** VESSEL/TRIP/SEQ STN:  79001126
** LATITUDE XX XX.XX N:  47 32.80 N
** LONGITUDE XX XX.XX W:  52 35.20 W
** SOUNDING DEPTH (M):  0180
** PROBE TYPE: S1257
** CTD NUMBER: 086
** COMMENTS (14 CHAR): S27-01
** BOTTLES:  20
** LEVELS: 5,5,5,5,10,20,20,20,20,30,40,50,50,50,75,100,100,100,150,BTM
** STICKERS: 435694 - 435713
** VNET: Y
** DO2: N
# nquan = 22
# nvalues = 5856                        
# units = specified
# name 0 = scan: Scan Count
# name 1 = prDM: Pressure, Digiquartz [db]
# name 2 = t090C: Temperature [ITS-90, deg C]
# name 3 = t190C: Temperature, 2 [ITS-90, deg C]
# name 4 = c0S/m: Conductivity [S/m]
# name 5 = c1S/m: Conductivity, 2 [S/m]
# name 6 = sbeox0V: Oxygen raw, SBE 43 [V]
# name 7 = sbeox1V: Oxygen raw, SBE 43, 2 [V]
# name 8 = ph: pH
# name 9 = flECO-AFL: Fluorescence, WET Labs ECO-AFL/FL [mg/m^3]
# name 10 = wetCDOM: Fluorescence, WET Labs CDOM [mg/m^3]
# name 11 = par/sat/log: PAR/Logarithmic, Satlantic [umol photons/m^2/sec]
# name 12 = CStarAt0: Beam Attenuation, WET Labs C-Star [1/m]
# name 13 = CStarTr0: Beam Transmission, WET Labs C-Star [%]
# name 14 = sbeox0ML/L: Oxygen, SBE 43 [ml/l], WS = 2
# name 15 = sbeox1ML/L: Oxygen, SBE 43, 2 [ml/l], WS = 2
# name 16 = sal00: Salinity, Practical [PSU]
# name 17 = sal11: Salinity, Practical, 2 [PSU]
# name 18 = sigma-t00: Density [sigma-t, kg/m^3 ]
# name 19 = sigma-t11: Density, 2 [sigma-t, kg/m^3 ]
# name 20 = oxsatML/L: Oxygen Saturation, Weiss [ml/l]
# name 21 = flag: flag
# span 0 =         27,      59958       
# span 1 =      0.686,    170.202       
# span 2 =    -0.3147,     3.4244       
# span 3 =    -0.3167,     3.4234       
# span 4 =   2.729857,   2.925325       
# span 5 =   2.730075,   2.925319       
# span 6 =     2.4178,     2.7586       
# span 7 =     2.3921,     2.7309       
# span 8 =      8.052,      8.167       
# span 9 =     0.0215,     0.7834       
# span 10 =     1.6876,     2.3982      
# span 11 = 1.0642e-01, 6.6553e-01      
# span 12 =     0.0800,     0.2042      
# span 13 =    95.0220,    98.0200      
# span 14 =     6.7043,     7.7258      
# span 15 =     7.4446,     8.1303      
# span 16 =    31.5896,    33.0141      
# span 17 =    31.1663,    32.9681      
# span 18 =    25.1459,    26.5173      
# span 19 =    24.8094,    26.4784      
# span 20 =    7.53460,    8.22764      
# span 21 = 0.0000e+00, 0.0000e+00      
# interval = scans: 3                   
# start_time = Dec 09 2019 04:30:30 [System UTC, header]
# bad_flag = -9.990e-29
*END*
[from data line 3885]
      25706     97.107     2.0508     2.0556   2.867267   2.867515     2.6993     2.6680      8.144     0.2706     1.8060 1.0790e-01     0.0843    97.9157     7.6841     8.0750    32.2609    32.2591    25.7740    25.7722    7.76888 0.0000e+00
      25709     97.030     2.0516     2.0544   2.867299   2.867484     2.6993     2.6684      8.146     0.2706     1.8060 1.0790e-01     0.0843    97.9157     7.6863     8.0788    32.2605    32.2600    25.7736    25.7730    7.76873 0.0000e+00
      25712     96.955     2.0522     2.0547   2.867269   2.867506     2.6993     2.6684      8.144     0.2755     1.8060 1.0790e-01     0.0843    97.9157     7.6889     8.0803    32.2596    32.2600    25.7728    25.7730    7.76866 0.0000e+00
      25715     96.882     2.0524     2.0542   2.867265   2.867494     2.6997     2.6680      8.144     0.2706     1.8850 1.0790e-01     0.0846    97.9070     7.6907     8.0796    32.2594    32.2604    25.7726    25.7733    7.76863 0.0000e+00
      25718     96.809     2.0528     2.0546   2.867274   2.867536     2.6993     2.6688      8.146     0.2657     1.9245 1.0790e-01     0.0843    97.9157     7.6890     8.0825    32.2592    32.2606    25.7724    25.7734    7.76858 0.0000e+00
      25721     96.739     2.0534     2.0561   2.867349   2.867590     2.6997     2.6684      8.143     0.2706     1.9245 1.0790e-01     0.0839    97.9244     7.6890     8.0811    32.2595    32.2597    25.7727    25.7726    7.76844 0.0000e+00
      25724     96.673     2.0560     2.0575   2.867608   2.867639     2.6993     2.6684      8.146     0.2657     1.9245 1.0790e-01     0.0843    97.9157     7.6876     8.0816    32.2601    32.2589    25.7730    25.7719    7.76789 0.0000e+00
      25727     96.609     2.0600     2.0629   2.867775   2.867929     2.6993     2.6688      8.144     0.2706     1.9245 1.0790e-01     0.0843    97.9157     7.6897     8.0811    32.2582    32.2571    25.7711    25.7701    7.76719 0.0000e+00
      25730     96.546     2.0631     2.0688   2.867765   2.868091     2.7010     2.6688      8.146     0.2706     1.9245 1.0790e-01     0.0839    97.9244     7.6967     8.0789    32.2549    32.2532    25.7683    25.7664    7.76674 0.0000e+00
      25733     96.487     2.0639     2.0738   2.867692   2.868273     2.7010     2.6688      8.144     0.2755     1.9245 1.0790e-01     0.0843    97.9157     7.6970     8.0766    32.2532    32.2504    25.7668    25.7638    7.76667 0.0000e+00
      25736     96.430     2.0641     2.0776   2.867724   2.868390     2.7010     2.6688      8.146     0.2706     1.9245 1.0790e-01     0.0843    97.9157     7.6956     8.0759    32.2535    32.2480    25.7670    25.7616    7.76662 0.0000e+00
      25739     96.374     2.0638     2.0801   2.867693   2.868469     2.7002     2.6688      8.144     0.2755     1.9245 1.0790e-01     0.0843    97.9157     7.6901     8.0737    32.2533    32.2465    25.7669    25.7603    7.76668 0.0000e+00
      25742     96.321     2.0641     2.0816   2.867749   2.868496     2.7006     2.6684      8.143     0.2657     2.0034 1.0790e-01     0.0843    97.9157     7.6897     8.0711    32.2538    32.2453    25.7673    25.7592    7.76660 0.0000e+00
      25745     96.270     2.0648     2.0823   2.867693   2.868528     2.7006     2.6688      8.146     0.2657     2.0429 1.0790e-01     0.0843    97.9157     7.6885     8.0740    32.2525    32.2450    25.7661    25.7590    7.76654 0.0000e+00
      25748     96.219     2.0643     2.0829   2.867673   2.868545     2.7010     2.6688      8.146     0.2657     2.0429 1.0790e-01     0.0843    97.9157     7.6882     8.0734    32.2527    32.2446    25.7664    25.7586    7.76662 0.0000e+00
      25751     96.171     2.0639     2.0823   2.867698   2.868495     2.7018     2.6688      8.146     0.2999     2.0429 1.0790e-01     0.0843    97.9157     7.6888     8.0725    32.2535    32.2446    25.7670    25.7586    7.76666 0.0000e+00
      25754     96.124     2.0655     2.0814   2.867764   2.868473     2.7014     2.6688      8.146     0.3145     2.0429 1.0790e-01     0.0846    97.9070     7.6863     8.0725    32.2527    32.2453    25.7663    25.7592    7.76638 0.0000e+00
      25757     96.079     2.0658     2.0796   2.867742   2.868386     2.7014     2.6688      8.146     0.3145     2.0429 1.0790e-01     0.0864    97.8636     7.6856     8.0726    32.2521    32.2460    25.7658    25.7599    7.76635 0.0000e+00
      25760     96.037     2.0657     2.0770   2.867731   2.868270     2.7006     2.6688      8.144     0.3145     2.0429 1.0790e-01     0.0867    97.8549     7.6824     8.0729    32.2521    32.2473    25.7658    25.7612    7.76637 0.0000e+00
      25763     95.993     2.0656     2.0763   2.867698   2.868274     2.6997     2.6688      8.146     0.3145     2.0429 1.0790e-01     0.0864    97.8636     7.6783     8.0732    32.2518    32.2481    25.7656    25.7618    7.76640 0.0000e+00
      25766     95.942     2.0658     2.0767   2.867721   2.868280     2.7010     2.6688      8.146     0.3097     2.0034 1.0790e-01     0.0867    97.8549     7.6815     8.0741    32.2519    32.2478    25.7657    25.7615    7.76635 0.0000e+00
      25769     95.893     2.0657     2.0764   2.867683   2.868244     2.7010     2.6696      8.146     0.3145     1.9245 1.0790e-01     0.0864    97.8636     7.6807     8.0761    32.2515    32.2477    25.7654    25.7615    7.76639 0.0000e+00
      25772     95.846     2.0649     2.0767   2.867666   2.868308     2.7006     2.6688      8.144     0.3145     1.9245 1.0790e-01     0.0864    97.8636     7.6799     8.0723    32.2522    32.2482    25.7660    25.7619    7.76653 0.0000e+00
      25775     95.795     2.0642     2.0788   2.867631   2.868386     2.7014     2.6688      8.144     0.3145     1.9245 1.0790e-01     0.0871    97.8462     7.6845     8.0713    32.2525    32.2471    25.7662    25.7608    7.76664 0.0000e+00
      25778     95.749     2.0640     2.0811   2.867613   2.868482     2.7010     2.6688      8.146     0.3048     1.9245 1.0790e-01     0.0885    97.8114     7.6841     8.0701    32.2525    32.2459    25.7663    25.7597    7.76669 0.0000e+00
      25781     95.700     2.0639     2.0826   2.867620   2.868531     2.7006     2.6688      8.144     0.2999     1.9245 1.0790e-01     0.0885    97.8114     7.6836     8.0716    32.2527    32.2451    25.7664    25.7589    7.76669 0.0000e+00
      25784     95.651     2.0642     2.0838   2.867717   2.868585     2.7002     2.6688      8.146     0.2901     1.9245 1.0790e-01     0.0885    97.8114     7.6827     8.0739    32.2537    32.2445    25.7672    25.7584    7.76659 0.0000e+00
      25787     95.600     2.0666     2.0853   2.867907   2.868601     2.7006     2.6692      8.144     0.2999     1.9245 1.0790e-01     0.0885    97.8114     7.6842     8.0772    32.2536    32.2432    25.7670    25.7573    7.76611 0.0000e+00
      25790     95.549     2.0696     2.0853   2.867999   2.868574     2.7006     2.6692      8.146     0.2950     1.9245 1.0790e-01     0.0881    97.8201     7.6823     8.0789    32.2517    32.2429    25.7652    25.7571    7.76561 0.0000e+00
      25793     95.492     2.0715     2.0857   2.867980   2.868599     2.7006     2.6688      8.146     0.2901     1.9245 1.0790e-01     0.0885    97.8114     7.6832     8.0799    32.2495    32.2429    25.7634    25.7569    7.76534 0.0000e+00
      25796     95.437     2.0723     2.0861   2.867967   2.868625     2.7018     2.6688      8.146     0.3048     1.9245 1.0790e-01     0.0874    97.8375     7.6864     8.0812    32.2486    32.2428    25.7625    25.7569    7.76523 0.0000e+00
      25799     95.383     2.0725     2.0861   2.867902   2.868618     2.7010     2.6688      8.146     0.2950     1.9245 1.0790e-01     0.0860    97.8723     7.6828     8.0815    32.2477    32.2427    25.7618    25.7568    7.76525 0.0000e+00
      25802     95.326     2.0720     2.0862   2.867898   2.868634     2.7006     2.6688      8.144     0.2901     1.9245 1.0790e-01     0.0860    97.8723     7.6835     8.0805    32.2481    32.2428    25.7622    25.7569    7.76532 0.0000e+00
      25805     95.270     2.0719     2.0867   2.867957   2.868666     2.7006     2.6700      8.146     0.2755     1.9245 1.0790e-01     0.0864    97.8636     7.6833     8.0848    32.2490    32.2427    25.7629    25.7568    7.76529 0.0000e+00
      25808     95.214     2.0730     2.0870   2.868042   2.868646     2.7010     2.6700      8.146     0.2657     1.9245 1.0790e-01     0.0860    97.8723     7.6833     8.0842    32.2490    32.2422    25.7628    25.7564    7.76508 0.0000e+00
      25811     95.155     2.0742     2.0872   2.868056   2.868657     2.7018     2.6700      8.146     0.2755     1.9245 1.0790e-01     0.0860    97.8723     7.6835     8.0808    32.2480    32.2422    25.7619    25.7564    7.76490 0.0000e+00
      25814     95.095     2.0748     2.0875   2.868044   2.868666     2.7010     2.6700      8.146     0.2657     1.9245 1.0790e-01     0.0860    97.8723     7.6781     8.0778    32.2472    32.2420    25.7612    25.7562    7.76481 0.0000e+00
      25817     95.035     2.0748     2.0872   2.867966   2.868655     2.7010     2.6700      8.146     0.2657     1.9245 1.0790e-01     0.0864    97.8636     7.6777     8.0743    32.2463    32.2423    25.7605    25.7564    7.76486 0.0000e+00
      25820     94.978     2.0737     2.0868   2.867852   2.868621     2.7006     2.6696      8.146     0.2657     1.8455 1.0790e-01     0.0864    97.8636     7.6770     8.0685    32.2461    32.2423    25.7604    25.7565    7.76510 0.0000e+00
      25823     94.919     2.0723     2.0867   2.867822   2.868620     2.7006     2.6700      8.146     0.2755     1.8060 1.0790e-01     0.0864    97.8636     7.6786     8.0652    32.2472    32.2424    25.7614    25.7565    7.76532 0.0000e+00
      25826     94.862     2.0708     2.0859   2.867765   2.868584     2.7018     2.6696      8.146     0.2657     1.8060 1.0790e-01     0.0864    97.8636     7.6827     8.0575    32.2480    32.2428    25.7622    25.7569    7.76557 0.0000e+00
      25829     94.808     2.0690     2.0854   2.867682   2.868533     2.7006     2.6700      8.146     0.2901     1.8060 1.0790e-01     0.0864    97.8636     7.6767     8.0551    32.2488    32.2427    25.7629    25.7569    7.76588 0.0000e+00
      25832     94.752     2.0677     2.0854   2.867693   2.868556     2.7010     2.6700      8.146     0.3145     1.8060 1.0790e-01     0.0864    97.8636     7.6777     8.0530    32.2503    32.2430    25.7642    25.7571    7.76607 0.0000e+00
      25835     94.700     2.0672     2.0852   2.867662   2.868528     2.6997     2.6688      8.144     0.3194     1.8060 1.0790e-01     0.0864    97.8636     7.6750     8.0481    32.2505    32.2429    25.7644    25.7570    7.76616 0.0000e+00
      25838     94.648     2.0666     2.0850   2.867658   2.868520     2.6997     2.6688      8.146     0.3097     1.8060 1.0790e-01     0.0864    97.8636     7.6763     8.0466    32.2510    32.2430    25.7649    25.7571    7.76624 0.0000e+00
      25841     94.601     2.0667     2.0852   2.867640   2.868532     2.7014     2.6688      8.146     0.3145     1.8060 1.0790e-01     0.0864    97.8636     7.6833     8.0460    32.2507    32.2429    25.7646    25.7571    7.76624 0.0000e+00
      25844     94.556     2.0666     2.0850   2.867633   2.868513     2.7006     2.6688      8.146     0.3145     1.8060 1.0790e-01     0.0864    97.8636     7.6806     8.0475    32.2508    32.2429    25.7647    25.7571    7.76626 0.0000e+00
      25847     94.514     2.0667     2.0851   2.867623   2.868499     2.7010     2.6684      8.144     0.3097     1.8060 1.0790e-01     0.0864    97.8636     7.6817     8.0460    32.2505    32.2427    25.7645    25.7569    7.76624 0.0000e+00
      25850     94.471     2.0666     2.0848   2.867633   2.868476     2.7006     2.6684      8.146     0.3048     1.8060 1.0790e-01     0.0864    97.8636     7.6808     8.0473    32.2508    32.2428    25.7648    25.7570    7.76626 0.0000e+00
      25853     94.433     2.0661     2.0839   2.867624   2.868454     2.6993     2.6680      8.144     0.3194     1.8060 1.0790e-01     0.0864    97.8636     7.6765     8.0475    32.2513    32.2435    25.7651    25.7576    7.76634 0.0000e+00
      25856     94.395     2.0663     2.0838   2.867639   2.868473     2.7010     2.6680      8.146     0.3194     1.8060 1.0790e-01     0.0864    97.8636     7.6825     8.0516    32.2513    32.2438    25.7651    25.7578    7.76630 0.0000e+00
      25859     94.361     2.0668     2.0837   2.867665   2.868446     2.7010     2.6684      8.146     0.3341     1.8060 1.0790e-01     0.0853    97.8896     7.6817     8.0571    32.2511    32.2436    25.7650    25.7576    7.76621 0.0000e+00
      25862     94.328     2.0664     2.0838   2.867559   2.868457     2.7010     2.6676      8.146     0.3243     1.8060 1.0790e-01     0.0853    97.8896     7.6811     8.0563    32.2502    32.2437    25.7642    25.7577    7.76633 0.0000e+00
      25865     94.297     2.0628     2.0844   2.867238   2.868497     2.7006     2.6680      8.146     0.3341     1.8060 1.0790e-01     0.0857    97.8809     7.6806     8.0581    32.2498    32.2435    25.7642    25.7576    7.76706 0.0000e+00
      25868     94.270     2.0565     2.0847   2.866984   2.868501     2.7006     2.6680      8.146     0.3341     1.8060 1.0790e-01     0.0857    97.8809     7.6827     8.0589    32.2532    32.2433    25.7673    25.7574    7.76815 0.0000e+00
      25871     94.244     2.0516     2.0849   2.866911   2.868516     2.7006     2.6680      8.146     0.3243     1.8455 1.0790e-01     0.0853    97.8896     7.6822     8.0603    32.2573    32.2433    25.7710    25.7574    7.76891 0.0000e+00
      25874     94.217     2.0494     2.0850   2.866954   2.868523     2.7006     2.6676      8.146     0.3341     1.9245 1.0790e-01     0.0857    97.8809     7.6823     8.0579    32.2600    32.2433    25.7733    25.7574    7.76920 0.0000e+00
      25877     94.196     2.0498     2.0851   2.867038   2.868503     2.6997     2.6676      8.146     0.3341     1.9245 1.0790e-01     0.0857    97.8809     7.6770     8.0574    32.2607    32.2430    25.7738    25.7571    7.76909 0.0000e+00
      25880     94.171     2.0504     2.0850   2.867040   2.868508     2.7006     2.6680      8.143     0.3341     1.9245 1.0790e-01     0.0853    97.8896     7.6787     8.0575    32.2601    32.2431    25.7734    25.7572    7.76900 0.0000e+00
      25888     94.117     2.0519     2.0857   2.867054   2.868534     2.7002     2.6680      8.144     0.2706     1.9245 1.0790e-01     0.0853    97.8896     7.6768     8.0623    32.2588    32.2428    25.7721    25.7569    7.76877 0.0000e+00
      25960     93.759     2.0609     2.0752   2.867532   2.868109     2.7002     2.6712      8.146     0.3145     1.9245 1.0790e-01     0.0867    97.8549     7.6813     8.0910    32.2557    32.2484    25.7691    25.7621    7.76713 0.0000e+00
      25964     93.729     2.0641     2.0733   2.867597   2.868101     2.7006     2.6712      8.146     0.3145     1.9245 1.0790e-01     0.0853    97.8896     7.6827     8.0898    32.2533    32.2502    25.7669    25.7637    7.76662 0.0000e+00
      25967     93.706     2.0660     2.0726   2.867636   2.868107     2.7002     2.6712      8.146     0.3194     1.9245 1.0790e-01     0.0850    97.8983     7.6823     8.0886    32.2518    32.2510    25.7656    25.7644    7.76632 0.0000e+00
      25970     93.679     2.0665     2.0705   2.867584   2.868032     2.7006     2.6712      8.146     0.3145     1.9245 1.0790e-01     0.0853    97.8896     7.6832     8.0883    32.2508    32.2523    25.7646    25.7656    7.76628 0.0000e+00
      25973     93.651     2.0663     2.0709   2.867554   2.867987     2.7002     2.6712      8.146     0.3145     1.9245 1.0790e-01     0.0853    97.8896     7.6813     8.0857    32.2506    32.2513    25.7646    25.7648    7.76634 0.0000e+00
