Datasets/AZMP/COO001/79001055.cnv
* Sea-Bird SBE 9 Data File:
* FileName = C:\CTDDATA\79001055.hex
* Software Version Seasave V 7.26.7.110
* Temperature SN = 5660
* Conductivity SN = 3698
* Number of Bytes Per Scan = 30
* Number of Voltage Words = 4
* Number of Scans Averaged by the Deck Unit = 1
* NMEA baud rate = 9600
** VESSEL/TRIP/SEQ STN:  79001055
** LATITUDE XX XX.XX N:  47 00.00 N
** LONGITUDE XX XX.XX W:  46 01.00 W
** SOUNDING DEPTH (M):  0311
** PROBE TYPE: S1257
** CTD NUMBER: 030
** COMMENTS (14 CHAR): FC-21
** BOTTLES:  22
** LEVELS: 5,5,5,5,10,20,20,20,20,30,40,50,50,50,50,75,100,100,100,150,250,BTM
** STICKERS: 435066 - 435087
** VNET: Y
** DO2: N
# nquan = 22
# nvalues = 7609                        
# units = specified
# name 0 = scan: Scan Count
# name 1 = prDM: Pressure, Digiquartz [db]
# name 2 = t090C: Temperature [ITS-90, deg C]
# name 3 = t190C: Temperature, 2 [ITS-90, deg C]
# name 4 = c0S/m: Conductivity [S/m]
# name 5 = c1S/m: Conductivity, 2 [S/m]
# name 6 = sbeox0V: Oxygen raw, SBE 43 [V]
# name 7 = sbeox1V: Oxygen raw, SBE 43, 2 [V]
# name 8 = ph: pH
# name 9 = flECO-AFL: Fluorescence, WET Labs ECO-AFL/FL [mg/m^3]
# name 10 = wetCDOM: Fluorescence, WET Labs CDOM [mg/m^3]
# name 11 = par/sat/log: PAR/Logarithmic, Satlantic [umol photons/m^2/sec]
# name 12 = CStarAt0: Beam Attenuation, WET Labs C-Star [1/m]
# name 13 = CStarTr0: Beam Transmission, WET Labs C-Star [%]
# name 14 = sbeox0ML/L: Oxygen, SBE 43 [ml/l], WS = 2
# name 15 = sbeox1ML/L: Oxygen, SBE 43, 2 [ml/l], WS = 2
# name 16 = sal00: Salinity, Practical [PSU]
# name 17 = sal11: Salinity, Practical, 2 [PSU]
# name 18 = sigma-t00: Density [sigma-t, kg/m^3 ]
# name 19 = sigma-t11: Density, 2 [sigma-t, kg/m^3 ]
# name 20 = oxsatML/L: Oxygen Saturation, Weiss [ml/l]
# name 21 = flag: flag
# span 0 =          5,      71196       
# span 1 =      1.647,    301.058       
# span 2 =     3.6642,     7.9830       
# span 3 =     3.6620,     7.9855       
# span 4 =   3.178599,   3.478972       
# span 5 =   3.178645,   3.479357       
# span 6 =     2.2966,     2.7873       
# span 7 =     2.2650,     2.7448       
# span 8 =      8.028,      8.221       
# span 9 =    -0.0176,     1.5160       
# span 10 =    -2.8130,   482.1870      
# span 11 = 1.0715e-01, 2.1944e-01      
# span 12 =     0.0429,     0.8302      
# span 13 =    81.2574,    98.9324      
# span 14 =     5.8759,     6.8482      
# span 15 =     6.1009,     7.1570      
# span 16 =    33.4789,    34.8988      
# span 17 =    33.4877,    34.8764      
# span 18 =    26.0865,    27.6928      
# span 19 =    26.0889,    27.6836      
# span 20 =    6.67479,    7.34524      
# span 21 = 0.0000e+00, 0.0000e+00      
# interval = scans: 3                   
# start_time = Nov 29 2019 01:56:01 [System UTC, header]
# bad_flag = -9.990e-29
*END*
[from data line 3819]
      17352    271.257     4.0410     4.0418   3.260733   3.261034     2.3309     2.2975      8.049    -0.0029     1.4507 1.0790e-01     0.0630    98.4371     6.0956     6.3857    34.8722    34.8750    27.6803    27.6824    7.26252 0.0000e+00
      17355    271.166     4.0412     4.0421   3.260732   3.261072     2.3305     2.2975      8.049     0.0020     1.4507 1.0790e-01     0.0627    98.4458     6.0951     6.3865    34.8721    34.8751    27.6802    27.6825    7.26250 0.0000e+00
      17358    271.079     4.0412     4.0423   3.260732   3.261060     2.3305     2.2975      8.049     0.0020     1.4507 1.0790e-01     0.0623    98.4545     6.0964     6.3876    34.8722    34.8749    27.6802    27.6822    7.26250 0.0000e+00
      17361    271.000     4.0411     4.0423   3.260705   3.261068     2.3317     2.2975      8.047    -0.0029     1.4507 1.0790e-01     0.0620    98.4632     6.0991     6.3889    34.8720    34.8750    27.6801    27.6823    7.26252 0.0000e+00
      17364    270.930     4.0412     4.0425   3.260721   3.261048     2.3309     2.2975      8.047    -0.0029     1.4507 1.0790e-01     0.0623    98.4545     6.0964     6.3901    34.8721    34.8746    27.6801    27.6820    7.26249 0.0000e+00
      17367    270.869     4.0410     4.0425   3.260659   3.261105     2.3313     2.2975      8.047    -0.0029     1.4507 1.0790e-01     0.0623    98.4545     6.0989     6.3922    34.8717    34.8753    27.6798    27.6825    7.26256 0.0000e+00
      17370    270.815     4.0395     4.0427   3.260386   3.261096     2.3317     2.2975      8.050     0.0020     1.4507 1.0790e-01     0.0627    98.4458     6.1004     6.3938    34.8700    34.8750    27.6786    27.6823    7.26290 0.0000e+00
      17373    270.759     4.0382     4.0429   3.260270   3.261088     2.3305     2.2975      8.050     0.0020     1.4507 1.0790e-01     0.0623    98.4545     6.0966     6.3950    34.8700    34.8748    27.6788    27.6821    7.26313 0.0000e+00
      17376    270.708     4.0373     4.0427   3.260228   3.261091     2.3313     2.2975      8.049    -0.0029     1.4507 1.0790e-01     0.0630    98.4371     6.0992     6.3958    34.8706    34.8750    27.6793    27.6823    7.26327 0.0000e+00
      17379    270.659     4.0371     4.0425   3.260287   3.261062     2.3317     2.2975      8.052     0.0020     1.4507 1.0790e-01     0.0630    98.4371     6.1009     6.3971    34.8714    34.8749    27.6800    27.6822    7.26326 0.0000e+00
      17382    270.615     4.0372     4.0424   3.260334   3.261058     2.3321     2.2979      8.052     0.0020     1.4507 1.0790e-01     0.0630    98.4371     6.1021     6.3993    34.8720    34.8750    27.6805    27.6823    7.26322 0.0000e+00
      17385    270.576     4.0374     4.0424   3.260308   3.261050     2.3313     2.2983      8.049    -0.0029     1.4507 1.0790e-01     0.0630    98.4371     6.0985     6.4011    34.8714    34.8749    27.6800    27.6822    7.26320 0.0000e+00
      17388    270.536     4.0373     4.0424   3.260324   3.261032     2.3317     2.2979      8.050    -0.0029     1.4507 1.0790e-01     0.0630    98.4371     6.0995     6.3997    34.8717    34.8747    27.6802    27.6821    7.26321 0.0000e+00
      17391    270.495     4.0375     4.0422   3.260345   3.261035     2.3317     2.2987      8.049     0.0020     1.4507 1.0790e-01     0.0630    98.4371     6.0986     6.4020    34.8718    34.8750    27.6803    27.6823    7.26318 0.0000e+00
      17394    270.458     4.0378     4.0422   3.260368   3.261021     2.3317     2.2987      8.049     0.0020     1.4507 1.0802e-01     0.0634    98.4284     6.0990     6.4012    34.8718    34.8749    27.6802    27.6823    7.26312 0.0000e+00
      17397    270.422     4.0379     4.0422   3.260397   3.261029     2.3317     2.2983      8.049    -0.0029     1.4507 1.0790e-01     0.0641    98.4110     6.0988     6.3989    34.8720    34.8750    27.6805    27.6824    7.26309 0.0000e+00
      17400    270.386     4.0381     4.0420   3.260444   3.261034     2.3317     2.2987      8.049    -0.0029     1.4507 1.0790e-01     0.0641    98.4110     6.0980     6.3996    34.8724    34.8752    27.6807    27.6825    7.26303 0.0000e+00
      17403    270.349     4.0386     4.0423   3.260470   3.261044     2.3325     2.2987      8.049     0.0020     1.4507 1.0790e-01     0.0644    98.4023     6.1011     6.4001    34.8722    34.8751    27.6805    27.6824    7.26295 0.0000e+00
      17406    270.309     4.0387     4.0427   3.260421   3.261075     2.3321     2.2987      8.049    -0.0029     1.4507 1.0790e-01     0.0641    98.4110     6.1010     6.3988    34.8716    34.8750    27.6800    27.6823    7.26297 0.0000e+00
      17409    270.268     4.0386     4.0430   3.260431   3.261078     2.3317     2.2987      8.050     0.0020     1.4507 1.0790e-01     0.0641    98.4110     6.0986     6.3975    34.8718    34.8748    27.6802    27.6821    7.26297 0.0000e+00
      17412    270.225     4.0387     4.0428   3.260433   3.261079     2.3317     2.2987      8.050    -0.0029     1.4507 1.0790e-01     0.0641    98.4110     6.0974     6.3955    34.8717    34.8750    27.6801    27.6823    7.26296 0.0000e+00
      17415    270.185     4.0388     4.0428   3.260439   3.261058     2.3317     2.2987      8.047    -0.0029     1.4507 1.0790e-01     0.0644    98.4023     6.0976     6.3955    34.8716    34.8748    27.6800    27.6821    7.26294 0.0000e+00
      17418    270.141     4.0385     4.0429   3.260373   3.261049     2.3325     2.2987      8.049    -0.0029     1.4507 1.0790e-01     0.0648    98.3936     6.1010     6.3955    34.8712    34.8746    27.6797    27.6819    7.26301 0.0000e+00
      17421    270.099     4.0383     4.0428   3.260393   3.261052     2.3317     2.2991      8.047    -0.0029     1.4507 1.0802e-01     0.0651    98.3849     6.0988     6.3962    34.8717    34.8748    27.6801    27.6821    7.26303 0.0000e+00
      17424    270.052     4.0383     4.0428   3.260382   3.261086     2.3329     2.2991      8.047    -0.0029     1.4507 1.0790e-01     0.0648    98.3936     6.1035     6.3959    34.8716    34.8752    27.6801    27.6825    7.26304 0.0000e+00
      17427    270.005     4.0381     4.0430   3.260347   3.261082     2.3329     2.2999      8.050     0.0068     1.4507 1.0790e-01     0.0651    98.3849     6.1036     6.3999    34.8714    34.8750    27.6799    27.6822    7.26307 0.0000e+00
      17430    269.952     4.0380     4.0431   3.260322   3.261086     2.3321     2.2987      8.050     0.0020     1.4507 1.0790e-01     0.0651    98.3849     6.1015     6.3969    34.8713    34.8750    27.6799    27.6822    7.26311 0.0000e+00
      17433    269.896     4.0376     4.0431   3.260289   3.261084     2.3317     2.2991      8.049    -0.0029     1.4507 1.0790e-01     0.0648    98.3936     6.0992     6.3991    34.8713    34.8750    27.6799    27.6822    7.26318 0.0000e+00
      17436    269.833     4.0376     4.0431   3.260276   3.261094     2.3317     2.2987      8.047     0.0020     1.4507 1.0790e-01     0.0651    98.3849     6.0989     6.3980    34.8713    34.8750    27.6798    27.6823    7.26318 0.0000e+00
      17439    269.763     4.0375     4.0432   3.260282   3.261086     2.3329     2.2999      8.050     0.0020     1.4507 1.0790e-01     0.0651    98.3849     6.1022     6.4022    34.8714    34.8749    27.6800    27.6822    7.26318 0.0000e+00
      17442    269.687     4.0375     4.0432   3.260270   3.261078     2.3329     2.2987      8.047    -0.0029     1.4507 1.0790e-01     0.0648    98.3936     6.1016     6.3975    34.8714    34.8749    27.6800    27.6821    7.26320 0.0000e+00
      17445    269.606     4.0376     4.0433   3.260337   3.261080     2.3329     2.2991      8.049    -0.0029     1.4507 1.0790e-01     0.0651    98.3849     6.1017     6.3980    34.8721    34.8748    27.6805    27.6821    7.26314 0.0000e+00
      17448    269.523     4.0379     4.0433   3.260374   3.261080     2.3333     2.2995      8.050    -0.0029     1.4507 1.0790e-01     0.0651    98.3849     6.1024     6.3997    34.8722    34.8749    27.6806    27.6821    7.26307 0.0000e+00
      17451    269.445     4.0382     4.0433   3.260398   3.261091     2.3329     2.2999      8.050    -0.0029     1.4507 1.0790e-01     0.0651    98.3849     6.1024     6.4038    34.8722    34.8751    27.6805    27.6823    7.26302 0.0000e+00
      17454    269.370     4.0390     4.0433   3.260508   3.261065     2.3321     2.2999      8.047     0.0020     1.4507 1.0790e-01     0.0651    98.3849     6.1006     6.4073    34.8727    34.8747    27.6808    27.6821    7.26285 0.0000e+00
      17457    269.294     4.0395     4.0433   3.260556   3.261085     2.3325     2.2999      8.047    -0.0029     1.4507 1.0790e-01     0.0644    98.4023     6.1010     6.4082    34.8728    34.8751    27.6809    27.6823    7.26276 0.0000e+00
      17460    269.218     4.0400     4.0431   3.260549   3.261050     2.3329     2.2999      8.047     0.0020     1.4507 1.0790e-01     0.0641    98.4110     6.1021     6.4089    34.8723    34.8750    27.6804    27.6822    7.26270 0.0000e+00
      17463    269.143     4.0403     4.0429   3.260566   3.261015     2.3329     2.2999      8.049    -0.0029     1.4507 1.0790e-01     0.0641    98.4110     6.1023     6.4094    34.8722    34.8748    27.6803    27.6821    7.26266 0.0000e+00
      17466    269.068     4.0405     4.0427   3.260566   3.261003     2.3329     2.2999      8.047    -0.0029     1.4507 1.0790e-01     0.0641    98.4110     6.1025     6.4106    34.8720    34.8748    27.6802    27.6822    7.26263 0.0000e+00
      17469    268.992     4.0404     4.0426   3.260544   3.260977     2.3329     2.2999      8.049    -0.0029     1.4507 1.0790e-01     0.0637    98.4197     6.1025     6.4086    34.8718    34.8747    27.6800    27.6820    7.26264 0.0000e+00
      17472    268.915     4.0407     4.0425   3.260566   3.260984     2.3329     2.3003      8.049    -0.0029     1.4507 1.0790e-01     0.0641    98.4110     6.1025     6.4094    34.8718    34.8749    27.6800    27.6823    7.26260 0.0000e+00
      17475    268.834     4.0407     4.0424   3.260550   3.260964     2.3337     2.3008      8.049    -0.0029     1.4507 1.0790e-01     0.0641    98.4110     6.1063     6.4103    34.8717    34.8748    27.6799    27.6822    7.26260 0.0000e+00
      17478    268.748     4.0406     4.0427   3.260529   3.260981     2.3329     2.3008      8.047     0.0020     1.4507 1.0790e-01     0.0641    98.4110     6.1035     6.4099    34.8716    34.8748    27.6799    27.6821    7.26263 0.0000e+00
      17481    268.661     4.0404     4.0428   3.260483   3.260997     2.3333     2.3012      8.050    -0.0029     1.4507 1.0790e-01     0.0641    98.4110     6.1036     6.4106    34.8713    34.8749    27.6796    27.6822    7.26267 0.0000e+00
      17484    268.572     4.0400     4.0420   3.260497   3.260903     2.3345     2.3012      8.049     0.0020     1.4507 1.0790e-01     0.0641    98.4110     6.1067     6.4094    34.8720    34.8746    27.6802    27.6821    7.26271 0.0000e+00
      17487    268.479     4.0401     4.0414   3.260457   3.260857     2.3337     2.3012      8.049    -0.0029     1.4507 1.0790e-01     0.0641    98.4110     6.1036     6.4078    34.8714    34.8748    27.6797    27.6823    7.26272 0.0000e+00
      17490    268.382     4.0398     4.0410   3.260401   3.260791     2.3333     2.3012      8.050    -0.0029     1.4507 1.0790e-01     0.0641    98.4110     6.1007     6.4056    34.8712    34.8745    27.6795    27.6821    7.26279 0.0000e+00
      17493    268.283     4.0395     4.0407   3.260409   3.260774     2.3333     2.3012      8.049    -0.0029     1.4507 1.0790e-01     0.0641    98.4110     6.0997     6.4031    34.8717    34.8747    27.6800    27.6823    7.26282 0.0000e+00
      17496    268.184     4.0398     4.0411   3.260470   3.260832     2.3333     2.3012      8.050    -0.0029     1.4507 1.0790e-01     0.0637    98.4197     6.0997     6.3999    34.8721    34.8750    27.6803    27.6825    7.26275 0.0000e+00
      17499    268.075     4.0403     4.0416   3.260515   3.260888     2.3341     2.3012      8.047    -0.0029     1.4507 1.0790e-01     0.0630    98.4371     6.1023     6.3979    34.8722    34.8752    27.6803    27.6825    7.26266 0.0000e+00
      17502    267.966     4.0404     4.0424   3.260505   3.260953     2.3337     2.3012      8.050     0.0020     1.4507 1.0790e-01     0.0630    98.4371     6.1011     6.3975    34.8720    34.8752    27.6801    27.6825    7.26264 0.0000e+00
      17505    267.850     4.0408     4.0430   3.260534   3.261015     2.3333     2.3012      8.052    -0.0029     1.4507 1.0790e-01     0.0630    98.4371     6.0994     6.3961    34.8720    34.8753    27.6801    27.6825    7.26257 0.0000e+00
      17508    267.731     4.0409     4.0435   3.260555   3.261016     2.3338     2.3012      8.047    -0.0029     1.4507 1.0790e-01     0.0627    98.4458     6.1002     6.3959    34.8722    34.8749    27.6802    27.6821    7.26255 0.0000e+00
      17511    267.609     4.0412     4.0435   3.260602   3.261022     2.3333     2.3012      8.050    -0.0029     1.4507 1.0790e-01     0.0630    98.4371     6.1000     6.3958    34.8724    34.8750    27.6804    27.6822    7.26247 0.0000e+00
      17514    267.486     4.0417     4.0439   3.260654   3.261034     2.3329     2.3012      8.049    -0.0029     1.4507 1.0790e-01     0.0630    98.4371     6.0997     6.3957    34.8726    34.8748    27.6805    27.6820    7.26238 0.0000e+00
      17517    267.357     4.0422     4.0436   3.260731   3.261028     2.3338     2.3012      8.050     0.0020     1.4507 1.0790e-01     0.0630    98.4371     6.1024     6.3952    34.8730    34.8751    27.6808    27.6823    7.26226 0.0000e+00
      17520    267.230     4.0428     4.0437   3.260726   3.261011     2.3342     2.3012      8.050    -0.0029     1.4507 1.0790e-01     0.0620    98.4632     6.1027     6.3944    34.8724    34.8749    27.6803    27.6821    7.26219 0.0000e+00
      17523    267.101     4.0430     4.0437   3.260726   3.261003     2.3342     2.3012      8.050    -0.0029     1.4507 1.0790e-01     0.0620    98.4632     6.1034     6.3945    34.8723    34.8749    27.6801    27.6821    7.26216 0.0000e+00
      17526    266.969     4.0432     4.0436   3.260704   3.261007     2.3338     2.3012      8.052     0.0020     1.4507 1.0790e-01     0.0620    98.4632     6.1020     6.3945    34.8719    34.8750    27.6798    27.6822    7.26215 0.0000e+00
      17529    266.836     4.0432     4.0437   3.260724   3.261019     2.3338     2.3012      8.049     0.0020     1.4507 1.0790e-01     0.0620    98.4632     6.1024     6.3945    34.8722    34.8751    27.6800    27.6823    7.26213 0.0000e+00
      17532    266.706     4.0434     4.0443   3.260743   3.261062     2.3338     2.3012      8.050    -0.0029     1.4507 1.0790e-01     0.0620    98.4632     6.1017     6.3944    34.8723    34.8751    27.6800    27.6822    7.26209 0.0000e+00
      17535    266.574     4.0436     4.0449   3.260736   3.261103     2.3338     2.3012      8.049    -0.0029     1.4507 1.0790e-01     0.0620    98.4632     6.1006     6.3944    34.8721    34.8750    27.6798    27.6821    7.26207 0.0000e+00
      17538    266.442     4.0437     4.0450   3.260759   3.261117     2.3346     2.3012      8.049    -0.0029     1.4507 1.0790e-01     0.0613    98.4805     6.1006     6.3944    34.8723    34.8751    27.6800    27.6822    7.26203 0.0000e+00
      17541    266.310     4.0440     4.0454   3.260800   3.261169     2.3342     2.3008      8.050     0.0020     1.4507 1.0790e-01     0.0609    98.4892     6.0986     6.3929    34.8726    34.8755    27.6802    27.6824    7.26198 0.0000e+00
      17544    266.179     4.0443     4.0461   3.260819   3.261211     2.3338     2.3012      8.050    -0.0029     1.4507 1.0790e-01     0.0609    98.4892     6.0983     6.3943    34.8725    34.8753    27.6801    27.6822    7.26192 0.0000e+00
