Datasets/AZMP/COO001/79001097.cnv
* Sea-Bird SBE 9 Data File:
* FileName = C:\CTDDATA\79001097.hex
* Software Version Seasave V 7.26.7.110
* Temperature SN = 5660
* Conductivity SN = 3698
* Number of Bytes Per Scan = 30
* Number of Voltage Words = 4
* Number of Scans Averaged by the Deck Unit = 1
* NMEA baud rate = 9600
** VESSEL/TRIP/SEQ STN:  79001097
** LATITUDE XX XX.XX N:  49 16.80 N
** LONGITUDE XX XX.XX W:  51 16.80 W
** SOUNDING DEPTH (M):  0329
** PROBE TYPE: S1257
** CTD NUMBER: 063
** COMMENTS (14 CHAR): BB-08
** BOTTLES:  20
** LEVELS: 5,5,5,5,10,20,20,20,20,30,40,50,50,50,75,100,100,100,150,BTM
** STICKERS: 435351 - 435370
** VNET: Y
** DO2: N
# nquan = 22
# nvalues = 9081                        
# units = specified
# name 0 = scan: Scan Count
# name 1 = prDM: Pressure, Digiquartz [db]
# name 2 = t090C: Temperature [ITS-90, deg C]
# name 3 = t190C: Temperature, 2 [ITS-90, deg C]
# name 4 = c0S/m: Conductivity [S/m]
# name 5 = c1S/m: Conductivity, 2 [S/m]
# name 6 = sbeox0V: Oxygen raw, SBE 43 [V]
# name 7 = sbeox1V: Oxygen raw, SBE 43, 2 [V]
# name 8 = ph: pH
# name 9 = flECO-AFL: Fluorescence, WET Labs ECO-AFL/FL [mg/m^3]
# name 10 = wetCDOM: Fluorescence, WET Labs CDOM [mg/m^3]
# name 11 = par/sat/log: PAR/Logarithmic, Satlantic [umol photons/m^2/sec]
# name 12 = CStarAt0: Beam Attenuation, WET Labs C-Star [1/m]
# name 13 = CStarTr0: Beam Transmission, WET Labs C-Star [%]
# name 14 = sbeox0ML/L: Oxygen, SBE 43 [ml/l], WS = 2
# name 15 = sbeox1ML/L: Oxygen, SBE 43, 2 [ml/l], WS = 2
# name 16 = sal00: Salinity, Practical [PSU]
# name 17 = sal11: Salinity, Practical, 2 [PSU]
# name 18 = sigma-t00: Density [sigma-t, kg/m^3 ]
# name 19 = sigma-t11: Density, 2 [sigma-t, kg/m^3 ]
# name 20 = oxsatML/L: Oxygen Saturation, Weiss [ml/l]
# name 21 = flag: flag
# span 0 =         74,      82047       
# span 1 =      0.509,    318.590       
# span 2 =     0.4929,     2.9118       
# span 3 =     0.3532,     2.9120       
# span 4 =   2.828839,   3.132042       
# span 5 =   2.826892,   3.132258       
# span 6 =     2.2866,     2.7471       
# span 7 =     2.2593,     2.7098       
# span 8 =      8.078,      8.201       
# span 9 =    -0.0078,     1.4720       
# span 10 =    -0.3258,     1.9245      
# span 11 = 1.0752e-01, 2.3645e+00      
# span 12 =     0.0545,     0.4288      
# span 13 =    89.8342,    98.6456      
# span 14 =     6.1832,     7.6992      
# span 15 =     6.4955,     8.0848      
# span 16 =    32.7060,    34.5204      
# span 17 =    32.9919,    34.5068      
# span 18 =    26.1200,    27.5171      
# span 19 =    26.3498,    27.5026      
# span 20 =    7.48750,    8.02679      
# span 21 = 0.0000e+00, 0.0000e+00      
# interval = scans: 3                   
# start_time = Dec 03 2019 04:41:31 [System UTC, header]
# bad_flag = -9.990e-29
*END*
[from data line 7968]
      50937     59.800     2.0710     2.1412   2.939932   2.942979     2.7138     2.6584      8.191     0.5929     1.5692 1.0790e-01     0.1249    96.9251     7.6390     7.9838    33.1645    33.1290    26.4959    26.4621    7.71778 0.0000e+00
      50940     59.761     2.0714     2.1414   2.939986   2.942948     2.7146     2.6588      8.192     0.5881     1.5692 1.0790e-01     0.1256    96.9077     7.6436     7.9908    33.1647    33.1284    26.4960    26.4616    7.71769 0.0000e+00
      50943     59.724     2.0737     2.1388   2.940192   2.942850     2.7146     2.6596      8.191     0.5832     1.5692 1.0790e-01     0.1253    96.9164     7.6439     7.9994    33.1649    33.1300    26.4960    26.4631    7.71722 0.0000e+00
      50946     59.686     2.0785     2.1379   2.940357   2.942843     2.7142     2.6596      8.192     0.5881     1.5692 1.0790e-01     0.1249    96.9251     7.6435     8.0041    33.1620    33.1309    26.4933    26.4639    7.71644 0.0000e+00
      50949     59.650     2.0803     2.1359   2.940279   2.942739     2.7150     2.6608      8.191     0.5881     1.5692 1.0790e-01     0.1249    96.9251     7.6478     8.0114    33.1591    33.1317    26.4909    26.4646    7.71622 0.0000e+00
      50952     59.612     2.0798     2.1326   2.940209   2.942617     2.7146     2.6612      8.192     0.5832     1.5692 1.0790e-01     0.1249    96.9251     7.6468     8.0127    33.1589    33.1336    26.4907    26.4664    7.71635 0.0000e+00
      50955     59.577     2.0796     2.1317   2.940231   2.942587     2.7134     2.6620      8.192     0.5978     1.6876 1.0790e-01     0.1256    96.9077     7.6445     8.0180    33.1594    33.1342    26.4911    26.4670    7.71636 0.0000e+00
      50958     59.540     2.0799     2.1315   2.940236   2.942541     2.7138     2.6620      8.194     0.5832     1.6876 1.0790e-01     0.1249    96.9251     7.6482     8.0184    33.1591    33.1339    26.4909    26.4667    7.71631 0.0000e+00
      50961     59.500     2.0793     2.1330   2.940187   2.942604     2.7150     2.6633      8.189     0.5978     1.6876 1.0790e-01     0.1249    96.9251     7.6540     8.0235    33.1591    33.1331    26.4909    26.4660    7.71642 0.0000e+00
      50964     59.457     2.0785     2.1356   2.940225   2.942660     2.7146     2.6633      8.192     0.5978     1.6876 1.0790e-01     0.1249    96.9251     7.6537     8.0210    33.1604    33.1311    26.4921    26.4643    7.71651 0.0000e+00
      50967     59.414     2.0795     2.1367   2.940363   2.942656     2.7150     2.6645      8.192     0.5881     1.6876 1.0790e-01     0.1253    96.9164     7.6542     8.0248    33.1612    33.1299    26.4926    26.4632    7.71628 0.0000e+00
      50970     59.368     2.0816     2.1348   2.940404   2.942614     2.7158     2.6649      8.191     0.5978     1.6876 1.0790e-01     0.1253    96.9164     7.6567     8.0239    33.1595    33.1314    26.4911    26.4646    7.71595 0.0000e+00
      50973     59.318     2.0817     2.1332   2.940326   2.942601     2.7150     2.6649      8.191     0.5978     1.6876 1.0790e-01     0.1256    96.9077     7.6541     8.0213    33.1584    33.1330    26.4902    26.4659    7.71598 0.0000e+00
      50976     59.264     2.0807     2.1336   2.940167   2.942655     2.7154     2.6645      8.192     0.6808     1.6876 1.0790e-01     0.1242    96.9424     7.6594     8.0190    33.1576    33.1333    26.4896    26.4661    7.71623 0.0000e+00
      50979     59.205     2.0784     2.1347   2.940071   2.942665     2.7158     2.6657      8.191     0.6955     1.6481 1.0790e-01     0.1235    96.9598     7.6618     8.0228    33.1588    33.1322    26.4908    26.4652    7.71662 0.0000e+00
      50982     59.140     2.0765     2.1315   2.940050   2.942430     2.7162     2.6657      8.192     0.6906     1.5692 1.0790e-01     0.1239    96.9511     7.6611     8.0219    33.1606    33.1327    26.4923    26.4658    7.71691 0.0000e+00
      50985     59.071     2.0764     2.1300   2.940135   2.942477     2.7162     2.6669      8.191     0.6906     1.5692 1.0790e-01     0.1239    96.9511     7.6605     8.0238    33.1618    33.1349    26.4933    26.4677    7.71687 0.0000e+00
      50988     58.997     2.0779     2.1348   2.940298   2.942694     2.7162     2.6673      8.191     0.7004     1.5692 1.0790e-01     0.1235    96.9598     7.6612     8.0246    33.1623    33.1327    26.4936    26.4655    7.71654 0.0000e+00
      50991     58.916     2.0800     2.1374   2.940469   2.942770     2.7150     2.6677      8.194     0.6857     1.5692 1.0790e-01     0.1235    96.9598     7.6560     8.0243    33.1623    33.1309    26.4934    26.4640    7.71613 0.0000e+00
      50994     58.833     2.0846     2.1372   2.940815   2.942685     2.7158     2.6677      8.192     0.7004     1.5692 1.0790e-01     0.1239    96.9511     7.6575     8.0235    33.1618    33.1301    26.4927    26.4633    7.71524 0.0000e+00
      50997     58.742     2.0967     2.1331   2.941633   2.942429     2.7166     2.6685      8.194     0.7004     1.5692 1.0790e-01     0.1246    96.9338     7.6585     8.0280    33.1594    33.1313    26.4898    26.4646    7.71298 0.0000e+00
      51000     58.651     2.1124     2.1318   2.942174   2.942526     2.7178     2.6690      8.194     0.6857     1.5692 1.0790e-01     0.1246    96.9338     7.6575     8.0277    33.1497    33.1339    26.4809    26.4668    7.71037 0.0000e+00
      51003     58.553     2.1260     2.1425   2.942427   2.942885     2.7174     2.6694      8.194     0.6613     1.5692 1.0790e-01     0.1249    96.9251     7.6533     8.0243    33.1388    33.1272    26.4711    26.4605    7.70828 0.0000e+00
      51006     58.453     2.1349     2.1506   2.942539   2.943018     2.7162     2.6694      8.194     0.6662     1.5692 1.0790e-01     0.1246    96.9338     7.6486     8.0197    33.1308    33.1204    26.4641    26.4545    7.70692 0.0000e+00
      51009     58.349     2.1410     2.1557   2.942643   2.943076     2.7178     2.6698      8.192     0.6662     1.5692 1.0790e-01     0.1249    96.9251     7.6524     8.0169    33.1259    33.1159    26.4596    26.4505    7.70598 0.0000e+00
      51012     58.242     2.1449     2.1587   2.942687   2.943120     2.7174     2.6706      8.194     0.6613     1.5692 1.0790e-01     0.1249    96.9251     7.6506     8.0155    33.1224    33.1133    26.4565    26.4482    7.70539 0.0000e+00
      51015     58.132     2.1474     2.1605   2.942717   2.943146     2.7174     2.6706      8.194     0.6613     1.5692 1.0790e-01     0.1253    96.9164     7.6490     8.0159    33.1202    33.1119    26.4546    26.4469    7.70501 0.0000e+00
      51018     58.022     2.1487     2.1616   2.942726   2.943168     2.7178     2.6706      8.194     0.6711     1.5692 1.0790e-01     0.1260    96.8990     7.6478     8.0136    33.1190    33.1111    26.4535    26.4462    7.70482 0.0000e+00
      51021     57.908     2.1500     2.1627   2.942773   2.943215     2.7174     2.6718      8.194     0.6662     1.5692 1.0790e-01     0.1260    96.8990     7.6443     8.0145    33.1183    33.1106    26.4529    26.4458    7.70460 0.0000e+00
      51024     57.792     2.1508     2.1632   2.942789   2.943191     2.7174     2.6714      8.194     0.6662     1.5692 1.0790e-01     0.1267    96.8816     7.6434     8.0109    33.1178    33.1098    26.4524    26.4451    7.70447 0.0000e+00
      51027     57.677     2.1512     2.1636   2.942760   2.943191     2.7178     2.6718      8.194     0.6369     1.5692 1.0790e-01     0.1260    96.8990     7.6444     8.0122    33.1171    33.1095    26.4518    26.4447    7.70444 0.0000e+00
      51030     57.561     2.1514     2.1639   2.942761   2.943217     2.7186     2.6718      8.194     0.6222     1.5692 1.0790e-01     0.1260    96.8990     7.6456     8.0124    33.1169    33.1095    26.4516    26.4448    7.70439 0.0000e+00
      51033     57.445     2.1518     2.1645   2.942787   2.943219     2.7170     2.6718      8.194     0.6174     1.5692 1.0790e-01     0.1260    96.8990     7.6385     8.0107    33.1169    33.1090    26.4516    26.4443    7.70433 0.0000e+00
      51036     57.330     2.1532     2.1649   2.942845   2.943221     2.7186     2.6726      8.194     0.6222     1.5692 1.0790e-01     0.1285    96.8382     7.6444     8.0151    33.1162    33.1087    26.4509    26.4440    7.70407 0.0000e+00
      51039     57.218     2.1546     2.1654   2.942868   2.943242     2.7182     2.6730      8.194     0.6222     1.5692 1.0790e-01     0.1296    96.8121     7.6421     8.0186    33.1151    33.1085    26.4499    26.4438    7.70386 0.0000e+00
      51042     57.108     2.1560     2.1663   2.942915   2.943218     2.7182     2.6730      8.194     0.6174     1.5692 1.0790e-01     0.1296    96.8121     7.6396     8.0192    33.1143    33.1074    26.4492    26.4429    7.70363 0.0000e+00
      51045     57.000     2.1575     2.1667   2.942939   2.943230     2.7182     2.6730      8.194     0.6222     1.5692 1.0790e-01     0.1292    96.8208     7.6397     8.0219    33.1131    33.1072    26.4481    26.4427    7.70339 0.0000e+00
      51048     56.899     2.1588     2.1669   2.942950   2.943243     2.7174     2.6734      8.194     0.6125     1.5692 1.0790e-01     0.1292    96.8208     7.6358     8.0255    33.1119    33.1071    26.4471    26.4426    7.70320 0.0000e+00
      51051     56.800     2.1595     2.1668   2.942936   2.943200     2.7182     2.6739      8.194     0.6174     1.5692 1.0790e-01     0.1296    96.8121     7.6366     8.0286    33.1110    33.1067    26.4463    26.4423    7.70310 0.0000e+00
      51054     56.705     2.1597     2.1670   2.942940   2.943201     2.7174     2.6743      8.194     0.7150     1.5692 1.0790e-01     0.1292    96.8208     7.6324     8.0321    33.1109    33.1066    26.4462    26.4422    7.70307 0.0000e+00
      51057     56.615     2.1591     2.1669   2.942915   2.943180     2.7182     2.6743      8.194     0.7394     1.5297 1.0790e-01     0.1527    96.2559     7.6346     8.0334    33.1114    33.1065    26.4466    26.4421    7.70318 0.0000e+00
      51060     56.530     2.1590     2.1665   2.942919   2.943116     2.7182     2.6755      8.194     0.7297     1.4507 1.0777e-01     0.1621    96.0300     7.6342     8.0374    33.1116    33.1062    26.4468    26.4419    7.70319 0.0000e+00
      51063     56.453     2.1591     2.1661   2.942914   2.943069     2.7178     2.6755      8.194     0.7297     1.4507 1.0790e-01     0.1617    96.0387     7.6328     8.0389    33.1114    33.1061    26.4466    26.4419    7.70317 0.0000e+00
      51066     56.384     2.1595     2.1660   2.942921   2.943062     2.7174     2.6759      8.194     0.7345     1.4507 1.0790e-01     0.1621    96.0300     7.6317     8.0406    33.1111    33.1061    26.4464    26.4419    7.70310 0.0000e+00
      51069     56.316     2.1599     2.1659   2.942928   2.943085     2.7182     2.6767      8.194     0.7346     1.4507 1.0777e-01     0.1617    96.0387     7.6357     8.0421    33.1108    33.1065    26.4461    26.4422    7.70304 0.0000e+00
      51072     56.258     2.1603     2.1658   2.942935   2.943081     2.7182     2.6763      8.194     0.7443     1.4507 1.0790e-01     0.1617    96.0387     7.6364     8.0387    33.1105    33.1066    26.4458    26.4423    7.70298 0.0000e+00
      51075     56.212     2.1604     2.1655   2.942926   2.943074     2.7170     2.6771      8.194     0.7297     1.4507 1.0790e-01     0.1606    96.0648     7.6308     8.0397    33.1103    33.1068    26.4457    26.4425    7.70296 0.0000e+00
      51078     56.173     2.1601     2.1654   2.942932   2.943063     2.7170     2.6775      8.194     0.7346     1.4507 1.0790e-01     0.1318    96.7600     7.6301     8.0393    33.1107    33.1068    26.4460    26.4425    7.70300 0.0000e+00
      51081     56.141     2.1606     2.1651   2.942945   2.943079     2.7174     2.6779      8.194     0.7492     1.4507 1.0790e-01     0.1299    96.8034     7.6311     8.0380    33.1104    33.1074    26.4457    26.4430    7.70292 0.0000e+00
      51084     56.116     2.1608     2.1650   2.942863   2.943049     2.7178     2.6779      8.194     0.7541     1.4902 1.0790e-01     0.1303    96.7947     7.6328     8.0370    33.1092    33.1071    26.4447    26.4427    7.70295 0.0000e+00
      51212     56.058     2.1471     2.1637   2.942568   2.943130     2.7211     2.6828      8.194     0.6906     1.6876 1.0790e-01     0.1260    96.8990     7.6532     8.0294    33.1198    33.1095    26.4543    26.4447    7.70510 0.0000e+00
      51215     55.947     2.1501     2.1627   2.942637   2.943058     2.7215     2.6828      8.194     0.6955     1.6087 1.0790e-01     0.1260    96.8990     7.6532     8.0289    33.1177    33.1097    26.4523    26.4450    7.70462 0.0000e+00
      51218     55.833     2.1525     2.1640   2.942699   2.943139     2.7203     2.6820      8.194     0.6906     1.5692 1.0790e-01     0.1267    96.8816     7.6476     8.0271    33.1160    33.1094    26.4508    26.4447    7.70423 0.0000e+00
      51221     55.711     2.1542     2.1646   2.942701   2.943092     2.7203     2.6828      8.194     0.6955     1.5692 1.0790e-01     0.1271    96.8729     7.6466     8.0290    33.1143    33.1083    26.4494    26.4437    7.70399 0.0000e+00
      51224     55.585     2.1561     2.1649   2.942715   2.943084     2.7203     2.6828      8.194     0.6857     1.5692 1.0790e-01     0.1271    96.8729     7.6448     8.0276    33.1125    33.1080    26.4478    26.4434    7.70370 0.0000e+00
      51227     55.458     2.1570     2.1649   2.942726   2.943059     2.7203     2.6836      8.194     0.7004     1.5692 1.0790e-01     0.1271    96.8729     7.6442     8.0266    33.1118    33.1077    26.4471    26.4432    7.70356 0.0000e+00
      51230     55.325     2.1577     2.1652   2.942718   2.943057     2.7207     2.6832      8.194     0.6955     1.5692 1.0790e-01     0.1271    96.8729     7.6451     8.0225    33.1111    33.1075    26.4465    26.4430    7.70347 0.0000e+00
      51233     55.195     2.1583     2.1655   2.942732   2.943033     2.7211     2.6828      8.194     0.6906     1.5692 1.0790e-01     0.1271    96.8729     7.6457     8.0190    33.1107    33.1069    26.4462    26.4426    7.70337 0.0000e+00
      51236     55.059     2.1583     2.1653   2.942716   2.942922     2.7211     2.6828      8.194     0.6857     1.5692 1.0790e-01     0.1267    96.8816     7.6458     8.0174    33.1105    33.1058    26.4460    26.4417    7.70337 0.0000e+00
      51239     54.925     2.1586     2.1652   2.942723   2.942927     2.7211     2.6832      8.194     0.6906     1.5692 1.0790e-01     0.1278    96.8556     7.6466     8.0178    33.1104    33.1060    26.4459    26.4419    7.70332 0.0000e+00
      51242     54.790     2.1589     2.1653   2.942718   2.942963     2.7211     2.6840      8.194     0.6955     1.5692 1.0790e-01     0.1282    96.8469     7.6479     8.0205    33.1101    33.1065    26.4456    26.4422    7.70328 0.0000e+00
      51245     54.655     2.1590     2.1647   2.942711   2.942871     2.7207     2.6832      8.194     0.6955     1.5692 1.0790e-01     0.1282    96.8469     7.6455     8.0159    33.1100    33.1060    26.4455    26.4419    7.70326 0.0000e+00
      51248     54.520     2.1594     2.1644   2.942696   2.942837     2.7199     2.6832      8.194     0.6955     1.5692 1.0790e-01     0.1282    96.8469     7.6411     8.0140    33.1095    33.1060    26.4451    26.4419    7.70321 0.0000e+00
      51251     54.388     2.1598     2.1643   2.942690   2.942845     2.7207     2.6828      8.194     0.6955     1.5692 1.0790e-01     0.1282    96.8469     7.6407     8.0140    33.1091    33.1062    26.4447    26.4421    7.70316 0.0000e+00
