Datasets/AZMP/COO001/79001121.cnv
* Sea-Bird SBE 9 Data File:
* FileName = C:\CTDDATA\79001121.hex
* Software Version Seasave V 7.26.7.110
* Temperature SN = 5660
* Conductivity SN = 3698
* Number of Bytes Per Scan = 30
* Number of Voltage Words = 4
* Number of Scans Averaged by the Deck Unit = 1
* NMEA baud rate = 9600
** VESSEL/TRIP/SEQ STN:  79001121
** LATITUDE XX XX.XX N:  47 00.00 N
** LONGITUDE XX XX.XX W:  52 02.00 W
** SOUNDING DEPTH (M):  0143
** PROBE TYPE: S1257
** CTD NUMBER: 081
** COMMENTS (14 CHAR): FC-05
** BOTTLES:  19
** LEVELS: 5,5,5,5,10,20,20,20,20,30,40,50,50,50,75,100,100,100,BTM
** STICKERS: 435623 - 435641
** VNET: Y
** DO2: N
# nquan = 22
# nvalues = 3835                        
# units = specified
# name 0 = scan: Scan Count
# name 1 = prDM: Pressure, Digiquartz [db]
# name 2 = t090C: Temperature [ITS-90, deg C]
# name 3 = t190C: Temperature, 2 [ITS-90, deg C]
# name 4 = c0S/m: Conductivity [S/m]
# name 5 = c1S/m: Conductivity, 2 [S/m]
# name 6 = sbeox0V: Oxygen raw, SBE 43 [V]
# name 7 = sbeox1V: Oxygen raw, SBE 43, 2 [V]
# name 8 = ph: pH
# name 9 = flECO-AFL: Fluorescence, WET Labs ECO-AFL/FL [mg/m^3]
# name 10 = wetCDOM: Fluorescence, WET Labs CDOM [mg/m^3]
# name 11 = par/sat/log: PAR/Logarithmic, Satlantic [umol photons/m^2/sec]
# name 12 = CStarAt0: Beam Attenuation, WET Labs C-Star [1/m]
# name 13 = CStarTr0: Beam Transmission, WET Labs C-Star [%]
# name 14 = sbeox0ML/L: Oxygen, SBE 43 [ml/l], WS = 2
# name 15 = sbeox1ML/L: Oxygen, SBE 43, 2 [ml/l], WS = 2
# name 16 = sal00: Salinity, Practical [PSU]
# name 17 = sal11: Salinity, Practical, 2 [PSU]
# name 18 = sigma-t00: Density [sigma-t, kg/m^3 ]
# name 19 = sigma-t11: Density, 2 [sigma-t, kg/m^3 ]
# name 20 = oxsatML/L: Oxygen Saturation, Weiss [ml/l]
# name 21 = flag: flag
# span 0 =          2,      47918       
# span 1 =      0.610,    135.920       
# span 2 =    -1.1181,     3.0331       
# span 3 =    -1.1193,     3.0336       
# span 4 =   1.546769,   2.923510       
# span 5 =   0.758400,   2.923711       
# span 6 =     2.3847,     2.7682       
# span 7 =     2.3567,     2.7392       
# span 8 =      8.039,      8.171       
# span 9 =     0.0068,     0.9641       
# span 10 =    -1.8655,     2.1614      
# span 11 = 1.0790e-01, 1.0595e+02      
# span 12 =     0.0482,     0.2547      
# span 13 =    93.8315,    98.8021      
# span 14 =     6.9335,     8.0832      
# span 15 =     7.3924,     8.5051      
# span 16 =    16.1592,    33.1807      
# span 17 =     7.4364,    33.1689      
# span 18 =    12.8742,    26.6581      
# span 19 =     5.9296,    26.6471      
# span 20 =    7.59003,    8.45214      
# span 21 = 0.0000e+00, 0.0000e+00      
# interval = scans: 3                   
# start_time = Dec 08 2019 14:23:27 [System UTC, header]
# bad_flag = -9.990e-29
*END*
[from data line 1647]
       5743    116.434    -0.2976    -0.2965   2.742009   2.742163     2.4392     2.4115      8.054     0.0117     1.9245 1.0827e-01     0.0885    97.8114     7.2030     7.4820    33.1108    33.1116    26.5948    26.5954    8.21458 0.0000e+00
       5746    116.582    -0.2968    -0.2952   2.742110   2.742285     2.4383     2.4111      8.054     0.0117     1.9245 1.0815e-01     0.0885    97.8114     7.1955     7.4833    33.1111    33.1117    26.5951    26.5956    8.21438 0.0000e+00
       5749    116.729    -0.2960    -0.2947   2.742174   2.742320     2.4375     2.4102      8.054     0.0117     1.9245 1.0827e-01     0.0885    97.8114     7.1905     7.4808    33.1110    33.1116    26.5950    26.5954    8.21422 0.0000e+00
       5752    116.871    -0.2954    -0.2948   2.742250   2.742355     2.4379     2.4090      8.054     0.0117     1.9245 1.0827e-01     0.0889    97.8027     7.1914     7.4786    33.1113    33.1121    26.5952    26.5958    8.21407 0.0000e+00
       5755    117.008    -0.2949    -0.2952   2.742270   2.742309     2.4379     2.4090      8.054     0.0215     1.9245 1.0827e-01     0.0896    97.7854     7.1913     7.4839    33.1110    33.1118    26.5949    26.5956    8.21398 0.0000e+00
       5758    117.142    -0.2951    -0.2960   2.742226   2.742290     2.4367     2.4086      8.054     0.0117     1.9245 1.0827e-01     0.0896    97.7854     7.1869     7.4842    33.1105    33.1123    26.5945    26.5960    8.21405 0.0000e+00
       5761    117.274    -0.2954    -0.2962   2.742238   2.742314     2.4371     2.4082      8.054     0.0117     1.9245 1.0815e-01     0.0896    97.7854     7.1902     7.4868    33.1109    33.1128    26.5949    26.5964    8.21408 0.0000e+00
       5764    117.400    -0.2957    -0.2963   2.742234   2.742308     2.4371     2.4070      8.054     0.0117     1.9245 1.0815e-01     0.0892    97.7941     7.1889     7.4838    33.1111    33.1127    26.5950    26.5964    8.21414 0.0000e+00
       5767    117.521    -0.2959    -0.2963   2.742211   2.741316     2.4347     2.4070      8.054     0.0313     1.8455 1.0827e-01     0.0892    97.7941     7.1816     7.4881    33.1110    33.0995    26.5950    26.5857    8.21420 0.0000e+00
       5770    117.639    -0.2963    -0.2963   2.742218   2.742357     2.4339     2.4058      8.054     0.0264     1.8060 1.0827e-01     0.0892    97.7941     7.1791     7.4874    33.1114    33.1133    26.5953    26.5969    8.21426 0.0000e+00
       5773    117.749    -0.2965    -0.2967   2.742207   2.742301     2.4335     2.4054      8.054     0.0215     1.7665 1.0827e-01     0.0896    97.7854     7.1771     7.4897    33.1114    33.1129    26.5953    26.5966    8.21430 0.0000e+00
       5776    117.852    -0.2966    -0.2969   2.742204   2.742298     2.4347     2.4054      8.054     0.0264     1.8060 1.0802e-01     0.0896    97.7854     7.1807     7.4912    33.1114    33.1130    26.5953    26.5966    8.21432 0.0000e+00
       5779    117.947    -0.2966    -0.2979   2.742196   2.742147     2.4335     2.4050      8.054     0.0264     1.8060 1.0827e-01     0.0896    97.7854     7.1777     7.4916    33.1113    33.1121    26.5952    26.5959    8.21433 0.0000e+00
       5782    118.036    -0.2968    -0.2996   2.742206   2.742104     2.4335     2.4041      8.054     0.0313     1.8060 1.0815e-01     0.0896    97.7854     7.1797     7.4938    33.1116    33.1132    26.5955    26.5969    8.21436 0.0000e+00
       5785    118.118    -0.2971    -0.2996   2.742131   2.742114     2.4331     2.4037      8.054     0.0264     1.8060 1.0827e-01     0.0896    97.7854     7.1785     7.4983    33.1108    33.1133    26.5948    26.5970    8.21447 0.0000e+00
       5788    118.195    -0.2975    -0.2998   2.742061   2.742102     2.4314     2.4029      8.054     0.0313     1.8060 1.0827e-01     0.0896    97.7854     7.1756     7.5002    33.1103    33.1133    26.5945    26.5970    8.21459 0.0000e+00
       5791    118.266    -0.2975    -0.2998   2.741899   2.742112     2.4322     2.4029      8.054     0.0264     1.8060 1.0827e-01     0.0896    97.7854     7.1817     7.5033    33.1081    33.1135    26.5926    26.5971    8.21470 0.0000e+00
       5794    118.330    -0.2977    -0.2993   2.741774   2.742145     2.4314     2.4029      8.054     0.0313     1.8850 1.0827e-01     0.0899    97.7767     7.1775     7.5076    33.1067    33.1133    26.5915    26.5970    8.21484 0.0000e+00
       5797    118.393    -0.2990    -0.2990   2.741361   2.742142     2.4310     2.4021      8.054     0.0313     1.9245 1.0802e-01     0.0917    97.7332     7.1760     7.5069    33.1025    33.1130    26.5882    26.5967    8.21535 0.0000e+00
       5800    118.450    -0.3040    -0.3006   2.740482   2.741960     2.4306     2.4017      8.054     0.0264     1.9245 1.0815e-01     0.0917    97.7332     7.1747     7.5099    33.0962    33.1122    26.5834    26.5961    8.21681 0.0000e+00
       5803    118.500    -0.3117    -0.3024   2.739232   2.741883     2.4306     2.4017      8.054     0.0264     1.9245 1.0827e-01     0.0917    97.7332     7.1788     7.5168    33.0879    33.1131    26.5770    26.5969    8.21897 0.0000e+00
       5806    118.545    -0.3195    -0.3020   2.738436   2.741936     2.4298     2.4017      8.054     0.0264     1.9245 1.0815e-01     0.0917    97.7332     7.1778     7.5220    33.0858    33.1133    26.5756    26.5971    8.22081 0.0000e+00
       5809    118.586    -0.3248    -0.3018   2.738252   2.741956     2.4290     2.4017      8.054     0.0264     1.9245 1.0827e-01     0.0917    97.7332     7.1787     7.5269    33.0891    33.1134    26.5785    26.5972    8.22180 0.0000e+00
       5812    118.624    -0.3288    -0.2998   2.737988   2.742057     2.4298     2.4009      8.054     0.0264     1.9245 1.0827e-01     0.0917    97.7332     7.1840     7.5232    33.0899    33.1126    26.5794    26.5964    8.22263 0.0000e+00
       5815    118.660    -0.3353    -0.3004   2.736568   2.742004     2.4286     2.4005      8.054     0.0264     1.9245 1.0827e-01     0.0906    97.7593     7.1826     7.5213    33.0780    33.1125    26.5700    26.5963    8.22473 0.0000e+00
       5818    118.694    -0.3435    -0.3005   2.736340   2.742020     2.4286     2.4005      8.054     0.0361     1.9245 1.0827e-01     0.0896    97.7854     7.1878     7.5225    33.0839    33.1127    26.5751    26.5966    8.22621 0.0000e+00
       5821    118.725    -0.3443    -0.3002   2.737353   2.742038     2.4282     2.4005      8.054     0.0410     1.9245 1.0815e-01     0.0892    97.7941     7.1871     7.5240    33.0982    33.1126    26.5867    26.5965    8.22557 0.0000e+00
       5824    118.756    -0.3430    -0.3009   2.736537   2.741967     2.4273     2.4005      8.054     0.0459     1.9245 1.0827e-01     0.0892    97.7941     7.1876     7.5213    33.0860    33.1124    26.5768    26.5963    8.22599 0.0000e+00
       5827    118.788    -0.3474    -0.3011   2.735526   2.741983     2.4277     2.4005      8.054     0.0410     1.9245 1.0827e-01     0.0892    97.7941     7.1924     7.5171    33.0772    33.1128    26.5699    26.5966    8.22745 0.0000e+00
       5830    118.819    -0.3510    -0.3010   2.735967   2.741854     2.4265     2.4005      8.054     0.0410     1.9245 1.0827e-01     0.0892    97.7941     7.1923     7.5137    33.0870    33.1110    26.5780    26.5952    8.22769 0.0000e+00
       5833    118.846    -0.3534    -0.3092   2.735403   2.740878     2.4282     2.4001      8.054     0.0410     1.9245 1.0815e-01     0.0892    97.7941     7.2019     7.5123    33.0820    33.1069    26.5740    26.5922    8.22849 0.0000e+00
       5836    118.873    -0.3554    -0.3133   2.735894   2.740430     2.4265     2.3992      8.054     0.0410     1.9245 1.0815e-01     0.0903    97.7680     7.1978     7.5050    33.0907    33.1053    26.5812    26.5912    8.22845 0.0000e+00
       5839    118.900    -0.3521    -0.3151   2.736590   2.740243     2.4274     2.3992      8.054     0.0410     1.9245 1.0815e-01     0.0906    97.7593     7.2039     7.5028    33.0965    33.1048    26.5857    26.5908    8.22741 0.0000e+00
       5842    118.928    -0.3469    -0.3173   2.737071   2.740102     2.4274     2.3992      8.054     0.0410     1.9245 1.0827e-01     0.0906    97.7593     7.2050     7.4992    33.0972    33.1054    26.5860    26.5913    8.22622 0.0000e+00
       5845    118.955    -0.3435    -0.3240   2.737291   2.739211     2.4265     2.3988      8.054     0.0313     1.8850 1.0802e-01     0.0906    97.7593     7.2026     7.4963    33.0964    33.1008    26.5852    26.5880    8.22551 0.0000e+00
       5901    119.004    -0.3888    -0.3171   2.733091   2.740029     2.4245     2.3989      8.054     0.0313     1.8850 1.0815e-01     0.0843    97.9157     7.2032     7.5645    33.0897    33.1041    26.5817    26.5904    8.23589 0.0000e+00
       5930    119.042    -0.4063    -0.3121   2.731452   2.740440     2.4237     2.3993      8.054     0.0264     1.9245 1.0827e-01     0.0807    98.0026     7.2047     7.5974    33.0869    33.1041    26.5802    26.5901    8.23992 0.0000e+00
       5933    119.071    -0.4029    -0.3127   2.731506   2.740442     2.4237     2.3993      8.054     0.0264     1.9245 1.0827e-01     0.0807    98.0026     7.2041     7.5922    33.0838    33.1048    26.5776    26.5907    8.23933 0.0000e+00
       5936    119.105    -0.4002    -0.3122   2.731363   2.740427     2.4237     2.4005      8.054     0.0264     1.9245 1.0827e-01     0.0814    97.9852     7.2049     7.5903    33.0790    33.1040    26.5736    26.5900    8.23902 0.0000e+00
       5939    119.147    -0.3995    -0.3119   2.730718   2.740450     2.4237     2.4005      8.054     0.0264     1.9245 1.0827e-01     0.0814    97.9852     7.2048     7.5858    33.0696    33.1039    26.5660    26.5899    8.23939 0.0000e+00
       5942    119.193    -0.4051    -0.3116   2.729280   2.740446     2.4229     2.4005      8.054     0.0264     1.9245 1.0827e-01     0.0811    97.9939     7.2050     7.5807    33.0565    33.1036    26.5556    26.5897    8.24137 0.0000e+00
       5945    119.247    -0.4107    -0.3123   2.729472   2.740344     2.4241     2.4005      8.054     0.0264     1.9245 1.0827e-01     0.0811    97.9939     7.2113     7.5763    33.0651    33.1030    26.5628    26.5892    8.24212 0.0000e+00
       5948    119.307    -0.4056    -0.3149   2.732436   2.739879     2.4229     2.4005      8.054     0.0264     1.9245 1.0827e-01     0.0811    97.9939     7.2032     7.5734    33.0991    33.0995    26.5900    26.5865    8.23907 0.0000e+00
       5951    119.372    -0.3879    -0.3159   2.734614   2.739957     2.4245     2.4005      8.054     0.0264     2.0034 1.0827e-01     0.0814    97.9852     7.2063     7.5693    33.1088    33.1016    26.5971    26.5883    8.23460 0.0000e+00
       5954    119.441    -0.3750    -0.3174   2.735287   2.739625     2.4237     2.4005      8.054     0.0264     2.0429 1.0827e-01     0.0811    97.9939     7.2006     7.5638    33.1036    33.0988    26.5924    26.5860    8.23204 0.0000e+00
       5957    119.517    -0.3666    -0.3232   2.735475   2.738886     2.4233     2.4005      8.054     0.0264     2.0429 1.0827e-01     0.0857    97.8809     7.1988     7.5578    33.0970    33.0952    26.5868    26.5834    8.23058 0.0000e+00
       5960    119.605    -0.3563    -0.3281   2.737570   2.737909     2.4233     2.4005      8.054     0.0264     2.0429 1.0815e-01     0.0881    97.8201     7.1940     7.5533    33.1137    33.0875    26.5998    26.5773    8.22736 0.0000e+00
       5963    119.701    -0.3407    -0.3290   2.739847   2.738580     2.4233     2.4005      8.054     0.0264     2.0429 1.0815e-01     0.0878    97.8288     7.1896     7.5505    33.1270    33.0973    26.6098    26.5854    8.22316 0.0000e+00
       5966    119.803    -0.3288    -0.3278   2.739479   2.738773     2.4237     2.4005      8.054     0.0264     2.0429 1.0827e-01     0.0881    97.8201     7.1876     7.5451    33.1091    33.0986    26.5948    26.5863    8.22156 0.0000e+00
       5969    119.913    -0.3296    -0.3291   2.738513   2.738418     2.4229     2.4005      8.054     0.0264     2.0429 1.0815e-01     0.0881    97.8201     7.1841     7.5400    33.0970    33.0952    26.5851    26.5836    8.22241 0.0000e+00
       5972    120.029    -0.3256    -0.3344   2.740090   2.737834     2.4233     2.4005      8.054     0.0264     2.0429 1.0815e-01     0.0878    97.8288     7.1848     7.5363    33.1136    33.0931    26.5984    26.5822    8.22059 0.0000e+00
       5975    120.152    -0.3173    -0.3337   2.741174   2.738195     2.4233     2.4001      8.054     0.0264     2.0034 1.0827e-01     0.0878    97.8288     7.1814     7.5273    33.1189    33.0970    26.6023    26.5853    8.21846 0.0000e+00
       5978    120.283    -0.3116    -0.3360   2.741204   2.737603     2.4237     2.3993      8.054     0.0264     1.8060 1.0815e-01     0.0896    97.7854     7.1833     7.5192    33.1130    33.0916    26.5973    26.5810    8.21755 0.0000e+00
       5981    120.422    -0.3101    -0.3356   2.740983   2.738775     2.4233     2.3993      8.054     0.0264     1.8060 1.0827e-01     0.0896    97.7854     7.1818     7.5137    33.1084    33.1067    26.5934    26.5932    8.21747 0.0000e+00
       5984    120.567    -0.3087    -0.3185   2.741235   2.740795     2.4225     2.3993      8.054     0.0264     1.8060 1.0815e-01     0.0896    97.7854     7.1788     7.5048    33.1101    33.1149    26.5948    26.5991    8.21707 0.0000e+00
       5987    120.718    -0.3085    -0.3084   2.741189   2.741493     2.4233     2.3993      8.054     0.0264     1.8060 1.0827e-01     0.0896    97.7854     7.1797     7.4981    33.1091    33.1131    26.5940    26.5972    8.21707 0.0000e+00
       5990    120.870    -0.3087    -0.3056   2.741168   2.741559     2.4221     2.3980      8.054     0.0264     1.8060 1.0827e-01     0.0896    97.7854     7.1729     7.4873    33.1090    33.1109    26.5939    26.5953    8.21712 0.0000e+00
       5993    121.031    -0.3101    -0.3072   2.741048   2.741370     2.4229     2.3980      8.054     0.0313     1.8060 1.0827e-01     0.0896    97.7854     7.1759     7.4852    33.1088    33.1100    26.5938    26.5946    8.21744 0.0000e+00
       5996    121.196    -0.3119    -0.3096   2.740919   2.741268     2.4229     2.3976      8.054     0.0264     1.8060 1.0815e-01     0.0899    97.7767     7.1715     7.4829    33.1089    33.1112    26.5940    26.5957    8.21783 0.0000e+00
       5999    121.361    -0.3131    -0.3119   2.740984   2.741173     2.4225     2.3968      8.054     0.0264     1.8060 1.0827e-01     0.0917    97.7332     7.1700     7.4807    33.1111    33.1122    26.5958    26.5967    8.21798 0.0000e+00
       6002    121.532    -0.3129    -0.3128   2.741164   2.741254     2.4225     2.3968      8.054     0.0264     1.8060 1.0827e-01     0.0917    97.7332     7.1683     7.4830    33.1132    33.1142    26.5975    26.5983    8.21783 0.0000e+00
       6005    121.711    -0.3127    -0.3130   2.741175   2.741227     2.4225     2.3964      8.054     0.0313     1.8060 1.0827e-01     0.0917    97.7332     7.1690     7.4804    33.1129    33.1139    26.5973    26.5981    8.21778 0.0000e+00
       6008    121.890    -0.3126    -0.3131   2.741202   2.741316     2.4225     2.3960      8.054     0.0313     1.8060 1.0827e-01     0.0917    97.7332     7.1679     7.4790    33.1131    33.1151    26.5974    26.5991    8.21775 0.0000e+00
       6011    122.066    -0.3119    -0.3114   2.741458   2.741559     2.4212     2.3956      8.054     0.0264     1.8060 1.0827e-01     0.0917    97.7332     7.1624     7.4800    33.1156    33.1165    26.5994    26.6001    8.21745 0.0000e+00
