Datasets/AZMP/COO001/79001072.cnv
* Sea-Bird SBE 9 Data File:
* FileName = C:\CTDDATA\79001072.hex
* Software Version Seasave V 7.26.7.110
* Temperature SN = 5660
* Conductivity SN = 3698
* Number of Bytes Per Scan = 30
* Number of Voltage Words = 4
* Number of Scans Averaged by the Deck Unit = 1
* NMEA baud rate = 9600
** VESSEL/TRIP/SEQ STN:  79001072
** LATITUDE XX XX.XX N:  48 14.00 N
** LONGITUDE XX XX.XX W:  53 22.30 W
** SOUNDING DEPTH (M):  0278
** PROBE TYPE: S1257
** CTD NUMBER: 039
** COMMENTS (14 CHAR): TB-06
** BOTTLES:
** LEVELS:
** STICKERS:
** VNET: N
** DO2: N
# nquan = 22
# nvalues = 8733                        
# units = specified
# name 0 = scan: Scan Count
# name 1 = prDM: Pressure, Digiquartz [db]
# name 2 = t090C: Temperature [ITS-90, deg C]
# name 3 = t190C: Temperature, 2 [ITS-90, deg C]
# name 4 = c0S/m: Conductivity [S/m]
# name 5 = c1S/m: Conductivity, 2 [S/m]
# name 6 = sbeox0V: Oxygen raw, SBE 43 [V]
# name 7 = sbeox1V: Oxygen raw, SBE 43, 2 [V]
# name 8 = ph: pH
# name 9 = flECO-AFL: Fluorescence, WET Labs ECO-AFL/FL [mg/m^3]
# name 10 = wetCDOM: Fluorescence, WET Labs CDOM [mg/m^3]
# name 11 = par/sat/log: PAR/Logarithmic, Satlantic [umol photons/m^2/sec]
# name 12 = CStarAt0: Beam Attenuation, WET Labs C-Star [1/m]
# name 13 = CStarTr0: Beam Transmission, WET Labs C-Star [%]
# name 14 = sbeox0ML/L: Oxygen, SBE 43 [ml/l], WS = 2
# name 15 = sbeox1ML/L: Oxygen, SBE 43, 2 [ml/l], WS = 2
# name 16 = sal00: Salinity, Practical [PSU]
# name 17 = sal11: Salinity, Practical, 2 [PSU]
# name 18 = sigma-t00: Density [sigma-t, kg/m^3 ]
# name 19 = sigma-t11: Density, 2 [sigma-t, kg/m^3 ]
# name 20 = oxsatML/L: Oxygen Saturation, Weiss [ml/l]
# name 21 = flag: flag
# span 0 =         75,      32834       
# span 1 =      0.155,    266.688       
# span 2 =    -0.5033,     3.8570       
# span 3 =    -0.5190,     3.8639       
# span 4 =   2.701480,   2.959378       
# span 5 =   2.427395,   2.959630       
# span 6 =     2.1981,     2.7705       
# span 7 =     2.1724,     2.7216       
# span 8 =      7.967,      8.164       
# span 9 =     0.0068,     0.7394       
# span 10 =    -1.8655,     3.1089      
# span 11 = 1.0753e-01, 2.2470e+00      
# span 12 =     0.0651,     0.6402      
# span 13 =    85.2112,    98.3849      
# span 14 =     6.2540,     7.7734      
# span 15 =     6.5377,     8.0999      
# span 16 =    31.6172,    33.6478      
# span 17 =    25.5359,    33.6716      
# span 18 =    25.1122,    26.9775      
# span 19 =    20.2829,    26.9926      
# span 20 =    7.45424,    8.27992      
# span 21 = 0.0000e+00, 0.0000e+00      
# interval = scans: 3                   
# start_time = Dec 01 2019 05:39:33 [System UTC, header]
# bad_flag = -9.990e-29
*END*
[from data line 7243]
      26655     86.002     2.6538     2.7494   2.900889   2.906712     2.7245     2.6772      8.139     0.2071     1.9245 1.0790e-01     0.0764    98.1069     7.6397     7.9856    32.0721    32.0475    25.5768    25.5495    7.66003 0.0000e+00
      26658     85.957     2.6548     2.7472   2.901188   2.906796     2.7241     2.6776      8.139     0.2022     1.9245 1.0790e-01     0.0761    98.1156     7.6379     7.9908    32.0748    32.0507    25.5789    25.5522    7.65971 0.0000e+00
      26661     85.914     2.6575     2.7496   2.901219   2.906968     2.7241     2.6780      8.139     0.2169     1.9245 1.0790e-01     0.0768    98.0982     7.6382     7.9946    32.0725    32.0504    25.5769    25.5518    7.65930 0.0000e+00
      26664     85.867     2.6575     2.7520   2.900947   2.907099     2.7241     2.6785      8.139     0.1876     1.9245 1.0790e-01     0.0764    98.1069     7.6374     7.9981    32.0692    32.0497    25.5743    25.5510    7.65947 0.0000e+00
      26667     85.818     2.6513     2.7554   2.899794   2.907236     2.7241     2.6789      8.139     0.1729     1.9245 1.0790e-01     0.0768    98.0982     7.6396     8.0002    32.0613    32.0479    25.5684    25.5494    7.66107 0.0000e+00
      26670     85.771     2.6344     2.7558   2.898792   2.907256     2.7241     2.6793      8.139     0.1680     1.9245 1.0790e-01     0.0772    98.0895     7.6423     8.0019    32.0661    32.0478    25.5736    25.5492    7.66412 0.0000e+00
      26673     85.725     2.6220     2.7579   2.898714   2.907357     2.7245     2.6797      8.139     0.1729     1.9245 1.0790e-01     0.0768    98.0982     7.6450     8.0015    32.0775    32.0470    25.5838    25.5484    7.66594 0.0000e+00
      26676     85.679     2.6161     2.7588   2.898522   2.907441     2.7245     2.6801      8.139     0.1827     1.9245 1.0790e-01     0.0772    98.0895     7.6447     7.9993    32.0812    32.0471    25.5871    25.5484    7.66691 0.0000e+00
      26679     85.631     2.6096     2.7590   2.897985   2.907405     2.7245     2.6801      8.139     0.1729     1.9245 1.0790e-01     0.0768    98.0982     7.6462     7.9956    32.0811    32.0466    25.5876    25.5480    7.66817 0.0000e+00
      26682     85.584     2.6027     2.7587   2.897632   2.907379     2.7245     2.6801      8.139     0.1729     1.9245 1.0790e-01     0.0768    98.0982     7.6481     7.9911    32.0837    32.0466    25.5902    25.5480    7.66937 0.0000e+00
      26685     85.535     2.5985     2.7582   2.897574   2.907354     2.7245     2.6809      8.139     0.1827     1.9245 1.0790e-01     0.0772    98.0895     7.6488     7.9903    32.0873    32.0468    25.5934    25.5483    7.67001 0.0000e+00
      26688     85.484     2.5967     2.7588   2.897545   2.907436     2.7245     2.6809      8.139     0.1778     1.9245 1.0790e-01     0.0775    98.0808     7.6485     7.9859    32.0887    32.0472    25.5947    25.5485    7.67029 0.0000e+00
      26691     85.434     2.5971     2.7597   2.897598   2.907453     2.7245     2.6813      8.139     0.1876     1.9245 1.0790e-01     0.0772    98.0895     7.6480     7.9841    32.0890    32.0465    25.5949    25.5479    7.67019 0.0000e+00
      26694     85.382     2.5971     2.7599   2.897635   2.907461     2.7241     2.6809      8.139     0.1925     1.9245 1.0790e-01     0.0775    98.0808     7.6459     7.9779    32.0895    32.0464    25.5952    25.5478    7.67016 0.0000e+00
      26697     85.330     2.5971     2.7605   2.897669   2.907509     2.7241     2.6809      8.139     0.1876     1.9245 1.0790e-01     0.0772    98.0895     7.6477     7.9740    32.0900    32.0465    25.5957    25.5478    7.67015 0.0000e+00
      26700     85.277     2.5976     2.7611   2.897687   2.907551     2.7237     2.6813      8.139     0.1876     1.9245 1.0790e-01     0.0775    98.0808     7.6477     7.9727    32.0897    32.0463    25.5954    25.5476    7.67007 0.0000e+00
      26703     85.225     2.5986     2.7618   2.897835   2.907593     2.7245     2.6805      8.139     0.1925     1.9245 1.0790e-01     0.0779    98.0721     7.6520     7.9649    32.0905    32.0462    25.5960    25.5475    7.66983 0.0000e+00
      26706     85.170     2.6009     2.7630   2.898209   2.907664     2.7249     2.6813      8.139     0.1925     1.9245 1.0790e-01     0.0775    98.0808     7.6533     7.9628    32.0928    32.0459    25.5976    25.5471    7.66926 0.0000e+00
      26709     85.115     2.6059     2.7641   2.898576   2.907736     2.7241     2.6813      8.139     0.1925     1.9245 1.0790e-01     0.0768    98.0982     7.6508     7.9582    32.0923    32.0457    25.5968    25.5469    7.66831 0.0000e+00
      26712     85.061     2.6122     2.7661   2.899020   2.907839     2.7245     2.6813      8.139     0.1925     1.9245 1.0790e-01     0.0768    98.0982     7.6516     7.9557    32.0915    32.0451    25.5957    25.5462    7.66713 0.0000e+00
      26715     85.007     2.6211     2.7681   2.899530   2.907935     2.7241     2.6813      8.139     0.1974     1.9245 1.0790e-01     0.0768    98.0982     7.6508     7.9542    32.0888    32.0442    25.5928    25.5454    7.66554 0.0000e+00
      26718     84.950     2.6315     2.7694   2.900485   2.907964     2.7249     2.6809      8.139     0.2022     1.9245 1.0790e-01     0.0768    98.0982     7.6528     7.9515    32.0900    32.0433    25.5930    25.5446    7.66344 0.0000e+00
      26721     84.894     2.6514     2.7686   2.901814   2.907776     2.7253     2.6809      8.139     0.2120     1.9245 1.0790e-01     0.0768    98.0982     7.6509     7.9514    32.0864    32.0419    25.5884    25.5434    7.65977 0.0000e+00
      26724     84.836     2.6718     2.7633   2.902526   2.907387     2.7257     2.6805      8.139     0.2120     1.9245 1.0790e-01     0.0768    98.0982     7.6484     7.9504    32.0747    32.0424    25.5775    25.5443    7.65641 0.0000e+00
      26727     84.778     2.6785     2.7590   2.902152   2.907153     2.7253     2.6801      8.139     0.2169     1.9245 1.0790e-01     0.0786    98.0547     7.6462     7.9502    32.0634    32.0439    25.5680    25.5459    7.65569 0.0000e+00
      26730     84.719     2.6691     2.7535   2.901487   2.906805     2.7253     2.6801      8.139     0.2120     1.9245 1.0790e-01     0.0789    98.0460     7.6493     7.9504    32.0647    32.0452    25.5698    25.5474    7.65744 0.0000e+00
      26733     84.659     2.6659     2.7490   2.901515   2.906618     2.7253     2.6801      8.139     0.2120     1.9245 1.0790e-01     0.0789    98.0460     7.6506     7.9549    32.0683    32.0474    25.5729    25.5495    7.65787 0.0000e+00
      26736     84.598     2.6681     2.7456   2.901941   2.906419     2.7257     2.6801      8.139     0.2120     1.9245 1.0790e-01     0.0786    98.0547     7.6524     7.9605    32.0714    32.0484    25.5752    25.5505    7.65730 0.0000e+00
      26739     84.537     2.6697     2.7405   2.902119   2.906102     2.7265     2.6801      8.139     0.2022     1.9245 1.0790e-01     0.0786    98.0547     7.6545     7.9654    32.0719    32.0497    25.5755    25.5520    7.65695 0.0000e+00
      26742     84.475     2.6700     2.7389   2.902161   2.906120     2.7265     2.6801      8.139     0.2169     1.9245 1.0790e-01     0.0789    98.0460     7.6543     7.9676    32.0722    32.0516    25.5757    25.5536    7.65689 0.0000e+00
      26745     84.413     2.6707     2.7385   2.902247   2.906096     2.7265     2.6801      8.139     0.2169     1.9245 1.0790e-01     0.0786    98.0547     7.6552     7.9706    32.0726    32.0517    25.5759    25.5538    7.65673 0.0000e+00
      26748     84.351     2.6738     2.7374   2.902398   2.906016     2.7265     2.6801      8.139     0.2169     1.9245 1.0790e-01     0.0757    98.1243     7.6555     7.9753    32.0713    32.0518    25.5747    25.5539    7.65619 0.0000e+00
      26751     84.288     2.6761     2.7371   2.902418   2.905960     2.7269     2.6801      8.139     0.2266     1.9245 1.0790e-01     0.0757    98.1243     7.6571     7.9749    32.0693    32.0515    25.5729    25.5537    7.65585 0.0000e+00
      26754     84.223     2.6783     2.7356   2.902594   2.905852     2.7269     2.6801      8.139     0.2315     1.9245 1.0790e-01     0.0757    98.1243     7.6562     7.9730    32.0693    32.0518    25.5727    25.5540    7.65542 0.0000e+00
      26757     84.158     2.6815     2.7346   2.902692   2.905823     2.7278     2.6813      8.139     0.2266     1.9245 1.0790e-01     0.0761    98.1156     7.6567     7.9766    32.0674    32.0524    25.5708    25.5547    7.65491 0.0000e+00
      26760     84.093     2.6791     2.7345   2.901992   2.905820     2.7278     2.6813      8.139     0.2218     1.9245 1.0790e-01     0.0757    98.1243     7.6561     7.9743    32.0612    32.0525    25.5662    25.5548    7.65568 0.0000e+00
      26763     84.028     2.6731     2.7358   2.901580   2.905965     2.7278     2.6809      8.139     0.2218     1.9245 1.0790e-01     0.0757    98.1243     7.6564     7.9702    32.0623    32.0530    25.5675    25.5550    7.65680 0.0000e+00
      26766     83.962     2.6682     2.7453   2.901189   2.906788     2.7286     2.6801      8.139     0.2218     1.9245 1.0790e-01     0.0757    98.1243     7.6587     7.9634    32.0624    32.0536    25.5679    25.5547    7.65773 0.0000e+00
      26769     83.893     2.6613     2.7629   2.901064   2.907668     2.7286     2.6813      8.139     0.1974     1.9245 1.0790e-01     0.0757    98.1243     7.6588     7.9635    32.0679    32.0467    25.5729    25.5478    7.65880 0.0000e+00
      26772     83.825     2.6611     2.7725   2.901419   2.907980     2.7286     2.6813      8.139     0.1925     1.9245 1.0790e-01     0.0757    98.1243     7.6573     7.9596    32.0724    32.0409    25.5765    25.5424    7.65860 0.0000e+00
      26775     83.759     2.6646     2.7771   2.901636   2.908363     2.7286     2.6801      8.139     0.1925     1.9245 1.0790e-01     0.0757    98.1243     7.6556     7.9528    32.0715    32.0411    25.5756    25.5422    7.65796 0.0000e+00
      26778     83.692     2.6660     2.7857   2.901534   2.908768     2.7286     2.6801      8.140     0.1876     2.0034 1.0790e-01     0.0757    98.1243     7.6547     7.9518    32.0690    32.0375    25.5734    25.5386    7.65782 0.0000e+00
      26781     83.625     2.6654     2.7932   2.901409   2.909133     2.7286     2.6805      8.139     0.1925     2.0429 1.0790e-01     0.0757    98.1243     7.6526     7.9533    32.0680    32.0345    25.5727    25.5356    7.65799 0.0000e+00
      26784     83.556     2.6642     2.7968   2.901346   2.909249     2.7286     2.6801      8.139     0.1925     2.0429 1.0790e-01     0.0757    98.1243     7.6531     7.9549    32.0686    32.0323    25.5733    25.5336    7.65821 0.0000e+00
      26787     83.489     2.6635     2.7972   2.901372   2.909195     2.7290     2.6801      8.139     0.1973     2.0429 1.0790e-01     0.0757    98.1243     7.6531     7.9578    32.0696    32.0313    25.5741    25.5327    7.65828 0.0000e+00
      26790     83.423     2.6652     2.8013   2.901808   2.909799     2.7282     2.6805      8.139     0.1876     2.0429 1.0790e-01     0.0761    98.1156     7.6489     7.9612    32.0733    32.0346    25.5769    25.5350    7.65776 0.0000e+00
      26793     83.358     2.6718     2.8095   2.902611   2.910238     2.7290     2.6805      8.139     0.1925     2.0429 1.0790e-01     0.0757    98.1243     7.6512     7.9604    32.0766    32.0318    25.5790    25.5320    7.65632 0.0000e+00
      26796     83.293     2.6830     2.8203   2.903286   2.911064     2.7290     2.6801      8.139     0.2022     2.0429 1.0790e-01     0.0757    98.1243     7.6487     7.9596    32.0736    32.0310    25.5757    25.5306    7.65430 0.0000e+00
      26799     83.228     2.6923     2.8268   2.904001   2.911545     2.7298     2.6809      8.139     0.2120     2.0034 1.0790e-01     0.0757    98.1243     7.6502     7.9629    32.0730    32.0305    25.5745    25.5296    7.65253 0.0000e+00
      26802     83.160     2.7067     2.8356   2.905356   2.912058     2.7290     2.6813      8.138     0.2071     2.0429 1.0790e-01     0.0757    98.1243     7.6446     7.9616    32.0752    32.0279    25.5751    25.5269    7.64963 0.0000e+00
      26805     83.095     2.7224     2.8406   2.905910   2.912397     2.7290     2.6813      8.138     0.2120     1.9245 1.0790e-01     0.0761    98.1156     7.6434     7.9623    32.0662    32.0271    25.5666    25.5257    7.64703 0.0000e+00
      26808     83.033     2.7307     2.8501   2.905956   2.913340     2.7294     2.6813      8.140     0.2120     1.9245 1.0790e-01     0.0761    98.1156     7.6439     7.9619    32.0585    32.0291    25.5598    25.5266    7.64582 0.0000e+00
      26811     82.971     2.7409     2.8638   2.906333   2.914066     2.7290     2.6813      8.138     0.2120     1.9245 1.0790e-01     0.0764    98.1069     7.6407     7.9590    32.0530    32.0243    25.5546    25.5216    7.64414 0.0000e+00
      26814     82.909     2.7439     2.8699   2.906109   2.914527     2.7294     2.6817      8.140     0.2120     1.9245 1.0790e-01     0.0764    98.1069     7.6412     7.9585    32.0473    32.0239    25.5498    25.5208    7.64385 0.0000e+00
      26817     82.849     2.7453     2.8775   2.906020   2.914848     2.7298     2.6813      8.138     0.2071     1.9245 1.0790e-01     0.0761    98.1156     7.6415     7.9562    32.0448    32.0202    25.5477    25.5172    7.64369 0.0000e+00
      26820     82.790     2.7455     2.8812   2.905562   2.915000     2.7294     2.6813      8.140     0.2169     1.9245 1.0790e-01     0.0764    98.1069     7.6387     7.9546    32.0391    32.0184    25.5431    25.5155    7.64396 0.0000e+00
      26823     82.731     2.7344     2.8845   2.904806   2.915159     2.7298     2.6813      8.140     0.2218     1.9245 1.0790e-01     0.0768    98.0982     7.6429     7.9518    32.0410    32.0171    25.5455    25.5142    7.64601 0.0000e+00
      26826     82.675     2.7278     2.8866   2.905005   2.915230     2.7302     2.6813      8.143     0.2218     1.9245 1.0790e-01     0.0768    98.0982     7.6455     7.9514    32.0500    32.0159    25.5532    25.5131    7.64681 0.0000e+00
      26829     82.620     2.7316     2.8877   2.905687   2.915322     2.7310     2.6825      8.141     0.2169     1.9245 1.0790e-01     0.0782    98.0634     7.6466     7.9555    32.0546    32.0160    25.5566    25.5130    7.64585 0.0000e+00
      26832     82.567     2.7340     2.8888   2.905500   2.915423     2.7302     2.6825      8.138     0.2266     1.9245 1.0790e-01     0.0779    98.0721     7.6432     7.9547    32.0499    32.0160    25.5527    25.5130    7.64562 0.0000e+00
      26835     82.513     2.7325     2.8904   2.905222   2.915463     2.7302     2.6821      8.140     0.2169     1.9245 1.0790e-01     0.0779    98.0721     7.6444     7.9525    32.0480    32.0150    25.5513    25.5120    7.64601 0.0000e+00
      26838     82.457     2.7320     2.8908   2.905419   2.915482     2.7302     2.6825      8.140     0.2218     1.9245 1.0790e-01     0.0779    98.0721     7.6432     7.9565    32.0510    32.0148    25.5537    25.5118    7.64595 0.0000e+00
      26841     82.405     2.7343     2.8880   2.905954   2.915049     2.7298     2.6825      8.141     0.2266     1.9245 1.0790e-01     0.0779    98.0721     7.6418     7.9587    32.0553    32.0124    25.5570    25.5101    7.64530 0.0000e+00
      26844     82.350     2.7426     2.8763   2.906412   2.914029     2.7298     2.6825      8.138     0.2218     1.9245 1.0790e-01     0.0779    98.0721     7.6399     7.9611    32.0526    32.0117    25.5541    25.5105    7.64383 0.0000e+00
      26847     82.298     2.7515     2.8662   2.906498   2.913995     2.7306     2.6825      8.141     0.2169     1.9245 1.0790e-01     0.0775    98.0808     7.6397     7.9614    32.0448    32.0214    25.5472    25.5191    7.64251 0.0000e+00
