Datasets/AZMP/COO001/79001118.cnv
* Sea-Bird SBE 9 Data File:
* FileName = C:\CTDDATA\79001118.hex
* Software Version Seasave V 7.26.7.110
* Temperature SN = 5660
* Conductivity SN = 3698
* Number of Bytes Per Scan = 30
* Number of Voltage Words = 4
* Number of Scans Averaged by the Deck Unit = 1
* NMEA baud rate = 9600
** VESSEL/TRIP/SEQ STN:  79001118
** LATITUDE XX XX.XX N:  47 00.00 N
** LONGITUDE XX XX.XX W:  50 00.00 W
** SOUNDING DEPTH (M):  0087
** PROBE TYPE: S1257
** CTD NUMBER: 078
** COMMENTS (14 CHAR): FC-09
** BOTTLES:  18
** LEVELS: 5,5,5,5,10,20,20,20,20,30,40,50,50,50,75,BTM,BTM,BTM
** STICKERS: 435585 - 435602
** VNET: N
** DO2: N
# nquan = 22
# nvalues = 2371                        
# units = specified
# name 0 = scan: Scan Count
# name 1 = prDM: Pressure, Digiquartz [db]
# name 2 = t090C: Temperature [ITS-90, deg C]
# name 3 = t190C: Temperature, 2 [ITS-90, deg C]
# name 4 = c0S/m: Conductivity [S/m]
# name 5 = c1S/m: Conductivity, 2 [S/m]
# name 6 = sbeox0V: Oxygen raw, SBE 43 [V]
# name 7 = sbeox1V: Oxygen raw, SBE 43, 2 [V]
# name 8 = ph: pH
# name 9 = flECO-AFL: Fluorescence, WET Labs ECO-AFL/FL [mg/m^3]
# name 10 = wetCDOM: Fluorescence, WET Labs CDOM [mg/m^3]
# name 11 = par/sat/log: PAR/Logarithmic, Satlantic [umol photons/m^2/sec]
# name 12 = CStarAt0: Beam Attenuation, WET Labs C-Star [1/m]
# name 13 = CStarTr0: Beam Transmission, WET Labs C-Star [%]
# name 14 = sbeox0ML/L: Oxygen, SBE 43 [ml/l], WS = 2
# name 15 = sbeox1ML/L: Oxygen, SBE 43, 2 [ml/l], WS = 2
# name 16 = sal00: Salinity, Practical [PSU]
# name 17 = sal11: Salinity, Practical, 2 [PSU]
# name 18 = sigma-t00: Density [sigma-t, kg/m^3 ]
# name 19 = sigma-t11: Density, 2 [sigma-t, kg/m^3 ]
# name 20 = oxsatML/L: Oxygen Saturation, Weiss [ml/l]
# name 21 = flag: flag
# span 0 =        125,      42023       
# span 1 =      1.700,     80.553       
# span 2 =    -0.4379,     3.6451       
# span 3 =    -0.4391,     3.6366       
# span 4 =   2.711842,   2.983978       
# span 5 =   2.711881,   2.983464       
# span 6 =     2.3743,     2.7627       
# span 7 =     2.3451,     2.7367       
# span 8 =      8.006,      8.169       
# span 9 =     0.0703,     1.0032       
# span 10 =     1.4507,     2.2798      
# span 11 = 1.0790e-01, 1.6288e+02      
# span 12 =     0.1013,     0.6968      
# span 13 =    84.0120,    97.4986      
# span 14 =     6.6381,     7.6222      
# span 15 =     6.7275,     8.1250      
# span 16 =    31.9931,    33.1287      
# span 17 =    32.1195,    32.9910      
# span 18 =    25.5324,    26.5897      
# span 19 =    25.5303,    26.4704      
# span 20 =    7.46894,    8.25796      
# span 21 = 0.0000e+00, 0.0000e+00      
# interval = scans: 3                   
# start_time = Dec 07 2019 16:17:55 [System UTC, header]
# bad_flag = -9.990e-29
*END*
[from data line 1449]
      13899     56.615    -0.4321    -0.4324   2.711897   2.711988     2.3820     2.3522      8.013     0.1387     2.0429 6.6502e-01     0.1711    95.8128     7.0121     7.3607    32.8910    32.8925    26.4229    26.4242    8.25671 0.0000e+00
      13905     56.569    -0.4319    -0.4325   2.711907   2.712002     2.3816     2.3522      8.013     0.1436     2.0429 6.6580e-01     0.1649    95.9605     7.0086     7.3595    32.8908    32.8928    26.4228    26.4244    8.25666 0.0000e+00
      13908     56.538    -0.4316    -0.4321   2.711921   2.712018     2.3812     2.3527      8.012     0.1583     2.0429 6.6968e-01     0.1649    95.9605     7.0075     7.3594    32.8908    32.8926    26.4228    26.4242    8.25661 0.0000e+00
      13911     56.504    -0.4310    -0.4318   2.712048   2.712056     2.3816     2.3527      8.010     0.1436     2.0429 6.7666e-01     0.1649    95.9605     7.0085     7.3582    32.8918    32.8929    26.4236    26.4245    8.25641 0.0000e+00
      13914     56.468    -0.4303    -0.4312   2.712094   2.712084     2.3828     2.3522      8.015     0.1534     2.0429 6.7198e-01     0.1649    95.9605     7.0122     7.3542    32.8917    32.8925    26.4234    26.4241    8.25626 0.0000e+00
      13917     56.428    -0.4295    -0.4309   2.712132   2.712077     2.3816     2.3527      8.013     0.1485     2.0429 6.8374e-01     0.1649    95.9605     7.0076     7.3564    32.8914    32.8922    26.4231    26.4239    8.25610 0.0000e+00
      13920     56.383    -0.4289    -0.4310   2.712131   2.712071     2.3808     2.3527      8.013     0.1485     2.0429 6.8769e-01     0.1649    95.9605     7.0053     7.3552    32.8908    32.8922    26.4226    26.4238    8.25601 0.0000e+00
      13923     56.333    -0.4287    -0.4309   2.712139   2.712103     2.3812     2.3527      8.015     0.1339     2.0429 6.8610e-01     0.1678    95.8910     7.0068     7.3499    32.8906    32.8926    26.4225    26.4242    8.25596 0.0000e+00
      13926     56.278    -0.4286    -0.4309   2.712153   2.712079     2.3808     2.3527      8.010     0.1045     2.0429 6.9008e-01     0.1715    95.8041     7.0065     7.3485    32.8908    32.8922    26.4226    26.4239    8.25594 0.0000e+00
      13929     56.221    -0.4284    -0.4311   2.712152   2.712049     2.3812     2.3527      8.013     0.0996     2.0429 6.9489e-01     0.1715    95.8041     7.0070     7.3470    32.8906    32.8921    26.4225    26.4238    8.25591 0.0000e+00
      13932     56.162    -0.4283    -0.4315   2.712218   2.712001     2.3820     2.3527      8.012     0.1045     2.0429 6.9811e-01     0.1711    95.8128     7.0088     7.3460    32.8913    32.8919    26.4231    26.4237    8.25583 0.0000e+00
      13935     56.099    -0.4278    -0.4317   2.712225   2.711988     2.3812     2.3527      8.013     0.0996     2.0429 6.9973e-01     0.1715    95.8041     7.0054     7.3459    32.8910    32.8920    26.4228    26.4238    8.25575 0.0000e+00
      13938     56.031    -0.4278    -0.4316   2.712172   2.712005     2.3816     2.3527      8.012     0.0996     2.0429 7.0459e-01     0.1708    95.8214     7.0075     7.3453    32.8903    32.8922    26.4222    26.4239    8.25578 0.0000e+00
      13941     55.963    -0.4274    -0.4317   2.712268   2.712012     2.3812     2.3527      8.010     0.1045     2.0429 7.1197e-01     0.1715    95.8041     7.0084     7.3435    32.8913    32.8924    26.4229    26.4241    8.25566 0.0000e+00
      13944     55.888    -0.4268    -0.4319   2.712311   2.711967     2.3820     2.3527      8.012     0.0996     2.0429 7.1114e-01     0.1708    95.8214     7.0123     7.3445    32.8911    32.8921    26.4228    26.4239    8.25551 0.0000e+00
      13947     55.812    -0.4265    -0.4319   2.712277   2.711952     2.3820     2.3522      8.010     0.0996     2.0429 7.0951e-01     0.1704    95.8301     7.0109     7.3447    32.8905    32.8920    26.4223    26.4237    8.25550 0.0000e+00
      13950     55.736    -0.4266    -0.4318   2.712193   2.711967     2.3812     2.3527      8.010     0.0801     2.0429 7.2442e-01     0.1704    95.8301     7.0076     7.3461    32.8895    32.8921    26.4215    26.4239    8.25557 0.0000e+00
      13953     55.660    -0.4268    -0.4318   2.712175   2.711991     2.3803     2.3527      8.012     0.0703     2.0429 7.3115e-01     0.1704    95.8301     7.0038     7.3469    32.8895    32.8924    26.4215    26.4241    8.25560 0.0000e+00
      13956     55.580    -0.4268    -0.4310   2.712245   2.712038     2.3812     2.3522      8.012     0.0703     2.0429 7.3628e-01     0.1704    95.8301     7.0068     7.3453    32.8905    32.8922    26.4223    26.4239    8.25555 0.0000e+00
      13959     55.500    -0.4266    -0.4314   2.712269   2.711991     2.3812     2.3527      8.010     0.0703     2.0429 7.3285e-01     0.1704    95.8301     7.0075     7.3459    32.8906    32.8921    26.4224    26.4238    8.25550 0.0000e+00
      13962     55.419    -0.4264    -0.4302   2.712269   2.712206     2.3812     2.3527      8.010     0.0703     2.0429 7.4657e-01     0.1708    95.8214     7.0066     7.3465    32.8905    32.8938    26.4223    26.4251    8.25548 0.0000e+00
      13965     55.339    -0.4264    -0.4267   2.712256   2.712494     2.3816     2.3522      8.010     0.0703     2.0429 7.6050e-01     0.1743    95.7346     7.0081     7.3431    32.8904    32.8939    26.4222    26.4251    8.25548 0.0000e+00
      13968     55.260    -0.4264    -0.4262   2.712246   2.712387     2.3820     2.3531      8.012     0.0703     2.0429 7.6400e-01     0.1747    95.7259     7.0088     7.3447    32.8902    32.8919    26.4221    26.4234    8.25548 0.0000e+00
      13971     55.185    -0.4264    -0.4252   2.712266   2.712478     2.3808     2.3527      8.010     0.0703     2.0429 7.6492e-01     0.1747    95.7259     7.0029     7.3441    32.8906    32.8921    26.4224    26.4235    8.25546 0.0000e+00
      13974     55.110    -0.4264    -0.4276   2.712272   2.712173     2.3820     2.3527      8.010     0.0703     2.0429 7.7378e-01     0.1747    95.7259     7.0090     7.3437    32.8907    32.8907    26.4224    26.4225    8.25546 0.0000e+00
      13977     55.038    -0.4263    -0.4298   2.712276   2.712092     2.3812     2.3527      8.013     0.0996     2.0429 7.7559e-01     0.1747    95.7259     7.0060     7.3427    32.8906    32.8920    26.4224    26.4237    8.25543 0.0000e+00
      13980     54.972    -0.4262    -0.4299   2.712307   2.712082     2.3816     2.3527      8.012     0.0996     2.0429 7.9187e-01     0.1747    95.7259     7.0068     7.3420    32.8910    32.8920    26.4227    26.4237    8.25539 0.0000e+00
      13983     54.910    -0.4259    -0.4300   2.712314   2.712095     2.3812     2.3522      8.012     0.1045     2.0429 7.9004e-01     0.1736    95.7520     7.0054     7.3391    32.8908    32.8923    26.4225    26.4239    8.25534 0.0000e+00
      13986     54.849    -0.4256    -0.4297   2.712334   2.712123     2.3812     2.3527      8.010     0.0996     2.1614 7.9924e-01     0.1697    95.8475     7.0056     7.3402    32.8908    32.8924    26.4225    26.4240    8.25527 0.0000e+00
      13989     54.793    -0.4255    -0.4295   2.712378   2.712142     2.3812     2.3518      8.010     0.0996     2.1614 8.0015e-01     0.1700    95.8388     7.0055     7.3359    32.8913    32.8925    26.4229    26.4240    8.25522 0.0000e+00
      13992     54.741    -0.4250    -0.4293   2.712440   2.712148     2.3803     2.3527      8.012     0.0996     2.1614 8.0201e-01     0.1704    95.8301     7.0027     7.3379    32.8916    32.8924    26.4232    26.4240    8.25510 0.0000e+00
      13995     54.694    -0.4243    -0.4292   2.712455   2.712145     2.3808     2.3531      8.012     0.1045     2.1614 8.0479e-01     0.1700    95.8388     7.0034     7.3399    32.8911    32.8923    26.4227    26.4239    8.25497 0.0000e+00
      13998     54.651    -0.4241    -0.4293   2.712434   2.712119     2.3812     2.3522      8.012     0.0996     2.1614 8.0480e-01     0.1700    95.8388     7.0044     7.3357    32.8907    32.8921    26.4224    26.4237    8.25495 0.0000e+00
      14001     54.609    -0.4241    -0.4297   2.712455   2.712104     2.3816     2.3522      8.010     0.0996     2.1614 8.1793e-01     0.1704    95.8301     7.0063     7.3377    32.8909    32.8923    26.4226    26.4239    8.25493 0.0000e+00
      14004     54.571    -0.4240    -0.4298   2.712411   2.712074     2.3816     2.3522      8.010     0.0996     2.1614 8.1321e-01     0.1715    95.8041     7.0051     7.3403    32.8903    32.8921    26.4220    26.4237    8.25495 0.0000e+00
      14007     54.535    -0.4241    -0.4297   2.712416   2.712089     2.3816     2.3522      8.012     0.0996     2.1614 8.1039e-01     0.1725    95.7780     7.0055     7.3417    32.8905    32.8921    26.4222    26.4238    8.25495 0.0000e+00
      14010     54.501    -0.4241    -0.4293   2.712410   2.712209     2.3816     2.3522      8.010     0.1045     2.1614 8.1698e-01     0.1725    95.7780     7.0057     7.3418    32.8904    32.8933    26.4222    26.4247    8.25497 0.0000e+00
      14013     54.470    -0.4245    -0.4264   2.712371   2.712488     2.3812     2.3522      8.010     0.0996     2.1614 8.2171e-01     0.1725    95.7780     7.0049     7.3422    32.8903    32.8939    26.4221    26.4251    8.25506 0.0000e+00
      14016     54.437    -0.4250    -0.4249   2.712371   2.712491     2.3808     2.3518      8.010     0.0996     2.1614 8.2267e-01     0.1725    95.7780     7.0036     7.3387    32.8909    32.8924    26.4226    26.4238    8.25514 0.0000e+00
      14019     54.406    -0.4251    -0.4250   2.712392   2.712433     2.3808     2.3518      8.010     0.0996     2.1614 8.2839e-01     0.1725    95.7780     7.0005     7.3401    32.8913    32.8918    26.4229    26.4233    8.25513 0.0000e+00
      14022     54.374    -0.4247    -0.4237   2.712360   2.712582     2.3812     2.3522      8.010     0.0996     2.1614 8.2552e-01     0.1725    95.7780     7.0002     7.3431    32.8905    32.8923    26.4222    26.4237    8.25509 0.0000e+00
      14025     54.342    -0.4247    -0.4229   2.712305   2.712566     2.3803     2.3527      8.010     0.0996     2.1614 8.3031e-01     0.1708    95.8214     6.9950     7.3439    32.8898    32.8912    26.4217    26.4228    8.25514 0.0000e+00
      14028     54.307    -0.4250    -0.4232   2.712297   2.712518     2.3808     2.3527      8.010     0.0947     2.1614 8.3707e-01     0.1700    95.8388     6.9957     7.3423    32.8900    32.8910    26.4218    26.4226    8.25518 0.0000e+00
      14031     54.272    -0.4258    -0.4247   2.712241   2.712526     2.3808     2.3527      8.010     0.0850     2.1614 8.3899e-01     0.1704    95.8301     6.9964     7.3391    32.8901    32.8927    26.4220    26.4240    8.25536 0.0000e+00
      14034     54.236    -0.4263    -0.4239   2.712199   2.712566     2.3812     2.3522      8.010     0.0899     2.1614 8.4485e-01     0.1704    95.8301     6.9986     7.3339    32.8902    32.8924    26.4220    26.4238    8.25547 0.0000e+00
      14037     54.203    -0.4264    -0.4233   2.712205   2.712623     2.3812     2.3522      8.010     0.0850     2.1614 8.5071e-01     0.1704    95.8301     7.0000     7.3299    32.8903    32.8925    26.4222    26.4238    8.25548 0.0000e+00
      14040     54.168    -0.4268    -0.4226   2.712261   2.712665     2.3812     2.3522      8.010     0.0899     2.1614 8.5663e-01     0.1704    95.8301     7.0003     7.3301    32.8916    32.8924    26.4232    26.4236    8.25550 0.0000e+00
      14043     54.134    -0.4268    -0.4225   2.712328   2.712658     2.3803     2.3522      8.010     0.0899     2.1614 8.5862e-01     0.1711    95.8127     6.9978     7.3235    32.8924    32.8921    26.4239    26.4235    8.25544 0.0000e+00
      14046     54.098    -0.4265    -0.4212   2.712450   2.712957     2.3799     2.3522      8.010     0.0850     2.1614 8.7163e-01     0.1776    95.6564     6.9984     7.3177    32.8938    32.8948    26.4249    26.4256    8.25530 0.0000e+00
      14049     54.063    -0.4243    -0.4184   2.712448   2.713152     2.3795     2.3518      8.010     0.0899     2.1614 8.6860e-01     0.1780    95.6477     6.9973     7.3149    32.8914    32.8944    26.4230    26.4251    8.25496 0.0000e+00
      14052     54.027    -0.4215    -0.4150   2.712379   2.713339     2.3799     2.3522      8.010     0.0850     2.1614 8.7872e-01     0.1780    95.6477     6.9957     7.3149    32.8874    32.8933    26.4196    26.4241    8.25455 0.0000e+00
      14055     53.998    -0.4217    -0.4138   2.712332   2.713336     2.3803     2.3506      8.010     0.1045     2.1614 8.8074e-01     0.1780    95.6477     6.9968     7.3079    32.8870    32.8919    26.4193    26.4229    8.25461 0.0000e+00
      14058     53.963    -0.4231    -0.4146   2.712334   2.713258     2.3803     2.3514      8.010     0.1192     2.1614 8.9305e-01     0.1780    95.6477     6.9983     7.3133    32.8886    32.8917    26.4206    26.4228    8.25484 0.0000e+00
      14061     53.933    -0.4234    -0.4157   2.712327   2.713115     2.3803     2.3506      8.010     0.1192     2.1614 8.8791e-01     0.1780    95.6477     6.9989     7.3130    32.8888    32.8911    26.4209    26.4224    8.25489 0.0000e+00
      14064     53.904    -0.4244    -0.4195   2.712300   2.712827     2.3799     2.3522      8.010     0.1094     2.1614 9.0030e-01     0.1758    95.6998     6.9988     7.3212    32.8896    32.8913    26.4215    26.4227    8.25508 0.0000e+00
      14067     53.877    -0.4247    -0.4217   2.712259   2.712698     2.3812     2.3498      8.010     0.1094     2.1614 9.0343e-01     0.1704    95.8301     7.0044     7.3146    32.8894    32.8920    26.4213    26.4233    8.25515 0.0000e+00
      14097     53.852    -0.4266    -0.4241   2.712144   2.712465     2.3812     2.3514      8.010     0.1143     2.1219 8.9113e-01     0.1697    95.8475     7.0072     7.3361    32.8899    32.8916    26.4218    26.4231    8.25553 0.0000e+00
      14154     53.806    -0.4301    -0.4293   2.711876   2.712112     2.3816     2.3543      8.010     0.1045     2.0429 8.7365e-01     0.1682    95.8823     7.0146     7.3678    32.8901    32.8924    26.4222    26.4240    8.25630 0.0000e+00
      14157     53.744    -0.4303    -0.4285   2.711864   2.712185     2.3816     2.3539      8.010     0.1045     2.0429 8.8584e-01     0.1682    95.8823     7.0127     7.3637    32.8902    32.8926    26.4223    26.4241    8.25634 0.0000e+00
      14160     53.676    -0.4302    -0.4286   2.711900   2.712131     2.3816     2.3539      8.012     0.0850     2.0429 8.8997e-01     0.1675    95.8997     7.0105     7.3611    32.8906    32.8920    26.4226    26.4236    8.25629 0.0000e+00
      14163     53.602    -0.4299    -0.4280   2.711977   2.712256     2.3816     2.3539      8.010     0.0947     2.0429 8.8688e-01     0.1682    95.8823     7.0077     7.3608    32.8914    32.8931    26.4232    26.4245    8.25619 0.0000e+00
      14166     53.515    -0.4293    -0.4245   2.711996   2.712658     2.3820     2.3543      8.010     0.0850     2.0429 9.0242e-01     0.1693    95.8562     7.0065     7.3598    32.8911    32.8947    26.4229    26.4257    8.25607 0.0000e+00
      14169     53.422    -0.4289    -0.4216   2.711955   2.712797     2.3820     2.3543      8.012     0.0850     2.1614 9.1077e-01     0.1697    95.8475     7.0052     7.3560    32.8902    32.8935    26.4222    26.4245    8.25605 0.0000e+00
      14172     53.322    -0.4291    -0.4214   2.711884   2.712709     2.3812     2.3543      8.010     0.0850     2.1614 9.2457e-01     0.1700    95.8388     7.0014     7.3533    32.8895    32.8921    26.4216    26.4234    8.25613 0.0000e+00
      14175     53.218    -0.4291    -0.4195   2.712105   2.713080     2.3816     2.3543      8.012     0.0850     2.1614 9.3207e-01     0.1704    95.8301     7.0031     7.3508    32.8925    32.8951    26.4240    26.4258    8.25595 0.0000e+00
