Datasets/AZMP/COO001/79001010.cnv
* Sea-Bird SBE 9 Data File:
* FileName = C:\CTDDATA\79001010.hex
* Software Version Seasave V 7.26.7.110
* Temperature SN = 5811
* Conductivity SN = 4531
* Number of Bytes Per Scan = 30
* Number of Voltage Words = 4
* Number of Scans Averaged by the Deck Unit = 1
* NMEA baud rate = 9600
** VESSEL/TRIP/SEQ STN:  79001010
** LATITUDE XX XX.XX N:  46 46.42 N
** LONGITUDE XX XX.XX W:  55 37.14 W
** SOUNDING DEPTH (M):  0097
** PROBE TYPE (S1221): S1221
** CTD NUMBER: 003
** COMMENTS (14 CHAR):  SWSPB-01
** BOTTLES:  20
** LEVELS: 5,5,5,5,10,20,20,20,20,30,40,50,50,50,75,BTM,BTM,BTM, BTM,BTM
** STICKERS: 434598 - 434617
** VNET: Y
** DO2: N
# nquan = 22
# nvalues = 2400                        
# units = specified
# name 0 = scan: Scan Count
# name 1 = prDM: Pressure, Digiquartz [db]
# name 2 = t090C: Temperature [ITS-90, deg C]
# name 3 = t190C: Temperature, 2 [ITS-90, deg C]
# name 4 = c0S/m: Conductivity [S/m]
# name 5 = c1S/m: Conductivity, 2 [S/m]
# name 6 = sbeox0V: Oxygen raw, SBE 43 [V]
# name 7 = sbeox1V: Oxygen raw, SBE 43, 2 [V]
# name 8 = ph: pH
# name 9 = flECO-AFL: Fluorescence, WET Labs ECO-AFL/FL [mg/m^3]
# name 10 = wetCDOM: Fluorescence, WET Labs CDOM [mg/m^3]
# name 11 = par/sat/log: PAR/Logarithmic, Satlantic [umol photons/m^2/sec]
# name 12 = CStarAt0: Beam Attenuation, WET Labs C-Star [1/m]
# name 13 = CStarTr0: Beam Transmission, WET Labs C-Star [%]
# name 14 = sbeox0ML/L: Oxygen, SBE 43 [ml/l], WS = 2
# name 15 = sbeox1ML/L: Oxygen, SBE 43, 2 [ml/l], WS = 2
# name 16 = sal00: Salinity, Practical [PSU]
# name 17 = sal11: Salinity, Practical, 2 [PSU]
# name 18 = sigma-t00: Density [sigma-t, kg/m^3 ]
# name 19 = sigma-t11: Density, 2 [sigma-t, kg/m^3 ]
# name 20 = oxsatML/L: Oxygen Saturation, Weiss [ml/l]
# name 21 = flag: flag
# span 0 =        535,      35943       
# span 1 =      1.500,     89.440       
# span 2 =     0.6319,     6.1775       
# span 3 =     0.6268,     6.1781       
# span 4 =   2.768975,   3.154841       
# span 5 =   2.768472,   3.154866       
# span 6 =     2.4676,     3.1969       
# span 7 =     2.4060,     2.5461       
# span 8 =      8.080,      8.178       
# span 9 =     0.0753,     0.9740       
# span 10 =    -1.0780,   108.9220      
# span 11 = 1.1773e-01, 6.0819e+01      
# span 12 =    -0.1046,    -0.0425      
# span 13 =   101.0676,   102.6501      
# span 14 =     5.6132,    10.3955      
# span 15 =     7.5470,     8.3802      
# span 16 =    31.6641,    32.4867      
# span 17 =    31.6639,    32.4865      
# span 18 =    24.8961,    26.0457      
# span 19 =    24.8959,    26.0455      
# span 20 =    7.04449,    8.04842      
# span 21 = 0.0000e+00, 0.0000e+00      
# interval = scans: 3                   
# start_time = Nov 18 2019 19:02:46 [System UTC, header]
# bad_flag = -9.990e-29
*END*
[from data line 1976]
      25062     25.389     5.2967     5.3041   3.091477   3.092068     2.6451     2.5267      8.155     0.5637   108.3758 2.3820e+00    -0.0664   101.6735     7.6039     7.7061    31.7709    31.7706    25.0834    25.0823    7.18959 0.0000e+00
      25065     25.314     5.2950     5.3003   3.091343   3.091835     2.6451     2.5267      8.156     0.5637   108.3758 2.4070e+00    -0.0664   101.6735     7.6030     7.7034    31.7710    31.7716    25.0836    25.0835    7.18987 0.0000e+00
      25068     25.238     5.2926     5.2966   3.091174   3.091531     2.6451     2.5267      8.158     0.5613   108.3848 2.4153e+00    -0.0664   101.6735     7.6020     7.7014    31.7715    31.7717    25.0843    25.0840    7.19028 0.0000e+00
      25071     25.162     5.2905     5.2935   3.091031   3.091250     2.6455     2.5267      8.158     0.5613   108.3848 2.4266e+00    -0.0664   101.6735     7.6032     7.7015    31.7719    31.7715    25.0848    25.0842    7.19062 0.0000e+00
      25074     25.083     5.2912     5.2953   3.091142   3.091468     2.6451     2.5258      8.155     0.5613   108.3758 2.4463e+00    -0.0664   101.6735     7.6007     7.6990    31.7725    31.7722    25.0852    25.0846    7.19046 0.0000e+00
      25077     25.007     5.2889     5.3051   3.091050   3.092258     2.6455     2.5267      8.158     0.5613   108.3669 2.4662e+00    -0.0660   101.6644     7.6022     7.7016    31.7737    31.7720    25.0864    25.0833    7.19081 0.0000e+00
      25080     24.931     5.2949     5.3073   3.091667   3.092423     2.6455     2.5258      8.156     0.5637   108.3669 2.4834e+00    -0.0668   101.6825     7.6006     7.6992    31.7750    31.7718    25.0868    25.0829    7.18971 0.0000e+00
      25083     24.857     5.2943     5.3181   3.091197   3.093420     2.6451     2.5254      8.156     0.5588   108.3758 2.4978e+00    -0.0678   101.7096     7.5989     7.6948    31.7702    31.7729    25.0831    25.0826    7.19003 0.0000e+00
      25086     24.782     5.2920     5.3332   3.091266   3.094420     2.6455     2.5254      8.158     0.5540   108.3848 2.5123e+00    -0.0675   101.7006     7.6005     7.6915    31.7732    31.7700    25.0858    25.0786    7.19028 0.0000e+00
      25089     24.707     5.2969     5.3365   3.091852   3.094681     2.6451     2.5254      8.156     0.5540   108.3758 2.5298e+00    -0.0675   101.7006     7.5979     7.6915    31.7753    31.7698    25.0868    25.0781    7.18934 0.0000e+00
      25092     24.634     5.3010     5.3439   3.092188   3.095318     2.6451     2.5254      8.158     0.5540   108.3848 2.5534e+00    -0.0678   101.7096     7.5973     7.6923    31.7753    31.7701    25.0864    25.0775    7.18863 0.0000e+00
      25095     24.564     5.3086     5.3519   3.092776   3.095995     2.6455     2.5263      8.158     0.5515   108.3758 2.5771e+00    -0.0675   101.7006     7.5970     7.6964    31.7748    31.7703    25.0851    25.0767    7.18734 0.0000e+00
      25098     24.493     5.3145     5.3570   3.093038   3.096322     2.6455     2.5267      8.155     0.5540   108.3758 2.6011e+00    -0.0675   101.7006     7.5968     7.6986    31.7722    31.7691    25.0825    25.0752    7.18644 0.0000e+00
      25101     24.423     5.3171     5.3595   3.093171   3.096528     2.6451     2.5267      8.156     0.5540   108.3848 2.6162e+00    -0.0675   101.7006     7.5947     7.7002    31.7712    31.7691    25.0813    25.0749    7.18602 0.0000e+00
      25104     24.357     5.3172     5.3658   3.093216   3.097015     2.6451     2.5263      8.158     0.5515   108.3758 2.6314e+00    -0.0675   101.7006     7.5948     7.6998    31.7717    31.7688    25.0817    25.0739    7.18599 0.0000e+00
      25107     24.290     5.3185     5.3656   3.093317   3.096953     2.6455     2.5254      8.156     0.5564   108.3758 2.6466e+00    -0.0675   101.7006     7.5954     7.6984    31.7717    31.7683    25.0816    25.0736    7.18577 0.0000e+00
      25110     24.222     5.3225     5.3628   3.093655   3.096712     2.6455     2.5254      8.158     0.5784   108.3848 2.6712e+00    -0.0675   101.7006     7.5933     7.6997    31.7717    31.7683    25.0811    25.0738    7.18507 0.0000e+00
      25113     24.156     5.3255     5.3635   3.093835   3.096805     2.6455     2.5263      8.158     0.5857   108.3669 2.6867e+00    -0.0675   101.7006     7.5911     7.7028    31.7710    31.7687    25.0802    25.0741    7.18459 0.0000e+00
      25116     24.093     5.3297     5.3631   3.094263   3.096736     2.6455     2.5267      8.158     0.5833   108.3758 2.7054e+00    -0.0675   101.7006     7.5887     7.7045    31.7719    31.7683    25.0805    25.0739    7.18382 0.0000e+00
      25119     24.028     5.3339     5.3614   3.094515   3.096657     2.6455     2.5267      8.158     0.5857   108.3669 2.7306e+00    -0.0671   101.6916     7.5871     7.7045    31.7708    31.7690    25.0792    25.0746    7.18315 0.0000e+00
      25122     23.963     5.3361     5.3641   3.094679   3.096880     2.6463     2.5267      8.156     0.5857   108.3758 2.7338e+00    -0.0682   101.7187     7.5889     7.7050    31.7706    31.7690    25.0787    25.0743    7.18277 0.0000e+00
      25125     23.902     5.3379     5.3658   3.094838   3.097033     2.6451     2.5275      8.158     0.5833   108.3758 2.7433e+00    -0.0685   101.7277     7.5833     7.7088    31.7707    31.7692    25.0786    25.0743    7.18245 0.0000e+00
      25128     23.842     5.3388     5.3634   3.094893   3.096748     2.6455     2.5271      8.158     0.5857   108.3669 2.7561e+00    -0.0682   101.7187     7.5841     7.7086    31.7705    31.7682    25.0784    25.0738    7.18230 0.0000e+00
      25131     23.782     5.3424     5.3628   3.095258   3.096705     2.6447     2.5279      8.158     0.5833   108.3758 2.7785e+00    -0.0678   101.7096     7.5806     7.7102    31.7713    31.7684    25.0785    25.0740    7.18164 0.0000e+00
      25134     23.721     5.3498     5.3616   3.095693   3.096722     2.6443     2.5275      8.158     0.5808   108.3669 2.7946e+00    -0.0685   101.7277     7.5779     7.7062    31.7693    31.7698    25.0761    25.0752    7.18046 0.0000e+00
      25137     23.662     5.3497     5.3646   3.095567   3.097628     2.6443     2.5279      8.158     0.5930   108.3848 2.8141e+00    -0.0682   101.7187     7.5787     7.7040    31.7679    31.7772    25.0751    25.0807    7.18054 0.0000e+00
      25140     23.601     5.3472     5.3823   3.095531   3.099030     2.6443     2.5279      8.158     0.5979   108.3669 2.8304e+00    -0.0686   101.7277     7.5799     7.6991    31.7700    31.7764    25.0770    25.0781    7.18088 0.0000e+00
      25143     23.540     5.3503     5.3940   3.095795   3.099155     2.6443     2.5279      8.158     0.5954   108.3579 2.8468e+00    -0.0745   101.8815     7.5800     7.6959    31.7700    31.7667    25.0766    25.0691    7.18034 0.0000e+00
      25146     23.481     5.3560     5.3963   3.096138   3.099524     2.6443     2.5279      8.158     0.5930   108.3758 2.8468e+00    -0.0745   101.8815     7.5808     7.6938    31.7685    31.7688    25.0748    25.0705    7.17942 0.0000e+00
      25149     23.422     5.3603     5.4016   3.096465   3.099710     2.6443     2.5279      8.158     0.5979   108.3669 2.8700e+00    -0.0745   101.8815     7.5822     7.6913    31.7682    31.7659    25.0741    25.0676    7.17870 0.0000e+00
      25152     23.365     5.3589     5.3996   3.096436   3.099643     2.6447     2.5279      8.158     0.5930   108.3579 2.8800e+00    -0.0745   101.8815     7.5857     7.6909    31.7692    31.7670    25.0751    25.0687    7.17888 0.0000e+00
      25155     23.307     5.3575     5.3968   3.096348   3.099464     2.6447     2.5275      8.158     0.5954   108.3669 2.9001e+00    -0.0745   101.8815     7.5876     7.6894    31.7695    31.7677    25.0755    25.0696    7.17911 0.0000e+00
      25158     23.246     5.3743     5.3950   3.097885   3.099210     2.6447     2.5279      8.158     0.5954   108.3758 2.9270e+00    -0.0749   101.8905     7.5847     7.6914    31.7711    31.7665    25.0749    25.0689    7.17614 0.0000e+00
      25161     23.182     5.3900     5.3936   3.099361   3.099239     2.6447     2.5279      8.158     0.6321   108.3758 2.9440e+00    -0.0735   101.8544     7.5820     7.6917    31.7730    31.7682    25.0746    25.0704    7.17333 0.0000e+00
      25164     23.120     5.3964     5.3968   3.099515   3.099385     2.6447     2.5279      8.158     0.6907   108.3758 2.9577e+00    -0.0724   101.8272     7.5816     7.6924    31.7687    31.7668    25.0705    25.0689    7.17243 0.0000e+00
      25167     23.059     5.3978     5.3935   3.099512   3.099063     2.6451     2.5279      8.158     0.6882   108.3669 2.9783e+00    -0.0728   101.8363     7.5833     7.6938    31.7674    31.7663    25.0692    25.0689    7.17225 0.0000e+00
      25170     22.995     5.3932     5.3926   3.099346   3.099138     2.6451     2.5279      8.158     0.6882   108.3669 3.0026e+00    -0.0724   101.8272     7.5837     7.6940    31.7698    31.7681    25.0717    25.0703    7.17292 0.0000e+00
      25173     22.931     5.3923     5.3978   3.099020   3.099575     2.6455     2.5279      8.158     0.6907   108.3758 3.0130e+00    -0.0724   101.8272     7.5836     7.6932    31.7671    31.7681    25.0696    25.0698    7.17321 0.0000e+00
      25176     22.864     5.3879     5.4079   3.098571   3.100388     2.6455     2.5279      8.158     0.6882   108.3669 3.0445e+00    -0.0724   101.8272     7.5837     7.6927    31.7662    31.7678    25.0694    25.0685    7.17402 0.0000e+00
      25179     22.799     5.3799     5.4235   3.098092   3.101608     2.6455     2.5279      8.158     0.6907   108.3758 3.0693e+00    -0.0721   101.8182     7.5851     7.6906    31.7684    31.7669    25.0721    25.0659    7.17530 0.0000e+00
      25182     22.731     5.3767     5.4289   3.097825   3.101894     2.6455     2.5279      8.158     0.6882   108.3669 3.0943e+00    -0.0703   101.7730     7.5851     7.6886    31.7684    31.7651    25.0725    25.0639    7.17585 0.0000e+00
      25185     22.662     5.3767     5.4246   3.097963   3.101341     2.6463     2.5287      8.158     0.6907   108.3758 3.1122e+00    -0.0696   101.7549     7.5868     7.6914    31.7700    31.7629    25.0737    25.0626    7.17577 0.0000e+00
      25188     22.593     5.3822     5.4096   3.098921   3.100405     2.6463     2.5287      8.158     0.6175   108.3579 3.1485e+00    -0.0696   101.7549     7.5842     7.6930    31.7757    31.7666    25.0775    25.0672    7.17455 0.0000e+00
      25191     22.524     5.3870     5.4162   3.098799   3.101085     2.6459     2.5283      8.158     0.5808   108.3758 3.1888e+00    -0.0696   101.7549     7.5809     7.6874    31.7698    31.7680    25.0724    25.0677    7.17400 0.0000e+00
      25194     22.454     5.3993     5.4261   3.099777   3.101755     2.6455     2.5279      8.158     0.5808   108.3669 3.2148e+00    -0.0696   101.7549     7.5768     7.6810    31.7692    31.7663    25.0705    25.0651    7.17190 0.0000e+00
      25197     22.387     5.4081     5.4314   3.100230   3.102082     2.6451     2.5287      8.158     0.5833   108.3669 3.2372e+00    -0.0692   101.7458     7.5729     7.6805    31.7661    31.7650    25.0670    25.0636    7.17052 0.0000e+00
      25200     22.317     5.4081     5.4365   3.100144   3.102467     2.6455     2.5291      8.158     0.5833   108.3579 3.2597e+00    -0.0696   101.7549     7.5742     7.6775    31.7652    31.7645    25.0663    25.0626    7.17058 0.0000e+00
      25203     22.246     5.4051     5.4398   3.099966   3.102596     2.6463     2.5291      8.158     0.5857   108.3758 3.2863e+00    -0.0724   101.8272     7.5770     7.6730    31.7660    31.7630    25.0673    25.0610    7.17105 0.0000e+00
      25206     22.176     5.4009     5.4389   3.099733   3.102562     2.6455     2.5279      8.158     0.5857   108.3579 3.3053e+00    -0.0728   101.8363     7.5749     7.6645    31.7674    31.7634    25.0689    25.0614    7.17172 0.0000e+00
      25209     22.105     5.4026     5.4352   3.100026   3.102313     2.6455     2.5279      8.158     0.5881   108.3669 3.3284e+00    -0.0728   101.8363     7.5747     7.6619    31.7691    31.7642    25.0701    25.0625    7.17134 0.0000e+00
      25212     22.035     5.4077     5.4338   3.100475   3.102224     2.6455     2.5279      8.158     0.5857   108.3758 3.3516e+00    -0.0728   101.8363     7.5736     7.6608    31.7694    31.7645    25.0697    25.0629    7.17044 0.0000e+00
      25215     21.964     5.4223     5.4325   3.101611   3.101998     2.6455     2.5267      8.158     0.6614   108.3579 3.3671e+00    -0.0728   101.8363     7.5709     7.6557    31.7685    31.7632    25.0674    25.0620    7.16797 0.0000e+00
      25218     21.892     5.4282     5.4261   3.101927   3.101606     2.6459     2.5271      8.157     0.6663   108.3758 3.3945e+00    -0.0728   101.8363     7.5707     7.6577    31.7665    31.7648    25.0651    25.0640    7.16704 0.0000e+00
      25221     21.821     5.4330     5.4213   3.102306   3.101315     2.6455     2.5267      8.157     0.6687   108.3669 3.4380e+00    -0.0728   101.8363     7.5671     7.6566    31.7663    31.7662    25.0644    25.0656    7.16622 0.0000e+00
      25224     21.751     5.4348     5.4216   3.102403   3.101293     2.6455     2.5263      8.157     0.6663   108.3669 3.4540e+00    -0.0749   101.8905     7.5659     7.6567    31.7658    31.7657    25.0637    25.0652    7.16594 0.0000e+00
      25227     21.684     5.4362     5.4285   3.102400   3.101923     2.6455     2.5254      8.157     0.6663   108.3579 3.4821e+00    -0.0749   101.8905     7.5642     7.6549    31.7644    31.7663    25.0625    25.0649    7.16575 0.0000e+00
      25230     21.615     5.4335     5.4364   3.102245   3.102455     2.6463     2.5254      8.157     0.6687   108.3579 3.5063e+00    -0.0749   101.8905     7.5664     7.6564    31.7652    31.7649    25.0635    25.0628    7.16618 0.0000e+00
      25233     21.546     5.4343     5.4392   3.102496   3.102615     2.6455     2.5254      8.157     0.6712   108.3758 3.5226e+00    -0.0749   101.8905     7.5614     7.6581    31.7674    31.7640    25.0651    25.0619    7.16595 0.0000e+00
      25236     21.480     5.4397     5.4381   3.103021   3.102396     2.6451     2.5254      8.157     0.6687   108.3669 3.5431e+00    -0.0749   101.8905     7.5574     7.6619    31.7682    31.7627    25.0652    25.0610    7.16498 0.0000e+00
      25239     21.412     5.4480     5.4397   3.103518   3.102687     2.6451     2.5254      8.157     0.6565   108.3579 3.5554e+00    -0.0749   101.8905     7.5539     7.6659    31.7660    31.7644    25.0624    25.0621    7.16364 0.0000e+00
      25242     21.345     5.4534     5.4538   3.103826   3.103977     2.6447     2.5254      8.157     0.6223   108.3669 3.5636e+00    -0.0745   101.8815     7.5504     7.6650    31.7644    31.7657    25.0606    25.0616    7.16279 0.0000e+00
      25245     21.278     5.4565     5.4532   3.104022   3.103939     2.6451     2.5254      8.157     0.6223   108.3669 3.5801e+00    -0.0738   101.8634     7.5498     7.6686    31.7637    31.7659    25.0597    25.0618    7.16228 0.0000e+00
      25248     21.211     5.4548     5.4589   3.104224   3.104236     2.6447     2.5254      8.157     0.6247   108.3579 3.6093e+00    -0.0745   101.8815     7.5478     7.6699    31.7676    31.7639    25.0630    25.0596    7.16239 0.0000e+00
      25251     21.145     5.4528     5.4656   3.104023   3.104729     2.6439     2.5254      8.159     0.6223   108.3579 3.6218e+00    -0.0738   101.8634     7.5452     7.6704    31.7673    31.7632    25.0630    25.0582    7.16276 0.0000e+00
      25254     21.079     5.4556     5.4694   3.104258   3.104931     2.6435     2.5254      8.157     0.6247   108.3579 3.6428e+00    -0.0738   101.8634     7.5441     7.6685    31.7674    31.7619    25.0627    25.0568    7.16228 0.0000e+00
