Datasets/AZMP/COO001/79001022.cnv
* Sea-Bird SBE 9 Data File:
* FileName = C:\CTDDATA\79001022.hex
* Software Version Seasave V 7.26.7.110
* Temperature SN = 5660
* Conductivity SN = 3698
* Number of Bytes Per Scan = 30
* Number of Voltage Words = 4
* Number of Scans Averaged by the Deck Unit = 1
* NMEA baud rate = 9600
** VESSEL/TRIP/SEQ STN:  79001022
** LATITUDE XX XX.XX N:  46 30.00 N
** LONGITUDE XX XX.XX W:  52 51.00 W
** SOUNDING DEPTH (M):  0184
** PROBE TYPE (S1221): S1257
** CTD NUMBER: 022
** COMMENTS (14 CHAR):  SEGB-02
** BOTTLES:  12
** LEVELS: 5,5,10,20,20,30,40,50,75,100,150,BTM
** STICKERS: 434701 - 434712
** VNET: Y
** DO2: N
# nquan = 22
# nvalues = 5583                        
# units = specified
# name 0 = scan: Scan Count
# name 1 = prDM: Pressure, Digiquartz [db]
# name 2 = t090C: Temperature [ITS-90, deg C]
# name 3 = t190C: Temperature, 2 [ITS-90, deg C]
# name 4 = c0S/m: Conductivity [S/m]
# name 5 = c1S/m: Conductivity, 2 [S/m]
# name 6 = sbeox0V: Oxygen raw, SBE 43 [V]
# name 7 = sbeox1V: Oxygen raw, SBE 43, 2 [V]
# name 8 = ph: pH
# name 9 = flECO-AFL: Fluorescence, WET Labs ECO-AFL/FL [mg/m^3]
# name 10 = wetCDOM: Fluorescence, WET Labs CDOM [mg/m^3]
# name 11 = par/sat/log: PAR/Logarithmic, Satlantic [umol photons/m^2/sec]
# name 12 = CStarAt0: Beam Attenuation, WET Labs C-Star [1/m]
# name 13 = CStarTr0: Beam Transmission, WET Labs C-Star [%]
# name 14 = sbeox0ML/L: Oxygen, SBE 43 [ml/l], WS = 2
# name 15 = sbeox1ML/L: Oxygen, SBE 43, 2 [ml/l], WS = 2
# name 16 = sal00: Salinity, Practical [PSU]
# name 17 = sal11: Salinity, Practical, 2 [PSU]
# name 18 = sigma-t00: Density [sigma-t, kg/m^3 ]
# name 19 = sigma-t11: Density, 2 [sigma-t, kg/m^3 ]
# name 20 = oxsatML/L: Oxygen Saturation, Weiss [ml/l]
# name 21 = flag: flag
# span 0 =        106,      46197       
# span 1 =      0.455,    175.520       
# span 2 =    -0.9016,     4.9109       
# span 3 =    -0.9033,     4.9097       
# span 4 =   2.662552,   3.049706       
# span 5 =   2.662573,   3.049800       
# span 6 =     2.6500,     2.9459       
# span 7 =     2.4776,     2.7479       
# span 8 =      8.015,      8.149       
# span 9 =     0.0215,     0.8762       
# span 10 =    -1.7471,     3.1089      
# span 11 = 1.0777e-01, 1.4179e+02      
# span 12 =     0.0704,     2.3438      
# span 13 =    55.6573,    98.2546      
# span 14 =     7.3990,     8.3990      
# span 15 =     6.1707,     7.0179      
# span 16 =    31.6649,    32.6680      
# span 17 =    31.6699,    32.6693      
# span 18 =    25.0417,    26.2602      
# span 19 =    25.0462,    26.2613      
# span 20 =    7.26196,    8.37494      
# span 21 = 0.0000e+00, 0.0000e+00      
# interval = scans: 3                   
# start_time = Nov 23 2019 12:21:38 [System UTC, header]
# bad_flag = -9.990e-29
*END*
[from data line 1976]
       7137    125.389    -0.3947    -0.3939   2.694222   2.694704     2.6838     2.5141      8.039     0.0410     1.9245 1.0790e-01     0.0832    97.9418     8.2003     6.8821    32.5743    32.5798    26.1654    26.1698    8.26634 0.0000e+00
       7140    125.480    -0.3974    -0.3965   2.694210   2.694573     2.6834     2.5149      8.039     0.0410     1.9245 1.0790e-01     0.0832    97.9418     8.2018     6.8905    32.5769    32.5808    26.1677    26.1708    8.26678 0.0000e+00
       7143    125.572    -0.3988    -0.3982   2.694213   2.694463     2.6838     2.5149      8.039     0.0459     1.9245 1.0790e-01     0.0832    97.9418     8.2039     6.8942    32.5784    32.5810    26.1689    26.1710    8.26700 0.0000e+00
       7146    125.667    -0.3995    -0.3975   2.694201   2.694569     2.6830     2.5145      8.039     0.0410     1.9245 1.0790e-01     0.0825    97.9591     8.2038     6.8951    32.5790    32.5817    26.1694    26.1715    8.26714 0.0000e+00
       7149    125.767    -0.3999    -0.3965   2.694202   2.694618     2.6834     2.5153      8.039     0.0410     1.9245 1.0790e-01     0.0832    97.9418     8.2055     6.9001    32.5794    32.5812    26.1697    26.1711    8.26720 0.0000e+00
       7152    125.871    -0.4000    -0.3963   2.694242   2.694637     2.6830     2.5145      8.039     0.0410     1.9245 1.0790e-01     0.0832    97.9418     8.2055     6.8990    32.5799    32.5812    26.1701    26.1710    8.26719 0.0000e+00
       7155    125.975    -0.4000    -0.3967   2.694230   2.694559     2.6830     2.5145      8.039     0.0410     1.9245 1.0790e-01     0.0832    97.9418     8.2067     6.9001    32.5797    32.5806    26.1700    26.1706    8.26720 0.0000e+00
       7158    126.078    -0.4003    -0.3986   2.694142   2.694362     2.6834     2.5149      8.039     0.0557     1.9245 1.0790e-01     0.0832    97.9418     8.2101     6.9009    32.5788    32.5799    26.1693    26.1701    8.26732 0.0000e+00
       7161    126.186    -0.4018    -0.4009   2.693983   2.694251     2.6830     2.5153      8.039     0.0703     1.8455 1.0790e-01     0.0832    97.9418     8.2102     6.9017    32.5782    32.5808    26.1688    26.1709    8.26769 0.0000e+00
       7164    126.295    -0.4031    -0.4022   2.693909   2.694146     2.6830     2.5153      8.038     0.0703     1.8060 1.0790e-01     0.0832    97.9418     8.2128     6.9019    32.5785    32.5807    26.1692    26.1709    8.26795 0.0000e+00
       7167    126.405    -0.4048    -0.4056   2.693679   2.693826     2.6830     2.5153      8.040     0.0752     1.8060 1.0790e-01     0.0832    97.9418     8.2147     6.9026    32.5773    32.5800    26.1682    26.1705    8.26841 0.0000e+00
       7170    126.517    -0.4082    -0.4107   2.693366   2.693524     2.6830     2.5153      8.040     0.0703     1.8060 1.0790e-01     0.0832    97.9418     8.2184     6.9026    32.5767    32.5815    26.1679    26.1719    8.26920 0.0000e+00
       7173    126.627    -0.4109    -0.4122   2.693342   2.693558     2.6830     2.5153      8.040     0.0703     1.8060 1.0790e-01     0.0832    97.9418     8.2192     6.9034    32.5792    32.5835    26.1700    26.1735    8.26965 0.0000e+00
       7176    126.742    -0.4125    -0.4121   2.693226   2.693522     2.6834     2.5153      8.040     0.0703     1.8060 1.0790e-01     0.0832    97.9418     8.2220     6.9051    32.5793    32.5828    26.1702    26.1730    8.27001 0.0000e+00
       7179    126.858    -0.4140    -0.4102   2.693181   2.693795     2.6838     2.5153      8.040     0.0703     1.8060 1.0790e-01     0.0836    97.9331     8.2235     6.9030    32.5802    32.5843    26.1710    26.1741    8.27028 0.0000e+00
       7182    126.968    -0.4145    -0.4097   2.693313   2.693650     2.6834     2.5153      8.040     0.0703     1.8060 1.0790e-01     0.0832    97.9418     8.2236     6.9014    32.5824    32.5818    26.1728    26.1721    8.27026 0.0000e+00
       7185    127.080    -0.4137    -0.4100   2.693359   2.693694     2.6838     2.5157      8.040     0.0654     1.8060 1.0790e-01     0.0836    97.9331     8.2254     6.9039    32.5821    32.5826    26.1725    26.1727    8.27011 0.0000e+00
       7188    127.189    -0.4126    -0.4113   2.693566   2.693488     2.6838     2.5153      8.038     0.0557     1.8060 1.0790e-01     0.0832    97.9418     8.2263     6.9049    32.5837    32.5812    26.1737    26.1717    8.26978 0.0000e+00
       7191    127.294    -0.4102    -0.4146   2.693743   2.693358     2.6838     2.5153      8.040     0.0606     1.8060 1.0790e-01     0.0843    97.9157     8.2244     6.9072    32.5834    32.5829    26.1734    26.1732    8.26926 0.0000e+00
       7194    127.397    -0.4093    -0.4150   2.693639   2.693298     2.6842     2.5153      8.040     0.0557     1.8060 1.0790e-01     0.0832    97.9418     8.2259     6.9087    32.5809    32.5825    26.1714    26.1729    8.26919 0.0000e+00
       7197    127.505    -0.4102    -0.4184   2.693381   2.693044     2.6838     2.5157      8.040     0.0557     1.8060 1.0790e-01     0.0836    97.9331     8.2227     6.9118    32.5784    32.5827    26.1693    26.1732    8.26953 0.0000e+00
       7200    127.606    -0.4130    -0.4182   2.693141   2.693187     2.6838     2.5161      8.040     0.0606     1.8060 1.0790e-01     0.0836    97.9331     8.2228     6.9136    32.5781    32.5844    26.1692    26.1745    8.27017 0.0000e+00
       7203    127.706    -0.4147    -0.4187   2.693108   2.693057     2.6842     2.5153      8.040     0.0557     1.8060 1.0790e-01     0.0836    97.9331     8.2250     6.9133    32.5795    32.5830    26.1704    26.1735    8.27048 0.0000e+00
       7206    127.800    -0.4152    -0.4196   2.693341   2.693043     2.6842     2.5161      8.038     0.0606     1.8060 1.0790e-01     0.0836    97.9331     8.2244     6.9188    32.5831    32.5838    26.1734    26.1741    8.27039 0.0000e+00
       7209    127.892    -0.4132    -0.4194   2.693556   2.693084     2.6847     2.5161      8.038     0.0557     1.8060 1.0790e-01     0.0832    97.9418     8.2235     6.9196    32.5837    32.5841    26.1738    26.1743    8.26990 0.0000e+00
       7212    127.984    -0.4120    -0.4196   2.693509   2.693058     2.6842     2.5165      8.040     0.0606     1.8455 1.0790e-01     0.0836    97.9331     8.2204     6.9234    32.5817    32.5839    26.1722    26.1741    8.26975 0.0000e+00
       7215    128.068    -0.4124    -0.4194   2.693430   2.693068     2.6842     2.5165      8.038     0.0557     2.0034 1.0790e-01     0.0821    97.9678     8.2200     6.9239    32.5811    32.5837    26.1716    26.1740    8.26987 0.0000e+00
       7218    128.151    -0.4124    -0.4205   2.693491   2.692970     2.6842     2.5165      8.040     0.0557     2.0429 1.0790e-01     0.0821    97.9678     8.2200     6.9240    32.5818    32.5836    26.1722    26.1740    8.26983 0.0000e+00
       7221    128.230    -0.4119    -0.4210   2.693507   2.692978     2.6842     2.5165      8.038     0.0557     2.0429 1.0790e-01     0.0821    97.9678     8.2187     6.9241    32.5815    32.5842    26.1719    26.1745    8.26974 0.0000e+00
       7224    128.302    -0.4121    -0.4189   2.693432   2.693200     2.6842     2.5165      8.037     0.0606     2.0429 1.0790e-01     0.0821    97.9678     8.2173     6.9240    32.5807    32.5849    26.1713    26.1750    8.26983 0.0000e+00
       7227    128.373    -0.4126    -0.4172   2.693391   2.693230     2.6851     2.5178      8.038     0.0557     2.0429 1.0790e-01     0.0821    97.9678     8.2192     6.9269    32.5806    32.5834    26.1712    26.1737    8.26994 0.0000e+00
       7230    128.442    -0.4128    -0.4176   2.693468   2.693179     2.6838     2.5178      8.038     0.0606     2.0429 1.0790e-01     0.0821    97.9678     8.2144     6.9243    32.5818    32.5831    26.1722    26.1735    8.26992 0.0000e+00
       7233    128.506    -0.4126    -0.4175   2.693422   2.693147     2.6838     2.5174      8.037     0.0557     2.0429 1.0790e-01     0.0828    97.9505     8.2137     6.9212    32.5810    32.5826    26.1715    26.1731    8.26993 0.0000e+00
       7236    128.566    -0.4128    -0.4200   2.693395   2.692972     2.6838     2.5178      8.037     0.0557     2.0429 1.0790e-01     0.0832    97.9418     8.2148     6.9217    32.5808    32.5828    26.1714    26.1734    8.26999 0.0000e+00
       7239    128.622    -0.4130    -0.4225   2.693389   2.692871     2.6847     2.5178      8.037     0.0410     2.0034 1.0790e-01     0.0832    97.9418     8.2178     6.9207    32.5808    32.5842    26.1714    26.1745    8.27002 0.0000e+00
       7242    128.675    -0.4130    -0.4229   2.693468   2.692883     2.6838     2.5178      8.038     0.0410     1.9245 1.0802e-01     0.0832    97.9418     8.2148     6.9188    32.5818    32.5847    26.1722    26.1750    8.26996 0.0000e+00
       7245    128.723    -0.4129    -0.4231   2.693489   2.692871     2.6838     2.5182      8.038     0.0410     1.9245 1.0790e-01     0.0832    97.9418     8.2147     6.9179    32.5820    32.5847    26.1724    26.1750    8.26993 0.0000e+00
       7248    128.765    -0.4128    -0.4194   2.693524   2.693206     2.6838     2.5178      8.037     0.0410     1.9245 1.0790e-01     0.0832    97.9418     8.2152     6.9129    32.5823    32.5852    26.1726    26.1752    8.26989 0.0000e+00
       7251    128.807    -0.4103    -0.4128   2.693872   2.693437     2.6838     2.5178      8.038     0.0410     1.9245 1.0790e-01     0.0832    97.9418     8.2153     6.9097    32.5842    32.5812    26.1741    26.1717    8.26922 0.0000e+00
       7254    128.850    -0.4062    -0.4139   2.694115   2.693522     2.6838     2.5178      8.038     0.0459     1.9245 1.0790e-01     0.0832    97.9418     8.2158     6.9099    32.5831    32.5835    26.1730    26.1736    8.26838 0.0000e+00
       7257    128.884    -0.4037    -0.4083   2.694320   2.693926     2.6838     2.5178      8.035     0.0459     1.9245 1.0790e-01     0.0836    97.9331     8.2150     6.9080    32.5832    32.5829    26.1730    26.1729    8.26783 0.0000e+00
       7260    128.913    -0.4015    -0.4083   2.694547   2.693446     2.6838     2.5178      8.036     0.0410     1.9245 1.0790e-01     0.0836    97.9331     8.2143     6.9078    32.5838    32.5764    26.1734    26.1677    8.26731 0.0000e+00
       7263    128.940    -0.3985    -0.4181   2.694721   2.692983     2.6838     2.5178      8.035     0.0459     1.9245 1.0790e-01     0.0832    97.9418     8.2139     6.9097    32.5828    32.5808    26.1725    26.1716    8.26668 0.0000e+00
       7266    128.967    -0.3957    -0.4239   2.694858   2.692733     2.6838     2.5178      8.035     0.0557     1.9245 1.0802e-01     0.0836    97.9331     8.2153     6.9107    32.5817    32.5836    26.1715    26.1741    8.26614 0.0000e+00
       7269    128.993    -0.3942    -0.4286   2.694876   2.692652     2.6838     2.5178      8.036     0.0557     1.9245 1.0790e-01     0.0836    97.9331     8.2149     6.9114    32.5803    32.5875    26.1702    26.1775    8.26588 0.0000e+00
       7286    129.085    -0.3927    -0.4269   2.694841   2.692639     2.6838     2.5178      8.035     0.0606     1.8850 1.0790e-01     0.0843    97.9157     8.2115     6.9081    32.5781    32.5855    26.1684    26.1758    8.26566 0.0000e+00
       7318    129.249    -0.3912    -0.4250   2.694941   2.692702     2.6834     2.5174      8.039     0.0557     1.8060 1.0790e-01     0.0853    97.8896     8.2026     6.8979    32.5778    32.5842    26.1681    26.1746    8.26536 0.0000e+00
       7322    129.280    -0.3906    -0.4264   2.695053   2.692819     2.6838     2.5169      8.038     0.0557     1.8060 1.0790e-01     0.0853    97.8896     8.2028     6.8964    32.5786    32.5873    26.1687    26.1772    8.26516 0.0000e+00
       7325    129.304    -0.3900    -0.4213   2.695083   2.693171     2.6830     2.5169      8.035     0.0606     1.8060 1.0790e-01     0.0853    97.8896     8.1983     6.8948    32.5783    32.5864    26.1685    26.1763    8.26505 0.0000e+00
       7328    129.332    -0.3903    -0.4163   2.694917   2.693333     2.6830     2.5165      8.035     0.0606     1.8060 1.0790e-01     0.0857    97.8809     8.1981     6.8904    32.5764    32.5832    26.1670    26.1735    8.26522 0.0000e+00
       7331    129.358    -0.3924    -0.4139   2.694621   2.693660     2.6826     2.5165      8.038     0.0606     1.8060 1.0790e-01     0.0853    97.8896     8.1968     6.8887    32.5748    32.5850    26.1657    26.1749    8.26580 0.0000e+00
       7334    129.390    -0.3952    -0.4084   2.694457   2.693971     2.6826     2.5165      8.035     0.0557     1.8060 1.0790e-01     0.0850    97.8983     8.1974     6.8873    32.5755    32.5832    26.1664    26.1732    8.26636 0.0000e+00
       7337    129.430    -0.3968    -0.4069   2.694434   2.694038     2.6826     2.5165      8.038     0.0557     1.8060 1.0790e-01     0.0843    97.9157     8.1984     6.8874    32.5770    32.5825    26.1676    26.1726    8.26665 0.0000e+00
       7340    129.475    -0.3985    -0.4063   2.694349   2.694089     2.6826     2.5165      8.036     0.0557     1.8060 1.0790e-01     0.0843    97.9157     8.2007     6.8885    32.5775    32.5825    26.1682    26.1725    8.26698 0.0000e+00
       7343    129.524    -0.3994    -0.4052   2.694369   2.694129     2.6826     2.5165      8.039     0.0654     1.8060 1.0790e-01     0.0843    97.9157     8.2020     6.8881    32.5788    32.5819    26.1693    26.1720    8.26712 0.0000e+00
       7346    129.575    -0.4004    -0.4052   2.694324   2.694141     2.6826     2.5165      8.036     0.0752     1.9245 1.0790e-01     0.0843    97.9157     8.2038     6.8884    32.5793    32.5819    26.1697    26.1720    8.26732 0.0000e+00
       7349    129.629    -0.4009    -0.4053   2.694387   2.694108     2.6818     2.5157      8.035     0.0752     1.9245 1.0790e-01     0.0843    97.9157     8.2033     6.8848    32.5806    32.5815    26.1708    26.1717    8.26735 0.0000e+00
       7352    129.687    -0.4014    -0.4058   2.694231   2.694106     2.6826     2.5153      8.036     0.0703     1.9245 1.0790e-01     0.0843    97.9157     8.2082     6.8846    32.5790    32.5820    26.1695    26.1722    8.26755 0.0000e+00
       7355    129.750    -0.4026    -0.4041   2.694200   2.694281     2.6814     2.5153      8.035     0.0752     1.9245 1.0790e-01     0.0853    97.8896     8.2045     6.8834    32.5798    32.5825    26.1702    26.1725    8.26777 0.0000e+00
       7358    129.814    -0.4007    -0.4024   2.694597   2.694467     2.6822     2.5153      8.036     0.0703     1.9245 1.0790e-01     0.0853    97.8896     8.2069     6.8820    32.5831    32.5831    26.1728    26.1729    8.26716 0.0000e+00
       7361    129.881    -0.3994    -0.3981   2.694499   2.694796     2.6814     2.5153      8.035     0.0752     1.9245 1.0790e-01     0.0853    97.8896     8.2042     6.8823    32.5803    32.5829    26.1705    26.1725    8.26703 0.0000e+00
       7364    129.957    -0.4001    -0.3989   2.694396   2.694463     2.6826     2.5153      8.035     0.0703     1.9245 1.0790e-01     0.0853    97.8896     8.2107     6.8842    32.5797    32.5793    26.1700    26.1696    8.26723 0.0000e+00
       7367    130.036    -0.4007    -0.4060   2.694437   2.693961     2.6814     2.5149      8.035     0.0703     1.9245 1.0790e-01     0.0853    97.8896     8.2084     6.8851    32.5809    32.5801    26.1710    26.1706    8.26730 0.0000e+00
       7370    130.117    -0.4003    -0.4151   2.694331   2.693155     2.6826     2.5145      8.035     0.0557     1.9245 1.0790e-01     0.0853    97.8896     8.2149     6.8872    32.5789    32.5791    26.1693    26.1701    8.26730 0.0000e+00
       7373    130.204    -0.4050    -0.4239   2.693368   2.692791     2.6822     2.5149      8.040     0.0557     1.9245 1.0790e-01     0.0853    97.8896     8.2165     6.8923    32.5710    32.5837    26.1632    26.1742    8.26879 0.0000e+00
