Datasets/AZMP/COO001/79001118.cnv
* Sea-Bird SBE 9 Data File:
* FileName = C:\CTDDATA\79001118.hex
* Software Version Seasave V 7.26.7.110
* Temperature SN = 5660
* Conductivity SN = 3698
* Number of Bytes Per Scan = 30
* Number of Voltage Words = 4
* Number of Scans Averaged by the Deck Unit = 1
* NMEA baud rate = 9600
** VESSEL/TRIP/SEQ STN:  79001118
** LATITUDE XX XX.XX N:  47 00.00 N
** LONGITUDE XX XX.XX W:  50 00.00 W
** SOUNDING DEPTH (M):  0087
** PROBE TYPE: S1257
** CTD NUMBER: 078
** COMMENTS (14 CHAR): FC-09
** BOTTLES:  18
** LEVELS: 5,5,5,5,10,20,20,20,20,30,40,50,50,50,75,BTM,BTM,BTM
** STICKERS: 435585 - 435602
** VNET: N
** DO2: N
# nquan = 22
# nvalues = 2371                        
# units = specified
# name 0 = scan: Scan Count
# name 1 = prDM: Pressure, Digiquartz [db]
# name 2 = t090C: Temperature [ITS-90, deg C]
# name 3 = t190C: Temperature, 2 [ITS-90, deg C]
# name 4 = c0S/m: Conductivity [S/m]
# name 5 = c1S/m: Conductivity, 2 [S/m]
# name 6 = sbeox0V: Oxygen raw, SBE 43 [V]
# name 7 = sbeox1V: Oxygen raw, SBE 43, 2 [V]
# name 8 = ph: pH
# name 9 = flECO-AFL: Fluorescence, WET Labs ECO-AFL/FL [mg/m^3]
# name 10 = wetCDOM: Fluorescence, WET Labs CDOM [mg/m^3]
# name 11 = par/sat/log: PAR/Logarithmic, Satlantic [umol photons/m^2/sec]
# name 12 = CStarAt0: Beam Attenuation, WET Labs C-Star [1/m]
# name 13 = CStarTr0: Beam Transmission, WET Labs C-Star [%]
# name 14 = sbeox0ML/L: Oxygen, SBE 43 [ml/l], WS = 2
# name 15 = sbeox1ML/L: Oxygen, SBE 43, 2 [ml/l], WS = 2
# name 16 = sal00: Salinity, Practical [PSU]
# name 17 = sal11: Salinity, Practical, 2 [PSU]
# name 18 = sigma-t00: Density [sigma-t, kg/m^3 ]
# name 19 = sigma-t11: Density, 2 [sigma-t, kg/m^3 ]
# name 20 = oxsatML/L: Oxygen Saturation, Weiss [ml/l]
# name 21 = flag: flag
# span 0 =        125,      42023       
# span 1 =      1.700,     80.553       
# span 2 =    -0.4379,     3.6451       
# span 3 =    -0.4391,     3.6366       
# span 4 =   2.711842,   2.983978       
# span 5 =   2.711881,   2.983464       
# span 6 =     2.3743,     2.7627       
# span 7 =     2.3451,     2.7367       
# span 8 =      8.006,      8.169       
# span 9 =     0.0703,     1.0032       
# span 10 =     1.4507,     2.2798      
# span 11 = 1.0790e-01, 1.6288e+02      
# span 12 =     0.1013,     0.6968      
# span 13 =    84.0120,    97.4986      
# span 14 =     6.6381,     7.6222      
# span 15 =     6.7275,     8.1250      
# span 16 =    31.9931,    33.1287      
# span 17 =    32.1195,    32.9910      
# span 18 =    25.5324,    26.5897      
# span 19 =    25.5303,    26.4704      
# span 20 =    7.46894,    8.25796      
# span 21 = 0.0000e+00, 0.0000e+00      
# interval = scans: 3                   
# start_time = Dec 07 2019 16:17:55 [System UTC, header]
# bad_flag = -9.990e-29
*END*
[from data line 1976]
      26340     24.643     3.5355     3.5497   2.976759   2.977678     2.7521     2.7163      8.164     0.7932     1.7271 1.2197e+01     0.1160    97.1423     7.4862     7.8595    32.1422    32.1392    25.5572    25.5535    7.48858 0.0000e+00
      26414     24.575     3.5347     3.5463   2.976723   2.977460     2.7538     2.7151      8.169     0.8029     1.8060 1.1874e+01     0.1153    97.1597     7.4930     7.8690    32.1426    32.1399    25.5576    25.5543    7.48871 0.0000e+00
      26417     24.490     3.5350     3.5454   2.976741   2.977386     2.7529     2.7147      8.166     0.8029     1.8060 1.1970e+01     0.1153    97.1597     7.4889     7.8719    32.1426    32.1400    25.5575    25.5545    7.48865 0.0000e+00
      26420     24.398     3.5358     3.5437   2.976784   2.977307     2.7538     2.7159      8.164     0.8127     1.8060 1.2068e+01     0.1153    97.1597     7.4911     7.8798    32.1424    32.1407    25.5573    25.5552    7.48852 0.0000e+00
      26423     24.299     3.5363     3.5429   2.976788   2.977264     2.7534     2.7151      8.164     0.8078     1.8060 1.2194e+01     0.1153    97.1597     7.4879     7.8789    32.1420    32.1411    25.5569    25.5556    7.48845 0.0000e+00
      26426     24.196     3.5366     3.5415   2.976785   2.977172     2.7534     2.7159      8.164     0.8078     1.8060 1.2279e+01     0.1153    97.1597     7.4875     7.8806    32.1417    32.1415    25.5566    25.5560    7.48840 0.0000e+00
      26429     24.088     3.5370     3.5407   2.976827   2.977214     2.7538     2.7159      8.167     0.8029     1.8060 1.2407e+01     0.1163    97.1336     7.4891     7.8799    32.1418    32.1428    25.5567    25.5572    7.48832 0.0000e+00
      26432     23.977     3.5375     3.5455   2.976863   2.977620     2.7538     2.7159      8.164     0.7932     1.8060 1.2537e+01     0.1178    97.0988     7.4877     7.8786    32.1418    32.1429    25.5567    25.5568    7.48823 0.0000e+00
      26435     23.861     3.5383     3.5511   2.976897   2.977894     2.7538     2.7159      8.164     0.7932     1.8060 1.2668e+01     0.1178    97.0988     7.4855     7.8783    32.1415    32.1407    25.5564    25.5545    7.48810 0.0000e+00
      26438     23.745     3.5388     3.5532   2.976904   2.978015     2.7534     2.7167      8.166     0.7932     1.8060 1.2815e+01     0.1178    97.0988     7.4842     7.8803    32.1412    32.1401    25.5560    25.5539    7.48802 0.0000e+00
      26441     23.628     3.5398     3.5568   2.976987   2.978337     2.7538     2.7171      8.166     0.7932     1.8060 1.2980e+01     0.1178    97.0988     7.4844     7.8799    32.1412    32.1405    25.5560    25.5539    7.48783 0.0000e+00
      26444     23.507     3.5407     3.5602   2.977006   2.978502     2.7538     2.7171      8.164     0.7980     1.8060 1.3191e+01     0.1174    97.1075     7.4827     7.8777    32.1406    32.1392    25.5555    25.5525    7.48769 0.0000e+00
      26447     23.383     3.5415     3.5608   2.977036   2.978439     2.7534     2.7171      8.166     0.7932     1.8060 1.3360e+01     0.1178    97.0988     7.4821     7.8757    32.1403    32.1379    25.5551    25.5514    7.48756 0.0000e+00
      26450     23.266     3.5421     3.5611   2.977067   2.978539     2.7538     2.7171      8.164     0.7980     1.8060 1.3531e+01     0.1181    97.0902     7.4827     7.8734    32.1401    32.1389    25.5549    25.5522    7.48746 0.0000e+00
      26453     23.146     3.5429     3.5624   2.977133   2.978582     2.7529     2.7171      8.167     0.7883     1.8060 1.3720e+01     0.1174    97.1075     7.4791     7.8725    32.1402    32.1381    25.5549    25.5515    7.48731 0.0000e+00
      26456     23.027     3.5437     3.5616   2.977173   2.978441     2.7529     2.7179      8.166     0.7980     1.8060 1.3928e+01     0.1174    97.1075     7.4787     7.8741    32.1398    32.1373    25.5546    25.5509    7.48716 0.0000e+00
      26459     22.910     3.5446     3.5596   2.977210   2.978304     2.7529     2.7179      8.167     0.8371     1.8060 1.4106e+01     0.1178    97.0988     7.4783     7.8722    32.1395    32.1377    25.5542    25.5513    7.48702 0.0000e+00
      26462     22.799     3.5449     3.5584   2.977168   2.978229     2.7538     2.7183      8.167     0.8371     1.8060 1.4303e+01     0.1178    97.0988     7.4817     7.8711    32.1387    32.1380    25.5535    25.5518    7.48699 0.0000e+00
      26465     22.693     3.5451     3.5585   2.977177   2.978294     2.7525     2.7175      8.167     0.8273     1.8060 1.4520e+01     0.1178    97.0988     7.4783     7.8675    32.1387    32.1388    25.5535    25.5523    7.48697 0.0000e+00
      26468     22.590     3.5450     3.5588   2.977171   2.978290     2.7529     2.7179      8.166     0.8322     1.8060 1.4740e+01     0.1181    97.0902     7.4806     7.8691    32.1388    32.1385    25.5536    25.5521    7.48698 0.0000e+00
      26471     22.493     3.5450     3.5598   2.977187   2.978415     2.7538     2.7179      8.166     0.8322     1.6876 1.4894e+01     0.1206    97.0293     7.4829     7.8686    32.1390    32.1391    25.5538    25.5524    7.48696 0.0000e+00
      26474     22.407     3.5449     3.5609   2.977167   2.978517     2.7529     2.7179      8.169     0.8371     1.6876 1.5032e+01     0.1217    97.0033     7.4808     7.8696    32.1389    32.1392    25.5537    25.5524    7.48698 0.0000e+00
      26477     22.330     3.5451     3.5621   2.977217   2.978573     2.7529     2.7183      8.169     0.8420     1.6876 1.5172e+01     0.1217    97.0033     7.4822     7.8713    32.1394    32.1387    25.5541    25.5520    7.48693 0.0000e+00
      26480     22.263     3.5455     3.5628   2.977225   2.978592     2.7529     2.7183      8.167     0.8322     1.6876 1.5278e+01     0.1213    97.0120     7.4818     7.8712    32.1391    32.1384    25.5538    25.5516    7.48686 0.0000e+00
      26483     22.209     3.5459     3.5628   2.977265   2.978566     2.7525     2.7183      8.169     0.8225     1.6876 1.5402e+01     0.1213    97.0120     7.4797     7.8732    32.1392    32.1380    25.5538    25.5513    7.48679 0.0000e+00
      26486     22.168     3.5465     3.5619   2.977307   2.978509     2.7534     2.7183      8.169     0.8225     1.6876 1.5473e+01     0.1217    97.0033     7.4839     7.8742    32.1392    32.1382    25.5537    25.5516    7.48668 0.0000e+00
      26489     22.135     3.5460     3.5613   2.977138   2.978457     2.7538     2.7183      8.166     0.8225     1.6876 1.5491e+01     0.1213    97.0120     7.4851     7.8750    32.1376    32.1382    25.5526    25.5517    7.48684 0.0000e+00
      26578     22.094     3.5440     3.5589   2.977048   2.978304     2.7538     2.7212      8.167     0.8273     1.7665 1.5455e+01     0.1210    97.0206     7.4828     7.8812    32.1385    32.1388    25.5535    25.5523    7.48717 0.0000e+00
      26624     21.985     3.5440     3.5584   2.977158   2.978243     2.7550     2.7224      8.167     0.8176     1.8060 1.5635e+01     0.1210    97.0206     7.4850     7.8802    32.1399    32.1387    25.5546    25.5523    7.48710 0.0000e+00
      26627     21.869     3.5447     3.5578   2.977186   2.978197     2.7542     2.7224      8.169     0.8225     1.8060 1.5854e+01     0.1213    97.0120     7.4821     7.8774    32.1396    32.1387    25.5543    25.5524    7.48699 0.0000e+00
      26630     21.758     3.5450     3.5573   2.977164   2.978165     2.7538     2.7232      8.167     0.8273     1.8060 1.6150e+01     0.1213    97.0120     7.4814     7.8781    32.1392    32.1389    25.5539    25.5526    7.48696 0.0000e+00
      26633     21.650     3.5453     3.5577   2.977216   2.978221     2.7538     2.7228      8.167     0.8176     1.8060 1.6413e+01     0.1206    97.0293     7.4816     7.8747    32.1395    32.1393    25.5541    25.5528    7.48688 0.0000e+00
      26636     21.547     3.5458     3.5589   2.977217   2.978292     2.7534     2.7228      8.166     0.8322     1.8060 1.6604e+01     0.1206    97.0293     7.4806     7.8726    32.1391    32.1390    25.5537    25.5525    7.48681 0.0000e+00
      26639     21.449     3.5463     3.5594   2.977289   2.978282     2.7546     2.7232      8.167     0.8273     1.8060 1.6816e+01     0.1203    97.0380     7.4852     7.8721    32.1395    32.1384    25.5541    25.5520    7.48670 0.0000e+00
      26642     21.358     3.5469     3.5596   2.977325   2.978335     2.7550     2.7224      8.169     0.8567     1.8060 1.6973e+01     0.1206    97.0293     7.4861     7.8673    32.1394    32.1389    25.5539    25.5523    7.48659 0.0000e+00
      26645     21.273     3.5478     3.5601   2.977355   2.978334     2.7542     2.7220      8.167     0.8518     1.8060 1.7130e+01     0.1203    97.0380     7.4817     7.8640    32.1389    32.1384    25.5534    25.5519    7.48645 0.0000e+00
      26648     21.197     3.5481     3.5601   2.977328   2.978326     2.7534     2.7220      8.167     0.8567     1.8060 1.7249e+01     0.1203    97.0380     7.4792     7.8621    32.1383    32.1383    25.5529    25.5518    7.48642 0.0000e+00
      26651     21.128     3.5479     3.5601   2.977308   2.978324     2.7550     2.7220      8.169     0.8469     1.8060 1.7329e+01     0.1206    97.0293     7.4861     7.8615    32.1383    32.1384    25.5529    25.5519    7.48645 0.0000e+00
      26654     21.068     3.5480     3.5598   2.977321   2.978290     2.7538     2.7220      8.169     0.8469     1.6876 1.7370e+01     0.1206    97.0293     7.4822     7.8605    32.1384    32.1383    25.5530    25.5519    7.48644 0.0000e+00
      26657     21.020     3.5479     3.5599   2.977317   2.978342     2.7538     2.7220      8.169     0.8518     1.6876 1.7410e+01     0.1206    97.0293     7.4812     7.8617    32.1385    32.1388    25.5531    25.5522    7.48645 0.0000e+00
      26660     20.978     3.5481     3.5606   2.977346   2.978352     2.7538     2.7220      8.169     0.8518     1.6876 1.7370e+01     0.1206    97.0293     7.4798     7.8632    32.1386    32.1383    25.5532    25.5518    7.48640 0.0000e+00
      26663     20.946     3.5479     3.5605   2.977314   2.978297     2.7550     2.7220      8.167     0.8616     1.6876 1.7370e+01     0.1206    97.0293     7.4828     7.8668    32.1385    32.1378    25.5531    25.5513    7.48645 0.0000e+00
      26694     20.904     3.5491     3.5595   2.977408   2.978234     2.7542     2.7228      8.166     0.8616     1.6481 1.7290e+01     0.1210    97.0206     7.4806     7.8771    32.1384    32.1380    25.5529    25.5516    7.48622 0.0000e+00
      26754     20.854     3.5513     3.5589   2.977564   2.978222     2.7550     2.7244      8.167     0.8811     1.5692 1.7190e+01     0.1217    97.0033     7.4827     7.8911    32.1381    32.1384    25.5525    25.5520    7.48583 0.0000e+00
      26757     20.828     3.5513     3.5588   2.977536   2.978233     2.7550     2.7244      8.169     0.8762     1.6087 1.7249e+01     0.1213    97.0120     7.4831     7.8891    32.1378    32.1387    25.5523    25.5523    7.48585 0.0000e+00
      26760     20.803     3.5510     3.5585   2.977517   2.978224     2.7538     2.7244      8.167     0.8860     1.6876 1.7329e+01     0.1217    97.0033     7.4809     7.8868    32.1379    32.1390    25.5523    25.5525    7.48590 0.0000e+00
      26763     20.776     3.5510     3.5587   2.977517   2.978236     2.7538     2.7244      8.166     0.8811     1.6876 1.7410e+01     0.1210    97.0206     7.4804     7.8840    32.1379    32.1389    25.5523    25.5524    7.48589 0.0000e+00
      26766     20.750     3.5514     3.5587   2.977555   2.978200     2.7538     2.7248      8.167     0.8860     1.6876 1.7490e+01     0.1217    97.0033     7.4781     7.8832    32.1380    32.1385    25.5524    25.5521    7.48582 0.0000e+00
      26769     20.723     3.5515     3.5583   2.977572   2.978173     2.7542     2.7248      8.169     0.8811     1.6876 1.7571e+01     0.1217    97.0033     7.4799     7.8806    32.1381    32.1386    25.5524    25.5522    7.48579 0.0000e+00
      26772     20.699     3.5515     3.5575   2.977513   2.978121     2.7538     2.7244      8.169     0.8958     1.6876 1.7653e+01     0.1221    96.9946     7.4807     7.8785    32.1374    32.1388    25.5519    25.5524    7.48583 0.0000e+00
      26775     20.674     3.5509     3.5575   2.977480   2.978072     2.7538     2.7244      8.166     0.8958     1.6876 1.7755e+01     0.1256    96.9077     7.4813     7.8782    32.1376    32.1382    25.5522    25.5520    7.48593 0.0000e+00
      26796     20.605     3.5533     3.5555   2.977719   2.977881     2.7538     2.7244      8.169     0.9104     1.6876 1.7755e+01     0.1246    96.9338     7.4810     7.8801    32.1381    32.1379    25.5523    25.5519    7.48546 0.0000e+00
      26840     20.457     3.5594     3.5509   2.978065   2.977634     2.7546     2.7240      8.169     0.9153     1.8060 1.7551e+01     0.1210    97.0206     7.4804     7.8819    32.1363    32.1396    25.5503    25.5537    7.48441 0.0000e+00
      26844     20.428     3.5591     3.5510   2.977975   2.977642     2.7533     2.7248      8.167     0.9104     1.8060 1.7551e+01     0.1210    97.0206     7.4772     7.8844    32.1355    32.1397    25.5497    25.5537    7.48450 0.0000e+00
      26847     20.401     3.5583     3.5513   2.977956   2.977678     2.7546     2.7253      8.169     0.9202     1.8060 1.7490e+01     0.1206    97.0293     7.4811     7.8867    32.1361    32.1397    25.5503    25.5538    7.48463 0.0000e+00
      26850     20.373     3.5573     3.5514   2.977878   2.977688     2.7525     2.7244      8.167     0.9007     1.8060 1.7490e+01     0.1213    97.0120     7.4726     7.8846    32.1362    32.1398    25.5504    25.5538    7.48480 0.0000e+00
      26853     20.348     3.5564     3.5516   2.977851   2.977683     2.7542     2.7244      8.167     0.8909     1.8060 1.7531e+01     0.1221    96.9946     7.4781     7.8837    32.1368    32.1395    25.5509    25.5536    7.48495 0.0000e+00
      26860     20.302     3.5560     3.5510   2.977877   2.977614     2.7538     2.7248      8.169     0.8958     1.8060 1.7490e+01     0.1282    96.8469     7.4799     7.8827    32.1375    32.1393    25.5516    25.5535    7.48499 0.0000e+00
      26864     20.269     3.5564     3.5509   2.977915   2.977649     2.7542     2.7244      8.169     0.9055     1.6876 1.7490e+01     0.1282    96.8469     7.4829     7.8787    32.1376    32.1399    25.5516    25.5539    7.48491 0.0000e+00
      26867     20.245     3.5569     3.5508   2.977999   2.977616     2.7538     2.7248      8.169     0.8909     1.6876 1.7490e+01     0.1282    96.8469     7.4818     7.8781    32.1381    32.1396    25.5519    25.5537    7.48478 0.0000e+00
      26870     20.224     3.5575     3.5507   2.978063   2.977627     2.7534     2.7248      8.167     0.8958     1.6876 1.7490e+01     0.1282    96.8469     7.4795     7.8773    32.1383    32.1398    25.5521    25.5539    7.48467 0.0000e+00
      26873     20.200     3.5582     3.5515   2.978065   2.977682     2.7529     2.7253      8.169     0.9006     1.6876 1.7510e+01     0.1275    96.8643     7.4796     7.8780    32.1376    32.1397    25.5515    25.5537    7.48457 0.0000e+00
      26877     20.170     3.5586     3.5519   2.977994   2.977712     2.7538     2.7244      8.169     0.8567     1.6876 1.7551e+01     0.1199    97.0467     7.4810     7.8713    32.1364    32.1397    25.5505    25.5537    7.48456 0.0000e+00
      27287     20.118     3.5601     3.5636   2.978067   2.978536     2.7550     2.7244      8.169     0.8371     1.8060 1.7249e+01     0.1242    96.9424     7.4759     7.8837    32.1359    32.1379    25.5499    25.5512    7.48431 0.0000e+00
      27290     20.068     3.5595     3.5649   2.978071   2.978818     2.7550     2.7244      8.169     0.8322     1.8060 1.7350e+01     0.1239    96.9511     7.4759     7.8824    32.1365    32.1401    25.5504    25.5528    7.48438 0.0000e+00
