Datasets/AZMP/COO001/79001084.cnv
* Sea-Bird SBE 9 Data File:
* FileName = C:\CTDDATA\79001084.hex
* Software Version Seasave V 7.26.7.110
* Temperature SN = 5660
* Conductivity SN = 3698
* Number of Bytes Per Scan = 30
* Number of Voltage Words = 4
* Number of Scans Averaged by the Deck Unit = 1
* NMEA baud rate = 9600
** VESSEL/TRIP/SEQ STN:  79001084
** LATITUDE XX XX.XX N:  48 09.66 N
** LONGITUDE XX XX.XX W:  53 44.56 W
** SOUNDING DEPTH (M):  0087
** PROBE TYPE: S1257
** CTD NUMBER: 051
** COMMENTS (14 CHAR): SS-13
** BOTTLES:  0
** LEVELS:
** STICKERS:
** VNET: N
** DO2: N
# nquan = 22
# nvalues = 2920                        
# units = specified
# name 0 = scan: Scan Count
# name 1 = prDM: Pressure, Digiquartz [db]
# name 2 = t090C: Temperature [ITS-90, deg C]
# name 3 = t190C: Temperature, 2 [ITS-90, deg C]
# name 4 = c0S/m: Conductivity [S/m]
# name 5 = c1S/m: Conductivity, 2 [S/m]
# name 6 = sbeox0V: Oxygen raw, SBE 43 [V]
# name 7 = sbeox1V: Oxygen raw, SBE 43, 2 [V]
# name 8 = ph: pH
# name 9 = flECO-AFL: Fluorescence, WET Labs ECO-AFL/FL [mg/m^3]
# name 10 = wetCDOM: Fluorescence, WET Labs CDOM [mg/m^3]
# name 11 = par/sat/log: PAR/Logarithmic, Satlantic [umol photons/m^2/sec]
# name 12 = CStarAt0: Beam Attenuation, WET Labs C-Star [1/m]
# name 13 = CStarTr0: Beam Transmission, WET Labs C-Star [%]
# name 14 = sbeox0ML/L: Oxygen, SBE 43 [ml/l], WS = 2
# name 15 = sbeox1ML/L: Oxygen, SBE 43, 2 [ml/l], WS = 2
# name 16 = sal00: Salinity, Practical [PSU]
# name 17 = sal11: Salinity, Practical, 2 [PSU]
# name 18 = sigma-t00: Density [sigma-t, kg/m^3 ]
# name 19 = sigma-t11: Density, 2 [sigma-t, kg/m^3 ]
# name 20 = oxsatML/L: Oxygen Saturation, Weiss [ml/l]
# name 21 = flag: flag
# span 0 =        320,      11188       
# span 1 =      1.565,     76.546       
# span 2 =     2.9781,     3.5070       
# span 3 =     2.9576,     3.5070       
# span 4 =   2.890321,   2.931961       
# span 5 =   2.890682,   2.932144       
# span 6 =     2.5092,     2.7316       
# span 7 =     2.6509,     2.7006       
# span 8 =      8.165,      8.179       
# span 9 =     0.1583,     0.7736       
# span 10 =     1.9245,     3.5826      
# span 11 = 1.0355e-01, 1.2033e+00      
# span 12 =     0.0945,     0.2075      
# span 13 =    94.9438,    97.6637      
# span 14 =     6.7100,     7.4754      
# span 15 =     7.7090,     7.8858      
# span 16 =    31.1877,    31.9999      
# span 17 =    31.1891,    32.0113      
# span 18 =    24.8030,    25.4915      
# span 19 =    24.8042,    25.5034      
# span 20 =    7.52371,    7.60137      
# span 21 = 0.0000e+00, 0.0000e+00      
# interval = scans: 3                   
# start_time = Dec 01 2019 22:19:55 [System UTC, header]
# bad_flag = -9.990e-29
*END*
[from data line 527]
       1911     24.819     3.4721     3.4709   2.925906   2.926077     2.7127     2.6911      8.174     0.5881     2.3982 1.0790e-01     0.1271    96.8729     7.4123     7.8320    31.5979    31.6010    25.1295    25.1321    7.52768 0.0000e+00
       1914     24.874     3.4721     3.4708   2.925910   2.926097     2.7131     2.6911      8.174     0.5881     2.3982 1.0790e-01     0.1260    96.8990     7.4149     7.8311    31.5979    31.6014    25.1295    25.1324    7.52768 0.0000e+00
       1917     24.926     3.4720     3.4708   2.925926   2.926119     2.7131     2.6915      8.174     0.5832     2.3982 1.0802e-01     0.1260    96.8990     7.4141     7.8311    31.5982    31.6017    25.1297    25.1326    7.52769 0.0000e+00
       1920     24.981     3.4719     3.4707   2.925947   2.926115     2.7135     2.6915      8.174     0.5490     2.3982 1.0790e-01     0.1260    96.8990     7.4147     7.8299    31.5985    31.6016    25.1300    25.1325    7.52769 0.0000e+00
       1923     25.034     3.4718     3.4706   2.925943   2.926119     2.7131     2.6915      8.174     0.5490     2.3982 1.0790e-01     0.1260    96.8990     7.4132     7.8301    31.5985    31.6018    25.1300    25.1327    7.52770 0.0000e+00
       1926     25.088     3.4718     3.4706   2.925938   2.926120     2.7135     2.6923      8.174     0.5490     2.3982 1.0790e-01     0.1260    96.8990     7.4123     7.8343    31.5983    31.6017    25.1299    25.1326    7.52770 0.0000e+00
       1929     25.142     3.4716     3.4706   2.925961   2.926122     2.7143     2.6923      8.174     0.5539     2.3982 1.0790e-01     0.1260    96.8990     7.4138     7.8360    31.5988    31.6018    25.1303    25.1327    7.52772 0.0000e+00
       1932     25.197     3.4716     3.4707   2.925950   2.926129     2.7143     2.6923      8.174     0.5539     2.3982 1.0790e-01     0.1267    96.8816     7.4148     7.8347    31.5987    31.6017    25.1301    25.1327    7.52773 0.0000e+00
       1935     25.250     3.4715     3.4704   2.925970   2.926114     2.7151     2.6923      8.174     0.5539     2.3982 1.0790e-01     0.1271    96.8729     7.4171     7.8341    31.5990    31.6017    25.1304    25.1327    7.52774 0.0000e+00
       1938     25.302     3.4711     3.4700   2.925940   2.926113     2.7155     2.6923      8.174     0.5588     2.3982 1.0790e-01     0.1271    96.8729     7.4169     7.8338    31.5990    31.6021    25.1304    25.1330    7.52780 0.0000e+00
       1941     25.353     3.4708     3.4700   2.925970   2.926097     2.7159     2.6927      8.174     0.5539     2.3982 1.0790e-01     0.1271    96.8729     7.4176     7.8340    31.5996    31.6019    25.1310    25.1329    7.52783 0.0000e+00
       1944     25.405     3.4705     3.4702   2.925940   2.926079     2.7155     2.6927      8.174     0.5490     2.4377 1.0790e-01     0.1271    96.8729     7.4165     7.8340    31.5995    31.6015    25.1309    25.1325    7.52789 0.0000e+00
       1947     25.455     3.4702     3.4698   2.925926   2.926082     2.7155     2.6931      8.174     0.5490     2.5167 1.0790e-01     0.1271    96.8729     7.4146     7.8340    31.5997    31.6018    25.1311    25.1328    7.52795 0.0000e+00
       1950     25.509     3.4698     3.4691   2.925932   2.926089     2.7151     2.6931      8.174     0.5539     2.5167 1.0790e-01     0.1271    96.8729     7.4108     7.8317    31.6001    31.6026    25.1314    25.1335    7.52800 0.0000e+00
       1953     25.560     3.4696     3.4686   2.925945   2.926072     2.7155     2.6935      8.174     0.5539     2.5167 1.0790e-01     0.1275    96.8642     7.4099     7.8326    31.6004    31.6029    25.1317    25.1338    7.52802 0.0000e+00
       1956     25.611     3.4693     3.4683   2.925959   2.926099     2.7164     2.6923      8.174     0.5490     2.5167 1.0790e-01     0.1271    96.8729     7.4095     7.8267    31.6008    31.6034    25.1320    25.1343    7.52805 0.0000e+00
       1959     25.663     3.4692     3.4683   2.925934   2.926115     2.7159     2.6935      8.174     0.5539     2.5167 1.0790e-01     0.1271    96.8729     7.4059     7.8269    31.6006    31.6036    25.1319    25.1343    7.52808 0.0000e+00
       1962     25.715     3.4691     3.4680   2.925941   2.926117     2.7155     2.6935      8.174     0.5588     2.5167 1.0790e-01     0.1271    96.8729     7.4039     7.8229    31.6007    31.6039    25.1320    25.1346    7.52810 0.0000e+00
       1965     25.767     3.4689     3.4679   2.925947   2.926128     2.7164     2.6935      8.174     0.5636     2.5167 1.0790e-01     0.1271    96.8729     7.4055     7.8188    31.6009    31.6041    25.1322    25.1348    7.52812 0.0000e+00
       1968     25.819     3.4689     3.4677   2.925942   2.926138     2.7172     2.6935      8.174     0.5539     2.5167 1.0790e-01     0.1271    96.8729     7.4072     7.8142    31.6009    31.6044    25.1321    25.1350    7.52812 0.0000e+00
       1971     25.873     3.4687     3.4674   2.925957   2.926153     2.7155     2.6935      8.174     0.5734     2.6351 1.0790e-01     0.1271    96.8729     7.4010     7.8087    31.6013    31.6049    25.1325    25.1355    7.52815 0.0000e+00
       1974     25.922     3.4685     3.4671   2.925971   2.926195     2.7164     2.6931      8.174     0.5685     2.6351 1.0790e-01     0.1260    96.8990     7.4024     7.8034    31.6016    31.6056    25.1327    25.1361    7.52816 0.0000e+00
       1977     25.979     3.4686     3.4670   2.925985   2.926218     2.7155     2.6935      8.174     0.5783     2.6351 1.0790e-01     0.1256    96.9077     7.3971     7.8007    31.6016    31.6060    25.1327    25.1364    7.52815 0.0000e+00
       1980     26.040     3.4684     3.4664   2.926015   2.926234     2.7147     2.6927      8.174     0.5783     2.6351 1.0790e-01     0.1249    96.9251     7.3932     7.7952    31.6021    31.6067    25.1332    25.1370    7.52815 0.0000e+00
       1983     26.092     3.4682     3.4659   2.926007   2.926277     2.7159     2.6923      8.174     0.5783     2.6351 1.0790e-01     0.1260    96.8990     7.3974     7.7884    31.6022    31.6077    25.1333    25.1378    7.52819 0.0000e+00
       1986     26.144     3.4680     3.4657   2.926039   2.926287     2.7155     2.6923      8.174     0.5783     2.6351 1.0790e-01     0.1260    96.8990     7.3943     7.7860    31.6027    31.6080    25.1337    25.1381    7.52820 0.0000e+00
       1989     26.197     3.4679     3.4654   2.926084   2.926302     2.7151     2.6923      8.174     0.5685     2.6351 1.0790e-01     0.1260    96.8990     7.3914     7.7849    31.6034    31.6084    25.1342    25.1385    7.52820 0.0000e+00
       1992     26.251     3.4674     3.4652   2.926095   2.926317     2.7147     2.6911      8.174     0.5734     2.6351 1.0790e-01     0.1256    96.9077     7.3904     7.7806    31.6039    31.6087    25.1347    25.1387    7.52825 0.0000e+00
       1995     26.304     3.4671     3.4651   2.926128   2.926324     2.7155     2.6911      8.174     0.5685     2.5956 1.0790e-01     0.1264    96.8903     7.3930     7.7819    31.6046    31.6089    25.1353    25.1389    7.52828 0.0000e+00
       1998     26.357     3.4666     3.4648   2.926131   2.926337     2.7147     2.6911      8.174     0.5246     2.5167 1.0790e-01     0.1260    96.8990     7.3909     7.7841    31.6051    31.6093    25.1357    25.1392    7.52834 0.0000e+00
       2001     26.410     3.4664     3.4648   2.926164   2.926330     2.7143     2.6903      8.174     0.5246     2.5167 1.0790e-01     0.1264    96.8903     7.3905     7.7842    31.6057    31.6092    25.1362    25.1391    7.52836 0.0000e+00
       2004     26.462     3.4662     3.4647   2.926145   2.926342     2.7143     2.6907      8.174     0.5246     2.4772 1.0802e-01     0.1260    96.8990     7.3902     7.7901    31.6056    31.6094    25.1362    25.1394    7.52840 0.0000e+00
       2007     26.518     3.4660     3.4646   2.926164   2.926367     2.7147     2.6899      8.174     0.5246     2.5167 1.0790e-01     0.1260    96.8990     7.3911     7.7902    31.6061    31.6098    25.1365    25.1397    7.52842 0.0000e+00
       2010     26.573     3.4659     3.4645   2.926179   2.926375     2.7139     2.6899      8.174     0.5246     2.5167 1.0790e-01     0.1260    96.8990     7.3897     7.7935    31.6062    31.6099    25.1366    25.1397    7.52842 0.0000e+00
       2013     26.628     3.4657     3.4641   2.926195   2.926410     2.7135     2.6899      8.174     0.5392     2.5167 1.0790e-01     0.1267    96.8816     7.3897     7.7978    31.6066    31.6107    25.1370    25.1404    7.52845 0.0000e+00
       2016     26.683     3.4654     3.4638   2.926232   2.926412     2.7131     2.6899      8.174     0.5246     2.5167 1.0790e-01     0.1249    96.9251     7.3889     7.8017    31.6073    31.6111    25.1376    25.1407    7.52846 0.0000e+00
       2019     26.738     3.4652     3.4636   2.926249   2.926438     2.7135     2.6899      8.174     0.5246     2.5167 1.0790e-01     0.1249    96.9251     7.3926     7.8038    31.6077    31.6115    25.1379    25.1411    7.52848 0.0000e+00
       2022     26.792     3.4649     3.4632   2.926252   2.926429     2.7139     2.6899      8.174     0.5197     2.4377 1.0790e-01     0.1249    96.9251     7.3969     7.8064    31.6080    31.6118    25.1382    25.1413    7.52853 0.0000e+00
       2025     26.849     3.4646     3.4631   2.926271   2.926449     2.7135     2.6899      8.174     0.5392     2.3982 1.0790e-01     0.1256    96.9077     7.3960     7.8086    31.6084    31.6120    25.1385    25.1415    7.52855 0.0000e+00
       2028     26.905     3.4643     3.4628   2.926277   2.926449     2.7135     2.6899      8.174     0.5392     2.3982 1.0790e-01     0.1249    96.9251     7.3967     7.8134    31.6088    31.6123    25.1388    25.1418    7.52859 0.0000e+00
       2031     26.962     3.4642     3.4624   2.926281   2.926458     2.7131     2.6899      8.174     0.5490     2.3982 1.0790e-01     0.1249    96.9251     7.3973     7.8173    31.6090    31.6128    25.1390    25.1422    7.52861 0.0000e+00
       2034     27.016     3.4640     3.4620   2.926280   2.926489     2.7135     2.6899      8.174     0.5441     2.3982 1.0790e-01     0.1253    96.9164     7.3989     7.8198    31.6091    31.6135    25.1391    25.1428    7.52864 0.0000e+00
       2037     27.070     3.4638     3.4615   2.926293   2.926498     2.7135     2.6899      8.174     0.5392     2.3982 1.0790e-01     0.1253    96.9164     7.3998     7.8218    31.6094    31.6141    25.1394    25.1434    7.52866 0.0000e+00
       2040     27.125     3.4634     3.4608   2.926302   2.926515     2.7135     2.6899      8.174     0.5343     2.3982 1.0802e-01     0.1249    96.9251     7.3999     7.8235    31.6099    31.6149    25.1398    25.1440    7.52872 0.0000e+00
       2043     27.180     3.4630     3.4602   2.926332   2.926521     2.7143     2.6899      8.174     0.5295     2.3982 1.0790e-01     0.1249    96.9251     7.4017     7.8247    31.6106    31.6156    25.1404    25.1446    7.52875 0.0000e+00
       2046     27.237     3.4625     3.4594   2.926332   2.926508     2.7139     2.6899      8.174     0.5343     2.3982 1.0790e-01     0.1256    96.9077     7.4013     7.8278    31.6110    31.6162    25.1408    25.1452    7.52882 0.0000e+00
       2049     27.291     3.4621     3.4589   2.926348   2.926527     2.7131     2.6903      8.174     0.5392     2.4772 1.0790e-01     0.1249    96.9251     7.3990     7.8324    31.6116    31.6169    25.1413    25.1458    7.52887 0.0000e+00
       2052     27.347     3.4616     3.4584   2.926325   2.926536     2.7139     2.6911      8.174     0.5246     2.5167 1.0790e-01     0.1256    96.9077     7.4019     7.8377    31.6118    31.6174    25.1415    25.1462    7.52896 0.0000e+00
       2055     27.401     3.4610     3.4581   2.926339   2.926547     2.7135     2.6911      8.174     0.5343     2.5167 1.0790e-01     0.1260    96.8990     7.3997     7.8394    31.6125    31.6178    25.1422    25.1466    7.52904 0.0000e+00
       2058     27.457     3.4605     3.4579   2.926359   2.926555     2.7131     2.6911      8.174     0.5392     2.5167 1.0790e-01     0.1260    96.8990     7.3974     7.8409    31.6132    31.6181    25.1427    25.1468    7.52910 0.0000e+00
       2061     27.513     3.4602     3.4573   2.926374   2.926535     2.7143     2.6911      8.174     0.5490     2.5167 1.0790e-01     0.1260    96.8990     7.4028     7.8411    31.6137    31.6183    25.1431    25.1471    7.52912 0.0000e+00
       2064     27.567     3.4596     3.4572   2.926393   2.926581     2.7135     2.6911      8.174     0.5490     2.5167 1.0790e-01     0.1260    96.8990     7.3990     7.8401    31.6144    31.6191    25.1438    25.1477    7.52920 0.0000e+00
       2067     27.618     3.4593     3.4567   2.926401   2.926571     2.7135     2.6911      8.174     0.5392     2.5167 1.0790e-01     0.1260    96.8990     7.3992     7.8383    31.6148    31.6194    25.1440    25.1480    7.52923 0.0000e+00
       2070     27.672     3.4591     3.4565   2.926391   2.926558     2.7139     2.6923      8.174     0.5295     2.5167 1.0790e-01     0.1260    96.8990     7.4021     7.8399    31.6149    31.6194    25.1442    25.1480    7.52928 0.0000e+00
       2073     27.725     3.4587     3.4563   2.926402   2.926572     2.7135     2.6923      8.174     0.5295     2.5167 1.0790e-01     0.1260    96.8990     7.4017     7.8374    31.6153    31.6197    25.1445    25.1483    7.52932 0.0000e+00
       2076     27.779     3.4582     3.4549   2.926398   2.926502     2.7139     2.6923      8.174     0.5343     2.5167 1.0790e-01     0.1228    96.9772     7.4034     7.8384    31.6158    31.6202    25.1450    25.1488    7.52940 0.0000e+00
       2079     27.835     3.4570     3.4534   2.926329   2.926439     2.7127     2.6923      8.174     0.5392     2.5167 1.0790e-01     0.1232    96.9685     7.4020     7.8372    31.6161    31.6209    25.1453    25.1495    7.52961 0.0000e+00
       2082     27.892     3.4559     3.4528   2.926327   2.926444     2.7143     2.6927      8.174     0.5490     2.5167 1.0790e-01     0.1228    96.9772     7.4078     7.8364    31.6171    31.6215    25.1462    25.1500    7.52976 0.0000e+00
       2085     27.945     3.4549     3.4523   2.926317   2.926398     2.7139     2.6923      8.174     0.5343     2.5167 1.0790e-01     0.1228    96.9772     7.4068     7.8328    31.6179    31.6214    25.1470    25.1499    7.52991 0.0000e+00
       2088     28.000     3.4543     3.4521   2.926321   2.926368     2.7131     2.6923      8.174     0.5392     2.5167 1.0790e-01     0.1232    96.9685     7.4047     7.8325    31.6185    31.6212    25.1474    25.1499    7.52999 0.0000e+00
       2091     28.055     3.4540     3.4519   2.926325   2.926370     2.7139     2.6923      8.174     0.5392     2.5167 1.0790e-01     0.1228    96.9772     7.4082     7.8318    31.6188    31.6214    25.1478    25.1500    7.53003 0.0000e+00
       2094     28.110     3.4539     3.4519   2.926321   2.926365     2.7139     2.6923      8.174     0.5392     2.5167 1.0790e-01     0.1232    96.9685     7.4096     7.8313    31.6189    31.6213    25.1478    25.1499    7.53005 0.0000e+00
       2097     28.164     3.4539     3.4515   2.926349   2.926364     2.7143     2.6931      8.174     0.5392     2.5167 1.0790e-01     0.1239    96.9511     7.4128     7.8355    31.6192    31.6216    25.1480    25.1502    7.53003 0.0000e+00
       2100     28.221     3.4540     3.4513   2.926341   2.926364     2.7143     2.6931      8.174     0.5392     2.4772 1.0790e-01     0.1239    96.9511     7.4139     7.8376    31.6189    31.6218    25.1479    25.1504    7.53003 0.0000e+00
       2103     28.275     3.4539     3.4512   2.926310   2.926355     2.7151     2.6923      8.174     0.5539     2.3982 1.0790e-01     0.1239    96.9511     7.4175     7.8355    31.6187    31.6217    25.1477    25.1504    7.53007 0.0000e+00
