Datasets/AZMP/COO001/79001123.cnv
* Sea-Bird SBE 9 Data File:
* FileName = C:\CTDDATA\79001123.hex
* Software Version Seasave V 7.26.7.110
* Temperature SN = 5660
* Conductivity SN = 3698
* Number of Bytes Per Scan = 30
* Number of Voltage Words = 4
* Number of Scans Averaged by the Deck Unit = 1
* NMEA baud rate = 9600
** VESSEL/TRIP/SEQ STN:  79001123
** LATITUDE XX XX.XX N:  47 00.00 N
** LONGITUDE XX XX.XX W:  52 34.80 W
** SOUNDING DEPTH (M):  0162
** PROBE TYPE: S1257
** CTD NUMBER: 083
** COMMENTS (14 CHAR): FC-03
** BOTTLES:  11
** LEVELS: 5,5,10,20,20,30,40,50,75,100,BTM
** STICKERS: 435653 - 435663
** VNET: Y
** DO2: Y
# nquan = 22
# nvalues = 4340                        
# units = specified
# name 0 = scan: Scan Count
# name 1 = prDM: Pressure, Digiquartz [db]
# name 2 = t090C: Temperature [ITS-90, deg C]
# name 3 = t190C: Temperature, 2 [ITS-90, deg C]
# name 4 = c0S/m: Conductivity [S/m]
# name 5 = c1S/m: Conductivity, 2 [S/m]
# name 6 = sbeox0V: Oxygen raw, SBE 43 [V]
# name 7 = sbeox1V: Oxygen raw, SBE 43, 2 [V]
# name 8 = ph: pH
# name 9 = flECO-AFL: Fluorescence, WET Labs ECO-AFL/FL [mg/m^3]
# name 10 = wetCDOM: Fluorescence, WET Labs CDOM [mg/m^3]
# name 11 = par/sat/log: PAR/Logarithmic, Satlantic [umol photons/m^2/sec]
# name 12 = CStarAt0: Beam Attenuation, WET Labs C-Star [1/m]
# name 13 = CStarTr0: Beam Transmission, WET Labs C-Star [%]
# name 14 = sbeox0ML/L: Oxygen, SBE 43 [ml/l], WS = 2
# name 15 = sbeox1ML/L: Oxygen, SBE 43, 2 [ml/l], WS = 2
# name 16 = sal00: Salinity, Practical [PSU]
# name 17 = sal11: Salinity, Practical, 2 [PSU]
# name 18 = sigma-t00: Density [sigma-t, kg/m^3 ]
# name 19 = sigma-t11: Density, 2 [sigma-t, kg/m^3 ]
# name 20 = oxsatML/L: Oxygen Saturation, Weiss [ml/l]
# name 21 = flag: flag
# span 0 =         53,      38830       
# span 1 =      2.739,    153.795       
# span 2 =    -1.0843,     3.4117       
# span 3 =    -1.0852,     3.4084       
# span 4 =   2.646840,   2.946109       
# span 5 =   2.646978,   2.946160       
# span 6 =     2.3570,     2.7698       
# span 7 =     2.3343,     2.7380       
# span 8 =      8.025,      8.184       
# span 9 =     0.0068,     1.0911       
# span 10 =     1.3323,     2.2798      
# span 11 = 1.0790e-01, 2.6033e+01      
# span 12 =     0.0524,     0.1758      
# span 13 =    95.6998,    98.6978      
# span 14 =     6.9703,     7.9514      
# span 15 =     7.2954,     8.3511      
# span 16 =    31.8993,    33.1795      
# span 17 =    31.9008,    33.1750      
# span 18 =    25.3758,    26.6576      
# span 19 =    25.3771,    26.6549      
# span 20 =    7.52368,    8.41017      
# span 21 = 0.0000e+00, 0.0000e+00      
# interval = scans: 3                   
# start_time = Dec 08 2019 18:57:04 [System UTC, header]
# bad_flag = -9.990e-29
*END*
[from data line 3293]
      19418     65.151    -0.6012    -0.3994   2.675608   2.692328     2.5699     2.5304      8.084     0.0410     2.0429 1.0790e-01     0.0598    98.5153     7.7916     8.1231    32.5830    32.5895    26.1806    26.1779    8.31192 0.0000e+00
      19421     65.065    -0.6054    -0.3871   2.675784   2.692909     2.5691     2.5308      8.084     0.0361     2.0429 1.0790e-01     0.0598    98.5153     7.7868     8.1169    32.5899    32.5841    26.1863    26.1731    8.31246 0.0000e+00
      19424     64.980    -0.6057    -0.3810   2.675207   2.693315     2.5695     2.5317      8.084     0.0410     2.0429 1.0790e-01     0.0598    98.5153     7.7878     8.1166    32.5826    32.5830    26.1804    26.1719    8.31295 0.0000e+00
      19427     64.897    -0.6063    -0.3766   2.676123   2.693573     2.5695     2.5317      8.084     0.0605     2.0429 1.0790e-01     0.0598    98.5153     7.7844     8.1124    32.5955    32.5818    26.1909    26.1707    8.31235 0.0000e+00
      19430     64.815    -0.6003    -0.3758   2.677115   2.693542     2.5699     2.5317      8.084     0.0703     2.0429 1.0790e-01     0.0602    98.5066     7.7842     8.1122    32.6025    32.5805    26.1963    26.1697    8.31061 0.0000e+00
      19433     64.732    -0.5857    -0.3769   2.679668   2.693509     2.5695     2.5317      8.084     0.0703     2.0429 1.0790e-01     0.0598    98.5153     7.7780     8.1111    32.6209    32.5813    26.2106    26.1704    8.30627 0.0000e+00
      19436     64.653    -0.5665    -0.3736   2.680611   2.693947     2.5707     2.5321      8.084     0.0703     2.0429 1.0802e-01     0.0595    98.5240     7.7771     8.1097    32.6129    32.5837    26.2034    26.1721    8.30243 0.0000e+00
      19439     64.577    -0.5550    -0.3674   2.680819   2.694474     2.5707     2.5325      8.084     0.0654     1.9245 1.0790e-01     0.0595    98.5240     7.7741     8.1087    32.6034    32.5841    26.1953    26.1722    8.30041 0.0000e+00
      19442     64.501    -0.5435    -0.3618   2.682711   2.694716     2.5707     2.5329      8.084     0.0703     1.9245 1.0790e-01     0.0595    98.5240     7.7713     8.1104    32.6164    32.5814    26.2054    26.1698    8.29710 0.0000e+00
      19445     64.430    -0.5174    -0.3586   2.685964   2.694967     2.5699     2.5329      8.084     0.0703     1.9245 1.0802e-01     0.0595    98.5240     7.7632     8.1087    32.6318    32.5814    26.2168    26.1696    8.29038 0.0000e+00
      19448     64.362    -0.4893    -0.3604   2.687046   2.694643     2.5707     2.5333      8.086     0.0654     1.9245 1.0790e-01     0.0595    98.5240     7.7599     8.1110    32.6161    32.5790    26.2030    26.1678    8.28501 0.0000e+00
      19451     64.294    -0.4718    -0.3616   2.687332   2.694870     2.5707     2.5337      8.085     0.0703     1.9245 1.0790e-01     0.0595    98.5240     7.7562     8.1127    32.6012    32.5833    26.1902    26.1714    8.28196 0.0000e+00
      19454     64.225    -0.4634    -0.3542   2.686805   2.695443     2.5720     2.5341      8.084     0.0606     1.9245 1.0802e-01     0.0591    98.5327     7.7596     8.1114    32.5851    32.5830    26.1769    26.1708    8.28099 0.0000e+00
      19457     64.158    -0.4645    -0.3480   2.685666   2.695841     2.5711     2.5341      8.084     0.0557     1.9245 1.0790e-01     0.0588    98.5414     7.7549     8.1105    32.5711    32.5817    26.1657    26.1695    8.28204 0.0000e+00
      19460     64.091    -0.4727    -0.3545   2.684839   2.695023     2.5707     2.5341      8.085     0.0557     1.9245 1.0790e-01     0.0588    98.5414     7.7541     8.1112    32.5689    32.5779    26.1642    26.1667    8.28398 0.0000e+00
      19463     64.023    -0.4805    -0.3546   2.685093   2.695609     2.5707     2.5349      8.088     0.0557     1.9245 1.0790e-01     0.0588    98.5414     7.7563     8.1136    32.5808    32.5858    26.1741    26.1731    8.28506 0.0000e+00
      19466     63.957    -0.4801    -0.3465   2.685276   2.696127     2.5720     2.5353      8.084     0.0557     2.0429 1.0790e-01     0.0591    98.5327     7.7607     8.1113    32.5828    32.5840    26.1757    26.1713    8.28485 0.0000e+00
      19469     63.893    -0.4804    -0.3407   2.684954   2.696441     2.5720     2.5353      8.085     0.0557     2.0429 1.0790e-01     0.0588    98.5414     7.7585     8.1108    32.5788    32.5820    26.1725    26.1694    8.28514 0.0000e+00
      19472     63.828    -0.4867    -0.3343   2.683915   2.696935     2.5720     2.5353      8.084     0.0508     2.0429 1.0790e-01     0.0591    98.5327     7.7582     8.1091    32.5717    32.5818    26.1670    26.1690    8.28694 0.0000e+00
      19475     63.768    -0.4962    -0.3325   2.683826   2.697076     2.5720     2.5353      8.089     0.0557     2.0429 1.0790e-01     0.0584    98.5501     7.7586     8.1050    32.5809    32.5818    26.1748    26.1689    8.28856 0.0000e+00
      19478     63.705    -0.4935    -0.3273   2.685121   2.697504     2.5720     2.5357      8.089     0.0557     2.0429 1.0790e-01     0.0584    98.5501     7.7547     8.1061    32.5953    32.5820    26.1864    26.1688    8.28713 0.0000e+00
      19481     63.645    -0.4840    -0.3223   2.686151   2.697745     2.5712     2.5365      8.087     0.0557     2.0429 1.0790e-01     0.0588    98.5414     7.7499     8.1078    32.5989    32.5798    26.1889    26.1669    8.28481 0.0000e+00
      19484     63.582    -0.4757    -0.3207   2.686902   2.697930     2.5720     2.5365      8.088     0.0557     2.0429 1.0790e-01     0.0584    98.5501     7.7478     8.1058    32.6000    32.5806    26.1895    26.1675    8.28289 0.0000e+00
      19487     63.519    -0.4658    -0.3219   2.687700   2.697464     2.5724     2.5365      8.088     0.0557     2.0429 1.0790e-01     0.0588    98.5414     7.7450     8.1039    32.6000    32.5757    26.1891    26.1635    8.28068 0.0000e+00
      19490     63.461    -0.4581    -0.3312   2.687505   2.697199     2.5720     2.5365      8.088     0.0557     2.0429 1.0790e-01     0.0588    98.5414     7.7401     8.1044    32.5892    32.5822    26.1800    26.1692    8.27958 0.0000e+00
      19493     63.401    -0.4581    -0.3238   2.686737   2.697877     2.5712     2.5378      8.087     0.0508     2.0429 1.0815e-01     0.0591    98.5327     7.7385     8.1061    32.5790    32.5834    26.1718    26.1698    8.28017 0.0000e+00
      19496     63.338    -0.4595    -0.3195   2.686531   2.698175     2.5720     2.5369      8.088     0.0557     2.0429 1.0802e-01     0.0598    98.5153     7.7403     8.1008    32.5778    32.5827    26.1709    26.1691    8.28055 0.0000e+00
      19499     63.276    -0.4598    -0.3139   2.686829   2.698471     2.5716     2.5374      8.088     0.0606     2.0429 1.0802e-01     0.0598    98.5153     7.7375     8.0971    32.5821    32.5807    26.1744    26.1672    8.28037 0.0000e+00
      19502     63.213    -0.4555    -0.3110   2.687916   2.698714     2.5712     2.5378      8.088     0.0557     2.0429 1.0790e-01     0.0598    98.5153     7.7341     8.0931    32.5920    32.5808    26.1822    26.1672    8.27884 0.0000e+00
      19505     63.151    -0.4490    -0.3064   2.687808   2.699063     2.5716     2.5378      8.088     0.0654     2.0429 1.0815e-01     0.0598    98.5153     7.7347     8.0864    32.5837    32.5806    26.1752    26.1669    8.27787 0.0000e+00
      19508     63.094    -0.4499    -0.3052   2.687650   2.698990     2.5712     2.5382      8.088     0.0703     2.0429 1.0790e-01     0.0598    98.5153     7.7331     8.0803    32.5825    32.5784    26.1743    26.1650    8.27813 0.0000e+00
      19511     63.035    -0.4528    -0.3045   2.687989   2.699238     2.5716     2.5378      8.088     0.0654     2.0429 1.0790e-01     0.0595    98.5240     7.7361     8.0708    32.5902    32.5809    26.1806    26.1670    8.27834 0.0000e+00
      19514     62.974    -0.4514    -0.3005   2.688584   2.699378     2.5716     2.5378      8.088     0.0703     2.0429 1.0790e-01     0.0605    98.4979     7.7357     8.0625    32.5967    32.5785    26.1858    26.1649    8.27766 0.0000e+00
      19517     62.913    -0.4465    -0.2980   2.688724   2.699645     2.5716     2.5382      8.088     0.0703     2.0429 1.0790e-01     0.0605    98.4979     7.7335     8.0576    32.5933    32.5794    26.1829    26.1655    8.27676 0.0000e+00
      19520     62.854    -0.4401    -0.3003   2.689540   2.699327     2.5704     2.5382      8.088     0.0703     2.0429 1.0790e-01     0.0605    98.4979     7.7276     8.0555    32.5974    32.5777    26.1860    26.1642    8.27512 0.0000e+00
      19523     62.797    -0.4331    -0.3021   2.689993   2.699515     2.5708     2.5382      8.088     0.0752     2.0429 1.0790e-01     0.0602    98.5066     7.7271     8.0486    32.5960    32.5822    26.1845    26.1680    8.27364 0.0000e+00
      19526     62.740    -0.4260    -0.2955   2.690141   2.699789     2.5712     2.5378      8.088     0.0703     2.0429 1.0790e-01     0.0609    98.4892     7.7274     8.0438    32.5903    32.5789    26.1796    26.1650    8.27237 0.0000e+00
      19529     62.684    -0.4189    -0.2947   2.690418   2.699664     2.5716     2.5369      8.088     0.0703     2.0429 1.0790e-01     0.0609    98.4892     7.7285     8.0395    32.5865    32.5764    26.1762    26.1629    8.27102 0.0000e+00
      19532     62.632    -0.4147    -0.2977   2.690539   2.699345     2.5708     2.5365      8.088     0.0752     2.0429 1.0790e-01     0.0609    98.4892     7.7251     8.0383    32.5836    32.5753    26.1737    26.1622    8.27025 0.0000e+00
      19535     62.580    -0.4118    -0.3033   2.690477   2.698678     2.5716     2.5365      8.088     0.0801     2.0429 1.0802e-01     0.0605    98.4979     7.7274     8.0418    32.5796    32.5725    26.1704    26.1601    8.26982 0.0000e+00
      19538     62.526    -0.4117    -0.3098   2.690110   2.698465     2.5699     2.5365      8.088     0.0850     2.0429 1.0802e-01     0.0602    98.5066     7.7211     8.0443    32.5747    32.5766    26.1664    26.1638    8.27007 0.0000e+00
      19541     62.478    -0.4143    -0.3108   2.689777   2.698344     2.5708     2.5365      8.088     0.0850     2.0429 1.0802e-01     0.0605    98.4979     7.7252     8.0463    32.5730    32.5761    26.1652    26.1634    8.27074 0.0000e+00
      19544     62.431    -0.4174    -0.3161   2.689574   2.697635     2.5708     2.5365      8.088     0.0801     1.9245 1.0802e-01     0.0598    98.5153     7.7259     8.0553    32.5737    32.5724    26.1659    26.1607    8.27140 0.0000e+00
      19547     62.387    -0.4177    -0.3225   2.689724   2.697376     2.5704     2.5361      8.088     0.0850     1.9245 1.0802e-01     0.0609    98.4892     7.7248     8.0590    32.5761    32.5758    26.1678    26.1637    8.27134 0.0000e+00
      19550     62.342    -0.4182    -0.3250   2.689694   2.697234     2.5712     2.5365      8.088     0.0850     1.9245 1.0790e-01     0.0602    98.5066     7.7260     8.0668    32.5762    32.5767    26.1679    26.1645    8.27144 0.0000e+00
      19553     62.302    -0.4157    -0.3238   2.690525   2.697466     2.5712     2.5365      8.088     0.0850     1.9245 1.0790e-01     0.0613    98.4805     7.7274     8.0742    32.5846    32.5785    26.1746    26.1659    8.27040 0.0000e+00
      19556     62.261    -0.4106    -0.3198   2.690872   2.697796     2.5708     2.5365      8.088     0.0801     1.9245 1.0790e-01     0.0613    98.4805     7.7261     8.0759    32.5838    32.5787    26.1738    26.1658    8.26932 0.0000e+00
      19559     62.224    -0.4068    -0.3157   2.691169   2.698029     2.5699     2.5365      8.088     0.0606     1.9245 1.0790e-01     0.0613    98.4805     7.7240     8.0743    32.5837    32.5774    26.1735    26.1647    8.26847 0.0000e+00
      19562     62.187    -0.4045    -0.3150   2.691219   2.698023     2.5708     2.5365      8.088     0.0557     1.9245 1.0802e-01     0.0616    98.4719     7.7283     8.0769    32.5820    32.5765    26.1720    26.1639    8.26808 0.0000e+00
      19565     62.149    -0.4032    -0.3163   2.691256   2.697922     2.5695     2.5365      8.088     0.0508     1.9245 1.0790e-01     0.0620    98.4632     7.7231     8.0799    32.5811    32.5766    26.1712    26.1641    8.26783 0.0000e+00
      19568     62.112    -0.4036    -0.3166   2.689886   2.697897     2.5712     2.5374      8.088     0.0557     1.9640 1.0790e-01     0.0620    98.4632     7.7332     8.0860    32.5633    32.5767    26.1569    26.1641    8.26894 0.0000e+00
      19571     62.074    -0.4261    -0.3162   2.687342   2.697843     2.5708     2.5365      8.088     0.0557     2.1614 1.0790e-01     0.0613    98.4805     7.7377     8.0868    32.5535    32.5755    26.1499    26.1631    8.27448 0.0000e+00
      19574     62.039    -0.4478    -0.3168   2.684725   2.697693     2.5699     2.5369      8.088     0.0557     2.1614 1.0790e-01     0.0613    98.4805     7.7407     8.0926    32.5418    32.5742    26.1413    26.1621    8.27997 0.0000e+00
      19577     62.005    -0.4843    -0.3185   2.681413   2.697836     2.5716     2.5378      8.088     0.0508     2.1614 1.0790e-01     0.0609    98.4892     7.7561     8.1010    32.5369    32.5779    26.1387    26.1652    8.28840 0.0000e+00
      19580     61.973    -0.5110    -0.3126   2.681377   2.698105     2.5708     2.5369      8.089     0.0557     2.1614 1.0790e-01     0.0609    98.4892     7.7614     8.1029    32.5650    32.5752    26.1626    26.1627    8.29274 0.0000e+00
      19583     61.937    -0.5222    -0.3213   2.681781   2.697475     2.5712     2.5369      8.089     0.0557     2.1614 1.0790e-01     0.0609    98.4892     7.7681     8.1131    32.5826    32.5762    26.1772    26.1639    8.29426 0.0000e+00
      19586     61.900    -0.5198    -0.3304   2.682522   2.696581     2.5708     2.5378      8.089     0.0703     2.1614 1.0790e-01     0.0609    98.4892     7.7667     8.1253    32.5898    32.5740    26.1830    26.1625    8.29330 0.0000e+00
      19589     61.866    -0.5173    -0.3325   2.682806   2.696327     2.5720     2.5378      8.087     0.0703     2.1614 1.0790e-01     0.0609    98.4892     7.7719     8.1315    32.5910    32.5729    26.1839    26.1617    8.29269 0.0000e+00
      19592     61.827    -0.5005    -0.3365   2.686030   2.696372     2.5712     2.5382      8.089     0.0703     2.1614 1.0790e-01     0.0609    98.4892     7.7634     8.1414    32.6160    32.5779    26.2034    26.1659    8.28750 0.0000e+00
      19595     61.786    -0.4757    -0.3410   2.686085   2.696146     2.5720     2.5390      8.088     0.0703     2.0824 1.0790e-01     0.0588    98.5414     7.7660     8.1538    32.5901    32.5797    26.1815    26.1675    8.28345 0.0000e+00
      19598     61.744    -0.4823    -0.3379   2.683763   2.696166     2.5708     2.5390      8.087     0.0606     2.0429 1.0790e-01     0.0581    98.5587     7.7671     8.1571    32.5663    32.5767    26.1624    26.1650    8.28628 0.0000e+00
      19601     61.697    -0.4892    -0.3418   2.684955   2.695979     2.5712     2.5398      8.089     0.0703     2.0429 1.0802e-01     0.0588    98.5414     7.7729     8.1657    32.5896    32.5783    26.1815    26.1665    8.28649 0.0000e+00
      19604     61.648    -0.4802    -0.3440   2.686150   2.695935     2.5728     2.5406      8.088     0.0752     2.0429 1.0790e-01     0.0588    98.5414     7.7808     8.1727    32.5959    32.5802    26.1863    26.1681    8.28412 0.0000e+00
      19607     61.598    -0.4752    -0.3401   2.686578   2.696022     2.5732     2.5414      8.088     0.0703     2.0429 1.0790e-01     0.0588    98.5414     7.7863     8.1715    32.5963    32.5772    26.1864    26.1655    8.28299 0.0000e+00
      19610     61.542    -0.4683    -0.3372   2.687048   2.696108     2.5728     2.5414      8.087     0.0654     2.0429 1.0790e-01     0.0588    98.5414     7.7864     8.1697    32.5952    32.5752    26.1853    26.1638    8.28152 0.0000e+00
