Datasets/AZMP/COO001/79001073.cnv
* Sea-Bird SBE 9 Data File:
* FileName = C:\CTDDATA\79001073.hex
* Software Version Seasave V 7.26.7.110
* Temperature SN = 5660
* Conductivity SN = 3698
* Number of Bytes Per Scan = 30
* Number of Voltage Words = 4
* Number of Scans Averaged by the Deck Unit = 1
** VESSEL/TRIP/SEQ STN:  79001073
** LATITUDE XX XX.XX N:  48 15.29 N
** LONGITUDE XX XX.XX W:  53 25.69 W
** SOUNDING DEPTH (M):  0324
** PROBE TYPE: S1257
** CTD NUMBER: 040
** COMMENTS (14 CHAR): SS-01
** BOTTLES:  20
** LEVELS: 5,5,5,5,10,10,20,20,20,20,30,40,50,50,50,75,100,100,150,BTM
** STICKERS: 435187 - 435206
** VNET: Y
** DO2: N
** Sampled 400m away from planned lat/long because of underwire cables
# nquan = 22
# nvalues = 8997                        
# units = specified
# name 0 = scan: Scan Count
# name 1 = prDM: Pressure, Digiquartz [db]
# name 2 = t090C: Temperature [ITS-90, deg C]
# name 3 = t190C: Temperature, 2 [ITS-90, deg C]
# name 4 = c0S/m: Conductivity [S/m]
# name 5 = c1S/m: Conductivity, 2 [S/m]
# name 6 = sbeox0V: Oxygen raw, SBE 43 [V]
# name 7 = sbeox1V: Oxygen raw, SBE 43, 2 [V]
# name 8 = ph: pH
# name 9 = flECO-AFL: Fluorescence, WET Labs ECO-AFL/FL [mg/m^3]
# name 10 = wetCDOM: Fluorescence, WET Labs CDOM [mg/m^3]
# name 11 = par/sat/log: PAR/Logarithmic, Satlantic [umol photons/m^2/sec]
# name 12 = CStarAt0: Beam Attenuation, WET Labs C-Star [1/m]
# name 13 = CStarTr0: Beam Transmission, WET Labs C-Star [%]
# name 14 = sbeox0ML/L: Oxygen, SBE 43 [ml/l], WS = 2
# name 15 = sbeox1ML/L: Oxygen, SBE 43, 2 [ml/l], WS = 2
# name 16 = sal00: Salinity, Practical [PSU]
# name 17 = sal11: Salinity, Practical, 2 [PSU]
# name 18 = sigma-t00: Density [sigma-t, kg/m^3 ]
# name 19 = sigma-t11: Density, 2 [sigma-t, kg/m^3 ]
# name 20 = oxsatML/L: Oxygen Saturation, Weiss [ml/l]
# name 21 = flag: flag
# span 0 =        150,      68797       
# span 1 =      0.135,    308.299       
# span 2 =    -0.6156,     3.4927       
# span 3 =    -0.6251,     3.4956       
# span 4 =   2.691151,   2.932642       
# span 5 =   2.690408,   2.933320       
# span 6 =     2.1393,     2.7675       
# span 7 =     2.1056,     2.7180       
# span 8 =      7.952,      8.167       
# span 9 =     0.0068,     0.7394       
# span 10 =    -1.5891,     2.3982      
# span 11 = 1.0752e-01, 2.2286e+00      
# span 12 =     0.0789,     0.3347      
# span 13 =    91.9719,    98.0460      
# span 14 =     6.0374,     7.7308      
# span 15 =     6.2840,     7.9948      
# span 16 =    31.6193,    33.7128      
# span 17 =    30.0617,    33.7163      
# span 18 =    25.1465,    27.0175      
# span 19 =    23.9069,    27.0202      
# span 20 =    7.52137,    8.30594      
# span 21 = 0.0000e+00, 0.0000e+00      
# interval = scans: 3                   
# start_time = Dec 01 2019 07:00:01 [System UTC, header]
# bad_flag = -9.990e-29
*END*
[from data line 1778]
       6515    111.183     2.5936     2.4874   2.897812   2.889966     2.6863     2.6497      8.142     0.1583     1.9245 1.0790e-01     0.0811    97.9939     7.5016     7.8155    32.0815    32.0920    25.5892    25.6059    7.67127 0.0000e+00
       6518    111.239     2.5934     2.4375   2.897710   2.886720     2.6851     2.6489      8.144     0.1583     1.9245 1.0790e-01     0.0811    97.9939     7.4962     7.8101    32.0804    32.1023    25.5883    25.6180    7.67136 0.0000e+00
       6521    111.296     2.5937     2.4027   2.897866   2.885942     2.6847     2.6476      8.144     0.1632     1.9245 1.0790e-01     0.0814    97.9852     7.4936     7.7981    32.0820    32.1277    25.5896    25.6410    7.67123 0.0000e+00
       6524    111.356     2.5942     2.4069   2.897832   2.885863     2.6839     2.6460      8.141     0.1632     1.9245 1.0790e-01     0.0821    97.9678     7.4904     7.7793    32.0810    32.1225    25.5887    25.6365    7.67117 0.0000e+00
       6527    111.417     2.5913     2.3810   2.897077   2.884017     2.6835     2.6452      8.142     0.1583     1.9245 1.0790e-01     0.0821    97.9678     7.4882     7.7720    32.0746    32.1259    25.5839    25.6412    7.67206 0.0000e+00
       6530    111.479     2.5825     2.3718   2.896397   2.883982     2.6822     2.6432      8.144     0.1632     1.9245 1.0790e-01     0.0821    97.9678     7.4850     7.7611    32.0752    32.1347    25.5850    25.6490    7.67376 0.0000e+00
       6533    111.542     2.5759     2.3841   2.896290   2.885215     2.6823     2.6420      8.142     0.1680     1.9245 1.0790e-01     0.0821    97.9678     7.4873     7.7528    32.0805    32.1374    25.5898    25.6502    7.67477 0.0000e+00
       6536    111.603     2.5732     2.3939   2.896368   2.885200     2.6814     2.6403      8.144     0.1632     1.9245 1.0790e-01     0.0821    97.9678     7.4871     7.7464    32.0841    32.1274    25.5928    25.6415    7.67511 0.0000e+00
       6539    111.668     2.5718     2.3850   2.896354   2.884548     2.6798     2.6395      8.144     0.1583     1.9245 1.0790e-01     0.0821    97.9678     7.4828     7.7487    32.0852    32.1282    25.5939    25.6428    7.67531 0.0000e+00
       6542    111.740     2.5716     2.3693   2.896439   2.883581     2.6806     2.6383      8.144     0.1485     1.9245 1.0790e-01     0.0821    97.9678     7.4877     7.7525    32.0864    32.1322    25.5949    25.6472    7.67529 0.0000e+00
       6545    111.811     2.5720     2.3638   2.896497   2.883443     2.6798     2.6371      8.142     0.1436     1.9245 1.0790e-01     0.0825    97.9591     7.4850     7.7565    32.0867    32.1360    25.5950    25.6506    7.67520 0.0000e+00
       6548    111.884     2.5722     2.3627   2.896417   2.883415     2.6794     2.6354      8.139     0.1534     1.9245 1.0790e-01     0.0821    97.9678     7.4844     7.7577    32.0855    32.1367    25.5941    25.6513    7.67522 0.0000e+00
       6551    111.957     2.5638     2.3582   2.894879   2.882966     2.6786     2.6346      8.144     0.1534     1.9245 1.0790e-01     0.0821    97.9678     7.4848     7.7650    32.0751    32.1357    25.5864    25.6508    7.67740 0.0000e+00
       6554    112.033     2.5567     2.3505   2.895273   2.882526     2.6778     2.6338      8.142     0.1436     1.9245 1.0802e-01     0.0821    97.9678     7.4832     7.7724    32.0870    32.1380    25.5965    25.6532    7.67818 0.0000e+00
       6557    112.108     2.5556     2.3473   2.895371   2.882336     2.6778     2.6326      8.142     0.1436     1.9245 1.0802e-01     0.0821    97.9678     7.4836     7.7769    32.0893    32.1388    25.5984    25.6541    7.67828 0.0000e+00
       6560    112.184     2.5418     2.3419   2.892392   2.882030     2.6774     2.6318      8.139     0.1436     1.9245 1.0802e-01     0.0821    97.9678     7.4870     7.7820    32.0666    32.1404    25.5813    25.6558    7.68213 0.0000e+00
       6563    112.264     2.4957     2.3268   2.887538   2.880567     2.6762     2.6314      8.139     0.1436     1.9245 1.0790e-01     0.0821    97.9678     7.4909     7.7908    32.0533    32.1376    25.5744    25.6547    7.69182 0.0000e+00
       6566    112.342     2.4469     2.2969   2.885155   2.878255     2.6766     2.6301      8.140     0.1436     1.9640 1.0790e-01     0.0828    97.9505     7.5014     7.7987    32.0731    32.1392    25.5940    25.6583    7.70037 0.0000e+00
       6569    112.424     2.4130     2.2583   2.884071   2.876006     2.6753     2.6301      8.140     0.1436     2.0429 1.0790e-01     0.0832    97.9418     7.5029     7.8126    32.0938    32.1505    25.6131    25.6702    7.70594 0.0000e+00
       6572    112.506     2.3841     2.2201   2.882205   2.873681     2.6745     2.6289      8.140     0.1436     2.0429 1.0790e-01     0.0832    97.9418     7.5057     7.8224    32.0998    32.1603    25.6202    25.6810    7.71130 0.0000e+00
       6575    112.586     2.3437     2.2025   2.878344   2.873230     2.6745     2.6289      8.140     0.1485     2.0429 1.0790e-01     0.0836    97.9331     7.5135     7.8315    32.0931    32.1725    25.6178    25.6920    7.71961 0.0000e+00
       6578    112.668     2.2998     2.1994   2.876178   2.873064     2.6737     2.6277      8.138     0.1485     2.0429 1.0790e-01     0.0832    97.9418     7.5185     7.8339    32.1106    32.1735    25.6352    25.6931    7.72735 0.0000e+00
       6581    112.750     2.2705     2.1925   2.875532   2.872450     2.6737     2.6277      8.140     0.1485     2.0429 1.0790e-01     0.0839    97.9244     7.5228     7.8400    32.1321    32.1729    25.6546    25.6930    7.73201 0.0000e+00
       6584    112.832     2.2547     2.1749   2.875342   2.871190     2.6721     2.6265      8.136     0.1436     2.0429 1.0790e-01     0.0836    97.9331     7.5205     7.8443    32.1457    32.1751    25.6667    25.6961    7.73443 0.0000e+00
       6587    112.915     2.2422     2.1621   2.874531   2.870569     2.6717     2.6265      8.136     0.1436     2.0429 1.0790e-01     0.0839    97.9244     7.5206     7.8496    32.1482    32.1804    25.6696    25.7013    7.73676 0.0000e+00
       6590    112.997     2.2222     2.1555   2.872279   2.870229     2.6721     2.6252      8.136     0.1436     2.0429 1.0790e-01     0.0836    97.9331     7.5270     7.8482    32.1406    32.1827    25.6650    25.7037    7.74111 0.0000e+00
       6593    113.079     2.1959     2.1518   2.870686   2.870037     2.6704     2.6252      8.136     0.1338     1.9245 1.0802e-01     0.0836    97.9331     7.5261     7.8495    32.1475    32.1841    25.6725    25.7051    7.74597 0.0000e+00
       6596    113.158     2.1773     2.1496   2.870280   2.869863     2.6704     2.6252      8.136     0.1192     1.9245 1.0790e-01     0.0843    97.9157     7.5306     7.8504    32.1612    32.1841    25.6848    25.7052    7.74893 0.0000e+00
       6599    113.237     2.1667     2.1464   2.870128   2.869685     2.6692     2.6252      8.136     0.1143     1.9245 1.0790e-01     0.0836    97.9331     7.5282     7.8516    32.1700    32.1851    25.6927    25.7063    7.75058 0.0000e+00
       6602    113.314     2.1605     2.1450   2.869991   2.869625     2.6688     2.6244      8.136     0.1045     1.9245 1.0790e-01     0.0839    97.9244     7.5265     7.8497    32.1745    32.1857    25.6968    25.7068    7.75157 0.0000e+00
       6605    113.391     2.1567     2.1436   2.869900   2.869554     2.6688     2.6240      8.136     0.1143     1.9245 1.0790e-01     0.0839    97.9244     7.5266     7.8488    32.1773    32.1862    25.6993    25.7074    7.75219 0.0000e+00
       6608    113.471     2.1540     2.1449   2.869757   2.869631     2.6676     2.6240      8.131     0.1143     1.9245 1.0790e-01     0.0853    97.8896     7.5217     7.8474    32.1782    32.1858    25.7002    25.7069    7.75268 0.0000e+00
       6611    113.548     2.1511     2.1452   2.869612   2.869638     2.6668     2.6228      8.134     0.1241     1.9245 1.0790e-01     0.0857    97.8809     7.5177     7.8402    32.1792    32.1856    25.7012    25.7067    7.75319 0.0000e+00
       6614    113.626     2.1495     2.1438   2.869610   2.869449     2.6668     2.6224      8.131     0.1143     1.9245 1.0790e-01     0.0853    97.8896     7.5161     7.8363    32.1809    32.1846    25.7026    25.7061    7.75343 0.0000e+00
       6617    113.704     2.1487     2.1398   2.869533   2.869246     2.6656     2.6216      8.131     0.1143     1.9245 1.0790e-01     0.0853    97.8896     7.5108     7.8300    32.1806    32.1861    25.7025    25.7075    7.75360 0.0000e+00
       6620    113.780     2.1473     2.1394   2.869401   2.869279     2.6668     2.6212      8.131     0.1143     2.0034 1.0790e-01     0.0853    97.8896     7.5137     7.8239    32.1804    32.1869    25.7024    25.7082    7.75389 0.0000e+00
       6623    113.855     2.1457     2.1372   2.869285   2.869072     2.6643     2.6208      8.131     0.1143     2.0429 1.0790e-01     0.0853    97.8896     7.5046     7.8181    32.1806    32.1865    25.7026    25.7081    7.75420 0.0000e+00
       6626    113.930     2.1448     2.1349   2.869264   2.868916     2.6635     2.6204      8.131     0.1192     2.0429 1.0790e-01     0.0857    97.8809     7.5000     7.8121    32.1812    32.1869    25.7032    25.7086    7.75435 0.0000e+00
       6629    114.003     2.1429     2.1306   2.869111   2.868583     2.6627     2.6200      8.131     0.1192     2.0429 1.0790e-01     0.0843    97.9157     7.4963     7.8046    32.1811    32.1870    25.7034    25.7089    7.75473 0.0000e+00
       6632    114.076     2.1413     2.1252   2.869009   2.868267     2.6619     2.6191      8.131     0.1143     2.0429 1.0790e-01     0.0843    97.9157     7.4934     7.7968    32.1815    32.1886    25.7037    25.7106    7.75503 0.0000e+00
       6635    114.151     2.1397     2.1210   2.868946   2.868064     2.6615     2.6183      8.131     0.1143     2.0429 1.0790e-01     0.0843    97.9157     7.4919     7.7892    32.1823    32.1903    25.7045    25.7123    7.75531 0.0000e+00
       6638    114.227     2.1387     2.1181   2.868901   2.867906     2.6599     2.6179      8.129     0.1143     2.0429 1.0790e-01     0.0843    97.9157     7.4872     7.7807    32.1826    32.1913    25.7049    25.7133    7.75547 0.0000e+00
       6641    114.302     2.1366     2.1122   2.868600   2.867396     2.6595     2.6171      8.131     0.1094     2.0429 1.0790e-01     0.0839    97.9244     7.4871     7.7729    32.1811    32.1909    25.7038    25.7134    7.75598 0.0000e+00
       6644    114.377     2.1320     2.0987   2.868177   2.866518     2.6591     2.6159      8.131     0.1143     2.0429 1.0790e-01     0.0839    97.9244     7.4885     7.7646    32.1804    32.1936    25.7036    25.7166    7.75693 0.0000e+00
       6647    114.451     2.1269     2.0859   2.867884   2.865721     2.6582     2.6147      8.131     0.1143     2.0429 1.0790e-01     0.0853    97.8896     7.4903     7.7593    32.1819    32.1967    25.7051    25.7200    7.75786 0.0000e+00
       6650    114.524     2.1232     2.0747   2.867770   2.865139     2.6570     2.6134      8.128     0.1192     2.0429 1.0790e-01     0.0864    97.8636     7.4892     7.7560    32.1842    32.2008    25.7073    25.7241    7.75848 0.0000e+00
       6653    114.595     2.1196     2.0668   2.867510   2.864615     2.6566     2.6126      8.129     0.1143     2.0429 1.0790e-01     0.0864    97.8636     7.4905     7.7542    32.1846    32.2023    25.7078    25.7259    7.75917 0.0000e+00
       6656    114.668     2.1136     2.0601   2.866789   2.864257     2.6558     2.6118      8.128     0.1192     2.0429 1.0790e-01     0.0864    97.8636     7.4909     7.7547    32.1817    32.2046    25.7060    25.7282    7.76052 0.0000e+00
       6659    114.739     2.1026     2.0558   2.865793   2.864036     2.6558     2.6102      8.126     0.1143     2.0429 1.0790e-01     0.0864    97.8636     7.4959     7.7543    32.1805    32.2062    25.7058    25.7298    7.76277 0.0000e+00
       6662    114.811     2.0915     2.0521   2.865273   2.863811     2.6546     2.6094      8.127     0.1143     2.0429 1.0790e-01     0.0864    97.8636     7.4956     7.7569    32.1853    32.2071    25.7104    25.7308    7.76473 0.0000e+00
       6665    114.880     2.0834     2.0479   2.864966   2.863494     2.6546     2.6085      8.127     0.1143     2.0034 1.0790e-01     0.0864    97.8636     7.4979     7.7629    32.1897    32.2074    25.7145    25.7313    7.76612 0.0000e+00
       6668    114.948     2.0772     2.0399   2.864769   2.862902     2.6537     2.6077      8.127     0.1143     2.0429 1.0790e-01     0.0860    97.8723     7.4975     7.7702    32.1934    32.2082    25.7180    25.7325    7.76714 0.0000e+00
       6671    115.018     2.0731     2.0305   2.864562   2.862329     2.6533     2.6073      8.127     0.1192     2.0429 1.0790e-01     0.0857    97.8809     7.4993     7.7779    32.1951    32.2105    25.7196    25.7351    7.76789 0.0000e+00
       6674    115.085     2.0677     2.0202   2.864129   2.861521     2.6533     2.6069      8.128     0.1143     2.0429 1.0790e-01     0.0860    97.8723     7.5031     7.7838    32.1951    32.2110    25.7200    25.7362    7.76895 0.0000e+00
       6677    115.154     2.0616     1.9960   2.863719   2.859608     2.6521     2.6057      8.127     0.1143     2.0429 1.0790e-01     0.0864    97.8636     7.5001     7.7893    32.1961    32.2117    25.7213    25.7385    7.77011 0.0000e+00
       6680    115.218     2.0547     1.9556   2.863088   2.856989     2.6521     2.6057      8.127     0.1241     2.0429 1.0790e-01     0.0857    97.8809     7.5010     7.8021    32.1953    32.2202    25.7211    25.7482    7.77153 0.0000e+00
       6683    115.283     2.0452     1.9239   2.862439   2.855353     2.6513     2.6053      8.127     0.1143     2.0429 1.0790e-01     0.0864    97.8636     7.4994     7.8106    32.1968    32.2321    25.7230    25.7600    7.77334 0.0000e+00
       6686    115.346     2.0359     1.9109   2.861825   2.854866     2.6509     2.6045      8.127     0.1192     2.0429 1.0790e-01     0.0860    97.8723     7.5003     7.8116    32.1987    32.2392    25.7252    25.7667    7.77511 0.0000e+00
       6689    115.409     2.0211     1.9058   2.859757   2.854575     2.6501     2.6045      8.127     0.1192     2.0429 1.0790e-01     0.0874    97.8375     7.5023     7.8141    32.1879    32.2407    25.7177    25.7682    7.77862 0.0000e+00
       6692    115.468     1.9886     1.8996   2.856905   2.854271     2.6501     2.6037      8.127     0.1143     2.0429 1.0790e-01     0.0874    97.8375     7.5089     7.8132    32.1854    32.2432    25.7180    25.7706    7.78523 0.0000e+00
       6695    115.527     1.9598     1.8982   2.855910   2.854241     2.6505     2.6033      8.127     0.1192     2.0429 1.0790e-01     0.0874    97.8375     7.5149     7.8140    32.2024    32.2443    25.7336    25.7716    7.79011 0.0000e+00
       6698    115.582     1.9421     1.8975   2.855206   2.854014     2.6497     2.6020      8.127     0.0996     2.0429 1.0790e-01     0.0871    97.8462     7.5142     7.8112    32.2116    32.2422    25.7423    25.7700    7.79317 0.0000e+00
       6701    115.635     1.9293     1.8925   2.854801   2.853781     2.6481     2.6020      8.127     0.0801     2.0429 1.0790e-01     0.0871    97.8462     7.5103     7.8125    32.2195    32.2443    25.7495    25.7720    7.79532 0.0000e+00
       6704    115.689     1.9217     1.8917   2.854735   2.853631     2.6476     2.6012      8.125     0.0947     2.0429 1.0790e-01     0.0871    97.8462     7.5093     7.8105    32.2265    32.2432    25.7556    25.7712    7.79649 0.0000e+00
       6707    115.739     1.9150     1.8860   2.854984   2.853149     2.6472     2.6008      8.127     0.0850     2.0429 1.0790e-01     0.0874    97.8375     7.5094     7.8119    32.2363    32.2430    25.7640    25.7715    7.79730 0.0000e+00
