Datasets/AZMP/COO001/79001087.cnv
* Sea-Bird SBE 9 Data File:
* FileName = C:\CTDDATA\79001087.hex
* Software Version Seasave V 7.26.7.110
* Temperature SN = 5660
* Conductivity SN = 3698
* Number of Bytes Per Scan = 30
* Number of Voltage Words = 4
* Number of Scans Averaged by the Deck Unit = 1
* NMEA baud rate = 9600
** VESSEL/TRIP/SEQ STN:  79001087
** LATITUDE XX XX.XX N:  48 10.15 N
** LONGITUDE XX XX.XX W:  53 43.79 W
** SOUNDING DEPTH (M):  0175
** PROBE TYPE: S1257
** CTD NUMBER: 054
** COMMENTS (14 CHAR): SS-15
** BOTTLES:  0
** LEVELS:
** STICKERS:
** VNET: N
** DO2: N
# nquan = 22
# nvalues = 6616                        
# units = specified
# name 0 = scan: Scan Count
# name 1 = prDM: Pressure, Digiquartz [db]
# name 2 = t090C: Temperature [ITS-90, deg C]
# name 3 = t190C: Temperature, 2 [ITS-90, deg C]
# name 4 = c0S/m: Conductivity [S/m]
# name 5 = c1S/m: Conductivity, 2 [S/m]
# name 6 = sbeox0V: Oxygen raw, SBE 43 [V]
# name 7 = sbeox1V: Oxygen raw, SBE 43, 2 [V]
# name 8 = ph: pH
# name 9 = flECO-AFL: Fluorescence, WET Labs ECO-AFL/FL [mg/m^3]
# name 10 = wetCDOM: Fluorescence, WET Labs CDOM [mg/m^3]
# name 11 = par/sat/log: PAR/Logarithmic, Satlantic [umol photons/m^2/sec]
# name 12 = CStarAt0: Beam Attenuation, WET Labs C-Star [1/m]
# name 13 = CStarTr0: Beam Transmission, WET Labs C-Star [%]
# name 14 = sbeox0ML/L: Oxygen, SBE 43 [ml/l], WS = 2
# name 15 = sbeox1ML/L: Oxygen, SBE 43, 2 [ml/l], WS = 2
# name 16 = sal00: Salinity, Practical [PSU]
# name 17 = sal11: Salinity, Practical, 2 [PSU]
# name 18 = sigma-t00: Density [sigma-t, kg/m^3 ]
# name 19 = sigma-t11: Density, 2 [sigma-t, kg/m^3 ]
# name 20 = oxsatML/L: Oxygen Saturation, Weiss [ml/l]
# name 21 = flag: flag
# span 0 =        237,      22402       
# span 1 =      2.611,    162.428       
# span 2 =     0.2853,     3.4971       
# span 3 =     0.2842,     3.4945       
# span 4 =   2.760771,   2.934740       
# span 5 =   2.760918,   2.934893       
# span 6 =     2.4532,     2.7365       
# span 7 =     2.4218,     2.7047       
# span 8 =      8.058,      8.185       
# span 9 =     0.0215,     0.6955       
# span 10 =     1.7665,     4.5301      
# span 11 = 1.0752e-01, 1.1482e+00      
# span 12 =     0.0860,     0.2863      
# span 13 =    93.0929,    97.8723      
# span 14 =     6.8486,     7.6097      
# span 15 =     7.5421,     7.8985      
# span 16 =    30.9631,    32.7129      
# span 17 =    30.9655,    32.7150      
# span 18 =    24.6411,    26.2462      
# span 19 =    24.6431,    26.2479      
# span 20 =    7.52960,    8.10997      
# span 21 = 0.0000e+00, 0.0000e+00      
# interval = scans: 3                   
# start_time = Dec 02 2019 00:09:11 [System UTC, header]
# bad_flag = -9.990e-29
*END*
[from data line 2700]
       8651    127.880     0.6085     0.5988   2.770795   2.770403     2.5373     2.5056      8.104     0.0508     2.0429 1.0790e-01     0.1357    96.6644     7.4128     7.7445    32.5129    32.5180    26.0680    26.0728    8.05195 0.0000e+00
       8654    127.926     0.6074     0.5970   2.770762   2.770236     2.5369     2.5056      8.104     0.0410     2.0429 1.0790e-01     0.1368    96.6383     7.4120     7.7484    32.5136    32.5177    26.0687    26.0726    8.05215 0.0000e+00
       8657    127.970     0.6064     0.5940   2.770670   2.770053     2.5361     2.5052      8.104     0.0410     2.0429 1.0790e-01     0.1368    96.6383     7.4093     7.7508    32.5134    32.5184    26.0686    26.0733    8.05237 0.0000e+00
       8660    128.016     0.6052     0.5906   2.770586   2.769800     2.5361     2.5044      8.102     0.0410     2.0429 1.0790e-01     0.1368    96.6383     7.4100     7.7496    32.5135    32.5188    26.0688    26.0738    8.05261 0.0000e+00
       8663    128.061     0.6042     0.5835   2.770550   2.769394     2.5365     2.5040      8.099     0.0410     2.0429 1.0790e-01     0.1368    96.6383     7.4109     7.7521    32.5141    32.5210    26.0693    26.0759    8.05280 0.0000e+00
       8666    128.104     0.6034     0.5779   2.770537   2.769350     2.5369     2.5040      8.102     0.0508     2.0429 1.0790e-01     0.1368    96.6383     7.4106     7.7556    32.5148    32.5262    26.0699    26.0804    8.05293 0.0000e+00
       8669    128.147     0.6028     0.5770   2.770467   2.769716     2.5357     2.5044      8.099     0.0557     1.9245 1.0790e-01     0.1368    96.6383     7.4052     7.7600    32.5144    32.5319    26.0696    26.0851    8.05307 0.0000e+00
       8672    128.189     0.6013     0.5763   2.770321   2.769700     2.5349     2.5031      8.099     0.0508     1.9245 1.0790e-01     0.1372    96.6296     7.4047     7.7571    32.5141    32.5324    26.0695    26.0855    8.05341 0.0000e+00
       8675    128.234     0.5998     0.5769   2.770252   2.770049     2.5349     2.5031      8.099     0.0557     1.9245 1.0790e-01     0.1375    96.6209     7.4052     7.7585    32.5148    32.5363    26.0701    26.0887    8.05369 0.0000e+00
       8678    128.280     0.5983     0.5810   2.770218   2.770646     2.5341     2.5031      8.099     0.0606     1.9245 1.0802e-01     0.1375    96.6209     7.4039     7.7591    32.5159    32.5397    26.0710    26.0911    8.05395 0.0000e+00
       8681    128.325     0.5968     0.5823   2.770101   2.770686     2.5345     2.5023      8.099     0.0557     1.9245 1.0790e-01     0.1372    96.6296     7.4048     7.7588    32.5159    32.5388    26.0712    26.0904    8.05427 0.0000e+00
       8684    128.371     0.5953     0.5806   2.769970   2.770436     2.5341     2.5023      8.099     0.0606     1.9245 1.0790e-01     0.1375    96.6209     7.4012     7.7600    32.5158    32.5373    26.0711    26.0893    8.05459 0.0000e+00
       8687    128.415     0.5926     0.5787   2.769715   2.770145     2.5329     2.5023      8.099     0.0557     1.9245 1.0790e-01     0.1372    96.6296     7.3974     7.7607    32.5153    32.5355    26.0709    26.0880    8.05520 0.0000e+00
       8690    128.460     0.5881     0.5793   2.769462   2.770569     2.5321     2.5019      8.099     0.0508     1.9245 1.0790e-01     0.1375    96.6209     7.3946     7.7579    32.5167    32.5404    26.0723    26.0918    8.05607 0.0000e+00
       8693    128.507     0.5838     0.5834   2.769438   2.771131     2.5321     2.5019      8.099     0.0361     1.9245 1.0802e-01     0.1375    96.6209     7.3971     7.7578    32.5209    32.5433    26.0759    26.0939    8.05675 0.0000e+00
       8696    128.551     0.5803     0.5859   2.769400   2.771366     2.5329     2.5019      8.099     0.0410     2.1614 1.0790e-01     0.1372    96.6296     7.4000     7.7599    32.5241    32.5437    26.0787    26.0941    8.05733 0.0000e+00
       8699    128.597     0.5776     0.5865   2.769353   2.771410     2.5325     2.5015      8.099     0.0410     2.1614 1.0790e-01     0.1372    96.6296     7.3983     7.7573    32.5263    32.5436    26.0806    26.0940    8.05778 0.0000e+00
       8702    128.641     0.5755     0.5862   2.769373   2.771320     2.5325     2.5015      8.097     0.0410     2.1614 1.0802e-01     0.1372    96.6296     7.3991     7.7576    32.5288    32.5427    26.0827    26.0933    8.05810 0.0000e+00
       8705    128.686     0.5755     0.5865   2.769880   2.771405     2.5312     2.5007      8.099     0.0459     2.1614 1.0790e-01     0.1372    96.6296     7.3935     7.7533    32.5353    32.5435    26.0879    26.0939    8.05773 0.0000e+00
       8708    128.732     0.5786     0.5866   2.770989   2.771428     2.5304     2.5007      8.096     0.0410     2.1614 1.0790e-01     0.1379    96.6122     7.3913     7.7490    32.5463    32.5436    26.0966    26.0940    8.05646 0.0000e+00
       8711    128.780     0.5838     0.5871   2.771820   2.771483     2.5304     2.5003      8.097     0.0410     2.1614 1.0790e-01     0.1386    96.5949     7.3904     7.7450    32.5517    32.5438    26.1007    26.0942    8.05508 0.0000e+00
       8714    128.824     0.5883     0.5873   2.772240   2.771532     2.5296     2.5003      8.099     0.0410     2.1614 1.0790e-01     0.1389    96.5862     7.3847     7.7447    32.5523    32.5442    26.1009    26.0945    8.05408 0.0000e+00
       8717    128.869     0.5920     0.5877   2.772471   2.771599     2.5300     2.4999      8.096     0.0410     2.1614 1.0802e-01     0.1389    96.5862     7.3832     7.7426    32.5513    32.5446    26.1000    26.0947    8.05335 0.0000e+00
       8720    128.914     0.5943     0.5880   2.772553   2.771630     2.5288     2.5003      8.096     0.0459     2.1219 1.0802e-01     0.1389    96.5862     7.3794     7.7414    32.5500    32.5447    26.0987    26.0948    8.05294 0.0000e+00
       8723    128.959     0.5959     0.5882   2.772571   2.771664     2.5288     2.4995      8.096     0.0410     2.0429 1.0790e-01     0.1389    96.5862     7.3824     7.7380    32.5485    32.5449    26.0975    26.0949    8.05268 0.0000e+00
       8726    129.005     0.5967     0.5885   2.772616   2.771668     2.5288     2.4995      8.094     0.0410     2.0429 1.0790e-01     0.1389    96.5862     7.3855     7.7362    32.5482    32.5446    26.0972    26.0947    8.05252 0.0000e+00
       8729    129.050     0.5972     0.5881   2.772668   2.771632     2.5280     2.4982      8.094     0.0410     2.0429 1.0802e-01     0.1389    96.5862     7.3834     7.7313    32.5484    32.5445    26.0973    26.0946    8.05241 0.0000e+00
       8732    129.096     0.5980     0.5877   2.772833   2.771552     2.5284     2.4982      8.094     0.0410     2.0429 1.0802e-01     0.1407    96.5427     7.3832     7.7300    32.5496    32.5439    26.0982    26.0942    8.05216 0.0000e+00
       8735    129.141     0.5987     0.5880   2.772796   2.771741     2.5276     2.4982      8.096     0.0410     2.0429 1.0790e-01     0.1411    96.5340     7.3805     7.7309    32.5484    32.5460    26.0972    26.0959    8.05210 0.0000e+00
       8738    129.187     0.5985     0.5897   2.772692   2.772031     2.5267     2.4982      8.094     0.0410     2.0429 1.0802e-01     0.1411    96.5340     7.3772     7.7323    32.5472    32.5479    26.0962    26.0973    8.05219 0.0000e+00
       8741    129.231     0.5982     0.5929   2.772724   2.772464     2.5267     2.4978      8.094     0.0410     2.0429 1.0790e-01     0.1415    96.5253     7.3791     7.7312    32.5479    32.5502    26.0968    26.0990    8.05221 0.0000e+00
       8744    129.276     0.5984     0.5961   2.772784   2.772746     2.5276     2.4970      8.094     0.0410     2.0429 1.0790e-01     0.1411    96.5340     7.3830     7.7301    32.5484    32.5503    26.0973    26.0989    8.05215 0.0000e+00
       8747    129.322     0.5980     0.5988   2.772652   2.773079     2.5272     2.4966      8.094     0.0410     2.1219 1.0802e-01     0.1411    96.5340     7.3805     7.7319    32.5471    32.5518    26.0962    26.1000    8.05230 0.0000e+00
       8750    129.365     0.5976     0.6017   2.772587   2.773500     2.5267     2.4966      8.094     0.0410     2.1614 1.0790e-01     0.1411    96.5340     7.3796     7.7353    32.5467    32.5542    26.0959    26.1017    8.05242 0.0000e+00
       8753    129.409     0.5972     0.6042   2.772597   2.773756     2.5251     2.4962      8.094     0.0410     2.1614 1.0790e-01     0.1396    96.5688     7.3726     7.7380    32.5472    32.5548    26.0963    26.1021    8.05247 0.0000e+00
       8756    129.454     0.5972     0.6068   2.772662   2.773925     2.5247     2.4962      8.094     0.0361     2.1614 1.0790e-01     0.1389    96.5862     7.3709     7.7386    32.5480    32.5543    26.0970    26.1015    8.05242 0.0000e+00
       8759    129.499     0.5973     0.6078   2.772679   2.774005     2.5251     2.4962      8.094     0.0410     2.1614 1.0790e-01     0.1389    96.5862     7.3723     7.7421    32.5482    32.5542    26.0971    26.1014    8.05241 0.0000e+00
       8762    129.542     0.5973     0.6084   2.772656   2.774046     2.5251     2.4962      8.094     0.0459     2.1614 1.0790e-01     0.1389    96.5862     7.3720     7.7453    32.5478    32.5541    26.0969    26.1013    8.05242 0.0000e+00
       8765    129.586     0.5972     0.6079   2.772656   2.773904     2.5255     2.4958      8.094     0.0459     2.1614 1.0790e-01     0.1393    96.5775     7.3746     7.7459    32.5478    32.5528    26.0968    26.1003    8.05243 0.0000e+00
       8768    129.632     0.5970     0.6069   2.772660   2.773854     2.5243     2.4958      8.094     0.0410     2.1614 1.0790e-01     0.1389    96.5862     7.3713     7.7470    32.5481    32.5531    26.0971    26.1005    8.05246 0.0000e+00
       8771    129.679     0.5965     0.6074   2.772491   2.773986     2.5239     2.4958      8.094     0.0508     2.1614 1.0790e-01     0.1393    96.5775     7.3738     7.7473    32.5464    32.5543    26.0957    26.1015    8.05267 0.0000e+00
       8774    129.729     0.5952     0.6072   2.772232   2.773868     2.5239     2.4958      8.094     0.0557     2.1614 1.0802e-01     0.1379    96.6122     7.3776     7.7469    32.5444    32.5530    26.0942    26.1004    8.05305 0.0000e+00
       8777    129.778     0.5941     0.6068   2.772172   2.773855     2.5227     2.4958      8.094     0.0557     2.1614 1.0790e-01     0.1379    96.6122     7.3757     7.7469    32.5447    32.5532    26.0945    26.1006    8.05326 0.0000e+00
       8780    129.826     0.5936     0.6069   2.772243   2.773848     2.5231     2.4954      8.094     0.0557     2.1614 1.0790e-01     0.1379    96.6122     7.3761     7.7446    32.5462    32.5530    26.0957    26.1004    8.05330 0.0000e+00
       8783    129.872     0.5937     0.6076   2.772382   2.774062     2.5227     2.4958      8.094     0.0557     2.1614 1.0815e-01     0.1379    96.6122     7.3733     7.7462    32.5478    32.5550    26.0970    26.1020    8.05318 0.0000e+00
       8786    129.918     0.5953     0.6093   2.772879   2.774268     2.5231     2.4950      8.094     0.0557     2.1614 1.0790e-01     0.1379    96.6122     7.3758     7.7412    32.5526    32.5558    26.1008    26.1026    8.05259 0.0000e+00
       8789    129.963     0.5979     0.6098   2.773134   2.774315     2.5231     2.4946      8.094     0.0557     2.1614 1.0790e-01     0.1379    96.6122     7.3783     7.7391    32.5531    32.5559    26.1010    26.1026    8.05200 0.0000e+00
       8792    130.011     0.5993     0.6101   2.773160   2.774335     2.5227     2.4950      8.094     0.0557     2.1614 1.0790e-01     0.1379    96.6122     7.3797     7.7382    32.5519    32.5557    26.1000    26.1025    8.05177 0.0000e+00
       8795    130.058     0.6003     0.6102   2.773126   2.774290     2.5231     2.4946      8.092     0.0557     2.1614 1.0790e-01     0.1368    96.6383     7.3831     7.7353    32.5504    32.5551    26.0987    26.1019    8.05163 0.0000e+00
       8798    130.107     0.5999     0.6095   2.772905   2.774230     2.5227     2.4946      8.094     0.0508     2.1219 1.0790e-01     0.1368    96.6383     7.3843     7.7352    32.5479    32.5550    26.0968    26.1019    8.05185 0.0000e+00
       8801    130.158     0.6005     0.6095   2.773100   2.774276     2.5227     2.4946      8.094     0.0557     2.0429 1.0790e-01     0.1364    96.6470     7.3844     7.7359    32.5499    32.5556    26.0983    26.1023    8.05163 0.0000e+00
       8804    130.205     0.6011     0.6097   2.773210   2.774276     2.5211     2.4946      8.094     0.0606     2.0429 1.0790e-01     0.1368    96.6383     7.3775     7.7352    32.5506    32.5553    26.0988    26.1022    8.05145 0.0000e+00
       8807    130.251     0.6005     0.6100   2.772948   2.774308     2.5219     2.4942      8.094     0.0557     2.0429 1.0790e-01     0.1368    96.6383     7.3802     7.7316    32.5478    32.5554    26.0966    26.1022    8.05174 0.0000e+00
       8810    130.297     0.6001     0.6093   2.773274   2.774138     2.5219     2.4938      8.094     0.0557     2.0429 1.0790e-01     0.1368    96.6383     7.3801     7.7299    32.5524    32.5539    26.1003    26.1011    8.05157 0.0000e+00
       8813    130.342     0.6028     0.6082   2.773894   2.774051     2.5227     2.4938      8.094     0.0557     2.0429 1.0802e-01     0.1368    96.6383     7.3836     7.7278    32.5575    32.5539    26.1043    26.1011    8.05071 0.0000e+00
       8816    130.390     0.6058     0.6086   2.774112   2.774199     2.5219     2.4934      8.094     0.0557     2.0429 1.0790e-01     0.1368    96.6383     7.3784     7.7254    32.5573    32.5554    26.1039    26.1023    8.05010 0.0000e+00
       8819    130.438     0.6076     0.6090   2.774175   2.774237     2.5227     2.4934      8.094     0.0557     2.0429 1.0790e-01     0.1368    96.6383     7.3818     7.7253    32.5561    32.5554    26.1029    26.1023    8.04978 0.0000e+00
       8822    130.486     0.6094     0.6087   2.774321   2.774211     2.5223     2.4934      8.094     0.0508     2.0429 1.0790e-01     0.1364    96.6470     7.3804     7.7233    32.5561    32.5554    26.1028    26.1023    8.04940 0.0000e+00
       8825    130.534     0.6103     0.6087   2.774265   2.774190     2.5215     2.4934      8.094     0.0410     2.0824 1.0790e-01     0.1361    96.6557     7.3787     7.7214    32.5544    32.5551    26.1014    26.1020    8.04931 0.0000e+00
       8828    130.583     0.6104     0.6085   2.774213   2.774224     2.5215     2.4925      8.094     0.0410     2.1614 1.0790e-01     0.1368    96.6383     7.3787     7.7187    32.5536    32.5557    26.1008    26.1026    8.04933 0.0000e+00
       8831    130.631     0.6107     0.6089   2.774322   2.774299     2.5215     2.4921      8.094     0.0410     2.1614 1.0790e-01     0.1361    96.6557     7.3750     7.7185    32.5547    32.5562    26.1016    26.1029    8.04921 0.0000e+00
       8834    130.675     0.6109     0.6090   2.774264   2.774327     2.5223     2.4921      8.094     0.0459     2.1614 1.0790e-01     0.1350    96.6817     7.3783     7.7182    32.5536    32.5564    26.1007    26.1031    8.04921 0.0000e+00
       8837    130.724     0.6109     0.6096   2.774277   2.774408     2.5211     2.4921      8.094     0.0410     2.1614 1.0790e-01     0.1346    96.6904     7.3729     7.7200    32.5538    32.5568    26.1009    26.1034    8.04920 0.0000e+00
       8840    130.771     0.6106     0.6095   2.774157   2.774350     2.5206     2.4921      8.094     0.0410     2.1614 1.0802e-01     0.1346    96.6904     7.3731     7.7215    32.5526    32.5562    26.0999    26.1029    8.04935 0.0000e+00
       8843    130.818     0.6098     0.6093   2.774098   2.774308     2.5215     2.4921      8.092     0.0410     2.1614 1.0815e-01     0.1350    96.6817     7.3756     7.7235    32.5525    32.5559    26.0999    26.1026    8.04950 0.0000e+00
