Datasets/AZMP/COO001/79001128.cnv
* Sea-Bird SBE 9 Data File:
* FileName = C:\CTDDATA\79001128.hex
* Software Version Seasave V 7.26.7.110
* Temperature SN = 5660
* Conductivity SN = 3698
* Number of Bytes Per Scan = 30
* Number of Voltage Words = 4
* Number of Scans Averaged by the Deck Unit = 1
* NMEA baud rate = 9600
** VESSEL/TRIP/SEQ STN:  79001128
** LATITUDE XX XX.XX N:  47 32.80 N
** LONGITUDE XX XX.XX W:  52 35.20 W
** SOUNDING DEPTH (M):  0176
** PROBE TYPE: S1257
** CTD NUMBER: 088
** COMMENTS (14 CHAR): S27-01
** BOTTLES:  20
** LEVELS: 5,5,5,5,10,20,20,20,20,30,40,50,50,50,75,100,100,100,150,BTM
** STICKERS: 437714 - 437733
** VNET: Y
** DO2: N
# nquan = 22
# nvalues = 5728                        
# units = specified
# name 0 = scan: Scan Count
# name 1 = prDM: Pressure, Digiquartz [db]
# name 2 = t090C: Temperature [ITS-90, deg C]
# name 3 = t190C: Temperature, 2 [ITS-90, deg C]
# name 4 = c0S/m: Conductivity [S/m]
# name 5 = c1S/m: Conductivity, 2 [S/m]
# name 6 = sbeox0V: Oxygen raw, SBE 43 [V]
# name 7 = sbeox1V: Oxygen raw, SBE 43, 2 [V]
# name 8 = ph: pH
# name 9 = flECO-AFL: Fluorescence, WET Labs ECO-AFL/FL [mg/m^3]
# name 10 = wetCDOM: Fluorescence, WET Labs CDOM [mg/m^3]
# name 11 = par/sat/log: PAR/Logarithmic, Satlantic [umol photons/m^2/sec]
# name 12 = CStarAt0: Beam Attenuation, WET Labs C-Star [1/m]
# name 13 = CStarTr0: Beam Transmission, WET Labs C-Star [%]
# name 14 = sbeox0ML/L: Oxygen, SBE 43 [ml/l], WS = 2
# name 15 = sbeox1ML/L: Oxygen, SBE 43, 2 [ml/l], WS = 2
# name 16 = sal00: Salinity, Practical [PSU]
# name 17 = sal11: Salinity, Practical, 2 [PSU]
# name 18 = sigma-t00: Density [sigma-t, kg/m^3 ]
# name 19 = sigma-t11: Density, 2 [sigma-t, kg/m^3 ]
# name 20 = oxsatML/L: Oxygen Saturation, Weiss [ml/l]
# name 21 = flag: flag
# span 0 =        151,      58737       
# span 1 =      0.842,    171.426       
# span 2 =    -0.2603,     2.8234       
# span 3 =    -0.2620,     2.8229       
# span 4 =   2.736286,   2.888562       
# span 5 =   2.736349,   2.888647       
# span 6 =     2.3975,     2.7700       
# span 7 =     2.3727,     2.7460       
# span 8 =      8.022,      8.152       
# span 9 =     0.0215,     1.4037       
# span 10 =    -2.8130,   481.7133      
# span 11 = 1.0729e-01, 1.0044e+00      
# span 12 =     0.0704,     0.1556      
# span 13 =    96.1864,    98.2546      
# span 14 =     6.6960,     7.7581      
# span 15 =     7.4791,     8.1712      
# span 16 =    31.7355,    33.0364      
# span 17 =    31.7917,    33.0393      
# span 18 =    25.2949,    26.5326      
# span 19 =    25.3396,    26.5349      
# span 20 =    7.64157,    8.21378      
# span 21 = 0.0000e+00, 0.0000e+00      
# interval = scans: 3                   
# start_time = Dec 10 2019 07:45:54 [System UTC, header]
# bad_flag = -9.990e-29
*END*
[from data line 66]
        845      5.500     2.8032     2.8016   2.886969   2.887096     2.5739     2.7436      8.124     0.5929     2.0429 1.0790e-01     0.1206    97.0293     7.0491     8.1427    31.7963    31.7994    25.3446    25.3472    7.64522 0.0000e+00
        848      5.549     2.8030     2.8018   2.886955   2.887129     2.5751     2.7432      8.124     0.5929     2.0429 1.0790e-01     0.1206    97.0293     7.0538     8.1409    31.7962    31.7996    25.3446    25.3473    7.64525 0.0000e+00
        851      5.601     2.8031     2.8023   2.886949   2.887159     2.5739     2.7436      8.124     0.5929     2.0429 1.0790e-01     0.1210    97.0206     7.0498     8.1407    31.7961    31.7994    25.3445    25.3471    7.64525 0.0000e+00
        854      5.655     2.8026     2.8020   2.886913   2.887148     2.5759     2.7436      8.124     0.5929     2.0429 1.0790e-01     0.1232    96.9685     7.0569     8.1375    31.7961    31.7995    25.3445    25.3473    7.64533 0.0000e+00
        857      5.708     2.8024     2.8017   2.886902   2.887127     2.5763     2.7436      8.124     0.5929     2.0429 1.0790e-01     0.1232    96.9685     7.0559     8.1339    31.7962    31.7995    25.3445    25.3473    7.64538 0.0000e+00
        860      5.765     2.8020     2.8016   2.886916   2.887127     2.5751     2.7436      8.124     0.5881     2.0429 1.0790e-01     0.1228    96.9772     7.0509     8.1327    31.7966    31.7997    25.3450    25.3474    7.64542 0.0000e+00
        863      5.823     2.8019     2.8016   2.886891   2.887134     2.5751     2.7440      8.124     0.5929     2.0429 1.0790e-01     0.1232    96.9685     7.0507     8.1321    31.7965    31.7996    25.3449    25.3474    7.64546 0.0000e+00
        866      5.880     2.8017     2.8015   2.886893   2.887105     2.5759     2.7448      8.124     0.5978     2.0429 1.0790e-01     0.1239    96.9511     7.0516     8.1336    31.7967    31.7994    25.3450    25.3472    7.64549 0.0000e+00
        869      5.935     2.8016     2.8016   2.886887   2.887142     2.5763     2.7448      8.124     0.5881     2.0429 1.0790e-01     0.1232    96.9685     7.0506     8.1350    31.7966    31.7998    25.3449    25.3475    7.64550 0.0000e+00
        872      5.988     2.8016     2.8016   2.886889   2.887127     2.5767     2.7448      8.124     0.5929     2.0429 1.0790e-01     0.1228    96.9772     7.0498     8.1348    31.7967    31.7995    25.3450    25.3473    7.64551 0.0000e+00
        875      6.042     2.8015     2.8016   2.886906   2.887133     2.5767     2.7448      8.124     0.5881     2.0429 1.0790e-01     0.1217    97.0033     7.0473     8.1327    31.7969    31.7995    25.3452    25.3473    7.64551 0.0000e+00
        878      6.094     2.8015     2.8017   2.886922   2.887133     2.5771     2.7444      8.124     0.5685     2.0429 1.0790e-01     0.1217    97.0033     7.0463     8.1291    31.7971    31.7994    25.3453    25.3472    7.64550 0.0000e+00
        881      6.143     2.8018     2.8018   2.886937   2.887135     2.5755     2.7448      8.124     0.5734     2.0429 1.0790e-01     0.1217    97.0033     7.0406     8.1305    31.7970    31.7993    25.3453    25.3471    7.64546 0.0000e+00
        884      6.186     2.8019     2.8022   2.886930   2.887189     2.5767     2.7448      8.124     0.5734     2.0429 1.0790e-01     0.1217    97.0033     7.0423     8.1287    31.7968    31.7996    25.3451    25.3473    7.64545 0.0000e+00
        887      6.225     2.8021     2.8024   2.886947   2.887202     2.5763     2.7448      8.124     0.5734     2.0429 1.0790e-01     0.1217    97.0033     7.0365     8.1282    31.7967    31.7995    25.3450    25.3472    7.64541 0.0000e+00
        890      6.262     2.8023     2.8024   2.886978   2.887200     2.5763     2.7456      8.124     0.5734     2.0429 1.0790e-01     0.1217    97.0033     7.0330     8.1293    31.7969    31.7995    25.3451    25.3472    7.64536 0.0000e+00
        893      6.292     2.8024     2.8024   2.886968   2.887196     2.5755     2.7460      8.124     0.5783     2.0429 1.0790e-01     0.1228    96.9772     7.0277     8.1290    31.7966    31.7994    25.3449    25.3471    7.64535 0.0000e+00
        896      6.314     2.8024     2.8025   2.886968   2.887230     2.5763     2.7452      8.124     0.5783     2.0429 1.0790e-01     0.1228    96.9772     7.0300     8.1239    31.7966    31.7997    25.3449    25.3473    7.64535 0.0000e+00
        950      6.336     2.8029     2.8024   2.887006   2.887199     2.5743     2.7444      8.124     0.5734     1.9640 1.0790e-01     0.1221    96.9946     7.0401     8.0988    31.7965    31.7995    25.3448    25.3472    7.64525 0.0000e+00
        979      6.373     2.8029     2.8020   2.886988   2.887164     2.5739     2.7444      8.124     0.5832     1.9245 1.0765e-01     0.1217    97.0033     7.0489     8.0878    31.7963    31.7994    25.3446    25.3472    7.64527 0.0000e+00
        982      6.423     2.8027     2.8021   2.887000   2.887174     2.5739     2.7436      8.124     0.6271     1.9245 1.0765e-01     0.1217    97.0033     7.0514     8.0824    31.7966    31.7993    25.3449    25.3471    7.64529 0.0000e+00
        985      6.472     2.8028     2.8020   2.887002   2.887185     2.5747     2.7436      8.124     0.6271     1.9245 1.0765e-01     0.1217    97.0033     7.0547     8.0806    31.7966    31.7996    25.3449    25.3473    7.64528 0.0000e+00
        988      6.524     2.8028     2.8023   2.887012   2.887206     2.5739     2.7436      8.124     0.6222     1.9245 1.0752e-01     0.1217    97.0033     7.0519     8.0796    31.7966    31.7995    25.3449    25.3472    7.64527 0.0000e+00
        991      6.581     2.8030     2.8022   2.887012   2.887179     2.5743     2.7424      8.124     0.6271     1.9245 1.0765e-01     0.1217    97.0033     7.0535     8.0760    31.7965    31.7993    25.3448    25.3471    7.64525 0.0000e+00
        994      6.639     2.8030     2.8023   2.887018   2.887185     2.5751     2.7424      8.124     0.6222     1.9245 1.0765e-01     0.1217    97.0033     7.0570     8.0793    31.7965    31.7992    25.3448    25.3470    7.64525 0.0000e+00
        997      6.703     2.8028     2.8021   2.886994   2.887181     2.5755     2.7420      8.124     0.6222     1.9245 1.0790e-01     0.1217    97.0033     7.0577     8.0814    31.7964    31.7993    25.3447    25.3470    7.64530 0.0000e+00
       1000      6.766     2.8028     2.8019   2.887016   2.887190     2.5755     2.7424      8.124     0.6271     1.9245 1.0790e-01     0.1221    96.9946     7.0554     8.0852    31.7965    31.7995    25.3448    25.3473    7.64527 0.0000e+00
       1003      6.833     2.8029     2.8021   2.887039   2.887189     2.5759     2.7420      8.124     0.6271     1.9245 1.0790e-01     0.1224    96.9859     7.0566     8.0882    31.7967    31.7993    25.3449    25.3471    7.64525 0.0000e+00
       1006      6.901     2.8030     2.8024   2.887050   2.887258     2.5763     2.7415      8.124     0.6222     1.9245 1.0790e-01     0.1221    96.9946     7.0578     8.0911    31.7967    31.7999    25.3450    25.3475    7.64524 0.0000e+00
       1009      6.967     2.8030     2.8024   2.887034   2.887227     2.5759     2.7415      8.124     0.6076     1.9245 1.0790e-01     0.1221    96.9946     7.0557     8.0944    31.7965    31.7994    25.3448    25.3472    7.64524 0.0000e+00
       1012      7.036     2.8033     2.8023   2.887021   2.887203     2.5759     2.7411      8.124     0.6027     1.9245 1.0790e-01     0.1224    96.9859     7.0562     8.0960    31.7960    31.7992    25.3444    25.3470    7.64521 0.0000e+00
       1015      7.102     2.8029     2.8021   2.887030   2.887215     2.5771     2.7420      8.124     0.6076     1.9245 1.0790e-01     0.1228    96.9772     7.0606     8.1018    31.7964    31.7995    25.3447    25.3473    7.64526 0.0000e+00
       1018      7.168     2.8030     2.8020   2.887024   2.887196     2.5767     2.7420      8.124     0.6027     1.9245 1.0790e-01     0.1228    96.9772     7.0601     8.1039    31.7963    31.7994    25.3446    25.3471    7.64526 0.0000e+00
       1021      7.234     2.8030     2.8019   2.887034   2.887213     2.5771     2.7415      8.124     0.6125     1.9245 1.0790e-01     0.1228    96.9772     7.0627     8.1035    31.7963    31.7996    25.3446    25.3473    7.64525 0.0000e+00
       1024      7.301     2.8030     2.8019   2.887009   2.887217     2.5759     2.7415      8.124     0.6027     1.9245 1.0790e-01     0.1228    96.9772     7.0599     8.1051    31.7960    31.7996    25.3444    25.3473    7.64526 0.0000e+00
       1027      7.365     2.8030     2.8019   2.887047   2.887194     2.5775     2.7420      8.124     0.6027     1.9245 1.0790e-01     0.1228    96.9772     7.0658     8.1096    31.7964    31.7993    25.3447    25.3471    7.64525 0.0000e+00
       1030      7.430     2.8030     2.8019   2.887036   2.887217     2.5771     2.7420      8.124     0.6125     1.9245 1.0790e-01     0.1228    96.9772     7.0659     8.1120    31.7963    31.7995    25.3446    25.3473    7.64526 0.0000e+00
       1033      7.494     2.8029     2.8021   2.887035   2.887223     2.5775     2.7415      8.124     0.6125     2.0034 1.0790e-01     0.1228    96.9772     7.0690     8.1117    31.7963    31.7994    25.3446    25.3472    7.64527 0.0000e+00
       1036      7.556     2.8029     2.8019   2.887057   2.887225     2.5784     2.7415      8.124     0.6076     2.0429 1.0790e-01     0.1221    96.9946     7.0735     8.1122    31.7966    31.7996    25.3449    25.3474    7.64527 0.0000e+00
       1039      7.617     2.8031     2.8022   2.887047   2.887239     2.5788     2.7411      8.124     0.6027     2.0429 1.0790e-01     0.1217    97.0033     7.0763     8.1080    31.7962    31.7994    25.3446    25.3472    7.64524 0.0000e+00
       1042      7.676     2.8030     2.8023   2.887061   2.887248     2.5792     2.7420      8.124     0.6076     2.0429 1.0790e-01     0.1221    96.9946     7.0793     8.1107    31.7965    31.7994    25.3447    25.3471    7.64525 0.0000e+00
       1045      7.735     2.8030     2.8024   2.887040   2.887248     2.5796     2.7415      8.124     0.6076     2.0429 1.0790e-01     0.1217    97.0033     7.0817     8.1110    31.7961    31.7993    25.3445    25.3471    7.64525 0.0000e+00
       1048      7.790     2.8031     2.8024   2.887058   2.887243     2.5792     2.7420      8.124     0.6125     2.0429 1.0790e-01     0.1221    96.9946     7.0814     8.1111    31.7962    31.7992    25.3446    25.3470    7.64523 0.0000e+00
       1051      7.847     2.8031     2.8021   2.887046   2.887244     2.5800     2.7424      8.124     0.6076     2.0429 1.0790e-01     0.1217    97.0033     7.0841     8.1105    31.7961    31.7995    25.3445    25.3472    7.64525 0.0000e+00
       1054      7.902     2.8031     2.8023   2.887081   2.887238     2.5800     2.7424      8.124     0.6076     2.0429 1.0790e-01     0.1214    97.0120     7.0865     8.1090    31.7964    31.7992    25.3447    25.3470    7.64522 0.0000e+00
       1057      7.956     2.8033     2.8022   2.887072   2.887254     2.5812     2.7424      8.124     0.6076     2.0429 1.0790e-01     0.1196    97.0554     7.0908     8.1074    31.7961    31.7994    25.3445    25.3472    7.64521 0.0000e+00
       1060      8.009     2.8033     2.8022   2.887056   2.887252     2.5812     2.7420      8.124     0.5881     2.0429 1.0790e-01     0.1196    97.0554     7.0910     8.1032    31.7959    31.7994    25.3443    25.3471    7.64522 0.0000e+00
       1063      8.063     2.8031     2.8022   2.887061   2.887273     2.5820     2.7415      8.124     0.5832     2.0429 1.0790e-01     0.1196    97.0554     7.0948     8.0979    31.7961    31.7996    25.3445    25.3473    7.64524 0.0000e+00
       1066      8.116     2.8032     2.8022   2.887075   2.887254     2.5816     2.7415      8.124     0.5783     2.0429 1.0790e-01     0.1196    97.0554     7.0939     8.0932    31.7961    31.7993    25.3445    25.3471    7.64521 0.0000e+00
       1069      8.171     2.8031     2.8023   2.887063   2.887271     2.5824     2.7424      8.124     0.5783     2.0429 1.0777e-01     0.1196    97.0554     7.0967     8.0917    31.7961    31.7994    25.3444    25.3472    7.64524 0.0000e+00
       1072      8.222     2.8031     2.8023   2.887059   2.887273     2.5828     2.7415      8.124     0.5734     2.0429 1.0752e-01     0.1196    97.0554     7.0991     8.0854    31.7961    31.7994    25.3444    25.3472    7.64525 0.0000e+00
       1075      8.275     2.8030     2.8023   2.887075   2.887277     2.5840     2.7411      8.124     0.5783     2.0429 1.0752e-01     0.1213    97.0120     7.1019     8.0824    31.7963    31.7994    25.3446    25.3472    7.64525 0.0000e+00
       1078      8.325     2.8032     2.8024   2.887073   2.887273     2.5845     2.7411      8.124     0.5783     2.0429 1.0765e-01     0.1217    97.0033     7.1023     8.0821    31.7960    31.7993    25.3444    25.3470    7.64523 0.0000e+00
       1081      8.374     2.8030     2.8023   2.887084   2.887283     2.5849     2.7411      8.124     0.5783     2.0429 1.0752e-01     0.1217    97.0033     7.1029     8.0825    31.7963    31.7994    25.3446    25.3472    7.64524 0.0000e+00
       1084      8.423     2.8030     2.8023   2.887072   2.887273     2.5849     2.7411      8.124     0.5832     1.9639 1.0777e-01     0.1217    97.0033     7.1020     8.0836    31.7962    31.7993    25.3446    25.3470    7.64526 0.0000e+00
       1087      8.472     2.8031     2.8023   2.887087   2.887279     2.5853     2.7403      8.124     0.5783     1.8060 1.0752e-01     0.1217    97.0033     7.1020     8.0783    31.7962    31.7993    25.3445    25.3471    7.64523 0.0000e+00
       1090      8.523     2.8031     2.8023   2.887083   2.887270     2.5857     2.7399      8.124     0.5734     1.8060 1.0752e-01     0.1217    97.0033     7.1017     8.0747    31.7962    31.7992    25.3445    25.3470    7.64524 0.0000e+00
       1093      8.572     2.8030     2.8024   2.887096   2.887275     2.5857     2.7399      8.124     0.5832     1.8060 1.0752e-01     0.1221    96.9946     7.1016     8.0752    31.7964    31.7992    25.3447    25.3470    7.64526 0.0000e+00
       1096      8.621     2.8032     2.8022   2.887109   2.887273     2.5869     2.7399      8.124     0.5832     1.8060 1.0752e-01     0.1206    97.0293     7.1056     8.0778    31.7963    31.7993    25.3446    25.3471    7.64521 0.0000e+00
       1099      8.667     2.8032     2.8023   2.887099   2.887279     2.5865     2.7399      8.124     0.5734     1.8060 1.0765e-01     0.1206    97.0293     7.1014     8.0785    31.7962    31.7993    25.3445    25.3470    7.64522 0.0000e+00
       1102      8.710     2.8035     2.8022   2.887125   2.887277     2.5869     2.7395      8.124     0.5832     1.8060 1.0752e-01     0.1206    97.0293     7.1041     8.0761    31.7962    31.7992    25.3445    25.3471    7.64517 0.0000e+00
       1105      8.750     2.8035     2.8020   2.887131   2.887270     2.5873     2.7399      8.124     0.5832     1.8060 1.0752e-01     0.1206    97.0293     7.1051     8.0776    31.7962    31.7994    25.3445    25.3472    7.64515 0.0000e+00
       1108      8.791     2.8036     2.8020   2.887112   2.887257     2.5873     2.7391      8.124     0.5783     1.8060 1.0777e-01     0.1206    97.0293     7.1039     8.0750    31.7959    31.7992    25.3442    25.3470    7.64516 0.0000e+00
       1111      8.829     2.8035     2.8019   2.887130   2.887253     2.5873     2.7387      8.124     0.5636     2.0034 1.0752e-01     0.1203    97.0380     7.1035     8.0742    31.7962    31.7992    25.3445    25.3470    7.64517 0.0000e+00
       1114      8.865     2.8035     2.8021   2.887138   2.887254     2.5885     2.7387      8.124     0.5636     2.1614 1.0752e-01     0.1210    97.0206     7.1065     8.0744    31.7963    31.7990    25.3445    25.3468    7.64516 0.0000e+00
