Datasets/AZMP/COO001/79001082.cnv
* Sea-Bird SBE 9 Data File:
* FileName = C:\CTDDATA\79001082.hex
* Software Version Seasave V 7.26.7.110
* Temperature SN = 5660
* Conductivity SN = 3698
* Number of Bytes Per Scan = 30
* Number of Voltage Words = 4
* Number of Scans Averaged by the Deck Unit = 1
* NMEA baud rate = 9600
** VESSEL/TRIP/SEQ STN:  79001082
** LATITUDE XX XX.XX N:  48 09.50 N
** LONGITUDE XX XX.XX W:  53 43.30 W
** SOUNDING DEPTH (M):  0187
** PROBE TYPE: S1257
** CTD NUMBER: 049
** COMMENTS (14 CHAR): SS-10
** BOTTLES:  0
** LEVELS:
** STICKERS:
** VNET: N
** DO2: N
# nquan = 22
# nvalues = 5622                        
# units = specified
# name 0 = scan: Scan Count
# name 1 = prDM: Pressure, Digiquartz [db]
# name 2 = t090C: Temperature [ITS-90, deg C]
# name 3 = t190C: Temperature, 2 [ITS-90, deg C]
# name 4 = c0S/m: Conductivity [S/m]
# name 5 = c1S/m: Conductivity, 2 [S/m]
# name 6 = sbeox0V: Oxygen raw, SBE 43 [V]
# name 7 = sbeox1V: Oxygen raw, SBE 43, 2 [V]
# name 8 = ph: pH
# name 9 = flECO-AFL: Fluorescence, WET Labs ECO-AFL/FL [mg/m^3]
# name 10 = wetCDOM: Fluorescence, WET Labs CDOM [mg/m^3]
# name 11 = par/sat/log: PAR/Logarithmic, Satlantic [umol photons/m^2/sec]
# name 12 = CStarAt0: Beam Attenuation, WET Labs C-Star [1/m]
# name 13 = CStarTr0: Beam Transmission, WET Labs C-Star [%]
# name 14 = sbeox0ML/L: Oxygen, SBE 43 [ml/l], WS = 2
# name 15 = sbeox1ML/L: Oxygen, SBE 43, 2 [ml/l], WS = 2
# name 16 = sal00: Salinity, Practical [PSU]
# name 17 = sal11: Salinity, Practical, 2 [PSU]
# name 18 = sigma-t00: Density [sigma-t, kg/m^3 ]
# name 19 = sigma-t11: Density, 2 [sigma-t, kg/m^3 ]
# name 20 = oxsatML/L: Oxygen Saturation, Weiss [ml/l]
# name 21 = flag: flag
# span 0 =        349,      18629       
# span 1 =      0.924,    176.474       
# span 2 =     0.2099,     3.5158       
# span 3 =     0.2084,     3.5159       
# span 4 =   2.762950,   2.932813       
# span 5 =   2.763213,   2.932937       
# span 6 =     2.4153,     2.7417       
# span 7 =     2.3835,     2.7051       
# span 8 =      8.050,      8.179       
# span 9 =     0.0215,     0.6564       
# span 10 =    -1.3918,     3.5826      
# span 11 = 1.0728e-01, 1.8675e+00      
# span 12 =     0.0843,     0.1984      
# span 13 =    95.1610,    97.9157      
# span 14 =     6.6947,     7.6585      
# span 15 =     7.4247,     7.9039      
# span 16 =    31.2428,    32.8576      
# span 17 =    31.2456,    32.8622      
# span 18 =    24.8502,    26.3666      
# span 19 =    24.8527,    26.3704      
# span 20 =    7.52407,    8.11980      
# span 21 = 0.0000e+00, 0.0000e+00      
# interval = scans: 3                   
# start_time = Dec 01 2019 20:00:49 [System UTC, header]
# bad_flag = -9.990e-29
*END*
[from data line 5005]
      16771     33.480     3.3817     3.3877   2.926653   2.927169     2.7405     2.7038      8.174     0.4317     2.2798 1.0790e-01     0.1142    97.1858     7.5127     7.8663    31.6905    31.6908    25.2113    25.2109    7.54006 0.0000e+00
      16774     33.416     3.3817     3.3890   2.926628   2.927196     2.7409     2.7038      8.174     0.4220     2.2798 1.0790e-01     0.1142    97.1858     7.5127     7.8697    31.6903    31.6899    25.2111    25.2101    7.54007 0.0000e+00
      16777     33.349     3.3814     3.3905   2.926635   2.927196     2.7409     2.7038      8.174     0.4366     2.2798 1.0790e-01     0.1142    97.1858     7.5113     7.8711    31.6906    31.6885    25.2114    25.2089    7.54010 0.0000e+00
      16780     33.286     3.3816     3.3917   2.926650   2.927203     2.7417     2.7030      8.174     0.4317     2.2798 1.0790e-01     0.1142    97.1858     7.5128     7.8671    31.6907    31.6874    25.2115    25.2079    7.54007 0.0000e+00
      16783     33.221     3.3819     3.3929   2.926613   2.927216     2.7413     2.7030      8.174     0.4317     2.2798 1.0790e-01     0.1142    97.1858     7.5115     7.8658    31.6900    31.6864    25.2109    25.2070    7.54005 0.0000e+00
      16786     33.157     3.3819     3.3940   2.926644   2.927242     2.7409     2.7034      8.174     0.4366     2.2798 1.0790e-01     0.1131    97.2118     7.5090     7.8668    31.6904    31.6857    25.2111    25.2063    7.54002 0.0000e+00
      16789     33.094     3.3822     3.3969   2.926654   2.927315     2.7409     2.7026      8.174     0.4610     2.2798 1.0790e-01     0.1131    97.2118     7.5075     7.8657    31.6902    31.6837    25.2110    25.2045    7.53997 0.0000e+00
      16792     33.029     3.3823     3.4009   2.926670   2.927291     2.7405     2.7026      8.174     0.4806     2.2798 1.0790e-01     0.1131    97.2118     7.5046     7.8653    31.6903    31.6796    25.2110    25.2009    7.53995 0.0000e+00
      16795     32.964     3.3827     3.4046   2.926674   2.927270     2.7409     2.7034      8.176     0.4806     2.2798 1.0790e-01     0.1131    97.2118     7.5047     7.8677    31.6901    31.6758    25.2109    25.1975    7.53990 0.0000e+00
      16798     32.899     3.3827     3.4071   2.926675   2.927279     2.7405     2.7034      8.174     0.4757     2.1614 1.0790e-01     0.1131    97.2118     7.5019     7.8687    31.6901    31.6735    25.2109    25.1955    7.53989 0.0000e+00
      16801     32.834     3.3829     3.4092   2.926668   2.927237     2.7409     2.7034      8.174     0.4806     2.1614 1.0790e-01     0.1131    97.2118     7.5013     7.8697    31.6899    31.6710    25.2106    25.1933    7.53987 0.0000e+00
      16804     32.773     3.3831     3.4105   2.926652   2.927233     2.7409     2.7026      8.174     0.4806     2.1614 1.0790e-01     0.1160    97.1423     7.5010     7.8676    31.6895    31.6697    25.2104    25.1921    7.53985 0.0000e+00
      16807     32.708     3.3834     3.4113   2.926683   2.927216     2.7417     2.7026      8.174     0.4757     2.1614 1.0790e-01     0.1174    97.1075     7.5040     7.8659    31.6896    31.6688    25.2104    25.1913    7.53978 0.0000e+00
      16810     32.643     3.3840     3.4123   2.926694   2.927202     2.7401     2.7030      8.174     0.4806     2.1614 1.0790e-01     0.1174    97.1075     7.4987     7.8673    31.6892    31.6676    25.2100    25.1903    7.53968 0.0000e+00
      16813     32.576     3.3851     3.4128   2.926764   2.927202     2.7405     2.7034      8.174     0.4757     2.1614 1.0790e-01     0.1174    97.1075     7.4988     7.8676    31.6890    31.6672    25.2097    25.1899    7.53949 0.0000e+00
      16816     32.513     3.3866     3.4133   2.926786   2.927199     2.7397     2.7026      8.174     0.4562     2.1614 1.0790e-01     0.1174    97.1075     7.4947     7.8616    31.6878    31.6666    25.2087    25.1894    7.53928 0.0000e+00
      16819     32.449     3.3873     3.4139   2.926811   2.927184     2.7405     2.7026      8.174     0.4513     2.1614 1.0790e-01     0.1174    97.1075     7.4966     7.8583    31.6874    31.6660    25.2083    25.1889    7.53915 0.0000e+00
      16822     32.383     3.3875     3.4145   2.926779   2.927115     2.7397     2.7030      8.174     0.4415     2.1614 1.0790e-01     0.1174    97.1075     7.4937     7.8582    31.6870    31.6646    25.2079    25.1877    7.53915 0.0000e+00
      16825     32.320     3.3872     3.4156   2.926753   2.927085     2.7397     2.7026      8.174     0.4513     2.2798 1.0790e-01     0.1156    97.1510     7.4924     7.8566    31.6869    31.6631    25.2080    25.1864    7.53921 0.0000e+00
      16828     32.254     3.3860     3.4162   2.926678   2.927060     2.7397     2.7026      8.174     0.4464     2.2798 1.0790e-01     0.1149    97.1684     7.4926     7.8553    31.6873    31.6623    25.2083    25.1858    7.53941 0.0000e+00
      16831     32.189     3.3853     3.4168   2.926688   2.926971     2.7401     2.7026      8.174     0.4513     2.2798 1.0790e-01     0.1149    97.1684     7.4958     7.8534    31.6881    31.6607    25.2090    25.1844    7.53950 0.0000e+00
      16834     32.124     3.3857     3.4175   2.926695   2.926949     2.7393     2.7026      8.174     0.4464     2.2798 1.0790e-01     0.1153    97.1597     7.4950     7.8519    31.6878    31.6598    25.2087    25.1837    7.53943 0.0000e+00
      16837     32.061     3.3862     3.4178   2.926730   2.926912     2.7393     2.7022      8.176     0.4513     2.2798 1.0790e-01     0.1153    97.1597     7.4959     7.8525    31.6877    31.6591    25.2087    25.1830    7.53934 0.0000e+00
      16840     31.996     3.3869     3.4187   2.926759   2.926817     2.7389     2.7018      8.174     0.4464     2.2798 1.0790e-01     0.1153    97.1597     7.4931     7.8536    31.6875    31.6571    25.2084    25.1814    7.53923 0.0000e+00
      16843     31.931     3.3878     3.4195   2.926767   2.926789     2.7393     2.7014      8.174     0.4220     2.2798 1.0790e-01     0.1156    97.1510     7.4936     7.8547    31.6867    31.6560    25.2078    25.1804    7.53910 0.0000e+00
      16846     31.866     3.3873     3.4198   2.926731   2.926735     2.7393     2.7014      8.174     0.4415     2.2798 1.0790e-01     0.1189    97.0728     7.4938     7.8582    31.6868    31.6551    25.2078    25.1797    7.53919 0.0000e+00
      16849     31.803     3.3879     3.4201   2.926744   2.926738     2.7380     2.7014      8.174     0.4318     2.2403 1.0790e-01     0.1196    97.0554     7.4886     7.8621    31.6865    31.6548    25.2075    25.1795    7.53910 0.0000e+00
      16852     31.739     3.3889     3.4201   2.926728   2.926735     2.7393     2.7014      8.174     0.4317     2.1614 1.0790e-01     0.1185    97.0815     7.4931     7.8654    31.6853    31.6548    25.2065    25.1794    7.53897 0.0000e+00
      16855     31.675     3.3893     3.4201   2.926754   2.926716     2.7393     2.7014      8.176     0.4220     2.1614 1.0790e-01     0.1192    97.0641     7.4933     7.8690    31.6852    31.6547    25.2064    25.1793    7.53889 0.0000e+00
      16858     31.612     3.3902     3.4200   2.926764   2.926676     2.7393     2.7014      8.176     0.4269     2.1614 1.0790e-01     0.1196    97.0554     7.4933     7.8729    31.6845    31.6544    25.2057    25.1791    7.53876 0.0000e+00
      16861     31.548     3.3910     3.4198   2.926771   2.926638     2.7389     2.7018      8.174     0.4464     2.1614 1.0790e-01     0.1196    97.0554     7.4916     7.8767    31.6838    31.6541    25.2051    25.1789    7.53863 0.0000e+00
      16864     31.482     3.3915     3.4195   2.926751   2.926588     2.7380     2.7022      8.174     0.4366     2.1614 1.0790e-01     0.1189    97.0728     7.4883     7.8797    31.6832    31.6538    25.2046    25.1787    7.53858 0.0000e+00
      16867     31.418     3.3923     3.4194   2.926773   2.926571     2.7380     2.7026      8.174     0.4268     2.1614 1.0790e-01     0.1170    97.1162     7.4888     7.8826    31.6827    31.6537    25.2041    25.1786    7.53845 0.0000e+00
      16870     31.354     3.3943     3.4194   2.926731   2.926570     2.7380     2.7026      8.174     0.4171     2.1614 1.0790e-01     0.1174    97.1075     7.4896     7.8847    31.6802    31.6538    25.2019    25.1787    7.53819 0.0000e+00
      16873     31.289     3.3959     3.4195   2.926758   2.926609     2.7384     2.7026      8.174     0.4171     2.1614 1.0790e-01     0.1174    97.1075     7.4901     7.8858    31.6790    31.6542    25.2008    25.1790    7.53795 0.0000e+00
      16876     31.225     3.3974     3.4197   2.926747   2.926597     2.7380     2.7026      8.174     0.4269     2.2009 1.0790e-01     0.1174    97.1075     7.4895     7.8851    31.6775    31.6539    25.1995    25.1787    7.53775 0.0000e+00
      16879     31.162     3.3983     3.4197   2.926729   2.926592     2.7380     2.7030      8.174     0.4220     2.2798 1.0790e-01     0.1174    97.1075     7.4911     7.8861    31.6764    31.6538    25.1985    25.1787    7.53763 0.0000e+00
      16882     31.098     3.3982     3.4197   2.926711   2.926561     2.7376     2.7026      8.174     0.4122     2.2798 1.0790e-01     0.1174    97.1075     7.4920     7.8836    31.6763    31.6536    25.1985    25.1785    7.53766 0.0000e+00
      16885     31.032     3.3971     3.4197   2.926701   2.926553     2.7380     2.7026      8.174     0.4220     2.2798 1.0790e-01     0.1181    97.0902     7.4954     7.8819    31.6773    31.6535    25.1994    25.1784    7.53782 0.0000e+00
      16888     30.969     3.3969     3.4194   2.926696   2.926455     2.7376     2.7026      8.174     0.4220     2.2798 1.0790e-01     0.1185    97.0815     7.4943     7.8808    31.6774    31.6526    25.1995    25.1777    7.53784 0.0000e+00
      16891     30.906     3.3978     3.4194   2.926687   2.926467     2.7389     2.7034      8.174     0.4171     2.2798 1.0790e-01     0.1185    97.0815     7.4986     7.8831    31.6766    31.6528    25.1987    25.1779    7.53773 0.0000e+00
      16894     30.841     3.3988     3.4194   2.926675   2.926493     2.7376     2.7038      8.174     0.4171     2.2798 1.0790e-01     0.1185    97.0815     7.4940     7.8841    31.6754    31.6531    25.1977    25.1782    7.53759 0.0000e+00
      16897     30.778     3.4001     3.4192   2.926693   2.926474     2.7376     2.7038      8.174     0.4122     2.2798 1.0790e-01     0.1185    97.0815     7.4943     7.8838    31.6744    31.6531    25.1968    25.1782    7.53740 0.0000e+00
      16900     30.712     3.4012     3.4192   2.926670   2.926456     2.7393     2.7034      8.176     0.4220     2.2798 1.0790e-01     0.1185    97.0815     7.4998     7.8819    31.6731    31.6530    25.1957    25.1780    7.53726 0.0000e+00
      16903     30.646     3.4026     3.4191   2.926600   2.926422     2.7380     2.7038      8.174     0.4171     2.1614 1.0790e-01     0.1185    97.0815     7.4947     7.8828    31.6709    31.6526    25.1938    25.1778    7.53710 0.0000e+00
      16906     30.583     3.4042     3.4190   2.926595   2.926412     2.7389     2.7038      8.174     0.4269     2.1614 1.0790e-01     0.1185    97.0815     7.4966     7.8848    31.6693    31.6526    25.1923    25.1778    7.53687 0.0000e+00
      16909     30.520     3.4050     3.4189   2.926626   2.926383     2.7380     2.7038      8.174     0.4171     2.1614 1.0790e-01     0.1185    97.0815     7.4925     7.8822    31.6690    31.6525    25.1920    25.1777    7.53675 0.0000e+00
      16912     30.454     3.4051     3.4190   2.926621   2.926323     2.7380     2.7038      8.174     0.4220     2.1614 1.0790e-01     0.1185    97.0815     7.4918     7.8792    31.6689    31.6517    25.1920    25.1770    7.53674 0.0000e+00
      16915     30.391     3.4045     3.4191   2.926617   2.926292     2.7384     2.7038      8.174     0.4171     2.1614 1.0790e-01     0.1185    97.0815     7.4937     7.8772    31.6693    31.6512    25.1924    25.1767    7.53681 0.0000e+00
      16918     30.327     3.4036     3.4190   2.926617   2.926299     2.7384     2.7038      8.174     0.4171     2.1614 1.0790e-01     0.1185    97.0815     7.4945     7.8774    31.6703    31.6514    25.1932    25.1768    7.53694 0.0000e+00
      16921     30.262     3.4031     3.4191   2.926609   2.926280     2.7384     2.7042      8.174     0.4757     2.1614 1.0790e-01     0.1185    97.0815     7.4917     7.8813    31.6708    31.6512    25.1937    25.1766    7.53702 0.0000e+00
      16924     30.200     3.4034     3.4192   2.926555   2.926269     2.7380     2.7038      8.174     0.4806     2.1614 1.0790e-01     0.1196    97.0554     7.4893     7.8805    31.6698    31.6510    25.1929    25.1765    7.53700 0.0000e+00
      16927     30.134     3.4042     3.4193   2.926547   2.926276     2.7380     2.7047      8.174     0.4757     2.1614 1.0790e-01     0.1239    96.9511     7.4900     7.8837    31.6690    31.6510    25.1921    25.1765    7.53689 0.0000e+00
      16930     30.071     3.4054     3.4196   2.926499   2.926213     2.7380     2.7047      8.176     0.4757     2.2798 1.0790e-01     0.1239    96.9511     7.4900     7.8824    31.6673    31.6500    25.1907    25.1757    7.53676 0.0000e+00
      16933     30.007     3.4070     3.4195   2.926463   2.926189     2.7380     2.7038      8.174     0.4806     2.2798 1.0790e-01     0.1239    96.9511     7.4893     7.8779    31.6653    31.6498    25.1889    25.1755    7.53655 0.0000e+00
      16936     29.943     3.4080     3.4197   2.926427   2.926165     2.7384     2.7042      8.174     0.4708     2.2798 1.0790e-01     0.1239    96.9511     7.4889     7.8778    31.6639    31.6494    25.1877    25.1752    7.53642 0.0000e+00
      16939     29.880     3.4093     3.4198   2.926439   2.926159     2.7389     2.7042      8.174     0.4806     2.2798 1.0790e-01     0.1239    96.9511     7.4892     7.8748    31.6629    31.6493    25.1868    25.1751    7.53624 0.0000e+00
      16942     29.818     3.4098     3.4197   2.926469   2.926137     2.7380     2.7047      8.174     0.4708     2.2798 1.0790e-01     0.1239    96.9511     7.4865     7.8735    31.6627    31.6491    25.1866    25.1749    7.53615 0.0000e+00
      16945     29.753     3.4097     3.4199   2.926468   2.926128     2.7372     2.7051      8.174     0.4757     2.2798 1.0790e-01     0.1224    96.9859     7.4852     7.8721    31.6628    31.6489    25.1868    25.1747    7.53616 0.0000e+00
      16948     29.690     3.4096     3.4199   2.926437   2.926147     2.7376     2.7047      8.174     0.5050     2.2798 1.0790e-01     0.1199    97.0467     7.4870     7.8709    31.6626    31.6491    25.1865    25.1749    7.53619 0.0000e+00
      16951     29.625     3.4095     3.4200   2.926478   2.926127     2.7384     2.7051      8.174     0.4904     2.2798 1.0790e-01     0.1196    97.0554     7.4881     7.8702    31.6633    31.6488    25.1871    25.1747    7.53619 0.0000e+00
      16954     29.561     3.4094     3.4200   2.926465   2.926126     2.7376     2.7038      8.174     0.5002     2.2798 1.0790e-01     0.1196    97.0554     7.4841     7.8660    31.6633    31.6488    25.1871    25.1747    7.53621 0.0000e+00
      16957     29.498     3.4092     3.4198   2.926415   2.926113     2.7372     2.7047      8.174     0.4953     2.2798 1.0790e-01     0.1196    97.0554     7.4826     7.8678    31.6628    31.6489    25.1868    25.1748    7.53626 0.0000e+00
      16960     29.436     3.4095     3.4199   2.926375   2.926109     2.7372     2.7038      8.174     0.4855     2.2798 1.0790e-01     0.1196    97.0554     7.4831     7.8623    31.6621    31.6488    25.1861    25.1747    7.53624 0.0000e+00
